0.999995 -0.00159697 -0.00171076 -0.000562325 0.00159473 1 -0.00112323 -0.00647521 0.00171196 0.00112033 0.999999 0.592186
0.999995 -0.00182066 -0.00279829 -0.00400111 0.00181334 0.999995 -0.00259327 -0.0205056 0.00280298 0.00258818 0.999993 1.15137
0.999981 -0.0022222 -0.00540558 0.00421937 0.00219775 0.999992 -0.00445455 -0.0224395 0.00541469 0.00444241 0.999977 1.73402
0.999963 -0.00392896 -0.00768373 0.00577248 0.00387687 0.999969 -0.00675976 -0.0248272 0.00771002 0.00672969 0.999948 2.34077
0.999939 -0.0064368 -0.00870255 -0.016609 0.00635933 0.999946 -0.00884288 -0.0350167 0.00875825 0.00878673 0.999924 2.92006
0.999929 -0.00750253 -0.00928179 -0.0486577 0.00741263 0.999926 -0.00966654 -0.0434962 0.00935355 0.00959704 0.999911 3.50674
0.999929 -0.00755599 -0.00899036 -0.1058 0.00747139 0.999933 -0.00935241 -0.0556186 0.00905967 0.00928428 0.999917 4.10879
0.999934 -0.00795133 -0.00830448 -0.161115 0.00786936 0.999921 -0.00983565 -0.0719683 0.00838194 0.00976967 0.999918 4.70217
0.999944 -0.00685901 -0.00776116 -0.20999 0.00675897 0.9999 -0.0127792 -0.0866098 0.00784731 0.0127257 0.999889 5.30188
0.999956 -0.0051587 -0.00784389 -0.250889 0.00502646 0.999846 -0.016761 -0.0988411 0.00792905 0.0167208 0.999828 5.91264
0.999963 -0.00371892 -0.00745906 -0.300869 0.00356389 0.999786 -0.0206252 -0.113774 0.00753341 0.0205976 0.99976 6.54145
0.999975 -0.00162991 -0.00693488 -0.350864 0.00148591 0.999785 -0.0206804 -0.129315 0.00696693 0.0206695 0.999762 7.18484
0.999977 0.000925183 -0.00635501 -0.396027 -0.00101433 0.999907 -0.0139673 -0.142814 0.00634075 0.0139731 0.999883 7.83506
0.999974 0.0017235 -0.00700314 -0.399708 -0.00174992 0.999991 -0.00371588 -0.153309 0.00699645 0.00372813 0.999968 8.47334
0.999963 0.00302264 -0.00766691 -0.401454 -0.00300375 0.999997 0.00253211 -0.161657 0.00767378 -0.00250935 0.999968 9.12865
0.999948 0.00517649 -0.00884276 -0.415534 -0.00516431 0.999985 0.00145743 -0.175951 0.00884982 -0.00141163 0.999959 9.82782
0.999923 0.00753368 -0.00961177 -0.427831 -0.00758386 0.999964 -0.00515181 -0.195106 0.00957179 0.005224 0.999941 10.5207
0.999902 0.00708813 -0.0121914 -0.415164 -0.00722814 0.999908 -0.011434 -0.19121 0.0121088 0.0115209 0.99986 11.2453
0.999894 0.00517353 -0.0133914 -0.418048 -0.00531209 0.999938 -0.0102995 -0.194358 0.0133364 0.0103692 0.999858 11.9903
0.99989 0.00416567 -0.0144216 -0.41246 -0.00419202 0.999988 -0.00176234 -0.196695 0.0144137 0.00182251 0.999893 12.7475
0.999862 0.00376183 -0.0159878 -0.409007 -0.00368254 0.999986 0.00501308 -0.196652 0.0160054 -0.00495386 0.999861 13.5394
0.999848 0.00278974 -0.0173278 -0.406633 -0.00267036 0.999971 0.0069367 -0.195524 0.0173462 -0.00688943 0.999825 14.3302
0.999836 0.000949236 -0.0179322 -0.408029 -0.000847431 0.999989 0.00570778 -0.197715 0.0179364 -0.00569197 0.999824 15.13
0.999847 0.000248318 -0.0176087 -0.412906 -0.000186395 0.999992 0.0035419 -0.202491 0.017609 -0.00353813 0.999838 15.9388
0.999856 0.00290752 -0.0165456 -0.442107 -0.0029042 1 0.000252617 -0.211196 0.0165452 -0.000204833 0.999865 16.7977
0.999892 -0.00019152 -0.0149029 -0.467577 0.000109953 0.999984 -0.005457 -0.219271 0.0149033 0.00545469 0.999874 17.6662
0.999888 -0.00323578 -0.0143917 -0.476866 0.00306363 0.99993 -0.0119405 -0.229935 0.0144281 0.0118949 0.999827 18.5504
0.999908 -0.00233435 -0.0135997 -0.493095 0.00209935 0.999847 -0.0172522 -0.244771 0.0136373 0.0172219 0.999758 19.4724
0.999906 -0.00115814 -0.0134427 -0.510009 0.000910948 0.999836 -0.0183473 -0.262576 0.0134606 0.0183331 0.999743 20.3949
0.999919 -0.00116872 -0.012891 -0.535209 0.000935483 0.999835 -0.0180652 -0.284048 0.0129094 0.0180515 0.999754 21.3249
0.999928 0.000312033 -0.0117735 -0.565185 -0.000541453 0.999816 -0.0194519 -0.312632 0.0117642 0.0194567 0.999743 22.261
0.999931 0.00309783 -0.0116987 -0.582806 -0.0033495 0.999761 -0.0215256 -0.339038 0.0116286 0.021563 0.9997 23.2151
0.999906 0.00648759 -0.0119342 -0.601605 -0.00675222 0.999735 -0.0222458 -0.368635 0.0117855 0.022324 0.999684 24.1923
0.999896 0.0081409 -0.0123134 -0.613526 -0.00841409 0.999715 -0.0222708 -0.399357 0.012128 0.0223718 0.999677 25.1527
0.999882 0.00907626 -0.0122876 -0.636313 -0.00934847 0.999714 -0.0222682 -0.434411 0.0120807 0.0223802 0.999679 26.1363
0.999884 0.00920681 -0.0125161 -0.651053 -0.00948109 0.999712 -0.0220088 -0.471431 0.0123093 0.0221247 0.99968 27.1362
0.999859 0.0103919 -0.0130668 -0.669755 -0.0106623 0.999733 -0.0207856 -0.507234 0.0128461 0.0209217 0.999701 28.138
0.999851 0.0108669 -0.0137707 -0.685126 -0.0111259 0.999759 -0.0188543 -0.539966 0.0135619 0.0190045 0.999728 29.1446
0.999832 0.0109039 -0.0146403 -0.69669 -0.0111622 0.999787 -0.017665 -0.572675 0.0144434 0.0178251 0.999739 30.1609
0.999834 0.0105601 -0.0151334 -0.712631 -0.0108466 0.999761 -0.0189592 -0.603484 0.0149289 0.0191199 0.999707 31.1959
0.999807 0.0117758 -0.0156502 -0.729351 -0.0120887 0.999731 -0.0200406 -0.635095 0.0154087 0.0202256 0.999679 32.2336
0.999807 0.011271 -0.0163781 -0.749077 -0.0115852 0.999748 -0.0192037 -0.666178 0.0161569 0.0193895 0.999683 33.2764
0.999806 0.0109068 -0.0163289 -0.778899 -0.0111794 0.999803 -0.0166848 -0.696388 0.0161424 0.0168638 0.99973 34.3248
0.999805 0.011074 -0.0166545 -0.80502 -0.0112931 0.99985 -0.013102 -0.725503 0.0165063 0.0132873 0.999777 35.3916
0.999801 0.0115052 -0.0162053 -0.847732 -0.0116756 0.999882 -0.010454 -0.75815 0.0160819 0.0106408 0.999816 36.4601
0.999815 0.0114475 -0.0157824 -0.888937 -0.0116 0.999886 -0.00958756 -0.789438 0.0156702 0.00976871 0.999831 37.5051
0.999819 0.0114215 -0.0151667 -0.933642 -0.0115934 0.999875 -0.0112865 -0.813048 0.0150346 0.0114599 0.999825 38.5894
0.999815 0.0119592 -0.0154507 -0.963688 -0.0121437 0.999855 -0.011876 -0.838756 0.0153059 0.0120613 0.999812 39.6824
0.999793 0.0118058 -0.0165195 -0.982123 -0.011984 0.999877 -0.0107213 -0.867448 0.0163895 0.0109166 0.99981 40.7756
0.999783 0.0119513 -0.0173692 -1.00852 -0.0121061 0.999887 -0.00881079 -0.894961 0.0172614 0.00901904 0.999811 41.868
0.999756 0.0123096 -0.0183452 -1.03134 -0.012431 0.999907 -0.00651034 -0.920638 0.018262 0.00673635 0.999816 42.95
0.999726 0.0136654 -0.019276 -1.05458 -0.0137972 0.999882 -0.00669586 -0.948018 0.0191817 0.00695985 0.999793 44.0404
0.999687 0.0151654 -0.0198927 -1.07532 -0.0153732 0.999834 -0.010332 -0.980963 0.0197314 0.0106342 0.999754 45.146
0.999674 0.0163501 -0.019909 -1.1049 -0.0166242 0.999768 -0.0136518 -1.01819 0.0196807 0.0139782 0.99971 46.237
0.999684 0.0167615 -0.0187643 -1.14998 -0.0170238 0.999764 -0.013902 -1.05123 0.0185255 0.0142166 0.999733 47.3111
0.999712 0.0175209 -0.0167464 -1.20492 -0.017712 0.999778 -0.0112986 -1.08202 0.0165441 0.0115918 0.999797 48.3912
0.999716 0.0181487 -0.0155519 -1.24491 -0.0182922 0.999797 -0.0091225 -1.11399 0.0153819 0.0094039 0.999843 49.485
0.999769 0.0163433 -0.0143984 -1.28678 -0.0164516 0.999836 -0.00739818 -1.14549 0.0142745 0.00763313 0.99987 50.5666
0.999787 0.016106 -0.0130226 -1.31691 -0.0162088 0.999844 -0.00781692 -1.17947 0.0128933 0.00802584 0.99989 51.6617
0.999817 0.0151599 -0.0122183 -1.33455 -0.0152703 0.999843 -0.00896045 -1.21397 0.0120798 0.00914519 0.999887 52.7311
0.999829 0.0152233 -0.0106562 -1.38321 -0.0153409 0.999827 -0.0110267 -1.24204 0.0104852 0.0111878 0.999889 53.8456
0.999855 0.0141104 -0.0102639 -1.38459 -0.0142474 0.99981 -0.0133598 -1.27597 0.0100726 0.0135039 0.99986 54.8816
0.999864 0.0130137 -0.010328 -1.38833 -0.0131811 0.999786 -0.0162871 -1.31647 0.0101125 0.0164206 0.99982 55.9517
0.999885 0.0111556 -0.0108504 -1.38912 -0.0113495 0.999776 -0.0179329 -1.3541 0.0106471 0.0180537 0.999783 57.0477
0.999892 0.00946439 -0.0113779 -1.39066 -0.0096421 0.999836 -0.0156619 -1.38951 0.0112263 0.0157695 0.999819 58.1434
0.999909 0.00781276 -0.0116435 -1.39524 -0.00792839 0.999921 -0.00988226 -1.41993 0.0115644 0.00997339 0.999886 59.2477
0.999914 0.00598468 -0.0117902 -1.40057 -0.00602926 0.99998 -0.00373232 -1.44856 0.0117661 0.00380272 0.99993 60.3249
0.999931 0.00439046 -0.0115887 -1.42241 -0.00442309 0.999987 -0.00276432 -1.47785 0.0115755 0.00281519 0.999931 61.4377
0.999942 0.000603161 -0.0109291 -1.43439 -0.000662375 0.99999 -0.00538125 -1.50226 0.0109241 0.00538785 0.999933 62.5182
0.999962 -0.000719196 -0.00947736 -1.47116 0.000643054 0.999969 -0.00799938 -1.53154 0.00948188 0.00799277 0.999926 63.5891
0.999948 0.000911001 -0.0104306 -1.47458 -0.0010346 0.999935 -0.0118166 -1.56038 0.0104175 0.0118265 0.999884 64.6929
0.999964 0.000939489 -0.00938651 -1.51066 -0.00108693 0.999878 -0.015695 -1.59117 0.00936973 0.0157044 0.999837 65.7617
0.999966 0.00410414 -0.00756973 -1.55027 -0.00423171 0.999855 -0.0168701 -1.61489 0.00749763 0.0169013 0.999838 66.8454
0.999956 0.00778413 -0.00670051 -1.56847 -0.00787466 0.99988 -0.0135562 -1.64433 0.00659319 0.0136081 0.999892 67.9673
0.999941 0.00955194 -0.00562946 -1.60392 -0.00961533 0.999896 -0.0112963 -1.67736 0.00551922 0.0113495 0.999931 69.0682
0.999952 0.00891964 -0.00587788 -1.61285 -0.00898493 0.999901 -0.0111288 -1.69876 0.00577707 0.0111808 0.999927 70.174
0.999965 0.0070166 -0.00517946 -1.63816 -0.00707126 0.999926 -0.0105519 -1.72494 0.00510328 0.0105878 0.999942 71.2688
0.999983 0.00625882 -0.00371732 -1.66296 -0.00629571 0.999934 -0.00992849 -1.74696 0.0036539 0.00995151 0.99995 72.353
0.999988 0.00399949 -0.0036882 -1.67508 -0.00403025 0.999964 -0.00827462 -1.76765 0.00365322 0.00828904 0.99997 73.4488
1 0.00279746 -0.00242394 -1.70841 -0.00281533 0.999973 -0.00724159 -1.78597 0.00240257 0.00724828 0.999978 74.5339
1 0.00224379 -0.000791826 -1.74205 -0.00225122 0.999963 -0.00897969 -1.81164 0.000769942 0.00898116 0.999971 75.6101
1 0.00248385 -0.00306152 -1.72987 -0.00252377 0.999917 -0.012936 -1.83857 0.00302813 0.0129435 0.999918 76.7429
0.99999 0.00296094 -0.00411696 -1.73216 -0.00302272 0.999889 -0.0150002 -1.87092 0.00407034 0.0150121 0.999891 77.8148
0.999991 0.00435411 -0.00425602 -1.75056 -0.00441178 0.999902 -0.0135029 -1.90081 0.00419584 0.0135213 0.999906 78.8736
0.999974 0.00518432 -0.00557599 -1.75179 -0.00523744 0.999947 -0.00949065 -1.92981 0.00552462 0.0095194 0.999951 79.9558
0.999968 0.00633934 -0.00646008 -1.76547 -0.00637602 0.999967 -0.00558879 -1.95784 0.00642355 0.00562955 0.999969 81.0291
0.999957 0.00740288 -0.00613769 -1.79691 -0.00743325 0.999967 -0.00488803 -1.98569 0.0060995 0.00493319 0.999981 82.1182
0.999964 0.00745541 -0.00588007 -1.82495 -0.00749631 0.999952 -0.00687275 -2.01284 0.00582765 0.00691635 0.999965 83.2033
0.999962 0.0072637 -0.00549537 -1.85581 -0.00730556 0.999951 -0.00756038 -2.03911 0.00543841 0.00760004 0.999968 84.2548
0.999975 0.00660384 -0.00505254 -1.88605 -0.00664448 0.99995 -0.00796403 -2.06296 0.00499879 0.00799721 0.999962 85.308
0.999974 0.00590591 -0.00482493 -1.91036 -0.00594394 0.999958 -0.00781611 -2.09019 0.0047768 0.00784446 0.999969 86.355
0.99999 0.00457999 -0.00407396 -1.94577 -0.004608 0.99997 -0.00676657 -2.11324 0.00404199 0.00678511 0.999975 87.3788
0.999986 0.00437184 -0.00377453 -1.97068 -0.00438974 0.999985 -0.00464243 -2.1318 0.00375239 0.00465881 0.999994 88.3825
0.999995 0.00342333 -0.0039226 -1.99358 -0.00343968 0.99999 -0.00405025 -2.15342 0.00390783 0.00406356 0.99999 89.3739
0.999986 0.00242441 -0.00530934 -2.01582 -0.00244685 0.999994 -0.00413967 -2.17407 0.00529744 0.00415248 0.999989 90.3426
0.999975 0.00149871 -0.00807318 -2.03743 -0.00154175 0.999989 -0.00527144 -2.19718 0.00806431 0.00528369 0.99996 91.304
0.999943 0.00180569 -0.0107508 -2.0646 -0.00187456 0.999983 -0.00635773 -2.22099 0.0107373 0.00637742 0.999933 92.2364
0.999925 0.00146518 -0.0128359 -2.09933 -0.00154337 0.999985 -0.0060533 -2.24626 0.012826 0.00607256 0.999906 93.1297
0.999888 0.00256061 -0.0149641 -2.13453 -0.00263687 0.999989 -0.00504374 -2.26998 0.0149491 0.00508251 0.999886 94.014
0.999861 0.0035191 -0.0168478 -2.17573 -0.00358755 0.99999 -0.0040103 -2.29344 0.0168327 0.00407004 0.999857 94.8666
0.999817 0.00455098 -0.0187487 -2.21302 -0.00459849 0.999991 -0.00246484 -2.31658 0.0187354 0.00255041 0.999833 95.6799
0.999778 0.00608683 -0.0206294 -2.25129 -0.00611982 0.999985 -0.00151117 -2.33747 0.0206191 0.001637 0.999793 96.4756
0.999705 0.00806312 -0.0230337 -2.27942 -0.00808651 0.999972 -0.000905302 -2.36158 0.0230239 0.00109106 0.999747 97.2425
0.999632 0.0103066 -0.0254907 -2.30932 -0.0103616 0.999949 -0.00200953 -2.38554 0.025468 0.00227286 0.99968 97.9874
0.999553 0.01204 -0.0274643 -2.34702 -0.0122066 0.999914 -0.0058926 -2.40363 0.027389 0.00622491 0.999619 98.6854
0.999458 0.0148783 -0.0296818 -2.38534 -0.0151703 0.999843 -0.00961967 -2.42478 0.0295333 0.0100647 0.999521 99.3659
0.999373 0.0165183 -0.0314231 -2.42582 -0.016916 0.999786 -0.0124212 -2.44008 0.0312091 0.0129446 0.999442 100.037
0.999308 0.0187416 -0.0324129 -2.45338 -0.0191804 0.999732 -0.0132652 -2.46471 0.0321549 0.0138776 0.999394 100.667
0.999267 0.0211374 -0.032012 -2.47126 -0.0215563 0.999692 -0.0127875 -2.48824 0.0317298 0.0134679 0.999419 101.281
0.999261 0.0250123 -0.0294878 -2.48977 -0.0253573 0.999619 -0.0113689 -2.5102 0.0291914 0.0121081 0.999508 101.881
0.99932 0.0274486 -0.0247222 -2.49597 -0.0277079 0.999571 -0.0101971 -2.52927 0.0244298 0.0108749 0.999655 102.458
0.999423 0.0282815 -0.0193008 -2.4663 -0.0284466 0.999565 -0.00830901 -2.54817 0.0190565 0.00885309 0.999786 103.002
0.999557 0.0279328 -0.0104913 -2.44974 -0.0280005 0.999594 -0.00632577 -2.55974 0.0103086 0.00661645 0.999937 103.52
0.999628 0.0276137 0.000366407 -2.42663 -0.0276118 0.999607 -0.00560138 -2.56945 -0.000521949 0.00558902 0.999991 104.016
0.999559 0.026854 0.012911 -2.39398 -0.0267772 0.999628 -0.00611864 -2.57696 -0.0130721 0.00576992 0.99991 104.505
0.999292 0.0267498 0.0268014 -2.34778 -0.0265462 0.99962 -0.00794525 -2.57998 -0.0270049 0.00722794 0.999616 104.975
0.99875 0.0257318 0.0429391 -2.28291 -0.0252303 0.999613 -0.0121894 -2.58192 -0.0432373 0.0110904 0.999016 105.411
0.997728 0.0256526 0.0624486 -2.20784 -0.0245954 0.999546 -0.0176484 -2.58535 -0.0628744 0.0160721 0.997899 105.833
0.996103 0.0238202 0.0849584 -2.1223 -0.0219089 0.999492 -0.0233629 -2.58862 -0.0854726 0.0214102 0.996123 106.239
0.993652 0.0216781 0.110471 -2.02178 -0.0187226 0.999444 -0.027727 -2.58755 -0.111012 0.0254824 0.993499 106.66
0.990182 0.0193387 0.13846 -1.90775 -0.0152878 0.99943 -0.0302636 -2.59084 -0.138966 0.0278494 0.989917 107.056
0.985462 0.0173694 0.169056 -1.78026 -0.0118896 0.999376 -0.0333761 -2.59469 -0.169532 0.0308807 0.985048 107.446
0.979125 0.0150709 0.202715 -1.64 -0.00788065 0.999317 -0.0362328 -2.59932 -0.203122 0.0338786 0.978579 107.828
0.97088 0.0126652 0.239264 -1.47706 -0.00367192 0.999276 -0.037998 -2.60644 -0.239575 0.0360128 0.970217 108.222
0.960529 0.0110787 0.277969 -1.31079 0.000172737 0.999188 -0.0404224 -2.61224 -0.278191 0.0388747 0.959751 108.597
0.948035 0.0122706 0.317956 -1.13472 0.00142114 0.999088 -0.042796 -2.62032 -0.318194 0.0410238 0.947146 108.956
0.932665 0.0145962 0.360459 -0.949285 0.00154215 0.999016 -0.0444453 -2.62912 -0.360752 0.0420082 0.931727 109.297
0.914883 0.0147157 0.403471 -0.754684 0.00336082 0.999029 -0.0440591 -2.63858 -0.40373 0.0416647 0.913938 109.616
0.894824 0.0142408 0.446201 -0.543824 0.00576563 0.999044 -0.043449 -2.64939 -0.446391 0.0414514 0.89389 109.923
0.871291 0.0127139 0.490618 -0.336838 0.00993157 0.999008 -0.0435265 -2.67324 -0.490688 0.0427966 0.870294 110.223
0.845402 0.0126525 0.53399 -0.117301 0.0133326 0.998914 -0.0447776 -2.70139 -0.533973 0.0449741 0.844317 110.521
0.817145 0.0148205 0.576256 0.111078 0.0151307 0.998779 -0.0471435 -2.7306 -0.576254 0.0472419 0.815917 110.8
0.785898 0.0191546 0.618068 0.354953 0.0150832 0.998635 -0.0501288 -2.76067 -0.61818 0.0487181 0.784539 111.067
0.751316 0.0254635 0.659462 0.611722 0.0129506 0.998498 -0.0533095 -2.78012 -0.659833 0.0485924 0.749852 111.325
0.714691 0.0302179 0.698797 0.900472 0.0114675 0.998432 -0.0549042 -2.8023 -0.699355 0.0472526 0.713225 111.556
0.675706 0.0303842 0.736553 1.20318 0.0147837 0.998395 -0.0547484 -2.82451 -0.737039 0.0478824 0.674168 111.77
0.635632 0.0277609 0.771502 1.53445 0.020589 0.998394 -0.0528889 -2.8382 -0.771727 0.0495019 0.63404 111.967
0.592507 0.0260276 0.805152 1.8714 0.023298 0.99851 -0.0494234 -2.8516 -0.805243 0.0480418 0.591014 112.147
0.547223 0.0246582 0.836632 2.22162 0.0255427 0.998614 -0.0461401 -2.86451 -0.836605 0.0466183 0.545836 112.314
0.50022 0.0225103 0.865612 2.58712 0.0284797 0.998698 -0.0424294 -2.87764 -0.865445 0.045876 0.498923 112.468
0.450165 0.0183753 0.892766 2.97036 0.0322194 0.998809 -0.0368049 -2.9024 -0.892372 0.0453321 0.449037 112.605
0.398842 0.01869 0.916835 3.35441 0.0306271 0.998967 -0.0336882 -2.92014 -0.916521 0.0415159 0.397855 112.734
0.347916 0.0235355 0.937239 3.74974 0.0283499 0.998969 -0.0356103 -2.93769 -0.937105 0.0389596 0.34689 112.846
0.298659 0.0290555 0.953924 4.16314 0.0285663 0.998821 -0.0393673 -2.94697 -0.953946 0.039007 0.297474 112.932
0.25303 0.0310532 0.96697 4.5732 0.0322235 0.998666 -0.0405038 -2.95427 -0.966929 0.0414073 0.251692 112.994
0.212098 0.0311953 0.976757 5.00642 0.0400373 0.998378 -0.0405803 -2.96544 -0.976441 0.0477131 0.210504 113.052
0.178364 0.030488 0.983502 5.44932 0.0489366 0.998014 -0.0398135 -2.98548 -0.982754 0.0552301 0.176518 113.077
0.147231 0.0309565 0.988625 5.90718 0.0539595 0.997774 -0.0392797 -3.0078 -0.987643 0.0591283 0.145233 113.125
0.119648 0.0296195 0.992384 6.39024 0.0511496 0.998051 -0.0359561 -3.03101 -0.991506 0.0550617 0.1179 113.167
0.0935596 0.0263317 0.995273 6.88594 0.0454778 0.998498 -0.030693 -3.0469 -0.994588 0.0481339 0.0922216 113.224
0.0695623 0.022926 0.997324 7.39515 0.0406948 0.998846 -0.0258 -3.0616 -0.996755 0.0423804 0.0685494 113.257
0.0468883 0.0213918 0.998679 7.90883 0.0445027 0.998737 -0.0234833 -3.07497 -0.997922 0.0455445 0.0458775 113.265
0.0259195 0.0221182 0.99943 8.44151 0.0521375 0.998373 -0.0234475 -3.09451 -0.998312 0.0527152 0.0247248 113.265
0.00839583 0.0243379 0.999678 8.99738 0.0583103 0.997995 -0.0247876 -3.11305 -0.998277 0.0584989 0.00696068 113.251
-0.00589066 0.0305056 0.999528 9.56861 0.0567623 0.997941 -0.0301231 -3.12956 -0.998379 0.0565576 -0.00760924 113.239
-0.0177106 0.0355278 0.999223 10.17 0.0536065 0.99797 -0.0345342 -3.14427 -0.998419 0.0529526 -0.019578 113.242
-0.0239753 0.0348843 0.999119 10.7861 0.0557243 0.997892 -0.0335052 -3.17042 -0.998171 0.0548712 -0.0258676 113.218
-0.0266438 0.0321134 0.99914 11.4018 0.0615813 0.997645 -0.0304243 -3.19345 -0.997761 0.0607172 -0.0285573 113.182
-0.027807 0.0316117 0.999129 12.0557 0.0629353 0.99758 -0.029812 -3.20585 -0.997644 0.0620505 -0.029728 113.185
-0.026651 0.031769 0.999151 12.7419 0.0617769 0.997643 -0.0300744 -3.22592 -0.997749 0.0609223 -0.0285494 113.185
-0.026111 0.0325687 0.999144 13.4521 0.0577196 0.997858 -0.0310193 -3.24791 -0.998005 0.0568593 -0.0279336 113.193
-0.0249444 0.034804 0.999095 14.1588 0.0568636 0.997831 -0.0333415 -3.25568 -0.998085 0.0559796 -0.026868 113.177
-0.0235391 0.0360114 0.999089 14.8919 0.0568698 0.997788 -0.0346256 -3.2812 -0.998118 0.0560019 -0.0255336 113.161
-0.0219252 0.0358984 0.999127 15.6402 0.0566341 0.997801 -0.0346092 -3.30829 -0.99817 0.0558251 -0.0239087 113.142
-0.0215458 0.0344756 0.999189 16.4022 0.0553486 0.997921 -0.0332394 -3.34274 -0.998249 0.0545865 -0.0234077 113.135
-0.021566 0.0336433 0.999213 17.1744 0.05565 0.99793 -0.0324003 -3.36883 -0.998232 0.0549067 -0.0233923 113.128
-0.0222672 0.0315725 0.99927 17.9476 0.0559225 0.997984 -0.0302868 -3.40099 -0.998201 0.0552062 -0.0239865 113.113
-0.0229067 0.0299472 0.999301 18.7446 0.0540673 0.998131 -0.0286741 -3.43117 -0.998289 0.0533719 -0.0244818 113.094
-0.0240239 0.0297697 0.999285 19.5345 0.0530201 0.998196 -0.0284637 -3.44945 -0.998319 0.0522974 -0.0255575 113.076
-0.025528 0.0285633 0.999278 20.3582 0.0550484 0.99812 -0.0271252 -3.46011 -0.998172 0.0543155 -0.027051 113.059
-0.0271941 0.0279878 0.999257 21.1676 0.0562922 0.998073 -0.0264238 -3.47955 -0.998058 0.0555306 -0.0287157 113.042
-0.0292214 0.0282594 0.999187 22.0079 0.0535107 0.998217 -0.0266684 -3.49903 -0.998155 0.0526873 -0.0306799 113.027
-0.0297295 0.0337309 0.999007 22.8423 0.0503826 0.998219 -0.032206 -3.52308 -0.998302 0.049374 -0.0313744 113.003
-0.0306493 0.0410672 0.9987 23.6694 0.0510517 0.997921 -0.0394698 -3.52282 -0.998241 0.0497749 -0.0326806 112.981
-0.031416 0.0431024 0.998593 24.4994 0.0509501 0.997848 -0.0414684 -3.55941 -0.998222 0.0495747 -0.0335428 112.948
-0.0328795 0.041316 0.998619 25.3531 0.047242 0.998099 -0.0397405 -3.59915 -0.998358 0.0458695 -0.0347673 112.926
-0.0338206 0.0373298 0.998747 26.2156 0.0444671 0.998377 -0.0358112 -3.64114 -0.998453 0.0431993 -0.0354239 112.903
-0.0335889 0.0320954 0.998934 27.0657 0.0431022 0.998607 -0.030637 -3.68215 -0.998521 0.0420266 -0.0349239 112.87
-0.0331591 0.0269621 0.999103 27.9122 0.0400015 0.998879 -0.0256295 -3.71483 -0.998665 0.0391149 -0.0341987 112.838
-0.0328792 0.0264824 0.999122 28.7627 0.0371353 0.998997 -0.0252584 -3.744 -0.998785 0.0362715 -0.033828 112.815
-0.031362 0.0338694 0.998951 29.6054 0.0402403 0.998666 -0.0325975 -3.78165 -0.998713 0.0391749 -0.0326813 112.782
-0.0303467 0.045009 0.99854 30.4433 0.0427178 0.998138 -0.0436939 -3.82323 -0.998642 0.0413287 -0.0322113 112.762
-0.0300725 0.0499913 0.998314 31.2769 0.0445672 0.99783 -0.0486257 -3.86766 -0.998569 0.0430289 -0.0322334 112.744
-0.028983 0.0448213 0.99859 32.1218 0.0459933 0.998003 -0.0434615 -3.91305 -0.998537 0.044668 -0.0309851 112.725
-0.0269898 0.0374173 0.998952 32.9546 0.0496506 0.998124 -0.0360459 -3.9595 -0.998418 0.0486249 -0.0287951 112.687
-0.0253527 0.0343858 0.999102 33.7902 0.0507331 0.998172 -0.0330678 -4.00561 -0.998406 0.0498484 -0.0270493 112.655
-0.0248286 0.0354163 0.999081 34.6253 0.0501258 0.998168 -0.0341392 -4.04719 -0.99845 0.0492313 -0.0265566 112.633
-0.0256177 0.0364462 0.999023 35.457 0.0473699 0.998265 -0.0352052 -4.09271 -0.998565 0.0464209 -0.0272982 112.619
-0.0267025 0.0366383 0.998988 36.2742 0.0456676 0.998337 -0.0353948 -4.13388 -0.998616 0.0446756 -0.0283295 112.593
-0.0281726 0.0365614 0.998949 37.0835 0.0463484 0.998312 -0.0352323 -4.17986 -0.998544 0.0453063 -0.0298181 112.568
-0.0296401 0.036662 0.998904 37.8912 0.0452331 0.998361 -0.0353008 -4.22874 -0.998552 0.0441366 -0.031248 112.539
-0.0315845 0.0368022 0.998839 38.6988 0.0431305 0.998449 -0.0354254 -4.27341 -0.998587 0.0419607 -0.0331211 112.516
-0.0339509 0.0357217 0.9988 39.4974 0.041248 0.998568 -0.0343122 -4.31671 -0.998588 0.0400329 -0.0353738 112.498
-0.0361787 0.0347892 0.998756 40.2969 0.0419673 0.998573 -0.033264 -4.3578 -0.998481 0.0407108 -0.0375853 112.476
-0.0376478 0.0353675 0.99868 41.0846 0.0419786 0.998555 -0.0337815 -4.39571 -0.998425 0.0406507 -0.0390761 112.447
-0.0392291 0.0369152 0.998564 41.8696 0.0417105 0.998515 -0.0352762 -4.43097 -0.998377 0.0402659 -0.0407088 112.418
-0.0400349 0.0373842 0.998514 42.648 0.0421624 0.998481 -0.0356935 -4.4704 -0.998324 0.0406702 -0.0415485 112.386
-0.0412834 0.0367043 0.998489 43.4338 0.0440177 0.99843 -0.0348835 -4.51091 -0.998195 0.0425102 -0.0428324 112.356
-0.0425025 0.0364103 0.998448 44.2108 0.0446505 0.998414 -0.0345094 -4.54916 -0.998114 0.0431138 -0.0440589 112.321
-0.04424 0.0362416 0.998379 44.9936 0.0433805 0.998477 -0.0343242 -4.58933 -0.998096 0.0417908 -0.0457428 112.298
-0.0448591 0.035802 0.998368 45.7464 0.0418744 0.998554 -0.0339283 -4.62604 -0.998132 0.0402835 -0.0462915 112.26
-0.0451745 0.0349256 0.998384 46.4903 0.0407681 0.998629 -0.0330908 -4.66369 -0.998165 0.0392065 -0.0465344 112.229
-0.0450256 0.0350239 0.998388 47.21 0.0410401 0.998614 -0.0331821 -4.70275 -0.998159 0.0394794 -0.0463987 112.191
-0.044052 0.0378374 0.998329 47.9196 0.0414169 0.998501 -0.0360177 -4.74172 -0.998188 0.0397601 -0.0455511 112.154
-0.0439869 0.0409688 0.998208 48.6238 0.0415591 0.998376 -0.0391455 -4.78064 -0.998184 0.0397621 -0.0456161 112.126
-0.0432461 0.0427079 0.998168 49.3341 0.0401846 0.998361 -0.0409765 -4.82115 -0.998274 0.038338 -0.0448894 112.095
-0.0422607 0.0457915 0.998073 50.0321 0.0422299 0.998146 -0.0440079 -4.83813 -0.998231 0.0402881 -0.0441142 112.059
-0.041938 0.0468392 0.998038 50.7383 0.0434021 0.998051 -0.0450174 -4.86919 -0.998195 0.0414282 -0.0438874 112.028
-0.0409075 0.0477879 0.998036 51.4262 0.0454659 0.997917 -0.0459198 -4.89721 -0.998145 0.0434975 -0.0429931 111.991
-0.0412922 0.0480505 0.998007 52.112 0.0418021 0.998061 -0.0463249 -4.93931 -0.998292 0.0398052 -0.0432188 111.971
-0.0406115 0.0485098 0.998013 52.8065 0.0399851 0.998107 -0.0468884 -4.98427 -0.998391 0.038001 -0.0424724 111.951
-0.0402762 0.0469555 0.998101 53.485 0.0412843 0.998129 -0.0452922 -5.03145 -0.998354 0.0393811 -0.0421375 111.922
-0.0407462 0.0462383 0.998116 54.1535 0.041422 0.998155 -0.0445503 -5.07462 -0.998327 0.0395282 -0.0425844 111.887
-0.0442071 0.0457033 0.997993 54.84 0.0384974 0.998298 -0.0440134 -5.11952 -0.998299 0.036474 -0.0458893 111.866
-0.0496072 0.0451085 0.997767 55.522 0.0349808 0.998453 -0.0434016 -5.16667 -0.998173 0.0327492 -0.0511064 111.841
-0.0553274 0.0486229 0.997301 56.1793 0.0386677 0.998178 -0.0465221 -5.21261 -0.997738 0.0359889 -0.0571046 111.803
-0.0621065 0.0512459 0.99677 56.8509 0.041115 0.997973 -0.0487471 -5.2569 -0.997239 0.0379542 -0.0640855 111.762
-0.0682102 0.0529647 0.996281 57.5284 0.0402111 0.997934 -0.050301 -5.29757 -0.996879 0.03663 -0.0701968 111.704
-0.0746007 0.0524178 0.995852 58.2116 0.0362782 0.998108 -0.0498201 -5.33914 -0.996571 0.0324106 -0.076359 111.66
-0.0802482 0.0516988 0.99545 58.8931 0.036332 0.998151 -0.0489116 -5.37831 -0.996131 0.0322411 -0.0819758 111.611
-0.0850758 0.0526568 0.994999 59.6046 0.0339494 0.998185 -0.0499238 -5.41803 -0.995814 0.0295318 -0.0867068 111.559
-0.0888346 0.0524211 0.994683 60.3068 0.0322691 0.998251 -0.0497286 -5.45668 -0.995542 0.0276795 -0.0903684 111.499
-0.0913072 0.0498991 0.994589 61.012 0.0329978 0.998356 -0.04706 -5.49148 -0.995294 0.0285219 -0.0928014 111.436
-0.092642 0.0476545 0.994575 61.7233 0.0353742 0.99839 -0.0445437 -5.52516 -0.995089 0.0310553 -0.0941761 111.369
-0.0932033 0.04605 0.994599 62.4315 0.035732 0.99845 -0.0428811 -5.55604 -0.995023 0.0315419 -0.0947021 111.296
-0.0943592 0.0457827 0.994501 63.179 0.0350113 0.998487 -0.0426455 -5.59913 -0.994942 0.0307945 -0.0958166 111.234
-0.0940646 0.0501619 0.994319 63.8995 0.0371183 0.998221 -0.0468486 -5.63506 -0.994891 0.0325001 -0.0957569 111.161
-0.0940443 0.0547214 0.99408 64.644 0.0434411 0.997773 -0.0508163 -5.67748 -0.994639 0.0384046 -0.0962093 111.088
-0.0939835 0.060002 0.993781 65.3802 0.0509669 0.997172 -0.055388 -5.72446 -0.994286 0.0454437 -0.0967735 111.006
-0.0943693 0.0613139 0.993665 66.1454 0.0511611 0.997092 -0.056668 -5.77307 -0.994241 0.0454889 -0.097229 110.934
-0.0939347 0.0594628 0.993818 66.8976 0.049327 0.997276 -0.0550085 -5.82171 -0.994373 0.0438543 -0.0966096 110.861
-0.0928776 0.0541585 0.994222 67.6451 0.0497795 0.997534 -0.0496901 -5.87783 -0.994453 0.0448765 -0.0953418 110.788
-0.0914122 0.0515514 0.994495 68.405 0.0517009 0.997567 -0.0469595 -5.93327 -0.994488 0.0471231 -0.0938527 110.701
-0.0908641 0.0513902 0.994555 69.1567 0.0519449 0.997563 -0.0468013 -5.9807 -0.994528 0.0474091 -0.0933094 110.619
-0.0921946 0.0519083 0.994405 69.9056 0.0503869 0.997614 -0.0474054 -6.03316 -0.994484 0.0457339 -0.0945877 110.554
-0.0941817 0.0526054 0.994183 70.6608 0.0496958 0.997617 -0.0480808 -6.07921 -0.994334 0.044878 -0.0965687 110.488
-0.0960755 0.0527493 0.993993 71.4031 0.0508078 0.997562 -0.048029 -6.12991 -0.994095 0.0458876 -0.0985189 110.416
-0.0970051 0.0534952 0.993864 72.1509 0.0516388 0.997491 -0.0486518 -6.17047 -0.993964 0.0466022 -0.0995212 110.334
-0.099369 0.0523218 0.993692 72.8959 0.0504863 0.997605 -0.0474805 -6.22927 -0.993788 0.0454491 -0.10177 110.263
-0.100607 0.053169 0.993524 73.6536 0.0485089 0.997656 -0.0484797 -6.26771 -0.993765 0.0433172 -0.102947 110.19
-0.10074 0.0548334 0.993419 74.4122 0.0491219 0.997546 -0.0500811 -6.3163 -0.993718 0.0437528 -0.103184 110.105
-0.100989 0.0551664 0.993376 75.1773 0.0480179 0.997578 -0.0505199 -6.36549 -0.99375 0.0425978 -0.10339 110.027
-0.102534 0.0551474 0.993218 75.9413 0.0468877 0.99763 -0.0505531 -6.41811 -0.993643 0.0413856 -0.104875 109.955
-0.102979 0.0536984 0.993252 76.7141 0.047671 0.997671 -0.0489966 -6.4636 -0.993563 0.0423036 -0.105296 109.873
-0.103514 0.0519094 0.993291 77.5006 0.0451909 0.997861 -0.0474401 -6.50866 -0.99362 0.0399763 -0.105636 109.791
-0.105005 0.0501745 0.993225 78.2887 0.0425364 0.99805 -0.0459231 -6.55386 -0.993584 0.037426 -0.106932 109.712
-0.106655 0.0503013 0.993042 79.0996 0.0438196 0.997997 -0.0458473 -6.59535 -0.993349 0.0386243 -0.108643 109.624
-0.107349 0.0515126 0.992905 79.8899 0.0451004 0.997892 -0.046897 -6.63501 -0.99322 0.0397461 -0.109443 109.527
-0.108918 0.0535212 0.992628 80.6868 0.0443515 0.997827 -0.0489363 -6.67217 -0.99308 0.0386939 -0.111052 109.433
-0.11019 0.0581808 0.992226 81.5133 0.0458912 0.997529 -0.0533973 -6.71117 -0.992873 0.0396506 -0.112585 109.347
-0.109016 0.0625746 0.992088 82.3225 0.0482582 0.997183 -0.0575945 -6.75819 -0.992888 0.041597 -0.111726 109.239
-0.109604 0.0668285 0.991745 83.1492 0.049764 0.996865 -0.0616756 -6.81255 -0.992752 0.0425933 -0.112583 109.143
-0.108642 0.0682641 0.991754 83.994 0.0521664 0.996666 -0.062889 -6.872 -0.992731 0.0449031 -0.111838 109.048
-0.106645 0.067974 0.991991 84.8149 0.0559574 0.9965 -0.0622692 -6.9277 -0.992745 0.0488685 -0.110072 108.934
-0.106448 0.0661836 0.992132 85.6574 0.0563941 0.996587 -0.0604316 -6.99271 -0.992737 0.0495169 -0.109814 108.845
-0.105126 0.0646734 0.992374 86.4883 0.0557376 0.996707 -0.0590534 -7.05436 -0.99292 0.0491044 -0.108382 108.755
-0.103568 0.0625456 0.992673 87.336 0.0542215 0.996901 -0.0571565 -7.11558 -0.993163 0.0479038 -0.106635 108.671
-0.101713 0.0598041 0.993035 88.1946 0.0543634 0.997044 -0.0544793 -7.17546 -0.993352 0.0484433 -0.104661 108.585
-0.0991243 0.0569761 0.993461 89.0517 0.0554984 0.997131 -0.0516506 -7.2271 -0.993545 0.0500148 -0.101999 108.492
-0.0971442 0.0571211 0.99365 89.9172 0.0540846 0.997189 -0.0520391 -7.28692 -0.993824 0.0486856 -0.0999574 108.411
-0.0955044 0.0613856 0.993553 90.7691 0.0553003 0.996891 -0.0562777 -7.34993 -0.99391 0.0495681 -0.0985997 108.334
-0.0924029 0.0672625 0.993468 91.6064 0.0557769 0.996509 -0.0622828 -7.41681 -0.994182 0.0496573 -0.095829 108.238
-0.0908386 0.0697514 0.993438 92.4905 0.0532272 0.996466 -0.0650986 -7.49211 -0.994461 0.0469635 -0.0942278 108.165
-0.0889509 0.0669305 0.993806 93.3423 0.0516472 0.996717 -0.0625061 -7.56376 -0.99472 0.0457672 -0.0921126 108.084
-0.0873097 0.0641019 0.994135 94.2234 0.05228 0.996856 -0.0596874 -7.63486 -0.994827 0.0467611 -0.0903838 108.008
-0.0859378 0.0623089 0.994371 95.0881 0.0534661 0.996902 -0.0578491 -7.70197 -0.994889 0.0481937 -0.089 107.926
-0.084467 0.0619385 0.994518 95.961 0.0530779 0.996937 -0.0575826 -7.76807 -0.995031 0.0479221 -0.0874934 107.849
-0.0839239 0.0623255 0.994542 96.8316 0.0526959 0.996932 -0.058031 -7.82904 -0.995103 0.047538 -0.0869477 107.778
-0.0820616 0.060819 0.994789 97.6868 0.0555327 0.996874 -0.0563669 -7.88688 -0.995098 0.0506169 -0.08518 107.692
-0.0803466 0.0604962 0.99495 98.5555 0.0582409 0.996745 -0.0559046 -7.94568 -0.995089 0.0534549 -0.0836054 107.615
-0.0793458 0.0623531 0.994914 99.4166 0.0604551 0.996515 -0.0576335 -8.00076 -0.995031 0.0555739 -0.0828363 107.543
-0.0775846 0.0653212 0.994865 100.274 0.0615421 0.996272 -0.0606166 -8.05605 -0.99511 0.0565229 -0.0813123 107.463
-0.0774098 0.0677905 0.994712 101.132 0.0593575 0.99624 -0.0632767 -8.11039 -0.995251 0.0541446 -0.08114 107.409
-0.0770581 0.063866 0.995001 102.013 0.0551781 0.9967 -0.0597042 -8.17334 -0.995524 0.0503015 -0.0803246 107.352
-0.0771324 0.0623853 0.995087 102.882 0.0511104 0.996986 -0.058544 -8.23822 -0.99573 0.046343 -0.0800858 107.293
-0.0783413 0.0630645 0.994951 103.734 0.0477133 0.9971 -0.0594463 -8.30402 -0.995811 0.0428153 -0.08112 107.235
-0.0797879 0.067609 0.994537 104.586 0.0446927 0.996947 -0.0641887 -8.37431 -0.99583 0.0393264 -0.0825633 107.175
-0.0807521 0.0700068 0.994294 105.425 0.0439346 0.996821 -0.0666189 -8.44226 -0.995792 0.0383044 -0.0835678 107.109
-0.0799071 0.0712461 0.994273 106.272 0.0442645 0.996722 -0.0678655 -8.50132 -0.995839 0.0385874 -0.0827963 107.028
-0.0801409 0.0710446 0.994271 107.109 0.0453038 0.996696 -0.0675688 -8.56807 -0.99578 0.0396291 -0.0830914 106.961
-0.0800631 0.0725091 0.994169 107.959 0.0467461 0.996537 -0.0689186 -8.63112 -0.995714 0.0409551 -0.0831727 106.885
-0.0808934 0.0756641 0.993869 108.781 0.0475575 0.996282 -0.0719795 -8.70416 -0.995615 0.0414429 -0.0841877 106.82
-0.0822069 0.0775497 0.993614 109.605 0.0476851 0.996142 -0.0738031 -8.76989 -0.995495 0.0413129 -0.085585 106.764
-0.0836595 0.0785176 0.993418 110.429 0.0468122 0.99611 -0.0747906 -8.83357 -0.995422 0.0402469 -0.0870063 106.704
-0.084673 0.0777349 0.993392 111.23 0.0457056 0.996216 -0.0740615 -8.90563 -0.99538 0.039132 -0.0879028 106.62
-0.0868857 0.0789887 0.993104 112.033 0.046189 0.996109 -0.0751891 -8.98077 -0.995175 0.0393373 -0.0901926 106.539
-0.0895877 0.0818003 0.992634 112.837 0.046186 0.995901 -0.0779024 -9.05466 -0.994927 0.0388662 -0.0929957 106.462
-0.0925008 0.0830332 0.992266 113.632 0.0445279 0.995875 -0.0791867 -9.13035 -0.994745 0.0368584 -0.095813 106.385
-0.0949698 0.0830751 0.992027 114.418 0.0453293 0.995849 -0.0790569 -9.20748 -0.994468 0.0374595 -0.0983385 106.303
-0.0971696 0.0818899 0.991915 115.201 0.0463685 0.99591 -0.0776798 -9.28335 -0.994216 0.0384452 -0.100566 106.216
-0.0991786 0.0826591 0.99165 115.982 0.0480697 0.995788 -0.0781977 -9.35958 -0.993927 0.0399124 -0.102732 106.13
-0.101323 0.0873397 0.991034 116.763 0.043541 0.995584 -0.0832915 -9.43644 -0.993929 0.0347111 -0.104675 106.062
-0.102932 0.094336 0.990225 117.532 0.0410263 0.995058 -0.0905332 -9.51792 -0.993861 0.0313062 -0.106291 105.988
-0.104292 0.0967471 0.989853 118.287 0.0462965 0.994662 -0.0923419 -9.59535 -0.993498 0.0361959 -0.108211 105.887
-0.107015 0.0952212 0.989707 119.067 0.0485586 0.994726 -0.0904549 -9.66968 -0.99309 0.0383783 -0.111072 105.799
-0.109754 0.0882349 0.990058 119.845 0.0476203 0.995386 -0.0834334 -9.74546 -0.992847 0.0379894 -0.113446 105.711
-0.112362 0.0863645 0.989927 120.619 0.0462784 0.9956 -0.081608 -9.82492 -0.992608 0.0366422 -0.115862 105.629
-0.11308 0.0897351 0.989549 121.384 0.0459605 0.995331 -0.08501 -9.89708 -0.992552 0.0358669 -0.116673 105.531
-0.115168 0.0935169 0.988954 122.139 0.0436507 0.995083 -0.0890145 -9.9717 -0.992405 0.0329165 -0.118682 105.438
-0.116645 0.0966882 0.988479 122.905 0.0441581 0.994782 -0.0920964 -10.0449 -0.992221 0.0329066 -0.120302 105.343
-0.118082 0.101295 0.987844 123.642 0.0484072 0.994198 -0.0961613 -10.1232 -0.991841 0.0364635 -0.122297 105.243
-0.119905 0.106046 0.987129 124.388 0.0489956 0.99371 -0.100805 -10.2022 -0.991606 0.0362777 -0.124343 105.148
-0.122579 0.108633 0.986516 125.137 0.0481321 0.993482 -0.103421 -10.2814 -0.991309 0.0348054 -0.127006 105.058
-0.124606 0.1066 0.986487 125.882 0.0485375 0.993687 -0.10125 -10.3665 -0.991049 0.035265 -0.12899 104.963
-0.128257 0.103316 0.986365 126.603 0.0526233 0.993877 -0.0972616 -10.4487 -0.990362 0.039431 -0.132906 104.853
-0.13325 0.101761 0.985868 127.343 0.05471 0.993964 -0.0952045 -10.5373 -0.989602 0.0412504 -0.138009 104.743
-0.138975 0.100492 0.985205 128.09 0.0534417 0.99416 -0.0938687 -10.6236 -0.988871 0.0396053 -0.143531 104.63
-0.148089 0.100541 0.983875 128.831 0.0527681 0.994216 -0.0936584 -10.7117 -0.987597 0.0380471 -0.152533 104.528
-0.158628 0.101088 0.982171 129.554 0.0524007 0.994215 -0.0938657 -10.7944 -0.985966 0.0365764 -0.163005 104.409
-0.168052 0.102459 0.980465 130.278 0.0532724 0.994085 -0.0947548 -10.868 -0.98437 0.0363075 -0.172512 104.242
-0.181039 0.103157 0.978073 130.985 0.0545312 0.994017 -0.0947467 -10.9478 -0.981982 0.0361823 -0.185578 104.112
-0.19272 0.103231 0.975835 131.697 0.0582528 0.993911 -0.0936417 -11.0247 -0.979556 0.038798 -0.197555 103.959
-0.2041 0.103489 0.973487 132.403 0.0620776 0.993773 -0.0926317 -11.0988 -0.976999 0.0415252 -0.209251 103.805
-0.214474 0.103834 0.971221 133.098 0.0676553 0.993535 -0.0912831 -11.1691 -0.974417 0.0461298 -0.220107 103.65
-0.222534 0.104178 0.969365 133.811 0.074187 0.993211 -0.0897119 -11.2487 -0.972117 0.0519499 -0.228749 103.467
-0.229471 0.103866 0.967785 134.522 0.0796324 0.992971 -0.087691 -11.33 -0.970086 0.0569436 -0.236124 103.279
-0.235441 0.103915 0.96634 135.232 0.0808293 0.992927 -0.0870817 -11.409 -0.968541 0.0576055 -0.242171 103.096
-0.239643 0.101684 0.965548 135.945 0.0848175 0.992901 -0.0835172 -11.4839 -0.967183 0.0618801 -0.246561 102.911
-0.240303 0.0986947 0.965689 136.622 0.0911467 0.992728 -0.0787783 -11.5551 -0.966428 0.0690882 -0.247547 102.71
-0.240078 0.0970546 0.965917 137.314 0.0978938 0.992349 -0.0753827 -11.6233 -0.96584 0.0764583 -0.247737 102.512
-0.239882 0.0953535 0.96613 137.985 0.100411 0.992275 -0.073004 -11.6926 -0.965615 0.0794974 -0.247599 102.319
-0.238484 0.100781 0.96593 138.678 0.103175 0.991611 -0.0779905 -11.7596 -0.965685 0.0810594 -0.246876 102.135
-0.23635 0.103956 0.966113 139.356 0.103107 0.991341 -0.0814482 -11.8264 -0.966202 0.0803625 -0.245019 101.956
-0.234899 0.103793 0.966489 140.033 0.10508 0.991177 -0.0809087 -11.8918 -0.966358 0.0825518 -0.243728 101.778
-0.232484 0.102275 0.96723 140.702 0.106338 0.991178 -0.0792489 -11.9557 -0.96679 0.0844287 -0.241304 101.603
-0.229536 0.0998841 0.968188 141.357 0.107841 0.991216 -0.0766968 -12.0204 -0.967342 0.0868043 -0.238286 101.425
-0.227456 0.100319 0.96863 142.031 0.108498 0.991108 -0.0771704 -12.089 -0.967745 0.0875412 -0.236313 101.259
-0.225109 0.102634 0.968939 142.676 0.109165 0.990842 -0.0795965 -12.1538 -0.968234 0.0878544 -0.234246 101.105
-0.220423 0.104436 0.96982 143.33 0.110525 0.990533 -0.0815475 -12.2173 -0.969143 0.0892139 -0.229875 100.951
-0.214905 0.10359 0.971153 143.964 0.111523 0.990468 -0.0809755 -12.2806 -0.970282 0.0909024 -0.224404 100.803
-0.208592 0.101835 0.972709 144.606 0.112735 0.99045 -0.0795179 -12.3461 -0.971504 0.0930707 -0.218076 100.652
-0.203671 0.0996166 0.973984 145.236 0.111785 0.990681 -0.0779524 -12.4155 -0.972671 0.0929986 -0.212903 100.513
-0.199401 0.0988141 0.974946 145.871 0.111759 0.990715 -0.0775563 -12.4795 -0.973545 0.0934936 -0.208589 100.381
-0.195809 0.0971502 0.975845 146.504 0.112373 0.990759 -0.0760906 -12.5427 -0.974218 0.0947575 -0.204911 100.259
-0.191628 0.0951796 0.976865 147.12 0.115307 0.990589 -0.0738991 -12.6054 -0.974692 0.0984777 -0.200795 100.128
-0.187646 0.0935472 0.977799 147.742 0.116752 0.990532 -0.0723636 -12.6628 -0.975309 0.10058 -0.196786 100.003
-0.18474 0.0922508 0.978473 148.349 0.114283 0.990859 -0.0718432 -12.7246 -0.976142 0.0985496 -0.19359 99.8893
-0.181293 0.0933047 0.979019 148.965 0.111467 0.991033 -0.0738121 -12.7881 -0.977127 0.0957447 -0.190063 99.7821
-0.176105 0.0971211 0.979593 149.563 0.112449 0.990603 -0.077999 -12.8415 -0.97795 0.0964175 -0.185368 99.6677
-0.170133 0.100567 0.980302 150.156 0.114141 0.990104 -0.0817669 -12.8962 -0.978824 0.0979792 -0.179924 99.5582
-0.163105 0.101853 0.981362 150.74 0.112893 0.990062 -0.0839947 -12.9511 -0.980151 0.0970883 -0.172979 99.4569
-0.154274 0.1005 0.98293 151.334 0.109127 0.99047 -0.0841471 -13.0121 -0.982019 0.094281 -0.163766 99.365
-0.144915 0.0989648 0.984507 151.93 0.108107 0.990624 -0.0836687 -13.072 -0.983543 0.0943068 -0.154251 99.3068
-0.134598 0.0981177 0.986057 152.515 0.108294 0.990592 -0.0837903 -13.1309 -0.985001 0.0955046 -0.143952 99.2603
-0.122213 0.0971165 0.987766 153.094 0.106992 0.990703 -0.0841695 -13.1927 -0.986742 0.0953955 -0.131463 99.2089
-0.106853 0.0967197 0.989586 153.671 0.105729 0.99073 -0.0854188 -13.2518 -0.988673 0.0954985 -0.116084 99.1614
-0.0874484 0.0964768 0.991511 154.256 0.103664 0.990788 -0.0872657 -13.3097 -0.990782 0.0951516 -0.09664 99.1092
