0.999995 -0.00159697 -0.00171076 -0.000562325 0.00159473 1 -0.00112323 -0.00647521 0.00171196 0.00112033 0.999999 0.592186
1 -0.000221191 -0.00108989 -0.00250353 0.000219832 0.999996 -0.0014683 -0.0133983 0.00109077 0.00146823 0.999997 0.559204
0.999994 -0.000396348 -0.00261069 0.0098501 0.000391191 1 -0.00185657 -0.000440832 0.00261073 0.00185535 0.999996 0.582627
0.999998 -0.00169439 -0.00228334 0.00483366 0.00168933 0.999991 -0.00230023 0.000304451 0.00228789 0.00229655 0.999994 0.606741
0.999994 -0.00249198 -0.00102705 -0.0179538 0.00248953 1 -0.00207922 -0.00620287 0.00103157 0.00207636 0.999998 0.579497
1 -0.0010587 -0.000584559 -0.0269622 0.00105854 0.999994 -0.000819999 -0.00311752 0.000586033 0.000819692 0.999999 0.586983
0.999998 -5.63176e-05 0.000293793 -0.0515969 5.59352e-05 1 0.000311979 -0.00591495 -0.000294418 -0.000312305 1 0.602646
1 -0.000391018 0.000682232 -0.0500573 0.000391609 0.999995 -0.000488375 -0.0104212 -0.000681442 0.000489017 0.999999 0.593982
0.999997 0.00111687 0.000519873 -0.0439603 -0.00111561 1 -0.00294789 -0.00839277 -0.000523747 0.00294692 0.999995 0.60021
1 0.00173121 -0.000110109 -0.0361861 -0.00173137 0.999985 -0.00398158 -0.00417703 0.000103776 0.00398216 0.999991 0.61116
0.999996 0.00147015 0.000364844 -0.0450669 -0.00146899 0.999997 -0.00386679 -0.0041581 -0.000371114 0.00386583 0.999994 0.629352
1 0.00208949 0.000523975 -0.0452014 -0.00208923 0.999992 -5.70171e-05 -0.0020992 -0.000523571 5.63573e-05 0.999999 0.643926
0.999994 0.00250855 0.000590676 -0.0406517 -0.00251265 0.99998 0.00671314 1.64795e-05 -0.000574337 -0.00671508 0.999978 0.650656
1 0.000733254 -0.000657974 0.000377854 -0.000726353 0.999941 0.010251 -0.00157797 0.000665904 -0.01025 0.999946 0.638379
0.999996 0.00125544 -0.000674682 0.00285369 -0.00125131 0.999986 0.0062468 -0.00590832 0.000682051 -0.00624641 0.999982 0.655329
1 0.00216225 -0.00117266 -0.00867104 -0.00216354 0.999991 -0.0010782 -0.0160903 0.00117065 0.00108115 0.999997 0.699214
0.999994 0.0024159 -0.000734992 -0.00606535 -0.00242066 0.999981 -0.00661311 -0.0201966 0.000718637 0.00661449 0.99998 0.692953
1 -0.000384816 -0.00253257 0.0195726 0.000368802 0.999974 -0.00630171 0.00777667 0.00253525 0.00630105 0.999975 0.724352
0.999993 -0.00192857 -0.00120807 0.00616046 0.00192996 1 0.00112583 0.0054152 0.00120555 -0.00112846 1 0.744999
1 -0.00112201 -0.00107505 0.0156983 0.00113114 0.999956 0.00853158 0.00554349 0.00106573 -0.00853252 0.999961 0.757013
0.999994 -0.000501463 -0.00159481 0.0148667 0.000512262 0.999984 0.00676878 0.00150096 0.00159105 -0.00676983 0.999978 0.791782
1 -0.00100289 -0.00134748 0.0150295 0.00100546 0.999991 0.00191871 -0.00278083 0.00134591 -0.00191984 0.999995 0.79073
0.999994 -0.00181949 -0.000601056 0.0124829 0.00181878 1 -0.00123057 -0.0077047 0.000602941 0.00122927 1 0.799624
1 -0.000662176 0.000325504 0.00963662 0.000662895 0.999991 -0.0021656 -0.00938363 -0.000323745 0.00216605 0.999996 0.808766
0.999991 0.00271748 0.00106402 -0.0140701 -0.00271402 0.999998 -0.0032891 -0.0117515 -0.00107349 0.00328597 0.999997 0.859248
0.999999 -0.00300492 0.00165915 -0.0110743 0.00301456 0.999972 -0.00570478 -0.00832685 -0.00164148 0.00571 0.99998 0.868727
0.99999 -0.00294793 0.000509817 0.00388971 0.00295104 0.999982 -0.00648376 -0.0058383 -0.000491183 0.00648502 0.999981 0.884314
1 0.000977944 0.000774611 -0.00296964 -0.000973667 0.999978 -0.00531469 -0.00381656 -0.000779432 0.00531411 0.999983 0.922195
0.999994 0.00119123 0.000154482 -0.00436853 -0.00119126 1.00001 -0.00109551 -0.00187314 -0.000156149 0.00109513 1 0.922907
1.00001 -1.43691e-05 0.000552028 -0.0126984 1.44095e-05 0.999993 0.000281626 -0.00439097 -0.00055171 -0.000281355 0.999998 0.93042
0.999993 0.00149874 0.00111595 -0.0179145 -0.00149738 1 -0.00138805 -0.0116455 -0.00111833 0.00138612 1 0.936813
1 0.00281042 7.54097e-05 -0.00638033 -0.00281014 0.999987 -0.00207402 -0.00784363 -8.09565e-05 0.00207405 0.999996 0.95453
0.999988 0.00339844 -0.000233168 -0.00733535 -0.00339861 1 -0.000721133 -0.00857593 0.000230379 0.000721658 1 0.977767
1.00001 0.00165386 -0.000379109 -0.000392197 -0.00165383 0.999992 -2.76799e-05 -0.0093518 0.000379447 2.8526e-05 0.999998 0.960906
0.999993 0.000935365 2.57885e-05 -0.0105597 -0.000935283 1.00001 2.93389e-06 -0.0132228 -2.6219e-05 -3.18461e-06 1 0.984389
1.00001 0.000127473 -0.000230901 -0.00231055 -0.000127449 0.999993 0.000257218 -0.0147648 0.000231379 -0.000256932 0.999998 1.00059
0.999993 0.00116998 -0.000561987 -0.00602863 -0.00116925 1.00001 0.00121829 -0.0137996 0.000562988 -0.0012179 1 1.00254
1.00001 0.000449928 -0.000724009 -0.00208824 -0.000448554 0.999991 0.00192398 -0.0118247 0.000725295 -0.00192338 0.999996 1.00709
0.999994 2.07811e-05 -0.000882572 0.00258591 -1.97076e-05 1.00001 0.00117983 -0.013511 0.000882167 -0.0011801 1 1.01689
1.00001 -0.000324753 -0.000478976 -0.000645581 0.000324152 0.999993 -0.00129988 -0.0125286 0.000479778 0.00129998 0.999998 1.03539
0.999993 0.00123231 -0.000505428 -0.000882275 -0.00123293 1 -0.00108719 -0.011938 0.00050368 0.00108754 1 1.03828
1.00001 -0.000517845 -0.00073781 -0.00327583 0.000518514 0.999994 0.000828196 -0.0102147 0.000737871 -0.000828277 0.999998 1.04343
0.999994 -0.000405538 2.07553e-05 -0.0125267 0.000405409 1 0.00251974 -0.0102104 -2.227e-05 -0.00252004 0.999998 1.04914
1.00001 0.000108933 -0.00036487 -0.00856893 -0.000107508 0.999988 0.00357934 -0.0114035 0.000365703 -0.00357901 0.999992 1.06737
0.999994 0.000386987 0.000419919 -0.0246967 -0.000388162 1 0.00265304 -0.0189178 -0.000419305 -0.00265349 0.999998 1.06946
1.00001 -7.1742e-05 0.000412912 -0.0240248 7.14115e-05 0.999994 0.000871364 -0.0206381 -0.000412561 -0.000871033 0.999998 1.04577
0.999994 6.56279e-07 0.00063514 -0.0274309 4.39343e-07 1 -0.00169174 -0.0135266 -0.000635623 0.00169146 1 1.08502
1.00001 0.000546872 -0.000277288 -0.0133085 -0.000547182 0.999994 -0.000592826 -0.0135221 0.000277462 0.000593265 0.999998 1.09351
0.999993 -0.000171123 -0.00108258 -0.00135009 0.000172464 1.00001 0.00114177 -0.0157226 0.00108186 -0.0011423 1 1.09366
1.00001 0.000114241 -0.000872435 -0.00815274 -0.000112718 0.999992 0.00190019 -0.0158947 0.000873205 -0.00189972 0.999995 1.09293
0.999994 0.000318556 -0.0010036 -0.0038279 -0.000316093 1 0.00228857 -0.0161886 0.00100379 -0.00228865 1 1.08243
1 0.00135983 -0.000928681 -0.00298557 -0.00136024 0.999993 -0.000197115 -0.0203167 0.000928946 0.000198744 0.999996 1.0908
0.999993 0.00157071 -0.000567115 0.000936051 -0.00157257 0.999998 -0.00364441 -0.0255301 0.000560871 0.00364495 0.999997 1.10599
1 0.00125136 3.38732e-05 -0.00747812 -0.00125149 0.999988 -0.00331995 -0.0260659 -3.74888e-05 0.00332027 0.99999 1.09164
0.999995 0.000416039 0.00114898 -0.0233699 -0.000415545 1.00001 -0.000231038 -0.0187546 -0.00114967 0.000230209 1 1.07515
1 0.000710314 0.0019741 -0.034386 -0.000715694 0.99999 0.00263741 -0.0163486 -0.00197174 -0.00263847 0.99999 1.08124
0.999994 0.000591082 0.00115636 -0.02132 -0.000593455 1 0.00219713 -0.0199839 -0.00115554 -0.0021982 1 1.09461
1 -0.00183286 0.00112209 -0.0246459 0.00183077 0.99999 0.00174513 -0.0220796 -0.00112484 -0.00174276 0.999993 1.0824
0.999994 -0.000231757 0.00138266 -0.0139288 0.000232455 1.00001 -0.000396021 -0.0261131 -0.00138297 0.000396023 1 1.09566
1 -0.000931441 0.000822586 -0.00328662 0.000932276 0.999993 -0.00113042 -0.0261977 -0.000821137 0.00113155 0.999995 1.06969
0.999994 8.82811e-05 0.0015934 -0.0347639 -8.49158e-05 1 -0.00204221 -0.018611 -0.00159398 0.00204174 1 1.11523
1 -0.00108819 0.000427685 0.0100055 0.00108905 0.999992 -0.00232708 -0.0223517 -0.000424839 0.00232782 0.999993 1.03625
0.999995 -0.00106675 -2.27677e-05 0.00762512 0.00106681 1 -0.00292809 -0.0260876 2.54757e-05 0.00292787 1 1.07059
1 -0.00184119 -0.000501087 0.0107897 0.00184022 0.999992 -0.00165292 -0.0196443 0.000504464 0.00165213 0.999995 1.09631
0.999994 -0.00171604 -0.000552739 0.0105305 0.00171752 1 0.0022653 -0.0156363 0.000548445 -0.00226634 1 1.09623
1 -0.00171733 -0.000320547 0.00810799 0.0017189 0.999978 0.00577715 -0.0130372 0.000311018 -0.00577757 0.999979 1.10458
0.999993 -0.00189973 -0.000194958 0.00735916 0.00190104 0.999983 0.00614874 -0.0179325 0.00018281 -0.00614924 0.999985 1.07746
1 -0.00160574 0.000195635 -0.00856711 0.00160549 0.999994 0.000969182 -0.0251799 -0.000196781 -0.000968686 0.999996 1.11296
0.999987 -0.00375721 0.000671125 0.000633654 0.00375887 0.999994 -0.002614 -0.021425 -0.000661858 0.00261635 1 1.08075
1 -0.0012938 0.00145333 -0.0250528 0.00129765 0.999992 -0.00261723 -0.0235325 -0.00144937 0.00261928 0.999992 1.07125
0.999993 0.00166644 -0.000956059 0.00703181 -0.00167011 0.999996 -0.0038168 -0.0200149 0.000949076 0.00381825 0.999997 1.10407
1.00001 6.89491e-05 0.00104758 -0.0249051 -6.47001e-05 0.999989 -0.00387768 -0.0181726 -0.00104716 0.00387779 0.999989 1.06936
0.999988 0.00317573 0.00181796 -0.0294316 -0.00317379 0.999999 -0.00117323 -0.00673739 -0.00182243 0.00116731 1 1.0843
0.999999 0.00365504 0.00085556 -0.00965862 -0.0036577 0.999984 0.00331792 -0.0105539 -0.00084275 -0.00332091 0.999991 1.12226
0.999992 0.00175268 0.00105345 -0.0279328 -0.00175517 0.999999 0.00226843 -0.0183131 -0.00105015 -0.00227033 1 1.10148
1.00001 -0.00063324 -0.000250042 -0.00261399 0.000633351 0.999997 0.000165115 -0.00893703 0.00025064 -0.000165204 0.999996 1.106
0.999991 -0.00190657 0.000693278 -0.0187517 0.00190605 1 0.000583238 -0.0141608 -0.0006951 -0.000582027 1 1.0952
1.00001 -0.000761054 0.00145771 -0.0191091 0.000760255 0.999996 0.000633664 -0.0107099 -0.00145754 -0.000632404 0.999994 1.08434
0.999991 -0.00226551 1.87765e-05 -0.00798265 0.00226533 0.999999 0.00165413 -0.0098599 -2.32003e-05 -0.00165427 1 1.09612
1 -0.00120585 0.00126011 -0.0292924 0.00120455 0.999996 0.0010381 -0.00946524 -0.00126068 -0.00103636 0.999995 1.08517
0.999993 -0.000549467 0.00163696 -0.030976 0.000552251 1 -0.00173353 -0.0179549 -0.00163665 0.00173423 1 1.07652
1 0.000243219 -0.00226082 0.0131149 -0.000252248 0.99999 -0.0039617 -0.0167302 0.00226052 0.00396236 0.999984 1.13289
0.999993 0.000483423 -0.00105029 0.00103262 -0.000485441 1 -0.00206695 -0.0184789 0.0010486 0.00206736 1 1.07232
1.00001 0.00138704 -0.000143523 -0.0139943 -0.001387 0.999996 0.0014969 -0.0140438 0.000146318 -0.00149661 0.999993 1.05909
0.999993 0.000813191 -0.00133744 0.00344278 -0.000807684 0.999995 0.00400671 -0.0143686 0.00133986 -0.0040056 0.999997 1.0826
1 0.00113338 -0.000904391 -0.00759966 -0.00112998 0.999989 0.00389719 -0.017886 0.000909702 -0.00389619 0.999986 1.07351
0.999994 0.00105902 0.000317977 -0.0242668 -0.00105908 1 0.000702847 -0.0219152 -0.000318057 -0.000703196 1.00001 1.08945
1.00001 6.47395e-05 0.000272268 -0.0212153 -6.4343e-05 0.999995 -0.0019828 -0.0220024 -0.000271567 0.00198282 0.999992 1.08527
0.999994 -0.000187708 0.000389848 -0.0245341 0.000188029 1 -0.000684708 -0.0192269 -0.000390527 0.000684797 1.00001 1.05187
1.00001 -0.000657664 0.000445725 -0.0243346 0.000657795 0.999998 -0.000400453 -0.0160593 -0.000444663 0.000400778 0.999994 1.05342
0.999994 -0.000698712 0.00022665 -0.0188925 0.000698713 1 0.000149478 -0.0190225 -0.00022755 -0.000149277 1.00001 1.0474
1 -0.00133102 0.000744734 -0.0303847 0.00133021 0.999997 0.00105396 -0.0152229 -0.000745291 -0.00105301 0.999994 1.02401
0.999994 -0.000216806 0.000289713 -0.0207596 0.000216261 1 0.00212556 -0.0118651 -0.00029105 -0.00212547 1 1.00397
1.00001 -0.000950755 -0.000150679 -0.019081 0.000950801 0.999998 0.000591507 -0.0171016 0.000150994 -0.000591668 0.999995 0.991459
0.999993 -0.000998563 -0.00138641 -0.0183921 0.000998426 1 -9.41696e-05 -0.0167916 0.00138559 9.2821e-05 1 0.968921
1 -0.000919676 -0.00276117 -0.0164526 0.000916545 0.999998 -0.00113858 -0.0191625 0.00276309 0.0011361 0.99999 0.961539
0.999991 0.0003158 -0.00267609 -0.0196106 -0.00031872 1 -0.00109042 -0.0189308 0.00267486 0.00109123 1 0.932725
1 -0.000343769 -0.00208578 -0.0250885 0.000344467 1 0.000300478 -0.0196308 0.00208658 -0.000301186 0.999993 0.893663
0.999991 0.00108263 -0.00212984 -0.02382 -0.00108064 0.999999 0.0010063 -0.0184079 0.00213003 -0.00100402 1 0.884926
1 0.000943231 -0.00188666 -0.0283839 -0.000941157 0.999999 0.00102844 -0.0192247 0.00188853 -0.00102668 0.999993 0.853123
0.999992 0.00100614 -0.00190647 -0.0235154 -0.00100333 0.999999 0.00153864 -0.0199642 0.00190716 -0.00153677 1 0.813986
1 0.00151848 -0.00188555 -0.0232597 -0.00151667 0.999998 0.000944999 -0.0190332 0.00188786 -0.00094202 0.999993 0.796173
0.999989 0.00196464 -0.00240836 -0.0121609 -0.00196316 0.999999 0.000591138 -0.0230213 0.00240867 -0.000586562 1 0.767501
1 0.00227017 -0.00244886 -0.0125402 -0.00227295 0.999997 -0.00112407 -0.0233929 0.00244717 0.00112982 0.999991 0.745249
0.99999 0.00183377 -0.00193419 -0.0197255 -0.00184133 0.999992 -0.00390332 -0.0168927 0.00192614 0.00390661 0.999997 0.698946
1 0.00294307 -0.00217371 -0.0194061 -0.00295121 0.999987 -0.00375402 -0.0173718 0.00216351 0.00376066 0.999985 0.681238
0.999991 0.001725 -0.00170007 -0.0204014 -0.00172977 0.999996 -0.00282772 -0.00914076 0.00169428 0.00283042 1 0.672155
1 0.00225194 -0.000976437 -0.00746754 -0.00225273 0.999995 -0.000860856 -0.0169215 0.000975353 0.000863241 0.999993 0.630725
0.999991 0.00238162 0.000392275 0.00234518 -0.00238186 0.999999 0.000485464 -0.015335 -0.000391966 -0.00048656 1.00001 0.615024
0.999996 0.00383046 0.00249459 0.00100701 -0.00383411 0.99999 0.00147271 -0.014274 -0.00248811 -0.00148212 0.99999 0.600104
0.999979 0.00239969 0.00473654 0.0111146 -0.00240589 0.999998 0.0012923 -0.0122306 -0.0047342 -0.00130387 0.999993 0.576798
0.999992 0.000783074 0.0053686 0.0434911 -0.000793991 0.999995 0.00203748 -0.0121537 -0.00536625 -0.00204154 0.999978 0.54401
0.999955 -0.000391839 0.00875068 0.0267304 0.000372222 0.999999 0.00223284 -0.00651893 -0.0087522 -0.00222964 0.999964 0.517153
0.999948 -0.000329925 0.0108331 0.0284908 0.000318901 0.999998 0.00102774 -0.00577106 -0.0108329 -0.00102407 0.999936 0.495998
0.999915 -0.000760129 0.012554 0.032593 0.000762244 1 -0.000171106 -0.00387949 -0.0125546 0.0001805 0.999926 0.489187
0.999909 -0.000122948 0.0139369 0.0401167 0.000143273 0.999998 -0.00145459 0.000941897 -0.0139361 0.00145655 0.999897 0.470436
0.999861 -0.00112139 0.0162549 0.0530928 0.00118362 0.999993 -0.00381513 0.00293976 -0.0162509 0.0038337 0.999866 0.437906
0.999812 -0.000292854 0.0196711 0.0568184 0.000390518 0.999987 -0.00496717 0.00319292 -0.0196689 0.00497405 0.999789 0.424782
0.999734 -0.00216249 0.0227104 0.0599434 0.00228044 0.999985 -0.00516301 0.00543519 -0.0226992 0.00521333 0.999734 0.409857
0.999672 -0.00248075 0.0257329 0.0641351 0.00257943 0.999988 -0.00381025 0.0124708 -0.0257227 0.0038755 0.999656 0.427668
0.999591 -0.00258698 0.0282556 0.0693012 0.00264528 0.999995 -0.00201975 0.00930413 -0.0282506 0.00209356 0.999604 0.407026
0.999522 -0.00237032 0.0310201 0.0721508 0.00245371 0.999993 -0.00265463 0.009467 -0.0310133 0.00272962 0.99951 0.403527
0.999402 -0.00277255 0.0342994 0.0736018 0.00285909 0.999993 -0.00246996 0.0095864 -0.0342926 0.00256642 0.999414 0.399619
0.999299 -0.00278869 0.0374989 0.0794252 0.00284663 0.999995 -0.00149639 0.00871586 -0.0374943 0.00160221 0.99929 0.419542
0.999188 -0.00222555 0.0400932 0.0716642 0.00232009 0.999995 -0.00230939 0.00980685 -0.0400881 0.00240042 0.999198 0.403578
0.999127 0.000547011 0.0419149 0.0693385 -0.00044615 0.999997 -0.00241857 0.00781691 -0.0419159 0.00239785 0.999114 0.393513
0.998971 0.00189138 0.045197 0.0672923 -0.00181357 0.999997 -0.00175882 0.00746907 -0.0452003 0.00167497 0.998981 0.382277
0.998923 0.000235342 0.0465332 0.0663359 -0.000248088 1 0.000266441 0.0068001 -0.046533 -0.000277644 0.998912 0.367955
0.99888 -0.000348331 0.047188 0.0687068 0.000329828 1 0.000403033 0.00512229 -0.0471882 -0.000387171 0.998891 0.366633
0.99874 -0.00196694 0.050278 0.0512708 0.00199062 0.999998 -0.000423011 -0.00845547 -0.050277 0.000522691 0.998731 0.361337
0.998716 -0.00112291 0.0505219 0.0449776 0.00121607 0.999998 -0.00181005 -0.0125938 -0.0505199 0.00186905 0.998726 0.367919
0.998712 0.000620131 0.0508648 0.0434334 -0.000462924 0.999995 -0.0031058 -0.0137206 -0.0508664 0.0030784 0.998697 0.359245
0.998627 0.00268872 0.0522019 0.0448541 -0.00249126 0.999989 -0.00384425 -0.0137941 -0.0522118 0.00370879 0.998634 0.359958
0.998538 0.00503374 0.0539252 0.0422799 -0.00482124 0.999979 -0.00407332 -0.00195822 -0.0539446 0.0038075 0.998531 0.361739
0.998542 0.00445518 0.053699 0.0643599 -0.00433391 0.99999 -0.00237046 -0.00358207 -0.0537089 0.00213418 0.99856 0.364671
0.99853 -0.000322025 0.0543004 0.06669 0.000352193 0.999998 -0.000548985 -0.00292431 -0.0543003 0.000567412 0.998519 0.3651
0.998573 -0.00296622 0.0532169 0.078344 0.00291749 0.999997 0.000996966 0.00582998 -0.0532195 -0.00084035 0.998588 0.37765
0.99851 2.74716e-05 0.0546638 0.0745008 -0.000151753 0.999995 0.00226421 0.00492141 -0.0546638 -0.00226913 0.998497 0.37518
0.998475 0.000337297 0.0551071 0.072836 -0.000443939 1 0.00192738 0.004235 -0.0551062 -0.00194894 0.998484 0.381244
0.99848 -0.000552234 0.0551997 0.0709346 0.000429459 0.999996 0.00223315 0.00308542 -0.0552011 -0.00220603 0.998468 0.390377
0.998372 -0.00159451 0.056915 0.0727246 0.00137267 0.999993 0.00393979 -0.00983721 -0.0569206 -0.00385532 0.998376 0.400979
0.998395 0.0035522 0.0566079 0.0568379 -0.00362819 0.999991 0.00123514 -0.00479815 -0.0566034 -0.00143854 0.998391 0.401614
0.998484 0.00427542 0.0547884 0.0541384 -0.00408114 0.999987 -0.00365458 -0.00547913 -0.0548028 0.00342545 0.998496 0.407751
0.99865 0.00187189 0.0520054 0.0633055 -0.00159927 0.999983 -0.0052856 0.00380636 -0.0520149 0.00519523 0.998629 0.417485
0.998863 -0.00169757 0.0475364 0.0630744 0.00182069 0.999997 -0.00254189 0.00703633 -0.0475316 0.00262569 0.998871 0.409908
0.999092 -0.00607047 0.0422996 0.0536609 0.00613825 0.999978 -0.00147803 0.00468491 -0.0422902 0.00173617 0.9991 0.433826
0.999366 -0.00750426 0.034645 0.0680133 0.00753126 0.999973 -0.000645482 -0.00496526 -0.0346389 0.000906209 0.999403 0.438833
0.999497 -0.00375911 0.0316855 0.0338136 0.00379375 0.99999 -0.00103895 -0.0056839 -0.0316816 0.00115842 0.999495 0.459579
0.999602 0.00383429 0.0277271 0.0282521 -0.00388595 0.999994 0.00181641 -0.00572374 -0.0277197 -0.00192323 0.999617 0.484596
0.999645 0.00649839 0.0260749 0.00188303 -0.00660305 0.999968 0.00392447 0.00197722 -0.0260488 -0.00409548 0.99965 0.499207
0.999693 0.00541943 0.0239579 0.0147207 -0.00551207 0.999981 0.00380012 0.000283371 -0.0239367 -0.00393081 0.999708 0.510248
0.99974 -0.00326492 0.0227865 0.0270787 0.00323426 0.999991 0.00138427 -0.00122318 -0.022791 -0.00131043 0.999737 0.513189
0.999746 -0.00713784 0.021145 0.0237446 0.00715868 0.999978 -0.000911564 -0.00811238 -0.0211379 0.001063 0.999778 0.532449
0.999833 -0.00573596 0.0176704 0.0274898 0.00577693 0.999977 -0.00226883 -0.00695376 -0.0176572 0.00237021 0.99984 0.555621
0.999891 0.0019865 0.014232 0.0160289 -0.00189858 0.999982 -0.00618074 -0.00328854 -0.014244 0.00615338 0.999881 0.571368
0.999931 0.00357117 0.0117005 -0.00784165 -0.00351209 0.999978 -0.00508812 0.00386992 -0.0117187 0.00504628 0.999919 0.601534
0.999977 -0.00190827 0.00633652 0.0119543 0.0019041 1 0.00069014 -0.00549836 -0.0063377 -0.000677784 0.999983 0.617009
0.999981 -0.00578248 0.00285586 0.019573 0.00577396 0.999977 0.00292757 -0.00346115 -0.00287289 -0.00291137 0.999988 0.616786
0.999998 -0.001321 0.00120604 -0.020892 0.00132053 1 0.000539319 0.00878613 -0.00120676 -0.000537321 1 0.653656
1 0.00112516 -0.00119286 -0.019958 -0.00112553 0.999998 -0.000187918 0.00165575 0.00119266 0.000188822 0.999995 0.686194
0.999991 0.00404576 -0.000672572 -0.0287653 -0.00404621 0.999993 -0.000905373 0.0011357 0.000668848 0.000908526 1 0.710008
1 0.000817939 -0.00119622 -0.00313688 -0.000820704 0.999996 -0.00225816 0.0143724 0.00119439 0.00225871 0.999993 0.706706
0.999998 -5.48264e-05 -0.00140471 -0.00325382 5.32454e-05 1 -0.00120685 -0.000878993 0.00140464 0.00120718 1 0.733745
1 0.000179911 -0.00162168 -8.59325e-05 -0.000179863 0.999999 0.000108787 -0.00114987 0.00162186 -0.000108912 0.999996 0.748994
0.999998 0.00127422 -0.000423865 -0.0115739 -0.00127344 0.999999 0.00139694 -0.00742206 0.000425429 -0.00139602 1 0.762734
1 -0.00030112 3.05059e-05 -0.0110884 0.00030092 0.999998 0.000839036 0.000214237 -3.05945e-05 -0.000839416 0.999996 0.772554
0.999999 -0.000251387 0.000709519 -0.00366353 0.000250073 1 0.00207838 -0.00689979 -0.000710166 -0.00207783 1 0.773976
0.999999 0.00187542 0.000583851 -0.000168545 -0.00187654 0.999995 0.00158307 -0.00602008 -0.000580757 -0.00158452 0.999994 0.797762
0.999998 0.00108021 0.00108559 -0.00127628 -0.00108022 1 0.000152125 0.00445343 -0.00108561 -0.000152978 1 0.790251
0.999997 -0.00198973 0.00156206 -0.00392357 0.00198751 0.999994 0.00125771 0.013031 -0.00156441 -0.00125493 0.999993 0.823844
0.999997 -0.00120073 0.00170077 -0.00465127 0.00120002 1 0.000609061 0.00278026 -0.0017017 -0.00060662 1 0.809787
0.999995 0.00283838 0.00194855 -0.00882367 -0.00283814 0.999993 -0.000355134 0.00323244 -0.00194941 0.000349204 0.999993 0.840533
0.999994 0.00314734 0.00040213 -0.00217079 -0.00314466 0.999983 -0.00556939 -0.00167093 -0.000419776 0.0055685 0.999989 0.835134
1 -0.000633284 0.000947111 -0.00204352 0.000639902 0.99997 -0.00732556 0.027048 -0.00094238 0.00732575 0.999968 0.826849
0.999999 0.000133717 0.000761866 0.00570807 -0.00013191 1 -0.00204167 -0.00407051 -0.000762249 0.00204198 1 0.831536
0.999993 0.00376736 0.00130946 -0.00725257 -0.00376984 0.99999 0.00166457 -0.00392996 -0.00130304 -0.00166992 0.999995 0.854716
0.999995 0.00280994 0.00083694 -0.00721828 -0.0028129 0.99999 0.00389688 -0.00734227 -0.000826169 -0.00389884 0.999995 0.863862
0.999999 0.00135811 -0.000275434 0.00282544 -0.00135694 0.999984 0.00519432 -0.0106438 0.000282625 -0.00519433 0.999984 0.851597
0.999995 0.00309139 -0.000514 0.00171434 -0.00308858 0.999984 0.00503636 -0.00680564 0.000529389 -0.0050344 0.99999 0.847728
0.999996 0.00286019 -0.000355894 -0.00627595 -0.00286011 0.999994 0.000385737 -0.0070989 0.000357152 -0.000385048 0.999997 0.851209
0.999994 -0.00315496 -0.00141223 0.00361206 0.00314458 0.99997 -0.00729468 -0.0164912 0.00143502 0.0072905 0.999975 0.844034
0.999997 -0.00252148 -0.000902966 -0.00774557 0.00251136 0.999935 -0.0110769 -0.013925 0.000931069 0.0110743 0.999936 0.838994
0.999998 -0.00186222 -0.000181796 -0.00946234 0.0018613 0.999987 -0.00493359 -0.00757117 0.000190714 0.00493361 0.999991 0.834911
0.999999 -0.00147352 -0.0010246 -0.00806602 0.0014788 0.999985 0.00522045 -0.0038899 0.00101718 -0.00522236 0.999984 0.846167
0.999991 -0.00373087 -0.00185612 0.0109636 0.00374464 0.999965 0.00751472 -0.0106901 0.00182774 -0.0075212 0.999971 0.834864
0.999998 -0.00113731 -0.00159921 0.00805938 0.00114229 0.999994 0.00306294 -0.0163623 0.00159601 -0.00306519 0.999993 0.837282
0.999999 0.000589709 -0.000545706 -0.00202533 -0.00059041 1 -0.00104561 -0.0138492 0.000544829 0.00104635 1 0.836307
0.999997 0.0027853 0.000688387 -0.00818654 -0.00278438 0.999995 -0.00110257 -0.0166997 -0.000691221 0.00110022 0.999998 0.83279
0.999997 0.00174126 0.00102171 0.00216275 -0.00174116 0.999998 -0.000238355 -0.0124875 -0.00102239 0.000237001 1 0.818587
0.999999 -0.000628928 0.00149493 0.00174112 0.000628972 1 9.42618e-05 -0.0173886 -0.00149473 -9.37119e-05 0.999998 0.810749
0.999998 0.00116742 0.00142593 0.00353658 -0.00116741 0.999999 -0.00013486 -0.020562 -0.00142634 0.000133617 1 0.809459
0.999997 0.00217248 0.00186666 -0.00273665 -0.00217194 0.999997 -0.000209436 -0.0160146 -0.00186693 0.000204968 0.999997 0.808894
0.999995 0.00196425 0.00229864 -0.00886515 -0.00196675 0.999998 0.00101554 -0.0146088 -0.00229686 -0.00101966 0.999997 0.799827
0.999999 -0.00064505 0.002253 -0.00721162 0.000643032 0.999999 0.000956511 -0.0133326 -0.00225344 -0.000955452 0.999997 0.800638
0.999997 3.83059e-05 0.00146954 -0.00156493 -3.76044e-05 1 -0.000580024 -0.0116233 -0.00146972 0.000580351 0.999998 0.789084
1 0.000324239 0.00157167 -0.00150218 -0.000321632 0.999999 -0.00156295 -0.00863907 -0.00157202 0.00156203 0.999998 0.786228
0.999998 -0.000423412 0.000822846 -0.000821339 0.000423615 0.999999 -0.000452395 -0.0119045 -0.000822756 0.000453119 0.999999 0.780041
0.999999 -0.00181179 0.00131689 -0.00255541 0.00181101 0.999999 0.000755589 -0.0123164 -0.00131819 -0.000753534 1 0.787242
0.999997 -0.000591054 0.00124242 0.000637996 0.000590433 0.999999 0.000319899 -0.011138 -0.00124269 -0.000318855 0.999998 0.778669
0.999999 0.0013305 0.0016919 -0.0113771 -0.00133043 1 0.000109785 -0.0126174 -0.00169171 -0.000112363 0.999999 0.783991
0.999997 0.00152711 0.000565324 0.00240682 -0.0015277 0.999998 0.000371986 -0.0109379 -0.000564794 -0.000372513 1 0.75456
1 0.00111743 0.000276762 -0.00375008 -0.00111729 1 0.000827053 -0.0122227 -0.000275799 -0.00082769 1 0.745256
0.999998 -0.00027742 -0.000139397 0.003877 0.000277077 0.999999 -8.5695e-05 -0.0153653 0.000139342 8.60008e-05 1 0.721651
1 -0.000411508 -0.000959664 0.00351339 0.000409159 0.999997 -0.00280028 -0.0155245 0.000960918 0.00279956 0.999996 0.711464
0.999998 -0.000145141 -5.92993e-05 -0.004353 0.000144685 0.999994 -0.00313016 -0.0133479 5.96509e-05 0.00313046 0.999995 0.70572
1 0.00134433 -0.000799688 -0.00216178 -0.00134554 0.999999 -0.00180074 -0.0125614 0.000797378 0.00180153 0.999998 0.711921
0.999996 -0.00208861 -0.000891579 0.00475871 0.00208566 0.999992 -0.00300078 0.011481 0.000897762 0.00299915 0.999995 0.699046
1 -0.00118636 -0.000267602 0.000141524 0.00118628 1 -0.00100006 8.01105e-05 0.0002689 0.000999466 1 0.707554
0.999996 -0.00211106 -0.000931678 0.00617779 0.00211006 0.999997 -0.000863658 0.0027446 0.000933385 0.000862045 0.999999 0.689367
0.999996 0.00368114 0.000207994 -0.00971083 -0.00368088 0.999995 -0.000415425 -0.0101094 -0.000209451 0.000414269 1 0.687205
0.999996 0.001784 -0.000768903 -0.0105752 -0.00178471 0.999996 -0.00053238 -0.012301 0.000767874 0.000534156 1 0.69609
1 -0.00131381 -0.000274102 9.8424e-05 0.00131442 1 0.00161011 -0.0153016 0.000272083 -0.00161086 0.999999 0.680553
0.999998 -0.000116894 0.000476267 0.00560734 0.000116445 0.999998 0.000723607 -0.0130508 -0.000476463 -0.000723198 1 0.670653
0.999992 0.00307673 0.00332642 -0.00899174 -0.00307807 0.999997 0.000399545 -0.0138996 -0.00332514 -0.000410239 0.999995 0.688004
0.999978 0.00375055 0.00524158 -0.00718581 -0.00375284 0.999991 0.000410195 -0.0168101 -0.00524008 -0.00042943 0.999987 0.683879
0.999978 -0.00341763 0.00590101 0.00391601 0.00343744 0.999991 -0.00333306 -0.0174646 -0.00588954 0.00335277 0.999977 0.659665
0.999972 -0.00211385 0.00690822 0.00240839 0.00213109 0.999993 -0.00249802 -0.0130453 -0.0069029 0.00251312 0.999972 0.674357
0.999982 0.00121219 0.00606064 0.0140722 -0.00120117 0.999999 -0.00180767 -0.00806895 -0.00606286 0.00179998 0.99998 0.68088
0.999971 0.00425036 0.00619139 -0.00503614 -0.00425191 0.99999 0.000231383 -0.00688676 -0.00619029 -0.000257384 0.999981 0.685869
0.999985 0.000224114 0.0056603 -0.00326682 -0.00022808 1 0.000703648 -0.00496486 -0.00566014 -0.000705217 0.999983 0.684249
0.999985 0.00262307 0.0047119 -0.00626167 -0.00261749 0.999996 -0.00118605 -0.00455656 -0.00471495 0.00117398 0.999989 0.714537
0.999992 0.00186678 0.00367968 -0.00165463 -0.00186706 0.999999 7.00093e-05 -0.0033607 -0.00367956 -7.71808e-05 0.999992 0.705685
0.999996 -0.000611234 0.00251647 -0.000630056 0.000604676 0.999996 0.00259164 0.000465861 -0.00251798 -0.00258981 0.999994 0.708985
0.999997 -0.00231523 0.00145259 0.000512317 0.00231166 0.999995 0.00247217 -2.8404e-05 -0.00145838 -0.00246913 0.999995 0.715166
0.999999 -0.000333425 0.000579938 0.00611157 0.000332483 0.999999 0.00164474 0.000639703 -0.000580388 -0.00164425 1 0.71271
1 0.00076984 0.0011264 -0.00913964 -0.00077018 1 0.000195546 -0.0105651 -0.00112642 -0.00019662 0.999998 0.751007
0.999996 -0.00211944 -0.000189239 0.00308644 0.00211873 0.999988 -0.00420312 -0.00512326 0.000198319 0.00420288 0.999992 0.725183
0.999982 -0.00631963 0.000325169 0.000830267 0.00632064 0.999974 -0.0039873 -0.00736847 -0.00030019 0.00398909 0.999992 0.749063
0.999969 -0.00752379 0.00039074 0.0100393 0.00752583 0.99996 -0.00459942 -0.00972566 -0.000355938 0.00460247 0.999989 0.742184
1 -0.000172305 0.000398577 -0.00245684 0.000172542 1 -0.00130399 -0.0058416 -0.000398485 0.00130373 1 0.770048
0.999997 0.00180924 -0.00054545 -0.00152258 -0.00180808 0.999996 0.00169215 -0.00567897 0.000548628 -0.00169079 0.999998 0.757235
1 -0.000505468 -0.00103621 0.000342944 0.000510659 0.999987 0.00538348 -0.0147425 0.00103327 -0.00538433 0.999986 0.753027
0.999995 -0.00199026 -0.00137018 0.0128184 0.00199438 0.999993 0.00280532 -0.0180445 0.00136479 -0.00280774 0.999994 0.766541
1 -0.000269914 -0.00053758 0.0100872 0.000269736 1 0.000186488 -0.0124032 0.000537297 -0.000186937 1 0.757395
0.999996 0.00162159 0.00125347 -0.00629655 -0.00162041 0.999998 -0.000670855 -0.0169243 -0.00125434 0.000669133 0.999998 0.753428
1 0.000786953 0.00195651 -0.00612872 -0.000785759 1 -0.000775935 -0.00976119 -0.00195732 0.000774076 0.999999 0.759227
0.999996 -0.00102003 0.0019595 -9.38401e-05 0.00102042 0.999999 -4.58147e-05 -0.0148013 -0.00195927 4.8097e-05 0.999997 0.747511
1 -0.000785702 0.000977148 0.00694674 0.000785962 1 -0.000674033 -0.00475111 -0.000976786 0.000674495 1 0.753096
0.999994 0.00126586 0.00231239 -0.00502432 -0.00126779 0.999998 0.00105433 -0.022086 -0.00231088 -0.00105698 0.999996 0.750495
1 0.00203692 0.00113581 -0.00391685 -0.00203634 0.999998 -0.00105908 -0.00205467 -0.00113811 0.00105636 1 0.762059
0.999996 -0.000605614 0.000168532 0.0051638 0.000606453 0.999998 -0.00161352 -0.0118007 -0.000167394 0.00161401 0.999997 0.764899
1 0.0011158 0.000187475 -0.00191665 -0.00111633 1 -0.00044899 -0.0105356 -0.000188148 0.000448345 1 0.770335
0.999995 0.00120892 0.0014895 -0.00781113 -0.00120815 0.999999 -0.000105171 -0.0134229 -0.00148946 0.000103833 0.999998 0.769209
1 -0.000761591 0.000488202 0.00050335 0.000760224 0.999999 0.00153725 -0.00617052 -0.000489565 -0.00153739 1 0.778329
0.999993 0.00250541 0.000407917 -0.00208677 -0.00250544 0.999995 0.00154059 -0.00617306 -0.000403814 -0.00154114 0.999998 0.792097
0.999999 0.00272204 0.00136287 -0.00478147 -0.00272467 0.999996 0.00145852 -0.00736853 -0.00135916 -0.00146276 1 0.79315
0.999995 -0.00120609 0.00172219 0.000252141 0.00120669 0.999999 2.37918e-06 -0.00400647 -0.00172188 2.41901e-07 0.999998 0.816814
1 -0.00124812 0.000763762 0.0103011 0.00124827 0.999999 -0.00108538 -0.00356184 -0.000762689 0.00108573 1 0.797024
0.999996 0.000826519 0.00153602 0.00613624 -0.000822636 0.999997 -0.0021132 0.000223927 -0.00153752 0.00211253 0.999996 0.803364
1 -0.00147074 0.00136796 -0.00649769 0.00147626 0.999989 -0.00453202 0.00199824 -0.00136156 0.00453343 0.999989 0.831637
0.999993 -0.00243241 -0.00103042 0.0160716 0.00242888 0.999988 -0.00416069 -0.0041147 0.00104075 0.00415882 0.999991 0.817707
1 -0.0014683 0.000691045 0.00292533 0.00147035 0.999991 -0.00412664 -0.00647158 -0.000685206 0.00412699 0.999991 0.833921
0.999994 -0.00246016 -0.00080038 -0.00201067 0.00246001 0.999996 -0.00117728 -0.00683012 0.000803395 0.00117594 0.999999 0.852235
0.999995 -0.00391359 -0.00174654 0.02211 0.00391404 0.999992 0.000713241 -0.00463996 0.0017436 -0.000720708 0.999998 0.830256
0.999996 -0.000447836 -0.00016829 -0.0061108 0.000448946 0.999997 0.00185328 -0.0118172 0.000167543 -0.00185274 0.999998 0.849616
1 0.000577051 -0.00136991 -0.00207189 -0.00057586 0.999999 0.00146045 -0.010924 0.00137067 -0.00146026 0.999999 0.837807
0.999993 0.00142649 -0.00165969 -0.0095707 -0.00142221 0.999996 0.00199571 -0.010294 0.00166264 -0.00199281 0.999996 0.854114
1 -0.00024414 -0.00185364 -0.00652933 0.000248378 0.999997 0.00278602 -0.0101188 0.00185281 -0.00278703 0.999995 0.864712
0.99999 -0.00126862 -0.0025328 0.00271265 0.00127709 0.999994 0.00297468 -0.00475655 0.00252911 -0.00297737 0.99999 0.863847
1 0.00130937 -0.0020691 -0.00853573 -0.00131085 1 -0.000274407 -0.0143884 0.00206861 0.000276566 1 0.870967
0.999992 -0.00130736 -0.00156906 -0.00985106 0.00130174 0.99999 -0.00416608 -0.017919 0.00157459 0.00416455 0.999988 0.857567
1 -0.00067101 -0.00307772 0.01199 0.000651968 0.999984 -0.00585416 -0.0200337 0.00308139 0.00585155 0.999981 0.845012
0.99999 0.00244566 -0.00174603 -0.0139478 -0.00244938 0.999992 -0.00272845 -0.019172 0.00173954 0.00273331 0.999992 0.890039
1 0.00145925 -0.0019988 -0.000452035 -0.0014549 0.999996 0.0027082 -0.0157832 0.00200259 -0.00270589 0.999997 0.858343
0.999993 -0.000729918 -0.00160335 -0.00649168 0.000735731 0.999995 0.00291067 -0.0153798 0.00160128 -0.00291112 0.999992 0.887224
1 -0.00126609 -0.00130108 0.00284857 0.00126736 0.999998 0.00191222 -0.0153123 0.00129858 -0.00191467 0.999999 0.870855
0.999994 0.00030388 -0.00149727 -0.00195154 -0.00030221 0.999999 0.000347503 -0.0152204 0.00149748 -0.000346196 0.999997 0.878829
1.00001 0.000349218 -0.000568798 -0.00632731 -0.000350528 1 -0.000419411 -0.0102436 0.000568445 0.000418756 1 0.875289
0.999988 -0.00294038 -0.00169194 0.0103009 0.00294429 0.999994 0.00175837 -0.00842857 0.00168697 -0.00176249 0.999995 0.861506
1 -0.00280455 -0.00155441 0.00304706 0.00280443 0.999996 0.000550405 -0.00972631 0.0015526 -0.000555614 1 0.873918
0.999991 -0.00227111 -0.000863101 -0.00139461 0.00227055 0.999996 -0.00168431 -0.00662512 0.000867185 0.00168317 0.999997 0.865898
1 -0.00119444 -0.00169278 0.00832022 0.00118861 0.999995 -0.00289105 -0.00607978 0.00169598 0.00288823 0.999997 0.86265
0.999992 0.00217298 -0.000323239 -0.0160882 -0.00217292 0.999995 -0.00265038 -0.00115727 0.000317778 0.00265189 0.999995 0.861406
0.999997 0.00415576 -0.00062184 -0.0146745 -0.0041545 0.999984 0.00362272 -0.00607337 0.0006365 -0.00362091 0.999996 0.885172
0.999986 0.00407046 -0.000180325 -0.0128034 -0.00406929 0.999992 0.00117384 -0.0121343 0.000185443 -0.0011723 0.999997 0.872693
1 0.00346595 0.000994028 -0.0102351 -0.00346599 0.999993 -0.000955901 -0.0151421 -0.000997635 0.000951665 1 0.85679
0.999988 0.00311084 0.00124341 -0.0105433 -0.00310385 0.999985 -0.00481649 -0.0189475 -0.00125809 0.00481342 0.999986 0.856471
1.00001 0.000820763 0.000910991 -0.00484624 -0.000819437 0.999996 -0.00247867 -0.0135601 -0.000913364 0.00247709 0.999998 0.844317
0.999994 -0.000386185 -0.000821216 0.0102338 0.00038614 1 -0.00121457 -0.00271279 0.000822053 0.0012151 0.999998 0.852986
1.00001 -0.00102238 0.00030719 -0.00329225 0.0010215 0.999999 0.000284234 -0.0094942 -0.000307866 -0.000284761 1 0.841651
0.999993 -0.00144491 2.79512e-05 0.00478563 0.00144575 0.999998 -0.00135577 -0.00546158 -2.56191e-05 0.00135666 0.999997 0.85603
1.00001 -0.000750231 0.000891539 -0.00454334 0.000752361 0.999995 -0.00311357 -0.015867 -0.000889573 0.00311341 0.999997 0.827064
0.999992 -2.96579e-05 0.00132502 -0.0142945 3.27289e-05 0.999998 -0.001894 -0.00541869 -0.00132469 0.00189491 0.999995 0.82892
1.00001 0.000980027 0.00138375 -0.0106132 -0.000979169 0.999999 -0.00105752 -0.00204119 -0.00138504 0.00105533 1 0.828198
0.999992 0.0011801 0.000928666 0.0127367 -0.00118018 0.999999 0.000688117 -0.0122463 -0.000927649 -0.000688447 0.999997 0.80858
1 -0.000315351 0.00225204 0.00980435 0.000317617 0.999999 -0.00123542 -0.0155876 -0.00225183 0.00123537 0.999998 0.810736
0.999988 0.00021494 0.00270494 0.00302953 -0.000206725 0.999996 -0.00285006 -0.0131083 -0.00270535 0.00285026 0.99999 0.811152
1 0.00188588 0.00277653 0.00149948 -0.00188237 0.999997 -0.00141851 -0.0133256 -0.00277937 0.00141246 0.999997 0.801807
0.999988 -0.000602898 0.00253998 0.00535122 0.000603283 1 1.63288e-05 -0.0146116 -0.00253979 -1.3999e-05 0.999994 0.793578
1.00001 -0.00086489 0.00228789 0.00910215 0.000861519 0.999999 0.0012786 -0.0137715 -0.00228918 -0.00127743 0.999999 0.791148
0.999988 -0.00153903 0.00215488 0.00594303 0.00154076 0.999998 -0.000620759 -0.0152831 -0.00215371 0.000624904 0.999995 0.789223
0.999997 0.00469545 0.00174749 -0.0133316 -0.00468678 0.999976 -0.00520068 -0.0146925 -0.00177207 0.00519157 0.999987 0.787391
0.999986 0.00265232 0.00137261 -0.00794557 -0.00264172 0.99997 -0.0073363 -0.0165256 -0.00139178 0.00733349 0.99997 0.776813
0.999995 -0.00512392 0.00187246 0.0197115 0.00512708 0.999986 -0.00189495 -0.00902478 -0.00186292 0.00190367 0.999999 0.764771
0.999983 -0.002006 0.00294474 0.00186512 0.0020013 0.999996 0.00175926 -0.00161816 -0.00294819 -0.00175251 0.999991 0.788658
1.00001 0.00116592 0.00266082 0.00138229 -0.00118483 0.999976 0.00692663 -0.00468937 -0.0026527 -0.00693059 0.999976 0.786712
0.999985 0.00155288 0.00250022 -0.00782995 -0.00155667 0.999996 0.00171359 -0.0138739 -0.00249755 -0.00171667 0.999992 0.782683
1.00001 0.000378348 0.000690076 0.00799312 -0.00037649 0.999995 -0.00344938 -0.00933454 -0.000691348 0.00344824 0.999997 0.774506
0.999984 0.00248936 0.00187668 0.00370786 -0.00248108 0.999987 -0.00411112 -0.00987964 -0.00188691 0.00410731 0.999987 0.764448
1.00001 -0.000368628 0.00152839 0.00297572 0.000372907 0.999996 -0.00316442 -0.00432828 -0.00152719 0.00316417 0.999997 0.774624
0.999978 -0.00409206 0.0018742 0.00941469 0.00410033 0.999982 -0.00417074 -0.00995297 -0.00185721 0.00417914 0.999986 0.74773
1.00001 -0.000400384 0.00188862 0.00221918 0.000408938 0.99999 -0.00476335 -0.00642219 -0.00188664 0.00476335 0.999991 0.756565
0.999984 0.00113848 0.00258563 -0.00441409 -0.0011309 0.999994 -0.00276175 -0.00255626 -0.00258883 0.00275959 0.999989 0.758119
1.00001 -0.000196438 0.00207463 -0.000415058 0.000191661 0.999999 0.00208533 -0.00698744 -0.00207492 -0.00208569 1 0.755398
0.999973 -0.0037101 0.00408942 0.0148013 0.00369492 0.999985 0.00381171 -0.0086503 -0.0041038 -0.00379576 0.999981 0.734053
0.999997 -0.00159776 0.00522616 0.00894163 0.00158805 0.999998 0.00179187 -0.0159327 -0.00522875 -0.00178431 0.999988 0.753415
0.99997 0.00180763 0.0056251 0.00709357 -0.00181309 0.999997 0.00103241 -0.0143837 -0.00562352 -0.00104181 0.99998 0.76023
0.99997 0.00153701 0.00909796 -0.00642302 -0.00153495 0.999999 -0.000281051 -0.0171201 -0.00909812 0.000266274 0.999962 0.752963
0.99993 0.00137139 0.0105823 0.00660449 -0.00136288 0.999998 -0.000775788 -0.0141567 -0.0105837 0.000762125 0.999941 0.737283
0.999967 4.07415e-05 0.00959744 0.0456449 -2.75712e-05 1 -0.00140416 -0.00604329 -0.00959718 0.00140297 0.999957 0.744529
0.999899 2.33982e-06 0.013264 0.00488408 7.37145e-06 0.999999 -0.000711417 -0.011537 -0.0132644 0.000712333 0.999908 0.724258
0.999936 -0.00258756 0.0122256 0.016904 0.00258219 0.999997 0.00043424 -0.0085425 -0.0122263 -0.000403539 0.999929 0.731337
0.999911 -0.00272898 0.0119673 0.010124 0.00272579 0.999995 0.000307622 -0.0067326 -0.0119685 -0.000274051 0.999924 0.726746
0.999942 -0.00458385 0.0111525 0.00602782 0.00457655 0.99999 0.000655021 -0.00445593 -0.0111551 -0.000604923 0.999942 0.715167
0.999929 -0.00576662 0.00892459 0.0192416 0.00575849 0.999982 0.000969636 -0.0134117 -0.0089304 -0.000917129 0.999956 0.740345
0.999973 -0.00480259 0.00767022 0.0188698 0.00479121 0.999988 0.00145938 -0.0165442 -0.00767669 -0.0014236 0.999974 0.73866
0.999966 -0.000656693 0.00624666 0.00859588 0.000656401 0.999999 0.000110536 -0.015028 -0.00624715 -0.000105404 0.999976 0.73832
0.999997 -0.00361692 0.00472579 0.00511417 0.00360144 0.999989 0.00320417 -0.011012 -0.00473686 -0.00318809 0.999988 0.739801
0.999965 -0.00626948 0.00132211 0.0261903 0.00626368 0.999969 0.00465845 -0.0142765 -0.00135185 -0.00464907 0.999983 0.709544
0.999992 -0.00676282 0.000437506 0.0189111 0.00676087 0.999971 0.0033802 -0.0130792 -0.000459802 -0.00337827 0.999999 0.722259
0.999982 -0.00253389 4.94688e-05 0.0180151 0.00253431 0.999995 0.00239164 -0.0184329 -5.60875e-05 -0.00239042 0.999992 0.700503
1.00001 -0.00287681 -0.00115122 0.00575534 0.00287047 0.999982 -0.00490944 -0.0150588 0.00116584 0.00490497 0.999992 0.720024
0.999983 -0.00011218 -0.00219401 0.00348281 0.000105726 0.999996 -0.00325961 -0.012323 0.00219391 0.0032605 0.999988 0.705188
