1.00001 0.000693732 0.0022521 -0.0114039 -0.000689304 1 -0.00132324 -0.0156889 -0.002252 0.0013213 1 1.23687
0.999991 -0.000106332 0.00132674 -0.0033129 0.000104775 0.999998 6.0106e-05 -0.0175557 -0.00132774 -5.95897e-05 0.999992 1.23368
1.00001 -0.00098629 0.000255531 0.00173623 0.000987767 1 0.000229123 -0.0211617 -0.000254732 -0.000229256 1.00001 1.2222
0.999992 -0.000359131 0.000572131 -0.00201856 0.000357859 0.999999 -0.000479071 -0.0170273 -0.000572955 0.000479673 0.999993 1.23152
1.00001 -0.000525454 0.000482438 -0.008106 0.000527047 1 -0.000133777 -0.018768 -0.000481398 0.000133578 1.00001 1.21375
0.999992 0.000614452 0.000325159 -0.00801342 -0.000615634 0.999998 -0.000746347 -0.0255863 -0.000326605 0.000746634 0.999993 1.19553
1.00001 -0.000663458 -0.000229258 0.00335905 0.000664885 1 -0.0004151 -0.021157 0.000230617 0.000414443 1.00001 1.20606
0.999992 -0.000640323 -0.000737267 -0.000862875 0.000640046 0.999998 0.00187046 -0.0305598 0.00073506 -0.00187048 0.999992 1.18552
1.00001 -0.000847026 -0.000557834 -0.017013 0.000849396 0.999999 0.00116404 -0.0276929 0.000557914 -0.00116502 1.00001 1.21018
0.999988 -0.00163739 -0.00204859 -0.0189097 0.00163471 0.999999 -0.000471074 -0.0239212 0.00204832 0.000468228 0.999991 1.22384
1.00001 0.000524378 -0.00232913 -0.00878017 -0.000528164 0.999998 -0.0023313 0.00879782 0.00232896 0.00233202 1 1.22395
0.99999 9.68121e-05 -0.00147533 -0.0104191 -9.86987e-05 1 -0.000134036 -0.0283842 0.00147427 0.000134668 0.99999 1.21977
1.00001 0.00150978 0.000145248 -0.024046 -0.00150811 0.999999 2.47026e-05 -0.0246641 -0.000144133 -2.54187e-05 1.00001 1.2243
0.999991 -1.2943e-05 -0.000101949 -0.0147113 1.12627e-05 1 -7.34632e-05 -0.0230298 0.000100886 7.39409e-05 0.999991 1.2123
1.00001 -8.19686e-05 -0.000399075 -0.0103737 8.38827e-05 1 0.000596254 -0.0228412 0.000400103 -0.000596771 1.00001 1.22939
0.999992 7.42547e-05 -0.000728593 -0.00461189 -7.59982e-05 1 -8.90376e-05 -0.0169858 0.000727503 8.95908e-05 0.999991 1.23642
1.00001 1.1473e-05 0.000373707 -0.0273734 -9.53246e-06 1 -0.000561499 -0.0285028 -0.000372625 0.000561022 1.00001 1.20722
0.999991 0.00018053 -0.000697131 -0.0106774 -0.000182769 0.999999 -0.000701438 -0.0243481 0.00069593 0.000702009 0.99999 1.2045
1.00001 0.000446826 -0.00162138 0.000171272 -0.000443098 1 0.00122944 -0.0326338 0.00162298 -0.00122915 1.00001 1.19832
0.99999 -0.000389611 -0.00165573 0.00631019 0.000387953 0.999999 5.87619e-05 -0.0249046 0.00165467 -5.89382e-05 0.999989 1.21903
1.00001 0.000292921 -0.00161016 -0.00614851 -0.000291959 1 -0.000479875 -0.0263068 0.00161107 0.000479871 1.00001 1.21058
0.999992 0.000392612 2.57783e-05 -0.0232868 -0.000394343 0.999999 0.000937169 -0.0234341 -2.64354e-05 -0.000936737 0.99999 1.2253
1.00001 -0.00154586 -0.00163517 0.00929429 0.00155098 0.999997 0.00205654 -0.0241515 0.00163297 -0.00205953 1.00001 1.24912
0.999991 -0.000411911 -0.00056971 -0.0166494 0.000410596 1 0.00037379 -0.0273986 0.000568799 -0.000373616 0.99999 1.19753
1.00001 -0.000516077 -0.00154517 0.0026085 0.000516053 1 -0.000887221 -0.0190561 0.00154647 0.000886018 1.00001 1.2214
0.999989 -0.00133342 -0.00167263 0.00181234 0.00133014 0.999998 -0.00115383 -0.0157423 0.00167332 0.00115203 0.999987 1.22625
1.00001 0.00104636 -0.00082637 -0.0117188 -0.00104493 1 8.62564e-05 -0.0238854 0.000827356 -8.57498e-05 1.00001 1.20415
0.99999 -0.00114785 -0.00147353 -0.00212724 0.00114573 0.999999 -0.000465535 -0.0106072 0.00147314 0.000464182 0.999988 1.22015
1.00001 -0.000476891 -0.00105116 -0.00433786 0.000478701 1 0.000373215 -0.0221061 0.00105189 -0.000374043 1.00001 1.21741
0.99999 -0.000373495 -0.00209467 0.00504164 0.000373266 1 0.000575709 -0.0295843 0.00209356 -0.000576182 0.999987 1.21795
1.00001 -0.000447139 -0.00112711 -0.00859675 0.000449055 1 0.00024576 -0.0282915 0.00112796 -0.000246643 1.00001 1.18812
0.999992 -0.000937514 -0.000652476 -0.00167614 0.000936605 0.999999 0.00121046 -0.0335553 0.000650446 -0.00121075 0.999988 1.21985
1.00001 0.000600832 -0.000696424 0.00223228 -0.000597907 0.999998 0.00176083 -0.0321999 0.000698348 -0.00176071 1.00001 1.21502
0.999992 0.000177315 -0.000498407 -0.000321505 -0.000178445 0.999998 0.00138067 -0.0313949 0.000497875 -0.00138029 0.999988 1.2546
1.00001 0.000638916 -0.000323381 -0.00862734 -0.000637314 1 0.000282814 -0.0358205 0.000324429 -0.000282927 1.00001 1.21052
0.999992 0.00085895 -0.000380303 -0.0100054 -0.000860151 0.999999 0.000849336 -0.0348488 0.000380142 -0.000848711 0.999989 1.21939
1 0.00234005 -0.00033693 -0.00353001 -0.0023377 0.999994 0.00257707 -0.0323264 0.000343837 -0.00257656 1.00001 1.22232
0.999992 0.000263638 0.00073214 0.0006021 -0.000267787 0.999993 0.00365142 -0.0305606 -0.000732077 -0.00365132 0.999982 1.2199
1.00001 0.00010807 0.00119676 -0.00258455 -0.000110502 0.999995 0.00327652 -0.0268134 -0.00119549 -0.00327695 1.00001 1.2223
0.999991 -0.000212069 0.00153881 -0.0112509 0.000204507 0.999992 0.00398511 -0.0290742 -0.00154051 -0.00398447 0.99998 1.23771
1.00001 -9.04815e-05 0.00110293 -0.0100674 8.99151e-05 0.999999 0.00188199 -0.0271723 -0.00110217 -0.00188225 1.00001 1.20446
0.99999 -0.00172488 0.00171248 -0.0141801 0.00172483 0.999998 -0.000876264 -0.0286473 -0.00171193 0.000879657 0.999988 1.21511
1.00001 0.000339054 0.00128362 -0.0202271 -0.000336105 0.999999 -0.00108679 -0.0330108 -0.00128298 0.00108591 1.00001 1.20174
0.99999 0.000108153 0.00228792 -0.0512362 -0.000110413 1 0.000336316 -0.0300792 -0.00228874 -0.000336113 0.999988 1.18703
1 -9.60487e-05 0.0022131 -0.0399069 9.75058e-05 1 6.76246e-05 -0.0274937 -0.00221213 -6.79772e-05 1.00001 1.22416
0.999993 -0.000112256 -0.000350983 -0.00676269 0.000110402 1 -0.00080495 -0.025892 0.000350122 0.000805444 0.999991 1.21391
1.00001 -5.87687e-05 -0.00115462 -0.0148128 6.15831e-05 1 0.00107041 -0.0306995 0.00115554 -0.001071 1.00001 1.23229
0.999992 -1.36985e-05 -0.00139614 -0.0168009 1.44498e-05 0.999998 0.00159029 -0.025485 0.00139522 -0.0015899 0.999988 1.19992
1.00001 -0.000189311 -0.000278581 -0.0256563 0.000190913 1 0.000503281 -0.0272915 0.000279367 -0.00050374 1.00001 1.2179
0.999993 0.000286434 -0.00100583 -0.00336075 -0.000288284 0.999999 -0.000552356 -0.0204108 0.00100481 0.00055302 0.99999 1.26578
1.00001 0.000684265 -0.000967751 -0.00632564 -0.000681833 1 0.0010892 -0.0385501 0.000969355 -0.00108894 1.00001 1.20459
0.999993 -0.000430328 -0.000878049 0.000851833 0.00042816 0.999999 -0.000868421 -0.0202467 0.000877594 0.000868444 0.99999 1.22179
1.00001 -0.00168344 -0.000876201 0.0013001 0.00168313 0.999997 -0.00195896 -0.0123108 0.000880343 0.00195708 1.00001 1.22614
0.999991 -0.0018009 -0.00142261 -0.00336529 0.00180033 0.999998 0.000590049 -0.0162928 0.00142076 -0.000592221 0.999989 1.21594
1.00001 2.44409e-05 -0.000242048 -0.018663 -2.26423e-05 0.999999 0.00153142 -0.0215724 0.000242921 -0.00153177 1.00001 1.20185
0.999993 0.000643059 0.00133702 -0.0291317 -0.00064218 0.999998 -0.00167671 -0.0301517 -0.00133893 0.0016762 0.999988 1.21638
1 0.0016297 0.000595972 -0.0210222 -0.0016278 1 -0.000907378 -0.0238797 -0.000596613 0.00090607 1.00001 1.22166
0.999992 0.00194777 0.000258192 -0.0262832 -0.00194929 0.999997 0.000661656 -0.0232349 -0.000257687 -0.000661819 0.99999 1.20926
1.00001 0.000509846 -0.000808453 -0.00570492 -0.000508011 1 0.000626503 -0.0343458 0.000809565 -0.000626444 1.00001 1.20547
0.999993 0.00109685 0.000890129 -0.0151886 -0.00110015 0.999997 0.00219507 -0.0499879 -0.00088851 -0.00219573 0.999989 1.21536
1 0.000407665 0.00151794 -0.0209829 -0.000409421 0.999997 0.00203667 -0.0348345 -0.00151631 -0.00203761 1 1.20624
0.99999 0.00215766 0.00220334 -0.0106494 -0.00216138 0.999998 0.0011184 -0.0270345 -0.00220172 -0.00112285 0.99999 1.20054
1 -0.00196155 0.00216468 0.000921239 0.00196759 0.999996 -0.00220068 -0.0271965 -0.00215959 0.00220458 1 1.20745
0.999989 -0.00319453 0.00122094 0.0120091 0.00319994 0.99998 -0.00552608 -0.022843 -0.00120407 0.00553031 0.999978 1.21468
1 0.0012646 0.00198559 -0.00286304 -0.00126371 0.999999 0.000220722 -0.0247167 -0.00198446 -0.000223605 1 1.1867
0.999989 -0.00177194 0.00265444 0.000554021 0.00176124 0.999993 0.00352977 -0.0195359 -0.00266151 -0.00352473 0.999985 1.18444
0.999983 0.00341462 0.00608153 -0.035786 -0.00341592 0.999995 0.000407428 -0.016874 -0.00607922 -0.000428532 0.999986 1.18724
0.999986 0.0025325 0.00287122 0.0196847 -0.00252329 0.999992 -0.00364285 -0.00021807 -0.00288125 0.00363592 0.999985 1.2037
0.999999 0.00175203 0.00344773 0.00485045 -0.00173252 0.999984 -0.00528957 -0.00284886 -0.00345608 0.0052832 0.999985 1.17947
0.999985 0.000154868 0.00397176 -0.0016632 -0.000136701 0.999989 -0.00488265 -0.00489949 -0.00397331 0.00488241 0.999975 1.17837
1 -9.6664e-05 0.00330414 0.00141326 0.000107362 0.999995 -0.00286703 -0.00417146 -0.00330301 0.00286701 0.999995 1.18214
0.999984 -0.00106868 0.00366397 -0.00185626 0.00106618 1 0.000348373 0.000786639 -0.00366512 -0.00034415 0.999988 1.175
0.999983 0.00212166 0.0067942 -0.0410592 -0.00211613 0.999997 -0.00065915 -0.0209709 -0.00679485 0.000644425 0.99998 1.17526
0.999989 -0.000754064 0.00176751 0.0196167 0.000760373 0.999993 -0.00414738 0.000440566 -0.00176503 0.00414901 0.999987 1.18317
1.00001 0.000477664 0.00163288 0.0150038 -0.000472925 0.999994 -0.00230776 -0.0298081 -0.00163336 0.00230663 0.999999 1.1516
0.999981 -0.00276607 0.0029925 -0.0133184 0.00276269 0.999999 0.000787796 -0.0219211 -0.00299532 -0.000779175 0.999992 1.14932
1.00001 -0.000590404 0.00276243 -0.0114489 0.000587049 0.999996 0.00160767 -0.0224587 -0.0027626 -0.00160637 0.999998 1.16593
0.999989 -0.00154113 0.000865406 0.0239887 0.00153995 1 0.000179348 -0.00684845 -0.000866389 -0.000177701 0.999997 1.19204
1.00001 -0.00171631 0.00136943 0.00694354 0.0017152 0.999994 0.00154424 -0.0241622 -0.00137137 -0.0015422 1 1.18105
0.999983 -0.00307599 0.00212114 -0.00884095 0.00307348 0.999999 0.000696508 -0.0159255 -0.00212396 -0.00068968 0.999993 1.18406
1.00001 -0.000138388 0.00056245 0.0192955 0.000140053 0.999994 -0.00153876 -0.0346101 -0.000561354 0.00153847 1 1.15228
0.999989 -0.000344169 0.00137321 0.00219249 0.000347311 1 -0.0028254 -0.0251939 -0.00137302 0.00282614 0.999993 1.17954
1.00001 0.000935599 0.000190852 0.00538407 -0.000934478 0.999992 -0.00207559 -0.0244078 -0.000192029 0.00207513 1 1.18183
0.999985 0.00303575 0.000895478 0.00622612 -0.00303759 1 0.00131222 -0.0171359 -0.000892284 -0.00131469 0.999996 1.18831
1.00001 -0.000163343 -0.00153762 -0.00258698 0.00016554 0.999995 0.00093405 -0.024403 0.00153845 -0.000934555 1 1.15289
0.999985 -0.000551212 -0.00273272 0.028315 0.000555542 1 0.00174405 -0.0280719 0.00273134 -0.00174548 0.999993 1.23087
1 -0.00201007 -0.00430865 -0.0036882 0.00201826 0.999993 0.00164256 -0.0191154 0.00430655 -0.00165166 0.999991 1.11612
0.999979 4.22982e-05 -0.00387027 0.00650372 -3.90444e-05 1 0.00117148 -0.0178252 0.00386919 -0.00117079 0.99999 1.14567
1.00001 0.000222081 -0.00420922 0.0177584 -0.000217248 0.999997 0.00076908 -0.0246238 0.00421111 -0.00076892 0.999995 1.2212
0.999969 0.000160687 -0.00616111 0.012058 -0.000162411 1 -2.07119e-05 -0.0206056 0.0061597 2.24618e-05 0.99998 1.16701
0.999989 0.000872913 -0.00670758 0.0158519 -0.000864854 0.999998 0.000959256 -0.0465176 0.0067099 -0.000954247 0.999978 1.19049
0.999976 0.0016242 -0.00477359 0.013056 -0.00161779 1 0.00173449 -0.0255601 0.00477535 -0.00172598 0.999988 1.26067
0.999995 0.00159 -0.00560367 0.0136747 -0.00157778 0.999995 0.00185093 -0.0258663 0.00560764 -0.00184283 0.999982 1.26137
0.999974 -0.000786034 -0.00510645 -0.0403986 0.000788485 1 0.000858508 -0.0155235 0.00510486 -0.000861802 0.999985 1.198
0.999999 -0.000747937 -0.00512534 -0.0145608 0.0007494 0.999999 -7.47607e-05 -0.0112747 0.00512646 7.02233e-05 0.999989 1.22383
0.999969 0.000412457 -0.00636871 0.0310149 -0.000411094 1 0.000458494 -0.0218139 0.00636834 -0.000455415 0.999979 1.28455
0.999995 0.000846909 -0.00544894 -0.0745222 -0.000839891 0.999999 0.00105326 -0.0310549 0.00545095 -0.00104922 0.999987 1.19006
0.999984 0.000501792 -0.00399952 -0.0462448 -0.00050126 1 0.000472756 -0.0400952 0.00399917 -0.000470825 0.999993 1.36472
0.999998 0.000853605 -0.00566303 0.00262377 -0.000856959 0.999999 -0.00082403 -0.0223305 0.005663 0.000828793 0.999989 1.30483
0.999976 0.00169527 -0.00400721 0.000130631 -0.00169585 0.999999 0.000192147 -0.0127399 0.00400684 -0.000185348 0.999987 1.25162
1 0.000854847 -0.00445524 0.00953921 -0.000856152 0.999999 -0.000587578 -0.0210455 0.00445543 0.000591373 0.999996 1.25718
0.999983 0.00155427 -0.000464689 -0.0197691 -0.00155624 1 -0.000986458 -0.0112907 0.000462526 0.000987238 0.999992 1.29127
1.00001 0.00165324 -0.0015407 -0.0114283 -0.00165184 0.999997 -8.90743e-05 -0.00936089 0.0015412 9.16002e-05 1.00001 1.30289
0.999982 0.00232791 0.00123575 -0.0692247 -0.00232964 0.999999 0.000168961 -0.00991268 -0.00123598 -0.00017187 0.999993 1.31346
1.00001 -0.000171536 -0.000280219 -0.0178641 0.000173274 0.999998 0.000437744 -0.0213387 0.000280468 -0.000437835 1.00001 1.28237
0.999976 0.004148 -0.000658884 -0.0235046 -0.00414804 0.999991 0.00224205 -0.0204738 0.000667864 -0.00223926 0.999991 1.27927
1.00001 0.00100108 -0.00175051 0.00675494 -0.000994565 0.999994 0.00274908 -0.0110287 0.00175359 -0.00274745 1 1.2175
0.999984 -0.00145764 -0.000603308 -0.0263509 0.00145577 1 -0.001079 -0.00878748 0.000604842 0.0010781 0.999992 1.30972
1.00001 0.00045979 0.000123012 -0.0247567 -0.000458455 0.999995 -0.000700892 -0.0352898 -0.000123276 0.000700837 1.00001 1.28982
0.99998 -0.0033476 -0.00165504 -0.00188808 0.00334851 0.999999 0.0013304 -0.0220947 0.00165053 -0.00133596 0.999993 1.29739
1.00001 -0.00278878 -0.00294066 0.0180224 0.0027946 0.99999 0.00150899 -0.0159257 0.00293659 -0.00151725 0.999999 1.26977
0.99998 -0.00353625 -0.00100089 0.00202629 0.00353674 0.999997 0.00169303 -0.0192431 0.000994804 -0.00169654 0.999994 1.28723
1.00001 -0.00211877 -0.00133389 0.00456501 0.00212138 0.999993 0.00108258 -0.0204352 0.00133167 -0.00108542 1 1.28811
0.999976 -0.00426485 -0.000592247 0.00275934 0.00426283 0.999994 -0.00135887 -0.0307994 0.000597922 0.00135634 0.999994 1.28526
1.00001 -0.00292565 -0.00148568 0.00927017 0.00292515 0.999992 -0.00119361 -0.0205612 0.00148929 0.00118928 1 1.30718
0.999983 -0.00115521 -0.00126653 0.00915013 0.00115347 1 -0.000351763 -0.0197378 0.00126686 0.000350315 0.999993 1.29199
1.00002 0.000230601 -0.00047331 0.000664574 -0.000229197 0.999997 0.000223224 -0.0161787 0.000473436 -0.00022313 1.00001 1.28373
0.999984 -0.000424181 -0.00175146 0.0171933 0.000426112 1 0.00185726 -0.0198633 0.00175059 -0.001858 0.999992 1.29404
1.00001 0.00236978 -0.0013019 0.0125748 -0.00236682 0.999994 0.00130629 -0.0183091 0.00130509 -0.00130319 1 1.2851
0.999986 7.05447e-05 0.000988481 -0.0195784 -7.03565e-05 1 -0.00160764 -0.0206505 -0.000988745 0.00160755 0.999995 1.29923
1.00001 0.00107401 0.000507293 -0.0107364 -0.00107169 0.999995 -0.00182917 -0.0230754 -0.000509078 0.00182861 1 1.29991
0.999987 -0.000187961 -0.000482102 0.000444951 0.000185189 0.999999 -0.00284075 -0.023007 0.000482441 0.00284067 0.999993 1.32627
1.00001 -0.00117573 -0.000378263 -0.000401063 0.00117563 0.999988 -0.00399194 -0.0270281 0.000383153 0.00399145 0.999995 1.29319
0.999987 8.67694e-05 -0.000246863 0.00121371 -8.90021e-05 0.999997 -0.00341079 -0.0250099 0.000246397 0.00341088 0.999991 1.30218
1.00001 -0.000445574 -0.000999686 0.000215682 0.000445857 0.999996 -0.00113917 -0.0219337 0.00100035 0.00113867 1 1.30225
0.999986 -0.000144739 -0.00123286 0.00532765 0.000143287 1 -5.33841e-05 -0.0175822 0.00123274 5.32851e-05 0.999996 1.28254
1.00001 0.000514438 -0.00142951 -0.00192757 -0.000512686 0.999997 0.000432609 -0.0261575 0.00142985 -0.000432008 1 1.31174
0.999986 0.000237376 -0.00102765 0.00321695 -0.000237657 1 0.000786903 -0.0183894 0.00102767 -0.000786598 0.999996 1.27919
1.00001 2.76191e-06 -0.00149726 0.00463918 -1.24113e-06 0.999997 0.000270297 -0.019355 0.00149738 -0.000270355 1 1.28777
0.999984 0.000392038 -0.00201894 0.00768012 -0.000393879 1 -0.000376462 -0.019596 0.00201859 0.000377305 0.999994 1.27396
1.00001 0.000387124 -0.00227634 0.00494011 -0.00038261 0.999997 0.00151831 -0.0406709 0.00227718 -0.00151747 1 1.25216
0.999981 -0.000512127 -0.00254823 0.013098 0.000515497 1 0.00172357 -0.0335793 0.00254718 -0.0017249 0.999989 1.29805
1.00002 0.00050617 0.000372317 -0.0292009 -0.000505435 0.999998 0.00104819 -0.040583 -0.000371629 -0.0010484 1.00001 1.35223
0.99998 0.000374199 -0.00293272 0.016157 -0.000378299 1 -0.00103085 -0.0224258 0.00293227 0.0010319 0.99999 1.25769
1.00002 -0.000250489 0.000443706 -0.0275927 0.000251674 0.999999 -0.000939303 -0.0269973 -0.000443303 0.000939475 1.00001 1.28748
0.999981 0.000880926 -0.00189072 0.00213076 -0.00087728 0.999999 0.00228141 -0.0592833 0.00189252 -0.00227986 0.999991 1.26758
1.00001 -0.000782712 -0.00237478 0.0143213 0.000780099 0.999998 -0.00139919 -0.0170026 0.00237594 0.0013973 1 1.3158
0.999981 -0.000311469 -0.00218642 0.00650442 0.000307484 1 -0.00149677 -0.016099 0.0021868 0.00149612 0.999992 1.31273
1.00001 -5.25286e-05 -0.00272433 0.0157859 5.37545e-05 1 0.000230175 -0.0232669 0.00272441 -0.000230279 1 1.27365
0.999981 -0.000247188 -0.00143331 -0.00171421 0.000248619 1 0.00130302 -0.0249186 0.00143289 -0.00130343 0.999993 1.29847
1.00002 -0.000671563 -0.00145638 -0.00407759 0.000670856 0.999999 -0.000738967 -0.00732826 0.00145699 0.000738022 1 1.29069
0.999982 0.00058891 -0.00150433 -0.00784138 -0.000588586 1 0.000482507 -0.0270886 0.00150452 -0.000481651 0.999993 1.28569
1.00002 0.000748989 -0.00142572 -0.00910438 -0.00074772 0.999999 0.00061064 -0.0239755 0.00142628 -0.000609548 1 1.27573
0.999983 0.000403558 0.00100494 -0.0379919 -0.000403394 1 -0.000541438 -0.0279749 -0.00100519 0.000540991 0.999995 1.30099
1.00002 0.00100865 -0.00153523 0.00265762 -0.00100957 0.999999 -0.000772755 -0.01787 0.0015345 0.000774351 1 1.26372
0.999982 0.000861029 -0.000106603 -0.0188323 -0.000861162 1 0.000588591 -0.0241504 0.000107142 -0.000588563 0.999994 1.28882
1.00002 -0.000165658 0.000153046 -0.0172818 0.000166018 0.999999 -0.00109211 -0.0269959 -0.000152967 0.00109215 1.00001 1.30289
0.99998 -0.00157928 -0.00171013 0.0126675 0.00157717 0.999998 -0.00109801 -0.0298838 0.00171194 0.00109533 0.999993 1.2972
1.00001 -0.00310427 -0.000986895 0.00777397 0.00310427 0.999995 -0.000138352 -0.0182072 0.000987253 0.000135294 1 1.28317
0.999981 0.000706958 -0.00201729 0.0178186 -0.000700225 0.999994 0.00348417 -0.0210565 0.00201986 -0.00348269 0.999987 1.31725
1.00002 -0.00062907 -0.000893277 0.00789724 0.000632769 0.999993 0.00374026 -0.0183546 0.000890828 -0.0037409 0.999998 1.30216
0.999983 0.00149516 -0.000227324 -0.00567973 -0.00149552 0.999998 -0.000601468 -0.0232531 0.00022649 0.000601888 0.999995 1.25777
1.00001 0.001874 -0.000374631 -0.009037 -0.00187472 0.999995 -0.00269875 -0.0269021 0.000369547 0.00269934 1 1.27319
0.999984 0.00020572 -0.000266745 -0.00829338 -0.000206359 0.999998 -0.00166645 -0.0281846 0.000266421 0.00166658 0.999994 1.24407
1.00002 0.000296844 0.00107955 -0.0203258 -0.000296775 1 5.39877e-05 -0.0225907 -0.00107953 -5.43534e-05 1.00001 1.25545
0.999982 0.00032809 0.00138064 -0.0158246 -0.000329747 0.999999 0.00111856 -0.0203546 -0.00138028 -0.00111898 0.999993 1.25546
1.00002 0.000632624 0.00222742 -0.0263872 -0.000636439 0.999998 0.00178314 -0.0222065 -0.00222628 -0.0017846 1 1.26397
0.999981 0.000347824 0.00112066 -0.015822 -0.000347858 1 -0.000179596 -0.0124752 -0.0011207 0.000179265 0.999992 1.2916
1.00002 0.000900653 0.000471089 0.00217377 -0.000899854 0.999999 -0.00124046 -0.0107553 -0.000472178 0.00123989 1.00001 1.25811
0.99998 -0.000865088 0.0020054 -0.0110901 0.000867377 0.999999 -0.00124915 -0.0258618 -0.00200429 0.00125101 0.99999 1.24655
1.00002 0.000219299 0.00197013 -0.00744497 -0.000217679 0.999998 -0.000704238 -0.0363142 -0.00197032 0.000703691 1 1.24288
0.999983 -0.000658339 0.000865418 -6.64903e-05 0.000658269 1 -0.000259729 -0.0283313 -0.000865193 0.000260403 0.999994 1.25264
1.00002 0.000319555 0.00146314 -0.00453575 -0.000320658 0.999998 0.000988504 -0.0294426 -0.0014629 -0.000989059 1.00001 1.22426
0.999978 -0.00159123 0.00242016 -0.0150051 0.00158557 0.999998 0.0021603 -0.0234041 -0.00242354 -0.0021564 0.999988 1.22529
1.00002 0.0001581 0.000765311 -0.00582181 -0.000158183 0.999998 0.000572726 -0.0250526 -0.000765253 -0.000572923 1.00001 1.22003
0.999983 1.05368e-05 0.000265966 -0.000112626 -1.0997e-05 1 2.32841e-06 -0.0234561 -0.00026581 -2.24822e-06 0.999994 1.19416
1.00002 0.000325161 0.000592703 0.00429071 -0.000324599 0.999999 -3.08798e-05 -0.0225059 -0.000592738 3.0596e-05 1.00001 1.23845
0.999979 -0.000945443 0.00266371 -0.0508446 0.000943353 1 0.000577407 -0.0394781 -0.00266413 -0.000574727 0.999992 1.17763
1.00002 -9.78521e-05 0.00194213 -0.02459 9.8134e-05 1 0.000115424 -0.0332539 -0.00194218 -0.000115384 1 1.24551
0.999982 7.61974e-05 0.00160956 -0.0171212 -7.70139e-05 1 5.65103e-05 -0.0242047 -0.00160952 -5.65605e-05 0.999995 1.2074
1.00002 -0.00131724 0.00020576 -0.00646643 0.00131812 0.999999 -0.000719237 -0.0160552 -0.00020484 0.00071938 1 1.19107
0.999983 -6.56675e-05 -0.00107573 0.0129882 6.61374e-05 1 0.00105507 -0.0284059 0.0010757 -0.00105504 0.999996 1.1614
1.00002 -0.00111607 -0.0011762 0.00497327 0.00111777 0.999999 0.000916207 -0.0259278 0.00117518 -0.000917598 1 1.16753
0.999982 -0.000837213 -0.00174811 0.00471861 0.000836601 1 1.37464e-05 -0.0265079 0.0017481 -1.5136e-05 0.999996 1.1519
1.00002 0.000485205 -0.000571639 -0.00833013 -0.000484614 0.999999 -0.000141662 -0.0347373 0.000571615 0.000141843 1 1.11155
0.999983 -0.000181647 -0.000846173 -0.00849686 0.00017996 1 -0.00118758 -0.0190022 0.000846346 0.00118751 0.999997 1.1156
1.00002 0.000592221 -0.000308094 -0.00704229 -0.000591333 0.999999 0.000564336 -0.0311969 0.000308433 -0.00056431 1 1.07789
0.99998 -0.00082681 -0.00205068 0.0011056 0.000824698 1 -0.000676661 -0.0158049 0.00205118 0.000675144 0.999994 1.08333
1.00001 -0.000732991 -0.0025708 -0.00309513 0.000734747 0.999998 0.000369743 -0.0153952 0.00257071 -0.000371834 1 1.06138
0.99998 -0.000928371 -0.00244484 -0.00590858 0.000932265 1 0.00186025 -0.024476 0.00244297 -0.00186238 0.999993 1.04552
1.00002 0.00143871 -0.00240784 -0.00792694 -0.00143321 0.999997 0.00202735 -0.0211099 0.00241115 -0.00202413 0.999999 1.09666
0.999971 0.000574535 -0.00467483 0.0260028 -0.000574388 1 8.15812e-05 -0.021783 0.00467477 -7.88595e-05 0.999987 0.976825
1.00001 0.000185849 -0.00357734 0.000310536 -0.000191697 0.999999 -0.00172867 -0.00221739 0.00357725 0.00172926 0.999996 1.06724
0.999975 0.000194001 -0.00375626 0.00159244 -0.00019821 0.999999 -0.00104213 -0.0014369 0.00375587 0.00104297 0.999989 0.991916
1.00002 -0.000565468 -0.00246028 -0.0167404 0.000571459 0.999999 0.00228496 -0.052084 0.00245923 -0.00228649 1 0.943914
0.999974 0.000278123 -0.00360202 -0.00359913 -0.000278183 0.999998 5.92604e-05 -0.0289942 0.00360177 -5.81276e-05 0.999988 0.941019
1.00001 -0.00040128 -0.00365642 -0.00357634 0.000400302 1 -0.000364471 -0.0237757 0.00365684 0.000362896 0.999999 0.913106
0.999979 1.28141e-05 -0.00183864 -0.0253138 -1.35531e-05 0.999999 -0.000309134 -0.0256489 0.00183857 0.000309231 0.999992 0.88506
1.00002 0.00103548 -0.0016804 -0.0238112 -0.00103544 1 -4.84247e-05 -0.0249801 0.0016804 5.00969e-05 1 0.876168
0.999979 -0.000146323 -0.00184946 -0.0240331 0.000145553 0.999998 -0.000400308 -0.0265125 0.00184949 0.000400096 0.999993 0.846409
1.00002 0.00127172 -0.00203514 -0.0181832 -0.00127135 1 0.000168891 -0.0219476 0.00203537 -0.000166363 1 0.839317
0.99998 0.00098451 -3.05678e-05 -0.0141648 -0.000984424 0.999999 -2.01281e-05 -0.0130866 3.05986e-05 2.02301e-05 0.999995 0.799647
1.00002 5.34374e-05 0.000697244 -0.0134177 -5.37731e-05 1 0.00034091 -0.0129734 -0.000697285 -0.000341024 1.00001 0.800127
0.99998 0.000132965 0.0011232 -0.0116983 -0.000133622 0.999999 0.000496165 -0.0157065 -0.00112295 -0.000496188 0.999994 0.757897
1.00002 -4.44263e-05 0.001073 -0.0109417 4.51309e-05 1 -0.000589645 -0.0187701 -0.00107316 0.000589576 1 0.757666
0.999978 -0.00150471 0.00134201 -0.0155624 0.00150601 0.999997 -0.00102454 -0.034074 -0.00134026 0.00102665 0.999994 0.737039
1.00002 -0.000449388 0.000303511 0.0019364 0.000449885 1 -0.00148109 -0.0219259 -0.000302966 0.00148112 1 0.738321
0.99998 -0.00105318 0.00145483 -0.0108681 0.0010533 0.999999 -0.000157161 -0.0322923 -0.00145449 0.00015879 0.999994 0.733992
1.00002 -7.64655e-05 0.00201756 -0.0134419 7.53213e-05 1 0.000626056 -0.0273378 -0.00201777 -0.000626002 1 0.7322
0.999977 -0.000266283 0.00282044 -0.0188576 0.000265464 0.999999 0.000244923 -0.016113 -0.00282031 -0.00024408 0.999991 0.732745
1.00002 0.000525462 0.0013733 0.00395394 -0.000522696 1 -0.0019038 0.0155007 -0.00137441 0.00190292 1 0.722012
0.99998 5.02696e-05 0.000981891 0.0069295 -4.8417e-05 0.999996 -0.00203457 0.0142838 -0.00098189 0.00203465 0.999991 0.7111
1.00002 -0.000329069 0.000209834 0.0227928 0.000329529 1 -0.00183416 0.0071956 -0.000209319 0.00183406 1 0.693063
0.999981 0.000287214 0.0016525 0.00954944 -0.000287517 0.999999 0.000157908 -0.0110943 -0.00165236 -0.00015825 0.999993 0.715425
1.00002 6.12785e-05 0.00162723 0.0277227 -6.41864e-05 1 0.00181035 -0.031345 -0.00162711 -0.00181064 1 0.746371
0.999981 -0.000174496 0.00182727 0.0175195 0.000169374 0.999994 0.00282898 -0.0538232 -0.00182776 -0.00282853 0.999989 0.714762
1.00001 0.000961845 0.00388165 -0.00819155 -0.00096968 0.999999 0.00198967 -0.0377472 -0.00387975 -0.00199359 0.999995 0.711661
0.999976 -0.0004111 0.00370626 -0.0121832 0.00040758 0.999998 0.000969239 -0.0292327 -0.00370659 -0.000967609 0.999988 0.685869
1.00002 -0.000203296 0.00257701 0.00655802 0.000202105 1 0.000429573 -0.0266148 -0.00257726 -0.000429266 1 0.735467
0.999977 0.000856159 0.00224995 0.00313335 -0.000851724 0.999998 -0.00189204 -0.00516929 -0.00225141 0.00189034 0.999989 0.690015
1.00002 -0.000661299 0.00218336 0.007586 0.000662628 0.999999 -0.000738648 -0.0106208 -0.00218303 0.000739902 1 0.724343
0.999978 0.000872863 0.00161349 0.00908493 -0.000873031 1 0.000289078 -0.00735557 -0.00161311 -0.000290334 0.999991 0.705447
1.00002 0.000187143 0.0022331 0.0014251 -0.000188741 1 0.000579031 -0.0105954 -0.00223308 -0.000579601 1.00001 0.710287
0.999977 -0.000575519 0.00217443 0.00215219 0.00057719 1 -0.000635066 -0.0125995 -0.00217396 0.000636447 0.99999 0.72565
1.00002 -0.000481734 0.001894 0.00152139 0.00048511 0.999998 -0.00192278 -0.0124994 -0.00189316 0.00192359 1 0.718083
0.999978 0.000517266 0.00152745 -0.00169993 -0.000513773 0.999998 -0.00207997 -0.00867762 -0.00152846 0.00207931 0.999989 0.721374
1.00002 -0.00241708 0.00153304 -0.00318016 0.00241911 0.999995 -0.00151974 -0.0117148 -0.00152947 0.00152328 1.00001 0.726286
0.999973 -0.00361459 0.000151393 -0.000422053 0.00361492 0.999994 -0.000454966 -0.0131206 -0.000149655 0.000455664 0.999992 0.734076
1 -0.00608091 -0.00108011 0.00795673 0.00608039 0.999981 -0.00032608 -0.0119729 0.00108198 0.000319329 1.00001 0.734497
0.999979 0.000555622 -1.81964e-05 -0.00386976 -0.000555329 1 -0.000337715 -0.0132965 1.8101e-05 0.000337862 0.999992 0.747564
1.00002 -0.00130355 -0.000647449 0.00356395 0.00130279 0.999996 -0.000673042 0.0014861 0.000648269 0.000672106 1.00001 0.745854
0.999981 -0.000321703 0.000812947 -0.00194081 0.000324629 0.999998 -0.00324434 0.0103434 -0.000811773 0.00324471 0.999988 0.752255
1.00001 -0.00394012 0.000769327 0.0026379 0.00394268 0.999983 -0.00356133 0.0068674 -0.000755469 0.00356422 1 0.738538
0.999976 -0.00326189 0.000664579 -0.000151077 0.00326283 0.999998 -0.00106912 -0.00143067 -0.0006609 0.00107135 0.999993 0.781014
1.00002 0.00262395 3.53858e-05 -0.000828403 -0.00262446 0.999986 0.00372657 -0.00233226 -2.57513e-05 -0.00372668 1 0.783519
0.999977 0.00269987 0.00107171 -0.0210962 -0.00270578 0.999982 0.00610507 -0.0173394 -0.00105502 -0.00610798 0.999975 0.823651
1.00002 -0.00222534 -0.000202606 0.0068553 0.00222602 0.999981 0.00549681 -0.0424244 0.000190218 -0.00549727 0.999993 0.803118
0.99998 -0.000748103 0.000599254 0.017823 0.000749691 0.999998 -0.00205666 -0.0165524 -0.000597597 0.00205723 0.99999 0.779173
0.999994 0.00154753 0.00702132 -0.0328331 -0.00150739 0.999982 -0.00576357 -0.015842 -0.00703013 0.00575263 0.999968 0.804243
0.999968 0.00231071 0.00451875 -0.0156667 -0.00229391 0.999992 -0.00363804 -0.0114526 -0.00452715 0.00362778 0.999974 0.82061
1.00001 0.000622537 0.0037184 -0.00365371 -0.000625341 0.999999 0.000656362 -0.0156045 -0.0037179 -0.000658825 1 0.837998
0.99997 -0.00143319 0.00412579 -0.0081931 0.00142415 0.999998 0.00227742 -0.0113565 -0.00412911 -0.00227146 0.999979 0.84646
1.00001 -0.00273194 0.00296493 0.000921246 0.00272263 0.999991 0.00305048 -0.00850268 -0.00297317 -0.00304241 1 0.839513
0.999974 -0.00209871 0.00231038 0.00591833 0.00209692 0.999998 0.000893628 -0.0107818 -0.00231229 -0.000888726 0.999987 0.845093
1.00001 -1.14211e-05 0.00445947 -0.0215047 9.93294e-06 0.999999 0.000272984 -0.00955599 -0.00445942 -0.000273033 1 0.844624
0.999972 0.00208087 0.00315072 -0.0146198 -0.00207545 0.999998 -0.00160913 -0.0175059 -0.00315416 0.00160271 0.999983 0.849881
1.00002 7.15107e-05 0.000476466 0.0199761 -7.08549e-05 0.999997 -0.00226164 -0.0170246 -0.000476405 0.00226151 1.00001 0.849774
0.999971 0.00109497 0.0036061 -0.0250058 -0.0010931 1 -0.000381965 -0.00389264 -0.00360651 0.000378046 0.999981 0.83344
1.00002 0.000982085 0.00360118 -0.00817856 -0.000987771 0.999998 0.00139573 -0.00559737 -0.00359967 -0.00139919 1.00001 0.858321
0.999964 0.00249427 0.00449331 -0.0214338 -0.00249701 0.999998 0.000752231 -0.0062484 -0.0044915 -0.000763514 0.999976 0.851127
1.00002 0.00128331 0.00241713 -0.00276202 -0.00128306 0.999998 -0.000377027 -0.0108705 -0.00241749 0.000374029 1.00001 0.866748
0.999968 0.000380699 0.00438185 -0.0152248 -0.000375516 1 -0.00104616 -0.00768275 -0.00438228 0.00104442 0.999977 0.855892
1.00002 -0.00124265 0.00252291 0.00288712 0.00124454 0.999997 -0.000935745 -0.00504584 -0.00252168 0.000938924 1.00001 0.879611
0.999973 -0.00247122 0.00161271 0.00679257 0.00247177 0.999999 -7.69306e-05 -0.00658903 -0.00161254 8.08689e-05 0.999985 0.855352
1.00002 -0.00196848 -5.32378e-05 0.00808869 0.00196799 0.999996 -0.000589708 -0.00897492 5.44589e-05 0.00058963 1.00001 0.870417
0.999977 -0.00130677 0.000793701 -0.00432666 0.00130792 1 -0.000865138 -0.00472805 -0.000792613 0.000866165 0.999986 0.87093
1.00002 -0.000525172 0.00088384 -0.00836383 0.000525533 0.999997 -0.000976114 -0.00391893 -0.000883307 0.000976628 1.00001 0.867779
0.999978 -0.000220213 0.000887098 -0.0186429 0.00022114 1 -0.000333086 -0.00618521 -0.000887035 0.000333177 0.999986 0.881972
1.00002 -4.04541e-05 0.00175469 -0.0298624 4.10138e-05 0.999997 -0.000694795 -0.00663505 -0.00175465 0.00069493 1.00001 0.872568
0.999978 -0.000499161 -0.000193472 -0.0246271 0.000499391 1 -0.00227239 -0.00219575 0.000194607 0.00227224 0.999984 0.866477
1.00002 -0.0003341 -0.000800806 -0.0140832 0.000331191 0.999993 -0.0028114 -0.00344524 0.000801756 0.00281119 1.00001 0.869423
0.999971 -0.000121843 -0.00364644 0.0120036 0.000115475 1 -0.00196375 -0.00706252 0.00364674 0.00196322 0.999977 0.873008
1.00002 -0.000273554 0.000160594 -0.0221578 0.000272815 0.999997 0.000249457 -0.0252924 -0.000160673 -0.000249335 1.00001 0.860572
0.999976 0.00163771 1.84562e-05 -0.0386563 -0.00163711 1 0.000515247 -0.019305 -1.7523e-05 -0.000515368 0.999986 0.826777
1.00001 0.000634684 -0.00442944 0.0227802 -0.000632829 0.999996 0.000542926 -0.0156152 0.00442988 -0.000540026 0.999999 0.862952
0.999979 0.000459163 -0.00181238 -0.0130288 -0.000460987 1 -0.00128661 0.0186991 0.0018119 0.00128736 0.999991 0.897023
1.00001 -0.000619028 -0.00314356 -0.0241597 0.000622723 0.999995 0.00132093 0.00196108 0.00314268 -0.00132285 1 0.873472
0.999963 -0.00169601 -0.00583395 0.00564119 0.00170706 1 0.00182795 -0.0226955 0.0058309 -0.0018379 0.999974 0.851236
1 -0.00037492 -0.0056334 -0.00554625 0.000379987 0.999993 0.00096903 -0.0155493 0.0056329 -0.000971148 0.99999 0.841577
0.999965 0.000672968 -0.00563153 0.00263004 -0.000670946 1.00001 0.000284949 -0.0126567 0.00563187 -0.000281174 0.999977 0.844933
1 -0.00175262 -0.00549469 0.00239841 0.00176226 0.999993 0.00182644 -0.0379209 0.00549134 -0.00183608 0.999992 0.829615
0.999971 -0.00034459 -0.00388843 -0.0221214 0.000339896 1 -0.00130678 0.00285878 0.00388913 0.00130544 0.999985 0.785487
1.00001 0.000925615 -0.00408274 -0.00682825 -0.000933242 0.999995 -0.00176227 -0.00467767 0.00408084 0.00176606 0.999996 0.796385
0.99997 0.000762175 -0.00393311 -0.00982414 -0.000764336 1 -0.000663466 -0.00718249 0.00393283 0.000666531 0.999986 0.77179
1.00002 0.000930403 -0.00298011 -0.014269 -0.000929505 0.999997 0.00045383 -0.0213852 0.00298027 -0.000451174 1 0.738405
0.99997 -0.00128652 -0.00381013 -0.00949515 0.00128665 1 -5.42859e-05 -0.0127744 0.00381049 4.95235e-05 0.999987 0.727374
1.00001 -0.00171937 -0.00406693 -0.0161082 0.00171583 0.999997 -0.000785165 -0.0184457 0.00406798 0.000778026 0.999998 0.711726
0.999966 0.00153955 -0.00468267 -0.018783 -0.00154756 0.999998 -0.00178734 -0.0145523 0.00468014 0.00179471 0.999982 0.689105
1 0.00179535 -0.00630228 -0.0129768 -0.00181226 0.999995 -0.00261706 -0.000252282 0.00629731 0.00262827 0.999982 0.680065
0.999944 0.000272128 -0.00841627 -0.0209262 -0.000285713 0.999998 -0.00168635 -0.0195268 0.0084159 0.0016888 0.999958 0.641348
0.999969 -0.000777594 -0.0102262 -0.0152366 0.000764104 1 -0.00126242 -0.00483906 0.0102271 0.00125446 0.999954 0.630807
0.99991 0.000315736 -0.0118397 -0.0427479 -0.000324522 0.999999 -0.000792469 -0.000592792 0.0118394 0.000796326 0.999924 0.613425
0.999894 0.00084675 -0.0158847 -0.0550596 -0.000830579 1 0.00106419 -0.0231869 0.0158855 -0.00105098 0.99988 0.610042
0.999792 0.00240819 -0.0192276 -0.0573455 -0.00238789 0.999996 0.0010454 -0.0231333 0.0192301 -0.000999107 0.999808 0.609765
0.999787 0.00134859 -0.0216927 -0.0737734 -0.00134395 0.999999 0.000257722 -0.0234726 0.0216931 -0.000228728 0.999774 0.592247
0.999679 0.000585634 -0.0243988 -0.0800383 -0.000579714 0.999999 0.000223845 -0.0211163 0.0243989 -0.000209395 0.999693 0.589677
0.999655 -0.000193495 -0.027128 -0.0650748 0.000206337 1 0.000491478 -0.0138828 0.0271279 -0.000497222 0.999641 0.53258
0.999506 0.00192562 -0.0306823 -0.0506383 -0.00189824 0.999999 0.000904419 -0.0180818 0.030684 -0.000845518 0.999522 0.576646
0.999417 -0.000316645 -0.0347491 -0.038052 0.000367115 0.999998 0.00145255 -0.012874 0.0347487 -0.00146471 0.999402 0.530576
0.999281 0.000469949 -0.0374123 -0.0195718 -0.000416679 1 0.00142541 -0.00367321 0.0374127 -0.0014086 0.999295 0.458771
0.999237 0.000169239 -0.0394138 -0.0358209 -0.000112887 0.999997 0.00143854 0.00145612 0.0394143 -0.0014332 0.999221 0.481537
0.999147 0.000570013 -0.0409365 -0.042288 -0.000499958 1 0.00171521 0.00281329 0.0409371 -0.00169311 0.99916 0.517625
0.999112 9.71561e-05 -0.042484 -0.0434607 -4.84361e-05 0.999998 0.00115375 0.0021168 0.0424845 -0.00115084 0.999097 0.516977
0.999018 -0.000475161 -0.0439621 -0.0434108 0.000510423 1 0.000784418 0.0025483 0.0439612 -0.000805902 0.999033 0.51457
0.998922 -0.00115734 -0.0467005 -0.0347161 0.00119177 0.999998 0.000716114 -0.00821595 0.0466999 -0.000771181 0.998908 0.531234
0.998764 -0.000898254 -0.0494219 -0.0388626 0.000932311 1 0.000659868 -0.0131054 0.0494208 -0.000704954 0.998778 0.548856
0.998737 -0.0012919 -0.0504907 -0.0395673 0.00134581 0.999997 0.00103947 -0.0129043 0.0504896 -0.00110624 0.998723 0.548839
0.998652 -0.000532362 -0.0516323 -0.0487191 0.00060167 1 0.00132282 0.000878618 0.0516311 -0.00135207 0.998666 0.48219
0.998653 0.00146522 -0.0521145 -0.0891747 -0.00145037 0.999997 0.00032708 -0.00233754 0.0521154 -0.000251156 0.99864 0.543265
0.998519 -0.00118004 -0.0541575 -0.0798686 0.00119152 1 0.00017538 -0.00902512 0.0541568 -0.000239581 0.998534 0.49942
0.998486 -0.00283936 -0.0551764 -0.112399 0.0028889 0.999994 0.000822484 0.0199201 0.0551757 -0.000980739 0.998475 0.462107
0.9983 -0.0044182 -0.057894 -0.113885 0.00455351 0.999989 0.00220163 0.0205345 0.0578815 -0.00246147 0.998322 0.461741
0.998167 -0.00341174 -0.0606521 -0.12253 0.00352896 0.999991 0.00182983 0.0195042 0.0606474 -0.00204057 0.998156 0.471965
0.998171 0.00311123 -0.060127 -0.153469 -0.00299944 0.999995 0.00194516 0.0236799 0.0601306 -0.00176124 0.99819 0.399565
0.998195 0.00719317 -0.0598726 -0.16192 -0.00703546 0.999971 0.00285044 0.00966558 0.0598934 -0.00242409 0.998202 0.436516
0.998176 0.00454924 -0.0599621 -0.162372 -0.00444026 0.999989 0.00194439 0.00341313 0.0599685 -0.00167459 0.998199 0.409673
0.998221 0.00270513 -0.0598112 -0.162256 -0.00265871 0.999996 0.000861886 0.00259208 0.0598151 -0.000701352 0.998209 0.409573
0.998291 9.88364e-05 -0.0581872 -0.179342 -1.62501e-05 1 0.00141503 0.0115828 0.0581854 -0.00141162 0.998305 0.445912
0.998352 0.000167977 -0.057644 -0.154801 -3.55895e-05 0.999997 0.00230284 0.0100797 0.057646 -0.00229706 0.998334 0.403313
0.998306 0.000507696 -0.0579317 -0.163529 -0.000313777 0.999995 0.00335258 0.0107595 0.0579313 -0.00332867 0.998316 0.443585
0.998202 4.22319e-07 -0.0601877 -0.148515 0.000162492 0.999996 0.00270551 0.00676069 0.0601891 -0.00271045 0.998183 0.415765
0.998122 0.00267002 -0.0609471 -0.155738 -0.00247946 0.999992 0.00319717 0.00561155 0.0609535 -0.00304006 0.998137 0.439451
0.997916 0.00127812 -0.0647524 -0.0993341 -0.000975724 0.999988 0.00470521 0.0109709 0.0647595 -0.00463218 0.99789 0.452285
0.997863 0.00250645 -0.0650524 -0.10575 -0.00210341 0.999979 0.0062573 0.00266203 0.0650648 -0.00610712 0.997864 0.420575
0.997756 0.00205871 -0.0671644 -0.0823034 -0.00165767 0.99998 0.00603122 0.00810298 0.0671772 -0.00590629 0.997722 0.489701
0.997712 0.00252815 -0.0673299 -0.0807388 -0.00210973 0.999978 0.00627782 0.0014539 0.0673426 -0.00612141 0.997713 0.454059
0.997757 0.000944308 -0.0671608 -0.0781357 -0.00052339 0.99998 0.00629095 -0.0102049 0.0671672 -0.00624169 0.997721 0.467938
0.997783 0.000441931 -0.0663244 -0.0753805 -0.000181391 0.999992 0.00392788 -0.000285055 0.0663239 -0.00390709 0.997792 0.487323
0.997814 0.000683917 -0.0663183 -0.0618524 -0.000423731 0.999992 0.00394435 -0.0168671 0.0663224 -0.00390765 0.99779 0.51726
0.997962 3.97063e-05 -0.0635625 -0.0834113 9.9114e-05 0.999998 0.00217406 -0.020872 0.0635604 -0.00217591 0.997977 0.503722
0.998165 0.000878289 -0.0608198 -0.0922885 -0.000858241 0.999999 0.000363519 0.00688599 0.0608221 -0.000310762 0.998148 0.531853
0.998247 0.00262743 -0.0588608 -0.0757682 -0.00258973 0.999997 0.000703817 0.00697569 0.0588605 -0.000550061 0.998267 0.571512
0.998462 0.00179628 -0.0557089 -0.0567718 -0.00176682 0.999998 0.000593149 0.0105151 0.0557118 -0.000493911 0.998446 0.575162
0.99873 0.00197577 -0.0500122 -0.0633205 -0.00187567 0.999996 0.00203276 0.00329804 0.0500142 -0.00193629 0.998748 0.615327
0.99887 -0.00174331 -0.04785 -0.0585571 0.0018899 0.999994 0.00303213 0.00409461 0.0478462 -0.00311921 0.998849 0.623619
0.998837 -0.0024693 -0.0477794 -0.0833355 0.00268922 0.999986 0.00452355 0.00486529 0.0477658 -0.00464672 0.998848 0.614633
0.998736 -0.00100603 -0.0506069 -0.0451492 0.00117395 0.999993 0.0033042 0.0196295 0.0506052 -0.00335954 0.998712 0.676595
0.998782 0.00211642 -0.0489341 -0.0510559 -0.00201011 0.999995 0.00220455 0.00675513 0.0489367 -0.00210337 0.9988 0.703687
0.998873 0.00318368 -0.0477223 -0.0472975 -0.00327268 0.999993 -0.00177014 0.00266265 0.0477183 0.00192411 0.998858 0.710813
0.999023 7.70527e-05 -0.0437994 -0.0835636 -0.000167706 0.999998 -0.0020846 -0.0150344 0.0437976 0.0020901 0.99904 0.730741
0.999138 0.00271592 -0.0418158 -0.0933562 -0.0028524 0.99999 -0.00318351 0.00121283 0.0418084 0.00329981 0.999119 0.764329
0.999167 0.00150973 -0.0404116 -0.0829761 -0.00161408 0.999997 -0.00257349 0.00321986 0.040406 0.00263672 0.999182 0.80713
0.999228 0.00173504 -0.0396336 -0.0888517 -0.00171206 0.999998 0.000639359 0.00533168 0.0396362 -0.000571107 0.999213 0.787208
