1 0.000947339 0.000955294 0.00157056 -0.000943151 0.99999 -0.0044113 -0.00557984 -0.000959411 0.00441031 0.99999 0.98983
0.999997 -0.00172067 0.00164128 0.00962603 0.00172966 0.999984 -0.00545447 -0.00449034 -0.0016318 0.00545731 0.999984 1.93297
0.999994 -0.00318224 0.00177382 0.0120793 0.00318527 0.999993 -0.00175064 0.000505626 -0.00176822 0.00175618 0.999997 2.89672
0.999977 -0.00682246 0.000135876 0.0315722 0.00682196 0.99997 0.00404991 0.00203997 -0.000163458 -0.00404885 0.999993 3.85065
0.999948 -0.0101832 -0.000945863 0.0308483 0.0101869 0.99994 0.00403248 0.00459856 0.000904781 -0.00404193 0.999992 4.82373
0.999908 -0.0133162 -0.00276341 0.0366788 0.0133199 0.999912 0.00127973 0.0128263 0.00274617 -0.00131639 0.999997 5.78765
0.999896 -0.0140443 -0.00362444 0.0388622 0.0140365 0.999899 -0.00211412 0.012551 0.00365381 0.00206301 0.999992 6.72458
0.999888 -0.014248 -0.00465395 0.0310548 0.0142352 0.999896 -0.0027793 0.0174819 0.0046931 0.00271277 0.999987 7.66368
0.999882 -0.0139534 -0.00650552 0.0290507 0.0139487 0.999903 -0.000753002 0.0158786 0.00651541 0.000662154 0.999979 8.60984
0.999875 -0.0136937 -0.00798537 0.0284506 0.0137106 0.999905 0.00204643 0.0162041 0.00795662 -0.00215563 0.999967 9.5597
0.999858 -0.0142092 -0.00912327 0.0138159 0.0142442 0.999892 0.0037995 0.0166194 0.00906831 -0.00392894 0.999952 10.512
0.999838 -0.0154893 -0.00929234 0.00103097 0.0155357 0.999869 0.00493211 0.0168579 0.00921476 -0.00507567 0.999946 11.4408
0.999825 -0.0156504 -0.0103386 -0.00991419 0.0157062 0.999863 0.00535297 0.0182023 0.0102534 -0.00551448 0.999933 12.3732
0.999812 -0.0159224 -0.0111613 -0.0181779 0.0159707 0.999865 0.00423761 0.0198127 0.0110923 -0.00441506 0.999931 13.3033
0.999786 -0.0162863 -0.0128241 -0.0336838 0.0163156 0.999865 0.00219806 0.0235881 0.0127865 -0.0024069 0.999917 14.2583
0.999732 -0.0174747 -0.0152156 -0.0362636 0.0174922 0.999848 0.00101364 0.0244836 0.0151956 -0.00127954 0.999885 15.1869
0.999697 -0.0171331 -0.0177486 -0.0419343 0.0171432 0.999854 0.000427178 0.024162 0.0177386 -0.000731414 0.999844 16.117
0.99968 -0.0155304 -0.0199998 -0.0538555 0.0155266 0.999881 -0.000353023 0.0249055 0.020003 4.23591e-05 0.999802 17.0255
0.999653 -0.0138646 -0.0224504 -0.0699013 0.0138605 0.999905 -0.000332836 0.0277166 0.0224529 2.14472e-05 0.99975 17.9303
0.999583 -0.0147111 -0.0248632 -0.0808931 0.0147368 0.999892 0.000844874 0.0242535 0.0248481 -0.00121094 0.999692 18.8323
0.999539 -0.0142573 -0.0268376 -0.104195 0.0143243 0.999895 0.00230829 0.0229311 0.0268019 -0.00269175 0.999639 19.7622
0.999486 -0.0138895 -0.0289156 -0.124892 0.0140076 0.999895 0.00388217 0.0149384 0.0288587 -0.00428524 0.999576 20.6651
0.99941 -0.0148376 -0.031007 -0.147395 0.0149654 0.999881 0.00389687 0.0170212 0.0309456 -0.0043587 0.999514 21.5649
0.999355 -0.015018 -0.0326275 -0.180239 0.0151359 0.99988 0.00336684 0.020046 0.0325731 -0.00385853 0.999463 22.4684
0.999369 -0.0149278 -0.0322748 -0.239018 0.0150536 0.999881 0.00365918 0.0242982 0.0322164 -0.00414278 0.999474 23.3447
0.999357 -0.0147409 -0.0326961 -0.281096 0.0149209 0.999876 0.00526497 0.0309271 0.0326145 -0.00574943 0.999454 24.2191
0.999302 -0.015612 -0.0339806 -0.305127 0.0158883 0.999844 0.00787804 0.0370317 0.0338523 -0.0084125 0.999394 25.0906
0.999265 -0.015231 -0.0351964 -0.329983 0.0155654 0.999837 0.00924399 0.0420757 0.0350499 -0.00978504 0.99934 25.9585
0.99919 -0.0151656 -0.0373118 -0.349632 0.0154559 0.999854 0.00750416 0.0540757 0.0371925 -0.00807482 0.999278 26.819
0.999097 -0.0140362 -0.040129 -0.367099 0.0142381 0.999888 0.00474881 0.0617461 0.0400578 -0.00531588 0.999185 27.6559
0.999014 -0.0135568 -0.0423123 -0.388588 0.0136855 0.999904 0.00275256 0.0688844 0.0422709 -0.00332899 0.999103 28.4812
0.998973 -0.0119474 -0.0437285 -0.419381 0.0120539 0.999926 0.00217182 0.0754541 0.0436993 -0.00269669 0.999043 29.3059
0.998924 -0.0117845 -0.0448876 -0.456584 0.0118743 0.999929 0.00173419 0.0741554 0.044864 -0.00226538 0.998993 30.1055
0.99886 -0.0111207 -0.0464351 -0.498371 0.0111738 0.999938 0.000885566 0.0720449 0.0464224 -0.00140342 0.998923 30.8999
0.99882 -0.010397 -0.047472 -0.549415 0.0104347 0.999946 0.000549477 0.0784029 0.0474638 -0.00104427 0.998875 31.6792
0.998717 -0.0104227 -0.0495696 -0.584171 0.010472 0.999946 0.000735693 0.0942481 0.0495593 -0.00125382 0.998773 32.4666
0.998644 -0.0105629 -0.0510201 -0.633727 0.0107181 0.99994 0.00277108 0.0988437 0.0509879 -0.00331422 0.998697 33.2178
0.998516 -0.0099886 -0.0535441 -0.672539 0.0102144 0.999941 0.00394388 0.103315 0.0535017 -0.00448497 0.99856 33.9819
0.998419 -0.00899166 -0.0555178 -0.711669 0.00923235 0.99995 0.00408185 0.107794 0.0554785 -0.00458802 0.998452 34.7284
0.998285 -0.00650871 -0.0581851 -0.751697 0.0067172 0.999973 0.00338762 0.109502 0.0581616 -0.00377267 0.998302 35.473
0.998186 -0.00504975 -0.0600104 -0.799002 0.00524369 0.999983 0.00307572 0.108062 0.059994 -0.0033849 0.998197 36.196
0.998094 -0.00471502 -0.0615412 -0.847763 0.00499391 0.999979 0.00437802 0.111416 0.0615194 -0.00467702 0.998097 36.9123
0.998033 -0.00328487 -0.0626261 -0.899569 0.00368256 0.999975 0.00623649 0.116134 0.0626042 -0.00645492 0.998021 37.6223
0.998051 -0.000394315 -0.0624136 -0.95193 0.000816763 0.999978 0.00674255 0.118848 0.0624096 -0.00678039 0.99803 38.3112
0.998124 0.00266244 -0.0611892 -1.004 -0.00238023 0.999988 0.00468497 0.120664 0.061201 -0.00453061 0.998119 38.9978
0.9982 0.00445228 -0.059819 -1.04083 -0.00434757 0.99999 0.00188057 0.118857 0.0598268 -0.00161707 0.99821 39.6856
0.998339 0.00503308 -0.0574153 -1.08671 -0.00502926 0.999989 0.000211809 0.123448 0.0574159 7.72502e-05 0.998354 40.3548
0.998495 0.00608844 -0.0545228 -1.12397 -0.00605886 0.999982 0.000706465 0.133217 0.0545262 -0.000375002 0.998515 41.0339
0.998616 0.0107861 -0.0514999 -1.16187 -0.0106529 0.999941 0.00286135 0.141172 0.0515278 -0.00230883 0.998673 41.7062
0.998772 0.0147934 -0.0473077 -1.20872 -0.0145001 0.999875 0.00653365 0.138338 0.0473985 -0.00583966 0.998862 42.3165
0.998915 0.0196618 -0.0422422 -1.25063 -0.0193673 0.999787 0.00737148 0.145751 0.0423781 -0.0065454 0.999085 42.9579
0.999103 0.0232092 -0.0354662 -1.3014 -0.0229707 0.999713 0.00711489 0.160743 0.035621 -0.00629384 0.99935 43.5607
0.999232 0.0270081 -0.028458 -1.34237 -0.0267641 0.999604 0.00892206 0.168146 0.0286876 -0.0081535 0.99956 44.1287
0.999268 0.0319954 -0.0210647 -1.37011 -0.0317883 0.999446 0.0100875 0.171262 0.0213756 -0.00941051 0.999732 44.6979
0.999283 0.0356923 -0.0127647 -1.40091 -0.0355712 0.999324 0.00959974 0.175229 0.0130986 -0.00913877 0.999877 45.2448
0.999233 0.0388215 -0.00561519 -1.40184 -0.0387639 0.9992 0.0100155 0.172756 0.00599925 -0.00979021 0.99994 45.7689
0.999063 0.0433036 0.0015667 -1.40405 -0.0433166 0.99902 0.00936002 0.179756 -0.00116002 -0.00941904 0.99996 46.3023
0.998864 0.0469066 0.00860303 -1.39678 -0.0469572 0.998882 0.00579164 0.196235 -0.00832211 -0.00618912 0.999952 46.7919
0.998655 0.0490006 0.0170663 -1.40169 -0.0490497 0.998796 0.00246297 0.201976 -0.0169253 -0.00329667 0.999856 47.2651
0.998472 0.0494343 0.0248133 -1.38864 -0.0495072 0.998774 0.00233102 0.204397 -0.0246681 -0.0035561 0.999696 47.6724
0.998265 0.0489743 0.0327494 -1.37352 -0.0491123 0.99879 0.00341909 0.207243 -0.0325426 -0.00502147 0.999463 48.0545
0.997898 0.0507604 0.0403609 -1.35289 -0.0509517 0.998696 0.0037242 0.219628 -0.0401197 -0.005773 0.999186 48.44
0.997287 0.0544029 0.0496341 -1.34213 -0.0546606 0.998503 0.00384382 0.222203 -0.049351 -0.00654647 0.998767 48.7539
0.996566 0.0586923 0.0584683 -1.32917 -0.0589801 0.998256 0.00320686 0.227498 -0.0581787 -0.00664449 0.998292 49.0587
0.995732 0.0625021 0.0679461 -1.32013 -0.0628089 0.998027 0.00238426 0.250108 -0.0676632 -0.00664175 0.997694 49.3683
0.995131 0.0617086 0.0769107 -1.28222 -0.062124 0.998066 0.00301644 0.252446 -0.0765766 -0.00777995 0.997042 49.6466
0.994192 0.0605737 0.0889551 -1.27859 -0.0609035 0.998147 0.00099344 0.253563 -0.0887305 -0.00640543 0.996039 49.9124
0.993219 0.0588061 0.100305 -1.2134 -0.0588306 0.998267 -0.00271552 0.243531 -0.100292 -0.00320427 0.99496 50.1339
0.991819 0.0596589 0.112853 -1.15475 -0.0593184 0.998223 -0.0063768 0.238935 -0.113033 -0.000369752 0.993595 50.379
0.989915 0.0607551 0.127981 -1.11102 -0.0602135 0.998155 -0.00810012 0.23083 -0.128238 0.000311874 0.99175 50.6274
0.987574 0.062368 0.144251 -1.0687 -0.0616354 0.998057 -0.00954765 0.234949 -0.144566 0.000537934 0.989499 50.8871
0.98494 0.0624214 0.161241 -1.0206 -0.0614551 0.998052 -0.0109774 0.239529 -0.161613 0.000902712 0.98686 51.1501
0.981787 0.061864 0.179628 -0.963827 -0.0605383 0.998087 -0.012859 0.253298 -0.18008 0.00175031 0.983654 51.4081
0.97811 0.061201 0.198896 -0.893283 -0.0597181 0.998127 -0.0134517 0.254154 -0.199347 0.00127921 0.979936 51.6487
0.973965 0.0613242 0.218248 -0.806199 -0.0596671 0.998122 -0.0141824 0.241915 -0.218708 0.000790814 0.975794 51.8649
0.968718 0.0634954 0.239918 -0.736603 -0.0610489 0.997983 -0.0176243 0.263855 -0.240553 0.00242585 0.970644 52.1676
0.962823 0.0644881 0.262319 -0.636903 -0.0614436 0.997918 -0.0198017 0.260916 -0.263051 0.00294754 0.964781 52.4245
0.955814 0.0653876 0.286624 -0.544851 -0.0621493 0.997863 -0.0203922 0.247522 -0.287345 0.00167732 0.957837 52.665
0.947614 0.067913 0.312111 -0.432013 -0.0646951 0.997696 -0.0206667 0.233055 -0.312796 -0.000608217 0.949825 52.9334
0.938162 0.0694857 0.339164 -0.312713 -0.06615 0.997584 -0.0214018 0.222727 -0.339832 -0.00235766 0.940495 53.1854
0.927612 0.0702807 0.366869 -0.159445 -0.0665949 0.997526 -0.0227118 0.216129 -0.367558 -0.0033641 0.93 53.4481
0.915985 0.0683329 0.395364 0.0235715 -0.0637769 0.997664 -0.0246732 0.207432 -0.396127 -0.0026152 0.918206 53.7033
0.902168 0.0654061 0.426393 0.215202 -0.0593554 0.997863 -0.0274804 0.197322 -0.42728 -0.000517004 0.904124 53.9442
0.886042 0.0640473 0.459171 0.422084 -0.0560173 0.997949 -0.0311051 0.179262 -0.460222 0.0018384 0.887817 54.1943
0.867918 0.0658097 0.492327 0.643842 -0.0554063 0.997831 -0.0357048 0.162534 -0.493609 0.00371068 0.869682 54.4411
0.847994 0.0673061 0.525726 0.890091 -0.054825 0.997726 -0.0393023 0.141087 -0.527177 0.00450472 0.84976 54.6667
0.825999 0.0700735 0.559296 1.1631 -0.0559272 0.99754 -0.0423833 0.119709 -0.56089 0.00372863 0.827887 54.8778
0.801716 0.0736903 0.593156 1.44588 -0.0587158 0.997285 -0.0445372 0.097907 -0.594828 0.000878096 0.80387 55.0782
0.774987 0.0780916 0.627131 1.76872 -0.0624501 0.996948 -0.0469673 0.0769859 -0.628885 -0.0027654 0.777499 55.2976
0.745427 0.0791388 0.661883 2.08566 -0.0618654 0.99686 -0.0495175 0.0579091 -0.663723 -0.00403649 0.747985 55.4974
0.712142 0.0769894 0.697799 2.39521 -0.058334 0.997026 -0.0504698 0.0430841 -0.69961 -0.00476378 0.714515 55.6832
0.675613 0.0761 0.73333 2.71328 -0.0560498 0.997086 -0.0518339 0.0234375 -0.735138 -0.0060836 0.677913 55.8861
0.635582 0.0756619 0.768315 3.01455 -0.0541146 0.99711 -0.0534266 0.00743435 -0.770138 -0.00762017 0.63784 56.0807
0.591214 0.0756954 0.802968 3.39304 -0.0508951 0.997108 -0.0565253 -0.0132297 -0.804924 -0.00744879 0.59336 56.3097
0.544304 0.0749504 0.835531 3.80243 -0.0478177 0.997159 -0.0582979 -0.0344664 -0.837528 -0.00822154 0.546342 56.5448
0.496838 0.0725812 0.864814 4.24798 -0.0458226 0.997305 -0.057377 -0.0686113 -0.866649 -0.0111212 0.498828 56.7662
0.448357 0.0704404 0.891073 4.70582 -0.046278 0.997388 -0.0555588 -0.101557 -0.89266 -0.0163272 0.450447 56.9632
0.399491 0.0702415 0.914054 5.15445 -0.0491693 0.997272 -0.0551483 -0.126023 -0.915434 -0.0229121 0.401857 57.131
0.351096 0.0699675 0.933721 5.66639 -0.0467119 0.997277 -0.0571652 -0.153003 -0.935178 -0.0235458 0.353411 57.3047
0.307343 0.0658579 0.94933 6.1419 -0.0350571 0.997714 -0.0578662 -0.183472 -0.950969 -0.0154964 0.308952 57.3689
0.265711 0.0592787 0.962229 6.63109 -0.0221276 0.998226 -0.0553858 -0.21619 -0.963804 -0.00657537 0.266553 57.4205
0.226005 0.0577337 0.972427 7.16675 -0.0133643 0.998338 -0.0561674 -0.244541 -0.974051 -0.000302342 0.226404 57.4738
0.18967 0.0592716 0.980057 7.75382 -0.0110763 0.998249 -0.058228 -0.274798 -0.981791 0.000188488 0.189996 57.551
0.159364 0.0594786 0.985439 8.27949 -0.00302937 0.998215 -0.0597611 -0.305996 -0.987232 0.00653771 0.159262 57.5654
0.132415 0.0575501 0.989523 8.83063 0.00366017 0.998285 -0.0585495 -0.34027 -0.991193 0.0113746 0.13198 57.5832
0.108232 0.0552418 0.992603 9.43476 0.0107177 0.998339 -0.056731 -0.374314 -0.994085 0.0167773 0.107463 57.6211
0.0890676 0.0540012 0.994561 10.0299 0.015749 0.998336 -0.0556164 -0.398761 -0.995907 0.0206169 0.0880716 57.6529
0.0737862 0.0556284 0.995735 10.6309 0.0183248 0.998205 -0.0571257 -0.42832 -0.997123 0.0224604 0.0726376 57.6796
0.0618951 0.0559856 0.996512 11.2259 0.0189464 0.998187 -0.0572565 -0.451158 -0.99791 0.0224242 0.060725 57.692
0.0507419 0.0568596 0.997106 11.8716 0.0196026 0.998136 -0.0579173 -0.484808 -0.998537 0.0224836 0.049536 57.719
0.0433089 0.0598145 0.997271 12.5055 0.0239397 0.997865 -0.0608898 -0.510084 -0.998781 0.0265114 0.0417874 57.7172
0.0370713 0.0615207 0.997431 13.1405 0.0290609 0.997621 -0.0626141 -0.537868 -0.998908 0.0313062 0.0351986 57.7362
0.0333131 0.0606966 0.997602 13.8061 0.0296503 0.997663 -0.0616904 -0.573029 -0.999012 0.0316344 0.0314384 57.7407
0.0293194 0.0581422 0.997893 14.4924 0.0276074 0.997885 -0.0589545 -0.604888 -0.999207 0.0292764 0.0276557 57.7805
0.0265545 0.0510601 0.998345 15.1793 0.025933 0.998331 -0.0517494 -0.639647 -0.999318 0.0272643 0.0251888 57.8046
0.025678 0.0451804 0.998664 15.8444 0.0273982 0.998577 -0.0458825 -0.672946 -0.999314 0.0285383 0.024407 57.8127
0.0260917 0.042645 0.998752 16.58 0.03019 0.998609 -0.0434278 -0.697554 -0.999211 0.0312855 0.0247709 57.8106
0.0255733 0.0443418 0.998704 17.2869 0.0334214 0.998426 -0.0451868 -0.732035 -0.999134 0.034532 0.0240545 57.8385
0.0262212 0.0509969 0.998358 18.0281 0.0349423 0.99805 -0.0518989 -0.768018 -0.999053 0.0362457 0.0243912 57.8623
0.0285949 0.058266 0.997907 18.7716 0.0359575 0.9976 -0.0592802 -0.805521 -0.998965 0.0375757 0.0264346 57.8819
0.0289333 0.0582496 0.997886 19.4807 0.0371224 0.997559 -0.0593069 -0.846931 -0.998899 0.03876 0.0267034 57.9323
0.0298128 0.0539385 0.998115 20.2447 0.036274 0.997834 -0.0550085 -0.880539 -0.998919 0.0378439 0.0277952 57.9824
0.030853 0.0482712 0.998361 21.0056 0.0352333 0.99817 -0.049351 -0.910873 -0.99891 0.0366982 0.0290988 58.0317
0.0318244 0.0470637 0.998401 21.79 0.0328266 0.998311 -0.0481074 -0.942127 -0.998976 0.0343035 0.0302292 58.0976
0.0340318 0.0518877 0.998078 22.489 0.0406419 0.997763 -0.0532574 -0.978193 -0.998603 0.0423763 0.0318502 58.1287
0.0371692 0.0572396 0.997684 23.222 0.0427264 0.997363 -0.0588146 -1.00997 -0.998417 0.044812 0.034629 58.1485
0.0387751 0.0580342 0.997567 23.9701 0.0367199 0.997565 -0.0594617 -1.04638 -0.998582 0.0389361 0.036553 58.205
0.0421281 0.0546806 0.997629 24.7499 0.0325183 0.997906 -0.0560703 -1.08608 -0.998601 0.0348021 0.0402654 58.253
0.0458247 0.0509792 0.997654 25.5124 0.0362905 0.997963 -0.0526623 -1.12808 -0.998299 0.0386185 0.0438846 58.3026
0.0490005 0.0520852 0.997455 26.1908 0.0416073 0.997676 -0.0541421 -1.15854 -0.99795 0.0441529 0.0467234 58.3176
0.0513316 0.0566132 0.997083 26.9919 0.0416358 0.997412 -0.0587759 -1.19986 -0.997823 0.0445313 0.0488453 58.379
0.0521075 0.0569619 0.997032 27.7469 0.0388363 0.997511 -0.0590205 -1.2465 -0.997905 0.0417952 0.0497696 58.4894
0.0555179 0.056579 0.996861 28.5719 0.0380156 0.99756 -0.0587364 -1.29037 -0.997744 0.0411572 0.0532353 58.5475
0.0598756 0.0532426 0.996803 29.2873 0.0422826 0.997556 -0.0558242 -1.33003 -0.99733 0.0454886 0.0574821 58.5623
0.0636828 0.052811 0.996581 30.0357 0.0472127 0.997331 -0.0558685 -1.37923 -0.996864 0.0506091 0.0610232 58.6012
0.0669907 0.0527757 0.996376 30.8645 0.0499106 0.997184 -0.056176 -1.43446 -0.996526 0.0534914 0.0641721 58.6726
0.0707371 0.0526517 0.996114 31.62 0.0503836 0.997154 -0.0562852 -1.46891 -0.996232 0.0541693 0.0678867 58.7023
0.0751192 0.051511 0.995862 32.3951 0.0519755 0.997116 -0.0554982 -1.50122 -0.99584 0.0559277 0.0722292 58.7425
0.0791044 0.0505502 0.995593 33.1866 0.0539415 0.997044 -0.0549105 -1.53701 -0.995416 0.0580475 0.0761475 58.7951
0.0831626 0.0517492 0.995211 34.0279 0.0521538 0.997068 -0.0562058 -1.56185 -0.995191 0.0565766 0.0802237 58.8463
0.0866827 0.0536975 0.994798 34.7985 0.0494437 0.997096 -0.0581305 -1.59869 -0.995019 0.0542256 0.0837796 58.9135
0.0896477 0.0534955 0.994554 35.5765 0.0511723 0.997002 -0.0582416 -1.63828 -0.994679 0.0561132 0.0866452 58.9859
0.0927017 0.0527662 0.994305 36.3034 0.0492089 0.997144 -0.0575055 -1.68541 -0.994489 0.0542596 0.0898438 59.0483
0.0964757 0.0529512 0.993945 37.0869 0.0475219 0.997213 -0.0577397 -1.72716 -0.994221 0.0528029 0.0936942 59.101
0.100046 0.0528473 0.99359 37.8725 0.044668 0.997355 -0.0575461 -1.77516 -0.993993 0.0501389 0.0974238 59.1721
0.104464 0.0545116 0.993053 38.6418 0.0434381 0.997307 -0.0593163 -1.82029 -0.9936 0.049331 0.101818 59.2389
0.107688 0.0574301 0.992537 39.473 0.0421208 0.997182 -0.0622699 -1.87527 -0.993306 0.0485121 0.104969 59.3447
0.112277 0.0584611 0.991976 40.2103 0.0417119 0.997124 -0.0634875 -1.93305 -0.992822 0.0485034 0.109519 59.4033
0.115047 0.0602135 0.991547 41.0178 0.0355991 0.997283 -0.0646932 -1.98769 -0.992736 0.0427409 0.112594 59.5096
0.118881 0.0590852 0.99117 41.8068 0.0315032 0.997515 -0.0632439 -2.03993 -0.99243 0.0387417 0.116728 59.5962
0.122451 0.0591415 0.990725 42.5698 0.0337259 0.997412 -0.0637101 -2.09042 -0.991916 0.0412144 0.120143 59.686
0.126259 0.0601991 0.99019 43.3829 0.0328847 0.997369 -0.0648304 -2.14236 -0.991473 0.0407454 0.12395 59.7947
0.129782 0.0605904 0.989705 44.1847 0.0288987 0.997489 -0.0648576 -2.19563 -0.991136 0.0370184 0.127709 59.915
0.133966 0.0580547 0.989305 44.9777 0.0278117 0.997684 -0.0623143 -2.24368 -0.990617 0.0358603 0.132045 60.0259
0.138871 0.0579518 0.988629 45.7687 0.0279937 0.997671 -0.0624152 -2.29269 -0.98993 0.0363429 0.136928 60.1308
0.144692 0.0612048 0.987604 46.559 0.02454 0.997571 -0.0654196 -2.34643 -0.989194 0.0336996 0.142841 60.2425
0.150341 0.0698757 0.986179 47.3676 0.0228555 0.997001 -0.074128 -2.39992 -0.988385 0.0336841 0.148296 60.3828
0.157304 0.0745735 0.984753 48.1444 0.021122 0.996678 -0.0788524 -2.44892 -0.987346 0.033202 0.155209 60.5267
0.163709 0.0781576 0.983426 49.0007 0.0164779 0.996516 -0.0819422 -2.50463 -0.986387 0.0296196 0.161853 60.6985
0.17063 0.0766932 0.982368 49.824 0.0129562 0.996721 -0.080066 -2.56368 -0.985272 0.0263878 0.169079 60.864
0.178057 0.0751216 0.981167 50.6421 0.0129432 0.996832 -0.0786711 -2.62171 -0.983951 0.0267075 0.176523 61.0253
0.184819 0.0719733 0.980156 51.4357 0.0125494 0.997076 -0.0755839 -2.67721 -0.982714 0.026268 0.183378 61.1861
0.193479 0.0667376 0.978851 52.2813 0.0106104 0.997499 -0.0701076 -2.73331 -0.981063 0.0239505 0.192289 61.3422
0.200362 0.0596534 0.977927 53.1134 0.00798123 0.998028 -0.0625165 -2.7874 -0.979711 0.0203293 0.199492 61.5248
0.207158 0.0571888 0.976655 53.9617 0.00785971 0.998177 -0.0601176 -2.84563 -0.978293 0.0201301 0.206333 61.7259
0.214429 0.0590328 0.974976 54.7507 0.00696206 0.99807 -0.0619639 -2.89826 -0.976737 0.020073 0.213605 61.8899
0.220483 0.0646963 0.973264 55.5768 0.0074241 0.997674 -0.0680021 -2.96123 -0.97538 0.0222188 0.219491 62.0905
0.225799 0.0676551 0.971844 56.3929 0.0059352 0.997488 -0.0708209 -3.02376 -0.974178 0.0217577 0.224831 62.2915
0.230865 0.0704178 0.970455 57.1868 0.00446046 0.997307 -0.0734286 -3.08412 -0.972993 0.0212807 0.229931 62.4854
0.23727 0.0704089 0.968912 57.9589 0.0017383 0.997354 -0.0729032 -3.13746 -0.971466 0.0189804 0.236521 62.6634
0.243556 0.0673831 0.967565 58.71 0.00573322 0.997483 -0.0709112 -3.18549 -0.969887 0.022818 0.242559 62.8275
0.24924 0.0608298 0.966552 59.4797 0.0069736 0.997903 -0.0646029 -3.2313 -0.968441 0.0228404 0.248294 63.0132
0.252883 0.0550056 0.965954 60.2596 0.00519576 0.998308 -0.0582095 -3.27815 -0.9675 0.019739 0.252171 63.2321
0.257096 0.0519121 0.965014 61.0226 0.00164664 0.998548 -0.0541565 -3.32542 -0.966408 0.015511 0.256638 63.4424
0.261472 0.0518206 0.96384 61.744 0.0005416 0.998567 -0.0538359 -3.36936 -0.965228 0.0145985 0.26107 63.6291
0.265589 0.0539686 0.962598 62.4808 -0.00082636 0.998461 -0.055753 -3.40818 -0.96411 0.0140105 0.265225 63.8163
0.267479 0.0581644 0.961829 63.198 -0.0047539 0.998261 -0.0590469 -3.4531 -0.963568 0.0112213 0.267292 64.0262
0.270701 0.0620539 0.960686 63.8853 -0.00570601 0.998023 -0.0628597 -3.50236 -0.962672 0.011533 0.270521 64.2068
0.274317 0.0665778 0.959354 64.5768 -0.00563169 0.997712 -0.0676308 -3.55103 -0.96164 0.0131494 0.274065 64.3973
0.276593 0.0685175 0.958566 65.2573 -0.00462789 0.997555 -0.0699709 -3.59408 -0.961001 0.0149158 0.276234 64.5874
0.278124 0.0684339 0.958127 65.9449 -0.00671851 0.997591 -0.0693036 -3.63864 -0.960539 0.0128377 0.277915 64.7999
0.277924 0.0652844 0.958407 66.5824 -0.00541264 0.997796 -0.0663997 -3.67444 -0.960614 0.0132649 0.277665 64.9912
0.277704 0.0636745 0.958577 67.2437 -0.00607735 0.997916 -0.0645283 -3.71404 -0.960664 0.0120941 0.277514 65.1958
0.278166 0.0625923 0.958517 67.878 -0.00471278 0.997969 -0.0638027 -3.75229 -0.960547 0.0132289 0.277897 65.3663
0.277033 0.0612617 0.958928 68.523 -0.00433279 0.998053 -0.0625108 -3.79575 -0.960868 0.0131625 0.27676 65.5541
0.277009 0.0620729 0.958886 69.1467 -0.00523254 0.998011 -0.063096 -3.83514 -0.960879 0.0124591 0.276783 65.7121
0.274267 0.0649743 0.959479 69.7651 -0.00639424 0.997834 -0.0657453 -3.87722 -0.96165 0.0118964 0.27409 65.9004
0.271584 0.0685522 0.959996 70.3545 -0.00429846 0.997554 -0.0700202 -3.91674 -0.962431 0.0148883 0.271215 66.0694
0.27006 0.0698055 0.960332 70.9613 -0.00120908 0.997409 -0.072162 -3.93938 -0.96286 0.0183266 0.269447 66.2321
0.267957 0.0687923 0.960998 71.551 -0.00172039 0.997499 -0.0709274 -3.97794 -0.963455 0.0173506 0.267405 66.4001
0.265443 0.0661647 0.961876 72.1367 -0.00212982 0.997697 -0.0680424 -4.01632 -0.964141 0.0160125 0.264975 66.5628
0.262928 0.0624407 0.96282 72.712 -0.00191447 0.997954 -0.0641984 -4.05677 -0.964839 0.0150347 0.262511 66.7253
0.261147 0.0608622 0.963401 73.2564 0.00258866 0.997979 -0.0637499 -4.09518 -0.965313 0.0191416 0.260464 66.8642
0.260335 0.0619599 0.963555 73.8107 0.00652971 0.997823 -0.0659294 -4.13098 -0.965522 0.0234537 0.259365 66.9913
0.257977 0.0632608 0.964101 74.3522 0.0104387 0.99763 -0.0682557 -4.17241 -0.966112 0.0276718 0.256708 67.1269
0.256755 0.0648845 0.964323 74.8951 0.00937698 0.997549 -0.0696186 -4.21457 -0.966456 0.0269155 0.255518 67.263
0.255729 0.0674866 0.964414 75.4426 0.00859012 0.99738 -0.0720729 -4.2547 -0.966727 0.0267151 0.254482 67.4059
0.25354 0.0651511 0.965156 75.9819 0.0095953 0.997531 -0.0698591 -4.31063 -0.967303 0.0269712 0.25229 67.5597
0.254447 0.0622388 0.965106 76.5477 0.0158888 0.99754 -0.0685212 -4.35464 -0.966973 0.0327688 0.252835 67.6946
0.257607 0.0597794 0.964425 77.1117 0.0210087 0.997521 -0.0674442 -4.3907 -0.966047 0.0376332 0.255713 67.8119
0.260708 0.0583521 0.963677 77.6715 0.0240754 0.997485 -0.0669142 -4.42893 -0.965136 0.0406451 0.258649 67.9348
0.264383 0.0581345 0.962691 78.2427 0.0219474 0.997581 -0.0662707 -4.46733 -0.964194 0.0386473 0.262468 68.0986
0.268353 0.0589899 0.961538 78.8204 0.02083 0.997552 -0.0670146 -4.50264 -0.963114 0.0380116 0.266469 68.2995
0.274981 0.0579066 0.959732 79.3844 0.0229636 0.997524 -0.0667683 -4.52549 -0.961203 0.0403968 0.27297 68.4618
0.281877 0.058499 0.957691 79.9774 0.0216285 0.997516 -0.0672996 -4.55291 -0.959226 0.0396827 0.279914 68.6679
0.290923 0.0567734 0.955089 80.5487 0.0222431 0.997589 -0.0660769 -4.57808 -0.956516 0.0404653 0.288958 68.8264
0.300182 0.0575209 0.952172 81.1489 0.0183229 0.997666 -0.0660477 -4.61374 -0.953726 0.0372719 0.298429 69.0196
0.310158 0.0574907 0.948974 81.7275 0.0169906 0.997697 -0.0659976 -4.64968 -0.950561 0.0365914 0.308466 69.2022
0.319776 0.0617071 0.945509 82.3257 0.0117362 0.99756 -0.0690756 -4.68618 -0.947442 0.0331844 0.318272 69.4172
0.328317 0.0643921 0.9424 82.8922 0.00813987 0.997466 -0.0709925 -4.71785 -0.944562 0.0309774 0.326959 69.6286
0.33691 0.0679922 0.939108 83.5696 0.00388073 0.997299 -0.0736002 -4.76126 -0.941552 0.0284404 0.335738 69.9712
0.34833 0.0701125 0.934777 84.1711 0.00234953 0.997153 -0.0756689 -4.79675 -0.937399 0.0285522 0.347172 70.1618
0.358561 0.0714109 0.930801 84.8231 -0.00055125 0.997105 -0.0762881 -4.83276 -0.933529 0.02684 0.357564 70.4224
0.368986 0.0719413 0.926678 85.4522 -0.0010774 0.997054 -0.0769784 -4.87226 -0.929465 0.0274038 0.367975 70.6816
0.379345 0.0731113 0.922393 86.1072 -0.00527267 0.997047 -0.076863 -4.91615 -0.925264 0.0242934 0.378611 70.9604
0.389167 0.0684632 0.918652 86.7613 -0.00495191 0.997398 -0.0722366 -4.96095 -0.921184 0.0235612 0.38849 71.2587
0.400483 0.0613044 0.914282 87.4098 -0.00115882 0.997812 -0.0664004 -5.0009 -0.916327 0.025532 0.399679 71.5117
0.410599 0.0565209 0.910098 88.061 0.00127258 0.998064 -0.062561 -5.04378 -0.911848 0.0268435 0.409729 71.815
0.421009 0.0532154 0.905526 88.7742 0.000471826 0.998285 -0.058889 -5.08933 -0.907081 0.0252194 0.420262 72.1527
0.429887 0.0495757 0.901557 89.452 0.00732249 0.99829 -0.0583897 -5.13192 -0.902886 0.0317005 0.428786 72.4708
0.437978 0.0441154 0.897935 90.1362 0.013456 0.998381 -0.0556168 -5.15675 -0.898909 0.0364406 0.436676 72.8029
0.445338 0.0336948 0.894765 90.8433 0.0236163 0.998525 -0.0493596 -5.19144 -0.895085 0.0431102 0.443881 73.13
0.45205 0.0295312 0.891536 91.5663 0.028306 0.998492 -0.0474298 -5.22338 -0.891567 0.0466752 0.450534 73.4807
0.458465 0.0295441 0.888258 92.2617 0.0302272 0.998375 -0.0488111 -5.26233 -0.888233 0.0492249 0.456822 73.8492
0.466262 0.0349941 0.883988 92.9993 0.0316716 0.997937 -0.0562138 -5.31303 -0.884103 0.0542061 0.464193 74.2144
0.471174 0.0378857 0.881263 93.6696 0.0354284 0.997483 -0.0618271 -5.36988 -0.881362 0.0603503 0.468641 74.6181
0.475896 0.0404695 0.878605 94.3804 0.0333749 0.99741 -0.064023 -5.41282 -0.878893 0.0597899 0.473313 75.0154
0.480399 0.0430415 0.876031 95.0888 0.0259556 0.997685 -0.0632553 -5.45469 -0.8767 0.053123 0.478164 75.4162
0.48423 0.0471312 0.873705 95.8005 0.0190658 0.997762 -0.0643939 -5.51189 -0.874758 0.0478379 0.482248 75.8355
0.486399 0.0500047 0.872344 96.5292 0.0181944 0.99759 -0.0673321 -5.58223 -0.873584 0.0486195 0.484311 76.3212
0.489154 0.0545853 0.870523 97.2562 0.0142755 0.997425 -0.0705679 -5.65487 -0.872106 0.0469444 0.487115 76.8091
0.491923 0.0588355 0.868689 97.9457 0.0104168 0.997272 -0.0734465 -5.70287 -0.870613 0.0451765 0.489961 77.2423
0.495719 0.0581422 0.866571 98.5931 0.00896461 0.997381 -0.072051 -5.74358 -0.868463 0.0434843 0.4939 77.6131
0.499758 0.055778 0.864408 99.2557 0.00977209 0.997524 -0.0700208 -5.78841 -0.866147 0.0434381 0.49797 78.0018
0.503969 0.0533375 0.86211 99.8669 0.00964805 0.997702 -0.0673706 -5.82927 -0.863694 0.042269 0.502297 78.3243
0.509071 0.0528131 0.859144 100.52 0.00908129 0.997758 -0.0667185 -5.86994 -0.860714 0.0417643 0.507443 78.6914
0.513141 0.0551495 0.856567 101.158 0.00728439 0.997638 -0.0686003 -5.90656 -0.8583 0.0414398 0.511527 79.0713
0.516702 0.054231 0.854488 101.741 0.00875109 0.997633 -0.0686112 -5.96459 -0.85616 0.042927 0.514996 79.4024
0.515543 0.0530246 0.855259 102.313 0.010749 0.997624 -0.0683349 -6.00562 -0.856823 0.0444213 0.513749 79.8205
0.51861 0.0514302 0.853506 102.927 0.0135662 0.997597 -0.0683596 -6.04496 -0.854945 0.0470283 0.516657 80.1673
0.521348 0.0517586 0.851811 103.522 0.0126206 0.997602 -0.0683461 -6.08417 -0.853279 0.0463809 0.519445 80.5216
0.524542 0.0516906 0.849857 104.094 0.0139607 0.997526 -0.0692927 -6.11842 -0.851311 0.0482091 0.522515 80.8412
0.527151 0.0541863 0.84808 104.65 0.0133584 0.997334 -0.0720303 -6.15351 -0.849694 0.0492983 0.525022 81.1792
0.530159 0.0545324 0.846187 105.197 0.016347 0.997114 -0.0745044 -6.18741 -0.847782 0.0533291 0.527729 81.5033
0.532997 0.053724 0.844448 105.751 0.0183166 0.997036 -0.0749973 -6.23538 -0.845947 0.0554392 0.530433 81.871
0.536482 0.0512089 0.842401 106.287 0.0222607 0.996979 -0.0747861 -6.27687 -0.843661 0.058871 0.533712 82.2058
0.540545 0.0501959 0.839855 106.805 0.0238698 0.996922 -0.0749512 -6.31493 -0.841005 0.0605599 0.537683 82.5079
0.543964 0.0497819 0.837676 107.339 0.0248301 0.996875 -0.0753706 -6.36294 -0.838785 0.0617953 0.541018 82.8701
0.547772 0.0496952 0.835189 107.828 0.0247716 0.996854 -0.0755662 -6.39995 -0.836289 0.0620803 0.544818 83.1508
0.551645 0.0491828 0.832674 108.338 0.0261608 0.996776 -0.0762111 -6.4462 -0.833714 0.0638215 0.54857 83.4803
0.556385 0.0505401 0.829425 108.84 0.0252767 0.996677 -0.0776922 -6.49207 -0.830568 0.0641901 0.553259 83.8069
0.561012 0.0503833 0.826319 109.343 0.0271407 0.996518 -0.0791913 -6.5387 -0.827407 0.0668507 0.557681 84.1451
0.566242 0.0539203 0.822512 109.825 0.0246047 0.996327 -0.0822585 -6.58598 -0.8239 0.0668141 0.562836 84.4634
0.572331 0.0597906 0.817887 110.308 0.0208237 0.995985 -0.0873859 -6.63734 -0.819804 0.0670418 0.568778 84.7949
0.578539 0.0670005 0.812938 110.782 0.0156299 0.995547 -0.0931792 -6.68435 -0.815532 0.0666122 0.574916 85.1348
0.584849 0.0731836 0.807881 111.249 0.010735 0.995164 -0.0979242 -6.73286 -0.811117 0.0659403 0.581223 85.4785
0.591174 0.0774671 0.802855 111.72 0.00714952 0.994854 -0.101263 -6.78892 -0.80654 0.0656023 0.587578 85.8426
0.59646 0.0783798 0.798854 112.193 0.00261752 0.995053 -0.0995882 -6.8396 -0.802684 0.0614885 0.593293 86.2116
0.601751 0.0783184 0.794875 112.668 -0.00362681 0.995458 -0.0953412 -6.88928 -0.798704 0.0544874 0.599302 86.5903
0.607625 0.0772325 0.790509 113.151 -0.0105577 0.995986 -0.0891967 -6.94021 -0.794201 0.0458496 0.605989 86.9755
0.613044 0.0761874 0.786407 113.64 -0.0168174 0.996392 -0.0834259 -6.9929 -0.789899 0.0379173 0.612113 87.3863
0.619488 0.0746673 0.781497 114.122 -0.0195671 0.996653 -0.079718 -7.04 -0.784811 0.0340902 0.618863 87.7567
0.625671 0.0785204 0.776167 114.615 -0.0252296 0.996458 -0.0804735 -7.09032 -0.779709 0.0307666 0.625435 88.1704
0.631464 0.0827412 0.771029 115.113 -0.0295835 0.996164 -0.0826773 -7.14032 -0.77489 0.0293958 0.631477 88.6044
0.637483 0.0859791 0.765695 115.61 -0.0327579 0.995901 -0.0845611 -7.19277 -0.769798 0.0288228 0.637685 89.0217
0.643813 0.0883056 0.760122 116.127 -0.0352208 0.995712 -0.0858482 -7.24361 -0.764422 0.028496 0.64415 89.4675
0.650582 0.0895185 0.754184 116.646 -0.0383835 0.995656 -0.0850745 -7.29465 -0.758497 0.0263989 0.65119 89.9186
0.656793 0.0918305 0.748512 117.176 -0.0440087 0.99556 -0.0835286 -7.34708 -0.752837 0.0219181 0.657904 90.4115
0.664127 0.0900092 0.742225 117.699 -0.0459437 0.995785 -0.0796541 -7.41462 -0.746239 0.0187992 0.66546 90.851
0.670914 0.0880341 0.736345 118.238 -0.0467819 0.996001 -0.0764578 -7.47804 -0.74011 0.0168472 0.672336 91.369
0.678239 0.0877249 0.72963 118.783 -0.047451 0.996026 -0.0756507 -7.53401 -0.73334 0.016687 0.679704 91.8868
0.685825 0.0896794 0.722275 119.333 -0.0515746 0.995899 -0.0746866 -7.59086 -0.72599 0.0139693 0.687622 92.4275
0.693929 0.0900149 0.71444 119.879 -0.0526219 0.995863 -0.0743668 -7.64087 -0.718151 0.0140097 0.695792 92.9435
0.700751 0.0909004 0.707647 120.432 -0.0548973 0.995805 -0.0735587 -7.68851 -0.711344 0.0126969 0.702787 93.5008
0.705493 0.0896756 0.703066 120.98 -0.0544813 0.99591 -0.072364 -7.73665 -0.706653 0.0127479 0.70749 94.0704
0.70899 0.0880589 0.699757 121.545 -0.0531998 0.996051 -0.0714489 -7.7868 -0.703264 0.013428 0.710859 94.656
0.713273 0.0856888 0.695674 122.124 -0.0502341 0.996218 -0.0712085 -7.83151 -0.699118 0.0158439 0.714876 95.2213
0.716709 0.0812559 0.692681 122.707 -0.0446634 0.996524 -0.0706915 -7.88527 -0.695997 0.0197257 0.71783 95.8403
0.720742 0.074341 0.689251 123.29 -0.0369134 0.99696 -0.0689357 -7.93905 -0.692253 0.0242415 0.721292 96.4232
0.724721 0.0677085 0.685767 123.887 -0.0309341 0.99738 -0.0657894 -7.99493 -0.688405 0.0264629 0.7249 97.0351
0.727865 0.0620305 0.682955 124.476 -0.0255396 0.997683 -0.0634033 -8.0445 -0.685278 0.0287058 0.72776 97.6523
0.730805 0.0606728 0.679944 125.061 -0.0254046 0.997795 -0.061736 -8.09236 -0.682171 0.0278407 0.730719 98.2849
0.733227 0.0614561 0.677248 125.645 -0.0256409 0.99772 -0.0627829 -8.14318 -0.679534 0.0286679 0.733127 98.9303
0.736353 0.066047 0.673428 126.243 -0.0311949 0.997505 -0.0637274 -8.19551 -0.675937 0.025916 0.73656 99.6077
0.738708 0.0698816 0.67044 126.843 -0.0375135 0.997354 -0.0626293 -8.24565 -0.673015 0.0211134 0.739371 100.313
0.741038 0.066985 0.668176 127.412 -0.0376472 0.997616 -0.0582654 -8.29207 -0.670467 0.0180197 0.741776 100.96
0.745135 0.0648115 0.663805 128.026 -0.0410111 0.997858 -0.0513976 -8.33865 -0.665687 0.0110741 0.746193 101.64
0.748169 0.0597422 0.660876 128.618 -0.0405086 0.998218 -0.0443846 -8.37933 -0.66233 0.00643407 0.749239 102.318
0.752169 0.0554923 0.656678 129.226 -0.0381748 0.998466 -0.0406552 -8.41809 -0.657899 0.00551045 0.75313 103.022
0.756072 0.0516614 0.652511 129.808 -0.0321487 0.998633 -0.0418205 -8.45253 -0.653759 0.0106399 0.756683 103.701
0.759933 0.0476931 0.648299 130.375 -0.0219498 0.998641 -0.0477438 -8.48732 -0.649667 0.0220511 0.759943 104.377
0.764157 0.0483849 0.643279 130.984 -0.0163487 0.998341 -0.055677 -8.528 -0.644885 0.0320265 0.763663 105.126
0.76881 0.0480928 0.637716 131.587 -0.0130848 0.998164 -0.0595081 -8.5721 -0.639381 0.0374049 0.768024 105.879
0.774257 0.0438639 0.631416 132.188 -0.0106287 0.998381 -0.0563298 -8.61458 -0.632845 0.0368997 0.773453 106.605
0.779033 0.038798 0.625832 132.801 -0.00645354 0.998549 -0.053878 -8.661 -0.626988 0.0379326 0.778149 107.403
0.784647 0.0352276 0.61901 133.382 -0.00176934 0.998534 -0.0545898 -8.70206 -0.620005 0.0417353 0.783541 108.051
0.788098 0.0358735 0.614557 133.968 0.000490061 0.998286 -0.0589085 -8.77386 -0.61559 0.0467253 0.786725 108.872
0.792601 0.0372132 0.608676 134.561 -8.01784e-05 0.998167 -0.0609286 -8.81097 -0.609808 0.0482397 0.791134 109.59
0.795985 0.0343796 0.604394 135.16 0.002675 0.9982 -0.0603109 -8.85792 -0.605351 0.0496217 0.794456 110.365
0.797654 0.0290524 0.602489 135.721 0.00569576 0.998456 -0.0556939 -8.91483 -0.603158 0.0478523 0.79624 111.084
0.799259 0.0240976 0.600557 136.314 0.00988202 0.998558 -0.0532268 -8.95404 -0.600945 0.0484751 0.797864 111.859
0.800335 0.0192454 0.599319 136.907 0.0138362 0.99865 -0.0505525 -8.99409 -0.599464 0.0487473 0.798972 112.615
0.801112 0.018046 0.598297 137.5 0.0143878 0.9987 -0.0493956 -9.03675 -0.598382 0.0481777 0.799807 113.409
0.801474 0.0190309 0.597803 138.079 0.0124371 0.998772 -0.048477 -9.08298 -0.597972 0.0462841 0.800236 114.167
0.801592 0.0203505 0.597579 138.662 0.0117032 0.998719 -0.0497176 -9.1247 -0.597797 0.046845 0.800324 114.941
0.800887 0.0242462 0.598401 139.23 0.00793869 0.998687 -0.0510972 -9.16471 -0.598835 0.0456698 0.799626 115.696
0.799307 0.0282827 0.60031 139.801 0.00435261 0.998617 -0.0528512 -9.20696 -0.600946 0.0448556 0.798076 116.449
0.798075 0.0310406 0.601834 140.387 0.000423895 0.998668 -0.0520774 -9.25566 -0.602629 0.0418132 0.796984 117.232
0.796499 0.032601 0.603814 140.973 -0.00185067 0.998696 -0.0514877 -9.30344 -0.604677 0.0398909 0.795518 117.991
0.795076 0.0319627 0.605744 141.558 -0.00261301 0.998807 -0.0492808 -9.34792 -0.606576 0.0375957 0.794196 118.728
0.793494 0.0310242 0.607841 142.151 -0.00391171 0.998964 -0.0458879 -9.39277 -0.608605 0.0340325 0.79279 119.491
0.79189 0.0265482 0.610163 142.738 0.000590114 0.999047 -0.0442417 -9.42965 -0.610735 0.0353912 0.791104 120.209
0.789942 0.0302786 0.612487 143.319 0.000104195 0.998798 -0.0495178 -9.47451 -0.613221 0.0391784 0.788986 120.916
0.787757 0.0399367 0.614766 143.91 -0.00552763 0.998341 -0.057779 -9.52556 -0.616031 0.0421142 0.786656 121.667
0.785379 0.0453747 0.617404 144.521 -0.00758949 0.997966 -0.0636961 -9.58101 -0.619008 0.0453384 0.784122 122.46
0.783363 0.0452221 0.619994 145.076 -0.00987525 0.998157 -0.0603353 -9.6197 -0.621557 0.0411385 0.782351 123.104
0.780543 0.0442416 0.62359 145.709 -0.0128714 0.998445 -0.0547325 -9.67515 -0.625011 0.0346934 0.779895 123.903
0.777888 0.0426035 0.627034 146.308 -0.0145483 0.998681 -0.0498142 -9.72734 -0.628306 0.0296246 0.777467 124.649
0.774817 0.0425852 0.630806 146.901 -0.0142281 0.998677 -0.0499508 -9.7724 -0.632067 0.0297264 0.774394 125.402
0.773313 0.0408395 0.632785 147.51 -0.0124124 0.998737 -0.0492965 -9.81416 -0.633974 0.0302643 0.772829 126.073
0.771961 0.0391017 0.634523 148.126 -0.00828448 0.998667 -0.0514701 -9.85774 -0.635659 0.034475 0.771251 126.762
0.769778 0.0372826 0.6373 148.736 -0.00437181 0.998607 -0.0531463 -9.90615 -0.638369 0.0381214 0.768854 127.446
0.766967 0.036344 0.640712 149.343 -0.000923579 0.998483 -0.05554 -9.95779 -0.641729 0.0420043 0.765832 128.143
0.763933 0.0362675 0.644353 149.955 -0.00104654 0.998518 -0.0549684 -10.0061 -0.645367 0.0413144 0.762823 128.851
0.759589 0.0380228 0.649346 150.561 -0.00345684 0.998539 -0.0544334 -10.0553 -0.650436 0.0391011 0.758606 129.585
0.754864 0.0378898 0.654862 151.143 -0.00274932 0.998534 -0.0546127 -10.0989 -0.655948 0.0394213 0.753846 130.26
0.749405 0.0412574 0.66088 151.74 -0.00635822 0.998487 -0.0551304 -10.1508 -0.662123 0.0371116 0.748528 130.946
0.743654 0.0482996 0.666893 152.358 -0.0104971 0.998138 -0.0605922 -10.2053 -0.668554 0.0380558 0.742761 131.667
0.742054 0.0536895 0.66824 153.043 -0.0121821 0.997731 -0.0666412 -10.2304 -0.67027 0.0413097 0.741019 132.338
0.736948 0.056276 0.673677 153.684 -0.0122641 0.997508 -0.0699192 -10.278 -0.675908 0.0432614 0.735789 133.027
0.731307 0.052153 0.680105 154.325 -0.0134107 0.998008 -0.0621171 -10.3277 -0.681957 0.0363049 0.730545 133.701
0.725703 0.0493543 0.68631 154.977 -0.0190752 0.998514 -0.0516435 -10.3744 -0.687814 0.0243837 0.725553 134.396
0.718514 0.0450761 0.694103 155.603 -0.0184417 0.998811 -0.0457803 -10.415 -0.695308 0.0200925 0.718487 135.083
0.710632 0.0478873 0.702003 156.241 -0.0245479 0.998792 -0.043291 -10.4538 -0.703204 0.0135292 0.710937 135.788
0.703501 0.0488251 0.709068 156.897 -0.0231262 0.998712 -0.0458311 -10.4927 -0.710357 0.0158435 0.703721 136.436
0.697889 0.0476145 0.714691 157.555 -0.017239 0.998646 -0.0497063 -10.5342 -0.716065 0.0223664 0.697753 137.048
0.691531 0.0552504 0.720283 158.25 -0.0168734 0.998064 -0.0603643 -10.5892 -0.722188 0.0295894 0.691123 137.708
0.684468 0.0567761 0.726898 158.978 -0.0135315 0.997811 -0.0652023 -10.6207 -0.728983 0.0347898 0.683728 138.408
0.678528 0.0526599 0.732737 159.683 -0.0108798 0.99807 -0.0616599 -10.6756 -0.734532 0.0338649 0.67779 139.031
0.672732 0.0470298 0.738459 160.434 -0.00682207 0.99836 -0.0573746 -10.7258 -0.739922 0.0335566 0.671939 139.676
0.66666 0.0464329 0.743966 161.173 -0.00646097 0.998412 -0.0565299 -10.7799 -0.745371 0.0328784 0.6659 140.336
0.659494 0.0473268 0.750287 161.85 -0.00782763 0.998425 -0.056106 -10.8504 -0.751735 0.0311254 0.658816 140.961
0.65213 0.0444897 0.756852 162.543 -0.00329173 0.998464 -0.0558621 -10.9061 -0.758136 0.0339369 0.651275 141.636
0.645834 0.0395214 0.762522 163.234 0.000726904 0.998657 -0.0523833 -10.9486 -0.763543 0.0343816 0.64493 142.264
0.640177 0.037076 0.767383 163.912 0.000977805 0.998825 -0.04908 -11.0026 -0.768263 0.0321689 0.63939 142.855
0.635457 0.0363022 0.771348 164.625 -0.000639171 0.998949 -0.0464946 -11.0535 -0.7722 0.0290489 0.634805 143.482
0.630672 0.0391022 0.775114 165.359 -0.00176592 0.99883 -0.0489572 -11.0948 -0.776083 0.0295059 0.630004 144.106
0.627391 0.0413987 0.777671 166.008 -0.000123886 0.998623 -0.0530687 -11.123 -0.77877 0.033195 0.626525 144.602
0.623865 0.0472727 0.780152 166.687 -0.000753995 0.998236 -0.0598904 -11.1605 -0.781568 0.0367741 0.622802 145.169
0.620393 0.050036 0.782761 167.389 -0.00254147 0.998118 -0.0617957 -11.2014 -0.784353 0.0363448 0.619346 145.762
0.618246 0.0460494 0.784686 168.07 -0.00256111 0.998427 -0.0565808 -11.2462 -0.786017 0.0329698 0.617394 146.272
