0.99999 0.000835536 -0.00559519 -0.027477 -0.000842018 1.00001 -0.00118864 0.0232269 0.00559244 0.00119253 0.999995 0.0868367
0.999978 0.00121879 -0.00553123 -0.0342203 -0.00122246 0.999991 -0.000624062 0.00753207 0.00553223 0.000631594 0.999974 0.0595486
0.999984 0.000543139 -0.00652096 -0.0249259 -0.000548317 1.00001 -0.000819388 0.00192498 0.00651878 0.000822139 0.99999 0.0745443
0.999955 0.00105386 -0.00888539 -0.0169877 -0.00106739 0.999991 -0.00150175 0.00379498 0.00888552 0.0015119 0.999949 0.103475
0.999941 0.000747024 -0.0113706 -0.015977 -0.000765006 1 -0.00159005 0.000954092 0.0113676 0.00159792 0.999945 0.114782
0.999902 -0.000299324 -0.0136117 -0.0163546 0.000286044 0.999993 -0.00096651 0.000866956 0.0136137 0.00096322 0.999896 0.114459
0.999876 -3.97738e-05 -0.0161013 -0.0189723 4.1669e-05 1.00001 0.000109411 -0.00126067 0.0160995 -0.000110757 0.999881 0.123326
0.999826 -0.00121098 -0.0182539 -0.027478 0.00121207 0.999993 5.93667e-05 -0.00329141 0.0182556 -8.07976e-05 0.999823 0.140762
0.999809 -0.000383567 -0.0199024 -0.0213308 0.000380318 1.00001 -0.000177433 -0.00152176 0.0199006 0.000169134 0.999813 0.154853
0.999739 0.000112898 -0.0225603 -0.027355 -0.000115773 0.999993 -0.000118527 -0.00165837 0.0225621 0.000121788 0.999735 0.180757
0.999706 0.00399974 -0.0241972 -0.0365175 -0.00402642 0.999998 -0.00106228 -0.00640725 0.024191 0.0011587 0.999717 0.177034
0.999668 0.00489715 -0.0250108 -0.0528995 -0.00493476 0.999981 -0.00143615 -0.00454374 0.0250052 0.00155981 0.999675 0.179395
0.999647 0.00310747 -0.0266652 -0.0524699 -0.0031298 1 -0.000801841 -0.00686548 0.0266607 0.000884321 0.999655 0.181471
0.999628 0.00123613 -0.0269861 -0.0898869 -0.00124095 0.999993 -0.000159053 -0.00123139 0.0269878 0.000193128 0.999625 0.187452
0.999578 0.00200927 -0.0292071 -0.0851919 -0.00201545 1 -0.000183988 0.00267207 0.0292048 0.000242105 0.999583 0.190106
0.999535 0.00202676 -0.0302095 -0.0930811 -0.00201259 0.999992 0.000501047 0.000956118 0.0302124 -0.000439347 0.999533 0.182502
0.99947 0.00286463 -0.0326184 -0.0960581 -0.00285631 1 0.00030092 0.00300227 0.0326173 -0.000208244 0.999478 0.196336
0.999378 0.00268517 -0.0349906 -0.0553481 -0.00271636 0.999991 -0.000843145 0.00599047 0.0349901 0.000938248 0.999377 0.20753
0.999378 0.0035597 -0.0352829 -0.0569863 -0.0035743 0.999999 -0.000350368 0.00712265 0.0352795 0.000475677 0.999388 0.199227
0.999246 0.000263523 -0.0386637 -0.0463433 -0.000277927 0.999995 -0.000369476 0.00172682 0.0386656 0.00038041 0.999242 0.232178
0.999148 -0.00476595 -0.0411423 -0.0371639 0.00469464 0.999993 -0.00182893 -0.000664393 0.0411485 0.00163376 0.999162 0.228518
0.999049 -0.00510913 -0.0431563 -0.0404863 0.00505544 0.999981 -0.0013535 -0.00205647 0.0431646 0.0011345 0.999057 0.225337
0.998901 0.000184315 -0.0470059 -0.0471664 -7.82732e-05 1 0.0022583 -0.00214655 0.0470042 -0.00225256 0.998903 0.243657
0.99865 0.00523049 -0.0515586 -0.0539342 -0.00508648 0.999978 0.00292306 -0.00289366 0.0515749 -0.00265645 0.998655 0.245732
0.998573 0.00313765 -0.0534198 -0.057104 -0.00311878 1 0.000437867 -0.0044226 0.0534188 -0.000271101 0.998583 0.261783
0.99848 -8.50827e-05 -0.054994 -0.0571776 5.93841e-05 0.999995 -0.000469705 -0.00329298 0.054996 0.000466199 0.998476 0.263473
0.998352 -0.00548412 -0.0572216 -0.0535355 0.00546389 0.999989 -0.00050938 -0.00164799 0.0572216 0.000195397 0.998372 0.266843
0.998368 -0.004872 -0.056813 -0.0687844 0.00484812 0.999983 -0.000558353 0.00106781 0.0568171 0.000282478 0.998374 0.28216
0.998357 -0.00173269 -0.0573663 -0.0664452 0.00178364 1 0.000835591 -0.000760918 0.0573627 -0.00093703 0.998364 0.303323
0.998236 -0.00231545 -0.059227 -0.064804 0.00245083 0.99999 0.00221401 -0.00040967 0.0592236 -0.00235481 0.998231 0.306546
0.998176 0.000307077 -0.0604709 -0.0655402 -0.000242758 1 0.00106984 0.000609779 0.0604691 -0.00105374 0.99818 0.310094
0.9982 0.00109572 -0.0598656 -0.074727 -0.00109429 0.999996 5.83505e-05 0.0167331 0.0598678 7.84198e-06 0.998196 0.331237
0.998222 0.000922706 -0.0596999 -0.0747879 -0.000891711 1 0.000543758 0.0195997 0.0596982 -0.000490118 0.998227 0.335364
0.998142 -0.000575275 -0.0608462 -0.0506147 0.000715481 0.999994 0.00228236 -0.010155 0.0608469 -0.00232113 0.998135 0.356227
0.998399 -0.000518873 -0.0566577 -0.0866523 0.000639696 1 0.00211418 0.0114543 0.0566545 -0.00214757 0.998402 0.35132
0.998623 -0.00173104 -0.0523234 -0.101532 0.00179533 0.999995 0.00118188 0.0104214 0.0523232 -0.00127363 0.998619 0.360597
0.998665 -3.21124e-06 -0.0517546 -0.0637954 -7.95008e-06 1 -0.000213963 -0.000264386 0.0517527 0.000213558 0.99867 0.38945
0.998799 0.00395803 -0.0487222 -0.0546001 -0.00396225 0.999989 8.61399e-06 -0.00209938 0.0487237 0.000184911 0.998802 0.412704
0.999067 0.00310645 -0.0432072 -0.0527836 -0.00312604 0.999998 -0.000383758 0.000391393 0.0432039 0.000517981 0.999077 0.42342
0.999246 0.00241045 -0.0385982 -0.0455318 -0.00248461 0.999993 -0.00187394 0.00262701 0.0385954 0.00196892 0.999243 0.442331
0.999388 -0.00077523 -0.0351415 -0.0384243 0.000661851 0.999998 -0.00324037 0.00551285 0.0351419 0.00321457 0.999389 0.474426
0.999513 0.00167659 -0.0309469 -0.0445261 -0.00178286 0.99999 -0.00340384 0.00653894 0.0309428 0.00345792 0.999503 0.485221
0.999641 0.000755991 -0.027094 -0.0238465 -0.000820171 1 -0.00236316 0.00559874 0.0270903 0.00238397 0.999644 0.498132
0.999775 0.00179563 -0.0207886 -0.0339543 -0.00184842 0.999993 -0.00251523 0.000519451 0.0207858 0.00255359 0.999767 0.51511
0.999864 0.000406651 -0.0169271 -0.0201514 -0.000425465 1 -0.00111226 0.00630712 0.016925 0.00111881 0.99987 0.540216
0.999911 -0.00162597 -0.0127051 -0.0225371 0.00162365 0.999997 -0.000182338 0.00822764 0.012707 0.00016216 0.999906 0.543622
0.999964 0.00097671 -0.00927543 -0.0245555 -0.000971078 1 0.000592111 0.00469352 0.00927444 -0.000583523 0.999971 0.563919
0.999965 0.00240216 -0.00699103 -0.00986878 -0.00239382 0.999995 0.00121733 -0.00479831 0.00699545 -0.0012002 0.99996 0.590561
0.999997 0.00105562 -0.00455998 -0.0118148 -0.00105013 1 0.00118663 -0.00715375 0.00455971 -0.00118217 1 0.598343
0.999988 -0.00241078 -0.00143221 -0.00215535 0.00241215 0.999995 0.00103113 -0.0106943 0.00143121 -0.00103422 0.999985 0.592672
1.00001 -0.00229204 0.000229549 0.00999243 0.0022916 0.999997 0.0019433 -0.00445113 -0.000235431 -0.00194317 1.00001 0.63778
0.999991 0.000135582 0.000938069 0.00105077 -0.000137378 0.999997 0.00189223 -0.00359894 -0.000936398 -0.00189197 0.999985 0.659176
1.00001 0.00211461 0.00113704 0.0014063 -0.00211424 0.999999 -0.000331887 -0.00465322 -0.00113921 0.000329051 1.00001 0.666015
0.999991 0.00102589 0.000943191 -0.00388508 -0.00102303 0.999994 -0.00296965 -0.00173753 -0.000944888 0.00296917 0.999983 0.689528
1.00001 -0.000783595 0.00136218 0.000181034 0.000783656 1 -7.67208e-05 -0.00273969 -0.00136348 7.7343e-05 1.00001 0.678616
0.999991 -0.000439045 0.00180744 -0.00314012 0.000435048 0.999997 0.00224005 -0.000772444 -0.00180709 -0.00223885 0.999984 0.711413
1.00001 0.000723306 0.0020674 -0.00586868 -0.000728478 0.999997 0.00248315 0.00406091 -0.00206698 -0.00248504 1.00001 0.72111
0.999991 0.000697763 0.00170881 -0.00311923 -0.000700091 0.999999 0.0013522 -0.00254361 -0.00170651 -0.00135299 0.999986 0.740143
1.00001 0.00104499 0.00180467 -0.00648494 -0.00104233 0.999998 -0.00138274 0.000694328 -0.0018075 0.00138039 1.00001 0.766834
0.999989 0.00205579 0.00122734 0.001694 -0.00205195 0.999993 -0.00328543 -0.00268741 -0.00123268 0.00328333 0.999983 0.756797
1.00001 0.000401747 0.000401237 0.00616961 -0.000400919 0.999999 -0.0016002 0.00989959 -0.00040331 0.00159961 1.00001 0.784729
0.999986 -0.00203083 0.00239154 -0.010945 0.00202595 0.999996 0.00197565 -0.00381831 -0.00239409 -0.00197046 0.999982 0.79323
1.00001 -0.00249545 0.000577273 0.00542293 0.00249482 0.999996 0.00139612 -0.00784834 -0.000582201 -0.00139504 1.00001 0.79998
0.99999 -0.00129814 0.000547176 0.00770902 0.00129722 0.999999 0.00130486 -0.00787257 -0.00054735 -0.00130381 0.999986 0.824883
1.00001 0.00027085 0.000329272 -0.00231493 -0.000268787 0.999985 -0.00537112 -0.00750322 -0.000332189 0.0053706 0.999999 0.80891
0.99999 -0.00119728 0.00102538 -0.00958532 0.00120445 0.999972 -0.00730741 -0.00915738 -0.00101513 0.00730908 0.99996 0.819714
1 -0.00276264 -0.000809334 0.0143239 0.00275814 0.999979 -0.00579144 0.00514301 0.000823794 0.00578881 0.999997 0.82695
0.999991 -0.000958072 0.000494705 -0.0194517 0.000957985 0.999999 -0.00027482 0.00877552 -0.000492973 0.000275494 0.999986 0.828188
1.00001 0.000446565 0.000219997 -0.00687726 -0.000447943 0.999975 0.00719051 -0.00844965 -0.000218276 -0.00719073 0.999989 0.842485
0.999991 0.0014039 -0.0005069 -0.00286652 -0.00140051 0.999974 0.00696012 -0.00870468 0.000518158 -0.00695928 0.999961 0.854645
1.00001 0.0011618 -0.00191234 0.0196896 -0.00115119 0.999986 0.00543191 -0.01827 0.00191698 -0.00542985 1 0.830242
0.999989 0.00222629 0.000122427 -0.0175608 -0.00222648 0.999996 -0.00019384 -0.0137186 -0.000121249 0.000193841 0.999984 0.864171
1.00001 0.000491268 0.000750888 -0.0204321 -0.000488688 0.999996 -0.0031215 -0.0206255 -0.000754055 0.00312081 1.00001 0.856273
0.999989 -0.000216988 -0.00176372 0.0125585 0.000211464 0.999994 -0.00306296 -0.00724523 0.00176599 0.00306289 0.999978 0.841566
1.00001 0.00124215 -0.000830646 0.00369931 -0.00124102 1 0.00113284 -0.0118498 0.000830427 -0.00113205 1.00002 0.844993
0.999989 0.00196077 0.000605178 -0.00797945 -0.00196257 0.999993 0.002724 -0.0218337 -0.000598231 -0.00272499 0.99998 0.835655
1.00001 0.00147472 0.000296256 -0.00677475 -0.00147413 0.999999 -0.00127164 -0.0244301 -0.000299732 0.00127093 1.00002 0.844464
0.99999 0.00157367 0.000494678 -0.00518294 -0.00157161 0.999987 -0.00452459 -0.0256169 -0.000500197 0.00452414 0.999974 0.833031
1.00001 0.00177474 0.000517558 -0.0169636 -0.00177257 0.999993 -0.00381573 -0.0157598 -0.000525988 0.00381447 1.00001 0.843442
0.999992 -0.00077163 0.00010989 0.00407723 0.000771489 0.999998 0.000379081 8.74914e-05 -0.000108524 -0.000378819 0.999983 0.82574
1.00001 -0.00239308 0.000118825 -0.00120268 0.00239306 0.999998 0.00119036 0.00552395 -0.000123311 -0.00119025 1.00002 0.831769
0.99999 -0.000948782 0.00147366 -0.0233931 0.000942129 0.999988 0.00444237 -0.00617751 -0.00147624 -0.00444087 0.999973 0.823229
1.00001 -0.00123554 0.000797594 -0.0162056 0.0012312 0.999986 0.00552949 -0.0116036 -0.000806081 -0.00552873 1 0.87198
0.999991 0.000272283 -0.000507206 0.000584879 -0.000270334 0.99999 0.00395305 -0.0318907 0.000509888 -0.0039526 0.999976 0.835379
1.00001 -5.14914e-05 0.000373622 -0.0142074 5.13207e-05 1 0.000766318 -0.030229 -0.000375339 -0.000766681 1.00002 0.852321
0.999991 0.000556489 -0.00043012 0.0167561 -0.000558181 0.999993 -0.00344132 -0.0341436 0.000429722 0.00344204 0.999978 0.795845
1.00001 0.000894128 0.000426244 -0.0154655 -0.000892119 0.999992 -0.00441935 -0.0147135 -0.00043179 0.00441839 1.00001 0.856958
0.999982 0.00368331 -0.00222001 0.040452 -0.0036888 0.999989 -0.00245228 -0.0158906 0.00221245 0.00246078 0.999977 0.78483
1 0.00294438 -0.00165705 -0.00250718 -0.00294685 0.999997 -0.00154112 -0.0111771 0.00165093 0.00154556 1.00002 0.85909
0.999987 -0.0021874 -0.00215019 0.0223052 0.00218245 0.999993 -0.002216 -0.0147416 0.00215655 0.00221175 0.999977 0.823374
1 -0.00348206 -0.00215901 0.00859741 0.00347347 0.999988 -0.0040429 -0.0109767 0.00217153 0.00403483 1.00001 0.843862
0.999982 -0.00399258 -0.001698 0.00971047 0.00398904 0.999988 -0.00197714 -0.0102087 0.00170739 0.00197085 0.999978 0.842114
1 -0.000818494 -0.00270638 0.00164227 0.000826398 0.999998 0.00287522 -0.00448777 0.00270252 -0.00287787 1.00001 0.845972
0.999986 -0.0022814 -0.00251735 0.00678924 0.00229239 0.999985 0.00441442 -0.00161885 0.00250874 -0.00441978 0.999969 0.830095
1 -0.00147941 -0.00280022 0.00897816 0.00148687 0.999997 0.0026242 -0.00457894 0.00279483 -0.00262879 1.00001 0.823484
0.999987 0.000448697 -0.00237818 0.00210875 -0.000453316 0.999996 -0.00190922 -0.0109538 0.00237877 0.00191074 0.999977 0.835194
1 0.00369351 -0.000489442 -0.0196347 -0.00369554 0.999985 -0.00461426 -0.0136852 0.000470947 0.00461552 1.00001 0.811786
0.999979 0.0046898 -0.00129198 -0.0153824 -0.00469444 0.99998 -0.00349115 -0.011689 0.00127703 0.00349767 0.999974 0.810464
0.999996 0.00406071 -0.0033686 0.00579691 -0.00406714 0.999993 -0.0019697 -0.00524548 0.00335909 0.0019829 1.00001 0.81082
0.999989 0.000884177 -0.00134652 -0.0102329 -0.000883338 0.999997 0.000819981 -0.00885587 0.0013487 -0.000818297 0.999982 0.812288
1.00001 -0.00083946 -0.00149986 -0.00116883 0.000841046 1 0.000928914 -0.00693255 0.00149762 -0.000930729 1.00002 0.799837
0.999989 0.000479161 -0.00133901 -0.0103195 -0.00048056 0.999996 -0.000919208 -0.00824646 0.00134007 0.000920459 0.999981 0.79725
1.00001 0.000867232 9.37792e-05 -0.00885286 -0.000866999 1 -0.000729975 -0.00738308 -9.58565e-05 0.000729316 1.00002 0.786899
0.999987 -0.00268119 -0.000483632 -0.00780761 0.00268196 0.999992 0.0019854 -0.0167822 0.000479758 -0.00198615 0.999981 0.781204
1.00001 -0.000897469 0.000245152 -0.00710726 0.000896804 0.999997 0.00322745 -0.0154218 -0.000249505 -0.00322776 1.00001 0.78079
0.999989 -0.000851286 -0.00136273 0.00307068 0.000856593 0.999989 0.00398082 -0.013105 0.00136081 -0.00398147 0.999974 0.788449
1.00001 -0.000489807 -0.000945138 -0.00317436 0.000491528 1 0.001789 -0.0114953 0.000942813 -0.00179003 1.00002 0.777143
0.999991 -0.000691783 -0.000444794 -0.00733151 0.000691557 0.999997 -0.00060569 -0.0153057 0.000446679 0.000605946 0.999983 0.755163
1.00001 -0.00176444 -0.000307725 -0.00585497 0.00176347 0.999997 -0.00302375 -0.00354757 0.00031153 0.00302262 1.00001 0.749352
0.999989 -0.00101606 0.000207643 -0.012042 0.00101692 0.999987 -0.00417337 -0.00796988 -0.000201901 0.00417417 0.999974 0.742044
1.00001 -0.000197486 4.52851e-05 -0.00798249 0.000197626 0.999997 -0.00364481 -0.00803705 -4.60846e-05 0.00364422 1.00001 0.736153
0.999988 0.00059856 0.00154917 -0.0113953 -0.000594537 0.999993 -0.0025599 -0.0121987 -0.0015492 0.00255958 0.999978 0.734634
1.00001 0.00213722 0.00166613 -0.00121352 -0.00213545 1 -0.00114844 -0.00598648 -0.00167004 0.00114426 1.00002 0.702494
0.999981 -9.90667e-05 0.00412084 -0.0129349 9.57521e-05 0.999997 0.000833377 -0.01567 -0.00411945 -0.00083239 0.999973 0.711733
0.999992 -0.000959757 0.00598382 0.00561045 0.000949754 1 0.00161759 -0.0150677 -0.00598689 -0.00161253 0.999999 0.673602
0.999968 -0.00166125 0.0064581 0.00796716 0.00165558 0.999996 0.000928767 -0.0103656 -0.00645812 -0.000917414 0.99996 0.668827
0.999974 0.000448018 0.00846157 -0.0014889 -0.000457872 1 0.00113277 -0.0124505 -0.00846266 -0.00113723 0.999981 0.625953
0.999932 0.000114091 0.0107358 0.013297 -0.000117018 0.999997 0.000300747 0.00554548 -0.0107342 -0.000301367 0.999924 0.628843
0.999904 0.00203205 0.0144065 0.00802573 -0.00205297 1 0.00141634 -0.0115703 -0.0144051 -0.00144642 0.999913 0.616052
0.999828 0.000708774 0.018012 0.0225531 -0.000729684 0.999995 0.00117141 -0.0148431 -0.0180096 -0.00118374 0.999819 0.585685
0.999763 -0.00023784 0.0222026 0.0135656 0.000227988 1 0.000431328 -0.00563803 -0.0222043 -0.000426828 0.999772 0.573987
0.999672 -0.00197217 0.0251601 0.0306246 0.00197019 0.999994 0.000116336 -0.0124525 -0.0251587 -6.60812e-05 0.999665 0.530147
0.999586 -0.00269888 0.0289619 0.0367598 0.00272764 1 -0.000965319 0.000396203 -0.0289607 0.00104323 0.999598 0.539274
0.999418 -0.00287875 0.0337236 0.039596 0.00289966 0.99999 -0.000560388 0.000954722 -0.0337204 0.000658522 0.999413 0.538938
0.999332 -0.00232915 0.0367631 0.0681723 0.00232013 1 0.000280523 -0.00742401 -0.0367651 -0.000195763 0.999344 0.466906
0.999225 -0.00196561 0.0390364 0.0864682 0.00198225 0.999993 -0.000381649 -0.00456009 -0.0390342 0.000459448 0.999218 0.51099
0.998929 -0.00264796 0.0464385 0.0429656 0.00259465 1 0.00120516 -0.00402591 -0.0464429 -0.00108407 0.998941 0.486889
0.998758 -0.00516887 0.049322 0.0576368 0.0052013 0.999981 -0.000527778 -0.00836606 -0.0493173 0.00078439 0.998763 0.442211
0.998624 -0.0102477 0.0516549 0.0674495 0.0103367 0.999951 -0.00145713 -0.0187393 -0.0516385 0.00198834 0.998683 0.451225
0.99851 -0.00714264 0.0538866 0.0693359 0.00729378 0.999965 -0.00260744 -0.0180396 -0.0538649 0.00299735 0.998525 0.468653
0.998434 -0.007203 0.0556732 0.0774525 0.00731397 0.999977 -0.00179031 -0.011283 -0.0556602 0.00219396 0.998466 0.45798
0.998436 -0.00152418 0.0556919 0.0760351 0.00151582 0.999993 0.000194125 -0.00485591 -0.0556906 -0.000108698 0.99843 0.469381
0.998541 -0.0025087 0.0541283 0.0738023 0.00247799 1 0.000632866 -0.00832331 -0.0541311 -0.000498483 0.998551 0.46821
0.998556 -0.00991289 0.0525993 0.0760144 0.0098629 0.999945 0.0012088 -0.010852 -0.0526072 -0.00068767 0.998598 0.438329
0.998565 -0.0126183 0.0522481 0.0987272 0.0125661 0.999925 0.00132453 -0.019716 -0.0522621 -0.000666732 0.998651 0.418352
0.998525 -0.00316762 0.0540262 0.064629 0.00332937 0.999985 -0.00290068 -0.0216023 -0.0540152 0.00307705 0.998518 0.453708
0.998496 0.00200167 0.0549734 0.052785 -0.00160836 0.999978 -0.007202 -0.0168749 -0.0549876 0.00710189 0.99848 0.445353
0.998447 0.00284085 0.0554767 0.0718548 -0.00213763 0.99991 -0.012726 0.00320023 -0.055507 0.0125886 0.998361 0.441992
0.998331 0.00426773 0.0577564 0.0671342 -0.00374448 0.999958 -0.00916992 0.00458203 -0.0577939 0.00893742 0.998307 0.46308
0.99825 0.00089163 0.0589752 0.0698335 -0.000608556 0.999982 -0.00481221 0.0176252 -0.0589775 0.00476875 0.998231 0.459455
0.998248 -0.00155579 0.0593027 0.0667644 0.00177009 0.999997 -0.00356606 0.0174413 -0.0592979 0.00366393 0.99825 0.473689
0.998341 0.00265616 0.0573572 0.0600349 -0.00248724 0.999987 -0.00300617 0.00472588 -0.0573636 0.00285949 0.998333 0.529498
0.998541 0.000425308 0.0541771 0.0623758 -0.000445099 1 0.000339607 0.00125482 -0.0541781 -0.000364131 0.998549 0.515638
0.998795 0.00597999 0.0485166 0.0530136 -0.00596328 0.999976 -0.000475244 0.0101049 -0.0485173 0.000186215 0.998805 0.544841
0.998977 0.00629906 0.0449819 0.0466999 -0.00622063 0.999985 -0.0018998 -0.00500725 -0.0449942 0.00161714 0.999003 0.576214
0.99926 0.00403623 0.0380144 0.0431745 -0.00409432 0.999985 0.00146885 -0.000846636 -0.0380069 -0.00162261 0.99926 0.585854
0.999519 -0.000207991 0.0313245 0.0435881 0.000145491 1 0.00197418 -0.00515146 -0.0313262 -0.00196939 0.999524 0.608502
0.999709 -0.00111901 0.0236947 0.0605211 0.00109939 0.999993 0.000873613 0.00837689 -0.0236942 -0.000846547 0.999703 0.616647
0.999763 -0.000452448 0.0221987 0.00683851 0.000400303 1 0.00231314 -0.0116047 -0.0222009 -0.00230454 0.999768 0.605528
0.99984 0.00121519 0.0173046 0.0368479 -0.00127219 0.999987 0.00333129 -0.0112142 -0.0172992 -0.00335196 0.999828 0.643523
0.999874 0.00473008 0.0157234 0.0112964 -0.0047604 0.999993 0.00183293 -0.00763155 -0.0157157 -0.00190845 0.999891 0.666681
0.999915 0.00263395 0.0119794 0.0210841 -0.00265306 0.999989 0.0016486 -0.00962449 -0.0119738 -0.00167939 0.99991 0.687846
0.999926 -0.000804125 0.0129079 0.0226848 0.000803119 1.00001 1.89062e-05 -0.0119276 -0.0129091 -9.44089e-06 0.999934 0.664238
0.999904 0.000550275 0.0131825 0.0246651 -0.000547831 0.999993 -0.000127728 -0.00885266 -0.0131813 0.000121381 0.999896 0.677597
0.99993 -0.000132135 0.0126485 0.035423 0.000114662 1 0.00131324 -0.0100995 -0.0126499 -0.00131254 0.999937 0.726119
0.999899 0.00222591 0.0132965 0.0296386 -0.00223997 0.999991 0.00111 -0.0126126 -0.0132929 -0.00113883 0.999893 0.716511
0.999938 0.000695677 0.0120476 0.0239154 -0.000669327 1 -0.00226006 -0.0149045 -0.0120505 0.00225096 0.999943 0.731019
0.999924 0.00154134 0.0113227 0.00243462 -0.00148815 0.999983 -0.00464306 -0.0172244 -0.0113284 0.00462682 0.999907 0.758498
0.999965 -0.00103619 0.0096585 0.0194852 0.00109609 0.999986 -0.00625438 -0.00612797 -0.00965334 0.0062638 0.999953 0.73881
0.999956 0.000146446 0.0079211 0.0121507 -0.000144907 0.999994 -0.000106081 -0.00107107 -0.00791961 0.000105742 0.999949 0.756108
0.999991 0.00140178 0.00650235 0.00530949 -0.00143523 0.999993 0.00503433 0.00884372 -0.00649674 -0.00504428 0.999987 0.783234
0.999967 0.00404305 0.00500894 0.00151282 -0.00408134 0.999955 0.00780029 -0.00799243 -0.00497567 -0.00781985 0.999937 0.77139
1 -0.000130773 0.00397717 -0.00219185 0.000115829 0.999999 0.00357963 -0.0109506 -0.00397922 -0.00357994 1.00001 0.796768
0.999978 -0.00232606 0.00360905 0.00420227 0.0023336 0.99999 -0.00189116 0.00064818 -0.00360305 0.00190041 0.999973 0.746163
1.00001 -0.000248794 0.002657 0.00535151 0.000251189 1 -0.00120198 -0.0102715 -0.0026583 0.0012017 1.00001 0.779741
0.999982 -0.000984378 0.00301336 0.00151569 0.000979234 0.999993 0.00199251 -0.00823518 -0.0030137 -0.00198868 0.999975 0.764495
1.00001 -0.00168535 0.00279912 0.000905735 0.00167761 1 0.00247149 -0.017647 -0.0028049 -0.00246765 1.00001 0.766716
0.999978 -0.00264072 0.00339181 0.00274803 0.00263623 0.999991 0.00156517 -0.0179825 -0.0033943 -0.00155534 0.999975 0.768733
1.00001 0.000375875 0.00171503 0.0127572 -0.000371045 0.999999 -0.00327493 -0.0231285 -0.00171796 0.00327337 1.00001 0.768525
0.999978 0.00354844 0.00251249 -0.0171924 -0.00352911 0.999963 -0.00731578 -0.0161245 -0.00253673 0.00730784 0.999952 0.768458
1.00001 0.00107946 0.00284867 -0.01462 -0.00105622 0.999968 -0.00843967 -0.00199904 -0.00285935 0.00843559 0.999978 0.763442
0.999987 0.00104357 0.000820938 -0.00101774 -0.00103899 0.999985 -0.00454171 -0.00533483 -0.000824036 0.00454183 0.999971 0.774648
1.00001 0.000504079 0.0012394 0.00905562 -0.000506821 1 0.0015617 -0.00661388 -0.00124031 -0.00156315 1.00002 0.758571
0.999986 0.00181396 0.00113554 0.00774559 -0.00181724 0.999989 0.00350143 -0.00806351 -0.00112751 -0.00350274 0.999975 0.773401
1.00001 0.00294434 0.00131054 0.000956935 -0.00295103 0.999988 0.00461244 -0.00906145 -0.00129866 -0.00461699 1.00001 0.778506
0.999984 -0.00261134 0.000445292 0.0241735 0.00261143 0.999993 0.00130396 -0.00850841 -0.000446896 -0.00130207 0.99998 0.767804
1.00001 -0.00355577 -0.000953436 0.0286677 0.00355498 0.999997 -0.000119773 -0.0160391 0.000952014 0.000115596 1.00002 0.747202
0.999982 -0.00284027 -0.00126331 0.0217927 0.002841 0.999993 8.85489e-05 -0.0167171 0.00126484 -9.1427e-05 0.99998 0.772224
1.00001 3.57146e-05 -0.000389528 0.00613907 -3.66829e-05 1 -0.000680315 -0.0181311 0.000387726 0.000679638 1.00002 0.7621
0.999987 -0.00151194 -0.000298502 0.00816913 0.00151208 0.999995 -0.00189584 0.00350902 0.000303135 0.0018961 0.99998 0.767529
1.00001 -0.0025759 0.00109046 -0.0071394 0.00257319 0.999999 0.00168751 -0.0366492 -0.00109654 -0.00168544 1.00002 0.792161
0.999985 0.000811343 0.000399763 0.000219092 -0.000811296 0.999993 0.00219811 -0.0309034 -0.000396194 -0.00219766 0.999977 0.795245
1.00001 -0.000796612 -0.000408379 -0.0045326 0.000795682 1 -9.79463e-05 -0.0221723 0.000406728 9.68406e-05 1.00002 0.78832
0.999986 -0.000243991 -0.00132899 -0.0216985 0.000245488 0.999996 0.000362551 -0.0201085 0.00133066 -0.000362206 0.999979 0.750278
1.00001 -0.00168665 -0.00151945 -0.0152351 0.00168678 1 0.000742888 -0.0153931 0.00151642 -0.000746154 1.00002 0.776896
0.999977 0.00109526 -0.00442657 0.0181144 -0.00109477 0.999996 -0.000193749 -0.0124245 0.00442815 0.000199203 0.999973 0.837327
1 0.00423115 -0.00281029 -0.0178363 -0.0042306 0.999995 0.000575153 -0.0266218 0.00281101 -0.000563958 1.00001 0.786804
0.999983 0.00108758 -0.00264664 -0.00995045 -0.00110159 0.999981 -0.0056853 -0.00562133 0.00264209 0.00568897 0.999963 0.813489
1.00001 0.00103073 -0.00125666 -0.0274265 -0.00103635 0.999995 -0.00366623 -0.00763936 0.00125116 0.0036668 1.00001 0.796581
0.999981 -0.000143479 -0.00331168 0.0164017 0.000137677 0.999996 -0.00205197 -0.00483438 0.00331348 0.00205218 0.999975 0.82115
1.00001 -0.000782183 -0.00179699 -0.0218546 0.000783784 1 0.00151137 -0.00907729 0.0017942 -0.00151339 1.00002 0.865241
0.999977 -0.000902316 -0.00409316 0.0190442 0.000905995 0.999998 0.000626959 -0.0162444 0.00409419 -0.000630019 0.999974 0.84893
1.00001 -0.000290535 -0.000469742 -0.0209191 0.00029002 1 0.00130307 -0.00750399 0.000467738 -0.00130384 1.00002 0.846672
0.999986 0.000357987 -0.000417126 -0.0181637 -0.000355336 0.999993 0.00368813 -0.0115347 0.000420088 -0.00368736 0.999976 0.84999
1.00001 -0.00105708 -0.00174961 0.00284548 0.00106468 0.999988 0.00497156 -0.0101924 0.00174263 -0.00497405 1 0.851467
0.999985 9.17109e-05 -0.000841837 0.0148718 -8.92174e-05 0.999998 0.00167341 -0.0100712 0.000843669 -0.00167266 0.999981 0.861612
1.00001 0.00250168 0.00197749 -0.00664466 -0.00250081 0.999997 -0.00103762 0.00178089 -0.0019817 0.00103203 1.00001 0.882938
0.999983 -4.04033e-05 0.00226682 -0.0117604 4.55609e-05 0.999998 -0.00177728 -0.00394932 -0.00226515 0.00177799 0.999979 0.864675
1.00001 -0.00270053 0.000763297 0.0117645 0.00270151 0.999994 -0.00277336 -0.00563474 -0.000757459 0.00277479 1.00001 0.878919
0.999978 -0.00360489 0.000968426 0.00725108 0.00360782 0.99999 -0.00187166 -0.0082568 -0.000960004 0.00187574 0.999981 0.877543
1.00001 -0.00176671 0.000940607 0.0113882 0.00176588 1 -0.000364203 -0.0104378 -0.00094164 0.000365306 1.00002 0.886106
0.999983 -0.00138719 0.0019284 -0.0155516 0.001385 0.999996 0.00175025 -0.00188845 -0.00192911 -0.00174707 0.999981 0.878792
1.00001 -0.00165254 0.00139205 -0.00913599 0.00164837 0.999999 0.0020981 -0.0127444 -0.00139724 -0.00209631 1.00001 0.877774
0.999985 -0.000696309 0.0014466 -0.00885453 0.000697366 0.999997 0.000128607 -0.014981 -0.00144498 -0.000127055 0.999982 0.878402
1.00001 0.000824882 0.000749835 -0.00740871 -0.00082397 0.999998 -0.00288413 -0.0168216 -0.000753943 0.00288292 1.00001 0.890946
0.999981 0.00296355 0.00136922 -0.0186287 -0.00295459 0.999978 -0.00560779 -0.0223443 -0.00138409 0.00560438 0.999966 0.874046
1.00001 0.00272168 0.0022132 -0.0328862 -0.00271158 0.999986 -0.00509587 -0.0153403 -0.00222874 0.00508913 1 0.839257
0.999969 0.00553729 0.00151781 -0.0191171 -0.00552662 0.999963 -0.00622242 -0.0124608 -0.0015505 0.00621469 0.999962 0.871575
1.00001 0.000800002 0.00179981 -0.018003 -0.000798785 1 -0.00129016 -0.0101645 -0.00180254 0.00128803 1.00001 0.853786
0.999978 -0.00353591 0.00141557 -0.0177673 0.00352787 0.999972 0.00629282 -0.0125874 -0.00143609 -0.00628726 0.999962 0.8807
1.00001 -0.00102745 -0.000759583 -0.00090075 0.00103349 0.999959 0.00923466 -0.0136241 0.000748348 -0.0092359 0.999974 0.888737
0.999981 -0.00195096 -0.00199931 0.00158106 0.00196807 0.999963 0.00805825 -0.0258534 0.00198519 -0.00806167 0.999949 0.841772
1.00001 -0.00211522 -0.00297683 0.00497247 0.00210857 0.999999 -0.00189238 -0.0245492 0.00297915 0.00188547 1.00001 0.843544
0.999976 -0.00408754 -0.00135015 -0.00908054 0.00408396 0.999983 -0.00336758 -0.0205685 0.00136557 0.00336269 0.999976 0.840126
1 -0.00122789 -0.00533981 0.0293562 0.0012194 1 -0.00138953 -0.0209324 0.00533982 0.00138231 1 0.836911
0.999975 0.00182012 -0.0038321 -0.00122808 -0.00182724 0.999994 -0.0021579 -0.0206469 0.00382986 0.00216557 0.999972 0.839158
1.00001 0.00148601 -0.00351577 -0.00757735 -0.0014998 0.999994 -0.00360532 -0.0155553 0.00350869 0.00360981 1.00001 0.852513
0.999972 0.000675167 -0.0047275 -0.00512316 -0.000689617 0.999992 -0.00329724 -0.0151589 0.00472694 0.00330119 0.999964 0.821244
1.00001 0.00152331 -0.00295274 -0.0148233 -0.00153916 0.999989 -0.00499625 -0.00310993 0.00294344 0.00500002 1.00001 0.817918
0.99996 0.00536266 -0.00402342 -0.00951607 -0.00536098 0.999983 0.00013554 -0.0159739 0.00402566 -0.000113329 0.99997 0.810613
1.00001 0.00351706 -0.00334484 -0.0228843 -0.00351692 0.999996 0.000369603 0.00167524 0.00334462 -0.000358488 1.00002 0.820734
0.999969 0.00232863 -0.00445861 -0.0118149 -0.00230534 0.999983 0.00496661 -0.00805844 0.00447164 -0.00495575 0.999956 0.826885
1.00001 0.000622944 -0.00409561 -0.0201934 -0.000600878 0.999986 0.00564668 -0.0195519 0.00409755 -0.00564475 0.999998 0.797282
0.999962 -0.00161746 -0.00612262 0.000592827 0.00163684 0.999991 0.0029792 -0.0105353 0.00611927 -0.00298855 0.999955 0.827706
0.999999 0.000205302 -0.00621972 -0.0162992 -0.00021152 1 -0.000828609 0.00253276 0.00621806 0.000829229 1 0.800696
0.999967 -0.00107425 -0.00532819 -0.016038 0.00108046 0.999997 0.000978727 0.00908274 0.00532863 -0.000983833 0.999963 0.794178
0.999993 0.000927372 -0.00703182 -0.00563949 -0.000938658 1 -0.00145522 -0.00706348 0.00702891 0.00146109 0.999996 0.801315
0.999948 0.00514475 -0.00631989 -0.0169837 -0.00515369 0.999983 -0.00156898 -0.0137651 0.00631324 0.00160219 0.999956 0.790456
1.00001 0.00159705 -0.00501282 -0.0251099 -0.00163255 0.999978 -0.00690263 0.0162205 0.00500015 0.00690992 0.999986 0.780245
0.999965 -0.000904532 -0.0056715 -0.0127303 0.000893964 0.999995 -0.00207582 -0.0197533 0.00567491 0.00207135 0.99996 0.761869
1 0.000915518 -0.00518042 -0.0203343 -0.00092977 1 -0.00248996 -0.000465872 0.00517656 0.0024941 1.00001 0.785118
0.999969 0.00160716 -0.00461817 -0.0171841 -0.00158427 0.999984 0.00466447 -0.00394047 0.00462715 -0.0046566 0.999955 0.779267
1.00001 -0.000238354 -0.00526195 -0.0264825 0.000255545 0.999997 0.00352008 -0.00620624 0.00525952 -0.00352194 1 0.780464
0.999967 -0.000343678 -0.00535174 -0.024078 0.000349976 0.999996 0.000906426 -0.00943204 0.00535296 -0.000907678 0.999962 0.757197
0.999998 -0.00183668 -0.00630301 -0.0255497 0.00181091 0.999994 -0.00387421 -0.0199644 0.00630844 0.00386201 0.999996 0.776249
0.999947 0.000352193 -0.00826582 -0.017642 -0.000410596 0.99997 -0.0072365 -0.0173455 0.00826464 0.00724043 0.999917 0.767441
0.999975 -0.00173027 -0.0092705 -0.0143175 0.00171386 1 -0.00162782 -0.012181 0.00927175 0.00161117 0.999979 0.757342
0.999941 -0.000890045 -0.00889898 -0.0532337 0.000906763 0.999994 0.00172747 -0.00138171 0.00889907 -0.00173483 0.999937 0.747658
0.999968 -0.0015938 -0.010017 -0.0462724 0.00165215 0.999986 0.00595718 -0.00694751 0.0100057 -0.005974 0.999955 0.753781
0.999914 -0.000605676 -0.0115481 -0.0328851 0.000681542 0.999974 0.00644295 0.00396116 0.0115456 -0.00644982 0.999889 0.751873
0.999956 -0.000469022 -0.0112456 -0.0252486 0.000505603 1 0.00338216 -0.0205098 0.0112422 -0.0033883 0.999956 0.759416
0.999894 0.00381905 -0.012635 -0.0134822 -0.00387847 0.999975 -0.0048036 -0.0233462 0.0126182 0.004853 0.999884 0.76801
0.999933 0.00191117 -0.0130031 -0.0137132 -0.00203281 0.999962 -0.00922457 -0.0215016 0.0129831 0.00924927 0.999898 0.749728
0.999903 -0.00127771 -0.0124068 -0.0253584 0.00120599 0.999977 -0.00591311 -0.000897761 0.0124159 0.00589855 0.999881 0.739444
0.999929 -0.00163999 -0.0133475 -0.00761702 0.00169323 0.999996 0.00409882 0.00197098 0.0133389 -0.00412177 0.999927 0.73951
0.999921 -0.000883103 -0.010919 -0.0378961 0.000965345 0.999967 0.00737756 -0.0174742 0.0109138 -0.00738712 0.99989 0.762038
0.999935 -0.00142671 -0.0127928 -0.0182393 0.00149481 0.99999 0.00544589 -0.0208278 0.0127831 -0.00546521 0.999927 0.749798
0.999925 -0.00144499 -0.0106659 -0.0540508 0.00143193 0.999993 -0.00138078 -0.0287958 0.0106695 0.0013661 0.99992 0.76824
0.999958 -0.000823957 -0.0108714 -0.0340251 0.000779409 0.999997 -0.00395748 -0.0236773 0.0108729 0.00394799 0.999955 0.753166
0.99994 -0.00145226 -0.00919454 -0.0212451 0.00139422 0.999973 -0.0064844 -0.0216639 0.00920542 0.0064721 0.999914 0.749641
0.999988 -0.00206843 -0.00736653 -0.0232439 0.0020228 0.999986 -0.00598287 -0.0127404 0.00737707 0.00596699 0.999978 0.766326
0.999962 -0.000312784 -0.00638965 -0.0466406 0.000302418 0.999992 -0.0018657 -0.0116434 0.00639187 0.00186448 0.999954 0.732661
0.999983 0.00549609 -0.00617579 -0.0519626 -0.00549885 0.999991 -0.000166581 -0.0151497 0.00617317 0.000199735 1.00001 0.75792
0.999948 0.000612715 -0.00839668 -0.0239169 -0.000589048 0.999991 0.00262983 -0.0248723 0.00839993 -0.00262404 0.999936 0.742352
0.999971 -0.00207431 -0.00936861 -0.00514021 0.00213197 0.999984 0.00631611 -0.00598352 0.00935369 -0.00633651 0.999961 0.768936
0.99996 0.00062021 -0.00681077 -0.0229281 -0.000562491 0.99996 0.00824698 -0.0170177 0.00681728 -0.00824236 0.999917 0.764122
0.999968 0.00833893 -0.00538956 -0.0394923 -0.00830267 0.999947 0.00701759 -0.0204996 0.00544617 -0.00697309 0.999987 0.772518
0.999896 0.0119039 -0.00554779 -0.0416002 -0.0119173 0.999919 -0.00270952 -0.0264699 0.00551673 0.00277619 0.999955 0.749298
1 -0.00148732 -0.00587302 -0.0148819 0.00144522 0.999982 -0.00691926 -0.0246591 0.00588151 0.00690969 0.999985 0.764007
0.999953 -0.00514402 -0.00566499 0.00342189 0.00510514 0.999956 -0.00710158 -0.0184664 0.00570293 0.00707338 0.999933 0.750828
1.00001 0.00195595 -0.00441243 -0.0075742 -0.00195864 1 -0.000273208 -0.0158961 0.00441029 0.000281037 1.00002 0.788484
0.999959 0.00367608 -0.00585968 -0.0101117 -0.00364671 0.999976 0.00476053 -0.00949629 0.00587866 -0.0047383 0.999945 0.794861
0.999995 0.000998501 -0.00672697 -0.00156112 -0.000973472 0.999998 0.00393379 -0.0120072 0.00672918 -0.00392788 0.999997 0.742016
0.99996 -0.00322327 -0.00586432 -0.00655475 0.00321149 0.999985 -0.00224807 -0.0203917 0.00587311 0.00223002 0.999953 0.777034
0.99999 0.00142936 -0.00730549 0.0132041 -0.0014788 0.999985 -0.00658159 -0.0146118 0.00729433 0.00659126 0.999981 0.79363
0.999965 0.000361489 -0.00580627 -0.00900586 -0.000398899 0.99997 -0.00668105 -0.0105518 0.00580526 0.00668421 0.999932 0.785055
1 0.00164688 -0.0054678 -0.0130285 -0.00165745 1 -0.00167051 -0.00705957 0.00546353 0.00167868 1.00001 0.77156
0.999961 0.000843766 -0.00612325 0.00806256 -0.000817489 0.999985 0.00404575 -0.0118107 0.00612814 -0.00403997 0.999942 0.788395
1.00002 0.00153061 -0.00243067 -0.0474663 -0.00152721 1 0.00207733 -0.0152722 0.0024324 -0.00207428 1.00003 0.762092
0.999965 0.00177208 -0.00562985 -0.0108005 -0.0017756 0.999992 -0.000889561 0.00564225 0.00562977 0.000900297 0.999955 0.765582
1 -0.00162017 -0.00477153 -0.00918841 0.00161111 1 -0.00159373 -0.0103162 0.00477252 0.00158519 1.00002 0.752884
0.999968 -0.00170773 -0.00517809 -0.00458074 0.00170401 0.999992 -0.00102495 -0.0122101 0.0051814 0.00101692 0.999958 0.77114
1 -0.00155553 -0.00503821 -0.0111719 0.00155611 1 0.000422039 -0.0129779 0.00503593 -0.000430633 1.00002 0.765262
0.999972 0.00117 -0.00450084 -0.0181075 -0.00116746 0.999994 0.000203703 -0.0123253 0.00450265 -0.000197693 0.999961 0.795358
1.00001 0.00121092 -0.0044986 -0.0149974 -0.00121531 1 -0.000616884 -0.0112068 0.00449629 0.000621535 1.00002 0.746031
0.999969 -0.00112892 -0.00510358 -0.0107482 0.0011071 0.999984 -0.00459528 -0.011068 0.00511029 0.00459051 0.999947 0.769409
1.00001 -0.00030261 -0.00409206 -0.0161256 0.000279617 0.999991 -0.0052191 -0.0135902 0.00409204 0.00521689 1.00001 0.75083
0.999959 -0.00113421 -0.00659799 0.0233231 0.00111586 0.999991 -0.00300419 -0.00497121 0.00660296 0.0029977 0.999944 0.762411
1.00001 -0.000333635 -0.00437187 -0.0032574 0.000349421 0.999997 0.00398932 -0.00851963 0.00436892 -0.00399157 1.00001 0.720344
0.999977 -0.000435031 -0.00298636 -0.0137731 0.000462043 0.99996 0.00844663 -0.0123205 0.00298418 -0.00844737 0.999929 0.740451
1.00001 -0.003222 -0.00348983 0.000467565 0.00325366 0.999954 0.00963987 -0.0230596 0.00345693 -0.00965169 0.99998 0.753807
0.999975 -0.00287288 -0.00251439 -0.0185473 0.00288674 0.999978 0.0048601 -0.019455 0.00250211 -0.00486667 0.999952 0.712765
1.00001 -0.00279099 -0.00371543 0.005302 0.00278534 1 -0.00107651 -0.0207014 0.00371668 0.00106533 1.00003 0.718001
0.999978 0.00112088 -0.00343068 -0.00162671 -0.00113274 0.999987 -0.00396352 -0.0141929 0.00342794 0.00396827 0.999955 0.704728
1.00001 -0.000335867 -0.00329898 -0.00743725 0.000324217 1 -0.0030495 -0.0119706 0.00329832 0.00304755 1.00002 0.660389
0.999977 -0.000779471 -0.00316367 -0.00130823 0.000777506 0.999994 -0.00113494 -0.0200552 0.00316626 0.00113326 0.999961 0.649453
1.00001 -0.00167127 -0.00240485 -0.0128696 0.00166853 1 -0.000449617 -0.0106367 0.00240391 0.000444803 1.00003 0.624207
0.99998 0.000143904 -0.00227167 -0.0132878 -0.000139939 0.999996 0.000994914 -0.0127456 0.0022735 -0.000993848 0.999965 0.623332
1.00001 -9.50288e-05 -0.00226705 -0.011773 9.8387e-05 1 0.00217948 -0.0218829 0.00226517 -0.00218046 1.00003 0.58075
0.99998 -0.00143517 -0.00209097 -0.0124978 0.001439 0.999995 0.00108083 -0.0217493 0.00209115 -0.00108304 0.999965 0.571913
1.00002 -0.00109428 -0.000879559 -0.0352513 0.00109266 1 8.12088e-05 -0.012714 0.000877816 -8.30768e-05 1.00003 0.510694
0.999981 -0.000741697 -0.00199136 -0.017666 0.000742208 0.999996 -0.000605462 -0.0239863 0.00199343 0.000604894 0.999965 0.516067
1.00001 0.00202837 -0.0019708 -0.0184659 -0.00203547 0.999998 -0.00271831 -0.0246118 0.00196365 0.00272134 1.00003 0.482639
0.99998 -0.00042695 -0.00244802 -0.0208531 0.000420401 0.999991 -0.00337375 -0.024975 0.00245109 0.0033737 0.999959 0.472458
1.00001 -0.00294599 -0.00340302 -0.0228387 0.00293854 0.999998 -0.00169801 -0.019906 0.00340645 0.00168705 1.00003 0.461628
0.999963 -0.00488363 -0.00419629 -0.0225027 0.00488851 0.999984 0.000757172 -0.0194247 0.00419415 -0.000776811 0.999958 0.43391
1 0.000720369 -0.00562028 -0.0221815 -0.000710588 1 0.00205175 -0.0155403 0.00562005 -0.00204855 1.00001 0.429909
0.999958 0.0034222 -0.00644045 -0.0252364 -0.00340546 0.999988 0.00233121 -0.0138837 0.00645014 -0.00230839 0.999945 0.412544
0.999988 0.00421896 -0.00615725 -0.0196279 -0.00419343 0.999985 0.00444089 -0.00906949 0.00617407 -0.00441575 1 0.386416
0.999956 0.00196255 -0.00737526 -0.00337867 -0.00191257 0.999973 0.00654798 -0.00309613 0.00738981 -0.00653296 0.999919 0.354792
0.99998 -0.000363105 -0.00840585 -0.00788321 0.000394241 0.999997 0.00390166 -0.00944597 0.00840253 -0.00390567 0.999989 0.337017
0.999935 -0.00392922 -0.00928079 -0.00837734 0.00393543 0.999988 0.000470919 -0.00140191 0.0092807 -0.000506472 0.999925 0.327477
0.999925 -0.00320052 -0.0130242 0.0106976 0.00321178 0.999999 0.000971391 -0.010426 0.0130191 -0.00101408 0.999948 0.307454
0.999871 -0.00272293 -0.0148027 -0.00796067 0.00273037 0.999991 0.000367384 0.00305994 0.0148035 -0.00040682 0.999856 0.2832
0.999872 -0.000362035 -0.0169629 -0.0172235 0.000361684 1 7.69092e-05 4.69509e-05 0.0169611 -8.39759e-05 0.99989 0.278675
0.999781 0.00237 -0.0200582 -0.0176753 -0.00239252 0.999992 -0.00118288 0.0025713 0.0200573 0.00123156 0.999764 0.24137
0.999787 0.00039761 -0.0213874 -0.0290755 -0.00045919 1 -0.00280151 -0.00736688 0.0213843 0.00280972 0.999802 0.221635
0.999738 0.00102579 -0.0221792 -0.0313185 -0.00114337 0.999981 -0.00535845 -0.00455838 0.0221752 0.00538352 0.999705 0.228818
0.99977 0.000245357 -0.0221653 -0.0262814 -0.000371435 0.999989 -0.00561448 -0.00164619 0.0221618 0.00562027 0.999774 0.198052
0.999718 0.00448797 -0.022626 -0.0237142 -0.00458269 0.999976 -0.00420792 0.00253039 0.0226083 0.00431157 0.9997 0.21574
0.999735 0.00773268 -0.0223936 -0.0302798 -0.0077949 0.999972 -0.00261815 0.00578443 0.022371 0.00279095 0.999781 0.228706
0.999698 0.00303792 -0.0237374 -0.0308889 -0.00305483 0.999989 -0.000744198 0.00785674 0.0237365 0.000817458 0.999683 0.221433
0.999666 -0.00330577 -0.0262213 -0.0136119 0.00333291 1 0.0010508 -0.00193396 0.0262161 -0.00113872 0.99969 0.181076
0.999638 -0.00299289 -0.026152 -0.0311182 0.00303039 0.999988 0.00133042 -0.00143731 0.0261495 -0.00140838 0.999623 0.21181
0.999627 0.000302552 -0.0278928 -0.0384997 -0.000247001 1 0.00205672 0.000290191 0.0278917 -0.0020499 0.999642 0.206122
0.999553 0.00416878 -0.0290882 -0.0546002 -0.00412879 0.999984 0.00137334 0.019991 0.0290953 -0.00125178 0.999543 0.222306
0.999604 0.00243095 -0.0285686 -0.062161 -0.0023345 1 0.00346733 -0.00348836 0.0285752 -0.00340008 0.99962 0.189901
0.99959 0.00193709 -0.0280265 -0.0777559 -0.0018846 0.999987 0.00183747 0.00333653 0.0280314 -0.00178302 0.999572 0.197984
0.999624 0.00376765 -0.0277385 -0.0777828 -0.00368521 0.999998 0.00308643 -0.0268424 0.0277484 -0.00298389 0.999645 0.18492
0.999586 0.00499355 -0.0278 -0.0803314 -0.0049352 0.999977 0.0021063 0.000409379 0.0278116 -0.00196736 0.999578 0.214141
0.999587 0.00283003 -0.0291241 -0.0726861 -0.00279626 1 0.00125674 0.001356 0.0291261 -0.0011757 0.999609 0.203835
