0.999828 -0.000838371 -0.0186733 0.191685 0.000890492 1 0.00279336 -0.0269306 0.0186728 -0.00280925 0.999828 0.897741
0.999839 -0.000216878 -0.0178678 0.157531 0.000265395 0.999989 0.0027151 -0.0427866 0.0178656 -0.00271958 0.999828 1.01857
0.999981 -0.00232725 -0.00611098 0.0904231 0.00230658 1 -0.00325557 0.00200791 0.0061216 0.00324169 0.99999 1.27963
0.999997 -2.47015e-05 -0.00129313 0.0110704 2.59087e-05 0.999989 0.000499413 -0.022698 0.00129047 -0.000499862 0.999986 1.35096
1 -0.000575308 -0.0013132 0.0126976 0.000576495 1.00001 0.00134466 -0.0292291 0.00131518 -0.00134498 1.00001 1.32396
0.999995 -0.00238564 -0.00126407 0.0429321 0.00238757 0.999986 0.000939335 -0.0197761 0.00125919 -0.000942809 0.999986 1.36863
1 0.000432925 -0.00151959 0.0184018 -0.000433523 1.00001 0.00010178 -0.0153426 0.00152228 -0.000100658 1.00001 1.3731
0.999998 0.000986141 -0.00111457 0.00524398 -0.000987598 0.999987 -0.00197955 -0.019362 0.00110997 0.00198019 0.999985 1.39851
0.999998 0.00240249 -0.00136721 0.0170167 -0.00240649 1 -0.00238486 -0.0200129 0.00136412 0.00238859 1.00001 1.39713
0.999992 0.00366662 0.0012162 -0.037946 -0.00366418 0.999983 -0.00126031 -0.0160492 -0.00122346 0.00125536 0.999987 1.34131
0.999997 0.00262229 0.00043302 -0.0156442 -0.00262298 1.00001 -0.000185245 -0.0176867 -0.000430864 0.00018456 1.00001 1.3909
0.999999 0.000833606 0.000751983 -0.021324 -0.000833608 0.99999 0.00108711 -0.0198832 -0.000753702 -0.00108817 0.999988 1.36227
0.999998 -0.00217518 0.00142516 -0.0263818 0.00217 1 0.00304724 -0.0246266 -0.00142912 -0.00304366 1.00001 1.37656
0.999988 -0.00424708 0.00182703 -0.0318902 0.00424445 0.999979 0.00191235 -0.0221763 -0.00183781 -0.00190507 0.999984 1.3672
0.999997 -0.0026556 0.00119843 -0.017902 0.00265694 1 -0.00188007 -0.0291715 -0.00119079 0.00188369 1.00001 1.38176
0.999998 -0.000915505 0.00141892 -0.0326679 0.000918455 0.99999 -0.00139965 -0.0266264 -0.00142026 0.00140048 0.999986 1.34222
0.999995 0.00267416 0.00190303 -0.0287545 -0.0026728 1 -0.0012152 -0.0290455 -0.00190361 0.00121067 1.00001 1.38741
0.999994 0.00291107 0.00184683 -0.0288085 -0.00291435 0.999985 0.00227933 -0.0239933 -0.00184283 -0.00228528 0.999984 1.38759
0.999999 0.000801131 0.00114926 -0.0178901 -0.000807207 0.999998 0.00428927 -0.0326768 -0.00114314 -0.00428967 1 1.42914
0.999995 -0.00245371 0.0020642 -0.025987 0.00245062 0.999988 0.00203749 -0.025042 -0.00207185 -0.00203282 0.999985 1.3814
0.99999 -0.00455227 0.0005294 -0.0111618 0.00455146 0.999997 -0.00095999 -0.0356457 -0.000522253 0.000962791 1.00001 1.41268
0.999999 -0.000594257 0.000979007 -0.024902 0.000597123 0.999991 -0.00153806 -0.0345548 -0.000980764 0.00153818 0.999988 1.39333
0.999994 -0.00128504 0.00309798 -0.0432526 0.00129044 1.00001 -0.00215875 -0.0271177 -0.00309243 0.00216314 1.00001 1.3807
0.999992 0.00341339 0.00268866 -0.0303059 -0.00340826 0.999986 -0.00139438 -0.0190707 -0.00269611 0.00138475 0.999983 1.39824
0.999997 0.00167511 0.00122902 -0.0320546 -0.00167411 1 -0.00195457 -0.0205904 -0.00122961 0.00195296 1.00001 1.39525
0.999999 0.00089869 0.00183136 -0.0308263 -0.000897305 0.999993 -2.51023e-05 -0.0167506 -0.00183406 2.29855e-05 0.999986 1.41225
0.999998 0.00056929 0.00106423 -0.0288755 -0.000571065 1.00001 0.000431198 -0.0085427 -0.00106133 -0.000431333 1.00001 1.42382
1 0.0011691 0.000239054 -0.013537 -0.00116794 0.999992 0.000694304 -0.012764 -0.00024093 -0.000695055 0.999987 1.43373
0.999996 0.00248693 -0.000114774 -0.00749076 -0.00248822 1 0.000274852 -0.0209539 0.000118135 -0.000274098 1.00001 1.46029
0.999998 0.00253203 0.000599279 -0.0153394 -0.00253032 0.999991 -0.000719551 -0.0187097 -0.000603774 0.000717566 0.999987 1.452
0.999998 0.00191336 -0.000330798 -0.00315699 -0.00191459 1 -4.72452e-05 -0.0195958 0.000333499 4.83118e-05 1.00001 1.48806
1 0.000652197 0.000487403 -0.0161561 -0.000650903 0.999994 -0.000333673 -0.0198002 -0.000490361 0.000332877 0.999987 1.45361
0.999999 -0.000813525 -0.00079077 0.00627204 0.000811796 1.00001 -0.000752563 -0.016061 0.000794162 0.000752424 1.00001 1.45687
1 0.000486733 -0.000551058 -0.00163111 -0.000485873 0.999994 -0.000446177 -0.0199404 0.000548086 0.000445915 0.999987 1.4392
0.999999 -0.000307791 -0.000423867 -0.0210021 0.000306772 1.00001 0.000161509 -0.0198334 0.00042662 -0.000161128 1.00001 1.42057
1 -0.000196933 -0.00138696 0.000573971 0.000199783 0.999994 0.00113173 -0.0209342 0.00138405 -0.00113254 0.999987 1.47795
0.999998 8.89384e-05 -0.00134214 0.00573489 -9.12126e-05 1 -0.000771534 -0.019972 0.00134476 0.00077217 1.00001 1.47696
0.999999 0.000713337 -0.00165796 0.00048108 -0.000712491 0.999995 -0.000229394 -0.0138359 0.00165511 0.000230047 0.999987 1.47221
0.999999 0.000306637 -0.000897543 -0.0128417 -0.000307291 1 0.000654576 -0.0237126 0.000900452 -0.000653782 1.00001 1.43162
1 -0.000913881 -0.000262688 -0.0074363 0.000915438 0.999994 0.00102798 -0.0270152 0.00025907 -0.00102874 0.999988 1.47343
0.999998 -0.00133579 0.000270358 -0.00721402 0.00133439 1 0.000306137 -0.0284851 -0.000268054 -0.000305244 1.00001 1.46652
0.999998 -0.00224343 4.04308e-05 -0.0165023 0.00224478 0.999992 -0.000439507 -0.0241787 -4.21375e-05 0.000439143 0.999988 1.45211
0.999997 -0.000757285 0.00232521 -0.0330468 0.000756237 1 -9.03828e-05 -0.021196 -0.00232242 9.26244e-05 1.00001 1.44657
0.999999 -0.000851709 0.00111681 -0.0179435 0.000851191 0.999994 0.00159412 -0.0283567 -0.00112086 -0.00159366 0.999986 1.44118
0.999997 -0.00202539 0.00102037 -0.0160572 0.00202267 1 0.0014333 -0.0299903 -0.00102059 -0.00143073 1.00001 1.44613
0.999998 -0.00227544 -0.000345823 0.0226207 0.00227664 0.999995 -0.000308462 -0.0340137 0.00034366 0.000307176 0.999989 1.43686
0.999996 -0.00199345 -0.000228011 0.00452752 0.0019919 0.999999 -0.0011192 -0.0211423 0.000233049 0.00111928 1.00001 1.452
1 0.000305705 0.00066615 -0.00607954 -0.000304111 0.999998 -0.000464912 -0.02545 -0.000669188 0.000464158 0.999989 1.42869
0.999997 0.000657683 0.000525531 -0.000175878 -0.000658797 1 -0.000363927 -0.0212568 -0.000522935 0.000364127 1.00001 1.46189
0.999994 0.00377265 0.00249592 -0.0339771 -0.00377604 0.99999 0.00185011 -0.0383986 -0.00249232 -0.00186012 0.999988 1.37575
0.99999 0.00351389 0.000546382 -0.00107287 -0.00351546 0.999995 0.00110872 -0.0227705 -0.000540041 -0.00111004 1.00001 1.50689
0.999993 0.00494394 0.000704558 -0.00710394 -0.00494233 0.999988 -0.000883083 -0.0119939 -0.000711711 0.000879023 0.999993 1.43772
0.999976 0.00507734 0.00260315 -0.0713604 -0.00507245 0.999985 -0.00221059 0.00932241 -0.00261188 0.00219791 1.00001 1.46241
1 0.00312669 0.000947292 -0.0234287 -0.00312434 0.999995 -0.00141541 -0.0104565 -0.000954318 0.00141186 0.999987 1.42663
0.999992 0.00177034 0.000184217 0.0142286 -0.0017713 0.999995 0.000438051 -0.0427191 -0.000180983 -0.000437731 1.00001 1.42267
1.00001 0.000369756 0.00175936 -0.0321384 -0.000366651 1 -0.0011422 -0.00625036 -0.00176275 0.00114102 0.999989 1.47755
0.999992 -0.00138999 -0.00132489 0.0351479 0.00138911 0.999997 -2.99626e-05 -0.0390523 0.00132727 2.8721e-05 1.00001 1.38384
1 -0.00101066 -0.000216274 -0.00199129 0.00101108 0.999997 -0.00237918 -0.00523543 0.000216124 0.00237844 0.999983 1.38383
0.999996 0.000192098 0.00140684 -0.0443539 -0.000190366 0.999999 -0.00178821 0.00231526 -0.00140487 0.00178847 1.00001 1.42237
0.999997 -0.00367804 -0.00261508 0.0542374 0.00368585 0.999997 0.0026656 -0.0636073 0.00260217 -0.00267566 0.999981 1.27228
0.999993 0.000562873 -0.00100711 -0.00621206 -0.000564969 0.999991 -0.00181953 -0.00716702 0.00100788 0.00182056 1.00001 1.45029
1.00001 -0.00060435 0.000745248 -0.03842 0.000605149 1.00001 -0.000631104 -0.0102991 -0.0007468 0.000631088 0.999983 1.42441
0.999993 -0.000128784 0.00256362 -0.0930875 0.000132163 0.999993 -0.00138183 0.0195276 -0.00256166 0.00138266 1.00002 1.4384
1 -0.00221984 -0.00199979 0.0356182 0.00222468 1.00001 0.00201087 -0.0539471 0.00199283 -0.00201566 0.99998 1.36046
0.999991 -0.00204033 -0.000195314 -0.049469 0.00203969 0.999985 -0.00215068 0.0218602 0.000201491 0.00215064 1.00002 1.46283
1 -0.00157314 0.000173515 -0.0134515 0.00157372 1.00001 -0.000657519 -0.0184084 -0.00017445 0.000657387 0.999981 1.36514
0.999992 -0.00105491 0.00230333 -0.0691045 0.00105888 0.999985 -0.00190332 -0.000606994 -0.00229949 0.00190612 1.00002 1.37092
1 -0.00196547 -0.00350375 0.0769061 0.0019669 1.00001 0.000106492 -0.0445474 0.00350124 -0.000113685 0.999977 1.40761
0.999991 0.000455259 0.00104543 -0.0362436 -0.000454567 0.999985 -0.00147304 -0.00590983 -0.00104403 0.00147276 1.00002 1.45559
1 0.000225092 0.00401815 -0.0909355 -0.000213479 1.00001 -0.00263184 0.0116433 -0.00402087 0.00263085 0.999972 1.40711
0.999992 0.000883561 -0.000398707 0.0186278 -0.000883951 0.999986 0.000780915 -0.0582827 0.000401374 -0.00078028 1.00002 1.35035
1 0.00233368 0.00247657 -0.0604844 -0.00232988 1.00001 -0.00106091 0.00165762 -0.0024811 0.00105493 0.999979 1.37351
0.999989 -0.00113423 -0.00176009 0.0341257 0.00113664 0.999981 0.00189093 -0.0341538 0.00175956 -0.00189255 1.00002 1.36692
0.999985 0.00143528 -0.00713003 0.100257 -0.00140365 1.00001 0.00428485 -0.0750354 0.00713442 -0.00427506 0.999949 1.29611
0.999987 -0.000331618 -0.00142394 -0.00554576 0.000327978 0.999981 -0.00202038 -0.0139466 0.00142651 0.00202009 1.00001 1.37356
1.00001 -0.0018837 -0.00223612 0.034796 0.00187928 1.00001 -0.00234602 -0.0339559 0.00223873 0.00234164 0.99998 1.3273
0.999985 0.00139389 0.000822239 -0.042879 -0.00139244 0.999977 -0.00259334 0.00518137 -0.000823879 0.00259239 1.00001 1.33269
1.00001 -0.00417432 -0.0015974 0.0131818 0.00417711 1.00001 0.0012991 -0.026398 0.00158997 -0.00130607 0.999985 1.34662
0.99998 -0.000540431 0.00252276 -0.0405713 0.0005385 0.999977 0.000551949 -0.00163913 -0.00252101 -0.000550248 1.00001 1.40487
1.00001 -0.000646454 0.00156532 -0.0204251 0.000647423 1.00002 -0.000274072 -0.0102543 -0.00156718 0.000274736 0.999983 1.37598
0.999984 -0.000991624 0.00026728 0.0187655 0.000991885 0.999974 -0.00249271 -0.0178727 -0.000262889 0.00249322 1.00001 1.33202
1.00001 0.000845085 0.00161956 -0.0147927 -0.000843978 1.00002 -0.000417733 -0.0598665 -0.00162185 0.000416036 0.999985 1.36363
0.999976 0.00383799 0.00228154 -0.0369013 -0.00383127 0.999968 -0.00310264 -0.00244214 -0.00229147 0.00309413 1.00001 1.38225
1.00001 0.00290066 0.00282825 -0.0215739 -0.00290107 1.00002 0.000300667 -0.027431 -0.00282953 -0.000309261 0.999978 1.32243
0.999981 0.00149901 0.00186913 -0.00391276 -0.00150453 0.999974 0.0027355 -0.0380162 -0.00186292 -0.00273776 1.00001 1.33642
1.00002 -0.000100804 0.000939715 0.00513598 9.899e-05 1.00002 0.00235126 -0.0281152 -0.000942182 -0.00235168 0.99998 1.37109
0.999984 -0.000155971 0.00185102 -0.0362737 0.000155685 0.99998 -4.21405e-05 -0.0152986 -0.00184893 4.28618e-05 1.00002 1.33577
1.00001 0.0013952 0.00288443 -0.0316116 -0.00138738 1.00002 -0.00259033 0.00628744 -0.00289019 0.002586 0.999975 1.35678
0.999977 0.00301668 0.00212989 -0.0249136 -0.00301207 0.999969 -0.00234395 0.000608168 -0.00213484 0.00233785 1.00001 1.36603
1.00001 0.00252444 0.0032108 -0.0533218 -0.00251688 1.00002 -0.00223006 0.00672563 -0.00321863 0.00222161 0.999976 1.37674
0.999981 0.00136279 0.00129736 0.0366964 -0.00136248 0.999974 -0.000396806 -0.0475058 -0.00129707 0.000395517 1.00002 1.27502
1.00002 0.000202396 0.00127997 0.00238434 -0.000201887 1.00003 -0.000202968 -0.0298243 -0.00128155 0.000202258 0.999981 1.35458
0.999981 -0.00123352 0.00102169 0.0250506 0.0012324 0.999974 0.000883565 -0.0486044 -0.00102146 -0.00088182 1.00002 1.32527
1.00002 -0.000354469 0.000975847 -0.010034 0.000353832 1.00002 0.000902588 -0.0173964 -0.000977649 -0.000902696 0.999981 1.3515
0.999979 -0.00133718 0.00213347 -0.017823 0.00133664 0.999975 0.000160747 -0.0137174 -0.00213219 -0.000157449 1.00002 1.36198
1.00002 -0.0011873 0.000803482 -0.0103854 0.00118732 1.00002 0.000169413 -0.0218217 -0.000805139 -0.000168942 0.999981 1.35304
0.99998 -0.00227375 0.000636984 -0.010583 0.00227355 0.999973 4.89534e-05 -0.0220673 -0.000635638 -4.70127e-05 1.00002 1.35303
1.00002 -0.00185976 -3.44498e-05 -0.00144602 0.00185994 1.00002 0.00118874 -0.0305929 3.07454e-05 -0.00118937 0.999981 1.38014
0.999981 -0.00168475 -0.000121582 -0.0202197 0.00168461 0.999974 -0.000470908 -0.0183647 0.000123843 0.000471225 1.00002 1.413
1.00002 -0.00147608 -0.000340411 -0.0175812 0.00147625 1.00002 -0.000170536 -0.0240325 0.000339148 0.000169553 0.999981 1.36206
0.999983 -0.000720938 0.000321947 -0.0322737 0.000720411 0.999975 0.00101873 -0.0247161 -0.000321152 -0.00101795 1.00002 1.38015
1.00001 -0.00182937 0.000305104 -0.0293452 0.0018296 1.00002 -0.000153925 -0.0199015 -0.000306375 0.000153972 0.999981 1.3797
0.999983 -0.000237929 0.000107448 -0.0314954 0.000237739 0.999976 -0.000407205 -0.0205312 -0.000105844 0.000407696 1.00002 1.37664
1.00002 -8.64567e-05 0.000582557 -0.0338903 8.71929e-05 1.00002 -0.00085997 -0.0203007 -0.000584012 0.000859589 0.999981 1.38774
0.999982 -0.000173667 0.00141801 -0.0478162 0.000174351 0.999976 -0.000630315 -0.0176818 -0.00141635 0.00063099 1.00002 1.38032
1.00001 -0.00218519 0.00153955 -0.0450143 0.00219005 1.00002 -0.00301992 -0.0169764 -0.00153451 0.00302296 0.999975 1.38758
0.999971 -0.00499444 0.000665167 -0.0338935 0.0049947 0.999964 -0.000692499 -0.0127353 -0.000660168 0.000696231 1.00002 1.38921
0.999982 -0.00829204 -0.00150502 0.0122015 0.00829537 0.999988 0.00217492 -0.0243453 0.00148547 -0.00218788 0.999979 1.32071
0.999965 -0.00589563 0.000657922 -0.0377169 0.00589528 0.999957 0.000515984 -0.00948464 -0.000659388 -0.000511616 1.00002 1.37733
1.00001 -0.00310314 0.000839049 -0.0274714 0.00310644 1.00001 -0.00386473 -0.0156423 -0.000828605 0.00386703 0.999974 1.3817
0.999981 0.00122771 0.00146706 -0.023899 -0.00122247 0.999968 -0.00366758 -0.0217994 -0.00146994 0.00366609 1.00001 1.34682
1.00001 0.0036255 0.000920577 0.0024094 -0.00362412 1.00002 -0.00139869 -0.0370124 -0.000927205 0.00139488 0.99998 1.38909
0.999982 0.00015693 0.00111013 -0.00911299 -0.000157335 0.999976 0.000331395 -0.0257205 -0.00110851 -0.000331037 1.00002 1.38651
1.00001 -0.00330181 0.002561 -0.0408224 0.00329321 1.00001 0.00346424 -0.0220987 -0.00257408 -0.00345654 0.999974 1.31641
0.999965 -0.00593837 0.00172226 -0.0101264 0.00593313 0.999956 0.00298896 -0.0245365 -0.00173829 -0.00297799 1.00001 1.40389
1.00001 -0.00324637 0.00183468 -0.0196586 0.00324476 1.00002 0.000975026 -0.0235379 -0.00183945 -0.000969726 0.999981 1.37006
0.999978 -0.0017228 0.00239231 -0.0508483 0.00172428 0.999976 -0.000690722 -0.0109316 -0.00238947 0.000695476 1.00001 1.36029
1.00001 0.00239881 0.00298427 -0.037055 -0.00239759 1.00002 -0.000342531 -0.0118819 -0.00298682 0.00033474 0.999979 1.38733
0.99997 0.00441852 0.00204271 -0.0224745 -0.0044187 0.999966 -4.64935e-05 -0.0369155 -0.0020412 3.81351e-05 1.00001 1.38767
1.00001 0.00368199 0.00213676 -0.0195636 -0.00367671 1.00001 -0.00236685 -0.0272113 -0.0021472 0.00235837 0.999979 1.37521
0.99998 0.00247541 0.000384964 -0.0254186 -0.00247566 0.999973 0.000112592 -0.0212454 -0.000383026 -0.000112862 1.00002 1.36076
1.00001 0.00206938 0.00383124 -0.0579163 -0.00206942 1.00002 6.57307e-05 -0.00658564 -0.00383293 -7.42803e-05 0.999976 1.37304
0.999983 0.00169586 0.00055971 -0.0307366 -0.00169569 0.999974 -0.0008046 -0.00808516 -0.000559371 0.000804212 1.00002 1.37743
1.00001 0.00267153 0.000864867 -0.0265824 -0.00266892 1.00002 -0.00277984 -0.0223553 -0.000873999 0.00277706 0.999978 1.3941
0.999981 0.00215503 -0.000959068 -0.0147612 -0.00215699 0.999972 -0.00180933 -0.0319108 0.000956757 0.00181189 1.00002 1.3698
1 0.00511892 -0.000268868 -0.0138787 -0.00511899 1.00001 -0.00136139 -0.0206625 0.00026009 0.00136224 0.999983 1.42531
0.999967 0.00556129 0.000675999 -0.03284 -0.00556262 0.999958 0.00144206 -0.0187862 -0.000666326 -0.00144518 1.00002 1.37248
1.00001 0.0032287 -0.000429627 0.00886906 -0.00322721 1.00002 0.00236032 -0.0282909 0.000435356 -0.0023596 0.999981 1.43362
0.999982 0.000719476 0.00296779 -0.0517644 -0.000721771 0.999972 0.000725363 -0.00538312 -0.00296518 -0.000726879 1.00002 1.37504
1.00001 -0.00274813 -0.000597769 -0.00501349 0.00274799 1.00002 0.000148674 -0.0118174 0.000595369 -0.000150981 0.999981 1.40175
0.999983 -0.00260744 -0.00198591 0.00139323 0.00261117 0.999971 0.00174969 -0.0405655 0.00198337 -0.00175413 1.00002 1.42069
1.00001 0.000265491 0.00015683 -0.0257696 -0.000265094 1.00001 -0.004385 -0.0265335 -0.000160112 0.0043845 0.999969 1.42683
0.999987 0.00212563 0.000264972 -0.0357733 -0.00212425 0.999972 -0.00465698 -0.0189588 -0.00027277 0.00465687 1.00001 1.39452
1 0.00424615 0.000511168 -0.0199569 -0.0042462 1 -0.000345243 -0.0194629 -0.00051479 0.000342431 0.999978 1.41477
0.999985 0.00242346 -0.000640818 -0.00183924 -0.00242243 0.999983 0.00118772 -0.0237437 0.000645721 -0.00118545 1.00002 1.39043
1.00001 0.00198633 0.000868437 -0.0169064 -0.00198985 1 0.00374681 -0.0251686 -0.000863099 -0.00374935 0.999971 1.39096
0.999987 0.000516275 0.00158259 -0.0275113 -0.00051932 0.999988 0.00212568 -0.0261667 -0.00157936 -0.00212571 1.00002 1.39717
1.00001 -0.000135375 0.001012 -0.0216667 0.00013387 1.00001 0.00119266 -0.029856 -0.00101432 -0.0011933 0.999976 1.37478
0.999986 -0.00214999 0.000672242 -0.0194681 0.0021496 0.999988 0.000932794 -0.024905 -0.000672387 -0.000930581 1.00002 1.4604
1.00001 -0.00256872 0.000641814 -0.00636805 0.00256798 1.00001 0.000817399 -0.0294722 -0.000645782 -0.000816519 0.999977 1.47543
0.999983 -0.00332998 0.000875113 -0.0127258 0.00332958 0.999984 0.000678948 -0.0300786 -0.000875497 -0.000675289 1.00002 1.4674
1.00001 -0.00253262 0.00103076 -0.00790706 0.00253116 1 0.00123088 -0.0238329 -0.00103573 -0.001229 0.999976 1.49573
0.999982 -0.00408293 0.00148322 -0.0257972 0.00408073 0.999983 0.00155654 -0.0248756 -0.00148742 -0.00154965 1.00002 1.40683
1.00001 -0.00244104 0.000650935 -0.00802416 0.00244089 1 -5.77642e-05 -0.0230938 -0.000652712 5.86233e-05 0.999976 1.45238
0.999989 0.0016602 0.00100602 -0.0216736 -0.00165552 0.999982 -0.00442715 -0.0252892 -0.00101141 0.00442606 1.00001 1.44856
0.999979 0.0078334 0.00062188 -0.032115 -0.00783052 0.999965 -0.00484799 -0.0240496 -0.000661742 0.00484245 0.999965 1.43964
0.999954 0.00838307 0.0015515 -0.0245633 -0.00838254 0.999958 -0.000194116 -0.0170047 -0.00155115 0.00018175 1.00002 1.44545
0.999983 0.007165 0.00149534 -0.0323261 -0.00717015 0.999977 0.00327363 -0.0103099 -0.00147377 -0.00328499 0.99997 1.4445
0.999986 0.00162085 0.00223845 -0.0333777 -0.00162478 0.99999 0.00188735 -0.0149494 -0.0022333 -0.0018903 1.00002 1.45527
1.00001 -0.00137652 0.000282166 -0.0170228 0.00137622 1.00001 0.000208335 -0.0183039 -0.000284408 -0.000208609 0.999977 1.49607
0.999984 -0.00305445 0.00108525 -0.0465747 0.00305506 0.999989 -0.000420572 -0.019865 -0.00108187 0.000424442 1.00002 1.43284
1.00001 -0.0021114 0.000252037 -0.0253472 0.00211141 1 -0.000792779 -0.0181317 -0.000252381 0.000792735 0.999976 1.47641
0.999988 0.000528476 0.00148982 -0.0408891 -0.000527884 0.999993 -0.000225556 -0.0298498 -0.00148786 0.000225299 1.00002 1.45819
1.00001 0.00120179 0.00259044 -0.058878 -0.00120286 1.00001 0.000305849 -0.0221831 -0.00259215 -0.000309534 0.99997 1.46102
0.999985 0.000629176 0.00242228 -0.0472616 -0.000631789 0.999992 0.00121712 -0.0303791 -0.00241937 -0.00121809 1.00002 1.49544
1.00001 0.000418697 0.000968275 -0.0190217 -0.000419597 1.00001 0.000569152 -0.0421956 -0.00097011 -0.000570107 0.999971 1.51811
0.999988 -0.000960634 0.000381531 -0.00756407 0.000961167 0.999992 -0.000590493 -0.0273845 -0.000378872 0.000591315 1.00003 1.54227
1.00001 -0.00057073 -0.000470404 -0.00689033 0.000570617 1.00001 0.000578195 -0.0348058 0.000468132 -0.000579022 0.999972 1.49342
0.999988 0.000531886 -0.000820969 -0.00645498 -0.000531067 0.999993 0.000538755 -0.0334326 0.0008232 -0.000537762 1.00003 1.49812
1.00001 0.000124161 -0.000406915 -0.000559953 -0.000124366 1.00001 0.000507223 -0.0368107 0.000405036 -0.00050772 0.999972 1.5099
0.999988 -0.000331329 5.3982e-05 -0.0264606 0.00033165 0.999994 -4.77537e-05 -0.0254949 -5.18972e-05 4.82902e-05 1.00003 1.44626
1.00001 -1.2215e-05 -0.000505594 0.000614909 1.19035e-05 1.00001 0.000182185 -0.0331818 0.000503626 -0.000182707 0.999971 1.52821
0.999987 0.000319792 -0.00105825 0.00892322 -0.000319526 0.999995 -9.6838e-05 -0.0294867 0.00106026 9.76857e-05 1.00003 1.58448
1.00001 0.000313103 -0.000105175 -0.00966222 -0.000313554 1.00001 -0.000357837 -0.0197436 0.000103298 0.000357317 0.999973 1.50395
0.999987 -0.00110859 -0.000635616 -0.00277727 0.00110881 0.999994 -0.000272452 -0.0228292 0.000637659 0.000272319 1.00003 1.52389
1.00001 -0.00129803 0.000361392 -0.0171046 0.00129769 1 -0.000101444 -0.019896 -0.000363033 0.000101329 0.999973 1.51336
0.999988 -0.00082694 0.000581317 -0.022018 0.000827255 0.999995 7.23309e-05 -0.0218311 -0.000579554 -7.12474e-05 1.00003 1.53224
1.00001 -0.00142301 0.00132777 -0.0339772 0.00142193 1 0.000537763 -0.0185261 -0.00133034 -0.000536464 0.999973 1.51828
0.999987 0.000272496 0.000974021 -0.0211885 -0.000272025 0.999995 9.36949e-06 -0.0220383 -0.000972234 -9.01484e-06 1.00002 1.54438
1.00001 0.00172148 0.000560994 -0.00183765 -0.00172138 1 -0.00106282 -0.0250098 -0.000564578 0.00106126 0.999973 1.5376
0.999987 0.000991791 0.00226417 -0.0421349 -0.000989395 0.999995 -0.000896471 -0.0243885 -0.00226353 0.000894722 1.00002 1.48867
1.00001 0.000625185 0.00209127 -0.0155469 -0.000626877 1 0.000656797 -0.0228335 -0.00209245 -0.000658629 0.999969 1.49742
0.999991 0.000475675 0.00144423 0.0184093 -0.000477671 0.999995 0.00165444 -0.0207416 -0.00144196 -0.00165454 1.00003 1.46295
1.00001 -0.001069 0.00158561 0.0186349 0.00106744 1 0.000726331 -0.0222499 -0.00158789 -0.000725204 0.999969 1.46284
0.999991 0.00113708 0.00167618 -0.0461885 -0.00113317 0.999995 -0.00217866 -0.017186 -0.00167747 0.00217714 1.00003 1.59252
1.00001 0.000185458 0.00123539 -0.02265 -0.000184441 1 -0.00110861 -0.0317729 -0.00123684 0.00110793 0.999966 1.54012
0.999993 0.000486032 -0.000930752 0.0238028 -0.00048502 0.999999 0.000769234 -0.0372972 0.00093218 -0.000768339 1.00003 1.58988
1.00001 -0.000526571 -0.00113619 0.0246585 0.000528111 0.999999 0.00161102 -0.0365308 0.0011343 -0.00161211 0.999965 1.57482
0.999993 -0.000157227 -0.0007626 0.00632132 0.000158067 0.999999 0.000770643 -0.0325106 0.000763518 -0.000770327 1.00003 1.55577
1.00001 0.000124298 -0.000502017 0.000421758 -0.000124357 1 0.000466199 -0.0356149 0.000501012 -0.000466574 0.999968 1.56164
0.999992 0.00146231 -0.000113411 -0.00265351 -0.00146199 0.999998 0.000452474 -0.0307317 0.000115153 -0.000451872 1.00003 1.57203
1.00001 0.000904521 0.000927838 -0.0208864 -0.000905156 1 0.000375149 -0.0319691 -0.00092864 -0.000376439 0.999969 1.52148
0.999993 -0.000287717 0.000130465 -0.0112477 0.000287867 0.999999 0.0010402 -0.0398122 -0.00012967 -0.00103971 1.00003 1.54938
1.00001 -0.00159221 0.000786163 -0.0190568 0.00159139 0.999999 0.000722197 -0.0377606 -0.000788455 -0.000721403 0.999969 1.5389
0.999991 -0.00219145 -0.000108957 -0.00509175 0.00219178 0.999996 0.00174918 -0.0451482 0.000106124 -0.00174896 1.00003 1.59765
1 -0.00273183 0.00112266 -0.0197279 0.00273106 0.999996 0.000629262 -0.0242831 -0.00112553 -0.000626598 0.999969 1.54502
0.99999 -0.00141623 -0.000307316 -0.00391508 0.00141595 0.999998 -0.00107225 -0.0219836 0.000309857 0.00107215 1.00003 1.57181
1.00001 -0.00163865 0.000571955 -0.0234385 0.00163916 0.999998 -0.00105329 -0.0263201 -0.000571307 0.00105389 0.999968 1.56544
0.99998 -0.00292682 0.00343005 -0.0592801 0.00291859 0.999994 0.00242998 -0.028981 -0.003436 -0.00241951 1.00002 1.5341
1.00001 -0.00236717 0.00102804 -0.0185885 0.00236558 0.999994 0.00144836 -0.0227496 -0.00103264 -0.00144644 0.999968 1.56865
0.999992 -0.0005905 -0.000353637 -0.0043139 0.000590374 1 -0.000962329 -0.0305179 0.000355136 0.000962528 1.00003 1.61325
1.00001 0.000343081 -0.00106939 0.0247438 -0.000343778 0.999997 -0.000459519 -0.0438941 0.0010683 0.000459447 0.999969 1.60595
0.999991 -0.00101279 0.00161444 -0.0232347 0.00101191 1 0.000720729 -0.0362524 -0.00161444 -0.00071877 1.00003 1.53557
1.00001 0.00162345 -0.000218361 0.0125541 -0.00162367 0.999996 0.000208729 -0.0317506 0.000217952 -0.000208778 0.999968 1.60048
0.99999 0.00175626 0.00117428 -0.0101904 -0.00175575 1 -0.000141267 -0.0324102 -0.00117377 0.000139554 1.00003 1.56101
1.00001 0.000266471 0.0022014 -0.0157222 -0.000267781 0.999998 0.00044381 -0.0327806 -0.00220208 -0.000444756 0.999964 1.55916
0.999991 0.00153827 0.00112004 -0.00823448 -0.00153675 1 -0.00108466 -0.0171834 -0.00112099 0.00108323 1.00003 1.55486
1.00001 -0.00159278 0.00151506 -0.00439448 0.00159233 0.999996 0.000122597 -0.0277946 -0.00151609 -0.000120418 0.999964 1.51732
0.99999 -0.00197421 2.09572e-05 -0.0132005 0.00197457 1 -0.000555775 -0.0233196 -2.0028e-05 0.000555994 1.00003 1.64665
1.00001 -0.00107677 0.00218467 0.00529338 0.00107469 0.999997 0.000670519 -0.0327147 -0.00218656 -0.000668551 0.999967 1.51859
0.99999 -0.00145885 -0.00021778 0.00594014 0.00145918 1 0.000567391 -0.0186616 0.000216887 -0.000567488 1.00003 1.62796
1.00001 0.000118929 -0.000110525 -0.000299395 -0.000119243 0.999994 -0.000529164 -0.0199718 0.000110507 0.000528994 0.999966 1.62327
0.999989 -0.0020816 -0.000378619 4.10826e-05 0.00208093 1 -0.00208772 -0.0241793 0.000382748 0.00208703 1.00003 1.5726
1.00001 -0.000350323 -0.000234688 -0.000209046 0.000349507 0.999988 -0.00279835 -0.022017 0.000235884 0.00279821 0.999961 1.58872
0.999991 -0.000764257 -0.000740833 -0.00647019 0.000764447 1.00001 8.20979e-05 -0.0201687 0.000740555 -8.25316e-05 1.00003 1.58917
1.00001 -0.00186966 -0.000378732 -0.0101478 0.0018695 0.99999 -0.000127519 -0.0168673 0.000379138 0.000126689 0.999965 1.58086
0.999992 0.000236486 0.000797982 -0.0269867 -0.000235454 1.00001 -0.00111282 -0.0180469 -0.00079845 0.00111271 1.00003 1.56229
1.00001 0.000559767 0.000529474 -0.0113371 -0.000559387 0.999991 -0.00127806 -0.00817055 -0.000530128 0.00127758 0.999965 1.59508
0.999992 0.0004835 -0.000361749 -0.0178285 -0.000483567 1.00001 -0.000275929 -0.0220057 0.000361241 0.00027607 1.00003 1.65386
1.00001 -0.000743559 -0.000985616 -0.00569021 0.000743348 0.999991 -0.000176466 -0.0199027 0.00098596 0.000175736 0.999965 1.61277
0.999991 -0.000694723 -0.000959127 0.00936495 0.000695081 1.00001 0.000457919 -0.011006 0.000958497 -0.000458624 1.00003 1.58604
1.00001 0.0018259 0.000270787 -0.0211861 -0.00182607 0.99999 0.000894821 -0.0182345 -0.000269013 -0.000895289 0.999965 1.61263
0.999991 -0.000314039 0.00140408 -0.0165225 0.000314368 1.00001 -0.000290838 -0.0205865 -0.00140408 0.000291222 1.00003 1.61154
1.00001 -0.00135332 0.000991691 -0.0142441 0.0013542 0.999992 -0.000872282 -0.0126275 -0.00099053 0.000873663 0.999966 1.64633
0.999991 -0.00118506 0.000707683 -0.00647083 0.0011855 1.00001 -0.000529827 -0.0177304 -0.000707115 0.000530623 1.00003 1.61834
1.00001 -0.00194384 0.000615622 -0.00635469 0.00194429 0.99999 -0.000855771 -0.0186988 -0.0006139 0.000856999 0.999967 1.6262
0.999988 -0.00241066 0.00038516 -0.00885372 0.00241158 1 -0.00232934 -0.022511 -0.000379633 0.00233019 1.00003 1.61779
1.00001 -0.00111976 8.62293e-05 -0.00889851 0.00111979 0.999991 -0.00115719 -0.0205117 -8.47875e-05 0.00115729 0.999967 1.6174
0.999989 0.0002647 -0.00223942 -0.0127509 -0.00026519 1.00001 -0.000249528 -0.0384704 0.00223911 0.000250139 1.00003 1.62766
1.00001 0.00110791 -0.00275135 0.00563219 -0.00110443 0.999992 0.00123265 -0.0318622 0.00275309 -0.0012297 0.999964 1.69014
0.999989 0.00138033 -0.00124215 0.0197489 -0.00137534 0.999998 0.0041022 -0.0402889 0.00124748 -0.00410033 1.00002 1.66668
1.00001 -0.00136151 0.000141159 -0.00389217 0.00136112 0.999985 0.00374243 -0.0358444 -0.000145977 -0.00374238 0.999961 1.66528
0.99999 1.21137e-05 6.30281e-05 -0.0233783 -1.23369e-05 1.00001 0.00143468 -0.0333456 -6.32635e-05 -0.00143461 1.00003 1.64239
1.00001 -0.000709781 0.000241239 -0.0153149 0.000710051 0.999993 -0.000520311 -0.035275 -0.000240631 0.000520451 0.999968 1.63443
0.999989 -0.00137785 0.0004177 0.00178129 0.00137761 1.00001 8.67304e-05 -0.031583 -0.000418043 -8.61062e-05 1.00003 1.63986
1.00001 0.000171648 -0.000633428 0.00475382 -0.000171154 0.999993 0.000514246 -0.0378099 0.000633787 -0.000514192 0.999969 1.65611
0.99999 -0.000196874 0.00140977 -0.0202336 0.000197535 1.00001 -0.000625007 -0.0170758 -0.00140977 0.000625354 1.00003 1.68903
1.00001 0.00286115 0.00132259 -0.0429758 -0.00285917 0.999989 -0.00142916 -0.0218886 -0.00132655 0.00142534 0.999967 1.66564
0.999987 0.00128706 0.00178607 -0.0278081 -0.00128548 1 -0.000971022 -0.0227167 -0.00178742 0.000968751 1.00003 1.69324
1.00001 -0.00147785 0.00250708 -0.0188621 0.00147344 0.999991 0.00181417 -0.0335948 -0.00250967 -0.00181056 0.999965 1.67154
0.99999 -0.000431553 -6.91961e-05 -0.0170664 0.000431422 1.00001 0.00136009 -0.0315618 6.84465e-05 -0.00136004 1.00003 1.62134
1.00001 -0.00130883 -0.000293724 -0.00509766 0.00130881 0.999993 -0.000499443 -0.0361006 0.000294546 0.000499042 0.999969 1.65859
0.999989 0.00133326 -0.00119438 0.00361856 -0.00133282 1.00001 0.00043959 -0.0319222 0.00119474 -0.000437951 1.00003 1.64136
1.00001 0.00120798 -0.00138018 -0.00184703 -0.00121074 0.999991 -0.00204259 -0.02928 0.00137793 0.00204427 0.999965 1.63845
0.999991 0.000850057 -0.00121062 -0.00572636 -0.000856202 0.999996 -0.00493762 0.00399522 0.00120618 0.0049386 1.00002 1.63197
1 0.00226798 -0.00111304 -0.0153181 -0.00226839 0.999987 -0.000499096 -0.0153092 0.00111202 0.000501535 0.99996 1.64773
0.999993 -0.000625776 -0.000755681 0.00070147 0.000627931 1.00001 0.00311008 -0.0269346 0.000753418 -0.00311031 1.00004 1.60759
1 0.00124825 -0.00277103 -0.00573592 -0.00123902 0.999981 0.00327586 -0.0281441 0.00277554 -0.00327265 0.999949 1.60597
0.999991 4.46018e-07 -0.00267435 0.0017442 -4.62613e-06 1.00001 -0.00151078 -0.0193156 0.00267376 0.0015109 1.00004 1.64103
1 -0.0010235 -0.00214868 -0.00578042 0.00101951 0.999984 -0.00189817 -0.0215729 0.00215116 0.00189595 0.999953 1.61641
0.999992 -0.00198733 -0.00126929 0.00146149 0.00198825 1.00001 0.000764825 -0.0275817 0.00126716 -0.000767221 1.00004 1.59467
1.00001 -0.0012487 -7.07828e-06 -0.0285671 0.00124894 0.999985 -0.000278054 -0.0218867 7.70465e-06 0.000278032 0.999957 1.65697
0.999994 -0.000469003 0.000382556 -0.0169933 0.000469147 1.00001 -0.000986596 -0.0259071 -0.000382341 0.000986806 1.00004 1.64458
1.00001 -0.000450385 -0.00038264 -0.00658072 0.000450149 0.999986 -0.00132031 -0.02293 0.000383524 0.00132011 0.999957 1.63674
0.999993 -0.000847858 -0.000141961 -0.0102277 0.000847593 1.00001 0.000107525 -0.0300832 0.000141504 -0.000107541 1.00004 1.60727
1.00001 -0.00159011 -0.000767111 0.0101079 0.00159054 0.999986 7.33188e-05 -0.0303441 0.000767348 -7.46048e-05 0.999958 1.61855
0.999993 0.000122687 -0.000145701 -0.00962964 -0.000123222 1.00001 -0.00130412 -0.0183033 0.000145181 0.00130413 1.00004 1.60797
1.00001 -0.000255246 0.000191579 -0.00416826 0.000255686 0.999987 -0.000633124 -0.0355777 -0.000191128 0.00063314 0.999959 1.63511
0.999991 -0.00151514 0.000118404 -3.32976e-05 0.00151474 1.00001 0.0002542 -0.0284645 -0.00011915 -0.000253927 1.00004 1.61831
1.00001 0.000325318 -0.000189918 -0.000500293 -0.00032512 0.999988 -0.000885257 -0.0306923 0.000189983 0.000885253 0.999959 1.64688
0.999991 -0.00177826 -0.000412401 -0.00166823 0.00177739 1.00001 -0.0013417 -0.0263692 0.000414362 0.00134099 1.00004 1.60655
1 -0.00216364 0.000114804 -0.00817979 0.00216381 0.999984 0.00189882 -0.0290744 -0.000118565 -0.00189871 0.999957 1.6513
0.999992 -0.00113751 0.0010368 -0.0338916 0.00113663 1.00001 0.000460393 -0.0221108 -0.00103764 -0.000459071 1.00004 1.61943
1 0.000310877 0.0022592 -0.0479649 -0.000307658 0.999987 -0.00124698 -0.0229149 -0.00225935 0.00124619 0.999955 1.57018
0.999994 0.000600144 -0.000807095 0.0285576 -0.000600028 1.00001 0.00060737 -0.0457104 0.00080688 -0.000606807 1.00004 1.57183
1.00001 0.00171354 0.000498897 -0.0144046 -0.00171335 0.999988 0.000500324 -0.0227437 -0.000497664 -0.00050123 0.999958 1.63723
0.999992 0.00098411 0.000653876 -0.0123716 -0.000984754 1.00001 0.000291604 -0.0223377 -0.000653976 -0.000292189 1.00004 1.63213
1.00001 0.00117487 0.000614703 -0.0128828 -0.00117403 0.999989 -0.000609433 -0.0229133 -0.000615035 0.000608677 0.999958 1.62599
0.999992 -0.00133867 4.19364e-06 -0.00722157 0.00133818 1.00001 0.000308356 -0.045418 -5.01558e-06 -0.000308314 1.00004 1.60809
1.00001 -0.000463475 0.000490685 -0.0110948 0.000463604 0.999989 0.000725873 -0.0408869 -0.000490632 -0.000725687 0.999958 1.60475
0.999992 0.00014903 0.00144688 -0.0128736 -0.000149076 1.00001 -0.000263969 -0.0251941 -0.00144725 0.000263763 1.00004 1.63191
1.00001 0.00161867 0.000463476 -0.00978861 -0.00161829 0.999988 -2.40022e-05 -0.0272583 -0.000463205 2.32166e-05 0.999959 1.64644
0.99999 0.00172057 0.00132318 -0.0165039 -0.00172285 1.00001 0.00148964 -0.0442216 -0.00132096 -0.00149189 1.00004 1.61648
1.00001 -1.09139e-05 0.000417631 0.00178778 1.12188e-05 0.999988 0.0001223 -0.0327896 -0.00041726 -0.000122265 0.999957 1.61952
0.999993 0.00147797 0.00030154 -0.00683434 -0.00147804 1.00001 -0.000608792 -0.0253329 -0.000302855 0.000608309 1.00004 1.62444
1.00001 0.000389513 -0.000695877 0.0143668 -0.000389608 0.999988 -0.00055548 -0.0160567 0.000696097 0.000555805 0.999957 1.62069
0.999993 0.000112512 -0.00118991 0.0213467 -0.000111591 1.00001 0.00103814 -0.0282255 0.00118947 -0.00103802 1.00004 1.58392
1.00001 0.00185167 0.000358523 -0.028037 -0.00185139 0.99999 -0.000345905 -0.0128916 -0.00035945 0.000345316 0.999959 1.69755
0.999992 0.00064224 0.000660336 -0.0129928 -0.000641463 1.00001 -0.00127357 -0.0169493 -0.000661013 0.00127304 1.00004 1.65867
1.00001 0.00145562 0.000762192 -0.0103968 -0.001455 0.99999 -0.000575364 -0.0196658 -0.000763369 0.000574327 0.999958 1.61236
