0.999998 -0.00224621 2.95092e-05 -0.0261319 0.00224651 0.999994 0.00272294 -0.0165892 -3.55096e-05 -0.00272317 0.999996 1.5971
1 -0.000956061 -0.000271665 -0.0291598 0.00095598 1 0.000383967 -0.0121803 0.000271271 -0.000383934 1 1.66199
0.999999 0.000304559 -0.00130497 -0.00361765 -0.000305039 0.999999 -0.000610282 -0.016445 0.00130483 0.000610177 1 1.56338
0.999998 0.000662432 0.00259049 -0.0838325 -0.000656969 0.999999 -0.00220365 0.0129638 -0.00259178 0.00220232 0.999994 1.60388
0.999999 -4.0314e-05 0.000553494 -0.0451696 4.05559e-05 0.999997 0.000126688 -0.0171177 -0.000553636 -0.00012707 1 1.55234
0.999988 -0.0016763 -0.00494104 0.0798264 0.00167421 1 -0.000367955 -0.00949853 0.00494183 0.000359935 0.999989 1.62554
0.999995 -0.00278269 0.000284152 -0.0468522 0.00278376 0.999994 -0.00212173 0.00256829 -0.000278203 0.0021222 1 1.52924
1 -0.000838536 0.0017509 -0.0599978 0.000839927 0.999999 -0.001061 -0.00067379 -0.00175009 0.00106275 0.999997 1.58847
0.999997 0.000985635 0.000587023 -0.0254997 -0.000984927 1 -0.000620314 -0.0176772 -0.000587406 0.000619515 1 1.52902
0.999997 0.00195671 0.00234246 -0.0160759 -0.00196102 0.999996 0.00167317 -0.0612068 -0.00233934 -0.00167749 0.999996 1.49706
0.999892 0.0100308 0.0107275 -0.193859 -0.010059 0.99995 0.00262727 -0.0433352 -0.0107006 -0.00273517 0.999941 1.43653
0.999958 0.0037882 0.00823867 -0.146958 -0.00379072 0.999986 0.000255075 -0.00559839 -0.00823762 -0.000285987 0.999967 1.66487
0.999976 0.00574915 0.00396933 -0.104165 -0.00574717 0.999989 -0.000422672 0.00645069 -0.00397174 0.000399629 0.999991 1.51769
