0.99999 0.000835536 -0.00559519 -0.027477 -0.000842018 1.00001 -0.00118864 0.0232269 0.00559244 0.00119253 0.999995 0.0868367
0.999937 0.00205077 -0.0111267 -0.0620239 -0.00207104 0.999996 -0.00180802 0.030717 0.0111231 0.00183093 0.999937 0.146203
0.999847 0.00258474 -0.0176489 -0.0877737 -0.00263111 1 -0.00261388 0.0325589 0.0176403 0.00265907 0.999853 0.220469
0.999642 0.00361173 -0.0265359 -0.106575 -0.0037216 0.999985 -0.00409212 0.0361281 0.0265208 0.00418931 0.999641 0.323639
0.999278 0.0043161 -0.0379066 -0.125589 -0.00453289 0.999981 -0.0056396 0.0366719 0.0378796 0.00580649 0.999277 0.437961
0.998666 0.00398045 -0.0515087 -0.146267 -0.00432319 0.999969 -0.0065438 0.0369675 0.0514814 0.00675763 0.998652 0.551722
0.997712 0.00394646 -0.067582 -0.171571 -0.00438633 0.999977 -0.00636401 0.0349819 0.0675532 0.00664502 0.997705 0.673897
0.99631 0.00274369 -0.0857819 -0.208512 -0.00328971 0.999975 -0.00622344 0.0309152 0.0857631 0.00648256 0.996296 0.812458
0.994413 0.00234705 -0.105595 -0.243052 -0.00303262 0.999982 -0.00633424 0.0285 0.105576 0.00661821 0.994401 0.964898
0.991771 0.00244644 -0.128002 -0.289345 -0.00329051 0.999974 -0.00638266 0.0257796 0.127984 0.00675119 0.991755 1.14174
0.988373 0.00626494 -0.151966 -0.348239 -0.00747027 0.999951 -0.00736349 0.0183628 0.15191 0.00841222 0.98837 1.3126
0.984214 0.010868 -0.176646 -0.427814 -0.0125864 0.999884 -0.00861034 0.0128934 0.176533 0.0106977 0.984238 1.48184
0.979123 0.0137702 -0.202838 -0.511586 -0.015941 0.999838 -0.0090735 0.00512664 0.202677 0.0121166 0.979182 1.65111
0.973267 0.0149413 -0.229187 -0.637636 -0.0174207 0.99981 -0.00879894 0.00362748 0.229013 0.0125562 0.973343 1.81643
0.966132 0.0168414 -0.25752 -0.76408 -0.0196853 0.999777 -0.00847042 0.00611042 0.257317 0.013252 0.966247 1.98199
0.957869 0.0189125 -0.286578 -0.90099 -0.0219442 0.999733 -0.00737084 0.00735279 0.286363 0.0133489 0.958029 2.13439
0.94796 0.0217162 -0.317667 -1.04921 -0.0250286 0.999673 -0.00635037 0.011015 0.317422 0.0139698 0.948192 2.29502
0.936196 0.0239633 -0.350657 -1.16747 -0.0279507 0.999591 -0.00631352 0.0170709 0.350364 0.0157116 0.936483 2.47431
0.923157 0.0271291 -0.383483 -1.29051 -0.0317288 0.999487 -0.0056737 0.0245256 0.383128 0.0174042 0.923543 2.64103
0.907626 0.0272263 -0.418895 -1.42229 -0.0322021 0.999471 -0.00481193 0.0264047 0.418544 0.0178564 0.908023 2.83773
0.889743 0.0222161 -0.455935 -1.55176 -0.0276805 0.999609 -0.00531099 0.0258378 0.455635 0.017345 0.89001 3.02967
0.869329 0.0171526 -0.493934 -1.69057 -0.02283 0.999726 -0.00546437 0.023706 0.493706 0.0160265 0.869484 3.21174
0.845155 0.0184255 -0.534217 -1.85196 -0.02314 0.999737 -0.00212755 0.0213054 0.534032 0.014159 0.845359 3.40027
0.816369 0.0242648 -0.577019 -2.02887 -0.0283036 0.999599 0.00199066 0.0191378 0.576838 0.0147063 0.81673 3.57916
0.784305 0.0269827 -0.619801 -2.22665 -0.0312744 0.999509 0.00393751 0.0168543 0.619598 0.0162948 0.784764 3.75996
0.749028 0.0266268 -0.662001 -2.43488 -0.030951 0.999509 0.00518193 0.0163886 0.661817 0.0166079 0.749486 3.93124
0.710059 0.0223895 -0.703798 -2.65167 -0.0251423 0.999669 0.00643543 0.0177811 0.703704 0.0131246 0.710387 4.09578
0.66902 0.0187309 -0.743006 -2.89907 -0.0198891 0.999777 0.00729521 0.0223938 0.742981 0.00989665 0.669245 4.24783
0.625334 0.0182679 -0.780154 -3.16891 -0.0176547 0.999807 0.00925964 0.0251674 0.780168 0.00798222 0.625537 4.40146
0.578072 0.0186569 -0.815771 -3.4486 -0.0146248 0.999817 0.0125025 0.0287404 0.815858 0.00470268 0.578241 4.54265
0.527684 0.0196941 -0.849223 -3.73944 -0.0140848 0.999802 0.0144337 0.0341855 0.849334 0.00434391 0.527858 4.66849
0.475872 0.0202656 -0.87928 -4.05984 -0.0142894 0.999783 0.0153092 0.0567488 0.879402 0.00527867 0.47606 4.77994
0.422516 0.0211357 -0.906119 -4.38991 -0.0142416 0.999765 0.0166788 0.0825472 0.906253 0.00585678 0.422718 4.87393
0.366612 0.0229957 -0.930089 -4.73429 -0.012485 0.999728 0.0197961 0.0790568 0.930295 0.00435422 0.366801 4.97859
0.313346 0.0248029 -0.949325 -5.09256 -0.0107039 0.999692 0.0225854 0.0985446 0.949589 0.00308378 0.313516 5.02689
0.263287 0.0254695 -0.964381 -5.46643 -0.00771266 0.999677 0.0242958 0.118194 0.964692 0.00104069 0.263401 5.04356
0.213026 0.0252627 -0.97673 -5.85882 -0.00645294 0.999684 0.0244488 0.127884 0.977036 0.00109384 0.213123 5.0846
0.16508 0.025925 -0.985939 -6.2736 -0.00921495 0.999653 0.0247425 0.136227 0.986242 0.00500038 0.165265 5.11921
0.122249 0.0259271 -0.992171 -6.69977 -0.0112623 0.999635 0.0247342 0.147581 0.992446 0.00814968 0.122497 5.13713
0.0837991 0.024268 -0.996187 -7.14414 -0.0127829 0.999649 0.0232769 0.161661 0.996406 0.010783 0.0840826 5.14614
0.0487559 0.0210007 -0.998602 -7.61984 -0.0112955 0.999731 0.0204726 0.178706 0.998758 0.0102809 0.0489811 5.14781
0.0177952 0.0176292 -0.999686 -8.10641 -0.0124389 0.999773 0.0174091 0.19568 0.999769 0.0121246 0.0180133 5.12717
-0.00930743 0.0152594 -0.999854 -8.60472 -0.0127828 0.999805 0.0153773 0.210246 0.999888 0.0129234 -0.00910948 5.11238
-0.0301162 0.0126893 -0.999466 -9.11943 -0.0143083 0.999814 0.0131247 0.21912 0.999449 0.0146955 -0.0299262 5.07374
-0.0470335 0.0115589 -0.99884 -9.65867 -0.0145096 0.999824 0.0122532 0.232805 0.998801 0.0150684 -0.0468564 5.03753
-0.0597027 0.0114734 -0.99815 -10.2005 -0.0127293 0.999846 0.0122541 0.248019 0.998141 0.0134368 -0.0595446 4.98966
-0.068969 0.0119975 -0.997561 -10.7619 -0.0135861 0.999828 0.0129638 0.259935 0.99754 0.0144464 -0.0687931 4.93164
-0.0759737 0.013029 -0.997025 -11.3504 -0.0158883 0.999775 0.0142754 0.262927 0.996989 0.0169252 -0.0757466 4.8811
-0.0805333 0.0141275 -0.996666 -11.9461 -0.0168731 0.999741 0.0155342 0.264505 0.996623 0.0180672 -0.080273 4.82388
-0.0819248 0.0153524 -0.996521 -12.5368 -0.0144391 0.999761 0.016589 0.263056 0.99654 0.0157475 -0.0816805 4.77396
-0.0816554 0.0174765 -0.996521 -13.1732 -0.0121521 0.999759 0.0185287 0.269042 0.996601 0.013622 -0.0814221 4.73176
-0.080724 0.0193508 -0.99655 -13.8303 -0.0123067 0.999719 0.0204088 0.277645 0.996667 0.0139111 -0.0804602 4.67908
-0.07963 0.0188521 -0.99666 -14.4942 -0.0144436 0.999699 0.0200633 0.286568 0.996734 0.0159922 -0.0793326 4.62683
-0.0787069 0.0158111 -0.996774 -15.1811 -0.0154852 0.999737 0.0170806 0.298721 0.996784 0.0167791 -0.0784386 4.56823
-0.0773359 0.0157957 -0.996893 -15.8576 -0.0147251 0.999751 0.016983 0.307571 0.996911 0.015992 -0.0770829 4.51513
-0.0755268 0.0180615 -0.996982 -16.5666 -0.0143207 0.999717 0.0191956 0.318927 0.997047 0.0157268 -0.075244 4.45715
-0.0734797 0.0204843 -0.997099 -17.285 -0.0150888 0.999655 0.0216485 0.336913 0.997197 0.0166349 -0.0731441 4.39711
-0.0717918 0.0217821 -0.997184 -18.0228 -0.0158254 0.999615 0.0229742 0.35044 0.997301 0.0174297 -0.0714166 4.33981
-0.0700125 0.0203305 -0.997352 -18.787 -0.016909 0.999628 0.0215636 0.368854 0.997418 0.0183732 -0.0696416 4.2786
-0.0688241 0.0169118 -0.997488 -19.542 -0.0189866 0.999657 0.0182583 0.382458 0.997455 0.0201949 -0.0684766 4.22753
-0.0684291 0.0152886 -0.997553 -20.325 -0.0193949 0.999677 0.0166512 0.406565 0.997483 0.0204861 -0.0681094 4.18015
-0.066009 0.0173931 -0.997669 -21.1156 -0.0174091 0.99968 0.0185795 0.416169 0.997674 0.0185945 -0.0656822 4.11513
-0.0653851 0.0189495 -0.997694 -21.9142 -0.014926 0.999693 0.0199654 0.423092 0.997764 0.0161964 -0.0650811 4.06785
-0.0648138 0.0203352 -0.997691 -22.7378 -0.01364 0.999686 0.0212614 0.431575 0.997811 0.014986 -0.0645131 4.02173
-0.0644884 0.0149591 -0.997821 -23.5449 -0.0139159 0.999781 0.0158875 0.441305 0.997837 0.0149095 -0.0642649 3.96712
-0.0634568 0.00774278 -0.997956 -24.3623 -0.0127277 0.999887 0.00856673 0.445306 0.99791 0.0132447 -0.0633481 3.90474
-0.0642579 0.00214096 -0.997947 -25.1885 -0.00996286 0.999951 0.00278622 0.457351 0.997899 0.0101209 -0.0642323 3.86672
-0.0637633 0.00192759 -0.997965 -26.0137 -0.00900621 0.999961 0.00250645 0.468627 0.997931 0.00914713 -0.0637405 3.7942
-0.0635469 0.00907517 -0.997954 -26.854 -0.00945475 0.999913 0.00969467 0.462351 0.99795 0.0100509 -0.0634545 3.73356
-0.0640761 0.0159308 -0.99782 -27.7068 -0.01085 0.999806 0.0166586 0.46196 0.997893 0.0118932 -0.0638879 3.67638
-0.0660076 0.0212741 -0.99761 -28.5368 -0.0119691 0.999689 0.0221102 0.457311 0.997763 0.0133993 -0.0657316 3.64277
-0.0659333 0.0209337 -0.997606 -29.398 -0.0141975 0.999663 0.0219146 0.462913 0.99773 0.0156078 -0.065611 3.56826
-0.0651918 0.0177879 -0.997732 -30.2514 -0.0147026 0.999721 0.0187837 0.46135 0.997781 0.0158932 -0.0649112 3.49137
-0.0669494 0.014746 -0.99765 -31.0919 -0.0144579 0.999775 0.0157471 0.469729 0.997659 0.0154778 -0.0667183 3.44916
-0.0677967 0.0157922 -0.997593 -31.9354 -0.0156857 0.99974 0.016892 0.471135 0.997593 0.0167925 -0.0675305 3.39629
-0.0672301 0.0183776 -0.997571 -32.7688 -0.0176577 0.999656 0.0196054 0.463548 0.997589 0.0189325 -0.0668797 3.33153
-0.0669587 0.0170106 -0.997629 -33.6113 -0.0191373 0.999654 0.0183293 0.455802 0.997588 0.0203186 -0.0666092 3.26783
-0.0664858 0.0123916 -0.997713 -34.4424 -0.0207173 0.999694 0.0137963 0.445562 0.99758 0.0215869 -0.0662059 3.20665
-0.0659834 0.00846777 -0.997804 -35.283 -0.0224968 0.999703 0.00997118 0.441795 0.997583 0.0231047 -0.0657726 3.13355
-0.065868 0.00889665 -0.997791 -36.1071 -0.0217264 0.999715 0.0103475 0.450024 0.9976 0.0223598 -0.0656531 3.08331
-0.0657241 0.0102419 -0.997804 -36.937 -0.0193354 0.999753 0.0115351 0.46418 0.997667 0.0200505 -0.065509 3.02762
-0.0642407 0.0147352 -0.997829 -37.7569 -0.0184104 0.999707 0.0159476 0.467952 0.997772 0.0193946 -0.0639479 2.95023
-0.0634188 0.0203311 -0.9978 -38.6261 -0.0171925 0.999628 0.0214608 0.470556 0.997856 0.0185151 -0.063045 2.87808
-0.0639325 0.0242576 -0.997663 -39.4603 -0.0174517 0.999529 0.0254206 0.456595 0.99781 0.0190358 -0.0634764 2.8254
-0.0635574 0.0250258 -0.997684 -40.3105 -0.0174101 0.999511 0.0261804 0.448295 0.997844 0.0190331 -0.06309 2.75655
-0.0639995 0.0215561 -0.997721 -41.1064 -0.0179566 0.999585 0.0227477 0.434711 0.997796 0.0193711 -0.0635833 2.72241
-0.0635884 0.0170904 -0.997853 -41.9608 -0.0188583 0.999661 0.0183227 0.439776 0.997815 0.0199822 -0.0632442 2.6522
-0.065858 0.0144005 -0.997731 -42.7467 -0.0225049 0.999626 0.0159127 0.437508 0.997583 0.0235016 -0.0655069 2.64261
-0.0675479 0.0126645 -0.99766 -43.6039 -0.0254245 0.999581 0.0144097 0.440062 0.997409 0.0263376 -0.0671972 2.58357
-0.0696708 0.0106056 -0.997519 -44.427 -0.0232115 0.999661 0.012249 0.436624 0.997308 0.024007 -0.0693986 2.5501
-0.0718002 0.00682325 -0.997419 -45.2695 -0.0197127 0.999779 0.00825767 0.435788 0.997241 0.020254 -0.0716494 2.49985
-0.0734746 0.00514407 -0.997289 -46.1102 -0.01571 0.999862 0.00631426 0.432344 0.997182 0.016131 -0.0733812 2.44899
-0.0761659 0.00807426 -0.997085 -46.9541 -0.0148668 0.999854 0.00923166 0.433173 0.997001 0.015526 -0.0760343 2.38848
-0.0786477 0.0126548 -0.996827 -47.7822 -0.0125513 0.999833 0.0136826 0.439116 0.996832 0.0135872 -0.0784732 2.33211
-0.0814152 0.0153916 -0.996585 -48.6039 -0.0110265 0.999813 0.0163416 0.445693 0.996637 0.0123188 -0.0812298 2.27637
-0.0837918 0.0134508 -0.996398 -49.4365 -0.0114408 0.999835 0.0144586 0.448366 0.996426 0.0126107 -0.0836216 2.2105
-0.084311 0.00854219 -0.996427 -50.244 -0.0151289 0.999845 0.00985084 0.446646 0.996342 0.0159048 -0.0841682 2.12288
-0.0856217 0.00466145 -0.996322 -51.0503 -0.0198097 0.999789 0.00637952 0.443174 0.996139 0.0202828 -0.0855087 2.03915
-0.0889871 0.00233812 -0.996053 -51.8587 -0.0238545 0.999714 0.00447703 0.442988 0.995765 0.0241581 -0.0889052 1.97549
-0.0903316 0.0030745 -0.995913 -52.6669 -0.0247313 0.999685 0.00532881 0.438015 0.995613 0.0251112 -0.0902245 1.89286
-0.0918213 0.00407726 -0.995791 -53.4634 -0.0238827 0.999704 0.00629462 0.435376 0.995508 0.0243595 -0.091696 1.81936
-0.0931567 0.00311667 -0.995653 -54.2563 -0.0243544 0.999694 0.00540754 0.432397 0.995363 0.024752 -0.0930497 1.73578
-0.0930648 0.00230974 -0.995681 -55.0391 -0.0252219 0.99968 0.0046756 0.429487 0.995359 0.0255474 -0.092976 1.65357
-0.0935351 0.00453682 -0.995613 -55.8161 -0.0225383 0.99973 0.00667247 0.416559 0.99537 0.0230631 -0.0934049 1.57273
-0.0932834 0.00783435 -0.995633 -56.593 -0.0216436 0.999725 0.0098936 0.406512 0.995423 0.0224712 -0.0930875 1.49238
-0.0946306 0.0118778 -0.995449 -57.3783 -0.0207735 0.999694 0.0139026 0.401145 0.995305 0.0219942 -0.0943522 1.42174
-0.0955641 0.013706 -0.995353 -58.1518 -0.0202692 0.99968 0.0157109 0.400524 0.995236 0.0216756 -0.095255 1.34501
-0.0959983 0.0131689 -0.995302 -58.9029 -0.0195707 0.999701 0.0151141 0.397235 0.995199 0.0209294 -0.0957091 1.26544
-0.096286 0.0103299 -0.995325 -59.6483 -0.0178032 0.999778 0.0120975 0.40513 0.995214 0.018884 -0.0960799 1.18782
-0.0960735 0.00627292 -0.995362 -60.3857 -0.0167887 0.999834 0.00792102 0.406352 0.995242 0.0174716 -0.0959495 1.10439
-0.0960274 0.00266455 -0.9954 -61.1178 -0.0165917 0.999863 0.00427614 0.404282 0.99526 0.0169253 -0.0959692 1.02568
-0.0944858 5.92517e-05 -0.995534 -61.8479 -0.0171926 0.999857 0.0016908 0.395415 0.995387 0.0172753 -0.0944686 0.943624
-0.092824 -0.00128184 -0.995708 -62.5473 -0.0193307 0.999822 0.000513905 0.390639 0.995515 0.0192945 -0.0928316 0.87595
-0.0887206 -0.00044382 -0.996064 -63.2546 -0.0192367 0.999821 0.00126746 0.375587 0.99588 0.0192731 -0.0887106 0.796699
-0.0827569 0.00124752 -0.996595 -63.9262 -0.0182945 0.999838 0.00276965 0.361268 0.996422 0.0184604 -0.0827202 0.742241
-0.0763161 0.00229928 -0.997089 -64.5933 -0.0166565 0.999862 0.00358001 0.35261 0.996954 0.0168809 -0.0762647 0.694662
-0.0678771 0.00339901 -0.997713 -65.2174 -0.0171442 0.999851 0.00457161 0.342428 0.997566 0.0174143 -0.0678084 0.64523
-0.0571633 0.00369194 -0.998365 -65.8456 -0.0173091 0.999846 0.00468791 0.350619 0.998224 0.0175485 -0.0570884 0.61595
-0.0427837 0.00501983 -0.999097 -66.4613 -0.0194276 0.999805 0.00585426 0.3418 0.998914 0.0196595 -0.0426777 0.58859
-0.0247867 0.00617216 -0.999681 -67.0474 -0.0202592 0.999779 0.00667446 0.32995 0.999497 0.0204179 -0.0246545 0.58583
-0.00258225 0.00660477 -1 -67.6216 -0.0201747 0.999785 0.00665436 0.32787 0.999812 0.0201908 -0.00244857 0.585123
0.0225904 0.0066759 -0.99973 -68.1518 -0.0183657 0.999818 0.00626084 0.318329 0.999586 0.0182191 0.0227099 0.614192
0.0515521 0.00557199 -0.99868 -68.6902 -0.0158123 0.999875 0.00476128 0.321427 0.998564 0.015545 0.0516331 0.663191
0.0852141 0.00476588 -0.996359 -69.2263 -0.0130644 0.999914 0.00366492 0.324321 0.996287 0.0127043 0.0852693 0.730571
0.121799 0.00476246 -0.992571 -69.6858 -0.0108704 0.999947 0.00346273 0.317719 0.992515 0.0103671 0.121844 0.83821
0.160459 0.00406699 -0.987042 -70.1824 -0.00901503 0.999963 0.00265405 0.313988 0.987011 0.0084721 0.160489 0.986243
0.206139 0.00471213 -0.97854 -70.6562 -0.00653408 0.999985 0.0034377 0.310867 0.978523 0.00568456 0.206164 1.10676
0.254166 0.00287898 -0.967165 -71.077 -0.00149428 1 0.00258341 0.303645 0.967169 0.000788314 0.254169 1.25428
0.303789 -0.00164884 -0.952766 -71.4964 0.00871112 0.999975 0.00104568 0.285971 0.952722 -0.00861764 0.303792 1.43419
0.354645 -0.00667442 -0.934987 -71.9218 0.0159354 0.999881 -0.00109382 0.269025 0.934876 -0.0145117 0.354705 1.64277
0.406082 -0.0112801 -0.913796 -72.3225 0.0232844 0.99974 -0.00199506 0.258477 0.913563 -0.0204671 0.406234 1.87779
0.45632 -0.0117996 -0.889748 -72.7204 0.0248745 0.999699 -0.000501099 0.254456 0.889479 -0.0219035 0.45647 2.13803
0.503788 -0.0125009 -0.863766 -73.1033 0.0273426 0.999639 0.00147872 0.247737 0.863418 -0.0243626 0.503941 2.41758
0.548378 -0.0169002 -0.836071 -73.4434 0.0370847 0.999312 0.00412321 0.239615 0.835421 -0.0332668 0.54862 2.70437
0.591073 -0.0232611 -0.806314 -73.7388 0.0493735 0.998767 0.00737887 0.225299 0.805131 -0.0441717 0.591485 3.01702
0.633677 -0.0276142 -0.773118 -74.0658 0.0522274 0.998618 0.0071383 0.210262 0.771848 -0.0449013 0.634235 3.33837
0.67528 -0.0318358 -0.736909 -74.3763 0.0501501 0.998752 0.00280651 0.199347 0.735884 -0.0388511 0.676026 3.66233
0.715203 -0.0391912 -0.697834 -74.6535 0.0477815 0.99884 -0.00712601 0.207387 0.697299 -0.0282468 0.716236 4.01388
0.754487 -0.0423741 -0.654985 -74.9289 0.0443734 0.998938 -0.0135135 0.211871 0.654847 -0.0188684 0.755556 4.39224
0.791821 -0.0448241 -0.609126 -75.1778 0.0444849 0.998895 -0.0156798 0.226367 0.609152 -0.0146812 0.79293 4.78478
0.826475 -0.0482877 -0.560944 -75.4144 0.0471048 0.998766 -0.0165764 0.239332 0.56104 -0.0127236 0.827719 5.2008
0.857401 -0.0476958 -0.512459 -75.6619 0.0454934 0.998831 -0.0168494 0.238103 0.512659 -0.00886635 0.858557 5.67269
0.883936 -0.0471448 -0.46528 -75.8728 0.0458953 0.998861 -0.0140211 0.233506 0.465401 -0.00896099 0.885082 6.14737
0.905726 -0.0419444 -0.421816 -76.0798 0.0405638 0.999109 -0.0122523 0.238393 0.421951 -0.00601287 0.906609 6.65417
0.92404 -0.0369206 -0.380575 -76.2805 0.0348585 0.99933 -0.0123136 0.228225 0.380765 -0.00188877 0.924696 7.19632
0.937972 -0.0325729 -0.34522 -76.4634 0.0312092 0.999475 -0.00951149 0.22167 0.345346 -0.00185231 0.938484 7.75449
0.948331 -0.0320883 -0.315739 -76.6326 0.0316375 0.999492 -0.00655621 0.212094 0.315781 -0.00377238 0.948852 8.34063
0.955501 -0.0328819 -0.293203 -76.77 0.0328825 0.999455 -0.00493146 0.218338 0.293203 -0.00492897 0.956049 8.9448
0.961771 -0.0326387 -0.272 -76.9408 0.0333843 0.999455 -0.00188848 0.203979 0.271906 -0.0072649 0.962324 9.5258
0.966364 -0.0305578 -0.255419 -77.0799 0.0321401 0.999489 0.00201901 0.192785 0.255224 -0.0101601 0.966839 10.1552
0.970402 -0.0254992 -0.240252 -77.2392 0.0273464 0.999631 0.00435614 0.186867 0.240046 -0.0107979 0.970729 10.8027
0.973264 -0.0225394 -0.228648 -77.3836 0.0246398 0.999684 0.00633133 0.180818 0.228431 -0.0117958 0.973499 11.4756
0.976126 -0.02332 -0.21607 -77.5132 0.0253591 0.99967 0.00666786 0.173659 0.215838 -0.0119887 0.976383 12.1275
0.978893 -0.022809 -0.203177 -77.6352 0.0247212 0.999678 0.00687378 0.169953 0.202953 -0.0117513 0.979128 12.7945
0.981392 -0.0226717 -0.190813 -77.748 0.0247471 0.999671 0.00849885 0.165724 0.190552 -0.0130634 0.981618 13.5128
0.98388 -0.0202697 -0.177768 -77.8552 0.0223924 0.999707 0.00993663 0.159938 0.177514 -0.013757 0.984033 14.222
0.985974 -0.0199855 -0.165859 -77.9614 0.0216021 0.999748 0.00794644 0.152838 0.165654 -0.0114185 0.986146 14.9458
0.987808 -0.0192328 -0.154587 -78.0844 0.0200227 0.999801 0.0035484 0.141697 0.154487 -0.00660029 0.987983 15.6944
0.989244 -0.0212244 -0.144919 -78.1793 0.0210836 0.999788 -0.00251151 0.138583 0.144937 -0.000571741 0.98947 16.4274
0.990352 -0.0210947 -0.137073 -78.2767 0.0209577 0.999785 -0.00245044 0.135869 0.137094 -0.000445883 0.990568 17.1772
0.991264 -0.0190149 -0.130738 -78.3792 0.0195385 0.99982 0.00271912 0.142903 0.130658 -0.00525041 0.991444 17.9538
0.991959 -0.0139839 -0.125913 -78.4782 0.0154437 0.999832 0.0106157 0.137039 0.125742 -0.0124749 0.991995 18.7188
0.992463 -0.0136629 -0.122018 -78.5807 0.0155174 0.999792 0.0142562 0.134514 0.121794 -0.0160426 0.992456 19.5091
0.992849 -0.0162032 -0.118407 -78.6675 0.0177988 0.999773 0.012421 0.145865 0.118178 -0.0144396 0.992898 20.2501
0.993169 -0.0165925 -0.115751 -78.7544 0.0180171 0.999787 0.0112668 0.145376 0.115536 -0.0132759 0.993244 21.0251
0.993484 -0.0173399 -0.112789 -78.8412 0.0189618 0.99974 0.0133129 0.145783 0.112527 -0.0153648 0.993541 21.7847
0.993779 -0.0187359 -0.110052 -78.9266 0.0206018 0.999676 0.015837 0.138366 0.109716 -0.0180062 0.99383 22.5469
0.99408 -0.0211889 -0.106708 -79.008 0.0231829 0.999587 0.0174711 0.13262 0.106292 -0.0198415 0.994149 23.3115
0.994283 -0.0211645 -0.104935 -79.0769 0.0227823 0.999652 0.0142375 0.123224 0.104593 -0.0165473 0.994407 24.0774
0.994601 -0.0184024 -0.102277 -79.1742 0.0192178 0.9998 0.00698084 0.117654 0.102127 -0.00890857 0.994743 24.8399
0.994921 -0.018191 -0.0992862 -79.2669 0.018142 0.999848 -0.00140255 0.120704 0.0992925 -0.000406789 0.995088 25.5979
0.995009 -0.0176034 -0.098384 -79.3446 0.0171041 0.999846 -0.00592864 0.114265 0.0984717 0.00421635 0.995143 26.3686
0.995151 -0.0169481 -0.0971799 -79.4102 0.0166049 0.999866 -0.00434609 0.10331 0.0972363 0.00271044 0.995288 27.1244
0.995278 -0.0148023 -0.0961067 -79.4774 0.0147925 0.999901 -0.000826159 0.0920145 0.0961078 -0.00059944 0.995383 27.8949
0.995453 -0.011428 -0.0948714 -79.5513 0.011843 0.999936 0.0038052 0.0823251 0.0948177 -0.00491213 0.995513 28.6699
0.99545 -0.0139038 -0.0944411 -79.5998 0.0144524 0.999893 0.00511428 0.077025 0.0943585 -0.00645593 0.99553 29.4366
0.995317 -0.0174543 -0.0953903 -79.6418 0.0180119 0.999839 0.00498083 0.0652235 0.0952838 -0.00667635 0.995459 30.1833
0.995129 -0.0202724 -0.0966474 -79.6933 0.0208584 0.99978 0.00504651 0.0527478 0.0965223 -0.00703794 0.995318 30.9542
0.995104 -0.0203026 -0.097023 -79.7606 0.020824 0.999787 0.00435832 0.0385948 0.0969096 -0.00635806 0.995304 31.7135
0.995031 -0.021991 -0.0972796 -79.8269 0.0223368 0.999759 0.00245658 0.0456182 0.0972005 -0.00461735 0.995267 32.4781
0.995092 -0.0243901 -0.0962335 -79.9104 0.0249069 0.999696 0.00416809 0.0107645 0.0960983 -0.00654519 0.995383 33.266
0.995135 -0.0233711 -0.095887 -79.9858 0.0240938 0.9997 0.00637539 -0.0168094 0.0957078 -0.00865469 0.995384 34.0578
0.995091 -0.0241732 -0.0962931 -80.0656 0.0248922 0.999685 0.00626777 -0.0340585 0.0961071 -0.00863457 0.995367 34.8423
0.994943 -0.024381 -0.0976224 -80.1588 0.0251456 0.999673 0.00659699 -0.0499981 0.0974281 -0.00901851 0.995215 35.5871
0.994765 -0.0259864 -0.099154 -80.2495 0.0268421 0.999627 0.00730155 -0.0606442 0.0989231 -0.00992544 0.995078 36.359
0.994332 -0.0249165 -0.10355 -80.3141 0.0257795 0.999654 0.00698885 -0.066464 0.103338 -0.00961883 0.994615 37.1941
0.994146 -0.0206508 -0.10636 -80.4128 0.02157 0.999753 0.00749146 -0.0880377 0.106175 -0.00974246 0.994333 37.9751
0.993871 -0.0201743 -0.10887 -80.5089 0.0204881 0.9998 0.0017502 -0.0877778 0.108811 -0.00397007 0.994071 38.7829
0.993767 -0.019549 -0.110046 -80.6229 0.0194544 0.999823 -0.00194103 -0.0945836 0.11006 -0.000212832 0.993959 39.5719
0.993381 -0.0199173 -0.113294 -80.6967 0.0195852 0.999812 -0.00405701 -0.100692 0.113351 0.00181116 0.99357 40.3898
0.993174 -0.0205228 -0.115111 -80.8164 0.0203618 0.999803 -0.00258119 -0.113706 0.115137 0.000218838 0.993384 41.2471
0.992662 -0.0213464 -0.119186 -80.8947 0.0212566 0.999784 -0.00203763 -0.13175 0.119201 -0.000510903 0.992887 42.0925
0.992614 -0.0214794 -0.119682 -81.0164 0.0215459 0.999781 -0.000744855 -0.141423 0.119667 -0.0018401 0.992847 42.9307
0.992557 -0.0206826 -0.120172 -81.1357 0.02119 0.999784 0.0029335 -0.153979 0.120083 -0.00545824 0.992766 43.7724
0.992338 -0.0211338 -0.122012 -81.2352 0.0222598 0.999735 0.00786692 -0.161612 0.121809 -0.0105232 0.992533 44.6182
0.992222 -0.0208387 -0.122881 -81.3252 0.0221769 0.999721 0.009521 -0.164571 0.122646 -0.0121722 0.992394 45.4752
0.992528 -0.0184832 -0.120899 -81.4405 0.0196582 0.999784 0.00852767 -0.154531 0.120711 -0.0108411 0.992664 46.3507
0.992784 -0.0187383 -0.118613 -81.5565 0.0196841 0.999796 0.00679515 -0.151337 0.118459 -0.00908103 0.992936 47.2076
0.992834 -0.0217483 -0.117805 -81.6491 0.0223801 0.999756 0.00403746 -0.150767 0.117684 -0.00664569 0.993064 48.0818
0.992847 -0.0255481 -0.116801 -81.7449 0.0259827 0.999673 0.00218786 -0.155316 0.116704 -0.00520713 0.993172 48.9541
0.992924 -0.0273449 -0.11586 -81.837 0.0277463 0.999628 0.00184825 -0.163516 0.115761 -0.0050505 0.993299 49.8356
0.993093 -0.0285197 -0.11399 -81.954 0.0291267 0.999582 0.00365133 -0.164211 0.113836 -0.00694643 0.993495 50.7066
0.993217 -0.0299219 -0.112669 -82.063 0.0307696 0.999525 0.00578915 -0.174011 0.112438 -0.00921721 0.993652 51.5779
0.993344 -0.030599 -0.111234 -82.1701 0.0314578 0.9995 0.0059621 -0.184172 0.110994 -0.00942173 0.993796 52.4497
0.993466 -0.0301003 -0.110403 -82.2763 0.0306302 0.999541 0.00310307 -0.195907 0.110254 -0.00646512 0.993919 53.3346
0.993689 -0.0277741 -0.10887 -82.3904 0.0276721 0.999627 -0.00246031 -0.216099 0.108895 -0.000567928 0.994073 54.2013
0.994014 -0.0256233 -0.106529 -82.5142 0.0249672 0.999676 -0.00749304 -0.234409 0.106682 0.00478742 0.994318 55.0321
0.99429 -0.0207803 -0.104857 -82.6256 0.0194532 0.99973 -0.0136753 -0.253873 0.105111 0.0115573 0.994413 55.8965
0.994509 -0.0201199 -0.103042 -82.733 0.0186796 0.99973 -0.0149303 -0.276061 0.10331 0.0129223 0.994602 56.7436
0.994564 -0.022988 -0.101757 -82.8409 0.0222275 0.99973 -0.00861214 -0.302126 0.101925 0.00630331 0.994792 57.6175
0.994479 -0.0230691 -0.102722 -82.9322 0.0232546 0.999746 0.000603364 -0.323421 0.102678 -0.00298947 0.994747 58.5015
0.99421 -0.0241803 -0.104891 -83.0163 0.0252229 0.999659 0.00861304 -0.348722 0.104645 -0.011209 0.994467 59.339
0.993855 -0.026481 -0.107806 -83.0994 0.0273566 0.99962 0.00664632 -0.365873 0.107585 -0.00955531 0.994188 60.1788
0.993576 -0.0309055 -0.109056 -83.1982 0.0314475 0.999514 0.00324292 -0.381097 0.108901 -0.00665175 0.994051 61.0131
0.992957 -0.0322763 -0.114319 -83.2599 0.0326836 0.999481 0.00168616 -0.398383 0.114201 -0.00541139 0.993482 61.8485
0.992553 -0.0307164 -0.118052 -83.3562 0.030863 0.999538 -0.000595921 -0.417644 0.118013 -0.00305204 0.993028 62.682
0.992195 -0.0296674 -0.121431 -83.4641 0.0293621 0.999576 -0.00430809 -0.433935 0.121503 0.000707988 0.992631 63.5279
0.991613 -0.0293982 -0.12602 -83.5682 0.0286516 0.999574 -0.00774258 -0.452775 0.126191 0.00406688 0.992019 64.3423
0.9913 -0.0285174 -0.128802 -83.6861 0.0270906 0.999568 -0.0128213 -0.462642 0.129106 0.00921918 0.991631 65.152
0.990895 -0.0231863 -0.13279 -83.7993 0.0216793 0.999698 -0.0127945 -0.489259 0.133043 0.009799 0.991084 65.9543
0.990538 -0.0196536 -0.136115 -83.9312 0.0181207 0.999775 -0.0124977 -0.498582 0.136324 0.00991159 0.990659 66.7648
0.989944 -0.0166721 -0.140623 -84.0551 0.0157595 0.999862 -0.00761247 -0.517186 0.140727 0.00531941 0.990057 67.5821
0.989388 -0.0152614 -0.144771 -84.1871 0.0151277 0.999901 -0.0020311 -0.543124 0.144782 -0.00018162 0.989508 68.3687
0.988439 -0.0164289 -0.150868 -84.3059 0.0167513 0.999874 0.000855279 -0.555329 0.150832 -0.00337299 0.988577 69.1877
0.987503 -0.0163511 -0.157003 -84.4431 0.0165451 0.99988 -7.74122e-05 -0.552386 0.156979 -0.00252227 0.987644 69.9769
0.986617 -0.0172574 -0.162275 -84.5836 0.0176245 0.999859 0.000813044 -0.54363 0.162234 -0.00366258 0.986769 70.7586
0.985486 -0.0165796 -0.169187 -84.7192 0.0166916 0.999877 -0.000765901 -0.550142 0.169172 -0.00207037 0.98563 71.5485
0.984452 -0.0117803 -0.175381 -84.8693 0.0115328 0.999945 -0.00244015 -0.564793 0.175397 0.000379184 0.984521 72.3246
0.9836 -0.0114197 -0.180232 -85.0313 0.00988821 0.999925 -0.00940018 -0.550768 0.18032 0.00746225 0.983626 73.0886
0.982532 -0.0126826 -0.18578 -85.1807 0.0107284 0.999891 -0.0115316 -0.577806 0.185902 0.00933654 0.982549 73.8353
0.981587 -0.0122465 -0.19084 -85.3467 0.0097391 0.999873 -0.0140769 -0.587545 0.190981 0.0119573 0.981569 74.6031
0.980693 -0.00978005 -0.195421 -85.512 0.0080896 0.999938 -0.00945737 -0.60262 0.195498 0.00769329 0.980699 75.3645
0.979668 -0.00932552 -0.200617 -85.6907 0.00829543 0.999967 -0.00598012 -0.616423 0.200659 0.00419271 0.979701 76.1249
0.978558 -0.00948007 -0.205861 -85.8659 0.0086131 0.999965 -0.00511789 -0.630581 0.205898 0.00323448 0.978594 76.8617
0.97724 -0.0120724 -0.211991 -86.0507 0.0103916 0.999924 -0.00904624 -0.654739 0.212077 0.00663562 0.97728 77.6162
0.975441 -0.0132627 -0.219964 -86.2302 0.00990577 0.999832 -0.0163673 -0.679208 0.220139 0.013786 0.975397 78.3621
0.973355 -0.0153049 -0.22898 -86.4108 0.0114673 0.99979 -0.0180864 -0.703926 0.229201 0.0149767 0.973313 79.0977
0.971246 -0.0157739 -0.237654 -86.6336 0.0122123 0.999805 -0.0164601 -0.719438 0.237863 0.0130841 0.971238 79.813
0.96881 -0.0159019 -0.247466 -86.8577 0.013699 0.99987 -0.0106257 -0.739359 0.247595 0.0069026 0.96889 80.5342
0.965859 -0.0148922 -0.258729 -87.0755 0.0142566 0.999904 -0.00434063 -0.743836 0.258764 0.000503299 0.965967 81.2544
0.962901 -0.0144685 -0.26963 -87.2963 0.0147127 0.999912 -0.00111892 -0.768002 0.269613 -0.00289105 0.963016 81.9816
0.959452 -0.0120993 -0.281695 -87.5158 0.0108189 0.999938 -0.00610786 -0.792402 0.281747 0.00281221 0.959512 82.7174
0.955755 -0.0128707 -0.294031 -87.7401 0.00870623 0.999864 -0.0154719 -0.818632 0.29418 0.0122254 0.955725 83.4331
0.951997 -0.0158259 -0.305778 -87.9816 0.00971911 0.999738 -0.0214904 -0.831189 0.306032 0.0174866 0.951889 84.1321
0.947823 -0.0161268 -0.318527 -88.2152 0.0111245 0.999807 -0.0175208 -0.845187 0.318737 0.0130612 0.947807 84.834
0.944257 -0.0146102 -0.32896 -88.4933 0.0118976 0.999893 -0.0102642 -0.876428 0.329069 0.00577769 0.944318 85.5437
0.939969 -0.0141594 -0.341096 -88.7571 0.0132603 0.999922 -0.00497036 -0.905169 0.341128 0.000147246 0.940071 86.2458
0.936238 -0.0159836 -0.351074 -89.0693 0.0146381 0.999889 -0.00649207 -0.938496 0.351132 0.000938552 0.936357 86.9494
0.93237 -0.018141 -0.361174 -89.3655 0.0153462 0.999849 -0.010608 -0.96756 0.361299 0.00434596 0.932494 87.6429
0.928963 -0.0218321 -0.369598 -89.6554 0.0166416 0.99973 -0.0172316 -0.997497 0.369868 0.00985634 0.929065 88.3339
0.926181 -0.0259587 -0.376302 -89.9602 0.0185366 0.999579 -0.023335 -1.02383 0.376737 0.0146349 0.926261 89.0374
0.923733 -0.0269498 -0.382155 -90.2785 0.018689 0.999522 -0.0253173 -1.05343 0.382648 0.0162439 0.923784 89.698
0.921507 -0.0219489 -0.387858 -90.616 0.0130362 0.999611 -0.0255994 -1.08873 0.388254 0.0185313 0.921425 90.3783
0.918214 -0.0203663 -0.395628 -90.9252 0.0122316 0.999677 -0.0230785 -1.13291 0.395963 0.0163512 0.918154 91.0524
0.914443 -0.0197638 -0.404344 -91.2342 0.0141467 0.999781 -0.0168781 -1.1567 0.404575 0.00971171 0.914512 91.7564
0.911661 -0.0158631 -0.410702 -91.5636 0.0134687 0.999889 -0.00872786 -1.18693 0.410787 0.0024245 0.911761 92.4456
0.909526 -0.00539612 -0.415721 -91.9168 0.00511898 1.00001 -0.00178353 -1.21471 0.41572 -0.000507895 0.909553 93.1339
0.907203 0.00427709 -0.420734 -92.2658 -0.00680884 0.999985 -0.00452139 -1.24272 0.4207 0.00696591 0.907207 93.7979
0.904735 2.05698e-05 -0.426085 -92.6011 -0.00539024 0.999946 -0.0114005 -1.27074 0.426046 0.0126086 0.904674 94.4848
0.902262 -0.00764726 -0.431182 -92.9177 -0.00035014 0.999848 -0.0184704 -1.29778 0.43125 0.0168155 0.902111 95.1651
0.900381 -0.00600369 -0.435168 -93.2646 -0.00238995 0.999847 -0.0187423 -1.32824 0.435198 0.0179127 0.900218 95.8731
0.897807 -0.000631712 -0.440449 -93.6193 -0.00614618 0.999902 -0.0139675 -1.3526 0.440407 0.0152465 0.897704 96.5838
0.894839 0.00199478 -0.446489 -93.9477 -0.00721351 0.99995 -0.00999269 -1.37496 0.44643 0.0121602 0.894799 97.2493
0.892188 -0.00188524 -0.45172 -94.3003 -0.00406058 0.999935 -0.0121979 -1.40307 0.451707 0.0127164 0.892111 97.9411
0.888887 -0.00358736 -0.458217 -94.6472 -0.00562822 0.999834 -0.0187491 -1.42742 0.458191 0.0192421 0.88871 98.6552
0.886197 -0.00632875 -0.463323 -95.0147 -0.0061357 0.999677 -0.0253951 -1.45263 0.463326 0.0253474 0.885861 99.3483
0.883679 -0.00564709 -0.468165 -95.3839 -0.00793137 0.999629 -0.0270319 -1.47921 0.468126 0.0275977 0.883297 100.026
0.88078 -0.00301001 -0.473571 -95.7456 -0.0089139 0.999716 -0.0229375 -1.51239 0.473498 0.0244237 0.880492 100.725
0.879646 -0.000679574 -0.475731 -96.1485 -0.0104966 0.999753 -0.0208397 -1.54471 0.47561 0.0233222 0.879414 101.374
0.876938 0.000450932 -0.480661 -96.522 -0.0123887 0.999708 -0.021669 -1.55491 0.480502 0.0249565 0.876676 102.042
0.874649 -0.00173179 -0.484853 -96.8922 -0.0108816 0.999696 -0.0232035 -1.58143 0.484729 0.0255678 0.874357 102.697
0.872105 -0.0037185 -0.48936 -97.2698 -0.00929795 0.999684 -0.0241708 -1.61147 0.489287 0.025629 0.871784 103.369
0.869638 -0.00486436 -0.493763 -97.6542 -0.00786409 0.999713 -0.0237025 -1.64284 0.493719 0.0244926 0.869344 104.03
0.867397 -0.00374925 -0.497659 -98.0624 -0.00913772 0.999702 -0.0234625 -1.67387 0.497591 0.0248982 0.867093 104.712
0.865169 -0.00300823 -0.501569 -98.4469 -0.0104582 0.99968 -0.0240385 -1.70245 0.501463 0.0260398 0.864856 105.352
0.862576 -0.00628734 -0.505944 -98.8418 -0.00947399 0.999566 -0.0285777 -1.73189 0.505896 0.0294434 0.862131 106.011
0.860512 -0.00918776 -0.509445 -99.2358 -0.00931153 0.999411 -0.033756 -1.76678 0.509437 0.0337877 0.859915 106.65
0.857103 -0.0116908 -0.515066 -99.6038 -0.00841884 0.999311 -0.0366951 -1.7977 0.515132 0.0357873 0.856403 107.317
0.854857 -0.00992084 -0.518867 -99.9778 -0.00823006 0.999457 -0.0326722 -1.83262 0.518891 0.032197 0.854306 107.933
0.853284 -0.00590927 -0.521467 -100.373 -0.00786557 0.999697 -0.0242033 -1.86901 0.521443 0.0247533 0.852968 108.557
0.851468 -0.00362524 -0.524492 -100.766 -0.00469662 0.99991 -0.0145384 -1.91032 0.524476 0.0148395 0.85137 109.2
0.850124 -0.0035188 -0.526625 -101.155 -0.0018464 0.999972 -0.00966625 -1.94004 0.526636 0.00918907 0.850082 109.797
0.848162 -0.00645252 -0.529793 -101.529 0.000902933 0.999968 -0.0107361 -1.9677 0.529824 0.00862486 0.848138 110.41
0.846334 -0.0076041 -0.532654 -101.904 -0.000266598 0.999913 -0.0147021 -1.98945 0.532709 0.0125843 0.846247 111.006
0.844584 -0.00951165 -0.535434 -102.262 9.09579e-06 0.999869 -0.0177508 -2.01113 0.535511 0.0149843 0.84447 111.562
0.842862 -0.0107767 -0.538075 -102.61 0.000730295 0.999842 -0.0188849 -2.04271 0.538184 0.0155238 0.842726 112.109
0.841562 -0.0124247 -0.540113 -102.957 0.00235318 0.999835 -0.0193368 -2.06515 0.540243 0.0149993 0.84145 112.628
0.840319 -0.0117668 -0.542018 -103.305 0.00216925 0.99985 -0.0183467 -2.08997 0.542143 0.0142407 0.840208 113.145
0.839102 -0.0106648 -0.543963 -103.629 0.0022261 0.999892 -0.016173 -2.12254 0.544055 0.0123571 0.839033 113.626
0.837932 -0.0112799 -0.54571 -103.95 0.00363108 0.999901 -0.0150963 -2.15355 0.545817 0.0106675 0.837879 114.099
0.837454 -0.0121515 -0.546466 -104.259 0.00471043 0.999901 -0.0150188 -2.17411 0.546572 0.0100007 0.837427 114.508
0.83634 -0.0131031 -0.548107 -104.555 0.00542254 0.999884 -0.0156331 -2.20592 0.548239 0.0101018 0.836303 114.93
0.835301 -0.0128983 -0.549734 -104.835 0.00335668 0.999851 -0.0183622 -2.23818 0.549868 0.0134897 0.835218 115.323
0.833932 -0.0151094 -0.551713 -105.111 0.00373194 0.999778 -0.0217429 -2.27189 0.551909 0.0160726 0.833792 115.706
0.832013 -0.0184969 -0.554539 -105.385 0.00659579 0.999728 -0.0234538 -2.30192 0.554801 0.0158533 0.831908 116.078
0.829566 -0.0221291 -0.558021 -105.644 0.0113844 0.999698 -0.0227235 -2.33166 0.558347 0.0124973 0.829557 116.426
0.826446 -0.0203884 -0.562737 -105.902 0.0105463 0.999754 -0.0207367 -2.35723 0.563 0.0112002 0.826456 116.77
0.82285 -0.0162609 -0.568076 -106.155 0.00700744 0.999826 -0.0184728 -2.37992 0.568269 0.011219 0.822811 117.096
0.819401 -0.0102806 -0.573217 -106.39 0.0027006 0.999923 -0.0140759 -2.39627 0.573295 0.00998297 0.819365 117.403
0.815149 -0.00492737 -0.579282 -106.596 0.000684044 0.999992 -0.00754724 -2.40436 0.579305 0.00575494 0.815136 117.692
0.810263 -0.00296085 -0.586147 -106.798 0.00101485 1.00002 -0.00365128 -2.41636 0.586145 0.00236092 0.81028 117.962
0.804758 -0.00584765 -0.593624 -106.997 0.0049164 1 -0.00318949 -2.41896 0.593636 -0.000352585 0.80478 118.222
0.796951 -0.00782131 -0.60408 -107.171 0.00808629 0.99999 -0.00228196 -2.43032 0.604068 -0.00306864 0.797006 118.476
0.787884 -0.00974553 -0.615793 -107.348 0.0107818 0.99996 -0.00203395 -2.42797 0.61578 -0.00503769 0.787949 118.697
0.777335 -0.0099791 -0.629091 -107.533 0.0111076 0.999961 -0.00213972 -2.42868 0.629064 -0.00532681 0.777417 118.906
0.76457 -0.0089115 -0.644523 -107.699 0.00866982 0.999977 -0.00354485 -2.42682 0.644531 -0.00287845 0.764622 119.083
0.750629 -0.0104184 -0.660722 -107.864 0.00813299 0.999971 -0.00653101 -2.43523 0.660746 -0.000473802 0.750693 119.234
0.735792 -0.0132053 -0.67712 -108.038 0.0068427 0.999925 -0.0120678 -2.44153 0.67722 0.00424537 0.73582 119.384
0.720622 -0.0168302 -0.693202 -108.192 0.00620228 0.999848 -0.0178308 -2.44575 0.69337 0.00854699 0.720619 119.513
0.704824 -0.0165844 -0.709228 -108.358 0.00121542 0.999774 -0.022173 -2.44721 0.709427 0.0147656 0.704679 119.651
0.6889 -0.0131132 -0.724812 -108.542 -0.00707408 0.999694 -0.0248129 -2.44654 0.724889 0.0222177 0.688599 119.791
0.671528 -0.0116127 -0.740926 -108.724 -0.0107148 0.999641 -0.0253811 -2.44395 0.740947 0.0249825 0.671157 119.921
0.651841 -0.012989 -0.758317 -108.867 -0.00804491 0.999706 -0.0240419 -2.45034 0.758378 0.0217689 0.651547 120.033
0.631736 -0.0138717 -0.775095 -109.048 -0.00564118 0.999752 -0.0224924 -2.45662 0.775207 0.0185812 0.631497 120.147
0.609884 -0.0120918 -0.792467 -109.232 -0.00651336 0.999801 -0.0202708 -2.46075 0.792526 0.0175213 0.609687 120.248
0.586605 -0.00855709 -0.809862 -109.442 -0.0112282 0.999783 -0.018699 -2.44491 0.809839 0.0200617 0.586379 120.34
0.56325 -0.00437749 -0.826342 -109.632 -0.0140921 0.99982 -0.0149045 -2.45126 0.826227 0.0200367 0.563089 120.401
0.539864 -0.00181298 -0.841782 -109.839 -0.0163884 0.999806 -0.0126661 -2.44977 0.841635 0.0206329 0.539729 120.448
0.516309 0.00273282 -0.856464 -110.037 -0.0204181 0.999781 -0.00912114 -2.47768 0.856219 0.0221934 0.516255 120.482
0.492262 0.00699595 -0.87045 -110.262 -0.0255975 0.999674 -0.00644382 -2.47758 0.870112 0.0254528 0.492281 120.524
0.466687 0.00941248 -0.884437 -110.475 -0.0285699 0.999612 -0.00443947 -2.47568 0.88402 0.0273365 0.466779 120.561
0.439315 0.00873533 -0.898321 -110.67 -0.0294076 0.999578 -0.00466369 -2.47594 0.897894 0.0284656 0.439388 120.592
0.407713 0.00569888 -0.913155 -110.898 -0.0306362 0.999532 -0.0074434 -2.48043 0.912655 0.0310067 0.407703 120.654
0.373789 0.00165816 -0.927541 -111.122 -0.03157 0.999464 -0.0109374 -2.48616 0.927018 0.0333701 0.373645 120.703
0.334429 -0.00204895 -0.942479 -111.35 -0.0319094 0.999428 -0.0134983 -2.4654 0.941937 0.0345846 0.33418 120.763
0.292342 -0.00382748 -0.956333 -111.599 -0.0348146 0.999309 -0.0146436 -2.4536 0.955722 0.0375747 0.292012 120.824
0.247048 -0.00833615 -0.969029 -111.89 -0.0365278 0.999201 -0.0179114 -2.42123 0.968371 0.0398179 0.246554 120.893
0.197501 -0.0117381 -0.98026 -112.189 -0.0379538 0.999109 -0.0196121 -2.41106 0.979612 0.0410774 0.196887 120.955
0.147355 -0.0146408 -0.989036 -112.501 -0.0398916 0.999017 -0.0207352 -2.39863 0.988336 0.0425061 0.146636 120.986
0.0960507 -0.0165575 -0.995266 -112.819 -0.0413484 0.998954 -0.0206106 -2.38205 0.994563 0.0431316 0.0952764 120.994
0.0448295 -0.0156069 -0.998935 -113.172 -0.0425842 0.998967 -0.0175218 -2.38371 0.998146 0.0433208 0.0441295 120.959
-0.00842768 -0.0144665 -0.999887 -113.531 -0.0421893 0.999032 -0.0141 -2.37384 0.999121 0.0420649 -0.00901656 120.924
-0.0623761 -0.0134536 -0.998024 -113.89 -0.0410587 0.999125 -0.0109054 -2.36301 0.997269 0.0402939 -0.0628622 120.868
-0.115532 -0.0113111 -0.993271 -114.255 -0.038864 0.999246 -0.00686047 -2.37374 0.992595 0.0378087 -0.115869 120.782
-0.16957 -0.0102137 -0.985528 -114.662 -0.0380299 0.999296 -0.00381611 -2.37218 0.984847 0.0368289 -0.169827 120.695
-0.220588 -0.00854221 -0.975362 -115.062 -0.0371322 0.999335 -0.000356271 -2.37695 0.974715 0.0361376 -0.22074 120.566
-0.270232 -0.00671724 -0.962835 -115.463 -0.0343229 0.999434 0.00265747 -2.38181 0.962249 0.0337621 -0.270297 120.418
-0.317976 -0.00471107 -0.948122 -115.876 -0.029858 0.999566 0.00504471 -2.38195 0.947686 0.0299116 -0.317958 120.237
-0.36426 -0.00288634 -0.931358 -116.302 -0.02561 0.999675 0.00691499 -2.38631 0.931014 0.0263677 -0.364202 120.032
-0.407578 -0.0016909 -0.913206 -116.719 -0.0227807 0.99973 0.00831392 -2.37896 0.912946 0.0241904 -0.407484 119.792
-0.449279 -0.000344853 -0.893458 -117.159 -0.0199856 0.999781 0.00966056 -2.37661 0.89324 0.0221934 -0.449174 119.537
-0.487386 0.000309404 -0.873226 -117.589 -0.0187139 0.999791 0.0107969 -2.37685 0.873048 0.021602 -0.487255 119.258
-0.520792 0.000550282 -0.853753 -118.041 -0.018843 0.999777 0.012135 -2.37794 0.853551 0.0224039 -0.520652 118.944
-0.548933 0.000151593 -0.835909 -118.496 -0.019702 0.999744 0.0131168 -2.37834 0.8357 0.0236676 -0.548765 118.623
-0.570831 -0.00155238 -0.82114 -118.985 -0.0213089 0.999717 0.0129193 -2.35802 0.820871 0.0248689 -0.570689 118.238
