0.999609 0.000628605 0.0280201 0.00168813 -0.000544013 0.999996 -0.00301579 0.000231922 -0.0280217 0.00299941 0.999605 0.67253
0.999643 -0.00450354 0.0262624 0.0311703 0.0046366 0.999978 -0.00501477 -0.00277217 -0.0262394 0.00513471 0.999642 0.661622
0.999839 0.00064363 0.0175544 0.0232403 -0.000575384 0.999993 -0.00386179 0.00726837 -0.0175567 0.0038512 0.999832 0.572837
0.99977 0.000989486 0.0218345 0.00207575 -0.000924088 0.999995 -0.00303062 0.00646051 -0.0218374 0.00300963 0.999766 0.54176
0.999532 -0.00243323 0.0301103 -0.068619 0.00244403 0.999996 -0.000300417 0.00408838 -0.0301095 0.000373899 0.999537 0.538729
0.999573 -0.00263278 0.0295631 -0.057811 0.00270495 0.999994 -0.00242231 0.00236343 -0.0295566 0.00250117 0.999572 0.506411
0.999614 -0.00332011 0.0271557 -0.0540402 0.00334495 0.999989 -0.000839138 -0.015643 -0.0271526 0.000929722 0.99962 0.563092
0.999288 -0.00274956 0.0379125 -0.0807215 0.0028496 0.999998 -0.00260053 0.00129712 -0.0379052 0.00270669 0.999287 0.633684
0.999125 -0.000870558 0.0415902 -0.0787205 0.000966909 0.999991 -0.00228182 0.000749924 -0.041588 0.00232 0.999123 0.632798
0.998896 0.000280143 0.0472952 -0.0699013 -0.000273455 1.00001 -0.000148257 0.00046634 -0.0472957 0.000135302 0.998896 0.789855
0.998852 -0.000864038 0.0475753 0.0155043 0.00086681 0.999998 -3.84338e-06 -0.00605337 -0.0475757 4.51474e-05 0.998856 1.06194
0.998792 -0.000627708 0.0494278 0.0406796 0.000669214 1 -0.000846183 -0.0127037 -0.0494271 0.000878263 0.99879 0.979245
0.99869 -0.000767905 0.0509277 -0.0482558 0.000822895 1 -0.00101011 -0.00395465 -0.0509282 0.00105088 0.998698 1.1165
0.998585 -0.00216134 0.0533715 -0.0650834 0.00223857 0.999996 -0.00143151 0.00226763 -0.053367 0.00154881 0.99858 1.08599
0.998884 -0.000821782 0.0469765 0.0475185 0.000923202 1 -0.00206368 -0.0127721 -0.0469773 0.00210523 0.998891 1.02029
0.998965 -0.00375275 0.0455923 0.0382799 0.00374273 0.999991 0.000231667 -0.01092 -0.0455902 -6.12534e-05 0.998963 1.0092
0.99894 0.000209741 0.0457731 0.0279529 -0.000170978 1 -0.00077566 -0.00985858 -0.0457761 0.000767513 0.998949 1.00356
0.999148 -0.00158177 0.0415698 0.123542 0.00165728 0.999997 -0.00184635 -0.0264738 -0.0415649 0.00191335 0.99914 0.944919
0.999079 -0.00482277 0.0423129 0.0928358 0.00490805 0.999989 -0.00184206 -0.00910231 -0.0423058 0.00204846 0.999096 0.992202
0.999071 -4.92421e-05 0.0434846 0.0781469 0.000141192 0.999995 -0.00217901 -0.0102233 -0.0434821 0.0021827 0.999061 0.988927
0.998731 -0.00262406 0.0500078 -0.00827174 0.00283101 0.999995 -0.0039966 0.00350554 -0.0499998 0.00413371 0.998735 1.08891
0.998993 -0.0038192 0.0450268 0.0670836 0.00402316 0.999977 -0.00451433 -0.0168361 -0.0450061 0.00469035 0.998982 0.936954
0.999064 -0.00291327 0.0428743 0.0515829 0.00302953 0.999999 -0.0025613 0.0095267 -0.0428694 0.00268938 0.999073 0.984129
0.999097 -0.0060108 0.0423565 0.0510157 0.00608479 0.999972 -0.00170263 0.00785272 -0.0423423 0.00195824 0.999106 0.989933
0.999184 -0.00506628 0.0397629 0.0481473 0.00516149 0.999992 -0.00220097 0.00617612 -0.0397542 0.00240502 0.999202 0.994096
0.999335 -0.00165102 0.0367401 0.0453432 0.00179518 0.999983 -0.00397817 0.00541925 -0.0367302 0.00404085 0.999322 1.04399
0.99935 -0.000306251 0.0357229 0.0370883 0.000311232 1.00001 -2.60878e-05 0.000740826 -0.0357263 3.78577e-05 0.999359 0.987659
0.999299 -0.00204565 0.037666 0.0120341 0.00202627 0.999987 0.000458934 -0.00233863 -0.0376639 -0.000382857 0.999291 1.05438
0.999457 -0.00325898 0.0325218 0.0531012 0.00334037 1.00001 -0.00231906 0.0175489 -0.0325172 0.00242715 0.999471 1.00751
0.999297 0.00225263 0.0376252 -0.0381085 -0.00215718 0.999986 -0.00267334 0.00363057 -0.0376285 0.00258979 0.999287 1.06679
0.999531 -0.000178797 0.0303786 0.0645372 0.000227724 1 -0.00148205 -0.019823 -0.0303818 0.00148887 0.999542 0.99725
0.999629 -0.0022928 0.027434 0.0655534 0.0022997 0.999995 -0.000339181 -0.0106643 -0.0274305 0.000401694 0.999622 1.05888
0.999439 -0.00100313 0.0333203 -0.0143904 0.00100108 1 0.000201808 -0.00335739 -0.0333237 -0.000167667 0.999448 1.09854
0.999558 0.000462389 0.0299129 0.03902 -0.000491647 1 0.000842778 -0.0113052 -0.0299101 -0.000857646 0.999549 1.04621
0.999597 -0.000348619 0.0281801 0.0272488 0.000350212 1 8.69263e-05 -0.0068409 -0.0281825 -7.6475e-05 0.999606 1.06066
0.999654 -0.00282964 0.0263738 0.0211471 0.0028434 0.999998 -0.000620081 0.00159211 -0.0263693 0.000694201 0.99965 1.10762
0.999672 -0.00466168 0.0249383 0.0126371 0.0046994 0.999986 -0.00130899 0.00680495 -0.0249346 0.00142639 0.99969 1.11252
0.999756 -0.00516817 0.0216935 0.0241118 0.00518457 0.999988 -0.000865198 -0.00127176 -0.021686 0.000976822 0.99976 1.09203
0.99979 -0.0062614 0.0192742 0.0324208 0.00627329 0.999979 -0.000371727 -0.000687871 -0.0192742 0.000493207 0.999818 1.11192
0.999875 -0.00441002 0.0155624 0.052263 0.00439883 0.999992 0.000524475 -0.00657598 -0.0155618 -0.000456599 0.999875 1.10554
0.999898 -0.0034382 0.0134142 0.0556962 0.00344606 0.999992 -0.000294873 -0.00850896 -0.0134159 0.0003417 0.999913 1.12137
0.999896 -0.00236632 0.0145946 -0.0044954 0.00235428 0.999999 0.000608525 -0.00534534 -0.0145929 -0.000574839 0.99989 1.21527
0.999916 -0.000416183 0.0126935 0.0168298 0.000406793 0.999998 0.00101011 -0.00561328 -0.012697 -0.00100409 0.999924 1.21602
0.999924 0.000475917 0.0126271 -0.00194258 -0.000472582 1 -0.000536723 -0.00308257 -0.0126241 0.000529946 0.999915 1.25286
0.999932 0.000314662 0.0113642 -0.00623062 -0.000282692 0.999995 -0.00251603 -0.0123354 -0.0113681 0.00251341 0.999939 1.2211
0.999944 -0.000442079 0.0109361 -0.010224 0.00047371 0.999996 -0.00319949 -0.00446155 -0.0109314 0.00320372 0.999928 1.25011
0.999972 -0.00129464 0.00684642 0.032189 0.00131328 0.999998 -0.00222968 -0.0144859 -0.00684651 0.00223944 0.999982 1.16902
0.99998 0.00065863 0.00684846 0.00936393 -0.000654195 0.999998 -0.00114241 -0.00151243 -0.00684596 0.00113705 0.999968 1.28238
0.999984 -0.000129938 0.00495475 0.0110111 0.000136776 1 -0.000699756 -0.00115351 -0.00495794 0.000701301 0.999996 1.28717
0.999993 -0.000448112 0.00423833 -0.00434831 0.000448625 0.999999 -0.00091891 -0.00338274 -0.00423458 0.000919941 0.999982 1.29486
0.999991 0.000791846 0.00374988 0.00807141 -0.000781243 0.999999 -0.00191465 -0.00600675 -0.00375466 0.00191255 1 1.31121
0.999996 -0.000185337 0.00333792 0.00699167 0.000185208 0.999998 -0.000994348 0.00555448 -0.00333439 0.000994127 0.999985 1.35143
0.999996 0.00090983 0.00176712 -0.00816794 -0.000908032 1 0.000905549 0.0020985 -0.00176967 -0.000906319 1.00001 1.32566
1 -0.000465516 0.000879723 -0.00400104 0.000460344 0.999996 0.00204599 -0.0032896 -0.000877304 -0.0020464 0.999988 1.33457
0.999991 0.00141652 0.0032979 -0.0237331 -0.0014197 1 0.00196356 -0.00575738 -0.00329823 -0.0019675 1 1.44839
0.999996 -0.00214302 0.00311372 -0.0255053 0.00213965 0.999995 2.2493e-05 -0.00833803 -0.00311065 -1.65592e-05 0.999983 1.4469
0.999996 0.00104493 0.00134728 -0.0402462 -0.00104255 1 0.000669612 -0.0073486 -0.00134968 -0.000670217 1.00001 1.41331
1 -0.00118629 0.00100093 -0.0339369 0.00118312 0.999996 -8.04654e-05 -0.0132677 -0.000997635 8.08538e-05 0.999988 1.45221
0.999996 0.00117435 0.00152605 -0.0570399 -0.00117233 1 0.000858479 -0.0153464 -0.00152824 -0.000859459 1.00001 1.4683
1 0.000602385 -0.000151568 -0.0200612 -0.000605768 0.999997 -0.000472077 -0.0160153 0.000154728 0.000471363 0.999988 1.54299
0.999999 0.000407196 0.000351231 -0.0571612 -0.000404093 1 0.00059107 -0.00604676 -0.000354373 -0.000590437 1.00001 1.52014
1 0.000919862 -0.00106623 -0.00845656 -0.000921167 0.999995 0.00181737 -0.0114598 0.00107151 -0.00181724 0.999986 1.58829
0.999998 -0.000378603 -0.00165124 -0.049041 0.00038312 1 0.000818125 -0.0290571 0.0016475 -0.000817863 1.00001 1.49004
1 0.00107803 -0.00071092 -0.0250351 -0.00108134 0.999998 -0.000187739 -0.0082107 0.000714545 0.000187578 0.999989 1.61649
0.999998 -0.000419792 -0.000806362 -0.025107 0.000423013 1 6.34203e-05 -0.00781302 0.000802495 -6.28364e-05 1.00001 1.61646
1 0.00046846 -0.00147763 -0.0262208 -0.000471256 0.999998 0.000261788 -0.00747534 0.00148156 -0.000262015 0.999989 1.61632
0.999996 -0.00186794 -0.00183932 -0.016195 0.00187406 0.999999 0.00158974 -0.00164164 0.00183252 -0.00159225 1.00001 1.64202
0.999999 -0.00148883 -0.00147257 0.00169571 0.00148861 0.999995 0.00203546 -0.000197234 0.00147349 -0.0020386 0.999987 1.69744
0.999997 -0.00112322 0.00246919 -0.0740167 0.00112865 1 -0.000907809 -0.00761612 -0.00247191 0.000911507 1.00001 1.72348
0.999997 -0.00226734 -0.0011854 -0.0566987 0.00226344 0.999996 -0.000625414 -0.0310928 0.00119099 0.000621797 0.999988 1.6304
1 0.000892172 0.000551441 -0.0159097 -0.000889208 1 8.25383e-05 -0.00815645 -0.000554896 -8.20612e-05 1.00001 1.77596
1 0.000115768 -5.1827e-05 -0.0662689 -0.000118704 0.999999 0.000737492 -0.0239505 5.57994e-05 -0.000738424 0.99999 1.68271
0.999999 0.00136885 0.000250206 -0.0824466 -0.00136625 0.999998 0.00172138 -0.00430259 -0.00025172 -0.00172075 1.00001 1.68958
0.999998 -0.00191461 -0.00102238 -0.0271588 0.00191194 0.999998 0.000372955 -0.0153678 0.00102578 -0.000375914 0.999991 1.74339
0.999999 -0.000965528 -0.000931247 -0.0127028 0.000969613 1 0.00103424 -0.0213519 0.000926237 -0.00103417 1.00001 1.7808
0.999998 0.000755252 0.00269124 -0.056665 -0.000752909 0.999995 -0.00201856 0.0166136 -0.0026882 0.00201554 0.999987 1.9062
0.999994 0.00113848 0.00279206 -0.0560669 -0.00113068 1 -0.00168685 0.0127468 -0.00279851 0.00168467 1 1.91033
0.999998 0.00094033 0.0019183 -0.0226545 -0.000940731 0.999996 -0.0013818 -0.00211517 -0.00191483 0.00137898 0.999988 1.88047
0.999999 0.00054814 0.000637781 -0.0119188 -0.000544497 1 -0.000905631 -0.0109732 -0.000642983 0.000906298 1.00001 1.84896
1 0.00158749 0.000312 -0.0016871 -0.0015908 0.999997 0.000818864 -0.00325787 -0.000305864 -0.000820352 0.999993 1.88962
0.999999 -0.000674666 -0.000358674 -0.00387854 0.000677377 1 -0.000754456 -0.000412514 0.000354455 0.000755206 1.00001 1.84869
0.999998 0.00238898 0.00150804 -0.0487272 -0.00239223 0.999996 0.000228466 0.00110194 -0.00150254 -0.000233157 0.999992 1.91612
0.999996 0.000340508 0.00213819 -0.000503225 -0.000334835 1 -0.0013248 0.00076971 -0.00214315 0.0013251 1 1.97739
0.999988 0.0030861 0.00412529 -0.0645917 -0.00308544 0.999996 -0.000875897 -0.000942536 -0.00412327 0.000862166 0.999987 1.94714
0.999982 -0.000378359 0.00581433 -0.0368632 0.000392411 0.999999 -0.00191087 0.0126258 -0.00581799 0.00191405 0.999988 2.03892
0.999986 0.00209229 0.00520673 -0.0474908 -0.00210209 0.999998 0.00132432 -0.017167 -0.00519911 -0.00133622 0.999979 1.94854
0.999985 0.0016971 0.00498663 0.00589515 -0.00169575 0.999998 0.000309096 -0.0143829 -0.00499072 -0.000316625 0.999993 1.98274
0.99999 0.00206595 0.00458508 -0.0311826 -0.00206805 0.999999 -0.000186079 -0.0195653 -0.00458076 0.000175678 0.999985 1.98518
0.999983 0.000144695 0.00536839 -0.0308971 -0.000130199 0.999997 -0.0021416 -0.000572152 -0.00537331 0.00214175 0.999987 2.01168
0.999991 0.000591307 0.00455271 -0.0350115 -0.000589678 1 -0.00102383 -0.0300934 -0.00454852 0.00102024 0.999985 1.95702
0.999983 0.00171441 0.00554243 -0.011593 -0.00170622 0.999999 -0.000911248 -0.000886733 -0.00554837 0.000902622 0.999991 2.06575
0.999991 0.00239333 0.00354977 -0.0526319 -0.00239651 0.999998 -8.49205e-06 -0.00765069 -0.00354473 -9.4092e-07 0.999988 1.8861
0.999976 0.00233045 0.00677371 -0.0245235 -0.00232369 0.999999 -0.000568088 0.0059197 -0.00677851 0.000553312 0.999984 2.09721
0.999975 0.000252978 0.00679842 -0.0246858 -0.000250785 0.999997 -0.000757388 0.00536581 -0.00679511 0.000754666 0.99997 2.0971
0.999978 4.71982e-05 0.00691584 -0.0454906 -3.89531e-05 1 -0.000769385 -0.000678425 -0.0069192 0.0007701 0.999983 2.05261
0.999978 -6.87086e-05 0.00613362 -0.0315044 7.76879e-05 0.999994 -0.00193701 -0.00718617 -0.00613012 0.00193644 0.999971 2.0413
0.999997 0.00029191 0.0038721 0.0191081 -0.000284327 1 -0.00119771 -0.0140608 -0.00387538 0.00119759 1 2.07722
0.999956 -0.000139485 0.00908578 -0.0419453 0.000139231 0.999997 -0.000319233 -0.00469313 -0.00908269 0.000319553 0.999952 2.07679
0.999971 0.00083719 0.00802667 -0.0331958 -0.000829516 1 -0.00057771 -0.0137631 -0.00803018 0.000571978 0.999976 2.09033
0.999983 0.00133023 0.00515027 -0.00229178 -0.0013292 0.999996 -0.000821749 -0.0176428 -0.00514813 0.000813949 0.99998 2.04643
0.999995 -0.000844573 0.00373257 0.0110554 0.000847963 1 -0.000110396 -0.0188322 -0.00373557 0.00011456 1 2.08847
0.999987 -0.00136602 0.00488429 0.0120162 0.00135889 0.999997 0.000969365 -0.00461912 -0.00488216 -0.000964059 0.999984 2.24582
0.999998 -0.00185913 0.00322363 -0.0420709 0.00185807 1 0.00103676 -0.0239141 -0.00322827 -0.00102966 1 1.98761
0.999997 -0.0015919 0.000491516 0.0447989 0.00158903 0.999997 -5.40959e-05 -0.0242596 -0.000487951 5.35384e-05 0.999994 2.0774
1 -0.000196215 -0.000874853 0.0526964 0.000199552 1 0.000473902 -0.0279712 0.000871338 -0.00047279 1.00001 2.09887
0.999997 0.0016164 0.000655794 0.0436053 -0.00161887 0.999998 -0.000323497 -0.00025901 -0.000652492 0.000321005 0.999995 2.18714
0.999999 0.001737 0.00209931 0.040081 -0.0017309 0.999998 -0.00162009 -0.00226662 -0.0021059 0.00161788 1 2.20686
0.999991 0.00165682 0.00365481 -0.0287878 -0.00165823 1 -0.000365111 -0.0238269 -0.00365081 0.00035752 0.999989 2.10772
0.999993 0.001159 0.00372641 -0.0219013 -0.00115901 0.999998 0.00073969 -0.0263089 -0.00372993 -0.000742484 0.999996 2.1533
0.99999 0.000760103 0.00436046 -0.0210708 -0.000763248 1 9.05725e-05 -0.01232 -0.00435597 -9.54215e-05 0.999988 2.16877
0.99999 0.0016151 0.00451888 -0.0194668 -0.00160856 0.999998 -0.000881959 0.00466752 -0.00452443 0.00087627 0.999991 2.23501
0.999996 0.00157342 4.09794e-05 0.0621608 -0.0015772 1 -0.000720442 -0.00125422 -3.76653e-05 0.000719176 1 2.16196
1 2.24585e-05 0.00276454 0.0046469 -1.75353e-05 1 -0.000573292 -0.00302069 -0.00276864 0.000574479 0.999993 2.23756
0.999994 -0.000936841 0.00200368 0.0176403 0.000934195 0.999999 -0.000389013 -0.00771759 -0.00199921 0.000389632 1 2.22659
1 -0.000789915 0.00212766 0.00334518 0.000794612 0.999999 -0.000602155 -0.0179756 -0.00213128 0.000605116 0.999996 2.22898
0.999994 0.000255549 0.00223705 -0.00159331 -0.000256053 1 -0.00130199 -0.0191261 -0.00223326 0.00130017 0.999998 2.22941
1 -0.000501483 0.00178755 0.0172064 0.000507687 0.999999 -0.00157956 -0.0077987 -0.00179056 0.00158179 0.999997 2.30526
0.99999 -0.000156017 0.00382492 -0.0180451 0.000158411 1 -0.00148082 -0.00532992 -0.00382077 0.00148007 0.999995 2.36386
0.999994 0.00130594 0.00408258 -0.0180226 -0.00129779 0.999997 -0.00120173 -0.0228118 -0.00408808 0.00119776 0.999986 2.35333
0.999993 0.00150681 0.00243618 -0.025192 -0.00151259 1 0.00101736 -0.0296119 -0.00243069 -0.00102236 1 2.35784
0.999994 0.00059255 0.00439898 -0.0206213 -0.000590911 0.999997 0.000315048 -0.0249686 -0.00440272 -0.000316303 0.999985 2.31961
0.999985 -0.00191842 0.00418163 -0.0143455 0.00191519 1 3.38355e-05 -0.0213664 -0.00417771 -2.71525e-05 0.999995 2.30221
0.999997 -0.00119191 0.00322229 -0.00706199 0.00119315 0.999996 0.00057866 -0.0104258 -0.00322683 -0.000573479 0.99999 2.32348
0.999992 -0.00125647 0.000315102 0.0168502 0.00125306 1 0.000882261 -0.0255914 -0.000312303 -0.000883195 1 2.31256
1.00001 5.85192e-05 0.00207056 0.00627375 -5.60061e-05 0.999999 9.23832e-05 -0.0087591 -0.00207353 -9.10642e-05 0.999998 2.40219
0.999991 0.000907927 0.0013253 -0.00700815 -0.000908899 1 -0.00130223 -0.0121186 -0.00132317 0.00129959 0.999999 2.3473
1.00001 0.00121394 0.000600171 0.0279783 -0.00120998 0.999996 -0.00209142 -0.0171259 -0.000605703 0.00209212 0.999997 2.37113
0.999992 0.000354803 0.0011681 0.0301194 -0.000354681 0.999998 -0.0024285 -0.0112625 -0.00116597 0.00242664 0.999998 2.36883
1.00001 0.00139883 0.00136276 0.00556137 -0.00139465 0.999999 -0.00106983 -0.0222084 -0.00136716 0.00106938 0.999998 2.35686
0.999988 0.00202662 0.00213839 0.00246132 -0.0020261 0.999998 -0.001524 -0.00652968 -0.00213788 0.00151815 1 2.467
0.999996 -0.00183058 0.00483595 -0.0395514 0.00183835 0.999997 -0.00090657 0.00752059 -0.00483756 0.000916597 0.999987 2.52231
0.999992 -0.00118171 0.000404576 0.044064 0.00117729 1 -0.000911417 -0.00181614 -0.000398659 0.000911117 1.00001 2.21793
1.00001 -0.000256196 0.000130482 0.0160088 0.000261003 0.999999 -0.000100501 -0.00187471 -0.000135038 0.000101271 0.999994 2.27964
0.999992 -0.001794 0.000735968 0.0301171 0.0017898 0.999999 -0.00109526 -0.0121084 -0.000729002 0.00109587 1.00001 2.36216
1.00001 0.00139721 0.000858074 0.0169613 -0.0013918 0.999998 -0.000525762 -0.0209822 -0.000863745 0.000525266 0.999992 2.39102
0.999988 0.00164193 0.00360371 0.013616 -0.00164657 1 -9.69504e-05 -0.0251441 -0.00359805 9.03305e-05 1.00001 2.57474
0.999996 0.000809244 0.00385643 0.0126465 -0.000803756 0.999999 -0.000126825 -0.0211935 -0.00386235 0.000124409 0.99998 2.56643
0.999989 9.64422e-05 0.00390811 0.00767211 -9.89266e-05 1 -0.000635599 -0.0082743 -0.00390228 0.000634486 1.00001 2.58112
0.999997 -0.000371278 0.00390255 -0.0462405 0.000374851 0.999998 0.000331134 -0.00935155 -0.003908 -0.000328919 0.999979 2.53452
0.999984 -0.000390002 0.00481388 -0.0206487 0.000382056 1 0.000605427 -0.00383696 -0.00480821 -0.000604298 1 2.60617
1 -0.00126556 0.00176331 0.0192194 0.00127164 0.999999 -0.000856655 -0.0128123 -0.00176713 0.000859834 0.999988 2.49083
0.999996 0.000125313 0.00265429 0.0150084 -0.000126111 0.999999 -0.00141089 -0.00593703 -0.00264922 0.0014096 1.00001 2.55142
0.999998 0.00207198 0.00292798 -0.0422905 -0.0020704 1 0.000744608 -0.0359235 -0.00293043 -0.000749632 0.999987 2.40087
0.999996 0.000201072 -0.000460631 0.0593684 -0.000205786 0.999996 -0.00178159 -0.0136242 0.000464969 0.00178068 1.00001 2.40996
1 0.000229007 0.00151427 0.0206537 -0.000221409 0.999997 -0.0024417 -0.000902352 -0.00151918 0.0024424 0.999983 2.47136
0.999984 0.00340186 0.00252133 -0.0482563 -0.0034045 0.999991 -0.000601803 -0.0258669 -0.00251853 0.000592364 1.00001 2.45062
1.00001 -0.000752062 -7.95762e-05 0.0479899 0.000756441 1 -0.000886419 -0.0188773 7.62145e-05 0.000887055 0.999985 2.46009
0.999991 -0.0013845 -0.000175641 0.054169 0.00138015 0.999996 0.000719107 -0.0103796 0.000178746 -0.000720007 1.00001 2.46853
1.00001 0.00128012 0.00268366 -0.00874502 -0.00127726 1 0.000485532 -0.0182874 -0.00268695 -0.000488263 0.999984 2.46171
0.999983 0.0017603 0.00305164 -0.0268941 -0.00176828 0.999995 0.00105201 -0.0359391 -0.00304534 -0.0010579 1.00001 2.34136
1.00001 0.000882338 0.00331428 -0.010811 -0.000875618 1 -0.000700791 -0.0287157 -0.00331903 0.000698577 0.999982 2.41321
0.999979 -0.00226964 0.00218546 0.0684978 0.0022623 1 0.00112473 -0.0334233 -0.00218317 -0.00112037 1.00001 2.45704
1.00001 0.00208836 0.00325811 -0.0211366 -0.00208591 0.999999 0.000614185 -0.0277343 -0.00326116 -0.000620278 0.999996 2.47414
0.999975 -2.73613e-06 0.00403287 0.00226734 -9.70564e-07 0.999999 -0.00023471 -0.0230699 -0.0040284 0.000234051 0.999992 2.44333
1.00001 0.000875631 0.00350993 0.0108204 -0.000872078 1 0.00030937 -0.0173084 -0.0035141 -0.000311745 0.999993 2.45553
0.999973 0.000938548 0.00362842 0.00361973 -0.000942277 0.999999 -0.000223743 -0.0210616 -0.00362418 0.000219646 0.999994 2.4438
1.00001 0.00331378 0.00251206 0.000223555 -0.00330794 0.999996 -0.000512838 -0.0213747 -0.0025182 0.000505208 0.999996 2.43478
0.999972 -0.000916832 0.00407333 0.0155452 0.000917993 0.999998 -0.00103838 -0.0205716 -0.00406797 0.00104154 0.999993 2.56969
1 -0.000853567 0.00582148 -0.0351142 0.000859712 1.00001 -0.00061488 -0.0231209 -0.00582394 0.000620758 0.999987 2.39711
0.999949 -0.00269469 0.0066276 -0.0134363 0.00270221 0.999989 -0.00152165 -0.0120694 -0.00662037 0.00153865 0.999967 2.4025
1.00002 0.00243924 -0.000273542 0.000314521 -0.00243708 1 -0.00119012 -0.0122983 0.000267641 0.00119167 1.00001 2.38073
0.999974 3.53078e-05 0.000694296 0.0253092 -3.80479e-05 0.999994 0.000262304 -0.0298449 -0.000691126 -0.000263207 0.99999 2.34786
1.00002 0.00279624 0.00143484 -0.00524448 -0.0027938 1 5.98344e-05 -0.0205113 -0.00143771 -6.29275e-05 1.00001 2.34236
0.999962 0.00377864 0.00106018 0.00398611 -0.00378299 0.999986 0.00158432 -0.0509859 -0.00105062 -0.00158922 0.999989 2.22545
1.00003 -0.000657752 0.000198563 0.0637511 0.000660596 1.00001 -0.00172871 -0.00760135 -0.000196964 0.00173003 1.00002 2.49124
0.999968 -0.000100916 0.000500609 -0.0247817 9.80162e-05 0.999991 2.93666e-05 -0.025135 -0.000499787 -3.03818e-05 0.999986 2.38097
1.00003 0.000536941 0.00141618 -0.0204953 -0.000531493 1.00001 -0.00181098 -0.0133459 -0.00141784 0.00181127 1.00001 2.35205
0.999966 -0.00109514 0.00382587 -0.0156228 0.0011022 0.999985 -0.00265704 -0.00452083 -0.00382171 0.0026603 0.99998 2.52489
1.00001 0.000783641 0.00613219 -0.019192 -0.000791461 1.00001 0.00176819 -0.0182465 -0.00613202 -0.00177208 0.999995 2.53562
0.999954 0.000590202 0.00572067 -0.0728016 -0.000594833 0.999995 -5.43504e-05 -0.0364693 -0.00571607 5.05956e-05 0.999974 2.30512
1.00002 0.00160639 0.00419791 -0.00189073 -0.00160053 1.00001 -0.000356148 -0.0110718 -0.00420275 0.00034986 1 2.34678
0.999956 -0.00184017 0.00587402 -0.00692167 0.00185044 0.999991 -0.00267761 0.0092666 -0.0058644 0.00268814 0.999973 2.5398
1 0.0017299 0.0072416 -0.0621854 -0.00171315 1 -0.00160354 -0.0026823 -0.00724901 0.00159141 0.999983 2.54733
0.999956 0.000541781 0.00551769 -0.00183448 -0.000541974 0.999996 -0.00100555 -0.00497965 -0.00551344 0.00100228 0.999975 2.48184
1.00003 0.000288627 0.00276938 -0.023236 -0.000282822 1 -5.58484e-05 0.00105228 -0.00277408 5.5389e-05 1.00001 2.47609
0.999961 -0.000794041 0.00429646 -0.0306497 0.000785743 0.999996 0.000590075 -0.0106689 -0.00429214 -0.000587011 0.999978 2.49733
1.00001 -0.00425484 0.00418911 -0.0158921 0.0042603 0.999997 8.27635e-05 -0.00533468 -0.00419362 -6.45583e-05 1 2.59828
0.999972 0.000721253 -0.00114737 0.0423799 -0.000726634 0.999995 0.000312829 -0.00812082 0.00115247 -0.000312341 0.999988 2.6205
1.00003 0.000780203 -6.14977e-05 0.0347433 -0.000774386 1 0.000508546 -0.00266779 5.72178e-05 -0.000508185 1.00001 2.57233
0.99997 -0.00165781 0.00219527 -0.0205929 0.00165085 0.999991 0.000454845 -0.014725 -0.00219092 -0.00045142 0.999988 2.63915
1.00002 -0.000186443 0.00184271 -0.00586182 0.000191815 1.00001 0.000286872 -0.00806495 -0.0018478 -0.000286325 1.00001 2.65366
0.999973 0.0010406 -0.000456653 0.0206887 -0.0010467 0.999992 -0.000544685 -0.0195048 0.000461492 0.000544936 0.999989 2.56793
1.00002 0.00196306 -0.000252452 0.0286199 -0.0019576 1 -0.00155436 -0.0232154 0.000244041 0.00155507 1.00001 2.58607
0.999972 0.000353883 -0.00130569 0.102217 -0.000361293 0.999991 -0.00113197 0.0015506 0.00131097 0.00113225 0.999989 2.57583
1.00002 0.00186728 0.00506615 -0.0664067 -0.00186961 1.00001 0.00157117 -0.0337031 -0.00506815 -0.00158046 1 2.62304
0.999949 0.00094359 0.00731589 -0.0255529 -0.000947543 0.999994 -0.000280321 0.010479 -0.00730988 0.000273233 0.99997 2.82608
1.00002 -0.0017146 0.00117663 0.0519703 0.00172064 1 -0.000673037 -0.00174856 -0.0011801 0.000675456 1.00001 2.63041
0.99997 0.0008531 0.00308261 -0.0106971 -0.000861122 0.999993 0.000919286 -0.0150344 -0.00307693 -0.000922345 0.999987 2.6188
1.00002 -0.00205769 0.00437311 0.0133043 0.00206378 1 -0.000181105 -0.0132746 -0.00437703 0.000190487 1 2.76671
0.99997 0.00122185 0.000579843 -0.0437731 -0.00122812 0.999995 0.00156808 -0.0116835 -0.000572321 -0.00156925 0.99999 2.45245
1.00003 -0.000603914 -0.000723104 0.111411 0.000608886 1.00001 -0.00107288 0.0101559 0.000721435 0.00107247 1.00001 2.80886
0.999966 -0.0010321 0.00168953 0.00270989 0.00102519 0.99999 0.000197035 0.000104189 -0.00168639 -0.000195072 0.999988 2.67395
1.00003 0.00250246 0.00222447 -0.000366527 -0.00249718 1.00001 0.000550884 -0.00727768 -0.00222642 -0.000556676 1.00001 2.68165
0.999964 0.00167831 0.00227136 0.00380782 -0.00168436 0.999988 -0.000219865 -0.00866283 -0.00226836 0.000216294 0.999985 2.70088
1.00002 0.00326461 0.000249342 -0.010836 -0.00325856 1 0.00266641 -0.0336183 -0.000243221 -0.00266762 1.00001 2.50799
0.999965 -0.00266679 0.00342864 0.0641267 0.00265802 0.999987 0.000630224 -0.0461226 -0.00342573 -0.000620959 0.999989 2.85476
1.00002 -6.00424e-05 0.00368341 0.0175799 6.29459e-05 1.00001 0.000956779 -0.0211802 -0.00368781 -0.000956722 1 2.75633
0.999946 0.00344476 0.00688528 -0.107356 -0.00346323 0.999984 0.00175408 -0.0318526 -0.00687441 -0.00177776 0.99997 2.67829
1.00002 -7.0176e-05 0.00365166 -0.0371765 6.95193e-05 1 0.00193116 -0.0387299 -0.00365638 -0.00193099 0.999998 2.69
0.999955 0.00013853 0.00580627 -0.101643 -0.000152498 0.999994 0.00129828 -0.0277535 -0.00580134 -0.00129905 0.999974 2.69529
1.00001 0.00330249 0.00541828 -0.0446325 -0.0032928 1 -0.000594492 -0.0185691 -0.00542433 0.000576496 0.999995 2.79875
0.999947 0.00507946 0.00436469 -0.0484414 -0.00508098 0.999979 -0.0011348 -0.0227547 -0.00436629 0.00111274 0.99998 2.77181
1.00001 0.00417844 0.00390368 -0.0169026 -0.00416531 0.999998 -0.00170631 -0.0119494 -0.00391466 0.00168986 1 2.81135
0.99996 0.00243464 0.00386019 0.0160929 -0.00244562 0.999989 0.00114155 -0.013625 -0.0038533 -0.00115082 0.999982 2.85916
1.00001 0.00106605 0.00569442 -0.112487 -0.00106322 1 0.00078838 -0.00589537 -0.00569641 -0.000794896 0.999997 2.599
0.999971 0.0016522 0.00141185 0.0538901 -0.00165765 0.999999 -0.00130786 -0.0100661 -0.00140899 0.00130589 0.999994 2.85031
1.00002 -9.08105e-05 0.00257032 0.00964583 0.000100338 0.999998 -0.000959928 -0.0239204 -0.00257478 0.00095994 1 2.68195
0.999945 0.000177963 0.00631658 -0.0305229 -0.00019513 1 0.00157119 -0.0250469 -0.00631151 -0.00157207 0.999965 2.70318
1.00002 0.00367696 0.00356419 -0.0384858 -0.00367606 0.99999 0.001743 -0.0237982 -0.00356253 -0.0017563 1.00001 2.70395
0.999948 -9.03476e-05 0.00536807 -0.0169536 8.63429e-05 1 -0.000610196 -0.014305 -0.00536304 0.000610947 0.999969 2.77066
1 0.00373204 0.00711301 -0.112999 -0.00371603 0.999992 -0.00132626 -0.0166847 -0.0071222 0.00129958 1.00001 2.76776
0.999973 0.00207672 0.00413179 -0.0181041 -0.00208491 0.999999 0.000245 -0.0113903 -0.00412627 -0.000253325 0.99997 2.75602
1.00001 0.000669701 -5.18399e-05 0.0602692 -0.000662895 0.999999 -0.000251365 -0.0101401 4.72949e-05 0.000251262 1.00002 2.74193
0.999912 0.00189561 0.00919846 -0.0392401 -0.00189732 1 -0.000622839 -0.0280093 -0.00919428 0.000605723 0.99992 2.7258
1.00001 0.00808454 0.00369887 0.0160537 -0.00806184 0.999959 -0.00427053 -0.0284438 -0.00373806 0.00424016 1.00002 2.64656
0.999859 0.0137459 -0.000420766 -0.0499816 -0.013758 0.999869 -0.00904281 -0.0243019 0.000304022 0.00904892 0.999927 2.78631
0.999744 -0.0142151 0.0199095 0.00253262 0.0142892 0.999894 -0.00307488 -0.0382264 -0.0198716 0.00335728 0.999827 2.77516
0.999949 -0.00476636 -0.00123377 -0.000883967 0.0047605 0.999983 0.00419756 -0.0078714 0.00122392 -0.00420223 0.999963 2.57778
1.00004 0.00119599 0.00178323 0.0167882 -0.00120384 0.999945 0.0101884 0.00168255 -0.00178065 -0.0101913 0.999974 2.68781
0.999931 0.00552008 0.00564619 0.0162972 -0.00558274 0.999947 0.00923677 -0.00466239 -0.00558405 -0.00926698 0.999918 2.56044
1.00002 0.0043628 0.004966 -0.00239607 -0.00436479 0.999982 0.00253665 -0.0170156 -0.00496555 -0.00255951 1.00001 2.54313
0.999948 0.00518102 0.000746522 -0.0166698 -0.00519177 0.999992 6.09366e-05 -0.0173612 -0.000735472 -6.35241e-05 0.999972 2.52175
1 -0.00690986 0.00428724 0.0152132 0.00693292 0.999967 -0.00281839 -0.0294168 -0.00427798 0.00284663 1.00001 2.46647
0.99992 -0.00673736 0.00658259 0.0470809 0.00675352 0.999976 -0.00413024 -0.0253304 -0.00654337 0.00417604 0.999935 2.35663
1.00002 0.00160258 -0.0079832 0.0643395 -0.00161712 0.999989 -0.00315876 -0.0283225 0.00796709 0.00317022 1.00002 2.31579
0.999964 -0.00576836 0.00106414 0.21075 0.00575616 0.999997 0.000856548 -0.0291265 -0.00105672 -0.000849181 0.999948 2.26176
1.00002 0.00053409 0.000906326 0.0234882 -0.000525233 0.999991 0.000965992 -0.0124777 -0.00091537 -0.000967294 1.00008 2.09017
0.999976 0.00317689 0.00237691 -0.0502879 -0.0031868 1 -2.46569e-05 -0.00622781 -0.00236705 1.80565e-05 0.99992 2.11849
0.999994 -0.00310311 0.00349381 0.0630303 0.00311276 0.999986 4.22296e-05 -0.0182837 -0.00350298 -3.22404e-05 1.00007 2.11616
0.999993 0.000555476 -0.00121745 0.0413706 -0.000566659 1.00001 -0.000941581 -0.00862193 0.00122683 0.000943288 0.999925 2.20961
1.00001 -0.00118904 0.000457251 0.0357385 0.00119914 0.99999 -0.000456639 -0.0218725 -0.000466394 0.000456271 1.00007 2.1535
0.999991 0.000698386 0.000601874 -0.00244574 -0.000709505 1.00001 0.00201075 -0.0189019 -0.000590645 -0.00201047 0.999923 2.16956
1 0.00217363 0.000101049 -0.014207 -0.00216501 0.99999 0.00203782 -0.00762195 -0.000105171 -0.00203842 1.00007 2.00122
0.99997 -0.00375198 0.000534837 0.0893749 0.00374163 0.999995 0.00206585 -0.00842763 -0.000533537 -0.00206339 0.999922 1.93296
1.00002 -0.00320941 0.00328311 0.0512679 0.00322441 0.999989 -0.00184977 -0.026935 -0.00328566 0.00185963 1.00007 1.88868
0.999965 0.00185538 0.00126954 0.0641208 -0.00186064 0.999999 -0.00316903 -0.0231685 -0.0012662 0.00316761 0.999913 1.78296
0.999991 0.0088 -0.00131785 -0.00896866 -0.00879642 0.999948 -0.00312472 0.00434882 0.00128248 0.00313561 1.00007 1.53595
0.999956 -0.00328614 -0.000840075 0.136727 0.00327765 1 4.11728e-05 -0.0117317 0.000848273 -4.35487e-05 0.999925 1.54323
1 0.00709362 0.000440049 -0.0249479 -0.00708493 0.999969 -0.00209048 -0.0100735 -0.000462687 0.00208679 1.00007 1.63092
0.999964 0.00257749 -0.00462431 0.111904 -0.00258607 0.999999 -7.64591e-05 -0.0275285 0.00463324 8.88839e-05 0.999928 1.45687
1.00002 0.00206455 -0.00112259 0.0508203 -0.00205784 1 -0.000915705 -0.0209625 0.00111174 0.000917523 1.00006 1.34007
0.999967 -0.00451416 0.00209012 0.0907198 0.00450279 0.999988 0.00176485 -0.0276049 -0.00208957 -0.00175502 0.999932 1.26749
1.00001 -0.00186583 -8.42347e-06 0.0189365 0.00187343 0.999992 0.00383149 -0.0171662 -7.31251e-06 -0.00383171 1.00005 1.29551
0.999926 -0.00882743 0.00679012 0.0285403 0.00878403 0.999946 0.0052744 -0.0149003 -0.00682804 -0.00521425 0.999907 1.29503
0.999989 0.00256243 -0.00773825 0.0441463 -0.00251148 0.999984 0.0055925 0.00436881 0.00774345 -0.00557293 1.00002 1.27875
0.999974 0.00211067 -0.00210769 0.0865613 -0.00212099 0.999997 -0.00120347 -0.0183651 0.0021133 0.00120855 0.999932 1.17271
0.999946 0.00337513 0.0117598 -0.0802334 -0.00328581 0.999986 -0.00664133 0.00469049 -0.0117893 0.00660112 0.99997 1.39373
0.999978 0.00367461 0.000330375 0.020274 -0.00368421 0.999984 -0.00220259 -0.026307 -0.000332021 0.00220227 0.999949 1.55486
0.999961 0.00669327 -0.00739746 -0.0062542 -0.00668833 0.999985 -0.000706525 -0.0124153 0.00738573 0.000755215 1.00001 1.57036
0.999984 -0.00358603 -0.000444636 0.0136912 0.00357593 0.999986 0.000416063 -0.0161264 0.0004497 -0.000416898 0.999958 1.57871
0.999975 0.000977413 -0.00938346 0.0413057 -0.000950512 1.00001 0.00176766 -0.0132765 0.00937835 -0.00175929 1.00001 1.55921
0.999974 0.000574892 -0.00408463 0.0487738 -0.000594195 0.999992 -0.00233114 -0.0309073 0.00408798 0.00233468 0.999932 1.33724
0.999993 0.00557424 -0.00401252 0.053118 -0.0055603 0.999993 0.000899424 -0.0191066 0.00401193 -0.000877887 1.00005 1.21926
0.999954 0.00746351 -8.0255e-05 0.00984062 -0.00747337 0.999965 0.000855042 -0.0187016 9.12321e-05 -0.000853487 0.999943 1.15497
0.999998 0.00576902 -0.00199957 0.0418255 -0.00575913 0.999992 -0.000600062 -0.0197307 0.00199052 0.000610807 1.00006 1.01752
0.999956 0.00547321 -0.00240997 -0.0526079 -0.00548357 0.999974 0.000160088 -0.0180544 0.00241584 -0.000146082 0.999942 0.937462
0.999981 -0.0066576 0.00638618 0.00560718 0.00666559 0.999993 0.000495995 -0.0155451 -0.00639423 -0.000454257 1.00003 0.950821
0.999967 -0.001125 -0.00438524 0.0440337 0.00112834 0.999982 0.0031806 -0.0154862 0.00438656 -0.00318481 0.999942 0.913186
1.00002 -0.00155294 -0.00181272 0.079389 0.00156842 1.00001 0.00263943 -0.0158919 0.00180387 -0.00264298 1.00004 0.918843
0.999901 -0.000197049 0.0123186 -0.0696045 0.000207421 0.999992 -0.00172577 -0.0158523 -0.0123157 0.00172929 0.999887 0.707204
1.00002 0.00128379 -0.00199014 0.0418634 -0.0012794 1.00001 -0.0027943 0.00758906 0.00198497 0.00279619 1.00004 0.388745
0.999977 -0.00113125 -0.00123047 0.0199722 0.00111983 0.999985 -0.00137019 -0.0127791 0.00123321 0.00136948 0.999953 0.475136
1 -0.00190049 -0.00581064 0.0503851 0.00192205 1.00001 0.0019632 -0.0121674 0.00580503 -0.00197477 1.00003 0.423686
0.999904 -0.00391538 0.0116951 -0.0537752 0.00390531 0.999984 9.75458e-05 -0.0102912 -0.0116949 -5.10463e-05 0.999894 0.425321
1.00002 0.0033248 -0.00158589 -0.0297921 -0.0033133 1.00001 0.000368704 0.00150729 0.00158217 -0.000363482 1.00005 0.113792
0.999957 0.00485207 -0.00235135 -0.061097 -0.00485847 0.999966 0.0018813 -0.0117531 0.00236529 -0.00186986 0.999945 0.0883246
0.999969 -0.00596021 0.00922604 0.0241244 0.00596566 1 0.000650102 -0.00705351 -0.00923621 -0.000595002 1.00001 0.16794
0.999912 0.00362165 -0.0101531 0.00153358 -0.00361064 0.999972 0.00213807 0.000382379 0.0101667 -0.00210138 0.999896 0.232765
1.00003 0.00174552 0.000608173 -0.046605 -0.00173198 1.00003 -0.00164964 0.0112852 -0.0006207 0.00164933 1.00006 -0.0235112
0.999775 -0.00728689 0.0185907 0.03565 0.00739682 0.99993 -0.00647421 0.0337112 -0.0185374 0.00661066 0.999747 -0.153105
0.999948 0.00317677 -0.0121562 0.0383799 -0.00315179 1.00002 0.00111389 0.00190107 0.0121531 -0.00107505 0.999986 -0.16636
0.999938 -0.00217073 0.00877512 -0.0521036 0.00215767 0.999977 0.00028947 -0.000524649 -0.00877178 -0.000270348 0.999887 -0.0582734
1.00001 0.00447612 0.00180639 -0.0754216 -0.00446525 1.00001 -8.6673e-05 0.00453141 -0.00181118 7.85041e-05 1.00007 -0.0725944
0.999977 -8.92591e-05 -0.00130127 0.025464 7.97863e-05 0.999983 -4.34694e-05 0.00578691 0.00130345 4.39116e-05 0.999929 0.0745618
1.00002 0.000755073 5.17304e-06 -0.0153564 -0.000745531 1.00003 -0.000893632 0.000680513 -9.15128e-06 0.000893225 1.00008 -0.0588854
0.999949 0.000200288 -0.00690942 0.0403572 -0.000203096 0.999974 0.000932837 -0.00294984 0.00691258 -0.00093108 0.999893 -0.0242996
0.999931 0.00452014 -0.0128445 0.0507549 -0.00448961 1.00001 0.00168266 0.0121372 0.0128485 -0.00162506 0.99999 -0.0161634
0.999954 -0.00352584 0.00614817 0.0474962 0.00351463 0.99997 0.000354227 0.00157549 -0.00614739 -0.00033208 0.999909 -0.076975
0.999772 -0.00436515 0.0220575 -0.087243 0.00443202 1.00002 -0.00244212 0.00147336 -0.0220549 0.00253957 0.999835 0.144103
0.999973 0.00168676 -0.0023 -0.0108851 -0.00169826 0.999963 -0.000172681 0.00592892 0.00230832 0.000176184 0.999917 0.0877675
1.00001 0.00276617 -0.00111116 -0.0574354 -0.00275599 1.00004 -0.00118948 0.012084 0.00109814 0.00119304 1.00007 -0.020076
0.999923 -0.00378396 0.0104194 -0.0468184 0.00378332 0.999955 -0.000927257 -0.00635549 -0.0104078 0.00096638 0.999879 0.0854525
1.00001 -0.00224432 -0.000903071 0.0530774 0.00225546 1.00003 -0.000146234 0.00292823 0.000894022 0.000144696 1.00006 0.0712847
0.999848 0.00732195 -0.0151191 -0.0149215 -0.00731612 0.999957 0.00104802 -0.00770443 0.0151319 -0.000936953 0.999831 -0.190907
1 -0.00131882 -0.00105553 0.0641116 0.00132776 1.00002 -0.00053016 -0.0116626 0.00105043 0.000528394 1.00006 -0.137271
0.999973 -0.00165804 -0.00632595 0.101544 0.00165672 0.999987 0.00106163 -0.00310042 0.00632662 -0.00107122 0.999925 0.0213303
1 0.000762027 -0.000491963 -0.00918218 -0.0007519 1.00001 0.000916087 -0.00162452 0.000488846 -0.000916045 1.00006 0.0812605
0.999928 0.00343903 -0.0109513 0.0468992 -0.00343905 0.99998 0.000768229 0.00995897 0.0109562 -0.000729772 0.999885 -0.0885117
1 -0.00228002 -0.00265494 0.0643046 0.00228513 1.00001 -0.00133074 0.00606503 0.00265471 0.00132398 1.00006 -0.0232176
0.99998 -0.00379498 0.0027252 0.0426253 0.00378767 0.999976 -0.000440013 -0.0164985 -0.0027208 0.000451058 0.999938 -0.0249863
0.999994 0.00154708 -0.00515701 0.0211612 -0.00153484 1.00002 0.000509942 0.00922029 0.00515407 -0.000502569 1.00005 0.109627
0.999992 -2.66851e-05 -0.000546235 -0.00900456 1.80955e-05 0.999981 0.00149537 -0.00771641 0.000549186 -0.00149474 0.999939 0.0540771
1 0.00315354 0.00279467 -0.0622666 -0.00314251 1.00001 -0.000461837 0.00446657 -0.00279946 0.000452378 1.00006 0.00879558
0.999985 0.00381738 0.00030367 -0.0528609 -0.00382682 0.999974 -0.000830735 0.005072 -0.0003034 0.000830256 0.999937 0.0221289
0.999958 -0.0049905 0.00926448 0.0265582 0.004997 1.00001 0.000588134 -0.00646477 -0.00927381 -0.000541816 1.00004 0.310763
0.999984 -0.00156012 0.00242025 0.011436 0.00154471 0.999973 0.00152773 -0.00370724 -0.00241562 -0.00152411 0.99992 0.307737
1.00001 0.00120376 -0.000489761 -0.00332028 -0.00119054 1.00003 0.00126154 -0.00049784 0.00048237 -0.00126052 1.00008 0.143188
0.999851 -0.00524102 0.0158564 -0.0311856 0.00526223 0.999959 -0.00206496 -0.00971783 -0.0158379 0.00214815 0.999795 0.0868956
0.999968 0.00144526 -0.00959057 0.073197 -0.00144299 1.00003 -0.00125547 -0.00636612 0.00957638 0.00127024 1.00003 -0.0856776
0.999758 0.00975551 -0.0190384 0.00926735 -0.00977266 0.99992 -5.18502e-05 0.00646246 0.0190495 0.000236763 0.999738 -0.0744363
0.999998 -0.00302655 0.00264163 0.0331683 0.00303592 1.00004 0.00219434 -0.00705471 -0.00266084 -0.00218514 1.00007 0.147068
0.99999 0.00156956 -0.0021515 -0.0155779 -0.00158142 0.999956 0.00146887 0.00580449 0.00216643 -0.00146665 0.999918 0.143314
0.999675 -0.00959151 0.0238292 -0.0315145 0.0096612 0.999995 -0.00219236 -0.00479499 -0.0238179 0.00242252 0.999796 0.13216
0.999988 0.00249343 -0.00298518 -0.0220418 -0.00251052 0.999954 -0.000679922 -0.00378935 0.00299631 0.000686272 0.999914 0.115985
0.999993 -0.0035287 0.00278638 0.0398277 0.00354399 1.00004 -4.48936e-05 -0.0115502 -0.00279901 5.59684e-05 1.00008 0.108006
0.99999 -0.00186637 -0.00344321 0.0554119 0.00185596 0.999955 0.00128891 -0.0122495 0.00345369 -0.00129653 0.999917 0.0256956
0.999767 0.00606785 -0.0208951 0.0438969 -0.00597673 1.00001 0.00369656 -0.00377478 0.0209026 -0.00356919 0.999853 0.0400481
0.999983 -0.00245298 0.00566628 -0.00716407 0.00243392 0.999959 0.000706385 -0.0138227 -0.0056554 -0.000693648 0.999912 0.0286344
0.99965 0.00479346 -0.0259903 0.128306 -0.00473844 1.00003 0.00155099 -0.000778451 0.0259813 -0.00142542 0.999737 0.0633187
1 -0.00138607 -0.00138595 0.0255325 0.00137006 0.999959 3.46723e-05 -0.00498845 0.00139988 -3.79102e-05 0.999926 -0.0246994
0.999962 0.00167492 -0.00838331 0.0456196 -0.00164528 1.00004 0.0016104 0.000712728 0.00837145 -0.00159503 1.00004 -0.00441414
0.999727 -0.00600749 0.022683 -0.0300271 0.00598906 0.999948 0.00023439 -0.0158452 -0.0226735 -9.88924e-05 0.999674 0.186306
0.999838 -0.0034367 0.0176336 -0.0712858 0.00344707 1.00004 0.000299721 -0.0152978 -0.0176465 -0.000238267 0.999915 0.0873458
0.999988 0.004961 -0.0021405 -0.0217951 -0.00497922 0.999946 -0.000991038 0.0135919 0.00215025 0.00100097 0.99993 0.11955
0.999976 0.00267214 -0.00614739 -0.00386741 -0.00266787 1.00003 -0.00190326 0.0109188 0.00612728 0.00192037 1.00005 0.120583
0.999992 -0.00605147 -0.00117633 0.0841741 0.00603776 0.999942 0.00121565 -0.0197993 0.00118305 -0.00122341 0.99993 0.0847225
0.999933 0.0033551 -0.0106243 0.00780896 -0.00331786 1.00005 0.00199813 -0.0026214 0.0106144 -0.00196175 1.00002 -0.0467772
0.999967 0.00292867 -0.00868661 0.0303471 -0.00294045 0.999944 0.000516554 0.00810739 0.00870428 -0.000491879 0.999879 -0.0512263
0.999643 -0.0103564 0.0239893 0.0100998 0.0104947 0.99998 -0.00499786 0.0117245 -0.0239492 0.00524815 0.999782 -0.0523285
0.999849 0.00614733 -0.017377 0.0359948 -0.00613334 0.999935 0.00180095 -0.00310777 0.0174051 -0.00169521 0.999758 -0.0279928
0.999981 -0.000321916 0.000557679 -0.00115262 0.000338366 1.00004 -0.000217696 -0.00220628 -0.00057322 0.000218741 1.00009 -0.0166791
1.00002 0.000704008 0.00324298 -0.0350941 -0.00072051 0.999955 5.71776e-05 -0.000932821 -0.00322781 -6.03441e-05 0.99991 -0.0151805
0.999849 0.00228648 -0.0155272 0.0762502 -0.0022457 1.00005 0.00147936 -0.0015484 0.0155072 -0.00144246 0.999975 0.263574
