0.999998 -0.00224621 2.95092e-05 -0.0261319 0.00224651 0.999994 0.00272294 -0.0165892 -3.55096e-05 -0.00272317 0.999996 1.5971
0.999996 -0.00320228 -0.000243017 -0.0552153 0.00320322 0.99999 0.00310629 -0.0243094 0.000233157 -0.00310707 0.999995 3.25912
0.999995 -0.00289787 -0.00154602 -0.0591602 0.00290223 0.999992 0.00249184 -0.0359095 0.00153893 -0.00249682 0.999997 4.82255
0.999999 -0.00223884 0.00105085 -0.145509 0.00223881 0.999998 0.000295711 -0.0191925 -0.0010512 -0.000293488 1 6.42626
0.999998 -0.00227928 0.00160406 -0.189009 0.0022792 0.999996 0.000423637 -0.0359523 -0.00160485 -0.000420514 0.999999 7.97865
0.99999 -0.00395501 -0.00333614 -0.106554 0.00395547 0.999994 4.4418e-05 -0.0445802 0.00333629 -5.78903e-05 0.999997 9.60406
0.999975 -0.00674473 -0.0030436 -0.158518 0.00673918 0.999978 -0.00207617 -0.0421293 0.00305791 0.00205502 0.999998 11.1331
0.999975 -0.00758647 -0.00128558 -0.223344 0.00758273 0.999969 -0.00312535 -0.0465054 0.00130954 0.00311519 0.999998 12.7214
0.99998 -0.00660166 -0.000693864 -0.250675 0.00659965 0.999974 -0.00374119 -0.0691541 0.000719065 0.003736 0.999997 14.2503
0.999992 -0.00464379 0.00163751 -0.267385 0.00464741 0.99999 -0.00205259 -0.136066 -0.00162759 0.00205991 1 15.7472
0.999914 0.0053827 0.0123526 -0.458689 -0.00538999 0.999992 0.000624629 -0.183251 -0.0123487 -0.000691692 0.999929 17.1839
0.999749 0.00916697 0.0205915 -0.585099 -0.0091856 0.999957 0.000835274 -0.187017 -0.0205826 -0.00102443 0.999794 18.8505
0.999591 0.0149228 0.0245558 -0.657927 -0.0149356 0.999894 0.000376153 -0.178342 -0.0245472 -0.000743203 0.999704 20.37
