0.999998 -0.00159812 -0.00176383 0.00222946 0.00159613 0.999999 -0.000972373 -0.00661581 0.00176465 0.000969347 0.999999 0.593123
0.999999 -8.29961e-05 -0.000776097 -0.00931701 8.20764e-05 0.999998 -0.00158423 -0.0118178 0.000776835 0.00158436 0.999997 0.554427
0.999998 2.36943e-05 -0.00219561 0.00182269 -2.8359e-05 0.999999 -0.00193546 -0.000312083 0.00219489 0.0019353 0.999997 0.581192
0.999996 -0.00182228 -0.00198136 0.0019027 0.00181841 0.999995 -0.00217495 -0.00037857 0.00198599 0.00217157 0.999995 0.581425
0.999997 -0.00290918 -0.00153684 0.00203205 0.00290528 0.999995 -0.00219335 -0.00600918 0.00154244 0.00218855 0.999998 0.529176
0.999998 -0.00082948 0.000773295 -0.0576991 0.000830826 0.999999 -0.00105321 0.00402 -0.00077185 0.00105411 0.999999 0.593898
1 0.000339927 0.000110267 -0.0446869 -0.000340452 1 -5.96445e-05 -0.00274774 -0.000110856 5.93289e-05 1 0.586108
0.999998 -0.000305318 0.000769443 -0.0524996 0.000306006 0.999999 -0.00016903 -0.0164779 -0.000768843 0.000169549 0.999999 0.590588
1 0.000999539 -8.36664e-05 -0.0330632 -0.00100029 0.999997 -0.00263819 -0.0144387 8.04701e-05 0.00263797 0.999997 0.610012
0.999998 0.00143114 -0.000470302 -0.0290421 -0.00143226 0.999992 -0.00348397 -0.012613 0.000465877 0.00348494 0.999993 0.616981
1 0.00137505 0.000398683 -0.0537435 -0.0013741 0.999992 -0.00376065 -0.0033511 -0.000404528 0.00375978 0.999993 0.660891
0.999996 0.00245712 0.000691177 -0.0543635 -0.00245634 0.999997 -0.000344244 0.000549371 -0.000691375 0.000342849 1 0.68133
0.999997 0.00253255 0.000118572 -0.0351489 -0.00253381 0.999975 0.00668218 0.000325646 -0.000102378 -0.00668278 0.999978 0.661375
0.999999 0.000636502 -0.00180825 0.0313651 -0.000618443 0.999952 0.009773 0.00727705 0.00181492 -0.00977164 0.999952 0.632792
0.999996 0.000950241 -0.00273591 0.0390972 -0.000934671 0.999983 0.00580388 0.00289392 0.00274066 -0.00580154 0.999978 0.675901
0.999994 0.00272884 -0.00230031 0.0160294 -0.00273201 0.999995 -0.00146645 -0.0103159 0.0022969 0.00147291 0.999997 0.703826
0.999996 0.00261996 -0.0012074 0.00830229 -0.00262764 0.999977 -0.00627807 -0.0268246 0.00119027 0.00628102 0.999978 0.676768
0.999986 -0.000834954 -0.00445455 0.0525062 0.000804089 0.999977 -0.00695374 0.0200646 0.0044608 0.00695023 0.999967 0.725216
1 -0.001598 -0.000852255 0.00504132 0.00159881 0.999997 0.00115879 0.00152608 0.000849681 -0.00116034 0.999997 0.738889
0.999997 -0.00120368 -0.000659267 0.0055889 0.00120974 0.999959 0.00906041 -0.000214841 0.000648971 -0.00906102 0.99996 0.760402
1 -0.000605992 -0.00151609 0.0113962 0.000615778 0.999978 0.00659167 0.00253496 0.0015113 -0.0065928 0.999976 0.802296
0.999995 -0.00102276 -0.00116241 0.0155233 0.00102504 0.999998 0.00180063 -0.00316922 0.00116133 -0.00180162 0.999999 0.797873
1 -0.00170994 -0.000249974 0.00877938 0.00170949 0.999998 -0.0011498 -0.00833772 0.000251178 0.00114921 0.999998 0.797004
0.999996 -0.000644983 0.000451396 0.0076782 0.000646086 0.999998 -0.00204519 -0.00997339 -0.000449295 0.00204567 0.999999 0.803814
1 0.00229754 0.000971681 -0.0163417 -0.00229498 0.999993 -0.00297877 -0.0155149 -0.000979507 0.00297625 0.999994 0.856261
0.999991 -0.00296206 0.00121034 -0.0038492 0.00296884 0.999981 -0.0053496 -0.0092754 -0.0011935 0.00535342 0.999986 0.850412
0.999998 -0.00354907 0.000142613 0.0105361 0.00354956 0.999975 -0.00621579 -0.00782483 -0.000121555 0.00621605 0.99998 0.873195
0.999994 0.000604288 0.00162734 -0.0155081 -0.00059568 0.999987 -0.00499059 -0.00671645 -0.0016295 0.00498969 0.999987 0.92843
1 0.000769712 0.000431149 -0.0081757 -0.000769774 1 -0.00098604 -0.00379831 -0.000432755 0.000985598 0.999998 0.931548
0.999996 -0.000268075 -0.000245103 -0.00895566 0.000268636 0.999999 0.000243045 -0.00252516 0.000245917 -0.000243005 1 0.931521
1 0.000965086 0.00170229 -0.0247875 -0.000964182 1 -0.000793469 -0.0164063 -0.00170395 0.00079166 0.999997 0.939176
0.999993 0.0025097 0.000451809 -0.0156654 -0.00250815 0.999995 -0.00231321 -0.00145995 -0.000456702 0.00231221 0.999999 0.954111
0.999996 0.00403247 -0.00035297 -0.00548692 -0.00403332 0.999991 -0.000944095 -0.00665231 0.000348238 0.000945331 0.999998 0.978071
0.999995 0.00145798 -0.000339658 -0.00423435 -0.00145771 1 -0.000302475 -0.00639374 0.000340117 0.000303151 1 0.956584
1 0.00116302 -8.20537e-05 -0.00993472 -0.00116341 0.999998 -0.000159354 -0.0103941 8.09734e-05 0.000159235 0.999998 0.971192
0.999997 0.00013781 3.65854e-05 -0.00746525 -0.000137565 1 0.000109828 -0.0097303 -3.573e-05 -0.000109644 1 1.002
1 0.00125201 -0.000380231 -0.012537 -0.00125186 0.999998 0.0010924 -0.0110873 0.000380744 -0.00109212 0.999997 1.00153
0.999996 0.000306256 -0.000796907 -0.00179913 -0.000304422 0.999999 0.00198919 -0.0107477 0.00079836 -0.00198873 1 1.00819
1 -0.00035911 -0.00129488 0.00655227 0.000360116 0.999999 0.000959276 -0.0107518 0.00129369 -0.000959945 0.999997 1.01331
0.999996 -0.00054149 -0.000502902 -0.00186936 0.000541161 1 -0.00112557 -0.0102375 0.000504327 0.00112549 1 1.03297
1 0.00104875 -0.000518296 -0.00153867 -0.00104954 0.999998 -0.00101719 -0.00998996 0.000516436 0.00101755 0.999997 1.03547
0.999996 -0.000845601 -0.000775132 -0.00148645 0.000846678 0.999999 0.00106527 -0.0132442 0.000775013 -0.00106584 1 1.06428
1 -0.000712569 -0.000335104 -0.00752263 0.000713243 0.999995 0.00275881 -0.0131404 0.000332309 -0.00275914 0.999993 1.04702
0.999997 0.000328879 -0.000190622 -0.0109722 -0.000328117 0.999995 0.00366327 -0.0124555 0.000192625 -0.00366309 0.999997 1.08787
1 0.000573862 0.000222269 -0.0245286 -0.000574452 0.999995 0.00240219 -0.0162191 -0.000221731 -0.00240244 0.999994 1.07107
0.999997 8.82474e-05 0.000142266 -0.020928 -8.81889e-05 1 0.000701403 -0.0200089 -0.000141324 -0.000701389 1 1.03476
1 -0.000140932 0.000405478 -0.0240454 0.000141682 0.999996 -0.00228965 -0.00406825 -0.000406025 0.00228969 0.999994 1.07208
0.999997 0.000288662 2.12397e-05 -0.0193681 -0.00028844 1 -0.00104632 -0.00728075 -2.06838e-05 0.00104634 1 1.08581
1 -0.000289181 -0.00142037 0.00081619 0.000290331 0.999999 0.000996431 -0.016381 0.00141924 -0.000996878 0.999996 1.09313
0.999995 0.000268161 -0.00151519 0.00194596 -0.000265033 0.999999 0.00189196 -0.0155832 0.00151653 -0.00189153 0.999999 1.0949
1 0.000384297 -0.00108452 0.00046864 -0.000382268 0.999997 0.00209263 -0.0147498 0.00108449 -0.00209223 0.999995 1.09042
0.999995 0.00159157 -0.00103792 0.00014082 -0.00159146 1 -0.00013698 -0.0218073 0.00103857 0.000138644 1 1.09978
1 0.00147732 -0.000424888 0.00311794 -0.001479 0.999992 -0.00341421 -0.0276145 0.000418918 0.00341485 0.999991 1.109
0.999995 0.00151706 -0.000141995 -0.00507063 -0.00151724 0.999995 -0.00315736 -0.0289329 0.000138166 0.00315755 0.999998 1.09905
1 0.000931835 0.000648954 -0.0160341 -0.000931911 0.999998 -0.00021157 -0.0215693 -0.000650139 0.000210984 0.999997 1.06749
0.999994 0.00101766 0.00126674 -0.0244888 -0.00102097 0.999997 0.0027847 -0.0205969 -0.00126289 -0.00278602 0.999998 1.07707
1 0.00121082 0.00046979 -0.0123213 -0.00121208 0.999996 0.00213183 -0.024569 -0.000468209 -0.00213238 0.999994 1.08954
0.999993 -0.00223803 0.00121891 -0.0231349 0.00223563 0.999996 0.00213738 -0.025634 -0.0012227 -0.00213472 1 1.08089
1 -0.000419467 0.001727 -0.0207516 0.000419764 0.999999 -0.000239368 -0.0259883 -0.00172797 0.000240178 0.999995 1.1009
0.999995 -0.000791452 0.00097119 0.000306531 0.000792878 1 -0.00138082 -0.0251508 -0.000969161 0.00138142 1 1.062
1 0.000148059 0.00127706 -0.0370291 -0.000145956 0.999997 -0.00173392 -0.023139 -0.00127839 0.00173382 0.999994 1.12904
0.999996 -0.00117202 0.000184327 0.0197755 0.00117208 0.999997 -0.00269116 -0.0173516 -0.000180528 0.00269099 1 1.02225
1 -0.00148371 0.000131237 0.00415574 0.00148456 0.999992 -0.00336504 -0.0203994 -0.000127162 0.0033656 0.999991 1.07401
0.999995 -0.00146087 -0.00073646 0.0156069 0.00145904 0.999998 -0.00192795 -0.0148888 0.000740185 0.00192651 1 1.09042
1 -0.00194391 -0.000812595 0.0147324 0.00194616 0.999995 0.00228329 -0.0134312 0.000807221 -0.00228451 0.999993 1.0977
0.999995 -0.00217622 -0.000459341 0.0114524 0.00217835 0.999983 0.00560158 -0.00664944 0.000448129 -0.00560292 0.999987 1.09859
1 -0.00238569 8.22584e-05 0.0103212 0.00238572 0.999982 0.00559056 -0.0105732 -9.6717e-05 -0.00559002 0.999982 1.04888
0.999996 -0.00143965 0.00082868 -0.0166442 0.00143854 0.999999 0.000879057 -0.0234038 -0.000828933 -0.000878168 1 1.10963
0.999994 -0.00401426 0.00106825 -0.00416984 0.00401782 0.999986 -0.00306684 -0.013388 -0.00105709 0.00307139 0.999991 1.07586
0.999996 -0.00151567 0.000800868 -0.0181949 0.00151786 0.999995 -0.00306632 -0.0169035 -0.000795098 0.00306729 0.999999 1.07845
1 0.00147227 -0.00118841 0.00605258 -0.00147649 0.999991 -0.00384921 -0.0198015 0.0011816 0.00385112 0.999989 1.1164
0.999996 -0.000146224 0.00119135 -0.0259837 0.000150775 0.999992 -0.00416599 -0.0147906 -0.00118961 0.00416602 0.999994 1.0859
0.999998 0.00222237 0.00207702 -0.0300767 -0.00221863 0.999996 -0.00164399 0.00544043 -0.00208178 0.0016396 0.999994 1.07196
0.999989 0.00391357 0.00115283 -0.0146234 -0.00391669 0.99999 0.00246723 -0.00102472 -0.00114209 -0.00247199 1 1.12023
1 0.00170889 0.0011877 -0.0290016 -0.00171015 0.999996 0.00125048 -0.00487011 -0.00118668 -0.00125227 0.999995 1.09713
0.999998 -0.000758798 -0.000569379 -0.00028441 0.000758323 1 -0.000381053 -0.0018038 0.000570758 0.000380361 1 1.111
1 -0.00193988 0.000531425 -0.0188799 0.00194004 0.999998 0.000210453 -0.00698908 -0.000532957 -0.000209142 0.999996 1.09966
0.999993 -0.00148693 0.0027943 -0.0313385 0.00148899 1 -0.0008238 0.0191288 -0.00279199 0.000827683 1 1.05786
0.999999 -0.00291098 -0.000689327 0.00302671 0.00291169 0.999996 0.000653695 0.00833492 0.000686275 -0.000655471 0.999996 1.09803
0.999995 -0.00165496 0.000622215 -0.0251274 0.00165458 0.999998 0.000116846 0.00397959 -0.000621311 -0.000116082 1 1.08687
1 -0.000639536 0.00132919 -0.0289086 0.0006419 0.999999 -0.00153826 -0.018361 -0.00132936 0.00153937 0.999994 1.07402
0.999997 0.000551217 -0.000586257 -0.0157245 -0.000553641 0.999993 -0.00368978 -0.0205966 0.000585273 0.00368979 0.999998 1.13214
1 0.000108794 -0.00164837 0.00886093 -0.000112267 0.999997 -0.00215914 -0.0145749 0.00164712 0.00215977 0.999992 1.0725
0.999996 0.00150833 0.000166466 -0.0255884 -0.00150867 0.999999 0.00177755 -0.0160618 -0.000162699 -0.00177826 1 1.05907
1 0.000413794 -0.00104929 -0.000512207 -0.000409573 0.999992 0.00378072 -0.0092418 0.00104977 -0.0037798 0.999987 1.089
0.999996 0.00136258 -0.000770815 -0.0120123 -0.00135996 0.999994 0.00369818 -0.0120103 0.000776946 -0.00369759 0.999999 1.07443
1 0.000740458 0.000155122 -0.0220966 -0.000740323 0.999998 0.000460994 -0.0162773 -0.000155917 -0.000460607 0.999994 1.09176
0.999997 3.86208e-05 0.000124392 -0.0181119 -3.85679e-05 0.999999 -0.00217429 -0.0171844 -0.000123348 0.00217376 1 1.07814
1 -0.000211279 0.000520118 -0.0257693 0.000212016 0.999999 -0.00100141 -0.0144209 -0.000520993 0.001002 0.999994 1.0504
0.999997 -0.00114522 0.000267738 -0.0233421 0.00114512 1 -0.000550893 -0.0106884 -0.000266014 0.000550708 1.00001 1.05184
1 -0.000835711 -2.67036e-05 -0.0181815 0.000836032 0.999999 0.000415244 -0.0219228 2.52581e-05 -0.000414749 0.999995 1.04013
0.999996 -0.00131022 0.00074091 -0.0298553 0.00130912 0.999999 0.00114978 -0.0146113 -0.00074131 -0.00114935 1 1.01434
1 -0.000140643 -8.96558e-06 -0.0152977 0.000140908 0.999997 0.00208094 -0.0075148 7.5937e-06 -0.00208039 0.999993 0.982123
0.999996 -0.00129887 -0.000460542 -0.0142441 0.00129877 1 0.00031788 -0.0110419 0.000461184 -0.000319031 1 0.994663
1 -0.00140767 -0.00126739 -0.0203344 0.00140708 0.999999 -0.000430025 -0.00909767 0.00126698 0.000428749 0.999996 0.953974
0.999993 -0.000972295 -0.00269032 -0.0211436 0.000968006 0.999999 -0.00161322 -0.0122372 0.00269288 0.0016101 0.999999 0.953552
1 0.000129546 -0.00245563 -0.0227413 -0.000132439 0.999999 -0.00115829 -0.0153857 0.00245447 0.00115911 0.999993 0.919252
0.999995 -0.000223154 -0.00207244 -0.0283591 0.000223136 1 -0.000100537 -0.0138501 0.0020735 9.9592e-05 1 0.883614
1 0.00103575 -0.00195356 -0.0255066 -0.00103446 0.999999 0.000759096 -0.0141877 0.0019533 -0.000756586 0.999993 0.887738
0.999996 0.000677989 -0.0018359 -0.0323824 -0.000675897 1 0.00101924 -0.0173885 0.00183764 -0.00101849 1 0.855013
1 0.00108487 -0.00197339 -0.0222313 -0.0010814 0.999997 0.00185137 -0.0238964 0.0019743 -0.00184871 0.999991 0.807923
0.999995 0.00140592 -0.00203984 -0.0223485 -0.00140355 0.999999 0.00106114 -0.0199011 0.00204243 -0.00105881 1 0.794712
0.999998 0.00213457 -0.00233567 -0.0135724 -0.00213379 0.999997 0.000405109 -0.0214127 0.00233543 -0.000399579 0.999992 0.767631
0.999991 0.00223879 -0.0025058 -0.0154045 -0.00224153 0.999997 -0.00116529 -0.0251061 0.00250424 0.0011703 1 0.747944
0.999999 0.00173814 -0.00210627 -0.0187109 -0.00174599 0.999992 -0.00357041 -0.0225821 0.00209887 0.00357455 0.999987 0.701535
0.999991 0.00304867 -0.00178226 -0.0218934 -0.00305455 0.99999 -0.00348541 -0.0204869 0.00177277 0.00349032 0.999997 0.678418
0.999998 0.00180861 -0.00260162 -0.000701299 -0.00181686 0.999993 -0.00306325 -0.00817248 0.00259492 0.00306846 0.999987 0.691428
0.999992 0.0025551 -0.00213669 0.018049 -0.00255667 0.999997 -0.000923468 -0.0164337 0.00213542 0.000928375 1 0.637049
0.999999 0.00247562 -0.000977154 0.0299346 -0.00247567 0.999996 0.000381722 -0.0153811 0.00097699 -0.000378764 0.999995 0.625096
0.999989 0.00392375 0.00193963 0.0124037 -0.0039266 0.999992 0.00169199 -0.0183694 -0.00193187 -0.00170014 1 0.616753
0.99999 0.0023056 0.00442045 0.0193553 -0.00231146 0.999996 0.00122724 -0.0142334 -0.00441871 -0.00123686 0.999984 0.593135
0.999987 0.000800134 0.00476467 0.0544535 -0.000810405 1 0.00225419 -0.0162445 -0.00476178 -0.00225855 0.999992 0.548594
0.999974 -0.000349693 0.00742501 0.0500116 0.000331785 0.999995 0.0023516 -0.00837957 -0.0074269 -0.00234863 0.999963 0.523523
0.999952 -0.000316103 0.0096432 0.0498415 0.000307107 1 0.000985988 -0.00739047 -0.00964242 -0.000983428 0.999959 0.519107
0.999942 -0.000745096 0.011014 0.0618698 0.000752204 0.999998 -0.000688901 0.0026836 -0.0110145 0.000697612 0.999935 0.494178
0.99992 0.000136634 0.0124186 0.0660053 -0.000110396 0.999999 -0.00207124 0.00813197 -0.0124178 0.00206921 0.999925 0.478637
0.999896 -0.000880224 0.0145826 0.0840094 0.000944489 0.999988 -0.00443775 0.0124863 -0.0145796 0.0044515 0.999879 0.450147
0.999846 2.61582e-05 0.0174044 0.0961869 7.59823e-05 0.999985 -0.00583473 0.0125753 -0.0174032 0.00583471 0.999837 0.430681
0.999788 -0.00257031 0.0205195 0.0952674 0.002697 0.999976 -0.00617729 0.0161332 -0.0205042 0.00623177 0.999765 0.418506
0.999717 -0.0026405 0.0235291 0.0973283 0.00275179 0.999987 -0.00467247 0.0231359 -0.0235153 0.00473542 0.999718 0.442893
0.999663 -0.00255775 0.0259521 0.103417 0.00263335 0.999991 -0.00290836 0.0202741 -0.0259456 0.0029762 0.999654 0.41088
0.999569 -0.00253579 0.0291589 0.102904 0.00263987 0.999992 -0.00350669 0.0194704 -0.0291486 0.00358166 0.999574 0.406926
0.999447 -0.00274986 0.0332454 0.0951195 0.00284927 0.999992 -0.00296452 0.0157887 -0.0332381 0.00305808 0.999439 0.407108
0.999308 -0.00303093 0.0370055 0.0894775 0.0031145 0.999993 -0.002182 0.0167234 -0.0369976 0.00229525 0.999317 0.428681
0.999206 -0.00248313 0.0398401 0.0737074 0.0026068 0.999992 -0.00307405 0.0197952 -0.0398332 0.00317602 0.999196 0.400293
0.999134 0.000258797 0.0415721 0.075869 -0.000153112 0.999996 -0.00252343 0.00794172 -0.0415715 0.00251435 0.999138 0.389647
0.998987 0.0014033 0.0450214 0.0699371 -0.00133147 0.999998 -0.00164471 0.00568957 -0.0450247 0.00158363 0.998979 0.380472
0.998922 0.000128695 0.0463751 0.0687485 -0.000142724 0.999999 0.000317844 0.00566988 -0.046374 -0.00032464 0.99893 0.369937
0.998889 -0.000426301 0.0471589 0.069674 0.000409928 1 0.000339346 0.00498754 -0.0471601 -0.000319121 0.998881 0.369804
0.998718 -0.00215608 0.0505369 0.0483897 0.00218859 0.999997 -0.000571575 -0.00665106 -0.0505345 0.000680971 0.998728 0.362924
0.998719 -0.00111203 0.0506195 0.0453769 0.00121837 0.999997 -0.00208674 -0.0100508 -0.0506182 0.00214624 0.998709 0.364759
0.998708 0.00044283 0.0507739 0.0451763 -0.000272611 0.999994 -0.00334314 -0.0107986 -0.0507741 0.00332445 0.998711 0.357406
0.998644 0.00241757 0.0520371 0.0442958 -0.00221232 0.99999 -0.00401744 -0.0106124 -0.0520473 0.00389741 0.99863 0.35864
0.998532 0.00587546 0.0538174 0.0452024 -0.00569856 0.999978 -0.00342392 -0.00860358 -0.0538354 0.00311171 0.998552 0.357071
0.998595 0.00519983 0.0527529 0.0759709 -0.00511787 0.999986 -0.00170369 -0.0129443 -0.052762 0.00143175 0.998599 0.365607
0.998562 4.43589e-05 0.0535802 0.0739769 -2.83391e-05 1 -0.000284629 -0.00784164 -0.0535792 0.000282245 0.998571 0.366976
0.99862 -0.0034815 0.0524274 0.0852586 0.00346335 0.999996 0.000423266 0.0129107 -0.0524298 -0.00024059 0.998618 0.382508
0.998519 -0.00029337 0.0543686 0.0757293 0.000177865 0.999996 0.0021427 0.00821466 -0.0543678 -0.00213039 0.998525 0.374463
0.998489 0.000572579 0.0549849 0.0720466 -0.0006823 1 0.00196369 0.00320732 -0.0549852 -0.00199769 0.998479 0.382081
0.998474 -0.000168081 0.0551981 0.0710575 3.3296e-05 0.999995 0.00245578 0.00228793 -0.0551969 -0.00245071 0.998479 0.38818
0.998399 -0.00213185 0.0565502 0.0760936 0.0019108 0.999992 0.00394895 -0.012278 -0.0565596 -0.00383407 0.998385 0.405539
0.998382 0.00338361 0.0567443 0.0547854 -0.00346619 0.999991 0.00136993 -0.00665959 -0.0567376 -0.00156493 0.998394 0.41651
0.998479 0.00397977 0.0550154 0.0538394 -0.00380789 0.99999 -0.00324191 -0.0109016 -0.0550294 0.00302804 0.998474 0.410103
0.998641 0.00166129 0.0520688 0.0605923 -0.00137149 0.99998 -0.0055876 0.00760272 -0.0520755 0.00550802 0.998635 0.417934
0.998873 -0.00235565 0.0474291 0.0654838 0.0024412 0.999998 -0.00176207 -0.00265413 -0.0474264 0.00187642 0.998866 0.40625
0.99911 -0.00560721 0.0417946 0.0630588 0.00566921 0.999981 -0.00134728 -0.000317548 -0.0417846 0.00158244 0.999133 0.429242
0.999359 -0.00661147 0.0351903 0.061285 0.00664361 0.999979 -0.000818702 -0.00582784 -0.0351856 0.00105255 0.999373 0.429845
0.999522 -0.00519975 0.0304665 0.0568087 0.00524365 0.999985 -0.00133546 0.00507891 -0.0304576 0.00149401 0.999543 0.448356
0.999641 0.00414832 0.0265241 0.0351019 -0.00420449 0.999991 0.00203157 -0.0134189 -0.026517 -0.00214187 0.999639 0.496649
0.99966 0.00803016 0.0247727 0.0130721 -0.00813115 0.999957 0.00401118 -0.00998522 -0.0247378 -0.00421176 0.999693 0.510705
0.999704 0.00575664 0.0236683 0.0179112 -0.00586159 0.999975 0.00433298 -0.00619081 -0.0236443 -0.00446993 0.999703 0.506422
0.999756 -0.00395164 0.0217549 0.0421609 0.00391479 0.99999 0.00177686 -0.00225401 -0.0217602 -0.00169179 0.99977 0.507246
0.999766 -0.00836838 0.0199193 0.0421094 0.00839001 0.999965 -0.00104673 -0.0080534 -0.0199114 0.00121416 0.999793 0.528708
0.999832 -0.00588323 0.0173895 0.0369624 0.00591798 0.99998 -0.00189647 -0.00895272 -0.0173765 0.0019985 0.999855 0.536683
0.999904 0.00191738 0.0137337 0.0183824 -0.00182606 0.999975 -0.00673628 0.00575082 -0.013748 0.00671107 0.999875 0.573286
0.999929 0.00382168 0.0113355 -0.00533409 -0.00375821 0.999979 -0.00551742 0.00817076 -0.0113548 0.00547393 0.999929 0.60288
0.999979 -0.00144416 0.00639425 0.0120948 0.001441 0.999997 0.000315846 -0.00619637 -0.00639626 -0.000306208 0.999971 0.610293
0.999979 -0.00551855 0.00321312 0.0132166 0.00551147 0.999983 0.00258638 0.000825268 -0.00322585 -0.00256903 1 0.626085
1 -0.00112796 0.000793085 -0.0191 0.00112633 0.999998 0.000435892 0.00927082 -0.000795077 -0.000434611 0.999992 0.646698
0.999999 4.06556e-05 -0.00143036 -0.0183523 -3.98581e-05 1 -0.000369674 0.00398695 0.00143177 0.00036931 1.00001 0.693114
0.999992 0.00421644 -0.000262101 -0.0379844 -0.00421783 0.999991 -0.000422867 -0.0076312 0.000258774 0.000424392 0.999992 0.711608
0.999997 0.00167307 3.28371e-05 -0.0226552 -0.00167172 0.999996 -0.00233653 0.0146608 -3.51825e-05 0.00233605 1.00001 0.700199
1 0.000142855 -0.00117134 -0.00714429 -0.00014544 0.999999 -0.00108089 -0.000611312 0.00116957 0.00108143 0.99999 0.732258
0.999997 0.000441247 -0.00143519 -0.00224382 -0.000440058 1 -8.02321e-05 -0.000321829 0.00143675 8.04846e-05 1.00001 0.745539
1 0.000710938 -0.000587803 -0.0119038 -0.000711273 0.999998 0.00168764 -0.00889791 0.000587347 -0.00168691 0.99999 0.763898
0.999998 0.000475617 0.000258031 -0.0153363 -0.000474345 1 0.000207554 0.00936867 -0.000256303 -0.000207988 1.00001 0.784957
1 -0.000464541 0.000553466 -0.00364111 0.000462171 0.999998 0.00189169 -0.00489946 -0.00055599 -0.00189112 0.99999 0.770851
0.999995 0.00221584 0.000572658 0.0016036 -0.00221532 0.999996 0.00136848 -0.00291227 -0.000567933 -0.00137006 1.00001 0.791054
1 0.000872008 0.00108327 -0.000404721 -0.000873941 1 0.000573396 0.00053126 -0.00108447 -0.000574029 0.999992 0.795002
0.999995 -0.0018218 0.00133412 -0.00210057 0.00182266 0.999998 0.000278263 0.0293954 -0.00133299 -0.000276178 1.00001 0.80952
1 -0.00114206 0.00179108 -0.0058706 0.0011408 1 1.57919e-05 0.0167306 -0.00179278 -1.33902e-05 0.999992 0.800161
0.999992 0.00257594 0.00182093 -0.00949202 -0.00257268 0.999995 -0.000989524 0.0159839 -0.00182187 0.000984515 1.00001 0.842622
0.999998 0.00285928 0.000301501 -0.000416802 -0.00285889 0.999979 -0.00599461 0.00862587 -0.000320241 0.00599409 0.999974 0.834847
0.999996 0.00161916 0.00132835 -0.00798432 -0.00159617 0.999874 -0.0159533 0.134076 -0.00135251 0.0159506 0.999883 0.806505
1 8.58792e-05 0.00141733 -0.00120795 -8.4331e-05 0.999996 -0.00196571 -0.00154125 -0.00141912 0.00196609 0.999987 0.8157
0.99999 0.00354666 0.00158588 -0.0134903 -0.00354797 0.999994 0.00161153 -0.00300862 -0.0015785 -0.00161756 1.00001 0.845162
0.999999 0.00289194 0.000515862 -0.00242145 -0.00289516 0.999986 0.00386114 -0.00671489 -0.000506406 -0.00386222 0.999982 0.865511
0.999996 0.00127115 -0.000397306 0.00656225 -0.0012677 0.999989 0.00509041 -0.00858066 0.000405402 -0.00509027 0.999997 0.84675
0.999997 0.00335471 -0.000541698 0.00197591 -0.0033533 0.999979 0.0051105 -0.00570533 0.000557208 -0.00510825 0.999976 0.850977
0.999991 0.00346733 -0.000607866 -0.00417381 -0.00346582 0.999996 0.000173479 -0.0011155 0.000610095 -0.000171803 1.00001 0.848526
0.999998 -0.00272628 -0.00135356 0.00423205 0.00271428 0.999964 -0.00780386 -0.00649865 0.0013731 0.00780057 0.99996 0.834236
0.999995 -0.00205463 -0.000460782 -0.0130922 0.00205056 0.999933 -0.0115839 -0.00773161 0.000486297 0.0115825 0.999942 0.832141
1 -0.00106662 0.00040025 -0.0159392 0.00106717 0.999985 -0.0049977 -0.0085886 -0.000396698 0.00499851 0.999979 0.82146
0.999996 -0.00161733 -0.00123646 -0.00692778 0.00162485 0.999989 0.00489892 0.00241373 0.0012303 -0.00490118 0.999997 0.841842
0.999996 -0.00325151 -0.00163216 0.00721239 0.00326201 0.999965 0.00740391 -0.00795303 0.00160629 -0.00740901 0.999961 0.828076
0.999995 -0.00128254 -0.00192847 0.0107315 0.00128912 0.999998 0.00265603 -0.0131642 0.00192679 -0.00265867 1.00001 0.842895
1 -0.000585494 -0.000933949 6.11958e-05 0.000582849 0.999996 -0.00124795 -0.00942097 0.000932906 0.00124757 0.999989 0.833596
0.999994 0.00322934 0.00109387 -0.0109791 -0.00322732 0.999999 -0.000467205 -0.0280219 -0.00109356 0.000463518 1.00001 0.832842
1 0.00104952 0.000655479 0.0051763 -0.00105068 0.999995 -0.000466907 -0.00731856 -0.000657779 0.000466301 0.99999 0.818423
0.999999 -0.000104104 0.00163914 0.000976853 0.000104485 1 0.000682234 -0.0287312 -0.00163746 -0.000682108 1.00001 0.803266
0.999999 0.000959614 0.00132103 0.004723 -0.000961339 0.999995 0.000146639 -0.0279367 -0.00132261 -0.000147816 0.99999 0.806302
0.999993 0.00297687 0.00222901 -0.00529583 -0.00297512 0.999999 -9.82138e-05 -0.0173701 -0.00222753 9.14475e-05 1.00001 0.810618
0.999996 0.00172735 0.00185559 -0.00547969 -0.00173137 0.999994 0.00134288 -0.0181357 -0.00185503 -0.00134591 0.999988 0.80016
0.999997 -0.000386241 0.00264122 -0.0131225 0.000385808 1 0.000727168 -0.00823876 -0.00263974 -0.000726382 1 0.794619
0.999998 0.000434219 0.00142856 -0.000381275 -0.000434908 0.999997 -0.000554979 -0.0126477 -0.00143053 0.000554556 0.999991 0.78536
1 0.000446434 0.00143235 -0.000865288 -0.000443014 1 -0.00137643 -0.0109531 -0.00143124 0.00137558 1.00001 0.781593
0.999998 -0.00108075 0.000759902 -0.00125633 0.00107973 0.999996 -0.000545812 -0.010557 -0.00076102 0.000546838 0.999991 0.781657
0.999999 -0.00163825 0.00115737 -0.00127295 0.00163904 1 0.000576309 -0.0115343 -0.00115659 -0.000574605 1.00001 0.784183
0.999998 -0.00180571 0.000396647 0.00818057 0.00180441 0.999995 -0.000376261 -0.00140907 -0.000397689 0.000377188 0.999991 0.778848
0.999999 0.000752991 0.00174572 -0.0118101 -0.000750484 1 -0.000565866 -0.0089797 -0.00174442 0.000564353 1.00001 0.785723
0.999998 0.00113689 0.000606545 0.00198063 -0.00113841 0.999997 -0.000163118 -0.0061968 -0.000608438 0.000162616 0.999991 0.752533
1 0.000952086 0.000880698 -0.0111058 -0.000951034 1 0.000680598 -0.00869414 -0.000878363 -0.000681566 1.00001 0.742515
0.999998 -0.000340888 -0.000412893 0.00652845 0.000339162 0.999997 -0.000124902 -0.0164758 0.000411256 0.000124841 0.999991 0.721774
1 -0.001274 -0.00130625 0.0040779 0.00127185 0.999998 -0.00290697 -0.013679 0.00131162 0.00290518 1 0.712304
0.999998 0.000447786 -0.000142023 -0.00662652 -0.000449907 0.999992 -0.00314617 -0.0100034 0.000138927 0.00314633 0.999986 0.695859
1 0.00117205 -0.00114951 -0.000788111 -0.00117277 1 -0.00199779 -0.0130766 0.00114887 0.00199904 1.00001 0.710449
0.999997 -0.00175225 -0.000682089 0.00220478 0.00174771 0.999986 -0.0044246 0.0288863 0.000688154 0.00442349 0.999981 0.694734
0.999998 -0.00235409 -0.00051714 0.00177814 0.00235403 0.999996 -0.00301595 0.026227 0.000525945 0.00301465 1 0.708018
0.999995 -0.00257403 -0.0010133 0.00564054 0.00257096 0.999992 -0.00169431 0.0134013 0.00101599 0.00169171 0.999989 0.685956
0.999993 0.00432974 0.000810276 -0.015108 -0.00432782 0.999994 -0.000637504 -0.00526231 -0.000811439 0.000633994 1.00001 0.680474
0.999996 0.00205542 -0.00044541 -0.0138503 -0.0020571 0.999994 -0.000757428 -0.0101861 0.000442297 0.000758325 0.999991 0.693134
1 -0.00222954 -0.00039381 0.000438582 0.00223137 1 0.00147592 -0.0115834 0.000392056 -0.00147684 1.00001 0.676353
0.999998 -0.000799363 9.17004e-05 0.00922715 0.000798073 0.999996 0.000716541 -0.01406 -9.38288e-05 -0.000716439 0.999991 0.670562
0.99999 0.00308274 0.00390952 -0.019063 -0.00308279 0.999999 0.000296692 -0.0115573 -0.00390692 -0.000308768 1 0.680416
0.999975 0.0042151 0.00521163 -0.0065263 -0.00422009 0.999988 0.000712905 -0.0237439 -0.00521026 -0.00073487 0.999977 0.681104
0.999983 -0.00281981 0.00565914 0.00518702 0.00283703 0.999995 -0.0028369 -0.0206701 -0.00564936 0.00285281 0.999988 0.65199
0.999971 -0.00241909 0.00696526 -0.00142247 0.00243577 0.999992 -0.0025475 -0.0123437 -0.00696082 0.00256448 0.999965 0.658324
0.999986 0.000900424 0.00567306 0.0154953 -0.000888185 0.999999 -0.00196479 -0.00269967 -0.00567309 0.00195963 0.99999 0.67534
0.999968 0.00460496 0.00625587 -0.00603713 -0.00460512 0.999988 -0.00017597 0.00142329 -0.00625823 0.000147234 0.999973 0.682954
0.999986 0.000852931 0.00566338 -0.00616591 -0.000852578 1 0.000144763 0.00359214 -0.00566166 -0.000149669 0.999992 0.680112
0.999985 0.00257118 0.00446632 -0.00256395 -0.00256443 0.999994 -0.00177737 0.00402652 -0.00447245 0.0017659 0.999981 0.721242
0.999995 0.00158322 0.00339941 0.000967295 -0.00158028 1 -0.000523285 0.00367255 -0.00339865 0.000517901 1 0.710685
0.999995 0.000139675 0.00231599 0.000284691 -0.000145819 0.999996 0.00214522 0.0063507 -0.00231722 -0.00214555 0.999988 0.705716
0.999998 -0.00229735 0.00150182 -0.00139469 0.00229582 0.999997 0.00182565 0.00715198 -0.00150446 -0.00182218 1 0.709283
0.999998 -0.000612857 0.000467777 0.00559483 0.000611882 0.999998 -0.000380025 0.024964 -0.0004691 0.000380259 0.999993 0.709612
1 0.000156679 0.00114768 -0.00797838 -0.000153718 0.999999 -0.00181209 0.0121161 -0.00114637 0.001812 1 0.752009
0.999994 -0.00244064 -0.00068863 0.0061273 0.00243564 0.999978 -0.00605317 0.014642 0.000701819 0.00605141 0.999975 0.72178
0.999981 -0.00631717 -1.95174e-05 0.00245186 0.00631783 0.99997 -0.00406159 -0.00778683 4.67239e-05 0.00406145 0.999997 0.749488
0.999966 -0.00806381 0.000152784 0.0109171 0.00806357 0.99996 -0.00441264 -0.00965424 -0.000118772 0.00441363 0.999985 0.742311
1 -0.000687937 0.0002565 -0.00044401 0.000689015 0.999996 -0.00157 -0.00535288 -0.000253857 0.00157029 1 0.770736
0.999998 0.00143512 -0.000361747 -0.00578966 -0.0014352 1 0.00182607 -0.00832856 0.000362801 -0.00182562 0.999993 0.755951
1 -0.000614987 -0.000734436 -0.00711355 0.000619826 0.999981 0.00545779 -0.0163709 0.000732637 -0.00545817 0.999991 0.746664
0.999995 -0.00251512 -0.00150839 0.015336 0.00251827 0.999998 0.00258352 -0.0183628 0.00150036 -0.00258737 0.99999 0.769903
1 -0.0002625 -0.000629628 0.0118561 0.000263398 0.999995 0.000290405 -0.0101496 0.000631063 -0.000290579 1.00001 0.760525
0.999998 0.001257 0.00104925 -0.00460169 -0.001257 1 -0.000744938 -0.0175376 -0.00105171 0.000743657 0.999994 0.752418
1 -0.000356313 0.00119613 0.00367473 0.00035898 0.999994 -0.00154264 -0.0021476 -0.00119404 0.00154302 1 0.762918
0.999998 -0.00113947 0.00149911 0.00435109 0.00113909 1 -0.000214801 -0.0114191 -0.00150038 0.000216537 0.999993 0.746919
0.999998 -0.00234638 0.000331498 0.0114494 0.00234759 0.999993 -0.00144056 0.0035564 -0.000326599 0.00144135 1 0.760746
0.999997 0.000666699 0.00217444 -0.00264356 -0.00067144 1 0.00176856 -0.0300491 -0.00217471 -0.00177008 0.999991 0.724764
0.999997 0.00286376 0.00122824 -0.00545059 -0.00286102 0.99999 -0.00153856 0.0101863 -0.0012312 0.00153499 1 0.757366
0.999998 -0.000856381 -0.000170748 0.0103679 0.000855189 1 -0.00179513 -0.0124309 0.000170922 0.00179506 0.999992 0.769301
1 0.00177028 0.000105508 -0.00138513 -0.00176936 0.999996 -0.000732843 -0.00565035 -0.000105443 0.000732592 1.00001 0.7723
0.999997 0.00142715 0.00134213 -0.00712498 -0.00142765 1 -0.000262808 -0.00508085 -0.0013439 0.000260963 0.999993 0.762727
1 -0.000791951 0.00011977 -3.84957e-05 0.000792724 0.999996 0.000768933 0.00989261 -0.000118972 -0.000768894 1.00001 0.76856
0.999997 0.00189625 0.000523803 -0.00451689 -0.00189784 1 0.00141816 -0.00495665 -0.000522546 -0.00141907 0.999993 0.78778
0.999998 0.00239408 0.00105784 -7.52519e-05 -0.00239479 0.999992 0.00147509 -0.00548906 -0.00105289 -0.00147769 1 0.79078
0.999997 -0.000823677 0.00180124 -0.00181471 0.000823535 1 -0.000417529 0.00278247 -0.00180234 0.000418993 0.999993 0.811391
1 -0.000269742 0.00115482 0.00820102 0.000273057 0.999994 -0.00211207 0.0117908 -0.00115277 0.0021124 1 0.787434
0.999996 0.00130691 0.00155446 0.00507205 -0.0013019 0.999996 -0.003787 0.0243635 -0.00156087 0.00378498 0.999986 0.78725
0.999997 -0.00207084 0.00220329 -0.0228087 0.00208725 0.999971 -0.00708213 0.0397482 -0.00218703 0.00708659 0.99998 0.824805
0.999997 -0.00212538 0.000700496 -0.00487014 0.00212877 0.999979 -0.00609613 0.0247738 -0.000689068 0.00609762 0.999973 0.79844
1 -0.00139332 0.000761326 0.00596795 0.00139814 0.999984 -0.00526095 0.00676013 -0.00075252 0.00526195 0.999994 0.832842
0.999996 -0.00254047 -0.000948279 -0.00207949 0.00253845 0.999996 -0.0011794 -0.00777502 0.000949771 0.00117697 0.999991 0.858054
0.999993 -0.00351208 -0.00175286 0.0236286 0.00351309 0.999994 2.71097e-05 0.00273943 0.00175421 -3.32463e-05 1.00001 0.829474
0.999999 -0.000666712 1.59749e-05 -0.00849192 0.000665611 0.999999 0.00142678 -0.007311 -1.84506e-05 -0.00142693 0.999991 0.860728
1 0.000783369 -0.00140021 -0.00351339 -0.000780609 0.999999 0.00111548 -0.00908546 0.00140257 -0.00111422 1.00001 0.831544
0.999995 0.00179589 -0.00174997 -0.0118498 -0.00179353 0.999996 0.00206342 -0.0100694 0.00175214 -0.00206044 0.999988 0.852566
1 -0.000296553 -0.00200023 -0.00647133 0.000303552 0.999996 0.00286066 -0.00810395 0.00200093 -0.00286115 1 0.865219
0.999993 -0.00125135 -0.00286634 0.00326185 0.00125775 0.999996 0.00264229 0.000265851 0.00286147 -0.00264599 0.999984 0.859668
1 0.00161376 -0.0015024 -0.0130795 -0.00161346 0.999999 -0.000582433 -0.0114736 0.00150298 0.000584972 1.00001 0.865982
0.999996 -0.00141919 -0.00127003 -0.0132149 0.00141243 0.99999 -0.00437307 -0.0138169 0.00127471 0.00437118 0.999982 0.858825
0.999999 -0.000394882 -0.00233725 0.00448775 0.000382135 0.999982 -0.00592918 -0.0204949 0.00234106 0.00592833 0.999988 0.835945
0.999995 0.00203252 -0.00166259 -0.0154446 -0.00203841 0.999994 -0.00287714 -0.0207681 0.0016552 0.00288045 0.999987 0.887667
0.999999 0.00105947 -0.00217815 0.000351652 -0.00105217 0.999995 0.00283839 -0.0175316 0.00218264 -0.00283598 1 0.84944
0.999996 -0.000835874 -0.00182187 -0.00394455 0.000840703 0.999994 0.00329871 -0.0210989 0.0018176 -0.00330039 0.999984 0.89094
1 -0.000894985 -0.00149436 0.00309564 0.000898871 0.999998 0.00182525 -0.016231 0.00149423 -0.00182649 1.00001 0.873696
0.999993 -0.00119109 -0.00248906 0.00160271 0.00119052 0.999999 0.000251804 -0.0174717 0.00248724 -0.000254862 0.999988 0.885701
1 -2.67818e-05 -0.00119168 -0.00106595 2.72346e-05 1 -0.000641775 -0.0070952 0.00119319 0.000641837 1.00001 0.870456
0.999992 -0.00291585 -0.00146208 0.00615304 0.00291736 0.999994 0.0019016 -0.0111676 0.00145505 -0.00190604 0.999989 0.851429
0.999999 -0.00217209 -0.00131469 0.000749561 0.00217368 0.999997 0.000256162 -0.0085274 0.00131555 -0.000258839 1.00001 0.866001
0.999996 -0.00189416 -0.000960182 -0.00359698 0.00189092 0.999996 -0.0020258 -0.00163177 0.000962577 0.00202381 0.999989 0.857943
1 -0.00114775 -0.00109222 0.00662648 0.00114516 0.999993 -0.00354817 0.000646258 0.00109769 0.00354703 1 0.839598
0.999993 0.00278808 -0.000945164 -0.0120477 -0.00279193 0.999993 -0.00252022 -0.00342068 0.000936675 0.00252271 0.999988 0.870792
0.999992 0.00474394 -0.000536031 -0.0164825 -0.00474055 0.999983 0.00349627 -0.00638462 0.000554031 -0.00349353 1 0.886595
0.999987 0.00431797 0.000151209 -0.0172402 -0.00431958 0.99999 0.00127526 -0.0125701 -0.000147144 -0.00127604 0.99999 0.869425
0.999996 0.00351728 0.00110681 -0.0123624 -0.00351456 0.999993 -0.00116769 -0.0120056 -0.00110947 0.00116388 1.00001 0.860974
0.99999 0.00354253 0.0014879 -0.0135649 -0.0035366 0.999982 -0.00490719 -0.0176265 -0.0015067 0.00490184 0.999978 0.856994
1 0.000853048 0.000393856 0.00276385 -0.000850608 0.999996 -0.00263686 -0.00815209 -0.000394667 0.00263656 1.00001 0.841493
0.999996 3.01531e-05 -0.00175615 0.0250094 -3.48953e-05 0.999999 -0.00187141 0.00971123 0.00175465 0.00187138 0.999988 0.854855
1 -0.00125493 -0.000326355 0.00523586 0.00125633 0.999999 -5.58132e-05 -0.00723204 0.00032785 5.55031e-05 1.00001 0.846371
0.999996 -0.00111042 6.28129e-05 0.00524324 0.00110912 0.999998 -0.00162402 -0.000298105 -6.24991e-05 0.00162392 0.999989 0.862884
1 2.12706e-06 0.00150603 -0.0101086 3.65426e-06 0.999996 -0.00296306 -0.0176718 -0.00150451 0.00296314 1 0.829803
0.999995 -0.000520072 0.00181082 -0.0224084 0.000523364 0.999996 -0.00254692 0.00863983 -0.00181105 0.00254778 0.999986 0.82399
1 -0.000360658 0.00148466 -0.0127301 0.000364588 0.999999 -0.00174181 0.0101559 -0.00148247 0.00174244 1.00001 0.82421
0.999996 0.00034249 0.00101684 0.0100581 -0.000344492 1 0.000496762 -0.00479959 -0.00101829 -0.000497321 0.99999 0.799554
1 -0.000700331 0.00208791 0.0112835 0.000705163 0.999999 -0.00160041 -0.00982876 -0.00208517 0.00160207 1.00001 0.81014
0.999993 0.000699729 0.00239129 0.0113876 -0.000694141 0.999995 -0.00295614 -0.0109132 -0.00239495 0.00295432 0.999984 0.809963
0.999998 0.00232415 0.00275654 0.00120334 -0.00231862 0.999997 -0.00146367 -0.0135414 -0.00275834 0.00145746 1 0.806078
0.999992 -0.000707149 0.0027419 0.00334641 0.000705075 0.999999 0.000210123 -0.0159252 -0.00274363 -0.000208416 0.999988 0.789375
1 -0.000765617 0.00256816 0.0048588 0.000763495 0.999999 0.00141781 -0.013322 -0.00256766 -0.00141563 1 0.787532
0.999993 -0.00173494 0.00218595 0.00557261 0.00173451 0.999998 -0.000481395 -0.0179672 -0.00218666 0.000484974 0.999989 0.794228
0.999994 0.00412376 0.00148135 -0.0146654 -0.00411434 0.999977 -0.00538924 -0.016013 -0.00150202 0.00538325 0.999993 0.794748
0.999992 0.00264827 0.00133133 -0.00760533 -0.00263976 0.999969 -0.00739758 -0.0161142 -0.00135242 0.00739386 0.999963 0.779441
0.999992 -0.00477584 0.0010357 0.0323599 0.00477904 0.999987 -0.00171435 -0.00929166 -0.00102598 0.00171947 1.00001 0.750663
0.999992 -0.00162456 0.00236085 0.0118186 0.00161819 0.999996 0.00205547 -0.00527191 -0.00236571 -0.00205188 0.999986 0.788793
0.999997 0.00130387 0.00339753 -0.00943964 -0.00132718 0.999973 0.00733291 -0.00863093 -0.00338633 -0.00733708 0.999977 0.792841
0.999995 0.00116847 0.00135405 0.0051799 -0.00117197 0.999998 0.00141222 -0.011355 -0.00135394 -0.00141405 0.99999 0.775551
1 0.000743164 -0.000203361 0.0210959 -0.000742308 0.999992 -0.00383112 -0.00363006 0.000202046 0.00383148 1 0.779496
0.999993 0.00202683 0.00169489 0.00686394 -0.0020213 0.99999 -0.00419007 -0.00870913 -0.0017049 0.00418636 0.999982 0.762551
1 -0.00138647 0.0011096 0.00832141 0.00139316 0.999987 -0.00457633 0.0217748 -0.00110166 0.00457811 0.999997 0.76929
0.999987 -0.00415263 0.00144688 0.0152754 0.00415711 0.999983 -0.00428274 -0.00582601 -0.00143062 0.00428839 0.999981 0.746846
1 -0.000210064 0.00211392 0.00064594 0.00022213 0.999987 -0.00492273 -0.00232684 -0.00211136 0.00492354 0.999994 0.750276
0.999992 0.00139711 0.00291526 -0.00816016 -0.00138939 0.999995 -0.00320691 0.00221998 -0.00292124 0.00320245 0.999982 0.757156
1 2.27421e-05 0.00233783 -0.00229418 -2.57947e-05 0.999998 0.00202338 -0.00582518 -0.00233628 -0.00202301 1 0.747936
0.999981 -0.00356511 0.00435411 0.0143593 0.00354454 0.999985 0.00432977 -0.0147272 -0.0043711 -0.00431473 0.999972 0.715109
0.999988 -0.00165232 0.0053874 0.00860722 0.00164289 0.999997 0.00206888 -0.0211881 -0.00538931 -0.0020596 0.999993 0.745815
0.999978 0.00165648 0.00597731 -0.000602505 -0.00166658 0.999998 0.0014144 -0.0193943 -0.00597646 -0.00142475 0.999972 0.759709
0.999959 0.00154344 0.00920157 -0.00918912 -0.00154423 0.999999 0.000253628 -0.0239378 -0.00919965 -0.000267439 0.999966 0.757352
0.99994 0.0015315 0.0107467 0.00464464 -0.00152582 0.999998 -0.000688589 -0.0156486 -0.0107494 0.000671747 0.999935 0.735403
0.999951 -0.000360777 0.0101804 0.0377443 0.000377774 0.999999 -0.00149911 -0.00498991 -0.0101781 0.00150335 0.999956 0.741773
0.999912 -0.000133347 0.0130715 0.0101169 0.000141034 0.999999 -0.000724481 -0.0115137 -0.0130732 0.000725679 0.999906 0.715566
0.999921 -0.00251135 0.0124613 0.0143159 0.00250667 0.999997 0.000534072 -0.0101964 -0.0124608 -0.000502211 0.99993 0.723741
0.999923 -0.00338241 0.0118355 0.0105207 0.00338463 0.999993 -0.000320866 0.00781959 -0.0118361 0.000360319 0.999923 0.721527
0.99994 -0.00323233 0.0105118 0.0159626 0.00322869 0.999996 0.0005363 -0.00833015 -0.0105118 -0.000501757 0.999952 0.732136
0.999944 -0.00554037 0.00893457 0.0184555 0.00553034 0.999984 0.000938961 -0.0145755 -0.00894134 -0.000890056 0.999953 0.738759
0.999961 -0.00432221 0.00778679 0.0189632 0.00431274 0.99999 0.00146984 -0.0192294 -0.00779135 -0.00143565 0.999975 0.739983
0.999977 -0.000308816 0.00669254 0.00254928 0.000305779 0.999999 0.000177041 -0.0166848 -0.0066943 -0.000175535 0.999971 0.739495
0.999983 -0.00319828 0.00479104 0.00510683 0.00318582 0.999993 0.00300345 -0.00961354 -0.00479893 -0.00298756 0.999992 0.74374
0.999981 -0.00606391 0.00128291 0.0289789 0.00605633 0.999969 0.00451821 -0.012565 -0.00131219 -0.00451092 0.999982 0.701417
0.999979 -0.00657212 0.000144577 0.0248064 0.00657341 0.999976 0.0028941 -0.00529442 -0.000161772 -0.00289252 1 0.729379
0.999996 -0.0027894 0.000519957 0.0123495 0.00278625 0.99999 0.00260033 -0.0195146 -0.000529236 -0.00259948 0.999989 0.694697
0.999996 -0.00266779 -0.000568024 -0.0042632 0.00266643 0.999985 -0.00539937 -0.0087616 0.000584379 0.00539841 0.999993 0.727004
0.999998 0.000641348 -0.00188853 0.00195039 -0.000650093 0.99999 -0.00374801 -0.00666238 0.00188409 0.00374865 0.999984 0.698278
