1.00001 0.000693732 0.0022521 -0.0114039 -0.000689304 1 -0.00132324 -0.0156889 -0.002252 0.0013213 1 1.23687
0.999993 0.000587264 0.00357887 -0.0119507 -0.000582766 0.999999 -0.00126404 -0.0348748 -0.00357959 0.00126195 0.999993 2.47054
1 -0.000399839 0.00383456 -0.0058528 0.000405317 1 -0.00103507 -0.0575825 -0.0038331 0.00103623 0.999999 3.69269
0.99999 -0.00075713 0.00440686 -0.0031422 0.000763767 0.999999 -0.00151391 -0.0758853 -0.00440565 0.00151728 0.999989 4.9242
0.999995 -0.00128199 0.00488942 -0.00588507 0.00129155 0.999999 -0.00164733 -0.096497 -0.00488628 0.00165317 0.999994 6.13795
0.999986 -0.000663889 0.0052155 -0.00802019 0.000676442 0.999997 -0.00239324 -0.124063 -0.00521386 0.00239679 0.999983 7.33347
0.999995 -0.00132518 0.00498655 0.00164305 0.00134078 0.999996 -0.00280851 -0.148104 -0.00498169 0.00281469 0.99999 8.53944
0.999989 -0.00197482 0.00424677 0.00673232 0.00197875 0.999999 -0.000939025 -0.181995 -0.0042448 0.000947414 0.999992 9.72486
0.999997 -0.00282678 0.00368667 -0.00508645 0.00282763 0.999997 0.000223905 -0.210857 -0.00368612 -0.000213998 1 10.9351
0.999989 -0.00446244 0.00163938 -0.0194165 0.00446276 0.999991 -0.000252962 -0.234558 -0.00163811 0.000260266 1 12.159
1 -0.00393423 -0.000679312 -0.0262293 0.00393404 0.999991 -0.00259463 -0.226109 0.000690705 0.00259142 1.00001 13.383
0.999991 -0.00383751 -0.00215411 -0.0373654 0.00383148 0.99999 -0.00273445 -0.257699 0.00216472 0.00272616 0.999996 14.6027
1 -0.00232769 -0.00200898 -0.0639538 0.0023238 0.999995 -0.00270921 -0.285803 0.00201649 0.002704 1 15.8268
0.999996 -0.00234078 -0.00211074 -0.081047 0.00233477 0.999995 -0.00278289 -0.312151 0.00211739 0.00277792 0.999995 17.0391
1 -0.00242149 -0.00251123 -0.0939621 0.00241756 0.999996 -0.00218759 -0.338437 0.00251774 0.00218098 1.00001 18.2683
0.999993 -0.00234746 -0.00323958 -0.101638 0.00233995 0.999996 -0.00227837 -0.358139 0.00324506 0.00227075 0.999994 19.5047
1 -0.0023378 -0.00286459 -0.132855 0.00233129 0.999995 -0.00283901 -0.389456 0.00287245 0.00283181 1 20.7118
0.999993 -0.00215928 -0.00356006 -0.146926 0.00214652 0.999993 -0.00354205 -0.417249 0.00356784 0.00353434 0.99999 21.9162
0.999995 -0.00170808 -0.00518411 -0.15095 0.0016977 0.999998 -0.00231613 -0.454127 0.00518926 0.0023068 0.999996 23.1144
0.999976 -0.00209738 -0.00683988 -0.150917 0.0020818 0.999997 -0.00226015 -0.481844 0.00684477 0.00224583 0.999977 24.3334
0.999972 -0.00180775 -0.00844905 -0.165291 0.00178621 0.999996 -0.00274339 -0.510899 0.0084552 0.0027277 0.999972 25.5438
0.999965 -0.00140724 -0.00842488 -0.198887 0.00139193 0.999999 -0.00180615 -0.537737 0.00842762 0.00179431 0.999965 26.7688
0.999956 -0.00293568 -0.010063 -0.200083 0.00293997 0.999998 0.000248096 -0.564131 0.0100634 -0.000278184 0.999963 28.018
0.99994 -0.00334382 -0.0106336 -0.228702 0.00335068 0.999996 0.000620208 -0.591282 0.010632 -0.000655932 0.999947 29.2153
0.999929 -0.00386928 -0.0121758 -0.239018 0.00386771 0.999995 -0.000272181 -0.609571 0.0121781 0.000224553 0.99994 30.4367
0.999893 -0.00521663 -0.0138437 -0.252075 0.00519735 0.999987 -0.00143247 -0.62564 0.0138515 0.00136027 0.999907 31.6629
0.999894 -0.00416919 -0.0146706 -0.280338 0.00415128 0.999993 -0.00135053 -0.651311 0.0146774 0.00128902 0.999906 32.8667
0.999858 -0.00532372 -0.0161419 -0.300321 0.00529497 0.999986 -0.00182216 -0.663575 0.0161518 0.00173631 0.999872 34.0867
0.999846 -0.00579451 -0.017195 -0.324192 0.00577179 0.999984 -0.00145454 -0.687922 0.0172045 0.00135461 0.999866 35.3038
0.999797 -0.00615804 -0.0192925 -0.339922 0.00614195 0.999983 -0.000890908 -0.719248 0.0192981 0.000772084 0.999818 36.5217
0.99978 -0.00660032 -0.0204211 -0.371265 0.00659004 0.99998 -0.000652084 -0.748651 0.0204263 0.000516857 0.999807 37.7094
0.999753 -0.0075129 -0.0210812 -0.39763 0.00752614 0.999973 0.000554058 -0.783012 0.021077 -0.000712813 0.999782 38.929
0.99975 -0.00687509 -0.0217908 -0.42077 0.0069287 0.999975 0.00230961 -0.814521 0.0217757 -0.00246047 0.999775 40.1438
0.999733 -0.00666773 -0.0222984 -0.448215 0.00675135 0.999972 0.00368676 -0.84302 0.0222738 -0.00383658 0.999749 41.3982
0.999737 -0.00602267 -0.0226238 -0.483594 0.0061153 0.999975 0.00396742 -0.874434 0.0226007 -0.00410521 0.999752 42.6083
0.999726 -0.00514474 -0.0230088 -0.520974 0.00525663 0.999976 0.00481436 -0.904506 0.0229841 -0.00493429 0.999728 43.8273
0.999735 -0.00274602 -0.0233591 -0.552461 0.00292067 0.99997 0.00738963 -0.930965 0.0233395 -0.00745634 0.999715 45.0494
0.999745 -0.00239714 -0.0226368 -0.580271 0.00264745 0.999937 0.011043 -0.952508 0.0226095 -0.0111004 0.999687 46.2692
0.999779 -0.0022149 -0.0214483 -0.610459 0.00252378 0.999896 0.0143225 -0.965829 0.0214158 -0.0143738 0.999683 47.4914
0.999803 -0.00234145 -0.0199182 -0.64819 0.00270618 0.99983 0.0183108 -0.977202 0.0198726 -0.0183615 0.999639 48.7288
0.999832 -0.00239442 -0.0188201 -0.682183 0.00277591 0.999795 0.0201956 -0.982342 0.0187693 -0.0202448 0.999635 49.9332
0.999849 -0.00413556 -0.0171056 -0.71916 0.00446579 0.999805 0.019324 -0.986483 0.0170229 -0.0193978 0.999672 51.1482
0.999879 -0.00381513 -0.0158178 -0.759804 0.00410499 0.999827 0.0182434 -0.996355 0.015747 -0.0183065 0.999724 52.3498
0.999906 -0.00370167 -0.0135313 -0.829696 0.0039528 0.999821 0.0185888 -1.00498 0.0134607 -0.0186408 0.999742 53.5362
0.999941 -0.00379679 -0.0113187 -0.886062 0.00400919 0.99982 0.0186653 -1.00987 0.0112474 -0.01871 0.999777 54.7601
0.999929 -0.00391815 -0.0116665 -0.906465 0.00412607 0.999834 0.0178589 -1.01313 0.0115953 -0.017906 0.999779 55.9741
0.999921 -0.00396442 -0.0128253 -0.935533 0.00420831 0.999814 0.0189245 -1.02188 0.0127496 -0.0189775 0.999754 57.2065
0.999896 -0.00395772 -0.0142275 -0.967622 0.00424913 0.999782 0.0205084 -1.02472 0.0141441 -0.0205671 0.999695 58.4064
0.999898 -0.00413985 -0.0145082 -1.01049 0.00444576 0.999772 0.0210106 -1.02714 0.0144195 -0.0210734 0.99969 59.6241
0.999877 -0.00386146 -0.0155115 -1.03213 0.00417862 0.999784 0.0204537 -1.02097 0.01543 -0.0205164 0.999677 60.8899
0.999871 -0.00316039 -0.0164835 -1.057 0.00351679 0.999765 0.0215388 -1.0349 0.0164131 -0.0215944 0.999649 62.0948
0.999848 -0.00360498 -0.0173585 -1.07622 0.00396372 0.999781 0.0206672 -1.02882 0.017281 -0.0207334 0.999643 63.3166
0.999832 -0.00532212 -0.0182276 -1.09616 0.0056647 0.999812 0.0187054 -1.01578 0.0181263 -0.018806 0.999676 64.5426
0.999787 -0.00711191 -0.019653 -1.1216 0.00749122 0.999789 0.0192871 -1.00935 0.0195125 -0.0194306 0.999628 65.7584
0.999789 -0.00705737 -0.019906 -1.16373 0.00747332 0.999758 0.0208165 -1.00787 0.0197559 -0.0209613 0.999603 66.9598
0.999813 -0.00644779 -0.0185572 -1.21685 0.00680336 0.999796 0.01915 -1.01291 0.0184309 -0.0192731 0.999652 68.1758
0.999839 -0.00483521 -0.0179557 -1.26039 0.0051645 0.999824 0.018247 -1.01354 0.0178659 -0.0183373 0.99969 69.3971
0.999846 -0.00287585 -0.0177006 -1.30827 0.00321081 0.999819 0.0189097 -1.01484 0.0176439 -0.018964 0.999673 70.606
0.999838 -0.002355 -0.0185108 -1.33521 0.00271822 0.999809 0.0195337 -1.0264 0.0184629 -0.0195813 0.999656 71.8115
0.999851 -0.00121768 -0.0176258 -1.37278 0.00160091 0.999766 0.0217305 -1.05268 0.0175962 -0.0217559 0.999618 73.0272
0.999882 -0.000774156 -0.0161107 -1.41497 0.00115864 0.99972 0.0237692 -1.06133 0.0160894 -0.0237855 0.999605 74.2334
0.999909 0.00140134 -0.0139083 -1.44494 -0.00105447 0.999693 0.0248896 -1.05983 0.0139398 -0.0248732 0.999604 75.4339
0.999943 -0.000590703 -0.0117469 -1.46085 0.000858765 0.999746 0.0226874 -1.05697 0.0117321 -0.0226967 0.99969 76.6415
0.999944 -0.00385 -0.0105225 -1.4631 0.00403057 0.999849 0.0171633 -1.05224 0.0104557 -0.0172051 0.999808 77.8566
0.999973 -0.00258311 -0.00853794 -1.47835 0.002733 0.999849 0.017392 -1.05659 0.00849338 -0.0174154 0.999829 79.0434
0.999981 -0.00432489 -0.00589256 -1.48786 0.00444765 0.999776 0.0209283 -1.05553 0.00580157 -0.0209545 0.999775 80.228
1.00001 -0.000907789 0.000187168 -1.53057 0.000905188 0.999777 0.0213624 -1.04771 -0.000204813 -0.021363 0.999788 81.4151
1 0.00162544 0.00306173 -1.51066 -0.0016791 0.999848 0.0177226 -1.02219 -0.00303155 -0.0177282 0.999851 82.6186
0.999987 0.00339362 0.00650082 -1.5022 -0.00347261 0.999923 0.0124278 -1.00415 -0.0064564 -0.0124508 0.999919 83.7978
0.999946 0.00358018 0.0104558 -1.49622 -0.00365862 0.999971 0.00753139 -0.994396 -0.0104276 -0.00756966 0.999929 84.9762
0.999914 0.00351348 0.0137494 -1.48246 -0.00357615 0.999988 0.00465232 -0.989669 -0.0137312 -0.00470181 0.999911 86.1583
0.999852 0.00244017 0.0174142 -1.46816 -0.00252698 0.999991 0.00498753 -0.98341 -0.0174008 -0.00503126 0.999848 87.3332
0.999711 0.00457273 0.0242054 -1.4888 -0.00467694 0.999986 0.00431112 -0.998415 -0.0241837 -0.00442384 0.999713 88.5091
0.999661 0.00391928 0.0259531 -1.44055 -0.00392414 1 0.000155481 -0.992966 -0.0259513 -0.000257746 0.999676 89.6915
0.999625 0.00445663 0.0275764 -1.39578 -0.00439735 0.999994 -0.00215869 -1.02265 -0.0275842 0.00203575 0.999633 90.8423
0.999536 0.0016701 0.0305711 -1.3775 -0.00162813 1.00001 -0.00138404 -1.047 -0.0305723 0.00133315 0.999544 91.9916
0.999459 0.00103085 0.0333348 -1.35333 -0.00103726 1.00001 0.000219145 -1.07105 -0.0333331 -0.000254441 0.99946 93.1572
0.999421 -0.000515371 0.0341998 -1.28963 0.000502515 1.00001 0.000397596 -1.07766 -0.034199 -0.000380676 0.999428 94.3479
0.99938 -0.00228342 0.0355678 -1.24228 0.00221719 1 0.00194254 -1.10135 -0.0355705 -0.00186329 0.999383 95.528
0.999281 -0.00538204 0.0376857 -1.20897 0.00528652 0.999993 0.00264374 -1.115 -0.0376983 -0.00244313 0.999299 96.7117
0.999269 -0.00546231 0.0382562 -1.14608 0.00542514 0.99999 0.00110797 -1.14646 -0.0382599 -0.000900507 0.999284 97.8624
0.999204 -0.00569812 0.0396436 -1.09862 0.00577087 0.999993 -0.00170996 -1.17033 -0.0396319 0.00193678 0.999227 99.0412
0.999211 -0.00468096 0.0398461 -1.04625 0.00483678 0.999987 -0.00378444 -1.19673 -0.039826 0.00397321 0.999216 100.222
0.999175 -0.00169999 0.0407346 -0.992602 0.00180253 1.00001 -0.00246789 -1.21833 -0.040729 0.00253865 0.999182 101.409
0.999246 -0.00190126 0.0391967 -0.948182 0.00196429 1 -0.00153661 -1.24559 -0.0391918 0.0016115 0.999248 102.561
0.999338 -0.00252048 0.0364624 -0.87159 0.00251561 1.00001 0.000202088 -1.27549 -0.036461 -0.000111067 0.999351 103.79
0.999492 -0.00458942 0.0321522 -0.83453 0.00453476 0.999996 0.00183382 -1.29439 -0.0321576 -0.00168837 0.999499 104.905
0.999596 -0.0045848 0.0282782 -0.791112 0.00450272 0.999997 0.00298772 -1.31009 -0.0282896 -0.00285994 0.999612 106.05
0.999722 -0.00438454 0.024067 -0.738714 0.00429808 0.999993 0.00373783 -1.33098 -0.0240797 -0.00363483 0.999724 107.27
0.99984 -0.00422337 0.0179072 -0.698483 0.00415856 0.999996 0.00369056 -1.34718 -0.0179203 -0.00361625 0.999852 108.437
0.999952 -0.00336768 0.0111963 -0.661118 0.00331843 0.999994 0.00462184 -1.38923 -0.0112081 -0.004586 0.999947 109.627
0.999987 -0.00176287 0.00641691 -0.633863 0.00172264 0.999991 0.00634042 -1.40892 -0.00642531 -0.00633008 0.99998 110.888
1.00002 -0.000184707 0.000809941 -0.612048 0.000180428 0.999976 0.00818156 -1.42677 -0.000807762 -0.00818307 0.999987 112.149
0.999999 -0.000971455 -0.00429678 -0.651475 0.00101066 0.99997 0.00903901 -1.4325 0.0042906 -0.00904423 0.999969 113.347
0.999975 -0.00171969 -0.009422 -0.671282 0.00180637 0.999968 0.00895897 -1.43272 0.00941012 -0.0089772 0.999937 114.571
0.999885 -0.00130296 -0.0157911 -0.652335 0.00145229 0.999966 0.00940576 -1.44297 0.0157815 -0.00942872 0.999852 115.856
0.999795 -0.000439574 -0.0212406 -0.745599 0.000663688 0.999956 0.0104509 -1.46294 0.0212395 -0.0104644 0.999743 117.045
0.999695 7.21156e-05 -0.0252394 -0.820805 0.000204234 0.999952 0.0109209 -1.4888 0.0252425 -0.0109245 0.999646 118.409
0.999549 0.000904542 -0.0309005 -0.851116 -0.000590839 0.99996 0.0100957 -1.49688 0.0309128 -0.0100744 0.999501 119.713
0.9994 0.00260477 -0.0349053 -0.889674 -0.00224615 0.999956 0.0102901 -1.49699 0.034934 -0.0102072 0.999362 120.965
0.999246 0.00343846 -0.0393592 -0.924076 -0.00305643 0.999959 0.00971247 -1.50511 0.0393955 -0.00958637 0.999208 122.221
0.999206 0.0049527 -0.0398267 -0.994694 -0.00460806 0.999964 0.0087274 -1.5038 0.0398719 -0.00853868 0.999192 123.511
0.99915 0.00660096 -0.0413668 -1.05805 -0.00624645 0.999954 0.00864548 -1.50174 0.0414265 -0.00838121 0.999138 124.812
0.999168 0.008934 -0.0401307 -1.18161 -0.00858656 0.999937 0.00880666 -1.49987 0.0402103 -0.00845649 0.999181 126.122
0.999173 0.00878016 -0.0404071 -1.25112 -0.00841095 0.999933 0.00924684 -1.50975 0.0404897 -0.00890085 0.999172 127.403
0.999086 0.0130151 -0.0410454 -1.32647 -0.0125523 0.999868 0.0114942 -1.5182 0.041193 -0.0109702 0.999116 128.68
0.999014 0.014128 -0.0427586 -1.36984 -0.0135268 0.999818 0.0142649 -1.51532 0.0429565 -0.0136739 0.999017 129.897
0.998993 0.0126257 -0.0433763 -1.45229 -0.0120624 0.999855 0.0131942 -1.50507 0.0435401 -0.0126595 0.998998 131.205
0.999007 0.0130546 -0.0432624 -1.53341 -0.0125226 0.999854 0.012492 -1.52303 0.0434234 -0.0119393 0.999018 132.492
0.998959 0.00976809 -0.0448982 -1.59172 -0.00915374 0.999878 0.0138428 -1.52889 0.0450315 -0.0134193 0.998923 133.789
0.99886 0.00705024 -0.047821 -1.63088 -0.00631888 0.999873 0.0153785 -1.5274 0.0479276 -0.0150604 0.998769 135.058
0.998817 0.00359913 -0.0488085 -1.69055 -0.00276716 0.999866 0.0170775 -1.52686 0.048867 -0.0169243 0.998689 136.344
0.998771 0.00153582 -0.050137 -1.74893 -0.000623351 0.999846 0.0181637 -1.52531 0.0501615 -0.0181117 0.998608 137.631
0.998724 -0.00279179 -0.0507303 -1.81067 0.00364969 0.999867 0.0168053 -1.53276 0.0506802 -0.016971 0.998598 138.915
0.99865 -0.00577401 -0.052211 -1.86766 0.00659952 0.999868 0.0156065 -1.53132 0.0521183 -0.0159316 0.998547 140.221
0.99856 -0.00694597 -0.0534734 -1.92587 0.0077725 0.999868 0.0152463 -1.53083 0.0533641 -0.015642 0.998479 141.513
0.998552 -0.00670374 -0.0539479 -1.99373 0.00755067 0.999863 0.0154659 -1.52743 0.0538412 -0.0158524 0.998456 142.794
0.998438 -0.00702708 -0.0557089 -2.04625 0.00800367 0.999832 0.0173096 -1.52715 0.0555814 -0.0177304 0.998325 144.088
0.998393 -0.00458836 -0.0570181 -2.10515 0.00565993 0.999822 0.0186053 -1.52311 0.0569269 -0.0188996 0.998232 145.372
0.998435 -0.0046096 -0.0560235 -2.19869 0.00557111 0.999854 0.0170034 -1.51969 0.0559404 -0.0172909 0.998313 146.668
0.998481 -0.00363968 -0.0555087 -2.28212 0.00449098 0.999886 0.0151774 -1.52072 0.0554514 -0.0154052 0.998375 147.965
0.998441 -0.00398504 -0.0559793 -2.35522 0.00468341 0.999927 0.0123347 -1.5236 0.0559295 -0.0125796 0.998385 149.29
0.998426 -0.00538232 -0.0563408 -2.4279 0.00586373 0.999959 0.00834121 -1.53467 0.0562979 -0.00866017 0.998409 150.581
0.9984 -0.00548785 -0.0565684 -2.49992 0.00577672 0.999985 0.00492903 -1.54881 0.056544 -0.00524981 0.998415 151.882
0.998353 -0.0059971 -0.0575603 -2.57325 0.00622757 0.999984 0.00378411 -1.56432 0.0575411 -0.00413812 0.998367 153.182
0.998268 -0.00614468 -0.0587906 -2.64165 0.00637543 0.999986 0.00372304 -1.57702 0.0587705 -0.00409326 0.998292 154.463
0.998199 -0.00560572 -0.0602204 -2.72053 0.00586816 0.999985 0.00414653 -1.5983 0.0602007 -0.00449428 0.998209 155.772
0.998125 -0.00532142 -0.0612504 -2.79425 0.00563468 0.999986 0.00492738 -1.61137 0.0612268 -0.00526519 0.998139 157.05
0.998046 -0.00530209 -0.0627464 -2.86839 0.00564089 0.999981 0.00518925 -1.62435 0.0627221 -0.00553486 0.998049 158.335
0.997905 -0.0049345 -0.0647591 -2.94056 0.0052574 0.999988 0.00480137 -1.6373 0.0647379 -0.00513372 0.997918 159.607
0.997772 -0.0044499 -0.0670383 -3.01651 0.00488579 0.99998 0.00630771 -1.67193 0.0670131 -0.00662295 0.997765 160.857
0.99758 -0.00484526 -0.0695878 -3.09032 0.00541726 0.999967 0.00801872 -1.69726 0.0695499 -0.00837831 0.997572 162.154
0.997624 -0.00426734 -0.0692218 -3.21335 0.00490894 0.999959 0.00906893 -1.72715 0.0691845 -0.00938895 0.997595 163.501
0.997402 -0.00396547 -0.0721425 -3.2842 0.00455715 0.999971 0.00802364 -1.73809 0.0721119 -0.00833365 0.997392 164.757
0.99745 -0.00428308 -0.0716966 -3.40449 0.00480534 0.999976 0.00708643 -1.75488 0.0716688 -0.00741468 0.997437 166.039
0.997299 -0.00324094 -0.0735916 -3.493 0.0039414 0.999963 0.00935864 -1.80518 0.0735617 -0.00962556 0.997276 167.304
0.997134 -0.00412436 -0.0759555 -3.57548 0.00474376 0.999971 0.00795015 -1.8098 0.0759246 -0.00828962 0.997115 168.618
0.996949 -0.00454857 -0.0781289 -3.66865 0.00506853 0.999982 0.00644298 -1.81544 0.0781011 -0.00682146 0.996953 169.927
0.996749 -0.00458295 -0.0808461 -3.75231 0.00513991 0.999979 0.00665936 -1.83042 0.0808179 -0.00705514 0.996742 171.198
0.996614 -0.00472395 -0.0822801 -3.85888 0.00539797 0.999969 0.00795494 -1.8467 0.0822429 -0.0083743 0.996609 172.493
0.996507 -0.00545396 -0.0837285 -3.9691 0.00608048 0.999971 0.00720817 -1.84378 0.0836907 -0.00769401 0.996501 173.779
0.996366 -0.00482678 -0.0852296 -4.08443 0.00550264 0.999971 0.00768147 -1.86165 0.0851929 -0.00812469 0.996364 175.06
0.996264 -0.00402856 -0.0866535 -4.2021 0.00476599 0.99997 0.00828428 -1.87587 0.0866214 -0.00866821 0.996242 176.33
0.996336 -0.00367339 -0.0856497 -4.35258 0.0043542 0.999976 0.0077476 -1.89325 0.085622 -0.00809429 0.996328 177.623
0.996224 -0.00273475 -0.0871768 -4.4581 0.00335662 0.999985 0.00696821 -1.90132 0.0871604 -0.00723641 0.996208 178.882
0.996199 -0.00182567 -0.0872841 -4.58916 0.00249615 0.999984 0.00755639 -1.91655 0.0872718 -0.0077477 0.996188 180.165
0.99623 -0.00208602 -0.0871301 -4.72004 0.00266106 0.999991 0.00646473 -1.93374 0.0871197 -0.00667416 0.996215 181.461
0.996057 -0.00375478 -0.0888309 -4.82039 0.00424922 0.999992 0.00536213 -1.95521 0.0888129 -0.00572055 0.996066 182.755
0.995969 -0.00685881 -0.0898137 -4.92655 0.00735881 0.999975 0.00521961 -1.9665 0.0897795 -0.00586146 0.995984 184.034
0.995774 -0.00584186 -0.0918456 -5.02698 0.00666901 0.999955 0.00868878 -1.98055 0.0917937 -0.00926666 0.995769 185.348
0.995704 -0.00612465 -0.0927568 -5.1386 0.00730959 0.999912 0.0124229 -1.98753 0.0926763 -0.0130494 0.99565 186.645
0.995675 -0.00469174 -0.0929789 -5.26078 0.0058169 0.999928 0.0118198 -1.99521 0.0929197 -0.0123116 0.995632 187.898
0.995664 -0.0030768 -0.0933394 -5.38803 0.00394676 0.999966 0.00911903 -2.00711 0.0933121 -0.00944981 0.995632 189.164
0.995623 -0.00302752 -0.0935993 -5.51233 0.00374278 0.99998 0.00745152 -2.02398 0.0935778 -0.00777129 0.995616 190.403
0.995742 -0.00272689 -0.0925251 -5.65 0.00343802 0.999981 0.00750959 -2.03729 0.0925068 -0.00779763 0.995722 191.651
0.995852 -0.00229666 -0.0911527 -5.78187 0.00309785 0.999973 0.00863281 -2.04827 0.0911333 -0.00888147 0.995834 192.9
0.996072 -0.00150399 -0.0889389 -5.9233 0.00244226 0.999958 0.0104228 -2.05965 0.0889234 -0.010601 0.996024 194.156
0.996153 -0.00117347 -0.0878217 -6.05392 0.00208269 0.999961 0.0102459 -2.0587 0.0878091 -0.0103915 0.996118 195.441
0.996214 -0.000385172 -0.0873516 -6.16222 0.00117807 0.999974 0.00900654 -2.05656 0.0873498 -0.00907731 0.996179 196.695
0.996368 -0.00135626 -0.0853524 -6.28216 0.00202735 0.999984 0.0077597 -2.07121 0.0853435 -0.00790664 0.996355 197.936
0.996552 -0.00119782 -0.0833888 -6.3956 0.00179442 0.999988 0.00705949 -2.09789 0.0833833 -0.00718678 0.996533 199.174
0.996606 -0.0018756 -0.0825255 -6.5001 0.00244654 0.99999 0.00680127 -2.11738 0.0825149 -0.00698218 0.9966 200.423
0.996743 -0.00147551 -0.0810696 -6.60559 0.00211597 0.999982 0.00779338 -2.1385 0.0810606 -0.0079415 0.996719 201.642
0.996915 -0.00288673 -0.0786595 -6.71985 0.00368258 0.99996 0.00995867 -2.15239 0.0786306 -0.0102198 0.996886 202.863
0.996993 -0.00268405 -0.0778987 -6.82154 0.00351684 0.999953 0.0105342 -2.16531 0.0778707 -0.0107785 0.996946 204.078
0.996996 -0.00267337 -0.0776331 -6.91463 0.00350299 0.999954 0.0105375 -2.17619 0.0776045 -0.0107799 0.996961 205.269
0.997061 -0.00235156 -0.0770425 -7.00642 0.00317222 0.999955 0.0105087 -2.18563 0.0770184 -0.0107242 0.997013 206.504
0.997243 -0.00324995 -0.0743874 -7.14776 0.00408746 0.999946 0.0110945 -2.21289 0.0743505 -0.01137 0.997204 207.675
0.997402 -0.00333895 -0.0724512 -7.26482 0.00416411 0.999944 0.0112178 -2.23242 0.0724138 -0.0114923 0.99735 208.916
0.997501 -0.00325885 -0.0708456 -7.3693 0.00406897 0.999944 0.011281 -2.24316 0.0708081 -0.0115432 0.997461 210.119
0.997527 -0.00462376 -0.0706383 -7.46007 0.00538477 0.999945 0.0105627 -2.2458 0.0705897 -0.0109189 0.997487 211.307
0.997434 -0.00461474 -0.071716 -7.52903 0.00546217 0.999934 0.0116119 -2.26187 0.0716607 -0.011976 0.997396 212.467
0.997359 -0.00566214 -0.0728935 -7.60767 0.0065936 0.999915 0.0125216 -2.27421 0.0728205 -0.0129711 0.997302 213.631
0.997209 -0.00649604 -0.0746367 -7.68679 0.0074519 0.99991 0.0125238 -2.28626 0.0745517 -0.0130472 0.99717 214.781
0.997185 -0.00602277 -0.075206 -7.77782 0.00697461 0.999915 0.0123779 -2.30713 0.0751293 -0.0128696 0.997132 215.889
0.997104 -0.00629321 -0.0760424 -7.8701 0.00716491 0.999929 0.0111845 -2.31239 0.0759696 -0.0116991 0.99708 217.002
0.997101 -0.00565979 -0.0763534 -7.95887 0.00657719 0.999925 0.0117466 -2.33157 0.0762853 -0.0122168 0.997053 218.076
0.99692 -0.00653576 -0.0783939 -8.04041 0.00742579 0.999929 0.0110564 -2.33465 0.0783189 -0.0116067 0.996899 219.157
0.996727 -0.00723733 -0.0809592 -8.12659 0.00818901 0.999917 0.011407 -2.33833 0.0808742 -0.0120348 0.996694 220.214
0.996503 -0.00801188 -0.0834089 -8.21696 0.0091489 0.999888 0.013247 -2.35093 0.0832962 -0.0139661 0.996467 221.256
0.996328 -0.00640935 -0.0858245 -8.31615 0.00774792 0.999871 0.0152521 -2.35758 0.0857201 -0.0158632 0.996237 222.349
0.995902 -0.00583015 -0.0904816 -8.37395 0.00724469 0.999874 0.0152973 -2.36426 0.090384 -0.0158925 0.995822 223.325
0.995591 -0.00580153 -0.0940338 -8.47018 0.00710782 0.999901 0.0135428 -2.35015 0.0939504 -0.0141536 0.995522 224.387
0.995214 -0.00570645 -0.0977664 -8.56187 0.00696032 0.999916 0.012474 -2.33814 0.0976898 -0.0130971 0.995173 225.375
0.994986 -0.00604567 -0.100228 -8.67051 0.00756252 0.999883 0.0147416 -2.37856 0.100131 -0.0154278 0.994903 226.313
0.994602 -0.0057631 -0.103811 -8.76824 0.00733727 0.999882 0.0147734 -2.39371 0.103716 -0.0154577 0.994529 227.25
0.994232 -0.0061999 -0.107446 -8.86644 0.00779164 0.999886 0.0143822 -2.40401 0.107348 -0.0151385 0.994155 228.158
0.994014 -0.00622037 -0.109271 -8.98656 0.00780437 0.999889 0.0140586 -2.41713 0.109174 -0.0148296 0.993954 229.035
0.993854 -0.00519657 -0.110941 -9.10579 0.0067928 0.999899 0.0139972 -2.42997 0.110862 -0.0146668 0.993776 229.904
0.993627 -0.00538637 -0.112777 -9.22346 0.00696408 0.999902 0.0135842 -2.4448 0.112695 -0.0142854 0.993569 230.743
0.993421 -0.00410399 -0.1148 -9.33605 0.00572062 0.999909 0.013739 -2.45547 0.114738 -0.0143074 0.993341 231.575
0.993402 -0.00312827 -0.11483 -9.44188 0.00473659 0.999913 0.0137186 -2.45765 0.11478 -0.0141743 0.993332 232.368
0.993501 -0.00303603 -0.114139 -9.54703 0.00467335 0.99991 0.0140629 -2.45971 0.11409 -0.0145069 0.993413 233.161
0.99361 -0.00284729 -0.113024 -9.64513 0.00452386 0.999902 0.0145641 -2.46482 0.112974 -0.0149847 0.993528 233.913
0.99375 -0.00295807 -0.111956 -9.74156 0.00455344 0.999911 0.0139795 -2.47259 0.111909 -0.0144039 0.993662 234.665
0.993874 -0.00456831 -0.110619 -9.83946 0.00604048 0.999916 0.012961 -2.49644 0.110554 -0.0135521 0.993821 235.396
0.993924 -0.00517879 -0.110311 -9.91909 0.00648652 0.999932 0.011482 -2.50878 0.110248 -0.0121298 0.993879 236.13
0.994059 -0.00624308 -0.108864 -10.0107 0.00752291 0.999927 0.0113342 -2.53271 0.108788 -0.0120881 0.994035 236.859
0.994295 -0.00625094 -0.106862 -10.1036 0.00757549 0.999919 0.0119754 -2.55185 0.106783 -0.0127187 0.99425 237.585
0.994572 -0.00648961 -0.104058 -10.2006 0.00780698 0.999913 0.0122416 -2.55933 0.103973 -0.0129898 0.994539 238.313
0.994737 -0.00616502 -0.102681 -10.2718 0.00726765 0.99994 0.0103487 -2.53496 0.102615 -0.0110427 0.994711 239.031
0.994818 -0.00632391 -0.10169 -10.3381 0.00720893 0.999958 0.00832131 -2.51327 0.101637 -0.00901356 0.994825 239.739
0.994856 -0.00683778 -0.101471 -10.3859 0.00753684 0.99997 0.00648877 -2.50014 0.101427 -0.00722243 0.994867 240.43
0.995007 -0.00653598 -0.099827 -10.4489 0.00723847 0.99997 0.00665908 -2.50652 0.0997837 -0.00735073 0.995027 241.143
0.995186 -0.00629426 -0.0982201 -10.4956 0.00716357 0.999959 0.00848118 -2.53269 0.0981668 -0.00914625 0.99518 241.889
0.995346 -0.00619006 -0.0964183 -10.5481 0.0073173 0.999928 0.011323 -2.58033 0.0963444 -0.0119782 0.995322 242.603
0.995735 -0.00504047 -0.0925666 -10.6246 0.00630383 0.999912 0.0133409 -2.61007 0.0924954 -0.0138698 0.995668 243.31
0.996052 -0.00536024 -0.0888799 -10.7001 0.00666177 0.999895 0.0143333 -2.63023 0.088797 -0.0148712 0.995985 243.993
0.996297 -0.00552458 -0.0863157 -10.7588 0.00682702 0.999887 0.01478 -2.64626 0.0862285 -0.0153168 0.996211 244.726
0.996473 -0.00483474 -0.0840627 -10.8152 0.00594196 0.999919 0.0129034 -2.64121 0.0839968 -0.0133598 0.996423 245.414
0.996671 -0.0055559 -0.0818839 -10.8685 0.00657647 0.999924 0.0121778 -2.64243 0.0818142 -0.0126781 0.996621 246.136
0.996786 -0.00466217 -0.0802766 -10.9172 0.00568372 0.999926 0.0124774 -2.64114 0.0802158 -0.012896 0.996741 246.84
0.996984 -0.0044291 -0.0780538 -10.9727 0.00546723 0.999919 0.0130691 -2.64286 0.0779939 -0.0134587 0.996918 247.548
0.997128 -0.00505256 -0.0758823 -11.0271 0.00601584 0.999924 0.0124459 -2.64597 0.075817 -0.0128691 0.997086 248.272
0.997288 -0.00567887 -0.0739844 -11.08 0.00647746 0.999943 0.0105347 -2.64952 0.0739245 -0.0109876 0.997258 248.988
0.997382 -0.00531683 -0.0724484 -11.1351 0.00594747 0.999967 0.00846462 -2.65061 0.0724043 -0.00887576 0.997383 249.708
0.997497 -0.00783792 -0.0709117 -11.1908 0.00835366 0.99996 0.00695409 -2.65619 0.0708586 -0.00753143 0.997512 250.432
0.997452 -0.0114757 -0.0707566 -11.2432 0.0119672 0.999928 0.00650035 -2.66421 0.0706801 -0.00733298 0.997519 251.165
0.997308 -0.0175635 -0.0718307 -11.287 0.0180542 0.999838 0.00616142 -2.67131 0.071715 -0.0074441 0.997452 251.898
0.997295 -0.0170337 -0.0718424 -11.3444 0.0174987 0.99985 0.00582338 -2.68007 0.0717357 -0.00706726 0.997446 252.643
0.997244 -0.0183819 -0.0724771 -11.3944 0.0188054 0.999827 0.00513915 -2.67418 0.0723743 -0.00649035 0.997412 253.387
0.997278 -0.0189379 -0.0716059 -11.4511 0.0191254 0.999836 0.0019106 -2.66001 0.0715612 -0.00327731 0.997479 254.138
0.997269 -0.0231221 -0.0707712 -11.5015 0.0230662 0.99975 -0.00163543 -2.65168 0.0707955 -3.98167e-06 0.997546 254.874
0.997216 -0.0264509 -0.0700832 -11.5569 0.0263287 0.999671 -0.00268895 -2.65439 0.0701345 0.000833815 0.997586 255.654
0.997302 -0.0235727 -0.0701465 -11.6125 0.0237056 0.999736 0.00103733 -2.65885 0.0701077 -0.00269985 0.997591 256.435
0.997417 -0.0204512 -0.0692199 -11.6909 0.0209989 0.999775 0.00716617 -2.67584 0.0690609 -0.00860379 0.997625 257.255
0.997376 -0.0222899 -0.0695338 -11.7388 0.0232261 0.99967 0.0126574 -2.71235 0.0692327 -0.0142415 0.997556 258.057
0.997381 -0.0231791 -0.0688896 -11.7749 0.0239676 0.999677 0.0106152 -2.71862 0.0686245 -0.0122411 0.997617 258.836
0.997894 -0.0220315 -0.0617509 -11.8626 0.0223859 0.999757 0.00502148 -2.7267 0.0616292 -0.00639574 0.998138 259.636
0.998191 -0.0199495 -0.0571599 -11.9287 0.0200691 0.999819 0.00148535 -2.73439 0.0571231 -0.00263226 0.998414 260.455
0.99843 -0.0192904 -0.0534615 -11.9799 0.0194386 0.999829 0.00221622 -2.74881 0.0534135 -0.00325448 0.998627 261.291
0.998593 -0.0205998 -0.049385 -12.0332 0.0208528 0.999794 0.0045734 -2.75846 0.0492839 -0.00559936 0.998819 262.136
0.998697 -0.0231775 -0.0464871 -12.0735 0.0235615 0.999714 0.00768509 -2.76309 0.0462996 -0.00877277 0.998949 262.974
0.99873 -0.0252321 -0.0441999 -12.1066 0.0256394 0.999656 0.00863279 -2.76724 0.0439701 -0.00975772 0.999035 263.819
0.998938 -0.0252314 -0.039753 -12.1652 0.0256111 0.999652 0.00902002 -2.77005 0.0395154 -0.010031 0.999229 264.662
0.999088 -0.0232164 -0.0365643 -12.2132 0.0235073 0.999718 0.007492 -2.78027 0.0363834 -0.00834726 0.999353 265.511
0.999128 -0.0232276 -0.0360361 -12.2239 0.0234334 0.999733 0.00524226 -2.79044 0.0359087 -0.00608458 0.999398 266.361
0.999254 -0.0221472 -0.0324236 -12.2788 0.022321 0.999761 0.0049448 -2.79056 0.0323099 -0.00566745 0.999511 267.193
0.999409 -0.0211204 -0.0288562 -12.3147 0.021316 0.999774 0.00642061 -2.79209 0.0287181 -0.00703421 0.999626 268.05
0.999555 -0.0186056 -0.0243808 -12.3605 0.0187899 0.99982 0.0072683 -2.79333 0.0242448 -0.00772579 0.999726 268.901
0.999657 -0.0173319 -0.021958 -12.3842 0.0174899 0.999845 0.00693684 -2.79795 0.0218384 -0.00732074 0.999798 269.767
0.999728 -0.0169743 -0.017559 -12.4181 0.0170835 0.99986 0.00596731 -2.79996 0.017459 -0.00626822 0.999878 270.623
0.999769 -0.018233 -0.0150211 -12.4306 0.0183131 0.999842 0.00507485 -2.7997 0.0149302 -0.00535109 0.999938 271.502
0.999722 -0.0207049 -0.0134071 -12.4365 0.0207758 0.999796 0.00502739 -2.80183 0.0133041 -0.00530712 0.999947 272.358
0.999701 -0.0226806 -0.0134483 -12.4399 0.0227441 0.999754 0.00443677 -2.80626 0.0133484 -0.00474368 0.999964 273.228
0.999658 -0.0239987 -0.012635 -12.4558 0.0240477 0.999729 0.00358983 -2.80722 0.0125493 -0.003895 0.999964 274.1
0.999679 -0.024536 -0.0117282 -12.4751 0.0245704 0.999717 0.00263528 -2.80822 0.0116643 -0.00292499 0.999992 274.967
0.999661 -0.0247601 -0.0108331 -12.5039 0.0247886 0.999715 0.00232405 -2.81254 0.0107763 -0.00259439 0.999989 275.849
0.9997 -0.024808 -0.00906189 -12.543 0.024826 0.999713 0.00167298 -2.81788 0.00902181 -0.00189989 1.00002 276.721
0.999664 -0.0253276 -0.00919879 -12.5755 0.0253251 0.999704 -0.000603584 -2.81925 0.00921527 0.000367889 1.00001 277.587
0.99967 -0.0256872 -0.00992821 -12.5974 0.0256562 0.999687 -0.00343444 -2.82357 0.0100174 0.00317602 1.00001 278.456
0.999601 -0.0258286 -0.0135228 -12.5939 0.0257584 0.999679 -0.00549105 -2.83332 0.0136642 0.00513805 0.999944 279.33
0.999619 -0.0260986 -0.0133689 -12.6271 0.0260326 0.99967 -0.00523761 -2.8639 0.0135053 0.00488497 0.999961 280.19
0.999638 -0.0244546 -0.0133637 -12.6763 0.0243955 0.999717 -0.00472199 -2.88854 0.0134794 0.00439175 0.999951 281.016
0.999604 -0.0238129 -0.0178048 -12.6646 0.0237421 0.999731 -0.00428727 -2.90766 0.0179064 0.00386029 0.999892 281.879
0.999562 -0.0233769 -0.0195856 -12.6941 0.023273 0.99974 -0.00561652 -2.89313 0.019716 0.00515574 0.999846 282.776
0.9995 -0.0239696 -0.0227588 -12.7354 0.0238783 0.999728 -0.0043691 -2.89663 0.0228617 0.00382087 0.999793 283.648
0.999289 -0.025623 -0.028633 -12.7486 0.0255585 0.999699 -0.00268084 -2.92291 0.028697 0.00194458 0.99964 284.5
0.999121 -0.0259697 -0.0342869 -12.7778 0.0259233 0.999685 -0.00185606 -2.94085 0.0343287 0.000963012 0.999471 285.341
0.99891 -0.0252878 -0.0399202 -12.8038 0.0252412 0.999709 -0.00171715 -2.95501 0.0399558 0.000705095 0.999255 286.186
0.998651 -0.0269651 -0.0454547 -12.8336 0.0269937 0.999661 -2.99151e-05 -2.99427 0.0454444 -0.00119965 0.999028 287.014
0.998436 -0.0273686 -0.049302 -12.8915 0.0273326 0.999653 -0.00144121 -2.99204 0.0493281 8.88568e-05 0.998838 287.799
0.998275 -0.0265314 -0.0533299 -12.9374 0.0263941 0.999671 -0.00331445 -2.99805 0.0534048 0.00189853 0.998632 288.593
0.998055 -0.0258061 -0.0572379 -12.9882 0.0256162 0.999691 -0.00408147 -3.00805 0.0573291 0.00260485 0.998408 289.364
0.997926 -0.0248516 -0.060224 -13.0441 0.0246753 0.999713 -0.00370412 -3.0328 0.0603032 0.00220773 0.99824 290.1
0.997634 -0.0261384 -0.0640241 -13.0971 0.0259467 0.999682 -0.00385236 -3.04851 0.0641081 0.00217959 0.997997 290.826
0.997341 -0.0279035 -0.0680608 -13.1582 0.0276466 0.999631 -0.00474279 -3.0701 0.0681724 0.00284582 0.997733 291.534
0.997032 -0.0264901 -0.0726799 -13.2235 0.0260765 0.999664 -0.00665885 -3.08844 0.0728352 0.00474141 0.997391 292.221
0.996623 -0.024891 -0.0788929 -13.2858 0.0242229 0.999688 -0.00943926 -3.09356 0.0791075 0.00749357 0.996902 292.898
0.995909 -0.024753 -0.0872354 -13.3568 0.0238565 0.999676 -0.0113285 -3.11964 0.0874908 0.00919865 0.996181 293.536
0.994967 -0.0256368 -0.0973845 -13.4269 0.0245038 0.999644 -0.012834 -3.13198 0.0976831 0.0103803 0.995228 294.163
0.993733 -0.0254002 -0.109137 -13.5292 0.0240252 0.99964 -0.0139153 -3.1415 0.109454 0.0112036 0.993988 294.77
0.991915 -0.024444 -0.124936 -13.6498 0.0229713 0.999675 -0.0132315 -3.17449 0.125223 0.0102517 0.992142 295.369
0.989364 -0.0219304 -0.14401 -13.7824 0.020325 0.999739 -0.0126256 -3.20701 0.144251 0.00956193 0.989555 295.967
0.986059 -0.0205632 -0.165445 -13.9401 0.0187032 0.999769 -0.012806 -3.23944 0.165674 0.00953012 0.986204 296.542
0.981718 -0.0199511 -0.189457 -14.1162 0.0178051 0.999782 -0.0130346 -3.26961 0.189678 0.00942063 0.981862 297.11
0.976235 -0.0200468 -0.216031 -14.2807 0.0176517 0.999785 -0.0130215 -3.29158 0.21625 0.00889573 0.976369 297.62
0.969163 -0.0179843 -0.245899 -14.4543 0.0153456 0.999829 -0.0126527 -3.31807 0.246086 0.00848659 0.969275 298.173
0.960046 -0.017931 -0.279456 -14.6214 0.015264 0.999841 -0.0117261 -3.33823 0.279626 0.00698895 0.960156 298.677
0.948909 -0.0170861 -0.315202 -14.7684 0.0143977 0.999865 -0.0108637 -3.34759 0.315344 0.00576789 0.949027 299.113
0.935763 -0.0164738 -0.352381 -14.9542 0.0138457 0.99988 -0.00998433 -3.35187 0.352508 0.0044611 0.935867 299.558
0.920547 -0.0153437 -0.39042 -15.1762 0.0129253 0.999905 -0.00882774 -3.35482 0.390517 0.00307751 0.920659 300.028
0.903144 -0.014805 -0.429194 -15.418 0.0124903 0.999914 -0.00821524 -3.35782 0.429284 0.00205591 0.90324 300.486
0.883382 -0.0148882 -0.468494 -15.6782 0.0126273 0.999916 -0.00797204 -3.36005 0.468571 0.00112401 0.883495 300.933
0.860533 -0.0155493 -0.509248 -15.9576 0.013433 0.999905 -0.00783698 -3.37293 0.509326 -9.96196e-05 0.860649 301.385
0.834288 -0.0159633 -0.551165 -16.2703 0.0139613 0.999899 -0.00783149 -3.39087 0.551231 -0.00116384 0.834426 301.839
0.805384 -0.0164313 -0.592602 -16.6056 0.014894 0.999887 -0.00748704 -3.40861 0.592663 -0.00279905 0.805527 302.274
0.773692 -0.0160588 -0.633417 -16.9306 0.015089 0.999889 -0.0069234 -3.41208 0.633453 -0.00420369 0.773849 302.634
0.739663 -0.0147661 -0.672881 -17.3437 0.0132576 0.99991 -0.00737329 -3.41952 0.672935 -0.00346989 0.739783 302.998
0.702109 -0.0154777 -0.711955 -17.7387 0.0140301 0.999897 -0.00790511 -3.43329 0.711999 -0.00444122 0.702253 303.314
0.661718 -0.0167729 -0.749622 -18.1469 0.0164613 0.999859 -0.00784479 -3.41859 0.749655 -0.00715154 0.661893 303.558
0.617128 -0.0178511 -0.786711 -18.5688 0.0205321 0.999794 -0.00658331 -3.40357 0.786659 -0.0120928 0.617366 303.779
0.568221 -0.0183511 -0.822723 -19.016 0.0236234 0.999728 -0.00598702 -3.38968 0.822616 -0.0160364 0.568492 303.973
0.517766 -0.0151341 -0.855435 -19.4324 0.0202216 0.999807 -0.00545196 -3.37203 0.855344 -0.0144782 0.517971 304.074
0.465703 -0.00933567 -0.88494 -19.8898 0.0128244 0.999937 -0.00380299 -3.36802 0.884924 -0.00958074 0.465787 304.161
0.411827 -0.00573506 -0.911289 -20.328 0.00813299 0.999991 -0.00262086 -3.36825 0.911285 -0.00633489 0.411867 304.208
0.3566 -0.00398186 -0.934294 -20.768 0.00530307 1.00001 -0.00224073 -3.36805 0.934316 -0.00415858 0.356619 304.229
0.301629 -0.00262774 -0.953466 -21.2487 0.00514738 1.00001 -0.00113046 -3.35842 0.95347 -0.00456965 0.301644 304.221
0.246168 -0.000386898 -0.96927 -21.6799 0.00503814 1.00001 0.000877582 -3.34959 0.969287 -0.00510236 0.246169 304.194
0.1896 0.00296447 -0.9819 -22.1502 0.00476666 1.00001 0.00393686 -3.33927 0.981908 -0.00542965 0.189585 304.145
0.13016 0.00562592 -0.991519 -22.5865 0.00515754 0.999993 0.00634834 -3.33157 0.991552 -0.00594307 0.130127 304.078
0.0694652 0.00898769 -0.997586 -23.0425 0.00305536 0.99998 0.00921932 -3.32398 0.997636 -0.00369115 0.0694329 303.981
0.00470843 0.0136974 -0.999937 -23.5004 0.00267033 0.999929 0.0137071 -3.30914 1.00006 -0.00273764 0.00466965 303.913
-0.0603911 0.0198156 -0.998022 -23.9215 0.00145321 0.99983 0.019761 -3.301 0.99823 -0.000259506 -0.0604136 303.809
-0.127333 0.0255855 -0.991572 -24.4051 0.00112005 0.999697 0.0256486 -3.28333 0.991932 0.00215239 -0.127323 303.697
-0.19387 0.0313329 -0.98057 -24.845 0.000735634 0.999521 0.0317904 -3.27033 0.981083 0.00543949 -0.193805 303.56
-0.259314 0.0372696 -0.965118 -25.289 0.00234612 0.999304 0.0379565 -3.26571 0.965862 0.0075755 -0.259219 303.392
-0.322756 0.0409255 -0.945642 -25.7398 0.00467707 0.999148 0.0416422 -3.24767 0.946528 0.00901508 -0.322677 303.193
-0.384785 0.0443997 -0.921986 -26.2096 0.00700529 0.998981 0.045181 -3.24327 0.923054 0.0109233 -0.384701 302.967
-0.442599 0.0463904 -0.895566 -26.6429 0.00996176 0.998881 0.0468162 -3.24195 0.896722 0.011797 -0.44257 302.697
-0.496296 0.04628 -0.866972 -27.078 0.0119336 0.998874 0.0464867 -3.21109 0.868148 0.0127221 -0.496285 302.378
-0.546577 0.0454527 -0.836224 -27.5356 0.0120621 0.998877 0.0464067 -3.17846 0.837382 0.015276 -0.546516 302.029
-0.592404 0.0448839 -0.804448 -27.985 0.0128642 0.998874 0.0462551 -3.14195 0.805619 0.0170501 -0.592307 301.667
-0.631969 0.0452709 -0.773722 -28.4424 0.0132877 0.998806 0.0475843 -3.11101 0.77494 0.0197886 -0.631821 301.252
-0.668189 0.0487857 -0.742455 -28.8877 0.017437 0.998628 0.0499222 -3.07802 0.743872 0.0204083 -0.668115 300.812
-0.702745 0.053885 -0.709454 -29.2882 0.0224869 0.998339 0.053549 -3.04394 0.711149 0.0216757 -0.702795 300.34
-0.737695 0.0569751 -0.672798 -29.7353 0.0263403 0.99813 0.0556407 -2.98912 0.67471 0.0233212 -0.737807 299.833
-0.769836 0.0568287 -0.635767 -30.1708 0.0270247 0.998064 0.0564854 -2.94457 0.637735 0.026301 -0.769887 299.28
-0.799492 0.0531541 -0.598403 -30.5861 0.0264233 0.998252 0.0533646 -2.90304 0.600193 0.0268498 -0.799489 298.702
-0.824929 0.0518416 -0.562922 -30.9574 0.0285673 0.998363 0.050075 -2.88126 0.564587 0.025225 -0.825065 298.067
-0.847901 0.0477431 -0.528096 -31.3105 0.0277885 0.998596 0.045658 -2.84444 0.529533 0.0240355 -0.848027 297.384
-0.868609 0.0450704 -0.493522 -31.6663 0.0279984 0.998755 0.0419278 -2.80668 0.494788 0.0225989 -0.868794 296.656
-0.887578 0.0438451 -0.458678 -31.9774 0.0279287 0.998777 0.0414237 -2.77084 0.459932 0.0239535 -0.887706 295.928
-0.905635 0.0407405 -0.422188 -32.3132 0.0256372 0.998841 0.0413872 -2.74747 0.423376 0.0266559 -0.905635 295.108
-0.921631 0.0406677 -0.386066 -32.5926 0.0271082 0.998838 0.0404967 -2.71455 0.387262 0.0268545 -0.921651 294.296
-0.93696 0.0430678 -0.346881 -32.8957 0.0304255 0.998689 0.0418058 -2.68987 0.348219 0.0286142 -0.937048 293.442
-0.950233 0.0465967 -0.308205 -33.1525 0.0351206 0.998497 0.0426719 -2.66237 0.309728 0.0297209 -0.95043 292.589
-0.960913 0.0484665 -0.272713 -33.3496 0.0373784 0.998284 0.0457027 -2.63415 0.274452 0.0337209 -0.961081 291.659
-0.970129 0.0519595 -0.237184 -33.542 0.041698 0.998 0.0480686 -2.61266 0.239203 0.0367398 -0.970343 290.687
-0.978131 0.0522782 -0.201506 -33.7032 0.04341 0.997923 0.0481716 -2.58195 0.203599 0.0383689 -0.978374 289.729
-0.984688 0.0507917 -0.167091 -33.8885 0.0437799 0.998038 0.0453681 -2.54848 0.169062 0.0373554 -0.984967 288.662
-0.989767 0.0491825 -0.134241 -34.0154 0.0438149 0.998158 0.0426342 -2.51538 0.136084 0.0363142 -0.990103 287.617
-0.993577 0.0486112 -0.102717 -34.1074 0.0444066 0.998124 0.0428041 -2.48238 0.1046 0.0379651 -0.993858 286.564
-0.996365 0.0471166 -0.071517 -34.1631 0.0441129 0.99813 0.0429808 -2.44558 0.073403 0.0396677 -0.996585 285.507
-0.99811 0.0461005 -0.0419812 -34.2233 0.0443913 0.998212 0.0407157 -2.38662 0.0437774 0.0387724 -0.998359 284.328
-0.998909 0.0455281 -0.013779 -34.263 0.0449473 0.998228 0.0397158 -2.34166 0.0155583 0.039051 -0.999189 283.17
-0.99911 0.0424781 0.00961225 -34.2089 0.0428373 0.998262 0.0411912 -2.30586 -0.00785162 0.0415635 -0.999179 282.04
-0.998659 0.0410911 0.032812 -34.1587 0.0424446 0.998254 0.0417557 -2.26401 -0.031043 0.0430901 -0.998663 280.857
-0.997897 0.0388561 0.0529919 -34.082 0.0410363 0.998356 0.0407406 -2.22377 -0.0513276 0.0428268 -0.997838 279.634
-0.996994 0.0340258 0.0701957 -33.987 0.0368011 0.998603 0.0386621 -2.18636 -0.0687857 0.0411269 -0.996857 278.413
-0.996248 0.0295123 0.0820799 -33.8731 0.0326756 0.998792 0.0374941 -2.14542 -0.0808799 0.0400325 -0.995996 277.187
