0.999998 -0.00159812 -0.00176383 0.00222946 0.00159613 0.999999 -0.000972373 -0.00661581 0.00176465 0.000969347 0.999999 0.593123
0.999995 -0.00168391 -0.00253739 -0.00804656 0.00167745 0.999995 -0.00255784 -0.0189875 0.00254156 0.00255356 0.999993 1.14752
0.999988 -0.00166512 -0.00472972 -0.00769806 0.00164347 0.999989 -0.00449697 -0.0207832 0.00473636 0.0044889 0.99998 1.72871
0.999971 -0.00349764 -0.00670742 -0.00854473 0.00345292 0.999972 -0.00667512 -0.0237732 0.00673045 0.00665177 0.999955 2.31013
0.999948 -0.0064214 -0.00823653 -0.0100411 0.00634782 0.999942 -0.00887371 -0.0333076 0.00829213 0.00882061 0.999929 2.83926
0.999946 -0.00725951 -0.0074565 -0.0726547 0.00718543 0.999926 -0.00992194 -0.0349241 0.00752764 0.00986775 0.999924 3.43267
0.999951 -0.00692005 -0.00734581 -0.12169 0.00684611 0.999928 -0.00998079 -0.0438081 0.00741345 0.00992963 0.999925 4.01837
0.999953 -0.00722659 -0.00657523 -0.178411 0.00715976 0.999923 -0.0101445 -0.0665388 0.00664769 0.0100969 0.999928 4.60836
0.99996 -0.00624443 -0.00663981 -0.215379 0.00615874 0.999901 -0.0127831 -0.0874013 0.00671806 0.0127413 0.999898 5.21796
0.999964 -0.00483643 -0.00708829 -0.248438 0.00472065 0.999857 -0.0162695 -0.108079 0.00716563 0.0162354 0.999844 5.83453
0.999974 -0.00348804 -0.00667139 -0.306848 0.00335332 0.999795 -0.0200276 -0.122436 0.00673885 0.0200043 0.999779 6.49487
0.999983 -0.00103326 -0.00597903 -0.365757 0.000911322 0.999793 -0.0203695 -0.135714 0.00599847 0.0203636 0.999776 7.1757
0.999983 0.00153923 -0.00586723 -0.40486 -0.00161989 0.999906 -0.0136881 -0.148892 0.0058445 0.013697 0.999891 7.83672
0.999971 0.00223298 -0.00766012 -0.377197 -0.00226311 0.999991 -0.00391247 -0.150329 0.00765074 0.00392946 0.999967 8.46973
0.999944 0.0032276 -0.0103828 -0.343272 -0.00320849 0.999995 0.00189764 -0.150168 0.0103876 -0.00186467 0.999947 9.14592
0.999905 0.00594097 -0.0126877 -0.334585 -0.0059361 0.999983 0.000438575 -0.159199 0.0126894 -0.000363488 0.999923 9.84989
0.99987 0.00848085 -0.013932 -0.335029 -0.00856316 0.999947 -0.00583223 -0.185776 0.0138805 0.0059503 0.999888 10.5267
0.999801 0.00754898 -0.0184445 -0.292464 -0.00778501 0.999891 -0.0127473 -0.170392 0.0183454 0.012888 0.999752 11.2527
0.999798 0.00597268 -0.0192878 -0.30104 -0.00619721 0.999915 -0.0115819 -0.178324 0.0192155 0.0116986 0.999749 11.9915
0.999789 0.00494376 -0.0198921 -0.31012 -0.00499507 0.999986 -0.00251774 -0.18738 0.0198784 0.00261626 0.999802 12.7518
0.999765 0.00446893 -0.0213748 -0.314673 -0.00438312 0.999983 0.00408147 -0.186922 0.021391 -0.00398734 0.999765 13.5542
0.99974 0.0034849 -0.0225288 -0.316222 -0.00335334 0.999978 0.00588716 -0.186903 0.0225479 -0.0058104 0.999732 14.3522
0.999742 0.00174951 -0.0227827 -0.325429 -0.00164241 0.999989 0.00473821 -0.190578 0.0227891 -0.00470004 0.999731 15.1493
0.99975 0.00105808 -0.022335 -0.336084 -0.000998458 0.999997 0.0026923 -0.196755 0.0223368 -0.00266961 0.99975 15.9531
0.99977 0.00328857 -0.0213666 -0.371562 -0.00329607 0.999996 -0.000287449 -0.209948 0.0213637 0.000357232 0.999774 16.8088
0.999796 0.000212748 -0.0201738 -0.393612 -0.000326865 0.999986 -0.00564101 -0.219455 0.0201714 0.00564615 0.999784 17.659
0.999798 -0.003461 -0.0200321 -0.400695 0.00322333 0.999927 -0.0118566 -0.232209 0.0200698 0.0117891 0.999732 18.5321
0.999826 -0.00295674 -0.0183876 -0.434775 0.002647 0.999856 -0.0168415 -0.249983 0.0184336 0.0167895 0.999693 19.4599
0.99984 -0.00220529 -0.0179536 -0.460067 0.00188463 0.999842 -0.0178262 -0.269491 0.0179882 0.0177889 0.999682 20.391
0.999831 -0.00246896 -0.0181992 -0.48574 0.00214884 0.999845 -0.0175837 -0.288638 0.0182387 0.0175412 0.999684 21.322
0.999867 -0.00151844 -0.0164952 -0.527575 0.00121477 0.999833 -0.0183733 -0.32161 0.0165184 0.0183502 0.999697 22.2601
0.999871 0.000952789 -0.0160399 -0.558974 -0.00128458 0.999788 -0.0206856 -0.340619 0.0160157 0.020703 0.999662 23.2137
0.999857 0.00496957 -0.0163937 -0.580155 -0.00532425 0.999754 -0.021629 -0.367494 0.0162803 0.0217124 0.999634 24.1912
0.99984 0.00642237 -0.0167348 -0.600102 -0.00678893 0.999739 -0.0219296 -0.394554 0.0165885 0.0220392 0.999624 25.1472
0.999834 0.00758253 -0.0168179 -0.626355 -0.00795384 0.999726 -0.0220883 -0.426176 0.0166439 0.0222176 0.999617 26.1176
0.99983 0.00772216 -0.0167805 -0.650744 -0.00809055 0.999728 -0.0219788 -0.457976 0.016605 0.0221104 0.999622 27.1189
0.999816 0.00899227 -0.0171522 -0.680171 -0.00935045 0.99974 -0.0208836 -0.490972 0.016958 0.0210394 0.999637 28.1196
0.999796 0.00933257 -0.017931 -0.699359 -0.00967144 0.999777 -0.0188875 -0.522754 0.0177496 0.0190565 0.999665 29.1272
0.999779 0.00899073 -0.0192166 -0.711078 -0.00933586 0.999798 -0.0179158 -0.552706 0.0190498 0.0180905 0.999657 30.1401
0.99977 0.00842773 -0.0197296 -0.732889 -0.00880381 0.999783 -0.0190365 -0.581431 0.0195636 0.0192053 0.999629 31.1725
0.999754 0.00945616 -0.0202563 -0.754941 -0.00986298 0.999752 -0.0200489 -0.611117 0.0200598 0.020243 0.999596 32.2073
0.999742 0.00863235 -0.0210212 -0.778111 -0.009032 0.999781 -0.0189762 -0.64568 0.0208515 0.0191606 0.999604 33.2709
0.999745 0.00797792 -0.0213322 -0.807754 -0.00832525 0.999835 -0.0162149 -0.678618 0.0211975 0.0163876 0.999643 34.3171
0.999734 0.00838482 -0.0214935 -0.84203 -0.00865641 0.999887 -0.0125506 -0.70862 0.0213846 0.0127327 0.999696 35.4041
0.999737 0.00901012 -0.021251 -0.889709 -0.00922804 0.999907 -0.0101505 -0.738068 0.0211556 0.0103432 0.999725 36.4741
0.999737 0.00911327 -0.0211026 -0.932802 -0.00931476 0.999915 -0.00945051 -0.768385 0.0210134 0.00964386 0.999739 37.5079
0.99975 0.00892402 -0.0207179 -0.979501 -0.00916928 0.999891 -0.0117437 -0.782361 0.0206089 0.01193 0.999719 38.5792
0.999744 0.00919093 -0.0207061 -1.02143 -0.00945742 0.999876 -0.0127901 -0.802214 0.0205847 0.012982 0.99971 39.6642
0.99972 0.00892245 -0.0221168 -1.04339 -0.0091853 0.99989 -0.0117803 -0.832582 0.0220074 0.0119794 0.999689 40.7568
0.999679 0.00923236 -0.0236147 -1.0658 -0.00946813 0.999909 -0.00987464 -0.86108 0.0235201 0.0100943 0.999678 41.8513
0.999653 0.00966591 -0.0246794 -1.09122 -0.0098611 0.999923 -0.00777188 -0.8866 0.0246005 0.00801178 0.999668 42.9412
0.999607 0.0112535 -0.0257184 -1.11843 -0.0114605 0.999906 -0.00789864 -0.916955 0.0256258 0.00818953 0.999644 44.0404
0.999582 0.0126423 -0.0261813 -1.14415 -0.0129426 0.999854 -0.0113076 -0.953362 0.0260326 0.011641 0.999597 45.1489
0.999554 0.014076 -0.0263631 -1.17836 -0.0144612 0.999793 -0.0144626 -0.994653 0.0261529 0.0148367 0.999554 46.247
0.999562 0.0150018 -0.0257173 -1.22283 -0.0153835 0.999775 -0.0146835 -1.03142 0.0254893 0.0150719 0.999564 47.3133
0.999574 0.0160907 -0.0244093 -1.27532 -0.0163856 0.999797 -0.0119189 -1.06746 0.0242114 0.012313 0.999637 48.389
0.999569 0.017353 -0.0239053 -1.31462 -0.0175919 0.999799 -0.00979511 -1.1048 0.0237286 0.0102107 0.999669 49.4775
0.99963 0.0151669 -0.0226498 -1.36403 -0.0153447 0.999855 -0.00767961 -1.14061 0.0225289 0.00802349 0.999721 50.5572
0.999678 0.0147421 -0.020927 -1.41011 -0.0149117 0.999858 -0.0079454 -1.17473 0.0208049 0.00825414 0.999752 51.6572
0.999705 0.013922 -0.0199765 -1.43239 -0.0141112 0.999859 -0.00934053 -1.20832 0.0198424 0.00961875 0.999764 52.7187
0.999731 0.0140353 -0.0187238 -1.49229 -0.0142452 0.999838 -0.0110922 -1.24148 0.018563 0.0113551 0.999766 53.8465
0.999748 0.0128132 -0.0185774 -1.4919 -0.0130713 0.999823 -0.0137855 -1.27045 0.0183957 0.0140236 0.99974 54.8687
0.999772 0.0112672 -0.0184891 -1.50796 -0.0115853 0.999788 -0.0171516 -1.30571 0.0182894 0.017361 0.999685 55.9422
0.99977 0.00977107 -0.0192471 -1.51269 -0.0101392 0.99977 -0.0190706 -1.33948 0.0190546 0.0192601 0.999641 57.0323
0.999774 0.00787153 -0.0200371 -1.51922 -0.00820887 0.999828 -0.0167795 -1.37399 0.0198991 0.0169393 0.999662 58.1296
0.999777 0.00580793 -0.020452 -1.52983 -0.00603837 0.999923 -0.0111749 -1.39916 0.0203838 0.0112947 0.999736 59.228
0.999793 0.00353699 -0.0203369 -1.54103 -0.00365176 0.999981 -0.00558504 -1.42152 0.0203141 0.00565729 0.999782 60.2766
0.999811 0.00211549 -0.0195054 -1.58032 -0.0022086 0.99999 -0.00470904 -1.45106 0.0194934 0.00475006 0.999807 61.3856
0.999834 -0.00195795 -0.0184436 -1.6055 0.00181417 0.999971 -0.00777817 -1.4695 0.0184555 0.00774254 0.999804 62.4611
0.999842 -0.00352994 -0.0176369 -1.64355 0.00333817 0.99994 -0.0108429 -1.49483 0.0176722 0.0107812 0.999794 63.5389
0.999828 -0.00212579 -0.0188113 -1.65712 0.00184897 0.999893 -0.0146958 -1.52671 0.0188377 0.0146575 0.999721 64.6549
0.999846 -0.00235034 -0.0176112 -1.70349 0.0020172 0.999824 -0.018859 -1.55751 0.0176506 0.0188195 0.999676 65.7398
0.999886 -0.000157177 -0.0155305 -1.75245 -0.000161784 0.999793 -0.0204984 -1.57235 0.0155277 0.0204977 0.999675 66.811
0.999893 0.00379434 -0.0143782 -1.78447 -0.00405425 0.999834 -0.0180319 -1.59633 0.0143055 0.0180871 0.999744 67.9306
0.999904 0.00552104 -0.0131858 -1.82927 -0.00574272 0.999846 -0.0167863 -1.62087 0.0130882 0.0168595 0.999779 69.027
0.999898 0.0047573 -0.0137573 -1.84421 -0.00499408 0.999844 -0.0171641 -1.64132 0.0136716 0.0172298 0.999769 70.1377
0.999915 0.00282048 -0.0132249 -1.87825 -0.0030452 0.999855 -0.0169563 -1.66709 0.0131722 0.0169942 0.999776 71.2367
0.999949 0.00132274 -0.0104332 -1.92352 -0.00150906 0.999845 -0.0177885 -1.6658 0.010406 0.0178021 0.999799 72.2943
0.999944 -0.00158126 -0.0111215 -1.93194 0.00138997 0.999857 -0.0171338 -1.67701 0.011144 0.0171164 0.999799 73.3922
0.999944 -0.00323483 -0.0104996 -1.96916 0.00305496 0.999855 -0.0170162 -1.69168 0.0105511 0.0169819 0.999812 74.4787
0.999958 -0.00389049 -0.00916543 -2.00928 0.00371939 0.999826 -0.01855 -1.72841 0.00923288 0.0185142 0.999794 75.5519
0.999952 -0.00337309 -0.00973728 -2.0353 0.00315498 0.999753 -0.0222413 -1.77006 0.00980775 0.0222082 0.999718 76.6833
0.999937 -0.00328532 -0.0113782 -2.03684 0.00300611 0.999702 -0.0244049 -1.80846 0.0114519 0.0243683 0.999645 77.7552
0.99994 -0.00175684 -0.0112176 -2.07442 0.00150185 0.999749 -0.0226275 -1.85044 0.0112525 0.0226079 0.999695 78.8133
0.999932 -0.00130066 -0.0122734 -2.08713 0.00106863 0.999826 -0.018849 -1.88432 0.0122927 0.0188338 0.999755 79.9017
0.999919 0.000107219 -0.0130489 -2.11232 -0.000305743 0.999891 -0.0151523 -1.91659 0.0130438 0.0151537 0.999814 80.9755
0.999924 0.000853627 -0.0128937 -2.14866 -0.00104362 0.999896 -0.0146913 -1.9494 0.0128767 0.0147028 0.999817 82.0665
0.999923 0.000864216 -0.0127712 -2.18069 -0.00108037 0.999863 -0.0168655 -1.98241 0.0127528 0.0168767 0.999791 83.144
0.999932 0.000640156 -0.0122519 -2.21988 -0.000859601 0.999845 -0.0178673 -2.01451 0.0122355 0.0178757 0.999774 84.1936
0.999933 -0.000511735 -0.0119846 -2.25611 0.000290094 0.999837 -0.0184184 -2.04397 0.01199 0.0184123 0.999773 85.2447
0.999935 -0.00134242 -0.0120115 -2.28675 0.00112553 0.999843 -0.0180031 -2.08505 0.0120307 0.0179876 0.999775 86.284
0.999938 -0.00263874 -0.0112722 -2.32877 0.00244778 0.999861 -0.0168528 -2.11796 0.011313 0.0168227 0.999809 87.2975
0.99994 -0.00275592 -0.0112866 -2.35511 0.00258855 0.999893 -0.014772 -2.14206 0.011323 0.0147411 0.999837 88.2791
0.999928 -0.00405111 -0.011748 -2.38055 0.00388036 0.999895 -0.0144554 -2.16783 0.0118032 0.0144074 0.999841 89.2733
0.999908 -0.00546371 -0.0130135 -2.41206 0.00526898 0.999882 -0.0148903 -2.1908 0.0130903 0.0148195 0.999815 90.2268
0.999861 -0.00645686 -0.0156948 -2.44554 0.00619674 0.999851 -0.0165175 -2.21734 0.0157969 0.0164165 0.999755 91.1797
0.999823 -0.00634551 -0.0181425 -2.48261 0.00602377 0.999832 -0.0176907 -2.24805 0.0182486 0.0175774 0.99969 92.0981
0.99978 -0.00657044 -0.0202139 -2.5269 0.00621016 0.999829 -0.0178037 -2.2777 0.0203253 0.0176729 0.999654 92.9807
0.999747 -0.00551962 -0.0221719 -2.57026 0.0051411 0.999848 -0.0170568 -2.30785 0.0222597 0.0169376 0.99962 93.8673
0.999706 -0.00481922 -0.0240131 -2.62149 0.00443394 0.999868 -0.0160472 -2.33999 0.0240851 0.0159346 0.9996 94.721
0.999663 -0.00369027 -0.0259946 -2.663 0.003321 0.9999 -0.0142047 -2.37694 0.0260413 0.0141127 0.999573 95.5277
0.99961 -0.00225729 -0.0280377 -2.70593 0.00188856 0.999919 -0.0131504 -2.40821 0.028063 0.0130909 0.999538 96.3212
0.999547 -0.000112343 -0.0303732 -2.74097 -0.000275774 0.999926 -0.0127497 -2.43974 0.0303693 0.0127514 0.99947 97.0878
0.999463 0.00208989 -0.0328777 -2.77908 -0.00254906 0.999907 -0.0139142 -2.47437 0.0328434 0.013989 0.99938 97.8346
0.99939 0.00370955 -0.0349899 -2.82089 -0.00432409 0.999845 -0.0174787 -2.50667 0.0349165 0.0176183 0.999248 98.5347
0.999307 0.0066342 -0.0367839 -2.86659 -0.00740912 0.999761 -0.0209558 -2.53891 0.0366338 0.0212123 0.999121 99.2115
0.999197 0.00832864 -0.0394036 -2.89278 -0.00927991 0.999676 -0.0239988 -2.56157 0.0391878 0.0243442 0.998948 99.9021
0.999084 0.0108451 -0.0415463 -2.89998 -0.0118869 0.999628 -0.0249022 -2.59345 0.0412585 0.0253716 0.998844 100.539
0.999016 0.0133341 -0.0425182 -2.89621 -0.014386 0.999603 -0.0245089 -2.62475 0.0421715 0.0250954 0.998808 101.164
0.999034 0.0173262 -0.0405581 -2.91029 -0.0182635 0.999581 -0.0228455 -2.65841 0.0401429 0.0235625 0.998935 101.78
0.999163 0.0196797 -0.03612 -2.91525 -0.0204729 0.999562 -0.0216992 -2.68654 0.035674 0.0224194 0.999125 102.373
0.999305 0.0205607 -0.0313146 -2.88098 -0.0211793 0.999595 -0.0195433 -2.7158 0.0308977 0.0201914 0.999338 102.923
0.999519 0.0202847 -0.0238453 -2.84757 -0.020702 0.999643 -0.0173492 -2.73546 0.0234817 0.0178334 0.999578 103.447
0.999707 0.0199922 -0.0141858 -2.81028 -0.0202267 0.999668 -0.0165625 -2.75289 0.0138477 0.016843 0.999782 103.967
0.99982 0.0192374 -0.00318788 -2.75539 -0.0192911 0.999669 -0.0174729 -2.75964 0.00284743 0.0175301 0.999857 104.462
0.999777 0.0193674 0.00918884 -2.69076 -0.019183 0.99963 -0.0197817 -2.76115 -0.00957072 0.0195994 0.999781 104.941
0.999558 0.018528 0.0236812 -2.60239 -0.0179484 0.999547 -0.0244951 -2.75918 -0.0241276 0.0240581 0.999434 105.391
0.998993 0.0186921 0.0409659 -2.49582 -0.0174434 0.999388 -0.0306356 -2.75889 -0.0415155 0.0298885 0.99871 105.819
0.997992 0.0163792 0.0613396 -2.3832 -0.0141162 0.999218 -0.0371599 -2.75725 -0.0619039 0.0362182 0.997439 106.234
0.996313 0.0140343 0.0847277 -2.25852 -0.0104888 0.999066 -0.0421503 -2.75196 -0.0852418 0.0411045 0.995532 106.67
0.993816 0.011738 0.110514 -2.12039 -0.00676072 0.998959 -0.0453136 -2.75011 -0.110934 0.0442851 0.992856 107.071
0.990197 0.0096136 0.139404 -1.97292 -0.00279986 0.998806 -0.0489945 -2.7498 -0.13971 0.0481221 0.989043 107.465
0.985043 0.00731693 0.172217 -1.82183 0.00167604 0.998655 -0.052021 -2.75424 -0.172369 0.0515305 0.9837 107.855
0.978012 0.00472657 0.208535 -1.65974 0.00670984 0.998523 -0.0541025 -2.75969 -0.208484 0.0543104 0.976538 108.262
0.968941 0.00296031 0.247317 -1.50409 0.0114625 0.998327 -0.0568612 -2.76108 -0.247076 0.0579291 0.96728 108.638
0.95782 0.00383291 0.287378 -1.33418 0.0136636 0.998183 -0.0588549 -2.77444 -0.287082 0.060297 0.956029 108.997
0.943905 0.0056321 0.3302 -1.15784 0.0149706 0.998107 -0.0598214 -2.7902 -0.329916 0.0614081 0.942028 109.341
0.927574 0.00564638 0.373623 -0.97076 0.0175862 0.998128 -0.0587459 -2.80564 -0.373255 0.0610597 0.92574 109.667
0.908926 0.00513173 0.41695 -0.767936 0.0207462 0.99814 -0.0575121 -2.82116 -0.416473 0.0609235 0.907123 109.984
0.886702 0.00345593 0.462351 -0.572667 0.0258105 0.998053 -0.056961 -2.84767 -0.461647 0.0624389 0.884887 110.293
0.862167 0.0034622 0.506631 -0.363819 0.0298767 0.997899 -0.0576637 -2.87731 -0.505771 0.0648513 0.860246 110.594
0.835328 0.00552824 0.549742 -0.143834 0.0324939 0.997715 -0.0594085 -2.90734 -0.548814 0.0674868 0.833241 110.878
0.805571 0.00969022 0.592435 0.0902685 0.0333346 0.997552 -0.0616445 -2.9378 -0.591586 0.0694068 0.80327 111.152
0.772439 0.0162666 0.634898 0.33814 0.0309197 0.997533 -0.0631768 -2.96689 -0.634358 0.068429 0.770031 111.411
0.737773 0.0211919 0.674729 0.628736 0.0291044 0.997589 -0.0631566 -3.00055 -0.674446 0.0662319 0.735371 111.643
0.70056 0.0214151 0.713288 0.930757 0.0324182 0.997572 -0.0617909 -3.02939 -0.712878 0.0664095 0.698164 111.863
0.66227 0.0188044 0.74904 1.2636 0.039068 0.99747 -0.0595837 -3.03739 -0.748269 0.0687232 0.659853 112.07
0.620569 0.0170142 0.783983 1.5944 0.042427 0.997581 -0.0552344 -3.04855 -0.783024 0.0675366 0.618345 112.261
0.576512 0.0158034 0.816945 1.93871 0.0447193 0.997716 -0.0508586 -3.06339 -0.815886 0.065853 0.574482 112.441
0.53054 0.0137043 0.847564 2.29683 0.0474916 0.997828 -0.0458627 -3.07768 -0.846349 0.0645819 0.528735 112.606
0.481779 0.00932358 0.876252 2.68075 0.0519162 0.997895 -0.0391626 -3.10491 -0.874775 0.0643585 0.480275 112.756
0.43125 0.00958238 0.902196 3.07205 0.0505952 0.998123 -0.0347867 -3.12502 -0.900832 0.0606464 0.429954 112.907
0.380911 0.0140304 0.924513 3.46516 0.0486318 0.998209 -0.0351859 -3.14745 -0.923353 0.0583626 0.379541 113.034
0.332229 0.0197552 0.943006 3.87473 0.049029 0.998076 -0.0381833 -3.15162 -0.941943 0.058918 0.330619 113.137
0.287179 0.020742 0.95766 4.27953 0.0532211 0.997887 -0.0375733 -3.16657 -0.956417 0.0617572 0.285465 113.21
0.247026 0.0206468 0.968804 4.7087 0.060401 0.997509 -0.0366608 -3.17966 -0.967144 0.0675706 0.245161 113.272
0.212917 0.0200329 0.976872 5.14015 0.0682793 0.997051 -0.0353289 -3.19753 -0.974701 0.0742214 0.210918 113.318
0.183167 0.0203849 0.982886 5.59034 0.0745509 0.996628 -0.0345641 -3.20442 -0.980271 0.0796036 0.181027 113.357
0.156952 0.0190393 0.987431 6.08464 0.0712503 0.997002 -0.0305495 -3.23235 -0.985053 0.0751487 0.155122 113.412
0.132317 0.0161401 0.991092 6.59079 0.063875 0.99766 -0.0247759 -3.25697 -0.989167 0.066582 0.130974 113.477
0.108749 0.0124713 0.993999 7.09497 0.058594 0.998114 -0.0189338 -3.27455 -0.992361 0.0603006 0.107811 113.526
0.0871421 0.0103598 0.996158 7.60373 0.0628991 0.997904 -0.0158813 -3.28394 -0.994228 0.0640391 0.0863051 113.538
0.0673738 0.0108396 0.997678 8.13399 0.0715731 0.997324 -0.0156696 -3.29772 -0.995177 0.0724617 0.0664159 113.542
0.0500904 0.0124369 0.998684 8.67182 0.0777354 0.996852 -0.0163141 -3.31241 -0.995735 0.0784479 0.0489632 113.54
0.036333 0.0192349 0.999163 9.24535 0.076132 0.996866 -0.0219596 -3.3146 -0.996456 0.0768653 0.0347535 113.55
0.0249128 0.0248427 0.999398 9.84769 0.0726294 0.997016 -0.0265951 -3.3201 -0.997068 0.0732457 0.0230316 113.577
0.0185557 0.0245006 0.999536 10.4578 0.0742347 0.996916 -0.0258151 -3.34163 -0.997089 0.0746784 0.0166786 113.578
0.015466 0.02183 0.999659 11.0838 0.0798109 0.996556 -0.0229981 -3.35599 -0.99671 0.0801368 0.013668 113.576
0.0146957 0.021378 0.999673 11.7302 0.0809517 0.996474 -0.0225003 -3.36315 -0.996631 0.0812549 0.0129123 113.604
0.0161262 0.0217478 0.999652 12.4229 0.0808796 0.99647 -0.0229846 -3.37626 -0.996614 0.0812193 0.0143079 113.632
0.016293 0.0222398 0.99963 13.1335 0.0766701 0.996792 -0.023427 -3.40329 -0.996945 0.0770224 0.0145347 113.679
0.0162206 0.0246022 0.999585 13.8334 0.0750044 0.996862 -0.0257536 -3.40682 -0.997072 0.0753881 0.0143221 113.713
0.0173861 0.0256855 0.99953 14.5652 0.0748293 0.996843 -0.0269187 -3.42682 -0.997067 0.0752611 0.0154083 113.731
0.0188109 0.0257736 0.99951 15.3104 0.0743518 0.996875 -0.0271063 -3.44738 -0.997075 0.0748224 0.0168334 113.745
0.0193796 0.0241008 0.999533 16.0734 0.0736269 0.996971 -0.0254674 -3.47784 -0.99712 0.074085 0.0175456 113.769
0.019112 0.0239022 0.999551 16.8579 0.0731604 0.997012 -0.0252417 -3.48962 -0.997157 0.0736071 0.0173038 113.798
0.0185673 0.022003 0.999597 17.6283 0.0736353 0.997024 -0.0233149 -3.51423 -0.997135 0.0740375 0.016891 113.815
0.0179508 0.0206745 0.999644 18.419 0.0714395 0.997215 -0.0219085 -3.53546 -0.997304 0.0718046 0.0164214 113.827
0.0168486 0.0201164 0.999667 19.2137 0.0705918 0.99729 -0.0212591 -3.55237 -0.997386 0.0709255 0.0153821 113.84
0.0155527 0.0198095 0.999701 20.0235 0.0724375 0.997165 -0.0208875 -3.54042 -0.997272 0.0727381 0.0140713 113.857
0.013783 0.0197784 0.999721 20.8236 0.0736126 0.997083 -0.0207419 -3.54087 -0.997214 0.0738769 0.0122861 113.875
0.0119107 0.020798 0.999733 21.6662 0.0710846 0.997247 -0.0215946 -3.54311 -0.997419 0.0713199 0.0103972 113.896
0.0115311 0.0268241 0.999585 22.501 0.0682404 0.9973 -0.0275507 -3.55257 -0.997625 0.0685288 0.00966872 113.906
0.0101363 0.0427834 0.999056 23.3107 0.0666855 0.996845 -0.043367 -3.44162 -0.997744 0.067059 0.00724914 113.931
0.00871488 0.0447484 0.998974 24.1255 0.0666631 0.996762 -0.0452315 -3.47861 -0.997761 0.0669874 0.00570309 113.938
0.00697914 0.0431631 0.999067 24.9696 0.0631974 0.997066 -0.0435198 -3.52074 -0.997997 0.063439 0.00422876 113.956
0.00634824 0.0393241 0.999219 25.834 0.0603326 0.997403 -0.0396366 -3.56525 -0.998182 0.0605357 0.0039588 113.961
0.00670345 0.0342454 0.999415 26.6798 0.0590519 0.99767 -0.0345833 -3.60698 -0.998253 0.059246 0.00466353 113.958
0.00714547 0.0291619 0.999562 27.5301 0.055687 0.998023 -0.0295159 -3.64198 -0.998446 0.0558721 0.00550695 113.959
0.00765417 0.0290148 0.999572 28.3782 0.0522095 0.998218 -0.0293769 -3.66837 -0.998628 0.052409 0.00612361 113.968
0.00910542 0.0367902 0.999295 29.2119 0.0548785 0.99781 -0.0372363 -3.69914 -0.998475 0.0551774 0.00706607 113.969
0.00966677 0.0483433 0.998807 30.043 0.0569062 0.997199 -0.0488179 -3.73856 -0.998354 0.057307 0.00688658 113.987
0.00932216 0.0533248 0.998548 30.8629 0.0579899 0.99688 -0.0537778 -3.78814 -0.998297 0.0584055 0.00620043 114.008
0.0106373 0.0484151 0.998794 31.7036 0.0595433 0.997038 -0.0489657 -3.83141 -0.99819 0.059989 0.0077209 114.021
0.0123995 0.0409787 0.999097 32.5304 0.0627167 0.997172 -0.041679 -3.87945 -0.997978 0.0631753 0.00979395 114.019
0.0143773 0.0383065 0.999187 33.3721 0.0639216 0.997201 -0.0391517 -3.92704 -0.997873 0.0644291 0.0118864 114.016
0.0153318 0.0395445 0.999114 34.2047 0.0644664 0.997111 -0.0404554 -3.96907 -0.997826 0.0650279 0.0127378 114.025
0.0141115 0.040057 0.999122 35.0355 0.0612922 0.997299 -0.0408511 -4.03141 -0.998044 0.0618114 0.0116161 114.045
0.0134122 0.0405375 0.999103 35.853 0.0602712 0.997339 -0.0412762 -4.07182 -0.998116 0.0607691 0.0109329 114.049
0.0117805 0.0398548 0.999161 36.6544 0.060443 0.997365 -0.0404973 -4.13357 -0.998127 0.0608658 0.00933838 114.055
0.0104206 0.0397182 0.999172 37.459 0.0595376 0.997424 -0.0402708 -4.19381 -0.998196 0.0599063 0.00802865 114.056
0.00807669 0.0398406 0.999198 38.2682 0.0566595 0.997597 -0.0402363 -4.24409 -0.998386 0.0569355 0.00579783 114.067
0.00615414 0.0385095 0.999255 39.0669 0.0550067 0.997743 -0.0387911 -4.29469 -0.998491 0.0552028 0.00402163 114.076
0.00353121 0.0377813 0.999303 39.8605 0.0554939 0.997753 -0.0379204 -4.33446 -0.998478 0.0555856 0.00142455 114.092
0.00208524 0.0383369 0.999278 40.6449 0.0551141 0.997753 -0.0383945 -4.37688 -0.998502 0.0551527 -3.27021e-05 114.093
0.000638046 0.0397125 0.999234 41.4255 0.054727 0.997727 -0.0396891 -4.41786 -0.998526 0.054707 -0.00153882 114.093
-7.95131e-05 0.0402581 0.999204 42.2061 0.0558344 0.997642 -0.0401918 -4.45949 -0.998464 0.0557851 -0.00232745 114.092
-0.00116919 0.0396841 0.999235 42.9892 0.057516 0.997575 -0.0395525 -4.50258 -0.998369 0.0574223 -0.00345091 114.091
-0.00149497 0.040063 0.999211 43.7674 0.0593316 0.997452 -0.0399047 -4.53432 -0.998261 0.0592235 -0.00386849 114.08
-0.00326808 0.0406259 0.999193 44.5522 0.0586526 0.997477 -0.0403658 -4.57534 -0.998299 0.0584698 -0.00564471 114.088
-0.00392227 0.0407845 0.999176 45.3038 0.0575415 0.997533 -0.0404926 -4.61177 -0.99836 0.0573337 -0.00625971 114.082
-0.0048387 0.0400998 0.999209 46.0454 0.0566284 0.997618 -0.0397634 -4.65115 -0.998409 0.0563875 -0.0071 114.088
-0.00441416 0.0402261 0.999196 46.7659 0.0569503 0.997591 -0.039911 -4.69592 -0.998391 0.0567268 -0.00669474 114.075
-0.00305243 0.0431345 0.999089 47.4771 0.0581668 0.9974 -0.0428855 -4.73776 -0.998328 0.0579792 -0.00555552 114.066
-0.00293303 0.0462762 0.99894 48.1719 0.057712 0.997283 -0.0460311 -4.77797 -0.998353 0.0575143 -0.00559607 114.068
-0.00183965 0.0482697 0.998858 48.881 0.0564895 0.997259 -0.0480902 -4.82376 -0.998427 0.056333 -0.00456339 114.064
-0.00106791 0.0526907 0.998627 49.5763 0.0581992 0.996934 -0.0525403 -4.82824 -0.998329 0.0580615 -0.00413154 114.06
-0.000418652 0.0557035 0.998473 50.2848 0.0605183 0.996634 -0.0555773 -4.83919 -0.998193 0.0603989 -0.00379039 114.057
0.000738997 0.0573933 0.998368 50.9704 0.0630238 0.996376 -0.0573266 -4.86361 -0.998037 0.0629614 -0.00288122 114.049
-0.00031951 0.0580291 0.99834 51.6495 0.0587577 0.996607 -0.0579112 -4.90882 -0.9983 0.058638 -0.00373007 114.062
2.68246e-06 0.0587852 0.998288 52.3409 0.0566817 0.996678 -0.0586918 -4.95992 -0.998418 0.0565829 -0.00332979 114.073
0.000525238 0.0573109 0.998382 53.0154 0.0588827 0.996638 -0.0572435 -5.01114 -0.998292 0.0588138 -0.00285312 114.07
0.000477298 0.056595 0.998414 53.684 0.0596833 0.996628 -0.0565235 -5.06299 -0.998243 0.0596136 -0.0029025 114.058
-0.0035979 0.0562881 0.998434 54.3627 0.0568311 0.996828 -0.0559945 -5.11411 -0.998405 0.0565371 -0.00678746 114.074
-0.00903745 0.0555385 0.998433 55.0414 0.0529148 0.997097 -0.0549864 -5.17629 -0.998584 0.0523331 -0.0119503 114.074
-0.0145202 0.0584121 0.998213 55.6912 0.0560533 0.996786 -0.057515 -5.23247 -0.99835 0.0551145 -0.0177498 114.06
-0.0213259 0.0610066 0.997928 56.3477 0.0588799 0.996495 -0.0596619 -5.28272 -0.998063 0.0574837 -0.0248433 114.049
-0.0270411 0.062943 0.997677 57.0211 0.0583325 0.99643 -0.0612852 -5.32479 -0.997959 0.0565363 -0.0306181 114.017
-0.0335738 0.0629646 0.99747 57.7027 0.0541255 0.996678 -0.0610939 -5.36558 -0.997996 0.0519355 -0.0368703 114.002
-0.0392744 0.0627867 0.99728 58.3816 0.0536208 0.996734 -0.0606426 -5.40388 -0.997817 0.0510899 -0.0425145 113.984
-0.0438951 0.0644464 0.996975 59.1012 0.0513352 0.996759 -0.0621735 -5.44375 -0.997743 0.0484489 -0.0470611 113.956
-0.0473851 0.0648932 0.996793 59.8099 0.0499711 0.996808 -0.0625207 -5.48422 -0.997655 0.0468449 -0.0504782 113.921
-0.0497041 0.0627477 0.99681 60.5138 0.0499704 0.996945 -0.0602658 -5.522 -0.99754 0.0468137 -0.0526877 113.886
-0.0510596 0.0610454 0.996854 61.2213 0.0523498 0.996937 -0.0583709 -5.55768 -0.997351 0.0492012 -0.0541006 113.85
-0.0514898 0.0614556 0.9968 61.9299 0.052987 0.996881 -0.0587249 -5.57392 -0.997294 0.0497918 -0.0545854 113.807
-0.052642 0.0632537 0.996634 62.6807 0.0529012 0.996783 -0.0604708 -5.60643 -0.997241 0.0495366 -0.0558205 113.775
-0.0517882 0.0694118 0.996262 63.4006 0.0552863 0.996266 -0.0665394 -5.63516 -0.997154 0.0516316 -0.0554322 113.729
-0.0513022 0.0737831 0.995979 64.1467 0.0615764 0.995616 -0.0705867 -5.69265 -0.996811 0.0577041 -0.0556223 113.685
-0.0508237 0.0785898 0.99563 64.8847 0.0696109 0.994768 -0.0749695 -5.75399 -0.996305 0.0654944 -0.0560284 113.632
-0.0510224 0.0801878 0.995498 65.6517 0.0703154 0.994599 -0.0765138 -5.81712 -0.996247 0.0660916 -0.056387 113.589
-0.0507762 0.0782973 0.995655 66.4038 0.06886 0.99484 -0.0747224 -5.88365 -0.99636 0.0647648 -0.0559055 113.552
-0.0499983 0.0728926 0.996111 67.1463 0.0694219 0.995187 -0.0693427 -5.95622 -0.996362 0.0656815 -0.0548197 113.516
-0.0483199 0.0704409 0.996365 67.9112 0.0718237 0.99519 -0.0668757 -6.02682 -0.996274 0.0683292 -0.0531466 113.457
-0.0476726 0.0701637 0.996421 68.6676 0.0720437 0.995186 -0.0666322 -6.08693 -0.99629 0.0686058 -0.0524998 113.404
-0.0488087 0.0708451 0.996313 69.4163 0.0708627 0.99523 -0.0672976 -6.15485 -0.996319 0.0673147 -0.0535959 113.368
-0.0499729 0.0723994 0.996149 70.1761 0.0713003 0.995096 -0.0687484 -6.20807 -0.99623 0.0675866 -0.0548917 113.323
-0.0513849 0.0726722 0.996052 70.9191 0.0725368 0.995003 -0.0688548 -6.27047 -0.996069 0.0687101 -0.0563993 113.277
-0.0515395 0.074228 0.995935 71.6765 0.074895 0.994727 -0.0702644 -6.31848 -0.995888 0.0709655 -0.0568287 113.223
-0.0537551 0.0724308 0.995946 72.3963 0.0743797 0.994902 -0.0683417 -6.3995 -0.995808 0.0704023 -0.0588682 113.183
-0.0551883 0.073805 0.995771 73.1516 0.0716171 0.995001 -0.0697813 -6.44153 -0.995934 0.0674595 -0.0601998 113.144
-0.0549549 0.0756398 0.995641 73.9161 0.072456 0.994815 -0.0715792 -6.50684 -0.995885 0.0682044 -0.0601504 113.087
-0.0551937 0.0762716 0.995586 74.6847 0.0707033 0.994887 -0.072301 -6.56784 -0.995999 0.066397 -0.0603059 113.041
-0.0566404 0.0764527 0.995484 75.4441 0.0693799 0.994971 -0.0724671 -6.62854 -0.99601 0.06496 -0.0616596 113.002
-0.0566983 0.0757319 0.995542 76.2099 0.0701774 0.994968 -0.0716941 -6.6744 -0.995952 0.0657959 -0.0617293 112.955
-0.0573621 0.0742117 0.995613 76.9941 0.0683263 0.995204 -0.0702458 -6.73613 -0.996042 0.063995 -0.0621573 112.911
-0.0585879 0.0726026 0.995666 77.781 0.0660168 0.995463 -0.0687058 -6.79715 -0.996127 0.0617018 -0.0631168 112.861
-0.0603225 0.0730683 0.995522 78.5892 0.0669602 0.995383 -0.069002 -6.85024 -0.995959 0.062496 -0.0649363 112.812
-0.0614502 0.0751871 0.995302 79.3735 0.0673116 0.995214 -0.0710273 -6.89229 -0.995869 0.0626271 -0.0662187 112.754
-0.0631014 0.0788736 0.994907 80.1585 0.0661266 0.995029 -0.0746905 -6.92362 -0.995843 0.0610747 -0.068003 112.698
-0.0651124 0.0860525 0.994189 80.9837 0.0683666 0.994334 -0.0815902 -6.94718 -0.995564 0.0626533 -0.0706282 112.667
-0.0656141 0.0922513 0.993592 81.7799 0.0705393 0.99367 -0.0876016 -6.98803 -0.995378 0.0643373 -0.0717056 112.617
-0.0662328 0.0975695 0.993051 82.6077 0.0719945 0.993095 -0.0927751 -7.05385 -0.995234 0.0653458 -0.0728015 112.552
-0.0650417 0.0989062 0.99299 83.4592 0.074427 0.9928 -0.0940138 -7.14132 -0.995133 0.0677883 -0.0719341 112.491
-0.0629518 0.0991011 0.993114 84.2816 0.0777493 0.992535 -0.094118 -7.21483 -0.995014 0.0712852 -0.0701885 112.408
-0.0629041 0.0977258 0.993245 85.1362 0.0784116 0.992617 -0.0926998 -7.30375 -0.994964 0.0720487 -0.0701021 112.355
-0.0615874 0.0965698 0.99345 85.9614 0.0775068 0.992781 -0.091703 -7.39013 -0.99512 0.0713473 -0.0686291 112.3
-0.0600196 0.0944118 0.993745 86.8082 0.0755652 0.993105 -0.089789 -7.47923 -0.995363 0.0697013 -0.0667396 112.252
-0.0580025 0.091586 0.994138 87.6676 0.075687 0.993336 -0.0870995 -7.56546 -0.995475 0.0701872 -0.0645494 112.201
-0.0550423 0.0890277 0.99453 88.522 0.0766866 0.993467 -0.0846903 -7.63982 -0.995565 0.0716034 -0.0615095 112.142
-0.0536911 0.0895206 0.994567 89.383 0.0749564 0.99354 -0.0853847 -7.72557 -0.995773 0.0699607 -0.0600559 112.101
-0.0522967 0.0939433 0.994226 90.2366 0.0762506 0.99305 -0.0898232 -7.81361 -0.995747 0.0711107 -0.0590961 112.061
-0.0499332 0.0998564 0.993779 91.0656 0.0764197 0.99247 -0.0958883 -7.90871 -0.995857 0.0711523 -0.0571897 112.006
-0.0484916 0.102617 0.993561 91.9464 0.0742375 0.992343 -0.0988695 -8.01562 -0.996091 0.068963 -0.0557379 111.969
-0.0464309 0.0997472 0.993961 92.7886 0.0729775 0.992697 -0.0962148 -8.11698 -0.996285 0.0680654 -0.0533727 111.92
-0.0445403 0.096505 0.994358 93.6722 0.0736369 0.992948 -0.0930716 -8.22393 -0.996321 0.069074 -0.0513322 111.875
-0.0429678 0.0947285 0.994607 94.5393 0.0743905 0.993051 -0.0913698 -8.32114 -0.996336 0.0700593 -0.0497176 111.826
-0.0403809 0.0945261 0.994726 95.4185 0.075345 0.992985 -0.0913039 -8.41929 -0.99637 0.0712586 -0.0472194 111.779
-0.0391915 0.0951657 0.994721 96.2838 0.0752632 0.992924 -0.0920316 -8.50589 -0.996426 0.071255 -0.0460782 111.739
-0.0374662 0.0933834 0.994948 97.1293 0.0780254 0.992874 -0.0902525 -8.59488 -0.996277 0.0742478 -0.0444853 111.693
-0.0359543 0.093207 0.995029 97.9902 0.0800648 0.992725 -0.0901015 -8.68145 -0.996174 0.0764232 -0.0431568 111.653
-0.0348201 0.0952885 0.994864 98.8438 0.0818549 0.992388 -0.0921884 -8.76065 -0.996066 0.0782224 -0.0423547 111.619
-0.0336189 0.0988566 0.994566 99.679 0.0828903 0.99196 -0.0957991 -8.83687 -0.996025 0.0792149 -0.0415444 111.577
-0.0329631 0.101271 0.994337 100.545 0.0800305 0.991943 -0.0983763 -8.92468 -0.996278 0.0763326 -0.0408021 111.553
-0.032892 0.0976394 0.994711 101.427 0.075273 0.992649 -0.0949514 -9.01956 -0.996654 0.0717475 -0.0400013 111.532
-0.0334598 0.0962271 0.994821 102.291 0.0709982 0.993085 -0.0936732 -9.11588 -0.996946 0.0674943 -0.0400601 111.514
-0.0349016 0.0972665 0.994679 103.146 0.0676116 0.993219 -0.0947549 -9.20934 -0.997135 0.0639407 -0.0412427 111.491
-0.0367439 0.102017 0.994128 103.998 0.0642411 0.992976 -0.0995262 -9.30896 -0.997289 0.060205 -0.0430392 111.468
-0.0372231 0.104606 0.99385 104.833 0.0634359 0.992764 -0.10212 -9.40063 -0.997326 0.0592405 -0.043591 111.429
-0.0354827 0.106465 0.993708 105.683 0.0632218 0.992574 -0.104088 -9.4767 -0.9974 0.0591288 -0.0419498 111.367
-0.0350233 0.106564 0.993722 106.523 0.0644348 0.992487 -0.104165 -9.57165 -0.997341 0.060378 -0.041628 111.326
-0.034967 0.108217 0.993537 107.38 0.0655418 0.992245 -0.105771 -9.66148 -0.997268 0.0614178 -0.0417883 111.285
-0.0364615 0.11116 0.993167 108.203 0.0657047 0.991927 -0.108613 -9.76746 -0.997207 0.0612916 -0.0434723 111.259
-0.0382018 0.113709 0.992804 109.023 0.0664202 0.991612 -0.111019 -9.84985 -0.997091 0.0616992 -0.0454336 111.246
-0.0396323 0.115453 0.992556 109.843 0.0669465 0.991394 -0.112648 -9.93213 -0.997004 0.0619796 -0.0470217 111.222
-0.0406826 0.114945 0.992564 110.636 0.0667195 0.991472 -0.112087 -10.0263 -0.996973 0.0616615 -0.0480043 111.174
-0.0426713 0.116564 0.9923 111.438 0.0676524 0.991245 -0.113535 -10.1261 -0.996831 0.0622827 -0.0501848 111.123
-0.0451284 0.119465 0.991837 112.24 0.0672358 0.990952 -0.116301 -10.2281 -0.996747 0.0614366 -0.0527518 111.07
-0.0481411 0.120805 0.991542 113.038 0.0652588 0.990936 -0.117567 -10.3352 -0.996742 0.059043 -0.0555895 111.026
-0.050776 0.120633 0.991423 113.819 0.0662795 0.990913 -0.117178 -10.4435 -0.99654 0.0597593 -0.0583094 110.978
-0.0532295 0.119268 0.991468 114.598 0.067337 0.991027 -0.115604 -10.5487 -0.996345 0.0606048 -0.0607842 110.926
-0.0551903 0.119841 0.991283 115.383 0.0693082 0.990852 -0.115932 -10.6579 -0.9961 0.0623038 -0.0629906 110.871
-0.0571719 0.124947 0.990548 116.17 0.0654052 0.990491 -0.121169 -10.767 -0.996255 0.0578556 -0.0648015 110.835
-0.0588409 0.132116 0.989512 116.94 0.0629539 0.989738 -0.128405 -10.8779 -0.996313 0.0547363 -0.0665535 110.791
-0.0592243 0.134096 0.989231 117.68 0.0678152 0.989204 -0.130037 -10.9814 -0.995975 0.0593794 -0.0676797 110.708
-0.0613471 0.132162 0.989354 118.459 0.069723 0.989357 -0.127842 -11.0884 -0.995711 0.0611361 -0.0699081 110.643
-0.0648726 0.12482 0.990092 119.242 0.0688427 0.990359 -0.120347 -11.199 -0.995553 0.0603491 -0.0728411 110.596
-0.0663591 0.123344 0.99017 120.008 0.0678446 0.990608 -0.118854 -11.3032 -0.99552 0.0592887 -0.0741031 110.534
-0.0662508 0.127087 0.989712 120.779 0.0670855 0.990195 -0.122663 -11.398 -0.995582 0.0582645 -0.0741279 110.455
-0.0681946 0.131095 0.989049 121.532 0.0652927 0.989807 -0.126696 -11.4997 -0.995567 0.0559357 -0.0760581 110.391
-0.0691017 0.135716 0.98837 122.295 0.0668113 0.989124 -0.131153 -11.5751 -0.995407 0.0569671 -0.0774185 110.326
-0.0699506 0.140239 0.98767 123.031 0.07111 0.988268 -0.13529 -11.6778 -0.995047 0.0607677 -0.0791013 110.252
-0.0720048 0.145115 0.986827 123.772 0.0716152 0.987574 -0.140004 -11.7815 -0.994867 0.0605865 -0.0815034 110.192
-0.0750886 0.148174 0.986134 124.52 0.0706515 0.987221 -0.14296 -11.8859 -0.994705 0.0589352 -0.0845966 110.139
-0.0773963 0.146177 0.986263 125.257 0.0709601 0.987509 -0.140798 -11.9988 -0.994509 0.0590836 -0.0868032 110.077
-0.0811878 0.142195 0.986531 125.959 0.0750744 0.987849 -0.136209 -12.113 -0.993901 0.0630027 -0.0908751 110
-0.0862699 0.140297 0.986381 126.691 0.0774305 0.988002 -0.13376 -12.2348 -0.993296 0.0648319 -0.0960987 109.922
-0.0923968 0.138748 0.986037 127.437 0.0765816 0.988318 -0.131896 -12.3557 -0.992807 0.0633233 -0.101942 109.849
-0.101679 0.138342 0.985188 128.182 0.0762657 0.988471 -0.130936 -12.4799 -0.991927 0.0618182 -0.111057 109.779
-0.112474 0.138847 0.983937 128.904 0.0761603 0.988498 -0.130789 -12.5913 -0.990768 0.0602244 -0.121753 109.692
-0.12243 0.140367 0.98254 129.629 0.0778612 0.988273 -0.13149 -12.6904 -0.989457 0.0603987 -0.131924 109.564
-0.135245 0.141096 0.980746 130.329 0.0797128 0.988167 -0.131175 -12.7951 -0.987637 0.0604349 -0.144889 109.459
-0.147101 0.140943 0.979067 131.035 0.083818 0.98803 -0.129645 -12.8989 -0.985602 0.0629878 -0.157154 109.339
-0.158201 0.141792 0.977205 131.741 0.0886902 0.987693 -0.12896 -12.9839 -0.983453 0.0662644 -0.168827 109.216
-0.168006 0.141813 0.975571 132.453 0.0932295 0.987467 -0.127492 -13.0851 -0.981406 0.0695277 -0.179121 109.076
-0.175935 0.141873 0.974157 133.169 0.0998252 0.987048 -0.125726 -13.192 -0.979365 0.0751234 -0.187816 108.925
-0.182907 0.141234 0.972972 133.883 0.105058 0.986787 -0.123495 -13.3021 -0.977539 0.0796253 -0.195327 108.766
-0.189373 0.141119 0.971745 134.6 0.106184 0.986776 -0.122613 -13.4096 -0.976185 0.0799614 -0.20185 108.617
-0.193583 0.138821 0.971253 135.32 0.109914 0.986795 -0.11914 -13.5097 -0.974945 0.083686 -0.206285 108.461
-0.194013 0.135609 0.971614 135.994 0.116045 0.986636 -0.114538 -13.6025 -0.974149 0.0905259 -0.207154 108.287
-0.193275 0.134071 0.971982 136.697 0.122546 0.986181 -0.111666 -13.6884 -0.9735 0.0975252 -0.207033 108.112
-0.193415 0.132082 0.97222 137.368 0.125353 0.98612 -0.109037 -13.7837 -0.973115 0.100778 -0.207283 107.954
-0.192494 0.137844 0.97161 138.074 0.127918 0.985182 -0.114432 -13.8722 -0.972964 0.102253 -0.207273 107.807
-0.190753 0.141362 0.971441 138.751 0.127062 0.984825 -0.118364 -13.9584 -0.973418 0.100851 -0.205816 107.659
-0.18921 0.141567 0.97172 139.431 0.129237 0.984555 -0.118278 -14.0429 -0.973433 0.103197 -0.204582 107.508
-0.186908 0.140332 0.972337 140.1 0.130969 0.984486 -0.116914 -14.1281 -0.973646 0.105491 -0.202384 107.362
-0.18375 0.137822 0.973304 140.758 0.131719 0.984665 -0.114568 -14.2185 -0.974147 0.107145 -0.199085 107.205
-0.181356 0.138035 0.973717 141.436 0.132243 0.984548 -0.114945 -14.316 -0.974524 0.107918 -0.196804 107.063
-0.178617 0.140379 0.973895 142.077 0.132561 0.9842 -0.117557 -14.4026 -0.974987 0.108097 -0.194402 106.929
-0.1743 0.141963 0.97444 142.737 0.133535 0.983837 -0.119451 -14.4939 -0.975635 0.109298 -0.190436 106.808
-0.169185 0.141004 0.975488 143.369 0.133947 0.983841 -0.118985 -14.5827 -0.976479 0.110528 -0.185337 106.686
-0.162879 0.139045 0.976834 144.016 0.133689 0.984017 -0.117781 -14.6766 -0.977586 0.111405 -0.178861 106.56
-0.158494 0.136792 0.977881 144.646 0.131672 0.98446 -0.116376 -14.775 -0.97858 0.110309 -0.174042 106.452
-0.154102 0.136358 0.978635 145.283 0.131218 0.984499 -0.116517 -14.8631 -0.979342 0.110455 -0.169603 106.346
-0.150461 0.134871 0.979415 145.918 0.131671 0.98458 -0.115359 -14.9515 -0.979848 0.111598 -0.165898 106.249
-0.145864 0.132118 0.980478 146.526 0.13486 0.984463 -0.112597 -15.0402 -0.980109 0.115799 -0.161413 106.141
-0.142062 0.130466 0.981265 147.145 0.1357 0.984505 -0.111256 -15.1218 -0.980551 0.117347 -0.157565 106.042
-0.139057 0.129531 0.981811 147.75 0.133514 0.984825 -0.111024 -15.2014 -0.981282 0.115643 -0.154238 105.952
-0.135503 0.130977 0.982124 148.368 0.130179 0.985005 -0.113406 -15.2891 -0.982227 0.112479 -0.150521 105.865
-0.129944 0.134756 0.982357 148.964 0.131294 0.984353 -0.117668 -15.3609 -0.98283 0.113684 -0.145601 105.774
-0.123795 0.138434 0.982647 149.561 0.132885 0.983636 -0.121838 -15.4352 -0.983409 0.11549 -0.140165 105.687
-0.116882 0.140024 0.983261 150.143 0.131279 0.983519 -0.124461 -15.5097 -0.98447 0.114531 -0.133336 105.611
-0.107656 0.138807 0.984494 150.735 0.127254 0.984005 -0.124828 -15.5971 -0.98605 0.111837 -0.123598 105.538
-0.0987349 0.137315 0.98563 151.333 0.12563 0.984246 -0.124543 -15.6832 -0.987192 0.111525 -0.114428 105.513
-0.0890388 0.136409 0.986687 151.91 0.125181 0.984278 -0.124785 -15.767 -0.98817 0.112398 -0.104715 105.504
-0.0774978 0.134366 0.987932 152.481 0.122344 0.984686 -0.124333 -15.8701 -0.989497 0.111229 -0.0927486 105.486
-0.0637264 0.133494 0.989042 153.055 0.120528 0.98481 -0.125162 -15.9614 -0.990702 0.111226 -0.078849 105.482
-0.0445413 0.13324 0.990118 153.638 0.117523 0.9849 -0.127256 -16.0442 -0.99211 0.11069 -0.0595269 105.453
-0.023366 0.131465 0.991089 154.193 0.11317 0.985314 -0.128036 -16.1417 -0.99334 0.109164 -0.0379022 105.439
