0.999828 -0.000838371 -0.0186733 0.191685 0.000890492 1 0.00279336 -0.0269306 0.0186728 -0.00280925 0.999828 0.897741
0.999333 -0.00100442 -0.036537 0.330205 0.00120565 0.999981 0.00549207 -0.0667317 0.0365316 -0.00553238 0.999315 1.9192
0.999088 -0.00344856 -0.0426403 0.373812 0.00354578 0.999999 0.00222914 -0.057587 0.0426356 -0.00237795 0.9991 3.20124
0.999031 -0.00345189 -0.0439334 0.327345 0.00357456 0.999987 0.00272393 -0.0772343 0.0439247 -0.00287839 0.999029 4.55151
0.998972 -0.00396758 -0.0452505 0.281965 0.00415463 0.999991 0.00406391 -0.102811 0.045237 -0.00424736 0.99898 5.87483
0.998901 -0.00630805 -0.0465163 0.263 0.00654728 0.999963 0.00499793 -0.116847 0.0464846 -0.00529707 0.998904 7.24409
0.998832 -0.00587099 -0.0480354 0.217607 0.00612138 0.999976 0.00508981 -0.125206 0.0480075 -0.00537755 0.998844 8.61662
0.998782 -0.00498104 -0.0491364 0.15578 0.00513944 0.99998 0.00310341 -0.137417 0.0491213 -0.00335224 0.998787 10.0139
0.998725 -0.00269886 -0.0504905 0.104226 0.00273722 1 0.000711597 -0.153006 0.0504918 -0.000848552 0.998737 11.4102
0.998789 0.000899741 -0.0492718 -0.00135149 -0.00092786 0.999998 -0.000545402 -0.168205 0.0492726 0.000590372 0.998787 12.7479
0.998805 0.00350976 -0.0488401 -0.0855249 -0.0035506 1 -0.000731055 -0.186636 0.0488405 0.000903918 0.99882 14.1364
0.998838 0.00439549 -0.0480846 -0.173426 -0.00438365 0.999989 0.000353395 -0.207439 0.0480869 -0.000142267 0.998845 15.496
0.998914 0.0023692 -0.046648 -0.266077 -0.00221417 1 0.00339435 -0.231463 0.046659 -0.00328701 0.998921 16.8697
0.998998 -0.00178445 -0.0448177 -0.361762 0.00202406 0.999982 0.0053026 -0.248928 0.0448087 -0.00538812 0.998983 18.234
0.999043 -0.00452182 -0.0436175 -0.441521 0.00467464 0.999991 0.00342504 -0.270808 0.0436047 -0.00362536 0.999057 19.6137
0.999099 -0.00549749 -0.042193 -0.532582 0.00558821 0.999981 0.00203199 -0.29299 0.0421823 -0.00226608 0.99911 20.9533
0.999189 -0.00287684 -0.0402854 -0.61969 0.00291156 1 0.000827464 -0.319377 0.0402862 -0.000943693 0.999202 22.3383
0.999265 0.000123978 -0.038446 -0.704306 -4.33988e-06 0.999994 0.00311217 -0.342306 0.0384474 -0.00310986 0.999259 23.7237
0.999308 0.00108944 -0.0372971 -0.777131 -0.0008151 0.999979 0.00740141 -0.370534 0.0373076 -0.00736554 0.999291 25.1512
0.999383 -0.00128677 -0.0352316 -0.85465 0.00162014 0.999953 0.00943707 -0.385331 0.035219 -0.00948837 0.999338 26.5308
0.999386 -0.00587014 -0.0347016 -0.91553 0.00616644 0.999952 0.00847808 -0.407661 0.0346535 -0.00868651 0.999376 27.9425
0.999416 -0.00651736 -0.0337138 -0.988564 0.00675522 0.999952 0.00694602 -0.430555 0.0336681 -0.00716981 0.999411 29.3344
0.999505 -0.00787461 -0.0306037 -1.07816 0.00802407 0.999964 0.00480835 -0.448373 0.0305681 -0.00505124 0.999537 30.713
0.999606 -0.00450519 -0.0279049 -1.1511 0.00460291 0.999984 0.00343551 -0.460963 0.0278902 -0.00356272 0.999609 32.1098
0.999645 -0.00288525 -0.0266678 -1.22198 0.00292458 1 0.00148666 -0.476907 0.0266669 -0.00156381 0.99966 33.5037
0.999696 -0.00198747 -0.0248367 -1.29041 0.00202455 0.999997 0.00146689 -0.491649 0.0248349 -0.00151686 0.999695 34.9146
0.999721 -0.00140765 -0.0237739 -1.35462 0.00145192 1 0.00190026 -0.498161 0.0237747 -0.00193393 0.999732 36.3373
0.999729 -0.000222343 -0.0235356 -1.40222 0.000283518 0.999997 0.00259489 -0.508221 0.0235361 -0.00260099 0.999724 37.7704
0.999723 0.00227036 -0.0236507 -1.44407 -0.00220439 1 0.00286974 -0.525387 0.0236605 -0.00281649 0.999733 39.2301
0.999729 0.0047847 -0.0230529 -1.49379 -0.00473644 0.999987 0.00214883 -0.539896 0.023064 -0.00203918 0.999736 40.6814
0.99971 0.00669645 -0.0233841 -1.53135 -0.00665027 0.999983 0.00210318 -0.556279 0.0234013 -0.00194676 0.999741 42.1691
0.999717 0.00734063 -0.0228988 -1.58162 -0.0073022 0.999973 0.00176625 -0.572914 0.0229123 -0.00159869 0.999741 43.622
0.999704 0.00651015 -0.0236952 -1.60883 -0.00648901 0.999986 0.0010195 -0.586447 0.0237049 -0.00086511 0.999736 45.0786
0.999688 0.00698613 -0.0242486 -1.64469 -0.00697432 0.999977 0.000576892 -0.60491 0.0242533 -0.000407769 0.999711 46.5174
0.999679 0.00668239 -0.0246715 -1.70027 -0.0066673 0.999985 0.000741361 -0.623777 0.0246797 -0.000576318 0.999712 47.9371
0.999646 0.00651342 -0.0260502 -1.7363 -0.0064665 0.999979 0.00188231 -0.643619 0.0260632 -0.00171339 0.999665 49.4146
0.999609 0.00658224 -0.0273972 -1.76917 -0.00655517 0.999985 0.00111949 -0.660847 0.0274076 -0.000939173 0.999642 50.8913
0.999558 0.00728896 -0.0290556 -1.80912 -0.00726579 0.999975 0.000900953 -0.673038 0.0290628 -0.000689653 0.999583 52.363
0.999529 0.0076145 -0.0299483 -1.86372 -0.00757226 0.999977 0.00156204 -0.695367 0.0299631 -0.00133425 0.999568 53.7936
0.999528 0.00673181 -0.0302027 -1.91549 -0.00665644 0.999977 0.00259197 -0.720024 0.0302208 -0.00238992 0.999547 55.2662
0.999544 0.0054059 -0.0299308 -1.96719 -0.00532276 0.999989 0.00289633 -0.744659 0.0299496 -0.00273541 0.999566 56.732
0.999556 0.00315031 -0.0298924 -2.02727 -0.00307812 0.999995 0.00245658 -0.764544 0.0299013 -0.00236362 0.999557 58.183
0.999624 0.0023906 -0.0275688 -2.10361 -0.00232759 1 0.00235907 -0.782084 0.027578 -0.00229369 0.999636 59.628
0.999656 0.00158313 -0.0264482 -2.16135 -0.00147903 0.999994 0.00395055 -0.806999 0.0264556 -0.00391025 0.999649 61.0682
0.999683 -0.000403715 -0.0254262 -2.2157 0.000539591 0.999993 0.00538238 -0.831253 0.0254274 -0.00539407 0.999681 62.5135
0.999672 -0.00268624 -0.0257715 -2.2296 0.00281807 0.999988 0.00507367 -0.85752 0.0257586 -0.00514482 0.999663 63.9507
0.999656 -0.00470788 -0.0259967 -2.26244 0.00481111 0.999987 0.0039539 -0.871283 0.0259812 -0.00407727 0.999673 65.4024
0.999678 -0.00441434 -0.0253283 -2.30554 0.00450437 0.999988 0.00349215 -0.891113 0.0253136 -0.00360531 0.999681 66.8306
0.999691 -0.0037661 -0.0248016 -2.34265 0.00384374 0.999994 0.00313063 -0.907265 0.0247931 -0.00322466 0.999706 68.2921
0.999761 5.15514e-05 -0.0223131 -2.41059 5.98953e-05 0.999993 0.00499028 -0.941487 0.0223135 -0.00499066 0.99975 69.6667
0.999763 0.00358937 -0.021767 -2.44529 -0.00345824 0.999983 0.00609907 -0.956737 0.021791 -0.00602199 0.999765 71.1733
0.999753 0.00851296 -0.0210656 -2.48373 -0.0084048 0.99996 0.00521352 -0.959938 0.021109 -0.00503537 0.999779 72.6106
0.999742 0.0135426 -0.018482 -2.5858 -0.0134905 0.999913 0.00298117 -0.942392 0.0185228 -0.0027307 0.99985 74.0712
0.999717 0.0166423 -0.0175539 -2.63573 -0.0166174 0.99987 0.00155306 -0.948278 0.0175771 -0.00126112 0.999858 75.4972
0.999683 0.0184198 -0.0173627 -2.64719 -0.0183886 0.999835 0.00198801 -0.989018 0.0173983 -0.00166767 0.999873 76.92
0.999713 0.0187697 -0.0156247 -2.70509 -0.0187588 0.999834 0.000813631 -0.991739 0.0156365 -0.000520365 0.999895 78.3968
0.999711 0.0173796 -0.01695 -2.6923 -0.0173687 0.999857 0.000808536 -1.03032 0.0169628 -0.00051338 0.999886 79.781
0.999728 0.0163288 -0.0172072 -2.71784 -0.0163576 0.999874 -0.00156656 -1.0344 0.0171784 0.00184764 0.999867 81.1647
0.999745 0.0164901 -0.0158302 -2.78662 -0.0165457 0.999867 -0.00337758 -1.03359 0.0157733 0.00363918 0.999901 82.5861
0.999762 0.0128553 -0.0184004 -2.75359 -0.0128691 0.999934 -0.000669006 -1.10238 0.0183886 0.000905755 0.999851 83.8589
0.999729 0.0133844 -0.0194309 -2.78658 -0.0134346 0.999916 -0.00247547 -1.11044 0.0193956 0.00273638 0.999846 85.3088
0.999757 0.0127681 -0.018694 -2.8528 -0.0128278 0.999929 -0.00311649 -1.12375 0.0186507 0.00335567 0.999841 86.7322
0.999799 0.0126134 -0.0161489 -2.97251 -0.0126875 0.99992 -0.00453115 -1.10751 0.0160898 0.00473568 0.9999 88.1687
0.999799 0.0104266 -0.0181226 -2.95955 -0.0104721 0.999966 -0.00249498 -1.16807 0.018093 0.00268454 0.999857 89.5294
0.999807 0.00834758 -0.0183406 -3.03529 -0.00843287 0.999966 -0.00464358 -1.14934 0.0182998 0.00479792 0.999864 90.9912
0.999828 0.00676277 -0.0181723 -3.07393 -0.00685844 0.999987 -0.00530245 -1.17397 0.018133 0.00542648 0.999845 92.3558
0.999869 0.0056733 -0.0158825 -3.16794 -0.00578733 0.999969 -0.00722164 -1.18138 0.0158395 0.0073131 0.999894 93.7252
0.999826 0.00370997 -0.0193849 -3.11365 -0.00384578 0.999995 -0.0070947 -1.23653 0.0193547 0.00716839 0.999816 95.1336
0.999836 0.00413655 -0.0183454 -3.17812 -0.0042929 0.999967 -0.00857187 -1.25263 0.0183075 0.00864959 0.999842 96.5882
0.99991 0.00431338 -0.0143383 -3.29481 -0.00447191 0.999954 -0.0112206 -1.25266 0.0142854 0.0112842 0.999864 97.9935
0.999892 0.00520799 -0.0147338 -3.2958 -0.00536029 0.999945 -0.0104382 -1.32617 0.0146766 0.0105165 0.999886 99.3433
0.999921 0.00752594 -0.0122627 -3.3765 -0.00766417 0.999935 -0.0115121 -1.33853 0.0121714 0.0116057 0.99989 100.716
0.999897 0.00641487 -0.0140087 -3.3594 -0.00654778 0.999947 -0.00960798 -1.38868 0.0139438 0.00969935 0.999908 102.083
0.999773 0.00790995 -0.0211098 -3.27779 -0.0080198 0.999987 -0.00527618 -1.47682 0.0210637 0.00544479 0.999798 103.379
0.999733 0.00753561 -0.0225496 -3.31244 -0.00769925 0.99996 -0.00728518 -1.49797 0.0224915 0.00745738 0.999771 104.752
0.999707 0.00559971 -0.0248024 -3.30784 -0.00583643 0.999972 -0.00961375 -1.54186 0.024744 0.00975622 0.999684 106.08
0.999705 0.00692877 -0.0239952 -3.38373 -0.00722082 0.999916 -0.0122119 -1.54924 0.0239064 0.0123821 0.999689 107.411
0.999703 0.00278711 -0.0255828 -3.40305 -0.00306354 0.999976 -0.0109012 -1.59218 0.0255478 0.0109768 0.999653 108.757
0.99975 0.00226085 -0.0230595 -3.47956 -0.00249751 0.99996 -0.0103571 -1.60901 0.023033 0.0104127 0.999735 110.161
0.999801 0.00160828 -0.0214948 -3.53173 -0.00183391 0.999982 -0.0106349 -1.63346 0.0214733 0.0106727 0.999751 111.536
0.999793 0.000563215 -0.0212319 -3.54163 -0.000839222 0.999931 -0.0131282 -1.66553 0.0212208 0.0131437 0.999743 112.868
0.99984 0.0013993 -0.0196126 -3.5854 -0.00166186 0.999946 -0.0135471 -1.74328 0.0195885 0.0135778 0.999756 114.23
0.999856 0.00517595 -0.0173359 -3.64941 -0.00546184 0.999865 -0.0166535 -1.76439 0.0172451 0.0167459 0.99977 115.611
0.999897 0.00808163 -0.0145062 -3.69405 -0.00831544 0.99987 -0.0163679 -1.81372 0.0143678 0.016487 0.999802 116.932
0.999893 0.00961999 -0.0126153 -3.71766 -0.00978913 0.999876 -0.0136485 -1.87358 0.0124801 0.0137709 0.999885 118.268
0.999921 0.00954904 -0.0116528 -3.73009 -0.00967744 0.999927 -0.0113065 -1.92045 0.0115396 0.0114185 0.99991 119.638
0.999928 0.00939239 -0.00980252 -3.78207 -0.00950071 0.999908 -0.0113667 -1.9505 0.00969246 0.0114593 0.999947 120.973
0.999954 0.0107623 -0.00694238 -3.82692 -0.0108552 0.999884 -0.0139839 -1.95934 0.00678663 0.0140589 0.99992 122.33
0.999913 0.0137623 -0.0048379 -3.86131 -0.0138368 0.999788 -0.0163509 -1.97756 0.00460945 0.0164166 0.999914 123.696
0.999904 0.016276 -0.00165796 -3.92119 -0.0163007 0.999736 -0.0186245 -1.99261 0.00134982 0.01865 0.999868 125.072
0.999864 0.0176376 -0.000367213 -3.88739 -0.0176383 0.999681 -0.0190427 -2.06445 2.74887e-05 0.0190468 0.999881 126.346
0.999878 0.0178404 0.000909008 -3.88603 -0.017816 0.999699 -0.0192678 -2.1201 -0.00125775 0.0192496 0.999858 127.7
0.99988 0.0166057 0.00194635 -3.86064 -0.016564 0.999712 -0.0184031 -2.19467 -0.00225533 0.0183689 0.999891 129.024
0.999901 0.0162499 0.00293703 -3.86833 -0.0161926 0.999758 -0.0175166 -2.23677 -0.00322641 0.0174676 0.999887 130.375
0.999896 0.014912 0.00507294 -3.88238 -0.0148186 0.999757 -0.0173907 -2.27405 -0.00533495 0.017314 0.999899 131.737
0.999926 0.0137243 0.00587877 -3.88622 -0.0136178 0.999802 -0.0172329 -2.31924 -0.00611953 0.0171518 0.999879 133.089
0.999933 0.0114501 0.00651649 -3.88915 -0.0113334 0.999806 -0.017193 -2.36448 -0.00671598 0.0171183 0.999895 134.442
0.999971 0.00958299 0.00649553 -3.88196 -0.00947456 0.99987 -0.0160037 -2.41878 -0.0066535 0.0159419 0.999896 135.821
0.999969 0.0079011 0.00636956 -3.89317 -0.00779198 0.999853 -0.0164737 -2.45956 -0.00650269 0.0164239 0.999908 137.234
0.999998 0.00642634 0.0060277 -3.90227 -0.00632166 0.999885 -0.0166413 -2.50589 -0.00613943 0.0166034 0.999889 138.596
0.999984 0.00569911 0.0063563 -3.92638 -0.00559588 0.999882 -0.015625 -2.55337 -0.00644848 0.0155896 0.999922 139.975
1.00001 0.00387087 0.0066604 -3.94707 -0.00376179 0.999912 -0.0157803 -2.59466 -0.0067264 0.0157557 0.999899 141.355
0.999991 0.00363556 0.0067664 -3.96948 -0.00352234 0.999882 -0.0161882 -2.6368 -0.00682838 0.0161645 0.99991 142.731
1 0.00355501 0.00734569 -3.99405 -0.00342576 0.999892 -0.0170498 -2.67944 -0.00741104 0.017025 0.999873 144.119
0.999976 0.00338589 0.0087616 -4.03179 -0.00322722 0.999858 -0.0176852 -2.72049 -0.00882411 0.0176568 0.99987 145.499
0.999983 0.00122729 0.0102907 -4.0647 -0.00101039 0.999828 -0.0207092 -2.76186 -0.0103199 0.0206989 0.999778 146.887
0.999953 -0.00375995 0.0109552 -4.08432 0.00399715 0.999782 -0.0214027 -2.80333 -0.0108762 0.0214458 0.999776 148.276
0.99992 -0.0120755 0.00944181 -4.05756 0.0122588 0.999784 -0.0192338 -2.85588 -0.00921296 0.0193484 0.999817 149.595
0.999808 -0.017975 0.0100936 -4.08215 0.0181651 0.999679 -0.0187102 -2.89232 -0.00975784 0.0188903 0.999839 150.973
0.999756 -0.0210387 0.0110017 -4.09539 0.0212863 0.999563 -0.022558 -2.93431 -0.0105278 0.0227873 0.999732 152.354
0.999747 -0.0197703 0.0125457 -4.10401 0.0200971 0.999475 -0.0261929 -2.98699 -0.012025 0.0264387 0.999644 153.7
0.999817 -0.0161286 0.0134934 -4.08344 0.0164994 0.999527 -0.0275719 -3.06032 -0.0130478 0.0277899 0.999576 155.088
0.999787 -0.0159757 0.0145983 -4.07343 0.0163724 0.999515 -0.0272228 -3.1244 -0.01416 0.0274563 0.999589 156.473
0.999705 -0.0193275 0.017103 -4.09467 0.0197342 0.999567 -0.0237176 -3.183 -0.0166427 0.0240483 0.999622 157.789
0.999525 -0.0253142 0.0187672 -4.08031 0.0257053 0.999476 -0.0206963 -3.24102 -0.018237 0.0211692 0.999677 159.192
0.999418 -0.0285776 0.0205759 -4.07365 0.0289867 0.999429 -0.0196742 -3.29341 -0.0200074 0.0202593 0.999645 160.561
0.999298 -0.0302844 0.0229869 -4.09617 0.0307563 0.999341 -0.0202954 -3.33257 -0.0223606 0.0209885 0.999597 161.922
0.999313 -0.0278802 0.0259789 -4.10094 0.0284213 0.999428 -0.0205455 -3.37374 -0.0253968 0.0212699 0.999502 163.309
0.999353 -0.0234628 0.0280219 -4.08633 0.0240462 0.999519 -0.0205342 -3.43978 -0.0275302 0.0211951 0.999463 164.696
0.999387 -0.0197174 0.0302122 -4.0667 0.0204155 0.999574 -0.0228481 -3.49569 -0.0297544 0.0234511 0.999333 166.071
0.999404 -0.0172464 0.0305952 -4.05057 0.0179493 0.9996 -0.0227281 -3.54854 -0.0301946 0.0232641 0.999341 167.431
0.999328 -0.0151809 0.0344223 -4.06633 0.0159679 0.999661 -0.0225931 -3.58736 -0.0340734 0.0231279 0.999202 168.804
0.999318 -0.0134581 0.0349945 -4.04951 0.0142851 0.999644 -0.0233889 -3.62706 -0.0346709 0.0238731 0.999182 170.182
0.999335 -0.0106915 0.0358954 -4.02699 0.0116378 0.999633 -0.0261548 -3.68239 -0.0356083 0.0265556 0.999064 171.575
0.999374 -0.00847254 0.0349568 -3.99223 0.00945635 0.999583 -0.0279751 -3.75029 -0.0347091 0.0282883 0.999065 172.943
0.999431 -0.00330931 0.0346991 -3.9561 0.00433226 0.999605 -0.029338 -3.81095 -0.0345942 0.029472 0.999019 174.367
0.999394 0.0021988 0.0353705 -3.94124 -0.00120876 0.99963 -0.027894 -3.87013 -0.0354227 0.0278346 0.999054 175.739
0.999413 0.00534213 0.0349457 -3.88173 -0.00444693 0.999712 -0.0255335 -3.93841 -0.035078 0.0253634 0.999116 177.17
0.999287 0.00603563 0.0379161 -3.88544 -0.0050927 0.999699 -0.024822 -3.97868 -0.0380582 0.0246112 0.999046 178.545
0.999336 0.00328388 0.0373189 -3.83737 -0.00236037 0.999741 -0.0246698 -4.02526 -0.0373961 0.0245655 0.999053 179.946
0.999402 0.000612605 0.0353408 -3.78309 0.000201242 0.999761 -0.0229163 -4.10086 -0.0353499 0.0229099 0.999188 181.364
0.999408 0.00103289 0.0354937 -3.75844 -6.01173e-05 0.999666 -0.0272995 -4.16009 -0.0355163 0.0272815 0.999051 182.79
0.999383 0.00332253 0.0357541 -3.74471 -0.00217621 0.99951 -0.0319553 -4.21711 -0.0358463 0.0318577 0.998926 184.184
0.999352 0.00757831 0.036263 -3.71414 -0.00640389 0.999494 -0.0323008 -4.28173 -0.0364959 0.0320477 0.998875 185.597
0.999342 0.00995708 0.0356324 -3.66574 -0.00884586 0.9995 -0.0311102 -4.35036 -0.035928 0.0307746 0.998957 186.985
0.999302 0.0118085 0.0365365 -3.63332 -0.010808 0.9996 -0.0273721 -4.41864 -0.0368518 0.0269578 0.999013 188.375
0.999225 0.0122466 0.0381438 -3.61007 -0.0112837 0.99964 -0.0252649 -4.48275 -0.0384431 0.0248148 0.99903 189.771
0.999198 0.0120659 0.0391687 -3.57965 -0.0111244 0.999681 -0.0240835 -4.54708 -0.0394536 0.0236281 0.998997 191.144
0.999184 0.00988108 0.0398525 -3.5422 -0.0089591 0.999715 -0.023159 -4.60693 -0.0400739 0.022783 0.999015 192.603
0.999192 0.00728197 0.040501 -3.49005 -0.00637697 0.999763 -0.022347 -4.67051 -0.0406609 0.0220704 0.998984 194.077
0.999164 0.00392723 0.0413812 -3.44356 -0.00302851 0.999784 -0.0216743 -4.73329 -0.0414613 0.0215308 0.998986 195.543
0.999137 0.00134589 0.0424149 -3.38966 -0.000475465 0.999823 -0.0204463 -4.78951 -0.0424418 0.0204082 0.998945 197.037
0.999061 -0.00279927 0.0439 -3.35579 0.00363496 0.99984 -0.0188912 -4.84314 -0.0438436 0.0190331 0.998937 198.443
0.999033 -0.00523545 0.0445494 -3.29999 0.00608782 0.999834 -0.0189461 -4.89369 -0.0444494 0.0191988 0.998883 199.894
0.998985 -0.00337959 0.0455782 -3.25697 0.00445166 0.999742 -0.0233667 -4.94655 -0.045491 0.0235458 0.998767 201.341
0.99896 0.00466669 0.0462142 -3.22336 -0.00336148 0.999629 -0.0282098 -5.00438 -0.0463353 0.0280251 0.998589 202.78
0.998803 0.0130492 0.0477642 -3.18117 -0.011697 0.999553 -0.0284097 -5.06207 -0.0481171 0.0278169 0.998534 204.224
0.998622 0.0200485 0.0492991 -3.1446 -0.0188219 0.999539 -0.0251542 -5.11304 -0.0497873 0.0241913 0.998524 205.667
0.998466 0.0215737 0.0515733 -3.10649 -0.0203895 0.999546 -0.0233103 -5.16396 -0.052056 0.0222229 0.998477 207.122
0.998491 0.0201886 0.0518583 -3.04672 -0.0190075 0.999584 -0.0231073 -5.21678 -0.0523099 0.0220864 0.998444 208.616
0.99848 0.0171606 0.0529346 -3.01933 -0.0159284 0.999622 -0.0235489 -5.26886 -0.0533218 0.0226697 0.998402 210.049
0.998512 0.0150944 0.0531714 -2.96679 -0.0138119 0.99964 -0.0243448 -5.32135 -0.0535263 0.0235738 0.998346 211.524
0.998413 0.015634 0.0546568 -2.93054 -0.0143033 0.999621 -0.0245914 -5.38612 -0.0550235 0.0237703 0.998284 212.981
0.99826 0.016817 0.0572463 -2.90981 -0.015442 0.999617 -0.024322 -5.44339 -0.0576403 0.0233953 0.998119 214.442
0.998096 0.0173753 0.0596862 -2.8719 -0.0160145 0.999629 -0.0231433 -5.50939 -0.060069 0.0221431 0.998032 215.937
0.998042 0.0177592 0.0606608 -2.801 -0.0164117 0.999643 -0.0225892 -5.5864 -0.0610472 0.0215491 0.997958 217.452
0.998024 0.0168362 0.0610329 -2.71548 -0.0154421 0.999637 -0.0231864 -5.64849 -0.0614038 0.0221977 0.997951 218.991
0.998074 0.0162314 0.0605714 -2.6318 -0.0148827 0.999666 -0.0226005 -5.71781 -0.0609247 0.021655 0.997964 220.481
0.998103 0.0167296 0.0597624 -2.54804 -0.015432 0.999663 -0.0220503 -5.78499 -0.0601139 0.0210858 0.998053 221.976
0.998137 0.0168233 0.0593631 -2.45898 -0.0155655 0.999679 -0.0215364 -5.85508 -0.059713 0.0205718 0.998061 223.482
0.998128 0.0164953 0.0594179 -2.39997 -0.0152326 0.999678 -0.0215856 -5.9113 -0.0597573 0.0206396 0.998086 224.927
0.99817 0.0164724 0.0589146 -2.3091 -0.0152318 0.999687 -0.0213952 -5.97747 -0.0592551 0.0204581 0.998091 226.451
0.998214 0.0167972 0.0578583 -2.20733 -0.0155737 0.999675 -0.0214765 -6.04098 -0.0582026 0.0205365 0.99818 228.031
0.998227 0.0171305 0.0577458 -2.13029 -0.0158895 0.999668 -0.021832 -6.09286 -0.0581067 0.0208751 0.998152 229.533
0.99827 0.0160395 0.0571082 -2.04545 -0.0147948 0.999673 -0.0220948 -6.14891 -0.0574463 0.0212112 0.99821 231.054
0.998282 0.0147496 0.0574658 -1.97642 -0.0134897 0.999694 -0.022201 -6.20199 -0.0577818 0.021387 0.99816 232.565
0.998248 0.0139199 0.0580487 -1.91067 -0.0126497 0.999702 -0.0221371 -6.25753 -0.0583419 0.0213636 0.998155 234.095
0.998201 0.0124683 0.05938 -1.85671 -0.0111989 0.999736 -0.0216157 -6.30923 -0.05964 0.0209112 0.998062 235.612
0.998127 0.0127397 0.0603539 -1.78643 -0.0114496 0.999728 -0.0216178 -6.36441 -0.0606153 0.0208858 0.998029 237.154
0.99808 0.0145221 0.0608987 -1.69579 -0.0131585 0.999688 -0.0226861 -6.42263 -0.0612153 0.0218407 0.997946 238.689
0.997915 0.0155664 0.063147 -1.64753 -0.014096 0.99965 -0.0236127 -6.48023 -0.063495 0.0226728 0.997812 240.176
0.997779 0.0161487 0.0652422 -1.56885 -0.0146734 0.99966 -0.0229849 -6.5382 -0.0655974 0.021976 0.997663 241.671
0.997669 0.0165153 0.0667116 -1.45537 -0.0151176 0.999687 -0.0213528 -6.59282 -0.0670459 0.020294 0.997631 243.129
0.997587 0.0154005 0.0683035 -1.33956 -0.0140167 0.999721 -0.02065 -6.64659 -0.0686088 0.0196422 0.997509 244.586
0.997446 0.0166834 0.069944 -1.27712 -0.0151148 0.999655 -0.0228521 -6.696 -0.0703038 0.0217358 0.99738 246.178
0.997363 0.0169459 0.0711554 -1.19252 -0.015271 0.999627 -0.0239783 -6.76262 -0.0715418 0.0228278 0.997235 247.715
0.997414 0.017376 0.0702425 -1.05629 -0.0157781 0.999637 -0.0231959 -6.83839 -0.0706228 0.0220268 0.997352 249.298
0.997509 0.0167375 0.0691348 -0.921707 -0.0152765 0.999682 -0.0215667 -6.91183 -0.0694803 0.0204562 0.997433 250.866
0.997557 0.0165274 0.0683891 -0.808388 -0.0151349 0.9997 -0.0207853 -6.97797 -0.068715 0.0196987 0.997533 252.416
0.997596 0.0166195 0.0678939 -0.701757 -0.0152697 0.999708 -0.020311 -7.04605 -0.0682181 0.0192248 0.997545 253.974
0.997571 0.0180476 0.0677904 -0.598183 -0.0167335 0.999693 -0.0198576 -7.10865 -0.0681308 0.0186742 0.997592 255.541
0.997498 0.0189244 0.0687206 -0.516454 -0.01762 0.999685 -0.0194974 -7.17048 -0.0690745 0.018237 0.997505 257.06
0.997488 0.0185659 0.0688725 -0.421952 -0.0173296 0.99971 -0.0184605 -7.24029 -0.0691981 0.0172198 0.997545 258.605
0.997469 0.016928 0.0696679 -0.335675 -0.0157242 0.999749 -0.0177515 -7.30612 -0.0699577 0.0166103 0.997472 260.141
0.997504 0.0146202 0.069591 -0.230212 -0.0135347 0.999811 -0.0160016 -7.37953 -0.0698148 0.015019 0.997539 261.734
0.99747 0.0118515 0.0707179 -0.142727 -0.0107862 0.999854 -0.0153872 -7.42827 -0.0708968 0.0145846 0.997439 263.277
0.997499 0.0105147 0.0704008 -0.0357374 -0.00937517 0.999851 -0.0164564 -7.47439 -0.0705664 0.0157544 0.997475 264.844
0.997483 0.00895431 0.070958 0.0508144 -0.00772692 0.999847 -0.0175144 -7.52625 -0.0711109 0.0169212 0.997386 266.407
0.997246 0.00586312 0.0744028 0.100281 -0.00474844 0.999907 -0.0151117 -7.58164 -0.0744872 0.0147161 0.997207 267.941
0.997188 0.00339481 0.0754341 0.198322 -0.0023675 0.999934 -0.0136679 -7.62801 -0.0754825 0.0134499 0.997119 269.506
0.997208 0.00287859 0.0750805 0.31561 -0.00178199 0.999924 -0.0146297 -7.68055 -0.0751198 0.0144543 0.997163 271.115
0.997295 0.0032552 0.0740104 0.460734 -0.00214139 0.999914 -0.0150868 -7.74799 -0.0740601 0.0148866 0.997206 272.714
0.99717 0.00219196 0.0756251 0.551092 -0.00110519 0.999929 -0.0143701 -7.80735 -0.0756543 0.0142449 0.997128 274.246
0.99719 0.00379502 0.0754054 0.684578 -0.00273189 0.999926 -0.0141607 -7.86212 -0.0754607 0.0139138 0.997115 275.841
0.997085 0.00555686 0.0765783 0.792001 -0.00447085 0.99992 -0.0143056 -7.9166 -0.0766547 0.0139205 0.997057 277.397
0.996921 0.00578849 0.0787729 0.895541 -0.00470714 0.999923 -0.0138711 -7.97161 -0.0788545 0.0134566 0.996858 278.953
0.996815 0.00740736 0.0798859 1.00971 -0.00622818 0.999903 -0.0149614 -8.01032 -0.0799919 0.0144151 0.996789 280.503
0.996712 0.00581 0.0813942 1.12634 -0.00461336 0.99991 -0.0148478 -8.06079 -0.0814807 0.0144224 0.996634 282.016
0.996711 0.00388754 0.0814147 1.24707 -0.00263862 0.999913 -0.0154041 -8.10849 -0.0814713 0.0151374 0.996658 283.657
0.996546 0.00275988 0.0835921 1.37586 -0.00153036 0.999924 -0.0147389 -8.16461 -0.083635 0.0145588 0.996458 285.17
0.996558 0.00125864 0.0833794 1.51781 -7.44771e-05 0.999938 -0.0141717 -8.20727 -0.0833968 0.0141154 0.996518 286.791
0.996576 0.00142126 0.0832658 1.65284 -0.000195279 0.999925 -0.0147003 -8.25025 -0.0832891 0.0146326 0.996486 288.409
0.9966 -0.00047943 0.0828882 1.78379 0.00187987 0.999898 -0.0167883 -8.29754 -0.0828763 0.0168857 0.996519 289.975
0.996628 -0.000596617 0.0826524 1.91527 0.0022254 0.999838 -0.0195862 -8.34624 -0.0826361 0.019703 0.996453 291.558
0.996679 -0.00136512 0.0819169 2.04019 0.00297519 0.999846 -0.0195064 -8.39754 -0.0818823 0.019684 0.99655 293.142
0.996714 -0.00321819 0.0815367 2.15959 0.00483703 0.999828 -0.0196343 -8.44527 -0.0814682 0.0199632 0.996543 294.718
0.996641 -0.00289178 0.0823385 2.26014 0.00461725 0.999815 -0.0207438 -8.49412 -0.0822679 0.0210529 0.996491 296.277
0.996607 -0.00222867 0.082867 2.3802 0.004069 0.999782 -0.0220184 -8.53543 -0.0828086 0.0222798 0.996385 297.867
0.99663 -0.00172395 0.08251 2.49953 0.00357755 0.999787 -0.0222965 -8.59391 -0.0824588 0.022515 0.996444 299.516
0.996718 -0.00245049 0.0815251 2.62696 0.00429878 0.999771 -0.0224757 -8.6498 -0.0814602 0.0227512 0.996486 301.123
0.996785 -0.00318034 0.0805708 2.76563 0.00497212 0.999787 -0.0220228 -8.6964 -0.0804885 0.022351 0.996609 302.702
0.996775 -0.00143241 0.080835 2.8745 0.0031524 0.999805 -0.0211261 -8.75026 -0.0807979 0.0213116 0.996572 304.311
0.996652 -0.00172191 0.0822377 2.98833 0.00349634 0.999806 -0.0214131 -8.80494 -0.0821898 0.0216273 0.996486 305.918
0.996576 -0.00299884 0.0832248 3.10954 0.00487151 0.999774 -0.022281 -8.85287 -0.0831481 0.022609 0.996351 307.559
0.996504 -0.00413569 0.0839343 3.23783 0.00607246 0.999763 -0.022808 -8.90668 -0.0838251 0.0232363 0.996313 309.172
0.996451 -0.00600077 0.0845485 3.36807 0.00803033 0.999722 -0.0236591 -8.96251 -0.0843921 0.0242529 0.996208 310.792
0.996393 -0.00820587 0.0849488 3.49617 0.0104501 0.999649 -0.0259854 -9.02335 -0.0847108 0.0267777 0.996149 312.404
0.996384 -0.0092232 0.0850414 3.62487 0.0115718 0.999598 -0.0271404 -9.08599 -0.0847659 0.0280252 0.996077 314.015
0.996566 -0.00893825 0.0828149 3.75093 0.0112458 0.999602 -0.0274165 -9.16876 -0.0825421 0.0282521 0.996289 315.636
0.99681 -0.00793592 0.080059 3.8968 0.0100664 0.99964 -0.0262143 -9.24689 -0.0798309 0.0269353 0.996516 317.319
0.996909 -0.00688824 0.0787901 4.05024 0.00865876 0.999759 -0.0221267 -9.33065 -0.0786239 0.022739 0.996748 318.977
0.996897 -0.00854031 0.0789019 4.17781 0.0100229 0.999815 -0.0183831 -9.40337 -0.0787392 0.0191155 0.996783 320.637
0.996883 -0.00864147 0.0789549 4.28438 0.0100116 0.999848 -0.0169486 -9.46713 -0.0788017 0.0176847 0.996836 322.275
0.996867 -0.00930789 0.0791974 4.39847 0.0107257 0.999825 -0.0174659 -9.53026 -0.0790298 0.0182593 0.996776 323.905
0.99681 -0.0106883 0.0796154 4.5304 0.0121103 0.999817 -0.0173752 -9.59045 -0.0794205 0.0182824 0.996776 325.539
0.996872 -0.0105581 0.0789761 4.6674 0.0119282 0.999821 -0.0168682 -9.65698 -0.0787926 0.0177561 0.996805 327.189
0.996749 -0.010705 0.0803904 4.7808 0.0121494 0.999815 -0.0174768 -9.70278 -0.0801936 0.0183951 0.996713 328.873
0.996678 -0.00773844 0.0817214 4.87211 0.00931402 0.999814 -0.0188891 -9.7543 -0.0815688 0.0195861 0.996547 330.537
0.99653 -0.00637653 0.0835114 4.98294 0.00806242 0.999812 -0.0198438 -9.80925 -0.0833742 0.0204467 0.996412 332.226
0.996317 -0.00800039 0.0859953 5.10395 0.00958544 0.999828 -0.0180091 -9.87617 -0.0858452 0.0187656 0.996205 333.892
0.996309 -0.00854736 0.0859181 5.22662 0.0100155 0.999854 -0.0166504 -9.93708 -0.0857681 0.0174479 0.996267 335.508
0.996332 -0.00980842 0.085627 5.36436 0.0113193 0.999825 -0.0171522 -10.0009 -0.0854526 0.0180572 0.996252 337.161
0.996437 -0.0085176 0.0844354 5.50882 0.00996606 0.999853 -0.0167268 -10.0609 -0.0842855 0.0175071 0.996393 338.795
0.996571 -0.00714124 0.0830746 5.64557 0.00873252 0.999822 -0.0187822 -10.1176 -0.0829343 0.019442 0.996439 340.427
0.996668 -0.00588379 0.0819054 5.77541 0.00785374 0.999733 -0.02373 -10.1443 -0.0817483 0.0242924 0.996468 342.054
0.996776 -0.00358221 0.0807958 5.8952 0.0055596 0.999726 -0.0242368 -10.1988 -0.0806956 0.0246065 0.996507 343.697
0.996828 -0.0044573 0.0800343 6.02587 0.00616906 0.999805 -0.0211326 -10.2647 -0.0799288 0.0215577 0.99668 345.298
0.997057 -0.00347485 0.0772534 6.14882 0.00487163 0.999863 -0.0178734 -10.3268 -0.0771893 0.0181957 0.996922 346.898
0.997255 -0.00335772 0.0745951 6.27739 0.00481917 0.999849 -0.0193977 -10.3754 -0.0745232 0.0197022 0.99714 348.534
0.997415 -0.00423693 0.0724552 6.39228 0.00579682 0.999791 -0.021305 -10.4284 -0.0723583 0.0216687 0.997215 350.146
0.99749 -0.00627476 0.0711891 6.5094 0.00775761 0.999808 -0.0205486 -10.4899 -0.071051 0.0210477 0.997367 351.735
0.997488 -0.00750044 0.0711807 6.599 0.00900619 0.999778 -0.0208258 -10.5461 -0.0710174 0.0214134 0.997318 353.389
0.997451 -0.00789813 0.0715727 6.6993 0.00948314 0.999766 -0.0218096 -10.6064 -0.0713882 0.0224311 0.997312 355.03
0.997481 -0.00825276 0.0711983 6.81007 0.00992488 0.999719 -0.0231323 -10.6651 -0.0709961 0.0237795 0.997266 356.663
0.997477 -0.00910625 0.0710589 6.91455 0.0107689 0.999726 -0.0230272 -10.7324 -0.0708343 0.0237328 0.997321 358.265
0.997523 -0.0106975 0.07029 7.03992 0.0123414 0.999696 -0.0229612 -10.7999 -0.0700317 0.0237707 0.997335 359.878
0.997527 -0.0104836 0.0701615 7.14353 0.0122148 0.999681 -0.0242677 -10.8553 -0.0698893 0.025063 0.997356 361.482
0.997518 -0.0106937 0.0703564 7.25447 0.0124751 0.99965 -0.0248972 -10.9306 -0.0700741 0.025712 0.997286 363.112
0.997485 -0.012223 0.0704746 7.3686 0.0139922 0.999648 -0.0246427 -10.9993 -0.0701533 0.0255652 0.997324 364.725
0.99751 -0.011836 0.0702932 7.48454 0.0136626 0.999618 -0.0255293 -11.0706 -0.0699727 0.026425 0.997275 366.367
0.997509 -0.0135157 0.0699005 7.59611 0.0154286 0.999569 -0.0268771 -11.138 -0.0695119 0.027887 0.997308 367.968
0.997476 -0.0158064 0.0699863 7.70378 0.0175948 0.999571 -0.0249762 -11.2116 -0.0695701 0.0261434 0.99731 369.615
0.997378 -0.0169734 0.0710161 7.78366 0.0187567 0.999573 -0.0244988 -11.2747 -0.0705747 0.0257649 0.997291 371.232
0.997227 -0.0165746 0.0732873 7.84772 0.0185046 0.999536 -0.0257018 -11.337 -0.0728361 0.0269855 0.997054 372.801
0.997289 -0.0160208 0.0724756 7.99214 0.017884 0.999574 -0.0251107 -11.4225 -0.0720473 0.0263371 0.997172 374.365
0.997287 -0.014348 0.0729621 8.09681 0.016184 0.999605 -0.0246006 -11.4866 -0.0725891 0.0257135 0.997107 375.998
0.997245 -0.013388 0.073613 8.20387 0.0152155 0.999638 -0.0242996 -11.5493 -0.0732659 0.0253509 0.997109 377.625
0.997222 -0.0121714 0.0742311 8.31103 0.014057 0.99963 -0.0248984 -11.6119 -0.0739095 0.0258715 0.997006 379.247
0.997197 -0.0135294 0.0742346 8.42374 0.0153947 0.999629 -0.0245911 -11.6975 -0.0738792 0.0256633 0.997055 380.85
0.997162 -0.0140453 0.074711 8.53237 0.0158703 0.999628 -0.0238569 -11.778 -0.074357 0.0249737 0.996996 382.45
0.997048 -0.0138771 0.0761604 8.6418 0.0157557 0.999634 -0.0240988 -11.8423 -0.0758031 0.0252259 0.996921 384.077
0.99704 -0.0122613 0.0766197 8.75782 0.0141492 0.999648 -0.0241145 -11.9094 -0.0763061 0.025126 0.996845 385.719
0.99695 -0.0106602 0.0779238 8.86575 0.0124587 0.999716 -0.0226076 -11.9928 -0.0776654 0.0235077 0.996821 387.33
0.996924 -0.0106805 0.0783355 8.9941 0.0124794 0.999707 -0.0224792 -12.0622 -0.0780816 0.0233864 0.996749 388.944
0.996909 -0.00915955 0.078646 9.11479 0.0110085 0.999722 -0.023085 -12.1241 -0.0784175 0.0238776 0.996753 390.562
0.996973 -0.00872742 0.0779539 9.25674 0.010603 0.999702 -0.023647 -12.1774 -0.0777334 0.0244008 0.996752 392.177
0.99706 -0.00869626 0.0767619 9.40172 0.0104633 0.999739 -0.0226228 -12.2428 -0.07655 0.0233577 0.996912 393.753
0.997055 -0.00682344 0.0771192 9.5042 0.00862055 0.99974 -0.0229639 -12.2944 -0.0769521 0.0235599 0.996836 395.447
0.997 -0.00608498 0.0777895 9.61927 0.00799436 0.999725 -0.0242324 -12.3496 -0.0776255 0.0247797 0.996796 397.101
0.996957 -0.00458899 0.0785497 9.73446 0.00655831 0.999713 -0.0248005 -12.4084 -0.078423 0.025239 0.996681 398.709
