0.999609 0.000628605 0.0280201 0.00168813 -0.000544013 0.999996 -0.00301579 0.000231922 -0.0280217 0.00299941 0.999605 0.67253
0.99852 -0.00372931 0.0542591 0.0513832 0.00417189 0.999961 -0.00804375 -0.00455251 -0.0542269 0.00825822 0.998496 1.33301
0.997409 -0.00287764 0.0717927 0.105644 0.00373708 0.999925 -0.0118308 -0.00179523 -0.0717532 0.0120687 0.997344 1.90378
0.995615 -0.00167464 0.0935626 0.14659 0.00307056 0.999889 -0.0147768 -0.0017369 -0.0935272 0.0149992 0.995508 2.44403
0.992327 -0.00406221 0.123498 0.12867 0.0059578 0.999871 -0.0149779 -0.00582038 -0.123421 0.015599 0.992226 2.98682
0.988242 -0.00636587 0.152791 0.133833 0.00910255 0.999813 -0.0172174 -0.0113867 -0.152653 0.0184056 0.988115 3.49647
0.983691 -0.00950483 0.179575 0.166564 0.0129109 0.999756 -0.0178026 -0.0372135 -0.179362 0.0198309 0.983579 4.06083
0.976156 -0.0117235 0.216766 0.20094 0.0164254 0.999671 -0.0199004 -0.0482402 -0.216461 0.0229862 0.976026 4.69861
0.966275 -0.0120703 0.257201 0.261257 0.0182052 0.999601 -0.0214808 -0.0613764 -0.25684 0.0254389 0.966115 5.33329
0.953047 -0.0117648 0.302619 0.396859 0.0189277 0.999609 -0.0207443 -0.0791496 -0.302256 0.0254978 0.952897 6.11435
0.937546 -0.0125746 0.347614 0.733069 0.0207594 0.99959 -0.0198239 -0.106936 -0.347222 0.0258019 0.937427 7.12143
0.919224 -0.0128579 0.393545 1.11177 0.0223831 0.999561 -0.0196197 -0.138203 -0.39312 0.0268432 0.919109 8.02495
0.897966 -0.0131502 0.43986 1.50686 0.0241755 0.999523 -0.0194639 -0.165141 -0.439391 0.028111 0.897864 9.07
0.873192 -0.0144097 0.48718 1.92607 0.0274175 0.999437 -0.0195768 -0.185586 -0.486623 0.0304511 0.873098 10.0737
0.849318 -0.0141016 0.527689 2.46481 0.0292293 0.999373 -0.0203296 -0.217022 -0.527067 0.0326891 0.849207 10.941
0.824328 -0.0173211 0.565861 3.03002 0.0338662 0.999255 -0.0187444 -0.247333 -0.565115 0.0346147 0.824304 11.7775
0.797555 -0.0167139 0.603011 3.62111 0.0345175 0.99925 -0.0179496 -0.275048 -0.602255 0.035129 0.797543 12.5886
0.771784 -0.0168216 0.635678 4.28988 0.0368902 0.999158 -0.0183442 -0.314199 -0.634834 0.0376075 0.771757 13.2669
0.744097 -0.0192414 0.66779 4.9924 0.0425362 0.998931 -0.0186072 -0.33807 -0.666714 0.0422496 0.744128 13.9734
0.714366 -0.0178204 0.699562 5.71114 0.0434468 0.998884 -0.0189168 -0.36336 -0.698445 0.0439064 0.714345 14.6567
0.678431 -0.016803 0.734472 6.46693 0.0471653 0.998686 -0.0207123 -0.380816 -0.733151 0.0486919 0.678338 15.4405
0.644624 -0.0159488 0.764348 7.20089 0.0520679 0.998386 -0.0230759 -0.413872 -0.762746 0.0546724 0.644417 16.0261
0.611205 -0.0157711 0.791318 7.98621 0.056033 0.998171 -0.0233793 -0.424385 -0.789492 0.0586275 0.610977 16.6214
0.577051 -0.0178949 0.816526 8.80062 0.063046 0.997761 -0.0226845 -0.436832 -0.814293 0.0645678 0.576891 17.1865
0.544027 -0.0188545 0.838859 9.63999 0.0690463 0.997379 -0.0223556 -0.450185 -0.836229 0.0700802 0.54391 17.7211
0.51282 -0.0163627 0.858353 10.5403 0.071612 0.997158 -0.0237714 -0.464988 -0.855525 0.0736575 0.512539 18.2514
0.481816 -0.0164874 0.876122 11.4071 0.0727251 0.997145 -0.021224 -0.485071 -0.873257 0.0739396 0.481647 18.726
0.448447 -0.0178083 0.893642 12.3367 0.075494 0.996991 -0.0180121 -0.508906 -0.890636 0.0755406 0.448447 19.2231
0.419085 -0.0171008 0.907795 13.2605 0.079369 0.996706 -0.0178595 -0.505548 -0.904483 0.079532 0.41907 19.629
0.384669 -0.0138055 0.922962 14.2129 0.0778352 0.996824 -0.017525 -0.524007 -0.919787 0.0785787 0.384527 20.1108
0.356444 -0.0125002 0.934245 15.1585 0.0785582 0.996788 -0.0166298 -0.55622 -0.931021 0.079316 0.356293 20.4333
0.330656 -0.0129421 0.943676 16.1712 0.0812775 0.996597 -0.0148064 -0.57931 -0.940266 0.0815934 0.33059 20.7487
0.299011 -0.013432 0.95417 17.2032 0.0827229 0.996518 -0.0118889 -0.600091 -0.950673 0.0824811 0.299094 21.1252
0.270346 -0.0141121 0.962673 18.2133 0.082552 0.996566 -0.00856925 -0.620567 -0.95924 0.081785 0.270591 21.4001
0.243102 -0.01428 0.969911 19.2418 0.0831093 0.996537 -0.00615293 -0.634224 -0.966451 0.0820987 0.24346 21.6603
0.217401 -0.0142945 0.975992 20.3212 0.0860764 0.996296 -0.00457679 -0.637695 -0.972303 0.0850022 0.217835 21.9097
0.192927 -0.0139156 0.98113 21.4096 0.0908443 0.995874 -0.00373292 -0.634919 -0.977016 0.0898443 0.193409 22.1403
0.171531 -0.0139542 0.985092 22.4858 0.0960662 0.995389 -0.00262292 -0.638072 -0.980506 0.0950816 0.17209 22.3279
0.15242 -0.014542 0.988224 23.5866 0.102341 0.994765 -0.00114086 -0.638558 -0.983021 0.101304 0.153125 22.4874
0.136959 -0.0156653 0.990465 24.6872 0.106722 0.994306 0.000973685 -0.641013 -0.984836 0.105568 0.13786 22.6046
0.123603 -0.0157976 0.992221 25.8057 0.110124 0.993932 0.002112 -0.642437 -0.986221 0.109 0.124606 22.7035
0.109073 -0.0166605 0.993906 27.011 0.112422 0.993669 0.00432382 -0.645679 -0.987681 0.111262 0.110266 22.8588
0.0964378 -0.0177038 0.995198 28.2215 0.112762 0.993615 0.00675424 -0.644106 -0.988952 0.111563 0.0978324 22.9756
0.0838753 -0.0171305 0.99634 29.4683 0.112198 0.993674 0.00764421 -0.638927 -0.990165 0.111144 0.0852766 23.0997
0.072548 -0.0145998 0.997276 30.6846 0.111823 0.993724 0.00641867 -0.642548 -0.991099 0.111046 0.0737394 23.2087
0.0616354 -0.0114368 0.998044 31.9306 0.112217 0.99369 0.0044617 -0.640102 -0.991796 0.11172 0.06254 23.3105
0.0547855 -0.00928156 0.998473 33.0995 0.113489 0.993553 0.0030143 -0.645668 -0.99205 0.113144 0.0554995 23.35
0.047955 -0.00811015 0.998827 34.3805 0.112816 0.99363 0.00265638 -0.642243 -0.992484 0.112553 0.0485745 23.4118
0.043001 -0.00741591 0.999066 35.6666 0.112937 0.993617 0.00252004 -0.638727 -0.992693 0.112716 0.043578 23.4632
0.0387667 -0.00651608 0.999237 36.9601 0.113371 0.993568 0.00208561 -0.639316 -0.99282 0.113201 0.0392663 23.5236
0.0350196 -0.00457429 0.999394 38.2707 0.112586 0.99366 0.00060841 -0.641634 -0.993047 0.11249 0.0353266 23.5664
0.0316863 -0.00358725 0.999501 39.6215 0.112767 0.993638 -3.8417e-06 -0.634506 -0.99314 0.112709 0.0318995 23.6078
0.0299207 -0.00446429 0.999561 40.9462 0.111865 0.993742 0.00109522 -0.633347 -0.993295 0.111777 0.0302468 23.6584
0.0290417 -0.0065237 0.999566 42.2801 0.112321 0.993684 0.0032268 -0.635602 -0.993272 0.112177 0.0296013 23.7024
0.0257539 -0.0084492 0.999654 43.7272 0.110899 0.993837 0.0055484 -0.639315 -0.99352 0.110712 0.026546 23.7682
0.0226262 -0.0085209 0.999717 45.1731 0.113008 0.993593 0.00591597 -0.642402 -0.993361 0.11284 0.0234545 23.8311
0.0212857 -0.00916731 0.999752 46.5851 0.111963 0.99371 0.00673361 -0.64589 -0.993506 0.111786 0.0221919 23.9033
0.0202775 -0.00911169 0.999763 48.0364 0.113133 0.993574 0.00676564 -0.653096 -0.993398 0.112966 0.0211882 23.9678
0.0187602 -0.00994716 0.999797 49.5033 0.111957 0.993704 0.00779132 -0.664863 -0.993559 0.111782 0.0197695 24.0538
0.0189209 -0.00946456 0.999787 51.0458 0.111356 0.993771 0.00730515 -0.671002 -0.993625 0.111192 0.0198671 24.1025
0.0185704 -0.0100472 0.9998 52.5645 0.110952 0.993815 0.00793174 -0.672271 -0.993676 0.110776 0.019584 24.1888
0.019651 -0.0118469 0.999748 54.1525 0.110045 0.993898 0.00961946 -0.672 -0.993757 0.109826 0.0208446 24.2271
0.0212935 -0.0126721 0.999718 55.6415 0.110442 0.993851 0.010251 -0.691943 -0.993679 0.110185 0.0225756 24.3036
0.0220216 -0.0124616 0.999694 57.2572 0.109374 0.99397 0.00998578 -0.686298 -0.993782 0.109118 0.0232611 24.3641
0.0228185 -0.0125336 0.999686 58.8726 0.109803 0.993925 0.00996073 -0.680668 -0.993716 0.109534 0.0240696 24.4258
0.0243055 -0.0127849 0.999638 60.488 0.109349 0.993972 0.0100586 -0.674878 -0.993732 0.109062 0.0255664 24.49
0.0261133 -0.0144219 0.99958 62.129 0.11123 0.993751 0.0114377 -0.661763 -0.993476 0.110877 0.0275677 24.5478
0.0275647 -0.0164985 0.999499 63.8258 0.112726 0.993557 0.0132965 -0.642357 -0.99327 0.1123 0.029256 24.593
0.0250753 -0.0156184 0.999591 65.5464 0.113814 0.993442 0.012673 -0.635351 -0.993212 0.113442 0.0267017 24.716
0.0262304 -0.0150536 0.999559 67.1753 0.116077 0.993188 0.0119166 -0.652031 -0.992921 0.11571 0.0278078 24.8124
0.0256891 -0.0151123 0.999583 68.9501 0.115188 0.993291 0.0120627 -0.640815 -0.99304 0.114822 0.0272701 24.8766
0.0257467 -0.0158474 0.99956 70.6309 0.11507 0.993295 0.0127891 -0.651941 -0.993051 0.114687 0.027406 24.9855
0.0255167 -0.0175321 0.999546 72.3176 0.11371 0.993428 0.0145279 -0.644093 -0.993214 0.11328 0.0273551 25.1132
0.0265084 -0.0179567 0.999505 74.0598 0.115624 0.993203 0.014782 -0.637121 -0.992967 0.115171 0.0284126 25.1862
0.0274168 -0.0190159 0.999469 75.8397 0.1166 0.993076 0.0157016 -0.633472 -0.992828 0.116101 0.0294566 25.2469
0.0247443 -0.0169806 0.999568 77.7431 0.11581 0.993191 0.0140106 -0.59365 -0.992992 0.11541 0.0265499 25.3613
0.021966 -0.0152685 0.999667 79.6509 0.114647 0.993346 0.0126586 -0.560718 -0.993191 0.114324 0.0235828 25.4691
0.0200661 -0.0138693 0.999719 81.5304 0.113688 0.993468 0.0115058 -0.541613 -0.993341 0.113422 0.0215193 25.5357
0.0194309 -0.0129523 0.999751 83.3787 0.11314 0.993542 0.0106787 -0.532595 -0.993416 0.112897 0.0207832 25.5861
0.0191457 -0.0137415 0.999739 85.2679 0.111556 0.99371 0.0115275 -0.515844 -0.993601 0.111303 0.0205656 25.6267
0.0194907 -0.0129995 0.999749 87.116 0.112233 0.993644 0.0107378 -0.495376 -0.993518 0.111989 0.0208381 25.6685
0.0180196 -0.0131859 0.999768 89.0307 0.10984 0.993905 0.011134 -0.479175 -0.993815 0.10961 0.0193653 25.757
0.0158813 -0.011855 0.999828 91.0076 0.109483 0.993959 0.0100522 -0.456449 -0.99389 0.109297 0.0170952 25.7958
0.0117951 -0.0109439 0.999891 92.9534 0.106373 0.994301 0.00963312 -0.444885 -0.994285 0.106244 0.0128991 25.8932
0.00597327 -0.00903455 0.999968 94.9915 0.106705 0.994278 0.00835151 -0.41661 -0.994301 0.106645 0.00691485 25.9575
0.000793227 -0.0103582 0.999967 96.9399 0.10457 0.994488 0.0102237 -0.422474 -0.994547 0.104555 0.00187889 26.0164
-0.00417977 -0.0106735 0.999961 98.9227 0.102831 0.99466 0.0110524 -0.41589 -0.994719 0.102867 -0.00304825 26.0127
-0.00873823 -0.0105064 0.999929 100.908 0.100723 0.994873 0.0113387 -0.416616 -0.994907 0.100811 -0.00762822 26.0357
-0.0141096 -0.00836604 0.999892 102.92 0.100531 0.994909 0.00974864 -0.397487 -0.994863 0.10065 -0.0131851 26.051
-0.0186526 -0.00735426 0.999821 104.878 0.0998988 0.994979 0.00918756 -0.411869 -0.994854 0.100049 -0.0178172 26.057
-0.0241871 -0.00648377 0.999715 106.943 0.0981484 0.995157 0.00883448 -0.39493 -0.994908 0.0983268 -0.0234221 26.0317
-0.0277151 -0.00654258 0.999617 108.83 0.0957313 0.995389 0.00917433 -0.391047 -0.995052 0.0959454 -0.0269544 26.0391
-0.0344751 -0.00605406 0.999417 110.927 0.0933538 0.995617 0.00925717 -0.368262 -0.995068 0.0936115 -0.0337486 26.0075
-0.0412639 -0.00530854 0.999157 113.024 0.093039 0.995645 0.00913748 -0.345811 -0.994838 0.0933341 -0.0405834 25.9618
-0.0481762 -0.00454106 0.998858 115.076 0.0929349 0.995659 0.00901473 -0.331963 -0.994539 0.0932561 -0.0475347 25.9237
-0.0542986 -0.00260349 0.998543 117.117 0.092955 0.995665 0.0076559 -0.323644 -0.994219 0.0932319 -0.0538141 25.8574
-0.0581674 -0.00142351 0.998336 119.19 0.0926419 0.995704 0.00682331 -0.319965 -0.994033 0.0928775 -0.0577755 25.7252
-0.0672326 -0.00109637 0.99776 121.266 0.0927146 0.99569 0.00734685 -0.314353 -0.993452 0.0929974 -0.0668339 25.6465
-0.075242 -0.000581962 0.997197 123.354 0.0918269 0.995774 0.00751564 -0.315777 -0.992964 0.0921277 -0.0748601 25.5385
-0.0803737 0.000129618 0.99679 125.395 0.0904631 0.995899 0.00717014 -0.318176 -0.992684 0.0907455 -0.0800483 25.386
-0.0840967 0.000311692 0.996489 127.476 0.0912804 0.995826 0.00739786 -0.320956 -0.992304 0.091575 -0.0837636 25.2061
-0.0889603 -0.000534106 0.996063 129.713 0.0925963 0.995691 0.0088089 -0.307845 -0.991758 0.0930109 -0.0885202 25.0057
-0.0921766 -0.00139432 0.995779 131.696 0.0944178 0.995511 0.0101397 -0.318042 -0.991297 0.094946 -0.0916211 24.8692
-0.0926645 -0.00119427 0.995728 133.761 0.0959944 0.995358 0.0101322 -0.316899 -0.991099 0.0965189 -0.092113 24.6322
-0.0917972 -0.00164686 0.995814 135.846 0.096202 0.995336 0.01052 -0.318415 -0.991161 0.0967571 -0.0912006 24.3839
-0.0924441 -0.00147558 0.995749 138.02 0.0945836 0.995493 0.010261 -0.29147 -0.991256 0.0951255 -0.0918815 24.1412
-0.0945383 -2.51457e-05 0.99556 140.213 0.0928388 0.995672 0.00884683 -0.26729 -0.991225 0.0932548 -0.0941168 23.8985
-0.0981721 0.000174153 0.995203 142.315 0.0911546 0.995829 0.00882251 -0.27504 -0.991028 0.0915789 -0.0977725 23.7264
-0.101884 -0.000678551 0.994834 144.46 0.0899669 0.995926 0.00989876 -0.284238 -0.990763 0.0905027 -0.101397 23.5352
-0.106216 -0.000850922 0.994377 146.619 0.0891628 0.995994 0.0103811 -0.276936 -0.99038 0.0897593 -0.105708 23.335
-0.110712 -0.000151126 0.993888 148.844 0.0875128 0.996145 0.00990553 -0.25082 -0.990036 0.088067 -0.110262 23.1185
-0.110749 0.000389458 0.993889 150.986 0.085941 0.99629 0.0091915 -0.225215 -0.990167 0.0864299 -0.110366 22.8184
-0.113501 0.000957939 0.993576 153.209 0.0858981 0.996297 0.00885786 -0.207258 -0.989864 0.0863443 -0.113152 22.5666
-0.115486 0.0014514 0.993348 155.419 0.0868106 0.996219 0.0086424 -0.193709 -0.989552 0.0872275 -0.115169 22.2966
-0.117602 0.00214371 0.993097 157.633 0.087584 0.996155 0.00822719 -0.192063 -0.989238 0.0879394 -0.117327 22.035
-0.119819 0.00340485 0.99283 159.847 0.08731 0.996188 0.00712612 -0.192913 -0.988993 0.087534 -0.119654 21.7733
-0.121596 0.00503538 0.992607 162.134 0.0878032 0.996154 0.00570863 -0.182752 -0.988737 0.0878406 -0.12156 21.4797
-0.125386 0.00652347 0.99213 164.483 0.0879383 0.996148 0.00456932 -0.176152 -0.988249 0.0878149 -0.125471 21.2098
-0.12945 0.00754804 0.991597 166.819 0.0866264 0.996265 0.00373117 -0.189707 -0.987844 0.0863737 -0.12961 20.9303
-0.131871 0.00633922 0.991291 169.161 0.0851097 0.996393 0.00495577 -0.212593 -0.987653 0.0850178 -0.131929 20.647
-0.136238 0.00594752 0.990698 171.462 0.0844986 0.996439 0.00564401 -0.227731 -0.987116 0.0844741 -0.136245 20.3592
-0.140363 0.00618199 0.990124 173.745 0.0863822 0.996278 0.00603103 -0.23724 -0.98637 0.0863716 -0.140369 20.058
-0.143551 0.00578145 0.989665 176.046 0.0875512 0.996168 0.00688583 -0.234224 -0.985812 0.0876274 -0.143496 19.7379
-0.143851 0.00508775 0.989627 178.333 0.0887966 0.996053 0.00779231 -0.242319 -0.98565 0.0889929 -0.143729 19.3872
-0.145905 0.00498921 0.989328 180.709 0.0887252 0.996056 0.00806818 -0.231767 -0.985362 0.0889482 -0.145762 19.0349
-0.147217 0.00614246 0.989127 183.032 0.0878084 0.996147 0.00688865 -0.225522 -0.985241 0.0878642 -0.147183 18.6986
-0.147824 0.0080331 0.989022 185.373 0.0865994 0.996265 0.00485797 -0.223791 -0.985264 0.0863599 -0.147958 18.3206
-0.148979 0.0103806 0.988828 187.712 0.0862397 0.996306 0.00253969 -0.220895 -0.985115 0.0856511 -0.149318 17.9394
-0.150346 0.0112297 0.988612 190.041 0.0848473 0.996428 0.00159133 -0.236556 -0.985037 0.0841134 -0.150752 17.5801
-0.152481 0.0124258 0.988274 192.48 0.0828241 0.9966 0.000254211 -0.238928 -0.984873 0.081888 -0.152987 17.2053
-0.157238 0.0136108 0.987513 194.978 0.0846546 0.996446 -0.000248747 -0.234067 -0.983978 0.0835504 -0.157822 16.8589
-0.157615 0.0146963 0.987442 197.162 0.0858271 0.996346 -0.00112268 -0.232699 -0.983809 0.0845694 -0.158297 16.4654
-0.157745 0.0148367 0.987413 199.41 0.0860879 0.996322 -0.0012116 -0.235752 -0.983772 0.0848053 -0.158433 16.0886
-0.158437 0.0162017 0.987288 201.738 0.0878713 0.996166 -0.00223948 -0.248085 -0.983496 0.0863965 -0.159251 15.6837
-0.159313 0.0164989 0.987136 204.095 0.0864873 0.996285 -0.00268781 -0.272851 -0.983485 0.0849386 -0.160139 15.2845
-0.16289 0.0163265 0.986566 206.634 0.0848554 0.996427 -0.00247274 -0.303645 -0.983037 0.0833093 -0.163692 14.8566
-0.166713 0.0163174 0.985916 209.164 0.0840638 0.996494 -0.00227182 -0.330035 -0.982468 0.0824933 -0.16749 14.4223
-0.17056 0.0169269 0.985261 211.707 0.0839731 0.996502 -0.00257668 -0.3435 -0.981811 0.0822923 -0.171384 13.9818
-0.174404 0.0166661 0.98458 214.212 0.0843565 0.99647 -0.00191894 -0.363232 -0.981108 0.0827131 -0.175184 13.592
-0.179129 0.0161392 0.983753 216.782 0.084745 0.996439 -0.000909574 -0.373799 -0.980218 0.0832017 -0.179858 13.1554
-0.180847 0.0172117 0.983412 219.228 0.0860138 0.99633 -0.00161374 -0.387202 -0.979794 0.0842875 -0.181655 12.6875
-0.183453 0.0185753 0.982915 221.735 0.085892 0.996338 -0.00279115 -0.395944 -0.979319 0.0839086 -0.184376 12.2088
-0.186372 0.0174583 0.982379 224.101 0.0838372 0.996519 -0.00179775 -0.442069 -0.978951 0.0820177 -0.187179 11.8046
-0.185918 0.0191701 0.982443 226.458 0.083631 0.996529 -0.00361177 -0.455001 -0.979051 0.0814873 -0.186876 11.2943
-0.187415 0.021527 0.982098 228.882 0.0834161 0.996536 -0.0059183 -0.463099 -0.978788 0.0808064 -0.188554 10.8121
-0.189959 0.021471 0.981625 231.297 0.080037 0.996807 -0.00630777 -0.507405 -0.978573 0.0773643 -0.191073 10.3952
-0.18987 0.0224846 0.981606 233.702 0.0807912 0.996744 -0.00719763 -0.537898 -0.978537 0.0779309 -0.191061 9.8767
-0.189661 0.0220407 0.981669 236.115 0.0821648 0.996633 -0.00649516 -0.561636 -0.978454 0.079423 -0.190836 9.35126
-0.192328 0.0213186 0.981156 238.533 0.0809098 0.996744 -0.00579066 -0.596569 -0.978049 0.0782638 -0.19342 8.88857
-0.195351 0.019942 0.980601 240.835 0.0791635 0.996887 -0.00449522 -0.648126 -0.977582 0.0767463 -0.196324 8.4592
-0.198624 0.0204547 0.979922 243.202 0.078306 0.996956 -0.00493138 -0.688455 -0.977003 0.0757468 -0.199614 7.99379
-0.200713 0.0198076 0.979517 245.596 0.0805705 0.996784 -0.00363897 -0.72853 -0.976375 0.0781879 -0.201665 7.43388
-0.203951 0.0187809 0.97887 248.023 0.0785041 0.996954 -0.00276423 -0.766881 -0.975891 0.0762739 -0.204798 6.95339
-0.207889 0.0190105 0.978036 250.414 0.0785123 0.996952 -0.00268161 -0.796457 -0.975042 0.0762285 -0.20875 6.44904
-0.211345 0.0185236 0.977305 252.813 0.0776533 0.997022 -0.00209759 -0.819447 -0.974387 0.0754399 -0.212147 5.92457
-0.214899 0.0185399 0.976528 255.2 0.0767193 0.997093 -0.0020389 -0.845292 -0.973663 0.0744787 -0.215698 5.40102
-0.217422 0.018321 0.975975 257.577 0.073427 0.997342 -0.00235751 -0.871551 -0.973378 0.0711429 -0.218181 4.87403
-0.221369 0.0195368 0.975064 260.082 0.0743501 0.99727 -0.00309402 -0.896986 -0.972397 0.0718079 -0.222218 4.29678
-0.227031 0.0203312 0.97375 262.426 0.0752256 0.99721 -0.00327435 -0.93007 -0.971043 0.0725004 -0.22792 3.79658
-0.233411 0.022441 0.972183 264.768 0.0779381 0.996992 -0.00429309 -0.950984 -0.969288 0.0747656 -0.234459 3.26117
-0.233211 0.0230302 0.972226 267.082 0.0755088 0.997179 -0.00550098 -0.97344 -0.969554 0.072122 -0.234284 2.70176
-0.233877 0.0227659 0.972061 269.359 0.0754727 0.997177 -0.00518694 -1.01421 -0.969369 0.072149 -0.234936 2.12501
-0.235344 0.0220509 0.971736 271.636 0.072696 0.997392 -0.00501903 -1.0472 -0.969256 0.0694535 -0.236325 1.5783
-0.236439 0.019617 0.97151 273.797 0.0689254 0.997661 -0.00336171 -1.10894 -0.969234 0.0661657 -0.23724 1.04497
-0.236625 0.0214535 0.971446 276.202 0.0695873 0.99762 -0.00507275 -1.1205 -0.969174 0.0663934 -0.237551 0.391655
-0.237101 0.0214476 0.971314 278.52 0.0696854 0.997604 -0.00500854 -1.15938 -0.969018 0.0664978 -0.238031 -0.151597
-0.238497 0.0230798 0.970949 280.809 0.0691643 0.997641 -0.00671654 -1.1859 -0.968744 0.0655469 -0.239526 -0.692485
-0.242174 0.0259237 0.969956 283.265 0.0702873 0.997532 -0.00910256 -1.20845 -0.967724 0.0659697 -0.243401 -1.28243
-0.248145 0.0240153 0.968511 285.728 0.0695543 0.997614 -0.00690767 -1.25108 -0.966294 0.0656433 -0.249218 -1.88223
-0.253684 0.0239178 0.967066 287.978 0.0689972 0.99765 -0.00656382 -1.30845 -0.964864 0.0650601 -0.254743 -2.38875
-0.25779 0.0238487 0.965994 290.247 0.0674291 0.997764 -0.0066295 -1.33503 -0.963912 0.0634214 -0.258817 -2.98547
-0.2634 0.0269196 0.96439 292.703 0.0693113 0.997613 -0.00890486 -1.34309 -0.962234 0.0644989 -0.264642 -3.63556
-0.270437 0.0279987 0.962423 295.175 0.0676668 0.99772 -0.0100025 -1.37276 -0.960427 0.0624132 -0.271709 -4.25002
-0.275747 0.0288167 0.960879 297.565 0.0671783 0.997742 -0.0106321 -1.40268 -0.958921 0.0616203 -0.277064 -4.92291
-0.278427 0.0287904 0.96012 299.95 0.0669273 0.997764 -0.0105019 -1.42951 -0.958195 0.0613284 -0.279725 -5.58659
-0.282515 0.0284478 0.95892 302.356 0.0677538 0.997713 -0.00962537 -1.46844 -0.956909 0.0622532 -0.2838 -6.25645
-0.286418 0.0295879 0.957743 304.852 0.0720454 0.997423 -0.00925901 -1.49984 -0.955464 0.0663428 -0.287804 -6.97896
-0.285328 0.029082 0.95807 307.35 0.071308 0.997472 -0.00902954 -1.52916 -0.955817 0.0657432 -0.286684 -7.77419
-0.285303 0.0283726 0.958112 309.804 0.070537 0.997537 -0.00852676 -1.55256 -0.95591 0.0651434 -0.286595 -8.54501
-0.287347 0.0284128 0.957487 312.338 0.0722003 0.997415 -0.00791808 -1.59121 -0.955145 0.0668569 -0.28866 -9.28266
-0.289117 0.0281925 0.956972 314.88 0.0724079 0.997411 -0.00749896 -1.62069 -0.954622 0.0671181 -0.290403 -10.0436
-0.288697 0.0284129 0.957079 317.331 0.0713585 0.997474 -0.00807522 -1.6579 -0.9548 0.065966 -0.290001 -10.8104
-0.288527 0.0293346 0.957116 319.797 0.0694056 0.997605 -0.00964375 -1.6999 -0.955023 0.0636409 -0.289865 -11.5892
-0.287274 0.0303159 0.957449 322.234 0.0690306 0.99761 -0.0108635 -1.7161 -0.9554 0.0629742 -0.288686 -12.4334
-0.292188 0.0282665 0.956041 324.763 0.0672217 0.997762 -0.00894637 -1.7828 -0.95407 0.0616469 -0.293428 -13.1293
-0.299189 0.0282518 0.953866 327.473 0.0663382 0.997818 -0.00873401 -1.79935 -0.951935 0.0606661 -0.300416 -13.9335
-0.300273 0.0294092 0.953501 329.966 0.068067 0.997703 -0.00932758 -1.82062 -0.951498 0.0620957 -0.301579 -14.7733
-0.303223 0.0282734 0.95259 332.466 0.0672345 0.997762 -0.00820046 -1.86077 -0.950595 0.0615616 -0.304451 -15.5539
-0.307339 0.0290789 0.951261 335.097 0.0693307 0.997627 -0.00808716 -1.89581 -0.949151 0.06346 -0.30862 -16.4096
-0.30791 0.0272105 0.951119 337.443 0.068108 0.997719 -0.00648251 -1.93034 -0.949024 0.0627842 -0.309067 -17.1257
-0.307217 0.0284167 0.951325 340.08 0.068713 0.997681 -0.00760228 -1.93082 -0.94924 0.0630265 -0.308452 -18.0989
-0.308782 0.0285479 0.9508 342.624 0.0697464 0.997601 -0.00728951 -1.95086 -0.948623 0.0640657 -0.31004 -18.9263
-0.310979 0.0272461 0.950137 345.173 0.0672733 0.997786 -0.00658486 -1.97769 -0.948118 0.0618648 -0.312118 -19.7578
-0.313168 0.0269294 0.94941 347.738 0.0656051 0.997886 -0.00665134 -2.00387 -0.94748 0.0602054 -0.31428 -20.605
-0.313495 0.0233744 0.949411 350.121 0.0623566 0.99812 -0.00397426 -2.05481 -0.947622 0.0579507 -0.314358 -21.3849
-0.316674 0.0236206 0.948341 352.811 0.0650211 0.997943 -0.00313138 -2.10819 -0.946358 0.0606723 -0.317567 -22.3458
-0.320176 0.0227325 0.947197 355.418 0.0650967 0.997952 -0.00193707 -2.13681 -0.945201 0.0610335 -0.320995 -23.239
-0.326749 0.0199454 0.945003 357.989 0.0616504 0.998164 0.000261691 -2.18078 -0.943155 0.0583472 -0.327386 -23.9992
-0.330209 0.0181436 0.943847 360.542 0.0617201 0.998163 0.00241443 -2.22102 -0.941973 0.0590458 -0.330717 -24.8471
-0.335673 0.0168716 0.941929 363.12 0.0615511 0.998162 0.00406862 -2.24849 -0.940021 0.0593446 -0.336101 -25.6444
-0.340841 0.0163061 0.940095 365.77 0.0582429 0.998369 0.0038087 -2.25839 -0.938403 0.0560465 -0.341228 -26.5441
-0.34501 0.0156206 0.93857 368.392 0.0531504 0.998648 0.00292989 -2.27337 -0.937148 0.050899 -0.345381 -27.4458
-0.348754 0.015765 0.937199 371.036 0.04898 0.998873 0.00143337 -2.27796 -0.93602 0.0463995 -0.349127 -28.4015
-0.35239 0.0138372 0.935854 373.71 0.0465297 0.99898 0.00276268 -2.28669 -0.934751 0.0445219 -0.352681 -29.4155
-0.35774 0.0127176 0.933855 376.182 0.0454524 0.99903 0.0038152 -2.29063 -0.932801 0.0438058 -0.357967 -30.2272
-0.359067 0.0133461 0.933328 378.825 0.0437896 0.999109 0.00257276 -2.28737 -0.932342 0.0417972 -0.359339 -31.2982
-0.361477 0.0142746 0.932392 381.324 0.0438842 0.999106 0.00172624 -2.30394 -0.931434 0.0415368 -0.361776 -32.2719
-0.367344 0.0127445 0.930099 383.855 0.043676 0.999112 0.00357316 -2.32564 -0.929107 0.0419398 -0.367581 -33.2225
-0.370713 0.00976013 0.928817 386.383 0.0399914 0.999256 0.00547031 -2.34143 -0.927973 0.0391687 -0.370822 -34.1816
-0.375674 0.0103611 0.926793 388.964 0.0400463 0.999257 0.00507508 -2.34125 -0.925932 0.039026 -0.375816 -35.1939
-0.382313 0.0101634 0.924116 391.57 0.0362969 0.999405 0.0040347 -2.3484 -0.923401 0.0350817 -0.382458 -36.1301
-0.386137 0.00913536 0.922511 394.125 0.0341956 0.999479 0.0044294 -2.34932 -0.921871 0.0332609 -0.386253 -37.1679
-0.386104 0.00910854 0.922547 396.63 0.0335336 0.999501 0.00417648 -2.34525 -0.921921 0.0325464 -0.386221 -38.2828
-0.39457 0.00893544 0.918916 399.16 0.0315959 0.999567 0.00386208 -2.36318 -0.918351 0.0305649 -0.394691 -39.3003
-0.398079 0.00964152 0.917436 401.585 0.0235233 0.999798 -0.000289657 -2.38088 -0.917128 0.0214656 -0.398226 -40.3605
-0.397877 0.0124701 0.917449 404.162 0.00976472 0.999988 -0.00934052 -2.40716 -0.917415 0.00525257 -0.398005 -41.4248
-0.415828 0.0212048 0.909331 406.706 0.0242369 0.999712 -0.0122193 -2.47128 -0.909196 0.016957 -0.416217 -42.5318
-0.414593 0.0193652 0.909899 409.051 0.0289798 0.999631 -0.00805243 -2.51068 -0.909579 0.0230393 -0.415009 -43.6041
-0.416251 0.00959521 0.909333 411.489 0.0277918 0.999693 0.00218406 -2.53015 -0.9089 0.0261797 -0.416385 -44.7347
-0.421354 -0.00112981 0.906997 413.811 0.0221967 0.999773 0.0115747 -2.52877 -0.906659 0.0250197 -0.421241 -45.8159
-0.42586 -0.00528954 0.904913 416.118 0.0177758 0.999822 0.0142212 -2.51639 -0.904692 0.0221419 -0.425686 -46.8853
-0.426476 -0.00755337 0.90457 418.408 0.0125735 0.999905 0.014295 -2.49819 -0.904447 0.0174815 -0.426348 -47.9442
-0.430399 -0.00203126 0.902775 420.632 0.0194447 0.999826 0.011531 -2.49215 -0.902504 0.0225169 -0.430281 -49.0099
-0.436286 0.00463856 0.899892 422.74 0.02612 0.999719 0.00752868 -2.48939 -0.899464 0.0268 -0.436286 -50.0671
-0.429132 0.00679219 0.903375 424.795 0.0245638 0.999774 0.00416241 -2.49858 -0.903 0.0239751 -0.429198 -51.136
-0.430032 0.00850042 0.902877 426.748 0.0303134 0.999625 0.00504469 -2.51312 -0.902376 0.0295483 -0.430116 -52.2978
-0.43087 0.00739732 0.902564 428.624 0.0297842 0.999628 0.00603817 -2.51433 -0.902013 0.0294821 -0.430937 -53.2183
-0.43302 0.00604483 0.901467 430.559 0.0265836 0.999728 0.00608384 -2.50926 -0.901065 0.0266089 -0.433048 -54.0861
-0.436156 0.00735939 0.900015 432.438 0.0296741 0.99963 0.00621934 -2.51299 -0.89946 0.0294186 -0.436224 -55.0597
-0.435053 0.00796615 0.900472 434.409 0.029115 0.999662 0.00524152 -2.50664 -0.900005 0.0285077 -0.435124 -56.0612
-0.435466 0.00889423 0.900335 436.332 0.0303115 0.99962 0.00479873 -2.51618 -0.899774 0.0293791 -0.43558 -57.0309
-0.436 0.00678008 0.900022 438.287 0.0295992 0.999639 0.00682659 -2.52474 -0.899529 0.0296266 -0.436029 -57.9744
-0.436111 0.00399769 0.900058 440.094 0.0274344 0.99968 0.00886717 -2.51911 -0.899552 0.0285599 -0.436092 -58.8343
-0.436563 0.00377678 0.899763 441.795 0.0311692 0.999554 0.0109463 -2.50795 -0.899185 0.0328347 -0.43648 -59.758
-0.439516 0.00685108 0.898388 443.472 0.0343568 0.999463 0.00920053 -2.5126 -0.897661 0.0349085 -0.439525 -60.6293
-0.440651 0.00888134 0.89773 445.046 0.0324843 0.999555 0.00607601 -2.51715 -0.897138 0.0318507 -0.440737 -61.4714
-0.439573 0.00781809 0.898347 446.428 0.0236993 0.999809 0.0029103 -2.50376 -0.897976 0.0225723 -0.439685 -62.1401
-0.438767 0.0092235 0.898649 447.755 0.0269778 0.999736 0.00293134 -2.50776 -0.898236 0.0255424 -0.438897 -62.9417
-0.43925 0.00798607 0.898495 449.23 0.0198935 0.999902 0.000853469 -2.51372 -0.898218 0.018254 -0.439374 -63.6353
-0.435092 0.00693376 0.900462 450.491 0.0173109 0.999952 0.000684962 -2.53778 -0.900269 0.0158998 -0.435191 -64.3765
-0.434113 0.00686169 0.901001 451.674 0.0152542 0.999989 -0.000250088 -2.55694 -0.900801 0.0136418 -0.434222 -65.0057
-0.43595 0.00723998 0.900045 452.778 0.019757 0.999908 0.00154664 -2.58348 -0.899802 0.0184701 -0.436051 -65.6382
-0.435947 0.00460462 0.90012 453.935 0.0216304 0.999857 0.00537768 -2.59826 -0.899774 0.0218196 -0.435994 -66.2204
-0.442021 0.00375922 0.897101 455.088 0.0303749 0.999584 0.0107977 -2.60558 -0.896538 0.0320345 -0.441948 -66.8111
-0.435079 -0.00237296 0.900564 456.215 0.0279478 0.999586 0.0161531 -2.58606 -0.900032 0.0321996 -0.434843 -67.4156
-0.43316 -0.00220289 0.901423 457.235 0.0258611 0.999662 0.0148901 -2.58306 -0.900996 0.0297743 -0.432955 -68.0042
-0.443756 0.00228557 0.896317 458.525 0.0223994 0.999833 0.00855472 -2.55969 -0.895941 0.023875 -0.443735 -68.535
-0.444052 0.00262883 0.89612 459.91 0.0187125 0.999918 0.00635946 -2.57224 -0.895862 0.0196051 -0.444061 -69.2439
-0.437434 0.000333392 0.899416 461.319 0.012071 1.00003 0.00551466 -2.57478 -0.899238 0.0132732 -0.437454 -69.9358
-0.437021 0.00152708 0.899572 462.734 0.0156493 0.999974 0.00592514 -2.58204 -0.899372 0.0166801 -0.437031 -70.639
-0.428575 -0.000482676 0.903688 464.118 0.014754 0.999985 0.00754599 -2.58543 -0.903464 0.01657 -0.428568 -71.3577
-0.42487 0.00138077 0.905378 465.306 0.0141903 1 0.0051541 -2.60553 -0.905202 0.0150499 -0.424887 -71.9755
-0.421242 -0.00178238 0.907131 466.387 0.00865053 1.00007 0.00599686 -2.6176 -0.906985 0.010377 -0.421263 -72.5418
-0.421127 -0.00570049 0.907111 467.431 0.00117679 1.0001 0.00685092 -2.62929 -0.907059 0.0039669 -0.421157 -73.0375
-0.419287 -0.00757586 0.908009 468.336 -0.00456926 1.0001 0.00624885 -2.642 -0.907919 -0.00152322 -0.41937 -73.504
-0.417034 -0.0100032 0.908966 469.21 -0.0100381 1.00005 0.0064196 -2.65396 -0.908884 -0.00643115 -0.417158 -73.8494
-0.422905 -0.00763954 0.906323 470.071 -0.00341303 1.0001 0.00685169 -2.66346 -0.906242 -0.000190617 -0.422977 -74.251
-0.418924 -0.0100501 0.908101 470.881 -0.00225441 1.00007 0.0100472 -2.67284 -0.908068 0.00217601 -0.418979 -74.6773
-0.41731 -0.0117997 0.908869 471.682 -0.000667813 1.00005 0.0126913 -2.67968 -0.908839 0.00469356 -0.417344 -75.1343
-0.428465 -0.0101457 0.903646 472.355 -0.000616619 1.00007 0.0109558 -2.68651 -0.903609 0.0041509 -0.428501 -75.3663
-0.426667 -0.00816911 0.904565 472.687 -0.00187437 1.00011 0.00816297 -2.67469 -0.904483 0.00179273 -0.426732 -75.5706
-0.425551 -0.00644753 0.905059 473.109 -0.000744305 1.00011 0.00679455 -2.68363 -0.904987 0.0022315 -0.425602 -75.7916
-0.420311 -0.00742613 0.907542 473.471 0.00121739 1.0001 0.00876246 -2.69295 -0.907456 0.0047919 -0.420349 -76.0174
-0.430913 -0.00582666 0.90253 473.88 0.00502051 1.00008 0.00887332 -2.69959 -0.902434 0.00836632 -0.430917 -76.1475
-0.429474 -0.00758749 0.903254 473.995 0.00172106 1.00011 0.00923452 -2.69722 -0.903159 0.00552265 -0.429504 -76.1696
-0.427282 -0.01136 0.9042 474.102 -0.00311617 1.00007 0.0111115 -2.70826 -0.904164 0.00194338 -0.427346 -76.1525
-0.435688 -0.00935138 0.90026 474.243 0.00274736 1.00008 0.011733 -2.71352 -0.900177 0.00758667 -0.435691 -76.246
-0.426463 -0.0128208 0.90457 474.452 -0.000744532 1.00004 0.0138421 -2.71041 -0.904555 0.00524189 -0.42649 -76.3489
-0.427014 -0.0120736 0.904383 474.45 -0.00248519 1.00009 0.0121927 -2.69941 -0.904323 0.00295968 -0.427073 -76.2965
-0.443772 -0.00298259 0.896294 474.297 0.0046868 1.00012 0.00566869 -2.66766 -0.89618 0.00672594 -0.443796 -76.2634
-0.432846 -0.00535595 0.901673 474.13 0.0016033 1.00014 0.00672566 -2.66651 -0.901548 0.00435619 -0.432888 -76.2238
-0.44074 -0.00466 0.897771 474.101 0.00370217 1.00011 0.00702848 -2.66752 -0.897686 0.00643014 -0.440749 -76.1518
-0.442351 -0.00656239 0.897043 474.068 -0.000776256 1.00014 0.00694901 -2.66377 -0.896927 0.00237747 -0.442404 -76.0519
-0.441172 -0.0064834 0.897555 474.124 -0.000687383 1.00012 0.00690605 -2.65749 -0.897484 0.00243806 -0.441206 -76.1079
-0.441185 -0.00601496 0.897628 474.077 -0.00143308 1.00016 0.00601284 -2.6572 -0.8975 0.00136636 -0.441247 -76.068
-0.434956 -0.00693893 0.900575 474.039 -0.00159457 1.00012 0.00695508 -2.66036 -0.900505 0.0015974 -0.434997 -76.0936
-0.423324 -0.0103686 0.90614 474.001 -0.00599526 1.00012 0.00865836 -2.64841 -0.906039 -0.00176608 -0.423423 -76.1321
-0.428912 -0.00917661 0.903451 473.912 -0.00253317 1.00011 0.00897498 -2.64779 -0.903401 0.00156913 -0.428956 -76.1427
-0.44878 -0.00501016 0.893864 474.079 0.00170196 1.00016 0.00647524 -2.6448 -0.893727 0.00442328 -0.448816 -76.1255
-0.446696 -0.00560948 0.894823 474.163 1.83242e-05 1.00013 0.00629808 -2.63832 -0.894747 0.00283654 -0.446724 -76.1553
-0.445703 -0.00577776 0.895387 474.17 -0.0027311 1.00017 0.00510886 -2.62636 -0.895256 -0.000171345 -0.445763 -76.0948
-0.45501 -0.00322569 0.89064 474.268 0.000999906 1.00014 0.00415237 -2.63216 -0.890548 0.0027855 -0.455037 -76.0911
-0.454227 -0.00207575 0.891109 474.306 0.00325941 1.00018 0.00400548 -2.62887 -0.890961 0.00471843 -0.454263 -76.1707
-0.440659 -0.00623641 0.897824 474.144 -0.00399788 1.00015 0.00500373 -2.6374 -0.897734 -0.00137972 -0.440711 -76.0708
-0.439726 -0.00518097 0.898346 473.992 -0.00266467 1.00018 0.004478 -2.65 -0.898203 -0.000428666 -0.439789 -76.0677
-0.434039 -0.00541414 0.901055 473.967 -0.000979248 1.00016 0.00555634 -2.65328 -0.900962 0.0015317 -0.434074 -76.1684
-0.433597 -0.00657035 0.901314 474.043 -0.00172856 1.00017 0.00647337 -2.65444 -0.90118 0.00124279 -0.433654 -76.1953
-0.423668 -0.00871913 0.905954 473.944 -0.00509714 1.00014 0.00725991 -2.64514 -0.905871 -0.00153995 -0.423734 -76.1993
-0.421284 -0.00655379 0.907141 473.895 -0.00279243 1.00017 0.00594293 -2.63956 -0.907001 -3.5584e-05 -0.421351 -76.2476
-0.423769 -0.0045457 0.905939 473.855 0.00097978 1.00016 0.00549486 -2.65634 -0.905837 0.00321641 -0.423796 -76.2759
-0.41909 -0.00565668 0.908166 473.945 -0.000526995 1.00018 0.0060001 -2.64649 -0.90802 0.00202806 -0.419144 -76.3413
-0.418588 -0.00700286 0.908331 473.998 -0.000505597 1.00015 0.00749566 -2.65388 -0.908243 0.00267876 -0.418619 -76.356
-0.421109 -0.00791208 0.907217 474.032 -0.00366956 1.00017 0.00703277 -2.64931 -0.90708 -0.000374761 -0.421183 -76.303
-0.421347 -0.00876618 0.907039 474.075 -0.0074991 1.00013 0.00620034 -2.64389 -0.906937 -0.00418711 -0.421432 -76.2645
-0.429785 -0.00715501 0.903162 474.345 -0.00255863 1.00018 0.0067193 -2.64863 -0.903011 0.000567252 -0.429851 -76.4194
-0.431971 -0.00786082 0.902039 474.619 -0.00102983 1.00015 0.00824057 -2.6503 -0.901957 0.00263118 -0.432001 -76.5621
-0.431531 -0.00951805 0.902311 474.748 -0.00221658 1.00016 0.00950344 -2.64961 -0.902178 0.00209006 -0.43159 -76.6208
-0.445807 -0.0053177 0.895303 474.841 0.00289631 1.00015 0.00740106 -2.65844 -0.895197 0.00589118 -0.445811 -76.6304
-0.437211 -0.00482491 0.899615 474.731 0.00152388 1.00019 0.00611787 -2.66523 -0.899446 0.00403129 -0.437248 -76.6576
-0.419921 -0.00887675 0.907703 474.661 -0.00813452 1.00013 0.00603539 -2.65921 -0.907597 -0.00484711 -0.420009 -76.6335
-0.422362 -0.00958962 0.90664 474.78 -0.00511424 1.00018 0.00820896 -2.66564 -0.906492 -0.00118262 -0.422448 -76.7252
-0.420379 -0.0115818 0.907461 474.917 -0.00667811 1.00011 0.00968843 -2.65858 -0.907396 -0.00198578 -0.420465 -76.7718
-0.441968 -0.00535137 0.897284 475.049 0.00275561 1.0002 0.00733471 -2.66188 -0.897105 0.00569894 -0.441997 -76.7986
-0.439261 -0.00583736 0.898529 475.164 0.000266546 1.00016 0.00664579 -2.66489 -0.898434 0.00315847 -0.439285 -76.8302
-0.441793 -0.00423727 0.897373 475.243 0.00379251 1.0002 0.00660214 -2.67571 -0.897187 0.0063043 -0.441822 -76.9134
-0.438697 -0.004576 0.898815 475.242 0.0056716 1.00014 0.00787769 -2.68758 -0.898692 0.00855134 -0.438688 -76.9746
-0.41978 -0.0104461 0.907833 475.258 -0.000142612 1.00016 0.0114551 -2.69079 -0.907703 0.00466409 -0.419814 -77.0316
-0.424933 -0.0100456 0.905367 475.288 0.00222691 1.00011 0.0121598 -2.70429 -0.905303 0.00718168 -0.424917 -77.0373
-0.401214 -0.0133733 0.916157 475.29 -0.00219691 1.00013 0.0136499 -2.70401 -0.91606 0.00344804 -0.401265 -77.1802
-0.39995 -0.0128514 0.916644 475.258 -0.000807559 1.00009 0.0136866 -2.7094 -0.916616 0.00473284 -0.399965 -77.1938
-0.39224 -0.0149839 0.92001 475.235 -0.00233838 1.00011 0.0153044 -2.70878 -0.919938 0.00383572 -0.392288 -77.2337
-0.413082 -0.0127177 0.910809 475.419 0.00330496 1.00007 0.0154808 -2.72171 -0.910769 0.00940083 -0.413026 -77.2794
-0.429132 -0.0115155 0.903444 475.528 0.00647854 1.00009 0.0158375 -2.73588 -0.9033 0.0126296 -0.429048 -77.2506
-0.427126 -0.0127395 0.904311 475.646 0.00153283 1.00009 0.0148314 -2.72054 -0.904275 0.00771823 -0.427097 -77.2821
-0.421541 -0.0121447 0.907005 475.755 -0.00104443 1.00015 0.0129193 -2.70784 -0.90689 0.00448196 -0.421574 -77.3299
-0.420538 -0.0107027 0.907422 475.798 0.00500955 1.00009 0.0141354 -2.72664 -0.907355 0.0104855 -0.420472 -77.4422
-0.410843 -0.0138943 0.911885 475.751 0.0018411 1.00012 0.0160807 -2.72988 -0.911792 0.00826654 -0.410819 -77.4295
-0.402851 -0.0155452 0.915337 475.693 -0.000959791 1.00006 0.0165794 -2.72254 -0.915362 0.00579781 -0.402844 -77.4362
-0.424792 -0.00656901 0.905551 475.64 0.00913885 1.00014 0.0115546 -2.71169 -0.905326 0.0131634 -0.424745 -77.4242
-0.408926 -0.010715 0.912702 475.6 0.00320439 1.00011 0.0131942 -2.71479 -0.912663 0.00831723 -0.408886 -77.445
-0.409445 -0.0103842 0.912557 475.584 0.00353517 1.00016 0.0129795 -2.71722 -0.912408 0.00852196 -0.409433 -77.437
-0.412391 -0.0107271 0.911146 475.586 0.00277271 1.00011 0.0130469 -2.71848 -0.91111 0.00790395 -0.412354 -77.399
-0.398175 -0.0129848 0.91751 475.794 0.000728662 1.00015 0.0144831 -2.71637 -0.917384 0.00641591 -0.398185 -77.577
-0.397189 -0.0136168 0.917841 476.091 0.000530528 1.00009 0.0150839 -2.71607 -0.917849 0.00647514 -0.397166 -77.7259
-0.403697 -0.013964 0.915091 476.4 0.000210886 1.00014 0.0153677 -2.72873 -0.914963 0.00637769 -0.403715 -77.8023
-0.419875 -0.0103919 0.907732 476.727 0.00265398 1.00012 0.0126951 -2.73118 -0.90769 0.00773526 -0.419836 -77.8514
-0.404214 -0.0131171 0.914882 476.919 0.00139816 1.00015 0.0149704 -2.73596 -0.914739 0.00730893 -0.40421 -78.0346
-0.397887 -0.0159764 0.917507 477.191 -0.00253283 1.00008 0.0163331 -2.71787 -0.917543 0.00417135 -0.397901 -78.1504
-0.405097 -0.0159377 0.914445 477.495 -0.00127795 1.00013 0.0168777 -2.71119 -0.914346 0.00564846 -0.405122 -78.2671
-0.41021 -0.0146541 0.912089 477.777 -0.00114601 1.00009 0.0155703 -2.71266 -0.912109 0.00533761 -0.4102 -78.353
-0.411872 -0.0118795 0.911479 478.013 0.00135496 1.00017 0.0136608 -2.70834 -0.911316 0.00684044 -0.411879 -78.4977
-0.419001 -0.0102965 0.908147 478.281 0.00113961 1.00014 0.0118834 -2.71467 -0.90811 0.00600883 -0.418977 -78.5279
-0.416529 -0.0105529 0.909382 478.487 0.00252865 1.00018 0.0127782 -2.71896 -0.909195 0.00760013 -0.416528 -78.6666
-0.41762 -0.0111575 0.908779 478.526 0.00342498 1.00012 0.0138705 -2.71968 -0.90874 0.00889828 -0.417558 -78.6995
-0.396102 -0.0170602 0.918372 478.616 -0.00267783 1.00011 0.0174374 -2.72542 -0.918279 0.00442644 -0.396146 -78.8259
-0.405667 -0.0152827 0.91412 478.748 0.0032434 1.00005 0.018176 -2.73921 -0.914148 0.0103299 -0.405562 -78.8836
-0.414466 -0.0141485 0.910286 478.847 0.00496902 1.0001 0.0178209 -2.74587 -0.910131 0.0118844 -0.414384 -78.8778
-0.406977 -0.0162959 0.913521 478.933 0.000209541 1.00006 0.0179504 -2.74351 -0.913574 0.00749022 -0.406923 -78.9148
-0.415403 -0.0137206 0.909865 479.064 0.00361823 1.00012 0.0167474 -2.7338 -0.90971 0.0102253 -0.415355 -78.9725
-0.414476 -0.0139679 0.910186 479.066 0.00392969 1.00007 0.0171542 -2.7343 -0.910188 0.0106779 -0.414372 -79.0002
-0.415751 -0.0133468 0.909713 479.045 0.00622682 1.0001 0.0175327 -2.74554 -0.909539 0.0129293 -0.415658 -79.0019
-0.416651 -0.0141897 0.90919 479.049 0.00379518 1.00007 0.0173648 -2.74229 -0.909196 0.0106768 -0.416545 -78.9518
-0.414698 -0.0135625 0.910194 479.022 0.00389287 1.00012 0.01669 -2.7411 -0.910035 0.0104404 -0.414645 -78.9769
-0.416363 -0.0145714 0.909321 479.016 0.00188995 1.00008 0.0169087 -2.74283 -0.909335 0.00874958 -0.416289 -78.9082
-0.412992 -0.0163644 0.910924 479.065 -0.000939096 1.00012 0.0175546 -2.732 -0.910818 0.00637148 -0.413004 -78.9033
-0.426963 -0.0136607 0.90441 479.198 0.000381318 1.00011 0.0153041 -2.71846 -0.904402 0.00686938 -0.426919 -78.8592
-0.425003 -0.0119084 0.905455 479.211 0.00211974 1.00017 0.0141624 -2.71393 -0.905275 0.00791332 -0.424992 -78.9313
-0.413601 -0.0125935 0.91061 479.198 0.00182465 1.00012 0.0146775 -2.71883 -0.910585 0.00772209 -0.41355 -79.0283
