1 0.000947339 0.000955294 0.00157056 -0.000943151 0.99999 -0.0044113 -0.00557984 -0.000959411 0.00441031 0.99999 0.98983
0.999996 -0.002669 0.000686969 0.00714951 0.00266982 0.999996 -0.00104254 0.00525675 -0.000684177 0.00104447 1 0.943136
0.999999 -0.00145551 0.000138932 0.00088922 0.00145484 0.999991 0.00370361 0.0102511 -0.000144358 -0.00370352 0.999993 0.963708
0.999992 -0.00363001 -0.00161945 0.0178109 0.00363955 0.999978 0.00580572 0.00314767 0.00159836 -0.00581143 0.999983 0.953959
0.999994 -0.00336088 -0.00108183 -0.000865571 0.00336066 0.999993 -1.00484e-05 -0.00137645 0.00108185 6.34375e-06 0.999999 0.973082
0.999994 -0.0031306 -0.00184549 0.00678614 0.00312577 0.999993 -0.0027341 0.00427185 0.00185405 0.00272836 0.999996 0.963936
0.999999 -0.000718951 -0.000906163 0.0047524 0.000715584 0.999993 -0.00338207 -0.00153781 0.000908587 0.00338138 0.999994 0.936918
0.999999 -0.00020132 -0.00103876 -0.00430606 0.000200943 1 -0.000650669 0.00697746 0.00103889 0.000650505 0.999999 0.939111
0.999999 0.000284986 -0.00182255 0.00241369 -0.000281532 0.999997 0.00205245 0.000992093 0.0018231 -0.00205198 0.999996 0.946157
0.999999 0.000241331 -0.00144071 0.00559317 -0.000236986 0.999997 0.00281979 0.000962845 0.0014414 -0.00281941 0.999995 0.949842
0.999999 -0.000529706 -0.00111384 -0.00704996 0.000531373 0.999997 0.00176851 -0.0014372 0.00111288 -0.00176916 0.999998 0.952407
0.999999 -0.00129061 -0.000152964 -0.00435687 0.00129111 1 0.00113492 -0.00322913 0.000151541 -0.00113509 1 0.928893
1 -0.000165265 -0.00103965 -0.00233122 0.00016541 0.999999 0.000437068 -0.00321849 0.00103954 -0.000437311 0.999999 0.9324
1 -0.000260647 -0.000840119 0.00129942 0.000260022 1 -0.00110231 -0.00338926 0.000840436 0.00110217 1 0.930101
0.999999 -0.000341527 -0.00169518 -0.00484876 0.000337823 0.999997 -0.00201273 -0.00019496 0.00169583 0.00201207 0.999996 0.955196
0.999996 -0.00117398 -0.0024107 0.00930816 0.00117151 0.999999 -0.00114523 -0.00129738 0.00241211 0.00114247 0.999996 0.928489
0.999997 0.000349918 -0.0025432 0.00845935 -0.000351588 0.999999 -0.000542057 -0.00141266 0.00254291 0.000542868 0.999997 0.930134
0.999996 0.00161642 -0.00226472 0.004211 -0.0016178 0.999999 -0.000741483 0.000283208 0.00226363 0.000745216 0.999997 0.908586
0.999996 0.00166519 -0.0024505 0.00210046 -0.00166534 0.999998 5.82401e-05 0.00309835 0.0024505 -5.42314e-05 0.999997 0.904881
0.999996 -0.000874057 -0.00239689 0.00921658 0.000877228 0.999999 0.00121105 -0.00329092 0.00239595 -0.00121306 0.999996 0.902023
0.999999 0.000416879 -0.00195338 -0.000205127 -0.000414187 0.999998 0.00149237 -0.00210552 0.00195393 -0.00149163 0.999997 0.930208
0.999997 0.000324937 -0.00205615 0.00339812 -0.000321428 0.999999 0.00160351 -0.0101272 0.00205675 -0.00160278 0.999996 0.903141
0.999998 -0.000949933 -0.00209197 0.00350357 0.00094983 0.999999 4.40202e-05 -0.0014605 0.00209185 -4.60683e-05 0.999998 0.900028
0.999998 -0.000164887 -0.00162896 -0.00482053 0.000164246 1 -0.000505705 -0.000426059 0.00162914 0.000505522 0.999998 0.904062
1 8.09192e-05 0.000357175 -0.0301333 -8.11675e-05 1 0.00028697 0.00175318 -0.000357272 -0.000287047 1 0.877774
0.999999 0.000134947 -0.000397491 -0.0137797 -0.000134165 0.999999 0.00161196 0.00363358 0.00039781 -0.00161185 0.999999 0.875371
0.999999 -0.000957862 -0.0012466 0.00449745 0.000960964 0.999996 0.00263202 0.00144786 0.00124399 -0.00263329 0.999996 0.871776
0.999998 0.000334127 -0.00119513 0.00462102 -0.000332282 0.999999 0.00138518 -0.00186976 0.00119563 -0.0013847 0.999998 0.868236
0.999998 0.000125557 -0.00214308 0.0107129 -0.000129334 0.999999 -0.00170672 0.00387728 0.00214278 0.00170693 0.999997 0.860736
0.999995 0.00123163 -0.00286089 0.0137945 -0.00123933 0.999995 -0.00271147 0.00117581 0.00285758 0.00271505 0.999992 0.837079
0.999998 0.000558789 -0.00221312 0.0116914 -0.000563184 0.999999 -0.00196493 0.00305186 0.00221198 0.0019661 0.999996 0.82552
0.999997 0.00163482 -0.00142524 0.00418425 -0.00163561 0.999998 -0.000561286 0.00424152 0.00142436 0.000563687 0.999999 0.82519
1 0.000181656 -0.00116538 -0.00223483 -0.000182193 1 -0.000423617 -0.00301062 0.0011653 0.000423783 0.999999 0.800543
0.999998 0.000701886 -0.00155904 -0.00612775 -0.000703157 1 -0.000830163 -0.00341745 0.00155847 0.000831303 0.999998 0.795443
1 0.000739634 -0.00104171 -0.0147397 -0.000740087 0.999999 -0.000324469 0.00583164 0.00104146 0.000325166 1 0.780791
0.999997 -3.56212e-05 -0.002098 0.00282339 3.61633e-05 1 0.00020812 0.0153834 0.00209806 -0.000208097 0.999998 0.788181
1 -0.000242194 -0.00143114 -0.0122153 0.000245032 0.999998 0.00205048 0.00417004 0.00143064 -0.00205091 0.999997 0.75273
0.999996 0.000513832 -0.00251499 0.000249282 -0.000510632 0.999999 0.00119984 0.00234874 0.00251566 -0.00119852 0.999996 0.765124
0.999998 0.000990037 -0.00197512 0.000912393 -0.000989859 1 0.00015816 0.00152107 0.0019753 -0.00015624 0.999999 0.747521
0.999992 0.00252446 -0.00267782 0.00136121 -0.00252613 0.999996 -0.000669516 -0.00134785 0.0026761 0.000676326 0.999995 0.745692
0.999998 0.00147908 -0.00183037 -0.00518273 -0.00147974 0.999999 -0.00029961 -0.00385996 0.00182995 0.000302252 1 0.724524
0.999998 0.000256585 -0.00152716 -0.00568477 -0.000254476 0.999999 0.00131034 0.00117628 0.00152749 -0.00130988 0.999997 0.717879
0.999999 0.00131803 -0.0010782 -0.00800436 -0.0013161 0.999998 0.0018639 0.00164086 0.00108068 -0.00186254 0.999999 0.711881
0.999995 0.0028645 0.000214505 -0.0091177 -0.00286452 0.999995 0.000505292 -0.00156048 -0.000213127 -0.00050583 0.999999 0.690855
0.999995 0.00319121 0.00122587 -0.00911429 -0.00318875 0.999994 -0.00205862 -0.00281905 -0.00123235 0.00205462 0.999998 0.688507
0.999997 0.00196478 0.00137989 0.00533442 -0.00196088 0.999993 -0.00280112 -0.0050215 -0.00138547 0.00279852 0.999994 0.688689
0.999997 0.000681125 0.00241518 -0.00578378 -0.000677164 0.999999 -0.00165827 0.00330504 -0.00241624 0.00165654 0.999997 0.670752
0.999995 0.00102767 0.00289444 0.00174508 -0.00102903 0.999998 0.000509219 0.0096338 -0.002894 -0.000512099 0.999995 0.680179
0.999985 0.00458538 0.0030139 -0.0012349 -0.00459207 0.999988 0.00217319 0.00747171 -0.00300384 -0.0021871 0.999994 0.673376
0.999985 0.00382057 0.00415701 -0.0153083 -0.00383577 0.999985 0.00371684 -0.004748 -0.00414286 -0.00373269 0.999983 0.611863
0.999976 0.0048302 0.00505769 -0.011561 -0.00483513 0.999989 0.000911366 0.00304604 -0.00505315 -0.000935813 0.999988 0.642737
0.999971 0.00355566 0.00678487 -0.0254633 -0.00355468 0.999994 -0.000125048 0.0100459 -0.00678543 0.000100922 0.999977 0.604409
0.999969 0.00373169 0.00696784 -0.0208648 -0.00374571 0.999991 0.00196798 0.00287507 -0.00696036 -0.00199393 0.999974 0.569189
0.999961 0.00495163 0.00736135 -0.0114815 -0.00496159 0.999986 0.0013632 -0.00227578 -0.00735458 -0.00139978 0.999972 0.569715
0.999959 0.00370387 0.00831247 -0.01921 -0.00370245 0.999994 -0.000223249 -0.00216736 -0.00831317 0.000192554 0.999966 0.547448
0.99997 0.0031228 0.0071304 0.00602812 -0.00312737 0.999994 0.000670101 -0.00729431 -0.0071284 -0.000692475 0.999975 0.524062
0.999964 0.00448788 0.00720188 0.000718662 -0.00448559 0.999991 -0.000376353 0.00168692 -0.0072034 0.000344166 0.999974 0.533444
0.999968 0.00360182 0.00718428 0.00597667 -0.00357814 0.999988 -0.00326009 0.0121662 -0.00719612 0.00323412 0.99997 0.489745
0.999961 0.00207153 0.00861076 -0.00911107 -0.00204668 0.999994 -0.00292736 0.00257547 -0.00861662 0.0029098 0.999957 0.473146
0.999971 0.000438642 0.00774571 0.00601908 -0.000440415 1 0.000248343 0.00171419 -0.00774585 -0.000252045 0.999972 0.407483
0.999968 -0.000424004 0.00787583 0.00553701 0.000412151 0.999999 0.00147987 0.00223215 -0.0078762 -0.00147628 0.999966 0.382305
0.999971 0.00181208 0.00759225 0.00744149 -0.00181706 0.999997 0.0006789 0.0114439 -0.00759128 -0.000692947 0.999973 0.386041
0.999949 0.0036758 0.00926444 -0.00199103 -0.0036818 0.999996 0.000592594 0.0013064 -0.00926206 -0.00062653 0.999956 0.314045
0.999953 0.004296 0.0088684 -0.00240639 -0.00429445 0.999988 -0.000152291 0.00399584 -0.00886913 0.000114056 0.999962 0.305122
0.999946 0.00381003 0.00952846 -0.0103316 -0.00380806 0.999995 -0.000260919 0.0210444 -0.00952923 0.000224743 0.999954 0.30966
0.999962 -0.00071554 0.0089307 0.0187708 0.000705242 0.999997 0.00119556 0.00285493 -0.00893182 -0.00118938 0.99996 0.280212
0.999921 -0.00123964 0.0121882 -0.0168159 0.00125481 1 -0.00126803 -0.000730089 -0.0121863 0.00128339 0.999921 0.265358
0.999932 -0.00204863 0.0116056 0.0457702 0.00208404 0.999992 -0.00300765 -0.00748317 -0.0115997 0.00303134 0.999931 0.226375
0.999916 0.000565285 0.0128153 0.0339491 -0.000528381 0.999997 -0.00291264 -0.00192374 -0.0128165 0.00290585 0.999911 0.249716
0.999883 0.00101424 0.0153148 0.0157751 -0.00100147 0.999998 -0.000817052 -0.00557396 -0.0153161 0.000801401 0.999885 0.251778
0.999862 0.00157355 0.0164815 0.0083342 -0.00156663 1 -0.00045708 0.00676436 -0.0164818 0.000431408 0.999862 0.263018
0.999852 2.7793e-07 0.0172484 0.0092061 6.47238e-06 0.999999 -0.000368807 0.00771219 -0.0172489 0.000368691 0.999853 0.267031
0.999823 -0.000688151 0.0187437 0.0133608 0.00070161 1 -0.000732993 0.0175188 -0.0187428 0.000746191 0.999821 0.263725
0.99981 -0.000568453 0.0196225 0.0259001 0.00055735 0.999998 0.000593847 0.00563953 -0.0196232 -0.000582999 0.999812 0.249224
0.999802 0.000218118 0.019798 0.0428086 -0.000227493 1 0.00044981 -0.00661002 -0.0197975 -0.000454023 0.9998 0.22935
0.99975 0.0017654 0.0224374 0.000271481 -0.00171827 0.999996 -0.00211062 0.0264067 -0.0224414 0.00207129 0.999752 0.310255
0.999725 0.000840105 0.0232438 0.0349609 -0.000822827 1 -0.000764832 0.00402083 -0.0232441 0.000745665 0.999723 0.273332
0.999685 0.00120358 0.0252641 0.0262007 -0.00122787 0.999999 0.000957588 -0.00672142 -0.0252632 -0.000988427 0.999688 0.256401
0.999634 0.0030809 0.0266801 0.0316157 -0.00311909 0.999995 0.00137927 -0.00660722 -0.0266753 -0.00146188 0.999637 0.289756
0.999594 0.00204473 0.028601 0.034897 -0.00207702 0.999996 0.00110939 -0.00235526 -0.028599 -0.00116849 0.999597 0.276797
0.999554 0.00109168 0.0296456 0.0549507 -0.00111152 1 0.000643135 0.00344884 -0.0296444 -0.000675662 0.999554 0.299195
0.999528 -0.00209123 0.0308979 0.0765376 0.0020899 0.999997 8.5719e-05 0.00332807 -0.0308984 -2.12394e-05 0.999531 0.3047
0.999402 -0.00352476 0.0341788 0.0807633 0.00354845 0.999994 -0.000643445 0.00237861 -0.0341759 0.000764459 0.999407 0.297168
0.999329 -0.00223739 0.0367541 0.080853 0.0022932 0.999996 -0.00146468 -0.00461927 -0.0367512 0.00154781 0.999332 0.314829
0.999272 0.000706565 0.0379813 0.0838108 -0.000612453 0.999998 -0.00250002 -0.00203646 -0.0379823 0.00247512 0.999267 0.321513
0.999245 0.000912569 0.0390204 0.103569 -0.000855632 0.999997 -0.00146564 -0.00435766 -0.0390223 0.00143099 0.999246 0.318175
0.999181 0.0027661 0.0401657 0.121413 -0.00273198 0.999997 -0.000913103 -0.00200382 -0.0401674 0.000802755 0.999183 0.323715
0.999133 0.00460055 0.0415601 0.12243 -0.00460983 0.999988 0.000134644 -0.00118561 -0.0415596 -0.000326242 0.999146 0.324941
0.999048 0.00571554 0.0430661 0.129453 -0.00572369 0.999985 5.68797e-05 0.00311891 -0.0430646 -0.000303188 0.999062 0.368915
0.998964 0.00161644 0.0456526 0.121267 -0.00162926 0.999997 0.00025316 0.00517965 -0.0456527 -0.000327384 0.998967 0.354878
0.998788 -0.0011298 0.0490454 0.108277 0.00103107 0.999999 0.00202801 0.00896926 -0.049047 -0.00197487 0.998784 0.344674
0.998709 0.000286524 0.0509901 0.0857374 -0.000365641 0.999997 0.00154988 0.00393292 -0.0509901 -0.00156662 0.998711 0.367872
0.998575 0.000832188 0.0531835 0.0613768 -0.000903966 1 0.0013181 0.00578682 -0.0531818 -0.00136419 0.998572 0.353686
0.998416 -0.000110555 0.0564476 0.0653249 0.000118348 0.999999 -0.000128945 0.00628813 -0.056448 0.000135195 0.998419 0.437965
0.998353 0.000178951 0.0571866 0.0538667 -0.000239592 1 0.00104774 0.0080622 -0.0571859 -0.00105956 0.99835 0.469417
0.998458 0.00113193 0.0556892 0.0587622 -0.0013288 0.999992 0.00350358 -0.00247334 -0.0556852 -0.00357226 0.998454 0.495193
0.998476 0.00344424 0.0548911 0.058216 -0.00368372 0.999985 0.00425724 -0.00181733 -0.0548751 -0.00445291 0.998471 0.496121
0.998554 0.00579426 0.0536579 0.052525 -0.00595399 0.999978 0.00282148 0.00446032 -0.0536409 -0.00313691 0.998568 0.476685
0.998621 0.000470363 0.0523044 0.0467997 -0.000496306 1 0.00048014 0.00507322 -0.0523039 -0.000505373 0.99862 0.53924
0.998861 -0.00899087 0.0470894 0.108323 0.00893347 0.999959 0.00143973 0.00137211 -0.0471006 -0.00101752 0.998902 0.468422
0.998957 -0.0105233 0.0441955 0.10241 0.0103569 0.999939 0.00398115 -0.00122557 -0.0442345 -0.00351927 0.999003 0.482237
0.999132 -0.0064589 0.0414225 0.0916272 0.00646129 0.999979 8.83392e-05 0.00310288 -0.0414226 0.000179255 0.999155 0.531195
0.999296 -0.000129319 0.037214 0.0579037 0.000188773 0.999999 -0.0016056 0.00366382 -0.0372134 0.00161157 0.999293 0.59004
0.999505 -0.00619391 0.031212 0.0858775 0.0062354 0.99998 -0.00121721 1.69843e-05 -0.0312042 0.00141111 0.999525 0.51974
0.999595 -0.00508246 0.0275798 0.0703795 0.00504877 0.999987 0.00127397 -0.00131502 -0.0275857 -0.00113421 0.999607 0.547989
0.99969 -0.00566059 0.0247154 0.0423021 0.00562068 0.999982 0.00171375 0.00121328 -0.024725 -0.00157426 0.999706 0.604786
0.999791 -0.00395105 0.0195001 0.0325519 0.00393361 0.999993 0.000895495 0.00900338 -0.0195031 -0.000818628 0.999797 0.595514
0.99989 -0.00169308 0.0154513 0.0264763 0.00172123 0.999996 -0.00176159 0.00349437 -0.0154486 0.00178797 0.999891 0.601693
0.999918 6.21917e-05 0.0119329 0.0311242 -5.86712e-05 1 -0.000354841 0.0105807 -0.0119326 0.00035407 0.999917 0.594668
0.999948 -6.15435e-06 0.0111896 0.0124194 1.65146e-05 0.999998 -0.00087725 0.00316823 -0.01119 0.000877461 0.99995 0.647049
0.999952 -0.00387719 0.0076872 0.0333873 0.00390077 0.999988 -0.00313174 0.010774 -0.0076745 0.00316151 0.999953 0.633391
0.999979 -0.00472076 0.00654627 0.00789993 0.0047338 0.999986 -0.00188566 0.0107632 -0.00653775 0.00191669 0.99999 0.635799
0.999982 -0.000357198 0.00378921 0.0190927 0.000353502 1 0.00081428 0.00601541 -0.00378901 -0.00081304 0.99998 0.666245
1 0.00227711 0.00386969 -0.0177417 -0.00228666 0.999991 0.00262739 0.0111276 -0.00386421 -0.00263607 1 0.687862
0.999983 0.00181511 0.00267694 -0.00499178 -0.00183484 0.999975 0.0071438 0.00596065 -0.00266337 -0.00714889 0.999958 0.688149
1.00001 -0.00142294 0.000941893 0.00875024 0.0014181 0.999979 0.00585208 0.000935803 -0.000950707 -0.00585055 0.999995 0.665911
0.999985 -0.00280939 -0.000294073 0.0203102 0.00280944 0.999996 0.00246547 0.00859978 0.000287506 -0.00246641 0.999984 0.735628
1.00001 -0.00320521 0.000661451 -0.010483 0.00320713 0.999991 -0.0017809 -0.00341359 -0.000656158 0.00178307 1.00001 0.708182
0.999986 -0.00155448 -0.000569551 -0.00606082 0.00154996 0.999979 -0.00670526 -0.0022361 0.000580266 0.0067044 0.999965 0.742429
1.00001 -0.00115379 -0.00231117 -0.00136196 0.00113753 0.99997 -0.00731567 0.00119636 0.00231926 0.00731296 0.999983 0.744702
0.999986 -0.00118501 -0.00027011 -0.0315757 0.00118428 1 -1.77125e-05 0.00190476 0.000270385 1.7348e-05 0.999988 0.711466
1.00001 0.00080061 -0.000924334 -0.0291476 -0.000795883 0.999988 0.00434349 0.0129155 0.000927483 -0.00434271 1 0.765654
0.999985 0.000987552 -0.00108966 -0.0276673 -0.000982005 0.999985 0.00570775 0.0126381 0.0010956 -0.00570673 0.999971 0.762474
1.00001 0.00235983 -0.00108408 -0.0427335 -0.00235777 0.999995 0.00128472 0.0090862 0.00108672 -0.00128216 1.00001 0.786543
0.999954 -0.0079287 -0.00179861 -0.0100529 0.00791863 0.999957 -0.00510087 -0.00203967 0.00183913 0.00508649 0.999974 0.700542
1.00001 -0.00226634 -0.00301413 0.00395908 0.0022505 0.999981 -0.0054473 0.00716437 0.0030262 0.00544044 0.999992 0.733939
0.999968 0.00590451 -0.00195289 -0.0301954 -0.00590604 0.999984 -0.000565854 0.00904334 0.0019497 0.000577373 0.999988 0.750436
0.999995 0.00401055 -0.00358011 -0.019064 -0.00399743 0.999985 0.00353123 0.00751739 0.00359395 -0.00351682 0.999996 0.781971
0.999977 -0.00396499 -0.00350214 -0.018805 0.00397684 0.999987 0.0035281 0.00150647 0.00348835 -0.00354202 0.999979 0.765022
0.999991 -0.00548468 -0.00289671 0.0149757 0.00548122 0.999984 -0.00137731 0.00476947 0.00290366 0.00136135 1 0.679091
0.999989 -0.000166628 -0.00232847 -0.0237246 0.000155492 0.999989 -0.0045486 0.00321375 0.00232946 0.00454831 0.999979 0.804132
1.00001 0.00275214 -0.000935101 -0.0733348 -0.00275188 0.999997 -0.000205693 0.00114069 0.000934174 0.00020819 1.00001 0.760934
0.999985 0.000618479 -0.00345614 -0.0166926 -0.000617692 1 0.000418527 0.0056667 0.0034566 -0.000416343 0.999985 0.828051
0.999991 -0.00450685 -0.0041297 0.0234824 0.00452012 0.999986 0.00307645 0.00152102 0.00411539 -0.00309513 0.999997 0.716258
0.999972 -0.00514195 -0.00354671 0.00385864 0.00514179 0.999986 0.000105139 -0.00746498 0.00354643 -0.000123288 0.999984 0.750988
1 -0.00288239 -0.00316648 -0.0209687 0.00288244 0.999997 -0.00015819 -0.00770282 0.00316646 0.000148902 1.00001 0.833358
0.999982 -0.000685402 -0.00372459 0.01934 0.000685085 1 7.59564e-05 0.00710455 0.00372497 -7.83824e-05 0.999983 0.756532
1 -0.00183432 -0.0043042 0.0131234 0.0018393 0.999998 0.00100673 0.0107761 0.00430192 -0.00101475 1 0.776594
0.999979 -0.00218676 -0.00389147 0.00520001 0.00218924 0.999997 0.000791357 0.00802782 0.00389012 -0.00079974 0.999983 0.794016
1 0.00156021 -0.00415755 0.0142743 -0.00156407 0.999999 -0.0010742 0.0207276 0.00415552 0.00108044 1 0.842829
0.99998 0.00250303 -0.00367334 -0.00470297 -0.0025102 0.999995 -0.0017392 0.00695203 0.0036693 0.00174872 0.999983 0.774374
1 -0.00190026 -0.00287792 -0.00655021 0.00190117 0.999998 3.15674e-05 0.0062246 0.00287753 -3.73279e-05 1 0.782226
0.999984 0.00178551 -0.00316609 0.000679362 -0.00178345 0.999998 0.000900002 -0.00459242 0.00316802 -0.000894121 0.999986 0.731135
1 0.00146922 -0.00387399 0.0181722 -0.00146845 1 -4.36609e-05 0.00256502 0.00387349 4.90948e-05 1 0.786117
0.999982 0.00264522 -0.003733 0.00280568 -0.0026448 0.999996 0.000371201 -0.00251167 0.00373441 -0.000361086 0.999985 0.790295
0.999997 0.00096734 -0.00450043 0.00860895 -0.000973446 1 -0.00157354 -0.00100773 0.00449846 0.00157766 0.999997 0.773378
0.999987 0.00111308 -0.00331245 -0.0207189 -0.00112346 0.999994 -0.00281824 -0.0042963 0.00330969 0.00282218 0.999984 0.839481
0.999996 0.000117279 -0.0046314 0.0188321 -0.000120711 1 -0.00102568 -0.0124386 0.00463083 0.00102593 0.999996 0.741474
0.999971 0.00592423 -0.00315182 -0.0172044 -0.00592888 0.999981 -0.00107817 -0.00210913 0.0031457 0.00109721 0.999987 0.816158
0.999991 0.00384853 -0.00409521 0.00298676 -0.00384079 0.999993 0.00159938 -0.000888298 0.00410099 -0.001584 0.999998 0.795423
0.999985 -0.00245044 -0.00345678 -9.83617e-05 0.00244798 0.999996 -0.000358995 -0.00179899 0.00345791 0.000350897 0.999988 0.769961
0.999999 0.00059323 -0.00387955 -0.00995617 -0.000595569 1 -0.000992179 0.000756556 0.00387867 0.000994091 0.999998 0.821821
0.999979 0.00374844 -0.00378815 -0.0198147 -0.00374959 0.999992 9.68589e-05 4.03421e-05 0.0037888 -8.22934e-05 0.999987 0.81227
0.999997 0.000824329 -0.00427582 -0.0083123 -0.000811444 0.999997 0.00267311 0.00421449 0.00427771 -0.00266994 0.999993 0.802043
0.999981 -0.000492212 -0.004931 0.000660648 0.000490907 0.999999 3.52298e-05 0.000797072 0.0049313 -3.72874e-05 0.999982 0.79948
0.999983 0.00306561 -0.00607979 -0.00230689 -0.00308146 0.999993 -0.00284189 -0.00376167 0.00607074 0.0028602 0.999983 0.799894
0.999976 0.00125593 -0.00581597 -0.0230919 -0.00130735 0.999961 -0.00859035 0.000858718 0.00580521 0.00859815 0.999942 0.822127
0.99998 0.00117541 -0.00715445 -0.0265648 -0.00120678 0.99999 -0.0045769 0.0102778 0.00714873 0.0045851 0.999969 0.791013
0.999963 0.00409722 -0.00683395 -0.0361102 -0.00411899 0.999986 -0.00295777 0.0140317 0.00682214 0.00298616 0.999968 0.87421
0.999975 0.00295135 -0.00726968 -0.0293841 -0.00293538 0.999994 0.00200098 0.0104017 0.00727512 -0.00197993 0.999976 0.841219
0.999966 -0.000581692 -0.00752076 -0.0201148 0.000591449 0.999998 0.00149456 0.00917336 0.00752033 -0.00149863 0.999967 0.835666
0.999982 -0.000124974 -0.00688445 -0.0175986 0.000148477 0.999995 0.00318447 0.0085819 0.00688358 -0.00318574 0.999975 0.811295
0.999954 0.00131505 -0.00892954 0.00208753 -0.00126662 0.999984 0.0056003 0.00902777 0.00893717 -0.00558844 0.999942 0.861659
0.999977 0.00218745 -0.00716461 -0.0186859 -0.00213085 0.999969 0.00768265 0.00594958 0.00718075 -0.00766747 0.999948 0.853394
0.999971 -0.00029742 -0.00693735 -0.0274667 0.000313001 0.999997 0.00245728 -0.00342228 0.00693697 -0.00245909 0.999971 0.873322
0.999977 0.00043701 -0.00747638 0.00257608 -0.000448911 0.999998 -0.00179245 -0.00410918 0.00747505 0.00179541 0.999972 0.807494
0.999976 -0.000884201 -0.00615802 -0.019214 0.000845763 0.999982 -0.00600933 -0.0100517 0.00616364 0.00600446 0.999962 0.852168
0.999989 0.00110071 -0.00554244 -0.0165461 -0.00111476 0.999995 -0.00278536 -0.00511732 0.00553886 0.00279103 0.999982 0.842607
0.99998 0.00108739 -0.00529636 -0.0100012 -0.00110247 0.999996 -0.00258403 -0.00228485 0.00529391 0.0025903 0.999981 0.819399
0.999981 0.00223622 -0.0067657 0.00478349 -0.00223123 0.999997 0.000555501 0.00496104 0.00676644 -0.000540895 0.999979 0.794063
0.999964 -0.0044456 -0.00618164 0.0187354 0.0044568 0.999988 0.00200643 0.00810248 0.00617303 -0.00203344 0.999977 0.770069
0.999989 -0.00161533 -0.0057727 0.00706376 0.00165318 0.999978 0.00635482 0.0103997 0.00576182 -0.00636476 0.999964 0.792953
0.999985 0.00155458 -0.00385936 -0.0179072 -0.00153095 0.999979 0.0064319 0.00569389 0.00386972 -0.00642538 0.999971 0.811199
0.999991 0.00330947 -0.00453825 -0.0107712 -0.00328971 0.999986 0.00408258 -0.00107436 0.00455121 -0.00406811 0.999983 0.79268
0.999982 0.000858261 -0.00458438 0.00498003 -0.000857948 1 0.000327928 -0.00352822 0.00458504 -0.000323423 0.999987 0.746463
0.999997 0.00112915 -0.00433619 0.0119931 -0.00113629 0.999997 -0.00191806 0.0021579 0.00433349 0.00192239 0.999991 0.761073
0.999983 0.00380343 -0.0021944 -0.0119073 -0.00381175 0.999988 -0.00330122 -0.00320929 0.00218233 0.00331013 0.999991 0.748568
1 0.000741123 -0.003398 0.0101231 -0.000752973 0.999992 -0.00383631 -0.00716908 0.00339449 0.00383823 0.999989 0.712164
0.999985 -0.000329601 -0.00374558 0.00399928 0.000310424 0.999989 -0.00480322 -0.00345854 0.00374775 0.0048026 0.99998 0.718941
1.00001 -0.00116561 -0.00228835 0.00417724 0.00116139 0.999995 -0.00235869 0.00484517 0.00229047 0.00235549 0.999996 0.707774
0.999989 0.00197367 -0.00173995 -0.0138575 -0.00197362 0.999999 0.000660648 0.00584045 0.00174186 -0.000656644 0.999997 0.720903
1.00001 -0.00128767 0.00029874 -0.00620905 0.00128803 0.999994 0.00291271 0.0103648 -0.000303055 -0.0029129 0.999997 0.666392
0.999991 0.000676644 0.000182263 -0.0124904 -0.000678243 0.999999 0.00187633 0.00637443 -0.000180452 -0.00187589 0.999997 0.693243
1.00001 -0.00139101 -0.000388919 0.0125918 0.00139252 0.999998 0.00072486 0.00427397 0.000387395 -0.000725945 1 0.657721
0.999991 -0.000306762 0.00119966 -0.000845526 0.000304027 0.999999 0.00130001 -0.00051147 -0.00119955 -0.00129907 0.999996 0.673256
1.00001 0.000900748 -3.12317e-05 0.0212135 -0.000899582 0.999999 -0.000586304 0.000975379 3.01344e-05 0.000585739 1 0.644145
0.999987 0.00134525 0.00276589 -0.00940468 -0.00133913 0.999996 -0.0026407 -0.00126664 -0.00276891 0.0026375 0.99999 0.647757
1 -0.00189393 0.00293345 -0.000662452 0.00190756 0.999989 -0.00426606 0.000874093 -0.00292586 0.00427107 0.99999 0.614404
0.999986 -0.00296804 0.00180267 0.00832871 0.00297084 0.999992 -0.00213978 0.0214447 -0.00179584 0.00214569 0.999993 0.628278
1.00001 0.000666074 0.00214389 -0.00240909 -0.000667707 1 0.00124043 0.00577709 -0.00214353 -0.00124237 1 0.614201
0.999988 0.000584743 0.00257187 0.000184599 -0.000593194 0.999994 0.00289581 0.00483182 -0.00256963 -0.00289682 0.999988 0.609089
1 -4.63307e-05 0.00261798 -0.00377965 3.7258e-05 0.999995 0.00385802 0.000307798 -0.00261869 -0.00385842 0.999993 0.599156
0.999981 -0.00437744 0.00212656 0.00910454 0.00437543 0.999988 0.000453126 -0.00224744 -0.00212808 -0.000443335 0.999994 0.563142
1 -0.0038761 0.00109565 0.0220586 0.00387955 0.999993 -0.00218673 0.000434955 -0.00108766 0.00219048 1 0.569246
0.999981 -0.00373506 0.00269204 0.00968221 0.00374034 0.999987 -0.00234958 -0.00459635 -0.00268271 0.00236011 0.999991 0.55969
1.00001 0.00114864 0.00119239 0.0081582 -0.00114598 1 -0.00137855 -0.00395849 -0.00119449 0.0013767 1 0.561148
0.999991 0.000860236 0.0010022 0.00212823 -0.000858776 0.999994 -0.00247017 -0.000651534 -0.0010038 0.00246977 0.999994 0.567306
1 -0.000843554 0.00232727 -0.0112276 0.000839441 1 0.00219947 -0.0152818 -0.00232966 -0.00219798 0.999998 0.563177
0.999971 -0.00634603 -0.000526745 0.0125357 0.00634567 0.999976 0.00134593 -0.00339725 0.000518743 -0.0013488 0.999996 0.583215
0.99999 -0.00532971 -0.00293929 0.0295061 0.00533409 0.999988 0.00112625 0.00296864 0.00293269 -0.0011424 0.999997 0.576356
0.999984 -0.00327785 -0.00301784 0.0246892 0.00327863 0.999992 0.00059447 -4.01779e-05 0.00301643 -0.000603875 0.999994 0.573902
0.999998 0.00187366 -0.00392727 -0.0100862 -0.00186979 1 0.000739588 0.00167673 0.003928 -0.000732784 0.999994 0.595314
0.999984 0.000838359 -0.00417883 -0.0417623 -0.000842096 0.999996 -0.000654527 0.00613362 0.00417883 0.000658522 0.999989 0.611297
0.999982 -0.00258833 -0.00674042 -0.00548347 0.00259191 1 0.000386225 0.0166449 0.00673874 -0.000404184 0.999979 0.587035
0.999966 0.000849027 -0.00724736 -0.0356454 -0.000852589 0.999997 -0.000367563 0.0153076 0.0072475 0.000374175 0.999972 0.627144
0.999964 -0.00123554 -0.0093823 0.00850627 0.00124979 1 0.00142623 0.0146003 0.00937987 -0.00143836 0.999957 0.593151
0.999938 0.00327362 -0.00990633 -0.0110563 -0.00327209 0.99999 0.000246786 0.00632598 0.00990749 -0.000213961 0.999949 0.631385
0.999953 0.000640502 -0.0105311 -0.00112501 -0.000637312 1 0.000240127 0.00422682 0.0105309 -0.000233813 0.999947 0.607761
0.999928 0.0045437 -0.0104481 -0.019376 -0.00457505 0.999981 -0.0029112 0.00584264 0.010435 0.00295916 0.999939 0.636355
0.99996 0.00294844 -0.00924678 -0.0195467 -0.00296479 0.999998 -0.00181579 0.0103808 0.00924086 0.00184269 0.999957 0.605086
0.999944 0.00357681 -0.00939315 -0.101542 -0.00360162 0.999987 -0.00254098 0.0109331 0.00938387 0.00257497 0.999954 0.753492
0.999932 0.000608468 -0.0122323 0.0231176 -0.000632478 1 -0.00203223 0.0109261 0.0122306 0.00203937 0.999924 0.631398
0.999929 0.00205701 -0.0111272 -0.0173458 -0.00206458 0.999995 -0.000599476 0.0172526 0.0111262 0.000622834 0.999938 0.702657
0.999944 -0.000336023 -0.0111967 -0.0163167 0.000328945 1 -0.000703327 0.0124879 0.0111966 0.000699145 0.999937 0.681198
0.999923 0.00332249 -0.0114666 -0.0173706 -0.00332244 0.999992 9.82837e-05 0.0110006 0.0114669 -5.97812e-05 0.999935 0.712903
0.999949 -0.00108761 -0.010584 -0.0277058 0.00113697 0.999992 0.00457902 0.0104074 0.0105789 -0.00459123 0.999933 0.719692
0.999911 -0.00460324 -0.0120354 0.019511 0.00467224 0.999969 0.00578517 0.0105138 0.0120082 -0.00584044 0.999911 0.696878
0.999944 -0.00311764 -0.0108884 -0.0170828 0.00316044 0.999991 0.00383097 0.00488026 0.0108764 -0.00386567 0.999936 0.719365
0.999926 0.000123962 -0.0114766 -0.0150725 -8.28243e-05 0.99999 0.00368907 0.003908 0.0114767 -0.0036874 0.999925 0.790196
0.999937 -0.00741091 -0.00940218 -0.00316477 0.00741687 0.999975 0.000502131 0.00157877 0.0093983 -0.000572376 0.999958 0.74996
0.999932 -0.00662603 -0.00865999 -0.00592904 0.00664991 0.99997 0.00283862 0.0196573 0.00864079 -0.00289549 0.999956 0.760643
0.999923 -0.010557 -0.00778071 0.0152262 0.0106075 0.999927 0.00636954 0.00848758 0.00771303 -0.0064521 0.999952 0.77964
0.999951 -0.00504565 -0.00734652 0.00730795 0.00506042 0.999981 0.00210477 0.00758662 0.0073356 -0.00214133 0.999969 0.804095
0.999982 -0.00227067 -0.00712692 -0.0152907 0.00226327 1 -0.00118248 -0.00116045 0.00712981 0.0011658 0.999976 0.78774
0.99995 -0.00193891 -0.00872792 0.0122451 0.00187558 0.999969 -0.00715361 -0.0108359 0.0087411 0.00713738 0.999935 0.824502
0.999986 -0.00409802 -0.005381 -0.0462084 0.00406944 0.999981 -0.00545576 -0.0113935 0.00540346 0.00543328 0.999972 0.783078
0.999976 0.00170858 -0.00544824 -0.0167437 -0.00172036 0.999991 -0.00200899 0.00806754 0.00544459 0.00201878 0.999982 0.815102
0.999968 0.00709236 -0.00546241 -0.0165586 -0.00708648 0.99998 0.000951526 0.0108826 0.00546917 -0.00091325 0.999985 0.814836
0.999959 0.00659978 -0.00472651 -0.0271491 -0.00660547 0.999973 -0.00101902 -0.00416506 0.00471948 0.00105063 0.999988 0.827469
1.00001 0.000704432 -0.00252013 -0.0733566 -0.000710936 1 -0.00289704 -0.0126025 0.00251816 0.00289838 0.999994 0.875374
0.999978 0.00368816 -0.00339414 -0.0739157 -0.00369972 0.999982 -0.00318257 -0.0123859 0.00338225 0.00319552 0.999987 0.87532
0.999997 0.00361846 -0.00341973 -0.0411921 -0.0036274 0.999996 -0.00283747 0.010089 0.00340926 0.00284932 0.999994 0.814527
0.99998 0.00113323 -0.00445614 -0.00482645 -0.00112765 0.999992 0.0014448 0.0142505 0.00445776 -0.00143938 0.999987 0.747035
0.999998 -0.0011305 -0.00458826 -0.00953137 0.00114091 1 0.00207604 0.010708 0.00458597 -0.00208164 0.999989 0.769335
0.999979 -0.000205323 -0.00487015 0.025794 0.000217657 0.999991 0.00270328 0.00734733 0.00486926 -0.002704 0.999983 0.69168
0.999992 0.000172142 -0.00593309 0.0115853 -0.000167335 1.00001 0.000709973 0.00976388 0.00593346 -0.000709285 0.999984 0.749987
0.999978 0.00146751 -0.00484391 -0.00254756 -0.00147703 0.99999 -0.00184303 0.0130153 0.00484093 0.00185049 0.999984 0.743236
1 -0.00174771 -0.00404417 0.0146418 0.00174825 1.00001 1.81744e-05 -0.0119965 0.00404418 -2.57203e-05 0.999994 0.672914
0.999986 -0.00190267 0.00146836 -0.0628405 0.00190176 0.999991 0.000263974 0.00801764 -0.00146899 -0.00026072 0.999998 0.706586
1 -0.00305591 -0.00339514 0.0191659 0.00305641 1 1.14914e-05 0.00874109 0.00339483 -2.23306e-05 0.999996 0.70641
0.999983 0.000723807 -0.0032625 0.00507242 -0.000724022 0.999992 5.7431e-05 0.00813793 0.00326279 -5.45912e-05 0.999993 0.693285
1 -0.00159622 -0.00364966 0.0251834 0.00159336 1.00001 -0.000903043 0.0102822 0.00365089 0.000896813 0.999995 0.655866
0.999984 0.000379137 -0.00310411 0.00336577 -0.000387959 0.999989 -0.00270168 0.0100244 0.00310319 0.00270332 0.99999 0.651324
1 -0.00324527 -0.00333145 0.0126049 0.00323766 0.999999 -0.00243662 0.0118138 0.00333914 0.00242533 0.999994 0.636594
0.999981 -0.00221857 -0.00322226 -0.0189455 0.00221654 0.99999 -0.000442025 0.00198358 0.00322329 0.000435307 0.999993 0.666179
0.999996 -0.00424454 -0.00386066 0.00178683 0.00424617 0.999998 0.000282364 0.00598788 0.00385906 -0.000299228 0.999994 0.633328
0.999975 -0.00196944 -0.00471935 0.0222357 0.00196855 0.999991 -6.11614e-05 0.00636392 0.00471963 5.22692e-05 0.999987 0.60037
1 -0.00126386 -0.00399275 -0.0173156 0.00126335 1.00001 -0.000325474 0.000860636 0.00399276 0.000320009 0.999995 0.646539
0.999977 -0.000286672 -0.00454417 0.0297201 0.000285464 0.999992 -8.40931e-05 0.00480907 0.00454453 8.31706e-05 0.999987 0.564399
1 -0.00173869 -0.00453171 0.00272558 0.00173711 1.00001 -0.000534808 -0.000290573 0.00453214 0.000526494 0.999993 0.609052
0.99997 0.000438784 -0.00573987 0.00363807 -0.00044726 0.999992 -0.00133684 -0.000182821 0.00573979 0.00133986 0.999979 0.60078
0.999996 -0.00230094 -0.00543889 -0.00256483 0.00229438 1 -0.00136719 0.000633771 0.00544147 0.00135419 0.999987 0.6075
0.999963 0.0020093 -0.00648321 0.00585552 -0.00202896 0.999986 -0.00290357 -0.00154974 0.00647789 0.00291712 0.999972 0.579565
0.99998 0.00312785 -0.00764035 -0.000863457 -0.00316501 0.999991 -0.00496078 -0.00297676 0.00762412 0.00498436 0.999962 0.588066
0.999943 0.00446916 -0.00798497 -0.00861168 -0.00451515 0.999966 -0.00565412 0.00428672 0.00796012 0.00569039 0.999949 0.584684
0.999973 0.00411895 -0.00814271 -0.0107897 -0.00415608 0.999988 -0.00464235 0.00590408 0.00812289 0.00467551 0.999958 0.581881
0.999949 0.0027759 -0.00812936 -0.0203846 -0.00280332 0.999983 -0.003271 0.00270213 0.00812074 0.00329419 0.99996 0.597694
0.999983 0.00385873 -0.00696231 -0.0182924 -0.00384602 0.999998 0.00173076 0.0104388 0.00696838 -0.00170447 0.999976 0.60175
0.999945 0.00558367 -0.00718481 -0.021004 -0.00555372 0.999968 0.0042834 0.0110428 0.00720907 -0.00424277 0.999963 0.608697
0.999963 0.00624344 -0.00799028 -0.0164346 -0.00619377 0.999969 0.00613875 0.00817783 0.00802773 -0.0060895 0.999952 0.620139
0.999942 0.00566006 -0.00741662 -0.0288401 -0.00561848 0.999961 0.00571134 0.00407367 0.00744914 -0.00566886 0.999954 0.639659
0.999978 0.00208665 -0.0084035 0.00386669 -0.00205585 0.999998 0.00357625 0.00386046 0.00841029 -0.00355947 0.999961 0.609837
0.999937 0.00499876 -0.00844419 -0.0184051 -0.00500761 0.99998 -0.000926901 0.000746756 0.0084399 0.000969746 0.999961 0.645211
0.999977 0.00371692 -0.00786995 -0.0252613 -0.00373522 0.999996 -0.00241351 0.00267605 0.00786038 0.0024422 0.999968 0.662282
0.999949 0.00249619 -0.00812233 -0.00818961 -0.00251434 0.999989 -0.00213532 0.00110998 0.00811746 0.0021563 0.999963 0.650782
0.999978 0.00174082 -0.00848639 -0.0118239 -0.00175357 1 -0.00157456 0.00669107 0.00848317 0.0015888 0.999965 0.684495
0.999939 0.00238576 -0.00923093 -0.00879373 -0.0023824 0.999992 0.000446659 0.00787374 0.00923236 -0.000424047 0.999955 0.689554
0.999964 0.00490626 -0.00884253 -0.0273969 -0.0048952 0.999993 0.0012086 0.00820394 0.00884784 -0.00116588 0.999963 0.724607
0.999935 0.00114179 -0.00998733 0.01545 -0.00110814 0.999988 0.00344541 -0.00960989 0.0099916 -0.00343364 0.999942 0.685988
0.999973 0.000134926 -0.00918233 -0.0253961 -0.000108505 1 0.00278267 -0.00485537 0.00918222 -0.00278203 0.999956 0.750123
0.999935 -8.99519e-05 -0.00999499 -0.0152651 9.23934e-05 0.999995 0.000336835 0.000919075 0.00999543 -0.00033727 0.999948 0.753244
0.999951 0.00332447 -0.0108406 -0.0207427 -0.00331888 0.999999 0.000447155 0.00065888 0.0108416 -0.000411554 0.999943 0.773188
0.999921 0.000202595 -0.0113206 0.00302559 -0.000206718 0.999995 -0.000270026 0.00643523 0.0113209 0.000272756 0.999934 0.753363
0.999966 0.00156028 -0.00977905 -0.0146352 -0.00155642 1 0.000291227 0.010058 0.00977905 -0.000276392 0.999954 0.785707
0.999963 -0.000900291 -0.00662087 -0.0180615 0.000904766 0.999995 0.000833003 0.00917098 0.00662064 -0.000838606 0.999976 0.792005
1 -0.00162876 -0.00476466 -0.0123348 0.00163297 1 0.0006575 0.00821746 0.00476297 -0.000665635 0.999991 0.815377
0.999963 -0.00338806 -0.00573188 0.0147921 0.00338665 0.99999 -6.61216e-05 0.0139698 0.00573256 4.70333e-05 0.999982 0.809505
0.999989 -0.00589078 -0.00422625 -0.014103 0.00589332 0.999987 0.000305417 0.0062175 0.00422394 -0.00033064 0.999993 0.851919
0.999939 -0.00811781 -0.00494595 0.0144757 0.00812425 0.999961 0.00153912 0.00528154 0.00493365 -0.00157892 0.999985 0.826021
0.999983 -0.00633331 -0.00512448 0.00899395 0.0063499 0.99998 0.00296511 0.0035211 0.00510516 -0.0029979 0.999984 0.856807
0.999959 -0.00566781 -0.00408028 0.0036451 0.00567577 0.999977 0.00226495 0.00679326 0.00406776 -0.00228767 0.999988 0.854667
1.00001 -0.000398339 -0.00426119 -0.00663533 0.000406244 1 0.00156161 0.00667881 0.00426023 -0.00156377 0.999991 0.86266
0.999977 1.01408e-05 -0.003587 -0.0123649 -1.5453e-05 0.999996 -0.00114107 0.00268308 0.00358729 0.00114154 0.999991 0.871598
0.99999 0.00524142 -0.00510898 -0.0202147 -0.00524588 0.999989 -0.00107878 0.0039867 0.00510289 0.00110513 0.999988 0.90512
0.999957 0.00607413 -0.00413434 -0.0333828 -0.00607125 0.999977 0.000970885 0.00792195 0.00414048 -0.000945329 0.999989 0.927115
1.00001 -6.7501e-05 -0.00345434 -0.0135925 8.32628e-05 0.999994 0.00424476 0.00705889 0.00345363 -0.00424548 0.999987 0.861848
0.999958 0.00303683 -0.00645812 0.00077607 -0.00299522 0.99997 0.00663788 0.00695936 0.00647845 -0.0066179 0.999956 0.918022
1.00001 -0.000703218 -0.00449829 -0.00797013 0.000735257 0.999979 0.00684161 0.00527938 0.004493 -0.00684534 0.999968 0.900337
0.999964 -0.00257778 -0.00586841 -0.0107497 0.00259701 0.999988 0.00349672 0.00214486 0.00585964 -0.0035114 0.999975 0.931207
0.999981 -0.00626222 -0.00542742 -0.00762548 0.00625604 0.999983 -0.00137507 0.00163583 0.00543561 0.00134057 0.999987 0.894748
0.999917 -0.01046 -0.00512439 -0.0119064 0.0104274 0.999924 -0.00609786 0.00176318 0.00518814 0.00604451 0.999966 0.882972
0.99998 -0.00594802 -0.00605732 -0.0226923 0.00590021 0.999953 -0.00807938 0.00492563 0.0061046 0.00804287 0.999952 0.965532
0.999952 -0.00368851 -0.00699957 -0.0236792 0.00365971 0.999982 -0.0039541 0.00927216 0.0070145 0.00392884 0.999965 0.965155
0.999977 -0.00293098 -0.00835617 -0.0019238 0.00295791 0.999994 0.00307238 0.0136848 0.00834663 -0.00309748 0.999963 0.944034
0.999947 -0.00457735 -0.00732065 -0.0294192 0.00459382 0.999983 0.00237611 0.00997228 0.00731 -0.00240905 0.999968 1.00612
0.999965 -0.0051653 -0.00869037 0.0460482 0.00515986 0.999991 -0.000770957 0.00615742 0.00869371 0.000725418 0.999965 0.870852
0.999966 -0.00258645 -0.00546067 -0.0487807 0.00256181 0.999984 -0.00433617 -0.0167922 0.00547209 0.0043228 0.999974 1.00954
0.99999 0.000123583 -0.00734939 0.0253068 -0.000137564 0.999999 -0.00202141 0.0177741 0.00734878 0.0020216 0.999974 0.931581
0.999964 -0.00308846 -0.00541902 0.00163784 0.0030909 0.999995 0.000617395 0.0127916 0.00541726 -0.000633383 0.999983 0.979921
1.00001 -0.0031684 -0.00258414 0.011984 0.00318139 0.999984 0.00463152 -0.0018508 0.00256892 -0.00464038 0.999988 0.913701
0.99997 -0.00432696 -0.00250603 0.00472524 0.00433211 0.999988 0.00248471 0.0152091 0.00249557 -0.00249483 0.999992 0.977054
1.00001 -0.00404059 -0.001629 0.0195589 0.00404603 0.999988 0.00269415 0.0109235 0.00161767 -0.00270143 0.999997 0.961151
0.999981 -0.000617784 -0.00130242 -0.00203816 0.000618534 0.999999 0.0011763 0.00753016 0.00130189 -0.00117633 0.999996 0.991922
1.00002 0.00192312 -0.000639025 0.00967763 -0.00192184 0.999998 0.000929135 0.000799556 0.000640515 -0.000928713 1 0.955097
0.999981 0.000721427 -0.000247535 0.00363843 -0.00072254 0.999998 -0.00123919 0.00522443 0.000246875 0.00124015 0.999997 0.968937
1.00001 0.00382476 0.00106005 0.00320069 -0.00382255 0.999993 -0.00139373 0.00698366 -0.0010657 0.00138889 1 0.945995
0.99997 0.00371944 0.00244283 0.00569695 -0.00371587 0.999991 -0.00177609 0.00604426 -0.00244909 0.00176777 0.999992 0.945717
1.00001 0.00403281 0.00187737 -0.00149149 -0.00403341 0.999993 0.000766799 0.00305454 -0.00187474 -0.000775096 1 0.979084
0.999975 0.00240356 0.00246446 0.0101546 -0.002406 0.999996 0.000589071 0.00221915 -0.00246261 -0.000594371 0.999993 0.960063
1.00002 0.000879204 0.00233184 0.0204946 -0.000883451 0.999998 0.00221404 0.00407346 -0.00233042 -0.00221673 0.999999 0.942386
0.999976 0.00141459 0.00251112 0.00858785 -0.00142395 0.999992 0.00340288 0.00285127 -0.00250581 -0.0034058 0.999987 0.967164
1.00001 -0.00437866 0.00286162 0.0290073 0.00437471 0.99999 0.00165908 0.00576813 -0.00286942 -0.00164724 0.999999 0.92707
0.999975 0.000640911 0.00313037 0.0285765 -0.000625114 0.999984 -0.00528399 -0.00435559 -0.00313312 0.00528273 0.999976 0.915799
0.999997 0.00582867 0.00322815 0.00579801 -0.00580106 0.999951 -0.00827318 -0.00368698 -0.0032768 0.00825364 0.999967 0.956804
0.999972 0.00229956 0.00367188 -0.00733814 -0.00227869 0.999978 -0.00590827 0.0024541 -0.00368473 0.0059005 0.99997 1.00257
1.00001 0.00247833 0.00310439 0.0375654 -0.00248798 0.999994 0.00339096 0.0157737 -0.00309665 -0.00339928 0.999996 0.850255
0.999967 0.00323474 0.00428853 0.00044684 -0.00326005 0.999978 0.00565376 0.00618022 -0.00426951 -0.00566703 0.99997 1.02111
1.00001 0.00188634 0.0041422 0.00185938 -0.00190607 0.999987 0.00497854 0.000241691 -0.00413367 -0.00498709 0.999985 0.957643
0.99997 -7.82014e-05 0.00486613 -0.0108065 7.75832e-05 0.999999 -6.67753e-05 0.00257857 -0.00486519 6.78763e-05 0.999982 0.959133
1.00001 -0.00169329 0.00251359 0.0476529 0.00169243 1 0.000691184 0.00415693 -0.00251601 -0.000687655 1 0.905696
