num_classes: 19
pth: /media/justin/LaCie/data/kitti/sequences/05
Kitti contains 2761 files
intrinsic: 
707.091       0 601.887
      0 707.091  183.11
      0       0       1
 baseline: 0.54
reading cvo points from txt files...
reading cvo params from file

=============================================
Aligning 0 and 1
num fixed: 13542
num moving: 13665
[Cvo ] the init guess for the transformation is 
    1     0     0     0
    0     1     0     0
    0     0     1 -0.75
    0     0     0     1
num_thread: 12
-------------------- iteration: 0--------------
nonzeros in A 146297
omega: 
-11.6814
 16.2601
-2.86085
v: 
0.550318
0.608825
 1.48581
B: 14238.9C: -6.79189e+07D: -1.286e+10E: 2.72298e+13
step size 8.23214e-05
dist: 0.00235866
ell: 0.448926
dl: -0.00358071
R:     0.999999  0.000234872   0.00133867
-0.000236146            1  0.000961472
 -0.00133844 -0.000961784     0.999999
T: 4.53898e-05
5.01722e-05
  -0.749878
num non zeros in A: 146297
inner product before normalized: 166.683
inner product after normalized: 0.90074
-------------------- iteration: 1--------------
nonzeros in A 146470
omega: 
-5.95618
 6.63663
-2.46064
v: 
0.200496
0.326888
 1.44764
B: 3050.24C: -1.40632e+07D: -5.89063e+08E: 1.21414e+12
step size 0.000107984
dist: 0.00142186
ell: 0.447839
dl: -0.00362282
R:     0.999998  0.000499501   0.00205555
-0.000502765     0.999999   0.00160438
 -0.00205476   -0.0016054     0.999997
T: 6.73157e-05
8.56614e-05
  -0.749722
num non zeros in A: 146470
inner product before normalized: 167.352
inner product after normalized: 0.904352
-------------------- iteration: 2--------------
nonzeros in A 146106
omega: 
-1.93918
 1.49696
-1.91083
v: 
0.0153023
 0.132256
  1.41833
B: 407.727C: -1.25387e+06D: -8.93088e+06E: 1.08767e+10
step size 0.000162462
dist: 0.000750423
ell: 0.446749
dl: -0.00363153
R:     0.999997  0.000809253   0.00229895
-0.000813627     0.999998   0.00191927
 -0.00229741  -0.00192112     0.999996
T: 7.03154e-05
 0.00010755
  -0.749491
num non zeros in A: 146106
inner product before normalized: 167.058
inner product after normalized: 0.902766
-------------------- iteration: 3--------------
nonzeros in A 145614
omega: 
 0.256449
-0.147334
 -1.23683
v: 
-0.0471891
 0.0283204
   1.40279
B: 125.844C: -64567.7D: -111214E: 2.63671e+07
step size 0.000972541
dist: 0.00221886
ell: 0.445659
dl: -0.00363606
R:    0.999996  0.00201267  0.00215531
-0.00201623    0.999997  0.00167007
-0.00215196 -0.00167439    0.999996
T: 2.74985e-05
0.000137604
  -0.748127
num non zeros in A: 145614
inner product before normalized: 166.513
inner product after normalized: 0.899818
-------------------- iteration: 4--------------
nonzeros in A 145164
omega: 
-0.156905
  1.60062
 0.578319
v: 
0.00558772
  0.057618
   1.39872
B: 172.023C: -522448D: -646490E: 1.76316e+09
step size 0.000164556
dist: 0.000459636
ell: 0.444566
dl: -0.00364237
R:    0.999995  0.00191745  0.00241875
-0.00192151    0.999997  0.00169537
-0.00241551 -0.00169998    0.999996
T: 2.89782e-05
0.000147472
  -0.747897
num non zeros in A: 145164
inner product before normalized: 166.026
inner product after normalized: 0.897191
-------------------- iteration: 5--------------
nonzeros in A 144620
omega: 
-0.132116
-0.528226
 0.271651
v: 
-0.0684491
 0.0540168
   1.38178
B: 81.0079C: -54192.3D: -63628.2E: 1.65798e+07
step size 0.000746615
dist: 0.00121711
ell: 0.443475
dl: -0.00363734
R:    0.999997  0.00171441  0.00202455
  -0.001718    0.999997  0.00179472
-0.00202149 -0.00179818    0.999996
T: -1.97937e-05
 0.000189702
   -0.746865
num non zeros in A: 144620
inner product before normalized: 165.424
inner product after normalized: 0.893934
-------------------- iteration: 6--------------
nonzeros in A 144153
omega: 
0.402882
 2.39355
0.268077
v: 
0.0370095
0.0285679
  1.38104
B: 280.211C: -1.14735e+06D: -3.23111e+06E: 8.37123e+09
step size 0.000121764
dist: 0.000452916
ell: 0.442382
dl: -0.00364342
R:    0.999996  0.00168188  0.00231591
-0.00168588    0.999997  0.00174517
-0.00231299 -0.00174905    0.999996
T: -1.49079e-05
 0.000193469
   -0.746697
num non zeros in A: 144153
inner product before normalized: 164.889
inner product after normalized: 0.891042
-------------------- iteration: 7--------------
nonzeros in A 143652
omega: 
 0.0237125
 0.0801178
-0.0010641
v: 
-0.043761
0.0449982
  1.36255
B: 66.7971C: -1896.32D: -1114.69E: 19342.2
step size 0.0174522
dist: 0.023894
ell: 0.441288
dl: -0.00364692
R:    0.999992   0.0017017  0.00371344
-0.00170659    0.999998  0.00132897
-0.00371119 -0.00133527    0.999992
T: -0.000705465
  0.00101659
   -0.722916
num non zeros in A: 143652
inner product before normalized: 164.316
inner product after normalized: 0.887948
-------------------- iteration: 8--------------
nonzeros in A 144127
omega: 
-2.38703
-11.1039
-1.18773
v: 
-0.431672
 0.157933
  1.20436
B: 4747.34C: -2.49336e+07D: -1.76858e+09E: 3.84204e+12
step size 9.16626e-05
dist: 0.00148503
ell: 0.440152
dl: -0.00378399
R:    0.999995  0.00180987  0.00269601
  -0.001814    0.999997  0.00154956
-0.00269322 -0.00155442    0.999995
T: -0.000744652
  0.00103129
   -0.722806
num non zeros in A: 144127
inner product before normalized: 165.119
inner product after normalized: 0.892289
-------------------- iteration: 9--------------
nonzeros in A 143811
omega: 
-0.739839
 -3.20743
-0.204542
v: 
-0.154191
0.0832252
  1.22986
B: 448.76C: -2.10509e+06D: -1.56165e+07E: 2.77194e+10
step size 0.000106263
dist: 0.000512877
ell: 0.439016
dl: -0.00378868
R:    0.999996   0.0018314  0.00235533
-0.00183519    0.999997   0.0016288
-0.00235236 -0.00163309    0.999996
T: -0.00076069
 0.00104037
  -0.722675
num non zeros in A: 143811
inner product before normalized: 164.908
inner product after normalized: 0.891146
-------------------- iteration: 10--------------
nonzeros in A 143211
omega: 
-0.184101
-0.582456
0.0916437
v: 
-0.0624486
 0.0573242
   1.23122
B: 69.1747C: -69678.4D: -75118.3E: 2.9304e+07
step size 0.00049611
dist: 0.000750111
ell: 0.437882
dl: -0.00377999
R:    0.999996  0.00178574  0.00206653
-0.00178924    0.999997  0.00172065
-0.00206348 -0.00172433    0.999996
T: -0.000790294
   0.0010699
   -0.722064
num non zeros in A: 143211
inner product before normalized: 164.273
inner product after normalized: 0.887717
-------------------- iteration: 11--------------
nonzeros in A 142766
omega: 
0.420498
 1.57446
 0.25935
v: 
   0.0144
0.0291223
  1.22781
B: 154.485C: -531185D: -765385E: 1.81104e+09
step size 0.000145267
dist: 0.000383096
ell: 0.436743
dl: -0.00379442
R:    0.999996  0.00174819  0.00229514
-0.00175196    0.999997  0.00165916
-0.00229226 -0.00166317    0.999996
T: -0.000787825
  0.00107443
   -0.721886
num non zeros in A: 142766
inner product before normalized: 163.724
inner product after normalized: 0.884749
-------------------- iteration: 12--------------
nonzeros in A 142167
omega: 
-0.0331139
 -0.172354
 0.0172251
v: 
-0.0463094
 0.0493111
    1.2145
B: 55.4397C: -6056.52D: -3873.03E: 216503
step size 0.00456369
dist: 0.00566669
ell: 0.435611
dl: -0.00377591
R:    0.999997  0.00166929  0.00150883
-0.00167199    0.999997  0.00181163
-0.00150583 -0.00181414    0.999997
T: -0.000988066
  0.00130942
   -0.716343
num non zeros in A: 142167
inner product before normalized: 163.074
inner product after normalized: 0.881236
-------------------- iteration: 13--------------
nonzeros in A 141886
omega: 
1.03242
5.60268
0.47559
v: 
   0.159932
0.000329118
    1.20336
B: 1259.98C: -6.40309e+06D: -9.84196e+07E: 2.63287e+11
step size 9.77292e-05
dist: 0.000798975
ell: 0.434467
dl: -0.00381173
R:    0.999997  0.00162299  0.00205621
-0.00162647    0.999997  0.00170983
-0.00205345 -0.00171315    0.999996
T: -0.000972221
  0.00130963
   -0.716226
num non zeros in A: 141886
inner product before normalized: 162.767
inner product after normalized: 0.879577
-------------------- iteration: 14--------------
nonzeros in A 141326
omega: 
  0.310884
   1.47313
0.00720511
v: 
0.0149165
0.0327858
  1.18212
B: 135.932C: -444043D: -433240E: 1.25726e+09
step size 0.000152846
dist: 0.000372253
ell: 0.433328
dl: -0.00379872
R:    0.999996  0.00162199  0.00228129
-0.00162575    0.999997  0.00166195
-0.00227861 -0.00166564    0.999996
T: -0.000969562
  0.00131495
   -0.716045
num non zeros in A: 141326
inner product before normalized: 162.204
inner product after normalized: 0.876537
-------------------- iteration: 15--------------
nonzeros in A 140773
omega: 
-0.0256403
 -0.227537
 -0.169424
v: 
-0.0438692
 0.0474086
   1.16806
B: 54.0428C: -12533.6D: -7147.83E: 1.02674e+06
step size 0.00215361
dist: 0.00266458
ell: 0.43219
dl: -0.00379193
R:    0.999996  0.00198675  0.00179137
 -0.0019898    0.999997  0.00171805
-0.00178797  -0.0017216    0.999997
T: -0.0010587
0.00142147
 -0.713529
num non zeros in A: 140773
inner product before normalized: 161.582
inner product after normalized: 0.873171
-------------------- iteration: 16--------------
nonzeros in A 140288
omega: 
0.765771
 3.57956
0.729609
v: 
0.0883704
0.0139652
   1.1639
B: 573.177C: -2.72291e+06D: -1.88024e+07E: 4.87555e+10
step size 0.000105207
dist: 0.000568763
ell: 0.43105
dl: -0.00380009
R:    0.999996  0.00191014   0.0021678
-0.00191367    0.999997  0.00163675
 -0.0021647 -0.00164089    0.999996
T: -0.00104916
 0.00142312
  -0.713407
num non zeros in A: 140288
inner product before normalized: 161.061
inner product after normalized: 0.870358
-------------------- iteration: 17--------------
nonzeros in A 139760
omega: 
0.171702
0.712051
 0.32199
v: 
-0.0113092
 0.0402111
   1.14671
B: 73.7235C: -117742D: -86766.3E: 9.37167e+07
step size 0.000312885
dist: 0.000504229
ell: 0.429908
dl: -0.00380492
R:    0.999995  0.00180952  0.00239049
-0.00181328    0.999997  0.00158262
-0.00238765 -0.00158693    0.999996
T: -0.00105183
 0.00143628
  -0.713048
num non zeros in A: 139760
inner product before normalized: 160.479
inner product after normalized: 0.867212
-------------------- iteration: 18--------------
nonzeros in A 139205
omega: 
-0.262877
 -1.01918
-0.024019
v: 
-0.0710423
 0.0591036
    1.1321
B: 90.8448C: -215998D: -341798E: 2.99497e+08
step size 0.000210268
dist: 0.000393779
ell: 0.428768
dl: -0.00380008
R:    0.999996  0.00181444  0.00217629
-0.00181799    0.999997  0.00163828
-0.00217334 -0.00164221    0.999996
T: -0.00106617
 0.00144911
   -0.71281
num non zeros in A: 139205
inner product before normalized: 159.856
inner product after normalized: 0.863849
-------------------- iteration: 19--------------
nonzeros in A 138671
omega: 
0.125444
0.556924
0.164954
v: 
-0.015738
0.0414254
  1.13143
B: 62.2626C: -68907.4D: -35675.5E: 3.18984e+07
step size 0.000451705
dist: 0.000636939
ell: 0.42763
dl: -0.00379565
R:    0.999995  0.00174007  0.00242776
-0.00174388    0.999997  0.00158118
-0.00242502 -0.00158537    0.999996
T: -0.00107203
 0.00146865
  -0.712299
num non zeros in A: 138671
inner product before normalized: 159.245
inner product after normalized: 0.860544
-------------------- iteration: 20--------------
nonzeros in A 138163
omega: 
-0.312183
  -1.3561
-0.145702
v: 
-0.0814862
 0.0606539
   1.11499
B: 122.922C: -385190D: -836107E: 9.72625e+08
step size 0.000159318
dist: 0.000362222
ell: 0.426493
dl: -0.00378955
R:    0.999996  0.00176316  0.00221179
-0.00176675    0.999997  0.00163129
-0.00220893 -0.00163516    0.999996
T: -0.00108456
 0.00147862
  -0.712121
num non zeros in A: 138163
inner product before normalized: 158.655
inner product after normalized: 0.857358
-------------------- iteration: 21--------------
nonzeros in A 137615
omega: 
0.0573634
 0.239338
0.0607552
v: 
-0.0253598
 0.0433094
   1.11349
B: 50.2844C: -13125.9D: -5659.91E: 1.15322e+06
step size 0.00191429
dist: 0.00224137
ell: 0.425357
dl: -0.00378777
R:    0.999995  0.00164713  0.00266977
-0.00165117    0.999997   0.0015207
-0.00266728 -0.00152507    0.999995
T: -0.00112776
 0.00156496
   -0.70999
num non zeros in A: 137615
inner product before normalized: 158.037
inner product after normalized: 0.854017
-------------------- iteration: 22--------------
nonzeros in A 137139
omega: 
-0.749127
 -3.21175
-0.465601
v: 
 -0.14454
0.0796331
  1.08322
B: 475.644C: -2.18727e+06D: -1.79917e+07E: 3.17209e+10
step size 0.000109125
dist: 0.000527731
ell: 0.424219
dl: -0.00379334
R:    0.999996  0.00169773  0.00231943
-0.00170144    0.999997  0.00160303
-0.00231672 -0.00160695    0.999996
T: -0.00114322
 0.00157386
  -0.709872
num non zeros in A: 137139
inner product before normalized: 157.512
inner product after normalized: 0.851178
-------------------- iteration: 23--------------
nonzeros in A 136621
omega: 
-0.163998
-0.641402
-0.119747
v: 
-0.0541611
 0.0525626
   1.08656
B: 63.7501C: -88820.2D: -86795.5E: 5.2505e+07
step size 0.000358609
dist: 0.000518626
ell: 0.423081
dl: -0.00379353
R:    0.999996  0.00174053  0.00208951
-0.00174401    0.999997  0.00166223
-0.00208664 -0.00166586    0.999996
T: -0.00116171
 0.00159337
  -0.709482
num non zeros in A: 136621
inner product before normalized: 156.932
inner product after normalized: 0.848047
-------------------- iteration: 24--------------
nonzeros in A 136050
omega: 
0.254348
 1.07768
0.119473
v: 
0.00615425
 0.0330863
   1.08621
B: 94.6914C: -247902D: -172575E: 4.11829e+08
step size 0.000191029
dist: 0.000365535
ell: 0.421946
dl: -0.00378133
R:    0.999996  0.00171781   0.0022953
-0.00172153    0.999997  0.00161329
-0.00229255 -0.00161722    0.999996
T: -0.00116009
 0.00160004
  -0.709275
num non zeros in A: 136050
inner product before normalized: 156.303
inner product after normalized: 0.844645
-------------------- iteration: 25--------------
nonzeros in A 135483
omega: 
 -0.083415
 -0.446677
-0.0688226
v: 
-0.0467706
 0.0480875
   1.07348
B: 53.7889C: -41705.8D: -32943.8E: 1.16207e+07
step size 0.000644366
dist: 0.000809778
ell: 0.420815
dl: -0.00376992
R:    0.999996  0.00176205  0.00200757
 -0.0017654    0.999997  0.00166754
-0.00200465 -0.00167106    0.999997
T: -0.00118872
 0.00163222
  -0.708583
num non zeros in A: 135483
inner product before normalized: 155.674
inner product after normalized: 0.841247
-------------------- iteration: 26--------------
nonzeros in A 135006
omega: 
0.362491
 1.67825
0.191604
v: 
0.0278024
0.0285088
  1.07041
B: 163.333C: -596703D: -855064E: 2.40927e+09
step size 0.000136711
dist: 0.000364698
ell: 0.419683
dl: -0.00377318
R:    0.999996  0.00173595  0.00223692
-0.00173959    0.999997  0.00161758
-0.00223413 -0.00162145    0.999996
T: -0.00118462
 0.00163635
  -0.708437
num non zeros in A: 135006
inner product before normalized: 155.111
inner product after normalized: 0.838203
-------------------- iteration: 27--------------
nonzeros in A 134436
omega: 
-0.0146824
0.00317025
-0.0251292
v: 
-0.0299925
 0.0446024
   1.05868
B: 44.6928C: -399.176D: -132.143E: 561.588
step size 0.0549489
dist: 0.0582929
ell: 0.418555
dl: -0.00376119
R:    0.999992  0.00311489  0.00241308
-0.00312075    0.999992  0.00242393
-0.00240552 -0.00243144    0.999994
T: -0.00269138
 0.00420908
  -0.650264
num non zeros in A: 134436
inner product before normalized: 154.484
inner product after normalized: 0.834817
-------------------- iteration: 28--------------
nonzeros in A 136586
omega: 
 6.64046
-1.57947
 2.61814
v: 
-0.094891
-0.265761
  0.78918
B: 2163.58C: -8.52758e+06D: -2.9737e+08E: 4.94886e+11
step size 0.000128494
dist: 0.00133288
ell: 0.4173
dl: -0.00418157
R:    0.999994  0.00278045  0.00220761
-0.00278393    0.999995  0.00157128
-0.00220325  -0.0015774    0.999996
T: -0.00270344
 0.00417517
  -0.650163
num non zeros in A: 136586
inner product before normalized: 157.424
inner product after normalized: 0.850702
-------------------- iteration: 29--------------
nonzeros in A 136102
omega: 
 1.60003
-0.46351
 1.52727
v: 
-0.0477932
-0.0216598
  0.793356
B: 230.72C: -656845D: -3.33603e+06E: 3.50912e+09
step size 0.000175012
dist: 0.000576428
ell: 0.416044
dl: -0.00418725
R:    0.999995  0.00251377  0.00212574
-0.00251652    0.999996  0.00129147
-0.00212253  -0.0012968    0.999997
T: -0.00271151
 0.00417161
  -0.650024
num non zeros in A: 136102
inner product before normalized: 156.98
inner product after normalized: 0.848305
-------------------- iteration: 30--------------
nonzeros in A 135516
omega: 
 -0.202088
-0.0741089
   0.93503
v: 
-0.0308708
  0.063593
  0.790575
B: 62.7081C: -34755.7D: -23657.9E: 7.79136e+06
step size 0.000901646
dist: 0.0014174
ell: 0.414789
dl: -0.00418288
R:    0.999996  0.00167033   0.0020593
-0.00167337    0.999998  0.00147382
-0.00205687 -0.00147724    0.999997
T: -0.00273773
 0.00422998
  -0.649311
num non zeros in A: 135516
inner product before normalized: 156.321
inner product after normalized: 0.844746
-------------------- iteration: 31--------------
nonzeros in A 134953
omega: 
  0.161038
-0.0226034
 -0.163418
v: 
-0.0220684
 0.0401817
  0.778743
B: 26.9215C: -4207.73D: -900.836E: 146794
step size 0.00319807
dist: 0.00270392
ell: 0.413533
dl: -0.00418728
R:     0.999996   0.00219399   0.00198601
  -0.0021959     0.999997  0.000958953
 -0.00198396 -0.000963288     0.999997
T: -0.00280303
 0.00436159
  -0.646821
num non zeros in A: 134953
inner product before normalized: 155.687
inner product after normalized: 0.841317
-------------------- iteration: 32--------------
nonzeros in A 134460
omega: 
 -2.2671
0.621665
0.244297
v: 
-0.00128402
   0.160299
   0.766032
B: 253.72C: -886631D: -2.46129e+06E: 5.02317e+09
step size 0.000142689
dist: 0.000489884
ell: 0.412273
dl: -0.0042017
R:    0.999995  0.00215847  0.00207542
-0.00216114    0.999997  0.00128225
-0.00207271 -0.00128671    0.999997
T: -0.00280294
 0.00438459
  -0.646712
num non zeros in A: 134460
inner product before normalized: 155.114
inner product after normalized: 0.838219
-------------------- iteration: 33--------------
nonzeros in A 133829
omega: 
-0.469886
0.0249629
 0.401995
v: 
-0.0232395
 0.0730232
  0.756677
B: 39.5964C: -34269.6D: -16420.9E: 9.39611e+06
step size 0.00057759
dist: 0.000669719
ell: 0.411014
dl: -0.00419546
R:    0.999996  0.00192572  0.00209039
-0.00192898    0.999997  0.00155362
-0.00208745 -0.00155762    0.999996
T: -0.00281536
 0.00442741
  -0.646275
num non zeros in A: 133829
inner product before normalized: 154.425
inner product after normalized: 0.834497
-------------------- iteration: 34--------------
nonzeros in A 133205
omega: 
 0.863465
-0.178594
 0.277686
v: 
-0.0283882
0.00656497
  0.744381
B: 58.4062C: -140346D: -128139E: 1.35689e+08
step size 0.000208
dist: 0.000312997
ell: 0.409759
dl: -0.00418165
R:    0.999996  0.00186834   0.0020529
-0.00187116    0.999997  0.00137409
-0.00205039  -0.0013779    0.999997
T: -0.00282094
 0.00442903
   -0.64612
num non zeros in A: 133205
inner product before normalized: 153.733
inner product after normalized: 0.830756
-------------------- iteration: 35--------------
nonzeros in A 132643
omega: 
-0.180262
0.0509186
0.0528889
v: 
-0.019154
0.0564388
 0.740419
B: 24.5832C: -5850.42D: -689.563E: 218062
step size 0.00210089
dist: 0.00166428
ell: 0.408505
dl: -0.00418263
R:    0.999996  0.00175643  0.00216056
-0.00176021    0.999997   0.0017526
-0.00215754 -0.00175638    0.999996
T: -0.00285771
 0.00455002
  -0.644564
num non zeros in A: 132643
inner product before normalized: 153.072
inner product after normalized: 0.827185
-------------------- iteration: 36--------------
nonzeros in A 132034
omega: 
  1.88179
-0.757925
 0.144832
v: 
-0.0460163
-0.0444468
  0.722582
B: 195.59C: -697616D: -2.07613e+06E: 3.22179e+09
step size 0.000140298
dist: 0.000416147
ell: 0.407254
dl: -0.0041676
R:    0.999996  0.00173666  0.00205377
-0.00173972    0.999997  0.00148878
-0.00205123 -0.00149233    0.999997
T: -0.00286397
 0.00454395
  -0.644463
num non zeros in A: 132034
inner product before normalized: 152.409
inner product after normalized: 0.823604
-------------------- iteration: 37--------------
nonzeros in A 131444
omega: 
  0.359951
-0.0169028
-0.0498404
v: 
-0.0187825
 0.0280667
  0.720192
B: 27.5242C: -20199.8D: -3924.29E: 2.61893e+06
step size 0.000681238
dist: 0.00060337
ell: 0.406006
dl: -0.00416025
R:    0.999996  0.00177112  0.00204182
-0.00177366    0.999998  0.00124359
-0.00203968 -0.00124719    0.999997
T: -0.00287573
 0.00456371
  -0.643972
num non zeros in A: 131444
inner product before normalized: 151.743
inner product after normalized: 0.820006
-------------------- iteration: 38--------------
nonzeros in A 130856
omega: 
-0.934929
0.0351472
-0.191611
v: 
-0.0157091
 0.0909352
  0.712722
B: 60.6627C: -154448D: -74863.1E: 1.61294e+08
step size 0.000196306
dist: 0.000300334
ell: 0.404759
dl: -0.0041568
R:    0.999996  0.00180835  0.00204904
-0.00181129    0.999997  0.00142711
-0.00204653 -0.00143079    0.999997
T: -0.00287849
 0.00458174
  -0.643832
num non zeros in A: 130856
inner product before normalized: 151.075
inner product after normalized: 0.816392
-------------------- iteration: 39--------------
nonzeros in A 130245
omega: 
 0.123916
0.0350129
0.0148805
v: 
-0.0160864
 0.0396794
  0.703538
B: 21.9447C: -2966.37D: -448.486E: 56157.3
step size 0.00369772
dist: 0.00269301
ell: 0.403517
dl: -0.00414256
R:     0.999996    0.0017543   0.00217769
 -0.00175642     0.999998  0.000968673
 -0.00217606 -0.000972474     0.999997
T: -0.00293221
 0.00473166
  -0.641231
num non zeros in A: 130245
inner product before normalized: 150.388
inner product after normalized: 0.812683
-------------------- iteration: 40--------------
nonzeros in A 129672
omega: 
 -2.38169
 -1.04599
-0.497077
v: 
-0.0509488
  0.159524
  0.685788
B: 322.945C: -1.25114e+06D: -5.54682e+06E: 1.05117e+10
step size 0.000128883
dist: 0.000491211
ell: 0.402275
dl: -0.00413694
R:    0.999996  0.00181772  0.00204343
-0.00182033    0.999998  0.00127587
-0.00204118 -0.00127957    0.999997
T: -0.00293855
 0.00475234
  -0.641142
num non zeros in A: 129672
inner product before normalized: 149.771
inner product after normalized: 0.809348
-------------------- iteration: 41--------------
nonzeros in A 129083
omega: 
  -0.615218
-0.00392679
 -0.0963586
v: 
-0.0160777
 0.0746204
   0.68152
B: 37.1179C: -66217.1D: -18136.4E: 2.9594e+07
step size 0.000280266
dist: 0.000312827
ell: 0.401037
dl: -0.00412731
R:    0.999996  0.00184437  0.00204265
-0.00184733    0.999997   0.0014483
-0.00204004 -0.00145205    0.999997
T: -0.00294263
  0.0047735
  -0.640952
num non zeros in A: 129083
inner product before normalized: 149.119
inner product after normalized: 0.805826
-------------------- iteration: 42--------------
nonzeros in A 128473
omega: 
 0.344758
0.0638097
0.0889658
v: 
-0.0138953
 0.0280736
  0.674771
B: 25.5548C: -22387.8D: -6259.4E: 3.47928e+06
step size 0.000570672
dist: 0.000483563
ell: 0.399803
dl: -0.00411273
R:    0.999996    0.001794   0.0020787
-0.00179661    0.999998  0.00125149
-0.00207653  -0.0012552    0.999997
T: -0.00294975
 0.00479009
  -0.640566
num non zeros in A: 128473
inner product before normalized: 148.436
inner product after normalized: 0.802136
-------------------- iteration: 43--------------
nonzeros in A 127873
omega: 
-0.746515
-0.279516
-0.152985
v: 
-0.0240965
 0.0800807
   0.66816
B: 48.7088C: -117222D: -63916.7E: 9.34562e+07
step size 0.000207728
dist: 0.000276469
ell: 0.398569
dl: -0.00411459
R:    0.999996  0.00182546  0.00202091
-0.00182832    0.999997  0.00140666
-0.00201843 -0.00141034    0.999997
T: -0.00295443
 0.00480691
  -0.640428
num non zeros in A: 127873
inner product before normalized: 147.764
inner product after normalized: 0.798501
-------------------- iteration: 44--------------
nonzeros in A 127235
omega: 
 0.129344
 0.173345
0.0384524
v: 
-0.00885225
  0.0380361
   0.661954
B: 21.502C: -9771.99D: -966.678E: 672171
step size 0.00110018
dist: 0.000805611
ell: 0.397338
dl: -0.00410195
R:    0.999996  0.00178344  0.00221136
-0.00178629    0.999998  0.00126401
 -0.0022092 -0.00126795    0.999997
T: -0.00296262
  0.0048498
  -0.639699
num non zeros in A: 127235
inner product before normalized: 147.066
inner product after normalized: 0.79473
-------------------- iteration: 45--------------
nonzeros in A 126663
omega: 
-0.682254
 -1.21674
-0.229087
v: 
-0.0561862
 0.0758745
  0.647891
B: 107.612C: -405403D: -936900E: 1.16463e+09
step size 0.000132459
dist: 0.000278646
ell: 0.396108
dl: -0.00410039
R:    0.999996  0.00181359  0.00205036
-0.00181643    0.999997  0.00135467
-0.00204799 -0.00135839    0.999997
T: -0.00296986
 0.00485997
  -0.639614
num non zeros in A: 126663
inner product before normalized: 146.418
inner product after normalized: 0.791226
-------------------- iteration: 46--------------
nonzeros in A 126042
omega: 
 -0.153173
-0.0697818
-0.0390676
v: 
-0.0159545
 0.0505238
  0.645646
B: 20.055C: -5557.98D: -853.23E: 208851
step size 0.00180385
dist: 0.00124892
ell: 0.394882
dl: -0.00408831
R:    0.999996  0.00188351  0.00192499
-0.00188671    0.999997  0.00163121
-0.00192201 -0.00163483    0.999997
T: -0.00299617
 0.00495294
  -0.638449
num non zeros in A: 126042
inner product before normalized: 145.734
inner product after normalized: 0.787535
-------------------- iteration: 47--------------
nonzeros in A 125400
omega: 
 1.35695
0.837385
0.337131
v: 
 0.0141819
-0.0225459
  0.635633
B: 137.409C: -490749D: -844556E: 1.69273e+09
step size 0.000139773
dist: 0.000334201
ell: 0.393661
dl: -0.00406796
R:    0.999996  0.00183676  0.00204168
-0.00183978    0.999997  0.00144132
-0.00203913 -0.00144507    0.999997
T: -0.00299402
 0.00494993
   -0.63836
num non zeros in A: 125400
inner product before normalized: 145.055
inner product after normalized: 0.783863
-------------------- iteration: 48--------------
nonzeros in A 124865
omega: 
  0.304918
-0.0437282
 0.0516979
v: 
-0.0150052
 0.0277498
  0.626687
B: 22.1917C: -16405.5D: -4038.24E: 1.88677e+06
step size 0.000676212
dist: 0.000518913
ell: 0.392441
dl: -0.00406807
R:    0.999996  0.00180222  0.00201173
-0.00180477    0.999998  0.00123519
-0.00200961 -0.00123881    0.999997
T: -0.00300327
 0.00496932
  -0.637936
num non zeros in A: 124865
inner product before normalized: 144.43
inner product after normalized: 0.780487
-------------------- iteration: 49--------------
nonzeros in A 124370
omega: 
-0.765045
0.0773382
-0.144022
v: 
-0.00856256
  0.0794528
   0.621529
B: 45.6653C: -105060D: -37003.4E: 7.8237e+07
step size 0.000217302
dist: 0.00027629
ell: 0.391216
dl: -0.00408383
R:    0.999996  0.00183318  0.00202884
-0.00183609    0.999997   0.0014014
-0.00202638 -0.00140512    0.999997
T: -0.00300483
 0.00498676
  -0.637801
num non zeros in A: 124370
inner product before normalized: 143.828
inner product after normalized: 0.77723
-------------------- iteration: 50--------------
nonzeros in A 123796
omega: 
 0.0936979
0.00515973
 0.0137486
v: 
-0.0119841
 0.0370738
  0.615201
B: 17.7909C: -1578.66D: -212.76E: 16500.9
step size 0.00563214
dist: 0.00355308
ell: 0.389992
dl: -0.00407966
R:     0.999996   0.00175682   0.00205695
 -0.00175869     0.999998  0.000873631
 -0.00205553 -0.000877244     0.999997
T: -0.00306488
 0.00519978
  -0.634337
num non zeros in A: 123796
inner product before normalized: 143.173
inner product after normalized: 0.773695
-------------------- iteration: 51--------------
nonzeros in A 123329
omega: 
 -2.57101
-0.390063
-0.503499
v: 
-0.0229365
  0.165878
  0.597415
B: 340.611C: -1.21833e+06D: -5.51453e+06E: 1.0531e+10
step size 0.000139611
dist: 0.000530127
ell: 0.388763
dl: -0.00409827
R:    0.999996  0.00182639  0.00200313
-0.00182893    0.999998  0.00123267
  -0.002001 -0.00123633    0.999997
T: -0.00306787
 0.00522303
  -0.634253
num non zeros in A: 123329
inner product before normalized: 142.644
inner product after normalized: 0.770832
-------------------- iteration: 52--------------
nonzeros in A 122758
omega: 
-0.672869
 0.072804
-0.108274
v: 
-0.0086045
 0.0740752
  0.592749
B: 38.2887C: -81007.2D: -22900.3E: 4.68551e+07
step size 0.000236246
dist: 0.000269034
ell: 0.387536
dl: -0.0040882
R:    0.999996  0.00185165  0.00202062
-0.00185453    0.999997   0.0013916
-0.00201817 -0.00139534    0.999997
T: -0.00306959
  0.0052407
  -0.634113
num non zeros in A: 122758
inner product before normalized: 142.015
inner product after normalized: 0.767434
-------------------- iteration: 53--------------
nonzeros in A 122146
omega: 
 0.158259
0.0114569
0.0513633
v: 
-0.0107853
 0.0333921
  0.585401
B: 17.3266C: -4739.6D: -852.865E: 166380
step size 0.00182735
dist: 0.00115508
ell: 0.386312
dl: -0.00408183
R:    0.999996  0.00175838  0.00204104
 -0.0017607    0.999998  0.00110237
-0.00203922 -0.00110595    0.999997
T: -0.00308701
 0.00530305
  -0.633043
num non zeros in A: 122146
inner product before normalized: 141.338
inner product after normalized: 0.763776
-------------------- iteration: 54--------------
nonzeros in A 121592
omega: 
 -1.36377
-0.239275
-0.328543
v: 
-0.0167547
  0.106612
  0.576959
B: 111.146C: -354693D: -451876E: 9.16159e+08
step size 0.000156431
dist: 0.00032788
ell: 0.385091
dl: -0.0040698
R:    0.999996  0.00180934  0.00200398
-0.00181205    0.999998  0.00131577
-0.00200173 -0.00131939    0.999997
T: -0.00308942
 0.00531983
  -0.632953
num non zeros in A: 121592
inner product before normalized: 140.711
inner product after normalized: 0.760391
-------------------- iteration: 55--------------
nonzeros in A 121039
omega: 
 -0.218832
 0.0533285
-0.0527975
v: 
-0.00718672
   0.051132
   0.571389
B: 18.0633C: -9517.27D: -702.03E: 666258
step size 0.00094899
dist: 0.000626753
ell: 0.383871
dl: -0.00406388
R:    0.999996  0.00185903  0.00205497
-0.00186222    0.999997  0.00152334
-0.00205227 -0.00152716    0.999997
T: -0.00309507
 0.00536908
  -0.632411
num non zeros in A: 121039
inner product before normalized: 140.077
inner product after normalized: 0.756963
-------------------- iteration: 56--------------
nonzeros in A 120457
omega: 
 0.886936
-0.267611
 0.154128
v: 
 -0.0193381
-0.00254491
   0.562858
B: 56.9671C: -151779D: -150253E: 1.69237e+08
step size 0.00018774
dist: 0.000270797
ell: 0.382656
dl: -0.00405184
R:    0.999996  0.00183043  0.00200442
-0.00183321    0.999997  0.00135692
-0.00200208 -0.00136059    0.999997
T: -0.00309848
 0.00536877
  -0.632305
num non zeros in A: 120457
inner product before normalized: 139.426
inner product after normalized: 0.753447
-------------------- iteration: 57--------------
nonzeros in A 119956
omega: 
  0.025282
 0.0282868
0.00723938
v: 
-0.00862965
   0.038905
       0.56
B: 15.1391C: -395.129D: -47.4681E: 1008.84
step size 0.019127
dist: 0.0107889
ell: 0.381437
dl: -0.00406213
R:     0.999995   0.00169308   0.00254461
 -0.00169533     0.999998  0.000872405
 -0.00254327 -0.000876704     0.999996
T: -0.0032376
0.00612489
 -0.621595
num non zeros in A: 119956
inner product before normalized: 138.821
inner product after normalized: 0.750177
-------------------- iteration: 58--------------
nonzeros in A 119749
omega: 
 -2.34205
 -3.91186
-0.808094
v: 
-0.141921
 0.150847
  0.49628
B: 1045.47C: -4.40672e+06D: -8.66693e+07E: 1.45283e+11
step size 0.000121556
dist: 0.000798666
ell: 0.380202
dl: -0.0041172
R:    0.999996  0.00179066   0.0020696
-0.00179307    0.999998  0.00115793
-0.00206766 -0.00116162    0.999997
T: -0.00325468
 0.00614332
  -0.621534
num non zeros in A: 119749
inner product before normalized: 138.58
inner product after normalized: 0.748875
-------------------- iteration: 59--------------
nonzeros in A 119106
omega: 
-0.754125
-0.706868
-0.229382
v: 
-0.0321068
  0.075428
  0.505139
B: 66.9653C: -220185D: -292516E: 3.61737e+08
step size 0.000152006
dist: 0.000240517
ell: 0.378977
dl: -0.00408439
R:    0.999996  0.00182529  0.00196236
-0.00182781    0.999998  0.00127275
-0.00196017 -0.00127632    0.999997
T: -0.00325939
 0.00615489
  -0.621458
num non zeros in A: 119106
inner product before normalized: 137.957
inner product after normalized: 0.745506
-------------------- iteration: 60--------------
nonzeros in A 118538
omega: 
 -0.126916
 0.0256954
-0.0339152
v: 
-0.00655163
    0.04501
   0.502203
B: 13.2664C: -3283.78D: -200.878E: 80324.3
step size 0.00202001
dist: 0.001088
ell: 0.377753
dl: -0.00407931
R:    0.999996  0.00189328  0.00201474
 -0.0018964    0.999997  0.00152902
-0.00201197 -0.00153283    0.999997
T: -0.00327041
 0.00624733
  -0.620443
num non zeros in A: 118538
inner product before normalized: 137.31
inner product after normalized: 0.742008
-------------------- iteration: 61--------------
nonzeros in A 117965
omega: 
  1.20026
-0.269195
 0.223515
v: 
-0.0184859
-0.0196551
  0.491467
B: 88.56C: -270229D: -420780E: 5.48841e+08
step size 0.000163655
dist: 0.000300356
ell: 0.376529
dl: -0.00407902
R:    0.999996   0.0018571  0.00197032
-0.00185975    0.999997  0.00133268
-0.00196798 -0.00133633    0.999997
T: -0.00327328
 0.00624425
  -0.620363
num non zeros in A: 117965
inner product before normalized: 136.671
inner product after normalized: 0.738558
-------------------- iteration: 62--------------
nonzeros in A 117413
omega: 
   0.19549
-0.0658471
  0.041962
v: 
-0.00916849
  0.0286221
   0.489517
B: 14.0639C: -7626.57D: -1252.89E: 438010
step size 0.000921911
dist: 0.000528954
ell: 0.375306
dl: -0.00407686
R:    0.999997  0.00181877  0.00190928
-0.00182098    0.999998  0.00115257
-0.00190732 -0.00115603    0.999997
T: -0.0032808
0.00627125
 -0.619912
num non zeros in A: 117413
inner product before normalized: 136.038
inner product after normalized: 0.735136
-------------------- iteration: 63--------------
nonzeros in A 116870
omega: 
 -0.676179
  0.254722
-0.0974398
v: 
0.00250253
 0.0710151
  0.485528
B: 38.3848C: -94359D: -31023.8E: 6.71607e+07
step size 0.000203375
dist: 0.000232261
ell: 0.374083
dl: -0.0040763
R:    0.999996  0.00183832  0.00196133
-0.00184086    0.999998  0.00128999
 -0.0019591 -0.00129358    0.999997
T: -0.00328007
 0.00628581
  -0.619813
num non zeros in A: 116870
inner product before normalized: 135.41
inner product after normalized: 0.73174
-------------------- iteration: 64--------------
nonzeros in A 116327
omega: 
-0.0123536
-0.0603912
-0.0043619
v: 
-0.00858229
  0.0382792
   0.479018
B: 11.746C: -853.763D: -129.346E: 5330.23
step size 0.00687225
dist: 0.00335711
ell: 0.372859
dl: -0.00408022
R:    0.999997  0.00186815  0.00154647
-0.00187028    0.999997  0.00137566
-0.00154404 -0.00137853    0.999998
T: -0.00333301
 0.00655341
  -0.616521
num non zeros in A: 116327
inner product before normalized: 134.778
inner product after normalized: 0.728329
-------------------- iteration: 65--------------
nonzeros in A 115734
omega: 
0.548975
 2.59335
0.284366
v: 
0.0836013
0.0120227
 0.469196
B: 369.324C: -1.53747e+06D: -6.56318e+06E: 1.87257e+10
step size 0.000119941
dist: 0.000455815
ell: 0.371639
dl: -0.00406833
R:    0.999997  0.00183416  0.00185739
-0.00183659    0.999998  0.00130924
-0.00185513 -0.00131262    0.999997
T: -0.00332288
 0.00655491
  -0.616465
num non zeros in A: 115734
inner product before normalized: 134.163
inner product after normalized: 0.725005
-------------------- iteration: 66--------------
nonzeros in A 115271
omega: 
 0.170233
 0.532831
0.0528953
v: 
0.0128596
0.0288432
 0.459549
B: 26.7535C: -68279.6D: 4808.71E: 3.68303e+07
step size 0.000195892
dist: 0.00017993
ell: 0.370413
dl: -0.00408699
R:    0.999996  0.00182386  0.00196171
-0.00182636    0.999998   0.0012757
-0.00195953 -0.00127926    0.999997
T: -0.00332019
 0.00656067
  -0.616375
num non zeros in A: 115271
inner product before normalized: 133.603
inner product after normalized: 0.72198
-------------------- iteration: 67--------------
nonzeros in A 114715
omega: 
-0.00798661
   -0.15978
 -0.0253447
v: 
-0.0110493
 0.0366589
   0.45284
B: 11.8753C: -5612.51D: -1369.84E: 251097
step size 0.00105762
dist: 0.000538248
ell: 0.369189
dl: -0.004078
R:    0.999997  0.00185065  0.00179274
-0.00185295    0.999998  0.00128446
-0.00179051 -0.00128776    0.999998
T: -0.00333086
 0.00660008
  -0.615896
num non zeros in A: 114715
inner product before normalized: 132.963
inner product after normalized: 0.718519
-------------------- iteration: 68--------------
nonzeros in A 114134
omega: 
0.0903269
 0.913966
  0.07355
v: 
0.0272831
0.0324101
 0.450969
B: 54.1339C: -185421D: -23978.3E: 2.76924e+08
step size 0.00014596
dist: 0.000201348
ell: 0.367968
dl: -0.0040705
R:    0.999997  0.00183994  0.00192612
-0.00184239    0.999998  0.00127102
-0.00192392 -0.00127455    0.999997
T: -0.00332675
 0.00660489
   -0.61583
num non zeros in A: 114134
inner product before normalized: 132.313
inner product after normalized: 0.715008
-------------------- iteration: 69--------------
nonzeros in A 113580
omega: 
-0.00205086
  0.0631815
-0.00846425
v: 
-0.00164019
  0.0359267
   0.443937
B: 10.4659C: -967.054D: -45.5091E: 7241.55
step size 0.00541153
dist: 0.00245918
ell: 0.366745
dl: -0.00407672
R:    0.999996  0.00188572  0.00226804
-0.00188863    0.999997  0.00128149
-0.00226577 -0.00128575    0.999997
T: -0.00333023
 0.00680239
  -0.613428
num non zeros in A: 113580
inner product before normalized: 131.678
inner product after normalized: 0.711574
-------------------- iteration: 70--------------
nonzeros in A 113068
omega: 
0.0849917
 -2.06434
-0.074133
v: 
-0.0758842
 0.0302854
  0.420941
B: 232.016C: -924807D: -5.39075e+06E: 6.91964e+09
step size 0.000125436
dist: 0.000370672
ell: 0.36552
dl: -0.00408373
R:    0.999996  0.00189504  0.00200908
 -0.0018976    0.999997  0.00127132
-0.00200682 -0.00127511    0.999997
T: -0.00333963
 0.00680627
  -0.613375
num non zeros in A: 113068
inner product before normalized: 131.099
inner product after normalized: 0.708447
-------------------- iteration: 71--------------
nonzeros in A 112509
omega: 
0.0640227
-0.498124
0.0421068
v: 
-0.0202969
  0.031806
  0.425035
B: 22.8476C: -53790.1D: -37239.9E: 2.32517e+07
step size 0.000212389
dist: 0.000176437
ell: 0.364295
dl: -0.00408269
R:    0.999997  0.00188612  0.00190326
-0.00188852    0.999997  0.00125792
-0.00190103 -0.00126149    0.999997
T: -0.00334375
 0.00681315
  -0.613285
num non zeros in A: 112509
inner product before normalized: 130.474
inner product after normalized: 0.705068
-------------------- iteration: 72--------------
nonzeros in A 111950
omega: 
-0.00678094
   0.152536
  0.0545634
v: 
0.00173003
 0.0351142
  0.424775
B: 10.9691C: -5546.14D: 80.3629E: 257941
step size 0.000989001
dist: 0.000478671
ell: 0.363071
dl: -0.00408075
R:    0.999996  0.00183215  0.00205413
-0.00183475    0.999998  0.00126434
-0.00205196 -0.00126809    0.999997
T: -0.00334117
  0.0068484
  -0.612865
num non zeros in A: 111950
inner product before normalized: 129.834
inner product after normalized: 0.70161
-------------------- iteration: 73--------------
nonzeros in A 111383
omega: 
-0.0219641
 -0.810412
 -0.071445
v: 
-0.0307016
 0.0350273
  0.416246
B: 44.4885C: -144374D: -202176E: 1.71962e+08
step size 0.000154015
dist: 0.000188638
ell: 0.361849
dl: -0.00407279
R:    0.999997  0.00184315  0.00192932
-0.00184559    0.999998  0.00126795
-0.00192713  -0.0012715    0.999997
T: -0.00334576
 0.00685389
  -0.612801
num non zeros in A: 111383
inner product before normalized: 129.193
inner product after normalized: 0.698149
-------------------- iteration: 74--------------
nonzeros in A 110840
omega: 
  0.0195215
 -0.0260828
-0.00591271
v: 
-0.0029416
 0.0330196
  0.416654
B: 9.39834C: -231.421D: -20.4091E: 375.284
step size 0.0202784
dist: 0.0085288
ell: 0.360628
dl: -0.00406913
R:     0.999997    0.0019637   0.00139965
 -0.00196493     0.999998  0.000873096
 -0.00139808 -0.000875832     0.999999
T: -0.0033902
0.00753253
 -0.604352
num non zeros in A: 110840
inner product before normalized: 128.566
inner product after normalized: 0.694757
-------------------- iteration: 75--------------
nonzeros in A 110447
omega: 
-1.36687
 2.97801
0.116791
v: 
0.100766
0.103719
0.393016
B: 588.08C: -2.23865e+06D: -1.89463e+07E: 4.12837e+10
step size 0.000131591
dist: 0.000612709
ell: 0.359399
dl: -0.00409769
R:    0.999997  0.00194803  0.00179188
-0.00194995    0.999998   0.0010522
-0.00178998 -0.00105568    0.999998
T: -0.00337683
 0.00754621
  -0.604301
num non zeros in A: 110447
