num_classes: 19
pth: /media/justin/LaCie/data/kitti/sequences/05
Kitti contains 2761 files
intrinsic: 
707.091       0 601.887
      0 707.091  183.11
      0       0       1
 baseline: 0.54
reading cvo params from file
visualize_semantic_image : first point labels are 0.00130528, 0.000352013, 0.0592921, 0.000637469, 0.000456123, 0.00137431, 0.000247287, 0.000305423, 0.928329, 0.00086676, 0.00118403, 0.00032236, 0.000201353, 0.00133659, 0.00144323, 0.000690402, 0.00137871, 0.000115344, 0.000162188, 
makeHeatMaps: currentPotential is 5, thFactor is 1
Number of selected points is 5326

=============================================
Aligning 0 and 1
visualize_semantic_image : first point labels are 0.00237096, 0.000418411, 0.120534, 0.00103496, 0.000736597, 0.00310783, 0.000787505, 0.00069737, 0.861217, 0.000999791, 0.000979508, 0.000613898, 0.000305376, 0.00158064, 0.00152311, 0.000836518, 0.00184632, 0.000184641, 0.000225355, 
before creating target
makeHeatMaps: currentPotential is 5, thFactor is 1
Number of selected points is 5283
after creating target
num fixed: 2714
num moving: 2936
[Cvo ] the init guess for the transformation is 
    1     0     0     0
    0     1     0     0
    0     0     1 -0.75
    0     0     0     1
num_thread: 12
-------------------- iteration: 0--------------
nonzeros in A 11546
omega: 
 -1.21067
  1.14395
-0.235045
v: 
0.0295885
0.0453903
 0.112652
B: 98.3526C: -42274.2D: -499384E: 8.23169e+07
step size 0.00114629
dist: 0.00273076
ell: 0.44968
dl: -0.00106645
R:     0.999999  0.000268526   0.00131148
-0.000270335     0.999999    0.0013876
 -0.00131111  -0.00138795     0.999998
T: 3.40081e-05
 5.2115e-05
  -0.749871
num non zeros in A: 11546
inner product before normalized: 13.3813
inner product after normalized: 1.67931
-------------------- iteration: 1--------------
nonzeros in A 11602
omega: 
 -0.562805
  0.492722
-0.0906144
v: 
0.00507219
 0.0171676
  0.106892
B: 20.06C: -8676.52D: -21658.1E: 3.50535e+06
step size 0.00115227
dist: 0.00123417
ell: 0.449357
dl: -0.00107804
R:     0.999998  0.000371912   0.00187943
-0.000375709     0.999998   0.00203592
 -0.00187868  -0.00203662     0.999996
T: 4.00537e-05
7.21036e-05
  -0.749748
num non zeros in A: 11602
inner product before normalized: 13.4889
inner product after normalized: 1.69282
-------------------- iteration: 2--------------
nonzeros in A 11600
omega: 
 -0.249437
  0.205097
-0.0295622
v: 
-0.00548687
 0.00330558
   0.104294
B: 4.02399C: -1605.63D: -880.875E: 120074
step size 0.00125203
dist: 0.000588924
ell: 0.449032
dl: -0.00108125
R:     0.999998  0.000408309   0.00213634
-0.000413273     0.999997   0.00234812
 -0.00213538  -0.00234899     0.999995
T: 3.34431e-05
7.65255e-05
  -0.749617
num non zeros in A: 11600
inner product before normalized: 13.4958
inner product after normalized: 1.69369
-------------------- iteration: 3--------------
nonzeros in A 11575
omega: 
  -0.110235
  0.0949533
0.000947552
v: 
-0.00936159
-0.00273594
   0.102782
B: 1.10498C: -319.504D: -43.9659E: 4728.1
step size 0.00172874
dist: 0.00039802
ell: 0.448711
dl: -0.00107099
R:    0.999997 0.000406234  0.00230057
-0.00041205    0.999997  0.00253862
-0.00229954 -0.00253955    0.999994
T: 1.76646e-05
7.22516e-05
  -0.749439
num non zeros in A: 11575
inner product before normalized: 13.476
inner product after normalized: 1.6912
-------------------- iteration: 4--------------
nonzeros in A 11574
omega: 
-0.0202053
 0.0173502
 0.0157391
v: 
 -0.0122219
-0.00656449
   0.101502
B: 0.39815C: -10.4146D: -0.153021E: 5.30439
step size 0.019114
dist: 0.00212924
ell: 0.448387
dl: -0.00108013
R:     0.999997  0.000104444   0.00263229
-0.000112122     0.999996   0.00292474
 -0.00263199  -0.00292501     0.999992
T: -0.000211185
 -4.7853e-05
   -0.747498
num non zeros in A: 11574
inner product before normalized: 13.4683
inner product after normalized: 1.69023
-------------------- iteration: 5--------------
nonzeros in A 11551
omega: 
     0.13221
   -0.168148
-0.000908381
v: 
-0.0185517
-0.0130892
 0.0990589
B: 1.95261C: -713.914D: -109.37E: 23767.2
step size 0.00136727
dist: 0.000436331
ell: 0.448065
dl: -0.00107258
R:    0.999997 0.000106133  0.00240237
-0.00011272    0.999996    0.002744
-0.00240208 -0.00274425    0.999993
T: -0.000236217
-6.53675e-05
   -0.747363
num non zeros in A: 11551
inner product before normalized: 13.4513
inner product after normalized: 1.6881
-------------------- iteration: 6--------------
nonzeros in A 11541
omega: 
 0.0474797
-0.0398342
 -0.014438
v: 
-0.0142033
-0.0094535
  0.100215
B: 0.501517C: -54.7793D: -4.69552E: 139.342
step size 0.00457541
dist: 0.000621213
ell: 0.447743
dl: -0.00107471
R:     0.999997  0.000172687   0.00222008
-0.000178307     0.999997   0.00252679
 -0.00221966  -0.00252716     0.999994
T: -0.000300166
-0.000107423
   -0.746904
num non zeros in A: 11541
inner product before normalized: 13.4387
inner product after normalized: 1.68652
-------------------- iteration: 7--------------
nonzeros in A 11519
omega: 
-0.0456415
 0.0463618
-0.0173669
v: 
 -0.0110563
-0.00540533
   0.100868
B: 0.518873C: -70.4824D: -7.55794E: 242.317
step size 0.00367904
dist: 0.000512348
ell: 0.447422
dl: -0.00107018
R:     0.999997  0.000236179   0.00239069
-0.000242659     0.999996   0.00269467
 -0.00239005  -0.00269523     0.999994
T: -0.000339962
-0.000126301
   -0.746533
num non zeros in A: 11519
inner product before normalized: 13.4187
inner product after normalized: 1.684
-------------------- iteration: 8--------------
nonzeros in A 11507
omega: 
 0.0453249
-0.0351666
0.00141696
v: 
 -0.0138753
-0.00926697
  0.0998159
B: 0.473272C: -49.4032D: -2.16815E: 112.467
step size 0.00478889
dist: 0.00062124
ell: 0.4471
dl: -0.00107141
R:     0.999997  0.000229884   0.00222223
-0.000235449     0.999997   0.00247765
 -0.00222166  -0.00247816     0.999994
T:  -0.00040534
-0.000169457
   -0.746055
num non zeros in A: 11507
inner product before normalized: 13.4044
inner product after normalized: 1.68221
-------------------- iteration: 9--------------
nonzeros in A 11495
omega: 
-0.0654337
 0.0407907
  -0.01614
v: 
 -0.0108634
-0.00448265
   0.099982
B: 0.572206C: -94.7962D: -8.52076E: 434.18
step size 0.0030171
dist: 0.000453023
ell: 0.446778
dl: -0.00107357
R:    0.999997 0.000278141  0.00234534
-0.00028445    0.999996  0.00267504
-0.00234461 -0.00267569    0.999994
T: -0.000437449
-0.000182227
   -0.745753
num non zeros in A: 11495
inner product before normalized: 13.3903
inner product after normalized: 1.68044
-------------------- iteration: 10--------------
nonzeros in A 11486
omega: 
 0.0454476
-0.0124085
0.00964305
v: 
 -0.012933
-0.0091813
 0.0990957
B: 0.434283C: -34.5502D: -1.5254E: 56.8674
step size 0.00628302
dist: 0.000761673
ell: 0.446456
dl: -0.00107557
R:     0.999997  0.000218209   0.00226731
-0.000223668     0.999997   0.00238951
  -0.0022668     -0.00239     0.999995
T: -0.000517292
-0.000238343
    -0.74513
num non zeros in A: 11486
inner product before normalized: 13.3776
inner product after normalized: 1.67885
-------------------- iteration: 11--------------
nonzeros in A 11476
omega: 
  -0.11533
 0.0232329
-0.0318644
v: 
 -0.0113393
-0.00229121
  0.0993192
B: 0.872855C: -222.503D: -17.6809E: 2432.67
step size 0.00196115
dist: 0.000390762
ell: 0.446133
dl: -0.00107644
R:     0.999997  0.000280187   0.00231293
-0.000286268     0.999997   0.00261568
 -0.00231221  -0.00261632     0.999994
T: -0.000539089
-0.000242366
   -0.744935
num non zeros in A: 11476
inner product before normalized: 13.3649
inner product after normalized: 1.67726
-------------------- iteration: 12--------------
nonzeros in A 11458
omega: 
 0.0147301
0.00367851
 0.0029006
v: 
 -0.0122213
-0.00784376
  0.0986165
B: 0.357854C: -3.85902D: -0.175076E: 0.701321
step size 0.0462563
dist: 0.00472041
ell: 0.445811
dl: -0.00107221
R:     0.999997  0.000147646   0.00248293
-0.000152488     0.999998   0.00193428
 -0.00248267  -0.00193465     0.999995
T: -0.00109356
-0.00059458
  -0.740371
num non zeros in A: 11458
inner product before normalized: 13.3468
inner product after normalized: 1.67498
-------------------- iteration: 13--------------
nonzeros in A 11457
omega: 
-0.325044
-0.102782
-0.108682
v: 
-0.0153042
0.00686748
 0.0972719
B: 4.85245C: -1979.03D: -479.142E: 193518
step size 0.00122579
dist: 0.000631995
ell: 0.445488
dl: -0.00107512
R:     0.999997  0.000279909   0.00235703
-0.000285435     0.999997   0.00233275
 -0.00235639   -0.0023334     0.999994
T:  -0.00111204
-0.000585897
   -0.740252
num non zeros in A: 11457
inner product before normalized: 13.3492
inner product after normalized: 1.67529
-------------------- iteration: 14--------------
nonzeros in A 11455
omega: 
 -0.131586
-0.0206234
-0.0334884
v: 
  -0.012445
-0.00146951
  0.0970987
B: 1.00336C: -286.395D: -5.14033E: 3985.08
step size 0.00175177
dist: 0.000380999
ell: 0.445165
dl: -0.00107925
R:     0.999997   0.00033803   0.00232097
-0.000344015     0.999997   0.00256327
 -0.00232013  -0.00256404     0.999994
T:  -0.00113344
-0.000588069
   -0.740082
num non zeros in A: 11455
inner product before normalized: 13.3437
inner product after normalized: 1.6746
-------------------- iteration: 15--------------
nonzeros in A 11439
omega: 
 -0.00610449
 -0.00180156
-0.000979781
v: 
 -0.0117696
-0.00676705
  0.0962062
B: 0.334912C: -0.799428D: -0.0250188E: 0.0273147
step size 0.208053
dist: 0.0203029
ell: 0.444841
dl: -0.00108033
R:     0.999998  0.000539165   0.00194671
-0.000546662     0.999993   0.00383348
 -0.00194466  -0.00383453     0.999991
T: -0.00354002
-0.00193091
  -0.720056
num non zeros in A: 11439
inner product before normalized: 13.3268
inner product after normalized: 1.67248
-------------------- iteration: 16--------------
nonzeros in A 11532
omega: 
0.664964
0.196566
0.193774
v: 
-0.00312793
 -0.0347578
  0.0859596
B: 18.6413C: -7995.71D: -21216.4E: 3.0913e+06
step size 0.00116127
dist: 0.00118731
ell: 0.4445
dl: -0.00113548
R:     0.999997  0.000315735   0.00217465
-0.000322424     0.999995   0.00306119
  -0.0021737  -0.00306187     0.999993
T: -0.00354347
-0.00197093
  -0.719956
num non zeros in A: 11532
inner product before normalized: 13.4233
inner product after normalized: 1.68459
-------------------- iteration: 17--------------
nonzeros in A 11521
omega: 
 0.256665
0.0626554
0.0582872
v: 
-0.00800098
 -0.0172496
  0.0872848
B: 2.87611C: -1124.21D: -560.628E: 60400.1
step size 0.00127811
dist: 0.00050217
ell: 0.444161
dl: -0.0011303
R:     0.999997  0.000241964   0.00225464
-0.000248159     0.999996   0.00273312
   -0.002254  -0.00273366     0.999994
T: -0.00355345
-0.00199265
  -0.719845
num non zeros in A: 11521
inner product before normalized: 13.4228
inner product after normalized: 1.68453
-------------------- iteration: 18--------------
nonzeros in A 11509
omega: 
  0.0859037
  0.0152405
0.000160769
v: 
-0.00941687
-0.00998952
  0.0872647
B: 0.546979C: -108.371D: -10.6433E: 536.813
step size 0.00252285
dist: 0.000382835
ell: 0.443821
dl: -0.00113418
R:     0.999997  0.000242047   0.00229303
-0.000247859     0.999997   0.00251639
 -0.00229245  -0.00251694     0.999994
T: -0.00357672
-0.00201724
  -0.719624
num non zeros in A: 11509
inner product before normalized: 13.4092
inner product after normalized: 1.68281
-------------------- iteration: 19--------------
nonzeros in A 11490
omega: 
 -0.0141312
-0.00381307
 -0.0264538
v: 
 -0.0100042
-0.00572362
  0.0875419
B: 0.309545C: -8.85578D: -0.071312E: 4.96719
step size 0.0174793
dist: 0.0017148
ell: 0.443481
dl: -0.00113308
R:     0.999997   0.00070388   0.00222649
-0.000710076     0.999996   0.00276342
 -0.00222458  -0.00276498     0.999994
T: -0.00374817
 -0.0021132
  -0.718094
num non zeros in A: 11490
inner product before normalized: 13.3897
inner product after normalized: 1.68038
-------------------- iteration: 20--------------
nonzeros in A 11479
omega: 
 0.166959
0.0383439
0.0677998
v: 
-0.00837167
 -0.0133984
  0.0865918
B: 1.48383C: -523.767D: -167.635E: 13882.2
step size 0.00141572
dist: 0.0003893
ell: 0.443139
dl: -0.00113885
R:    0.999997 0.000608432  0.00228063
-0.00061423    0.999997  0.00252702
-0.00227911  -0.0025284    0.999994
T: -0.00375975
-0.00213184
  -0.717971
num non zeros in A: 11479
inner product before normalized: 13.3779
inner product after normalized: 1.67889
-------------------- iteration: 21--------------
nonzeros in A 11473
omega: 
 0.0434791
0.00542154
 0.0235952
v: 
-0.00929537
-0.00815826
  0.0866395
B: 0.361311C: -37.2461D: -2.64069E: 73.9971
step size 0.00484829
dist: 0.000544495
ell: 0.442796
dl: -0.00114292
R:    0.999997 0.000494517  0.00230679
 -0.0004999    0.999997   0.0023162
-0.00230569 -0.00231734    0.999995
T: -0.00380388
-0.00217031
  -0.717551
num non zeros in A: 11473
inner product before normalized: 13.3667
inner product after normalized: 1.67748
-------------------- iteration: 22--------------
nonzeros in A 11446
omega: 
  -0.071522
-0.00742267
 -0.0192943
v: 
-0.00973542
-0.00321039
  0.0868827
B: 0.471137C: -84.8252D: -0.656701E: 351.641
step size 0.0027772
dist: 0.000380129
ell: 0.442456
dl: -0.00113263
R:     0.999997  0.000547643   0.00228627
-0.000553436     0.999997   0.00251484
 -0.00228495  -0.00251609     0.999994
T: -0.00383037
-0.00217865
  -0.717309
num non zeros in A: 11446
inner product before normalized: 13.3427
inner product after normalized: 1.67447
-------------------- iteration: 23--------------
nonzeros in A 11436
omega: 
   0.034556
-0.00478011
  0.0128563
v: 
-0.00959932
-0.00773547
  0.0858346
B: 0.318299C: -21.0236D: -0.79597E: 22.3056
step size 0.00756773
dist: 0.00076743
ell: 0.442115
dl: -0.00113724
R:    0.999997 0.000450941  0.00224997
-0.00045606    0.999997  0.00225335
  -0.002249 -0.00225436    0.999995
T: -0.00390157
-0.00223565
  -0.716659
num non zeros in A: 11436
inner product before normalized: 13.3285
inner product after normalized: 1.6727
-------------------- iteration: 24--------------
nonzeros in A 11418
omega: 
-0.109886
0.0221982
 -0.03232
v: 
-0.00851771
-0.00151321
  0.0862259
B: 0.756418C: -206.613D: -13.7176E: 2122.2
step size 0.0018303
dist: 0.000341129
ell: 0.441775
dl: -0.00113513
R:     0.999997  0.000509643   0.00229069
-0.000515306     0.999997   0.00245446
  -0.0022895  -0.00245562     0.999994
T: -0.00391681
-0.00223806
  -0.716501
num non zeros in A: 11418
inner product before normalized: 13.3104
inner product after normalized: 1.67042
-------------------- iteration: 25--------------
nonzeros in A 11412
omega: 
0.000724482
-0.00200877
-0.00117043
v: 
-0.00956751
-0.00618571
  0.0854193
B: 0.266571C: -0.214581D: -0.00637652E: 0.00204954
step size 0.608928
dist: 0.0525167
ell: 0.441432
dl: -0.00114106
R:    0.999999  0.00122309  0.00106712
-0.00122527    0.999997  0.00201436
-0.00106471 -0.00201567    0.999997
T: -0.00965786
-0.00588318
  -0.664469
num non zeros in A: 11412
inner product before normalized: 13.2987
inner product after normalized: 1.66895
-------------------- iteration: 26--------------
nonzeros in A 11639
omega: 
-0.100124
 0.661029
0.0740051
v: 
   0.0182363
-0.000333939
   0.0683584
B: 16.4334C: -7830.55D: -17819E: 2.92593e+06
step size 0.0010468
dist: 0.000998539
ell: 0.441052
dl: -0.00126628
R:    0.999998  0.00114548  0.00175921
-0.00114923    0.999997  0.00211834
-0.00175683 -0.00212037    0.999996
T: -0.00963867
-0.00588341
  -0.664398
num non zeros in A: 11639
inner product before normalized: 13.5532
inner product after normalized: 1.70089
-------------------- iteration: 27--------------
nonzeros in A 11620
omega: 
-0.0539694
  0.278666
  0.054401
v: 
 0.00494121
-0.00218243
  0.0650287
B: 3.15891C: -1430.69D: -683.994E: 98528.4
step size 0.0011032
dist: 0.000456623
ell: 0.440676
dl: -0.00125319
R:    0.999997  0.00108535   0.0020667
-0.00108988    0.999997  0.00217754
-0.00206438  -0.0021798    0.999996
T: -0.00963308
-0.00588567
  -0.664326
num non zeros in A: 11620
inner product before normalized: 13.5438
inner product after normalized: 1.69971
-------------------- iteration: 28--------------
nonzeros in A 11593
omega: 
-0.0285084
  0.102071
 0.0415124
v: 
-0.000847946
 -0.00340665
   0.0642932
B: 0.6164C: -203.934D: -18.1317E: 2028.33
step size 0.00151104
dist: 0.000261965
ell: 0.440304
dl: -0.00124197
R:    0.999997  0.00102253  0.00222098
-0.00102749    0.999997  0.00222045
-0.00221875 -0.00222274    0.999995
T: -0.00963417
 -0.0058906
  -0.664229
num non zeros in A: 11593
inner product before normalized: 13.5199
inner product after normalized: 1.69671
-------------------- iteration: 29--------------
nonzeros in A 11572
omega: 
-0.0107397
0.00732154
 0.0293145
v: 
-0.00418888
-0.00408655
  0.0631282
B: 0.182258C: -4.58094D: -0.0184908E: 1.67065
step size 0.0198964
dist: 0.00155089
ell: 0.439933
dl: -0.00123761
R:     0.999997  0.000438793   0.00236681
-0.000444572     0.999997   0.00243402
 -0.00236578  -0.00243509     0.999994
T: -0.00971471
-0.00596894
  -0.662972
num non zeros in A: 11572
inner product before normalized: 13.498
inner product after normalized: 1.69396
-------------------- iteration: 30--------------
nonzeros in A 11541
omega: 
  0.021743
 -0.104927
-0.0410195
v: 
-0.00825072
-0.00543039
  0.0614092
B: 0.616074C: -209.606D: -11.0159E: 2152.36
step size 0.00146951
dist: 0.000255366
ell: 0.439564
dl: -0.00122768
R:     0.999997  0.000499146   0.00221261
-0.000504475     0.999997   0.00240213
 -0.00221144  -0.00240328     0.999995
T: -0.00972662
-0.00597669
  -0.662882
num non zeros in A: 11541
inner product before normalized: 13.4718
inner product after normalized: 1.69068
-------------------- iteration: 31--------------
nonzeros in A 11540
omega: 
 0.0144065
-0.0118362
-0.0287457
v: 
-0.00497338
-0.00508601
  0.0615957
B: 0.181817C: -6.5782D: -0.423409E: 3.33069
step size 0.0138039
dist: 0.00108627
ell: 0.439193
dl: -0.00123891
R:     0.999997  0.000896372   0.00204908
-0.000900902     0.999997   0.00220338
 -0.00204714  -0.00220526     0.999996
T: -0.00979352
 -0.0060449
  -0.662031
num non zeros in A: 11540
inner product before normalized: 13.462
inner product after normalized: 1.68945
-------------------- iteration: 32--------------
nonzeros in A 11540
omega: 
-0.0356252
  0.101613
 0.0144696
v: 
-0.000825732
   -0.002898
   0.0622211
B: 0.569183C: -201.161D: -19.2561E: 1948.52
step size 0.0014145
dist: 0.000234519
ell: 0.438818
dl: -0.00125019
R:     0.999997  0.000875801   0.00219286
-0.000880751     0.999997   0.00225365
 -0.00219092  -0.00225561     0.999995
T: -0.00979451
 -0.0060488
  -0.661943
num non zeros in A: 11540
inner product before normalized: 13.4537
inner product after normalized: 1.68841
-------------------- iteration: 33--------------
nonzeros in A 11509
omega: 
-0.0111443
  0.017183
 0.0116963
v: 
-0.00378338
-0.00391949
  0.0615599
B: 0.159061C: -7.31437D: -0.0782961E: 2.62147
step size 0.0108722
dist: 0.000763526
ell: 0.438446
dl: -0.00123832
R:     0.999997  0.000748351   0.00237977
-0.000754029     0.999997   0.00237467
 -0.00237804  -0.00237647     0.999994
T: -0.00983409
 -0.0060898
  -0.661274
num non zeros in A: 11509
inner product before normalized: 13.4257
inner product after normalized: 1.68488
-------------------- iteration: 34--------------
nonzeros in A 11494
omega: 
 0.0292651
-0.0969507
0.00211971
v: 
-0.00783755
-0.00559485
  0.0604609
B: 0.510107C: -176.621D: -3.31713E: 1496.35
step size 0.00144407
dist: 0.000224964
ell: 0.438075
dl: -0.00123639
R:     0.999997  0.000745391   0.00223973
-0.000750636     0.999997   0.00233251
 -0.00223804   -0.0023342     0.999995
T: -0.00984521
-0.00609767
  -0.661187
num non zeros in A: 11494
inner product before normalized: 13.4079
inner product after normalized: 1.68266
-------------------- iteration: 35--------------
nonzeros in A 11471
omega: 
   0.0118935
  -0.0129415
-7.53233e-05
v: 
-0.00473333
-0.00480412
  0.0604106
B: 0.146043C: -4.91443D: -0.0791715E: 1.11948
step size 0.0148547
dist: 0.000975517
ell: 0.437705
dl: -0.00123322
R:     0.999998  0.000746876   0.00204736
-0.000751336     0.999997   0.00215598
  -0.0020458  -0.00215753     0.999996
T: -0.00991371
-0.00616702
  -0.660289
num non zeros in A: 11471
inner product before normalized: 13.3847
inner product after normalized: 1.67975
-------------------- iteration: 36--------------
nonzeros in A 11470
omega: 
 -0.077522
 0.0978681
-0.0148864
v: 
-0.000892671
-0.000938819
   0.0608982
B: 0.713195C: -261.062D: -31.0447E: 3267.47
step size 0.00136569
dist: 0.000256685
ell: 0.437331
dl: -0.00124619
R:     0.999997  0.000766989    0.0021811
-0.000771954     0.999997   0.00226175
 -0.00217941  -0.00226344     0.999995
T: -0.00991476
-0.00616812
  -0.660206
num non zeros in A: 11470
inner product before normalized: 13.3757
inner product after normalized: 1.67862
-------------------- iteration: 37--------------
nonzeros in A 11443
omega: 
 -0.0236684
  0.0270615
-0.00591757
v: 
-0.00339275
-0.00321979
  0.0602471
B: 0.182234C: -21.9964D: -0.747595E: 23.5315
step size 0.00414164
dist: 0.00032892
ell: 0.43696
dl: -0.00123766
R:     0.999997  0.000791284   0.00229325
-0.000796716     0.999997   0.00235969
 -0.00229143  -0.00236152     0.999995
T: -0.00992828
-0.00618088
  -0.659956
num non zeros in A: 11443
inner product before normalized: 13.3502
inner product after normalized: 1.67542
-------------------- iteration: 38--------------
nonzeros in A 11428
omega: 
 0.0358214
-0.0484661
0.00529173
v: 
-0.00590139
-0.00572536
  0.0595065
B: 0.266486C: -60.1646D: -0.722864E: 172.379
step size 0.00221462
dist: 0.000231584
ell: 0.436589
dl: -0.00123521
R:     0.999997  0.000779746   0.00218585
-0.000784744     0.999997   0.00228045
 -0.00218413  -0.00228217     0.999995
T: -0.00994106
-0.00619324
  -0.659824
num non zeros in A: 11428
inner product before normalized: 13.3318
inner product after normalized: 1.67311
-------------------- iteration: 39--------------
nonzeros in A 11407
omega: 
   -0.011952
   0.0235331
-0.000392367
v: 
-0.00352753
-0.00365043
  0.0599255
B: 0.158415C: -12.0882D: -0.344514E: 7.11439
step size 0.00655098
dist: 0.000463737
ell: 0.436219
dl: -0.0012343
R:     0.999997  0.000782146   0.00234008
-0.000787666     0.999997   0.00235862
 -0.00233829  -0.00236047     0.999994
T: -0.00996333
-0.00621624
  -0.659432
num non zeros in A: 11407
inner product before normalized: 13.3097
inner product after normalized: 1.67033
-------------------- iteration: 40--------------
nonzeros in A 11386
omega: 
 0.0385938
-0.0645073
0.00661152
v: 
-0.00630059
 -0.0057128
  0.0585389
B: 0.338198C: -95.0129D: -1.35773E: 433.339
step size 0.00177973
dist: 0.000217161
ell: 0.43585
dl: -0.00122973
R:     0.999997   0.00077054   0.00222522
-0.000775628     0.999997   0.00229003
 -0.00222351  -0.00229175     0.999995
T:  -0.0099743
-0.00622616
  -0.659327
num non zeros in A: 11386
inner product before normalized: 13.288
inner product after normalized: 1.6676
-------------------- iteration: 41--------------
nonzeros in A 11380
omega: 
-0.00458576
-0.00282166
-0.00146029
v: 
-0.00411397
-0.00388675
  0.0587309
B: 0.12943C: -0.560286D: -0.00686292E: 0.0142259
step size 0.115337
dist: 0.00686582
ell: 0.435478
dl: -0.00124147
R:     0.999998  0.000937862   0.00190022
-0.000943233     0.999996   0.00281921
 -0.00189764  -0.00282101     0.999994
T:  -0.0104351
-0.00665698
  -0.652551
num non zeros in A: 11380
inner product before normalized: 13.2749
inner product after normalized: 1.66597
-------------------- iteration: 42--------------
nonzeros in A 11386
omega: 
0.294159
0.174266
0.101743
v: 
0.00196169
-0.0163632
 0.0556671
B: 4.82144C: -2097.01D: -1774.17E: 216188
step size 0.00114811
dist: 0.000583012
ell: 0.435102
dl: -0.00125417
R:     0.999997  0.000821716       0.0021
-0.000826961     0.999997    0.0024813
 -0.00209803  -0.00248306     0.999995
T:  -0.0104327
-0.00667559
  -0.652487
num non zeros in A: 11386
inner product before normalized: 13.2787
inner product after normalized: 1.66644
-------------------- iteration: 43--------------
nonzeros in A 11373
omega: 
 0.108958
0.0700876
0.0310669
v: 
-0.00138315
-0.00850535
  0.0557289
B: 0.773874C: -294.396D: -55.3058E: 4219.04
step size 0.00131392
dist: 0.000258416
ell: 0.434724
dl: -0.00125818
R:    0.999997 0.000781197  0.00219197
-0.00078637    0.999997  0.00233806
-0.00219022 -0.00233981    0.999995
T:  -0.0104344
-0.00668659
  -0.652414
num non zeros in A: 11373
inner product before normalized: 13.2648
inner product after normalized: 1.66469
-------------------- iteration: 44--------------
nonzeros in A 11348
omega: 
 0.0312201
 0.0299844
0.00666832
v: 
-0.00275056
-0.00520274
  0.0559308
B: 0.188205C: -32.7121D: -1.72879E: 51.7347
step size 0.00287611
dist: 0.0002406
ell: 0.434348
dl: -0.00125507
R:     0.999997  0.000762215   0.00227814
-0.000767393     0.999997   0.00224821
 -0.00227651  -0.00224998     0.999995
T:  -0.0104419
-0.00670117
  -0.652253
num non zeros in A: 11348
inner product before normalized: 13.2405
inner product after normalized: 1.66164
-------------------- iteration: 45--------------
nonzeros in A 11330
omega: 
-0.0194588
-0.0193427
-0.0116284
v: 
-0.00427421
-0.00297853
  0.0553642
B: 0.147687C: -14.7869D: 0.104677E: 10.9563
step size 0.00499431
dist: 0.000348472
ell: 0.43397
dl: -0.0012576
R:     0.999997  0.000820069   0.00218161
-0.000825252     0.999997   0.00234546
 -0.00217977  -0.00234729     0.999995
T:  -0.0104627
-0.00671541
  -0.651977
num non zeros in A: 11330
inner product before normalized: 13.22
inner product after normalized: 1.65907
-------------------- iteration: 46--------------
nonzeros in A 11317
omega: 
0.0410402
0.0365165
0.0144704
v: 
-0.00254303
-0.00551749
  0.0551639
B: 0.234427C: -55.0896D: -4.03756E: 149.999
step size 0.00212725
dist: 0.000207727
ell: 0.433592
dl: -0.00126078
R:     0.999997  0.000789478   0.00225922
-0.000794652     0.999997    0.0022581
 -0.00225752  -0.00225992     0.999995
T:  -0.0104678
-0.00672686
  -0.651859
num non zeros in A: 11317
inner product before normalized: 13.2027
inner product after normalized: 1.6569
-------------------- iteration: 47--------------
nonzeros in A 11303
omega: 
 -0.0100852
-0.00572015
-0.00527066
v: 
-0.00385207
-0.00336999
  0.0550327
B: 0.119781C: -2.64589D: -0.0113623E: 0.349159
step size 0.022635
dist: 0.00131578
ell: 0.433213
dl: -0.00126443
R:     0.999997  0.000908284   0.00212994
-0.000913639     0.999997   0.00248649
 -0.00212776  -0.00248846     0.999995
T:  -0.0105524
-0.00680005
  -0.650613
num non zeros in A: 11303
inner product before normalized: 13.1846
inner product after normalized: 1.65463
-------------------- iteration: 48--------------
nonzeros in A 11290
omega: 
 0.124309
0.0714744
0.0463892
v: 
-0.00131222
-0.00899477
  0.0542238
B: 0.959929C: -375.146D: -85.9392E: 7045.23
step size 0.00127892
dist: 0.000281522
ell: 0.432832
dl: -0.00126896
R:     0.999997  0.000849295   0.00222121
-0.000854539     0.999997   0.00232742
 -0.00221932  -0.00232935     0.999995
T:  -0.0105539
-0.00681138
  -0.650544
num non zeros in A: 11290
inner product before normalized: 13.1685
inner product after normalized: 1.65261
-------------------- iteration: 49--------------
nonzeros in A 11262
omega: 
0.0348591
0.0164461
0.0137115
v: 
-0.00306371
-0.00521484
  0.0541721
B: 0.173552C: -27.515D: -1.41915E: 38.5575
step size 0.0031531
dist: 0.000250634
ell: 0.432455
dl: -0.00125767
R:     0.999997  0.000806305   0.00227297
-0.000811426     0.999997   0.00221747
 -0.00227127  -0.00221934     0.999995
T:  -0.0105632
-0.00682741
  -0.650373
num non zeros in A: 11262
inner product before normalized: 13.1424
inner product after normalized: 1.64934
-------------------- iteration: 50--------------
nonzeros in A 11230
omega: 
 -0.0184321
 0.00570493
-0.00682149
v: 
 -0.0034201
-0.00286234
  0.0541546
B: 0.126192C: -6.60442D: -0.089948E: 2.26361
step size 0.00955232
dist: 0.000588073
ell: 0.432081
dl: -0.0012449
R:     0.999997  0.000871066   0.00232761
-0.000876707     0.999997   0.00239349
 -0.00232562  -0.00239556     0.999995
T:  -0.0105947
-0.00685358
  -0.649856
num non zeros in A: 11230
inner product before normalized: 13.1136
inner product after normalized: 1.64572
-------------------- iteration: 51--------------
nonzeros in A 11219
omega: 
0.0761821
 -0.02943
0.0252827
v: 
-0.00447053
-0.00687128
  0.0531346
B: 0.382426C: -113.705D: -4.59437E: 657.635
step size 0.00168154
dist: 0.000222521
ell: 0.431707
dl: -0.00124735
R:     0.999997   0.00082885   0.00227801
-0.000834075     0.999997   0.00226543
 -0.00227624  -0.00226736     0.999995
T:  -0.0106021
-0.00686492
  -0.649766
num non zeros in A: 11219
inner product before normalized: 13.098
inner product after normalized: 1.64376
-------------------- iteration: 52--------------
nonzeros in A 11193
omega: 
 0.00911466
-0.00155799
0.000386595
v: 
-0.00349521
-0.00400329
  0.0533652
B: 0.111241C: -1.31478D: -0.0190412E: 0.079874
step size 0.0422747
dist: 0.0023337
ell: 0.431335
dl: -0.00124034
R:     0.999997  0.000813375   0.00221183
-0.000817593     0.999998   0.00188017
 -0.00221041    -0.001882     0.999996
T:  -0.0107449
-0.00702926
   -0.64751
num non zeros in A: 11193
inner product before normalized: 13.0729
inner product after normalized: 1.64061
-------------------- iteration: 53--------------
nonzeros in A 11183
omega: 
  -0.17538
 0.0192017
-0.0431754
v: 
-0.00284529
 0.00397826
  0.0534671
B: 1.34973C: -513.157D: -54.5116E: 13182.7
step size 0.00131497
dist: 0.000345103
ell: 0.430962
dl: -0.00124392
R:     0.999997  0.000869639   0.00223726
-0.000874415     0.999998   0.00211077
 -0.00223555  -0.00211275     0.999996
T:  -0.0107485
-0.00702389
  -0.647439
num non zeros in A: 11183
inner product before normalized: 13.0604
inner product after normalized: 1.63904
-------------------- iteration: 54--------------
nonzeros in A 11162
omega: 
-0.0572545
 0.0191967
 -0.012944
v: 
-0.00269018
-0.00112472
  0.0526459
B: 0.248533C: -59.6018D: -1.40539E: 177.362
step size 0.00208485
dist: 0.000212723
ell: 0.43059
dl: -0.00123975
R:     0.999997  0.000896358   0.00227739
-0.000901485     0.999997    0.0022301
 -0.00227552  -0.00223217     0.999995
T: -0.0107538
 -0.007026
 -0.647329
num non zeros in A: 11162
inner product before normalized: 13.0391
inner product after normalized: 1.63638
-------------------- iteration: 55--------------
nonzeros in A 11141
omega: 
   0.0023473
-0.000508469
  0.00484921
v: 
-0.00328257
-0.00365183
   0.052116
B: 0.10456C: -0.318812D: -0.00346088E: 0.00599013
step size 0.163713
dist: 0.00866093
ell: 0.430219
dl: -0.0012374
R:     0.999998  0.000103342   0.00219396
-0.000107442     0.999999   0.00184586
 -0.00219388  -0.00184612     0.999996
T:  -0.0112724
-0.00760631
  -0.638795
num non zeros in A: 11141
inner product before normalized: 13.0171
inner product after normalized: 1.63361
-------------------- iteration: 56--------------
nonzeros in A 11143
omega: 
 -0.264787
-0.0180501
 -0.156644
v: 
-0.00380922
 0.00815648
  0.0498206
B: 3.68888C: -1436.89D: -563.826E: 115411
step size 0.00128303
dist: 0.000562944
ell: 0.429844
dl: -0.00124988
R:     0.999998  0.000303577   0.00217087
-0.000308374     0.999998   0.00218559
 -0.00217033  -0.00218629     0.999995
T:  -0.0112772
-0.00759572
  -0.638731
num non zeros in A: 11143
inner product before normalized: 13.0209
inner product after normalized: 1.63408
-------------------- iteration: 57--------------
nonzeros in A 11141
omega: 
-0.0776164
 0.0132098
-0.0821153
v: 
-0.00265333
6.67134e-05
   0.048801
B: 0.580802C: -162.618D: -13.4892E: 1680.87
step size 0.00178549
dist: 0.000300215
ell: 0.429467
dl: -0.00125646
R:     0.999998  0.000449892   0.00219449
-0.000455041     0.999997   0.00232416
 -0.00219359  -0.00232519     0.999995
T:  -0.0112817
-0.00759541
  -0.638644
num non zeros in A: 11141
inner product before normalized: 13.013
inner product after normalized: 1.6331
-------------------- iteration: 58--------------
nonzeros in A 11120
omega: 
0.00174788
 0.0100848
-0.0461763
v: 
-0.00250205
-0.00330624
   0.047975
B: 0.172904C: -9.24138D: -0.0954762E: 5.41209
step size 0.00935446
dist: 0.000770982
ell: 0.42909
dl: -0.0012567
R:     0.999997  0.000881883   0.00228882
-0.000887213     0.999997   0.00230775
 -0.00228693  -0.00230981     0.999995
T:  -0.0113042
-0.00762528
  -0.638195
num non zeros in A: 11120
inner product before normalized: 12.9912
inner product after normalized: 1.63036
-------------------- iteration: 59--------------
nonzeros in A 11100
omega: 
 0.0400991
-0.0190531
0.00852433
v: 
-0.00340641
-0.00499568
  0.0479877
B: 0.166638C: -32.0098D: -0.634266E: 50.7517
step size 0.00260277
dist: 0.000208683
ell: 0.428714
dl: -0.00125346
R:     0.999997  0.000859935   0.00223914
-0.000864912     0.999997   0.00220342
 -0.00223739  -0.00220539     0.999995
T:  -0.0113128
-0.00763798
   -0.63807
num non zeros in A: 11100
inner product before normalized: 12.9704
inner product after normalized: 1.62775
-------------------- iteration: 60--------------
nonzeros in A 11086
omega: 
-0.00810925
-0.00330973
-0.00359444
v: 
 -0.0027342
-0.00287577
  0.0479758
B: 0.0916748C: -1.47184D: -0.0073872E: 0.10894
step size 0.03114
dist: 0.00155597
ell: 0.428338
dl: -0.00125296
R:     0.999997  0.000971318   0.00213631
-0.000976598     0.999997   0.00245604
 -0.00213406  -0.00245815     0.999995
T:  -0.0113947
-0.00772391
  -0.636576
num non zeros in A: 11086
inner product before normalized: 12.9524
inner product after normalized: 1.62549
-------------------- iteration: 61--------------
nonzeros in A 11059
omega: 
 0.129179
0.0688318
0.0414863
v: 
-0.000332242
 -0.00873339
   0.0473416
B: 0.971508C: -382.938D: -82.4344E: 7410.14
step size 0.00126805
dist: 0.000279561
ell: 0.427964
dl: -0.00124554
R:     0.999997  0.000919061   0.00222343
-0.000924205     0.999997   0.00229215
 -0.00222147  -0.00229424     0.999995
T:   -0.011395
-0.00773483
  -0.636516
num non zeros in A: 11059
inner product before normalized: 12.9282
inner product after normalized: 1.62246
-------------------- iteration: 62--------------
nonzeros in A 11048
omega: 
0.0368794
0.0192882
0.0128181
v: 
-0.00181109
-0.00471705
  0.0470212
B: 0.157959C: -31.5086D: -1.58059E: 50.751
step size 0.00250618
dist: 0.000194566
ell: 0.427589
dl: -0.00125095
R:     0.999997  0.000887142   0.00227169
-0.000892192     0.999997   0.00219968
 -0.00226989  -0.00220174     0.999995
T:  -0.0113993
-0.00774638
  -0.636398
num non zeros in A: 11048
inner product before normalized: 12.9127
inner product after normalized: 1.6205
-------------------- iteration: 63--------------
nonzeros in A 11033
omega: 
-0.00730061
  -0.014585
-0.00370471
v: 
-0.00309373
-0.00285317
  0.0470195
B: 0.0960339C: -4.89675D: -0.0269776E: 1.20356
step size 0.00980555
dist: 0.000517744
ell: 0.427212
dl: -0.00125487
R:     0.999997  0.000923306   0.00212874
-0.000928204     0.999997   0.00227139
 -0.00212679  -0.00227341     0.999995
T:  -0.0114286
-0.00777331
  -0.635937
num non zeros in A: 11033
inner product before normalized: 12.8941
inner product after normalized: 1.61817
-------------------- iteration: 64--------------
nonzeros in A 11021
omega: 
0.0334079
0.0717632
0.0172422
v: 
-2.59881e-05
 -0.00449708
   0.0469382
B: 0.337006C: -117.615D: -10.2142E: 704.643
step size 0.00143244
dist: 0.000177493
ell: 0.426835
dl: -0.00125851
R:     0.999997   0.00089871   0.00223149
-0.000903739     0.999997   0.00222344
 -0.00222964   -0.0022255     0.999995
T: -0.0114285
-0.0077796
 -0.635869
num non zeros in A: 11021
inner product before normalized: 12.8776
inner product after normalized: 1.6161
-------------------- iteration: 65--------------
nonzeros in A 11006
omega: 
0.000386013
  0.0171171
0.000529297
v: 
-0.00188859
 -0.0031511
  0.0466321
B: 0.0953427C: -5.45459D: -0.101277E: 1.52135
step size 0.00873792
dist: 0.00046029
ell: 0.426455
dl: -0.00126482
R:     0.999997  0.000894092   0.00238105
-0.000899447     0.999997   0.00221994
 -0.00237922  -0.00222212     0.999995
T:  -0.0114442
-0.00780622
  -0.635462
num non zeros in A: 11006
inner product before normalized: 12.859
inner product after normalized: 1.61377
-------------------- iteration: 66--------------
nonzeros in A 10972
omega: 
 0.00363037
 -0.0601105
-0.00830695
v: 
-0.00441695
-0.00326459
  0.0457661
B: 0.224019C: -65.4832D: -1.30387E: 218.769
step size 0.00171046
dist: 0.000166852
ell: 0.426079
dl: -0.00125417
R:     0.999997  0.000908316   0.00227823
-0.000913427     0.999997   0.00221382
 -0.00227637  -0.00221594     0.999995
T:  -0.0114515
-0.00781162
  -0.635383
num non zeros in A: 10972
inner product before normalized: 12.8293
inner product after normalized: 1.61004
-------------------- iteration: 67--------------
nonzeros in A 10951
omega: 
 0.00860935
0.000866152
 0.00245904
v: 
 -0.0023479
-0.00338471
  0.0459295
B: 0.0851136C: -1.3332D: -0.0177936E: 0.0907052
step size 0.031905
dist: 0.00152622
ell: 0.425704
dl: -0.00124985
R:     0.999997  0.000830492   0.00230563
-0.000835027     0.999998   0.00193911
 -0.00230417  -0.00194108     0.999996
T:  -0.0115232
-0.00791659
  -0.633918
num non zeros in A: 10951
inner product before normalized: 12.8071
inner product after normalized: 1.60726
-------------------- iteration: 68--------------
nonzeros in A 10948
omega: 
 -0.125894
-0.0302099
-0.0409536
v: 
-0.00332678
 0.00244281
  0.0458875
B: 0.794222C: -295.829D: -7.09323E: 4532.57
step size 0.00134238
dist: 0.000265041
ell: 0.425327
dl: -0.00125855
R:     0.999997  0.000885077   0.00226522
-0.000889924     0.999998   0.00210814
 -0.00226351  -0.00211021     0.999995
T:  -0.0115275
-0.00791319
  -0.633856
num non zeros in A: 10948
inner product before normalized: 12.7974
inner product after normalized: 1.60603
-------------------- iteration: 69--------------
nonzeros in A 10927
omega: 
 -0.0467633
-0.00400718
 -0.0170293
v: 
 -0.00247691
-0.000947557
   0.0453842
B: 0.176433C: -39.4375D: 0.0314423E: 82.305
step size 0.00223693
dist: 0.000187839
ell: 0.42495
dl: -0.00125492
R:     0.999997  0.000922933   0.00225635
-0.000927998     0.999997   0.00221276
 -0.00225446   -0.0022149     0.999995
T:  -0.0115328
-0.00791509
  -0.633755
num non zeros in A: 10927
inner product before normalized: 12.7757
inner product after normalized: 1.60331
-------------------- iteration: 70--------------
nonzeros in A 10896
omega: 
 0.00178321
 0.00361246
-0.00215397
v: 
 -0.0022473
-0.00305065
   0.045015
B: 0.0799136C: -0.325406D: -0.00356261E: 0.00497498
step size 0.1226
dist: 0.00559472
ell: 0.424577
dl: -0.00124433
R:    0.999996  0.00118756    0.002699
  -0.001193    0.999997  0.00199366
 -0.0026968 -0.00199694    0.999995
T:  -0.0117949
-0.00827728
  -0.628234
num non zeros in A: 10896
inner product before normalized: 12.7475
inner product after normalized: 1.59978
-------------------- iteration: 71--------------
nonzeros in A 10890
omega: 
-0.0712972
 -0.249575
 -0.010214
v: 
 -0.0104888
0.000220254
  0.0421527
B: 2.69345C: -1203.69D: -299.112E: 73637.7
step size 0.00111855
dist: 0.000413759
ell: 0.424201
dl: -0.00125367
R:    0.999996  0.00119878  0.00241994
-0.00120385    0.999997  0.00207374
-0.00241761 -0.00207672    0.999995
T:  -0.0118065
-0.00827692
  -0.628187
num non zeros in A: 10890
inner product before normalized: 12.7414
inner product after normalized: 1.59901
-------------------- iteration: 72--------------
nonzeros in A 10877
omega: 
-0.0259015
-0.0902295
 0.0112806
v: 
 -0.0051173
-0.00165251
  0.0425377
B: 0.419264C: -151.45D: -4.98134E: 1152.36
step size 0.00138412
dist: 0.000194358
ell: 0.423825
dl: -0.00125164
R:    0.999997  0.00118308  0.00229509
-0.00118798    0.999997  0.00210974
-0.00229276 -0.00211253    0.999995
T:  -0.0118134
-0.00827908
  -0.628128
num non zeros in A: 10877
inner product before normalized: 12.7258
inner product after normalized: 1.59705
-------------------- iteration: 73--------------
nonzeros in A 10864
omega: 
-0.00587841
 -0.0155809
   0.021899
v: 
-0.00254734
 -0.0024316
  0.0424366
B: 0.100157C: -5.10245D: -0.139256E: 1.39076
step size 0.00981122
dist: 0.000565916
ell: 0.423449
