1.0000 0.0000 0.0000 0.0000 0.0000 1.0000 0.0000 0.0000 0.0000 0.0000 1.0000 -1.0000
0.9999 -0.0010 -0.0154 -0.0021 0.0010 1.0000 0.0004 0.0106 0.0154 -0.0004 0.9999 -0.1160
0.9998 -0.0022 -0.0209 -0.0038 0.0022 1.0000 -0.0007 -0.0097 0.0209 0.0007 0.9998 -0.1543
0.9996 -0.0015 -0.0271 -0.0065 0.0015 1.0000 -0.0016 0.0048 0.0271 0.0015 0.9996 -0.1549
0.9994 0.0003 -0.0332 -0.0208 -0.0004 1.0000 -0.0020 0.0050 0.0332 0.0020 0.9994 -0.1955
0.9993 0.0027 -0.0377 -0.0257 -0.0027 1.0000 -0.0021 -0.0084 0.0377 0.0022 0.9993 -0.2063
0.9992 0.0022 -0.0402 -0.0280 -0.0022 1.0000 -0.0011 0.0084 0.0402 0.0012 0.9992 -0.1988
0.9990 -0.0002 -0.0442 -0.0213 0.0002 1.0000 -0.0010 -0.0014 0.0442 0.0010 0.9990 -0.2313
0.9988 -0.0012 -0.0491 -0.0178 0.0010 1.0000 -0.0032 -0.0185 0.0491 0.0031 0.9988 -0.2242
0.9988 0.0017 -0.0493 -0.0290 -0.0020 1.0000 -0.0066 -0.0054 0.0493 0.0066 0.9988 -0.2704
0.9987 0.0065 -0.0498 -0.0443 -0.0069 0.9999 -0.0080 0.0214 0.0497 0.0083 0.9987 -0.2419
0.9985 0.0038 -0.0546 -0.0377 -0.0040 1.0000 -0.0047 0.0028 0.0545 0.0049 0.9985 -0.2722
0.9984 -0.0002 -0.0572 -0.0260 -0.0000 1.0000 -0.0037 0.0001 0.0572 0.0037 0.9984 -0.3022
0.9983 0.0001 -0.0579 -0.0312 -0.0004 1.0000 -0.0039 -0.0065 0.0579 0.0039 0.9983 -0.2825
0.9982 0.0030 -0.0591 -0.0360 -0.0033 1.0000 -0.0042 0.0083 0.0591 0.0044 0.9982 -0.3163
0.9981 0.0043 -0.0616 -0.0271 -0.0045 1.0000 -0.0042 0.0030 0.0616 0.0044 0.9981 -0.3118
0.9983 0.0026 -0.0591 -0.0459 -0.0028 1.0000 -0.0021 0.0003 0.0590 0.0022 0.9983 -0.3342
0.9983 0.0033 -0.0582 -0.0286 -0.0034 1.0000 -0.0013 0.0148 0.0582 0.0015 0.9983 -0.3629
0.9983 0.0010 -0.0578 -0.0335 -0.0010 1.0000 -0.0008 -0.0022 0.0578 0.0008 0.9983 -0.3603
0.9984 -0.0013 -0.0559 -0.0237 0.0012 1.0000 -0.0015 -0.0123 0.0559 0.0014 0.9984 -0.4053
0.9986 -0.0001 -0.0525 -0.0148 0.0000 1.0000 -0.0010 0.0039 0.0525 0.0010 0.9986 -0.4025
0.9988 0.0007 -0.0487 -0.0207 -0.0007 1.0000 -0.0011 0.0004 0.0487 0.0012 0.9988 -0.4367
0.9990 0.0001 -0.0454 -0.0225 -0.0001 1.0000 -0.0011 -0.0024 0.0454 0.0011 0.9990 -0.4453
0.9991 -0.0006 -0.0421 0.0025 0.0006 1.0000 -0.0004 -0.0021 0.0421 0.0003 0.9991 -0.4781
0.9992 0.0013 -0.0403 -0.0253 -0.0013 1.0000 0.0009 -0.0102 0.0403 -0.0009 0.9992 -0.4926
0.9993 0.0029 -0.0370 -0.0157 -0.0028 1.0000 0.0016 0.0147 0.0370 -0.0015 0.9993 -0.5295
0.9995 0.0035 -0.0319 -0.0098 -0.0034 1.0000 0.0027 0.0004 0.0319 -0.0025 0.9995 -0.5524
0.9996 0.0016 -0.0269 -0.0124 -0.0016 1.0000 0.0025 -0.0021 0.0269 -0.0025 0.9996 -0.5785
0.9998 0.0018 -0.0216 -0.0108 -0.0017 1.0000 0.0011 -0.0040 0.0216 -0.0011 0.9998 -0.6029
0.9999 0.0003 -0.0153 -0.0079 -0.0003 1.0000 0.0000 -0.0051 0.0153 -0.0000 0.9999 -0.6159
0.9999 0.0010 -0.0121 -0.0158 -0.0010 1.0000 -0.0002 0.0108 0.0121 0.0002 0.9999 -0.6513
0.9999 -0.0009 -0.0108 -0.0014 0.0009 1.0000 -0.0015 -0.0031 0.0108 0.0014 0.9999 -0.6758
0.9999 -0.0003 -0.0111 0.0055 0.0002 1.0000 -0.0017 0.0019 0.0111 0.0017 0.9999 -0.6986
0.9999 -0.0002 -0.0110 0.0067 0.0002 1.0000 -0.0015 0.0004 0.0110 0.0015 0.9999 -0.7237
0.9999 -0.0003 -0.0100 0.0154 0.0003 1.0000 -0.0016 0.0166 0.0100 0.0016 0.9999 -0.7480
0.9999 0.0008 -0.0104 -0.0043 -0.0008 1.0000 -0.0013 0.0016 0.0104 0.0013 0.9999 -0.7727
0.9999 -0.0002 -0.0101 0.0030 0.0002 1.0000 -0.0010 0.0159 0.0101 0.0010 0.9999 -0.7842
1.0000 -0.0002 -0.0098 -0.0001 0.0002 1.0000 -0.0022 0.0032 0.0098 0.0022 0.9999 -0.7801
0.9999 -0.0008 -0.0107 0.0178 0.0008 1.0000 -0.0024 0.0147 0.0107 0.0024 0.9999 -0.8120
0.9999 0.0004 -0.0129 0.0030 -0.0004 1.0000 -0.0039 0.0218 0.0129 0.0039 0.9999 -0.8170
0.9999 0.0001 -0.0130 -0.0005 -0.0001 1.0000 -0.0025 0.0209 0.0130 0.0025 0.9999 -0.8147
0.9999 0.0005 -0.0144 -0.0069 -0.0005 1.0000 -0.0010 0.0137 0.0144 0.0011 0.9999 -0.8242
0.9999 -0.0006 -0.0142 0.0065 0.0006 1.0000 0.0005 0.0096 0.0142 -0.0005 0.9999 -0.8126
0.9999 0.0001 -0.0167 0.0031 -0.0001 1.0000 0.0002 0.0172 0.0167 -0.0002 0.9999 -0.8159
0.9998 -0.0013 -0.0210 0.0108 0.0014 1.0000 0.0009 0.0090 0.0210 -0.0009 0.9998 -0.8281
0.9997 -0.0029 -0.0252 0.0109 0.0030 1.0000 0.0009 0.0061 0.0252 -0.0010 0.9997 -0.8191
0.9995 -0.0014 -0.0304 0.0013 0.0013 1.0000 -0.0008 0.0001 0.0304 0.0008 0.9995 -0.8305
0.9994 -0.0006 -0.0346 0.0148 0.0006 1.0000 0.0005 0.0109 0.0346 -0.0005 0.9994 -0.8530
0.9994 -0.0001 -0.0335 -0.0000 0.0001 1.0000 -0.0004 0.0171 0.0335 0.0004 0.9994 -0.8408
0.9994 0.0002 -0.0350 0.0070 -0.0003 1.0000 -0.0005 0.0105 0.0350 0.0005 0.9994 -0.8538
0.9995 -0.0011 -0.0317 0.0014 0.0011 1.0000 0.0014 0.0212 0.0317 -0.0015 0.9995 -0.8259
0.9995 -0.0009 -0.0329 0.0009 0.0009 1.0000 0.0020 -0.0117 0.0329 -0.0020 0.9995 -0.8624
0.9994 0.0049 -0.0338 0.0131 -0.0048 1.0000 0.0026 0.0129 0.0338 -0.0024 0.9994 -0.8466
0.9995 0.0033 -0.0309 -0.0009 -0.0033 1.0000 0.0026 0.0019 0.0309 -0.0025 0.9995 -0.8619
0.9995 0.0064 -0.0320 -0.0070 -0.0062 1.0000 0.0041 0.0037 0.0321 -0.0039 0.9995 -0.8530
0.9996 0.0059 -0.0279 0.0066 -0.0058 1.0000 0.0037 0.0084 0.0279 -0.0036 0.9996 -0.8474
0.9995 0.0092 -0.0287 -0.0151 -0.0090 1.0000 0.0039 0.0033 0.0288 -0.0036 0.9996 -0.8441
0.9996 0.0066 -0.0288 -0.0014 -0.0064 1.0000 0.0070 0.0121 0.0289 -0.0068 0.9996 -0.8463
0.9997 0.0029 -0.0259 -0.0224 -0.0026 0.9999 0.0125 0.0080 0.0259 -0.0125 0.9996 -0.8287
0.9997 0.0009 -0.0261 0.0043 -0.0004 0.9999 0.0171 -0.0092 0.0261 -0.0171 0.9995 -0.8206
0.9996 -0.0010 -0.0289 -0.0107 0.0014 0.9999 0.0152 -0.0134 0.0289 -0.0152 0.9995 -0.8162
0.9997 0.0021 -0.0260 -0.0045 -0.0019 1.0000 0.0085 -0.0015 0.0260 -0.0085 0.9996 -0.8160
0.9996 0.0025 -0.0272 -0.0026 -0.0024 1.0000 0.0030 0.0093 0.0272 -0.0029 0.9996 -0.8246
0.9997 0.0011 -0.0244 -0.0002 -0.0012 1.0000 -0.0021 0.0003 0.0244 0.0021 0.9997 -0.8085
0.9997 0.0021 -0.0226 -0.0010 -0.0023 1.0000 -0.0058 0.0126 0.0226 0.0058 0.9997 -0.8247
0.9997 0.0059 -0.0215 -0.0055 -0.0060 1.0000 -0.0055 0.0207 0.0215 0.0056 0.9998 -0.8259
0.9999 0.0021 -0.0145 -0.0004 -0.0021 1.0000 -0.0008 0.0159 0.0145 0.0008 0.9999 -0.8062
0.9999 0.0034 -0.0108 -0.0094 -0.0034 1.0000 0.0003 -0.0208 0.0108 -0.0003 0.9999 -0.8093
0.9999 0.0009 -0.0118 0.0028 -0.0009 1.0000 0.0017 0.0048 0.0118 -0.0017 0.9999 -0.7990
0.9999 -0.0055 -0.0109 0.0054 0.0056 1.0000 0.0018 0.0036 0.0109 -0.0018 0.9999 -0.7714
0.9999 0.0004 -0.0141 0.0030 -0.0004 1.0000 -0.0011 -0.0114 0.0141 0.0011 0.9999 -0.8017
1.0000 0.0012 -0.0091 0.0068 -0.0012 1.0000 0.0002 0.0095 0.0091 -0.0001 1.0000 -0.8049
1.0000 0.0021 -0.0087 -0.0061 -0.0021 1.0000 0.0012 0.0199 0.0087 -0.0012 1.0000 -0.8095
1.0000 0.0009 -0.0061 -0.0043 -0.0008 1.0000 0.0025 -0.0072 0.0061 -0.0025 1.0000 -0.8076
1.0000 -0.0005 0.0025 0.0014 0.0005 1.0000 0.0016 -0.0014 -0.0025 -0.0016 1.0000 -0.8415
1.0000 0.0019 0.0035 -0.0022 -0.0019 1.0000 -0.0011 0.0042 -0.0035 0.0011 1.0000 -0.8593
1.0000 -0.0007 0.0059 -0.0034 0.0007 1.0000 -0.0007 0.0005 -0.0059 0.0007 1.0000 -0.8685
0.9999 -0.0012 0.0099 0.0063 0.0012 1.0000 -0.0003 0.0005 -0.0099 0.0003 0.9999 -0.9143
1.0000 -0.0012 0.0078 0.0025 0.0012 1.0000 -0.0004 0.0133 -0.0078 0.0004 1.0000 -0.8982
1.0000 -0.0010 0.0070 0.0070 0.0010 1.0000 -0.0005 0.0082 -0.0070 0.0005 1.0000 -0.9226
1.0000 -0.0015 0.0063 0.0117 0.0015 1.0000 -0.0004 0.0071 -0.0063 0.0004 1.0000 -0.9335
1.0000 -0.0046 0.0048 0.0235 0.0046 1.0000 0.0007 0.0065 -0.0048 -0.0007 1.0000 -1.0405
1.0000 -0.0004 0.0005 0.0080 0.0004 1.0000 -0.0006 0.0051 -0.0005 0.0006 1.0000 -0.9725
1.0000 -0.0010 -0.0011 0.0114 0.0010 1.0000 -0.0010 0.0058 0.0011 0.0010 1.0000 -0.9884
1.0000 -0.0002 -0.0016 0.0014 0.0002 1.0000 -0.0006 0.0054 0.0016 0.0006 1.0000 -0.9889
1.0000 -0.0003 0.0004 -0.0001 0.0003 1.0000 -0.0006 0.0101 -0.0004 0.0006 1.0000 -1.0173
1.0000 -0.0003 -0.0000 0.0078 0.0003 1.0000 -0.0005 0.0069 0.0000 0.0005 1.0000 -1.0183
1.0000 0.0009 -0.0011 -0.0382 -0.0009 1.0000 -0.0012 -0.0177 0.0011 0.0012 1.0000 -1.0433
1.0000 -0.0010 0.0007 0.0046 0.0010 1.0000 -0.0006 0.0070 -0.0007 0.0006 1.0000 -1.0372
1.0000 -0.0004 -0.0019 0.0037 0.0004 1.0000 -0.0008 0.0127 0.0019 0.0008 1.0000 -1.0035
1.0000 -0.0005 0.0009 0.0098 0.0005 1.0000 0.0006 0.0072 -0.0009 -0.0006 1.0000 -1.0328
1.0000 -0.0005 0.0010 0.0052 0.0005 1.0000 -0.0012 0.0167 -0.0010 0.0012 1.0000 -1.0240
1.0000 0.0001 0.0008 0.0037 -0.0001 1.0000 -0.0018 0.0108 -0.0008 0.0018 1.0000 -0.9941
1.0000 -0.0004 0.0045 0.0080 0.0004 1.0000 -0.0009 0.0146 -0.0045 0.0009 1.0000 -1.0369
1.0000 -0.0003 0.0023 0.0349 0.0003 1.0000 -0.0017 0.0140 -0.0023 0.0017 1.0000 -0.8717
1.0000 -0.0001 0.0008 0.0024 0.0001 1.0000 0.0003 0.0076 -0.0008 -0.0003 1.0000 -1.0122
1.0000 -0.0005 0.0012 0.0094 0.0005 1.0000 0.0005 0.0123 -0.0012 -0.0005 1.0000 -1.0122
1.0000 -0.0006 -0.0024 -0.0055 0.0006 1.0000 0.0006 0.0093 0.0024 -0.0006 1.0000 -0.9833
1.0000 -0.0007 -0.0025 0.0021 0.0007 1.0000 0.0006 0.0197 0.0025 -0.0006 1.0000 -1.0059
1.0000 -0.0015 -0.0050 0.0114 0.0015 1.0000 0.0006 0.0057 0.0050 -0.0006 1.0000 -0.9936
1.0000 0.0005 -0.0074 0.0063 -0.0006 1.0000 -0.0015 0.0259 0.0074 0.0015 1.0000 -0.9869
1.0000 0.0019 -0.0055 0.0025 -0.0019 1.0000 -0.0047 0.0386 0.0055 0.0047 1.0000 -1.0117
1.0000 -0.0017 -0.0078 0.0174 0.0017 1.0000 -0.0007 0.0091 0.0078 0.0007 1.0000 -0.9823
1.0000 0.0015 -0.0051 0.0184 -0.0015 1.0000 0.0010 0.0223 0.0051 -0.0010 1.0000 -1.0129
1.0000 0.0001 -0.0063 0.0025 -0.0001 1.0000 0.0009 0.0111 0.0063 -0.0009 1.0000 -0.9808
1.0000 -0.0024 -0.0070 -0.0095 0.0025 1.0000 0.0015 0.0274 0.0070 -0.0015 1.0000 -0.9389
1.0000 -0.0008 -0.0038 0.0116 0.0008 1.0000 0.0003 0.0177 0.0038 -0.0003 1.0000 -0.9819
1.0000 -0.0002 -0.0042 0.0053 0.0002 1.0000 -0.0012 0.0127 0.0042 0.0012 1.0000 -0.9711
1.0000 0.0015 -0.0039 0.0038 -0.0015 1.0000 -0.0087 0.0310 0.0039 0.0087 1.0000 -0.9610
1.0000 0.0004 -0.0014 -0.0048 -0.0004 1.0000 -0.0083 0.0099 0.0014 0.0083 1.0000 -1.0063
1.0000 0.0006 -0.0028 -0.0012 -0.0006 1.0000 -0.0025 0.0086 0.0028 0.0025 1.0000 -0.9540
1.0000 -0.0005 -0.0009 0.0020 0.0005 1.0000 0.0042 0.0223 0.0009 -0.0042 1.0000 -0.9551
1.0000 -0.0004 -0.0010 0.0025 0.0004 1.0000 0.0053 0.0129 0.0010 -0.0053 1.0000 -0.9409
1.0000 0.0042 -0.0016 -0.0122 -0.0042 1.0000 0.0025 0.0165 0.0016 -0.0025 1.0000 -0.9342
1.0000 0.0025 0.0010 -0.0082 -0.0025 1.0000 -0.0010 0.0148 -0.0010 0.0010 1.0000 -0.9665
1.0000 -0.0017 0.0004 0.0031 0.0017 1.0000 -0.0017 0.0116 -0.0004 0.0017 1.0000 -0.9517
1.0000 -0.0020 -0.0001 0.0038 0.0020 1.0000 -0.0039 0.0211 0.0001 0.0039 1.0000 -0.9422
1.0000 -0.0027 0.0017 0.0097 0.0027 1.0000 -0.0049 0.0348 -0.0017 0.0049 1.0000 -0.9561
1.0000 -0.0084 -0.0006 0.0114 0.0084 1.0000 -0.0018 0.0298 0.0007 0.0018 1.0000 -0.9286
1.0000 -0.0065 0.0031 0.0268 0.0065 1.0000 -0.0002 0.0128 -0.0031 0.0002 1.0000 -0.9545
1.0000 0.0032 0.0035 -0.0243 -0.0032 1.0000 -0.0007 0.0280 -0.0035 0.0007 1.0000 -0.9586
1.0000 0.0037 0.0019 -0.0063 -0.0037 1.0000 0.0009 0.0278 -0.0019 -0.0010 1.0000 -0.9314
1.0000 0.0021 0.0069 0.0031 -0.0022 1.0000 0.0008 0.0072 -0.0068 -0.0009 1.0000 -0.9395
0.9999 0.0052 0.0090 -0.0032 -0.0052 1.0000 -0.0012 0.0117 -0.0090 0.0011 1.0000 -0.9348
0.9999 0.0084 0.0073 -0.0236 -0.0084 1.0000 -0.0005 0.0102 -0.0073 0.0005 1.0000 -0.9212
0.9999 -0.0021 0.0133 0.0097 0.0021 1.0000 -0.0003 0.0272 -0.0133 0.0003 0.9999 -0.9334
0.9999 -0.0019 0.0115 0.0049 0.0020 1.0000 -0.0018 0.0074 -0.0115 0.0019 0.9999 -0.9285
0.9999 0.0018 0.0144 0.0168 -0.0017 1.0000 -0.0034 0.0154 -0.0144 0.0034 0.9999 -0.9379
0.9999 -0.0033 0.0127 0.0100 0.0033 1.0000 -0.0012 0.0396 -0.0127 0.0013 0.9999 -0.9429
0.9999 -0.0002 0.0127 -0.0026 0.0002 1.0000 -0.0010 -0.0006 -0.0127 0.0010 0.9999 -0.9306
0.9999 -0.0002 0.0141 -0.0005 0.0002 1.0000 0.0000 0.0114 -0.0141 -0.0000 0.9999 -0.9218
0.9999 -0.0001 0.0134 -0.0021 0.0000 1.0000 0.0033 0.0075 -0.0134 -0.0033 0.9999 -0.9119
0.9999 0.0006 0.0117 -0.0029 -0.0007 1.0000 0.0061 0.0036 -0.0117 -0.0062 0.9999 -0.9153
0.9999 -0.0008 0.0148 0.0060 0.0008 1.0000 0.0040 0.0082 -0.0148 -0.0040 0.9999 -0.9017
0.9999 0.0003 0.0126 0.0031 -0.0002 1.0000 -0.0013 0.0077 -0.0126 0.0013 0.9999 -0.9236
0.9999 -0.0005 0.0139 -0.0007 0.0005 1.0000 -0.0026 0.0152 -0.0139 0.0026 0.9999 -0.9150
0.9999 -0.0026 0.0102 0.0072 0.0026 1.0000 0.0016 0.0113 -0.0102 -0.0016 0.9999 -0.8970
1.0000 -0.0047 0.0066 0.0084 0.0046 1.0000 0.0055 0.0009 -0.0066 -0.0054 1.0000 -0.9052
1.0000 -0.0039 0.0070 0.0057 0.0038 1.0000 0.0078 -0.0007 -0.0071 -0.0078 0.9999 -0.9008
1.0000 -0.0026 0.0039 0.0039 0.0026 1.0000 0.0031 0.0064 -0.0039 -0.0031 1.0000 -0.9092
1.0000 0.0001 0.0039 0.0054 -0.0001 1.0000 -0.0002 0.0019 -0.0039 0.0002 1.0000 -0.8921
1.0000 -0.0003 0.0061 0.0045 0.0003 1.0000 -0.0000 0.0136 -0.0061 0.0000 1.0000 -0.9020
1.0000 0.0007 0.0051 0.0016 -0.0007 1.0000 -0.0023 0.0037 -0.0051 0.0023 1.0000 -0.8859
1.0000 -0.0012 0.0063 0.0108 0.0012 1.0000 -0.0020 0.0233 -0.0063 0.0020 1.0000 -0.9103
1.0000 -0.0007 0.0058 0.0075 0.0007 1.0000 -0.0019 0.0192 -0.0058 0.0019 1.0000 -0.9019
1.0000 -0.0045 0.0062 0.0109 0.0045 1.0000 0.0006 0.0111 -0.0062 -0.0005 1.0000 -0.8769
1.0000 -0.0016 0.0081 0.0090 0.0016 1.0000 -0.0003 0.0029 -0.0081 0.0004 1.0000 -0.9099
1.0000 0.0016 0.0071 -0.0041 -0.0016 1.0000 0.0026 0.0161 -0.0070 -0.0026 1.0000 -0.8846
1.0000 0.0007 0.0064 -0.0810 -0.0007 1.0000 0.0027 0.0290 -0.0064 -0.0027 1.0000 -0.8730
1.0000 -0.0008 0.0077 0.0056 0.0008 1.0000 -0.0008 -0.0005 -0.0077 0.0008 1.0000 -0.8974
1.0000 0.0047 0.0058 -0.0060 -0.0047 1.0000 -0.0041 -0.0034 -0.0058 0.0041 1.0000 -0.8776
1.0000 0.0010 0.0082 0.0034 -0.0010 1.0000 -0.0018 0.0101 -0.0082 0.0018 1.0000 -0.8995
1.0000 -0.0022 0.0069 0.0135 0.0021 1.0000 0.0038 0.0039 -0.0069 -0.0038 1.0000 -0.8863
1.0000 0.0014 0.0066 0.0054 -0.0014 1.0000 -0.0001 -0.0092 -0.0066 0.0001 1.0000 -0.8935
1.0000 0.0005 0.0073 -0.0003 -0.0005 1.0000 0.0002 0.0119 -0.0073 -0.0002 1.0000 -0.8918
1.0000 -0.0002 0.0067 0.0066 0.0003 1.0000 -0.0007 0.0114 -0.0067 0.0007 1.0000 -0.8976
1.0000 0.0015 0.0089 -0.0056 -0.0015 1.0000 -0.0010 0.0021 -0.0089 0.0010 1.0000 -0.8898
1.0000 0.0004 0.0077 -0.0017 -0.0004 1.0000 -0.0003 0.0118 -0.0077 0.0003 1.0000 -0.8896
1.0000 0.0013 0.0066 0.0030 -0.0013 1.0000 -0.0001 0.0151 -0.0066 0.0001 1.0000 -0.9022
1.0000 -0.0020 0.0072 0.0116 0.0020 1.0000 0.0001 0.0049 -0.0072 -0.0001 1.0000 -0.8786
1.0000 -0.0002 0.0058 0.0124 0.0002 1.0000 -0.0005 0.0048 -0.0058 0.0005 1.0000 -0.8871
1.0000 0.0018 0.0042 0.0004 -0.0018 1.0000 -0.0006 0.0171 -0.0043 0.0006 1.0000 -0.8909
1.0000 -0.0003 0.0046 -0.0015 0.0003 1.0000 -0.0007 0.0174 -0.0046 0.0007 1.0000 -0.8643
1.0000 -0.0006 0.0045 0.0095 0.0006 1.0000 0.0007 0.0144 -0.0045 -0.0007 1.0000 -0.9046
1.0000 -0.0004 0.0018 0.0275 0.0004 1.0000 -0.0030 0.0314 -0.0018 0.0030 1.0000 -0.8223
1.0000 0.0062 0.0052 -0.0095 -0.0062 1.0000 -0.0020 0.0231 -0.0053 0.0019 1.0000 -0.8880
1.0000 0.0062 0.0040 -0.0024 -0.0062 1.0000 -0.0012 0.0253 -0.0040 0.0012 1.0000 -0.8831
1.0000 -0.0032 0.0049 0.0230 0.0032 1.0000 0.0019 0.0036 -0.0049 -0.0019 1.0000 -0.8623
1.0000 -0.0059 0.0037 -0.0229 0.0059 1.0000 0.0015 0.0126 -0.0037 -0.0014 1.0000 -0.8632
1.0000 -0.0034 0.0065 -0.0555 0.0034 1.0000 0.0032 -0.0051 -0.0065 -0.0032 1.0000 -0.8639
1.0000 -0.0010 0.0034 0.0052 0.0010 1.0000 -0.0000 0.0104 -0.0034 0.0000 1.0000 -0.8771
1.0000 0.0003 0.0007 -0.0253 -0.0003 1.0000 -0.0040 0.0049 -0.0007 0.0040 1.0000 -0.8647
1.0000 -0.0033 0.0020 0.0039 0.0033 1.0000 -0.0055 0.0104 -0.0020 0.0055 1.0000 -0.8680
1.0000 0.0005 0.0006 0.0026 -0.0005 1.0000 -0.0022 0.0031 -0.0006 0.0022 1.0000 -0.8781
1.0000 -0.0013 -0.0000 -0.0026 0.0013 1.0000 0.0040 0.0135 0.0000 -0.0040 1.0000 -0.8827
1.0000 -0.0000 0.0017 -0.0023 0.0000 1.0000 0.0013 -0.0033 -0.0017 -0.0013 1.0000 -0.8552
1.0000 -0.0007 -0.0004 0.0077 0.0007 1.0000 0.0003 0.0067 0.0004 -0.0003 1.0000 -0.8686
1.0000 -0.0012 0.0008 0.0139 0.0012 1.0000 -0.0002 0.0004 -0.0008 0.0002 1.0000 -0.8705
1.0000 0.0025 0.0019 -0.0009 -0.0025 1.0000 -0.0007 0.0113 -0.0019 0.0007 1.0000 -0.8579
1.0000 -0.0012 -0.0001 -0.0004 0.0012 1.0000 0.0022 0.0056 0.0001 -0.0022 1.0000 -0.8671
1.0000 -0.0045 0.0009 0.0336 0.0044 1.0000 0.0039 -0.0009 -0.0009 -0.0039 1.0000 -0.8451
1.0000 -0.0027 0.0001 0.0169 0.0027 1.0000 0.0020 0.0190 -0.0001 -0.0020 1.0000 -0.8517
1.0000 -0.0002 -0.0003 0.0025 0.0002 1.0000 0.0006 0.0255 0.0003 -0.0006 1.0000 -0.8443
1.0000 0.0018 0.0011 -0.0010 -0.0018 1.0000 0.0003 0.0103 -0.0011 -0.0003 1.0000 -0.8464
1.0000 0.0003 0.0009 0.0009 -0.0003 1.0000 -0.0003 -0.0087 -0.0009 0.0003 1.0000 -0.8339
1.0000 0.0064 0.0034 0.0111 -0.0064 1.0000 -0.0006 0.0477 -0.0034 0.0006 1.0000 -0.8262
1.0000 0.0042 0.0032 -0.0065 -0.0042 1.0000 -0.0036 0.0170 -0.0032 0.0036 1.0000 -0.8329
1.0000 0.0027 0.0004 -0.0118 -0.0027 1.0000 -0.0061 0.0135 -0.0004 0.0061 1.0000 -0.8383
1.0000 0.0009 0.0045 0.0004 -0.0009 1.0000 -0.0011 0.0186 -0.0045 0.0011 1.0000 -0.8274
1.0000 -0.0056 0.0022 -0.0340 0.0056 1.0000 0.0014 -0.0075 -0.0022 -0.0014 1.0000 -0.7818
1.0000 0.0001 0.0057 -0.0117 -0.0001 1.0000 -0.0005 -0.0132 -0.0057 0.0005 1.0000 -0.7883
1.0000 -0.0023 0.0087 -0.0062 0.0023 1.0000 0.0004 0.0081 -0.0087 -0.0004 1.0000 -0.8101
0.9999 0.0077 0.0085 -0.0226 -0.0077 1.0000 -0.0023 0.0047 -0.0085 0.0022 1.0000 -0.7968
0.9992 0.0202 0.0335 -0.0047 -0.0205 0.9997 0.0090 0.0282 -0.0333 -0.0097 0.9994 -0.3810
0.9999 -0.0066 0.0138 -0.0053 0.0066 1.0000 0.0010 0.0165 -0.0138 -0.0009 0.9999 -0.7619
0.9999 0.0023 0.0142 -0.0023 -0.0023 1.0000 0.0004 0.0055 -0.0142 -0.0004 0.9999 -0.7987
0.9999 -0.0016 0.0137 0.0034 0.0016 1.0000 -0.0006 0.0232 -0.0137 0.0006 0.9999 -0.7894
0.9999 0.0076 0.0133 -0.0085 -0.0076 1.0000 0.0026 0.0035 -0.0133 -0.0027 0.9999 -0.7815
0.9998 -0.0131 0.0130 0.0148 0.0131 0.9999 0.0066 0.0244 -0.0131 -0.0064 0.9999 -0.7641
0.9999 -0.0024 0.0140 -0.0009 0.0023 0.9999 0.0097 0.0183 -0.0140 -0.0097 0.9999 -0.7931
0.9998 0.0132 0.0130 0.0091 -0.0133 0.9999 0.0050 0.0240 -0.0130 -0.0052 0.9999 -0.7577
0.9999 -0.0069 0.0124 0.0055 0.0069 1.0000 0.0008 -0.0082 -0.0124 -0.0007 0.9999 -0.7526
0.9999 -0.0011 0.0118 0.0128 0.0012 1.0000 -0.0033 0.0205 -0.0118 0.0033 0.9999 -0.7503
0.9998 -0.0134 0.0111 0.0171 0.0134 0.9999 0.0001 -0.0083 -0.0111 0.0000 0.9999 -0.7634
0.9999 -0.0096 0.0086 0.0225 0.0095 0.9999 0.0043 0.0565 -0.0086 -0.0042 1.0000 -0.7600
0.9998 -0.0181 0.0063 0.0112 0.0180 0.9998 0.0061 0.0043 -0.0064 -0.0059 1.0000 -0.7389
1.0000 -0.0012 0.0032 0.0080 0.0012 1.0000 0.0020 0.0083 -0.0032 -0.0020 1.0000 -0.7375
1.0000 -0.0034 0.0001 0.0069 0.0034 1.0000 -0.0041 0.0019 -0.0001 0.0041 1.0000 -0.7627
1.0000 -0.0028 -0.0018 0.0049 0.0028 1.0000 -0.0047 0.0226 0.0018 0.0047 1.0000 -0.7494
1.0000 -0.0027 -0.0032 0.0031 0.0027 1.0000 -0.0031 0.0099 0.0033 0.0031 1.0000 -0.7585
1.0000 0.0079 -0.0033 -0.0121 -0.0079 1.0000 -0.0001 0.0001 0.0033 0.0001 1.0000 -0.7502
1.0000 0.0015 -0.0038 -0.0006 -0.0015 1.0000 -0.0004 0.0051 0.0038 0.0004 1.0000 -0.7426
1.0000 0.0013 -0.0042 -0.0014 -0.0013 1.0000 -0.0004 0.0040 0.0042 0.0004 1.0000 -0.7544
1.0000 -0.0012 -0.0056 0.0025 0.0012 1.0000 -0.0007 0.0175 0.0056 0.0007 1.0000 -0.7395
1.0000 0.0007 -0.0056 -0.0002 -0.0007 1.0000 -0.0006 -0.0002 0.0056 0.0006 1.0000 -0.7429
1.0000 0.0003 -0.0054 -0.0062 -0.0003 1.0000 0.0001 -0.0023 0.0054 -0.0001 1.0000 -0.7422
1.0000 0.0022 -0.0047 -0.0094 -0.0022 1.0000 -0.0013 0.0296 0.0047 0.0013 1.0000 -0.7295
0.9995 0.0318 -0.0036 -0.0401 -0.0318 0.9995 -0.0031 -0.0937 0.0035 0.0032 1.0000 -0.7469
1.0000 -0.0004 -0.0047 -0.0004 0.0004 1.0000 0.0001 0.0095 0.0047 -0.0001 1.0000 -0.7364
1.0000 -0.0035 -0.0032 0.0049 0.0035 1.0000 -0.0000 0.0064 0.0032 -0.0000 1.0000 -0.6994
1.0000 -0.0004 0.0002 0.0025 0.0004 1.0000 0.0001 0.0034 -0.0002 -0.0001 1.0000 -0.7161
1.0000 -0.0033 0.0004 0.0015 0.0033 1.0000 -0.0016 0.0352 -0.0004 0.0016 1.0000 -0.7097
1.0000 0.0034 0.0040 -0.0130 -0.0034 1.0000 -0.0025 0.0050 -0.0040 0.0024 1.0000 -0.7076
0.9999 0.0073 0.0076 -0.0031 -0.0073 1.0000 0.0004 0.0081 -0.0076 -0.0005 1.0000 -0.7510
1.0000 0.0019 0.0099 0.0048 -0.0019 1.0000 -0.0006 0.0082 -0.0099 0.0006 0.9999 -0.6803
0.9999 0.0015 0.0143 -0.0071 -0.0015 1.0000 0.0000 0.0068 -0.0143 -0.0001 0.9999 -0.7025
0.9999 -0.0034 0.0150 0.0030 0.0034 1.0000 -0.0003 -0.0014 -0.0150 0.0004 0.9999 -0.6854
0.9999 -0.0031 0.0153 0.0162 0.0032 1.0000 -0.0050 0.0064 -0.0153 0.0050 0.9999 -0.6916
0.9999 -0.0016 0.0171 0.0068 0.0017 1.0000 -0.0068 0.0166 -0.0171 0.0068 0.9998 -0.6919
0.9998 0.0028 0.0174 0.0042 -0.0027 1.0000 -0.0072 0.0087 -0.0174 0.0071 0.9998 -0.6720
0.9998 -0.0004 0.0176 0.0071 0.0005 1.0000 -0.0070 0.0152 -0.0176 0.0070 0.9998 -0.6779
0.9999 -0.0007 0.0165 0.0064 0.0008 1.0000 -0.0066 0.0091 -0.0164 0.0066 0.9998 -0.6562
0.9998 -0.0036 0.0182 0.0061 0.0036 1.0000 -0.0003 0.0159 -0.0182 0.0004 0.9998 -0.6761
0.9998 0.0003 0.0179 0.0107 -0.0003 1.0000 -0.0007 0.0191 -0.0179 0.0007 0.9998 -0.6455
0.9998 -0.0014 0.0176 0.0100 0.0014 1.0000 -0.0006 0.0099 -0.0176 0.0006 0.9998 -0.6539
0.9999 -0.0030 0.0168 0.0176 0.0030 1.0000 -0.0006 0.0060 -0.0168 0.0007 0.9999 -0.6507
0.9999 -0.0015 0.0152 0.0216 0.0015 1.0000 -0.0010 0.0237 -0.0152 0.0010 0.9999 -0.6343
0.9999 0.0016 0.0126 0.0005 -0.0016 1.0000 -0.0010 0.0162 -0.0126 0.0010 0.9999 -0.6367
0.9999 0.0005 0.0112 0.0063 -0.0005 1.0000 -0.0003 0.0078 -0.0112 0.0003 0.9999 -0.6440
0.9999 -0.0040 0.0093 0.0085 0.0040 1.0000 0.0006 -0.0060 -0.0093 -0.0006 1.0000 -0.6139
1.0000 -0.0045 0.0093 0.0221 0.0045 1.0000 0.0060 0.0069 -0.0093 -0.0059 0.9999 -0.6224
0.9999 0.0011 0.0098 0.0073 -0.0012 0.9999 0.0118 -0.0143 -0.0098 -0.0118 0.9999 -0.6016
1.0000 0.0032 0.0080 0.0013 -0.0032 1.0000 0.0056 -0.0039 -0.0080 -0.0056 1.0000 -0.6072
1.0000 -0.0003 0.0069 0.0018 0.0003 1.0000 -0.0007 -0.0046 -0.0069 0.0007 1.0000 -0.6172
1.0000 -0.0000 0.0059 0.0139 0.0001 1.0000 -0.0068 -0.0051 -0.0059 0.0068 1.0000 -0.6145
1.0000 -0.0062 0.0046 0.0144 0.0062 0.9999 -0.0119 0.0062 -0.0046 0.0119 0.9999 -0.6241
1.0000 0.0006 0.0023 0.0076 -0.0006 1.0000 -0.0070 0.0170 -0.0023 0.0070 1.0000 -0.6159
1.0000 0.0024 0.0014 -0.0008 -0.0023 1.0000 -0.0008 0.0167 -0.0014 0.0008 1.0000 -0.6269
1.0000 0.0013 0.0005 -0.0027 -0.0013 1.0000 -0.0003 0.0013 -0.0005 0.0003 1.0000 -0.6252
1.0000 0.0030 0.0007 0.0077 -0.0030 1.0000 0.0003 0.0080 -0.0007 -0.0003 1.0000 -0.6316
1.0000 0.0004 0.0024 0.0050 -0.0004 1.0000 -0.0009 -0.0096 -0.0024 0.0009 1.0000 -0.6311
1.0000 0.0002 0.0022 0.0053 -0.0002 1.0000 -0.0010 0.0062 -0.0022 0.0010 1.0000 -0.6344
1.0000 0.0015 0.0040 0.0016 -0.0014 1.0000 -0.0059 0.0202 -0.0040 0.0059 1.0000 -0.6430
1.0000 0.0003 0.0047 0.0017 -0.0003 1.0000 -0.0012 0.0060 -0.0047 0.0012 1.0000 -0.6455
1.0000 0.0003 0.0058 0.0049 -0.0003 1.0000 -0.0009 0.0020 -0.0058 0.0009 1.0000 -0.6404
1.0000 0.0009 0.0088 -0.0102 -0.0009 1.0000 -0.0012 -0.0108 -0.0088 0.0012 1.0000 -0.6578
1.0000 0.0001 0.0100 0.0022 -0.0001 1.0000 -0.0005 0.0019 -0.0100 0.0005 0.9999 -0.6498
0.9999 -0.0010 0.0118 0.0030 0.0010 1.0000 0.0006 0.0108 -0.0118 -0.0006 0.9999 -0.6494
0.9999 -0.0027 0.0120 0.0125 0.0026 1.0000 0.0047 -0.0037 -0.0120 -0.0047 0.9999 -0.6473
0.9999 -0.0025 0.0121 0.0097 0.0024 1.0000 0.0031 -0.0080 -0.0121 -0.0031 0.9999 -0.6516
0.9999 -0.0003 0.0128 0.0035 0.0003 1.0000 -0.0005 -0.0010 -0.0128 0.0005 0.9999 -0.6667
0.9999 -0.0014 0.0129 -0.0241 0.0014 1.0000 -0.0021 0.0151 -0.0129 0.0021 0.9999 -0.6896
0.9999 -0.0005 0.0120 0.0051 0.0005 1.0000 -0.0011 -0.0018 -0.0120 0.0011 0.9999 -0.6651
0.9999 -0.0013 0.0131 -0.0029 0.0013 1.0000 -0.0007 0.0157 -0.0131 0.0008 0.9999 -0.6868
0.9999 -0.0031 0.0103 0.0300 0.0031 1.0000 -0.0013 0.0022 -0.0103 0.0013 0.9999 -0.6991
1.0000 -0.0039 0.0082 0.0075 0.0039 1.0000 -0.0006 0.0116 -0.0082 0.0007 1.0000 -0.7037
1.0000 -0.0006 0.0048 0.0053 0.0006 1.0000 -0.0018 0.0007 -0.0048 0.0018 1.0000 -0.6947
1.0000 0.0013 0.0026 -0.0022 -0.0013 1.0000 -0.0012 -0.0033 -0.0026 0.0012 1.0000 -0.6948
1.0000 0.0039 0.0007 -0.0040 -0.0039 1.0000 0.0007 0.0232 -0.0007 -0.0007 1.0000 -0.7202
1.0000 0.0008 -0.0013 0.0036 -0.0008 1.0000 0.0007 -0.0058 0.0013 -0.0007 1.0000 -0.7190
1.0000 0.0014 -0.0005 -0.0001 -0.0014 1.0000 0.0012 -0.0072 0.0005 -0.0012 1.0000 -0.7105
1.0000 0.0028 0.0006 -0.0196 -0.0028 1.0000 -0.0010 0.0083 -0.0006 0.0010 1.0000 -0.7438
1.0000 0.0017 -0.0009 0.0056 -0.0018 1.0000 -0.0042 -0.0034 0.0009 0.0042 1.0000 -0.7313
1.0000 -0.0006 0.0010 0.0063 0.0006 1.0000 -0.0033 0.0142 -0.0010 0.0033 1.0000 -0.7233
1.0000 0.0011 0.0002 0.0001 -0.0011 1.0000 -0.0017 0.0120 -0.0002 0.0017 1.0000 -0.6966
1.0000 -0.0002 -0.0016 0.0112 0.0002 1.0000 -0.0012 0.0083 0.0016 0.0012 1.0000 -0.7357
1.0000 -0.0013 -0.0004 0.0044 0.0013 1.0000 -0.0003 0.0064 0.0004 0.0003 1.0000 -0.7281
1.0000 -0.0023 -0.0019 0.0017 0.0023 1.0000 0.0002 -0.0006 0.0019 -0.0002 1.0000 -0.7297
1.0000 0.0012 -0.0001 -0.0064 -0.0012 1.0000 0.0030 0.0142 0.0001 -0.0030 1.0000 -0.7383
1.0000 -0.0010 -0.0008 -0.0032 0.0010 1.0000 0.0049 0.0069 0.0008 -0.0049 1.0000 -0.7383
1.0000 -0.0007 0.0011 -0.0081 0.0007 1.0000 0.0005 0.0102 -0.0011 -0.0005 1.0000 -0.7115
1.0000 -0.0009 -0.0002 0.0112 0.0009 1.0000 -0.0022 0.0081 0.0002 0.0022 1.0000 -0.7550
1.0000 -0.0012 0.0004 0.0204 0.0012 1.0000 -0.0035 0.0140 -0.0004 0.0035 1.0000 -0.7387
1.0000 -0.0014 -0.0015 0.0210 0.0014 1.0000 -0.0014 0.0160 0.0015 0.0014 1.0000 -0.7149
1.0000 -0.0017 -0.0043 0.0080 0.0017 1.0000 -0.0005 0.0183 0.0043 0.0005 1.0000 -0.7571
1.0000 0.0009 -0.0082 0.0009 -0.0009 1.0000 -0.0021 0.0180 0.0082 0.0021 1.0000 -0.7419
1.0000 -0.0010 -0.0084 -0.0018 0.0010 1.0000 0.0013 0.0124 0.0084 -0.0013 1.0000 -0.7452
0.9999 0.0037 -0.0111 -0.0022 -0.0037 1.0000 0.0016 0.0229 0.0111 -0.0015 0.9999 -0.7353
0.9999 -0.0013 -0.0118 -0.0096 0.0013 1.0000 0.0018 0.0131 0.0118 -0.0018 0.9999 -0.7281
0.9999 -0.0017 -0.0116 0.0026 0.0017 1.0000 0.0001 0.0032 0.0116 -0.0001 0.9999 -0.7355
0.9999 0.0022 -0.0115 -0.0045 -0.0023 1.0000 -0.0060 0.0104 0.0115 0.0061 0.9999 -0.7419
0.9999 0.0030 -0.0098 -0.0082 -0.0031 1.0000 -0.0073 0.0219 0.0097 0.0074 0.9999 -0.7448
1.0000 0.0007 -0.0074 0.0040 -0.0008 1.0000 -0.0045 0.0199 0.0074 0.0045 1.0000 -0.7431
1.0000 -0.0039 -0.0059 0.0078 0.0039 1.0000 -0.0021 0.0022 0.0059 0.0021 1.0000 -0.7448
1.0000 0.0003 -0.0018 0.0453 -0.0003 1.0000 -0.0004 0.0253 0.0018 0.0004 1.0000 -0.7788
1.0000 -0.0001 -0.0017 0.0048 0.0001 1.0000 -0.0004 0.0043 0.0017 0.0004 1.0000 -0.7444
1.0000 -0.0006 -0.0019 0.0073 0.0006 1.0000 0.0006 0.0174 0.0019 -0.0006 1.0000 -0.7507
1.0000 -0.0029 -0.0003 0.0090 0.0029 1.0000 0.0013 0.0010 0.0003 -0.0013 1.0000 -0.7411
1.0000 -0.0010 -0.0001 0.0118 0.0010 1.0000 -0.0009 0.0157 0.0001 0.0009 1.0000 -0.7658
1.0000 -0.0008 0.0008 0.0081 0.0008 1.0000 -0.0009 0.0023 -0.0008 0.0009 1.0000 -0.7498
1.0000 0.0004 0.0016 0.0052 -0.0004 1.0000 -0.0007 0.0110 -0.0016 0.0007 1.0000 -0.7706
1.0000 0.0039 0.0013 -0.0051 -0.0039 1.0000 -0.0007 0.0280 -0.0013 0.0007 1.0000 -0.7580
1.0000 0.0021 0.0046 -0.0094 -0.0021 1.0000 -0.0007 0.0423 -0.0046 0.0006 1.0000 -0.7837
1.0000 -0.0027 0.0043 0.0085 0.0027 1.0000 -0.0014 0.0152 -0.0043 0.0014 1.0000 -0.7737
1.0000 -0.0001 0.0048 0.0216 0.0001 1.0000 -0.0037 0.0083 -0.0048 0.0037 1.0000 -0.7565
1.0000 -0.0015 0.0052 -0.0070 0.0015 1.0000 -0.0041 0.0107 -0.0052 0.0041 1.0000 -0.7857
1.0000 0.0006 0.0041 -0.0150 -0.0006 1.0000 -0.0009 0.0204 -0.0041 0.0009 1.0000 -0.7966
1.0000 -0.0036 0.0033 0.0118 0.0036 1.0000 0.0020 0.0089 -0.0033 -0.0020 1.0000 -0.7738
1.0000 -0.0068 0.0043 0.0035 0.0068 1.0000 0.0042 0.0331 -0.0043 -0.0042 1.0000 -0.7792
1.0000 -0.0033 0.0029 0.0233 0.0033 1.0000 0.0011 -0.0024 -0.0029 -0.0011 1.0000 -0.7840
1.0000 -0.0001 0.0048 0.0004 0.0001 1.0000 -0.0008 0.0067 -0.0048 0.0008 1.0000 -0.7764
1.0000 -0.0007 0.0036 0.0010 0.0007 1.0000 0.0009 0.0130 -0.0036 -0.0008 1.0000 -0.7855
1.0000 -0.0005 0.0034 0.0113 0.0005 1.0000 0.0001 0.0124 -0.0034 -0.0001 1.0000 -0.7881
1.0000 0.0008 0.0050 0.0053 -0.0008 1.0000 -0.0002 0.0046 -0.0050 0.0002 1.0000 -0.7859
1.0000 0.0014 0.0047 0.0001 -0.0014 1.0000 0.0009 0.0112 -0.0047 -0.0010 1.0000 -0.8161
1.0000 0.0017 0.0045 -0.0008 -0.0017 1.0000 -0.0003 0.0145 -0.0045 0.0003 1.0000 -0.7866
1.0000 0.0016 0.0048 0.0024 -0.0016 1.0000 -0.0000 0.0106 -0.0048 0.0000 1.0000 -0.7852
1.0000 -0.0030 0.0046 0.0037 0.0030 1.0000 0.0010 0.0119 -0.0046 -0.0010 1.0000 -0.7762
1.0000 -0.0010 0.0048 0.0078 0.0010 1.0000 -0.0003 -0.0030 -0.0048 0.0003 1.0000 -0.7996
1.0000 -0.0020 0.0066 0.0195 0.0020 1.0000 -0.0008 0.0175 -0.0066 0.0008 1.0000 -0.8163
1.0000 0.0022 0.0043 -0.0006 -0.0022 1.0000 0.0028 0.0101 -0.0043 -0.0028 1.0000 -0.7823
1.0000 -0.0000 0.0044 0.0065 0.0000 1.0000 0.0061 0.0146 -0.0044 -0.0061 1.0000 -0.7905
1.0000 0.0006 0.0037 0.0138 -0.0006 1.0000 0.0044 -0.0000 -0.0037 -0.0044 1.0000 -0.7878
1.0000 -0.0049 0.0031 0.0116 0.0049 1.0000 -0.0021 -0.0054 -0.0031 0.0021 1.0000 -0.7922
1.0000 -0.0019 0.0036 0.0094 0.0019 0.9999 -0.0101 0.0159 -0.0035 0.0101 0.9999 -0.7882
1.0000 0.0018 0.0025 0.0004 -0.0018 0.9999 -0.0122 0.0296 -0.0025 0.0122 0.9999 -0.7988
1.0000 0.0011 0.0039 -0.0020 -0.0010 1.0000 -0.0072 0.0087 -0.0040 0.0072 1.0000 -0.7711
1.0000 0.0022 0.0022 -0.0026 -0.0022 1.0000 -0.0043 0.0247 -0.0022 0.0043 1.0000 -0.7886
1.0000 0.0011 0.0028 0.0039 -0.0012 1.0000 0.0034 0.0208 -0.0028 -0.0034 1.0000 -0.7795
1.0000 0.0005 0.0046 -0.0089 -0.0005 1.0000 0.0064 0.0035 -0.0046 -0.0064 1.0000 -0.7739
1.0000 -0.0019 0.0044 -0.0022 0.0019 1.0000 0.0036 0.0171 -0.0044 -0.0036 1.0000 -0.7803
1.0000 0.0033 0.0037 0.0142 -0.0033 1.0000 0.0042 0.0206 -0.0037 -0.0042 1.0000 -0.7714
1.0000 -0.0012 0.0062 0.0092 0.0012 1.0000 0.0013 0.0314 -0.0062 -0.0013 1.0000 -0.8216
1.0000 0.0011 0.0038 0.0139 -0.0011 1.0000 0.0001 0.0094 -0.0038 -0.0001 1.0000 -0.8067
1.0000 0.0030 0.0062 -0.0040 -0.0030 1.0000 -0.0029 -0.0113 -0.0062 0.0029 1.0000 -0.7970
1.0000 0.0038 0.0042 -0.0011 -0.0037 1.0000 -0.0052 -0.0024 -0.0043 0.0052 1.0000 -0.8107
1.0000 0.0049 0.0032 -0.0223 -0.0049 1.0000 -0.0056 0.0090 -0.0032 0.0056 1.0000 -0.7823
1.0000 0.0003 0.0029 -0.0001 -0.0002 1.0000 -0.0057 0.0250 -0.0030 0.0057 1.0000 -0.8167
1.0000 0.0011 0.0029 0.0110 -0.0011 1.0000 -0.0042 0.0222 -0.0029 0.0042 1.0000 -0.8403
1.0000 0.0038 0.0019 -0.0581 -0.0038 1.0000 -0.0010 -0.0050 -0.0019 0.0010 1.0000 -0.7462
1.0000 -0.0088 0.0023 0.0133 0.0088 0.9999 0.0096 0.0056 -0.0024 -0.0096 1.0000 -0.7932
1.0000 -0.0011 -0.0009 -0.0052 0.0011 0.9999 0.0105 -0.0117 0.0009 -0.0105 0.9999 -0.8006
1.0000 -0.0001 -0.0001 0.0179 0.0001 1.0000 0.0077 -0.0144 0.0001 -0.0077 1.0000 -0.7974
1.0000 0.0003 0.0005 0.0025 -0.0003 1.0000 -0.0013 0.0003 -0.0005 0.0013 1.0000 -0.8213
1.0000 0.0029 -0.0021 0.0051 -0.0029 1.0000 -0.0027 -0.0013 0.0021 0.0027 1.0000 -0.8020
1.0000 0.0031 0.0021 0.0107 -0.0031 1.0000 -0.0019 0.0103 -0.0021 0.0019 1.0000 -0.8141
1.0000 0.0047 0.0027 -0.0305 -0.0047 1.0000 -0.0009 0.0082 -0.0027 0.0009 1.0000 -0.8214
1.0000 0.0027 0.0012 -0.0018 -0.0027 1.0000 -0.0009 0.0109 -0.0012 0.0009 1.0000 -0.8088
1.0000 0.0009 0.0025 0.0027 -0.0009 1.0000 -0.0034 0.0006 -0.0025 0.0034 1.0000 -0.8204
1.0000 -0.0002 0.0014 0.0034 0.0003 1.0000 -0.0022 0.0042 -0.0014 0.0022 1.0000 -0.8142
1.0000 -0.0010 0.0005 0.0081 0.0010 1.0000 0.0002 0.0067 -0.0005 -0.0002 1.0000 -0.8019
1.0000 0.0011 0.0020 -0.0070 -0.0011 1.0000 0.0024 0.0088 -0.0020 -0.0024 1.0000 -0.8076
1.0000 0.0010 -0.0034 -0.0327 -0.0010 1.0000 0.0024 -0.0059 0.0034 -0.0024 1.0000 -0.7089
1.0000 0.0037 0.0020 -0.0006 -0.0037 1.0000 -0.0017 0.0197 -0.0020 0.0017 1.0000 -0.8191
1.0000 -0.0002 0.0039 0.0010 0.0002 1.0000 -0.0030 0.0153 -0.0039 0.0030 1.0000 -0.8178
1.0000 -0.0005 0.0033 0.0001 0.0005 1.0000 -0.0031 0.0229 -0.0033 0.0031 1.0000 -0.8175
1.0000 0.0005 0.0072 -0.0036 -0.0005 1.0000 -0.0011 0.0233 -0.0072 0.0011 1.0000 -0.8461
1.0000 -0.0018 0.0049 0.0042 0.0018 1.0000 0.0005 0.0178 -0.0049 -0.0005 1.0000 -0.8238
1.0000 -0.0020 0.0049 -0.0023 0.0020 1.0000 0.0038 0.0022 -0.0049 -0.0038 1.0000 -0.8254
1.0000 0.0011 0.0069 0.0008 -0.0012 1.0000 0.0038 -0.0123 -0.0068 -0.0038 1.0000 -0.8287
1.0000 0.0039 0.0078 -0.0055 -0.0039 1.0000 0.0016 0.0107 -0.0078 -0.0016 1.0000 -0.8191
0.9999 0.0028 0.0108 -0.0099 -0.0028 1.0000 0.0007 0.0097 -0.0108 -0.0007 0.9999 -0.8231
0.9999 0.0076 0.0125 -0.0105 -0.0076 1.0000 0.0004 0.0148 -0.0125 -0.0005 0.9999 -0.7825
0.9999 0.0005 0.0140 0.0229 -0.0005 1.0000 0.0003 0.0284 -0.0140 -0.0003 0.9999 -0.7999
0.9999 0.0001 0.0164 -0.0013 -0.0001 1.0000 -0.0015 -0.0011 -0.0164 0.0015 0.9999 -0.8360
0.9999 0.0029 0.0153 -0.0075 -0.0028 1.0000 -0.0042 0.0006 -0.0153 0.0042 0.9999 -0.8195
0.9999 -0.0017 0.0132 0.0132 0.0017 1.0000 -0.0030 0.0120 -0.0132 0.0030 0.9999 -0.7925
0.9999 -0.0036 0.0134 0.0166 0.0036 1.0000 -0.0007 0.0090 -0.0134 0.0007 0.9999 -0.8421
0.9999 -0.0043 0.0121 0.0144 0.0043 1.0000 0.0025 0.0070 -0.0121 -0.0025 0.9999 -0.8679
1.0000 -0.0055 0.0057 0.0118 0.0055 1.0000 0.0010 0.0116 -0.0057 -0.0009 1.0000 -0.8083
1.0000 -0.0052 0.0034 0.0201 0.0052 1.0000 0.0008 0.0100 -0.0034 -0.0007 1.0000 -0.8400
1.0000 -0.0025 -0.0045 0.0193 0.0025 1.0000 -0.0005 0.0084 0.0045 0.0005 1.0000 -0.8047
1.0000 -0.0051 -0.0072 0.0157 0.0051 1.0000 0.0034 0.0231 0.0072 -0.0035 1.0000 -0.8330
0.9999 -0.0016 -0.0111 -0.0058 0.0017 1.0000 0.0041 -0.0032 0.0110 -0.0041 0.9999 -0.8187
0.9999 0.0033 -0.0135 -0.0152 -0.0033 1.0000 0.0008 0.0268 0.0135 -0.0008 0.9999 -0.8178
0.9999 0.0048 -0.0109 -0.0135 -0.0048 1.0000 -0.0017 -0.0027 0.0109 0.0018 0.9999 -0.8362
0.9999 -0.0035 -0.0121 -0.0028 0.0035 1.0000 -0.0011 0.0002 0.0121 0.0010 0.9999 -0.8236
0.9999 0.0033 -0.0101 -0.0157 -0.0033 1.0000 -0.0006 0.0183 0.0101 0.0006 0.9999 -0.8360
0.9999 0.0022 -0.0110 -0.0030 -0.0022 1.0000 0.0010 0.0124 0.0110 -0.0010 0.9999 -0.8174
0.9999 0.0020 -0.0106 -0.0058 -0.0020 1.0000 0.0011 0.0119 0.0106 -0.0011 0.9999 -0.8184
1.0000 -0.0022 -0.0087 0.0041 0.0023 1.0000 0.0019 0.0035 0.0087 -0.0019 1.0000 -0.8251
1.0000 -0.0042 -0.0077 0.0072 0.0042 1.0000 -0.0027 0.0203 0.0077 0.0027 1.0000 -0.8326
1.0000 -0.0016 -0.0055 0.0099 0.0016 1.0000 -0.0044 0.0048 0.0055 0.0044 1.0000 -0.8248
1.0000 -0.0015 -0.0056 0.0013 0.0015 1.0000 -0.0053 -0.0000 0.0056 0.0053 1.0000 -0.8653
1.0000 0.0027 -0.0056 -0.0023 -0.0027 1.0000 -0.0033 0.0105 0.0056 0.0033 1.0000 -0.8647
1.0000 -0.0022 -0.0030 0.0073 0.0022 1.0000 0.0013 0.0019 0.0030 -0.0013 1.0000 -0.8327
1.0000 -0.0048 -0.0030 0.0115 0.0048 1.0000 0.0076 -0.0006 0.0029 -0.0076 1.0000 -0.8216
1.0000 -0.0043 -0.0025 0.0093 0.0044 0.9999 0.0109 0.0092 0.0025 -0.0109 0.9999 -0.8292
1.0000 -0.0010 -0.0008 0.0066 0.0010 1.0000 0.0077 -0.0038 0.0008 -0.0077 1.0000 -0.8322
1.0000 -0.0008 -0.0024 0.0131 0.0008 1.0000 -0.0009 -0.0036 0.0024 0.0009 1.0000 -0.8378
1.0000 0.0000 -0.0000 0.0110 -0.0000 1.0000 -0.0034 -0.0037 0.0000 0.0034 1.0000 -0.8554
1.0000 0.0007 0.0003 -0.0029 -0.0007 1.0000 -0.0021 0.0118 -0.0003 0.0021 1.0000 -0.8474
1.0000 0.0020 -0.0005 0.0014 -0.0020 1.0000 -0.0009 0.0125 0.0005 0.0009 1.0000 -0.8692
1.0000 0.0021 0.0031 -0.0069 -0.0021 1.0000 -0.0012 -0.0008 -0.0031 0.0011 1.0000 -0.8579
1.0000 0.0014 0.0040 0.0057 -0.0014 1.0000 -0.0012 0.0046 -0.0040 0.0011 1.0000 -0.8612
1.0000 -0.0015 0.0030 -0.0052 0.0016 1.0000 0.0003 0.0100 -0.0030 -0.0003 1.0000 -0.8509
1.0000 -0.0011 0.0056 0.0119 0.0011 1.0000 -0.0001 0.0070 -0.0056 0.0001 1.0000 -0.8665
1.0000 -0.0005 0.0022 -0.0012 0.0005 1.0000 0.0002 -0.0019 -0.0022 -0.0002 1.0000 -0.8622
1.0000 -0.0012 0.0059 0.0132 0.0011 1.0000 0.0015 0.0128 -0.0059 -0.0015 1.0000 -0.8668
1.0000 0.0013 0.0050 0.0005 -0.0013 1.0000 0.0028 0.0246 -0.0050 -0.0028 1.0000 -0.8719
1.0000 0.0016 0.0052 -0.0015 -0.0016 1.0000 0.0033 0.0106 -0.0052 -0.0033 1.0000 -0.8730
1.0000 0.0011 0.0087 0.0080 -0.0011 1.0000 0.0014 0.0122 -0.0087 -0.0014 1.0000 -0.8826
1.0000 -0.0015 0.0079 -0.0002 0.0015 1.0000 -0.0010 0.0164 -0.0079 0.0011 1.0000 -0.8862
1.0000 -0.0001 0.0070 0.0037 0.0001 1.0000 -0.0036 0.0151 -0.0070 0.0036 1.0000 -0.8984
1.0000 -0.0020 0.0086 0.0139 0.0021 1.0000 -0.0051 0.0272 -0.0085 0.0051 1.0000 -0.9141
1.0000 0.0001 0.0081 0.0135 -0.0001 1.0000 -0.0047 0.0189 -0.0081 0.0047 1.0000 -0.9067
1.0000 0.0002 0.0067 -0.0019 -0.0002 1.0000 -0.0036 0.0155 -0.0067 0.0036 1.0000 -0.9037
0.9999 -0.0028 0.0089 0.0062 0.0027 1.0000 0.0027 0.0236 -0.0089 -0.0027 1.0000 -0.9247
1.0000 -0.0002 0.0077 0.0029 0.0002 1.0000 0.0063 0.0172 -0.0077 -0.0063 1.0000 -0.9053
0.9999 -0.0005 0.0104 0.0183 0.0004 1.0000 0.0073 0.0062 -0.0104 -0.0073 0.9999 -0.9215
1.0000 0.0052 0.0083 -0.0008 -0.0052 1.0000 0.0067 0.0049 -0.0082 -0.0068 0.9999 -0.9172
1.0000 0.0037 0.0072 -0.0094 -0.0037 1.0000 0.0032 0.0001 -0.0072 -0.0032 1.0000 -0.9304
0.9999 0.0071 0.0083 -0.0127 -0.0071 1.0000 -0.0010 0.0022 -0.0083 0.0010 1.0000 -0.9332
0.9999 0.0044 0.0091 0.0008 -0.0044 1.0000 -0.0045 0.0259 -0.0091 0.0044 0.9999 -0.9514
1.0000 0.0044 0.0087 -0.0084 -0.0043 1.0000 -0.0056 0.0022 -0.0087 0.0056 0.9999 -0.9247
0.9999 0.0013 0.0104 -0.0043 -0.0013 1.0000 -0.0041 0.0328 -0.0104 0.0040 0.9999 -0.9408
1.0000 0.0009 0.0066 0.0065 -0.0009 1.0000 -0.0020 0.0215 -0.0066 0.0020 1.0000 -0.9529
0.9999 -0.0038 0.0083 0.0077 0.0038 1.0000 -0.0007 0.0229 -0.0083 0.0008 1.0000 -0.9430
1.0000 -0.0034 0.0070 0.0160 0.0034 1.0000 -0.0007 -0.0042 -0.0070 0.0007 1.0000 -0.9475
1.0000 0.0025 0.0050 0.0016 -0.0025 1.0000 -0.0012 0.0225 -0.0050 0.0012 1.0000 -0.9463
1.0000 -0.0022 0.0062 0.0092 0.0022 1.0000 0.0004 0.0173 -0.0062 -0.0004 1.0000 -0.9471
1.0000 0.0008 0.0058 -0.0008 -0.0008 1.0000 0.0031 0.0184 -0.0058 -0.0031 1.0000 -0.9447
1.0000 -0.0002 0.0041 0.0073 0.0001 1.0000 0.0038 0.0128 -0.0041 -0.0038 1.0000 -0.9498
1.0000 0.0006 0.0067 0.0003 -0.0005 1.0000 -0.0004 0.0236 -0.0067 0.0004 1.0000 -0.9771
1.0000 -0.0013 0.0034 0.0020 0.0013 1.0000 -0.0033 0.0369 -0.0034 0.0033 1.0000 -0.9793
1.0000 0.0009 0.0066 0.0113 -0.0009 1.0000 -0.0037 0.0031 -0.0066 0.0037 1.0000 -0.9485
1.0000 0.0017 0.0055 0.0160 -0.0017 1.0000 -0.0003 0.0063 -0.0055 0.0003 1.0000 -0.9605
1.0000 -0.0043 0.0046 0.0052 0.0043 1.0000 0.0033 0.0125 -0.0047 -0.0033 1.0000 -0.9451
1.0000 -0.0022 0.0068 0.0199 0.0022 1.0000 0.0038 -0.0123 -0.0068 -0.0038 1.0000 -0.9624
1.0000 0.0040 0.0061 -0.0063 -0.0040 1.0000 0.0011 0.0212 -0.0061 -0.0011 1.0000 -0.9623
1.0000 0.0049 0.0048 -0.0054 -0.0049 1.0000 -0.0007 0.0199 -0.0048 0.0007 1.0000 -0.9574
0.9999 0.0047 0.0075 0.0024 -0.0047 1.0000 -0.0009 0.0189 -0.0075 0.0009 1.0000 -0.9551
1.0000 0.0035 0.0059 0.0036 -0.0035 1.0000 0.0006 -0.0029 -0.0059 -0.0006 1.0000 -0.9664
1.0000 0.0036 0.0072 0.0006 -0.0036 1.0000 -0.0011 0.0363 -0.0072 0.0011 1.0000 -0.9500
1.0000 0.0001 0.0056 0.0014 -0.0001 1.0000 -0.0016 0.0106 -0.0056 0.0016 1.0000 -0.9518
1.0000 -0.0014 0.0034 -0.0008 0.0014 1.0000 -0.0006 0.0113 -0.0034 0.0007 1.0000 -0.9524
1.0000 0.0004 0.0063 0.0054 -0.0004 1.0000 0.0010 0.0183 -0.0062 -0.0010 1.0000 -0.9471
1.0000 -0.0014 0.0042 0.0020 0.0014 1.0000 0.0012 -0.0020 -0.0042 -0.0012 1.0000 -0.9507
1.0000 0.0049 0.0047 -0.0035 -0.0049 1.0000 -0.0011 0.0296 -0.0047 0.0011 1.0000 -0.9524
1.0000 0.0013 0.0073 0.0158 -0.0013 1.0000 -0.0002 0.0014 -0.0073 0.0002 1.0000 -0.9447
1.0000 -0.0002 0.0044 0.0046 0.0002 1.0000 0.0009 0.0072 -0.0044 -0.0009 1.0000 -0.9560
1.0000 0.0003 0.0061 0.0050 -0.0003 1.0000 -0.0004 0.0019 -0.0061 0.0004 1.0000 -0.9239
1.0000 -0.0028 0.0045 0.0217 0.0028 1.0000 -0.0029 -0.0056 -0.0045 0.0029 1.0000 -0.9225
1.0000 -0.0021 0.0029 0.0117 0.0021 1.0000 -0.0011 0.0055 -0.0029 0.0011 1.0000 -0.9512
1.0000 0.0000 0.0044 0.0051 -0.0000 1.0000 -0.0005 0.0104 -0.0044 0.0005 1.0000 -0.9333
1.0000 0.0062 0.0015 -0.0226 -0.0062 1.0000 -0.0034 0.0128 -0.0015 0.0034 1.0000 -0.9369
1.0000 0.0002 0.0019 0.0099 -0.0002 1.0000 -0.0005 0.0103 -0.0019 0.0005 1.0000 -0.9274
1.0000 0.0028 0.0025 0.0098 -0.0028 1.0000 0.0046 -0.0004 -0.0025 -0.0046 1.0000 -0.9269
1.0000 -0.0014 -0.0012 0.0027 0.0014 1.0000 0.0054 0.0058 0.0012 -0.0054 1.0000 -0.8858
1.0000 -0.0005 0.0018 0.0229 0.0005 1.0000 0.0005 -0.0175 -0.0019 -0.0005 1.0000 -0.9524
1.0000 0.0032 -0.0011 0.0078 -0.0032 1.0000 -0.0008 0.0115 0.0011 0.0008 1.0000 -0.9434
