0.9999 0.0010 0.0154 0.0039 -0.0010 1.0000 -0.0004 -0.0106 -0.0154 0.0004 0.9999 0.1159
0.9998 0.0022 0.0209 0.0070 -0.0022 1.0000 0.0007 0.0098 -0.0209 -0.0007 0.9998 0.1542
0.9996 0.0015 0.0271 0.0107 -0.0015 1.0000 0.0015 -0.0046 -0.0271 -0.0016 0.9996 0.1547
0.9994 -0.0004 0.0332 0.0273 0.0003 1.0000 0.0020 -0.0046 -0.0332 -0.0020 0.9994 0.1948
0.9993 -0.0027 0.0377 0.0334 0.0027 1.0000 0.0022 0.0090 -0.0377 -0.0021 0.9993 0.2051
0.9992 -0.0022 0.0402 0.0360 0.0022 1.0000 0.0012 -0.0081 -0.0402 -0.0011 0.9992 0.1975
0.9990 0.0002 0.0442 0.0315 -0.0002 1.0000 0.0010 0.0017 -0.0442 -0.0010 0.9990 0.2302
0.9988 0.0010 0.0491 0.0288 -0.0012 1.0000 0.0031 0.0192 -0.0491 -0.0032 0.9988 0.2230
0.9988 -0.0020 0.0493 0.0422 0.0017 1.0000 0.0066 0.0072 -0.0493 -0.0066 0.9988 0.2686
0.9987 -0.0069 0.0497 0.0564 0.0065 0.9999 0.0083 -0.0191 -0.0498 -0.0080 0.9987 0.2395
0.9985 -0.0040 0.0545 0.0525 0.0038 1.0000 0.0049 -0.0013 -0.0546 -0.0047 0.9985 0.2697
0.9984 -0.0000 0.0572 0.0432 -0.0002 1.0000 0.0037 0.0010 -0.0572 -0.0037 0.9984 0.3002
0.9983 -0.0004 0.0579 0.0475 0.0001 1.0000 0.0039 0.0076 -0.0579 -0.0039 0.9983 0.2802
0.9982 -0.0033 0.0591 0.0547 0.0030 1.0000 0.0044 -0.0068 -0.0591 -0.0042 0.9982 0.3136
0.9981 -0.0045 0.0616 0.0463 0.0043 1.0000 0.0044 -0.0015 -0.0616 -0.0042 0.9981 0.3096
0.9983 -0.0028 0.0590 0.0656 0.0026 1.0000 0.0022 0.0006 -0.0591 -0.0021 0.9983 0.3309
0.9983 -0.0034 0.0582 0.0498 0.0033 1.0000 0.0015 -0.0142 -0.0582 -0.0013 0.9983 0.3606
0.9983 -0.0010 0.0578 0.0543 0.0010 1.0000 0.0008 0.0025 -0.0578 -0.0008 0.9983 0.3577
0.9984 0.0012 0.0559 0.0464 -0.0013 1.0000 0.0014 0.0128 -0.0559 -0.0015 0.9984 0.4033
0.9986 0.0000 0.0525 0.0359 -0.0001 1.0000 0.0010 -0.0035 -0.0525 -0.0010 0.9986 0.4012
0.9988 -0.0007 0.0487 0.0419 0.0007 1.0000 0.0012 0.0001 -0.0487 -0.0011 0.9988 0.4352
0.9990 -0.0001 0.0454 0.0427 0.0001 1.0000 0.0011 0.0029 -0.0454 -0.0011 0.9990 0.4438
0.9991 0.0006 0.0421 0.0177 -0.0006 1.0000 0.0003 0.0023 -0.0421 -0.0004 0.9991 0.4778
0.9992 -0.0013 0.0403 0.0451 0.0013 1.0000 -0.0009 0.0098 -0.0403 0.0009 0.9992 0.4912
0.9993 -0.0028 0.0370 0.0353 0.0029 1.0000 -0.0015 -0.0154 -0.0370 0.0016 0.9993 0.5286
0.9995 -0.0034 0.0319 0.0274 0.0035 1.0000 -0.0025 -0.0017 -0.0319 0.0027 0.9995 0.5518
0.9996 -0.0016 0.0269 0.0280 0.0016 1.0000 -0.0025 0.0007 -0.0269 0.0025 0.9996 0.5780
0.9998 -0.0017 0.0216 0.0239 0.0018 1.0000 -0.0011 0.0034 -0.0216 0.0011 0.9998 0.6025
0.9999 -0.0003 0.0153 0.0173 0.0003 1.0000 -0.0000 0.0051 -0.0153 0.0000 0.9999 0.6157
0.9999 -0.0010 0.0121 0.0237 0.0010 1.0000 0.0002 -0.0107 -0.0121 -0.0002 0.9999 0.6510
0.9999 0.0009 0.0108 0.0087 -0.0009 1.0000 0.0014 0.0041 -0.0108 -0.0015 0.9999 0.6758
0.9999 0.0002 0.0111 0.0022 -0.0003 1.0000 0.0017 -0.0007 -0.0111 -0.0017 0.9999 0.6987
0.9999 0.0002 0.0110 0.0012 -0.0002 1.0000 0.0015 0.0006 -0.0110 -0.0015 0.9999 0.7237
0.9999 0.0003 0.0100 -0.0079 -0.0003 1.0000 0.0016 -0.0154 -0.0100 -0.0016 0.9999 0.7482
0.9999 -0.0008 0.0104 0.0123 0.0008 1.0000 0.0013 -0.0006 -0.0104 -0.0013 0.9999 0.7726
0.9999 0.0002 0.0101 0.0049 -0.0002 1.0000 0.0010 -0.0151 -0.0101 -0.0010 1.0000 0.7842
1.0000 0.0002 0.0098 0.0078 -0.0002 1.0000 0.0022 -0.0015 -0.0098 -0.0022 0.9999 0.7801
0.9999 0.0008 0.0107 -0.0091 -0.0008 1.0000 0.0024 -0.0127 -0.0107 -0.0024 0.9999 0.8122
0.9999 -0.0004 0.0129 0.0075 0.0004 1.0000 0.0039 -0.0186 -0.0129 -0.0039 0.9999 0.8171
0.9999 -0.0001 0.0130 0.0111 0.0001 1.0000 0.0025 -0.0189 -0.0130 -0.0025 0.9999 0.8147
0.9999 -0.0005 0.0144 0.0187 0.0005 1.0000 0.0011 -0.0129 -0.0144 -0.0010 0.9999 0.8240
0.9999 0.0006 0.0142 0.0050 -0.0006 1.0000 -0.0005 -0.0100 -0.0142 0.0005 0.9999 0.8126
0.9999 -0.0001 0.0167 0.0106 0.0001 1.0000 -0.0002 -0.0174 -0.0167 0.0002 0.9999 0.8158
0.9998 0.0014 0.0210 0.0067 -0.0013 1.0000 -0.0009 -0.0097 -0.0210 0.0009 0.9998 0.8281
0.9997 0.0030 0.0252 0.0097 -0.0029 1.0000 -0.0010 -0.0069 -0.0252 0.0009 0.9997 0.8191
0.9995 0.0013 0.0304 0.0239 -0.0014 1.0000 0.0008 0.0006 -0.0304 -0.0008 0.9995 0.8301
0.9994 0.0006 0.0346 0.0147 -0.0006 1.0000 -0.0005 -0.0113 -0.0346 0.0005 0.9994 0.8530
0.9994 0.0001 0.0335 0.0282 -0.0001 1.0000 0.0004 -0.0167 -0.0335 -0.0004 0.9994 0.8403
0.9994 -0.0003 0.0350 0.0230 0.0002 1.0000 0.0005 -0.0101 -0.0350 -0.0005 0.9994 0.8536
0.9995 0.0011 0.0317 0.0247 -0.0011 1.0000 -0.0015 -0.0225 -0.0317 0.0014 0.9995 0.8255
0.9995 0.0009 0.0329 0.0275 -0.0009 1.0000 -0.0020 0.0100 -0.0329 0.0020 0.9995 0.8619
0.9994 -0.0048 0.0338 0.0156 0.0049 1.0000 -0.0024 -0.0150 -0.0338 0.0026 0.9994 0.8465
0.9995 -0.0033 0.0309 0.0276 0.0033 1.0000 -0.0025 -0.0041 -0.0309 0.0026 0.9995 0.8614
0.9995 -0.0062 0.0321 0.0344 0.0064 1.0000 -0.0039 -0.0069 -0.0320 0.0041 0.9995 0.8523
0.9996 -0.0058 0.0279 0.0170 0.0059 1.0000 -0.0036 -0.0115 -0.0279 0.0037 0.9996 0.8473
0.9995 -0.0090 0.0288 0.0394 0.0092 1.0000 -0.0036 -0.0062 -0.0287 0.0039 0.9996 0.8433
0.9996 -0.0064 0.0289 0.0260 0.0066 1.0000 -0.0068 -0.0178 -0.0288 0.0070 0.9996 0.8458
0.9997 -0.0026 0.0259 0.0439 0.0029 0.9999 -0.0125 -0.0182 -0.0259 0.0125 0.9996 0.8277
0.9997 -0.0004 0.0261 0.0171 0.0009 0.9999 -0.0171 -0.0048 -0.0261 0.0171 0.9995 0.8205
0.9996 0.0014 0.0289 0.0343 -0.0009 0.9999 -0.0152 0.0010 -0.0289 0.0152 0.9995 0.8156
0.9997 -0.0019 0.0260 0.0257 0.0021 1.0000 -0.0085 -0.0054 -0.0260 0.0085 0.9996 0.8156
0.9996 -0.0024 0.0272 0.0251 0.0025 1.0000 -0.0029 -0.0117 -0.0272 0.0030 0.9996 0.8242
0.9997 -0.0012 0.0244 0.0199 0.0011 1.0000 0.0021 0.0014 -0.0244 -0.0021 0.9997 0.8082
0.9997 -0.0023 0.0226 0.0197 0.0021 1.0000 0.0058 -0.0078 -0.0226 -0.0058 0.9997 0.8245
0.9998 -0.0060 0.0215 0.0234 0.0059 1.0000 0.0056 -0.0160 -0.0215 -0.0055 0.9998 0.8257
0.9999 -0.0021 0.0145 0.0121 0.0021 1.0000 0.0008 -0.0152 -0.0145 -0.0008 0.9999 0.8061
0.9999 -0.0034 0.0108 0.0181 0.0034 1.0000 -0.0003 0.0206 -0.0108 0.0003 0.9999 0.8092
0.9999 -0.0009 0.0118 0.0066 0.0009 1.0000 -0.0017 -0.0062 -0.0118 0.0017 0.9999 0.7989
0.9999 0.0056 0.0109 0.0030 -0.0055 1.0000 -0.0018 -0.0050 -0.0109 0.0018 0.9999 0.7714
0.9999 -0.0004 0.0141 0.0083 0.0004 1.0000 0.0011 0.0123 -0.0141 -0.0011 0.9999 0.8017
1.0000 -0.0012 0.0091 0.0006 0.0012 1.0000 -0.0001 -0.0096 -0.0091 0.0002 1.0000 0.8049
1.0000 -0.0021 0.0087 0.0131 0.0021 1.0000 -0.0012 -0.0208 -0.0087 0.0012 1.0000 0.8094
1.0000 -0.0008 0.0061 0.0092 0.0009 1.0000 -0.0025 0.0052 -0.0061 0.0025 1.0000 0.8075
1.0000 0.0005 -0.0025 -0.0036 -0.0005 1.0000 -0.0016 0.0001 0.0025 0.0016 1.0000 0.8415
1.0000 -0.0019 -0.0035 -0.0008 0.0019 1.0000 0.0011 -0.0033 0.0035 -0.0011 1.0000 0.8593
1.0000 0.0007 -0.0059 -0.0017 -0.0007 1.0000 0.0007 0.0001 0.0059 -0.0007 1.0000 0.8685
1.0000 0.0012 -0.0099 -0.0154 -0.0012 1.0000 0.0003 -0.0002 0.0099 -0.0003 1.0000 0.9142
1.0000 0.0012 -0.0078 -0.0096 -0.0012 1.0000 0.0004 -0.0130 0.0078 -0.0004 1.0000 0.8981
1.0000 0.0010 -0.0070 -0.0134 -0.0010 1.0000 0.0005 -0.0077 0.0070 -0.0005 1.0000 0.9225
1.0000 0.0015 -0.0063 -0.0175 -0.0015 1.0000 0.0004 -0.0067 0.0063 -0.0004 1.0000 0.9335
1.0000 0.0046 -0.0048 -0.0285 -0.0046 1.0000 -0.0007 -0.0071 0.0048 0.0007 1.0000 1.0403
1.0000 0.0004 -0.0005 -0.0085 -0.0004 1.0000 0.0006 -0.0044 0.0005 -0.0006 1.0000 0.9725
1.0000 0.0010 0.0011 -0.0104 -0.0010 1.0000 0.0010 -0.0048 -0.0011 -0.0010 1.0000 0.9884
1.0000 0.0002 0.0016 0.0003 -0.0002 1.0000 0.0006 -0.0047 -0.0016 -0.0006 1.0000 0.9889
1.0000 0.0003 -0.0004 -0.0003 -0.0003 1.0000 0.0006 -0.0095 0.0004 -0.0006 1.0000 1.0173
1.0000 0.0003 0.0000 -0.0078 -0.0003 1.0000 0.0005 -0.0064 -0.0000 -0.0005 1.0000 1.0183
1.0000 -0.0009 0.0011 0.0393 0.0009 1.0000 0.0012 0.0190 -0.0011 -0.0012 1.0000 1.0432
1.0000 0.0010 -0.0007 -0.0053 -0.0010 1.0000 0.0006 -0.0064 0.0007 -0.0006 1.0000 1.0372
1.0000 0.0004 0.0019 -0.0017 -0.0004 1.0000 0.0008 -0.0119 -0.0019 -0.0008 1.0000 1.0035
1.0000 0.0005 -0.0009 -0.0107 -0.0005 1.0000 -0.0006 -0.0079 0.0009 0.0006 1.0000 1.0327
1.0000 0.0005 -0.0010 -0.0062 -0.0005 1.0000 0.0012 -0.0155 0.0010 -0.0012 1.0000 1.0240
1.0000 -0.0001 -0.0008 -0.0045 0.0001 1.0000 0.0018 -0.0090 0.0008 -0.0018 1.0000 0.9941
1.0000 0.0004 -0.0045 -0.0126 -0.0004 1.0000 0.0009 -0.0137 0.0045 -0.0009 1.0000 1.0369
1.0000 0.0003 -0.0023 -0.0370 -0.0003 1.0000 0.0017 -0.0124 0.0023 -0.0017 1.0000 0.8716
1.0000 0.0001 -0.0008 -0.0033 -0.0001 1.0000 -0.0003 -0.0079 0.0008 0.0003 1.0000 1.0122
1.0000 0.0005 -0.0012 -0.0106 -0.0005 1.0000 -0.0005 -0.0128 0.0012 0.0005 1.0000 1.0122
1.0000 0.0006 0.0024 0.0078 -0.0006 1.0000 -0.0006 -0.0099 -0.0024 0.0006 1.0000 0.9832
1.0000 0.0007 0.0025 0.0004 -0.0007 1.0000 -0.0006 -0.0202 -0.0025 0.0006 1.0000 1.0059
1.0000 0.0015 0.0050 -0.0064 -0.0015 1.0000 -0.0006 -0.0063 -0.0050 0.0006 1.0000 0.9936
1.0000 -0.0006 0.0074 0.0010 0.0005 1.0000 0.0015 -0.0244 -0.0074 -0.0015 1.0000 0.9870
1.0000 -0.0019 0.0055 0.0031 0.0019 1.0000 0.0047 -0.0338 -0.0055 -0.0047 1.0000 1.0119
1.0000 0.0017 0.0078 -0.0097 -0.0017 1.0000 0.0007 -0.0084 -0.0078 -0.0007 1.0000 0.9824
1.0000 -0.0015 0.0051 -0.0132 0.0015 1.0000 -0.0010 -0.0233 -0.0051 0.0010 1.0000 1.0130
1.0000 -0.0001 0.0063 0.0036 0.0001 1.0000 -0.0009 -0.0119 -0.0063 0.0009 1.0000 0.9808
1.0000 0.0025 0.0070 0.0160 -0.0024 1.0000 -0.0015 -0.0288 -0.0070 0.0015 1.0000 0.9388
1.0000 0.0008 0.0038 -0.0080 -0.0008 1.0000 -0.0003 -0.0180 -0.0038 0.0003 1.0000 0.9820
1.0000 0.0002 0.0042 -0.0012 -0.0002 1.0000 0.0012 -0.0116 -0.0042 -0.0012 1.0000 0.9712
1.0000 -0.0015 0.0039 -0.0000 0.0015 1.0000 0.0087 -0.0226 -0.0039 -0.0087 1.0000 0.9612
1.0000 -0.0004 0.0014 0.0062 0.0004 1.0000 0.0083 -0.0016 -0.0014 -0.0083 1.0000 1.0064
1.0000 -0.0006 0.0028 0.0039 0.0006 1.0000 0.0025 -0.0062 -0.0028 -0.0025 1.0000 0.9540
1.0000 0.0005 0.0009 -0.0011 -0.0005 1.0000 -0.0042 -0.0263 -0.0009 0.0042 1.0000 0.9550
1.0000 0.0004 0.0010 -0.0016 -0.0004 1.0000 -0.0053 -0.0179 -0.0010 0.0053 1.0000 0.9409
1.0000 -0.0042 0.0016 0.0138 0.0042 1.0000 -0.0025 -0.0188 -0.0016 0.0025 1.0000 0.9341
1.0000 -0.0025 -0.0010 0.0073 0.0025 1.0000 0.0010 -0.0138 0.0010 -0.0010 1.0000 0.9665
1.0000 0.0017 -0.0004 -0.0035 -0.0017 1.0000 0.0017 -0.0100 0.0004 -0.0017 1.0000 0.9517
1.0000 0.0020 0.0001 -0.0037 -0.0020 1.0000 0.0039 -0.0174 -0.0001 -0.0039 1.0000 0.9423
1.0000 0.0027 -0.0017 -0.0114 -0.0027 1.0000 0.0049 -0.0301 0.0017 -0.0049 1.0000 0.9563
1.0000 0.0084 0.0007 -0.0111 -0.0084 1.0000 0.0018 -0.0280 -0.0006 -0.0018 1.0000 0.9287
1.0000 0.0065 -0.0031 -0.0299 -0.0065 1.0000 0.0002 -0.0124 0.0031 -0.0002 1.0000 0.9544
1.0000 -0.0032 -0.0035 0.0210 0.0032 1.0000 0.0007 -0.0272 0.0035 -0.0007 1.0000 0.9587
1.0000 -0.0037 -0.0019 0.0046 0.0037 1.0000 -0.0010 -0.0286 0.0019 0.0009 1.0000 0.9314
1.0000 -0.0021 -0.0068 -0.0096 0.0021 1.0000 -0.0009 -0.0080 0.0069 0.0008 1.0000 0.9395
0.9999 -0.0052 -0.0090 -0.0052 0.0052 1.0000 0.0011 -0.0107 0.0090 -0.0012 1.0000 0.9348
0.9999 -0.0084 -0.0073 0.0169 0.0084 1.0000 0.0005 -0.0096 0.0073 -0.0005 1.0000 0.9214
0.9999 0.0021 -0.0133 -0.0221 -0.0021 1.0000 0.0003 -0.0269 0.0133 -0.0003 0.9999 0.9332
0.9999 0.0020 -0.0115 -0.0156 -0.0019 1.0000 0.0019 -0.0056 0.0115 -0.0018 0.9999 0.9284
0.9999 -0.0017 -0.0144 -0.0303 0.0018 1.0000 0.0034 -0.0122 0.0144 -0.0034 0.9999 0.9376
0.9999 0.0033 -0.0127 -0.0221 -0.0033 1.0000 0.0013 -0.0384 0.0127 -0.0012 0.9999 0.9427
0.9999 0.0002 -0.0127 -0.0092 -0.0002 1.0000 0.0010 0.0016 0.0127 -0.0010 0.9999 0.9306
0.9999 0.0002 -0.0141 -0.0125 -0.0002 1.0000 -0.0000 -0.0114 0.0141 0.0000 0.9999 0.9217
0.9999 0.0000 -0.0134 -0.0101 -0.0001 1.0000 -0.0033 -0.0105 0.0134 0.0033 0.9999 0.9118
0.9999 -0.0007 -0.0117 -0.0078 0.0006 1.0000 -0.0062 -0.0092 0.0117 0.0061 0.9999 0.9152
0.9999 0.0008 -0.0148 -0.0194 -0.0008 1.0000 -0.0040 -0.0119 0.0148 0.0040 0.9999 0.9014
0.9999 -0.0002 -0.0126 -0.0147 0.0003 1.0000 0.0013 -0.0065 0.0126 -0.0013 0.9999 0.9235
0.9999 0.0005 -0.0139 -0.0120 -0.0005 1.0000 0.0026 -0.0128 0.0139 -0.0026 0.9999 0.9149
0.9999 0.0026 -0.0102 -0.0163 -0.0026 1.0000 -0.0016 -0.0127 0.0102 0.0016 0.9999 0.8968
1.0000 0.0046 -0.0066 -0.0144 -0.0047 1.0000 -0.0054 -0.0058 0.0066 0.0055 1.0000 0.9051
1.0000 0.0038 -0.0071 -0.0121 -0.0039 1.0000 -0.0078 -0.0063 0.0070 0.0078 0.9999 0.9007
1.0000 0.0026 -0.0039 -0.0074 -0.0026 1.0000 -0.0031 -0.0092 0.0039 0.0031 1.0000 0.9091
1.0000 -0.0001 -0.0039 -0.0089 0.0001 1.0000 0.0002 -0.0017 0.0039 -0.0002 1.0000 0.8921
1.0000 0.0003 -0.0061 -0.0100 -0.0003 1.0000 0.0000 -0.0136 0.0061 -0.0000 1.0000 0.9020
1.0000 -0.0007 -0.0051 -0.0061 0.0007 1.0000 0.0023 -0.0016 0.0051 -0.0023 1.0000 0.8859
1.0000 0.0012 -0.0063 -0.0166 -0.0012 1.0000 0.0020 -0.0215 0.0063 -0.0020 1.0000 0.9103
1.0000 0.0008 -0.0058 -0.0128 -0.0007 1.0000 0.0019 -0.0175 0.0058 -0.0019 1.0000 0.9018
1.0000 0.0045 -0.0062 -0.0164 -0.0045 1.0000 -0.0005 -0.0115 0.0062 0.0006 1.0000 0.8768
1.0000 0.0016 -0.0081 -0.0164 -0.0016 1.0000 0.0004 -0.0026 0.0081 -0.0003 1.0000 0.9098
1.0000 -0.0016 -0.0070 -0.0021 0.0016 1.0000 -0.0026 -0.0184 0.0071 0.0026 1.0000 0.8845
1.0000 -0.0007 -0.0064 0.0755 0.0007 1.0000 -0.0027 -0.0313 0.0064 0.0027 1.0000 0.8734
1.0000 0.0008 -0.0077 -0.0125 -0.0008 1.0000 0.0008 0.0012 0.0077 -0.0008 1.0000 0.8974
1.0000 -0.0047 -0.0058 0.0010 0.0047 1.0000 0.0041 0.0070 0.0058 -0.0041 1.0000 0.8776
1.0000 -0.0010 -0.0082 -0.0107 0.0010 1.0000 0.0018 -0.0085 0.0082 -0.0018 1.0000 0.8994
1.0000 0.0021 -0.0069 -0.0196 -0.0022 1.0000 -0.0038 -0.0072 0.0069 0.0038 1.0000 0.8861
1.0000 -0.0014 -0.0066 -0.0113 0.0014 1.0000 0.0001 0.0093 0.0066 -0.0001 1.0000 0.8934
1.0000 -0.0005 -0.0073 -0.0062 0.0005 1.0000 -0.0002 -0.0121 0.0073 0.0002 1.0000 0.8918
1.0000 0.0003 -0.0067 -0.0126 -0.0002 1.0000 0.0007 -0.0108 0.0067 -0.0007 1.0000 0.8976
1.0000 -0.0015 -0.0089 -0.0023 0.0015 1.0000 0.0010 -0.0012 0.0089 -0.0010 1.0000 0.8898
1.0000 -0.0004 -0.0077 -0.0051 0.0004 1.0000 0.0003 -0.0115 0.0077 -0.0003 1.0000 0.8896
1.0000 -0.0013 -0.0066 -0.0089 0.0013 1.0000 0.0001 -0.0151 0.0066 -0.0001 1.0000 0.9022
1.0000 0.0020 -0.0072 -0.0179 -0.0020 1.0000 -0.0001 -0.0049 0.0072 0.0001 1.0000 0.8785
1.0000 0.0002 -0.0058 -0.0176 -0.0002 1.0000 0.0005 -0.0043 0.0058 -0.0005 1.0000 0.8870
1.0000 -0.0018 -0.0043 -0.0042 0.0018 1.0000 0.0006 -0.0166 0.0043 -0.0006 1.0000 0.8909
1.0000 0.0003 -0.0046 -0.0025 -0.0003 1.0000 0.0007 -0.0168 0.0046 -0.0007 1.0000 0.8643
1.0000 0.0006 -0.0045 -0.0136 -0.0006 1.0000 -0.0007 -0.0151 0.0045 0.0008 1.0000 0.9045
1.0000 0.0004 -0.0018 -0.0290 -0.0004 1.0000 0.0030 -0.0289 0.0018 -0.0030 1.0000 0.8224
1.0000 -0.0062 -0.0053 0.0050 0.0062 1.0000 0.0019 -0.0213 0.0052 -0.0020 1.0000 0.8881
1.0000 -0.0062 -0.0040 -0.0010 0.0062 1.0000 0.0012 -0.0242 0.0040 -0.0012 1.0000 0.8832
1.0000 0.0032 -0.0049 -0.0273 -0.0032 1.0000 -0.0019 -0.0052 0.0049 0.0019 1.0000 0.8622
1.0000 0.0059 -0.0037 0.0196 -0.0059 1.0000 -0.0014 -0.0140 0.0037 0.0015 1.0000 0.8632
1.0000 0.0034 -0.0065 0.0499 -0.0034 1.0000 -0.0032 0.0022 0.0065 0.0032 1.0000 0.8642
1.0000 0.0010 -0.0034 -0.0081 -0.0010 1.0000 0.0000 -0.0103 0.0034 -0.0000 1.0000 0.8771
1.0000 -0.0003 -0.0007 0.0247 0.0003 1.0000 0.0040 -0.0014 0.0007 -0.0040 1.0000 0.8647
1.0000 0.0033 -0.0020 -0.0057 -0.0033 1.0000 0.0055 -0.0056 0.0020 -0.0055 1.0000 0.8681
1.0000 -0.0005 -0.0006 -0.0031 0.0005 1.0000 0.0022 -0.0012 0.0006 -0.0022 1.0000 0.8781
1.0000 0.0013 0.0000 0.0026 -0.0013 1.0000 -0.0040 -0.0171 -0.0000 0.0040 1.0000 0.8827
1.0000 0.0000 -0.0017 0.0008 -0.0001 1.0000 -0.0013 0.0022 0.0017 0.0013 1.0000 0.8552
1.0000 0.0007 0.0004 -0.0073 -0.0007 1.0000 -0.0003 -0.0070 -0.0004 0.0003 1.0000 0.8686
1.0000 0.0012 -0.0008 -0.0146 -0.0012 1.0000 0.0002 -0.0002 0.0008 -0.0002 1.0000 0.8705
1.0000 -0.0025 -0.0019 -0.0007 0.0025 1.0000 0.0007 -0.0108 0.0019 -0.0007 1.0000 0.8579
1.0000 0.0012 0.0001 0.0005 -0.0012 1.0000 -0.0022 -0.0075 -0.0001 0.0022 1.0000 0.8671
1.0000 0.0044 -0.0009 -0.0343 -0.0044 1.0000 -0.0039 -0.0022 0.0009 0.0039 1.0000 0.8450
1.0000 0.0027 -0.0001 -0.0170 -0.0027 1.0000 -0.0020 -0.0206 0.0001 0.0020 1.0000 0.8516
1.0000 0.0002 0.0003 -0.0022 -0.0002 1.0000 -0.0006 -0.0260 -0.0003 0.0006 1.0000 0.8443
1.0000 -0.0018 -0.0011 0.0000 0.0018 1.0000 -0.0003 -0.0106 0.0011 0.0003 1.0000 0.8463
1.0000 -0.0003 -0.0009 -0.0017 0.0003 1.0000 0.0003 0.0090 0.0009 -0.0003 1.0000 0.8339
1.0000 -0.0064 -0.0034 -0.0136 0.0064 1.0000 0.0006 -0.0473 0.0034 -0.0006 1.0000 0.8262
1.0000 -0.0042 -0.0032 0.0040 0.0042 1.0000 0.0036 -0.0140 0.0032 -0.0036 1.0000 0.8330
1.0000 -0.0027 -0.0004 0.0115 0.0027 1.0000 0.0061 -0.0083 0.0004 -0.0061 1.0000 0.8384
1.0000 -0.0009 -0.0045 -0.0041 0.0009 1.0000 0.0011 -0.0177 0.0045 -0.0011 1.0000 0.8274
1.0000 0.0056 -0.0022 0.0323 -0.0056 1.0000 -0.0014 0.0062 0.0022 0.0014 1.0000 0.7819
1.0000 -0.0001 -0.0057 0.0072 0.0001 1.0000 0.0005 0.0135 0.0057 -0.0005 1.0000 0.7884
1.0000 0.0023 -0.0087 -0.0008 -0.0023 1.0000 -0.0004 -0.0085 0.0087 0.0004 1.0000 0.8101
0.9999 -0.0077 -0.0085 0.0159 0.0077 1.0000 0.0022 -0.0028 0.0085 -0.0023 1.0000 0.7969
0.9992 -0.0205 -0.0333 -0.0074 0.0202 0.9998 -0.0097 -0.0318 0.0335 0.0090 0.9994 0.3807
0.9999 0.0066 -0.0138 -0.0053 -0.0066 1.0000 -0.0009 -0.0172 0.0138 0.0010 0.9999 0.7619
0.9999 -0.0023 -0.0142 -0.0090 0.0023 1.0000 -0.0004 -0.0058 0.0142 0.0004 0.9999 0.7987
0.9999 0.0016 -0.0137 -0.0142 -0.0016 1.0000 0.0006 -0.0227 0.0137 -0.0006 0.9999 0.7893
0.9999 -0.0076 -0.0133 -0.0019 0.0076 1.0000 -0.0027 -0.0055 0.0133 0.0026 0.9999 0.7815
0.9998 0.0131 -0.0131 -0.0252 -0.0131 0.9999 -0.0064 -0.0291 0.0130 0.0066 0.9999 0.7637
0.9999 0.0023 -0.0140 -0.0102 -0.0024 1.0000 -0.0097 -0.0260 0.0140 0.0097 0.9999 0.7928
0.9998 -0.0133 -0.0130 -0.0186 0.0132 0.9999 -0.0052 -0.0281 0.0130 0.0050 0.9999 0.7574
0.9999 0.0069 -0.0124 -0.0147 -0.0070 1.0000 -0.0007 0.0077 0.0124 0.0008 0.9999 0.7525
0.9999 0.0012 -0.0118 -0.0216 -0.0011 1.0000 0.0033 -0.0181 0.0118 -0.0033 0.9999 0.7502
0.9999 0.0134 -0.0111 -0.0254 -0.0134 0.9999 0.0000 0.0086 0.0111 0.0001 0.9999 0.7631
0.9999 0.0095 -0.0086 -0.0296 -0.0096 0.9999 -0.0042 -0.0595 0.0086 0.0043 1.0000 0.7596
0.9998 0.0180 -0.0064 -0.0159 -0.0181 0.9998 -0.0059 -0.0085 0.0063 0.0061 1.0000 0.7388
1.0000 0.0012 -0.0032 -0.0104 -0.0012 1.0000 -0.0020 -0.0098 0.0032 0.0020 1.0000 0.7375
1.0000 0.0034 -0.0001 -0.0070 -0.0034 1.0000 0.0041 0.0013 0.0001 -0.0041 1.0000 0.7627
1.0000 0.0028 0.0018 -0.0036 -0.0028 1.0000 0.0047 -0.0191 -0.0018 -0.0047 1.0000 0.7496
1.0000 0.0027 0.0033 -0.0006 -0.0027 1.0000 0.0031 -0.0075 -0.0032 -0.0031 1.0000 0.7585
1.0000 -0.0079 0.0033 0.0146 0.0079 1.0000 0.0001 0.0001 -0.0033 -0.0001 1.0000 0.7501
1.0000 -0.0015 0.0038 0.0034 0.0015 1.0000 0.0004 -0.0048 -0.0038 -0.0004 1.0000 0.7425
1.0000 -0.0013 0.0042 0.0046 0.0013 1.0000 0.0004 -0.0036 -0.0042 -0.0004 1.0000 0.7544
1.0000 0.0012 0.0056 0.0016 -0.0012 1.0000 0.0007 -0.0170 -0.0056 -0.0007 1.0000 0.7395
1.0000 -0.0007 0.0056 0.0044 0.0007 1.0000 0.0006 0.0006 -0.0056 -0.0006 1.0000 0.7429
1.0000 -0.0003 0.0054 0.0102 0.0003 1.0000 -0.0001 0.0022 -0.0054 0.0001 1.0000 0.7421
1.0000 -0.0022 0.0047 0.0130 0.0022 1.0000 0.0013 -0.0287 -0.0047 -0.0013 1.0000 0.7294
0.9995 -0.0318 0.0035 0.0397 0.0318 0.9995 0.0032 0.0973 -0.0036 -0.0031 1.0000 0.7464
1.0000 0.0004 0.0047 0.0038 -0.0004 1.0000 -0.0001 -0.0096 -0.0047 0.0001 1.0000 0.7364
1.0000 0.0035 0.0032 -0.0026 -0.0035 1.0000 -0.0000 -0.0064 -0.0032 -0.0000 1.0000 0.6994
1.0000 0.0004 -0.0002 -0.0026 -0.0004 1.0000 -0.0001 -0.0034 0.0002 0.0001 1.0000 0.7161
1.0000 0.0033 -0.0004 -0.0019 -0.0033 1.0000 0.0016 -0.0341 0.0004 -0.0016 1.0000 0.7098
1.0000 -0.0034 -0.0040 0.0101 0.0034 1.0000 0.0024 -0.0032 0.0040 -0.0025 1.0000 0.7076
1.0000 -0.0073 -0.0076 -0.0025 0.0073 1.0000 -0.0005 -0.0084 0.0076 0.0004 1.0000 0.7510
0.9999 -0.0018 -0.0099 -0.0115 0.0019 1.0000 0.0006 -0.0078 0.0099 -0.0006 1.0000 0.6802
0.9999 -0.0015 -0.0143 -0.0029 0.0015 1.0000 -0.0001 -0.0068 0.0143 0.0000 0.9999 0.7026
0.9999 0.0034 -0.0150 -0.0133 -0.0034 1.0000 0.0004 0.0017 0.0150 -0.0003 0.9999 0.6853
0.9999 0.0031 -0.0153 -0.0268 -0.0031 1.0000 0.0050 -0.0029 0.0153 -0.0050 0.9999 0.6913
0.9998 0.0017 -0.0171 -0.0186 -0.0016 1.0000 0.0068 -0.0119 0.0171 -0.0068 0.9998 0.6917
0.9998 -0.0027 -0.0174 -0.0158 0.0028 1.0000 0.0071 -0.0039 0.0174 -0.0072 0.9998 0.6719
0.9998 0.0005 -0.0176 -0.0190 -0.0004 1.0000 0.0070 -0.0105 0.0176 -0.0070 0.9998 0.6778
0.9999 0.0008 -0.0164 -0.0172 -0.0007 1.0000 0.0066 -0.0048 0.0165 -0.0066 0.9998 0.6560
0.9998 0.0036 -0.0182 -0.0184 -0.0036 1.0000 0.0004 -0.0156 0.0182 -0.0003 0.9998 0.6759
0.9998 -0.0003 -0.0179 -0.0222 0.0003 1.0000 0.0007 -0.0186 0.0179 -0.0007 0.9998 0.6452
0.9998 0.0014 -0.0176 -0.0215 -0.0014 1.0000 0.0006 -0.0095 0.0176 -0.0006 0.9998 0.6536
0.9999 0.0030 -0.0168 -0.0286 -0.0030 1.0000 0.0007 -0.0055 0.0168 -0.0006 0.9999 0.6504
0.9999 0.0015 -0.0152 -0.0313 -0.0015 1.0000 0.0010 -0.0230 0.0152 -0.0010 0.9999 0.6339
0.9999 -0.0016 -0.0126 -0.0085 0.0016 1.0000 0.0010 -0.0156 0.0126 -0.0010 0.9999 0.6366
0.9999 -0.0005 -0.0112 -0.0135 0.0005 1.0000 0.0003 -0.0076 0.0112 -0.0003 0.9999 0.6439
1.0000 0.0040 -0.0093 -0.0142 -0.0040 1.0000 -0.0006 0.0057 0.0093 0.0006 1.0000 0.6138
0.9999 0.0045 -0.0093 -0.0279 -0.0045 1.0000 -0.0059 -0.0105 0.0093 0.0060 0.9999 0.6221
1.0000 -0.0012 -0.0098 -0.0132 0.0011 0.9999 -0.0118 0.0072 0.0098 0.0118 0.9999 0.6016
1.0000 -0.0032 -0.0080 -0.0062 0.0032 1.0000 -0.0056 0.0005 0.0080 0.0056 1.0000 0.6072
1.0000 0.0003 -0.0069 -0.0060 -0.0003 1.0000 0.0007 0.0050 0.0069 -0.0007 1.0000 0.6171
1.0000 0.0001 -0.0059 -0.0175 -0.0000 1.0000 0.0068 0.0092 0.0059 -0.0068 1.0000 0.6144
1.0000 0.0062 -0.0046 -0.0173 -0.0062 0.9999 0.0119 0.0014 0.0046 -0.0119 0.9999 0.6240
1.0000 -0.0006 -0.0023 -0.0090 0.0006 1.0000 0.0070 -0.0127 0.0023 -0.0070 1.0000 0.6160
1.0000 -0.0024 -0.0014 -0.0000 0.0024 1.0000 0.0008 -0.0162 0.0014 -0.0008 1.0000 0.6269
1.0000 -0.0013 -0.0005 0.0023 0.0013 1.0000 0.0003 -0.0012 0.0005 -0.0003 1.0000 0.6252
1.0000 -0.0030 -0.0007 -0.0081 0.0030 1.0000 -0.0003 -0.0082 0.0007 0.0003 1.0000 0.6316
1.0000 -0.0004 -0.0024 -0.0065 0.0005 1.0000 0.0009 0.0102 0.0024 -0.0009 1.0000 0.6311
1.0000 -0.0002 -0.0022 -0.0067 0.0002 1.0000 0.0010 -0.0055 0.0022 -0.0010 1.0000 0.6344
1.0000 -0.0014 -0.0040 -0.0042 0.0015 1.0000 0.0059 -0.0164 0.0040 -0.0059 1.0000 0.6431
1.0000 -0.0003 -0.0047 -0.0047 0.0003 1.0000 0.0012 -0.0053 0.0047 -0.0012 1.0000 0.6455
1.0000 -0.0003 -0.0058 -0.0087 0.0003 1.0000 0.0009 -0.0014 0.0058 -0.0009 1.0000 0.6404
1.0000 -0.0009 -0.0088 0.0044 0.0009 1.0000 0.0012 0.0117 0.0088 -0.0012 1.0000 0.6578
0.9999 -0.0001 -0.0100 -0.0087 0.0001 1.0000 0.0005 -0.0016 0.0100 -0.0005 1.0000 0.6498
0.9999 0.0010 -0.0118 -0.0107 -0.0010 1.0000 -0.0006 -0.0111 0.0118 0.0006 0.9999 0.6493
0.9999 0.0026 -0.0120 -0.0203 -0.0027 1.0000 -0.0047 0.0007 0.0120 0.0047 0.9999 0.6471
0.9999 0.0024 -0.0121 -0.0176 -0.0025 1.0000 -0.0031 0.0060 0.0121 0.0031 0.9999 0.6515
0.9999 0.0003 -0.0128 -0.0120 -0.0003 1.0000 0.0005 0.0013 0.0128 -0.0005 0.9999 0.6666
0.9999 0.0014 -0.0129 0.0151 -0.0014 1.0000 0.0021 -0.0137 0.0129 -0.0021 0.9999 0.6899
0.9999 0.0005 -0.0120 -0.0131 -0.0005 1.0000 0.0011 0.0025 0.0120 -0.0011 0.9999 0.6650
0.9999 0.0013 -0.0131 -0.0061 -0.0013 1.0000 0.0008 -0.0152 0.0131 -0.0007 0.9999 0.6868
0.9999 0.0032 -0.0103 -0.0372 -0.0031 1.0000 0.0013 -0.0012 0.0103 -0.0013 0.9999 0.6987
1.0000 0.0039 -0.0082 -0.0133 -0.0039 1.0000 0.0007 -0.0111 0.0082 -0.0006 1.0000 0.7037
1.0000 0.0006 -0.0048 -0.0087 -0.0006 1.0000 0.0018 0.0006 0.0048 -0.0018 1.0000 0.6947
1.0000 -0.0013 -0.0026 0.0004 0.0013 1.0000 0.0012 0.0041 0.0026 -0.0012 1.0000 0.6948
1.0000 -0.0039 -0.0007 0.0035 0.0039 1.0000 -0.0007 -0.0237 0.0007 0.0007 1.0000 0.7202
1.0000 -0.0008 0.0013 -0.0027 0.0008 1.0000 -0.0007 0.0053 -0.0013 0.0007 1.0000 0.7190
1.0000 -0.0014 0.0005 0.0004 0.0014 1.0000 -0.0012 0.0063 -0.0005 0.0012 1.0000 0.7105
1.0000 -0.0028 -0.0006 0.0192 0.0028 1.0000 0.0010 -0.0076 0.0006 -0.0010 1.0000 0.7438
1.0000 -0.0017 0.0009 -0.0050 0.0017 1.0000 0.0042 0.0065 -0.0009 -0.0042 1.0000 0.7313
1.0000 0.0006 -0.0010 -0.0070 -0.0006 1.0000 0.0033 -0.0119 0.0010 -0.0033 1.0000 0.7233
1.0000 -0.0011 -0.0002 -0.0002 0.0011 1.0000 0.0017 -0.0108 0.0002 -0.0017 1.0000 0.6966
1.0000 0.0002 0.0016 -0.0101 -0.0002 1.0000 0.0012 -0.0074 -0.0016 -0.0012 1.0000 0.7357
1.0000 0.0013 0.0004 -0.0041 -0.0013 1.0000 0.0003 -0.0062 -0.0004 -0.0003 1.0000 0.7282
1.0000 0.0023 0.0019 -0.0003 -0.0023 1.0000 -0.0002 0.0005 -0.0019 0.0002 1.0000 0.7296
1.0000 -0.0012 0.0001 0.0065 0.0012 1.0000 -0.0030 -0.0164 -0.0001 0.0030 1.0000 0.7383
1.0000 0.0010 0.0008 0.0038 -0.0010 1.0000 -0.0049 -0.0106 -0.0008 0.0049 1.0000 0.7383
1.0000 0.0007 -0.0011 0.0073 -0.0007 1.0000 -0.0005 -0.0105 0.0011 0.0005 1.0000 0.7115
1.0000 0.0009 0.0002 -0.0111 -0.0009 1.0000 0.0022 -0.0064 -0.0002 -0.0022 1.0000 0.7550
1.0000 0.0012 -0.0004 -0.0207 -0.0011 1.0000 0.0035 -0.0114 0.0004 -0.0035 1.0000 0.7388
1.0000 0.0014 0.0015 -0.0200 -0.0014 1.0000 0.0014 -0.0150 -0.0015 -0.0014 1.0000 0.7149
1.0000 0.0017 0.0043 -0.0047 -0.0017 1.0000 0.0005 -0.0179 -0.0043 -0.0005 1.0000 0.7572
1.0000 -0.0009 0.0082 0.0052 0.0009 1.0000 0.0021 -0.0165 -0.0082 -0.0021 1.0000 0.7419
1.0000 0.0010 0.0084 0.0080 -0.0010 1.0000 -0.0013 -0.0134 -0.0084 0.0013 1.0000 0.7452
0.9999 -0.0037 0.0111 0.0104 0.0037 1.0000 -0.0015 -0.0240 -0.0111 0.0016 0.9999 0.7351
0.9999 0.0013 0.0118 0.0182 -0.0013 1.0000 -0.0018 -0.0145 -0.0118 0.0018 0.9999 0.7279
0.9999 0.0017 0.0116 0.0059 -0.0017 1.0000 -0.0001 -0.0033 -0.0116 0.0001 0.9999 0.7354
0.9999 -0.0023 0.0115 0.0131 0.0022 1.0000 0.0061 -0.0058 -0.0115 -0.0060 0.9999 0.7419
1.0000 -0.0031 0.0097 0.0155 0.0030 1.0000 0.0074 -0.0164 -0.0098 -0.0073 0.9999 0.7449
1.0000 -0.0008 0.0074 0.0016 0.0007 1.0000 0.0045 -0.0165 -0.0074 -0.0045 1.0000 0.7431
1.0000 0.0039 0.0059 -0.0034 -0.0040 1.0000 0.0021 -0.0006 -0.0059 -0.0021 1.0000 0.7449
1.0000 -0.0003 0.0018 -0.0439 0.0003 1.0000 0.0004 -0.0250 -0.0018 -0.0004 1.0000 0.7789
1.0000 0.0001 0.0017 -0.0036 -0.0001 1.0000 0.0004 -0.0040 -0.0017 -0.0004 1.0000 0.7444
1.0000 0.0006 0.0019 -0.0058 -0.0006 1.0000 -0.0006 -0.0178 -0.0019 0.0006 1.0000 0.7507
1.0000 0.0029 0.0003 -0.0088 -0.0029 1.0000 -0.0013 -0.0020 -0.0003 0.0013 1.0000 0.7411
1.0000 0.0010 0.0001 -0.0117 -0.0010 1.0000 0.0009 -0.0150 -0.0001 -0.0009 1.0000 0.7658
1.0000 0.0008 -0.0008 -0.0087 -0.0008 1.0000 0.0009 -0.0016 0.0008 -0.0009 1.0000 0.7498
1.0000 -0.0004 -0.0016 -0.0064 0.0004 1.0000 0.0007 -0.0104 0.0016 -0.0007 1.0000 0.7706
1.0000 -0.0039 -0.0013 0.0043 0.0039 1.0000 0.0007 -0.0275 0.0013 -0.0007 1.0000 0.7580
1.0000 -0.0021 -0.0046 0.0058 0.0021 1.0000 0.0006 -0.0418 0.0046 -0.0007 1.0000 0.7837
1.0000 0.0027 -0.0043 -0.0119 -0.0027 1.0000 0.0014 -0.0141 0.0043 -0.0014 1.0000 0.7737
1.0000 0.0001 -0.0048 -0.0253 -0.0001 1.0000 0.0037 -0.0055 0.0048 -0.0037 1.0000 0.7564
1.0000 0.0015 -0.0052 0.0029 -0.0015 1.0000 0.0041 -0.0075 0.0052 -0.0041 1.0000 0.7857
1.0000 -0.0006 -0.0041 0.0118 0.0006 1.0000 0.0009 -0.0196 0.0041 -0.0009 1.0000 0.7967
1.0000 0.0036 -0.0033 -0.0144 -0.0036 1.0000 -0.0020 -0.0104 0.0033 0.0021 1.0000 0.7738
1.0000 0.0068 -0.0043 -0.0071 -0.0068 1.0000 -0.0042 -0.0363 0.0043 0.0042 1.0000 0.7791
1.0000 0.0033 -0.0029 -0.0256 -0.0033 1.0000 -0.0011 0.0016 0.0029 0.0011 1.0000 0.7840
1.0000 0.0001 -0.0048 -0.0041 -0.0001 1.0000 0.0008 -0.0061 0.0048 -0.0008 1.0000 0.7764
1.0000 0.0007 -0.0036 -0.0039 -0.0007 1.0000 -0.0008 -0.0136 0.0036 0.0009 1.0000 0.7855
1.0000 0.0005 -0.0034 -0.0139 -0.0005 1.0000 -0.0001 -0.0125 0.0034 0.0001 1.0000 0.7880
1.0000 -0.0008 -0.0050 -0.0092 0.0008 1.0000 0.0002 -0.0044 0.0050 -0.0002 1.0000 0.7859
1.0000 -0.0014 -0.0047 -0.0039 0.0014 1.0000 -0.0010 -0.0120 0.0047 0.0009 1.0000 0.8160
1.0000 -0.0017 -0.0045 -0.0027 0.0017 1.0000 0.0003 -0.0142 0.0045 -0.0003 1.0000 0.7866
1.0000 -0.0016 -0.0048 -0.0062 0.0016 1.0000 0.0000 -0.0105 0.0048 -0.0000 1.0000 0.7852
1.0000 0.0030 -0.0046 -0.0073 -0.0030 1.0000 -0.0010 -0.0126 0.0046 0.0010 1.0000 0.7761
1.0000 0.0010 -0.0048 -0.0117 -0.0010 1.0000 0.0003 0.0033 0.0048 -0.0003 1.0000 0.7995
1.0000 0.0020 -0.0066 -0.0249 -0.0020 1.0000 0.0008 -0.0169 0.0066 -0.0008 1.0000 0.8161
1.0000 -0.0022 -0.0043 -0.0027 0.0022 1.0000 -0.0028 -0.0123 0.0043 0.0028 1.0000 0.7822
1.0000 0.0000 -0.0044 -0.0100 -0.0000 1.0000 -0.0061 -0.0194 0.0044 0.0061 1.0000 0.7903
1.0000 -0.0006 -0.0037 -0.0168 0.0006 1.0000 -0.0044 -0.0035 0.0037 0.0044 1.0000 0.7877
1.0000 0.0049 -0.0031 -0.0140 -0.0049 1.0000 0.0021 0.0072 0.0031 -0.0021 1.0000 0.7922
1.0000 0.0019 -0.0035 -0.0122 -0.0019 0.9999 0.0101 -0.0079 0.0036 -0.0101 0.9999 0.7883
1.0000 -0.0018 -0.0025 -0.0024 0.0018 0.9999 0.0122 -0.0198 0.0025 -0.0122 0.9999 0.7990
1.0000 -0.0010 -0.0040 -0.0011 0.0011 1.0000 0.0072 -0.0032 0.0039 -0.0072 1.0000 0.7712
1.0000 -0.0022 -0.0022 0.0009 0.0022 1.0000 0.0043 -0.0214 0.0022 -0.0043 1.0000 0.7887
1.0000 -0.0012 -0.0028 -0.0060 0.0011 1.0000 -0.0034 -0.0235 0.0028 0.0034 1.0000 0.7795
1.0000 -0.0005 -0.0046 0.0053 0.0005 1.0000 -0.0064 -0.0085 0.0046 0.0064 1.0000 0.7739
1.0000 0.0019 -0.0044 -0.0013 -0.0019 1.0000 -0.0036 -0.0199 0.0044 0.0036 1.0000 0.7802
1.0000 -0.0033 -0.0037 -0.0170 0.0033 1.0000 -0.0042 -0.0239 0.0037 0.0042 1.0000 0.7712
1.0000 0.0012 -0.0062 -0.0143 -0.0012 1.0000 -0.0013 -0.0324 0.0062 0.0013 1.0000 0.8215
1.0000 -0.0011 -0.0038 -0.0170 0.0011 1.0000 -0.0001 -0.0095 0.0038 0.0001 1.0000 0.8066
1.0000 -0.0030 -0.0062 -0.0009 0.0030 1.0000 0.0029 0.0136 0.0062 -0.0029 1.0000 0.7970
1.0000 -0.0037 -0.0043 -0.0024 0.0038 1.0000 0.0052 0.0066 0.0042 -0.0052 1.0000 0.8107
1.0000 -0.0049 -0.0032 0.0198 0.0049 1.0000 0.0056 -0.0045 0.0032 -0.0056 1.0000 0.7824
1.0000 -0.0003 -0.0030 -0.0023 0.0003 1.0000 0.0057 -0.0203 0.0029 -0.0057 1.0000 0.8169
1.0000 -0.0011 -0.0029 -0.0134 0.0011 1.0000 0.0042 -0.0188 0.0029 -0.0042 1.0000 0.8403
1.0000 -0.0038 -0.0019 0.0567 0.0038 1.0000 0.0010 0.0060 0.0019 -0.0010 1.0000 0.7463
1.0000 0.0088 -0.0024 -0.0152 -0.0088 0.9999 -0.0096 -0.0131 0.0023 0.0096 0.9999 0.7930
1.0000 0.0011 0.0009 0.0059 -0.0011 0.9999 -0.0105 0.0033 -0.0009 0.0105 0.9999 0.8007
1.0000 0.0001 0.0001 -0.0178 -0.0001 1.0000 -0.0077 0.0083 -0.0001 0.0077 1.0000 0.7975
1.0000 -0.0003 -0.0005 -0.0029 0.0003 1.0000 0.0013 0.0008 0.0005 -0.0013 1.0000 0.8213
1.0000 -0.0029 0.0021 -0.0034 0.0029 1.0000 0.0027 0.0035 -0.0021 -0.0027 1.0000 0.8020
1.0000 -0.0031 -0.0021 -0.0123 0.0031 1.0000 0.0019 -0.0088 0.0021 -0.0019 1.0000 0.8141
1.0000 -0.0047 -0.0027 0.0283 0.0047 1.0000 0.0009 -0.0073 0.0027 -0.0009 1.0000 0.8215
1.0000 -0.0027 -0.0012 0.0009 0.0027 1.0000 0.0009 -0.0102 0.0012 -0.0009 1.0000 0.8088
1.0000 -0.0009 -0.0025 -0.0047 0.0009 1.0000 0.0034 0.0022 0.0025 -0.0034 1.0000 0.8204
1.0000 0.0002 -0.0014 -0.0045 -0.0002 1.0000 0.0022 -0.0024 0.0014 -0.0022 1.0000 0.8142
1.0000 0.0010 -0.0005 -0.0085 -0.0010 1.0000 -0.0002 -0.0069 0.0005 0.0002 1.0000 0.8019
1.0000 -0.0011 -0.0020 0.0054 0.0011 1.0000 -0.0024 -0.0107 0.0020 0.0024 1.0000 0.8076
1.0000 -0.0010 0.0034 0.0351 0.0010 1.0000 -0.0024 0.0043 -0.0034 0.0024 1.0000 0.7088
1.0000 -0.0037 -0.0020 -0.0009 0.0037 1.0000 0.0017 -0.0183 0.0020 -0.0017 1.0000 0.8191
1.0000 0.0002 -0.0039 -0.0042 -0.0002 1.0000 0.0030 -0.0128 0.0039 -0.0030 1.0000 0.8178
1.0000 0.0005 -0.0033 -0.0028 -0.0005 1.0000 0.0031 -0.0203 0.0033 -0.0031 1.0000 0.8176
1.0000 -0.0005 -0.0072 -0.0025 0.0005 1.0000 0.0011 -0.0224 0.0072 -0.0011 1.0000 0.8461
1.0000 0.0018 -0.0049 -0.0082 -0.0018 1.0000 -0.0005 -0.0181 0.0049 0.0005 1.0000 0.8238
1.0000 0.0020 -0.0049 -0.0018 -0.0020 1.0000 -0.0038 -0.0053 0.0049 0.0038 1.0000 0.8253
1.0000 -0.0012 -0.0068 -0.0064 0.0011 1.0000 -0.0038 0.0091 0.0069 0.0038 1.0000 0.8287
1.0000 -0.0039 -0.0078 -0.0008 0.0039 1.0000 -0.0016 -0.0120 0.0078 0.0016 1.0000 0.8191
0.9999 -0.0028 -0.0108 0.0010 0.0028 1.0000 -0.0007 -0.0102 0.0108 0.0007 0.9999 0.8232
0.9999 -0.0076 -0.0125 0.0008 0.0076 1.0000 -0.0005 -0.0151 0.0125 0.0004 0.9999 0.7826
0.9999 -0.0005 -0.0140 -0.0341 0.0005 1.0000 -0.0003 -0.0287 0.0140 0.0003 0.9999 0.7995
0.9999 -0.0001 -0.0164 -0.0124 0.0001 1.0000 0.0015 0.0024 0.0164 -0.0015 0.9999 0.8358
0.9999 -0.0028 -0.0153 -0.0050 0.0029 1.0000 0.0042 0.0028 0.0153 -0.0042 0.9999 0.8195
0.9999 0.0017 -0.0132 -0.0237 -0.0017 1.0000 0.0030 -0.0096 0.0132 -0.0030 0.9999 0.7923
0.9999 0.0036 -0.0134 -0.0279 -0.0036 1.0000 0.0007 -0.0083 0.0134 -0.0007 0.9999 0.8418
0.9999 0.0043 -0.0121 -0.0249 -0.0043 1.0000 -0.0025 -0.0090 0.0121 0.0025 0.9999 0.8676
1.0000 0.0055 -0.0057 -0.0165 -0.0055 1.0000 -0.0009 -0.0123 0.0057 0.0010 1.0000 0.8082
1.0000 0.0052 -0.0034 -0.0230 -0.0052 1.0000 -0.0007 -0.0106 0.0034 0.0008 1.0000 0.8399
1.0000 0.0025 0.0045 -0.0157 -0.0025 1.0000 0.0005 -0.0080 -0.0045 -0.0005 1.0000 0.8048
1.0000 0.0051 0.0072 -0.0099 -0.0051 1.0000 -0.0035 -0.0259 -0.0072 0.0034 1.0000 0.8330
0.9999 0.0017 0.0110 0.0149 -0.0016 1.0000 -0.0041 -0.0002 -0.0111 0.0041 0.9999 0.8186
0.9999 -0.0033 0.0135 0.0263 0.0034 1.0000 -0.0008 -0.0274 -0.0135 0.0008 0.9999 0.8175
0.9999 -0.0048 0.0109 0.0226 0.0048 1.0000 0.0018 0.0042 -0.0109 -0.0017 0.9999 0.8360
0.9999 0.0035 0.0121 0.0128 -0.0035 1.0000 0.0010 0.0007 -0.0121 -0.0011 0.9999 0.8235
0.9999 -0.0033 0.0101 0.0242 0.0033 1.0000 0.0006 -0.0177 -0.0101 -0.0006 1.0000 0.8358
0.9999 -0.0022 0.0110 0.0120 0.0022 1.0000 -0.0010 -0.0132 -0.0110 0.0010 0.9999 0.8173
0.9999 -0.0020 0.0106 0.0146 0.0020 1.0000 -0.0011 -0.0128 -0.0106 0.0011 0.9999 0.8183
1.0000 0.0023 0.0087 0.0031 -0.0022 1.0000 -0.0019 -0.0051 -0.0087 0.0019 1.0000 0.8251
1.0000 0.0042 0.0077 -0.0008 -0.0042 1.0000 0.0027 -0.0180 -0.0077 -0.0027 1.0000 0.8327
1.0000 0.0016 0.0055 -0.0054 -0.0016 1.0000 0.0044 -0.0011 -0.0055 -0.0044 1.0000 0.8248
1.0000 0.0015 0.0056 0.0035 -0.0015 1.0000 0.0053 0.0046 -0.0056 -0.0053 1.0000 0.8653
1.0000 -0.0027 0.0056 0.0071 0.0027 1.0000 0.0033 -0.0076 -0.0056 -0.0033 1.0000 0.8647
1.0000 0.0022 0.0030 -0.0047 -0.0022 1.0000 -0.0013 -0.0030 -0.0030 0.0013 1.0000 0.8327
1.0000 0.0048 0.0029 -0.0090 -0.0048 1.0000 -0.0076 -0.0057 -0.0030 0.0076 1.0000 0.8216
1.0000 0.0044 0.0025 -0.0073 -0.0043 0.9999 -0.0109 -0.0182 -0.0025 0.0109 0.9999 0.8290
1.0000 0.0010 0.0008 -0.0059 -0.0010 1.0000 -0.0077 -0.0027 -0.0008 0.0077 1.0000 0.8322
1.0000 0.0008 0.0024 -0.0110 -0.0009 1.0000 0.0009 0.0044 -0.0024 -0.0009 1.0000 0.8379
1.0000 -0.0000 0.0000 -0.0110 0.0000 1.0000 0.0034 0.0066 -0.0000 -0.0034 1.0000 0.8554
1.0000 -0.0007 -0.0003 0.0027 0.0007 1.0000 0.0021 -0.0100 0.0003 -0.0021 1.0000 0.8474
1.0000 -0.0020 0.0005 -0.0009 0.0020 1.0000 0.0009 -0.0117 -0.0005 -0.0009 1.0000 0.8692
1.0000 -0.0021 -0.0031 0.0042 0.0021 1.0000 0.0011 0.0018 0.0031 -0.0012 1.0000 0.8579
1.0000 -0.0014 -0.0040 -0.0091 0.0014 1.0000 0.0011 -0.0036 0.0040 -0.0012 1.0000 0.8612
1.0000 0.0015 -0.0030 0.0026 -0.0016 1.0000 -0.0003 -0.0102 0.0030 0.0003 1.0000 0.8509
1.0000 0.0011 -0.0056 -0.0168 -0.0011 1.0000 0.0001 -0.0069 0.0056 -0.0001 1.0000 0.8664
1.0000 0.0005 -0.0022 -0.0008 -0.0005 1.0000 -0.0002 0.0018 0.0022 0.0002 1.0000 0.8622
1.0000 0.0012 -0.0059 -0.0184 -0.0012 1.0000 -0.0015 -0.0141 0.0059 0.0015 1.0000 0.8667
1.0000 -0.0013 -0.0050 -0.0049 0.0013 1.0000 -0.0028 -0.0271 0.0050 0.0028 1.0000 0.8718
1.0000 -0.0016 -0.0052 -0.0030 0.0016 1.0000 -0.0033 -0.0135 0.0052 0.0033 1.0000 0.8730
1.0000 -0.0011 -0.0087 -0.0157 0.0011 1.0000 -0.0014 -0.0134 0.0087 0.0014 1.0000 0.8825
1.0000 0.0015 -0.0079 -0.0069 -0.0015 1.0000 0.0011 -0.0155 0.0079 -0.0010 1.0000 0.8862
1.0000 0.0001 -0.0070 -0.0100 -0.0001 1.0000 0.0036 -0.0118 0.0070 -0.0036 1.0000 0.8984
1.0000 0.0021 -0.0085 -0.0217 -0.0020 1.0000 0.0051 -0.0225 0.0086 -0.0051 0.9999 0.9140
1.0000 -0.0001 -0.0081 -0.0209 0.0001 1.0000 0.0047 -0.0146 0.0081 -0.0047 1.0000 0.9066
1.0000 -0.0002 -0.0067 -0.0042 0.0002 1.0000 0.0036 -0.0123 0.0067 -0.0036 1.0000 0.9037
1.0000 0.0027 -0.0089 -0.0145 -0.0028 1.0000 -0.0027 -0.0260 0.0089 0.0027 1.0000 0.9246
1.0000 0.0002 -0.0077 -0.0099 -0.0002 1.0000 -0.0063 -0.0230 0.0077 0.0063 0.9999 0.9051
1.0000 0.0004 -0.0104 -0.0279 -0.0005 1.0000 -0.0073 -0.0129 0.0104 0.0073 0.9999 0.9211
0.9999 -0.0052 -0.0082 -0.0067 0.0052 1.0000 -0.0068 -0.0111 0.0083 0.0067 0.9999 0.9171
1.0000 -0.0037 -0.0072 0.0027 0.0036 1.0000 -0.0032 -0.0031 0.0072 0.0032 1.0000 0.9304
0.9999 -0.0071 -0.0083 0.0050 0.0071 1.0000 0.0010 -0.0012 0.0083 -0.0010 1.0000 0.9333
1.0000 -0.0044 -0.0091 -0.0094 0.0044 1.0000 0.0044 -0.0217 0.0091 -0.0045 1.0000 0.9514
0.9999 -0.0043 -0.0087 0.0004 0.0044 1.0000 0.0056 0.0030 0.0087 -0.0056 0.9999 0.9248
1.0000 -0.0013 -0.0104 -0.0054 0.0013 1.0000 0.0040 -0.0290 0.0104 -0.0041 0.9999 0.9409
1.0000 -0.0009 -0.0066 -0.0127 0.0010 1.0000 0.0020 -0.0196 0.0066 -0.0020 1.0000 0.9529
1.0000 0.0038 -0.0083 -0.0156 -0.0038 1.0000 0.0008 -0.0221 0.0083 -0.0007 1.0000 0.9429
1.0000 0.0034 -0.0070 -0.0227 -0.0034 1.0000 0.0007 0.0049 0.0070 -0.0007 1.0000 0.9473
1.0000 -0.0025 -0.0050 -0.0063 0.0025 1.0000 0.0012 -0.0213 0.0050 -0.0012 1.0000 0.9463
1.0000 0.0022 -0.0062 -0.0151 -0.0022 1.0000 -0.0004 -0.0176 0.0062 0.0004 1.0000 0.9470
1.0000 -0.0008 -0.0058 -0.0047 0.0008 1.0000 -0.0031 -0.0213 0.0058 0.0031 1.0000 0.9446
1.0000 0.0002 -0.0041 -0.0113 -0.0002 1.0000 -0.0038 -0.0164 0.0041 0.0038 1.0000 0.9497
1.0000 -0.0006 -0.0067 -0.0068 0.0005 1.0000 0.0004 -0.0232 0.0067 -0.0004 1.0000 0.9771
1.0000 0.0013 -0.0034 -0.0054 -0.0013 1.0000 0.0033 -0.0337 0.0034 -0.0033 1.0000 0.9794
1.0000 -0.0009 -0.0066 -0.0175 0.0009 1.0000 0.0037 0.0004 0.0066 -0.0037 1.0000 0.9485
1.0000 -0.0017 -0.0055 -0.0213 0.0017 1.0000 0.0003 -0.0060 0.0055 -0.0003 1.0000 0.9605
1.0000 0.0043 -0.0047 -0.0096 -0.0043 1.0000 -0.0033 -0.0155 0.0046 0.0033 1.0000 0.9451
1.0000 0.0022 -0.0068 -0.0264 -0.0022 1.0000 -0.0037 0.0088 0.0068 0.0038 1.0000 0.9623
1.0000 -0.0040 -0.0061 0.0006 0.0040 1.0000 -0.0011 -0.0222 0.0061 0.0011 1.0000 0.9624
1.0000 -0.0049 -0.0048 0.0009 0.0049 1.0000 0.0007 -0.0193 0.0048 -0.0007 1.0000 0.9574
1.0000 -0.0047 -0.0075 -0.0095 0.0047 1.0000 0.0009 -0.0181 0.0075 -0.0009 1.0000 0.9551
1.0000 -0.0035 -0.0059 -0.0094 0.0035 1.0000 -0.0006 0.0023 0.0059 0.0006 1.0000 0.9663
1.0000 -0.0036 -0.0072 -0.0073 0.0036 1.0000 0.0011 -0.0353 0.0072 -0.0011 1.0000 0.9500
1.0000 -0.0001 -0.0056 -0.0067 0.0001 1.0000 0.0016 -0.0091 0.0056 -0.0016 1.0000 0.9518
1.0000 0.0014 -0.0034 -0.0024 -0.0014 1.0000 0.0007 -0.0107 0.0034 -0.0006 1.0000 0.9524
1.0000 -0.0004 -0.0063 -0.0113 0.0004 1.0000 -0.0010 -0.0193 0.0063 0.0010 1.0000 0.9470
1.0000 0.0014 -0.0042 -0.0060 -0.0014 1.0000 -0.0012 0.0009 0.0042 0.0012 1.0000 0.9506
1.0000 -0.0049 -0.0047 -0.0009 0.0049 1.0000 0.0011 -0.0285 0.0047 -0.0011 1.0000 0.9524
1.0000 -0.0013 -0.0073 -0.0228 0.0013 1.0000 0.0002 -0.0013 0.0073 -0.0002 1.0000 0.9445
1.0000 0.0002 -0.0044 -0.0089 -0.0002 1.0000 -0.0009 -0.0080 0.0044 0.0009 1.0000 0.9559
1.0000 -0.0003 -0.0061 -0.0106 0.0003 1.0000 0.0004 -0.0016 0.0061 -0.0004 1.0000 0.9238
1.0000 0.0028 -0.0045 -0.0258 -0.0028 1.0000 0.0029 0.0084 0.0045 -0.0029 1.0000 0.9224
1.0000 0.0021 -0.0029 -0.0145 -0.0021 1.0000 0.0011 -0.0045 0.0029 -0.0011 1.0000 0.9512
1.0000 0.0000 -0.0044 -0.0092 0.0000 1.0000 0.0005 -0.0100 0.0044 -0.0005 1.0000 0.9332
1.0000 -0.0062 -0.0015 0.0213 0.0062 1.0000 0.0034 -0.0095 0.0015 -0.0034 1.0000 0.9370
1.0000 -0.0002 -0.0019 -0.0117 0.0002 1.0000 0.0005 -0.0098 0.0019 -0.0005 1.0000 0.9274
1.0000 -0.0028 -0.0025 -0.0121 0.0028 1.0000 -0.0046 -0.0040 0.0025 0.0046 1.0000 0.9268
1.0000 0.0014 0.0012 -0.0016 -0.0014 1.0000 -0.0054 -0.0106 -0.0013 0.0054 1.0000 0.8858
1.0000 0.0005 -0.0018 -0.0247 -0.0005 1.0000 -0.0005 0.0171 0.0019 0.0005 1.0000 0.9524
1.0000 -0.0032 0.0011 -0.0067 0.0032 1.0000 0.0008 -0.0108 -0.0011 -0.0008 1.0000 0.9434
1.0000 -0.0004 0.0020 -0.0031 0.0003 1.0000 0.0037 -0.0042 -0.0020 -0.0037 1.0000 0.9279
1.0000 0.0003 0.0029 0.0041 -0.0003 1.0000 0.0016 -0.0135 -0.0029 -0.0016 1.0000 0.9547
