1 0 0 0 0 1 0 0 0 0 1 0
0.999996 -0.00250395 -0.00157076 -0.00734683 0.00250872 0.999992 0.0030799 -0.0283731 0.00156304 -0.00308392 0.999995 1.52452
0.999996 -0.00277515 -0.00110093 -0.0148887 0.00278062 0.999983 0.00507205 -0.0372041 0.00108681 -0.00507515 0.999987 3.04741
0.999993 -0.00206612 -0.00299791 -0.0312217 0.00208157 0.999985 0.00519 -0.047777 0.00298706 -0.0051963 0.999983 4.58494
0.999995 -0.00159716 -0.00286613 -0.0435539 0.00161322 0.999983 0.00566391 -0.0505581 0.00285694 -0.0056686 0.999981 6.07511
0.999983 -0.00233709 -0.00553395 -0.057705 0.00237473 0.999975 0.00680655 -0.0579788 0.00551773 -0.00681941 0.999963 7.61693
0.999974 -0.00272236 -0.00687949 -0.0778237 0.00276944 0.999973 0.00686391 -0.0722423 0.00686045 -0.00688289 0.999954 9.12617
0.999972 -0.0038862 -0.00669443 -0.0928037 0.00393708 0.999964 0.00759967 -0.0874185 0.00666448 -0.00762559 0.99995 10.6074
0.999942 -0.00542706 -0.00937695 -0.107245 0.00550076 0.999955 0.00786182 -0.0920898 0.00933364 -0.00791301 0.999926 12.1194
0.999925 -0.0068494 -0.0103225 -0.123878 0.00693939 0.999939 0.00870319 -0.0933345 0.0102621 -0.00877395 0.99991 13.6285
0.999936 -0.0061668 -0.0096674 -0.14796 0.0062536 0.999941 0.0089852 -0.0975533 0.00961114 -0.00904515 0.999915 15.0998
0.999928 -0.00506448 -0.0110707 -0.178314 0.00517952 0.999934 0.010383 -0.0964761 0.0110172 -0.0104393 0.999886 16.607
0.999932 -0.00359876 -0.0112843 -0.205425 0.00373041 0.999926 0.0116787 -0.0943646 0.0112412 -0.0117201 0.99987 18.086
0.999952 -0.00253009 -0.00962603 -0.225757 0.00265032 0.99992 0.0124912 -0.0873682 0.0095935 -0.0125159 0.999877 19.5721
0.999935 -0.00180817 -0.0114025 -0.248982 0.00196798 0.999901 0.014033 -0.0765164 0.0113757 -0.0140546 0.999839 21.0631
0.999949 -0.0012702 -0.0102001 -0.259647 0.00141523 0.9999 0.0142191 -0.0666561 0.0101809 -0.0142325 0.999848 22.5624
0.999936 0.000389243 -0.0114613 -0.283843 -0.000224791 0.999898 0.01436 -0.0628362 0.0114655 -0.0143565 0.999833 24.0596
0.99994 0.000917209 -0.0110539 -0.308134 -0.000751874 0.99989 0.0149493 -0.0587719 0.0110662 -0.0149399 0.999829 25.5116
0.999967 0.00151881 -0.00825365 -0.316237 -0.00140396 0.999904 0.0139262 -0.0652896 0.00827367 -0.0139141 0.999872 26.9705
0.999953 0.00186595 -0.00969719 -0.348815 -0.00173726 0.999912 0.0132587 -0.054185 0.00972088 -0.013241 0.999866 28.4195
0.999961 0.0013822 -0.00896515 -0.368059 -0.00125698 0.999903 0.0139796 -0.0548384 0.00898331 -0.0139678 0.999864 29.8608
0.999978 -0.000593395 -0.0070527 -0.371197 0.000705595 0.999874 0.015907 -0.0519775 0.00704212 -0.0159114 0.99985 31.2842
0.999967 -0.00206125 -0.00824858 -0.387047 0.00220288 0.999851 0.0172221 -0.0386591 0.00821164 -0.0172397 0.999819 32.7249
0.999985 -0.00210706 -0.005836 -0.394783 0.0022107 0.999839 0.0178059 -0.0148567 0.00579735 -0.0178183 0.999827 34.1189
0.999982 -0.00180091 -0.00611609 -0.415672 0.00190132 0.999864 0.0164872 -0.00186087 0.00608536 -0.0164985 0.999847 35.5216
0.999991 -0.00143098 -0.00481043 -0.433204 0.00150384 0.999884 0.0151736 0.013939 0.00478795 -0.0151805 0.999876 36.9202
1 -0.00112173 -0.00211037 -0.439042 0.00115578 0.999868 0.0163138 0.0295646 0.00209161 -0.0163163 0.999867 38.2757
1 -0.000290704 -0.00167434 -0.454264 0.000319643 0.999851 0.0172876 0.0421757 0.00166887 -0.017288 0.999852 39.6194
1 -0.000793614 0.000172362 -0.469029 0.000789985 0.999819 0.0191026 0.0536536 -0.000187615 -0.0191026 0.99982 40.9488
0.999997 -0.00117913 0.00360708 -0.471358 0.00110483 0.999788 0.0205498 0.0527668 -0.00363075 -0.0205456 0.999785 42.2618
0.999989 -0.00138506 0.00513352 -0.477093 0.0012756 0.999775 0.021228 0.0681009 -0.00516183 -0.0212212 0.999764 43.5551
0.999954 -0.00183257 0.0098736 -0.468256 0.00163172 0.999792 0.0203147 0.0774698 -0.00990903 -0.0202976 0.999747 44.819
0.999915 -0.00313772 0.0129249 -0.468027 0.00289723 0.999825 0.0185665 0.0691722 -0.0129809 -0.0185273 0.999747 46.0759
0.999837 -0.00287675 0.0181506 -0.454163 0.00254305 0.999828 0.018386 0.0968301 -0.0182007 -0.0183367 0.999669 47.2998
0.999838 -0.00246744 0.0180409 -0.437557 0.00211661 0.999811 0.0194218 0.123833 -0.0180855 -0.0193804 0.999652 48.5301
0.999699 -0.00225969 0.0246692 -0.413748 0.00176493 0.999797 0.0200659 0.14376 -0.0247099 -0.0200162 0.999497 49.7288
0.999513 -0.000563777 0.0313455 -0.389552 -5.30322e-05 0.999809 0.0196636 0.160251 -0.0313505 -0.0196556 0.999318 50.932
0.999221 0.000635805 0.03962 -0.354518 -0.00142849 0.999799 0.0199874 0.185247 -0.0395997 -0.0200282 0.999018 52.1111
0.998903 0.000744093 0.0469092 -0.322819 -0.00173234 0.999779 0.0210232 0.184288 -0.046883 -0.0210813 0.998681 53.2896
0.998313 0.00265607 0.0580972 -0.258425 -0.00390805 0.999763 0.0214492 0.198002 -0.0580267 -0.0216398 0.998083 54.4498
0.997517 0.00470998 0.0703373 -0.203673 -0.00624385 0.999749 0.0215986 0.212981 -0.0702176 -0.0219838 0.997293 55.6085
0.996358 0.00598586 0.0851287 -0.124195 -0.00788353 0.999728 0.0219744 0.221868 -0.0849743 -0.0225652 0.99613 56.744
0.994746 0.00732718 0.102163 -0.0164544 -0.00977673 0.999678 0.0234928 0.233271 -0.101958 -0.0243678 0.994493 57.8654
0.992864 0.00780078 0.119046 0.0883365 -0.0108221 0.999635 0.0247553 0.245615 -0.118809 -0.0258666 0.992583 58.9768
0.990361 0.00761933 0.138341 0.231786 -0.0112863 0.999607 0.0257386 0.266421 -0.13809 -0.0270515 0.990054 60.0726
0.987175 0.00685362 0.15953 0.395752 -0.0110348 0.999618 0.0253391 0.284846 -0.159296 -0.0267741 0.98687 61.1661
0.983701 0.00482428 0.179784 0.564974 -0.00948835 0.999642 0.0250894 0.316677 -0.179598 -0.026386 0.98339 62.2335
0.979222 -0.000355964 0.202816 0.783215 -0.00528204 0.999616 0.027257 0.314595 -0.202747 -0.0277617 0.978841 63.2855
0.974353 -0.00529465 0.224994 1.00451 -0.00126132 0.999582 0.0289826 0.336332 -0.225052 -0.0285227 0.973934 64.3184
0.968472 -0.0100086 0.248946 1.25785 0.00273869 0.999562 0.0295323 0.351326 -0.249131 -0.0279191 0.968071 65.3255
0.961396 -0.0168174 0.274682 1.5353 0.00870998 0.999493 0.0307069 0.358422 -0.275058 -0.0271286 0.961049 66.3211
0.953755 -0.0191478 0.299996 1.81766 0.0102963 0.999466 0.0310586 0.390256 -0.300429 -0.0265329 0.95344 67.2852
0.944452 -0.0218956 0.327942 2.1497 0.0115813 0.99938 0.0333704 0.418 -0.328467 -0.0277184 0.944113 68.2495
0.934341 -0.0260979 0.355441 2.50844 0.0142967 0.99926 0.0357879 0.426324 -0.35611 -0.028356 0.934019 69.1841
0.922912 -0.0286995 0.383961 2.88226 0.0159494 0.999216 0.0363488 0.441621 -0.384701 -0.0274224 0.922639 70.0994
0.909988 -0.0283001 0.413684 3.28771 0.0162965 0.999341 0.0325172 0.479047 -0.414329 -0.0228482 0.909846 71.0036
0.896788 -0.0285645 0.441555 3.71562 0.0176614 0.999434 0.028783 0.495919 -0.442125 -0.0180133 0.896778 71.869
0.882075 -0.0297376 0.470185 4.15695 0.0191331 0.999446 0.0273177 0.527711 -0.470733 -0.0151 0.882153 72.7104
0.865354 -0.0302605 0.500263 4.63247 0.0171707 0.999386 0.0307489 0.533785 -0.500883 -0.0180186 0.865333 73.5573
0.847848 -0.0288413 0.529469 5.11996 0.0123418 0.999325 0.0346723 0.559298 -0.530108 -0.0228619 0.847629 74.3621
0.828023 -0.0296351 0.559928 5.63883 0.0113907 0.999292 0.0360434 0.580063 -0.560596 -0.0234663 0.827764 75.1439
0.805906 -0.0313152 0.591229 6.17153 0.0101277 0.999186 0.0391181 0.600125 -0.591968 -0.0255375 0.805565 75.9107
0.783685 -0.0246481 0.620686 6.74204 0.00551643 0.999456 0.0327235 0.625995 -0.621151 -0.0222204 0.783384 76.6441
0.760199 -0.0234338 0.649282 7.33933 0.00428797 0.999512 0.0310539 0.640365 -0.649687 -0.0208228 0.759926 77.3636
0.737125 -0.0245254 0.675326 7.95616 0.00355925 0.999474 0.0324115 0.655708 -0.675763 -0.021487 0.736816 78.0408
0.712211 -0.0252536 0.701525 8.59255 0.00287091 0.999453 0.0330639 0.68579 -0.70197 -0.0215342 0.711891 78.695
0.68632 -0.0232619 0.726941 9.25916 0.00163603 0.999541 0.0304398 0.702285 -0.727312 -0.0197015 0.686035 79.3406
0.660103 -0.0214889 0.750882 9.92019 0.00047652 0.999606 0.028188 0.724913 -0.751186 -0.018249 0.65985 79.9308
0.632382 -0.0200642 0.77441 10.6235 -0.00181871 0.999629 0.0273843 0.754775 -0.774669 -0.0187249 0.632103 80.5315
0.604509 -0.0200061 0.796361 11.3291 -0.00286503 0.999628 0.0272876 0.763102 -0.796604 -0.0187769 0.604223 81.0804
0.575426 -0.0144559 0.817739 12.076 -0.00601699 0.999749 0.0219075 0.793044 -0.817845 -0.0175255 0.575187 81.6137
0.54464 -0.00491674 0.83867 12.8293 -0.00979179 0.999883 0.012221 0.830681 -0.838624 -0.0148678 0.544524 82.1163
0.513758 0.00208815 0.857945 13.5991 -0.0124803 0.999915 0.00504005 0.843699 -0.857858 -0.0132959 0.513733 82.5916
0.481918 0.00624965 0.876208 14.3995 -0.0153933 0.999886 0.00133483 0.844546 -0.876091 -0.0141307 0.481955 83.0472
0.448896 0.00570266 0.893578 15.2297 -0.0179142 0.999842 0.00261875 0.848653 -0.893417 -0.0171823 0.448921 83.4841
0.415988 0.00444589 0.909373 16.0611 -0.0226612 0.999734 0.00547885 0.839696 -0.909098 -0.0228862 0.415974 83.8828
0.380553 0.00475503 0.924758 16.9547 -0.0271638 0.999619 0.00603871 0.831019 -0.924372 -0.027417 0.380531 84.2555
0.346216 0.00340806 0.938162 17.8126 -0.0334332 0.999409 0.00870772 0.841164 -0.937569 -0.0343801 0.346121 84.5895
0.3101 0.00576923 0.950698 18.7016 -0.03852 0.999243 0.00650098 0.84328 -0.949935 -0.0386357 0.310082 84.9155
0.273754 0.00507559 0.9618 19.621 -0.042139 0.999096 0.00672167 0.850956 -0.960886 -0.0423689 0.273717 85.2054
0.237792 0.00465325 0.971316 20.5359 -0.0436032 0.999038 0.00588897 0.851618 -0.970348 -0.0437517 0.237761 85.4535
0.201971 0.00348789 0.979399 21.4579 -0.0438026 0.999031 0.00547529 0.847645 -0.978421 -0.0440056 0.201925 85.6785
0.165833 0.00326782 0.986161 22.4078 -0.0438155 0.999038 0.00405788 0.853304 -0.985192 -0.0438809 0.165813 85.8412
0.131306 0.00151514 0.991354 23.3493 -0.0384921 0.999259 0.00357121 0.850544 -0.990604 -0.0386277 0.131264 85.9804
0.096802 0.00370993 0.995308 24.3105 -0.0378902 0.999289 -3.9186e-05 0.856883 -0.994593 -0.0377076 0.0968709 86.0837
0.0652186 0.00828724 0.99785 25.2773 -0.0383667 0.999253 -0.00579122 0.872072 -0.997143 -0.0379061 0.0654855 86.1498
0.0359659 0.0101506 0.999313 26.2473 -0.0338766 0.999393 -0.00893171 0.850022 -0.998789 -0.0335311 0.0362857 86.1914
0.00919317 0.00916771 0.999929 27.23 -0.0321166 0.999452 -0.00886797 0.842569 -0.999452 -0.0320324 0.00948064 86.2103
-0.0124943 0.00601074 0.999916 28.2281 -0.0327817 0.999449 -0.00641707 0.846477 -0.999396 -0.0328581 -0.012292 86.1989
-0.0316943 0.00428938 0.999503 29.2169 -0.0326362 0.99946 -0.00532393 0.836988 -0.998976 -0.0327884 -0.0315387 86.1782
-0.0490531 0.00565484 0.998792 30.2004 -0.0310182 0.9995 -0.00718169 0.820834 -0.998326 -0.031332 -0.0488544 86.1364
-0.0621437 0.00923624 0.998039 31.187 -0.02914 0.999521 -0.0110642 0.812477 -0.997653 -0.0297701 -0.0618461 86.0724
-0.0745054 0.0121574 0.997159 32.1749 -0.0265192 0.999555 -0.0141675 0.792921 -0.99688 -0.0274984 -0.0741508 86.0018
-0.0847266 0.0158349 0.996293 33.1605 -0.0216057 0.999617 -0.0177249 0.774451 -0.996181 -0.0230271 -0.0843531 85.9184
-0.08999 0.0196415 0.995761 34.1638 -0.018898 0.999599 -0.0214246 0.748538 -0.995776 -0.020745 -0.0895835 85.8207
-0.0934293 0.0240239 0.995351 35.1582 -0.0174815 0.999524 -0.0257653 0.732945 -0.995484 -0.0198071 -0.0929656 85.7322
-0.0972335 0.0257591 0.994941 36.1506 -0.0167404 0.999489 -0.0275124 0.696559 -0.995134 -0.0193299 -0.0967531 85.6392
-0.0993316 0.0279139 0.994677 37.1567 -0.0159495 0.999442 -0.0296401 0.656391 -0.994939 -0.0188086 -0.0988315 85.5399
-0.102491 0.0303684 0.994283 38.1533 -0.0158856 0.999364 -0.0321606 0.624615 -0.99462 -0.01909 -0.101944 85.4381
-0.10379 0.0336747 0.994044 39.1578 -0.0139455 0.999288 -0.0353081 0.586964 -0.994514 -0.0175268 -0.103247 85.3365
-0.105924 0.0332744 0.993831 40.167 -0.0133185 0.999311 -0.034877 0.538768 -0.994299 -0.0169298 -0.105409 85.2252
-0.108629 0.0324102 0.993569 41.1868 -0.0123793 0.999356 -0.0339523 0.508775 -0.994018 -0.0159877 -0.108158 85.1146
-0.110169 0.0317501 0.99342 42.2231 -0.0127825 0.99937 -0.0333575 0.465485 -0.993845 -0.0163723 -0.109694 85.0064
-0.11234 0.0321411 0.993165 43.2439 -0.0130691 0.999352 -0.0338194 0.416774 -0.993597 -0.0167787 -0.111848 84.8933
-0.115133 0.0341115 0.992779 44.2699 -0.0137304 0.999269 -0.0359265 0.379793 -0.99327 -0.0177665 -0.114581 84.7768
-0.116938 0.0356308 0.992515 45.3084 -0.0147319 0.999193 -0.0376061 0.323275 -0.993044 -0.0190189 -0.116319 84.6677
-0.120285 0.0362336 0.992093 46.3243 -0.0156294 0.99915 -0.038386 0.28175 -0.992631 -0.020122 -0.119616 84.5555
-0.121638 0.0388187 0.991831 47.3796 -0.0180985 0.998992 -0.0413185 0.236314 -0.992424 -0.0229762 -0.120813 84.4425
-0.123499 0.0404361 0.991535 48.4337 -0.0200994 0.998872 -0.0432384 0.177983 -0.992156 -0.0252681 -0.122547 84.323
-0.126587 0.0380438 0.991242 49.4819 -0.0211607 0.998944 -0.0410417 0.125437 -0.991744 -0.0261703 -0.125649 84.2042
-0.128139 0.0359951 0.991118 50.5389 -0.0226307 0.998984 -0.0392062 0.108629 -0.991513 -0.0274524 -0.127195 84.0662
-0.130982 0.0346795 0.990795 51.5963 -0.0229319 0.999025 -0.0379991 0.0522277 -0.991135 -0.0276975 -0.130059 83.9358
-0.133511 0.0346523 0.990456 52.6473 -0.0233949 0.999009 -0.0381047 0.00795905 -0.990786 -0.0282579 -0.132568 83.8032
-0.134098 0.0354482 0.990351 53.7141 -0.0234231 0.998979 -0.0389284 -0.0357882 -0.990707 -0.0284169 -0.133131 83.6589
-0.134855 0.0363678 0.990213 54.7784 -0.0236705 0.998932 -0.0399112 -0.0761731 -0.990598 -0.02882 -0.13385 83.5206
-0.136133 0.0371817 0.99001 55.8675 -0.0259388 0.99883 -0.0410795 -0.132266 -0.990366 -0.0312714 -0.135009 83.3922
-0.135351 0.0363427 0.990147 56.9617 -0.0277891 0.998804 -0.0404587 -0.177756 -0.990424 -0.0329902 -0.134179 83.2649
-0.135787 0.0355825 0.990117 58.0379 -0.0306068 0.998739 -0.0400894 -0.228386 -0.990281 -0.0357473 -0.134526 83.1294
-0.134755 0.0366237 0.990218 59.1227 -0.0332613 0.998596 -0.0414595 -0.276781 -0.990337 -0.0385215 -0.133347 82.9951
-0.135217 0.0364158 0.990165 60.2024 -0.0388153 0.998375 -0.0420179 -0.338377 -0.990072 -0.0441144 -0.133584 82.8599
-0.136669 0.0353108 0.990004 61.2883 -0.042709 0.998235 -0.0414998 -0.409661 -0.989712 -0.0479523 -0.134919 82.7181
-0.136564 0.0305853 0.990177 62.3908 -0.0431916 0.998402 -0.0367958 -0.469595 -0.989706 -0.0477915 -0.135024 82.5785
-0.136874 0.0229842 0.990339 63.4969 -0.0415326 0.99873 -0.0289185 -0.520821 -0.989735 -0.0450882 -0.135745 82.4246
-0.138807 0.0190429 0.990154 64.6067 -0.0377019 0.999002 -0.0244979 -0.574704 -0.989618 -0.0407304 -0.137949 82.2621
-0.13814 0.0205767 0.990216 65.7273 -0.0311793 0.999209 -0.0251127 -0.59695 -0.989939 -0.0343421 -0.137388 82.1161
-0.138307 0.0255186 0.99008 66.8212 -0.0275189 0.999197 -0.0295972 -0.643842 -0.990024 -0.0313387 -0.137492 81.9594
-0.137217 0.0307367 0.990082 67.9292 -0.0248091 0.99911 -0.0344549 -0.678156 -0.990248 -0.0292898 -0.136332 81.8023
-0.136874 0.0330198 0.990057 69.0476 -0.0250145 0.999024 -0.0367767 -0.746915 -0.99029 -0.0297991 -0.135913 81.646
-0.138125 0.0323913 0.989903 70.1673 -0.0260291 0.999012 -0.0363209 -0.761469 -0.990091 -0.0307819 -0.137144 81.4932
-0.136985 0.0281719 0.990192 71.3089 -0.0266724 0.999142 -0.0321159 -0.801525 -0.990231 -0.0308097 -0.136115 81.3364
-0.137304 0.026243 0.990199 72.4491 -0.0256815 0.99923 -0.030043 -0.82543 -0.990215 -0.0295537 -0.136524 81.1805
-0.138461 0.0263811 0.990036 73.593 -0.0279151 0.999158 -0.0305278 -0.85906 -0.989992 -0.0318632 -0.137607 81.0242
-0.137291 0.0308168 0.99007 74.7272 -0.0269265 0.999043 -0.0348294 -0.909901 -0.990183 -0.0314397 -0.136329 80.8678
-0.138271 0.0317444 0.989906 75.8655 -0.0265063 0.999023 -0.0357389 -0.94823 -0.990058 -0.0311797 -0.137293 80.7185
-0.137416 0.0310462 0.990046 77.0202 -0.0268704 0.999037 -0.0350572 -0.993702 -0.990168 -0.031419 -0.136448 80.5634
-0.136878 0.0300368 0.990154 78.1776 -0.0259814 0.999101 -0.0338995 -1.02078 -0.990265 -0.0303649 -0.135973 80.407
-0.138299 0.0284263 0.990002 79.3382 -0.0272165 0.999114 -0.0324894 -1.07635 -0.990036 -0.0314363 -0.137402 80.2506
-0.137431 0.0289587 0.990109 80.4921 -0.0281817 0.999067 -0.033132 -1.10833 -0.990129 -0.0324555 -0.136485 80.0986
-0.137322 0.0306503 0.990072 81.6533 -0.0298518 0.998952 -0.0350651 -1.16751 -0.990096 -0.0343694 -0.136262 79.9442
-0.138408 0.0307971 0.989919 82.8314 -0.0298733 0.998945 -0.0352543 -1.2002 -0.989944 -0.0344507 -0.137341 79.7902
-0.137471 0.0289222 0.990103 84.0222 -0.029008 0.999041 -0.0332103 -1.21744 -0.990101 -0.0332852 -0.136499 79.6287
-0.136954 0.0279537 0.990206 85.2036 -0.0289487 0.999075 -0.0322077 -1.26351 -0.990174 -0.0330752 -0.136017 79.4696
-0.136606 0.0286151 0.990233 86.3933 -0.0279429 0.999087 -0.0327252 -1.30812 -0.990252 -0.0321393 -0.135681 79.3067
-0.135884 0.0281111 0.990349 87.582 -0.0265825 0.999147 -0.0320078 -1.34339 -0.990387 -0.0306744 -0.13502 79.1449
-0.135553 0.0278629 0.990399 88.7838 -0.0275083 0.999126 -0.0318729 -1.38765 -0.990409 -0.0315634 -0.134667 78.9845
-0.133768 0.0282027 0.990635 89.9631 -0.0264503 0.999151 -0.0320165 -1.41358 -0.990679 -0.0304844 -0.132908 78.8283
-0.133186 0.0261916 0.990767 91.1756 -0.0258966 0.999231 -0.0298962 -1.46879 -0.990774 -0.029638 -0.132404 78.6732
-0.134099 0.0251252 0.990673 92.409 -0.0276351 0.999208 -0.029082 -1.51118 -0.990602 -0.0312762 -0.133297 78.5102
-0.132256 0.0241662 0.990943 93.6085 -0.0269376 0.99926 -0.0279637 -1.55741 -0.990871 -0.0303908 -0.131506 78.3555
-0.131033 0.0244479 0.991099 94.83 -0.0285166 0.999202 -0.0284176 -1.59543 -0.990988 -0.0319854 -0.13023 78.2008
-0.131076 0.0257024 0.991061 96.0747 -0.029914 0.99912 -0.0298673 -1.64521 -0.990942 -0.0335602 -0.13019 78.0347
-0.128843 0.0251275 0.991369 97.2938 -0.0314115 0.999087 -0.0294051 -1.68461 -0.991189 -0.0349279 -0.127935 77.8766
-0.129152 0.024048 0.991355 98.5353 -0.0338162 0.999032 -0.0286391 -1.71931 -0.99107 -0.0372213 -0.128213 77.7278
-0.129651 0.0246555 0.991276 99.7776 -0.0352581 0.998957 -0.0294576 -1.75978 -0.990954 -0.0387685 -0.128645 77.5783
-0.131139 0.024465 0.991084 101.013 -0.0372988 0.99888 -0.0295922 -1.80994 -0.990684 -0.0408456 -0.130078 77.4239
-0.13348 0.0222008 0.990826 102.294 -0.039057 0.998868 -0.0276422 -1.86218 -0.990303 -0.0423871 -0.13246 77.2648
-0.133739 0.0207052 0.990822 103.549 -0.0404335 0.998849 -0.0263298 -1.90048 -0.990214 -0.0435822 -0.132746 77.1098
-0.135508 0.019113 0.990615 104.803 -0.0415604 0.998838 -0.0249564 -1.93231 -0.989926 -0.0445508 -0.134554 76.9524
-0.13808 0.0191536 0.990259 106.06 -0.0420313 0.998813 -0.0251792 -1.97249 -0.989551 -0.045097 -0.137109 76.7905
-0.139947 0.017508 0.990028 107.308 -0.0415755 0.998872 -0.023541 -2.00655 -0.989308 -0.0444541 -0.139059 76.6183
-0.144582 0.0155601 0.989393 108.588 -0.0418619 0.998899 -0.0218262 -2.02312 -0.98863 -0.0445719 -0.14377 76.4364
-0.147561 0.0140338 0.988978 109.828 -0.043293 0.998863 -0.0206332 -2.0758 -0.988127 -0.0458591 -0.146784 76.2661
-0.152846 0.0174777 0.988118 111.062 -0.0475708 0.998568 -0.0250202 -2.10905 -0.987128 -0.050828 -0.151794 76.0963
-0.162098 0.020523 0.986586 112.327 -0.0485943 0.998418 -0.028753 -2.16101 -0.9856 -0.0526018 -0.160843 75.9043
-0.170409 0.0188379 0.985216 113.592 -0.0465373 0.998561 -0.0271416 -2.2109 -0.984298 -0.0504728 -0.169286 75.7028
-0.181722 0.0175599 0.983219 114.833 -0.0449044 0.998663 -0.0261349 -2.24704 -0.982348 -0.0488986 -0.180688 75.4776
-0.196754 0.0181717 0.980308 116.059 -0.0448696 0.998627 -0.0275162 -2.29792 -0.979451 -0.0493981 -0.195666 75.2414
-0.211055 0.0181095 0.977332 117.263 -0.0436573 0.99867 -0.0279323 -2.32165 -0.976523 -0.0485614 -0.20998 75.0006
-0.226294 0.0169974 0.973934 118.498 -0.0416525 0.998778 -0.0271082 -2.35541 -0.973193 -0.0466995 -0.225306 74.7319
-0.240897 0.0170695 0.970426 119.678 -0.0403888 0.998817 -0.0275947 -2.40734 -0.969734 -0.0458404 -0.23992 74.4432
-0.255959 0.0204378 0.966495 120.864 -0.0396803 0.998725 -0.0316272 -2.43497 -0.965899 -0.0464443 -0.254819 74.1443
-0.273326 0.0214494 0.961711 122.043 -0.0394199 0.998676 -0.0334771 -2.47932 -0.961141 -0.0470591 -0.272115 73.8232
-0.288138 0.0192837 0.957419 123.195 -0.0416683 0.998612 -0.0326528 -2.53582 -0.956709 -0.0493007 -0.28693 73.4934
-0.304317 0.0155188 0.952474 124.383 -0.0437777 0.998598 -0.0302572 -2.58558 -0.951592 -0.0509032 -0.303207 73.148
-0.320986 0.0124605 0.947027 125.556 -0.0467337 0.998501 -0.0289769 -2.61802 -0.945958 -0.0535573 -0.319918 72.7791
-0.335161 0.0123683 0.94211 126.697 -0.0492218 0.998333 -0.0306173 -2.68073 -0.940902 -0.0566323 -0.33399 72.3992
-0.350452 0.0138261 0.936505 127.836 -0.0495606 0.998231 -0.0332828 -2.71733 -0.935297 -0.0580758 -0.349141 71.9921
-0.363465 0.0142136 0.931531 128.965 -0.0486394 0.998245 -0.0342096 -2.76686 -0.930366 -0.0577412 -0.362132 71.5701
-0.37739 0.0141336 0.925974 130.081 -0.0476212 0.99828 -0.0346448 -2.81993 -0.924859 -0.0571686 -0.376062 71.1256
-0.390831 0.0134795 0.920396 131.209 -0.0468897 0.998318 -0.0345316 -2.84973 -0.919297 -0.0566511 -0.389536 70.6671
-0.404014 0.0122945 0.914698 132.3 -0.0464326 0.99836 -0.0339271 -2.89495 -0.913604 -0.0561769 -0.402775 70.1968
-0.418708 0.0143501 0.90804 133.406 -0.0450482 0.998331 -0.0365493 -2.93275 -0.907033 -0.056207 -0.417358 69.7159
-0.43442 0.0155054 0.900607 134.488 -0.0449416 0.998248 -0.0388638 -2.9783 -0.899621 -0.0573559 -0.432954 69.2144
-0.448001 0.0168053 0.893909 135.551 -0.0434545 0.998247 -0.0405449 -3.01941 -0.893008 -0.0570062 -0.446479 68.6988
-0.46249 0.0181054 0.88647 136.609 -0.0413647 0.998277 -0.041969 -3.07156 -0.885692 -0.0560767 -0.460937 68.1585
-0.477741 0.021377 0.878274 137.676 -0.0403858 0.998127 -0.0462622 -3.11864 -0.877605 -0.0575688 -0.475976 67.5948
-0.491657 0.0232252 0.870511 138.734 -0.0395438 0.998033 -0.0489607 -3.17356 -0.869925 -0.0584929 -0.489763 67.0198
-0.507339 0.0210607 0.861523 139.802 -0.039857 0.998072 -0.0478701 -3.24137 -0.860858 -0.0586218 -0.505515 66.4203
