0.999022 -0.00060708 0.0441954 0.0392884 0.000713495 0.999996 -0.00239527 -0.0295571 -0.0441938 0.00242449 0.999019 0.997147
0.998897 -0.00262358 0.0469108 0.0337827 0.00287368 0.999984 -0.00526121 -0.013299 -0.0468962 0.00539022 0.998887 1.02971
0.998977 -0.00127777 0.0451905 0.0363452 0.00148548 0.999987 -0.00456458 -0.0300304 -0.045184 0.00462671 0.998967 0.979321
0.99883 0.00278468 0.0483141 0.0167991 -0.00262791 0.999992 -0.00330673 -0.0107871 -0.0483229 0.00317634 0.998828 1.02145
0.998934 -0.00267712 0.0460686 0.028002 0.00264913 0.999995 0.000668233 -0.00780515 -0.0460701 -0.000545877 0.998937 0.983058
0.998891 -0.00129339 0.047094 0.0342023 0.00132346 1 -0.000606109 -0.00071406 -0.0470933 0.000668131 0.998892 0.996151
0.998835 -0.00329143 0.0481235 0.0365267 0.0034192 0.99999 -0.00257409 0.00461643 -0.0481144 0.00273524 0.998837 1.02816
0.999008 -0.00247591 0.0444791 0.0345598 0.00255092 0.999997 -0.00162642 -0.0478639 -0.0444749 0.00173862 0.999011 0.970459
0.998923 0.000544336 0.0463895 0.0369978 -0.000535359 0.999998 -0.000210266 0.0213144 -0.0463893 0.000184916 0.998922 0.980766
0.998862 -0.000752347 0.0477047 0.0427214 0.000705821 1 0.000996071 -0.0010087 -0.0477055 -0.000960942 0.998863 1.01068
0.998946 0.000146205 0.0458956 0.0134025 -0.000160063 0.999998 0.000296312 -0.0255419 -0.0458955 -0.000303764 0.998945 0.970896
0.998767 -0.000271816 0.0496691 0.0445421 0.000259275 1 0.000257742 -0.00622223 -0.0496693 -0.000244101 0.998768 1.00555
0.998912 -0.000116915 0.0466188 0.0379613 0.000129543 0.999998 -0.000266317 -0.0103587 -0.0466186 0.000271623 0.998911 0.966453
0.998901 -0.00155989 0.0468598 0.0350145 0.00156875 1 -0.000152925 -0.0272534 -0.0468597 0.000226697 0.998903 0.970763
0.998876 -0.00129351 0.0473634 0.0289591 0.00132685 0.999997 -0.000673315 0.0121049 -0.0473623 0.000735047 0.998877 0.99551
0.998932 -0.00340487 0.0461012 0.0257182 0.00340342 0.999996 0.000110459 -0.0108684 -0.0461014 4.69181e-05 0.998937 0.977658
0.998959 0.000361122 0.0455953 0.0288478 -0.000347796 0.999998 -0.000300445 -0.0100151 -0.0455954 0.000283941 0.99896 0.952066
0.998844 -0.0012752 0.0480682 0.0447905 0.0013533 0.999999 -0.00159402 -0.00824421 -0.048066 0.00165742 0.998843 0.994899
0.998876 -0.00413838 0.0472228 0.0290406 0.00423422 0.999988 -0.00192765 -0.0350254 -0.0472144 0.00212519 0.998883 0.970356
0.998954 0.00094387 0.0457294 0.039491 -0.000872609 0.999999 -0.00157835 0.0069623 -0.0457307 0.00153695 0.998953 0.9497
0.998896 -0.00241813 0.046915 0.0523386 0.00255893 0.999992 -0.00294295 -0.0119202 -0.0469078 0.00305954 0.998894 0.972603
0.998888 -0.00364646 0.047018 0.0384577 0.00380512 0.999988 -0.00328386 -0.017865 -0.0470051 0.00345934 0.998889 0.98351
0.998978 -0.00111449 0.0451741 0.0229667 0.00123507 0.999995 -0.00264202 0.0104142 -0.0451714 0.00269487 0.998975 0.980348
0.999008 -0.00515272 0.044246 0.0306211 0.00514149 0.999988 0.000369396 -0.00325023 -0.0442471 -0.000141288 0.999021 0.991474
0.999114 -0.00221384 0.042009 0.0364452 0.00227537 0.999996 -0.00141749 -0.0198169 -0.0420059 0.00151149 0.999117 1.02393
0.999238 -0.00179532 0.0390279 0.0507799 0.00189329 0.999996 -0.00247035 -0.00746566 -0.0390231 0.00254262 0.999236 1.00459
0.999346 7.77227e-05 0.036138 0.0373515 -9.74978e-05 0.999999 0.000543213 -0.0117591 -0.036138 -0.000546644 0.999347 1.00239
0.999339 -0.00147498 0.0363488 0.0487736 0.0014641 0.999999 0.000326554 -0.00136225 -0.0363492 -0.000272928 0.999339 1.02753
0.999437 -0.000637005 0.0335187 0.0223145 0.000631617 0.999999 0.00017228 -0.0158435 -0.0335189 -0.000151265 0.999438 1.0044
0.99942 0.00283347 0.033955 0.0296077 -0.00275515 0.999994 -0.00235464 -0.00359161 -0.0339613 0.00225993 0.999421 1.03925
0.999449 0.00107902 0.0331233 0.0366712 -0.00103665 0.999998 -0.00129412 -0.00508579 -0.0331248 0.00125887 0.999451 1.05781
0.999525 -0.00142925 0.030829 0.0256341 0.00146186 0.999999 -0.00103868 0.00586993 -0.0308274 0.00108337 0.999524 1.03492
0.999517 -0.0015962 0.0309857 0.024235 0.00157211 0.999998 0.000804394 -0.0150966 -0.030987 -0.000755434 0.999519 1.04264
0.999516 0.000835456 0.0311519 0.0112955 -0.000848458 1 0.000402993 -0.0124156 -0.0311516 -0.000429057 0.999515 1.06255
0.99956 -0.000114145 0.0296381 0.0231836 0.000116202 0.999999 -6.6989e-05 -0.00303996 -0.0296381 7.02142e-05 0.99956 1.07322
0.999602 -0.00248839 0.0281437 0.0251539 0.00249027 0.999998 -3.26468e-05 -0.00602085 -0.0281436 0.000102936 0.999604 1.09065
0.999683 -0.0034034 0.0248749 0.0326152 0.00342704 0.999993 -0.000905793 -0.0048218 -0.0248717 0.000990544 0.99969 1.0982
0.999727 -0.00477499 0.0229282 0.0285163 0.00478684 0.99999 -0.000462943 0.0117739 -0.0229257 0.000572817 0.999738 1.10943
0.999753 -0.00539203 0.0215424 0.0239756 0.00539266 0.999984 2.96039e-05 -0.00484589 -0.0215423 8.63357e-05 0.999768 1.13426
0.999839 -0.00466674 0.0173899 0.021746 0.00465203 0.999991 0.000885154 0.00687971 -0.0173939 -0.000803881 0.999848 1.12789
0.999862 -0.00249346 0.0164129 0.0172339 0.00249728 0.999995 -0.00021112 -0.0135552 -0.0164123 0.000251847 0.999866 1.15405
0.99989 -0.00197154 0.0146989 0.0156754 0.001955 1 0.00113814 -0.0115966 -0.0147011 -0.00110905 0.999891 1.14844
0.999912 -0.000382713 0.0132377 0.00577635 0.000367014 0.999997 0.00118967 -0.0092359 -0.0132381 -0.00118495 0.999912 1.15908
0.999919 -0.000192715 0.0127718 -0.00690306 0.000193089 1 -3.10797e-05 -0.0143764 -0.0127718 3.37835e-05 0.999919 1.16515
0.999919 0.000151025 0.0126849 0.0100785 -0.000117035 0.999995 -0.00267293 -0.00150108 -0.0126853 0.002671 0.999916 1.1886
0.999955 -0.000512455 0.00949316 0.0185403 0.000539268 0.999997 -0.00283006 -0.0163699 -0.00949168 0.00283531 0.999951 1.1888
0.999951 -8.92452e-06 0.00988007 0.0155141 3.28533e-05 0.999996 -0.00241888 0.00149792 -0.00988 0.00241879 0.999948 1.23719
0.999976 0.000710538 0.00695089 0.0090121 -0.00070466 1 -0.000848151 -0.00391346 -0.0069515 0.000843603 0.999976 1.25743
0.999983 0.000177387 0.00580109 0.0227899 -0.000175234 0.999999 -0.000373034 -0.0043041 -0.00580107 0.000371706 0.999983 1.28244
0.999982 -0.00121731 0.00586082 0.00294358 0.00122645 0.999999 -0.00154135 -0.000307293 -0.00585895 0.00154889 0.999982 1.28529
0.999992 0.00116002 0.00416593 0.00823914 -0.00115276 0.999998 -0.00177635 -0.00892833 -0.00416802 0.00177116 0.99999 1.3358
0.999991 -0.000230319 0.00409958 -0.00569976 0.000231536 1 -0.000255516 -0.0102716 -0.00409952 0.000256818 0.999992 1.3442
0.999994 0.000267217 0.00360599 -0.00637697 -0.000268333 1 0.000259529 -0.000734309 -0.00360594 -0.000260737 0.999993 1.37619
0.999998 -0.000847449 0.00181706 -0.00303426 0.000843207 0.999996 0.00241685 0.00336007 -0.00181905 -0.00241506 0.999996 1.38689
0.999998 -9.00893e-05 0.00217367 -0.00243481 8.92856e-05 1 0.000335573 -0.00470864 -0.00217376 -0.00033567 0.999997 1.41338
0.999994 -0.00208588 0.0025371 -0.0088705 0.00208443 0.999997 0.000607879 -0.0103879 -0.00253829 -0.00060234 0.999997 1.42742
1 -0.000119118 -0.000427347 0.00352367 0.000118898 1 -0.000470932 0.0123246 0.000427329 0.000470741 1 1.45615
0.999997 -0.00140442 0.00186457 -0.00222534 0.00140502 0.999999 -0.000311112 -0.00801154 -0.00186406 0.000313869 0.999998 1.47457
1 -3.8549e-05 -0.000474958 -0.00449068 3.8268e-05 1 -0.000588724 0.00283736 0.000474913 0.000588453 1 1.49344
0.999998 0.000766204 -0.00157927 -0.0144176 -0.000767195 1 -0.000691064 -0.0165892 0.00157891 0.000692376 0.999999 1.51381
1 0.000190352 -0.000356654 -0.0187714 -0.000190354 1 0.000258366 -0.00903653 0.00035646 -0.000258424 1 1.52047
0.999996 0.000148154 -0.00293425 -0.00876318 -0.000146417 1 0.000547411 0.00765049 0.00293465 -0.000546814 0.999995 1.56015
1 -0.000508556 -0.00125634 -2.42786e-05 0.000507636 0.999999 -0.000630927 -0.00663085 0.00125631 0.000630116 0.999999 1.5724
0.999999 -1.10938e-05 0.000364742 0.00510312 1.12595e-05 1 -3.4398e-05 0.000727065 -0.000364333 3.45805e-05 1 1.57934
0.999997 -0.00140753 -0.00253406 -0.00977585 0.00140595 0.999999 -0.000606328 0.00406774 0.00253446 0.000602517 0.999998 1.60338
0.999998 0.00131369 0.00081899 0.00311168 -0.00131432 0.999998 0.000819232 0.00642614 -0.000817527 -0.000819967 0.999999 1.60645
0.999992 -0.0016955 -0.00382362 -0.0237099 0.00170156 0.999997 0.00155852 0.0149837 0.00382075 -0.00156557 0.999993 1.67819
0.999997 -0.00166652 -0.00109214 -0.00536104 0.00166825 0.999997 0.00156476 -0.00444602 0.00108973 -0.00156599 0.999997 1.64978
1 -0.000845033 0.000270398 -0.00792924 0.000845671 0.999996 -0.00252839 -0.0145706 -0.000268464 0.00252804 0.999998 1.65303
0.999994 -0.00203925 -0.00208808 0.00399898 0.00203815 0.999998 -0.000565034 -0.00248148 0.0020895 0.000561368 0.999997 1.68838
1 0.000115552 -0.00115026 -0.0137156 -0.000115481 1 0.000124328 0.0186229 0.00115008 -0.000124787 1 1.6961
0.999999 -0.000235654 0.000918531 -0.0126378 0.000235168 1 0.000681608 -0.014162 -0.000918441 -0.000680942 0.999999 1.7132
1 -0.00044312 -0.00123539 -0.00896377 0.000442635 1 -0.000260211 0.018875 0.00123536 0.000259172 1 1.74634
0.999997 -0.00156769 0.00134682 0.00405382 0.00156673 0.999999 0.00084541 -0.0296757 -0.001348 -0.00084293 0.999999 1.72694
0.999999 -0.00109855 -0.00198923 -0.0116766 0.00109871 0.999999 0.000275933 0.0181956 0.00198862 -0.000278347 0.999999 1.79081
0.999999 -0.000310207 0.00020675 -0.000550336 0.000310795 1 -0.000608058 -0.0215082 -0.000206299 0.000608317 1 1.79796
1 0.000768048 0.0017505 0.00488816 -0.000766207 0.999999 -0.00132344 0.00392855 -0.0017519 0.00132195 0.999999 1.76472
0.999998 0.000618835 -0.00114191 0.00206604 -0.000618565 1 -0.000288633 -0.000224587 0.00114206 0.000289447 0.999999 1.83162
1 0.000636195 0.000357579 -0.0032007 -0.000636687 0.999999 -0.000270917 -0.0128785 -0.000358082 0.000270609 1 1.83541
0.999997 0.000813791 0.00177947 0.00394557 -0.000813406 1 0.000172063 -0.00020883 -0.00177902 -0.000173433 0.999999 1.83643
1 0.000915206 -0.000671466 -0.00572283 -0.000915073 0.999999 0.00120744 -0.0203914 0.000672175 -0.00120688 0.999999 1.87543
0.999996 0.00228959 0.00010055 -0.0130233 -0.00228893 0.999997 -0.00047949 0.0030153 -0.00010127 0.000479208 1 1.87219
0.999999 0.000321325 0.00251121 -0.00752562 -0.000320964 1 -0.000390992 -0.017589 -0.00251176 0.000390197 0.999998 1.87598
0.999998 0.00114326 0.000633084 -0.0030513 -0.00114196 0.999999 -0.00101708 0.0107113 -0.000633889 0.00101634 0.999999 1.91407
0.999984 -0.00065304 0.00590886 0.00193526 0.000655079 0.999999 -0.000460011 -0.0147572 -0.00590891 0.000463884 0.999983 1.89807
0.999992 0.00169753 0.00321558 -0.0124892 -0.00169675 1 -3.63574e-05 -0.0123366 -0.00321528 3.07844e-05 0.999995 1.92638
0.999989 0.00183631 0.00452894 -0.00614697 -0.00183971 0.999997 0.000604853 0.0027333 -0.00452821 -0.000613007 0.99999 1.94307
0.999978 0.000599769 0.00640776 0.00597566 -0.000595527 1 -0.000568877 -0.00687451 -0.00640776 0.000564866 0.999979 1.94425
0.999998 0.000173568 0.00255285 -0.0124264 -0.000171575 0.999998 -0.00101013 -0.00842017 -0.00255341 0.0010099 0.999997 1.96462
0.999989 -0.000450116 0.00439746 -0.0146798 0.000453882 1 -0.000719826 -0.00319424 -0.00439677 0.000721605 0.99999 1.9594
0.999981 0.000687604 0.00643823 -0.00786669 -0.000686575 0.999999 -0.000257131 0.00272583 -0.00643879 0.000252937 0.99998 1.97895
0.999992 0.000926345 0.00346714 -0.0197026 -0.000927012 1 0.000355757 -0.000325713 -0.00346642 -0.0003592 0.999993 1.98395
0.99998 0.00163923 0.00643869 -0.00426928 -0.00163828 0.999998 -0.00025327 -0.000541248 -0.00643945 0.000243037 0.99998 2.00736
0.999992 -0.000211923 0.00340609 -0.018068 0.000205958 0.999999 0.0019353 -0.000550432 -0.00340608 -0.00193488 0.999992 2.01716
0.99999 -0.000592124 0.00493148 -0.0155921 0.000590655 0.999999 0.000176323 -0.0085236 -0.00493196 -0.000173101 0.999988 2.02238
0.999973 -0.0010416 0.00686455 -0.00697104 0.00104807 1 -0.00085411 -0.0090358 -0.00686331 0.000860954 0.999976 2.0263
0.999998 0.000539457 0.00316765 -0.018905 -0.000537803 0.999999 -0.000743076 0.00171235 -0.00316841 0.000741779 0.999995 2.05053
0.999985 -0.000629939 0.00486347 -0.00830475 0.000626667 1 0.000816669 -0.00799834 -0.00486363 -0.000813989 0.999988 2.07085
0.999978 0.000319656 0.00706925 -0.0141115 -0.000329105 0.999999 0.00123534 0.00429091 -0.00706922 -0.00123726 0.999975 2.05817
0.999991 0.000789479 0.0032669 -0.00654116 -0.00078655 1 -0.00066695 -0.0018536 -0.00326702 0.000663944 0.999994 2.07261
0.999978 0.000141125 0.00716542 -0.00664047 -0.000142655 1 0.00010462 0.00369203 -0.0071658 -0.000105238 0.999974 2.06033
0.999991 -0.00214081 0.00276994 -0.0023627 0.00213831 0.999997 0.00117834 0.00405002 -0.00277208 -0.00117275 0.999996 2.08909
0.999995 -0.000324167 0.00401956 -0.00726478 0.000319114 1 0.00105425 -0.033042 -0.0040203 -0.00105253 0.999991 2.08932
0.999979 0.000169463 0.00595397 0.00658514 -0.000164393 0.999999 -0.000712621 -0.0361537 -0.00595372 0.000711181 0.999982 2.08878
1 -0.000219652 0.000321187 -0.0253658 0.000219028 1 -0.000781726 -0.0160948 -0.000321413 0.000782186 0.999999 2.13624
0.99999 0.00118839 0.00371961 -0.0123853 -0.00118849 0.999999 0.000257341 -0.014342 -0.00371885 -0.000262107 0.999994 2.10953
0.999977 0.00169272 0.00703193 0.0209115 -0.0016949 0.999999 0.000197599 -0.0209704 -0.00703199 -0.000209122 0.999975 2.10919
0.999991 0.00220489 0.00279597 -0.000111185 -0.00220048 0.999997 -0.00134863 -0.0247208 -0.0027985 0.00134203 0.999996 2.17597
0.999983 0.00050353 0.00637488 0.00071495 -0.00050165 1 -0.00037484 0.0134194 -0.00637551 0.000371912 0.99998 2.13773
0.999992 0.000154339 0.00347717 -0.0109016 -0.000156201 1 0.000709344 -0.0342177 -0.00347659 -0.000710075 0.999995 2.17219
0.999993 0.000683543 0.00434795 -0.00513681 -0.000679796 0.999999 -0.000989028 -0.00761701 -0.00434895 0.00098623 0.999989 2.17035
0.99998 0.000380488 0.00593717 -0.00602058 -0.000377268 1 -0.000447852 -0.0148227 -0.00593692 0.00044544 0.999984 2.16833
0.999998 0.000972802 0.00298083 -0.0215183 -0.000975085 0.999999 0.000565649 -0.0174242 -0.00298059 -0.000568385 0.999994 2.19017
0.999988 -0.000992548 0.00410719 -0.0045094 0.000992956 1 4.78208e-05 -0.0137655 -0.00410696 -4.38859e-05 0.999993 2.19415
0.99999 -0.00142837 0.00495097 -0.0336198 0.00143053 0.999999 -0.000583788 -0.0125239 -0.00495052 0.00059092 0.999986 2.21419
0.999994 0.000231403 0.00228984 -0.00959726 -0.000229292 1 -0.000621244 -0.0149812 -0.00228967 0.000620645 0.999998 2.20923
0.999995 -0.000349101 0.00403312 -0.00885697 0.000353809 0.999999 -0.00133403 -0.014132 -0.00403292 0.00133552 0.99999 2.2122
0.999983 0.00030595 0.00539296 -0.000477426 -0.000302222 1 -0.000571123 -0.0172234 -0.00539291 0.000569393 0.999986 2.23226
0.999998 -0.000272375 0.00301899 -0.00900977 0.000272506 1 -0.000253353 -0.0103286 -0.00301918 0.000254304 0.999994 2.24648
0.999989 0.000100067 0.00418293 -0.000942749 -9.82635e-05 1 -0.000280755 -0.0162967 -0.00418271 0.000280212 0.999993 2.25389
0.999998 -0.000199055 0.00259319 -0.00971655 0.000197556 1 0.000325596 -0.0114485 -0.00259349 -0.000324929 0.999995 2.26376
0.999988 -0.00156793 0.00449432 -0.00275935 0.00156933 0.999999 -0.00017456 -0.00801669 -0.00449383 0.000181418 0.999991 2.28072
0.999987 -0.00177722 0.00494683 -0.0122579 0.00177845 0.999998 -0.000358223 -0.0168427 -0.00494632 0.00036712 0.999986 2.26278
0.999998 -0.000454585 0.00185165 -0.000451545 0.000455052 1 5.07958e-05 -0.015931 -0.00185154 -5.0249e-05 1 2.30813
0.999995 0.000712014 0.00323716 -0.00978123 -0.000715897 1 0.00104335 -0.0101033 -0.00323647 -0.00104534 0.999993 2.30651
0.999989 0.000541199 0.00454294 -0.0188552 -0.000537244 0.999999 -0.000768399 -0.00983283 -0.00454327 0.000765622 0.999991 2.31701
1 0.000802571 0.00104281 -0.0150432 -0.000800729 0.999997 -0.00222671 -0.00528798 -0.00104466 0.0022262 0.999996 2.28734
0.999992 0.000402793 0.00407877 -0.0141525 -0.000397515 1 -0.00117765 -0.0192049 -0.00407938 0.00117602 0.999992 2.34278
0.999988 0.0011831 0.00475803 0.00402461 -0.00117704 0.999997 -0.0013816 -0.00365394 -0.00475949 0.00137593 0.999986 2.32892
0.999999 0.00101086 0.00126919 -0.0198167 -0.00100865 1 -0.00128374 -0.0125979 -0.00127073 0.00128263 1 2.29541
0.999983 -0.000418855 0.00583882 -0.0110108 0.000417443 0.999999 0.000141945 -0.0195947 -0.00583861 -0.000139797 0.999982 2.34442
0.999998 0.00028299 0.00208787 -0.00764237 -0.000284048 1 0.000776966 -0.00197412 -0.0020879 -0.000777187 0.999998 2.33705
0.999992 0.000260238 0.00410588 -0.00713184 -0.000261932 0.999999 0.0002843 -0.00869814 -0.00410557 -0.000285715 0.999991 2.35661
0.999985 -0.000744315 0.00541781 -0.0096127 0.000743481 1 0.000249674 -0.0172884 -0.00541818 -0.000245294 0.999986 2.38808
0.999997 0.000937865 0.00255157 -0.0138981 -0.00093828 0.999999 -5.68613e-05 -0.00442804 -0.00255144 5.42082e-05 0.999996 2.33492
0.999992 0.000147462 0.00397715 -0.00433829 -0.000142097 1 -0.00121149 -0.00940568 -0.0039775 0.00121118 0.999993 2.38277
0.99999 -0.000172799 0.00459249 -0.0130909 0.000175193 0.999999 -0.000635702 -0.0173112 -0.0045922 0.000636238 0.999988 2.39084
0.999998 -0.000728975 0.00171683 -0.0123275 0.000729853 1 -0.000209263 -0.0132519 -0.00171681 0.000210777 1 2.38934
0.99999 -0.000885267 0.00443681 -0.00492829 0.00088157 0.999999 0.00072921 -0.0169945 -0.0044373 -0.000725567 0.999989 2.39748
0.999997 -0.00185016 0.000497715 -0.00713614 0.00185025 0.999998 0.000750593 -0.0137906 -0.000499289 -0.000749388 1 2.40133
0.999996 -0.000942187 0.00283691 -0.00202059 0.000941935 1 -8.97419e-05 -0.017385 -0.00283662 9.2133e-05 0.999995 2.40704
0.999988 5.74487e-05 0.0047443 0.00517369 -5.47748e-05 1 -0.000459227 -0.0235608 -0.00474449 0.000459264 0.99999 2.42473
1 0.000653415 0.00138061 -0.00477463 -0.000652362 0.999999 -0.0011083 -0.0138449 -0.0013812 0.00110709 0.999997 2.38951
0.999994 5.93358e-05 0.00316033 -0.00166294 -5.75465e-05 1 -0.000410714 -0.0143438 -0.00316047 0.000410837 0.999996 2.39944
0.999984 0.000752389 0.00578019 0.00529311 -0.000744339 0.999999 -0.00149001 -0.0269738 -0.00578117 0.00148536 0.999981 2.40868
0.999998 0.00140937 0.00124663 -0.0249675 -0.00140794 0.999998 -0.000704256 -0.0095237 -0.00124776 0.000702833 1 2.39359
0.999995 -0.000360102 0.00320125 -0.0011068 0.000360384 1 -0.000283453 -0.0109817 -0.00320107 0.000284223 0.999993 2.4171
0.999987 -0.00140312 0.00481087 -0.000633106 0.00139718 0.999997 0.00135878 -0.027589 -0.00481274 -0.00135164 0.999989 2.43199
0.999997 -5.06991e-05 0.00221713 -0.0160026 4.69634e-05 1 0.00142555 -0.00556532 -0.00221716 -0.00142579 0.999994 2.40008
0.999983 0.000444466 0.00595001 -0.00812098 -0.000446642 0.999999 0.000466541 -0.00618972 -0.00594985 -0.000468843 0.999985 2.43919
0.999997 0.00117511 0.00147363 -0.0345173 -0.00117611 1 0.000267107 -0.0127668 -0.00147324 -0.000269209 0.999996 2.42227
0.999994 0.00134042 0.00360822 -0.00901737 -0.00133632 0.999998 -0.000969283 -0.0143392 -0.00360948 0.000964903 0.999996 2.43066
0.999976 0.000519945 0.0065979 0.00408197 -0.000522635 1 0.000320745 -0.00809933 -0.00659769 -0.00032466 0.999975 2.43958
1 0.00076845 0.00189981 -0.0267398 -0.000767857 0.999999 -1.32767e-05 -0.026385 -0.00189977 1.22873e-05 1 2.40875
0.999989 0.000902779 0.00437607 -0.00611344 -0.000904112 1 0.000162303 -0.0125163 -0.00437592 -0.000166797 0.999987 2.43225
0.99998 0.000659906 0.00648979 -0.00677226 -0.00066208 1 0.000425654 -0.0265251 -0.00648951 -0.000429385 0.999982 2.43043
0.999995 0.00101927 0.00249599 -0.0242836 -0.00101943 1 -0.000188019 -0.00851854 -0.00249619 0.000184933 0.999993 2.39999
0.999994 -0.00088291 0.00401884 -0.0213513 0.000886978 0.999999 -0.000845028 -0.0131503 -0.00401808 0.000849063 0.999995 2.4219
0.99998 -0.000623143 0.00588208 -0.0025433 0.000615947 0.999999 0.00111824 -0.0127784 -0.00588278 -0.00111512 0.999979 2.40108
0.999999 0.000462568 0.00261587 -0.0129347 -0.000461643 1 -0.000108724 -0.0116371 -0.00261596 0.000108013 0.999999 2.39963
0.999972 -5.96148e-05 0.00710802 -0.000664353 6.00672e-05 1 -0.00015446 -0.0156558 -0.00710798 0.000154382 0.999973 2.41916
0.999998 -0.000659064 0.00290702 -0.0105801 0.000662432 1 -0.000932298 -0.0103678 -0.00290646 0.000934728 0.999998 2.43928
0.999988 -0.00117562 0.00409077 -0.00660123 0.00117631 0.999999 -0.000318981 -0.00473883 -0.00409031 0.00032326 0.999989 2.43971
0.999984 -0.0014641 0.00589503 -0.0147975 0.0014633 0.999998 0.000252477 -0.0295992 -0.00589545 -0.000243348 0.999985 2.42138
0.999995 -0.00145065 0.00197387 -0.0173799 0.00145209 1 -0.00112135 -0.0258427 -0.00197222 0.00112372 0.999996 2.45311
0.999996 -0.000880419 0.00336766 -0.00710583 0.000881378 0.999997 -6.23836e-05 -0.0011626 -0.00336761 6.5846e-05 0.999997 2.42173
0.999983 -0.00102589 0.00519598 -0.0103951 0.00102552 1 -5.64565e-05 -0.0202569 -0.00519599 6.13468e-05 0.999985 2.4438
1 -0.000897808 0.00128578 -0.00530094 0.000899639 0.999998 -0.000833287 -0.0195674 -0.00128504 0.000834947 1 2.4215
0.999985 -0.000237562 0.00530703 -0.00466894 0.000233754 1 0.000605963 -0.0100883 -0.00530711 -0.000605399 0.999986 2.4693
1 -0.000661386 0.00170347 -0.021794 0.000662156 1 -8.85533e-05 0.00150814 -0.00170341 9.03737e-05 0.999998 2.44362
0.999992 0.00064844 0.00369407 -0.000236973 -0.000647472 1 -0.000444539 -0.00301033 -0.00369436 0.000441469 0.999994 2.46556
0.999987 -0.00040616 0.00546476 -0.00303014 0.000409983 0.999999 -0.000579064 -0.0165671 -0.00546449 0.000581972 0.999985 2.50331
0.999995 -0.000329486 0.00233021 -0.0223266 0.000329554 1 -0.000304598 -0.00861776 -0.00233022 0.000304626 0.999998 2.51441
0.999995 0.000595039 0.00375366 -0.00710783 -0.000593722 0.999999 -0.000171454 0.0065467 -0.0037536 0.000169904 0.999992 2.50392
0.999984 -0.00103536 0.00539086 -0.0104479 0.00103036 1 0.000786209 -0.00946638 -0.00539184 -0.000781288 0.999986 2.52264
1 -0.00063972 0.000619885 -0.0108962 0.000639732 0.999999 0.00124428 -0.0125433 -0.000620521 -0.00124325 0.999999 2.53552
0.999996 -0.00154422 0.00172474 -0.0117671 0.00154238 1 0.000614935 -0.00189197 -0.0017258 -0.000612914 0.999999 2.5219
0.999992 0.000431395 0.00444631 -0.00689278 -0.000433998 0.999999 0.000757704 -0.00516651 -0.00444594 -0.000758953 0.99999 2.53044
0.999999 0.000493888 0.000994096 -0.022914 -0.000495084 1 0.000418429 -0.0017324 -0.000993915 -0.000419581 1 2.57138
0.999989 -0.000888699 0.00469752 0.00603492 0.000883153 0.999998 0.00134713 -0.00476519 -0.00469844 -0.00134226 0.999987 2.58833
0.999999 0.000274163 0.00111708 0.00805736 -0.00027555 1 0.000555294 -0.0162016 -0.00111734 -0.000556309 1 2.58981
0.999999 0.000163669 0.00170538 -0.0414713 -0.000162811 0.999999 -5.89855e-05 -0.000789272 -0.0017051 5.94086e-05 0.999997 2.58393
0.999989 0.000631041 0.00450796 -0.0282267 -0.000622344 0.999998 -0.00209017 -0.00596169 -0.00450946 0.00208661 0.999988 2.61553
0.999999 0.000837823 0.00190966 -0.0192433 -0.000835571 0.999998 -0.000804604 -0.000665376 -0.00191009 0.000803693 0.999998 2.62587
0.999984 0.00179602 0.00517575 -0.0414569 -0.00180908 0.999996 0.00235598 0.00131654 -0.00517169 -0.00236589 0.999984 2.62833
0.999974 0.00184492 0.00717167 -0.045341 -0.00185023 0.999998 0.00085358 0.00119399 -0.00716978 -0.000866222 0.999975 2.67484
0.999991 0.000503122 0.00390945 -0.0133795 -0.000507823 1 0.000981381 -0.0107324 -0.00390923 -0.000983949 0.999992 2.65238
0.99999 -0.000883107 0.00466534 -0.0244271 0.000882508 0.999999 0.000318948 -0.00617839 -0.00466525 -0.000314323 0.99999 2.67323
0.999977 -0.00168538 0.00640433 -0.0245481 0.00168239 0.999999 0.000332992 -0.014443 -0.00640522 -0.000322723 0.999979 2.68293
1 -0.00117091 0.00172863 -0.0105798 0.00117114 0.999999 0.000347453 -0.00587323 -0.00172867 -0.000344836 1 2.69437
0.999977 -0.00139544 0.00636452 -0.0274761 0.00138575 0.999998 0.00139195 -0.00848429 -0.00636674 -0.00138371 0.999977 2.6909
1 0.000269081 0.001248 -0.0190473 -0.00027008 0.999999 0.00152911 -0.0146777 -0.00124725 -0.00152899 1 2.69094
0.999988 0.000335998 0.00447814 -0.0220563 -0.000343146 0.999999 0.00137945 -0.0203277 -0.00447803 -0.00138138 0.999987 2.70162
0.999978 0.00052514 0.00696143 0.00284689 -0.000526083 1 0.000275275 -0.00969338 -0.00696095 -0.000278563 0.999978 2.68978
0.999998 -0.000460483 0.000517857 -0.0256095 0.00045926 0.999999 0.000535285 -1.62624e-05 -0.000518499 -0.000535341 0.999998 2.69759
0.999989 -0.00159338 0.00477869 -0.00898182 0.00158835 0.999999 0.00126009 -0.0133998 -0.0047802 -0.00125213 0.99999 2.69715
0.999972 0.000173733 0.007197 0.00439267 -0.000187305 0.999998 0.00175829 -0.0175634 -0.00719738 -0.00175982 0.999971 2.71597
1 0.0017249 0.00108879 -0.0365882 -0.00172542 1 0.00130281 -0.00984465 -0.00108576 -0.00130445 1 2.71165
0.999991 -0.000366126 0.00362885 -0.00292265 0.000357263 0.999995 0.00219491 -0.00172268 -0.00363056 -0.0021938 0.999987 2.72755
0.999988 -0.000800951 0.00537888 -0.00828027 0.000793134 1 0.00161931 -0.00157296 -0.00537917 -0.00161481 0.999988 2.72478
0.999996 0.00180849 0.000658801 -0.00767151 -0.00181009 0.999995 0.00116185 -0.0269007 -0.000657571 -0.00116328 0.999996 2.74512
0.999982 0.00349804 0.00543993 0.00406951 -0.00349337 0.999997 -0.000706412 -0.00123099 -0.00544155 0.000687614 0.999988 2.7201
0.99999 0.00337121 0.00143574 -0.0356792 -0.00337092 0.999992 -0.000817257 -0.0143948 -0.00143932 0.000812234 0.999996 2.71764
0.999994 0.000969189 0.00415097 -0.0276013 -0.000974872 1 0.00158174 -0.00186017 -0.00414857 -0.0015856 0.999993 2.72301
0.999975 -0.00114763 0.00657971 -0.0039465 0.00112836 0.999994 0.00279128 -0.00549918 -0.0065835 -0.00278387 0.999972 2.7005
1 0.0013721 0.00166232 -0.0115349 -0.00137139 1 0.000111679 -0.0254259 -0.00166151 -0.00011385 1 2.73663
0.99999 0.00142539 0.00373841 -0.0205677 -0.00142951 0.999996 0.00087265 -0.0145243 -0.00373795 -0.000878097 0.999989 2.73184
0.999988 0.000341009 0.00532298 -0.0227881 -0.000351971 1 0.002223 -0.00758299 -0.00532142 -0.00222476 0.999988 2.73231
0.999989 0.00293344 0.00259147 -0.0144273 -0.00293953 0.999991 0.00201156 -0.0122018 -0.00258637 -0.00201919 0.99999 2.73685
0.999993 0.00123556 0.0042202 -0.022447 -0.00123495 1 5.75585e-05 -0.017774 -0.00421939 -6.2759e-05 0.999996 2.70853
0.999975 0.000292881 0.00666363 -0.0172585 -0.000297414 0.999997 0.00054983 -0.0106469 -0.00666416 -0.000551818 0.999973 2.68433
1 -9.55592e-05 0.00172652 -0.0150207 9.41673e-05 1 0.00127397 -0.00409623 -0.00172601 -0.00127386 1 2.74134
0.999978 -0.000126249 0.00627878 -0.0160404 0.000114888 0.999996 0.00167925 -0.0141954 -0.00627963 -0.00167844 0.999975 2.69453
0.999999 0.00197629 0.00109515 -0.0233438 -0.00197596 1 0.000445727 -0.0362391 -0.00109386 -0.000447975 1 2.75911
0.999959 0.00831493 0.00316119 -0.034245 -0.00830841 0.999959 -0.00232932 -0.0473343 -0.00318101 0.00230328 0.999989 2.70222
0.99995 0.00711558 0.00730796 -0.023199 -0.00703791 0.999924 -0.0104765 0.00446023 -0.00738152 0.0104242 0.999921 2.68083
0.999975 -0.00672549 0.000291869 -0.0151943 0.00672541 0.99997 -0.00278532 -0.0469714 -0.000273556 0.00278753 0.999994 2.67581
0.999975 -0.00726769 0.00174234 -0.011993 0.00725951 0.999964 0.0051365 -0.0304828 -0.00177918 -0.00512402 0.999988 2.67736
0.999984 -0.00127424 0.00512037 -0.00215869 0.00121322 0.999927 0.011739 0.0111374 -0.00513552 -0.0117324 0.999916 2.7247
0.999986 0.00473693 0.00328512 -0.0214072 -0.00476463 0.999954 0.00875 0.00333369 -0.00324288 -0.00876565 0.999958 2.7003
0.999965 0.00504716 0.00612339 -0.00992834 -0.00507523 0.999974 0.00442041 0.0022768 -0.00610165 -0.00445124 0.99997 2.73589
0.999992 0.00203405 0.00426035 -0.0233798 -0.00203129 1 -0.000417975 -0.023811 -0.00426064 0.000409279 0.999993 2.68379
0.999976 -0.00466868 0.00419607 -0.0109814 0.00467404 0.999984 -0.00149441 -0.03667 -0.00418947 0.00151401 0.999988 2.71249
0.999978 -0.00543293 0.00488164 0.000696934 0.00545376 0.999981 -0.00407109 -0.0405821 -0.00485897 0.00409761 0.999981 2.70019
0.99999 -0.000909501 0.00337418 -0.00790692 0.000916241 0.999993 -0.002276 -0.0191259 -0.00337245 0.00227911 0.99999 2.67076
0.999986 -0.000164271 0.00594094 -0.0147214 0.000163587 1 0.000271509 -0.0115842 -0.00594063 -0.000270564 0.999984 2.69537
0.999978 -0.00150873 0.00603598 -0.00743729 0.00149606 0.999994 0.00195552 -0.007891 -0.00603929 -0.00194645 0.999979 2.72222
0.999992 -0.00127089 0.00477914 -0.0114716 0.0012632 1 0.00178461 -0.0122406 -0.00478102 -0.00177858 0.999989 2.59394
0.999992 -0.000725984 0.00262425 -0.00679384 0.000723639 0.999997 0.000541627 -0.0217636 -0.0026252 -0.000539798 0.999997 2.68942
0.999995 -0.00102936 0.00433594 -0.00431898 0.0010301 1 6.47364e-05 -0.00849871 -0.00433544 -6.0222e-05 0.999991 2.73489
0.999993 -0.00024791 0.00231412 -0.000469461 0.000248137 0.999998 -0.000565503 -0.0272222 -0.00231478 0.000565984 0.999998 2.60858
0.999999 -0.0010126 0.00344193 -0.0175844 0.00100369 0.999998 0.00294013 -0.0296687 -0.00344416 -0.00293666 0.99999 2.74353
0.999995 -0.000848969 0.000880497 -0.00600332 0.000844296 0.999992 0.0037442 -0.0112863 -0.000884263 -0.00374352 0.999993 2.64283
0.999994 -0.00169446 0.00433547 0.00757895 0.00168325 0.999995 0.00291032 -0.0212132 -0.0043398 -0.00290295 0.999986 2.6227
0.999983 0.000628053 0.00479703 -0.0130311 -0.00062538 0.999999 -0.000851368 -0.0184545 -0.00479818 0.000848351 0.999989 2.65633
0.999994 0.00366982 0.00327892 -0.00426753 -0.00365962 0.999991 -0.00270652 -0.0186765 -0.00328787 0.00269453 0.99999 2.57422
0.999975 0.00578306 0.00251123 -0.0196094 -0.0057871 0.999982 0.00107107 -0.0245097 -0.00250584 -0.00108568 0.999999 2.66446
0.999999 -0.000697418 0.00350635 -0.0133976 0.000698827 1 -1.74885e-05 -0.0178244 -0.00350544 2.00242e-05 0.999991 2.66107
0.999993 0.00155379 0.000957019 -0.013858 -0.0015555 0.999998 0.000448085 -0.0221636 -0.000957241 -0.000449663 1 2.64145
1 0.00185833 0.00216416 -0.0224478 -0.00185538 0.999999 -0.000789277 -0.00585832 -0.0021645 0.000785408 0.999996 2.6296
0.999992 -0.000261648 0.00280615 -0.011794 0.000258493 0.999999 0.00069334 -0.014404 -0.00280756 -0.000692743 0.999998 2.67944
1 -0.000297394 -0.000412736 -0.0115302 0.000299919 0.999995 0.00334619 -0.0264368 0.000413106 -0.00334612 0.999993 2.64206
0.999993 -0.00149102 0.00214902 -0.00238 0.00148042 0.999988 0.00439553 -0.0160619 -0.0021569 -0.00439252 0.99999 2.63142
0.999994 -0.00417398 -0.0021154 -0.00699262 0.0041882 0.999974 0.00618327 -0.0238039 0.00209088 -0.00619179 0.999977 2.68292
0.999993 -0.00115055 -0.00219452 -0.0028281 0.0011633 0.999977 0.00637482 -0.0504633 0.00218607 -0.0063777 0.999979 2.65173
0.999996 0.00388572 -0.00117114 -0.00922161 -0.00388555 0.999994 -0.000844392 -0.00291295 0.00116908 0.000849297 0.999997 2.62137
0.999962 0.00812014 -0.00186425 -0.0229761 -0.00812994 0.999956 -0.0047155 -0.0251774 0.00182485 0.00473017 0.99999 2.70073
0.999986 0.00573387 -0.0020978 -0.0209363 -0.00573421 0.999984 -0.000704364 -0.0251699 0.00209478 0.000716658 0.999995 2.6681
0.999986 0.00411749 -0.00167376 -0.00669979 -0.00411563 0.999989 0.00173221 -0.0477161 0.0016799 -0.0017257 0.999999 2.61039
0.999984 -0.00383634 -0.00507213 -0.0284358 0.00383759 0.999993 4.17927e-05 0.00696816 0.00507317 -6.09136e-05 0.999985 2.69764
0.999985 -0.000595385 -0.00478517 -0.00592684 0.000597235 0.999999 0.000586741 -0.0183963 0.00478375 -0.000589891 0.999991 2.66568
1 0.00256877 -0.000159593 -0.0162258 -0.00256797 0.999997 -0.00134287 -0.0294992 0.000157192 0.00134369 0.999997 2.63223
0.999963 0.00684022 -0.00444766 -0.0224487 -0.00684402 0.999976 -0.000615251 -0.026039 0.00444246 0.000645333 0.999993 2.67469
0.999969 0.00815917 0.00174863 -0.0267865 -0.00815918 0.999967 0.000624489 -0.0107809 -0.00174244 -0.00063839 0.999996 2.63392
0.999957 0.00825753 -0.00304908 -0.0333827 -0.00826116 0.999965 -0.000800347 -0.018885 0.00304135 0.000825148 0.999998 2.70236
1 0.00174963 -0.00173017 -0.0313939 -0.00174847 0.999998 7.84306e-07 -0.0246096 0.00173124 2.81049e-06 0.999995 2.6547
0.999996 -0.00176517 0.0011296 -0.00719698 0.00176116 0.999996 0.00249491 -0.0263463 -0.00113509 -0.00249346 1 2.64744
0.999997 -0.000943528 -0.00316287 -0.018692 0.000953732 0.999995 0.00283387 -0.0285634 0.00316124 -0.00283631 0.999988 2.69483
0.999997 0.000686862 -0.00117473 -0.0102789 -0.000687357 1 0.000635048 -0.00742534 0.00117408 -0.000634793 1 2.66521
0.999999 0.00155971 0.00197793 -0.025744 -0.0015577 0.999999 -0.000459421 -0.0229146 -0.00197753 0.000456814 0.999995 2.64142
0.999985 0.00159492 -0.00518499 -0.0211491 -0.00160533 0.999997 -0.00179568 -0.0236184 0.00518092 0.00180356 0.999988 2.66544
0.999998 -0.00113537 -0.00202287 -0.0123188 0.00113721 1 0.000359923 -0.0338921 0.00202362 -0.000361743 0.999996 2.6696
0.999996 -0.00211943 0.00188738 -0.0095851 0.00211325 0.999995 0.00271676 -0.0200979 -0.00189417 -0.00271309 0.999996 2.67755
0.99999 -0.00290448 -0.00360688 -0.0232014 0.002911 0.999994 0.00149582 -0.00844937 0.00360351 -0.00150596 0.999991 2.64232
0.999998 -0.00111949 -0.000831926 -0.0152047 0.00111879 1 0.000378198 -0.0399513 0.000830408 -0.000379545 1 2.71979
0.999997 0.000476763 -0.00266879 -0.0166676 -0.000474199 0.999999 0.000551505 -0.0168987 0.0026702 -0.000549711 0.999996 2.67579
0.999997 -6.79751e-05 -0.00219938 -0.0278097 6.83959e-05 1 0.00067919 -0.0248441 0.00219808 -0.000679916 0.999998 2.69206
1 0.000613879 0.000853705 -0.00692367 -0.00061381 0.999999 0.00109792 -0.0271977 -0.000851926 -0.00109789 0.999998 2.65268
0.999994 0.000956013 -0.00296477 -0.0282562 -0.000959874 0.999999 -0.000986115 -0.00889809 0.00296271 0.000988392 0.999997 2.67882
1 0.000730359 -0.00148767 -0.00539338 -0.000730381 1 -0.000579573 -0.027137 0.00148846 0.000581279 0.999998 2.68049
0.999998 -0.000582932 0.000893207 -0.00214263 0.00058137 1 0.000821173 -0.0279349 -0.00089484 -0.000821301 1 2.67311
0.999998 8.78852e-05 -0.00248936 -0.0162951 -8.39327e-05 0.999999 0.001254 -0.0163208 0.0024906 -0.00125318 0.999996 2.67195
0.999997 0.00169796 0.000630992 -0.0069659 -0.00169942 0.999998 0.00101663 -0.025825 -0.000630467 -0.0010183 1 2.67765
0.999996 -0.000166689 0.00302945 -0.0163107 0.000165371 0.999999 0.000736249 -0.0159994 -0.00302825 -0.000735044 0.999993 2.63726
0.999998 0.00102607 -0.000965058 -0.0106078 -0.00102755 1 -0.000716499 -0.0658159 0.000962982 0.000716826 1 2.68368
0.999996 -0.000122384 0.00309067 -0.0229644 0.00012005 0.999999 0.00101993 -0.0308749 -0.00308938 -0.00101897 0.999992 2.64961
0.999997 4.69483e-05 -0.00195512 -0.0135532 -4.53844e-05 0.999999 0.00117562 -0.0185756 0.00195375 -0.00117618 1 2.676
1 0.000830865 0.00110374 -0.0154223 -0.000832473 0.999998 0.00204361 -0.0278825 -0.00110075 -0.0020439 0.999995 2.67027
0.999996 0.000145352 0.00243368 -0.0107901 -0.000148421 0.999999 0.000981052 -0.0288981 -0.00243485 -0.000982034 0.999999 2.67466
1 0.000865179 -0.00119814 -0.0216249 -0.000864072 1 0.000333844 -0.0421758 0.00119981 -0.000332134 0.999997 2.68039
0.999999 0.000153022 0.000513885 -0.0161053 -0.000153632 1 -3.5591e-05 -0.0228939 -0.000515188 3.48226e-05 1 2.67338
1 -0.000986651 0.00140391 -0.0044189 0.000986167 0.999999 0.000838159 -0.0237572 -0.0014035 -0.000836112 0.999996 2.66037
0.999998 0.000307187 -0.00113672 -0.00170553 -0.000306937 0.999999 0.000794493 -0.0227115 0.00113572 -0.000794806 1 2.66148
1 -0.00015412 0.00122384 -0.0255889 0.000154998 1 -0.000101301 -0.0334735 -0.00122259 0.000102152 0.999997 2.65295
0.999999 0.000942716 -0.000879819 -0.00530744 -0.000943061 1 0.00033182 -0.0177525 0.000878847 -0.000331623 1 2.68571
1 0.000997373 -3.97811e-05 -0.0205123 -0.000996718 0.999998 0.00144958 -0.0228553 4.25308e-05 -0.00144898 0.999996 2.67482
1 0.000601315 -0.000531901 -0.0303014 -0.0006008 1 0.00141174 -0.0347127 0.000531492 -0.00141206 1 2.54916
0.999999 0.000826569 -0.00181231 -0.0123352 -0.000822788 0.999998 0.001827 -0.0124644 0.00181497 -0.0018249 0.999994 2.69124
0.999999 -1.17959e-05 -2.76228e-05 -0.0117104 1.12198e-05 1 0.000679159 -0.0381361 2.65075e-05 -0.000679696 1 2.644
0.999999 -0.00134833 0.00183927 -0.0200915 0.00134984 1 -0.000450333 -0.0215788 -0.00183758 0.00045338 0.999997 2.64104
0.999995 -0.000320949 -0.0023531 -0.00318917 0.000320581 1 3.57868e-05 -0.0132597 0.00235203 -3.70492e-05 0.999999 2.67922
1 0.000809809 0.000607307 -0.00807955 -0.000810601 0.999997 0.00208419 -0.00764649 -0.000604576 -0.00208426 0.999996 2.66906
0.999994 0.000866737 0.00255581 -0.013648 -0.000866154 1 -0.000328379 -0.0279069 -0.00255713 0.000325712 0.999999 2.61615
1 1.61924e-05 -0.000281253 -0.0175251 -1.52745e-05 0.999999 0.00126487 -0.0275281 0.000282082 -0.00126421 0.999998 2.69257
0.999997 0.000507985 0.0010138 -0.00545648 -0.000511173 0.999996 0.00270028 -0.0284874 -0.00101339 -0.00270143 0.999997 2.67283
1 -0.00100523 0.00167519 -0.00364226 0.00100367 1 0.00124654 -0.0243521 -0.00167549 -0.00124423 0.999998 2.63015
0.999994 0.00222073 -0.00115906 -0.0415397 -0.00221958 0.999996 0.00146475 -0.0398743 0.00116129 -0.00146285 0.999998 2.67719
1 -0.000869885 0.0026375 -0.0145629 0.000874768 0.999999 -0.00149503 -0.0277641 -0.00263523 0.00149814 0.999996 2.63738
0.999996 0.000449923 -0.00144731 -0.025142 -0.000454991 0.999996 -0.0028396 -0.0372925 0.00144502 0.00283947 0.999996 2.66735
1 -0.000257173 0.000498567 -0.026386 0.000257629 0.999999 0.000932859 -0.0355564 -0.000497815 -0.000931872 0.999999 2.6455
0.999994 -0.00104961 0.00197057 0.00797239 0.00104298 0.999996 0.0029262 -0.0174474 -0.00197471 -0.00292509 0.999995 2.6262
1 0.000116753 -0.000545194 -0.0222345 -0.000114618 0.999997 0.00226469 -0.0197477 0.000546388 -0.00226363 0.999996 2.64852
0.999997 -0.000402656 0.000194575 -0.0134537 0.000401844 1 0.000159802 -0.0415484 -0.000195542 -0.000160651 1 2.69801
0.999999 0.000372823 0.00249058 -0.0178642 -0.000371054 1 -0.000382037 -0.00948724 -0.00248977 0.000381984 0.999996 2.63006
0.999995 -0.000843914 -0.0020577 -0.0120426 0.000843001 1 -6.11246e-05 -0.0172032 0.0020568 5.85609e-05 1 2.68872
1 -0.000961882 0.00240191 -0.00742189 0.000960189 0.999998 0.0011131 -0.0208076 -0.00240199 -0.00110987 0.999994 2.65273
0.999995 0.000522014 -0.00218009 -0.00914361 -0.000518572 0.999998 0.0019747 -0.0280566 0.00217991 -0.0019745 0.999998 2.70293
1 0.000816272 -0.000167011 -0.022002 -0.000814957 0.999998 0.00177266 -0.0293046 0.000169434 -0.0017716 0.999997 2.66261
0.999996 -0.000174854 0.00177966 -0.00963398 0.00017263 1 0.00065977 -0.0159544 -0.00178091 -0.000660438 1 2.64892
1 -0.000459477 -0.00202955 -0.00380887 0.000463679 0.999999 0.00148776 -0.0283758 0.00202997 -0.00148758 0.999996 2.68101
0.999997 -3.92916e-05 -0.000446358 -0.0157374 3.92803e-05 0.999997 0.0024906 -0.0304017 0.000445144 -0.00249169 0.999998 2.7029
0.999999 0.00274886 0.00172011 -0.0148286 -0.00274954 0.999995 0.00112013 -0.034933 -0.001716 -0.00112374 0.999997 2.64536
0.999994 -1.39778e-05 -0.00202732 -0.0118425 1.5614e-05 0.999999 0.00141756 -0.0422838 0.00202621 -0.00141867 0.999998 2.68002
1 0.000975037 0.00270848 -0.00839597 -0.000975617 1 0.000713732 -0.0328158 -0.00270666 -0.00071539 0.999997 2.65442
0.999992 -0.00127958 -0.00265385 -0.0226083 0.00127623 0.999998 -0.000808315 -0.0197842 0.00265377 0.000803954 0.999997 2.65742
1 -0.000902316 -0.000254765 -0.0142238 0.000903898 1 0.00077756 -0.0264933 0.000255223 -0.000776814 1 2.67835
0.999995 -0.000654544 0.00178455 -0.00838421 0.000650009 0.999997 0.00198625 -0.0285621 -0.00178708 -0.00198608 0.999996 2.59878
1 -0.000661765 -0.0024525 -0.0183274 0.000666766 1 0.00170681 -0.0346061 0.00245299 -0.00170732 0.999996 2.71285
0.999996 0.000500087 0.0016594 -0.00152578 -0.00050121 0.999999 0.000323048 -0.0212059 -0.00166097 -0.000324867 0.999998 2.59166
1 0.000641282 -0.00144138 -0.0348905 -0.000640374 1 0.000143008 -0.0295706 0.00144309 -0.000140969 1 2.6855
0.999997 0.000522252 -0.000423357 -0.0316168 -0.000522832 1 0.000295555 -0.0326988 0.000421987 -0.000296454 0.999999 2.65357
1 -9.9905e-05 0.000122694 -0.00270664 0.000100366 0.999999 0.00139154 -0.034139 -0.000121255 -0.00139022 1 2.6746
0.999997 -0.000709621 0.000982611 0.0013222 0.000707954 0.999998 0.00104385 -0.0142362 -0.000984874 -0.00104437 0.999997 2.57749
1 0.00126188 -0.00188445 -0.0317537 -0.00125892 1 0.00117824 -0.0217907 0.00188762 -0.00117462 1 2.70646
