0.999027 -0.000694831 0.0441082 0.03842 0.000799627 0.999997 -0.002356 -0.0293259 -0.0441061 0.00238882 0.999023 0.999421
0.995924 -0.000347504 0.0902081 0.119535 0.000361838 1 -0.000140955 -0.0392576 -0.0902079 0.000172751 0.995926 2.01868
0.990863 -0.000664597 0.134879 0.24417 0.00123749 0.999991 -0.00416312 -0.0703481 -0.134875 0.00429178 0.990853 2.98429
0.98321 0.00257232 0.182469 0.399924 -0.00125104 0.999974 -0.00735554 -0.0937866 -0.182483 0.00700349 0.983187 3.98618
0.973782 -2.84255e-05 0.22749 0.607542 0.00156812 0.999977 -0.00658704 -0.112228 -0.227484 0.00677073 0.973759 4.94518
0.961996 -0.000525822 0.27307 0.865357 0.00233014 0.999979 -0.00628292 -0.112498 -0.27306 0.00668011 0.961977 5.90097
0.947799 -0.0025012 0.318861 1.18197 0.00525047 0.999956 -0.00776258 -0.110368 -0.318828 0.00903124 0.94777 6.86975
0.932912 -0.00312764 0.360098 1.51376 0.00679884 0.999938 -0.00892867 -0.151724 -0.360046 0.0107775 0.932877 7.7635
0.91519 -0.00240718 0.403021 1.89993 0.00659989 0.999938 -0.00901444 -0.142124 -0.402974 0.0109094 0.915147 8.66847
0.894763 -0.00313152 0.446537 2.33764 0.00740804 0.999942 -0.00783129 -0.160023 -0.446486 0.0103146 0.894736 9.56532
0.873108 -0.0029646 0.487521 2.78493 0.00727813 0.99995 -0.00695359 -0.194347 -0.487476 0.00961904 0.873085 10.4243
0.848012 -0.00333279 0.529976 3.30583 0.00788527 0.999949 -0.00632861 -0.204854 -0.529927 0.00954519 0.847996 11.2789
0.822361 -0.00362891 0.568958 3.84252 0.00833018 0.99995 -0.00566226 -0.217598 -0.568909 0.00939541 0.822348 12.0789
0.794821 -0.00459049 0.606835 4.41515 0.00997263 0.999936 -0.00549755 -0.25498 -0.60677 0.0104208 0.794816 12.854
0.76491 -0.00465573 0.644124 5.04348 0.0108377 0.999925 -0.00564228 -0.248425 -0.64405 0.0112961 0.764902 13.6227
0.733954 -0.00608058 0.679182 5.67202 0.0116501 0.999928 -0.00363704 -0.296855 -0.679108 0.0105811 0.733971 14.3321
0.701127 -0.00707805 0.713005 6.34765 0.012406 0.999921 -0.00227283 -0.290315 -0.712932 0.0104386 0.701158 15.0202
0.666098 -0.00678125 0.745842 7.06614 0.0126008 0.99992 -0.00216178 -0.300492 -0.745766 0.0108373 0.66613 15.6701
0.629645 -0.00787887 0.776848 7.80208 0.0133329 0.999911 -0.000665096 -0.352228 -0.776775 0.0107759 0.629692 16.2941
0.59312 -0.00644682 0.805098 8.56312 0.0125663 0.999922 -0.0012506 -0.346704 -0.805024 0.0108579 0.593155 16.8629
0.55547 -0.00327555 0.831535 9.32668 0.013341 0.999901 -0.00497291 -0.36662 -0.831437 0.0138551 0.555455 17.3998
0.516387 -0.00463925 0.856351 10.1338 0.0137414 0.999902 -0.00286925 -0.391748 -0.856253 0.013248 0.5164 17.8979
0.476831 -0.00333407 0.878993 10.9812 0.0153819 0.999874 -0.00455153 -0.387826 -0.878867 0.0156902 0.47682 18.38
0.438349 -0.00722833 0.898785 11.8428 0.0208489 0.999781 -0.00212766 -0.400909 -0.898572 0.0196701 0.438403 18.8095
0.40075 -0.0092974 0.916144 12.7259 0.0226809 0.999745 0.000224832 -0.438598 -0.915916 0.0206881 0.400855 19.2044
0.364729 -0.00763952 0.931091 13.6458 0.0238984 0.999714 -0.00115893 -0.445539 -0.930816 0.0226731 0.364806 19.5559
0.330862 -0.00828332 0.943647 14.5841 0.0241252 0.999711 0.000317 -0.45272 -0.94338 0.0226601 0.330962 19.8806
0.296905 -0.00930525 0.954871 15.5201 0.0242783 0.999704 0.00219318 -0.456631 -0.954608 0.0225303 0.297041 20.1802
0.264481 -0.00977649 0.964345 16.478 0.0247013 0.999691 0.00336059 -0.470062 -0.964083 0.0229311 0.264637 20.455
0.232221 -0.0140426 0.972572 17.4503 0.0247425 0.99966 0.0085262 -0.454685 -0.972358 0.0220826 0.232488 20.7037
0.200573 -0.0139705 0.979584 18.4398 0.024118 0.999667 0.00931898 -0.449356 -0.979392 0.0217556 0.20084 20.9111
0.17056 -0.0146925 0.985248 19.428 0.0240449 0.999656 0.010745 -0.453447 -0.985064 0.0218563 0.170852 21.093
0.139273 -0.0156787 0.990135 20.4539 0.0248107 0.999617 0.0123393 -0.451844 -0.989953 0.0228466 0.139605 21.2482
0.108202 -0.0160997 0.99401 21.5 0.023605 0.999631 0.0136215 -0.448487 -0.993859 0.0219885 0.108539 21.3844
0.0786018 -0.0164326 0.996776 22.5626 0.0233871 0.999621 0.0146356 -0.437356 -0.996642 0.0221605 0.078953 21.4796
0.0502526 -0.0168738 0.998605 23.6394 0.024957 0.999568 0.0156344 -0.431238 -0.998435 0.0241352 0.0506493 21.5444
0.0264614 -0.0175868 0.999501 24.7067 0.02495 0.999547 0.0169274 -0.436425 -0.999349 0.0244888 0.0268851 21.5816
0.00337568 -0.0169398 0.999862 25.8101 0.0292709 0.999432 0.0168338 -0.402509 -0.999576 0.0292088 0.00386666 21.5833
-0.0183402 -0.0178335 0.999679 26.9305 0.0352076 0.999211 0.0184714 -0.398764 -0.999223 0.0355342 -0.017701 21.5639
-0.0353668 -0.0187829 0.99921 28.046 0.0410306 0.998955 0.0202306 -0.36783 -0.998542 0.0417124 -0.0345622 21.5136
-0.0517122 -0.0185452 0.998497 29.1929 0.0431277 0.998855 0.0207858 -0.359446 -0.997742 0.0441368 -0.0508561 21.4569
-0.0670084 -0.0197959 0.997568 30.3127 0.0443327 0.998759 0.0227976 -0.344971 -0.996778 0.0457512 -0.0660507 21.3878
-0.0800056 -0.0210312 0.99658 31.4629 0.0442476 0.998719 0.0246289 -0.327364 -0.995824 0.0460659 -0.0789755 21.3084
-0.0920523 -0.0212013 0.995541 32.6104 0.0439248 0.998716 0.0253306 -0.302575 -0.994796 0.0460593 -0.0910059 21.213
-0.104365 -0.0205728 0.994334 33.7682 0.0434891 0.998737 0.0252289 -0.276827 -0.9936 0.0458748 -0.103341 21.1053
-0.113857 -0.0177958 0.993351 34.9441 0.0436063 0.998789 0.0228916 -0.25453 -0.992551 0.0459213 -0.112946 20.983
-0.12381 -0.0154739 0.992193 36.1536 0.0435603 0.998832 0.0210135 -0.227918 -0.991362 0.045821 -0.122994 20.8327
-0.130772 -0.0149337 0.991314 37.3933 0.0429816 0.998863 0.0207177 -0.203338 -0.990492 0.045316 -0.129985 20.6767
-0.136568 -0.0145835 0.990531 38.6526 0.0426116 0.998882 0.0205819 -0.180144 -0.989727 0.0450179 -0.135797 20.4927
-0.142823 -0.0142149 0.98966 39.9176 0.0425607 0.998886 0.0204899 -0.160546 -0.988845 0.0450455 -0.142062 20.3277
-0.146786 -0.0127521 0.989094 41.2221 0.0416619 0.998952 0.0190625 -0.138458 -0.988304 0.0440046 -0.146103 20.1363
-0.150796 -0.0122151 0.988503 42.5426 0.041805 0.998953 0.0187219 -0.121976 -0.987693 0.0441459 -0.150131 19.9472
-0.154735 -0.0131396 0.987877 43.8794 0.0415535 0.998943 0.0197961 -0.0929474 -0.987095 0.0441119 -0.154027 19.7493
-0.156303 -0.0151529 0.987607 45.2445 0.0420009 0.998878 0.0219735 -0.060619 -0.986829 0.0449133 -0.155495 19.5409
-0.15862 -0.0156747 0.987224 46.6339 0.0421211 0.998859 0.0226278 -0.0354769 -0.986455 0.0451711 -0.157781 19.3245
-0.161228 -0.0158573 0.986804 48.0367 0.0438771 0.998769 0.0232189 -0.0154219 -0.985955 0.04704 -0.160337 19.111
-0.161113 -0.0155767 0.986822 49.4647 0.0439938 0.99877 0.0229488 0.0321392 -0.985969 0.0471104 -0.160232 18.8735
-0.162969 -0.0153908 0.986526 50.897 0.044963 0.998727 0.0230093 0.0508198 -0.98562 0.0481053 -0.162073 18.6462
-0.162123 -0.0149452 0.986667 52.366 0.0446636 0.998751 0.0224681 0.0866868 -0.985774 0.0477097 -0.161256 18.4109
-0.1608 -0.014359 0.986897 53.8603 0.0439208 0.998802 0.021689 0.100733 -0.986024 0.0468312 -0.15998 18.1794
-0.160923 -0.0148025 0.986866 55.3442 0.044046 0.998785 0.0221648 0.133687 -0.985999 0.0470332 -0.160078 17.9458
-0.157967 -0.0155597 0.987336 56.8849 0.0439499 0.998776 0.0227722 0.175293 -0.98648 0.0469889 -0.157093 17.7066
-0.15683 -0.0149902 0.987522 58.4388 0.0444111 0.998768 0.0222151 0.201424 -0.986642 0.0473399 -0.155974 17.4588
-0.156985 -0.014753 0.987505 60.0053 0.0444759 0.998771 0.0219924 0.237355 -0.986614 0.0473709 -0.156139 17.2068
-0.154466 -0.0143432 0.987905 61.5862 0.0456953 0.998723 0.0216463 0.275447 -0.986956 0.0484852 -0.153616 16.9651
-0.15524 -0.0152628 0.987774 63.1736 0.0448098 0.998745 0.0224755 0.31599 -0.986875 0.0477492 -0.154365 16.7159
-0.153102 -0.0168093 0.988078 64.8131 0.0462199 0.998642 0.0241521 0.364785 -0.987145 0.0493656 -0.15212 16.4759
-0.152516 -0.0182969 0.988147 66.4517 0.0482249 0.998503 0.0259328 0.401943 -0.987139 0.0516066 -0.151408 16.2301
-0.153003 -0.0161209 0.988105 68.0845 0.0490731 0.998512 0.0238908 0.429661 -0.987023 0.0521436 -0.151986 15.9871
-0.150656 -0.0152328 0.988484 69.7551 0.0506866 0.99845 0.0231123 0.465445 -0.987301 0.053583 -0.149654 15.728
-0.149549 -0.0154352 0.988644 71.431 0.0505573 0.998453 0.0232373 0.521946 -0.987478 0.0534572 -0.14854 15.487
-0.150842 -0.0163488 0.988438 73.1013 0.0510275 0.998405 0.0243014 0.547225 -0.987257 0.0541012 -0.14977 15.2435
-0.149596 -0.0162068 0.988626 74.8293 0.0515189 0.998383 0.0241637 0.606105 -0.987421 0.0545465 -0.148522 14.9908
-0.150621 -0.0169471 0.988461 76.5249 0.0526517 0.9983 0.0251395 0.625187 -0.987205 0.0558286 -0.149475 14.7375
-0.149464 -0.0171098 0.988631 78.2823 0.0533893 0.998255 0.0253493 0.678157 -0.987342 0.0565699 -0.148293 14.4797
-0.14991 -0.0169366 0.98857 80.0351 0.0536666 0.998243 0.0252413 0.717241 -0.987259 0.056835 -0.14874 14.2232
-0.15176 -0.015785 0.988303 81.7821 0.0529113 0.998312 0.024071 0.765257 -0.987018 0.0559443 -0.150671 13.9561
-0.150705 -0.0155388 0.988471 83.5915 0.0523247 0.998353 0.0236723 0.807425 -0.987211 0.0552869 -0.149646 13.6786
-0.151823 -0.0156363 0.988297 85.3848 0.0519324 0.998371 0.023775 0.841591 -0.987061 0.0549329 -0.150767 13.4052
-0.15596 -0.016657 0.987639 87.1799 0.0514808 0.998365 0.0249679 0.879601 -0.986439 0.0547363 -0.15485 13.1388
-0.155647 -0.0171409 0.987677 89.0057 0.0514492 0.998355 0.0254352 0.914538 -0.98649 0.0547728 -0.154512 12.8475
-0.156318 -0.0172388 0.987573 90.8478 0.049187 0.998474 0.0252153 0.96559 -0.9865 0.0525151 -0.155234 12.5731
-0.158841 -0.0170114 0.98717 92.7 0.048681 0.998503 0.0250409 0.995633 -0.986122 0.0520325 -0.157777 12.2895
-0.16008 -0.0164612 0.986984 94.567 0.048021 0.99855 0.0244433 1.0494 -0.985955 0.0513065 -0.15906 11.9984
-0.165857 -0.0158657 0.986035 96.4417 0.0485402 0.99853 0.0242327 1.08148 -0.984973 0.0518801 -0.164846 11.6943
-0.168898 -0.0164324 0.985514 98.3452 0.0467742 0.998604 0.0246674 1.11479 -0.984543 0.0502607 -0.167897 11.389
-0.173396 -0.0171683 0.984715 100.26 0.0449906 0.998669 0.025335 1.16585 -0.983843 0.0486945 -0.172395 11.0701
-0.179745 -0.0167865 0.983587 102.175 0.0442118 0.99871 0.0251245 1.20892 -0.982739 0.0479999 -0.178773 10.731
-0.182857 -0.0161017 0.98302 104.096 0.0441903 0.998724 0.0245801 1.24863 -0.982165 0.0479332 -0.181914 10.3899
-0.187248 -0.0150609 0.982214 106.02 0.044257 0.998741 0.0237519 1.2922 -0.981335 0.0479151 -0.186349 10.0448
-0.193466 -0.0148449 0.981008 107.968 0.0433827 0.998781 0.0236705 1.34034 -0.980167 0.0471368 -0.192589 9.68244
-0.196924 -0.0152886 0.980317 109.92 0.0425298 0.998807 0.0241207 1.38585 -0.979516 0.0464404 -0.196042 9.3174
-0.203642 -0.0156421 0.978934 111.885 0.0407728 0.998873 0.0244436 1.43088 -0.978216 0.0448901 -0.202777 8.93091
-0.207248 -0.0172418 0.978154 113.861 0.0406864 0.998831 0.0262273 1.47557 -0.977462 0.045231 -0.206307 8.53851
-0.21235 -0.0175823 0.97705 115.836 0.0409182 0.998804 0.026868 1.52149 -0.976357 0.045683 -0.211379 8.12552
-0.219147 -0.016584 0.975569 117.815 0.041626 0.99879 0.02633 1.56534 -0.974824 0.046377 -0.218194 7.70384
-0.22306 -0.0160837 0.974686 119.813 0.0409667 0.998829 0.0258587 1.61985 -0.973964 0.0456961 -0.222142 7.26589
-0.229023 -0.0164545 0.973301 121.804 0.0413162 0.998795 0.0266081 1.65831 -0.972565 0.0463046 -0.22807 6.81472
-0.235791 -0.0176943 0.971657 123.808 0.0408589 0.998773 0.0281045 1.71794 -0.970965 0.0463259 -0.234781 6.35713
-0.239014 -0.0171076 0.970884 125.821 0.0400636 0.998823 0.0274634 1.7724 -0.970211 0.0454589 -0.23805 5.87568
-0.245938 -0.0173294 0.969145 127.821 0.039702 0.998824 0.0279365 1.83261 -0.968493 0.045346 -0.244963 5.39293
-0.248501 -0.0176466 0.96849 129.852 0.0417753 0.998712 0.0289169 1.89472 -0.967752 0.0476426 -0.247446 4.883
-0.252599 -0.0184941 0.96741 131.865 0.0428705 0.998625 0.0302861 1.94331 -0.966642 0.0491218 -0.251461 4.37598
-0.258819 -0.0175766 0.965785 133.877 0.0429155 0.998642 0.029676 1.97815 -0.964994 0.0491257 -0.257716 3.8467
-0.259558 -0.0171958 0.96559 135.928 0.0428762 0.998654 0.0293116 2.02526 -0.964797 0.0490071 -0.258474 3.32132
-0.263047 -0.0177942 0.964639 137.969 0.041551 0.998697 0.0297536 2.07278 -0.96391 0.047906 -0.261968 2.78532
-0.270044 -0.0170509 0.962714 139.983 0.0401036 0.99878 0.0289403 2.10337 -0.962034 0.0464216 -0.269033 2.21891
-0.272702 -0.0164682 0.961978 142.079 0.0376772 0.998907 0.0277817 2.14011 -0.961383 0.0438185 -0.271786 1.63445
-0.278764 -0.0163347 0.960237 144.135 0.036902 0.998939 0.0277075 2.21226 -0.959673 0.0431566 -0.277868 1.05667
-0.281945 -0.0169605 0.959301 146.223 0.0366793 0.998925 0.0284418 2.24054 -0.958752 0.0432032 -0.281023 0.46542
-0.286215 -0.0166364 0.958038 148.306 0.0361783 0.998952 0.0281568 2.2951 -0.957505 0.0427171 -0.285315 -0.136895
-0.292214 -0.0166485 0.956228 150.382 0.0358361 0.998959 0.0283442 2.33939 -0.955704 0.0425478 -0.291316 -0.749022
-0.294437 -0.0169155 0.955539 152.465 0.0354915 0.998963 0.0286219 2.39617 -0.955035 0.0423388 -0.293534 -1.37716
-0.298497 -0.0165933 0.954286 154.562 0.0360657 0.998942 0.0286516 2.44378 -0.953752 0.0429671 -0.297585 -2.01892
-0.303346 -0.0158275 0.952767 156.681 0.0371576 0.998908 0.0284258 2.49435 -0.952179 0.0440232 -0.302429 -2.65199
-0.305512 -0.0155024 0.952082 158.785 0.0369263 0.998926 0.0281148 2.54186 -0.951495 0.043744 -0.304614 -3.31419
-0.309291 -0.0140056 0.950883 160.894 0.0371408 0.998954 0.0267957 2.59107 -0.950266 0.0436019 -0.30845 -3.97966
-0.314374 -0.0134324 0.949225 163.014 0.0368452 0.998977 0.0263397 2.63431 -0.948607 0.0432525 -0.313561 -4.6706
-0.316923 -0.0130344 0.94838 165.149 0.0370896 0.998974 0.0261255 2.68308 -0.94775 0.0434525 -0.316116 -5.36471
-0.321127 -0.0127855 0.94697 167.287 0.0369688 0.998981 0.0260247 2.72747 -0.946337 0.0433633 -0.32033 -6.07561
-0.323202 -0.0129504 0.94626 169.412 0.0370556 0.998969 0.0263298 2.77326 -0.945629 0.0435717 -0.322392 -6.78555
-0.327323 -0.0128706 0.944846 171.545 0.0383074 0.998907 0.0268779 2.82011 -0.94416 0.0449901 -0.326475 -7.51357
-0.332067 -0.0122138 0.943196 173.686 0.0399893 0.998838 0.0270147 2.86298 -0.942433 0.0466861 -0.331195 -8.2435
-0.332888 -0.0124086 0.942907 175.823 0.0404456 0.998808 0.0274233 2.91536 -0.942123 0.0472631 -0.331993 -8.9902
-0.335731 -0.0136297 0.941878 177.995 0.0397622 0.998802 0.0286282 2.96748 -0.941144 0.0470601 -0.33479 -9.74397
-0.340156 -0.0130569 0.940301 180.179 0.0390756 0.998847 0.0280054 3.02178 -0.939582 0.0462668 -0.339256 -10.5049
-0.340066 -0.0125981 0.940338 182.333 0.0387231 0.998879 0.027388 3.08591 -0.93963 0.0457239 -0.339199 -11.2612
-0.343285 -0.0114124 0.939185 184.504 0.0384629 0.99892 0.0261967 3.13427 -0.938469 0.0451145 -0.342478 -12.0341
-0.347979 -0.0106047 0.937463 186.685 0.0372748 0.998993 0.0251385 3.19021 -0.936787 0.0436889 -0.347236 -12.8338
-0.349174 -0.00983321 0.93703 188.84 0.0360915 0.999066 0.0239331 3.23589 -0.936389 0.0421733 -0.348496 -13.612
-0.354599 -0.00982816 0.934987 191.042 0.03647 0.999042 0.0243345 3.27229 -0.934334 0.0427253 -0.353903 -14.4178
-0.356846 -0.0110593 0.934122 193.211 0.0362764 0.999016 0.0256852 3.32718 -0.933485 0.04305 -0.356096 -15.2353
-0.360688 -0.0114294 0.932637 195.414 0.0360522 0.999011 0.0261872 3.37988 -0.932017 0.0430661 -0.359921 -16.0649
-0.365989 -0.0116137 0.930571 197.646 0.0366235 0.998972 0.0268709 3.42327 -0.929926 0.043913 -0.36519 -16.9188
-0.368216 -0.0120185 0.929683 199.825 0.0355823 0.999006 0.0270092 3.48172 -0.929087 0.0430226 -0.367424 -17.7608
-0.371839 -0.0111583 0.928255 202.039 0.0352755 0.99904 0.0261397 3.53584 -0.927654 0.042462 -0.371091 -18.6304
-0.376169 -0.0105634 0.926511 204.261 0.0353499 0.999047 0.0257441 3.58058 -0.925905 0.0424333 -0.375439 -19.5035
-0.377719 -0.0103868 0.925886 206.458 0.0359592 0.999023 0.0258769 3.62569 -0.925249 0.043066 -0.376979 -20.3853
-0.382013 -0.0105196 0.924118 208.674 0.0366195 0.998981 0.0265111 3.66872 -0.92346 0.0439653 -0.38124 -21.2816
-0.38308 -0.0110662 0.923674 210.873 0.0376797 0.998914 0.0275947 3.72274 -0.922975 0.0453724 -0.382249 -22.1862
-0.385782 -0.0109717 0.922546 213.091 0.0385003 0.998871 0.0279807 3.77504 -0.921816 0.0463097 -0.384925 -23.1007
-0.390228 -0.0105217 0.920683 215.324 0.0383197 0.998888 0.0276571 3.81607 -0.919949 0.0460704 -0.389393 -24.0391
-0.391342 -0.0099809 0.920213 217.525 0.0378246 0.998926 0.0269219 3.86882 -0.919497 0.0453393 -0.390545 -24.9629
-0.394168 -0.0096585 0.919012 219.734 0.0377776 0.998934 0.0267015 3.91949 -0.91829 0.0452405 -0.393385 -25.8974
-0.39936 -0.00854051 0.916776 221.949 0.0370082 0.998996 0.0254294 3.95698 -0.916077 0.0440807 -0.398644 -26.852
-0.40212 -0.0091919 0.915568 224.108 0.0351765 0.999061 0.0254797 4.00315 -0.91494 0.04245 -0.401422 -27.7734
-0.405019 -0.00864374 0.91429 226.321 0.0355251 0.999056 0.0251839 4.04959 -0.913648 0.0426771 -0.404331 -28.7444
-0.409407 -0.00939361 0.912331 228.542 0.0369997 0.998958 0.0268892 4.0854 -0.911631 0.0447623 -0.408635 -29.7282
-0.410589 -0.011161 0.911775 230.723 0.0368445 0.99891 0.0288211 4.14094 -0.911107 0.0454245 -0.409731 -30.6871
-0.415119 -0.0118205 0.909719 232.948 0.0362156 0.998913 0.0295053 4.2017 -0.909076 0.0451919 -0.414242 -31.6856
-0.416764 -0.0113694 0.908967 235.128 0.0358443 0.998943 0.0289314 4.26423 -0.908339 0.0446359 -0.415917 -32.6616
-0.419815 -0.0115348 0.907565 237.328 0.0345819 0.998994 0.0286936 4.3233 -0.906981 0.0434289 -0.418997 -33.6594
-0.425739 -0.0121798 0.904788 239.537 0.033936 0.998996 0.0294179 4.3867 -0.904241 0.0432262 -0.424899 -34.6793
-0.427183 -0.0118363 0.904117 241.703 0.033807 0.999011 0.0290522 4.44714 -0.903565 0.0429736 -0.426363 -35.6861
-0.43078 -0.012379 0.902397 243.888 0.0330488 0.999024 0.0294831 4.50407 -0.901884 0.0425207 -0.429952 -36.707
-0.437407 -0.0146423 0.899174 246.062 0.0321614 0.998978 0.031913 4.55933 -0.89872 0.0428752 -0.436492 -37.7487
-0.439697 -0.0147627 0.89805 248.224 0.0315403 0.998999 0.0318667 4.62891 -0.897625 0.0423332 -0.438792 -38.7733
-0.44338 -0.0146953 0.896243 250.39 0.0315125 0.998997 0.0319701 4.68603 -0.895811 0.0424153 -0.442475 -39.8153
-0.449454 -0.0147339 0.893207 252.542 0.0316985 0.998976 0.032431 4.75117 -0.892774 0.0428863 -0.448528 -40.8748
-0.452193 -0.0148206 0.891827 254.691 0.0310475 0.998999 0.0323444 4.81659 -0.891412 0.0423125 -0.451283 -41.941
-0.458303 -0.0142722 0.888707 256.85 0.0309902 0.999011 0.0320272 4.87958 -0.888289 0.0422161 -0.457409 -43.0348
-0.459181 -0.0149064 0.888247 258.999 0.0309659 0.998988 0.0327731 4.94989 -0.887835 0.0425516 -0.458258 -44.136
-0.462862 -0.0147839 0.886334 261.151 0.0312096 0.998973 0.032963 5.01674 -0.885915 0.0429162 -0.461926 -45.2337
-0.468127 -0.0145004 0.883573 263.305 0.0322598 0.998923 0.0334855 5.06763 -0.883106 0.0441769 -0.467158 -46.3398
-0.469954 -0.0129025 0.882623 265.476 0.0337328 0.998905 0.0325654 5.12235 -0.882081 0.0450745 -0.469005 -47.4761
-0.47297 -0.0128401 0.881016 267.613 0.0343864 0.998868 0.0330184 5.20279 -0.880443 0.045909 -0.471995 -48.6085
-0.477694 -0.0123537 0.878467 269.769 0.0353142 0.998828 0.0332514 5.26605 -0.877852 0.0469032 -0.476698 -49.7542
-0.478758 -0.0110982 0.877909 271.9 0.0362528 0.998823 0.0323973 5.33005 -0.877235 0.0473344 -0.477793 -50.9029
-0.483435 -0.0112549 0.875335 274.069 0.0366002 0.998787 0.033058 5.39971 -0.87465 0.0480157 -0.482438 -52.0772
-0.484923 -0.0109895 0.87452 276.22 0.0370924 0.998768 0.0331191 5.47928 -0.873807 0.0484956 -0.483919 -53.2411
-0.488377 -0.0107433 0.872595 278.386 0.0366946 0.998792 0.0328364 5.55855 -0.871897 0.0480529 -0.487393 -54.4329
-0.493281 -0.0101883 0.869843 280.566 0.0367921 0.998797 0.0325637 5.62319 -0.869129 0.0480637 -0.492314 -55.6484
-0.494872 -0.00969607 0.868941 282.754 0.0371196 0.998794 0.0322873 5.69701 -0.86821 0.0482295 -0.493915 -56.8623
-0.497617 -0.00996814 0.867373 284.924 0.0361861 0.99883 0.0322396 5.78224 -0.86668 0.0474271 -0.496675 -58.0851
-0.503553 -0.0102349 0.863932 287.111 0.0362395 0.998805 0.0329575 5.85008 -0.863241 0.047901 -0.502581 -59.3203
-0.504169 -0.0107929 0.863572 289.306 0.0370503 0.998736 0.0341134 5.91949 -0.86285 0.0491916 -0.503133 -60.5839
-0.505986 -0.0112741 0.862497 291.492 0.0379396 0.998661 0.0353134 5.9981 -0.861744 0.0505876 -0.504882 -61.8449
-0.509994 -0.0121223 0.860127 293.68 0.03737 0.99865 0.0362329 6.08224 -0.859406 0.0506187 -0.508853 -63.1192
-0.51086 -0.0127165 0.859599 295.902 0.0366873 0.998663 0.0365792 6.16847 -0.858918 0.0502199 -0.509712 -64.4123
-0.515881 -0.01347 0.856589 298.111 0.0363874 0.998635 0.0376187 6.25084 -0.855928 0.050573 -0.514688 -65.7093
-0.516644 -0.0139154 0.856117 300.325 0.0362141 0.998624 0.0380882 6.33175 -0.855472 0.0506783 -0.51543 -67.0444
-0.518969 -0.0131287 0.854731 302.543 0.0359637 0.998668 0.0371767 6.42459 -0.85408 0.0500298 -0.517806 -68.3735
-0.522822 -0.0118911 0.852389 304.783 0.0350316 0.998765 0.0354224 6.51523 -0.85176 0.0483768 -0.52176 -69.7051
-0.524404 -0.0116342 0.851428 307.025 0.0340333 0.998828 0.0346108 6.60758 -0.850833 0.047124 -0.523395 -71.0557
-0.528734 -0.0144797 0.848695 309.283 0.0319935 0.998811 0.0369751 6.69746 -0.848224 0.0466994 -0.527642 -72.3965
-0.535787 -0.0148961 0.844261 311.539 0.0309061 0.998835 0.0372383 6.80416 -0.843832 0.0460416 -0.534703 -73.769
-0.538865 -0.0157195 0.842276 313.771 0.0304672 0.998815 0.0381355 6.89755 -0.84188 0.0462083 -0.537748 -75.1708
-0.542901 -0.0155155 0.839693 316.028 0.0310441 0.998782 0.0385277 6.99243 -0.839268 0.0469813 -0.541759 -76.5876
-0.548807 -0.0152356 0.835842 318.289 0.0323849 0.998703 0.0394704 7.07872 -0.835361 0.048727 -0.547602 -78.0237
-0.550322 -0.0147559 0.834862 320.547 0.0333686 0.998663 0.0396482 7.17774 -0.834331 0.0496745 -0.549095 -79.4891
-0.555685 -0.0152236 0.831286 322.805 0.0343582 0.998565 0.0412568 7.27478 -0.830724 0.051484 -0.554364 -80.9473
-0.557419 -0.0164409 0.830109 325.049 0.0344003 0.998495 0.0428771 7.37138 -0.829565 0.0524535 -0.556015 -82.4233
-0.561359 -0.017342 0.827424 327.294 0.0335989 0.998486 0.0437246 7.48339 -0.826932 0.0523425 -0.559926 -83.9045
-0.567141 -0.0179068 0.823467 329.518 0.0326447 0.998496 0.0441974 7.59025 -0.82302 0.051945 -0.565704 -85.416
-0.567468 -0.0178645 0.823236 331.752 0.0332425 0.99846 0.0445841 7.71062 -0.822766 0.0526632 -0.566 -86.9201
-0.571462 -0.0182276 0.820467 333.978 0.0344224 0.998348 0.0461562 7.81422 -0.819953 0.054616 -0.569891 -88.438
-0.577415 -0.0196244 0.81625 336.197 0.0340962 0.998267 0.0481227 7.92148 -0.815781 0.0556144 -0.575745 -89.9874
-0.577007 -0.0227504 0.816464 338.454 0.0322982 0.998203 0.0506413 8.04518 -0.816149 0.0555877 -0.575235 -91.5229
-0.580167 -0.0239305 0.814181 340.683 0.032338 0.998111 0.0523826 8.17473 -0.813898 0.0567163 -0.578297 -93.0912
-0.585365 -0.0251553 0.810423 342.901 0.032142 0.998021 0.0541957 8.30963 -0.810181 0.0577698 -0.583398 -94.6484
-0.585251 -0.0259075 0.810474 345.108 0.0303047 0.9981 0.0537913 8.43448 -0.810329 0.0560391 -0.583354 -96.2102
-0.589771 -0.0273884 0.80715 347.306 0.026472 0.998241 0.0532167 8.57894 -0.807186 0.0527494 -0.588008 -97.7961
-0.59034 -0.0285729 0.806686 349.496 0.0251902 0.998243 0.0537948 8.69561 -0.806807 0.0520742 -0.588582 -99.3788
-0.593597 -0.0303461 0.804234 351.706 0.0240428 0.998183 0.0554117 8.8325 -0.804453 0.0522251 -0.591788 -100.968
-0.598661 -0.0316986 0.800413 353.899 0.0242734 0.998049 0.0576835 8.96132 -0.80068 0.0539581 -0.596722 -102.562
-0.599988 -0.0324787 0.799395 356.095 0.0228675 0.998081 0.0577159 9.09134 -0.799734 0.0529057 -0.598093 -104.186
-0.603005 -0.0341852 0.797043 358.287 0.0210048 0.998065 0.0587012 9.23452 -0.797507 0.0521352 -0.601118 -105.8
-0.60748 -0.0370627 0.793516 360.472 0.0192443 0.997941 0.0613448 9.39021 -0.794154 0.0525331 -0.605514 -107.422
-0.609409 -0.0399802 0.791886 362.652 0.016601 0.997875 0.0631587 9.54094 -0.792729 0.0516319 -0.607449 -109.069
-0.612571 -0.0406844 0.789415 364.811 0.0153046 0.997887 0.0633062 9.69423 -0.790321 0.0508578 -0.610652 -110.697
-0.617135 -0.0411193 0.785821 366.954 0.0146208 0.997873 0.0637007 9.85178 -0.786769 0.0507976 -0.615219 -112.329
-0.618194 -0.0421722 0.784941 369.119 0.0143757 0.997797 0.0649317 10.0172 -0.785948 0.0514211 -0.616223 -114.005
-0.623588 -0.0429635 0.780613 371.234 0.0140034 0.997726 0.0661029 10.1777 -0.781678 0.0521484 -0.621566 -115.648
-0.624132 -0.0447041 0.780087 373.403 0.0115787 0.997734 0.0664423 10.3248 -0.781288 0.0504978 -0.622197 -117.344
-0.626452 -0.0480422 0.778021 375.536 0.00277714 0.997967 0.0638631 10.4583 -0.779507 0.042164 -0.625042 -119.004
-0.631793 -0.044755 0.773894 377.635 -0.00474985 0.998548 0.053871 10.634 -0.775179 0.0303561 -0.631085 -120.656
-0.631874 -0.0381797 0.774173 379.732 0.0021815 0.998707 0.0510368 10.7323 -0.77512 0.0339339 -0.630969 -122.339
-0.633468 -0.0376391 0.772904 381.817 0.00933336 0.998384 0.056271 10.8392 -0.773769 0.0428562 -0.632089 -124.023
-0.637711 -0.0460333 0.768943 383.92 0.0104733 0.997615 0.068412 11.0086 -0.770257 0.0516767 -0.635703 -125.742
-0.639102 -0.0562337 0.767115 386.003 0.00535269 0.996986 0.077546 11.193 -0.769161 0.0536622 -0.636871 -127.427
-0.643525 -0.0629517 0.762877 388.106 -0.000422101 0.996655 0.0818897 11.4062 -0.765478 0.0523724 -0.641394 -129.159
-0.645031 -0.0638015 0.761541 390.178 -0.00194299 0.996654 0.0818557 11.6095 -0.764212 0.0513162 -0.642994 -130.859
-0.648178 -0.0596652 0.759193 392.248 0.0024251 0.996773 0.0804104 11.7893 -0.761539 0.0539576 -0.645936 -132.592
-0.652141 -0.0527806 0.756311 394.303 0.00768824 0.997074 0.0762141 11.9679 -0.758117 0.0555135 -0.649824 -134.341
-0.654593 -0.050498 0.754339 396.325 0.00825485 0.997244 0.0739254 12.151 -0.755991 0.0546143 -0.652367 -136.069
-0.657544 -0.0506605 0.751765 398.368 0.00844266 0.997192 0.0745864 12.3408 -0.753428 0.0553871 -0.655267 -137.824
-0.660147 -0.050572 0.749478 400.451 0.00933437 0.997116 0.0755066 12.5228 -0.751133 0.0568377 -0.657766 -139.616
-0.663114 -0.0510979 0.746827 402.428 0.0102787 0.996964 0.0773412 12.709 -0.748508 0.0589588 -0.660573 -141.334
-0.664954 -0.0514973 0.745155 404.441 0.0100646 0.996927 0.0778816 12.8939 -0.746872 0.0592836 -0.662386 -143.108
-0.666442 -0.0517896 0.743814 406.503 0.0102713 0.996866 0.0786142 13.1057 -0.745548 0.0600279 -0.663818 -144.926
-0.667339 -0.0529508 0.742919 408.47 0.00968364 0.996783 0.0797464 13.2895 -0.744748 0.0604083 -0.664673 -146.664
-0.668687 -0.0607543 0.741117 410.53 0.00872784 0.995963 0.0895229 13.5074 -0.743557 0.0663273 -0.665452 -148.49
-0.669313 -0.0612571 0.740501 412.496 0.0112396 0.995662 0.0925274 13.7467 -0.742953 0.0702489 -0.665715 -150.251
-0.670687 -0.0689769 0.738589 414.493 0.0101707 0.994738 0.102137 14.0002 -0.741737 0.0760097 -0.666449 -152.034
-0.673924 -0.068761 0.735644 416.475 0.00910919 0.994826 0.101335 14.2536 -0.738803 0.0749893 -0.669805 -153.806
-0.674932 -0.0689325 0.734718 418.416 0.00517591 0.995181 0.0981267 14.4832 -0.737931 0.0700275 -0.671315 -155.558
-0.676875 -0.0673865 0.733059 420.385 0.00311368 0.995547 0.0943942 14.718 -0.736151 0.0661717 -0.673644 -157.341
-0.679635 -0.0669268 0.730557 422.343 0.0033153 0.99556 0.0942907 14.9512 -0.733613 0.0665011 -0.676387 -159.124
-0.68014 -0.0682113 0.729955 424.285 0.00172337 0.995528 0.0946372 15.1779 -0.73314 0.0656206 -0.676973 -160.903
-0.681283 -0.0676028 0.728958 426.252 0.000980927 0.995663 0.093256 15.4184 -0.732092 0.0642445 -0.678253 -162.705
-0.68349 -0.0681009 0.726829 428.209 0.000587519 0.995605 0.09384 15.6508 -0.730021 0.0645618 -0.680439 -164.508
-0.683324 -0.0705758 0.726763 430.141 0.000803939 0.995265 0.0974085 15.8755 -0.730187 0.0671415 -0.680023 -166.302
-0.684935 -0.0722818 0.725063 432.059 0.00237229 0.994858 0.101422 16.1166 -0.728662 0.0711837 -0.681234 -168.092
-0.683665 -0.0739929 0.726102 434.015 0.00680608 0.994179 0.107722 16.3604 -0.729837 0.0785831 -0.679174 -169.916
-0.683228 -0.0759825 0.726295 435.966 0.010469 0.993468 0.113785 16.6192 -0.730192 0.0853403 -0.677963 -171.746
-0.682765 -0.0786929 0.726456 437.905 0.00519885 0.993657 0.112526 16.8993 -0.730694 0.0806008 -0.678016 -173.528
-0.680187 -0.0818194 0.728513 439.895 -0.00370112 0.99414 0.1082 17.187 -0.733093 0.0708954 -0.676496 -175.357
-0.678099 -0.0837918 0.730248 441.85 -0.00801152 0.994286 0.106652 17.4623 -0.735001 0.0664657 -0.674888 -177.143
-0.676563 -0.087883 0.731176 443.768 -0.0120151 0.994056 0.108365 17.6936 -0.73635 0.0645266 -0.67359 -178.904
-0.674484 -0.0886858 0.733012 445.766 -0.00986789 0.993778 0.111158 17.9626 -0.738298 0.0677362 -0.671154 -180.742
-0.671216 -0.0882998 0.736038 447.726 -0.0083789 0.993738 0.111578 18.2379 -0.741277 0.0687211 -0.667746 -182.528
-0.671252 -0.0893066 0.735898 449.678 -0.0110072 0.99383 0.110571 18.5065 -0.741222 0.0661162 -0.668085 -184.275
-0.663804 -0.0928326 0.742178 451.656 -0.0159201 0.993814 0.110072 18.7771 -0.747802 0.0612463 -0.661167 -186.026
-0.664135 -0.099368 0.741047 453.628 -0.0251664 0.993561 0.110677 19.0578 -0.747262 0.0548503 -0.662352 -187.748
-0.661448 -0.102854 0.742961 455.638 -0.0317353 0.993522 0.109292 19.321 -0.749385 0.0487081 -0.660419 -189.503
-0.660673 -0.104372 0.74345 457.631 -0.0339859 0.993454 0.109271 19.5945 -0.749976 0.0469213 -0.659888 -191.242
-0.662239 -0.105133 0.741939 459.608 -0.0331701 0.993271 0.111144 19.8547 -0.748627 0.0489887 -0.66126 -192.968
-0.659635 -0.106368 0.744089 461.62 -0.0319152 0.99303 0.113665 20.1244 -0.75098 0.0512253 -0.658425 -194.728
-0.658586 -0.107659 0.744824 463.605 -0.0323408 0.992869 0.11492 20.4194 -0.751879 0.0515915 -0.657361 -196.473
-0.659881 -0.10871 0.743532 465.597 -0.0347353 0.992858 0.114339 20.7014 -0.750639 0.0496193 -0.658936 -198.194
-0.654809 -0.110391 0.747748 467.593 -0.0381967 0.992866 0.113133 20.9983 -0.754897 0.0455144 -0.654344 -199.941
-0.653334 -0.109878 0.74912 469.602 -0.03682 0.992876 0.113522 21.2657 -0.756246 0.0465812 -0.652718 -201.679
-0.656344 -0.109929 0.746469 471.589 -0.035581 0.992758 0.114919 21.5352 -0.753691 0.0488612 -0.655492 -203.432
-0.655134 -0.109917 0.747542 473.551 -0.0308966 0.992454 0.118853 21.8284 -0.754954 0.0547638 -0.653579 -205.133
-0.6557 -0.111025 0.746873 475.564 -0.0314224 0.992306 0.119927 22.1195 -0.754437 0.055163 -0.654133 -206.878
-0.653361 -0.111895 0.7488 477.566 -0.0314277 0.992197 0.120847 22.4153 -0.756468 0.0554186 -0.651771 -208.61
-0.652348 -0.113023 0.749505 479.578 -0.0313386 0.992016 0.12232 22.7198 -0.757342 0.0563021 -0.650671 -210.335
-0.653086 -0.114319 0.748673 481.575 -0.0320336 0.99185 0.12351 23.0169 -0.75668 0.0566754 -0.651417 -212.056
-0.650919 -0.113999 0.750598 483.601 -0.0324556 0.991956 0.122514 23.3402 -0.758522 0.0553809 -0.649373 -213.779
-0.650556 -0.113387 0.751015 485.61 -0.0330194 0.992103 0.121187 23.6495 -0.758814 0.0540359 -0.649156 -215.508
-0.650945 -0.114333 0.750525 487.631 -0.0336887 0.991991 0.121902 23.9479 -0.758447 0.0540627 -0.649573 -217.243
-0.648925 -0.115384 0.752122 489.65 -0.0335472 0.991835 0.123217 24.2581 -0.760186 0.0547224 -0.647491 -218.967
-0.648659 -0.116998 0.752093 491.675 -0.0348905 0.991667 0.12418 24.5602 -0.76035 0.0543044 -0.647325 -220.687
-0.650693 -0.118005 0.750186 493.682 -0.0360769 0.991563 0.124685 24.8668 -0.758557 0.0540625 -0.649455 -222.388
-0.649598 -0.118168 0.751101 495.685 -0.0360906 0.991548 0.124788 25.1785 -0.759494 0.0539492 -0.648361 -224.098
-0.651964 -0.118379 0.749023 497.689 -0.0357597 0.991463 0.125573 25.4846 -0.757482 0.0550792 -0.650624 -225.803
-0.651499 -0.119617 0.749224 499.685 -0.0357596 0.991259 0.127168 25.8004 -0.75788 0.0560523 -0.65007 -227.516
-0.651829 -0.121888 0.748577 501.69 -0.0369589 0.990956 0.129175 26.1134 -0.75754 0.0565287 -0.650432 -229.236
-0.653418 -0.122593 0.747069 503.699 -0.0369499 0.990811 0.130277 26.4327 -0.75617 0.0575159 -0.651932 -230.967
-0.652525 -0.122422 0.747885 505.694 -0.0361574 0.990793 0.130641 26.7576 -0.756981 0.0582002 -0.650938 -232.696
-0.65219 -0.123131 0.748055 507.696 -0.0360732 0.990666 0.131619 27.0848 -0.757273 0.0588506 -0.650532 -234.418
-0.653488 -0.123128 0.746928 509.691 -0.0354359 0.990599 0.132298 27.4109 -0.756184 0.0599819 -0.651702 -236.142
-0.651697 -0.123632 0.748402 511.688 -0.0352364 0.990519 0.13295 27.7421 -0.757737 0.0602664 -0.649862 -237.87
-0.652839 -0.123749 0.747394 513.693 -0.035695 0.990519 0.132829 28.064 -0.756733 0.0600327 -0.65106 -239.58
-0.651778 -0.124538 0.74818 515.69 -0.0362485 0.990437 0.13329 28.3901 -0.75762 0.0597494 -0.650048 -241.311
-0.651658 -0.126257 0.748004 517.71 -0.0374183 0.990223 0.134547 28.7211 -0.757666 0.0596843 -0.650006 -243.038
-0.651323 -0.127082 0.74815 519.683 -0.0371897 0.99006 0.135802 29.0477 -0.757966 0.0606213 -0.649563 -244.726
-0.65094 -0.128219 0.748298 521.707 -0.037149 0.989856 0.137299 29.3908 -0.758299 0.0615689 -0.649095 -246.461
-0.649567 -0.127726 0.749567 523.713 -0.0377962 0.990018 0.135949 29.7432 -0.759443 0.0599706 -0.647899 -248.183
-0.651452 -0.128751 0.747763 525.72 -0.0382686 0.989841 0.137098 30.0865 -0.757806 0.0606907 -0.649757 -249.9
-0.649584 -0.128527 0.749416 527.729 -0.0375629 0.989853 0.137207 30.4381 -0.759441 0.0609709 -0.647809 -251.636
-0.649967 -0.12943 0.748938 529.718 -0.0371115 0.989644 0.138826 30.788 -0.759138 0.0624317 -0.648034 -253.337
-0.651738 -0.129883 0.74731 531.689 -0.0384105 0.98964 0.138506 31.1227 -0.757551 0.0615585 -0.649963 -255.024
-0.650305 -0.13073 0.748418 533.718 -0.0388694 0.989542 0.139078 31.4593 -0.758759 0.0613462 -0.64858 -256.756
-0.652771 -0.130844 0.746242 535.71 -0.0386365 0.989465 0.139698 31.8061 -0.756651 0.0623513 -0.650937 -258.474
-0.655622 -0.131048 0.74371 537.7 -0.0376456 0.989297 0.141141 32.1569 -0.754233 0.0645304 -0.653533 -260.172
-0.653739 -0.132669 0.745074 539.693 -0.0373844 0.988997 0.143305 32.5068 -0.755879 0.0658228 -0.651494 -261.903
-0.657093 -0.132912 0.742081 541.67 -0.039156 0.989047 0.142479 32.8631 -0.752877 0.0645574 -0.655094 -263.609
-0.656443 -0.132193 0.742779 543.664 -0.0400416 0.989271 0.140679 33.2212 -0.753396 0.0625985 -0.654681 -265.347
-0.65648 -0.132072 0.742773 545.637 -0.0391937 0.989221 0.141258 33.5714 -0.753409 0.0636131 -0.654574 -267.067
-0.658823 -0.135238 0.74012 547.635 -0.0387945 0.988536 0.146101 33.9381 -0.751382 0.0675346 -0.656503 -268.802
-0.657221 -0.136816 0.741257 549.611 -0.038097 0.988185 0.148619 34.3037 -0.752819 0.0694283 -0.654662 -270.529
-0.657693 -0.135658 0.741048 551.61 -0.0376436 0.988368 0.147529 34.6568 -0.75243 0.0691251 -0.655136 -272.274
-0.659393 -0.135105 0.739643 553.582 -0.0373686 0.98842 0.147238 35.0285 -0.750955 0.0694398 -0.6568 -273.993
-0.657573 -0.13625 0.741047 555.572 -0.0387224 0.988351 0.147365 35.3847 -0.752482 0.0682001 -0.655175 -275.72
-0.658621 -0.136786 0.740023 557.546 -0.0379512 0.988153 0.148879 35.7531 -0.751604 0.0699613 -0.656003 -277.418
-0.657081 -0.137365 0.741276 559.549 -0.0367428 0.987951 0.150511 36.1299 -0.753011 0.0716538 -0.654198 -279.182
-0.656491 -0.138705 0.741557 561.55 -0.0371769 0.987731 0.151844 36.5075 -0.753504 0.0721068 -0.653587 -280.922
-0.657662 -0.140263 0.740217 563.54 -0.0385593 0.987519 0.15287 36.8933 -0.752412 0.0719867 -0.65485 -282.657
-0.655826 -0.140624 0.741784 565.534 -0.0376456 0.987393 0.153908 37.2765 -0.75406 0.0730029 -0.652846 -284.402
-0.657653 -0.140283 0.740223 567.503 -0.0382266 0.987484 0.153186 37.6575 -0.752438 0.0724386 -0.654771 -286.127
-0.658544 -0.142733 0.738968 569.472 -0.0408149 0.987204 0.154312 38.033 -0.751522 0.0714515 -0.655937 -287.848
-0.657506 -0.144025 0.739636 571.448 -0.0425417 0.987119 0.154403 38.4141 -0.752338 0.0700473 -0.655149 -289.59
-0.656836 -0.143044 0.740429 573.405 -0.0427053 0.987349 0.152868 38.7971 -0.752913 0.0687799 -0.65463 -291.304
-0.656786 -0.141821 0.740703 575.4 -0.04203 0.987542 0.15182 39.1803 -0.752997 0.0685726 -0.65455 -293.058
-0.655943 -0.141414 0.741533 577.388 -0.0408046 0.987526 0.152238 39.5597 -0.753797 0.0695919 -0.653526 -294.794
-0.656179 -0.142383 0.741132 579.346 -0.0404691 0.987294 0.15385 39.9394 -0.753612 0.0709511 -0.653589 -296.494
-0.654808 -0.142408 0.742346 581.336 -0.0391858 0.987192 0.154818 40.3182 -0.75487 0.0722774 -0.651995 -298.226
-0.655874 -0.142663 0.741349 583.273 -0.0394773 0.987147 0.155043 40.6932 -0.75393 0.0724135 -0.653062 -299.92
-0.654474 -0.143133 0.742503 585.264 -0.0403257 0.987156 0.154756 41.0881 -0.7551 0.0713322 -0.651833 -301.644
-0.654 -0.14377 0.742791 587.24 -0.0400801 0.98701 0.155756 41.4783 -0.755526 0.0720838 -0.651252 -303.356
-0.653918 -0.144694 0.74269 589.228 -0.0400448 0.986813 0.157002 41.8625 -0.755597 0.0729161 -0.651082 -305.094
-0.654928 -0.145084 0.741717 591.15 -0.0397093 0.986677 0.157943 42.2516 -0.754742 0.0739785 -0.651949 -306.775
-0.654859 -0.146842 0.741439 593.137 -0.0411992 0.986449 0.158984 42.6442 -0.754719 0.073556 -0.652028 -308.504
-0.654554 -0.147808 0.741511 595.111 -0.0427061 0.986394 0.158929 43.0433 -0.754903 0.0723512 -0.651947 -310.211
-0.653386 -0.147695 0.742569 597.104 -0.0434104 0.986508 0.158024 43.447 -0.755873 0.0710052 -0.650975 -311.938
-0.653445 -0.148229 0.742406 599.088 -0.0426258 0.98632 0.159417 43.8405 -0.75587 0.0725146 -0.65081 -313.646
-0.655078 -0.147054 0.741205 601.024 -0.0417218 0.986452 0.158843 44.2276 -0.754504 0.0731199 -0.652329 -315.333
-0.652895 -0.148406 0.742855 603.013 -0.0419356 0.986227 0.160175 44.6383 -0.756385 0.073415 -0.650111 -317.07
-0.652282 -0.148196 0.743442 604.994 -0.0422738 0.986319 0.159526 45.0436 -0.756892 0.0726174 -0.649615 -318.777
-0.653379 -0.147462 0.742618 606.939 -0.0425751 0.986481 0.158433 45.44 -0.755931 0.0718897 -0.65081 -320.46
-0.651806 -0.146659 0.744167 608.946 -0.0422351 0.986653 0.157461 45.8414 -0.757306 0.0711934 -0.649292 -322.186
-0.652526 -0.148398 0.743183 610.894 -0.0426216 0.986304 0.159528 46.2344 -0.756666 0.0724099 -0.6499 -323.86
-0.652509 -0.149432 0.742999 612.929 -0.0420142 0.986023 0.161418 46.6425 -0.756715 0.074099 -0.649658 -325.607
-0.65246 -0.150858 0.742746 614.923 -0.0416777 0.985678 0.163594 47.0429 -0.756776 0.0757716 -0.649389 -327.332
-0.653182 -0.151707 0.741947 616.895 -0.0415203 0.98546 0.164952 47.4545 -0.756162 0.0769263 -0.649973 -329.038
-0.652652 -0.152047 0.742336 618.891 -0.0417347 0.985417 0.165149 47.882 -0.756608 0.0767926 -0.649465 -330.771
-0.65211 -0.152623 0.742702 620.876 -0.041875 0.985316 0.165719 48.3001 -0.757068 0.0769547 -0.648916 -332.488
-0.652507 -0.153509 0.742163 622.853 -0.0419313 0.985113 0.166901 48.7194 -0.756722 0.0777729 -0.649216 -334.191
-0.651816 -0.154248 0.742626 624.862 -0.0413552 0.984904 0.168278 49.1461 -0.757351 0.0789631 -0.648344 -335.931
-0.651427 -0.15488 0.742828 626.853 -0.0413708 0.98477 0.169052 49.5699 -0.757684 0.0793816 -0.647899 -337.643
-0.651662 -0.155526 0.742496 628.804 -0.04075 0.984553 0.170469 49.9841 -0.757518 0.0808197 -0.647922 -339.332
-0.650183 -0.155891 0.743707 630.83 -0.0402745 0.984454 0.171151 50.4146 -0.758813 0.0813149 -0.646338 -341.074
-0.650635 -0.156125 0.74327 632.789 -0.0400403 0.984364 0.171724 50.8375 -0.758438 0.0819564 -0.646702 -342.745
-0.649551 -0.156975 0.744032 634.799 -0.0394477 0.98413 0.173198 51.2699 -0.759398 0.0831381 -0.645419 -344.476
-0.649261 -0.157086 0.744269 636.78 -0.0391667 0.98408 0.17354 51.7007 -0.759661 0.0835099 -0.645067 -346.17
-0.64956 -0.15737 0.743942 638.739 -0.0397799 0.984073 0.17344 52.1239 -0.759375 0.0830528 -0.645458 -347.844
-0.647792 -0.156094 0.745757 640.742 -0.0390019 0.984331 0.172156 52.5608 -0.760923 0.0824232 -0.643718 -349.555
-0.64749 -0.156734 0.745879 642.739 -0.0386193 0.984147 0.173284 52.9921 -0.761201 0.0833817 -0.643261 -351.248
-0.647043 -0.156411 0.746343 644.698 -0.0374382 0.984105 0.173788 53.4223 -0.761641 0.0844935 -0.642601 -352.904
-0.646161 -0.157146 0.746945 646.726 -0.0373944 0.98395 0.174665 53.8668 -0.762392 0.0849174 -0.641649 -354.621
-0.645673 -0.157947 0.747207 648.678 -0.0391046 0.983965 0.174209 54.2866 -0.762721 0.08325 -0.641483 -356.266
-0.645307 -0.159243 0.747239 650.712 -0.0394665 0.983711 0.17556 54.7378 -0.763011 0.0837864 -0.641062 -357.989
-0.646071 -0.158256 0.746797 652.666 -0.037861 0.983745 0.17572 55.1781 -0.762447 0.0852401 -0.641548 -359.671
