0.999999 0.000828864 0.00125518 -0.00499738 -0.000823724 0.999991 -0.00402505 0.000119947 -0.00125838 0.00402394 0.999991 0.961861
0.999998 -0.00138549 0.00184611 -0.00757288 0.00139413 0.999988 -0.00465973 -0.0233185 -0.00183969 0.00466222 0.999988 1.92516
0.999995 -0.00164657 0.0029309 -0.0103951 0.00164953 0.999998 -0.000991819 -0.0304591 -0.00292911 0.000996556 0.999995 2.8992
0.999989 -0.00461749 0.00103421 -0.00575564 0.00461413 0.999984 0.00324949 -0.0371702 -0.00104928 -0.00324471 0.999995 3.87149
0.999984 -0.00571909 -0.00025717 -0.00690862 0.00572018 0.999974 0.00432303 -0.0519925 0.000232593 -0.00432445 0.999991 4.82252
0.999966 -0.00824794 -0.000169815 -0.00905445 0.00824834 0.999963 0.00224528 -0.0622264 0.000151193 -0.0022466 0.999998 5.77561
0.99997 -0.00770025 -0.00127252 -0.0152383 0.00770035 0.999971 7.79328e-05 -0.0724028 0.001272 -8.76602e-05 1 6.70902
0.99997 -0.00769413 -0.00197021 -0.0244511 0.00769202 0.99997 -0.00104284 -0.0806063 0.0019781 0.00102773 0.999999 7.63571
0.999972 -0.00727217 -0.00234064 -0.0321642 0.00727173 0.999974 -0.000164178 -0.0915498 0.00234188 0.000147198 0.999998 8.57446
0.999957 -0.00826479 -0.00443767 -0.0397336 0.00827465 0.999963 0.00222501 -0.107535 0.00441905 -0.00226156 0.999989 9.50532
0.999955 -0.00829975 -0.004829 -0.0548635 0.00831733 0.999959 0.00367278 -0.12593 0.00479843 -0.00371268 0.999983 10.4282
0.999953 -0.00902382 -0.00397509 -0.0749183 0.00904508 0.999945 0.00540043 -0.138738 0.00392607 -0.005436 0.999979 11.3673
0.999946 -0.0086802 -0.00595573 -0.0744293 0.00871299 0.999947 0.0055418 -0.143881 0.00590746 -0.00559328 0.999968 12.2791
0.99994 -0.00877123 -0.00671959 -0.0951466 0.00879853 0.999953 0.00407594 -0.147408 0.00668343 -0.00413469 0.999971 13.1975
0.999937 -0.0089266 -0.00715047 -0.104111 0.00895116 0.999955 0.00343578 -0.147456 0.00711978 -0.00349948 0.999971 14.0991
0.9999 -0.00997694 -0.0101209 -0.121651 0.00999198 0.99995 0.00145802 -0.154925 0.0101057 -0.00155886 0.99995 15.0133
0.999889 -0.00952559 -0.0117602 -0.139097 0.00954086 0.999954 0.00125655 -0.15889 0.011748 -0.00136844 0.999933 15.9115
0.999924 -0.00665247 -0.0105412 -0.155196 0.00664348 0.999978 -0.000866908 -0.185166 0.0105466 0.000796938 0.999946 16.7863
0.999898 -0.0051043 -0.0136038 -0.178281 0.00508736 0.999987 -0.00126943 -0.193478 0.0136104 0.00120029 0.99991 17.6946
0.999868 -0.00562646 -0.0153781 -0.195486 0.00562051 0.999985 -0.000418604 -0.204644 0.01538 0.0003323 0.999884 18.5806
0.999857 -0.00581336 -0.0161019 -0.220387 0.00581838 0.999984 0.000274373 -0.219578 0.0161003 -0.00036789 0.999874 19.4702
0.999816 -0.00582798 -0.0184131 -0.243792 0.00584365 0.999983 0.000804864 -0.228308 0.0184079 -0.000912146 0.999833 20.3693
0.999768 -0.00638972 -0.0207416 -0.256613 0.00639793 0.99998 0.000336006 -0.25332 0.0207393 -0.00046852 0.999788 21.2478
0.99973 -0.00638937 -0.0225057 -0.286255 0.00639824 0.99998 0.000327739 -0.267119 0.0225029 -0.000471449 0.99975 22.1304
0.999667 -0.00624346 -0.025202 -0.307843 0.00625224 0.999981 0.000274455 -0.282451 0.0252 -0.000431823 0.999686 23.0068
0.999636 -0.00637458 -0.026352 -0.336853 0.00642849 0.999978 0.00196569 -0.287603 0.0263387 -0.00213425 0.999654 23.8693
0.999559 -0.00762269 -0.0288699 -0.364954 0.00777348 0.999958 0.00511905 -0.298448 0.0288299 -0.00534108 0.999574 24.7403
0.999484 -0.00820075 -0.0311593 -0.390647 0.0084147 0.999942 0.00674537 -0.307206 0.031102 -0.00700397 0.999495 25.6008
0.999487 -0.00753665 -0.0312907 -0.420226 0.00772858 0.999953 0.00602313 -0.321679 0.031244 -0.00626178 0.999496 26.4278
0.999441 -0.00637191 -0.032928 -0.447273 0.00651086 0.999971 0.00411721 -0.328177 0.0329006 -0.00432918 0.999453 27.248
0.999392 -0.00537916 -0.034589 -0.483416 0.0054618 0.999983 0.00229983 -0.335967 0.0345762 -0.00248725 0.999403 28.061
0.999353 -0.00521623 -0.035695 -0.515214 0.00532122 0.999982 0.00285018 -0.337072 0.0356793 -0.00303816 0.999363 28.867
0.999218 -0.00479551 -0.0393713 -0.549752 0.00490629 0.999985 0.00272147 -0.356374 0.0393578 -0.00291243 0.999225 29.6925
0.999141 -0.00416233 -0.041335 -0.583148 0.0042702 0.999988 0.00252222 -0.362942 0.0413237 -0.00269642 0.999147 30.4665
0.999069 -0.00387354 -0.0430926 -0.617776 0.00396831 0.99999 0.00211789 -0.365989 0.0430842 -0.00228683 0.999073 31.2452
0.998955 -0.00398883 -0.0456232 -0.653542 0.00415377 0.999985 0.00352095 -0.372908 0.0456083 -0.00370665 0.998957 32.0244
0.998824 -0.00481618 -0.048357 -0.692563 0.00508655 0.999973 0.00547284 -0.376661 0.0483294 -0.00571227 0.99882 32.7866
0.998741 -0.00481124 -0.0500361 -0.732227 0.00518047 0.999961 0.00725238 -0.378343 0.049999 -0.0075023 0.998725 33.5298
0.998612 -0.00373994 -0.0526452 -0.773674 0.00415358 0.999962 0.00775291 -0.383656 0.0526144 -0.00796071 0.998588 34.2589
0.998557 -0.00202002 -0.053761 -0.821023 0.00243048 0.999969 0.00756964 -0.385132 0.0537437 -0.00768919 0.99853 34.9736
0.998438 -0.00156893 -0.0559607 -0.864941 0.00201064 0.999968 0.0078401 -0.388054 0.0559468 -0.00794026 0.998407 35.6743
0.998354 -0.000831296 -0.057433 -0.91589 0.00136846 0.999956 0.00931321 -0.388785 0.0574225 -0.00937629 0.998311 36.3806
0.998272 -0.000456629 -0.0588731 -0.95236 0.00111882 0.999937 0.0112168 -0.397159 0.0588645 -0.0112631 0.998208 37.0909
0.998234 0.00148366 -0.0594908 -0.998084 -0.00078936 0.999932 0.0116907 -0.398981 0.0595038 -0.0116229 0.998166 37.7671
0.998275 0.00398773 -0.0586884 -1.05076 -0.00336278 0.999937 0.010745 -0.39962 0.0587279 -0.0105289 0.998224 38.443
0.998368 0.00544603 -0.0569565 -1.09251 -0.00499003 0.999955 0.0081433 -0.392848 0.056998 -0.00784563 0.998348 39.102
0.998456 0.00546813 -0.0554137 -1.13083 -0.0050756 0.999962 0.0072228 -0.393466 0.0554513 -0.00693024 0.998443 39.7461
0.998577 0.00611623 -0.0531055 -1.16427 -0.00571393 0.999955 0.00772108 -0.389758 0.0531501 -0.00740645 0.998564 40.4013
0.998703 0.0098477 -0.0501129 -1.20423 -0.00936523 0.999908 0.00985389 -0.400941 0.0502056 -0.00937161 0.998701 41.0479
0.998801 0.014468 -0.0469239 -1.24511 -0.013865 0.999818 0.0131466 -0.405831 0.0471053 -0.0124801 0.998817 41.6743
0.998878 0.0193041 -0.0434283 -1.28903 -0.0187345 0.999734 0.0134824 -0.404672 0.0436773 -0.0126535 0.998972 42.2891
0.999024 0.022661 -0.0381247 -1.31749 -0.0221552 0.999662 0.0136299 -0.397788 0.0384205 -0.0127716 0.999185 42.8821
0.999146 0.0255737 -0.0326998 -1.34335 -0.0250737 0.999564 0.0156065 -0.39383 0.033085 -0.014773 0.99935 43.4513
0.999223 0.0291106 -0.0268738 -1.36279 -0.0286922 0.999464 0.0158112 -0.382202 0.0273196 -0.0150275 0.999519 44.0031
0.999331 0.0315058 -0.0190445 -1.37911 -0.0312047 0.999387 0.0158998 -0.375929 0.0195341 -0.0152946 0.999699 44.5402
0.999299 0.0356261 -0.0121972 -1.39844 -0.0354269 0.999243 0.0161404 -0.391677 0.0127629 -0.0156966 0.9998 45.0594
0.999241 0.0389224 -0.00451286 -1.407 -0.0388495 0.99913 0.0152137 -0.391457 0.00510143 -0.0150266 0.999881 45.5526
0.999093 0.0425857 0.00396027 -1.40819 -0.0426356 0.998998 0.0136783 -0.385748 -0.00337379 -0.0138343 0.999904 46.0164
0.998987 0.0437975 0.0112357 -1.41126 -0.0439282 0.998968 0.0116804 -0.387984 -0.0107121 -0.0121618 0.999876 46.4655
0.998811 0.0446927 0.0199106 -1.39322 -0.0449224 0.998928 0.0112717 -0.381623 -0.0193854 -0.0121523 0.999744 46.889
0.998668 0.0440188 0.0272916 -1.37895 -0.0443426 0.998953 0.0113861 -0.401311 -0.0267614 -0.0125808 0.999571 47.2984
0.998361 0.0452346 0.0353172 -1.37017 -0.0456804 0.998886 0.0119355 -0.400925 -0.0347379 -0.0135288 0.999311 47.6725
0.997871 0.0476584 0.0447534 -1.36059 -0.0482321 0.998767 0.0118324 -0.407437 -0.0441337 -0.0139656 0.998936 48.0347
0.997244 0.05212 0.0529697 -1.35246 -0.0527888 0.998542 0.0113163 -0.404412 -0.0523025 -0.0140809 0.998538 48.369
0.996555 0.0551971 0.0620729 -1.33976 -0.0560086 0.998366 0.0114148 -0.404592 -0.0613408 -0.0148519 0.998015 48.6842
0.995951 0.0546897 0.0714878 -1.31041 -0.0556687 0.99838 0.0117811 -0.41251 -0.0707276 -0.0157126 0.997378 48.9737
0.995237 0.0536512 0.0815234 -1.28632 -0.0547004 0.998447 0.0106931 -0.41588 -0.0808224 -0.0151013 0.996623 49.2474
0.994236 0.0530146 0.0932935 -1.25175 -0.0539361 0.998518 0.00738794 -0.410918 -0.0927634 -0.0123768 0.995617 49.5236
0.992834 0.0538031 0.106809 -1.21443 -0.054497 0.998509 0.00358905 -0.414592 -0.106455 -0.00938388 0.994282 49.7876
0.991029 0.0547191 0.122018 -1.18415 -0.0554216 0.99846 0.00237373 -0.411924 -0.1217 -0.00911451 0.992531 50.0551
0.988776 0.0558685 0.138647 -1.14489 -0.0566119 0.998397 0.00142396 -0.410834 -0.138344 -0.00925686 0.99035 50.3199
0.986257 0.0557687 0.155589 -1.09767 -0.0565613 0.998399 0.000671985 -0.412161 -0.155302 -0.0094627 0.987828 50.5683
0.983237 0.055277 0.173817 -1.03763 -0.0560931 0.998427 -0.000215279 -0.418395 -0.173554 -0.00953808 0.984788 50.827
0.979633 0.0543374 0.193356 -0.967958 -0.0551727 0.998477 -0.00106295 -0.420564 -0.193119 -0.00962629 0.981135 51.0831
0.975442 0.054458 0.213472 -0.903787 -0.0553038 0.99847 -0.00201049 -0.423391 -0.213254 -0.0098445 0.976957 51.3219
0.970483 0.0561602 0.234584 -0.838605 -0.0570029 0.998369 -0.00318928 -0.421624 -0.234381 -0.0102764 0.972097 51.5735
0.964537 0.0569664 0.257772 -0.752553 -0.0576239 0.998327 -0.00500853 -0.425653 -0.257625 -0.0100228 0.966203 51.8203
0.957818 0.0578347 0.281532 -0.681989 -0.0585757 0.998266 -0.00578765 -0.438574 -0.281378 -0.0109469 0.959542 52.0701
0.949948 0.0590049 0.306822 -0.588737 -0.0597904 0.998189 -0.0068461 -0.439366 -0.306669 -0.0118414 0.951753 52.3303
0.940568 0.0605711 0.334192 -0.495263 -0.0615309 0.998076 -0.00772167 -0.444216 -0.334016 -0.0132999 0.942481 52.5916
0.930129 0.0606913 0.362216 -0.392213 -0.0616486 0.998059 -0.00892463 -0.446311 -0.362052 -0.0140288 0.932063 52.8419
0.917843 0.0603239 0.392363 -0.267479 -0.0610351 0.998079 -0.0106723 -0.459956 -0.392252 -0.014152 0.919757 53.0758
0.903343 0.0579427 0.425016 -0.130126 -0.0578589 0.99824 -0.0131161 -0.463753 -0.425026 -0.0127424 0.905102 53.3219
0.886721 0.0567071 0.458839 0.017354 -0.0553182 0.998333 -0.016478 -0.474175 -0.459008 -0.0107704 0.888376 53.5565
0.867415 0.0570024 0.494333 0.171852 -0.054953 0.998314 -0.0186909 -0.475055 -0.494563 -0.0109522 0.869083 53.793
0.84621 0.0585656 0.529643 0.341318 -0.0551738 0.99823 -0.0222287 -0.475383 -0.530006 -0.0104118 0.84794 54.0237
0.822475 0.0603529 0.565611 0.531458 -0.0557976 0.99812 -0.0253667 -0.47905 -0.566077 -0.0106961 0.824294 54.277
0.795791 0.0630882 0.602296 0.737792 -0.0582569 0.997921 -0.0275558 -0.491388 -0.602781 -0.0131588 0.797809 54.5306
0.766832 0.0663212 0.638432 0.960498 -0.0610329 0.997675 -0.0303328 -0.509104 -0.638957 -0.0157051 0.769094 54.7883
0.734899 0.0664726 0.674928 1.20868 -0.0604466 0.997645 -0.0324387 -0.522259 -0.675493 -0.0169575 0.737183 55.031
0.699264 0.0643508 0.711979 1.49231 -0.057719 0.997772 -0.033494 -0.545268 -0.712545 -0.0176734 0.701417 55.2865
0.661222 0.0631258 0.747546 1.78319 -0.0555563 0.997838 -0.0351205 -0.56089 -0.748145 -0.0183081 0.663296 55.5165
0.61972 0.0621495 0.782375 2.10791 -0.0537262 0.997881 -0.0367125 -0.568039 -0.782996 -0.0192823 0.621743 55.7565
0.574763 0.0615448 0.816017 2.4452 -0.0513111 0.997917 -0.0391226 -0.584095 -0.816723 -0.0193841 0.576721 55.968
0.527989 0.0603241 0.847122 2.82119 -0.048713 0.997984 -0.040706 -0.60804 -0.847866 -0.0197734 0.52986 56.186
0.479841 0.0576719 0.875472 3.22687 -0.0472151 0.998089 -0.0398709 -0.635614 -0.876096 -0.0222034 0.481645 56.3987
0.431282 0.0553885 0.90053 3.6369 -0.0469343 0.998141 -0.0389147 -0.653566 -0.901008 -0.0254824 0.433077 56.5887
0.381979 0.0550615 0.922543 4.0801 -0.0482118 0.998052 -0.039606 -0.683536 -0.922924 -0.0293483 0.383888 56.7619
0.332849 0.0548228 0.941401 4.53394 -0.0469404 0.998035 -0.0415248 -0.689779 -0.941823 -0.0303679 0.334766 56.9133
0.286237 0.050578 0.956836 5.00485 -0.0389591 0.998394 -0.04112 -0.710772 -0.957378 -0.0255071 0.287746 57.0273
0.242204 0.0449665 0.969199 5.49511 -0.0260055 0.99887 -0.0398446 -0.739261 -0.969889 -0.0155537 0.243097 57.1158
0.200146 0.0421271 0.978873 6.00397 -0.0179951 0.999065 -0.0393166 -0.76857 -0.979612 -0.00974558 0.200716 57.1947
0.161937 0.0442126 0.985827 6.51817 -0.0154518 0.998989 -0.042265 -0.764208 -0.986692 -0.00838828 0.162455 57.2658
0.128904 0.0438895 0.990698 7.04821 -0.00855791 0.999033 -0.0431449 -0.798899 -0.991631 -0.00291652 0.129154 57.3189
0.0998341 0.0425729 0.99411 7.59531 -0.00168894 0.999092 -0.042617 -0.822572 -0.995014 0.0025758 0.0998137 57.3592
0.0749692 0.0405669 0.996374 8.15999 0.00354447 0.999156 -0.0409465 -0.838517 -0.997191 0.0066015 0.0747614 57.3883
0.0549508 0.039581 0.997721 8.73617 0.00769369 0.99917 -0.0400625 -0.865709 -0.998471 0.00987775 0.0545991 57.4116
0.0385808 0.0403135 0.998454 9.31808 0.00889289 0.999133 -0.0406841 -0.880626 -0.999226 0.0104489 0.0381883 57.4318
0.0253772 0.0402569 0.998884 9.90447 0.00970901 0.999134 -0.0405139 -0.900528 -0.999642 0.0107264 0.024963 57.4384
0.0141232 0.0416416 0.999045 10.5076 0.00977885 0.999079 -0.0417808 -0.922869 -0.999863 0.0103598 0.0137025 57.4436
0.00522068 0.0433424 0.999064 11.11 0.0143033 0.998958 -0.0434129 -0.952013 -0.999896 0.0145167 0.004594 57.4379
-0.00179889 0.0442591 0.999031 11.7087 0.0184951 0.998851 -0.0442174 -0.97561 -0.999838 0.0183977 -0.00261576 57.4277
-0.00601301 0.0444071 0.999013 12.3511 0.0186855 0.998846 -0.0442875 -1.00027 -0.99982 0.0184008 -0.00683709 57.4246
-0.0100222 0.0423233 0.999066 12.9857 0.0166324 0.998973 -0.0421521 -1.02372 -0.999822 0.0161946 -0.0107162 57.4256
-0.0118884 0.036203 0.999292 13.6536 0.0150283 0.999241 -0.0360226 -1.04879 -0.999829 0.0145894 -0.0124246 57.4239
-0.0130705 0.0311854 0.999441 14.3252 0.015848 0.999395 -0.0309763 -1.07487 -0.999799 0.0154344 -0.0135571 57.4118
-0.0132623 0.0298793 0.999484 15.012 0.01818 0.999398 -0.0296357 -1.09208 -0.99976 0.0177775 -0.0137987 57.3996
-0.013518 0.0312428 0.999433 15.6826 0.0206859 0.999307 -0.0309588 -1.12557 -0.999705 0.0202557 -0.0141552 57.3876
-0.0115289 0.0382654 0.999219 16.3835 0.0209113 0.999061 -0.0380183 -1.14652 -0.999728 0.0204566 -0.0123194 57.3775
-0.00936987 0.0455655 0.99893 17.082 0.020867 0.998753 -0.0453613 -1.17759 -0.999749 0.0204197 -0.0103093 57.3688
-0.00756283 0.0467519 0.998896 17.7861 0.0213077 0.998689 -0.0465811 -1.19517 -0.999758 0.0209317 -0.00855026 57.3689
-0.00475679 0.0431948 0.999068 18.5225 0.0207028 0.998857 -0.0430868 -1.23279 -0.999786 0.0204785 -0.00564597 57.3695
-0.00220364 0.0376114 0.999309 19.2457 0.0203884 0.999089 -0.0375584 -1.27255 -0.999804 0.0202914 -0.00296967 57.3669
-8.42722e-06 0.0358666 0.99937 19.9639 0.0190579 0.999176 -0.0358592 -1.2948 -0.99983 0.0190455 -0.000692343 57.3717
0.00371805 0.0398144 0.999219 20.6944 0.0242951 0.998911 -0.0398929 -1.34536 -0.999712 0.0244243 0.00274556 57.3699
0.00665946 0.044163 0.999016 21.4096 0.0266698 0.998662 -0.0443248 -1.38741 -0.999634 0.0269386 0.00547234 57.3718
0.00770119 0.0451718 0.998969 22.1165 0.0216854 0.998739 -0.045329 -1.41432 -0.999749 0.0220119 0.0067107 57.3825
0.0120568 0.0431345 0.99901 22.8717 0.0169944 0.998917 -0.0433352 -1.44859 -0.999795 0.0175 0.0113103 57.4067
0.0162532 0.0392837 0.999117 23.5946 0.0205696 0.999006 -0.0396144 -1.49633 -0.99967 0.021195 0.0154278 57.4149
0.0185168 0.040442 0.999024 24.3121 0.0243115 0.99887 -0.0408858 -1.54093 -0.999545 0.0250449 0.0175122 57.4247
0.0221965 0.0441171 0.998801 25.0512 0.0236738 0.998726 -0.0446405 -1.58929 -0.999488 0.024636 0.0211225 57.446
0.0257139 0.0458809 0.99863 25.7784 0.020068 0.998722 -0.0464014 -1.61597 -0.99948 0.0212336 0.0247598 57.4695
0.0281804 0.0451417 0.998604 26.5131 0.0187169 0.998783 -0.0456786 -1.66306 -0.999442 0.0199777 0.0273 57.494
0.0322079 0.0438135 0.998535 27.2514 0.0219765 0.998767 -0.0445322 -1.70955 -0.999252 0.0233785 0.0312048 57.5176
0.0358238 0.0438691 0.998416 27.9903 0.025398 0.998676 -0.0447925 -1.75676 -0.99905 0.026962 0.0346609 57.5416
0.038064 0.0445524 0.998296 28.7162 0.027002 0.998596 -0.045595 -1.79552 -0.998923 0.0286914 0.0368069 57.5635
0.0416548 0.0443883 0.998168 29.4713 0.0268286 0.998605 -0.0455279 -1.84578 -0.998786 0.0286755 0.0404046 57.5923
0.0449891 0.0440566 0.99803 30.2273 0.0277044 0.998589 -0.0453298 -1.88465 -0.998617 0.029689 0.0437044 57.6196
0.0478027 0.0436505 0.997926 30.9654 0.0276711 0.998606 -0.0450065 -1.92124 -0.998489 0.0297647 0.0465269 57.6557
0.0513053 0.0439625 0.99773 31.7184 0.0263013 0.998626 -0.0453541 -1.95532 -0.99835 0.0285684 0.0500779 57.694
0.0545886 0.0459219 0.997476 32.4824 0.0241736 0.99859 -0.047297 -1.98861 -0.998232 0.026694 0.0534002 57.7369
0.0566532 0.045862 0.997356 33.2275 0.0253263 0.998558 -0.0473557 -2.03709 -0.998087 0.027942 0.0554092 57.7812
0.060009 0.0457452 0.997173 33.9756 0.0243164 0.998587 -0.0472744 -2.06623 -0.997917 0.0270841 0.0588106 57.8318
0.0604662 0.0457032 0.997139 34.7469 0.0241059 0.998594 -0.0472315 -2.10325 -0.997894 0.0268926 0.0592786 57.8896
0.0648267 0.0458508 0.996866 35.4461 0.0238491 0.998589 -0.047482 -2.12839 -0.997627 0.0268519 0.0636402 57.9346
0.0667747 0.0476075 0.996648 36.2152 0.0217182 0.998556 -0.0491536 -2.16152 -0.997547 0.0249275 0.0656434 57.9867
0.0698427 0.0504684 0.996305 36.9703 0.0211355 0.998422 -0.0520584 -2.2094 -0.997351 0.0246927 0.0686643 58.0445
0.0734086 0.0520943 0.995957 37.7458 0.0209874 0.998334 -0.0537653 -2.25105 -0.997097 0.0248493 0.0721919 58.0988
0.0762673 0.0543397 0.99563 38.5185 0.0162282 0.998315 -0.0557306 -2.29723 -0.996972 0.0204072 0.0752555 58.1609
0.0784904 0.0543025 0.995452 39.3024 0.0119177 0.998394 -0.0554026 -2.33382 -0.99686 0.016212 0.0777161 58.2381
0.0819217 0.053971 0.995201 40.0841 0.0133995 0.998384 -0.0552479 -2.39315 -0.996565 0.0178607 0.0810646 58.305
0.0852346 0.0547385 0.994873 40.8713 0.0137466 0.998331 -0.0561063 -2.44274 -0.996282 0.0184582 0.0843388 58.3735
0.0883178 0.0557193 0.994558 41.6659 0.0101085 0.998334 -0.0568298 -2.49023 -0.996058 0.0150721 0.0876059 58.4531
0.0926223 0.0543921 0.994231 42.4582 0.00908009 0.99842 -0.055467 -2.5342 -0.995676 0.0141651 0.0919808 58.5322
0.0971004 0.0537299 0.993849 43.2562 0.00964751 0.998446 -0.0549224 -2.59158 -0.995246 0.0149207 0.0964296 58.6064
0.101287 0.0574887 0.993212 44.0497 0.00661787 0.998269 -0.0584561 -2.62799 -0.994852 0.0124938 0.10073 58.7002
0.107539 0.0645322 0.992131 44.8498 0.00440607 0.997852 -0.0653834 -2.68841 -0.994209 0.0114022 0.107022 58.7985
0.114391 0.0691137 0.991046 45.6414 0.00284637 0.997551 -0.0698956 -2.73062 -0.993449 0.0108162 0.113912 58.8943
0.120926 0.0721834 0.99006 46.444 -0.000978478 0.997363 -0.0725978 -2.79191 -0.992679 0.00780984 0.120677 59.007
0.12866 0.0710983 0.989155 47.2537 -0.00471341 0.99746 -0.071082 -2.85117 -0.991695 0.00448305 0.128667 59.1225
0.136615 0.0696638 0.988199 48.0829 -0.00413665 0.997558 -0.0697532 -2.91388 -0.990634 0.00544106 0.136568 59.2322
0.143571 0.0671903 0.987375 48.9069 -0.00440545 0.997727 -0.067254 -2.9769 -0.989649 0.00530579 0.143539 59.3521
0.151872 0.0621004 0.986475 49.7228 -0.00627251 0.998067 -0.0618659 -3.0342 -0.988398 0.00320759 0.151967 59.4903
0.159667 0.0561634 0.985591 50.5532 -0.00755171 0.998421 -0.0556711 -3.09189 -0.987161 0.00144581 0.159837 59.6157
0.16717 0.0532935 0.984514 51.3692 -0.0074464 0.99858 -0.0527918 -3.13829 -0.985919 0.00149371 0.167328 59.7581
0.175583 0.055518 0.982917 52.1765 -0.00755695 0.998456 -0.0550457 -3.19317 -0.984455 0.00223712 0.17573 59.9028
0.181973 0.0609687 0.98144 52.9757 -0.00789202 0.998137 -0.0605441 -3.24862 -0.983291 0.00327142 0.182114 60.0446
0.186579 0.0648489 0.980317 53.7587 -0.00847114 0.997889 -0.064399 -3.30396 -0.982423 0.00371095 0.186732 60.1976
0.192873 0.0670937 0.978955 54.5471 -0.00901966 0.997741 -0.0666056 -3.35857 -0.981202 0.00401612 0.193041 60.3624
0.197933 0.0678432 0.977885 55.3202 -0.0113119 0.997695 -0.0669278 -3.4159 -0.98017 0.00218529 0.198241 60.5193
0.202453 0.0643714 0.977203 56.0887 -0.0079444 0.997915 -0.0640914 -3.46637 -0.97928 0.00521173 0.20254 60.6692
0.208817 0.0591932 0.976182 56.8553 -0.00632815 0.998228 -0.0591764 -3.51346 -0.977954 0.00617947 0.20882 60.8301
0.21247 0.0528664 0.975766 57.6149 -0.00793574 0.998599 -0.0523769 -3.57159 -0.977156 0.0033846 0.212589 60.9991
0.215117 0.0500887 0.975324 58.3573 -0.010151 0.998746 -0.0490527 -3.6062 -0.976556 0.000651398 0.215353 61.1734
0.219049 0.0492074 0.974502 59.0845 -0.011709 0.99879 -0.0478033 -3.65843 -0.975665 -0.00093966 0.219358 61.3412
0.220935 0.0512713 0.973961 59.8025 -0.0140292 0.998683 -0.04939 -3.69002 -0.975209 -0.00275222 0.221361 61.5115
0.22321 0.0544261 0.97328 60.5121 -0.0162294 0.998511 -0.0521165 -3.72499 -0.974656 -0.00416329 0.223759 61.6904
0.224961 0.0585597 0.972628 61.2136 -0.0171928 0.998278 -0.0561271 -3.7617 -0.974238 -0.0040962 0.225577 61.8587
0.22688 0.0633966 0.971887 61.8957 -0.0179259 0.997984 -0.0609157 -3.8087 -0.973779 -0.00360195 0.227557 62.0355
0.22964 0.0641558 0.971181 62.5763 -0.016905 0.99794 -0.0619258 -3.85938 -0.973151 -0.00219753 0.230248 62.1976
0.230997 0.064464 0.970847 63.2421 -0.01791 0.997918 -0.0620015 -3.88199 -0.972812 -0.00306629 0.231668 62.368
0.231178 0.0619514 0.97096 63.9087 -0.0189362 0.998071 -0.0591721 -3.94043 -0.972749 -0.00470728 0.231902 62.533
0.232761 0.0608794 0.970657 64.5445 -0.0197746 0.998131 -0.0578621 -3.98521 -0.972355 -0.00572678 0.233528 62.6849
0.232455 0.0597461 0.970793 65.1947 -0.0184677 0.998205 -0.0570106 -4.0229 -0.972454 -0.0046762 0.233138 62.8401
0.230386 0.0591734 0.971329 65.8321 -0.0184334 0.998238 -0.056442 -4.0596 -0.972947 -0.00490187 0.23107 62.9966
0.229378 0.0601329 0.971501 66.4584 -0.0205067 0.99817 -0.0569413 -4.10286 -0.973144 -0.00686152 0.230188 63.1437
0.226215 0.0624154 0.972106 67.0836 -0.0202231 0.998033 -0.0593755 -4.14593 -0.97389 -0.00622779 0.227031 63.2912
0.225245 0.0667655 0.972035 67.69 -0.020721 0.997755 -0.0637298 -4.19844 -0.974104 -0.00578699 0.22612 63.422
0.223166 0.0670454 0.972502 68.2831 -0.0192784 0.997743 -0.064363 -4.23827 -0.974613 -0.00438511 0.223953 63.5543
0.220286 0.066667 0.973177 68.8907 -0.0195397 0.997766 -0.0639277 -4.27995 -0.975262 -0.00493361 0.221094 63.6957
0.218323 0.0635489 0.973836 69.4678 -0.0196856 0.997964 -0.0607114 -4.30483 -0.9757 -0.00591625 0.219128 63.8317
0.216336 0.0607719 0.974448 70.0344 -0.0190381 0.998136 -0.0580218 -4.34402 -0.976156 -0.00599983 0.217087 63.9627
0.21381 0.0592322 0.975108 70.5995 -0.0160179 0.998241 -0.0571265 -4.39259 -0.976767 -0.00340539 0.214381 64.0803
0.212038 0.0605775 0.975405 71.1459 -0.0124305 0.998166 -0.0592881 -4.4335 -0.977205 0.000446143 0.2124 64.1934
0.209749 0.0628537 0.975763 71.6842 -0.0102634 0.99802 -0.0620826 -4.48191 -0.977725 0.00300657 0.209976 64.311
0.207088 0.0649684 0.976187 72.2404 -0.011125 0.997887 -0.0640519 -4.51386 -0.978282 0.00240378 0.207371 64.4301
0.206408 0.0676689 0.976153 72.7783 -0.011943 0.997708 -0.0666391 -4.56337 -0.978417 0.00209613 0.206741 64.552
0.205025 0.0670217 0.976483 73.3337 -0.0111697 0.997751 -0.0661353 -4.60686 -0.978716 0.00265193 0.20531 64.6845
0.204754 0.064851 0.976692 73.8827 -0.00729919 0.997877 -0.0647289 -4.65557 -0.978809 0.00612397 0.204791 64.7903
0.20687 0.0639742 0.976299 74.4296 -0.00307417 0.9979 -0.0647375 -4.70025 -0.978386 0.0103905 0.20663 64.9017
0.2074 0.0636989 0.97621 75.0008 -0.00167528 0.9979 -0.0647597 -4.74405 -0.978278 0.0117952 0.207069 65.0272
0.209266 0.063733 0.975804 75.5709 -0.00310113 0.997914 -0.0645113 -4.78228 -0.977877 0.0104735 0.209025 65.1632
0.214941 0.0642747 0.97454 76.1179 -0.00532507 0.997895 -0.0646421 -4.82113 -0.976636 0.00870428 0.214829 65.2955
0.220701 0.0637075 0.973283 76.6781 -0.00482312 0.997925 -0.0642263 -4.87315 -0.975353 0.00948025 0.220549 65.4138
0.228125 0.0636422 0.971581 77.2532 -0.00651136 0.997939 -0.0638416 -4.91044 -0.973634 0.00823714 0.228068 65.5565
0.236239 0.062758 0.969692 77.8226 -0.00630625 0.997991 -0.0630527 -4.95006 -0.9717 0.00878013 0.236158 65.7024
0.244981 0.0621185 0.967568 78.401 -0.00864084 0.998047 -0.061889 -4.99422 -0.969514 0.00680054 0.245037 65.8707
0.25373 0.0625044 0.96528 78.9917 -0.0107241 0.998032 -0.0618057 -5.0437 -0.967242 0.00532998 0.253898 66.0336
0.263613 0.0648864 0.962476 79.567 -0.0152034 0.997891 -0.0631116 -5.07746 -0.964534 0.00200363 0.264042 66.2068
0.272219 0.0675279 0.95989 80.1662 -0.0187242 0.997719 -0.0648785 -5.11875 -0.962079 -0.000312209 0.27286 66.3883
0.283258 0.0694655 0.956558 80.7608 -0.0219188 0.997583 -0.0659558 -5.15683 -0.958819 -0.00228439 0.284094 66.5738
0.293684 0.0700548 0.95336 81.3709 -0.0233977 0.99754 -0.0660932 -5.20392 -0.955643 -0.00289608 0.294598 66.7704
0.302541 0.0712079 0.950507 81.9864 -0.0251748 0.997456 -0.0667139 -5.24391 -0.95283 -0.00374557 0.303562 66.9772
0.311887 0.0713002 0.947468 82.6194 -0.0257976 0.997449 -0.0665691 -5.28727 -0.949796 -0.00368059 0.312928 67.2003
0.321887 0.0725896 0.944026 83.2617 -0.0293548 0.997344 -0.066682 -5.32812 -0.94635 -0.00624797 0.323161 67.4347
0.333366 0.0693346 0.940273 83.887 -0.0305675 0.997564 -0.0627214 -5.37017 -0.942329 -0.00783283 0.33467 67.6738
0.34238 0.0620631 0.937545 84.5609 -0.0260602 0.998061 -0.0565539 -5.41875 -0.939228 -0.00507003 0.343332 67.9326
0.353415 0.0585629 0.933661 85.2357 -0.024766 0.998276 -0.0532409 -5.44831 -0.935167 -0.0043071 0.354252 68.1861
0.364086 0.0553347 0.929756 85.9154 -0.0232777 0.998464 -0.0503101 -5.48226 -0.931103 -0.00332582 0.364812 68.4627
0.372374 0.0535975 0.926563 86.6036 -0.0201741 0.998564 -0.0496544 -5.52677 -0.927892 -0.000202733 0.372917 68.7468
0.381037 0.0498137 0.923253 87.2963 -0.014808 0.998749 -0.0477772 -5.55385 -0.92447 0.00453292 0.381295 69.0266
0.389412 0.0400417 0.920222 88.0039 -0.00544003 0.999137 -0.0411733 -5.59092 -0.921077 0.0110271 0.38929 69.3088
0.395321 0.0356867 0.917886 88.7493 0.000368191 0.99924 -0.0390098 -5.63191 -0.918572 0.0157589 0.395005 69.6264
0.402947 0.0346411 0.914597 89.4465 0.00407944 0.999205 -0.0396429 -5.64648 -0.915245 0.0197048 0.402481 69.9325
0.408932 0.0400753 0.911722 90.157 0.00548701 0.99891 -0.0463706 -5.68714 -0.912578 0.0239645 0.408265 70.2541
0.415802 0.0442439 0.908409 90.8544 0.00927659 0.998558 -0.0528806 -5.7175 -0.909439 0.0304145 0.414788 70.5722
0.421258 0.044151 0.905903 91.5686 0.0101878 0.998522 -0.0534042 -5.74482 -0.906914 0.0317254 0.420184 70.9122
0.424852 0.0449801 0.904175 92.2725 0.00548109 0.998619 -0.0522538 -5.77075 -0.905278 0.0271558 0.424015 71.2514
0.430041 0.0478987 0.901575 92.9584 0.000777824 0.998574 -0.0534246 -5.80543 -0.902839 0.0236756 0.429389 71.591
0.433931 0.0488986 0.89965 93.6324 -0.000386968 0.998536 -0.0540868 -5.86522 -0.900979 0.0231217 0.43331 71.9194
0.437107 0.0521753 0.897933 94.3062 -0.00262646 0.998388 -0.0567355 -5.90864 -0.899436 0.0224406 0.436537 72.2521
0.439961 0.0547931 0.896376 94.9705 -0.00525927 0.998277 -0.0584408 -5.95608 -0.898034 0.0209974 0.439487 72.5755
0.443034 0.0539873 0.894916 95.6228 -0.00589216 0.998341 -0.0573114 -5.99976 -0.896516 0.0201174 0.442615 72.9009
0.446103 0.051086 0.893555 96.2689 -0.00503368 0.998497 -0.0545728 -6.05432 -0.895001 0.0198471 0.445686 73.2215
0.449177 0.0496842 0.892098 96.9045 -0.0058975 0.998597 -0.052648 -6.09763 -0.893454 0.0183866 0.448838 73.546
0.451121 0.0472806 0.891243 97.5327 -0.00465428 0.998706 -0.050626 -6.13793 -0.892485 0.0186903 0.450754 73.8618
0.453987 0.0493052 0.889682 98.139 -0.00721081 0.99864 -0.051666 -6.17551 -0.89101 0.0170398 0.453723 74.1797
0.455723 0.0494923 0.888779 98.7444 -0.00617584 0.998604 -0.0524417 -6.22402 -0.890135 0.0184098 0.455389 74.4893
0.456576 0.0482841 0.888412 99.3387 -0.00437286 0.998638 -0.0520294 -6.26368 -0.889705 0.0198699 0.456163 74.7905
0.456583 0.0465132 0.888499 99.9241 -0.00134444 0.998667 -0.0515901 -6.3045 -0.889715 0.0223604 0.456033 75.0995
0.457303 0.0466349 0.888127 100.5 -0.00230906 0.998685 -0.0512533 -6.34252 -0.88934 0.021387 0.456807 75.4016
0.458787 0.0456832 0.887406 101.072 -0.00121281 0.998708 -0.0507865 -6.39028 -0.888581 0.0222237 0.458246 75.6998
0.459583 0.0474488 0.886906 101.637 -0.00221871 0.998632 -0.0522782 -6.44014 -0.888165 0.0220578 0.459057 75.988
0.462153 0.0472171 0.885577 102.182 -0.000427023 0.998593 -0.0530205 -6.47984 -0.886835 0.0241253 0.461519 76.2768
0.464515 0.0463864 0.884389 102.738 0.00188448 0.998575 -0.0533672 -6.5226 -0.885596 0.0264558 0.463763 76.5646
0.466522 0.0452108 0.883388 103.281 0.00441281 0.998562 -0.0534361 -6.55804 -0.884535 0.0288272 0.465647 76.8483
0.46929 0.0437273 0.882 103.804 0.00606466 0.998592 -0.0527363 -6.59876 -0.883057 0.0300969 0.468361 77.1203
0.471914 0.0428173 0.880639 104.328 0.00713812 0.998602 -0.0523783 -6.63513 -0.881652 0.0310041 0.470944 77.4038
0.474441 0.0421972 0.879315 104.852 0.00778192 0.998612 -0.0521228 -6.67322 -0.880287 0.0315713 0.473452 77.6898
0.477554 0.0415944 0.877653 105.359 0.00909701 0.998592 -0.0522763 -6.71079 -0.878592 0.0329487 0.476498 77.9654
0.480804 0.042291 0.875848 105.869 0.00860238 0.998562 -0.0529407 -6.74037 -0.87682 0.0329877 0.479746 78.2466
0.484768 0.0418835 0.873675 106.367 0.0107662 0.998492 -0.0538412 -6.77865 -0.874613 0.0355066 0.483581 78.5269
0.488956 0.0443513 0.871221 106.861 0.00887516 0.998403 -0.0558088 -6.81377 -0.872297 0.0350195 0.487779 78.8113
0.494028 0.0499705 0.868045 107.353 0.0057592 0.998138 -0.0607376 -6.84744 -0.869464 0.0350052 0.492815 79.103
0.499124 0.0567487 0.864711 107.839 0.000913555 0.99782 -0.0660136 -6.88426 -0.866564 0.0337381 0.497982 79.4013
0.50474 0.0624759 0.861044 108.317 -0.00446345 0.997554 -0.0697647 -6.92198 -0.863298 0.0313698 0.503779 79.6995
0.510251 0.0672522 0.857433 108.816 -0.00735604 0.997244 -0.0738427 -6.96103 -0.860029 0.0313702 0.509337 80.0033
0.515517 0.0677884 0.854231 109.297 -0.0107693 0.9973 -0.072643 -7.00764 -0.85685 0.0282492 0.51485 80.3144
0.520509 0.0667099 0.851288 109.795 -0.0164255 0.997543 -0.0681298 -7.05557 -0.853734 0.0214786 0.520323 80.6422
0.525696 0.0645533 0.848258 110.307 -0.0210737 0.9978 -0.0628738 -7.09932 -0.85045 0.0151766 0.525895 80.9823
0.532147 0.0629205 0.844353 110.814 -0.0265221 0.997985 -0.0576559 -7.13796 -0.846273 0.00828672 0.532741 81.32
0.537862 0.0613743 0.840834 111.33 -0.0281925 0.998099 -0.0548196 -7.17983 -0.8426 0.00578034 0.538565 81.6692
0.543584 0.0641685 0.836941 111.851 -0.0322454 0.997935 -0.0555711 -7.2196 -0.838772 0.00321944 0.544528 82.0333
0.55003 0.0680039 0.83241 112.371 -0.0356325 0.997684 -0.0579616 -7.25222 -0.834424 0.00222004 0.551174 82.4047
0.555899 0.0707022 0.82828 112.899 -0.0374334 0.997496 -0.0600252 -7.28609 -0.830444 0.00236211 0.557151 82.7769
0.562044 0.0728076 0.823936 113.442 -0.0392819 0.997345 -0.0613354 -7.32464 -0.826214 0.00210772 0.563406 83.165
0.569053 0.0735929 0.819044 113.991 -0.0414976 0.997289 -0.0607792 -7.35384 -0.821291 0.00059766 0.570562 83.5691
0.57551 0.0752615 0.814364 114.549 -0.0451756 0.997163 -0.0602301 -7.39094 -0.816586 -0.0021259 0.577272 83.978
0.581873 0.0738205 0.809967 115.118 -0.0454456 0.997268 -0.0582457 -7.4386 -0.812048 -0.0029183 0.583636 84.4069
0.590153 0.0730466 0.804021 115.692 -0.0458565 0.997325 -0.0569503 -7.47962 -0.80603 -0.0032598 0.591918 84.8348
0.59749 0.0724405 0.798643 116.279 -0.0462961 0.997367 -0.0558324 -7.517 -0.800579 -0.00361519 0.599268 85.2801
0.605069 0.0743317 0.792738 116.863 -0.0491824 0.997222 -0.0559666 -7.53993 -0.794695 -0.0051247 0.607038 85.7562
0.612659 0.0752572 0.786803 117.454 -0.0508537 0.997148 -0.0557808 -7.57267 -0.788751 -0.00583772 0.614736 86.2354
0.619546 0.0756469 0.781349 118.052 -0.0519959 0.997116 -0.0553085 -7.61031 -0.783279 -0.00636027 0.621688 86.7234
0.624567 0.074165 0.777489 118.65 -0.050852 0.997231 -0.0542787 -7.65232 -0.779356 -0.0056367 0.626607 87.2187
0.629011 0.0729718 0.774007 119.266 -0.0499423 0.997323 -0.0534397 -7.69934 -0.775834 -0.00504097 0.630966 87.7306
0.632118 0.0713357 0.77163 119.884 -0.0470811 0.99745 -0.0536461 -7.75079 -0.773483 -0.00241901 0.633862 88.251
0.636137 0.0685298 0.768571 120.517 -0.0428456 0.99765 -0.0534936 -7.80096 -0.77043 0.00109979 0.637572 88.7646
0.639609 0.0630593 0.766158 121.168 -0.0364848 0.997998 -0.0516851 -7.851 -0.767877 0.00510452 0.640627 89.2895
0.643444 0.057382 0.763384 121.806 -0.030742 0.998321 -0.0491307 -7.88365 -0.76492 0.00814543 0.644122 89.8271
0.646547 0.0523374 0.761127 122.458 -0.0256126 0.998572 -0.0469104 -7.9442 -0.762489 0.0108348 0.646962 90.3737
0.650266 0.0509831 0.758039 123.116 -0.0240181 0.998629 -0.0465619 -7.98801 -0.759372 0.0120716 0.650593 90.9339
0.652747 0.0518301 0.755851 123.766 -0.0252057 0.998592 -0.0467103 -8.04554 -0.757201 0.0114376 0.653132 91.5042
0.657517 0.0555038 0.751437 124.416 -0.0291944 0.998413 -0.0482016 -8.0751 -0.752919 0.0097561 0.658088 92.0809
0.660095 0.0579845 0.748992 125.063 -0.0335272 0.998298 -0.0477395 -8.12289 -0.75048 0.0064004 0.660913 92.6754
0.663233 0.0556802 0.746386 125.72 -0.0343153 0.998444 -0.0439923 -8.1725 -0.747673 0.00356516 0.664105 93.2661
0.667263 0.0536858 0.742937 126.375 -0.0369777 0.998558 -0.0389487 -8.19737 -0.743952 -0.00148361 0.668283 93.8724
0.670675 0.0483056 0.740224 127.033 -0.0360801 0.998823 -0.0324921 -8.24021 -0.74092 -0.0049152 0.671623 94.48
0.675937 0.0474511 0.735484 127.697 -0.0364366 0.998858 -0.0309592 -8.27806 -0.736107 -0.0058725 0.676892 95.0932
0.680157 0.044895 0.731739 128.361 -0.0325209 0.998991 -0.0310645 -8.32138 -0.732393 -0.00266754 0.680923 95.7048
0.686292 0.0434545 0.726082 129.01 -0.0257634 0.999041 -0.0354417 -8.34339 -0.72692 0.00561637 0.686751 96.323
0.690996 0.0459639 0.721446 129.679 -0.022979 0.998872 -0.0416307 -8.38444 -0.722543 0.0121891 0.691266 96.959
0.697515 0.0462909 0.715129 130.326 -0.0202289 0.998787 -0.0449244 -8.43052 -0.716335 0.0168686 0.697603 97.5823
0.703576 0.042757 0.709384 130.981 -0.0175067 0.998931 -0.0428468 -8.45945 -0.710456 0.0177276 0.703566 98.229
0.70916 0.0391827 0.704014 131.622 -0.0143856 0.999052 -0.0411155 -8.52507 -0.704952 0.0190292 0.70905 98.8873
0.713936 0.0366554 0.699305 132.281 -0.0104006 0.999075 -0.0417516 -8.56406 -0.700188 0.0225353 0.713651 99.5504
0.718546 0.0381282 0.694491 132.906 -0.00883999 0.998917 -0.0456981 -8.61116 -0.695476 0.0266962 0.718104 100.204
0.721084 0.0376868 0.691876 133.562 -0.00650329 0.998846 -0.0476309 -8.63502 -0.692872 0.029847 0.72049 100.899
0.724875 0.0336311 0.688117 134.178 -0.00288453 0.998948 -0.045787 -8.67828 -0.688927 0.0312043 0.724208 101.574
0.727245 0.0271263 0.685897 134.816 0.0017377 0.999145 -0.0413586 -8.7264 -0.686432 0.0312702 0.726569 102.25
0.728059 0.0240617 0.685151 135.469 0.00373234 0.999231 -0.0390609 -8.77998 -0.685558 0.0309951 0.727408 102.938
0.729037 0.0194037 0.684257 136.096 0.00776313 0.999301 -0.03661 -8.81965 -0.684489 0.0320024 0.72837 103.616
0.728426 0.0165342 0.684984 136.732 0.00986275 0.999353 -0.0346137 -8.84702 -0.685107 0.0319686 0.727791 104.308
0.727428 0.0164427 0.686045 137.383 0.00941428 0.999382 -0.033936 -8.87811 -0.686179 0.031145 0.726816 105.008
0.727494 0.0180566 0.685936 138.007 0.00774853 0.999375 -0.0345284 -8.91281 -0.686125 0.0304334 0.726898 105.685
0.724807 0.0213126 0.688681 138.675 0.00468969 0.999348 -0.0358639 -8.94002 -0.688995 0.0292245 0.724227 106.392
0.722789 0.0235686 0.690727 139.299 0.001743 0.999355 -0.035926 -8.97948 -0.691121 0.02717 0.72228 107.066
0.720164 0.0246557 0.693424 139.955 -0.000770462 0.999398 -0.0347363 -8.99992 -0.693863 0.0244818 0.719742 107.749
0.717819 0.0263616 0.69579 140.595 -0.00371617 0.999416 -0.0340337 -9.03282 -0.696274 0.0218436 0.717495 108.43
0.71477 0.0260695 0.698932 141.264 -0.00459047 0.99946 -0.0325858 -9.07578 -0.699404 0.0200832 0.714496 109.117
0.712341 0.0245603 0.701462 141.896 -0.00512755 0.999545 -0.0297923 -9.10894 -0.701868 0.0176247 0.712141 109.783
0.709254 0.0207023 0.704707 142.547 -0.00104844 0.9996 -0.0283116 -9.13368 -0.705011 0.0193415 0.708984 110.45
0.707555 0.0236255 0.706322 143.186 -0.00265165 0.999525 -0.0307787 -9.19532 -0.706707 0.019904 0.707278 111.087
0.702682 0.0340807 0.710744 143.853 -0.00778518 0.999162 -0.0402149 -9.21149 -0.711519 0.0227253 0.702351 111.758
0.70022 0.039478 0.712893 144.485 -0.0109842 0.99895 -0.0445322 -9.25394 -0.713896 0.0233509 0.699915 112.398
0.696806 0.0376272 0.716328 145.142 -0.0115976 0.999085 -0.0411997 -9.30015 -0.717224 0.0204007 0.696598 113.047
0.69294 0.0372034 0.720093 145.802 -0.016555 0.999227 -0.0356963 -9.3405 -0.720859 0.0128134 0.693018 113.702
0.688794 0.0353507 0.72415 146.454 -0.0185466 0.999344 -0.0311451 -9.38075 -0.724777 0.00802248 0.68899 114.337
0.685616 0.0354832 0.727157 147.105 -0.0189077 0.999343 -0.0309399 -9.41376 -0.727771 0.00746318 0.685835 114.962
0.682659 0.03415 0.729994 147.757 -0.0175168 0.999386 -0.0303729 -9.45622 -0.730584 0.00794753 0.682831 115.586
0.679134 0.0325061 0.733353 148.431 -0.0146408 0.999421 -0.0307438 -9.49723 -0.733921 0.0101415 0.679215 116.209
0.676404 0.0323506 0.735876 149.089 -0.011799 0.999383 -0.0330909 -9.53727 -0.736494 0.0137005 0.676361 116.816
0.672617 0.0327442 0.739324 149.748 -0.0104868 0.999344 -0.0347222 -9.57886 -0.739969 0.0156007 0.672517 117.423
0.668151 0.0328008 0.743358 150.409 -0.0103389 0.999341 -0.0348046 -9.61053 -0.744012 0.0155695 0.668043 118.027
0.664558 0.0334812 0.746545 151.077 -0.0120859 0.999349 -0.0340628 -9.64503 -0.747192 0.0136131 0.664528 118.626
0.659212 0.034041 0.751241 151.752 -0.0124854 0.999333 -0.0343281 -9.69813 -0.751911 0.0132501 0.65919 119.228
0.652806 0.0351447 0.75677 152.426 -0.0135838 0.999308 -0.0346931 -9.72354 -0.757458 0.0123671 0.652829 119.819
0.647506 0.0391558 0.761109 153.132 -0.015695 0.999153 -0.038051 -9.76414 -0.761956 0.0126928 0.647564 120.437
0.641245 0.0450188 0.766074 153.81 -0.0187037 0.998901 -0.0430476 -9.79965 -0.767162 0.0132748 0.64138 121.02
0.633421 0.0475972 0.772397 154.512 -0.01944 0.998772 -0.0456059 -9.83227 -0.77362 0.0138724 0.63356 121.601
0.627459 0.042107 0.777571 155.234 -0.0194013 0.999075 -0.0384489 -9.87962 -0.778462 0.0090384 0.627694 122.185
0.620385 0.0384648 0.783407 155.959 -0.0250271 0.99926 -0.0292453 -9.90263 -0.783954 -0.00146299 0.620881 122.783
0.611338 0.0339158 0.790702 156.706 -0.0232848 0.999423 -0.0248683 -9.94208 -0.79108 -0.0032091 0.611772 123.38
0.604605 0.0349846 0.79581 157.448 -0.0265493 0.999366 -0.023764 -9.96329 -0.796138 -0.00676024 0.605144 123.963
0.595451 0.0367249 0.802611 158.187 -0.0266741 0.999311 -0.0259387 -9.99486 -0.803001 -0.00596438 0.596018 124.525
0.587273 0.0371329 0.808589 158.941 -0.0204939 0.99931 -0.0310082 -10.0263 -0.809184 0.0016392 0.587622 125.076
0.580005 0.0444397 0.813458 159.704 -0.0205777 0.998994 -0.0399065 -10.0492 -0.814404 0.00640626 0.580334 125.612
0.57242 0.0463281 0.818703 160.47 -0.0175483 0.998867 -0.044255 -10.0981 -0.819827 0.0109656 0.572578 126.143
0.564429 0.04247 0.824446 161.256 -0.0145504 0.999035 -0.0415052 -10.132 -0.825404 0.01143 0.5645 126.683
0.557575 0.037913 0.829312 162.036 -0.0111247 0.999209 -0.0382021 -10.1849 -0.830105 0.0120748 0.55755 127.21
0.549462 0.0376317 0.834728 162.82 -0.0121085 0.999242 -0.0370809 -10.2277 -0.835481 0.0102666 0.549499 127.725
0.542521 0.039441 0.839167 163.584 -0.0133834 0.999177 -0.0383109 -10.2773 -0.839988 0.00955359 0.542596 128.235
0.536316 0.0381628 0.843211 164.352 -0.0105081 0.999204 -0.0385423 -10.3098 -0.844002 0.0118097 0.536288 128.72
0.531322 0.0323693 0.846602 165.128 -0.00649739 0.999397 -0.0341353 -10.3629 -0.847197 0.0126362 0.531207 129.188
0.525465 0.0300265 0.850342 165.899 -0.00592326 0.999485 -0.0316358 -10.4044 -0.850845 0.011586 0.52537 129.665
0.522004 0.0288412 0.852506 166.649 -0.00694586 0.99954 -0.0295643 -10.4312 -0.852967 0.00951136 0.521959 130.135
0.517152 0.0287373 0.855468 167.395 -0.00693743 0.999546 -0.0293865 -10.4621 -0.855916 0.00926185 0.517115 130.592
0.512493 0.0310553 0.858181 168.154 -0.00628118 0.999456 -0.0324185 -10.4993 -0.85872 0.011224 0.512405 131.045
0.509926 0.0361212 0.859517 168.882 -0.00706133 0.999263 -0.037808 -10.5397 -0.860241 0.0132091 0.509803 131.491
