0.999999 0.000898474 0.00139677 -0.00625535 -0.000893254 0.999993 -0.00377217 -0.00717311 -0.0014002 0.00377101 0.999993 0.954732
0.999999 -0.00172371 0.000241519 -0.00700213 0.00172384 0.999998 -0.000468252 -0.0247925 -0.000240746 0.000468559 0.999999 0.981248
0.999999 -0.00126522 0.000954612 -0.00157932 0.00126154 0.999992 0.00379589 0.00473561 -0.000959315 -0.00379452 0.999993 0.9526
0.999995 -0.00241907 -0.00181379 2.29359e-05 0.0024268 0.999989 0.00422504 -0.00732223 0.00180343 -0.00422955 0.999989 0.964139
0.999999 -0.00168232 -0.00121003 2.26281e-05 0.00168356 0.999998 0.0011024 -0.019575 0.00120833 -0.0011043 1 0.939995
0.999995 -0.00256704 -8.02272e-05 -0.000690939 0.0025669 0.999993 -0.00270441 -0.0175706 8.68875e-05 0.0027041 0.999996 0.9421
1 0.000151559 -0.00128431 0.000211124 -0.0001541 0.999999 -0.00189253 -0.0115167 0.00128434 0.00189283 0.999999 0.925151
0.999999 7.50027e-05 -0.000706087 -0.00955525 -7.57363e-05 0.999998 -0.00123542 -0.00836483 0.000705682 0.00123551 0.999997 0.93
1 0.00105189 0.000486437 -0.00972758 -0.00105265 0.999999 0.00129047 -0.00506309 -0.000484773 -0.001291 1 0.933136
0.999997 -0.000861178 -0.00203583 -0.00706148 0.000866405 0.999996 0.00255343 -0.0106256 0.00203333 -0.00255511 0.999993 0.930616
1 -0.000130932 -0.000743351 -0.00761285 0.000132108 0.999999 0.00155325 -0.0185712 0.000743432 -0.00155345 1 0.919002
0.999998 -0.00046189 0.00141509 -0.0247456 0.000458886 0.999997 0.00204142 -0.0122734 -0.00141628 -0.00204068 0.999994 0.936127
0.999999 0.000378496 -0.00200405 0.00408544 -0.000377732 1 0.000349671 -0.00498802 0.0020046 -0.00034892 1 0.912981
0.999998 -2.60264e-06 -0.00038672 -0.0142608 1.79008e-06 0.999998 -0.00180983 -0.0105593 0.000386247 0.00180976 0.999996 0.907364
1 -4.448e-06 -0.000985966 -0.00249779 2.37893e-06 0.999998 -0.00228409 -0.00447579 0.000986536 0.00228416 0.999999 0.917602
0.999995 -0.000381956 -0.00246829 0.00163114 0.000379588 0.999999 -0.000880152 -0.00812885 0.00246812 0.000879138 0.999996 0.901275
0.999996 0.000901771 -0.00313838 0.001285 -0.0009044 0.999999 -0.000916151 0.0315594 0.00313816 0.000918917 0.999995 0.963664
0.999999 0.000699149 -0.000381776 -0.0022727 -0.000699429 1 -0.000514902 -0.00203711 0.000380983 0.000515227 1 0.867868
0.999994 0.00181085 -0.00320379 -0.0213984 -0.00181149 0.999997 -0.000215082 -0.0108945 0.00320384 0.000220838 0.999994 0.899961
0.999991 -0.00257464 -0.00298403 -0.0265512 0.0025762 0.999998 0.000538949 -0.0116177 0.00298217 -0.000546542 0.999996 0.915401
1 -0.000480485 -4.11109e-05 -0.0117486 0.000480585 0.999999 0.00118534 -0.00202745 4.11384e-05 -0.00118568 1 0.878678
0.999993 0.00036608 -0.00303697 -0.0242356 -0.000366275 1 -6.23028e-05 0.00187864 0.00303633 6.37622e-05 0.999995 0.898967
1 -0.000440758 -0.00156335 -0.000574291 0.000441562 1 0.000506165 -0.0198747 0.00156369 -0.000507196 0.999999 0.869223
0.999996 -0.000163488 -0.0021005 -0.0102903 0.000163133 1 -0.000164274 -0.0051496 0.00209997 0.000164296 0.999998 0.860601
0.999999 7.16726e-05 -0.00283224 -0.0025751 -7.16334e-05 1 1.93811e-05 -0.0154952 0.00283274 -1.94973e-05 0.999996 0.877587
0.999996 0.000278795 -0.00204465 -0.00492556 -0.000274607 0.999998 0.00201117 -0.0113369 0.0020447 -0.00201019 0.999996 0.850871
1 -0.00113213 -0.00203453 -0.00585892 0.00113692 0.999997 0.00238729 -0.0144741 0.00203232 -0.00239004 0.999996 0.871843
0.999994 -0.000813472 -0.00240246 0.00154797 0.00081651 0.999998 0.00122448 -0.0195741 0.00240098 -0.00122593 0.999996 0.85321
1 0.000861907 -5.25549e-05 -0.00512672 -0.00086197 1 -0.000790823 -0.0211777 5.23855e-05 0.000790402 1 0.821531
0.999994 0.00178444 -0.00154125 0.00344887 -0.00178693 0.999996 -0.00167606 0.000138087 0.00153777 0.00167929 0.999998 0.836085
1 0.000889899 -0.00179546 -0.00715495 -0.000893096 0.999999 -0.00177348 -0.00902122 0.00179434 0.00177464 0.999997 0.810253
0.999996 7.92175e-05 -0.000861279 -0.0082089 -7.82872e-05 0.999998 0.00106193 -0.00600415 0.000860922 -0.0010614 0.999999 0.796744
0.999998 0.000425156 -0.00360536 -0.00720141 -0.000425979 1 -0.000230246 -0.020506 0.00360565 0.000231292 0.999994 0.825806
0.999994 0.000623107 -0.00192265 -0.00270524 -0.000623725 0.999999 -0.000265282 -0.00984415 0.00192201 0.000266924 0.999998 0.774448
1 0.000161491 -0.00137897 -0.00306585 -0.000160851 1 0.000341783 -0.00605218 0.00137948 -0.000341961 1 0.766033
0.999994 -0.000100809 -0.00257301 -0.00231897 0.000105125 0.999997 0.00173612 -0.0101606 0.00257225 -0.00173599 0.999994 0.781741
0.999998 -0.000883473 -0.00311283 -0.00803243 0.000887407 1 0.00122445 -0.00344537 0.00311229 -0.00122766 0.999996 0.767485
0.999996 -7.47881e-05 -0.00157762 -0.00361181 7.74476e-05 0.999996 0.00177337 -0.00738172 0.0015769 -0.00177306 0.999996 0.740236
0.999998 0.00107479 -0.00274147 -0.00439984 -0.00107365 1 0.00035243 -0.00330719 0.00274241 -0.000349905 0.999998 0.746198
0.999996 0.00139803 -0.00118581 -0.0113847 -0.00139875 0.999997 -0.000533596 -0.00168677 0.00118443 0.000535709 0.999997 0.716577
0.999995 0.00155423 -0.00361398 -0.0213381 -0.0015563 1 -0.00058543 -0.0117672 0.00361367 0.000590563 0.999995 0.726655
0.999996 0.00100683 -0.00140533 -0.00813852 -0.00100485 0.999997 0.00145652 -0.00517953 0.00140615 -0.0014546 0.999996 0.70749
1 0.000616913 -0.000693448 -0.00520771 -0.000615899 1 0.00132876 -0.0111715 0.000694984 -0.00132878 1 0.688399
0.999995 0.00209183 -0.000557372 -0.00600874 -0.00209163 0.999997 0.000440948 -0.0110159 0.000557524 -0.000439313 0.999998 0.675823
1 0.00257668 0.000894803 -0.0173656 -0.00257545 0.999997 -0.0012629 -0.00697028 -0.000897339 0.00126016 1 0.680964
0.999994 0.00184278 0.00141185 -0.00213578 -0.00183922 0.999994 -0.00252991 0.00221552 -0.00141725 0.00252768 0.999994 0.663038
1 -4.65047e-05 0.00131662 -0.00265785 4.81265e-05 1 -0.00116025 -0.00932451 -0.00131584 0.00116006 1 0.648496
0.999994 0.000130905 0.00206993 0.00108335 -0.000132717 0.999999 0.000852859 0.00653651 -0.00207065 -0.000852818 0.999996 0.660887
0.999994 0.00379069 0.00245379 -0.00641036 -0.00379539 0.999992 0.00194414 -0.0175692 -0.00244557 -0.0019537 0.999997 0.652536
0.999983 0.00405297 0.00329219 -0.00707801 -0.00406494 0.999984 0.00362826 -0.00404448 -0.00327827 -0.00364132 0.999986 0.622349
0.999985 0.00515158 0.00310601 -0.0211379 -0.00515122 0.999987 -0.000111299 -0.00497298 -0.00310576 9.49884e-05 0.999997 0.621475
0.999974 0.00344307 0.00585759 0.000112178 -0.00344698 0.999994 0.000653612 -0.00494419 -0.00585608 -0.000673409 0.999981 0.589601
0.999983 0.00377203 0.0049889 -0.00916826 -0.00378262 0.999991 0.00211184 -0.0114368 -0.00498014 -0.00213104 0.999987 0.584576
0.999971 0.0036208 0.00632142 -0.000429498 -0.00362738 0.999993 0.00104364 0.00341533 -0.00631843 -0.00106609 0.999978 0.549401
0.999969 0.00266985 0.00764798 0.00160146 -0.00267429 0.999996 0.000559609 -0.00124655 -0.00764565 -0.000580519 0.999972 0.537714
0.999967 0.00414968 0.00662665 -0.0134202 -0.00415315 0.999991 0.000524124 -0.029867 -0.00662525 -0.000551138 0.999977 0.527109
0.999969 0.00330137 0.00749783 -0.00386097 -0.00329553 0.999994 -0.000799977 -0.00708425 -0.00749964 0.000774707 0.999973 0.493995
0.999955 0.00359383 0.00855444 0.000379033 -0.00358353 0.999993 -0.0012075 -0.000738642 -0.00855949 0.00117736 0.999962 0.466727
0.999971 0.000794647 0.00789134 0.00185091 -0.000789998 1 -0.000604976 -0.0118111 -0.00789102 0.000598218 0.999969 0.442367
0.999962 0.0008516 0.00842757 0.0144778 -0.00085047 1 -0.000130943 0.00200024 -0.00842853 0.000124281 0.999964 0.429766
0.999974 -0.000537567 0.00729108 0.00631629 0.000535969 1 0.00021982 -0.0254332 -0.0072904 -0.000216448 0.999973 0.413394
0.999967 0.00126784 0.00798032 -0.00127382 -0.00127588 0.999999 0.00101517 -0.00457151 -0.00797984 -0.00102482 0.999968 0.375354
0.999956 0.00228055 0.00919359 -0.00431652 -0.00228494 0.999997 0.000456405 -0.0116076 -0.00919171 -0.000477864 0.999958 0.367888
0.999956 0.00432776 0.00830987 -0.00691206 -0.00432603 0.999991 -0.000211807 -0.00219785 -0.00831145 0.000176311 0.999966 0.333373
0.999956 0.00303382 0.00893562 -0.000510533 -0.00303672 0.999995 0.000305519 -0.00846627 -0.00893392 -0.000333125 0.99996 0.317117
0.999954 -0.000474144 0.00959063 0.0141059 0.000465155 1 0.00094455 -0.00871079 -0.00959181 -0.000939478 0.999954 0.287901
0.999947 -0.00101507 0.0103021 0.0068393 0.00102205 0.999999 -0.000668006 -0.00776577 -0.0103007 0.000677868 0.999947 0.274121
0.999927 -0.000805411 0.0119694 0.0123404 0.000837234 0.999996 -0.00265233 0.00534548 -0.011968 0.00266283 0.999924 0.275598
0.999905 0.000516649 0.0138104 0.0137133 -0.00047315 0.999995 -0.00315576 -0.00449196 -0.0138112 0.00314826 0.9999 0.267802
0.999881 0.000748137 0.0153617 0.00172649 -0.000741749 0.999999 -0.000416984 0.00112751 -0.0153627 0.00040615 0.999881 0.269734
0.999871 0.000723346 0.0160891 1.76754e-06 -0.00072958 1 0.000376515 0.00431552 -0.0160882 -0.000388802 0.999871 0.27188
0.999853 0.000199621 0.0171203 0.0108009 -0.000201857 1 0.000134733 -0.000284466 -0.0171211 -0.000137628 0.999853 0.25117
0.999834 -0.000535641 0.018305 0.0179589 0.000534007 1 8.89079e-05 -0.00779626 -0.0183043 -7.96288e-05 0.999833 0.271404
0.999803 -0.0009071 0.0197795 0.0218904 0.000900814 1 0.000332069 0.00194255 -0.0197806 -0.000313678 0.999804 0.266338
0.999793 0.000154123 0.0203859 0.0206454 -0.00015967 1 0.000264988 -0.0067887 -0.020385 -0.000268695 0.999792 0.248436
0.999764 0.00164601 0.0216564 0.006363 -0.00164609 0.999999 -1.00075e-05 0.00253261 -0.0216572 -2.51515e-05 0.999766 0.263872
0.999717 0.00101512 0.0237676 0.0290434 -0.00100869 0.999999 -0.000286208 0.00279336 -0.0237671 0.000261682 0.999717 0.258154
0.999699 0.00138764 0.0244836 -0.000591334 -0.00139203 1 0.000172034 -0.0216841 -0.0244842 -0.000205517 0.999701 0.260958
0.999652 0.00142555 0.0263583 0.0193765 -0.00144076 0.999998 0.00054859 0.00215037 -0.0263567 -0.000586979 0.999652 0.278605
0.999585 0.00203446 0.0287272 0.00723035 -0.00205605 0.999998 0.000730069 -0.00639468 -0.0287265 -0.000788246 0.999588 0.271906
0.999553 0.000523953 0.0298997 0.0177261 -0.000546523 1 0.000737361 0.00302842 -0.0298984 -0.000753981 0.999552 0.267645
0.999483 -0.00195888 0.0321217 0.0360504 0.00193176 0.999998 0.000883246 0.00668307 -0.0321242 -0.000820192 0.999485 0.277482
0.999356 -0.00279501 0.0357474 0.0385498 0.00281353 0.999996 -0.000473769 1.78576e-05 -0.0357451 0.000573474 0.999359 0.267266
0.999301 -0.00155677 0.037365 0.0232365 0.00159992 0.999998 -0.00111862 -0.00952666 -0.037364 0.00117813 0.999303 0.272386
0.999249 6.08675e-05 0.0387363 0.0159079 1.93396e-05 0.999998 -0.0020737 -0.00555544 -0.0387356 0.00207245 0.999246 0.311828
0.999145 0.000408752 0.0413589 0.0307928 -0.000376389 0.999999 -0.000786502 0.00642937 -0.0413599 0.000770558 0.999145 0.280283
0.999066 0.00166658 0.043172 0.0259512 -0.00163641 0.999999 -0.000738602 0.00764806 -0.0431724 0.000666941 0.999066 0.315281
0.999006 0.00259192 0.0445183 0.0142021 -0.00259177 0.999996 -5.56469e-05 -0.000335106 -0.044519 -5.93917e-05 0.99901 0.322051
0.998966 0.000142049 0.0454473 0.0275234 -0.000146396 1 8.68956e-05 -0.00315387 -0.0454465 -9.38255e-05 0.998965 0.315067
0.99883 0.000867339 0.0483623 0.0348103 -0.000904606 0.999999 0.000753793 0.00158671 -0.0483624 -0.000796308 0.998832 0.346698
0.998674 -0.0011462 0.0514596 0.0399075 0.001052 0.999998 0.00185448 -0.0136792 -0.0514607 -0.00179833 0.998671 0.382894
0.998664 -0.000419166 0.051698 0.0401013 0.00029972 0.999997 0.00232121 -0.00565926 -0.0516997 -0.00230219 0.998663 0.385889
0.99853 0.000176094 0.0541917 0.0352957 -0.000263144 0.999999 0.00159626 0.0107347 -0.0541905 -0.00160859 0.998527 0.410051
0.998419 -0.000583976 0.0562248 0.0470948 0.000554032 0.999999 0.000550523 0.00221661 -0.0562258 -0.00051808 0.998421 0.406819
0.99844 -0.000537154 0.0558324 0.0385614 0.00049022 1 0.000853421 -0.0143611 -0.0558322 -0.000825092 0.998438 0.443268
0.998447 0.000786276 0.0557238 0.0333245 -0.000989915 0.999992 0.00362958 -0.00390053 -0.0557212 -0.00367873 0.998442 0.470211
0.998533 0.00181183 0.0540989 0.0325842 -0.00197432 0.999994 0.00294808 -0.000809471 -0.0540925 -0.00305096 0.998529 0.45177
0.998547 0.00311833 0.0538234 0.0367346 -0.0032308 0.999993 0.00200477 -0.0153623 -0.0538175 -0.00217526 0.998551 0.477117
0.998619 -0.00113705 0.0524924 0.0476089 0.00114179 0.999999 -6.14837e-05 0.00628988 -0.0524916 0.000120965 0.998619 0.476418
0.998766 -0.00606592 0.0493181 0.0467399 0.00593343 0.999979 0.0028339 -0.00477659 -0.0493349 -0.00253739 0.998782 0.485892
0.998859 -0.0115891 0.0463175 0.0578777 0.0114538 0.999929 0.00318543 -0.00636815 -0.0463503 -0.0026518 0.99892 0.496239
0.999054 -0.00529766 0.0431685 0.0488894 0.00524154 0.999986 0.00141539 -0.00514187 -0.0431762 -0.00118721 0.999069 0.513486
0.999242 -0.00145677 0.0389038 0.0347593 0.0015494 0.999996 -0.00235418 0.0247781 -0.0388993 0.00241215 0.999238 0.521389
0.999427 -0.00533863 0.0334108 0.0339578 0.00537065 0.999985 -0.000861364 -0.0127605 -0.0334066 0.00104087 0.999444 0.534
0.999547 -0.00520218 0.029643 0.0229451 0.00518449 0.999986 0.000669007 0.00479306 -0.0296451 -0.000515648 0.999558 0.551089
0.999685 -0.00463998 0.0246538 0.0307185 0.00459136 0.999988 0.00203552 -0.000396858 -0.0246639 -0.00192109 0.999697 0.58089
0.999794 -0.00305045 0.0200677 0.0207454 0.0030382 0.999995 0.000631341 -0.00303031 -0.0200685 -0.0005708 0.999796 0.578183
0.999866 -0.000700024 0.0163495 0.0124308 0.00071451 0.999999 -0.000868305 0.00838191 -0.0163499 0.000880447 0.999869 0.582912
0.999911 -0.000241673 0.0133317 0.013096 0.000240438 1 8.30214e-05 0.00429774 -0.0133306 -8.03938e-05 0.999908 0.586249
0.999931 0.000224616 0.0117918 0.00793692 -0.0002135 1 -0.000926184 0.00177893 -0.0117931 0.000924118 0.999934 0.602194
0.999951 -0.00420584 0.00903732 0.0135856 0.00422215 0.999989 -0.00180562 -0.00386867 -0.00902846 0.00184313 0.999953 0.602155
0.999966 -0.00357648 0.00736716 0.0088174 0.0035843 0.999994 -0.00101888 0.00279687 -0.00736459 0.00104584 0.999977 0.610749
0.999991 -0.000193437 0.00436586 0.00297399 0.000191456 0.999999 0.000414371 0.00890088 -0.00436475 -0.000414065 0.999985 0.636175
0.999988 0.00232572 0.00424081 -0.00554153 -0.00233496 0.999996 0.00223182 0.00338682 -0.00423681 -0.00224112 0.999994 0.635758
0.999997 0.0016336 0.00191028 -0.0065461 -0.00164518 0.99998 0.00595216 0.00496206 -0.00189931 -0.00595587 0.999976 0.669331
1 0.000125949 0.000779815 0.00388183 -0.000129069 0.999991 0.0043123 0.00280804 -0.00078043 -0.00431183 0.999995 0.682826
0.999997 -0.00249939 0.000262944 0.000467564 0.00249888 0.999995 0.00126134 0.00170504 -0.000264921 -0.00126127 0.999995 0.695438
0.999997 -0.00260625 1.93332e-05 0.00288192 0.00260654 0.999997 -0.00135527 -0.0132503 -1.68537e-05 0.00135578 1 0.674868
0.999997 -0.000240339 -0.0019725 -0.00105524 0.000226357 0.999974 -0.00698406 0.0051151 0.00197516 0.00698307 0.99997 0.705356
0.999999 -7.78041e-05 -0.00228247 0.00317619 6.14109e-05 0.999976 -0.0072862 -0.00560888 0.00228193 0.00728661 0.999975 0.701239
0.999996 -0.00100564 -0.00203518 -0.0093975 0.00100319 0.999997 -0.00109464 0.0152865 0.00203734 0.00109216 0.999994 0.700874
0.999996 0.000381463 -0.00333004 -0.0112874 -0.00037141 0.999998 0.00294178 -0.010239 0.00333017 -0.00294007 0.999994 0.742151
0.999995 -0.000221904 -0.00273774 0.00713045 0.000236345 0.999984 0.00536425 -0.00694366 0.00273748 -0.00536534 0.999978 0.721202
0.999995 0.000866287 -0.00356472 -0.0145739 -0.00086185 1 0.00116553 0.00931623 0.00356477 -0.00116197 0.999997 0.7295
0.999983 -0.00404837 -0.00374353 0.00662601 0.00403545 0.999984 -0.00337984 -0.022688 0.00375805 0.00336421 0.999984 0.720568
0.999995 -0.0019434 -0.00319787 -0.006488 0.0019294 0.99999 -0.00446256 -0.00542246 0.00320554 0.00445685 0.999989 0.726961
0.999985 0.00508545 -0.00154585 -0.009915 -0.0050871 0.999986 -0.000889622 0.0108042 0.00154225 0.000897048 0.999996 0.716966
0.999982 0.00403595 -0.00483664 -0.0198277 -0.00402719 0.999991 0.00175207 0.000331304 0.00484275 -0.00173214 0.99999 0.761377
0.999985 -0.00285892 -0.00453195 0.00406951 0.00286878 0.999992 0.00224009 -0.0370416 0.00452642 -0.00225346 0.999985 0.731988
0.99999 -0.0041433 -0.00234045 -0.000815482 0.00414169 0.999992 -0.000825183 -0.0188333 0.00234297 0.000815772 1 0.723603
0.999988 0.000274096 -0.00468543 -0.0119832 -0.000292691 0.999992 -0.00389619 -0.0130074 0.00468527 0.0038973 0.999979 0.75606
0.99999 0.00267557 -0.00401228 -0.00988643 -0.00268295 0.999996 -0.00191195 0.000397656 0.0040062 0.00192288 0.999993 0.730572
0.999994 0.001569 -0.00264488 -0.00360956 -0.00156868 0.999998 0.000232702 -0.0115692 0.00264613 -0.000228704 0.999994 0.742271
0.999988 -0.00335318 -0.00385346 -0.00246958 0.00335744 0.999995 0.00103308 -0.0114967 0.00384897 -0.00104583 0.999995 0.738607
0.999987 -0.00348039 -0.00319115 0.000915037 0.00348002 0.999992 -4.75496e-05 -0.0171621 0.00319227 3.62992e-05 0.999991 0.736862
0.999999 -0.00166227 -0.00180589 -0.00306959 0.00166104 1 -0.000806197 -0.000913612 0.00180627 0.000803256 1 0.727262
0.999993 0.000134071 -0.00343277 -0.00390651 -0.000133743 0.999998 0.000149141 -0.0094946 0.00343372 -0.000148674 0.999991 0.747144
0.999996 -0.000667671 -0.003157 0.00106642 0.000669871 1 0.000645001 -0.00551817 0.00315569 -0.000647138 0.999999 0.748393
0.999994 -0.00196299 -0.0026209 0.00144744 0.00196625 0.999996 0.00128544 -0.0243314 0.00261923 -0.00129065 0.999992 0.739901
0.999995 0.00120554 -0.00341807 -0.00520068 -0.00120617 1 -0.000211553 -0.00125719 0.00341692 0.000215734 0.999999 0.745674
0.999991 0.00197914 -0.00333525 -0.00426537 -0.00198626 0.999994 -0.00209792 0.00189745 0.00333198 0.00210447 0.999988 0.771414
0.999999 -0.00142923 -0.00200029 -0.00184663 0.00142899 1 -0.00015885 -0.0205536 0.00199954 0.000156015 1 0.75266
0.999992 0.000862039 -0.00337626 -0.00962073 -0.000861492 0.999999 0.000186693 0.0058447 0.00337734 -0.000183801 0.999991 0.751065
1 0.000126725 -0.00125643 -0.0169528 -0.000126605 1 3.83445e-05 -0.000366042 0.00125562 -3.81004e-05 1 0.773312
0.999972 0.0015538 -0.00703107 -0.0214492 -0.00155284 0.999998 0.000151239 -0.0129412 0.00703217 -0.000140412 0.999972 0.795373
0.999999 0.00175171 -0.00180785 -0.00138728 -0.00175381 0.999998 -0.00119832 0.00467943 0.00180489 0.00120167 1 0.778275
0.999993 0.00170289 -0.00282398 -0.00213241 -0.00171051 0.999995 -0.0026832 -0.0243114 0.00282027 0.00268793 0.999988 0.760951
0.999994 -0.000418047 -0.00405448 -0.00241437 0.00041781 1 -6.41055e-05 0.00304014 0.0040537 6.2493e-05 0.999996 0.764661
0.999983 0.00461081 -0.00315667 -0.00344938 -0.00461748 0.999987 -0.00210148 -0.00588762 0.00314772 0.00211596 0.999989 0.782891
0.999991 0.00408763 -0.00243609 -0.0179773 -0.00408669 0.999992 0.000348441 0.00757274 0.00243676 -0.000338443 1 0.790927
0.999991 -0.0013926 -0.00327626 -0.00448943 0.00139385 0.999999 0.000409207 -0.0176888 0.00327646 -0.000413851 0.99999 0.789129
0.999998 -0.000570394 -0.00290753 -0.0043821 0.000568091 1 -0.000812338 -0.0029122 0.00290722 0.000810765 1 0.787044
0.999992 0.00105194 -0.00317716 -0.0121941 -0.00105192 0.999999 3.20325e-05 0.00711398 0.00317803 -2.87473e-05 0.999991 0.791464
0.999994 0.00064226 -0.00412894 -0.00587766 -0.000636691 0.999999 0.00134561 -0.000143333 0.00412899 -0.0013429 0.999995 0.801146
0.999987 -0.000493016 -0.00460118 -0.00377031 0.000495835 1 0.000603926 -0.0157039 0.00460168 -0.000606263 0.999986 0.79986
0.999988 0.00291779 -0.00434013 -0.0182147 -0.00293336 0.99999 -0.00359661 0.00967982 0.00432889 0.00360937 0.999989 0.798924
0.999975 0.00177014 -0.00661048 -0.011847 -0.00181724 0.999973 -0.00712416 -0.0142816 0.00659842 0.00713599 0.999949 0.801032
0.999975 0.00111814 -0.00714868 -0.00744991 -0.00114789 0.99999 -0.00417797 -0.000884673 0.00714322 0.00418614 0.999969 0.803612
0.999971 0.00329079 -0.00672077 -0.0218073 -0.00330727 0.999992 -0.00245308 -0.00260531 0.00671335 0.0024753 0.999972 0.812382
0.999963 0.00310641 -0.00814952 -0.0148733 -0.00309499 0.999993 0.00142383 -0.00176002 0.00815322 -0.00139856 0.999968 0.821653
0.999964 -0.000231689 -0.00826409 -0.002011 0.000241009 1 0.00111278 -0.014189 0.00826448 -0.00111471 0.999963 0.850249
0.99998 6.97782e-05 -0.00678305 -0.00948836 -6.05053e-05 0.999998 0.00138074 0.000298823 0.00678247 -0.00138037 0.99998 0.821509
0.99996 0.00138178 -0.00862955 -0.0206384 -0.00133779 0.999988 0.00507636 0.000266289 0.00863699 -0.00506451 0.999946 0.832315
0.999974 0.000559701 -0.00740563 -0.0170633 -0.000514709 0.999982 0.00610564 0.0101944 0.00740837 -0.00610175 0.999959 0.81929
0.999965 -0.0005921 -0.0081515 -0.00225948 0.00060818 0.999998 0.00194782 0.0115352 0.00815078 -0.00195266 0.999961 0.833938
0.999965 -0.000347841 -0.00857987 -0.00758532 0.000329903 0.999998 -0.00206204 -0.0132992 0.00858013 0.00205908 0.999966 0.820291
0.999972 -0.00032081 -0.00723539 0.011172 0.000278449 0.999982 -0.0058832 -0.00310476 0.00723757 0.00588108 0.999951 0.805613
0.999992 -0.000176477 -0.0045165 -0.00736379 0.000170674 1 -0.00125378 -0.00908448 0.0045164 0.00125295 0.999995 0.792983
0.999979 0.000514717 -0.00616467 -0.0140015 -0.000528645 0.999997 -0.00228998 -0.00713403 0.00616381 0.00229325 0.999972 0.800875
0.999987 0.000910205 -0.00552289 -0.0137236 -0.000907704 1 0.000492182 0.00172284 0.00552315 -0.000487048 0.999992 0.783294
0.999983 -0.00334297 -0.00433223 0.00612952 0.00335582 0.999989 0.00291676 0.000438109 0.00432267 -0.00293132 0.99998 0.786838
0.999983 -0.00157081 -0.00610449 -0.00191867 0.00160055 0.999988 0.00489384 0.00548929 0.0060964 -0.00490331 0.999976 0.783722
0.99999 0.00100519 -0.00380061 -0.00775722 -0.000978981 0.999975 0.00684483 -0.00950522 0.00380753 -0.00684133 0.999963 0.772244
0.999995 0.00224889 -0.00320408 -0.00602236 -0.00223971 0.999994 0.00292468 0.00665961 0.0032105 -0.0029172 0.999997 0.791326
0.999986 0.000680099 -0.00491205 0.00147879 -0.000675439 0.999998 0.000912685 -0.0158114 0.0049128 -0.000909601 0.999982 0.763002
0.999999 0.00139269 -0.00182081 -0.00960417 -0.00139417 1 -0.000645667 -0.00147654 0.0018198 0.000648336 1 0.731627
0.999992 0.00218725 -0.00270334 -0.0140412 -0.0021949 0.999991 -0.00295315 -6.64019e-05 0.00269694 0.00295894 0.999987 0.7293
0.999999 0.0010102 -0.00206953 -0.00898568 -0.00101762 0.999995 -0.00345464 -0.00760917 0.00206584 0.00345692 0.999998 0.708212
0.999997 -0.00027547 -0.00167239 -0.0283489 0.000268746 0.999989 -0.00420861 -0.0135163 0.00167369 0.00420802 0.999984 0.696147
0.999997 -0.00132313 -0.00299987 -0.00463341 0.00132012 1 -0.000903347 -0.00712482 0.00300094 0.000899462 1 0.703004
0.999996 0.000287875 -0.00122736 -0.00388535 -0.000287777 0.999998 -0.00020397 0.0110575 0.00122728 0.000204277 0.999993 0.706447
1 0.000707518 -0.000478095 -0.00630567 -0.000706556 0.999998 0.00310353 -0.0170297 0.000480272 -0.00310308 1 0.687719
0.999995 0.000923527 -0.00167436 0.00177753 -0.000920859 0.999997 0.00124263 -0.00718535 0.00167524 -0.00124119 0.999992 0.667629
1 -0.000532547 0.00146197 0.00313025 0.000531847 1 3.37429e-05 -0.00172691 -0.00146177 -3.29211e-05 1.00001 0.674367
0.999993 7.71144e-05 0.00265713 -0.00479496 -7.86837e-05 0.999998 0.000882097 0.00293326 -0.00265729 -0.000882293 0.99999 0.657332
0.999997 0.00304529 0.00168943 0.0126621 -0.00304466 0.999997 -0.00081892 -0.00638291 -0.00169172 0.000813836 1 0.653233
0.999989 -0.000882273 0.00389065 -0.013438 0.000893722 0.999993 -0.00274953 -0.0023259 -0.00388837 0.00275294 0.999983 0.636247
1 -4.71219e-05 0.00142355 -0.00060566 5.24082e-05 0.999993 -0.00426283 -0.0107172 -0.00142345 0.00426298 0.999996 0.614788
0.999994 -0.00103846 0.00220205 0.00601594 0.00104085 0.999997 -0.000678797 -0.000884078 -0.00220135 0.000681157 0.999992 0.610363
1 0.000774422 0.00267098 -0.00346587 -0.000775559 1 9.94987e-05 -0.00669189 -0.00267094 -0.000101638 1 0.630428
0.999995 1.46067e-05 0.00197317 -0.00510108 -2.04026e-05 0.999993 0.00337613 0.0123509 -0.00197308 -0.00337615 0.999987 0.594016
1 -0.00043125 0.00189964 -0.00207484 0.00042515 0.999998 0.00273523 -0.00594287 -0.00190097 -0.00273438 1 0.580362
0.999991 -0.00224461 0.00288139 0.00969522 0.00224308 0.999996 0.000838742 -0.0177354 -0.0028832 -0.000832311 0.99999 0.576519
0.999996 -0.00340106 0.0015404 0.00317474 0.0034031 0.999994 -0.00192192 -0.0123099 -0.00153409 0.00192716 1 0.554682
0.999991 -0.00273572 0.00254522 0.0070553 0.00274199 0.999993 -0.00211281 -0.00810008 -0.00253896 0.00211984 0.999988 0.551794
0.999999 0.00158379 0.00158795 -0.00168049 -0.00158172 0.999997 -0.00188754 0.0104769 -0.0015914 0.001885 1 0.580719
0.999998 0.000949021 0.000585527 -0.0166009 -0.000946119 0.999993 -0.00356944 -0.0204878 -0.000588503 0.003569 0.999986 0.569937
0.999999 -0.00106919 0.00186819 -0.017269 0.00106646 0.999999 0.00102958 -8.22226e-05 -0.00186976 -0.00102769 1.00001 0.574077
0.999995 -0.00259375 0.000776365 0.00675751 0.0025933 0.999995 0.00149206 -0.0209516 -0.000779723 -0.00148988 0.999991 0.559621
0.999989 -0.00474687 -0.00186021 0.00437461 0.00474712 0.99999 0.000492404 -0.00574092 0.00185728 -0.000501398 1.00001 0.559548
0.999997 -0.00160035 0.000365337 -0.00805378 0.00160128 0.999997 -0.000881294 -0.00605562 -0.000363288 0.000882176 0.999992 0.592606
1 0.00159145 -0.00189513 -0.0119297 -0.00159115 1 0.000462138 -0.0051538 0.00189519 -0.000459438 1.00001 0.582734
0.999977 0.00178889 -0.00606212 -0.0164102 -0.00178948 0.999997 -0.000189814 -0.000595108 0.00606251 0.000200908 0.999974 0.56768
0.999986 -0.000821555 -0.00592143 0.00454477 0.000823541 1 0.000444648 -0.0167188 0.00592057 -0.000449786 0.99999 0.574629
0.999969 0.00102362 -0.00747344 -0.0130197 -0.00102107 0.999998 0.000270294 0.002617 0.00747418 -0.000262319 0.999965 0.589108
0.999969 -0.000492586 -0.00834856 -0.0119221 0.000498065 1 0.000728815 -0.00531221 0.00834771 -0.000733258 0.999973 0.58994
0.999953 0.00170718 -0.00913416 -0.02698 -0.00169593 0.999997 0.00116793 -0.00540018 0.00913652 -0.00115224 0.99995 0.603575
0.999961 0.00175808 -0.00913882 -0.0121848 -0.00175756 1 0.00013777 -0.0135383 0.00913853 -0.000121799 0.999967 0.609622
0.999945 0.00509168 -0.00878566 -0.0415448 -0.00510365 0.999985 -0.0014136 -0.00977734 0.00877885 0.00145855 0.999952 0.633103
0.99996 0.0029477 -0.00895184 -0.0170359 -0.00296355 0.999996 -0.00168064 -0.00184288 0.00894633 0.00170688 0.999967 0.626082
0.999926 0.00190714 -0.0117171 -0.016141 -0.00192238 0.999996 -0.00134398 0.00518578 0.011715 0.00136669 0.999923 0.62575
0.999947 0.000637195 -0.0106651 -0.0145069 -0.000651394 1 -0.00126039 -0.0136408 0.0106639 0.00126698 0.999951 0.644165
0.999954 0.000727415 -0.00912361 -0.0150716 -0.00073472 0.999999 -0.000868244 0.00684658 0.00912328 0.000875147 0.99995 0.652487
0.999957 2.2592e-05 -0.00967972 -0.0228604 -2.30163e-05 1 2.96474e-05 -0.000383272 0.00967943 -2.96584e-05 0.999961 0.673792
0.999937 0.00280857 -0.0105382 -0.0210334 -0.00281358 0.999996 -0.000530766 0.00333899 0.0105371 0.000560578 0.999937 0.683656
0.999929 -0.000328549 -0.012184 -0.0214586 0.000361939 0.999996 0.00279963 0.00421163 0.0121826 -0.00280396 0.99993 0.680704
0.999948 -0.00464583 -0.00876734 -0.0170863 0.00469723 0.999972 0.00577683 -0.00545042 0.00874062 -0.0058176 0.999937 0.721985
0.999945 -0.000667611 -0.0107655 -0.00899118 0.000693395 0.999997 0.00245243 0.0269145 0.0107634 -0.00245989 0.999947 0.737458
0.999934 -0.00209457 -0.011013 -0.0227562 0.00212883 0.999993 0.00303762 0.00431515 0.011007 -0.00306085 0.999927 0.747819
0.999959 -0.0023202 -0.0091601 -0.00736353 0.00230592 0.999996 -0.00149224 -0.00714526 0.00916309 0.00147099 0.999964 0.737122
0.999943 -0.00564012 -0.00872893 -0.0194401 0.0056507 0.999984 0.00110731 0.0290992 0.00872313 -0.00115665 0.999954 0.753268
0.999914 -0.0100283 -0.00886622 0.0108903 0.0100841 0.999929 0.00634549 0.00311732 0.00880153 -0.00643425 0.999947 0.76693
0.999975 -0.00314904 -0.00608139 -0.0118048 0.00317288 0.999989 0.00381259 -0.0246497 0.00606974 -0.00383164 0.999969 0.783122
0.999961 -0.00370451 -0.00835906 -0.00284231 0.00370096 0.999992 -0.000359999 0.00910868 0.00835989 0.000328993 0.999971 0.769315
0.999977 -0.00178839 -0.00621246 -0.00773841 0.00174969 0.99998 -0.00633326 -0.0115416 0.00622419 0.00632233 0.999955 0.783681
0.999965 -0.00517338 -0.00695409 -0.00741702 0.00512787 0.999965 -0.00645219 0.00806175 0.00698672 0.00641624 0.99996 0.774697
0.99998 -0.000714078 -0.00600739 -0.00986494 0.000710543 1 -0.000707416 0.0109915 0.00600835 0.00070328 0.999977 0.787542
0.999989 0.0035571 -0.00371863 -0.0140267 -0.00355936 0.999992 -0.000403193 0.0125437 0.00371674 0.000416301 0.999997 0.799339
0.999979 0.00364738 -0.00521443 -0.0197699 -0.00365104 0.999994 -0.000837065 0.00818261 0.00521186 0.000856197 0.999983 0.758603
0.999994 0.00080635 -0.00344775 0.00585495 -0.000820414 0.999992 -0.00386092 -0.0146947 0.00344409 0.00386354 0.99999 0.77287
0.999991 0.00189018 -0.00388 -0.007656 -0.00189853 0.999996 -0.00233032 0.00191816 0.00387593 0.00233778 0.999987 0.749837
0.999991 0.00239661 -0.00350264 6.07607e-05 -0.00240336 0.999995 -0.00170307 -0.00466014 0.00349817 0.00171137 0.999996 0.741032
0.999993 -0.000787787 -0.00362771 -0.0124909 0.000791581 1 0.000844489 -0.00304256 0.00362737 -0.000847371 0.99999 0.77152
0.999993 -0.00136237 -0.00341506 0.00179402 0.00137152 0.999995 0.00287394 -0.00998567 0.00341079 -0.00287855 0.999993 0.72226
0.999994 0.000453462 -0.00361109 -0.00631082 -0.000445835 0.999999 0.00193304 -0.00324198 0.00361224 -0.00193145 0.999989 0.714249
0.999996 -0.00206925 -0.00187628 0.00369112 0.00207303 0.999994 0.00237518 0.00141319 0.00187109 -0.00237906 0.999998 0.704554
0.999996 0.00205882 -0.00228381 -0.00986769 -0.00206094 0.999999 -0.00120148 -0.00146671 0.00228159 0.00120613 0.999994 0.688569
0.999996 -0.00078965 -0.00270054 -3.20537e-05 0.000787005 0.999998 -0.000754055 -0.0132689 0.00270086 0.000752014 0.999999 0.683568
0.999997 -0.00187766 -0.00147254 0.0042415 0.00187908 1 0.000478919 -0.00518279 0.00147202 -0.00048182 0.999996 0.672059
0.999996 -0.00272707 0.000231591 -0.00644269 0.00272626 0.999995 0.000335366 -0.00977219 -0.000232856 -0.000334593 1 0.661615
0.999999 0.000902944 -0.0010704 -0.00595898 -0.000902084 1 0.000141921 -0.00524179 0.0010708 -0.000141019 0.999997 0.654571
0.999998 -0.00205392 -5.89088e-05 -0.00676501 0.00205314 0.999996 -0.000856425 -0.00754203 6.03284e-05 0.000856325 1 0.648903
0.999998 0.000619864 -0.0022879 -0.00761937 -0.000621284 1 -0.000947917 -0.00773533 0.00228759 0.000949418 0.999995 0.638248
0.999993 -0.00137181 -0.00345663 -0.000963804 0.00137138 0.999998 9.28486e-05 -0.0084858 0.00345624 -9.77931e-05 0.999997 0.618859
0.999995 -0.00183961 -0.00286653 -0.000498718 0.00183995 0.999999 -0.000120219 -0.0161422 0.00286693 0.000115133 0.999993 0.624886
0.999993 -0.00310136 -0.00220753 0.000849839 0.0031009 0.999994 0.000100457 0.00278071 0.00220701 -0.000107507 1 0.614683
0.999995 -0.00117743 -0.00311573 0.00349842 0.00117934 1 0.00039147 -0.013649 0.0031154 -0.000395023 0.999992 0.592669
0.999994 -0.00126169 -0.00289032 -0.00207397 0.00126311 0.999998 0.000750783 -0.000839978 0.0028893 -0.000754534 0.999999 0.604248
0.999996 -0.000453554 -0.00315802 -0.0055079 0.000455969 1 0.000526203 -0.00831636 0.0031578 -0.000527561 0.999992 0.587322
0.999993 -0.00145517 -0.00350303 -0.00297525 0.00145422 0.999999 -6.931e-05 -0.00569285 0.00350306 6.41515e-05 0.999997 0.577456
0.999995 0.000855546 -0.00299613 0.0106241 -0.000857863 1 -0.00102157 -0.0122963 0.00299533 0.00102428 0.999992 0.591275
0.999987 -0.00295581 -0.00424562 -0.0152055 0.00295203 0.999995 -0.000721448 -0.000113562 0.00424772 0.000708885 0.999994 0.578755
0.999988 0.00148238 -0.0045426 -0.00939575 -0.0014904 0.999997 -0.00193659 -0.000586058 0.00453968 0.0019434 0.999984 0.568906
0.999981 0.00273972 -0.00562034 -0.0133284 -0.00276684 0.999985 -0.00468533 -0.00414171 0.00560745 0.0047007 0.999977 0.569864
0.999969 0.00447553 -0.00629871 -0.0205152 -0.00450677 0.999977 -0.00508272 -0.00287622 0.0062758 0.00511105 0.999964 0.576826
0.999965 0.00516473 -0.00673314 -0.0185036 -0.00519142 0.999979 -0.00381827 -0.00540327 0.00671341 0.00385308 0.999974 0.563018
0.999977 0.00171643 -0.00643644 -0.00609591 -0.0017429 0.999989 -0.00426523 0.00908336 0.00642909 0.00427622 0.999966 0.590579
0.99998 0.00263554 -0.00594571 -0.0276908 -0.0026312 0.999996 0.000910834 -0.00357608 0.00594804 -0.000895018 0.999986 0.580835
0.999966 0.0054925 -0.00605304 -0.0269757 -0.00546563 0.999976 0.00428625 -0.00734265 0.00607681 -0.00425301 0.99997 0.604284
0.999977 0.0035598 -0.00593418 -0.0278206 -0.00353427 0.999984 0.00447841 -0.00628176 0.00594972 -0.00445734 0.999975 0.620134
0.999955 0.00496806 -0.00805806 -0.0203991 -0.00492653 0.999975 0.0050381 -0.00137437 0.00808325 -0.00499818 0.999952 0.610891
0.999983 0.00107026 -0.00595635 -0.0194245 -0.0010588 0.999997 0.00210179 -0.00835891 0.00595841 -0.00209549 0.999984 0.636127
0.999965 0.00384118 -0.00730446 -0.0225626 -0.00384724 0.999991 -0.000961745 -0.0068673 0.00730082 0.000989815 0.99997 0.632307
0.999962 0.00340888 -0.00819085 -0.0270293 -0.00342942 0.999992 -0.00235776 0.00114864 0.00818274 0.00238578 0.999967 0.63236
0.999973 0.00129581 -0.00719822 -0.0178465 -0.00131059 0.999997 -0.00222102 0.0036164 0.00719527 0.0022303 0.999969 0.645732
0.999972 0.00134162 -0.0075498 -0.0202991 -0.00135479 0.999998 -0.001584 -0.00300954 0.00754789 0.00159422 0.999973 0.676189
0.999964 -0.000689454 -0.00839047 -0.0178997 0.000692379 1 0.000209351 0.00667888 0.00839022 -0.000215235 0.999963 0.668883
0.999963 0.0030934 -0.0081551 -0.0174492 -0.00309419 0.999995 6.59887e-05 0.00595366 0.0081554 -4.05939e-05 0.999969 0.701624
0.999969 -0.000207735 -0.00779188 -0.0146693 0.000220536 0.999999 0.0014647 -0.00949486 0.00779157 -0.00146665 0.999967 0.707134
0.999943 -0.00125125 -0.0106179 -0.0190596 0.00126651 0.999998 0.00156585 -0.00377692 0.0106159 -0.00157884 0.999944 0.726469
0.999957 9.8563e-05 -0.00928983 -0.0145054 -9.1779e-05 1 0.000573534 0.000539484 0.00928979 -0.000573057 0.999956 0.735332
0.999954 0.00259126 -0.00933927 -0.0277635 -0.00259905 0.999997 -0.000640645 0.023034 0.0093378 0.000665325 0.999958 0.757526
0.999955 0.000761441 -0.00938017 -0.0197542 -0.00076142 1 -0.000180041 0.0095328 0.0093798 0.000186775 0.999955 0.764603
0.999964 0.00054848 -0.00855964 -0.0180894 -0.000553794 0.999999 -0.000423982 -0.00178496 0.00855951 0.000429161 0.999965 0.776136
0.999978 -0.00131184 -0.0063906 -0.0159545 0.00131885 0.999999 0.000827615 0.00258288 0.00638938 -0.000836529 0.999978 0.778705
0.999985 -0.00161595 -0.00555852 -0.0117304 0.00161764 0.999998 0.000576413 -0.0088768 0.00555765 -0.000584773 0.999987 0.802487
0.999986 -0.00337692 -0.00354558 -0.00751485 0.00337777 0.999994 -0.000191214 0.000628235 0.00354613 0.000178615 0.999991 0.811931
0.99998 -0.00434504 -0.00497279 0.00264761 0.0043438 0.999991 2.28174e-05 -0.00600011 0.00497252 -4.37654e-05 0.999991 0.814279
0.999968 -0.0067371 -0.00390442 0.0142209 0.00674567 0.999976 0.00186379 -0.00489126 0.00389181 -0.00189076 0.999987 0.836201
0.999974 -0.00595435 -0.00452125 -0.00492544 0.00596422 0.999979 0.00244693 0.0114833 0.0045065 -0.00247305 0.99999 0.834275
0.999989 -0.00151066 -0.0041687 0.0034825 0.00151239 0.999998 9.09743e-05 -0.00590943 0.00416867 -9.79941e-05 0.999988 0.850392
0.999989 -0.00118929 -0.00482287 -0.00919771 0.00118817 1 2.70939e-05 0.00964026 0.00482256 -3.20137e-05 0.999992 0.859295
0.999993 0.000953509 -0.003365 -0.0086715 -0.000952738 0.999999 -0.000217563 -0.0167228 0.00336501 0.000220071 0.999991 0.867102
0.999973 0.00375441 -0.00648734 -0.0146747 -0.00376353 0.999993 -0.00119661 0.0132286 0.00648252 0.00122184 0.999982 0.870869
0.999983 0.00410247 -0.00375087 -0.0191862 -0.0040997 0.999991 0.000389835 -0.0077663 0.0037527 -0.000375169 0.999989 0.881467
0.999994 0.000580386 -0.0041648 -0.00970254 -0.0005687 0.999995 0.00311283 -0.0063721 0.00416632 -0.00310972 0.999991 0.88327
0.999984 0.00111639 -0.00516179 -0.0278117 -0.00109294 0.999991 0.00430273 0.0191046 0.00516673 -0.00429771 0.999974 0.909269
0.999993 -0.000280704 -0.00423496 -0.0250702 0.000302772 0.999985 0.0054983 -0.0141328 0.00423312 -0.00549886 0.999979 0.917587
0.999975 0.000233089 -0.00697243 -0.00721185 -0.000223348 1 0.0012334 -0.00773792 0.0069731 -0.00123246 0.999972 0.906275
0.999978 -0.00403867 -0.00557476 0.00324791 0.00403704 0.999991 -7.88199e-05 -0.0146176 0.00557462 5.70047e-05 0.999988 0.902125
0.999909 -0.0113033 -0.00711494 0.010053 0.0112629 0.999921 -0.00585369 -0.0135951 0.00718087 0.00577236 0.999956 0.887562
0.999986 -0.00147343 -0.00543899 -0.0156969 0.00143849 0.999979 -0.00619255 0.00700662 0.00544767 0.00618551 0.999967 0.94979
0.999953 -0.00301125 -0.00904566 -0.00339247 0.00298122 0.999991 -0.00346968 -0.00896632 0.00905638 0.00344178 0.999952 0.900442
0.999968 -0.00146207 -0.008149 -0.0110195 0.00148283 0.999994 0.00269615 0.0250071 0.00814466 -0.00270726 0.999965 0.924035
0.999958 -0.00370922 -0.00820847 -0.0154393 0.00372708 0.999992 0.00203183 -0.0255689 0.00820142 -0.00206326 0.999963 0.921732
0.999964 -0.00417338 -0.00746636 -0.000109718 0.00417135 0.99999 -0.00014241 0.00151671 0.00746609 0.000112132 0.999973 0.948383
0.999969 -0.00196383 -0.00762414 -0.0128097 0.00192704 0.999987 -0.00498175 -0.016317 0.00763466 0.00496613 0.999959 0.907656
0.999993 -0.000243808 -0.00390503 -0.0102373 0.000237437 0.999998 -0.00133926 0.00733746 0.00390446 0.001339 0.999992 0.929855
0.999982 -0.00241144 -0.00537772 -0.010042 0.00242009 0.999997 0.0013567 -0.000198393 0.00537541 -0.00137041 0.999984 0.9185
0.999987 -0.00423675 -0.00343921 -0.00306223 0.00424989 0.999982 0.00417792 -0.00644058 0.00342033 -0.00419177 0.999985 0.928475
0.999996 -0.00231762 -0.00130055 0.00265089 0.00232179 0.999995 0.00225886 -0.014246 0.00129653 -0.00226263 0.999997 0.950785
0.999994 -0.00344805 -0.00150721 -0.00808898 0.00345021 0.99999 0.00230834 -0.00521264 0.00149814 -0.0023128 0.999997 0.925815
0.999999 -0.000582994 -9.93413e-06 -0.0072381 0.000584535 0.999999 0.0017608 0.000422674 9.8068e-06 -0.00176163 0.999998 0.936171
1 0.00115343 0.00178667 -0.00486263 -0.00115663 1 0.000886781 0.00437468 -0.00178636 -0.000887987 1 0.962316
0.999997 0.00178424 -4.8254e-05 -0.00859861 -0.00178219 0.999998 -0.000583589 -0.00597322 4.79903e-05 0.00058257 0.999999 0.924993
0.999998 0.00164987 0.00215146 -0.00740536 -0.00165055 1 -0.00065574 0.00762216 -0.00215335 0.00065338 0.999998 0.9432
0.999991 0.00285724 0.00237921 -0.0112182 -0.00285409 0.999995 -0.000471922 -0.0052389 -0.00237969 0.000463977 0.999997 0.922593
0.999998 0.00212091 0.00258675 -0.00835194 -0.00212363 1 0.000318287 0.0065668 -0.00258694 -0.000322466 0.999997 0.942358
0.999986 0.00341185 0.00319304 -0.0121825 -0.00341223 0.999993 0.000707933 0.00280948 -0.00318975 -0.000720181 0.999994 0.930437
0.999995 0.000862222 0.00389287 -0.00869977 -0.000871708 0.999999 0.00191427 0.00241843 -0.00389219 -0.00191635 0.999991 0.967792
0.99999 0.00059051 0.00369817 -0.0220062 -0.000596823 0.999996 0.00229783 -0.00778072 -0.00369569 -0.00230128 0.99999 0.907133
0.999988 -0.00371472 0.00428036 -0.00309838 0.00370522 0.999994 0.00174009 -0.00215365 -0.0042878 -0.00172281 0.99999 0.930128
0.999992 0.000311441 0.00293501 0.00429255 -0.000300594 0.999994 -0.00298335 -0.0276829 -0.00293493 0.0029811 0.99999 0.907471
0.99996 0.00528083 0.00776674 -0.0170654 -0.00520837 0.999944 -0.00959822 0.00594052 -0.007818 0.00955858 0.999924 0.93085
0.999987 0.00314358 0.00305479 -0.00854734 -0.00312809 0.999983 -0.00436051 -0.00705633 -0.00306744 0.00434959 0.999986 0.903876
0.999994 0.000786859 0.00459824 -0.00312088 -0.000804463 0.999997 0.00337175 -0.00456331 -0.00459641 -0.00337408 0.999985 0.92562
0.999974 0.00326406 0.00572495 -0.00970791 -0.00330149 0.99997 0.00690502 -0.0107859 -0.00570133 -0.00692506 0.99996 0.911813
0.999987 0.0021109 0.00563914 -0.00646155 -0.00213657 0.999989 0.00418234 -0.00400902 -0.00563123 -0.00419305 0.999975 0.91818
