0.999809 -0.00107904 -0.0195913 0.206353 0.00111799 0.999998 0.00198904 -0.0186394 0.0195899 -0.00201068 0.999808 0.888687
0.999775 -0.00226753 -0.0211681 0.189911 0.00232814 0.999995 0.00284124 -0.0465589 0.0211623 -0.00288995 0.999774 2.27057
0.999789 -0.00341671 -0.0203872 0.145741 0.00343484 0.999996 0.000890216 -0.0523365 0.0203853 -0.000960174 0.999797 3.62159
0.999777 -0.00338689 -0.0209509 0.119828 0.00339963 0.999996 0.000575089 -0.0643179 0.0209496 -0.000646133 0.999783 4.98902
0.999729 -0.00394846 -0.0230894 0.117196 0.00398514 0.999993 0.00157825 -0.0883545 0.0230843 -0.00166983 0.999739 6.31742
0.999655 -0.00620317 -0.0256469 0.141701 0.00626397 0.99998 0.00229437 -0.102774 0.025633 -0.00245426 0.999672 7.65892
0.999617 -0.00581608 -0.027165 0.128191 0.00587878 0.999982 0.00226494 -0.111275 0.0271528 -0.00242372 0.999637 9.0407
0.999592 -0.00504941 -0.0281919 0.0952909 0.00506498 0.999991 0.000483302 -0.127985 0.02819 -0.000625874 0.999607 10.4107
0.999551 -0.00287273 -0.0299802 0.0773042 0.00282608 0.999997 -0.00155727 -0.151475 0.0299861 0.00147193 0.999559 11.7907
0.999581 0.000839977 -0.0290479 0.00635424 -0.000924276 0.999999 -0.00288952 -0.167139 0.0290464 0.00291529 0.99958 13.1286
0.99959 0.00300229 -0.0286551 -0.0509374 -0.00306128 0.999997 -0.00196544 -0.205232 0.0286507 0.0020524 0.9996 14.5055
0.999611 0.00374446 -0.0277846 -0.112244 -0.00376115 0.999997 -0.000552419 -0.232934 0.0277835 0.000656739 0.999621 15.8629
0.999641 -0.000662348 -0.0269744 -0.171075 0.000727082 1 0.002442 -0.25645 0.0269743 -0.00246065 0.999645 17.2223
0.999677 -0.00476024 -0.0251829 -0.238998 0.00486399 0.999985 0.0040494 -0.270956 0.0251642 -0.00417059 0.999683 18.5872
0.999678 -0.00778724 -0.0243926 -0.289686 0.00784995 0.999969 0.00253448 -0.299577 0.0243737 -0.00272518 0.999713 19.9664
0.99969 -0.00868177 -0.0235801 -0.346362 0.00871167 0.999969 0.00116271 -0.325224 0.023571 -0.00136757 0.999731 21.3019
0.999743 -0.00626624 -0.0221639 -0.397761 0.00626916 0.999985 0.000136776 -0.356332 0.0221643 -0.000275801 0.99977 22.6963
0.999773 -0.00327309 -0.0213175 -0.438583 0.00332653 0.999999 0.00246768 -0.380888 0.0213112 -0.00253798 0.99978 24.1019
0.999803 -0.00262829 -0.0201895 -0.486407 0.00276594 0.999977 0.00687469 -0.412609 0.0201726 -0.00692931 0.999789 25.5234
0.999825 -0.00483193 -0.018379 -0.53802 0.00498899 0.999959 0.00850266 -0.422579 0.0183391 -0.00859281 0.999806 26.9016
0.999806 -0.00909792 -0.0181106 -0.572896 0.0092291 0.999936 0.00727261 -0.443781 0.018045 -0.00743854 0.999826 28.31
0.999809 -0.00960166 -0.0173881 -0.621093 0.00970427 0.999943 0.00581741 -0.469638 0.0173332 -0.00598505 0.999843 29.6986
0.999847 -0.0107916 -0.0147469 -0.683839 0.0108397 0.999942 0.00335146 -0.485449 0.0147127 -0.00351102 0.999906 31.0761
0.999902 -0.00740685 -0.0124859 -0.730308 0.00743495 0.999979 0.00220095 -0.50316 0.0124715 -0.00229366 0.999932 32.4693
0.999933 -0.00619053 -0.0112403 -0.777619 0.00619303 0.999989 0.000397696 -0.524188 0.0112404 -0.000467511 0.999959 33.8621
0.999943 -0.00566633 -0.00993767 -0.818111 0.00567551 0.999992 0.000890062 -0.54615 0.00993469 -0.000946514 0.999963 35.2745
0.99996 -0.00538324 -0.00911215 -0.855196 0.00539591 0.999992 0.00162667 -0.557452 0.00910595 -0.00167593 0.999978 36.6942
0.999949 -0.00453292 -0.00988377 -0.863927 0.00456043 0.999995 0.00275159 -0.573025 0.00987331 -0.0027967 0.999962 38.1219
0.999954 -0.0022256 -0.01085 -0.862899 0.00225801 1 0.00319157 -0.593301 0.0108453 -0.00321609 0.999956 39.5824
0.999958 0.000144072 -0.0101216 -0.89744 -0.000117734 1.00001 0.00258061 -0.610141 0.0101242 -0.00257956 0.999962 41.0203
0.999951 0.00239005 -0.0110234 -0.90018 -0.00236366 1 0.00262239 -0.627081 0.0110322 -0.00259636 0.999957 42.5031
0.999947 0.00343765 -0.0106585 -0.926055 -0.00340787 1 0.00281288 -0.647753 0.0106703 -0.00277673 0.999956 43.9468
0.999941 0.00223011 -0.0119174 -0.924242 -0.002205 1 0.00233065 -0.665516 0.0119253 -0.0023045 0.999948 45.4013
0.99994 0.00095892 -0.0118815 -0.95123 -0.000919794 1.00001 0.003311 -0.705672 0.011887 -0.00330025 0.999944 46.8354
0.999943 0.000591007 -0.0120433 -0.994234 -0.000549867 1 0.00361241 -0.722869 0.0120482 -0.00360621 0.999945 48.2408
0.999923 0.000754089 -0.0132692 -1.011 -0.000684242 0.999996 0.00527305 -0.746545 0.0132754 -0.00526397 0.99992 49.7255
0.999896 0.000782289 -0.015542 -1.00641 -0.00070553 0.999996 0.00508664 -0.765724 0.0155485 -0.00507592 0.999892 51.1912
0.999862 0.00172065 -0.0172762 -1.02908 -0.00165364 1 0.00389096 -0.756579 0.0172852 -0.00386221 0.999866 52.6587
0.999849 0.00198575 -0.0182151 -1.06329 -0.00191335 0.999998 0.00411825 -0.767941 0.0182259 -0.00408355 0.999852 54.0927
0.99984 0.00128069 -0.0185299 -1.09466 -0.00118965 0.999998 0.00492422 -0.787866 0.0185385 -0.00490172 0.99984 55.5697
0.999843 -0.000296919 -0.0186275 -1.1231 0.000395452 0.999995 0.00541322 -0.809608 0.0186285 -0.00542054 0.999838 57.0339
0.999842 -0.00224064 -0.0184267 -1.16849 0.002322 1 0.00436696 -0.819586 0.0184195 -0.0044096 0.999846 58.4904
0.999881 -0.00364869 -0.0161029 -1.22849 0.00373168 0.999989 0.00528793 -0.846535 0.0160864 -0.00534817 0.999884 59.9322
0.999889 -0.0048893 -0.0152424 -1.26734 0.00499985 0.999976 0.00718512 -0.872041 0.0152098 -0.00726113 0.999888 61.3715
0.999893 -0.00746296 -0.0139883 -1.30838 0.00759611 0.999935 0.00968712 -0.903588 0.0139177 -0.0097931 0.999885 62.822
0.999875 -0.00957381 -0.014024 -1.30407 0.0097069 0.999926 0.00939453 -0.92268 0.0139343 -0.00952992 0.99989 64.2488
0.999868 -0.0114197 -0.0131914 -1.33408 0.011523 0.999917 0.00798598 -0.92629 0.0130998 -0.00813765 0.999915 65.6963
0.9999 -0.0107486 -0.011107 -1.37586 0.0108318 0.999931 0.00737296 -0.938914 0.011028 -0.007493 0.999944 67.0951
0.999907 -0.0104841 -0.0108934 -1.38976 0.010562 0.999934 0.00734417 -0.951599 0.0108158 -0.0074591 0.99995 68.5565
0.999973 -0.00635483 -0.00727587 -1.4567 0.00642047 0.999957 0.00890107 -0.976759 0.00721916 -0.00894812 0.999969 69.9207
0.999998 -0.00283568 -0.00629429 -1.47381 0.00289688 0.999963 0.0100991 -0.986702 0.00626494 -0.0101179 0.999967 71.4242
1 0.00307504 -0.00472492 -1.48919 -0.00303354 0.999977 0.00862363 -0.980726 0.00475099 -0.00861015 0.99999 72.8613
0.999993 0.00723289 -0.00263618 -1.55956 -0.00721639 0.99997 0.00689877 -0.961044 0.00268497 -0.00688041 1.00001 74.3302
0.999958 0.0111135 -0.00139912 -1.58672 -0.0111059 0.999944 0.00495771 -0.957734 0.00145339 -0.00494277 1.00003 75.7562
0.999942 0.012677 -0.00153151 -1.57261 -0.0126705 0.999927 0.00530667 -0.991151 0.00159716 -0.00528757 1.00003 77.2015
0.999932 0.0134006 -0.000216577 -1.60214 -0.013399 0.99992 0.00442545 -0.994164 0.000274585 -0.00442317 1.00003 78.6544
0.999945 0.0125435 -0.00151086 -1.57153 -0.0125402 0.999937 0.00341022 -1.01205 0.00155149 -0.0033917 1.00003 80.0508
0.999956 0.0114012 -0.00228368 -1.56298 -0.0114004 0.999955 -8.86754e-05 -0.994088 0.00228071 0.000113987 1.00004 81.4356
0.999959 0.0115191 -0.000878859 -1.61382 -0.0115226 0.999953 -0.00214526 -0.987466 0.00085145 0.00215467 1.00004 82.858
0.999984 0.00893887 -0.00124523 -1.58132 -0.00893684 0.999982 0.000764439 -1.0578 0.0012495 -0.000753941 1.00004 84.1549
0.999976 0.010048 -0.000838263 -1.61024 -0.0100503 0.999975 -0.00148545 -1.05972 0.000818761 0.00149346 1.00005 85.5869
0.999971 0.0102216 0.00148761 -1.68168 -0.0102168 0.99997 -0.00228685 -1.06991 -0.00151499 0.002271 1.00004 86.9838
0.99996 0.0101129 0.00533855 -1.79998 -0.010092 0.99997 -0.0040688 -1.04692 -0.00538551 0.0040144 1.00003 88.4128
0.999986 0.00741207 0.0048246 -1.7565 -0.00740808 1 -0.000530704 -1.13294 -0.00483318 0.00049442 1.00003 89.7101
0.999998 0.00551124 0.00516689 -1.81171 -0.00549984 1.00001 -0.00230584 -1.11492 -0.00518631 0.00227717 1.00004 91.1568
1 0.00346447 0.00559648 -1.81951 -0.00345173 1.00002 -0.00200159 -1.15252 -0.0056089 0.00198173 1.00003 92.5007
0.999991 0.00225141 0.00823794 -1.88397 -0.00221981 1.00002 -0.00388807 -1.1558 -0.0082536 0.00386948 1.00002 93.8632
1.00001 0.000543481 0.00500156 -1.79697 -0.000522482 1.00003 -0.00382748 -1.20508 -0.0050098 0.0038245 1.00003 95.2752
1.00001 0.000831506 0.00589373 -1.82935 -0.000800614 1.00002 -0.00526335 -1.21494 -0.00590526 0.00525838 1.00003 96.7168
0.999979 0.00097372 0.00970716 -1.9093 -0.000893607 1 -0.00805204 -1.20944 -0.00972115 0.00804272 0.999973 98.1264
0.999987 0.00190484 0.00888303 -1.86777 -0.00184171 1 -0.00709532 -1.28104 -0.00890355 0.00707859 0.999994 99.4808
0.999953 0.00470244 0.0113294 -1.911 -0.00460012 0.999985 -0.00885583 -1.28009 -0.011377 0.00880293 0.99995 100.869
0.999969 0.00381483 0.0103202 -1.86573 -0.00374522 1 -0.00678322 -1.32713 -0.0103532 0.00674415 0.999984 102.234
1 0.00464013 0.00576225 -1.77416 -0.00461806 1.00002 -0.00347474 -1.39838 -0.00578481 0.00344788 1.00003 103.556
1.00001 0.00402332 0.00568061 -1.78452 -0.00398935 1.00001 -0.00602216 -1.41101 -0.00571205 0.00599925 1.00003 104.938
1.00002 0.00285011 0.00348271 -1.73468 -0.00282092 1 -0.00771815 -1.45998 -0.003511 0.00770832 1.00002 106.258
1.00001 0.00418047 0.00509866 -1.78519 -0.00412772 0.999972 -0.0103131 -1.46473 -0.00514879 0.0102917 1 107.596
0.999862 0.00146704 0.0183746 -1.99062 -0.00129002 0.999989 -0.00951539 -1.49856 -0.0183949 0.00949013 0.999843 108.625
0.999788 0.00119742 0.0220182 -2.02428 -0.000994256 0.999993 -0.00919868 -1.51138 -0.0220374 0.00917456 0.999786 110.026
0.999765 0.000531351 0.0231378 -2.00852 -0.000307534 0.99999 -0.00957083 -1.53137 -0.0231491 0.00956118 0.999745 111.39
0.999751 -0.000475951 0.0237423 -1.96043 0.000764864 0.999964 -0.0121269 -1.56062 -0.0237447 0.0121418 0.999717 112.719
0.999718 1.79824e-05 0.0251721 -1.93715 0.000273879 0.999973 -0.0114812 -1.65217 -0.0251786 0.0114845 0.999679 114.08
0.999648 0.0041015 0.0274829 -1.94171 -0.00368155 0.999916 -0.0153032 -1.6623 -0.0275528 0.0151962 0.999577 115.464
0.999571 0.00656621 0.0297646 -1.92135 -0.00612397 0.999911 -0.014832 -1.71093 -0.0298665 0.0146428 0.99951 116.78
0.999517 0.00772089 0.0312723 -1.87767 -0.00735726 0.999945 -0.0117118 -1.77323 -0.0313706 0.0114756 0.999515 118.119
0.999501 0.00739723 0.0318806 -1.82438 -0.00710316 0.999972 -0.00923571 -1.81988 -0.0319554 0.00900433 0.999513 119.487
0.999442 0.00689211 0.0337481 -1.81745 -0.00658273 0.999976 -0.00924641 -1.84683 -0.0338212 0.00901872 0.999463 120.83
0.999327 0.00832386 0.0367625 -1.80566 -0.00788951 0.99994 -0.0118604 -1.84974 -0.0368667 0.011562 0.999319 122.188
0.999225 0.0116004 0.0385858 -1.77398 -0.0110749 0.999884 -0.0137857 -1.87147 -0.0387517 0.0133473 0.999236 123.548
0.999024 0.014245 0.0426958 -1.79221 -0.0135533 0.999818 -0.0163749 -1.87724 -0.0429298 0.0157797 0.999023 124.921
0.99894 0.0149796 0.0443411 -1.70444 -0.0142789 0.999811 -0.0160518 -1.95437 -0.0445847 0.0154013 0.998963 126.189
0.998861 0.0154778 0.0459635 -1.65462 -0.0147229 0.999798 -0.016647 -2.001 -0.0462222 0.0159508 0.998875 127.544
0.998822 0.0138705 0.0472791 -1.57375 -0.0131508 0.999836 -0.0154742 -2.07608 -0.0474982 0.0148338 0.998839 128.839
0.998701 0.014235 0.0497378 -1.55143 -0.0134518 0.999826 -0.0159803 -2.09523 -0.0499674 0.0152899 0.998708 130.177
0.998557 0.0132742 0.0527447 -1.52149 -0.0124264 0.999833 -0.0163443 -2.12478 -0.0529659 0.0156648 0.998554 131.526
0.998612 0.0117338 0.0521346 -1.43102 -0.0109359 0.999866 -0.015504 -2.17747 -0.0523206 0.0149117 0.998596 132.862
0.998636 0.00890139 0.0521994 -1.36242 -0.00810096 0.999892 -0.0154984 -2.21871 -0.0523452 0.0150539 0.998597 134.214
0.998709 0.00695656 0.0511322 -1.27308 -0.00621977 0.999921 -0.014488 -2.26915 -0.0512403 0.0141507 0.998664 135.599
0.998731 0.00527363 0.0508684 -1.21699 -0.00449179 0.999917 -0.0154477 -2.30079 -0.0509595 0.015199 0.998668 137.018
0.998702 0.00404913 0.0515886 -1.18468 -0.0032359 0.999916 -0.015772 -2.34493 -0.0516595 0.0155841 0.998622 138.361
0.998696 0.00280431 0.0517388 -1.14044 -0.00206165 0.999941 -0.0143785 -2.3951 -0.0517899 0.0142524 0.99864 139.744
0.998711 0.00112572 0.0515597 -1.08836 -0.000362832 0.999938 -0.0147367 -2.43194 -0.0515844 0.0146985 0.998639 141.122
0.998688 0.00113508 0.0519614 -1.05461 -0.000358086 0.999936 -0.0149319 -2.47588 -0.051989 0.014893 0.998622 142.49
0.998679 0.00108122 0.0521793 -1.01246 -0.000276979 0.999929 -0.0153533 -2.52236 -0.0522036 0.0153181 0.998598 143.875
0.998609 0.000782267 0.0534874 -0.984803 5.58564e-05 0.999926 -0.0156393 -2.56643 -0.0535096 0.0156199 0.998532 145.258
0.998589 -0.00110089 0.0539074 -0.939277 0.0021177 0.999871 -0.0187448 -2.60466 -0.0538911 0.0188321 0.998451 146.641
0.998572 -0.0057511 0.0538854 -0.886412 0.00685176 0.99982 -0.0202353 -2.63205 -0.0537731 0.0205751 0.998429 148.025
0.99857 -0.0140482 0.0524219 -0.801112 0.0150589 0.999757 -0.0188687 -2.67239 -0.0521552 0.0196309 0.998528 149.346
0.998435 -0.0200351 0.0530179 -0.76719 0.0210513 0.999654 -0.0186441 -2.70429 -0.0526394 0.0197304 0.998509 150.72
0.99837 -0.0234473 0.0528876 -0.704302 0.0246559 0.999498 -0.0222459 -2.74857 -0.0523505 0.0235135 0.998436 152.105
0.998337 -0.02238 0.0539398 -0.646855 0.0237959 0.999439 -0.0257197 -2.80384 -0.0533464 0.0269598 0.998308 153.443
0.998348 -0.0190116 0.0550578 -0.573981 0.0205213 0.999478 -0.0269196 -2.87963 -0.0545281 0.0280045 0.998205 154.825
0.998261 -0.0190334 0.0566024 -0.508517 0.0206091 0.999466 -0.0273569 -2.93146 -0.056064 0.028475 0.998118 156.215
0.998081 -0.0223778 0.0585269 -0.464226 0.0237967 0.99949 -0.0235943 -2.99293 -0.0579797 0.0249413 0.998093 157.527
0.997901 -0.0282066 0.0590973 -0.375291 0.0294578 0.999412 -0.0203768 -3.05238 -0.0585002 0.0220741 0.998142 158.923
0.997755 -0.0319757 0.0596322 -0.295157 0.033192 0.999311 -0.0194577 -3.10058 -0.0589796 0.0213928 0.998118 160.286
0.997573 -0.0332837 0.0619201 -0.259933 0.034568 0.99926 -0.0197555 -3.14482 -0.0612291 0.0218471 0.997985 161.644
0.997481 -0.0309226 0.0645716 -0.204328 0.0322543 0.999339 -0.0196283 -3.18821 -0.0639325 0.021661 0.997809 163.021
0.997466 -0.0279429 0.0661562 -0.133452 0.0292365 0.999452 -0.0186342 -3.25774 -0.0656116 0.0205201 0.997736 164.388
0.997391 -0.024676 0.0685492 -0.0660064 0.0262357 0.999469 -0.0218916 -3.29536 -0.0679833 0.0236322 0.997497 165.745
0.99737 -0.0226055 0.0695689 -0.00398381 0.0241629 0.999528 -0.0215966 -3.34841 -0.0690602 0.0232196 0.997444 167.107
0.997143 -0.0205059 0.0733655 0.0339343 0.0221079 0.999588 -0.0210398 -3.39077 -0.0729144 0.0226008 0.997173 168.484
0.997137 -0.0188416 0.0739029 0.104433 0.0205019 0.999607 -0.0217442 -3.42894 -0.0734766 0.0231959 0.997128 169.863
0.997156 -0.0165207 0.0741963 0.187523 0.0183223 0.999608 -0.0236219 -3.4925 -0.0737876 0.0249133 0.997054 171.256
0.997229 -0.0149102 0.0735582 0.274909 0.0167648 0.99961 -0.0246325 -3.56818 -0.0731748 0.0257963 0.997086 172.616
0.997246 -0.00917558 0.0742697 0.354858 0.0111217 0.999662 -0.0257871 -3.62859 -0.0740193 0.0265412 0.996996 174.046
0.997138 -0.00429377 0.0761359 0.405421 0.00616496 0.99974 -0.0243286 -3.6828 -0.0760247 0.0247273 0.996901 175.412
0.997151 -0.00147227 0.0760946 0.523301 0.00309527 0.999832 -0.0211752 -3.7579 -0.0760619 0.0213492 0.996972 176.842
0.99682 -0.00119361 0.0802972 0.559956 0.00279022 0.999857 -0.0197431 -3.80049 -0.0802751 0.0199034 0.996676 178.223
0.996864 -0.00361323 0.079716 0.667623 0.00523016 0.999848 -0.0200466 -3.83443 -0.0796426 0.0203994 0.996713 179.622
0.997051 -0.00698121 0.0770677 0.789243 0.00840475 0.999858 -0.0181255 -3.90639 -0.076943 0.0187188 0.996962 181.037
0.997042 -0.00693605 0.0772348 0.871824 0.0086575 0.99978 -0.0219463 -3.96621 -0.0770775 0.0225489 0.996866 182.459
0.997012 -0.00431768 0.0777945 0.939793 0.00639285 0.999689 -0.0264075 -4.01814 -0.0776694 0.0268249 0.996719 183.851
0.996976 -0.000335515 0.0784004 1.02891 0.00242016 0.999707 -0.026466 -4.07964 -0.0783805 0.0265744 0.996666 185.262
0.996998 0.00200911 0.0780956 1.13513 -3.91532e-05 0.999744 -0.0251812 -4.14237 -0.0781401 0.0251014 0.996731 186.645
0.996907 0.00372628 0.0792047 1.22833 -0.00202272 0.999826 -0.0215476 -4.20153 -0.0792831 0.0213194 0.996722 187.993
0.996749 0.00424383 0.0811358 1.30524 -0.00265634 0.999866 -0.0196298 -4.25505 -0.0812222 0.0193494 0.996615 189.392
0.996719 0.00380304 0.0815283 1.40934 -0.00231501 0.999891 -0.0183064 -4.3135 -0.081601 0.0180564 0.996601 190.764
0.996733 0.00121914 0.0814359 1.52498 0.000177315 0.999915 -0.0171047 -4.36795 -0.0814639 0.0170622 0.996638 192.227
0.996694 -0.00149571 0.0819199 1.6398 0.00284147 0.999925 -0.0162829 -4.42388 -0.0819014 0.0164608 0.996605 193.701
0.996634 -0.00492378 0.0824989 1.74757 0.00621482 0.999924 -0.0153663 -4.48052 -0.082431 0.0158265 0.996579 195.142
0.996587 -0.00779352 0.0828523 1.8784 0.00899176 0.999922 -0.0140699 -4.52985 -0.082748 0.0147659 0.996563 196.637
0.996424 -0.0119094 0.0843151 1.96983 0.0130653 0.999889 -0.0131384 -4.56679 -0.0841631 0.0141923 0.996461 198.042
0.996263 -0.0136448 0.0859348 2.07619 0.0148942 0.999855 -0.0138875 -4.5985 -0.0857442 0.0151146 0.996306 199.496
0.996249 -0.0113648 0.0864454 2.19306 0.012987 0.999812 -0.0181956 -4.64441 -0.0862359 0.0192492 0.996201 200.946
0.996149 -0.00277088 0.0882779 2.27604 0.004859 0.999776 -0.023427 -4.69185 -0.0882045 0.0237645 0.995924 202.391
0.996055 0.00524596 0.0892419 2.3883 -0.00318305 0.99979 -0.023212 -4.7475 -0.0893573 0.0228354 0.995854 203.83
0.995842 0.0121641 0.0909118 2.48656 -0.0103989 0.999816 -0.0198486 -4.79206 -0.0911471 0.0188194 0.995769 205.276
0.995659 0.0133503 0.0927739 2.59222 -0.0117753 0.999846 -0.017474 -4.84455 -0.0930041 0.0163047 0.995652 206.731
0.99569 0.0120948 0.0925777 2.7228 -0.0104977 0.999855 -0.0177017 -4.88156 -0.0927889 0.0166523 0.995656 208.226
0.995667 0.00834327 0.0932839 2.81482 -0.00676253 0.999897 -0.0172204 -4.93905 -0.0934292 0.0165141 0.995609 209.652
0.995724 0.0059448 0.092819 2.93938 -0.004347 0.999906 -0.0173901 -4.99156 -0.092924 0.016911 0.995641 211.119
0.99562 0.00602191 0.0939615 3.03852 -0.00439381 0.999906 -0.017494 -5.04738 -0.094069 0.0170036 0.995541 212.575
0.995345 0.00714856 0.0967257 3.11761 -0.00547618 0.999901 -0.0175268 -5.09177 -0.09685 0.0169141 0.99527 214.039
0.995267 0.00769583 0.0975142 3.24611 -0.00618123 0.999925 -0.0157925 -5.15666 -0.0976395 0.0151141 0.995228 215.517
0.995222 0.00791809 0.0979308 3.38562 -0.00639645 0.999925 -0.0158256 -5.21401 -0.0980572 0.0151221 0.995181 217.011
0.995197 0.00659236 0.0983147 3.52799 -0.00506161 0.999931 -0.0157749 -5.26969 -0.0984225 0.0152003 0.995153 218.53
0.995297 0.00425516 0.0974114 3.67547 -0.00273201 0.999943 -0.0157462 -5.31851 -0.0974807 0.0154041 0.995237 220.008
0.995336 0.0045298 0.0970336 3.80987 -0.00305624 0.999948 -0.0152919 -5.37497 -0.097108 0.0149227 0.99529 221.505
0.995403 0.00404155 0.0963458 3.96117 -0.00270433 0.999969 -0.0139845 -5.44866 -0.096407 0.0136577 0.995371 223.006
0.995436 0.00373852 0.0960502 4.07808 -0.00244802 0.999977 -0.0135129 -5.50314 -0.0961085 0.0132147 0.995411 224.434
0.995528 0.00373259 0.0950639 4.23897 -0.0024854 0.99998 -0.0132112 -5.55975 -0.095119 0.0129138 0.995506 225.966
0.995658 0.00499105 0.0936621 4.40437 -0.00378169 0.999979 -0.0130481 -5.61926 -0.0937353 0.0126358 0.995644 227.522
0.995752 0.00517074 0.0926116 4.5538 -0.00400247 0.999981 -0.0127719 -5.66968 -0.0926835 0.0123449 0.995743 229.009
0.995914 0.00906871 0.0905798 4.71026 -0.00781385 0.999941 -0.0141603 -5.7251 -0.0907128 0.0133932 0.995915 230.524
0.995812 0.00802635 0.0917849 4.82207 -0.00669108 0.999941 -0.0148223 -5.75895 -0.0919058 0.014144 0.995794 232.045
0.995787 0.00740829 0.0921147 4.9456 -0.00605793 0.999943 -0.0148926 -5.80292 -0.0922297 0.0142703 0.995764 233.572
0.995682 0.00622133 0.0933237 5.05696 -0.00488892 0.999957 -0.0144753 -5.84102 -0.0934169 0.0139545 0.995657 235.086
0.995636 0.00519474 0.0938885 5.18542 -0.00398698 0.99998 -0.0130065 -5.90411 -0.0939635 0.0125738 0.995627 236.619
0.995553 0.00566101 0.0947301 5.32373 -0.00441528 0.999975 -0.0133302 -5.95574 -0.0948105 0.0128505 0.995541 238.139
0.995328 0.00637447 0.0970326 5.42748 -0.00497536 0.999953 -0.0146157 -5.99084 -0.0971307 0.0140628 0.995304 239.629
0.995194 0.00698332 0.0983669 5.57319 -0.00555673 0.999951 -0.0147445 -6.02039 -0.0984727 0.0141246 0.995171 241.12
0.995044 0.00673216 0.0998966 5.73807 -0.00548053 0.999977 -0.0127615 -6.06432 -0.0999898 0.0121489 0.995048 242.547
0.994816 0.00555964 0.10221 5.8967 -0.00438377 0.999998 -0.0117036 -6.11396 -0.102283 0.0111924 0.994826 243.94
0.994535 0.00680738 0.104839 5.98741 -0.0054484 0.999972 -0.0132062 -6.16292 -0.104936 0.012561 0.994534 245.54
0.994501 0.00662079 0.10518 6.15547 -0.005198 0.999967 -0.0137765 -6.2217 -0.105276 0.0131515 0.994491 247.047
0.99472 0.0072565 0.103053 6.38168 -0.0059651 0.999975 -0.0127958 -6.28959 -0.103153 0.0121117 0.994728 248.639
0.994992 0.00669984 0.100433 6.60776 -0.00563082 1 -0.0109035 -6.35293 -0.100515 0.0102808 0.995019 250.188
0.995016 0.00659829 0.1002 6.75766 -0.00559934 1.00001 -0.0102069 -6.40414 -0.100278 0.00959302 0.995051 251.757
0.995031 0.0066319 0.100053 6.90647 -0.00572633 1.00002 -0.0093138 -6.46504 -0.100125 0.00869187 0.995075 253.299
0.994992 0.00811449 0.100338 7.04605 -0.00724769 1.00001 -0.00895795 -6.50977 -0.100421 0.00818386 0.99505 254.882
0.994905 0.00927105 0.101098 7.18176 -0.00840866 1 -0.00893207 -6.55032 -0.101189 0.00803365 0.994973 256.399
0.995032 0.00908188 0.0998591 7.35848 -0.00831574 1.00001 -0.00804302 -6.60189 -0.0999428 0.00717065 0.995107 257.947
0.995028 0.00757278 0.100026 7.50715 -0.00686337 1.00003 -0.00741375 -6.64906 -0.100093 0.00668744 0.995095 259.472
0.995104 0.00541108 0.0994201 7.66973 -0.00487444 1.00005 -0.00559549 -6.70755 -0.0994649 0.00508145 0.995169 261.059
0.994955 0.0121067 0.10031 7.85936 -0.0110944 0.99996 -0.0106237 -6.73209 -0.100443 0.00945418 0.995038 262.489
0.995034 0.0107947 0.0996857 8.01661 -0.00964843 0.999961 -0.0119313 -6.767 -0.0998202 0.0109079 0.995087 264.052
0.995003 0.00901213 0.100174 8.15069 -0.00780891 0.999972 -0.0123777 -6.82067 -0.10029 0.0115305 0.995033 265.615
0.994688 0.00389947 0.103601 8.24048 -0.00312864 1.00004 -0.00756382 -6.90035 -0.103646 0.00719695 0.994727 267.143
0.99459 0.00139222 0.104578 8.38884 -0.00076887 1.00006 -0.0059825 -6.93572 -0.1046 0.0058666 0.994639 268.699
0.994705 0.000443661 0.103518 8.56787 9.84788e-05 1.00006 -0.00519352 -7.00296 -0.103537 0.00517369 0.994751 270.308
0.99492 -0.00118998 0.101404 8.76768 0.00154485 1.00007 -0.00340188 -7.08154 -0.101415 0.00353807 0.99498 271.929
0.994714 -0.00277023 0.103406 8.88876 0.00301034 1.00007 -0.00212555 -7.13256 -0.103419 0.00242301 0.994775 273.427
0.994772 -0.000819869 0.102856 9.07488 0.00104669 1.00008 -0.00213204 -7.16712 -0.102871 0.00222532 0.994833 275.018
0.994664 -0.000881285 0.103941 9.22753 0.00092613 1.00008 -0.000340842 -7.22337 -0.10396 0.000432531 0.994723 276.572
0.994489 -0.00235745 0.105547 9.38026 0.00214866 1.00007 0.00210756 -7.28156 -0.105569 -0.0018726 0.994551 278.124
0.994346 0.00150683 0.106945 9.53437 -0.00140091 1.00007 -0.00102682 -7.28034 -0.106967 0.000868431 0.994401 279.675
0.994093 0.00037648 0.109243 9.67848 -0.000210484 1.00008 -0.00151687 -7.30226 -0.109263 0.0014814 0.994153 281.179
0.994052 -0.00100541 0.109642 9.83814 0.00125694 1.00007 -0.00218453 -7.33055 -0.10966 0.00230664 0.994106 282.801
0.99381 -0.00227434 0.111787 10.0187 0.00248942 1.00007 -0.00177259 -7.36175 -0.111802 0.00203625 0.993873 284.295
0.993811 -0.00401146 0.11173 10.1986 0.00417884 1.00006 -0.00122451 -7.38158 -0.111746 0.0016811 0.993875 285.926
0.993705 -0.00425912 0.112653 10.3561 0.00448115 1.00006 -0.00170613 -7.4016 -0.112665 0.00219652 0.993776 287.494
0.993709 -0.00631153 0.112537 10.5276 0.00677508 1.00004 -0.00369962 -7.43053 -0.112532 0.00443586 0.993779 289.051
0.993809 -0.00613515 0.111649 10.7245 0.00693923 1.00003 -0.0067993 -7.45655 -0.111623 0.00752821 0.993867 290.637
0.993859 -0.00718349 0.111164 10.8933 0.00794357 1.00002 -0.00635906 -7.49214 -0.111135 0.00720003 0.993921 292.215
0.993899 -0.00829202 0.110709 11.0643 0.00921302 1 -0.00779671 -7.50021 -0.110658 0.00876513 0.993968 293.788
0.993825 -0.00705881 0.111476 11.2136 0.00823736 0.999987 -0.0100793 -7.51683 -0.111419 0.0109322 0.993856 295.345
0.993809 -0.005083 0.111709 11.3899 0.00649116 0.999984 -0.0122336 -7.53255 -0.111658 0.0128788 0.993813 296.926
0.993907 -0.00505639 0.110863 11.5699 0.00639943 0.999983 -0.0117288 -7.58735 -0.110817 0.0123635 0.993909 298.573
0.993972 -0.00645305 0.110175 11.7389 0.00772984 0.999987 -0.0111528 -7.63705 -0.110115 0.011933 0.993998 300.163
0.994127 -0.0075553 0.108725 11.9316 0.00872358 0.999983 -0.0102407 -7.67186 -0.108661 0.0111257 0.994163 301.736
0.99411 -0.00597636 0.108962 12.0898 0.00704407 1.00001 -0.00940316 -7.70519 -0.10892 0.0101111 0.994149 303.352
0.994005 -0.00629108 0.109914 12.2632 0.00738605 1 -0.00952219 -7.74253 -0.10987 0.0102736 0.994041 304.959
0.994019 -0.00752251 0.109693 12.4476 0.00870415 0.999988 -0.010283 -7.7735 -0.109628 0.0111722 0.99406 306.597
0.993985 -0.00948215 0.109864 12.6309 0.0106889 0.999965 -0.0103647 -7.80996 -0.109778 0.0114735 0.994041 308.204
0.993968 -0.0114272 0.109814 12.8123 0.0127879 0.999928 -0.0116808 -7.83958 -0.109686 0.0130106 0.994031 309.827
0.993972 -0.0133852 0.109585 12.9924 0.0150752 0.999856 -0.014572 -7.8711 -0.10939 0.0161331 0.994019 311.438
0.994061 -0.0144029 0.108624 13.1781 0.0163176 0.999805 -0.0167436 -7.89829 -0.108375 0.0184125 0.99409 313.043
0.994416 -0.0141946 0.105392 13.3628 0.0160337 0.999812 -0.0165867 -7.97089 -0.105152 0.0181805 0.994446 314.641
0.99471 -0.0132914 0.102665 13.5527 0.0149661 0.999845 -0.0155419 -8.02699 -0.102456 0.016992 0.994743 316.324
0.994985 -0.0127143 0.100073 13.7587 0.0138878 0.999921 -0.0109992 -8.09948 -0.0999407 0.0123306 0.995073 317.942
0.994895 -0.0144847 0.100699 13.9114 0.0152499 0.999939 -0.00681398 -8.16235 -0.100607 0.00831069 0.995042 319.602
0.994946 -0.0148276 0.100156 14.0602 0.0154717 0.999943 -0.00561708 -8.20231 -0.100082 0.00713502 0.99511 321.215
0.995064 -0.0156064 0.0988507 14.2342 0.0163275 0.999925 -0.00647084 -8.24347 -0.0987554 0.00804871 0.995231 322.828
0.99517 -0.0176272 0.0974668 14.4168 0.0184612 0.999879 -0.00762359 -8.26356 -0.0973351 0.00938293 0.995366 324.433
0.995354 -0.0176302 0.0955451 14.5803 0.0182763 0.999895 -0.00587114 -8.3281 -0.0954446 0.00758582 0.99556 326.029
0.995348 -0.0179678 0.0955775 14.7495 0.0187283 0.999879 -0.00702542 -8.34789 -0.0954536 0.00877967 0.995557 327.716
0.995318 -0.0150787 0.0963578 14.8577 0.0159367 0.999919 -0.00812185 -8.38494 -0.0962404 0.00961525 0.995466 329.336
0.995259 -0.0142699 0.0971214 15.0019 0.015263 0.999919 -0.00945154 -8.41215 -0.0969921 0.0108858 0.99539 330.981
0.995251 -0.0162422 0.0968652 15.1771 0.01707 0.999905 -0.00770649 -8.45934 -0.0967433 0.00931927 0.995422 332.638
0.995114 -0.0169922 0.098179 15.2937 0.0176763 0.999906 -0.0060678 -8.50728 -0.0980797 0.00777046 0.995315 334.252
0.995071 -0.0187143 0.0982733 15.4404 0.0194057 0.999875 -0.00606803 -8.5585 -0.0981596 0.00794117 0.995297 335.876
0.995208 -0.0181421 0.0970188 15.6118 0.0187416 0.999892 -0.00523761 -8.60336 -0.0969264 0.00702776 0.995433 337.513
0.995311 -0.0166174 0.0961991 15.7625 0.0174246 0.9999 -0.00753879 -8.63833 -0.0960765 0.00917577 0.995489 339.142
0.995399 -0.0146651 0.0956263 15.9092 0.0158593 0.999886 -0.0117082 -8.66055 -0.0954568 0.0131676 0.995512 340.772
0.995421 -0.0125529 0.0956711 16.0409 0.0138191 0.999906 -0.0125641 -8.68895 -0.0955167 0.0138246 0.99549 342.419
0.99548 -0.0125736 0.0950878 16.186 0.0135295 0.999947 -0.00937846 -8.73817 -0.094978 0.0106194 0.99559 344.022
0.995794 -0.0118358 0.0918059 16.3377 0.012482 0.999982 -0.00644644 -8.77782 -0.0917402 0.0075612 0.995912 345.628
0.996016 -0.0119831 0.0893878 16.4916 0.0128989 0.999953 -0.00963206 -8.78172 -0.0892815 0.0107436 0.996116 347.265
0.996193 -0.0130343 0.0872133 16.6343 0.0141553 0.999907 -0.0122239 -8.80838 -0.087058 0.0134079 0.996274 348.872
0.99637 -0.0153256 0.084826 16.7885 0.0163419 0.999889 -0.0112473 -8.85735 -0.0846581 0.0125899 0.996498 350.435
0.996344 -0.0161025 0.084964 16.8986 0.0171591 0.999869 -0.0116959 -8.89757 -0.0847768 0.0131072 0.996478 352.093
0.996372 -0.0165685 0.0845787 17.0339 0.0177023 0.99985 -0.0126212 -8.94426 -0.0843709 0.0140698 0.996504 353.731
0.996396 -0.0167712 0.0842237 17.1662 0.0180744 0.999813 -0.0147069 -8.9775 -0.0839736 0.0161724 0.996503 355.347
0.996408 -0.0177359 0.0839129 17.2967 0.0190631 0.999792 -0.0149862 -9.02568 -0.0836438 0.0165291 0.996528 356.967
0.996442 -0.0186175 0.0832961 17.44 0.0199861 0.999764 -0.0155994 -9.0707 -0.0829985 0.017205 0.996568 358.581
0.996468 -0.0189921 0.0829211 17.576 0.0204957 0.999727 -0.0172652 -9.10419 -0.0825848 0.0189009 0.996573 360.186
0.996417 -0.0190828 0.0835035 17.698 0.020629 0.999718 -0.0176643 -9.17318 -0.0831555 0.0193198 0.996518 361.825
0.996455 -0.020943 0.082603 17.851 0.0224354 0.999688 -0.0171261 -9.23252 -0.0822329 0.0189156 0.996603 363.443
0.996467 -0.020172 0.0826553 17.9864 0.0217457 0.999685 -0.0181536 -9.28884 -0.0822759 0.019883 0.99658 365.078
0.996469 -0.0217727 0.0822157 18.1154 0.0234901 0.999612 -0.0199261 -9.33909 -0.0817644 0.0217841 0.996583 366.674
0.996437 -0.024453 0.0818616 18.2604 0.0260203 0.999584 -0.0181046 -9.39571 -0.0813976 0.0201664 0.996648 368.312
0.996347 -0.0258112 0.0825261 18.3666 0.0273603 0.999557 -0.0176404 -9.44682 -0.0820487 0.0198311 0.996601 369.931
0.996109 -0.0258183 0.0853522 18.4348 0.0275465 0.999526 -0.0191047 -9.49204 -0.0848311 0.0213777 0.996337 371.495
0.996056 -0.0256057 0.0860428 18.5601 0.0273277 0.999537 -0.0188436 -9.55956 -0.0855349 0.0211179 0.996282 373.058
0.996071 -0.0241945 0.0862788 18.6931 0.0258533 0.99959 -0.0181309 -9.61468 -0.0858174 0.0202864 0.996276 374.705
0.996043 -0.0233411 0.0868444 18.8214 0.0250015 0.999612 -0.0180279 -9.66041 -0.0864044 0.0201249 0.996228 376.325
0.995989 -0.0217068 0.0878693 18.9385 0.0235133 0.99962 -0.0195466 -9.6934 -0.0874244 0.0215304 0.99611 377.942
0.995905 -0.0229581 0.0885119 19.0571 0.0248083 0.999584 -0.0198081 -9.75959 -0.0880348 0.0219198 0.996047 379.543
0.995812 -0.023523 0.0894027 19.1805 0.0253362 0.999584 -0.0191736 -9.82866 -0.0889272 0.0213544 0.995983 381.143
0.995714 -0.0229366 0.0906528 19.3183 0.024852 0.99958 -0.0200013 -9.87693 -0.0901704 0.0221654 0.995853 382.778
0.995685 -0.0206379 0.0915033 19.4542 0.022703 0.999598 -0.0215595 -9.91261 -0.0910345 0.0235397 0.995743 384.416
0.995608 -0.018859 0.0927328 19.5889 0.02077 0.999681 -0.0196331 -10 -0.0923473 0.0214698 0.995669 386.022
0.995694 -0.0197619 0.091603 19.7629 0.0216234 0.999667 -0.019347 -10.0619 -0.0912032 0.0212403 0.995781 387.65
0.995569 -0.017284 0.0934671 19.8877 0.019299 0.999692 -0.0206454 -10.1123 -0.0930964 0.0223544 0.995582 389.255
0.995628 -0.0165607 0.0929597 20.0512 0.018695 0.999669 -0.0221082 -10.1505 -0.0925763 0.023745 0.995598 390.862
0.995808 -0.0178396 0.0907933 20.2344 0.0197811 0.999687 -0.020471 -10.2207 -0.0904149 0.0221776 0.995835 392.437
0.995776 -0.0160489 0.0914598 20.3565 0.0180013 0.999718 -0.0205326 -10.2724 -0.0911185 0.0220878 0.995772 394.124
0.995699 -0.0152519 0.0924511 20.4925 0.0173094 0.999714 -0.0214379 -10.3283 -0.0921131 0.0229423 0.995663 395.754
0.995733 -0.014061 0.0922575 20.6482 0.0161514 0.999722 -0.0219194 -10.3825 -0.0919377 0.0233114 0.995671 397.388
