0.999998 -0.00160656 -0.00146487 -0.00533093 0.00160473 0.999999 -0.000946608 -0.00933212 0.00146561 0.000944021 1 0.572157
0.999996 -0.00150304 -0.00247804 -0.0089752 0.00149712 0.999996 -0.00239213 -0.0232147 0.00248158 0.00238841 0.999994 1.12594
0.999985 -0.00195128 -0.00533592 0.00544019 0.00192686 0.99999 -0.00437262 -0.0228834 0.00534275 0.00436178 0.99998 1.70768
0.999968 -0.00355913 -0.00730181 -0.00279922 0.00350929 0.999971 -0.00682414 -0.0213462 0.00732566 0.00679829 0.999951 2.32482
0.99994 -0.00654645 -0.00873887 -0.0179164 0.00647103 0.99995 -0.00847413 -0.0391299 0.00879171 0.00841647 0.99993 2.86789
0.999937 -0.0074849 -0.00838737 -0.0774088 0.00740052 0.999925 -0.0100251 -0.035801 0.00846132 0.00996227 0.999918 3.4762
0.999939 -0.00759667 -0.00809799 -0.133511 0.00751862 0.999932 -0.00942416 -0.0533261 0.00816609 0.00936181 0.99993 4.0768
0.999948 -0.00796356 -0.00650576 -0.209021 0.00790063 0.999926 -0.00962079 -0.0755111 0.00658131 0.00956868 0.999936 4.68129
0.999952 -0.00613668 -0.00772343 -0.214891 0.00603727 0.999907 -0.0126341 -0.0932476 0.00779722 0.012586 0.999898 5.26983
0.999954 -0.00441309 -0.00878977 -0.232864 0.00426949 0.999862 -0.0162887 -0.112195 0.00885956 0.0162503 0.999834 5.88123
0.999954 -0.00313378 -0.00923599 -0.275258 0.00294025 0.999788 -0.0207478 -0.116627 0.00929585 0.0207189 0.999751 6.54851
0.999959 -0.00108884 -0.00940233 -0.313377 0.000892175 0.999786 -0.0209014 -0.130257 0.00942217 0.0208919 0.999743 7.20114
0.999953 0.00150653 -0.00974519 -0.341493 -0.00163493 0.999922 -0.0130287 -0.164032 0.00972145 0.0130432 0.999877 7.85692
0.999942 0.00255306 -0.0108438 -0.333564 -0.00257583 1 -0.00207839 -0.186644 0.0108375 0.00210591 0.999945 8.48868
0.999921 0.00404049 -0.0120094 -0.328219 -0.00398566 0.99999 0.00471298 -0.203893 0.0120248 -0.00466553 0.999927 9.14626
0.999897 0.00623799 -0.0132684 -0.343614 -0.00618201 0.999977 0.00425649 -0.226565 0.0132936 -0.00417428 0.999909 9.84511
0.999867 0.00867784 -0.0139112 -0.358487 -0.00870073 0.99997 -0.00148115 -0.258242 0.0138943 0.00160121 0.999912 10.5235
0.999838 0.00820091 -0.0164421 -0.349867 -0.00832905 0.99994 -0.00773895 -0.252092 0.0163766 0.0078743 0.999842 11.2478
0.999833 0.00639122 -0.017233 -0.361703 -0.00649764 0.99997 -0.00603743 -0.261006 0.0171903 0.00614751 0.999844 11.9877
0.999828 0.0054094 -0.0181331 -0.361582 -0.00535913 0.999987 0.00281465 -0.264773 0.0181469 -0.00271729 0.999839 12.7471
0.999799 0.00504886 -0.019569 -0.363338 -0.0048618 0.999951 0.00967631 -0.262321 0.0196132 -0.00958012 0.999774 13.5399
0.999786 0.00412814 -0.0206531 -0.366648 -0.00388384 0.999927 0.0118521 -0.261158 0.0206991 -0.0117697 0.999724 14.327
0.999785 0.00228587 -0.0207465 -0.378388 -0.00206016 0.999947 0.0109758 -0.264476 0.0207667 -0.0109316 0.999737 15.1245
0.999811 0.00168805 -0.019832 -0.393981 -0.0015115 0.999964 0.00891265 -0.267144 0.0198449 -0.00888141 0.999771 15.9292
0.999832 0.00429908 -0.0179798 -0.436946 -0.0041985 0.999984 0.00571357 -0.272591 0.0180002 -0.00563806 0.999835 16.7867
0.999877 0.00116833 -0.0162487 -0.464814 -0.00116937 1 -6.40805e-05 -0.274723 0.0162471 8.26628e-05 0.999877 17.6543
0.999877 -0.00188441 -0.015849 -0.47357 0.00177706 0.999986 -0.00668312 -0.278922 0.0158573 0.00665313 0.999866 18.5382
0.999904 -0.00105063 -0.0145542 -0.500132 0.000872436 0.99993 -0.0122439 -0.28535 0.0145644 0.0122295 0.999828 19.4637
0.999903 7.26107e-05 -0.0142242 -0.520279 -0.000262447 0.99992 -0.0132349 -0.299519 0.0142181 0.0132365 0.999823 20.3864
0.999919 5.65935e-05 -0.0135512 -0.547517 -0.000232703 0.99992 -0.0130078 -0.315562 0.0135477 0.0130092 0.999834 21.3156
0.99993 0.00148047 -0.0121477 -0.581687 -0.00165572 0.999904 -0.014305 -0.340151 0.0121212 0.014323 0.999836 22.2525
0.99993 0.00424447 -0.0120367 -0.60026 -0.00444201 0.999861 -0.0164509 -0.360709 0.0119635 0.0165026 0.999802 23.2064
0.999902 0.00763115 -0.0121972 -0.620412 -0.00784053 0.999832 -0.0170931 -0.386233 0.0120605 0.017186 0.999792 24.1843
0.999889 0.00929015 -0.0126206 -0.631934 -0.00950461 0.999815 -0.0170624 -0.412607 0.0124581 0.0171798 0.999785 25.1439
0.999875 0.0101955 -0.0125889 -0.655136 -0.0104098 0.99981 -0.0169743 -0.443428 0.0124091 0.0171021 0.999789 26.1274
0.999877 0.010328 -0.0128177 -0.670211 -0.0105413 0.999811 -0.0167005 -0.475363 0.0126412 0.0168329 0.999789 27.1276
0.999854 0.0115103 -0.0131963 -0.691576 -0.0117166 0.999819 -0.0155562 -0.504661 0.0130104 0.0157074 0.999806 28.1285
0.999844 0.0119597 -0.0139088 -0.707027 -0.0121521 0.999836 -0.0138538 -0.528885 0.0137392 0.0140199 0.999819 29.1367
0.999824 0.0119864 -0.0149589 -0.716183 -0.0121758 0.999855 -0.0125454 -0.557995 0.0148019 0.0127243 0.999823 30.1535
0.999827 0.01167 -0.0153561 -0.733745 -0.0118845 0.999839 -0.0139743 -0.581985 0.0151887 0.0141537 0.999797 31.1882
0.999798 0.0128852 -0.0159147 -0.750086 -0.0131281 0.999807 -0.0151694 -0.606909 0.0157117 0.0153742 0.999772 32.2269
0.999799 0.012492 -0.0164935 -0.772004 -0.0127316 0.99982 -0.0145219 -0.63046 0.0163074 0.0147283 0.999771 33.2728
0.999799 0.0121512 -0.0164253 -0.8022 -0.0123515 0.99986 -0.012064 -0.654975 0.016272 0.0122634 0.999806 34.3215
0.999801 0.0122702 -0.0166099 -0.829712 -0.0124085 0.999897 -0.00826389 -0.682039 0.0165049 0.00846761 0.999841 35.3913
0.999798 0.012684 -0.0161512 -0.872628 -0.012777 0.999912 -0.00558508 -0.709865 0.0160744 0.00578921 0.999869 36.4598
0.99981 0.0126476 -0.0157706 -0.913182 -0.0127249 0.999915 -0.00482188 -0.734718 0.0157065 0.00502082 0.999878 37.5047
0.999814 0.012649 -0.0151637 -0.957781 -0.0127509 0.999907 -0.00655324 -0.752739 0.015075 0.00674423 0.99988 38.5889
0.999808 0.0131844 -0.0154806 -0.9874 -0.0132963 0.999895 -0.00715102 -0.773212 0.0153829 0.00735465 0.999869 39.6821
0.999786 0.0130345 -0.0166061 -1.00508 -0.0131377 0.999905 -0.00604547 -0.796172 0.0165212 0.00626129 0.99986 40.7761
0.999777 0.0132123 -0.0173534 -1.03309 -0.0132875 0.999912 -0.00421976 -0.817288 0.0172944 0.00444857 0.999856 41.8681
0.999746 0.0135628 -0.0185038 -1.05328 -0.0136026 0.999916 -0.00195614 -0.837535 0.0184712 0.00220632 0.999844 42.9504
0.999714 0.0149534 -0.0194088 -1.07613 -0.0149979 0.999893 -0.00214346 -0.860276 0.0193731 0.00243308 0.999824 44.0454
0.999676 0.0164372 -0.0199577 -1.09725 -0.0165561 0.999856 -0.00574535 -0.888874 0.0198559 0.00607285 0.999802 45.1554
0.999664 0.017605 -0.0196917 -1.13052 -0.0177858 0.999809 -0.00903846 -0.921323 0.0195272 0.00938479 0.999781 46.2477
0.999677 0.0180121 -0.0185322 -1.17562 -0.018188 0.999802 -0.00929636 -0.949251 0.018357 0.0096294 0.999803 47.3221
0.999702 0.0186798 -0.0165638 -1.22983 -0.0187904 0.999811 -0.00652664 -0.97693 0.0164374 0.00683526 0.999857 48.402
0.999705 0.018949 -0.0159446 -1.26338 -0.019013 0.999823 -0.00377559 -1.01001 0.0158663 0.00407677 0.999884 49.4932
0.999765 0.0166099 -0.0149009 -1.30454 -0.016631 0.999869 -0.00127364 -1.04371 0.0148766 0.00152055 0.999904 50.574
0.999789 0.0160012 -0.0137162 -1.33285 -0.0160185 0.999881 -0.00105236 -1.07734 0.0136937 0.00127106 0.999923 51.6694
0.999816 0.0148605 -0.0132066 -1.34713 -0.0148858 0.999896 -0.00180634 -1.10834 0.0131769 0.00200193 0.999927 52.7379
0.999836 0.0149619 -0.0113127 -1.40215 -0.015005 0.999892 -0.00361688 -1.13192 0.0112531 0.00378522 0.999949 53.8519
0.999861 0.0138707 -0.010561 -1.40686 -0.013934 0.999896 -0.00593183 -1.15833 0.0104761 0.00607755 0.999943 54.8798
0.999874 0.0127725 -0.0106556 -1.41018 -0.0128674 0.99989 -0.00875996 -1.19216 0.0105382 0.00889506 0.999925 55.9497
0.999891 0.0109214 -0.0112054 -1.4109 -0.0110379 0.999896 -0.0103812 -1.22181 0.0110892 0.0105031 0.999901 57.0457
0.999902 0.00921952 -0.0116056 -1.41379 -0.00931288 0.999937 -0.00789907 -1.25156 0.0115276 0.00800558 0.999922 58.136
0.999915 0.00758656 -0.0117704 -1.42015 -0.00761034 0.99998 -0.00196857 -1.27547 0.0117535 0.00205729 0.999946 59.2405
0.999929 0.005797 -0.0115099 -1.43036 -0.00574865 0.999985 0.0043566 -1.29777 0.0115305 -0.00429093 0.999945 60.3126
0.999939 0.0042088 -0.0114992 -1.45028 -0.00414376 0.999987 0.00566281 -1.32242 0.011521 -0.00561542 0.999936 61.4306
0.999955 0.000393265 -0.0107564 -1.46279 -0.000360504 1.00001 0.00319237 -1.33939 0.0107533 -0.00318914 0.999958 62.5086
0.999972 -0.000952571 -0.00921669 -1.50028 0.000957618 1.00001 0.000527186 -1.35868 0.00921428 -0.000536569 0.999977 63.5785
0.999962 0.000717441 -0.0101129 -1.50442 -0.000755944 1 -0.00364592 -1.37385 0.0101058 0.0036527 0.999964 64.6851
0.999972 0.000832906 -0.0092439 -1.53859 -0.000906727 0.999979 -0.00797324 -1.38988 0.00923508 0.00798068 0.999946 65.7505
0.999979 0.00414951 -0.0073139 -1.57927 -0.00422039 0.999959 -0.00957818 -1.39981 0.00726851 0.00960813 0.999952 66.8354
0.999964 0.00787382 -0.00645857 -1.59693 -0.00791516 0.999959 -0.00640036 -1.41939 0.00640581 0.0064505 0.999979 67.9572
0.999954 0.00964453 -0.00534291 -1.63265 -0.00966751 0.999959 -0.00414494 -1.44442 0.00529737 0.00419573 1 69.0582
0.999959 0.00910493 -0.00556728 -1.64156 -0.00912885 0.99996 -0.00431801 -1.45368 0.00552557 0.00436777 0.999997 70.1639
0.999978 0.00726346 -0.00471216 -1.66847 -0.00728251 0.99998 -0.0038777 -1.47073 0.00467861 0.00391122 1.00001 71.259
0.99999 0.00660165 -0.00292267 -1.69721 -0.00661165 0.999984 -0.00349829 -1.48281 0.00289694 0.00351679 1.00001 72.3435
1 0.0042877 -0.00319045 -1.70439 -0.00429447 1 -0.00184761 -1.49614 0.00317724 0.00186066 1.00002 73.4389
1.00001 0.00317349 -0.00175439 -1.73879 -0.00317553 1.00001 -0.00118311 -1.50302 0.00174797 0.00118788 1.00002 74.5235
1.00001 0.00259685 -0.000175583 -1.77087 -0.00259818 1.00001 -0.00288626 -1.52263 0.000162887 0.00288606 1.00002 75.5981
1.00001 0.00283153 -0.00243103 -1.75818 -0.00284792 0.999986 -0.00678337 -1.54336 0.00240908 0.0067896 0.999998 76.7311
1 0.00326068 -0.00368682 -1.75726 -0.00329425 0.999969 -0.00893371 -1.56816 0.00365238 0.00894513 0.999981 77.8015
0.999999 0.00463801 -0.0036216 -1.77782 -0.00466542 0.999974 -0.00761018 -1.58929 0.0035835 0.0076263 0.999989 78.8602
0.999987 0.00542913 -0.00539595 -1.77299 -0.00544894 0.999993 -0.00354647 -1.61257 0.00537155 0.00357496 1.00001 79.9413
0.999976 0.00657745 -0.00624246 -1.7869 -0.0065752 0.999992 0.000351781 -1.63412 0.00624213 -0.000311515 1 81.0138
0.999971 0.00765327 -0.00592072 -1.8181 -0.00764802 0.999985 0.00101344 -1.65495 0.00592342 -0.000969065 1.00001 82.1032
0.99997 0.00769719 -0.00593024 -1.84188 -0.00770386 0.999984 -0.00115796 -1.67266 0.00591873 0.00120282 1.00001 83.1846
0.999973 0.00748682 -0.00587682 -1.86921 -0.00749879 0.999985 -0.00190841 -1.69191 0.00585751 0.00195142 1.00001 84.232
0.999979 0.00691814 -0.00538283 -1.90039 -0.00693137 0.999988 -0.00248157 -1.7073 0.00536324 0.0025181 1.00001 85.2858
0.999985 0.0062064 -0.00533957 -1.92279 -0.00621971 0.999993 -0.00236499 -1.72826 0.00531994 0.00239713 1.00001 86.3291
0.999996 0.00488518 -0.00456369 -1.95931 -0.00489118 1 -0.00134602 -1.7451 0.00455488 0.00136764 1.00001 87.3485
0.999998 0.00461127 -0.00453611 -1.98085 -0.00460791 1.00001 0.000852695 -1.75876 0.00453523 -0.000832678 1.00002 88.345
1 0.00359568 -0.00486495 -2.00212 -0.00358735 1.00001 0.00166557 -1.77792 0.0048688 -0.00164881 1.00001 89.3322
0.999996 0.00246955 -0.00636547 -2.02408 -0.00245805 1.00001 0.00187743 -1.79684 0.00636531 -0.00186262 1.00001 90.2971
0.999973 0.00145109 -0.00925413 -2.04492 -0.00144132 1.00001 0.00103094 -1.81761 0.00925348 -0.00101822 0.999982 91.2549
0.999947 0.00169824 -0.0119562 -2.07321 -0.00169746 1.00001 0.000116212 -1.83723 0.0119518 -9.67501e-05 0.99996 92.1837
0.999918 0.00126446 -0.014072 -2.10915 -0.00125567 1.00001 0.000618413 -1.85851 0.0140706 -0.000601348 0.999927 93.0712
0.999886 0.00233458 -0.0162328 -2.14519 -0.0023077 1.00001 0.00169931 -1.87714 0.0162321 -0.00166252 0.9999 93.9544
0.999844 0.00319069 -0.0183768 -2.1846 -0.00313679 1.00001 0.00293909 -1.89726 0.018384 -0.00288165 0.999853 94.8045
0.999805 0.00410897 -0.0203701 -2.22192 -0.00401332 0.999997 0.00475439 -1.91772 0.0203848 -0.00467255 0.999813 95.6154
0.999751 0.0055648 -0.022463 -2.25864 -0.00543322 0.999985 0.00589376 -1.93496 0.0224932 -0.0057708 0.999758 96.4097
0.999677 0.00756502 -0.0251072 -2.28451 -0.00740822 0.999969 0.00635411 -1.95144 0.0251495 -0.00616693 0.999697 97.1743
0.999586 0.00982375 -0.0277142 -2.31337 -0.0096768 0.999957 0.00541852 -1.9721 0.0277638 -0.00514871 0.999631 97.9154
0.999508 0.0115106 -0.0298805 -2.34876 -0.0114674 0.999951 0.00163654 -1.98621 0.0298928 -0.00129411 0.999586 98.6079
0.999397 0.014345 -0.0322168 -2.3863 -0.0144174 0.999913 -0.00202938 -2.00309 0.0321824 0.00249193 0.999509 99.2874
0.999275 0.0155742 -0.0353259 -2.4187 -0.0157296 0.999887 -0.00411272 -2.02969 0.0352525 0.00466431 0.999402 100.004
0.999155 0.017842 -0.0375355 -2.42126 -0.0180361 0.999845 -0.00484923 -2.05101 0.0374408 0.00552139 0.999314 100.634
0.9991 0.0202338 -0.0378587 -2.42493 -0.020426 0.9998 -0.00468672 -2.06862 0.037751 0.00545473 0.999307 101.224
0.999125 0.0232478 -0.0353064 -2.45172 -0.0234043 0.999737 -0.0040347 -2.08788 0.0352009 0.00485673 0.999399 101.839
0.999232 0.0256432 -0.0303576 -2.46442 -0.025737 0.999685 -0.0026887 -2.10783 0.0302738 0.00346687 0.999571 102.424
0.99939 0.0240459 -0.0260569 -2.42507 -0.0240854 0.99973 -0.0012154 -2.12765 0.0260182 0.00184141 0.999691 102.955
0.999594 0.0236945 -0.0171788 -2.41373 -0.0236914 0.99974 0.000405694 -2.12919 0.0171787 3.68853e-07 0.999889 103.47
0.999713 0.0239803 -0.00600596 -2.40696 -0.0239719 0.999733 0.00141914 -2.14956 0.00603615 -0.00127557 1.00001 103.954
0.999768 0.0221033 0.00455894 -2.35686 -0.0221045 0.999776 0.00012607 -2.16393 -0.00456024 -0.000227911 1.00003 104.408
0.99965 0.0204011 0.0179146 -2.30251 -0.0203814 0.999813 -0.00126352 -2.17827 -0.0179391 0.000897158 0.999871 104.855
0.999278 0.0194191 0.0333278 -2.22806 -0.0192671 0.999823 -0.00488529 -2.18494 -0.0334217 0.00423848 0.99947 105.293
0.9985 0.0192772 0.051614 -2.13515 -0.018811 0.9998 -0.00949597 -2.19469 -0.0517886 0.00850994 0.998654 105.706
0.99729 0.0169003 0.071922 -2.03609 -0.0158767 0.999785 -0.0147827 -2.20323 -0.072161 0.0135995 0.997338 106.091
0.995271 0.0148052 0.0962047 -1.91968 -0.0129921 0.999744 -0.0194406 -2.19242 -0.0964702 0.0180979 0.995199 106.515
0.992515 0.0124951 0.121672 -1.77652 -0.00993966 0.999738 -0.0215889 -2.19185 -0.121914 0.0202166 0.992373 106.884
0.98842 0.0104856 0.151509 -1.64216 -0.00687221 0.999699 -0.0243508 -2.1941 -0.151721 0.0230268 0.988183 107.271
0.982633 0.00827275 0.185499 -1.50789 -0.00347755 0.999673 -0.0261614 -2.20544 -0.185658 0.0250606 0.982333 107.653
0.975035 0.00565354 0.222075 -1.34774 0.000405577 0.999649 -0.0272271 -2.21546 -0.222152 0.0266366 0.974678 108.056
0.965374 0.00381365 0.260931 -1.18852 0.00387545 0.999595 -0.0289476 -2.22337 -0.260937 0.028955 0.964961 108.431
0.953671 0.00456037 0.300887 -1.01593 0.00475052 0.999552 -0.030205 -2.23884 -0.300891 0.0302341 0.953211 108.789
0.93936 0.00600019 0.342949 -0.824748 0.00487068 0.999534 -0.0308291 -2.25529 -0.342974 0.0306285 0.938887 109.125
0.922454 0.00567503 0.386121 -0.633985 0.00601324 0.999579 -0.0290559 -2.27458 -0.386123 0.0291236 0.922021 109.445
0.903558 0.00503918 0.428494 -0.420607 0.00735856 0.999621 -0.0272731 -2.29207 -0.428468 0.0277944 0.903173 109.751
0.882089 0.0018881 0.471125 -0.188618 0.0127636 0.999548 -0.0279022 -2.31124 -0.470965 0.0306244 0.881656 110.05
0.857158 0.00183414 0.515099 0.0253523 0.0149954 0.999501 -0.0285128 -2.3401 -0.514893 0.0321625 0.856698 110.352
0.829848 0.00385279 0.558015 0.247647 0.0155583 0.999446 -0.0300373 -2.37179 -0.557821 0.0336071 0.829319 110.636
0.799726 0.00809855 0.600354 0.488406 0.0144896 0.999378 -0.0327833 -2.39838 -0.600242 0.0349149 0.799107 110.907
0.766171 0.0144227 0.642507 0.740051 0.0114314 0.999301 -0.0360628 -2.41118 -0.642579 0.0349739 0.765463 111.171
0.731513 0.01894 0.681603 1.03681 0.00847363 0.999306 -0.0368629 -2.43636 -0.681823 0.0327397 0.730839 111.4
0.693404 0.0190277 0.720327 1.33414 0.0105816 0.999292 -0.0365821 -2.45544 -0.720513 0.0329872 0.692704 111.622
0.654168 0.0163672 0.756208 1.66088 0.0154468 0.999291 -0.0349912 -2.46237 -0.756238 0.0345695 0.653445 111.827
0.611796 0.0146319 0.790907 1.99291 0.0168136 0.99938 -0.0314945 -2.47332 -0.790877 0.032565 0.611163 112.016
0.567276 0.0132213 0.823455 2.339 0.0179459 0.999458 -0.0284102 -2.48183 -0.823377 0.0308927 0.566726 112.191
0.520778 0.0110716 0.853646 2.69928 0.0197831 0.999509 -0.0250323 -2.48988 -0.853502 0.0299229 0.520296 112.356
0.471363 0.00694411 0.881946 3.07939 0.0225455 0.999571 -0.0199201 -2.50845 -0.881695 0.0292722 0.471 112.502
0.420593 0.0073033 0.907244 3.45998 0.0199794 0.999667 -0.0173096 -2.5208 -0.907067 0.0254055 0.420302 112.642
0.370144 0.0123103 0.928926 3.85248 0.0168548 0.999682 -0.0199643 -2.53082 -0.928864 0.0230452 0.369815 112.765
0.321462 0.0183286 0.946768 4.26428 0.0164232 0.999572 -0.0249271 -2.52715 -0.946818 0.023561 0.321018 112.859
0.276135 0.0204419 0.960933 4.67304 0.0196926 0.999466 -0.026921 -2.52526 -0.960959 0.0263559 0.275583 112.931
0.235244 0.0205628 0.971742 5.10455 0.0269089 0.999272 -0.0276596 -2.52974 -0.971602 0.032654 0.234515 113.001
0.201581 0.019599 0.979308 5.54669 0.0353619 0.999025 -0.027273 -2.54619 -0.978876 0.0401265 0.20069 113.038
0.170457 0.0203003 0.985179 6.00307 0.0399594 0.99884 -0.0274957 -2.5594 -0.984593 0.0440527 0.169445 113.098
0.143268 0.018944 0.989536 6.48854 0.0367245 0.999051 -0.0244438 -2.5791 -0.989045 0.0398408 0.142435 113.15
0.117282 0.0156824 0.992999 6.98304 0.030633 0.999361 -0.0194012 -2.59182 -0.992664 0.0326929 0.116723 113.219
0.0936691 0.0123714 0.995561 7.49095 0.025673 0.999586 -0.0148375 -2.60081 -0.995316 0.0269479 0.093312 113.261
0.071196 0.0105632 0.997431 8.00489 0.0293687 0.999506 -0.0126819 -2.61053 -0.997068 0.0301952 0.0708481 113.28
0.0501856 0.0111297 0.998713 8.53756 0.0367928 0.999265 -0.0129855 -2.62447 -0.998105 0.0373962 0.0497392 113.293
0.0326852 0.0133738 0.999402 9.09432 0.042835 0.998991 -0.0147699 -2.63539 -0.998587 0.0432915 0.0320776 113.293
0.018337 0.0198511 0.999671 9.66698 0.0413109 0.998961 -0.0205956 -2.64265 -0.999023 0.0416741 0.0174988 113.296
0.00612817 0.0256704 0.999678 10.2663 0.0382064 0.998953 -0.0258868 -2.64222 -0.99929 0.0383523 0.00513959 113.32
-0.000159977 0.0249898 0.999726 10.8829 0.0402897 0.998903 -0.0249638 -2.66302 -0.999232 0.0402735 -0.00116489 113.311
-0.00285028 0.0222714 0.999776 11.4994 0.0463224 0.998701 -0.0221162 -2.67795 -0.998963 0.0462483 -0.00387918 113.29
-0.00413937 0.0217122 0.999796 12.1523 0.0476751 0.998658 -0.0214912 -2.68489 -0.998901 0.0475749 -0.00516682 113.31
-0.00203426 0.0233352 0.999754 12.8499 0.0471582 0.998638 -0.0232141 -2.67369 -0.998926 0.0470985 -0.00313283 113.32
-0.00116618 0.024639 0.999738 13.5642 0.0433489 0.998784 -0.0245661 -2.68402 -0.999106 0.0433072 -0.00223054 113.344
-4.54208e-05 0.0271011 0.999662 14.2709 0.0425851 0.998747 -0.0270751 -2.68424 -0.999134 0.0425687 -0.00120032 113.347
0.0013723 0.0282989 0.999641 15.0043 0.0426036 0.998715 -0.0283324 -2.70525 -0.999139 0.0426256 0.000167171 113.349
0.00294142 0.0281831 0.999629 15.7532 0.042377 0.998722 -0.028283 -2.72773 -0.999139 0.0424438 0.00174253 113.35
0.00332494 0.026766 0.999679 16.5154 0.0410967 0.998818 -0.0268809 -2.75758 -0.999197 0.0411713 0.00222325 113.362
0.00330049 0.0266771 0.999669 17.2885 0.0412786 0.998809 -0.0267913 -2.76775 -0.999184 0.0413527 0.00219471 113.376
0.00263897 0.0246022 0.99974 18.0622 0.0415719 0.998854 -0.0246916 -2.79536 -0.999181 0.0416248 0.00161542 113.381
0.00202938 0.0231532 0.999763 18.8606 0.0396993 0.998964 -0.0232163 -2.8193 -0.999252 0.0397361 0.0011076 113.382
0.000959696 0.0234467 0.999775 19.6522 0.0385713 0.999004 -0.0234673 -2.82682 -0.999307 0.0385834 5.69421e-05 113.384
-0.000559439 0.0221491 0.999789 20.4761 0.0406117 0.998953 -0.0221088 -2.83391 -0.999218 0.0405896 -0.00145863 113.388
-0.0022665 0.0214753 0.999819 21.2851 0.0418706 0.99892 -0.0213629 -2.85008 -0.999174 0.0418127 -0.00316014 113.392
-0.00430692 0.0219583 0.999785 22.1262 0.0390178 0.999025 -0.0217746 -2.86345 -0.999273 0.0389147 -0.00515937 113.399
-0.00467362 0.0277325 0.999656 22.9596 0.0358628 0.999002 -0.0275486 -2.88038 -0.9994 0.03572 -0.00566028 113.395
-0.00599088 0.0388009 0.999262 23.7836 0.0357353 0.998638 -0.0385629 -2.83451 -0.999388 0.035477 -0.0073688 113.4
-0.00674237 0.0409424 0.99919 24.6141 0.0356279 0.998562 -0.0406784 -2.8691 -0.999397 0.0353234 -0.00818784 113.388
-0.0083926 0.0393426 0.999224 25.4675 0.0318949 0.998749 -0.0390566 -2.90706 -0.999501 0.0315414 -0.00963636 113.391
-0.00934194 0.0354441 0.99938 26.3305 0.0291101 0.998983 -0.03516 -2.94809 -0.999587 0.0287623 -0.0103606 113.389
-0.00914088 0.0301225 0.999537 27.1803 0.02771 0.999191 -0.0298592 -2.99013 -0.99962 0.0274234 -0.00996748 113.378
-0.00894703 0.0254684 0.999688 28.0267 0.0246651 0.999403 -0.0252423 -3.01734 -0.99971 0.0244304 -0.00956619 113.37
-0.00884212 0.0253114 0.999676 28.8782 0.0216922 0.999471 -0.0251151 -3.04316 -0.999773 0.0214622 -0.00938557 113.37
-0.00724016 0.032649 0.999495 29.7219 0.0248362 0.99919 -0.0324613 -3.08045 -0.99972 0.0245875 -0.00804145 113.357
-0.00629635 0.0440411 0.999046 30.5615 0.0273507 0.998686 -0.0438533 -3.11788 -0.999654 0.0270476 -0.00749144 113.359
-0.00601941 0.04915 0.998828 31.3959 0.0292111 0.9984 -0.0489554 -3.16045 -0.99961 0.0288809 -0.00744184 113.362
-0.00494793 0.0439801 0.999057 32.2411 0.0306563 0.998592 -0.0438084 -3.2056 -0.999567 0.0304097 -0.00628807 113.364
-0.00298673 0.03635 0.999391 33.0744 0.0342263 0.998785 -0.036228 -3.25418 -0.999464 0.0340956 -0.0042233 113.347
-0.00156031 0.0332727 0.999483 33.9112 0.0352449 0.99885 -0.0331973 -3.30091 -0.999427 0.0351739 -0.00273014 113.338
-0.00121403 0.0346831 0.999456 34.7464 0.0348441 0.99882 -0.0346213 -3.33817 -0.999447 0.0347816 -0.00241718 113.34
-0.00250624 0.0353735 0.999409 35.5759 0.0316513 0.998899 -0.0352768 -3.38958 -0.999545 0.0315434 -0.00362202 113.351
-0.00354459 0.0354645 0.999423 36.3927 0.0298827 0.998954 -0.0353446 -3.43271 -0.999602 0.0297385 -0.00459673 113.345
-0.00513108 0.0349771 0.999414 37.2018 0.03032 0.998957 -0.0348064 -3.4838 -0.999577 0.0301227 -0.00618508 113.34
-0.00667917 0.0347496 0.999433 38.0097 0.0290818 0.999005 -0.0345434 -3.53748 -0.99961 0.028833 -0.00767912 113.331
-0.00883967 0.035155 0.999383 38.8181 0.0269666 0.99905 -0.0349059 -3.57881 -0.999649 0.0266406 -0.00977802 113.33
-0.0114986 0.0341121 0.999412 39.6154 0.0250579 0.999139 -0.0338175 -3.62153 -0.999675 0.0246526 -0.0123394 113.334
-0.0137177 0.0332841 0.999394 40.4157 0.0258378 0.999148 -0.0329225 -3.66057 -0.999624 0.0253698 -0.0145646 113.331
-0.0150755 0.0339919 0.999369 41.2041 0.0259053 0.999124 -0.033596 -3.69654 -0.999606 0.025381 -0.0159388 113.32
-0.0166486 0.0360583 0.999254 41.9905 0.0258231 0.999055 -0.0356221 -3.72524 -0.999581 0.0252102 -0.0175625 113.309
-0.0176667 0.0361762 0.99925 42.7683 0.0260472 0.999046 -0.0357114 -3.76932 -0.999561 0.0253952 -0.0185879 113.298
-0.0190496 0.0349759 0.999251 43.5547 0.0275777 0.99905 -0.0344445 -3.8156 -0.999492 0.0269002 -0.0199942 113.286
-0.0203023 0.0347957 0.999249 44.331 0.0282752 0.999039 -0.034217 -3.85178 -0.99945 0.0275577 -0.0212623 113.27
-0.0220845 0.0349102 0.99919 45.1144 0.0271194 0.999068 -0.0343078 -3.88867 -0.999442 0.0263391 -0.0230086 113.265
-0.0227192 0.034718 0.999198 45.8677 0.0257525 0.999109 -0.0341324 -3.92309 -0.999466 0.0249549 -0.0235885 113.246
-0.0231479 0.0341363 0.999193 46.6119 0.0248172 0.999153 -0.0335613 -3.95829 -0.999478 0.0240196 -0.0239734 113.233
-0.0229954 0.0341347 0.999214 47.3323 0.0250215 0.999147 -0.0335599 -3.99864 -0.999478 0.0242287 -0.0238254 113.211
-0.0220519 0.0369979 0.999116 48.0424 0.0254527 0.999036 -0.0364345 -4.0374 -0.999487 0.0246259 -0.0229703 113.191
-0.0220356 0.0399722 0.999019 48.747 0.0255001 0.998923 -0.0394091 -4.07777 -0.999488 0.0246056 -0.0230267 113.179
-0.0213266 0.0417494 0.998945 49.4581 0.0241267 0.998883 -0.0412331 -4.11841 -0.999536 0.0232213 -0.0223081 113.164
-0.0203029 0.0453957 0.998823 50.1561 0.0263339 0.998671 -0.0448568 -4.12998 -0.999504 0.0253911 -0.0214671 113.144
-0.0199773 0.0464226 0.998767 50.863 0.0275102 0.998592 -0.0458657 -4.16162 -0.999477 0.0265592 -0.0212243 113.129
-0.0189079 0.0474305 0.998757 51.5511 0.0296518 0.998485 -0.0468598 -4.18911 -0.999438 0.0287278 -0.0202812 113.108
-0.0193215 0.0477236 0.998719 52.2371 0.0259087 0.998574 -0.0472169 -4.2323 -0.999535 0.0249622 -0.0205284 113.103
-0.0186344 0.0480405 0.998733 52.9319 0.0237935 0.998608 -0.0475942 -4.2798 -0.9996 0.0228755 -0.0197471 113.099
-0.0183829 0.0461561 0.998811 53.6105 0.024691 0.998676 -0.045697 -4.33086 -0.999583 0.0238206 -0.0194963 113.086
-0.0188953 0.0454166 0.998851 54.2795 0.0247681 0.998707 -0.0449452 -4.37471 -0.999572 0.0238894 -0.0199914 113.067
-0.0224391 0.0447556 0.998793 54.9664 0.021685 0.99881 -0.0442713 -4.4222 -0.999571 0.0206647 -0.0233808 113.063
-0.0279362 0.0438726 0.99871 55.6484 0.0179281 0.998922 -0.0433843 -4.47414 -0.999506 0.016692 -0.0286881 113.055
-0.0336242 0.0474279 0.998357 56.3067 0.0216768 0.998699 -0.0467161 -4.51879 -0.999258 0.02007 -0.034606 113.031
-0.0403971 0.0498959 0.998004 56.9794 0.0240757 0.998539 -0.048952 -4.56475 -0.998953 0.0220496 -0.0415344 113.005
-0.0464946 0.0518852 0.997621 57.6583 0.0232745 0.998463 -0.0508464 -4.60267 -0.998706 0.0208547 -0.0476279 112.962
-0.0531069 0.0520173 0.997301 58.3424 0.0196322 0.998533 -0.0510401 -4.63732 -0.998455 0.0168682 -0.054045 112.937
-0.0585969 0.0521339 0.99697 59.0246 0.0202054 0.99852 -0.0510295 -4.66686 -0.998136 0.0171537 -0.0595602 112.902
-0.0634616 0.0538007 0.996601 59.7381 0.018198 0.998472 -0.0527469 -4.70052 -0.997878 0.0147883 -0.0643382 112.866
-0.0671163 0.0536941 0.996351 60.4414 0.016571 0.998502 -0.0526959 -4.74017 -0.997666 0.0129735 -0.0679019 112.822
-0.069481 0.051859 0.996305 61.149 0.0177148 0.998584 -0.0507464 -4.76905 -0.997486 0.0141231 -0.0702959 112.773
-0.0707429 0.0496757 0.996309 61.862 0.0201422 0.998654 -0.0483648 -4.80414 -0.99735 0.0166458 -0.0716446 112.722
-0.0711601 0.0483117 0.996366 62.5719 0.0207028 0.998712 -0.0469512 -4.8353 -0.997309 0.0172858 -0.0720634 112.663
-0.0723213 0.0480762 0.996277 63.3205 0.0200076 0.998734 -0.046745 -4.88113 -0.99724 0.0165522 -0.0731881 112.618
-0.071933 0.052991 0.996073 64.0426 0.0223974 0.998451 -0.0515045 -4.91437 -0.997217 0.0186038 -0.0730032 112.561
-0.0718429 0.0575944 0.995808 64.7888 0.0288365 0.998063 -0.0556469 -4.9587 -0.997059 0.0247174 -0.073361 112.505
-0.0717614 0.0624788 0.995536 65.5263 0.0362043 0.997572 -0.0600014 -5.01143 -0.996824 0.0317357 -0.0738437 112.44
-0.0721645 0.0637725 0.995409 66.2931 0.0363872 0.997487 -0.06127 -5.06373 -0.996789 0.0317982 -0.0743 112.386
-0.0718567 0.0611602 0.995611 67.0457 0.0338622 0.997723 -0.0588504 -5.12201 -0.9969 0.0294837 -0.0737584 112.331
-0.0707754 0.0549845 0.996034 67.7946 0.033685 0.998071 -0.052706 -5.18728 -0.996984 0.0298205 -0.0724877 112.275
-0.0690497 0.0523059 0.996314 68.5561 0.0357215 0.998144 -0.0499305 -5.24541 -0.997034 0.0321407 -0.0707844 112.203
-0.0683884 0.0524646 0.996336 69.3096 0.0361424 0.99812 -0.0500803 -5.2921 -0.997064 0.0325844 -0.0701528 112.138
-0.0696993 0.0528783 0.996238 70.0596 0.0345034 0.998155 -0.0505704 -5.34806 -0.997032 0.0308473 -0.0713896 112.09
-0.0716483 0.054294 0.996009 70.8163 0.0340942 0.998096 -0.0519577 -5.39043 -0.996908 0.0302349 -0.0733596 112.042
-0.0735058 0.0543856 0.995886 71.5597 0.0352061 0.998061 -0.0519105 -5.44428 -0.996735 0.031244 -0.0752724 111.986
-0.0743844 0.0551256 0.995764 72.3092 0.0360551 0.997996 -0.0525583 -5.48779 -0.996639 0.0319921 -0.0762194 111.922
-0.0768474 0.0538854 0.995662 73.0552 0.0348426 0.998104 -0.051333 -5.55033 -0.996496 0.0307452 -0.0785737 111.87
-0.0780798 0.055068 0.995485 73.8144 0.03309 0.998096 -0.0526196 -5.58839 -0.99646 0.0288316 -0.0797498 111.814
-0.078154 0.05677 0.9954 74.5747 0.0337614 0.997985 -0.0542713 -5.63962 -0.996432 0.0293633 -0.0799077 111.747
-0.0784469 0.0569964 0.995348 75.3407 0.0326071 0.998006 -0.0545816 -5.69376 -0.996447 0.0281734 -0.0801455 111.688
-0.0800406 0.0570042 0.995239 76.106 0.0314685 0.998041 -0.0546389 -5.74939 -0.99636 0.0269442 -0.0816719 111.634
-0.0803045 0.0561771 0.995248 76.8805 0.0324972 0.998058 -0.0537166 -5.78969 -0.996303 0.0280289 -0.0819704 111.568
-0.0809789 0.0544436 0.995308 77.6693 0.0299818 0.998218 -0.0521689 -5.83857 -0.99633 0.0256154 -0.0824614 111.506
-0.0825535 0.0527488 0.995252 78.4589 0.0273303 0.998373 -0.0506505 -5.88766 -0.996275 0.0230191 -0.083857 111.447
-0.0840931 0.0535203 0.995101 79.2727 0.0288206 0.9983 -0.0512625 -5.92418 -0.996107 0.0243675 -0.0854869 111.377
-0.084685 0.0548214 0.994961 80.0656 0.030145 0.9982 -0.0524374 -5.96698 -0.996016 0.0255522 -0.0861811 111.298
-0.0862257 0.0575017 0.994697 80.866 0.0296178 0.998071 -0.0551354 -5.99986 -0.995902 0.0247059 -0.0877565 111.222
-0.0877331 0.0634804 0.994179 81.6978 0.031589 0.997669 -0.060919 -6.02605 -0.99571 0.0260602 -0.0895295 111.161
-0.0864088 0.0680217 0.994014 82.509 0.0339859 0.997318 -0.0652995 -6.07711 -0.995748 0.0281392 -0.0884822 111.07
-0.0869654 0.072331 0.993643 83.3378 0.0355233 0.996977 -0.0694681 -6.137 -0.995645 0.0292557 -0.0892676 110.993
-0.0863817 0.073602 0.99362 84.1852 0.0379375 0.996818 -0.070547 -6.20517 -0.995607 0.0316005 -0.0888925 110.924
-0.0843482 0.0732574 0.9938 85.0083 0.0417291 0.996704 -0.0699332 -6.26715 -0.995631 0.035571 -0.0871229 110.828
-0.0841456 0.0715265 0.993965 85.8521 0.0421841 0.996813 -0.0681668 -6.33764 -0.995628 0.0361924 -0.0868883 110.759
-0.0827957 0.0700387 0.994164 86.6844 0.0415218 0.99693 -0.0667791 -6.40557 -0.99577 0.0357498 -0.0854453 110.688
-0.0812931 0.0683828 0.994424 87.5346 0.0401228 0.997089 -0.0652928 -6.46836 -0.995951 0.0345899 -0.0837937 110.625
-0.0792921 0.0659437 0.99473 88.3955 0.0403579 0.99723 -0.0628962 -6.53173 -0.996103 0.0351573 -0.0817298 110.557
-0.0764984 0.0641766 0.995085 89.2554 0.0421371 0.997273 -0.0610852 -6.57858 -0.996249 0.0372554 -0.0789875 110.483
-0.0749017 0.0635613 0.995225 90.1204 0.0403238 0.99737 -0.0606672 -6.65411 -0.996445 0.0355863 -0.0772636 110.425
-0.0734335 0.0673067 0.995112 90.9716 0.0411277 0.997107 -0.0644138 -6.72961 -0.996522 0.0361947 -0.0759828 110.369
-0.070186 0.0727372 0.994942 91.8106 0.0413014 0.996724 -0.0699574 -6.80759 -0.996749 0.0361818 -0.072956 110.291
-0.0687243 0.0750981 0.994892 92.6951 0.038636 0.996646 -0.0725691 -6.89112 -0.996958 0.0334494 -0.0713889 110.24
-0.0667889 0.072018 0.995229 93.5471 0.0368873 0.996917 -0.0696685 -6.97172 -0.997156 0.0320577 -0.0692354 110.178
-0.0651238 0.0693586 0.995553 94.4293 0.0376206 0.997075 -0.0670113 -7.04744 -0.997241 0.0330869 -0.0675363 110.122
-0.0635446 0.0680376 0.995722 95.2949 0.0390657 0.997107 -0.065643 -7.11577 -0.997285 0.0347269 -0.0660149 110.059
-0.0622415 0.0676155 0.995858 96.1687 0.038646 0.997149 -0.0652957 -7.18944 -0.997386 0.0344196 -0.0646707 110.003
-0.0617699 0.0680324 0.995837 97.0407 0.0382553 0.997133 -0.065752 -7.25696 -0.997429 0.0340349 -0.0641913 109.954
-0.0598023 0.0667524 0.996067 97.8957 0.041107 0.997112 -0.0643625 -7.31768 -0.997436 0.0370944 -0.0623673 109.887
-0.0580827 0.0665549 0.99616 98.7662 0.0438038 0.997015 -0.0640621 -7.38145 -0.997423 0.039915 -0.0608207 109.829
-0.0570838 0.0685198 0.99611 99.6282 0.0460693 0.996794 -0.0659352 -7.4417 -0.997379 0.042124 -0.0600508 109.778
-0.0552877 0.0715984 0.995971 100.487 0.0471453 0.996532 -0.0690256 -7.50269 -0.99743 0.0431392 -0.0584676 109.718
-0.0552955 0.0742691 0.995799 101.345 0.044974 0.996436 -0.0718279 -7.56218 -0.99753 0.0408111 -0.058432 109.685
-0.0549231 0.0704568 0.996073 102.227 0.0407924 0.996865 -0.0682679 -7.63223 -0.997732 0.0368827 -0.0576209 109.647
-0.055196 0.0690059 0.996185 103.093 0.0366947 0.997108 -0.0670455 -7.70481 -0.997876 0.0328524 -0.057562 109.611
-0.0562939 0.0700085 0.996029 103.941 0.0333599 0.997146 -0.0682058 -7.77396 -0.997932 0.0293879 -0.0584646 109.57
-0.0579796 0.0745894 0.995625 104.793 0.0303087 0.99691 -0.0729297 -7.85218 -0.997932 0.0259463 -0.0600546 109.533
-0.0587601 0.0774077 0.99534 105.63 0.029535 0.99672 -0.0757757 -7.92221 -0.997911 0.0249452 -0.0608493 109.485
-0.0578306 0.0791688 0.99528 106.478 0.0296895 0.996579 -0.0775561 -7.98225 -0.99796 0.0250627 -0.0599766 109.422
-0.058097 0.0789908 0.995255 107.316 0.0307036 0.996568 -0.077307 -8.05647 -0.997916 0.0260669 -0.0603186 109.375
-0.0580174 0.0805951 0.995154 108.167 0.0320734 0.996405 -0.0788357 -8.12564 -0.997877 0.0273426 -0.060387 109.318
-0.0590556 0.0835025 0.994831 108.99 0.0329377 0.996149 -0.0816621 -8.20955 -0.997789 0.0279449 -0.0615743 109.275
-0.060712 0.086215 0.994523 109.815 0.0328456 0.995929 -0.0843411 -8.27283 -0.997692 0.0275435 -0.06329 109.242
-0.0621367 0.0872636 0.994324 110.641 0.0319878 0.995867 -0.0854046 -8.34448 -0.997634 0.0264997 -0.0646667 109.2
-0.0629648 0.0866172 0.994347 111.44 0.0309926 0.99595 -0.0848033 -8.42319 -0.997611 0.0254761 -0.0653873 109.131
-0.0652098 0.0878616 0.994074 112.245 0.0314956 0.995835 -0.0859556 -8.50725 -0.997455 0.0257041 -0.0677006 109.069
-0.0682968 0.0916841 0.993541 113.043 0.0320393 0.99549 -0.0896709 -8.58001 -0.997227 0.0257064 -0.0709193 109.017
-0.0717101 0.0931348 0.993146 113.837 0.0304508 0.995406 -0.0911523 -8.66298 -0.997042 0.0237059 -0.0742114 108.965
-0.0742859 0.0931039 0.992979 114.621 0.0312365 0.995395 -0.091003 -8.75028 -0.996824 0.0242553 -0.0768448 108.902
-0.076334 0.0920454 0.992904 115.406 0.0324515 0.995467 -0.0897926 -8.83395 -0.996635 0.0253673 -0.0789693 108.83
-0.0784826 0.0929841 0.992669 116.187 0.0342535 0.995338 -0.0905358 -8.91763 -0.996404 0.0268952 -0.0812944 108.764
-0.0807064 0.0980326 0.991985 116.969 0.0298572 0.994979 -0.0959036 -9.00099 -0.996372 0.0218783 -0.0832221 108.714
-0.0822436 0.105353 0.991127 117.737 0.0274653 0.994292 -0.103421 -9.08893 -0.996311 0.0187146 -0.0846603 108.655
-0.0833337 0.108078 0.990726 118.494 0.032903 0.993896 -0.10566 -9.1721 -0.996061 0.0237935 -0.0863748 108.569
-0.0860121 0.106601 0.990673 119.274 0.0352367 0.993995 -0.103909 -9.25585 -0.995748 0.0259689 -0.0892443 108.498
-0.0886701 0.099585 0.991154 120.053 0.0343242 0.994744 -0.0968795 -9.34268 -0.995553 0.0254309 -0.0916156 108.425
-0.0916631 0.0973418 0.99112 120.827 0.0328495 0.994997 -0.0946946 -9.43641 -0.995325 0.023876 -0.0943945 108.365
-0.0920531 0.101117 0.990691 121.593 0.0326266 0.994643 -0.0984935 -9.51467 -0.995303 0.023257 -0.0948522 108.28
-0.0944403 0.105029 0.990075 122.349 0.0302654 0.994296 -0.1026 -9.59896 -0.995148 0.020274 -0.0970726 108.207
-0.0959396 0.108219 0.989574 123.116 0.0307565 0.99396 -0.105721 -9.68253 -0.994997 0.0202938 -0.0986815 108.129
-0.0973225 0.11277 0.988945 123.853 0.035029 0.993365 -0.109838 -9.77077 -0.994714 0.0239503 -0.100619 108.045
-0.0992936 0.117735 0.988156 124.601 0.0356123 0.992801 -0.114715 -9.85776 -0.994506 0.0238009 -0.102764 107.969
-0.10201 0.120334 0.987581 125.35 0.0347906 0.992514 -0.117352 -9.94755 -0.994254 0.0223859 -0.105425 107.895
-0.10404 0.118304 0.987601 126.096 0.0352153 0.992757 -0.115217 -10.0431 -0.994036 0.0227922 -0.107445 107.816
-0.107343 0.115251 0.987621 126.818 0.0394652 0.993003 -0.1116 -10.1313 -0.993518 0.0269954 -0.111132 107.718
-0.11223 0.113716 0.987244 127.561 0.0416406 0.993138 -0.109667 -10.2302 -0.992897 0.028802 -0.116187 107.624
-0.117853 0.112695 0.986719 128.309 0.0404865 0.993292 -0.108621 -10.3251 -0.992286 0.0271457 -0.121616 107.527
-0.127111 0.112692 0.985557 129.05 0.0399313 0.993342 -0.108438 -10.4252 -0.991173 0.0255714 -0.130755 107.443
-0.137705 0.113328 0.984072 129.773 0.0397501 0.993298 -0.10884 -10.5181 -0.989756 0.0241276 -0.141277 107.34
-0.146794 0.114687 0.982588 130.5 0.040796 0.993153 -0.109831 -10.6034 -0.988414 0.0239638 -0.150457 107.185
-0.159905 0.115495 0.980456 131.208 0.0422497 0.993056 -0.1101 -10.6926 -0.986309 0.0238169 -0.163664 107.071
-0.171433 0.115857 0.978452 131.923 0.0461413 0.992956 -0.109496 -10.7759 -0.984204 0.0263763 -0.175559 106.933
-0.182905 0.116167 0.97635 132.631 0.0500968 0.992842 -0.108756 -10.86 -0.981935 0.029018 -0.187405 106.796
-0.193332 0.116588 0.974275 133.327 0.0557692 0.992656 -0.107727 -10.9394 -0.979638 0.0335077 -0.198401 106.658
-0.200916 0.116478 0.972768 134.042 0.0625056 0.992444 -0.105935 -11.0356 -0.977696 0.0395166 -0.206667 106.484
-0.20752 0.115213 0.971516 134.754 0.0684287 0.992356 -0.103074 -11.1409 -0.975926 0.0450894 -0.213803 106.308
-0.213557 0.115608 0.970175 135.468 0.0695848 0.992288 -0.102938 -11.2265 -0.974533 0.0455233 -0.219942 106.142
-0.21815 0.113667 0.969367 136.183 0.0734251 0.99233 -0.0998426 -11.309 -0.973241 0.0493948 -0.224807 105.98
-0.218361 0.11069 0.96968 136.862 0.0797826 0.992283 -0.0953159 -11.3894 -0.972686 0.0565465 -0.225495 105.789
-0.218041 0.108959 0.969932 137.558 0.0865314 0.992032 -0.0919961 -11.469 -0.972188 0.0638695 -0.225717 105.607
-0.218309 0.107167 0.970088 138.228 0.088876 0.992043 -0.0896027 -11.5508 -0.971909 0.0666523 -0.226083 105.436
-0.216855 0.113055 0.96973 138.926 0.091586 0.991286 -0.0950935 -11.6237 -0.97199 0.0681907 -0.225305 105.267
-0.215114 0.116602 0.969712 139.607 0.0913438 0.990935 -0.0989027 -11.6985 -0.972393 0.0672976 -0.223801 105.109
-0.213617 0.116484 0.970044 140.287 0.093267 0.990802 -0.0984451 -11.7751 -0.972547 0.0694421 -0.222501 104.946
-0.21117 0.114949 0.970777 140.958 0.094486 0.99085 -0.0967844 -11.851 -0.972958 0.0712824 -0.220086 104.786
-0.20761 0.111853 0.971893 141.616 0.0961556 0.991004 -0.0935192 -11.9345 -0.973567 0.0740355 -0.216483 104.615
-0.205569 0.11209 0.972312 142.292 0.0967799 0.990917 -0.0937849 -12.0168 -0.973933 0.0748164 -0.214536 104.465
-0.203958 0.11488 0.972314 142.939 0.0972328 0.990598 -0.0966515 -12.0883 -0.974232 0.0748261 -0.213196 104.334
-0.199288 0.116927 0.973052 143.595 0.0984744 0.990259 -0.0988378 -12.1604 -0.975069 0.0761186 -0.208847 104.195
-0.194007 0.115788 0.974241 144.23 0.0993524 0.990264 -0.0979154 -12.2381 -0.97605 0.0777949 -0.203608 104.064
-0.187642 0.113732 0.975743 144.874 0.1004 0.990333 -0.0961366 -12.3176 -0.977181 0.0799202 -0.197233 103.927
-0.18289 0.111346 0.976907 145.505 0.0992483 0.990622 -0.0943363 -12.3997 -0.978205 0.0797009 -0.192212 103.804
-0.178819 0.110704 0.977746 146.141 0.0991623 0.990659 -0.0940418 -12.4728 -0.97896 0.0801341 -0.188113 103.688
-0.17573 0.108976 0.978487 146.774 0.0996454 0.990761 -0.092455 -12.5474 -0.979478 0.0812521 -0.184952 103.584
-0.171506 0.106924 0.979476 147.392 0.102524 0.990675 -0.0902061 -12.6204 -0.979923 0.0849436 -0.180856 103.466
-0.167511 0.105492 0.98031 148.015 0.104001 0.990645 -0.0888408 -12.6857 -0.980465 0.0870681 -0.176902 103.354
-0.164708 0.104276 0.980928 148.623 0.101493 0.990952 -0.0883119 -12.7572 -0.981196 0.0850057 -0.173787 103.255
-0.161273 0.105382 0.981369 149.241 0.0986118 0.991072 -0.0902258 -12.8308 -0.982067 0.0822208 -0.170212 103.16
-0.155664 0.109405 0.981847 149.839 0.0996257 0.990563 -0.0945931 -12.8908 -0.982863 0.083087 -0.165081 103.053
-0.149627 0.112972 0.98237 150.434 0.101292 0.990019 -0.0984318 -12.9534 -0.983636 0.0847748 -0.159565 102.956
-0.142499 0.114619 0.98325 151.018 0.0999925 0.989902 -0.100914 -13.0135 -0.984821 0.0839318 -0.152508 102.866
-0.133629 0.112909 0.984681 151.612 0.0960951 0.990327 -0.100524 -13.0897 -0.986457 0.0811876 -0.143175 102.786
-0.124621 0.110938 0.986096 152.207 0.0949505 0.990546 -0.0994505 -13.1647 -0.98774 0.0812311 -0.133965 102.745
-0.114332 0.109748 0.987465 152.792 0.094965 0.990579 -0.0991065 -13.2361 -0.988989 0.0824408 -0.123668 102.711
-0.101888 0.108273 0.989 153.369 0.0934348 0.99075 -0.0988506 -13.3116 -0.990488 0.0823297 -0.111052 102.671
-0.0865178 0.10794 0.990488 153.947 0.091929 0.990781 -0.0999497 -13.3781 -0.992095 0.0824044 -0.0956356 102.636
