0.999906 0.00405535 -0.0130197 -0.0416076 -0.00401567 0.999988 0.00306027 0.0741268 0.013032 -0.00300761 0.999911 1.09179
0.999918 0.00410483 -0.012152 -0.0621814 -0.00405686 0.999984 0.0039726 0.080092 0.0121681 -0.00392288 0.999919 2.3848
0.999904 0.00417341 -0.0132109 -0.0826142 -0.00411061 0.99998 0.00476795 0.0771963 0.0132305 -0.00471307 0.999902 3.70498
0.999929 0.00441163 -0.0111283 -0.0986748 -0.0043596 0.99998 0.00469706 0.082257 0.0111487 -0.00464808 0.999927 5.00961
0.999921 0.0043237 -0.0118104 -0.120002 -0.00425956 0.999977 0.00544618 0.0880397 0.0118337 -0.00539528 0.999916 6.33444
0.999925 0.00387308 -0.011634 -0.138431 -0.0037999 0.999973 0.00630744 0.0803723 0.0116581 -0.00626264 0.999913 7.66152
0.999932 0.00400623 -0.0109152 -0.157305 -0.00393401 0.99997 0.00662454 0.0750246 0.0109415 -0.00658101 0.999919 8.98953
0.999913 0.00447807 -0.0124003 -0.178578 -0.00437675 0.999957 0.00819102 0.0768431 0.0124364 -0.00813594 0.99989 10.322
0.999929 0.00499338 -0.0107706 -0.20164 -0.00489596 0.999947 0.00904462 0.0921674 0.0108153 -0.00899111 0.999901 11.6468
0.999908 0.0072508 -0.0115162 -0.226694 -0.00715806 0.999942 0.00808157 0.0914208 0.0115741 -0.00799824 0.999902 12.9887
0.999892 0.00935985 -0.0112983 -0.25225 -0.00927022 0.999926 0.00794984 0.0913496 0.011372 -0.0078441 0.999905 14.3309
0.999917 0.00934563 -0.00896919 -0.272022 -0.00926512 0.999917 0.00898497 0.0965985 0.00905247 -0.00890097 0.99992 15.6707
0.999921 0.00826585 -0.00954764 -0.28424 -0.00816034 0.999906 0.0110261 0.105633 0.00963817 -0.0109472 0.999894 17.0262
0.999954 0.00495029 -0.00827573 -0.296438 -0.0048285 0.999882 0.0146785 0.112176 0.00834746 -0.0146378 0.99986 18.3726
0.999932 0.00484517 -0.0107107 -0.302134 -0.00468098 0.999873 0.0152924 0.138173 0.0107838 -0.0152409 0.999826 19.7245
0.999955 0.00506182 -0.00823937 -0.312177 -0.00492513 0.999853 0.0165388 0.170644 0.00832185 -0.0164974 0.999832 21.0649
0.999947 0.00555312 -0.00887268 -0.32317 -0.00540085 0.99984 0.0170829 0.205339 0.0089665 -0.0170338 0.999816 22.4292
0.999944 0.00719493 -0.0079795 -0.344958 -0.00705476 0.999825 0.0174711 0.242166 0.00810375 -0.0174137 0.999819 23.786
0.99996 0.00765428 -0.00507422 -0.362066 -0.00754244 0.999737 0.0216778 0.251234 0.00523921 -0.0216384 0.999754 25.1362
0.999954 0.00750363 -0.00642421 -0.371869 -0.00734694 0.999686 0.0240905 0.270692 0.00660288 -0.0240419 0.999694 26.517
0.999964 0.00774941 -0.00425434 -0.385979 -0.00763653 0.999637 0.0258937 0.283249 0.00445369 -0.02586 0.999658 27.8644
0.99996 0.00768723 -0.00525931 -0.405351 -0.00755491 0.999669 0.0247491 0.311484 0.00544758 -0.0247081 0.999685 29.2503
0.999962 0.00879904 -0.00251669 -0.418215 -0.00873305 0.99965 0.0250587 0.322 0.00273648 -0.0250356 0.999686 30.6098
0.999931 0.0117718 -0.00250636 -0.438383 -0.0117125 0.999682 0.022521 0.337782 0.00277055 -0.0224898 0.999748 32.0017
0.999935 0.0115085 -0.00226382 -0.450257 -0.0114519 0.99966 0.0235004 0.350268 0.00253372 -0.0234728 0.999725 33.3827
0.999938 0.0114323 -0.000607101 -0.461722 -0.0114127 0.999601 0.0260058 0.375794 0.000904087 -0.0259969 0.999668 34.7514
0.999938 0.0113747 -0.00190537 -0.468535 -0.0113171 0.999549 0.0278739 0.390784 0.00222177 -0.0278503 0.999614 36.1554
0.999928 0.0123077 0.000219088 -0.484015 -0.0123087 0.999473 0.0301837 0.418936 0.000152414 -0.0301839 0.999551 37.5364
0.999914 0.0132893 -0.00227511 -0.489687 -0.0132084 0.999388 0.0324596 0.450673 0.00270538 -0.0324264 0.999475 38.9389
0.999899 0.0144034 -0.00193293 -0.50571 -0.0143311 0.999348 0.0332568 0.475369 0.00241058 -0.0332253 0.999451 40.3342
0.999892 0.0150347 -0.000425666 -0.520687 -0.015011 0.999298 0.0343965 0.509938 0.000942814 -0.0343861 0.999413 41.7265
0.999887 0.0151717 -0.00213601 -0.530601 -0.0150881 0.99928 0.0348893 0.549664 0.00266372 -0.0348526 0.999396 43.1302
0.999891 0.0151191 0.000159742 -0.53945 -0.0151151 0.999261 0.0354098 0.584313 0.000376093 -0.0354081 0.999378 44.5347
0.999886 0.0153372 -0.00194625 -0.547351 -0.0152582 0.999251 0.0356579 0.623782 0.00249152 -0.0356235 0.999369 45.94
0.999885 0.0155216 -0.00106261 -0.552888 -0.0154734 0.999236 0.0359615 0.661 0.0016203 -0.0359405 0.999358 47.3441
0.999874 0.0155966 -0.00449438 -0.568303 -0.0154129 0.999147 0.0383893 0.708524 0.0050891 -0.0383146 0.99926 48.77
0.999857 0.0164422 -0.00530393 -0.583596 -0.0162275 0.999139 0.0382575 0.747064 0.00592875 -0.0381655 0.999259 50.1892
0.999855 0.016843 -0.00430959 -0.59371 -0.0166668 0.999137 0.0381382 0.784342 0.00494805 -0.0380601 0.999272 51.5919
0.999829 0.0173912 -0.00718874 -0.610826 -0.0170986 0.999099 0.0389278 0.82494 0.00785954 -0.0387979 0.999222 53.0277
0.999837 0.017205 -0.00658434 -0.625596 -0.0169275 0.999054 0.0401447 0.86851 0.00726859 -0.0400259 0.999181 54.4532
0.999835 0.0163859 -0.00872711 -0.634934 -0.016023 0.999068 0.0401526 0.903427 0.00937719 -0.0400057 0.999162 55.895
0.999855 0.015029 -0.00885942 -0.654523 -0.0146663 0.999108 0.0397061 0.948621 0.0094481 -0.0395695 0.999181 57.3186
0.999854 0.0159884 -0.00715767 -0.664924 -0.0156874 0.999068 0.0403146 0.990509 0.00779589 -0.040196 0.999169 58.7231
0.999841 0.0165036 -0.00785715 -0.678165 -0.0161586 0.998985 0.0421466 1.03754 0.00854466 -0.042012 0.999091 60.1561
0.99985 0.0169313 -0.00532092 -0.690373 -0.0166772 0.998867 0.0446602 1.0909 0.00607141 -0.0445644 0.998996 61.5582
0.999865 0.01568 -0.0064657 -0.703176 -0.015379 0.998904 0.0443034 1.13552 0.00715321 -0.0441969 0.999009 62.9871
0.999857 0.0161179 -0.00640902 -0.714751 -0.0158192 0.998902 0.0442069 1.18335 0.00711484 -0.0440988 0.99901 64.406
0.999857 0.0168244 -0.00453428 -0.73422 -0.0166104 0.998909 0.043755 1.22283 0.00526542 -0.0436724 0.999044 65.8075
0.999823 0.0182672 -0.00596136 -0.750077 -0.0179862 0.998865 0.0442025 1.26889 0.00676235 -0.0440871 0.999014 67.2256
0.999797 0.0202229 -0.00394538 -0.769714 -0.0200271 0.998807 0.0446449 1.30461 0.00484336 -0.0445558 0.999008 68.6279
0.99972 0.0235968 -0.00437174 -0.788083 -0.0233714 0.998676 0.0459291 1.34523 0.00545003 -0.0458138 0.998944 70.0529
0.999643 0.0269922 -0.00225569 -0.808479 -0.0268572 0.998546 0.0468691 1.38685 0.00351741 -0.0467906 0.998912 71.4537
0.999543 0.0304221 -0.00212361 -0.833686 -0.0302891 0.998444 0.0469177 1.44255 0.00354801 -0.0468316 0.998906 72.8641
0.999419 0.0343455 -0.00151496 -0.850859 -0.0342388 0.998345 0.0463351 1.4896 0.00310378 -0.0462552 0.998938 74.2719
0.999372 0.0356824 -0.000616919 -0.864649 -0.0356158 0.9983 0.0462507 1.53482 0.00226662 -0.0461994 0.998939 75.6572
0.999393 0.0351262 -0.0011961 -0.87085 -0.0350338 0.998325 0.0461624 1.58046 0.00281563 -0.0460913 0.998947 77.0609
0.999399 0.0349396 0.000207207 -0.882276 -0.0349124 0.998336 0.046007 1.62715 0.00140103 -0.0459863 0.998951 78.4297
0.999413 0.0345731 -0.000952951 -0.890636 -0.0344933 0.998355 0.0459312 1.67631 0.0025393 -0.0458701 0.998958 79.8261
0.999436 0.0338085 -0.00196496 -0.889871 -0.0336858 0.99842 0.0451038 1.7278 0.00348715 -0.0450118 0.998991 81.21
0.999452 0.0333779 -0.00213974 -0.89563 -0.0332501 0.998461 0.0445144 1.77797 0.00362218 -0.0444176 0.99902 82.5731
0.999473 0.0326795 -0.00227199 -0.902267 -0.0325505 0.998534 0.0434087 1.82516 0.00368758 -0.0433115 0.999066 83.968
0.99949 0.0322011 -0.00242978 -0.916674 -0.0320692 0.998586 0.0425441 1.87303 0.00379623 -0.0424433 0.999106 85.3175
0.999511 0.0313791 -0.00381383 -0.923993 -0.031189 0.998614 0.0425631 1.91799 0.00514469 -0.0424229 0.999098 86.6999
0.999532 0.0306319 -0.00472616 -0.93795 -0.030397 0.998589 0.0437038 1.95741 0.00605808 -0.0435384 0.999048 88.0694
0.999577 0.0290983 -0.00459432 -0.9511 -0.0288683 0.998617 0.0440868 2.0009 0.00587145 -0.043935 0.999029 89.4116
0.9996 0.0280426 -0.0062987 -0.959946 -0.0277372 0.99864 0.0443075 2.04349 0.00753258 -0.0441138 0.999013 90.7914
0.99963 0.0269585 -0.00594378 -0.975605 -0.0266712 0.998678 0.0441042 2.08926 0.00712554 -0.0439289 0.999022 92.1309
0.999651 0.026303 -0.00574998 -0.988338 -0.0260195 0.998661 0.0448701 2.13154 0.00692249 -0.0447036 0.998991 93.5074
0.999668 0.0256661 -0.00521213 -1.00456 -0.0254092 0.99869 0.0445572 2.17774 0.00634967 -0.0444095 0.999006 94.853
0.999639 0.0264677 -0.00700835 -1.01817 -0.02613 0.998671 0.0446003 2.22538 0.00817952 -0.0443997 0.998996 96.2105
0.999622 0.0271312 -0.00656826 -1.03695 -0.0268169 0.998678 0.0440229 2.27285 0.00775466 -0.0438296 0.999022 97.5617
0.999615 0.0277474 -0.00530641 -1.05534 -0.0274861 0.998648 0.044298 2.31883 0.00652838 -0.0441338 0.99902 98.9031
0.999621 0.0273842 -0.00556971 -1.06478 -0.0271104 0.99865 0.0444879 2.36055 0.00678113 -0.0443195 0.999008 100.259
0.999623 0.0275527 -0.00487175 -1.08156 -0.0273096 0.998645 0.0444775 2.4113 0.00609065 -0.0443264 0.999014 101.583
0.999636 0.0269936 -0.0048049 -1.09603 -0.0267583 0.99869 0.0437926 2.44972 0.00598145 -0.0436475 0.999043 102.943
0.999639 0.026964 -0.00480897 -1.10993 -0.0267322 0.998719 0.0431458 2.49095 0.00596622 -0.0430004 0.999073 104.274
0.999664 0.0260856 -0.0041169 -1.12592 -0.0258866 0.998758 0.0427539 2.52928 0.00522786 -0.0426323 0.999092 105.582
0.999705 0.0245118 -0.00442381 -1.1345 -0.0242946 0.998746 0.0439483 2.56781 0.00549575 -0.0438265 0.99904 106.934
0.999747 0.0228485 -0.00301694 -1.14332 -0.0226886 0.998719 0.0454256 2.61396 0.00405182 -0.045345 0.998978 108.238
0.999786 0.0212333 -0.00277713 -1.15087 -0.0210815 0.998698 0.0466103 2.65535 0.0037635 -0.0465404 0.998926 109.585
0.999804 0.0203701 -0.00175064 -1.16028 -0.0202677 0.998728 0.046347 2.69713 0.00269339 -0.0463018 0.998938 110.91
0.999781 0.0216263 0.000491371 -1.16727 -0.0216273 0.998774 0.0447102 2.74549 0.000476563 -0.0447096 0.999017 112.208
0.999729 0.023797 0.00120337 -1.17915 -0.0238274 0.99877 0.0436831 2.78699 -0.000161578 -0.0436993 0.999059 113.558
0.999648 0.0268061 0.00411183 -1.19517 -0.0269603 0.998698 0.043493 2.83673 -0.00294021 -0.0435871 0.999062 114.862
0.999627 0.0275226 0.00393184 -1.19936 -0.0276774 0.998527 0.0468401 2.88355 -0.00263613 -0.0469307 0.998909 116.203
0.999608 0.0277573 0.00678321 -1.20381 -0.0280574 0.998412 0.0490156 2.93446 -0.00541145 -0.049185 0.998793 117.516
0.999622 0.0271458 0.0068572 -1.20325 -0.0274646 0.998299 0.051604 2.98597 -0.00544391 -0.0517721 0.998659 118.866
0.999602 0.0276414 0.00822055 -1.20271 -0.0280271 0.998305 0.0511651 3.04314 -0.00679184 -0.0513734 0.998675 120.197
0.99953 0.0290489 0.0111646 -1.19904 -0.0295813 0.998277 0.0508575 3.09865 -0.00966721 -0.0511632 0.998658 121.504
0.999473 0.0309992 0.0113508 -1.19849 -0.0315335 0.998243 0.0503366 3.15249 -0.00976989 -0.0506662 0.998687 122.857
0.999448 0.0306596 0.0139402 -1.19208 -0.0313317 0.998225 0.0508205 3.20839 -0.0123563 -0.0512284 0.998626 124.164
0.999426 0.0315041 0.0138724 -1.18549 -0.0321708 0.998202 0.0507468 3.26379 -0.0122481 -0.0511623 0.998633 125.517
0.999412 0.0313202 0.0150556 -1.17389 -0.0320458 0.998214 0.050604 3.32037 -0.0134427 -0.0510559 0.998621 126.847
0.999389 0.030929 0.017406 -1.15675 -0.0317933 0.998162 0.0517538 3.3732 -0.0157727 -0.0522739 0.998526 128.165
0.999404 0.0304392 0.0172717 -1.14415 -0.0313053 0.998151 0.0522711 3.43667 -0.0156475 -0.0527796 0.9985 129.526
0.999444 0.028122 0.0189277 -1.12687 -0.0291033 0.998142 0.0537025 3.48134 -0.0173816 -0.0542218 0.998397 130.838
0.999451 0.0276844 0.0190995 -1.10696 -0.028686 0.998122 0.0542943 3.54594 -0.0175593 -0.0548114 0.998359 132.199
0.999509 0.0257988 0.0188819 -1.08399 -0.0268011 0.998142 0.0548833 3.59834 -0.0174303 -0.0553607 0.998334 133.535
0.999587 0.0226489 0.0186654 -1.05974 -0.0236509 0.9982 0.0553001 3.64425 -0.0173781 -0.0557178 0.998312 134.846
0.99965 0.0214385 0.0167268 -1.04614 -0.02234 0.998208 0.0556777 3.70061 -0.0155026 -0.0560302 0.998329 136.197
0.999696 0.0191523 0.0166307 -1.0254 -0.0200574 0.998237 0.0560388 3.74899 -0.0155269 -0.0563544 0.998308 137.521
0.999753 0.0179112 0.0146187 -1.01282 -0.0187059 0.998258 0.0561289 3.80772 -0.0135874 -0.0563867 0.998337 138.878
0.999752 0.0167261 0.0159634 -0.994394 -0.0176229 0.998185 0.0577631 3.87331 -0.014967 -0.058029 0.998221 140.207
0.999801 0.0166828 0.012659 -0.990028 -0.0173907 0.998175 0.0579881 3.93913 -0.0116679 -0.0581949 0.998258 141.56
0.999805 0.0170343 0.0118246 -0.978429 -0.0176749 0.998267 0.0563167 4.00346 -0.0108435 -0.0565136 0.998362 142.901
0.999786 0.0157277 0.0149687 -0.952038 -0.0165391 0.998321 0.0556729 4.06421 -0.0140674 -0.0559067 0.998359 144.226
0.999893 0.00953169 0.0127587 -0.935199 -0.0102274 0.998414 0.0555577 4.11 -0.0122076 -0.0556812 0.998393 145.585
0.999937 0.00295549 0.0126522 -0.912103 -0.00368642 0.998315 0.0580807 4.17171 -0.0124588 -0.0581219 0.998254 146.921
0.999972 -0.000225587 0.00981724 -0.892235 -0.000339379 0.998361 0.057421 4.2277 -0.00981275 -0.0574216 0.998321 148.281
0.999971 -0.00322331 0.0096309 -0.879861 0.00267951 0.998445 0.0558616 4.28424 -0.00979564 -0.0558323 0.998415 149.619
0.999959 -0.00173399 0.010944 -0.869413 0.00114493 0.998578 0.0535222 4.33842 -0.0110199 -0.0535064 0.998527 150.964
0.999968 0.00127041 0.0103714 -0.86855 -0.00180672 0.998667 0.0517898 4.40533 -0.0102915 -0.0518051 0.998627 152.316
0.999943 0.00229512 0.0123181 -0.857565 -0.00293432 0.998652 0.0520532 4.44504 -0.0121808 -0.0520852 0.998589 153.654
0.99996 -3.31664e-05 0.0112954 -0.838674 -0.000602797 0.99843 0.0562176 4.5056 -0.0112792 -0.0562203 0.998378 154.996
0.999932 -0.00609448 0.0119312 -0.816324 0.00538151 0.998266 0.0588254 4.5615 -0.0122677 -0.0587561 0.998218 156.343
0.999882 -0.0108742 0.0128731 -0.797007 0.0100814 0.998156 0.0600481 4.6195 -0.0135021 -0.0599092 0.998136 157.676
0.999859 -0.013918 0.0116187 -0.779423 0.0131986 0.998138 0.0597662 4.68084 -0.0124275 -0.0596032 0.998166 159.019
0.999853 -0.0123895 0.0138244 -0.768715 0.0115256 0.998093 0.0608334 4.76013 -0.0145515 -0.0606629 0.998076 160.35
0.999904 -0.00819139 0.013137 -0.756928 0.00736736 0.998093 0.061514 4.8282 -0.0136146 -0.06141 0.998041 161.702
0.999872 -0.00341334 0.0171991 -0.751378 0.00236125 0.998162 0.0607674 4.89772 -0.0173748 -0.0607168 0.998028 163.034
0.999887 0.00130383 0.0165633 -0.731434 -0.00229766 0.998206 0.060067 4.97816 -0.0164541 -0.0600968 0.998079 164.391
0.999877 0.000566417 0.0172904 -0.715159 -0.00160119 0.99822 0.0598347 5.04431 -0.0172257 -0.0598525 0.998084 165.75
0.999852 0.00112424 0.0186405 -0.703302 -0.00221928 0.998282 0.0587784 5.10392 -0.0185412 -0.0588095 0.998119 167.079
0.999887 0.00207853 0.0166426 -0.691614 -0.00303274 0.998357 0.0574482 5.17123 -0.016496 -0.0574896 0.998236 168.455
0.999865 0.00626867 0.0168425 -0.683615 -0.00717968 0.9985 0.0545298 5.22109 -0.0164743 -0.0546419 0.998393 169.775
0.999808 0.0138453 0.0157951 -0.674026 -0.01469 0.998414 0.0546115 5.2934 -0.0150142 -0.0548305 0.998409 171.151
0.999744 0.0179652 0.0156717 -0.66735 -0.0188132 0.998284 0.0557057 5.36286 -0.0146431 -0.0559847 0.998348 172.519
0.999652 0.0219713 0.0164391 -0.656406 -0.0228835 0.9981 0.0574685 5.43061 -0.0151456 -0.0578221 0.998239 173.885
0.999691 0.0211042 0.0151142 -0.63886 -0.0219679 0.998007 0.0593997 5.49692 -0.0138295 -0.0597118 0.998145 175.26
0.999789 0.0165593 0.0143839 -0.618243 -0.0174076 0.998005 0.0609366 5.56074 -0.0133464 -0.0611715 0.998065 176.631
0.999871 0.0131985 0.0119361 -0.598725 -0.0139181 0.997978 0.0622688 5.61971 -0.0110889 -0.0624253 0.998014 178.01
0.999884 0.0115523 0.01256 -0.588798 -0.0122522 0.998311 0.0570678 5.69462 -0.01188 -0.0572125 0.998318 179.376
0.999913 0.0126738 0.00855902 -0.576496 -0.0131577 0.998192 0.0589145 5.76677 -0.00779593 -0.0590203 0.998253 180.76
0.999896 0.0138698 0.00867064 -0.57151 -0.0143514 0.998225 0.0580682 5.83366 -0.00785046 -0.0581839 0.998302 182.146
0.999794 0.0194337 0.00980902 -0.571119 -0.0199918 0.997997 0.0602848 5.90073 -0.00861679 -0.0604667 0.99816 183.508
0.999786 0.0201802 0.00908979 -0.567176 -0.0207179 0.997787 0.0634271 5.97817 -0.0077902 -0.0635989 0.997973 184.91
0.999789 0.0185368 0.0118975 -0.569838 -0.019301 0.997543 0.0675992 6.04613 -0.0106141 -0.0678127 0.997669 186.29
0.999775 0.0197139 0.0111377 -0.558899 -0.0204362 0.997434 0.068857 6.13547 -0.00975218 -0.0690661 0.997593 187.716
0.999839 0.015884 0.0115917 -0.546856 -0.0166616 0.997404 0.0702929 6.20631 -0.0104438 -0.0704728 0.997486 189.116
0.999886 0.0116292 0.012488 -0.535765 -0.0124978 0.997359 0.0717953 6.27822 -0.0116204 -0.0719402 0.997372 190.49
0.99992 0.00757919 0.0129802 -0.514568 -0.00850587 0.997327 0.0728081 6.35935 -0.0123922 -0.0729108 0.997289 191.919
0.999878 0.00691008 0.0161411 -0.497214 -0.008092 0.997224 0.0742661 6.45973 -0.0155833 -0.0743844 0.997139 193.311
0.999904 0.00253062 0.0159023 -0.47469 -0.00374024 0.997085 0.0764392 6.54481 -0.015661 -0.0764893 0.996975 194.741
0.999886 -0.000700466 0.0171381 -0.451488 -0.000656651 0.996895 0.0789769 6.62717 -0.0171402 -0.0789759 0.996761 196.125
0.999917 0.00111857 0.0152331 -0.437952 -0.00226417 0.997175 0.075322 6.7228 -0.0151044 -0.0753482 0.997071 197.56
0.999876 0.00815564 0.0156992 -0.432219 -0.00925871 0.99742 0.071442 6.819 -0.0150763 -0.0715754 0.997353 198.975
0.999691 0.0180499 0.0190006 -0.432988 -0.0193684 0.997263 0.071615 6.9085 -0.0176545 -0.0719588 0.99728 200.377
0.99963 0.0223623 0.0174804 -0.436877 -0.023622 0.996887 0.0754651 6.99153 -0.0157387 -0.0758469 0.997027 201.829
0.99954 0.023699 0.0206794 -0.421569 -0.0252582 0.996599 0.0786731 7.08329 -0.0187432 -0.0791571 0.996715 203.253
0.999593 0.0233592 0.0183054 -0.397392 -0.0247644 0.996453 0.0806654 7.18861 -0.0163565 -0.0810827 0.996605 204.7
0.999617 0.0232626 0.017249 -0.370789 -0.024566 0.996544 0.0795987 7.29518 -0.0153363 -0.0799897 0.996708 206.135
0.999647 0.0216713 0.0174652 -0.342879 -0.0229912 0.99661 0.0792345 7.38986 -0.0156892 -0.0796048 0.996736 207.546
0.999672 0.0216248 0.0161642 -0.327064 -0.0228317 0.996666 0.0785822 7.50021 -0.0144096 -0.0789234 0.996806 209.009
0.999663 0.0219351 0.0161886 -0.313972 -0.0231606 0.996563 0.0797859 7.60008 -0.0143832 -0.0801306 0.996714 210.418
0.999569 0.0261778 0.0158363 -0.299845 -0.0273725 0.996392 0.0805942 7.71133 -0.013668 -0.0809908 0.996652 211.906
0.99959 0.0253162 0.0157796 -0.287421 -0.026528 0.996304 0.0819394 7.81777 -0.0136472 -0.082321 0.996547 213.365
0.999585 0.0249439 0.0168797 -0.267962 -0.0262538 0.996276 0.0823901 7.92621 -0.0147602 -0.0827967 0.996489 214.8
0.999602 0.0244996 0.0162968 -0.252132 -0.0257633 0.996286 0.0824062 8.03153 -0.0142176 -0.0827899 0.9965 216.294
0.999564 0.0247568 0.0184374 -0.229567 -0.0261812 0.996355 0.0814595 8.1375 -0.0163521 -0.0819043 0.996539 217.733
0.999574 0.0263431 0.0150848 -0.218861 -0.027501 0.996236 0.0824612 8.24612 -0.0128561 -0.0828376 0.996515 219.219
0.999505 0.0279137 0.0171182 -0.201222 -0.0292326 0.996199 0.082317 8.35337 -0.0147541 -0.082774 0.996493 220.67
0.999506 0.0294242 0.0139275 -0.190025 -0.0304705 0.996188 0.0820011 8.4645 -0.0114621 -0.0823816 0.99657 222.157
0.999508 0.0296869 0.0135977 -0.179314 -0.0307133 0.996119 0.0827399 8.57663 -0.0110875 -0.0831141 0.996512 223.641
0.999455 0.0309334 0.0143222 -0.170985 -0.0320133 0.996098 0.0825101 8.68833 -0.0117145 -0.0829202 0.996523 225.115
0.999491 0.0304098 0.0132971 -0.165465 -0.0314079 0.996106 0.0826455 8.78708 -0.010731 -0.0830182 0.996525 226.621
0.999556 0.0274905 0.0143131 -0.152718 -0.028585 0.996176 0.0828361 8.88868 -0.0119815 -0.0832051 0.996496 228.099
0.999557 0.0280183 0.0136345 -0.134176 -0.0290561 0.99615 0.0829686 9.00482 -0.0112562 -0.0833252 0.996494 229.598
0.999558 0.0277443 0.0136831 -0.120507 -0.028796 0.996094 0.0837527 9.116 -0.0113063 -0.0841062 0.996429 231.087
0.999538 0.0275916 0.0157971 -0.113053 -0.0288166 0.996124 0.0833668 9.23373 -0.0134343 -0.0837806 0.996429 232.573
0.999556 0.0280129 0.0133695 -0.0968542 -0.0290384 0.996078 0.0838467 9.34628 -0.0109688 -0.0841941 0.996426 234.072
0.999563 0.0275828 0.0142427 -0.085109 -0.0286793 0.996117 0.0834978 9.45624 -0.0118829 -0.0838667 0.996442 235.574
0.999577 0.0279035 0.0120023 -0.0734786 -0.028827 0.995973 0.0851554 9.57659 -0.00957829 -0.0854616 0.996333 237.077
0.999599 0.0268386 0.0131145 -0.0645359 -0.0278738 0.995897 0.0863403 9.68207 -0.0107422 -0.086668 0.996215 238.581
0.99956 0.026635 0.0157813 -0.0519815 -0.0279023 0.995896 0.086347 9.79566 -0.0134171 -0.0867453 0.996178 240.072
0.999583 0.0265818 0.0147779 -0.0384218 -0.0277495 0.995989 0.0853198 9.91485 -0.0124494 -0.085691 0.99628 241.597
0.999542 0.0268795 0.0165221 -0.0206301 -0.0281831 0.996052 0.0844387 10.0264 -0.0141876 -0.0848616 0.99633 243.102
0.999543 0.0275051 0.0158498 -0.00571773 -0.0287536 0.996009 0.0847592 10.14 -0.0134539 -0.0851729 0.996312 244.624
0.99955 0.0270984 0.0156587 0.0115711 -0.0283492 0.995912 0.0860265 10.2491 -0.0132639 -0.0864277 0.996208 246.145
0.99954 0.0271124 0.0167093 0.0251138 -0.0284608 0.995866 0.0865146 10.3632 -0.0142934 -0.086947 0.996147 247.652
0.999538 0.0273183 0.0160466 0.0510635 -0.028613 0.995833 0.0868464 10.4778 -0.0136076 -0.0872613 0.996131 249.197
0.999549 0.0262268 0.0175875 0.0610991 -0.027685 0.995715 0.0884926 10.5936 -0.0151899 -0.088936 0.99596 250.708
0.99958 0.025529 0.0164437 0.0810963 -0.0269106 0.995593 0.0900811 10.7163 -0.014072 -0.0904816 0.995837 252.247
0.999574 0.0249382 0.0181301 0.0965382 -0.0264939 0.995495 0.0912804 10.8446 -0.0157709 -0.0917179 0.995699 253.755
0.999611 0.0241951 0.016585 0.118575 -0.0256165 0.99549 0.0915885 10.9677 -0.0142947 -0.0919736 0.995697 255.302
0.999628 0.0237403 0.016709 0.139896 -0.0251795 0.995473 0.0918953 11.1031 -0.0144505 -0.0922779 0.995668 256.826
0.999592 0.0233636 0.0188367 0.164096 -0.0250094 0.995429 0.0924169 11.2316 -0.0165917 -0.0928459 0.995582 258.344
0.999626 0.0230924 0.0177315 0.193511 -0.0246337 0.995457 0.0922085 11.3569 -0.0155204 -0.0926068 0.995621 259.873
0.999563 0.024366 0.0191285 0.216179 -0.0260207 0.995481 0.0915825 11.4804 -0.0168108 -0.0920359 0.995654 261.394
0.999572 0.0247687 0.0185324 0.254899 -0.0263633 0.995491 0.0913595 11.6088 -0.0161848 -0.0918049 0.995685 262.925
0.999561 0.0248879 0.0185445 0.28262 -0.0264793 0.99551 0.0911352 11.7454 -0.0161933 -0.091582 0.995706 264.461
0.999531 0.0256152 0.0196125 0.298411 -0.0273144 0.99542 0.0918599 11.8641 -0.0171684 -0.0923483 0.995619 265.985
0.999516 0.026506 0.0187614 0.323845 -0.0281433 0.99528 0.0931263 11.9899 -0.0162048 -0.0936048 0.995518 267.509
0.999451 0.0274541 0.0211283 0.341322 -0.0293089 0.995248 0.0931013 12.1235 -0.0184706 -0.0936651 0.995473 269.045
0.999438 0.0287121 0.0196983 0.36643 -0.0304283 0.995209 0.0931527 12.2502 -0.0169297 -0.0936951 0.995498 270.575
0.999399 0.0295501 0.0207993 0.387833 -0.0313564 0.995232 0.0926089 12.3804 -0.0179623 -0.093201 0.995526 272.108
0.999287 0.0305479 0.0240969 0.406168 -0.0326766 0.995105 0.0935111 12.5044 -0.0211226 -0.0942271 0.995368 273.636
0.999321 0.0308029 0.0226768 0.437846 -0.0327951 0.99511 0.0934168 12.6378 -0.0196871 -0.0940925 0.995409 275.171
0.999217 0.0315753 0.0256281 0.460985 -0.0338447 0.995064 0.0935331 12.7646 -0.0225484 -0.0943225 0.995328 276.696
0.999257 0.0314631 0.0245472 0.497656 -0.0336419 0.995023 0.0940292 12.8977 -0.0214652 -0.0947805 0.995308 278.234
0.999209 0.0317097 0.0257855 0.530789 -0.0340243 0.994929 0.094894 13.0316 -0.0226458 -0.0956914 0.995195 279.767
0.999134 0.0311295 0.029485 0.56629 -0.0338551 0.994739 0.0969265 13.1705 -0.0263111 -0.0978359 0.994896 281.285
0.999152 0.0315128 0.0281863 0.608362 -0.0340783 0.994851 0.0956935 13.3091 -0.0250255 -0.0965679 0.995054 282.832
0.999073 0.0316311 0.0309882 0.650336 -0.0344978 0.99473 0.0967858 13.45 -0.027762 -0.0977601 0.994865 284.345
0.999167 0.0315886 0.0275731 0.68221 -0.0341478 0.994637 0.0978679 13.5962 -0.0243337 -0.0987228 0.994861 285.892
0.99919 0.0317579 0.0268254 0.719014 -0.0342688 0.994523 0.0989639 13.7399 -0.0235343 -0.0997979 0.994772 287.431
0.999154 0.0311511 0.0285419 0.755267 -0.0338336 0.994548 0.0988707 13.8787 -0.0253062 -0.0997474 0.994735 288.956
0.999244 0.0317068 0.0248398 0.786771 -0.0340003 0.994622 0.0980701 14.0193 -0.0215954 -0.0988353 0.994913 290.512
0.999143 0.0321093 0.0278869 0.823635 -0.0347357 0.994462 0.0994231 14.1606 -0.0245399 -0.100301 0.994699 292.043
0.999246 0.0322606 0.0240557 0.854137 -0.0345339 0.994316 0.100939 14.3098 -0.0206613 -0.101688 0.994646 293.608
0.999264 0.031993 0.0232876 0.882056 -0.0342033 0.994256 0.101643 14.4509 -0.019902 -0.102359 0.994593 295.166
0.999187 0.0326278 0.0259603 0.918957 -0.0351384 0.99409 0.102944 14.5984 -0.0224466 -0.103767 0.994393 296.71
0.999197 0.0342687 0.0229342 0.948118 -0.0364602 0.994024 0.10313 14.7447 -0.0192631 -0.103878 0.994449 298.284
0.999071 0.0349442 0.027383 0.986445 -0.0375705 0.994089 0.10209 14.8897 -0.0236523 -0.103019 0.994444 299.84
0.999079 0.0356239 0.0258546 1.01986 -0.0380833 0.994097 0.10183 15.0363 -0.0220745 -0.102715 0.994512 301.428
0.999097 0.035145 0.0261496 1.05529 -0.0376325 0.994136 0.101618 15.184 -0.0224236 -0.102504 0.994526 303.007
0.999077 0.0338887 0.0281886 1.10303 -0.0365721 0.994255 0.100837 15.3223 -0.0246094 -0.101769 0.99455 304.574
0.99909 0.0337654 0.0281588 1.15068 -0.0364231 0.994355 0.0998947 15.4703 -0.0246256 -0.100824 0.994646 306.166
0.999057 0.0336271 0.0291992 1.18866 -0.0363594 0.994477 0.0986949 15.6166 -0.0257192 -0.0996577 0.994735 307.758
0.999134 0.0339036 0.0263741 1.23169 -0.0363565 0.994463 0.0988405 15.7704 -0.0228757 -0.0997082 0.9948 309.357
0.999155 0.0345509 0.0243507 1.2662 -0.0368123 0.994383 0.099482 15.9207 -0.0207769 -0.100288 0.994788 310.957
0.999092 0.0354638 0.0259526 1.29164 -0.0379213 0.994163 0.101249 16.076 -0.0222092 -0.102135 0.994569 312.565
0.999163 0.0340641 0.0247387 1.33616 -0.0364832 0.993832 0.104963 16.2277 -0.0210109 -0.105772 0.994215 314.189
0.99913 0.0333741 0.0272556 1.36394 -0.0360728 0.993804 0.105365 16.3856 -0.0235688 -0.106251 0.994107 315.789
0.999181 0.0321036 0.0265871 1.40758 -0.0347314 0.993883 0.105079 16.5359 -0.0230513 -0.10591 0.994155 317.42
0.999145 0.0318271 0.02852 1.44178 -0.0346463 0.993948 0.104483 16.6981 -0.0250206 -0.105376 0.994165 319.021
0.999189 0.0313175 0.0272422 1.48859 -0.0340559 0.993741 0.106627 16.8636 -0.0237325 -0.107462 0.993973 320.642
0.999183 0.0312491 0.0278337 1.53095 -0.0340545 0.993728 0.10675 17.0214 -0.0243219 -0.107604 0.993944 322.257
0.999078 0.0317322 0.0306663 1.56494 -0.0348315 0.993736 0.106433 17.1918 -0.0270968 -0.107397 0.993895 323.859
0.999127 0.031585 0.0294506 1.61237 -0.0346077 0.993522 0.108475 17.3599 -0.0258321 -0.109393 0.993712 325.472
0.999021 0.0317389 0.0324552 1.65033 -0.035142 0.993305 0.110276 17.5252 -0.0287377 -0.111302 0.99342 327.071
0.999088 0.0316978 0.0306471 1.70895 -0.034973 0.993007 0.112979 17.7034 -0.0268499 -0.113941 0.993173 328.684
0.999073 0.0320027 0.0305625 1.75421 -0.0352839 0.992923 0.113627 17.8775 -0.0267098 -0.114593 0.993102 330.285
0.999044 0.0313565 0.0324292 1.79399 -0.0349675 0.992482 0.11751 18.0654 -0.0284989 -0.118525 0.992591 331.884
0.999062 0.0319782 0.0309556 1.84363 -0.0354644 0.992226 0.119504 18.2624 -0.0268934 -0.120483 0.9924 333.487
0.998985 0.0333673 0.0322981 1.87901 -0.0370643 0.991917 0.121571 18.4343 -0.0279786 -0.122637 0.992106 335.072
0.999021 0.0344245 0.0296629 1.92478 -0.0378526 0.991585 0.124009 18.625 -0.0251444 -0.125003 0.991887 336.676
0.999029 0.034877 0.0291713 1.96399 -0.0383242 0.991136 0.127406 18.8159 -0.0244674 -0.128392 0.991471 338.276
0.998957 0.0356608 0.0303564 1.99859 -0.0392955 0.99089 0.129014 19.0141 -0.0254791 -0.130065 0.991228 339.857
0.999038 0.0360362 0.0274327 2.04274 -0.0393409 0.99058 0.131366 19.2134 -0.0224385 -0.132311 0.991004 341.456
0.999024 0.0358263 0.0278553 2.07723 -0.0392157 0.990429 0.132538 19.4089 -0.0228404 -0.133493 0.990837 343.025
0.999134 0.0350285 0.025125 2.11708 -0.0380804 0.990341 0.133519 19.6148 -0.0202036 -0.134352 0.990778 344.622
0.999172 0.0344099 0.0241224 2.15373 -0.0373515 0.990237 0.1345 19.8139 -0.0192589 -0.135282 0.990671 346.205
0.999163 0.0343558 0.0248962 2.17908 -0.0373954 0.990283 0.134144 19.9893 -0.0200439 -0.134955 0.9907 347.763
0.999191 0.0338904 0.0240851 2.21722 -0.0368431 0.990176 0.135089 20.194 -0.0192704 -0.135859 0.990592 349.355
0.999193 0.033576 0.0247352 2.24467 -0.0366229 0.990162 0.135246 20.403 -0.0199491 -0.136034 0.990554 350.912
0.999211 0.0334147 0.0239175 2.27804 -0.0363606 0.990111 0.135691 20.6082 -0.019147 -0.136446 0.990514 352.508
0.999221 0.0331291 0.0242074 2.31243 -0.0361306 0.990024 0.136384 20.8152 -0.0194459 -0.137144 0.990412 354.082
0.999179 0.0329408 0.0258358 2.34063 -0.0361887 0.989886 0.13737 21.029 -0.0210495 -0.138184 0.990235 355.635
0.999232 0.0328206 0.024218 2.3783 -0.0358392 0.989945 0.137033 21.2426 -0.0194753 -0.137788 0.990322 357.223
0.999199 0.0327623 0.0252961 2.4107 -0.0359305 0.989941 0.137042 21.4478 -0.0205518 -0.137833 0.990295 358.775
0.999245 0.0322401 0.0244492 2.44625 -0.0353065 0.989891 0.137561 21.6508 -0.0197654 -0.138312 0.990244 360.363
0.999253 0.0315206 0.0247381 2.48311 -0.0346588 0.989743 0.138785 21.8661 -0.0201097 -0.139531 0.990066 361.937
0.99925 0.0306904 0.0261651 2.5176 -0.0340592 0.989612 0.139867 22.0683 -0.0215989 -0.140645 0.989877 363.494
0.99928 0.0308641 0.024508 2.55802 -0.0340212 0.989452 0.141007 22.2957 -0.0198974 -0.141731 0.989758 365.069
0.999225 0.0315841 0.0260843 2.59106 -0.0349544 0.989439 0.140862 22.5047 -0.021358 -0.141657 0.989738 366.627
0.999202 0.0324998 0.0255764 2.62328 -0.035806 0.989295 0.141658 22.7179 -0.0206988 -0.142452 0.989638 368.219
0.999109 0.0322994 0.0294487 2.65719 -0.0362681 0.98864 0.146049 22.9423 -0.024395 -0.146978 0.988892 369.786
0.999116 0.0325314 0.0286884 2.69991 -0.0363926 0.988596 0.146315 23.156 -0.0236014 -0.147221 0.988875 371.384
0.999123 0.032427 0.0288183 2.74029 -0.0363484 0.988347 0.148 23.3841 -0.0236814 -0.148909 0.988621 372.964
0.999054 0.0323337 0.0309901 2.77703 -0.0366202 0.988107 0.149532 23.6169 -0.0257865 -0.150517 0.988324 374.533
0.999077 0.0324791 0.0303293 2.82332 -0.0367261 0.98773 0.151975 23.8558 -0.0250192 -0.15294 0.987974 376.126
0.998999 0.032938 0.032114 2.86273 -0.037468 0.987619 0.152516 24.0797 -0.0266926 -0.153558 0.987832 377.694
0.998987 0.0341734 0.0313993 2.90734 -0.0386005 0.98745 0.153331 24.3143 -0.0257634 -0.154379 0.987732 379.306
0.998939 0.0350246 0.0317782 2.95065 -0.0395034 0.987398 0.153434 24.5491 -0.0260035 -0.154518 0.987702 380.895
0.998814 0.0352531 0.0354989 2.99618 -0.0404183 0.986763 0.157231 24.7871 -0.029484 -0.158469 0.986981 382.47
0.998818 0.0360128 0.0343727 3.04551 -0.0409999 0.986687 0.157558 25.0229 -0.0282407 -0.158771 0.986965 384.084
0.998743 0.036439 0.0363084 3.0904 -0.0417515 0.986534 0.158318 25.258 -0.0300484 -0.159625 0.986779 385.659
0.998737 0.0369632 0.0357059 3.139 -0.0421891 0.98643 0.158848 25.4969 -0.0293496 -0.160144 0.986712 387.274
0.998703 0.0376961 0.0361471 3.18878 -0.0429878 0.986372 0.158998 25.7334 -0.0296588 -0.160335 0.986675 388.876
0.998652 0.0369467 0.0380545 3.23388 -0.0425767 0.986276 0.159699 25.9717 -0.0316316 -0.161094 0.986487 390.459
