0.99929 0.00273925 -0.0375767 -0.0858265 -0.00257348 0.999988 0.00445701 0.0516274 0.0375884 -0.00435714 0.999284 0.676006
1 0.000219776 0.000487332 -0.00405682 -0.000220313 1 0.000796758 0.00438128 -0.000487126 -0.000796823 1 1.28729
1 -4.02743e-05 -0.00103768 -0.0044361 4.10404e-05 1 0.000579986 -0.0107387 0.00103764 -0.000580036 0.999999 1.32374
0.999998 0.000368893 0.00228909 0.00111526 -0.000369342 1 0.000125658 -0.00224999 -0.002289 -0.000126466 0.999998 1.30647
1 -7.40498e-05 -0.000679549 -0.00660654 7.4709e-05 0.999999 0.000753786 -0.00135282 0.000679444 -0.000753866 0.999999 1.32588
1 -0.00045114 0.00017379 -0.00247808 0.000450811 1 0.000873924 -0.0155954 -0.000174123 -0.000873818 1 1.32723
0.999999 0.000144036 0.000718916 -0.00275761 -0.000144108 0.999999 0.000362274 -0.0147163 -0.000718936 -0.000362433 0.999999 1.32804
0.999999 0.000449763 -0.00147549 -0.00651272 -0.000447721 1 0.00151451 -0.00653197 0.00147622 -0.00151382 0.999999 1.33293
0.999999 0.000476088 0.00162013 -0.00667065 -0.000477364 0.999998 0.000919724 0.00492622 -0.00161968 -0.000920546 0.999998 1.32505
1 -0.000227299 -0.000552126 -0.00769742 0.000227828 1 0.00127485 -0.000701184 0.000551864 -0.00127492 1 1.33788
1 0.000187614 -1.53658e-05 -0.00971228 -0.000187429 0.999996 0.00172081 -0.00741495 1.57273e-05 -0.00172089 0.999997 1.33622
1 0.000364976 0.00112577 -0.00923918 -0.000366549 1 0.00125143 -0.00390065 -0.00112531 -0.00125176 1 1.33706
0.999999 -0.000520084 -0.000696958 0.000989296 0.000522084 0.999994 0.00268625 -0.00509096 0.000695623 -0.00268661 0.999995 1.35152
0.999993 -0.00351883 0.00128162 0.00129786 0.00351508 0.999992 0.00279242 -0.010357 -0.00129147 -0.00278787 0.999996 1.34538
0.999997 -0.00016869 -0.00245667 0.00539109 0.000169891 0.999998 0.000464886 0.00291467 0.00245663 -0.000465335 0.999996 1.35152
0.999997 0.000212813 0.00245819 0.00453757 -0.000216042 1 0.00128796 0.0123987 -0.00245796 -0.00128836 0.999997 1.34128
1 0.000518884 -0.000625407 0.000224666 -0.00051837 0.999997 0.000588105 0.0118394 0.00062585 -0.000587904 0.999998 1.36477
1 0.000128912 0.000199157 -0.00832702 -0.000129561 1 0.00233133 0.00867211 -0.000198938 -0.00233115 1 1.35665
0.999996 0.000402346 0.00287201 -0.00646289 -0.000414275 0.999988 0.0042352 -0.0135128 -0.00287021 -0.0042365 0.999985 1.35068
0.999999 -0.000122891 -0.00136696 -0.00304169 0.000125918 1 0.00238541 -0.010825 0.00136649 -0.00238543 0.999999 1.38116
1 -1.36659e-05 0.00156682 -0.00604434 1.16287e-05 0.999995 0.00141038 -0.0209892 -0.00156679 -0.00141059 0.999996 1.34769
1 -0.000133135 -0.00101656 -0.0133362 0.000131742 1 -0.00117223 -0.00937035 0.00101654 0.00117223 1 1.38636
0.999996 0.00105335 0.00273692 -0.00559529 -0.00105413 0.999995 0.000333774 -0.0224074 -0.00273652 -0.000336798 0.999995 1.3599
0.999996 0.00309626 2.82023e-06 -0.0160873 -0.0030963 0.999997 -0.00237969 -0.0171181 -1.01912e-05 0.00237988 0.999999 1.39247
1 0.000137031 0.000387258 -0.0080812 -0.00013722 0.999995 0.000803046 -0.019902 -0.000387159 -0.000803321 0.999998 1.38233
0.999999 -0.000241085 0.00179233 -0.00822969 0.000236297 1 0.00263734 -0.00695599 -0.00179295 -0.00263668 0.999996 1.36893
0.999999 -0.000448009 -0.00163191 -0.00485498 0.000451207 0.999993 0.00193568 -0.0101575 0.00163096 -0.0019366 0.999996 1.3994
0.999997 0.000858743 0.00214404 -0.0127636 -0.000863781 1 0.00232453 -0.00879797 -0.00214187 -0.00232615 0.999997 1.38015
0.999999 0.00129909 -0.00137199 -0.00836102 -0.0012985 0.999994 0.000446934 -0.015053 0.00137251 -0.000445298 0.999997 1.407
0.999999 0.0010986 0.00041924 -0.0120909 -0.00109924 1 0.00155612 -0.019556 -0.000417491 -0.00155638 1 1.39502
0.999999 0.00123791 0.000805483 -0.0102131 -0.0012379 0.999994 -4.76753e-06 -0.011335 -0.000805502 3.53883e-06 0.999997 1.40229
0.999998 0.000152925 -0.00170771 -0.00938454 -0.000152209 1.00001 0.000447369 -0.00925309 0.00170785 -0.000446797 1 1.40422
0.999998 -3.76293e-05 0.00232984 -0.00564321 3.63034e-05 0.999995 0.000594229 -0.0145018 -0.00232988 -0.000594419 0.999994 1.40413
0.999998 0.000213557 -0.00205 -0.007844 -0.000213183 1 0.000244715 -0.0103803 0.00205002 -0.000243965 1 1.40607
1 0.000106505 0.00109279 -0.00240638 -0.000106853 0.999996 0.000419036 -0.0122718 -0.00109272 -0.000419489 0.999998 1.40471
0.999993 0.000423528 -0.00361016 -0.013289 -0.00042258 1 0.000292149 -0.00733461 0.00361024 -0.000290177 0.999995 1.42629
0.999999 0.000713912 -0.00105258 -0.0116609 -0.000713544 0.999996 0.00026516 -0.0171485 0.0010528 -0.000264883 0.999998 1.41927
1 0.00038756 0.0010417 -0.0032004 -0.000387584 1 -0.000129322 -0.0161597 -0.00104175 0.000129468 1 1.40396
0.999996 0.000586393 -0.00305652 -0.0111373 -0.00058476 0.999997 0.000470199 -0.0147303 0.0030568 -0.000468941 0.999995 1.43613
1 -0.000187239 0.000576763 -0.0043232 0.000186338 1 0.00120239 -0.0122391 -0.000577011 -0.00120179 1 1.42596
1 0.000115182 -0.0010792 -0.00179764 -0.000116131 0.999997 -0.000928589 -0.0156586 0.0010791 0.000928187 0.999999 1.44049
0.999999 -0.00134289 -0.000109085 -0.0069864 0.00134279 1 -0.000441117 -0.0117404 0.000109611 0.00044145 1 1.42412
0.999999 0.000946092 0.00165779 0.00264378 -0.000947072 0.999997 0.000634325 -0.0144481 -0.00165706 -0.000636328 0.999999 1.4066
1 0.000510468 -0.000719575 -0.003031 -0.000509163 1 0.00184262 -0.0111225 0.000720452 -0.00184185 0.999999 1.43356
0.999998 0.000465354 0.00238345 -0.00141257 -0.000469081 0.999996 0.00155374 -0.00729093 -0.00238262 -0.00155526 0.999997 1.40247
0.999998 -0.0012171 -0.00115972 -0.00505963 0.00121668 1 -0.000333787 -0.0193307 0.00115997 0.000332784 0.999999 1.42984
1 0.000455344 6.03807e-05 -0.00218171 -0.000455327 0.999998 -0.000115149 -0.0153902 -6.0324e-05 0.00011466 1 1.41942
0.999998 0.000379784 0.00181669 -0.00998269 -0.000379207 1 -0.000319274 -0.0230972 -0.00181691 0.000319038 0.999998 1.40223
0.999999 0.00142041 -0.0014297 -0.00900075 -0.00141983 0.999997 0.000425217 -0.0161389 0.00143041 -0.000423683 0.999999 1.41854
0.999996 0.00202377 0.00198665 -0.0107365 -0.00202472 1 0.000497947 -0.026354 -0.00198577 -0.000501427 0.999998 1.40304
0.999994 0.00362779 -0.000525306 -0.00977906 -0.00362671 0.999989 0.00223908 -0.0185799 0.000533655 -0.0022377 0.999997 1.41196
0.999992 0.00342909 0.00210096 -0.0140548 -0.00343105 0.999996 0.000939864 -0.0233651 -0.0020979 -0.000946529 0.999997 1.40211
0.999991 0.00438923 -0.00058351 -0.00941627 -0.00438861 0.999988 0.00108458 -0.0151945 0.000588555 -0.00108252 1 1.40588
0.999996 0.00254519 0.000529673 -0.0108359 -0.00254523 0.999998 0.000130658 -0.0207927 -0.000529578 -0.000131467 1 1.39851
0.999999 0.00130277 0.00101049 -0.0106293 -0.00130276 0.999998 -4.85587e-05 -0.0195414 -0.00101021 4.6736e-05 1 1.38495
1 -0.00051656 -0.000579527 -0.00442387 0.000516487 1 -0.000101603 -0.0194218 0.00057921 0.000101829 1 1.40426
1 -0.000203326 0.00131953 -0.00927811 0.000203358 0.999999 -9.70225e-05 -0.0167773 -0.00131915 9.67548e-05 1 1.36948
0.999999 -0.00120853 -0.000503022 -0.00370529 0.00120822 1 -0.000784051 -0.014134 0.000503579 0.000783974 1 1.39928
1 -0.000901053 0.000136962 0.00350418 0.000900871 0.999999 -1.00002e-05 -0.0119723 -0.000136645 9.57541e-06 1 1.38501
1 -0.000438511 -0.000141074 -0.00284913 0.0004386 1 -0.000602152 -0.0111535 0.000141032 0.000602667 1 1.36387
1 -0.000681354 -9.75324e-06 -0.00332865 0.000681185 0.999999 -0.00107724 -0.0152757 1.08e-05 0.00107648 1 1.39516
0.999999 -0.000503452 -0.000130433 -0.0106791 0.00050354 1 -0.000856795 -0.0117339 0.000130691 0.000857576 1 1.35067
1 -0.000753132 -0.00136936 -0.00349014 0.000752882 1 -3.75433e-05 -0.0134395 0.00136952 3.56209e-05 0.999999 1.38308
0.999998 -0.00149739 -0.000522396 -0.00636769 0.00149809 0.999999 0.000938616 -0.0189195 0.000520917 -0.00093853 1 1.36966
1 -0.00160341 0.000291963 -0.00605869 0.00160305 0.999998 0.00034903 -0.0158959 -0.000292395 -0.000349483 0.999999 1.34377
0.999999 2.28933e-06 -0.000802832 -0.00436928 -1.39157e-06 1 0.000686342 -0.00705403 0.000802692 -0.0006854 1 1.38327
1 -0.000965339 0.000463758 -0.00691195 0.000964988 0.999999 -0.00021766 -0.0131691 -0.000463452 0.000217175 1 1.34076
0.999998 -0.000719591 0.000150453 -0.00409107 0.000719905 1 0.000702573 -0.0190809 -0.000151059 -0.000701543 1 1.37694
1 -0.000919727 0.000311903 -0.00849482 0.0009194 1 -0.000242955 -0.014445 -0.000311528 0.00024233 1 1.34565
0.999996 0.000779563 -0.00178335 -0.0063315 -0.000779224 1 -8.14993e-06 -0.0127974 0.00178318 1.03769e-05 0.999999 1.35862
1 0.000703512 0.000321384 -0.00894105 -0.000703578 1 -0.000637171 -0.0131345 -0.000321657 0.000636067 1 1.35198
0.999997 0.000557957 0.00127623 -0.00942961 -0.000557973 1 0.00021574 -0.013437 -0.00127627 -0.000215562 1 1.34307
1 -0.000423649 -0.000205875 -0.00205481 0.000423406 1 0.00019021 -0.0190954 0.00020591 -0.000191175 0.999999 1.35754
0.999998 0.000129655 0.000712578 -0.00945891 -0.000129398 1 1.7139e-05 -0.00799214 -0.000712596 -1.63142e-05 1 1.32532
1 -0.00053648 0.000240035 -0.00704514 0.000536361 1 -0.000697713 -0.022343 -0.000239621 0.000696849 0.999999 1.35947
0.999998 3.35646e-05 -5.02166e-06 -0.00684699 -3.33278e-05 1 -0.000620693 -0.0171047 5.08484e-06 0.000621767 1 1.33253
1 -0.000994068 0.000680456 -0.00914679 0.000994142 0.999999 -0.000400733 -0.0184545 -0.000680157 0.000400313 1 1.30798
0.999997 -0.00126937 0.000400701 -0.00177148 0.00126896 0.999999 0.00125639 -0.0136883 -0.000402198 -0.00125476 1 1.35528
1 -0.00221102 0.00121257 -0.0023341 0.00220929 0.999996 0.00136539 -0.0127819 -0.00121569 -0.00136385 0.999998 1.30648
0.999997 -0.00155792 0.000197259 -0.00313596 0.00155769 0.999999 0.00119696 -0.0194067 -0.000199004 -0.00119542 1 1.34705
1 -0.000866091 0.00105415 -0.00512818 0.000866354 0.999999 -0.000252344 -0.0201454 -0.00105401 0.000252014 0.999999 1.32544
0.999994 0.00129826 0.00219577 -0.00456496 -0.00129462 1 -0.00167431 -0.0118596 -0.0021978 0.00167268 0.999997 1.29914
1 0.00213205 0.000666355 -0.0128692 -0.00213141 0.999994 -0.00100228 -0.0192935 -0.000668581 0.00099961 0.999998 1.35057
0.999989 0.00271099 0.00309954 -0.0171502 -0.00271233 1 0.000455804 -0.00765326 -0.00309811 -0.000462944 0.999998 1.30509
1 0.000630665 -0.000245079 -0.00962949 -0.000630034 0.999992 0.00292003 -0.0122584 0.000246821 -0.00292115 0.999994 1.34213
0.999994 0.000325002 0.00272628 -0.0094087 -0.000331134 1 0.00227975 -0.0099114 -0.00272545 -0.00227938 0.999996 1.31455
1 -0.000540957 1.97788e-05 -0.00796847 0.000540881 0.999993 0.00257686 -0.0147282 -2.12691e-05 -0.00257805 0.999995 1.351
0.999996 0.000509058 0.00137454 -0.0082518 -0.000508602 1 -0.00034547 -0.0116347 -0.00137452 0.000345987 1 1.33184
0.999998 0.00152976 0.0027176 -0.00704799 -0.00152886 0.999996 -0.000312471 -0.0112747 -0.00271825 0.000307102 0.999993 1.30797
0.999994 0.00217147 0.000726199 -0.010782 -0.00217098 1 -0.000730405 -0.0188012 -0.000727615 0.000730027 1 1.36007
1 -0.000334836 0.00263349 -0.0079166 0.00033366 0.999997 0.000478417 -0.0106096 -0.00263394 -0.000478762 0.999994 1.30754
0.999996 0.000505468 2.35766e-06 -0.0116145 -0.000505597 1 -0.000276108 -0.0138169 -2.21553e-06 0.000277424 1 1.35407
1 -0.000227812 0.00120375 -0.0068274 0.000228092 0.999998 -0.0001387 -0.0113967 -0.00120413 0.000137647 0.999997 1.33188
0.999993 -0.000318426 0.00227315 -0.00232842 0.000315781 1 0.00111384 -0.0145852 -0.00227311 -0.00111177 0.999999 1.31795
1 -0.000505377 -0.00013687 -0.0111402 0.000505536 0.999998 0.000524409 -0.00715611 0.000136188 -0.000525918 0.999998 1.36201
0.999991 -0.00242162 0.00147737 -0.00504786 0.00241938 0.999998 0.00150051 -0.0244549 -0.00148059 -0.00149548 1 1.31299
1.00001 -0.000103409 -0.000347393 -0.00679374 0.000103155 0.999998 -0.000716578 -0.00974553 0.000347136 0.000715041 0.999997 1.36143
0.999994 -0.00169018 -0.000232608 -0.00209155 0.0016903 1 0.000485081 -0.0207247 0.000231899 -0.000483935 1 1.33599
1 -0.00330926 -0.000250682 4.50016e-05 0.00330926 0.999992 0.000543159 -0.0266645 0.000248686 -0.000545558 0.999996 1.31106
0.999991 -0.00153548 -0.00236087 -0.0127971 0.00153658 1 0.000402041 -0.0190604 0.0023604 -0.000404136 1 1.35109
1 -0.00225385 -0.000107286 -0.000503435 0.00225388 0.999995 0.000309804 -0.0254274 0.000106413 -0.000311554 0.999996 1.32431
0.999992 -0.00111058 -0.00201376 -0.00938891 0.00111059 1 7.09649e-06 -0.0170355 0.0020138 -7.75741e-06 1 1.35888
1 -0.00103933 0.0013629 -0.000780033 0.00103697 0.999996 0.00173093 -0.00808045 -0.0013647 -0.00173119 0.999994 1.33024
0.999989 -2.51992e-05 -0.00321161 -0.0169151 2.56344e-05 1 0.000181401 -0.0125966 0.00321155 -0.000179833 1 1.35592
1.00001 0.000346118 -0.000800952 -0.00556071 -0.000347391 0.999998 -0.00169218 -0.0134047 0.000800428 0.00169084 0.999994 1.34235
0.999992 -0.00117099 0.00165544 0.00640458 0.00117266 1 -0.00111752 -0.0154339 -0.00165427 0.00112105 1 1.3219
0.99998 -0.00696127 -0.00226839 -0.00297055 0.00696058 0.999974 -0.000378099 -0.031572 0.00227106 0.000360753 0.999993 1.36263
0.999962 -0.00785484 0.0002536 0.0073334 0.00785386 0.999966 0.00324246 -0.0124174 -0.00027911 -0.00323891 1 1.33875
0.999989 -0.00523568 -0.00306253 0.00280683 0.00523513 0.999985 -0.000199263 -0.0221704 0.0030635 0.000181791 0.999991 1.35965
0.99999 -0.00265194 -4.72273e-05 -1.82826e-05 0.0026518 0.999997 -0.00199652 -0.0212357 5.25332e-05 0.00199787 1 1.3398
1 0.00192035 0.00102598 -0.000968283 -0.00191823 0.999994 -0.00216385 -0.0214441 -0.00103012 0.00216037 0.999993 1.34871
0.999992 0.00175124 -0.000474419 -0.0137678 -0.00175191 0.999999 -0.0015589 -0.00462464 0.000471658 0.0015613 1 1.35176
1 0.00109406 0.00193264 -0.00289955 -0.00109465 0.999998 0.000238241 -0.0294819 -0.00193243 -0.000241996 0.999994 1.33724
0.999991 -0.0023025 -0.00109091 0.00232279 0.0023075 0.999988 0.00455626 -0.00777784 0.00108043 -0.00455714 0.999993 1.34416
0.999988 -0.00605444 0.000712883 0.00774029 0.00605273 0.999977 0.00237552 -0.0208731 -0.000727272 -0.00237278 0.999994 1.3476
0.999983 -0.00472539 0.00052638 0.0032402 0.00472464 0.99999 0.00133052 -0.0207195 -0.00053268 -0.00132634 1 1.33511
1 -0.00322447 -0.000785731 0.00125432 0.003224 0.999992 -0.000555001 -0.0192032 0.000787636 0.000550751 0.999996 1.34479
0.999991 0.00150624 0.00221571 -0.00501438 -0.00150842 0.999999 0.00101434 -0.000453823 -0.00221423 -0.00101603 1 1.3331
0.999996 0.00456559 0.000176881 -0.00690735 -0.00456588 0.99999 0.00131824 -0.0124273 -0.000170923 -0.00132073 0.999996 1.35398
0.999974 0.00474993 0.0040639 -0.0118929 -0.00474684 0.999989 -0.000770755 -0.0125029 -0.00406754 0.00075315 0.999996 1.33345
1 0.00281285 -0.000486531 -0.00778123 -0.00281289 0.999995 4.14358e-05 -0.0110442 0.000486722 -4.17909e-05 0.999996 1.36322
0.999994 -0.000784748 0.000706599 -0.00628083 0.000785009 1 -0.00027809 -0.0164566 -0.00070663 0.000280361 1 1.36022
1.00001 0.000417771 0.0013113 -0.0111267 -0.000416818 0.999999 -0.000840394 -0.019458 -0.00131145 0.000838122 0.999994 1.33048
0.999992 0.000942783 -0.0020902 -0.0137891 -0.000945464 0.999999 -0.00133428 -0.0134731 0.00208858 0.00133815 1 1.37673
0.999996 0.00422938 0.000211648 -0.0139287 -0.00422888 0.999987 -0.00297105 -0.0260874 -0.000223921 0.00296817 0.999992 1.32064
0.999965 0.00760773 -0.00106543 -0.0129559 -0.00760756 0.999972 5.70957e-05 -0.00284568 0.00106545 -4.69832e-05 1 1.37759
0.999997 0.00407092 -0.000129656 -0.0151753 -0.00407091 0.999991 0.00109185 -0.00664229 0.000134489 -0.00109332 0.999997 1.36929
0.999987 0.00382363 0.00148018 -0.00953814 -0.00382675 0.999991 0.0021895 -0.00859826 -0.00147212 -0.00219306 0.999999 1.36545
1 0.0032781 -0.000740103 -0.0047544 -0.00327542 0.999988 0.00370781 -0.00796076 0.000752547 -0.00370739 0.999991 1.38002
0.999985 -0.00452724 -0.000680923 0.000347983 0.00452835 0.999989 0.00146696 -0.017511 0.000674054 -0.00146799 1 1.3724
0.999996 -0.00337039 -0.0025214 -2.16674e-05 0.00337321 0.999993 0.00121827 -0.0253745 0.00251761 -0.00122887 0.999993 1.3805
0.999994 -0.00170491 0.000556603 -0.00612505 0.00170813 0.999985 -0.00531941 -0.0107459 -0.000547993 0.00532235 0.999989 1.36792
0.999995 0.00117305 -0.00403412 -0.00484892 -0.00116627 0.999997 0.00179927 -0.007088 0.00403675 -0.00179656 0.999987 1.38594
0.999995 0.00126204 0.000207953 -0.00668725 -0.00126136 1 -0.000849876 -0.0149817 -0.000209472 0.000851621 1 1.38792
0.999989 0.00545926 0.00103343 -0.0109663 -0.00546202 0.999982 0.00208103 -0.0125149 -0.00102151 -0.00208855 0.999995 1.3631
0.999996 0.000681073 -0.000769141 -0.00993728 -0.000677989 0.999997 0.00317518 -0.0077012 0.000770759 -0.00317271 0.999998 1.40534
0.999999 -0.00159197 0.00274419 -0.0137845 0.00157967 0.999988 0.00424499 -0.0190135 -0.00275031 -0.0042426 0.999984 1.3796
0.999995 0.000750896 -0.00133652 -0.00716709 -0.000749221 1 0.0008239 -0.00847234 0.00133648 -0.000820958 1 1.42773
0.999997 -0.00385751 0.000544872 -0.00269226 0.00385627 0.999991 0.00149296 -0.0254809 -0.000549886 -0.00149288 0.999996 1.40214
0.999985 -0.00432372 0.000915233 -0.00449122 0.00432262 0.99999 0.00158352 -0.0247402 -0.00092276 -0.00157761 1 1.375
0.999997 -0.00392108 0.000408273 0.0034681 0.00392034 0.999991 0.00108254 -0.0208584 -0.000411768 -0.00108301 0.999997 1.43212
0.99999 -0.000739858 0.00309331 -0.000981419 0.000735976 1 0.00137336 -0.00158035 -0.00309504 -0.00136908 0.999997 1.39427
0.999994 -0.00453913 -0.000350263 -0.000432771 0.0045395 0.999987 0.00219385 -0.0212283 0.000341125 -0.00219742 0.999995 1.4332
0.99999 -0.00311118 0.00109258 0.000749577 0.00310862 0.999992 0.00268562 -0.023474 -0.00110177 -0.00268027 0.999998 1.38601
1 0.00177367 -0.00196099 -0.0113432 -0.00178145 0.999991 -0.00369997 -0.0181908 0.00195519 0.00370141 0.999989 1.43755
0.99997 0.00707274 0.000416983 -0.016203 -0.00707021 0.999966 -0.00454913 -0.0110848 -0.000449879 0.0045482 0.999992 1.41875
0.999952 0.00981906 0.00334275 -0.0227914 -0.00982058 0.999952 0.000289773 -0.0111766 -0.00333916 -0.000324621 0.999993 1.40513
0.999983 0.00469953 -0.00170635 -0.0311556 -0.00469224 0.999981 0.00394162 -0.020866 0.00172422 -0.00393153 0.999992 1.45391
1 0.00132933 0.00255564 -0.00988365 -0.00133759 0.999995 0.00299873 -0.0172947 -0.00255094 -0.00300421 0.999992 1.42472
0.999992 -0.000327924 -0.00235544 -0.00531375 0.000333049 0.999998 0.00194132 -0.00882172 0.00235411 -0.00194012 0.999997 1.45099
1.00001 -2.1086e-05 -0.000929266 0.000512316 1.9347e-05 1 -0.00127767 -0.0093994 0.000930155 0.00127571 0.999999 1.43892
0.999995 -4.61633e-05 0.000278968 0.0035555 4.72438e-05 0.999998 -0.00203977 -0.0121917 -0.000279538 0.00204172 1 1.41603
1 -5.85424e-05 -0.00171003 -0.0105972 5.75419e-05 1 -0.000240558 -0.00565173 0.0017108 0.000238547 0.999997 1.46678
0.999995 0.000344351 6.71702e-05 -0.00925333 -0.000343916 1 0.00117721 -0.0115272 -6.75984e-05 -0.00117538 1 1.41375
1 0.00148421 -0.00128349 -0.0168845 -0.00148391 0.999999 0.000717343 -0.0181018 0.00128552 -0.0007173 0.999998 1.48415
0.999994 -0.000879639 -6.81913e-05 -0.00992212 0.000880304 0.999999 0.00133706 -0.0123379 6.59976e-05 -0.00133532 1 1.46195
1.00001 -0.00039445 0.00112107 -0.00311281 0.000393269 1 0.000505766 -0.00990938 -0.00112024 -0.000507195 0.999999 1.4392
0.999994 -0.000502024 -0.000622974 -0.00894092 0.000502583 1 -0.000137807 -0.0180491 0.000621913 0.000139315 1 1.49733
1.00001 0.000246916 0.00214589 -0.000444721 -0.000245657 1 -0.000873681 -0.0128137 -0.00214502 0.000871248 0.999998 1.44281
0.999984 0.00178643 -0.00341953 -0.0163857 -0.00178296 0.999998 0.000859437 -0.0133005 0.00341991 -0.000851388 0.999993 1.48937
1.00001 0.00158067 0.00204048 -0.00387638 -0.00158101 0.999999 -9.80265e-05 -0.0132812 -0.00203959 9.2817e-05 0.999999 1.45426
0.999985 0.0014905 -0.0032681 -0.014261 -0.0014912 0.999999 -0.000360164 -0.0119642 0.00326657 0.000366934 0.999994 1.49181
1.00001 0.00053832 -0.000403379 -0.00974 -0.000538789 1 9.17738e-05 -0.0117208 0.00040434 -9.34063e-05 1 1.48818
0.999991 0.00126439 0.0011956 -0.0113217 -0.00126401 0.999999 0.000106483 -0.0108374 -0.00119638 -0.000106158 0.999999 1.47846
1.00001 -0.00103041 -0.000441173 -0.00930868 0.00102981 1 1.83185e-05 -0.0195748 0.000442134 -2.06732e-05 1 1.50544
0.999986 -0.0032365 0.000979614 -0.00636232 0.00323698 0.999996 0.000297969 -0.0204133 -0.000981427 -0.000292911 0.999999 1.48041
1.00001 0.000231438 -0.000786367 -0.00169064 -0.000232159 0.999999 0.000136386 -0.00652629 0.000787284 -0.000138202 1 1.50325
0.999992 -0.000224474 -0.000211821 -0.00705767 0.000225505 1 0.000797694 -0.0131368 0.000210791 -0.000795764 0.999999 1.49233
1.00001 -6.31768e-05 0.00213852 -0.0123285 6.28133e-05 0.999999 -0.000226478 -0.00771144 -0.00213764 0.000224553 0.999998 1.48959
0.999988 0.000396791 -0.00253742 -0.00763885 -0.000394501 1 0.000574911 -0.0129241 0.00253663 -0.000571844 0.999996 1.50333
1.00001 -0.000449856 0.000859926 -0.00770872 0.00044908 0.999999 -0.00029787 -0.0167436 -0.000858785 0.000296169 1 1.5062
0.999989 0.00020111 -0.00233635 -0.00958174 -0.000197032 1 0.00130093 -0.00590243 0.00233564 -0.00129821 0.999996 1.50762
1.00001 -0.00104973 0.00106201 -0.00820765 0.00104736 0.999999 0.0012701 -0.0238163 -0.00106245 -0.00127118 1 1.50665
0.999988 -0.000212029 0.00268781 -0.00638548 0.000212747 1 0.000125356 -0.0159311 -0.00268874 -0.00012259 0.999995 1.49549
1.00001 -5.87445e-05 -0.000998976 -0.0108485 5.6669e-05 1 -0.0010626 -0.0133125 0.000999882 0.00106028 1 1.52845
0.999988 0.00013956 0.00228865 -0.00546674 -0.000136653 1 -0.000864327 -0.0144597 -0.00228958 0.000866238 0.999995 1.51065
1.00001 0.000573749 -0.000613349 -0.0102165 -0.000574423 1 0.000318089 -0.0156916 0.000614337 -0.00031994 1 1.52571
0.999991 -0.000371623 -0.000225731 -0.00632966 0.000372782 1 0.00122007 -0.0194403 0.000224494 -0.00121802 0.999997 1.52521
1.00001 6.66915e-05 0.00106298 -0.00961839 -6.82226e-05 1 0.000571327 -0.0170286 -0.00106217 -0.000573525 1 1.5124
0.999991 0.000229002 -0.000869823 -0.00032478 -0.000227877 1 0.000359203 -0.0185241 0.000869098 -0.0003569 0.999997 1.54489
1.00001 -0.00108159 0.00146877 -0.0140594 0.00107826 0.999998 0.00170406 -0.0159116 -0.00146969 -0.00170469 1 1.51412
0.99999 -0.000686957 -0.00120669 -0.00671052 0.000689644 0.999999 0.00152314 -0.0143833 0.00120478 -0.00152164 0.999995 1.54508
1.00001 -0.000573936 0.001658 -0.00893109 0.000571083 0.999999 0.00124174 -0.00834862 -0.00165784 -0.00124311 1 1.51498
0.999989 -0.000812278 -0.00136254 -0.00523493 0.000812688 1 -0.000236973 -0.0166154 0.00136177 0.000238102 0.999995 1.55272
1.00001 -0.000466796 1.55234e-06 -0.0039938 0.000465968 0.999999 0.000283449 -0.00515918 -9.45149e-07 -0.000285724 1 1.53009
0.999988 -0.000457602 0.00211879 -0.00120895 0.000457202 1 0.000574372 -0.0115819 -0.0021198 -0.000571183 0.999994 1.52339
1.00001 -0.000162217 -0.00115613 0.000755504 0.000161196 0.999999 -0.00020063 -0.0165555 0.00115688 0.000198253 1 1.53378
0.999989 0.00124487 0.00137307 -0.00371558 -0.00124329 1 -0.000608243 -0.0171528 -0.00137458 0.000608647 0.999996 1.52686
1.00001 -0.00254498 0.000259288 0.0032288 0.00254387 0.999995 0.00169785 -0.00741491 -0.000262939 -0.00169934 1 1.54046
0.99999 0.000143544 -0.000109126 -0.00118513 -0.000142943 1 -0.000197512 -0.00427265 0.00010851 0.000199714 0.999997 1.54175
1.00001 0.000721558 0.000965515 -0.011843 -0.000723039 0.999999 0.000748597 -0.0203737 -0.00096439 -0.000751404 1 1.5287
0.99999 0.000907034 -0.00087971 -0.00388395 -0.000905312 0.999999 0.00116437 -0.0141233 0.000880116 -0.00116154 0.999996 1.52895
1.00001 0.000917983 0.00235242 -0.0111796 -0.000918699 0.999999 -1.36926e-05 -0.00985274 -0.00235171 9.52552e-06 1 1.54185
0.999989 0.00128654 -0.0014568 -0.00712898 -0.00128548 1 0.000225078 -0.0161111 0.0014565 -0.000221202 0.999995 1.53451
1.00001 0.000827874 0.00110439 -0.00860676 -0.000828027 0.999999 -0.000523184 -0.0134447 -0.00110425 0.00052033 1 1.53853
0.999984 0.00102048 0.00331336 -0.0128821 -0.00102297 0.999999 0.000974506 -0.0182867 -0.00331288 -0.000975934 0.999991 1.53243
1.00001 0.000293611 -0.00136928 -0.00521781 -0.000294557 1 -0.000135038 -0.0108735 0.00136973 0.000133455 1 1.54137
0.999985 0.000789236 0.00296359 -0.0108499 -0.000789167 1 0.000223573 -0.0166948 -0.0029638 -0.000223892 0.999992 1.52912
1.00001 -0.000755302 -0.000441165 -0.00632776 0.000754499 0.999999 -0.000335605 -0.00739279 0.000441889 0.000333268 1 1.54684
0.99999 0.000256461 0.00113093 -0.00435055 -0.000256846 1 0.000917017 -0.0106157 -0.00113112 -0.000915247 0.999995 1.53929
1 -0.000527326 0.00364414 -0.00355527 0.000518927 0.999996 0.00211061 -0.00597001 -0.00364483 -0.0021107 0.999995 1.52509
0.99999 0.000261995 -0.000918355 -0.00316741 -0.000260786 1 0.00060704 -0.00923773 0.000918085 -0.000604684 0.999996 1.55356
1.00001 0.000267938 0.00255532 -0.00104652 -0.000267791 0.999999 -0.000294017 -0.00651737 -0.00255493 0.000291216 1 1.52036
0.999983 -0.000118558 -0.00341329 -0.0162981 0.00012006 1 0.000294363 -0.00519114 0.00341278 -0.000292667 0.999991 1.55281
1.00001 0.000289927 -0.000788201 -0.00603525 -0.000289432 0.999998 0.00131147 -0.00774609 0.000788942 -0.00131337 1 1.54712
0.999987 -0.000494153 0.00178415 -0.00429747 0.000494096 1 0.000360845 -0.0122414 -0.0017847 -0.000357833 0.999995 1.53052
1 0.00049579 -0.00364222 -0.0126518 -0.000499573 1 -0.000877085 -0.0142249 0.00364221 0.000876951 0.999997 1.56312
0.999985 0.000404959 0.00297581 -0.00111579 -0.00040797 0.999999 0.00121868 -0.0100286 -0.00297567 -0.0012179 0.999991 1.53777
1.00001 -6.02113e-06 -0.00308084 -0.0119596 9.31159e-06 1 0.00127353 -0.00808749 0.00308125 -0.00127567 1 1.57282
0.999989 -0.000256917 -0.000793209 -0.00915352 0.000258073 0.999999 0.000645429 -0.0173982 0.000792668 -0.00064351 0.999995 1.56396
1.00001 0.000194791 0.00120018 0.000484291 -0.000197401 1 0.00157161 -0.016852 -0.00119952 -0.00157392 1 1.54228
0.999984 0.00165579 -0.00285728 -0.0116553 -0.00165527 0.999998 -0.000104007 -0.0172107 0.00285677 0.000110812 0.999991 1.58218
1 0.00074192 0.00439916 0.00275365 -0.000738242 1 -0.00102041 -0.0165292 -0.00439975 0.00101507 0.999995 1.5631
0.999989 0.000676748 -0.00156615 -0.00982928 -0.000676615 0.999999 -0.000427372 -0.0168419 0.00156564 0.000430513 0.999994 1.59507
1.00001 -0.000644239 0.000320266 -0.00535937 0.000643539 1 -6.92985e-05 -0.0138615 -0.000320027 6.7533e-05 1 1.58654
0.999987 -0.0013742 0.00225514 0.00817682 0.00137664 0.999998 -0.000792569 -0.0225064 -0.0022542 0.000797608 0.999993 1.57088
1.00001 -0.000188508 3.8649e-06 0.00286418 0.000187842 1 -0.000949043 -0.0138557 -3.65976e-06 0.000947019 1.00001 1.59984
0.99999 2.62476e-05 0.00126621 -0.00690405 -2.46534e-05 0.999999 -0.000763355 -0.0118173 -0.00126625 0.000765365 0.999994 1.60401
1.00001 0.000261368 -0.00282268 -0.0048221 -0.000261855 1 3.57863e-05 -0.00568638 0.00282271 -3.70559e-05 1 1.60678
0.999988 0.000625973 -0.00202806 -0.00749506 -0.000624197 0.999999 0.000574411 -0.00858674 0.00202838 -0.000571072 0.999993 1.60712
1.00001 0.00091798 0.00145743 -0.0134316 -0.00092123 0.999998 0.00181697 -0.00584091 -0.00145569 -0.00182037 1 1.61747
0.999989 -0.0012457 -0.00139514 0.00144333 0.00125096 0.999993 0.00343234 -0.0135517 0.00139083 -0.00343204 0.999989 1.63129
1.00001 -0.000724469 0.00253683 -0.0109177 0.000722599 1 0.000530403 -0.0122595 -0.00253719 -0.000530669 1 1.60929
0.99999 -0.000714478 -0.000709859 -0.00421961 0.000714187 0.999999 -0.00109189 -0.0296996 0.000710588 0.0010935 0.999994 1.64021
1.00001 -0.000425118 0.00274708 -0.00723023 0.000424716 1 -2.58209e-05 -0.00691265 -0.00274693 2.48291e-05 1 1.60941
0.999989 0.000121521 -0.000774249 -0.00489762 -0.000120592 1 0.000657577 -0.00950794 0.000774182 -0.000655302 0.999994 1.63475
1.00001 -9.13114e-05 0.000591683 -0.00193302 9.0825e-05 1 9.34714e-05 -0.0160113 -0.00059154 -9.5567e-05 1.00001 1.62356
0.999985 0.000467416 0.00285562 -0.0105888 -0.000466524 1 -0.000150664 -0.00234631 -0.00285582 0.000151489 0.99999 1.61153
1.00001 -6.29452e-05 -0.00131534 -0.00217427 6.51495e-05 0.999997 0.00206581 -0.00492694 0.00131538 -0.00206802 1 1.62288
0.999986 -9.34481e-06 0.00230712 -0.00817446 5.61356e-06 0.999999 0.00183983 -0.00973181 -0.00230727 -0.0018377 0.999988 1.60708
1.00001 2.65765e-05 -0.00191981 0.00629065 -2.19545e-05 0.999996 0.00269499 -0.00072066 0.00191998 -0.00269702 1 1.62359
0.999989 0.000328237 -0.000108622 -0.00366471 -0.000327613 1 0.000640292 -0.00779569 0.000108672 -0.000638194 0.999992 1.61081
1.00001 -0.00059709 0.00174057 -0.00958779 0.000589451 0.999991 0.00405226 0.00356658 -0.00174283 -0.00405326 0.999998 1.61042
0.999988 0.000690682 -0.00153969 -0.00287842 -0.000687184 0.999999 0.00188831 0.00699789 0.0015408 -0.00188519 0.99999 1.61545
1.00001 0.00147359 0.00126767 -0.0132482 -0.00147676 0.999996 0.00209013 -0.0196416 -0.00126427 -0.00209396 1.00001 1.59527
0.999984 0.00107268 -0.00268422 -0.00613262 -0.00106604 0.999997 0.00227699 -0.00583678 0.00268632 -0.00227225 0.999986 1.61478
1.00001 1.18446e-05 -0.000591758 -0.00637693 -1.00955e-05 0.999992 0.00385471 -0.0110821 0.000592115 -0.0038565 1 1.61104
0.999988 0.000809993 0.00117655 -0.0114086 -0.000811361 0.999999 0.00157497 -0.00516882 -0.00117561 -0.00157403 0.99999 1.59276
1.00001 0.000462267 -0.00300743 -0.00458665 -0.000455733 0.999997 0.00234579 -0.00934666 0.00300892 -0.00234625 1 1.61254
0.999989 -0.000183585 0.000337923 -0.00840704 0.000183587 1 0.00128702 -0.0127562 -0.000338548 -0.00128514 0.999992 1.57915
1.00001 -0.000924909 -0.00272144 -0.00461376 0.000926859 0.999999 0.000883169 -0.0111495 0.00272103 -0.000887544 1 1.60823
0.999988 -0.000675591 -0.00103685 -0.00284289 0.000677092 0.999999 0.00103426 -0.0153332 0.00103573 -0.00103312 0.999991 1.59478
1.00001 -0.000988266 0.000346743 -0.00708704 0.00098742 0.999999 0.00116546 -0.0159242 -0.000347429 -0.00116695 1.00001 1.56661
0.999988 -0.00039257 -0.000800861 -0.00114136 0.000393804 1 0.00101666 -0.00895981 0.00079997 -0.00101517 0.999991 1.60427
1.00001 -0.00029756 0.000683491 -0.0102885 0.000297097 0.999999 0.000197078 -0.00340852 -0.000682958 -0.000198685 1.00001 1.57147
0.999988 -0.000183007 -0.00079305 -0.0040767 0.000183759 1 0.000572168 -0.0110122 0.000792329 -0.000570461 0.999992 1.60723
1.00001 -0.000295774 0.000255804 -0.00339267 0.000295282 0.999999 0.00068895 -0.00771592 -0.000255392 -0.000690769 1.00001 1.58852
0.999987 -0.00018737 0.00155755 -0.0096443 0.000186155 1 0.000986447 -0.000586482 -0.00155832 -0.000984261 0.999991 1.56597
1.00001 -0.000203186 -0.000937453 -0.00524858 0.000203329 1 0.000484321 -0.00801347 0.000937934 -0.000486338 1.00001 1.60424
0.999988 -0.000263867 0.00152857 -0.00494415 0.00026199 1 0.00136738 0.00234454 -0.00152947 -0.00136523 0.999991 1.56783
1.00001 -0.000277799 -0.000841379 -0.00375261 0.00027821 0.999999 0.000752076 -0.014293 0.000841649 -0.000754035 1.00001 1.60232
0.999989 -0.000715976 0.00024725 -0.00166891 0.000715837 0.999999 0.00123435 -0.00350478 -0.000248593 -0.00123239 0.999991 1.58852
1.00001 -0.000744697 0.00125886 -0.003848 0.00074306 0.999999 0.00114972 -0.0165067 -0.00125924 -0.00115056 1.00001 1.57202
0.999988 -0.000304824 -0.00103189 -0.0021698 0.00030486 1 -0.000192047 -0.0225531 0.00103153 0.000193496 0.999991 1.6047
1.00001 -4.41283e-05 0.00198869 -0.0066673 3.89901e-05 0.999996 0.0024987 0.0083003 -0.0019884 -0.00250037 1 1.58415
0.999988 0.000330284 -0.00103888 -0.00247801 -0.000327069 0.999996 0.00292212 0.00397167 0.00103944 -0.00292006 0.999987 1.59929
1.00001 0.000351312 0.00178456 -0.00953452 -0.000353181 0.999999 0.000920077 -0.0177562 -0.00178386 -0.000922442 1.00001 1.58098
0.999989 6.63627e-05 -0.000645492 0.00064348 -6.55103e-05 1 0.000949932 -0.00730421 0.000645196 -0.000948095 0.999991 1.60089
1.00001 -0.000187941 0.000363921 -0.004348 0.000187768 0.999999 -0.000213095 -0.0172701 -0.000363535 0.000211337 1.00001 1.59647
0.999987 -7.58056e-05 0.00207207 -0.00861204 7.3076e-05 1 0.00143161 -0.00279018 -0.00207247 -0.00142968 0.999988 1.58631
1.00001 0.000318472 -0.000804335 -0.00479324 -0.000318382 1 0.000403121 -0.00770202 0.000804724 -0.000404584 1.00001 1.61983
0.999988 0.000480509 0.00176039 -0.00793168 -0.000481382 1 0.000662071 -0.0168564 -0.00176023 -0.000661164 0.999989 1.58377
1.00001 0.00117692 -0.000760795 -0.00712061 -0.00117662 0.999999 0.000750324 -0.0144432 0.000761853 -0.000751269 1.00001 1.62947
0.999988 0.000779538 0.000394687 -0.00676882 -0.000779342 0.999999 0.00010961 -0.0115472 -0.000394752 -0.000108043 0.999991 1.60665
1.00001 0.000716633 0.00196063 -0.00872062 -0.000717356 1 0.000224448 -0.0175596 -0.00196027 -0.000227683 1.00001 1.58837
0.999988 0.00041744 -0.000956523 -0.00811135 -0.000416683 1 0.000514767 -0.0215652 0.000956498 -0.000512622 0.999991 1.63112
1.00001 0.000450516 0.0018884 -0.00913867 -0.000452392 0.999999 0.000861558 -0.0161246 -0.00188773 -0.000864151 1.00001 1.59398
0.999987 0.000452539 -0.000868913 -0.0145007 -0.000452002 1 0.000379186 -0.0174111 0.000868761 -0.000377056 0.999991 1.6385
1.00001 0.0007477 0.000442514 -0.00722605 -0.000747966 1 0.000151627 -0.0220973 -0.00044205 -0.00015362 1.00001 1.61994
0.999985 -0.000742098 0.00189753 -0.0123827 0.000740807 0.999999 0.000800441 -0.0169694 -0.00189844 -0.000797385 0.99999 1.60151
