0.999997 0.00187569 -0.00166478 0.0628945 -0.00187605 0.999998 -0.0002191 -0.0674525 0.00166438 0.000222282 0.999999 0.888851
1 -0.000781021 -0.00143582 0.0709002 0.00077922 1 -0.0012975 -0.0607354 0.00143683 0.00129632 0.999999 1.84142
0.999998 -0.000487776 -0.00226983 0.080266 0.00049262 0.999998 0.00210033 -0.0497347 0.00226888 -0.00210138 0.999996 2.76082
0.999988 -0.00347223 -0.00413911 0.0979317 0.00350475 0.999964 0.00792611 -0.0448518 0.00411138 -0.00794052 0.999961 3.72289
0.999921 -0.0107024 -0.00671991 0.107243 0.0107606 0.999905 0.00868334 -0.0355501 0.0066264 -0.00875493 0.999941 4.66022
0.999763 -0.0168517 -0.0139957 0.17967 0.0169095 0.999851 0.00403421 0.00908455 0.0139255 -0.0042699 0.999895 5.58504
0.999657 -0.0196537 -0.0173287 0.196129 0.0196427 0.999807 -0.000794762 0.0346072 0.0173411 0.000454023 0.99985 6.36162
0.99955 -0.0214324 -0.021161 0.20709 0.0213989 0.999771 -0.00179819 0.0493341 0.0211945 0.00134455 0.999777 7.17232
0.999457 -0.0220115 -0.0245813 0.204956 0.0220482 0.999757 0.00123193 0.0451445 0.0245483 -0.00177334 0.999698 8.06675
0.99942 -0.0212198 -0.0267989 0.195576 0.0213395 0.999765 0.00419619 0.0481958 0.0267033 -0.00476557 0.999634 8.99741
0.999371 -0.0225407 -0.027427 0.169818 0.0227237 0.999723 0.0063871 0.0425623 0.0272754 -0.00700643 0.999605 9.94503
0.999343 -0.024028 -0.0273002 0.146022 0.024189 0.999694 0.00558643 0.0689572 0.0271573 -0.00624316 0.999615 10.8404
0.999305 -0.0249914 -0.0276951 0.128734 0.0251362 0.999674 0.00490391 0.0904698 0.0275636 -0.00559673 0.999606 11.7429
0.999012 -0.0288316 -0.0339714 0.212728 0.0289206 0.999582 0.00213523 0.13596 0.0338953 -0.00311565 0.999424 12.5894
0.998834 -0.030668 -0.037352 0.193245 0.0306522 0.999532 -0.000985064 0.142713 0.0373647 -0.000161161 0.999304 13.5468
0.998707 -0.0317042 -0.039868 0.157213 0.0316582 0.9995 -0.00177751 0.12912 0.0399042 0.000512931 0.999207 14.4327
0.998617 -0.0316755 -0.0420512 0.123118 0.031606 0.9995 -0.0023074 0.118944 0.0421033 0.000974906 0.999115 15.3561
0.99853 -0.0300153 -0.0452611 0.0929946 0.0298721 0.999549 -0.00382762 0.113074 0.0453553 0.00246977 0.998972 16.2389
0.998486 -0.0282286 -0.047293 0.0539221 0.0280031 0.999595 -0.00541785 0.117713 0.0474267 0.00408506 0.99887 17.119
0.998237 -0.0319226 -0.0501459 0.0365553 0.0316984 0.999486 -0.00525271 0.115578 0.0502875 0.0036537 0.998733 18.0009
0.998148 -0.0308094 -0.0525283 0.000550091 0.0305108 0.999515 -0.00646891 0.12692 0.0527021 0.00485402 0.998601 18.8975
0.998081 -0.0301664 -0.0541965 -0.0450003 0.0297725 0.999527 -0.00805689 0.126321 0.0544135 0.00642762 0.998503 19.7723
0.997909 -0.0299822 -0.0573312 -0.0926463 0.0295035 0.999524 -0.00917094 0.11141 0.0575789 0.00746006 0.998316 20.6408
0.998016 -0.0286168 -0.0561875 -0.163521 0.0282247 0.999574 -0.00775216 0.0488134 0.056385 0.00615067 0.998395 21.5075
0.998092 -0.0260605 -0.0560476 -0.232465 0.0255285 0.999623 -0.0101792 0.0381105 0.0562918 0.00872866 0.998378 22.3528
0.998355 -0.0265309 -0.050953 -0.30035 0.0258624 0.999575 -0.0137281 0.0691909 0.0512951 0.0123875 0.998612 23.1866
0.998434 -0.0312184 -0.046516 -0.356097 0.0306372 0.999446 -0.0131439 0.0513015 0.0469007 0.0116979 0.998833 23.9947
0.998309 -0.0323014 -0.0484756 -0.379341 0.0318476 0.999445 -0.010096 -0.00476007 0.0487744 0.00853484 0.998779 24.8228
0.998206 -0.0328474 -0.0501471 -0.419398 0.032401 0.99943 -0.00967443 -0.0532626 0.0504364 0.00803187 0.998698 25.6561
0.9982 -0.0303468 -0.0518597 -0.473749 0.029816 0.999498 -0.0109762 -0.097135 0.0521664 0.00940994 0.9986 26.46
0.998146 -0.0287519 -0.0537262 -0.535626 0.0282103 0.999546 -0.0107979 -0.131179 0.0540123 0.00926189 0.9985 27.2508
0.998037 -0.0291018 -0.0555931 -0.573545 0.0287168 0.999561 -0.00770932 -0.197237 0.0557927 0.00609752 0.99843 28.0491
0.997983 -0.0303721 -0.0558271 -0.630444 0.0301537 0.999536 -0.0047381 -0.267181 0.0559451 0.00304474 0.998432 28.8092
0.997911 -0.0296539 -0.0575329 -0.676174 0.0296059 0.999563 -0.0016847 -0.341491 0.0575574 -2.22201e-05 0.998348 29.5686
0.997676 -0.0325274 -0.0599387 -0.721178 0.0327487 0.999462 0.00272667 -0.417748 0.0598178 -0.00468363 0.998201 30.3202
0.997048 -0.0349478 -0.0684911 -0.659292 0.0354681 0.999354 0.00639551 -0.460699 0.0682229 -0.00880594 0.997638 31.0859
0.996936 -0.035752 -0.0696456 -0.741033 0.0363634 0.999313 0.0075427 -0.441634 0.0693282 -0.0100526 0.997547 31.8226
0.996742 -0.0355256 -0.0725354 -0.788872 0.0360647 0.999335 0.00613374 -0.386323 0.0722689 -0.00872982 0.997353 32.5544
0.996502 -0.034889 -0.0760026 -0.802589 0.0353157 0.99937 0.00428812 -0.336981 0.0758052 -0.00695754 0.997102 33.2391
0.996254 -0.0311303 -0.0807929 -0.811459 0.0314258 0.999508 0.00238732 -0.312186 0.0806786 -0.00491751 0.996735 33.9376
0.996007 -0.0307857 -0.0838642 -0.822901 0.0308825 0.999527 -0.000133627 -0.281693 0.0838287 -0.00245712 0.996482 34.5884
0.995803 -0.0313417 -0.0860881 -0.866158 0.0314778 0.999509 0.000222541 -0.268298 0.0860385 -0.00293162 0.996295 35.2605
0.995838 -0.0302405 -0.0860334 -0.946801 0.0306045 0.999531 0.00292462 -0.287823 0.0859046 -0.0055458 0.996293 35.9227
0.995919 -0.0273283 -0.0861159 -1.00281 0.0277454 0.999614 0.00365054 -0.296659 0.0859825 -0.00602509 0.996285 36.5581
0.996061 -0.0245327 -0.085269 -1.05415 0.0247498 0.999696 0.00149935 -0.294885 0.0852063 -0.00360419 0.996362 37.2102
0.996268 -0.0228622 -0.0833337 -1.1094 0.0229751 0.99974 0.000397056 -0.330396 0.0833028 -0.00231034 0.996528 37.8678
0.996346 -0.0246886 -0.0818317 -1.14922 0.0247905 0.999696 0.000239841 -0.345845 0.081801 -0.00226798 0.996651 38.4995
0.996589 -0.0239519 -0.0790937 -1.19925 0.0241844 0.99971 0.00198494 -0.355054 0.079023 -0.00389119 0.996872 39.1815
0.996944 -0.0180504 -0.0760661 -1.25728 0.0184898 0.99982 0.00508542 -0.367516 0.0759605 -0.00647671 0.997096 39.8374
0.997103 -0.0147272 -0.0747433 -1.26956 0.0153971 0.99985 0.0083949 -0.372282 0.0746082 -0.0095216 0.997174 40.396
0.997651 -0.00869523 -0.0680156 -1.35041 0.00928169 0.999926 0.00832053 -0.354196 0.0679383 -0.0089326 0.997656 41.0247
0.997983 -0.00742762 -0.0631805 -1.37054 0.00789657 0.999947 0.00717897 -0.319091 0.0631236 -0.00766376 0.997984 41.5873
0.998342 -0.00226848 -0.0576084 -1.39884 0.00280542 0.999958 0.00925098 -0.318495 0.0575851 -0.00939751 0.998303 42.1108
0.998689 0.00371533 -0.0512229 -1.44396 -0.00319501 0.999947 0.0102383 -0.323584 0.0512578 -0.0100615 0.998643 42.6498
0.999022 0.00585275 -0.0439636 -1.48261 -0.00540608 0.999938 0.0102857 -0.311951 0.0440212 -0.0100382 0.998987 43.1799
0.999215 0.0120165 -0.0380021 -1.47604 -0.0116106 0.999878 0.0108886 -0.326827 0.0381279 -0.0104392 0.999227 43.6649
0.99953 0.0184887 -0.0247062 -1.62142 -0.0183042 0.999808 0.00769486 -0.280904 0.0248438 -0.00723931 0.999674 44.165
0.999606 0.0254371 -0.0126744 -1.72542 -0.0254355 0.999681 0.000300788 -0.200379 0.0126777 2.13029e-05 0.999928 44.5338
0.999555 0.0299702 0.00230433 -1.89563 -0.0299563 0.999539 -0.00592451 -0.138077 -0.00248073 0.00585248 0.999989 45.0092
0.99957 0.0280521 0.00965192 -1.88892 -0.0279788 0.999585 -0.00764007 -0.119464 -0.0098626 0.00736623 0.999934 45.4031
0.99933 0.0281809 0.0236511 -2.01601 -0.0279595 0.999568 -0.00964389 -0.0836367 -0.0239126 0.00897573 0.999683 45.7077
0.998701 0.0249962 0.0446512 -2.40737 -0.0245698 0.999654 -0.0100785 -0.0574226 -0.0448882 0.00896754 0.998963 45.9947
0.997037 0.0250799 0.0728344 -2.93984 -0.0243438 0.999649 -0.0109793 -0.0209864 -0.0730839 0.00917318 0.997295 46.2671
0.996253 0.0296057 0.0814105 -2.90703 -0.0288052 0.999534 -0.0109944 -0.0265875 -0.0816989 0.00860699 0.996635 46.5773
0.993123 0.0281259 0.113745 -3.52272 -0.0263922 0.999517 -0.0167228 0.101886 -0.114161 0.013605 0.993381 46.8223
0.991911 0.027429 0.124053 -3.50344 -0.0256038 0.999549 -0.0162876 0.107565 -0.124445 0.0129782 0.992163 47.1051
0.98531 0.0169668 0.170023 -4.60681 -0.0138433 0.99972 -0.0195467 0.160163 -0.170308 0.0169043 0.985267 47.4238
0.980402 0.00385379 0.197046 -5.04707 0.000696108 0.999746 -0.0230229 0.173666 -0.197086 0.0227072 0.980146 47.6637
0.972177 -0.00507984 0.234267 -5.72766 0.0118261 0.999563 -0.0274071 0.230687 -0.234027 0.0294132 0.971807 48.0282
0.95809 -0.00936585 0.286375 -6.75872 0.0180603 0.999463 -0.0277408 0.202532 -0.285961 0.0317481 0.95774 48.472
0.94178 -0.00872497 0.336172 -7.84453 0.0191967 0.999438 -0.027843 0.186277 -0.335741 0.0326735 0.941412 49.0772
0.924535 -0.01033 0.381006 -8.52588 0.0225727 0.999374 -0.0276833 0.178404 -0.38048 0.0341919 0.924185 49.5915
0.908938 -0.0126098 0.416793 -8.96658 0.0271115 0.999226 -0.0288958 0.209964 -0.416107 0.0375624 0.908568 50.0009
0.90142 -0.0156072 0.432711 -8.83804 0.0296206 0.999245 -0.0256689 0.166073 -0.43198 0.0359525 0.901199 50.138
0.89334 -0.0165471 0.449124 -8.70105 0.0300167 0.999299 -0.0228903 0.123724 -0.44843 0.0339281 0.893203 50.2602
0.881601 -0.0154172 0.471786 -8.65277 0.029031 0.999359 -0.0215955 0.0778763 -0.471147 0.032732 0.881481 50.584
0.871257 -0.0144693 0.490661 -8.47252 0.0285295 0.999381 -0.0211902 0.0693762 -0.490049 0.0324583 0.871123 50.7796
0.861173 -0.0154425 0.508118 -8.25274 0.0292245 0.999403 -0.0191612 0.0466793 -0.507514 0.0313476 0.861108 50.9442
0.84911 -0.0149369 0.528048 -7.99975 0.0278717 0.999488 -0.0165475 0.0202376 -0.527529 0.0287661 0.849084 51.157
0.837107 -0.0138057 0.546904 -7.74098 0.0270143 0.999519 -0.0161216 0.0311067 -0.546414 0.0282668 0.837074 51.2741
0.823339 -0.0142481 0.567411 -7.44594 0.027298 0.999536 -0.0145138 0.0281287 -0.566938 0.0274368 0.823338 51.44
0.808486 -0.0164446 0.588323 -7.11793 0.0306995 0.999442 -0.0142557 0.0286294 -0.587755 0.0295837 0.808535 51.6164
0.791737 -0.0197313 0.61058 -6.77099 0.0350749 0.999312 -0.0131904 0.0273707 -0.609896 0.0318572 0.791878 51.7202
0.774013 -0.0221777 0.632816 -6.3686 0.0395374 0.999143 -0.0133469 0.00473796 -0.631972 0.0353476 0.774224 51.821
0.750946 -0.0198208 0.660102 -6.0203 0.0403582 0.999073 -0.0159152 0.0267322 -0.65917 0.0385895 0.751043 52.0188
0.72975 -0.0200802 0.683453 -5.62411 0.0404003 0.999103 -0.0137866 -0.0253593 -0.682557 0.0376696 0.729904 52.0604
0.705291 -0.0201802 0.708663 -5.23473 0.0410411 0.999095 -0.0123969 -0.0461547 -0.707768 0.0378252 0.705475 52.1263
0.68039 -0.0186243 0.732646 -4.80676 0.0396555 0.999162 -0.0114314 -0.0520863 -0.731813 0.0368285 0.680556 52.1881
0.649755 -0.0163157 0.76 -4.41103 0.0368703 0.999285 -0.0100709 -0.0456406 -0.759287 0.0345624 0.649885 52.3587
0.617081 -0.0152659 0.786783 -4.01914 0.0348718 0.999375 -0.00796279 -0.0290723 -0.786162 0.0323474 0.617226 52.419
0.580805 -0.0199355 0.813825 -3.6524 0.037635 0.999303 -0.00238165 -0.0589344 -0.813209 0.0320088 0.581144 52.4706
0.539187 -0.0211195 0.841952 -3.25239 0.0381714 0.999286 0.000617973 -0.049575 -0.841355 0.0318027 0.539606 52.6094
0.495933 -0.0220797 0.868105 -2.90109 0.0379524 0.999287 0.00373307 -0.0438212 -0.867566 0.0310927 0.496412 52.7174
0.445954 -0.022485 0.894804 -2.48753 0.038283 0.999263 0.0060274 -0.0439268 -0.89427 0.0315654 0.446485 52.89
0.395466 -0.024216 0.918184 -2.06064 0.0412083 0.999128 0.00860055 -0.0272575 -0.917589 0.034433 0.396114 53.0244
0.344839 -0.0265239 0.938316 -1.57153 0.0409145 0.99909 0.0132025 -0.0164548 -0.937803 0.0338358 0.345609 53.15
0.294026 -0.0288573 0.955384 -1.07739 0.0386561 0.9991 0.0182794 -0.00311733 -0.955048 0.0315541 0.294873 53.2487
0.245214 -0.0296022 0.969046 -0.616629 0.0347837 0.999174 0.0217179 0.0329283 -0.968877 0.0283794 0.24604 53.2926
0.19959 -0.0300207 0.97944 -0.0536059 0.0349611 0.999126 0.023498 0.0499708 -0.979288 0.0295497 0.200462 53.3051
0.154781 -0.0325633 0.987441 0.448588 0.0422728 0.998775 0.0263083 0.0659678 -0.987076 0.0376679 0.155967 53.2652
0.112142 -0.0385707 0.992964 0.950625 0.050233 0.998203 0.0330992 0.0584116 -0.992454 0.0461649 0.113876 53.2194
0.0706849 -0.0376045 0.996819 1.48989 0.0546935 0.997948 0.0337663 0.0879821 -0.99603 0.0521306 0.0725965 53.1773
0.0341046 -0.0369014 0.998757 2.0844 0.053641 0.997959 0.0350384 0.101412 -0.99801 0.0523765 0.0360133 53.1645
0.00207193 -0.0377614 0.999315 2.55428 0.0576972 0.997643 0.0375762 0.110901 -0.998365 0.0575774 0.00424617 53.1583
-0.0260612 -0.0405768 0.998857 3.06567 0.0625789 0.997164 0.0421388 0.109498 -0.997732 0.0636027 -0.0234486 53.1173
-0.051013 -0.0441631 0.997752 3.64593 0.0675379 0.996599 0.0475628 0.103515 -0.996444 0.0698098 -0.0478561 53.0866
-0.0717943 -0.0479205 0.996288 4.21139 0.0703063 0.996131 0.0529772 0.0753949 -0.994971 0.0738459 -0.0681474 53.0726
-0.08841 -0.0495936 0.99488 4.77322 0.0689698 0.996074 0.0557799 0.0452866 -0.993726 0.0735456 -0.0846417 53.0479
-0.103157 -0.0558258 0.993118 5.29576 0.0671565 0.995769 0.0629483 -0.0262582 -0.992429 0.073185 -0.0989707 53.0454
-0.114384 -0.0602565 0.991639 5.8773 0.0656715 0.995534 0.068066 -0.0793733 -0.991297 0.0729053 -0.109914 53.0114
-0.124525 -0.0587924 0.990495 6.48278 0.069668 0.995277 0.0678327 -0.0581742 -0.989802 0.0774496 -0.11984 52.9659
-0.13033 -0.0603313 0.989666 7.04563 0.0725796 0.994906 0.0702068 -0.0663758 -0.988845 0.0809767 -0.125286 52.9072
-0.134052 -0.0637 0.988948 7.66202 0.0739571 0.994522 0.0740817 -0.0623981 -0.988246 0.0830674 -0.128605 52.7944
-0.139656 -0.0684948 0.987862 8.31515 0.0716207 0.994311 0.0790652 -0.0422948 -0.987641 0.0817901 -0.133954 52.7743
-0.140489 -0.0807844 0.986804 8.89344 0.0713399 0.993265 0.0914674 -0.0793467 -0.987544 0.0832455 -0.133778 52.6705
-0.141634 -0.0888877 0.985954 9.51902 0.074243 0.99222 0.100116 -0.061447 -0.987166 0.0873767 -0.133931 52.563
-0.14162 -0.094702 0.985405 10.2196 0.0785401 0.991217 0.106546 -0.0470046 -0.986836 0.0924797 -0.132937 52.4432
-0.140005 -0.0953824 0.98558 10.9167 0.081348 0.990895 0.107451 -0.0209628 -0.986839 0.0952152 -0.13097 52.3143
-0.140996 -0.0903873 0.9859 11.6684 0.0822791 0.991325 0.102649 0.0250638 -0.986621 0.0955889 -0.132335 52.2559
-0.137435 -0.081936 0.98715 12.3902 0.0849356 0.991945 0.0941573 0.124003 -0.986899 0.0967809 -0.129367 52.1503
-0.136239 -0.0804028 0.987433 13.0038 0.087964 0.991799 0.0928929 0.212557 -0.986799 0.0995109 -0.128048 52.0848
-0.133814 -0.0848346 0.987404 13.7354 0.088136 0.991381 0.0971189 0.298638 -0.987116 0.100018 -0.125182 51.9827
-0.132734 -0.0905764 0.987031 14.3993 0.0903593 0.99058 0.103051 0.401245 -0.987061 0.102862 -0.123298 51.8923
-0.133322 -0.0921613 0.986814 15.1739 0.0883842 0.990613 0.104455 0.484762 -0.987161 0.101141 -0.123923 51.8592
-0.128551 -0.0859778 0.987994 15.7822 0.0977027 0.990306 0.0988893 0.572096 -0.986916 0.109238 -0.118904 51.7202
-0.126115 -0.0804294 0.988786 16.4632 0.100102 0.990608 0.0933435 0.640278 -0.986989 0.110747 -0.116878 51.6332
-0.123189 -0.0815005 0.989057 17.2157 0.096645 0.990916 0.0936889 0.718523 -0.987704 0.107125 -0.114192 51.5805
-0.115537 -0.0856425 0.989642 17.9913 0.0939144 0.990891 0.0967132 0.79913 -0.988891 0.104111 -0.106439 51.4216
-0.112447 -0.0899517 0.989604 18.7176 0.0970646 0.990154 0.101029 0.844459 -0.988944 0.107412 -0.102607 51.3584
-0.111387 -0.0885029 0.989865 19.2978 0.102301 0.989734 0.100001 0.900066 -0.988535 0.112398 -0.101187 51.3092
-0.108623 -0.0844238 0.990519 20.132 0.10168 0.990235 0.095548 0.973242 -0.988908 0.111091 -0.0989767 51.252
-0.103194 -0.0853019 0.991033 20.9013 0.100567 0.990335 0.0957119 1.02626 -0.989602 0.109538 -0.0936166 51.1802
-0.100448 -0.0879907 0.991071 21.6988 0.0996747 0.990198 0.0980133 1.06639 -0.989976 0.108625 -0.0906912 51.179
-0.0978764 -0.0924701 0.99093 22.3287 0.104224 0.989266 0.102608 1.08458 -0.989764 0.113317 -0.0871863 51.1307
-0.0954618 -0.0928531 0.99112 23.0396 0.111073 0.988448 0.103299 1.13469 -0.989255 0.119943 -0.0840438 51.0795
-0.0933969 -0.0937379 0.991244 23.8889 0.114784 0.987926 0.104238 1.17628 -0.989028 0.12351 -0.0815078 51.0615
-0.092243 -0.0933819 0.991376 24.5469 0.113764 0.988104 0.103657 1.25881 -0.989255 0.12234 -0.0805205 51.0566
-0.0912664 -0.0937935 0.991437 25.2141 0.115939 0.987804 0.104121 1.3414 -0.989093 0.124444 -0.0792772 51.0539
-0.0889666 -0.0938849 0.991629 25.9197 0.117887 0.987577 0.104076 1.43789 -0.989073 0.126155 -0.0767919 51.0534
-0.08652 -0.0932966 0.991911 26.7089 0.116099 0.987898 0.103045 1.53087 -0.9895 0.124071 -0.0746395 51.0242
-0.0846646 -0.0923009 0.992154 27.4164 0.114231 0.988256 0.101684 1.60111 -0.98988 0.121938 -0.073125 51.0207
-0.0805874 -0.0914578 0.992581 28.2498 0.116509 0.988111 0.100504 1.70712 -0.989953 0.12374 -0.0689718 50.9364
-0.0780708 -0.0921856 0.992707 28.9501 0.114006 0.988378 0.100748 1.7686 -0.990448 0.121034 -0.0666523 50.9146
-0.0752059 -0.0920682 0.992948 29.7491 0.113095 0.988536 0.100224 1.86075 -0.990772 0.11983 -0.0639296 50.8515
-0.0711876 -0.0930141 0.993147 30.5208 0.111823 0.988641 0.100606 1.92824 -0.991215 0.118213 -0.0599767 50.821
-0.0656399 -0.0890533 0.993901 31.2827 0.111458 0.989143 0.0959867 2.03403 -0.991637 0.117074 -0.0549998 50.7372
-0.0626092 -0.0877972 0.9942 32.1344 0.110753 0.98938 0.0943443 2.07757 -0.991914 0.116012 -0.0522194 50.7265
-0.0586592 -0.0870266 0.994517 32.8517 0.110099 0.989572 0.0930865 2.13377 -0.992227 0.11495 -0.0484644 50.6732
-0.053021 -0.0867405 0.99485 33.6532 0.104883 0.990247 0.091927 2.1856 -0.99311 0.109212 -0.0434054 50.645
-0.0471942 -0.0868933 0.99514 34.3949 0.101552 0.99065 0.0913163 2.27316 -0.993749 0.105362 -0.0379272 50.6335
-0.0388686 -0.0852407 0.995634 35.07 0.105297 0.990479 0.0889083 2.36624 -0.993721 0.108288 -0.0295223 50.5991
-0.0351399 -0.0842924 0.995861 35.8859 0.105122 0.990617 0.0875566 2.4397 -0.993879 0.107758 -0.0259477 50.5875
-0.0232871 -0.0848346 0.996156 36.5613 0.101916 0.991022 0.0867783 2.50509 -0.994561 0.103539 -0.0144318 50.5418
-0.0186709 -0.0869905 0.996074 37.3583 0.101596 0.990906 0.0884425 2.5855 -0.994691 0.102843 -0.00966198 50.5336
-0.00913075 -0.0860418 0.996284 37.9918 0.103444 0.990887 0.0865221 2.67125 -0.994634 0.103844 -0.000147154 50.4979
-0.00294055 -0.0832675 0.996563 38.801 0.10084 0.991442 0.0831362 2.73798 -0.994941 0.100731 0.00548218 50.5029
0.00275085 -0.0741032 0.997282 39.6187 0.099955 0.992299 0.0734558 2.8114 -0.99503 0.0994755 0.0101363 50.5371
0.0119944 -0.070516 0.997479 40.2104 0.100102 0.992602 0.0689665 2.86111 -0.994948 0.0990164 0.0189652 50.5557
0.0133488 -0.0679822 0.997632 41.0461 0.093433 0.993428 0.0664441 2.92623 -0.995579 0.0923188 0.0196124 50.7084
0.0169995 -0.0718306 0.997312 41.807 0.0906262 0.99344 0.0700059 2.96623 -0.995784 0.0891866 0.0233984 50.8166
0.0196824 -0.0743999 0.997069 42.5468 0.0887946 0.993439 0.0723747 3.0054 -0.995899 0.0871038 0.0261589 50.9183
0.0223835 -0.0778199 0.996756 43.3128 0.0884921 0.993226 0.0755561 3.04378 -0.995869 0.086508 0.0291189 51.0302
0.0292903 -0.0831698 0.996141 44.1435 0.0881338 0.992889 0.0803053 3.10822 -0.995722 0.0854354 0.0364114 51.0909
0.0333745 -0.0900716 0.995417 44.9328 0.0866718 0.992458 0.0868973 3.16779 -0.995722 0.0833684 0.0409299 51.1822
0.0410364 -0.0931082 0.994846 45.7787 0.0878202 0.992154 0.0892323 3.22476 -0.995335 0.0836997 0.0488903 51.2346
0.0452919 -0.0947883 0.994509 46.5107 0.0872207 0.992082 0.0905841 3.22795 -0.995204 0.0826331 0.0532011 51.308
0.0497575 -0.0926102 0.994495 47.3383 0.0890223 0.992162 0.0879377 3.24384 -0.994831 0.0841502 0.0576109 51.4015
0.0545508 -0.0916722 0.994336 48.1576 0.0877166 0.992387 0.0866796 3.26052 -0.994696 0.0824854 0.062177 51.4989
0.0617047 -0.0900916 0.994057 48.9347 0.0860591 0.992711 0.0846265 3.30317 -0.994423 0.0803193 0.0690068 51.584
0.0670904 -0.0917369 0.993564 49.6503 0.0851621 0.992677 0.0859038 3.34701 -0.994151 0.0788448 0.0744119 51.7051
0.0674776 -0.0969217 0.99304 50.3216 0.0916338 0.991688 0.0905621 3.3775 -0.993549 0.0848785 0.0757968 51.8553
0.0692611 -0.106954 0.991892 50.9855 0.0971391 0.990256 0.099994 3.38081 -0.992904 0.0894198 0.0789756 52.0277
0.0659523 -0.116706 0.991012 51.6698 0.0927423 0.989577 0.110364 3.37665 -0.993549 0.0846233 0.0760872 52.2531
0.07083 -0.122038 0.990039 52.4548 0.0888879 0.989337 0.115591 3.44343 -0.993569 0.0798091 0.080922 52.3226
0.0748884 -0.122237 0.989709 53.1979 0.0880432 0.989419 0.115537 3.52689 -0.993344 0.0784779 0.0848567 52.3832
0.0790261 -0.120029 0.989664 53.947 0.0869296 0.9898 0.113102 3.61897 -0.993125 0.0770871 0.0886534 52.4389
0.0828378 -0.116064 0.989819 54.5672 0.0824909 0.990611 0.109251 3.69123 -0.99319 0.0725937 0.0916329 52.5649
0.0880407 -0.110385 0.990026 55.1891 0.0825876 0.991256 0.103176 3.77096 -0.992738 0.072674 0.0963866 52.6457
0.0950001 -0.107345 0.989712 55.8203 0.0866058 0.991318 0.0992046 3.82578 -0.99175 0.0762829 0.103471 52.7001
0.0973331 -0.102777 0.989975 56.5102 0.0902851 0.991492 0.0940559 3.94383 -0.991199 0.0802189 0.105783 52.7856
0.103705 -0.100048 0.989604 57.1551 0.0872531 0.992035 0.0911488 4.04874 -0.990821 0.0768858 0.111607 52.9004
0.106765 -0.0974437 0.989541 57.7171 0.0860218 0.992387 0.0884407 4.16159 -0.990606 0.0756736 0.114334 52.9876
0.107071 -0.0991809 0.989334 58.3981 0.0839568 0.992388 0.0903996 4.21575 -0.990748 0.0733746 0.114581 53.0743
0.106193 -0.0995804 0.98939 59.024 0.0837797 0.992358 0.0908848 4.27228 -0.99086 0.0732334 0.113724 53.1524
0.103954 -0.0999567 0.989588 59.6684 0.085306 0.992195 0.0912575 4.34285 -0.990965 0.0749234 0.111668 53.2482
0.104259 -0.0983708 0.989716 60.2857 0.0853599 0.992338 0.089637 4.41772 -0.99093 0.0751306 0.111856 53.3166
0.104498 -0.0954458 0.989976 60.9125 0.0851233 0.992618 0.0867139 4.48978 -0.990923 0.0752008 0.11185 53.3897
0.103323 -0.0896543 0.990642 61.5025 0.0869611 0.992958 0.0807917 4.56466 -0.990889 0.0777936 0.110391 53.471
0.0981058 -0.0867057 0.991434 62.0589 0.0919369 0.992755 0.0777227 4.65331 -0.990968 0.0835163 0.105366 53.5767
0.0954446 -0.0884089 0.991544 62.6645 0.0905077 0.99272 0.0797997 4.70005 -0.991363 0.0821194 0.102751 53.647
0.0918895 -0.0914907 0.9916 63.2189 0.090386 0.992454 0.0831925 4.74549 -0.991707 0.0819741 0.0994649 53.739
0.0832337 -0.0944175 0.99209 63.7366 0.0909746 0.992091 0.0867832 4.79116 -0.992421 0.083025 0.0911649 53.9079
0.076155 -0.0942538 0.992674 64.1722 0.0934904 0.991839 0.0870013 4.83067 -0.992752 0.0861716 0.084345 54.0216
0.0742618 -0.0921161 0.993021 64.736 0.0974622 0.991656 0.0846993 4.88757 -0.992519 0.0904848 0.0826201 54.0536
0.0718047 -0.0932265 0.993097 65.0601 0.0981443 0.991479 0.0859777 4.8661 -0.992627 0.0912845 0.0803425 54.0567
0.0730981 -0.0981604 0.992529 65.4447 0.0975739 0.991103 0.0908315 4.8118 -0.992594 0.090198 0.0820259 54.028
0.0713034 -0.095986 0.992873 65.9943 0.0968022 0.991355 0.0888871 4.85862 -0.992798 0.0897652 0.0799787 54.0865
0.0695812 -0.0992666 0.992672 66.5212 0.0974501 0.990983 0.0922654 4.87651 -0.99286 0.0903086 0.0786277 54.1237
0.0722487 -0.100931 0.992314 67.1032 0.103702 0.990263 0.0931717 4.92275 -0.992033 0.0961639 0.0820121 54.1233
0.0733454 -0.101291 0.992197 67.6159 0.108722 0.989741 0.0930013 4.9955 -0.991417 0.101045 0.0836057 54.1495
0.075896 -0.10171 0.991963 68.1044 0.111659 0.989423 0.0929063 5.05111 -0.990896 0.103701 0.0864501 54.1776
0.0812749 -0.103552 0.991346 68.6395 0.109137 0.989562 0.0944166 5.08146 -0.990754 0.100511 0.0917279 54.2112
0.0864899 -0.10492 0.990761 69.1719 0.107451 0.989649 0.0954216 5.08683 -0.990494 0.0981962 0.0968683 54.305
0.0961651 -0.106665 0.989683 69.7103 0.108086 0.989512 0.0961423 5.13159 -0.989535 0.0977171 0.106685 54.3007
0.103395 -0.108428 0.988762 70.2758 0.10845 0.989372 0.097154 5.16643 -0.988764 0.0971761 0.114055 54.3961
0.112231 -0.111063 0.987505 70.7908 0.108669 0.989177 0.0988989 5.1979 -0.987778 0.0962035 0.123085 54.4521
0.121082 -0.112613 0.986284 71.3577 0.106001 0.98936 0.0999505 5.22524 -0.987021 0.0924348 0.13173 54.5432
0.132988 -0.112878 0.984719 71.936 0.104845 0.989552 0.099271 5.27203 -0.985612 0.0900334 0.143432 54.5977
0.144498 -0.111419 0.983263 72.5604 0.10136 0.99011 0.0972993 5.31143 -0.984355 0.0855942 0.154361 54.7036
0.153465 -0.108589 0.98222 73.1089 0.099029 0.99066 0.0940487 5.3744 -0.983236 0.0828272 0.162783 54.8245
0.167071 -0.105655 0.980319 73.8708 0.0963321 0.991265 0.0904171 5.44002 -0.981283 0.0793205 0.175788 54.9916
0.178916 -0.103283 0.978479 74.4377 0.0969793 0.991514 0.0869245 5.50362 -0.97913 0.0793323 0.187412 55.0714
0.188542 -0.10252 0.976751 75.058 0.0942662 0.991865 0.0859097 5.56176 -0.977587 0.0758673 0.19667 55.2473
0.20302 -0.103267 0.973766 75.6643 0.09375 0.991936 0.0856464 5.57694 -0.974734 0.0738946 0.211062 55.3376
0.218027 -0.102991 0.970546 76.3432 0.0927869 0.99213 0.0844378 5.6304 -0.971579 0.0716341 0.225865 55.4541
0.231927 -0.107086 0.966874 77.0086 0.0951592 0.991683 0.0870061 5.69374 -0.968126 0.0718198 0.240185 55.6147
0.244235 -0.111936 0.963287 77.6068 0.0999575 0.990961 0.0898091 5.76483 -0.964609 0.0743429 0.253212 55.7064
0.259729 -0.116235 0.958714 78.263 0.102627 0.990462 0.0922792 5.80942 -0.960271 0.0744145 0.269176 55.8365
0.274012 -0.119789 0.95429 79.0075 0.103739 0.990136 0.0945017 5.87229 -0.956173 0.0730923 0.283732 56.0389
0.284407 -0.120193 0.951193 79.6855 0.111729 0.989537 0.0916293 5.97682 -0.95223 0.0802078 0.294856 56.2275
0.296712 -0.120639 0.94737 80.347 0.116135 0.989215 0.089595 6.08912 -0.947938 0.0834284 0.307517 56.395
0.304692 -0.129656 0.943639 81.0768 0.127378 0.987371 0.0945338 6.18176 -0.943955 0.0913869 0.317353 56.5932
0.316078 -0.128551 0.940037 81.7972 0.128772 0.987452 0.0917375 6.28914 -0.940013 0.0920437 0.32866 56.785
0.319683 -0.135363 0.937862 82.5504 0.135154 0.98617 0.0962648 6.26624 -0.937897 0.0959724 0.333551 57.0839
0.327869 -0.12984 0.935814 83.3197 0.138403 0.986458 0.0883761 6.33141 -0.934591 0.100533 0.341393 57.3406
0.33441 -0.126915 0.9339 83.9207 0.143588 0.986217 0.0826067 6.37383 -0.931487 0.106463 0.348018 57.5414
0.33777 -0.124458 0.93302 84.7355 0.141682 0.986682 0.0803248 6.42457 -0.930565 0.10505 0.350899 57.9174
0.349765 -0.119601 0.92923 85.4325 0.131963 0.988253 0.0775243 6.53694 -0.92756 0.0954999 0.361432 58.0198
0.352058 -0.119266 0.928405 86.2557 0.126621 0.988832 0.0790134 6.5291 -0.927436 0.0897278 0.363221 58.449
0.354903 -0.115892 0.927751 87.003 0.126355 0.989164 0.0752255 6.57217 -0.926389 0.090519 0.365694 58.7614
0.360355 -0.114948 0.925763 87.8254 0.125512 0.989363 0.0739904 6.57744 -0.924396 0.0895204 0.370942 59.0885
0.363772 -0.110158 0.925011 88.5352 0.12314 0.989989 0.0694678 6.67411 -0.923378 0.0886262 0.373688 59.4134
0.368355 -0.112111 0.922961 89.2198 0.123047 0.989883 0.0711317 6.71814 -0.92157 0.0873552 0.378416 59.6759
0.372475 -0.118224 0.920541 89.938 0.129192 0.988835 0.0747185 6.75206 -0.919071 0.0910867 0.383583 59.9793
0.374341 -0.119177 0.919662 90.5571 0.129316 0.98876 0.0754949 6.81552 -0.918294 0.0906554 0.385538 60.2628
0.378597 -0.118096 0.918057 91.2381 0.128158 0.988996 0.0743683 6.87693 -0.916712 0.0894916 0.389559 60.5603
0.378297 -0.114158 0.918679 91.8952 0.126966 0.989422 0.0706667 6.94834 -0.917 0.0898976 0.388782 60.9267
0.382437 -0.115573 0.916786 92.5373 0.129385 0.989104 0.0707156 6.96867 -0.914944 0.0915644 0.393216 61.1698
0.37764 -0.113459 0.919037 93.1235 0.130066 0.98916 0.0686719 7.0276 -0.916838 0.0935907 0.388296 61.5426
0.378206 -0.113994 0.918738 93.7494 0.132742 0.988847 0.0680475 7.05986 -0.916223 0.0962095 0.389112 61.8099
0.379444 -0.115054 0.918095 94.3724 0.133805 0.988666 0.0685979 7.09483 -0.915554 0.0968054 0.390531 62.0804
0.385126 -0.117454 0.915422 94.9967 0.136404 0.988254 0.0694112 7.11994 -0.912796 0.0981248 0.396615 62.2887
0.388167 -0.11508 0.914438 95.5843 0.134409 0.988669 0.0673673 7.14532 -0.911802 0.0967478 0.39923 62.538
0.388817 -0.114409 0.914247 96.1381 0.137184 0.988423 0.0653483 7.1895 -0.911113 0.100001 0.400003 62.8082
0.386315 -0.114663 0.915277 96.6394 0.137103 0.988395 0.065956 7.19463 -0.912188 0.0999956 0.397545 63.1521
0.386457 -0.116225 0.915019 97.1603 0.144189 0.98748 0.0645297 7.25997 -0.911036 0.106987 0.398369 63.4319
0.388602 -0.115756 0.91417 97.6525 0.145651 0.987358 0.0631097 7.30974 -0.909889 0.108614 0.400542 63.6731
0.390783 -0.117244 0.91305 98.1127 0.148889 0.986882 0.0629994 7.33462 -0.908431 0.111313 0.403105 63.9494
0.393866 -0.117064 0.911747 98.5102 0.148778 0.986934 0.0624474 7.3659 -0.907114 0.111039 0.40613 64.1327
0.396999 -0.11769 0.910299 99.0589 0.150251 0.986735 0.0620429 7.39228 -0.905502 0.112133 0.409407 64.386
0.400777 -0.116562 0.908796 99.4915 0.149373 0.986953 0.0607135 7.4092 -0.903984 0.111405 0.412952 64.6123
0.40287 -0.115539 0.907994 99.946 0.156239 0.986158 0.0561613 7.49235 -0.901889 0.119229 0.415336 64.8766
0.40882 -0.114023 0.905529 100.361 0.152922 0.986734 0.0552088 7.47412 -0.89978 0.115893 0.420826 65.0726
0.415734 -0.110515 0.902807 100.786 0.149744 0.987398 0.051912 7.45898 -0.89714 0.113598 0.427035 65.2829
0.42229 -0.103972 0.900545 101.229 0.145053 0.988389 0.0460949 7.48142 -0.894849 0.111149 0.43246 65.5359
0.428954 -0.0981358 0.898041 101.642 0.140723 0.989241 0.040883 7.49539 -0.892364 0.108828 0.43814 65.775
0.435924 -0.0954444 0.894976 102.11 0.137449 0.989797 0.0386085 7.476 -0.889496 0.106171 0.444586 66.029
0.442051 -0.0953466 0.891969 102.589 0.13364 0.990273 0.0396224 7.50185 -0.887046 0.101678 0.450484 66.3032
0.448002 -0.097386 0.888781 103.057 0.129396 0.990685 0.0433287 7.54042 -0.88469 0.095582 0.456422 66.592
0.452306 -0.0997319 0.886331 103.536 0.123186 0.991227 0.04867 7.57503 -0.883382 0.0871601 0.460613 66.9167
0.459151 -0.102592 0.882483 104.065 0.117313 0.991652 0.0542464 7.58714 -0.88065 0.0786084 0.467344 67.2291
0.465031 -0.104531 0.879164 104.545 0.113089 0.99192 0.0581181 7.59484 -0.878109 0.0723881 0.473085 67.5146
0.471552 -0.102263 0.875958 105.06 0.108697 0.992459 0.0573502 7.61119 -0.875186 0.0681592 0.479102 67.8296
0.478065 -0.0989105 0.872801 105.551 0.10368 0.993084 0.0557503 7.62393 -0.872251 0.0638309 0.485004 68.1811
0.485701 -0.0959668 0.868914 106.118 0.101435 0.993467 0.0530244 7.65912 -0.868294 0.0623735 0.492253 68.4979
0.492651 -0.0941598 0.865182 106.652 0.100905 0.993641 0.0506815 7.70003 -0.864425 0.0623237 0.499009 68.8458
0.499682 -0.0947908 0.861079 107.204 0.0984899 0.993805 0.0522495 7.70093 -0.860666 0.0586885 0.505913 69.196
0.507643 -0.0970632 0.856148 107.794 0.0916921 0.994115 0.058335 7.6323 -0.856744 0.0488799 0.513544 69.5943
0.509667 -0.101325 0.854459 108.252 0.0792899 0.994386 0.0706247 7.50815 -0.856786 0.0317448 0.51483 70.0001
0.51808 -0.103607 0.849103 108.884 0.0797915 0.994201 0.0726246 7.5587 -0.851673 0.0301176 0.523331 70.3985
0.528118 -0.10266 0.843019 109.53 0.0844259 0.994135 0.0681748 7.66478 -0.84504 0.0351579 0.533677 70.798
0.538079 -0.102618 0.836695 110.186 0.079705 0.994348 0.0706935 7.66935 -0.839189 0.0286415 0.543204 71.2414
0.546305 -0.102697 0.831345 110.786 0.0799151 0.994358 0.0703216 7.68847 -0.833844 0.0280098 0.551418 71.6462
0.553945 -0.103708 0.826141 111.399 0.0795829 0.994304 0.0714535 7.70817 -0.828814 0.0261568 0.55903 72.1064
0.554091 -0.10987 0.825252 111.952 0.0815629 0.993688 0.0775336 7.67268 -0.828529 0.0243392 0.559544 72.6692
0.560206 -0.110934 0.820964 112.648 0.0844737 0.993518 0.0766055 7.76603 -0.824107 0.0264263 0.565932 73.0957
0.564686 -0.113025 0.81761 113.324 0.0887877 0.993193 0.0759769 7.84324 -0.820595 0.0296798 0.570864 73.542
0.567153 -0.117491 0.815262 113.977 0.0959441 0.9925 0.0762854 7.91909 -0.818078 0.034945 0.574158 74.065
0.568933 -0.130416 0.812058 114.607 0.105246 0.990818 0.0853898 7.86074 -0.815701 0.0368739 0.577421 74.5247
0.572131 -0.136991 0.808715 115.301 0.111937 0.98981 0.0884746 7.9257 -0.812562 0.0398971 0.581621 75.0099
0.574059 -0.143612 0.806203 115.955 0.119779 0.988681 0.0908302 7.99049 -0.810085 0.0444125 0.58475 75.4946
0.576094 -0.145726 0.804364 116.625 0.121903 0.988334 0.0917452 8.06005 -0.808317 0.0451912 0.587123 76.0049
0.57811 -0.145587 0.802948 117.294 0.123296 0.988286 0.0904229 8.12754 -0.80667 0.0467139 0.589274 76.5182
0.582649 -0.141302 0.800424 118.002 0.118198 0.989075 0.0885637 8.20817 -0.80416 0.0429971 0.59297 77.0726
0.588176 -0.143965 0.795899 118.682 0.116059 0.988912 0.0931117 8.23063 -0.800443 0.0375943 0.598348 77.6161
0.59176 -0.147686 0.792548 119.38 0.116665 0.988459 0.097081 8.31566 -0.797704 0.0350046 0.602144 78.14
0.598658 -0.152707 0.786398 120.093 0.115386 0.987906 0.103999 8.39842 -0.792732 0.0284685 0.609024 78.6572
0.604893 -0.158813 0.780389 120.73 0.116008 0.987075 0.110953 8.47669 -0.787889 0.0234074 0.615481 79.1626
0.610613 -0.163439 0.774967 121.437 0.117241 0.986391 0.115653 8.54816 -0.783286 0.0202277 0.62145 79.7146
0.612669 -0.16686 0.772606 122.102 0.122006 0.985754 0.116141 8.60396 -0.780945 0.0230971 0.624282 80.2953
0.615345 -0.167057 0.77044 122.749 0.128314 0.985523 0.111213 8.65499 -0.777829 0.0304122 0.627856 80.8422
0.617666 -0.165862 0.768834 123.474 0.135281 0.985388 0.103895 8.7496 -0.774799 0.0398261 0.631061 81.5072
0.623623 -0.164849 0.764235 124.204 0.138566 0.985389 0.0994852 8.85052 -0.769433 0.0438433 0.637338 82.1155
0.627401 -0.169689 0.760067 124.865 0.140305 0.984672 0.104016 8.91987 -0.766034 0.0413712 0.641574 82.7049
0.627453 -0.178414 0.758029 125.541 0.14833 0.983003 0.108589 8.98248 -0.764484 0.0442915 0.643236 83.438
0.631267 -0.184358 0.753421 126.159 0.154652 0.981794 0.110661 9.03281 -0.760073 0.0466506 0.648267 83.9573
0.628443 -0.187702 0.75496 126.759 0.157481 0.981099 0.112839 9.01394 -0.761836 0.0479661 0.646108 84.682
0.63247 -0.187259 0.751696 127.448 0.159635 0.981063 0.110081 9.13421 -0.758041 0.050363 0.650369 85.2726
0.629925 -0.193626 0.752226 128.036 0.164802 0.979741 0.114186 9.18146 -0.75906 0.0520268 0.649056 85.9579
0.631521 -0.199267 0.749403 128.739 0.168377 0.978641 0.118328 9.28734 -0.756939 0.0514448 0.651566 86.5459
0.632431 -0.204509 0.747227 129.464 0.174419 0.977393 0.119885 9.42409 -0.754816 0.0544977 0.653787 87.187
0.633208 -0.209847 0.745079 130.185 0.180805 0.976063 0.121243 9.56312 -0.752651 0.0579304 0.655975 87.7841
0.633796 -0.210549 0.744389 130.869 0.181009 0.975941 0.121931 9.67929 -0.752115 0.0574475 0.656642 88.4258
0.632865 -0.210313 0.745241 131.519 0.178346 0.976167 0.124027 9.76528 -0.753527 0.0544073 0.655272 89.0537
0.631968 -0.208155 0.746614 132.155 0.175673 0.976704 0.123612 9.85032 -0.754915 0.0530265 0.653796 89.688
0.630423 -0.206578 0.748349 132.756 0.17308 0.977128 0.123922 9.9358 -0.756794 0.0513891 0.65174 90.2822
0.630946 -0.20588 0.748107 133.507 0.171095 0.977381 0.124682 10.0261 -0.756819 0.0493159 0.651883 90.871
0.631164 -0.206902 0.747635 134.226 0.169402 0.977319 0.12745 10.1107 -0.75701 0.0461977 0.651879 91.4811
0.629849 -0.207388 0.748617 134.923 0.166743 0.977377 0.130477 10.1865 -0.758702 0.0426323 0.650165 92.0778
0.628668 -0.210267 0.748799 135.579 0.165694 0.976912 0.135209 10.2531 -0.759903 0.0390589 0.648974 92.6223
0.626899 -0.211903 0.74983 136.304 0.163272 0.976711 0.139525 10.3764 -0.761905 0.0349444 0.646875 93.2478
0.620908 -0.215584 0.753746 136.944 0.166117 0.975838 0.142263 10.5065 -0.766166 0.0368668 0.641699 93.87
0.616615 -0.208272 0.759315 137.538 0.162426 0.977325 0.136177 10.6504 -0.770431 0.0393503 0.636441 94.4583
0.616031 -0.201018 0.761732 138.286 0.15855 0.978794 0.130075 10.7537 -0.771686 0.0406311 0.634821 95.0455
0.612864 -0.196427 0.765484 139.06 0.156046 0.979667 0.126461 10.8632 -0.774731 0.0419334 0.631033 95.744
0.610491 -0.199667 0.766532 139.66 0.153476 0.979232 0.132835 10.943 -0.777097 0.0365392 0.628438 96.1755
0.605707 -0.205514 0.768788 140.473 0.151714 0.978221 0.141976 11.0352 -0.781194 0.030627 0.623673 96.8803
0.600703 -0.210492 0.771355 141.181 0.149523 0.977324 0.150254 11.1246 -0.78545 0.0250665 0.618538 97.4949
0.597392 -0.211778 0.773579 141.921 0.148838 0.97707 0.152555 11.2265 -0.788119 0.0239896 0.615194 98.0993
0.596568 -0.216972 0.772768 142.657 0.152672 0.975912 0.156148 11.3375 -0.787993 0.0248162 0.615306 98.5732
0.5965 -0.219756 0.772041 143.418 0.159908 0.975091 0.154012 11.5049 -0.786626 0.031574 0.616761 99.0814
0.591402 -0.224587 0.774562 144.116 0.166617 0.973791 0.155136 11.6154 -0.789062 0.0372958 0.613305 99.6011
0.591225 -0.224803 0.774642 144.912 0.171227 0.973509 0.151838 11.7915 -0.788223 0.0428555 0.614035 100.119
0.589624 -0.224344 0.775986 145.65 0.174032 0.973423 0.149186 12.0024 -0.788791 0.0470712 0.61298 100.65
0.587065 -0.221301 0.778803 146.397 0.173025 0.97403 0.146357 12.2263 -0.790937 0.0488172 0.610089 101.2
0.583793 -0.221027 0.781329 147.112 0.174755 0.973934 0.144939 12.4008 -0.792959 0.0519144 0.607185 101.691
0.577875 -0.221021 0.785724 147.808 0.169319 0.974201 0.149517 12.466 -0.798473 0.0466219 0.600367 102.244
0.571217 -0.214732 0.792303 148.523 0.163688 0.975636 0.146407 12.5846 -0.804398 0.0460482 0.592433 102.832
0.566972 -0.20997 0.796624 149.257 0.162714 0.97651 0.141585 12.7615 -0.807613 0.0493321 0.587797 103.372
0.560384 -0.207367 0.801943 149.969 0.15919 0.977116 0.141424 12.8689 -0.812876 0.0483977 0.580556 103.921
0.553269 -0.214784 0.804933 150.676 0.158116 0.975748 0.15169 12.971 -0.817965 0.0433332 0.57379 104.476
0.547029 -0.222739 0.807026 151.384 0.153191 0.97436 0.165084 13.0809 -0.823062 0.0333118 0.56711 105.038
0.538723 -0.229194 0.810804 152.08 0.153902 0.972913 0.172768 13.2306 -0.828412 0.0316957 0.559383 105.581
0.531225 -0.228239 0.815998 152.853 0.147928 0.973276 0.175927 13.4224 -0.8343 0.027241 0.550777 106.174
0.522763 -0.227091 0.821769 153.622 0.147289 0.97348 0.175326 13.59 -0.839761 0.0293694 0.542326 106.672
0.513527 -0.225503 0.828 154.234 0.149081 0.973675 0.172715 13.7199 -0.845107 0.0347337 0.533613 107.092
0.50608 -0.218301 0.834497 155.076 0.148073 0.975115 0.165294 13.8658 -0.849785 0.0398999 0.52579 107.624
0.495635 -0.215936 0.841347 155.945 0.148856 0.975441 0.16266 14.064 -0.855762 0.0446074 0.515593 108.239
0.489167 -0.218668 0.844429 156.693 0.148607 0.974852 0.166362 14.2364 -0.859542 0.0440941 0.509341 108.642
0.480176 -0.225038 0.847903 157.482 0.150683 0.973379 0.173005 14.3888 -0.864215 0.0446803 0.50129 109.109
0.471584 -0.226299 0.852383 158.237 0.150514 0.973034 0.175065 14.5462 -0.868986 0.0457227 0.492909 109.577
0.464525 -0.227967 0.855804 158.884 0.149459 0.972671 0.177972 14.6415 -0.872939 0.0452229 0.485891 109.922
0.451929 -0.229684 0.862071 159.692 0.149997 0.972142 0.180384 14.7839 -0.879458 0.047772 0.473773 110.52
0.44574 -0.235395 0.863748 160.523 0.154143 0.970631 0.184978 14.9706 -0.881874 0.0506758 0.468924 110.947
0.44113 -0.238874 0.865162 161.334 0.155291 0.969753 0.18858 15.1457 -0.884011 0.0511486 0.464865 111.346
0.436063 -0.242014 0.866853 162.162 0.152006 0.969182 0.194118 15.2815 -0.887069 0.0471064 0.459402 111.831
0.432217 -0.240132 0.869303 163.053 0.15191 0.969557 0.192304 15.4885 -0.888988 0.0489231 0.455521 112.303
0.430755 -0.234517 0.871556 163.781 0.153089 0.970693 0.185532 15.7159 -0.889474 0.0534935 0.454023 112.554
0.430555 -0.227878 0.873416 164.62 0.15365 0.972035 0.177873 15.9291 -0.889495 0.0576006 0.453512 112.942
0.425547 -0.226828 0.876137 165.421 0.150825 0.972367 0.178485 16.0727 -0.892363 0.0561762 0.44799 113.428
0.422394 -0.230646 0.876669 166.128 0.148252 0.97169 0.184223 16.2141 -0.894312 0.0521382 0.444613 113.796
0.417124 -0.238869 0.876988 166.873 0.151287 0.969685 0.192162 16.3632 -0.896254 0.052508 0.440608 114.222
0.411269 -0.243219 0.878558 167.547 0.152923 0.968545 0.196553 16.502 -0.8987 0.0535002 0.435511 114.599
0.404151 -0.246312 0.880995 168.258 0.160417 0.967275 0.196845 16.648 -0.9006 0.0617575 0.430429 115.02
0.403047 -0.244718 0.881947 168.996 0.160196 0.967624 0.195291 16.7846 -0.901163 0.0625565 0.429182 115.34
0.402861 -0.239604 0.883432 169.725 0.158437 0.968865 0.190527 16.9086 -0.901528 0.0631987 0.428273 115.697
0.400479 -0.233063 0.886263 170.416 0.155679 0.970408 0.184852 17.0188 -0.903096 0.0639266 0.424894 116.051
0.397632 -0.233359 0.887464 171.084 0.157921 0.970145 0.184345 17.1277 -0.903937 0.0668343 0.422606 116.393
0.395757 -0.240422 0.886421 171.81 0.15653 0.968711 0.192866 17.2796 -0.905034 0.0624067 0.420988 116.735
