0.999036 -0.000904084 0.0438996 0.0320671 0.000975321 0.999999 -0.0015988 -0.0199281 -0.0438979 0.00163975 0.999035 0.998008
0.998906 -0.00207524 0.0467285 0.0422882 0.00228407 0.999988 -0.00441691 -0.0127809 -0.0467188 0.00451898 0.998897 1.02251
0.999011 -0.000958564 0.0444413 0.0323874 0.00107529 0.999994 -0.00260102 -0.0127893 -0.0444383 0.00264596 0.999007 0.967693
0.998829 0.00268873 0.0483325 0.0203597 -0.00253826 0.999994 -0.00317651 -0.011348 -0.0483405 0.00305043 0.998829 1.0194
0.998945 -0.00189278 0.0458509 0.0292044 0.00184849 0.999996 0.00100959 -0.0133287 -0.0458526 -0.000924066 0.998947 0.976566
0.99889 -0.000882286 0.0471187 0.0352088 0.000875056 1 0.00017305 0.00970549 -0.047119 -0.00013136 0.998891 0.991284
0.998846 -0.00183578 0.0479629 0.040999 0.00191259 0.999995 -0.00155728 0.00372916 -0.0479598 0.00164686 0.998846 1.01953
0.999039 -0.00144109 0.0438466 0.030183 0.00148812 1 -0.00103951 -0.0398947 -0.0438446 0.0011042 0.999041 0.95396
0.998918 0.00109733 0.0464717 0.0346837 -0.00107507 0.999999 -0.000509492 0.0201123 -0.0464723 0.000458761 0.998918 0.983395
0.998839 -0.000333097 0.0482158 0.0386081 0.000292156 1 0.000861238 -0.0112769 -0.0482159 -0.000845938 0.998839 0.99862
0.998924 -0.000471832 0.0463389 0.0214395 0.000440905 1 0.000674307 -0.0113173 -0.0463392 -0.000653471 0.998925 0.962989
0.998767 -0.0002282 0.0496735 0.0436205 0.000220425 1 0.000166865 -0.0055215 -0.0496734 -0.000155444 0.998766 1.00872
0.998949 7.58758e-05 0.0458108 0.0274093 -0.000126597 1 0.00109986 -0.00930911 -0.0458106 -0.00110475 0.99895 0.95465
0.998905 -0.000429011 0.0468187 0.0316563 0.000420848 0.999999 0.000188441 -0.0305625 -0.0468189 -0.000168297 0.998904 0.965596
0.998857 -0.00057288 0.0477552 0.0293955 0.00059081 1 -0.000365164 0.00971714 -0.0477547 0.000392739 0.998859 0.993394
0.998963 -0.000553639 0.0456035 0.0286653 0.000479455 0.999999 0.00164486 -0.040207 -0.0456046 -0.00162113 0.998959 0.944313
0.998947 0.000313406 0.045836 0.0275703 -0.000303838 1 -0.000221829 -0.00824546 -0.0458357 0.000207471 0.998948 0.956057
0.998875 -0.000399849 0.0475072 0.0394982 0.000396229 1 9.14412e-05 -0.00784729 -0.0475077 -7.23493e-05 0.998873 0.97156
0.998854 -0.000470045 0.0477996 0.0235345 0.000426558 0.999999 0.000913184 -0.0443873 -0.0477996 -0.000892021 0.998855 0.966867
0.998912 -0.000672619 0.046741 0.0491118 0.000668513 1 0.000107334 0.00761623 -0.0467418 -7.60291e-05 0.99891 0.956423
0.998911 -0.005802 0.0462044 0.0155384 0.0058161 0.999983 -0.000175979 0.00591135 -0.0462017 0.000444509 0.99893 0.944647
0.998923 -0.000490505 0.0465007 0.0304408 0.000696445 0.999991 -0.0044085 -0.0239738 -0.0464992 0.00443608 0.998912 0.949266
0.998965 -0.00116569 0.0453969 0.0237964 0.00121687 0.999997 -0.00110463 -0.00481305 -0.0453946 0.00115871 0.998965 0.961563
0.999049 -0.00535382 0.0434057 0.0292877 0.0052805 0.999986 0.00181035 -0.00869469 -0.0434158 -0.0015793 0.99906 0.965656
0.999145 -0.00178691 0.041201 0.0310926 0.00175576 0.999997 0.000784728 -0.0369288 -0.0412014 -0.000712017 0.999148 0.966919
0.999239 -0.000653244 0.0391418 0.0297308 0.000634415 1 0.000506745 -0.00415549 -0.0391431 -0.00048102 0.999237 0.982547
0.999352 0.000117738 0.0358373 0.0298054 -0.000137418 0.999999 0.000532761 0.00347512 -0.0358363 -0.000537872 0.999354 0.967575
0.999382 -1.78957e-05 0.0353345 0.0290888 -1.47689e-05 1 0.000942805 -0.00461524 -0.0353357 -0.000942083 0.99938 0.983936
0.999436 -0.000588643 0.0333742 0.0186841 0.000579983 0.999999 0.000249763 -0.0174425 -0.0333731 -0.000230977 0.999438 0.995878
0.999454 -0.000411964 0.0332997 0.0181986 0.000266412 0.999992 0.00439523 0.00850751 -0.0333024 -0.00438328 0.999442 1.00378
0.999469 0.000364888 0.0323587 0.0304374 -0.000366219 0.999999 1.53099e-05 -0.00418672 -0.0323578 -2.77602e-05 0.999471 1.01224
0.999553 -0.0002217 0.0301735 0.0174657 0.000185965 1 0.00120935 -0.0161492 -0.0301747 -0.00120263 0.99955 1.00086
0.999496 -0.00116466 0.0314619 0.0287023 0.0011343 0.999997 0.000960166 -0.0137225 -0.031462 -0.000924622 0.999499 1.0386
0.999522 0.000826107 0.0311839 0.0084865 -0.000828892 1 9.64998e-05 -0.00905754 -0.0311847 -0.000121798 0.999519 1.06986
0.999579 -5.81553e-07 0.0287905 0.0188144 -2.00414e-05 0.999999 0.000692847 -0.00856869 -0.0287897 -0.000693735 0.999582 1.04894
0.999619 -0.000165611 0.0278794 0.0205986 0.000139974 1 0.00094123 -0.0193615 -0.0278802 -0.000936497 0.999615 1.07543
0.999706 -0.000273215 0.0239803 0.0171547 0.000258477 0.999999 0.000596199 -0.0210868 -0.02398 -0.000590282 0.999709 1.06843
0.999751 -0.000328284 0.0226496 0.021153 0.000304489 1 0.00107743 -0.0107409 -0.0226504 -0.00106981 0.999747 1.09256
0.999749 -0.00680614 0.0210555 0.021889 0.00676205 0.999974 0.0021383 -0.0151212 -0.0210692 -0.00199585 0.999773 1.11695
0.99984 -0.00617402 0.0171928 0.0296217 0.00615948 0.999981 0.000929202 0.0103495 -0.0171985 -0.000822766 0.999856 1.11319
0.999866 -0.000544198 0.0159145 0.00956506 0.000531393 0.999999 0.00078096 -0.0117321 -0.0159148 -0.000772471 0.99987 1.12591
0.999897 -0.00199553 0.014703 0.0240887 0.00197407 0.999998 0.00149919 -0.0112971 -0.0147061 -0.00147002 0.999894 1.14859
0.999905 -0.000801611 0.01323 0.00388796 0.000790819 0.999999 0.00079194 -0.00298373 -0.0132304 -0.000781328 0.999909 1.16
0.999934 1.58825e-05 0.0121091 0.00395526 -1.66477e-05 1 9.3615e-05 -0.00424636 -0.0121094 -9.38223e-05 0.99993 1.15184
0.999916 0.00011131 0.0124682 0.00199652 -0.000102737 0.999999 -0.000716582 -0.00345118 -0.012468 0.000715223 0.999919 1.16385
0.999962 -0.000268203 0.00947423 0.0146446 0.000295119 0.999996 -0.00280582 -0.0190071 -0.00947379 0.0028084 0.999954 1.18491
0.999941 0.000107239 0.0103891 -0.000741364 -9.97836e-05 1 -0.00074569 -0.0047661 -0.010389 0.000744874 0.999945 1.21904
0.999983 0.000283861 0.00673082 0.00884273 -0.000279388 1 -0.000621319 0.00167491 -0.00673122 0.000619112 0.999979 1.22639
0.999978 0.00020197 0.00596389 0.00103072 -0.000202659 0.999999 6.21123e-05 0.000756812 -0.0059637 -6.29875e-05 0.999981 1.252
0.999987 -0.00135119 0.00589882 -0.00444056 0.00136371 0.999998 -0.00205613 0.00785486 -0.00589624 0.00206369 0.999981 1.28733
0.999986 0.00123391 0.0041184 0.00161493 -0.00122711 0.999997 -0.0017505 -0.00903908 -0.00412028 0.00174603 0.99999 1.34013
0.999997 -3.39492e-06 0.00394035 -0.00320101 2.4085e-06 1 0.000359326 -0.0081692 -0.00394069 -0.000359879 0.999993 1.32433
0.999987 5.11954e-05 0.00416404 -0.00564206 -5.34049e-05 1 0.000403162 0.00200591 -0.0041636 -0.000402578 0.999991 1.34442
1 -0.000160359 0.00139851 0.000497988 0.000157562 0.999998 0.00238789 0.00150677 -0.00139928 -0.00238849 0.999998 1.36264
0.999994 -0.000117933 0.0021849 -0.00250135 0.00011654 0.999999 0.000396754 -0.00562234 -0.00218459 -0.000395517 0.999996 1.41365
0.999998 -0.00228289 0.00248331 -0.0169253 0.00228154 0.999998 0.000775801 -0.0126724 -0.00248544 -0.000771216 0.999998 1.42944
0.999997 0.000185497 -0.000356897 0.00570449 -0.000185963 0.999999 5.77223e-05 0.0105044 0.000357296 -5.66056e-05 0.999999 1.42881
1 -0.000148187 0.0017206 -0.00827522 0.00014751 1 0.000685761 -0.017656 -0.00172102 -0.000686446 1 1.45199
0.999996 0.000296814 -0.00155976 -0.00457355 -0.000297593 0.999998 -0.000180237 0.0114175 0.0015601 0.000181878 0.999998 1.46887
1 0.000149453 -0.000586318 -0.00733536 -0.00014869 1 0.000320726 -0.0089024 0.000586042 -0.000321951 1 1.48848
0.999997 -0.000125957 0.000144932 -0.00727721 0.000125436 1 0.000586159 0.00245269 -0.000144705 -0.00058488 0.999999 1.50338
1 0.000164169 -0.00251327 -0.00348456 -0.000161589 0.999999 0.000853852 0.00511564 0.00251318 -0.000854633 0.999997 1.54288
0.999996 -0.000849727 -0.00122858 -0.0038855 0.000849572 1 0.000250041 -0.00347403 0.0012287 -0.00024978 0.999998 1.56844
1 -0.000162151 -0.000236613 0.00795943 0.000162461 1 -0.000280202 0.00430877 0.000236404 0.000279042 1 1.59986
0.999992 -0.00131875 -0.00271774 -0.0107379 0.00131641 0.999999 -0.000680454 0.00548571 0.00271893 0.000678182 0.999995 1.60543
1 0.000997837 0.00077228 0.00187481 -0.000998064 0.999999 0.000942021 0.00391823 -0.000771583 -0.000943989 1 1.60868
0.999994 -0.00115404 -0.00231088 -0.00830319 0.00115836 0.999997 0.00207454 -0.00505435 0.0023087 -0.00207606 0.999995 1.64734
0.999999 -0.00244516 -0.00113871 -0.00104685 0.0024481 0.999995 0.00222897 0.0124568 0.00113318 -0.00223288 0.999997 1.65295
0.999997 -0.000983434 0.000557986 -0.00506679 0.000983705 0.999999 -0.00114395 -0.0141176 -0.0005568 0.00114572 1 1.65236
0.999999 -0.00164334 -0.00249096 0.00285682 0.00164173 0.999998 -0.00078218 -0.00378906 0.0024922 0.000777074 0.999997 1.69076
0.999997 0.00031871 -0.00064739 -0.0128171 -0.000319071 1 2.28691e-05 0.00627397 0.000647382 -2.18004e-05 1 1.69413
1 -0.000592978 0.00131365 -0.00942156 0.000591981 0.999999 0.0010384 -0.0112212 -0.00131424 -0.00103856 0.999999 1.68912
0.999997 -0.000527033 -0.00136714 -0.00619634 0.000526867 1 7.08139e-05 0.0164995 0.00136707 -7.05476e-05 0.999999 1.7453
1 -0.00101232 0.000977308 -0.00415896 0.00101175 0.999999 0.000844387 -0.0230909 -0.000978158 -0.000844406 1 1.716
0.999997 -0.000770505 -0.00113299 -0.00865964 0.000770602 1 0.000255593 0.00621005 0.00113288 -0.000255566 1 1.77592
1 -0.000277457 -3.59398e-07 -0.00117759 0.000277625 1 -2.01622e-05 -0.0131463 1.95908e-07 1.90916e-05 1 1.77202
0.999996 0.000973477 0.00172245 0.00738809 -0.000970479 0.999998 -0.00182984 0.00846404 -0.00172414 0.00182919 0.999997 1.77607
1 0.000711367 -0.000421142 -0.00129643 -0.000711409 1 -0.000300817 0.000652012 0.000420793 0.000299859 1 1.81802
0.999997 0.000378553 0.0010793 0.00374748 -0.000378635 0.999999 4.48016e-05 -0.0101058 -0.00107936 -4.38267e-05 0.999999 1.81445
0.999996 0.000469007 0.00320437 -0.0133735 -0.000469012 1 -1.75308e-05 -0.00586615 -0.0032043 1.45369e-05 0.999995 1.81734
0.999997 0.0011661 -0.00105786 -0.0047582 -0.00116465 0.999998 0.00136982 -0.0283395 0.00105933 -0.00136709 0.999998 1.899
1 0.00198479 0.00068624 -0.0126332 -0.00198487 0.999998 2.84825e-05 0.00769377 -0.000685943 -3.14605e-05 1 1.85893
0.999995 0.000371851 0.00244841 -0.00691354 -0.00037126 1 -0.000204102 -0.0175621 -0.00244869 0.000204569 0.999996 1.87331
1 0.000699027 0.0012937 -0.00787402 -0.000698293 1 -0.000663791 0.00708858 -0.00129403 0.000661418 1 1.89201
0.999981 -0.000299326 0.00566781 -0.00352576 0.000302422 0.999999 -0.000520579 -0.0106893 -0.00566787 0.000523666 0.999982 1.89477
1 0.000887284 0.00283311 -0.00365447 -0.000890048 1 0.00091346 0.00667406 -0.00283205 -0.000917291 0.999997 1.91643
0.999985 0.00080449 0.00481212 -0.00635076 -0.000805267 0.999999 0.000207544 0.00184156 -0.00481224 -0.000210162 0.999987 1.92738
0.999982 0.000436465 0.00642973 -0.00728553 -0.000435755 1 -0.00014353 -0.00888626 -0.00642951 0.000139542 0.999981 1.93315
0.999992 -0.000106923 0.00317252 -0.0110997 0.000109299 0.999999 -0.000712179 -0.00811126 -0.00317272 0.000713715 0.999994 1.95285
0.999993 -0.000348425 0.00431974 -0.0171081 0.000353663 1 -0.00123953 -0.011889 -0.00431904 0.00123987 0.999991 1.95568
0.999979 0.000739709 0.00625885 -0.00761741 -0.000737465 1 -0.000323119 -0.00222016 -0.00625936 0.000319645 0.99998 1.97583
0.999996 0.000658532 0.00334757 -0.0214751 -0.000659734 1 0.000299026 0.00029261 -0.0033471 -0.000302416 0.999995 1.99121
0.999981 0.00173585 0.0057166 -0.00372804 -0.00173489 0.999998 -0.000139312 0.00436589 -0.00571708 0.000130568 0.999983 2.0168
0.999996 -0.000382442 0.00313725 -0.014074 0.000375753 0.999998 0.00208596 0.00164873 -0.00313784 -0.00208589 0.999994 2.02269
0.999985 -0.000289263 0.00532875 -0.00218383 0.000286447 1 0.000573701 -0.00351769 -0.00532917 -0.00057112 0.999985 2.01588
0.999977 -0.000800527 0.00701281 -0.00578388 0.000806333 1 -0.000854447 -0.00830681 -0.00701179 0.000859151 0.999977 2.02778
0.999991 0.000288337 0.00387099 0.00176964 -0.000285523 1 -0.000668769 -0.00111124 -0.00387155 0.00066869 0.999991 2.03089
0.999992 -0.000773142 0.00448695 -0.00589958 0.00076778 1 0.0011505 -0.0102785 -0.00448726 -0.00114815 0.999991 2.07858
0.999979 -5.15119e-05 0.00621221 -0.0213663 4.55065e-05 0.999999 0.00099449 0.00960021 -0.00621277 -0.000993108 0.999978 2.07007
0.999994 0.000527179 0.00383243 -0.00175515 -0.00052465 1 -0.000701144 -0.00107526 -0.00383234 0.00069825 0.999996 2.06921
0.999975 0.000249757 0.00679219 -0.0095076 -0.000250537 0.999999 0.000136167 0.00409069 -0.00679265 -0.000136999 0.999974 2.06582
0.999996 -0.00163388 0.00307549 -0.00151632 0.00163001 0.999999 0.00122471 -0.00283389 -0.00307693 -0.0012205 0.999998 2.08343
0.999987 -0.000240556 0.00472399 -0.00481081 0.000228855 0.999995 0.00252097 -0.00410986 -0.00472524 -0.0025191 0.999984 2.07809
0.999986 -0.000663575 0.00578645 -0.0170581 0.000659276 1 0.000701441 -0.0105525 -0.00578628 -0.000698433 0.999987 2.06325
0.999996 -0.000149671 0.000897542 -0.0184415 0.000150079 0.999999 -0.000100849 -0.0089 -0.000898136 0.000101771 0.999996 2.11991
0.999997 0.00108221 0.00349552 -0.0132696 -0.00108388 1 0.000412084 -0.00791325 -0.00349446 -0.0004165 0.999997 2.10583
0.999974 0.00157248 0.00660218 0.00670178 -0.00156793 0.999999 -0.000663615 -0.0296636 -0.00660376 0.000653696 0.999976 2.09616
1 0.00135003 0.00104086 -0.0143449 -0.00135026 1 5.64473e-05 -0.00992921 -0.00104016 -5.83028e-05 1 2.14645
0.999977 0.00042291 0.00627712 -0.00700389 -0.000419376 0.999999 -0.000542813 0.0132932 -0.00627803 0.000540714 0.999978 2.13728
0.999996 0.000541908 0.00406259 -0.00305719 -0.000554212 0.999996 0.00300413 -0.0234928 -0.00406035 -0.00300678 0.99999 2.14632
0.999986 0.000728518 0.00430826 -0.00508201 -0.000720358 0.999997 -0.00184605 -0.0115007 -0.00431017 0.00184331 0.999986 2.18451
0.999983 -0.000234135 0.00649978 -0.00264323 0.000233405 1 9.05265e-05 -0.0136631 -0.00649921 -8.94445e-05 0.999982 2.17651
0.99999 0.000255025 0.00319969 -0.00763412 -0.000258395 0.999999 0.00109223 -0.00367568 -0.0032001 -0.00109263 0.999992 2.1612
0.999995 -0.000746896 0.00440751 -0.00166464 0.000746765 1 -6.3588e-06 -0.0117057 -0.00440689 9.25142e-06 0.999993 2.19048
0.99998 -0.00111181 0.00556799 -0.010503 0.00111229 1 -5.60857e-05 -0.0137729 -0.00556831 6.27315e-05 0.999982 2.22295
1 -1.26905e-05 0.0021634 -0.00922934 1.26162e-05 1 -6.06255e-05 -0.00881419 -0.00216301 6.02045e-05 1 2.17593
0.999987 -0.000470492 0.00404395 -0.0131282 0.000477103 0.999999 -0.001581 -0.0133526 -0.00404353 0.00158319 0.999986 2.21505
0.999991 -9.60817e-05 0.00530697 0.00369987 9.74191e-05 1 -0.00030153 -0.0153122 -0.00530669 0.000301677 0.999991 2.23331
0.999991 -0.000793882 0.00282119 -0.0160179 0.000794172 1 -2.61148e-06 -0.0068178 -0.00282141 5.22019e-06 0.999991 2.25558
0.999992 1.32772e-05 0.00519323 -0.00322285 -1.20628e-05 1 -0.000283249 -0.00764133 -0.00519299 0.000282891 0.999992 2.25532
0.999994 -0.000110134 0.00221833 -0.00597221 0.000109957 1 0.000201163 -0.0118536 -0.00221877 -0.000200726 0.999993 2.2329
0.999996 -0.00113705 0.0041757 -0.00218576 0.00113561 1 0.000270718 -0.0132139 -0.00417568 -0.000266303 0.999998 2.25427
0.999982 -0.00146566 0.00495345 -0.0128304 0.00146727 0.999999 -0.00026303 -0.0211722 -0.00495334 0.000270607 0.999981 2.27948
1.00001 -0.000305377 0.00134138 -0.00516038 0.000304216 1 0.000641659 -0.0100453 -0.00134128 -0.000641213 1.00001 2.25887
0.99999 0.000316427 0.00290281 -0.0153307 -0.000318135 0.999999 0.000696121 -0.0125765 -0.00290287 -0.000697098 0.999987 2.27444
0.999996 0.000545389 0.00455811 -0.0180001 -0.000542028 1 -0.000814213 -0.0106042 -0.00455828 0.000811836 0.999998 2.321
0.999994 0.000394187 -8.82304e-05 -0.0206985 -0.000393954 0.999999 -0.000707511 0.000993178 8.77069e-05 0.000707596 0.999991 2.28415
0.999998 0.000394012 0.00407629 -0.0112718 -0.000391152 1 -0.000777713 -0.0211131 -0.0040764 0.000775951 1 2.3427
0.999982 0.0010682 0.00476658 0.00142081 -0.00106197 0.999998 -0.00123195 -0.00283 -0.00476805 0.00122694 0.999979 2.32492
1.00001 0.00106608 0.00103114 -0.0151559 -0.00106523 1 -0.00111441 -0.0118184 -0.00103227 0.00111352 1.00001 2.27836
0.999978 -0.000465181 0.00570113 -0.0129282 0.000464607 1 0.000157482 -0.0196515 -0.00570126 -0.00015512 0.999976 2.34369
1 -3.98297e-05 0.00226913 -0.00929161 3.90323e-05 1 0.00017825 0.000228229 -0.00226905 -0.00017777 1.00001 2.34274
0.999986 7.46615e-05 0.00415891 -0.00288754 -7.79561e-05 1 0.000888566 -0.0109034 -0.00415897 -0.000889304 0.999983 2.34342
0.999989 -0.00077535 0.00563618 -0.0079495 0.000772098 0.999999 0.000508194 -0.0177375 -0.00563636 -0.000503358 0.999992 2.39064
0.999992 0.00100535 0.00237271 -0.00936613 -0.0010044 1 -0.000287656 -0.00259968 -0.00237317 0.000284868 0.999989 2.32981
0.999998 0.000211289 0.00407515 -0.0107087 -0.000210185 1 -0.000359589 -0.00541936 -0.00407512 0.00035908 1 2.36616
0.999984 -0.00014412 0.00452572 -0.0151338 0.000147784 1 -0.000731426 -0.0174557 -0.00452582 0.000731938 0.999981 2.39787
1.00001 -0.000661527 0.00151085 -0.0190685 0.00066189 0.999999 -0.000432579 -0.012849 -0.00151036 0.000433797 1.00001 2.40795
0.999981 -0.00015709 0.00513631 -0.0153431 0.000154395 1 0.000582482 -0.00659417 -0.00513662 -0.000581831 0.999979 2.3818
1.00001 -0.000682518 0.00101769 -0.00140115 0.000681034 1 0.00106757 -0.00824016 -0.00101829 -0.00106671 1.00001 2.37765
0.99999 -0.000301167 0.00258176 -0.00145501 0.000301055 1 0.000202438 -0.0111596 -0.00258193 -0.000201892 0.999987 2.38406
0.999996 -2.4161e-05 0.00483362 0.00581305 2.53262e-05 1 -0.000357453 -0.0277463 -0.0048335 0.000357693 0.999999 2.42898
0.999992 0.000497678 0.00140066 -0.00683574 -0.000495971 1 -0.000784803 -0.0132089 -0.00140116 0.000783898 0.999988 2.38188
1 -0.000193657 0.00318089 -0.00214739 0.000193038 1 1.18703e-05 -0.0137083 -0.00318084 -1.09874e-05 1.00001 2.39711
0.999978 0.000781782 0.00545552 -0.000718174 -0.000772365 0.999998 -0.00162418 -0.0277219 -0.00545689 0.00161976 0.999973 2.41887
1 0.00176337 0.00290024 -0.0163922 -0.00176343 0.999999 -0.000208086 -0.0121916 -0.00290045 0.000203233 1.00001 2.35187
0.999988 -0.000587302 0.00316649 -0.00329086 0.000589024 0.999999 -0.000376782 -0.0131548 -0.00316645 0.000378202 0.999983 2.41145
0.999994 -0.00116936 0.00496046 -0.00575337 0.00116003 0.999999 0.00178582 -0.0285792 -0.00496228 -0.00177959 0.999998 2.4381
0.999992 0.000750287 0.00133501 -0.0134553 -0.000753984 0.999995 0.00312989 -0.00742476 -0.0013328 -0.00313131 0.999983 2.37869
0.999994 0.000432536 0.00509138 -0.00349361 -0.000435756 1 0.000514105 -0.00819817 -0.00509104 -0.000516055 0.999999 2.43804
0.999992 0.000396783 0.00184765 -0.0192243 -0.000394873 1 -0.000700067 -0.00989171 -0.00184789 0.000698994 0.999987 2.39025
1 0.000313479 0.00369853 -0.00963224 -0.000314376 0.999999 5.91579e-05 -0.00070108 -0.00369842 -5.98862e-05 1 2.41024
0.999966 3.7555e-05 0.00742643 -0.000398522 -5.04249e-05 1 0.00182059 -0.00202396 -0.00742634 -0.00182137 0.999962 2.41671
1.00001 0.000128332 0.00153897 -0.0109529 -0.000128474 0.999997 -0.000327113 -0.0101615 -0.0015389 0.000327324 1.00001 2.3892
0.999983 0.000824862 0.00430529 -0.00821884 -0.000825086 1 0.000201585 -0.0117357 -0.00430521 -0.000205707 0.999981 2.42942
0.99998 0.000922165 0.00749025 0.00243154 -0.000950898 0.999991 0.00374891 -0.0143809 -0.00748668 -0.00375527 0.999976 2.41131
0.999989 0.000432145 0.00250578 -0.019696 -0.000431794 1 9.20708e-05 -0.0064987 -0.00250582 -9.366e-05 0.999986 2.39666
0.999999 5.07207e-06 0.00413666 -0.0146508 -6.09852e-06 1 4.79924e-05 -0.0182093 -0.00413648 -4.72099e-05 1 2.40529
0.999971 -0.000447286 0.00668696 -0.00236187 0.00044614 1 0.000271936 -0.0123901 -0.00668739 -0.000269779 0.999966 2.39993
1 0.0005128 0.00262231 -0.000890955 -0.000515348 1 0.000726635 -0.00794261 -0.00262157 -0.000727135 1.00001 2.38765
0.999976 0.000494996 0.00603614 -0.00664117 -0.000494627 1 2.9763e-05 -0.0119669 -0.00603659 -3.35859e-05 0.999969 2.41055
1.00001 -7.53661e-05 0.00134997 -0.0028307 7.41434e-05 1 0.000516167 -0.00706228 -0.00134981 -0.000515023 1.00001 2.4172
0.999985 -0.000184087 0.00444263 -0.00880917 0.000185919 1 -0.000309556 -0.0137835 -0.00444282 0.000309295 0.999976 2.41744
0.999989 -0.00125249 0.00577598 -0.0138429 0.00125062 0.999999 0.000235227 -0.0280606 -0.0057761 -0.000227013 0.999997 2.42748
0.999993 -0.000100384 0.00249476 0.000607164 0.000102334 1 -0.000560294 -0.0167195 -0.00249501 0.000559679 0.999984 2.40404
0.999999 -0.00108779 0.0032926 -0.00542946 0.00108769 0.999999 -0.000122152 -0.00245712 -0.00329229 0.000126569 1.00001 2.42422
0.999982 -6.98161e-05 0.0052405 -0.0138849 6.37168e-05 0.999999 0.00125212 -0.00953212 -0.00524082 -0.00125266 0.999974 2.44547
1 0.00136587 0.000417888 -0.00540433 -0.00136728 0.999997 0.00209717 -0.0099525 -0.000414973 -0.00209679 1.00001 2.41085
0.999982 -0.000845095 0.00510879 -0.00225235 0.00084408 1 0.000296767 -0.00833848 -0.00510919 -0.000293388 0.999977 2.46631
1 -0.000635559 0.00170081 -0.0211783 0.000635159 1 -4.91704e-05 0.00188698 -0.00170063 5.11635e-05 1.00001 2.44462
0.999986 0.00027901 0.00425732 -0.00916635 -0.000277696 1 -0.00020221 0.00689296 -0.00425745 0.00020017 0.99998 2.44861
0.99998 -0.000170886 0.00736395 -0.00138524 0.000174197 1 -0.000519794 -0.0142316 -0.00736374 0.000522112 0.999985 2.45876
0.999992 -0.000415614 0.00212516 -0.0228337 0.000417094 1 -0.00051127 -0.00747115 -0.00212508 0.000511298 0.999986 2.52008
1 0.000868372 0.00310091 -0.00989773 -0.000868073 1 -0.000198548 0.0048633 -0.00310099 0.000196667 1.00001 2.49357
0.999975 -0.000364985 0.00623493 -0.0117034 0.000362492 1 0.000468499 -0.0119179 -0.00623522 -0.000467104 0.99997 2.51672
1.00001 -0.000768352 0.000149634 -0.00922365 0.000767756 0.999999 0.00152755 -0.0103496 -0.000150719 -0.00152658 1.00001 2.54095
0.999992 -0.000457009 0.00238705 -0.00913218 0.000454526 0.999999 0.00115163 -0.00552256 -0.00238769 -0.0011514 0.999987 2.53099
0.999995 0.000167109 0.00452689 -0.0088414 -0.000169669 1 0.000505744 -0.00384225 -0.00452673 -0.000505635 1 2.52425
0.999995 0.000679627 0.00108696 -0.0246574 -0.000679724 1 0.000397036 -0.00675516 -0.00108669 -0.000398454 0.99999 2.574
0.999993 -0.000981769 0.0048685 0.00638845 0.000978121 0.999999 0.000683625 -0.00373042 -0.00486913 -0.000678144 0.999997 2.57894
0.999995 -0.000264256 0.000769921 -0.00373461 0.000264398 1 0.000341242 -0.0133322 -0.000769779 -0.000341787 0.999991 2.57893
1 0.000205872 0.00252685 -0.00604357 -0.000204647 1 -0.000628533 -0.00334165 -0.00252691 0.000628752 1.00001 2.58431
0.999986 0.000472402 0.00425842 -0.0108822 -0.000463093 0.999999 -0.00210334 -0.00316572 -0.00425948 0.00210059 0.999978 2.60471
1 0.000137829 0.00231569 -0.0129314 -0.000138062 0.999999 -3.04335e-05 0.00490347 -0.00231556 3.08223e-05 1.00001 2.59275
0.999981 0.00030718 0.00518681 -0.0230838 -0.000305847 1 -0.000207912 -0.00407581 -0.0051871 0.000205653 0.999976 2.63128
0.99997 0.000743924 0.00858442 -0.0247572 -0.000748451 1 0.000492328 0.00748819 -0.0085837 -0.00049777 0.999974 2.64379
0.999987 0.000240465 0.00374533 -0.0103372 -0.000243213 0.999999 0.000803273 -0.00395253 -0.00374534 -0.000804966 0.999982 2.63806
0.999995 -0.000321272 0.00499901 -0.0130019 0.000318414 1 0.000548405 -0.00573957 -0.00499885 -0.000546011 0.999999 2.65448
0.999971 -0.000580447 0.00660296 -0.0254822 0.000579527 1 0.000161142 -0.018978 -0.00660331 -0.000158079 0.999968 2.65885
1 -0.00105771 0.00173204 -0.0110929 0.00105765 0.999999 -2.14682e-05 -0.00597346 -0.00173156 2.4046e-05 1.00001 2.69971
0.999971 -0.00185949 0.00663267 -0.022401 0.00184748 0.999997 0.00183935 -0.00704874 -0.00663649 -0.00182783 0.999966 2.68039
1.00001 0.00017963 0.00143129 -0.0263148 -0.000182116 0.999999 0.00160881 -0.0120949 -0.00143054 -0.00160822 1.00001 2.6819
0.999985 0.000451301 0.00448508 -0.0236296 -0.000457073 0.999999 0.00134789 -0.0191159 -0.00448495 -0.00135083 0.999979 2.69442
0.99998 0.000385112 0.00715076 0.00294115 -0.000388015 0.999999 0.000368158 -0.0101152 -0.00715014 -0.000370092 0.999984 2.68758
0.999995 -0.000737754 6.63891e-05 -0.0257923 0.000737977 1 0.000302892 0.00161876 -6.71101e-05 -0.000303658 0.99999 2.69008
0.999992 -0.00146642 0.00490791 -0.0137962 0.00145907 0.999999 0.0014366 -0.0171578 -0.00490947 -0.0014286 0.999997 2.69288
0.99997 -0.000466515 0.00709808 0.00841296 0.000454474 0.999998 0.00175247 -0.0225672 -0.00709947 -0.00175006 0.999963 2.71266
1 0.00180355 -0.000437308 -0.0562926 -0.00180278 0.999996 0.00291373 -0.00666762 0.000442999 -0.00291223 1.00001 2.71624
0.999986 0.000273881 0.00432582 -0.00953145 -0.0002765 0.999998 0.000694662 -0.00963315 -0.00432615 -0.000696488 0.999978 2.71258
0.999983 -6.15965e-05 0.00682519 -0.00873076 5.40131e-05 1 0.00106663 -0.0104107 -0.00682501 -0.00106562 0.999991 2.70912
0.999994 0.00189089 6.24174e-05 -0.0217145 -0.0018906 0.999997 -0.000345145 -0.0212732 -6.31704e-05 0.000344533 0.999986 2.70673
0.99998 0.00153975 0.0069184 -0.0165379 -0.00153055 0.999999 -0.00138238 -0.015942 -0.00692038 0.00137225 0.99999 2.71334
0.999994 0.000963273 0.00115825 -0.0156616 -0.000960353 0.999998 -0.00216748 -0.027561 -0.00116043 0.00216589 0.999983 2.70746
0.999997 0.000767277 0.00407895 -0.0177931 -0.000773318 0.999999 0.00139678 -0.00730211 -0.00407779 -0.00139939 1.00001 2.72739
0.999974 -0.000439266 0.00675645 -0.0170866 0.000426316 0.999999 0.00197466 -0.0135435 -0.00675731 -0.00197242 0.999962 2.71412
1 0.000616287 0.00225476 -0.00236658 -0.000617542 0.999999 0.000404552 -0.0187214 -0.00225464 -0.000405201 1.00001 2.72329
0.999988 0.00197287 0.0031519 -0.0166005 -0.00197188 0.999998 -0.000178598 -0.023426 -0.00315198 0.000171461 0.999982 2.72005
0.999988 0.00144207 0.00573904 -0.0218796 -0.00145854 0.999996 0.00281973 -0.00434849 -0.00573517 -0.00282712 0.999994 2.72351
0.99999 0.00194508 0.00254441 -0.0141403 -0.00194874 0.999997 0.00151347 -0.0179407 -0.00254104 -0.00151929 0.999982 2.73259
0.999996 0.00116686 0.00426041 -0.0229525 -0.00116722 1 2.64498e-05 -0.0184823 -0.00426054 -3.07055e-05 1 2.70577
0.99998 2.8729e-05 0.00546654 -0.0197637 -3.12163e-05 0.999999 0.000502035 -0.010601 -0.00546607 -0.000502932 0.999971 2.69766
1.00001 0.000266676 0.000611906 -0.00988594 -0.000267428 1 0.000626482 -0.0148688 -0.000612111 -0.000625985 1.00001 2.73322
0.99996 0.000336081 0.008395 -0.0124905 -0.000340227 0.999998 0.000531793 -0.0120239 -0.00839458 -0.000535186 0.99995 2.6821
1 0.00276095 0.00108966 -0.0276314 -0.00276169 0.999998 0.000266237 -0.0359966 -0.00108941 -0.000268744 1.00001 2.73874
0.999952 0.00852541 0.00347552 -0.0328393 -0.00851669 0.99996 -0.0023702 -0.0453919 -0.0034953 0.00233988 0.999977 2.70555
0.99995 0.00694516 0.00804833 -0.02536 -0.00685853 0.99992 -0.0107916 0.00851341 -0.00812315 0.010736 0.999925 2.68312
0.999969 -0.00722452 4.59031e-05 -0.0202684 0.00722495 0.999968 -0.00307974 -0.0475748 -2.3934e-05 0.0030795 0.999981 2.68073
0.999977 -0.00723499 0.00166383 -0.00983757 0.00722568 0.999962 0.00524059 -0.02974 -0.00170145 -0.00522791 1 2.6742
0.999987 -0.00393262 0.00211571 -0.020168 0.00390514 0.999907 0.0130354 0.0152687 -0.00216726 -0.0130279 0.999899 2.75044
0.999987 0.00467459 0.00346128 -0.0232397 -0.00470566 0.99995 0.00888818 0.00361297 -0.00341917 -0.0089034 0.999969 2.69716
0.999963 0.0051517 0.00646112 -0.00886575 -0.00517945 0.999977 0.00434962 0.000743632 -0.00643906 -0.00438373 0.999955 2.73128
1 0.00161855 0.00157458 -0.0351462 -0.00161893 0.999999 -0.000100565 -0.0197559 -0.00157442 9.86436e-05 1.00001 2.68965
0.999982 -0.00470598 0.00310752 -0.0109536 0.00471017 0.999987 -0.00123355 -0.0471195 -0.00310204 0.00124758 0.99998 2.70024
0.99998 -0.00505261 0.00445969 -0.0144004 0.00506659 0.999983 -0.00321062 -0.0496232 -0.00444308 0.00323343 1 2.69589
0.999996 -0.000324523 0.00200439 -0.0129817 0.000330741 0.999995 -0.00295912 -0.0271356 -0.00200364 0.00295945 0.999979 2.67803
0.999995 -0.000250428 0.00384949 -0.00868856 0.00024803 1 0.000573445 -0.0112636 -0.00384935 -0.000572163 1.00001 2.70418
0.999981 -0.00111431 0.00593751 -0.00800142 0.0011041 0.999998 0.0017456 -0.0144835 -0.00593972 -0.00173938 0.999966 2.71091
1 -0.000602753 0.00127841 -0.00915453 0.000600318 1 0.00169465 -0.0133619 -0.00127922 -0.00169349 1.00001 2.66926
0.999996 7.5685e-05 0.0020618 -0.00800003 -7.70686e-05 0.999998 0.000762923 -0.0184449 -0.00206204 -0.000763574 0.999981 2.69602
0.999991 -0.000802681 0.0046938 -0.0121463 0.000802344 1 5.41904e-05 -0.00969282 -0.00469358 -4.99496e-05 1.00001 2.6931
0.999998 -0.000134245 -0.000435968 -0.00656731 0.000134504 0.999999 0.000538553 -0.0253758 0.000435801 -0.000539116 0.999982 2.68277
0.999982 -0.000359167 0.00651912 -0.00361004 0.000287696 0.999941 0.0109778 0.0164044 -0.00652258 -0.0109748 0.999937 2.6716
0.99999 -0.00302567 0.00185911 -0.00790148 0.00302525 0.999994 0.000156666 -0.0105027 -0.0018596 -0.000151739 0.99998 2.66984
1 0.00112117 0.00178573 -0.0089738 -0.001137 0.999962 0.00899472 -0.00225034 -0.00177572 -0.00899594 0.999979 2.69026
0.999978 0.000707332 0.00591246 -0.00552872 -0.000705157 0.999997 -0.00041131 -0.0255381 -0.00591269 0.000406543 0.999962 2.62008
0.999997 0.00358475 -0.00169452 -0.0150256 -0.00359198 0.999989 -0.00434684 -0.0367737 0.00167873 0.00435355 1.00001 2.68136
0.99999 0.00290391 0.00200729 -0.0200852 -0.00290015 0.999991 -0.00192898 -0.0302497 -0.00201272 0.00192252 0.999973 2.68521
0.999998 -0.000287476 0.00349797 -0.00633426 0.000284298 1 0.000889686 -0.0231384 -0.00349771 -0.000887836 1.00002 2.67299
0.999996 0.00122129 0.000460379 -0.0181214 -0.00122147 0.999997 0.000280733 -0.0353764 -0.000460231 -0.000282065 0.999975 2.64614
1 0.000484029 0.00182809 -0.0158193 -0.000481433 1 -0.00141755 -0.0145548 -0.00182798 0.00141751 1.00002 2.67084
0.99999 -0.000970495 0.00372032 -0.0118028 0.000983848 0.999992 -0.00354907 -0.0224531 -0.00371735 0.00355192 0.999962 2.649
1 -0.000121281 -0.000318369 -0.0103018 0.000122024 0.999997 0.00309389 -0.0243327 0.000318841 -0.00309279 1.00002 2.66002
0.999996 -0.000397448 0.00266882 0.0102418 0.000384543 0.999989 0.0049029 -0.0270003 -0.00267049 -0.00490306 0.999961 2.71569
0.99999 -0.00425502 -0.00212379 -0.00927922 0.00426791 0.999972 0.00620239 -0.0279269 0.00209742 -0.00621023 1 2.6826
0.999993 -0.00354725 -0.0015199 -0.00199453 0.00355561 0.999981 0.00529545 -0.0379618 0.00150173 -0.00530199 0.999962 2.67713
0.999992 0.00424916 4.28575e-05 -0.0141055 -0.00424977 0.999991 -0.00158108 -0.0224868 -4.96983e-05 0.00158212 1.00002 2.66018
0.999958 0.00897787 -0.00208152 -0.0205156 -0.00898822 0.999946 -0.00530542 -0.0269575 0.00203429 0.00532276 0.999961 2.7036
0.999988 0.00465571 -0.00223177 -0.0218895 -0.00465967 0.999989 -0.00154362 -0.0140881 0.00222411 0.0015552 1.00002 2.66226
0.999988 0.00450245 -0.000954879 0.00194698 -0.00450086 0.999988 0.0011469 -0.04774 0.000960361 -0.00114382 0.999974 2.60722
0.999972 -0.00548918 -0.00530504 -0.0307844 0.00548907 0.999987 3.71102e-05 0.00625991 0.00530442 -6.50248e-05 1.00001 2.69059
0.999989 -0.000274824 -0.00432688 0.00327241 0.000279499 0.999997 0.000996248 -0.0153036 0.00432684 -0.00099873 0.999967 2.66832
1 0.0023436 -0.000539347 -0.0127744 -0.00234351 1 0.000815674 -0.0273672 0.000541515 -0.000812948 1.00002 2.62792
0.999962 0.0070238 -0.00470616 -0.0238046 -0.00702192 0.999972 0.000357989 -0.023013 0.00470843 -0.000326314 0.999966 2.66996
0.999963 0.0088976 0.00154668 -0.0287303 -0.00890163 0.999961 0.00247526 -0.00896409 -0.00152423 -0.00248742 1.00002 2.64485
0.999965 0.00755428 -0.00290472 -0.0313295 -0.00755636 0.999967 -0.000796005 -0.0239476 0.00289864 0.000816619 0.99997 2.69499
0.999999 0.00261339 -0.000767098 -0.0235874 -0.00261363 1 0.00020362 -0.015954 0.000767668 -0.000200153 1.00003 2.65746
0.999998 -0.000857202 0.00142756 -0.0175448 0.000854645 0.999995 0.00211398 -0.0256988 -0.0014295 -0.00211403 0.999972 2.63864
0.999996 -0.00226772 -0.00223721 -0.00925408 0.00227527 0.999994 0.00368737 -0.023408 0.00222869 -0.00369129 1.00002 2.69117
0.999998 0.000523699 -0.00136133 -0.0196629 -0.000518949 0.999993 0.00295993 -0.00407084 0.00136294 -0.00296024 0.999971 2.66248
0.999997 0.00226909 0.00244921 -0.0243225 -0.00226784 0.999999 -0.000765473 -0.0195309 -0.00245099 0.000760968 1.00002 2.64576
0.999975 0.00357886 -0.00562185 -0.0199692 -0.00358842 0.99999 -0.00180319 -0.0105731 0.00561551 0.00182228 0.99996 2.66419
0.999999 -0.00125366 -0.00251564 -0.00970108 0.00125394 1 0.000290289 -0.0315372 0.00251522 -0.00029242 1.00002 2.67279
0.999983 -0.00298836 0.00465831 0.00509145 0.00299157 0.999994 -0.000569043 -0.0215424 -0.00465651 0.00058197 0.999968 2.68173
0.999992 -0.00441764 -0.00272122 -0.016859 0.0044278 0.999983 0.00391856 -0.0083593 0.00270382 -0.00392956 1.00001 2.62554
0.999995 0.00126159 0.000618326 -0.0153108 -0.00126176 0.999999 0.00116651 -0.0272472 -0.00061714 -0.00116823 0.999975 2.67766
1 0.000790635 -0.00309106 -0.0164031 -0.000789316 1 0.000567634 -0.0202496 0.00309176 -0.000564373 1.00002 2.66104
0.999994 0.000955879 -0.00176703 -0.0209938 -0.000949329 0.999994 0.00346362 -0.0151039 0.00177001 -0.00346301 0.999968 2.68176
1 0.00184948 0.000182738 -0.0285783 -0.00184979 0.999998 0.000220504 -0.0288219 -0.000181814 -0.000220005 1.00003 2.66183
0.999995 0.000736153 -0.00163873 -0.0163344 -0.000735547 1 0.000130007 -0.0218907 0.00163833 -0.000129614 0.999975 2.6516
1 0.000547491 -0.000562506 -0.00723664 -0.000548859 1 -0.00154924 -0.0196456 0.000562237 0.00155038 1.00003 2.67165
0.999996 -0.000574005 0.00102851 -0.0150772 0.0005734 0.999998 0.0010312 -0.0243525 -0.00102961 -0.00103156 0.999974 2.66907
1 0.000719982 -0.00269528 -0.0124984 -0.000715752 0.999999 0.00175306 -0.0136551 0.00269699 -0.00175017 1.00002 2.66449
0.999996 0.0013333 0.000169915 -0.0130228 -0.00133292 0.999997 0.00139325 -0.0245047 -0.000168591 -0.00139438 0.999974 2.66444
0.999998 0.000673463 0.00384872 -0.0201015 -0.000678107 1 0.00105166 -0.0217061 -0.00384708 -0.00105356 1.00002 2.64716
0.999995 -0.000305519 -0.00159262 -0.0174794 0.000307414 0.999999 0.000501768 -0.0131317 0.00159157 -0.000503007 0.999976 2.64874
1 -8.5136e-05 0.00240183 -0.0234689 8.42411e-05 1 1.58155e-05 -0.0261708 -0.00240072 -1.49457e-05 1.00002 2.65854
0.999996 -0.00054213 -0.000935801 -0.0130326 0.000543686 1 0.000738616 -0.0180275 0.000934369 -0.000739722 0.999976 2.65101
1 0.00132057 1.95206e-05 -0.0220656 -0.00132148 0.999997 0.0022957 -0.0176297 -1.54492e-05 -0.00229506 1.00002 2.67188
0.999991 -7.03549e-05 0.00311767 -0.00948358 6.60748e-05 0.999998 0.00165998 -0.0279963 -0.00311879 -0.00166048 0.999971 2.68518
1.00001 -9.09826e-05 -0.00153198 -0.0141017 8.98201e-05 1 -0.00012168 -0.0276058 0.00153303 0.000122245 1.00002 2.65982
0.999994 8.72786e-05 -0.000489637 -0.0146121 -8.57789e-05 0.999999 0.000865096 -0.0196986 0.000488534 -0.000865832 0.999977 2.6587
1 0.000113827 0.00183453 -0.0130746 -0.000116324 1 0.000767016 -0.0250051 -0.00183305 -0.000766446 1.00002 2.65163
0.999993 0.000174132 -0.00241417 -0.0123821 -0.000171748 1 0.000519377 -0.0255039 0.00241337 -0.000519624 0.999974 2.65541
1.00001 0.00118425 0.000558342 -0.0188609 -0.00118515 0.999999 -0.000285127 -0.0244018 -0.000557724 0.000285165 1.00002 2.66241
0.999994 0.00101889 -0.000944404 -0.00808298 -0.00101739 1 0.000336461 -0.0267272 0.000943859 -0.000336297 0.999977 2.66915
1.00001 0.00102661 -0.000649225 -0.0264898 -0.00102745 1 0.000400431 -0.0222021 0.000650566 -0.000398849 1.00002 2.66908
0.999996 0.000778819 0.000539203 -0.0183238 -0.000777976 1 0.00102888 -0.0275405 -0.000539329 -0.00103029 0.999979 2.61621
1 0.000731697 -0.00184428 -0.010028 -0.000729659 0.999997 0.00177914 -0.0129634 0.00184635 -0.00177694 1.00002 2.68771
0.999995 0.000487842 -0.00129084 -0.0129004 -0.000487598 1 -0.00087133 -0.0216745 0.00128975 0.000871255 0.999977 2.6561
1.00001 -0.00075708 0.000796768 -0.0199126 0.000756074 1 8.14097e-05 -0.0230189 -0.000796118 -7.99404e-05 1.00002 2.63398
0.999993 0.000609843 -0.00186521 -0.0124159 -0.000607714 1 0.000265126 -0.0238007 0.0018645 -0.000264604 0.999976 2.66455
1.00001 -0.00045394 -0.000215292 -0.0179872 0.000453024 0.999999 0.0016603 -0.0108842 0.000215383 -0.00165972 1.00002 2.64454
0.99999 0.000961553 0.00251568 -0.0151028 -0.000960802 0.999999 0.000197811 -0.0303625 -0.00251647 -0.000200932 0.999975 2.61468
1 0.000622398 0.00024174 -0.0124525 -0.000623197 1 -0.000412068 -0.0345509 -0.000241083 0.000412545 1.00002 2.68268
0.999996 -0.00124718 0.00039903 -0.0106156 0.00124779 0.999999 0.00103262 -0.0172574 -0.000401318 -0.0010328 0.999977 2.64686
0.999997 -0.0015762 0.00357677 -0.0255637 0.00156946 0.999998 0.00168079 -0.0212559 -0.00357847 -0.00167441 1.00001 2.63943
0.999994 0.000328353 -0.00241248 -0.0193278 -0.00032158 0.999997 0.00233527 -0.0268899 0.00241237 -0.00233534 0.999974 2.67829
1 0.00092381 0.00249526 -0.0156022 -0.000921022 0.999999 -0.0014757 -0.029679 -0.00249623 0.00147433 1.00002 2.642
0.999995 0.000574122 -0.0012107 -0.0289355 -0.000575693 0.999999 -0.00207626 -0.0298162 0.00120852 0.00207603 0.999977 2.6686
1 -0.000128616 -0.000384056 -0.0248068 0.00012787 0.999999 0.000622649 -0.0249941 0.000384799 -0.000621673 1.00002 2.63734
0.999991 -0.000810345 0.00321608 -0.0164011 0.000795206 0.99999 0.00508682 -0.0113223 -0.00322096 -0.00508534 0.999963 2.66696
1 -0.000235867 -0.00201683 -0.0191333 0.000239996 0.999994 0.00250315 -0.0215613 0.00201694 -0.00250243 1.00001 2.64609
0.999996 -0.000775668 -0.000119802 -0.0161743 0.000776733 1 0.000450754 -0.0293923 0.000118688 -0.000452024 0.999981 2.68422
1 -0.000543859 0.00186426 -0.0169368 0.000543981 0.999998 -0.000503228 -0.0149584 -0.00186296 0.000505267 1.00002 2.64696
0.999995 0.00131992 -0.00184431 -0.0237984 -0.0013187 1 0.000100822 -0.0332703 0.00184364 -9.93526e-05 0.999979 2.66154
1 -0.000751351 0.00163986 -0.0321772 0.000747988 0.999997 0.00158515 -0.0180874 -0.00164012 -0.00158307 1.00002 2.63557
0.999996 -0.000887391 -0.0014565 -0.00375432 0.000890976 1 0.00181413 -0.0262146 0.0014543 -0.0018162 0.999976 2.6906
1 0.000656789 -0.000225825 -0.0209109 -0.000657179 0.999997 0.00159758 -0.0305472 0.000227412 -0.00159653 1.00002 2.66663
0.999995 0.00132659 0.00164851 -0.0100984 -0.00132671 1 0.000579112 -0.0168273 -0.00164837 -0.000582145 0.999977 2.67033
0.999999 -0.000294206 -0.00264126 -0.0150313 0.000295798 0.999996 0.000853515 -0.0287582 0.00264191 -0.000853489 1.00002 2.67458
0.999998 -0.000785572 -0.000912675 -0.0175681 0.000787963 1 0.00160212 -0.0243049 0.000910388 -0.0016038 0.999976 2.66724
0.999992 0.0023579 0.00340637 -0.0219175 -0.00236138 0.999994 0.000765014 -0.0176095 -0.00340343 -0.000772125 1.00002 2.57724
0.999998 0.00205813 -0.000819014 -0.0103967 -0.00205652 0.999998 0.000241831 -0.0297946 0.00081922 -0.000241459 0.999979 2.6661
1 0.000327133 0.000817083 -0.0142633 -0.000328702 1 0.000454834 -0.0149292 -0.000815837 -0.000453688 1.00002 2.62737
1 -0.00104211 -0.000379826 -0.00195438 0.0010434 0.999999 -0.00116884 -0.0273869 0.00038013 0.00116685 0.999979 2.67916
0.999998 -0.00130977 -0.00128153 -0.0153317 0.00130843 0.999999 0.000148462 -0.0286666 0.00128225 -0.000148368 1.00002 2.66979
1 -0.000371898 0.00102421 -0.0128269 0.000371831 0.999998 0.0018863 -0.0133408 -0.00102535 -0.00188781 0.999978 2.62656
0.999999 -0.000915453 -0.00195936 -0.0172723 0.000916046 0.999999 0.000990659 -0.0352711 0.00195874 -0.000990668 1.00002 2.66794
1 0.000304708 7.05409e-05 -0.00451712 -0.000303044 1 -0.000528551 -0.0272088 -7.0821e-05 0.000526835 0.999981 2.58397
1 0.00110608 -0.00142815 -0.0219047 -0.00110798 0.999999 -0.000284307 -0.021809 0.00142808 0.000288219 1.00002 2.66492
0.999999 -0.00014085 -0.000625122 -0.0179869 0.000142893 1 0.000721623 -0.0228324 0.00062486 -0.000723944 0.999982 2.6445
1 4.46204e-05 -0.00144254 -0.0107673 -4.47125e-05 1 0.000916973 -0.0307905 0.00144301 -0.00091469 1.00002 2.65243
1 -0.000376397 0.000363334 -0.0145955 0.000377761 1 0.00102607 -0.0181947 -0.000364141 -0.00102827 0.999983 2.59764
1 0.00137802 -2.67043e-05 -0.0104679 -0.00137942 1 0.00111561 -0.0243006 2.90896e-05 -0.00111368 1.00002 2.67675
