0.999996 -0.00122828 -0.00257921 -0.00886274 0.00122675 0.999999 -0.00060053 -0.00800454 0.00257995 0.000597335 0.999996 0.57621
0.999995 -0.00167822 -0.00275712 -0.0136389 0.00167526 0.999998 -0.00106826 -0.00855396 0.00275885 0.00106364 0.999996 1.1295
0.999985 -0.00229806 -0.00494749 -0.0231667 0.00228638 0.999995 -0.00236309 -0.00616033 0.00495293 0.00235167 0.999985 1.6945
0.99997 -0.0038101 -0.006859 -0.0248525 0.00378928 0.999988 -0.00304055 -0.0118917 0.00687045 0.0030145 0.999972 2.25088
0.999955 -0.00571786 -0.00762408 -0.025767 0.00568482 0.999975 -0.00434169 -0.0288514 0.00764873 0.00429807 0.999961 2.81054
0.999933 -0.00682906 -0.00942357 -0.0330489 0.00678549 0.999967 -0.00464287 -0.0410286 0.00945489 0.00457869 0.999946 3.38828
0.999936 -0.00661371 -0.00927581 -0.0384796 0.00657061 0.999968 -0.00466274 -0.0519892 0.00930638 0.00460144 0.999946 3.95555
0.999927 -0.00638263 -0.0104421 -0.049607 0.00632584 0.999965 -0.00545774 -0.0724828 0.0104765 0.00539139 0.999932 4.54103
0.999931 -0.00586085 -0.0102355 -0.0563532 0.00578946 0.999959 -0.00698118 -0.0812636 0.010276 0.00692139 0.999923 5.12801
0.999924 -0.00521926 -0.0113001 -0.0703452 0.00510469 0.999936 -0.010134 -0.0895737 0.0113522 0.0100756 0.999886 5.72625
0.999924 -0.00431537 -0.0115574 -0.0867983 0.00416309 0.999905 -0.0131591 -0.105313 0.0116131 0.01311 0.999847 6.32732
0.999934 -0.00283885 -0.0113224 -0.0970445 0.00269594 0.999917 -0.012606 -0.121962 0.0113572 0.0125747 0.999858 6.94159
0.999917 -0.00109467 -0.0129039 -0.11799 0.00100796 0.999977 -0.00671558 -0.122075 0.012911 0.00670188 0.999894 7.59355
0.999921 -0.000320475 -0.0127328 -0.131324 0.000358121 0.999996 0.00296334 -0.125212 0.0127317 -0.00296762 0.999917 8.25606
0.999905 0.000509572 -0.0138511 -0.15975 -0.000375098 0.999953 0.00971908 -0.134908 0.0138554 -0.00971312 0.999857 8.93647
0.999898 0.00114238 -0.01436 -0.173903 -0.00102088 0.999964 0.00847514 -0.155134 0.0143691 -0.00845958 0.999863 9.61775
0.999892 0.0044432 -0.0140709 -0.185593 -0.00441371 0.999988 0.00213456 -0.165967 0.0140802 -0.00207237 0.999898 10.2967
0.999872 0.00481706 -0.0154581 -0.200241 -0.00487662 0.999981 -0.00380704 -0.184055 0.0154394 0.00388196 0.999876 11.0228
0.999873 0.00326917 -0.0156234 -0.208394 -0.00331574 0.999991 -0.00294689 -0.19936 0.0156136 0.00299813 0.999874 11.7406
0.999867 0.00162521 -0.0163843 -0.232316 -0.00152123 0.999979 0.00636697 -0.199861 0.0163942 -0.00634107 0.999848 12.5204
0.999882 0.000607204 -0.015397 -0.236576 -0.000417636 0.999924 0.0123268 -0.205051 0.0154033 -0.0123191 0.999806 13.2945
0.99987 0.000353659 -0.0163266 -0.253587 -0.000107389 0.999887 0.0150903 -0.208158 0.0163299 -0.0150864 0.999756 14.1004
0.999871 -0.00162476 -0.0160059 -0.271749 0.00185754 0.999892 0.0145532 -0.210922 0.0159806 -0.0145813 0.999766 14.9096
0.999902 -0.00103054 -0.014192 -0.270082 0.00120077 0.999928 0.0120016 -0.227377 0.0141784 -0.0120173 0.99983 15.7154
0.999895 0.000186767 -0.0145549 -0.288997 -5.73517e-05 0.99996 0.00891013 -0.196429 0.014556 -0.00890858 0.999855 16.5773
0.999927 -0.00187849 -0.0122095 -0.288681 0.0019355 0.999988 0.00466483 -0.209901 0.0122004 -0.00468792 0.999918 17.4234
0.999917 -0.00446136 -0.0121586 -0.30434 0.00444826 0.99999 -0.00107698 -0.223964 0.0121633 0.00102256 0.999926 18.3095
0.999953 -0.00293088 -0.00968517 -0.30349 0.002872 0.999979 -0.00608647 -0.24008 0.00970264 0.00605853 0.999938 19.187
0.999947 -0.00198899 -0.0102404 -0.317489 0.00191814 0.999975 -0.00688839 -0.238154 0.0102539 0.00686818 0.999924 20.1045
0.999954 -0.00224057 -0.0097869 -0.330899 0.00217353 0.999976 -0.00685832 -0.238008 0.00980187 0.00683694 0.999932 21.0335
0.999971 -0.00157138 -0.00769992 -0.334879 0.00151507 0.999973 -0.00727027 -0.250724 0.00771116 0.00725818 0.999945 21.9567
0.999968 0.00196064 -0.00825802 -0.348013 -0.00203613 0.999958 -0.00914603 -0.276148 0.00823963 0.00916269 0.999928 22.9121
0.999963 0.00560689 -0.00671807 -0.358698 -0.00567749 0.999929 -0.0104851 -0.285835 0.00665892 0.0105227 0.999923 23.8662
0.999946 0.00811453 -0.00715549 -0.373748 -0.0081858 0.999918 -0.00999 -0.317078 0.00707377 0.0100482 0.999928 24.8381
0.999942 0.00917451 -0.0058557 -0.383706 -0.00922811 0.999915 -0.00914526 -0.32845 0.00577142 0.00919858 0.999942 25.8212
0.999942 0.00936864 -0.00600848 -0.392466 -0.00942051 0.99992 -0.00866387 -0.343776 0.00592674 0.00872016 0.999948 26.8021
0.999934 0.00993386 -0.00618406 -0.40641 -0.00998266 0.999919 -0.00787222 -0.364206 0.00610543 0.00793324 0.999951 27.8045
0.999941 0.00959761 -0.00581833 -0.421462 -0.00963359 0.999936 -0.00619142 -0.374062 0.00575846 0.00624728 0.999968 28.8161
0.999941 0.00887743 -0.00650914 -0.433628 -0.00891394 0.999944 -0.00556252 -0.371412 0.00645953 0.00562003 0.999965 29.8167
0.999958 0.00779108 -0.00563975 -0.453823 -0.00782785 0.999949 -0.00653698 -0.372141 0.00558844 0.00658096 0.999967 30.8447
0.999934 0.00952295 -0.00670174 -0.46901 -0.00957495 0.999924 -0.00773155 -0.383533 0.00662768 0.00779503 0.999949 31.8644
0.999954 0.00693758 -0.00728763 -0.490777 -0.00699451 0.999946 -0.00783701 -0.36733 0.00723281 0.00788771 0.999947 32.9028
0.999956 0.00568127 -0.00769476 -0.512388 -0.00571992 0.99997 -0.00498195 -0.380072 0.00766636 0.00502558 0.99996 33.9693
0.999943 0.00545233 -0.00970897 -0.539497 -0.00546389 0.999986 -0.00117781 -0.404758 0.00970235 0.00123087 0.999956 35.0294
0.99995 0.0048154 -0.00908621 -0.558719 -0.00479897 0.999986 0.00185126 -0.419293 0.00909518 -0.00180771 0.999959 36.0707
0.999952 0.00402845 -0.00958262 -0.57448 -0.00399095 0.999985 0.00390881 -0.41654 0.00959821 -0.00387035 0.999951 37.1258
0.999959 0.00448909 -0.00816801 -0.602997 -0.00445734 0.999982 0.00393012 -0.417606 0.00818566 -0.00389371 0.999961 38.1773
0.999949 0.00455907 -0.00964203 -0.614579 -0.0045229 0.999983 0.00375101 -0.407652 0.00965893 -0.00370722 0.999951 39.248
0.999943 0.00452049 -0.00993432 -0.630665 -0.00447204 0.999977 0.00491682 -0.410041 0.00995651 -0.00487215 0.99994 40.3253
0.999953 0.00505475 -0.00897185 -0.65102 -0.00498701 0.99996 0.00753593 -0.432282 0.00900947 -0.00749079 0.999936 41.4085
0.999927 0.00581972 -0.0108185 -0.666253 -0.00571353 0.999935 0.00984703 -0.452653 0.0108752 -0.00978483 0.999895 42.4925
0.999927 0.0081635 -0.00965027 -0.683131 -0.00806403 0.999916 0.0102759 -0.465762 0.00973321 -0.0101972 0.999905 43.5646
0.999903 0.0102191 -0.00972043 -0.697974 -0.0101457 0.99992 0.00758906 -0.473387 0.00979729 -0.00749002 0.999926 44.649
0.999892 0.0124144 -0.00864531 -0.715631 -0.0123639 0.999907 0.00584604 -0.481448 0.00871692 -0.00573838 0.99995 45.7235
0.999874 0.0135426 -0.00868832 -0.732666 -0.0134906 0.999891 0.00603855 -0.480665 0.00876928 -0.00592093 0.999946 46.7915
0.999891 0.0133293 -0.00741564 -0.742783 -0.0132593 0.999869 0.0093753 -0.500706 0.00753947 -0.00927583 0.999934 47.8575
0.999881 0.014639 -0.00563817 -0.759133 -0.0145747 0.999831 0.0113095 -0.508296 0.00580292 -0.0112263 0.999923 48.9421
0.999898 0.0137349 -0.00540513 -0.768972 -0.0136674 0.999832 0.0122861 -0.534454 0.00557278 -0.0122109 0.999915 50.038
0.999895 0.01414 -0.00423395 -0.779613 -0.0140858 0.999822 0.0126176 -0.534319 0.00441177 -0.0125569 0.999914 51.1116
0.99991 0.0133205 -0.00412154 -0.791421 -0.0132731 0.999849 0.0112657 -0.550378 0.00427081 -0.0112099 0.999933 52.2081
0.999902 0.0139054 -0.00320139 -0.805232 -0.0138761 0.999864 0.00904839 -0.531961 0.00332699 -0.00900346 0.999957 53.2955
0.999942 0.0113765 -0.00153777 -0.80337 -0.0113637 0.999905 0.00789353 -0.512686 0.00162724 -0.00787555 0.999973 54.3622
0.999969 0.00821498 -0.00174677 -0.81466 -0.0082058 0.999953 0.00531905 -0.505071 0.00179065 -0.00530497 0.999988 55.4568
0.999985 0.00676304 -0.000411206 -0.815093 -0.00676125 0.999971 0.00379984 -0.509522 0.000436687 -0.00379698 0.999998 56.527
0.999988 0.00559238 -0.00119955 -0.814434 -0.00558572 0.99997 0.00571957 -0.510546 0.00123178 -0.00571329 0.999988 57.613
1 0.00426934 0.000640639 -0.818636 -0.00427615 0.999928 0.0113153 -0.512485 -0.00059255 -0.0113179 0.999943 58.6725
1 0.00244636 0.000754883 -0.82543 -0.00245907 0.999856 0.0168935 -0.511213 -0.000713099 -0.0168959 0.999862 59.7313
1.00001 -0.00025427 0.00168123 -0.831391 0.000222219 0.999819 0.0190966 -0.490307 -0.00168607 -0.0190962 0.999823 60.8099
0.999996 -0.00293164 0.00295649 -0.834859 0.00287844 0.999841 0.0177336 -0.473213 -0.0030076 -0.0177255 0.999844 61.8674
0.999993 -0.00482846 0.00269123 -0.828731 0.00478791 0.999879 0.0149219 -0.460247 -0.00276324 -0.0149088 0.999892 62.9518
0.999996 -0.00267775 0.0035803 -0.833748 0.00263093 0.999915 0.0128953 -0.440213 -0.00361405 -0.0128862 0.999917 64.0189
0.999999 -0.0024609 0.00348673 -0.830541 0.00242441 0.999944 0.0104455 -0.425688 -0.00351254 -0.0104368 0.999947 65.0919
0.999997 -0.000169105 0.0042709 -0.834729 0.000117556 0.99993 0.0119571 -0.412473 -0.0042721 -0.0119568 0.999926 66.1688
0.999986 0.0031367 0.0059636 -0.84091 -0.0032311 0.99987 0.0158933 -0.399996 -0.00591322 -0.0159121 0.999864 67.2288
0.999979 0.00430415 0.00610867 -0.842218 -0.00442965 0.99978 0.0206114 -0.392188 -0.00601789 -0.0206383 0.999776 68.3083
0.999969 0.00378407 0.00808038 -0.840489 -0.00396769 0.999733 0.022839 -0.379693 -0.00799204 -0.02287 0.999714 69.3862
0.999968 0.00296994 0.00830794 -0.834316 -0.00318431 0.999663 0.0258532 -0.353388 -0.00822761 -0.0258791 0.999638 70.4766
0.999965 0.00207743 0.00905582 -0.829018 -0.00233011 0.999607 0.0279843 -0.336261 -0.00899437 -0.0280041 0.999575 71.5376
0.999971 0.000150211 0.00843291 -0.822203 -0.000425586 0.999471 0.0325968 -0.316202 -0.00842286 -0.0325999 0.99944 72.6288
0.999973 -0.00112815 0.00836085 -0.815509 0.000821885 0.999333 0.0365533 -0.288329 -0.0083968 -0.0365451 0.999305 73.702
0.999963 -0.00254991 0.00901079 -0.812229 0.00221432 0.999316 0.0369941 -0.26341 -0.00909823 -0.0369733 0.999282 74.7585
0.999977 -0.00200496 0.00783003 -0.807616 0.00171857 0.999337 0.0364227 -0.244256 -0.00789813 -0.0364081 0.999314 75.8287
0.99997 -0.000828671 0.00853292 -0.808353 0.000521387 0.999359 0.0358871 -0.218586 -0.00855648 -0.035882 0.999327 76.883
0.99998 0.000407031 0.00770794 -0.808847 -0.000705958 0.999247 0.03883 -0.19451 -0.00768664 -0.0388343 0.999224 77.9319
0.999978 0.00138134 0.00738277 -0.806998 -0.00170329 0.999046 0.043712 -0.178076 -0.00731469 -0.0437241 0.999025 78.9721
0.999972 0.00272561 0.00823963 -0.809134 -0.00311016 0.998892 0.0470117 -0.155948 -0.00810264 -0.0470357 0.998869 80.036
0.999971 0.00351358 0.00774559 -0.805874 -0.00389889 0.998732 0.0502442 -0.108955 -0.00755857 -0.0502733 0.998715 81.047
0.999969 0.00400704 0.00812623 -0.803165 -0.00441223 0.998718 0.0504635 -0.0638482 -0.00791384 -0.0504975 0.998701 82.0882
0.999971 0.00363142 0.00774756 -0.798383 -0.00402 0.99871 0.0506748 -0.0114852 -0.00755283 -0.0507047 0.998694 83.0974
0.999966 0.00348453 0.00866251 -0.796639 -0.00392299 0.998688 0.0511102 0.0355818 -0.00847325 -0.0511421 0.998664 84.107
0.999977 0.00117113 0.00773673 -0.790585 -0.00158205 0.998583 0.053242 0.0751662 -0.00766266 -0.0532531 0.998561 85.1028
0.999982 -0.000260506 0.00743559 -0.784935 -0.00015791 0.998423 0.0561835 0.1132 -0.00743861 -0.0561831 0.998402 86.0851
0.999975 -0.000812517 0.00802996 -0.784831 0.000333873 0.99824 0.0593538 0.157893 -0.00806328 -0.0593496 0.998214 87.0503
0.999989 -0.00144647 0.00654576 -0.780709 0.00104276 0.998127 0.0612212 0.202311 -0.00662209 -0.0612128 0.998112 88.013
0.999986 -0.00207711 0.00630562 -0.779206 0.00167761 0.99804 0.0626156 0.238928 -0.00642251 -0.0626038 0.998027 88.8892
1.00001 -0.00248536 0.00247276 -0.779866 0.00232258 0.997971 0.0636731 0.279876 -0.002626 -0.0636666 0.997978 89.8197
1.00001 -0.00228034 -0.000767415 -0.78596 0.00232433 0.997941 0.0641473 0.329061 0.000620429 -0.064149 0.99795 90.7237
1.00001 -0.00236164 -0.00268121 -0.795765 0.00253466 0.99778 0.0665969 0.363078 0.00251791 -0.0666032 0.997787 91.591
0.999992 -0.00155948 -0.0055683 -0.806601 0.0019387 0.997628 0.068861 0.400552 0.00544856 -0.0688709 0.997621 92.4323
0.999989 -0.000420497 -0.00738688 -0.819979 0.000934986 0.997562 0.0698466 0.435123 0.00733953 -0.0698515 0.997542 93.2637
0.999965 -4.86462e-05 -0.00939184 -0.832255 0.000726109 0.997393 0.0722036 0.468716 0.0093647 -0.0722076 0.997356 94.0114
0.999958 0.0010437 -0.0108955 -0.846429 -0.000246327 0.997338 0.072981 0.507998 0.0109426 -0.0729741 0.997287 94.789
0.999911 0.00221943 -0.0139024 -0.864282 -0.00118888 0.99728 0.0737483 0.545631 0.0140291 -0.0737248 0.99719 95.5414
0.999908 0.00387769 -0.0143207 -0.884951 -0.00282379 0.997338 0.0729328 0.578425 0.0145651 -0.0728845 0.997247 96.1973
0.999862 0.00575775 -0.0161795 -0.903347 -0.00461331 0.997545 0.0699383 0.610712 0.0165433 -0.0698536 0.99743 96.8435
0.999814 0.00824967 -0.0184061 -0.926982 -0.00701455 0.997786 0.0662183 0.639168 0.0189113 -0.0660759 0.997649 97.4824
0.99977 0.00973574 -0.0196 -0.948057 -0.00842316 0.997789 0.0659988 0.665651 0.0202 -0.0658181 0.997637 98.0786
0.999751 0.0117442 -0.0199214 -0.968471 -0.0104184 0.997808 0.0654289 0.690803 0.0206458 -0.0652038 0.997672 98.6552
0.999751 0.0131827 -0.0185276 -0.987946 -0.0119153 0.997689 0.0669548 0.716423 0.0193682 -0.0667169 0.997594 99.2274
0.999773 0.0167651 -0.0144826 -1.00244 -0.0157335 0.997522 0.0686585 0.737382 0.0155975 -0.0684138 0.997549 99.7722
0.999779 0.0194877 -0.00911164 -1.01727 -0.0188021 0.997365 0.0701279 0.760855 0.0104551 -0.0699407 0.997507 100.301
0.999818 0.0200344 -0.000698896 -1.01403 -0.0199321 0.997197 0.0721976 0.782878 0.00214312 -0.0721692 0.997404 100.812
0.999781 0.0197255 0.00832291 -1.01439 -0.0202935 0.996999 0.0747667 0.806301 -0.00682213 -0.0749187 0.997177 101.317
0.999629 0.0186842 0.0207563 -0.99636 -0.0202086 0.996922 0.0758175 0.832145 -0.0192759 -0.0762074 0.99692 101.791
0.999272 0.0179051 0.034007 -0.976533 -0.0204745 0.996844 0.0767608 0.854885 -0.032524 -0.0774007 0.99648 102.24
0.998647 0.0166622 0.0496438 -0.950367 -0.0204325 0.996871 0.0764265 0.879918 -0.048215 -0.0773361 0.995853 102.676
0.997634 0.0158169 0.0670731 -0.91592 -0.0208083 0.997018 0.0743774 0.898735 -0.0656951 -0.0755965 0.994983 103.096
0.996003 0.0152626 0.0882187 -0.872148 -0.0214984 0.997309 0.0701693 0.919361 -0.0869102 -0.0717841 0.993641 103.505
0.993529 0.0141003 0.1128 -0.814652 -0.0216708 0.997578 0.0661693 0.947993 -0.111592 -0.068185 0.991424 103.919
0.990139 0.0114664 0.139755 -0.744257 -0.0206589 0.99771 0.0645009 0.964679 -0.138694 -0.0667508 0.988098 104.307
0.985397 0.00845543 0.170133 -0.659296 -0.0195711 0.997778 0.0637632 0.986302 -0.169213 -0.0661612 0.983368 104.698
0.97933 0.00638653 0.202262 -0.563841 -0.0193654 0.997879 0.0622532 1.00139 -0.201435 -0.0648821 0.977366 105.068
0.971232 0.00454923 0.238142 -0.452531 -0.0195427 0.997974 0.0606359 1.01899 -0.23738 -0.0635449 0.969348 105.439
0.961336 0.00118845 0.275445 -0.327636 -0.0185193 0.998013 0.0603264 1.03394 -0.274825 -0.0630939 0.959437 105.791
0.948934 -0.000572141 0.315512 -0.186494 -0.0192437 0.998037 0.0596855 1.03931 -0.314923 -0.0627086 0.947055 106.144
0.934565 -3.95843e-05 0.355846 -0.0447707 -0.0222363 0.998045 0.0585091 1.05459 -0.35515 -0.0625921 0.932727 106.472
0.916858 0.00268619 0.399237 0.111465 -0.0276382 0.998011 0.0567557 1.07268 -0.398286 -0.0630705 0.915102 106.794
0.896288 0.00164646 0.443512 0.293896 -0.0303116 0.997888 0.0575507 1.08742 -0.442478 -0.0650244 0.894436 107.12
0.874044 0.000903994 0.485873 0.478523 -0.0328626 0.997823 0.0572596 1.101 -0.484758 -0.0660138 0.872166 107.412
0.848017 -0.000786748 0.530005 0.681301 -0.034381 0.997817 0.0564902 1.11419 -0.528889 -0.0661255 0.84613 107.703
0.82106 -0.000366394 0.570866 0.8981 -0.0364211 0.997934 0.0530232 1.12039 -0.569699 -0.0643261 0.819345 107.978
0.790553 0.000839633 0.612424 1.1199 -0.0388272 0.998062 0.0487512 1.12841 -0.611192 -0.062318 0.789046 108.237
0.758176 0.00532151 0.652049 1.35367 -0.0439448 0.998116 0.0429508 1.13679 -0.650584 -0.0612178 0.756976 108.488
0.72195 0.0109857 0.691886 1.61054 -0.050446 0.998055 0.0367901 1.14708 -0.690131 -0.0614624 0.721093 108.74
0.683261 0.015933 0.73002 1.86866 -0.0575377 0.997833 0.0320738 1.16058 -0.727919 -0.0639178 0.682692 108.971
0.641664 0.0151811 0.76686 2.15521 -0.0594199 0.997789 0.0299657 1.17331 -0.764705 -0.0647935 0.641141 109.179
0.598257 0.0122407 0.801229 2.45744 -0.0594016 0.997815 0.0291093 1.17962 -0.799113 -0.0650084 0.597672 109.385
0.552736 0.0099257 0.83332 2.7703 -0.0613117 0.99771 0.0287831 1.19489 -0.831121 -0.0670005 0.552073 109.56
0.503931 0.00829969 0.863721 3.10772 -0.0646714 0.997515 0.0281463 1.19895 -0.861332 -0.0700411 0.503212 109.738
0.455546 0.00614937 0.890212 3.44806 -0.0659836 0.997465 0.0268748 1.20645 -0.887784 -0.0709808 0.454793 109.883
0.402876 0.00157599 0.915269 3.81389 -0.0674383 0.997338 0.0279668 1.20045 -0.912778 -0.0729907 0.401907 110.019
0.35155 0.000352765 0.936189 4.17696 -0.0709322 0.997141 0.0262595 1.21665 -0.933498 -0.075636 0.350567 110.139
0.299196 0.00395059 0.954199 4.54755 -0.0763083 0.996894 0.0197993 1.22084 -0.951147 -0.0787364 0.298565 110.241
0.247672 0.00753048 0.968835 4.93378 -0.080152 0.996707 0.0127423 1.23012 -0.965542 -0.0808083 0.247458 110.316
0.200273 0.00935855 0.979711 5.31658 -0.0807436 0.996716 0.00698431 1.24294 -0.976418 -0.0805033 0.200369 110.377
0.157939 0.00875104 0.98743 5.74639 -0.0760119 0.997108 0.00332072 1.2521 -0.984538 -0.0755795 0.158146 110.424
0.122346 0.0082655 0.992468 6.15193 -0.0690425 0.99762 0.000202461 1.2468 -0.990094 -0.0685465 0.122625 110.444
0.0899295 0.00896147 0.995928 6.58881 -0.0661511 0.997811 -0.00300569 1.24055 -0.993767 -0.0656101 0.0903254 110.469
0.0615777 0.00743696 0.99809 7.02465 -0.0690574 0.997614 -0.00317319 1.25124 -0.995721 -0.0687293 0.0619435 110.496
0.0356696 0.00364749 0.999377 7.4954 -0.0741764 0.99725 -0.000992747 1.26914 -0.996626 -0.0740932 0.0358424 110.523
0.0110207 0.000164242 0.999954 7.95739 -0.078502 0.99692 0.000701058 1.27683 -0.996864 -0.0785054 0.0109991 110.542
-0.0115606 -0.00244599 0.99995 8.44881 -0.0762314 0.997095 0.00155721 1.2817 -0.997043 -0.076208 -0.0117126 110.531
-0.0316129 -0.00297309 0.999511 8.96614 -0.0708551 0.997492 0.000725666 1.28629 -0.996997 -0.0707967 -0.0317444 110.503
-0.0500935 -0.000523641 0.998765 9.48935 -0.0656766 0.997843 -0.00277146 1.28723 -0.996603 -0.0657329 -0.0500186 110.461
-0.0637936 0.00386015 0.997971 9.99934 -0.0656103 0.997819 -0.00805391 1.2803 -0.995815 -0.0659902 -0.0634011 110.437
-0.0752763 0.00774178 0.997154 10.5742 -0.0683109 0.997586 -0.0129027 1.26917 -0.99484 -0.0690862 -0.0745644 110.406
-0.0817837 0.00865548 0.996628 11.1913 -0.0654263 0.997765 -0.0140346 1.24757 -0.994511 -0.0663526 -0.0810344 110.354
-0.0856438 0.00505594 0.996335 11.8287 -0.0593186 0.998193 -0.0101649 1.2242 -0.994579 -0.0599702 -0.0851877 110.293
-0.0854764 0.00339608 0.99635 12.4701 -0.0589665 0.998231 -0.00846156 1.21595 -0.994605 -0.0594737 -0.0851247 110.234
-0.0831756 0.0025787 0.996554 13.114 -0.0596121 0.998199 -0.00755893 1.20432 -0.994771 -0.0600338 -0.0828707 110.186
-0.0820778 0.00323791 0.996636 13.7896 -0.0631322 0.997976 -0.0084418 1.19861 -0.994635 -0.063612 -0.081707 110.142
-0.0803088 0.00450427 0.996782 14.4552 -0.064894 0.997851 -0.0097381 1.18363 -0.994676 -0.0654655 -0.0798425 110.092
-0.0789588 0.00472217 0.996882 15.1851 -0.0646929 0.997863 -0.00985113 1.16871 -0.994788 -0.0652682 -0.0784844 110.036
-0.0790481 0.00382471 0.996886 15.8939 -0.0646733 0.997873 -0.00895737 1.14422 -0.994792 -0.0651783 -0.0786311 109.98
-0.07692 0.00222841 0.99705 16.614 -0.0673597 0.997708 -0.00742672 1.10717 -0.99477 -0.0677315 -0.0765934 109.936
-0.0771938 6.88568e-05 0.997038 17.3276 -0.0676693 0.9977 -0.00530868 1.08728 -0.994738 -0.067877 -0.0770102 109.89
-0.0775487 -0.0023731 0.997001 18.0724 -0.0681994 0.997674 -0.00293021 1.06848 -0.994664 -0.0682213 -0.07753 109.84
-0.0774247 -0.00423112 0.997012 18.8313 -0.0705606 0.997513 -0.00124689 1.06211 -0.994519 -0.0704445 -0.0775293 109.791
-0.0788849 -0.00557986 0.996884 19.6116 -0.0717327 0.99743 -9.37339e-05 1.0595 -0.994311 -0.0715156 -0.0790824 109.732
-0.079113 -0.0084761 0.996852 20.3848 -0.0688819 0.997627 0.00301538 1.06107 -0.994504 -0.0684248 -0.0795076 109.666
-0.0811132 -0.0107093 0.996663 21.1498 -0.0685068 0.997644 0.00514407 1.04832 -0.994359 -0.0678601 -0.0816557 109.601
-0.0817323 -0.0115833 0.996609 21.9406 -0.0694899 0.997572 0.00589499 1.05236 -0.99425 -0.0687708 -0.0823373 109.545
-0.0827757 -0.00942316 0.99654 22.7596 -0.0714489 0.997445 0.0034966 1.04779 -0.994015 -0.0709115 -0.0832374 109.489
-0.084456 -0.00535649 0.996435 23.5723 -0.0710619 0.997478 -0.000661636 1.05412 -0.993911 -0.0708627 -0.0846222 109.424
-0.0846789 -0.0046711 0.996414 24.3688 -0.0703614 0.997528 -0.00130354 1.06393 -0.993933 -0.0702186 -0.084798 109.359
-0.0867825 -0.00716849 0.996224 25.2048 -0.0738901 0.997273 0.000738815 1.07286 -0.993505 -0.0735452 -0.0870739 109.296
-0.0870379 -0.0122568 0.996147 25.9809 -0.0766631 0.997049 0.00556912 1.08232 -0.993262 -0.0758821 -0.0877205 109.24
-0.0882355 -0.0189364 0.995942 26.8176 -0.0779457 0.996893 0.0120485 1.08691 -0.993068 -0.0765645 -0.0894355 109.174
-0.0878795 -0.0249092 0.995837 27.6379 -0.0822713 0.99646 0.0176642 1.09404 -0.99274 -0.0803757 -0.0896176 109.118
-0.0883227 -0.0272613 0.995741 28.4841 -0.0839525 0.99628 0.0198291 1.10727 -0.992571 -0.0818417 -0.0902808 109.047
-0.0880852 -0.0207008 0.995915 29.3097 -0.0813588 0.9966 0.0135188 1.10633 -0.992797 -0.0798349 -0.0894697 108.973
-0.0862341 -0.0113305 0.996233 30.1146 -0.0787431 0.996892 0.00452161 1.11744 -0.993181 -0.0780547 -0.0868565 108.905
-0.0861861 -0.00723644 0.99627 30.9308 -0.0785509 0.996917 0.000445504 1.12001 -0.993189 -0.0782186 -0.0864888 108.834
-0.0834188 -0.0125872 0.996458 31.728 -0.0773051 0.996997 0.00612208 1.12457 -0.993535 -0.0765188 -0.0841396 108.768
-0.0822422 -0.0206756 0.996415 32.5319 -0.074852 0.997096 0.0145112 1.12296 -0.993809 -0.0733893 -0.083551 108.699
-0.0822344 -0.0259569 0.996297 33.327 -0.0754733 0.99696 0.0197443 1.11822 -0.993774 -0.0735685 -0.0839416 108.635
-0.0813249 -0.0266014 0.99635 34.1246 -0.0776908 0.996778 0.0202711 1.118 -0.993667 -0.0757579 -0.0831297 108.575
-0.083652 -0.0276509 0.996134 34.9134 -0.0805668 0.996538 0.0208962 1.11749 -0.993256 -0.0785054 -0.0855883 108.517
-0.0847532 -0.0298797 0.995972 35.7059 -0.0829141 0.996303 0.0228335 1.1146 -0.992959 -0.0806441 -0.0869173 108.46
-0.0879437 -0.031537 0.995649 36.4939 -0.0829641 0.996266 0.0242282 1.1092 -0.992688 -0.0804705 -0.0902298 108.392
-0.088891 -0.0328539 0.995518 37.2628 -0.0828632 0.996243 0.0254784 1.10659 -0.992602 -0.0802262 -0.0912794 108.337
-0.0909015 -0.034188 0.995296 38.0386 -0.0839662 0.996123 0.0265473 1.11288 -0.992337 -0.0811561 -0.0934177 108.272
-0.0946883 -0.0364034 0.99486 38.7853 -0.0842031 0.996051 0.0284322 1.1197 -0.991953 -0.0810772 -0.0973796 108.21
-0.0964169 -0.0388406 0.994606 39.5488 -0.0821871 0.996145 0.0309332 1.11559 -0.991966 -0.0787593 -0.0992353 108.139
-0.0992163 -0.0397784 0.994289 40.2948 -0.0826407 0.996086 0.0316034 1.12497 -0.991642 -0.0790324 -0.102115 108.071
-0.10032 -0.0408749 0.994139 41.0308 -0.082927 0.996031 0.0325841 1.12101 -0.991518 -0.0791702 -0.103309 108.004
-0.100875 -0.0419305 0.994034 41.7579 -0.0811885 0.996134 0.0337796 1.12749 -0.991595 -0.0772957 -0.103889 107.932
-0.101163 -0.0449052 0.993879 42.4933 -0.0779696 0.996274 0.037077 1.12651 -0.991834 -0.0737398 -0.104285 107.856
-0.103367 -0.0464192 0.993578 43.2126 -0.0777255 0.996241 0.0384568 1.13379 -0.991616 -0.0732503 -0.106587 107.783
-0.10607 -0.0487443 0.993186 43.9581 -0.0784964 0.996099 0.0405038 1.13589 -0.99128 -0.0736636 -0.10948 107.713
-0.107267 -0.0490417 0.993039 44.6615 -0.0797431 0.995997 0.0405736 1.1495 -0.991042 -0.0748348 -0.110748 107.643
-0.10991 -0.0507569 0.992668 45.3651 -0.0808483 0.99585 0.0419677 1.17117 -0.990672 -0.075641 -0.113555 107.575
-0.109497 -0.0520623 0.992643 46.0688 -0.0808872 0.99579 0.0433045 1.19826 -0.990705 -0.0755494 -0.113247 107.501
-0.111287 -0.0511061 0.992497 46.7554 -0.0811535 0.995817 0.0421772 1.22061 -0.990493 -0.075849 -0.114966 107.431
-0.110418 -0.0510131 0.992595 47.4268 -0.082314 0.995729 0.042017 1.24189 -0.990485 -0.077064 -0.114145 107.359
-0.11085 -0.0495112 0.992626 48.0953 -0.0825963 0.99577 0.0404439 1.26905 -0.990423 -0.0775023 -0.114469 107.286
-0.113023 -0.0497348 0.992366 48.7731 -0.0810703 0.995886 0.0406775 1.28149 -0.990294 -0.0758529 -0.11659 107.212
-0.113755 -0.0509588 0.992224 49.4667 -0.0790114 0.995992 0.0420937 1.30092 -0.990387 -0.0736069 -0.117323 107.134
-0.117002 -0.0532948 0.991721 50.1383 -0.0774262 0.996017 0.0443906 1.30614 -0.990124 -0.0715903 -0.120663 107.059
-0.118045 -0.0534549 0.991591 50.8157 -0.0809912 0.99575 0.0440371 1.32929 -0.989725 -0.0751099 -0.12187 106.992
-0.120255 -0.0541534 0.991285 51.4622 -0.0825567 0.995607 0.0443739 1.33935 -0.989319 -0.0765 -0.124198 106.918
-0.120664 -0.0564648 0.991109 52.1141 -0.0825065 0.995505 0.0466701 1.35723 -0.989284 -0.0761396 -0.124778 106.84
-0.122727 -0.0580478 0.990762 52.7731 -0.0833164 0.995375 0.0479971 1.37377 -0.988952 -0.0766551 -0.126996 106.755
-0.12695 -0.0594721 0.990147 53.4574 -0.0880074 0.994947 0.0484765 1.38136 -0.988023 -0.0809843 -0.13154 106.677
-0.130662 -0.0590192 0.98969 54.1286 -0.093309 0.994537 0.0469888 1.40651 -0.987041 -0.0862063 -0.135455 106.604
-0.136556 -0.0565861 0.989037 54.7693 -0.0922157 0.994766 0.0441815 1.41246 -0.986357 -0.0851697 -0.141057 106.514
-0.143984 -0.0528785 0.988187 55.394 -0.089924 0.995148 0.0401482 1.43761 -0.985501 -0.08308 -0.14804 106.424
-0.151256 -0.0503553 0.987234 56.0235 -0.090668 0.995206 0.0368703 1.46311 -0.984354 -0.0839317 -0.155093 106.327
-0.158614 -0.0503443 0.986077 56.6541 -0.0938027 0.994959 0.0357088 1.48238 -0.98289 -0.0868317 -0.162537 106.246
-0.164382 -0.0523803 0.985029 57.3155 -0.095092 0.994788 0.0370304 1.50038 -0.981829 -0.0875792 -0.168502 106.142
-0.168925 -0.0534563 0.9842 57.9651 -0.0971319 0.994579 0.0373483 1.51734 -0.980846 -0.089287 -0.173201 106.037
-0.172459 -0.0544833 0.983533 58.6115 -0.100135 0.994274 0.03752 1.54341 -0.97994 -0.0920137 -0.176924 105.932
-0.177462 -0.0586498 0.9824 59.262 -0.100816 0.994063 0.0411342 1.56363 -0.978965 -0.0917407 -0.182321 105.818
-0.179617 -0.0630623 0.981737 59.9632 -0.0998912 0.993963 0.0455717 1.58747 -0.978678 -0.0898794 -0.184829 105.694
-0.182357 -0.0666252 0.980994 60.6604 -0.100995 0.993702 0.0487139 1.60985 -0.978047 -0.0901914 -0.187936 105.565
-0.18276 -0.0682843 0.980807 61.3537 -0.102608 0.993471 0.0500463 1.64811 -0.977816 -0.0914903 -0.188569 105.439
-0.184727 -0.0671502 0.980515 62.0465 -0.102491 0.993548 0.0487332 1.68437 -0.977446 -0.0914906 -0.190417 105.31
-0.186832 -0.0625134 0.980425 62.7467 -0.0952838 0.994431 0.045249 1.70909 -0.977788 -0.0849629 -0.191743 105.168
-0.187014 -0.0601443 0.980537 63.4611 -0.0893187 0.99504 0.0439981 1.72648 -0.978304 -0.0793508 -0.191458 105.019
-0.19004 -0.0582212 0.980072 64.1948 -0.0878052 0.995257 0.0420974 1.7538 -0.97787 -0.0780536 -0.194247 104.878
-0.18956 -0.0610412 0.979993 64.9006 -0.0917436 0.99481 0.0442176 1.78973 -0.97759 -0.0815249 -0.194176 104.745
-0.190395 -0.0664894 0.979477 65.6305 -0.0916491 0.99456 0.049698 1.82357 -0.977449 -0.0803042 -0.195448 104.603
-0.191276 -0.0704035 0.979031 66.356 -0.0886572 0.994596 0.0542011 1.855 -0.97754 -0.0764295 -0.196484 104.456
-0.193015 -0.0719363 0.978579 67.0636 -0.0867348 0.994666 0.0560111 1.87814 -0.977383 -0.0740642 -0.19822 104.318
-0.194721 -0.0724695 0.978201 67.7884 -0.090835 0.994323 0.0555818 1.9134 -0.97666 -0.0780308 -0.200197 104.18
-0.196624 -0.0730084 0.977781 68.4978 -0.0901407 0.994357 0.0561194 1.92502 -0.976356 -0.0771018 -0.202091 104.04
-0.199679 -0.0742145 0.97707 69.2185 -0.0916875 0.994178 0.0567756 1.95644 -0.975579 -0.0782471 -0.20532 103.895
-0.200852 -0.075571 0.976727 69.9381 -0.0931177 0.993989 0.057758 1.99338 -0.975215 -0.0793479 -0.206677 103.751
-0.202451 -0.0758801 0.976372 70.6474 -0.0943655 0.993876 0.0576731 2.00524 -0.974752 -0.0804587 -0.208371 103.615
-0.204261 -0.0765778 0.975941 71.36 -0.0965884 0.993658 0.0577522 2.03626 -0.974169 -0.0824662 -0.210358 103.48
-0.205224 -0.0764207 0.975751 72.0742 -0.100234 0.993356 0.0567172 2.07427 -0.973586 -0.0861625 -0.21152 103.341
-0.206709 -0.0766201 0.975422 72.8154 -0.100544 0.993325 0.0567194 2.10741 -0.973252 -0.0863463 -0.213028 103.187
-0.207615 -0.0767711 0.975217 73.5212 -0.101229 0.99326 0.0566399 2.13041 -0.972976 -0.0869603 -0.213986 103.027
-0.209557 -0.0784599 0.974669 74.2579 -0.101444 0.993152 0.0581369 2.16505 -0.972549 -0.0866896 -0.216076 102.879
-0.209349 -0.0797239 0.974609 75.0115 -0.10322 0.992915 0.0590486 2.18283 -0.972395 -0.0882365 -0.216093 102.7
-0.210408 -0.0815619 0.974231 75.7485 -0.10686 0.992473 0.0600101 2.23265 -0.971786 -0.091478 -0.217535 102.551
-0.213152 -0.0819872 0.973597 76.4867 -0.107171 0.992432 0.0601094 2.26752 -0.971141 -0.0915278 -0.220325 102.401
-0.214167 -0.0822811 0.973353 77.234 -0.10748 0.992391 0.0602418 2.3161 -0.970898 -0.0917123 -0.221376 102.237
-0.216475 -0.0829164 0.972785 77.998 -0.109721 0.992151 0.06015 2.35809 -0.970121 -0.0937125 -0.223873 102.056
-0.216777 -0.080071 0.97296 78.7523 -0.112368 0.992064 0.0566078 2.39901 -0.969765 -0.0970557 -0.224049 101.882
-0.21848 -0.0790096 0.972662 79.5252 -0.11412 0.991957 0.0549426 2.4281 -0.969164 -0.0989946 -0.225738 101.696
-0.21756 -0.0763322 0.973086 80.3258 -0.114186 0.992093 0.0522941 2.46298 -0.969377 -0.099733 -0.224551 101.515
-0.217624 -0.0748607 0.973182 81.1226 -0.113435 0.992248 0.0509601 2.50671 -0.969437 -0.0993017 -0.224428 101.336
-0.218089 -0.0753066 0.973047 81.9302 -0.110521 0.992521 0.0520431 2.54094 -0.969683 -0.0961895 -0.224776 101.149
-0.215955 -0.0764022 0.973434 82.731 -0.109622 0.992538 0.0535816 2.57039 -0.970249 -0.0951372 -0.222717 100.951
-0.216106 -0.0782805 0.973255 83.5517 -0.110458 0.992353 0.0552904 2.60381 -0.970134 -0.0955526 -0.223095 100.767
-0.213208 -0.0797033 0.973775 84.3632 -0.110537 0.992245 0.0570124 2.64484 -0.970752 -0.0954812 -0.220363 100.584
-0.213009 -0.0824442 0.973594 85.1978 -0.110256 0.992108 0.0598897 2.68843 -0.970842 -0.0945857 -0.220413 100.397
-0.210674 -0.0852471 0.973857 86.0317 -0.110538 0.991889 0.0629122 2.7296 -0.971305 -0.0943929 -0.218387 100.214
-0.210223 -0.0858558 0.973904 86.844 -0.112332 0.991672 0.0631751 2.76495 -0.971212 -0.096117 -0.218111 100.039
-0.209672 -0.0830256 0.974265 87.6772 -0.111505 0.991929 0.0605332 2.80608 -0.971411 -0.0959419 -0.217236 99.859
-0.207928 -0.078614 0.975008 88.4784 -0.110684 0.992265 0.0564016 2.85961 -0.971894 -0.0961876 -0.215015 99.6796
-0.207876 -0.0757998 0.975238 89.3205 -0.113428 0.992145 0.0529357 2.90314 -0.971575 -0.0996135 -0.21484 99.5014
-0.205471 -0.0765289 0.975695 90.1501 -0.113718 0.992063 0.0538653 2.94825 -0.972067 -0.0998838 -0.212538 99.3295
-0.205747 -0.0797937 0.975371 90.9966 -0.112512 0.992 0.05742 2.97724 -0.972135 -0.0979253 -0.213077 99.1492
-0.204457 -0.0801731 0.975615 91.8302 -0.110287 0.992193 0.0584231 3.00969 -0.972676 -0.0956506 -0.211697 98.9768
-0.203689 -0.0810095 0.975703 92.6741 -0.111071 0.992059 0.0591794 3.04322 -0.972733 -0.0963171 -0.211069 98.8049
-0.204036 -0.0808833 0.975645 93.515 -0.110726 0.992104 0.0590921 3.0839 -0.972715 -0.0959695 -0.211376 98.6272
-0.203571 -0.0814605 0.97569 94.3478 -0.107921 0.992337 0.0603328 3.12719 -0.973113 -0.0930138 -0.210802 98.4539
-0.203497 -0.0825689 0.975616 95.188 -0.104359 0.992602 0.0622392 3.16998 -0.973531 -0.0891463 -0.210604 98.2743
-0.202546 -0.0822643 0.975837 96.0113 -0.104191 0.992629 0.0620535 3.21058 -0.973733 -0.0891031 -0.209623 98.1015
-0.203123 -0.0808278 0.975841 96.8387 -0.102638 0.992866 0.0608741 3.25294 -0.973792 -0.0877912 -0.209965 97.9265
-0.20128 -0.0809695 0.976207 97.6199 -0.105762 0.992558 0.0605186 3.2879 -0.973827 -0.0910625 -0.208345 97.7665
-0.200254 -0.0851187 0.976069 98.4197 -0.108822 0.991999 0.0641818 3.34263 -0.973715 -0.0933629 -0.20791 97.6029
-0.200178 -0.0879673 0.975829 99.2337 -0.113267 0.991371 0.0661327 3.39331 -0.97321 -0.0972896 -0.208413 97.4395
-0.200232 -0.0872762 0.975883 100.032 -0.116659 0.991074 0.064699 3.446 -0.972812 -0.100888 -0.208621 97.2795
-0.201523 -0.0845487 0.975854 100.83 -0.120257 0.990876 0.0610156 3.49661 -0.972093 -0.105055 -0.209851 97.122
-0.20148 -0.0830693 0.975993 101.642 -0.122041 0.990774 0.0591339 3.54181 -0.971893 -0.107195 -0.209754 96.9558
-0.201277 -0.0823615 0.976092 102.457 -0.121239 0.990902 0.0586103 3.57613 -0.972022 -0.106542 -0.20943 96.7911
-0.201893 -0.0823647 0.975969 103.228 -0.11995 0.991047 0.0588245 3.61466 -0.972068 -0.105188 -0.20996 96.6285
-0.201816 -0.0825789 0.975962 104.013 -0.118777 0.991159 0.0593028 3.65473 -0.972214 -0.103952 -0.209839 96.4627
-0.202286 -0.0809972 0.976002 104.781 -0.117821 0.991359 0.0578528 3.68443 -0.972247 -0.103288 -0.210077 96.3034
-0.201125 -0.0814472 0.9762 105.488 -0.11717 0.991393 0.0585742 3.72003 -0.972553 -0.102599 -0.208936 96.1569
-0.20284 -0.081852 0.975818 106.28 -0.117238 0.991373 0.0587879 3.76107 -0.972204 -0.102475 -0.210681 95.9901
-0.203649 -0.0837429 0.975483 107.031 -0.117695 0.991215 0.060522 3.79449 -0.971964 -0.102483 -0.211715 95.8402
-0.2067 -0.0840193 0.974824 107.812 -0.117803 0.991206 0.0604536 3.83168 -0.971323 -0.102338 -0.214776 95.678
-0.210029 -0.082607 0.974227 108.582 -0.118701 0.991219 0.0584573 3.85416 -0.970483 -0.103362 -0.217989 95.5128
-0.212688 -0.0821157 0.973697 109.347 -0.119779 0.991149 0.0574248 3.886 -0.969788 -0.104412 -0.220636 95.3496
-0.216561 -0.0823165 0.97282 110.119 -0.119471 0.991195 0.0572753 3.92279 -0.968952 -0.103818 -0.224487 95.1765
-0.219037 -0.0832107 0.972195 110.881 -0.118795 0.99123 0.0580762 3.95388 -0.968495 -0.102767 -0.226996 95.0036
-0.222568 -0.0830841 0.971398 111.647 -0.117644 0.991381 0.057838 3.98745 -0.967814 -0.101405 -0.230423 94.8264
-0.223738 -0.0803755 0.971364 112.401 -0.120512 0.991239 0.0542632 4.02744 -0.967207 -0.104917 -0.231459 94.6572
-0.225881 -0.0735146 0.971406 113.17 -0.120986 0.991557 0.0469063 4.06478 -0.966634 -0.106929 -0.232867 94.4908
-0.229549 -0.0709337 0.970743 113.921 -0.117703 0.992055 0.0446591 4.10065 -0.96619 -0.104005 -0.236069 94.3132
-0.231762 -0.0731177 0.97005 114.665 -0.116425 0.9921 0.0469634 4.13243 -0.965801 -0.102052 -0.238443 94.1376
-0.235493 -0.079722 0.968635 115.42 -0.116885 0.99173 0.0532071 4.16746 -0.964858 -0.100686 -0.242858 93.9633
-0.23684 -0.0814639 0.968157 116.178 -0.117607 0.991567 0.0546632 4.20513 -0.964425 -0.100913 -0.244422 93.7914
-0.239162 -0.0802738 0.96769 116.917 -0.119072 0.99149 0.0528209 4.23952 -0.963688 -0.102589 -0.24668 93.605
-0.241048 -0.0778797 0.967413 117.659 -0.121492 0.991368 0.0495359 4.26701 -0.9629 -0.105591 -0.248427 93.4224
-0.243631 -0.0750949 0.966992 118.388 -0.121371 0.991531 0.0464227 4.29886 -0.962281 -0.106052 -0.250677 93.2312
-0.246097 -0.0718215 0.96661 119.119 -0.118185 0.992046 0.0436214 4.30861 -0.962034 -0.103502 -0.252626 93.0387
-0.247563 -0.0690336 0.966445 119.822 -0.11824 0.992165 0.0405839 4.33333 -0.961668 -0.104222 -0.253781 92.8573
-0.250054 -0.0679279 0.965877 120.554 -0.120082 0.992023 0.0386788 4.36918 -0.960779 -0.106311 -0.256215 92.6685
-0.25207 -0.0695988 0.965239 121.289 -0.119215 0.992056 0.0404014 4.39449 -0.960376 -0.104883 -0.258359 92.478
-0.256281 -0.0726682 0.963898 122.02 -0.116053 0.992284 0.0439519 4.4091 -0.959633 -0.100597 -0.262734 92.279
-0.260999 -0.0746471 0.962484 122.752 -0.116425 0.992172 0.0453798 4.42685 -0.958331 -0.10021 -0.267641 92.0749
-0.266827 -0.0753124 0.960829 123.486 -0.116456 0.99217 0.0454285 4.45057 -0.956706 -0.0997704 -0.273506 91.869
-0.275304 -0.075428 0.95843 124.198 -0.117848 0.992056 0.0442247 4.47578 -0.954146 -0.10077 -0.282001 91.6694
-0.284764 -0.0748687 0.955701 124.921 -0.118659 0.992044 0.0423595 4.50876 -0.951249 -0.101338 -0.29138 91.4607
-0.296744 -0.0743376 0.952096 125.645 -0.11923 0.992058 0.0402983 4.5329 -0.947524 -0.101557 -0.303245 91.2391
-0.308411 -0.0738705 0.948412 126.333 -0.119321 0.992123 0.0384733 4.55878 -0.943764 -0.101298 -0.314794 91.0183
-0.320965 -0.0739832 0.944234 127.024 -0.117863 0.992324 0.0376887 4.58332 -0.939769 -0.0991902 -0.327214 90.7847
-0.332088 -0.0739877 0.940374 127.715 -0.117 0.992464 0.0367678 4.6084 -0.935988 -0.0978118 -0.338239 90.5408
-0.342465 -0.0734715 0.936691 128.397 -0.114159 0.992815 0.0361373 4.6255 -0.932609 -0.0945529 -0.348385 90.2873
-0.351842 -0.072195 0.933303 129.059 -0.109292 0.993383 0.0356409 4.64194 -0.929682 -0.08946 -0.357402 90.0152
-0.358934 -0.0716639 0.930646 129.728 -0.107143 0.993631 0.0351925 4.65973 -0.927234 -0.0870771 -0.364319 89.743
-0.364644 -0.0715577 0.928425 130.381 -0.10881 0.993499 0.0338375 4.6921 -0.924792 -0.0886809 -0.370057 89.4785
-0.369486 -0.0730077 0.926403 131.041 -0.105664 0.993754 0.0361741 4.70979 -0.92325 -0.0845185 -0.374886 89.2074
-0.372617 -0.0742715 0.925041 131.711 -0.101082 0.994122 0.0391011 4.72859 -0.922489 -0.0789328 -0.377931 88.9232
-0.373356 -0.0752256 0.924673 132.367 -0.0983263 0.994311 0.0411915 4.74097 -0.922504 -0.0755375 -0.378621 88.6454
-0.374425 -0.0756942 0.924195 133.016 -0.0968526 0.994416 0.042207 4.76413 -0.922211 -0.0737052 -0.379662 88.377
-0.374687 -0.0728352 0.924326 133.664 -0.0957878 0.994626 0.0395476 4.781 -0.922231 -0.0737181 -0.379643 88.1171
-0.372983 -0.0698414 0.925239 134.305 -0.0976852 0.994589 0.0356975 4.80179 -0.922708 -0.0770655 -0.377784 87.8467
-0.372637 -0.0697696 0.92539 134.944 -0.0959409 0.994732 0.0363658 4.82477 -0.923046 -0.0752285 -0.377361 87.5909
-0.370478 -0.0715343 0.926115 135.579 -0.0955239 0.99469 0.0386183 4.84557 -0.923942 -0.0741567 -0.375341 87.3186
-0.369077 -0.0720481 0.926642 136.211 -0.0926025 0.99489 0.0404731 4.86044 -0.924815 -0.0708687 -0.373856 87.0674
-0.366033 -0.0725872 0.927799 136.857 -0.09313 0.994818 0.0410891 4.88022 -0.925956 -0.0713639 -0.370893 86.8133
-0.364408 -0.0705419 0.928604 137.471 -0.0921607 0.994974 0.0394192 4.89201 -0.926709 -0.0712131 -0.36907 86.5746
-0.360535 -0.0694961 0.930186 138.099 -0.0910259 0.995094 0.0390645 4.92368 -0.92832 -0.0705847 -0.365089 86.3284
-0.355439 -0.0699367 0.932119 138.71 -0.0910743 0.995053 0.0399315 4.93258 -0.930293 -0.0706958 -0.360043 86.0882
-0.35168 -0.0713101 0.933433 139.299 -0.0903403 0.995038 0.0419798 4.95212 -0.931777 -0.0695609 -0.356374 85.8632
-0.346738 -0.0736338 0.935106 139.92 -0.0895429 0.994969 0.0451467 4.97215 -0.933719 -0.0680751 -0.351581 85.6352
-0.34287 -0.0730413 0.936572 140.523 -0.0884983 0.995062 0.0452045 5.00938 -0.935231 -0.0673834 -0.347638 85.4177
-0.339926 -0.0744486 0.93754 141.129 -0.0882855 0.994995 0.0470029 5.01794 -0.93634 -0.0667907 -0.344791 85.2109
-0.335188 -0.0760364 0.939111 141.749 -0.0855906 0.995086 0.0500196 5.04798 -0.938282 -0.0636107 -0.340046 84.977
-0.332321 -0.0775521 0.940012 142.337 -0.0836736 0.995118 0.0525191 5.06001 -0.939488 -0.0611982 -0.337181 84.7709
-0.32878 -0.0784191 0.941179 142.928 -0.0842572 0.995021 0.0534718 5.08905 -0.940668 -0.0617181 -0.333747 84.5647
-0.325385 -0.0779597 0.942403 143.506 -0.0853656 0.994958 0.0528348 5.11131 -0.941762 -0.0632542 -0.330393 84.3686
-0.322045 -0.0762083 0.943686 144.072 -0.0855959 0.99503 0.051144 5.12717 -0.942875 -0.0643024 -0.326964 84.1663
-0.316687 -0.0741643 0.945668 144.641 -0.0835611 0.995254 0.050072 5.14799 -0.944884 -0.0631607 -0.321376 83.9747
-0.311191 -0.0729244 0.947579 145.189 -0.0863493 0.99511 0.0482248 5.16985 -0.946444 -0.0668132 -0.315963 83.7935
-0.30272 -0.0737988 0.95026 145.745 -0.0877842 0.994929 0.0493049 5.20092 -0.949071 -0.0684889 -0.307657 83.6239
-0.292484 -0.0754708 0.953321 146.295 -0.0878496 0.9948 0.0518018 5.21189 -0.952254 -0.0685953 -0.29759 83.457
-0.280266 -0.0778485 0.956802 146.861 -0.0874901 0.994639 0.0553016 5.23358 -0.95597 -0.0682083 -0.285569 83.2931
