0.999997 0.00106089 0.00221765 0.0171313 -0.00106133 0.999999 0.000173846 -0.0729538 -0.00221751 -0.000176274 0.999997 1.21554
1 0.000297245 0.00153206 -0.00086989 -0.000298176 1 0.00066496 -0.0163382 -0.00153186 -0.000665262 0.999999 1.19527
0.999999 -0.000261291 0.000861506 0.00377595 0.000261068 1 0.000133719 -0.0235801 -0.000861612 -0.000133644 0.999999 1.20444
1 -0.000131061 0.000834564 -0.00224952 0.000130311 1 0.000995885 -0.0152958 -0.000834606 -0.000995635 1 1.19615
1 4.1722e-05 0.000354682 0.00521295 -4.18339e-05 1 0.000102875 -0.0134622 -0.000354697 -0.000103018 1 1.20107
1 0.000555312 0.00073348 -0.00335903 -0.000554864 1 -0.000510915 -0.0231132 -0.000733744 0.000510622 1 1.20346
0.999999 -0.00020046 0.00110874 -0.00373064 0.000200519 1 -0.000115507 -0.0210467 -0.00110873 0.000115606 0.999999 1.20392
1 -0.000381927 -9.66613e-05 -0.00569235 0.000382162 0.999999 0.00154895 -0.0252311 9.60684e-05 -0.00154887 0.999999 1.20122
0.999998 -0.000613797 -0.00176869 -0.0169026 0.000615417 0.999999 0.000943168 -0.0242151 0.0017681 -0.000944366 0.999998 1.20457
0.999997 0.000102926 -0.00277718 -0.00840226 -0.000101877 1 0.000377845 -0.00903371 0.00277728 -0.000377403 0.999997 1.20252
0.999998 -0.000317335 -0.00180286 -0.00742292 0.000316869 1 -0.0002668 -0.00426946 0.00180286 0.000266079 0.999998 1.22314
1 7.38716e-06 -0.00152659 -0.0170858 -7.06361e-06 1 0.000156059 -0.0289878 0.00152654 -0.000155887 1 1.19825
0.999996 0.00221363 -0.00137573 0.00873615 -0.00221464 0.999997 -0.000647836 0.0157534 0.00137433 0.000650684 0.999998 1.20834
1 -0.0003755 0.000309763 -0.00175189 0.000375315 1 0.000767368 -0.0181507 -0.000310095 -0.000767042 1 1.20637
1 -2.87809e-05 0.000651352 -0.0052006 2.82339e-05 1 0.000788163 -0.0324605 -0.000651326 -0.000788494 0.999998 1.221
0.999996 0.00130361 -0.00244276 0.00321688 -0.00130182 0.999999 0.000712656 -0.0144177 0.00244361 -0.000709029 0.999998 1.19961
0.999999 -0.00106242 8.26561e-05 -0.00397022 0.00106245 0.999999 -0.00099188 -0.0164528 -8.15283e-05 0.000991501 0.999998 1.21007
0.999998 0.000990328 -0.00182165 0.0023523 -0.000989528 0.999999 0.000405214 -0.0125132 0.00182197 -0.000402911 1 1.20242
0.999999 -0.000417812 -0.001072 -0.00153775 0.000418767 1 0.000941725 -0.0122631 0.00107169 -0.000942749 0.999998 1.21972
1 7.04442e-05 -0.000410987 -0.00696606 -7.03597e-05 1 0.000102373 -0.0192317 0.000410925 -0.000101789 1 1.22546
0.999997 -0.000509456 -0.00205282 -0.0147448 0.000507345 1 -0.00102908 -0.0205928 0.00205341 0.00102749 0.999996 1.17907
1 0.000541579 -0.000679198 -0.0185695 -0.000541914 1 -0.000501186 -0.0253269 0.00067878 0.000502099 1 1.23826
0.999999 -0.000695867 -0.00164863 -0.00408045 0.000697535 0.999999 0.00105802 -0.00781919 0.00164804 -0.00105968 0.999997 1.18442
0.999999 -0.000206399 -0.00119073 -0.00206066 0.000205866 0.999999 -0.000458074 -0.0205453 0.00119069 0.000458328 1 1.19584
1 -0.000913205 -0.000513156 -0.0046349 0.00091307 1 -0.000301159 -0.0307831 0.000513529 0.000300171 1 1.24706
0.999998 -0.000310529 -0.0019267 -0.00333082 0.00031051 0.999998 2.05914e-05 -0.0155195 0.00192654 -2.06872e-05 0.999997 1.18981
1 -1.73158e-05 -0.00022207 0.00122448 1.74204e-05 1 5.62263e-05 -0.00632662 0.000222218 -5.67313e-05 1 1.22292
0.999998 -0.000100043 -0.00156767 -0.00558749 0.000100823 0.999998 0.000579296 -0.0166038 0.0015675 -0.000578936 0.999998 1.19366
1 -0.000750128 -0.000381152 -0.00960632 0.00075024 1 -7.04811e-05 -0.0056416 0.000381287 6.97069e-05 1 1.19834
0.999999 -0.000134042 0.000475844 -0.00451114 0.000133662 0.999999 0.00052038 -0.0186009 -0.000475964 -0.000519706 0.999999 1.20354
0.999999 -0.000380478 -0.00166604 -0.00550459 0.000381294 1 0.000384212 -0.00778044 0.00166598 -0.000385427 0.999999 1.21549
0.999999 -0.000542158 0.000709908 -0.0041525 0.000541278 0.999997 0.000989168 -0.0195712 -0.000710499 -0.000988241 0.999998 1.20331
0.999999 0.000843136 -0.0017108 -0.0132701 -0.000840288 1 0.00154887 -0.0169779 0.00171216 -0.00154794 0.999998 1.20649
0.999999 0.0004012 -0.000417511 -0.0251825 -0.000400965 0.999998 0.00110257 -0.014921 0.000417858 -0.00110193 0.999998 1.21848
0.999999 0.00123409 0.000819529 -0.00443742 -0.00123361 1 -0.000327522 -0.00273076 -0.000819873 0.000326038 1 1.22728
0.999997 0.00230097 -0.0011486 0.015559 -0.00230065 0.999996 0.000466093 0.00621934 0.00114961 -0.000463042 0.999998 1.18066
0.999999 0.00148595 0.0012693 -0.00475393 -0.00148777 1 0.00154211 -0.0198678 -0.00126696 -0.00154442 1 1.20931
1 6.83914e-05 0.000368677 0.0154284 -6.96901e-05 0.999993 0.00311409 -0.0210931 -0.000368488 -0.00311373 0.999993 1.20518
0.999999 0.00121689 0.00101157 -0.0075371 -0.0012196 0.999998 0.00277874 -0.00649044 -0.00100816 -0.00278037 0.999998 1.212
0.999997 0.0009046 0.00209138 -0.00779458 -0.000911293 0.999992 0.00314628 -0.0155761 -0.00208852 -0.00314778 0.999991 1.21493
1 -0.000918516 0.000686657 -0.00647881 0.000917504 1 0.00164917 -0.0130071 -0.00068821 -0.00164895 1 1.20644
0.999998 -0.000691363 0.00161675 -0.00394803 0.000693303 0.999997 -0.00128411 -0.0187578 -0.00161582 0.00128565 0.999996 1.20679
0.999997 0.00128567 0.00202422 -0.00588422 -0.00128504 1 -0.000249938 -0.0147882 -0.00202461 0.000246887 1 1.21087
1 -0.000203141 -0.000471749 -0.00904704 0.000202924 0.999998 -0.000204527 -0.0147671 0.000471866 0.000204929 0.999997 1.21045
1 -0.000386988 0.00106552 -0.00555675 0.000386463 1 0.000627924 -0.016394 -0.00106585 -0.000628018 1 1.20286
0.999998 -0.000307141 -0.00185542 -0.00491961 0.000307239 0.999997 0.000114507 -0.0100924 0.00185545 -0.000114569 0.999993 1.19879
0.999999 -0.000382212 -0.00165986 -0.00352338 0.000383117 1 0.000486237 0.000934 0.00165961 -0.00048735 1 1.1973
0.999999 -0.00111421 -0.000161387 -0.00502558 0.00111424 0.999996 0.00121658 -0.0209696 0.000160169 -0.00121625 0.999995 1.20856
0.999997 -0.000446745 -0.00245513 -0.00913673 0.00044793 1 0.000400805 -0.00763507 0.00245485 -0.000402424 1 1.21103
0.999999 0.00024214 0.000165843 -0.00939792 -0.000242302 0.999997 0.000217059 -0.0128025 -0.000165624 -0.000216668 0.999995 1.20326
0.999999 0.000699449 -0.00162177 -0.0134366 -0.000698761 1 0.000344197 -0.0161779 0.00162183 -0.000343512 1 1.21404
0.999999 -0.00144293 -0.000836007 -0.00350297 0.00144257 0.999996 -0.000275762 -0.015014 0.000836556 0.000275032 0.999995 1.2051
1 -0.000543888 0.000773827 -0.00213987 0.000543559 1 0.000587934 -0.0261802 -0.000774274 -0.000587989 1 1.19935
0.999999 -0.00023225 -0.00128994 -0.010405 0.000233787 0.999996 0.00126202 -0.00121788 0.00128977 -0.00126188 0.999994 1.20828
1 -0.000362324 0.000223353 -0.00732903 0.000361831 1 0.00217211 -0.00339599 -0.000224207 -0.00217246 1 1.18433
1 0.000446299 -0.00120707 -0.00480982 -0.00044612 0.999997 0.000176941 -0.00965473 0.0012072 -0.000175974 0.999995 1.20089
0.999998 0.00127626 0.000961138 -0.0179422 -0.00127572 1 -0.000515575 -0.0136696 -0.000961883 0.000513935 1 1.21196
1 0.000669064 0.00105179 -0.0121194 -0.000669847 0.999997 0.000719723 0.00556238 -0.00105115 -0.000720006 0.999995 1.18705
0.999997 0.000175092 -0.00140738 -0.00921911 -0.000174098 1 0.000679476 -0.0115761 0.00140731 -0.000679668 1 1.18172
1 0.00093411 0.00153239 -0.00665169 -0.000935512 0.999996 0.000893706 -0.0236902 -0.00153141 -0.000894718 0.999994 1.18669
0.999998 -5.21731e-05 -0.00016633 -0.00762292 5.24811e-05 1 0.00166732 -0.019426 0.000166079 -0.00166774 1 1.18861
1 0.000616802 0.00224583 -0.00814712 -0.000619225 0.999995 0.00102435 -0.00753275 -0.00224497 -0.00102541 0.999991 1.18273
0.999987 -0.00148803 0.00419656 0.00188702 0.00148716 1 0.000225696 -0.00246623 -0.00419713 -0.000219759 0.999997 1.1646
1 0.000171264 0.0015197 -0.00275105 -0.000167577 0.999993 -0.00246251 -0.0437054 -0.00151989 0.00246257 0.999989 1.17711
0.999988 0.000676072 0.00416448 0.000531886 -0.000677085 1 0.000259563 -0.00865135 -0.00416448 -0.000262702 0.999997 1.16662
1 -0.0016936 0.000199882 -0.0105183 0.00169274 0.999986 0.00421464 0.00155963 -0.000206829 -0.00421398 0.999985 1.18957
0.999992 -0.000768248 0.00341848 -0.00075003 0.000761287 1 0.00203448 -0.0279459 -0.00342023 -0.00203224 0.999998 1.16668
0.999986 0.00135038 0.0057202 0.000738543 -0.00134904 0.999997 -0.000255215 -0.00345079 -0.00572034 0.000247861 0.999978 1.15797
0.999995 -0.000854982 0.00207814 -0.00780914 0.000854809 1 0.000123019 0.00320701 -0.00207854 -0.000121678 1 1.15262
0.999992 0.000223005 0.00478859 0.00197305 -0.000218926 0.999999 -0.000861795 -0.00540776 -0.00478857 0.00086118 0.999984 1.15889
0.999994 -0.000392192 0.00267217 0.00401833 0.000391031 1 0.000448901 -0.0138092 -0.00267267 -0.00044826 1 1.13387
0.999996 -0.000758049 0.00364665 0.00389719 0.000750958 0.999998 0.0019285 -0.0136358 -0.0036478 -0.00192534 0.999987 1.16225
0.999955 -0.00724869 0.00580541 0.00554382 0.00720377 0.999945 0.00773394 0.134558 -0.00586141 -0.00769217 0.999959 1.13937
0.999959 -0.00862205 0.00382188 0.00433754 0.00860413 0.999951 0.0046384 0.144028 -0.00386129 -0.00460504 0.999977 1.11943
0.999988 -0.00078631 0.00434031 -0.00238273 0.000787555 1 -0.000276986 0.00832759 -0.00434049 0.000280096 0.999996 1.15526
1 -0.000174453 0.00224509 0.00269295 0.000172119 0.999998 0.00102694 0.00216381 -0.00224484 -0.00102624 0.999993 1.14576
0.999994 -0.000225731 0.00299576 0.00216926 0.000220885 1 0.00162102 -0.0144577 -0.00299655 -0.00162064 0.999999 1.15369
0.999994 -0.000103989 0.00399872 0.001435 9.66988e-05 0.999996 0.00183013 -0.00789664 -0.00399839 -0.00182947 0.999986 1.15732
0.999998 3.91444e-05 0.00165269 -0.00134663 -4.25476e-05 1 0.00201072 -0.00837289 -0.00165316 -0.00201102 1 1.15109
0.999992 -0.00086859 0.00386916 0.00120395 0.000863364 0.999996 0.00136513 0.00423707 -0.00386974 -0.00136142 0.999988 1.15187
1 0.000230093 0.000805626 -0.00821584 -0.000230265 1 0.000178654 0.00278825 -0.0008061 -0.000179198 1 1.15163
0.999997 -0.00182685 0.00192565 -0.00233296 0.00183175 0.999993 -0.00254905 -0.017743 -0.00192041 0.00255297 0.999992 1.15208
0.999993 7.19461e-05 0.00381907 0.00546071 -6.84965e-05 1 -0.000905258 -0.0169275 -0.00381971 0.000904553 0.999995 1.16079
1 0.000105151 0.00019386 -0.00870927 -0.000105219 0.999999 0.000577568 -0.0239091 -0.000193157 -0.000577227 0.999997 1.16501
0.999999 0.000172129 0.00185466 -0.0010834 -0.000173571 1 0.000761939 -0.0194589 -0.00185517 -0.000762698 1 1.16829
0.999998 -6.5332e-05 -0.00203821 -0.0150664 6.77649e-05 0.999999 0.00120312 -0.0140693 0.0020388 -0.00120291 0.999995 1.17642
0.999997 -0.000138877 -0.00151381 -0.00993031 0.00014076 0.999998 0.00126135 -0.0277598 0.00151292 -0.00126196 0.999998 1.18282
1 0.00058339 -0.000874116 0.00330227 -0.000582568 1 0.000919066 -0.0213174 0.000875411 -0.00091816 0.999999 1.18645
0.99999 -0.000751434 -0.00398354 -0.0194303 0.000754524 0.999998 0.000769086 -0.0180179 0.00398215 -0.000772492 0.999992 1.21122
0.999999 0.000310781 -0.00245731 -0.00238149 -0.000310574 1 8.56076e-05 -0.0242094 0.00245818 -8.44581e-05 0.999997 1.19863
0.999983 0.000147743 -0.00541925 -0.0199357 -0.000144162 0.999999 0.000662145 -0.0215507 0.00541852 -0.000661733 0.999985 1.21313
0.999995 0.000128736 -0.00384292 -0.00767626 -0.000129103 1 -9.44887e-05 -0.0256543 0.00384373 9.52963e-05 0.999993 1.21906
0.999992 0.000485663 -0.00344963 0.00230665 -0.000481103 0.999998 0.00131533 -0.00802032 0.00344942 -0.00131396 0.999993 1.20924
0.999985 -0.000585183 -0.005793 -0.0217807 0.000591521 1 0.00109214 -0.00890398 0.00579323 -0.00109526 0.999983 1.22102
0.99999 0.000785723 -0.00387179 -0.000831428 -0.000782194 0.999998 0.000924701 0.00119816 0.00387167 -0.000921985 0.999992 1.22062
0.999982 -9.61091e-05 -0.00627345 -0.0170368 9.78305e-05 1 0.000270651 -0.0138695 0.0062743 -0.000270975 0.999981 1.2294
0.999983 0.000833285 -0.00556415 -0.0263264 -0.000832807 0.999998 8.83443e-05 -0.0137844 0.00556335 -8.40208e-05 0.999984 1.24197
0.999994 1.4154e-05 -0.00396137 -0.0125356 -1.33863e-05 1 0.000160699 -0.0447708 0.00396226 -0.000160336 0.999993 1.20928
0.999984 0.000304891 -0.00544347 -0.0121168 -0.000306933 0.999999 -0.000350279 -0.0167894 0.00544254 0.000351715 0.999985 1.23809
0.999994 0.00231834 -0.00307527 -0.0138606 -0.00231945 0.999997 -0.000403909 -0.0263217 0.00307514 0.000411207 0.999995 1.21669
0.999996 0.00049179 -0.00274892 -0.0123804 -0.000492378 0.999999 -0.00017495 -0.0107523 0.00274809 0.000176082 0.999996 1.24009
0.999999 0.000258538 -0.00126717 -0.00957234 -0.000258363 1 6.45806e-05 -0.021952 0.00126792 -6.40186e-05 0.999998 1.23655
1 0.000678407 -0.00049026 -0.00930527 -0.000678452 0.999999 2.98364e-05 -0.010642 0.000489514 -2.97881e-05 1 1.22514
0.999999 0.000561956 -0.00177542 -0.0108029 -0.000560946 1 0.000540568 -0.0114337 0.0017765 -0.000539266 0.999998 1.25457
0.999999 -4.77247e-05 -0.000127973 -0.0053164 4.78233e-05 0.999999 0.000814873 -0.0184062 0.000127147 -0.000815205 1 1.23364
0.999995 0.00311066 -0.00130507 -0.0157418 -0.00310822 0.999994 0.00187366 -0.00795895 0.00131181 -0.00186933 0.999997 1.27011
0.999998 0.000237984 -0.000683473 -0.0133201 -0.000237144 0.999998 0.00126281 -0.00448529 0.000682891 -0.00126292 0.999999 1.25574
1 -0.000364452 0.000272695 -0.00763872 0.000364362 1 0.000559762 -0.0124936 -0.000271989 -0.000559383 1 1.23417
0.999996 -6.28129e-05 -0.00168251 -0.0255824 6.10989e-05 0.999998 -0.000967639 -0.0347968 0.00168184 0.000967172 0.999998 1.29196
1 -0.00211054 -0.000139181 -0.00647663 0.0021108 0.999999 0.000890495 -0.00240936 0.000138121 -0.000890479 1 1.23744
0.999996 -0.000732313 -0.00153553 -0.00149991 0.000733323 0.999997 0.000731987 -0.0101858 0.00153427 -0.000733386 0.999997 1.27377
1 -0.00183857 -0.000342079 -0.0113798 0.00183915 0.999999 0.00146392 -0.0205868 0.000340135 -0.00146421 1 1.2584
0.999997 -0.000496039 0.000670048 -0.00475663 0.000495657 0.999998 0.000440756 -0.00185729 -0.000670922 -0.000440703 0.999999 1.25236
1 -0.00226669 -0.000769854 0.00811695 0.00226688 0.999999 -1.65531e-05 -0.0283938 0.000770563 1.51659e-05 1 1.28175
0.999995 -0.00224177 0.000549341 0.00134158 0.00224175 0.999996 -0.000283051 -0.0131184 -0.000549383 0.000283928 0.999999 1.27279
1 -0.000984576 -0.000279653 0.00481341 0.000984803 1 0.000436145 -0.0107992 0.000279793 -0.000436173 1 1.2892
0.999997 0.000136596 0.000428662 -0.00408397 -0.000136954 0.999999 0.000595028 -0.00989299 -0.000429095 -0.000595377 0.999999 1.27201
1 0.0010295 0.0012088 0.00472503 -0.00103277 0.999997 0.0028174 -0.0101806 -0.00120535 -0.0028184 0.999996 1.28947
0.999996 0.00123147 -0.000239174 -0.00457999 -0.00123135 0.999998 0.0010101 -0.000815359 0.000239888 -0.00101007 0.999999 1.27038
1 0.000818938 0.000255211 -0.00192692 -0.000818731 1 -0.000283766 -0.017572 -0.000254948 0.00028381 1 1.26698
0.999996 0.000465473 0.00169415 -0.00823635 -0.00046512 0.999999 -0.000319263 -0.00666982 -0.0016948 0.000318291 0.999998 1.27304
1 8.18842e-05 -0.00071059 0.000793705 -8.22659e-05 1 -0.000825752 -0.00731143 0.000711045 0.000826041 1 1.26665
0.999996 -0.000465186 0.00183519 -0.00402127 0.000468931 0.999997 -0.00209324 -0.0189283 -0.00183478 0.00209387 0.999996 1.26419
1 -0.000593013 -0.000807956 -0.00086744 0.000591836 1 -0.00171163 -0.0205821 0.000809616 0.00171135 0.999999 1.25238
0.999998 -0.000239113 0.00026413 -0.0048868 0.00023904 0.999998 -0.000392921 -0.0198834 -0.000264623 0.000392905 0.999999 1.26611
1 -0.000500809 0.0014204 -0.00286029 0.000499967 1 0.00072381 -0.0270208 -0.00142021 -0.000723022 1 1.27169
0.999994 0.00122029 -0.00221195 -0.0175405 -0.00122025 0.999998 8.85362e-05 -0.00423067 0.0022115 -8.59876e-05 0.999996 1.27849
1 0.000482296 0.001002 -0.00546079 -0.000483162 1 0.00106132 -0.0173332 -0.00100098 -0.00106164 1 1.2674
0.999997 0.000282103 -0.0015702 -0.0237727 -0.000282077 0.999999 0.000125565 -0.00467612 0.00156982 -0.000125304 0.999998 1.26773
1 6.9205e-05 -0.000488616 -0.00581959 -6.87654e-05 1 0.000576395 -0.0145927 0.000489021 -0.000576206 1 1.26406
0.999998 -0.000223174 0.00054998 -0.00545098 0.000222727 1 0.000478618 -0.0230254 -0.000550405 -0.000478624 0.999999 1.27498
0.999999 9.08269e-05 -0.00212902 -0.0123071 -8.70566e-05 0.999999 0.00170079 -0.0227565 0.00212948 -0.0017005 0.999997 1.28025
0.999998 0.000270479 0.000601327 -0.0059392 -0.000270896 1 0.000511623 -0.00635229 -0.000601488 -0.000511908 0.999999 1.25852
1 0.000495784 -0.00165819 -0.00892747 -0.000495358 1 0.000178649 -0.00935429 0.00165858 -0.000177584 0.999999 1.25751
0.999997 7.09964e-05 -0.000736132 -0.00486645 -7.10252e-05 0.999999 0.000136252 -0.0179119 0.000735818 -0.00013647 0.999999 1.25315
1 -0.000358213 0.000242839 -0.004508 0.000358285 1 2.90721e-05 -0.0126147 -0.000242523 -2.86659e-05 1 1.27361
0.999996 -0.000306771 -0.00176756 -0.00688157 0.000306832 1 7.8586e-05 -0.0209229 0.00176723 -7.92681e-05 0.999998 1.25485
1 0.000138483 0.000686419 0.00489936 -0.000138174 1 -0.000354843 -0.0059963 -0.000686174 0.000354906 1 1.25356
0.999995 -2.2494e-05 -0.00159733 -0.00599325 2.30694e-05 0.999999 0.000429918 -0.0063097 0.001597 -0.000430111 0.999996 1.26229
1 0.000709104 -0.00112315 -0.00136524 -0.000707044 0.999999 0.00171843 -0.00493403 0.00112466 -0.00171745 1 1.26399
0.999996 0.000149711 0.000226364 -0.0105452 -0.000149926 0.999999 0.000472001 -0.0141864 -0.000226642 -0.000472258 0.999996 1.26742
1 0.00022071 -0.00177487 -0.00184266 -0.000219519 1 0.000602276 -0.00808784 0.00177542 -0.000601662 1 1.26079
0.999996 0.000640822 0.000450423 -0.00758814 -0.000641289 0.999999 0.000888697 -0.033725 -0.000450251 -0.000889248 0.999997 1.24604
1 0.00175616 -0.00228451 -0.0159557 -0.00175507 0.999999 0.000481189 0.0080461 0.00228579 -0.000477005 1 1.28979
0.999996 0.000974089 -0.00102721 -0.00219522 -0.000974577 0.999999 -0.000519421 0.00226011 0.00102623 0.000520283 0.999996 1.27903
1 0.000162017 0.000559851 -0.00537212 -0.000162354 1 0.000526281 -0.0124898 -0.000559279 -0.000526186 1 1.27018
0.999994 -0.000610889 -0.00204554 0.0244258 0.000610089 1 -0.000416642 -0.0262002 0.0020453 0.000415304 0.999995 1.27553
1 -0.000391662 0.00118092 -0.00176721 0.000391664 0.999999 1.66371e-05 -0.0216341 -0.00118046 -1.60759e-05 1 1.27468
0.999993 -0.00202665 -0.00216772 -0.00529358 0.0020262 0.999999 -0.000198938 -0.0238163 0.00216763 0.000194502 0.999995 1.25813
1 -0.000269077 -0.000448258 0.000858092 0.000271331 0.999986 0.0050239 0.00183139 0.0004474 -0.00502411 0.99999 1.28292
0.999995 -0.00118302 0.000714372 0.00722543 0.00118043 0.999994 0.00360446 -0.018374 -0.000719148 -0.00360354 0.999991 1.27829
1 0.000326491 -0.000756589 -0.0108316 -0.000326166 0.999999 0.000395209 -0.0357935 0.000757222 -0.000395029 1 1.25099
0.999995 0.00128546 0.00106566 -0.00351573 -0.00128373 0.999999 -0.00163456 -0.00351326 -0.00106835 0.00163329 0.999997 1.26562
1 -0.000263695 -0.000876886 -0.00368878 0.000262383 0.999998 -0.00147825 -0.0304006 0.000877928 0.001478 1 1.23805
0.999996 -2.4231e-05 3.84041e-07 -0.0137773 2.42518e-05 1 0.00047934 -0.0140645 -1.05191e-06 -0.000479294 0.999999 1.25398
1 -0.000251917 0.00118442 0.00145536 0.000249192 0.999996 0.00234408 -0.000723413 -0.00118432 -0.00234389 0.999998 1.25136
0.999995 -0.000213726 -0.000675184 -0.00844164 0.000214588 1 0.00142103 -0.00423348 0.000674161 -0.00142107 0.999998 1.23139
1 -0.000723104 0.00213071 -0.00153058 0.000720539 0.999998 0.00122937 -0.0116855 -0.00213081 -0.00122802 0.999998 1.27873
0.999996 6.18561e-05 0.000718029 -0.00507184 -6.17427e-05 1 -0.000123575 -0.0132376 -0.000718861 0.000123767 0.999999 1.20386
1 -0.000230426 0.00148721 0.00191276 0.000230812 0.999999 -0.00023182 -0.0350236 -0.00148634 0.000231876 1 1.22801
0.999992 0.000531632 0.00219424 0.0122994 -0.00052844 1 -0.00146683 -0.00666828 -0.00219582 0.00146596 0.999994 1.23886
1 -0.000303652 0.000903618 -0.00564046 0.000303468 0.999999 0.000231685 -0.0174911 -0.000902895 -0.000231754 1 1.20481
0.999993 0.00024955 0.00196656 -0.00392717 -0.000251182 1 0.000834447 -0.00765611 -0.00196711 -0.000834558 0.999995 1.22743
1.00001 -0.00040421 0.000607006 -0.00617628 0.000403009 0.999997 0.00200947 -0.0180598 -0.000607069 -0.00200962 1 1.20813
0.999994 0.000769773 0.00113143 -0.00456289 -0.000770402 1 0.000564489 -0.0196788 -0.00113169 -0.000564998 0.999997 1.20787
1 0.000209216 0.0017754 -0.00219929 -0.000209252 0.999999 2.45509e-05 -0.0216601 -0.00177474 -2.52555e-05 1 1.21972
0.999995 0.000420479 0.000218932 -0.00538623 -0.000420669 1 0.000774397 -0.0140731 -0.000219262 -0.000774164 0.999996 1.18918
1 -0.000149358 0.0016825 -0.0127239 0.000148628 1 0.000469544 -0.0237632 -0.0016819 -0.000469641 1 1.20314
0.999996 0.000220948 1.95878e-05 -0.00638982 -0.000220969 1 0.000416573 -0.00899111 -2.01723e-05 -0.000416192 0.999997 1.17068
1 3.45971e-05 0.000674078 -0.00731396 -3.47963e-05 1 0.000450445 -0.00378847 -0.000673457 -0.00045077 1 1.16196
0.999994 -0.000489409 0.00148968 0.000406907 0.000488396 1 0.000623466 -0.0179061 -0.00149064 -0.000622419 0.999995 1.16457
1.00001 5.55411e-05 -0.00071791 0.00187076 -5.51302e-05 1 0.000540733 -0.0204966 0.000718609 -0.000541022 1 1.12962
0.999994 0.000286801 0.00070989 0.0058637 -0.0002878 0.999999 0.00131383 -0.0298808 -0.000710156 -0.0013137 0.999995 1.13558
1 0.000265457 -0.00145369 -0.00674146 -0.000264699 1 0.000464478 -0.00665115 0.00145451 -0.000464397 1 1.10203
0.999995 0.000136873 -0.000507442 -0.00731483 -0.000137 1 -0.000106471 -0.0196396 0.000506708 0.000106847 0.999996 1.09821
1.00001 0.00012563 0.000568608 -0.00405895 -0.000125688 0.999999 0.000244066 -0.0116256 -0.00056791 -0.000244388 1 1.08896
0.999992 -0.000112547 -0.00210114 -0.00742916 0.000113048 1 0.000302108 -0.0204126 0.00210044 -0.00030206 0.999994 1.07387
1.00001 -0.00097177 -0.00049164 0.00912419 0.000971784 0.999999 -0.000350144 -0.0175102 0.000492614 0.000349387 1 1.06178
0.999991 8.28034e-06 -0.00268397 -0.00733193 -6.38845e-06 1 0.000770992 -0.0136874 0.00268329 -0.000770695 0.999991 1.04685
1 -0.000279752 -0.00201094 -0.00345705 0.000282232 0.999998 0.00120831 -0.0203504 0.00201124 -0.00120915 1 1.03516
0.999994 0.000470732 -0.00191115 -0.0100724 -0.000466722 0.999998 0.00213025 -0.0135435 0.00191146 -0.00212907 0.999992 1.02864
0.999997 0.000794729 -0.0038165 -0.0206589 -0.000793151 0.999999 0.000400714 -0.00254888 0.00381752 -0.000397987 0.999997 0.998079
0.999994 0.000422452 -0.00190134 -0.0104057 -0.000421831 1 0.000319079 -0.0127804 0.00190065 -0.000317927 0.999995 0.981915
0.999997 0.000216693 -0.00382326 -0.0088405 -0.000215563 1 0.000328045 -0.00307665 0.00382411 -0.000327518 0.999996 0.951088
0.99999 0.00032607 -0.00334963 -0.0133478 -0.000322454 1 0.00103976 -0.00843225 0.00334917 -0.00103837 0.999991 0.944184
1 -0.000273525 -0.00227504 -0.00370406 0.000273852 1 0.000234977 -0.026014 0.00227582 -0.000235964 1 0.92137
0.999983 -0.00090617 -0.00475937 -0.00423037 0.000905017 1 -0.000288229 -0.0177128 0.00475867 0.000284298 0.999986 0.897635
1 0.000325815 -0.0018577 -0.00544864 -0.000326153 1 -7.5099e-05 -0.0198379 0.0018586 7.52975e-05 1 0.882958
0.999985 0.000905677 -0.00431617 -0.00559494 -0.000905444 0.999999 1.80906e-05 -0.0160914 0.00431529 -1.37319e-05 0.999989 0.859312
0.999999 0.000692537 -0.00328222 -0.00738679 -0.000692751 1 1.26624e-06 -0.0135414 0.00328312 6.31425e-07 0.999997 0.835919
0.999993 0.0017565 -0.00137262 -0.0152267 -0.00175561 0.999998 0.000486936 -0.0175479 0.00137254 -0.000484134 0.999997 0.812376
1 0.000379489 -0.00168871 -0.0159039 -0.00037906 1 0.000383681 -0.0124271 0.00168979 -0.000383508 1 0.794891
0.999996 -0.000252878 0.000335851 0.0039503 0.000252904 1 0.000502465 -0.0112585 -0.000336892 -0.000501898 0.999998 0.781959
1 0.000389449 -0.000567784 -0.00164901 -0.00038894 0.999999 0.00128311 -0.0142868 0.000569282 -0.00128338 1 0.756868
0.999996 0.000330928 0.000192691 0.00245095 -0.000330763 1 0.000213711 -0.0165668 -0.000193614 -0.00021327 0.999998 0.75341
1 0.000237657 0.000861329 0.00594978 -0.000236403 0.999999 -0.00163749 -0.0133542 -0.000860756 0.00163681 1 0.74348
0.999996 0.000122825 -0.000225801 -0.00463068 -0.000122916 0.999999 -0.00117923 -0.0187155 0.000224665 0.00117973 0.999997 0.744897
1 0.000149408 0.00127113 -0.00365464 -0.000148014 0.999999 -0.00125341 -0.0162153 -0.00127034 0.00125276 1 0.734888
0.999995 0.000454227 0.000509359 0.00119113 -0.000454012 1 -4.1468e-05 -0.00742716 -0.000510346 4.16825e-05 0.999998 0.730424
1 -0.000224238 0.00147782 -0.0131793 0.000224083 1 -2.0304e-05 -0.0104951 -0.00147686 2.0217e-05 1 0.723216
0.999992 -0.00012989 0.00234709 0.0025108 0.000128829 0.999999 0.000533501 0.00107579 -0.00234813 -0.000532757 0.999994 0.720347
1 0.000445641 0.00121307 -0.00916118 -0.000446545 1 0.000585109 0.00856715 -0.00121185 -0.000586074 1 0.72244
0.999992 0.000101865 0.00250451 0.00079803 -0.000101694 0.999999 -1.77391e-05 -0.0156653 -0.0025055 1.78586e-05 0.999994 0.70705
1 -0.000156112 0.00198472 0.0207083 0.000156697 1 -0.000388744 -0.0409157 -0.0019837 0.000388676 1 0.696798
0.999991 -0.000197765 0.00283632 0.00672963 0.000196763 0.999999 0.000420208 0.00480025 -0.00283737 -0.000419277 0.999993 0.708141
0.999999 -0.000474082 0.00352576 0.00317453 0.000471333 1 0.00071439 -0.0209344 -0.00352518 -0.000713136 0.999998 0.706444
0.999993 -0.000136721 0.00176008 -0.00135976 0.000136359 0.999999 0.000341231 -0.0193617 -0.00176103 -0.000340593 0.999995 0.703834
1 -0.000366223 0.00282421 -0.00180999 0.000367485 1 -0.000541809 -0.00477702 -0.00282315 0.000542428 1 0.701734
0.999992 -2.24169e-05 0.00205639 -0.0117844 1.98625e-05 0.999999 0.00135942 -0.0063855 -0.0020573 -0.00135893 0.999994 0.690793
1 0.000266416 0.00237757 -0.00843016 -0.000266785 1 3.10418e-05 -0.00990561 -0.00237663 -3.20858e-05 1 0.705094
0.999989 0.000159917 0.00322022 -0.00564571 -0.000160629 0.999999 0.000322284 -0.009457 -0.0032211 -0.000322405 0.999991 0.710507
1 -2.98709e-05 0.00267277 -0.0088562 2.74183e-05 1 0.0007945 -0.00429276 -0.00267186 -0.000794818 1 0.697192
0.99999 0.000258786 0.00294318 -0.0110149 -0.00025866 1 6.93598e-05 -0.000514422 -0.00294413 -6.9696e-05 0.999993 0.712078
1 -0.00013564 0.00205655 -0.00333695 0.000134351 1 0.000444892 -0.00845992 -0.0020556 -0.000445048 1 0.71181
0.99999 6.1655e-05 0.00292346 -0.000224053 -5.76152e-05 0.999999 -0.00125067 -0.0133977 -0.00292453 0.00125094 0.999992 0.714966
1 0.00063399 0.00118689 0.00171393 -0.000632501 0.999999 -0.0015942 0.00483839 -0.00118689 0.00159301 1 0.712477
0.999993 -0.00161347 0.000864151 0.00666774 0.00161432 0.999998 -0.000551718 -0.0109195 -0.000864304 0.000553538 0.999997 0.724504
1.00001 0.000190709 0.00037154 -0.00214043 -0.000191268 1 0.000625017 -0.00653567 -0.000370373 -0.000625499 1 0.739621
0.999995 -0.000804014 -0.000718923 0.00555352 0.000805163 0.999999 0.00112793 0.00156044 0.000716963 -0.00112806 0.999997 0.736472
1 0.000534239 0.001062 -0.00244316 -0.000535277 1 0.000646266 0.00168208 -0.00106062 -0.000647259 1 0.73282
0.999995 0.000111637 -0.000386199 -0.00515003 -0.000111498 1 -0.000481783 0.00395013 0.000385118 0.000482235 0.999997 0.73956
1 -0.000247863 0.000517055 -0.00189231 0.000247485 1 9.00437e-05 0.00107443 -0.000516013 -9.03193e-05 1 0.744687
0.999986 -0.00424681 0.000683601 -0.00683775 0.00424781 0.999991 -0.00102712 0.0204319 -0.000680389 0.00103042 0.999997 0.789737
1 -0.000911209 0.000120373 -0.00223686 0.000910851 0.999998 1.05796e-06 -0.00277448 -0.000119155 -1.25414e-06 1 0.746661
0.999995 0.00131675 0.00137146 -0.000270693 -0.00131973 0.999998 0.00242121 -0.0147641 -0.00136959 -0.00242276 0.999996 0.773901
0.99999 0.00515511 -0.00018431 0.0147366 -0.00515438 0.999968 0.00574279 -0.00556903 0.000215258 -0.00574199 0.999983 0.788121
0.999997 -0.000177698 0.000472761 0.00833988 0.000175514 0.999987 0.00545006 -0.0456976 -0.000475077 -0.00544978 0.999986 0.810217
0.999999 -0.000676927 0.00268207 0.00257242 0.000677783 0.999997 -0.000447068 -0.0082544 -0.00268047 0.000448752 0.999995 0.802967
0.999989 0.00225419 0.00341819 0.000833426 -0.00223451 0.999984 -0.00563038 -0.0123019 -0.00343208 0.00562285 0.99998 0.814409
0.999987 0.00430708 0.00352783 -0.00207528 -0.00429997 0.999986 -0.00214304 -0.0309516 -0.00353579 0.00212765 0.99999 0.843941
0.999995 0.000195725 0.00274689 -0.000331606 -0.000199822 1 0.00161893 -0.00368043 -0.00274779 -0.0016192 0.999997 0.811837
0.999997 -0.000777472 0.00327875 0.00354963 0.000770042 0.999994 0.00215748 -0.00964753 -0.00327913 -0.00215521 0.999991 0.829535
0.999987 -0.00282213 0.00388756 0.00347531 0.00280898 0.999994 0.00345552 -0.000903417 -0.00389859 -0.00344428 0.999988 0.833955
0.999999 -0.00124544 0.00232322 0.00349122 0.00124158 0.999995 0.00152819 0.0060803 -0.00232375 -0.00152559 0.999995 0.837619
0.99999 -0.000173234 0.00411013 -0.000406467 0.000169032 1 0.0010905 -0.0079461 -0.00411168 -0.00108954 0.999992 0.832307
0.999999 0.00210949 0.000982973 0.00198149 -0.00210844 0.999994 -0.00130486 -0.00705775 -0.000984354 0.00130251 0.999997 0.87842
0.999995 -1.29976e-05 0.00260338 -0.00195748 1.23405e-05 1 0.000335954 -0.00405238 -0.00260478 -0.00033555 0.999998 0.836249
0.999995 0.000380442 0.00354046 -0.00279193 -0.000383995 0.999997 0.000926033 -0.0108929 -0.0035387 -0.000927709 0.999992 0.835637
0.999997 0.000581949 0.00243612 -0.000973981 -0.000586383 1 0.00190609 -0.0105254 -0.00243651 -0.00190728 0.999998 0.838503
0.999992 0.000655745 0.00418547 -0.00640253 -0.000663961 0.999995 0.00191404 -0.00995085 -0.00418264 -0.00191708 0.999987 0.839315
0.999998 0.000679184 0.00207608 -0.00467911 -0.000680891 1 0.000893837 -0.009584 -0.00207721 -0.000894945 1 0.836481
0.999999 -0.000670758 0.00146782 -0.0146321 0.000671027 0.999998 -0.000297564 0.00578205 -0.0014659 0.00029824 0.999996 0.870702
0.999995 -0.000993557 0.00337479 0.00385558 0.000991467 1 0.000669062 -0.00349378 -0.00337717 -0.000665417 0.999997 0.847538
0.999999 -0.00148217 0.00130039 0.00669545 0.00148042 0.999997 0.0011985 -0.00843458 -0.00130046 -0.00119682 0.999996 0.834008
0.999999 9.51747e-05 0.00181445 0.00333711 -9.63947e-05 1 0.000757945 -0.0215505 -0.00181609 -0.0007578 1 0.851692
0.999999 -0.000437098 8.18691e-06 -0.002429 0.000436939 0.999998 0.000803371 -0.00347622 -6.82221e-06 -0.000803641 0.999994 0.847098
1 -0.000435647 -0.00136034 -0.00268212 0.000436093 1 0.000182713 -0.0113262 0.00135854 -0.00018305 1 0.912984
1 0.000349474 0.000834014 -0.00658114 -0.000350661 0.999998 0.0011865 -0.0160293 -0.000831832 -0.00118716 0.999995 0.852314
1 0.000520477 -0.00102619 -0.00403904 -0.000519008 1 0.00115496 -0.019144 0.00102501 -0.00115407 1 0.859326
1 8.7139e-05 -0.000141875 -0.00586311 -8.73595e-05 1 0.000517959 -0.0151718 0.000143563 -0.000518211 0.999997 0.853361
0.999995 0.0010358 -0.00309977 -0.00995341 -0.00103703 0.999999 -0.000484088 -0.0202442 0.00309765 0.000487518 0.999998 0.891219
1 0.000524049 -0.00122103 -0.00697913 -0.000523974 1 0.000307039 -0.0107062 0.00122288 -0.00030658 0.999997 0.853749
0.999998 0.000110986 -0.00141288 -0.00550257 -0.000111025 1 -0.000226171 -0.00129539 0.00141114 0.000226452 1 0.880188
0.999998 0.000899527 -0.00218923 -0.00782409 -0.000898219 1 0.000709327 -0.0191808 0.00219156 -0.00070745 0.999995 0.854755
0.999999 -5.26607e-06 -0.00126397 -0.00670833 7.06533e-06 0.999999 0.0012187 -0.00355956 0.00126231 -0.00121855 1 0.848778
0.999992 -0.000133567 -0.0041052 -0.0056136 0.000140843 0.999998 0.00183742 -0.0052793 0.00410659 -0.00183813 0.999988 0.879944
0.999992 -0.000776887 -0.00390623 -0.0042407 0.000786107 0.999997 0.00229047 0.001844 0.0039028 -0.00229339 0.999993 0.844913
0.999993 -0.0005629 -0.00390992 -0.00451272 0.000569425 0.999998 0.00173497 0.00258733 0.00391061 -0.00173722 0.999988 0.834444
0.999987 -2.03917e-05 -0.00509139 -0.00582127 2.71338e-05 1 0.0012698 -0.000177816 0.00508964 -0.00126984 0.99999 0.82898
0.999993 -0.000403547 -0.00380057 -0.00446478 0.000407322 1 0.00107597 -0.00215468 0.0038021 -0.00107762 0.99999 0.816963
0.999982 -0.000104376 -0.0059724 -0.00524473 0.000111443 0.999999 0.0011256 -0.00184224 0.00597026 -0.00112617 0.999985 0.833545
0.999992 0.000422996 -0.004464 -0.00697014 -0.000419949 1 0.000785355 -0.0266931 0.00446638 -0.000783571 0.999988 0.791341
0.999994 5.03693e-05 -0.00314362 -0.00292744 -4.76291e-05 0.999999 0.00072863 -0.0112328 0.00314157 -0.000728404 0.999997 0.777786
0.999989 -0.000301078 -0.00492489 -0.00211026 0.000304891 1 0.000868891 -0.0128374 0.00492676 -0.000870445 0.999985 0.811489
0.999995 0.000153184 -0.0029864 -0.00911476 -0.000150502 1 0.000741519 -0.00941874 0.00298436 -0.000740984 0.999998 0.742412
0.999993 -0.0006036 -0.00401833 -0.00660061 0.000606337 1 0.000817006 0.00380438 0.00402006 -0.000819547 0.999989 0.730654
0.999991 -0.000683588 -0.00392005 -0.00255662 0.000687245 0.999999 0.000799037 -0.00433545 0.00391729 -0.000801583 0.999995 0.708464
0.999984 0.000913144 -0.00586615 -0.0173546 -0.000918829 1 -0.000873455 -0.0230075 0.00586758 0.000878725 0.999979 0.727313
0.999979 1.79679e-06 -0.00634363 -0.00624013 5.01972e-07 1 0.000284252 0.0123437 0.00634141 -0.000284147 0.999984 0.667429
0.999974 0.000232435 -0.0074292 -0.0111117 -0.000233137 0.999999 -2.36088e-05 -0.00106569 0.00743147 2.53419e-05 0.999968 0.640809
0.999926 -0.0010106 -0.0120138 -0.0216499 0.00100033 1 -0.00090141 -0.0118674 0.0120124 0.000889261 0.999932 0.673925
0.999911 4.40963e-05 -0.0134898 -0.0178378 -5.17665e-05 0.999999 -0.000531278 -0.0198272 0.0134921 0.000531953 0.999905 0.643354
0.999862 0.000186788 -0.0165331 -0.024157 -0.00017997 1 0.000382678 -0.0147864 0.0165308 -0.000379672 0.999868 0.632415
0.999803 0.00220121 -0.0197782 -0.0266477 -0.00219613 0.999997 0.000305199 -0.00739432 0.0197813 -0.000261714 0.9998 0.627217
0.999751 0.00102504 -0.0222776 -0.0290384 -0.00103575 1 -0.000490953 -0.00720136 0.0222747 0.000513911 0.999756 0.599849
0.999644 0.000614232 -0.0266974 -0.0266033 -0.000626935 0.999999 -0.000449902 -0.00883765 0.0266996 0.000466523 0.999638 0.634894
0.999605 0.00132784 -0.0280591 -0.025266 -0.00132402 1 0.000136136 -0.0181131 0.0280568 -9.90062e-05 0.999611 0.589461
0.99953 0.000772054 -0.0306456 -0.0254188 -0.000751475 0.999999 0.000700177 -0.0166543 0.0306486 -0.000676773 0.999525 0.558671
0.999404 -0.000834634 -0.0344998 -0.0247206 0.000858447 1 0.000660263 -0.000862618 0.0344968 -0.000689542 0.999409 0.582939
0.999329 -0.000137391 -0.0366415 -0.0323632 0.000182255 0.999998 0.00123395 -0.0115385 0.0366437 -0.00123976 0.999323 0.536604
0.999272 0.000537662 -0.0381384 -0.0311713 -0.000486167 1 0.00134577 -0.0103635 0.0381367 -0.00132625 0.999276 0.515276
0.99917 0.000817422 -0.0407545 -0.0369446 -0.000746417 0.999997 0.00177032 -0.0114271 0.0407583 -0.0017384 0.999163 0.533661
0.999128 0.000152137 -0.0417408 -0.0328036 -0.000123591 1 0.000675988 -0.00470253 0.0417384 -0.000670325 0.999133 0.497909
0.999042 -0.00027607 -0.0437831 -0.0270052 0.00032636 0.999999 0.00115231 -0.00992119 0.0437852 -0.00116538 0.999036 0.515419
0.998982 -0.000253646 -0.0450934 -0.0407769 0.000308676 1 0.00120454 -0.00600113 0.0450906 -0.00121732 0.998987 0.489018
0.998859 -0.00111904 -0.0477702 -0.0405172 0.00114025 0.999999 0.000425414 -0.0163457 0.0477721 -0.000479312 0.998854 0.468937
0.99877 -0.00105723 -0.0495543 -0.0293796 0.00110082 1 0.000842923 -0.00145073 0.0495508 -0.000896544 0.998776 0.498299
0.998705 -0.00116228 -0.0508838 -0.0358175 0.00116172 0.999999 -3.08252e-05 -0.00582277 0.0508863 -2.82394e-05 0.9987 0.474303
0.998625 0.00126259 -0.0523831 -0.0441548 -0.00123697 1 0.00051276 0.000984221 0.0523812 -0.0004474 0.998632 0.448886
0.99852 -0.0009483 -0.0544019 -0.0429174 0.000972294 0.999998 0.000422463 -0.0118831 0.054404 -0.000474592 0.998514 0.47158
0.998425 -0.00276457 -0.0560195 -0.0481728 0.00285676 0.999996 0.00155859 -0.0109774 0.0560124 -0.00171638 0.998434 0.439415
0.998231 -0.00512371 -0.0592631 -0.0507067 0.00531201 0.99998 0.00302615 -0.0101966 0.059249 -0.00333537 0.998233 0.468466
0.998069 -0.00256019 -0.0620407 -0.0551195 0.00276229 0.999992 0.00316618 -0.0079121 0.0620296 -0.00333159 0.998074 0.442041
0.998061 0.00224964 -0.0622362 -0.0595475 -0.00211595 0.999995 0.00221986 -0.0109465 0.0622433 -0.00208367 0.998054 0.40397
0.99803 0.00561183 -0.0624611 -0.0779459 -0.00542383 0.999981 0.00317344 -0.00543985 0.0624752 -0.00282867 0.998048 0.442843
0.998029 0.00494934 -0.0626004 -0.0692446 -0.00485495 0.999986 0.00166646 -0.00279661 0.0626104 -0.00135899 0.998033 0.419922
0.998032 0.00198264 -0.0626347 -0.0651591 -0.00189537 0.999998 0.00144657 -0.0122341 0.0626348 -0.00132527 0.998041 0.395507
0.998056 0.000569707 -0.0623495 -0.0789126 -0.00047445 0.999998 0.00154894 -0.00433255 0.0623529 -0.0015161 0.998048 0.420736
0.998134 -0.00025153 -0.0610339 -0.0500849 0.000428444 0.999996 0.00288026 -0.0107988 0.0610305 -0.00290131 0.998137 0.392333
0.998137 -1.32582e-05 -0.0610466 -0.0739604 0.000200587 0.999995 0.0030685 0.00434276 0.0610487 -0.00307477 0.998125 0.417237
0.998024 0.000338482 -0.0628014 -0.0647134 -0.000145074 0.999996 0.00307901 -0.0157427 0.0627997 -0.00306408 0.998027 0.407773
0.997906 0.00214456 -0.0646796 -0.0564977 -0.00196232 0.999994 0.00288539 0.00296731 0.0646877 -0.00275214 0.997897 0.411576
0.997958 0.000796948 -0.06384 -0.0774371 -0.000442848 0.999984 0.00555484 -0.00120921 0.0638412 -0.00551554 0.99795 0.435027
0.997815 0.0012686 -0.0660896 -0.0739881 -0.000905577 0.999985 0.00552796 -0.0115293 0.0660979 -0.00545573 0.997793 0.444162
0.997731 0.00166814 -0.067278 -0.0603086 -0.00130616 0.999984 0.00541832 -0.0125093 0.0672837 -0.00531851 0.997725 0.442634
0.997781 0.00152283 -0.0665829 -0.0783871 -0.00109681 0.999979 0.0064405 -0.00155988 0.0665936 -0.00635284 0.997755 0.473283
0.997749 0.00104437 -0.0670216 -0.0571989 -0.000671919 0.999984 0.00557374 -0.00129998 0.0670241 -0.00551653 0.997742 0.46903
0.997806 2.05898e-05 -0.0662302 -0.0715455 0.000247419 0.999993 0.00404493 -0.00978287 0.0662321 -0.00405215 0.997791 0.497999
0.997909 0.000248226 -0.064607 -0.0627428 -9.97108e-05 0.999996 0.00229512 -0.00711232 0.0646051 -0.00228419 0.997913 0.497547
0.997963 0.00107847 -0.0638094 -0.0628839 -0.0010202 1 0.000953067 -0.00948116 0.0638127 -0.000885681 0.997956 0.502615
0.998102 0.00122042 -0.0615524 -0.0659109 -0.00120435 0.999998 0.000290485 -0.00822193 0.0615504 -0.000216274 0.99811 0.540133
0.998283 0.00126362 -0.0585787 -0.058221 -0.00121191 1 0.00092726 -0.00123663 0.0585821 -0.000854236 0.998276 0.53938
0.998476 0.000861483 -0.0551679 -0.0647958 -0.00077873 0.999998 0.00151272 0.00237493 0.0551669 -0.00146789 0.998483 0.580036
0.998743 0.00204735 -0.0501165 -0.0550973 -0.001986 0.999998 0.00128589 -0.00208845 0.0501212 -0.00118437 0.998737 0.602241
0.998846 -0.00050421 -0.0480028 -0.0486268 0.00058906 0.999998 0.00174146 0.00621338 0.0479999 -0.00176815 0.998852 0.615686
0.998744 -0.00464093 -0.0499193 -0.038313 0.00482836 0.999981 0.00364624 -0.0218852 0.0499034 -0.0038822 0.998741 0.649632
0.998722 -0.00217202 -0.0504752 -0.039566 0.00235738 0.999992 0.00360159 -0.00894824 0.0504648 -0.00371657 0.998725 0.669362
0.998798 -0.000750062 -0.0490362 -0.0504503 0.000843986 0.999997 0.00190768 -0.0223849 0.0490368 -0.00194618 0.998789 0.692006
0.998908 0.001443 -0.0466806 -0.0512779 -0.00146926 0.999999 -0.000541573 -3.23011e-05 0.0466777 0.000608891 0.998916 0.706852
0.998967 0.000184021 -0.0454635 -0.0482925 -0.000280145 0.999998 -0.00209346 -0.00785195 0.045465 0.00210472 0.998958 0.761587
0.999042 0.00334153 -0.0436127 -0.0541815 -0.00349605 0.999988 -0.00348167 0.00256688 0.0435986 0.0036301 0.999048 0.770355
0.999106 0.00117382 -0.0422946 -0.066525 -0.00125073 0.999998 -0.00177501 -0.0161052 0.0422944 0.00182697 0.999098 0.797625
0.999075 0.0019651 -0.042919 -0.0545534 -0.00197768 0.999998 -0.000266967 0.0141765 0.0429163 0.000350933 0.999084 0.86655
0.999133 0.00374055 -0.041502 -0.0619452 -0.00377015 0.999993 -0.00061778 0.0119408 0.0415014 0.000774431 0.999133 0.859926
0.999085 0.00149961 -0.0427135 -0.0709102 -0.00149009 0.999999 0.000239098 -0.0107095 0.0427117 -0.000175942 0.999093 0.912669
0.999123 -0.00171864 -0.0418581 -0.0605145 0.00177135 0.999998 0.00123831 0.00316796 0.0418581 -0.00131071 0.999118 0.913288
