1 0 0 0 0 1 0 0 0 0 1 0
0.999999 0.000898474 0.00139677 -0.00625535 -0.000893254 0.999993 -0.00377217 -0.00717311 -0.0014002 0.00377101 0.999993 0.954732
0.999998 -0.000824585 0.00163787 -0.0119092 0.000831485 0.999991 -0.00424063 -0.0356606 -0.00163445 0.00424198 0.99999 1.93589
0.999995 -0.00209601 0.00258934 -0.0119322 0.00209708 0.999998 -0.000443951 -0.0349659 -0.0025884 0.000449531 0.999998 2.8885
0.99999 -0.004526 0.000766675 -0.00939738 0.00452306 0.999983 0.00377728 -0.0427161 -0.000783874 -0.00377375 0.999994 3.85264
0.999982 -0.00620914 -0.000448334 -0.00856549 0.00621115 0.999969 0.00487419 -0.0587401 0.000418098 -0.00487672 0.99999 4.7927
0.999962 -0.0087773 -0.000511766 -0.0095697 0.00877837 0.99996 0.00216934 -0.0717225 0.000492465 -0.00217369 0.999999 5.73488
0.999963 -0.00862671 -0.00177941 -0.00973095 0.00862707 0.999964 0.000265608 -0.0812299 0.00177713 -0.00028078 1 6.66005
0.999961 -0.00855389 -0.00247481 -0.0208685 0.00855151 0.999964 -0.000975859 -0.0894298 0.00248284 0.000954865 0.999998 7.59004
0.999972 -0.00749884 -0.00199943 -0.0328618 0.00749937 0.999973 0.000318719 -0.0954865 0.00199706 -0.000333519 1 8.52314
0.999958 -0.00835486 -0.00405434 -0.0417041 0.00836638 0.999962 0.00285681 -0.105868 0.0040301 -0.00289035 0.99999 9.45375
0.999955 -0.00847948 -0.00481064 -0.0528874 0.00850061 0.999956 0.00440379 -0.121877 0.00477315 -0.00444431 0.999983 10.3728
0.999955 -0.00893151 -0.00341289 -0.0820312 0.00895322 0.99994 0.00645713 -0.130238 0.00335484 -0.00648715 0.999975 11.3088
0.999951 -0.00855184 -0.00541998 -0.0810173 0.00858845 0.999942 0.00678884 -0.129294 0.00536183 -0.00683479 0.999966 12.2218
0.999948 -0.00856424 -0.00579118 -0.100105 0.00859285 0.999952 0.00497577 -0.133815 0.00574805 -0.00502509 0.999973 13.1291
0.999944 -0.0085819 -0.00675753 -0.107878 0.00860015 0.999962 0.00268331 -0.133746 0.00673455 -0.00274101 0.999978 14.0467
0.999919 -0.00896976 -0.0092181 -0.112268 0.00898631 0.99996 0.00178195 -0.139442 0.00920155 -0.00186446 0.99996 14.948
0.999894 -0.00807653 -0.012348 -0.120149 0.0080875 0.999969 0.000837625 -0.106155 0.0123412 -0.000937278 0.999928 15.9116
0.999894 -0.00738381 -0.0127255 -0.133122 0.0073884 0.999975 0.000319652 -0.107484 0.0127228 -0.00041346 0.999923 16.7794
0.999861 -0.00557595 -0.0159273 -0.16589 0.00557794 0.999986 8.09024e-05 -0.118248 0.0159271 -0.000169599 0.999877 17.679
0.99979 -0.00814151 -0.0189139 -0.206952 0.0081543 0.999969 0.000603198 -0.12994 0.0189083 -0.00075708 0.999826 18.5939
0.999788 -0.00859945 -0.0189646 -0.235301 0.00863491 0.999963 0.00178816 -0.131533 0.0189491 -0.00195164 0.999824 19.4722
0.999727 -0.00823466 -0.0220003 -0.276596 0.00827402 0.999967 0.00169963 -0.128256 0.0219855 -0.00188095 0.999762 20.3705
0.99969 -0.00866414 -0.0235674 -0.29613 0.00871824 0.999962 0.00219284 -0.146658 0.023548 -0.00239772 0.999725 21.2396
0.999635 -0.00883145 -0.0256658 -0.326655 0.00888593 0.999961 0.00201026 -0.15001 0.0256469 -0.00223732 0.999674 22.0997
0.999561 -0.0087593 -0.0284971 -0.351616 0.00881998 0.999962 0.00200446 -0.163763 0.0284789 -0.00225497 0.999598 22.977
0.999501 -0.00842333 -0.0305583 -0.380688 0.00854944 0.999958 0.00399751 -0.173437 0.0305232 -0.00425641 0.999531 23.8274
0.999429 -0.00948183 -0.0326118 -0.413064 0.00969444 0.999936 0.00636728 -0.184476 0.0325498 -0.00667987 0.999454 24.6987
0.999337 -0.0102548 -0.0350244 -0.439156 0.0105261 0.999918 0.00756837 -0.198601 0.0349438 -0.0079316 0.999364 25.5516
0.999347 -0.0094212 -0.0350688 -0.472835 0.00966466 0.999934 0.00677705 -0.213613 0.0350031 -0.00711159 0.999368 26.3726
0.999304 -0.00769678 -0.0365931 -0.498711 0.00788821 0.999959 0.0050862 -0.207776 0.0365524 -0.00537087 0.999324 27.2083
0.999247 -0.00687244 -0.0383736 -0.535441 0.00700429 0.999974 0.00329861 -0.212732 0.0383504 -0.0035649 0.999265 28.0178
0.99921 -0.00675254 -0.0392415 -0.574176 0.00692881 0.999969 0.00435447 -0.216165 0.0392108 -0.00462248 0.999227 28.8137
0.999069 -0.0063368 -0.0428422 -0.613639 0.00651853 0.999974 0.00409923 -0.233125 0.0428155 -0.0043747 0.99908 29.6386
0.998985 -0.0057257 -0.0447613 -0.649459 0.00590266 0.999978 0.00382141 -0.239812 0.0447382 -0.00408134 0.998997 30.4123
0.998926 -0.00554907 -0.0461408 -0.686775 0.0057471 0.999979 0.00415504 -0.242954 0.0461171 -0.00441574 0.998934 31.1774
0.998801 -0.00556966 -0.0487204 -0.725106 0.00586288 0.999968 0.00587632 -0.24988 0.0486858 -0.00615451 0.998802 31.9583
0.998642 -0.00639226 -0.0518362 -0.770501 0.00676853 0.999956 0.00708246 -0.248862 0.0517888 -0.00742372 0.998639 32.7245
0.998556 -0.00637502 -0.0534227 -0.812432 0.00685712 0.99994 0.00884505 -0.251025 0.0533628 -0.00919822 0.998539 33.4636
0.998414 -0.00528309 -0.0561624 -0.856668 0.00580778 0.999945 0.00917864 -0.247762 0.056111 -0.00949027 0.998388 34.2085
0.998351 -0.00391735 -0.0573433 -0.908271 0.00441995 0.999955 0.00863816 -0.242938 0.0573065 -0.00887695 0.998324 34.9233
0.998145 -0.00239955 -0.0609488 -0.971196 0.00289492 0.999967 0.00803674 -0.248522 0.0609277 -0.00819831 0.998117 35.6476
0.998057 -0.00130592 -0.0623548 -1.02243 0.0019014 0.999955 0.00948912 -0.248039 0.0623392 -0.0095888 0.998015 36.3533
0.998018 -0.000607353 -0.0630487 -1.07054 0.00129213 0.999944 0.0108165 -0.252688 0.0630389 -0.0108765 0.997961 37.0401
0.997979 0.00150803 -0.0636051 -1.11914 -0.000793365 0.999939 0.0112567 -0.256401 0.0636177 -0.011183 0.997919 37.7143
0.998032 0.00399935 -0.0627141 -1.17979 -0.00337876 0.999948 0.00999317 -0.255691 0.062751 -0.00976151 0.997991 38.3928
0.998107 0.00567995 -0.0613148 -1.22349 -0.00523203 0.999961 0.00745857 -0.246843 0.0613542 -0.00712321 0.998099 39.0544
0.998191 0.00556241 -0.0600072 -1.26596 -0.00519373 0.99997 0.00629148 -0.251316 0.0600407 -0.00596822 0.998188 39.7015
0.998309 0.00574425 -0.0579361 -1.3045 -0.00533944 0.999963 0.00713354 -0.240628 0.0579742 -0.00681162 0.998303 40.3613
0.998423 0.00964167 -0.0554751 -1.34881 -0.00915211 0.99992 0.00906449 -0.253507 0.0555583 -0.00854218 0.998429 41.0124
0.998548 0.0138901 -0.0521524 -1.39044 -0.0132463 0.999835 0.0126622 -0.251845 0.0523189 -0.0119525 0.998567 41.6335
0.998624 0.0190291 -0.0490522 -1.44403 -0.0184358 0.999755 0.0125097 -0.248668 0.0492784 -0.0115879 0.998728 42.253
0.99882 0.0225003 -0.0431894 -1.47293 -0.0219547 0.999677 0.013055 -0.246237 0.0434685 -0.0120908 0.99899 42.8419
0.998933 0.0263597 -0.0381583 -1.50759 -0.0258007 0.999557 0.0150564 -0.249838 0.0385384 -0.0140556 0.999169 43.4256
0.99905 0.0300172 -0.0318153 -1.5289 -0.0295209 0.99944 0.0159362 -0.238141 0.0322751 -0.0149811 0.999376 43.9745
0.999183 0.0327028 -0.0241568 -1.54444 -0.0323147 0.999348 0.0162693 -0.230865 0.0246733 -0.0154751 0.999586 44.512
0.999174 0.0368621 -0.0175179 -1.57156 -0.0365718 0.999197 0.0165785 -0.251703 0.0181142 -0.0159234 0.999718 45.039
0.999153 0.040147 -0.0100553 -1.58433 -0.0399879 0.999083 0.0155045 -0.25045 0.0106686 -0.0150891 0.99984 45.5329
0.99905 0.0437257 -0.00155618 -1.58868 -0.043699 0.998951 0.0139555 -0.243967 0.00216409 -0.0138734 0.999911 45.9995
0.998998 0.0445186 0.00630126 -1.58803 -0.0445971 0.998924 0.0130059 -0.249673 -0.00571533 -0.0132736 0.999906 46.442
0.99887 0.0453701 0.0147143 -1.57077 -0.0455546 0.998887 0.0124987 -0.242731 -0.0141316 -0.0131541 0.999824 46.8717
0.998761 0.04483 0.0220068 -1.55953 -0.0451091 0.998909 0.0123858 -0.263257 -0.0214274 -0.013363 0.999691 47.2852
0.998495 0.0460736 0.030022 -1.55275 -0.046481 0.998838 0.0130395 -0.263117 -0.029387 -0.0144146 0.999475 47.6606
0.99807 0.0483363 0.0392215 -1.54655 -0.048881 0.998723 0.0130675 -0.269714 -0.0385396 -0.0149592 0.999155 48.0285
0.99749 0.0526622 0.0475038 -1.54048 -0.053308 0.998505 0.0124493 -0.267214 -0.0467776 -0.0149497 0.998804 48.3619
0.996862 0.0556723 0.0564311 -1.52637 -0.0564491 0.998334 0.0122776 -0.271693 -0.0556534 -0.0154243 0.998342 48.6788
0.996301 0.0551466 0.0660417 -1.49655 -0.0560998 0.998349 0.0126786 -0.277651 -0.0652339 -0.0163358 0.997747 48.9656
0.995624 0.05418 0.0762653 -1.47206 -0.0552071 0.998414 0.0114331 -0.282312 -0.0755247 -0.0155932 0.997033 49.2388
0.994685 0.053581 0.0880329 -1.43846 -0.054504 0.998484 0.00812329 -0.274505 -0.0874647 -0.0128774 0.996095 49.5125
0.993349 0.0543718 0.101592 -1.40149 -0.0550835 0.998477 0.00421877 -0.277562 -0.101208 -0.00978657 0.994829 49.7782
0.99163 0.0551562 0.116817 -1.37231 -0.0558823 0.998437 0.00295575 -0.275394 -0.116471 -0.00945823 0.99316 50.0463
0.989582 0.055828 0.132777 -1.34031 -0.0566511 0.998395 0.0024322 -0.270281 -0.132428 -0.00992862 0.991155 50.3163
0.987152 0.0560073 0.149707 -1.29629 -0.056886 0.998384 0.00159647 -0.270566 -0.149376 -0.0100915 0.988741 50.5638
0.984278 0.0554666 0.167757 -1.23837 -0.0563726 0.998414 0.00064367 -0.278938 -0.167455 -0.0100902 0.98584 50.8296
0.980815 0.0545211 0.187211 -1.17203 -0.0554748 0.998465 -0.000139934 -0.278062 -0.186931 -0.0102475 0.982332 51.0884
0.976787 0.054622 0.207181 -1.10564 -0.0556199 0.998456 -0.00100623 -0.28602 -0.206916 -0.0105403 0.978314 51.3287
0.97198 0.0562245 0.228286 -1.04462 -0.0572285 0.998363 -0.00222051 -0.284111 -0.228037 -0.0109055 0.973604 51.5855
0.966223 0.0572709 0.251307 -0.9573 -0.0581666 0.998304 -0.00386581 -0.283557 -0.251101 -0.0108822 0.967912 51.8302
0.959699 0.05856 0.274898 -0.893533 -0.0594441 0.998223 -0.00511704 -0.306179 -0.274709 -0.0114295 0.961473 52.0832
0.952035 0.0597666 0.300131 -0.798223 -0.0607268 0.99814 -0.00613449 -0.30661 -0.299938 -0.0123855 0.953891 52.3457
0.942895 0.0614668 0.3274 -0.710114 -0.0625776 0.998019 -0.00714776 -0.3151 -0.32719 -0.0137476 0.944872 52.603
0.932651 0.0617139 0.355491 -0.605587 -0.0628813 0.997991 -0.0082797 -0.3151 -0.355287 -0.0146314 0.934655 52.85
0.920868 0.0595953 0.38532 -0.47291 -0.0606549 0.998119 -0.00941382 -0.312994 -0.385156 -0.014702 0.922749 53.0964
0.90667 0.0572422 0.417964 -0.334427 -0.0574712 0.998279 -0.0120489 -0.317831 -0.417933 -0.0130963 0.908396 53.3282
0.890511 0.056323 0.451486 -0.200057 -0.0553836 0.998352 -0.0153046 -0.331958 -0.451604 -0.0113754 0.892161 53.5661
0.872355 0.0573128 0.485524 -0.045418 -0.0547299 0.998315 -0.0195087 -0.343158 -0.485823 -0.00955389 0.874019 53.8371
0.851506 0.0580434 0.521144 0.117897 -0.054252 0.998277 -0.0225408 -0.343893 -0.521553 -0.00907899 0.853186 54.0671
0.828117 0.0598101 0.557375 0.304745 -0.0548618 0.99817 -0.0255993 -0.344772 -0.557885 -0.00937916 0.82988 54.3225
0.802325 0.0619232 0.593687 0.495989 -0.0562546 0.998026 -0.0280718 -0.35413 -0.594252 -0.0108744 0.804223 54.5818
0.774505 0.0619815 0.629541 0.704927 -0.0550668 0.998021 -0.0305127 -0.367671 -0.630185 -0.0110343 0.776382 54.8189
0.743097 0.0621519 0.666309 0.950248 -0.0544295 0.997997 -0.0323879 -0.378583 -0.666986 -0.0121991 0.74499 55.0661
0.707888 0.0601018 0.703779 1.23418 -0.0516407 0.998116 -0.033295 -0.406808 -0.704452 -0.0127743 0.709654 55.3249
0.670575 0.0581846 0.739573 1.53381 -0.0495512 0.998211 -0.0336033 -0.427376 -0.740203 -0.0141128 0.672257 55.5706
0.629496 0.057113 0.774917 1.86136 -0.0479201 0.998255 -0.0346457 -0.432188 -0.775541 -0.0153245 0.631131 55.8199
0.584962 0.0563438 0.809117 2.20639 -0.0453433 0.9983 -0.0367357 -0.446327 -0.80981 -0.0151985 0.586522 56.0402
0.538902 0.055362 0.840561 2.58679 -0.0427321 0.998355 -0.038358 -0.478696 -0.8413 -0.0152475 0.540379 56.2691
0.491173 0.0526932 0.869482 2.99977 -0.0415167 0.998455 -0.0370558 -0.50205 -0.870089 -0.0178968 0.492601 56.4953
0.443316 0.05093 0.894931 3.40854 -0.0414226 0.998487 -0.0363038 -0.520952 -0.895423 -0.020976 0.444753 56.6894
0.394345 0.0503654 0.917596 3.85103 -0.0426345 0.99843 -0.0364789 -0.555134 -0.91799 -0.0247355 0.395871 56.8691
0.345692 0.0500279 0.937026 4.30728 -0.0395208 0.998473 -0.0387279 -0.568263 -0.937531 -0.0236438 0.347139 57.0138
0.299334 0.0455523 0.953075 4.77849 -0.0316371 0.99879 -0.0378002 -0.593697 -0.95364 -0.0188372 0.300411 57.1388
0.255339 0.0395527 0.966055 5.26848 -0.018409 0.999186 -0.0360432 -0.620646 -0.966693 -0.0085806 0.255857 57.2328
0.213594 0.0370525 0.976235 5.77682 -0.0115981 0.999312 -0.0353901 -0.645192 -0.97687 -0.00376302 0.213876 57.317
0.175515 0.0390961 0.983713 6.29416 -0.00866434 0.99924 -0.0381669 -0.639286 -0.984456 -0.00182403 0.175718 57.3944
0.142762 0.0391824 0.988997 6.82492 -0.00201779 0.999232 -0.0392959 -0.672712 -0.989772 0.00361453 0.14273 57.4549
0.113582 0.0379292 0.992818 7.37341 0.00432856 0.999249 -0.0386698 -0.689624 -0.993537 0.00868986 0.11333 57.5108
0.0892332 0.0354944 0.995394 7.9536 0.00986886 0.99929 -0.0365174 -0.712351 -0.995979 0.013082 0.0888185 57.5461
0.0693467 0.0346539 0.997004 8.53086 0.0136357 0.999277 -0.035681 -0.736288 -0.997517 0.0160694 0.0688216 57.5768
0.0530612 0.0354831 0.997978 9.11319 0.0149313 0.999235 -0.0363211 -0.748542 -0.998497 0.0168283 0.0524897 57.6046
0.0397614 0.0353901 0.998596 9.69909 0.0156544 0.999234 -0.0360357 -0.765345 -0.999104 0.0170654 0.0391746 57.6224
0.0279745 0.0363218 0.998966 10.3008 0.0158649 0.999204 -0.0367742 -0.785144 -0.9995 0.0168772 0.027375 57.6381
0.0191074 0.038045 0.999107 10.9026 0.0204149 0.999059 -0.0384333 -0.810937 -0.999627 0.0211312 0.0183105 57.6409
0.0118851 0.0390213 0.999186 11.5131 0.0242782 0.998939 -0.0392999 -0.831437 -0.999652 0.0247254 0.0109241 57.6434
0.00753123 0.0386053 0.999239 12.1491 0.0246408 0.99895 -0.0387794 -0.847474 -0.999686 0.0249142 0.00656987 57.6475
0.00320741 0.0363832 0.999351 12.7845 0.0224723 0.99909 -0.0364452 -0.868882 -0.99976 0.0225744 0.00238596 57.6574
0.00124947 0.0304357 0.999549 13.4535 0.0208978 0.999324 -0.0304547 -0.888465 -0.999798 0.0209265 0.000610442 57.6656
0.000465459 0.0261257 0.999677 14.1361 0.0207925 0.999449 -0.0261288 -0.906374 -0.999802 0.0207978 -7.89769e-05 57.6622
0.000265907 0.0248636 0.999705 14.8314 0.0232969 0.999426 -0.0248626 -0.92283 -0.999746 0.0232967 -0.000315635 57.6617
0.000313865 0.0262182 0.999674 15.5057 0.0259023 0.999328 -0.0262167 -0.952785 -0.999683 0.0259018 -0.000366537 57.6583
0.00229431 0.0331982 0.99946 16.211 0.0260767 0.999113 -0.0332464 -0.966192 -0.999675 0.0261388 0.00142445 57.6592
0.00457705 0.0404799 0.999188 16.9117 0.0260621 0.998844 -0.0405848 -0.995028 -0.999669 0.0262263 0.00351569 57.6569
0.00665332 0.0415665 0.999128 17.6126 0.0269814 0.99877 -0.041731 -1.00845 -0.999632 0.0272354 0.00552147 57.6691
0.00996513 0.0386314 0.999223 18.3536 0.0264713 0.998901 -0.0388824 -1.04995 -0.99962 0.0268377 0.00893037 57.6843
0.0127096 0.0332674 0.99938 19.074 0.0266008 0.999088 -0.0335957 -1.08474 -0.999584 0.0270112 0.0118108 57.6834
0.0162434 0.0321172 0.999371 19.8032 0.0256199 0.999151 -0.0325259 -1.10033 -0.99956 0.0261316 0.0154055 57.7069
0.0201284 0.035413 0.999185 20.5227 0.0295292 0.998922 -0.0359983 -1.14626 -0.99938 0.0302296 0.0190588 57.7107
0.0233995 0.0398268 0.998952 21.2487 0.031341 0.998694 -0.04055 -1.17804 -0.999255 0.0322564 0.0221196 57.7309
0.0247372 0.0408413 0.998876 21.9651 0.0261976 0.998803 -0.0414868 -1.19663 -0.99937 0.0271942 0.0236355 57.757
0.0294096 0.0392106 0.998818 22.7252 0.0219738 0.998972 -0.0398631 -1.22841 -0.999347 0.0231196 0.0285165 57.7949
0.0340427 0.0368754 0.998757 23.455 0.0246589 0.998992 -0.0377243 -1.2945 -0.999136 0.0259122 0.0330968 57.8108
0.0365352 0.0375488 0.998647 24.177 0.0287077 0.998851 -0.0386063 -1.34064 -0.998941 0.0300787 0.0354139 57.8351
0.0412027 0.0414506 0.998308 24.9311 0.0282342 0.9987 -0.0426317 -1.38316 -0.998772 0.0299427 0.0399764 57.8734
0.0450905 0.0434803 0.998057 25.66 0.0253836 0.998689 -0.0446542 -1.41419 -0.998682 0.0273471 0.0439263 57.9125
0.047663 0.0433226 0.997941 26.4002 0.0236987 0.998737 -0.0444887 -1.45898 -0.998603 0.0257701 0.0465737 57.9484
0.0516489 0.0421189 0.997798 27.1367 0.0268804 0.998699 -0.043548 -1.50338 -0.998325 0.0290698 0.0504482 57.985
0.0549801 0.0419751 0.997622 27.8712 0.0302165 0.998596 -0.0436809 -1.55258 -0.998051 0.0325459 0.0536322 58.0207
0.0568517 0.042685 0.997492 28.5965 0.0317963 0.998511 -0.0445406 -1.58536 -0.997898 0.034248 0.0554085 58.0628
0.0602707 0.0425443 0.997293 29.3412 0.0315096 0.99852 -0.0445004 -1.62824 -0.997706 0.034106 0.0588386 58.1077
0.0634462 0.0418587 0.997129 30.0874 0.0320379 0.998529 -0.0439558 -1.66702 -0.997494 0.0347341 0.0620103 58.1506
0.0661398 0.040447 0.997009 30.8242 0.0338859 0.998519 -0.0427559 -1.72379 -0.997257 0.036612 0.0646688 58.1941
0.0694974 0.0407419 0.996773 31.5673 0.0325353 0.998551 -0.0430829 -1.75711 -0.997075 0.0354237 0.0680696 58.2475
0.072737 0.0429769 0.996444 32.336 0.0304081 0.998519 -0.0452858 -1.78858 -0.99691 0.0335934 0.07132 58.3043
0.0747908 0.0430284 0.996294 33.085 0.0317444 0.998469 -0.0455053 -1.84325 -0.996718 0.0350293 0.0733089 58.3592
0.078118 0.0429097 0.99604 33.8327 0.0307303 0.998503 -0.0454257 -1.8719 -0.996493 0.0341566 0.07668 58.424
0.0793633 0.0428816 0.995947 34.6017 0.0305469 0.998509 -0.0454261 -1.90791 -0.996403 0.0340274 0.0779336 58.5002
0.0862982 0.042865 0.995367 35.3915 0.028676 0.998561 -0.0454886 -1.95762 -0.99588 0.0324682 0.0849423 58.5831
0.0880195 0.0442122 0.995162 36.1663 0.0268426 0.998555 -0.0467371 -1.98839 -0.995782 0.0308257 0.0867039 58.6508
0.0907498 0.0470368 0.994783 36.9223 0.0250026 0.99847 -0.0494917 -2.04829 -0.995583 0.0293629 0.0894323 58.7181
0.0948015 0.0470611 0.994408 37.6829 0.025219 0.998457 -0.0496569 -2.08316 -0.995202 0.0297847 0.0934666 58.789
0.0977126 0.0496017 0.993999 38.4608 0.0204519 0.998455 -0.0518342 -2.128 -0.995028 0.0253934 0.0965446 58.8654
0.0999312 0.0496643 0.993779 39.2456 0.016245 0.998548 -0.0515362 -2.1618 -0.994888 0.0212932 0.0989775 58.9599
0.103256 0.0491138 0.993463 40.0285 0.0174678 0.998545 -0.0511803 -2.2202 -0.994525 0.0226377 0.102245 59.042
0.106172 0.0498603 0.993122 40.8098 0.0178863 0.998494 -0.0520422 -2.26347 -0.994213 0.0232879 0.105118 59.1268
0.109274 0.0499434 0.992777 41.5949 0.0166704 0.998513 -0.0520666 -2.29777 -0.993896 0.022239 0.108276 59.2223
0.113341 0.0486804 0.992388 42.3896 0.0158196 0.998593 -0.0507915 -2.33973 -0.993456 0.0214552 0.11241 59.3149
0.11793 0.0480228 0.991882 43.1822 0.0160808 0.998616 -0.0502605 -2.3961 -0.992916 0.0218769 0.116992 59.4082
0.122082 0.0519465 0.991186 43.973 0.0129337 0.998471 -0.0539214 -2.42688 -0.992462 0.0194018 0.121221 59.52
0.128525 0.0592343 0.989959 44.7647 0.0107631 0.998082 -0.0611174 -2.48448 -0.991673 0.0185095 0.127638 59.6285
0.135525 0.0635215 0.988762 45.5593 0.00918061 0.997829 -0.0653624 -2.53456 -0.990758 0.0179348 0.134646 59.7385
0.141949 0.0664145 0.987668 46.3594 0.00544146 0.997689 -0.06787 -2.59046 -0.989885 0.0150076 0.141256 59.8694
0.149791 0.0654737 0.986574 47.1687 0.00180006 0.997794 -0.0664917 -2.64807 -0.988743 0.0117349 0.14934 60.0002
0.157955 0.0643393 0.985372 48.0063 0.00149095 0.997868 -0.0653938 -2.71876 -0.987471 0.0117975 0.157519 60.129
0.164631 0.06299 0.98437 48.8143 0.000987017 0.997956 -0.0640248 -2.7722 -0.986383 0.0115112 0.16423 60.2678
0.173042 0.0582313 0.983216 49.6302 -0.000901057 0.99827 -0.0589639 -2.82524 -0.984941 0.00931632 0.172792 60.4248
0.180292 0.0523278 0.98225 50.4334 -0.00185168 0.998611 -0.0528597 -2.86336 -0.98364 0.00771054 0.180136 60.5833
0.188324 0.0503029 0.980843 51.2527 -0.00167513 0.998713 -0.0508974 -2.89591 -0.982133 0.0079412 0.188162 60.7358
0.196749 0.052257 0.979091 52.0552 -0.0017823 0.998607 -0.0529407 -2.95094 -0.980482 0.00867025 0.196566 60.8976
0.203845 0.057951 0.977312 52.846 -0.00188735 0.998278 -0.0588002 -2.9967 -0.979029 0.0101407 0.203599 61.0449
0.208267 0.0591396 0.976314 53.619 -0.00198252 0.998205 -0.060043 -3.05239 -0.9781 0.0105685 0.208007 61.2135
0.214249 0.0614855 0.974868 54.3975 -0.00288026 0.998064 -0.062315 -3.10757 -0.976803 0.0105421 0.214007 61.3936
0.219575 0.0612058 0.973707 55.1584 -0.00413035 0.998092 -0.0618074 -3.15462 -0.975618 0.00954875 0.219405 61.5748
0.223985 0.0576168 0.972914 55.9258 -0.00104803 0.998276 -0.058877 -3.20284 -0.97462 0.012167 0.223655 61.7413
0.230005 0.0524938 0.971805 56.6883 0.000190839 0.998554 -0.0539838 -3.2435 -0.973221 0.0126011 0.229659 61.9186
0.233651 0.0460752 0.971255 57.4364 -0.000992273 0.998899 -0.0471476 -3.29468 -0.972349 0.0100513 0.233436 62.1033
0.236665 0.0437671 0.970638 58.2039 -0.00338087 0.999029 -0.0442228 -3.32534 -0.971617 0.0071836 0.23658 62.2941
0.241401 0.0430451 0.969498 58.9441 -0.00427287 0.999064 -0.0432936 -3.37488 -0.970446 0.0063076 0.241355 62.4729
0.243105 0.0440098 0.969034 59.6511 -0.00574452 0.999031 -0.0439311 -3.40799 -0.970015 0.00511256 0.243118 62.6589
0.24562 0.0474085 0.968234 60.3543 -0.00805573 0.99888 -0.0468652 -3.44001 -0.969362 0.00371022 0.245722 62.8498
0.247572 0.0510035 0.967559 61.0375 -0.00916902 0.998705 -0.0502992 -3.48073 -0.968858 0.0035804 0.247715 63.0325
0.249204 0.0550063 0.966915 61.7033 -0.00898478 0.998485 -0.0544863 -3.52898 -0.968439 0.00488964 0.249316 63.2323
0.252178 0.0555463 0.966119 62.3816 -0.00783015 0.998448 -0.0553613 -3.57436 -0.967682 0.00639526 0.252217 63.4121
0.253346 0.0558161 0.965791 63.0637 -0.00818539 0.998433 -0.055555 -3.6024 -0.967371 0.0061682 0.253402 63.5941
0.253772 0.0529983 0.965845 63.7254 -0.00891755 0.998597 -0.0524525 -3.65756 -0.967256 0.00469743 0.253884 63.7744
0.25534 0.0520337 0.965478 64.3702 -0.00992494 0.998651 -0.0511963 -3.69977 -0.966831 0.00348901 0.255507 63.9421
0.253956 0.051866 0.965858 65.0221 -0.009319 0.99866 -0.0511773 -3.73605 -0.967204 0.00399549 0.254095 64.1114
0.251384 0.0510333 0.966569 65.6558 -0.00926152 0.998702 -0.0503207 -3.76671 -0.967873 0.00369671 0.251526 64.283
0.249593 0.0525854 0.966956 66.2902 -0.0122171 0.99863 -0.0511544 -3.80608 -0.968307 0.000953944 0.249889 64.4351
0.245877 0.0550268 0.967766 66.9019 -0.0111255 0.998493 -0.0539468 -3.84078 -0.969267 0.00249618 0.246115 64.6071
0.244503 0.0591404 0.967877 67.4961 -0.0109964 0.998257 -0.0582188 -3.88464 -0.969621 0.00359102 0.244723 64.759
0.242433 0.0595456 0.968368 68.0883 -0.00982918 0.998226 -0.0589202 -3.92112 -0.97015 0.00476462 0.242584 64.9025
0.2398 0.059635 0.969023 68.6976 -0.010446 0.998226 -0.0588472 -3.96492 -0.970801 0.00398866 0.239993 65.0588
0.237886 0.0563665 0.969685 69.2726 -0.0103502 0.998417 -0.0554969 -3.98749 -0.97127 0.0031642 0.238088 65.2063
0.236067 0.0536123 0.970291 69.8346 -0.00982024 0.998571 -0.0527857 -4.02561 -0.971723 0.00293203 0.236252 65.3465
0.233387 0.0522746 0.971007 70.3953 -0.00742809 0.998633 -0.0519759 -4.07385 -0.972388 0.00491652 0.233452 65.4732
0.232075 0.0533518 0.971269 70.9341 -0.00394987 0.998552 -0.0539068 -4.115 -0.972726 0.00867354 0.231946 65.5996
0.229753 0.0547755 0.971735 71.4712 -0.00107495 0.998441 -0.056026 -4.15286 -0.973282 0.0118263 0.229449 65.7206
0.228119 0.0569709 0.972001 72.0357 -0.00256504 0.998331 -0.0579125 -4.17493 -0.973665 0.0107173 0.227882 65.8557
0.227493 0.0606561 0.971918 72.5847 -0.0034755 0.998115 -0.0614767 -4.22835 -0.973807 0.0106065 0.22727 66.0014
0.22574 0.059414 0.97241 73.1387 -0.0022961 0.998181 -0.0604559 -4.26366 -0.97422 0.0114141 0.225463 66.1488
0.225135 0.0573794 0.972665 73.6832 0.00033964 0.998272 -0.0589678 -4.31842 -0.974361 0.013605 0.224722 66.2681
0.227211 0.0558224 0.972281 74.2281 0.00496903 0.99829 -0.0584772 -4.35715 -0.973869 0.0181173 0.226542 66.3895
0.226947 0.0563163 0.972306 74.8021 0.0065888 0.998228 -0.0593547 -4.39789 -0.973919 0.0198757 0.226169 66.5314
0.2287 0.0562308 0.971909 75.3657 0.00488798 0.998266 -0.0589063 -4.4377 -0.973523 0.0182218 0.228025 66.6748
0.234486 0.056835 0.970487 75.9136 0.00274438 0.998259 -0.0591239 -4.47181 -0.97215 0.0165261 0.233917 66.8202
0.240276 0.056206 0.969114 76.4715 0.0032164 0.998285 -0.0586957 -4.52247 -0.970738 0.0172195 0.239679 66.9499
0.247454 0.0561976 0.967299 77.0393 0.00175828 0.998301 -0.0584478 -4.55447 -0.968934 0.016163 0.24693 67.1038
0.255549 0.0553664 0.965249 77.6068 0.00176754 0.998344 -0.0577334 -4.59428 -0.966834 0.0164592 0.255024 67.2609
0.264262 0.0546903 0.96293 78.1821 -0.000453143 0.99841 -0.0565806 -4.63456 -0.964486 0.0145147 0.263862 67.4408
0.272956 0.0550376 0.960491 78.7653 -0.00272496 0.998416 -0.056437 -4.68257 -0.962063 0.012787 0.272669 67.6133
0.281092 0.0578275 0.957969 79.3614 -0.00831582 0.998305 -0.0578217 -4.72794 -0.959681 0.00828594 0.281091 67.8257
0.289479 0.0602909 0.955324 79.9563 -0.0117913 0.998177 -0.0594232 -4.76585 -0.957152 0.00593683 0.289658 68.0181
0.300533 0.0621484 0.951777 80.5497 -0.0144054 0.998069 -0.060622 -4.79766 -0.953699 0.00450726 0.300843 68.2148
0.310627 0.0635458 0.948447 81.1577 -0.0157013 0.997984 -0.0617233 -4.85012 -0.950443 0.00428073 0.310994 68.4224
0.319219 0.0646017 0.94551 81.7722 -0.0169969 0.997917 -0.0624435 -4.88332 -0.947566 0.00386152 0.319646 68.6396
0.328356 0.0645809 0.942386 82.402 -0.0176236 0.997919 -0.0622469 -4.92539 -0.944431 0.00383064 0.328806 68.8767
0.338083 0.0660311 0.938831 83.0396 -0.0210861 0.997831 -0.0625869 -4.96424 -0.940918 0.00136244 0.338736 69.1213
0.349521 0.0632874 0.934831 83.6717 -0.0214859 0.998009 -0.0595321 -5.00219 -0.936724 0.000721773 0.35018 69.3721
0.357971 0.0562233 0.932074 84.3403 -0.0173173 0.998427 -0.0535746 -5.05024 -0.933611 0.0030364 0.358375 69.6409
0.368022 0.0536914 0.928308 85.026 -0.0172007 0.998568 -0.0509368 -5.06273 -0.929701 0.00277812 0.368414 69.9137
0.37833 0.0500787 0.924351 85.712 -0.0156344 0.998753 -0.0477104 -5.09612 -0.925578 0.00359776 0.378635 70.2104
0.3869 0.0505605 0.920778 86.3902 -0.0137679 0.998716 -0.0490559 -5.13831 -0.922062 0.00630225 0.387094 70.4963
0.395196 0.0473125 0.917415 87.0777 -0.00855159 0.998834 -0.0478276 -5.14593 -0.918597 0.011055 0.395132 70.8059
0.403713 0.0374431 0.914163 87.7858 0.00110052 0.999156 -0.0414111 -5.17959 -0.914929 0.0177238 0.403326 71.0991
0.409371 0.0326686 0.911822 88.496 0.00401933 0.9993 -0.0376072 -5.23666 -0.912402 0.0190593 0.408945 71.4252
0.417098 0.0314518 0.908362 89.1967 0.00740316 0.999265 -0.0379995 -5.2565 -0.908877 0.0225737 0.416553 71.7427
0.422798 0.0364482 0.905531 89.9049 0.00891487 0.998991 -0.0443723 -5.29787 -0.906223 0.0268323 0.422038 72.0758
0.429296 0.0400697 0.902319 90.6036 0.0137272 0.998626 -0.0508782 -5.32426 -0.903105 0.0342275 0.42815 72.4098
0.434737 0.0403978 0.899692 91.3104 0.0141308 0.998581 -0.051666 -5.35349 -0.90049 0.0351735 0.433541 72.7562
0.437933 0.0423184 0.898056 92.024 0.0103843 0.998602 -0.052121 -5.38246 -0.898994 0.0321506 0.436875 73.1159
0.44245 0.0446844 0.895722 92.6969 0.00646654 0.998589 -0.0530102 -5.41403 -0.896816 0.0292455 0.441528 73.4653
0.445496 0.0485015 0.894015 93.3912 0.00546468 0.998381 -0.0568874 -5.46964 -0.895314 0.0302279 0.444503 73.8009
0.448864 0.0514334 0.892162 94.0581 0.00334868 0.998255 -0.0592344 -5.51042 -0.89364 0.0295747 0.4479 74.141
0.451858 0.0540357 0.890498 94.7192 0.000742274 0.998157 -0.060946 -5.55897 -0.892137 0.0281993 0.450978 74.4728
0.455128 0.0529251 0.888896 95.4003 0.00131132 0.998208 -0.0601051 -5.60903 -0.890472 0.02852 0.454234 74.8317
0.458229 0.0497461 0.887488 96.0427 0.00247536 0.998374 -0.0572404 -5.66242 -0.888878 0.0284255 0.457354 75.158
0.46141 0.0482396 0.885919 96.6734 0.00182347 0.998484 -0.0553188 -5.70654 -0.887233 0.027139 0.460613 75.4901
0.463166 0.0451769 0.885166 97.2995 0.00378985 0.998606 -0.0529506 -5.74411 -0.886312 0.0278789 0.462342 75.8115
0.46509 0.0471981 0.884049 97.9042 0.00161095 0.998549 -0.0541587 -5.78206 -0.88531 0.0266118 0.46433 76.1384
0.467513 0.0474955 0.882757 98.508 0.00225053 0.998505 -0.054916 -5.83234 -0.884032 0.02766 0.4667 76.4556
0.468901 0.0461924 0.882088 99.1029 0.00404596 0.998527 -0.0544409 -5.87441 -0.883291 0.029095 0.468013 76.7653
0.46882 0.0446183 0.882214 99.6831 0.00678087 0.998529 -0.0541052 -5.92022 -0.883317 0.0313471 0.46782 77.0804
0.469724 0.0449172 0.881716 100.257 0.00582217 0.998543 -0.0539706 -5.9609 -0.882844 0.0304836 0.468768 77.3916
0.469868 0.0447073 0.881651 100.826 0.00786905 0.998482 -0.0548262 -6.0035 -0.882751 0.0326982 0.468795 77.7017
0.471856 0.0458356 0.88053 101.385 0.00712327 0.998435 -0.0557905 -6.04627 -0.881697 0.0325961 0.470781 78.0073
0.474959 0.0451021 0.8789 101.929 0.00829962 0.998429 -0.0557222 -6.08928 -0.880019 0.0337595 0.47383 78.2993
0.477559 0.0443296 0.877527 102.477 0.00997689 0.998406 -0.0558656 -6.14022 -0.878593 0.0354329 0.476346 78.5952
0.47963 0.0427539 0.876478 103.017 0.0129495 0.998375 -0.0557874 -6.17178 -0.877426 0.0381063 0.478289 78.8874
0.482408 0.0418429 0.874993 103.538 0.013953 0.998382 -0.0554365 -6.21841 -0.875886 0.0389505 0.481034 79.1672
0.484986 0.040574 0.87363 104.065 0.0150538 0.998405 -0.0547272 -6.25279 -0.874442 0.0396926 0.483595 79.4597
0.487762 0.0398932 0.872112 104.575 0.0153362 0.998428 -0.0542489 -6.29331 -0.872893 0.0398341 0.486373 79.7481
0.490871 0.0392393 0.870398 105.078 0.016598 0.9984 -0.0543717 -6.33037 -0.871125 0.0411354 0.489426 80.0315
0.493442 0.0405508 0.86888 105.597 0.0155786 0.998359 -0.0554409 -6.37461 -0.869691 0.0408914 0.49199 80.311
0.497246 0.039708 0.866751 106.092 0.01829 0.998268 -0.056227 -6.40706 -0.867469 0.0438106 0.49565 80.6091
0.501116 0.0421294 0.864402 106.581 0.0165468 0.998183 -0.0582424 -6.4398 -0.865274 0.0434879 0.499498 80.899
0.505837 0.047565 0.861368 107.066 0.013458 0.99794 -0.0630109 -6.47735 -0.862577 0.0434646 0.504146 81.1952
0.511013 0.0542303 0.857909 107.553 0.0085647 0.997655 -0.0681656 -6.51683 -0.859582 0.0421798 0.50934 81.5034
0.516473 0.060174 0.854239 108.026 0.00292753 0.997416 -0.0720308 -6.56077 -0.856352 0.039702 0.514953 81.806
0.521848 0.0647128 0.850629 108.528 0.000725979 0.997102 -0.0763014 -6.59426 -0.853091 0.0404337 0.520279 82.1156
0.526727 0.0653266 0.847573 109.007 -0.00235145 0.997169 -0.0753965 -6.64217 -0.850086 0.0377196 0.52538 82.4414
0.531503 0.0646133 0.844639 109.505 -0.0082597 0.997453 -0.0711058 -6.69498 -0.84707 0.0308151 0.530672 82.7814
0.536288 0.0627395 0.841753 110.013 -0.0122078 0.997724 -0.066588 -6.74512 -0.844002 0.0254338 0.535823 83.134
0.542758 0.061195 0.837707 110.516 -0.0176609 0.997972 -0.0614598 -6.78691 -0.839758 0.018562 0.542726 83.4784
0.547676 0.0600203 0.834589 111.038 -0.0190834 0.998079 -0.0592561 -6.83402 -0.836529 0.0165259 0.547758 83.8399
0.553519 0.0629496 0.830505 111.553 -0.0233552 0.997938 -0.0600748 -6.8779 -0.832564 0.0138547 0.553836 84.2049
0.560077 0.0668174 0.825796 112.064 -0.0272682 0.997708 -0.0622344 -6.91412 -0.828048 0.0123378 0.560605 84.5778
0.565916 0.0693847 0.82159 112.587 -0.0290229 0.99753 -0.0642521 -6.9502 -0.824008 0.0125151 0.56652 84.9544
0.572008 0.0714536 0.817185 113.131 -0.0308584 0.997387 -0.0656113 -6.99607 -0.819725 0.0123127 0.572706 85.3544
0.578893 0.0708834 0.81237 113.668 -0.0307173 0.997422 -0.0651412 -7.03273 -0.814882 0.0127546 0.579565 85.752
0.585277 0.0726408 0.807629 114.228 -0.0343336 0.997325 -0.0648228 -7.07198 -0.810165 0.0102103 0.586194 86.1731
0.591568 0.0713346 0.803149 114.79 -0.0346177 0.997426 -0.0630924 -7.12677 -0.80557 0.00951884 0.592502 86.5993
0.600151 0.0693263 0.796934 115.362 -0.0340222 0.997567 -0.0611595 -7.17572 -0.799223 0.00959132 0.601037 87.0452
0.607522 0.0689287 0.791363 115.939 -0.0346805 0.997599 -0.0602686 -7.21965 -0.793606 0.00916812 0.608441 87.4986
0.614704 0.0710292 0.785612 116.523 -0.0378344 0.997466 -0.0605812 -7.24138 -0.787911 0.00751647 0.615821 87.9819
0.621991 0.071644 0.779797 117.112 -0.0391605 0.997425 -0.0604032 -7.27743 -0.782105 0.00703154 0.623182 88.4682
0.628604 0.0723198 0.774415 117.707 -0.0402285 0.997377 -0.0604887 -7.32539 -0.776747 0.00687001 0.629852 88.9662
0.633634 0.0708473 0.770441 118.299 -0.0392987 0.99748 -0.0594049 -7.36927 -0.772696 0.00736208 0.634807 89.4689
0.638021 0.0693727 0.766949 118.91 -0.0380147 0.997577 -0.0586107 -7.42534 -0.769145 0.00823949 0.639098 89.9875
0.640966 0.0673548 0.764667 119.528 -0.0348524 0.997689 -0.0586661 -7.47201 -0.76684 0.0109509 0.641818 90.512
0.645048 0.0645357 0.761475 120.152 -0.0308097 0.997834 -0.0584695 -7.52587 -0.763586 0.0142547 0.645626 91.0327
0.648426 0.0587486 0.759067 120.797 -0.0243052 0.998127 -0.0564887 -7.58007 -0.760953 0.018178 0.648626 91.5615
0.652181 0.0530092 0.756272 121.428 -0.0186061 0.998391 -0.053936 -7.61563 -0.757902 0.0211045 0.652104 92.1067
0.655407 0.0519497 0.753548 122.073 -0.0173208 0.998423 -0.0537669 -7.66744 -0.755143 0.0221855 0.655258 92.6583
0.659095 0.0511461 0.750383 122.715 -0.0163936 0.998445 -0.0536559 -7.70387 -0.751948 0.0230626 0.658895 93.2287
0.661567 0.0519397 0.748147 123.359 -0.0175253 0.998417 -0.0538175 -7.76694 -0.749748 0.0224906 0.661415 93.806
0.666203 0.0553372 0.74378 124.002 -0.0216312 0.998278 -0.0548975 -7.80036 -0.745525 0.0204837 0.66624 94.3935
0.668756 0.0577908 0.741295 124.644 -0.0259295 0.998201 -0.0544267 -7.85607 -0.743096 0.0171751 0.669037 94.9948
0.671808 0.0558734 0.738682 125.292 -0.0267238 0.99835 -0.0512109 -7.91027 -0.740313 0.0146632 0.672179 95.593
0.675552 0.0534482 0.735436 125.946 -0.0280791 0.998531 -0.046776 -7.937 -0.736845 0.0109478 0.676046 96.2249
0.678677 0.0492137 0.732854 126.603 -0.0279746 0.998781 -0.0411659 -7.99335 -0.733974 0.00743694 0.679213 96.8637
0.683759 0.0484687 0.728162 127.262 -0.028484 0.998825 -0.0397378 -8.03817 -0.729221 0.00642876 0.68432 97.4843
0.687999 0.0457483 0.724337 127.921 -0.0246726 0.998929 -0.0396573 -8.08872 -0.725364 0.00941279 0.688377 98.0994
0.693653 0.0421492 0.719143 128.57 -0.0137043 0.9989 -0.0453274 -8.13773 -0.720249 0.0215846 0.693452 98.7027
0.697621 0.0455745 0.715086 129.242 -0.0125141 0.998618 -0.0514371 -8.17359 -0.71643 0.0269347 0.697214 99.373
0.704201 0.0459345 0.708583 129.883 -0.0100023 0.99847 -0.0547863 -8.2288 -0.710002 0.0314915 0.703567 100.003
0.710017 0.0429864 0.702943 130.532 -0.0089676 0.998627 -0.0520109 -8.25436 -0.704202 0.0306246 0.709413 100.662
0.715913 0.038902 0.697176 131.167 -0.00567182 0.998759 -0.0499063 -8.32768 -0.698241 0.0317727 0.71523 101.326
0.721255 0.035992 0.691807 131.829 -0.00187805 0.998767 -0.0500049 -8.37351 -0.692743 0.0347666 0.720419 102.004
0.726583 0.0380108 0.6861 132.446 -0.000335101 0.99851 -0.0549641 -8.43515 -0.687154 0.0397043 0.725498 102.666
0.729266 0.0387522 0.683207 133.077 -0.000312621 0.998434 -0.0562996 -8.47895 -0.684307 0.0408432 0.728123 103.348
0.733019 0.0360573 0.679326 133.697 0.00180105 0.998509 -0.0549425 -8.53084 -0.680282 0.0414954 0.731846 104.024
0.735486 0.0301034 0.676946 134.326 0.00585666 0.998714 -0.0507762 -8.58831 -0.677593 0.0413091 0.734349 104.705
0.736431 0.026867 0.676055 134.971 0.00810961 0.998811 -0.0485277 -8.65078 -0.676543 0.0412178 0.735321 105.401
0.737532 0.0227639 0.675005 135.591 0.011483 0.998885 -0.0462341 -8.701 -0.675295 0.0418495 0.736433 106.087
0.737551 0.0211448 0.675036 136.217 0.0120664 0.998959 -0.0444753 -8.74392 -0.675262 0.0409458 0.736512 106.781
0.736321 0.0213961 0.676373 136.864 0.0109904 0.999012 -0.0435679 -8.78243 -0.676625 0.0395129 0.735342 107.494
0.736313 0.0231039 0.676324 137.482 0.00920786 0.999004 -0.0441514 -8.82877 -0.676659 0.0387339 0.735351 108.179
0.734817 0.0247606 0.677892 138.115 0.00765401 0.99899 -0.0447866 -8.86289 -0.678305 0.038098 0.733868 108.878
0.733127 0.0271745 0.679626 138.732 0.00490931 0.998986 -0.0452397 -8.90951 -0.680154 0.0365002 0.732234 109.563
0.731309 0.0285103 0.68153 139.367 0.00290486 0.999011 -0.0449089 -8.94564 -0.682124 0.0348215 0.730484 110.259
0.729028 0.0305143 0.683881 139.992 -0.000360783 0.999046 -0.0441921 -8.98463 -0.684564 0.0319679 0.728327 110.947
0.726336 0.0298323 0.686771 140.648 -0.00105965 0.999129 -0.0422807 -9.025 -0.687423 0.0299819 0.725716 111.658
0.723773 0.0286807 0.689519 141.254 -0.00149969 0.999222 -0.0399883 -9.07109 -0.690116 0.0279058 0.723236 112.331
0.720914 0.024804 0.69266 141.894 0.00237413 0.99929 -0.0382556 -9.11045 -0.693105 0.0292232 0.720323 113.006
0.718868 0.0270932 0.694695 142.524 0.002186 0.99917 -0.0412295 -9.1728 -0.695223 0.0311545 0.718195 113.655
0.713267 0.0375282 0.699966 143.159 -0.0026958 0.998731 -0.0507997 -9.2053 -0.700972 0.0343463 0.712442 114.336
0.710993 0.0428144 0.701971 143.785 -0.00566406 0.998485 -0.0551622 -9.25822 -0.703256 0.035241 0.710141 114.986
0.707728 0.0410052 0.705374 144.433 -0.00621372 0.998664 -0.0518208 -9.31384 -0.706544 0.0322915 0.707015 115.645
0.703552 0.0384292 0.709681 145.068 -0.00921519 0.998972 -0.0449584 -9.37178 -0.710663 0.0250881 0.703165 116.296
0.699465 0.0369382 0.713791 145.716 -0.0110963 0.999131 -0.0408312 -9.41703 -0.714667 0.0206393 0.699244 116.947
0.69638 0.0370808 0.716792 146.358 -0.0114348 0.999137 -0.0405775 -9.45818 -0.717661 0.0200582 0.696185 117.582
0.69337 0.035735 0.719773 147.016 -0.0109904 0.999204 -0.0390212 -9.49588 -0.720582 0.0191453 0.69319 118.233
0.689537 0.034891 0.723488 147.67 -0.00867094 0.999192 -0.0399227 -9.5459 -0.724278 0.021252 0.689263 118.852
0.686672 0.0344824 0.726227 148.312 -0.00578391 0.999129 -0.0419716 -9.59583 -0.727029 0.0246198 0.686251 119.466
0.682941 0.0351257 0.729707 148.964 -0.00433397 0.999048 -0.0440343 -9.64405 -0.73054 0.0269072 0.682424 120.085
0.678538 0.0351622 0.733801 149.617 -0.00408265 0.999046 -0.0440972 -9.68419 -0.734638 0.0269254 0.678012 120.698
0.675005 0.035997 0.737013 150.287 -0.00557944 0.999057 -0.0436854 -9.72463 -0.737871 0.0253726 0.674551 121.309
0.670004 0.0363118 0.741547 150.953 -0.00605509 0.999065 -0.0434508 -9.78613 -0.742418 0.0246216 0.669574 121.919
0.663747 0.0372497 0.747107 151.619 -0.00696467 0.999052 -0.0436235 -9.81772 -0.748004 0.0237487 0.663358 122.519
0.658391 0.0413884 0.751615 152.284 -0.0095877 0.998895 -0.0466063 -9.86058 -0.752699 0.0234783 0.658039 123.124
0.652365 0.0474661 0.756495 152.953 -0.0128518 0.998615 -0.0515747 -9.90403 -0.757875 0.0239202 0.652052 123.714
0.644741 0.0498231 0.762855 153.642 -0.0140998 0.998508 -0.0532969 -9.94791 -0.764356 0.0236059 0.64446 124.303
0.63883 0.0443907 0.768143 154.357 -0.014006 0.998867 -0.0460761 -10.0019 -0.769299 0.0186733 0.638708 124.897
0.631992 0.0400273 0.77402 155.062 -0.0192085 0.999198 -0.0359878 -10.0271 -0.774822 0.00787602 0.632232 125.504
0.623827 0.0352804 0.780842 155.782 -0.01863 0.999397 -0.0302716 -10.0844 -0.781418 0.00433474 0.624088 126.095
0.617489 0.0363692 0.785817 156.516 -0.0223778 0.999369 -0.0286682 -10.1097 -0.786345 0.000117418 0.617891 126.69
0.608538 0.0382903 0.792675 157.245 -0.022618 0.999295 -0.0309077 -10.1457 -0.793279 0.000877497 0.608955 127.263
0.600587 0.0386578 0.798702 157.991 -0.0166162 0.99925 -0.0358696 -10.1815 -0.799469 0.00827111 0.600757 127.828
0.59413 0.0460143 0.803127 158.735 -0.016473 0.998878 -0.045044 -10.2115 -0.804278 0.0135294 0.594202 128.389
0.586696 0.0484766 0.808431 159.493 -0.0140904 0.998698 -0.0496595 -10.2628 -0.809766 0.0177432 0.586594 128.928
0.578822 0.0445903 0.81431 160.267 -0.011052 0.998871 -0.0468412 -10.3014 -0.815457 0.0181101 0.578642 129.48
0.572216 0.0392624 0.819238 161.039 -0.0071601 0.999086 -0.0428803 -10.3579 -0.820153 0.0186703 0.571953 130.023
0.564087 0.038774 0.824879 161.816 -0.00811439 0.999139 -0.0414169 -10.3971 -0.825752 0.0166665 0.563898 130.553
0.557048 0.0400347 0.82959 162.575 -0.00920007 0.999106 -0.0420374 -10.4457 -0.83051 0.0157841 0.556898 131.071
0.55089 0.0385101 0.833763 163.335 -0.00615755 0.999126 -0.0420801 -10.4814 -0.834631 0.0180447 0.550627 131.569
0.545836 0.0323356 0.837343 164.104 -0.00147899 0.999323 -0.0376263 -10.5408 -0.837971 0.0192989 0.545495 132.06
0.539919 0.030036 0.841255 164.862 -0.00120912 0.999421 -0.0349078 -10.5861 -0.841793 0.0178273 0.539623 132.55
0.536572 0.0289849 0.843432 165.606 -0.00237887 0.99949 -0.0328341 -10.616 -0.843931 0.0156111 0.536348 133.032
0.531775 0.030073 0.846426 166.345 -0.00313397 0.999464 -0.0335422 -10.6623 -0.846957 0.0151815 0.531565 133.507
0.527171 0.0325003 0.849212 167.096 -0.00253479 0.999357 -0.0366725 -10.7044 -0.849835 0.0171798 0.526895 133.97
0.524273 0.0373535 0.850805 167.832 -0.00322496 0.999149 -0.04188 -10.7499 -0.851621 0.0192098 0.523929 134.445
