1 0.000749945 0.00131058 0.00148429 -0.000749668 1 -0.00012295 -0.0321523 -0.00131073 0.000121883 1 1.23349
0.999994 0.00131637 0.00351751 -0.0146091 -0.00131772 0.999999 0.000358142 -0.0532863 -0.00351702 -0.000362743 0.999994 2.47966
0.999992 0.000841546 0.00408716 -0.0112025 -0.000846868 0.999999 0.00131976 -0.0826185 -0.00408613 -0.00132334 0.999992 3.70105
0.999987 0.000532972 0.00523538 -0.017093 -0.000542073 0.999999 0.00169947 -0.106031 -0.00523444 -0.00170224 0.999984 4.92451
0.999985 0.000456002 0.00566154 -0.0140145 -0.000466569 0.999998 0.00189358 -0.126193 -0.00566079 -0.00189643 0.999984 6.13861
0.99998 0.000796613 0.00650572 -0.016114 -0.000802178 0.999999 0.000808444 -0.14585 -0.00650498 -0.000813611 0.999978 7.34156
0.999986 0.000642234 0.00560841 0.00487472 -0.000644933 1 0.000518171 -0.164975 -0.00560803 -0.000522001 0.999987 8.5442
0.999988 6.91635e-06 0.00524901 0.00660604 -1.88482e-05 0.999999 0.00221346 -0.191045 -0.00524882 -0.00221351 0.999984 9.73875
0.999992 -0.000759942 0.00438094 -0.00392146 0.000744866 0.999994 0.00349379 -0.216422 -0.00438347 -0.00349073 0.999988 10.949
0.999998 -0.00211967 0.00234519 -0.0140134 0.00211301 0.999996 0.00274415 -0.230099 -0.00235077 -0.0027392 0.999994 12.1734
1 -0.00144731 0.00024429 -0.0217102 0.00144728 0.999999 0.000990044 -0.226119 -0.00024557 -0.000989884 1.00001 13.3975
1 -0.00147344 -0.00124131 -0.0358061 0.0014751 1 0.00138968 -0.25832 0.00123958 -0.00139158 0.999999 14.6094
1 0.00016275 -0.00141199 -0.0582193 -0.000161226 1 0.000980892 -0.273893 0.00141236 -0.00098087 1.00001 15.8289
0.999999 -1.02474e-05 -0.00288757 -0.0560638 1.25462e-05 1 0.000820861 -0.292429 0.00288784 -0.000820847 0.999998 17.0375
0.999998 -0.00068362 -0.00304667 -0.0725356 0.000689094 0.999999 0.0017428 -0.32549 0.00304559 -0.00174507 1 18.267
0.999997 -0.000895752 -0.00336047 -0.0867423 0.000904448 0.999998 0.0026168 -0.353207 0.00335849 -0.00261972 0.999993 19.4834
0.999998 -0.000203383 -0.00316803 -0.110698 0.000211798 0.999998 0.00263881 -0.381375 0.00316774 -0.0026397 0.999999 20.694
0.999995 0.00015691 -0.00433514 -0.114406 -0.00014545 0.999998 0.00266603 -0.407508 0.00433602 -0.00266543 0.999991 21.9011
0.999985 0.00142053 -0.00601287 -0.117922 -0.00140208 0.999996 0.0030717 -0.42189 0.00601787 -0.00306345 0.999987 23.1135
0.999973 0.00131565 -0.0077269 -0.118691 -0.00129653 0.999997 0.0024987 -0.434844 0.00773067 -0.00248861 0.999971 24.3396
0.99997 0.00156703 -0.00819696 -0.144932 -0.00155384 1 0.00159818 -0.453387 0.00820022 -0.00158574 0.999976 25.5736
0.999965 0.00211976 -0.00857386 -0.171411 -0.00209941 0.999996 0.0023979 -0.470822 0.00857941 -0.00237982 0.999965 26.8096
0.999957 0.00044755 -0.00984482 -0.176929 -0.000406944 0.999995 0.0041124 -0.486898 0.00984734 -0.00410858 0.999957 28.0539
0.999947 -0.00017855 -0.0107474 -0.201633 0.000222742 0.999993 0.00411217 -0.505424 0.0107473 -0.00411435 0.999938 29.2537
0.999935 -0.000453504 -0.0119051 -0.2172 0.000497183 0.999997 0.00365384 -0.522986 0.0119041 -0.00365983 0.999936 30.4758
0.999917 -0.000907529 -0.0132175 -0.233849 0.000937115 0.999998 0.00223369 -0.532365 0.0132163 -0.00224592 0.999915 31.6946
0.999906 -0.000204751 -0.0142078 -0.258003 0.000244139 0.999999 0.00276747 -0.557859 0.014208 -0.00277103 0.999908 32.9019
0.999879 -0.0011645 -0.0158111 -0.274825 0.00121002 0.999997 0.00288106 -0.57173 0.0158085 -0.00289995 0.999877 34.1143
0.999869 -0.00132101 -0.0165721 -0.301765 0.00138601 0.999994 0.00391041 -0.596991 0.0165677 -0.00393316 0.999869 35.3305
0.999833 -0.00137254 -0.0185152 -0.316692 0.00145174 0.999992 0.00428018 -0.618842 0.0185101 -0.00430645 0.999826 36.5468
0.999819 -0.00164252 -0.019396 -0.342552 0.00172402 0.999992 0.00419329 -0.634672 0.0193899 -0.00422627 0.999819 37.7411
0.999797 -0.00249243 -0.0202853 -0.362993 0.00259751 0.999986 0.00516836 -0.655868 0.020273 -0.00522018 0.999787 38.9716
0.999789 -0.00230604 -0.0207971 -0.385983 0.00244059 0.999978 0.00645638 -0.674007 0.0207828 -0.00650608 0.999778 40.1902
0.999763 -0.00202813 -0.021988 -0.404873 0.00219574 0.999971 0.00761552 -0.695031 0.0219728 -0.00766223 0.999737 41.4277
0.999754 -0.00143716 -0.0224914 -0.437131 0.00160338 0.999974 0.00738408 -0.712977 0.0224812 -0.00741866 0.999735 42.6457
0.999748 -0.000550933 -0.0227652 -0.473946 0.000727976 0.999972 0.00778546 -0.73335 0.0227612 -0.00780029 0.999718 43.8646
0.999729 0.00187438 -0.0235838 -0.500007 -0.00164958 0.999956 0.00955856 -0.744023 0.0236017 -0.00951747 0.999693 45.0766
0.99974 0.0026343 -0.0229811 -0.525441 -0.00232142 0.999906 0.0136468 -0.767315 0.0230158 -0.0135903 0.99965 46.2921
0.999763 0.00328309 -0.0219331 -0.554101 -0.00290308 0.999849 0.0173468 -0.78196 0.0219877 -0.0172794 0.999624 47.5158
0.999804 0.00385869 -0.0198879 -0.599057 -0.0034321 0.999765 0.0214497 -0.792114 0.019967 -0.0213777 0.99958 48.7578
0.999814 0.00366937 -0.0194127 -0.621326 -0.00321627 0.999726 0.0233373 -0.792574 0.019494 -0.023271 0.999554 49.9724
0.999837 0.00208925 -0.0185028 -0.646688 -0.001681 0.999757 0.0220624 -0.783985 0.0185456 -0.0220281 0.999594 51.1904
0.999839 0.00377233 -0.0180806 -0.673883 -0.00338346 0.999768 0.0215031 -0.789733 0.0181587 -0.0214389 0.999621 52.4057
0.999883 0.00391845 -0.0155095 -0.74469 -0.00358678 0.999767 0.0213633 -0.787785 0.0155909 -0.0213054 0.99966 53.6136
0.999899 0.00357264 -0.0144209 -0.784392 -0.00327797 0.999791 0.0204242 -0.776509 0.014492 -0.0203754 0.999702 54.848
0.999913 0.00324351 -0.0135535 -0.833393 -0.00299399 0.999827 0.0184014 -0.768341 0.0136122 -0.0183595 0.999748 56.0507
0.9999 0.00361516 -0.0143341 -0.869564 -0.00334197 0.999817 0.0190511 -0.768748 0.0144016 -0.0190018 0.99973 57.2913
0.99987 0.00383963 -0.0163739 -0.890738 -0.003498 0.999778 0.0208553 -0.771935 0.0164517 -0.0207957 0.999658 58.4808
0.999858 0.00327862 -0.0170651 -0.926807 -0.0029209 0.999781 0.020957 -0.769062 0.0171313 -0.0209046 0.999651 59.7095
0.999837 0.00427785 -0.0181569 -0.955316 -0.00390577 0.999784 0.0204888 -0.762367 0.0182421 -0.020415 0.999636 60.9595
0.999807 0.00523959 -0.0194569 -0.978516 -0.00482223 0.999763 0.0214433 -0.770865 0.0195657 -0.0213458 0.999597 62.1639
0.999804 0.00357859 -0.0200774 -1.00632 -0.00316696 0.999787 0.020504 -0.7656 0.020148 -0.0204369 0.999599 63.3895
0.999789 0.00231004 -0.0209303 -1.03192 -0.00190945 0.999821 0.0191414 -0.75948 0.0209718 -0.0190977 0.999616 64.6078
0.999769 0.00151167 -0.0220029 -1.06046 -0.00107848 0.999807 0.0196905 -0.749328 0.02203 -0.0196626 0.999575 65.8276
0.999757 0.00104765 -0.0224918 -1.10161 -0.000571337 0.99978 0.0211756 -0.748836 0.0225101 -0.021158 0.999541 67.0213
0.999769 0.00229411 -0.0219569 -1.14423 -0.00187333 0.999817 0.0191674 -0.742319 0.0219985 -0.0191225 0.999588 68.2512
0.999746 0.00393827 -0.0226724 -1.17083 -0.0035405 0.999843 0.0175624 -0.733341 0.0227392 -0.017478 0.999608 69.4727
0.999743 0.00596866 -0.0224657 -1.21976 -0.00557317 0.999832 0.0176247 -0.730965 0.0225687 -0.0174956 0.999605 70.6884
0.999711 0.00781695 -0.0232524 -1.24873 -0.00740706 0.99982 0.0176646 -0.730218 0.0233875 -0.0174875 0.999594 71.8952
0.999709 0.00908807 -0.0229307 -1.291 -0.00861948 0.999757 0.0204501 -0.759777 0.0231126 -0.0202471 0.999541 73.1047
0.999745 0.00777743 -0.0217925 -1.33196 -0.00726184 0.999698 0.0236409 -0.784984 0.021971 -0.023477 0.999503 74.3241
0.999776 0.0101685 -0.0193481 -1.37447 -0.0096864 0.999648 0.0248524 -0.783519 0.0195955 -0.0246601 0.999518 75.5208
0.999818 0.00876535 -0.0176667 -1.39451 -0.00835733 0.999703 0.0230428 -0.785776 0.0178645 -0.0228913 0.999599 76.7302
0.999869 0.00572746 -0.0160581 -1.40864 -0.00544239 0.999833 0.0177421 -0.781002 0.0161584 -0.017653 0.999728 77.9389
0.999881 0.0066175 -0.0148458 -1.42217 -0.00634452 0.999816 0.0183589 -0.784597 0.0149657 -0.018263 0.999743 79.1294
0.999921 0.00525149 -0.0126221 -1.43567 -0.00497998 0.999762 0.0214608 -0.779354 0.0127334 -0.0213968 0.999706 80.3208
0.999962 0.00657143 -0.00779684 -1.46828 -0.00639443 0.999728 0.0225344 -0.779114 0.0079443 -0.022484 0.999737 81.502
0.999965 0.00879862 -0.00422644 -1.46827 -0.00871489 0.999779 0.0194484 -0.760105 0.00439815 -0.0194114 0.999819 82.7027
0.999971 0.00926495 -0.00112337 -1.46946 -0.00924658 0.999841 0.0155367 -0.755174 0.00126861 -0.0155263 0.999903 83.8841
0.999979 0.00793855 0.00267172 -1.47364 -0.00797099 0.999898 0.0123304 -0.760506 -0.00257199 -0.0123521 0.99994 85.0573
0.999974 0.00667334 0.00607473 -1.4695 -0.00674293 0.999915 0.0114566 -0.769891 -0.00599623 -0.0114976 0.999942 86.2372
0.999951 0.00537458 0.00990899 -1.46789 -0.00550372 0.999905 0.0130399 -0.775158 -0.00983644 -0.0130945 0.999886 87.404
0.9999 0.00661547 0.0138187 -1.46063 -0.00680546 0.999886 0.0137284 -0.787198 -0.0137248 -0.0138215 0.999838 88.5924
0.999884 0.00549894 0.0152479 -1.42411 -0.00567211 0.999926 0.0113258 -0.790718 -0.0151831 -0.0114117 0.999841 89.7605
0.999853 0.00555814 0.0173107 -1.39747 -0.00571889 0.999946 0.00922159 -0.805807 -0.0172571 -0.00931964 0.99984 90.9196
0.999797 0.0056618 0.0201962 -1.37993 -0.00586502 0.999939 0.0100092 -0.822775 -0.020137 -0.0101262 0.999768 92.0853
0.99976 0.00451352 0.022314 -1.35009 -0.00476517 0.999931 0.0112105 -0.824692 -0.0222604 -0.0113146 0.999721 93.2556
0.999722 0.00398482 0.0239264 -1.30956 -0.0042866 0.999918 0.0125625 -0.828314 -0.023873 -0.0126621 0.999657 94.4342
0.999702 0.00212532 0.0251268 -1.26713 -0.00248823 0.999899 0.0143918 -0.838151 -0.0250921 -0.0144506 0.999615 95.6021
0.999546 0.00041668 0.0306944 -1.27831 -0.00087765 0.999893 0.014989 -0.835286 -0.0306835 -0.0150097 0.99944 96.768
0.999522 -0.000130449 0.0315894 -1.23236 -0.000298409 0.999914 0.0135502 -0.852787 -0.0315864 -0.0135539 0.999447 97.9363
0.999477 -0.00180144 0.0328576 -1.1934 0.00148453 0.99996 0.00964706 -0.85358 -0.0328722 -0.00959374 0.999439 99.1205
0.999474 -0.000958145 0.0330783 -1.1441 0.000722711 0.999981 0.00710893 -0.865381 -0.0330823 -0.00708204 0.999466 100.298
0.999459 -0.00197098 0.0333866 -1.09499 0.00179593 0.999992 0.00525342 -0.857987 -0.033395 -0.00519105 0.999455 101.486
0.999499 -0.000581147 0.0323465 -1.05742 0.00038969 0.999989 0.00590559 -0.856425 -0.0323471 -0.00589082 0.999498 102.625
0.99961 -0.00168614 0.0283956 -0.968715 0.00147109 0.999978 0.00758091 -0.873948 -0.0284056 -0.00753689 0.99959 103.827
0.999695 -0.00312327 0.0253702 -0.889735 0.00289534 0.999963 0.00899126 -0.884317 -0.0253947 -0.00891584 0.999676 105.044
0.999768 -0.00382266 0.0217472 -0.847897 0.0036114 0.999954 0.00972593 -0.896707 -0.021781 -0.00964589 0.999736 106.242
0.999849 -0.00398636 0.0182487 -0.816839 0.00380174 0.999949 0.0101098 -0.90785 -0.0182852 -0.0100396 0.999822 107.466
0.99992 -0.00495357 0.0126277 -0.809915 0.00483852 0.999956 0.00908412 -0.911452 -0.0126693 -0.00902303 0.9999 108.639
0.999992 -0.00314817 0.0072106 -0.797165 0.00308298 0.999962 0.00893514 -0.924196 -0.00723535 -0.00891353 0.999974 109.845
1 -0.00378823 0.00194909 -0.769431 0.0037703 0.999962 0.00882237 -0.932759 -0.00197931 -0.00881579 0.99998 111.108
1.00002 -0.00267753 -0.00200523 -0.786466 0.00269741 0.99995 0.0103766 -0.947719 0.00198074 -0.0103828 0.999986 112.352
0.999984 -0.0029836 -0.00673698 -0.825362 0.00305657 0.999943 0.0109334 -0.95325 0.00670728 -0.0109545 0.999938 113.558
0.999951 -0.0025724 -0.0119339 -0.847883 0.00270266 0.999944 0.0109656 -0.952547 0.0119089 -0.0109979 0.999912 114.787
0.999855 0.000150263 -0.0176911 -0.879106 6.97723e-05 0.99993 0.0124642 -0.949563 0.0176951 -0.0124644 0.999786 116.014
0.999729 0.000925371 -0.0244262 -0.951881 -0.000593582 0.999916 0.0136025 -0.970836 0.024441 -0.0135849 0.99965 117.185
0.999567 0.00083071 -0.0297927 -1.00675 -0.000400333 0.999904 0.0144696 -0.999988 0.0298052 -0.0144521 0.999473 118.515
0.999429 0.000837111 -0.034605 -1.07085 -0.000348682 0.999909 0.0141304 -1.01794 0.0346181 -0.0141109 0.999343 119.801
0.999288 0.00241105 -0.0379509 -1.12227 -0.00182568 0.999888 0.0154651 -1.03885 0.0379873 -0.0153856 0.999182 121.078
0.999165 0.00336074 -0.0414766 -1.17091 -0.00272183 0.999885 0.0154646 -1.05814 0.0415282 -0.0153394 0.999064 122.303
0.999178 0.00432942 -0.0406682 -1.26169 -0.00370878 0.999885 0.0153485 -1.06324 0.0407334 -0.0151858 0.999079 123.559
0.999169 0.00650476 -0.0410036 -1.33896 -0.00588363 0.999874 0.0152623 -1.06005 0.0411022 -0.0150089 0.999087 124.85
0.999147 0.0082953 -0.0408133 -1.4288 -0.00763829 0.999849 0.0162512 -1.05718 0.0409453 -0.0159264 0.99906 126.13
0.99925 0.00815364 -0.0386356 -1.53894 -0.00749454 0.999833 0.0171863 -1.06646 0.0387735 -0.0168845 0.999149 127.373
0.999212 0.0127303 -0.037975 -1.63224 -0.0120014 0.99975 0.0193862 -1.06586 0.0382157 -0.0189161 0.999116 128.649
0.999157 0.0137797 -0.0394584 -1.67669 -0.0129 0.999673 0.0224762 -1.06103 0.0397593 -0.0219488 0.999012 129.905
0.999126 0.0121403 -0.0403578 -1.75016 -0.0112783 0.999715 0.0215439 -1.03808 0.0406113 -0.0210707 0.998979 131.204
0.999114 0.0117584 -0.0411843 -1.81719 -0.010965 0.999759 0.0194518 -1.02199 0.0414072 -0.0189836 0.999006 132.508
0.999043 0.00813735 -0.0433307 -1.86742 -0.00729141 0.999791 0.019671 -1.00249 0.0434852 -0.0193371 0.998892 133.806
0.998945 0.00561239 -0.0462688 -1.91112 -0.00463993 0.999775 0.0211104 -0.994623 0.046381 -0.0208742 0.998751 135.086
0.998871 0.00171181 -0.0478127 -1.96521 -0.000653086 0.999764 0.0221797 -0.980493 0.0478429 -0.0221244 0.998637 136.367
0.998861 -0.000495994 -0.0483625 -2.03251 0.00158643 0.999753 0.0225271 -0.965496 0.0483435 -0.022579 0.998621 137.639
0.998847 -0.00453741 -0.0481432 -2.09978 0.00553982 0.99978 0.0207423 -0.960927 0.0480421 -0.020986 0.998651 138.93
0.998766 -0.00748405 -0.0497576 -2.15383 0.00848304 0.999775 0.0199124 -0.957838 0.0496014 -0.0203108 0.998609 140.229
0.998675 -0.00867763 -0.0510589 -2.20679 0.00971151 0.999761 0.0200689 -0.957951 0.0508761 -0.0205391 0.99852 141.51
0.998655 -0.00875433 -0.0517486 -2.26839 0.00981448 0.999756 0.0202858 -0.949467 0.0515622 -0.0207672 0.998501 142.79
0.998586 -0.0087359 -0.0527713 -2.32675 0.00987948 0.999731 0.0214811 -0.92966 0.0525729 -0.021973 0.998404 144.079
0.998575 -0.00629406 -0.0536373 -2.38696 0.00749838 0.999734 0.0222996 -0.912491 0.0534866 -0.0226709 0.998359 145.369
0.998643 -0.0059819 -0.0521108 -2.48072 0.00703695 0.999783 0.0201213 -0.898638 0.0519827 -0.0204615 0.998468 146.665
0.998587 -0.0054538 -0.0534966 -2.5333 0.00643234 0.999826 0.0181543 -0.892155 0.0533922 -0.0184737 0.998452 147.941
0.998575 -0.00565309 -0.0534136 -2.61009 0.00646554 0.999875 0.015081 -0.886257 0.0533253 -0.0154056 0.998489 149.261
0.998617 -0.00707397 -0.0527679 -2.69239 0.00765122 0.999925 0.0107622 -0.889584 0.0526916 -0.0111521 0.998599 150.545
0.998617 -0.00731011 -0.0524379 -2.77267 0.00771016 0.999953 0.00746243 -0.902274 0.0523844 -0.00785708 0.998628 151.844
0.998634 -0.00743603 -0.0523824 -2.8537 0.0077987 0.999958 0.0067404 -0.921528 0.052334 -0.00714074 0.998654 153.136
0.998616 -0.00697183 -0.0525011 -2.92796 0.0074116 0.999949 0.00822037 -0.951423 0.0524446 -0.00859886 0.998618 154.396
0.998586 -0.00614775 -0.053442 -3.00319 0.00665121 0.999946 0.00926477 -0.972866 0.0533859 -0.00960812 0.998579 155.702
0.998569 -0.00532451 -0.0535794 -3.0768 0.00590189 0.999937 0.0106591 -0.988362 0.0535228 -0.0109609 0.998539 156.975
0.998503 -0.00500598 -0.0551002 -3.14101 0.00561994 0.999934 0.0110082 -0.994024 0.0550452 -0.0113024 0.998472 158.26
0.998379 -0.00479991 -0.0570525 -3.20239 0.00541891 0.99994 0.0107292 -1.00497 0.057001 -0.0110218 0.998346 159.523
0.998317 -0.00372403 -0.0584791 -3.27525 0.00442735 0.99993 0.0119165 -1.0257 0.0584345 -0.0121563 0.998271 160.788
0.998174 -0.00392879 -0.0605947 -3.34561 0.00476537 0.999906 0.0136965 -1.04677 0.0605386 -0.0139611 0.998101 162.107
0.998204 -0.00332623 -0.0603925 -3.4538 0.00418804 0.999901 0.0141646 -1.05819 0.0603433 -0.0143931 0.998127 163.448
0.998038 -0.00278923 -0.0628357 -3.51476 0.00362084 0.999917 0.0131491 -1.06362 0.0627975 -0.0133516 0.997967 164.705
0.998076 -0.0026019 -0.0625212 -3.61878 0.0033828 0.999927 0.0124017 -1.07783 0.0624883 -0.0125903 0.998022 165.983
0.997992 -0.00173741 -0.0636065 -3.69971 0.00255656 0.999925 0.0128237 -1.092 0.0635833 -0.0129613 0.997924 167.242
0.997908 -0.00222152 -0.0651409 -3.78383 0.00299731 0.999936 0.0118269 -1.09824 0.0651143 -0.0119984 0.997861 168.567
0.997887 -0.00164983 -0.0652587 -3.88717 0.00235755 0.99995 0.0107918 -1.10689 0.0652415 -0.0109237 0.997842 169.844
0.997726 -0.000975775 -0.0679176 -3.95871 0.00180631 0.999935 0.0121811 -1.12862 0.0679049 -0.0122771 0.997673 171.127
0.997669 -1.29559e-06 -0.0685373 -4.06007 0.000965493 0.999911 0.0140558 -1.1434 0.0685352 -0.0140901 0.997582 172.409
0.997516 0.000469395 -0.0709547 -4.13881 0.000558014 0.999906 0.0144732 -1.14544 0.0709589 -0.0144778 0.997432 173.684
0.997367 0.00114635 -0.0727917 -4.23525 -9.22577e-05 0.999906 0.0145018 -1.1444 0.0728054 -0.0144577 0.997274 174.957
0.997328 0.0022821 -0.0735173 -4.34551 -0.00117517 0.999896 0.0151085 -1.15168 0.0735484 -0.0149828 0.997236 176.217
0.997344 0.00252303 -0.0730773 -4.47306 -0.00145765 0.999903 0.0146472 -1.16283 0.0731111 -0.0145025 0.997252 177.505
0.997268 0.00349401 -0.0742819 -4.57091 -0.00247135 0.999912 0.013867 -1.16242 0.074328 -0.0136466 0.997199 178.791
0.997255 0.00408193 -0.0742118 -4.68981 -0.00304358 0.999907 0.014117 -1.16501 0.0742665 -0.0138531 0.997176 180.074
0.997339 0.00389488 -0.0733257 -4.81271 -0.00295646 0.999924 0.0129145 -1.17097 0.0733747 -0.0126644 0.997283 181.366
0.997304 0.00250938 -0.0736273 -4.9157 -0.00162021 0.999937 0.0121543 -1.18709 0.0736572 -0.012003 0.997245 182.639
0.997229 -0.000477046 -0.0748985 -5.00245 0.00143849 0.999928 0.0127935 -1.20004 0.0748912 -0.0128669 0.997169 183.914
0.997077 4.44339e-06 -0.0766801 -5.08895 0.00130928 0.999865 0.0171018 -1.2103 0.0766737 -0.0171532 0.996942 185.222
0.997078 -0.000829645 -0.0768644 -5.19134 0.00248789 0.999776 0.0214902 -1.21205 0.0768337 -0.0216196 0.996868 186.516
0.997038 0.000504737 -0.0771923 -5.29398 0.00109642 0.999796 0.0207171 -1.20731 0.0771911 -0.0207412 0.996834 187.772
0.997069 0.00231072 -0.0769573 -5.40443 -0.000966027 0.999856 0.0175166 -1.20526 0.0769907 -0.017392 0.996941 189.034
0.996993 0.00223819 -0.0777293 -5.50682 -0.00101455 0.999886 0.0157977 -1.20938 0.07776 -0.0156721 0.996883 190.276
0.997068 0.00300761 -0.0769509 -5.6232 -0.0018312 0.999891 0.015364 -1.20502 0.0769929 -0.0151791 0.996978 191.528
0.997089 0.00434538 -0.0764086 -5.7325 -0.00313783 0.999879 0.0159336 -1.1983 0.0764729 -0.0156482 0.996984 192.776
0.99721 0.00482424 -0.0750122 -5.84994 -0.00351282 0.99985 0.0176134 -1.19868 0.07509 -0.0173019 0.997089 194.04
0.997256 0.00532476 -0.0741394 -5.95816 -0.00399499 0.99984 0.0180892 -1.19406 0.0742282 -0.0177443 0.997119 195.326
0.997306 0.00674848 -0.0735522 -6.04983 -0.00559186 0.999865 0.0159281 -1.17216 0.0736544 -0.0154752 0.997223 196.574
0.997414 0.0060393 -0.0719543 -6.14684 -0.00506853 0.999904 0.0136846 -1.17063 0.0720346 -0.0132852 0.99735 197.814
0.997528 0.00609637 -0.0705534 -6.241 -0.00522789 0.999917 0.0124972 -1.18167 0.0706282 -0.0120988 0.997489 199.055
0.997579 0.00528712 -0.069687 -6.32841 -0.00443614 0.999923 0.0123803 -1.19355 0.0697516 -0.0120419 0.997528 200.296
0.997646 0.00559164 -0.0689001 -6.41358 -0.00470344 0.999913 0.013054 -1.2042 0.0689712 -0.0127006 0.997599 201.526
0.997769 0.00542002 -0.0669003 -6.51115 -0.00441876 0.999886 0.0151248 -1.21328 0.0669792 -0.0147963 0.997682 202.748
0.997831 0.00668108 -0.0660708 -6.60101 -0.00562697 0.999863 0.0161337 -1.22493 0.0661736 -0.0157282 0.997745 203.969
0.997796 0.00709282 -0.0663588 -6.67965 -0.0060199 0.999857 0.0163728 -1.23017 0.0664704 -0.0159381 0.997699 205.174
0.997761 0.00715688 -0.0670692 -6.75088 -0.00607663 0.999858 0.0163024 -1.23362 0.0671805 -0.0158596 0.997676 206.398
0.997887 0.00679285 -0.0650037 -6.86936 -0.00570406 0.999851 0.0169401 -1.24792 0.065114 -0.0165344 0.99778 207.586
0.997981 0.00703981 -0.0636702 -6.96713 -0.00596284 0.999845 0.0170955 -1.25667 0.0637848 -0.0166828 0.997882 208.799
0.998074 0.00715691 -0.0620418 -7.06639 -0.00610231 0.999843 0.0171919 -1.26017 0.0621601 -0.0167809 0.997965 210.003
0.998144 0.00502072 -0.0612515 -7.15337 -0.00398781 0.999858 0.0169792 -1.26426 0.061332 -0.0167049 0.998036 211.179
0.998059 0.00524325 -0.062478 -7.21164 -0.00410278 0.999832 0.0183869 -1.27531 0.0625689 -0.0180958 0.997918 212.324
0.99803 0.00446606 -0.0631314 -7.28707 -0.00323412 0.999813 0.0196082 -1.28149 0.063211 -0.0193668 0.997871 213.488
0.997972 0.00432233 -0.0639291 -7.37013 -0.00308217 0.999815 0.0195022 -1.28468 0.0640066 -0.0192666 0.997805 214.646
0.997929 0.00509093 -0.0646971 -7.44256 -0.00384874 0.999817 0.0193123 -1.29638 0.0647875 -0.0190247 0.997777 215.743
0.99791 0.00505985 -0.0648342 -7.5281 -0.00385851 0.999829 0.0186573 -1.30051 0.0649225 -0.018369 0.997763 216.844
0.997867 0.00547675 -0.0656146 -7.60362 -0.00422437 0.999817 0.0192122 -1.31127 0.0657119 -0.0188953 0.997718 217.921
0.997775 0.00521063 -0.0668762 -7.68236 -0.0039344 0.999818 0.0192185 -1.31529 0.0669693 -0.0189137 0.997617 218.995
0.997616 0.00508486 -0.069374 -7.75325 -0.00366786 0.999793 0.0205374 -1.32095 0.0694676 -0.0202352 0.997441 220.054
0.997429 0.00458028 -0.0719023 -7.82682 -0.00296156 0.999751 0.0226309 -1.32598 0.0719934 -0.0223609 0.997196 221.093
0.997277 0.00608497 -0.0740441 -7.91702 -0.00426604 0.999696 0.0247003 -1.32442 0.0741757 -0.0243184 0.997013 222.19
0.996834 0.0062603 -0.0796376 -7.9496 -0.00432516 0.999702 0.0244745 -1.31838 0.0797728 -0.0240537 0.996566 223.153
0.996432 0.00674554 -0.0846085 -8.00975 -0.00487756 0.99975 0.0222664 -1.29039 0.0847414 -0.0217756 0.99623 224.215
0.996071 0.00656838 -0.0886601 -8.089 -0.00469261 0.999771 0.0213731 -1.2725 0.088786 -0.0208742 0.995875 225.2
0.995859 0.0073565 -0.091067 -8.18855 -0.00529431 0.999735 0.0228661 -1.2922 0.0912149 -0.0222905 0.995648 226.144
0.995559 0.00762127 -0.0941595 -8.28112 -0.00552814 0.999742 0.0224927 -1.29336 0.0943124 -0.0218735 0.995348 227.073
0.995191 0.00749252 -0.0980832 -8.36905 -0.00542693 0.999768 0.0213097 -1.2854 0.098224 -0.0206762 0.995016 227.98
0.995007 0.00784384 -0.099818 -8.48349 -0.00582065 0.999782 0.0205656 -1.28728 0.0999634 -0.0198831 0.994838 228.859
0.994857 0.00903739 -0.101295 -8.59887 -0.00699717 0.999776 0.0204804 -1.29216 0.101462 -0.0196676 0.994711 229.727
0.994558 0.00911642 -0.104087 -8.69709 -0.00705579 0.999781 0.0201704 -1.30048 0.104254 -0.0193274 0.994408 230.563
0.994358 0.0107363 -0.105918 -8.80407 -0.00860416 0.999761 0.0205677 -1.30778 0.106117 -0.0195416 0.994228 231.396
0.994314 0.0116913 -0.106147 -8.90169 -0.00949645 0.999741 0.0211798 -1.31029 0.106373 -0.0200525 0.99417 232.192
0.9944 0.0115944 -0.105432 -8.99868 -0.0092754 0.999715 0.0224592 -1.31566 0.105666 -0.0213568 0.99424 232.98
0.994468 0.0117302 -0.104696 -9.08806 -0.00934142 0.999696 0.0232986 -1.31941 0.104944 -0.0221929 0.994277 233.736
0.994535 0.0122736 -0.104075 -9.17505 -0.00998399 0.999708 0.0224914 -1.31411 0.104325 -0.0213307 0.994382 234.488
0.994593 0.0121636 -0.103467 -9.26025 -0.0100256 0.999737 0.0211803 -1.32259 0.103704 -0.0200297 0.994454 235.223
0.994669 0.0122866 -0.102787 -9.3376 -0.0103492 0.99977 0.0193615 -1.32516 0.103005 -0.0181958 0.994585 235.961
0.994771 0.0124273 -0.101707 -9.41716 -0.0106796 0.999797 0.0177312 -1.32291 0.101913 -0.0165534 0.994704 236.684
0.99495 0.0129191 -0.0999415 -9.49981 -0.0112164 0.999794 0.0175806 -1.32636 0.100152 -0.0163721 0.994906 237.412
0.995203 0.012867 -0.0973363 -9.5858 -0.0112623 0.999803 0.0170398 -1.32115 0.0975425 -0.0158629 0.995154 238.149
0.995402 0.0141668 -0.0951463 -9.66085 -0.0127351 0.999808 0.015636 -1.30432 0.0953534 -0.0143537 0.995408 238.866
0.995483 0.0145367 -0.0942212 -9.71987 -0.0132089 0.999816 0.014723 -1.2973 0.0944242 -0.013413 0.995493 239.585
0.995515 0.0133308 -0.0940883 -9.76353 -0.0120935 0.999845 0.0137064 -1.29588 0.0942602 -0.0125084 0.995536 240.307
0.995672 0.0133583 -0.0923727 -9.81696 -0.0120182 0.999827 0.0150724 -1.31054 0.0925642 -0.0138981 0.99566 241.022
0.995832 0.0123442 -0.0908139 -9.86277 -0.0108901 0.999817 0.016488 -1.32278 0.0910047 -0.0154316 0.9958 241.729
0.995989 0.0112629 -0.0891879 -9.91057 -0.00964475 0.999794 0.0185814 -1.34896 0.0893849 -0.017648 0.995892 242.436
0.996298 0.0111118 -0.0857261 -9.97868 -0.00958951 0.999802 0.0181477 -1.34484 0.0859148 -0.0172599 0.996221 243.145
0.996478 0.010749 -0.0836304 -10.0298 -0.0094116 0.999834 0.0163997 -1.3301 0.0837988 -0.0155561 0.996414 243.842
0.996643 0.00995828 -0.0817677 -10.0776 -0.00873953 0.999857 0.0152491 -1.32386 0.0819119 -0.0144847 0.996604 244.549
0.996908 0.0109139 -0.0783306 -10.1423 -0.00993176 0.99988 0.0129482 -1.31156 0.0784684 -0.0121313 0.996897 245.239
0.997027 0.0102661 -0.0769174 -10.1853 -0.00938979 0.999899 0.0117454 -1.30878 0.0770344 -0.0109897 0.997036 245.96
0.997116 0.0105831 -0.0756991 -10.2267 -0.0096522 0.999886 0.0126829 -1.31282 0.0758306 -0.0119168 0.997104 246.665
0.997285 0.0107511 -0.0734263 -10.281 -0.00976367 0.999869 0.0137938 -1.3198 0.073569 -0.0130408 0.997275 247.371
0.997429 0.00999664 -0.0715513 -10.3305 -0.00901742 0.999874 0.0140291 -1.32689 0.0716884 -0.0133489 0.997393 248.093
0.997623 0.00960464 -0.0688429 -10.3866 -0.00881089 0.999903 0.0118243 -1.32644 0.0689539 -0.0111912 0.997625 248.808
0.997755 0.00995286 -0.0668624 -10.4403 -0.00933829 0.999923 0.00953381 -1.32836 0.066958 -0.00888904 0.997771 249.526
0.997847 0.00822829 -0.0657134 -10.4903 -0.00768691 0.999946 0.00849051 -1.33412 0.0657839 -0.00796856 0.997871 250.249
0.997839 0.00897092 -0.0657284 -10.5382 -0.00852345 0.99995 0.00712215 -1.33206 0.0657951 -0.00654746 0.997866 250.98
0.997832 0.00734161 -0.066047 -10.5833 -0.00692326 0.999966 0.00656433 -1.33608 0.0660971 -0.00609436 0.997864 251.715
0.997842 0.0085847 -0.0657558 -10.6364 -0.00819936 0.99996 0.00616328 -1.33936 0.0658123 -0.00561185 0.997871 252.465
0.997806 0.00854443 -0.0663024 -10.6852 -0.00817367 0.99996 0.00586392 -1.34415 0.0663542 -0.00531076 0.99785 253.21
0.997811 0.00783984 -0.0663101 -10.7346 -0.00760693 0.999975 0.00380043 -1.3477 0.0663446 -0.00328877 0.997846 253.966
0.997839 0.00353687 -0.0662577 -10.7788 -0.00347015 1 0.00113002 -1.35066 0.0662662 -0.000899358 0.99787 254.724
0.997882 0.00037588 -0.0657254 -10.8272 -0.000397425 1.00001 -0.000270696 -1.3519 0.0657323 0.000294985 0.997894 255.5
0.997904 0.00377998 -0.0652683 -10.8818 -0.00357047 1 0.00333544 -1.35029 0.0652849 -0.00309712 0.997931 256.28
0.997921 0.00790339 -0.0646827 -10.9431 -0.00726123 0.999935 0.010198 -1.37013 0.0647654 -0.00970872 0.997909 257.09
0.997916 0.00637064 -0.0648641 -10.985 -0.0053759 0.999876 0.0155106 -1.40167 0.0649588 -0.0151313 0.997843 257.888
0.99804 0.00534911 -0.0631065 -11.0334 -0.00450415 0.999911 0.0135677 -1.40626 0.0631798 -0.0132584 0.99797 258.677
0.998357 0.00620549 -0.0576959 -11.1008 -0.0057633 0.999964 0.00783992 -1.41087 0.0577463 -0.00749636 0.998374 259.467
0.998603 0.00810963 -0.0531135 -11.1619 -0.00793913 0.999977 0.00346959 -1.40714 0.0531466 -0.00304444 0.998639 260.284
0.998768 0.00943507 -0.0495766 -11.2132 -0.00923727 0.999961 0.00422359 -1.41903 0.0496186 -0.00376217 0.998833 261.117
0.998982 0.00819061 -0.0454341 -11.2665 -0.00791948 0.999965 0.00620314 -1.42444 0.0454893 -0.00583842 0.999006 261.963
0.999183 -0.0010108 -0.0414336 -11.3219 0.0014151 0.999965 0.00974675 -1.46173 0.0414263 -0.00979923 0.999166 262.805
0.999269 -0.00313793 -0.0393623 -11.3478 0.00358917 0.999943 0.0114731 -1.46855 0.0393298 -0.0116074 0.999218 263.655
0.999411 -0.00266965 -0.0354424 -11.3933 0.00310296 0.999934 0.012201 -1.4746 0.0354115 -0.0123057 0.999371 264.499
0.999506 -0.000329599 -0.0329968 -11.4288 0.000689346 0.999956 0.0109718 -1.48471 0.0329973 -0.0109905 0.999458 265.345
0.999534 3.45959e-05 -0.0319108 -11.4443 0.00024972 0.999974 0.00892272 -1.49127 0.0319145 -0.00892861 0.999523 266.189
0.999636 0.00103265 -0.0288183 -11.4861 -0.00079336 0.99998 0.00841318 -1.48667 0.028832 -0.00838855 0.999612 267.022
0.999705 0.0023091 -0.0259117 -11.5091 -0.00207563 0.999972 0.00904977 -1.47581 0.0259363 -0.00899546 0.999697 267.89
0.999806 0.0047964 -0.0217012 -11.549 -0.00457888 0.999953 0.0101968 -1.47959 0.0217546 -0.0100967 0.999776 268.733
0.999837 0.00546438 -0.0195841 -11.5624 -0.00527344 0.999952 0.00980907 -1.48328 0.0196412 -0.00970633 0.999834 269.616
0.999911 0.00561064 -0.0160091 -11.5895 -0.0054762 0.999964 0.0086128 -1.48212 0.0160623 -0.00852555 0.9999 270.478
0.99994 0.00421281 -0.0137891 -11.5964 -0.00411613 0.999982 0.0070654 -1.47391 0.0138231 -0.00701036 0.999955 271.355
0.999978 0.00154217 -0.0123754 -11.6016 -0.00146426 0.999994 0.00655031 -1.46623 0.0123909 -0.0065332 0.999968 272.215
0.999969 -0.00018921 -0.012309 -11.6037 0.000265608 0.999996 0.00625471 -1.47313 0.0123123 -0.00625988 0.999978 273.076
0.999966 -0.0011008 -0.0133457 -11.5976 0.00116736 1 0.00522453 -1.46955 0.0133455 -0.00524109 0.999963 273.956
0.999969 -0.00167941 -0.0122617 -11.6193 0.00172736 1.00001 0.00396066 -1.46702 0.0122596 -0.00398384 0.999992 274.831
0.999987 -0.00148739 -0.0117319 -11.6432 0.00153 1.00001 0.00389344 -1.47046 0.0117318 -0.00391255 0.999989 275.709
0.999995 -0.00120812 -0.0101121 -11.686 0.00123572 1.00001 0.00279293 -1.46928 0.0101133 -0.00280754 1.00002 276.584
1 -0.0011203 -0.0104112 -11.7146 0.00113595 1.00001 0.00180612 -1.48039 0.0104148 -0.00181912 1.00001 277.44
0.999972 -0.00102037 -0.0122067 -11.7267 0.00102116 1.00002 0.000117939 -1.48901 0.012211 -0.000132531 1 278.307
0.999928 -0.000272349 -0.0161415 -11.7216 0.000254153 1.00002 -0.000944082 -1.49894 0.0161475 0.000938601 0.999937 279.178
0.999907 0.000578529 -0.0167468 -11.7511 -0.000594111 1.00002 -0.000889102 -1.52021 0.0167509 0.000896873 0.999938 280.037
0.999906 0.00237392 -0.0173313 -11.797 -0.00239365 1.00001 -0.000949458 -1.53346 0.0173348 0.000989538 0.999917 280.865
0.999831 0.00244829 -0.0207448 -11.805 -0.00243558 1.00002 0.000671463 -1.56262 0.020751 -0.000622867 0.999871 281.74
0.999776 0.00272216 -0.023743 -11.8258 -0.00272868 1.00001 -0.000113645 -1.55196 0.0237488 0.000177124 0.999787 282.617
0.999676 0.00258854 -0.0272753 -11.8618 -0.00256428 1.00002 0.000954812 -1.54628 0.0272824 -0.000886566 0.999715 283.468
0.999519 0.00171322 -0.0328861 -11.883 -0.00164919 1.00001 0.00206799 -1.55698 0.0328962 -0.0020141 0.999526 284.331
0.999275 0.00165118 -0.0393474 -11.904 -0.00155198 1.00002 0.00257218 -1.56389 0.0393563 -0.0025112 0.999311 285.164
0.999034 0.00249431 -0.0452199 -11.9343 -0.00241073 1.00001 0.00196943 -1.56389 0.0452316 -0.00185985 0.999045 286.006
0.998747 0.001163 -0.0510682 -11.9648 -0.00095854 1.00001 0.00404508 -1.59823 0.0510773 -0.00399303 0.998776 286.836
0.998567 0.00060689 -0.0546452 -12.0294 -0.000405759 1.00001 0.00374965 -1.60524 0.0546546 -0.00372351 0.99857 287.629
0.998315 0.000898573 -0.0589145 -12.0779 -0.000705659 1.00001 0.00331099 -1.61558 0.0589221 -0.00326574 0.998347 288.428
0.998053 0.00156192 -0.0633359 -12.1276 -0.00137954 1.00001 0.00297296 -1.62572 0.0633482 -0.00288114 0.998059 289.2
0.997844 0.00309614 -0.0663798 -12.1887 -0.00287319 1.00001 0.0034655 -1.63946 0.066395 -0.00326914 0.997879 289.952
0.997609 0.00305102 -0.0699499 -12.2496 -0.00285041 1.00001 0.00301013 -1.64575 0.0699667 -0.00280491 0.997619 290.68
0.997311 0.00101666 -0.0740379 -12.3141 -0.000832089 1.00002 0.00253513 -1.66426 0.0740457 -0.00246854 0.99734 291.386
0.996947 0.00225619 -0.0788596 -12.3791 -0.0022187 1.00002 0.000601413 -1.6698 0.0788693 -0.000425986 0.996959 292.074
0.996416 0.00461847 -0.0851246 -12.4487 -0.00484269 1 -0.0024198 -1.66638 0.0851176 0.00282147 0.996456 292.755
0.995657 0.00482266 -0.0936682 -12.526 -0.00523032 0.999996 -0.00407401 -1.68797 0.0936555 0.00454467 0.99567 293.392
0.994639 0.00391264 -0.103897 -12.6086 -0.00446413 0.999993 -0.00507061 -1.70326 0.10388 0.00550517 0.994667 294.03
0.993341 0.00400107 -0.115706 -12.7247 -0.00476444 0.999985 -0.00629442 -1.69232 0.115687 0.0068021 0.993338 294.62
0.991281 0.00524035 -0.132104 -12.8365 -0.005991 0.999985 -0.00527934 -1.71371 0.132078 0.00602267 0.991315 295.223
0.988477 0.00778249 -0.151603 -12.9628 -0.00853459 0.999972 -0.00429246 -1.73069 0.151574 0.00553516 0.988507 295.813
0.985076 0.00916745 -0.172222 -13.1514 -0.0100317 0.999958 -0.00414487 -1.7468 0.17218 0.0058087 0.985143 296.374
0.98081 0.0101532 -0.195042 -13.3643 -0.0111709 0.999947 -0.00410404 -1.76024 0.195 0.00620239 0.980863 296.946
0.975559 0.0110423 -0.219734 -13.5676 -0.0122196 0.999935 -0.00399828 -1.75809 0.219678 0.00658376 0.975646 297.439
0.968974 0.0111797 -0.247183 -13.7957 -0.0123201 0.999937 -0.00305573 -1.75839 0.247143 0.00600445 0.969042 297.953
0.959809 0.011409 -0.28065 -13.9714 -0.0121472 0.999944 -0.00089027 -1.77416 0.280626 0.00426188 0.959908 298.446
0.94911 0.0123595 -0.314914 -14.1522 -0.0125253 0.999939 0.00150594 -1.78672 0.314924 0.00251317 0.949199 298.868
0.936122 0.0135035 -0.351601 -14.3671 -0.0128305 0.999928 0.00424506 -1.80196 0.351634 0.000535655 0.93624 299.349
0.921374 0.0148256 -0.388567 -14.6063 -0.0130646 0.999908 0.00718086 -1.81317 0.38865 -0.00154193 0.921474 299.787
0.904905 0.0150757 -0.425502 -14.8822 -0.0121355 0.999899 0.00962109 -1.82563 0.425605 -0.00354403 0.905007 300.206
0.885786 0.0143327 -0.464017 -15.1434 -0.0101524 0.999901 0.0115123 -1.82979 0.464148 -0.00548897 0.885836 300.607
0.863009 0.0138351 -0.505111 -15.4244 -0.00801699 0.999894 0.0136914 -1.85815 0.505246 -0.0077678 0.863039 301.082
0.837528 0.0137893 -0.546341 -15.7483 -0.00615935 0.999876 0.0158001 -1.88704 0.546504 -0.00987052 0.837501 301.533
0.809499 0.0134123 -0.587069 -16.0779 -0.00369319 0.999855 0.0177524 -1.90592 0.58722 -0.012204 0.809441 301.92
0.77822 0.0132636 -0.627956 -16.403 -0.00100141 0.999821 0.0198818 -1.91388 0.62812 -0.0148462 0.778087 302.262
0.744586 0.0145218 -0.66746 -16.8069 -0.000727624 0.9998 0.0209427 -1.9208 0.667627 -0.0151095 0.744456 302.6
0.708362 0.0143431 -0.705795 -17.2226 0.000791059 0.999797 0.0211159 -1.92762 0.705968 -0.0155187 0.708199 302.891
0.66945 0.0128105 -0.742831 -17.6513 0.00588886 0.999748 0.0225502 -1.91601 0.742928 -0.0194722 0.669213 303.102
0.626162 0.011166 -0.779692 -18.0895 0.0128526 0.999632 0.0246411 -1.89327 0.779696 -0.0254533 0.625782 303.312
0.579018 0.011021 -0.815316 -18.5318 0.017617 0.999527 0.0260243 -1.87244 0.81521 -0.0294336 0.578555 303.468
0.529707 0.0150456 -0.84812 -18.96 0.0158018 0.999513 0.0276037 -1.85364 0.848137 -0.0280268 0.529207 303.555
0.478911 0.0212642 -0.877677 -19.4411 0.0106414 0.999511 0.0300244 -1.84152 0.877882 -0.0237202 0.478455 303.629
0.426405 0.0250358 -0.904254 -19.8845 0.00702016 0.999514 0.0309866 -1.82682 0.904606 -0.0195639 0.426018 303.649
0.373381 0.0263064 -0.927374 -20.3903 0.00648117 0.999517 0.0309641 -1.80587 0.927738 -0.017573 0.373032 303.634
0.32073 0.0279923 -0.946822 -20.8501 0.00827855 0.999461 0.0323556 -1.785 0.947233 -0.0182187 0.320322 303.574
0.266054 0.0294504 -0.963573 -21.2605 0.00917921 0.999426 0.0330825 -1.75612 0.96399 -0.0176476 0.265633 303.545
0.209582 0.0326645 -0.977308 -21.7287 0.0112222 0.999315 0.0358091 -1.73201 0.977823 -0.0184757 0.209069 303.511
0.149942 0.035522 -0.988121 -22.1211 0.0131759 0.99921 0.0379219 -1.71895 0.988682 -0.0187063 0.149356 303.47
0.0893004 0.0394094 -0.995289 -22.5795 0.0122533 0.999119 0.0406628 -1.70798 0.996025 -0.0158299 0.0887375 303.385
0.0244826 0.0448254 -0.998761 -23.0298 0.0139104 0.998901 0.0451748 -1.68819 0.999679 -0.0149999 0.0238302 303.333
-0.0413792 0.0516906 -0.997871 -23.4535 0.0152343 0.998599 0.0510987 -1.67701 0.999122 -0.0130906 -0.0421084 303.248
-0.108188 0.057429 -0.992537 -23.9404 0.0173223 0.998306 0.055877 -1.6405 0.994056 -0.0111482 -0.109003 303.139
-0.17456 0.0633289 -0.982677 -24.3828 0.0193109 0.99798 0.0608868 -1.61631 0.984555 -0.00835125 -0.175428 303.003
-0.239546 0.0696352 -0.968453 -24.8346 0.0229791 0.997571 0.0660476 -1.60378 0.97069 -0.00643315 -0.240568 302.835
-0.303471 0.0722511 -0.950169 -25.2838 0.0263052 0.997398 0.067443 -1.56089 0.952577 -0.00453017 -0.304579 302.646
-0.366105 0.0752623 -0.927598 -25.7531 0.0302703 0.997179 0.0689638 -1.54113 0.930161 -0.002831 -0.367356 302.436
-0.423267 0.0763786 -0.902857 -26.189 0.0342409 0.997099 0.0683012 -1.51999 0.905461 -0.00200762 -0.424649 302.153
-0.477972 0.0758925 -0.875168 -26.6354 0.0367348 0.997136 0.0664099 -1.47865 0.87769 -0.000407322 -0.479398 301.85
-0.52936 0.0757702 -0.845093 -27.1044 0.038968 0.997146 0.0649968 -1.44015 0.847611 0.00147256 -0.530794 301.516
-0.575848 0.075141 -0.814179 -27.5545 0.0404059 0.997187 0.0634566 -1.3988 0.816644 0.00364355 -0.577272 301.163
-0.616212 0.0748708 -0.784108 -28.0168 0.0409781 0.997191 0.0630168 -1.35596 0.78663 0.00669794 -0.617542 300.76
-0.653348 0.077503 -0.753168 -28.4717 0.0447509 0.996982 0.0637761 -1.31353 0.755826 0.00796268 -0.654852 300.333
-0.688821 0.0846456 -0.72008 -28.9011 0.0528997 0.996404 0.0665288 -1.28275 0.723125 0.00773255 -0.690811 299.869
-0.724282 0.0876808 -0.684004 -29.3587 0.0568943 0.996121 0.0674499 -1.22539 0.687253 0.00993646 -0.726469 299.364
-0.757114 0.0883424 -0.647406 -29.8076 0.0586667 0.996028 0.0673116 -1.18005 0.650783 0.0129798 -0.759278 298.814
-0.787518 0.0851767 -0.610488 -30.2371 0.058916 0.996296 0.0630104 -1.13851 0.613579 0.0136544 -0.789628 298.241
-0.813507 0.083509 -0.575668 -30.6009 0.0608971 0.996451 0.0584992 -1.11572 0.578512 0.0125315 -0.815692 297.629
-0.837903 0.0792169 -0.540167 -30.9941 0.0601045 0.996812 0.0529575 -1.07818 0.542626 0.0119069 -0.839999 296.951
-0.859991 0.0769155 -0.50464 -31.3701 0.0606385 0.996997 0.0486281 -1.04392 0.506867 0.0112176 -0.862058 296.244
-0.8797 0.0758573 -0.469588 -31.7071 0.0606213 0.997054 0.0475074 -1.01492 0.471796 0.0133252 -0.881713 295.52
-0.89824 0.0726718 -0.433646 -32.0475 0.0583395 0.997246 0.0462877 -0.991309 0.435817 0.0162771 -0.89999 294.704
-0.915171 0.0723195 -0.396699 -32.3575 0.0597055 0.997267 0.0440759 -0.953628 0.398792 0.0166517 -0.916994 293.899
-0.931078 0.0749034 -0.35729 -32.6679 0.0632282 0.99704 0.0442657 -0.929381 0.359548 0.0186226 -0.93304 293.057
-0.944432 0.0786 -0.319387 -32.9286 0.0681525 0.99674 0.0437766 -0.902836 0.321776 0.019577 -0.946717 292.198
-0.955608 0.0807678 -0.283659 -33.1409 0.0705484 0.996467 0.0460768 -0.883704 0.286378 0.0240181 -0.957912 291.277
-0.965171 0.0840197 -0.248034 -33.3442 0.0745528 0.996119 0.0473348 -0.865321 0.251039 0.0271946 -0.967697 290.313
-0.972054 0.084394 -0.219496 -33.3431 0.0762877 0.996086 0.0451673 -0.815999 0.222447 0.0271585 -0.974668 289.406
-0.979053 0.0825678 -0.186462 -33.5205 0.0764229 0.996303 0.0399181 -0.7693 0.18906 0.0248323 -0.981751 288.362
-0.984845 0.0807959 -0.1541 -33.6653 0.0761197 0.996472 0.0360231 -0.73869 0.156465 0.0237455 -0.9875 287.312
-0.989011 0.080154 -0.124757 -33.74 0.0764003 0.996505 0.0345951 -0.705732 0.127086 0.0246838 -0.991684 286.261
-0.992536 0.0794491 -0.0935833 -33.838 0.0765485 0.996504 0.0342034 -0.683294 0.0959705 0.0267827 -0.995126 285.177
-0.994881 0.0796839 -0.0631846 -33.9349 0.0778004 0.996491 0.0317302 -0.647435 0.065485 0.0266524 -0.997597 284.002
-0.996393 0.0787442 -0.0346332 -34.0017 0.0777062 0.996538 0.0303896 -0.618466 0.0369027 0.0275869 -0.999042 282.842
-0.997121 0.0757004 -0.0122933 -33.9625 0.0752956 0.996721 0.030592 -0.589767 0.0145635 0.0295788 -0.999556 281.712
-0.997299 0.0739429 0.0113525 -33.943 0.0742605 0.996795 0.0306001 -0.561704 -0.00905758 0.0313585 -0.999572 280.533
-0.996997 0.0717042 0.0313899 -33.8901 0.0726202 0.996965 0.0290794 -0.538276 -0.0292138 0.0312722 -0.999183 279.315
-0.996682 0.0673347 0.0478506 -33.8148 0.0686825 0.997296 0.0270806 -0.526208 -0.0459022 0.0302754 -0.998592 278.097
-0.996286 0.0623379 0.0604933 -33.7351 0.0639843 0.997651 0.0256553 -0.503034 -0.0587556 0.0294311 -0.997938 276.859
