1 0 0 0 0 1 0 0 0 0 1 0
0.999999 -0.00100032 -0.00165061 -0.00127561 0.00100016 1 -5.58369e-05 -0.00805352 0.00165061 5.42451e-05 1 0.561665
0.999998 -0.00126353 -0.00214201 -0.00361533 0.00126241 0.999999 -0.000504082 -0.0102363 0.00214258 0.000501394 0.999998 1.11547
0.999992 -0.00139792 -0.00422749 -0.00854047 0.00139227 0.999999 -0.00132471 -0.00856666 0.00422921 0.00131887 0.999992 1.67236
0.999975 -0.0024087 -0.0069486 -0.00710716 0.0023901 0.999994 -0.00267826 -0.020331 0.00695495 0.0026617 0.999973 2.23862
0.999965 -0.00392846 -0.00766353 -0.00573434 0.00389919 0.999986 -0.00382331 -0.0418148 0.00767834 0.00379332 0.999965 2.80031
0.999943 -0.00511067 -0.00956581 -0.0120536 0.00506857 0.999978 -0.00441337 -0.0533895 0.00958807 0.00436473 0.999945 3.37992
0.999942 -0.00501408 -0.00971107 -0.0184587 0.00497245 0.999979 -0.00430239 -0.0616324 0.00973233 0.00425391 0.999945 3.94671
0.99993 -0.00477722 -0.0110052 -0.0285641 0.0047217 0.999976 -0.00506242 -0.0823719 0.011029 0.00501028 0.999928 4.53438
0.999927 -0.00449229 -0.0113818 -0.0369242 0.00441331 0.999967 -0.00694919 -0.0835808 0.0114125 0.0068985 0.999913 5.13667
0.999912 -0.00405769 -0.0127905 -0.0481532 0.00392123 0.999936 -0.0106761 -0.0927013 0.0128328 0.0106252 0.999863 5.74086
0.999908 -0.00365912 -0.0132493 -0.0691154 0.00347806 0.999901 -0.0136592 -0.102283 0.0132979 0.013612 0.99982 6.35204
0.999914 -0.00214067 -0.0131483 -0.0797831 0.00196667 0.999911 -0.0132307 -0.119623 0.0131753 0.0132039 0.999828 6.96754
0.999895 -0.000243112 -0.0146747 -0.102455 0.000134373 0.999974 -0.00740149 -0.11883 0.0146759 0.00739871 0.999867 7.61804
0.999895 0.000496834 -0.0146682 -0.11549 -0.000465594 0.999998 0.00212993 -0.11969 0.0146691 -0.00212282 0.999892 8.28195
0.999877 0.00156244 -0.0157569 -0.146085 -0.00142849 0.999964 0.0085158 -0.121822 0.0157693 -0.00849217 0.999842 8.96636
0.99987 0.00202389 -0.0161625 -0.162741 -0.00190469 0.999972 0.0073856 -0.142888 0.0161768 -0.00735378 0.999844 9.64557
0.99986 0.00540863 -0.0160071 -0.174174 -0.00538981 0.999986 0.00122515 -0.153156 0.0160132 -0.00113869 0.999873 10.3221
0.999838 0.00581882 -0.0172295 -0.188479 -0.00590296 0.999972 -0.0048368 -0.171561 0.0172006 0.00493773 0.999842 11.0512
0.999838 0.00453691 -0.0176083 -0.194629 -0.00460428 0.999984 -0.00377987 -0.186583 0.0175905 0.00386031 0.99984 11.7698
0.999831 0.00283903 -0.0183312 -0.221051 -0.00274582 0.999984 0.00510254 -0.189505 0.0183451 -0.00505124 0.999822 12.5485
0.99985 0.00219733 -0.017346 -0.223651 -0.00201249 0.999943 0.0106783 -0.196125 0.0173681 -0.0106418 0.999795 13.3272
0.999834 0.0020489 -0.0182663 -0.242086 -0.00180643 0.999911 0.0132757 -0.199843 0.0182915 -0.0132404 0.999748 14.132
0.999847 -9.90344e-05 -0.0177072 -0.267499 0.000327245 0.999919 0.0129009 -0.205491 0.0177041 -0.0129048 0.999763 14.9429
0.999875 0.000739747 -0.0159952 -0.268942 -0.000574996 0.999948 0.0102966 -0.218318 0.0160016 -0.010286 0.999822 15.7484
0.999872 0.00202085 -0.0161043 -0.28515 -0.00190809 0.999976 0.00702568 -0.191419 0.0161175 -0.00699399 0.999849 16.6134
0.99991 1.05797e-05 -0.0136791 -0.286039 2.89451e-05 0.999997 0.00289824 -0.203272 0.0136785 -0.00289858 0.999906 17.4632
0.999912 -0.00273577 -0.013246 -0.299558 0.00269501 0.999995 -0.00308371 -0.222409 0.0132537 0.00304785 0.999911 18.3492
0.999948 -0.00109024 -0.010379 -0.290653 0.00100937 0.99997 -0.00779351 -0.238725 0.0103866 0.0077825 0.99992 19.2318
0.999952 -0.000187494 -0.0101853 -0.297863 9.75301e-05 0.999964 -0.00881306 -0.242885 0.0101859 0.00881173 0.999913 20.156
0.999961 -0.000347736 -0.00916825 -0.308416 0.00026566 0.999961 -0.00895138 -0.244548 0.00917035 0.00894852 0.999922 21.0951
0.999977 0.000433067 -0.00734699 -0.312857 -0.000503185 0.999958 -0.00952424 -0.260858 0.00734187 0.00952783 0.999932 22.0189
0.999964 0.00413683 -0.00778996 -0.326439 -0.00422566 0.999928 -0.0114134 -0.288532 0.0077416 0.0114458 0.999909 22.9737
0.999956 0.00796603 -0.00570987 -0.335792 -0.00803997 0.999886 -0.0130189 -0.3008 0.00560483 0.0130643 0.999903 23.9278
0.999929 0.0108004 -0.00563479 -0.344939 -0.0108686 0.999868 -0.0121923 -0.330919 0.00550172 0.0122526 0.999914 24.9127
0.999928 0.0115973 -0.00431848 -0.351837 -0.0116456 0.999872 -0.0112894 -0.339349 0.00418639 0.0113389 0.999931 25.9011
0.999924 0.0118665 -0.00434885 -0.355017 -0.011913 0.999872 -0.0108024 -0.361533 0.00421948 0.0108532 0.999937 26.8783
0.99991 0.0130659 -0.00448535 -0.361856 -0.0131096 0.999869 -0.00980489 -0.393408 0.00435611 0.0098629 0.999947 27.8819
0.999916 0.0126011 -0.00391978 -0.375834 -0.0126335 0.999887 -0.00833979 -0.404675 0.00381364 0.00838851 0.999962 28.8904
0.999906 0.0133215 -0.0044858 -0.394045 -0.0133529 0.99989 -0.00697937 -0.418882 0.0043919 0.00703871 0.99997 29.916
0.999925 0.0119593 -0.00393792 -0.409848 -0.0119906 0.999898 -0.00799604 -0.418554 0.00384139 0.00804253 0.999965 30.9416
0.999908 0.012657 -0.00571134 -0.435249 -0.0127155 0.99987 -0.0102912 -0.41942 0.00557992 0.0103629 0.999936 31.9788
0.999926 0.0109176 -0.00604275 -0.449804 -0.0109779 0.999892 -0.0100071 -0.414826 0.00593255 0.0100727 0.999937 33.0075
0.999944 0.00920566 -0.00617217 -0.45929 -0.00925245 0.999933 -0.00756572 -0.420876 0.00610181 0.00762232 0.999958 34.0566
0.999931 0.00926636 -0.00786674 -0.478968 -0.00929454 0.999953 -0.00355891 -0.445675 0.0078331 0.00363154 0.999969 35.1036
0.999943 0.00863498 -0.00713244 -0.496197 -0.00864354 0.999967 -0.00114324 -0.462986 0.00712202 0.00120476 0.99998 36.1485
0.999943 0.00816173 -0.00748291 -0.511642 -0.00814986 0.999968 0.00160799 -0.465661 0.0074955 -0.00154706 0.999978 37.2152
0.999949 0.00875461 -0.00615479 -0.537677 -0.0087418 0.999964 0.00214527 -0.468241 0.00617307 -0.00209137 0.999985 38.2695
0.999945 0.00823715 -0.00714882 -0.548776 -0.00822644 0.999968 0.00151812 -0.46323 0.00716081 -0.00145944 0.99998 39.3277
0.999939 0.00847186 -0.00785507 -0.560744 -0.00845098 0.999965 0.00272643 -0.468521 0.00787761 -0.00265995 0.999972 40.4062
0.999948 0.00899949 -0.00575025 -0.583611 -0.00897304 0.999952 0.00460394 -0.493817 0.00579108 -0.00455233 0.99998 41.4783
0.999927 0.00991499 -0.00790265 -0.599954 -0.00987384 0.999941 0.00526171 -0.502976 0.00795386 -0.00518326 0.999963 42.5661
0.999911 0.0121683 -0.00635773 -0.611847 -0.0121346 0.999915 0.00531112 -0.519407 0.00642138 -0.00523374 0.999973 43.6287
0.999872 0.0150099 -0.00668992 -0.616553 -0.0149945 0.999888 0.00238975 -0.528803 0.00672448 -0.00228911 0.999983 44.7329
0.999844 0.017179 -0.00547083 -0.629252 -0.0171739 0.999855 0.000964198 -0.544901 0.0054861 -0.000870306 0.999992 45.8047
0.999822 0.0182457 -0.00622025 -0.644565 -0.0182386 0.999837 0.00121716 -0.552255 0.00624089 -0.0011035 0.999988 46.8762
0.999827 0.0182372 -0.00511126 -0.654719 -0.0182161 0.999828 0.00413941 -0.576775 0.00518533 -0.00404582 0.999986 47.9533
0.999815 0.0193832 -0.00317386 -0.667286 -0.0193637 0.999798 0.00608597 -0.59266 0.00329072 -0.00602333 0.999985 49.0331
0.999838 0.0180985 -0.0029022 -0.67148 -0.0180807 0.999822 0.00597644 -0.629013 0.00300919 -0.00592319 0.999985 50.1326
0.999839 0.0182067 -0.00236112 -0.680612 -0.0181915 0.999817 0.0063653 -0.633868 0.00247608 -0.00632144 0.999986 51.1994
0.99986 0.0170547 -0.00176743 -0.690576 -0.0170466 0.999848 0.00442149 -0.653164 0.0018419 -0.00439101 0.999996 52.3058
0.999848 0.0178162 -0.0010682 -0.702431 -0.0178135 0.999842 0.00260047 -0.641582 0.00111385 -0.00258129 1.00001 53.3925
0.999855 0.0174264 0.000461783 -0.705386 -0.0174275 0.999848 0.00275213 -0.645278 -0.000414428 -0.00276003 1.00001 54.4656
0.999892 0.0152788 4.09298e-07 -0.712638 -0.0152789 0.999887 0.000227775 -0.648314 2.52094e-06 -0.000228006 1.00001 55.5491
0.999915 0.013473 0.00195027 -0.703512 -0.0134684 0.999911 -0.00221474 -0.647387 -0.00198059 0.00218798 1 56.5943
0.999937 0.011996 0.00126244 -0.699253 -0.0119961 0.999933 -2.87976e-05 -0.655383 -0.00126304 1.33339e-05 1.00001 57.6793
0.999947 0.0107597 0.00306615 -0.700461 -0.0107758 0.999931 0.00536227 -0.664442 -0.00300893 -0.00539515 0.999991 58.7398
0.999966 0.0088549 0.0031314 -0.703744 -0.0088884 0.999908 0.0107789 -0.672034 -0.00303599 -0.0108067 0.999948 59.7789
0.999983 0.00618638 0.00400453 -0.704758 -0.00623875 0.999896 0.013278 -0.656429 -0.00392263 -0.013303 0.999915 60.8546
0.999988 0.00489668 0.00438654 -0.703697 -0.00495041 0.999917 0.0122814 -0.656738 -0.00432625 -0.0123032 0.999926 61.8526
0.999997 0.00327528 0.00407252 -0.694168 -0.00331391 0.999953 0.00955674 -0.648247 -0.00404152 -0.00957027 0.999957 62.9298
0.999987 0.004798 0.00503791 -0.696656 -0.00484305 0.999954 0.0089097 -0.639362 -0.00499457 -0.00893417 0.999958 64.0008
0.999988 0.00490725 0.00477913 -0.69163 -0.00493806 0.999973 0.0064339 -0.626853 -0.00474744 -0.00645706 0.99998 65.0711
0.999971 0.00716596 0.00552692 -0.69452 -0.00720982 0.999947 0.00788705 -0.615649 -0.0054697 -0.00792658 0.999964 66.1457
0.999929 0.0102957 0.00759158 -0.700591 -0.0103863 0.999881 0.0120077 -0.607322 -0.00746683 -0.0120855 0.999912 67.2229
0.99992 0.0113059 0.00741156 -0.699921 -0.0114251 0.999808 0.0161949 -0.601272 -0.00722645 -0.0162781 0.999852 68.3043
0.999912 0.0107916 0.00910137 -0.69752 -0.0109613 0.999771 0.0188088 -0.592759 -0.00889588 -0.0189067 0.999795 69.3764
0.999916 0.0103022 0.0093106 -0.690453 -0.0104999 0.99972 0.0214029 -0.570912 -0.00908688 -0.0214985 0.999738 70.4392
0.999928 0.00900652 0.00931135 -0.685135 -0.00921687 0.999705 0.0228076 -0.562079 -0.00910267 -0.0228916 0.99971 71.4817
0.999949 0.0071876 0.00866861 -0.678064 -0.00742397 0.999599 0.0275023 -0.545933 -0.00846677 -0.0275648 0.999595 72.5728
0.99996 0.00558948 0.00858804 -0.672646 -0.00585226 0.999514 0.0308866 -0.523645 -0.00841075 -0.0309354 0.999501 73.6318
0.999959 0.00472716 0.00924325 -0.667679 -0.00502055 0.999483 0.0319245 -0.501579 -0.00908681 -0.0319693 0.999459 74.7039
0.999974 0.00503405 0.00725046 -0.663093 -0.00525985 0.999499 0.0314699 -0.485684 -0.00708792 -0.031507 0.999494 75.7659
0.999962 0.00620244 0.00793603 -0.66465 -0.00644608 0.999505 0.0309872 -0.463442 -0.00773915 -0.0310368 0.9995 76.8183
0.999964 0.007085 0.00687232 -0.665778 -0.00731038 0.999424 0.0333512 -0.442047 -0.0066316 -0.0334 0.999436 77.8599
0.999961 0.00791592 0.00652796 -0.668912 -0.00815924 0.99925 0.038038 -0.434732 -0.00622118 -0.0380893 0.999268 78.9213
0.999943 0.00879909 0.00802011 -0.667222 -0.00911751 0.999144 0.0405947 -0.405019 -0.00765551 -0.0406651 0.999161 79.9914
0.999948 0.00973551 0.00650713 -0.67171 -0.00999706 0.999103 0.0413804 -0.383234 -0.00609763 -0.0414426 0.999137 81.0511
0.999932 0.0109308 0.00669222 -0.670564 -0.0111904 0.999143 0.0400825 -0.346403 -0.00624785 -0.0401543 0.999192 82.0445
0.999938 0.0109402 0.00611285 -0.668197 -0.011175 0.999156 0.039747 -0.308671 -0.00567203 -0.0398123 0.999206 83.0214
0.999934 0.0106718 0.00682057 -0.668245 -0.0109349 0.999156 0.0398143 -0.275176 -0.00638936 -0.039886 0.999201 83.988
0.99996 0.00932781 0.00553163 -0.663942 -0.00955053 0.999099 0.0416077 -0.233851 -0.00513759 -0.0416581 0.999135 85.0044
0.99997 0.00765426 0.00545306 -0.661447 -0.00788913 0.998988 0.0444778 -0.209849 -0.00510637 -0.0445191 0.999013 85.9661
0.999979 0.00674377 0.00576002 -0.66435 -0.00700866 0.998872 0.0471881 -0.175837 -0.00543441 -0.0472267 0.998886 86.9327
0.999985 0.00599353 0.00484296 -0.664561 -0.00622451 0.998778 0.0492125 -0.154275 -0.00454146 -0.0492414 0.998794 87.853
0.999992 0.00537415 0.00493863 -0.6653 -0.00561583 0.998733 0.050189 -0.129867 -0.00466167 -0.0502152 0.998744 88.6792
1 0.00493433 0.0011316 -0.667621 -0.00498589 0.998673 0.051441 -0.099464 -0.00087565 -0.0514462 0.998694 89.6088
1 0.00524594 -0.000887035 -0.675575 -0.00519338 0.998648 0.0519115 -0.0714875 0.00115917 -0.0519061 0.998668 90.4114
1 0.00490105 -0.00285522 -0.684237 -0.00473933 0.998535 0.0540885 -0.0437675 0.00311664 -0.0540742 0.99855 91.2083
0.999987 0.00551717 -0.00572501 -0.695532 -0.00518613 0.998405 0.0563951 -0.0160568 0.0060279 -0.0563637 0.998408 92.0486
0.999966 0.00671452 -0.007476 -0.709109 -0.00627402 0.99834 0.0574419 0.0073696 0.00784972 -0.0573923 0.99834 92.8787
0.99995 0.0070148 -0.00948318 -0.721269 -0.00644073 0.998228 0.0593152 0.0327704 0.00988333 -0.0592502 0.998211 93.6023
0.999926 0.00806014 -0.0110072 -0.735285 -0.00738388 0.998174 0.0601302 0.0623789 0.0114721 -0.0600433 0.998151 94.3789
0.999879 0.00937836 -0.0139054 -0.753304 -0.00851425 0.998113 0.0609786 0.0899385 0.0144517 -0.0608518 0.99806 95.1292
0.999836 0.0106606 -0.0159526 -0.77502 -0.0096657 0.998091 0.0611783 0.114554 0.0165746 -0.0610131 0.998022 95.843
0.999797 0.0120401 -0.0173794 -0.792871 -0.0109614 0.998096 0.0608933 0.139072 0.0180801 -0.0606893 0.998013 96.524
0.999718 0.014202 -0.0200721 -0.815638 -0.0130311 0.998283 0.0572981 0.163228 0.0208516 -0.0570194 0.998178 97.1443
0.999657 0.0157561 -0.0218783 -0.837827 -0.0144873 0.998281 0.0569971 0.185946 0.0227392 -0.0566596 0.998154 97.7232
0.999611 0.0178265 -0.0223994 -0.860639 -0.0165466 0.998301 0.0560749 0.206041 0.0233612 -0.0556815 0.998198 98.2874
0.99961 0.0192866 -0.0212044 -0.8826 -0.0180405 0.998196 0.0574698 0.227185 0.0222751 -0.0570639 0.998141 98.8575
0.99961 0.0226796 -0.0174983 -0.901643 -0.0216074 0.998024 0.0591924 0.244917 0.0188065 -0.0587902 0.998116 99.4073
0.999606 0.0258171 -0.0127473 -0.919696 -0.0250012 0.997867 0.060482 0.262581 0.0142823 -0.0601387 0.998107 99.9378
0.999668 0.0262358 -0.00426825 -0.918043 -0.0259161 0.997702 0.0627923 0.280039 0.00590625 -0.0626598 0.998041 100.434
0.999671 0.0260371 0.00469069 -0.919601 -0.0262879 0.997535 0.065232 0.296064 -0.00297977 -0.0653331 0.997878 100.936
0.99957 0.0247789 0.0169447 -0.907707 -0.0258541 0.997462 0.0665161 0.320021 -0.0152528 -0.0669244 0.997665 101.409
0.999285 0.023957 0.0299611 -0.891527 -0.0259282 0.997412 0.0672337 0.340412 -0.0282717 -0.0679617 0.997307 101.859
0.998724 0.0225775 0.0456416 -0.866504 -0.0256076 0.99744 0.0669412 0.362442 -0.0440125 -0.0680234 0.996736 102.29
0.997788 0.0208966 0.0634461 -0.827765 -0.0250105 0.997599 0.0647552 0.381056 -0.0619391 -0.0661981 0.995902 102.696
0.996277 0.0199869 0.0841053 -0.79098 -0.0251387 0.997854 0.060655 0.401838 -0.082711 -0.0625425 0.994632 103.105
0.993948 0.0188088 0.108435 -0.734405 -0.0250465 0.998103 0.0564539 0.427822 -0.107165 -0.0588275 0.992519 103.523
0.990683 0.016548 0.13533 -0.661375 -0.0241379 0.998226 0.0546428 0.437043 -0.134183 -0.0573995 0.989316 103.904
0.986087 0.013846 0.165788 -0.580387 -0.0230213 0.998312 0.0535509 0.455463 -0.164764 -0.0566218 0.984726 104.294
0.980208 0.0122206 0.197695 -0.48332 -0.0228177 0.998428 0.0514187 0.463441 -0.196752 -0.0549113 0.978938 104.653
0.972246 0.0106453 0.233816 -0.36801 -0.0229255 0.998505 0.0498664 0.470249 -0.232933 -0.053842 0.971022 105.019
0.96254 0.00702943 0.271123 -0.2465 -0.0212103 0.998565 0.0494126 0.481165 -0.270383 -0.0533114 0.961299 105.371
0.950355 0.00517635 0.311197 -0.106665 -0.021343 0.998604 0.0485676 0.488622 -0.310507 -0.0527977 0.949125 105.725
0.936229 0.00602619 0.351398 0.0338443 -0.0241564 0.998603 0.0472362 0.49981 -0.350617 -0.0527116 0.935058 106.057
0.918711 0.00931274 0.394877 0.185057 -0.0293733 0.998577 0.0447882 0.513329 -0.393893 -0.0527454 0.917664 106.367
0.898411 0.00801355 0.439131 0.363226 -0.0314592 0.998451 0.0461427 0.524767 -0.438074 -0.055269 0.897263 106.694
0.876337 0.00754781 0.481685 0.546916 -0.0339544 0.998371 0.0461292 0.526278 -0.480546 -0.0567793 0.875153 106.983
0.850348 0.00534571 0.526233 0.741795 -0.0340771 0.998421 0.0449245 0.541288 -0.525154 -0.0561331 0.84918 107.275
0.823607 0.0060442 0.567168 0.950133 -0.0361257 0.998484 0.0418184 0.537554 -0.566049 -0.0549305 0.822565 107.548
0.792959 0.00705828 0.609269 1.16313 -0.03785 0.998584 0.037694 0.54713 -0.608132 -0.0529499 0.792097 107.809
0.760671 0.0108022 0.649081 1.39282 -0.0417508 0.998619 0.032309 0.55677 -0.647827 -0.0516755 0.76006 108.055
0.724849 0.0160049 0.688753 1.65272 -0.0467928 0.998577 0.0260413 0.573241 -0.687346 -0.0511039 0.72456 108.311
0.686666 0.0207244 0.726707 1.90184 -0.0528573 0.998384 0.0214726 0.590435 -0.725078 -0.0531557 0.686643 108.559
0.64545 0.019658 0.763578 2.193 -0.0539973 0.998354 0.0199421 0.594985 -0.761918 -0.0541019 0.645444 108.76
0.602077 0.016729 0.79829 2.49685 -0.0534991 0.998392 0.019427 0.596838 -0.796671 -0.0544036 0.601995 108.964
0.556452 0.0141843 0.830785 2.80807 -0.0539392 0.998374 0.0190829 0.615813 -0.829152 -0.0554297 0.556308 109.136
0.507936 0.0123368 0.861331 3.14458 -0.0566569 0.998223 0.0191136 0.618493 -0.859555 -0.0585081 0.507725 109.317
0.460107 0.00966693 0.887836 3.48543 -0.0570646 0.998207 0.0187047 0.624058 -0.886051 -0.0592693 0.45983 109.457
0.40798 0.00596532 0.912994 3.85174 -0.0589628 0.998076 0.0198268 0.610834 -0.91111 -0.0619209 0.407541 109.589
0.356966 0.00510167 0.934128 4.21107 -0.0623347 0.997898 0.0183711 0.621097 -0.932058 -0.0647856 0.356532 109.714
0.305386 0.00830207 0.952215 4.58577 -0.0666912 0.997706 0.0126899 0.627346 -0.949915 -0.0673788 0.305235 109.824
0.254994 0.0120751 0.966891 4.97531 -0.0691846 0.997599 0.00578766 0.62889 -0.964486 -0.068369 0.255216 109.893
0.20737 0.0138649 0.978186 5.34434 -0.0689153 0.997635 0.000469117 0.64272 -0.975856 -0.0675084 0.207832 109.96
0.16522 0.0132242 0.986192 5.7766 -0.0638199 0.99797 -0.00268972 0.649001 -0.984212 -0.0624936 0.165728 110.008
0.129317 0.0127173 0.991543 6.16833 -0.0569967 0.998373 -0.00537134 0.638115 -0.989988 -0.0558194 0.129829 110.032
0.0971629 0.0136021 0.995199 6.59859 -0.0539032 0.998523 -0.00838445 0.625446 -0.99383 -0.0528291 0.0977526 110.06
0.0685461 0.0119861 0.997597 7.01693 -0.0563152 0.998393 -0.00812602 0.640948 -0.996082 -0.0556221 0.0691097 110.108
0.0427259 0.00814938 0.999077 7.47571 -0.0610467 0.998133 -0.00553062 0.657236 -0.997243 -0.0607534 0.0431441 110.142
0.0180928 0.00406316 0.999851 7.97285 -0.0656665 0.997852 -0.00286676 0.663971 -0.997704 -0.0656038 0.0183203 110.156
-0.0045977 0.00146869 1.00001 8.46192 -0.0634004 0.998 -0.0017569 0.667689 -0.998001 -0.0634085 -0.00449437 110.149
-0.02434 0.00105865 0.999726 8.98951 -0.0579099 0.998334 -0.0024671 0.668164 -0.998051 -0.0579531 -0.0242381 110.13
-0.0427175 0.00368112 0.999104 9.50385 -0.052591 0.998612 -0.00592755 0.668174 -0.997725 -0.0527964 -0.0424632 110.095
-0.056239 0.00815153 0.998407 10.0004 -0.0532265 0.998535 -0.0111508 0.658203 -0.997024 -0.0537679 -0.0557222 110.083
-0.0672236 0.0121533 0.997688 10.5638 -0.0562312 0.998304 -0.0159493 0.646532 -0.996175 -0.0571726 -0.0664245 110.061
-0.0735437 0.0121564 0.997241 11.1701 -0.0539396 0.998429 -0.0161488 0.625652 -0.995859 -0.0549774 -0.0727715 110.015
-0.0771029 0.00883741 0.997008 11.8168 -0.0478909 0.998788 -0.0125565 0.598712 -0.995896 -0.048715 -0.0765844 109.955
-0.0770029 0.00722436 0.997028 12.4597 -0.0475226 0.998825 -0.0109077 0.58897 -0.995924 -0.0482203 -0.0765682 109.902
-0.0748017 0.00718825 0.997197 13.1009 -0.0474678 0.998829 -0.0107603 0.580173 -0.996092 -0.0481389 -0.0743711 109.861
-0.0730783 0.00783934 0.997319 13.7876 -0.0518446 0.998602 -0.0116484 0.571845 -0.996004 -0.0525558 -0.0725689 109.821
-0.0713461 0.00712717 0.997451 14.4802 -0.0533977 0.998528 -0.0109539 0.553576 -0.996046 -0.0540421 -0.0708589 109.778
-0.0705484 0.00737559 0.997505 15.2146 -0.0547612 0.998451 -0.0112556 0.532788 -0.99603 -0.0554175 -0.0700344 109.721
-0.0698559 0.00777585 0.997551 15.9376 -0.0542713 0.998474 -0.0115831 0.511078 -0.996105 -0.0549464 -0.0693257 109.656
-0.0675496 0.00674279 0.997717 16.6523 -0.0579171 0.99828 -0.0106678 0.46818 -0.99606 -0.0585042 -0.0670421 109.62
-0.0676945 0.00603998 0.997712 17.381 -0.0585069 0.998252 -0.0100124 0.451618 -0.996014 -0.0590498 -0.0672212 109.58
-0.0681629 0.00352107 0.997693 18.1253 -0.0592969 0.998228 -0.00757409 0.429478 -0.995937 -0.0596749 -0.0678326 109.538
-0.0682776 0.00183988 0.997689 18.8893 -0.0621823 0.998062 -0.00609553 0.416707 -0.995752 -0.0624537 -0.0680292 109.493
-0.0691534 0.00125834 0.997631 19.6832 -0.0640912 0.997944 -0.00570143 0.409688 -0.995572 -0.0643321 -0.0689298 109.441
-0.0695624 -0.000431834 0.997602 20.4589 -0.0614 0.998121 -0.00384881 0.401709 -0.995712 -0.0615193 -0.0694566 109.385
-0.0719694 -0.00297131 0.997428 21.2135 -0.0603407 0.998193 -0.00138037 0.391599 -0.995607 -0.0602833 -0.0720179 109.327
-0.0729936 -0.00354025 0.997351 22.0056 -0.0618096 0.998103 -0.000980197 0.3871 -0.995441 -0.0617162 -0.0730723 109.278
-0.0746072 -0.000289136 0.997238 22.7837 -0.0639177 0.997961 -0.00449266 0.378565 -0.99519 -0.0640747 -0.0744728 109.233
-0.0754163 0.00394482 0.997169 23.5278 -0.0634942 0.997959 -0.0087494 0.384885 -0.995155 -0.063973 -0.0750103 109.174
-0.0758053 0.00459717 0.997137 24.3183 -0.0630019 0.997985 -0.00939077 0.383755 -0.995158 -0.0635318 -0.0753621 109.12
-0.0771768 0.00236883 0.99704 25.0801 -0.0662611 0.99779 -0.00749891 0.382369 -0.99484 -0.0666424 -0.0768476 109.08
-0.0777286 -0.00204072 0.996998 25.8326 -0.0684044 0.997668 -0.00329099 0.386892 -0.994653 -0.0684531 -0.0776861 109.037
-0.0790433 -0.0087725 0.996859 26.667 -0.0694934 0.997593 0.00326947 0.384574 -0.994473 -0.069015 -0.0794609 108.981
-0.0788771 -0.0149551 0.996797 27.4931 -0.073743 0.997251 0.00912651 0.385615 -0.994181 -0.0727851 -0.0797621 108.933
-0.0795278 -0.0172131 0.996711 28.3366 -0.0755589 0.997095 0.0111917 0.391048 -0.993993 -0.0744186 -0.0805957 108.87
-0.0800049 -0.0122863 0.996744 29.165 -0.0731014 0.99732 0.00642581 0.381523 -0.994139 -0.0723475 -0.0806877 108.806
-0.0787898 -0.00349372 0.996912 29.9816 -0.0712014 0.997477 -0.00213066 0.389491 -0.994374 -0.0711476 -0.078838 108.744
-0.0791053 -0.000230137 0.996892 30.8056 -0.0701198 0.99754 -0.005334 0.385782 -0.994426 -0.0703218 -0.0789259 108.681
-0.0770726 -0.00683741 0.99703 31.6197 -0.0686763 0.997655 0.00153381 0.385194 -0.994686 -0.0683524 -0.0773597 108.62
-0.0749654 -0.0142252 0.99711 32.4182 -0.0669679 0.997729 0.00919906 0.378424 -0.994965 -0.0660828 -0.0757469 108.557
-0.0750291 -0.0185814 0.997036 33.192 -0.0683652 0.997587 0.013448 0.365426 -0.994864 -0.0671518 -0.0761167 108.499
-0.0734789 -0.0188815 0.997144 33.9523 -0.071765 0.997345 0.0135969 0.356245 -0.994741 -0.0705589 -0.0746381 108.448
-0.0756229 -0.0199722 0.996965 34.7429 -0.0747698 0.997116 0.0143048 0.350391 -0.994359 -0.073459 -0.0768965 108.398
-0.0768671 -0.0224578 0.996816 35.5387 -0.0770179 0.99691 0.0165208 0.342093 -0.994093 -0.0755004 -0.0783584 108.346
-0.0798413 -0.0238935 0.996552 36.3404 -0.0769449 0.996896 0.0177383 0.338521 -0.993865 -0.075261 -0.0814304 108.286
-0.0800148 -0.0244675 0.996521 37.077 -0.0782496 0.996785 0.018191 0.328962 -0.993748 -0.0765195 -0.0816713 108.247
-0.0819297 -0.0247149 0.996363 37.8747 -0.079061 0.996722 0.018224 0.33576 -0.99353 -0.0772778 -0.0836135 108.188
-0.0850074 -0.0268876 0.996047 38.6559 -0.0790471 0.996685 0.0201585 0.336604 -0.993272 -0.0770184 -0.0868501 108.132
-0.0872696 -0.0284125 0.995811 39.4153 -0.0767008 0.996836 0.0217213 0.325234 -0.99326 -0.0744814 -0.0891711 108.064
-0.0900707 -0.0294584 0.995529 40.1869 -0.0761679 0.996857 0.0226063 0.323397 -0.993052 -0.0737885 -0.0920304 107.996
-0.0911598 -0.0302328 0.99541 40.9521 -0.0752935 0.996906 0.0233842 0.314238 -0.993019 -0.0728135 -0.0931524 107.93
-0.0928887 -0.0314918 0.995209 41.6922 -0.0734423 0.997013 0.0246938 0.308806 -0.992999 -0.0707938 -0.094923 107.864
-0.095 -0.0341384 0.994925 42.4174 -0.0715528 0.99708 0.0273815 0.310239 -0.992936 -0.0685858 -0.0971636 107.786
-0.0975901 -0.0351229 0.994637 43.1386 -0.0714031 0.997068 0.0282027 0.314817 -0.992696 -0.0682652 -0.0998107 107.714
-0.100683 -0.0368082 0.994271 43.8965 -0.0730708 0.996909 0.0295078 0.315368 -0.992266 -0.0696785 -0.10306 107.649
-0.101936 -0.0365058 0.994152 44.5906 -0.0750092 0.996783 0.0289111 0.322257 -0.991994 -0.0716205 -0.104345 107.582
-0.104924 -0.0380275 0.993786 45.2891 -0.0763541 0.996646 0.0300768 0.338549 -0.991579 -0.0727211 -0.107474 107.521
-0.10446 -0.0392816 0.993785 45.9884 -0.0762997 0.996611 0.0313732 0.355861 -0.991635 -0.0725451 -0.107101 107.454
-0.105817 -0.0373241 0.993719 46.6526 -0.0766181 0.99665 0.0292768 0.371319 -0.991464 -0.073036 -0.10832 107.385
-0.104917 -0.0380432 0.993786 47.3512 -0.0768064 0.996613 0.0300429 0.376764 -0.991548 -0.073174 -0.107482 107.314
-0.105369 -0.0361265 0.993811 48.0052 -0.0771361 0.996645 0.0280526 0.393779 -0.991472 -0.0737 -0.1078 107.244
-0.108267 -0.0359864 0.993503 48.6865 -0.0755701 0.996771 0.0278695 0.399685 -0.991282 -0.0720586 -0.110636 107.174
-0.109395 -0.0367135 0.993354 49.3973 -0.073152 0.996925 0.0287909 0.407539 -0.991338 -0.0695136 -0.111742 107.097
-0.112737 -0.0389744 0.992893 50.0684 -0.0714248 0.996984 0.0310252 0.40381 -0.991092 -0.0674166 -0.115179 107.025
-0.114884 -0.0374718 0.992706 50.7407 -0.0745553 0.996815 0.0290001 0.405416 -0.990612 -0.0706771 -0.11731 106.967
-0.117462 -0.0381952 0.992376 51.3837 -0.0763358 0.996671 0.0293252 0.406463 -0.990177 -0.0723062 -0.119985 106.897
-0.11883 -0.0413544 0.992087 52.0316 -0.0764167 0.996569 0.0323896 0.418722 -0.990005 -0.0719603 -0.121581 106.821
-0.120756 -0.0431071 0.991779 52.6946 -0.0768453 0.996485 0.0339553 0.429226 -0.989741 -0.0721102 -0.123642 106.737
-0.124085 -0.0449112 0.991291 53.3524 -0.0820292 0.996041 0.0348597 0.431031 -0.988912 -0.0769859 -0.127275 106.664
-0.126848 -0.0436805 0.990993 54.0658 -0.0878852 0.995616 0.032635 0.444488 -0.988059 -0.0829506 -0.130129 106.61
-0.132601 -0.0413968 0.990342 54.7084 -0.0874548 0.995741 0.0299141 0.441835 -0.98734 -0.0826402 -0.135654 106.526
-0.140746 -0.0374716 0.989369 55.3348 -0.084961 0.996075 0.0256391 0.457218 -0.986432 -0.0804459 -0.143375 106.445
-0.149064 -0.0342779 0.988271 55.9808 -0.0850949 0.996158 0.0217176 0.470215 -0.985196 -0.0808561 -0.151405 106.351
-0.160341 -0.0348658 0.986479 56.6218 -0.0897237 0.995773 0.0206109 0.49115 -0.983014 -0.0852024 -0.162789 106.276
-0.166036 -0.036823 0.985471 57.2854 -0.0904246 0.995683 0.0219709 0.497174 -0.982003 -0.0854591 -0.168645 106.171
-0.171152 -0.0377114 0.984558 57.9583 -0.0923362 0.995504 0.0220796 0.505453 -0.980947 -0.0871277 -0.173861 106.062
-0.175214 -0.0390036 0.983797 58.5984 -0.0958982 0.995161 0.0223763 0.524519 -0.979887 -0.0904197 -0.178103 105.958
-0.180667 -0.0422843 0.982671 59.2375 -0.0957478 0.995107 0.0252163 0.531314 -0.978912 -0.0895289 -0.183828 105.845
-0.184467 -0.0470272 0.981753 59.9406 -0.0948691 0.995064 0.029841 0.543735 -0.978288 -0.0876293 -0.188014 105.724
-0.186794 -0.0510352 0.981109 60.6416 -0.0962656 0.994816 0.0334205 0.556553 -0.977712 -0.0882003 -0.190735 105.592
-0.18883 -0.0521004 0.980667 61.3145 -0.0969242 0.994727 0.0341861 0.579681 -0.977254 -0.0885909 -0.19288 105.466
-0.191379 -0.0505949 0.980247 62.0035 -0.0967627 0.9948 0.0324548 0.605868 -0.976775 -0.0886363 -0.195275 105.333
-0.195378 -0.0451296 0.979729 62.698 -0.0882147 0.995722 0.0282762 0.61322 -0.976792 -0.0808981 -0.198519 105.186
-0.19705 -0.0425399 0.979507 63.4279 -0.0822491 0.996276 0.0267222 0.616771 -0.976978 -0.0752942 -0.199811 105.033
-0.200295 -0.0405961 0.978935 64.1701 -0.0806429 0.996456 0.0248244 0.632133 -0.97645 -0.0739681 -0.202855 104.885
-0.20002 -0.0433208 0.978871 64.8748 -0.0846598 0.996072 0.0267834 0.657774 -0.976169 -0.0775099 -0.202898 104.745
-0.201821 -0.0485349 0.978259 65.6071 -0.0840378 0.995969 0.0320776 0.677983 -0.975849 -0.0757329 -0.205082 104.596
-0.204449 -0.0517217 0.977547 66.3451 -0.0822582 0.996001 0.0354946 0.705516 -0.975456 -0.0731506 -0.207883 104.438
-0.207934 -0.0525803 0.976769 67.0463 -0.0813229 0.996049 0.0363079 0.717082 -0.974796 -0.0718803 -0.211384 104.296
-0.210076 -0.0530691 0.976281 67.7754 -0.0849351 0.995763 0.0358521 0.737045 -0.97403 -0.075385 -0.21369 104.147
-0.212624 -0.0528658 0.975744 68.4798 -0.0843119 0.995827 0.035583 0.733438 -0.973529 -0.074697 -0.21619 103.997
-0.215795 -0.0540297 0.97498 69.2037 -0.085605 0.995692 0.0362306 0.749172 -0.972721 -0.0756408 -0.219486 103.84
-0.216881 -0.0560501 0.974629 69.9161 -0.0866592 0.995537 0.0379701 0.773191 -0.972384 -0.0762215 -0.220765 103.687
-0.217618 -0.0562185 0.974452 70.5856 -0.0913273 0.995155 0.0370177 0.802643 -0.971794 -0.0809341 -0.221694 103.58
-0.220616 -0.0569324 0.973739 71.2891 -0.0939505 0.994916 0.0368862 0.820292 -0.970865 -0.0833413 -0.224839 103.445
-0.221525 -0.0564124 0.97356 71.9952 -0.0970335 0.994668 0.0355566 0.846711 -0.970357 -0.0865868 -0.225813 103.302
-0.221985 -0.0551228 0.973533 72.712 -0.0972667 0.994696 0.0341439 0.866464 -0.970227 -0.0871086 -0.226164 103.145
-0.222815 -0.0543946 0.97338 73.4067 -0.0979388 0.994662 0.0331651 0.868427 -0.969971 -0.0879377 -0.226948 102.978
-0.224508 -0.0571214 0.972839 74.118 -0.0974346 0.994617 0.0359162 0.873534 -0.969629 -0.0867203 -0.22886 102.824
-0.222969 -0.0568358 0.973206 74.8581 -0.0986753 0.99451 0.035473 0.874121 -0.969862 -0.0881177 -0.227349 102.621
-0.224243 -0.0585923 0.972812 75.5628 -0.102424 0.994103 0.0362666 0.926919 -0.969176 -0.0915021 -0.228917 102.499
-0.227067 -0.0591177 0.972122 76.3042 -0.102601 0.994075 0.0364877 0.946339 -0.968503 -0.0914512 -0.231782 102.341
-0.22797 -0.0593166 0.971901 77.0562 -0.102821 0.99405 0.0365523 0.973463 -0.968266 -0.0915948 -0.232707 102.165
-0.231025 -0.0599793 0.971137 77.826 -0.105142 0.993814 0.036368 0.993288 -0.967293 -0.0937003 -0.235898 101.971
-0.231468 -0.0575593 0.97118 78.5586 -0.108711 0.993549 0.032977 1.01403 -0.966792 -0.0979405 -0.236227 101.787
-0.233512 -0.0567883 0.970734 79.3318 -0.110415 0.993407 0.0315546 1.02547 -0.966108 -0.0998105 -0.238238 101.594
-0.233335 -0.0543374 0.97092 80.1238 -0.110551 0.99347 0.0290333 1.04329 -0.966134 -0.100557 -0.237813 101.408
-0.233612 -0.0522272 0.970967 80.9225 -0.109625 0.993627 0.0270711 1.06837 -0.966174 -0.100114 -0.237844 101.22
-0.233203 -0.0517856 0.97109 81.7423 -0.107579 0.993849 0.0271663 1.08552 -0.966502 -0.0981293 -0.237334 101.011
-0.231414 -0.0533071 0.971435 82.5365 -0.106833 0.993874 0.0290895 1.09966 -0.967016 -0.0970445 -0.235687 100.808
-0.231811 -0.0555482 0.971216 83.3566 -0.107357 0.993754 0.0312151 1.11176 -0.966861 -0.0970262 -0.236321 100.613
-0.228827 -0.0564477 0.97187 84.1647 -0.107386 0.993712 0.0324329 1.12841 -0.967571 -0.0969385 -0.233445 100.425
-0.22874 -0.0588948 0.971747 85.0058 -0.107675 0.993598 0.0348754 1.15208 -0.967557 -0.0966509 -0.233612 100.225
-0.22501 -0.0605655 0.972513 85.8332 -0.106731 0.993616 0.037186 1.16275 -0.968538 -0.0954249 -0.230033 100.025
-0.224455 -0.0612578 0.972599 86.6505 -0.108916 0.99337 0.0374326 1.17718 -0.968422 -0.0975246 -0.229634 99.8353
-0.223763 -0.057704 0.972975 87.488 -0.108168 0.993573 0.03405 1.19996 -0.968667 -0.0976203 -0.228562 99.6455
-0.223128 -0.0536218 0.973356 88.2779 -0.108041 0.993718 0.0299786 1.23469 -0.968826 -0.0984687 -0.227514 99.4559
-0.223396 -0.0508748 0.97344 89.114 -0.110584 0.993535 0.0265476 1.25195 -0.96848 -0.101711 -0.227573 99.2675
-0.220892 -0.0514614 0.973982 89.9361 -0.110888 0.993481 0.027345 1.27346 -0.969017 -0.101958 -0.225153 99.0822
-0.221267 -0.0547623 0.973715 90.7871 -0.109624 0.993514 0.0309654 1.27795 -0.969078 -0.0998859 -0.225831 98.8909
-0.220363 -0.0540612 0.973961 91.6197 -0.107134 0.993788 0.0309243 1.28425 -0.96956 -0.0975246 -0.22478 98.7188
-0.220104 -0.0544664 0.973995 92.4622 -0.107812 0.993705 0.0312059 1.29144 -0.969546 -0.0981345 -0.224586 98.5341
-0.220455 -0.0544632 0.973917 93.2929 -0.108342 0.993652 0.0310446 1.31017 -0.969405 -0.0986678 -0.224951 98.338
-0.220434 -0.0544325 0.973923 94.1213 -0.104749 0.994012 0.0318475 1.32598 -0.969807 -0.0949919 -0.224811 98.1537
-0.220308 -0.0555325 0.973891 94.958 -0.101192 0.994316 0.0338082 1.34403 -0.970211 -0.0910973 -0.224669 97.9611
-0.219444 -0.0551947 0.974104 95.7745 -0.101428 0.994303 0.0334905 1.35964 -0.970385 -0.0914465 -0.223788 97.7764
-0.219919 -0.0536427 0.974085 96.5731 -0.100445 0.994449 0.0320888 1.38386 -0.970378 -0.09078 -0.224081 97.6048
-0.218206 -0.0540276 0.974449 97.403 -0.105183 0.993977 0.0315577 1.38663 -0.970265 -0.0956038 -0.22257 97.4222
-0.217017 -0.0566602 0.974565 98.1831 -0.10611 0.993792 0.0341515 1.40794 -0.970428 -0.0959945 -0.221676 97.2556
-0.217195 -0.0593461 0.974366 98.9981 -0.110274 0.993277 0.0359177 1.43294 -0.969927 -0.0996409 -0.222274 97.0786
-0.21777 -0.0583553 0.974297 99.7922 -0.11399 0.992925 0.0339947 1.46246 -0.969366 -0.103651 -0.222876 96.9006
-0.219601 -0.0554336 0.974057 100.588 -0.116914 0.99271 0.0301377 1.48178 -0.968607 -0.107257 -0.224476 96.7268
-0.219273 -0.0538864 0.974218 101.395 -0.118339 0.992595 0.0282697 1.50048 -0.968506 -0.109084 -0.22402 96.5492
-0.218977 -0.0531153 0.974327 102.201 -0.117535 0.992708 0.0277026 1.50407 -0.968674 -0.108446 -0.223618 96.3742
-0.220086 -0.0535422 0.974054 103.009 -0.116484 0.992816 0.0282562 1.51537 -0.968546 -0.107238 -0.224736 96.1907
-0.220447 -0.0530626 0.973998 103.798 -0.114588 0.993039 0.0281659 1.53537 -0.968694 -0.105394 -0.224987 96.0232
-0.220647 -0.0506445 0.974082 104.548 -0.113265 0.99325 0.0259866 1.54554 -0.968801 -0.10459 -0.224888 95.8646
-0.220718 -0.0506505 0.974067 105.339 -0.112623 0.99332 0.0261326 1.56048 -0.968864 -0.103929 -0.224943 95.6831
-0.222407 -0.0510647 0.973663 106.129 -0.112652 0.993311 0.0263651 1.57593 -0.968472 -0.103815 -0.226665 95.5023
-0.223232 -0.0518719 0.97343 106.84 -0.112665 0.99329 0.027094 1.5884 -0.968282 -0.103617 -0.227573 95.3505
-0.225626 -0.0511677 0.972917 107.601 -0.112218 0.993364 0.0262211 1.58919 -0.967779 -0.103257 -0.229864 95.1818
-0.228656 -0.0494261 0.972298 108.366 -0.112942 0.99334 0.0239359 1.58828 -0.966984 -0.104334 -0.23271 95.0115
-0.230811 -0.0480485 0.97186 109.125 -0.114113 0.993251 0.0220069 1.60271 -0.966333 -0.105817 -0.234729 94.8329
-0.234471 -0.0480519 0.970981 109.903 -0.113614 0.993314 0.0217226 1.61192 -0.965512 -0.105218 -0.238357 94.6501
-0.236685 -0.0488635 0.970406 110.661 -0.113001 0.993367 0.0224605 1.61575 -0.965042 -0.104335 -0.24063 94.4669
-0.239628 -0.0483822 0.969705 111.407 -0.111985 0.993495 0.021897 1.62388 -0.964435 -0.103339 -0.243482 94.2933
-0.241152 -0.0456647 0.969461 112.172 -0.11509 0.993215 0.0181572 1.6358 -0.963689 -0.10719 -0.244765 94.1179
-0.243302 -0.0383554 0.969239 112.945 -0.115422 0.993289 0.0103342 1.64228 -0.963109 -0.109351 -0.246091 93.9469
-0.246603 -0.0354808 0.968516 113.696 -0.112211 0.99368 0.00783366 1.64689 -0.962648 -0.10674 -0.249019 93.7615
-0.248524 -0.0374577 0.967948 114.437 -0.110664 0.993834 0.0100469 1.64943 -0.962335 -0.104614 -0.251131 93.5795
-0.252165 -0.0439746 0.966734 115.191 -0.110962 0.993718 0.0162606 1.65678 -0.961352 -0.103164 -0.255454 93.3975
-0.253203 -0.0453615 0.966396 115.966 -0.111314 0.993658 0.017477 1.66059 -0.961039 -0.103142 -0.256641 93.2128
-0.255517 -0.0440773 0.96585 116.705 -0.112821 0.993521 0.0154953 1.66746 -0.960251 -0.105003 -0.258828 93.0161
-0.257488 -0.0418437 0.965423 117.446 -0.115177 0.993295 0.0123339 1.66602 -0.959444 -0.108012 -0.260575 92.8237
-0.259681 -0.0389186 0.964961 118.181 -0.114469 0.99341 0.00926349 1.66467 -0.958938 -0.108046 -0.262417 92.6087
-0.261911 -0.0361384 0.964463 118.893 -0.112052 0.993706 0.0068062 1.65135 -0.958617 -0.106281 -0.264306 92.4093
-0.263144 -0.0313676 0.964298 119.637 -0.111859 0.993749 0.00180306 1.64629 -0.958302 -0.107384 -0.265 92.2004
-0.265684 -0.0304532 0.963628 120.367 -0.113889 0.993521 -1.60758e-06 1.65313 -0.957362 -0.10974 -0.267425 91.9963
-0.267645 -0.0320373 0.963037 121.096 -0.11248 0.993679 0.00179856 1.6472 -0.956982 -0.107835 -0.269549 91.7997
-0.27167 -0.0348894 0.961807 121.829 -0.109643 0.993986 0.00508816 1.63554 -0.956177 -0.104067 -0.273855 91.5905
-0.276454 -0.036719 0.960378 122.561 -0.109879 0.993951 0.00637504 1.62398 -0.954778 -0.103757 -0.278809 91.3757
-0.282759 -0.0372566 0.958517 123.268 -0.1098 0.993962 0.00624451 1.62941 -0.952938 -0.103473 -0.285136 91.1738
-0.291304 -0.0376359 0.955943 123.968 -0.110303 0.99391 0.00551996 1.62623 -0.950303 -0.10383 -0.293674 90.9672
-0.300676 -0.0367756 0.953067 124.696 -0.110811 0.993864 0.00339188 1.63121 -0.94732 -0.104584 -0.302899 90.7479
-0.312573 -0.0363654 0.949252 125.401 -0.110595 0.993891 0.00166053 1.62331 -0.943488 -0.104458 -0.314677 90.5186
-0.324443 -0.0354692 0.945291 126.085 -0.110122 0.993946 -0.000500173 1.61932 -0.939528 -0.104253 -0.326376 90.2944
-0.336838 -0.0356971 0.94094 126.771 -0.108382 0.994136 -0.00108118 1.6168 -0.935358 -0.102339 -0.338723 90.0529
-0.347939 -0.0358134 0.936885 127.46 -0.107774 0.994201 -0.00201954 1.6124 -0.931358 -0.101669 -0.349773 89.7974
-0.357979 -0.0347309 0.933139 128.138 -0.103654 0.994637 -0.00274266 1.59302 -0.928013 -0.0976993 -0.35965 89.5387
-0.367178 -0.0337049 0.929592 128.801 -0.098697 0.995142 -0.00290145 1.58 -0.924956 -0.0928075 -0.368712 89.2632
-0.373599 -0.0322093 0.927087 129.462 -0.096099 0.995391 -0.00414181 1.567 -0.922654 -0.0906339 -0.374963 88.9766
-0.379998 -0.0325954 0.924466 130.127 -0.097044 0.995297 -0.0047955 1.55842 -0.919939 -0.0915304 -0.381365 88.7065
-0.384179 -0.0336153 0.922703 130.766 -0.0943254 0.995565 -0.00300187 1.55029 -0.918483 -0.0881821 -0.385636 88.4289
-0.3867 -0.0344584 0.921615 131.439 -0.0894126 0.996023 -0.000274916 1.54178 -0.917917 -0.0825048 -0.388234 88.1344
-0.387665 -0.0355272 0.921172 132.088 -0.086238 0.9963 0.0021343 1.525 -0.917813 -0.0786076 -0.389284 87.8506
-0.388538 -0.0357519 0.920793 132.737 -0.0843674 0.996458 0.00309127 1.5189 -0.917619 -0.0764785 -0.390168 87.5752
-0.388767 -0.032785 0.920809 133.378 -0.0836516 0.996524 0.00016471 1.50586 -0.917587 -0.0769582 -0.390148 87.3096
-0.386937 -0.0295986 0.921685 134.019 -0.0856217 0.996348 -0.00394771 1.49847 -0.918179 -0.0804384 -0.388048 87.0319
-0.385289 -0.029829 0.92237 134.658 -0.0841298 0.996479 -0.0029149 1.50466 -0.919009 -0.0787167 -0.386432 86.7633
-0.382956 -0.0316103 0.92328 135.293 -0.0839984 0.996494 -0.000722537 1.49983 -0.919997 -0.0778253 -0.384259 86.4865
-0.381507 -0.0325915 0.923848 135.921 -0.0819534 0.996664 0.00131909 1.48893 -0.920782 -0.0752042 -0.382895 86.2303
-0.376105 -0.0326071 0.926058 136.58 -0.0830495 0.996573 0.00136174 1.48152 -0.922905 -0.076391 -0.377515 85.9701
-0.374299 -0.0318993 0.926816 137.18 -0.0826148 0.99661 0.000938815 1.46197 -0.923677 -0.0762122 -0.375656 85.7257
-0.370396 -0.0304694 0.928428 137.802 -0.0810887 0.996735 0.000361898 1.47289 -0.925385 -0.0751455 -0.371648 85.4753
-0.365865 -0.0308788 0.930212 138.399 -0.0815326 0.996699 0.00101964 1.45558 -0.927146 -0.0754644 -0.367165 85.2353
-0.361634 -0.0302908 0.931882 139.019 -0.0800569 0.996818 0.00133503 1.45303 -0.928934 -0.0741152 -0.362899 84.9904
-0.356419 -0.0324208 0.93382 139.67 -0.0785907 0.996925 0.00461687 1.44191 -0.931071 -0.0717388 -0.357861 84.7387
-0.352823 -0.0313679 0.935218 140.258 -0.0773549 0.997023 0.00425885 1.45473 -0.932544 -0.0708356 -0.35419 84.5199
-0.350288 -0.0332013 0.93611 140.864 -0.0778658 0.996974 0.0062244 1.43121 -0.933456 -0.0707054 -0.351803 84.3116
-0.345147 -0.0343958 0.937972 141.492 -0.0750762 0.997166 0.00894161 1.43486 -0.935598 -0.0673278 -0.346743 84.0701
-0.340714 -0.0354141 0.939556 142.137 -0.0738633 0.997239 0.0108045 1.4179 -0.937317 -0.0657124 -0.34238 83.8367
-0.337209 -0.0363011 0.940784 142.725 -0.0747918 0.99716 0.0116696 1.42152 -0.938513 -0.0664223 -0.338957 83.6291
-0.333908 -0.0356772 0.941987 143.302 -0.0757987 0.997093 0.0108973 1.41878 -0.939609 -0.0677575 -0.335633 83.4313
-0.330693 -0.0342457 0.943172 143.866 -0.0760326 0.997089 0.00954613 1.41134 -0.94073 -0.0685494 -0.332325 83.2256
-0.324875 -0.0314265 0.945292 144.444 -0.07453 0.99722 0.00754018 1.40552 -0.942872 -0.0679976 -0.326305 83.0034
-0.319582 -0.0297714 0.947146 144.986 -0.0768059 0.99706 0.00542607 1.40787 -0.9445 -0.0710065 -0.32092 82.8173
-0.310671 -0.0309319 0.950071 145.511 -0.0795631 0.996839 0.00643916 1.41902 -0.947239 -0.0735845 -0.312141 82.6347
