1 0 0 0 0 1 0 0 0 0 1 0
0.999998 4.1708e-05 0.0018271 0.0161868 -4.1576e-05 1 -4.07379e-05 -0.0846939 -0.00182716 4.06712e-05 0.999998 1.2098
0.999992 0.000536012 0.00394432 0.031868 -0.000536679 1 0.000189237 -0.0903984 -0.00394422 -0.000191398 0.999992 2.43058
0.999989 0.000267033 0.0047889 0.0408031 -0.000268592 1 0.000329723 -0.114287 -0.00478888 -0.000331009 0.999989 3.6357
0.999983 0.000108813 0.00591279 0.0464712 -0.000117199 0.999999 0.00143316 -0.117024 -0.00591266 -0.0014339 0.999982 4.82952
0.99998 -2.08424e-06 0.00636197 0.0640983 -7.14249e-06 0.999999 0.00145544 -0.127408 -0.00636204 -0.00145541 0.999979 6.02657
0.999976 0.000616256 0.0070574 0.0688357 -0.000623627 0.999999 0.00105499 -0.148234 -0.00705674 -0.00105944 0.999976 7.22963
0.999963 0.000151142 0.00863715 0.0715397 -0.000155347 1 0.000489738 -0.165411 -0.00863715 -0.000491046 0.999963 8.43244
0.999966 0.000216055 0.00842669 0.0753481 -0.000232987 0.999998 0.00201673 -0.200649 -0.00842621 -0.00201869 0.999964 9.64036
0.999973 0.000273529 0.00731967 0.0810577 -0.000296427 0.999995 0.00313685 -0.207955 -0.00731883 -0.00313888 0.999969 10.8378
0.99999 -5.66589e-05 0.00483978 0.0819299 4.12973e-05 0.999995 0.00319701 -0.216593 -0.00483991 -0.00319682 0.999985 12.0355
0.999997 -0.00039225 0.00282225 0.0815385 0.000383291 0.999994 0.00318893 -0.21838 -0.00282357 -0.00318772 0.999993 13.2234
1 -0.000702746 0.001251 0.0702811 0.000698556 0.999993 0.00344717 -0.2463 -0.0012534 -0.00344628 0.999995 14.4194
1 -0.000299641 4.19855e-05 0.0686436 0.000299425 0.999985 0.00535903 -0.247217 -4.36734e-05 -0.00535907 0.999988 15.6067
1 -0.00159415 -0.000344421 0.0962203 0.00159626 0.999981 0.00589804 -0.265172 0.000335052 -0.00589862 0.999985 16.8285
1 -0.000848874 0.000469225 0.0859489 0.000845582 0.999975 0.00698375 -0.300618 -0.000475254 -0.00698339 0.999978 18.0614
1 -0.000487831 -0.00120694 0.0807686 0.000496742 0.999973 0.00735428 -0.30709 0.00120334 -0.00735492 0.999975 19.2596
0.999999 -0.0017396 -0.00118665 0.078205 0.00174691 0.99998 0.00619495 -0.317395 0.00117568 -0.00619706 0.999982 20.4731
0.999999 -0.000677087 -0.00292903 0.0799566 0.000696531 0.999978 0.00663319 -0.320919 0.00292448 -0.00663527 0.999977 21.675
0.999993 -0.00107645 -0.00392227 0.0739594 0.00110752 0.999968 0.00794301 -0.322988 0.00391347 -0.00794734 0.999964 22.8982
0.999996 -0.00109875 -0.00381052 0.0675536 0.00113015 0.999965 0.00824265 -0.332491 0.0038014 -0.00824704 0.999962 24.1044
0.999984 -0.00182505 -0.00577117 0.0480004 0.00186535 0.999974 0.00700013 -0.345896 0.00575814 -0.00701084 0.999962 25.2799
0.999982 -0.001632 -0.00647422 0.0230725 0.00167171 0.99998 0.00613216 -0.363126 0.00646416 -0.006143 0.999963 26.5283
0.999965 -0.0019471 -0.00851559 0.0112004 0.00201188 0.999969 0.00761076 -0.363932 0.00850051 -0.00762766 0.999938 27.7549
0.999949 -0.00249899 -0.0102641 0.0035734 0.00256679 0.999975 0.00659788 -0.376091 0.0102474 -0.00662408 0.999929 28.9465
0.999937 -0.00347147 -0.011019 -0.0177102 0.00354094 0.999974 0.00629159 -0.399088 0.0109969 -0.00633016 0.999924 30.2021
0.999915 -0.00323766 -0.013015 -0.0279719 0.00330706 0.999981 0.00531398 -0.408949 0.0129976 -0.00535675 0.999905 31.395
0.999909 -0.00290344 -0.0134342 -0.0428621 0.00297459 0.999982 0.00527829 -0.406772 0.0134186 -0.00531762 0.9999 32.6256
0.99989 -0.00294031 -0.0148601 -0.0657655 0.00302577 0.999979 0.00573085 -0.417572 0.014843 -0.00577541 0.999877 33.8192
0.999879 -0.00384889 -0.0153013 -0.0942796 0.00393591 0.999976 0.00566057 -0.414524 0.0152791 -0.00571999 0.999871 35.0175
0.999879 -0.00293545 -0.0155792 -0.11453 0.00303924 0.999974 0.00664428 -0.422265 0.0155594 -0.00669105 0.999861 36.2621
0.999842 -0.00370344 -0.0175909 -0.140659 0.00383566 0.999965 0.0074896 -0.416603 0.0175624 -0.00755575 0.999822 37.4833
0.999846 -0.00461194 -0.0171339 -0.16935 0.00476283 0.999951 0.00877856 -0.426788 0.0170927 -0.00885906 0.999819 38.6855
0.999819 -0.00370345 -0.0188552 -0.206134 0.00389989 0.999939 0.0103942 -0.445133 0.0188154 -0.0104657 0.999773 39.8919
0.999803 -0.00384029 -0.0196713 -0.251741 0.00405955 0.99993 0.0111213 -0.454185 0.0196273 -0.0111992 0.999749 41.1159
0.999821 -0.0031853 -0.018882 -0.283601 0.00340114 0.999929 0.0114126 -0.44705 0.0188442 -0.0114746 0.999762 42.3146
0.999806 -0.000336859 -0.0198795 -0.289395 0.000575155 0.999929 0.0119818 -0.422081 0.0198741 -0.0119911 0.999735 43.4936
0.99983 0.00187866 -0.0185172 -0.321721 -0.00162162 0.999903 0.0138921 -0.423757 0.0185413 -0.0138595 0.999738 44.7046
0.999842 0.00207257 -0.0178817 -0.325692 -0.00176518 0.999852 0.0171862 -0.427155 0.0179148 -0.017152 0.999698 45.9101
0.999867 0.00300712 -0.0163345 -0.356027 -0.00267829 0.999796 0.0201208 -0.417619 0.0163915 -0.0200741 0.999671 47.115
0.999901 0.00348561 -0.0139549 -0.383778 -0.00316449 0.999732 0.0229649 -0.402539 0.0140313 -0.0229186 0.999644 48.3257
0.999916 0.0024084 -0.0131158 -0.404976 -0.0020881 0.999702 0.0243865 -0.389029 0.0131704 -0.0243568 0.999623 49.5306
0.999937 0.0018174 -0.0114607 -0.425577 -0.00155641 0.999741 0.0227356 -0.38009 0.0114992 -0.0227164 0.999681 50.7408
0.999955 0.00302035 -0.00944049 -0.445916 -0.00280841 0.999747 0.0223953 -0.365865 0.00950554 -0.0223676 0.999711 51.9525
0.999954 0.00283258 -0.00966534 -0.461643 -0.0026135 0.999742 0.0226045 -0.339874 0.00972703 -0.0225783 0.999703 53.151
0.999961 0.00404215 -0.00844414 -0.494374 -0.00384413 0.999722 0.0233489 -0.298097 0.008536 -0.0233153 0.999698 54.3947
0.999941 0.00378881 -0.0106689 -0.520253 -0.00354262 0.99973 0.0230001 -0.28887 0.0107533 -0.022961 0.999684 55.6222
0.999916 0.00261705 -0.0131023 -0.52207 -0.00230297 0.999712 0.023944 -0.264444 0.013161 -0.0239115 0.999635 56.8277
0.999917 0.00158739 -0.0132724 -0.542939 -0.00125365 0.999685 0.0251217 -0.257342 0.0133084 -0.025103 0.999602 58.0361
0.999881 0.00114078 -0.0157263 -0.568442 -0.000740277 0.999677 0.0254662 -0.234123 0.0157502 -0.0254512 0.999559 59.2472
0.999876 0.00210313 -0.0159645 -0.596433 -0.00169854 0.999679 0.0253193 -0.225741 0.016013 -0.025289 0.999558 60.4564
0.999846 0.00372547 -0.0174158 -0.631544 -0.00326833 0.999652 0.0262176 -0.21836 0.0175073 -0.0261564 0.999512 61.6734
0.999844 0.00302851 -0.0177309 -0.660195 -0.00255907 0.999648 0.0264449 -0.196757 0.017805 -0.0263954 0.999499 62.8757
0.999849 0.00286679 -0.0174088 -0.682481 -0.00240022 0.99964 0.026774 -0.19578 0.0174792 -0.0267278 0.999497 64.0806
0.999821 0.00334602 -0.0189124 -0.712172 -0.00281413 0.999602 0.0280872 -0.16292 0.0189991 -0.0280289 0.999433 65.288
0.999827 0.00290383 -0.0186959 -0.741709 -0.00233896 0.999543 0.0301752 -0.132386 0.0187749 -0.0301259 0.999378 66.4715
0.999803 0.00338452 -0.0198714 -0.770283 -0.00278839 0.999548 0.0299581 -0.105552 0.019964 -0.0298967 0.99936 67.6763
0.999824 0.00332975 -0.0187705 -0.814474 -0.00278274 0.999574 0.0291026 -0.0861316 0.0188593 -0.0290449 0.999408 68.8883
0.999835 0.00518576 -0.0177603 -0.853745 -0.00463683 0.999516 0.0308145 -0.0386833 0.0179118 -0.030727 0.999374 70.0712
0.999806 0.00553985 -0.0192358 -0.875388 -0.00494979 0.99952 0.0306003 -0.0107624 0.019396 -0.0304988 0.999354 71.2688
0.999831 0.00833109 -0.0167498 -0.914593 -0.00779143 0.999458 0.0320302 -0.000634282 0.0170079 -0.0318942 0.999353 72.479
0.999828 0.00849974 -0.0168391 -0.940657 -0.00794756 0.999438 0.0326029 0.0248768 0.0171066 -0.0324632 0.999334 73.6637
0.99985 0.00928078 -0.0150194 -0.952603 -0.00876381 0.999381 0.0341235 0.0619618 0.0153271 -0.0339867 0.999311 74.8658
0.999918 0.00777159 -0.0108463 -0.968294 -0.00739486 0.999383 0.0343749 0.099442 0.0111066 -0.0342916 0.999359 76.0299
0.999928 0.00823957 -0.00938343 -0.98737 -0.00793211 0.999447 0.0323429 0.0971267 0.00964502 -0.0322661 0.999439 77.2052
0.999959 0.00808989 -0.00540789 -0.997525 -0.00791469 0.999468 0.0317047 0.129212 0.00566135 -0.0316604 0.999492 78.3834
0.999977 0.00681985 -0.00373822 -1.00932 -0.00668514 0.999368 0.0349579 0.151335 0.00397453 -0.0349321 0.999388 79.563
0.999992 0.0054452 4.28053e-05 -1.01427 -0.0054433 0.999309 0.0367833 0.157244 0.000157325 -0.0367829 0.999332 80.7243
0.999967 0.00712434 0.00568393 -1.02021 -0.00732598 0.999317 0.0362652 0.20349 -0.00542136 -0.0363056 0.999333 81.8796
0.999954 0.00451982 0.00929212 -1.00309 -0.00485585 0.999325 0.0364427 0.263394 -0.00912137 -0.0364858 0.999302 83.035
0.999902 0.00484235 0.0138016 -0.991047 -0.00529026 0.999457 0.0325921 0.275699 -0.013636 -0.0326619 0.999381 84.1903
0.999883 0.00287844 0.0155432 -0.949544 -0.00339073 0.99945 0.03302 0.313341 -0.0154398 -0.0330684 0.999343 85.3569
0.999827 0.00154706 0.0190066 -0.921594 -0.00221424 0.999382 0.0351192 0.351225 -0.0189404 -0.0351551 0.99921 86.5259
0.999658 -0.00689718 0.0256084 -0.886793 0.00569398 0.998893 0.0467525 0.526361 -0.0259025 -0.0465902 0.998589 87.6813
0.999463 -0.0118045 0.0308661 -0.891807 0.0103938 0.998914 0.0454591 0.667864 -0.031369 -0.0451138 0.998497 88.6906
0.999305 -0.012739 0.035308 -0.859272 0.0111558 0.998942 0.0446702 0.729749 -0.0358396 -0.0442449 0.998388 89.8434
0.999198 -0.0143407 0.0376232 -0.81992 0.012619 0.998882 0.0456003 0.783287 -0.0382348 -0.0450889 0.998259 90.9773
0.999072 -0.0149788 0.0406568 -0.778923 0.0130398 0.998787 0.0475379 0.822939 -0.0413194 -0.0469631 0.998053 92.1296
0.998876 -0.0158952 0.0448775 -0.738301 0.013661 0.998676 0.0496523 0.859214 -0.045607 -0.0489834 0.997766 93.297
0.998772 -0.0166402 0.0468928 -0.689465 0.0142229 0.99858 0.0514129 0.897139 -0.0476813 -0.0506824 0.997588 94.4484
0.998519 -0.0196597 0.0509282 -0.641265 0.0169529 0.998452 0.0530406 0.970367 -0.0518916 -0.0520986 0.997302 95.5993
0.998496 -0.0192468 0.0515508 -0.586205 0.016517 0.998469 0.0528612 1.0458 -0.0524889 -0.0519297 0.997282 96.7878
0.998361 -0.0211117 0.0533802 -0.528793 0.018421 0.998562 0.0504019 1.08495 -0.054367 -0.0493359 0.99731 97.9382
0.998174 -0.0209396 0.0568614 -0.446389 0.0183132 0.998763 0.0463189 1.09965 -0.0577605 -0.0451925 0.997319 99.1238
0.998203 -0.0196229 0.0567893 -0.388086 0.0170077 0.998792 0.0461701 1.11742 -0.0576262 -0.0451212 0.997327 100.318
0.9981 -0.0198032 0.0585444 -0.313858 0.0170594 0.998753 0.0469967 1.15446 -0.0594015 -0.0459081 0.997192 101.48
0.99824 -0.0197679 0.0561026 -0.263117 0.0170791 0.998705 0.0480039 1.20476 -0.0569784 -0.0469611 0.99728 102.658
0.998338 -0.0202638 0.0541707 -0.203631 0.017578 0.998619 0.0495994 1.23675 -0.0551003 -0.0485641 0.997313 103.837
0.998399 -0.0197621 0.0531955 -0.138118 0.0171269 0.998629 0.0495408 1.27864 -0.0541011 -0.0485504 0.997364 105.032
0.998568 -0.021164 0.0493788 -0.0962434 0.0186896 0.998577 0.0500405 1.32078 -0.0503669 -0.0490454 0.997541 106.246
0.998692 -0.0211699 0.0467966 -0.0377534 0.01882 0.998571 0.0500945 1.35404 -0.0477898 -0.0491481 0.997658 107.445
0.998931 -0.0210902 0.0414349 -0.00359245 0.0189679 0.998525 0.050957 1.39581 -0.0424478 -0.0501161 0.997856 108.658
0.999082 -0.0212148 0.0375443 0.0397548 0.0192704 0.998495 0.0514102 1.44024 -0.0385779 -0.0506394 0.997983 109.867
0.999216 -0.0205458 0.0342114 0.0874749 0.0187332 0.998452 0.0524786 1.49814 -0.035236 -0.051796 0.998051 111.075
0.999384 -0.0213426 0.0282971 0.101686 0.0198109 0.998383 0.053342 1.549 -0.0293893 -0.0527483 0.998186 112.293
0.999505 -0.0205914 0.0243125 0.133137 0.0192431 0.998337 0.0544362 1.62038 -0.0253924 -0.0539409 0.998237 113.511
0.999641 -0.020984 0.0174071 0.137945 0.0200064 0.998314 0.054539 1.66976 -0.0185216 -0.0541709 0.998371 114.74
0.999731 -0.0208753 0.0112946 0.125373 0.0202278 0.998305 0.0546656 1.7267 -0.0124161 -0.0544219 0.998456 115.988
0.999767 -0.0209403 0.00719668 0.125665 0.020517 0.998304 0.0545409 1.74044 -0.00832603 -0.05438 0.998497 117.196
0.999797 -0.0206861 0.0019417 0.124705 0.0205498 0.998313 0.0543892 1.79719 -0.00306295 -0.0543377 0.998534 118.432
0.99983 -0.0191272 -0.000919203 0.115636 0.0191487 0.998362 0.0539686 1.83659 -0.000113927 -0.0539764 0.998554 119.649
0.99985 -0.0176701 -0.00389155 0.0993355 0.0178534 0.998405 0.053638 1.88992 0.00293816 -0.0536987 0.99857 120.883
0.999842 -0.0176594 -0.00562782 0.0808332 0.0179314 0.998453 0.0526898 1.9379 0.00468919 -0.0527818 0.998607 122.139
0.999873 -0.0156103 -0.00620539 0.0597416 0.0159127 0.99852 0.0521066 1.99245 0.00538341 -0.0521981 0.99864 123.362
0.999879 -0.0144167 -0.0079155 0.0418301 0.0148124 0.998516 0.0524684 2.0418 0.00714794 -0.0525787 0.998603 124.613
0.999879 -0.0144422 -0.00777446 0.0272641 0.0148395 0.998449 0.0537383 2.08556 0.00698711 -0.0538465 0.998543 125.849
0.999889 -0.0126983 -0.00944748 0.00595742 0.0131953 0.998426 0.0545636 2.14171 0.00874028 -0.0546815 0.998478 127.109
0.999893 -0.0118245 -0.0100916 -0.019379 0.0123773 0.998324 0.0565977 2.20788 0.00940628 -0.0567159 0.998362 128.365
0.999895 -0.0119461 -0.00974252 -0.0409722 0.0124852 0.998281 0.0573126 2.26454 0.00904174 -0.0574275 0.998322 129.601
0.999874 -0.012015 -0.0116818 -0.0799347 0.0126551 0.998334 0.0563646 2.29417 0.010986 -0.0565046 0.998358 130.902
0.999846 -0.0140372 -0.0118223 -0.101008 0.0146923 0.998253 0.057292 2.36227 0.0109982 -0.0574559 0.998301 132.139
0.999835 -0.013846 -0.0128951 -0.116685 0.0145708 0.998218 0.0579272 2.43401 0.0120712 -0.0581045 0.998254 133.417
0.999802 -0.0157565 -0.0132786 -0.12724 0.0165233 0.998078 0.0597807 2.49492 0.0123118 -0.0599874 0.998137 134.653
0.999804 -0.016154 -0.0126364 -0.148718 0.0168867 0.998047 0.0602177 2.56733 0.01164 -0.060418 0.998122 135.903
0.999745 -0.0188385 -0.0135409 -0.160406 0.0196125 0.998038 0.0595214 2.61493 0.0123937 -0.0597708 0.998149 137.19
0.999709 -0.0209453 -0.0131105 -0.177663 0.0216863 0.998014 0.0592041 2.6815 0.0118455 -0.0594699 0.998176 138.461
0.999685 -0.0219197 -0.0133668 -0.189637 0.0226794 0.997967 0.0596266 2.7468 0.0120333 -0.05991 0.998146 139.749
0.999669 -0.0224618 -0.0136752 -0.214791 0.0232418 0.997941 0.0598548 2.80964 0.0123036 -0.0601514 0.99813 141.037
0.999708 -0.0216872 -0.0119939 -0.23994 0.0223922 0.997818 0.0621642 2.87267 0.0106202 -0.0624136 0.998009 142.315
0.999746 -0.0194933 -0.0125291 -0.267798 0.0202344 0.997872 0.0620485 2.94855 0.011294 -0.0622848 0.998011 143.594
0.999766 -0.0185945 -0.0123408 -0.285083 0.0193232 0.997903 0.0618291 3.00985 0.0111659 -0.062052 0.998026 144.859
0.999799 -0.0178442 -0.0105894 -0.310651 0.0184563 0.99798 0.0608495 3.08091 0.00948333 -0.0610315 0.998107 146.131
0.999795 -0.0176964 -0.0113382 -0.324567 0.0183504 0.998006 0.0604373 3.15711 0.0102468 -0.060632 0.998123 147.401
0.99982 -0.0180882 -0.00793268 -0.344644 0.0185161 0.998167 0.0576935 3.20566 0.00687563 -0.0578287 0.998319 148.68
0.999803 -0.0186887 -0.00872891 -0.354282 0.0191461 0.998271 0.0556496 3.25508 0.00767454 -0.0558048 0.998428 149.931
0.999798 -0.0190605 -0.0084269 -0.369203 0.0194917 0.998329 0.054485 3.30401 0.00737543 -0.0546368 0.998496 151.197
0.9998 -0.0194241 -0.00744431 -0.381899 0.0198078 0.998266 0.0555096 3.34452 0.00635397 -0.0556449 0.998446 152.485
0.999804 -0.0182358 -0.00950435 -0.408852 0.0187361 0.998286 0.0555301 3.4114 0.00847654 -0.0556958 0.998428 153.762
0.99982 -0.0180326 -0.0082343 -0.421071 0.0184729 0.998209 0.0569699 3.45547 0.00719303 -0.0571106 0.998358 155.033
0.999821 -0.0173226 -0.0095384 -0.441098 0.0178441 0.998184 0.057619 3.5141 0.0085241 -0.0577774 0.99831 156.297
0.999845 -0.0159039 -0.00948243 -0.47356 0.0164274 0.998189 0.0579505 3.56414 0.00854442 -0.0580961 0.998291 157.551
0.999849 -0.0160688 -0.00884065 -0.491167 0.0165567 0.998171 0.0582225 3.62495 0.00789002 -0.0583586 0.998281 158.813
0.999828 -0.0160972 -0.0109213 -0.518168 0.016721 0.998083 0.0596681 3.6748 0.0099406 -0.0598392 0.998176 160.1
0.999825 -0.0166079 -0.010354 -0.542469 0.0172076 0.998005 0.0608205 3.71822 0.0093243 -0.0609867 0.998112 161.397
0.999831 -0.0151774 -0.0119455 -0.582631 0.0158773 0.998025 0.0608632 3.82322 0.0109989 -0.0610412 0.998092 162.692
0.999822 -0.0154239 -0.0122945 -0.580308 0.0161274 0.998112 0.0593472 3.85905 0.0113568 -0.0595335 0.998179 163.944
0.999823 -0.0156216 -0.01208 -0.600606 0.0163134 0.998101 0.0594809 3.92281 0.0111288 -0.059666 0.998174 165.215
0.999768 -0.0171192 -0.0143764 -0.596369 0.0179515 0.998047 0.0599212 3.96157 0.0133235 -0.0601639 0.998117 166.481
0.999773 -0.0170498 -0.0141071 -0.623005 0.0178626 0.998064 0.0596603 4.02286 0.0130636 -0.0598973 0.998137 167.745
0.999746 -0.0170569 -0.0159074 -0.648795 0.0179858 0.998029 0.0602155 4.09345 0.0148499 -0.0604848 0.998076 169.013
0.99974 -0.0166872 -0.0166839 -0.675698 0.0176855 0.99795 0.0616099 4.15436 0.0156225 -0.0618874 0.997979 170.274
0.999745 -0.0165512 -0.0164804 -0.706932 0.0175452 0.99792 0.0621259 4.21849 0.0154189 -0.0623977 0.99795 171.54
0.999718 -0.0169859 -0.0176621 -0.738157 0.0180702 0.997845 0.0631767 4.29787 0.0165518 -0.0634764 0.997865 172.807
0.999728 -0.016816 -0.0172459 -0.770314 0.0178824 0.997816 0.0636776 4.36883 0.0161385 -0.0639671 0.997839 174.066
0.999718 -0.014473 -0.0197787 -0.80654 0.0157271 0.99778 0.0648047 4.47312 0.0187977 -0.0650958 0.997721 175.356
0.999708 -0.0138776 -0.02069 -0.833011 0.015187 0.997805 0.0645442 4.55795 0.0197499 -0.0648381 0.997718 176.633
0.999719 -0.0132987 -0.020551 -0.86918 0.0146167 0.99776 0.0653737 4.62015 0.0196364 -0.0656541 0.997669 177.9
0.999664 -0.0138359 -0.0227568 -0.87074 0.0152881 0.997778 0.0649326 4.67893 0.0218089 -0.065257 0.997648 179.175
0.999662 -0.0149917 -0.0221207 -0.887026 0.0163786 0.997827 0.0639131 4.74453 0.0211154 -0.0642521 0.99773 180.465
0.999589 -0.0172008 -0.0237883 -0.919213 0.018684 0.997806 0.0636128 4.80241 0.0226429 -0.0640295 0.997709 181.721
0.99957 -0.0173879 -0.0243833 -0.955212 0.0189868 0.997581 0.0669614 4.87583 0.0231608 -0.0673939 0.997478 182.984
0.999566 -0.0187686 -0.0235557 -0.976632 0.0203917 0.997297 0.0706822 4.94176 0.0221664 -0.0711304 0.997238 184.265
0.999561 -0.0185011 -0.0239654 -1.01649 0.0201675 0.997259 0.0712784 4.98766 0.0225818 -0.0717287 0.997189 185.514
0.999611 -0.0171063 -0.0229215 -1.04925 0.0186635 0.99741 0.0695554 5.07459 0.0216733 -0.0699546 0.997332 186.777
0.99959 -0.0174135 -0.0235546 -1.07759 0.0189861 0.997491 0.0682869 5.12512 0.0223073 -0.0687045 0.997409 188.009
0.999591 -0.0174259 -0.0235822 -1.12114 0.0190101 0.997461 0.0687182 5.1971 0.0223258 -0.0691367 0.997375 189.262
0.999612 -0.0176572 -0.0224507 -1.14915 0.0192109 0.997298 0.0709928 5.28416 0.0211374 -0.0713948 0.997246 190.511
0.999594 -0.0177557 -0.0232264 -1.18539 0.0193896 0.997213 0.0721378 5.36728 0.0218815 -0.072557 0.997143 191.739
0.999632 -0.0184786 -0.0208274 -1.21737 0.0199609 0.997111 0.0733823 5.44811 0.0194121 -0.0737692 0.997109 193.017
0.999667 -0.0178912 -0.019728 -1.23803 0.0192815 0.997174 0.0727131 5.49114 0.0183721 -0.0730673 0.997177 194.223
0.999667 -0.0196922 -0.0178594 -1.24573 0.0209435 0.997131 0.0728334 5.53829 0.0163748 -0.0731813 0.997206 195.505
0.999717 -0.0192066 -0.0154753 -1.25722 0.0202658 0.997242 0.0715053 5.62973 0.01406 -0.0717968 0.99734 196.743
0.99972 -0.0197269 -0.0145647 -1.28194 0.0207214 0.997221 0.0716428 5.6984 0.0131119 -0.0719227 0.997346 197.946
0.999775 -0.0187146 -0.0119404 -1.31507 0.0195345 0.997166 0.0727554 5.76752 0.0105458 -0.0729704 0.997298 199.193
0.999774 -0.019116 -0.0113755 -1.33498 0.019914 0.997009 0.0747602 5.83636 0.00991344 -0.074968 0.997159 200.4
0.999801 -0.018459 -0.0101659 -1.35083 0.0191752 0.996962 0.0755907 5.91361 0.00874069 -0.0757686 0.997108 201.606
0.999813 -0.0185602 -0.00852217 -1.36889 0.019151 0.996969 0.0754843 5.98428 0.00709641 -0.0756315 0.997133 202.828
0.999806 -0.0188707 -0.00875259 -1.40028 0.0194916 0.996821 0.0773592 6.07405 0.00726599 -0.0775128 0.996986 204.02
0.999808 -0.01945 -0.00709065 -1.41797 0.0199446 0.996753 0.0780958 6.14126 0.0055498 -0.0782203 0.996943 205.231
0.999816 -0.0190615 -0.0071026 -1.43176 0.0195603 0.996731 0.0784915 6.22246 0.00558432 -0.0786139 0.996911 206.399
0.999849 -0.0174934 -0.00638024 -1.47572 0.0179411 0.996748 0.0786399 6.32714 0.00498496 -0.0787405 0.996906 207.578
0.999834 -0.0188242 -0.00490227 -1.48169 0.0191516 0.996721 0.0787233 6.39964 0.00340541 -0.078802 0.996906 208.738
0.999824 -0.0190832 -0.00572213 -1.47858 0.0194785 0.996637 0.0796806 6.43972 0.00418346 -0.079776 0.996828 209.9
0.999824 -0.0193801 -0.00497384 -1.48395 0.0197197 0.996514 0.0811506 6.5034 0.00338506 -0.0812321 0.996712 211.029
0.999824 -0.0188277 -0.00650534 -1.48718 0.019287 0.996631 0.0798033 6.59775 0.00498204 -0.0799127 0.996813 212.132
0.999822 -0.0189099 -0.00673414 -1.5013 0.019386 0.996647 0.0795936 6.66775 0.00520779 -0.0797077 0.996827 213.23
0.999813 -0.019687 -0.00566566 -1.4863 0.0200706 0.996729 0.0783699 6.74693 0.00410537 -0.0784669 0.996932 214.322
0.999798 -0.0198069 -0.00771111 -1.49969 0.0203514 0.996714 0.0785083 6.81017 0.00613207 -0.078647 0.996907 215.394
0.999766 -0.0210146 -0.00850555 -1.48571 0.0216165 0.996702 0.0783037 6.87288 0.00683308 -0.0784672 0.996918 216.46
0.999725 -0.0215704 -0.0115796 -1.49884 0.02242 0.99662 0.0791227 6.93425 0.00983505 -0.0793582 0.996821 217.519
0.999678 -0.022217 -0.0140178 -1.5007 0.0232761 0.996483 0.0805925 6.97947 0.012179 -0.0808907 0.996673 218.565
0.999658 -0.0219788 -0.0158044 -1.52367 0.0232098 0.99633 0.0824808 7.04832 0.0139348 -0.082817 0.996491 219.588
0.999605 -0.0211218 -0.0197383 -1.56246 0.0226872 0.996316 0.0827978 7.12926 0.0179178 -0.0832107 0.996396 220.581
0.99958 -0.0205241 -0.0216866 -1.58923 0.0222537 0.996326 0.0827921 7.19708 0.0199087 -0.0832374 0.996355 221.562
0.999472 -0.0201071 -0.0264343 -1.66012 0.0222235 0.99636 0.0823869 7.28367 0.0246826 -0.0829285 0.996275 222.519
0.999375 -0.0196434 -0.0302386 -1.69645 0.0221033 0.996288 0.0832936 7.35524 0.0284912 -0.0839074 0.996091 223.458
0.999301 -0.0197349 -0.0325333 -1.73159 0.0223849 0.996287 0.0832253 7.42564 0.030771 -0.0838928 0.996025 224.372
0.999134 -0.0203277 -0.0370062 -1.76709 0.0233397 0.996295 0.082873 7.48295 0.0351853 -0.0836623 0.995898 225.268
0.999083 -0.0202098 -0.0384191 -1.80631 0.0233293 0.996319 0.0825751 7.542 0.0366099 -0.0833931 0.99587 226.152
0.998924 -0.0193506 -0.0427592 -1.84371 0.0228287 0.996345 0.0824166 7.59892 0.041009 -0.0833015 0.995705 227.008
0.998789 -0.0185841 -0.0461148 -1.88476 0.0223298 0.996382 0.0820964 7.65644 0.0444232 -0.0830241 0.995583 227.842
0.998762 -0.0167874 -0.0473633 -1.93772 0.0206669 0.996372 0.0826492 7.70443 0.0458049 -0.0835232 0.995478 228.652
0.998691 -0.0162066 -0.0490572 -1.97827 0.0202487 0.996347 0.0830631 7.75647 0.0475327 -0.083945 0.995363 229.445
0.998703 -0.0164408 -0.0487145 -2.01157 0.0204772 0.996301 0.0835584 7.81018 0.0471614 -0.084445 0.995337 230.224
0.998683 -0.0160774 -0.0492788 -2.05034 0.0202116 0.996219 0.0845873 7.86347 0.0477335 -0.0854691 0.995224 230.981
0.998697 -0.0157111 -0.0490777 -2.08364 0.0198405 0.996206 0.0848233 7.91035 0.0475597 -0.0856839 0.995212 231.732
0.998718 -0.0154724 -0.0487457 -2.11304 0.0195029 0.996339 0.0833337 7.95835 0.0472788 -0.0841748 0.995356 232.484
0.998706 -0.0154491 -0.0489963 -2.15598 0.0194506 0.996427 0.0822755 7.9984 0.0475511 -0.0831194 0.99543 233.227
0.998762 -0.015375 -0.0478716 -2.19969 0.0192198 0.996543 0.0809279 8.04358 0.0464629 -0.0817451 0.995597 233.961
0.998795 -0.0149519 -0.0472942 -2.23324 0.0187498 0.996553 0.0809094 8.09699 0.0459224 -0.081696 0.995624 234.689
0.998861 -0.0151856 -0.0458372 -2.28123 0.018865 0.996548 0.0809446 8.14387 0.0444508 -0.0817143 0.995691 235.41
0.998965 -0.0152377 -0.0434807 -2.31168 0.0187534 0.996494 0.0816339 8.20354 0.0420853 -0.0823622 0.99574 236.127
0.999033 -0.0146567 -0.0421149 -2.33991 0.018095 0.996438 0.0824638 8.26641 0.0407573 -0.0831432 0.995731 236.85
0.999126 -0.0144428 -0.0399263 -2.36814 0.0176963 0.996452 0.082377 8.32122 0.0385957 -0.0830088 0.995828 237.555
0.999202 -0.0146349 -0.0378929 -2.37326 0.0176908 0.996515 0.0816174 8.33067 0.0365675 -0.0822197 0.995971 238.255
0.999307 -0.0145741 -0.0350553 -2.39426 0.0174012 0.996509 0.0817478 8.40059 0.0337424 -0.0822984 0.996064 238.961
0.999426 -0.0147746 -0.0314055 -2.41479 0.0173227 0.99645 0.0824894 8.45262 0.0300764 -0.0829831 0.996126 239.661
0.999483 -0.015007 -0.0293738 -2.43948 0.0173947 0.996422 0.082803 8.49145 0.028027 -0.0832685 0.996161 240.363
0.999559 -0.0151898 -0.0266089 -2.45923 0.0173277 0.996485 0.082064 8.54741 0.0252701 -0.082486 0.996301 241.065
0.99961 -0.0149013 -0.0247533 -2.49142 0.0169221 0.996367 0.0835518 8.59827 0.0234192 -0.0839353 0.996223 241.754
0.999682 -0.0146602 -0.0219055 -2.51447 0.0164397 0.996388 0.0834145 8.64752 0.0206048 -0.0837451 0.996303 242.447
0.999751 -0.0144183 -0.0185862 -2.53457 0.0159297 0.996352 0.0839308 8.69485 0.0173092 -0.0842033 0.996326 243.16
0.999797 -0.0145396 -0.0159435 -2.55659 0.0158393 0.996289 0.0847045 8.74988 0.0146542 -0.0849367 0.996309 243.855
0.999841 -0.0140412 -0.0133476 -2.57938 0.015121 0.996308 0.0845933 8.809 0.0121116 -0.0847788 0.996354 244.575
0.999866 -0.0140846 -0.0113047 -2.59085 0.0149949 0.996278 0.0849826 8.859 0.0100671 -0.0851376 0.996349 245.277
0.99989 -0.0143709 -0.00836481 -2.60112 0.0150205 0.996389 0.0836556 8.90971 0.00713347 -0.0837693 0.996487 245.997
0.999913 -0.0135238 -0.00706069 -2.60413 0.0140562 0.996556 0.0818353 8.9778 0.00593112 -0.0819244 0.996651 246.708
0.999917 -0.013807 -0.00584307 -2.60853 0.014241 0.996513 0.0823044 9.03186 0.00468744 -0.0823778 0.996619 247.417
0.999923 -0.0135209 -0.00550173 -2.61436 0.0139308 0.99646 0.0830122 9.08823 0.00436127 -0.0830794 0.996564 248.156
0.999908 -0.0143163 -0.00616755 -2.61295 0.0147842 0.996356 0.0840961 9.15216 0.00494224 -0.0841766 0.996467 248.889
0.999923 -0.0136772 -0.00526392 -2.61538 0.0140741 0.996307 0.0847992 9.21617 0.0040861 -0.0848636 0.996415 249.633
0.999926 -0.0131917 -0.00565924 -2.62375 0.0136207 0.996376 0.084057 9.2855 0.00453098 -0.084125 0.996474 250.374
0.9999 -0.0146703 -0.00676164 -2.65598 0.0151805 0.996448 0.0829334 9.35775 0.0055224 -0.0830247 0.996563 251.16
0.999875 -0.0167429 -0.00555311 -2.66048 0.0171477 0.996375 0.0834181 9.42765 0.00413735 -0.0834996 0.99653 251.905
0.999821 -0.0199164 -0.00470151 -2.69004 0.0202337 0.996454 0.0817714 9.49651 0.00305769 -0.0818489 0.996671 252.63
0.999855 -0.0184413 -0.00347204 -2.69455 0.0186673 0.996307 0.0838982 9.54671 0.00191299 -0.0839474 0.996499 253.403
0.999933 -0.0134065 -0.00386989 -2.68092 0.0136985 0.995909 0.0894246 9.60874 0.00265661 -0.0894686 0.996018 254.192
0.999935 -0.013624 -0.00289456 -2.6805 0.0138345 0.995547 0.0933288 9.64978 0.00161113 -0.093359 0.995662 254.979
0.99989 -0.016725 -0.00052025 -2.66528 0.0167025 0.995727 0.0909329 9.73016 -0.00100135 -0.0909286 0.995889 255.799
0.999924 -0.0145023 0.00250289 -2.65815 0.0142333 0.996202 0.0859884 9.79109 -0.00373939 -0.0859426 0.996324 256.618
0.999966 -0.00984338 0.00564371 -2.6552 0.00933412 0.996428 0.0840376 9.83027 -0.00644929 -0.083979 0.996479 257.469
0.999952 -0.00943352 0.0084796 -2.65271 0.00867455 0.996311 0.0854657 9.90143 -0.00925356 -0.0853843 0.996337 258.28
0.999931 -0.00962104 0.0103194 -2.63514 0.00865856 0.995955 0.0895418 9.94764 -0.0111376 -0.0894433 0.995961 259.155
0.999852 -0.0125983 0.0142322 -2.62329 0.0112202 0.995605 0.0930684 10.0197 -0.0153411 -0.0928911 0.99559 259.984
0.999766 -0.0172429 0.0152208 -2.60533 0.0157071 0.995287 0.095795 10.1228 -0.0167993 -0.0955304 0.995316 260.85
0.999697 -0.0175641 0.0191227 -2.59103 0.0156241 0.995146 0.0972473 10.1933 -0.0207368 -0.0969149 0.99511 261.681
0.999683 -0.0158063 0.0211452 -2.57986 0.0136916 0.995235 0.0966473 10.2721 -0.0225705 -0.0963238 0.995127 262.52
0.999628 -0.0158554 0.0237631 -2.56587 0.0135008 0.995283 0.0961614 10.3486 -0.0251745 -0.0958006 0.995116 263.355
0.999548 -0.015035 0.0272702 -2.54848 0.0123206 0.995208 0.0971 10.4131 -0.0285978 -0.0967165 0.994935 264.188
0.999513 -0.0148295 0.0287487 -2.52828 0.0119081 0.995001 0.0992484 10.4906 -0.0300756 -0.0988534 0.994682 265.055
0.999393 -0.014077 0.0329097 -2.51018 0.0106702 0.994789 0.101488 10.5611 -0.0341653 -0.101071 0.994327 265.891
0.999323 -0.0140466 0.035104 -2.4862 0.0103856 0.994701 0.102377 10.6417 -0.0363548 -0.101938 0.994162 266.723
0.999216 -0.0142728 0.037842 -2.45972 0.010324 0.994683 0.102555 10.725 -0.0391028 -0.102081 0.994042 267.556
0.999138 -0.0164792 0.0390988 -2.42931 0.0124151 0.994716 0.102 10.8084 -0.0405719 -0.101422 0.994051 268.448
0.999048 -0.0186506 0.0403062 -2.38562 0.0143949 0.994546 0.103398 10.8841 -0.0420132 -0.102715 0.993859 269.29
0.998992 -0.0182059 0.0419749 -2.34879 0.0137428 0.994465 0.104264 10.9507 -0.0436395 -0.103577 0.9937 270.141
0.998967 -0.0192241 0.042012 -2.31585 0.0147221 0.994379 0.104948 11.0391 -0.0437917 -0.104217 0.993626 270.986
0.999079 -0.0198335 0.039072 -2.27783 0.0156331 0.994358 0.105017 11.1296 -0.0409332 -0.104305 0.993739 271.942
0.999049 -0.0193938 0.0399353 -2.2508 0.0150538 0.994238 0.106234 11.2035 -0.0417636 -0.105528 0.993576 272.79
0.999199 -0.0176435 0.0370214 -2.21905 0.013585 0.994161 0.107147 11.2746 -0.0386944 -0.106553 0.99359 273.698
0.999199 -0.0175728 0.0369688 -2.19298 0.0135104 0.994135 0.107397 11.3502 -0.0386375 -0.106807 0.993567 274.548
0.999285 -0.0169862 0.0349482 -2.16808 0.0131417 0.994136 0.107437 11.4244 -0.036567 -0.106896 0.993635 275.406
0.999336 -0.0165764 0.0335719 -2.14425 0.0128646 0.994089 0.107903 11.5061 -0.0351605 -0.107395 0.993633 276.257
0.999368 -0.0158563 0.0330639 -2.12176 0.0122001 0.994087 0.10799 11.5867 -0.0345795 -0.107514 0.99364 277.102
0.999472 -0.0143397 0.0304141 -2.10164 0.0109665 0.994068 0.108306 11.6567 -0.0317852 -0.107911 0.993691 277.967
0.999516 -0.0144153 0.0290438 -2.08252 0.0111559 0.993944 0.109417 11.7462 -0.030444 -0.109034 0.99361 278.811
0.999598 -0.0147216 0.0257196 -2.06292 0.0117734 0.993736 0.111234 11.8406 -0.0271945 -0.110882 0.9935 279.664
0.999681 -0.0158135 0.0217727 -2.04558 0.0132323 0.993406 0.113978 11.9341 -0.0234303 -0.113648 0.993285 280.505
0.999734 -0.0172462 0.0176244 -2.02595 0.0150884 0.993151 0.115963 12.0177 -0.0195021 -0.115661 0.993136 281.337
0.999814 -0.0175195 0.0124722 -2.01678 0.0159351 0.992964 0.117431 12.1129 -0.0144407 -0.117204 0.993044 282.162
0.999847 -0.0176777 0.00836002 -2.01213 0.0165648 0.99285 0.11831 12.2058 -0.0103903 -0.118149 0.992982 282.977
0.99988 -0.0178932 0.00327278 -2.0122 0.0173756 0.992732 0.119175 12.291 -0.00538042 -0.119097 0.99291 283.788
0.999873 -0.018183 -0.00123684 -2.01612 0.0181999 0.99266 0.119654 12.3622 -0.000946583 -0.119656 0.992856 284.579
0.999872 -0.0182096 -0.00439624 -2.01971 0.018606 0.992579 0.120257 12.4443 0.0021747 -0.120316 0.992777 285.352
0.999835 -0.0183486 -0.00853247 -2.0299 0.019247 0.992464 0.121107 12.5397 0.0062472 -0.121246 0.992645 286.112
0.999813 -0.018252 -0.0117242 -2.04468 0.0195451 0.992372 0.121808 12.6212 0.00941234 -0.122008 0.992528 286.852
0.999732 -0.0189452 -0.0160659 -2.05962 0.0207597 0.992378 0.121568 12.7196 0.0136413 -0.121863 0.992495 287.591
0.999605 -0.020405 -0.0216532 -2.08275 0.0228892 0.992338 0.121501 12.8063 0.0190088 -0.121941 0.992399 288.336
0.999501 -0.0202898 -0.0258643 -2.10462 0.0232916 0.992313 0.121629 12.896 0.0231985 -0.122165 0.992281 289.014
0.999324 -0.0198955 -0.0324776 -2.12889 0.0236673 0.992475 0.120229 12.9926 0.0298418 -0.120909 0.992259 289.679
0.999042 -0.0200361 -0.0400039 -2.16063 0.0247288 0.992416 0.120498 13.0681 0.0372869 -0.121366 0.991952 290.318
0.998566 -0.019801 -0.0507198 -2.19797 0.0257992 0.992391 0.120485 13.1199 0.0479486 -0.121614 0.991463 290.963
0.997792 -0.019807 -0.0640721 -2.24621 0.02738 0.992458 0.119574 13.1723 0.0612209 -0.121058 0.9908 291.623
0.996648 -0.0194126 -0.0801007 -2.30423 0.0289763 0.992359 0.120024 13.2363 0.0771589 -0.121936 0.98958 292.226
0.994903 -0.0173828 -0.0997626 -2.37313 0.0293501 0.992377 0.119782 13.2971 0.0969197 -0.122094 0.98782 292.828
0.992442 -0.0162799 -0.122043 -2.46327 0.0308395 0.9925 0.118383 13.3679 0.1192 -0.121244 0.985485 293.429
0.9889 -0.0162016 -0.147992 -2.56115 0.0339485 0.992421 0.118198 13.4343 0.144954 -0.121904 0.981946 294.001
0.984464 -0.0154083 -0.175203 -2.66388 0.0364642 0.992402 0.117609 13.4927 0.172059 -0.122164 0.977529 294.551
0.97865 -0.0147654 -0.205217 -2.79169 0.0395811 0.992312 0.117357 13.541 0.201905 -0.122968 0.971701 295.075
0.971009 -0.0153712 -0.238763 -2.93511 0.044381 0.992197 0.11661 13.6099 0.235106 -0.123819 0.964098 295.641
0.961626 -0.0149898 -0.274116 -3.09607 0.048598 0.992042 0.116236 13.6561 0.270189 -0.125091 0.954693 296.15
0.950548 -0.0141161 -0.310424 -3.27046 0.0524024 0.991953 0.11535 13.7074 0.306296 -0.125905 0.943623 296.637
0.937065 -0.0124474 -0.349062 -3.47021 0.0560499 0.991782 0.1151 13.7491 0.344756 -0.127414 0.930053 297.129
0.921649 -0.0119423 -0.387975 -3.67428 0.0606737 0.991683 0.113605 13.7981 0.383389 -0.128236 0.914693 297.575
0.903701 -0.0120902 -0.4281 -3.90202 0.0663043 0.991509 0.111963 13.8405 0.423106 -0.12956 0.896819 298.035
0.883543 -0.0118531 -0.468312 -4.15017 0.0716382 0.991351 0.110063 13.8927 0.462953 -0.130786 0.876735 298.456
0.860126 -0.0126505 -0.510015 -4.40499 0.0779349 0.991228 0.106848 13.9244 0.504183 -0.131644 0.853557 298.852
0.833633 -0.012334 -0.552277 -4.69009 0.0832893 0.991139 0.103583 13.9592 0.546101 -0.132341 0.827259 299.256
0.804434 -0.0132883 -0.593972 -4.9811 0.089588 0.991042 0.0991594 13.9986 0.587326 -0.132973 0.798408 299.63
0.772124 -0.0120824 -0.63544 -5.28332 0.0936984 0.991069 0.0950064 14.0387 0.628612 -0.132889 0.766346 299.963
0.73632 -0.0124566 -0.676589 -5.61903 0.0996268 0.990942 0.0901775 14.0665 0.669327 -0.133799 0.730882 300.302
0.697284 -0.0133303 -0.716744 -5.95064 0.107311 0.990514 0.0859733 14.0873 0.708792 -0.136854 0.692086 300.59
0.653667 -0.0145058 -0.756707 -6.32621 0.117515 0.989647 0.0825416 14.1108 0.747663 -0.142872 0.648596 300.875
0.605536 -0.0139333 -0.795762 -6.69794 0.125268 0.989065 0.0780028 14.1351 0.785965 -0.146909 0.600647 301.115
0.554982 -0.0110783 -0.831847 -7.05266 0.127622 0.98922 0.0719705 14.1472 0.822069 -0.146097 0.550406 301.315
0.50171 -0.00554353 -0.865079 -7.46532 0.126479 0.989716 0.0670087 14.1667 0.855802 -0.143025 0.497241 301.499
0.446626 -0.0017708 -0.894775 -7.86263 0.125538 0.990242 0.0607019 14.186 0.885921 -0.139432 0.442484 301.649
0.389702 0.000279514 -0.920998 -8.24596 0.127215 0.99041 0.0541278 14.1881 0.912171 -0.13825 0.38592 301.767
0.331398 0.00199252 -0.943544 -8.66362 0.129913 0.990389 0.0477199 14.1972 0.934553 -0.138386 0.327949 301.872
0.272965 0.00440597 -0.962067 -9.04849 0.13295 0.990234 0.0422555 14.1967 0.952848 -0.139433 0.269708 301.958
0.213716 0.00737918 -0.976921 -9.46996 0.135434 0.990105 0.0371063 14.2088 0.967509 -0.140232 0.210598 302.001
0.151775 0.0102579 -0.988414 -9.88368 0.137708 0.989987 0.0314189 14.1948 0.978829 -0.140873 0.148839 302.027
0.0876233 0.0132681 -0.996118 -10.2979 0.13763 0.990174 0.0252947 14.2022 0.986646 -0.139305 0.0849339 302.03
0.0236556 0.0184694 -0.999601 -10.7396 0.13865 0.990119 0.0215746 14.2009 0.990113 -0.139097 0.0208595 301.99
-0.042555 0.023962 -0.998859 -11.186 0.138821 0.990171 0.0178383 14.1872 0.989448 -0.137897 -0.045464 301.928
-0.109553 0.0292675 -0.993602 -11.6233 0.138405 0.99029 0.0139091 14.1734 0.984352 -0.135988 -0.112539 301.85
-0.17555 0.0352256 -0.983894 -12.085 0.137726 0.990425 0.0108846 14.1688 0.974835 -0.13359 -0.178719 301.72
-0.241095 0.0404259 -0.969713 -12.5357 0.13746 0.990495 0.00711583 14.164 0.960772 -0.131573 -0.244357 301.581
-0.304791 0.0441587 -0.951451 -13.0011 0.137748 0.99048 0.00184191 14.1452 0.942454 -0.130492 -0.307969 301.391
-0.365505 0.0463029 -0.929715 -13.456 0.13745 0.990511 -0.00470609 14.1292 0.920663 -0.129501 -0.368395 301.179
-0.424081 0.0468398 -0.904471 -13.9009 0.135934 0.990655 -0.0124344 14.1108 0.895415 -0.128214 -0.42648 300.936
-0.479007 0.0465357 -0.876638 -14.3603 0.133787 0.990811 -0.0205069 14.0884 0.867618 -0.127098 -0.480823 300.648
-0.529598 0.046723 -0.847023 -14.8054 0.131226 0.990989 -0.0273863 14.0689 0.838091 -0.125648 -0.53095 300.338
-0.575504 0.0473941 -0.816492 -15.2608 0.128625 0.991153 -0.0331287 14.0457 0.807688 -0.124079 -0.576498 299.972
-0.615807 0.0471804 -0.78655 -15.7212 0.124832 0.991455 -0.0382648 14.0161 0.778005 -0.121744 -0.616427 299.58
-0.652686 0.0488544 -0.756125 -16.1771 0.123568 0.991434 -0.042606 13.9909 0.747558 -0.121234 -0.653119 299.16
-0.689217 0.0545975 -0.722568 -16.643 0.125895 0.991028 -0.0452048 13.9338 0.7136 -0.122117 -0.689899 298.709
-0.724738 0.0582801 -0.686636 -17.0997 0.12511 0.990997 -0.0479383 13.8884 0.677652 -0.12064 -0.725491 298.22
-0.757055 0.0600344 -0.650668 -17.5351 0.123683 0.990948 -0.0524782 13.8285 0.641612 -0.120198 -0.757618 297.684
-0.787132 0.0567164 -0.614263 -17.9551 0.117997 0.991232 -0.0596808 13.7613 0.605485 -0.11945 -0.786908 297.098
-0.814052 0.0559084 -0.578185 -18.3844 0.115476 0.991079 -0.0667534 13.7071 0.569281 -0.1211 -0.813237 296.465
-0.838513 0.0510072 -0.542595 -18.7877 0.109061 0.991187 -0.0753621 13.6522 0.533962 -0.12236 -0.83667 295.804
-0.860737 0.0492017 -0.506769 -19.1644 0.104651 0.991177 -0.0815192 13.5653 0.498274 -0.123193 -0.858282 295.102
-0.881358 0.049091 -0.470017 -19.55 0.100924 0.991207 -0.0857219 13.5092 0.46167 -0.12298 -0.878545 294.374
-0.900058 0.0473153 -0.433315 -19.8926 0.0950947 0.991473 -0.0892677 13.433 0.425384 -0.121544 -0.896872 293.623
-0.917784 0.0461535 -0.39454 -20.2233 0.089881 0.991606 -0.0930832 13.3331 0.386927 -0.120884 -0.914209 292.771
-0.933306 0.0474912 -0.356076 -20.529 0.0868931 0.991644 -0.0955009 13.2488 0.348555 -0.120064 -0.929623 291.956
-0.947187 0.0501625 -0.316924 -20.8372 0.0849022 0.991691 -0.0967821 13.1156 0.309431 -0.11857 -0.943556 291.065
-0.959252 0.0489189 -0.278475 -21.1058 0.0789583 0.992093 -0.0977134 13.0275 0.271485 -0.115712 -0.955518 290.138
-0.969037 0.0516275 -0.241714 -21.3322 0.0772232 0.992233 -0.0976584 12.9221 0.234792 -0.113292 -0.965475 289.225
-0.977558 0.0513154 -0.204579 -21.5356 0.0728622 0.992407 -0.0992428 12.8264 0.197927 -0.111914 -0.973863 288.264
-0.983943 0.0496963 -0.171789 -21.7157 0.0681034 0.992361 -0.102993 12.7193 0.165355 -0.11303 -0.979789 287.274
-0.989275 0.0486488 -0.138113 -21.8706 0.0637365 0.992224 -0.107043 12.6025 0.131827 -0.11469 -0.984671 286.254
-0.993232 0.048059 -0.106324 -21.9829 0.0595903 0.992364 -0.108113 12.4924 0.100314 -0.113709 -0.98849 285.21
-0.995922 0.0488056 -0.0765756 -22.0406 0.0571502 0.992199 -0.110921 12.3831 0.0705617 -0.114837 -0.99093 284.124
-0.997808 0.0476767 -0.0472438 -22.1034 0.0527411 0.992257 -0.112568 12.2597 0.0415098 -0.114804 -0.992574 283.011
-0.998682 0.0475918 -0.021815 -22.1035 0.049767 0.992296 -0.113582 12.1257 0.0162397 -0.11451 -0.993344 281.883
-0.999018 0.0456046 0.00323543 -22.1019 0.0449488 0.992642 -0.112552 12.019 -0.00834537 -0.112288 -0.993695 280.741
-0.998694 0.0451384 0.0260801 -22.0726 0.0419471 0.992836 -0.112011 11.878 -0.0309499 -0.110763 -0.993421 279.585
-0.99799 0.0435384 0.0474045 -22.0197 0.037985 0.992963 -0.112288 11.735 -0.0519601 -0.110253 -0.992599 278.422
-0.99713 0.0419756 0.0638744 -21.9396 0.0345917 0.993058 -0.11257 11.5922 -0.0681559 -0.110029 -0.991646 277.244
-0.996487 0.0383552 0.0753023 -21.8381 0.0296534 0.993117 -0.113432 11.4652 -0.0791347 -0.110792 -0.990744 276.04
-0.995931 0.035963 0.0833045 -21.7254 0.0265179 0.993393 -0.111808 11.3321 -0.0867743 -0.109136 -0.99029 274.812
-0.995829 0.0327354 0.085927 -21.6067 0.0231514 0.993649 -0.110237 11.1946 -0.08899 -0.107779 -0.99024 273.571
-0.995741 0.0322181 0.0870394 -21.4892 0.0225622 0.993725 -0.109704 11.0427 -0.0900272 -0.107264 -0.990204 272.311
-0.996054 0.0308009 0.0840455 -21.3682 0.0214674 0.99374 -0.109763 10.9007 -0.0869004 -0.107517 -0.990454 271.036
-0.996096 0.0321107 0.082917 -21.2506 0.022888 0.993701 -0.109851 10.7628 -0.0859217 -0.107516 -0.990541 269.709
-0.996309 0.0321366 0.080453 -21.1354 0.0232651 0.993799 -0.108858 10.6332 -0.0834527 -0.106575 -0.990852 268.39
