0.999947 -0.00163844 -0.0102913 0.121983 0.00165032 0.999997 0.00116017 -0.0153924 0.0102907 -0.00117747 0.999947 1.16568
0.999892 -0.00254175 -0.0144113 0.139519 0.00256548 0.999996 0.00161371 -0.0383212 0.0144086 -0.00165067 0.999891 2.47827
0.999876 -0.00414994 -0.015356 0.130833 0.00414821 0.999993 -0.000119344 -0.050118 0.0153592 5.53058e-05 0.999886 3.84138
0.999863 -0.00459499 -0.0158068 0.110104 0.00458569 0.99999 -0.000636792 -0.0619139 0.015811 0.000564036 0.999871 5.19696
0.99984 -0.00546576 -0.0171877 0.0986905 0.00547214 0.999987 0.000350643 -0.0865569 0.0171884 -0.000444921 0.999857 6.52343
0.999775 -0.0078418 -0.0195923 0.11942 0.00786789 0.99997 0.00124757 -0.104161 0.0195834 -0.0014017 0.999803 7.85811
0.999744 -0.00755029 -0.0214311 0.122776 0.00758239 0.999972 0.00144251 -0.11674 0.0214226 -0.00160493 0.999773 9.24575
0.999708 -0.00737497 -0.0229618 0.123241 0.00737319 0.999974 -0.000171171 -0.136239 0.0229639 1.5832e-06 0.999733 10.6083
0.999684 -0.0054506 -0.0246605 0.118698 0.00539441 0.999985 -0.00232381 -0.16126 0.0246758 0.00218975 0.999699 11.9994
0.999716 -0.0017291 -0.0237559 0.0568666 0.00164864 0.999996 -0.00341512 -0.181542 0.0237632 0.00337477 0.999711 13.3441
0.999738 0.000919842 -0.0229697 -0.00128829 -0.000992616 0.999997 -0.00313055 -0.209623 0.0229697 0.00315229 0.999737 14.7014
0.999756 0.00191707 -0.0219972 -0.0556742 -0.00197399 0.999997 -0.00257937 -0.229096 0.0219936 0.00262191 0.999754 16.0629
0.999792 -0.000181272 -0.0205216 -0.111022 0.000184034 1 0.000162033 -0.25196 0.0205246 -0.000165945 0.999797 17.4331
0.99981 -0.00423934 -0.0190586 -0.166737 0.00427338 0.999991 0.00172864 -0.270254 0.0190526 -0.00181002 0.999817 18.7972
0.99982 -0.00696863 -0.0178175 -0.215815 0.00696593 0.99998 -0.000181056 -0.296536 0.0178213 5.66975e-05 0.99985 20.1759
0.999833 -0.00804022 -0.0165331 -0.271898 0.00800976 0.999969 -0.00191941 -0.320836 0.0165498 0.00178645 0.999866 21.5272
0.999869 -0.00593517 -0.0153112 -0.30993 0.00589252 0.999983 -0.00277183 -0.356359 0.0153304 0.00268104 0.999888 22.9133
0.999895 -0.0031913 -0.0142561 -0.343649 0.00318791 0.999998 -0.000272019 -0.386388 0.0142587 0.000226276 0.999902 24.3213
0.999917 -0.00256072 -0.0129849 -0.383243 0.00261322 0.999993 0.00409782 -0.420265 0.0129773 -0.00413158 0.999917 25.743
0.999937 -0.00422731 -0.0105164 -0.430127 0.00429431 0.999976 0.0063386 -0.437112 0.0104912 -0.0063837 0.99993 27.1369
0.999919 -0.00857053 -0.0100025 -0.456578 0.00862313 0.999953 0.00530974 -0.463914 0.0099597 -0.00539578 0.999943 28.5457
0.999915 -0.00958367 -0.00901776 -0.492279 0.009619 0.999952 0.00385373 -0.491105 0.00898235 -0.00394049 0.999958 29.9349
0.999927 -0.0107036 -0.00670778 -0.539985 0.0107172 0.999946 0.00214117 -0.518621 0.00668792 -0.00221326 0.999984 31.3141
0.999968 -0.00706598 -0.00460474 -0.578095 0.00707192 0.999981 0.00127028 -0.538331 0.00459786 -0.00130308 0.999998 32.7169
0.999983 -0.00616066 -0.00351405 -0.605546 0.00615797 0.999988 -0.000477968 -0.559816 0.0035204 0.000455874 1 34.1102
0.999985 -0.00593422 -0.0015221 -0.630905 0.00593323 0.999989 -0.000711097 -0.582944 0.00152854 0.000701807 1.00001 35.491
0.999991 -0.00567276 -0.000575089 -0.658014 0.00567211 0.99999 0.000586623 -0.60459 0.000575253 -0.000590348 1.00001 36.9116
0.999993 -0.00481068 -0.000922411 -0.666534 0.0048123 0.999995 0.00162531 -0.621078 0.000916928 -0.00163001 1.00001 38.3396
1 -0.00329449 -0.00165464 -0.647278 0.00329766 0.999997 0.00247653 -0.650908 0.00164996 -0.00248244 1.00001 39.7831
1.00001 -0.000345618 -0.00114869 -0.662904 0.000348471 1.00001 0.00247301 -0.674341 0.00115029 -0.00247378 1.00001 41.2206
1.00001 0.00144577 -0.00147579 -0.666644 -0.00144245 1 0.00284808 -0.694436 0.00148344 -0.00284645 1 42.6979
0.999999 0.00369713 -0.0010012 -0.672242 -0.00369392 0.999998 0.00298597 -0.719217 0.00101469 -0.00298261 1 44.1408
1 0.00241119 -0.00154654 -0.671 -0.0024079 0.999999 0.00269532 -0.737501 0.00155666 -0.00269216 1.00001 45.5921
1.00001 0.00146086 -0.00187583 -0.680512 -0.00145572 1 0.00274071 -0.762446 0.00188243 -0.00273834 1.00001 47.0304
1.00001 0.00153494 -0.00222122 -0.697621 -0.00152996 1 0.00265944 -0.77534 0.00222914 -0.00265672 1.00001 48.4515
1 0.00174598 -0.00323977 -0.702545 -0.00173337 0.999997 0.00392288 -0.794128 0.00324921 -0.00391772 0.999999 49.9234
0.999994 0.00182858 -0.00538674 -0.694199 -0.00180879 0.999997 0.00385903 -0.817201 0.00539762 -0.00384998 0.999992 51.3748
0.999982 0.00242178 -0.00688284 -0.702666 -0.00240082 0.999999 0.00306036 -0.817491 0.00689285 -0.00304416 0.999984 52.8386
0.999973 0.00271178 -0.00825966 -0.717389 -0.00269156 0.999998 0.00258192 -0.816267 0.00827056 -0.00256034 0.999978 54.2689
0.999971 0.00160355 -0.00857897 -0.737361 -0.0015796 1 0.00281579 -0.830104 0.00858604 -0.00280253 0.99997 55.7401
0.999972 -8.19734e-05 -0.00883302 -0.755513 0.000106157 1 0.00285071 -0.850373 0.00883676 -0.00285226 0.99997 57.1978
0.99996 -0.00255013 -0.00955521 -0.773889 0.00257203 1 0.00233708 -0.871193 0.00955188 -0.00236195 0.999962 58.6441
0.999971 -0.00389482 -0.00805153 -0.815838 0.0039213 0.999991 0.00343543 -0.902369 0.00804227 -0.00346747 0.999977 60.0883
0.999974 -0.00600347 -0.00619401 -0.851881 0.00603856 0.99997 0.00580053 -0.93739 0.00616173 -0.00583816 0.999977 61.5363
0.999955 -0.00856309 -0.00608572 -0.855277 0.00860999 0.999936 0.00793227 -0.969302 0.00602156 -0.00798499 0.999965 62.9927
0.999937 -0.010853 -0.00573725 -0.845566 0.0108984 0.999916 0.00806075 -0.994452 0.00565099 -0.00812305 0.999968 64.4246
0.99992 -0.0126477 -0.00473105 -0.865403 0.0126805 0.999899 0.00725265 -1.00958 0.00464252 -0.00731272 0.999979 65.8237
0.999941 -0.0116284 -0.00299244 -0.894606 0.0116468 0.999919 0.00643566 -1.0226 0.002919 -0.0064704 0.999992 67.2508
0.999953 -0.0106288 -0.00211951 -0.903707 0.0106409 0.999929 0.00634679 -1.04155 0.00205545 -0.00636966 0.999995 68.7025
0.999991 -0.00673533 0.000263929 -0.939729 0.00673238 0.999956 0.00751637 -1.06388 -0.00031309 -0.00751473 0.99999 70.0881
1.00001 -0.00341466 0.0012679 -0.953521 0.0034025 0.999965 0.00854867 -1.0725 -0.00129375 -0.00854502 0.999982 71.583
1.00001 0.00120697 0.00197721 -0.967117 -0.0012242 0.999971 0.00832168 -1.08149 -0.00196581 -0.00832438 0.999983 72.9926
0.999983 0.00644132 0.00405293 -1.00938 -0.0064675 0.999966 0.00624822 -1.07003 -0.00400946 -0.00627486 0.999991 74.471
0.999957 0.00986813 0.00479336 -1.01948 -0.00989303 0.999945 0.0050321 -1.0799 -0.00474219 -0.00507941 0.999996 75.9061
0.999942 0.0109972 0.00479781 -1.00511 -0.0110264 0.999928 0.00588368 -1.11733 -0.00472962 -0.00593665 0.999992 77.3351
0.999936 0.0112603 0.00573623 -1.01226 -0.0112929 0.999928 0.00552511 -1.12554 -0.00567263 -0.0055897 0.99999 78.7887
0.999942 0.0106017 0.00559125 -0.994739 -0.0106278 0.999941 0.00448707 -1.14148 -0.00554047 -0.00454667 0.999996 80.1967
0.999943 0.0106394 0.00557079 -0.990023 -0.0106482 0.999948 0.00139831 -1.13822 -0.005555 -0.00145769 1.00001 81.5882
0.999928 0.0107743 0.00731979 -1.02572 -0.0107742 0.999952 -0.000107371 -1.14298 -0.00731834 2.82114e-05 0.999997 82.9932
0.999956 0.00805008 0.00746249 -0.998097 -0.00807145 0.999971 0.00274786 -1.20663 -0.00743995 -0.00280804 0.99999 84.3173
0.999952 0.0082219 0.00728516 -1.01843 -0.00823113 0.999977 0.00118895 -1.21513 -0.00727367 -0.00124909 0.999999 85.7738
0.999937 0.00839037 0.00922802 -1.05942 -0.00839561 0.999973 0.000472706 -1.22867 -0.00922394 -0.00055012 0.99998 87.1765
0.999887 0.0085278 0.0133163 -1.14981 -0.00852878 0.999973 -7.44213e-08 -1.23278 -0.013315 -0.000113679 0.999937 88.5619
0.999858 0.00597172 0.0167881 -1.08871 -0.00604881 0.999985 0.00453599 -1.33882 -0.0167616 -0.00463675 0.999877 89.7024
0.999857 0.00440346 0.0169623 -1.10688 -0.00446008 0.999995 0.00331067 -1.33226 -0.0169475 -0.00338589 0.999876 91.1442
0.999866 0.00242369 0.0172726 -1.097 -0.0024838 1 0.00346217 -1.35889 -0.0172656 -0.00350449 0.999874 92.4886
0.999804 0.00180493 0.0202626 -1.14071 -0.00184339 1.00001 0.0018854 -1.36593 -0.0202593 -0.00192243 0.999818 93.8614
0.999853 0.000414435 0.0182309 -1.08203 -0.00043784 1.00001 0.00128167 -1.39028 -0.0182321 -0.00128946 0.999863 95.2733
0.999823 0.00107912 0.0194046 -1.07679 -0.00107873 1.00001 -1.6873e-05 -1.40474 -0.0194048 -3.9799e-06 0.999838 96.7354
0.999741 0.000961082 0.0235469 -1.11779 -0.000903652 1.00001 -0.00244928 -1.40363 -0.0235512 0.0024274 0.999749 98.1306
0.999728 0.00202015 0.0237445 -1.09812 -0.00196726 1.00001 -0.00222511 -1.45149 -0.0237491 0.00217791 0.999743 99.4713
0.999714 0.00315647 0.0244965 -1.08135 -0.00309494 1 -0.00253638 -1.46997 -0.0245065 0.00245992 0.999727 100.859
0.999712 0.00290135 0.0243453 -1.03738 -0.00288021 1.00001 -0.000868774 -1.50366 -0.0243481 0.00079854 0.999733 102.244
0.999815 0.00373456 0.019894 -0.947341 -0.00377421 1 0.00196144 -1.55792 -0.0198887 -0.00203611 0.999832 103.553
0.999816 0.00306426 0.0196038 -0.928614 -0.00305458 1.00001 -0.000474126 -1.56916 -0.0196056 0.000414365 0.999841 104.928
0.999845 0.00270803 0.0183079 -0.884007 -0.002651 1.00001 -0.00311412 -1.59639 -0.0183182 0.00306521 0.999861 106.282
0.999801 0.00372382 0.0202914 -0.904936 -0.00362657 0.999999 -0.00476863 -1.61555 -0.0203092 0.00469428 0.999817 107.627
0.999785 0.000878289 0.0214474 -0.911228 -0.000803392 1.00001 -0.00347492 -1.64676 -0.0214528 0.00345697 0.9998 108.91
0.999726 -0.000587287 0.0239725 -0.917405 0.00064429 1.00002 -0.00232002 -1.66293 -0.0239717 0.00233496 0.999744 110.313
0.999698 -0.0021154 0.0251205 -0.910178 0.00217373 1.00001 -0.00227243 -1.67459 -0.0251182 0.00232635 0.999718 111.658
0.999691 -0.00381626 0.0251615 -0.864113 0.0039152 1.00001 -0.00383368 -1.70418 -0.0251474 0.00393119 0.999712 112.993
0.999646 -0.00187715 0.0272453 -0.856836 0.00203185 1 -0.00562225 -1.74562 -0.0272368 0.00567573 0.999653 114.351
0.999543 0.00169069 0.0305273 -0.856911 -0.00140447 0.999976 -0.00935126 -1.75273 -0.0305429 0.00930433 0.999522 115.766
0.999466 0.005153 0.0328704 -0.835665 -0.00483945 0.999964 -0.00958463 -1.78684 -0.0329207 0.00942053 0.999454 117.1
0.999405 0.00617679 0.0342427 -0.797131 -0.00594682 0.999982 -0.00677581 -1.83356 -0.0342844 0.00656827 0.999424 118.441
0.999413 0.00525991 0.0344531 -0.740153 -0.00513777 1 -0.0036081 -1.87795 -0.0344743 0.00342911 0.999443 119.805
0.999345 0.00509238 0.0361478 -0.726159 -0.00497376 1 -0.00333037 -1.90288 -0.0361655 0.00314855 0.999375 121.149
0.999232 0.00687612 0.0390787 -0.70372 -0.00665414 0.999984 -0.00578436 -1.90717 -0.0391201 0.00551995 0.999262 122.508
0.999048 0.0147882 0.0413396 -0.682409 -0.0144102 0.999875 -0.0093907 -1.91782 -0.041474 0.00878624 0.999136 123.836
0.99884 0.018132 0.0450446 -0.684887 -0.0175989 0.999794 -0.0121855 -1.92381 -0.0452586 0.0113787 0.998954 125.186
0.998695 0.0193206 0.0475279 -0.610773 -0.0187411 0.999768 -0.0125778 -1.98577 -0.0477608 0.0116708 0.998828 126.421
0.998601 0.0202168 0.0492424 -0.557084 -0.0195899 0.999744 -0.0131599 -2.03102 -0.049499 0.0121769 0.998742 127.778
0.998565 0.018506 0.0504995 -0.484618 -0.0179031 0.999788 -0.0123373 -2.09039 -0.0507184 0.0114156 0.998688 129.103
0.998471 0.0194872 0.0520677 -0.443602 -0.0188561 0.999767 -0.0125628 -2.11564 -0.0523038 0.0115621 0.998607 130.455
0.998369 0.0183791 0.0542827 -0.398704 -0.0177284 0.99979 -0.012417 -2.14774 -0.0545009 0.0114346 0.998489 131.809
0.998384 0.0171713 0.0545147 -0.323921 -0.0165596 0.99982 -0.011632 -2.19584 -0.0547081 0.0107106 0.998489 133.174
0.99843 0.0144452 0.0543533 -0.251071 -0.0138535 0.999865 -0.0112184 -2.2384 -0.0545098 0.0104479 0.998499 134.54
0.998498 0.0127111 0.0536363 -0.167758 -0.0121892 0.999902 -0.0100233 -2.28442 -0.0537617 0.00935472 0.998555 135.92
0.998516 0.0108509 0.053603 -0.11241 -0.0102889 0.999914 -0.0107163 -2.31244 -0.0537166 0.010149 0.998546 137.331
0.998481 0.00988777 0.0545574 -0.0757395 -0.00930598 0.999924 -0.0108803 -2.35369 -0.0546641 0.0103564 0.998497 138.682
0.998497 0.00893869 0.0543107 -0.0200295 -0.00843431 0.999944 -0.0094767 -2.39909 -0.0543944 0.00900451 0.998519 140.055
0.998529 0.00720513 0.0541107 0.0330315 -0.00670983 0.999962 -0.00930105 -2.43571 -0.054179 0.00892462 0.998538 141.434
0.998542 0.00702363 0.0537429 0.0857947 -0.00652297 0.999957 -0.00945333 -2.47444 -0.0538091 0.00908914 0.998549 142.813
0.998519 0.00856478 0.0540991 0.141296 -0.00799926 0.999938 -0.0106337 -2.51646 -0.0541902 0.0101855 0.998525 144.198
0.998429 0.00856751 0.055611 0.170946 -0.00795747 0.999929 -0.0111495 -2.55108 -0.0557048 0.0106895 0.998432 145.578
0.998428 0.00664307 0.0560398 0.219768 -0.00586585 0.999911 -0.0139944 -2.5849 -0.0561311 0.013644 0.998378 146.961
0.998443 0.00134368 0.0560191 0.279882 -0.000479889 0.999906 -0.0153972 -2.60994 -0.0560365 0.0153465 0.998353 148.35
0.998481 -0.00640894 0.0551384 0.358105 0.00714582 0.999914 -0.0131445 -2.65518 -0.0550528 0.0135187 0.998443 149.687
0.998435 -0.0125402 0.0547742 0.412641 0.0132394 0.999862 -0.0123839 -2.68757 -0.0546131 0.0130896 0.998466 151.057
0.998425 -0.0158127 0.0542717 0.484281 0.0166904 0.999763 -0.0157226 -2.72882 -0.0540135 0.0166038 0.998455 152.439
0.998375 -0.015106 0.0552546 0.538171 0.0161455 0.999729 -0.0183763 -2.78213 -0.0549632 0.0192383 0.998352 153.774
0.998353 -0.0123394 0.0564705 0.603386 0.0134716 0.999742 -0.019677 -2.84251 -0.0562164 0.0204054 0.998264 155.158
0.998306 -0.0129047 0.0570448 0.680984 0.0140484 0.999737 -0.019658 -2.89251 -0.0567771 0.0204258 0.998227 156.544
0.998171 -0.0165255 0.0585808 0.734864 0.0175207 0.999738 -0.01648 -2.93895 -0.0582963 0.0174763 0.998202 157.881
0.998066 -0.0225897 0.0582222 0.837694 0.0234172 0.999662 -0.0135327 -2.9879 -0.0578979 0.0148696 0.998261 159.275
0.997975 -0.0257003 0.0586187 0.925202 0.0264561 0.999604 -0.0121202 -3.03541 -0.058287 0.0136464 0.998263 160.617
0.997806 -0.0268246 0.0608249 0.963484 0.0276246 0.999571 -0.0123137 -3.07288 -0.0604696 0.0139665 0.998122 161.968
0.997734 -0.0246944 0.0630069 1.02288 0.025498 0.999632 -0.0119501 -3.10846 -0.0626917 0.0135296 0.997998 163.339
0.997701 -0.0210817 0.0646964 1.0903 0.0219026 0.999717 -0.0119695 -3.15798 -0.0644269 0.0133585 0.997883 164.706
0.997617 -0.0172305 0.067255 1.15024 0.0182705 0.999752 -0.0148503 -3.19285 -0.0669854 0.0160436 0.997687 166.068
0.997535 -0.014195 0.0690086 1.20737 0.015292 0.999793 -0.0153619 -3.2334 -0.0687775 0.0163788 0.997548 167.423
0.997293 -0.012921 0.0727901 1.24688 0.0139884 0.99983 -0.0141507 -3.27438 -0.0725982 0.0151305 0.997309 168.79
0.997209 -0.0109539 0.0741146 1.31072 0.0120889 0.999845 -0.0148532 -3.30889 -0.0739415 0.0157073 0.99719 170.161
0.997182 -0.00911599 0.0748783 1.39468 0.0104266 0.999828 -0.0171101 -3.35716 -0.0747126 0.0178424 0.99711 171.559
0.997225 -0.00577789 0.0744951 1.48103 0.00721121 0.999824 -0.0189518 -3.41372 -0.0743737 0.0194359 0.997093 172.931
0.997192 -0.000952543 0.0753061 1.56037 0.00245232 0.999832 -0.0198062 -3.46765 -0.0752781 0.0199351 0.997028 174.32
0.997007 0.00435513 0.0774447 1.61787 -0.0029342 0.999856 -0.01842 -3.51746 -0.0775152 0.0181371 0.996877 175.677
0.997009 0.00760077 0.0773766 1.72787 -0.00641374 0.999893 -0.0155551 -3.58057 -0.07749 0.015012 0.99695 177.102
0.996687 0.0089516 0.0810943 1.77061 -0.00790573 0.999915 -0.0131759 -3.62321 -0.0812065 0.0124903 0.996672 178.469
0.996744 0.00603239 0.0808651 1.87265 -0.00502405 0.999943 -0.012645 -3.65894 -0.0809402 0.0121972 0.996716 179.866
0.996883 0.00297977 0.0791078 1.98263 -0.00207791 0.999966 -0.0114472 -3.71229 -0.0791401 0.0112462 0.996854 181.271
0.996911 0.00308538 0.0789404 2.06855 -0.00187096 0.999914 -0.0154298 -3.75754 -0.0789844 0.0152338 0.996832 182.686
0.996819 0.00522553 0.0798225 2.13867 -0.00361157 0.999826 -0.0203132 -3.79655 -0.0799149 0.0199595 0.996661 184.086
0.996724 0.00922837 0.0808135 2.22317 -0.00759032 0.999797 -0.0205323 -3.84786 -0.08099 0.019851 0.99659 185.502
0.996724 0.0120324 0.0802801 2.33211 -0.0105111 0.999798 -0.0193095 -3.90118 -0.0804966 0.0184015 0.996645 186.86
0.996662 0.0137358 0.080965 2.42703 -0.0124968 0.999835 -0.0157706 -3.95113 -0.0811716 0.0147057 0.996666 188.218
0.996474 0.0141062 0.0829926 2.50941 -0.0130267 0.999866 -0.013498 -4.00032 -0.0831722 0.0123684 0.996518 189.602
0.996496 0.01372 0.0829899 2.62544 -0.0127193 0.999877 -0.0125562 -4.05111 -0.0831553 0.0114561 0.996546 190.967
0.99648 0.0115474 0.0833057 2.73949 -0.0106049 0.999915 -0.0117143 -4.09382 -0.0834343 0.0107886 0.996516 192.429
0.996473 0.00895432 0.0839146 2.844 -0.00802303 0.99994 -0.0114093 -4.13695 -0.0840152 0.0106953 0.996483 193.863
0.996442 0.00601711 0.0843323 2.95267 -0.00509385 0.999965 -0.0111264 -4.17961 -0.0843967 0.0106562 0.996436 195.295
0.996405 0.00331344 0.0851207 3.06975 -0.00243769 0.99998 -0.0103676 -4.21272 -0.0851568 0.0101224 0.996391 196.764
0.996284 -0.00155632 0.0863841 3.17698 0.00235303 0.999996 -0.00909387 -4.25027 -0.0863701 0.00926234 0.996281 198.191
0.996205 -0.00345241 0.0874332 3.29362 0.00434379 0.999978 -0.00998378 -4.27737 -0.0874001 0.0103252 0.996196 199.65
0.996223 -0.00103358 0.0871057 3.41523 0.00230543 0.999934 -0.0144738 -4.31471 -0.0870853 0.0146191 0.996155 201.091
0.996163 0.00750214 0.0876628 3.52055 -0.00577777 0.999821 -0.0198892 -4.35381 -0.0877997 0.0193057 0.996027 202.533
0.995996 0.0157551 0.0882985 3.63152 -0.0140661 0.999751 -0.0196893 -4.40691 -0.0885864 0.0183676 0.995963 203.968
0.995643 0.0229816 0.0908276 3.71611 -0.0216325 0.999679 -0.0157942 -4.45795 -0.0911645 0.01376 0.995817 205.414
0.995495 0.0236019 0.0921328 3.82878 -0.0224305 0.999697 -0.0137034 -4.50004 -0.0924276 0.011574 0.99572 206.863
0.995513 0.0222393 0.092417 3.95265 -0.0210707 0.999724 -0.0135842 -4.53694 -0.0926966 0.0115754 0.995703 208.354
0.995513 0.0186658 0.0930747 4.03535 -0.0174904 0.9998 -0.0134061 -4.5825 -0.0933056 0.0117171 0.995637 209.784
0.995594 0.0161811 0.092795 4.15534 -0.015013 0.999836 -0.0132554 -4.63374 -0.0929973 0.0118033 0.995673 211.259
0.995484 0.0168006 0.0937432 4.25981 -0.0155993 0.999829 -0.0135124 -4.68421 -0.0939536 0.0119881 0.995573 212.725
0.995162 0.0182068 0.0969742 4.33121 -0.0170293 0.999813 -0.0129423 -4.73101 -0.097193 0.0112276 0.995283 214.184
0.99508 0.0185484 0.0976223 4.45427 -0.017522 0.999824 -0.0113405 -4.78552 -0.0978148 0.00957313 0.995227 215.661
0.995075 0.0177614 0.0979466 4.5901 -0.0167759 0.999842 -0.0108617 -4.84034 -0.0981255 0.00916444 0.995212 217.137
0.995149 0.0169079 0.097209 4.74483 -0.0158416 0.999848 -0.0117099 -4.88127 -0.0973913 0.0101121 0.995264 218.653
0.995253 0.0157925 0.0964439 4.88277 -0.0147411 0.999867 -0.0115916 -4.92734 -0.0966151 0.0101143 0.995351 220.125
0.995289 0.0152142 0.0960603 5.02091 -0.0142445 0.999884 -0.0107554 -4.98153 -0.0962113 0.00933527 0.995389 221.618
0.995348 0.0153044 0.0955152 5.16172 -0.0143966 0.999888 -0.0101721 -5.0367 -0.0956601 0.00874907 0.995461 223.12
0.995334 0.0150866 0.0956354 5.27669 -0.0141685 0.99989 -0.0102556 -5.07743 -0.0957778 0.00885146 0.995438 224.578
0.995475 0.0156205 0.0941586 5.43434 -0.0147371 0.999884 -0.0100565 -5.12565 -0.0943046 0.0086227 0.995594 226.088
0.995563 0.0151905 0.0931982 5.58854 -0.014325 0.999891 -0.0099325 -5.17154 -0.093337 0.00855211 0.995673 227.644
0.995656 0.0148846 0.0923244 5.72688 -0.014022 0.999894 -0.00997109 -5.21095 -0.0924627 0.00863252 0.995767 229.136
0.99573 0.0146986 0.0914905 5.87114 -0.0138145 0.999894 -0.0102714 -5.25213 -0.09163 0.00896236 0.995827 230.679
0.99567 0.0135967 0.0923749 5.9907 -0.0126344 0.999902 -0.0109802 -5.28033 -0.0925148 0.00976477 0.995751 232.199
0.995638 0.0131064 0.0927204 6.1164 -0.0121001 0.999901 -0.0113892 -5.31102 -0.0928593 0.0102164 0.995698 233.724
0.995533 0.0118805 0.0940677 6.21982 -0.0108777 0.99992 -0.0111516 -5.33993 -0.0941925 0.0100778 0.995588 235.233
0.995498 0.0116982 0.0943989 6.35138 -0.0107568 0.999926 -0.0104594 -5.38715 -0.094513 0.00939571 0.995551 236.766
0.995487 0.0122686 0.0945048 6.49851 -0.0112918 0.999917 -0.0108527 -5.43006 -0.0946303 0.00973577 0.995551 238.306
0.995188 0.0137755 0.0973581 6.59023 -0.0125902 0.999879 -0.0127616 -5.45646 -0.0975209 0.0114732 0.995241 239.801
0.99489 0.0153808 0.100158 6.71068 -0.0141126 0.999852 -0.01335 -5.48127 -0.100349 0.0118675 0.994969 241.227
0.994557 0.0152015 0.103428 6.84622 -0.0140907 0.999875 -0.0114473 -5.52001 -0.103588 0.00992638 0.994646 242.636
0.994126 0.0140631 0.107694 6.96571 -0.0130674 0.999905 -0.0099382 -5.57615 -0.107823 0.00847163 0.994231 244.002
0.993946 0.0147856 0.109213 7.10477 -0.013569 0.99988 -0.011863 -5.61338 -0.109375 0.0103079 0.994024 245.544
0.993882 0.0147789 0.109843 7.27302 -0.013439 0.999866 -0.0129206 -5.66121 -0.11002 0.0113645 0.993962 247.045
0.993976 0.0151458 0.1089 7.46501 -0.0139241 0.999874 -0.0119586 -5.71932 -0.109067 0.0103687 0.994059 248.619
0.994143 0.0146792 0.107478 7.66763 -0.0136523 0.999894 -0.0102766 -5.77538 -0.107618 0.00874815 0.994252 250.161
0.994206 0.014565 0.106862 7.83662 -0.0135921 0.999901 -0.0098154 -5.82047 -0.106994 0.00830434 0.994304 251.734
0.994201 0.0147381 0.106939 7.98851 -0.0138287 0.999902 -0.00923396 -5.87116 -0.107065 0.00770044 0.994321 253.272
0.994101 0.0162345 0.107591 8.13727 -0.015328 0.999881 -0.0092369 -5.90772 -0.107728 0.00753147 0.994231 254.851
0.994007 0.0171806 0.108351 8.28043 -0.0162824 0.999864 -0.0091641 -5.94659 -0.108495 0.00734377 0.99417 256.368
0.994067 0.01688 0.107801 8.45018 -0.016074 0.999878 -0.00833077 -5.99798 -0.107928 0.00654676 0.994217 257.918
0.994177 0.0158567 0.106989 8.63969 -0.0150233 0.999889 -0.00858734 -6.04231 -0.107114 0.00692871 0.994322 259.396
0.994328 0.0135358 0.105855 8.82696 -0.0128978 0.999937 -0.00669903 -6.10173 -0.105938 0.00529376 0.99444 260.981
0.994297 0.011567 0.106423 8.98548 -0.0108996 0.999956 -0.0068461 -6.12649 -0.106499 0.00564581 0.9944 262.526
0.994362 0.0105239 0.105883 9.15535 -0.00967881 0.999959 -0.00848265 -6.15048 -0.105968 0.00740812 0.994424 264.088
0.994387 0.00970193 0.105761 9.31569 -0.00867422 0.99995 -0.0101672 -6.18166 -0.105855 0.00919151 0.994442 265.643
0.99404 0.00601548 0.109223 9.41401 -0.00525543 1 -0.00723746 -6.23068 -0.109267 0.00661816 0.994073 267.172
0.994034 0.00354533 0.109413 9.58433 -0.00300269 1.00002 -0.00512074 -6.27761 -0.109434 0.00476024 0.994086 268.74
0.994269 0.00271403 0.107274 9.79018 -0.00215308 1.00002 -0.00533633 -6.32758 -0.107291 0.0050726 0.994299 270.354
0.994658 0.00243333 0.103622 10.0286 -0.00191224 1.00002 -0.00512516 -6.38345 -0.103639 0.00489816 0.9947 271.993
0.994386 0.00250254 0.106178 10.1528 -0.00202867 1.00003 -0.00456394 -6.42545 -0.106192 0.00432074 0.994419 273.512
0.99446 0.00419248 0.105457 10.3448 -0.00377758 1.00002 -0.00413042 -6.46714 -0.105479 0.00370774 0.994513 275.101
0.994399 0.00380402 0.10603 10.5034 -0.0035682 1.00003 -0.00240767 -6.52227 -0.106043 0.00201343 0.994443 276.653
0.994212 0.00264709 0.107818 10.6557 -0.00262837 1.00003 -0.00031337 -6.57624 -0.107825 2.67111e-05 0.994267 278.206
0.994093 0.00500559 0.108765 10.8146 -0.00483414 1.00001 -0.00183415 -6.59471 -0.108777 0.00129508 0.994144 279.754
0.993888 0.00529587 0.110684 10.9629 -0.00506826 1.00002 -0.00233913 -6.62634 -0.110702 0.0017622 0.99395 281.278
0.993717 0.00318606 0.112218 11.1117 -0.0029341 1.00002 -0.00240556 -6.65884 -0.112231 0.0020586 0.99376 282.889
0.993271 0.00179273 0.116245 11.2635 -0.00170045 1.00003 -0.000898204 -6.70556 -0.116255 0.000692831 0.993323 284.375
0.993201 -0.00045378 0.116741 11.4398 0.000365033 1.00003 0.000784466 -6.73603 -0.116747 -0.000739175 0.993241 286.007
0.993138 -0.000823889 0.11739 11.6038 0.000799262 1.00003 0.00025138 -6.75231 -0.117399 -0.000157662 0.993189 287.557
0.993063 -0.00185809 0.117901 11.7701 0.00213029 1.00002 -0.0021792 -6.77645 -0.117903 0.00241278 0.993103 289.105
0.993156 -0.00284568 0.117208 11.9633 0.0033988 1.00001 -0.0045248 -6.80382 -0.117202 0.00489033 0.993202 290.686
0.993166 -0.00311338 0.117004 12.1365 0.00363072 1.00001 -0.00420564 -6.83635 -0.116995 0.00459928 0.993202 292.257
0.993239 -0.00306362 0.116509 12.3134 0.00377785 1.00001 -0.00591562 -6.84468 -0.116498 0.00631361 0.993277 293.832
0.99316 -0.00177 0.117071 12.4734 0.00265706 0.999995 -0.00741841 -6.87308 -0.117061 0.00767615 0.993176 295.397
0.99313 -0.002036 0.117451 12.6462 0.00304717 0.999989 -0.00843631 -6.89521 -0.117439 0.00873404 0.993147 296.984
0.993193 -0.00200414 0.116792 12.8306 0.00296307 0.999991 -0.00803523 -6.93515 -0.116779 0.00832389 0.993205 298.625
0.99326 -0.00279374 0.116331 13.0025 0.00370855 0.999994 -0.00765391 -6.97653 -0.116315 0.0080316 0.993285 300.222
0.993437 -0.00380053 0.114649 13.2099 0.00461226 0.999994 -0.00681486 -7.00426 -0.114626 0.00729615 0.993466 301.791
0.99346 -0.00220201 0.114628 13.3802 0.00290319 1.00001 -0.00595689 -7.03363 -0.114621 0.00624866 0.993495 303.39
0.993412 -0.00186928 0.114921 13.5658 0.00259564 1.00001 -0.00617212 -7.06596 -0.114913 0.00642693 0.993439 305.028
0.993552 -0.0022204 0.113828 13.7785 0.00299587 1 -0.00664802 -7.09827 -0.113819 0.00694415 0.993582 306.677
0.993522 -0.00362926 0.11393 13.9682 0.00444286 0.999995 -0.00688946 -7.13066 -0.113908 0.00734825 0.993548 308.296
0.993505 -0.00520666 0.114131 14.1549 0.00617189 0.999979 -0.00811244 -7.15798 -0.114093 0.00876216 0.993534 309.917
0.993477 -0.00708366 0.114166 14.3381 0.00836276 0.999938 -0.0107305 -7.18767 -0.114087 0.0116126 0.993488 311.531
0.993531 -0.00759959 0.11377 14.5161 0.00902226 0.999918 -0.0120055 -7.22637 -0.113676 0.0129523 0.993536 313.136
0.99394 -0.00756552 0.11003 14.7024 0.00898808 0.999912 -0.0124412 -7.28112 -0.10993 0.0133522 0.993934 314.697
0.994249 -0.0064349 0.107401 14.8904 0.00771463 0.999935 -0.0115171 -7.32878 -0.107326 0.0122774 0.994249 316.362
0.994387 -0.00560854 0.106033 15.0776 0.00645011 0.999982 -0.00759839 -7.38505 -0.105992 0.00823691 0.994418 318.009
0.994294 -0.00737097 0.106927 15.2366 0.00780725 0.999996 -0.00367519 -7.43689 -0.106905 0.00448696 0.994361 319.688
0.994237 -0.00771677 0.107306 15.3767 0.00802075 0.999996 -0.00240392 -7.47202 -0.10729 0.00324778 0.994308 321.3
0.994228 -0.00825853 0.107472 15.5425 0.00861814 0.999991 -0.00289459 -7.51211 -0.107452 0.00380205 0.994304 322.926
0.994342 -0.00999558 0.106143 15.7296 0.0103826 0.999974 -0.00309777 -7.54241 -0.106112 0.00417923 0.994433 324.532
0.994596 -0.00991901 0.103865 15.9204 0.0100847 0.99998 -0.00108371 -7.60115 -0.103857 0.00212319 0.994691 326.139
0.994554 -0.0100386 0.104154 16.0942 0.010268 0.999978 -0.00166838 -7.62306 -0.104137 0.00272558 0.994649 327.827
0.994423 -0.0072936 0.105738 16.222 0.00764458 0.999999 -0.00292939 -7.64789 -0.105722 0.00371931 0.994491 329.473
0.994445 -0.00633073 0.105474 16.3907 0.00682364 0.999998 -0.00431246 -7.66837 -0.105449 0.00500508 0.9945 331.104
0.994452 -0.0081203 0.105408 16.5829 0.00842404 0.999995 -0.00245241 -7.7099 -0.105392 0.00332476 0.994529 332.778
0.994277 -0.00916167 0.106855 16.7218 0.00933025 0.999988 -0.00107826 -7.74777 -0.106846 0.00206592 0.994364 334.402
0.994202 -0.0105192 0.107526 16.8853 0.0107514 0.999976 -0.00159499 -7.78667 -0.107511 0.0027397 0.994306 336.045
0.994368 -0.00961013 0.105975 17.07 0.00979218 0.999984 -0.00119733 -7.82015 -0.105963 0.00222515 0.994458 337.682
0.994473 -0.00799513 0.105236 17.2397 0.00835019 0.999997 -0.0029506 -7.85749 -0.105216 0.00381085 0.99455 339.314
0.99459 -0.00641687 0.10412 17.4066 0.00708189 0.999989 -0.0060191 -7.88819 -0.104082 0.00672091 0.994637 340.94
0.994622 -0.00504633 0.104004 17.5593 0.00568069 1 -0.00582081 -7.91958 -0.103979 0.00637808 0.994666 342.568
0.994443 -0.00483736 0.105598 17.6965 0.00523471 1.00001 -0.00348455 -7.94935 -0.105585 0.00401481 0.994495 344.192
0.99475 -0.0040455 0.102822 17.8634 0.00412888 1.00003 -0.000614342 -7.97854 -0.102827 0.00103337 0.994807 345.801
0.994994 -0.00372188 0.100318 18.0346 0.00400273 1.00002 -0.00259672 -7.99503 -0.100313 0.00298225 0.995046 347.438
0.995223 -0.00446541 0.0981364 18.1951 0.00493612 1.00001 -0.00457364 -8.02137 -0.0981214 0.00503431 0.995271 349.047
0.995392 -0.00688937 0.0961113 18.3546 0.00733593 0.999997 -0.00428918 -8.04939 -0.0960831 0.00497162 0.995457 350.617
0.995416 -0.00795631 0.0959419 18.49 0.00844453 0.999989 -0.00470593 -8.07582 -0.0959077 0.00549268 0.995484 352.243
0.995429 -0.00850143 0.0956089 18.6422 0.00909072 0.999977 -0.00572568 -8.10992 -0.0955595 0.00656589 0.995499 353.887
0.995452 -0.0080698 0.0955453 18.7874 0.00887189 0.999965 -0.00799674 -8.13358 -0.0954817 0.00880619 0.995502 355.511
0.995462 -0.00842775 0.0952676 18.9336 0.0092744 0.999956 -0.00844354 -8.17225 -0.0951938 0.00928607 0.995512 357.119
0.995478 -0.00932824 0.0951554 19.0893 0.0102459 0.999941 -0.00918256 -8.20674 -0.0950682 0.0101142 0.99553 358.739
0.995482 -0.00880795 0.0950117 19.2384 0.00988564 0.999924 -0.0108738 -8.23675 -0.0949105 0.0117614 0.995511 360.346
0.99547 -0.00910848 0.0952499 19.3818 0.010251 0.999915 -0.0115359 -8.28758 -0.0951409 0.0124582 0.995496 361.973
0.995468 -0.0108402 0.0949507 19.5486 0.0119384 0.999901 -0.0110016 -8.33928 -0.0948238 0.0120827 0.995516 363.589
0.995501 -0.0096423 0.0948694 19.7004 0.0108351 0.999903 -0.0120885 -8.38057 -0.0947477 0.0130603 0.995526 365.241
0.995512 -0.0113409 0.0944486 19.852 0.012668 0.999863 -0.0134601 -8.42426 -0.0942848 0.0145937 0.995534 366.839
0.995489 -0.0137684 0.0944769 20.0034 0.0149416 0.999855 -0.0117453 -8.46995 -0.0943054 0.0131022 0.995569 368.485
0.995381 -0.015337 0.095263 20.1357 0.0164951 0.999832 -0.0113779 -8.50919 -0.0950745 0.0128943 0.995483 370.111
0.995274 -0.0148942 0.0965227 20.2523 0.0162228 0.999818 -0.0130189 -8.54658 -0.0963152 0.0145215 0.995355 371.687
0.995255 -0.0147878 0.0966554 20.4049 0.0161098 0.99982 -0.0129099 -8.59924 -0.0964491 0.0144032 0.995329 373.269
0.995279 -0.0135524 0.0966737 20.5619 0.0148056 0.99985 -0.012284 -8.64403 -0.0964969 0.0136555 0.99535 374.915
0.995151 -0.0122809 0.0980788 20.6908 0.0135372 0.999868 -0.012152 -8.68475 -0.0979187 0.0134182 0.995201 376.534
0.995064 -0.0114568 0.0991081 20.8294 0.0128012 0.999869 -0.0129645 -8.72058 -0.0989506 0.0141675 0.995101 378.15
0.995027 -0.011967 0.0993694 20.9746 0.0133669 0.999854 -0.0134323 -8.77576 -0.0991963 0.0146912 0.995056 379.757
0.994908 -0.0120814 0.100602 21.1064 0.0134813 0.999854 -0.0132737 -8.83003 -0.100431 0.0145605 0.994948 381.356
0.994854 -0.0113316 0.101171 21.2727 0.012772 0.99986 -0.0135979 -8.87914 -0.101005 0.0148176 0.994874 382.999
0.994854 -0.00890973 0.101464 21.4368 0.010427 0.999875 -0.0144587 -8.91672 -0.101327 0.0154403 0.994844 384.635
0.994711 -0.00832281 0.10286 21.5815 0.00959484 0.999918 -0.011875 -8.99057 -0.102755 0.0127964 0.994724 386.244
0.994737 -0.0077629 0.10269 21.7561 0.00902603 0.999924 -0.0118658 -9.04212 -0.102595 0.0127283 0.994752 387.856
0.99464 -0.00587281 0.103714 21.9119 0.00725355 0.999926 -0.012938 -9.08354 -0.103633 0.0136181 0.994623 389.481
0.99463 -0.00443862 0.103931 22.0783 0.00595003 0.999917 -0.0142589 -9.11279 -0.103863 0.0147989 0.994593 391.115
0.994745 -0.00450498 0.102786 22.2591 0.00581421 0.999943 -0.0124424 -9.17261 -0.102726 0.0129717 0.994728 392.694
0.994745 -0.0030566 0.102882 22.4179 0.00438768 0.999946 -0.0127371 -9.2101 -0.102843 0.0131196 0.994723 394.361
0.994655 -0.00229983 0.103738 22.5717 0.00369225 0.999943 -0.0132325 -9.25768 -0.103704 0.0135418 0.99462 395.995
0.994724 -0.00216656 0.103104 22.7507 0.00354283 0.999944 -0.0131885 -9.30346 -0.103075 0.0134823 0.994695 397.633
