1.00001 -0.000233155 -2.36702e-05 -0.00469323 0.00023288 1.00001 0.00129643 -0.00866552 2.42197e-05 -0.00129542 1 1.30933
0.999999 -0.00108216 0.00049826 -0.0147391 0.00108158 0.999999 0.00114875 -0.0194459 -0.0004995 -0.00114822 0.999999 2.62192
1 -0.00199569 -0.000319915 -0.0178605 0.00199576 1 0.000974311 -0.0434982 0.000318851 -0.000973874 1 3.95963
0.999998 -0.00179871 0.000956213 -0.0237509 0.00179758 0.999998 0.00116784 -0.0587235 -0.0009583 -0.00116612 0.999999 5.27751
1 -0.00209232 0.000178216 -0.0310469 0.00209156 1 0.00249821 -0.0567497 -0.00018251 -0.0024967 0.999999 6.61523
0.999994 -0.00365517 0.00021279 -0.0355873 0.00365442 0.999988 0.00337056 -0.0824605 -0.000225045 -0.0033697 0.999994 7.95047
1 -0.00321378 0.000923085 -0.04102 0.0032099 0.999994 0.00382981 -0.0909022 -0.000934391 -0.00382568 0.999994 9.2794
0.999995 -0.00324279 -9.51202e-05 -0.0465529 0.00324286 0.999994 0.00106778 -0.101672 9.16873e-05 -0.00106807 0.999999 10.6188
1.00001 -0.000515782 0.000697137 -0.0554745 0.00051594 1.00001 -0.000733523 -0.0983959 -0.000695816 0.000734978 1 11.9485
0.999998 0.00214591 -6.6029e-07 -0.0684019 -0.00214591 0.999995 -0.0023728 -0.121613 -4.378e-06 0.00237284 0.999997 13.2997
0.999993 0.00493175 0.000272256 -0.0800263 -0.00493151 0.999991 -0.00220032 -0.132869 -0.000282135 0.00220008 1 14.646
0.999986 0.00536249 0.00110273 -0.0921427 -0.00536142 0.999986 -0.000987521 -0.128422 -0.00110789 0.000981659 1 15.9818
0.999997 0.00387753 0.000961654 -0.0866243 -0.00387938 0.999997 0.00155366 -0.139683 -0.000954622 -0.00155625 1 17.3416
0.999998 -5.88789e-05 0.00242732 -0.0834899 5.00267e-05 0.999994 0.00364031 -0.152699 -0.00242735 -0.00364015 0.999992 18.6851
1 -0.00218555 0.0012325 -0.0722128 0.00218286 1 0.0019041 -0.169806 -0.00123562 -0.0019003 1 20.0302
0.999992 -0.00326828 0.00275337 -0.0657907 0.0032714 0.999995 -0.00113642 -0.173222 -0.00274938 0.00114548 0.999997 21.3527
1 -0.00191266 0.00238142 -0.0659913 0.00191543 1 -0.00130221 -0.176425 -0.00237788 0.00130786 0.999999 22.7148
0.999996 0.000297349 0.00336662 -0.0690058 -0.000292787 1 -0.00135754 -0.170237 -0.00336668 0.00135654 0.999996 24.0458
0.999991 0.000268936 0.00539687 -0.0722419 -0.000283564 1 0.00264277 -0.181119 -0.00539519 -0.0026432 0.999985 25.3954
0.99999 -0.00116737 0.00469712 -0.0637239 0.00114929 0.999993 0.00386237 -0.197153 -0.0047013 -0.00385682 0.999984 26.7719
0.999981 -0.00393412 0.00570761 -0.056212 0.00391383 0.999991 0.00348554 -0.230493 -0.00572032 -0.00346223 0.999981 28.1049
0.999982 -0.00456723 0.00431396 -0.0553269 0.00456247 0.999991 0.00110354 -0.235709 -0.00431869 -0.00108379 0.999993 29.4938
0.999979 -0.00384825 0.00637018 -0.0536062 0.00383824 0.999996 0.00152027 -0.264236 -0.00637508 -0.00149489 0.999983 30.8509
0.999987 -0.00107548 0.00534875 -0.0684763 0.00107242 1 0.000562993 -0.27616 -0.00534919 -0.000557164 0.999988 32.2789
0.99999 -0.000489537 0.00586203 -0.0640572 0.000489806 1 -0.000117504 -0.296132 -0.00586111 0.000121212 0.999986 33.6626
0.999977 -2.76908e-05 0.007068 -0.0609191 2.27751e-05 1 0.000688897 -0.313156 -0.00706784 -0.000688644 0.999978 35.0336
0.999993 1.73337e-06 0.0054443 -0.0635769 -1.91235e-05 0.999999 0.00312965 -0.332513 -0.00544343 -0.00312889 0.999983 36.4525
0.99998 0.000953037 0.0066081 -0.0642837 -0.000985417 0.99999 0.00488144 -0.345005 -0.00660319 -0.00488778 0.99997 37.8382
0.999987 0.00353433 0.00536922 -0.0603344 -0.00356096 0.999985 0.00488411 -0.353269 -0.00535096 -0.00490233 0.999977 39.2488
0.999971 0.00519414 0.00605683 -0.0742342 -0.00522724 0.999974 0.00544749 -0.363093 -0.00602818 -0.00547893 0.999971 40.6386
0.999967 0.00629645 0.00656617 -0.077391 -0.00633157 0.999969 0.00528049 -0.363151 -0.00653176 -0.00532104 0.999968 42.0412
0.999973 0.00601522 0.00506415 -0.0797096 -0.0060453 0.999966 0.00592158 -0.366793 -0.00502807 -0.00595199 0.999974 43.4635
0.999973 0.00472475 0.0069113 -0.0768956 -0.0047719 0.999968 0.00675963 -0.377907 -0.00687816 -0.00679162 0.999957 44.8505
0.999982 0.00434294 0.00526541 -0.0740784 -0.00437648 0.999972 0.00634975 -0.378821 -0.0052374 -0.00637259 0.999971 46.2558
0.999989 0.00389074 0.00500224 -0.0800041 -0.00391831 0.99998 0.00542151 -0.368811 -0.00498005 -0.0054402 0.999977 47.694
0.999994 0.0038769 0.00282689 -0.0765639 -0.00389103 0.999981 0.00497162 -0.374119 -0.00280734 -0.00498253 0.999988 49.1387
0.999999 0.00432957 0.00163662 -0.0845723 -0.00433821 0.999979 0.00505623 -0.385689 -0.00161368 -0.00506249 0.99999 50.5577
0.999992 0.00468472 0.00238551 -0.0658397 -0.00469576 0.99998 0.00457138 -0.407979 -0.00236386 -0.00458243 0.999992 51.9645
1 0.00425386 -0.000210994 -0.0741484 -0.00425295 0.999977 0.00570184 -0.41001 0.000236254 -0.00570013 0.999988 53.4057
0.999999 0.00368541 0.000315448 -0.0795621 -0.00368769 0.999972 0.00678164 -0.415545 -0.000290263 -0.0067828 0.999983 54.8306
1.00001 0.00299714 -0.00181489 -0.0847693 -0.00298489 0.999973 0.00697144 -0.421112 0.00183683 -0.00696521 0.999979 56.2705
1 0.00180586 -0.0024101 -0.0941121 -0.00178943 0.999976 0.00688339 -0.428834 0.00242268 -0.00687908 0.999979 57.6949
1.00001 0.00128999 -0.00148523 -0.0943293 -0.0012803 0.999977 0.00685377 -0.442551 0.00149511 -0.00685115 0.99998 59.1195
1 4.92724e-05 -0.00210829 -0.098663 -3.41734e-05 0.999975 0.00726585 -0.453731 0.00210883 -0.00726573 0.999977 60.549
1.00001 -0.000934646 6.825e-05 -0.0993621 0.000933555 0.999972 0.00766775 -0.463382 -7.4358e-05 -0.00766693 0.999977 61.9558
1 -0.00174741 0.000270461 -0.0926876 0.00174502 0.999971 0.00748816 -0.49342 -0.00028334 -0.00748771 0.999978 63.3988
1.00001 -0.00271813 0.000640405 -0.0948189 0.00271288 0.999973 0.00711117 -0.492726 -0.000658645 -0.00710862 0.999981 64.8237
0.999995 -0.00285671 0.00388052 -0.107183 0.00282842 0.999971 0.00719631 -0.499335 -0.00390064 -0.00718531 0.999973 66.2169
1.00001 -0.00175458 0.00330805 -0.112062 0.00172895 0.999973 0.00753735 -0.507145 -0.00332015 -0.00753081 0.999973 67.6399
0.999993 0.000195614 0.00526717 -0.110487 -0.000244214 0.99996 0.00916231 -0.519837 -0.00526482 -0.00916361 0.999951 69.0499
0.999999 0.00338973 0.00470282 -0.114599 -0.00343935 0.999943 0.0104786 -0.529244 -0.00466596 -0.0104938 0.999941 70.4657
0.999958 0.00756428 0.00649314 -0.121743 -0.0076402 0.999905 0.0117137 -0.54223 -0.00640352 -0.0117629 0.999918 71.8556
0.999936 0.0111114 0.00628175 -0.128481 -0.0111873 0.999868 0.0121101 -0.545688 -0.00614533 -0.0121785 0.999914 73.2608
0.999867 0.015328 0.00685384 -0.131865 -0.0154022 0.999825 0.0108861 -0.551421 -0.00668533 -0.0109902 0.999925 74.6661
0.999869 0.0149037 0.0086564 -0.130714 -0.0149958 0.999835 0.0106317 -0.543262 -0.00849543 -0.0107592 0.999913 76.0943
0.999844 0.0159294 0.00858073 -0.131447 -0.0160246 0.999812 0.011123 -0.545483 -0.0084014 -0.0112588 0.999909 77.506
0.999853 0.013955 0.0116557 -0.120701 -0.0140732 0.999855 0.0100824 -0.551907 -0.0115124 -0.0102441 0.999888 78.888
0.999865 0.013338 0.0104329 -0.11227 -0.0134423 0.999862 0.0099679 -0.554544 -0.010298 -0.0101067 0.999903 80.2845
0.999881 0.0124043 0.0109835 -0.105796 -0.0124984 0.99989 0.00849828 -0.555887 -0.0108759 -0.00863376 0.999911 81.7065
0.999861 0.0114361 0.0128256 -0.0817127 -0.0115465 0.999899 0.00854063 -0.568423 -0.0127259 -0.00868742 0.999889 83.079
0.999882 0.0113002 0.0120395 -0.0719155 -0.011395 0.999909 0.00780747 -0.589421 -0.0119491 -0.00794292 0.999905 84.5067
0.999869 0.0112634 0.0123552 -0.0662042 -0.0113654 0.999904 0.00817553 -0.591699 -0.0122612 -0.00831474 0.999898 85.8592
0.999908 0.00976709 0.0112366 -0.0601189 -0.00985869 0.999922 0.0080822 -0.600323 -0.0111556 -0.00819137 0.999912 87.2773
0.999918 0.00876519 0.0103074 -0.0527953 -0.00885931 0.999922 0.00907199 -0.607684 -0.0102264 -0.00916237 0.999915 88.6465
0.999944 0.00573415 0.0107923 -0.0402664 -0.00582891 0.999949 0.0087249 -0.611126 -0.0107406 -0.00878642 0.999911 90.0228
0.999955 0.00400252 0.00965607 -0.0242972 -0.00408428 0.999959 0.0083965 -0.613684 -0.00962134 -0.00843538 0.999928 91.4227
0.999967 0.00263209 0.00981623 -0.018172 -0.00271784 0.999962 0.0086776 -0.618072 -0.00979192 -0.00870308 0.999922 92.7713
0.999965 0.00118484 0.0093825 -0.0126347 -0.00126688 0.999964 0.00866441 -0.63865 -0.00937117 -0.00867574 0.999928 94.1641
0.999969 0.000877557 0.00999778 -0.00593651 -0.000962787 0.999966 0.00847289 -0.644461 -0.00998885 -0.00848131 0.999922 95.5117
0.999964 0.000237085 0.00961795 -0.00219191 -0.000316492 0.999969 0.00818466 -0.665069 -0.00961492 -0.00818727 0.99993 96.8849
0.999966 -0.00023109 0.0102847 0.000295262 0.000150124 0.999972 0.00782445 -0.67652 -0.0102851 -0.00782168 0.999925 98.2633
0.999946 0.00036972 0.0114696 0.00543372 -0.000464378 0.999969 0.00819513 -0.679124 -0.0114654 -0.00819985 0.999911 99.6045
0.999948 0.000511994 0.0119003 0.0112989 -0.000623373 0.999959 0.00932148 -0.692346 -0.0118937 -0.00932745 0.999894 100.974
0.999912 0.000532982 0.0141475 0.0188652 -0.000671772 0.999955 0.00976237 -0.695849 -0.0141407 -0.00977092 0.999863 102.312
0.99993 -7.2329e-05 0.0134001 0.0264713 -4.7397e-05 0.999963 0.00890416 -0.711024 -0.0133989 -0.00890321 0.999879 103.679
0.999919 2.94056e-05 0.0136987 0.0346043 -0.00014062 0.99997 0.00806393 -0.71678 -0.013697 -0.00806496 0.999884 105.013
0.999919 -0.000320252 0.0141536 0.040349 0.000225035 0.99998 0.00669802 -0.729593 -0.0141541 -0.00669328 0.999886 106.322
0.999909 -0.00307108 0.0141199 0.0571154 0.00296512 0.99997 0.00745841 -0.737407 -0.0141413 -0.00741556 0.999883 107.681
0.999901 -0.00482998 0.0146632 0.0811252 0.00470548 0.999956 0.00847465 -0.732932 -0.0147021 -0.00840372 0.999865 108.977
0.999879 -0.00635197 0.0151962 0.0966751 0.00621202 0.999941 0.00917406 -0.743423 -0.0152523 -0.00907823 0.999854 110.327
0.99986 -0.00695874 0.0164878 0.111519 0.00681976 0.999944 0.00843246 -0.760611 -0.0165442 -0.00831777 0.999837 111.653
0.999826 -0.00543555 0.0186454 0.122623 0.00530775 0.999965 0.00684199 -0.769807 -0.0186806 -0.00674151 0.999814 112.969
0.999815 -0.00395304 0.0198576 0.136669 0.00383471 0.999978 0.00596399 -0.783863 -0.0198793 -0.00588566 0.999795 114.332
0.999761 -0.00183583 0.0224927 0.153603 0.00171143 0.999986 0.00550409 -0.792568 -0.0225011 -0.00546394 0.999744 115.655
0.999733 -0.000622413 0.0239538 0.17707 0.000432132 0.999972 0.00792646 -0.798141 -0.0239566 -0.00791291 0.999691 117.018
0.999676 -0.000725945 0.0260545 0.195211 0.000466954 0.999954 0.00990932 -0.806663 -0.026059 -0.0098934 0.999624 118.343
0.999667 -0.000816218 0.0265953 0.22466 0.000533026 0.999946 0.0106341 -0.808735 -0.0266012 -0.0106153 0.999599 119.709
0.999622 0.000230036 0.0280836 0.254203 -0.000510217 0.999954 0.009939 -0.807125 -0.0280784 -0.00994905 0.99957 121.057
0.999555 0.00177436 0.0304874 0.284862 -0.00206027 0.999958 0.00933455 -0.81475 -0.0304681 -0.00939204 0.999502 122.377
0.999522 0.00410897 0.0311838 0.316958 -0.00436386 0.999962 0.00808499 -0.82163 -0.0311479 -0.00821674 0.999495 123.755
0.999451 0.00482812 0.0334709 0.353656 -0.00509967 0.999957 0.00801934 -0.821223 -0.0334294 -0.00818457 0.999418 125.069
0.999412 0.00622132 0.0342069 0.392419 -0.00649536 0.999952 0.00788177 -0.820631 -0.0341547 -0.00809882 0.999398 126.437
0.999351 0.00544852 0.0362348 0.444493 -0.00573739 0.999955 0.00786128 -0.818553 -0.0361891 -0.0080631 0.999322 127.774
0.999249 0.00471357 0.0388996 0.494674 -0.00506813 0.999951 0.0089988 -0.814378 -0.0388535 -0.00918871 0.999217 129.093
0.999267 0.00359288 0.0387039 0.534727 -0.00396518 0.99995 0.00953475 -0.813205 -0.0386665 -0.00968025 0.999216 130.454
0.99918 0.00346278 0.0407867 0.585387 -0.00387611 0.999946 0.0100364 -0.814385 -0.040748 -0.0101858 0.999133 131.779
0.999176 0.00304151 0.0410301 0.634148 -0.00346092 0.999946 0.0101415 -0.825196 -0.0409959 -0.0102743 0.999117 133.159
0.999183 0.00144099 0.0408281 0.687297 -0.00187605 0.999946 0.0105957 -0.832354 -0.0408089 -0.0106631 0.999125 134.495
0.999167 -1.71908e-05 0.0413638 0.746385 -0.000419612 0.999948 0.0105374 -0.841556 -0.0413606 -0.0105451 0.999099 135.81
0.999237 -0.00121224 0.0395304 0.790335 0.000800772 0.99995 0.0103978 -0.846847 -0.0395393 -0.0103578 0.999179 137.178
0.999269 -0.00417214 0.0386102 0.834915 0.00376917 0.999941 0.0104884 -0.852823 -0.0386506 -0.0103342 0.99921 138.491
0.999333 -0.00638162 0.036483 0.875855 0.00598214 0.999926 0.0110183 -0.855661 -0.036549 -0.0107924 0.999288 139.875
0.999332 -0.00727326 0.0364866 0.923301 0.00688179 0.999922 0.0108246 -0.853844 -0.0365612 -0.0105653 0.999287 141.203
0.999402 -0.00852971 0.0340986 0.966368 0.00814582 0.999907 0.0113489 -0.8538 -0.0341908 -0.0110641 0.999368 142.602
0.999439 -0.0087861 0.0330893 1.00498 0.00843413 0.999912 0.0107376 -0.852506 -0.0331795 -0.0104515 0.999406 143.946
0.999382 -0.0107296 0.0340689 1.05435 0.0104451 0.999913 0.0084843 -0.857663 -0.0341556 -0.008123 0.999398 145.283
0.999387 -0.0155177 0.0322128 1.09999 0.0152728 0.999858 0.00780818 -0.885758 -0.0323282 -0.00731043 0.999463 146.693
0.999254 -0.0223544 0.0321437 1.15432 0.0220383 0.99971 0.0101082 -0.885972 -0.0323588 -0.00939201 0.999447 148.028
0.999212 -0.0272986 0.029741 1.20476 0.0269863 0.999585 0.0108131 -0.890504 -0.0300226 -0.0100009 0.999512 149.38
0.999173 -0.0297506 0.028488 1.24799 0.0294973 0.999528 0.009212 -0.894822 -0.0287474 -0.00836381 0.999568 150.721
0.99914 -0.0293305 0.0302732 1.28305 0.0291555 0.999563 0.00616933 -0.901905 -0.0304397 -0.00528037 0.999536 152.108
0.999199 -0.0269761 0.0303048 1.30788 0.0268854 0.999638 0.00334571 -0.899738 -0.0303828 -0.00252812 0.999552 153.514
0.999171 -0.0262837 0.0319635 1.34566 0.026172 0.999657 0.00387314 -0.919957 -0.0320531 -0.00303243 0.999496 154.852
0.999102 -0.0289457 0.0316709 1.38922 0.028751 0.999571 0.00653602 -0.922206 -0.0318452 -0.00561932 0.999494 156.197
0.998927 -0.0341068 0.0322252 1.43903 0.0338313 0.999395 0.00901853 -0.933892 -0.0325119 -0.00791761 0.999456 157.541
0.998751 -0.0378443 0.0333226 1.48297 0.0375127 0.999249 0.0104635 -0.937062 -0.0336921 -0.00920013 0.999407 158.875
0.998712 -0.0397307 0.0324409 1.52847 0.0394066 0.999176 0.0105281 -0.941961 -0.0328309 -0.00923511 0.999434 160.218
0.99869 -0.0381011 0.0348528 1.56873 0.0377312 0.999234 0.0111572 -0.936856 -0.0352498 -0.00982745 0.999348 161.544
0.99876 -0.0350001 0.0362277 1.59534 0.0346463 0.999355 0.0103166 -0.94018 -0.0365636 -0.00904752 0.999307 162.854
0.998778 -0.0315628 0.0386857 1.63405 0.0312387 0.99948 0.00890775 -0.943667 -0.0389451 -0.00768824 0.99923 164.18
0.998886 -0.0287088 0.0382685 1.6797 0.0283861 0.999566 0.00891992 -0.943224 -0.0385063 -0.00782255 0.999244 165.543
0.998885 -0.0276305 0.0389263 1.72301 0.0272906 0.999594 0.00919654 -0.914068 -0.0391629 -0.00812379 0.999219 166.914
0.998915 -0.0258813 0.03953 1.76471 0.0255398 0.999642 0.00909389 -0.916108 -0.0397495 -0.00807325 0.999194 168.248
0.999017 -0.0237717 0.0380924 1.81041 0.0235022 0.999704 0.00746462 -0.917329 -0.038257 -0.00656182 0.999265 169.622
0.999069 -0.0206365 0.0387201 1.84676 0.0204339 0.999786 0.00559779 -0.924566 -0.0388256 -0.00480028 0.999251 170.952
0.999203 -0.0152732 0.0375817 1.87864 0.0151065 0.999883 0.00467705 -0.9248 -0.0376474 -0.00410533 0.9993 172.332
0.999245 -0.0117559 0.0378928 1.9154 0.0115965 0.999933 0.00440153 -0.905785 -0.0379403 -0.00395774 0.999289 173.738
0.999194 -0.00983111 0.0395915 1.95946 0.00959338 0.999944 0.00615467 -0.910358 -0.0396484 -0.00576966 0.999215 175.104
0.999236 -0.00966773 0.0387073 2.0079 0.00935834 0.999933 0.00814628 -0.916224 -0.0387818 -0.00777669 0.999235 176.486
0.999195 -0.0124824 0.0388271 2.06045 0.0121096 0.999888 0.00978461 -0.918531 -0.0389434 -0.00930624 0.999217 177.858
0.999274 -0.0145322 0.0361897 2.11657 0.0141668 0.999857 0.0103118 -0.92307 -0.0363327 -0.00979048 0.99931 179.241
0.999286 -0.0145248 0.0356267 2.16064 0.0142978 0.999885 0.00657563 -0.918711 -0.0357166 -0.00606136 0.999363 180.606
0.999396 -0.012958 0.0333079 2.20631 0.0128293 0.99992 0.00405172 -0.923272 -0.0333561 -0.00362104 0.999455 181.985
0.999427 -0.00996298 0.0331864 2.25749 0.00988802 0.999958 0.00237881 -0.926414 -0.0332072 -0.00204915 0.999466 183.355
0.999431 -0.0065939 0.0341185 2.29462 0.00644983 0.999981 0.00431153 -0.941305 -0.0341446 -0.00408807 0.999427 184.715
0.999473 -0.00487643 0.0329435 2.3302 0.00463973 0.999972 0.0072187 -0.945218 -0.0329763 -0.0070618 0.99945 186.125
0.999408 -0.00543654 0.035028 2.36303 0.00509697 0.999951 0.00975796 -0.954743 -0.0350776 -0.00957263 0.999358 187.496
0.99943 -0.00571415 0.0340695 2.40624 0.00535211 0.999938 0.0106687 -0.950303 -0.0341268 -0.0104801 0.999382 188.92
0.999426 -0.00778417 0.0340657 2.45156 0.00739447 0.999918 0.0115294 -0.951618 -0.034151 -0.0112698 0.999372 190.322
0.999352 -0.0101186 0.0353554 2.4978 0.00967389 0.999883 0.0126845 -0.955225 -0.035478 -0.012334 0.999315 191.702
0.999361 -0.0119877 0.0347236 2.54568 0.011539 0.999861 0.0130702 -0.959325 -0.0348736 -0.0126601 0.999331 193.131
0.999301 -0.0132852 0.0357249 2.59378 0.0127647 0.999822 0.0147114 -0.97157 -0.0359122 -0.0142449 0.999274 194.515
0.999285 -0.0170854 0.0347386 2.64373 0.0165176 0.999741 0.0165429 -0.969935 -0.0350102 -0.015956 0.999279 195.947
0.999181 -0.019555 0.0362003 2.69453 0.0189274 0.999677 0.0175487 -0.97256 -0.0365301 -0.0168489 0.999211 197.337
0.999254 -0.0176101 0.0353434 2.73585 0.0171137 0.999766 0.0142729 -0.96789 -0.0355844 -0.0136561 0.999292 198.776
0.99933 -0.0104361 0.0358786 2.77039 0.0100729 0.999908 0.0102435 -0.958599 -0.0359804 -0.00987521 0.999325 200.195
0.999346 -0.00289581 0.0370049 2.80082 0.0025056 0.999955 0.010568 -0.928133 -0.0370317 -0.0104671 0.999278 201.589
0.999342 0.0031541 0.0368871 2.81915 -0.00365299 0.999914 0.0134309 -0.91312 -0.03684 -0.0135567 0.99925 203.071
0.999263 0.00454047 0.0390373 2.86621 -0.00521744 0.999851 0.0172414 -0.906957 -0.038951 -0.0174308 0.999109 204.513
0.999333 0.00303006 0.0371496 2.91455 -0.00370414 0.999842 0.0180554 -0.899016 -0.0370874 -0.0181806 0.999169 205.978
0.99935 0.000419981 0.0370373 2.98722 -0.00110172 0.999844 0.0183698 -0.886116 -0.0370216 -0.0183971 0.999165 207.434
0.999352 -0.000750466 0.0367495 3.03918 7.9119e-05 0.999846 0.0182294 -0.870362 -0.036756 -0.0182143 0.99918 208.871
0.999419 3.48924e-05 0.0351648 3.0824 -0.000671243 0.999851 0.0180639 -0.852134 -0.0351569 -0.0180755 0.999239 210.338
0.999382 0.000234651 0.0359967 3.12364 -0.000892414 0.999846 0.0182196 -0.847066 -0.0359854 -0.0182402 0.99921 211.766
0.999434 0.00188812 0.0346648 3.16191 -0.00255439 0.999827 0.0191657 -0.834561 -0.0346205 -0.019242 0.999236 213.247
0.999439 0.0012763 0.0343676 3.20556 -0.00194467 0.999823 0.0193821 -0.820218 -0.0343354 -0.0194379 0.999245 214.711
0.999413 0.00140275 0.0352862 3.25531 -0.00207948 0.999829 0.0191253 -0.806814 -0.0352513 -0.019186 0.999216 216.149
0.999442 0.000800926 0.0343052 3.30445 -0.00145858 0.999829 0.0191112 -0.801905 -0.0342827 -0.0191503 0.999254 217.661
0.999422 0.000727187 0.0350651 3.35754 -0.00139453 0.999833 0.0189856 -0.789465 -0.0350432 -0.019022 0.999228 219.104
0.999461 0.00125636 0.033731 3.39763 -0.00189322 0.999835 0.0188117 -0.78117 -0.0337005 -0.0188653 0.999279 220.622
0.999452 0.00134762 0.0341734 3.44298 -0.00198934 0.999836 0.0187255 -0.771435 -0.0341404 -0.0187817 0.999265 222.077
0.999489 0.00131172 0.0329014 3.49764 -0.00192355 0.99984 0.0185267 -0.750058 -0.0328705 -0.0185804 0.999312 223.591
0.999514 0.000678639 0.0323012 3.53279 -0.00125836 0.999853 0.0179016 -0.735523 -0.032282 -0.017932 0.999342 225.105
0.999494 0.000986979 0.0327553 3.56865 -0.0015737 0.999853 0.0178464 -0.721894 -0.0327316 -0.0178888 0.999328 226.582
0.999557 0.00124908 0.0309471 3.60095 -0.00180955 0.999848 0.0180606 -0.724213 -0.0309176 -0.0181071 0.999382 228.104
0.999561 0.00111719 0.0306706 3.62613 -0.00165147 0.999861 0.0173484 -0.735098 -0.0306457 -0.0173913 0.999403 229.615
0.999581 0.000642885 0.0301748 3.67331 -0.00114485 0.999875 0.0165964 -0.736534 -0.030158 -0.0166226 0.999431 231.115
0.99957 -0.000398714 0.0304064 3.71357 -0.000131829 0.999862 0.0173931 -0.727983 -0.0304079 -0.0173895 0.999411 232.609
0.99954 -0.000689411 0.0315076 3.74995 0.000131847 0.999857 0.0176714 -0.712307 -0.0315129 -0.0176577 0.999372 234.092
0.999545 -0.000351938 0.0311886 3.7724 -0.000202236 0.999856 0.0177145 -0.702918 -0.0311891 -0.0177126 0.999381 235.634
0.999502 -0.00102126 0.0327337 3.81564 0.000437262 0.999855 0.0178177 -0.691697 -0.0327446 -0.0177932 0.999331 237.136
0.999526 0.000108084 0.0318711 3.85785 -0.000680934 0.999853 0.0179162 -0.672859 -0.0318633 -0.0179291 0.999356 238.648
0.999505 -0.00086496 0.0326917 3.89658 0.000228157 0.999825 0.0194496 -0.670374 -0.0327003 -0.0194311 0.999304 240.156
0.999446 -0.000794552 0.0342785 3.94114 0.000107006 0.999814 0.0200095 -0.657791 -0.0342868 -0.0199945 0.999237 241.666
0.999492 -0.000761303 0.033094 3.97683 0.000177019 0.999858 0.0176284 -0.649439 -0.0331002 -0.0176121 0.999325 243.212
0.999424 -0.000350036 0.0349315 4.023 -0.00023164 0.999876 0.0166018 -0.641766 -0.0349317 -0.0166001 0.999277 244.718
0.999455 4.8225e-05 0.0341979 4.06404 -0.000627273 0.999871 0.0168949 -0.634052 -0.0341901 -0.0169057 0.999301 246.245
0.999446 -0.000402399 0.0342787 4.11113 -0.000214467 0.999852 0.0179435 -0.627966 -0.0342797 -0.0179407 0.999276 247.77
0.999437 3.80478e-05 0.034709 4.14797 -0.000693956 0.999835 0.0188603 -0.617684 -0.0347001 -0.0188723 0.999248 249.287
0.999451 0.000560099 0.0341478 4.20705 -0.0012078 0.999834 0.0189052 -0.609277 -0.0341303 -0.0189359 0.999263 250.854
0.99942 0.00114031 0.0352196 4.24604 -0.00182109 0.999826 0.0192797 -0.59786 -0.0351891 -0.0193311 0.999223 252.367
0.999455 0.00182016 0.0339921 4.29337 -0.00247868 0.999825 0.0192955 -0.596122 -0.0339497 -0.019369 0.99926 253.961
0.999418 0.0018212 0.0352283 4.33919 -0.00251317 0.999819 0.0195846 -0.579899 -0.0351839 -0.0196602 0.999217 255.474
0.999463 0.000235203 0.0337991 4.39295 -0.000894907 0.999824 0.0194582 -0.565616 -0.0337874 -0.0194778 0.999264 257.043
0.99947 -0.00154189 0.0338358 4.44331 0.000860161 0.999812 0.0201276 -0.541991 -0.0338581 -0.0200863 0.999254 258.574
0.999413 -0.00395344 0.0350407 4.49485 0.00319617 0.999776 0.0215917 -0.532589 -0.035117 -0.0214667 0.999178 260.1
0.999467 -0.0043348 0.0337022 4.5477 0.00361203 0.999778 0.0214499 -0.514177 -0.0337855 -0.0213151 0.999232 261.638
0.999398 -0.00604613 0.0351883 4.60209 0.00532001 0.999787 0.0206404 -0.487617 -0.0353044 -0.0204405 0.999193 263.158
0.999364 -0.00875651 0.0358536 4.66841 0.00796257 0.999737 0.0221992 -0.454522 -0.0360364 -0.0218979 0.999141 264.718
0.999317 -0.0106106 0.0363853 4.72104 0.00977264 0.9997 0.0230788 -0.423623 -0.0366181 -0.0227072 0.999095 266.256
0.99921 -0.0125568 0.0389095 4.77379 0.0117068 0.999705 0.0219699 -0.416101 -0.0391716 -0.0214955 0.999032 267.775
0.999197 -0.0134425 0.0386516 4.82659 0.0126277 0.999709 0.0211955 -0.401491 -0.0389241 -0.0206902 0.999052 269.32
0.999098 -0.0127218 0.0416326 4.87647 0.0118402 0.999718 0.0213262 -0.387195 -0.0418899 -0.0208125 0.998936 270.872
0.999125 -0.0111686 0.041169 4.93488 0.0102923 0.999732 0.0213882 -0.375566 -0.0413956 -0.0209455 0.998946 272.411
0.999103 -0.010409 0.0421561 4.98962 0.00952198 0.999745 0.0211601 -0.351829 -0.0423633 -0.0207382 0.998918 273.948
0.998966 -0.00801181 0.0455157 5.04017 0.00699541 0.999739 0.0224065 -0.353023 -0.0456819 -0.0220648 0.998736 275.483
0.998947 -0.00871441 0.046053 5.09732 0.00771628 0.999748 0.0217823 -0.336093 -0.0462288 -0.0214026 0.998732 277.029
0.998806 -0.0078687 0.0489455 5.15724 0.00679749 0.99975 0.0219775 -0.31976 -0.0491047 -0.0216185 0.998583 278.558
0.998805 -0.00860208 0.0490748 5.22666 0.00752259 0.999742 0.0221167 -0.291963 -0.0492498 -0.0217195 0.998581 280.114
0.998753 -0.00885484 0.0498407 5.29886 0.00773153 0.999728 0.0226497 -0.272898 -0.050026 -0.0222359 0.998524 281.647
0.998526 -0.0108337 0.0540581 5.37228 0.00956178 0.999689 0.0237108 -0.261179 -0.0542953 -0.0231572 0.998288 283.157
0.998596 -0.0113076 0.0524325 5.44629 0.0100785 0.999686 0.0236135 -0.240559 -0.0526812 -0.0230517 0.99837 284.709
0.998473 -0.0118375 0.0548242 5.52958 0.0106566 0.999722 0.021761 -0.223922 -0.0550637 -0.0211418 0.99829 286.228
0.998582 -0.0115313 0.0526608 5.61021 0.0104381 0.999741 0.0209529 -0.212505 -0.052887 -0.0203733 0.998419 287.787
0.998586 -0.0119294 0.0527087 5.67925 0.0108142 0.999729 0.02137 -0.186261 -0.0529465 -0.0207681 0.998413 289.313
0.998489 -0.0131671 0.0540233 5.75343 0.0119881 0.9997 0.0220564 -0.169349 -0.0542955 -0.0213753 0.998323 290.848
0.998647 -0.0129448 0.0513255 5.82356 0.011821 0.999701 0.0221166 -0.148084 -0.0515936 -0.0214782 0.99847 292.42
0.998554 -0.0123141 0.0530315 5.90425 0.0111687 0.999716 0.0218057 -0.129933 -0.0532829 -0.0211817 0.998382 293.952
0.998695 -0.0118008 0.0507242 5.97747 0.0106824 0.999712 0.0222412 -0.107605 -0.050969 -0.0216684 0.998502 295.535
0.998725 -0.012082 0.0497377 6.0454 0.0109616 0.999698 0.0227012 -0.0903811 -0.049995 -0.0221271 0.998531 297.101
0.998674 -0.0118208 0.0511421 6.12497 0.0105935 0.999667 0.0241807 -0.0722159 -0.0514079 -0.0236048 0.998436 298.63
0.998762 -0.0110634 0.0492474 6.19401 0.00983052 0.999652 0.0251676 -0.0467355 -0.0495067 -0.0246524 0.998496 300.221
0.998653 -0.010085 0.0519186 6.26191 0.00870341 0.99962 0.026749 -0.0239957 -0.0521656 -0.0262588 0.99833 301.744
0.998656 -0.00967227 0.051643 6.33425 0.00827372 0.999613 0.0271917 0.00110736 -0.051884 -0.0267279 0.998323 303.343
0.998632 -0.0106855 0.0522016 6.41754 0.00922489 0.999577 0.0281214 0.0397841 -0.0524771 -0.027599 0.998278 304.912
0.998504 -0.0118158 0.054084 6.50489 0.010334 0.999583 0.0275604 0.0658421 -0.0543851 -0.0269602 0.998184 306.485
0.998539 -0.0123216 0.0536011 6.59149 0.0109096 0.999604 0.0265355 0.090229 -0.0539038 -0.0259097 0.998248 308.079
0.998461 -0.0124368 0.0547242 6.67047 0.0110468 0.999627 0.0255945 0.118643 -0.05502 -0.0249506 0.998201 309.676
0.998642 -0.0117913 0.0518232 6.7525 0.0104649 0.999629 0.0257696 0.145847 -0.0521047 -0.0251899 0.998364 311.277
0.99873 -0.0110443 0.0498908 6.82928 0.00974251 0.999625 0.0262219 0.175191 -0.0501596 -0.0257025 0.998439 312.878
0.9987 -0.00960664 0.0511598 6.89212 0.0081328 0.999565 0.0289188 0.218475 -0.0514123 -0.0284625 0.998312 314.496
0.998662 -0.0117379 0.0510851 6.98236 0.010141 0.999472 0.0313683 0.257365 -0.0514243 -0.0308082 0.99823 316.142
0.998601 -0.0124538 0.0524567 7.05554 0.0107816 0.999445 0.032019 0.291463 -0.0528233 -0.0314059 0.998152 317.752
0.998609 -0.0130943 0.0517905 7.14134 0.0114613 0.999449 0.0316635 0.322726 -0.0521745 -0.0310259 0.998185 319.385
0.998539 -0.0135291 0.0533865 7.21815 0.0118328 0.999436 0.0319412 0.358522 -0.0537854 -0.03126 0.998105 320.991
0.998549 -0.0134566 0.0528439 7.30185 0.01177 0.999433 0.0320591 0.402579 -0.0532432 -0.0313906 0.998118 322.64
0.998536 -0.0136247 0.0534109 7.38624 0.0119201 0.999431 0.0320844 0.436254 -0.0538145 -0.031398 0.9981 324.261
0.998418 -0.0130194 0.055391 7.45955 0.0112616 0.999445 0.0318926 0.485337 -0.0557733 -0.0312183 0.997985 325.864
0.998469 -0.0127238 0.0548864 7.54608 0.0110014 0.999458 0.0315492 0.522805 -0.0552549 -0.0308942 0.998037 327.499
0.998302 -0.0139811 0.0572164 7.62946 0.0120656 0.999378 0.0336498 0.56335 -0.057649 -0.0329023 0.997824 329.106
0.998341 -0.0154603 0.0564823 7.722 0.0135208 0.999329 0.0345406 0.615767 -0.0569751 -0.0337166 0.997849 330.746
0.998299 -0.016311 0.0566468 7.81161 0.0144243 0.999352 0.033518 0.6666 -0.0571545 -0.0326438 0.997862 332.356
0.998219 -0.0159727 0.0584669 7.8939 0.0139741 0.999327 0.0344152 0.711366 -0.0589738 -0.0335339 0.997739 333.968
0.998278 -0.0156409 0.0572099 7.98236 0.0138144 0.999406 0.0321448 0.763872 -0.0576764 -0.031299 0.997875 335.595
0.998283 -0.013507 0.0579573 8.05863 0.0116862 0.99945 0.0316188 0.775445 -0.0583492 -0.0308843 0.99786 337.182
0.998367 -0.0127901 0.0563691 8.14139 0.0109151 0.9994 0.0334113 0.811065 -0.0567603 -0.0327414 0.997881 338.799
0.998419 -0.012385 0.0558165 8.22371 0.0103339 0.999285 0.0368648 0.849052 -0.0562298 -0.0362265 0.997803 340.41
0.998388 -0.0114495 0.0562896 8.30698 0.00921237 0.999183 0.0398091 0.88354 -0.056697 -0.0392261 0.997652 341.992
0.998541 -0.0103596 0.0540341 8.38908 0.00822073 0.999199 0.0396349 0.930589 -0.054398 -0.0391296 0.997795 343.61
0.998554 -0.0105483 0.0534597 8.46474 0.00841389 0.999184 0.039958 0.969713 -0.0538353 -0.0394501 0.997802 345.183
0.998708 -0.0112763 0.0506612 8.54555 0.00919845 0.999133 0.0410394 1.02766 -0.0510768 -0.0405169 0.997916 346.795
0.998733 -0.0123084 0.0495936 8.62376 0.0102227 0.999081 0.0420526 1.07622 -0.0500635 -0.0414919 0.997915 348.385
0.998721 -0.0123216 0.0501788 8.68923 0.0102205 0.999088 0.0418894 1.09147 -0.0506459 -0.0413194 0.997905 349.946
0.998763 -0.0123986 0.0489557 8.76515 0.0103318 0.999073 0.0422073 1.13935 -0.0494315 -0.0416489 0.997939 351.552
0.998729 -0.0124867 0.0499811 8.83521 0.010371 0.999067 0.0423422 1.19243 -0.0504599 -0.0417663 0.997897 353.112
0.998756 -0.0134562 0.0488237 8.90803 0.011382 0.99905 0.0424723 1.24407 -0.0493468 -0.0418633 0.997935 354.731
0.998757 -0.0140274 0.0490032 8.98002 0.0119443 0.999042 0.0425204 1.29089 -0.0495494 -0.0418786 0.997938 356.317
0.998712 -0.0138576 0.0496122 9.04907 0.0117726 0.999064 0.0420324 1.33638 -0.0501461 -0.0413938 0.997915 357.888
0.998779 -0.0138935 0.0486096 9.12346 0.0118269 0.999043 0.042521 1.38344 -0.0491505 -0.0418904 0.997958 359.507
0.998712 -0.0141927 0.049523 9.19408 0.012094 0.999045 0.0423825 1.43506 -0.0500752 -0.0417284 0.997905 361.069
0.998767 -0.015447 0.0483923 9.26775 0.0133976 0.99903 0.0423644 1.4774 -0.0489965 -0.0416601 0.997975 362.685
0.998731 -0.0175259 0.0480507 9.34143 0.0154169 0.998936 0.0438711 1.53966 -0.0487664 -0.043074 0.997913 364.281
0.998666 -0.0189524 0.0492351 9.41499 0.0167212 0.99885 0.0453131 1.58518 -0.0500339 -0.0444255 0.997805 365.852
0.998724 -0.019059 0.0476139 9.48885 0.0169147 0.998861 0.0449942 1.63128 -0.0484152 -0.0441307 0.997884 367.471
0.99868 -0.0183733 0.0491959 9.55887 0.0161609 0.998875 0.0449679 1.68931 -0.0499635 -0.0441094 0.997823 369.042
0.998728 -0.0173359 0.0481751 9.62713 0.015102 0.998831 0.0463133 1.74887 -0.0489196 -0.0455262 0.997797 370.656
0.998669 -0.0170199 0.0499147 9.69421 0.0146601 0.998793 0.0472414 1.80048 -0.0506552 -0.0464426 0.997683 372.234
0.998695 -0.0171219 0.0489574 9.77044 0.0147856 0.998772 0.0476512 1.83895 -0.049711 -0.0468642 0.997697 373.854
0.998693 -0.0173585 0.0493215 9.84449 0.015012 0.998774 0.0475272 1.89523 -0.0500828 -0.0467205 0.997699 375.447
0.998587 -0.0170713 0.051142 9.91356 0.0146279 0.998771 0.0477361 1.95538 -0.0518918 -0.0469196 0.997584 377.025
0.998683 -0.0162872 0.0498982 9.98816 0.0138976 0.998776 0.0478431 2.03011 -0.0506131 -0.0470824 0.997655 378.653
0.998578 -0.0159627 0.0516771 10.0597 0.0134465 0.998744 0.0486382 2.08743 -0.0523862 -0.0478732 0.997514 380.234
0.998642 -0.0141315 0.0513562 10.1351 0.0115901 0.998728 0.0494253 2.15665 -0.0519861 -0.0487586 0.997504 381.878
0.998616 -0.0134142 0.0516962 10.2107 0.0108294 0.998713 0.0499245 2.21743 -0.052297 -0.0492944 0.997451 383.482
0.998547 -0.0126276 0.0535999 10.2839 0.00993817 0.998711 0.0501266 2.27816 -0.0541606 -0.0495164 0.997352 385.066
0.998583 -0.0120792 0.0526083 10.3634 0.00941502 0.998694 0.0505644 2.33725 -0.053148 -0.0499964 0.997369 386.697
0.998515 -0.0114887 0.0544632 10.4384 0.00867417 0.998647 0.0516124 2.40173 -0.0549793 -0.0510585 0.997231 388.286
0.998582 -0.0104909 0.0529752 10.5113 0.00771306 0.998617 0.0523422 2.4738 -0.0534487 -0.0518584 0.997258 389.931
0.99859 -0.00981614 0.0534213 10.5905 0.00699788 0.998606 0.052667 2.53899 -0.0538606 -0.0522141 0.997233 391.547
0.998485 -0.0101562 0.0548447 10.6661 0.00722774 0.99857 0.0533033 2.60265 -0.0553051 -0.0528251 0.997107 393.143
