0.999785 -0.00157202 -0.0207416 0.21188 0.00161928 0.999997 0.0022642 -0.0178904 0.020739 -0.00229761 0.999784 0.872541
0.999686 -0.00248083 -0.0250863 0.217538 0.00254641 0.999995 0.00258032 -0.0374912 0.0250824 -0.00264374 0.99968 2.18074
0.999656 -0.00410878 -0.0260179 0.194137 0.00413277 0.999996 0.0008575 -0.0481818 0.0260171 -0.000965131 0.999664 3.54438
0.999717 -0.00412308 -0.0235993 0.167367 0.00411186 0.999993 -0.000525048 -0.0596827 0.023604 0.000427504 0.999721 4.8979
0.999642 -0.00519723 -0.0264331 0.165724 0.00521826 0.999992 0.000721305 -0.0878402 0.0264323 -0.000859473 0.999653 6.21166
0.999527 -0.00771211 -0.0298219 0.187523 0.00776863 0.999971 0.001779 -0.10723 0.0298098 -0.00201014 0.999551 7.53766
0.999476 -0.00742871 -0.0317352 0.178668 0.00749485 0.999975 0.00196808 -0.119277 0.031723 -0.00220539 0.999499 8.92742
0.999401 -0.00783852 -0.0337453 0.188697 0.00788626 0.999971 0.00128349 -0.155014 0.0337368 -0.00154914 0.999427 10.2716
0.999351 -0.00600051 -0.0357494 0.174593 0.00597579 0.999988 -0.000801255 -0.179286 0.035757 0.000586598 0.999365 11.6624
0.999394 -0.00221148 -0.0348167 0.0975095 0.00214178 1 -0.00204053 -0.195034 0.0348242 0.00196454 0.999392 13.0065
0.999419 7.82893e-05 -0.0343618 0.0284656 -0.00011805 1.00001 -0.00115898 -0.230264 0.0343653 0.00116187 0.999414 14.3543
0.999438 0.000842645 -0.0335817 -0.0395835 -0.000848095 1 -0.000149954 -0.253077 0.0335846 0.000178228 0.999437 15.7075
0.999465 -0.00325561 -0.0328559 -0.104367 0.00333994 0.999999 0.00250678 -0.272689 0.0328511 -0.00261558 0.999463 17.0666
0.999465 -0.00740197 -0.0319711 -0.168613 0.00754246 0.999968 0.00427481 -0.290728 0.0319415 -0.00451375 0.999481 18.4286
0.999482 -0.0105331 -0.0307442 -0.235339 0.0106304 0.999948 0.00299552 -0.321779 0.0307145 -0.0033213 0.999531 19.8063
0.997376 -0.0146698 -0.0709868 -0.011054 0.0156043 0.999805 0.0126306 -0.443762 0.0707905 -0.0137054 0.9974 20.9415
0.997492 -0.0125954 -0.0698322 -0.123287 0.0134455 0.999852 0.0117084 -0.458028 0.0696776 -0.0126185 0.997507 22.3232
0.997576 -0.00964784 -0.069023 -0.228552 0.0106407 0.999851 0.0140345 -0.466088 0.0688803 -0.0147352 0.997519 23.7412
0.997594 -0.00897383 -0.0689508 -0.326882 0.0102992 0.999779 0.0188809 -0.486665 0.0687695 -0.0195459 0.997459 25.156
0.997677 -0.010711 -0.0674101 -0.438947 0.0121432 0.999716 0.0208732 -0.481045 0.0671704 -0.0216435 0.99751 26.5445
0.997624 -0.0102977 -0.0683449 -0.53608 0.0115079 0.999794 0.0173291 -0.489357 0.0681556 -0.0180748 0.997533 27.9524
0.99756 -0.00957543 -0.0692909 -0.644157 0.0105505 0.999859 0.0137195 -0.503594 0.0691528 -0.0144172 0.997506 29.3327
0.99771 -0.0109761 -0.0669858 -0.775073 0.0118223 0.99987 0.0122463 -0.520517 0.0668467 -0.0130108 0.997705 30.7064
0.997876 -0.00740837 -0.0649176 -0.897411 0.00816018 0.999914 0.0113321 -0.525693 0.0648319 -0.0118381 0.997832 32.1046
0.997947 -0.00671943 -0.0639643 -1.00699 0.00736267 0.999941 0.00982547 -0.536128 0.0638985 -0.010277 0.997931 33.4916
0.998018 -0.00564765 -0.0628874 -1.11891 0.0062992 0.999942 0.010179 -0.542472 0.06283 -0.0105553 0.997977 34.8983
0.998064 -0.00540318 -0.0622175 -1.22882 0.00612608 0.99993 0.0114382 -0.548211 0.0621554 -0.011798 0.998026 36.314
0.998048 -0.00449081 -0.0625427 -1.32576 0.00528317 0.999923 0.0125267 -0.549868 0.0624853 -0.012833 0.997974 37.7388
0.998029 -0.00189898 -0.0630105 -1.41806 0.00270135 0.999933 0.0126555 -0.55125 0.0629861 -0.0128015 0.997962 39.2165
0.998063 0.00105625 -0.0624676 -1.52243 -0.000266565 0.999939 0.0126698 -0.560344 0.0624805 -0.0126291 0.997979 40.6495
0.998039 0.00284828 -0.0628329 -1.61618 -0.00203117 0.999931 0.0130726 -0.565759 0.0628695 -0.01292 0.997969 42.1228
0.998063 0.00355536 -0.0623899 -1.72422 -0.0027359 0.999927 0.0132383 -0.572147 0.0624359 -0.0130424 0.997976 43.548
0.998034 0.00228533 -0.06296 -1.81157 -0.00148039 0.999937 0.0128413 -0.57394 0.0629889 -0.0127235 0.997972 44.9963
0.998007 0.00132727 -0.0633118 -1.90891 -0.000513861 0.999934 0.0128893 -0.584275 0.0633284 -0.0128316 0.997928 46.4316
0.99811 0.00183065 -0.0617729 -2.04593 -0.0010382 0.999937 0.0128754 -0.581118 0.0617961 -0.0127879 0.998049 47.8367
0.998045 0.00212119 -0.0627099 -2.13995 -0.00123773 0.999917 0.0141479 -0.584728 0.0627384 -0.0140434 0.997949 49.3053
0.997901 0.00214842 -0.0650578 -2.21495 -0.00124418 0.999919 0.0139532 -0.591121 0.0650865 -0.0138441 0.997824 50.7539
0.997803 0.00271162 -0.0664468 -2.31278 -0.00185449 0.999932 0.0129812 -0.574229 0.0664812 -0.01283 0.997724 52.2155
0.997724 0.0028686 -0.0676879 -2.41399 -0.0019427 0.999922 0.0137585 -0.578065 0.067726 -0.0135966 0.997653 53.66
0.997702 0.00154109 -0.0679675 -2.52208 -0.000538006 0.99991 0.014798 -0.586446 0.0679877 -0.0147282 0.997598 55.1262
0.997689 -0.000522438 -0.0683019 -2.62599 0.00160407 0.999894 0.0158004 -0.601319 0.0682903 -0.0158742 0.997584 56.577
0.997609 -0.00289756 -0.0692585 -2.72774 0.0039399 0.999902 0.0149424 -0.599646 0.069212 -0.0151806 0.997509 58.0199
0.997727 -0.0043724 -0.0675935 -2.85786 0.00549166 0.99987 0.0164003 -0.616754 0.0675174 -0.0167349 0.997626 59.4593
0.997829 -0.00621312 -0.0658272 -2.97918 0.00743695 0.999829 0.0183903 -0.629308 0.0657058 -0.0188412 0.997688 60.9029
0.997817 -0.0086756 -0.0658056 -3.06824 0.0100517 0.999761 0.0206177 -0.643907 0.0656135 -0.0212347 0.997676 62.3564
0.998142 -0.0102523 -0.0602525 -3.21172 0.0114537 0.999767 0.0196605 -0.642605 0.0600379 -0.0203153 0.998019 63.65
0.998018 -0.0114793 -0.0622893 -3.27263 0.012714 0.999756 0.019471 -0.65264 0.062052 -0.0202248 0.99793 64.8274
0.998146 -0.0101802 -0.0601609 -3.38975 0.0112983 0.999797 0.0183072 -0.644274 0.0599621 -0.0189542 0.998053 66.2502
0.998231 -0.00907462 -0.0592308 -3.48269 0.0101533 0.999815 0.0179453 -0.642828 0.0590574 -0.0185152 0.998147 67.6962
0.998445 -0.0049816 -0.0558512 -3.61177 0.00606534 0.999824 0.019276 -0.652291 0.0557451 -0.0195859 0.998282 69.0477
0.998521 -0.00159292 -0.0548211 -3.70998 0.00270866 0.999823 0.0202942 -0.643186 0.0547782 -0.0204129 0.998357 70.539
0.998551 0.00291692 -0.0540809 -3.80257 -0.00183026 0.999822 0.0201592 -0.636847 0.0541293 -0.0200321 0.998363 71.946
0.998632 0.00772902 -0.0522386 -3.92407 -0.00676398 0.999839 0.0186279 -0.614947 0.0523729 -0.0182493 0.99853 73.4181
0.998621 0.0110902 -0.0516915 -4.01163 -0.0102023 0.999824 0.0174354 -0.607532 0.0518747 -0.016885 0.998541 74.8486
0.998632 0.0123584 -0.0513609 -4.08363 -0.0114389 0.999806 0.0181581 -0.625266 0.0515738 -0.017546 0.998583 76.2755
0.99867 0.012491 -0.0504442 -4.17193 -0.0115989 0.999803 0.0179618 -0.61734 0.050656 -0.0173537 0.9986 77.7266
0.998682 0.0117579 -0.0505661 -4.23433 -0.0109135 0.999838 0.0169334 -0.615704 0.0507541 -0.0163592 0.998652 79.1324
0.998661 0.0114429 -0.0508923 -4.30418 -0.0107449 0.99988 0.013984 -0.596615 0.0510422 -0.013419 0.998647 80.5199
0.998717 0.0112614 -0.0499797 -4.40628 -0.0106343 0.999904 0.0127841 -0.587052 0.0501148 -0.0122361 0.998748 81.929
0.99875 0.0086643 -0.049683 -4.45687 -0.00788057 0.999878 0.0159672 -0.637381 0.0498108 -0.0155565 0.998679 83.2555
0.998764 0.0103948 -0.0491379 -4.65706 -0.00962642 0.999872 0.0158342 -0.638336 0.0492912 -0.0153415 0.998741 84.46
0.998613 0.0152621 -0.0508577 -4.88974 -0.0144896 0.999811 0.0155401 -0.632463 0.0510801 -0.0147822 0.998629 85.5278
0.999 0.0180868 -0.0415065 -5.12712 -0.0175683 0.999808 0.0128028 -0.603712 0.0417247 -0.0120607 0.999131 86.7458
0.99935 0.0138686 -0.0340644 -5.1989 -0.0133 0.999807 0.0168877 -0.682093 0.0342863 -0.0164243 0.999323 87.7421
0.999566 0.0120499 -0.027826 -5.41189 -0.0116277 0.999861 0.0152472 -0.648886 0.0280002 -0.014917 0.999573 89.0672
0.999633 0.010314 -0.0259824 -5.48796 -0.00991802 0.999873 0.0153353 -0.660033 0.0261304 -0.0150727 0.999587 90.3866
0.999695 0.00942348 -0.0239744 -5.57373 -0.00908892 0.999907 0.0139762 -0.652949 0.024098 -0.013754 0.999695 91.7595
0.999641 0.00764571 -0.0265668 -5.56787 -0.00728194 0.99992 0.0137585 -0.665623 0.0266626 -0.0135607 0.999596 93.1742
0.999641 0.00772259 -0.0266797 -5.6137 -0.00737376 0.999932 0.013099 -0.671263 0.026773 -0.0128974 0.999639 94.6034
0.999703 0.00746343 -0.0241923 -5.69638 -0.00718753 0.99995 0.0114755 -0.661904 0.0242692 -0.0112989 0.999686 95.9858
0.999702 0.00851694 -0.0240121 -5.74091 -0.00823431 0.999946 0.0117765 -0.692101 0.0241048 -0.0115752 0.999725 97.3251
0.999704 0.00962175 -0.0233951 -5.78874 -0.00935572 0.999934 0.0114492 -0.690939 0.0234957 -0.0112276 0.999707 98.7118
0.999714 0.00961543 -0.0231258 -5.81749 -0.00932075 0.999928 0.0127182 -0.70024 0.0232397 -0.0124985 0.99974 100.098
0.999576 0.0106176 -0.0279882 -5.78425 -0.0101654 0.999859 0.0162411 -0.744987 0.028149 -0.0159505 0.999523 101.412
0.999571 0.00966031 -0.0286652 -5.8271 -0.00926111 0.999913 0.0139419 -0.738114 0.0287907 -0.0136701 0.999579 102.785
0.99953 0.00923774 -0.0299446 -5.84858 -0.00890419 0.999945 0.0112151 -0.744797 0.0300388 -0.010944 0.999536 104.141
0.999573 0.0100333 -0.0285525 -5.92751 -0.00975765 0.99996 0.00969611 -0.746654 0.0286419 -0.00941297 0.999636 105.48
0.999834 0.005999 -0.017851 -6.1533 -0.00579333 0.999967 0.0114847 -0.766682 0.0179103 -0.0113804 0.999826 106.484
0.9999 0.00459181 -0.0153018 -6.21484 -0.00439484 0.999968 0.012657 -0.762112 0.0153516 -0.0125878 0.999894 107.886
0.999914 0.00316351 -0.013706 -6.24808 -0.00299233 0.999969 0.0123908 -0.758525 0.0137354 -0.0123496 0.999882 109.26
0.999945 0.0015068 -0.0129093 -6.2623 -0.0013634 1 0.0108242 -0.768955 0.0129168 -0.0108053 0.999959 110.595
0.999961 0.00349338 -0.0109302 -6.30558 -0.00339452 1.00001 0.00882622 -0.787458 0.010952 -0.00878905 0.999973 111.953
0.999975 0.00601344 -0.00844468 -6.35992 -0.00595768 1.00003 0.00611359 -0.78612 0.00847237 -0.00606278 1.00004 113.3
0.999973 0.0086753 -0.00602357 -6.39144 -0.00862912 0.999997 0.00725182 -0.816606 0.00607714 -0.00719996 1.00003 114.632
0.999974 0.0093447 -0.00498249 -6.39991 -0.00928611 0.999965 0.0107778 -0.84944 0.00507351 -0.0107308 1.00002 115.974
0.99998 0.00863714 -0.00471658 -6.39708 -0.00856912 0.999933 0.0136937 -0.867162 0.00482486 -0.0136532 0.999974 117.338
0.999989 0.00875058 -0.00225166 -6.44855 -0.00871427 0.999935 0.0136857 -0.865548 0.00236088 -0.0136654 0.999997 118.673
0.999974 0.0104925 0.000634469 -6.47768 -0.010496 0.99995 0.0111386 -0.845613 -0.000528151 -0.0111451 1.00002 120.032
0.999944 0.0128674 0.00267624 -6.4976 -0.0128881 0.999938 0.00974363 -0.843025 -0.00256188 -0.00977709 1.00005 121.384
0.999883 0.0159956 0.00659825 -6.55688 -0.01604 0.999915 0.0071538 -0.825826 -0.00649495 -0.00725887 1.00004 122.734
0.999802 0.0172841 0.0125702 -6.58403 -0.0173747 0.999891 0.00751525 -0.87644 -0.0124516 -0.00773163 0.99999 123.911
0.999604 0.0173437 0.0237085 -6.70733 -0.0175402 0.999882 0.00821636 -0.908125 -0.0235756 -0.0086291 0.999772 125.006
0.999446 0.0145215 0.0309576 -6.72577 -0.0148564 0.999902 0.0107737 -0.96435 -0.0308107 -0.011227 0.99956 126.155
0.99938 0.0155609 0.0326239 -6.71241 -0.015909 0.999887 0.0105373 -0.958785 -0.032469 -0.0110496 0.9995 127.506
0.999305 0.0145206 0.0352074 -6.70049 -0.0149077 0.999901 0.010904 -0.963629 -0.0350598 -0.0114207 0.999418 128.858
0.999312 0.0132976 0.0355335 -6.6533 -0.0137222 0.999908 0.0118148 -0.981739 -0.0353867 -0.0122942 0.999387 130.224
0.999357 0.0105576 0.0351776 -6.6025 -0.0109885 0.999938 0.0122221 -0.99218 -0.0350611 -0.0126004 0.999405 131.593
0.999391 0.00887568 0.0346832 -6.54974 -0.00934624 0.999941 0.01352 -1.0073 -0.0345749 -0.0138357 0.999397 132.973
0.99942 0.00693134 0.0342844 -6.51362 -0.00737128 0.999967 0.0128785 -1.0025 -0.0342092 -0.0131233 0.99943 134.387
0.999402 0.00442034 0.0352367 -6.48707 -0.00483385 0.999995 0.0117541 -1.00259 -0.0351984 -0.0119171 0.999401 135.759
0.999444 0.00299613 0.0341474 -6.46188 -0.0034595 0.999978 0.0136803 -1.01149 -0.0341209 -0.0137903 0.999425 137.146
0.999456 0.00127045 0.0339185 -6.43613 -0.00173381 0.999981 0.013737 -1.0146 -0.0339143 -0.0137878 0.999421 138.526
0.999469 0.00107234 0.0335181 -6.41044 -0.00152488 0.999983 0.0136437 -1.02254 -0.0335183 -0.0136871 0.999447 139.904
0.999449 0.00402205 0.0339185 -6.37375 -0.004444 0.99999 0.0124712 -1.04426 -0.0338818 -0.0126146 0.999438 141.295
0.999402 0.00407708 0.0352959 -6.36993 -0.0044868 1 0.011689 -1.04373 -0.0352637 -0.0118398 0.999413 142.675
0.999394 0.00209378 0.035729 -6.34905 -0.00240455 1.00004 0.00874775 -1.04496 -0.0357256 -0.00882784 0.999416 144.059
0.9994 -0.00330459 0.0354643 -6.31345 0.00304606 1.00005 0.00748897 -1.04023 -0.0355059 -0.00737584 0.999449 145.449
0.999381 -0.0110836 0.0344448 -6.26079 0.0107516 0.999971 0.00991557 -1.05705 -0.0345673 -0.00953831 0.999454 146.787
0.999307 -0.0172518 0.0340725 -6.2345 0.0168996 0.999883 0.0107642 -1.05897 -0.0342683 -0.0101802 0.999473 148.159
0.999258 -0.0206344 0.0336022 -6.19188 0.0203968 0.999843 0.0075327 -1.06962 -0.0337659 -0.00684095 0.999508 149.54
0.999239 -0.019959 0.0346022 -6.16551 0.0198087 0.999882 0.00483545 -1.09138 -0.0347072 -0.00414552 0.999508 150.877
0.999247 -0.0171699 0.0358609 -6.1294 0.0170616 0.999928 0.00344363 -1.11824 -0.035931 -0.00282851 0.999454 152.263
0.999234 -0.0177636 0.0359466 -6.07225 0.0176605 0.999928 0.00333364 -1.13443 -0.0360159 -0.00269543 0.999468 153.65
0.999118 -0.0213418 0.0372263 -6.04294 0.0211166 0.999837 0.00655364 -1.15109 -0.0373734 -0.00576099 0.999392 154.988
0.998988 -0.0274252 0.0366889 -5.96797 0.0270952 0.999677 0.0096247 -1.16963 -0.0369533 -0.00861988 0.9994 156.382
0.998898 -0.0312648 0.0360514 -5.9113 0.0308939 0.999543 0.0109386 -1.17988 -0.0363901 -0.00981186 0.999396 157.735
0.998778 -0.0328478 0.0379436 -5.90429 0.0324202 0.999492 0.0119964 -1.19258 -0.0383307 -0.0107505 0.999329 159.099
0.998769 -0.0309071 0.0397916 -5.87255 0.0304309 0.999538 0.0126436 -1.19832 -0.0401771 -0.0114161 0.999236 160.469
0.998817 -0.027387 0.0411513 -5.83345 0.0268882 0.999646 0.0127764 -1.21578 -0.0414991 -0.0116537 0.999193 161.837
0.998803 -0.023515 0.0438556 -5.8068 0.0231158 0.999768 0.00969439 -1.2145 -0.0440865 -0.00866811 0.999102 163.201
0.9988 -0.020645 0.0452841 -5.77826 0.0202377 0.999838 0.00956466 -1.22636 -0.0454867 -0.00863586 0.999049 164.556
0.998644 -0.0194053 0.0491667 -5.77256 0.0188925 0.999847 0.010967 -1.23549 -0.0493851 -0.0100224 0.998845 165.921
0.998617 -0.0173962 0.0503736 -5.74034 0.0169116 0.999893 0.0101466 -1.23441 -0.0505572 -0.00927975 0.998799 167.292
0.998607 -0.0157409 0.0512274 -5.69032 0.0153512 0.999936 0.00808533 -1.24985 -0.0513646 -0.00728675 0.998772 168.693
0.99866 -0.012648 0.050905 -5.63694 0.0123318 0.999993 0.00663408 -1.27704 -0.0510007 -0.00599644 0.998806 170.068
0.998674 -0.00784597 0.0517386 -5.59056 0.00756062 1.00004 0.00579957 -1.29568 -0.0518004 -0.00539975 0.998763 171.459
0.998585 -0.00250578 0.0538447 -5.56449 0.00212539 1.00007 0.00723051 -1.31143 -0.05388 -0.00710485 0.998652 172.817
0.998592 0.000831103 0.0539141 -5.49032 -0.00137392 1.00004 0.0101202 -1.3381 -0.0539221 -0.0101791 0.998616 174.246
0.998142 0.00226551 0.0615154 -5.51833 -0.00298535 1.00003 0.0117003 -1.33651 -0.0615035 -0.0118613 0.998168 175.633
0.998185 1.55483e-05 0.0610501 -5.44031 -0.000689673 1.00003 0.0111037 -1.32359 -0.0610658 -0.0111244 0.998196 177.032
0.998425 -0.0030602 0.0566913 -5.32999 0.00233817 1.00002 0.0128998 -1.35 -0.0567443 -0.012746 0.998441 178.434
0.998427 -0.00322695 0.056865 -5.27912 0.0027099 1.00004 0.00925693 -1.36468 -0.0569119 -0.00908704 0.998456 179.853
0.998364 -0.00114628 0.0578569 -5.24061 0.00090406 1.00009 0.00430851 -1.36856 -0.05788 -0.00424843 0.998446 181.254
0.998314 0.00232834 0.0588611 -5.18694 -0.00261121 1.00008 0.00481348 -1.39253 -0.05887 -0.00495785 0.998375 182.674
0.998313 0.00518428 0.0584956 -5.11055 -0.00554305 1.00007 0.00606235 -1.41178 -0.0584819 -0.00637559 0.998403 184.034
0.99827 0.00693847 0.0592699 -5.04403 -0.00753132 1.00001 0.00986516 -1.43355 -0.0592181 -0.0102933 0.998313 185.355
0.998149 0.00722487 0.0610066 -4.98708 -0.00797807 0.999999 0.0121956 -1.4481 -0.0609321 -0.0126589 0.998198 186.74
0.998257 0.00596306 0.0595596 -4.89048 -0.0068019 0.999972 0.0139667 -1.46782 -0.0594901 -0.0143462 0.99825 188.123
0.998358 0.000555469 0.0579489 -4.78327 -0.00147967 0.999976 0.0159977 -1.48081 -0.0579524 -0.0160562 0.998326 189.572
0.99828 -0.00225939 0.059465 -4.72218 0.00125801 0.999949 0.0169596 -1.48741 -0.059516 -0.016854 0.998211 191.009
0.99821 -0.00527851 0.0602032 -4.64708 0.00424886 0.999945 0.0173082 -1.48939 -0.0603052 -0.0170202 0.998171 192.462
0.998165 -0.00823175 0.0608226 -4.56432 0.00712267 0.999895 0.0185188 -1.48688 -0.0609843 -0.01805 0.998102 193.916
0.998042 -0.0130926 0.0617927 -4.48821 0.0118942 0.999839 0.0198134 -1.48332 -0.0620555 -0.0190382 0.99803 195.342
0.997947 -0.0150097 0.0630785 -4.40956 0.0138491 0.999818 0.0188854 -1.46758 -0.0633654 -0.0179712 0.997957 196.806
0.998 -0.0127327 0.0625624 -4.32035 0.0118643 0.999932 0.0143218 -1.4628 -0.0627537 -0.0135496 0.998075 198.248
0.998037 -0.00455212 0.0633073 -4.25241 0.00398412 1.00004 0.00917114 -1.46426 -0.0633665 -0.0088992 0.998082 199.693
0.997998 0.003871 0.0638031 -4.17449 -0.00445969 1.00006 0.00916569 -1.47274 -0.0637813 -0.00943104 0.998068 201.13
0.997823 0.0111785 0.0658624 -4.11932 -0.0120623 0.999939 0.0131023 -1.48256 -0.0657261 -0.0138664 0.99788 202.578
0.997719 0.012049 0.0671146 -4.04229 -0.0130747 0.999911 0.0149309 -1.47865 -0.0669377 -0.0157735 0.997781 204.029
0.997723 0.0108563 0.0674146 -3.95595 -0.0118697 0.999919 0.0147163 -1.46805 -0.0672637 -0.0154811 0.997753 205.523
0.997684 0.00690289 0.0683422 -3.91228 -0.00797553 0.999955 0.0154984 -1.48193 -0.0682411 -0.0160066 0.997689 206.957
0.99773 0.00457889 0.0680344 -3.82798 -0.00563056 0.99997 0.0153398 -1.48663 -0.067975 -0.0156861 0.997707 208.435
0.997657 0.00521256 0.068895 -3.7579 -0.00625705 0.999974 0.0150203 -1.49438 -0.0688235 -0.0154152 0.997658 209.905
0.997434 0.00653279 0.0721607 -3.72313 -0.00768886 0.999953 0.0158223 -1.50286 -0.0720647 -0.0163348 0.997415 211.367
0.997418 0.00690783 0.0721377 -3.62563 -0.00817172 0.999926 0.0173002 -1.51358 -0.072021 -0.0178441 0.997395 212.852
0.997448 0.00619415 0.0720057 -3.52176 -0.00744778 0.999932 0.0172211 -1.51848 -0.0719049 -0.0177116 0.997403 214.357
0.997497 0.00543222 0.0711685 -3.40484 -0.00659562 0.999956 0.0161858 -1.51417 -0.0710855 -0.016614 0.997483 215.877
0.997579 0.00461592 0.0702383 -3.3035 -0.00574457 0.999965 0.0159586 -1.51416 -0.0701713 -0.0163221 0.997557 217.353
0.997616 0.00404521 0.069603 -3.20149 -0.00522286 0.999955 0.01681 -1.52757 -0.069539 -0.017133 0.997588 218.848
0.997663 0.00416528 0.0690685 -3.10043 -0.00536889 0.999947 0.0173579 -1.54085 -0.0690001 -0.0176873 0.997623 220.355
0.997649 0.00400853 0.0691564 -3.02341 -0.00520513 0.99995 0.0171897 -1.54035 -0.0690904 -0.0175086 0.997617 221.816
0.997755 0.00457647 0.0676668 -2.90536 -0.00575482 0.999945 0.0173392 -1.54658 -0.0675911 -0.0176891 0.997719 223.329
0.997858 0.00568516 0.0659607 -2.77833 -0.0068532 0.999934 0.0175547 -1.55721 -0.0658628 -0.0179685 0.997828 224.892
0.997969 0.00513086 0.0643885 -2.67297 -0.00627701 0.999937 0.0177267 -1.55988 -0.0643007 -0.0180943 0.997929 226.376
0.998068 0.00860879 0.0623658 -2.55942 -0.00964544 0.999931 0.0163969 -1.56707 -0.0622264 -0.0169662 0.998079 227.898
0.998087 0.00723654 0.0623509 -2.46567 -0.00824907 0.999954 0.016115 -1.56211 -0.0622384 -0.016598 0.998087 229.429
0.998065 0.00636746 0.0626536 -2.38712 -0.00739484 0.999954 0.0162376 -1.55743 -0.062553 -0.016669 0.998063 230.95
0.998001 0.00484413 0.0639174 -2.32819 -0.00592719 0.999958 0.0168817 -1.55047 -0.0638396 -0.0172262 0.997975 232.46
0.998461 0.00522771 0.0561489 -2.16934 -0.00626909 0.999927 0.0184497 -1.56144 -0.056053 -0.0187729 0.998418 233.942
0.998462 0.0054161 0.0562021 -2.08012 -0.00645751 0.99993 0.018491 -1.56561 -0.0561051 -0.0188249 0.998419 235.489
0.99828 0.00683046 0.0591138 -2.04654 -0.0078228 0.99995 0.0166285 -1.54883 -0.0590021 -0.0170619 0.998281 236.986
0.998061 0.00844921 0.062636 -1.99004 -0.00945991 0.999951 0.015975 -1.53076 -0.0625062 -0.0165359 0.998079 238.408
0.997827 0.00820362 0.0661872 -1.90913 -0.00941996 0.99991 0.0181368 -1.53143 -0.0660375 -0.0187203 0.997811 239.808
0.997532 0.00704409 0.0707826 -1.83829 -0.0084377 0.9999 0.0195139 -1.54526 -0.0706468 -0.0200621 0.997478 241.159
0.997325 0.00817006 0.07335 -1.79853 -0.00944571 0.999932 0.0171036 -1.53076 -0.0732105 -0.0177503 0.997328 242.798
0.997336 0.00838618 0.0733463 -1.67526 -0.00959274 0.999949 0.0162133 -1.53764 -0.0732156 -0.0168729 0.997353 244.342
0.997406 0.0087441 0.0721592 -1.53611 -0.0100014 0.999927 0.0171229 -1.54877 -0.0720094 -0.0177999 0.997415 245.932
0.997594 0.00836567 0.0697432 -1.36407 -0.0097002 0.9999 0.0189238 -1.56386 -0.069587 -0.019554 0.997563 247.478
0.997595 0.0083626 0.06957 -1.26483 -0.00972694 0.99989 0.0193372 -1.5622 -0.0694061 -0.0199672 0.997559 249.058
0.997603 0.00856799 0.0695984 -1.1694 -0.00997841 0.999878 0.0200408 -1.57076 -0.0694272 -0.0206867 0.997555 250.605
0.99753 0.010754 0.0701893 -1.0954 -0.0122031 0.999845 0.0202894 -1.58068 -0.0699656 -0.0210957 0.997498 252.215
0.997394 0.0166368 0.0711428 -1.00343 -0.0179171 0.999816 0.0174836 -1.5822 -0.0708479 -0.0187124 0.997495 253.739
0.997448 0.0163502 0.070284 -0.885076 -0.0176811 0.999801 0.0183891 -1.59385 -0.0699746 -0.0195848 0.99753 255.3
0.997472 0.0145667 0.0704708 -0.785994 -0.0159507 0.999818 0.0192055 -1.60301 -0.0701874 -0.0202808 0.997512 256.842
0.997449 0.0150773 0.0705556 -0.681841 -0.0164415 0.999814 0.0188278 -1.62137 -0.0702637 -0.0199398 0.997503 258.415
0.997308 0.0209639 0.0711933 -0.533185 -0.0220092 0.99979 0.0140109 -1.60762 -0.0708939 -0.0155402 0.997546 259.853
0.997487 0.0254619 0.0669371 -0.379334 -0.0261525 0.99974 0.00948515 -1.61408 -0.0666834 -0.011212 0.997886 261.393
0.99759 0.0237819 0.0661607 -0.269946 -0.0244529 0.999787 0.0094335 -1.63928 -0.0659317 -0.0110289 0.997947 262.953
0.997044 0.0188665 0.075227 -0.265816 -0.0206079 0.999661 0.0224635 -1.81405 -0.074783 -0.0239476 0.997089 264.251
0.997126 0.0159346 0.0748906 -0.139452 -0.0178836 0.999635 0.0255061 -1.82791 -0.0744675 -0.0267726 0.997042 265.827
0.997339 0.0147388 0.0721389 0.019963 -0.0166772 0.999628 0.0263679 -1.84382 -0.0717311 -0.0275014 0.997201 267.445
0.997616 0.0143208 0.0683388 0.201928 -0.01619 0.999621 0.0269677 -1.85311 -0.0679383 -0.0280107 0.997469 269.092
0.997412 0.0148019 0.0710953 0.26848 -0.0167586 0.99961 0.027029 -1.83968 -0.0706755 -0.0281512 0.997259 270.612
0.997442 0.0163303 0.0704648 0.40264 -0.0183116 0.999566 0.027646 -1.83321 -0.0699944 -0.0288663 0.997308 272.208
0.997398 0.0160718 0.071031 0.506417 -0.018188 0.999522 0.0292736 -1.83781 -0.0705342 -0.03049 0.997203 273.765
0.99729 0.0150329 0.0728523 0.603464 -0.0173457 0.999465 0.0312958 -1.84171 -0.0723559 -0.0324753 0.997023 275.324
0.99718 0.0173422 0.0737891 0.7076 -0.0195821 0.99945 0.0297596 -1.81083 -0.0732439 -0.0311206 0.996975 276.877
0.996895 0.0188713 0.0772349 0.892018 -0.0210981 0.999484 0.0281916 -1.76693 -0.0766764 -0.0297339 0.996792 278.189
0.996856 0.0165915 0.0782337 0.99581 -0.0188497 0.999509 0.0282349 -1.75055 -0.0777392 -0.0296208 0.996681 279.814
0.996663 0.0149132 0.0811035 1.11785 -0.0173688 0.999513 0.0297214 -1.75196 -0.0806357 -0.031031 0.996447 281.302
0.996638 0.0127283 0.0816327 1.23598 -0.0153313 0.999478 0.031362 -1.73143 -0.081204 -0.0325082 0.996314 282.939
0.996586 0.0121432 0.082449 1.3484 -0.0147886 0.999495 0.0316151 -1.7138 -0.0820392 -0.0327267 0.996275 284.469
0.99652 0.00957911 0.0834958 1.45479 -0.0121053 0.999569 0.0298234 -1.69301 -0.0831874 -0.0307303 0.996207 285.964
0.996575 0.00849985 0.0830613 1.58748 -0.0108142 0.999668 0.0275166 -1.66994 -0.0828163 -0.028321 0.996346 287.546
0.996595 0.00812998 0.0827617 1.70856 -0.0104781 0.999641 0.0279972 -1.65413 -0.082518 -0.0287691 0.996322 289.122
0.996651 0.00783417 0.0822206 1.83141 -0.010055 0.999698 0.0266887 -1.6161 -0.0820048 -0.0274265 0.99644 290.699
0.996585 0.0090754 0.0827705 1.93724 -0.011194 0.999709 0.0251768 -1.59286 -0.0825318 -0.0260174 0.9964 292.269
0.996568 0.00864894 0.0831381 2.05477 -0.0106999 0.999752 0.0243084 -1.56491 -0.0829255 -0.0251151 0.996424 293.862
0.996631 0.00789402 0.0823483 2.18517 -0.0100655 0.999699 0.0259917 -1.56807 -0.082133 -0.0267334 0.996415 295.506
0.996706 0.00657847 0.0816715 2.30867 -0.00884676 0.999685 0.027498 -1.57365 -0.0814836 -0.0281304 0.996463 297.092
0.996776 0.00579071 0.0807203 2.44563 -0.00814392 0.99964 0.0288575 -1.55633 -0.080539 -0.0294224 0.996469 298.64
0.996734 0.00758299 0.0812375 2.55174 -0.0100488 0.9996 0.0300425 -1.53525 -0.0809959 -0.0307612 0.996426 300.233
0.996574 0.00778265 0.0830147 2.66431 -0.010307 0.999586 0.0300215 -1.51549 -0.082762 -0.0307748 0.996248 301.81
0.996594 0.00721209 0.0829607 2.80579 -0.00969759 0.999615 0.0296502 -1.4859 -0.082734 -0.0303542 0.996296 303.453
0.996585 0.00578475 0.0830532 2.94522 -0.00825309 0.999626 0.0294005 -1.45896 -0.0828678 -0.0299861 0.996266 305.077
0.996586 0.00416238 0.0832734 3.08065 -0.0065258 0.999683 0.0281847 -1.42715 -0.0831487 -0.0286323 0.996313 306.702
0.996582 0.00219097 0.0832923 3.21345 -0.0043352 0.999758 0.0255634 -1.39776 -0.0832316 -0.0258374 0.996354 308.321
0.996624 0.00164641 0.0829195 3.34051 -0.0036667 0.999801 0.0242686 -1.37728 -0.082882 -0.0244911 0.996448 309.932
0.997055 0.00203328 0.0773223 3.49345 -0.0038972 0.999801 0.0239551 -1.37602 -0.0772732 -0.0241867 0.996867 311.451
0.99726 0.00317172 0.0748304 3.62316 -0.00505403 0.999774 0.0250325 -1.36539 -0.0747531 -0.0253423 0.997069 313.128
0.997331 0.00415478 0.0735403 3.75498 -0.00630625 0.999658 0.0290384 -1.36252 -0.0734079 -0.0294262 0.99702 314.779
0.997292 0.00251996 0.07443 3.85964 -0.00497971 0.999544 0.0329351 -1.35209 -0.0743317 -0.0332164 0.996872 316.462
0.997299 0.00185158 0.0740643 3.96468 -0.00436572 0.999519 0.0337909 -1.32167 -0.0739791 -0.0340246 0.996832 318.095
0.997474 0.00094326 0.0720037 4.09426 -0.00334133 0.999541 0.0332479 -1.30153 -0.0719576 -0.0334043 0.997043 319.67
0.997553 -0.000809896 0.0705845 4.22497 -0.00153573 0.99955 0.0331614 -1.27494 -0.0705917 -0.0331901 0.997109 321.281
0.997766 -0.000629443 0.0678571 4.36453 -0.001782 0.99947 0.0355333 -1.2797 -0.0678614 -0.0355744 0.997257 322.892
0.997724 -0.000782874 0.0681359 4.47705 -0.00159886 0.999491 0.0348829 -1.23855 -0.0681401 -0.0349139 0.997221 324.585
0.997661 0.0019498 0.0693567 4.54566 -0.00431343 0.999515 0.0340011 -1.20696 -0.0692745 -0.0342205 0.997208 326.22
0.997721 0.00279522 0.0681299 4.66623 -0.00505661 0.999544 0.0330276 -1.17255 -0.0680173 -0.0332982 0.997286 327.849
0.997772 0.000933386 0.0678354 4.7983 -0.00333317 0.999471 0.0353313 -1.1563 -0.0677837 -0.0354777 0.997275 329.528
0.997639 -0.000113032 0.0694057 4.87419 -0.0024541 0.999418 0.0368901 -1.13482 -0.0693799 -0.0369746 0.997065 331.157
0.997618 -0.0017008 0.0700755 4.97499 -0.000872244 0.999427 0.0367312 -1.11529 -0.0701148 -0.0367037 0.997072 332.804
0.997703 -0.00076933 0.068488 5.09826 -0.00178258 0.999409 0.0371827 -1.08611 -0.0684863 -0.0372206 0.99712 334.447
0.997965 0.00242203 0.0649126 5.20171 -0.00474326 0.999454 0.0356894 -1.06046 -0.0648076 -0.0359236 0.99746 336.046
0.998031 0.00416848 0.0634337 5.3046 -0.00622958 0.999559 0.032316 -1.02425 -0.0632814 -0.032648 0.997623 337.675
0.998057 0.0055498 0.0632757 5.39112 -0.00761099 0.999546 0.0324406 -0.991645 -0.063084 -0.0328583 0.997672 339.308
0.997927 0.00574851 0.0649579 5.46099 -0.00803407 0.999459 0.0349721 -0.961086 -0.0647331 -0.0354219 0.997439 340.938
0.998159 0.00656384 0.0614975 5.56943 -0.00888783 0.999353 0.037655 -0.92508 -0.0612275 -0.0381314 0.9976 342.548
0.998295 0.006803 0.0589568 5.67255 -0.00892184 0.999425 0.0357448 -0.87902 -0.0586906 -0.0362095 0.997789 344.19
0.998482 0.00344188 0.0562897 5.76322 -0.00495454 0.99973 0.0268237 -0.717592 -0.056199 -0.0270614 0.998258 345.761
0.998312 0.000651555 0.0590725 5.82317 -0.00227514 0.999728 0.0274163 -0.700902 -0.0590496 -0.0275039 0.998045 347.174
0.998335 -0.000345146 0.0589463 5.89661 -0.00124734 0.999736 0.0270453 -0.671254 -0.0589569 -0.0270732 0.998099 348.714
0.998328 -0.00093318 0.0588033 5.98425 -0.00059494 0.99977 0.0259612 -0.651922 -0.0588252 -0.025952 0.998102 350.359
0.998342 -0.000470545 0.058872 6.06711 -0.000919632 0.999825 0.023656 -0.623341 -0.0588896 -0.0236701 0.998197 351.989
0.99835 -0.000979547 0.0584062 6.15647 -0.000384858 0.999837 0.0233431 -0.612203 -0.0584308 -0.0233265 0.998187 353.6
0.998376 -0.00188168 0.0583096 6.25181 0.000569472 0.999851 0.0225965 -0.594868 -0.0583605 -0.0225258 0.998254 355.225
0.998336 -0.000709046 0.0586653 6.33658 -0.000405783 0.99993 0.0189894 -0.532681 -0.0586859 -0.0189806 0.998264 356.858
0.998337 -0.00110406 0.0590039 6.41872 1.50691e-05 0.999936 0.0185389 -0.537723 -0.0590379 -0.0185064 0.998299 358.495
0.998345 -0.00245111 0.0584605 6.51908 0.0013583 0.999933 0.0187233 -0.536129 -0.058514 -0.0186119 0.998282 360.097
0.998302 -0.00233308 0.0595611 6.57673 0.00131959 0.999961 0.017136 -0.495306 -0.059616 -0.0170276 0.998292 361.781
0.998314 -0.00401181 0.0589101 6.67386 0.00309519 0.999982 0.0156398 -0.490497 -0.0589835 -0.0154299 0.998309 363.383
0.998336 -0.0058655 0.0587397 6.78475 0.0048665 0.999948 0.0172266 -0.487981 -0.0588549 -0.0169113 0.998339 364.964
0.998262 -0.00744852 0.0594713 6.8593 0.00641223 0.999934 0.0175986 -0.479869 -0.0596103 -0.0171855 0.998245 366.594
0.998086 -0.007975 0.0626395 6.89645 0.00705885 0.999972 0.014918 -0.460419 -0.062774 -0.0144466 0.998141 368.14
0.998055 -0.00785777 0.0627943 6.99469 0.00692335 0.999972 0.0150849 -0.46996 -0.0629231 -0.0146196 0.998083 369.727
0.998193 -0.00790855 0.0609118 7.10147 0.0069279 0.999951 0.0163814 -0.486273 -0.0610557 -0.0159291 0.998224 371.363
0.998092 -0.00673617 0.0623661 7.17095 0.00570183 0.999954 0.0167518 -0.484171 -0.0624881 -0.0163631 0.998086 372.985
0.998024 -0.00536991 0.0638735 7.24013 0.00442091 0.999986 0.01507 -0.458004 -0.0639708 -0.0147572 0.99806 374.597
0.998006 -0.005882 0.0638126 7.33471 0.00496011 0.999992 0.0145986 -0.468053 -0.06391 -0.0142519 0.998028 376.211
0.997944 -0.00599065 0.0650378 7.40924 0.00504506 0.999988 0.0147694 -0.47739 -0.0651429 -0.0144106 0.997988 377.815
0.997891 -0.00551614 0.0656409 7.51628 0.00454948 0.999993 0.0148683 -0.485681 -0.0657347 -0.0145375 0.997907 379.463
0.997906 -0.00278527 0.0658068 7.62399 0.0019118 1.00002 0.0134006 -0.468689 -0.0658628 -0.0132466 0.997957 381.105
0.997796 -0.00213723 0.0672653 7.71017 0.0010617 0.999984 0.0160215 -0.497865 -0.067311 -0.0159142 0.997782 382.72
0.997873 -0.00163421 0.0663442 7.8379 0.000588023 0.999983 0.0158517 -0.501483 -0.0663871 -0.015779 0.997883 384.349
0.997747 0.000610174 0.0680485 7.92351 -0.00157879 1.00001 0.0141814 -0.49059 -0.0680552 -0.0142565 0.997757 385.982
0.997726 0.00217881 0.0685063 8.02726 -0.00304005 1.00003 0.0125353 -0.471515 -0.0684999 -0.0127154 0.997784 387.622
0.997813 0.0018185 0.0670101 8.15713 -0.00281665 1 0.0148023 -0.49402 -0.066998 -0.0149584 0.99782 389.211
0.997791 0.00362228 0.0675127 8.24926 -0.00458694 1 0.0142038 -0.483185 -0.0674808 -0.0144825 0.997829 390.879
0.997679 0.0042353 0.0688809 8.33693 -0.00521459 1 0.0140401 -0.490946 -0.0688367 -0.0143666 0.997704 392.515
0.997736 0.00421433 0.0682831 8.45803 -0.00519978 0.999997 0.0143213 -0.494328 -0.0682426 -0.0146445 0.997776 394.159
