0.999999 -0.000477746 -0.000569081 -0.00957358 0.000478308 1 0.000951663 -0.0199475 0.000568533 -0.000951821 1 1.33112
1 -0.00015419 0.000566658 -0.00391013 0.000153883 0.999999 0.00049911 -0.0100039 -0.000566663 -0.000499152 1 1.31097
0.999999 -0.00128843 -0.000827296 -0.0046868 0.00128781 0.999999 -0.000776808 -0.0169754 0.000828244 0.000775885 1 1.32983
0.999999 -8.2875e-05 0.00120293 -0.00864755 8.2669e-05 0.999999 0.000158562 -0.0129011 -0.00120288 -0.00015862 0.999999 1.3262
1 0.000316059 -0.00054429 -0.00921661 -0.000315177 0.999999 0.0016209 -0.0104415 0.000544714 -0.00162057 0.999999 1.32892
0.999998 -0.00156886 0.000182255 -0.00312545 0.00156867 0.999998 0.00101311 -0.0300245 -0.000183803 -0.00101296 0.999999 1.33315
1 0.000222195 0.000482267 -0.0062333 -0.000222409 1 0.00045359 -0.0165439 -0.000482155 -0.000453529 1 1.34221
0.999999 0.000571646 -0.000929524 -0.00434441 -0.000573057 0.999998 -0.00153184 -0.02345 0.000928646 0.00153223 0.999998 1.33007
0.999998 0.00253461 0.000660314 -0.012141 -0.00253335 0.999996 -0.00202009 0.00200488 -0.000665392 0.00201862 0.999999 1.33606
0.999995 0.00295027 -0.000745357 -0.00917495 -0.00295049 0.999995 -0.000405969 -0.02863 0.000744145 0.000407957 0.999999 1.33615
0.999997 0.00262564 0.000159871 -0.011798 -0.00262579 0.999998 0.000148788 -0.0145765 -0.000159434 -0.000148954 1 1.34619
0.999999 0.000245582 0.00110256 -0.0121117 -0.000246162 0.999999 0.000668359 0.00610108 -0.00110237 -0.000668945 0.999999 1.34498
0.999999 -0.00149311 -0.000257604 0.00417213 0.00149368 0.999996 0.00272391 -0.00624158 0.000253533 -0.00272403 0.999996 1.35648
0.999991 -0.00395932 0.00157105 2.15373e-05 0.00395605 0.999989 0.00214647 -0.0181645 -0.00157951 -0.00214043 0.999996 1.34397
0.999996 -0.00249368 -0.00122495 0.0107181 0.00249153 0.999996 -0.00171732 -0.0238123 0.00122926 0.00171441 0.999998 1.34122
0.999999 -0.00101334 0.00160549 0.0047848 0.00101838 0.999994 -0.00314109 -0.00347618 -0.00160234 0.00314251 0.999994 1.32025
0.999998 0.00157588 -0.000347872 -0.00350457 -0.00157606 0.999999 -0.000459624 -0.00175451 0.000347192 0.00046038 1 1.35713
0.999999 0.00200516 0.000810515 -0.00925849 -0.00200542 0.999998 0.000352901 0.0125628 -0.000809808 -0.00035475 0.999999 1.35723
0.999996 0.00027521 0.00209433 -0.00852575 -0.000285856 0.999988 0.00508452 -0.00652507 -0.00209287 -0.00508508 0.999986 1.34836
0.999999 -0.00172014 -0.000738317 0.00319984 0.0017208 0.999997 0.000854005 -0.0194849 0.000736887 -0.00085534 0.999999 1.37365
0.999995 -0.00269423 0.000988813 -0.00118285 0.00269484 0.999997 -0.000462705 -0.0384243 -0.000987602 0.000465333 1 1.34293
1 -0.000509362 -0.00121652 -0.00637167 0.000506414 0.999997 -0.00225974 -0.00804905 0.00121775 0.00225911 0.999996 1.38501
0.999997 0.000173826 0.0022541 -0.00262222 -0.000171816 1 -0.000782707 -0.0299182 -0.00225438 0.000782397 0.999997 1.35682
0.999996 0.00286207 -0.00109226 -0.0231172 -0.00286323 0.999995 -0.000788633 -0.012469 0.00109007 0.000791755 0.999999 1.4276
0.999999 0.000625423 0.000571661 -0.00299189 -0.000624684 1 -0.000674346 -0.0184274 -0.000572138 0.000673862 1 1.3855
1 -1.45548e-06 0.00100103 0.0055842 5.99571e-07 0.999998 0.000501906 -0.0220374 -0.00100095 -0.000501755 0.999999 1.37604
0.999999 0.000120166 -0.00149184 -0.00914884 -0.000115921 0.999998 0.0025942 -0.0207887 0.00149208 -0.00259419 0.999996 1.42053
0.999999 0.00103934 0.00126521 -0.012411 -0.00104185 0.999997 0.00168829 -0.0179883 -0.0012633 -0.0016894 0.999998 1.37874
0.999997 0.00246363 -0.00118123 -0.00557114 -0.00246325 0.999998 5.98917e-05 -0.0181286 0.00118122 -5.71962e-05 0.999999 1.4097
0.999998 0.00178726 0.000536284 -0.0211754 -0.00178788 0.999997 0.000459847 -0.0173878 -0.00053523 -0.000460522 1 1.38821
1 0.000851276 0.000485679 -0.0142295 -0.000851011 1 0.000159724 -0.00642199 -0.000485702 -0.000160444 1 1.40299
0.999999 0.000368299 -0.00145197 -0.0105921 -0.00036838 0.999999 0.000206576 -0.00778608 0.00145226 -0.000205695 1 1.42614
0.999998 -0.00123534 0.00172043 -0.00478874 0.00123431 1 0.000794459 -0.0198646 -0.00172158 -0.000792658 0.999998 1.38306
1 -0.000363401 -0.00160813 -0.00508364 0.000362243 0.999999 -0.000521025 -0.00928982 0.00160853 0.000520742 1 1.40662
0.999999 0.000100628 0.000647011 -0.00497344 -0.000100802 1 0.00074552 -0.0109003 -0.000647142 -0.000745942 0.999999 1.39893
0.999999 8.19174e-05 -0.00206958 -0.0123213 -8.13148e-05 0.999999 0.000416307 -0.0158033 0.00206978 -0.000415832 0.999999 1.42885
0.999998 -0.000525822 -0.00128727 -0.0198621 0.00052738 1 0.00101579 -0.014753 0.0012866 -0.00101678 0.999998 1.42847
1 0.00015713 0.00065942 0.000493404 -0.000157743 0.999999 0.000433738 -0.0159198 -0.000659217 -0.000433458 1 1.40312
0.999997 -0.00040807 -0.0025027 -0.0118019 0.000410649 1 0.000953458 -0.00680122 0.00250204 -0.000954925 0.999996 1.44299
0.999999 -0.00150744 0.000560232 -0.000814245 0.00150681 0.999998 0.000759441 -0.00764436 -0.000561139 -0.000758148 1 1.42512
0.999998 -1.57638e-06 -0.00186741 -0.00555284 2.21842e-06 1 0.00019592 -0.0114665 0.00186712 -0.000196443 0.999998 1.44122
0.999996 -0.00288274 -0.000737184 -0.0145794 0.00288285 0.999996 0.000521758 -0.0141307 0.000735948 -0.000523379 1 1.43943
1 -0.000510119 0.000882549 0.00286889 0.000510698 1 -0.000358589 -0.0234442 -0.000882701 0.00035854 0.999999 1.42671
0.999999 -0.00136645 -0.000436716 -0.00275677 0.00136637 1 0.000383164 -0.0209407 0.000436543 -0.000383288 1 1.42886
0.999998 -0.000237959 0.00188127 0.00613921 0.000237685 1 0.000282897 -0.0288746 -0.00188162 -0.000282815 0.999999 1.39914
1 -0.00109358 0.000138274 0.00612546 0.00109333 1 -0.000155374 -0.0404571 -0.000137814 0.000155855 1 1.44088
0.999998 -0.00181251 0.000164589 -0.00300064 0.00181282 0.999998 -0.000423153 -0.00581941 -0.000164146 0.000422984 1 1.42614
0.999996 0.000122238 0.00296546 -0.0148073 -0.000122632 1 4.27339e-05 -0.0171233 -0.00296499 -4.26735e-05 0.999996 1.39497
0.999999 0.00129775 -0.000408622 -0.0117007 -0.0012973 1 0.000386381 -0.0202011 0.000408517 -0.000386265 1 1.42109
0.999996 0.00202621 0.0020204 -0.00303867 -0.00202986 0.999996 0.00163719 -0.0234161 -0.00201632 -0.00164084 0.999997 1.41023
0.999996 0.00272539 -0.000937934 -0.0129644 -0.00272424 0.999996 0.000877638 -0.0227401 0.000939593 -0.000875511 0.999999 1.44852
0.99999 0.00396809 0.00209512 -0.00935484 -0.00397051 0.999992 0.000998046 -0.0267794 -0.00209039 -0.00100582 0.999997 1.38791
0.999994 0.00343525 -0.000193414 -0.0144135 -0.00343484 0.999993 0.00045879 -0.0211827 0.000194233 -0.000458676 1 1.40608
0.99999 0.00426049 0.000474744 -0.0119694 -0.00426029 0.999991 -0.00109244 -0.0228472 -0.000478637 0.00109096 0.999999 1.40422
0.999999 0.000514135 0.00166126 -0.00921504 -0.000514178 1 0.000222181 -0.0189344 -0.00166196 -0.000223595 0.999999 1.38126
0.999999 0.000533709 -0.000490408 -0.0109215 -0.000533659 1 0.00080799 -0.0225304 0.000491661 -0.000807174 1 1.41105
0.999995 -0.00173661 0.00276183 -0.00223418 0.00173895 0.999997 -0.000715024 -0.0208191 -0.00276137 0.000719226 0.999996 1.37972
0.999999 -0.000572711 -0.00117662 -0.00818197 0.000572187 1 -0.000141066 -0.0164014 0.00117751 0.000140953 0.999999 1.39671
1 -0.000935806 0.000503916 -0.00757225 0.000936895 0.999998 -0.0014858 -0.0165087 -0.000503366 0.00148569 1 1.41607
0.999997 -0.000793956 0.00168531 0.00982488 0.000793652 1 -2.06786e-05 -0.0229995 -0.00168442 2.26426e-05 0.999997 1.37264
1 -8.11263e-05 -0.00105906 -0.00975047 8.14313e-05 1 -1.94389e-05 -0.0198583 0.00105828 1.86719e-05 1 1.38897
0.999999 -0.000112983 0.0003382 -0.00847796 0.000112543 1 0.000290897 -0.0130215 -0.000337441 -0.000290141 0.999999 1.35442
0.999999 -0.00113746 -0.00122507 -0.0103933 0.0011378 1 5.40332e-05 -0.0201247 0.00122422 -5.60941e-05 1 1.41615
0.999996 -0.00256782 -0.00055511 -0.0102089 0.00256764 0.999996 0.000406824 -0.0296783 0.000554826 -0.000407533 0.999999 1.38096
0.999997 -0.00269688 -0.000208816 -0.00612893 0.00269726 0.999996 -0.000129326 -0.0201253 0.000208411 0.000128096 1 1.35421
0.999996 -0.00185781 -0.0011627 0.00146194 0.00185706 0.999999 -0.000307575 -0.0153481 0.00116405 0.000306045 0.999999 1.39618
1 -0.00164802 0.000157747 -0.00613523 0.00164835 0.999998 9.5327e-05 -0.017127 -0.000158616 -9.56962e-05 1 1.34981
0.999998 -0.0012907 -0.000582394 -0.00799608 0.00129037 1 6.74031e-05 -0.0323229 0.000583144 -6.75049e-05 1 1.3912
1 -0.000373471 0.000626272 -0.00445038 0.000373995 1 -0.000244682 -0.0176203 -0.000626985 0.00024426 1 1.35011
0.999999 -0.000360191 -0.000395352 -0.00930935 0.000359732 1 -0.000228347 -0.0292926 0.000396297 0.000228847 0.999999 1.37338
1 -0.000303669 0.000807444 -0.0103455 0.00030427 0.999999 -0.000312436 -0.023481 -0.000808227 0.000312044 1 1.37504
0.999999 0.000762248 0.00110669 -0.00968393 -0.000762871 1 0.000259298 -0.0132638 -0.00110566 -0.000259528 0.999999 1.34359
1 0.000165803 0.000441807 -0.00945912 -0.000166078 0.999999 0.00125501 -0.0226966 -0.000442324 -0.00125569 1 1.36916
0.999998 3.02502e-05 0.00206889 -0.00790472 -3.20004e-05 1 0.000677034 -0.0147754 -0.00206824 -0.000676527 0.999997 1.33527
1 -0.000564115 -0.000509408 -0.0116531 0.000563987 0.999999 -0.0008686 -0.0276984 0.000509225 0.000867765 1 1.36539
1 -0.000240811 0.000494989 -0.00903208 0.00024133 0.999999 -0.00157681 -0.0155261 -0.000493843 0.00157742 0.999999 1.34636
1 -0.000337687 0.000411786 -0.0107811 0.000338514 0.999999 -0.00124188 -0.020198 -0.000412119 0.00124155 0.999999 1.3063
0.999995 -0.00295862 -0.000124359 -0.00310838 0.00295844 0.999996 0.000786822 -0.0176034 0.000122761 -0.000786587 1 1.35691
0.999999 -0.00165621 0.00061286 0.00423244 0.00165581 0.999998 0.00109524 -0.00539152 -0.000615348 -0.00109496 0.999998 1.29799
0.999998 -0.00166746 0.000710751 -0.0044945 0.00166678 0.999999 0.000455452 -0.0200527 -0.000710817 -0.000453588 1 1.34688
0.999999 -0.000339077 0.00125753 -0.00584599 0.000340354 0.999999 -0.000727581 -0.0283425 -0.00125793 0.000727381 0.999998 1.32669
0.999997 0.00164354 0.00212743 -0.0105111 -0.00164033 0.999998 -0.00167378 -0.0209442 -0.00212955 0.00167087 0.999998 1.31531
0.999998 0.00169019 0.00119107 -0.0111063 -0.00168852 0.999997 -0.00106393 -0.0216155 -0.00119349 0.00106137 0.999997 1.36084
0.999995 0.0021758 0.00265582 -0.00965542 -0.0021753 0.999998 -0.000374625 -0.0170312 -0.00265599 0.00036938 0.999998 1.32423
0.999998 0.00141069 0.00126433 -0.00724152 -0.00141339 0.999995 0.00246785 -0.012131 -0.00126143 -0.0024702 0.999995 1.36064
0.999998 -0.000440367 0.0019967 -0.00731388 0.000435965 0.999999 0.00198468 -0.0182681 -0.001997 -0.00198338 0.999999 1.31293
1 -0.000102123 0.000551374 -0.00743583 0.000102165 0.999999 0.000843958 -0.0176555 -0.000552171 -0.000844361 0.999997 1.36371
0.999999 0.000978356 0.00152108 -0.00640407 -0.000977819 1 -0.00067785 -0.0134789 -0.00152103 0.000676772 1 1.34767
0.999997 0.001565 0.00245322 -0.0057661 -0.00156287 0.999997 -0.000658054 -0.0185014 -0.00245503 0.00065386 0.999994 1.32103
0.999996 0.00237044 0.000724487 -0.00885257 -0.00237008 0.999997 -0.00113166 -0.0202073 -0.00072643 0.00113031 1 1.37282
0.999999 0.000757231 0.00217155 -0.00392391 -0.00075659 0.999998 -8.8875e-05 -0.0101721 -0.00217238 8.69633e-05 0.999997 1.31519
0.999997 0.00134465 0.000610791 -0.0070367 -0.00134485 1 -0.000137342 -0.0118538 -0.000610259 0.000136729 1 1.36635
1 -0.0008231 0.00205906 0.00538569 0.000823291 0.999999 5.29021e-05 -0.008311 -0.00205986 -5.14716e-05 0.999998 1.33784
0.999995 -0.000564863 0.00257609 0.00174895 0.000562102 1 0.000975576 -0.00629885 -0.00257588 -0.000973804 0.999997 1.32044
1 -0.00146415 0.000175943 -0.0115146 0.00146426 0.999999 1.61734e-05 -0.0242437 -0.000176683 -1.62421e-05 1 1.3775
0.999997 -0.000154493 0.0019315 -0.00171902 0.000153304 1 0.000567897 -0.0146404 -0.00193084 -0.00056727 0.999999 1.32512
1 -0.000586346 0.000201352 -0.00877798 0.000586507 1 7.20036e-06 -0.0255205 -0.000202098 -7.39897e-06 0.999999 1.37846
0.999998 -0.00156128 -0.000103115 -0.00147269 0.00156126 0.999999 0.000440302 -0.0219948 0.000103041 -0.000440155 1 1.33534
0.999999 -0.00167739 0.000763483 0.00642288 0.00167777 0.999999 -0.000399499 -0.0249549 -0.000763387 0.000400469 0.999999 1.32081
0.999997 -0.00110694 -0.00188682 -0.0132223 0.00110655 0.999999 -0.000141073 -0.019756 0.00188755 0.000139194 0.999999 1.36786
0.999999 -0.00231511 -0.000252502 -0.00149324 0.00231539 0.999998 0.000189715 -0.0247463 0.000251489 -0.000190568 0.999999 1.32249
0.999994 -0.00222545 -0.00204635 -0.0114264 0.00222607 0.999997 0.000418982 -0.0189589 0.00204601 -0.000423292 0.999999 1.37927
1 -0.000839815 -3.42034e-05 -0.00161249 0.000839978 1 -0.000199378 -0.0132408 3.37637e-05 0.000198982 0.999999 1.32684
0.999996 -0.000360362 -0.0024625 -0.0162593 0.000360781 1 0.000231318 -0.0173648 0.00246294 -0.000231813 0.999999 1.35213
1 -0.00127671 -0.000977561 -0.0149257 0.00127636 0.999998 -0.000551642 -0.00574346 0.000977616 0.00054999 0.999998 1.37301
0.999998 -0.00180911 0.000395056 0.00390424 0.00180953 0.999998 -0.00163342 -0.0140618 -0.000391533 0.00163452 1 1.33062
0.999987 -0.00485342 -0.00177562 -0.00338447 0.00485265 0.999987 -0.000571856 -0.0365733 0.0017778 0.000562795 0.999997 1.40367
0.999976 -0.00701418 -3.56752e-05 0.0115039 0.00701399 0.999974 0.0023578 -0.0126424 1.96991e-05 -0.0023576 0.999999 1.33575
0.999987 -0.00447123 -0.00265506 0.00404601 0.00447342 0.999987 0.000696345 -0.0134343 0.00265121 -0.00070849 0.999995 1.35461
0.999996 -0.00264869 -0.00126667 0.00280318 0.00264617 0.999998 -0.00175368 -0.0193222 0.00127194 0.0017506 1 1.34307
0.999998 0.000344156 0.00144681 -0.00444658 -0.000339439 0.999992 -0.003063 -0.0204098 -0.0014485 0.00306216 0.999992 1.3836
0.999998 0.00244318 -0.000128734 -0.016545 -0.00244383 0.999996 -0.00288783 -0.00714394 0.000122246 0.00288842 0.999998 1.40154
0.999997 0.00106529 0.00198413 -0.00246383 -0.00106541 0.999997 0.000155354 -0.0308699 -0.00198448 -0.000157695 0.999996 1.3355
0.999994 -0.0037026 0.000503655 0.00243914 0.00370105 0.999993 0.00265694 -0.00204577 -0.000512974 -0.00265489 0.999999 1.35826
0.999985 -0.0052901 0.000966636 0.00552456 0.00528742 0.999979 0.00292519 -0.0174504 -0.000982613 -0.00292023 0.999992 1.34997
0.999991 -0.00414105 0.00178857 -0.0029833 0.00413914 0.999994 0.000956236 -0.00537244 -0.00179192 -0.000948608 1 1.33289
0.999999 -0.0012136 -4.67075e-05 0.00415635 0.0012139 0.999996 0.000477508 -0.0264256 4.56895e-05 -0.000477872 0.999996 1.336
0.999997 0.00162326 0.00263871 -0.00519365 -0.00162445 1 0.000335844 -0.00847766 -0.00263774 -0.000339774 1 1.31931
0.999992 0.00303592 0.00141928 -0.0195398 -0.00303451 0.999993 -0.000781384 -0.0170531 -0.00142201 0.000776673 0.999996 1.309
0.999994 0.00356344 0.00247929 -0.0080049 -0.00355854 0.999993 -0.00210412 -0.0129271 -0.00248642 0.00209576 0.999997 1.32289
0.999994 0.00257343 0.00049204 -0.0109164 -0.00257287 0.999996 -0.000506489 -0.00804249 -0.000493683 0.000504467 0.999997 1.37395
1 0.0011838 0.00065703 -0.0104633 -0.00118445 0.999999 0.00050926 -0.0174422 -0.000656115 -0.000509187 1 1.35635
0.999996 0.00122808 0.000834276 -0.000623549 -0.00122779 1 7.70174e-05 -0.000533494 -0.000834591 -7.88263e-05 0.999997 1.33524
1 0.00208182 -0.00124607 -0.0097906 -0.00208485 0.999995 -0.00213952 -0.0103708 0.00124204 0.00214291 0.999999 1.36818
0.999992 0.00261689 0.000761123 -0.017444 -0.00261454 0.999993 -0.00264762 -0.0107983 -0.000768474 0.00264473 0.999994 1.32241
0.999992 0.00489785 -0.00125348 -0.0269025 -0.00490015 0.999987 -0.00154866 -0.00264652 0.00124633 0.00155567 0.999999 1.39445
0.99999 0.00339813 0.000155187 -0.017112 -0.00339789 0.999994 -0.00027891 0.0127199 -0.000156615 0.000277429 0.999999 1.40672
1 0.00218818 0.00190567 -0.00573911 -0.00219147 0.999998 0.00158812 -0.0115179 -0.0019017 -0.0015913 0.999999 1.36841
0.999995 0.00018512 -0.00081505 -0.00655969 -0.000183244 0.999996 0.00204559 -0.0142743 0.00081498 -0.00204642 0.999996 1.38372
1 -0.00279945 -4.44081e-06 0.00128523 0.00279931 0.999997 0.0012453 -0.0111128 1.39698e-06 -0.00124436 1 1.37542
0.999989 -0.00284213 -0.00168834 0.00431094 0.00284125 0.999995 -0.000608336 -0.0149067 0.00168961 0.000602586 0.999996 1.41052
1 -0.000820926 0.000205724 -0.00360255 0.000821739 0.999991 -0.00449866 -0.00583115 -0.00020156 0.00449974 0.999993 1.36908
0.999994 0.000861581 -0.0015036 -0.00144205 -0.000867822 0.999989 -0.00424967 -0.00911141 0.0014995 0.00425004 0.999987 1.37731
0.999999 0.00322773 -0.000115669 0.00543063 -0.00322811 0.999995 -0.00181872 -0.00859191 0.000110199 0.00182006 1 1.36856
0.999991 0.00277323 0.00156862 -0.00479915 -0.00277462 0.999994 0.000981859 -0.0259713 -0.00156613 -0.00098723 0.999995 1.3536
1 0.00172616 -0.001107 -0.011251 -0.00172289 0.999996 0.00305271 -0.00951211 0.00111253 -0.00304979 0.999998 1.4102
0.999993 -0.000525987 0.00246389 -0.013298 0.000519741 0.999994 0.00257928 -0.017513 -0.00246555 -0.00257902 0.99999 1.37492
1 -0.00052794 -0.000691711 -0.0043028 0.000528221 1 0.000524739 -0.00809418 0.00069182 -0.000524011 1 1.41786
0.999995 -0.00148399 -3.02148e-05 0.000980923 0.00148403 0.999997 2.19452e-05 -0.0227062 2.98054e-05 -2.31227e-05 0.999995 1.41696
1 -0.00121764 0.000225244 0.00766079 0.00121752 1 0.00038198 -0.0323009 -0.000225334 -0.000380544 1 1.38608
0.999996 -0.00043148 -0.00118837 -0.00584284 0.000431556 0.999998 -4.19405e-05 -0.0361652 0.001188 4.02186e-05 0.999995 1.44147
1 -0.00172187 0.00128228 0.00137819 0.00171964 0.999999 0.00152591 -0.0230504 -0.00128461 -0.00152234 1 1.39131
0.999987 -0.00414949 -0.000778363 0.0031358 0.00415106 0.999988 0.00174384 -0.0215513 0.000770842 -0.00174842 0.999993 1.44551
0.999999 -0.00255215 0.00141481 0.00482163 0.00255088 0.999998 0.000798862 -0.0337577 -0.00141654 -0.000793841 1.00001 1.39985
0.999994 0.00161962 -0.00133362 -0.014374 -0.00162408 0.999992 -0.003477 -0.0197559 0.00132766 0.00347787 0.999987 1.44461
0.99998 0.00685204 0.000569208 -0.0144321 -0.00685004 0.99997 -0.00385887 -0.00981625 -0.000595164 0.00385626 1 1.41935
0.999966 0.00781895 0.000950992 -0.0186747 -0.00781916 0.999968 0.000465863 0.0168862 -0.000947779 -0.000474654 0.999992 1.39388
0.999985 0.00606786 -0.000227384 -0.036534 -0.00606735 0.999978 0.00293492 -0.00296741 0.000245641 -0.00293199 1 1.48174
0.999993 0.00191417 0.00221662 -0.00942569 -0.00192098 0.999991 0.00313459 -0.0117691 -0.0022111 -0.00314029 0.999985 1.42577
1 -0.00149858 -0.00187888 -0.00862754 0.00149945 1 0.000542286 -0.0192655 0.00187853 -0.000543683 1.00001 1.46343
0.999994 -0.00275577 -0.000242394 0.0188956 0.002756 0.999995 0.000354304 -0.0140675 0.000240883 -0.000356333 0.999992 1.45566
1 -0.00113599 -0.000376205 -0.0029537 0.00113574 1 -0.000210875 -0.0121036 0.000376961 0.000211817 1.00001 1.43768
0.999996 0.00111087 -0.00147948 -0.0134208 -0.00111177 0.999998 -0.0007029 -0.00190344 0.00147827 0.000703143 0.99999 1.47983
1 8.8787e-05 0.000751308 -0.0122952 -8.87999e-05 1 -0.000100095 -0.0212914 -0.000750831 0.000101373 1.00001 1.42796
0.999995 0.00180464 -0.00121917 -0.0222751 -0.00180472 0.999998 -0.000191288 -0.0172884 0.00121841 0.000192128 0.99999 1.49624
1 -0.000642089 -0.000247569 -0.00751889 0.000642091 1 0.000291729 -0.0158406 0.000247753 -0.000290494 1.00001 1.46755
0.999996 0.000647974 0.000963255 0.00766988 -0.000646976 0.999999 -0.000932877 -0.0224616 -0.000964205 0.000930868 0.99999 1.45849
1 -0.000886461 -0.00100146 -0.00509069 0.000886364 1 -2.14878e-05 -0.0244713 0.00100181 2.19462e-05 1.00001 1.51258
0.999996 -0.000738225 0.000900135 0.0100622 0.000738603 0.999999 -0.000314304 -0.0163277 -0.000900318 0.000313624 0.99999 1.44789
1 0.000589662 -0.00149084 -0.0139428 -0.000589954 1 -0.000171985 -0.0196438 0.00149109 0.000174175 1.00001 1.51693
0.999996 -0.000639819 0.000632334 -0.0050006 0.000640123 1 -0.000344076 -0.022671 -0.000632498 0.000343062 0.999992 1.46756
1 0.00151359 -0.0016891 -0.0122248 -0.00151366 0.999999 6.20127e-05 -0.00867867 0.00168953 -5.80956e-05 1.00001 1.49485
0.999997 -0.000606017 -0.000709701 -0.0148833 0.000605769 1 -0.000596808 -0.0123009 0.000709733 0.000595037 0.999992 1.51433
1 -9.17024e-05 0.000635505 -0.00906756 9.17332e-05 1 -0.000337713 -0.017692 -0.000635088 0.000339117 1.00001 1.48302
0.999997 -0.000107944 -0.00128244 -0.0153399 0.000108231 1 0.000218593 -0.0316347 0.00128205 -0.000220025 0.999992 1.52076
1 -0.000365474 -9.07521e-06 -0.0206393 0.000365368 1 -0.000641753 -0.0364031 9.71517e-06 0.000643073 1.00001 1.51215
0.999997 0.00151354 -0.000763991 0.00311361 -0.0015133 0.999999 0.000360956 0.00261016 0.000764342 -0.00036106 0.999992 1.50208
1 -0.000992898 0.000343386 -0.00736592 0.000992657 0.999999 0.00086952 -0.0175273 -0.000344108 -0.000867839 1.00001 1.48298
0.999997 -0.000469946 0.00117223 -0.00835563 0.000469522 1 0.000310068 -0.00137022 -0.00117253 -0.000310834 0.999993 1.48972
1 0.00032329 -0.000750903 -0.014048 -0.000323189 0.999999 -2.49187e-05 -0.0169445 0.000751146 2.63846e-05 1.00001 1.51079
0.999996 -0.000536231 0.00149227 -0.00248167 0.000536111 1 1.08808e-05 -0.0147698 -0.00149254 -1.12756e-05 0.999993 1.50683
1 0.000315336 -0.00105001 -0.00862811 -0.000315165 0.999999 0.000132921 -0.00957721 0.00105033 -0.000131422 1.00001 1.50513
0.999999 -0.000990044 0.00076152 -0.00985118 0.000988696 1 0.00154534 -0.0245016 -0.000763374 -0.00154571 0.999993 1.50866
0.999999 0.000126572 0.00186258 -0.00388978 -0.000127499 0.999999 0.000608787 -0.0177981 -0.00186212 -0.000607955 1 1.50689
0.999999 0.000493361 -0.000630327 -0.0169524 -0.000494372 1 -0.0011544 -0.0147019 0.000629394 0.00115373 0.999994 1.53091
0.999999 0.000480286 0.00196421 -0.00274979 -0.000477839 0.999998 -0.00109385 -0.0194015 -0.00196442 0.00109388 1 1.5071
0.999999 0.0013989 -0.00066954 -0.0239393 -0.00139895 1 0.000495511 -0.0126 0.00066989 -0.000495557 0.999996 1.54883
1 -0.00041923 0.000101452 -0.0045909 0.000419498 0.999998 0.00105451 -0.02002 -0.00010155 -0.00105348 1 1.52472
1 0.000485552 0.000557123 -0.015001 -0.000486339 1 0.000779402 -0.0155762 -0.000557085 -0.000780699 0.999996 1.51772
1 0.000531322 -0.000502601 0.00358229 -0.000530923 0.999999 0.000158697 -0.0219992 0.000503091 -0.000157474 1 1.56724
0.999999 0.000935171 0.00119322 -0.0112139 -0.00093554 1 1.09405e-05 -0.0157321 -0.00119361 -1.30614e-05 0.999997 1.51324
0.999998 0.000696779 -0.00130981 -0.00971301 -0.000696447 0.999998 -3.28714e-05 -0.0281615 0.00131013 3.47617e-05 1 1.59603
1 -5.63717e-05 0.00124893 -0.00430576 5.55309e-05 1 0.000391811 -0.0136202 -0.00124928 -0.000392715 0.999997 1.51248
0.999997 -0.00157816 -0.00138844 -0.00187036 0.00157817 0.999997 -0.000245162 -0.0152733 0.00138906 0.000243945 1 1.56961
0.999997 -0.00248022 3.69547e-05 0.00263256 0.00247985 0.999998 0.000735951 -0.006157 -3.90603e-05 -0.000736832 0.999998 1.53471
0.999992 -0.00375038 0.0010498 0.016549 0.00374869 0.999989 0.00186206 -0.00671241 -0.00105651 -0.00185708 1 1.53703
1 -0.000251914 -0.000874932 0.00516019 0.000251522 1 -0.000105341 -0.018231 0.000874675 0.000104078 0.999998 1.54374
0.999998 -0.000777298 0.00100857 -0.000673342 0.000778069 0.999998 -0.000463718 -0.0142135 -0.00100808 0.000465524 1 1.52017
0.999999 -0.00241247 0.000703266 0.00975597 0.0024111 0.999998 0.00145849 0.00146231 -0.00070687 -0.00145777 0.999999 1.56086
0.999994 -0.00249446 0.000967958 -0.00142061 0.00249384 0.999995 0.000942544 -0.0020036 -0.00097024 -0.000939143 0.999999 1.5398
0.999998 -0.00195459 0.00192393 -0.00186486 0.00195516 1 -0.000455556 -0.0289185 -0.00192314 0.000458277 0.999999 1.51962
0.999998 -0.000834147 -0.000131807 -0.00751927 0.000834383 0.999998 -0.000564388 -0.0202516 0.000132452 0.000565395 0.999999 1.54011
0.999997 0.000776231 0.00296016 -0.0102877 -0.000777257 1 0.000217692 -0.0181234 -0.00296018 -0.000221234 0.999996 1.55128
0.999996 0.00194829 0.00103363 -0.0117672 -0.00194767 0.999996 -0.000262026 -0.0278126 -0.00103393 0.000261252 0.999998 1.54628
1 0.000365346 0.00159737 -0.00840315 -0.000365332 1 -0.000209349 -0.00489683 -0.00159765 0.000207543 1 1.53301
0.999993 0.00155101 0.00259027 -0.0156526 -0.00155256 0.999999 0.000719459 -0.0198155 -0.00258893 -0.00072229 0.999996 1.5347
1 -0.000733014 0.000633446 -0.0133468 0.00073314 0.999999 -0.000691399 -0.0173375 -0.000633179 0.000690681 1 1.54674
0.999992 0.000749913 0.00340288 -0.0076016 -0.000750497 1 0.000248395 -0.0198337 -0.00340246 -0.000249787 0.999995 1.51807
1 -0.000634178 9.31929e-05 -0.00673265 0.000633874 0.999999 0.000206619 -0.00629325 -9.35241e-05 -0.000207706 1 1.55272
0.999998 -0.000422662 0.00109937 -0.0067866 0.000422498 1 0.000390264 -0.0165335 -0.00109936 -0.000388768 1 1.53237
0.99999 -0.00204898 0.00422622 -0.002736 0.00204396 0.999997 0.00112608 -0.021916 -0.00422866 -0.00111846 0.99999 1.51255
0.999999 -0.000831363 -0.00056444 -0.0179394 0.000831945 1 0.000564722 -0.0199604 0.000564161 -0.000564102 1 1.54376
0.999997 -0.00105359 0.00255025 0.00462059 0.00105844 0.999997 -0.00200636 -0.0185155 -0.00254836 0.002008 0.999995 1.52246
0.999997 0.000580031 -0.00207979 -0.00467851 -0.000580611 1 -0.000411352 -0.0230214 0.00207984 0.000413519 0.999998 1.55815
1 -0.000360125 0.000129231 -0.0121564 0.000359892 1 0.000162348 -0.0062874 -0.000129582 -0.00016328 1 1.52928
0.999998 -0.00138003 0.00143218 -0.00683539 0.00137904 0.999999 0.000848353 -0.0152044 -0.00143303 -0.000845429 0.999999 1.5377
0.999997 0.000620056 -0.00256073 -0.0120847 -0.000619495 1 0.000324866 -0.022859 0.00256059 -0.000324249 0.999997 1.57708
0.999999 0.000465844 0.00166289 0.0011203 -0.000465099 1 -0.00028477 -0.0148913 -0.00166276 0.000285073 0.999998 1.5348
0.999999 0.000385331 -0.00163614 -0.00775048 -0.000385027 1 0.000367684 -0.0117252 0.0016361 -0.000368022 1 1.58706
0.999999 -0.000435921 -0.00160016 -0.0157447 0.00043622 1 -1.15876e-05 -0.0145876 0.0016004 1.18709e-05 0.999997 1.56975
0.999999 0.000257405 0.00152752 0.00344454 -0.00026006 0.999999 0.00147414 -0.016743 -0.00152739 -0.00147547 0.999999 1.53176
0.999998 0.00123578 -0.00170352 -0.0131668 -0.00123325 0.999999 0.00133035 -0.0087803 0.0017055 -0.00132719 0.999996 1.5931
0.999997 0.000478503 0.00238055 -0.00180889 -0.000479689 0.999999 0.000389279 -0.0173031 -0.00238072 -0.00039134 0.999999 1.56204
0.999999 0.000467634 -0.000352785 -0.0115071 -0.00046717 1 0.000552634 -0.0169248 0.000353405 -0.000551507 0.999998 1.60128
1 -0.000662213 0.00073604 -0.00204632 0.000661557 0.999998 0.000472527 -0.00486969 -0.000736625 -0.000472971 1 1.58174
0.999995 -0.00155367 0.00219606 0.00843131 0.00155565 0.999999 -0.000755573 -0.0209012 -0.00219456 0.000759846 0.999996 1.57119
1 -0.000316903 -0.000480652 -0.00232276 0.000316003 0.999999 -0.00118267 -0.0282394 0.000480761 0.0011817 1 1.59804
0.999998 -0.0001237 0.00118462 -0.00652424 0.00012557 1 -0.00125084 -0.0162689 -0.00118428 0.00125184 0.999998 1.59973
0.999997 0.000416089 -0.0028014 -0.00389916 -0.000416614 0.999999 -2.75286e-05 -0.00461214 0.00280121 2.78471e-05 0.999996 1.6075
0.999997 0.000955515 -0.00175083 -0.00907494 -0.000954245 1 0.000474326 -0.0167436 0.00175143 -0.000471824 0.999998 1.6057
1 0.00151854 0.00118603 -0.0154033 -0.00152219 0.999995 0.00270959 0.00507418 -0.00118202 -0.00271225 0.999996 1.62341
0.999998 -0.00124943 -0.000163606 -0.00281371 0.00125031 0.999996 0.00299534 -0.0140693 0.00016004 -0.00299463 0.999996 1.63672
0.999999 -0.000877863 0.00150414 -0.00879604 0.000876578 0.999999 0.000588063 -0.0159648 -0.00150484 -0.000587665 0.999999 1.61229
0.999999 -0.00103403 -0.000756848 -0.00815362 0.00103407 1 -0.000413064 -0.0327329 0.000757573 0.000413225 1 1.64683
0.999999 -0.000535684 0.00177807 -0.00215904 0.00053528 0.999999 2.63062e-06 -0.0160013 -0.00177826 -2.60199e-06 0.999998 1.609
0.999999 0.000305654 -0.000506027 -0.00550869 -0.000305033 1 0.000411227 -0.0142394 0.000506336 -0.000410106 1 1.64993
1 -1.50565e-06 0.000584678 -0.0011608 1.43772e-06 1 -0.000609216 -0.0190726 -0.000584872 0.000608255 0.999999 1.62613
0.999996 0.000766091 0.00232487 -0.0128645 -0.000764183 1 -0.000637131 -0.0119337 -0.00232514 0.000636283 0.999998 1.60898
1 0.000259906 -0.000518616 -0.00449714 -0.000260635 0.999999 -0.000726259 -0.020873 0.000518209 0.00072548 0.999999 1.63695
0.999996 -0.000893117 0.00241698 -0.00362367 0.000888801 0.999998 0.00194519 -0.0145086 -0.00241849 -0.0019421 0.999996 1.6136
1 -0.00130761 -0.00061797 0.000100154 0.00130768 0.999998 0.000750341 -0.00954026 0.000616774 -0.000752163 0.999999 1.64037
0.999999 -0.000956693 -1.13962e-05 -0.00292031 0.000957047 1 -0.00125737 -0.0130385 1.28301e-05 0.00125837 1 1.61652
0.999999 0.000729741 0.0014373 -0.00736428 -0.000730939 0.999999 0.000573684 -0.0214808 -0.0014372 -0.00057571 0.999998 1.60609
0.999999 0.000773984 -0.00118835 -0.0088229 -0.000776253 0.999998 -0.00224551 -0.00409206 0.001187 0.00224741 0.999998 1.6162
0.999998 0.00206038 0.000785707 -0.0112893 -0.00206009 0.999997 -0.000890299 -0.0364626 -0.000787925 0.00088771 0.999999 1.58629
0.999998 0.000794934 -0.00161229 -0.0109289 -0.000792464 1 0.00127119 -0.0228638 0.00161373 -0.00126896 0.999999 1.62074
1 0.000437835 -0.000756672 -0.00759024 -0.000435716 0.999993 0.00335312 -0.00379814 0.000757714 -0.00335375 0.999993 1.61252
1 0.000537362 0.000328894 -0.00976569 -0.000537695 0.999998 0.00243069 -0.0209079 -0.000327135 -0.00242991 0.999998 1.57988
0.999998 0.00105019 -0.00236143 -0.00597575 -0.00105139 0.999998 -0.000362288 -0.0177914 0.00236058 0.000363784 0.999996 1.62134
0.999999 -0.000111742 -0.000379733 -0.0075384 0.000111859 1 -0.000434876 -0.031877 0.000380246 0.000435835 1 1.57767
0.999996 -0.000820429 -0.0027541 -0.00491486 0.000822561 0.999998 0.000890806 -0.0139383 0.00275293 -0.000894114 0.999995 1.61374
0.999999 -0.00106525 -0.00117304 -0.000204877 0.001067 1 0.00119561 -0.0211703 0.00117224 -0.00119583 1 1.6013
1 -0.000389484 0.000876692 -0.0138999 0.000389286 0.999999 -0.000198258 -0.0475823 -0.000877048 0.000197616 0.999999 1.56993
0.999999 -7.09366e-05 -0.00131658 -0.00447026 7.13592e-05 1 -1.9592e-05 -0.00898123 0.00131698 2.04554e-05 1 1.62388
1 -0.000271898 0.000938288 -0.00699991 0.000271414 1 8.94535e-05 -0.012438 -0.000938609 -9.01447e-05 0.999999 1.56454
0.999998 -0.000771934 -0.000918592 -0.00695526 0.000772322 1 3.45123e-07 -0.0152262 0.000918864 -1.36528e-07 1 1.61279
1 -0.000586833 7.80044e-05 -0.00517388 0.000586452 1 -7.62441e-05 -0.0268288 -7.8235e-05 7.53918e-05 0.999999 1.58826
0.999999 -6.58764e-05 0.00108931 -0.00713792 6.63056e-05 0.999999 -5.17745e-05 -0.0215629 -0.00108902 5.27121e-05 1 1.5659
1 -0.000144223 -0.000905008 -0.00314649 0.000144386 1 0.000632394 -0.0203614 0.000904648 -0.00063345 0.999998 1.60917
0.999999 -0.000308006 0.000929556 -0.00741852 0.000308656 0.999999 -0.000182529 -0.0161958 -0.000929246 0.000183807 1 1.56938
0.999999 -0.00111372 -0.000934892 -0.00502364 0.00111306 1 -0.000147557 -0.0250734 0.000934829 0.000145467 0.999998 1.60641
0.999998 -0.00192572 -0.00012221 -0.00235792 0.00192642 0.999996 0.00163974 -0.00662895 0.000119282 -0.00163891 1 1.59392
0.999999 -0.00119032 0.00105767 -0.00479328 0.00118836 0.999999 0.00137796 -0.0291244 -0.00105957 -0.00137779 0.999998 1.58256
0.999999 -0.000267091 -0.00125387 -0.00406734 0.000267134 0.999999 -0.000364865 -0.0245234 0.00125422 0.000365602 1 1.61063
0.999999 0.00124575 0.00139071 -0.00755127 -0.00124642 1 0.000109576 -0.0254665 -0.00139084 -0.000112332 0.999999 1.57533
0.999999 0.00110197 -0.000768807 -0.00762161 -0.00110042 0.999998 0.00139511 -0.0143585 0.000770626 -0.00139327 1 1.6106
0.999999 0.000482657 0.00170123 -0.0111753 -0.000485256 1 0.00123597 -0.0289247 -0.00170087 -0.00123778 0.999997 1.58234
0.999999 -0.000145215 -0.000998245 -0.00311811 0.000145912 1 0.000212816 -0.0324454 0.000998481 -0.000211973 1 1.61841
1 -6.96103e-05 -2.92897e-05 -0.00402534 6.91274e-05 1 -4.77649e-05 -0.0220291 2.90035e-05 4.67683e-05 0.999999 1.60241
0.999998 0.000499192 0.0017757 -0.0122945 -0.000498886 0.999999 9.6954e-05 -0.0172031 -0.00177535 -9.68716e-05 0.999999 1.58517
1 0.000586791 -0.000941421 -0.00482092 -0.00058738 1 -9.31236e-05 -0.000310746 0.000941136 9.26897e-05 0.999999 1.62237
0.999998 0.000802672 0.00173697 -0.00880966 -0.000803803 0.999999 0.000896303 -0.0247725 -0.00173597 -0.000896628 1 1.5856
0.999998 0.00171687 -0.000169209 -0.00730585 -0.00171704 0.999998 0.00101911 -0.0129373 0.000170707 -0.00101988 0.999998 1.64004
1 0.000936965 0.000425188 -0.00814496 -0.000936761 1 0.000332584 -0.0229457 -0.000424669 -0.000331897 1 1.60935
0.999998 0.000888511 0.00174039 -0.00932967 -0.000889234 0.999999 0.000228953 -0.022244 -0.0017404 -0.000231584 0.999997 1.59037
0.999999 0.00120309 -0.00165015 -0.0100628 -0.00120178 1 0.000584112 -0.0227464 0.00165115 -0.000581089 1 1.63518
0.999997 0.00122772 0.00181109 -0.010812 -0.00123028 0.999998 0.00119002 -0.0209952 -0.00180995 -0.00119334 0.999997 1.59703
0.999999 0.000889827 -0.00132633 -0.0161946 -0.000888642 1 0.000558854 -0.0119105 0.00132719 -0.000556656 1 1.64524
1 0.000657975 0.000382924 -0.00811516 -0.000658328 1 -0.000145574 -0.0171013 -0.000383372 0.000144244 0.999999 1.61872
1 -0.000260543 0.00125577 -0.0109286 0.000259896 0.999999 0.000839837 -0.0222057 -0.00125556 -0.000838437 1 1.60269
