1 0.000664581 0.0011288 -0.00123572 -0.000660075 0.999992 -0.00410154 -0.00608229 -0.00113124 0.00410068 0.999994 0.987001
0.999997 -0.00203816 0.00130628 0.010056 0.00204435 0.999985 -0.00503241 -0.00469834 -0.00129603 0.00503517 0.999987 1.94014
0.999995 -0.00380222 0.00143417 0.00994557 0.00380348 0.999994 -0.00116237 -0.00292423 -0.0014293 0.00116768 1 2.91001
0.999978 -0.00680309 -0.000486516 0.031446 0.00680419 0.999967 0.00465032 -0.00103515 0.000454844 -0.00465346 0.999991 3.87208
0.999952 -0.00997937 -0.00184343 0.0302275 0.00998742 0.999941 0.00465972 0.00241706 0.00179723 -0.00467799 0.999991 4.8408
0.999918 -0.0125244 -0.0035225 0.0348205 0.0125305 0.999921 0.00201303 0.00743116 0.00349698 -0.00205693 0.999995 5.80725
0.999903 -0.0133315 -0.00469725 0.0364319 0.0133248 0.999912 -0.0012987 0.00699987 0.0047145 0.00123586 0.999993 6.74907
0.9999 -0.0132079 -0.00568175 0.028221 0.0131959 0.999913 -0.00192736 0.0106644 0.00570663 0.00185219 0.999986 7.69249
0.999892 -0.0129298 -0.00752949 0.0246282 0.0129291 0.999918 -5.60656e-05 0.010939 0.00753 -4.14108e-05 0.999977 8.63728
0.999889 -0.012204 -0.00884559 0.0205598 0.0122285 0.999923 0.00286054 0.0143615 0.0088099 -0.00296838 0.999961 9.57934
0.999871 -0.0126127 -0.0104315 0.0128397 0.0126592 0.999912 0.00447309 0.0176282 0.0103746 -0.00460467 0.999941 10.5327
0.999841 -0.0139928 -0.0113788 0.00785585 0.0140505 0.99989 0.00512797 0.0234812 0.0113056 -0.005287 0.999927 11.4681
0.999824 -0.0144584 -0.0124397 -0.00265963 0.0145182 0.999886 0.00477659 0.034805 0.0123697 -0.00495648 0.999918 12.3959
0.999809 -0.01482 -0.0131148 -0.0153009 0.0148589 0.999888 0.00298322 0.044147 0.0130688 -0.00317752 0.999916 13.3188
0.999774 -0.0154546 -0.0150492 -0.027445 0.0154691 0.999882 0.000896279 0.0496863 0.0150339 -0.00112905 0.999894 14.2729
0.999719 -0.0166048 -0.0171952 -0.0344151 0.016602 0.999865 -0.000219525 0.0478856 0.0171963 -6.59964e-05 0.999858 15.1985
0.999676 -0.0165926 -0.0196134 -0.0437203 0.0165718 0.999865 -0.00119118 0.0452427 0.0196309 0.000865615 0.999814 16.124
0.999645 -0.0150739 -0.0221968 -0.0559194 0.0150285 0.999888 -0.00214034 0.0459863 0.0222262 0.00180597 0.999757 17.013
0.99961 -0.0136024 -0.0246761 -0.0747709 0.0135541 0.999908 -0.00209768 0.0467699 0.0247027 0.00176227 0.9997 17.9211
0.999534 -0.0141691 -0.0272472 -0.086209 0.0141454 0.999903 -0.000998882 0.0424256 0.0272584 0.000612926 0.999635 18.8249
0.999498 -0.0137167 -0.0287816 -0.115665 0.0137368 0.999908 0.000525603 0.0402888 0.0287721 -0.000920829 0.999594 19.7473
0.999457 -0.013577 -0.0302031 -0.145709 0.0135881 0.99991 0.000214359 0.0395612 0.0301973 -0.000624664 0.999551 20.6322
0.99939 -0.0144685 -0.0320047 -0.174139 0.0144796 0.999897 0.000133229 0.0389274 0.0319999 -0.000596687 0.999495 21.5263
0.999356 -0.0145184 -0.032982 -0.216032 0.0145391 0.999897 0.000439519 0.0297679 0.0329721 -0.000918732 0.999463 22.4269
0.999356 -0.0144396 -0.0330615 -0.265506 0.0144862 0.999897 0.00118351 0.0269079 0.0330415 -0.00166178 0.99946 23.3074
0.999321 -0.0143803 -0.0341148 -0.301166 0.0144796 0.999895 0.00271863 0.0326687 0.034072 -0.00321085 0.999422 24.1871
0.999259 -0.0155419 -0.0354217 -0.328519 0.0157403 0.999865 0.00534687 0.035758 0.0353343 -0.00590053 0.999367 25.0576
0.999204 -0.0151005 -0.0371182 -0.350414 0.015391 0.999856 0.00760619 0.02959 0.036998 -0.00817156 0.99929 25.9215
0.999161 -0.0144955 -0.0385194 -0.378394 0.0147614 0.999872 0.00664815 0.0316012 0.0384186 -0.00721124 0.999245 26.7783
0.999072 -0.0129783 -0.0412524 -0.396239 0.0131663 0.999908 0.0043371 0.032624 0.0411922 -0.00487639 0.999148 27.6151
0.999014 -0.0125946 -0.0427622 -0.427017 0.0127277 0.999919 0.00285924 0.0338911 0.042723 -0.0034008 0.999091 28.437
0.998969 -0.0114784 -0.0440855 -0.460123 0.011606 0.999934 0.00268597 0.0345981 0.0440517 -0.003195 0.999034 29.2604
0.99893 -0.0116131 -0.0449668 -0.503048 0.0117458 0.999931 0.00270599 0.0291986 0.0449328 -0.00323137 0.998995 30.0579
0.998857 -0.0114271 -0.0465934 -0.545465 0.0115306 0.999936 0.00199267 0.0261792 0.0465679 -0.00252774 0.998923 30.8522
0.998773 -0.0115763 -0.048341 -0.592539 0.0116791 0.999933 0.00186187 0.030315 0.0483168 -0.00242425 0.998839 31.6275
0.998657 -0.0116215 -0.0506843 -0.627346 0.0117682 0.999932 0.00262841 0.0398502 0.0506508 -0.00322138 0.998723 32.4161
0.998587 -0.0115879 -0.0520282 -0.680792 0.0118488 0.999921 0.00472428 0.0439123 0.05197 -0.00533419 0.998644 33.1699
0.998459 -0.0103154 -0.0547021 -0.716619 0.0106423 0.999932 0.00571887 0.0516609 0.0546398 -0.00629226 0.998498 33.9335
0.998342 -0.00874355 -0.0570618 -0.754169 0.00907228 0.999946 0.00551849 0.0610617 0.0570113 -0.00602717 0.998366 34.6848
0.998144 -0.00553829 -0.060806 -0.769913 0.00581366 0.999979 0.00437926 0.0764281 0.0607808 -0.00472468 0.998152 35.3935
0.998037 -0.00382523 -0.0626741 -0.820895 0.00406783 0.999989 0.0037553 0.0785281 0.06266 -0.00400315 0.998039 36.1133
0.997909 -0.00450531 -0.0646228 -0.855354 0.00479622 0.999984 0.00437165 0.0908938 0.0646027 -0.00467248 0.997912 36.7935
0.997884 -0.00323605 -0.0650957 -0.913677 0.0036532 0.999978 0.00630098 0.0939498 0.0650748 -0.00652563 0.997872 37.5071
0.997901 -0.000397888 -0.0649272 -0.96912 0.000831476 0.999983 0.00667691 0.0975772 0.0649241 -0.00671694 0.99788 38.2007
0.997981 0.00275226 -0.063629 -1.02154 -0.0024829 0.999993 0.00432267 0.103968 0.0636414 -0.00415616 0.997977 38.8872
0.99807 0.00419907 -0.0621352 -1.06105 -0.00411675 0.999997 0.00147825 0.102508 0.0621418 -0.00121963 0.99808 39.5782
0.998202 0.00317537 -0.0600365 -1.09809 -0.0031607 1 0.000348464 0.0999881 0.0600385 -0.000158304 0.99821 40.2329
0.998359 0.00432907 -0.0572947 -1.13061 -0.00427771 0.999997 0.00104622 0.105851 0.0572995 -0.000799413 0.998371 40.9167
0.998515 0.00923262 -0.0539008 -1.17493 -0.00900561 0.999955 0.00446335 0.0946699 0.0539404 -0.00397152 0.998551 41.5811
0.998689 0.0132423 -0.0496475 -1.22441 -0.0128468 0.999891 0.00830518 0.090721 0.0497524 -0.00765643 0.998747 42.1994
0.998814 0.0184951 -0.0452846 -1.25806 -0.0181163 0.999803 0.0087734 0.102074 0.0454387 -0.00794283 0.998951 42.8295
0.999003 0.0223158 -0.0389653 -1.3014 -0.0220079 0.999732 0.00834308 0.118432 0.0391412 -0.00747707 0.999222 43.4305
0.999143 0.0262092 -0.0324084 -1.33836 -0.0258777 0.999615 0.0106134 0.119449 0.0326748 -0.00976574 0.999435 44.0007
0.999169 0.0320193 -0.0256962 -1.37314 -0.031735 0.99944 0.0114345 0.117846 0.0260482 -0.0106093 0.999621 44.5462
0.999224 0.0356506 -0.0175382 -1.40324 -0.035465 0.999319 0.0108005 0.124172 0.017912 -0.0101701 0.999805 45.0912
0.999209 0.0386432 -0.010658 -1.40618 -0.038523 0.999204 0.0113495 0.119853 0.0110883 -0.0109298 0.999896 45.6151
0.999081 0.0430917 -0.00278252 -1.42267 -0.0430604 0.999025 0.0104982 0.131749 0.00323273 -0.0103688 0.999958 46.147
0.998893 0.0471013 0.00463106 -1.42191 -0.0471333 0.998876 0.00676458 0.149629 -0.0043072 -0.00697541 0.999985 46.6418
0.998705 0.0494805 0.0129283 -1.42163 -0.0495289 0.998774 0.00346233 0.155094 -0.0127406 -0.00409834 0.999929 47.1061
0.998555 0.0499329 0.0205697 -1.40476 -0.0500139 0.998753 0.00337095 0.156046 -0.0203756 -0.00439488 0.999803 47.5229
0.998375 0.0495898 0.0285594 -1.38857 -0.0497384 0.998761 0.00453374 0.15794 -0.0282987 -0.00594704 0.999602 47.9127
0.99803 0.0513023 0.0365077 -1.37365 -0.0515056 0.998672 0.00461354 0.171299 -0.0362226 -0.00648483 0.999345 48.3174
0.99745 0.0548068 0.0460534 -1.36951 -0.0550928 0.998479 0.00498193 0.16752 -0.0457101 -0.00750641 0.998948 48.6478
0.996756 0.0593289 0.0546224 -1.34476 -0.0596741 0.998218 0.00469434 0.166741 -0.0542467 -0.00793876 0.998518 48.9589
0.995954 0.0628914 0.0644407 -1.3472 -0.0632779 0.997999 0.00398549 0.181829 -0.0640618 -0.00804718 0.997941 49.2853
0.995339 0.0621046 0.0739597 -1.32444 -0.0626059 0.99804 0.00447009 0.185517 -0.0735373 -0.00907959 0.997274 49.5804
0.994374 0.061521 0.086444 -1.32725 -0.0620193 0.998081 0.00309581 0.169101 -0.0860885 -0.00843998 0.996282 49.8409
0.993235 0.0613375 0.0987404 -1.28713 -0.0616382 0.998109 -1.30172e-05 0.1333 -0.0985549 -0.00607335 0.995137 50.0881
0.991748 0.0618503 0.11249 -1.26143 -0.0617567 0.998093 -0.00431248 0.141437 -0.112543 -0.00267071 0.993677 50.3644
0.98974 0.0633794 0.128169 -1.22634 -0.0630646 0.998001 -0.00652337 0.142403 -0.128326 -0.00162674 0.991758 50.6347
0.987404 0.0649216 0.144443 -1.18569 -0.0645128 0.9979 -0.00751235 0.135959 -0.144629 -0.00190141 0.989519 50.8762
0.984683 0.0653761 0.161711 -1.13781 -0.0647725 0.997871 -0.0090121 0.137877 -0.161956 -0.0016006 0.986822 51.1538
0.981555 0.0648655 0.179975 -1.08066 -0.0639317 0.997905 -0.0109866 0.152002 -0.180312 -0.000722907 0.983646 51.4144
0.977914 0.0639566 0.199044 -1.00695 -0.0630128 0.997963 -0.0110823 0.141197 -0.199348 -0.00170516 0.979954 51.6411
0.973779 0.0639936 0.218421 -0.924565 -0.0630186 0.997958 -0.0114328 0.1232 -0.218708 -0.00263242 0.975824 51.8401
0.968502 0.0661249 0.240125 -0.86212 -0.0646283 0.997822 -0.0141125 0.129971 -0.240535 -0.00185121 0.970668 52.1165
0.96245 0.0673767 0.263059 -0.779084 -0.0652808 0.997738 -0.0167083 0.132319 -0.263591 -0.00109269 0.964672 52.3789
0.955377 0.068122 0.287482 -0.685796 -0.0659168 0.997687 -0.0173563 0.118736 -0.287999 -0.00236837 0.957659 52.6241
0.947217 0.0706072 0.312802 -0.571524 -0.0684395 0.997506 -0.0179168 0.107067 -0.313289 -0.0044379 0.949686 52.8797
0.93953 0.0718709 0.334889 -0.36799 -0.0692556 0.997416 -0.0197629 0.106874 -0.335444 -0.00462529 0.942082 53.0613
0.930791 0.0714802 0.358565 -0.130161 -0.0686332 0.997439 -0.0206782 0.0921062 -0.359127 -0.00536341 0.933314 53.2912
0.921221 0.0686387 0.382982 0.134597 -0.0649024 0.997646 -0.0226872 0.0763643 -0.383637 -0.0039565 0.923509 53.5382
0.90777 0.065886 0.414315 0.310802 -0.0607263 0.997839 -0.0256279 0.0710944 -0.415108 -0.00189671 0.909811 53.7654
0.892174 0.0645046 0.447101 0.500421 -0.0573611 0.997932 -0.0295144 0.059441 -0.448077 0.000685771 0.894032 53.9814
0.874494 0.0667965 0.480464 0.712843 -0.057091 0.997776 -0.0348044 0.0565992 -0.481719 0.00300477 0.876365 54.2135
0.856771 0.0676205 0.511279 1.01941 -0.056121 0.997719 -0.0379133 0.019529 -0.512673 0.00378959 0.858615 54.397
0.83753 0.0688348 0.542081 1.35823 -0.055806 0.997636 -0.0404606 -0.0150916 -0.543582 0.00363428 0.839395 54.5641
0.813364 0.072804 0.577216 1.6263 -0.0585885 0.997359 -0.0432409 -0.0257912 -0.578836 0.0013525 0.815488 54.7881
0.786931 0.0776734 0.612171 1.93232 -0.0624369 0.996992 -0.0462392 -0.0343787 -0.61392 -0.00183655 0.789416 55.0218
0.758642 0.0788477 0.646752 2.25317 -0.0621172 0.996894 -0.0486734 -0.0516199 -0.648577 -0.00324847 0.761191 55.2001
0.727826 0.07548 0.681629 2.57043 -0.0569404 0.997158 -0.0496208 -0.0741625 -0.683437 -0.00269851 0.73006 55.3558
0.692025 0.074863 0.718003 2.89426 -0.0547713 0.997199 -0.0511848 -0.0884705 -0.71982 -0.00390449 0.694194 55.5772
0.653347 0.0744929 0.753416 3.19227 -0.0529663 0.997221 -0.0526679 -0.104272 -0.755245 -0.00549676 0.655482 55.7642
0.609746 0.0747474 0.789084 3.56997 -0.0502824 0.997199 -0.0556075 -0.125649 -0.791028 -0.00577037 0.611803 56.0041
0.564979 0.0723664 0.821955 3.96082 -0.0438958 0.997386 -0.0576401 -0.145945 -0.823978 -0.00351658 0.566684 56.221
0.519147 0.0701251 0.851822 4.41325 -0.0410633 0.997537 -0.057095 -0.176919 -0.853726 -0.00533785 0.520755 56.4408
0.472384 0.0681485 0.878782 4.87676 -0.0395851 0.997655 -0.0560889 -0.207237 -0.880544 -0.00829288 0.47398 56.6357
0.424511 0.0686681 0.902834 5.32014 -0.0418384 0.997557 -0.0562004 -0.215613 -0.904483 -0.0139154 0.426354 56.8127
0.378197 0.0684402 0.923218 5.8363 -0.0384742 0.997578 -0.0581925 -0.238245 -0.924966 -0.0135137 0.379921 56.9807
0.334978 0.0645764 0.940028 6.31237 -0.0269633 0.997912 -0.0589444 -0.262434 -0.941868 -0.00560096 0.336027 57.0596
0.293842 0.0576034 0.954143 6.80653 -0.0140236 0.99835 -0.0559543 -0.297429 -0.955792 0.00305912 0.294171 57.1243
0.254268 0.0563772 0.965506 7.34286 -0.00585646 0.998386 -0.0567547 -0.323224 -0.967145 0.00877681 0.254195 57.1896
0.21833 0.0575916 0.974198 7.92505 -0.00388784 0.998315 -0.0581468 -0.357612 -0.975908 0.00890566 0.218193 57.2809
0.187773 0.0571421 0.980566 8.45309 0.00401065 0.99827 -0.0589415 -0.394411 -0.982235 0.0150008 0.187225 57.317
0.160406 0.0546828 0.985561 9.00258 0.0109116 0.99832 -0.0571677 -0.430138 -0.987032 0.019922 0.159547 57.3539
0.13584 0.0522191 0.989371 9.60371 0.0173248 0.998349 -0.0550713 -0.466574 -0.990611 0.0246219 0.134717 57.4161
0.115624 0.0506271 0.992029 10.191 0.0214028 0.998358 -0.0534456 -0.497805 -0.993104 0.0274095 0.114357 57.4742
0.10013 0.0515078 0.993659 10.7848 0.0236112 0.998273 -0.054126 -0.532077 -0.994727 0.0288815 0.0987472 57.5147
0.0885239 0.0514298 0.994774 11.3888 0.0238719 0.998287 -0.0537368 -0.559775 -0.995832 0.0285017 0.0871518 57.5322
0.0765829 0.0518 0.995737 12.0337 0.0244196 0.998271 -0.05381 -0.596485 -0.996798 0.0284368 0.0751925 57.5887
0.0685021 0.0544443 0.996193 12.667 0.0291611 0.997991 -0.056549 -0.621558 -0.997269 0.0329213 0.0667841 57.6094
0.0617292 0.0558667 0.996549 13.2989 0.0337607 0.997764 -0.0580257 -0.650105 -0.997556 0.0372264 0.059712 57.6465
0.0577744 0.0546824 0.99686 13.9613 0.0340798 0.997826 -0.0567117 -0.690283 -0.997794 0.0372468 0.0557927 57.6692
0.0532932 0.0521598 0.997238 14.6379 0.0316464 0.998065 -0.0538941 -0.720922 -0.998114 0.0344312 0.0515464 57.7291
0.0506823 0.0445999 0.99775 15.3165 0.029818 0.998508 -0.0461495 -0.760774 -0.998317 0.0320873 0.0492844 57.7671
0.0497427 0.0388649 0.998029 16.0007 0.0311718 0.998715 -0.0404453 -0.788406 -0.998312 0.0331222 0.0484745 57.7961
0.050049 0.0357908 0.998137 16.728 0.0340556 0.998733 -0.0375209 -0.817447 -0.998212 0.0358674 0.0487744 57.8163
0.0494926 0.0372557 0.998103 17.4144 0.0374041 0.998554 -0.0391273 -0.851166 -0.99811 0.0392697 0.0480348 57.8597
0.050111 0.0443732 0.997793 18.1445 0.0387074 0.998197 -0.0463363 -0.876551 -0.99804 0.0409409 0.048311 57.8999
0.0527206 0.0522313 0.997266 18.8877 0.0395194 0.997759 -0.0543462 -0.901417 -0.997863 0.0422767 0.0505456 57.9353
0.0539921 0.0527694 0.997182 19.53 0.04224 0.99761 -0.0550803 -0.917505 -0.997695 0.0450919 0.0516419 57.9799
0.0548508 0.0491575 0.997307 20.2984 0.0411248 0.997847 -0.0514459 -0.94016 -0.997684 0.043836 0.0527184 58.0426
0.0562069 0.0432184 0.99752 21.0538 0.0402533 0.998175 -0.0455162 -0.971614 -0.997654 0.0427088 0.0543725 58.1046
0.0569117 0.0419992 0.99752 21.8311 0.0381127 0.998315 -0.0442071 -1.00119 -0.997689 0.0405341 0.0552224 58.1903
0.0592465 0.0469827 0.997176 22.559 0.0456317 0.997744 -0.0497221 -1.03415 -0.997248 0.0484455 0.0569774 58.2425
0.0627 0.0526147 0.99667 23.2985 0.0475707 0.997338 -0.0556425 -1.0623 -0.996936 0.0509012 0.0600375 58.2805
0.0649575 0.053644 0.996486 24.0524 0.041538 0.997568 -0.0564116 -1.09527 -0.997071 0.0450535 0.0625798 58.3475
0.0692378 0.0504021 0.996352 24.8312 0.0373782 0.997911 -0.0530785 -1.12983 -0.996937 0.040917 0.0672166 58.3948
0.0736551 0.0462997 0.99625 25.5889 0.0418534 0.997923 -0.0494732 -1.16885 -0.996454 0.0453372 0.0715728 58.4478
0.0766826 0.0472635 0.99596 26.2226 0.0468595 0.997621 -0.0509503 -1.19371 -0.995991 0.0505774 0.0742929 58.4742
0.0788878 0.0512415 0.995608 27.0027 0.0463883 0.997433 -0.0550126 -1.2422 -0.995854 0.0505212 0.0763166 58.5525
0.0813168 0.051634 0.995376 27.7818 0.0425367 0.997588 -0.0552239 -1.29051 -0.995818 0.0468308 0.0789318 58.658
0.0842433 0.0509335 0.995189 28.5898 0.041751 0.997661 -0.0545963 -1.33546 -0.995624 0.046146 0.081928 58.7485
0.0883472 0.0473932 0.99499 29.3232 0.0458186 0.997638 -0.0515882 -1.3732 -0.995075 0.0501468 0.0859748 58.7911
0.0922367 0.0466748 0.994689 30.0499 0.0512038 0.997383 -0.0515513 -1.41544 -0.994474 0.055683 0.0896133 58.8468
0.0950749 0.0470327 0.994387 30.8529 0.0540616 0.997187 -0.0523345 -1.45808 -0.994042 0.0587339 0.0922724 58.9435
0.0987395 0.0469993 0.994051 31.6015 0.0544873 0.997156 -0.0525606 -1.48826 -0.993676 0.0593485 0.095906 58.9968
0.102898 0.0455856 0.993677 32.3686 0.0561358 0.997114 -0.0515569 -1.52088 -0.993147 0.061086 0.100049 59.064
0.107033 0.0446801 0.993299 33.1516 0.0581852 0.997023 -0.0511197 -1.55244 -0.992605 0.0632622 0.104123 59.1322
0.110493 0.0456827 0.992858 33.9652 0.0564223 0.997068 -0.0521562 -1.57931 -0.992315 0.0617822 0.107599 59.2188
0.112997 0.0473966 0.992515 34.7178 0.0536582 0.99714 -0.0537289 -1.61761 -0.992201 0.0593228 0.110139 59.3237
0.116806 0.0473792 0.992057 35.5077 0.0554461 0.997017 -0.0541451 -1.65173 -0.991648 0.0613299 0.113838 59.3989
0.120018 0.0468497 0.991716 36.2816 0.0531776 0.997176 -0.0535455 -1.69721 -0.991402 0.0591586 0.117195 59.4878
0.123334 0.0468547 0.991291 37.0702 0.0520234 0.997231 -0.0536088 -1.73794 -0.991043 0.0581819 0.120562 59.573
0.127037 0.0459756 0.990883 37.8406 0.0496157 0.997408 -0.0526417 -1.79251 -0.990713 0.0558459 0.124434 59.6825
0.132156 0.0486848 0.990066 38.6068 0.0487928 0.997287 -0.0555535 -1.82363 -0.99007 0.0556496 0.129429 59.7486
0.135123 0.0510994 0.98956 39.4469 0.0473562 0.997223 -0.0579638 -1.88693 -0.989752 0.0546893 0.132335 59.8906
0.139889 0.0519477 0.988837 40.1981 0.0473266 0.997156 -0.0590804 -1.94347 -0.989078 0.0550628 0.13704 59.9695
0.142112 0.0544031 0.988406 40.9924 0.0412163 0.997326 -0.0608225 -1.9873 -0.989049 0.0493775 0.139496 60.1057
0.145308 0.0540995 0.98794 41.7763 0.0372446 0.997523 -0.0601027 -2.02762 -0.988727 0.0455287 0.14294 60.22
0.148606 0.0548042 0.987429 42.5398 0.0393493 0.997374 -0.0612806 -2.06949 -0.988171 0.0479568 0.146067 60.3348
0.152355 0.0562376 0.986759 43.3472 0.0389219 0.997291 -0.0628476 -2.11233 -0.987601 0.0479815 0.14976 60.4647
0.155967 0.0570293 0.986168 44.1464 0.0349709 0.997417 -0.0632131 -2.15999 -0.987202 0.0443415 0.153576 60.6023
0.159758 0.054678 0.985677 44.9349 0.0342531 0.997583 -0.0608908 -2.20553 -0.986604 0.0434899 0.157506 60.7373
0.165447 0.0546348 0.984758 45.7308 0.0348809 0.997543 -0.0612073 -2.25095 -0.985661 0.044471 0.163142 60.8547
0.171224 0.0580056 0.983561 46.5298 0.0313855 0.997466 -0.06429 -2.30263 -0.984775 0.0418772 0.168976 60.9909
0.176809 0.0667097 0.982036 47.3388 0.0298308 0.996907 -0.073094 -2.35244 -0.983853 0.0422138 0.174279 61.1572
0.184179 0.0717745 0.980309 48.1291 0.0282746 0.996562 -0.0782771 -2.3961 -0.982529 0.0421338 0.181522 61.3142
0.189701 0.0753943 0.978998 48.9632 0.0236527 0.996436 -0.0813237 -2.45109 -0.981618 0.0385786 0.187248 61.5186
0.195468 0.0740345 0.977953 49.7756 0.0198595 0.996675 -0.079422 -2.51185 -0.980553 0.0349451 0.193354 61.7176
0.202258 0.0720637 0.976733 50.5816 0.0199924 0.996806 -0.077688 -2.5733 -0.97919 0.0352356 0.200178 61.9076
0.208529 0.0689337 0.975626 51.3659 0.0192654 0.997062 -0.0745669 -2.63023 -0.97787 0.034344 0.206594 62.1041
0.215955 0.0635027 0.974395 52.1845 0.0172617 0.997508 -0.0688382 -2.68753 -0.976314 0.031681 0.214327 62.2907
0.222702 0.0560995 0.973314 53.0134 0.014667 0.998069 -0.0608836 -2.74513 -0.97482 0.0278332 0.221455 62.4959
0.22984 0.0533303 0.971825 53.8434 0.0143356 0.998233 -0.0581732 -2.8046 -0.973186 0.0272976 0.228675 62.705
0.236399 0.0549278 0.970146 54.6216 0.0128786 0.998167 -0.0596539 -2.86507 -0.971615 0.0265948 0.235264 62.89
0.24169 0.0599323 0.96856 55.4329 0.0135135 0.997815 -0.0651182 -2.9333 -0.970322 0.0288224 0.240357 63.1153
0.246228 0.0622761 0.967253 56.2363 0.0119732 0.997693 -0.0672852 -3.00117 -0.969182 0.0281471 0.24492 63.3422
0.250798 0.0644382 0.965951 57.0218 0.0105824 0.997569 -0.0692986 -3.06504 -0.968045 0.0275974 0.249511 63.5603
0.256926 0.0641714 0.964343 57.7925 0.00820992 0.997644 -0.068576 -3.11626 -0.96644 0.0255346 0.255798 63.7566
0.26372 0.0607771 0.962743 58.5486 0.0120407 0.997759 -0.0662893 -3.16453 -0.964587 0.029069 0.262402 63.9272
0.268351 0.0540465 0.96185 59.3114 0.0126584 0.998173 -0.0596204 -3.21331 -0.963284 0.0281727 0.267181 64.1395
0.27089 0.0478654 0.961481 60.0797 0.0105594 0.998587 -0.0526908 -3.2647 -0.962617 0.0244212 0.270005 64.3801
0.273681 0.044208 0.960851 60.8283 0.00639046 0.99887 -0.0477787 -3.31721 -0.961846 0.0192144 0.273093 64.6153
0.277198 0.0441119 0.959862 61.548 0.00484884 0.998901 -0.0473098 -3.35845 -0.960865 0.0177636 0.276683 64.8224
0.280623 0.0465383 0.958736 62.2744 0.00308523 0.998808 -0.0493878 -3.3906 -0.959859 0.0168153 0.28015 65.0262
0.2818 0.0506447 0.958199 62.9843 -0.00112877 0.998655 -0.0524548 -3.4339 -0.959537 0.0136956 0.281482 65.2536
0.285172 0.0547731 0.956958 63.6742 -0.00230135 0.998436 -0.0564624 -3.47349 -0.95852 0.0138973 0.284856 65.4444
0.288028 0.0597245 0.955821 64.3606 -0.00268062 0.998132 -0.0615645 -3.51439 -0.957683 0.0151656 0.287654 65.6492
0.289912 0.0620765 0.955086 65.0393 -0.00186005 0.997962 -0.0642997 -3.54889 -0.957099 0.0168628 0.289441 65.8533
0.291025 0.0624911 0.954737 65.7223 -0.00453388 0.997976 -0.0639432 -3.58723 -0.95677 0.0142756 0.290724 66.0755
0.290728 0.0595967 0.954997 66.3613 -0.00435001 0.998163 -0.0609675 -3.62698 -0.956844 0.0135685 0.290457 66.2796
0.290806 0.0576269 0.955109 67.0184 -0.00474926 0.998292 -0.0587902 -3.66714 -0.956836 0.0125557 0.290587 66.4892
0.291069 0.0564288 0.955086 67.6506 -0.0034683 0.998348 -0.0579292 -3.70232 -0.956745 0.0135467 0.290788 66.6717
0.289732 0.0554658 0.955564 68.2926 -0.00313134 0.998401 -0.0570068 -3.73847 -0.957168 0.0135197 0.289447 66.8707
0.289511 0.0567596 0.95554 68.9177 -0.00413054 0.998338 -0.0580517 -3.77183 -0.957215 0.0128574 0.289268 67.0416
0.287149 0.0597048 0.956089 69.5373 -0.00484682 0.998167 -0.0608807 -3.80807 -0.957939 0.0128431 0.286916 67.2355
0.284429 0.0634384 0.956645 70.1273 -0.00283905 0.997893 -0.0653309 -3.8441 -0.958742 0.0158642 0.284015 67.4134
0.28228 0.0648202 0.957205 70.7286 -0.000224691 0.997752 -0.0675038 -3.86627 -0.959399 0.018835 0.281665 67.5942
0.279589 0.0638183 0.958047 71.3133 -0.00091369 0.997841 -0.0662038 -3.90105 -0.960169 0.0176327 0.279048 67.7725
0.276974 0.0609075 0.95901 71.8927 -0.00139158 0.998046 -0.0629889 -3.94082 -0.960943 0.0161069 0.276523 67.9421
0.274288 0.0570937 0.960003 72.4678 -0.00118158 0.99829 -0.0590346 -3.98067 -0.961697 0.0150561 0.273891 68.1155
0.272938 0.0554347 0.960501 73.0228 0.00266263 0.998326 -0.0583781 -4.02085 -0.962096 0.0184858 0.272339 68.2538
0.271616 0.056545 0.960795 73.5722 0.0067713 0.998171 -0.0606604 -4.05029 -0.962432 0.02298 0.270742 68.3938
0.269268 0.0577237 0.961403 74.1164 0.0107533 0.997996 -0.0629362 -4.0881 -0.963075 0.0272789 0.268114 68.5365
0.267977 0.0593367 0.96165 74.6655 0.0102695 0.997905 -0.0644373 -4.1227 -0.963422 0.027141 0.266813 68.6845
0.266333 0.0619189 0.96196 75.2053 0.00973134 0.997747 -0.0669206 -4.15858 -0.963903 0.0271783 0.265137 68.8414
0.264129 0.0592638 0.962719 75.7497 0.0107722 0.997904 -0.0643871 -4.2167 -0.964479 0.0273748 0.262943 69.0061
0.265524 0.0561354 0.962538 76.3142 0.0167583 0.99792 -0.0628255 -4.2641 -0.964031 0.0328057 0.264037 69.14
0.268282 0.0534475 0.961911 76.8723 0.0216953 0.997908 -0.0615007 -4.29949 -0.963148 0.037366 0.266567 69.2686
0.270594 0.0517595 0.961371 77.4219 0.0246354 0.997891 -0.0606635 -4.33822 -0.962451 0.0400921 0.268754 69.409
0.27387 0.0509511 0.960471 77.9881 0.0222886 0.998029 -0.059301 -4.38369 -0.961561 0.0376457 0.272201 69.5836
0.277664 0.0509955 0.959396 78.5511 0.0211658 0.99806 -0.0591802 -4.42455 -0.960519 0.0367317 0.276052 69.7859
0.284363 0.049499 0.957494 79.1168 0.02283 0.998071 -0.0583792 -4.45252 -0.958499 0.0384576 0.282689 69.951
0.290835 0.0494509 0.955568 79.6982 0.0212324 0.998121 -0.0581191 -4.48768 -0.956611 0.0371851 0.289244 70.1633
0.299536 0.0472022 0.952973 80.2746 0.0219451 0.998209 -0.056343 -4.51649 -0.953887 0.0377869 0.297969 70.3395
0.30822 0.0470749 0.950224 80.8668 0.0182787 0.998335 -0.0553913 -4.55592 -0.951214 0.0344348 0.306851 70.5471
0.318323 0.0466883 0.946889 81.4384 0.01698 0.998384 -0.0549382 -4.59216 -0.947886 0.0335634 0.31702 70.726
0.327316 0.0499896 0.943667 82.035 0.0116333 0.998348 -0.0569254 -4.64021 -0.944919 0.029604 0.326197 70.9585
0.335393 0.0532602 0.940629 82.5588 0.00789359 0.998244 -0.0593395 -4.66127 -0.9421 0.0273241 0.334387 71.1746
0.344771 0.0567161 0.937046 83.2269 0.0041275 0.99811 -0.0619348 -4.69339 -0.938753 0.025215 0.343889 71.5091
0.355649 0.0586695 0.932835 83.815 0.00316606 0.997983 -0.0639766 -4.71854 -0.934671 0.0257037 0.354749 71.7034
0.365373 0.0595491 0.929031 84.4559 0.000933324 0.997966 -0.064339 -4.74887 -0.930937 0.0243689 0.364577 71.9812
0.375565 0.0592122 0.924962 85.0726 0.000513684 0.997981 -0.064098 -4.79178 -0.926853 0.0245453 0.374779 72.236
0.386414 0.0602373 0.920433 85.7249 -0.0034508 0.997991 -0.0638686 -4.82794 -0.922396 0.0214977 0.385847 72.5144
0.399029 0.0561764 0.915276 86.3645 -0.00274884 0.998227 -0.0600722 -4.86016 -0.916991 0.0214518 0.398477 72.7953
0.410845 0.0489571 0.910468 87.0287 0.00130388 0.998564 -0.0542868 -4.89134 -0.911783 0.0234846 0.410192 73.0615
0.420724 0.0443843 0.906164 87.6785 0.00341659 0.998755 -0.0505091 -4.92477 -0.907241 0.0243432 0.420049 73.3725
0.431122 0.0410042 0.901442 88.3763 0.00297732 0.998936 -0.0468673 -4.95861 -0.902369 0.0228834 0.430541 73.708
0.439823 0.0376508 0.897358 89.0524 0.00961271 0.998903 -0.0466265 -4.98852 -0.898092 0.0291302 0.438979 74.0379
0.447694 0.0323618 0.893683 89.7355 0.0159781 0.998936 -0.0441817 -5.00361 -0.894125 0.0340526 0.446699 74.3774
0.454856 0.0217818 0.890364 90.4416 0.0265016 0.998964 -0.0379814 -5.03014 -0.890231 0.0408685 0.453808 74.716
0.46138 0.0177623 0.887108 91.1594 0.031337 0.99889 -0.0363029 -5.04948 -0.886731 0.0445413 0.46031 75.0786
0.467572 0.0170917 0.883857 91.8488 0.0338511 0.99877 -0.0372259 -5.08694 -0.883368 0.0473212 0.466419 75.4549
0.475384 0.0221486 0.879586 92.5741 0.0356723 0.998419 -0.0444249 -5.13028 -0.879138 0.0524879 0.47384 75.8269
0.480677 0.0253029 0.876602 93.2341 0.0395536 0.997978 -0.0504999 -5.17072 -0.876069 0.0589426 0.478704 76.2221
0.485526 0.0274485 0.873878 93.9647 0.0382865 0.997924 -0.0526215 -5.2021 -0.873465 0.0589987 0.483466 76.6484
0.489809 0.0301273 0.871381 94.6461 0.0308885 0.998214 -0.0518803 -5.23547 -0.871346 0.0523232 0.488004 77.048
0.493049 0.0339259 0.869429 95.3447 0.02423 0.99836 -0.0527027 -5.28852 -0.869749 0.0470437 0.491417 77.4856
0.495343 0.0373517 0.867966 96.037 0.0236428 0.998164 -0.0564526 -5.34296 -0.86844 0.048481 0.49355 77.9132
0.499377 0.0418117 0.86547 96.7818 0.020106 0.99805 -0.0598242 -5.40461 -0.866236 0.0472685 0.497564 78.3946
0.502671 0.0460976 0.863321 97.4643 0.0167746 0.997907 -0.0630559 -5.43454 -0.86438 0.0461746 0.500845 78.8169
0.506704 0.0455562 0.86101 98.1053 0.0152382 0.998018 -0.0617789 -5.46473 -0.862069 0.0444165 0.505007 79.1839
0.511321 0.0385237 0.858598 98.7666 0.0215755 0.998141 -0.0576386 -5.53458 -0.859184 0.0479927 0.509538 79.5903
0.514694 0.0356888 0.856729 99.3534 0.0212572 0.99834 -0.0543647 -5.57593 -0.857196 0.046185 0.513083 79.9148
0.519216 0.034883 0.854004 99.9988 0.020273 0.99842 -0.0531126 -5.61783 -0.854468 0.0448861 0.517688 80.295
0.520066 0.0384122 0.853362 100.616 0.0180196 0.998318 -0.0559252 -5.64146 -0.854023 0.0444541 0.518501 80.7369
0.522945 0.0384245 0.851574 101.201 0.0191992 0.998236 -0.0568375 -5.68244 -0.852216 0.0460682 0.521284 81.0869
0.521774 0.0373165 0.852367 101.767 0.0210003 0.998223 -0.0565636 -5.71606 -0.852913 0.0474051 0.520064 81.5045
0.525066 0.0349962 0.850417 102.383 0.0230781 0.998238 -0.0553336 -5.76687 -0.850816 0.0486752 0.523333 81.8529
0.527726 0.0345327 0.848815 102.971 0.0220666 0.998323 -0.054341 -5.80749 -0.849218 0.0473991 0.526081 82.2106
0.530925 0.0334563 0.846834 103.545 0.0236995 0.99828 -0.0543036 -5.84339 -0.847156 0.0488961 0.529217 82.5361
0.533537 0.0353192 0.845142 104.096 0.023057 0.998193 -0.0562778 -5.87772 -0.845552 0.0495041 0.53176 82.8778
0.535583 0.0350874 0.84383 104.626 0.0264628 0.997986 -0.0582991 -5.90687 -0.844137 0.0535494 0.533574 83.211
0.537342 0.0342205 0.842772 105.162 0.0278537 0.997955 -0.0582873 -5.95413 -0.842994 0.0547857 0.535291 83.5862
0.539505 0.0318731 0.841457 105.682 0.0313391 0.997868 -0.0578965 -5.9893 -0.84147 0.0576009 0.537353 83.9319
0.543418 0.0307584 0.839002 106.197 0.032745 0.997835 -0.0577966 -6.02179 -0.838912 0.0588715 0.541236 84.2361
0.545511 0.0298421 0.837651 106.712 0.0339428 0.997797 -0.0576577 -6.06369 -0.837488 0.0598796 0.543294 84.6112
0.549154 0.0292716 0.835312 107.195 0.0339353 0.997823 -0.057283 -6.09727 -0.835121 0.0597943 0.546968 84.8925
0.552162 0.0284187 0.833335 107.694 0.0355458 0.997747 -0.0575835 -6.13615 -0.833052 0.0614113 0.549905 85.2302
0.556244 0.0297131 0.830594 108.189 0.0347315 0.997699 -0.0589573 -6.17345 -0.830384 0.0616326 0.553935 85.5621
0.560132 0.0294378 0.827964 108.683 0.0372067 0.997506 -0.0606422 -6.20588 -0.827641 0.0647676 0.557637 85.9072
0.564809 0.03285 0.824676 109.16 0.0343408 0.997449 -0.0632586 -6.25236 -0.824599 0.0640389 0.562243 86.2311
0.570309 0.0386464 0.820607 109.639 0.0306334 0.997237 -0.0682596 -6.29479 -0.820936 0.0640611 0.567546 86.5733
0.576356 0.0457275 0.816028 110.113 0.025887 0.996954 -0.0741567 -6.32924 -0.816883 0.0638551 0.573419 86.9203
0.58196 0.0519844 0.811642 110.572 0.0210391 0.996698 -0.0789271 -6.36608 -0.813023 0.0630029 0.578942 87.2697
0.58799 0.0560696 0.807035 111.04 0.0174012 0.996531 -0.0819204 -6.41465 -0.808777 0.0622021 0.584977 87.6333
0.593219 0.0567577 0.803128 111.518 0.0132475 0.996728 -0.0802296 -6.45661 -0.805011 0.0582274 0.590522 88.0092
0.598659 0.0564977 0.799124 111.995 0.00728917 0.997129 -0.0759644 -6.4949 -0.801069 0.0512925 0.596529 88.3859
0.604008 0.0551842 0.795158 112.474 0.000721122 0.997603 -0.0697869 -6.53652 -0.797059 0.0427197 0.602515 88.7781
0.609192 0.0542057 0.791284 112.959 -0.00589218 0.997989 -0.0638364 -6.5822 -0.793101 0.034218 0.608285 89.1875
0.615818 0.0528415 0.786208 113.448 -0.00902423 0.998198 -0.0600263 -6.62187 -0.787918 0.0298652 0.615179 89.5563
0.621727 0.0564014 0.781319 113.939 -0.0143212 0.998101 -0.0606617 -6.66329 -0.783205 0.0265177 0.621352 89.9722
0.627302 0.0603289 0.776532 114.437 -0.0180137 0.997894 -0.0629801 -6.70088 -0.778651 0.0255144 0.627061 90.4079
0.629854 0.0631545 0.774265 114.893 -0.0204515 0.997737 -0.0647533 -6.738 -0.776552 0.0249424 0.629718 90.8353
0.635973 0.0652477 0.769045 115.414 -0.0224027 0.997603 -0.0661182 -6.77381 -0.771469 0.0248162 0.635903 91.2825
0.642374 0.0663338 0.76364 115.937 -0.0258369 0.9976 -0.0649307 -6.8165 -0.766065 0.0219722 0.642543 91.7317
0.648478 0.0685871 0.758236 116.47 -0.0318108 0.997547 -0.0630339 -6.85844 -0.760653 0.0167517 0.649062 92.2186
0.655114 0.0666322 0.752715 116.993 -0.0335995 0.997731 -0.0590872 -6.91659 -0.754895 0.0134108 0.655864 92.664
0.662423 0.0646575 0.746436 117.545 -0.0343666 0.997886 -0.0559456 -6.96137 -0.748428 0.011403 0.663236 93.1668
0.669867 0.064379 0.739816 118.098 -0.0338937 0.99789 -0.0561561 -6.98738 -0.741822 0.0125347 0.670633 93.6745
0.677411 0.0666331 0.732684 118.655 -0.0388249 0.997784 -0.0548518 -7.03557 -0.734668 0.00870649 0.678487 94.2094
0.685978 0.0669874 0.724667 119.217 -0.0395875 0.997758 -0.0547663 -7.07278 -0.726661 0.00887374 0.687088 94.7176
0.692832 0.0676809 0.718024 119.776 -0.0417284 0.997724 -0.0537869 -7.10947 -0.719982 0.00729908 0.694069 95.2675
0.697404 0.0661438 0.713757 120.336 -0.0414785 0.997832 -0.0519494 -7.1514 -0.715596 0.00661724 0.698632 95.8375
0.701555 0.0646853 0.709782 120.916 -0.0400696 0.997921 -0.0513451 -7.18067 -0.71158 0.00757637 0.702678 96.4062
0.70607 0.0620482 0.705558 121.507 -0.036485 0.998064 -0.0512682 -7.20918 -0.707324 0.0104491 0.706959 96.9653
0.708978 0.0578488 0.702965 122.096 -0.0308537 0.998264 -0.0510383 -7.2444 -0.704649 0.0144912 0.709521 97.5789
0.712867 0.0504889 0.699621 122.694 -0.0231139 0.998602 -0.0485214 -7.29214 -0.701043 0.0184102 0.713029 98.1609
0.716778 0.043821 0.696035 123.299 -0.0172406 0.998877 -0.0451394 -7.33443 -0.697182 0.0203496 0.716717 98.7655
0.720015 0.0379464 0.693064 123.906 -0.0116462 0.999073 -0.0426088 -7.36984 -0.693987 0.0225985 0.71978 99.381
0.723033 0.0363568 0.689969 124.501 -0.0112978 0.999148 -0.040816 -7.4028 -0.690816 0.0217107 0.722816 100.011
0.725217 0.0373287 0.687653 125.091 -0.0118539 0.999107 -0.0417415 -7.44049 -0.688546 0.0221114 0.725002 100.66
0.727868 0.0417223 0.684562 125.686 -0.017342 0.998992 -0.0424535 -7.47673 -0.685595 0.0190235 0.727846 101.331
0.730154 0.0453501 0.681924 126.29 -0.0235936 0.998924 -0.0411763 -7.50959 -0.683004 0.0139678 0.730427 102.027
0.733198 0.0422216 0.678819 126.888 -0.0235281 0.999094 -0.0367359 -7.5398 -0.679705 0.0109581 0.733515 102.667
0.737414 0.0399595 0.674408 127.511 -0.0267995 0.999244 -0.0299101 -7.56779 -0.675041 0.00397478 0.737916 103.34
0.740233 0.0343681 0.67159 128.109 -0.0259223 0.999455 -0.0225819 -7.59163 -0.67195 -0.000698481 0.740707 104.014
0.744299 0.0300971 0.667322 128.725 -0.0235691 0.999597 -0.0188022 -7.61151 -0.667565 -0.00174141 0.744696 104.71
0.748275 0.0262276 0.66299 129.323 -0.0173887 0.999697 -0.0199296 -7.6292 -0.663262 0.00337887 0.74849 105.385
0.751747 0.0222274 0.659234 129.904 -0.00687104 0.999693 -0.0258781 -7.64578 -0.659554 0.0149148 0.751656 106.066
0.755501 0.0228735 0.654872 130.511 -0.000761439 0.999467 -0.0340391 -7.66421 -0.655251 0.0252119 0.755102 106.803
0.760112 0.022709 0.649554 131.12 0.00256746 0.999329 -0.0379485 -7.68574 -0.649927 0.0305026 0.759529 107.539
0.765418 0.0177673 0.643414 131.738 0.00565255 0.999442 -0.0343315 -7.71304 -0.643614 0.0299084 0.764875 108.272
0.768948 0.011901 0.639362 132.325 0.0105227 0.999508 -0.0312666 -7.74498 -0.639367 0.0307597 0.768429 109.059
0.772966 0.00849704 0.634521 132.889 0.0146728 0.999451 -0.0312667 -7.78016 -0.634389 0.0334713 0.7724 109.705
0.775081 0.00888741 0.631964 133.459 0.0171121 0.999292 -0.0350468 -7.83392 -0.631777 0.0379671 0.774364 110.521
0.779392 0.010176 0.626587 134.061 0.0167391 0.99922 -0.0370575 -7.85229 -0.626427 0.0393636 0.778596 111.224
0.782552 0.00726886 0.622707 134.671 0.0193878 0.999216 -0.0360346 -7.88042 -0.622428 0.0402607 0.781782 111.986
0.784364 0.00179462 0.620432 135.255 0.0227174 0.99929 -0.0316192 -7.91127 -0.62 0.0388881 0.783748 112.698
0.785491 -0.00243446 0.619035 135.857 0.0259459 0.999296 -0.028999 -7.9338 -0.618475 0.0388284 0.784985 113.462
0.786514 -0.00729291 0.617665 136.465 0.0299084 0.999254 -0.026295 -7.95089 -0.616965 0.0391469 0.786126 114.204
0.786784 -0.00849756 0.617337 137.064 0.0304334 0.999277 -0.0250379 -7.97044 -0.616624 0.0384754 0.786458 114.985
0.787034 -0.00759482 0.616999 137.661 0.0284116 0.999357 -0.0239493 -7.9958 -0.616373 0.0363712 0.786724 115.735
0.786867 -0.00542177 0.617266 138.253 0.0266019 0.999384 -0.0251389 -8.02022 -0.616696 0.0361899 0.78651 116.496
0.785738 -0.00146087 0.618693 138.831 0.0224802 0.999453 -0.0261989 -8.04196 -0.618268 0.0344864 0.785322 117.239
0.784347 0.00235809 0.620485 139.421 0.0186222 0.999507 -0.0273449 -8.07012 -0.620189 0.0329916 0.783901 117.982
0.783404 0.00510329 0.621629 140.033 0.014145 0.99961 -0.0260414 -8.10059 -0.621471 0.0291868 0.783007 118.752
0.781818 0.00734525 0.62363 140.635 0.0105752 0.999686 -0.0250382 -8.1335 -0.623562 0.0261597 0.781479 119.494
0.780393 0.00654448 0.625391 141.242 0.00969063 0.999747 -0.0225633 -8.15642 -0.625333 0.0236617 0.780114 120.222
0.778575 0.00562049 0.627693 141.847 0.00794173 0.999847 -0.0188093 -8.1822 -0.627647 0.0196191 0.778396 120.972
0.776849 0.00146054 0.629822 142.458 0.0122046 0.999823 -0.0173812 -8.19225 -0.629689 0.0211823 0.776674 121.677
0.774564 0.00545791 0.632639 143.051 0.0111674 0.999744 -0.0223037 -8.21521 -0.632541 0.0243297 0.774293 122.376
0.771961 0.0154172 0.635616 143.65 0.00530296 0.999561 -0.0306935 -8.23811 -0.635767 0.0270581 0.771521 123.108
0.768794 0.0211009 0.639315 144.262 0.00305627 0.99938 -0.0366665 -8.26593 -0.639633 0.0301323 0.76824 123.884
0.766564 0.0200507 0.64199 144.839 0.00100739 0.999521 -0.0324285 -8.292 -0.642287 0.0254984 0.766158 124.537
0.763348 0.0189545 0.645876 145.475 -0.00222288 0.9997 -0.0267168 -8.31808 -0.646127 0.0189483 0.763149 125.302
0.760073 0.0170719 0.649746 146.08 -0.00405524 0.999808 -0.0215346 -8.34754 -0.649943 0.0137264 0.759978 126.037
0.756769 0.0165422 0.653639 146.694 -0.0037276 0.999832 -0.0209936 -8.37631 -0.653814 0.0134408 0.756691 126.775
0.75512 0.0139319 0.655571 147.319 -0.00140424 0.999854 -0.0196399 -8.39965 -0.655703 0.0139032 0.755012 127.435
0.752643 0.0126808 0.658473 147.939 0.00243209 0.999813 -0.0220401 -8.41536 -0.658567 0.0181793 0.752459 128.127
0.749432 0.0110937 0.662119 148.556 0.00592667 0.999754 -0.0234677 -8.43997 -0.662172 0.0215045 0.749165 128.806
0.74624 0.0110059 0.665749 149.181 0.00874327 0.999674 -0.0263325 -8.46029 -0.66576 0.0254601 0.745889 129.485
0.74239 0.0120485 0.669988 149.803 0.00778793 0.999662 -0.0266152 -8.47298 -0.670038 0.0249696 0.74203 130.175
0.738247 0.013984 0.674547 150.431 0.00522769 0.999694 -0.0264519 -8.49266 -0.67465 0.0230434 0.737939 130.883
0.732976 0.0142681 0.680233 151.036 0.00535655 0.999675 -0.0267488 -8.50893 -0.680349 0.0232427 0.732646 131.546
0.727481 0.0170288 0.686074 151.662 0.00210924 0.999687 -0.0270553 -8.53626 -0.686261 0.0211186 0.727211 132.223
0.72154 0.02392 0.692086 152.302 -0.00212345 0.999523 -0.0323397 -8.5639 -0.692483 0.021858 0.721233 132.92
0.719111 0.0292863 0.694436 152.999 -0.00435821 0.999339 -0.0376382 -8.57209 -0.695014 0.0240291 0.718761 133.572
0.713659 0.0318156 0.699896 153.661 -0.0047489 0.999211 -0.0405872 -8.59518 -0.700591 0.025635 0.713235 134.243
0.707711 0.0273503 0.706128 154.323 -0.00618831 0.999509 -0.0325175 -8.61925 -0.706606 0.0186332 0.70753 134.898
0.70193 0.0244345 0.711952 155.002 -0.0124413 0.999727 -0.0220531 -8.6403 -0.712251 0.0066157 0.702031 135.571
0.694406 0.0202664 0.719452 155.66 -0.0123924 0.999848 -0.0162094 -8.65576 -0.719607 0.00233079 0.694551 136.237
0.68726 0.0223788 0.726189 156.343 -0.0181798 0.99979 -0.013613 -8.6651 -0.726296 -0.00385236 0.687512 136.915
0.679815 0.0233108 0.733164 157.029 -0.0169513 0.999783 -0.0160758 -8.67526 -0.733314 -0.0015086 0.680064 137.544
0.674423 0.0224374 0.738126 157.739 -0.0114211 0.999785 -0.0199632 -8.69171 -0.738367 0.00502702 0.674526 138.139
0.667807 0.030292 0.743869 158.474 -0.0109859 0.99952 -0.0308465 -8.71304 -0.74438 0.0124176 0.667821 138.805
0.66079 0.0317217 0.750023 159.221 -0.00767555 0.999392 -0.0355136 -8.71527 -0.750642 0.0177036 0.660624 139.463
0.654416 0.0275821 0.755781 159.947 -0.00518839 0.99953 -0.0319914 -8.74262 -0.756243 0.0170042 0.654255 140.073
0.64723 0.0218858 0.762101 160.669 -0.00167778 0.999678 -0.027291 -8.76904 -0.762403 0.016378 0.647052 140.673
0.640351 0.0210281 0.767942 161.388 -0.00160742 0.999715 -0.0260405 -8.79613 -0.768204 0.0154303 0.640208 141.284
0.633087 0.0218114 0.773892 162.085 -0.00324416 0.999723 -0.0255297 -8.83654 -0.774182 0.0136451 0.632977 141.881
0.626017 0.01965 0.779708 162.836 0.000875543 0.99972 -0.025904 -8.85395 -0.779931 0.0168885 0.625832 142.544
0.620466 0.0148215 0.784211 163.584 0.00480244 0.999785 -0.0227029 -8.86395 -0.784326 0.0178453 0.620256 143.151
0.615786 0.0117406 0.787972 164.302 0.00544729 0.999858 -0.0191605 -8.88933 -0.788016 0.0160802 0.615642 143.707
0.610885 0.0103027 0.791771 165.03 0.00395173 0.99992 -0.0160678 -8.91721 -0.791817 0.0129372 0.610791 144.304
0.606744 0.0122732 0.794948 165.797 0.00398055 0.999879 -0.0184812 -8.92393 -0.795008 0.0143666 0.606631 144.9
0.602965 0.0143516 0.797759 166.471 0.00571347 0.999791 -0.0223122 -8.93157 -0.797852 0.0180043 0.602757 145.408
0.599749 0.0201192 0.80008 167.18 0.00489219 0.999631 -0.0288105 -8.94624 -0.800296 0.021182 0.599437 145.953
0.59579 0.0224221 0.802947 167.914 0.00285594 0.999601 -0.0300402 -8.97406 -0.80324 0.0201839 0.595489 146.556
0.593135 0.0178147 0.80505 168.606 0.00310914 0.999756 -0.0244194 -8.99705 -0.805219 0.016976 0.592943 147.055
0.590686 0.00943394 0.806965 169.311 0.00696776 0.999892 -0.0167974 -9.01685 -0.806976 0.0155374 0.590557 147.586
