0.999998 4.1708e-05 0.0018271 0.0161868 -4.1576e-05 1 -4.07379e-05 -0.0846939 -0.00182716 4.06712e-05 0.999998 1.2098
0.999998 0.000494727 0.00211722 0.013451 -0.00049519 1 0.000230063 -0.00565423 -0.00211705 -0.000231166 0.999998 1.22081
0.999999 -0.000268425 0.00084451 0.00419456 0.000268247 1 0.000140939 -0.0241141 -0.000844619 -0.00014067 1 1.20514
1 -0.000152937 0.00112362 -4.82463e-05 0.000151763 1 0.00110374 -0.00313096 -0.00112374 -0.00110363 0.999999 1.19383
0.999999 -0.000110768 0.000449189 0.0105504 0.0001107 1 2.23335e-05 -0.0120989 -0.000449231 -2.21656e-05 1 1.19711
1 0.000615808 0.000695436 -0.00291643 -0.000615473 1 -0.000400444 -0.0225767 -0.000695607 0.000399891 1 1.20304
0.999997 -0.000469112 0.00158015 -0.00577323 0.000469946 1 -0.000564265 -0.0184497 -0.00157997 0.000565098 0.999998 1.20278
1 7.81047e-05 -0.000210691 -0.00661919 -7.77428e-05 0.999999 0.00152695 -0.03583 0.000210916 -0.00152703 1 1.20788
0.999998 6.69114e-05 -0.00110729 -0.00437884 -6.56737e-05 0.999999 0.00111987 -0.00972243 0.00110727 -0.00111967 0.999998 1.19743
0.999998 -0.000329754 -0.00247995 -0.00789113 0.000329946 1 5.94338e-05 -0.0123968 0.00248002 -6.03573e-05 0.999998 1.19767
0.999997 -0.000335631 -0.00201754 -0.00614081 0.000335546 1 -7.98705e-06 -0.00558504 0.00201743 7.47852e-06 0.999998 1.18788
1 -0.000309765 -0.00157115 -0.0146448 0.000310256 1 0.000258843 -0.0317273 0.00157117 -0.000259441 0.999999 1.19582
0.999998 0.000405496 -0.00120766 -0.00312632 -0.000403298 0.999998 0.00191273 -0.00500838 0.00120834 -0.00191229 0.999998 1.18731
1 -0.00129449 -0.000386245 0.027518 0.00129478 0.999999 0.000539127 -0.0245103 0.000385669 -0.000539624 1 1.22166
0.999999 0.000744901 0.000815375 -0.00991494 -0.000745881 0.999999 0.00108444 -0.0427012 -0.000814718 -0.00108504 0.999999 1.23267
1 0.000361217 -0.00167585 -0.00575509 -0.000360555 1 0.000371958 -0.014835 0.00167612 -0.000371368 0.999999 1.19811
0.999998 -0.00125037 1.9725e-05 -0.00110836 0.00125034 0.999999 -0.00115936 -0.0192287 -1.84635e-05 0.00115939 0.999999 1.21342
1 0.00106199 -0.00174161 0.00315856 -0.00106119 0.999999 0.000441292 -0.0109751 0.00174226 -0.000439476 0.999999 1.20179
0.999998 -0.000403204 -0.000992366 -0.00242127 0.000404421 1 0.00131055 -0.0101808 0.000991698 -0.00131092 0.999999 1.22323
1 -2.34701e-05 0.000112078 -0.00169575 2.35224e-05 0.999999 0.000299527 -0.0190818 -0.000111895 -0.00029962 1 1.20609
0.999997 -0.000721585 -0.00196203 -0.0150997 0.000719051 0.999999 -0.00124033 -0.0230774 0.00196276 0.00123898 0.999998 1.1754
1 0.000198054 -0.00070464 -0.0177712 -0.00019859 0.999999 -0.000866674 -0.0259361 0.000704652 0.000866725 0.999999 1.24834
0.999997 -0.000324704 -0.00203901 -0.0039445 0.000327684 0.999999 0.00148205 -0.00832121 0.00203846 -0.00148262 0.999997 1.22659
1 -0.000543326 -0.00175054 0.00247827 0.0005416 0.999999 -0.00100936 -0.0212332 0.00175109 0.00100826 0.999997 1.19152
0.999998 -0.000969415 -0.000755728 -0.00847424 0.000969193 1 -0.000304368 -0.0312601 0.000755985 0.000303874 1 1.25563
0.999999 0.000244519 -0.00199951 0.00282157 -0.000246463 0.999999 -0.00097054 -0.0173764 0.00199935 0.000970792 0.999996 1.1928
0.999999 0.000334703 -0.000419358 0.00111338 -0.000334703 1 -3.43092e-05 -0.00436672 0.000419259 3.47781e-05 1 1.2307
1 -4.30226e-05 -0.00142475 -0.00691766 4.36628e-05 1 0.000456823 -0.0170799 0.00142482 -0.000457252 0.999998 1.19367
0.999998 -0.000907655 -0.000441434 -0.010715 0.000907637 0.999999 -6.89527e-05 -0.00378931 0.00044136 6.8891e-05 1 1.19861
1 0.000898484 -0.000274123 -0.00126227 -0.00089825 1 0.000984822 -0.0147816 0.00027517 -0.000984913 0.999999 1.24467
0.999997 -0.000781378 -0.00200944 -0.00710704 0.000783097 0.999999 0.000851459 -0.00243285 0.00200861 -0.000852673 0.999998 1.22151
1 -0.000931291 0.000461777 -0.00761238 0.000930672 0.999999 0.00128724 -0.0191612 -0.000462733 -0.00128719 0.999999 1.20239
0.999998 0.000880822 -0.00171411 -0.016244 -0.000878028 0.999998 0.00162393 -0.0288625 0.00171528 -0.00162204 0.999998 1.20667
1 -0.000150645 -0.000813564 -0.0226049 0.00015121 1 0.00073034 -0.0216916 0.000813702 -0.000730844 0.999999 1.2244
1 0.000649447 0.000790613 -0.00829599 -0.000649655 0.999999 0.000288065 -0.0061684 -0.000790641 -0.000288149 1 1.19917
0.999996 0.00283817 -0.000995876 0.016508 -0.00283756 0.999997 0.000572619 0.0114577 0.000997702 -0.000570154 0.999998 1.17905
0.999996 0.00217793 0.00136315 -0.00825393 -0.00218064 0.999996 0.0019097 -0.0161858 -0.00135922 -0.00191229 0.999999 1.21128
1 0.000132908 0.000629274 0.0183887 -0.000134838 0.999994 0.00329548 -0.0201133 -0.000628559 -0.00329592 0.999994 1.20527
0.999999 0.000882152 0.00154134 -0.00876268 -0.0008868 0.999996 0.00293786 -0.0111935 -0.00153901 -0.00293887 0.999996 1.20518
0.999997 0.000431962 0.00237119 -0.00794227 -0.000438617 0.999995 0.00285118 -0.00931116 -0.0023697 -0.00285256 0.999991 1.21106
0.999999 -0.00109718 0.00083422 -0.00433257 0.00109588 1 0.00142465 -0.0141815 -0.000836033 -0.00142335 1 1.20506
0.999999 -0.000569422 0.00165914 -0.00467957 0.00057229 0.999998 -0.00164787 -0.0205893 -0.00165795 0.00164842 0.999996 1.21019
0.999997 0.00120687 0.00202093 -0.00642595 -0.00120636 1 -0.000337181 -0.0133421 -0.00202162 0.000335119 1 1.21192
1 -0.000189748 -0.000225503 -0.00440663 0.00018991 0.999999 0.000208599 -0.000869567 0.000225792 -0.000209009 0.999998 1.19882
0.999998 0.00120238 0.00121914 -0.0207408 -0.00120341 1 0.000747769 0.0135928 -0.00121854 -0.000748879 1 1.24463
0.999998 -0.000250337 -0.00222338 -0.0154353 0.000249657 0.999999 -0.000357356 -0.0195 0.00222381 0.000356465 0.999996 1.22755
0.999996 -0.00118183 -0.00243716 0.0110588 0.00118393 1 0.000935589 -0.00326568 0.00243572 -0.000938125 0.999998 1.20564
1 -0.00104518 -0.000173253 -0.00497913 0.00104549 0.999998 0.00117772 -0.0218495 0.000172397 -0.00117814 0.999998 1.20842
0.999996 -0.000451189 -0.00245468 -0.00941278 0.000451854 1 0.000341527 -0.00723086 0.00245424 -0.000342377 0.999998 1.2115
1 0.000964776 -0.000238077 -0.00894864 -0.000964639 0.999999 -0.00014709 -0.0224269 0.000238271 0.000147071 0.999998 1.20929
0.999997 0.00160828 -0.00145332 -0.0156322 -0.00160714 0.999999 0.000896175 -0.0234712 0.00145443 -0.000893581 1 1.21719
1 -0.000701019 -0.000316026 -0.00766737 0.000701217 0.999999 0.000226377 -0.0099604 0.000316154 -0.000226834 0.999999 1.2028
1 -0.000167588 0.000321192 -0.000831407 0.000167414 1 0.000329943 -0.0308946 -0.000321548 -0.000329643 1 1.2047
1 0.000456502 -0.00150766 -0.00866188 -0.000454466 0.999998 0.00131019 0.000492364 0.00150858 -0.00130976 0.999997 1.20814
1 -0.000481782 0.000209544 -0.00713287 0.000481287 0.999998 0.00208938 -0.00274865 -0.000210898 -0.00208902 0.999999 1.18423
1 0.000484893 -0.00117506 -0.00601128 -0.000485121 1 -0.00021989 -0.0095569 0.0011753 0.000220175 0.999998 1.20538
0.999999 -3.78262e-05 0.00110399 -0.0200384 3.87432e-05 1 -0.000852744 -0.0169742 -0.00110432 0.000853104 1 1.21273
0.999998 0.0018241 0.00100453 -0.0170885 -0.00182574 0.999997 0.00171546 0.0129419 -0.00100099 -0.00171764 0.999997 1.18423
0.999999 0.000358095 -0.00147455 -0.000317407 -0.000358556 1 -0.000221125 -0.00900463 0.00147406 0.000221977 1 1.19813
0.999992 0.00276391 0.00247836 -0.0157759 -0.0027673 0.999995 0.00144301 -0.0270015 -0.00247394 -0.00145014 0.999994 1.2104
1 0.000159097 -9.40336e-05 -0.00610891 -0.000159216 1 0.000572293 -0.0125047 9.36972e-05 -0.00057207 1 1.18518
0.999998 0.000755296 0.00180682 0.00832639 -0.00075784 0.999999 0.00153596 -0.00206329 -0.00180528 -0.00153753 0.999996 1.20275
0.999991 -0.00151364 0.00417098 0.00182323 0.00151217 0.999999 0.000288304 -0.00225029 -0.00417181 -0.000281844 0.999994 1.16474
0.999998 0.00048996 0.00147867 -0.00600251 -0.000486718 0.999997 -0.00202214 -0.0427664 -0.00147922 0.00202122 0.999995 1.1747
0.999993 -0.000143991 0.00398077 0.000954267 0.000146208 1 -0.000606741 -0.00603133 -0.00398112 0.000607453 0.999995 1.17864
0.999998 -0.00128771 0.00164325 -0.00528718 0.00128243 0.999994 0.00326821 -0.0153294 -0.00164704 -0.00326626 0.999991 1.17973
0.999992 -0.00138156 0.00376846 -0.000378476 0.0013745 0.999997 0.00185196 -0.0346962 -0.00377147 -0.00184658 0.999994 1.16083
0.999984 0.00167914 0.00564382 -0.00600731 -0.00167631 0.999999 -0.000487036 0.00368618 -0.00564411 0.000477374 0.999982 1.15623
0.999989 -0.00260347 0.00360688 0.0104169 0.00260267 0.999996 0.000204272 0.0180393 -0.00360798 -0.000194633 0.999995 1.15684
0.999991 0.000286989 0.00452716 0.00144341 -0.000269625 0.999994 -0.0038305 -0.0297988 -0.00452774 0.00382896 0.999981 1.15499
0.999995 -0.00195811 0.0017397 0.0253904 0.00195731 0.999997 0.000437282 -0.000281133 -0.00174103 -0.000433601 0.999999 1.16769
0.999995 -0.00129876 0.00345787 0.00977024 0.00129143 0.999997 0.00211241 -0.000713332 -0.00346018 -0.00210824 0.999991 1.16988
0.999945 -0.00822496 0.00658657 0.0125223 0.0081478 0.9999 0.0116581 0.134464 -0.00668202 -0.0116036 0.999913 1.16129
0.999973 -0.00494367 0.00525076 -0.0303493 0.00495066 0.999986 -0.00132387 0.0943575 -0.0052439 0.00134961 0.999982 1.01434
0.999991 -0.000960912 0.00443469 -0.00300102 0.000964711 1 -0.000835622 0.00942788 -0.0044341 0.000840069 0.999993 1.15485
0.999995 -0.00157104 0.00232849 -0.000717346 0.00156891 0.999999 0.000905352 0.00280992 -0.00232963 -0.000901906 0.999995 1.13586
0.999996 -0.00056713 0.0030635 -0.00259271 0.00056128 0.999998 0.00190118 -0.0129354 -0.00306479 -0.00189924 0.999997 1.15361
0.999989 -0.000833435 0.00425609 -0.00718044 0.000824725 0.999997 0.00206209 -0.0192029 -0.00425757 -0.00205879 0.999986 1.16852
0.999999 -0.000667972 0.00204513 -0.00321383 0.000664397 0.999999 0.00173497 -0.0193011 -0.00204645 -0.00173339 1 1.15289
0.999987 -0.00295002 0.00406719 -0.0056951 0.00294366 0.999994 0.00157277 0.0139923 -0.00407152 -0.00156097 0.999987 1.15414
1 0.000403741 0.000619667 -0.0054133 -0.000403661 1 -0.000190381 0.0123144 -0.000620025 0.000190369 1 1.19202
0.999995 -0.00199661 0.00178448 -0.00241233 0.00200121 0.999994 -0.00249219 -0.0217522 -0.0017792 0.00249556 0.999992 1.15231
0.999995 -4.97938e-05 0.00339972 0.0180816 6.37136e-05 0.999992 -0.00415103 -0.0455563 -0.00339978 0.00415145 0.999989 1.18753
0.999998 0.00131075 -7.51348e-05 -0.0104612 -0.00131052 0.999999 -0.000147461 -0.0374398 7.5217e-05 0.000147295 0.999997 1.1952
1 -0.000135307 0.00177377 0.00779528 0.000133717 1 0.00079727 -0.0168716 -0.00177404 -0.000796807 1 1.16423
0.999996 9.68987e-05 -0.00242512 -0.0184733 -9.42292e-05 0.999999 0.00105026 -0.00484178 0.00242535 -0.00105025 0.999992 1.18002
1 -0.000405124 -0.00190314 -0.00727249 0.000408093 0.999999 0.00162999 -0.0246151 0.0019024 -0.00163054 1 1.18103
0.999998 0.000500309 -0.00097739 0.000280803 -0.000500225 0.999999 -4.11508e-05 -0.0175432 0.00097743 4.13893e-05 0.999995 1.19764
0.999993 -0.00137376 -0.00381154 -0.0231106 0.00137586 0.999999 0.000565782 -0.0176431 0.00381074 -0.000570858 0.999998 1.21438
0.999996 -8.76411e-07 -0.00258327 -0.00139197 1.23271e-06 0.999999 0.000102844 -0.0268587 0.00258331 -0.00010303 0.999992 1.20115
0.999986 0.000125019 -0.00534786 -0.0230492 -0.000119909 1 0.000965071 -0.0186094 0.00534794 -0.000964256 0.99999 1.21346
0.999992 -0.000102824 -0.00388311 -0.00719237 0.000104897 0.999999 0.000528251 -0.0171654 0.00388315 -0.000528841 0.999988 1.21081
0.999995 0.000712208 -0.00331175 0.00219857 -0.000708489 1 0.00113398 -0.00435754 0.00331249 -0.00113143 0.999998 1.21007
0.999982 -0.000763949 -0.0058981 -0.0277577 0.000769734 0.999997 0.000976554 -0.0125889 0.00589746 -0.000981267 0.999977 1.21854
0.999992 0.00078488 -0.00396188 -0.00297041 -0.000780263 1 0.00117485 0.00631316 0.00396272 -0.00117155 0.999996 1.22114
0.999976 -0.000386981 -0.00690329 -0.0254505 0.000388676 0.999998 0.000237587 -0.0170932 0.00690328 -0.000240392 0.999971 1.22958
0.999982 0.000113122 -0.00610913 -0.0345415 -0.000111689 1 0.000249985 -0.010485 0.00610913 -0.000249207 0.999986 1.24875
0.999991 -6.55086e-05 -0.00409978 -0.0144231 6.5404e-05 0.999998 -4.11517e-05 -0.0520109 0.00409982 4.09664e-05 0.999987 1.20636
0.999987 0.0002539 -0.00525705 -0.0100859 -0.000254069 1 -4.33877e-05 -0.0105266 0.00525706 4.46462e-05 0.999991 1.23712
0.999995 0.0015585 -0.00286895 -0.0119873 -0.0015596 0.999997 -0.000361847 -0.0266435 0.00286846 0.000366404 0.999991 1.2179
0.999995 0.00145756 -0.0029781 -0.0154176 -0.00145828 1 -0.000274081 -0.0130399 0.00297768 0.000278307 1 1.23494
0.999999 1.43105e-05 -0.00175278 -0.0139541 -1.60092e-05 0.999998 -0.000917921 -0.0191998 0.00175268 0.00091806 0.999993 1.25644
0.999998 0.00205262 -0.000587768 -0.0143747 -0.00205281 1 -0.000573865 -0.00971869 0.000586694 0.000574864 1.00001 1.22443
0.999998 0.00119133 -0.00170429 -0.0103886 -0.00119083 0.999997 0.000389852 -0.0157597 0.0017047 -0.000387709 0.999993 1.25217
1 -3.55535e-05 0.000159395 -0.00508408 3.54683e-05 1 0.00126914 -0.0210662 -0.000159182 -0.00126925 1 1.23634
0.999997 0.00173744 -0.00166098 -0.0116636 -0.00173613 0.999997 0.000851655 -0.0114972 0.00166212 -0.000848549 0.999993 1.26189
1 0.000854582 -0.00061816 -0.0134898 -0.000853225 0.999999 0.00204538 -0.00225922 0.000620289 -0.00204507 1 1.25715
1 -0.000128789 0.000357461 -0.00925995 0.00012843 0.999999 0.000711916 -0.013298 -0.000357833 -0.000711582 0.999996 1.23781
0.999998 -5.99157e-05 -0.00195049 -0.0268227 5.81469e-05 1 -0.000925335 -0.0446812 0.00195088 0.000924953 1 1.30114
0.999998 -0.00203338 -0.000129415 -0.00662918 0.00203349 0.999997 0.000930791 -0.0016107 0.000127302 -0.000930638 0.999997 1.23822
0.999999 0.000183489 -0.00106382 -0.00055832 -0.000182832 1 0.000651843 -0.00163444 0.00106435 -0.000651727 1 1.28073
0.999998 -0.00193485 -0.000357778 0.00524928 0.00193554 0.999996 0.0018623 -0.0108545 0.000353736 -0.00186299 0.999996 1.23719
1 -0.000403195 0.000649044 -0.00488825 0.00040296 1 0.000426906 -0.0023664 -0.000648826 -0.000426411 1 1.25224
0.999996 -0.00267654 -0.00091569 0.0040974 0.00267587 0.999996 -0.000681944 -0.0300654 0.000917107 0.000679353 0.999997 1.28759
0.999997 -0.00210297 0.000424399 -0.000190149 0.00210312 0.999998 -0.00032638 -0.00923313 -0.000423287 0.000327491 1 1.27326
1 -0.000980273 -0.000247462 0.00470028 0.000980424 0.999999 0.000428866 -0.0111739 0.000246584 -0.000429367 0.999998 1.28959
1 -0.000545463 -0.000303234 -0.00822292 0.000545503 1 0.000235354 -0.013893 0.000303595 -0.000235243 1 1.28964
0.999999 0.000743661 0.00173278 -0.00795972 -0.000747503 0.999997 0.00227421 -0.0133825 -0.0017316 -0.00227583 0.999994 1.27913
0.999997 0.00219576 -0.000537549 -0.0125711 -0.00219594 0.999998 -0.000104038 -0.00348221 0.000537833 0.000105536 1 1.28116
1 0.000901857 0.000183976 -0.00174382 -0.00090168 0.999999 -0.00022346 -0.017341 -0.000184679 0.000223027 0.999999 1.26738
0.999997 0.000762954 0.00173289 -0.00998733 -0.000761279 1 -0.00101514 -0.00754681 -0.00173317 0.00101398 0.999999 1.27412
1 0.00015202 -0.000756109 -0.00046476 -0.000152216 0.999999 -0.000399016 -0.0012042 0.000755591 0.000398794 0.999999 1.27228
0.999994 -0.000360007 0.00335643 -0.00608232 0.000369326 0.999997 -0.00281047 -0.0287118 -0.00335499 0.0028121 0.999991 1.27917
1 -0.000584604 -0.000833163 -0.00011677 0.000582975 0.999998 -0.00203204 -0.0228714 0.000834015 0.00203119 0.999997 1.25243
0.999999 -0.000361555 0.000280162 -0.00426645 0.000361761 0.999999 -0.00117198 -0.0215278 -0.000279357 0.00117261 1 1.26681
1 -0.000372267 0.00100197 -0.0024086 0.000371334 0.999999 0.00100689 -0.0296651 -0.00100268 -0.00100698 0.999998 1.28795
0.999996 0.00118812 -0.00205928 -0.0175117 -0.00118803 1 6.14113e-05 -0.00374439 0.00205968 -5.85299e-05 0.999999 1.27846
1 0.000189779 0.00129614 -0.000616542 -0.000191548 0.999999 0.00141808 -0.0265945 -0.00129621 -0.00141875 0.999998 1.27183
0.999999 0.000704515 -0.00129218 -0.00984825 -0.000703688 1 0.000674182 -0.0132965 0.00129301 -0.000672963 1 1.26546
0.999999 0.00141581 6.17162e-05 -0.0208707 -0.00141577 0.999999 0.000331081 -0.0219675 -6.15714e-05 -0.000331376 0.999999 1.25548
1 -0.000167371 0.000646034 -0.00582327 0.000167059 1 0.000261792 -0.0123402 -0.000645794 -0.000261523 1 1.2635
0.999998 -4.15721e-05 -0.00205711 -0.0160222 4.47001e-05 0.999999 0.0014826 -0.0248888 0.00205674 -0.00148289 0.999998 1.28736
1 -0.000523317 0.000585786 -0.0106779 0.000522543 0.999999 0.00114486 -0.0338775 -0.000586102 -0.00114435 0.999999 1.2975
0.999998 0.00143001 -0.00159062 -0.0262767 -0.0014298 0.999999 7.01972e-05 0.0264905 0.00159044 -6.80452e-05 0.999999 1.29905
0.999999 -0.00022847 -0.000372018 0.0166627 0.000227809 0.999999 -0.00151297 -0.0407088 0.000372552 0.00151301 0.999999 1.25189
1 -0.000199279 0.000216492 -0.00483706 0.000199296 1 0.000130426 -0.0116965 -0.000216601 -0.000130431 1 1.27232
0.999996 -0.00150378 -0.00228938 0.018967 0.0015049 0.999999 0.000478769 -0.0369646 0.00228873 -0.000482144 0.999997 1.26687
1 7.32647e-05 0.00026485 -0.00869356 -7.32426e-05 1 -0.000266231 -0.0144062 -0.000264854 0.000266185 1 1.26536
0.999998 -1.53537e-05 -0.00179074 -0.0079649 1.64898e-05 1 0.000588452 -0.00503216 0.00179073 -0.000588439 0.999997 1.26974
1 0.000347318 -0.000752546 -0.00706576 -0.000346327 1 0.00141073 -0.0150643 0.000753041 -0.00141053 1 1.2633
1 0.000127448 0.000212021 -0.0103278 -0.000127522 0.999999 0.000513389 -0.0137779 -0.000211897 -0.000513342 0.999999 1.26706
0.999999 -0.000452467 -0.00116418 -0.0102829 0.000453674 1 0.00107341 0.000648568 0.00116363 -0.00107398 1 1.27019
1 0.000161213 0.000424707 -0.0100232 -0.000161366 1 0.000494384 -0.0085766 -0.00042446 -0.000494442 0.999999 1.26159
0.999994 0.00232338 -0.00251375 -0.0135354 -0.00232048 0.999997 0.00117477 0.0221527 0.00251627 -0.0011689 0.999998 1.29433
0.999999 0.000600479 -0.000915175 -0.0011204 -0.000600713 1 -0.000246461 0.00187843 0.000915195 0.000246993 0.999998 1.28038
1 0.000561832 0.000150601 -0.0102068 -0.0005619 1 0.000828862 -0.0195274 -0.000150234 -0.00082899 1 1.26806
0.999998 -0.000528967 -0.00221199 0.0243425 0.000527958 0.999999 -0.000409374 -0.0250673 0.00221231 0.000408348 0.999995 1.27628
0.999999 -0.00113269 0.000622057 0.0128407 0.00113345 0.999999 -0.00103142 -0.018464 -0.000620987 0.00103194 1 1.29095
0.999997 -0.00220387 -0.00167237 -0.00469552 0.00220323 0.999998 -0.000273287 -0.0225074 0.00167296 0.000269599 0.999997 1.25815
0.999999 -0.000267396 -0.000537354 -0.00601741 0.000269329 0.999995 0.00336621 -0.00697559 0.000536432 -0.00336635 0.999997 1.26547
1 -0.00147203 0.000892244 0.009513 0.00146854 0.999992 0.00371361 -0.0202017 -0.000897731 -0.00371234 0.99999 1.28285
0.999999 0.000253401 -0.000398348 -0.0112189 -0.000253024 1 0.00060573 -0.0423161 0.000398562 -0.000605607 1 1.24963
1 0.00143723 0.00101181 -0.00247279 -0.00143558 0.999997 -0.00174784 -0.0033056 -0.00101435 0.00174641 0.999995 1.2666
0.999999 -0.000278459 -0.00065486 -0.000697698 0.000277758 0.999999 -0.00125965 -0.0352598 0.000655223 0.00125942 1 1.23228
1 -2.26526e-05 -2.01035e-05 -0.0142172 2.26067e-05 1 0.000432963 -0.0135268 2.00506e-05 -0.000432788 0.999997 1.25561
0.999998 -0.00028471 0.00117134 0.00155019 0.000282102 0.999997 0.00225806 0.000953657 -0.00117195 -0.00225786 1 1.25262
1 -0.000124613 -0.000755549 -0.0086615 0.000125399 1 0.00116285 -0.00416786 0.000755153 -0.00116278 0.999996 1.23164
0.999996 -0.000751083 0.00242125 -0.00245588 0.00074825 0.999999 0.00120093 -0.0114849 -0.0024219 -0.00119931 1 1.28003
1 0.000602054 0.00108694 0.00362143 -0.000601402 1 -0.000692613 -0.0457262 -0.00108757 0.000692222 0.999996 1.20662
0.999995 -0.0018033 0.00187078 0.0167602 0.00180325 0.999998 8.43894e-05 -0.0464724 -0.00187069 -8.12761e-05 1 1.28133
0.999999 0.00051041 0.00235761 0.0107021 -0.00050737 1 -0.00138092 0.000755181 -0.00235856 0.00137997 0.999994 1.2421
0.999999 -0.000522326 0.000913205 -0.00640408 0.000522412 0.999999 0.000119155 -0.0174218 -0.000912999 -0.000118889 1 1.20511
0.999997 0.00099712 0.00264582 -0.0153424 -0.00100013 1 0.00106119 -0.0200753 -0.00264504 -0.00106365 0.999994 1.24861
1 -0.000425447 0.000602465 -0.00583813 0.000424497 0.999997 0.00199866 -0.0190146 -0.000602969 -0.00199868 1 1.20846
1 0.000647957 0.00122527 -0.00234457 -0.000649111 1 0.000808667 -0.0131624 -0.00122489 -0.000809326 0.999998 1.20942
0.999998 -9.97658e-05 0.00164153 -0.00601791 0.000100165 0.999998 -0.000138331 -0.021792 -0.00164142 0.000138322 1 1.2238
1 -0.000326713 -0.000195507 -0.0212198 0.000326918 1 0.00188454 -1.30036e-05 0.000194855 -0.00188439 0.999997 1.1948
0.999998 -0.000585588 0.00167559 -0.00757792 0.000584571 0.999998 0.00070628 -0.026533 -0.00167591 -0.000705605 0.999999 1.21268
1 0.000385773 -4.23286e-06 -0.00567672 -0.000385932 1 0.000397163 -0.0102114 4.3485e-06 -0.000396827 0.999999 1.17148
0.999998 0.00156743 0.000725066 -0.035327 -0.00156742 0.999998 0.000134573 0.0125328 -0.000724815 -0.000135957 1 1.18337
0.999999 -0.00133134 0.00147918 0.00111596 0.00133118 1 5.71499e-05 -0.0189847 -0.00147931 -5.49143e-05 0.999998 1.16226
0.999998 -0.000263873 -0.000801615 0.00783023 0.000264758 0.999998 0.000975831 -0.0516671 0.000801402 -0.000976303 1 1.16141
1 -0.000305364 0.000776267 0.000597113 0.000304103 1 0.00146001 -0.026553 -0.000776613 -0.00145951 0.999997 1.13111
0.999997 0.000559054 -0.00155738 0.00236461 -0.000561012 0.999998 -0.00132112 0.00455596 0.00155654 0.00132174 0.999999 1.10613
1 -8.08275e-05 -0.00023272 -0.00730373 8.07027e-05 1 -0.000205897 -0.017762 0.000232932 0.000206116 0.999999 1.10074
0.999998 -0.000768917 0.00104507 0.022219 0.000770309 0.999998 -0.00124811 -0.00842766 -0.00104432 0.00124865 1 1.09491
0.999999 -0.000120867 -0.00204231 -0.00771121 0.000121173 1 0.0001802 -0.0208168 0.00204248 -0.000180158 0.999997 1.07363
0.999998 -0.00120652 -0.000798336 0.0217815 0.00120642 0.999998 -0.000188974 -0.0215648 0.000798373 0.000187693 1 1.06693
0.999996 -0.000563492 -0.00305616 -0.00456519 0.000566171 1 0.000888488 -0.0216801 0.00305583 -0.000889896 0.999994 1.06093
0.999996 -0.000664567 -0.0024059 0.00943609 0.000668227 0.999998 0.00152904 -0.0378578 0.00240469 -0.00153092 0.999997 1.04581
1 0.000211105 -0.00174425 -0.0088983 -0.000207713 0.999998 0.00193611 -0.013662 0.00174482 -0.00193549 0.999995 1.02571
0.99999 0.000850843 -0.00392628 -0.0230585 -0.000849284 0.999999 0.000410168 -0.000717161 0.00392651 -0.000407025 0.999994 0.996507
1 0.000597192 -0.00194828 -0.00764281 -0.000597092 1 3.88781e-05 -0.0134986 0.00194829 -3.76008e-05 0.999997 0.98364
0.999987 0.000423678 -0.00475605 -0.049885 -0.000425254 1 -0.000299667 0.00809458 0.00475606 0.000301567 0.99999 0.961892
0.999994 0.000437645 -0.00378657 -0.011552 -0.000433626 1 0.000995155 -0.00582575 0.00378687 -0.000993416 0.999992 0.942286
0.999997 -9.10455e-05 -0.00229648 -0.00750025 9.07685e-05 0.999999 -1.75053e-05 -0.00591205 0.00229656 1.72631e-05 0.999999 0.917906
0.999991 -0.000585097 -0.00448134 -0.00661166 0.000584219 1 -0.000252 -0.0173966 0.0044814 0.000249449 0.999989 0.898568
0.999999 0.000127891 -0.00141959 -0.00673121 -0.000128526 0.999999 -0.000265691 -0.014269 0.00141968 0.000265795 1 0.886041
0.999991 0.000862342 -0.00434563 -0.00469999 -0.000862353 1 -5.64766e-05 -0.0139145 0.00434544 6.02877e-05 0.99999 0.858495
0.999994 0.00077778 -0.00336415 -0.00547814 -0.000778886 0.999999 -0.00024396 -0.0114083 0.00336409 0.000246525 0.999995 0.837337
0.999998 0.00177204 -0.00123922 -0.0158696 -0.00177108 0.999999 0.000582711 -0.0183995 0.0012402 -0.000580488 0.999998 0.812151
0.999999 0.000560278 -0.00168843 -0.00308804 -0.000559776 1 0.000450474 -0.0137163 0.00168876 -0.000449547 1 0.795827
0.999999 -0.000258593 0.00035101 0.00488172 0.000258669 1 0.000490093 -0.0113822 -0.000351207 -0.000490016 0.999998 0.781944
1 0.000312911 -0.000547796 -0.00196521 -0.00031262 0.999999 0.00104393 -0.0101173 0.000548197 -0.00104376 1 0.758935
0.999999 0.000355284 0.000205078 0.00357254 -0.000355036 1 0.00023281 -0.0170185 -0.000205052 -0.000232874 0.999998 0.753699
1 0.000312784 0.000308788 0.007322 -0.000312613 0.999999 -0.00150145 -0.0160986 -0.000309206 0.00150132 1 0.753281
0.999999 7.48547e-05 -0.000267444 -0.00696753 -7.48444e-05 0.999999 -0.00105663 -0.0219906 0.000267295 0.00105669 0.999997 0.745165
1 0.000141606 0.00110492 -0.00786529 -0.000140375 1 -0.00137404 -0.0153208 -0.001105 0.00137383 1 0.736525
0.999999 0.00042504 0.00057757 0.00132583 -0.000424716 0.999999 -2.95812e-05 -0.00574533 -0.000577682 2.93764e-05 0.999998 0.730461
1 -0.000234316 0.00145893 -0.013941 0.000233997 1 7.82769e-06 -0.0114777 -0.00145886 -7.47627e-06 1 0.723906
0.999997 -8.18823e-05 0.00236881 0.00261394 8.05462e-05 1 0.000647211 0.00128983 -0.00236899 -0.000647125 0.999996 0.720739
0.999999 0.000546453 0.00137957 0.00338931 -0.000547764 0.999999 0.000806832 0.00355698 -0.00137899 -0.000807465 1 0.725908
0.999997 0.000219415 0.00218877 0.00150057 -0.000218942 1 -0.000126612 -0.00354113 -0.00218902 0.000125965 0.999997 0.707136
0.999998 -0.000160326 0.00202353 0.0220942 0.000161765 0.999999 -0.000798072 -0.0486724 -0.0020231 0.000798544 0.999999 0.698691
0.999996 5.77358e-05 0.00284087 0.00607284 -5.77933e-05 1 8.07343e-05 0.0119257 -0.00284116 -8.10813e-05 0.999996 0.709802
0.999994 -0.000224452 0.00366214 0.00399044 0.000221715 1 0.000680682 -0.00540465 -0.00366199 -0.000679767 0.999995 0.701475
0.999997 -0.000241369 0.00203681 -0.00287372 0.000240988 0.999999 0.000279684 -0.0192414 -0.00203717 -0.000279311 0.999996 0.703766
0.999997 -0.000159672 0.00275443 0.000878494 0.000161632 1 -0.000789545 -0.00232915 -0.00275396 0.000790099 0.999998 0.703677
0.999997 0.000249755 0.00187854 -0.0138809 -0.00025228 0.999998 0.0014607 -0.00566959 -0.00187854 -0.00146127 0.999995 0.691547
0.999997 0.000245748 0.00284609 -0.0059801 -0.000245451 1 -0.000185908 -0.00874719 -0.00284575 0.000185299 0.999998 0.695024
0.999994 0.000231815 0.003327 -0.00461208 -0.000233209 0.999999 0.00046391 -0.0123012 -0.00332729 -0.000464787 0.999993 0.715241
0.999998 -0.000134939 0.00265391 -0.00911854 0.000132852 1 0.000734156 -0.00333183 -0.00265355 -0.000733705 0.999999 0.696931
0.999995 0.000500831 0.00259409 -0.0112814 -0.00050034 0.999999 -0.000152371 -0.00197692 -0.00259461 0.000150989 0.999994 0.72329
0.999999 -4.81296e-05 0.00204827 -0.00221977 4.73114e-05 1 0.000359635 -0.00951627 -0.0020479 -0.000359477 1 0.703503
0.999995 -0.000270862 0.00292084 -0.00225874 0.000274923 0.999998 -0.0013752 -0.010618 -0.00292084 0.0013759 0.999992 0.721636
1 0.000862666 0.00127773 0.0030828 -0.000860354 0.999999 -0.00184621 0.00829651 -0.00127892 0.00184519 1 0.714493
0.999999 -0.00028652 0.00122384 0.000565385 0.000285968 0.999998 0.000453707 -0.00413986 -0.00122435 -0.000453404 0.999998 0.710997
1 0.000282082 0.000351119 -0.0015606 -0.000282348 1 0.000705111 -0.00465593 -0.000350613 -0.000705238 1 0.741452
0.999999 -0.000801504 -0.000651051 0.00548874 0.000802266 0.999998 0.00109707 0.00284826 0.000649852 -0.00109759 0.999997 0.735111
1 0.000634845 0.000913626 0.00219973 -0.000635561 1 0.000691924 0.00114385 -0.000912863 -0.00069255 1 0.747128
0.999999 0.000489385 -0.000405466 -0.00436798 -0.000489602 0.999999 -0.000738919 0.00632146 0.000404783 0.00073918 0.999997 0.744141
0.999999 -0.00147242 -0.00111716 -0.0276843 0.00147107 0.999999 -0.00111251 0.00633494 0.00111913 0.00111078 1 0.788881
0.999998 -0.00207599 0.00121551 0.000672796 0.00207561 0.999997 0.000468059 0.00784152 -0.00121689 -0.000465322 0.999998 0.74846
0.999994 -0.00316472 0.000823786 -0.025366 0.00316583 0.999995 -0.00166681 0.00855809 -0.000818127 0.00166914 0.999999 0.728531
0.999999 0.00146536 0.00127169 -0.00113835 -0.00146784 0.999996 0.00210885 -0.0131411 -0.00126906 -0.00211036 0.999997 0.774374
0.999986 0.00501573 -0.000295527 0.0162941 -0.0050142 0.999974 0.00555367 -0.00472791 0.000323848 -0.00555246 0.999985 0.791813
1 -0.000232721 0.00102774 0.00307223 0.000228903 0.99999 0.00390679 -0.0295183 -0.0010291 -0.00390616 0.999992 0.787209
0.999991 -0.00309415 0.00234123 0.0176499 0.00309963 0.999994 -0.00243862 0.00325216 -0.00233321 0.00244547 0.999995 0.823881
0.999995 0.00222519 0.00293961 0.00733083 -0.0022102 0.999983 -0.00501341 -0.0139188 -0.00295114 0.00500724 0.999982 0.821175
0.999983 0.00465416 0.00311203 0.000320168 -0.00464819 0.999989 -0.00200225 -0.0340847 -0.00312091 0.0019874 0.999994 0.850511
0.999997 0.000417793 0.00284987 -0.00208079 -0.000421571 0.999997 0.00140697 0.00273748 -0.00284973 -0.00140781 0.999995 0.814556
0.999996 -0.000153026 0.00187842 0.00988243 0.00014513 0.999993 0.00407577 -0.028822 -0.00187858 -0.00407589 0.99999 0.87555
0.99999 -0.00294154 0.00394694 0.0032249 0.00292796 0.999988 0.00350776 -0.00249966 -0.00395768 -0.00349571 0.999986 0.832795
0.999987 -0.00460667 0.00102322 0.00584062 0.0046036 0.999987 0.00272751 0.0219833 -0.00103532 -0.00272321 0.999996 0.871592
0.999996 -0.000300065 0.003927 0.00143421 0.000294766 0.999998 0.00139791 -0.00944784 -0.00392781 -0.00139625 0.999993 0.834112
0.999994 0.0017463 0.00201207 -0.00499738 -0.00174518 1 -0.00063429 -0.00314142 -0.0020128 0.000630398 0.999998 0.842622
1 -6.02595e-05 0.00261042 -0.00382249 6.18307e-05 0.999998 -0.000523853 -0.00450653 -0.00261076 0.000524252 0.999998 0.838816
0.99999 0.000842167 0.0035228 -0.0027144 -0.000845435 1 0.00089586 -0.0159258 -0.00352174 -0.000899087 0.999993 0.835732
1 0.000263949 0.00151143 -0.00364955 -0.000267075 0.999997 0.0021404 -0.00704184 -0.00151118 -0.00214053 0.999997 0.870563
0.999988 0.000816169 0.00419607 -0.00619578 -0.000825595 0.999997 0.00220165 -0.0126797 -0.00419403 -0.0022055 0.999989 0.838317
1 5.91188e-05 0.00220793 -0.0036151 -6.0808e-05 1 0.00086984 -0.00427055 -0.00220811 -0.000869522 0.999998 0.836706
0.999992 -0.000221014 0.0027421 -0.00296237 0.000220345 1 0.000151702 -0.00246376 -0.00274188 -0.000151534 0.999995 0.837727
1 -0.00222999 0.0012497 -0.0036371 0.00223094 0.999998 -0.000571152 -0.00854654 -0.00124868 0.000574384 1 0.896346
0.999993 -0.00211898 0.00123144 0.0104304 0.00211701 0.999997 0.00138961 -0.0107707 -0.00123423 -0.0013874 0.999999 0.846403
1 0.000479251 0.00168608 0.0020184 -0.000480413 1 0.000846433 -0.0218397 -0.0016859 -0.000846835 0.999999 0.853526
0.999995 -0.000990308 4.97477e-05 -0.00276859 0.00099006 0.999999 0.00068785 -0.000197291 -5.0168e-05 -0.000688231 1 0.850621
1 -0.000605252 -0.00294073 -0.00253648 0.000605811 1 0.0001132 -0.0103263 0.00294041 -0.000114515 0.999996 0.960593
0.999995 0.000487532 0.000888097 -0.00655579 -0.000488848 0.999999 0.00121024 -0.0155161 -0.000887201 -0.00121118 0.999999 0.851379
0.999999 0.00179016 -0.00289778 -0.0051538 -0.00178709 0.999998 0.000962291 -0.0257717 0.00289924 -0.0009566 0.999995 0.911408
0.999997 8.00905e-05 -4.82356e-05 -0.00578447 -8.02371e-05 1 0.000252137 -0.0158113 4.84987e-05 -0.000252689 1 0.852911
1 0.000589553 -0.00202089 -0.00728893 -0.00058915 0.999999 6.82162e-05 -0.0184183 0.00202067 -6.64937e-05 0.999997 0.861885
0.999996 0.000427109 -0.00136903 -0.00620513 -0.00042672 1 0.000486677 -0.0100398 0.00136947 -0.000486464 1 0.854478
1 0.000723733 -0.000506763 -0.00620483 -0.000723448 0.999999 9.42819e-05 -0.0110728 0.00050661 -9.35787e-05 0.999999 0.849031
0.999991 0.00152895 -0.00264576 -0.00896666 -0.00152831 1 0.000350326 -0.0237518 0.00264648 -0.000346611 0.999997 0.868045
1 -4.11632e-05 -0.00135477 -0.00675223 4.28714e-05 0.999998 0.00113246 -0.00244611 0.00135451 -0.00113212 0.999998 0.849335
0.99999 -0.000252247 -0.00329873 -0.00530498 0.000258303 1 0.00186633 0.000620115 0.00329847 -0.00186747 0.999993 0.85784
0.999998 -0.00102007 -0.00390686 -0.00445521 0.00103112 0.999995 0.00280858 -0.00057962 0.00390382 -0.00281229 0.99999 0.846876
0.999985 -0.00138827 -0.00411685 0.00125126 0.00139655 0.999998 0.0020539 -0.0118 0.00411418 -0.00205986 0.999988 0.835886
0.999994 -0.000245982 -0.00512653 -0.00550025 0.000254128 0.999998 0.00155745 -0.00109055 0.00512587 -0.00155844 0.999989 0.830734
0.999985 -0.000146283 -0.00409609 -0.00562777 0.000150041 1 0.000952713 -0.00331068 0.0040963 -0.000953541 0.99999 0.819775
0.999995 -0.000207581 -0.005071 -0.0070938 0.000212518 0.999999 0.000957002 -0.0112566 0.0050705 -0.000957872 0.999989 0.815522
0.999983 -0.00028792 -0.00450005 -0.0069296 0.000290391 1 0.000562814 -0.023432 0.00450024 -0.000564541 0.999988 0.793432
1 -2.75005e-05 -0.00314771 -0.0028327 2.96214e-05 0.999999 0.000665119 -0.0108419 0.00314732 -0.000664777 0.999997 0.777317
0.999984 -0.00014311 -0.00411978 -0.00675874 0.000146955 1 0.000934829 0.00340156 0.00411997 -0.000935781 0.99999 0.766078
1 9.00712e-05 -0.00317819 -0.00858292 -8.74836e-05 0.999999 0.000769091 -0.00854767 0.00317788 -0.000768504 0.999996 0.744698
0.999983 -0.000691582 -0.00434552 -0.00606389 0.000690827 1 -0.000155675 0.00781527 0.00434588 0.000152379 0.999989 0.744735
0.999991 -0.00146117 -0.00558797 -0.0111532 0.00146157 0.999998 5.09232e-05 -0.00437961 0.00558764 -5.87565e-05 0.999986 0.751203
0.999984 0.000110349 -0.00420833 -0.00692677 -0.000109468 1 0.000227837 0.00680427 0.00420872 -0.000227751 0.99999 0.683471
0.999986 0.000426951 -0.00664267 -0.00657286 -0.00043511 0.999999 -0.00125257 0.015047 0.00664173 0.00125568 0.999979 0.672801
0.999965 -0.000155522 -0.00752325 -0.0108669 0.000158974 1 0.000454124 -0.00167419 0.0075236 -0.000455504 0.999972 0.6437
0.999949 0.000224968 -0.0107233 -0.0119646 -0.000222138 1 0.000261215 -0.0260996 0.0107229 -0.000258646 0.999943 0.647953
0.999904 2.24401e-05 -0.0133871 -0.0152106 -3.00018e-05 1 -0.000559333 -0.0272651 0.0133875 0.00055952 0.99991 0.662163
0.999878 0.000337083 -0.0160541 -0.0191953 -0.00032245 1 0.000912262 -0.0083758 0.0160541 -0.000906777 0.999872 0.609177
0.999796 0.00201113 -0.0197368 -0.0204606 -0.00200455 0.999998 0.000356018 -0.0117302 0.0197378 -0.000316584 0.999804 0.608469
0.999755 0.0011831 -0.0224324 -0.0292736 -0.00119946 0.999999 -0.000716756 -0.00160956 0.0224313 0.000743633 0.999749 0.611919
0.999651 -3.35287e-06 -0.0261777 -0.0269968 2.0882e-05 1 0.000667943 -0.00180654 0.026178 -0.000668413 0.999657 0.582668
0.999627 0.00074609 -0.0275668 -0.0197714 -0.000735505 1 0.000395494 -0.00745216 0.0275669 -0.00037495 0.99962 0.562853
0.999526 0.000491214 -0.0305568 -0.0339792 -0.000463176 0.999999 0.000923752 -0.0140773 0.0305574 -0.00090931 0.999532 0.539786
0.999415 -0.000769127 -0.0343908 -0.0233158 0.000793252 1 0.000689021 0.000862765 0.0343901 -0.000715745 0.999409 0.587671
0.999324 6.44495e-05 -0.036552 -0.0346235 -1.55357e-05 0.999998 0.00133679 -0.0147022 0.0365523 -0.00133543 0.999329 0.534268
0.999287 0.000615634 -0.0379457 -0.033653 -0.000576319 1 0.00105023 -0.00741162 0.0379462 -0.00102752 0.999281 0.518554
0.999156 0.00111496 -0.0408923 -0.0370515 -0.00103374 0.999997 0.00200518 -0.0177155 0.0408946 -0.0019613 0.99916 0.530797
0.999132 0.000184401 -0.0418396 -0.0345406 -0.000144463 1 0.000959034 -0.00573181 0.0418396 -0.000952107 0.999126 0.492115
0.999027 -0.000654244 -0.0439285 -0.0311289 0.000705155 0.999999 0.00114288 -0.0142114 0.0439279 -0.00117279 0.999032 0.513484
0.998997 -0.000315273 -0.0449598 -0.0425418 0.000369753 0.999999 0.001204 0.000227864 0.0449591 -0.00121945 0.99899 0.489845
0.998849 -0.00111018 -0.0478025 -0.0398184 0.00112768 0.999999 0.000338369 -0.0173294 0.0478024 -0.000391849 0.998855 0.469429
0.998765 -8.63601e-05 -0.049859 -0.0385637 0.000124422 1 0.000760846 -0.0150781 0.0498586 -0.0007662 0.998758 0.494352
0.998696 -0.00114863 -0.0508769 -0.0353463 0.00114746 0.999999 -5.26584e-05 -0.00681429 0.0508772 -5.75515e-06 0.998703 0.473715
0.998626 0.00102213 -0.0525568 -0.0436716 -0.000986802 0.999999 0.000698613 -0.000578308 0.0525572 -0.000645878 0.99862 0.449687
0.998505 -0.000873113 -0.0545116 -0.043662 0.0008975 0.999999 0.000423928 -0.0133868 0.0545115 -0.000472131 0.998511 0.475512
0.998438 -0.00273062 -0.0559477 -0.0488915 0.00282033 0.999995 0.00152465 -0.0138532 0.055943 -0.00168013 0.998435 0.437175
0.998234 -0.00517765 -0.0590526 -0.0576564 0.00536913 0.999981 0.00308515 -0.0107257 0.0590356 -0.00339677 0.998249 0.468086
0.998086 -0.00271171 -0.0619067 -0.0604179 0.00289836 0.999992 0.00292499 -0.00481404 0.0618981 -0.00309886 0.998079 0.439161
0.99806 0.00238559 -0.0620879 -0.0564837 -0.00227094 0.999995 0.001917 -0.0124158 0.0620923 -0.0017723 0.998067 0.402985
0.99802 0.00566029 -0.0627755 -0.0749058 -0.00546855 0.99998 0.0032267 -0.00311578 0.0627924 -0.00287699 0.998024 0.446166
0.998021 0.00503328 -0.0625507 -0.0691332 -0.00493321 0.999986 0.00175392 -3.0587e-05 0.0625588 -0.00144196 0.998039 0.419163
0.998042 0.0019836 -0.0626429 -0.0653704 -0.00189821 0.999997 0.00142309 -0.0138539 0.0626456 -0.00130131 0.998036 0.395822
0.998039 0.000541062 -0.0624746 -0.0669662 -0.000438152 0.999999 0.00166158 -0.00549504 0.0624754 -0.00163101 0.998046 0.425127
0.998129 -0.000198531 -0.0612724 -0.0466973 0.000359077 0.999996 0.00261059 -0.0131668 0.0612718 -0.00262759 0.998117 0.391486
0.998127 3.28623e-05 -0.0610554 -0.0728214 0.00015533 0.999996 0.0030772 0.00417245 0.061055 -0.00308113 0.998131 0.417437
0.998023 -2.0666e-05 -0.0629733 -0.0642352 0.00020646 0.999994 0.00294434 -0.0207069 0.0629732 -0.0029513 0.99801 0.409301
0.997904 0.00201684 -0.0645577 -0.0593813 -0.00183592 0.999996 0.0028601 0.00270683 0.0645628 -0.00273586 0.997911 0.409951
0.997956 0.000653609 -0.0640301 -0.0779622 -0.000321669 0.999985 0.00519568 -0.00164556 0.0640329 -0.00516423 0.997933 0.436578
0.9978 0.00132556 -0.0661611 -0.0747248 -0.000961067 0.999986 0.00553926 -0.0130266 0.0661671 -0.00546373 0.997795 0.444584
0.997751 0.00167917 -0.0671302 -0.0597388 -0.00131402 0.999982 0.00548431 -0.0134791 0.0671387 -0.00538346 0.997728 0.440027
0.997769 0.00172606 -0.0666201 -0.0781391 -0.00130993 0.999982 0.00628831 -0.000443711 0.0666292 -0.00618734 0.99776 0.473265
0.997761 0.00106298 -0.0669882 -0.0572259 -0.000693823 0.999983 0.00553489 -0.00196572 0.0669933 -0.00547569 0.997737 0.468227
0.997796 0.000136506 -0.0662376 -0.0729671 0.000121026 0.999995 0.00388367 -0.0124264 0.0662374 -0.00388351 0.997797 0.497474
0.997928 0.000284484 -0.0644696 -0.0625903 -0.000132725 0.999995 0.00235885 -0.00840863 0.0644703 -0.00234505 0.997916 0.497805
0.997957 0.00100816 -0.0637592 -0.0643843 -0.000943982 1 0.00103567 -0.00728408 0.0637601 -0.000973733 0.997966 0.503496
0.998112 0.0011496 -0.0615541 -0.0660292 -0.00113497 0.999997 0.000273694 -0.00671107 0.0615545 -0.000202982 0.998103 0.538588
0.998273 0.00119169 -0.0585919 -0.0582611 -0.00113896 1 0.000932764 -0.000644265 0.0585928 -0.00086477 0.998282 0.539483
0.99849 0.000981683 -0.0550906 -0.0688785 -0.000902817 0.999996 0.00145854 0.00171192 0.055092 -0.00140627 0.99848 0.580788
0.998732 0.00204762 -0.0501368 -0.0555988 -0.00198572 0.999999 0.00128238 -0.00247489 0.0501393 -0.00118155 0.998743 0.602932
0.998864 -0.000636674 -0.0478201 -0.0486498 0.000713806 0.999996 0.00159806 0.00453902 0.047819 -0.00162997 0.998854 0.618045
0.998746 -0.00445823 -0.0497128 -0.0407905 0.00463897 0.999985 0.0035215 -0.0245562 0.0496962 -0.00374811 0.998759 0.649717
0.998731 -0.00148794 -0.0505025 -0.0391446 0.00167179 0.99999 0.00359867 -0.0103867 0.0504968 -0.00367802 0.998716 0.668647
0.99882 -0.000978199 -0.0484018 -0.0557033 0.00105074 1 0.00147281 -0.0199622 0.0484001 -0.00152242 0.998829 0.691111
0.998887 0.00302692 -0.0472389 -0.0662069 -0.00309799 0.999992 -0.0014316 -0.0213608 0.0472342 0.00157675 0.998881 0.720667
0.998971 -0.000381043 -0.0451698 -0.0518508 0.000299101 1 -0.00181964 -0.00252003 0.0451705 0.00180375 0.99898 0.76509
0.999065 0.00328466 -0.0433024 -0.0540807 -0.00344827 0.999986 -0.00370447 0.00307891 0.0432895 0.00385084 0.999054 0.77397
0.999098 0.00106785 -0.0422472 -0.0684755 -0.00113786 1 -0.00163119 -0.0194563 0.0422456 0.00167723 0.999108 0.798259
0.99912 0.000204847 -0.0421658 -0.0363429 -0.000199132 0.999998 0.000138543 0.0150576 0.0421657 -0.000129503 0.999109 0.824154
0.99914 0.00225398 -0.0411619 -0.0528002 -0.00223377 0.999999 0.000540731 2.20032e-05 0.0411633 -0.000448858 0.999154 0.827646
