0.999988 0.000198004 -0.00503169 -0.0205691 -0.000206204 0.999998 -0.00163376 -0.0181417 0.00503143 0.00163487 0.999986 0.607855
0.999999 -0.000355906 -0.000491997 -0.0018176 0.000355665 1 -0.000396816 -0.000542457 0.000492009 0.000396576 1 0.553047
0.999999 -0.000630674 -0.00207226 -0.00798949 0.000627976 0.999999 -0.00130879 0.00274878 0.00207315 0.00130745 0.999997 0.564665
0.999996 -0.00133686 -0.00209755 0.00302279 0.00133504 0.999999 -0.000853004 -0.0051154 0.00209868 0.000850206 0.999997 0.559088
0.999999 -0.00187909 -0.000694565 0.00288106 0.00187843 0.999998 -0.000982027 -0.0146433 0.000696417 0.000980694 1 0.560226
0.999996 -0.00114249 -0.00195609 -0.00199738 0.0011414 0.999999 -0.000551941 -0.0097704 0.00195671 0.0005497 0.999997 0.58059
1 0.000116487 -0.000141361 -0.000815538 -0.000116459 1 5.69592e-06 -0.00529096 0.00014137 -5.63027e-06 1 0.566749
0.999998 0.000188876 -0.00128822 -0.00646994 -0.000189875 1 -0.00072918 -0.0163136 0.00128802 0.00072937 0.999999 0.587872
1 0.00030769 -0.000103932 -0.00127128 -0.000307836 0.999999 -0.00159715 -0.00592087 0.000103494 0.00159724 0.999999 0.594457
0.999998 0.000560645 -0.00110333 -0.0044505 -0.000564531 0.999994 -0.00350472 -0.00387903 0.00110131 0.00350529 0.999993 0.601226
1 0.000644358 -0.000324791 -0.0107878 -0.000645268 0.999995 -0.00290067 -0.00517549 0.000322938 0.00290094 0.999996 0.605353
0.999998 0.00161275 0.000285023 -0.00196857 -0.00161292 0.999999 0.00047005 -0.010136 -0.000284315 -0.000470577 1 0.613135
0.999998 0.00163757 -0.00179291 -0.00666387 -0.00162672 0.999981 0.005994 0.00827138 0.00180276 -0.00599098 0.99998 0.668212
0.999999 0.000584914 8.71191e-05 -0.00322002 -0.000585789 0.999954 0.00959544 0.00517629 -8.15541e-05 -0.00959559 0.999954 0.663807
1 0.000882497 -0.00103441 -0.019164 -0.000875627 0.999978 0.00655982 -0.00783183 0.00104023 -0.00655884 0.999978 0.681204
0.999999 0.000501794 -0.000396476 -0.00592456 -0.000502292 1 -0.00104745 -0.0254603 0.000395935 0.00104758 1 0.680278
0.999995 0.00350227 0.00030922 -0.00137715 -0.00350015 0.999973 -0.00638118 -0.017186 -0.000331534 0.00638009 0.999979 0.679148
0.999998 0.000462743 -0.00114235 -0.00260642 -0.000469688 0.999982 -0.00594874 -0.0198056 0.00113969 0.00594914 0.999982 0.728544
1 -0.00131638 -0.000226096 0.00475862 0.00131672 0.999999 0.00104918 -0.0122896 0.000224619 -0.00104937 0.999999 0.720099
0.999997 -0.00183985 -0.000783578 -0.0113413 0.00184662 0.99996 0.0088621 -0.000230848 0.00076726 -0.00886365 0.999961 0.779067
1 -0.00093243 0.000869149 0.00977167 0.000927458 0.999982 0.00579386 -0.00876149 -0.000874572 -0.00579296 0.999982 0.776141
0.999998 -0.000324774 -0.000964996 -0.00404528 0.000327348 0.999997 0.00269117 -0.0135555 0.000964152 -0.00269153 0.999997 0.805797
0.999999 -0.00214469 0.000439501 -0.00473595 0.00214488 0.999997 -0.00042782 -0.0168079 -0.000438649 0.00042878 0.999999 0.810796
0.999997 0.000801569 0.00173708 0.0125366 -0.00079727 0.999997 -0.0024546 -0.0232997 -0.00173894 0.00245327 0.999996 0.8056
1 0.00144562 -4.50576e-05 -0.00292937 -0.00144584 0.999993 -0.00337621 0.0173676 4.01056e-05 0.00337621 0.999994 0.865425
0.999993 -0.0019707 0.0024659 0.012847 0.00198082 0.99999 -0.00408993 -0.0169279 -0.00245771 0.00409488 0.999989 0.850276
0.999999 -0.0026628 0.000266888 -0.00201971 0.00266429 0.999979 -0.00583973 -0.0199276 -0.00025154 0.0058403 0.999982 0.885941
0.999993 0.00163691 0.0026139 0.0173141 -0.00162408 0.999987 -0.00488268 -0.014492 -0.00262166 0.00487854 0.999985 0.881996
1 0.000871672 5.92498e-06 0.000505247 -0.000871804 0.999999 -0.000987575 0.00401048 -7.00246e-06 0.000987419 0.999999 0.923151
0.999997 -0.000196968 0.000699914 -0.00242576 0.000197173 1 -9.42961e-05 0.00533982 -0.000699673 9.4619e-05 1 0.933209
0.999999 0.000852263 0.00196687 0.00418148 -0.000851428 1 -0.00047739 -0.00792105 -0.00196746 0.000475542 0.999997 0.924446
0.999991 0.00369355 -0.00056013 -0.00587503 -0.00369451 0.999991 -0.00192723 -0.0180163 0.000553285 0.0019295 0.999999 0.955578
0.999993 0.00392423 0.00172528 -0.000937841 -0.00392184 0.999992 -0.00145555 -0.00119785 -0.00173127 0.00144852 0.999996 0.954194
0.999995 0.00268915 -0.00010761 -0.0047559 -0.00268903 0.999996 0.00067423 -0.017014 0.00010974 -0.000673697 1 0.979281
1 0.000896025 0.00141361 -0.000816932 -0.000897515 1 0.00102222 0.00115136 -0.00141296 -0.00102372 0.999998 0.98876
0.999999 6.6499e-05 -0.000146832 -0.00354247 -6.63692e-05 0.999999 0.000505014 -0.00708771 0.00014715 -0.000504789 1 0.977784
1 0.000675183 -9.95858e-05 -0.0054964 -0.00067519 1 0.00088853 -0.0142317 9.98902e-05 -0.000888627 0.999999 1.00022
0.999998 -0.000291991 0.00054581 -0.0100856 0.000291249 0.999997 0.00150277 -0.0026183 -0.000545965 -0.00150246 0.999999 1.00686
1 -0.000827338 -0.000673632 -0.00576853 0.000827538 1 0.000437908 0.0111075 0.000672971 -0.000438632 0.999999 0.99597
0.999998 -0.00121151 0.000568417 -0.00505422 0.00121202 0.999998 -0.000536565 0.00528691 -0.000567506 0.000537416 1 1.02243
1 0.00133728 -0.00130918 -0.0151823 -0.00133976 0.999998 -0.00171057 0.00171145 0.00130667 0.00171221 0.999997 1.02614
0.999997 -0.0020753 -0.000364494 -0.00717468 0.00207572 0.999997 0.000547076 0.0157836 0.000363634 -0.000547749 1 1.02938
1 -0.00131901 0.00010728 -0.000532274 0.00131861 0.999999 0.00140255 0.00704573 -0.000109361 -0.00140249 0.999999 1.04377
0.999998 -0.000286321 -0.00136994 -0.00811478 0.000289021 0.999997 0.00178007 -0.00501945 0.0013697 -0.00178036 0.999997 1.04713
1 9.40184e-05 0.00049875 -0.0085653 -9.49409e-05 1 0.00135964 -0.0133821 -0.000498889 -0.00135981 1 1.05305
0.999999 -0.000372917 -0.00093436 -0.00437441 0.000374815 0.999997 0.00186407 -0.000871184 0.000933996 -0.00186429 0.999996 1.05948
0.999999 0.000555781 0.00139772 -0.0159923 -0.000556224 1 0.000163872 -0.00442841 -0.00139794 -0.000164784 1 1.05271
0.999999 -0.000549839 -0.000748484 -0.00655966 0.000549645 0.999999 -0.000519685 0.000539289 0.000749067 0.000519379 0.999999 1.0555
1 -0.000264309 -0.000794624 -0.00285093 0.000264895 1 0.00091815 -0.00638053 0.000794075 -0.000918341 1 1.07554
0.999998 0.000726714 0.00168348 -0.0112509 -0.000730293 0.999997 0.00219385 -0.0268729 -0.00168177 -0.00219521 0.999995 1.0762
0.999998 -0.000161867 -0.00243552 -0.00175526 0.000167919 0.999997 0.0025457 -0.0172595 0.00243491 -0.002546 0.999995 1.1066
0.999995 0.0022274 0.00159591 -0.00310939 -0.00222723 0.999997 3.08361e-05 -0.0221121 -0.00159575 -3.43911e-05 0.999998 1.06212
0.999995 0.00330527 -0.00138051 -0.0107924 -0.00330867 0.999993 -0.00236355 -0.0356862 0.00137251 0.00236813 0.999998 1.06911
0.999993 0.00314314 0.00161118 -0.00234301 -0.00313961 0.999992 -0.00207217 -0.00398266 -0.00161757 0.00206705 0.999995 1.0882
0.999999 0.00183193 -0.000498334 -0.0105885 -0.00183242 0.999999 -0.000579201 -0.0051959 0.000497248 0.00058021 1 1.09443
0.999999 -1.30216e-05 0.00111201 -0.00207213 1.00563e-05 0.999994 0.00295407 -0.026243 -0.00111196 -0.00295411 0.999994 1.0767
1 0.000842331 0.0013169 -0.00741666 -0.000844237 1 0.00117636 -0.0143225 -0.00131597 -0.00117738 1 1.07453
0.999998 -0.00104289 0.000161436 -0.00160674 0.00104323 0.999998 0.000437505 -0.0376383 -0.000161804 -0.000437385 0.999999 1.09693
1 0.000425975 0.000921089 -0.00449159 -0.000426503 1 0.000155945 -0.0128087 -0.000921083 -0.000156219 1 1.07185
0.999999 -0.00105152 0.000308958 -0.00739758 0.00105257 0.999997 -0.00170428 -0.0278907 -0.000307037 0.00170433 0.999998 1.10338
1 0.000856555 0.000764162 -0.0102204 -0.000855752 0.999999 -0.00166571 0.00609214 -0.000765776 0.00166531 0.999999 1.0875
0.999994 -0.00231849 0.00189759 0.00630854 0.0023208 0.999996 -0.000970953 0.0087607 -0.00189514 0.000975043 0.999998 1.06499
0.999996 -0.00327074 -0.000167924 -0.00656269 0.00326991 0.999992 -0.00254728 -0.000726566 0.000176063 0.00254699 0.999997 1.09688
0.999998 -0.00082857 0.00107496 -0.00018364 0.000829637 0.999998 -0.000607128 -0.0100575 -0.00107419 0.000607697 0.999998 1.07072
1 -0.00126436 -0.000790297 0.00110313 0.00126561 0.999999 0.00206515 -0.00622036 0.000787468 -0.00206589 1 1.0859
0.999998 -0.000858829 0.00168689 -0.00244847 0.000849787 0.999983 0.0055964 -0.00924821 -0.00169138 -0.00559518 0.999982 1.06379
0.999999 -0.00181017 0.000268736 -0.00650503 0.00180812 0.999982 0.00600868 -0.0129171 -0.000279855 -0.00600801 0.999983 1.05548
0.999999 -0.00155079 0.000234738 -0.00369389 0.00155074 0.999996 0.00167312 -0.00222246 -0.000237047 -0.00167292 0.999997 1.07846
0.999997 -0.00232243 0.000909418 -0.00315836 0.00232324 0.999998 -0.00122573 -0.00898569 -0.000906775 0.00122804 1 1.0399
0.999999 -0.00138896 -0.000584688 2.23741e-05 0.00138849 0.999997 -0.00152264 -0.00388173 0.000587063 0.00152159 0.999998 1.08291
0.999998 0.00204681 0.000902031 -0.00812289 -0.00204558 0.999997 -0.00187493 0.00601464 -0.000906067 0.00187331 0.999998 1.06578
0.999999 0.000237049 -0.000672375 -0.000318686 -0.000237867 0.999997 -0.00187249 -0.00207888 0.000672077 0.00187245 0.999998 1.07457
0.999997 0.00205302 0.000603714 -0.00850199 -0.00205377 0.999999 0.000595562 0.000729162 -0.000602737 -0.000596666 1 1.08091
0.999994 0.00326055 0.00184576 -0.0110806 -0.00326751 0.999986 0.00393598 -0.000549591 -0.00183244 -0.00394203 0.99999 1.05164
1 0.000806446 -0.000632146 -0.00703042 -0.000804394 0.999996 0.00374064 -0.0116606 0.000634715 -0.00373998 0.999994 1.08509
0.999998 -0.00063301 0.00186272 -0.00543585 0.00062878 0.999994 0.00241815 -0.00986487 -0.00186379 -0.00241708 0.999994 1.07305
1 -0.000766024 -3.63915e-05 -0.00262824 0.000765856 0.999998 0.00319153 0.00358829 3.34993e-05 -0.00319141 0.999996 1.08582
0.999999 -0.00101728 0.000593646 -0.0038588 0.00101637 0.999994 0.00213274 -0.0106905 -0.000595453 -0.00213223 0.999996 1.05693
0.999999 -0.00123971 -0.000843701 -0.00321177 0.00124294 0.999993 0.00422062 -0.00800445 0.000838099 -0.00422167 0.999992 1.09041
0.999999 -0.00138826 -5.07131e-05 -0.00253131 0.00138884 0.999988 0.0039276 -0.00588353 4.56306e-05 -0.00392782 0.99999 1.06962
0.999998 -0.00151539 0.000665542 -0.00560604 0.0015145 1 0.000771785 -0.011783 -0.000667056 -0.000770652 1 1.05217
1 0.000514226 -0.00126053 -0.00536086 -0.000514342 0.999997 -0.000360318 -0.0194238 0.00126074 0.000360754 0.999997 1.06788
0.999998 0.00153767 0.000153538 -0.00791923 -0.00153791 1 -0.000493104 -0.00728336 -0.000154669 0.000493179 1 1.04176
0.999999 0.00113773 -0.00107015 -0.0101963 -0.00113433 0.999992 0.0028919 -0.0135372 0.00107377 -0.00289109 0.999994 1.04981
0.999999 0.00103735 -0.000387632 -0.00602981 -0.00103576 0.999992 0.00476545 -0.0232572 0.000392244 -0.00476472 0.99999 1.03891
0.999999 0.00150509 0.000939199 -0.00512834 -0.00150864 0.999987 0.00414545 -0.00539455 -0.000932616 -0.00414722 0.999989 1.00431
0.999999 0.000746552 -0.000586005 -0.00388654 -0.000744952 0.999998 0.00332518 -0.00028963 0.000588132 -0.0033243 0.999996 1.00054
1 0.000657176 0.000513016 -0.00601205 -0.000657104 0.999996 0.00052907 -0.0118756 -0.000512355 -0.000529831 0.999998 1.04349
0.999999 -0.000448079 -0.000356693 -0.00326931 0.000447747 1 0.000110535 0.00196579 0.000356338 -0.000110201 1 1.00922
1 -0.000266839 0.000809909 -0.00683582 0.000266967 0.999996 0.000272859 -0.00197366 -0.000809715 -0.000273136 0.999998 1.0036
0.999997 -0.00238538 -0.000748548 -0.00272841 0.00238652 0.999998 0.00210509 -0.0102363 0.000743218 -0.00210636 0.999999 0.986858
0.999999 -0.00141299 -0.000236692 -0.00204635 0.00141412 0.999991 0.00299015 -0.0138858 0.000232785 -0.00299104 0.999994 0.972885
0.999999 -0.00064402 0.000403827 -0.00737069 0.000642476 0.999999 0.00288594 -0.00854341 -0.000405988 -0.00288514 0.999998 0.966231
1 -0.000561996 -0.000873101 -0.00510631 0.000564209 0.999995 0.00216741 -0.0207185 0.000872248 -0.00216855 0.999996 0.925228
1 -0.00068354 -0.000142462 -0.00411447 0.000683494 1 0.00121258 -0.0165158 0.000141316 -0.00121212 1 0.864698
0.999993 -0.000373567 -0.00394817 -0.00672938 0.000378295 0.999999 0.00114193 -0.017102 0.00394813 -0.00114391 0.999991 0.932854
0.999998 0.000242714 -0.00192216 -0.00855953 -0.000241535 1 0.000722168 -0.013369 0.00192196 -0.000721004 0.999998 0.817149
0.999998 -4.1898e-05 -0.00201962 -0.00974065 4.6749e-05 0.999998 0.00226581 -0.020447 0.00201989 -0.00226656 0.999995 0.868623
0.999996 0.000712373 -0.00304876 -0.00863054 -0.000706254 0.999998 0.00208175 -0.0177897 0.00304996 -0.00207909 0.999994 0.839463
0.999999 0.000983781 -0.000378032 -0.00723385 -0.000982982 0.999998 0.00158935 -0.0259 0.000379858 -0.00158939 0.999998 0.755175
0.999999 0.000325762 -0.00208697 -0.00700261 -0.000321573 0.999998 0.00206466 -0.0175807 0.00208731 -0.00206358 0.999997 0.741844
0.999999 0.00138379 0.00019847 -0.00730805 -0.00138374 0.999999 0.000361789 -0.01152 -0.000197654 -0.000362474 0.999999 0.676311
0.999996 0.00150625 -0.00279532 -0.0094835 -0.00150379 0.999998 0.000936994 -0.0182686 0.0027964 -0.000932467 0.999996 0.749795
0.999997 0.00161082 -0.000415738 -0.011243 -0.00161102 0.999998 -0.000961953 -0.0143428 0.000414406 0.000962376 0.999999 0.656788
0.999998 0.00186273 -0.00187133 -0.0081064 -0.00186874 0.999993 -0.00314404 -0.0150709 0.00186525 0.00314776 0.999994 0.646085
0.999993 0.00241555 -0.00228314 -0.0127595 -0.00242418 0.999989 -0.00382668 -0.0154307 0.00227403 0.00383194 0.999989 0.639108
0.999999 0.00158346 -0.00125774 -0.00984081 -0.00158379 0.999999 -0.000242408 -0.0115109 0.00125725 0.000244601 1 0.592268
0.999996 0.002104 -0.000345958 -0.00900071 -0.00210426 0.999997 -0.000897438 -0.0132096 0.000344054 0.000897987 0.999999 0.572321
0.999999 0.0014089 0.00124061 -0.00875674 -0.00141065 0.999998 0.00137091 -0.0109436 -0.00123865 -0.00137248 0.999999 0.571157
0.999986 0.00339658 0.00379021 -0.00550394 -0.00340308 0.999993 0.0017397 -0.0149519 -0.00378433 -0.00175269 0.999991 0.551303
0.999984 0.00300941 0.00498591 -0.00721279 -0.00301688 0.999995 0.00147215 -0.0130904 -0.00498147 -0.00148706 0.999986 0.531446
0.999963 0.00047906 0.00850201 0.00889835 -0.000499068 0.999997 0.00236843 -0.0136054 -0.00850082 -0.00237274 0.999961 0.505853
0.999961 -0.000169955 0.00889287 0.00144236 0.000145689 0.999997 0.00270995 -0.0145752 -0.00889331 -0.00270836 0.999957 0.504555
0.999924 -0.00124467 0.0122454 0.0120666 0.00122688 0.999997 0.00147887 -0.00763934 -0.0122472 -0.00146395 0.999924 0.474026
0.999915 -0.000771535 0.0130797 0.00882687 0.000756647 1 0.00112658 -0.00997658 -0.0130806 -0.00111637 0.999914 0.450301
0.999875 -0.00140758 0.0156956 0.0112447 0.00140695 0.999998 6.30639e-05 -0.00647068 -0.0156958 -4.11327e-05 0.999877 0.433015
0.999844 -0.00135973 0.0176768 0.0164972 0.00139162 0.999999 -0.00179864 -0.00881326 -0.0176743 0.00182316 0.999842 0.416981
0.999773 -0.00103285 0.0212123 0.0165147 0.00111167 0.999991 -0.00369826 -0.00901874 -0.0212084 0.0037208 0.999768 0.409078
0.999698 -0.00149434 0.0245635 0.0212159 0.00158235 0.999994 -0.00356935 0.000614018 -0.024558 0.00360731 0.999692 0.420676
0.999627 -0.00271393 0.0271226 0.0292011 0.00274508 0.999994 -0.00110943 -0.00999657 -0.0271195 0.00118328 0.999631 0.391753
0.999521 -0.00282942 0.0308448 0.0288197 0.00283858 0.999998 -0.000254534 -0.00431223 -0.030844 0.00034217 0.999525 0.396475
0.999466 -0.00226848 0.0325537 0.0325944 0.00230462 0.999994 -0.00107182 -0.0090121 -0.0325512 0.00114608 0.999469 0.378305
0.999315 -0.0018034 0.0369934 0.0383938 0.00183251 1 -0.000753628 -0.00833974 -0.036992 0.000821132 0.999316 0.382028
0.999254 -0.00362853 0.038444 0.035534 0.00361269 0.999991 0.000481935 -0.00668772 -0.0384455 -0.000342844 0.99926 0.370697
0.99912 -0.00175276 0.0419115 0.0405133 0.00175519 1 -2.14663e-05 -0.0122161 -0.0419113 9.51963e-05 0.999122 0.373419
0.999084 0.000674447 0.0427739 0.0290767 -0.000660277 0.999997 -0.000345171 -0.00691228 -0.0427742 0.000316384 0.999085 0.357032
0.998894 0.00228863 0.0469717 0.034536 -0.00224661 0.999999 -0.000948236 0.00030109 -0.0469736 0.00084195 0.998896 0.351277
0.998815 -0.000163973 0.0486717 0.034406 2.63602e-05 0.999994 0.00282919 -0.00430542 -0.0486722 -0.00282483 0.998811 0.371113
0.998852 0.000231392 0.0479024 0.0386437 -0.000305501 1 0.00153986 -0.0127578 -0.0479018 -0.00155253 0.998851 0.340801
0.998688 -0.00187143 0.0511867 0.0349951 0.00183451 0.999997 0.00076818 -0.00214539 -0.0511882 -0.00067339 0.998689 0.352549
0.998795 -0.000180461 0.0490776 0.0381655 0.000252191 1 -0.00145537 -0.0151193 -0.0490772 0.00146613 0.998794 0.346935
0.998666 -0.000142592 0.0516349 0.0335006 0.000259425 0.999996 -0.00225593 -0.00864613 -0.0516346 0.00226626 0.998664 0.337928
0.998686 0.00258559 0.0511738 0.0214612 -0.00238618 0.999991 -0.00395708 -0.00218092 -0.0511834 0.00382986 0.998682 0.342924
0.998555 0.00366368 0.0536276 0.028472 -0.00346101 0.999985 -0.00387066 0.00462745 -0.0536412 0.00367937 0.998554 0.359955
0.998516 0.00496765 0.0542207 0.0175928 -0.00486689 0.999987 -0.00199061 0.0068547 -0.0542296 0.00172388 0.998527 0.348793
0.998464 -0.000102256 0.0554121 0.0444152 3.07988e-05 0.999998 0.00129077 0.00639908 -0.0554126 -0.00128723 0.998463 0.354538
0.998482 -0.00143791 0.0550573 0.0350886 0.00128978 0.999996 0.00272637 -0.00622338 -0.0550606 -0.00265109 0.998479 0.364678
0.998444 -0.000351742 0.055781 0.0474013 0.000187781 0.999995 0.00294343 0.0130203 -0.0557823 -0.00292855 0.99844 0.35568
0.99837 0.00142272 0.0570401 0.0336407 -0.00161407 0.999994 0.00331011 -0.00194871 -0.0570345 -0.00339662 0.998366 0.379242
0.99848 -0.000414278 0.0551245 0.0445003 0.000278129 0.999996 0.00247551 1.78264e-05 -0.0551258 -0.00245661 0.998477 0.369035
0.998305 -0.000110032 0.0581903 0.0474534 -0.000168078 0.99999 0.00477475 -0.0149228 -0.0581898 -0.00477628 0.998293 0.387042
0.99846 0.00238121 0.0554268 0.033442 -0.00248625 0.999994 0.0018248 0.00408038 -0.0554226 -0.0019599 0.998462 0.379181
0.998476 0.00398824 0.0550307 0.0310565 -0.00386522 0.999991 -0.0023406 -0.000113736 -0.0550392 0.00212443 0.998481 0.384821
0.998569 0.00295929 0.0534196 0.0467508 -0.00278485 0.999989 -0.00333986 0.0032882 -0.0534293 0.00318621 0.998568 0.392153
0.998805 -0.000284027 0.0488684 0.0312498 0.000370034 1 -0.00175079 0.0126214 -0.0488676 0.00176685 0.998803 0.3783
0.999064 -0.00511257 0.0429797 0.042194 0.00512738 0.999985 -0.000233406 0.00916907 -0.0429782 0.000453575 0.999077 0.432978
0.999323 -0.00688004 0.0361046 0.0431307 0.00689949 0.999978 -0.000411378 -0.000854479 -0.0361007 0.000660271 0.999348 0.401528
0.999469 -0.00285598 0.0325 0.0285965 0.00289822 0.999993 -0.00125581 -0.0094764 -0.0324963 0.00134924 0.999471 0.430321
0.999592 0.00295883 0.0283792 0.003938 -0.00301136 0.999996 0.00181438 0.0156195 -0.0283736 -0.00189903 0.999595 0.428035
0.999658 0.00465791 0.0257571 -0.00619952 -0.00476293 0.999978 0.00400818 0.0207714 -0.0257379 -0.00412958 0.99966 0.457956
0.999691 0.0039915 0.0245068 -0.00427207 -0.00407632 0.999988 0.00342084 0.00877426 -0.0244927 -0.00351955 0.999694 0.454563
0.999734 -0.00253263 0.0229834 0.0110846 0.00247224 0.999991 0.00265243 0.00375307 -0.02299 -0.0025951 0.999732 0.485875
0.999786 -0.00524622 0.0199537 0.0211172 0.00523204 0.999989 0.00076621 0.00364332 -0.0199574 -0.000661422 0.999801 0.517417
0.999819 -0.00518436 0.0183907 0.0223607 0.00522899 0.99998 -0.00238344 0.00244662 -0.0183782 0.00247893 0.999827 0.516228
0.999908 0.000156096 0.0134897 -0.00282036 -9.67654e-05 0.999994 -0.00439253 -0.00611287 -0.0134902 0.00439108 0.9999 0.505249
0.999936 0.00285749 0.0110874 -0.00720001 -0.00281164 0.999984 -0.00415996 -0.00730508 -0.0110993 0.00412822 0.999929 0.563937
0.999974 -0.00264502 0.00653914 0.00565653 0.00265098 1 -0.000885446 -0.0125879 -0.00653666 0.000903028 0.999979 0.627024
0.999976 -0.00602848 0.00373041 0.012859 0.00601236 0.999969 0.00428327 -0.0135319 -0.00375628 -0.004261 0.999984 0.637781
0.999998 -0.000444592 -7.2444e-05 0.00367546 0.00044488 1 0.00172125 -0.00117804 7.18652e-05 -0.00172097 0.999998 0.643927
0.999999 0.000437047 -0.00211897 -0.00657688 -0.000435972 0.999996 0.00058712 -0.00380642 0.00211903 -0.000586516 0.999998 0.641433
0.999991 0.00375662 -0.00119971 -0.0105823 -0.00375761 0.999995 -0.000956816 -0.000608878 0.00119632 0.000961672 0.999998 0.678418
0.999997 0.00221811 -0.00160922 -0.0030287 -0.00222061 0.999993 -0.0014611 -0.00999075 0.00160572 0.0014643 0.999998 0.661623
0.999998 0.000613033 -0.000845097 0.00312875 -0.000613106 1 -0.000177726 -0.011805 0.000845189 0.00017865 0.999999 0.732977
1 0.000296251 -0.000569086 0.00492524 -0.00029637 0.999997 3.16455e-05 -0.0215723 0.000568921 -3.18673e-05 1 0.723208
0.999991 0.0033595 -0.00210436 -0.0112465 -0.00335692 0.999996 0.00117512 -0.0341475 0.00210847 -0.00116774 0.999997 0.714964
1 3.02328e-05 0.000582011 -0.0081212 -3.18311e-05 0.999995 0.0025014 -0.0122513 -0.000582108 -0.00250172 0.999998 0.704381
0.999998 0.00138342 0.000356805 -0.00239091 -0.00138427 0.999997 0.00284812 -0.0247193 -0.00035269 -0.0028483 0.999995 0.771294
0.999997 0.00275078 0.00040807 -0.00812315 -0.0027516 0.999993 0.00155927 -0.00658385 -0.000403946 -0.00156075 0.999999 0.761719
0.999997 0.00181309 0.000916924 -0.000462081 -0.00181352 1 0.000717928 -0.000252175 -0.000915437 -0.000719249 0.999999 0.794226
0.999997 -0.00289113 0.000498447 0.00442424 0.00288955 0.99999 0.0026197 -0.00173526 -0.000506172 -0.00261855 0.999997 0.776955
0.999995 -0.00105293 0.00245925 0.00665544 0.00104691 0.999999 0.00259238 -0.00660173 -0.00246178 -0.00258953 0.999993 0.756407
1 0.00128174 0.000929702 -0.00754968 -0.00128276 0.999996 0.000792365 -0.00205176 -0.000928906 -0.000793849 1 0.791266
0.999997 0.00201058 0.00111063 -0.0104399 -0.00200776 0.999998 -0.00226869 -0.00980088 -0.00111491 0.00226674 0.999997 0.823336
0.999999 -0.000996228 0.0015945 9.26471e-05 0.00100235 0.999989 -0.0040312 0.00957906 -0.00159076 0.00403248 0.999991 0.7974
0.999999 -0.000778742 0.00042154 -0.00466898 0.000779216 1 -0.000407769 0.00942897 -0.000420998 0.000408383 1 0.791949
0.999994 0.0032234 0.00217185 -0.00848477 -0.00322847 0.99999 0.00217418 0.00933454 -0.00216503 -0.00218133 0.999995 0.839349
0.999995 0.00259994 0.000475989 -0.0126617 -0.0026018 0.999988 0.0047264 0.00829081 -0.000463427 -0.00472751 0.999989 0.772449
1 0.000762331 0.00109054 -0.00808765 -0.00077006 0.999975 0.00684924 -0.00149962 -0.00108559 -0.00685017 0.999977 0.84206
0.999991 0.00391466 -3.52087e-05 -0.0182262 -0.00391406 0.999978 0.00565906 -0.00292507 5.7667e-05 -0.0056588 0.999983 0.824181
0.999999 0.00173028 0.0009639 -0.00425213 -0.00173255 0.999995 0.00199272 -0.00328081 -0.000960794 -0.00199445 0.999998 0.842587
0.999994 -0.00311762 0.000248692 0.00101354 0.00311942 0.999977 -0.00629141 -0.0154898 -0.000228752 0.00629224 0.99998 0.818959
0.999996 -0.00254676 -0.00183077 -0.00336899 0.00252969 0.999954 -0.00911088 -0.000342243 0.00185355 0.00910612 0.999957 0.807952
0.999999 -0.00101124 9.45415e-06 -0.00295902 0.00101155 0.999997 -0.00326491 -0.00374806 -5.82596e-06 0.00326497 0.999994 0.828253
0.999995 -0.00148275 -0.00283023 -0.00410222 0.00149758 0.999983 0.00535465 0.00511388 0.00282177 -0.00535889 0.999982 0.796164
0.999995 -0.00248597 -0.00140223 0.00240704 0.00249766 0.999965 0.0081855 -0.00571271 0.00138221 -0.00818898 0.999964 0.802653
1 0.000925047 0.000272959 -0.000422054 -0.000926729 0.999985 0.00526817 -0.0173908 -0.000268468 -0.00526849 0.999988 0.797505
0.999996 0.00269127 -0.0012211 -0.00382868 -0.00269047 0.999997 0.000436459 -0.0179113 0.00122261 -0.00043302 0.999998 0.786916
0.999992 0.00286786 0.00261086 -0.0063243 -0.00287021 0.999994 0.000778264 -0.0181462 -0.00260891 -0.000785848 0.999998 0.784898
0.999997 0.0021881 0.00130808 -0.00962785 -0.00219039 0.999997 0.00196432 -0.0169137 -0.00130346 -0.00196706 0.999996 0.758235
0.999996 -0.000115976 0.00320823 0.000155963 0.000108767 0.999996 0.00215276 -0.0198535 -0.00320881 -0.00215259 0.999995 0.79883
0.999998 0.000251954 0.00140773 -0.0116569 -0.000253543 1 0.00136885 -0.0227015 -0.00140703 -0.00136901 0.999996 0.773129
0.999998 0.00106945 0.00230154 -0.00460354 -0.00107335 0.999997 0.00154511 -0.00850794 -0.0023002 -0.00154776 0.999999 0.739923
0.999995 0.000235498 0.0030932 -0.00671258 -0.000240613 0.999999 0.00178233 -0.013175 -0.00309246 -0.001783 0.999991 0.785758
0.999996 -0.00268271 0.00172831 -0.000656382 0.00267879 0.999994 0.00205469 -0.0282343 -0.00173416 -0.00205009 0.999999 0.759469
0.999995 0.000249708 0.00275705 -0.00499374 -0.000252026 1 0.000979822 -0.0136113 -0.00275649 -0.000980468 0.999994 0.743063
1 4.40374e-05 0.00138991 -0.00459631 -4.54866e-05 0.999999 0.000770819 -0.0314041 -0.00139021 -0.000770947 1 0.732696
0.999998 -0.00111145 0.00177259 -0.00229567 0.00110999 1 0.000954046 -0.020784 -0.00177325 -0.000951974 0.999997 0.760239
0.999996 -0.00276176 0.000822055 0.00345695 0.00275857 0.999989 0.0035531 -0.0250726 -0.000832255 -0.00355096 0.999994 0.738771
0.999997 -0.0002997 0.00244266 0.00188402 0.000297117 1 0.00114799 -0.015606 -0.00244268 -0.00114712 0.999996 0.724976
0.999997 0.000660519 0.00251797 -0.00575187 -0.000666034 0.999997 0.00209359 -0.0271676 -0.00251685 -0.0020954 0.999996 0.745507
0.999998 0.00166935 0.00115074 -0.00414134 -0.00166905 0.999999 -7.10692e-05 -0.014021 -0.0011507 6.93471e-05 0.999998 0.700788
0.999996 0.00120205 0.00241558 -0.0109922 -0.00120705 0.999997 0.00198383 -0.00595038 -0.00241338 -0.00198689 0.999996 0.703831
0.999999 -0.000756984 -0.000915211 -0.00378471 0.000758222 0.999999 0.00117623 -0.0105232 0.000914481 -0.00117675 0.999998 0.677895
0.999999 -4.98199e-05 0.00122731 -0.00725028 4.89683e-05 0.999999 0.00054897 -0.00941977 -0.00122749 -0.00054909 1 0.689801
1 0.000728974 -0.000853009 -0.00669597 -0.000729107 1 -0.000411523 -0.0110435 0.000852941 0.000412262 1 0.671318
1 0.000266523 0.000198256 -0.00104546 -0.000266351 0.999998 -0.0018577 -0.00226956 -0.000199005 0.00185756 0.999998 0.670606
0.999997 -0.00115553 0.00216755 -0.00337044 0.00115502 0.999999 0.000370494 -0.0135048 -0.00216775 -0.00036796 0.999998 0.68019
0.999997 -0.00225914 0.000705363 -0.00323313 0.00225773 0.999996 0.00153828 -0.0101005 -0.000709036 -0.00153669 0.999999 0.697118
1 -0.000423197 0.00158711 -0.00481066 0.000419702 0.999997 0.0023696 -0.0160631 -0.0015879 -0.00236894 0.999998 0.680844
0.999991 0.00370645 0.000954939 -0.0143709 -0.00370626 0.999993 -0.00048727 -0.00902482 -0.000956912 0.000483747 0.999998 0.677366
0.999997 0.00179342 0.00255768 -0.00292648 -0.00179433 0.999999 0.000477576 -0.0171238 -0.00255665 -0.000482147 0.999998 0.650363
0.999998 -0.000329785 0.000199054 -0.00206591 0.000328843 0.999995 0.00301929 -0.00933922 -0.000200172 -0.0030193 0.999994 0.655793
0.999999 0.000468066 0.00228261 0.00533313 -0.000471621 0.999999 0.00166243 -0.0126216 -0.00228175 -0.00166346 0.999998 0.667373
0.999978 0.00515951 0.00387296 -0.00806713 -0.00516284 0.999987 0.000821191 -0.0163858 -0.00386882 -0.000841171 0.99999 0.663349
0.99999 0.00272363 0.00402042 -0.0102893 -0.00272384 0.999996 8.83474e-05 -0.0109658 -0.00401998 -9.92621e-05 0.999993 0.660827
0.999976 -0.0014955 0.00647385 0.0040933 0.00150339 1 -0.00121596 -0.0122966 -0.00647221 0.00122565 0.999978 0.656515
0.999983 -0.00228181 0.00577253 0.00487637 0.00228746 0.999995 -0.000974127 -0.0081185 -0.00577011 0.000987317 0.999984 0.657884
0.99997 -0.000511092 0.00749316 -0.000290656 0.00051833 1 -0.000947398 -0.00341193 -0.00749278 0.000951147 0.999971 0.671979
0.999984 0.00225961 0.00555656 -0.00281619 -0.00226154 0.999996 0.000332779 -0.000256414 -0.00555571 -0.000345265 0.999986 0.659592
0.999985 3.77591e-06 0.00525293 -0.0016099 -1.14479e-05 1 0.00146202 -0.00858771 -0.00525295 -0.001462 0.999983 0.675593
0.999987 0.00181425 0.00503704 -0.00585796 -0.00181626 0.999997 0.000411232 -0.00820095 -0.00503629 -0.000420486 0.999989 0.653928
0.999983 0.00346864 0.00421877 -0.00944865 -0.00347194 0.999995 0.000763008 0.00362605 -0.00421611 -0.000777497 0.999989 0.649799
0.999988 -0.00016027 0.00521884 -0.00200703 0.000141423 0.999993 0.00361739 -0.00776548 -0.00521943 -0.00361671 0.999982 0.649154
0.999994 -0.000652921 0.0029152 -0.00735329 0.000638642 0.999989 0.00486731 -0.00459074 -0.00291831 -0.00486532 0.999982 0.706708
0.999996 0.000383604 0.00351859 0.00249537 -0.000393435 0.999995 0.00282184 -0.0124203 -0.00351742 -0.00282333 0.999992 0.701991
0.999997 0.000770117 0.0015681 -0.00547476 -0.000771819 1 0.0010484 0.00106353 -0.00156731 -0.00104935 0.999996 0.686467
0.999999 -0.000499127 0.00210381 -0.00351942 0.000502132 0.999998 -0.00138891 -0.000163609 -0.00210311 0.00138976 0.999999 0.702961
0.999969 -0.00736014 0.00225292 0.00692796 0.00736752 0.999968 -0.00331489 -0.00948033 -0.00222846 0.00333168 0.99999 0.716263
0.999983 -0.00601291 0.00133823 0.00789339 0.00601486 0.99998 -0.00141036 -0.0165989 -0.0013296 0.00141827 1 0.743106
0.999991 -0.00168266 0.00315849 -0.00328746 0.00168787 0.999998 -0.0016658 -0.00530019 -0.00315578 0.00167122 0.999992 0.755554
0.999993 0.00423095 0.00017404 -0.00748341 -0.00423123 0.999989 0.00164003 0.0083824 -0.000166925 -0.00164086 1 0.719412
0.999997 4.90202e-05 0.00153806 -0.00299126 -5.74155e-05 0.999986 0.00548052 0.00352175 -0.00153787 -0.00548053 0.999982 0.749354
0.999999 -0.00223169 0.00118227 0.00197819 0.00222623 0.999986 0.00456951 -0.000295928 -0.00119228 -0.00456694 0.99999 0.748446
0.999994 -0.00163793 0.00237577 -0.00350113 0.00163432 0.999999 0.00152241 -0.0156606 -0.00237844 -0.00151847 0.999995 0.715982
0.999993 0.00362945 0.00227498 -0.00790297 -0.00362872 0.999992 -0.000325965 -0.00661841 -0.00227594 0.000317577 0.999999 0.744271
0.999995 -0.000439777 0.00243827 -0.00330288 0.000438916 1 0.000351409 -0.0286268 -0.0024386 -0.000350206 0.999996 0.721028
0.999994 0.00151616 0.00353754 -0.00154787 -0.0015188 0.999998 0.000756864 -0.00880028 -0.00353618 -0.000762382 0.999995 0.737124
0.999997 -0.000107768 0.00137863 -0.00275195 0.000106714 0.999999 0.00074709 -0.0129064 -0.00137892 -0.000746821 0.999997 0.735733
0.99999 0.00478652 0.000988185 -0.0393945 -0.00478607 0.99999 -0.000424263 0.000525284 -0.00099001 0.000419394 1 0.678782
0.999994 0.00218066 0.00198838 -0.000309916 -0.00218136 0.999997 0.000287513 -0.00391194 -0.00198793 -0.000291669 0.999996 0.74438
0.999996 0.00323522 0.0011252 -0.015391 -0.00323398 0.999995 -0.00101466 -0.00421339 -0.00112829 0.00101076 1 0.72625
0.999998 5.03537e-05 0.00153417 -0.00638677 -5.13846e-05 1 0.000631552 -0.00739641 -0.00153432 -0.000631275 0.999998 0.76323
1 0.000545783 0.000727464 -0.00742891 -0.000545899 1 0.000301999 -0.00835738 -0.000727063 -0.000302712 1 0.755208
0.999997 -0.000569323 0.00188793 -0.00543599 0.000566214 0.999999 0.00158965 -0.00686257 -0.00188915 -0.0015882 0.999996 0.771303
0.999999 0.0021742 0.000456143 -0.0113289 -0.002175 0.999997 0.00184683 -0.0081089 -0.000451891 -0.00184831 1 0.770412
0.999996 0.00220401 0.00137199 -0.00855808 -0.00220618 0.999995 0.00160476 -0.00843176 -0.00136874 -0.00160734 0.999995 0.774719
0.999996 2.32179e-05 0.00309666 -0.00432339 -2.61522e-05 1 0.000959782 -0.0117923 -0.00309626 -0.000960298 0.999999 0.785325
0.999999 0.000161343 0.000951623 -0.00308694 -0.000161634 0.999999 0.000259373 -0.00465725 -0.000952089 -0.000259134 0.999996 0.778317
0.999997 0.000510983 0.00276458 -0.000305504 -0.000511211 1 0.000105274 -0.00280343 -0.002764 -0.000106994 1 0.796241
1 0.000281535 0.000321442 0.00255312 -0.000280836 0.999997 -0.00225277 -0.0124661 -0.000322617 0.00225294 0.999994 0.781689
0.999999 -0.000606382 0.00150734 0.00411799 0.000609604 0.999999 -0.0021678 -0.00962841 -0.00150548 0.00216846 1 0.801817
0.999999 -3.69696e-05 -0.000973192 -0.00446149 3.42644e-05 0.999995 -0.00277142 -0.0118162 0.000972722 0.00277167 0.99999 0.821969
1 -0.00108164 1.84182e-05 -0.00815611 0.00108167 0.999999 -0.00164251 -0.000310769 -1.603e-05 0.00164228 1 0.818576
0.999996 -0.00227916 0.000192205 0.00618059 0.00227907 0.999996 0.000365928 -0.00440951 -0.000193639 -0.000365218 0.999995 0.836529
1 -0.00100472 -0.00138379 -0.00156681 0.00100696 1 0.00156298 -0.00475281 0.00138283 -0.00156457 1 0.828536
0.999998 0.0010248 0.000405422 -0.0074272 -0.00102561 0.999996 0.00170859 -0.0128653 -0.000404261 -0.00170881 0.999993 0.846443
0.999997 8.76596e-05 -0.00301453 -0.00470461 -8.34512e-05 1 0.00136397 -0.00848919 0.00301524 -0.00136391 1 0.830619
0.999998 0.00011282 -2.67243e-05 -0.000598238 -0.000112931 0.999995 0.00257245 -0.0047176 2.63805e-05 -0.00257228 0.99999 0.863078
0.999999 -9.83297e-05 -0.00246767 -0.00509345 0.00010431 0.999999 0.00235007 -0.0142817 0.00246812 -0.00235046 1 0.854258
0.999996 0.00202285 9.24768e-06 -0.00218694 -0.00202303 0.999996 0.000329108 -0.0174138 -9.33602e-06 -0.000329024 0.999993 0.835075
1 -0.000898289 -0.000492177 -0.00477444 0.000897029 0.999997 -0.00291443 -0.0104867 0.000495498 0.00291393 1 0.85707
0.999997 -0.000282826 -0.00157101 0.00152723 0.000275595 0.999989 -0.00450055 0.00381521 0.00157159 0.00450019 0.999982 0.822687
0.999999 0.00251029 -0.000478949 -0.0099856 -0.0025111 0.999995 -0.00215063 -0.000424511 0.00047435 0.00215171 1 0.865743
0.999996 0.000569133 -0.00208836 -0.00575212 -0.000568614 0.999999 0.000375201 -0.00228359 0.00208777 -0.000373985 0.999992 0.846985
1 -0.00144866 0.000686711 0.00108495 0.00144659 0.999995 0.0032944 -0.0220027 -0.000690624 -0.00329334 1 0.873306
0.999995 -0.00228717 -0.00136664 -0.0155633 0.00228751 0.999996 0.000401175 -0.0200721 0.00136488 -0.000404356 0.999993 0.850362
1 0.000979522 -0.000555895 -0.00811909 -0.00097909 1 0.000425362 -0.0191734 0.000557185 -0.000424799 1.00001 0.859029
0.999998 -3.53081e-05 0.000350455 0.000241539 3.51429e-05 0.999999 4.60106e-05 -0.00983985 -0.000351309 -4.59952e-05 0.999994 0.859896
0.999998 -0.00280316 -0.000711428 -0.00444447 0.00280411 0.999997 0.00124402 -0.00433187 0.000708749 -0.00124601 1.00001 0.847801
0.999992 -0.00354435 -0.000358577 -0.000170794 0.00354491 0.99999 0.00194129 -0.00972222 0.000350881 -0.00194253 0.999992 0.858377
1 0.000530656 -0.000798535 -0.00185727 -0.000530928 1 -0.00052925 -0.0119173 0.00079901 0.000529657 1.00001 0.837343
0.999996 -0.00180015 0.000350048 -0.00748951 0.00180037 0.999996 -0.00114218 -0.00719885 -0.000348753 0.00114285 0.999993 0.833495
0.999992 0.00444048 -0.0013936 -0.00730808 -0.00444049 0.999993 -0.000191203 -0.00756084 0.00139339 0.000197436 1.00001 0.834464
0.999993 0.00313054 -0.000958694 -0.00677069 -0.00312745 0.999987 0.00353997 0.00531865 0.000969099 -0.00353698 0.999988 0.813473
0.999991 0.00460038 0.000316612 -0.0103945 -0.00460069 0.99999 0.00193606 -0.00277959 -0.00030705 -0.00193749 1 0.829418
0.999992 0.00352706 0.00039261 -0.00725824 -0.00352662 0.999991 -0.00168588 -0.00110258 -0.000399273 0.00168453 0.999993 0.813883
0.999994 0.00368045 0.00168703 -0.00529815 -0.00367455 0.999989 -0.00336975 -0.00306141 -0.00169867 0.00336349 0.999999 0.8166
0.999997 0.0014394 -0.000271752 -0.00827006 -0.00144016 0.999995 -0.00197001 -0.0060533 0.000268137 0.00197045 0.999993 0.827333
1 -0.000831884 -0.000300502 -0.00754811 0.000831934 1 -0.000675493 -0.0164944 0.000301868 0.000675201 1.00001 0.827336
0.999996 -0.00151942 0.000517319 -0.00737168 0.0015191 0.999997 5.40229e-05 -0.00886134 -0.000518154 -5.32631e-05 0.999994 0.788393
1 -0.00146159 -9.42421e-05 -0.00885946 0.00146192 1 0.000342605 -0.00627316 9.45331e-05 -0.000342708 1.00001 0.799835
0.999997 -0.00124616 0.000460664 -0.00729974 0.00124676 0.999996 -0.00172442 -0.015421 -0.000459334 0.001725 0.999993 0.77845
1 -0.000809612 -0.00151811 -0.00863422 0.000810646 1 0.000538638 -0.00737001 0.00151852 -0.000539908 1 0.695121
0.999998 0.000905559 0.00163161 -0.00287823 -0.000907553 0.999998 0.00103834 -0.00416907 -0.00163137 -0.00103982 0.999994 0.805232
1 0.000244589 0.000781743 -0.0103461 -0.000245364 1 0.00143163 -0.0102103 -0.000780713 -0.00143184 1 0.738136
0.999995 -0.000545203 0.003119 -0.00744892 0.000544159 0.999999 0.000219321 -0.0186322 -0.00311989 -0.000217582 0.999992 0.796673
0.999994 0.000554971 0.00338527 -0.00348636 -0.000548729 0.999999 -0.00173819 -0.0248749 -0.00338538 0.00173626 0.999996 0.785928
0.999996 0.00105078 0.00255069 -0.00649919 -0.00104831 0.999998 -0.00111726 -0.00957471 -0.00255271 0.00111466 0.999993 0.780751
0.999993 -0.00053418 0.00383903 -0.00158293 0.000533417 1 0.000310433 -0.00804784 -0.00383833 -0.000308499 0.999996 0.794685
0.999997 -0.000819837 0.00230123 -0.00183922 0.000817005 0.999999 0.00104916 -0.014221 -0.00230297 -0.00104714 0.999994 0.782184
0.999994 -0.00129204 0.00337188 -0.00325447 0.00129198 1 0.000144188 -0.0115616 -0.00337118 -0.000139953 0.999998 0.778581
0.999994 0.00297281 0.00173685 -0.0148246 -0.00296679 0.999988 -0.00368952 -0.00744277 -0.00174857 0.00368442 0.999989 0.78208
0.999997 0.000328126 0.00229448 -0.0165941 -0.000311106 0.999975 -0.00725114 -0.00745689 -0.00229604 0.0072503 0.999975 0.788549
0.999988 -0.00336042 0.00348942 -0.00315552 0.00336717 0.999991 -0.00202826 -0.00241359 -0.00348341 0.00204007 0.999988 0.773187
0.999997 -0.0015483 0.00196718 -0.00640353 0.00154378 0.999997 0.00249039 -0.00404042 -0.00197022 -0.00248742 0.999999 0.76372
0.999993 0.000335538 0.00340627 -0.0171498 -0.000358346 0.999977 0.00658785 -0.00140159 -0.00340471 -0.00658902 0.999969 0.771176
1 0.000615833 0.00147376 -0.0175847 -0.000617904 1 0.00166594 -0.00797199 -0.00147203 -0.00166686 1 0.778252
0.999996 0.0013749 0.00201809 0.00259139 -0.00137088 0.999995 -0.00216326 -0.00348324 -0.00202174 0.00216046 0.999992 0.783885
0.999997 0.00231899 0.00210621 -0.0048127 -0.00231265 0.999995 -0.00283884 -0.0136365 -0.00211209 0.00283399 0.999998 0.765375
0.999996 -0.000319189 0.00255627 0.0107884 0.000325757 0.999995 -0.00271484 -0.00581003 -0.00255612 0.00271562 0.99999 0.76345
0.999994 -0.00285588 0.00229783 0.00888623 0.00286149 0.999995 -0.00228076 -0.0215704 -0.00229062 0.00228733 0.999999 0.750445
0.999998 -0.000251301 0.00133961 0.00331052 0.000257134 0.999987 -0.00466457 -0.00966252 -0.00133915 0.00466494 0.999984 0.763713
0.999996 0.00198302 0.00264004 0.00123161 -0.00197831 0.999999 -0.00162565 0.00370194 -0.00264255 0.00162036 0.999999 0.75779
0.999996 -0.00112946 0.0019202 -0.00396307 0.00112527 0.999996 0.00197527 -0.00612693 -0.00192317 -0.00197307 0.999992 0.759775
0.999992 -0.00228516 0.00383828 0.0046438 0.0022732 0.999994 0.00322135 -0.00959687 -0.00384489 -0.00321263 0.999992 0.76684
0.999986 0.000300973 0.00486688 0.00749818 -0.000310041 0.999997 0.00178122 -0.0139253 -0.00486704 -0.00178264 0.999982 0.761363
0.999984 -0.000393075 0.00596863 0.00238401 0.000388115 1 0.000907195 -0.00920569 -0.00596835 -0.000904934 0.999986 0.763961
0.999959 0.000422028 0.00893184 -0.0010092 -0.000425081 0.999998 0.000285532 -0.00811381 -0.00893234 -0.000289215 0.999957 0.730608
0.999954 0.000434061 0.00979765 -0.00273989 -0.000424703 1 -0.00089615 0.000129854 -0.00979738 0.000891853 0.999955 0.755492
0.999921 0.000309654 0.0124829 -0.000151836 -0.000304636 0.999998 -0.000450466 -0.00712565 -0.0124837 0.000446768 0.999919 0.758714
0.999921 -0.00042149 0.012679 -0.00476961 0.000434637 1 -0.000983728 -0.00617278 -0.012678 0.000989079 0.999923 0.720697
0.999912 -0.00187946 0.0130106 0.00437746 0.00186752 0.999996 0.000881995 -0.00129444 -0.0130129 -0.000857507 0.999911 0.727985
0.999933 -0.001226 0.0116306 0.00612047 0.00122044 1 0.000539044 -0.00332618 -0.0116306 -0.000524911 0.999936 0.733191
0.999935 -0.00373766 0.0106715 0.00882621 0.00373035 0.999992 0.000647407 -0.0111227 -0.0106745 -0.000607415 0.999939 0.723929
0.999945 -0.0049971 0.00935397 0.0284293 0.00499247 0.999988 0.00058966 -0.00416385 -0.00935617 -0.000543089 0.99996 0.71759
0.99997 -0.0024653 0.00709487 0.0193381 0.00246439 0.999996 4.73365e-05 -0.00810326 -0.00709558 -2.96654e-05 0.999971 0.719326
0.999982 0.00160948 0.00600548 0.00793194 -0.00160526 0.999999 -0.000598196 0.00722516 -0.00600586 0.000588324 0.999985 0.706028
0.999983 -0.00315264 0.00469098 0.00960589 0.00313827 0.99999 0.00290299 -0.00483138 -0.00470078 -0.00288803 0.999981 0.705888
0.999986 -0.00488789 0.00259882 0.0121955 0.00488073 0.999984 0.00306626 -0.00562457 -0.00261293 -0.00305379 0.999995 0.7315
