1 -0.000424934 -8.86788e-06 -0.00693538 0.00042494 0.999999 0.00142838 -0.0113407 8.34098e-06 -0.00142847 0.999999 1.3138
1 -0.000857726 0.000512664 -0.0137917 0.000857625 1 0.000169358 -0.0206377 -0.000512843 -0.000168804 0.999999 1.32092
0.999999 -0.000770192 -0.000833113 -0.00424869 0.00077005 1 -0.00017213 -0.0291091 0.000833341 0.000171357 1 1.33967
1 2.31034e-05 0.00109989 0.00165424 -2.35084e-05 1 0.000343289 0.00333402 -0.00109998 -0.00034321 0.999999 1.29919
1 -0.000355821 -0.00107302 -0.00707764 0.000357151 1 0.00124014 0.00798294 0.00107273 -0.00124057 0.999999 1.34069
0.999999 -0.00141975 0.000171069 -0.00370685 0.00141958 0.999999 0.000985285 -0.0309192 -0.000172623 -0.000984963 0.999999 1.33126
1 0.000559655 0.000914165 -0.00854766 -0.000560223 1 0.000576987 -0.0036953 -0.000913731 -0.000577516 1 1.32471
1 -1.16018e-05 -0.000908342 -0.00923702 8.91755e-06 0.999996 -0.00297222 -0.0199116 0.00090836 0.00297219 0.999995 1.34497
0.999996 0.00279265 0.000722696 -0.00786731 -0.00279129 0.999994 -0.0019346 0.00349119 -0.00072792 0.00193268 0.999999 1.32947
0.999997 0.00243978 -0.000536525 -0.0161937 -0.00244077 0.999995 -0.00186129 -0.0269916 0.00053175 0.00186248 0.999998 1.3505
0.999998 0.0018449 0.000188981 -0.0106589 -0.0018449 0.999999 -4.7219e-05 -0.00819561 -0.000188833 4.70343e-05 1 1.34178
1 0.00036816 0.000816912 -0.0133233 -0.000368974 0.999999 0.00104404 0.00973517 -0.000816626 -0.00104451 0.999999 1.33167
0.999999 -0.00151971 -0.000160815 0.00386586 0.00152004 0.999996 0.0026765 -0.0124205 0.000156883 -0.00267648 0.999997 1.36236
0.99999 -0.00398367 0.00156547 0.00114191 0.00397962 0.999987 0.00264653 -0.0127948 -0.00157615 -0.00264051 0.999995 1.35774
0.999998 -0.00225454 -0.00113345 0.00810512 0.0022525 0.999997 -0.00169265 -0.0251497 0.00113748 0.00169037 0.999998 1.34327
0.999997 -0.00137337 0.00157141 0.00612912 0.00137893 0.999992 -0.003453 -0.00260361 -0.00156682 0.00345503 0.999993 1.31437
1 0.00147992 -0.000399663 -0.00409135 -0.00148018 1 -0.0002721 -0.00245197 0.000399484 0.000272797 1 1.36142
0.999995 0.00226463 0.00115168 -0.00339277 -0.00226449 0.999995 -2.80143e-05 0.00507563 -0.001152 2.52516e-05 0.999999 1.29323
1 0.000106234 0.00197138 -0.00782357 -0.000115655 0.999991 0.00468076 -0.00769892 -0.00197047 -0.00468089 0.999988 1.34736
0.999995 -0.00213219 -0.00146273 0.00618035 0.00213298 0.999995 0.000426779 -0.0167874 0.00146141 -0.000429955 0.999998 1.32908
0.999998 -0.00244541 0.00116027 -0.00112044 0.00244564 0.999999 -0.00029584 -0.0349724 -0.00115921 0.000298852 1 1.33929
0.999997 -0.000410696 -0.00169473 -0.00414258 0.000407716 0.999996 -0.00180807 -0.00679379 0.00169518 0.00180701 0.999995 1.39717
1 0.000618927 0.00206892 -0.00391442 -0.000619475 1 0.000195121 -0.0312704 -0.00206859 -0.000196213 1 1.35657
0.999993 0.00240417 -0.00174038 -0.0254827 -0.00240447 0.999996 -0.000222909 -0.00728413 0.00173963 0.000226873 0.999996 1.45332
1 0.000503101 0.00051283 -0.00282153 -0.000502857 1 -0.000705656 -0.0215614 -0.00051297 0.000705559 1 1.38327
0.999996 -0.000620573 0.000357853 0.00793017 0.000620507 0.999998 0.000550529 -0.0144788 -0.000358437 -0.000550472 0.999997 1.38485
1 -0.000397194 -0.00231361 -0.014971 0.000403232 0.999999 0.00266003 -0.0222668 0.00231281 -0.00266087 0.999998 1.43704
0.999996 0.00096572 0.00114596 -0.00798501 -0.000967582 0.999996 0.00175509 -0.0165163 -0.00114458 -0.0017562 0.999995 1.38592
0.999999 0.00267637 -0.00114822 -0.0055966 -0.00267681 0.999998 -0.000214666 -0.0149739 0.00114794 0.000217837 1 1.4104
0.999996 0.00162186 0.000702376 -0.021377 -0.0016222 0.999998 0.00061994 -0.017128 -0.000701701 -0.000621153 0.999996 1.38936
1 0.000629665 0.00131043 -0.0124755 -0.000630873 1 0.00090975 -0.0109136 -0.00130956 -0.000910538 1 1.39126
0.999996 -0.000203461 -0.00149946 -0.0115464 0.000204203 0.999999 0.000474241 -0.0118157 0.00149925 -0.000474647 0.999995 1.42301
1 -0.000761651 0.00118187 -0.00860763 0.000761168 1 0.000355321 -0.0237493 -0.00118181 -0.000354304 1 1.39627
0.999994 -0.000972182 -0.00228702 0.00900232 0.000968208 0.999998 -0.00176225 -0.0267114 0.00228841 0.00175996 0.999992 1.42301
1 9.69384e-05 0.00078548 -0.00263498 -9.75903e-05 1 0.000886473 -0.0114776 -0.000785052 -0.000886489 1 1.39999
0.999995 -7.14423e-05 -0.00219776 -0.0124654 7.26614e-05 1 0.00058003 -0.0170095 0.00219729 -0.000580159 0.999994 1.4281
1 -0.000504086 -0.00203704 -0.0137595 0.000505776 1 0.000784425 -0.0155345 0.00203711 -0.000785502 1 1.44461
0.999997 0.000320801 0.000752352 -0.00593011 -0.000321305 1 0.000541052 -0.0145218 -0.000752643 -0.000541251 0.999996 1.40583
1 0.000438566 -0.00230812 -0.0112125 -0.000435317 0.999999 0.00142039 -0.0138516 0.00230917 -0.00141934 1 1.43605
0.999996 -0.00105482 0.000552853 -0.00481814 0.00105419 0.999999 0.00117101 -0.0117775 -0.000554696 -0.00117043 0.999993 1.426
1 -5.57637e-05 -0.00188157 -0.00602015 5.61955e-05 1 0.000279776 -0.012624 0.0018821 -0.000279872 1 1.44018
0.999992 -0.00277513 -0.000749504 -0.0135134 0.0027755 0.999996 0.000445996 -0.014564 0.000747695 -0.000448122 0.999994 1.44101
1 -0.00075719 0.00102018 0.00410074 0.000756743 1 0.000359528 -0.0240853 -0.0010199 -0.000358717 1 1.42342
0.999995 -0.00126876 -0.000591826 -0.00224013 0.00126901 1 0.000338357 -0.0211338 0.000590962 -0.000339284 0.999996 1.42971
1 -0.00064094 0.00187613 0.00364429 0.00064033 1 0.000277876 -0.0288064 -0.00187596 -0.000276408 1 1.40665
0.999995 -0.00091051 9.95869e-05 0.00639146 0.000910458 1 -0.000274248 -0.0410771 -9.95603e-05 0.000274108 0.999995 1.44292
1.00001 -0.000123355 0.000286943 -0.00086406 0.000123566 0.999999 -0.000596529 -0.0178653 -0.000286721 0.000596859 1 1.41823
0.999992 0.000187986 0.00255392 -0.0149004 -0.000188124 1 -1.20614e-05 -0.0215315 -0.00255409 1.12098e-05 0.999992 1.39844
1 0.0012568 -0.000519012 -0.011339 -0.00125635 1 0.000488373 -0.018127 0.000519793 -0.000487454 1 1.42054
0.999992 0.0019417 0.00193658 -0.00327841 -0.0019451 0.999996 0.00161043 -0.0233501 -0.00193364 -0.00161452 0.999993 1.41012
1 0.00319544 -0.00058064 -0.0112552 -0.00319448 0.999995 0.0014021 -0.022137 0.000585308 -0.00139978 1 1.41577
0.999985 0.00416792 0.00167241 -0.0140562 -0.00417009 0.999989 0.00121248 -0.0275481 -0.0016676 -0.00121986 0.999994 1.38728
1 0.00209992 0.000200676 -0.0232879 -0.00209947 0.999999 -0.000867508 -0.00223561 -0.00020225 0.000867476 1 1.41571
0.999986 0.00426325 0.000717868 -0.0120138 -0.00426311 0.999989 -0.00071659 -0.0222833 -0.000721206 0.00071324 0.999997 1.4072
1 0.000545541 0.00161879 -0.00913867 -0.0005457 1 0.000246042 -0.0192905 -0.00161837 -0.000246561 1 1.38279
0.999994 -0.000353126 -0.000454341 -0.00324099 0.00035278 0.999999 -0.000187406 -0.0168522 0.000454058 0.000186934 0.999997 1.40509
1 -0.00183933 0.00281647 -0.00202139 0.00184171 1 -0.000738514 -0.0213338 -0.0028148 0.000744088 0.999999 1.38097
0.999994 -0.000441639 -0.00118388 -0.00735505 0.000441194 0.999998 -0.000113566 -0.0167276 0.00118353 0.000112773 0.999996 1.39647
1 -0.00104082 0.000344048 -0.0109488 0.00104167 1 -0.00159714 -0.0130666 -0.000342002 0.00159782 1 1.43402
0.999993 -0.000972457 0.0020162 0.01131 0.000971846 0.999998 0.000134354 -0.0246797 -0.00201676 -0.000132841 0.999996 1.37335
1.00001 -1.46226e-05 -0.00106804 -0.0100255 1.48367e-05 1 2.49425e-05 -0.0198619 0.00106849 -2.444e-05 1 1.38914
0.999995 -1.86388e-05 0.000309189 -0.00846963 1.83221e-05 0.999999 0.000249503 -0.0124206 -0.000309724 -0.000249991 0.999997 1.35424
1 -0.00159736 -0.00125867 -0.0109656 0.00159721 1 -0.000353884 -0.0192601 0.00125961 0.000352408 1 1.42061
0.999992 -0.00162091 -0.000934029 -0.00773891 0.00162142 0.999998 0.000838997 -0.0219175 0.000932194 -0.000841093 0.999997 1.36826
1 -0.00333672 0.000307222 0.000492464 0.00333708 0.999995 -0.000382052 -0.0179725 -0.000305569 0.000383615 1 1.39204
0.999993 -0.00104043 -0.00171 -0.00257771 0.00104051 0.999999 0.000221114 -0.0183112 0.00170939 -0.000223499 0.999996 1.38118
1 -0.00278146 -0.00030806 0.00952087 0.00278182 0.999997 0.000317889 -0.014704 0.000307507 -0.000318149 1 1.37954
0.999996 -0.000491129 -0.00103605 -0.00524035 0.000491131 0.999999 0.000368692 -0.0144665 0.00103558 -0.000369673 0.999997 1.37687
1 -0.000462254 0.000624505 -0.00438237 0.000462787 1 -0.000203577 -0.0181661 -0.000623998 0.000204338 1 1.34717
0.999996 -0.000588161 -0.000467465 -0.00863799 0.000587609 0.999999 -0.000309467 -0.0335369 0.000467248 0.000308779 0.999999 1.37752
1 -0.000885866 0.00035073 -0.00954203 0.00088638 1 -0.00044815 -0.0211528 -0.000349875 0.000448976 1 1.38523
0.999996 -0.000337909 0.000717076 -0.0198925 0.000338047 0.999999 -0.000584046 -0.0187095 -0.000717384 0.000583793 0.999999 1.37959
1 -0.000221576 0.000344949 -0.012641 0.000221418 1 0.00121609 -0.0351147 -0.000344704 -0.00121551 1 1.36873
0.999994 2.86409e-05 0.00196029 -0.0115264 -2.91869e-05 0.999999 0.000161127 -0.0147604 -0.00196078 -0.000161645 0.999996 1.33657
1 -0.000581864 -0.000301938 -0.0125795 0.000581899 1 -0.000821624 -0.0281757 0.00030305 0.000821813 1 1.36787
0.999996 -0.000223115 0.000333055 -0.0084116 0.000223465 0.999998 -0.00176805 -0.0122444 -0.000333206 0.00176774 0.999997 1.34655
1 -0.000569022 0.000508966 -0.0115052 0.000569832 1 -0.00115413 -0.020965 -0.000507643 0.00115485 1 1.30695
0.999991 -0.00286043 -0.000172908 -0.00319295 0.0028603 0.999995 0.000522013 -0.0159181 0.00017075 -0.000522908 1 1.35826
1 -0.0018456 0.000789867 0.00258359 0.00184478 0.999999 0.00135665 -0.00853986 -0.000791778 -0.00135479 0.999999 1.30126
0.999993 -0.00153747 0.000556804 -0.00439045 0.00153683 0.999997 0.000682237 -0.0219694 -0.000558388 -0.000681797 1 1.34965
1 -0.000433017 0.00104371 -0.00146155 0.000434019 1 -0.000653661 -0.0268608 -0.00104282 0.000654554 0.999999 1.33003
0.999993 0.00127192 0.00121166 -0.0128184 -0.00127062 0.999997 -0.00133149 -0.0188517 -0.00121394 0.0013295 0.999998 1.32228
1.00001 0.00112858 0.00118301 -0.0118055 -0.00112725 1 -0.000885802 -0.0258595 -0.00118337 0.000885062 1 1.36623
0.999988 0.00210736 0.00270383 -0.00910428 -0.00210645 0.999995 -0.000389653 -0.0162754 -0.00270525 0.00038343 0.999996 1.32318
1 0.00125297 0.00150805 -0.00740826 -0.00125656 0.999998 0.00245797 -0.0123086 -0.00150433 -0.00245913 0.999996 1.36209
0.999992 -0.000459745 0.00217645 -0.00557835 0.000455134 0.999996 0.00201705 -0.0190218 -0.00217797 -0.00201672 0.999996 1.31277
1.00001 -0.000112672 0.00052389 -0.00658577 0.000112583 1 0.000725221 -0.0162396 -0.000523267 -0.000724678 0.999999 1.36505
0.999993 0.000832054 0.000987802 -0.00580755 -0.000831407 0.999998 -0.00093997 -0.00661155 -0.000989252 0.000938731 0.999999 1.34815
1 0.0014668 0.00212682 -0.00764927 -0.00146528 1 -0.000557241 -0.0212437 -0.002127 0.000554615 0.999998 1.32099
0.999991 0.0021487 0.000476097 -0.011107 -0.0021482 0.999995 -0.00148548 -0.0179075 -0.000480031 0.00148402 0.999999 1.38422
1.00001 0.000748138 0.00221069 -0.00427869 -0.000747775 1 -7.32363e-05 -0.0100559 -0.00220998 7.20473e-05 0.999998 1.3148
0.999991 0.00144789 0.000738553 -0.0067703 -0.00144797 0.999998 -0.000156904 -0.0103674 -0.000739421 0.000155282 1 1.36872
1.00001 -0.000738104 0.00179666 0.00654462 0.000739075 1 -0.000426493 -0.00861171 -0.00179567 0.000428371 0.999998 1.32479
0.99999 -0.000396878 0.00216238 -0.00288801 0.000394392 0.999999 0.0010638 -0.0154779 -0.00216348 -0.00106346 0.999998 1.31678
1.00001 -0.00131717 0.000171803 -0.0119018 0.00131735 1 0.000677332 -0.0167054 -0.00017198 -0.000676704 0.999999 1.37074
0.999991 3.56287e-05 0.00197084 -0.00112993 -3.68705e-05 0.999999 0.000456493 -0.0140646 -0.00197149 -0.000457023 0.999998 1.32426
1.00001 -0.000489339 0.00024758 -0.00825615 0.000489624 1 7.08027e-05 -0.0247479 -0.000246864 -7.03533e-05 1 1.37976
0.99999 -0.00233511 -0.000564076 -0.00283355 0.00233462 0.999997 -0.000344825 -0.0172262 0.000564098 0.000343247 1 1.36359
1.00001 -0.00174686 0.00081578 0.00706752 0.00174729 0.999999 -0.000408681 -0.0247351 -0.000814447 0.000410222 1 1.32023
0.99999 -0.00117434 -0.00178448 -0.0127333 0.00117416 0.999999 -6.52285e-05 -0.0194493 0.00178383 6.30714e-05 0.999998 1.36853
1.00001 -0.00228436 -0.000176939 -0.00183167 0.00228459 0.999998 6.415e-05 -0.0262928 0.000177394 -6.44087e-05 1 1.32206
0.99999 -0.00159017 -0.00188597 -0.00930793 0.00159094 0.999997 0.000546364 -0.0197471 0.00188447 -0.000549541 0.999997 1.35688
1.00001 -0.0014096 0.00122781 -0.0019303 0.00140828 1 0.00131964 -0.0126223 -0.001229 -0.00131779 1 1.33003
0.99999 -0.000282844 -0.00241473 -0.0155344 0.000283125 1 0.000274134 -0.0177805 0.00241393 -0.000274827 0.999998 1.35307
1.00001 -0.00125653 -0.00144171 -0.017754 0.00125632 0.999999 -0.000393207 0.00156837 0.00144292 0.000391331 0.999998 1.3896
0.999991 -0.00188355 0.000457301 0.00366068 0.00188384 0.999997 -0.00155764 -0.0144443 -0.00045505 0.0015586 1 1.33088
0.999993 -0.00492869 -0.00204367 -0.00239904 0.00492883 0.999989 -4.48801e-05 -0.0286926 0.00204446 3.47038e-05 0.999997 1.35853
0.999972 -0.00644563 -0.000611222 0.0126605 0.00644678 0.999976 0.00221267 -0.0145779 0.000596436 -0.00221649 0.999999 1.36956
0.999989 -0.00540533 -0.00257184 0.00440356 0.00540727 0.999986 0.000682908 -0.0152856 0.0025684 -0.000696831 0.999997 1.35546
0.999991 -0.00262867 -0.00110352 0.00288389 0.00262792 0.999995 -0.000579131 -0.0162938 0.00110469 0.000576383 1 1.34219
1 0.000182922 0.00151987 -0.00560124 -0.000178687 0.999997 -0.00270528 -0.0181657 -0.00152 0.00270493 0.999994 1.40001
0.999994 0.00211425 -0.000247897 -0.0144069 -0.00211479 0.999997 -0.00154755 -0.00452747 0.000244322 0.0015483 1 1.34675
1 0.000935696 0.0022928 -0.00150922 -0.000934749 1 -0.000339404 -0.0343242 -0.00229279 0.000337074 0.999997 1.34042
0.999991 -0.00306679 0.000618299 -0.0102396 0.00306555 0.999994 0.00174266 -0.0167421 -0.000624011 -0.00174048 0.999999 1.35089
0.999975 -0.00741205 0.00181917 0.0245584 0.00740558 0.999966 0.00362186 0.0092984 -0.00184563 -0.00360853 0.999991 1.34071
0.999986 -0.00431693 0.00161251 -0.00330517 0.0043152 0.999991 0.000954167 -0.0073005 -0.00161671 -0.000946911 1 1.33232
1 -0.00130544 -0.000319497 0.0030235 0.0013055 0.999999 0.000514559 -0.02561 0.000319237 -0.000515005 1 1.33796
0.999991 0.00160286 0.00288376 -0.00401057 -0.00160328 0.999999 0.000201222 -0.00675687 -0.00288355 -0.000205862 0.999997 1.31564
0.999998 0.00393726 0.000106316 -0.00736721 -0.00393775 0.999991 0.0002729 -0.0135883 -0.000104973 -0.000273119 1 1.35546
0.999988 0.00272593 0.00249996 -0.0205237 -0.00271608 0.99999 -0.00375204 0.00935882 -0.0025104 0.00374506 0.99999 1.35011
1 0.00167048 -0.000854565 -0.0221649 -0.00167147 0.999997 -0.000691957 -0.00919015 0.000853639 0.000693614 0.999999 1.31721
0.999994 0.00116287 0.000592919 -0.00853924 -0.0011626 1 0.000289592 0.0208701 -0.000592972 -0.000290408 1 1.37804
1 0.0011764 0.000614913 0.000539091 -0.00117692 0.999999 0.000176295 0.000514627 -0.000614193 -0.000177003 1 1.33115
0.999993 0.00161062 -0.00158784 -0.0467101 -0.00161346 0.999997 -0.00208519 -0.00711523 0.00158387 0.00208785 0.999996 1.28203
1 0.00257029 0.00066027 -0.0180546 -0.002569 0.999993 -0.00270813 -0.00746673 -0.000666778 0.00270633 0.999997 1.31939
0.999979 0.00532137 -0.00109962 -0.0232511 -0.00532231 0.999986 -0.00121933 -0.00506198 0.00109254 0.0012253 0.999999 1.38536
0.999998 0.00414432 0.000271902 -0.0141558 -0.0041453 0.99999 0.00150701 -0.00613759 -0.000265141 -0.00150828 0.999999 1.36862
0.99999 0.00227546 0.00188099 -0.00611488 -0.00227821 0.999997 0.00170874 -0.0106125 -0.00187765 -0.00171283 0.999997 1.36853
1.00001 0.000106538 -0.000852563 -0.00650586 -0.0001054 0.999997 0.002098 -0.0143986 0.00085325 -0.0020981 0.999998 1.38375
0.999991 -0.00272909 0.000104387 -0.000737747 0.00272963 0.999997 0.00161836 -0.013889 -0.000109272 -0.00161787 1 1.37219
0.999999 -0.00232927 -0.00256419 0.000858265 0.00233125 0.999995 0.00107223 -0.0195022 0.00256215 -0.00107838 0.999995 1.37969
0.999995 -0.000702606 -1.267e-05 -0.00381087 0.00070344 0.999992 -0.0040915 -0.00717738 1.49921e-05 0.00409159 0.999992 1.37012
1 0.00111593 -0.00134757 -0.000324786 -0.00112239 0.99999 -0.00406202 -0.00929288 0.00134361 0.00406336 0.999991 1.38009
0.999989 0.00196254 -0.00270274 0.00920066 -0.00197057 0.999993 -0.00334743 -0.00633448 0.00269556 0.00335289 0.999991 1.37293
1 0.00297883 0.00158547 -0.00483678 -0.00298142 0.999994 0.00104079 -0.024477 -0.0015817 -0.00104571 0.999998 1.35777
0.999994 0.0016235 -0.0010283 -0.0104838 -0.00161939 0.999996 0.00304128 -0.00910596 0.00103268 -0.00303949 0.999997 1.41075
1 -0.000634001 0.00233946 -0.0135413 0.000626633 0.999995 0.00278243 -0.0192461 -0.00234091 -0.00278104 0.999992 1.37173
0.999994 -0.000454033 -0.000700157 -0.00381769 0.000455237 1 0.000555901 -0.00753887 0.000699495 -0.000556116 1 1.41822
1 -0.00274429 1.56064e-05 -0.00245114 0.00274364 0.999997 0.000621692 -0.0157238 -1.67945e-05 -0.00062184 0.999998 1.40237
0.999994 -0.00114626 -0.000178124 0.00551566 0.00114713 0.999999 0.000362922 -0.0303004 0.000177215 -0.000362987 1 1.38574
1 -0.00236895 -0.000547226 -0.00228173 0.00236835 0.999998 0.000318414 -0.0221088 0.0005471 -0.000320145 0.999999 1.42935
0.999991 -0.00176391 0.00127914 0.00234505 0.00176269 0.999997 0.00150092 -0.0223771 -0.00128227 -0.00149825 1 1.39266
0.999999 -0.00308614 -0.00220633 0.00460101 0.00308839 0.999995 0.00128377 -0.0325907 0.00220286 -0.00129099 0.999994 1.46865
0.999993 -0.00162594 -5.41378e-05 -0.00257375 0.00162669 0.999997 0.00151651 -0.0406691 5.12197e-05 -0.0015162 1 1.39721
1 0.0017334 -0.00131598 -0.0152367 -0.00173848 0.999995 -0.00340505 -0.0196838 0.0013104 0.00340707 0.99999 1.44442
0.99997 0.00680373 0.000561987 -0.0149798 -0.00680088 0.999968 -0.00392636 -0.0112517 -0.000588908 0.00392286 0.999996 1.41909
0.999968 0.00855316 0.00214528 -0.0195007 -0.00855429 0.999965 0.000243578 -0.00614741 -0.002143 -0.000262214 0.999994 1.40541
0.999978 0.00553339 -0.000402207 -0.0364 -0.00553183 0.99998 0.00245983 0.00065132 0.000415569 -0.00245738 1 1.48303
1.00001 0.00126308 0.000791517 -0.0114125 -0.00126667 0.999994 0.00383637 -0.0124528 -0.000786478 -0.00383757 0.999989 1.43642
0.999988 -0.0015675 -0.00284468 -0.0137135 0.00156823 0.999996 6.14656e-05 -0.0191128 0.00284435 -6.57107e-05 0.999999 1.46108
1 -0.00277464 -9.12645e-05 0.0320747 0.00277407 0.999999 -0.000340457 -0.00399904 9.22854e-05 0.000339971 0.999997 1.45828
0.999992 -0.00149672 -1.07231e-05 0.0025425 0.00149737 0.999997 0.000305556 -0.0159177 1.02211e-05 -0.000305449 1 1.44417
1 0.000815816 -0.00174466 -0.0121551 -0.000816085 1 0.000284433 -0.00756473 0.00174503 -0.000283355 0.999996 1.46548
0.999995 0.000107691 0.000795481 -0.0105712 -0.000106951 1 -6.71774e-06 -0.0214363 -0.000795493 6.79119e-06 1 1.42823
1 0.0017103 -0.0012583 -0.0149201 -0.00170965 1 0.00103525 -0.0152681 0.00126017 -0.00103338 0.999995 1.48163
0.999993 -0.000711911 -0.000167632 -0.010121 0.000712512 0.999997 0.000630234 -0.0100284 0.000167114 -0.000630292 1 1.46064
1.00001 0.000258551 0.000889089 5.03036e-05 -0.000258532 1 -0.000471068 -0.0153511 -0.000889033 0.000470803 0.999996 1.43806
0.999993 0.000325643 -0.00160098 -0.0149285 -0.00032511 0.999997 9.79292e-05 -0.0172004 0.00160088 -9.74142e-05 1 1.49469
1.00001 -0.000299951 0.000771069 0.00438177 0.000299731 1 -0.000197581 -0.0156039 -0.000771052 0.000197911 0.999997 1.44342
0.999992 0.00150808 -0.00156293 -0.012444 -0.00150731 0.999998 0.000244918 -0.0227394 0.00156323 -0.000242591 1 1.4942
1.00001 -0.000656254 0.000562375 -0.00681989 0.000656011 1 -0.00039942 -0.0226429 -0.000562165 0.000399761 0.999999 1.46456
0.999992 -0.000157563 -0.00138629 0.00402299 0.000157747 0.999999 -0.000211481 -0.00776607 0.00138643 0.000211235 1 1.51494
1.00001 0.00146828 -0.000404986 -0.00894982 -0.00146857 1 0.000432033 -0.00948568 0.000405425 -0.000431395 0.999999 1.48606
0.999992 0.00144881 0.000764121 -0.0117769 -0.00144806 0.999997 -0.000353099 -0.00740134 -0.000764461 0.000351976 1 1.47387
1.00001 0.000397511 -0.00198024 -0.0179921 -0.000397443 1 0.000187583 -0.0285431 0.00198017 -0.000186783 0.999997 1.52472
0.999995 0.000263796 0.000946567 -0.00749397 -0.000263149 0.999998 -0.00035632 -0.00797646 -0.000946255 0.000355953 1 1.47515
1.00001 0.000714508 -0.000731866 0.00286159 -0.000715007 1 -0.000151571 -4.38416e-05 0.000731506 0.000152247 0.999999 1.50262
0.999995 -0.000781861 0.000276821 -0.00693243 0.000782051 0.999998 0.000775168 -0.0163203 -0.000277057 -0.000775043 1 1.48597
1 -3.65378e-05 0.00107211 -0.00881785 3.58504e-05 1 0.00018571 -0.00944084 -0.00107247 -0.000185705 0.999998 1.48368
0.999994 0.00023137 -0.00184106 -0.00141008 -0.000230274 1 0.00025452 -0.0129961 0.00184131 -0.000254198 1 1.49937
1.00001 -0.000351214 0.000967569 -0.0104151 0.000351015 1 -0.00043981 -0.014963 -0.000967773 0.000440083 1 1.5055
0.999994 -0.00041181 -0.00182159 -0.00744802 0.000412288 1 -1.62867e-05 -0.00869634 0.00182211 1.57884e-05 0.999998 1.50122
1.00001 -0.00114761 0.000779425 -0.00970613 0.00114598 1 0.00147983 -0.0244773 -0.000781692 -0.00147935 1 1.50858
0.999994 -0.000160791 0.000628012 -0.00710437 0.000160691 0.999999 0.000846251 -0.00878057 -0.00062759 -0.000845671 0.999998 1.50225
1.00001 -0.000195304 -0.00154653 -0.0183403 0.000190672 0.999997 -0.00277714 -0.024885 0.00154646 0.0027764 0.999996 1.55739
0.999993 -3.2226e-05 0.00148802 0.00190939 3.67142e-05 0.999995 -0.00274401 -0.0141002 -0.00148727 0.00274454 0.999994 1.5267
1.00001 0.000664978 -0.000641537 -0.008042 -0.000665092 1 0.000266935 -0.0144241 0.000641066 -0.000267047 1 1.52305
0.999994 -0.000345257 0.000104154 -0.00526501 0.000345478 0.999998 0.000984515 -0.0191611 -0.000103855 -0.000983821 1 1.52494
1.00001 0.00138988 0.00010833 -0.0133508 -0.00139027 1 0.00111279 -0.0131295 -0.000107444 -0.00111364 1 1.5126
0.999994 -0.000158895 -0.00105372 -0.00457027 0.0001593 0.999998 0.000334039 -0.0186819 0.00105443 -0.000333685 0.999999 1.53503
1.00001 0.000648637 0.0010939 -0.0126435 -0.000648992 1 0.000355575 -0.0168785 -0.00109449 -0.00035678 1 1.51217
0.999992 -0.000361505 -0.00112455 -0.00269959 0.000361934 0.999998 0.000358745 -0.00892795 0.00112508 -0.00035851 0.999999 1.54126
1.00001 -0.000499029 0.00163212 -0.010369 0.000497046 1 0.00116722 -0.006844 -0.00163343 -0.00116712 0.999999 1.51415
0.99999 -0.00112714 -0.00140148 -0.00604933 0.00112751 0.999998 0.000250372 -0.0216736 0.00140184 -0.000251416 0.999999 1.55237
1.00001 -0.00117099 0.000122868 -0.00387194 0.00117081 1 0.000563981 -0.00596154 -0.000124418 -0.00056449 1 1.53044
0.99999 -0.000359947 0.00221488 -0.00384543 0.000359134 0.999999 0.000421648 -0.00727512 -0.00221418 -0.000420178 0.999997 1.52141
1.00001 -0.000244004 -0.00143527 -0.00165115 0.000243773 1 -8.46441e-05 -0.014374 0.00143436 8.36184e-05 0.999999 1.53837
0.999992 5.26112e-05 0.000884766 -0.00513301 -5.24231e-05 1 -0.000121063 -0.0169859 -0.000883899 0.000121621 1 1.52415
1.00001 0.000241053 -0.00088149 0.0135923 -0.00024126 1 -0.000136357 -0.00988777 0.000880413 0.000135991 1 1.53754
0.999987 -0.00244148 0.00196746 -0.00231449 0.00244117 0.999997 0.000169439 -0.000875988 -0.00196687 -0.000164059 0.999998 1.56991
1 -0.00195197 0.00234922 -0.00293664 0.00195366 0.999998 -0.000769831 -0.0287647 -0.00234867 0.000773896 0.999997 1.51907
0.999991 -0.000647806 -0.000201455 -0.00480253 0.000647789 0.999999 -0.000525144 -0.0205881 0.000202894 0.000525569 1 1.53156
1.00001 0.000733079 0.00256463 -0.00793618 -0.000733122 1 2.23433e-06 -0.0165391 -0.00256576 -4.67585e-06 0.999997 1.53907
0.99999 0.00117065 0.00121624 -0.0124904 -0.00117074 0.999999 0.000100251 -0.0269728 -0.00121501 -0.00010098 0.999999 1.55919
0.999996 0.00165661 0.00498978 -0.00867127 -0.00166441 0.999998 0.00156218 -0.0360832 -0.00498835 -0.00157116 0.999987 1.49836
0.999978 0.00171545 0.0048111 -0.0174195 -0.00172464 0.999996 0.00189909 -0.0319298 -0.00480662 -0.00190658 0.999986 1.50052
1.00001 -0.00095871 0.000971706 -0.0126017 0.000959291 1 -0.000726836 -0.0178981 -0.000972097 0.000727029 1 1.54707
0.999972 0.000823539 0.00608888 -0.00508307 -0.000822779 0.999998 -0.000114449 -0.0432538 -0.00608793 0.000110253 0.999981 1.47564
1.00001 -0.000665155 -0.000526259 -0.00640969 0.000664897 1 -0.000303965 -0.00682932 0.000525547 0.000302935 1 1.54752
0.99999 -0.000429754 0.000794727 -0.00592064 0.000429438 0.999999 0.000522187 -0.0152459 -0.000794098 -0.000521206 1 1.53359
1 -0.00138292 0.00323109 0.000504691 0.00137826 1 0.001387 -0.0208251 -0.00323382 -0.00138304 0.999995 1.52209
0.99999 -0.00060378 -0.000645778 -0.0224016 0.000604211 0.999998 0.000318766 -0.0178749 0.000646439 -0.000318705 0.999999 1.54176
1.00001 -0.000830206 0.0025085 0.00357795 0.000834789 0.999999 -0.00191898 -0.0198592 -0.00250771 0.00192059 0.999996 1.52154
0.999988 0.000793757 -0.00211064 -0.00868006 -0.000794503 0.999998 -0.000492054 -0.0234774 0.00211101 0.000494266 0.999997 1.55784
1.00001 -0.000147689 -0.000810919 -0.00874347 0.00014745 1 7.29054e-05 -0.0156828 0.000810261 -7.35289e-05 1 1.54472
0.999989 -0.00118806 0.00132354 -0.00699357 0.00118745 0.999997 0.000685666 -0.0156809 -0.00132362 -0.000683632 0.999998 1.53714
1.00001 0.000637945 -0.00250966 -0.0112975 -0.000637161 1 0.000437047 -0.0222158 0.0025092 -0.000435916 0.999998 1.57753
0.999988 0.000649612 0.00170685 0.00205195 -0.000648815 0.999998 -0.00026238 -0.0162509 -0.0017062 0.000261653 0.999997 1.52904
1.00001 0.000198455 -0.00176825 -0.00900206 -0.000197988 1 0.000532946 -0.0124229 0.00176747 -0.000533186 1 1.58732
0.999987 -0.000421656 -0.00146756 -0.0153219 0.000422052 0.999998 3.9109e-06 -0.013585 0.00146864 -3.83859e-06 0.999997 1.57025
1.00001 0.000169698 0.00120899 -0.000633944 -0.000172115 1 0.00159799 -0.0180428 -0.00120978 -0.00159892 0.999999 1.54107
0.999986 0.00103692 -0.00193774 -0.0137853 -0.00103412 0.999997 0.00113668 -0.0110688 0.00193984 -0.00113385 0.999997 1.59416
1.00001 0.00063351 0.00240681 -0.00236461 -0.000635087 1 0.000436336 -0.0168412 -0.00240741 -0.000438814 0.999998 1.56366
0.999988 0.000304051 8.69518e-05 -0.0179553 -0.000303401 0.999997 -8.23529e-05 -0.0122877 -8.61689e-05 8.33333e-05 0.999999 1.58385
1.00001 -0.000670379 0.00067801 -0.00224757 0.000669382 1 0.000470341 -0.00508761 -0.000679092 -0.000470687 1 1.58282
0.999987 -0.000990072 0.00180531 0.00538109 0.000991842 0.999997 -0.000587116 -0.0187609 -0.00180392 0.000589659 0.999997 1.57569
1.00001 -7.60147e-05 -0.000432422 0.000307904 7.49384e-05 1 -0.000997364 -0.0296327 0.000431773 0.000996536 1 1.59457
0.999988 -0.000134576 0.00112194 -0.00670275 0.000136525 0.999997 -0.00126455 -0.0148961 -0.00112093 0.00126548 0.999996 1.59866
1.00001 0.000273861 -0.00284698 -0.00349259 -0.000274268 1 4.19811e-05 -0.00411791 0.0028462 -4.19015e-05 0.999999 1.60806
0.999986 0.000572165 -0.00212615 -0.0129776 -0.000571928 0.999999 -0.000150134 -0.0109332 0.00212691 0.000152033 0.999995 1.60275
1.00001 0.00138773 0.00101855 -0.0162058 -0.00139138 0.999995 0.00298496 -0.00902275 -0.00101529 -0.00298705 0.999997 1.60456
0.999988 -0.00108811 -0.000439232 -0.00327652 0.00108986 0.999996 0.00276167 -0.0160548 0.000437049 -0.00276136 0.999995 1.63358
1.00001 -0.000889645 0.00141188 -0.0101273 0.000888318 0.999998 0.000547108 -0.0152552 -0.00141324 -0.000546632 1 1.61451
0.999988 -0.000528174 -0.000636822 0.000100557 0.000528912 1 0.000382797 -0.018311 0.000637443 -0.000382365 0.999998 1.63525
1.00001 -0.000460108 0.00050913 0.00863265 0.000459949 0.999999 -0.000634728 -0.0217379 -0.00050963 0.000634206 1 1.63629
0.999988 0.000377491 -0.000939373 -0.00704065 -0.000376943 1 3.85218e-05 0.00034661 0.000940203 -3.73892e-05 0.999998 1.66773
1.00001 7.84255e-05 0.000535816 -0.00118186 -7.86308e-05 0.999999 -0.000593877 -0.0186738 -0.000536679 0.000593015 1 1.62564
0.999985 5.12352e-06 0.00257858 -0.00961793 -4.28013e-06 1 -0.000125393 -0.0166584 -0.00257764 0.000126268 0.999995 1.62462
1.00001 -6.25101e-06 -0.000659236 -0.00510651 5.51902e-06 0.999999 -0.000312234 -0.0153528 0.000658312 0.000311366 1 1.64651
0.999986 -0.00101469 0.00211331 -0.0070652 0.00101042 0.999998 0.00225782 -0.0118965 -0.00211463 -0.0022548 0.999994 1.60485
1.00001 -0.00248953 -0.000345639 -0.00435359 0.00248922 0.999996 0.000455358 -0.00271479 0.000343528 -0.000457104 1 1.66068
0.999988 -0.000891837 0.000128386 -0.00154596 0.000892504 1 -0.00104839 -0.00323962 -0.000126509 0.0010494 0.999998 1.61151
1.00001 0.000612981 0.00226383 -0.0100956 -0.000616244 0.999998 0.00119123 -0.00440913 -0.00226411 -0.00119346 0.999998 1.61814
0.999988 0.0010201 -0.00140412 -0.00388014 -0.00102184 0.999999 -0.00163737 -0.000948923 0.00140343 0.00163966 0.999996 1.618
1.00001 0.00242593 0.000840081 -0.0142174 -0.00242537 0.999996 -0.00135069 -0.0471491 -0.000844315 0.00134777 1 1.59083
0.999987 0.000869583 -0.00156578 -0.0111573 -0.000866562 0.999999 0.00154429 -0.0118259 0.00156803 -0.00154205 0.999995 1.61991
1.00001 0.000533627 -0.000525675 -0.00865056 -0.000532427 0.999993 0.00347089 -0.0170529 0.000526601 -0.00347152 0.999996 1.61295
0.999988 0.00100675 0.000602044 -0.00416777 -0.00100775 0.999997 0.00273311 -0.0260625 -0.000598253 -0.00273288 0.999994 1.58069
1.00001 0.000769614 -0.0021327 -0.00920755 -0.000770459 0.999998 -9.10667e-05 -0.0178664 0.00213172 9.18088e-05 0.999999 1.61698
0.99999 -3.24997e-05 0.00050553 -0.00802266 3.2545e-05 1 0.00121652 -0.00859603 -0.00050456 -0.00121562 0.999998 1.58285
1.00001 -0.000389264 -0.00282313 -0.00391284 0.000391961 0.999998 0.00119164 -0.00312501 0.00282168 -0.00119365 0.999997 1.61725
0.999988 -0.000998498 -0.00148006 0.0173803 0.00100172 0.999999 0.00173182 -0.00874483 0.0014793 -0.00173241 0.999996 1.61963
1.00001 -5.86568e-06 0.000578209 -0.0133304 5.15333e-06 0.999999 -0.000128764 -0.0515272 -0.000579082 0.000127919 1 1.56029
0.999987 -0.000235591 -0.00150961 -0.0174522 0.000237171 1 0.000450843 -0.0210012 0.00151039 -0.000450346 0.999997 1.63093
1.00001 -8.45719e-05 0.00103125 -0.00666464 8.35549e-05 1 0.000107383 -0.0125022 -0.00103213 -0.00010808 1 1.56176
0.999987 -0.000599335 -0.000857345 -0.0062781 0.000600648 1 0.00048599 -0.0181395 0.00085793 -0.00048569 0.999996 1.61318
1.00001 -0.000914639 -0.00100555 -0.00173281 0.000913546 0.999999 -0.000166919 -0.0216271 0.00100481 0.000165206 1 1.61305
0.999987 -0.000205587 0.00116289 -0.00754692 0.000206527 1 6.53193e-05 -0.0197198 -0.0011618 -6.43695e-05 0.999997 1.56359
1.00001 -4.38324e-05 -0.00105072 -0.00874891 4.34327e-05 1 0.000611691 -0.0247579 0.00104965 -0.000612361 1 1.63027
0.999988 -3.29046e-05 0.00101644 -0.00557468 3.42882e-05 1 -0.000333191 -0.0138296 -0.00101533 0.000333841 0.999998 1.56459
1.00001 -0.00127805 -0.00129616 -0.00864899 0.00127685 0.999999 -0.000131142 -0.0281434 0.00129528 0.000128906 1 1.62522
0.999986 -0.00195762 -0.000332805 -0.00381746 0.00195911 0.999998 0.00141328 -0.00252356 0.000331065 -0.00141338 0.999997 1.59888
1.00001 -0.00143866 0.00113652 -0.00214019 0.00143588 0.999997 0.0015015 -0.0251562 -0.00113967 -0.00150046 1 1.57439
0.999986 -0.000276709 -0.002097 -0.00971523 0.000276169 1 -0.000753688 -0.027939 0.0020982 0.000753761 0.999996 1.6406
1.00001 0.00089045 0.00129269 -0.00523217 -0.00089142 1 -8.1083e-05 -0.0187664 -0.00129379 7.92992e-05 1 1.57785
0.999986 0.00103863 -0.000737023 -0.0111532 -0.00103662 0.999998 0.00134561 -0.0138952 0.000739437 -0.00134426 0.999997 1.61325
1.00001 0.000490307 0.00168389 -0.00989526 -0.000493171 1 0.00112463 -0.0255237 -0.00168438 -0.00112606 1 1.58186
0.999987 -6.20994e-05 -0.00102695 -0.00680274 6.36768e-05 0.999999 0.000597548 -0.0442221 0.00102792 -0.000596899 0.999997 1.63335
1.00001 -0.000122528 0.000239507 -0.00476353 0.000121512 1 -4.24518e-05 -0.0201169 -0.00024049 4.17682e-05 1 1.59759
0.999986 0.000761351 0.00160698 -0.0146044 -0.000760839 0.999999 0.000333938 -0.0183484 -0.00160575 -0.000334392 0.999996 1.60629
1.00001 0.00127794 -0.00147286 -0.0139114 -0.0012781 0.999999 0.000557853 0.0067354 0.00147259 -0.000556744 1 1.63973
0.999986 0.000673252 0.00167535 -0.00775969 -0.000673733 0.999999 0.000900438 -0.0209535 -0.00167363 -0.000900836 0.999995 1.58241
1.00001 0.00222419 0.000141443 -0.0143941 -0.00222527 0.999997 0.000897358 -0.00715375 -0.00014052 -0.000898271 1 1.66722
0.999988 0.000763843 0.000331757 -0.00715891 -0.000763039 1 0.000537104 -0.0181899 -0.000330277 -0.000536727 0.999997 1.60704
1.00001 0.000602552 0.00139096 -0.0157452 -0.000603968 1 0.000306692 -0.0294909 -0.00139185 -0.000308225 1 1.61927
0.999983 0.00228471 -0.00230006 -0.0167316 -0.00228091 0.999997 0.0012219 -0.0240766 0.00230389 -0.00121599 0.999994 1.64357
1.00001 0.00112668 0.00176637 -0.0105731 -0.00112969 0.999999 0.00115185 -0.0187381 -0.00176619 -0.00115451 1 1.59508
0.999984 0.00129496 -0.00226748 -0.0205859 -0.00129188 0.999999 0.000905752 -0.0131713 0.00226973 -0.00090218 0.999994 1.66301
1.00001 0.000693011 0.000422359 -0.0072452 -0.000694154 1 7.86666e-05 -0.0167077 -0.000423262 -7.93803e-05 1 1.61884
0.999985 -0.00150705 0.00103276 -0.00856779 0.00150756 0.999999 0.000635351 -0.0419481 -0.00103282 -0.000633483 0.999995 1.63509
