0.999733 -0.00124271 -0.0233941 0.231425 0.00134125 0.99999 0.00419585 -0.0361371 0.0233903 -0.00422629 0.999725 0.782594
0.999344 -0.00339478 -0.0361105 0.374192 0.00354276 0.999981 0.00402983 -0.0570644 0.0360978 -0.00415534 0.99933 2.01103
0.999284 -0.00514195 -0.0376409 0.345795 0.00522353 0.999985 0.00207404 -0.0629207 0.0376336 -0.00226954 0.999293 3.3669
0.999357 -0.00567144 -0.0354714 0.315568 0.00568822 0.999979 0.000368058 -0.0706759 0.0354702 -0.000569835 0.999361 4.71693
0.999265 -0.00659286 -0.0378901 0.292169 0.0066443 0.999978 0.00124039 -0.0923989 0.0378852 -0.00149155 0.999285 6.0319
0.999125 -0.00896906 -0.0408846 0.292013 0.00906897 0.999953 0.00225596 -0.11018 0.0408641 -0.00262509 0.999152 7.35746
0.999049 -0.00868498 -0.0428057 0.267879 0.00879745 0.999958 0.00244472 -0.12152 0.042787 -0.00281923 0.999082 8.74695
0.999014 -0.00779638 -0.0437473 0.213827 0.00782775 0.999967 0.000546365 -0.140631 0.0437433 -0.000888485 0.999034 10.1303
0.998958 -0.00588852 -0.0453495 0.179079 0.00582187 0.999983 -0.00159898 -0.164657 0.0453625 0.00133299 0.998973 11.5217
0.999017 -0.00213063 -0.044377 0.0883639 0.00200878 0.999995 -0.002788 -0.182329 0.0443845 0.00269588 0.999006 12.8652
0.999045 0.000226082 -0.0438173 0.00444425 -0.000313175 1 -0.00197578 -0.217505 0.0438213 0.00198727 0.99904 14.2115
0.999077 0.000965205 -0.0430613 -0.075911 -0.00100608 1 -0.000924151 -0.242073 0.0430623 0.000966451 0.999068 15.5646
0.999102 -0.00331034 -0.0423695 -0.153716 0.00339231 0.999996 0.0018681 -0.263027 0.0423676 -0.0020104 0.999104 16.9216
0.99912 -0.00741591 -0.0414396 -0.231727 0.00757162 0.999966 0.00360732 -0.281562 0.0414135 -0.0039181 0.999131 18.2827
0.999143 -0.0103854 -0.0402195 -0.311231 0.0104759 0.999947 0.00204822 -0.309789 0.0402004 -0.00246815 0.999195 19.6598
0.997658 -0.0144494 -0.066934 -0.193124 0.0148547 0.999872 0.00556535 -0.386913 0.0668475 -0.00654681 0.997735 20.8652
0.99777 -0.0123114 -0.0657577 -0.300078 0.0126363 0.999918 0.00452371 -0.409277 0.0657015 -0.00534522 0.997834 22.2473
0.997852 -0.00937216 -0.0649249 -0.399895 0.00983696 0.999927 0.00684684 -0.427512 0.0648584 -0.00747105 0.99786 23.6657
0.997884 -0.00853335 -0.0646431 -0.495643 0.00926275 0.999903 0.010988 -0.448238 0.0645482 -0.011564 0.997857 25.0824
0.997967 -0.0102379 -0.0630096 -0.603119 0.0110694 0.999856 0.0128674 -0.451963 0.0628712 -0.0135389 0.997924 26.4711
0.997941 -0.0142553 -0.062729 -0.700695 0.0150079 0.999827 0.0115375 -0.464698 0.0625588 -0.0124558 0.997975 27.8748
0.997972 -0.0151341 -0.0619436 -0.806766 0.0157671 0.999829 0.00974861 -0.47885 0.061788 -0.0107057 0.998027 29.2603
0.998099 -0.016399 -0.0596641 -0.926935 0.0169131 0.999831 0.0081251 -0.499395 0.0595272 -0.00911942 0.9982 30.6348
0.998266 -0.0128033 -0.0575987 -1.03877 0.0132386 0.999889 0.00719339 -0.510161 0.0575032 -0.00794376 0.998312 32.0338
0.998337 -0.0120492 -0.056643 -1.13821 0.0123847 0.999916 0.00557886 -0.525025 0.0565774 -0.00627167 0.998395 33.4211
0.998404 -0.0109766 -0.0555784 -1.23953 0.0113225 0.999922 0.00592341 -0.537278 0.0555121 -0.00654371 0.998437 34.828
0.998449 -0.0107341 -0.0549064 -1.33928 0.0111437 0.99992 0.00716495 -0.548961 0.0548314 -0.00776619 0.998484 36.2447
0.998439 -0.00981136 -0.0551879 -1.42649 0.0102802 0.999919 0.00823128 -0.556502 0.0551053 -0.00878636 0.998444 37.67
0.998439 -0.00723422 -0.0556761 -1.50733 0.00771273 0.999944 0.00838803 -0.564727 0.0556185 -0.00880496 0.998431 39.1482
0.998482 -0.0042753 -0.0551492 -1.60076 0.00474449 0.999961 0.00839129 -0.579757 0.0551138 -0.00864088 0.998446 40.5818
0.998463 -0.0024771 -0.0556384 -1.68132 0.00297123 0.999967 0.00880318 -0.591601 0.0556209 -0.00895566 0.99843 42.0543
0.998487 -0.00174679 -0.0551924 -1.77905 0.0022393 0.999965 0.00887597 -0.602574 0.0551776 -0.0089868 0.99844 43.4804
0.998455 -0.00301479 -0.055753 -1.85612 0.00349391 0.999967 0.00850273 -0.611224 0.055732 -0.00868519 0.998428 44.9305
0.998433 -0.00395336 -0.0561017 -1.943 0.00443717 0.999964 0.00851792 -0.627494 0.0560689 -0.00875415 0.998399 46.3663
0.998417 -0.00381683 -0.0563897 -2.03783 0.00429506 0.999966 0.00837397 -0.631176 0.0563624 -0.00860396 0.998397 47.7858
0.998365 -0.00353051 -0.0573336 -2.12392 0.00408881 0.999955 0.0096379 -0.64134 0.0572999 -0.00985722 0.998319 49.2547
0.998226 -0.00350928 -0.0596901 -2.1908 0.00407989 0.999957 0.00945198 -0.654531 0.0596609 -0.00967987 0.998195 50.7037
0.998136 -0.00299517 -0.0612212 -2.27797 0.00354138 0.999965 0.00882826 -0.649433 0.0611956 -0.00902922 0.998095 52.1648
0.998066 -0.00277925 -0.0623669 -2.3731 0.00337531 0.99996 0.00946242 -0.657222 0.0623447 -0.00965575 0.998032 53.6101
0.998037 -0.00404748 -0.0627512 -2.47178 0.00470118 0.999947 0.010288 -0.669134 0.0627092 -0.0105635 0.997986 55.0773
0.998019 -0.00601947 -0.0628948 -2.57075 0.00672669 0.999928 0.0110495 -0.687523 0.0628302 -0.0114519 0.997984 56.5283
0.997942 -0.00840009 -0.0638249 -2.66483 0.00906885 0.999917 0.0102119 -0.693095 0.0637371 -0.0107707 0.99792 57.9717
0.998026 -0.00972773 -0.0623317 -2.78496 0.010458 0.999894 0.0114072 -0.714063 0.0622209 -0.0120378 0.998018 59.4115
0.998115 -0.0115739 -0.0605791 -2.89847 0.0124058 0.999848 0.0133999 -0.733892 0.0604185 -0.0141273 0.99809 60.8557
0.998088 -0.014046 -0.0605009 -2.98053 0.0150137 0.999779 0.0155738 -0.755185 0.060275 -0.0164536 0.998077 62.3093
0.998142 -0.0160155 -0.0590752 -3.06408 0.0169347 0.999759 0.0151119 -0.762457 0.0588212 -0.016085 0.998156 63.7238
0.998187 -0.0177434 -0.0578511 -3.16068 0.0185972 0.999743 0.0142466 -0.767226 0.0575881 -0.0152978 0.998254 65.1188
0.998321 -0.0165339 -0.0557857 -3.27034 0.0172953 0.999782 0.0132155 -0.767966 0.0555567 -0.014159 0.998374 66.542
0.998399 -0.0154064 -0.0548266 -3.35717 0.0161303 0.999807 0.0127756 -0.772914 0.0546231 -0.0136406 0.998449 67.9879
0.9986 -0.0114267 -0.0519932 -3.4729 0.0121706 0.999845 0.0140295 -0.787548 0.0518264 -0.0146434 0.998564 69.3634
0.998692 -0.00800436 -0.0509239 -3.56618 0.00877971 0.999868 0.015008 -0.785783 0.0508002 -0.0154365 0.998626 70.8552
0.99875 -0.00342178 -0.0502361 -3.65279 0.00417011 0.9999 0.0148137 -0.786148 0.0501815 -0.0150053 0.998645 72.2623
0.99885 0.00137894 -0.0484255 -3.7679 -0.000733191 0.999932 0.0133321 -0.773012 0.0484432 -0.0132822 0.998776 73.7355
0.998866 0.00475676 -0.0477538 -3.85207 -0.0041849 0.999939 0.0120839 -0.772408 0.0478091 -0.0118711 0.998805 75.1667
0.998884 0.00616639 -0.0473422 -3.91961 -0.00557795 0.999927 0.0125345 -0.79447 0.0474183 -0.0122573 0.998837 76.5933
0.998921 0.00626 -0.0464483 -4.00163 -0.0056889 0.999929 0.0124336 -0.795968 0.0465224 -0.0121566 0.998865 78.0445
0.998927 0.00554555 -0.046526 -4.05882 -0.00501928 0.999944 0.0114007 -0.801949 0.0465882 -0.0111558 0.998892 79.4503
0.998909 0.00517171 -0.0468547 -4.12281 -0.00477527 0.999977 0.0085679 -0.791929 0.0468963 -0.00833517 0.998892 80.8381
0.998964 0.00505834 -0.0457971 -4.22131 -0.00473079 0.999986 0.00723865 -0.788532 0.0458338 -0.00701528 0.998968 82.2461
0.999035 0.00362967 -0.0442648 -4.28276 -0.00324211 0.999982 0.00882744 -0.829474 0.044294 -0.00867583 0.999009 83.572
0.99913 0.00323433 -0.0422314 -4.39082 -0.00288462 0.999987 0.00830979 -0.838714 0.042257 -0.00818127 0.999118 84.9253
0.999208 0.00365777 -0.0402732 -4.50555 -0.00333589 0.999988 0.00804905 -0.849086 0.040299 -0.00790845 0.999187 86.2848
0.999386 0.00391097 -0.0356113 -4.66783 -0.00363478 0.999989 0.00777601 -0.846584 0.0356396 -0.00764218 0.999385 87.6427
0.999543 0.00287724 -0.0309653 -4.68527 -0.00253168 0.999941 0.0111817 -0.934526 0.0309937 -0.0110983 0.999469 88.7758
0.999549 0.00125472 -0.0307926 -4.77212 -0.000948102 0.999976 0.00991063 -0.917814 0.0308016 -0.00987738 0.999524 90.2143
0.999584 -0.000600046 -0.0297576 -4.83985 0.000897693 0.999958 0.00997515 -0.934193 0.0297474 -0.00999798 0.999516 91.5567
0.999631 -0.00156761 -0.0280174 -4.92594 0.00181817 0.999986 0.00885424 -0.937932 0.0280002 -0.00890233 0.99962 92.9299
0.999586 -0.00303997 -0.0296126 -4.94154 0.00329122 0.999969 0.00842618 -0.954472 0.0295827 -0.00852041 0.999538 94.3441
0.999577 -0.00294467 -0.0297879 -4.99032 0.00317574 0.999994 0.00764515 -0.966035 0.0297622 -0.00773691 0.999579 95.7727
0.999644 -0.00327104 -0.0275603 -5.07253 0.00344359 0.999984 0.00619424 -0.966582 0.0275361 -0.00628726 0.999613 97.1567
0.999648 -0.00222212 -0.0274053 -5.12075 0.00240194 1 0.00646383 -1.00342 0.0273879 -0.00652778 0.999657 98.4967
0.999671 -0.00115277 -0.0267745 -5.17312 0.00132173 0.999992 0.00624591 -1.01121 0.0267629 -0.0062794 0.999638 99.8839
0.999672 -0.00115712 -0.0266229 -5.20507 0.00136096 1 0.00755212 -1.02807 0.0266103 -0.0075861 0.999675 101.269
0.999552 -0.000132188 -0.030988 -5.18276 0.000464654 0.999956 0.0106834 -1.07482 0.0309812 -0.0106931 0.999481 102.583
0.999525 -0.001143 -0.0316782 -5.22899 0.00141386 0.999995 0.00844507 -1.07639 0.0316643 -0.00848604 0.999524 103.956
0.999484 -0.00157093 -0.0329287 -5.25427 0.00176155 0.999997 0.00570585 -1.09035 0.0329158 -0.00576112 0.999457 105.311
0.99953 -0.00077295 -0.0315615 -5.33645 0.00090855 1.00002 0.00420157 -1.09997 0.0315551 -0.00422843 0.999558 106.65
0.999785 -0.00508594 -0.0219639 -5.54044 0.00522492 0.999983 0.00617792 -1.12768 0.0219275 -0.00629146 0.999761 107.663
0.999831 -0.00620336 -0.0186688 -5.61866 0.00634408 0.999987 0.00728649 -1.12992 0.0186179 -0.00740337 0.999888 109.066
0.999866 -0.00763834 -0.0169777 -5.6575 0.00776118 0.999961 0.00702875 -1.13365 0.0169185 -0.00715966 0.999855 110.44
0.999836 -0.00944365 -0.0170055 -5.66674 0.00954401 0.999971 0.00560629 -1.15221 0.0169461 -0.00576737 0.999931 111.777
0.999901 -0.00746175 -0.0150101 -5.71495 0.00752066 0.999986 0.00364312 -1.17818 0.0149775 -0.00375569 0.999919 113.135
0.999933 -0.00496391 -0.0125003 -5.77452 0.004981 1.00002 0.000988314 -1.18459 0.0124897 -0.00105028 1 114.482
0.99999 -0.00205339 -0.0100782 -5.81304 0.00207299 1.00002 0.00161506 -1.21505 0.0100696 -0.0016361 0.999986 115.811
0.999984 -0.00126614 -0.00884884 -5.8299 0.00131408 1.00002 0.00490026 -1.2523 0.00883656 -0.0049114 1.00003 117.151
1 -0.00204178 -0.00862127 -5.83257 0.00211367 0.999987 0.00792112 -1.27851 0.00859916 -0.00793936 0.999971 118.51
1 -0.00214872 -0.00650285 -5.88363 0.0022063 0.999997 0.0081671 -1.28725 0.00647842 -0.00818113 1.00003 119.846
1.00004 -0.000489455 -0.00356224 -5.91883 0.000513786 1.00001 0.00578151 -1.27679 0.00355269 -0.00578339 1.00002 121.205
1.00002 0.0018906 -0.00154592 -5.94385 -0.00187932 1.00002 0.00437203 -1.28121 0.00154671 -0.00436889 1.00008 122.556
1.00003 0.00493147 0.00236345 -6.00745 -0.00493239 1.00001 0.00194513 -1.27327 -0.00236163 -0.00195662 1.00004 123.905
0.999984 0.00620192 0.00678577 -6.01593 -0.00621029 1.00001 0.00193809 -1.32403 -0.00678161 -0.00197966 1.00007 125.095
0.999916 0.0089652 0.0137008 -6.08671 -0.00896722 0.999986 0.000359639 -1.34773 -0.0137064 -0.000482058 0.999944 126.3
0.999831 0.00818362 0.0178969 -6.11369 -0.00819089 1 0.000595024 -1.38663 -0.0179005 -0.000740981 0.999924 127.585
0.999822 0.00921678 0.0195787 -6.11799 -0.0092219 0.999983 0.000381025 -1.39518 -0.0195846 -0.000560913 0.999846 128.936
0.999749 0.00816992 0.0220622 -6.12151 -0.0081837 0.999999 0.000738499 -1.41347 -0.0220656 -0.000918317 0.999841 130.288
0.99978 0.00697581 0.0224945 -6.09346 -0.00701109 1 0.00168363 -1.44583 -0.022493 -0.00184034 0.999785 131.652
0.999771 0.00424243 0.0221868 -6.06135 -0.00428617 1.00002 0.0021344 -1.47084 -0.0221882 -0.00222853 0.999838 133.019
0.999818 0.00260508 0.0217955 -6.02809 -0.00267521 1.00002 0.00337999 -1.49913 -0.0217977 -0.0034372 0.999798 134.399
0.999798 0.000649576 0.0214142 -6.01071 -0.000704293 1.00003 0.00276969 -1.50928 -0.0214235 -0.00278384 0.999855 135.812
0.999828 -0.000489913 0.0214781 -6.00096 0.000445315 1.00003 0.00227527 -1.52715 -0.0214904 -0.00226482 0.999808 137.182
0.999799 -0.0013373 0.0213365 -5.9929 0.00126894 1.00003 0.00343837 -1.5512 -0.0213521 -0.00341012 0.999855 138.556
0.999831 -0.00306318 0.0210927 -5.98433 0.00299295 1.00002 0.00355589 -1.5694 -0.0211145 -0.00349158 0.999812 139.937
0.999809 -0.00326268 0.0206676 -5.97602 0.0031972 1.00002 0.00343747 -1.59114 -0.02069 -0.00337031 0.99987 141.315
0.999841 -0.00344152 0.0206007 -5.96791 0.00339293 1.00002 0.00259236 -1.60764 -0.0206206 -0.00252143 0.999825 142.72
0.999783 -0.00338681 0.0219377 -5.98162 0.00335355 1.00003 0.00178871 -1.62057 -0.0219548 -0.00171435 0.999852 144.099
0.999795 -0.00540609 0.0224032 -5.97909 0.00543602 1.00001 -0.00108835 -1.63631 -0.0224082 0.00121073 0.999792 145.484
0.999727 -0.0108264 0.0221305 -5.96177 0.0108856 0.999972 -0.00232932 -1.64566 -0.0221152 0.00257009 0.999849 146.872
0.999668 -0.0185596 0.0210926 -5.92692 0.0185668 0.999861 4.55449e-05 -1.67514 -0.0211008 0.000346979 0.999824 148.212
0.999513 -0.0247029 0.0206892 -5.9184 0.0246944 0.999735 0.000855915 -1.69036 -0.020714 -0.000344061 0.999887 149.583
0.999463 -0.0281187 0.0201765 -5.89289 0.0281778 0.999634 -0.00244227 -1.71404 -0.0201106 0.0030107 0.999843 150.968
0.999432 -0.0274935 0.0211906 -5.88411 0.0276111 0.99965 -0.00510702 -1.74963 -0.0210508 0.00568974 0.999866 152.304
0.999505 -0.024727 0.0224122 -5.8655 0.0248829 0.999703 -0.00651858 -1.78982 -0.0222545 0.00707415 0.99978 153.69
0.99946 -0.0253339 0.0224907 -5.82675 0.0254922 0.999696 -0.00660912 -1.82007 -0.0223245 0.00717941 0.999829 155.077
0.999365 -0.0288189 0.0237607 -5.81582 0.0289154 0.999611 -0.00355314 -1.84815 -0.023659 0.00423897 0.999765 156.415
0.999156 -0.0348543 0.0232537 -5.76018 0.0348792 0.999435 -0.000509327 -1.88029 -0.0232309 0.00132052 0.999833 157.809
0.99906 -0.0386758 0.0225649 -5.72122 0.0386715 0.999286 0.000815678 -1.90441 -0.0225903 5.88907e-05 0.999799 159.162
0.998933 -0.0400059 0.0244942 -5.7278 0.0399954 0.999243 0.00105578 -1.93013 -0.0245257 -7.44263e-05 0.999804 160.512
0.998994 -0.0380136 0.0263846 -5.71509 0.0379874 0.999312 0.00164855 -1.95009 -0.0264392 -0.000643396 0.999705 161.883
0.999055 -0.0345034 0.027716 -5.69383 0.0344713 0.999448 0.00177024 -1.98246 -0.0277694 -0.000812624 0.99972 163.251
0.999134 -0.0307431 0.0303562 -5.68454 0.0307954 0.999562 -0.00112324 -1.99835 -0.0303188 0.00205841 0.999597 164.615
0.999132 -0.0278508 0.0320738 -5.67654 0.0279038 0.999655 -0.00108433 -2.02652 -0.0320399 0.00197889 0.999593 165.97
0.999069 -0.0265601 0.0359708 -5.68917 0.026571 0.999685 0.000289723 -2.0499 -0.0359782 0.000667573 0.999413 167.336
0.999035 -0.024643 0.0372886 -5.67579 0.0246714 0.99974 -0.000195173 -2.06716 -0.0372815 0.00111543 0.99941 168.707
0.99908 -0.0228994 0.0381746 -5.644 0.0230125 0.999772 -0.00241932 -2.09545 -0.0381215 0.00329685 0.999331 170.108
0.999126 -0.0197066 0.0378191 -5.60774 0.0198783 0.99984 -0.00405662 -2.13497 -0.0377407 0.00480532 0.999384 171.482
0.999215 -0.0149346 0.0385689 -5.57838 0.0151379 0.999916 -0.00487951 -2.16863 -0.0385045 0.00546078 0.99931 172.875
0.999162 -0.00961468 0.0406558 -5.56997 0.00976356 0.999996 -0.00333636 -2.20049 -0.0406316 0.00373113 0.999275 174.232
0.999219 -0.00614036 0.040876 -5.51711 0.00617639 1.00003 -0.000641302 -2.23981 -0.040885 0.000894432 0.999232 175.661
0.998897 -0.00449924 0.0476982 -5.55427 0.00448466 1.00004 0.000527034 -2.24807 -0.0477099 -0.00031198 0.998978 177.044
0.998926 -0.00690024 0.0474067 -5.49801 0.00690303 1.00003 0.000204381 -2.25445 -0.0474205 0.000124142 0.998944 178.445
0.999017 -0.00999357 0.0441904 -5.41713 0.0099447 1 0.00145548 -2.29053 -0.0442127 -0.00101391 0.999137 179.85
0.999053 -0.0103141 0.0440053 -5.37973 0.0104245 0.999993 -0.00217953 -2.32184 -0.0439938 0.00263745 0.999098 181.268
0.999015 -0.00830144 0.044611 -5.35552 0.00862957 0.999994 -0.0070398 -2.34278 -0.04456 0.00741836 0.99909 182.667
0.999022 -0.00463394 0.0456938 -5.32153 0.004955 1.00002 -0.00681202 -2.38011 -0.0456748 0.00703293 0.999005 184.088
0.999031 -0.00181327 0.0449557 -5.25765 0.00207135 1.00004 -0.00557136 -2.41506 -0.044956 0.00565962 0.999085 185.449
0.999069 4.96285e-07 0.0449038 -5.20176 9.29443e-05 1.00005 -0.00197282 -2.44883 -0.0449178 0.00197621 0.999063 186.788
0.998966 0.000186194 0.046413 -5.16169 -0.000196494 1.00005 0.000337748 -2.47964 -0.0464241 -0.000345885 0.999037 188.172
0.999061 -0.00097378 0.0450628 -5.08725 0.000888144 1.00005 0.00202992 -2.51498 -0.0450787 -0.00198684 0.999056 189.556
0.999008 -0.00318214 0.0453755 -5.02851 0.00305335 1.00004 0.00302264 -2.53871 -0.0453956 -0.0028804 0.999082 191.016
0.998956 -0.00594787 0.0470007 -4.98747 0.00577496 1.00003 0.00391912 -2.563 -0.0470372 -0.00364239 0.998963 192.455
0.998854 -0.00892618 0.0479399 -4.93401 0.00873689 1.00001 0.00426186 -2.58372 -0.0479867 -0.00383735 0.998958 193.908
0.998811 -0.0117955 0.0489156 -4.87457 0.011558 0.999976 0.00523623 -2.59675 -0.0489877 -0.00466336 0.998867 195.369
0.998664 -0.0166856 0.0498009 -4.81446 0.0163829 0.999899 0.00657205 -2.61285 -0.0499135 -0.00574638 0.998854 196.794
