0.999999 -1.72587e-05 -0.000120293 -0.00386655 1.74267e-05 1 0.00097427 -0.00876814 0.000120289 -0.000974154 1 1.31045
1 -0.000256599 0.000672915 -0.00735237 0.000255596 0.999999 0.00142256 -0.0173467 -0.000673249 -0.00142237 0.999999 2.60827
0.999999 -0.000547625 -0.000356715 -0.0110597 0.000548155 0.999999 0.00151459 -0.0301803 0.000355899 -0.00151462 0.999999 3.93119
0.999999 -0.000480534 0.000887207 -0.0136924 0.000478869 0.999998 0.00184952 -0.0381465 -0.000888051 -0.00184906 0.999998 5.23954
1 -0.000508141 0.00020807 -0.0195348 0.00050755 0.999996 0.00258005 -0.0398072 -0.000209344 -0.00257981 0.999997 6.56501
0.999999 -0.00106806 0.000445552 -0.0211484 0.0010664 0.999994 0.00357397 -0.0556304 -0.000449319 -0.00357346 0.999994 7.89225
0.999999 -0.000792404 0.00127495 -0.0230651 0.000787127 0.999991 0.00409322 -0.058165 -0.00127815 -0.0040921 0.999991 9.21272
1 -0.000309076 6.82585e-05 -0.0300332 0.000308734 0.999993 0.00381656 -0.0645764 -6.94319e-05 -0.00381653 0.999994 10.5469
0.999997 0.00208286 0.000997247 -0.0365446 -0.00208528 0.999995 0.00236686 -0.0678466 -0.000992295 -0.00236884 0.999997 11.87
0.999991 0.00436012 0.000240678 -0.0453128 -0.00436051 0.99999 0.00139062 -0.0789543 -0.000234489 -0.00139164 1 13.2104
0.999986 0.00523843 0.000317553 -0.0538943 -0.00523901 0.999985 0.00160001 -0.0903959 -0.000309134 -0.00160154 0.999999 14.5493
0.999986 0.00516673 0.00154117 -0.0618107 -0.00517067 0.999984 0.00252563 -0.0943099 -0.00152802 -0.00253355 0.999996 15.8863
0.999993 0.00365044 0.000817273 -0.0604212 -0.00365434 0.999982 0.00473733 -0.0900439 -0.000799903 -0.00474026 0.99999 17.242
0.999998 0.000336863 0.00208825 -0.0589772 -0.000353932 0.999968 0.00815848 -0.0931201 -0.00208535 -0.00815926 0.999966 18.5888
1 -0.000412041 0.000764565 -0.0521393 0.000405925 0.999969 0.00790601 -0.0711126 -0.00076781 -0.00790567 0.999971 19.9434
0.999999 -0.000742145 0.00203663 -0.0482172 0.000726766 0.999973 0.00752152 -0.04814 -0.00204208 -0.00752005 0.999971 21.2829
1 0.000626968 0.00166276 -0.04923 -0.000639212 0.999973 0.00733337 -0.0378336 -0.00165805 -0.00733436 0.999974 22.645
0.999997 0.00153568 0.00253846 -0.0563906 -0.00155507 0.999971 0.00764687 -0.021296 -0.00252659 -0.00765089 0.999969 24.0024
0.99999 0.00156839 0.00459282 -0.0607673 -0.0016223 0.99993 0.0117405 -0.0187593 -0.0045741 -0.0117478 0.999923 25.3533
0.999994 0.000796289 0.00384978 -0.0550846 -0.000846852 0.999915 0.0131399 -0.0188213 -0.00383903 -0.0131432 0.999908 26.7311
0.999988 -0.000411579 0.00512362 -0.0538747 0.000340908 0.999906 0.013762 -0.0364625 -0.00512892 -0.01376 0.999896 28.0778
0.999995 -6.17958e-05 0.00379509 -0.0592104 1.51145e-05 0.999926 0.0122857 -0.0338026 -0.00379577 -0.0122857 0.999919 29.4651
0.999985 0.000658681 0.00585775 -0.0584677 -0.000733237 0.99992 0.0127046 -0.0476509 -0.00584899 -0.0127087 0.999906 30.8227
0.999985 0.00247846 0.00530979 -0.0681337 -0.00254149 0.999927 0.0118931 -0.0509171 -0.0052802 -0.0119066 0.999917 32.218
0.999982 0.00293393 0.0057528 -0.0692179 -0.00300362 0.999922 0.0121271 -0.0570115 -0.00571686 -0.012144 0.999914 33.6017
0.999973 0.00339879 0.00695399 -0.0664534 -0.00348855 0.999912 0.0129384 -0.0575449 -0.00690971 -0.0129625 0.999894 34.9733
0.999982 0.0033261 0.00561813 -0.0625465 -0.00340824 0.999887 0.0146608 -0.0611942 -0.00556879 -0.0146796 0.999882 36.3751
0.999971 0.00442669 0.00666368 -0.0649121 -0.00453269 0.999864 0.0159733 -0.0560495 -0.00659242 -0.0160032 0.999852 37.757
0.999971 0.00597578 0.00542833 -0.0634285 -0.00606369 0.999849 0.0162931 -0.048978 -0.00533025 -0.0163254 0.999857 39.1623
0.999961 0.00728684 0.00565962 -0.066774 -0.00738146 0.999833 0.0168802 -0.0475847 -0.00553596 -0.0169215 0.999844 40.5603
0.999947 0.00805406 0.00688916 -0.0714011 -0.00817426 0.999812 0.0175777 -0.0348399 -0.0067464 -0.017633 0.999827 41.9536
0.999953 0.00851407 0.00557991 -0.0701489 -0.00861328 0.999802 0.0180129 -0.0193414 -0.00542558 -0.0180603 0.999825 43.3601
0.99995 0.00796147 0.00669827 -0.0708691 -0.008083 0.999801 0.0182864 -0.0154306 -0.0065514 -0.0183395 0.999815 44.7585
0.999964 0.00758367 0.0050611 -0.0684526 -0.00767301 0.999812 0.0178831 -0.000303265 -0.00492461 -0.0179215 0.999831 46.1632
0.999964 0.0071793 0.00537693 -0.0671163 -0.0072784 0.999802 0.018603 0.00890282 -0.00524237 -0.0186413 0.999818 47.5708
0.999976 0.00709483 0.00295357 -0.0721883 -0.00715024 0.999792 0.0191982 0.0207679 -0.00281684 -0.0192192 0.999815 48.9982
0.999975 0.00753317 0.00175871 -0.0797443 -0.00756594 0.999786 0.0192755 0.0291458 -0.00161325 -0.0192881 0.999818 50.4176
0.999973 0.00766957 0.00242268 -0.0779779 -0.00771578 0.999778 0.019655 0.039179 -0.00227158 -0.0196735 0.999808 51.8213
0.999974 0.0078927 7.90976e-05 -0.0863022 -0.00789289 0.999753 0.0208394 0.0537892 8.52266e-05 -0.0208392 0.999788 53.2571
0.999978 0.00732562 0.000604764 -0.0913361 -0.00733717 0.999734 0.0219165 0.0697554 -0.000444261 -0.0219208 0.999764 54.6821
0.999983 0.00664386 -0.0015072 -0.0964016 -0.00660928 0.999735 0.0221135 0.0855751 0.00165351 -0.0221028 0.99976 56.1212
0.999989 0.00545679 -0.00209914 -0.105284 -0.00540927 0.999744 0.0220283 0.09988 0.0022186 -0.022017 0.99976 57.5458
0.999994 0.00493505 -0.000372619 -0.105422 -0.00492588 0.999737 0.0224729 0.112731 0.000483285 -0.0224706 0.999754 58.9557
0.999996 0.00428157 -0.00136653 -0.108782 -0.00424916 0.99973 0.0229087 0.129354 0.00146406 -0.0229032 0.999742 60.3901
1 0.00330529 0.000778203 -0.108544 -0.00332305 0.999724 0.0233058 0.141834 -0.000701091 -0.023308 0.999735 61.7985
1 0.00273767 7.67184e-05 -0.111784 -0.00273876 0.99973 0.0231259 0.154264 -1.35549e-05 -0.0231265 0.999738 63.2296
1.00001 0.00175671 0.000442476 -0.114255 -0.0017668 0.999741 0.0227547 0.176843 -0.000402555 -0.0227552 0.999748 64.6547
1 0.00157993 0.00253006 -0.120724 -0.00163673 0.999745 0.0225827 0.185863 -0.00249394 -0.0225872 0.999747 66.0557
1 0.00269212 0.00195709 -0.127433 -0.00273678 0.999735 0.022932 0.199757 -0.00189501 -0.022937 0.999742 67.4789
0.999988 0.00472818 0.00396843 -0.130374 -0.004824 0.99969 0.0244657 0.207159 -0.00385172 -0.0244848 0.999698 68.8835
0.999969 0.00801896 0.00357401 -0.136069 -0.00810855 0.999638 0.0257101 0.219331 -0.0033667 -0.025738 0.999669 70.3122
0.999927 0.0113683 0.00557006 -0.138738 -0.0115142 0.999573 0.0269099 0.23077 -0.00526203 -0.0269722 0.999629 71.7109
0.999883 0.014903 0.00535585 -0.146559 -0.0150442 0.999516 0.027314 0.248518 -0.00494636 -0.0273911 0.999619 73.1161
0.999834 0.0176775 0.00589023 -0.153233 -0.0178319 0.99947 0.0272894 0.269632 -0.00540496 -0.02739 0.999616 74.5147
0.999809 0.018441 0.00757127 -0.153144 -0.0186423 0.999452 0.0274157 0.289555 -0.00706165 -0.0275515 0.999603 75.8977
0.999817 0.0182332 0.00700899 -0.151233 -0.0184231 0.999438 0.0280863 0.303062 -0.00649315 -0.0282103 0.999588 77.2998
0.999826 0.0171997 0.00835285 -0.147783 -0.0174281 0.999457 0.0280614 0.318835 -0.00786571 -0.0282019 0.999579 78.6744
0.999846 0.016582 0.00711892 -0.143985 -0.0167748 0.999471 0.0279478 0.341541 -0.00665188 -0.028063 0.999591 80.0706
0.999856 0.016088 0.00678734 -0.135544 -0.0162721 0.999479 0.0279493 0.363072 -0.00633414 -0.0280555 0.999594 81.4566
0.999861 0.0154936 0.00746581 -0.12633 -0.0156972 0.999485 0.0280557 0.384685 -0.00702745 -0.028169 0.999586 82.8272
0.999867 0.0156015 0.00632171 -0.124832 -0.0157738 0.999482 0.0281453 0.405764 -0.00587923 -0.0282411 0.999592 84.2169
0.999867 0.0155716 0.00664088 -0.127072 -0.0157549 0.999472 0.0285147 0.431028 -0.00619341 -0.0286153 0.99958 85.5694
0.999886 0.0149958 0.00459274 -0.125343 -0.0151236 0.999464 0.0291201 0.453577 -0.00415357 -0.029186 0.999574 86.9555
0.999906 0.0140178 0.00367666 -0.127357 -0.0141222 0.999449 0.0301223 0.475141 -0.00325244 -0.0301712 0.999548 88.3255
0.999932 0.011973 0.00344679 -0.128568 -0.0120725 0.99947 0.0303417 0.499432 -0.00308165 -0.030381 0.999542 89.6789
0.999947 0.0112713 0.00169896 -0.126695 -0.0113181 0.999468 0.030661 0.525291 -0.00135248 -0.0306783 0.999537 91.0592
0.999959 0.00993546 0.0018565 -0.131528 -0.00998858 0.999475 0.0309358 0.551474 -0.0015482 -0.0309528 0.999529 92.4074
0.999971 0.0090769 0.000798097 -0.135401 -0.00909737 0.999477 0.0311137 0.570363 -0.000515249 -0.0311197 0.999525 93.7804
0.999971 0.00878659 0.00143654 -0.141455 -0.0088273 0.999487 0.0309047 0.595155 -0.00116423 -0.0309162 0.999531 95.1284
0.999975 0.00868225 0.000785317 -0.14632 -0.0087025 0.999484 0.0309813 0.619073 -0.000515848 -0.0309872 0.999529 96.4876
0.999967 0.0093549 0.000949878 -0.154704 -0.00938009 0.99949 0.0306157 0.644905 -0.000662966 -0.0306233 0.99954 97.8417
0.999962 0.00997245 0.0021295 -0.162014 -0.0100337 0.999472 0.0309829 0.673012 -0.00181929 -0.0310029 0.999528 99.1823
0.999953 0.0106434 0.00160205 -0.165673 -0.0106906 0.999409 0.0327522 0.692954 -0.00125245 -0.0327674 0.999472 100.54
0.999951 0.0109325 0.00264207 -0.173092 -0.0110152 0.999377 0.0336142 0.724603 -0.00227274 -0.0336415 0.999442 101.867
0.999951 0.0108135 0.00198709 -0.178855 -0.0108741 0.999389 0.0332988 0.748328 -0.00162569 -0.0333183 0.999453 103.219
0.999953 0.0108693 0.0023102 -0.186654 -0.0109387 0.999416 0.0324696 0.774684 -0.00195573 -0.0324931 0.999481 104.554
0.999957 0.0100572 0.00296945 -0.192899 -0.0101477 0.999438 0.0320287 0.798547 -0.00264546 -0.0320571 0.999492 105.862
0.999974 0.00866331 0.00266217 -0.191417 -0.00874714 0.999413 0.0332178 0.824562 -0.0023726 -0.0332399 0.999456 107.214
0.999981 0.00687464 0.00383204 -0.190186 -0.00700375 0.99938 0.034592 0.854696 -0.00359166 -0.0346177 0.999404 108.52
0.999991 0.00567296 0.00404552 -0.187835 -0.00581374 0.999353 0.0356075 0.882262 -0.00384054 -0.0356303 0.99937 109.868
0.999987 0.00536983 0.00475976 -0.184458 -0.00553656 0.999355 0.0355882 0.909918 -0.00456539 -0.0356135 0.999365 111.193
0.999969 0.00718488 0.00651137 -0.186071 -0.00740321 0.999395 0.0340978 0.942913 -0.00626197 -0.0341446 0.99941 112.498
0.999944 0.00948377 0.00693281 -0.189848 -0.00970982 0.999403 0.0332418 0.970091 -0.00661307 -0.0333067 0.999434 113.839
0.999904 0.0117545 0.00934251 -0.19193 -0.0120583 0.999383 0.033123 1.00197 -0.00894686 -0.0332321 0.99942 115.15
0.999879 0.0132941 0.00950214 -0.188551 -0.0136224 0.999287 0.035294 1.03448 -0.00902585 -0.0354187 0.999342 116.494
0.999859 0.013275 0.0118441 -0.181473 -0.0137067 0.999222 0.037113 1.0669 -0.0113416 -0.0372698 0.999254 117.808
0.999862 0.0128163 0.0117478 -0.174382 -0.0132605 0.999174 0.0385077 1.09743 -0.0112442 -0.0386576 0.9992 119.158
0.999849 0.0130101 0.0129411 -0.167563 -0.0134984 0.999177 0.0383676 1.13234 -0.0124306 -0.0385362 0.999193 120.491
0.999788 0.0146526 0.0153442 -0.156232 -0.0152335 0.999149 0.0384197 1.16958 -0.0147677 -0.0386448 0.999155 121.802
0.999759 0.0164796 0.0156273 -0.148159 -0.0170661 0.99913 0.0381576 1.20535 -0.0149841 -0.0384149 0.999161 123.153
0.999706 0.0171586 0.0179114 -0.131975 -0.0178309 0.999121 0.0380474 1.24464 -0.0172423 -0.0383551 0.999126 124.467
0.999692 0.0181933 0.0178569 -0.119909 -0.0188601 0.999108 0.0378971 1.28253 -0.0171506 -0.0382221 0.999134 125.82
0.99967 0.0179532 0.019105 -0.101145 -0.0186727 0.999102 0.038146 1.32274 -0.0184024 -0.0384896 0.9991 127.15
0.999634 0.0175737 0.0213651 -0.0782584 -0.0184011 0.999068 0.0391544 1.35855 -0.0206562 -0.039533 0.999017 128.467
0.999655 0.0164088 0.0211535 -0.0623198 -0.0172394 0.999067 0.0396778 1.39996 -0.0204821 -0.0400282 0.998999 129.827
0.999635 0.0156821 0.0227236 -0.0380852 -0.0165879 0.999057 0.040225 1.43384 -0.0220704 -0.040587 0.998944 131.151
0.999659 0.0151982 0.0218921 -0.0182241 -0.0160769 0.999053 0.0405123 1.46858 -0.021255 -0.0408498 0.99895 132.511
0.999688 0.013606 0.0216894 0.0086709 -0.0144867 0.99906 0.0409637 1.50203 -0.0211108 -0.0412649 0.998938 133.849
0.999694 0.0121585 0.0222278 0.0421237 -0.0130613 0.999081 0.0409091 1.53317 -0.0217094 -0.0411861 0.998927 135.165
0.999749 0.0109596 0.0203242 0.0612962 -0.0117921 0.999082 0.0412917 1.57034 -0.0198521 -0.0415207 0.998953 136.518
0.999772 0.0087047 0.0202521 0.0871711 -0.00954486 0.999087 0.041739 1.60182 -0.0198697 -0.0419221 0.998935 137.844
0.999819 0.00739232 0.0184318 0.10616 -0.00816924 0.999071 0.0424212 1.64115 -0.0181002 -0.0425638 0.998943 139.201
0.999825 0.00649185 0.0184368 0.129496 -0.00726637 0.999087 0.0422223 1.68455 -0.0181453 -0.0423482 0.998951 140.529
0.99987 0.00615516 0.0159936 0.138929 -0.00683068 0.999078 0.0425046 1.72377 -0.0157164 -0.042608 0.998981 141.881
0.999887 0.00588159 0.0149827 0.153064 -0.00650567 0.999106 0.0419007 1.76689 -0.0147222 -0.0419927 0.999022 143.226
0.999892 0.00434682 0.0151398 0.17418 -0.0049621 0.99916 0.0408102 1.80864 -0.0149488 -0.0408805 0.999065 144.557
0.999932 4.79008e-05 0.0130255 0.192269 -0.000576861 0.999182 0.040548 1.83491 -0.0130123 -0.040552 0.999106 145.916
0.99991 -0.00673373 0.0129943 0.221018 0.0061705 0.999067 0.0428565 1.87849 -0.0132699 -0.0427721 0.999009 147.25
0.999893 -0.0116944 0.0106023 0.24512 0.0112205 0.998991 0.0436087 1.91889 -0.0111011 -0.0434844 0.999006 148.603
0.999873 -0.0141935 0.00932588 0.262465 0.0137884 0.999026 0.0420453 1.95858 -0.0099128 -0.041911 0.999085 149.945
0.999876 -0.0131078 0.0105669 0.273181 0.0126742 0.999125 0.0400156 1.99495 -0.0110817 -0.039876 0.999157 151.288
0.999905 -0.0108654 0.0104133 0.273517 0.010457 0.999214 0.0384017 2.04321 -0.0108217 -0.0382887 0.999222 152.632
0.999893 -0.0102162 0.0120495 0.283847 0.00973959 0.999202 0.0388926 2.07143 -0.0124367 -0.0387703 0.999185 153.974
0.999868 -0.0127488 0.0117987 0.300061 0.012247 0.999066 0.0415714 2.11457 -0.0123169 -0.0414209 0.999079 155.319
0.999782 -0.0178713 0.0124079 0.322767 0.0173078 0.998886 0.044045 2.15024 -0.0131806 -0.0438197 0.998967 156.663
0.999695 -0.0215539 0.0135095 0.340022 0.0209177 0.998751 0.0455056 2.19389 -0.0144728 -0.0452086 0.998887 157.997
0.999665 -0.0234103 0.0126171 0.358704 0.022812 0.998707 0.0455538 2.23684 -0.0136666 -0.0452497 0.998897 159.34
0.999669 -0.0217492 0.0150476 0.37234 0.0210332 0.99872 0.0461305 2.28909 -0.016031 -0.0457983 0.998836 160.666
0.999737 -0.0182771 0.015217 0.385465 0.0175575 0.998789 0.0460762 2.33515 -0.01604 -0.0457957 0.998837 162.021
0.999753 -0.0148695 0.0176637 0.395942 0.0140674 0.99891 0.0446339 2.37896 -0.0183075 -0.0443739 0.998862 163.349
0.999799 -0.0120122 0.0172285 0.412822 0.0112315 0.998945 0.0446559 2.4282 -0.0177459 -0.0444523 0.998869 164.709
0.999801 -0.010821 0.0178911 0.426252 0.0100019 0.998933 0.0451964 2.47122 -0.0183603 -0.0450081 0.998833 166.066
0.999808 -0.00908135 0.0184987 0.439766 0.00823846 0.998955 0.0450855 2.51736 -0.0188882 -0.0449233 0.998827 167.4
0.999851 -0.00700114 0.0170323 0.456164 0.00625402 0.999041 0.0434719 2.56563 -0.0173198 -0.0433585 0.998925 168.773
0.999857 -0.00389001 0.0176356 0.464403 0.0031526 0.999135 0.0415966 2.60713 -0.0177816 -0.0415339 0.998995 170.104
0.999884 0.00144658 0.0164661 0.466625 -0.00211635 0.999176 0.0406832 2.65688 -0.0163932 -0.0407129 0.999053 171.482
0.999866 0.0049741 0.0168513 0.473016 -0.00567248 0.999124 0.0415985 2.70884 -0.016629 -0.0416874 0.999009 172.851
0.999824 0.00695991 0.0185907 0.487793 -0.0077604 0.999039 0.0432985 2.75586 -0.0182709 -0.0434346 0.998906 174.216
0.999838 0.00715738 0.0177466 0.506891 -0.00795609 0.998948 0.0452951 2.80178 -0.0174031 -0.0454278 0.998833 175.599
0.999852 0.00437662 0.0178903 0.530214 -0.00521295 0.998891 0.0469258 2.85006 -0.0176646 -0.0470115 0.998755 176.97
0.999902 0.00232387 0.0152603 0.557097 -0.00304744 0.998873 0.0474943 2.89714 -0.0151319 -0.0475349 0.998772 178.353
0.999912 0.00225074 0.0146311 0.572402 -0.00289016 0.999044 0.0437696 2.9525 -0.0145181 -0.0438075 0.998952 179.718
0.999939 0.0037685 0.0122761 0.588809 -0.0042735 0.999144 0.0412873 2.99945 -0.0121092 -0.0413361 0.999089 181.097
0.999926 0.00732849 0.0117591 0.598686 -0.00778918 0.999193 0.0395454 3.0454 -0.0114593 -0.0396335 0.999166 182.478
0.999883 0.0107212 0.0127265 0.606412 -0.0112416 0.999082 0.0414688 3.08107 -0.0122694 -0.0416059 0.999076 183.838
0.999877 0.012497 0.0115973 0.611537 -0.0130011 0.998935 0.0443989 3.12975 -0.0110295 -0.0445436 0.998964 185.247
0.999857 0.0119995 0.0137225 0.615033 -0.0126318 0.998826 0.0468969 3.17178 -0.0131428 -0.0470623 0.998823 186.619
0.999872 0.0117465 0.0127793 0.627709 -0.0123459 0.998786 0.0478242 3.22931 -0.0122015 -0.0479752 0.998792 188.042
0.999895 0.00969786 0.012792 0.642875 -0.0103108 0.998768 0.048677 3.28038 -0.0123032 -0.0488025 0.998751 189.443
0.999897 0.00739107 0.0141007 0.659362 -0.00808559 0.998733 0.0497926 3.32816 -0.0137143 -0.0499008 0.998678 190.824
0.999918 0.00554429 0.0134677 0.676493 -0.00621489 0.998727 0.0501933 3.37727 -0.0131713 -0.0502714 0.998667 192.252
0.999905 0.00346457 0.0149927 0.695249 -0.00423401 0.998669 0.0515355 3.43734 -0.0147938 -0.0515935 0.998577 193.646
0.999926 -0.000288625 0.0140331 0.715145 -0.000462124 0.998581 0.0533895 3.49161 -0.0140274 -0.0533905 0.998494 195.077
0.9999 -0.00276429 0.0155236 0.736721 0.0019156 0.998527 0.0543557 3.54 -0.0156504 -0.0543199 0.998419 196.468
0.999918 -0.00085505 0.014588 0.747707 0.000107239 0.9987 0.0511108 3.59818 -0.0146116 -0.0511035 0.998605 197.905
0.999891 0.00624133 0.0150762 0.75213 -0.00694555 0.998875 0.0470619 3.66012 -0.014765 -0.047161 0.998797 199.323
0.999766 0.0148179 0.0173059 0.753365 -0.0156206 0.998773 0.047151 3.71669 -0.0165846 -0.047409 0.998756 200.727
0.999669 0.0206196 0.0169077 0.7477 -0.0214454 0.998518 0.050174 3.76811 -0.0158476 -0.0505196 0.998616 202.188
0.999601 0.0218649 0.019252 0.763475 -0.0228628 0.99833 0.053195 3.82181 -0.0180555 -0.0536124 0.998417 203.612
0.999668 0.0202182 0.0174652 0.782268 -0.0211404 0.998308 0.0543085 3.88412 -0.0163371 -0.0546593 0.99839 205.067
0.999724 0.0181271 0.016627 0.805285 -0.0190169 0.998316 0.0549603 3.94859 -0.0156014 -0.0552598 0.998369 206.509
0.999751 0.016201 0.0169151 0.828203 -0.0171179 0.998318 0.0555211 4.01181 -0.0159866 -0.0557965 0.998333 207.93
0.999764 0.0170008 0.015321 0.84216 -0.0178263 0.998314 0.0553862 4.08521 -0.0143522 -0.0556446 0.998367 209.396
0.999747 0.0172013 0.0161552 0.854787 -0.0180744 0.998301 0.0555261 4.14373 -0.015172 -0.0558037 0.998346 210.823
0.999739 0.0188652 0.0148259 0.863355 -0.0196757 0.998218 0.0564993 4.21168 -0.0137323 -0.0567747 0.998313 212.303
0.999754 0.0182558 0.0145353 0.87768 -0.0190531 0.998217 0.05672 4.28081 -0.0134734 -0.0569825 0.998304 213.766
0.999739 0.0184289 0.0154553 0.898714 -0.0192751 0.998229 0.0564472 4.34865 -0.0143865 -0.0567286 0.998307 215.203
0.999759 0.0185288 0.0138345 0.906741 -0.0192845 0.998216 0.0566359 4.41597 -0.0127599 -0.0568885 0.998318 216.697
0.99975 0.0184938 0.0146112 0.929493 -0.0192929 0.998224 0.0565097 4.48319 -0.013539 -0.0567756 0.998316 218.14
0.999743 0.0198786 0.01308 0.939135 -0.0205899 0.998187 0.0566839 4.54422 -0.011929 -0.0569381 0.998326 219.633
0.999738 0.0199714 0.0135256 0.954147 -0.0207078 0.998191 0.0565938 4.60947 -0.0123698 -0.0568572 0.998328 221.087
0.999724 0.0215682 0.0118459 0.963168 -0.0222063 0.998154 0.0566739 4.68587 -0.0106013 -0.0569206 0.998343 222.58
0.999715 0.0224091 0.011288 0.970793 -0.0230168 0.998128 0.0568225 4.76051 -0.00999247 -0.0570642 0.998343 224.068
0.999699 0.0227278 0.0117391 0.97495 -0.0233589 0.998123 0.0567579 4.8324 -0.0104266 -0.0570143 0.998339 225.544
0.999728 0.0220867 0.01076 0.978169 -0.022666 0.998128 0.0569512 4.89613 -0.00948099 -0.0571776 0.998341 227.049
0.999741 0.0209396 0.0116148 0.987835 -0.0215671 0.998159 0.0568376 4.95678 -0.0104028 -0.0570726 0.998336 228.535
0.999756 0.0206027 0.011159 0.99684 -0.0212101 0.998143 0.0572451 5.02997 -0.00995774 -0.0574657 0.99832 230.04
0.99977 0.0196183 0.011447 1.0077 -0.0202507 0.998118 0.0580276 5.09995 -0.0102864 -0.0582452 0.99827 231.534
0.999766 0.0193334 0.0125557 1.01583 -0.020035 0.998108 0.0582835 5.17583 -0.011404 -0.0585191 0.998244 233.016
0.999763 0.0197884 0.0118191 1.02216 -0.0204447 0.9981 0.0582638 5.24838 -0.0106432 -0.0584907 0.998252 234.524
0.99976 0.0191361 0.0133715 1.03591 -0.0198863 0.998108 0.0583335 5.32057 -0.0122288 -0.0585832 0.99823 236.026
0.999745 0.0202691 0.0125141 1.04871 -0.0209673 0.998079 0.0584476 5.40086 -0.0113049 -0.0586941 0.998233 237.536
0.999757 0.0193333 0.0133662 1.0579 -0.0201027 0.998008 0.0599597 5.46481 -0.0121792 -0.0602114 0.998136 239.044
0.999734 0.0187246 0.0154925 1.07304 -0.0196266 0.997997 0.0602836 5.5344 -0.0143321 -0.0605705 0.998083 240.537
0.999737 0.0193058 0.0148389 1.08282 -0.0201575 0.998035 0.0594888 5.61264 -0.0136601 -0.0597698 0.998143 242.064
0.999699 0.0196318 0.016636 1.10157 -0.0205758 0.998078 0.0586112 5.68492 -0.0154528 -0.0589348 0.998164 243.572
0.999706 0.0200543 0.015945 1.11413 -0.0209625 0.998052 0.0589116 5.75828 -0.0147313 -0.059226 0.998161 245.099
0.999708 0.0196568 0.0160449 1.13304 -0.0205859 0.997998 0.0599514 5.82924 -0.0148338 -0.060263 0.998094 246.622
0.999705 0.0195938 0.0165732 1.14638 -0.0205609 0.997979 0.060276 5.90402 -0.0153575 -0.0605964 0.998069 248.134
0.999709 0.0198485 0.0158033 1.17144 -0.0207731 0.997951 0.0606616 5.97854 -0.0145663 -0.0609711 0.998056 249.679
0.999685 0.0204138 0.0168788 1.18231 -0.0214098 0.997915 0.0610272 6.05284 -0.0155967 -0.0613668 0.998019 251.191
0.999669 0.021564 0.01605 1.19852 -0.0225068 0.997889 0.0610754 6.12509 -0.0146985 -0.0614154 0.998026 252.732
0.999655 0.0215582 0.0173103 1.21651 -0.0225839 0.99787 0.0613522 6.20482 -0.0159496 -0.0617193 0.997993 254.243
0.999692 0.0206345 0.0158899 1.2379 -0.0215752 0.997884 0.061491 6.2807 -0.0145871 -0.0618137 0.998003 255.791
0.999733 0.0188686 0.0159345 1.26033 -0.0198261 0.997878 0.0621571 6.36851 -0.0147268 -0.0624539 0.997965 257.32
0.999747 0.0165034 0.0171776 1.28405 -0.017565 0.997831 0.0635898 6.44246 -0.0160905 -0.0638742 0.997851 258.845
0.999784 0.016136 0.0158402 1.30906 -0.0171124 0.997845 0.0634817 6.52519 -0.0147807 -0.0637362 0.997885 260.382
0.999767 0.015966 0.0165792 1.32782 -0.0169859 0.997859 0.0632935 6.60511 -0.0155328 -0.063559 0.99788 261.904
0.999802 0.0146421 0.0161631 1.36356 -0.0156604 0.997792 0.0646896 6.69048 -0.0151793 -0.0649271 0.997803 263.439
0.99981 0.0129239 0.0166295 1.38604 -0.0139878 0.997764 0.0655051 6.78843 -0.0157454 -0.0657239 0.997737 264.977
0.999808 0.0116836 0.0180906 1.40273 -0.012857 0.997741 0.0660786 6.86117 -0.0172767 -0.0662956 0.99768 266.499
0.999806 0.0117984 0.0176552 1.42594 -0.0129346 0.997768 0.0656621 6.93902 -0.0168406 -0.0658762 0.997709 268.031
0.999763 0.0127281 0.0198042 1.446 -0.0140036 0.997759 0.0655845 7.02776 -0.018924 -0.0658434 0.99768 269.569
0.999743 0.0142804 0.0193513 1.46975 -0.015523 0.997732 0.0656444 7.10817 -0.0183695 -0.0659264 0.997679 271.107
0.999721 0.0150541 0.0203276 1.49073 -0.0163567 0.997733 0.0654404 7.19878 -0.0192952 -0.0657516 0.99768 272.643
0.999632 0.0164215 0.0230086 1.50938 -0.0179045 0.997683 0.065789 7.27719 -0.0218743 -0.0661753 0.997592 274.175
0.999657 0.016378 0.0223167 1.53603 -0.0178135 0.997693 0.0656547 7.3635 -0.0211888 -0.0660267 0.997623 275.718
0.999566 0.017234 0.025214 1.55925 -0.0188612 0.997666 0.0657813 7.44712 -0.0240208 -0.0662267 0.997539 277.246
0.999596 0.016496 0.0248485 1.59204 -0.0180971 0.997692 0.0655934 7.53795 -0.023708 -0.0660134 0.997567 278.784
0.999572 0.0162536 0.0256319 1.62674 -0.0179183 0.997662 0.066101 7.62403 -0.024497 -0.0665302 0.997508 280.316
0.999519 0.015075 0.0285814 1.66376 -0.0169767 0.997588 0.0674571 7.70594 -0.0274944 -0.0679066 0.997343 281.838
0.999563 0.0146077 0.0269614 1.69821 -0.0163981 0.997601 0.0674114 7.79504 -0.0259113 -0.0678223 0.997385 283.387
0.999513 0.0139715 0.029358 1.74107 -0.0158756 0.99773 0.0656075 7.879 -0.0283734 -0.0660384 0.997444 284.909
0.99957 0.0140401 0.027021 1.77704 -0.0157702 0.997776 0.0649076 7.96623 -0.0260489 -0.0653041 0.99755 286.464
0.999606 0.0137565 0.0261304 1.80996 -0.0154314 0.997779 0.0649587 8.05247 -0.0251776 -0.0653331 0.997577 288.009
0.999571 0.012748 0.0276153 1.84906 -0.0145303 0.997768 0.0653216 8.13291 -0.0267202 -0.0656932 0.997506 289.539
0.999648 0.0129655 0.024923 1.8774 -0.0145749 0.997759 0.0654561 8.22255 -0.0240173 -0.0657929 0.997575 291.109
0.9996 0.0128771 0.0264811 1.91169 -0.0145843 0.997768 0.0653068 8.30705 -0.0255803 -0.0656653 0.997538 292.643
0.99966 0.0134199 0.0241813 1.94265 -0.014988 0.99773 0.0658124 8.39941 -0.023242 -0.0661491 0.997571 294.224
0.999678 0.0131536 0.0232044 1.96884 -0.0146671 0.997702 0.0662932 8.48505 -0.0222784 -0.0666106 0.997554 295.789
0.999663 0.0133153 0.0240991 2.00235 -0.0149193 0.997612 0.0675836 8.57075 -0.0231403 -0.067917 0.997453 297.336
0.999687 0.0141278 0.0222294 2.02819 -0.0156239 0.99753 0.0686208 8.66591 -0.0212044 -0.068945 0.99742 298.923
0.999633 0.014688 0.0245461 2.0593 -0.0163544 0.997488 0.0690645 8.75667 -0.0234687 -0.0694372 0.99734 300.484
0.999623 0.015201 0.0243073 2.08706 -0.0168584 0.99745 0.0694947 8.85161 -0.0231883 -0.0698767 0.997311 302.079
0.999632 0.0145589 0.0246146 2.11964 -0.0162489 0.997435 0.0698458 8.9507 -0.0235333 -0.0702167 0.997284 303.667
0.999594 0.013415 0.0264819 2.16309 -0.0152218 0.997494 0.0692394 9.04234 -0.0254859 -0.0696128 0.997273 305.239
0.999621 0.0128793 0.0259688 2.20524 -0.0146274 0.997573 0.0682246 9.13356 -0.0250258 -0.0685754 0.997362 306.832
0.999584 0.01289 0.0271104 2.24107 -0.0146976 0.997617 0.0675598 9.22677 -0.0261742 -0.0679285 0.997372 308.429
0.999658 0.0135374 0.0242087 2.27839 -0.0151536 0.997594 0.0678065 9.32165 -0.0232312 -0.0681469 0.997436 310.028
0.999688 0.0142503 0.0221467 2.31027 -0.0157365 0.997542 0.0684392 9.42031 -0.0211163 -0.0687647 0.997434 311.631
0.999658 0.0151612 0.0232402 2.33169 -0.0167786 0.997347 0.0709816 9.52182 -0.0221011 -0.0713438 0.997238 313.236
0.999679 0.0141088 0.022615 2.3689 -0.0157442 0.997157 0.0738392 9.62231 -0.0215082 -0.0741698 0.997039 314.863
0.999661 0.0135439 0.024105 2.39572 -0.0153093 0.99711 0.0745513 9.72584 -0.0230245 -0.0748914 0.996958 316.473
0.999678 0.0128938 0.0234293 2.43441 -0.0146011 0.997147 0.0742106 9.82673 -0.0224048 -0.0745269 0.996993 318.104
0.999651 0.0127992 0.0249438 2.46589 -0.0146297 0.997119 0.0745691 9.93434 -0.0239164 -0.0749042 0.996936 319.71
0.999659 0.012937 0.0242364 2.50251 -0.0147287 0.997066 0.0752562 10.0459 -0.0231909 -0.0755854 0.996896 321.339
0.999653 0.0127968 0.0248428 2.5396 -0.0146373 0.997064 0.0753007 10.1522 -0.023805 -0.0756345 0.996884 322.959
0.999586 0.0134023 0.0268295 2.56692 -0.0153841 0.997071 0.0750677 10.2707 -0.0257438 -0.0754473 0.996844 324.56
0.999597 0.0139429 0.0264518 2.60851 -0.0159021 0.997045 0.0752961 10.3822 -0.0253226 -0.0756825 0.996843 326.182
0.999537 0.0130346 0.0287756 2.64261 -0.0152302 0.996893 0.0774383 10.4926 -0.0276757 -0.0778386 0.996609 327.784
0.999573 0.0125742 0.02798 2.69042 -0.0147319 0.996837 0.0782327 10.6085 -0.0269065 -0.0786076 0.996575 329.406
0.999565 0.0126775 0.0279682 2.73112 -0.0148429 0.996806 0.0786123 10.7251 -0.0268812 -0.0789911 0.99654 331.012
0.999528 0.0128347 0.0294393 2.76613 -0.0151364 0.996748 0.079281 10.8403 -0.0283248 -0.0796854 0.99645 332.613
0.999545 0.0139838 0.0280836 2.80941 -0.0161551 0.996785 0.0786279 10.9661 -0.0268927 -0.0790436 0.996536 334.224
0.9995 0.0159913 0.0288422 2.83879 -0.0182081 0.996779 0.0782444 11.0617 -0.0274967 -0.0787267 0.996549 335.81
0.999537 0.0166307 0.0269263 2.87806 -0.0187221 0.996681 0.0793687 11.1772 -0.0255158 -0.0798337 0.996511 337.422
0.999563 0.0168315 0.0260561 2.91273 -0.0189155 0.996476 0.0818483 11.2885 -0.0245854 -0.0823014 0.996337 339.026
0.999546 0.0171149 0.0262577 2.94343 -0.0192577 0.996321 0.0836405 11.4087 -0.0247285 -0.0841058 0.996179 340.605
0.999608 0.0172467 0.024013 2.9796 -0.0192201 0.996253 0.0844525 11.5287 -0.0224652 -0.0848767 0.996173 342.215
0.999616 0.0171393 0.0234561 3.00738 -0.0190735 0.99622 0.0848757 11.6411 -0.0219116 -0.0852879 0.996145 343.786
0.999697 0.0163433 0.0207519 3.04028 -0.0180693 0.996159 0.0858114 11.7652 -0.0192685 -0.0861562 0.99613 345.39
0.999728 0.015421 0.0195826 3.07608 -0.0170717 0.996063 0.0871131 11.8913 -0.018161 -0.087421 0.996036 346.994
0.999722 0.0151848 0.0204346 3.09713 -0.0169201 0.99603 0.0875197 12.0077 -0.0190232 -0.0878368 0.995988 348.556
0.999741 0.0150569 0.0192392 3.12475 -0.0166942 0.995994 0.0879707 12.1306 -0.0178364 -0.0882662 0.995967 350.159
0.999728 0.0149105 0.0203398 3.14637 -0.0166527 0.995969 0.0882655 12.257 -0.0189405 -0.0885759 0.995924 351.72
0.999739 0.0147516 0.0195307 3.17315 -0.0164306 0.995926 0.0887851 12.3843 -0.0181402 -0.08908 0.995889 353.324
0.999747 0.0144639 0.0196961 3.19895 -0.0161646 0.99591 0.0890136 12.5093 -0.0183269 -0.0893052 0.99587 354.906
0.999719 0.0143247 0.0208797 3.22154 -0.0161336 0.995894 0.0891928 12.6348 -0.0195151 -0.0895016 0.995826 356.464
0.999746 0.0141828 0.0199398 3.24967 -0.0159202 0.995847 0.089765 12.7648 -0.0185826 -0.0900553 0.995798 358.062
0.99972 0.0141213 0.021004 3.27522 -0.0159543 0.995842 0.0898088 12.8952 -0.0196472 -0.0901156 0.995768 359.621
0.999748 0.0137865 0.0201109 3.30421 -0.0155526 0.995796 0.0903858 13.023 -0.018779 -0.0906715 0.995738 361.217
0.999756 0.0125802 0.0202575 3.3333 -0.0143858 0.995704 0.0915866 13.158 -0.0190171 -0.0918526 0.995621 362.8
0.999743 0.0118122 0.0215666 3.3604 -0.0137658 0.995609 0.092709 13.2862 -0.0203755 -0.0929776 0.995496 364.367
0.999755 0.0118339 0.0207131 3.39228 -0.0137108 0.995588 0.0929315 13.4207 -0.0195208 -0.0931898 0.995487 365.964
0.999719 0.0125085 0.0222933 3.41956 -0.0145298 0.995585 0.0928489 13.5543 -0.0210322 -0.0931421 0.995466 367.532
0.999715 0.0132534 0.0217791 3.44706 -0.0152347 0.995516 0.0934645 13.6917 -0.0204415 -0.0937667 0.995414 369.13
0.999676 0.0135917 0.0235518 3.47172 -0.0157582 0.995429 0.0943012 13.8206 -0.0221612 -0.0946371 0.995301 370.707
0.999683 0.0139026 0.0228423 3.50664 -0.0160093 0.99538 0.0947791 13.9545 -0.0214178 -0.0951117 0.995266 372.309
0.99968 0.0138241 0.0232459 3.53823 -0.0159748 0.995365 0.0949475 14.09 -0.0218243 -0.0952838 0.995247 373.9
0.999628 0.0139838 0.0251083 3.567 -0.0163168 0.995331 0.095243 14.2285 -0.0236578 -0.0956141 0.995168 375.475
0.999651 0.0142286 0.0242588 3.60327 -0.0164918 0.995282 0.0957211 14.3732 -0.0227811 -0.0960828 0.995149 377.086
0.999594 0.0146068 0.0260836 3.63343 -0.0170604 0.995201 0.0964582 14.5087 -0.0245482 -0.0968609 0.995025 378.664
0.999607 0.0154046 0.0253172 3.66892 -0.0178032 0.995102 0.0973439 14.6535 -0.0236924 -0.0977513 0.994965 380.283
0.999581 0.016178 0.0256877 3.70196 -0.0186191 0.995039 0.0978191 14.7929 -0.0239765 -0.098253 0.994903 381.884
0.99952 0.0169061 0.0276432 3.73354 -0.019543 0.995004 0.0980165 14.9292 -0.0258467 -0.0985047 0.994837 383.467
0.999534 0.0174811 0.0266295 3.76992 -0.0200252 0.994948 0.0984735 15.0668 -0.0247722 -0.0989575 0.994813 385.092
0.999475 0.0181068 0.0285201 3.80317 -0.0208633 0.994833 0.0994623 15.2087 -0.0265706 -0.1 0.994669 386.678
0.999487 0.0185257 0.0276829 3.83598 -0.0212073 0.994777 0.0999417 15.3555 -0.0256855 -0.100474 0.994638 388.31
0.999466 0.0192013 0.0281393 3.8737 -0.0219353 0.994731 0.100254 15.4977 -0.0260649 -0.100812 0.9946 389.923
0.999427 0.0188792 0.0295884 3.90806 -0.0217756 0.994674 0.100843 15.638 -0.0275256 -0.101426 0.994493 391.515
