0.999942 -0.00166701 -0.0103002 0.122666 0.00167805 1 0.0011011 -0.0147037 0.0102999 -0.00111865 0.999946 1.16669
0.999892 -0.00258902 -0.0146627 0.142218 0.00260913 0.999997 0.00134576 -0.0348586 0.0146607 -0.00138398 0.999891 2.47454
0.999868 -0.00420633 -0.0156358 0.133825 0.00420002 0.999995 -0.000394652 -0.046931 0.0156398 0.000328797 0.999879 3.83785
0.999855 -0.00477113 -0.0164787 0.119443 0.00475712 0.99999 -0.000894549 -0.0594414 0.0164843 0.000815927 0.999864 5.19716
0.999827 -0.00566873 -0.0177492 0.105714 0.00566978 0.999987 5.1801e-05 -0.0838723 0.0177511 -0.000152483 0.999845 6.52586
0.999788 -0.00783361 -0.0192035 0.109635 0.00785722 0.999971 0.00114945 -0.104232 0.0191956 -0.00130021 0.999815 7.86309
0.999752 -0.00753801 -0.0209703 0.111714 0.00756849 0.999974 0.00141677 -0.118303 0.0209617 -0.00157516 0.999782 9.24985
0.999743 -0.00654605 -0.0218974 0.0876486 0.00653451 0.999981 -0.000599446 -0.13685 0.0219026 0.000456127 0.99976 10.6342
0.999726 -0.00443686 -0.0230121 0.075608 0.00436989 0.99999 -0.00292103 -0.159489 0.0230274 0.00281956 0.999736 12.0293
0.999761 -0.000721626 -0.0221101 0.0159862 0.000633326 0.999996 -0.00400111 -0.180767 0.0221145 0.00398611 0.999749 13.374
0.999775 0.00205787 -0.0211863 -0.0424997 -0.00214187 0.999995 -0.00390058 -0.206723 0.0211809 0.00394502 0.999772 14.7312
0.999798 0.00299962 -0.020199 -0.0948243 -0.00306575 0.999995 -0.00324312 -0.228843 0.0201907 0.00330439 0.999792 16.092
0.999823 0.000961222 -0.0188443 -0.145734 -0.000973302 1 -0.000583223 -0.251254 0.0188464 0.000601449 0.999827 17.4614
0.99985 -0.00310516 -0.0174367 -0.198463 0.00312278 0.999999 0.000986765 -0.270572 0.0174352 -0.00104109 0.999849 18.8252
0.999854 -0.00575572 -0.0161976 -0.245303 0.00573873 0.999988 -0.00103937 -0.296354 0.0162061 0.000946181 0.999873 20.204
0.999874 -0.00682452 -0.0149191 -0.299206 0.00678373 0.999977 -0.00277959 -0.321781 0.0149394 0.00267802 0.999886 21.5553
0.999897 -0.00466114 -0.0137046 -0.335389 0.00460892 0.999988 -0.00377574 -0.356297 0.0137246 0.00371193 0.999905 22.9396
0.999927 -0.00192517 -0.0126523 -0.366652 0.00190887 1 -0.0012953 -0.387342 0.0126566 0.00127103 0.99992 24.3473
0.999933 -0.00119795 -0.0116919 -0.398602 0.00122907 1 0.00272241 -0.417706 0.0116913 -0.00273676 0.999934 25.7706
0.99996 -0.00289564 -0.00933681 -0.44166 0.00294191 0.999987 0.00495098 -0.436332 0.00932407 -0.00497824 0.999945 27.1654
0.999942 -0.00699955 -0.00849005 -0.470415 0.00703045 0.999975 0.00370458 -0.461664 0.00846664 -0.00376424 0.999964 28.5753
0.999949 -0.00793286 -0.007454 -0.504507 0.00794915 0.99997 0.0021546 -0.489749 0.00743848 -0.00221378 0.999971 29.9653
0.999949 -0.00902539 -0.00514719 -0.550089 0.00902658 0.999966 0.000409185 -0.519137 0.00514626 -0.000455842 0.999995 31.3445
0.999993 -0.00542001 -0.00309125 -0.585745 0.00541834 0.999991 -0.000474978 -0.541289 0.00309575 0.000458392 0.999997 32.7473
0.999991 -0.00451712 -0.00200767 -0.611038 0.00451161 0.999995 -0.00220788 -0.565387 0.00202061 0.00219854 1 34.1406
1.00001 -0.00330334 -0.000962277 -0.635244 0.00330106 0.999998 -0.00211957 -0.585286 0.000971237 0.00211645 1 35.5498
0.999998 -0.00304597 -9.57879e-05 -0.66052 0.00304481 1 -0.000940707 -0.607351 0.000101639 0.000940197 1.00001 36.9667
1.00001 -0.00213349 -0.000286371 -0.671313 0.00213322 1 8.46181e-05 -0.625729 0.000288042 -8.5255e-05 1 38.394
1 0.000576449 -0.000539393 -0.675723 -0.000577536 1.00001 8.01061e-05 -0.643705 0.000542367 -8.00182e-05 1.00001 39.8724
1.00001 0.00355768 -3.70731e-05 -0.689541 -0.00355795 1 -0.000216671 -0.665875 3.82198e-05 0.000216723 1 41.317
0.99999 0.00536382 -0.00028252 -0.693486 -0.00536488 0.999994 0.00014545 -0.689603 0.000286297 -0.000144124 1.00001 42.7911
0.999994 0.00612647 0.000298125 -0.714462 -0.00612674 0.999987 6.01024e-05 -0.710372 -0.000295856 -6.20156e-05 1 44.2234
0.999992 0.00481386 -0.000154529 -0.7132 -0.00481502 0.999996 -0.000110269 -0.734535 0.000157074 0.000110908 1.00001 45.6734
1 0.00388056 -0.000498264 -0.720494 -0.00388114 0.999996 -9.29937e-05 -0.763022 0.000500035 9.49135e-05 1 47.1116
0.999996 0.00391861 -0.00081178 -0.736334 -0.00391984 1 -9.73013e-05 -0.781104 0.000814654 0.000100254 1.00001 48.5311
1 0.00415697 -0.00177011 -0.740675 -0.00415553 0.999995 0.00108189 -0.802248 0.00177676 -0.00107456 1 50.0015
0.999989 0.0043989 -0.00331047 -0.738977 -0.00439742 0.999996 0.00081942 -0.82658 0.00331728 -0.000805021 1 51.4595
0.999989 0.00487597 -0.00482403 -0.744471 -0.00487395 0.999992 0.00052365 -0.838502 0.00482872 -0.000500183 0.999993 52.9221
0.999973 0.00511401 -0.00592088 -0.758443 -0.00510965 0.999992 0.000972475 -0.855798 0.00592906 -0.000942315 0.99999 54.3721
0.999986 0.0038708 -0.00629993 -0.774701 -0.00386185 0.999996 0.00150065 -0.87581 0.00630801 -0.00147636 0.999984 55.8394
0.999981 0.00221039 -0.00638081 -0.79183 -0.00220202 1 0.00151182 -0.897547 0.0063875 -0.00149787 0.999985 57.2974
0.999989 -0.000230307 -0.00696999 -0.808045 0.000236448 1 0.00095912 -0.920097 0.00697224 -0.000960782 0.999981 58.746
0.999989 -0.00123473 -0.00564188 -0.843759 0.00124138 1 0.00140953 -0.945922 0.00564381 -0.00141652 0.999989 60.1903
1 -0.00305048 -0.00388214 -0.875639 0.00306169 0.999995 0.00307345 -0.976843 0.00387528 -0.00308517 0.999994 61.6385
0.999985 -0.00538333 -0.00354141 -0.878913 0.00539965 0.999979 0.00498469 -1.01008 0.00351823 -0.00500371 0.999988 63.095
0.999981 -0.00769355 -0.00317584 -0.8659 0.00770925 0.999963 0.00514054 -1.03982 0.00313806 -0.00516472 0.999988 64.5266
0.999955 -0.00972237 -0.00259172 -0.876057 0.00973247 0.999948 0.00444751 -1.05979 0.00255192 -0.00447257 0.999994 65.9328
0.999976 -0.00883078 -0.00106059 -0.899108 0.00883406 0.99996 0.00371942 -1.07763 0.00102954 -0.00372852 0.999999 67.362
0.999977 -0.00757417 2.65548e-05 -0.909003 0.00757272 0.999972 0.00323976 -1.09592 -4.75751e-05 -0.00323949 1 68.8107
1.00001 -0.00377976 0.00166438 -0.92963 0.00377237 0.999991 0.00415752 -1.11843 -0.00167847 -0.00415101 0.999997 70.2135
1 -0.000424394 0.00271458 -0.942391 0.000409155 0.999993 0.00515416 -1.13154 -0.0027135 -0.00515312 0.999991 71.7084
1 0.00417494 0.00341377 -0.953886 -0.00419239 0.999986 0.00500944 -1.14643 -0.00339121 -0.00502342 0.99999 73.1183
0.99995 0.00913979 0.00525317 -0.990412 -0.00915851 0.999959 0.00337608 -1.14556 -0.00521907 -0.00342386 0.999989 74.5958
0.999917 0.0125387 0.0059652 -0.998321 -0.0125525 0.999926 0.00223592 -1.16049 -0.00593517 -0.00231024 0.999988 76.0314
0.999883 0.0142885 0.0064182 -0.990479 -0.0143028 0.999903 0.0020248 -1.18837 -0.00638551 -0.00211611 0.999986 77.46
0.999885 0.0143401 0.00717618 -0.992593 -0.0143542 0.999903 0.00191698 -1.20502 -0.00714676 -0.00201934 0.999982 78.9127
0.999887 0.0136867 0.00707286 -0.973995 -0.013694 0.999913 0.000869231 -1.22583 -0.00705751 -0.000965714 0.999983 80.3204
0.999898 0.0135569 0.00680438 -0.964591 -0.0135428 0.999914 -0.00207963 -1.22906 -0.00683095 0.0019878 0.999985 81.709
0.999879 0.0136189 0.00809891 -0.991963 -0.0135916 0.999908 -0.0035102 -1.23945 -0.00814347 0.00340011 0.999969 83.1205
0.999894 0.0122096 0.00963205 -0.98207 -0.0121893 0.999934 -0.00213053 -1.29238 -0.00965672 0.00201352 0.999964 84.4465
0.999885 0.0123674 0.00941931 -0.998672 -0.0123341 0.999925 -0.00365489 -1.30819 -0.0094619 0.00353867 0.999958 85.903
0.999878 0.0126274 0.0107245 -1.02453 -0.0125796 0.99992 -0.00448882 -1.32741 -0.0107797 0.00435401 0.999946 87.3226
0.999854 0.0124681 0.01205 -1.07113 -0.0124096 0.999919 -0.00497477 -1.33816 -0.0121093 0.00482496 0.999923 88.7729
0.999884 0.0104308 0.0124526 -1.05942 -0.0103844 0.99995 -0.00376934 -1.38208 -0.0124909 0.00364033 0.999929 90.114
0.999892 0.00861064 0.0122762 -1.07651 -0.0085551 0.999962 -0.00460049 -1.3925 -0.0123141 0.00449558 0.999923 91.5516
0.999919 0.00669852 0.0123505 -1.06981 -0.00664053 0.999977 -0.00470137 -1.42492 -0.0123813 0.00461969 0.999926 92.9015
0.999884 0.00583776 0.0144305 -1.10414 -0.00575276 0.999975 -0.00595147 -1.44697 -0.0144637 0.00586844 0.999888 94.2766
0.999912 0.00474905 0.0137803 -1.07517 -0.00465561 0.999977 -0.00677701 -1.47908 -0.0138121 0.00671286 0.999896 95.6954
0.999878 0.00543194 0.0150794 -1.07931 -0.00530989 0.999964 -0.00814341 -1.50412 -0.0151218 0.00806294 0.999865 97.1563
0.999837 0.00517645 0.0183472 -1.11229 -0.00499109 0.999947 -0.0101068 -1.52012 -0.0183985 0.010014 0.999794 98.5611
0.999807 0.00634265 0.0189733 -1.10656 -0.00614551 0.999938 -0.0104364 -1.57043 -0.0190371 0.0103184 0.999778 99.9065
0.999797 0.00744673 0.0197113 -1.09639 -0.00723704 0.999928 -0.0106673 -1.60137 -0.0197892 0.0105228 0.999765 101.294
0.999788 0.0072306 0.019652 -1.06088 -0.00705194 0.999947 -0.00913783 -1.64447 -0.0197158 0.00899792 0.999781 102.679
0.999847 0.00800535 0.0167295 -0.997277 -0.00788894 0.999955 -0.00698685 -1.70033 -0.0167846 0.00685417 0.999852 104.002
0.999855 0.00703198 0.016011 -0.977726 -0.00688894 0.99995 -0.00896935 -1.72899 -0.0160721 0.0088583 0.999848 105.375
0.999888 0.0066591 0.0147144 -0.938204 -0.00648834 0.999921 -0.0115883 -1.76805 -0.01479 0.0114921 0.999837 106.73
0.999852 0.00761356 0.0159612 -0.955231 -0.00740268 0.999901 -0.0132315 -1.79891 -0.016059 0.0131118 0.999805 108.07
0.99986 0.00477153 0.0171395 -0.967567 -0.00456615 0.999928 -0.0119676 -1.84051 -0.0171951 0.0118881 0.999794 109.352
0.99981 0.00328866 0.0196499 -0.979606 -0.00307703 0.999952 -0.0107917 -1.86895 -0.0196831 0.0107296 0.999769 110.754
0.999772 0.00188305 0.0220697 -0.974783 -0.00163829 0.999947 -0.0110754 -1.89712 -0.0220892 0.0110373 0.999707 112.127
0.999763 0.000196548 0.0221712 -0.933599 8.4288e-05 0.999935 -0.0126632 -1.93816 -0.022171 0.0126626 0.999694 113.463
0.999726 0.00228437 0.0241258 -0.92872 -0.0019294 0.999902 -0.0146989 -1.98801 -0.0241568 0.0146488 0.999614 114.82
0.999636 0.0054527 0.0266643 -0.925212 -0.00497478 0.999842 -0.0179538 -2.0141 -0.026757 0.0178152 0.999498 116.23
0.99955 0.00896006 0.0292553 -0.910569 -0.00842839 0.999809 -0.0182227 -2.0595 -0.0294128 0.0179683 0.99942 117.571
0.999474 0.0103293 0.0309485 -0.88175 -0.00984079 0.999841 -0.0158908 -2.11195 -0.0311066 0.0155783 0.999409 118.911
0.999471 0.00954859 0.0316915 -0.837769 -0.00913886 0.999886 -0.0130244 -2.16464 -0.031812 0.0127284 0.999428 120.266
0.999407 0.00938453 0.0333239 -0.827059 -0.00896382 0.999894 -0.012746 -2.20207 -0.033439 0.0124403 0.999378 121.608
0.999307 0.010899 0.0361601 -0.806749 -0.0103649 0.999848 -0.0149001 -2.22291 -0.036317 0.0145155 0.99925 122.967
0.999189 0.0134508 0.0381287 -0.777269 -0.0128266 0.999796 -0.0165616 -2.25211 -0.0383426 0.0160597 0.999151 124.319
0.999058 0.0160981 0.0407867 -0.762917 -0.015354 0.999725 -0.0184716 -2.27738 -0.0410726 0.0178284 0.999013 125.677
0.998963 0.0173547 0.0422303 -0.693536 -0.0165483 0.99969 -0.01936 -2.33828 -0.0425525 0.0186417 0.998935 126.998
0.99891 0.0180927 0.0434793 -0.637671 -0.0172434 0.999668 -0.0198132 -2.39437 -0.0438233 0.0190425 0.998873 128.355
0.998875 0.0164208 0.0446418 -0.571039 -0.0155757 0.999709 -0.0192031 -2.45917 -0.0449438 0.0184869 0.998834 129.682
0.998814 0.0169452 0.0460504 -0.534185 -0.0160843 0.999704 -0.0189814 -2.49855 -0.0463586 0.0182188 0.998774 131.04
0.998724 0.0157824 0.0481108 -0.494781 -0.0148959 0.999729 -0.0187194 -2.54086 -0.0483929 0.0179795 0.998682 132.394
0.998733 0.0145891 0.0485542 -0.431733 -0.0137289 0.999758 -0.0179834 -2.59654 -0.0488051 0.0172946 0.998675 133.755
0.998762 0.0118675 0.0484485 -0.367772 -0.0110303 0.999801 -0.0174993 -2.64898 -0.0486464 0.016944 0.998688 135.121
0.998808 0.0101854 0.0481551 -0.300789 -0.00940491 0.999836 -0.0163858 -2.70236 -0.0483144 0.015914 0.998722 136.497
0.998822 0.00825053 0.0479604 -0.249994 -0.00745068 0.999846 -0.0168204 -2.74271 -0.0480917 0.016444 0.998724 137.909
0.998812 0.00723428 0.0486206 -0.21506 -0.00639645 0.999845 -0.0173484 -2.78689 -0.0487388 0.0170174 0.998684 139.271
0.998806 0.00638466 0.0485712 -0.17131 -0.00559874 0.999867 -0.0162886 -2.83655 -0.0486685 0.015998 0.998703 140.643
0.99884 0.00464842 0.0483798 -0.126246 -0.00387344 0.999879 -0.0160817 -2.88309 -0.0484488 0.0158764 0.998717 142.022
0.998845 0.00446381 0.0479757 -0.0807912 -0.00368771 0.999877 -0.0162424 -2.93114 -0.0480422 0.0160475 0.998733 143.4
0.998859 0.004333 0.0479838 -0.0359581 -0.00351216 0.999862 -0.0171591 -2.97401 -0.0480517 0.0169718 0.998718 144.801
0.99878 0.00439501 0.0493411 -0.0122564 -0.00351428 0.999849 -0.0179116 -3.01471 -0.0494121 0.017717 0.998639 146.181
0.998771 0.00241059 0.0499352 0.0255225 -0.00137651 0.999799 -0.0207143 -3.05831 -0.0499753 0.0206209 0.998554 147.562
0.99875 -0.00298102 0.0500564 0.0748659 0.00407667 0.99977 -0.0217942 -3.09672 -0.0499796 0.0219716 0.998527 148.951
0.998752 -0.0106889 0.049232 0.144142 0.0116649 0.999756 -0.0195563 -3.15051 -0.049011 0.0201068 0.998613 150.288
0.998672 -0.0169035 0.0488506 0.190873 0.0178332 0.999684 -0.0186571 -3.19348 -0.0485193 0.0195041 0.998652 151.658
0.998646 -0.0201769 0.0483961 0.254076 0.0212623 0.999547 -0.0219946 -3.24349 -0.0479303 0.0229945 0.998603 153.041
0.9986 -0.0194867 0.0493942 0.300196 0.0207233 0.999501 -0.0246439 -3.30528 -0.0488882 0.0256334 0.998499 154.376
0.998605 -0.0167255 0.0505027 0.359334 0.0180605 0.999513 -0.0260724 -3.37241 -0.0500419 0.0269487 0.998401 155.76
0.998554 -0.0173117 0.0511091 0.428498 0.0186592 0.999507 -0.0260025 -3.43195 -0.0506326 0.026919 0.998379 157.146
0.998417 -0.0208025 0.052677 0.473681 0.0220462 0.999506 -0.0231129 -3.48362 -0.05217 0.0242381 0.998362 158.482
0.998279 -0.0267813 0.0523913 0.566629 0.0278879 0.999421 -0.0205027 -3.53774 -0.0518106 0.0219289 0.99844 159.872
0.998201 -0.0306212 0.0519781 0.642958 0.0316634 0.999328 -0.019321 -3.58726 -0.0513514 0.0209326 0.99848 161.227
0.998077 -0.0318424 0.0534096 0.681497 0.0329263 0.999287 -0.0195341 -3.63451 -0.0527482 0.0212554 0.998406 162.573
0.998042 -0.0297471 0.0554313 0.732332 0.0308526 0.999357 -0.0191753 -3.67997 -0.054825 0.0208487 0.998297 163.943
0.998036 -0.0259657 0.0572198 0.788089 0.027129 0.999459 -0.0196436 -3.73408 -0.0566774 0.0211576 0.998193 165.31
0.997994 -0.0222675 0.059674 0.838843 0.0236336 0.99949 -0.0222628 -3.78223 -0.0591477 0.0236291 0.997989 166.67
0.997942 -0.0192354 0.061378 0.886379 0.0206718 0.999546 -0.0228489 -3.83195 -0.0609089 0.024071 0.997877 168.026
0.997758 -0.0178891 0.064884 0.91869 0.0193392 0.999594 -0.0217711 -3.88172 -0.0644681 0.0229777 0.997675 169.393
0.997688 -0.0159925 0.0662629 0.971022 0.0174995 0.999621 -0.0222189 -3.92957 -0.0658806 0.0233275 0.997578 170.763
0.997675 -0.0141441 0.0670586 1.04359 0.0158253 0.999591 -0.0245878 -3.98663 -0.066683 0.0255925 0.997467 172.16
0.997729 -0.0107639 0.0667041 1.11918 0.0125614 0.99959 -0.026579 -4.0516 -0.066389 0.0273569 0.997442 173.533
0.997738 -0.00597743 0.0673711 1.18938 0.00784417 0.999613 -0.027456 -4.11559 -0.0671809 0.0279229 0.997373 174.921
0.99765 -0.00081161 0.0687129 1.2477 0.00261407 0.999678 -0.0261376 -4.17524 -0.0686678 0.0262564 0.997318 176.281
0.997643 0.00269512 0.0689952 1.33958 -0.00105826 0.99974 -0.0237264 -4.24335 -0.0690412 0.0235981 0.997359 177.706
0.997433 0.00433552 0.0716941 1.38232 -0.00279448 0.999789 -0.0215755 -4.29405 -0.0717703 0.0213203 0.997221 179.067
0.997472 0.00141041 0.0714691 1.47081 8.56074e-05 0.999805 -0.0209028 -4.34334 -0.0714845 0.0208568 0.997248 180.461
0.997578 -0.00128816 0.0697788 1.56733 0.00271361 0.999815 -0.0203325 -4.40107 -0.0697375 0.0204733 0.997385 181.869
0.997629 -0.00117311 0.0692411 1.64496 0.0028741 0.99972 -0.0244468 -4.45761 -0.0691928 0.0245884 0.997325 183.284
0.997579 0.000900473 0.0697878 1.70481 0.0011427 0.999601 -0.0292268 -4.5104 -0.0697837 0.0292363 0.997166 184.682
0.997512 0.00500217 0.0707528 1.77541 -0.00291334 0.999581 -0.0295731 -4.5731 -0.070871 0.0292937 0.997081 186.099
0.997514 0.00825856 0.0702327 1.86749 -0.00627552 0.999606 -0.028404 -4.63837 -0.0704369 0.0278932 0.99716 187.476
0.9974 0.00996896 0.0718128 1.93483 -0.00822322 0.999689 -0.0245436 -4.70341 -0.072035 0.0238897 0.997143 188.864
0.997245 0.0102409 0.0737069 2.0064 -0.00862597 0.999746 -0.0221897 -4.76604 -0.0739126 0.0214934 0.997068 190.247
0.997199 0.00995047 0.0745573 2.09299 -0.00840181 0.999768 -0.0210359 -4.82777 -0.0747491 0.0203512 0.997022 191.62
0.997183 0.00769586 0.074837 2.19532 -0.00621259 0.999808 -0.0200281 -4.88543 -0.074974 0.0195072 0.997029 193.081
0.997182 0.00507581 0.0752714 2.29336 -0.00361159 0.999826 -0.0195545 -4.94224 -0.0753574 0.0192282 0.996999 194.526
0.997146 0.00161773 0.0757032 2.39232 -0.00018445 0.999849 -0.0189315 -4.99791 -0.0757196 0.018864 0.996985 195.966
0.997102 -0.00112148 0.0764848 2.49674 0.00251393 0.999856 -0.0180919 -5.04376 -0.0764534 0.0182324 0.996934 197.436
0.996983 -0.0060128 0.0776172 2.59347 0.00733535 0.999861 -0.0167638 -5.09297 -0.0775026 0.017283 0.996878 198.861
0.996921 -0.0080675 0.0783936 2.70037 0.00945867 0.999829 -0.017371 -5.13481 -0.0782395 0.0180597 0.996799 200.318
0.996931 -0.00569522 0.0783091 2.80728 0.00742679 0.999763 -0.0218374 -5.18334 -0.0781631 0.0223523 0.996726 201.762
0.996906 0.00273062 0.0789626 2.89858 -0.000584401 0.999656 -0.0271747 -5.23434 -0.0790088 0.027045 0.996537 203.204
0.996784 0.0111184 0.0795861 2.99738 -0.00898322 0.999621 -0.0271372 -5.2956 -0.0798539 0.0263355 0.996496 204.639
0.996522 0.0185479 0.0816426 3.07642 -0.0166829 0.999612 -0.0234556 -5.35436 -0.0820451 0.0220126 0.996415 206.086
0.996378 0.0191729 0.0830754 3.1742 -0.01746 0.99965 -0.0212977 -5.40845 -0.0834508 0.0197705 0.996353 207.536
0.996419 0.0176027 0.0830911 3.2874 -0.0159109 0.99968 -0.0209691 -5.45974 -0.0834326 0.0195727 0.996351 209.021
0.996405 0.0140924 0.0837647 3.35679 -0.0123846 0.999733 -0.0208758 -5.51486 -0.0840328 0.0197638 0.996304 210.452
0.996459 0.0116309 0.0836628 3.46054 -0.00991962 0.99976 -0.0208329 -5.57592 -0.083884 0.01993 0.996307 211.927
0.996365 0.0121918 0.0845541 3.5527 -0.0104467 0.999751 -0.021052 -5.6382 -0.084786 0.0200925 0.996233 213.394
0.996082 0.0136187 0.0877804 3.61081 -0.0118634 0.999748 -0.020481 -5.69608 -0.0880359 0.01936 0.995959 214.854
0.995974 0.0140652 0.0887504 3.71555 -0.0124239 0.999769 -0.0190196 -5.75979 -0.0889936 0.0178408 0.995909 216.334
0.995968 0.0133465 0.089102 3.8368 -0.0116974 0.999779 -0.0189985 -5.82059 -0.0893345 0.0178804 0.995871 217.836
0.996012 0.0125351 0.0885495 3.97594 -0.0108187 0.999771 -0.0198414 -5.87389 -0.088774 0.0188046 0.995912 219.354
0.996113 0.0115499 0.0877181 4.10215 -0.00984624 0.999782 -0.0198257 -5.93063 -0.0879263 0.0188857 0.995978 220.829
0.996155 0.0109382 0.0871385 4.22878 -0.0093177 0.999803 -0.0189866 -5.99707 -0.0873249 0.018102 0.996054 222.319
0.996221 0.0110392 0.0865469 4.3567 -0.00948094 0.999812 -0.0183952 -6.06468 -0.0867318 0.0175059 0.99611 223.821
0.996198 0.0108729 0.086663 4.45858 -0.00930125 0.999812 -0.0185241 -6.11692 -0.0868439 0.0176478 0.996106 225.28
0.996297 0.0114732 0.0856156 4.59507 -0.00993683 0.999809 -0.0183492 -6.17747 -0.0858077 0.0174312 0.996192 226.787
0.996375 0.0110285 0.0845937 4.73687 -0.00952595 0.999816 -0.0181523 -6.23758 -0.0847743 0.0172808 0.99629 228.342
0.996438 0.0108812 0.0840433 4.86028 -0.00939008 0.999818 -0.01812 -6.2904 -0.0842231 0.017267 0.99633 229.845
0.996506 0.00990846 0.0831804 4.99571 -0.00843481 0.999828 -0.0180577 -6.34655 -0.083341 0.0172932 0.99641 231.37
0.996516 0.00843702 0.0833974 5.11679 -0.00694676 0.999837 -0.0181455 -6.39747 -0.083535 0.0175036 0.996383 232.897
0.996481 0.00755455 0.0837393 5.22726 -0.00606775 0.999846 -0.0180045 -6.44531 -0.0838585 0.0174332 0.996363 234.417
0.996395 0.00608206 0.0850365 5.31778 -0.00461492 0.999864 -0.017443 -6.48899 -0.085129 0.0169884 0.996258 235.925
0.996339 0.00623462 0.0855207 5.43294 -0.00478462 0.999868 -0.0171604 -6.5402 -0.0856124 0.0166885 0.996227 237.458
0.996331 0.00695397 0.0857263 5.56522 -0.00545135 0.999855 -0.0177547 -6.59059 -0.0858352 0.0172228 0.996194 239.001
0.996055 0.00841677 0.0885841 5.6439 -0.00670498 0.999814 -0.0196123 -6.62805 -0.0887284 0.0189411 0.995916 240.495
0.995903 0.00985207 0.0903009 5.76086 -0.00813919 0.999808 -0.0193202 -6.67601 -0.090472 0.0185067 0.995762 242.03
0.995719 0.00984091 0.0921594 5.87904 -0.00826625 0.999842 -0.0174613 -6.72697 -0.0923124 0.0166248 0.995633 243.538
0.995505 0.00951528 0.0946511 5.99732 -0.00796016 0.999856 -0.0167972 -6.78355 -0.0947957 0.0159689 0.995407 244.995
0.995353 0.0101181 0.0960014 6.11922 -0.00835977 0.99982 -0.0187093 -6.83169 -0.0961691 0.0178199 0.995247 246.536
0.995274 0.0105333 0.0969495 6.25616 -0.00863632 0.999793 -0.0199695 -6.88634 -0.0971381 0.0190384 0.995127 248.059
0.995293 0.0109926 0.0965209 6.41481 -0.00917859 0.999803 -0.0192265 -6.95045 -0.096709 0.0182501 0.995187 249.629
0.995377 0.0105727 0.0958706 6.57954 -0.00890164 0.999831 -0.0178451 -7.01284 -0.0960413 0.0169098 0.995272 251.184
0.995422 0.0104644 0.0952392 6.73053 -0.00884672 0.999839 -0.017401 -7.06971 -0.0954017 0.0164786 0.995345 252.758
0.995432 0.010723 0.0952767 6.86512 -0.0091484 0.999844 -0.0169517 -7.13006 -0.095442 0.0160032 0.995345 254.3
0.995348 0.0121295 0.095822 6.99819 -0.0105825 0.999835 -0.0166478 -7.18437 -0.096004 0.0155562 0.995302 255.875
0.995317 0.013058 0.0961774 7.13205 -0.0115088 0.999824 -0.0166497 -7.23469 -0.0963762 0.0154655 0.995264 257.411
0.995338 0.0128979 0.0958272 7.27862 -0.0114067 0.999834 -0.0161047 -7.29291 -0.096015 0.0149364 0.99531 258.96
0.995397 0.0119237 0.095498 7.43826 -0.010432 0.999845 -0.0161083 -7.34499 -0.0956737 0.0150384 0.995339 260.456
0.995498 0.00985306 0.0945148 7.60394 -0.00849601 0.999885 -0.0147624 -7.40724 -0.0946456 0.0138928 0.995457 262.04
0.995488 0.00765555 0.0949779 7.74638 -0.00630983 0.999905 -0.0144616 -7.45112 -0.0950782 0.0137974 0.995414 263.586
0.995528 0.00623676 0.0945065 7.89616 -0.00479798 0.999899 -0.015457 -7.49571 -0.0945894 0.0149343 0.995447 265.146
0.995578 0.00520622 0.094189 8.04244 -0.00364556 0.999883 -0.0167338 -7.54347 -0.0942636 0.0163168 0.995453 266.703
0.995237 0.00180885 0.0977265 8.1229 -0.000428899 0.999932 -0.0141523 -7.59793 -0.0977409 0.0140427 0.995156 268.233
0.995231 -0.000585894 0.0979126 8.27526 0.00178327 0.999952 -0.0121438 -7.65394 -0.0978995 0.0122608 0.995161 269.803
0.995411 -0.00124832 0.0959648 8.46038 0.00247984 0.999948 -0.0127279 -7.71022 -0.0959396 0.0129071 0.995349 271.42
0.995747 -0.0014067 0.092508 8.67744 0.00260766 0.999942 -0.0128668 -7.77324 -0.0924832 0.0130535 0.99567 273.061
0.995519 -0.00122777 0.094822 8.78931 0.00242055 0.99995 -0.01248 -7.82465 -0.0947973 0.0126532 0.995465 274.585
0.99559 0.000295561 0.0942001 8.96186 0.000827802 0.999957 -0.0118924 -7.88086 -0.0941983 0.011918 0.995525 276.176
0.99554 0.000598243 0.0946058 9.10515 0.000439497 0.99997 -0.010963 -7.93998 -0.0946051 0.0109552 0.995504 277.729
0.995393 -0.000158231 0.0962709 9.24093 0.00106396 0.999983 -0.00936521 -8.00276 -0.0962667 0.00942455 0.995353 279.283
0.995283 0.00219133 0.0972121 9.38192 -0.00113948 0.999963 -0.010888 -8.03531 -0.0972286 0.0107253 0.99525 280.833
0.995154 0.0024545 0.098694 9.51932 -0.00131964 0.999959 -0.011571 -8.078 -0.0987178 0.0113845 0.995095 282.366
0.994986 0.00117797 0.100232 9.64936 5.17782e-05 0.999949 -0.0122796 -8.12034 -0.100238 0.0122227 0.994935 283.963
0.994546 1.63227e-05 0.10474 9.77311 0.00115534 0.999964 -0.011138 -8.17717 -0.104737 0.0111978 0.994489 285.463
0.994466 -0.0021794 0.105239 9.93058 0.00319835 0.999975 -0.00952575 -8.2234 -0.105213 0.00980898 0.994448 287.096
0.994441 -0.00239233 0.105707 10.0884 0.00344466 0.999972 -0.00978618 -8.26131 -0.105681 0.0100954 0.994401 288.713
0.994365 -0.00343822 0.106162 10.2375 0.00476945 0.99994 -0.0123023 -8.29934 -0.10611 0.0127386 0.994321 290.266
0.994393 -0.00431309 0.106101 10.3992 0.00590933 0.9999 -0.0147472 -8.3418 -0.106027 0.0152908 0.994299 291.839
0.994398 -0.00441661 0.105817 10.5564 0.0060005 0.999901 -0.0146687 -8.38707 -0.105739 0.0152207 0.994326 293.412
0.994479 -0.00466993 0.105284 10.7163 0.00638788 0.999878 -0.0160004 -8.4167 -0.105197 0.0165839 0.994369 294.987
0.994399 -0.00334102 0.105844 10.8587 0.00522685 0.999859 -0.0175591 -8.46036 -0.105767 0.0180132 0.994277 296.553
0.994381 -0.00363232 0.106244 11.0135 0.00563313 0.999839 -0.0185534 -8.49922 -0.106159 0.0190467 0.994223 298.143
0.994418 -0.00357142 0.105662 11.1776 0.00552248 0.999846 -0.0181939 -8.55532 -0.105578 0.0186749 0.994285 299.785
0.994543 -0.0043366 0.104693 11.3408 0.0062439 0.999847 -0.0179123 -8.61189 -0.1046 0.0184673 0.994401 301.392
0.994632 -0.0048274 0.103581 11.5132 0.00658792 0.999866 -0.0166791 -8.66283 -0.103484 0.0172709 0.994531 302.986
0.994691 -0.00327109 0.103319 11.672 0.00490054 0.999893 -0.0155375 -8.71304 -0.103257 0.0159605 0.994584 304.585
0.994636 -0.00300157 0.103616 11.839 0.00464828 0.999893 -0.0156736 -8.76215 -0.103555 0.01607 0.994544 306.224
0.994649 -0.00351765 0.103712 12.0127 0.00520537 0.999883 -0.0160229 -8.80825 -0.103644 0.0164762 0.994535 307.865
0.994603 -0.00489016 0.103855 12.1853 0.00661819 0.999871 -0.0163215 -8.8553 -0.103759 0.0169196 0.994509 309.484
0.994611 -0.00651983 0.103928 12.3571 0.00836874 0.999839 -0.0173798 -8.90055 -0.103798 0.018155 0.994488 311.105
0.994572 -0.00845164 0.103928 12.5243 0.0105767 0.999772 -0.0199338 -8.94632 -0.103733 0.0209237 0.994436 312.721
0.994636 -0.00894954 0.103511 12.6859 0.0111987 0.999737 -0.0211846 -9.00017 -0.103294 0.0222292 0.994458 314.327
0.994929 -0.0089191 0.100413 12.8535 0.0111336 0.999732 -0.0215367 -9.07033 -0.100192 0.0225444 0.994763 315.919
0.995244 -0.00780224 0.0976 13.0298 0.00986706 0.999762 -0.0207106 -9.13135 -0.0974153 0.0215742 0.995068 317.585
0.995358 -0.00698534 0.0962258 13.2033 0.00867873 0.99984 -0.0172124 -9.19605 -0.0960882 0.0179665 0.99526 319.239
0.995308 -0.00876652 0.0968549 13.3512 0.0101272 0.999881 -0.0135854 -9.2594 -0.0967242 0.0145018 0.995264 320.917
0.995237 -0.00922968 0.0972873 13.4794 0.010467 0.999897 -0.0122381 -9.3124 -0.097162 0.0131969 0.995231 322.553
0.995208 -0.00968873 0.0977953 13.6233 0.010979 0.999883 -0.012683 -9.369 -0.0976609 0.0136951 0.995184 324.183
0.995251 -0.0113249 0.0969267 13.7874 0.0126122 0.999866 -0.0127006 -9.41729 -0.0967675 0.0138616 0.995262 325.791
0.995489 -0.0113787 0.0947189 13.9624 0.0125216 0.99988 -0.0115012 -9.48124 -0.0945764 0.0126345 0.995498 327.4
0.995437 -0.0115043 0.0949844 14.1211 0.0126935 0.999875 -0.011947 -9.52269 -0.0948322 0.013097 0.995459 329.089
0.995366 -0.00884545 0.0962829 14.2393 0.010152 0.999889 -0.0131106 -9.56613 -0.0961559 0.0140265 0.995328 330.736
0.995295 -0.00782504 0.0968216 14.3834 0.00922369 0.999886 -0.014028 -9.60927 -0.0966979 0.0148539 0.995255 332.375
0.995282 -0.00950966 0.0970808 14.557 0.0107655 0.999892 -0.0124419 -9.66364 -0.0969513 0.0134277 0.99526 334.05
0.995107 -0.0105139 0.0985009 14.6828 0.0116717 0.999896 -0.0112078 -9.71601 -0.0983698 0.0123014 0.995127 335.676
0.995024 -0.0118075 0.0994413 14.8292 0.0130496 0.999872 -0.0118692 -9.77014 -0.0992875 0.0131072 0.995035 337.32
0.995134 -0.0108659 0.0981922 14.9975 0.0120478 0.999889 -0.011473 -9.82042 -0.0980536 0.0125989 0.995155 338.959
0.995257 -0.00925875 0.0973581 15.1554 0.0106024 0.999884 -0.0133105 -9.87335 -0.0972225 0.0142788 0.995224 340.592
0.99535 -0.00789824 0.0962783 15.3093 0.00949093 0.999853 -0.0161172 -9.92412 -0.0961337 0.0169548 0.995279 342.219
0.995418 -0.00654468 0.0959185 15.4522 0.0081076 0.999869 -0.0159316 -9.9717 -0.0958004 0.0166355 0.995325 343.845
0.995251 -0.00635947 0.0974145 15.5775 0.00770975 0.999909 -0.0135081 -10.0189 -0.0973166 0.0141936 0.995209 345.469
0.995543 -0.00552981 0.0946999 15.7306 0.00654906 0.999953 -0.010474 -10.0662 -0.0946364 0.0110468 0.995515 347.079
0.995755 -0.00522144 0.0921954 15.8885 0.00639642 0.999931 -0.0124714 -10.0989 -0.0921209 0.0130068 0.995721 348.718
0.995976 -0.00595672 0.0900165 16.0358 0.00727809 0.9999 -0.014377 -10.1424 -0.0899208 0.0149736 0.995901 350.327
0.996106 -0.00835348 0.0880934 16.1812 0.00963136 0.999884 -0.0141114 -10.1857 -0.0879624 0.0149036 0.996071 351.898
0.996138 -0.00940743 0.0879046 16.3035 0.0107266 0.999866 -0.014565 -10.228 -0.0877548 0.015451 0.996088 353.517
0.996103 -0.0099447 0.0879601 16.4362 0.0113702 0.999841 -0.01574 -10.2762 -0.087787 0.0166774 0.996058 355.158
0.996128 -0.00962145 0.087985 16.5678 0.0112359 0.999807 -0.0178896 -10.3173 -0.0877948 0.0188082 0.996027 356.783
0.996117 -0.00997662 0.0878057 16.7004 0.0116309 0.999794 -0.0183696 -10.3716 -0.0876017 0.0193182 0.996027 358.392
0.996134 -0.0109285 0.0877667 16.8428 0.0126376 0.999772 -0.0189593 -10.4246 -0.0875384 0.0199944 0.996026 360.011
0.996127 -0.0104007 0.0876323 16.9799 0.0122582 0.999739 -0.0207048 -10.4695 -0.0873916 0.0216975 0.995996 361.619
0.996144 -0.0106379 0.0876876 17.1141 0.0125758 0.999719 -0.0215949 -10.5327 -0.0874321 0.0226136 0.995979 363.243
0.996131 -0.0118565 0.087404 17.2572 0.0137777 0.999705 -0.0214317 -10.5955 -0.0871216 0.0225517 0.996 364.844
0.996169 -0.011559 0.087298 17.3994 0.013557 0.999689 -0.0223487 -10.6586 -0.0870115 0.0234458 0.995997 366.474
0.99616 -0.013335 0.0868687 17.5391 0.0154398 0.999632 -0.023624 -10.7203 -0.0865192 0.0248733 0.995998 368.073
0.996131 -0.015732 0.087067 17.675 0.0177018 0.999634 -0.0219185 -10.7827 -0.0866891 0.0233742 0.996029 369.719
0.996015 -0.0173072 0.0878223 17.7957 0.0192648 0.999614 -0.0215137 -10.8391 -0.0874134 0.0231186 0.995963 371.345
0.995912 -0.0168889 0.0893323 17.8981 0.0190288 0.999582 -0.0231746 -10.8921 -0.0889023 0.0247788 0.9958 372.926
0.995873 -0.0167453 0.0895199 18.0383 0.0188859 0.999584 -0.0231417 -10.9597 -0.0890927 0.0247356 0.995776 374.509
0.995916 -0.0154685 0.0895535 18.1831 0.017557 0.999622 -0.0225986 -11.02 -0.0891689 0.0240775 0.995795 376.155
0.995779 -0.014202 0.091006 18.3001 0.0163093 0.999646 -0.0224756 -11.0775 -0.0906519 0.0238636 0.995657 377.775
0.995695 -0.0134381 0.0922909 18.4205 0.0156296 0.999643 -0.0230799 -11.1336 -0.0919467 0.024422 0.995534 379.389
0.995606 -0.013655 0.0929577 18.5476 0.0159446 0.999617 -0.0239546 -11.1988 -0.0925923 0.0253303 0.995442 380.998
0.995513 -0.0135402 0.0942228 18.6692 0.0158839 0.999612 -0.0241866 -11.2639 -0.0938577 0.0255736 0.995327 382.598
0.995416 -0.012747 0.0951043 18.8204 0.01515 0.999614 -0.024611 -11.3295 -0.0947511 0.0259377 0.995224 384.242
0.99545 -0.0105322 0.0952759 18.9756 0.0129804 0.999632 -0.0251315 -11.3895 -0.094975 0.0262526 0.995204 385.877
0.995295 -0.00919689 0.0967749 19.1098 0.011532 0.999686 -0.0236189 -11.4685 -0.0965248 0.0246225 0.995087 387.487
0.995301 -0.00845808 0.0970182 19.267 0.0108191 0.999689 -0.0238543 -11.5366 -0.0967851 0.0247905 0.995067 389.101
0.995221 -0.00667074 0.0977442 19.4183 0.00913721 0.999683 -0.0248259 -11.5989 -0.097545 0.025599 0.994965 390.725
0.995231 -0.00525192 0.0979627 19.575 0.00784516 0.999661 -0.0261244 -11.6478 -0.0977911 0.026767 0.994919 392.359
0.995296 -0.00477761 0.0970813 19.7431 0.00722679 0.999697 -0.0249132 -11.7195 -0.0969304 0.0254961 0.995028 393.939
0.995328 -0.00322568 0.0970711 19.8937 0.00571307 0.999696 -0.0253747 -11.776 -0.096959 0.0258094 0.995026 395.605
0.99525 -0.00240443 0.0976372 20.0416 0.00497845 0.99968 -0.0261464 -11.8409 -0.0975406 0.0265068 0.994942 397.246
0.995336 -0.00225357 0.0970218 20.2103 0.00480609 0.999682 -0.0260999 -11.9079 -0.0969316 0.0264431 0.995012 398.884
