-0.568583 0.20903 0.795626 2.01366 -0.178962 -0.975445 0.128381 0.537571 0.802925 -0.0693909 0.592029 3.36081
0.935012 -0.351827 0.0443646 3.77631 0.353048 0.911834 -0.209555 -0.0122162 0.0332723 0.211601 0.976791 6.96517
-0.382128 0.515732 0.766809 5.81257 -0.482256 -0.819123 0.310592 0.654145 0.788298 -0.251113 0.561724 10.3611
0.754361 -0.635543 0.164384 7.89449 0.644157 0.668399 -0.371893 0.0482229 0.126476 0.386433 0.913611 13.8348
-0.13502 0.771286 0.621999 9.52722 -0.75667 -0.48555 0.437829 0.669048 0.639712 -0.411537 0.649166 17.0989
0.608706 -0.752598 0.251141 11.5265 0.769953 0.483968 -0.415877 0.294229 0.191437 0.446518 0.874068 20.1747
-0.189916 0.767636 0.612092 12.7783 -0.762847 -0.507847 0.400203 0.588089 0.618074 -0.390933 0.682034 23.4531
0.568814 -0.798123 0.198613 14.5863 0.795505 0.472564 -0.379296 0.524175 0.208855 0.373751 0.903725 26.4131
-0.138892 0.771946 0.620319 15.9308 -0.798407 -0.457879 0.391025 0.834084 0.585904 -0.440965 0.679919 29.6464
0.588682 -0.786613 0.186239 17.9595 0.785861 0.502925 -0.359862 0.677757 0.189389 0.358207 0.914252 32.7611
-0.241739 0.768769 0.592065 19.0826 -0.754882 -0.532388 0.383052 0.900149 0.609718 -0.354347 0.709023 36.2385
0.654547 -0.721539 0.225697 21.4224 0.74582 0.567412 -0.349017 1.24801 0.123741 0.396783 0.909559 38.8521
-0.25327 0.730525 0.634163 22.9901 -0.729044 -0.575046 0.371248 2.01485 0.635916 -0.368317 0.678224 41.6673
0.658691 -0.718953 0.22185 23.6624 0.749465 0.600883 -0.277957 0.847248 0.0665059 0.349366 0.934652 44.5788
-0.36508 0.720338 0.589747 25.4736 -0.759136 -0.597055 0.259316 2.01463 0.538946 -0.353041 0.764813 46.6212
0.631364 -0.735826 0.244795 25.7886 0.774505 0.582448 -0.246811 0.378789 0.0390038 0.345436 0.937662 49.6441
-0.397267 0.744934 0.535934 27.9112 -0.794321 -0.571613 0.205724 2.03198 0.459633 -0.343995 0.818808 52.0184
0.62568 -0.735782 0.259107 28.4139 0.779515 0.577051 -0.243701 0.1565 0.029772 0.354473 0.934625 54.9922
-0.437333 0.765592 0.471788 30.0868 -0.80379 -0.568066 0.17674 1.76526 0.403346 -0.301946 0.86382 57.7405
0.621192 -0.760763 0.188004 30.4773 0.777773 0.569155 -0.266752 -0.19605 0.095914 0.31195 0.945281 60.9222
-0.412626 0.758144 0.504905 32.3704 -0.809773 -0.559156 0.177842 1.4982 0.41718 -0.335506 0.84466 63.6423
0.606794 -0.763712 0.220297 32.8985 0.791271 0.554033 -0.258783 -0.375686 0.0755676 0.331371 0.94051 66.6021
-0.433105 0.760312 0.484065 34.4446 -0.821113 -0.554336 0.136032 1.14008 0.371788 -0.338592 0.864402 69.2826
0.61786 -0.756722 0.213544 35.0509 0.780625 0.557765 -0.282053 -1.01592 0.0943142 0.341001 0.935365 72.0758
-0.431296 0.752244 0.498082 36.6025 -0.81172 -0.564541 0.149756 0.720982 0.393869 -0.339757 0.854107 74.6003
0.638986 -0.743727 0.19633 37.2291 0.763978 0.583822 -0.274811 -0.848928 0.089747 0.325631 0.941276 77.0226
-0.449598 0.733963 0.509052 38.6294 -0.78328 -0.597908 0.170304 0.687164 0.429396 -0.322207 0.843727 79.4356
0.638309 -0.744561 0.195368 39.2218 0.769105 0.606101 -0.202866 -1.02381 0.0326127 0.27979 0.959558 82.2764
-0.465568 0.719931 0.514699 40.9689 -0.788936 -0.60117 0.127285 0.416447 0.401095 -0.346854 0.847877 85.2309
0.636709 -0.734506 0.234682 41.6369 0.771106 0.604585 -0.199775 -1.45997 0.00482659 0.308209 0.951363 88.3891
-0.525043 0.737417 0.424866 43.2202 -0.789971 -0.608036 0.0791502 0.0266522 0.31674 -0.294125 0.901806 91.4439
0.618845 -0.748257 0.238987 44.0446 0.783906 0.60786 -0.126631 -1.27919 -0.0505446 0.265758 0.962771 95.0976
-0.534116 0.74535 0.398924 45.6062 -0.790718 -0.607433 0.0763014 -0.0273457 0.299228 -0.274738 0.913828 98.679
0.618198 -0.741042 0.262026 46.5688 0.78285 0.610491 -0.120355 -1.65219 -0.0708018 0.279588 0.957568 102.308
-0.528417 0.739457 0.417062 48.1171 -0.777097 -0.619138 0.113219 0.109882 0.341979 -0.264334 0.901823 105.833
0.612975 -0.737492 0.283434 49.3556 0.780012 0.622069 -0.0682117 -1.14556 -0.126038 0.262959 0.956604 109.67
-0.540784 0.736829 0.405702 50.7954 -0.778463 -0.621153 0.0905413 0.211514 0.318754 -0.266932 0.909536 113.286
0.602685 -0.737344 0.305066 52.1151 0.785282 0.61603 -0.0623676 -0.970997 -0.141971 0.277225 0.950327 116.919
-0.544899 0.728214 0.415626 53.5595 -0.784606 -0.617695 0.0536898 0.227885 0.295863 -0.296928 0.907974 120.349
0.575469 -0.736135 0.356239 54.9943 0.78984 0.613298 -0.00849102 -0.970635 -0.212259 0.286341 0.934396 123.804
-0.558194 0.740663 0.373888 56.1358 -0.786833 -0.615568 0.0448209 0.43243 0.263384 -0.269258 0.926422 127.338
0.572505 -0.735272 0.362739 57.8581 0.786388 0.617683 0.0109981 -0.829257 -0.232172 0.279048 0.931868 130.696
-0.557741 0.742337 0.371231 58.792 -0.786529 -0.615608 0.0494218 0.582628 0.265252 -0.264518 0.927258 134.399
0.598386 -0.732795 0.323902 60.9166 0.7772 0.629187 -0.0122329 -0.609406 -0.194857 0.259156 0.94606 137.76
-0.607737 0.723456 0.327447 61.1773 -0.764108 -0.645086 0.00719545 0.629114 0.216469 -0.245937 0.944881 141.686
0.611296 -0.707504 0.354575 63.4628 0.751529 0.659441 0.0202776 -0.516024 -0.248199 0.254183 0.934856 144.918
-0.635079 0.707644 0.309625 63.7444 -0.746696 -0.665107 -0.0113291 0.916121 0.19795 -0.238501 0.950834 148.664
0.619447 -0.731704 0.284359 65.7881 0.75386 0.655559 0.0448034 -0.549586 -0.219227 0.186722 0.95773 151.981
-0.626812 0.730546 0.270854 65.8739 -0.75408 -0.656334 0.0253331 0.969862 0.196311 -0.18848 0.962338 155.766
0.591817 -0.728336 0.345317 68.1925 0.744897 0.65791 0.111146 0.0265075 -0.308174 0.191559 0.93194 159.036
-0.632589 0.719223 0.287233 68.1846 -0.759294 -0.649111 -0.0467189 1.2131 0.152875 -0.247766 0.956765 163.066
0.526469 -0.742971 0.413265 71.003 0.746145 0.636812 0.194442 0.746133 -0.407674 0.206102 0.889667 166.063
-0.620198 0.732358 0.281008 70.8442 -0.767528 -0.640605 -0.0242683 1.73487 0.162272 -0.23085 0.959446 170.123
0.5043 -0.751485 0.425344 73.7365 0.72817 0.634865 0.258429 1.66646 -0.464278 0.179508 0.867413 173.11
-0.631846 0.737021 0.239864 73.3173 -0.76659 -0.640034 -0.0525322 2.47903 0.114828 -0.217183 0.969437 177.184
0.521549 -0.755713 0.39605 76.1797 0.739142 0.632079 0.232846 2.44438 -0.426331 0.171402 0.888281 180.142
-0.61198 0.748469 0.255431 75.7357 -0.777861 -0.628064 -0.0230961 3.20919 0.14316 -0.212931 0.966606 184.179
0.526414 -0.761119 0.378897 78.5727 0.749623 0.625787 0.215706 3.16994 -0.401312 0.170581 0.900015 187.346
-0.621918 0.753716 0.212376 77.9228 -0.778277 -0.625039 -0.0606159 3.75779 0.0870694 -0.203087 0.975363 191.518
0.515833 -0.768235 0.379092 80.9483 0.735072 0.624188 0.264823 4.07005 -0.440094 0.142151 0.886726 194.591
-0.649179 0.74232 0.165853 80.0704 -0.7598 -0.643346 -0.0942355 4.3595 0.0367586 -0.187287 0.981695 198.8
0.56533 -0.750224 0.342853 82.8315 0.728049 0.649229 0.220276 4.62964 -0.387867 0.125175 0.913269 201.975
-0.657079 0.736516 0.160548 82.0282 -0.752484 -0.653754 -0.0802857 4.82423 0.0458369 -0.173653 0.983817 206.132
0.543547 -0.755535 0.36567 84.8968 0.723901 0.642476 0.25154 5.29559 -0.424994 0.128068 0.896187 209.243
-0.639228 0.751972 0.160997 84.0582 -0.768739 -0.631002 -0.104662 5.26731 0.0228876 -0.19075 0.981446 213.476
0.552115 -0.751542 0.361042 87.0382 0.736701 0.64252 0.211006 5.75779 -0.390561 0.149555 0.908441 216.721
-0.665907 0.726416 0.169955 86.2868 -0.745576 -0.65648 -0.115015 5.79682 0.0280222 -0.203377 0.978772 221.027
0.597349 -0.712934 0.367286 89.2654 0.712333 0.68209 0.165589 5.7507 -0.368579 0.162783 0.915322 224.128
-0.700206 0.702713 0.126135 88.109 -0.713914 -0.686147 -0.140036 5.8625 -0.0118635 -0.188169 0.982139 228.131
0.58881 -0.709412 0.387354 91.1689 0.712855 0.68169 0.16499 5.82676 -0.381095 0.179041 0.90712 230.935
-0.705073 0.698485 0.122482 89.9307 -0.709145 -0.692066 -0.135061 6.00953 -0.00958481 -0.182145 0.983297 234.868
0.618043 -0.69605 0.365446 92.8772 0.689073 0.703419 0.174541 5.92193 -0.37854 0.144001 0.9144 237.792
-0.739965 0.664525 0.104304 91.6799 -0.672105 -0.723672 -0.157029 6.11707 -0.0288861 -0.186354 0.98213 241.813
0.697295 -0.60966 0.376978 94.6053 0.593065 0.786089 0.17443 5.87414 -0.402666 0.101994 0.90973 244.874
-0.823963 0.563697 0.0579493 93.4042 -0.565388 -0.810656 -0.152501 6.19138 -0.0390093 -0.158469 0.986661 249.064
0.740029 -0.545407 0.393589 96.3502 0.532438 0.832615 0.152815 5.79703 -0.411031 0.096521 0.906578 252.455
-0.863813 0.503215 0.0252242 95.1712 -0.501339 -0.853269 -0.14378 6.28415 -0.0508582 -0.13689 0.989343 256.859
0.768642 -0.512368 0.383017 97.9346 0.489198 0.85661 0.16431 5.81425 -0.412248 0.0611172 0.909098 260.369
-0.886516 0.461623 0.0322602 96.9367 -0.460155 -0.871825 -0.168118 6.30446 -0.0495202 -0.163926 0.98529 264.743
0.769889 -0.46759 0.43436 99.8615 0.450866 0.880202 0.148515 5.76433 -0.451721 0.0815358 0.888499 268.247
-0.904136 0.426601 -0.0246168 98.7254 -0.413928 -0.888569 -0.197976 6.0511 -0.106379 -0.168843 0.979943 272.789
0.776258 -0.484737 0.403113 101.577 0.473288 0.870482 0.135473 5.52818 -0.416507 0.0856565 0.905158 276.536
-0.86463 0.50228 -0.0138595 100.393 -0.487714 -0.845457 -0.217775 5.63797 -0.121164 -0.18156 0.975942 281.088
0.717608 -0.586077 0.376305 103.205 0.560552 0.806668 0.187511 5.45683 -0.413373 0.0763942 0.90742 284.841
-0.791002 0.611872 0.000527263 101.975 -0.595389 -0.769396 -0.231591 5.3689 -0.14137 -0.183508 0.972852 289.562
0.647516 -0.668997 0.365003 104.931 0.657633 0.732528 0.176104 5.27769 -0.385101 0.126006 0.914298 293.463
-0.794882 0.606266 0.0261614 103.887 -0.593655 -0.767856 -0.240966 5.20511 -0.12608 -0.20707 0.970217 298.17
0.647134 -0.638649 0.416431 106.32 0.658026 0.743732 0.118144 4.5496 -0.385069 0.197559 0.901561 301.195
-0.692865 0.721017 -0.0125309 105.161 -0.687405 -0.665542 -0.290903 4.31148 -0.218168 -0.19292 0.9567 305.247
0.465171 -0.798842 0.381509 108.058 0.783629 0.572046 0.242451 4.6517 -0.411818 0.186141 0.892119 308.706
-0.46647 0.883849 -0.0360878 106.375 -0.822831 -0.448458 -0.349193 3.36715 -0.3249 -0.133137 0.936376 313.219
0.205216 -0.941 0.269251 109.346 0.878198 0.29845 0.373879 5.34129 -0.432076 0.15965 0.887657 317.324
-0.167541 0.983781 0.0647429 107.992 -0.88816 -0.122033 -0.443154 2.26803 -0.428138 -0.131647 0.894121 322.293
-0.137419 -0.980353 0.14185 110.386 0.889974 -0.059373 0.45223 6.24212 -0.434833 0.188262 0.880675 327.05
0.159258 0.955219 0.249567 110.686 -0.834466 0.265391 -0.48305 1.08198 -0.5277 -0.131179 0.83929 332.382
-0.384723 -0.921403 -0.0557247 111.265 0.80677 -0.365033 0.464719 6.92465 -0.44846 0.133672 0.883815 338.085
0.260486 0.866105 0.426732 113.457 -0.751503 0.459421 -0.473579 0.867348 -0.606262 -0.197158 0.770494 343.358
-0.544114 -0.821695 -0.169881 112.695 0.706689 -0.558001 0.435109 6.63725 -0.452257 0.116515 0.88431 349.237
0.419472 0.743243 0.521271 116.106 -0.663141 0.64307 -0.383153 1.16783 -0.620022 -0.184761 0.762577 354.571
-0.681617 -0.682479 -0.264043 114.181 0.601273 -0.72806 0.329391 6.26554 -0.416993 0.0655579 0.906611 360.878
0.513739 0.606159 0.607233 118.637 -0.528657 0.781122 -0.33237 1.22075 -0.675813 -0.150059 0.721704 365.851
-0.754187 -0.543846 -0.368137 115.583 0.483031 -0.839218 0.249993 5.65962 -0.444861 0.0105097 0.895612 372.326
0.590364 0.397365 0.702605 121.255 -0.354208 0.909744 -0.216791 1.61642 -0.725344 -0.120664 0.677809 376.783
-0.835432 -0.284514 -0.470302 116.68 0.267576 -0.957957 0.104043 4.77701 -0.480115 -0.0391398 0.876414 382.917
0.61925 0.110133 0.777478 123.795 -0.119239 0.991872 -0.0454337 2.24529 -0.776148 -0.0643478 0.627355 386.657
-0.877846 -0.0283536 -0.478175 118.442 0.0573811 -0.997329 -0.0463721 3.95584 -0.475591 -0.0683672 0.877096 392.945
0.607683 -0.0749447 0.790671 125.961 0.0315578 0.99707 0.0703515 2.63333 -0.79361 -0.0175755 0.608285 396.152
-0.796664 0.350764 -0.492287 119.876 -0.214963 -0.925581 -0.311776 1.48963 -0.565056 -0.142766 0.812714 401.799
0.411754 -0.634706 0.653948 127.094 0.41761 0.769209 0.483751 4.72851 -0.80999 0.0740897 0.581876 404.919
-0.546812 0.775947 -0.314569 122.084 -0.445949 -0.587834 -0.675052 -0.508386 -0.708795 -0.228995 0.667349 409.375
0.162688 -0.887338 0.431504 127.433 0.580739 0.439625 0.685254 5.28959 -0.797664 0.139238 0.586949 412.337
-0.376159 0.903992 -0.203345 123.619 -0.385045 -0.352056 -0.853183 -1.60491 -0.842908 -0.242754 0.480379 414.994
0.050875 -0.94677 0.3179 127.563 0.641895 0.274809 0.715936 5.20588 -0.765105 0.16775 0.621802 417.993
-0.296277 0.948812 -0.1096 124.963 -0.232614 -0.182907 -0.95529 -2.86836 -0.926443 -0.257639 0.274778 419.183
-0.0657254 -0.980406 0.185744 127.535 0.572811 0.115295 0.811616 4.472 -0.817063 0.159845 0.554091 422.399
-0.227281 0.96612 -0.122424 125.123 0.125574 -0.0955214 -0.987559 -2.85941 -0.965741 -0.23993 -0.0997037 420.17
-0.0849594 -0.977709 0.192049 127.569 0.473157 0.129984 0.871421 4.44186 -0.876901 0.165022 0.451623 422.372
-0.196262 0.97436 -0.110152 125.514 0.206864 -0.0685974 -0.976059 -2.84093 -0.958518 -0.214461 -0.188164 419.999
-0.0841308 -0.983816 0.158226 127.34 0.479956 0.09909 0.871775 4.3855 -0.873284 0.149409 0.463885 422.668
-0.131821 0.97931 -0.153632 125.511 0.272175 -0.113205 -0.955675 -2.77347 -0.953214 -0.167919 -0.251657 420.246
-0.0737923 -0.986821 0.14404 127.184 0.357263 0.10863 0.927762 4.43703 -0.931127 0.120058 0.344558 422.6
-0.149472 0.978793 -0.140165 125.48 0.247262 -0.100185 -0.963872 -2.66185 -0.957386 -0.178863 -0.227062 420.73
-0.0470617 -0.973954 0.221815 127.631 0.336838 0.19353 0.921566 3.94974 -0.940436 0.118235 0.318946 422.622
-0.0728648 0.971277 -0.22658 125.457 0.192848 -0.209118 -0.958809 -3.0102 -0.978568 -0.113711 -0.172059 420.939
-0.0791991 -0.96977 0.230819 127.46 0.317571 0.194887 0.928104 3.72079 -0.944968 0.146962 0.292503 422.614
-0.107524 0.992626 0.0561309 127.188 0.00171702 0.0567325 -0.998513 -3.62027 -0.994244 -0.107427 -0.00782425 421.72
-0.173995 -0.750736 -0.637273 122.77 0.495974 -0.626028 0.601939 1.89421 -0.850772 -0.211199 0.481338 424.191
0.164123 0.0921066 0.982146 129.952 0.167414 0.978725 -0.119683 0.564924 -0.972215 0.184027 0.145055 424.392
-0.215787 0.107905 -0.970458 122.456 0.157057 -0.977205 -0.143657 0.356042 -0.963749 -0.183405 0.194039 424.738
0.15703 -0.164919 0.973745 129.94 0.204116 0.97021 0.13148 0.925079 -0.966352 0.178104 0.185878 424.837
-0.0924231 0.153374 -0.983837 122.384 0.195595 -0.966125 -0.169062 0.435776 -0.976368 -0.208048 0.0594018 424.643
0.0217711 -0.134426 0.990705 129.807 0.162508 0.978338 0.129249 0.789668 -0.986528 0.158173 0.043035 424.488
-0.023677 0.166092 -0.985828 122.331 0.156535 -0.973432 -0.167835 -0.0501157 -0.987446 -0.158284 -0.00285165 424.073
-0.068735 -0.170015 0.983063 129.51 0.140447 0.974026 0.178343 0.96307 -0.98775 0.15032 -0.0431629 423.032
-0.0117314 0.201932 -0.979335 122.598 0.135041 -0.970211 -0.201739 0.0879196 -0.990829 -0.134615 -0.0157964 422.04
-0.0530251 -0.195183 0.979357 129.529 0.0898066 0.97592 0.199432 1.1879 -0.9946 0.0985262 -0.0343011 420.757
-0.0110444 0.253541 -0.967267 121.682 0.0810634 -0.96401 -0.253682 -0.312087 -0.996704 -0.081217 -0.00982764 419.63
0.0486476 -0.262404 0.963757 129.211 0.0529066 0.964306 0.259955 1.31315 -0.997475 0.0383508 0.0607194 419.1
-0.0158459 0.24311 -0.969875 121.592 0.0824719 -0.966471 -0.243673 -0.0573834 -0.996524 -0.0838509 -0.00467253 418.047
0.0201002 -0.243451 0.969731 129.024 0.0453122 0.969239 0.242459 1.43249 -0.998831 0.0390713 0.0304559 417.161
-0.0282679 0.237325 -0.971029 121.47 0.0675068 -0.968841 -0.238825 0.0738152 -0.997376 -0.0723047 0.0114124 416.168
-0.029011 -0.243718 0.969439 129.058 -0.010577 0.969954 0.243601 1.36511 -0.999582 -0.00317621 -0.0307553 414.893
-0.129312 0.299313 -0.945365 121.258 -0.103051 -0.95235 -0.287503 -0.427918 -0.986291 0.0602239 0.154013 414.877
0.178208 -0.357365 0.916836 128.878 0.105768 0.933384 0.343331 1.81102 -0.97836 0.035802 0.204097 415.151
-0.220967 0.295077 -0.929588 121.23 -0.0508018 -0.955419 -0.291277 0.0744226 -0.974016 -0.0171537 0.226093 415.278
0.239718 -0.323706 0.91532 129.129 0.10617 0.945972 0.306815 2.1181 -0.965086 0.0236472 0.261116 415.709
-0.171632 0.429243 -0.886751 121.49 -0.117932 -0.902655 -0.414195 -0.737805 -0.978148 0.0334653 0.205508 415.824
0.185985 -0.472885 0.861307 129.03 0.0745745 0.880924 0.467633 2.49417 -0.979781 -0.0227197 0.199118 416.147
0.00571914 0.449682 -0.893189 121.849 0.000932176 -0.893274 -0.449795 -0.291357 -1.00005 0.00171703 -0.00556606 414.42
0.210577 -0.398273 0.892803 129.306 0.0562754 0.916773 0.395768 2.12089 -0.976018 -0.0330676 0.215491 414.404
-0.110956 0.393102 -0.912795 122.305 -0.0334264 -0.919496 -0.392 -0.0140583 -0.99334 -0.0130106 0.115099 413.181
0.0862631 -0.321049 0.943159 129.438 0.000935349 0.946792 0.322271 1.52868 -0.996339 -0.0268814 0.082027 411.859
-0.102631 0.290468 -0.951384 122.471 -0.015094 -0.956864 -0.290586 0.190927 -0.994683 -0.0154998 0.102513 411.049
0.0181494 -0.251676 0.967675 129.507 -0.00751076 0.967857 0.251935 1.27864 -0.999879 -0.0117962 0.0157458 409.872
-0.0506924 0.255871 -0.965402 122.407 -0.0330061 -0.966632 -0.254539 0.146237 -0.998249 0.018914 0.0573649 409.228
0.0285749 -0.252313 0.967262 129.704 0.019056 0.967699 0.251936 1.9189 -0.999482 0.0112806 0.0325384 409.179
-0.044957 0.244621 -0.968599 121.923 -0.0287054 -0.969581 -0.243612 0.295735 -0.998658 0.0167985 0.0505213 409.312
0.0613031 -0.227509 0.971882 129.822 0.00313408 0.973837 0.227839 1.57131 -0.998186 -0.0108644 0.0604975 409.505
-0.107417 0.249515 -0.962419 122.112 -0.042302 -0.968374 -0.246414 0.146648 -0.993403 0.014186 0.114468 409.847
-0.0250944 -0.292495 0.955977 129.164 -0.0318021 0.956104 0.291773 1.7377 -0.999261 -0.0230242 -0.0331859 409.448
-0.0940217 0.304514 -0.947884 122.26 -0.0329312 -0.952608 -0.302844 0.122769 -0.995116 0.00268611 0.0994741 409.964
-0.0487849 -0.292231 0.955143 129.013 -0.0405404 0.95615 0.290542 1.63896 -0.998073 -0.0244868 -0.0583721 409.354
-0.113641 0.265101 -0.95753 122.444 -0.0414892 -0.964279 -0.262125 0.290017 -0.992751 0.00987387 0.120452 409.95
-0.0687267 -0.253616 0.964904 129.035 -0.070709 0.966075 0.248963 1.51442 -0.995221 -0.0510435 -0.0841986 409.379
-0.129275 0.253705 -0.958636 122.887 -0.0731966 -0.966634 -0.246031 0.211455 -0.989006 0.0382891 0.143393 410.164
-0.131807 -0.259955 0.956629 129.039 -0.0658078 0.965289 0.253319 1.55204 -0.989191 -0.0294879 -0.144197 409.282
-0.148201 0.264194 -0.953052 122.994 -0.100451 -0.96281 -0.251362 0.169718 -0.983955 0.0584021 0.169079 410.303
-0.170978 -0.268364 0.948072 128.941 -0.0531967 0.963423 0.263197 2.07981 -0.983944 -0.00535406 -0.178847 409.243
-0.147338 0.299376 -0.94273 122.949 -0.0797262 -0.9537 -0.290484 -0.00572964 -0.98598 0.0322811 0.164226 410.51
-0.179385 -0.29042 0.939987 129.43 -0.0565057 0.957017 0.284983 2.19135 -0.982264 -0.00191064 -0.187923 409.376
-0.107247 0.298757 -0.948325 123.04 -0.073516 -0.953674 -0.292214 -0.0191201 -0.991618 0.0382908 0.124081 410.311
-0.164347 -0.302144 0.939043 129.144 -0.0705864 0.953213 0.294437 2.04071 -0.983987 -0.017805 -0.177818 409.335
-0.0154299 0.31966 -0.947448 122.753 -0.0540859 -0.946514 -0.318551 -0.263062 -0.998512 0.0462366 0.0317362 409.986
-0.149654 -0.317743 0.93635 129.531 -0.0420822 0.948266 0.31515 2.32398 -0.987952 0.00785066 -0.155113 409.179
-0.0999682 0.326507 -0.939937 122.857 -0.058731 -0.94503 -0.322118 -0.183517 -0.993364 0.0229064 0.113477 410.186
-0.189644 -0.323957 0.926929 129.923 -0.0661656 0.946191 0.317244 2.32811 -0.97974 -0.00106935 -0.200694 408.996
-0.111182 0.343907 -0.932442 122.249 -0.0638014 -0.938865 -0.338758 -0.378513 -0.99186 0.0217285 0.126146 410.565
-0.222758 -0.335255 0.915476 129.95 -0.0659788 0.94216 0.329066 2.54041 -0.972763 0.0130011 -0.231804 409.017
-0.149484 0.352061 -0.92401 122.449 -0.072841 -0.93596 -0.344923 -0.507562 -0.986198 0.0156424 0.165363 410.716
-0.251304 -0.336434 0.907622 129.957 -0.0868501 0.941826 0.325162 2.24794 -0.964139 0.00299599 -0.265705 408.936
-0.0834204 0.314169 -0.945743 122.042 -0.0266207 -0.949487 -0.313157 -0.309879 -0.996263 -0.00106289 0.0873855 410.251
-0.264704 -0.29709 0.917492 129.602 -0.0636041 0.954795 0.290917 2.36489 -0.962364 0.0187715 -0.271435 408.832
-0.0861191 0.300595 -0.949906 121.815 0.00014726 -0.953516 -0.301845 -0.269641 -0.996386 -0.0262563 0.0818838 410.264
-0.213067 -0.303898 0.928643 129.727 -0.00115789 0.9506 0.310917 2.69502 -0.977155 0.0652909 -0.202691 409.118
-0.0899273 0.309189 -0.946792 121.435 0.0116124 -0.950323 -0.311541 -0.348793 -0.995982 -0.0391358 0.0816735 410.311
-0.209119 -0.289962 0.933985 129.533 0.000198658 0.955143 0.296676 2.16985 -0.978011 0.0623553 -0.199473 409.088
-0.0374689 0.299957 -0.953271 122.013 0.0489622 -0.952313 -0.301677 -0.262991 -0.998186 -0.0581083 0.0208015 410.048
-0.257464 -0.30257 0.91777 129.973 -0.0329638 0.952038 0.304723 2.21451 -0.96586 0.0483369 -0.254871 408.791
-0.119846 0.319673 -0.939975 121.893 0.00886385 -0.946479 -0.323117 -0.699997 -0.992862 -0.0471898 0.110385 410.37
-0.366479 -0.309015 0.87769 130.189 -0.0903129 0.950725 0.297127 1.91253 -0.926201 0.0297675 -0.376098 408.119
-0.0893029 0.321396 -0.942783 121.847 -0.00475411 -0.946751 -0.322403 -1.13742 -0.996102 -0.0244529 0.0858627 409.823
-0.448905 -0.367315 0.814681 129.516 -0.144372 0.929566 0.339681 2.3396 -0.88204 0.0350047 -0.470074 407.027
-0.0865495 0.348332 -0.933427 121.329 -0.003053 -0.937087 -0.349522 -1.10616 -0.996353 -0.0275454 0.0819517 409.4
-0.463846 -0.330171 0.822176 129.517 -0.135397 0.943599 0.302669 2.25624 -0.875711 0.0292247 -0.482153 406.415
-0.14858 0.347127 -0.926034 121.093 -0.013067 -0.93709 -0.349286 -0.942975 -0.988939 -0.0399464 0.143547 409.207
-0.441257 -0.378996 0.813507 129.517 -0.147419 0.924859 0.351036 2.49803 -0.885394 0.0351195 -0.463728 406.237
-0.163138 0.357293 -0.919698 121.517 -0.036546 -0.933787 -0.356399 -0.589274 -0.98606 -0.024688 0.165167 409.137
-0.442093 -0.315809 0.839619 129.877 -0.111953 0.948204 0.297829 2.02731 -0.890149 0.0378406 -0.454312 405.957
-0.198738 0.306686 -0.930896 121.34 -0.00444376 -0.950173 -0.312204 -0.850737 -0.980174 -0.0580825 0.18997 409.182
-0.495357 -0.330997 0.803248 129.403 -0.154196 0.94351 0.293841 1.99256 -0.855114 0.0218767 -0.518167 405.694
-0.280018 0.375226 -0.883698 121.712 0.00657491 -0.919793 -0.392762 -1.55998 -0.960113 -0.115947 0.254834 409.213
-0.321866 -0.398386 0.858981 129.508 -0.0687324 0.914719 0.398618 1.85741 -0.944451 0.0694254 -0.321531 406.659
-0.258327 0.358655 -0.89709 120.874 0.0358075 -0.924454 -0.380037 -1.88445 -0.965522 -0.130461 0.225701 409.425
-0.42475 -0.339171 0.839473 128.755 -0.0697334 0.936792 0.343351 0.900297 -0.902807 0.087482 -0.421275 406.479
-0.255899 0.330032 -0.908704 121 0.00352515 -0.939714 -0.342423 -1.80887 -0.966836 -0.0910154 0.239033 409.459
-0.419804 -0.375154 0.826559 128.287 -0.0689667 0.921248 0.383255 0.949441 -0.90518 0.104066 -0.412316 406.758
-0.284014 0.384512 -0.878431 120.51 0.0156108 -0.914204 -0.405362 -2.32809 -0.958834 -0.129015 0.253341 409.815
-0.428968 -0.402917 0.808595 127.822 -0.104642 0.911268 0.398725 0.67168 -0.897446 0.0866092 -0.43275 406.83
-0.264033 0.394669 -0.880163 120.402 0.0297481 -0.908797 -0.41658 -2.49383 -0.964189 -0.136351 0.2279 409.658
-0.382449 -0.457999 0.802595 126.944 -0.104526 0.884486 0.455088 0.771648 -0.918244 0.0903277 -0.385807 407.27
-0.225284 0.386382 -0.894498 120.229 0.0168559 -0.916434 -0.400255 -2.08738 -0.97428 -0.105441 0.19963 409.539
-0.363333 -0.400391 0.841351 127.675 -0.118481 0.91559 0.384719 1.09756 -0.924297 0.0403038 -0.379768 407.06
-0.231453 0.354257 -0.906153 120.005 0.0165062 -0.929898 -0.367913 -1.94207 -0.97284 -0.100321 0.209059 409.587
-0.353893 -0.353872 0.865875 127.424 -0.0783615 0.933749 0.349749 0.900849 -0.932185 0.0561471 -0.357841 407.202
-0.230633 0.299755 -0.925821 120.141 -0.0269881 -0.9531 -0.302023 -1.40258 -0.972817 -0.0449153 0.227586 409.62
-0.332078 -0.287301 0.898552 127.226 -0.0551613 0.956905 0.285737 0.520596 -0.941813 0.0455766 -0.333283 407.467
-0.221983 0.30395 -0.926573 120.307 -0.0299227 -0.951978 -0.305278 -1.52816 -0.974741 -0.0402948 0.220083 409.539
-0.308068 -0.304502 0.901441 127.12 -0.0314635 0.950269 0.310412 0.485786 -0.951009 0.0675195 -0.301977 407.569
-0.229721 0.300347 -0.925868 120.135 -0.0392357 -0.95341 -0.299715 -1.42032 -0.972623 -0.0327894 0.230451 409.65
-0.30383 -0.291766 0.90708 127.493 -0.0600269 0.956059 0.287588 0.523562 -0.95101 0.0332029 -0.30763 407.514
-0.363831 0.342685 -0.866269 120.487 -0.0702705 -0.937441 -0.341512 -1.73021 -0.92902 -0.0636316 0.364746 410.167
-0.283264 -0.371965 0.884113 127.393 -0.0911576 0.928117 0.36146 0.652011 -0.954886 0.0220519 -0.296405 407.678
-0.268906 0.470392 -0.840628 121.398 -0.00380985 -0.873254 -0.487623 -2.90907 -0.96331 -0.128115 0.236173 409.583
-0.166046 -0.49804 0.851261 127.744 -0.0103071 0.864029 0.503699 0.920071 -0.986185 0.0750622 -0.148164 408.286
-0.376693 0.50586 -0.776182 121.847 -0.135655 -0.858929 -0.494175 -2.95649 -0.916605 -0.081054 0.391683 410.658
-0.146824 -0.472863 0.868973 128.315 -0.00378135 0.878712 0.477724 0.422734 -0.989265 0.067076 -0.130349 408.73
-0.236865 0.485493 -0.841694 121.875 -0.121673 -0.874307 -0.470273 -2.99139 -0.964095 -0.00921247 0.26567 409.883
-0.10718 -0.501094 0.858891 128.058 0.0153501 0.86288 0.505547 0.623712 -0.994211 0.0675842 -0.084315 408.51
-0.240558 0.51165 -0.824989 122.066 -0.131817 -0.859241 -0.494676 -2.84652 -0.961853 -0.0104797 0.273616 409.944
-0.059652 -0.562336 0.824926 127.938 -0.0435659 0.827011 0.560833 1.01681 -0.997369 -0.00227491 -0.0733182 408.859
-0.183389 0.558722 -0.808988 121.522 -0.130397 -0.829438 -0.543514 -2.79472 -0.974546 0.00559897 0.224411 410.101
-0.0528061 -0.565615 0.823152 127.973 -0.0435267 0.824753 0.564156 1.01457 -0.997752 -0.00582103 -0.0676346 409.493
-0.175348 0.615856 -0.768276 121.805 -0.242105 -0.783303 -0.572895 -2.99642 -0.954533 0.0853401 0.285855 411.522
-0.0595001 -0.676262 0.73445 127.704 0.00890417 0.735267 0.678007 1.86991 -0.998258 0.047017 -0.0371465 411.417
-0.217815 0.657382 -0.721582 122.017 -0.1038 -0.750644 -0.6528 -2.61132 -0.970651 -0.0674354 0.231106 412.547
-0.075351 -0.658075 0.749368 127.719 -0.0430414 0.752855 0.657077 1.7813 -0.996326 0.0174228 -0.0844413 411.377
-0.154598 0.62174 -0.768 121.898 -0.0306762 -0.779902 -0.625466 -2.28437 -0.987635 -0.0733132 0.139016 412.226
0.0102597 -0.596874 0.802453 127.821 0.0495066 0.801734 0.595958 1.36559 -0.998741 0.033823 0.0383584 411.811
-0.240422 0.531804 -0.812204 121.797 0.00860281 -0.835467 -0.549837 -1.67818 -0.97078 -0.1394 0.195646 412.567
0.0153475 -0.613314 0.789881 127.504 0.0607535 0.788998 0.611708 1.96615 -0.998046 0.0387978 0.0499794 412.193
-0.420544 0.597255 -0.683183 122.257 -0.197774 -0.795106 -0.573671 -1.54484 -0.885835 -0.106323 0.451782 415.009
-0.19357 -0.567952 0.800172 127.536 -0.0281673 0.818381 0.574333 1.55874 -0.980821 0.0888544 -0.173727 413.078
-0.482263 0.506741 -0.714814 122.661 -0.117336 -0.845834 -0.520773 -1.26546 -0.868494 -0.167507 0.466643 415.195
-0.398734 -0.510181 0.762271 126.972 -0.0926206 0.84923 0.520226 1.40523 -0.912658 0.137078 -0.385141 412.837
-0.355278 0.525965 -0.772963 122.269 -0.0500961 -0.836312 -0.546338 -1.47796 -0.933655 -0.155607 0.32273 414.717
-0.326428 -0.590644 0.73819 126.748 -0.0728539 0.794229 0.603575 1.41619 -0.942638 0.143429 -0.301528 412.782
-0.352494 0.600662 -0.717841 122.478 -0.0571407 -0.779309 -0.624361 -1.67108 -0.934309 -0.179224 0.308242 414.643
-0.292741 -0.604118 0.741415 125.749 -0.0147368 0.777997 0.628424 1.38301 -0.956247 0.173202 -0.235879 413.517
-0.328568 0.595286 -0.733506 121.474 -0.0796519 -0.791171 -0.60673 -2.44427 -0.94136 -0.141113 0.30657 415.07
-0.292852 -0.62958 0.719884 126.196 -0.0460311 0.761142 0.647275 1.90323 -0.955241 0.15657 -0.251077 413.23
-0.398597 0.642465 -0.654769 121.129 -0.123788 -0.744898 -0.655916 -3.2166 -0.909057 -0.180519 0.375598 415.712
-0.270612 -0.666181 0.695234 126.049 -0.0638929 0.732841 0.677707 1.29482 -0.960758 0.139102 -0.240047 413.51
-0.399613 0.609845 -0.684669 120.972 -0.0824642 -0.767594 -0.635942 -3.24473 -0.913258 -0.19782 0.35617 415.778
-0.377732 -0.597553 0.707558 125.751 -0.0435056 0.774594 0.631302 0.747201 -0.925132 0.207841 -0.317726 413.534
-0.4516 0.584799 -0.674128 120.563 -0.0464746 -0.769742 -0.636992 -3.7913 -0.891303 -0.25648 0.373909 416.002
-0.348386 -0.630334 0.694054 125.479 0.000904289 0.740015 0.672911 0.943723 -0.937537 0.235175 -0.256362 413.336
-0.419837 0.607275 -0.674792 120.74 0.0344289 -0.732088 -0.680648 -3.67246 -0.907152 -0.309085 0.28555 415.166
-0.286601 -0.62741 0.724315 125.595 0.0293052 0.749744 0.661404 0.75567 -0.957727 0.21092 -0.195609 413.439
-0.41043 0.618101 -0.670746 120.918 0.0053027 -0.733702 -0.67976 -3.82223 -0.912103 -0.28265 0.296929 415.081
-0.312113 -0.649554 0.693607 125.223 0.0406913 0.720055 0.693032 0.847133 -0.949305 0.24462 -0.197395 413.547
-0.370397 0.649612 -0.664246 120.699 0.0249514 -0.707668 -0.706401 -4.04925 -0.928725 -0.278292 0.244966 414.928
-0.285307 -0.685102 0.670573 125.379 0.0498922 0.687866 0.724417 1.04392 -0.957245 0.240194 -0.161142 413.751
-0.36968 0.676748 -0.637002 120.649 0.0140291 -0.681183 -0.732265 -4.23057 -0.929249 -0.27968 0.241357 415.932
-0.222374 -0.704485 0.67431 125.354 0.0688537 0.678328 0.731819 0.609272 -0.972581 0.209221 -0.101402 414.79
-0.306783 0.710187 -0.633997 120.309 -0.0346654 -0.673772 -0.738412 -4.56982 -0.951345 -0.204608 0.230331 416.052
-0.186674 -0.738104 0.648696 125.457 0.0642663 0.649477 0.757944 0.630373 -0.980355 0.183207 -0.072855 414.939
-0.337353 0.713438 -0.614525 120.314 -0.00703742 -0.654429 -0.75637 -4.766 -0.94155 -0.250856 0.22478 416.075
-0.205637 -0.735632 0.64577 125.623 0.0624709 0.648416 0.759004 0.611237 -0.976682 0.196449 -0.0864056 414.862
-0.359054 0.721928 -0.591903 120.43 -0.0548813 -0.649151 -0.758957 -4.93679 -0.931961 -0.24004 0.271653 416.462
-0.231824 -0.733777 0.63898 125.351 0.0455433 0.647712 0.760809 0.97811 -0.971769 0.205504 -0.115727 414.949
-0.393646 0.733224 -0.554872 120.697 -0.100724 -0.63407 -0.766966 -4.53557 -0.914059 -0.246026 0.322371 416.822
-0.263661 -0.750792 0.606031 125.312 -0.0110944 0.630303 0.776553 0.931864 -0.964698 0.198037 -0.173459 414.931
-0.37003 0.743459 -0.557504 121.043 -0.0886144 -0.625302 -0.775611 -3.98569 -0.925088 -0.237594 0.296159 416.15
-0.229184 -0.755248 0.61446 125.128 -4.99787e-05 0.630993 0.776073 0.885939 -0.973494 0.17786 -0.143581 414.432
-0.352289 0.752463 -0.556924 121 -0.0824684 -0.617407 -0.782583 -4.00919 -0.932538 -0.229761 0.278435 415.315
-0.125033 -0.778798 0.615087 125.315 0.0233015 0.617198 0.786745 1.11342 -0.991897 0.112739 -0.0579594 414.088
-0.319125 0.773873 -0.547506 121.432 -0.121399 -0.606019 -0.786408 -3.94099 -0.940211 -0.184493 0.286189 415.219
-0.182738 -0.788933 0.587102 125.384 -0.0476827 0.603268 0.796393 0.971466 -0.982127 0.117558 -0.146735 413.712
-0.350021 0.762704 -0.544295 121.709 -0.125058 -0.613568 -0.779958 -3.21701 -0.928692 -0.204936 0.30896 415.014
-0.220516 -0.787513 0.575935 124.819 -0.0395446 0.596891 0.801631 0.912569 -0.974722 0.153997 -0.161613 413.706
-0.342403 0.764072 -0.54722 121.386 -0.07323 -0.602024 -0.795392 -3.5921 -0.936969 -0.232253 0.260891 414.95
-0.23424 -0.774027 0.588665 124.934 0.00121588 0.604959 0.796544 0.9386 -0.972289 0.187299 -0.139597 413.509
-0.354894 0.758289 -0.547313 121.286 -0.116776 -0.616442 -0.778982 -3.46254 -0.927919 -0.212554 0.30609 414.673
-0.267698 -0.766204 0.58463 125.168 -0.0487586 0.616437 0.78619 1.34964 -0.962455 0.18198 -0.201165 412.727
-0.365297 0.757614 -0.541379 121.569 -0.105925 -0.611263 -0.784598 -3.04728 -0.925179 -0.229268 0.302287 414.154
-0.26365 -0.77426 0.575796 124.832 -0.0468283 0.606142 0.794274 1.28289 -0.963663 0.182462 -0.194831 412.685
-0.295251 0.75495 -0.585995 121.26 -0.0346827 -0.621065 -0.783283 -3.57579 -0.95498 -0.210973 0.208302 413.923
-0.225316 -0.765001 0.603775 124.778 -0.0189687 0.6227 0.782536 0.852639 -0.974224 0.164919 -0.153574 412.74
-0.367821 0.749245 -0.551234 121.472 -0.163915 -0.635372 -0.754915 -3.4322 -0.915746 -0.187385 0.355208 414.764
-0.272664 -0.760493 0.589789 125.09 -0.0861959 0.629502 0.772518 1.11038 -0.958476 0.159873 -0.235902 412.889
-0.384549 0.769991 -0.50967 121.445 -0.214522 -0.611149 -0.762199 -3.76467 -0.898327 -0.183806 0.398858 415.099
-0.297843 -0.792595 0.532575 124.971 -0.105856 0.581489 0.806947 0.840837 -0.949008 0.183962 -0.255768 412.983
-0.397647 0.783935 -0.477343 121.718 -0.252175 -0.593154 -0.764892 -3.531 -0.882771 -0.1838 0.432191 415.173
-0.301273 -0.788627 0.53653 124.322 -0.066466 0.578279 0.813441 1.00781 -0.951453 0.209392 -0.225295 413.567
-0.373849 0.801456 -0.467384 122.019 -0.264639 -0.574717 -0.774702 -3.02818 -0.889499 -0.165937 0.425561 415.493
-0.309758 -0.777979 0.547146 124.12 -0.0871519 0.595856 0.798676 0.297722 -0.947079 0.199735 -0.251001 414.165
-0.412277 0.787689 -0.458395 122.304 -0.281072 -0.588106 -0.75871 -2.44781 -0.867256 -0.183979 0.462442 415.518
-0.338188 -0.751935 0.566395 124.279 -0.109366 0.628768 0.770212 0.304472 -0.935022 0.198616 -0.293474 414.295
-0.410777 0.789365 -0.456866 122.25 -0.272078 -0.583917 -0.765204 -2.81268 -0.870822 -0.190044 0.453184 415.714
-0.385331 -0.801358 0.458181 124.236 -0.189077 0.554078 0.811047 0.440284 -0.903677 0.22585 -0.363576 414.036
-0.279833 0.83483 -0.474676 122.292 -0.110441 -0.51871 -0.848102 -2.73226 -0.953939 -0.184833 0.235924 415.013
-0.417923 -0.840893 0.344704 123.861 -0.30966 0.488022 0.816397 0.725291 -0.854785 0.234314 -0.462891 413.363
-0.445268 0.835317 -0.323338 122.767 -0.425803 -0.514643 -0.744572 -2.82632 -0.788623 -0.193782 0.58338 416.239
-0.425924 -0.802113 0.419269 124.441 -0.187636 0.531124 0.826606 0.932278 -0.885606 0.273321 -0.375247 414.362
-0.420099 0.791204 -0.44506 122.449 -0.225214 -0.565494 -0.793763 -2.34971 -0.87966 -0.233223 0.414258 416.03
-0.492954 -0.786866 0.372052 124.238 -0.350506 0.570397 0.743225 0.781707 -0.797214 0.235978 -0.555498 413.572
-0.317805 0.766452 -0.558671 121.755 -0.126026 -0.617719 -0.776606 -2.46541 -0.940061 -0.176525 0.291432 414.964
-0.584357 -0.732242 0.350606 123.376 -0.402565 0.63604 0.658782 0.741147 -0.705749 0.243949 -0.665003 412.634
-0.223746 0.752763 -0.619545 120.989 -0.0068915 -0.636498 -0.771623 -2.83556 -0.9747 -0.16855 0.146192 414.225
-0.585806 -0.722569 0.367818 123.416 -0.427353 0.660374 0.617962 1.08594 -0.689825 0.20502 -0.694223 411.607
-0.0984793 0.740916 -0.664744 120.071 0.082733 -0.659253 -0.747747 -3.31435 -0.991577 -0.128882 0.00231775 412.576
-0.653207 -0.702098 0.284472 121.695 -0.484371 0.675464 0.556537 0.21946 -0.583484 0.22598 -0.779961 408.359
-0.064124 0.746369 -0.662828 118.234 0.121235 -0.653131 -0.747867 -4.40624 -0.990378 -0.128568 -0.0498667 408.124
-0.671219 -0.683536 0.287694 119.728 -0.445814 0.681557 0.580801 -0.0815074 -0.593628 0.261836 -0.760874 403.813
-0.0226 0.717096 -0.696963 116.147 0.145435 -0.68708 -0.712287 -5.00358 -0.988897 -0.117794 -0.0899639 403.485
-0.717713 -0.641594 0.271562 117.406 -0.467672 0.732246 0.495678 -1.71587 -0.517524 0.229124 -0.824366 399.809
0.0477748 0.686508 -0.725876 114.13 0.156805 -0.722592 -0.673689 -5.60744 -0.986226 -0.0820657 -0.143299 399.078
-0.717949 -0.609043 0.337786 115.361 -0.394963 0.755259 0.52363 -2.59087 -0.574556 0.242951 -0.781532 395.191
0.112104 0.674349 -0.730166 112.04 0.197355 -0.735022 -0.649136 -6.2858 -0.973598 -0.0718027 -0.216534 393.955
-0.719717 -0.619545 0.314065 113.281 -0.387913 0.733265 0.558971 -3.01128 -0.577115 0.280859 -0.766819 390.041
0.0590883 0.66637 -0.74357 109.652 0.285829 -0.724758 -0.627385 -6.64239 -0.9561 -0.175884 -0.234303 388.699
-0.719872 -0.591693 0.363498 111.392 -0.341447 0.75713 0.557469 -3.4159 -0.605509 0.27764 -0.745824 384.967
0.00793236 0.605427 -0.796122 107.002 0.248595 -0.772165 -0.585276 -6.69434 -0.968283 -0.193785 -0.15765 384.053
-0.754672 -0.55617 0.348664 109.123 -0.337892 0.784258 0.520932 -3.73059 -0.563648 0.275839 -0.778594 379.864
0.0245113 0.601281 -0.798909 104.608 0.246698 -0.777902 -0.578443 -6.8145 -0.968498 -0.183457 -0.1684 378.907
-0.754872 -0.556795 0.347204 106.78 -0.356022 0.791763 0.496953 -4.52654 -0.55211 0.252078 -0.794766 374.505
0.0317018 0.584761 -0.810816 101.962 0.242832 -0.791272 -0.561704 -7.03315 -0.969279 -0.179672 -0.168056 374.12
-0.761226 -0.518599 0.389838 104.751 -0.328645 0.82612 0.45839 -5.17577 -0.560244 0.221465 -0.798203 369.988
-0.0153617 0.526777 -0.850071 99.8745 0.12346 -0.842547 -0.524851 -7.40834 -0.992118 -0.113733 -0.0530847 370.524
-0.783708 -0.439117 0.439709 102.871 -0.283618 0.882246 0.376571 -5.90086 -0.553722 0.171199 -0.814958 366.554
0.0916931 0.460724 -0.882982 98.2295 0.107016 -0.886061 -0.451708 -7.59061 -0.989896 -0.0539184 -0.131423 366.983
-0.78889 -0.423955 0.445264 101.571 -0.304019 0.898434 0.317796 -6.07527 -0.535236 0.116191 -0.83673 363.773
0.0859746 0.453342 -0.887358 97.4043 0.0811707 -0.890814 -0.44773 -7.90541 -0.992904 -0.0344105 -0.114253 364.059
-0.770941 -0.379703 0.511672 100.669 -0.242336 0.91743 0.316549 -6.21566 -0.589975 0.120954 -0.798382 360.58
0.105411 0.448847 -0.887538 96.1462 0.0164861 -0.893115 -0.450196 -7.77106 -0.994288 0.0319004 -0.10241 360.902
-0.723908 -0.40795 0.556645 99.7171 -0.228696 0.902809 0.36503 -6.3648 -0.651752 0.137835 -0.745888 357.493
0.177582 0.516683 -0.837731 94.95 0.0871588 -0.856078 -0.510038 -8.5496 -0.980141 0.0166974 -0.197928 357.065
-0.746315 -0.484085 0.457141 98.177 -0.304386 0.858598 0.413247 -6.73034 -0.592961 0.170074 -0.787158 352.946
0.179667 0.577391 -0.796627 93.1914 0.150513 -0.816288 -0.558234 -9.35376 -0.971992 -0.0203955 -0.234455 352.188
-0.753497 -0.538091 0.378134 96.0083 -0.36093 0.818798 0.44712 -7.2979 -0.550704 0.201169 -0.810201 347.849
0.190299 0.607964 -0.770988 91.2562 0.177765 -0.793575 -0.582449 -10.0674 -0.965326 -0.0269769 -0.259981 347.172
-0.739323 -0.562242 0.37088 94.2435 -0.383791 0.803972 0.45492 -7.77488 -0.554466 0.19473 -0.809221 343.051
0.156014 0.658252 -0.736616 89.5817 0.187505 -0.751785 -0.632665 -11.0349 -0.969635 -0.0401194 -0.241648 342.807
-0.737201 -0.613959 0.282549 92.4302 -0.488462 0.772711 0.406127 -8.61904 -0.468339 0.162093 -0.868678 338.576
0.182386 0.634766 -0.751016 87.66 0.166252 -0.772623 -0.613205 -11.8782 -0.968944 -0.0137761 -0.247347 338.505
-0.780457 -0.56445 0.269271 90.5141 -0.473852 0.814529 0.335594 -9.74788 -0.409427 0.135122 -0.90242 333.904
0.261576 0.541783 -0.798898 85.5597 0.109386 -0.838964 -0.533651 -12.3592 -0.958902 0.0513043 -0.27951 333.781
-0.810649 -0.468991 0.350856 88.9184 -0.403755 0.881389 0.24649 -10.8803 -0.425424 0.0591013 -0.903218 329.563
0.281317 0.466088 -0.838922 83.9736 0.0772697 -0.882381 -0.464806 -12.9007 -0.956483 0.0649463 -0.284951 329.878
-0.833618 -0.395721 0.385582 87.6696 -0.354402 0.918439 0.177472 -11.7278 -0.424882 0.0123291 -0.905333 326.132
0.220509 0.349901 -0.910545 82.4306 0.0497783 -0.936414 -0.348234 -13.2184 -0.974154 0.0303745 -0.224493 327.009
-0.804072 -0.323924 0.498712 87.1408 -0.248133 0.944997 0.214575 -11.721 -0.541134 0.0498797 -0.839647 324.14
0.327709 0.374429 -0.867494 81.8937 0.15426 -0.927148 -0.342374 -13.6095 -0.932022 -0.0226971 -0.362122 325.035
-0.795541 -0.350206 0.4946 86.5386 -0.209102 0.92466 0.319241 -11.6447 -0.56942 0.151601 -0.808154 322.731
0.285341 0.426274 -0.858486 81.546 0.168862 -0.904119 -0.393286 -13.9176 -0.943357 -0.0337953 -0.330553 323.621
-0.815023 -0.419739 0.399629 85.7527 -0.292486 0.893135 0.342636 -11.5222 -0.501144 0.163383 -0.850008 320.839
0.369404 0.462247 -0.806215 80.8375 0.218395 -0.886497 -0.408719 -14.0312 -0.903118 -0.0261291 -0.428999 321.422
-0.844385 -0.367296 0.39018 85.1188 -0.267335 0.919775 0.288398 -11.9561 -0.465183 0.140287 -0.87424 318.504
0.336512 0.403143 -0.851077 80.1847 0.238444 -0.9109 -0.337685 -14.0746 -0.910865 -0.0903817 -0.40314 319.098
-0.820879 -0.386088 0.420968 84.5027 -0.263237 0.909728 0.322074 -11.8816 -0.507667 0.154647 -0.847792 316.506
0.329162 0.429588 -0.840946 79.6939 0.244355 -0.89907 -0.364128 -14.1706 -0.911992 -0.0867164 -0.401418 317.227
