0.999934 -0.00159789 -0.0109322 0.128082 0.00161291 1 0.00135733 -0.0169625 0.0109311 -0.00137527 0.999935 1.14366
0.99988 -0.00253291 -0.0153102 0.146974 0.00255695 0.999996 0.00157171 -0.0365703 0.0153074 -0.00161053 0.999882 2.45128
0.999856 -0.00415056 -0.0162793 0.13758 0.0041481 0.999996 -0.000177296 -0.0482677 0.0162821 0.000109513 0.999864 3.81483
0.999844 -0.00476108 -0.01706 0.122971 0.00474945 0.999989 -0.000701563 -0.0605117 0.0170644 0.000620546 0.999854 5.175
0.999813 -0.00565918 -0.0183311 0.108509 0.00566452 0.999989 0.000252174 -0.0848138 0.0183317 -0.000356121 0.999829 6.50382
0.999778 -0.00780147 -0.0196434 0.109312 0.00783004 0.99997 0.00139587 -0.105537 0.0196333 -0.00154922 0.999806 7.84308
0.99974 -0.00751469 -0.02139 0.110424 0.00755222 0.999974 0.00169127 -0.119699 0.0213791 -0.00185252 0.999768 9.22986
0.99973 -0.0065386 -0.0223745 0.086891 0.00653256 0.99998 -0.000321951 -0.137946 0.0223775 0.000175834 0.999751 10.614
0.999711 -0.00444374 -0.023528 0.0748273 0.00438269 0.999992 -0.00263134 -0.160406 0.0235418 0.00252728 0.999719 12.0089
0.999746 -0.00074522 -0.022654 0.0148478 0.000660925 0.999996 -0.00370638 -0.181428 0.0226581 0.00369055 0.999738 13.3535
0.99976 0.00203442 -0.0217374 -0.0442758 -0.00211364 0.999997 -0.00360636 -0.207006 0.0217324 0.00365129 0.999757 14.7105
0.999782 0.00297144 -0.0207803 -0.0969803 -0.00303349 0.999994 -0.00293 -0.228951 0.0207729 0.00299255 0.99978 16.0707
0.999808 0.00093105 -0.0194638 -0.148303 -0.000936861 1.00001 -0.00027157 -0.250978 0.0194661 0.000289609 0.99981 17.44
0.999834 -0.00313398 -0.0181165 -0.201173 0.00315776 0.999997 0.00130536 -0.269942 0.0181139 -0.00136221 0.999836 18.8032
0.99984 -0.0057778 -0.0168803 -0.248905 0.00576593 0.999989 -0.000732245 -0.295139 0.0168868 0.000634598 0.999858 20.1819
0.999857 -0.00685539 -0.0156095 -0.303665 0.00681727 0.999977 -0.00245982 -0.320286 0.0156275 0.00235334 0.999877 21.5331
0.999885 -0.00469563 -0.014392 -0.340903 0.00464618 0.999989 -0.00344559 -0.354487 0.0144104 0.00337811 0.999892 22.9174
0.999913 -0.00197551 -0.0133082 -0.373995 0.00196335 1 -0.000882945 -0.386398 0.0133115 0.000857052 0.999913 24.3217
0.999923 -0.00135056 -0.0123243 -0.407233 0.00138996 1 0.00321807 -0.417739 0.0123224 -0.00323518 0.999921 25.745
0.999948 -0.00307503 -0.00997145 -0.451175 0.00312984 0.999983 0.00553888 -0.436867 0.00995577 -0.0055695 0.999937 27.1394
0.999933 -0.00721297 -0.0090652 -0.481629 0.0072522 0.99997 0.00433687 -0.461973 0.00903615 -0.00440258 0.999951 28.5492
0.999939 -0.00811651 -0.0079459 -0.517109 0.00813791 0.999967 0.00273502 -0.488695 0.00792503 -0.00279924 0.999968 29.9407
0.999941 -0.00920501 -0.0056433 -0.563284 0.00921027 0.999963 0.000985173 -0.517262 0.0056366 -0.00103733 0.999986 31.3199
0.999982 -0.00556666 -0.00353986 -0.599977 0.005566 0.99999 0.000109048 -0.538469 0.00354096 -0.000128371 0.999999 32.7227
0.999985 -0.0046636 -0.00244445 -0.626004 0.00465915 0.999994 -0.00161691 -0.561797 0.00245461 0.00160522 0.999998 34.1164
0.999997 -0.00346327 -0.00139269 -0.650942 0.00346009 0.999999 -0.00151418 -0.581102 0.0013997 0.00150972 1 35.5256
0.999993 -0.00317891 -0.000554924 -0.676357 0.00317814 1 -0.000390229 -0.601584 0.000558857 0.000388216 1 36.9422
1 -0.00225546 -0.000716006 -0.688313 0.00225484 1 0.000616508 -0.618956 0.000716435 -0.000617829 1.00001 38.3698
0.999999 0.000475542 -0.000932038 -0.694034 -0.000475632 1.00001 0.000579186 -0.635611 0.00093489 -0.000579048 1 39.8487
0.999998 0.00345201 -0.000519397 -0.706872 -0.00345294 1 0.000259373 -0.656808 0.000522195 -0.000257287 1.00001 41.2927
0.999986 0.00525306 -0.000800198 -0.710867 -0.00525323 0.999994 0.000622863 -0.679842 0.000806008 -0.000618932 1 42.767
0.999985 0.00601965 -0.000190115 -0.733188 -0.00602057 0.999988 0.000532685 -0.699759 0.000195219 -0.000531173 1.00001 44.198
0.999988 0.00476341 -0.000574327 -0.73381 -0.0047639 0.999996 0.000308548 -0.722209 0.000578389 -0.000306024 1 45.6481
0.999995 0.00372531 -0.0009916 -0.740929 -0.00372592 0.999998 0.000435694 -0.751507 0.00099543 -0.000431541 1.00001 47.0843
0.999993 0.00371289 -0.00144787 -0.755046 -0.00371299 1 0.000434284 -0.769112 0.00145222 -0.000429167 1 48.5052
0.999993 0.00393809 -0.00239983 -0.760335 -0.00393511 0.999996 0.00165472 -0.790112 0.00240857 -0.00164487 1 49.9755
0.999985 0.00419384 -0.00387594 -0.760289 -0.00418923 0.999997 0.00140414 -0.813873 0.00388459 -0.00138812 0.999994 51.4346
0.999978 0.00467423 -0.00536509 -0.767109 -0.00466925 0.999994 0.00113011 -0.825302 0.00537257 -0.00110464 0.999991 52.8966
0.999968 0.00491118 -0.00645685 -0.781909 -0.004902 0.999993 0.00158431 -0.841842 0.00646746 -0.00155281 0.999981 54.3468
0.999974 0.00365869 -0.00679639 -0.799629 -0.00364551 0.999997 0.0020964 -0.860637 0.00680632 -0.00207122 0.999982 55.8131
0.999976 0.00197981 -0.0068585 -0.817893 -0.00196618 1 0.00215386 -0.882004 0.00686577 -0.00214043 0.999977 57.2711
0.999978 -0.000467864 -0.00730885 -0.836299 0.000478426 1 0.00159033 -0.903509 0.00731056 -0.00159334 0.999979 58.7202
0.999983 -0.00144278 -0.00600084 -0.872282 0.00145354 1 0.00197911 -0.927755 0.00600128 -0.00198781 0.999983 60.1647
0.999992 -0.00319166 -0.00421185 -0.904963 0.00320545 0.999995 0.00354065 -0.956722 0.00420306 -0.00355353 0.999994 61.613
0.99998 -0.00538596 -0.00384106 -0.90921 0.00540508 0.999978 0.00526698 -0.987022 0.00381585 -0.00528765 0.999982 63.0699
0.99997 -0.00767679 -0.00347567 -0.896659 0.00769438 0.999963 0.00538929 -1.01596 0.00343618 -0.00541543 0.999988 64.5014
0.99995 -0.00970748 -0.00299965 -0.905992 0.00972032 0.999948 0.00465533 -1.03511 0.0029574 -0.00468432 0.999989 65.9106
0.999966 -0.00884869 -0.00155093 -0.928568 0.0088536 0.99996 0.00392969 -1.05255 0.00151804 -0.00394289 1 67.3402
0.999972 -0.00759186 -0.000462048 -0.939184 0.00759243 0.999972 0.00345059 -1.07055 0.000438904 -0.00345402 0.999997 68.7891
0.999999 -0.00380149 0.00117703 -0.960579 0.00379537 0.999991 0.00437508 -1.09287 -0.0011918 -0.00437007 1 70.1916
0.999999 -0.000457988 0.00223356 -0.974217 0.000445015 0.999993 0.00536228 -1.10548 -0.00223328 -0.00536123 0.999988 71.6869
0.999995 0.004125 0.00291182 -0.986156 -0.0041413 0.999986 0.00521989 -1.12009 -0.00288857 -0.00523132 0.999992 73.0972
0.999951 0.00899495 0.00470615 -1.02253 -0.0090133 0.999962 0.00373612 -1.12096 -0.0046698 -0.00377812 0.999987 74.5745
0.999917 0.0123749 0.00539807 -1.03092 -0.0123902 0.999928 0.00262573 -1.13584 -0.00536359 -0.00269169 0.999989 76.0102
0.999885 0.0141592 0.0058323 -1.02366 -0.0141736 0.999906 0.00233525 -1.16218 -0.00579612 -0.00241741 0.999986 77.4393
0.999885 0.014242 0.00658252 -1.02654 -0.0142575 0.999905 0.00218195 -1.17787 -0.00654926 -0.0022748 0.999983 78.8919
0.999888 0.0136385 0.00653817 -1.00986 -0.0136463 0.999915 0.00106776 -1.19748 -0.00652057 -0.00115667 0.999984 80.2993
0.9999 0.0133653 0.0061902 -1.00063 -0.0133558 0.999919 -0.00171329 -1.20238 -0.00621107 0.00163111 0.999988 81.6875
0.999887 0.0133695 0.00728495 -1.02515 -0.0133471 0.999916 -0.00316896 -1.21181 -0.00732453 0.00307158 0.999977 83.1
0.999899 0.0120289 0.00888965 -1.01753 -0.0120133 0.999937 -0.00186755 -1.26337 -0.00891045 0.0017613 0.999969 84.4259
0.999891 0.0121837 0.00867455 -1.03516 -0.0121548 0.999931 -0.00339651 -1.27883 -0.00871395 0.00329081 0.999966 85.8825
0.999889 0.0123609 0.00949034 -1.05387 -0.012323 0.999927 -0.00411931 -1.29929 -0.00953953 0.00400263 0.999957 87.3094
0.999871 0.0121604 0.0107233 -1.10012 -0.0121119 0.999927 -0.00459772 -1.30971 -0.0107773 0.00446745 0.999941 88.7591
0.999899 0.0100575 0.0110148 -1.08603 -0.0100237 0.999956 -0.00318471 -1.35682 -0.0110455 0.0030748 0.999945 90.089
0.999909 0.00826913 0.0109053 -1.1067 -0.00822548 0.999969 -0.00405623 -1.36583 -0.0109378 0.00396636 0.999942 91.5269
0.999926 0.00652529 0.011236 -1.10718 -0.00647641 0.99998 -0.00444144 -1.3932 -0.011264 0.00436911 0.999937 92.8869
0.999905 0.00558128 0.0128536 -1.13502 -0.00551007 0.999981 -0.00558527 -1.41631 -0.0128838 0.00551411 0.999912 94.2634
0.999925 0.0045449 0.0123025 -1.11027 -0.00446627 0.999981 -0.0064696 -1.4471 -0.0123311 0.00641502 0.999914 95.683
0.999898 0.00522754 0.0135708 -1.11599 -0.00512172 0.999969 -0.00783384 -1.47181 -0.0136107 0.00776374 0.999889 97.1442
0.999867 0.0049317 0.0162093 -1.14058 -0.00477878 0.999955 -0.00949899 -1.49095 -0.0162548 0.00942109 0.999835 98.5631
0.999842 0.00613146 0.0169183 -1.13919 -0.00596593 0.999946 -0.00982748 -1.54038 -0.0169769 0.00972518 0.999822 99.9087
0.999828 0.00726512 0.0176828 -1.13221 -0.00708841 0.999936 -0.0100678 -1.5703 -0.0177544 0.00994152 0.999805 101.296
0.999822 0.00711546 0.0176927 -1.1006 -0.00696457 0.999952 -0.00858153 -1.61194 -0.0177522 0.00845698 0.999822 102.681
0.999865 0.00797883 0.0151736 -1.0459 -0.00788155 0.99996 -0.00650055 -1.66572 -0.0152244 0.00638089 0.999877 104.009
0.999875 0.00701695 0.0144747 -1.02874 -0.00689577 0.999954 -0.00840384 -1.69472 -0.0145323 0.00830334 0.999876 105.383
0.9999 0.00665668 0.0133542 -0.994349 -0.00651075 0.999931 -0.0110005 -1.73334 -0.0134259 0.0109132 0.999864 106.735
0.99987 0.00754986 0.0146398 -1.01375 -0.0073662 0.99991 -0.0125591 -1.76443 -0.0147325 0.0124499 0.999834 108.076
0.999874 0.00473853 0.0158173 -1.02769 -0.00456015 0.99994 -0.0113329 -1.80461 -0.0158696 0.0112602 0.999824 109.358
0.999836 0.00318091 0.0181492 -1.03895 -0.00299804 0.999964 -0.0100703 -1.83321 -0.01818 0.0100146 0.999807 110.758
0.9998 0.00174652 0.0204467 -1.03474 -0.00153603 0.99996 -0.0103297 -1.86066 -0.0204634 0.0102971 0.999752 112.132
0.999785 6.77236e-05 0.0210181 -0.999777 0.000185921 0.999947 -0.0120436 -1.89953 -0.0210172 0.0120453 0.999728 113.469
0.999746 0.00208634 0.0229855 -0.99652 -0.00176493 0.999917 -0.0140078 -1.94955 -0.0230125 0.0139646 0.999653 114.827
0.999668 0.0050854 0.0254357 -0.993762 -0.00465194 0.999864 -0.0170479 -1.97718 -0.0255184 0.0169244 0.99955 116.234
0.999584 0.00856083 0.0280083 -0.980471 -0.0080789 0.999833 -0.0172872 -2.02167 -0.0281513 0.0170546 0.999473 117.575
0.999513 0.00994533 0.0297113 -0.953544 -0.00950283 0.999861 -0.0149796 -2.07263 -0.0298556 0.0146904 0.999465 118.916
0.999505 0.00920179 0.0305057 -0.911836 -0.00883202 0.999903 -0.0122453 -2.12249 -0.030615 0.0119707 0.999476 120.27
0.99945 0.00905637 0.0320632 -0.901343 -0.00867474 0.999909 -0.0120035 -2.15859 -0.0321685 0.0117192 0.999434 121.613
0.999354 0.0102369 0.0348502 -0.882 -0.00976434 0.999876 -0.0137154 -2.18371 -0.0349859 0.0133672 0.999315 122.972
0.999243 0.0127455 0.036863 -0.854985 -0.0121892 0.999828 -0.0152613 -2.21285 -0.0370506 0.0148009 0.999224 124.324
0.999117 0.0152845 0.0394971 -0.841846 -0.0146232 0.999767 -0.0169907 -2.23851 -0.0397473 0.016399 0.999092 125.682
0.999029 0.0165191 0.0409345 -0.773929 -0.0157993 0.999733 -0.0178357 -2.29803 -0.0412179 0.0171721 0.999021 127.002
0.998977 0.0172424 0.0421542 -0.719276 -0.0164842 0.999715 -0.0182825 -2.35218 -0.0424575 0.0175697 0.99896 128.36
0.998946 0.0155762 0.0432902 -0.653802 -0.0148204 0.99975 -0.0177119 -2.41414 -0.0435552 0.0170521 0.998924 129.688
0.998903 0.0158839 0.0443819 -0.612761 -0.0151423 0.999759 -0.0170071 -2.45825 -0.0446416 0.0163172 0.998887 131.043
0.998826 0.0146825 0.0462789 -0.572787 -0.0139286 0.999783 -0.0165594 -2.50061 -0.0465119 0.0158958 0.99881 132.399
0.998826 0.0135183 0.0468503 -0.514995 -0.0127872 0.999811 -0.0158818 -2.55252 -0.0470565 0.0152648 0.998794 133.76
0.998851 0.0108237 0.0467933 -0.454305 -0.0101131 0.999847 -0.0153844 -2.60227 -0.0469528 0.0148939 0.998804 135.126
0.998889 0.00918802 0.0465678 -0.390569 -0.00853153 0.999881 -0.0142884 -2.65254 -0.0466938 0.0138761 0.998831 136.501
0.998904 0.00725158 0.0463591 -0.341955 -0.00657701 0.999887 -0.0146733 -2.69052 -0.0464605 0.0143528 0.998836 137.913
0.998895 0.00623333 0.0469164 -0.306533 -0.0055284 0.999889 -0.015151 -2.73278 -0.0470059 0.0148757 0.998803 139.278
0.998892 0.00539885 0.046857 -0.26503 -0.00474047 0.999906 -0.0141362 -2.77876 -0.046929 0.0138989 0.99882 140.65
0.998921 0.00365338 0.0466344 -0.221581 -0.00300812 0.999918 -0.0139105 -2.82262 -0.0466816 0.013756 0.998834 142.029
0.998931 0.00346841 0.0462162 -0.178221 -0.00282029 0.999914 -0.0140659 -2.86777 -0.0462611 0.0139211 0.998851 143.407
0.998941 0.00333618 0.046218 -0.135694 -0.00264623 0.999902 -0.0149929 -2.90747 -0.0462638 0.0148555 0.998837 144.808
0.998867 0.00339667 0.0475878 -0.114691 -0.0026485 0.99989 -0.0157614 -2.94497 -0.047636 0.0156181 0.998762 146.188
0.998851 0.00141202 0.0482087 -0.0797419 -0.000517676 0.999846 -0.0185718 -2.98553 -0.0482277 0.0185264 0.998683 147.57
0.998828 -0.00400546 0.0483602 -0.0333549 0.00495668 0.999815 -0.0195534 -3.02224 -0.0482728 0.0197707 0.998659 148.958
0.998816 -0.0117095 0.0475592 0.0334095 0.0125454 0.999791 -0.0173227 -3.07291 -0.0473464 0.0178997 0.998738 150.296
0.998732 -0.0179258 0.0471777 0.0778689 0.0187192 0.999708 -0.0164138 -3.11295 -0.0468697 0.0172765 0.998772 151.666
0.998694 -0.0211639 0.0468651 0.136792 0.0221088 0.999581 -0.0197448 -3.15985 -0.0464275 0.020756 0.998726 153.05
0.99865 -0.0204453 0.0479158 0.180299 0.0215403 0.999535 -0.0224335 -3.21814 -0.0474344 0.0234355 0.998621 154.385
0.998658 -0.0176748 0.0490013 0.237719 0.0188626 0.999557 -0.0238911 -3.28186 -0.0485573 0.0247842 0.998533 155.769
0.998611 -0.0182666 0.0495902 0.305114 0.019466 0.999546 -0.0237965 -3.33873 -0.0491327 0.0247289 0.998508 157.155
0.998469 -0.0217502 0.0511826 0.347918 0.022845 0.999541 -0.0209087 -3.38736 -0.0507042 0.0220469 0.998491 158.491
0.998319 -0.0276885 0.0510804 0.435661 0.0286546 0.999442 -0.0182646 -3.43852 -0.0505457 0.0196977 0.998549 159.88
0.998227 -0.0315132 0.0508424 0.50854 0.0324204 0.999348 -0.0171164 -3.4846 -0.0502698 0.0187352 0.998581 161.237
0.998101 -0.0327219 0.0523468 0.544776 0.0336696 0.999303 -0.0173114 -3.529 -0.0517432 0.0190412 0.998501 162.584
0.998071 -0.0306212 0.0543189 0.594732 0.0315854 0.999377 -0.0169803 -3.57107 -0.053765 0.0186641 0.998401 163.953
0.998076 -0.0268375 0.0560732 0.649097 0.0278555 0.999479 -0.0174408 -3.62215 -0.0555753 0.0189694 0.998297 165.32
0.998038 -0.0231692 0.0584883 0.69863 0.0243759 0.999523 -0.0200038 -3.66794 -0.0579968 0.0213911 0.998108 166.681
0.997995 -0.0201473 0.0601642 0.745016 0.0214202 0.999579 -0.0205766 -3.71475 -0.0597235 0.0218243 0.997999 168.036
0.997815 -0.0187608 0.0636642 0.775597 0.0200423 0.999629 -0.0195481 -3.76074 -0.0632737 0.0207821 0.997801 169.402
0.997726 -0.0167975 0.0654266 0.823163 0.0181427 0.999655 -0.0200112 -3.80548 -0.0650669 0.0211529 0.997679 170.775
0.997707 -0.0149048 0.0663382 0.893303 0.0164268 0.999634 -0.0224536 -3.85867 -0.0659791 0.0234925 0.997567 172.172
0.997765 -0.0114563 0.0660007 0.967839 0.0131014 0.999634 -0.0245443 -3.91956 -0.0656945 0.0253543 0.997541 173.545
0.997773 -0.00665626 0.0666932 1.03673 0.00837062 0.999664 -0.0254544 -3.98041 -0.0665014 0.0259565 0.997473 174.934
0.997701 -0.00150663 0.0679259 1.09558 0.00315592 0.999724 -0.0241766 -4.03677 -0.0678699 0.0243356 0.997422 176.294
0.997692 0.00202453 0.0682083 1.18647 -0.000536516 0.999788 -0.0218215 -4.10122 -0.0682379 0.0217352 0.997459 177.719
0.9975 0.00372215 0.0707563 1.22997 -0.00232768 0.999826 -0.0197762 -4.14797 -0.0708164 0.0195623 0.997326 179.08
0.997532 0.000820158 0.0705305 1.31716 0.000532059 0.999843 -0.0191443 -4.19426 -0.0705349 0.0191353 0.997353 180.475
0.997641 -0.00181392 0.0688355 1.41235 0.00310641 0.999846 -0.0186717 -4.24849 -0.0687898 0.0188417 0.997483 181.883
0.997685 -0.00164216 0.0683126 1.48848 0.00320867 0.999761 -0.0228211 -4.30224 -0.0682586 0.0229881 0.99743 183.297
0.997641 0.000483703 0.0688727 1.54678 0.00142694 0.999644 -0.0276862 -4.35186 -0.06886 0.0277193 0.997273 184.696
0.997573 0.00462068 0.069794 1.61663 -0.00266546 0.999629 -0.0280759 -4.41187 -0.0698976 0.0278223 0.997194 186.113
0.997577 0.00788592 0.0693542 1.70601 -0.00603237 0.999649 -0.0268932 -4.47518 -0.0695403 0.0264098 0.997262 187.5
0.997464 0.00955077 0.0708695 1.77328 -0.00793757 0.999731 -0.0230046 -4.53854 -0.0710699 0.0223843 0.997249 188.89
0.997309 0.00992157 0.0728573 1.83842 -0.0084247 0.999777 -0.0208223 -4.59738 -0.073046 0.0201526 0.997157 190.287
0.997227 0.00904622 0.0741961 1.91782 -0.00761594 0.999808 -0.0195335 -4.65509 -0.0743583 0.0189149 0.997082 191.673
0.997185 0.00687826 0.0748847 2.01225 -0.00550027 0.999842 -0.0185922 -4.70924 -0.0749992 0.0181282 0.997052 193.127
0.997158 0.00426501 0.0755559 2.10558 -0.00289645 0.999858 -0.0182081 -4.7629 -0.0756226 0.0179381 0.997005 194.573
0.997085 0.00127916 0.0765029 2.20018 8.81258e-05 0.99987 -0.0178661 -4.81576 -0.0765143 0.017821 0.996943 196.024
0.99703 -0.00145503 0.0773307 2.30532 0.00277942 0.999878 -0.0170178 -4.86009 -0.0772963 0.0171828 0.996891 197.494
0.99691 -0.00633827 0.0784991 2.4026 0.00759407 0.999879 -0.0157106 -4.90743 -0.0783881 0.0162584 0.996823 198.919
0.996848 -0.00841232 0.0792098 2.5115 0.0097302 0.999848 -0.0162626 -4.94833 -0.0790604 0.0169827 0.996757 200.376
0.996852 -0.00603198 0.0792633 2.61779 0.00769793 0.999788 -0.0207304 -4.99532 -0.0791194 0.0212756 0.996672 201.821
0.996827 0.00233882 0.0798853 2.71084 -0.000260967 0.999689 -0.0260125 -5.04551 -0.0799206 0.0259095 0.996497 203.262
0.996723 0.0107313 0.0804043 2.81184 -0.00866664 0.999658 -0.0259858 -5.10489 -0.0806532 0.025204 0.996458 204.696
0.996463 0.0182134 0.0823405 2.89379 -0.0164172 0.999642 -0.0224425 -5.15983 -0.0827188 0.0210119 0.996385 206.142
0.996338 0.0188589 0.0836181 2.9944 -0.0172139 0.999676 -0.0203538 -5.21146 -0.0839724 0.01884 0.996326 207.591
0.996379 0.0173091 0.0835588 3.10937 -0.0156857 0.999706 -0.020049 -5.26088 -0.0838802 0.0186663 0.996336 209.075
0.996368 0.0138491 0.0842511 3.17919 -0.0122028 0.999756 -0.0200275 -5.31361 -0.0845054 0.0189268 0.99628 210.507
0.996395 0.0115501 0.0843641 3.28132 -0.00987999 0.999777 -0.0201922 -5.37062 -0.0845775 0.0192865 0.996265 211.984
0.996302 0.0122081 0.0852816 3.3741 -0.0104911 0.999765 -0.0205548 -5.42996 -0.0855098 0.0195842 0.996182 213.45
0.99601 0.0136221 0.0885176 3.43322 -0.0118989 0.999762 -0.0199702 -5.48735 -0.0887666 0.0188374 0.995914 214.91
0.995903 0.0140686 0.0895409 3.53825 -0.0124599 0.999783 -0.0185027 -5.55041 -0.0897788 0.0173113 0.995849 216.391
0.995892 0.013342 0.0898831 3.6608 -0.0117279 0.999793 -0.0184673 -5.61061 -0.0901089 0.0173375 0.99582 217.892
0.995948 0.0124974 0.089269 3.80185 -0.0108173 0.999787 -0.0192839 -5.66346 -0.0894878 0.0182402 0.995859 219.41
0.996044 0.0115933 0.0884262 3.92931 -0.00991888 0.999796 -0.0193565 -5.71838 -0.0886303 0.0184032 0.995934 220.885
0.996096 0.0110209 0.087798 4.05722 -0.00942509 0.999815 -0.0185734 -5.78323 -0.0879831 0.0176735 0.996005 222.374
0.996157 0.0111234 0.0872016 4.18617 -0.00959033 0.999825 -0.0179875 -5.85015 -0.087384 0.0170825 0.996068 223.876
0.996137 0.0109024 0.087341 4.28874 -0.00935862 0.999825 -0.0180689 -5.90236 -0.0875192 0.0171818 0.996054 225.334
0.996228 0.0115454 0.0863457 4.42518 -0.010028 0.99982 -0.0179916 -5.96047 -0.0865355 0.0170581 0.996143 226.842
0.996309 0.0110996 0.0853348 4.56814 -0.00961271 0.999827 -0.0178188 -6.01956 -0.0855143 0.0169328 0.996233 228.397
0.996368 0.0109607 0.0847998 4.69249 -0.00948367 0.999828 -0.0178065 -6.0716 -0.0849781 0.0169379 0.996279 229.901
0.99644 0.00998862 0.0839302 4.82913 -0.00852872 0.999838 -0.0177409 -6.12723 -0.0840902 0.016962 0.996354 231.426
0.996451 0.00848538 0.0841132 4.95223 -0.00701265 0.999849 -0.0177942 -6.17824 -0.0842493 0.0171414 0.996338 232.954
0.996419 0.00759016 0.0844406 5.06414 -0.00612261 0.999858 -0.0176312 -6.22595 -0.0845587 0.0170512 0.996312 234.473
0.996334 0.00609872 0.085708 5.15603 -0.00465468 0.999876 -0.0170444 -6.26938 -0.0857992 0.0165832 0.996215 235.981
0.996269 0.00628961 0.0862974 5.27077 -0.00485693 0.999879 -0.016809 -6.31931 -0.086389 0.0163273 0.996168 237.515
0.996252 0.0070654 0.0865788 5.4034 -0.00557925 0.999865 -0.0174023 -6.36891 -0.086688 0.0168542 0.996134 239.057
0.995974 0.00852363 0.089445 5.48321 -0.0068283 0.999825 -0.0192492 -6.40594 -0.0895896 0.018561 0.995847 240.552
0.99582 0.00995801 0.0911635 5.60108 -0.0082624 0.999818 -0.0189649 -6.45332 -0.091334 0.0181325 0.995698 242.088
0.995657 0.0098771 0.0927733 5.72499 -0.00832716 0.999853 -0.0170841 -6.50377 -0.0929247 0.0162374 0.995583 243.616
0.995522 0.00958916 0.0944103 5.85545 -0.00805813 0.999862 -0.0165914 -6.55517 -0.0945546 0.0157564 0.995439 245.113
0.995369 0.0102271 0.0957814 5.97703 -0.00850688 0.99983 -0.0183561 -6.60594 -0.0959489 0.0174563 0.995276 246.661
0.99528 0.010696 0.0968107 6.11036 -0.00883892 0.999802 -0.0195975 -6.66094 -0.0969994 0.0186493 0.995154 248.192
0.99528 0.0111727 0.0965981 6.26313 -0.00938353 0.99981 -0.0189616 -6.72213 -0.0967878 0.0179657 0.995186 249.763
0.995341 0.0107725 0.0961798 6.42171 -0.00911115 0.999834 -0.0177016 -6.78171 -0.0963528 0.0167428 0.995252 251.322
0.995382 0.0106712 0.0955945 6.57198 -0.009061 0.999843 -0.0172677 -6.83814 -0.0957601 0.0163216 0.995314 252.896
0.99539 0.010936 0.095649 6.70681 -0.0093667 0.999847 -0.0168482 -6.89775 -0.0958169 0.0158747 0.995318 254.439
0.995304 0.0123587 0.0962029 6.83994 -0.0108065 0.999836 -0.0166432 -6.95023 -0.0963892 0.0155253 0.995266 256.016
0.995264 0.0132824 0.0966579 6.97185 -0.0117263 0.999825 -0.0166589 -7.00044 -0.0968606 0.0154465 0.995223 257.553
0.995253 0.0131962 0.0966192 7.11267 -0.0116796 0.999832 -0.0162507 -7.05626 -0.0968138 0.015045 0.995232 259.101
0.995241 0.0116008 0.0971171 7.24652 -0.0101102 0.999856 -0.0158366 -7.11228 -0.0972853 0.0147793 0.995193 260.635
0.99529 0.00959796 0.096669 7.40477 -0.00821999 0.999892 -0.0146489 -7.17197 -0.0967956 0.013785 0.995253 262.222
0.995273 0.00737037 0.0972123 7.54878 -0.00601003 0.999913 -0.0142856 -7.21658 -0.097308 0.0136335 0.995206 263.766
0.995303 0.00590293 0.0968282 7.70036 -0.00445336 0.999909 -0.0151863 -7.26217 -0.0969053 0.0146835 0.995229 265.327
0.995351 0.00481271 0.0965711 7.84889 -0.00324341 0.999894 -0.0164062 -7.31002 -0.0966385 0.0160163 0.995236 266.882
0.994995 0.00144485 0.10012 7.93289 -5.67673e-05 0.99994 -0.013872 -7.36337 -0.10013 0.0137967 0.994925 268.413
0.994993 -0.000943583 0.100298 8.08931 0.00214519 0.99996 -0.011879 -7.41874 -0.100282 0.0120343 0.994931 269.982
0.995171 -0.00160172 0.0983625 8.27823 0.00284159 0.999953 -0.0124734 -7.47447 -0.0983337 0.0126923 0.995121 271.599
0.995522 -0.00165029 0.0949325 8.49898 0.002882 0.999946 -0.0128453 -7.53368 -0.0949058 0.0130608 0.995445 273.239
0.995286 -0.00141835 0.0971922 8.61549 0.00264868 0.999952 -0.0125364 -7.58393 -0.0971656 0.0127344 0.995237 274.764
0.995352 4.39225e-05 0.0967065 8.78959 0.00111093 0.999962 -0.0118931 -7.6408 -0.0967028 0.0119448 0.995286 276.355
0.995291 0.000360083 0.097159 8.93616 0.000709945 0.999974 -0.0109851 -7.69969 -0.0971561 0.011002 0.995259 277.907
0.995151 -0.000170786 0.0987744 9.07649 0.00112651 0.999987 -0.0096258 -7.76026 -0.0987709 0.00968997 0.995109 279.461
0.995039 0.00210886 0.0996879 9.22156 -0.00100912 0.999972 -0.0110873 -7.79369 -0.0997042 0.0109313 0.99501 281.01
0.994915 0.00231708 0.101109 9.36313 -0.00113756 0.999963 -0.0117269 -7.83738 -0.101132 0.0115518 0.994852 282.545
0.994754 0.0014482 0.102513 9.49923 -0.000127848 0.999952 -0.0128931 -7.87553 -0.102523 0.0128119 0.994702 284.143
0.994296 0.000256109 0.10712 9.62398 0.00101008 0.999964 -0.0117718 -7.93267 -0.107119 0.0118121 0.99423 285.643
0.994211 -0.0019448 0.107629 9.78503 0.00305585 0.99998 -0.0101641 -7.97981 -0.107604 0.0104338 0.994192 287.274
0.994189 -0.00214515 0.108096 9.94683 0.00329421 0.999974 -0.0104583 -8.01823 -0.108072 0.0107528 0.99414 288.891
0.994119 -0.00318465 0.108453 10.1021 0.00462149 0.999942 -0.0130061 -8.05649 -0.108402 0.0134304 0.994069 290.446
0.994148 -0.00402137 0.108416 10.2671 0.00573442 0.999897 -0.0155001 -8.0992 -0.108343 0.0160301 0.99404 292.019
0.994153 -0.00408281 0.108108 10.4284 0.00579188 0.9999 -0.0155063 -8.14443 -0.108031 0.0160415 0.994071 293.59
0.994239 -0.00444764 0.107564 10.592 0.00627583 0.999877 -0.0166729 -8.17756 -0.107478 0.0172506 0.994115 295.165
0.994156 -0.00313135 0.108109 10.7383 0.00512942 0.999858 -0.0182184 -8.22246 -0.108033 0.0186659 0.994026 296.731
0.994142 -0.00340368 0.108495 10.8971 0.00552005 0.999836 -0.0192222 -8.26223 -0.108412 0.0197072 0.993969 298.32
0.994176 -0.00333816 0.107915 11.0648 0.00540484 0.999844 -0.0188753 -8.31923 -0.107832 0.019348 0.994035 299.962
0.994313 -0.00413936 0.106888 11.233 0.00616451 0.999843 -0.0186326 -8.3761 -0.106795 0.0191843 0.994155 301.573
0.994413 -0.0044623 0.105664 11.4107 0.00635286 0.999862 -0.0175735 -8.42653 -0.105568 0.0181459 0.994302 303.165
0.994473 -0.00288491 0.105433 11.572 0.00463847 0.99989 -0.0164016 -8.47883 -0.105375 0.0167988 0.994349 304.763
0.994414 -0.0026136 0.105721 11.7426 0.00438468 0.999891 -0.0165359 -8.5293 -0.105663 0.0169064 0.994314 306.401
0.99443 -0.00310523 0.105829 11.9197 0.00491962 0.99988 -0.0168988 -8.57664 -0.105764 0.017324 0.994299 308.043
0.994378 -0.00446724 0.105997 12.0952 0.00632412 0.999869 -0.0172025 -8.62504 -0.105904 0.0177753 0.994273 309.661
0.994397 -0.00604152 0.106013 12.2708 0.00801613 0.999837 -0.0182202 -8.67204 -0.105887 0.0189665 0.994254 311.281
0.994357 -0.00797481 0.105999 12.4415 0.0102297 0.99977 -0.0207617 -8.71936 -0.105806 0.021728 0.994206 312.896
0.994425 -0.00847488 0.10558 12.6064 0.0108534 0.999734 -0.0219863 -8.77501 -0.105366 0.0230082 0.994224 314.502
0.994717 -0.00845186 0.102525 12.776 0.0108086 0.999726 -0.0224694 -8.8442 -0.102305 0.023458 0.994533 316.096
0.99504 -0.00733623 0.0997212 12.9558 0.00954183 0.999754 -0.0216742 -8.90621 -0.0995384 0.0225168 0.994836 317.762
0.995152 -0.00655002 0.0983557 13.1335 0.00838834 0.999835 -0.0183055 -8.97033 -0.0982168 0.0190411 0.995039 319.417
0.995108 -0.00836224 0.0989684 13.2855 0.00986706 0.999878 -0.014739 -9.03455 -0.0988338 0.0156422 0.995038 321.095
0.995036 -0.00889794 0.0993443 13.4172 0.0102893 0.999893 -0.013518 -9.08769 -0.0992106 0.0144723 0.995018 322.729
0.994989 -0.00932053 0.10007 13.5615 0.010777 0.999879 -0.0140372 -9.14561 -0.0999272 0.0150442 0.994938 324.36
0.994978 -0.0109912 0.0997199 13.7239 0.0124451 0.999862 -0.0139859 -9.19704 -0.0995495 0.0151558 0.994974 325.972
0.995221 -0.011021 0.09757 13.9031 0.0123165 0.999879 -0.012699 -9.26417 -0.0974189 0.0138389 0.995204 327.582
0.995163 -0.0111426 0.097848 14.0664 0.0124834 0.999874 -0.0131183 -9.30802 -0.0976862 0.0142754 0.995172 329.27
0.995089 -0.00847338 0.0991823 14.1888 0.00993324 0.999885 -0.0142494 -9.35374 -0.0990508 0.0151634 0.995024 330.918
0.995003 -0.00744249 0.099804 14.3368 0.00898587 0.999884 -0.0150394 -9.40047 -0.0996771 0.0158602 0.99495 332.556
0.994994 -0.00913042 0.100064 14.5153 0.0105225 0.999892 -0.0134068 -9.45712 -0.0999305 0.0143914 0.99495 334.231
0.99481 -0.0101349 0.101489 14.6462 0.011427 0.999898 -0.0121746 -9.51114 -0.101351 0.0132703 0.99482 335.856
0.994731 -0.0114288 0.102407 14.7978 0.0128078 0.999874 -0.01283 -9.56693 -0.102247 0.0140729 0.99472 337.5
0.994833 -0.0104799 0.101238 14.97 0.0118108 0.999889 -0.0125713 -9.61712 -0.101091 0.0137011 0.994841 339.139
0.994963 -0.00883773 0.100403 15.1329 0.010341 0.99988 -0.0144752 -9.67103 -0.100263 0.0154393 0.994902 340.771
0.995054 -0.00745879 0.0993238 15.2918 0.00922055 0.999846 -0.017305 -9.72341 -0.0991758 0.0181342 0.994964 342.397
0.995135 -0.00612026 0.0988806 15.4407 0.00785175 0.999861 -0.0171454 -9.77269 -0.0987617 0.017837 0.995011 344.023
0.994978 -0.00593422 0.100177 15.5725 0.00744489 0.999902 -0.0147265 -9.82181 -0.100076 0.0153975 0.994921 345.645
0.995283 -0.00511314 0.0974496 15.7303 0.00627989 0.999951 -0.0116841 -9.87123 -0.0973848 0.0122397 0.995232 347.254
0.995497 -0.00480129 0.0949518 15.8927 0.00612539 0.999926 -0.0136703 -9.90598 -0.0948756 0.0141895 0.995448 348.892
0.995728 -0.00555716 0.092774 16.0444 0.00703761 0.999892 -0.0156543 -9.95018 -0.0926764 0.0162391 0.995625 350.502
0.995854 -0.00793219 0.0908992 16.1931 0.00937309 0.999875 -0.0154489 -9.99483 -0.0907619 0.016236 0.9958 352.071
0.995892 -0.00897653 0.0907179 16.3199 0.01046 0.999859 -0.0159072 -10.0393 -0.0905618 0.0167896 0.995812 353.69
0.995847 -0.00955179 0.090831 16.4566 0.0111475 0.99983 -0.0170901 -10.0894 -0.0906488 0.0180308 0.995779 355.33
0.995874 -0.00924096 0.0908849 16.5924 0.011025 0.999796 -0.019165 -10.1337 -0.0906887 0.0200866 0.995739 356.954
0.995856 -0.009592 0.0907223 16.7294 0.0114176 0.999781 -0.0196384 -10.1901 -0.0905107 0.020592 0.995742 358.563
0.995878 -0.0105587 0.0907054 16.8764 0.0124386 0.999759 -0.0202022 -10.2455 -0.0904697 0.0212458 0.995735 360.182
0.995869 -0.0100481 0.0905354 17.0189 0.0120753 0.999726 -0.0218837 -10.2936 -0.0902873 0.0228857 0.995713 361.79
0.995895 -0.0102967 0.0905445 17.1587 0.0124063 0.999703 -0.0227852 -10.3584 -0.0902826 0.0238135 0.995693 363.414
0.995879 -0.0115262 0.0902412 17.3067 0.0136193 0.99969 -0.0226266 -10.423 -0.089949 0.0237616 0.995723 365.014
0.995922 -0.0112071 0.0901376 17.4537 0.0133813 0.999672 -0.0235686 -10.4876 -0.0898435 0.0246771 0.995712 366.644
0.995911 -0.0129638 0.0897023 17.5981 0.0152496 0.999614 -0.0248594 -10.551 -0.0893421 0.0261248 0.995719 368.242
0.995884 -0.0153599 0.0899358 17.7379 0.0175079 0.999617 -0.0231595 -10.6154 -0.0895453 0.0246373 0.995739 369.888
0.995761 -0.0169276 0.0907026 17.8631 0.0190639 0.999599 -0.022754 -10.674 -0.0902776 0.0243858 0.995679 371.514
0.995676 -0.0165915 0.092 17.9741 0.0189027 0.999564 -0.024324 -10.7301 -0.0915561 0.0259564 0.995524 373.098
0.995637 -0.0164611 0.0921351 18.1196 0.0187719 0.999568 -0.024288 -10.7994 -0.091692 0.0259107 0.995511 374.68
0.995683 -0.0151707 0.0921772 18.2687 0.0174294 0.999605 -0.0237653 -10.8615 -0.0917801 0.0252679 0.995521 376.326
0.995538 -0.0138801 0.0936247 18.39 0.0161606 0.999629 -0.023659 -10.9208 -0.093258 0.0250655 0.995388 377.946
0.995454 -0.0131323 0.0949223 18.5145 0.0154987 0.999625 -0.0242528 -10.9791 -0.0945681 0.0256123 0.995251 379.56
0.995356 -0.0133402 0.095621 18.6454 0.0158094 0.999599 -0.0251266 -11.0464 -0.0952438 0.0265206 0.995163 381.169
0.995264 -0.0132153 0.09689 18.7713 0.0157417 0.999593 -0.0253741 -11.1132 -0.0965151 0.0267776 0.995034 382.769
0.995153 -0.0124188 0.0978355 18.9259 0.0150082 0.999594 -0.0257884 -11.1809 -0.0974719 0.0271307 0.994931 384.412
0.995185 -0.0102442 0.0980539 19.0849 0.0128734 0.999613 -0.0262368 -11.2438 -0.0977471 0.0273711 0.994898 386.048
0.995025 -0.0089844 0.099497 19.2241 0.0114878 0.99967 -0.02463 -11.3257 -0.0992392 0.0256494 0.994796 387.656
0.995038 -0.00825977 0.099721 19.3861 0.010785 0.999674 -0.0248272 -11.3959 -0.0994834 0.0257781 0.994768 389.27
0.99495 -0.00646974 0.100446 19.5418 0.00910353 0.999667 -0.0257964 -11.4598 -0.100242 0.0265795 0.994672 390.894
0.994966 -0.00505347 0.100655 19.703 0.00781686 0.999644 -0.0270954 -11.5104 -0.100482 0.0277443 0.994615 392.528
0.995046 -0.00436172 0.0996024 19.8776 0.00702553 0.999667 -0.0264228 -11.5771 -0.0994504 0.0269905 0.99474 394.117
0.995086 -0.00278654 0.099556 20.0331 0.00549526 0.999664 -0.0269581 -11.6352 -0.0994478 0.0273714 0.994731 395.782
0.994982 -0.00201907 0.100313 20.1824 0.00480298 0.99965 -0.0275318 -11.7052 -0.100219 0.0278743 0.994638 397.418
0.99507 -0.00189732 0.0997309 20.3552 0.0046527 0.999656 -0.0274184 -11.7753 -0.099645 0.0277458 0.994702 399.055
