0.999997 -0.00137935 -0.00191918 0.041824 0.00138198 0.999999 0.00140244 -0.00582701 0.00191768 -0.00140514 0.999998 0.350077
0.99971 -0.00201026 -0.0238812 0.419527 0.00214499 0.999983 0.00561491 -0.0943686 0.0238701 -0.00566467 0.999699 1.49144
0.999199 -0.00309632 -0.0400503 0.568384 0.00333948 0.999979 0.00601151 -0.120328 0.0400317 -0.00614032 0.999194 2.58127
0.99903 -0.00324613 -0.043807 0.548327 0.00351185 0.999978 0.00598443 -0.129179 0.0437885 -0.00613276 0.99902 3.88246
0.998911 -0.00427999 -0.0465487 0.518924 0.00461026 0.999968 0.00699625 -0.145639 0.0465182 -0.00720311 0.998904 5.19841
0.998748 -0.00671952 -0.0494488 0.506888 0.00712383 0.999946 0.00799986 -0.156052 0.0493942 -0.00834246 0.998743 6.52684
0.998665 -0.00643904 -0.0513227 0.469408 0.00686956 0.999946 0.00822234 -0.159807 0.0512679 -0.00856388 0.998661 7.91389
0.998577 -0.00627316 -0.0528525 0.429387 0.00663047 0.99996 0.00658281 -0.170469 0.052811 -0.00692418 0.99858 9.27619
0.998506 -0.0044117 -0.0545594 0.383413 0.00465938 0.999984 0.00441737 -0.185879 0.0545398 -0.00466491 0.998514 10.667
0.998556 -0.000722325 -0.0536588 0.281418 0.000901853 1 0.00331467 -0.196895 0.0536581 -0.00335863 0.998556 12.0093
0.998606 0.00187742 -0.0528624 0.182416 -0.00168256 0.999997 0.00373615 -0.217892 0.0528701 -0.00364196 0.998609 13.364
0.998645 0.00285244 -0.0519105 0.0877295 -0.00262844 0.999992 0.00437482 -0.229343 0.0519244 -0.00423287 0.998644 14.7233
0.998735 0.000777155 -0.0503905 -0.00949606 -0.000412261 0.999979 0.00725632 -0.244755 0.0503959 -0.00722626 0.998718 16.0911
0.998791 -0.00327483 -0.0489883 -0.10507 0.00371579 0.999958 0.00890429 -0.254463 0.0489589 -0.00907591 0.998762 17.4528
0.998845 -0.00614053 -0.0477732 -0.195127 0.00648901 0.999959 0.00714821 -0.272807 0.0477282 -0.00744992 0.998849 18.8296
0.99889 -0.00726957 -0.0465185 -0.291377 0.00752963 0.999963 0.00541136 -0.287249 0.0464794 -0.00575593 0.998908 20.1786
0.998966 -0.0051862 -0.045306 -0.370894 0.00539713 0.999982 0.00454574 -0.312407 0.0452823 -0.00478563 0.99898 21.563
0.999027 -0.00136103 -0.0440679 -0.446709 0.00166118 0.999983 0.00676907 -0.335665 0.0440598 -0.00683599 0.999011 22.9794
0.999093 -0.000641548 -0.0427183 -0.530316 0.00112211 0.999943 0.0112392 -0.360857 0.0427094 -0.0112768 0.99904 24.3989
0.999189 -0.00228635 -0.0401842 -0.619253 0.00283149 0.999913 0.013509 -0.368104 0.0401516 -0.0136122 0.999107 25.7918
0.9992 -0.00666298 -0.039617 -0.688256 0.00716256 0.999903 0.0124937 -0.384894 0.0395309 -0.0127674 0.999152 27.1994
0.999223 -0.00774642 -0.0386435 -0.765049 0.00818064 0.999913 0.0110821 -0.402638 0.0385561 -0.0113898 0.999198 28.587
0.99931 -0.00893623 -0.0363036 -0.854048 0.00928226 0.999921 0.00938878 -0.420369 0.0362179 -0.00971936 0.999314 29.9644
0.999401 -0.00536295 -0.0342272 -0.933523 0.00565747 0.999958 0.0085092 -0.429985 0.0341822 -0.00869796 0.999387 31.3656
0.999451 -0.00449774 -0.0331331 -1.00241 0.00472359 0.999975 0.00675647 -0.441206 0.0331028 -0.00690944 0.999446 32.7576
0.999506 -0.00422282 -0.0311875 -1.0686 0.00442689 0.999979 0.00647152 -0.453896 0.0311616 -0.00660657 0.999501 34.1392
0.999545 -0.00392327 -0.0302455 -1.13774 0.00415908 0.999969 0.00775514 -0.465212 0.0302152 -0.00787754 0.99953 35.5584
0.99953 -0.00303433 -0.0306027 -1.1885 0.00330516 0.999966 0.00880415 -0.471513 0.030577 -0.00890149 0.999503 36.9857
0.999519 -0.00120917 -0.0313168 -1.21495 0.00151024 0.999961 0.00960512 -0.489313 0.0313049 -0.00964794 0.999481 38.4268
0.999527 0.00174644 -0.0308327 -1.2729 -0.00145246 0.999964 0.0095568 -0.501835 0.0308505 -0.00950788 0.999488 39.8642
0.999517 0.00354587 -0.0311587 -1.32065 -0.00323834 0.999954 0.00993058 -0.511383 0.0311934 -0.00982508 0.999483 41.3407
0.999518 0.00574815 -0.0306691 -1.36911 -0.00544003 0.999945 0.0101241 -0.526327 0.0307277 -0.00995269 0.999488 42.783
0.999512 0.00447024 -0.0311965 -1.41145 -0.00416667 0.99995 0.00980497 -0.533744 0.0312397 -0.00967032 0.999485 44.2339
0.999501 0.00351835 -0.0315248 -1.46367 -0.00320946 0.999955 0.00985349 -0.548498 0.0315606 -0.00974761 0.999467 45.6714
0.999495 0.00359026 -0.0319179 -1.52208 -0.0032808 0.999954 0.00976162 -0.551063 0.0319524 -0.00965216 0.999465 47.0919
0.999457 0.00383556 -0.0328984 -1.57143 -0.00347328 0.999941 0.0110786 -0.559994 0.0329416 -0.0109585 0.999411 48.5629
0.999383 0.00389514 -0.0351974 -1.60393 -0.00350845 0.999939 0.0110606 -0.573474 0.0352393 -0.0109305 0.999341 50.0133
0.999323 0.00445138 -0.0366771 -1.65643 -0.00407573 0.999946 0.0103242 -0.564098 0.0367239 -0.0101679 0.999288 51.4765
0.999275 0.00470341 -0.0380371 -1.71406 -0.00433078 0.999949 0.00989358 -0.553114 0.0380826 -0.00972194 0.99925 52.9058
0.999264 0.00359695 -0.0383429 -1.778 -0.00321114 0.99995 0.0101383 -0.556388 0.0383804 -0.0100078 0.999227 54.3758
0.999263 0.00190333 -0.0385892 -1.83967 -0.0015113 0.999954 0.0102045 -0.566342 0.0386079 -0.0101389 0.999223 55.8325
0.999233 -0.000596873 -0.0393168 -1.90104 0.000979863 0.999959 0.00974996 -0.577207 0.0393124 -0.00978114 0.999193 57.2777
0.999291 -0.00187669 -0.0378408 -1.98569 0.00228579 0.999946 0.010791 -0.59701 0.0378196 -0.0108701 0.999246 58.7202
0.999352 -0.00392163 -0.0359818 -2.0649 0.00439434 0.999912 0.013102 -0.620954 0.0359303 -0.0132518 0.999281 60.1667
0.999345 -0.0064466 -0.0358553 -2.11199 0.00699807 0.999866 0.0152976 -0.643013 0.0357529 -0.0155388 0.999265 61.6226
0.99934 -0.00876246 -0.0355219 -2.14487 0.00931395 0.999848 0.0154198 -0.657505 0.0353836 -0.0157406 0.999266 63.0546
0.999355 -0.0106223 -0.0345855 -2.20547 0.0111332 0.99984 0.0146315 -0.66239 0.034425 -0.0150074 0.999321 64.4534
0.999423 -0.00965497 -0.0328719 -2.27695 0.0101134 0.999863 0.0138426 -0.665162 0.0327359 -0.0141671 0.99938 65.8795
0.999462 -0.00861368 -0.0319396 -2.33029 0.00905532 0.999874 0.0137276 -0.673126 0.0318177 -0.0140098 0.999423 67.3294
0.999568 -0.00469635 -0.0294225 -2.40997 0.00513563 0.999885 0.0149019 -0.685117 0.029351 -0.0150465 0.999472 68.7136
0.999604 -0.00133996 -0.0284151 -2.46824 0.00179244 0.999881 0.0159319 -0.682598 0.0283903 -0.0159768 0.999497 70.2074
0.999624 0.0032926 -0.0276877 -2.52395 -0.00286041 0.999883 0.0156681 -0.680653 0.0277378 -0.0155828 0.999512 71.6159
0.999644 0.0084946 -0.0256816 -2.60951 -0.00814983 0.999885 0.0135211 -0.657341 0.0257934 -0.0133072 0.999607 73.0923
0.999633 0.0118927 -0.0249242 -2.66258 -0.0115899 0.999865 0.0122928 -0.656529 0.0250687 -0.0119991 0.999632 74.5265
0.999614 0.0130617 -0.0249166 -2.69084 -0.012738 0.999845 0.0131179 -0.683199 0.0250837 -0.0127956 0.999636 75.9552
0.999636 0.0133769 -0.0239531 -2.74163 -0.0130768 0.999843 0.0126686 -0.67989 0.02412 -0.0123504 0.999652 77.4084
0.99964 0.0126779 -0.024087 -2.76639 -0.0124002 0.999865 0.0116569 -0.685917 0.0242311 -0.0113541 0.999674 78.8166
0.999643 0.0126528 -0.0240737 -2.80338 -0.0124508 0.999898 0.00854411 -0.672376 0.0241799 -0.00824083 0.999697 80.208
0.99968 0.0127427 -0.0223548 -2.88029 -0.0125886 0.999909 0.00702422 -0.666854 0.0224411 -0.00674047 0.999758 81.6115
0.999719 0.0105268 -0.0219282 -2.89555 -0.0103247 0.999917 0.009315 -0.715395 0.0220246 -0.00908533 0.99974 82.9369
0.99971 0.0106385 -0.0221292 -2.95836 -0.0104686 0.999928 0.00777725 -0.714488 0.0222083 -0.00754325 0.999758 84.3922
0.999748 0.0108945 -0.0201142 -3.04533 -0.0107498 0.999929 0.00729303 -0.721936 0.0201922 -0.00707428 0.999791 85.7657
0.999821 0.0110774 -0.0159243 -3.17714 -0.0109689 0.999929 0.00686382 -0.717112 0.0159965 -0.0066876 0.99988 87.1455
0.999863 0.00917735 -0.0145266 -3.21393 -0.00905652 0.999939 0.00833702 -0.751883 0.0146006 -0.00820353 0.999883 88.4589
0.999878 0.00756455 -0.0143519 -3.2771 -0.00746256 0.999962 0.00711282 -0.739678 0.0144017 -0.00700444 0.999904 89.899
0.999897 0.00555611 -0.0140274 -3.31005 -0.00545368 0.999974 0.00729972 -0.76134 0.0140657 -0.00722176 0.9999 91.2453
0.999937 0.0049321 -0.0110977 -3.39531 -0.00486833 0.999988 0.00571318 -0.763509 0.011122 -0.00565836 0.999956 92.6143
0.999917 0.00337535 -0.0133234 -3.37756 -0.00330685 0.999998 0.00513952 -0.783101 0.0133388 -0.00509429 0.999924 94.0259
0.999929 0.00400373 -0.0121753 -3.4183 -0.00395658 1 0.00382936 -0.791835 0.0121869 -0.00378039 0.999954 95.4874
0.999971 0.00377324 -0.00817657 -3.50142 -0.00376036 1.00001 0.00153553 -0.78704 0.00818014 -0.00150389 0.999993 96.88
0.999968 0.0048395 -0.00798245 -3.52445 -0.00482466 1 0.00171498 -0.828895 0.00798696 -0.00167578 1 98.2214
0.999968 0.00597119 -0.0072531 -3.5514 -0.0059605 0.999999 0.00138815 -0.841793 0.0072588 -0.00134406 1 99.6092
0.999966 0.00578748 -0.00763468 -3.54932 -0.00576203 0.999997 0.00315894 -0.871257 0.00764883 -0.00311415 1 100.994
0.999915 0.00675194 -0.0123311 -3.50009 -0.00667639 0.999978 0.00609216 -0.921327 0.0123693 -0.00600856 0.999937 102.304
0.999915 0.00600027 -0.0126338 -3.52566 -0.00595288 0.999996 0.00366359 -0.926996 0.0126516 -0.00358741 0.999951 103.678
0.9999 0.0055525 -0.0139298 -3.5249 -0.00553786 1 0.00103825 -0.948807 0.013933 -0.000960192 0.999934 105.034
0.999921 0.00655343 -0.0119236 -3.58962 -0.00656051 1 -0.000671913 -0.961523 0.0119149 0.000750652 0.999968 106.377
0.999947 0.00374481 -0.0107308 -3.63798 -0.00373741 1.00002 0.000607331 -0.987341 0.0107301 -0.000566222 0.999975 107.659
0.999976 0.00231348 -0.00820251 -3.68932 -0.00229729 1.00002 0.00175091 -0.997723 0.00820217 -0.0017313 1 109.061
0.999987 0.000694906 -0.00704433 -3.72557 -0.000681101 1.00002 0.00176632 -1.004 0.00704256 -0.00176056 1.00001 110.406
0.999988 -0.0010462 -0.0070157 -3.72246 0.00104954 1.00002 0.000160792 -1.02771 0.00701085 -0.000167473 1.00002 111.742
1.00001 0.000821337 -0.00492783 -3.75904 -0.000827112 1.00002 -0.00160094 -1.06402 0.00492324 0.00160613 1.00002 113.099
0.999999 0.00426985 -0.0016326 -3.8049 -0.00427639 1 -0.00532571 -1.0655 0.00160493 0.00533346 1.00002 114.513
0.999989 0.00756068 0.000684854 -3.82595 -0.00755498 0.999982 -0.00525559 -1.0981 -0.000728 0.00525136 1.00002 115.847
0.999971 0.00859033 0.00205254 -3.83061 -0.00858344 0.999986 -0.00232886 -1.14043 -0.00207755 0.00231199 1.00003 117.189
0.999984 0.0077651 0.00215414 -3.8164 -0.00776492 0.999995 0.000842994 -1.17884 -0.00215104 -0.000858662 1.00004 118.555
0.999973 0.00764419 0.00412447 -3.85008 -0.00764676 0.999996 0.00114655 -1.19796 -0.0041209 -0.00117717 1.00003 119.896
0.999948 0.0093254 0.00704711 -3.87109 -0.00931469 0.999982 -0.00127089 -1.19669 -0.00706237 0.00120623 1.00001 121.255
0.999821 0.017103 0.00930664 -3.89239 -0.0170564 0.999868 -0.00483983 -1.20173 -0.00939339 0.00468111 0.999982 122.583
0.999721 0.0204225 0.0132286 -3.94264 -0.0203193 0.999791 -0.00774532 -1.20044 -0.0133877 0.00747545 0.999923 123.933
0.999649 0.0212206 0.0165106 -3.91832 -0.0211009 0.999777 -0.00726897 -1.26821 -0.0166665 0.0069188 0.999878 125.144
0.999609 0.0221053 0.0182505 -3.90748 -0.0219624 0.999754 -0.00788753 -1.30583 -0.018425 0.00748478 0.999841 126.503
0.999612 0.020439 0.0195484 -3.87702 -0.0203012 0.999795 -0.00713413 -1.35751 -0.0196962 0.00673524 0.999826 127.83
0.999563 0.0214728 0.0211966 -3.87903 -0.021317 0.999772 -0.00745328 -1.3747 -0.0213567 0.00699935 0.99979 129.182
0.999551 0.0189899 0.0236926 -3.86493 -0.0188147 0.999821 -0.00752496 -1.38975 -0.0238373 0.00707656 0.999733 130.493
0.999573 0.017814 0.0239438 -3.83228 -0.0176545 0.999849 -0.0067726 -1.43066 -0.024066 0.00634814 0.999734 131.859
0.999615 0.0150984 0.0237949 -3.80139 -0.0149495 0.999894 -0.00634738 -1.46678 -0.0238945 0.00598996 0.999739 133.227
0.999661 0.0133995 0.0231145 -3.7612 -0.0132823 0.999927 -0.00512929 -1.5064 -0.0231866 0.00482177 0.999763 134.61
0.999677 0.011546 0.0231938 -3.75138 -0.0114116 0.999945 -0.0058347 -1.52746 -0.0232661 0.0055689 0.999757 136.022
0.999671 0.010569 0.0241869 -3.75642 -0.0104233 0.999956 -0.00605797 -1.56129 -0.0242551 0.00580505 0.999733 137.374
0.999679 0.00966981 0.0239386 -3.74243 -0.009558 0.99997 -0.00469981 -1.59941 -0.0239896 0.00447025 0.999746 138.748
0.999706 0.00794352 0.0237446 -3.73152 -0.00783581 0.999988 -0.00453917 -1.62917 -0.0237857 0.00435294 0.999752 140.128
0.999708 0.00775733 0.0233742 -3.7207 -0.00764753 0.999986 -0.00469449 -1.66126 -0.0234167 0.00451513 0.999758 141.509
0.999695 0.00921332 0.0237214 -3.70738 -0.00907487 0.999969 -0.00585199 -1.69661 -0.02378 0.00563609 0.999745 142.895
0.999652 0.00919987 0.0252443 -3.71987 -0.00904056 0.999965 -0.00633585 -1.72501 -0.0253081 0.00610618 0.999706 144.275
0.999663 0.0071745 0.0257112 -3.71369 -0.00693844 0.99996 -0.00918401 -1.75207 -0.0257815 0.00900364 0.999672 145.659
0.999681 0.0018332 0.0257278 -3.69618 -0.00156034 0.999971 -0.0105408 -1.77083 -0.0257529 0.0104981 0.999659 147.05
0.999695 -0.0058663 0.0248479 -3.65857 0.00607599 0.999973 -0.00827971 -1.80975 -0.0248041 0.00842936 0.999702 148.388
0.999643 -0.0119939 0.0244802 -3.64548 0.0121827 0.999928 -0.00749215 -1.83582 -0.0243949 0.00778838 0.99972 149.76
0.999617 -0.0153892 0.0239357 -3.61545 0.015654 0.999846 -0.0108214 -1.87048 -0.0237709 0.0111933 0.9997 151.144
0.999598 -0.0147537 0.0249384 -3.60241 0.0150951 0.999831 -0.0134763 -1.91725 -0.0247408 0.0138479 0.999654 152.48
0.999607 -0.0120191 0.0261434 -3.57902 0.0124109 0.99984 -0.0147942 -1.9706 -0.0259668 0.0151142 0.999594 153.865
0.999588 -0.0126203 0.0264774 -3.53939 0.0130168 0.999842 -0.0147752 -2.01389 -0.0262923 0.0151142 0.999596 155.252
0.9995 -0.0161144 0.0280305 -3.52657 0.0164509 0.999823 -0.0117314 -2.05252 -0.0278418 0.012188 0.999585 156.59
0.999392 -0.0220921 0.0276763 -3.46656 0.0223465 0.999747 -0.00884099 -2.09416 -0.0274793 0.00945451 0.999634 157.986
0.999314 -0.0251573 0.0280171 -3.41933 0.025379 0.999677 -0.00748633 -2.13491 -0.027825 0.00819356 0.999626 159.331
0.999214 -0.0262805 0.0302946 -3.42347 0.0265258 0.999655 -0.00765498 -2.16645 -0.0300883 0.00845294 0.999569 160.683
0.999203 -0.0241393 0.0325036 -3.40627 0.0243909 0.999704 -0.00728565 -2.19572 -0.0323233 0.00807394 0.999494 162.055
0.999222 -0.0205411 0.0342416 -3.38105 0.0208025 0.999794 -0.00723488 -2.23965 -0.0340911 0.00794194 0.999446 163.425
0.999208 -0.0167748 0.0367387 -3.36211 0.0171583 0.999831 -0.0100771 -2.26846 -0.0365688 0.0107007 0.999324 164.788
0.999182 -0.0137642 0.0385314 -3.34677 0.0141829 0.99988 -0.0105591 -2.30284 -0.0383866 0.0110973 0.999258 166.144
0.999052 -0.0124522 0.0423078 -3.34888 0.0128618 0.999904 -0.00936489 -2.3371 -0.0421925 0.00990131 0.999112 167.512
0.999011 -0.0104824 0.043652 -3.32701 0.0109345 0.999925 -0.0100823 -2.36493 -0.0435481 0.01055 0.999054 168.885
0.999 -0.00869614 0.0444236 -3.28582 0.00925621 0.999913 -0.0123596 -2.40628 -0.0443174 0.0127596 0.998989 170.284
0.999035 -0.00541151 0.0440753 -3.24182 0.0060406 0.999918 -0.0141105 -2.45784 -0.0440005 0.0143633 0.998987 171.659
0.999019 -0.000614561 0.0448784 -3.20479 0.00128895 0.999922 -0.014945 -2.50525 -0.0448714 0.0149894 0.998934 173.05
0.998903 0.0047406 0.0470231 -3.18871 -0.00410574 0.999936 -0.0135529 -2.54851 -0.0470898 0.0133451 0.998861 174.408
0.998891 0.00812872 0.04702 -3.12325 -0.00762805 0.99995 -0.0107629 -2.60371 -0.047111 0.0103934 0.998891 175.836
0.998523 0.00977451 0.0539792 -3.15356 -0.00926464 0.99995 -0.00965756 -2.62504 -0.0540754 0.00914305 0.998571 177.22
0.998559 0.00710092 0.0537506 -3.08963 -0.00659895 0.999972 -0.0094658 -2.65173 -0.0538219 0.0090985 0.998565 178.62
0.998668 0.00410577 0.0520104 -3.01749 -0.00367378 0.999997 -0.00836798 -2.69942 -0.0520491 0.00816566 0.998689 180.03
0.998677 0.0041616 0.0518305 -2.96992 -0.00351931 0.999957 -0.0124296 -2.73931 -0.0518854 0.012232 0.998635 181.447
0.998624 0.00618025 0.0527055 -2.93787 -0.00527222 0.999881 -0.0173188 -2.77399 -0.0528106 0.0170169 0.998536 182.848
0.998536 0.0101772 0.0537067 -2.89202 -0.00924498 0.999844 -0.0175306 -2.82107 -0.0538822 0.0170096 0.998461 184.266
0.998542 0.0129867 0.0530117 -2.81793 -0.0121377 0.999841 -0.0162789 -2.87067 -0.053219 0.0156116 0.998539 185.627
0.99848 0.0147868 0.0536968 -2.76014 -0.0141201 0.99986 -0.0127283 -2.91666 -0.0538829 0.0119519 0.998535 186.987
0.998363 0.0152154 0.0557219 -2.71536 -0.0146532 0.999884 -0.0104599 -2.96167 -0.055879 0.00962623 0.99847 188.372
0.998377 0.0149247 0.0555452 -2.63233 -0.0144168 0.999892 -0.00948859 -3.00891 -0.0556862 0.00867357 0.99847 189.739
0.998392 0.0127704 0.0558083 -2.5578 -0.0123063 0.999931 -0.00863254 -3.04735 -0.0559194 0.00793188 0.99848 191.204
0.998392 0.0100996 0.0563732 -2.49228 -0.00964414 0.999961 -0.00830009 -3.08617 -0.0564603 0.00774422 0.998435 192.641
0.998394 0.00715116 0.0567639 -2.42237 -0.00670497 0.99999 -0.00802617 -3.1243 -0.0568254 0.00763272 0.998432 194.076
0.998364 0.00446235 0.05758 -2.34608 -0.00404813 1.00001 -0.00726353 -3.1529 -0.0576181 0.00701973 0.998375 195.548
0.998301 -0.000400537 0.0588182 -2.27809 0.000754987 1.00003 -0.00598741 -3.18603 -0.0588219 0.00602177 0.998328 196.977
0.998236 -0.00231591 0.0598655 -2.20174 0.00273591 1.00002 -0.00689098 -3.20837 -0.0598554 0.00704384 0.998245 198.438
0.998263 -3.49368e-05 0.059469 -2.11942 0.00071471 0.999981 -0.0113938 -3.24126 -0.0594718 0.0114166 0.998243 199.881
0.998196 0.0083454 0.0600113 -2.05388 -0.00734826 0.999874 -0.0167796 -3.27634 -0.0601489 0.0163095 0.998119 201.327
0.998053 0.0166405 0.0606297 -1.98255 -0.0156599 0.999786 -0.0166056 -3.32457 -0.0608968 0.0156239 0.9981 202.764
0.99775 0.0239922 0.063151 -1.93806 -0.0232287 0.999695 -0.0127667 -3.37042 -0.0634427 0.011272 0.997987 204.212
0.997649 0.0247028 0.06444 -1.86544 -0.0240603 0.9997 -0.0107299 -3.40732 -0.064689 0.00915427 0.997944 205.663
0.997669 0.0233428 0.0646813 -1.78223 -0.0227 0.999732 -0.0106308 -3.43959 -0.0649168 0.00913889 0.997914 207.157
0.997698 0.0197724 0.0653895 -1.7401 -0.0191289 0.99981 -0.0104531 -3.48082 -0.0655869 0.0091783 0.997885 208.59
0.997764 0.0172678 0.0651238 -1.66115 -0.016629 0.999855 -0.0103145 -3.52763 -0.065297 0.00920969 0.997889 210.068
0.997689 0.0178544 0.0660807 -1.59759 -0.017193 0.999843 -0.0105635 -3.57393 -0.0662622 0.00940309 0.997838 211.536
0.997445 0.0192806 0.0693248 -1.56676 -0.0186304 0.999826 -0.00999382 -3.61639 -0.0695086 0.00867797 0.997614 212.997
0.997374 0.0196862 0.0702096 -1.48835 -0.0191397 0.999829 -0.00844817 -3.66572 -0.070367 0.00708235 0.997577 214.477
0.997362 0.0190145 0.0705795 -1.39322 -0.0184926 0.999845 -0.00802353 -3.7159 -0.0707245 0.00669841 0.997544 215.957
0.997427 0.0181661 0.0698672 -1.28052 -0.0175882 0.999853 -0.00887453 -3.75235 -0.0700212 0.00762296 0.9976 217.477
0.997498 0.0170986 0.0691311 -1.18305 -0.0165367 0.999873 -0.00867288 -3.79483 -0.0692736 0.00750907 0.997641 218.953
0.99753 0.0165582 0.0687826 -1.08614 -0.0160556 0.999887 -0.00785278 -3.84449 -0.0689076 0.00672917 0.997685 220.448
0.99757 0.0166678 0.0681918 -0.986032 -0.0162086 0.99989 -0.00726549 -3.89522 -0.0683077 0.00614362 0.997723 221.954
0.997566 0.0164587 0.0683075 -0.911059 -0.0159934 0.999891 -0.00735851 -3.93155 -0.0684236 0.00624828 0.997724 223.414
0.997656 0.0169995 0.0668493 -0.795208 -0.016557 0.999886 -0.00714984 -3.97551 -0.0669654 0.00602738 0.997815 224.929
0.997726 0.0165701 0.0658837 -0.683675 -0.0161427 0.999891 -0.0070214 -4.01692 -0.0659952 0.005942 0.997889 226.487
0.997788 0.0162679 0.0650298 -0.58664 -0.0158403 0.999897 -0.00706602 -4.05193 -0.0651403 0.00602146 0.997936 227.984
0.997841 0.0160899 0.0642521 -0.48586 -0.0156465 0.999894 -0.00740573 -4.08824 -0.0643671 0.00638446 0.997991 229.53
0.997811 0.0148219 0.0650241 -0.402871 -0.014331 0.999913 -0.00799159 -4.11516 -0.0651392 0.00704341 0.997929 231.064
0.997744 0.0167028 0.065589 -0.318155 -0.0161488 0.999872 -0.00897558 -4.14404 -0.0657333 0.0078962 0.99789 232.584
0.997674 0.0154151 0.0669525 -0.256079 -0.0148673 0.9999 -0.00865356 -4.17044 -0.0670815 0.00763925 0.997794 234.096
0.997652 0.0153104 0.0673088 -0.166598 -0.0148026 0.999901 -0.00804482 -4.21262 -0.0674281 0.00702961 0.997783 235.632
0.997635 0.0159118 0.0674214 -0.0614842 -0.015373 0.999892 -0.0084875 -4.2511 -0.0675516 0.0074321 0.997766 237.176
0.997414 0.0173914 0.0702817 -0.0106408 -0.0166987 0.999849 -0.010438 -4.27336 -0.0704559 0.00923748 0.997553 238.672
0.997186 0.0187565 0.0731091 0.0698521 -0.0180264 0.999825 -0.0106171 -4.30058 -0.0732984 0.00927041 0.997347 240.113
0.996951 0.0185674 0.0763153 0.168261 -0.0179602 0.999844 -0.00864085 -4.33651 -0.0764672 0.00724403 0.997128 241.527
0.99664 0.0174331 0.0805728 0.251049 -0.0169139 0.999875 -0.00710883 -4.38909 -0.0806901 0.00572304 0.996808 242.896
0.996526 0.0180918 0.0817562 0.354709 -0.0174041 0.99985 -0.00912314 -4.42096 -0.0819126 0.0076687 0.996692 244.471
0.996497 0.018329 0.0821205 0.483904 -0.0175523 0.999837 -0.0101572 -4.46502 -0.082297 0.00868104 0.996654 245.998
0.996595 0.0187433 0.0807655 0.646833 -0.0180811 0.99984 -0.00892762 -4.52748 -0.0809235 0.00743701 0.996776 247.578
0.996762 0.0183556 0.0788432 0.819638 -0.0178551 0.999858 -0.00703618 -4.5861 -0.0789647 0.0056065 0.996946 249.122
0.996811 0.0182249 0.0781715 0.944477 -0.0177667 0.999863 -0.00656092 -4.62635 -0.078284 0.00515098 0.997002 250.696
0.996808 0.0184679 0.0782343 1.05141 -0.0180515 0.999862 -0.0060131 -4.67182 -0.0783383 0.00458245 0.997001 252.241
0.996725 0.0199728 0.0788348 1.15595 -0.0195583 0.999832 -0.00603557 -4.70278 -0.0789458 0.00447372 0.996954 253.823
0.996652 0.0209302 0.079565 1.25587 -0.0205184 0.999813 -0.00597673 -4.73645 -0.0796789 0.00432491 0.996896 255.345
0.996702 0.0206567 0.0789574 1.382 -0.0203151 0.999823 -0.00513741 -4.78307 -0.0790534 0.00351626 0.99695 256.898
0.996803 0.0196175 0.0779912 1.53174 -0.0192507 0.999842 -0.005439 -4.82305 -0.0780895 0.00392098 0.997024 258.379
0.996932 0.0173237 0.0768308 1.6732 -0.0171056 0.99989 -0.00350853 -4.87815 -0.0768869 0.00218331 0.997123 259.968
0.996927 0.0153332 0.077373 1.78706 -0.0150976 0.999922 -0.00361634 -4.89855 -0.0774264 0.0024376 0.997081 261.518
0.996989 0.0142113 0.0767599 1.91246 -0.0138566 0.999934 -0.00516372 -4.91896 -0.0768319 0.00408444 0.997123 263.084
0.997006 0.0132671 0.0767153 2.02586 -0.0127877 0.999938 -0.00672365 -4.94663 -0.0768036 0.00572299 0.997116 264.644
0.996778 0.00963223 0.0801418 2.08026 -0.00936224 0.999994 -0.00375325 -4.99085 -0.0801811 0.00299065 0.996863 266.175
0.996781 0.00721123 0.0803425 2.20466 -0.00710085 1.00002 -0.00165009 -5.03203 -0.0803594 0.00107467 0.996853 267.748
0.996951 0.0064147 0.0782984 2.36185 -0.006281 1.00002 -0.00196082 -5.07509 -0.0783165 0.00146288 0.997017 269.368
0.99723 0.00606667 0.0747019 2.55113 -0.00596529 1.00002 -0.00156948 -5.1281 -0.0747169 0.0011198 0.997294 271.013
0.997036 0.00602204 0.0772421 2.63124 -0.0059714 1.00003 -0.000894205 -5.16609 -0.0772533 0.000430155 0.997101 272.534
0.99708 0.00774189 0.0765487 2.77656 -0.00772818 1.00001 -0.000466636 -5.20192 -0.0765573 -0.000126005 0.997155 274.129
0.997037 0.00743397 0.0771241 2.88995 -0.00755095 1.00002 0.0012155 -5.25092 -0.0771201 -0.00179437 0.997111 275.684
0.996904 0.00642276 0.0789313 2.99693 -0.00669667 1.00001 0.00321142 -5.29832 -0.0789165 -0.00372981 0.996959 277.242
0.996808 0.00874799 0.0798707 3.11073 -0.00891154 0.999979 0.00168135 -5.31122 -0.0798605 -0.00238792 0.996886 278.794
0.996648 0.0088964 0.0818904 3.21287 -0.00903482 0.999993 0.00131802 -5.33888 -0.0818848 -0.00205347 0.996725 280.319
0.996531 0.00678134 0.0834452 3.31473 -0.00691375 0.999996 0.00129079 -5.36611 -0.0834426 -0.00186331 0.996594 281.933
0.996204 0.00543319 0.0875015 3.42303 -0.00569927 1.00001 0.00278245 -5.40727 -0.0874955 -0.0032708 0.99625 283.423
0.99615 0.00325764 0.0880765 3.55078 -0.0036637 1.00001 0.00444628 -5.43164 -0.0880695 -0.00475201 0.996187 285.06
0.996103 0.0028446 0.0887677 3.66916 -0.00319715 1.00002 0.00381967 -5.4418 -0.0887669 -0.00408884 0.996136 286.612
0.996045 0.00173588 0.0893128 3.78989 -0.00186601 1.00002 0.00136892 -5.46015 -0.0893192 -0.00153031 0.996087 288.164
0.996116 0.00069926 0.0886597 3.93654 -0.000614551 1.00003 -0.000992497 -5.48175 -0.0886714 0.000933927 0.996154 289.75
0.996124 0.000454127 0.0884305 4.06494 -0.000394503 1.00002 -0.000696932 -5.5082 -0.0884398 0.000659225 0.996166 291.324
0.996181 0.000477698 0.0879417 4.19631 -0.000265892 1.00003 -0.00243321 -5.5106 -0.087954 0.00240013 0.996219 292.904
0.996116 0.00176136 0.088499 4.31125 -0.00141591 1.00001 -0.00397202 -5.53304 -0.0885144 0.003831 0.996156 294.473
0.996095 0.00145882 0.0888899 4.43827 -0.00102109 1.00002 -0.00498419 -5.5498 -0.0889072 0.00487352 0.996126 296.065
0.996144 0.00147838 0.0882066 4.57594 -0.00108295 1.00001 -0.00453785 -5.58467 -0.0882216 0.00442453 0.99618 297.709
0.996212 0.000729029 0.0875701 4.70496 -0.000364909 1.00003 -0.00418911 -5.62049 -0.0875836 0.00414083 0.996246 299.314
0.996308 0.000256756 0.0863445 4.85424 3.46674e-05 1.00002 -0.00338227 -5.64444 -0.0863542 0.00337248 0.996348 300.884
0.996314 0.00191276 0.086382 4.97768 -0.00169905 1.00003 -0.00256237 -5.66775 -0.0863976 0.00240568 0.996355 302.487
0.996276 0.00224138 0.0866871 5.11651 -0.00200833 1.00002 -0.00278598 -5.69446 -0.0867024 0.00260117 0.996321 304.128
0.996385 0.00187658 0.0855688 5.28239 -0.00160308 1.00003 -0.00328012 -5.72095 -0.0855854 0.00313056 0.996424 305.784
0.996361 0.000497451 0.0857428 5.42484 -0.000195955 1.00002 -0.00353479 -5.74754 -0.0857539 0.00350476 0.9964 307.407
0.996353 -0.00112185 0.0859326 5.56565 0.00153436 1.00002 -0.00475079 -5.7695 -0.0859374 0.00486487 0.996385 309.033
0.996339 -0.00307895 0.0859472 5.70305 0.00372485 0.99999 -0.00736743 -5.79371 -0.0859317 0.00766025 0.99636 310.651
0.996382 -0.00360134 0.0855307 5.83527 0.00435194 0.999983 -0.00861161 -5.82732 -0.0855069 0.00895226 0.996392 312.261
0.996684 -0.00362304 0.0818186 5.97764 0.00438103 0.999972 -0.00909731 -5.87535 -0.0817913 0.00942528 0.996692 313.828
0.996895 -0.0024712 0.0793687 6.1138 0.00312977 0.99999 -0.00819819 -5.91702 -0.0793564 0.00842074 0.996906 315.502
0.996992 -0.0015458 0.0780303 6.25431 0.00189009 1.00001 -0.00434881 -5.96667 -0.0780322 0.00448286 0.997028 317.153
0.996928 -0.00320709 0.078922 6.36637 0.00325152 1.00002 -0.000456183 -6.01254 -0.078931 0.000710829 0.996977 318.837
0.99689 -0.00353125 0.079254 6.46133 0.0034761 1.00002 0.000823753 -6.04233 -0.0792658 -0.000546166 0.996941 320.45
0.996883 -0.00408083 0.07946 6.58039 0.00406476 1.00002 0.00034156 -6.07718 -0.0794713 -1.80596e-05 0.996934 322.081
0.996971 -0.00582972 0.0781149 6.72229 0.00583521 1.00001 0.000147123 -6.1023 -0.0781235 0.000308491 0.997033 323.691
0.997152 -0.00554976 0.0759178 6.86628 0.0053859 1.00001 0.00233909 -6.15782 -0.0759399 -0.00192411 0.997208 325.303
0.99712 -0.00568491 0.0762029 6.99256 0.00556648 1.00001 0.00175601 -6.17395 -0.0762202 -0.00132752 0.99718 326.995
0.997025 -0.00302156 0.0776997 7.07663 0.00299629 1.00003 0.000418007 -6.19222 -0.0777109 -0.000184515 0.997074 328.647
0.997053 -0.00211484 0.077268 7.20115 0.00219454 1.00002 -0.000955917 -6.20728 -0.0772745 0.00112191 0.997099 330.28
0.997063 -0.00386825 0.0771759 7.34609 0.00381286 1.00002 0.000839297 -6.24242 -0.0771885 -0.000543139 0.997116 331.959
0.997114 -0.0045253 0.0763741 7.46526 0.00441535 1.00002 0.0015989 -6.27674 -0.076389 -0.00125786 0.997168 333.559
0.997118 -0.00595342 0.0763422 7.58641 0.0058656 1.00001 0.00135064 -6.31379 -0.0763588 -0.000899465 0.99718 335.203
0.997235 -0.00501749 0.0747582 7.72006 0.00489617 1.00001 0.0017969 -6.34288 -0.0747747 -0.00142668 0.997291 336.845
0.997308 -0.00344626 0.0740134 7.83825 0.00345183 1.00002 2.75416e-05 -6.375 -0.0740229 0.000227468 0.997358 338.482
0.997385 -0.00200491 0.0728868 7.95393 0.00222727 1.00002 -0.00297837 -6.40143 -0.0728887 0.00313228 0.997428 340.112
0.997404 -0.000618625 0.0727814 8.05524 0.000823114 1.00003 -0.0028048 -6.42747 -0.0727892 0.00285692 0.997444 341.745
0.997274 -0.000326811 0.0744247 8.1409 0.000363998 1.00003 -0.000490636 -6.45201 -0.0744334 0.000515818 0.997321 343.372
0.997493 0.000559636 0.0715658 8.25825 -0.000736306 1.00003 0.00241654 -6.4765 -0.0715741 -0.00246386 0.997533 344.985
0.997661 0.000826166 0.06905 8.37795 -0.000859069 1.00003 0.000442908 -6.48798 -0.0690582 -0.000501791 0.99771 346.626
0.997822 6.08327e-05 0.0668507 8.48783 3.72987e-05 1.00003 -0.00148788 -6.51016 -0.0668603 0.00148663 0.997863 348.241
0.997944 -0.00234857 0.0647846 8.59841 0.00242997 1.00003 -0.00117753 -6.53346 -0.0647902 0.00133208 0.997996 349.814
0.997965 -0.00340033 0.0645966 8.68267 0.00351332 1.00002 -0.00165911 -6.55417 -0.0646001 0.00188221 0.998013 351.437
0.997971 -0.00399403 0.0642916 8.78254 0.00417634 1.00002 -0.00270133 -6.58277 -0.0642886 0.00296394 0.998025 353.084
0.997987 -0.0036259 0.0642268 8.87632 0.00395265 1.00001 -0.00498256 -6.60139 -0.0642168 0.00522586 0.998028 354.713
0.997994 -0.00400824 0.0639446 8.97192 0.00436419 1.00001 -0.00542745 -6.63515 -0.0639299 0.00569527 0.998037 356.324
0.998008 -0.0049201 0.0638149 9.07692 0.00532429 0.999999 -0.00618841 -6.66446 -0.0637917 0.00651535 0.998048 357.948
0.99801 -0.00445357 0.0636615 9.17541 0.00496521 0.999987 -0.00787948 -6.68961 -0.0636323 0.00817961 0.998037 359.559
0.997998 -0.00477703 0.0639689 9.26632 0.0053298 0.999981 -0.00849437 -6.73631 -0.0639344 0.0088179 0.998021 361.191
0.998002 -0.006523 0.0636152 9.38321 0.00703987 0.999975 -0.00790432 -6.78391 -0.0635687 0.00833608 0.998041 362.81
0.998026 -0.00537265 0.0634916 9.48384 0.00595035 0.999975 -0.00893494 -6.82095 -0.0634493 0.00929472 0.998049 364.465
0.998035 -0.00713916 0.0630459 9.58521 0.00780277 0.999949 -0.0102874 -6.85982 -0.0629758 0.0107589 0.998056 366.067
0.998014 -0.00951283 0.063191 9.68267 0.0100738 0.999946 -0.00858811 -6.90001 -0.0631129 0.00920726 0.998073 367.717
0.99794 -0.0110761 0.0639687 9.7639 0.0116257 0.999931 -0.00822974 -6.93388 -0.0638797 0.00895627 0.998017 369.346
0.99787 -0.0106827 0.0652254 9.83081 0.0113491 0.99992 -0.00987923 -6.9661 -0.065122 0.0105981 0.997928 370.926
0.997856 -0.0105779 0.065355 9.93364 0.0112391 0.999921 -0.00976182 -7.01391 -0.0652534 0.0104751 0.997913 372.511
0.997874 -0.00931506 0.065378 10.0387 0.00993173 0.999943 -0.00913904 -7.05343 -0.0652966 0.00976855 0.997924 374.162
0.997785 -0.00803419 0.0667975 10.1164 0.00865562 0.999954 -0.00902114 -7.08882 -0.0667289 0.00957892 0.997826 375.783
0.997727 -0.00722625 0.0678284 10.2041 0.00791056 0.999953 -0.00984968 -7.11929 -0.0677615 0.0103635 0.997753 377.404
0.997693 -0.00763873 0.0682168 10.2963 0.00837327 0.999943 -0.01049 -7.16654 -0.0681396 0.0110367 0.997715 379.015
0.997613 -0.00772175 0.0694583 10.3778 0.00846279 0.999943 -0.0104085 -7.21483 -0.0693816 0.0109711 0.997637 380.618
0.997573 -0.00694993 0.0700313 10.4926 0.00772393 0.999945 -0.0107913 -7.25852 -0.0699595 0.0113057 0.997588 382.265
0.997573 -0.00454102 0.0703241 10.6054 0.0053722 0.99995 -0.011662 -7.29138 -0.0702754 0.0120111 0.997563 383.906
0.997467 -0.00391124 0.0717671 10.699 0.00457049 0.999982 -0.00902349 -7.3612 -0.0717378 0.00932826 0.997482 385.519
0.997487 -0.00336036 0.0715767 10.8228 0.00401319 0.999985 -0.00900379 -7.40834 -0.0715531 0.00926796 0.997501 387.137
0.99742 -0.00152745 0.0725413 10.9286 0.00226405 0.999981 -0.0100691 -7.44515 -0.0725321 0.0102069 0.997418 388.766
0.997409 -0.000130671 0.0727532 11.0438 0.00095983 0.99997 -0.0113827 -7.4697 -0.0727574 0.0114225 0.997392 390.405
0.997507 -0.000342632 0.0713566 11.1787 0.00101064 0.999992 -0.00932484 -7.52772 -0.0713602 0.00937317 0.997514 391.99
0.997513 0.00103155 0.0713248 11.2867 -0.000349843 0.99999 -0.00959094 -7.56013 -0.0713423 0.00954158 0.997514 393.663
0.997487 8.79334e-05 0.0716339 11.3975 0.000626358 0.999986 -0.00994875 -7.59829 -0.0716413 0.00996811 0.997488 395.283
0.997532 0.0002823 0.0710508 11.5233 0.000423188 0.999987 -0.00993698 -7.63817 -0.0710611 0.00994195 0.997531 396.926
