0.999996 -0.00250395 -0.00157076 -0.00734683 0.00250872 0.999992 0.0030799 -0.0283731 0.00156304 -0.00308392 0.999995 1.52452
1 -0.000274335 0.000474822 -0.00518364 0.000273369 0.999998 0.00199099 -0.0135084 -0.000475386 -0.00199082 0.999997 1.52286
0.999998 0.000708902 -0.00189665 -0.0146913 -0.000708683 1 0.000123233 -0.0183304 0.00189668 -0.00012192 0.999999 1.53747
1 0.000467547 0.00013276 -0.0078866 -0.000467662 1 0.000473643 -0.0104988 -0.000132549 -0.000473711 0.999999 1.49016
0.999997 -0.00074323 -0.00266601 -0.00975798 0.000746431 0.999999 0.00114698 -0.0161378 0.00266508 -0.0011487 0.999997 1.54179
0.999999 -0.000385614 -0.00134543 -0.0118244 0.000385567 1 6.05638e-05 -0.0245084 0.00134541 -6.13571e-05 0.999999 1.5092
1 -0.00116893 0.000187063 -0.00485948 0.00116896 1 0.00073526 -0.0253299 -0.000187936 -0.00073472 1 1.48115
0.999995 -0.00154276 -0.00268156 -0.00438268 0.00154338 0.999998 0.000272748 -0.0161453 0.0026811 -0.000277166 0.999996 1.51198
0.999999 -0.00143038 -0.000940994 -0.00255281 0.00143131 0.999999 0.000846589 -0.013096 0.00093983 -0.000847654 0.999999 1.50917
1 0.000679777 0.000657032 -0.00901004 -0.000680113 1 0.000277472 -0.0169628 -0.000656949 -0.000278212 1 1.47135
0.999998 0.0010888 -0.00139472 -0.0158598 -0.00108667 0.999999 0.00140658 -0.0123682 0.00139638 -0.00140474 0.999998 1.50735
0.999999 0.00145145 -0.000207073 -0.0108031 -0.00145138 0.999998 0.00129694 -0.0131916 0.000208838 -0.00129693 0.999999 1.47917
0.999998 0.00105962 0.00166127 -0.00359903 -0.00106077 0.999999 0.000806324 -0.0103478 -0.00166029 -0.000807833 0.999998 1.48619
0.999999 0.000707073 -0.00177267 -0.00889137 -0.000704547 0.999998 0.00154672 -0.00775127 0.00177363 -0.0015457 0.999998 1.49113
0.999999 0.000535911 0.00120279 0.00641125 -0.000535918 1 0.000183738 -0.0111936 -0.00120258 -0.000184092 0.999999 1.49933
0.999998 0.00165809 -0.00126112 -0.00894564 -0.00165812 0.999998 0.00014265 -0.0174589 0.00126123 -0.00014083 1 1.49726
1 0.000521243 0.00040725 -0.00764202 -0.000521294 1 0.000589476 -0.0167921 -0.000406873 -0.000589551 1 1.45216
0.999996 0.000612901 0.00280129 0.00804726 -0.000610271 0.999999 -0.00102107 -0.0283198 -0.00280204 0.00101919 0.999996 1.4586
0.999999 0.000352684 -0.00144259 -0.0206043 -0.000353423 0.999999 -0.000669555 -0.00910712 0.00144248 0.000670267 0.999997 1.44921
1 -0.000490771 0.000730727 -0.00523034 0.000490023 1 0.000722244 -0.0197734 -0.000731177 -0.000722079 1 1.44126
0.999996 -0.00199293 0.00190982 0.00964604 0.00198951 0.999995 0.00193004 -0.0170262 -0.00191363 -0.00192604 0.999996 1.42333
0.999998 -0.00147718 -0.00119514 -0.00569447 0.00147849 0.999999 0.0013162 -0.00959644 0.00119324 -0.00131814 0.999999 1.44074
0.999998 -5.05882e-05 0.00241383 0.00376354 4.9398e-05 0.999999 0.00057859 -0.000218086 -0.00241386 -0.000578303 0.999998 1.39426
0.999999 0.00031385 -0.000282886 -0.0127279 -0.000314457 1 -0.0013183 -0.0119555 0.000282459 0.00131824 0.999998 1.40277
1 0.000377986 0.00130331 -0.00899004 -0.000376032 0.999998 -0.00131619 -0.00724634 -0.00130381 0.00131587 0.999999 1.3988
0.999996 0.00030378 0.00270169 0.000676504 -0.000307096 1 0.00113634 -0.00494535 -0.00270132 -0.0011374 0.999996 1.3556
1 0.000828966 0.000437119 -0.0123962 -0.000829132 0.999997 0.000973412 -0.00929777 -0.000436327 -0.000973577 1 1.34376
0.999998 -0.000505947 0.00184722 -0.0125432 0.000502366 1 0.00181475 -0.0115022 -0.00184807 -0.00181403 0.999996 1.32942
0.999994 -0.00038527 0.00343586 -0.00257517 0.000380561 0.999997 0.00144491 -0.0259652 -0.00343649 -0.00144339 0.999993 1.31268
0.999999 -0.000203488 0.00152725 -0.0104135 0.000202207 1 0.00067662 -0.0112352 -0.00152726 -0.000676492 0.999999 1.29337
0.999989 -0.000452243 0.00473891 0.00232397 0.000456829 0.999998 -0.000919263 -0.0174666 -0.00473868 0.000921405 0.999988 1.26383
0.999994 -0.00132257 0.00304831 -0.0122375 0.00132766 0.999999 -0.00175348 -0.0338077 -0.00304578 0.00175763 0.999994 1.25638
0.999988 0.000258484 0.00522573 -0.0019455 -0.00025716 0.999999 -0.000195414 0.00493354 -0.00522603 0.000194028 0.999987 1.2243
0.999998 0.000428189 -0.000106735 -0.00571907 -0.000428481 1 0.00103628 0.00439202 0.000107386 -0.00103622 1 1.23064
0.99998 0.000219185 0.00663132 0.00216862 -0.000222884 0.999998 0.000630666 -0.00336692 -0.00663139 -0.000632156 0.999978 1.1991
0.999974 0.0016865 0.00667789 -0.00551407 -0.00168426 1 -0.000413708 -0.00765144 -0.00667836 0.000402486 0.999978 1.20354
0.999967 0.00121067 0.00827978 -0.00194868 -0.00121288 0.999997 0.000324897 0.00179639 -0.00827964 -0.000334916 0.999965 1.17985
0.999972 0.000149932 0.00729529 -0.0149903 -0.000158121 1 0.00104706 -0.0245417 -0.00729483 -0.00104816 0.999973 1.17854
0.999937 0.00193608 0.0112029 0.00990245 -0.00194074 0.999997 0.000446804 -0.0107005 -0.0112023 -0.00046844 0.999937 1.16204
0.999922 0.00207043 0.0122646 -0.0126312 -0.00207355 0.999999 0.000198975 -0.00995239 -0.0122638 -0.000224278 0.999926 1.15992
0.99989 0.00131365 0.0148339 -0.00050704 -0.00132031 0.999998 0.000470937 -0.015704 -0.0148336 -0.000490563 0.999889 1.1382
0.999852 0.00148998 0.0170996 0.0119679 -0.00151909 0.999999 0.00165682 -0.0132591 -0.0170967 -0.0016825 0.999853 1.12647
0.999857 0.000624345 0.0169758 -0.00919606 -0.000648226 0.999997 0.00143244 -0.0139751 -0.0169752 -0.00144319 0.999854 1.11626
0.999811 -3.90741e-05 0.019447 0.0120001 1.52014e-05 1 0.00119882 -0.00642929 -0.0194468 -0.00119836 0.999812 1.10533
0.99977 -0.000796754 0.021429 0.0111787 0.000800749 0.999998 -0.0001518 -0.00991336 -0.0214292 0.000168978 0.999769 1.10575
0.999788 -0.00206538 0.020551 -0.00333054 0.00206565 1 -1.75787e-05 0.0044009 -0.0205507 5.98762e-05 0.99979 1.08117
0.999712 -0.00484842 0.0234527 0.0257632 0.00479399 0.999984 0.002398 -0.028787 -0.0234641 -0.00228479 0.999722 1.07372
0.999733 -0.00468156 0.0227024 0.00717337 0.00464013 0.999989 0.00185324 -0.00702356 -0.0227106 -0.00174745 0.999742 1.05646
0.999683 -0.00472882 0.024656 0.0201619 0.00471625 0.999988 0.000589869 -0.0150807 -0.0246586 -0.000473328 0.999696 1.03832
0.999622 -0.00679119 0.0266774 0.0206998 0.00676334 0.999978 0.00111254 -0.0234788 -0.0266842 -0.000931733 0.999644 1.03304
0.999647 -0.00240449 0.0264321 0.00655235 0.00240231 0.999996 0.000132296 0.000914594 -0.0264325 -6.8524e-05 0.999651 1.00508
0.999564 -0.00226542 0.029479 0.0272524 0.00220631 0.999997 0.00202296 -0.00421498 -0.0294833 -0.00195728 0.999563 1.01988
0.999562 -0.00376071 0.0293151 0.0319168 0.0037013 0.99999 0.00209369 -0.025442 -0.0293227 -0.00198408 0.999569 1.00032
0.999526 -0.00276384 0.0307078 0.0235354 0.00276048 0.999998 0.00013887 -0.0204256 -0.030708 -5.42456e-05 0.999528 0.988334
0.999477 -0.00138911 0.0322912 0.0269594 0.00153015 0.999988 -0.00433084 0.000966799 -0.0322847 0.00437815 0.99947 0.991231
0.999527 -0.00224232 0.0307158 0.0310903 0.00237265 0.99999 -0.00422187 -0.0150227 -0.0307059 0.00429261 0.999518 0.964987
0.999481 -0.00233985 0.0321143 0.0243527 0.00240643 0.999993 -0.00201868 0.0040113 -0.0321095 0.00209496 0.999484 0.950288
0.999406 0.00091154 0.0345144 0.0208877 -0.0010088 0.999999 0.0027888 -0.0208574 -0.0345117 -0.00282211 0.999399 0.970838
0.999406 0.00365298 0.034208 0.0191853 -0.00376954 0.999983 0.00335613 -0.00375583 -0.0341952 -0.00348295 0.999411 0.941059
0.999342 -0.000353073 0.0363718 0.0257247 0.000318344 1 0.000945853 -0.0120876 -0.0363723 -0.000933717 0.999336 0.938129
0.999259 -0.000231245 0.0383966 0.0114239 0.000129541 0.999993 0.00266589 -0.013733 -0.0383969 -0.00265897 0.999262 0.933747
0.99932 0.00341207 0.0368046 0.0259174 -0.00316641 0.999976 -0.00674536 -0.0107441 -0.0368267 0.00662431 0.999297 0.929053
0.999313 8.38197e-05 0.0369715 0.0212107 -1.48425e-05 0.999995 -0.0018522 -0.0163485 -0.0369715 0.00185036 0.999318 0.934884
0.999397 -0.000398416 0.0348189 0.0290159 0.000355316 1 0.00122775 -0.0132203 -0.0348193 -0.00121462 0.99939 0.915569
0.999343 -0.000504926 0.0361561 0.0271665 0.000486139 0.999998 0.000545163 0.000403985 -0.0361565 -0.000527212 0.999349 0.912706
0.999346 0.000132184 0.0362441 0.0215816 -3.46468e-05 0.999998 -0.0027077 -0.0142519 -0.0362443 0.00270472 0.999336 0.927808
0.999369 0.000160567 0.0354712 0.0244471 -7.87551e-05 0.999996 -0.00229178 -0.004387 -0.0354718 0.00228738 0.999372 0.886116
0.99934 0.00129796 0.0363731 0.0130436 -0.0012701 1 -0.000802619 0.00377614 -0.0363741 0.000756368 0.999335 0.925239
0.999369 7.69656e-05 0.0354788 0.020953 -7.5941e-05 0.999999 -1.49573e-05 -0.0161129 -0.0354789 1.2034e-05 0.999373 0.893677
0.999349 0.00235792 0.0360678 0.0266462 -0.0021701 0.999986 -0.00526054 0.00497657 -0.0360795 0.00517933 0.999333 0.917726
0.999302 0.00331458 0.0371797 0.022126 -0.00296459 0.99995 -0.00944912 0.0179264 -0.0372093 0.00933195 0.999267 0.906042
0.999336 0.00249649 0.0363889 0.0205856 -0.00225037 0.999975 -0.00681702 0.00216574 -0.036405 0.00673098 0.999311 0.904432
0.999321 0.00285448 0.036689 0.020336 -0.00273675 0.99999 -0.0032442 -0.00353972 -0.0366979 0.00314124 0.999325 0.92078
0.999304 0.0024105 0.0372921 0.017316 -0.00248208 0.999996 0.00185912 0.00312211 -0.0372874 -0.00195004 0.9993 0.937905
0.999322 0.00453366 0.0364739 0.0171048 -0.00466446 0.999982 0.0035158 -0.0110663 -0.0364574 -0.00368385 0.999332 0.921936
0.999248 0.00425006 0.0386071 0.0331344 -0.00430931 0.99999 0.00143924 -0.0132319 -0.0386005 -0.00160417 0.99925 0.967566
0.999303 0.00592946 0.0368353 0.0173788 -0.00606832 0.999975 0.00367513 0.00506122 -0.0368126 -0.0038965 0.999317 0.920517
0.99926 0.00481288 0.0382023 0.00211928 -0.00478169 0.999988 -0.000923686 -0.00606186 -0.0382062 0.000740714 0.999267 0.946844
0.999272 0.00333674 0.0379781 0.00936104 -0.00340279 0.999993 0.00168957 0.00177102 -0.0379721 -0.00181795 0.999279 0.964049
0.999309 0.00121553 0.0371887 0.0121188 -0.00124444 0.999999 0.00073973 -0.00520337 -0.0371878 -0.000785079 0.999306 0.947805
0.999325 -3.04894e-05 0.0367128 0.00104625 -1.27092e-05 0.999999 0.00119223 -0.00952474 -0.0367128 -0.00119231 0.999327 0.949043
0.999326 -0.000166677 0.0367599 0.0324056 0.000158997 1 0.000196664 0.00180565 -0.0367599 -0.000190332 0.999323 0.963133
0.999373 -0.00547559 0.0349188 0.0190296 0.00544291 0.999984 0.00104679 -0.00579175 -0.034924 -0.00085645 0.999391 0.951525
0.999398 -0.000624495 0.0347278 0.023757 0.000703298 0.999998 -0.00227316 0.00380383 -0.0347263 0.00229665 0.999392 0.966426
0.999497 0.000641859 0.031679 0.0272155 -0.000497207 0.999989 -0.00455498 0.0162705 -0.0316815 0.0045365 0.99949 0.968742
0.999562 -0.00424624 0.0293318 0.0226371 0.00430669 0.999989 -0.00201914 -0.0155719 -0.0293229 0.00214503 0.999566 0.970693
0.999639 -0.00153416 0.026792 0.0166497 0.00150937 0.999999 0.000968757 0.00189031 -0.0267935 -0.000928363 0.999643 0.982731
0.999766 0.00079627 0.0216814 0.0205261 -0.000865327 0.999995 0.00314682 0.0134229 -0.0216789 -0.00316447 0.999758 0.997867
0.999815 -4.85284e-05 0.019204 0.00864561 1.61886e-05 0.999999 0.00172245 -0.0028605 -0.019204 -0.0017221 0.999816 0.988979
0.999848 -0.00149948 0.0173807 0.0111816 0.00152142 0.999998 -0.00129204 -0.010554 -0.0173788 0.0013186 0.999846 0.98437
0.999912 -0.00173552 0.013127 0.0156847 0.00178207 0.999992 -0.00347772 -0.000771119 -0.0131208 0.00350054 0.99991 0.988657
0.999921 -0.00244886 0.0124207 0.00965363 0.00248237 0.999993 -0.00274359 -0.00831963 -0.0124139 0.00277444 0.999916 0.990521
0.999935 -0.00473287 0.0103291 0.0101357 0.00476781 0.999984 -0.00328578 -0.00418813 -0.0103133 0.00333463 0.999943 0.989179
0.999984 -0.00259549 0.00533532 0.0128909 0.00261391 0.999989 -0.00358615 -0.00776801 -0.00532593 0.0036002 0.999977 1.00819
0.999992 -0.00132681 0.00348666 -0.00111324 0.00134233 0.999991 -0.00427684 0.00578169 -0.00348108 0.00428125 0.999987 0.998526
0.999993 -0.000636585 0.00383918 0.000536843 0.000642365 0.999997 -0.00168106 -0.0106856 -0.00383804 0.00168369 0.999989 0.997309
0.999997 -0.000727517 0.00212948 0.00165375 0.000732697 0.999999 -0.00209319 -0.0123135 -0.00212807 0.00209467 0.999997 1.01165
0.999996 3.74398e-05 0.00317561 0.00286767 -3.03034e-05 0.999996 -0.00247154 -0.00202498 -0.00317551 0.00247148 0.999991 1.00224
0.999996 -0.00189238 0.0013704 -0.00142676 0.00189735 0.999995 -0.00312781 -0.00518212 -0.00136475 0.00313035 0.999996 1.01037
0.999999 -0.000552536 0.00216625 0.00668335 0.000550843 0.999999 0.00046155 -0.0122295 -0.00216631 -0.00046036 0.999996 1.01628
0.999995 -0.000845772 0.00274922 0.00235771 0.000843848 1 0.000961881 0.00583523 -0.00275024 -0.000959668 0.999997 1.02624
1 0.000453908 0.00153566 -0.00441508 -0.000455581 0.999999 0.000614044 -0.00794589 -0.0015352 -0.000614727 0.999998 1.04277
0.999997 0.000361045 0.00217404 0.000470276 -0.0003594 1 -0.000434384 -0.014417 -0.00217435 0.000433637 0.999999 1.02815
0.999997 0.000761166 0.00278683 0.000976722 -0.000756156 0.999997 -0.00207228 -0.00202868 -0.00278826 0.00207008 0.999993 1.03318
0.999997 0.00107007 0.00177942 -0.0103872 -0.00106635 0.999998 -0.00165642 -0.0191121 -0.00178141 0.00165454 0.999998 1.04553
0.999995 0.00102546 0.0033354 -0.00679689 -0.00102383 1 -0.000731587 -0.00316389 -0.00333581 0.000728234 0.999994 1.02281
0.999995 0.00252469 0.00126526 -0.0140778 -0.00252013 0.999993 -0.00291535 -0.00488655 -0.00127293 0.00291203 0.999996 1.06222
0.999997 0.00207988 0.00179135 -0.00849184 -0.00207731 0.999996 -0.0018896 -0.0146042 -0.00179502 0.00188598 0.999995 1.06236
0.999995 0.00118913 0.00306924 -0.0106337 -0.00119531 0.999998 0.00226076 -0.00710429 -0.00306682 -0.00226452 0.999995 1.05609
0.999998 0.00152996 0.0015101 0.00346698 -0.00153351 0.999996 0.00186917 0.0270339 -0.00150694 -0.00187132 0.999995 1.06574
0.999997 0.000410666 0.00285418 -0.00488237 -0.000413605 1 0.00127292 -0.0147032 -0.00285398 -0.00127423 0.999997 1.06676
0.999996 0.000559335 0.00253354 -0.00527606 -0.000559887 0.999999 -4.77653e-05 -0.00410577 -0.00253329 4.64776e-05 0.999995 1.06023
1 5.1921e-05 0.000590628 0.00153528 -5.07855e-05 1 -0.000810643 -0.00266063 -0.000591116 0.000810531 1 1.07738
1 0.000277115 0.000753954 -0.00475227 -0.000276995 0.999998 -0.000966226 0.00131341 -0.00075382 0.0009662 0.999998 1.07398
0.999996 0.00232099 0.00120358 -0.0183328 -0.00231903 0.999999 -0.00114096 -0.0127227 -0.00120665 0.00113806 1 1.09788
0.999998 0.00181704 -0.000857116 -0.0217204 -0.00181716 0.999997 0.000599194 -0.000775186 0.000858625 -0.000597515 0.999997 1.10224
0.999996 0.00283539 0.000337717 -0.0100517 -0.00283489 0.999998 0.000379127 -0.00698615 -0.0003371 -0.000380082 1 1.08584
0.999996 0.00261009 -0.00113928 -0.0127476 -0.00261232 0.999994 -0.0014068 -0.00493288 0.00113608 0.00140977 0.999997 1.094
0.999985 0.00557401 0.000259806 -0.00957081 -0.00557328 0.999987 -0.000550481 -0.0167619 -0.000263344 0.000549073 1 1.08964
0.999991 0.00395458 0.00132392 -0.00373279 -0.00395598 0.99999 0.000570246 -0.0253712 -0.0013212 -0.000575501 0.999997 1.09713
1 0.000479482 -0.000120718 -0.00989585 -0.00047838 0.999992 0.0047068 -0.0142018 0.000122466 -0.00470678 0.999991 1.11277
1 -0.00165153 0.000350934 0.00347935 0.00164821 0.999966 0.00790387 -0.00995832 -0.000363522 -0.00790319 0.999968 1.11788
0.99999 -0.00378469 0.00202338 0.0111241 0.00377603 0.999984 0.0045101 -0.0209817 -0.00204089 -0.00450249 0.999988 1.12268
0.999979 -0.00654254 -0.00054032 -0.0102078 0.00654173 0.999977 -0.000635879 0.00506124 0.000544952 0.00063236 0.999999 1.13019
0.999993 -0.00365532 0.000261418 0.00548538 0.0036569 0.999986 -0.00448012 -0.0189636 -0.000245504 0.00448105 0.999992 1.10592
0.999996 -0.00274775 -0.00101532 0.00326793 0.00274235 0.999982 -0.0048899 -0.00108928 0.00102912 0.00488705 0.999986 1.11952
0.999999 0.000193197 -0.00035343 0.0029329 -0.000193427 0.999999 -0.0023327 -0.0297461 0.000352415 0.00233279 0.999999 1.13096
1 0.00105958 0.00122883 -0.00153971 -0.0010608 0.999997 0.000486939 0.0269868 -0.00122782 -0.000488312 0.999998 1.12986
0.999998 0.000606911 -0.00116843 -0.00144557 -0.00060138 0.999994 0.00417836 0.0017825 0.00117035 -0.00417752 0.999992 1.15293
1 -0.000981854 0.000348387 -0.00108905 0.000980517 0.999995 0.00208393 0.0130415 -0.00034986 -0.00208369 0.999997 1.15095
0.999996 0.00226975 0.0011073 -0.00148932 -0.00226876 0.999999 -0.000456696 0.00103244 -0.00110908 0.00045418 1 1.15501
1 -0.00103019 -0.00114939 -0.000786377 0.00102466 0.999989 -0.00433775 -0.0158928 0.00115441 0.00433659 0.999989 1.14594
0.999999 -0.000384266 0.00100135 -0.00739758 0.000385619 1 -0.000883283 0.00147985 -0.00100167 0.000883651 1 1.14866
1 0.000333137 -0.000874224 -0.00489521 -0.000333075 0.999999 0.000659079 -0.00393731 0.000875165 -0.000658756 0.999998 1.16589
0.999998 -0.000906788 -0.000515729 -0.00348655 0.000907786 1 0.00114502 0.0137946 0.000514078 -0.00114545 1 1.16818
1 0.0012811 0.0013984 -0.00242722 -0.00128351 0.999997 0.00144754 -0.015907 -0.00139607 -0.00144933 0.999996 1.17215
0.999998 0.000936642 -0.000904624 -0.00828446 -0.000936806 1 -0.000667763 0.00562538 0.000903596 0.000668638 1 1.16437
1 0.00166569 -0.000161142 -0.00499604 -0.00166636 0.999997 -0.00193952 -0.0204879 0.000158285 0.00193977 0.999997 1.17258
0.999999 6.054e-05 0.00109454 -0.00843293 -5.99619e-05 1 -0.000156682 0.00874269 -0.00109502 0.000156667 1 1.18856
1 -0.000897127 -0.000919955 -0.00433994 0.000898638 0.999998 0.00201851 0.0250134 0.000918446 -0.00201929 0.999995 1.20147
0.999999 -7.57635e-05 -0.000520365 -0.00363988 7.65978e-05 0.999999 0.000988544 -0.00656233 0.00051993 -0.000988669 1 1.19294
1 -0.00101764 -0.00032174 -0.000285708 0.0010171 1 -0.000527411 -0.00592701 0.000322644 0.000527148 0.999998 1.20154
0.999997 -0.00138331 -0.000689966 -0.00117971 0.00138417 0.999998 0.00069879 0.00397835 0.000688686 -0.000699751 1 1.20023
1 0.000914691 -0.000359888 -0.00321685 -0.000915075 1 0.000125377 -0.0055178 0.000360254 -0.000125071 0.999998 1.21312
0.999997 -0.00111534 -0.00177072 -0.00457171 0.00111535 1 -0.000192374 0.0118776 0.00177063 0.000190437 1 1.18991
1 -0.000571642 -0.000572959 -0.0069392 0.000572566 0.999998 0.00210677 -0.0162354 0.000571985 -0.00210722 0.999996 1.2234
0.999997 0.00176569 0.000876845 -0.00172367 -0.00176612 0.999997 0.00083758 -0.00522605 -0.000875512 -0.000838978 1 1.24484
0.999999 -0.000749946 -0.00184193 -0.00634203 0.000751585 1 0.00106812 -0.0112193 0.00184123 -0.00106957 0.999997 1.21016
0.999997 0.00154431 -0.00127255 -0.00723125 -0.00154464 0.999998 -0.000488467 -0.00376906 0.00127159 0.000490527 1 1.23182
1 0.00139851 6.78241e-06 0.00298026 -0.0013988 0.999999 -0.00145076 -0.0140012 -8.57403e-06 0.00145069 0.999998 1.25657
0.999996 0.00143159 -0.00228864 -0.00208547 -0.00143049 0.999998 0.000393977 -0.00273018 0.00228892 -0.000390726 0.999998 1.22996
0.999997 0.00241398 0.00025329 -0.0112466 -0.00241438 0.999998 0.000774635 0.00173198 -0.000251017 -0.000775134 0.999999 1.25077
0.999998 0.00145737 0.00046596 -0.0110027 -0.00145678 0.999997 -0.000803497 -0.00500152 -0.000467533 0.000802713 1 1.25191
0.999997 0.00208557 0.00144983 -0.00529642 -0.00208567 0.999999 -8.35934e-05 -0.0136663 -0.00144958 8.06704e-05 0.999998 1.24536
0.999996 0.00182443 0.00232058 -0.00850137 -0.00182891 0.999996 0.0020387 -0.0143474 -0.00231731 -0.00204302 0.999997 1.29194
1 0.00138386 0.000232601 -0.0124542 -0.00138446 0.999998 0.00132292 -0.00381901 -0.000230322 -0.00132305 0.999998 1.26516
0.999997 0.00117246 0.00176244 -0.0106465 -0.00117476 0.999998 0.00144634 0.00102708 -0.00176124 -0.00144867 0.999999 1.26437
0.999997 0.000536174 0.00258697 -0.00832231 -0.000536168 1 -0.000115494 -0.00889415 -0.00258654 0.000114367 0.999996 1.26764
0.999998 -0.000411397 0.00189252 -0.00058049 0.000408446 0.999998 0.00171967 -0.00234121 -0.00189376 -0.00171911 0.999998 1.26083
0.99999 0.000387987 0.0046775 0.00165318 -0.000397312 0.999998 0.00191114 0.0139286 -0.00467619 -0.0019127 0.999986 1.29212
0.999994 0.00149472 0.00298965 -0.00878233 -0.00149826 0.999998 0.00131953 -0.0257391 -0.00298831 -0.00132422 0.999997 1.25253
0.999978 0.00441428 0.00526732 -0.0128473 -0.00439279 0.999981 -0.00416418 -0.00808953 -0.00528497 0.00414122 0.999975 1.24648
0.999954 0.0012925 0.00934339 -0.00149236 -0.00126141 0.999994 -0.00329424 -0.0200272 -0.00934814 0.00328199 0.999953 1.28058
0.999964 -0.00183204 0.00846478 -0.00395615 0.00181463 0.999996 0.00202474 -0.0132401 -0.0084679 -0.00200899 0.99996 1.28179
0.999932 -0.00133636 0.0115162 0.011793 0.00131908 0.999998 0.00154317 -0.00135903 -0.0115187 -0.00152829 0.999935 1.26155
0.999884 0.00038113 0.015304 0.0117347 -0.000370889 0.999999 -0.000698159 -0.017733 -0.0153038 0.000692675 0.99988 1.2487
0.999892 -0.000809169 0.0146237 -7.13597e-05 0.000806182 1 0.000237457 0.010065 -0.0146245 -0.000225776 0.999895 1.22805
0.999878 -0.00158812 0.0156464 0.00326463 0.00156436 0.999997 0.00150568 0.00170665 -0.0156481 -0.00148087 0.999875 1.26438
0.999886 -0.000853962 0.0150351 0.0159072 0.000852401 1 0.000136925 -0.0183283 -0.0150357 -0.000124312 0.999889 1.21612
0.99988 -0.00022208 0.0155571 0.0053455 0.00027479 0.999993 -0.00341176 0.00635628 -0.0155557 0.00341588 0.999871 1.22325
0.999839 0.000336843 0.0180038 0.0102011 -0.000315868 1 -0.00114196 -0.00529882 -0.0180048 0.00113584 0.999842 1.22222
0.999878 0.00274887 0.0153789 0.00436242 -0.00277159 0.999995 0.00142827 -0.0161958 -0.0153742 -0.00147051 0.999875 1.19956
0.999854 0.00261838 0.016896 -0.00984873 -0.00267062 0.999992 0.00309928 -0.00975877 -0.0168884 -0.00314417 0.999858 1.23806
0.999841 0.00346036 0.0175029 -0.00457843 -0.00349717 0.999992 0.0020446 0.00460802 -0.017495 -0.00210522 0.999839 1.23072
0.999884 0.00294605 0.0149654 -0.00373794 -0.00293173 0.999996 -0.000945505 -0.0280636 -0.0149687 0.000901222 0.999894 1.2031
0.999868 0.000874553 0.0162653 0.00309588 -0.000844681 0.999998 -0.00187229 0.000608533 -0.0162664 0.00185861 0.999861 1.2102
0.999903 -0.000449386 0.0139385 0.00138253 0.000453208 1 -0.000239532 -0.0093315 -0.0139389 0.000245519 0.999908 1.20645
0.999888 -0.000505299 0.0149999 0.0104557 0.000500549 1 0.000290905 -0.0114483 -0.0149995 -0.000283035 0.999883 1.20229
0.999894 -0.000233577 0.0145612 -0.000414045 0.000222269 1 0.0008045 0.0124081 -0.0145619 -0.000801511 0.999898 1.21828
0.999897 2.52493e-05 0.0143675 0.00850046 -4.3937e-05 0.999999 0.00127662 -0.0037964 -0.0143669 -0.00127678 0.999892 1.18807
0.99987 -0.000801627 0.0161339 -0.00596684 0.000832386 0.999998 -0.00188046 0.00287061 -0.0161329 0.00189326 0.999872 1.20707
0.99985 0.000562058 0.0173626 0.00395885 -0.000535655 0.999998 -0.00154067 -0.00175328 -0.0173631 0.00153152 0.999844 1.19325
0.999884 -0.00087914 0.0151516 0.00384486 0.000894714 0.999999 -0.00100621 0.00501357 -0.0151511 0.00101924 0.999889 1.18215
0.999867 -0.0014138 0.0163039 0.010793 0.00142551 0.999999 -0.000722408 -0.00347229 -0.0163024 0.00074593 0.999864 1.18913
0.99985 -0.000185262 0.0172876 0.00749369 0.000247634 0.999993 -0.00359073 0.00391607 -0.0172872 0.00359401 0.999847 1.20779
0.999875 -6.81567e-05 0.0159165 0.00149702 0.000100736 0.999998 -0.00206568 0.000905046 -0.0159159 0.00206743 0.999869 1.20526
0.999835 0.00117466 0.0180774 -0.000799787 -0.0012071 0.999997 0.00180111 -0.00781177 -0.0180757 -0.00182303 0.999837 1.22633
