1 0 0 0 0 1 0 0 0 0 1 0
0.999036 -0.000904084 0.0438996 0.0320671 0.000975321 0.999999 -0.0015988 -0.0199281 -0.0438979 0.00163975 0.999035 0.998008
0.99589 -0.00277893 0.0905386 0.119214 0.00333302 0.999977 -0.00596836 -0.0343025 -0.0905199 0.00624545 0.995875 2.01766
0.990878 -0.00349398 0.134715 0.239117 0.00467021 0.999952 -0.00841527 -0.0527591 -0.134679 0.00896723 0.990847 2.97835
0.983215 -0.000418815 0.18246 0.396659 0.00253341 0.999933 -0.011356 -0.07259 -0.182442 0.0116276 0.983149 3.98557
0.973811 -0.00244843 0.227348 0.603562 0.00489981 0.999934 -0.0102184 -0.0969337 -0.227308 0.0110643 0.97376 4.94019
0.962016 -0.00333748 0.27298 0.863192 0.00625085 0.999934 -0.00980316 -0.0971857 -0.272928 0.011137 0.961972 5.89757
0.947808 -0.00465395 0.318812 1.18093 0.00862626 0.999901 -0.0110492 -0.103195 -0.318728 0.0132222 0.947754 6.86718
0.932912 -0.0056678 0.360069 1.51386 0.0105904 0.999877 -0.0116998 -0.153366 -0.359956 0.014728 0.932856 7.76116
0.915175 -0.00447889 0.403036 1.90019 0.0100477 0.999881 -0.0117044 -0.144394 -0.402935 0.014761 0.915111 8.66633
0.894679 -0.00512468 0.44669 2.33806 0.0108925 0.999888 -0.0103452 -0.16697 -0.446586 0.0141211 0.894633 9.56446
0.873015 -0.00583871 0.487665 2.78745 0.011801 0.99989 -0.00915512 -0.188015 -0.487555 0.0137472 0.872987 10.4162
0.847714 -0.00611374 0.530428 3.31748 0.0124617 0.999888 -0.00839078 -0.202256 -0.530316 0.0137227 0.847694 11.2755
0.822524 -0.00663541 0.568699 3.84715 0.0127064 0.999898 -0.00671135 -0.219233 -0.568593 0.012746 0.822524 12.0701
0.794995 -0.00708398 0.606583 4.42252 0.0134275 0.999894 -0.00592068 -0.255871 -0.606475 0.0128515 0.795004 12.8459
0.765115 -0.00730119 0.643859 5.0484 0.0142856 0.999884 -0.00563782 -0.251641 -0.64374 0.0135112 0.76513 13.618
0.734955 -0.00876856 0.678069 5.67863 0.0150073 0.999883 -0.00333581 -0.296758 -0.677959 0.0126272 0.734999 14.3215
0.703104 -0.00839754 0.711045 6.34724 0.0148406 0.999887 -0.00286623 -0.307778 -0.710938 0.0125672 0.703149 15.0054
0.668529 -0.00873012 0.743646 7.0659 0.0153563 0.999882 -0.00206653 -0.317823 -0.743538 0.0128006 0.668583 15.6604
0.632213 -0.0097077 0.774742 7.80102 0.0158639 0.999876 -0.00041707 -0.363842 -0.774638 0.0125537 0.632288 16.2887
0.595306 -0.0101919 0.803446 8.57298 0.0165346 0.999866 0.000432202 -0.355846 -0.803341 0.0130267 0.595393 16.8555
0.557478 -0.0132885 0.830094 9.34114 0.0223119 0.999753 0.00101976 -0.34927 -0.829898 0.0179521 0.557636 17.4056
0.518269 -0.00987946 0.855172 10.1464 0.0229368 0.999738 -0.00235125 -0.371591 -0.854922 0.0208327 0.518359 17.9092
0.478901 -0.00949268 0.877826 10.9811 0.0242363 0.999706 -0.00241189 -0.378118 -0.877542 0.0224299 0.478988 18.3872
0.440284 -0.0134428 0.897771 11.8429 0.0295969 0.999566 0.000452189 -0.38843 -0.897385 0.0263713 0.440488 18.8238
0.402894 -0.0148688 0.915135 12.7251 0.031308 0.99951 0.00245561 -0.423985 -0.91472 0.0276611 0.40316 19.2209
0.366757 -0.0155722 0.930199 13.6363 0.0318222 0.999489 0.00418569 -0.424795 -0.929787 0.0280648 0.367063 19.5897
0.333187 -0.0160293 0.942733 14.5473 0.0315142 0.99949 0.00585589 -0.416323 -0.942343 0.0277578 0.33352 19.9172
0.299669 -0.0169234 0.953907 15.4846 0.031273 0.999484 0.00790812 -0.414257 -0.953546 0.0274605 0.300042 20.2179
0.267655 -0.0173201 0.963368 16.4405 0.0315712 0.999463 0.00919703 -0.423231 -0.963006 0.0279525 0.268056 20.4984
0.235422 -0.021653 0.971667 17.4122 0.0315139 0.999402 0.0146361 -0.404922 -0.9714 0.027174 0.235962 20.7502
0.203864 -0.021594 0.978771 18.403 0.0306576 0.999412 0.0156634 -0.393331 -0.978529 0.026813 0.204404 20.9593
0.174235 -0.0228163 0.984455 19.3866 0.0303571 0.999387 0.01779 -0.393259 -0.984255 0.0267841 0.174819 21.1464
0.143148 -0.0239294 0.989422 20.4143 0.0309157 0.999333 0.0196958 -0.387625 -0.989229 0.0277687 0.143791 21.2993
0.112245 -0.0239317 0.993408 21.4743 0.0294584 0.999357 0.0207468 -0.375342 -0.993263 0.026934 0.112876 21.4445
0.0835978 -0.0246209 0.996208 22.5186 0.0288287 0.999341 0.0222787 -0.361589 -0.996095 0.0268563 0.084251 21.544
0.055788 -0.0255677 0.998132 23.5922 0.0283364 0.999317 0.0240144 -0.356385 -0.99806 0.0269424 0.0564734 21.6136
0.0318298 -0.0261721 0.999165 24.6601 0.0280105 0.999293 0.0252828 -0.351313 -0.999114 0.0271817 0.0325393 21.6562
0.00918247 -0.0272515 0.999605 25.7527 0.0277351 0.999258 0.0269875 -0.333831 -0.999593 0.0274749 0.00993081 21.6704
-0.012065 -0.0293084 0.999513 26.8698 0.0339166 0.99899 0.029702 -0.31819 -0.999366 0.0342577 -0.0110597 21.6591
-0.0294337 -0.0300557 0.999134 27.9819 0.0395536 0.998737 0.0312091 -0.273783 -0.998805 0.0404363 -0.0282082 21.6176
-0.0453468 -0.0308115 0.998512 29.1068 0.0395824 0.998691 0.0326145 -0.249982 -0.998202 0.0410016 -0.0440684 21.5758
-0.0600872 -0.0321887 0.997694 30.253 0.0410702 0.998561 0.0346903 -0.222851 -0.99737 0.0430582 -0.0586788 21.5007
-0.0733068 -0.03292 0.996783 31.4102 0.041397 0.9985 0.0360213 -0.185429 -0.996465 0.0439035 -0.0718346 21.4286
-0.0853719 -0.0330147 0.995823 32.5582 0.0409414 0.998498 0.0366135 -0.148015 -0.99553 0.0438944 -0.0838918 21.3417
-0.0977772 -0.032312 0.994702 33.7171 0.0403789 0.998528 0.0364056 -0.108766 -0.994405 0.0437236 -0.096329 21.2419
-0.107207 -0.0294921 0.99382 34.8949 0.0403272 0.998615 0.0339847 -0.0840171 -0.993442 0.0437196 -0.105868 21.1124
-0.117522 -0.0287633 0.992673 36.1066 0.0398721 0.998645 0.0336572 -0.0473776 -0.992287 0.0435342 -0.116216 20.9839
-0.124194 -0.0281821 0.991879 37.323 0.0393658 0.998677 0.0333043 -0.0040755 -0.9915 0.0431806 -0.12292 20.8327
-0.130101 -0.0282697 0.991118 38.5646 0.0389639 0.998682 0.0336005 0.0384179 -0.990754 0.042988 -0.128828 20.6778
-0.135981 -0.0260485 0.99039 39.8409 0.0401272 0.998697 0.0317763 0.0893443 -0.989922 0.0440608 -0.134758 20.5167
-0.140028 -0.0244869 0.989865 41.1681 0.0387702 0.9988 0.030193 0.122966 -0.989408 0.0426039 -0.138911 20.3341
-0.143929 -0.0248427 0.989298 42.4797 0.0386535 0.998789 0.0307045 0.154668 -0.988857 0.0426573 -0.142793 20.1529
-0.148044 -0.0252483 0.988679 43.8105 0.0384718 0.998778 0.0312678 0.197733 -0.988252 0.0426641 -0.146892 19.9666
-0.149432 -0.027586 0.98841 45.1576 0.0385856 0.998695 0.0337065 0.241864 -0.988043 0.0431734 -0.148172 19.766
-0.151594 -0.0279593 0.988069 46.5554 0.0386281 0.998677 0.034187 0.283802 -0.987709 0.0433485 -0.150313 19.5588
-0.154113 -0.0283752 0.987669 47.9707 0.0408216 0.99856 0.0350576 0.31936 -0.987234 0.0457191 -0.152732 19.3601
-0.153755 -0.0284596 0.987721 49.3807 0.0406483 0.998565 0.0351006 0.380173 -0.987294 0.0455446 -0.152377 19.1367
-0.155459 -0.0291149 0.987437 50.8167 0.0407352 0.998536 0.0358553 0.413172 -0.987026 0.0457956 -0.154044 18.9228
-0.153909 -0.0289814 0.987682 52.2674 0.0404938 0.998553 0.0356117 0.477053 -0.987276 0.0454745 -0.152513 18.7016
-0.153327 -0.0293224 0.987765 53.739 0.0403664 0.998549 0.0359083 0.520874 -0.987376 0.0453761 -0.15192 18.4814
-0.153473 -0.0298808 0.987725 55.225 0.0404863 0.998522 0.0364994 0.577013 -0.987345 0.0455893 -0.152036 18.2603
-0.150986 -0.0307501 0.988082 56.7494 0.0404167 0.998497 0.0372502 0.638295 -0.987735 0.0455571 -0.149515 18.0294
-0.149797 -0.0308686 0.988258 58.2998 0.0413106 0.998453 0.0374501 0.693093 -0.987876 0.0464338 -0.14829 17.7986
-0.149569 -0.0305686 0.988304 59.8796 0.0414818 0.998457 0.0371606 0.75764 -0.987907 0.0465526 -0.148069 17.5537
-0.146921 -0.029701 0.988726 61.4676 0.0428969 0.998426 0.0363683 0.82233 -0.988241 0.0477549 -0.145415 17.3268
-0.147655 -0.030781 0.988585 63.0578 0.0418725 0.998434 0.037342 0.884828 -0.988179 0.046906 -0.146134 17.0913
-0.145407 -0.0326629 0.988857 64.6877 0.043115 0.998305 0.0393163 0.940948 -0.988456 0.0483497 -0.143752 16.8585
-0.144366 -0.0345151 0.988947 66.322 0.0456034 0.998107 0.0414923 1.01833 -0.988499 0.0510873 -0.142518 16.6225
-0.14495 -0.0332401 0.988906 67.9573 0.046562 0.998109 0.040376 1.07256 -0.988367 0.0518961 -0.143128 16.3913
-0.14254 -0.0322334 0.98929 69.629 0.0483012 0.998062 0.0394791 1.13718 -0.988637 0.053409 -0.140707 16.1463
-0.141889 -0.0323004 0.989381 71.3066 0.0480082 0.998076 0.0394707 1.20971 -0.988743 0.053097 -0.140065 15.9209
-0.143209 -0.0332437 0.989161 72.9795 0.0485473 0.998006 0.0405701 1.26473 -0.988529 0.0538287 -0.141309 15.6931
-0.141874 -0.033238 0.989353 74.7062 0.0491284 0.997978 0.0405744 1.3517 -0.988691 0.0543597 -0.139953 15.4534
-0.142875 -0.0339298 0.989186 76.4054 0.0500985 0.997892 0.0414651 1.39808 -0.988501 0.0554787 -0.140874 15.2161
-0.14178 -0.0340725 0.989339 78.163 0.0509143 0.997843 0.0416634 1.47748 -0.988615 0.0562763 -0.13974 14.9749
-0.14179 -0.0340143 0.98934 79.9169 0.0511915 0.99783 0.0416432 1.53813 -0.988602 0.0565479 -0.13974 14.7277
-0.143462 -0.0323426 0.989155 81.6726 0.0501511 0.997954 0.0399054 1.62091 -0.988411 0.0553299 -0.141546 14.4726
-0.143023 -0.032148 0.989225 83.4711 0.049458 0.998002 0.0395841 1.69405 -0.988513 0.0545843 -0.141147 14.2166
-0.144078 -0.0322455 0.989069 85.2657 0.0490373 0.998018 0.0396822 1.75597 -0.988379 0.0542162 -0.142211 13.9563
-0.147232 -0.0322987 0.988603 87.0654 0.0484419 0.998042 0.0398216 1.82158 -0.987945 0.0537506 -0.145379 13.7107
-0.146147 -0.0338218 0.988712 88.9443 0.0473216 0.998042 0.0411374 1.86868 -0.988158 0.0527972 -0.144259 13.4378
-0.146758 -0.0341429 0.988612 90.7839 0.0453124 0.998133 0.0411984 1.95224 -0.988164 0.0508404 -0.144936 13.1826
-0.149165 -0.0339953 0.988256 92.6374 0.0448407 0.998158 0.0411054 2.01157 -0.987824 0.0504433 -0.147365 12.917
-0.150421 -0.0334459 0.988086 94.5082 0.0440906 0.998217 0.0405009 2.09607 -0.987671 0.0496553 -0.148677 12.6463
-0.156028 -0.0328834 0.987234 96.3812 0.0441621 0.998224 0.0402304 2.16198 -0.986794 0.049873 -0.154298 12.3675
-0.158795 -0.0339274 0.986759 98.2737 0.0431597 0.998227 0.0412673 2.24558 -0.986401 0.049139 -0.157048 12.0758
-0.163514 -0.0342625 0.985974 100.176 0.0421566 0.998251 0.0416816 2.32668 -0.98567 0.0483784 -0.161782 11.7794
-0.169835 -0.0341963 0.984909 102.084 0.0414529 0.998276 0.0418086 2.39808 -0.984633 0.0479257 -0.168124 11.4735
-0.172963 -0.0334752 0.984389 104.009 0.041429 0.998301 0.0412289 2.47117 -0.984087 0.0479109 -0.171281 11.1557
-0.177225 -0.0321944 0.983674 105.938 0.0416037 0.998338 0.04017 2.53922 -0.983324 0.0480414 -0.175589 10.837
-0.183354 -0.0320111 0.982555 107.883 0.0406152 0.998381 0.040107 2.61606 -0.982239 0.0472579 -0.181756 10.4974
-0.186621 -0.032429 0.981927 109.843 0.0398221 0.998396 0.0405413 2.69534 -0.981658 0.0466661 -0.185029 10.1566
-0.192175 -0.0326247 0.980848 111.824 0.0378574 0.998469 0.0406292 2.78131 -0.980663 0.0449378 -0.190644 9.78729
-0.195265 -0.034597 0.980171 113.811 0.038105 0.998367 0.0428305 2.86461 -0.980044 0.0457104 -0.193626 9.41557
-0.200495 -0.0351003 0.979095 115.787 0.0381621 0.998331 0.0436056 2.94735 -0.978984 0.0461045 -0.198819 9.02721
-0.207384 -0.0340986 0.977696 117.774 0.0386605 0.998338 0.0430192 3.02727 -0.97753 0.0467174 -0.205719 8.62934
-0.211157 -0.0335046 0.976908 119.759 0.0382085 0.998378 0.0425008 3.11359 -0.976738 0.0462979 -0.209532 8.20975
-0.215565 -0.034463 0.975913 121.792 0.038784 0.998299 0.0438205 3.19145 -0.975754 0.0472937 -0.21386 7.77952
-0.221625 -0.0354211 0.974518 123.816 0.0385564 0.998252 0.0450533 3.29091 -0.974403 0.0475562 -0.21987 7.35811
-0.22534 -0.0348575 0.973689 125.833 0.0378598 0.998305 0.0445009 3.383 -0.973579 0.0468891 -0.223636 6.90482
-0.23194 -0.0350471 0.972129 127.846 0.0373065 0.998307 0.0448929 3.47865 -0.972048 0.0466765 -0.230237 6.45227
-0.234987 -0.0358546 0.97137 129.872 0.0387954 0.998191 0.0462301 3.5693 -0.97126 0.0485457 -0.233169 5.97394
-0.239582 -0.0382449 0.970154 131.892 0.0388049 0.998061 0.0489291 3.66107 -0.970134 0.0493665 -0.237631 5.49386
-0.245218 -0.0387635 0.968728 133.898 0.0391793 0.998001 0.049853 3.75084 -0.968713 0.0501762 -0.243207 5.0196
-0.246093 -0.0386282 0.968508 135.957 0.0392841 0.997999 0.0497874 3.84691 -0.968484 0.0502964 -0.24408 4.52143
-0.249434 -0.0392979 0.967629 138 0.0380283 0.998021 0.0503358 3.94334 -0.967683 0.04935 -0.247444 4.0199
-0.255756 -0.0390575 0.965984 140.028 0.0361301 0.998112 0.0499233 4.0195 -0.966101 0.0476665 -0.25386 3.49327
-0.256709 -0.0394591 0.965718 142.105 0.0347306 0.998158 0.0500174 4.11623 -0.965903 0.046377 -0.254863 2.96176
-0.262749 -0.0390455 0.964107 144.17 0.0339971 0.998199 0.0496925 4.23615 -0.9643 0.0458307 -0.260946 2.42442
-0.266641 -0.0420866 0.962913 146.242 0.033242 0.998064 0.0528288 4.31926 -0.963262 0.0460926 -0.264723 1.86623
-0.270758 -0.0405057 0.961829 148.347 0.0322949 0.998183 0.0511288 4.42301 -0.962142 0.0449027 -0.268955 1.2923
-0.277014 -0.0405284 0.960048 150.442 0.0321951 0.998172 0.0514282 4.52058 -0.960367 0.0451521 -0.275199 0.708846
-0.280073 -0.041648 0.959109 152.519 0.0317723 0.998123 0.052621 4.6278 -0.959489 0.0452078 -0.278221 0.121249
-0.284329 -0.04143 0.957869 154.621 0.0322856 0.9981 0.0527543 4.73134 -0.958224 0.0459219 -0.282448 -0.487119
-0.289703 -0.0410537 0.95627 156.753 0.0331013 0.998067 0.0528772 4.83451 -0.956581 0.0469695 -0.287781 -1.10555
-0.291773 -0.0409925 0.955647 158.837 0.0329996 0.998069 0.0528883 4.94048 -0.955961 0.0469643 -0.289853 -1.72333
-0.295653 -0.0393422 0.954519 160.958 0.0332615 0.998136 0.0514431 5.04386 -0.954754 0.0469551 -0.29379 -2.35344
-0.30072 -0.0390258 0.952953 163.09 0.0330855 0.998149 0.0513182 5.1436 -0.953182 0.0469582 -0.298868 -3.01382
-0.303436 -0.0387821 0.952097 165.244 0.0337331 0.998122 0.0514085 5.252 -0.952293 0.0477134 -0.301555 -3.67299
-0.308378 -0.0385168 0.950524 167.393 0.0334538 0.998137 0.0513005 5.36022 -0.950719 0.0476154 -0.306511 -4.35039
-0.310489 -0.0386736 0.949825 169.517 0.0334495 0.998123 0.0515752 5.46273 -0.950028 0.0477816 -0.308608 -5.02968
-0.314498 -0.0385735 0.948516 171.66 0.0343675 0.998071 0.0519849 5.56574 -0.948681 0.048944 -0.312562 -5.72393
-0.319247 -0.0378558 0.946951 173.827 0.0355738 0.998033 0.0518917 5.66266 -0.947044 0.0502498 -0.317268 -6.42526
-0.32053 -0.0383655 0.946505 175.968 0.035808 0.997989 0.0525802 5.76967 -0.946608 0.0507425 -0.318508 -7.13756
-0.323263 -0.0391267 0.945536 178.126 0.0353376 0.997963 0.0533782 5.87615 -0.945691 0.0506649 -0.321217 -7.8481
-0.32755 -0.0385354 0.944092 180.327 0.0345532 0.998026 0.0527265 5.98884 -0.94425 0.0498884 -0.325568 -8.57717
-0.32745 -0.0379964 0.94414 182.49 0.0341644 0.998076 0.0520169 6.10954 -0.944292 0.0492858 -0.325517 -9.30121
-0.331283 -0.0373929 0.942835 184.706 0.0335619 0.998131 0.05138 6.20995 -0.942983 0.0486612 -0.329405 -10.0542
-0.335733 -0.0365899 0.941282 186.898 0.0322563 0.998227 0.0503092 6.32662 -0.941447 0.0472496 -0.333953 -10.8215
-0.336668 -0.0358997 0.940984 189.048 0.0311412 0.998317 0.0492304 6.42896 -0.941158 0.0458741 -0.334979 -11.5687
-0.342042 -0.035889 0.939036 191.258 0.0313237 0.998295 0.049564 6.52431 -0.939206 0.0463638 -0.340329 -12.3425
-0.344175 -0.0360423 0.938258 193.462 0.0312503 0.998285 0.0498133 6.64038 -0.938434 0.0464617 -0.342453 -13.1311
-0.348069 -0.0369024 0.936779 195.662 0.0309649 0.998243 0.0508295 6.74612 -0.937001 0.0466962 -0.346309 -13.9314
-0.353374 -0.037104 0.934791 197.905 0.0314488 0.998193 0.0515109 6.8497 -0.935003 0.047597 -0.351564 -14.7527
-0.355552 -0.037193 0.933953 200.086 0.0303237 0.998239 0.0512978 6.96681 -0.934208 0.0465568 -0.353792 -15.5631
-0.35935 -0.0369328 0.932517 202.3 0.0299048 0.998264 0.0510624 7.08246 -0.932775 0.0462324 -0.357616 -16.3905
-0.36357 -0.0361984 0.930901 204.542 0.0298207 0.998297 0.0504666 7.18701 -0.931134 0.0461051 -0.361865 -17.2347
-0.365002 -0.0355541 0.930375 206.791 0.0304054 0.998299 0.0500803 7.29515 -0.930562 0.0465641 -0.363294 -18.0889
-0.369779 -0.0360381 0.928459 209.013 0.0303017 0.998265 0.0508168 7.40737 -0.928671 0.0469216 -0.368039 -18.9402
-0.370751 -0.0367761 0.928053 211.221 0.03093 0.99819 0.0519138 7.51994 -0.928269 0.0479481 -0.368937 -19.8144
-0.373155 -0.0368518 0.927076 213.434 0.0310961 0.99817 0.0521951 7.63251 -0.927293 0.0483021 -0.371319 -20.6931
-0.377635 -0.0365112 0.925284 215.685 0.030869 0.998188 0.0519885 7.73179 -0.925493 0.0481917 -0.375818 -21.6018
-0.37891 -0.0359738 0.924773 217.892 0.0303008 0.998244 0.0512478 7.84221 -0.924982 0.0474365 -0.377148 -22.4912
-0.38186 -0.0359105 0.923572 220.111 0.0303306 0.998237 0.0513563 7.95132 -0.923776 0.0476197 -0.380092 -23.394
-0.386863 -0.0347131 0.921522 222.345 0.0292787 0.998343 0.0498991 8.04783 -0.921718 0.0462818 -0.385198 -24.314
-0.389475 -0.0352079 0.920414 224.52 0.0273735 0.998403 0.0497766 8.15255 -0.920684 0.0445782 -0.387884 -25.2054
-0.392406 -0.0346311 0.919179 226.741 0.0278036 0.998405 0.0494863 8.25935 -0.919418 0.0449722 -0.39081 -26.1383
-0.397005 -0.0358079 0.917169 228.985 0.0287161 0.998283 0.0514071 8.35132 -0.917421 0.0467427 -0.395289 -27.0872
-0.398198 -0.0389775 0.916512 231.172 0.0278946 0.99814 0.0545691 8.46579 -0.916923 0.0472919 -0.396361 -28.0154
-0.402844 -0.0396228 0.914463 233.409 0.0271817 0.998123 0.0552242 8.59057 -0.91492 0.0470999 -0.401005 -28.979
-0.404515 -0.0391434 0.913735 235.602 0.0266853 0.998174 0.0545749 8.71215 -0.91419 0.0464566 -0.402723 -29.9203
-0.407882 -0.0393249 0.91224 237.809 0.0261697 0.998178 0.0547329 8.84275 -0.912715 0.0461941 -0.406103 -30.8822
-0.414641 -0.0410018 0.909105 240.013 0.025712 0.99808 0.0567424 8.97298 -0.909671 0.0468995 -0.412782 -31.8633
-0.416037 -0.0407573 0.908488 242.191 0.0254966 0.998099 0.056456 9.09814 -0.909048 0.0466475 -0.414201 -32.8401
-0.419908 -0.0412875 0.906672 244.401 0.0244296 0.998111 0.0567659 9.22336 -0.907288 0.045983 -0.418097 -33.8394
-0.426648 -0.0450791 0.90335 246.588 0.023055 0.997911 0.0606894 9.34596 -0.904183 0.046716 -0.424711 -34.8505
-0.428888 -0.0453482 0.902264 248.761 0.0224718 0.997917 0.0608382 9.48445 -0.903129 0.0463651 -0.426966 -35.8508
-0.43262 -0.0453929 0.900491 250.939 0.0222141 0.997914 0.0609793 9.61231 -0.901363 0.0463806 -0.430702 -36.8655
-0.438649 -0.0454423 0.897555 253.101 0.0222508 0.997887 0.0613971 9.74622 -0.898436 0.0469 -0.436702 -37.8975
-0.44098 -0.0463199 0.89638 255.245 0.0215757 0.997854 0.0621811 9.88488 -0.897318 0.0467568 -0.439027 -38.9398
-0.446358 -0.0465683 0.893689 257.409 0.0207062 0.997862 0.0623391 10.0227 -0.894669 0.0463274 -0.444429 -39.9927
-0.44757 -0.0469949 0.893074 259.571 0.0206962 0.997829 0.0628829 10.1663 -0.894071 0.0466237 -0.445618 -41.0648
-0.45154 -0.0466363 0.891079 261.734 0.020602 0.997844 0.0626645 10.3043 -0.892069 0.0466505 -0.449594 -42.1348
-0.45674 -0.046273 0.888457 263.906 0.0214877 0.997803 0.0630181 10.4282 -0.889403 0.0478698 -0.454735 -43.2152
-0.458958 -0.04573 0.88733 266.041 0.0214325 0.997837 0.0625116 10.563 -0.888257 0.0477046 -0.456973 -44.3096
-0.461928 -0.0451184 0.88583 268.196 0.022312 0.997821 0.0624607 10.712 -0.8867 0.048613 -0.459907 -45.4128
-0.466565 -0.0461957 0.883331 270.368 0.0220478 0.997741 0.0638254 10.8549 -0.884271 0.0492509 -0.464481 -46.5256
-0.466871 -0.048685 0.883046 272.501 0.0206572 0.997634 0.0659276 10.9987 -0.884149 0.0490169 -0.464751 -47.6412
-0.471415 -0.0485495 0.880626 274.68 0.0211621 0.997597 0.0663277 11.1529 -0.881718 0.0499005 -0.469243 -48.7857
-0.472945 -0.0482049 0.879835 276.843 0.021683 0.997587 0.0663153 11.3165 -0.880891 0.0504368 -0.470749 -49.9142
-0.476671 -0.0481607 0.877813 279.001 0.0211234 0.997606 0.0662045 11.4856 -0.878888 0.0500968 -0.4745 -51.0583
-0.483134 -0.0476209 0.874315 281.161 0.0208092 0.997637 0.0658405 11.6342 -0.875368 0.0499992 -0.480991 -52.2246
-0.485008 -0.0469731 0.8733 283.376 0.0210852 0.997662 0.0653737 11.7921 -0.874318 0.0501171 -0.48287 -53.417
-0.487676 -0.0472225 0.871812 285.558 0.0200165 0.997693 0.0652415 11.9598 -0.872865 0.0492629 -0.485595 -54.6123
-0.493117 -0.0474517 0.868723 287.758 0.0199708 0.997655 0.0658318 12.1119 -0.869798 0.0498083 -0.491 -55.8247
-0.493287 -0.0483989 0.868585 289.971 0.020727 0.997538 0.0673594 12.2686 -0.869691 0.0512261 -0.491058 -57.0649
-0.495379 -0.0491735 0.867341 292.174 0.0210194 0.99745 0.0685567 12.4334 -0.868487 0.0521889 -0.493069 -58.3
-0.499294 -0.0496949 0.865073 294.368 0.0205397 0.997419 0.0691563 12.6025 -0.86626 0.0522931 -0.496974 -59.5372
-0.500198 -0.0503789 0.864502 296.607 0.0197865 0.997405 0.069574 12.7732 -0.865751 0.0519024 -0.49789 -60.7953
-0.504453 -0.0504741 0.86203 298.834 0.0204232 0.997338 0.070352 12.9491 -0.86327 0.05309 -0.502068 -62.0852
-0.505128 -0.0506354 0.861616 301.059 0.0206326 0.997308 0.0707074 13.1171 -0.862865 0.0534897 -0.50271 -63.3774
-0.507296 -0.0501976 0.860378 303.29 0.0202499 0.997357 0.0701332 13.2964 -0.861607 0.052996 -0.504927 -64.6716
-0.51093 -0.0486299 0.858305 305.536 0.019489 0.997513 0.0681201 13.4757 -0.859469 0.0515282 -0.508697 -65.9775
-0.512912 -0.0486738 0.85713 307.768 0.0191936 0.997517 0.0681355 13.657 -0.858301 0.0513941 -0.510693 -67.2851
-0.517334 -0.0486551 0.85446 310.035 0.0185347 0.997537 0.068026 13.8317 -0.855651 0.0510254 -0.515144 -68.6092
-0.524616 -0.0494654 0.849973 312.307 0.0172036 0.997518 0.0686745 14.0186 -0.851242 0.0506453 -0.522451 -69.9497
-0.527781 -0.0502757 0.847953 314.554 0.0167036 0.997466 0.069539 14.1956 -0.849286 0.0508611 -0.525589 -71.3192
-0.532033 -0.0505691 0.845287 316.813 0.0166735 0.997423 0.0701694 14.3743 -0.846639 0.051421 -0.529806 -72.7038
-0.537629 -0.0503939 0.841738 319.074 0.0167877 0.997402 0.070438 14.5415 -0.843086 0.0519962 -0.535371 -74.0917
-0.539142 -0.049805 0.840816 321.354 0.0177207 0.997385 0.0704463 14.7255 -0.842107 0.052875 -0.536837 -75.5281
-0.544798 -0.0503392 0.83712 323.619 0.0190953 0.997221 0.072396 14.9069 -0.838422 0.055422 -0.542307 -76.9485
-0.545989 -0.0517833 0.836266 325.88 0.0188102 0.997106 0.0740283 15.0885 -0.837661 0.0561434 -0.543423 -78.3816
-0.549708 -0.0531593 0.83373 328.147 0.0180222 0.997014 0.0754551 15.2684 -0.835237 0.0564994 -0.547093 -79.827
-0.555637 -0.0536795 0.829767 330.387 0.0170955 0.996992 0.0759498 15.4612 -0.83133 0.0563802 -0.553036 -81.3005
-0.55573 -0.0535215 0.829705 332.632 0.017826 0.996956 0.0762522 15.6667 -0.831247 0.0571614 -0.553069 -82.7665
-0.559877 -0.0538919 0.826898 334.876 0.0189062 0.99682 0.0777717 15.8547 -0.828442 0.0591705 -0.557064 -84.2455
-0.565755 -0.0550777 0.8228 337.115 0.0188065 0.996673 0.0796499 16.0433 -0.824435 0.0605317 -0.562821 -85.7648
-0.565293 -0.058494 0.822893 339.383 0.0170451 0.996471 0.0825464 16.252 -0.824797 0.0606836 -0.562288 -87.2477
-0.568829 -0.0592218 0.820389 341.62 0.0164122 0.996416 0.0833105 16.4661 -0.822369 0.0608492 -0.565802 -88.7655
-0.574422 -0.0600611 0.816436 343.849 0.0158971 0.996327 0.0844846 16.6813 -0.81849 0.0615029 -0.571344 -90.292
-0.574356 -0.0608658 0.81641 346.072 0.014008 0.996384 0.0841406 16.8884 -0.818565 0.0597582 -0.571409 -91.8218
-0.579901 -0.0606298 0.812512 348.298 0.0119005 0.99652 0.0828593 17.1006 -0.814686 0.0577136 -0.577149 -93.3598
-0.580782 -0.0594284 0.811958 350.508 0.0108472 0.996709 0.0807117 17.2973 -0.814067 0.0556787 -0.578208 -94.9111
-0.584045 -0.0610103 0.809511 352.734 0.0097473 0.996603 0.0821486 17.51 -0.811749 0.0558632 -0.581454 -96.4742
-0.589526 -0.0623504 0.805414 354.942 0.00961682 0.996436 0.0841793 17.7193 -0.807775 0.0573666 -0.586806 -98.0391
-0.591305 -0.06304 0.804068 357.138 0.0088117 0.996407 0.084605 17.9299 -0.806489 0.0571065 -0.58861 -99.6364
-0.593708 -0.0640685 0.802201 359.336 0.00658013 0.996437 0.0844532 18.1365 -0.804737 0.0554143 -0.591152 -101.225
-0.598209 -0.0671924 0.798608 361.534 0.00464236 0.996204 0.0873002 18.362 -0.801418 0.0559249 -0.59561 -102.818
-0.600101 -0.0695691 0.79697 363.726 0.00247913 0.996077 0.0888181 18.5826 -0.800006 0.0552708 -0.597554 -104.435
-0.603413 -0.0702938 0.794415 365.898 0.000938072 0.996078 0.0888555 18.8045 -0.797521 0.0543557 -0.600964 -106.035
-0.607741 -0.0707106 0.791058 368.053 0.000421269 0.996032 0.0893581 19.0336 -0.794221 0.0546349 -0.605279 -107.641
-0.608209 -0.0713679 0.790652 370.223 0.000100207 0.995977 0.0899835 19.263 -0.79387 0.0548021 -0.605739 -109.288
-0.614798 -0.0719953 0.785469 372.351 -0.000994029 0.995927 0.0905095 19.4924 -0.788772 0.0548594 -0.612344 -110.903
-0.615456 -0.0739037 0.784791 374.523 -0.00384307 0.995898 0.0907749 19.7045 -0.788258 0.052846 -0.613197 -112.561
-0.61754 -0.0773115 0.782809 376.669 -0.0126419 0.996038 0.0883989 19.905 -0.786527 0.0446889 -0.616048 -114.196
-0.623338 -0.07319 0.778614 378.785 -0.0201907 0.996819 0.0775417 20.151 -0.781789 0.0326089 -0.622814 -115.829
-0.623866 -0.0662866 0.778796 380.888 -0.01299 0.997172 0.0744694 20.3118 -0.781515 0.036338 -0.622939 -117.484
-0.625656 -0.0658419 0.777411 382.979 -0.00591114 0.996839 0.0796735 20.4814 -0.780174 0.0452475 -0.624048 -119.143
-0.627589 -0.0735033 0.77515 385.128 -0.00219093 0.995731 0.0926472 20.7159 -0.778635 0.0564414 -0.625046 -120.843
-0.629886 -0.0833348 0.772301 387.234 -0.00719325 0.994847 0.101487 20.9695 -0.776753 0.0583638 -0.62722 -122.511
-0.634403 -0.0899634 0.767834 389.348 -0.0129992 0.994341 0.105763 21.2474 -0.772988 0.0571104 -0.631957 -124.217
-0.635467 -0.0909144 0.766855 391.438 -0.0147755 0.99433 0.105644 21.5127 -0.772086 0.055797 -0.633189 -125.891
-0.638263 -0.0869661 0.764977 393.519 -0.0104195 0.994519 0.10437 21.7513 -0.769845 0.0586397 -0.635644 -127.595
-0.642089 -0.0812662 0.76241 395.596 -0.00584418 0.994892 0.10113 21.9835 -0.766708 0.0604731 -0.639266 -129.3
-0.643641 -0.0788011 0.761347 397.648 -0.00571774 0.995189 0.0981723 22.2273 -0.765404 0.0588298 -0.640968 -131.004
-0.646588 -0.0790756 0.75883 399.713 -0.00584877 0.995134 0.0987217 22.4817 -0.762918 0.0593882 -0.643886 -132.731
-0.65117 -0.0796748 0.754827 401.776 -0.00533631 0.994966 0.100421 22.7349 -0.759014 0.0613582 -0.64829 -134.471
-0.652184 -0.0805606 0.753871 403.799 -0.00486748 0.9948 0.102101 22.9898 -0.758148 0.0629135 -0.649166 -136.196
-0.65373 -0.0811854 0.75245 405.837 -0.00515466 0.99472 0.102848 23.2467 -0.756812 0.0633517 -0.650668 -137.941
-0.657321 -0.0806984 0.749383 407.873 -0.00483924 0.99472 0.102879 23.5141 -0.7537 0.0639918 -0.654222 -139.685
-0.657004 -0.0810141 0.749612 409.889 -0.0046606 0.994664 0.103415 23.7649 -0.753975 0.0644456 -0.653847 -141.436
-0.661905 -0.0890002 0.744393 411.893 -0.00504889 0.993472 0.114297 24.0575 -0.749679 0.0718885 -0.658014 -143.18
-0.663553 -0.0871099 0.743133 413.887 -0.00225589 0.993464 0.114441 24.3523 -0.74823 0.0742562 -0.659383 -144.931
-0.664775 -0.0945357 0.741149 415.892 -0.00358868 0.992395 0.123371 24.6579 -0.747146 0.0793462 -0.660037 -146.699
-0.669076 -0.0947043 0.737229 417.84 -0.00501785 0.992439 0.122937 24.9558 -0.743283 0.0785492 -0.664462 -148.426
-0.667496 -0.0938922 0.738784 419.831 -0.00837628 0.992945 0.118633 25.2491 -0.744679 0.072991 -0.663552 -150.199
-0.668705 -0.0944093 0.737605 421.83 -0.0114947 0.99314 0.116697 25.5377 -0.743547 0.0695522 -0.66517 -151.968
-0.67131 -0.0948722 0.735196 423.809 -0.0116205 0.993042 0.117543 25.8268 -0.7412 0.0703567 -0.667721 -153.743
-0.67153 -0.0958992 0.734841 425.769 -0.0128875 0.992992 0.117813 26.1029 -0.740976 0.0696396 -0.668026 -155.499
-0.672829 -0.0951827 0.733767 427.744 -0.0135809 0.993153 0.116385 26.4033 -0.73979 0.0683341 -0.669495 -157.273
-0.675643 -0.0919226 0.731574 429.698 -0.0130363 0.993572 0.112805 26.6894 -0.737226 0.0666735 -0.672464 -159.039
-0.675423 -0.094103 0.731519 431.653 -0.0128792 0.993221 0.115885 26.9655 -0.737435 0.0688425 -0.672037 -160.822
-0.67741 -0.0974202 0.729226 433.635 -0.0128066 0.992648 0.120716 27.2532 -0.73561 0.0724298 -0.673641 -162.656
-0.676289 -0.0990637 0.730063 435.601 -0.00831679 0.991924 0.126901 27.5495 -0.736707 0.0797413 -0.671631 -164.459
-0.67554 -0.100534 0.730538 437.56 -0.00459927 0.991262 0.132161 27.8515 -0.737426 0.085914 -0.670064 -166.258
-0.675144 -0.102247 0.730685 439.516 -0.00881843 0.991442 0.130597 28.1809 -0.737752 0.0817197 -0.670247 -168.032
-0.67271 -0.104414 0.732605 441.507 -0.0174637 0.992005 0.12535 28.5074 -0.739819 0.0715242 -0.669119 -169.831
-0.670586 -0.106405 0.734282 443.474 -0.0218071 0.992108 0.12386 28.8276 -0.741632 0.0670385 -0.667592 -171.598
-0.669394 -0.110263 0.734782 445.392 -0.0261532 0.991856 0.125016 29.1031 -0.742566 0.0644621 -0.666789 -173.342
-0.666083 -0.106635 0.738336 447.389 -0.020045 0.991978 0.125192 29.4465 -0.745729 0.0685807 -0.662854 -175.114
-0.662911 -0.107189 0.741087 449.358 -0.0192259 0.991856 0.126263 29.7652 -0.748569 0.0694475 -0.659537 -176.885
-0.662259 -0.109345 0.741375 451.318 -0.0214819 0.991709 0.127086 30.0702 -0.749089 0.0682293 -0.659093 -178.611
-0.657975 -0.114236 0.744427 453.315 -0.0278464 0.991489 0.127537 30.3872 -0.752643 0.0631811 -0.65552 -180.354
-0.658068 -0.121937 0.743143 455.305 -0.0368656 0.990885 0.129951 30.7164 -0.752179 0.0581124 -0.656542 -182.067
-0.654969 -0.126298 0.745129 457.33 -0.0439751 0.990681 0.129266 31.044 -0.754494 0.0518922 -0.654384 -183.814
-0.654067 -0.128159 0.745625 459.328 -0.0464652 0.99054 0.129505 31.3728 -0.755132 0.0500514 -0.653812 -185.537
-0.655241 -0.129174 0.7444 461.31 -0.0458036 0.990301 0.131529 31.6899 -0.754152 0.0520806 -0.654766 -187.25
-0.653873 -0.130435 0.745401 463.323 -0.0432571 0.989914 0.135285 32.0211 -0.755491 0.0562075 -0.652897 -189.006
-0.652788 -0.132983 0.745884 465.32 -0.0435864 0.989483 0.13827 32.3781 -0.756408 0.0577441 -0.651683 -190.73
-0.654313 -0.133896 0.744401 467.313 -0.0461691 0.989489 0.137408 32.7257 -0.75494 0.0555318 -0.653593 -192.437
-0.649636 -0.13488 0.748292 469.31 -0.0489471 0.989564 0.135878 33.0822 -0.758791 0.0516384 -0.649423 -194.163
-0.647923 -0.134285 0.749901 471.321 -0.0473644 0.989587 0.136291 33.4147 -0.760359 0.0527797 -0.647512 -195.894
-0.651805 -0.131911 0.746935 473.331 -0.0450378 0.989802 0.135503 33.7586 -0.757173 0.0546747 -0.651063 -197.635
-0.650365 -0.131965 0.748203 475.305 -0.0402885 0.989452 0.139506 34.1069 -0.758685 0.0605771 -0.648797 -199.332
-0.650656 -0.133659 0.747627 477.321 -0.0416228 0.989237 0.140632 34.454 -0.758357 0.0603778 -0.649179 -201.059
-0.648239 -0.134596 0.749578 479.325 -0.0419688 0.989125 0.141325 34.809 -0.760412 0.0601446 -0.646814 -202.776
-0.646781 -0.13781 0.750233 481.35 -0.0426574 0.988589 0.144821 35.1738 -0.761609 0.0616573 -0.645241 -204.495
-0.646664 -0.139171 0.750104 483.37 -0.0445125 0.988477 0.145034 35.5321 -0.761608 0.0603906 -0.645383 -206.193
-0.64533 -0.139745 0.751126 485.372 -0.0450018 0.988425 0.145232 35.8957 -0.762706 0.0599136 -0.644111 -207.893
-0.644833 -0.138933 0.751725 487.387 -0.0454628 0.988625 0.14373 36.2647 -0.763104 0.0584974 -0.643791 -209.61
-0.645684 -0.139338 0.750898 489.406 -0.0450437 0.988502 0.144699 36.6249 -0.762404 0.0595994 -0.644498 -211.317
-0.643559 -0.141117 0.75241 491.417 -0.045361 0.988215 0.146556 36.9975 -0.764185 0.0601784 -0.642352 -213.026
-0.643495 -0.143024 0.752085 493.433 -0.0467027 0.987948 0.147921 37.3643 -0.764154 0.0600551 -0.642382 -214.729
-0.64629 -0.14425 0.74947 495.441 -0.0479416 0.987761 0.148783 37.7355 -0.761721 0.0602173 -0.64527 -216.416
-0.645138 -0.144429 0.750409 497.438 -0.0474009 0.9877 0.149351 38.1174 -0.762726 0.0607745 -0.644011 -218.112
-0.646953 -0.144386 0.748873 499.453 -0.0476763 0.987702 0.149256 38.4897 -0.761176 0.0608491 -0.645856 -219.808
-0.646329 -0.144589 0.749354 501.448 -0.0469997 0.987617 0.150027 38.8682 -0.761743 0.0617395 -0.645083 -221.511
-0.646152 -0.147162 0.749024 503.468 -0.0483073 0.987208 0.152296 39.2527 -0.761817 0.0622139 -0.644969 -223.219
-0.648491 -0.14836 0.746744 505.489 -0.0487166 0.986957 0.15378 39.6344 -0.759795 0.0633383 -0.647223 -224.945
-0.647363 -0.14821 0.747773 507.489 -0.0483924 0.986981 0.153738 40.017 -0.760785 0.0633284 -0.646081 -226.658
-0.646982 -0.148914 0.747944 509.489 -0.0484017 0.986843 0.154612 40.4069 -0.761102 0.0638213 -0.645639 -228.366
-0.648338 -0.14956 0.746659 511.485 -0.0488001 0.986719 0.155284 40.7929 -0.759929 0.0642296 -0.647 -230.07
-0.646505 -0.150061 0.748127 513.479 -0.0485945 0.986629 0.15591 41.1806 -0.761496 0.0644334 -0.645116 -231.78
-0.646748 -0.150613 0.747827 515.487 -0.049851 0.986616 0.155605 41.5726 -0.761216 0.0633476 -0.645575 -233.485
-0.645885 -0.151524 0.74837 517.492 -0.0507076 0.986512 0.155981 41.9619 -0.761885 0.0627891 -0.644819 -235.203
-0.645246 -0.152485 0.748745 519.511 -0.0516199 0.986398 0.156412 42.3577 -0.762373 0.0622641 -0.644314 -236.906
-0.645528 -0.153759 0.748224 521.485 -0.0524715 0.986197 0.157396 42.7407 -0.762071 0.0623342 -0.644647 -238.579
-0.644037 -0.155561 0.749157 523.505 -0.0529006 0.985876 0.15925 43.1515 -0.763309 0.0629219 -0.643144 -240.305
-0.642992 -0.155222 0.750106 525.506 -0.0531757 0.985989 0.158456 43.5537 -0.764166 0.0619892 -0.642199 -242.004
-0.64371 -0.154796 0.749599 527.499 -0.0525567 0.986017 0.158498 43.9495 -0.763612 0.0626191 -0.642817 -243.683
-0.642214 -0.155387 0.75074 529.507 -0.05286 0.985943 0.158853 44.349 -0.764843 0.0623235 -0.641361 -245.387
-0.642126 -0.156341 0.750636 531.506 -0.0523795 0.985703 0.160505 44.7594 -0.764958 0.0637351 -0.641106 -247.07
-0.643859 -0.157109 0.748971 533.483 -0.0537299 0.985619 0.160564 45.1498 -0.763398 0.0631284 -0.643002 -248.737
-0.643945 -0.157201 0.748897 535.506 -0.0543831 0.985652 0.160148 45.5473 -0.763286 0.062388 -0.643227 -250.455
-0.644439 -0.157171 0.74846 537.497 -0.0532173 0.985553 0.161141 45.9546 -0.762947 0.0640042 -0.643452 -252.15
-0.647362 -0.157408 0.745902 539.493 -0.052247 0.985365 0.162609 46.3604 -0.760542 0.066284 -0.646083 -253.83
-0.645508 -0.159362 0.747077 541.507 -0.0521713 0.984966 0.165032 46.7704 -0.762117 0.0675429 -0.644076 -255.548
-0.647227 -0.158857 0.745714 543.496 -0.0534904 0.98516 0.163451 47.1781 -0.760572 0.0658892 -0.646089 -257.24
-0.646231 -0.15768 0.74681 545.509 -0.0538598 0.985467 0.161467 47.5864 -0.761388 0.0641112 -0.64529 -258.943
-0.645966 -0.158061 0.746975 547.499 -0.0536719 0.985373 0.162105 47.989 -0.761631 0.0646102 -0.644971 -260.628
-0.648492 -0.161335 0.744066 549.503 -0.05341 0.984581 0.166938 48.411 -0.759495 0.0685066 -0.647068 -262.336
-0.647032 -0.163043 0.744981 551.489 -0.0528371 0.984171 0.169513 48.8326 -0.760786 0.0703046 -0.645374 -264.036
-0.647067 -0.162878 0.744971 553.503 -0.0520523 0.984137 0.16996 49.2594 -0.760805 0.0711866 -0.645239 -265.758
-0.648545 -0.162149 0.74386 555.489 -0.0518337 0.984249 0.169371 49.6955 -0.759565 0.0712742 -0.646704 -267.454
-0.646956 -0.163079 0.745024 557.489 -0.0528191 0.984165 0.169562 50.1147 -0.760847 0.0703359 -0.645283 -269.159
-0.648302 -0.163772 0.74372 559.477 -0.0523612 0.983933 0.171039 50.5456 -0.759738 0.0719289 -0.646432 -270.837
-0.647364 -0.164548 0.744349 561.484 -0.0512356 0.983669 0.172896 50.9801 -0.760611 0.0737771 -0.645179 -272.575
-0.647088 -0.166161 0.744248 563.488 -0.0518428 0.983356 0.174482 51.4123 -0.760809 0.0743074 -0.644903 -274.282
-0.648091 -0.167453 0.743068 565.484 -0.0534348 0.983187 0.174962 51.8621 -0.759841 0.0736736 -0.6461 -275.997
-0.646177 -0.167895 0.74465 567.487 -0.0526817 0.98305 0.175946 52.3026 -0.761525 0.0744484 -0.644042 -277.717
-0.64563 -0.168582 0.744954 569.487 -0.0517468 0.98281 0.177565 52.7489 -0.762051 0.0760796 -0.643212 -279.422
-0.647762 -0.170679 0.742637 571.425 -0.0546715 0.982545 0.178143 53.1904 -0.760035 0.0747789 -0.645759 -281.065
-0.646802 -0.172191 0.743111 573.416 -0.0565461 0.982388 0.178422 53.6366 -0.760717 0.0733705 -0.645106 -282.781
-0.647351 -0.17274 0.74252 575.381 -0.0570146 0.982289 0.178826 54.0916 -0.760215 0.0734144 -0.645708 -284.466
-0.647249 -0.171199 0.742952 577.376 -0.0559217 0.982557 0.177696 54.5438 -0.760384 0.0734531 -0.645492 -286.196
-0.64652 -0.170461 0.743771 579.375 -0.0544081 0.982603 0.177917 54.991 -0.761114 0.0745447 -0.644519 -287.911
-0.647346 -0.171624 0.742771 581.338 -0.0542252 0.982285 0.179711 55.4458 -0.760425 0.0760444 -0.645144 -289.594
-0.646047 -0.171768 0.743883 583.338 -0.0529733 0.982156 0.180794 55.8916 -0.761618 0.0773796 -0.643591 -291.305
-0.646048 -0.171573 0.743915 585.267 -0.0532837 0.982235 0.180268 56.3323 -0.761596 0.0768084 -0.643673 -292.967
-0.644795 -0.172073 0.744899 587.268 -0.0541146 0.982228 0.180067 56.7925 -0.7626 0.0757805 -0.642618 -294.667
-0.644354 -0.172521 0.745164 589.253 -0.0538617 0.982105 0.180807 57.2471 -0.76299 0.0763531 -0.642075 -296.354
-0.643271 -0.173231 0.745948 591.242 -0.0536447 0.981937 0.181788 57.6971 -0.76392 0.0769063 -0.640915 -298.052
-0.643608 -0.173756 0.745524 593.192 -0.0533399 0.98177 0.182773 58.1522 -0.763658 0.0778529 -0.641103 -299.707
-0.643347 -0.175473 0.745359 595.199 -0.0546889 0.981492 0.183873 58.6182 -0.763784 0.0775145 -0.641006 -301.417
-0.642967 -0.176489 0.745436 597.177 -0.0562514 0.981408 0.183843 59.084 -0.76399 0.0762579 -0.640901 -303.095
-0.640898 -0.17697 0.747114 599.182 -0.0569711 0.981413 0.183611 59.555 -0.765675 0.0750951 -0.639038 -304.795
-0.642186 -0.176881 0.746017 601.185 -0.0560016 0.981307 0.184465 60.0195 -0.764666 0.0766674 -0.640047 -306.489
-0.643543 -0.176811 0.744876 603.141 -0.05536 0.981226 0.185098 60.4762 -0.763572 0.077865 -0.641219 -308.148
-0.641743 -0.177782 0.746187 605.149 -0.0550337 0.980998 0.1864 60.9588 -0.765111 0.078539 -0.63929 -309.856
-0.642087 -0.177948 0.745862 607.144 -0.0558169 0.981028 0.186017 61.4327 -0.764766 0.0777897 -0.639806 -311.539
-0.64327 -0.177382 0.744967 609.095 -0.0560983 0.981168 0.185187 61.8989 -0.763751 0.0773176 -0.641064 -313.197
-0.641756 -0.177075 0.746358 611.111 -0.0558232 0.981254 0.184819 62.3732 -0.765045 0.0769261 -0.63958 -314.897
-0.642506 -0.177187 0.745674 613.042 -0.0554837 0.981173 0.185344 62.8384 -0.764441 0.0776948 -0.640197 -316.557
-0.642317 -0.178369 0.745569 615.098 -0.0550498 0.980838 0.187243 63.3204 -0.764632 0.0792067 -0.639797 -318.283
-0.642334 -0.179815 0.745194 617.097 -0.0548967 0.980456 0.189269 63.7896 -0.764629 0.080648 -0.639609 -319.979
-0.643252 -0.180497 0.744251 619.065 -0.054686 0.980236 0.190478 64.2722 -0.763873 0.0818058 -0.640379 -321.667
-0.642999 -0.180757 0.744394 621.072 -0.0555723 0.980271 0.190035 64.7621 -0.764023 0.080807 -0.640314 -323.379
-0.642519 -0.18136 0.744674 623.064 -0.0556907 0.980142 0.190671 65.2462 -0.764417 0.0810183 -0.63983 -325.068
-0.642471 -0.181926 0.744565 625.038 -0.0553534 0.979963 0.191684 65.7286 -0.764484 0.0819194 -0.639624 -326.741
-0.642121 -0.182843 0.744658 627.057 -0.0548037 0.979677 0.193307 66.2219 -0.764819 0.0832961 -0.63906 -328.455
-0.641712 -0.183255 0.744895 629.055 -0.0545439 0.979553 0.194 66.7152 -0.76518 0.0838449 -0.638542 -330.145
-0.641851 -0.183467 0.744738 631.019 -0.0537088 0.979401 0.195003 67.1943 -0.765124 0.0851436 -0.638451 -331.805
-0.640571 -0.183966 0.745704 633.048 -0.0530777 0.979238 0.195989 67.6905 -0.766241 0.085946 -0.63699 -333.521
-0.640921 -0.184126 0.745376 635.01 -0.0526847 0.979141 0.196584 68.1828 -0.765975 0.0867041 -0.63722 -335.167
-0.639899 -0.185303 0.745952 637.029 -0.0520099 0.978785 0.19853 68.6817 -0.766878 0.0882227 -0.635915 -336.873
-0.639642 -0.185806 0.746059 639.014 -0.0518013 0.978634 0.199331 69.1803 -0.767105 0.0888321 -0.635567 -338.542
-0.639789 -0.185931 0.745892 640.976 -0.0523996 0.978665 0.199015 69.6693 -0.766944 0.0882229 -0.635836 -340.186
-0.639267 -0.184309 0.746751 642.971 -0.0507162 0.978919 0.198208 70.1762 -0.767491 0.0888143 -0.635103 -341.878
-0.63917 -0.184595 0.746754 644.958 -0.0505302 0.978824 0.198717 70.673 -0.767586 0.0892602 -0.634917 -343.547
-0.638694 -0.184717 0.747141 646.921 -0.0498492 0.978727 0.199372 71.1725 -0.768027 0.0900717 -0.634279 -345.185
-0.637798 -0.185456 0.747718 648.949 -0.0497511 0.978548 0.200276 71.6852 -0.768781 0.0905148 -0.633295 -346.873
-0.637042 -0.186335 0.74815 650.894 -0.0513002 0.978515 0.200042 72.1754 -0.769304 0.0890327 -0.632876 -348.499
-0.636607 -0.187363 0.748261 652.925 -0.0519217 0.978326 0.200804 72.6989 -0.769628 0.0889604 -0.63249 -350.198
-0.637514 -0.186557 0.747694 654.893 -0.0504369 0.978341 0.201114 73.2056 -0.768972 0.0904782 -0.633077 -351.863
