0.999998 -0.00160685 -0.0014641 -0.00534473 0.00160477 0.999998 -0.000948164 -0.00930681 0.00146492 0.000945628 0.999999 0.572169
0.999995 -0.00178123 -0.00262666 -0.00790513 0.00177564 0.999997 -0.00213719 -0.0247283 0.00263052 0.00213257 0.999995 1.1196
0.999983 -0.00222189 -0.00551551 0.00706051 0.00219848 0.999991 -0.00414148 -0.0238003 0.00552327 0.00412902 0.99998 1.70228
0.999966 -0.00382788 -0.00748706 -0.00112848 0.00377817 0.999972 -0.0066194 -0.0216018 0.00751208 0.00659085 0.999952 2.31945
0.999939 -0.00620843 -0.00930052 0.0458076 0.00612559 0.999944 -0.0088107 -0.0294908 0.00935313 0.00875281 0.999922 2.76985
0.999934 -0.00713197 -0.00910243 -0.0109084 0.0070368 0.999923 -0.0104045 -0.0255755 0.00917564 0.0103397 0.999906 3.38032
0.999937 -0.00727542 -0.0088503 -0.0669155 0.00718809 0.999928 -0.00976198 -0.0438783 0.00891852 0.00969729 0.999918 3.9817
0.999948 -0.00766528 -0.0069943 -0.148788 0.00759565 0.999924 -0.00984915 -0.0681533 0.00706873 0.00979525 0.99993 4.58617
0.999952 -0.00582702 -0.00820725 -0.154984 0.0057205 0.999904 -0.0128313 -0.0867595 0.00827889 0.0127832 0.99989 5.17469
0.999951 -0.00413773 -0.00929229 -0.173075 0.00398466 0.99986 -0.0163621 -0.107821 0.00935793 0.016324 0.999826 5.78626
0.999952 -0.00290804 -0.00975095 -0.216574 0.00270098 0.999777 -0.0210912 -0.10722 0.00980763 0.0210633 0.999737 6.45586
0.999953 -0.000892447 -0.00994661 -0.256683 0.000679624 0.999774 -0.021322 -0.119458 0.00996262 0.021314 0.999727 7.11335
0.999949 0.00163099 -0.0104156 -0.284187 -0.0017634 0.999925 -0.0126174 -0.166771 0.0103917 0.0126344 0.999875 7.7737
0.999941 0.0028081 -0.010758 -0.277146 -0.00282302 0.999997 -0.00131684 -0.201583 0.0107533 0.00134688 0.999945 8.35091
0.999929 0.00434156 -0.0114903 -0.280664 -0.00427215 0.999978 0.00612041 -0.229363 0.0115139 -0.00607139 0.999924 9.00622
0.999903 0.00655261 -0.0124972 -0.300495 -0.00647708 0.999963 0.0061184 -0.25834 0.0125358 -0.00603714 0.999907 9.70477
0.999881 0.00900648 -0.0128596 -0.31945 -0.00899677 0.999965 0.000861373 -0.295237 0.012864 -0.000746095 0.999926 10.3865
0.99985 0.00852188 -0.0153262 -0.311252 -0.00860699 0.999952 -0.00545371 -0.286399 0.0152778 0.00558445 0.999874 11.1103
0.999856 0.00676138 -0.0158357 -0.326158 -0.00681764 0.999978 -0.00346027 -0.298075 0.015809 0.00356724 0.999879 11.8477
0.999848 0.00578573 -0.0167638 -0.324567 -0.0056944 0.999974 0.00551389 -0.301586 0.0167939 -0.00541781 0.999852 12.6067
0.999825 0.00541755 -0.018181 -0.32552 -0.00519373 0.999918 0.0123733 -0.297011 0.0182433 -0.0122772 0.99977 13.3995
0.999813 0.00448356 -0.0191503 -0.329917 -0.00420374 0.99989 0.0146444 -0.295181 0.0192123 -0.0145615 0.999718 14.1872
0.999818 0.00263612 -0.0191994 -0.34128 -0.00237149 0.99991 0.0138312 -0.297294 0.0192307 -0.0137837 0.999732 14.9853
0.999838 0.0020456 -0.0182394 -0.35656 -0.0018327 0.999936 0.0117036 -0.296772 0.0182604 -0.0116686 0.999774 15.7904
0.999866 0.00465165 -0.0160808 -0.401794 -0.00451575 0.999962 0.00852278 -0.3 0.0161163 -0.00844962 0.999848 16.6457
0.999903 0.00153446 -0.0143463 -0.428161 -0.00149604 1 0.00271441 -0.299293 0.0143485 -0.00269315 0.999903 17.5132
0.99991 -0.00149444 -0.0139137 -0.435654 0.00143866 1 -0.00395596 -0.300451 0.013916 0.00393495 0.999909 18.3971
0.999927 -0.00063909 -0.0126218 -0.460843 0.000517477 0.999961 -0.00960259 -0.303116 0.0126254 0.00959483 0.999884 19.3239
0.999933 0.000486287 -0.0122466 -0.479728 -0.000616967 0.999951 -0.0106035 -0.314682 0.0122372 0.0106097 0.999879 20.2467
0.999942 0.000502704 -0.0114546 -0.506689 -0.000624182 0.999951 -0.0105627 -0.326297 0.0114467 0.0105687 0.999889 21.1763
0.999956 0.00195937 -0.010043 -0.538942 -0.00207976 0.999935 -0.0119162 -0.348126 0.0100153 0.0119359 0.999889 22.1134
0.999949 0.00471956 -0.00989735 -0.555954 -0.00485916 0.999897 -0.0140863 -0.366032 0.00982773 0.014133 0.999862 23.0672
0.999926 0.0081141 -0.0100782 -0.573838 -0.00826295 0.999867 -0.0147325 -0.389225 0.00995355 0.014814 0.999852 24.0453
0.999907 0.00976384 -0.0104572 -0.583923 -0.00991762 0.99985 -0.0147283 -0.412975 0.0103095 0.0148299 0.999848 25.0047
0.999899 0.0106598 -0.0104051 -0.605255 -0.0108118 0.999845 -0.0145897 -0.442058 0.0102441 0.0147 0.999851 25.9883
0.999895 0.0108 -0.0106259 -0.618227 -0.0109522 0.999844 -0.0143597 -0.471176 0.0104669 0.0144739 0.999852 26.9887
0.999878 0.0119853 -0.0109912 -0.637691 -0.012131 0.99985 -0.0132226 -0.497981 0.0108271 0.0133536 0.999864 27.9897
0.999864 0.012411 -0.0117511 -0.650129 -0.0125478 0.999861 -0.0116115 -0.518715 0.0116031 0.0117566 0.999876 28.9985
0.999851 0.0124054 -0.0128622 -0.656167 -0.0125388 0.999881 -0.0103015 -0.545629 0.0127289 0.0104605 0.999877 30.0154
0.999849 0.0120971 -0.0132418 -0.671926 -0.0122539 0.999863 -0.0118011 -0.566401 0.0130947 0.0119608 0.999856 31.0504
0.999828 0.0133176 -0.0138092 -0.685936 -0.0134984 0.999838 -0.0130385 -0.58849 0.0136293 0.0132219 0.999833 32.0893
0.999823 0.0129602 -0.0143528 -0.70618 -0.0131395 0.999844 -0.0124438 -0.609123 0.0141868 0.0126295 0.999833 33.1351
0.999831 0.0125994 -0.0142611 -0.734443 -0.0127429 0.999883 -0.00997265 -0.631586 0.0141298 0.0101519 0.999863 34.184
0.999826 0.0126962 -0.0144355 -0.759863 -0.0127864 0.999907 -0.00613372 -0.656914 0.0143537 0.0063166 0.999891 35.2537
0.999817 0.0124164 -0.0154514 -0.782065 -0.0124789 0.999927 -0.0039102 -0.674286 0.0153978 0.00410149 0.999888 36.2974
0.99982 0.0123985 -0.0151067 -0.821349 -0.0124485 0.999926 -0.00320108 -0.696616 0.0150632 0.00338792 0.999896 37.3421
0.999831 0.0124165 -0.0144942 -0.865311 -0.0124907 0.999921 -0.00498636 -0.712163 0.0144272 0.00516581 0.999899 38.4263
0.999818 0.0129525 -0.0147905 -0.894497 -0.0130369 0.999908 -0.00559955 -0.730657 0.014714 0.0057907 0.999891 39.5193
0.999804 0.0128137 -0.0159194 -0.911413 -0.0128874 0.999918 -0.00448565 -0.752126 0.0158567 0.00468916 0.99988 40.6138
0.999788 0.0130202 -0.0166487 -0.938877 -0.0130684 0.99992 -0.00275867 -0.770172 0.0166088 0.00297491 0.999874 41.7059
0.999764 0.0133835 -0.0178728 -0.957126 -0.0133963 0.999922 -0.000551798 -0.788138 0.0178602 0.000790379 0.999856 42.7882
0.999729 0.0147516 -0.01862 -0.981283 -0.014768 0.999899 -0.000713802 -0.809746 0.0186051 0.000987858 0.999842 43.8844
0.9997 0.0162216 -0.0190653 -1.00302 -0.0163069 0.99987 -0.00428049 -0.837213 0.0189896 0.0045894 0.999826 44.9944
0.999686 0.0173837 -0.0186739 -1.03684 -0.0175275 0.999826 -0.00753149 -0.868558 0.0185373 0.00785559 0.999814 46.0872
0.999703 0.0177858 -0.0174964 -1.08109 -0.0179251 0.999822 -0.00778706 -0.894879 0.0173512 0.00809768 0.999835 47.1618
0.999723 0.0183854 -0.0155031 -1.1345 -0.0184642 0.999827 -0.00490198 -0.922195 0.0154082 0.00518639 0.999886 48.2417
0.999733 0.0184711 -0.0149108 -1.16671 -0.0185021 0.99984 -0.00188704 -0.956418 0.0148702 0.00216192 0.999906 49.3327
0.999792 0.0158598 -0.0137864 -1.20761 -0.015848 0.999883 0.00103461 -0.992152 0.0137992 -0.000816069 0.999924 50.4138
0.999822 0.0151808 -0.012579 -1.23492 -0.0151655 0.999897 0.00135022 -1.02418 0.0125948 -0.00115962 0.999942 51.5095
0.999843 0.0140067 -0.0120725 -1.24804 -0.0140006 0.999911 0.000656433 -1.05324 0.0120782 -0.000487498 0.999947 52.5784
0.999867 0.0141133 -0.00989569 -1.30638 -0.0141283 0.999913 -0.00139189 -1.07137 0.00987172 0.00153109 0.999971 53.693
0.999887 0.0130412 -0.00910043 -1.30989 -0.0130762 0.999918 -0.00372296 -1.09533 0.00904869 0.00384132 0.999971 54.7202
0.9999 0.0119559 -0.00937946 -1.30898 -0.0120172 0.999921 -0.00645075 -1.12806 0.00929808 0.00656235 0.999956 55.7909
0.999913 0.0100986 -0.0100324 -1.30685 -0.0101805 0.999927 -0.00806681 -1.15531 0.00994767 0.00816798 0.999937 56.8875
0.999927 0.00840278 -0.0103851 -1.30936 -0.0084603 0.999964 -0.00547365 -1.18409 0.0103351 0.00556075 0.999954 57.9786
0.999937 0.00677013 -0.0105102 -1.31503 -0.00676579 0.999989 0.000517718 -1.2061 0.010511 -0.000446775 0.999965 59.083
0.999953 0.0049862 -0.0101183 -1.32575 -0.00491705 0.999979 0.00690125 -1.22655 0.0101487 -0.00685151 0.999948 60.1546
0.999959 0.00339218 -0.0100811 -1.34436 -0.00330958 0.999973 0.00823924 -1.24875 0.0101058 -0.00820557 0.999936 61.2724
0.999974 -0.000423755 -0.009252 -1.35627 0.000475711 0.999999 0.00567669 -1.26178 0.00924572 -0.00568124 0.999965 62.3494
0.999985 -0.00175025 -0.00759483 -1.39356 0.00177154 1.00001 0.00287588 -1.27678 0.00758673 -0.00288945 0.999988 63.4185
0.999983 -6.26437e-05 -0.00846063 -1.39621 5.06661e-05 1.00001 -0.00133169 -1.28897 0.00845699 0.0013309 0.999989 64.5253
0.999988 5.92976e-05 -0.00752033 -1.42931 -0.000102724 0.999997 -0.00567644 -1.30237 0.00751687 0.005677 0.999978 65.5912
0.999999 0.00336826 -0.00559799 -1.46797 -0.00340885 0.999985 -0.00725154 -1.31018 0.00556901 0.00727057 0.999986 66.6758
0.999981 0.0070567 -0.0047778 -1.48326 -0.00707659 0.99998 -0.00401009 -1.32792 0.00474623 0.00404365 1 67.7975
0.999975 0.00882823 -0.00366585 -1.51717 -0.00883479 0.999975 -0.00177239 -1.35013 0.00364556 0.00180484 1.00002 68.8985
0.999975 0.00836063 -0.00392414 -1.52375 -0.00837042 0.999976 -0.00231012 -1.35243 0.00390157 0.00234266 1.00001 70.0049
0.999996 0.00652431 -0.00305268 -1.54907 -0.00652994 0.999993 -0.0018794 -1.36721 0.00303583 0.0018994 1.00002 71.1001
1 0.00585984 -0.00124491 -1.57637 -0.00586216 0.999995 -0.00151759 -1.3769 0.00123231 0.0015247 1.00002 72.1847
1.00002 0.00351532 -0.0017438 -1.57892 -0.00351495 1.00001 0.000179245 -1.38852 0.00173974 -0.000173065 1.00003 73.2816
1.00002 0.00242046 -0.000237949 -1.61255 -0.00242073 1.00001 0.000798655 -1.39275 0.000236117 -0.000798158 1.00003 74.3665
1.00002 0.00182387 0.00133923 -1.64291 -0.0018227 1.00001 -0.000815838 -1.41125 -0.00134543 0.000813448 1.00003 75.4415
1.00002 0.0020643 -0.000911425 -1.62853 -0.00206878 1 -0.00468609 -1.42999 0.000897924 0.00468801 1.00002 76.5744
1.00002 0.0025067 -0.00216956 -1.626 -0.00252149 0.99999 -0.00686833 -1.45219 0.00214755 0.0068739 1 77.6449
1.00001 0.0038707 -0.00205106 -1.64558 -0.00388228 0.999993 -0.00556251 -1.47079 0.00202571 0.00557049 1.00001 78.7036
1.00001 0.0046503 -0.00383969 -1.63898 -0.00465613 1.00001 -0.00147997 -1.49209 0.00382818 0.00149792 1.00002 79.7848
0.999992 0.00580815 -0.00465169 -1.65162 -0.00579768 0.999997 0.00231502 -1.51029 0.0046613 -0.00228798 1.00002 80.8574
0.999992 0.0068949 -0.00430395 -1.6814 -0.0068824 0.999991 0.00299917 -1.52926 0.00432039 -0.00296922 1.00002 81.9479
0.999986 0.00695008 -0.004348 -1.70281 -0.00694697 0.999992 0.000793523 -1.54419 0.0043497 -0.000763461 1.00002 83.0292
0.999993 0.00671392 -0.0043621 -1.72764 -0.00671409 0.999995 6.84569e-05 -1.56182 0.00435838 -3.889e-05 1.00003 84.0762
0.999995 0.00618637 -0.00385222 -1.75738 -0.00618897 0.999998 -0.000590768 -1.57407 0.00384491 0.000614493 1.00002 85.1303
1 0.00538907 -0.00403172 -1.77526 -0.00539073 1 -0.000307003 -1.59528 0.00402599 0.000329049 1.00003 86.172
1.00001 0.0040661 -0.00325561 -1.81042 -0.00406409 1.00001 0.00071692 -1.61009 0.00325502 -0.000703851 1.00003 87.1917
1.00001 0.00380091 -0.00322559 -1.83072 -0.00379209 1.00001 0.00289636 -1.62143 0.00323267 -0.00288379 1.00003 88.1884
1.00001 0.00278198 -0.0035627 -1.85048 -0.00276896 1.00001 0.0037638 -1.63932 0.00356976 -0.00375406 1.00002 89.1761
1.00001 0.00165181 -0.00505248 -1.87123 -0.00163215 1.00001 0.00397942 -1.65627 0.00505526 -0.00397087 1.00002 90.1412
0.99999 0.000621896 -0.00793883 -1.89081 -0.000597416 1.00001 0.00314904 -1.6753 0.00793749 -0.00314442 0.999996 91.0989
0.999969 0.000877827 -0.0106426 -1.91776 -0.000854883 1.00002 0.00221982 -1.69281 0.0106408 -0.00221038 0.99998 92.0278
0.999941 0.000426046 -0.0127403 -1.95277 -0.000391286 1.00001 0.00276995 -1.71286 0.0127383 -0.00276495 0.999948 92.9155
0.999914 0.00150508 -0.0148667 -1.98801 -0.00144875 1.00001 0.00383451 -1.72944 0.0148686 -0.00381231 0.999923 93.7994
0.999875 0.0023428 -0.0170189 -2.02617 -0.0022568 1 0.00510666 -1.74815 0.0170275 -0.00506781 0.999876 94.6496
0.999838 0.00324741 -0.0191075 -2.06103 -0.00311609 0.999991 0.00693794 -1.76717 0.0191258 -0.00687695 0.999835 95.4604
0.999787 0.00469777 -0.021188 -2.09696 -0.00452792 0.999976 0.00808933 -1.78287 0.021222 -0.00799187 0.999776 96.2549
0.999718 0.00666038 -0.0238912 -2.12087 -0.00645545 0.999962 0.00867784 -1.79941 0.0239439 -0.00852088 0.999719 97.0183
0.999632 0.00891424 -0.0264765 -2.14926 -0.00871311 0.999953 0.00773899 -1.81839 0.0265403 -0.00750577 0.999655 97.7596
0.999559 0.0106038 -0.0286464 -2.18373 -0.0104952 0.99996 0.00397086 -1.83106 0.028683 -0.00366833 0.999626 98.4524
0.999452 0.0134418 -0.0310196 -2.21964 -0.013439 0.99993 0.000328104 -1.84673 0.0310179 8.8578e-05 0.999554 99.1324
0.999339 0.0147026 -0.0340453 -2.25111 -0.0147724 0.999912 -0.00177304 -1.87124 0.0340118 0.00227488 0.999464 99.8471
0.999218 0.016937 -0.0364045 -2.24993 -0.0170376 0.999872 -0.00242771 -1.89245 0.0363548 0.0030456 0.999371 100.476
0.999161 0.019353 -0.0368064 -2.2516 -0.0194465 0.999831 -0.00216244 -1.91001 0.0367538 0.00287647 0.999365 101.065
0.999187 0.0223639 -0.034267 -2.27755 -0.0224277 0.999767 -0.0014479 -1.92876 0.0342228 0.00221477 0.999448 101.68
0.999278 0.024805 -0.0296855 -2.28127 -0.0248117 0.999715 0.000171927 -1.95196 0.0296769 0.000564892 0.999605 102.266
0.999433 0.0232067 -0.0254292 -2.24075 -0.0231679 0.99975 0.00186346 -1.97343 0.0254622 -0.00127382 0.999712 102.797
0.999629 0.0228549 -0.0165635 -2.22882 -0.0228059 0.999759 0.00319697 -1.96868 0.0166284 -0.00281787 0.999905 103.312
0.999744 0.0231315 -0.0053851 -2.22203 -0.0231096 0.999744 0.00427926 -1.98851 0.00547882 -0.00415435 1.00001 103.796
0.999787 0.021303 0.00527981 -2.17064 -0.0213208 0.999792 0.00313602 -2.00108 -0.00521595 -0.00324765 1.00003 104.25
0.999664 0.0194687 0.0185858 -2.11576 -0.0195051 0.999828 0.00172912 -2.01373 -0.0185528 -0.00209172 0.999863 104.696
0.999289 0.0185369 0.0337031 -2.03562 -0.0184761 0.999851 -0.00215055 -2.01543 -0.0337416 0.00152652 0.999477 105.133
0.998519 0.0184303 0.0517122 -1.9374 -0.0181023 0.999833 -0.00682386 -2.02298 -0.0518332 0.00587691 0.998676 105.548
0.997325 0.0163407 0.0716562 -1.83638 -0.0155141 0.999832 -0.0120967 -2.02956 -0.0718449 0.0109527 0.997405 105.932
0.995414 0.0141092 0.0949059 -1.70223 -0.012651 0.999813 -0.0159609 -2.02889 -0.0951172 0.0146864 0.995397 106.366
0.992711 0.0117685 0.120191 -1.5562 -0.00971811 0.999823 -0.0176428 -2.03275 -0.120379 0.0163462 0.992643 106.732
0.988664 0.00972279 0.150016 -1.42211 -0.00676255 0.999794 -0.0202378 -2.03562 -0.150185 0.0189933 0.988516 107.119
0.982921 0.00746013 0.184042 -1.28854 -0.00348877 0.99978 -0.021901 -2.04734 -0.184166 0.0208847 0.982724 107.502
0.975366 0.00484429 0.220667 -1.12963 0.00023777 0.999757 -0.0230033 -2.05516 -0.220728 0.0224885 0.975118 107.905
0.965753 0.00302722 0.259561 -0.971033 0.00353723 0.999712 -0.0248258 -2.06033 -0.259561 0.0248936 0.965458 108.281
0.954612 0.00319761 0.297931 -0.775576 0.00475479 0.999674 -0.0259682 -2.07751 -0.29792 0.0262055 0.954275 108.62
0.940981 0.00464407 0.338518 -0.564364 0.00459466 0.999665 -0.0264901 -2.09541 -0.338527 0.0264819 0.940637 108.945
0.924285 0.0043015 0.381752 -0.374827 0.00552255 0.999703 -0.0246387 -2.11428 -0.381747 0.0248808 0.923978 109.266
0.905634 0.00367986 0.424119 -0.161808 0.00667907 0.99974 -0.0229396 -2.12949 -0.424091 0.0236074 0.905368 109.572
0.883113 0.00183318 0.469215 0.0363044 0.0097637 0.999725 -0.0222847 -2.15385 -0.469131 0.0242606 0.882844 109.877
0.858244 0.00167939 0.513304 0.248788 0.0116516 0.999699 -0.0227554 -2.18406 -0.513183 0.0255101 0.85796 110.179
0.830959 0.00365969 0.556372 0.469274 0.0118273 0.999658 -0.0242419 -2.2161 -0.556273 0.0267238 0.830622 110.464
0.800916 0.00791519 0.598781 0.709406 0.0104907 0.999599 -0.0272482 -2.24015 -0.598751 0.0281047 0.800506 110.737
0.767464 0.0142547 0.640977 0.960838 0.00720234 0.999519 -0.0308536 -2.25004 -0.641111 0.0282949 0.766984 111.001
0.732851 0.018776 0.68018 1.2567 0.00397359 0.999509 -0.0318747 -2.27373 -0.680439 0.0260618 0.732411 111.232
0.694819 0.0189071 0.718975 1.55361 0.00600038 0.999488 -0.032084 -2.28875 -0.719216 0.0266059 0.694342 111.454
0.655625 0.0162674 0.754959 1.87961 0.0107743 0.99949 -0.0308953 -2.29274 -0.755069 0.0283895 0.65511 111.66
0.613311 0.0145236 0.789743 2.21119 0.0118877 0.999568 -0.0276157 -2.30296 -0.789807 0.0263244 0.612867 111.85
0.56886 0.0131199 0.822375 2.55698 0.0128199 0.999634 -0.0248179 -2.31028 -0.822392 0.0246603 0.568479 112.026
0.522413 0.0109643 0.852655 2.91709 0.0144264 0.999681 -0.0216954 -2.31766 -0.852624 0.0236339 0.522081 112.191
0.473056 0.0068464 0.88105 3.29691 0.0170164 0.999738 -0.016907 -2.33507 -0.880924 0.0229899 0.472811 112.338
0.422267 0.00719829 0.906474 3.67668 0.0142543 0.999812 -0.0145812 -2.34687 -0.906412 0.0190774 0.422079 112.479
0.371858 0.0122206 0.928252 4.06894 0.010994 0.999811 -0.0175687 -2.35591 -0.92828 0.0167379 0.371649 112.603
0.323207 0.0182406 0.946181 4.48059 0.0104499 0.999704 -0.0228434 -2.35154 -0.946323 0.0172696 0.322916 112.698
0.277874 0.0203576 0.960444 4.88904 0.0135874 0.999618 -0.0251209 -2.34932 -0.960577 0.0200301 0.277487 112.772
0.236984 0.0205031 0.971326 5.32042 0.0207332 0.999462 -0.026157 -2.35288 -0.971345 0.0263363 0.236427 112.842
0.203324 0.0195207 0.978959 5.76234 0.0291324 0.999264 -0.0259781 -2.36921 -0.978733 0.033801 0.202602 112.88
0.172116 0.0203054 0.984897 6.21847 0.0336777 0.999103 -0.0264851 -2.3811 -0.984554 0.0377264 0.171274 112.942
0.145068 0.0188325 0.989285 6.70391 0.0304759 0.999286 -0.0234938 -2.40167 -0.989007 0.0335572 0.144386 112.993
0.119045 0.0156235 0.992797 7.19809 0.024372 0.999551 -0.0186539 -2.41335 -0.992642 0.026416 0.118607 113.064
0.0954218 0.0123676 0.995403 7.70618 0.0193297 0.999738 -0.0142764 -2.42203 -0.995304 0.020603 0.0951545 113.107
0.0729646 0.0105439 0.99731 8.22013 0.0230232 0.999682 -0.0122552 -2.43171 -0.997122 0.0238543 0.0726955 113.127
0.0519581 0.0111085 0.998631 8.75276 0.0304406 0.999484 -0.0127038 -2.44545 -0.998241 0.031059 0.0515904 113.141
0.0344731 0.0133508 0.999348 9.3096 0.0364862 0.999251 -0.0146101 -2.45626 -0.998794 0.0369653 0.0339578 113.141
0.0201369 0.0198477 0.999647 9.88235 0.0349644 0.999207 -0.0205455 -2.46336 -0.999242 0.0353656 0.0194251 113.146
0.00792952 0.0256618 0.999671 10.4817 0.0318472 0.999181 -0.0259038 -2.46301 -0.999516 0.0320416 0.00710378 113.171
0.00162659 0.0249688 0.999734 11.0981 0.0339488 0.99914 -0.0250114 -2.48391 -0.999478 0.0339803 0.000776136 113.163
-0.00104017 0.0222418 0.999786 11.7149 0.0400085 0.99898 -0.0221842 -2.49884 -0.999254 0.0399763 -0.00193058 113.143
-0.0023367 0.0216338 0.999812 12.3677 0.0413652 0.998942 -0.0215205 -2.50618 -0.999198 0.0413067 -0.00323013 113.165
-0.00105087 0.0219237 0.999795 13.0552 0.0402035 0.998979 -0.0218656 -2.51873 -0.999247 0.0401715 -0.00193276 113.181
-0.000150715 0.0226871 0.999793 13.7706 0.0361169 0.999121 -0.0226685 -2.53595 -0.999405 0.0361056 -0.000970965 113.205
0.000970034 0.0251609 0.999721 14.4773 0.0353599 0.999084 -0.0251812 -2.53465 -0.999431 0.0353735 7.79477e-05 113.209
0.00239465 0.0263834 0.999699 15.2107 0.0353815 0.999054 -0.0264533 -2.55391 -0.999429 0.0354338 0.00145794 113.212
0.00396814 0.0262858 0.999685 15.9597 0.0351594 0.99906 -0.026411 -2.57474 -0.999432 0.0352524 0.00303866 113.214
0.00435541 0.0248644 0.999733 16.722 0.0338824 0.999144 -0.0249995 -2.60317 -0.999474 0.0339819 0.00350822 113.227
0.004334 0.0247749 0.999722 17.4951 0.0340659 0.999135 -0.0249102 -2.61179 -0.999468 0.0341636 0.00348469 113.242
0.00378187 0.0233677 0.999772 18.2031 0.0360922 0.999102 -0.0234908 -2.60437 -0.999399 0.0361724 0.0029342 113.25
0.00317889 0.0219408 0.999795 19.0015 0.0342176 0.999198 -0.0220389 -2.62706 -0.999468 0.0342802 0.00242429 113.252
0.00211418 0.0222324 0.999807 19.7931 0.0330882 0.999232 -0.022292 -2.63369 -0.99951 0.0331288 0.0013765 113.256
0.00059537 0.0209624 0.999822 20.6172 0.0351095 0.999191 -0.0209726 -2.63932 -0.999443 0.0351154 -0.000142114 113.261
-0.00113207 0.0203337 0.999851 21.4261 0.0363309 0.999165 -0.020281 -2.65405 -0.9994 0.036302 -0.00186997 113.266
-0.00317218 0.0209087 0.99982 22.2675 0.0334798 0.999251 -0.0207931 -2.66517 -0.999495 0.0334074 -0.00387048 113.274
-0.00341283 0.0268046 0.999693 23.1016 0.0302716 0.999217 -0.0266909 -2.68001 -0.999598 0.0301708 -0.00422165 113.271
-0.00450821 0.0416455 0.999168 23.923 0.0302507 0.998709 -0.0414921 -2.59756 -0.999594 0.0300385 -0.00576246 113.276
-0.00525102 0.0437936 0.999087 24.7535 0.0301389 0.998625 -0.0436176 -2.63462 -0.999594 0.0298818 -0.00656367 113.265
-0.00696765 0.0421995 0.99913 25.6065 0.0264134 0.998797 -0.0420034 -2.67502 -0.999689 0.0260979 -0.0080741 113.27
-0.00791648 0.038336 0.999295 26.4696 0.0236332 0.999026 -0.038141 -2.71822 -0.999752 0.0233142 -0.00881464 113.27
-0.00768507 0.0329805 0.999472 27.3197 0.0222323 0.999243 -0.0328043 -2.76326 -0.999786 0.0219686 -0.0084125 113.259
-0.00743313 0.0283348 0.999633 28.1665 0.0192013 0.999452 -0.0281895 -2.79288 -0.999851 0.0189845 -0.00797276 113.252
-0.00729859 0.028208 0.999623 29.0185 0.0162176 0.999503 -0.0280884 -2.82079 -0.999905 0.0160069 -0.00775212 113.253
-0.00568396 0.0355766 0.999413 29.8621 0.0193543 0.999216 -0.0354624 -2.86015 -0.999861 0.019141 -0.00636746 113.242
-0.00471526 0.0469814 0.998933 30.7016 0.0218662 0.998692 -0.0468686 -2.89987 -0.999813 0.0216218 -0.00573595 113.245
-0.00450747 0.052083 0.998696 31.5358 0.0237333 0.9984 -0.0519635 -2.94492 -0.999774 0.0234678 -0.0057358 113.251
-0.00342533 0.0469034 0.998944 32.3807 0.0251674 0.998619 -0.0468038 -2.99267 -0.999742 0.0249803 -0.00460064 113.254
-0.0014829 0.0392524 0.999292 33.2139 0.0287204 0.998853 -0.0391954 -3.04402 -0.999652 0.0286416 -0.0026076 113.239
-7.11835e-07 0.0362321 0.999394 34.0505 0.0297909 0.998932 -0.0362174 -3.09252 -0.999622 0.0297727 -0.00107983 113.231
0.000393436 0.0377041 0.999353 34.8861 0.0294368 0.998889 -0.0377012 -3.13155 -0.999632 0.0294324 -0.000715968 113.234
-0.000880056 0.0383379 0.999317 35.7154 0.0262647 0.998953 -0.038303 -3.18609 -0.999721 0.0262128 -0.00188571 113.246
-0.00190231 0.0384217 0.999325 36.5324 0.0244984 0.998996 -0.0383656 -3.23185 -0.999764 0.024409 -0.00284067 113.241
-0.00348403 0.0378482 0.99933 37.3418 0.0249129 0.999008 -0.0377515 -3.28655 -0.99975 0.0247649 -0.00442315 113.238
-0.00503919 0.0375241 0.99935 38.1497 0.023635 0.999053 -0.0373972 -3.34399 -0.999775 0.0234313 -0.00592031 113.231
-0.00714906 0.0379665 0.999307 38.9583 0.0215652 0.999085 -0.0378064 -3.3872 -0.999809 0.0212801 -0.00796076 113.23
-0.00982806 0.0368564 0.999341 39.7556 0.0196281 0.999167 -0.0366604 -3.43308 -0.999826 0.0192551 -0.0105423 113.236
-0.0120469 0.0360561 0.999333 40.5556 0.0204248 0.999183 -0.0358072 -3.47399 -0.999786 0.0199801 -0.0127728 113.234
-0.0133933 0.0368064 0.9993 41.344 0.0205153 0.999154 -0.0365296 -3.51178 -0.999767 0.0200119 -0.0141359 113.225
-0.0149349 0.0389567 0.999186 42.1307 0.0204787 0.999077 -0.0386491 -3.54179 -0.999747 0.0198851 -0.015718 113.215
-0.0158902 0.0389403 0.999182 42.9086 0.0206019 0.999073 -0.038612 -3.58996 -0.999729 0.0199718 -0.0166764 113.204
-0.0172462 0.0375843 0.999202 43.6948 0.0221058 0.999098 -0.0372018 -3.64009 -0.999676 0.0214468 -0.0180604 113.194
-0.0184243 0.037439 0.999195 44.4717 0.0228295 0.999085 -0.0370174 -3.67799 -0.999637 0.0221294 -0.0192607 113.179
-0.0202382 0.0376675 0.999142 45.2548 0.0217388 0.999104 -0.0372288 -3.71578 -0.999629 0.020967 -0.0210377 113.176
-0.020839 0.0375114 0.999144 46.0084 0.0203965 0.999134 -0.0370891 -3.75208 -0.999643 0.0196065 -0.0215845 113.157
-0.0213698 0.036911 0.999147 46.7522 0.0194355 0.999179 -0.0364996 -3.78965 -0.999653 0.0186391 -0.0220683 113.147
-0.021244 0.0369247 0.999159 47.4725 0.0196387 0.999171 -0.036511 -3.83202 -0.99965 0.018847 -0.02195 113.127
-0.020316 0.0397709 0.99906 48.1824 0.0200549 0.999058 -0.0393662 -3.87301 -0.999663 0.0192365 -0.0210929 113.108
-0.0202678 0.042517 0.998958 48.887 0.0199947 0.998943 -0.0421144 -3.9173 -0.999664 0.0191203 -0.0210949 113.097
-0.0195552 0.0443129 0.998884 49.5979 0.0186218 0.998896 -0.043952 -3.95969 -0.999706 0.017742 -0.0203574 113.084
-0.0185199 0.0479693 0.998745 50.296 0.0208274 0.998679 -0.047584 -3.97307 -0.999682 0.0199198 -0.019493 113.065
-0.0181812 0.0490298 0.998691 51.0027 0.0220126 0.998607 -0.0486286 -4.00621 -0.999663 0.0211003 -0.0192338 113.051
-0.0170967 0.0500362 0.998671 51.6909 0.0241526 0.998506 -0.0496189 -4.03564 -0.999634 0.0232718 -0.018278 113.031
-0.0175134 0.0503722 0.998638 52.3768 0.0204675 0.998572 -0.0500138 -4.08022 -0.999711 0.0195644 -0.0185179 113.028
-0.0168473 0.0506879 0.998642 53.0715 0.0183702 0.998591 -0.0503798 -4.12958 -0.999762 0.0174963 -0.017753 113.026
-0.016596 0.0487798 0.998734 53.7498 0.0192404 0.998672 -0.0484615 -4.18273 -0.999752 0.0184124 -0.0175111 113.014
-0.0171106 0.0480594 0.998769 54.4189 0.0193449 0.998704 -0.0477293 -4.22831 -0.99974 0.0185042 -0.0180163 112.997
-0.0238361 0.047716 0.998639 55.0329 0.0154653 0.998791 -0.0473587 -4.25263 -0.999672 0.014316 -0.0245435 113.07
-0.0293734 0.0467241 0.998547 55.7146 0.011622 0.998886 -0.0464024 -4.30801 -0.999574 0.0102422 -0.0298817 113.061
-0.0350531 0.0503596 0.99818 56.3725 0.0154278 0.998671 -0.0498473 -4.35365 -0.999342 0.0136531 -0.0357814 113.037
-0.0418117 0.0528623 0.997799 57.0452 0.0178673 0.998512 -0.0521559 -4.40133 -0.99904 0.0156476 -0.0426918 113.01
-0.0478673 0.0550613 0.997399 57.7241 0.0171585 0.998411 -0.0542983 -4.43876 -0.998782 0.0145155 -0.0487336 112.966
-0.0544989 0.0551812 0.997061 58.4082 0.0135337 0.998454 -0.0545231 -4.47583 -0.998497 0.0105229 -0.0551589 112.941
-0.0599149 0.0553677 0.996731 59.0902 0.0141832 0.99844 -0.0546147 -4.50689 -0.998178 0.0108654 -0.060604 112.903
-0.0647569 0.0570868 0.996341 59.804 0.0122361 0.998367 -0.0564123 -4.54249 -0.997901 0.00853868 -0.0653469 112.867
-0.0684185 0.0569773 0.996095 60.5069 0.0106228 0.998388 -0.0563835 -4.5847 -0.997677 0.00672451 -0.0689103 112.821
-0.0707639 0.0551954 0.99604 61.2147 0.0117926 0.998478 -0.0544975 -4.61564 -0.997499 0.00789 -0.0713043 112.772
-0.0720192 0.0530049 0.996061 61.9273 0.0142325 0.998575 -0.0521144 -4.65349 -0.997379 0.0104239 -0.0726678 112.719
-0.0724251 0.0515901 0.996117 62.6371 0.0147645 0.998641 -0.0506525 -4.68791 -0.997341 0.0110389 -0.0730857 112.66
-0.0735919 0.0513371 0.996036 63.3854 0.0140515 0.998662 -0.0504393 -4.73664 -0.997269 0.0102848 -0.0742116 112.614
-0.073179 0.0563772 0.995804 64.1078 0.0165013 0.998367 -0.055315 -4.77144 -0.997259 0.0123843 -0.0739871 112.556
-0.0730683 0.0610542 0.995527 64.8536 0.0229788 0.997997 -0.0595244 -4.81806 -0.997142 0.0185273 -0.0743217 112.5
-0.0729613 0.0659583 0.995232 65.591 0.0303502 0.99753 -0.063891 -4.87367 -0.996949 0.0255436 -0.0747804 112.434
-0.0733536 0.0672829 0.995106 66.3574 0.0305649 0.997439 -0.0651928 -4.92864 -0.996918 0.0256336 -0.075219 112.379
-0.073025 0.0646497 0.995313 67.1101 0.0280333 0.99767 -0.0627513 -4.99001 -0.997012 0.0233192 -0.0746645 112.324
-0.0719362 0.0585079 0.995765 67.8585 0.0278721 0.998041 -0.0566335 -5.05792 -0.9971 0.0236802 -0.0734229 112.266
-0.0702273 0.0558924 0.996046 68.62 0.0299107 0.998132 -0.053906 -5.11862 -0.99716 0.0260064 -0.0717655 112.194
-0.0695598 0.0562089 0.996067 69.3732 0.0304101 0.998102 -0.0542055 -5.16672 -0.997196 0.0265201 -0.0711342 112.129
-0.0708764 0.0565578 0.995962 70.1231 0.0287341 0.998127 -0.0546412 -5.22634 -0.997148 0.024745 -0.0723663 112.08
-0.0728378 0.0579421 0.995734 70.8794 0.0283313 0.998063 -0.0560106 -5.27195 -0.997024 0.0241308 -0.0743351 112.031
-0.0746845 0.0580634 0.995599 71.6227 0.0294664 0.99803 -0.0560004 -5.32856 -0.99685 0.025154 -0.0762457 111.975
-0.0755473 0.0588237 0.995482 72.3719 0.030328 0.997967 -0.0566747 -5.37494 -0.996765 0.0259094 -0.0771744 111.91
-0.0780074 0.0575629 0.995373 73.1178 0.0291217 0.998072 -0.0554422 -5.44069 -0.996607 0.0246619 -0.0795307 111.857
-0.0791994 0.0588177 0.995199 73.8769 0.0274266 0.998043 -0.0568092 -5.48099 -0.996567 0.0227956 -0.0806541 111.8
-0.0792543 0.0605268 0.995098 74.6372 0.0281002 0.997927 -0.0584665 -5.5354 -0.996538 0.0233288 -0.0807883 111.732
-0.0795787 0.0607272 0.995055 75.403 0.0269327 0.997944 -0.0587559 -5.59305 -0.996551 0.0221238 -0.0810472 111.672
-0.0811704 0.0607609 0.994929 76.1682 0.0258274 0.997968 -0.0588449 -5.65148 -0.996446 0.0209201 -0.0825719 111.618
-0.0813659 0.0599935 0.994956 76.9428 0.0269163 0.99799 -0.0579818 -5.69431 -0.996408 0.0220628 -0.0828137 111.551
-0.0820495 0.0581841 0.995013 77.7316 0.0243839 0.998147 -0.0563625 -5.74755 -0.996411 0.0196379 -0.0833134 111.489
-0.0836547 0.0564356 0.994977 78.5203 0.0217154 0.998298 -0.0548049 -5.8005 -0.996345 0.0170217 -0.0847343 111.428
-0.0851381 0.0572613 0.994807 79.3345 0.0232469 0.998224 -0.0554743 -5.83975 -0.996179 0.0184033 -0.0863152 111.357
-0.085718 0.0586141 0.994676 80.1269 0.0245932 0.998125 -0.0567051 -5.88533 -0.996104 0.0196015 -0.086995 111.277
-0.0872624 0.0613403 0.994379 80.9281 0.024075 0.997974 -0.0594554 -5.92116 -0.995976 0.0187517 -0.0885594 111.201
-0.0887252 0.0673591 0.993854 81.7596 0.0260643 0.997556 -0.0652906 -5.9503 -0.995804 0.0201111 -0.0902603 111.138
-0.0873916 0.0719075 0.99366 82.5707 0.0284618 0.997196 -0.0696668 -6.00499 -0.995852 0.0221933 -0.0891899 111.047
-0.0879401 0.076215 0.993285 83.3988 0.0299963 0.996849 -0.0738403 -6.06851 -0.995763 0.0233013 -0.0899456 110.969
-0.087383 0.077425 0.993245 84.2462 0.0323978 0.996701 -0.0748506 -6.14117 -0.995733 0.0256384 -0.0895996 110.9
-0.0853252 0.0771415 0.993441 85.0686 0.0361915 0.99661 -0.0742867 -6.20614 -0.995785 0.0296154 -0.0878243 110.803
-0.0851276 0.0754664 0.993593 85.9126 0.036656 0.996723 -0.0725701 -6.27969 -0.995781 0.0302433 -0.0876114 110.734
-0.0837474 0.0738833 0.993824 86.7442 0.0359454 0.996853 -0.0710872 -6.35237 -0.995928 0.0297697 -0.0861361 110.662
-0.0822225 0.0722233 0.994081 87.5946 0.0345395 0.997013 -0.0695863 -6.41885 -0.996102 0.0286131 -0.084468 110.598
-0.0802195 0.0697968 0.994413 88.4548 0.0347708 0.997166 -0.0671929 -6.48571 -0.996261 0.0291862 -0.0824157 110.53
-0.0773695 0.0680782 0.994765 89.315 0.036563 0.997224 -0.0654098 -6.53586 -0.996419 0.0313103 -0.0796405 110.455
-0.0758068 0.0675593 0.994915 90.1793 0.0347994 0.997307 -0.0650781 -6.61415 -0.996606 0.0296888 -0.0779503 110.397
-0.0743227 0.0713213 0.994773 91.0305 0.0356045 0.997031 -0.0688302 -6.69324 -0.996686 0.0303022 -0.076638 110.34
-0.0710461 0.0767553 0.9946 91.8689 0.0357667 0.996624 -0.0743644 -6.7749 -0.996923 0.0302897 -0.0735482 110.261
-0.0695986 0.0790965 0.994528 92.7533 0.0330805 0.996523 -0.0769478 -6.86245 -0.997115 0.0275433 -0.0719701 110.21
-0.0676738 0.0757624 0.994913 93.6046 0.031219 0.996819 -0.0737921 -6.94937 -0.997311 0.0260661 -0.0698205 110.147
-0.0660204 0.0731488 0.995227 94.4868 0.0319727 0.996989 -0.0711649 -7.02837 -0.997395 0.0271213 -0.0681574 110.091
-0.0644594 0.0718468 0.995417 95.3515 0.0334241 0.997034 -0.0698072 -7.10011 -0.997452 0.0287707 -0.0666666 110.027
-0.0631153 0.0713832 0.995544 96.2256 0.0329986 0.997079 -0.069409 -7.17785 -0.99755 0.0284703 -0.0652834 109.971
-0.0626511 0.0717492 0.99554 97.0972 0.0325895 0.997062 -0.0698162 -7.2495 -0.997594 0.0280696 -0.0648022 109.921
-0.0606549 0.0705087 0.995762 97.9523 0.0354418 0.997063 -0.06845 -7.31338 -0.997621 0.0311391 -0.0629726 109.854
-0.0589157 0.0702915 0.995875 98.8222 0.0381359 0.996983 -0.0681221 -7.38089 -0.997626 0.0339644 -0.0614155 109.795
-0.0578704 0.0722751 0.995804 99.6846 0.0404068 0.996767 -0.0700051 -7.44449 -0.997598 0.0361848 -0.0606005 109.743
-0.0560505 0.075385 0.995668 100.543 0.0414783 0.996496 -0.0731212 -7.50858 -0.997658 0.0371992 -0.0589779 109.682
-0.0560796 0.0780332 0.995472 101.401 0.0393008 0.996379 -0.0758988 -7.5718 -0.997746 0.0348653 -0.0589401 109.649
-0.055726 0.0742208 0.995776 102.283 0.0351181 0.996799 -0.0723404 -7.64531 -0.997921 0.030938 -0.0581511 109.611
-0.0560082 0.0727836 0.995877 103.149 0.0310597 0.997021 -0.0711294 -7.72128 -0.998041 0.0269467 -0.0580991 109.575
-0.0571215 0.0738016 0.995729 103.996 0.0277261 0.997034 -0.0723165 -7.79353 -0.998076 0.0234766 -0.0589952 109.533
-0.0588122 0.0782527 0.995302 104.849 0.0247157 0.99677 -0.0769167 -7.87688 -0.998057 0.0200751 -0.0605534 109.496
-0.0596113 0.0811099 0.995015 105.686 0.0239306 0.996561 -0.0798108 -7.94964 -0.998029 0.0190537 -0.061344 109.447
-0.0586868 0.0828635 0.994938 106.534 0.0240737 0.996415 -0.081576 -8.01333 -0.998081 0.0191638 -0.0604684 109.384
-0.0583858 0.0830929 0.994924 107.341 0.0242291 0.996393 -0.0818022 -8.0816 -0.998094 0.0193301 -0.0601853 109.325
-0.0583094 0.0847096 0.994807 108.193 0.0255894 0.996233 -0.0833408 -8.15457 -0.998067 0.0205964 -0.0602545 109.269
-0.0619105 0.0876678 0.994319 109.001 0.0221436 0.996049 -0.0864501 -8.24463 -0.99793 0.0166658 -0.0636038 109.245
-0.0635513 0.0903168 0.993991 109.826 0.0220516 0.99582 -0.0890829 -8.3126 -0.997833 0.0162574 -0.0652743 109.21
-0.0649735 0.0913445 0.993795 110.652 0.0212011 0.995743 -0.0901461 -8.38829 -0.997758 0.0152125 -0.0666294 109.166
-0.0658054 0.0907132 0.993809 111.45 0.0202084 0.995816 -0.0895681 -8.47085 -0.997726 0.014189 -0.06736 109.096
-0.0680678 0.0919848 0.993529 112.254 0.0207112 0.995696 -0.0907752 -8.55855 -0.997563 0.0143984 -0.0696757 109.033
-0.0711543 0.0957843 0.992965 113.052 0.0212878 0.995338 -0.0944979 -8.63548 -0.997336 0.0144139 -0.0728581 108.98
-0.0747224 0.0971588 0.992558 113.845 0.0196248 0.995234 -0.0959518 -8.72318 -0.997109 0.0123092 -0.0762683 108.928
-0.0774816 0.0969974 0.992376 114.627 0.0204207 0.995243 -0.0956937 -8.81503 -0.996883 0.0128503 -0.0790901 108.864
-0.0794763 0.096042 0.9923 115.41 0.0217221 0.995321 -0.0946033 -8.9013 -0.996698 0.0140364 -0.0811856 108.791
-0.0816023 0.0969856 0.992046 116.191 0.0235382 0.995205 -0.0953686 -8.98884 -0.996486 0.0155683 -0.0834899 108.722
-0.08386 0.102064 0.99134 116.972 0.0191694 0.994765 -0.100804 -9.07528 -0.996392 0.0105505 -0.085372 108.671
-0.0853616 0.109413 0.990435 117.741 0.0167983 0.99401 -0.108371 -9.16656 -0.996307 0.0073869 -0.0866841 108.61
-0.0864142 0.112169 0.990029 118.496 0.0222487 0.993655 -0.110647 -9.25354 -0.996111 0.0124659 -0.0883558 108.522
-0.0890979 0.110717 0.989963 119.277 0.0245907 0.993785 -0.108942 -9.34115 -0.995819 0.0146371 -0.0912626 108.45
-0.0903176 0.104523 0.990518 120.063 0.0234525 0.994469 -0.102811 -9.41672 -0.995738 0.0139449 -0.0922634 108.355
-0.0933983 0.102259 0.990477 120.836 0.0219861 0.994722 -0.100635 -9.51523 -0.995486 0.0123777 -0.0951491 108.296
-0.093788 0.106012 0.990037 121.602 0.021767 0.994339 -0.10442 -9.59836 -0.995456 0.0117575 -0.0955585 108.21
-0.0961837 0.109888 0.989393 122.358 0.019426 0.993947 -0.108516 -9.68752 -0.995274 0.00878268 -0.0977316 108.136
-0.097685 0.113067 0.988881 123.124 0.019921 0.993593 -0.111648 -9.77569 -0.995121 0.00879456 -0.0993053 108.058
-0.099045 0.117574 0.988227 123.861 0.0241991 0.993028 -0.115731 -9.86911 -0.99489 0.0124516 -0.101195 107.974
-0.101013 0.122551 0.987418 124.608 0.0248043 0.992431 -0.120646 -9.9603 -0.99468 0.0123065 -0.103282 107.897
-0.104627 0.128214 0.986327 125.351 0.0242053 0.991732 -0.12636 -10.0079 -0.994318 0.0106538 -0.106861 107.836
-0.106652 0.126179 0.986369 126.096 0.0246442 0.991989 -0.124245 -10.1103 -0.994097 0.0110584 -0.1089 107.756
-0.109888 0.123146 0.986402 126.817 0.0289279 0.992314 -0.120673 -10.2054 -0.993625 0.0152739 -0.1126 107.657
-0.114855 0.121412 0.986047 127.557 0.0311131 0.992499 -0.118594 -10.3137 -0.993001 0.0170587 -0.117764 107.563
-0.12048 0.120351 0.985511 128.305 0.0300034 0.992656 -0.117567 -10.4159 -0.992365 0.0154042 -0.1232 107.465
-0.129943 0.120216 0.984321 129.044 0.0295318 0.992695 -0.117352 -10.5242 -0.991189 0.0138207 -0.132535 107.382
-0.140561 0.120826 0.98279 129.767 0.0294492 0.99264 -0.117837 -10.624 -0.989737 0.0123794 -0.143078 107.279
-0.149394 0.122195 0.981314 130.491 0.0305799 0.992475 -0.118942 -10.716 -0.988413 0.0122402 -0.151997 107.119
-0.162493 0.123015 0.979131 131.199 0.0321593 0.992375 -0.119354 -10.8117 -0.986289 0.0120941 -0.165202 107.005
-0.173978 0.123376 0.977107 131.912 0.0361559 0.992296 -0.118868 -10.9019 -0.984194 0.0146484 -0.177088 106.865
-0.185414 0.123698 0.974964 132.619 0.0402233 0.992214 -0.118249 -10.9929 -0.981942 0.017291 -0.188936 106.727
-0.195801 0.124146 0.972872 133.314 0.0460094 0.992069 -0.117349 -11.0788 -0.979673 0.0217846 -0.199948 106.588
-0.203349 0.124038 0.971341 134.028 0.0528264 0.991933 -0.115621 -11.1826 -0.977786 0.0278002 -0.208251 106.414
-0.20992 0.122776 0.970098 134.739 0.0588169 0.991916 -0.112823 -11.2955 -0.97606 0.033374 -0.215431 106.237
-0.216082 0.123315 0.96868 135.452 0.0599689 0.991841 -0.112899 -11.3866 -0.974638 0.0336942 -0.221703 106.072
-0.220727 0.121511 0.967857 136.166 0.0637995 0.991926 -0.109996 -11.4748 -0.973359 0.037469 -0.226683 105.909
-0.220872 0.118587 0.968191 136.844 0.0701635 0.991988 -0.105508 -11.5625 -0.972883 0.0446262 -0.227411 105.717
-0.220536 0.116877 0.968471 137.538 0.0769085 0.991832 -0.102196 -11.6495 -0.972454 0.0519441 -0.22771 105.534
-0.220832 0.115006 0.968633 138.208 0.0792634 0.991903 -0.0997104 -11.7397 -0.972193 0.0547553 -0.228148 105.363
-0.219433 0.121057 0.968208 138.905 0.0819636 0.991096 -0.105356 -11.8179 -0.972291 0.0562375 -0.227387 105.194
-0.217688 0.124586 0.96816 139.585 0.0817056 0.990713 -0.109129 -11.9001 -0.972701 0.0553456 -0.225833 105.034
-0.216139 0.124512 0.968512 140.263 0.0836067 0.990598 -0.108706 -11.9834 -0.972889 0.0574766 -0.224503 104.869
-0.213744 0.122983 0.969243 140.934 0.0847991 0.990685 -0.107015 -12.0667 -0.973311 0.0593142 -0.222169 104.709
-0.210138 0.119856 0.97042 141.59 0.0864462 0.990892 -0.103678 -12.1578 -0.973956 0.0621001 -0.218571 104.536
-0.208046 0.120079 0.970846 142.266 0.0870668 0.990819 -0.103903 -12.2474 -0.974345 0.0629091 -0.216578 104.384
-0.206372 0.12296 0.970839 142.911 0.0874856 0.990462 -0.106863 -12.3244 -0.974669 0.0628789 -0.215148 104.252
-0.201664 0.125037 0.971568 143.566 0.0886841 0.990124 -0.10903 -12.4029 -0.975541 0.0641723 -0.210749 104.111
-0.196403 0.12387 0.972791 144.201 0.0895026 0.990156 -0.108025 -12.4876 -0.976545 0.0658486 -0.205543 103.979
-0.190013 0.121802 0.974324 144.844 0.0904882 0.990272 -0.106162 -12.5741 -0.977714 0.0679894 -0.199175 103.841
-0.185662 0.119322 0.975467 145.474 0.0891565 0.990596 -0.104217 -12.6642 -0.978677 0.0676176 -0.194541 103.721
-0.181608 0.118689 0.97631 146.109 0.0890277 0.990645 -0.103884 -12.7437 -0.979445 0.0680494 -0.190465 103.603
-0.178536 0.116924 0.977086 146.741 0.089441 0.990778 -0.102234 -12.8248 -0.979978 0.0691366 -0.187334 103.498
-0.174289 0.114893 0.978097 147.358 0.0922824 0.990752 -0.0999488 -12.904 -0.980474 0.0728378 -0.183268 103.38
-0.170294 0.113465 0.978964 147.98 0.0937202 0.990756 -0.0985435 -12.9754 -0.981046 0.0749645 -0.179341 103.266
-0.167511 0.11225 0.979589 148.588 0.0911848 0.99105 -0.0979842 -13.0528 -0.981758 0.0729069 -0.176236 103.165
-0.164109 0.113346 0.980036 149.204 0.0882738 0.991125 -0.0998621 -13.1323 -0.982605 0.0701203 -0.172645 103.069
-0.158479 0.117425 0.980486 149.802 0.089257 0.99059 -0.104222 -13.1976 -0.983433 0.0709949 -0.167459 102.961
-0.152458 0.120987 0.981004 150.395 0.090863 0.990037 -0.107996 -13.2661 -0.984245 0.0726689 -0.161921 102.862
-0.145396 0.122673 0.98187 150.979 0.0895072 0.989893 -0.110435 -13.3315 -0.98543 0.0718242 -0.154897 102.772
-0.136657 0.120608 0.983377 151.572 0.0855588 0.990335 -0.109587 -13.4176 -0.987037 0.0691577 -0.145644 102.691
-0.12782 0.118517 0.984821 152.167 0.0843681 0.990582 -0.108275 -13.4994 -0.988316 0.0692444 -0.136607 102.652
-0.118603 0.117023 0.98615 152.735 0.0862198 0.99054 -0.107189 -13.5803 -0.989311 0.0723094 -0.127561 102.632
-0.106047 0.115205 0.987795 153.312 0.0845219 0.990762 -0.106492 -13.6641 -0.990876 0.0721937 -0.114798 102.588
