0.999993 -0.00255751 -0.00304547 -0.00447839 0.00255115 0.999995 -0.00213648 0.00271604 0.00305088 0.00212866 0.999994 0.694124
0.999991 0.000770325 -0.0042183 -0.0121312 -0.000776368 0.999999 -0.00138186 -0.000892979 0.00421725 0.00138514 0.99999 0.722017
0.999993 0.000415614 -0.0038401 -0.00569034 -0.000420789 0.999999 -0.00139956 -0.000835604 0.00383953 0.00140113 0.999992 0.733032
0.999988 0.00111337 -0.00483744 -0.00927456 -0.0011186 0.999999 -0.00104679 0.00751168 0.00483625 0.00105223 0.999988 0.761986
0.999989 -0.00135585 -0.00456598 -0.0110113 0.00135542 0.999998 -0.000126782 -0.00618905 0.00456612 0.000120554 0.999989 0.754774
0.999988 0.00136445 -0.00477922 -0.0103895 -0.00137079 0.999999 -0.00128831 0.00495046 0.00477743 0.00129487 0.999988 0.774516
0.999982 0.00305368 -0.00507962 -0.0147387 -0.00305918 0.999994 -0.00110144 -0.0231354 0.00507629 0.00111698 0.999986 0.788815
0.999989 0.00223497 -0.00410651 -0.00400692 -0.00223088 0.999998 0.0010178 -0.0219334 0.00410873 -0.00100865 0.999991 0.806848
0.999988 0.00336841 -0.00353177 -0.0107072 -0.00336201 0.999992 0.00179359 -0.0473071 0.0035379 -0.00178167 0.999992 0.804377
0.999992 0.00185976 -0.00364278 -0.000370781 -0.00185083 0.999996 0.00248201 -0.0473201 0.00364725 -0.00247526 0.99999 0.813219
0.999998 -0.0015006 -0.00174089 -0.011879 0.00150038 0.999998 -0.00013598 0.0234718 0.00174126 0.000133442 0.999999 0.815975
0.999999 -0.000572827 -0.00199165 -0.00343852 0.000572436 1 -0.000144353 0.003029 0.00199148 0.000143132 0.999998 0.820649
0.999997 -0.00151685 -0.00162464 0.00453104 0.00151628 0.999998 -0.000450062 0.00400587 0.00162552 0.000447709 0.999999 0.832885
0.999998 -0.00169409 -0.0021506 -0.00262818 0.00169473 0.999999 0.000384177 0.0168513 0.00214975 -0.00038789 0.999998 0.854772
0.999997 -0.00130073 -0.00091168 -0.00518854 0.00130122 0.999998 0.000349879 -0.0263482 0.000911427 -0.000350937 0.999999 0.863071
1 0.00122121 -0.00134965 -0.00757047 -0.0012235 0.999999 -0.0015396 -0.00858808 0.00134759 0.00154113 0.999999 0.870604
0.999999 -0.000273553 -0.000595571 -0.00585879 0.000272165 0.999996 -0.00270946 0.00170359 0.000596498 0.00270944 0.999996 0.879068
0.999998 0.00236402 3.97482e-05 -0.015581 -0.0023642 0.999997 -0.00178392 0.00165556 -4.40411e-05 0.00178364 0.999999 0.893934
0.999997 0.00194964 -0.000954291 -0.000452654 -0.00194902 0.999997 0.000375046 -0.0147274 0.000955025 -0.000373035 0.999999 0.907965
1 -0.00113179 -0.000752895 0.00828988 0.00113241 1 0.00120578 -0.00848521 0.000751527 -0.00120675 0.999999 0.915077
0.999999 0.000134873 0.000580286 -0.00371576 -0.000135229 0.999999 0.0010696 -0.00397154 -0.000580152 -0.00106957 0.999999 0.917197
1 3.74239e-05 -0.000398019 -0.00744971 -3.70656e-05 1 0.00161931 -0.0175388 0.000398099 -0.00161944 0.999999 0.907629
0.999999 0.000698893 -0.000228028 0.00407159 -0.000699001 0.999997 -0.00136711 0.00334136 0.000227051 0.00136739 0.999998 0.919632
0.999999 -0.00192515 -0.000604285 -0.00542969 0.00192482 1 -0.000194944 0.000936513 0.000604759 0.000193679 1 0.931686
0.999999 -8.24826e-05 4.61427e-05 0.00424061 8.25538e-05 0.999997 0.00158932 -0.00876772 -4.63386e-05 -0.00158922 0.999998 0.936523
1 0.00106625 0.00135751 -0.0154904 -0.00107071 0.999996 0.00318431 -0.00151072 -0.0013541 -0.00318585 0.999995 0.945444
0.999999 -0.000457411 0.000434295 -0.0146073 0.000456086 0.999992 0.00336217 -0.00309044 -0.000435851 -0.00336185 0.999993 0.950962
1 0.000488979 0.00146489 -0.00477285 -0.000492819 0.999998 0.00254226 -0.00403026 -0.00146362 -0.00254307 0.999997 0.943601
0.999993 0.000103822 0.00324897 -0.00273128 -0.000109208 0.999997 0.00167804 -0.000650872 -0.0032488 -0.00167832 0.999992 0.964039
0.999998 7.05182e-05 0.00262437 0.00247138 -6.50266e-05 0.999999 -0.00213874 -0.0272857 -0.00262445 0.00213847 0.999996 0.933792
0.999993 -0.000611607 0.00341636 -0.00214099 0.000628192 0.999987 -0.00482344 -0.0144178 -0.00341343 0.00482572 0.999981 0.970851
0.999999 -0.000265791 0.00219445 -0.00252771 0.000273176 0.999995 -0.00340612 -0.00857578 -0.00219347 0.00340656 0.999992 0.976895
0.999994 -0.00203734 0.00251099 -0.00195578 0.00203707 0.999997 0.000147858 -0.00344691 -0.00251121 -0.000142596 0.999996 0.99539
0.999996 -0.00120251 0.00269041 -0.00175931 0.00119127 0.999992 0.00414046 -0.00384615 -0.00269542 -0.00413738 0.999989 1.00259
0.999991 -0.00411262 3.38397e-05 -0.00813303 0.00411259 0.999987 0.00281888 0.00430085 -4.5387e-05 -0.0028186 0.999995 1.00434
0.999968 -0.00808123 0.000107819 0.00832646 0.00808123 0.999968 -0.000753875 -0.00560368 -0.000101745 0.000754609 1 1.00996
1 0.000296097 0.000385862 0.00328744 -0.000294383 0.99999 -0.0042375 -0.0152461 -0.000387099 0.00423751 0.99999 1.01028
0.999999 0.000358605 -0.00130346 -0.00092192 -0.000362883 0.999995 -0.00324347 0.0129848 0.00130223 0.00324384 0.999995 1.00244
0.999999 -0.00124259 -0.000734646 0.00270884 0.00124174 0.999998 -0.00120334 0.0214532 0.000736254 0.00120253 0.999998 1.01564
1 -0.000731797 0.00129806 0.0155239 0.000729883 0.999999 0.00143984 0.00622472 -0.00129917 -0.00143896 1 1.03426
0.999999 0.000740536 -0.00141066 -0.0113532 -0.000737975 0.999998 0.00178988 0.0113364 0.00141207 -0.00178877 0.999996 1.03776
1 0.000902786 0.000759558 0.00147409 -0.000902968 1 0.000247071 -0.0298887 -0.000759278 -0.000247762 1 1.03557
0.999996 0.00222494 -0.00187699 -0.00941799 -0.00222276 0.999996 0.00118998 -0.0204236 0.00187968 -0.00118573 0.999998 0.996733
0.999978 -0.00648167 0.0009824 0.00154161 0.00647905 0.999977 0.00271436 0.0701836 -0.00100006 -0.00270814 0.999996 1.00823
0.999998 0.00223126 0.000598728 -0.012143 -0.00223159 0.999997 0.000300121 0.0225633 -0.000597935 -0.000301295 1 1.00099
1 0.00105588 -0.00067223 -0.0107314 -0.00105579 0.999999 -4.09481e-05 -0.0262014 0.000671987 4.15406e-05 1 0.998212
0.999999 0.0011942 0.000364011 -0.00130518 -0.00119388 0.999999 -0.00109454 -0.0301442 -0.000365116 0.00109419 0.999999 1.02976
0.99999 0.00451847 0.00110656 -0.00934214 -0.00451652 0.999988 -0.00170638 -0.026731 -0.00111448 0.00170125 0.999999 1.03572
0.999997 -0.00209325 -0.00100535 -0.00314857 0.00209202 0.999997 -0.00118039 -0.0330809 0.00100805 0.00117839 0.999998 1.02587
0.999993 -0.00327959 -0.00159811 0.00267893 0.00328139 0.999994 0.00110748 -0.0098866 0.00159425 -0.00111277 0.999999 1.02079
1 -0.000619403 -0.000461494 -0.0132171 0.000619564 1 0.000522117 -0.00666433 0.000461377 -0.000522355 1 1.03699
1 0.00132505 -0.000521457 -0.01199 -0.00132633 0.999997 -0.00258165 -0.0164684 0.000517879 0.00258232 0.999997 1.00012
0.99999 0.00439054 0.000142036 -0.0207384 -0.00438985 0.999979 -0.00457389 -0.0187312 -0.000161988 0.00457329 0.999989 1.02416
1 -0.00040684 -0.00163969 -0.0168255 0.000405829 1 -0.000624691 -0.0115513 0.00163984 0.000623929 0.999999 1.03905
0.999999 -0.000299656 0.00106755 -0.00362235 0.000296777 0.999995 0.00270973 -0.00571015 -0.00106821 -0.00270936 0.999995 1.00281
1 -0.00183044 0.000885692 -0.00128026 0.00182659 0.999993 0.00413523 -0.0304698 -0.000893306 -0.0041336 0.999995 0.978519
0.999997 -0.00103415 0.00040742 -0.00266714 0.00103423 0.999996 0.000210573 -0.00185713 -0.000407578 -0.000210197 0.999996 0.996632
1 -0.00175369 -6.63785e-05 -0.00287502 0.00175346 1 -0.000232568 -0.00587008 6.67615e-05 0.000232497 1 0.964341
0.999996 -0.000826038 0.00216458 -0.00147031 0.000827787 0.999995 -0.000709147 -0.0180074 -0.00216401 0.000710874 0.999996 0.995074
0.999999 -0.000978765 0.00202631 -0.00454177 0.000977151 1 0.000707957 -0.000757235 -0.00202694 -0.000705948 0.999999 0.935985
0.99998 -0.0054448 0.00264642 0.0108628 0.00543795 0.999977 0.00266929 0.0088355 -0.00266099 -0.00265493 0.999992 0.97763
0.999999 -0.00210677 0.00138943 0.00532234 0.00210075 0.999994 0.0041246 -0.0134972 -0.00139794 -0.00412163 0.999992 0.963579
0.999996 -0.00131234 0.00187597 0.00697099 0.00131201 0.999994 0.000309491 0.00303872 -0.00187646 -0.000307176 0.999997 0.987828
1 0.0009658 -0.000168166 -0.00659465 -0.000966432 1 -0.00198648 -0.0133535 0.000166279 0.00198677 0.999999 0.93707
0.999999 0.000518407 -0.000532394 -0.00790287 -0.000521727 0.999972 -0.00680684 0.000365087 0.000528853 0.00680695 0.999976 0.940574
1 0.00162168 -0.00080712 -0.00782893 -0.00162456 0.999999 -0.00314314 -0.0193675 0.000802001 0.00314463 0.999997 0.92179
0.999991 0.00337504 0.00141094 -0.00553979 -0.00337571 0.999988 0.000766506 0.0107446 -0.00140832 -0.000771416 0.999997 0.933982
1 0.00184907 -0.000480818 0.00403134 -0.00184902 1 0.000981361 -0.0113013 0.000482593 -0.000980331 1 0.947969
0.999997 0.00111175 0.00066169 -1.04498e-06 -0.00111247 0.999992 0.0017549 -0.00933514 -0.000659659 -0.00175582 0.999996 0.932626
0.999998 0.00194829 0.00250121 0.00959843 -0.00194583 1 -0.00112831 -0.0173345 -0.00250356 0.00112362 0.999998 0.911997
0.999997 0.000379888 -0.000877589 0.00646168 -0.000379502 0.999994 4.01782e-05 -0.00740594 0.000877786 -4.00254e-05 0.999998 0.921006
1 0.00168659 0.00159975 0.00184971 -0.00168787 1 0.000566824 -0.0185601 -0.00159896 -0.00056936 1 0.884246
0.999997 -0.000698727 -0.00068381 0.00213582 0.000698939 0.999994 -0.000260352 -0.026359 0.000684132 0.000259689 0.999998 0.869882
1 0.00204505 -0.000261109 0.00268822 -0.00204538 1 0.000267885 -0.0176074 0.000261516 -0.000267158 1 0.86032
0.999997 0.000690288 0.00048698 -0.0011323 -0.000690755 0.999993 0.00173826 -0.0160503 -0.000485608 -0.00173878 0.999997 0.851874
1 0.000563482 -5.79191e-05 -0.00659957 -0.000563643 1 0.00307675 -0.00434375 5.95236e-05 -0.00307656 0.999997 0.860855
0.999997 0.00125248 -0.00158122 -0.00301843 -0.00125154 0.999995 0.000432588 -0.0136218 0.00158184 -0.0004308 0.999999 0.776771
0.999995 0.00342896 -0.000805769 -0.0141629 -0.00343208 0.999992 -0.00343779 -0.00609067 0.000793864 0.00344076 0.999993 0.80891
0.999994 0.00253706 -0.0016744 -0.0217534 -0.00254629 0.999977 -0.00575246 -0.00680947 0.00165989 0.00575642 0.999983 0.775576
1 0.000637759 -0.000324688 -0.00154296 -0.000639801 0.99999 -0.00517134 -0.0284109 0.000321217 0.00517181 0.999986 0.742398
0.999999 0.000106726 -0.000560344 -0.00939726 -0.00010758 0.999994 -0.00212841 -0.0326267 0.000560252 0.00212823 0.999998 0.772041
1 0.00191475 6.98563e-05 -0.00659761 -0.00191516 1 0.00194523 -0.0229816 -6.62617e-05 -0.00194511 0.999997 0.747158
0.999998 0.000118959 -0.000358271 0.0021964 -0.000118088 0.999995 0.0017036 -0.024694 0.000358657 -0.0017038 0.999999 0.707438
1 -0.0011067 -0.000838397 0.00434622 0.00110381 0.999998 -0.00317775 -0.0170764 0.000841682 0.00317703 0.999994 0.670479
0.999983 -0.00544542 0.000472565 0.00334436 0.00544775 0.999971 -0.00460427 -0.0356035 -0.00044726 0.00460657 0.99999 0.629117
0.999997 -0.00328528 0.00150221 0.000272463 0.00329212 0.999987 -0.00472084 0.00599342 -0.0014869 0.00472601 0.999987 0.616325
0.99999 0.00284413 0.0025335 -0.00342039 -0.00284338 0.999993 -0.000203515 -0.0114483 -0.00253388 0.000196088 0.999998 0.59761
0.999988 0.0034673 0.00430137 -0.0169242 -0.00347879 0.999993 0.00261448 0.00220585 -0.0042925 -0.00262918 0.999987 0.614025
0.999982 -0.00077123 0.00539451 0.000294251 0.000762483 0.999996 0.00166636 -0.0143609 -0.00539555 -0.00166247 0.999985 0.603268
0.999986 -0.0028345 0.00515617 0.00929878 0.00281726 0.999992 0.00332257 -0.00622533 -0.00516575 -0.00330775 0.99998 0.585122
0.999958 -0.00344369 0.00797793 0.0115738 0.00342027 0.999988 0.00297334 -0.0169018 -0.00798787 -0.00294616 0.999964 0.564281
0.999949 0.00210662 0.0102529 0.00420779 -0.00210511 1 -0.000178247 0.0084417 -0.0102535 0.000156874 0.999947 0.543852
0.999876 0.00502333 0.0146853 -0.00449754 -0.00501452 0.999986 -0.000622744 0.00395008 -0.014688 0.000548823 0.999893 0.533616
0.999831 0.00455999 0.0180587 0.00390693 -0.00457308 0.999991 0.000672072 0.00810607 -0.0180556 -0.000754345 0.999836 0.52826
0.999766 -0.000177971 0.0214833 0.0138742 0.000163614 0.999998 0.000678325 -0.00739897 -0.0214831 -0.000674836 0.999771 0.494786
0.999644 -0.00255327 0.0266991 0.0226701 0.00251909 0.999997 0.00130758 -0.0109001 -0.0267027 -0.00123965 0.999641 0.486983
0.999573 -0.00010996 0.0290969 0.0201343 6.37938e-05 0.999997 0.00159461 0.0035668 -0.0290967 -0.00159233 0.999577 0.468188
0.999448 8.70702e-05 0.0333428 0.0254094 -0.000144215 1 0.00170534 -0.0040348 -0.0333429 -0.00170894 0.999441 0.468952
0.999279 -0.000291487 0.0378725 0.0233836 0.000244446 0.999998 0.0012512 -0.00376648 -0.0378725 -0.00124132 0.999283 0.469599
0.999153 0.000752491 0.0412229 0.0328282 -0.000783031 1 0.000721004 -0.00809246 -0.0412227 -0.000752439 0.999148 0.452358
0.998928 0.000597395 0.0462104 0.0338539 -0.000629413 0.999998 0.000681869 -0.0219743 -0.0462096 -0.000710472 0.998933 0.448681
0.998724 0.00137174 0.0505561 0.0270243 -0.00131949 0.999999 -0.00106977 -0.00127667 -0.050558 0.00100195 0.998719 0.456133
0.998505 0.00112783 0.0545786 0.0383346 -0.00108333 0.999998 -0.000843366 -0.00978421 -0.054579 0.000782825 0.998511 0.415574
0.998244 -0.000472011 0.0593033 0.0403356 0.00052492 1 -0.000878846 -0.00800212 -0.0593035 0.000908574 0.998239 0.429321
0.998096 0.00107349 0.06161 0.0431473 -0.00106129 0.999998 -0.000227999 -0.00804396 -0.0616096 0.000162038 0.998101 0.401549
0.99792 0.000792069 0.0645159 0.0402046 -0.000760844 1 -0.0005114 -0.00410824 -0.0645169 0.000461377 0.997916 0.394923
0.997816 -0.00177731 0.0659728 0.0485484 0.00182195 0.999997 -0.000613192 -0.00727407 -0.0659708 0.000731937 0.997822 0.402668
0.997881 -0.0004792 0.0651226 0.0574776 0.000471621 1 0.000127981 0.00276378 -0.0651234 -9.6912e-05 0.997876 0.379132
0.997882 -0.000939835 0.0649928 0.0549599 0.000894642 0.999999 0.000727809 -0.0197046 -0.0649926 -0.000668184 0.997887 0.395411
0.997922 0.00241475 0.0644317 0.0447519 -0.00259619 0.999993 0.0027286 -0.00725767 -0.0644254 -0.00289016 0.997917 0.379262
0.997967 -0.000504398 0.0636853 0.0534563 0.000431427 0.999999 0.00116392 -0.00890016 -0.0636851 -0.0011341 0.997971 0.384264
0.998083 -0.00232142 0.0618872 0.0529846 0.00229266 0.999997 0.000531235 -0.000947233 -0.061889 -0.000388309 0.998082 0.386791
0.998235 -0.00495053 0.0591285 0.0525382 0.0049658 0.999988 -0.000106669 -0.000921727 -0.0591264 0.000400024 0.998252 0.371635
0.998389 0.00116764 0.0567934 0.0427239 -0.00109773 0.999998 -0.00126627 0.00510854 -0.0567955 0.00120193 0.998384 0.381639
0.998461 0.00319076 0.0553088 0.0467605 -0.00311709 0.999995 -0.00141379 0.0124258 -0.0553122 0.00123919 0.99847 0.371715
0.998662 0.000719438 0.0517533 0.0265299 -0.000686831 0.999999 -0.000652518 -0.0111813 -0.0517544 0.000616115 0.998659 0.368289
0.998866 -0.00465567 0.0473258 0.0508675 0.00464177 0.99999 0.000407655 -0.00447705 -0.0473264 -0.000187442 0.998881 0.390391
0.999013 -0.0115284 0.0429703 0.0608408 0.0114077 0.999929 0.00304801 -0.0144785 -0.0430032 -0.00255485 0.999071 0.371501
0.999253 -0.0045888 0.0383256 0.0497147 0.00453162 0.999989 0.00158442 0.00877928 -0.0383317 -0.0014095 0.999265 0.376811
0.999372 0.00288511 0.0353776 0.0131024 -0.00279809 0.999992 -0.00251671 0.0133541 -0.0353853 0.0024161 0.99937 0.389245
0.999421 0.00895392 0.0327735 0.00632528 -0.00880853 0.999952 -0.00456873 -0.000397269 -0.0328121 0.00427751 0.999454 0.376974
0.99956 0.00514122 0.0292838 0.0125409 -0.00505619 0.999982 -0.00298799 -0.00169811 -0.0292993 0.00283848 0.999566 0.398803
0.999639 0.000257339 0.0267604 0.010632 -0.000230264 1 -0.00100027 -0.01684 -0.02676 0.000993867 0.999642 0.407985
0.999701 -0.00550687 0.0239609 0.0379263 0.0055513 0.999982 -0.00180319 0.00255114 -0.0239512 0.0019355 0.999711 0.410667
0.99976 -0.00416165 0.0213898 0.0340951 0.00426846 0.999979 -0.00493182 0.000568448 -0.0213682 0.00502211 0.999759 0.420613
0.999795 -0.000357668 0.0204037 0.019776 0.000482675 0.99998 -0.00614084 0.0198891 -0.0204017 0.00614928 0.999773 0.433106
0.999832 0.00158556 0.0181112 0.0156048 -0.00156909 0.999999 -0.000903933 0.00665231 -0.018112 0.000875518 0.999836 0.439547
0.999875 0.000911985 0.0160206 0.0127104 -0.000969681 0.999992 0.00357473 -0.00182519 -0.016018 -0.00358988 0.999865 0.46506
0.999876 -0.00194407 0.0154332 0.00638725 0.00190375 0.999996 0.00264396 -0.00583145 -0.0154375 -0.00261421 0.999878 0.477658
0.99991 -0.00219677 0.0135084 0.0208146 0.00216787 0.999994 0.00213706 -0.00919226 -0.0135138 -0.00210759 0.999906 0.484562
0.999913 -0.00375436 0.0123821 0.0165492 0.00374604 0.999994 0.000707554 -0.0116545 -0.012384 -0.000661085 0.999924 0.500043
0.999946 -0.0035932 0.0100547 0.0198919 0.00360057 0.999992 -0.000734733 0.0092213 -0.0100526 0.000770805 0.999949 0.521405
0.999958 -0.00335585 0.00811264 0.0140461 0.00336193 0.999995 -0.000706724 0.00107382 -0.00810964 0.000734102 0.999967 0.545375
0.999979 -0.00141463 0.00693133 0.00117432 0.00141568 0.999998 -0.000180426 -0.00368699 -0.00693167 0.00019005 0.999975 0.549146
0.999983 -0.000346464 0.00523958 -0.000621336 0.000350495 1 -0.000713137 0.0102424 -0.00523876 0.000715165 0.999987 0.557718
0.999986 -0.000645788 0.00578788 -0.00352362 0.000646417 0.999998 -0.000155328 0.004013 -0.00578839 0.000158884 0.999982 0.58836
0.99998 -0.00205165 0.00542644 -0.00437682 0.00204968 1 0.000412025 -0.00429449 -0.00542673 -0.000400702 0.999986 0.615769
0.999999 -0.000153281 0.00274297 -0.00498437 0.000154621 0.999998 -0.000579461 -0.00428436 -0.0027434 0.000579709 0.999995 0.607667
0.999987 0.00183946 0.00424443 0.00393521 -0.00184409 0.999999 0.00116503 -0.0105163 -0.0042418 -0.00117262 0.999991 0.637477
0.999996 -0.000876746 0.00348509 -0.00884566 0.000878705 0.999998 -0.00063048 0.0113515 -0.00348495 0.000633382 0.999993 0.651977
0.999992 -0.0029316 0.00169998 0.0109142 0.00293081 0.999997 0.000599971 -0.0149828 -0.00170146 -0.000594831 1 0.674437
1 -0.00174952 -0.000535543 0.00172419 0.00174935 0.999997 0.000209663 -0.00561636 0.000534911 -0.000210823 0.999999 0.697297
0.999995 -0.00191018 -0.00089207 0.035589 0.00191048 0.999999 3.47885e-05 0.0138326 0.0008923 -3.62623e-05 1 0.688544
0.999998 -0.00154934 -0.00254751 -0.0171389 0.00154904 0.999997 -1.69686e-05 -0.000404653 0.00254721 1.27737e-05 0.999995 0.718729
0.999986 -0.0012228 -0.00467849 0.0115312 0.00122232 1 -0.000145151 -0.0215547 0.00467896 0.00013961 0.999991 0.738568
0.999995 -0.000982773 -0.00362962 -0.00109378 0.000983807 0.999998 0.000345917 -0.0118078 0.00362897 -0.000349645 0.999992 0.748578
0.999992 -0.000810609 -0.00329339 -0.0112571 0.000813938 1 0.000942956 0.00250285 0.00329293 -0.000945545 0.999996 0.791987
0.999995 0.00184303 -0.00322995 -0.00211206 -0.0018383 0.999996 0.00154273 0.00411051 0.00323247 -0.00153692 0.999992 0.806175
0.999983 0.00331707 -0.00457039 -0.0221268 -0.00331082 0.999995 0.00132903 -0.00529375 0.00457506 -0.00131374 0.99999 0.782346
0.999998 0.00155459 -0.00243824 0.00146807 -0.00155872 0.999996 -0.00159489 -0.0129307 0.00243545 0.00159857 0.999994 0.824702
0.999987 0.0019545 -0.0041932 -0.0162602 -0.00196039 0.999997 -0.00143833 -0.00519858 0.00419064 0.00144666 0.999991 0.795369
0.999992 0.0043881 -0.00161169 -0.0238278 -0.00439546 0.999981 -0.00449099 -0.0033657 0.00159158 0.0044979 0.999988 0.80923
0.999993 0.00288522 0.00118578 0.00168983 -0.00288245 0.999992 -0.0022502 -0.0120914 -0.00119191 0.00224694 0.999998 0.83894
1 0.00156347 -0.00066805 -0.00731914 -0.00156281 0.999999 0.00114249 -0.0102931 0.000669555 -0.00114162 0.999999 0.830652
0.999994 0.00211667 0.00113122 -0.0105608 -0.00211867 0.999995 0.00177529 -0.00634277 -0.00112713 -0.00177748 0.999998 0.841916
1 0.000711802 0.00196409 -0.00523028 -0.000713565 1 0.000871799 -0.00880427 -0.00196378 -0.000873416 0.999997 0.829244
0.999995 0.00178657 -0.000552177 -0.012185 -0.00178631 0.999997 0.000393539 -0.00225966 0.000553202 -0.00039235 1 0.827288
1 0.000583943 0.000450768 -0.00920647 -0.000583904 1 -0.000200245 -0.00641694 -0.00045123 0.00019978 0.999999 0.825926
0.999993 0.00147998 0.00252281 -5.51956e-06 -0.00147728 0.999997 -0.00103051 -0.0159617 -0.00252398 0.00102694 0.999997 0.834086
0.999995 0.0038143 0.00133802 -0.0170214 -0.003814 0.999994 -0.000352311 -0.00963187 -0.00133971 0.00034707 0.999999 0.806177
0.999983 0.00276056 0.00454202 -0.0130098 -0.00276016 0.999994 -5.76371e-05 -0.00349541 -0.00454178 4.52233e-05 0.99999 0.837501
0.999996 0.00225268 0.00323014 -0.00934182 -0.00225686 0.999999 0.00122349 0.00323307 -0.00322778 -0.00123089 0.999994 0.816062
0.999976 0.00233418 0.00616146 -0.0035965 -0.00234754 0.999994 0.00220307 -0.00641797 -0.00615583 -0.00221737 0.99998 0.829736
0.999968 0.00332463 0.00775406 -0.00852866 -0.00333668 0.999994 0.00150316 -0.0230294 -0.00774953 -0.00152912 0.999968 0.829769
0.999964 0.000553062 0.00807772 -0.00292092 -0.000559025 0.999999 0.000771495 -0.0151688 -0.00807673 -0.000775845 0.999968 0.822585
0.999956 0.00028787 0.00972195 0.00501357 -0.000278145 1 -0.00102615 0.0121857 -0.00972281 0.00102328 0.999952 0.816685
0.999928 -0.000264267 0.0116775 0.00222325 0.000266441 0.999999 -0.000167892 -0.011889 -0.0116769 0.000171156 0.999932 0.802962
0.999958 -0.00277112 0.00922172 0.00133026 0.00275704 0.999996 0.00151669 -0.0147485 -0.00922638 -0.00149129 0.999956 0.818988
0.999935 -5.39732e-05 0.0110991 -0.00266437 4.49655e-05 0.999998 0.000830666 0.00523831 -0.0110986 -0.000830057 0.999938 0.81955
0.999942 0.000619753 0.0110757 0.0131344 -0.000631597 1 0.00104723 -0.0163935 -0.0110755 -0.00105421 0.999938 0.809295
0.999931 0.00130451 0.0114034 0.0125411 -0.00131416 0.999997 0.000861487 -0.00364264 -0.0114018 -0.000876392 0.999935 0.796198
0.999928 0.000762017 0.0122878 0.0158188 -0.000748942 1 -0.00108546 0.00273013 -0.0122891 0.00107617 0.999924 0.79964
0.999935 0.00131612 0.0109531 0.0125364 -0.00130835 0.999998 -0.000696226 0.00494616 -0.0109535 0.000681829 0.99994 0.786007
0.99994 0.000763841 0.01131 0.0123053 -0.000746724 0.999999 -0.00154189 -0.00869942 -0.0113117 0.00153336 0.999935 0.793939
0.999946 -0.000513414 0.00995342 0.0194584 0.000528136 0.999998 -0.00144919 -0.0113348 -0.00995211 0.00145438 0.99995 0.77528
0.999966 4.36128e-05 0.00876601 0.0191439 -4.35256e-05 1 -3.90975e-05 -0.00649675 -0.00876659 3.87121e-05 0.999961 0.778291
0.999947 0.000943282 0.00978154 0.0207837 -0.000941197 0.999999 -0.000191108 -0.00154118 -0.00978118 0.000181868 0.999952 0.75769
0.999975 -0.000945909 0.0076005 0.0200301 0.000941514 1 0.000547559 -0.00988583 -0.00760152 -0.000540359 0.999972 0.752972
0.999966 -0.00136625 0.00750262 0.00727851 0.00136403 0.999999 0.000336937 -0.0126153 -0.00750256 -0.000326728 0.999971 0.764009
0.999989 -0.00164826 0.00543638 0.0100903 0.00163694 0.999996 0.00203564 -0.0112049 -0.00544022 -0.00202669 0.999984 0.746588
0.999982 -0.00356555 0.00367366 0.0152722 0.00355936 0.999993 0.00177155 -0.00321391 -0.00367947 -0.0017584 0.999991 0.735106
0.999997 -0.00292592 0.00261347 0.00554596 0.00292513 0.999995 0.000187077 -0.001299 -0.00261452 -0.000179498 0.999997 0.717215
0.999992 -0.00102177 0.00240664 0.00597086 0.00101978 0.999999 0.000957413 0.00361138 -0.00240707 -0.000954883 0.999996 0.708291
1 0.00123578 0.00109057 -0.00407798 -0.00123485 0.999998 -0.00115289 -0.00353506 -0.00109258 0.00115149 1 0.672555
0.999993 -0.00218213 -0.000134904 -8.0373e-05 0.00218235 0.999998 -0.000421829 -0.011487 0.000136396 0.00042156 0.999999 0.657556
1 -0.000827064 -0.00128319 -0.0095482 0.000825175 0.999999 -0.00122226 -0.0155407 0.00128359 0.00122118 0.999999 0.62608
0.999981 -0.00134525 -0.00498674 -0.0139686 0.00134485 0.999999 -0.00014686 0.00129145 0.00498748 0.00014019 0.999986 0.635087
0.999979 -0.00116178 -0.00727787 -0.0136843 0.00116004 1 -0.000197847 0.00707784 0.00727755 0.000189335 0.999975 0.614262
0.999933 0.000719555 -0.0109879 -0.0124064 -0.000723129 0.999999 -0.000354398 -0.00469537 0.0109882 0.000362313 0.999938 0.580189
0.999912 -0.000536217 -0.0136254 -0.0189298 0.000529597 1 -0.000463129 0.000735342 0.0136252 0.00045583 0.999908 0.577651
0.999855 0.00105555 -0.0167149 -0.0185273 -0.0010755 0.999998 -0.00120491 -0.000711093 0.0167141 0.00122273 0.999859 0.552967
0.999786 0.000398194 -0.0209502 -0.0248642 -0.000444226 0.999998 -0.00217932 -0.00933109 0.0209489 0.00218816 0.999779 0.540874
0.999706 0.000514591 -0.0240454 -0.0242527 -0.000584767 0.999995 -0.00292242 -0.00661969 0.0240442 0.00293564 0.999707 0.520872
0.999617 0.00100406 -0.0278566 -0.0291233 -0.00105271 0.999998 -0.00172294 -0.00308164 0.0278545 0.00175158 0.99961 0.523103
0.999454 0.00171643 -0.0328449 -0.0344287 -0.00170766 0.999998 0.000289987 -0.0122451 0.0328457 -0.000233729 0.999461 0.52458
0.999288 -0.000537072 -0.0378364 -0.0349389 0.000599795 0.999999 0.00165093 -0.00108555 0.0378352 -0.00167245 0.999282 0.526221
0.999145 0.000501336 -0.0412384 -0.0437704 -0.00039237 0.999996 0.00264525 0.00367405 0.0412399 -0.00262678 0.999147 0.520616
0.998936 0.00425376 -0.0460074 -0.0370535 -0.00407925 0.999985 0.0038909 0.00624893 0.0460229 -0.00369916 0.998932 0.531202
0.998794 0.00291265 -0.0489192 -0.0441163 -0.00281043 0.999994 0.00215388 0.0111738 0.0489255 -0.0020137 0.998802 0.519736
0.998634 0.00429994 -0.0521583 -0.0479225 -0.00423654 0.999991 0.00132978 0.0113595 0.0521632 -0.00110708 0.998637 0.494411
0.998367 1.52137e-05 -0.0570545 -0.0467808 -6.99438e-05 0.999999 -0.000960543 0.00225565 0.0570549 0.000963063 0.998372 0.511669
0.998084 -0.00113313 -0.0619351 -0.0322137 0.00101234 0.999997 -0.00197793 0.00609173 0.061937 0.00191137 0.998076 0.491033
0.997831 -0.00178575 -0.0657436 -0.0513846 0.00145979 0.999987 -0.00500949 -0.00733629 0.0657519 0.00490276 0.997826 0.471635
0.997697 -0.0013565 -0.0678704 -0.051885 0.00105789 0.999989 -0.00443112 0.00116026 0.0678756 0.00434902 0.997682 0.48919
0.997649 0.000758031 -0.0684812 -0.0489461 -0.00106535 0.99999 -0.00445561 0.00105662 0.0684773 0.00451825 0.997645 0.472066
0.997587 0.00245143 -0.0694365 -0.0665183 -0.00259768 0.999994 -0.0020117 0.00709922 0.069431 0.0021871 0.997582 0.474323
0.997572 -0.00111233 -0.0695864 -0.05685 0.000944166 0.999997 -0.00245322 0.00343962 0.0695892 0.00238169 0.997575 0.465998
0.997659 -0.000923369 -0.0684353 -0.0523036 0.000898463 0.999999 -0.000391269 -0.00418901 0.0684354 0.000328703 0.997653 0.459699
0.997676 -0.0011353 -0.0680802 -0.061957 0.00137989 0.999994 0.00354251 -0.00774049 0.0680758 -0.00362804 0.997676 0.486237
0.997706 -0.000517392 -0.0677484 -0.0609487 0.000844325 0.999987 0.0048002 0.00386433 0.067745 -0.00484659 0.997688 0.472185
0.997846 0.000732227 -0.0655363 -0.0539268 -0.000332456 0.999982 0.00610675 -0.00665227 0.0655396 -0.00607156 0.997834 0.463158
0.998086 -0.000822973 -0.0619063 -0.0618017 0.00108286 0.99999 0.0041679 -0.00946514 0.0619023 -0.00422719 0.998072 0.482486
0.998387 0.00189866 -0.0566654 -0.047821 -0.00165316 0.99999 0.00437525 -0.0144874 0.0566731 -0.00427428 0.998386 0.475713
0.998738 0.00348739 -0.0502055 -0.0610374 -0.0033532 0.99999 0.0027603 -0.00839534 0.0502147 -0.00258872 0.998733 0.473526
0.999011 0.00551768 -0.0440056 -0.0472602 -0.00546376 0.999985 0.00134138 -0.00049337 0.0440124 -0.00109935 0.999032 0.49751
0.999295 0.00549843 -0.0372713 -0.050942 -0.00551157 0.999985 -0.00024488 0.00891662 0.0372692 0.000449824 0.999304 0.474969
0.999432 0.00268147 -0.03344 -0.0268407 -0.00272402 0.999996 -0.00123151 0.0204087 0.0334368 0.00132226 0.999441 0.504168
0.999696 -0.00262154 -0.0247481 -0.0130466 0.00263943 0.999995 0.000694587 -0.0202259 0.024746 -0.00076002 0.999693 0.496302
0.999833 -0.00291882 -0.0177786 -0.0171108 0.00292117 0.999997 9.85722e-05 -0.0153333 0.0177785 -0.000150135 0.999843 0.499703
0.999893 0.00364076 -0.0145107 -0.0202163 -0.00363937 0.999992 0.000132699 0.00977175 0.0145109 -8.02401e-05 0.999895 0.538268
0.999904 0.00580591 -0.0121291 -0.0254002 -0.00580403 0.999984 0.000172725 0.0183001 0.01213 -0.000101996 0.999927 0.539964
0.999948 0.00520998 -0.00936678 -0.0139596 -0.00521277 0.999985 -0.000259017 -0.00654902 0.00936526 0.000307435 0.999956 0.558975
0.999976 0.0027893 -0.00549741 -0.0148486 -0.00281121 0.99999 -0.00401179 0.022864 0.00548623 0.00402745 0.999977 0.544451
1 0.000950987 -0.00326312 -0.00103012 -0.00095806 0.999996 -0.00213161 -0.0130459 0.00326098 0.00213435 0.999993 0.591397
0.999994 -0.000929512 -2.37027e-05 0.00608587 0.000929524 0.999997 -0.00295689 -0.00827809 2.6686e-05 0.00295716 0.999996 0.569964
1 -0.000366003 0.00202725 0.0080499 0.000378689 0.999978 -0.00628412 -0.00177335 -0.00202518 0.00628455 0.999978 0.583439
0.999992 0.0012825 0.00158622 0.00498036 -0.0012765 0.999994 -0.00376655 -0.00599544 -0.00159077 0.0037648 0.999991 0.598671
0.999987 0.00544069 0.00301722 -0.00807898 -0.00544197 0.999984 0.000408829 0.0276899 -0.0030152 -0.000425595 0.999996 0.613888
0.999986 0.00196863 0.00342325 -0.0019924 -0.00197446 0.999998 0.00169864 0.00743272 -0.00341957 -0.00170503 0.999992 0.614875
1 0.000500399 0.00163318 0.00321595 -0.00051098 0.999977 0.00655249 -0.00170301 -0.00163019 -0.00655365 0.999977 0.635463
0.999986 -0.00280364 0.00306543 -0.00036056 0.0027919 0.99999 0.00378821 0.00778822 -0.00307568 -0.00377926 0.999988 0.634243
1 -6.88459e-05 0.00157362 -0.00561329 6.21078e-05 0.999988 0.00436968 -0.00743093 -0.00157426 -0.00436991 0.999989 0.661293
0.999983 -0.00475705 0.000214445 0.00487611 0.00475656 0.99999 0.00133483 0.000982169 -0.000220432 -0.00133348 1 0.656117
0.999998 -0.00365841 -0.001081 -0.0013128 0.00365748 0.999991 -0.00105348 -0.000531299 0.00108461 0.00104919 0.999998 0.6548
0.999991 -0.0023174 -0.0016022 -0.00955035 0.00230841 0.999985 -0.00545751 -0.0175037 0.00161496 0.00545411 0.999985 0.680653
1 0.000474032 -0.00160329 -0.00260011 -0.000482766 0.999982 -0.0055648 -0.00669599 0.00160042 0.00556527 0.999982 0.684739
0.999987 0.00148782 -0.00364388 -0.0142902 -0.00149813 0.999998 -0.00279469 -0.00471427 0.00363989 0.00280042 0.99999 0.684608
0.999992 -0.00305506 -0.00408877 -0.00909097 0.00307011 0.999987 0.00362767 0.000634924 0.0040774 -0.00364048 0.999984 0.719913
0.999987 -0.0028868 -0.00283856 0.000544011 0.00290372 0.99998 0.00603758 -0.0136775 0.00282129 -0.00604547 0.999978 0.733777
0.999996 -0.00365322 -0.00254854 -0.0149723 0.0036633 0.999983 0.00389824 -0.0103894 0.00253411 -0.00390787 0.999988 0.742978
0.99999 0.00278026 -0.00184986 -0.00888546 -0.00277957 0.999998 0.000448775 -0.00607613 0.00185129 -0.000443288 1 0.744264
0.999985 0.00546403 -0.00318822 -0.01797 -0.00547576 0.999977 -0.00372689 0.000333136 0.00316765 0.00374393 0.999987 0.7486
0.999982 -0.000192661 -0.00529193 -0.0123084 0.000169771 0.999992 -0.00428754 -0.0161745 0.00529293 0.00428694 0.999978 0.778934
0.999985 -0.00043145 -0.0061439 0.00461971 0.000414667 0.999995 -0.00277055 0.00136912 0.00614486 0.00276754 0.999977 0.774296
0.999983 -0.0013656 -0.00494931 0.0045408 0.00136663 1 0.000256015 -0.000139576 0.00494917 -0.000262368 0.999988 0.782648
0.999992 -0.00154023 -0.00496039 -0.00563379 0.00154799 0.999997 0.00149958 -0.00935583 0.00495773 -0.00150759 0.999987 0.820878
0.999986 -0.000158809 -0.00409446 -0.00253144 0.000165049 0.999999 0.00160149 0.0109717 0.00409462 -0.00160179 0.99999 0.822785
1 -0.00200388 -0.0015679 0.000970453 0.00200575 0.999998 0.00096239 0.0006295 0.00156554 -0.00096587 0.999998 0.820627
0.999988 -0.00330143 -0.00185385 0.0108653 0.00330697 0.999989 0.003182 -0.0186712 0.00184372 -0.00318775 0.999993 0.851441
1 -0.00140068 -0.00190302 -0.00699768 0.0014024 0.999999 0.000749118 -0.0121417 0.00190158 -0.000752059 0.999997 0.812233
0.999986 0.00408092 -0.00158587 -0.00604081 -0.00408143 0.999991 -0.000132442 0.00586208 0.00158572 0.000139221 0.999999 0.86214
0.999996 0.0040176 -0.000980832 -0.00189935 -0.00401913 0.999991 -0.00185311 0.00326414 0.000972921 0.00185672 0.999997 0.840015
0.999978 0.00595778 0.000352242 -0.012852 -0.00595771 0.999981 -0.00107032 -0.00886299 -0.000358157 0.00106846 1 0.844559
0.999999 0.00348078 0.000343027 -0.0159818 -0.00348123 0.999992 0.00236657 -0.00322757 -0.000335184 -0.00236798 0.999997 0.868351
0.999995 0.00146237 0.000598978 0.00174847 -0.00146297 0.999999 0.000551585 0.0105845 -0.000597845 -0.000552356 1 0.871386
1 0.00124351 0.00231852 0.00627565 -0.00124318 0.999999 1.68392e-05 -0.0285701 -0.00231878 -1.99113e-05 0.999997 0.863592
0.999994 -0.00219171 0.000686147 0.00800032 0.00219154 0.999998 -0.000249854 0.00839931 -0.000685423 0.000251594 1 0.882187
0.999988 -0.00551704 0.000478166 0.0136621 0.00551759 0.999985 -0.000307653 -0.0314545 -0.000476666 0.000310103 1 0.857813
0.999993 -0.0024299 -0.000554975 0.00604397 0.00242878 0.999996 -0.00121545 -0.00439845 0.000558084 0.00121434 0.999999 0.86049
1 -0.00116838 0.000396446 -0.00197636 0.00116894 0.999999 -0.00032464 -0.00918606 -0.000396278 0.000324861 1 0.871009
0.999978 0.00557384 0.00179163 -0.00624002 -0.00557859 0.999982 0.00240575 -0.00584205 -0.00177808 -0.00241553 0.999995 0.854416
0.999991 0.00529944 -0.000448146 -0.0139405 -0.00529684 0.999975 0.00467835 0.00667292 0.000472798 -0.00467609 0.99999 0.869032
0.99999 0.00307374 0.00109168 -0.00363115 -0.00307629 0.999994 0.00191861 0.0102967 -0.00108563 -0.00192174 0.999998 0.860087
1 -0.0009558 0.00139842 0.00592222 0.000963304 0.999986 -0.00499384 -0.0152321 -0.00139388 0.00499487 0.999987 0.82258
0.999976 -0.0059862 -0.0011328 0.00440804 0.00597029 0.999897 -0.0131162 -0.0135032 0.00121139 0.0131095 0.999913 0.851957
0.999995 -0.00468431 -0.00105097 0.00758018 0.00467997 0.999978 -0.00461996 -0.0321716 0.00107239 0.00461461 0.999989 0.846917
0.999993 -0.000372147 0.000119468 0.00437776 0.000370781 0.999974 0.00721278 0.0117899 -0.000121922 -0.00721227 0.999974 0.851858
0.999997 -0.00315133 -0.00327633 0.00441855 0.00320488 0.999861 0.0163222 -0.00494179 0.00322415 -0.016333 0.999861 0.884685
0.999987 -0.00336434 -0.00096665 0.00976841 0.00337504 0.999926 0.0117965 -0.0112505 0.000927237 -0.0117992 0.99993 0.851629
1 0.00255836 -0.00174878 -0.014187 -0.00256317 0.99999 -0.00297542 -0.0256199 0.00174078 0.00297936 0.999994 0.835627
0.999977 0.00536977 -0.00162535 -0.0163175 -0.00538974 0.999912 -0.0123194 -0.00502761 0.00155945 0.0123285 0.999924 0.827324
1.00001 4.15037e-05 -0.000626423 -0.00349774 -4.57823e-05 0.999971 -0.00739079 0.000652628 0.000625802 0.00739034 0.999972 0.827264
0.999983 -0.00278243 -0.00347562 0.00250559 0.00277772 0.999998 -0.0012569 -0.0198094 0.00347931 0.00124772 0.999994 0.849616
0.999996 -0.0033983 -0.0031838 -0.00611524 0.00339593 0.999992 -0.000844476 -0.0131312 0.00318636 0.000833157 0.999994 0.84163
0.999985 0.000632988 -0.00394997 -0.0121784 -0.000631122 1 0.000534018 -0.0158454 0.00395054 -0.000531044 0.999993 0.826009
0.999986 0.00151907 -0.00633896 -0.0109685 -0.00153233 0.999994 -0.00212722 -0.00251223 0.0063355 0.00213644 0.999977 0.82832
0.999984 0.00309693 -0.00287051 -0.0169551 -0.00310192 0.999996 -0.00165578 -0.00538177 0.00286566 0.00166513 0.999996 0.816001
0.999992 0.00430545 -0.00350294 -0.0235676 -0.00430361 0.999989 0.000473564 -0.00213225 0.00350468 -0.000458948 0.999992 0.82607
0.999988 0.000926608 -0.00300822 -0.00206533 -0.000923259 1 0.00121119 -0.014768 0.00300957 -0.00120794 0.999997 0.819462
1.00001 -0.00118295 -0.000933728 -0.00567053 0.0011862 0.999992 0.0031593 -0.0127943 0.000929719 -0.00316084 0.999992 0.816243
0.999987 -0.00181785 -0.00276672 0.000620615 0.00181831 1 0.000280644 -0.0181385 0.00276643 -0.000285249 0.999998 0.816164
1 -0.00222663 -0.00270568 -0.00715768 0.00222147 0.999993 -0.00208929 -0.00150852 0.00271012 0.00208283 0.999992 0.802779
0.999976 -0.00363234 -0.00417764 -0.00481296 0.00361709 0.99999 -0.00354265 -0.00104584 0.00419059 0.00352796 0.999987 0.80019
0.999978 -0.00133869 -0.0076738 -0.000838919 0.00133786 0.999996 -0.000175122 -0.00821405 0.00767387 0.000164366 0.999969 0.809813
0.999965 -0.000770606 -0.00721177 -0.00443577 0.000795246 0.999997 0.00348066 -0.000896164 0.00720919 -0.00348582 0.99997 0.816869
0.99999 -0.00181236 -0.00587397 -0.00650445 0.00185025 0.999975 0.00637852 -0.00118323 0.00586208 -0.00638983 0.99996 0.790916
0.999974 -0.000397727 -0.00579657 -0.0144674 0.000447677 0.999965 0.00869508 -0.0267165 0.00579303 -0.00869709 0.999948 0.834128
1 0.000942191 -0.00391494 -0.0194279 -0.000939454 0.999997 0.000575128 -0.0106238 0.00391532 -0.000571927 0.99999 0.806095
0.999977 -0.000500153 -0.00539354 -0.0102737 0.000474194 0.999991 -0.00472677 -0.0439442 0.00539596 0.0047246 0.999976 0.813204
0.999985 -0.00175286 -0.00652006 -0.0145647 0.00169654 0.999958 -0.00870269 -0.0251486 0.00653495 0.00869099 0.99994 0.812655
0.999961 -0.00427392 -0.00657585 -0.0039382 0.00423917 0.999981 -0.00522083 -0.00973091 0.00659808 0.00519325 0.999966 0.800305
0.999976 -0.00166862 -0.00784906 -0.00112686 0.00166808 0.999995 -0.000132389 -0.00159356 0.00784917 0.000118824 0.999968 0.830163
0.999943 0.00554507 -0.00811777 -0.0215716 -0.00553319 0.999987 0.00153617 0.00405297 0.00812628 -0.00149063 0.999968 0.819677
0.999961 0.00529383 -0.00819557 -0.0217565 -0.00530302 0.999982 -0.00115076 0.000621872 0.00818923 0.00119361 0.999964 0.820912
0.999932 0.00299974 -0.0104839 -0.01273 -0.00303502 0.999993 -0.00330686 -0.00680178 0.0104739 0.00333898 0.999941 0.828492
0.999965 -0.00166764 -0.00924717 0.000155279 0.00165928 0.999995 -0.000974698 -0.00994116 0.0092487 0.000958821 0.999956 0.828909
0.999962 0.000408255 -0.00751737 -0.0181407 -0.000389882 1 0.00251688 -0.00663237 0.00751847 -0.00251334 0.99997 0.831312
0.999964 0.00261199 -0.00916359 -0.00986765 -0.00256903 0.999982 0.00464272 0.00435625 0.00917548 -0.00461948 0.999946 0.843633
0.999948 0.00373844 -0.00840844 -0.0252844 -0.00370174 0.999987 0.00443202 -0.0145575 0.008425 -0.00440018 0.999956 0.840352
0.999974 0.000853887 -0.00843948 -0.00997456 -0.000826975 0.999992 0.0031316 -0.0120017 0.00844201 -0.00312501 0.999959 0.825225
0.999965 0.000209335 -0.00699204 -0.00390455 -0.000202678 1 0.00101738 -0.0180914 0.00699242 -0.00101542 0.999976 0.838791
1 -0.000794347 -0.00348434 -0.010285 0.000792086 0.999997 -0.000793027 -0.00507716 0.00348475 0.000789838 0.999993 0.808524
0.999968 0.0037467 -0.0054812 -0.0196696 -0.00376435 0.99999 -0.00313053 0.0120308 0.00546963 0.00315157 0.999981 0.831355
0.99999 0.00504295 -0.00385664 -0.0239867 -0.00506245 0.999972 -0.00516782 -0.00289836 0.00383025 0.00518679 0.999978 0.803469
0.999986 0.00114911 -0.00284479 -0.012025 -0.00115374 1 -0.00145716 -0.00879011 0.00284339 0.00146085 0.999996 0.832388
0.999996 0.000129619 -0.00513833 -0.0162853 -9.97477e-05 0.999982 0.00571857 -0.01323 0.00513873 -0.0057184 0.99997 0.827974
0.999987 0.00228434 -0.00152614 -0.0128152 -0.00227241 0.999967 0.00806589 -0.00247103 0.00154485 -0.00806204 0.999967 0.842995
0.999997 0.000262774 -0.00509372 -0.0145844 -0.000229564 0.999977 0.00643172 -0.0237555 0.00509504 -0.00643093 0.999966 0.835895
0.999966 -0.00493191 -0.00479415 -0.00349003 0.00491658 0.999985 -0.00309845 -0.0143465 0.00480957 0.00307521 0.999985 0.832487
0.999938 -0.0108542 -0.00509042 -0.00312295 0.0108204 0.999918 -0.00673146 -0.0225864 0.00516277 0.00667547 0.999964 0.814534
0.999957 -0.000554971 -0.00808236 -0.00226282 0.000515823 0.999989 -0.0047888 -0.00788731 0.00808518 0.00478487 0.999956 0.837375
0.999974 0.000765343 -0.00847161 -0.0270962 -0.000756837 0.999999 0.000949501 0.025875 0.00847203 -0.000943444 0.999964 0.846954
0.999945 -0.00345857 -0.00885827 -0.0160187 0.00349256 0.999987 0.0038916 -0.0246856 0.00884482 -0.00392207 0.999953 0.823779
0.99995 -0.00526048 -0.00952464 -0.017016 0.0053 0.999977 0.00406881 -0.011082 0.00950286 -0.00411937 0.999946 0.848307
0.99995 -0.00543457 -0.00722844 -0.00187604 0.00545025 0.999984 0.0022275 -0.012271 0.00721635 -0.00226651 0.999972 0.853538
0.999984 -0.00380163 -0.00610964 -0.0071108 0.00379576 0.999991 -0.00105869 0.00121652 0.00611334 0.00103522 0.999981 0.834724
0.999959 -0.0016382 -0.00773681 -0.00526663 0.00159542 0.999985 -0.00546417 -0.0143703 0.0077458 0.00545186 0.999955 0.851568
0.999969 -0.00542869 -0.00717821 0.00998153 0.00537466 0.999955 -0.00759445 0.00786731 0.00721894 0.00755538 0.999945 0.821647
0.999951 -0.00416638 -0.00777069 0.00950732 0.00415615 0.999992 -0.0012741 -0.00255657 0.00777606 0.00124192 0.999969 0.851164
