0.999884 -0.00129118 -0.0154122 0.163427 0.00131141 1 0.00132624 -0.0112632 0.0154115 -0.0013467 0.999886 0.998912
0.999675 -0.00200199 -0.0255432 0.221591 0.00205317 0.999999 0.00197938 -0.0319518 0.0255408 -0.0020312 0.999677 2.16807
0.999639 -0.00369562 -0.0268246 0.203527 0.00369819 0.999999 7.45392e-05 -0.0410428 0.0268269 -0.000173943 0.999648 3.52799
0.999608 -0.00430775 -0.0277938 0.177665 0.00430023 0.999994 -0.000327022 -0.0546225 0.0277966 0.000207287 0.999618 4.88819
0.999567 -0.00520498 -0.0291742 0.150273 0.00522655 0.999991 0.000691787 -0.079369 0.0291729 -0.000844135 0.999583 6.21607
0.999513 -0.00734049 -0.0304666 0.136229 0.0074013 0.999974 0.00188723 -0.100195 0.0304535 -0.0021119 0.999538 7.55563
0.999463 -0.00705485 -0.0321683 0.121596 0.00712849 0.999978 0.00220137 -0.114024 0.0321547 -0.00242967 0.999489 8.94222
0.999435 -0.00609412 -0.033176 0.0834346 0.00610352 0.999985 0.000186289 -0.13158 0.033176 -0.000388773 0.999452 10.3266
0.999409 -0.00401257 -0.0343043 0.0557738 0.00394089 0.999996 -0.00213349 -0.153092 0.0343154 0.00199681 0.99942 11.7214
0.999445 -0.000333311 -0.0334468 -0.018425 0.000226019 0.999999 -0.00320984 -0.173413 0.0334496 0.00320038 0.999439 13.0652
0.999473 0.00243501 -0.0325458 -0.0923198 -0.00254159 0.999997 -0.00320901 -0.196916 0.0325406 0.00328975 0.999475 14.4176
0.999499 0.00339589 -0.0315897 -0.159913 -0.00347845 0.999995 -0.00255664 -0.217681 0.0315826 0.0026651 0.999502 15.7757
0.999547 0.00139406 -0.0302726 -0.226048 -0.00139311 1 7.91249e-05 -0.238803 0.0302756 -3.7177e-05 0.999553 17.1443
0.999583 -0.00264704 -0.0289254 -0.293485 0.00269568 1 0.00164357 -0.257124 0.0289228 -0.00172101 0.999585 18.5072
0.99961 -0.00529341 -0.0276829 -0.356311 0.0052829 0.999991 -0.000425221 -0.281422 0.0276877 0.000278504 0.999629 19.8852
0.999637 -0.00638979 -0.0264 -0.425752 0.00633499 0.999982 -0.00215393 -0.306143 0.0264152 0.00198587 0.999655 21.2359
0.999687 -0.00417172 -0.0249463 -0.482004 0.00409046 0.999992 -0.00327843 -0.33773 0.0249626 0.003175 0.999696 22.6189
0.999724 -0.00135958 -0.0236732 -0.533736 0.00133943 1 -0.000862013 -0.367146 0.0236763 0.000829992 0.999725 24.019
0.999753 -0.00056344 -0.0225985 -0.583584 0.000632707 1 0.00308543 -0.39589 0.0225997 -0.00309925 0.999752 25.4396
0.999798 -0.00224582 -0.0202215 -0.642212 0.00235421 0.999988 0.00534259 -0.414343 0.0202112 -0.00538914 0.999786 26.8336
0.999805 -0.0062873 -0.0191453 -0.689401 0.00636458 0.999978 0.00400917 -0.437717 0.0191227 -0.00413055 0.999821 28.2427
0.99982 -0.00713249 -0.0178828 -0.740547 0.00717404 0.999976 0.00227339 -0.462961 0.0178683 -0.0024013 0.999843 29.6342
0.999855 -0.00817838 -0.0155707 -0.800561 0.00818553 0.999973 0.000439147 -0.491096 0.0155699 -0.000566772 0.999893 31.0129
0.999905 -0.00457562 -0.0134984 -0.850949 0.00456998 0.999995 -0.00045678 -0.513046 0.0135028 0.000395094 0.999916 32.4153
0.999925 -0.00368783 -0.012399 -0.891003 0.00366031 0.999998 -0.00218576 -0.537099 0.0124102 0.00213995 0.999935 33.8086
0.99994 -0.00248359 -0.0113424 -0.930074 0.00246026 1 -0.00208467 -0.55718 0.0113499 0.00205665 0.999941 35.2176
0.999952 -0.00216637 -0.0105159 -0.969337 0.00215488 1 -0.00103855 -0.577391 0.0105213 0.00101565 0.999959 36.6335
0.99995 -0.00120688 -0.0106225 -0.99651 0.00120659 1.00001 -4.75646e-05 -0.595385 0.0106251 3.47449e-05 0.999951 38.0611
0.99995 0.00152626 -0.0108093 -1.01753 -0.0015282 1.00001 -9.53491e-05 -0.612835 0.0108123 0.000111629 0.999956 39.5393
0.999944 0.0044899 -0.0103606 -1.04529 -0.00449446 0.999996 -0.000433372 -0.634734 0.0103612 0.000479941 0.999954 40.9855
0.999933 0.00630098 -0.0106174 -1.06411 -0.00630307 0.999987 -8.48597e-05 -0.658531 0.0106198 0.000151486 0.999958 42.4589
0.999933 0.00706764 -0.0099984 -1.10057 -0.00706969 0.999981 -0.00018597 -0.67932 0.00999935 0.000256715 0.999957 43.89
0.999941 0.00576819 -0.0102086 -1.11881 -0.00577328 0.99999 -0.000393664 -0.703117 0.0102094 0.000452356 0.999962 45.3378
0.999941 0.00473666 -0.0106098 -1.14002 -0.00473994 0.999995 -0.00027273 -0.733336 0.0106112 0.000323196 0.999952 46.7739
0.999938 0.00469729 -0.0110357 -1.16839 -0.00470064 0.999995 -0.000203311 -0.752967 0.0110381 0.000254872 0.999953 48.1938
0.999923 0.00498544 -0.0121096 -1.18659 -0.00497607 0.999994 0.000808111 -0.771681 0.0121163 -0.000747721 0.999935 49.6615
0.999906 0.00529177 -0.0134408 -1.20307 -0.0052885 0.999992 0.000344929 -0.793393 0.0134458 -0.000274094 0.999924 51.1213
0.999882 0.0057633 -0.0149245 -1.22399 -0.00576248 0.999989 0.000101317 -0.806809 0.0149277 -1.52555e-05 0.999898 52.5833
0.999864 0.00601889 -0.0160412 -1.25237 -0.00601222 0.999988 0.00052062 -0.82427 0.0160475 -0.000424422 0.999886 54.033
0.999864 0.00477871 -0.0163727 -1.28433 -0.00476299 0.999994 0.000998911 -0.84397 0.0163801 -0.000920759 0.999875 55.499
0.999871 0.00308741 -0.0164287 -1.31661 -0.00307098 1 0.00108413 -0.867334 0.0164355 -0.00103383 0.999878 56.9566
0.999868 0.000638753 -0.0168119 -1.34962 -0.000630346 1.00001 0.000517906 -0.890326 0.0168152 -0.000507078 0.999869 58.4058
0.999892 -0.000284036 -0.0154983 -1.39953 0.000295895 1.00001 0.000834048 -0.915301 0.0155019 -0.000838634 0.999893 59.8499
0.999915 -0.00196243 -0.0137167 -1.44578 0.00199416 1 0.00231712 -0.945067 0.0137151 -0.00234388 0.999915 61.298
0.999915 -0.00404635 -0.0133233 -1.46426 0.00409784 0.999991 0.00392169 -0.975635 0.013311 -0.00397603 0.999917 62.7549
0.999908 -0.00637155 -0.0129851 -1.46488 0.00642542 0.999979 0.00410894 -1.00729 0.0129615 -0.00419151 0.999918 64.1869
0.999896 -0.00845673 -0.0125991 -1.48681 0.00849892 0.999964 0.00339378 -1.02848 0.0125735 -0.00350072 0.999928 65.5951
0.999923 -0.00758598 -0.0111391 -1.52311 0.0076161 0.999976 0.00266445 -1.04761 0.0111214 -0.00274857 0.999946 67.0253
0.99994 -0.00631633 -0.010039 -1.54783 0.00633716 0.999984 0.00215364 -1.06707 0.0100288 -0.00221731 0.99996 68.4738
0.999974 -0.00260118 -0.00849529 -1.58119 0.00262728 1 0.00306172 -1.09046 0.00849004 -0.00308345 0.999972 69.8846
0.999981 0.000764277 -0.0074392 -1.60921 -0.000735249 0.999998 0.00404834 -1.10515 0.00744557 -0.00404296 0.999977 71.3793
0.999979 0.00526539 -0.00662456 -1.63654 -0.00523868 0.999988 0.00402296 -1.123 0.00664813 -0.00398766 0.999983 72.7905
0.999947 0.0100386 -0.00489717 -1.68567 -0.0100264 0.999954 0.00267776 -1.12729 0.00492683 -0.00262853 1 74.2677
0.999915 0.0134136 -0.00418456 -1.70813 -0.0134069 0.999918 0.00155213 -1.14356 0.00420755 -0.00149533 1 75.7036
0.999887 0.015157 -0.00375716 -1.71445 -0.0151527 0.999892 0.00133059 -1.17225 0.00377986 -0.00127359 1.00001 77.1325
0.999894 0.0151824 -0.00303215 -1.73082 -0.0151784 0.999893 0.00124516 -1.19012 0.00305301 -0.0011984 1.00001 78.5853
0.999898 0.0146037 -0.00295532 -1.72936 -0.0146041 0.999902 9.23016e-05 -1.21056 0.00295915 -4.92032e-05 1.00001 79.9948
0.999907 0.0142085 -0.00331951 -1.73324 -0.0142169 0.999905 -0.00259934 -1.21757 0.00328448 0.00264687 1.00001 81.3832
0.999907 0.0141328 -0.00230633 -1.76992 -0.0141423 0.999902 -0.00390538 -1.23007 0.00225351 0.00393759 1.00001 82.7952
0.999935 0.0126871 -0.000795469 -1.77328 -0.0126888 0.999928 -0.00248515 -1.284 0.000765735 0.00249575 1.00001 84.1213
0.999926 0.0128222 -0.00101986 -1.80488 -0.0128265 0.999921 -0.0040001 -1.30042 0.000970227 0.00401275 1.00001 85.5776
0.999931 0.0130785 0.000144899 -1.84363 -0.0130774 0.999915 -0.00484777 -1.31997 -0.000206392 0.00484617 1.00001 86.9965
0.999923 0.0129141 0.00146868 -1.90555 -0.0129063 0.999914 -0.00533976 -1.33113 -0.00153603 0.00532043 1 88.4462
0.999956 0.0108988 0.00184891 -1.90753 -0.0108907 0.999945 -0.00418078 -1.37484 -0.00189238 0.00416123 1.00001 89.7873
0.999967 0.00900848 0.00154791 -1.93775 -0.00900076 0.99996 -0.00492006 -1.3871 -0.00159124 0.00490605 1 91.2249
0.999988 0.00729596 0.00200511 -1.95921 -0.00728464 0.999972 -0.00541421 -1.41404 -0.00204267 0.00540032 1 92.605
0.999984 0.00629182 0.00329804 -1.99356 -0.0062704 0.999973 -0.00647443 -1.43944 -0.00333768 0.00645364 0.999991 93.984
1 0.00525721 0.00276528 -1.98276 -0.00523617 0.999972 -0.00736898 -1.47132 -0.00280216 0.00735534 0.999987 95.4037
0.999992 0.0054106 0.00245069 -1.98326 -0.00539008 0.999964 -0.00831245 -1.50319 -0.00249454 0.00829914 0.999981 96.8355
0.999998 0.00499411 0.00391145 -2.007 -0.00495628 0.999957 -0.00948882 -1.5297 -0.00395696 0.00947016 0.999966 98.2421
0.999981 0.00614659 0.00449433 -2.01978 -0.00610232 0.999948 -0.00974342 -1.58031 -0.00455296 0.00971588 0.999961 99.5876
0.999978 0.00725184 0.00525349 -2.02997 -0.007199 0.999938 -0.00991139 -1.61117 -0.00532344 0.00987416 0.999956 100.975
0.99997 0.0071596 0.00537749 -2.01715 -0.00711361 0.999954 -0.00848271 -1.65182 -0.00543698 0.00844426 0.999969 102.36
0.999981 0.00807813 0.00315617 -1.98251 -0.0080577 0.999959 -0.00637334 -1.70566 -0.0032059 0.00634865 0.999994 103.69
0.999981 0.00714255 0.00251441 -1.98244 -0.00712144 0.999957 -0.00819882 -1.73514 -0.0025719 0.0081808 0.999983 105.064
0.999995 0.00681591 0.00160424 -1.96764 -0.00679808 0.999931 -0.0108411 -1.77284 -0.00167642 0.010831 0.999959 106.416
0.999977 0.00779002 0.00282466 -2.00191 -0.00775375 0.999909 -0.0125349 -1.80199 -0.00292102 0.0125126 0.99994 107.756
1 0.00489388 0.0037942 -2.02654 -0.0048504 0.999937 -0.0113973 -1.84104 -0.00384817 0.0113797 0.999948 109.048
0.999988 0.00333929 0.0060993 -2.0542 -0.00327713 0.999963 -0.0101279 -1.86983 -0.00613193 0.0101078 0.999955 110.448
0.999981 0.00193296 0.00858106 -2.06891 -0.00184393 0.999958 -0.0103696 -1.89763 -0.0085992 0.0103544 0.999929 111.823
0.999972 0.000215066 0.00905527 -2.04875 -0.000105907 0.999947 -0.012017 -1.93727 -0.00905645 0.0120157 0.999912 113.16
0.999959 0.00230011 0.0109955 -2.06148 -0.00214487 0.999914 -0.0140982 -1.98562 -0.0110255 0.014075 0.99986 114.517
0.999911 0.00465195 0.0134682 -2.08249 -0.00443325 0.99988 -0.016197 -2.02376 -0.013541 0.0161357 0.999803 115.887
0.999855 0.00808109 0.0163496 -2.08984 -0.00781506 0.999852 -0.0162614 -2.06927 -0.0164772 0.0161321 0.999754 117.227
0.999803 0.00951597 0.0181247 -2.07963 -0.00926395 0.99988 -0.013923 -2.11912 -0.0182541 0.0137523 0.999763 118.568
0.999803 0.00880945 0.0189377 -2.05392 -0.00859795 0.999917 -0.0112084 -2.16739 -0.0190334 0.0110444 0.99978 119.924
0.999767 0.00877599 0.0203622 -2.05635 -0.00854754 0.999919 -0.0112652 -2.19899 -0.0204585 0.0110885 0.999755 121.27
0.999703 0.0099984 0.0231446 -2.05288 -0.00969741 0.999885 -0.0130755 -2.22198 -0.0232711 0.0128483 0.999669 122.629
0.999617 0.0125291 0.0251798 -2.0423 -0.012161 0.999837 -0.0147069 -2.2491 -0.025359 0.0143949 0.9996 123.982
0.999522 0.0150742 0.0277794 -2.04496 -0.0146203 0.999775 -0.0164696 -2.27355 -0.0280199 0.0160566 0.999502 125.347
0.999449 0.0164225 0.0293026 -1.99671 -0.0159098 0.999737 -0.0176367 -2.32765 -0.0295836 0.0171608 0.99944 126.673
0.999404 0.017181 0.0306208 -1.95992 -0.0166304 0.999714 -0.0181461 -2.38069 -0.0309225 0.017627 0.99939 128.032
0.999389 0.015542 0.0317485 -1.90985 -0.0149859 0.99975 -0.0176714 -2.44102 -0.0320143 0.0171848 0.999365 129.36
0.999355 0.0159059 0.0328357 -1.88417 -0.0153536 0.999755 -0.0170037 -2.4848 -0.0330969 0.0164896 0.99934 130.716
0.999302 0.0147161 0.0347414 -1.85993 -0.014147 0.999781 -0.0165627 -2.52712 -0.0349767 0.0160596 0.999285 132.071
0.999304 0.0135649 0.035342 -1.81855 -0.0130097 0.999807 -0.0158889 -2.57885 -0.0355496 0.0154191 0.999273 133.433
0.999331 0.010881 0.0353134 -1.77409 -0.010343 0.999847 -0.0153731 -2.62879 -0.0354744 0.0149975 0.999284 134.799
0.99936 0.00925866 0.0351605 -1.72773 -0.00876056 0.999877 -0.0142909 -2.67884 -0.0352875 0.0139748 0.999304 136.175
0.999378 0.00731005 0.0349293 -1.69482 -0.00680105 0.999889 -0.0146569 -2.71715 -0.0350319 0.0144101 0.999308 137.588
0.99938 0.00626123 0.0352786 -1.67145 -0.00573238 0.999887 -0.015068 -2.7603 -0.035368 0.0148575 0.999289 138.954
0.999382 0.00543436 0.0351585 -1.64491 -0.00494054 0.999907 -0.0141052 -2.80545 -0.0352312 0.0139227 0.999308 140.326
0.999404 0.00369563 0.0349365 -1.61784 -0.00321122 0.999916 -0.0139065 -2.84885 -0.034984 0.0137871 0.999318 141.704
0.999413 0.00351139 0.0345262 -1.59088 -0.00302681 0.999915 -0.0140696 -2.89386 -0.0345722 0.0139568 0.999331 143.083
0.999419 0.00337449 0.0345344 -1.56485 -0.00285716 0.999901 -0.0150147 -2.93334 -0.0345807 0.0149083 0.999315 144.484
0.999365 0.00344115 0.035908 -1.56006 -0.00287335 0.999889 -0.0158436 -2.9701 -0.0359579 0.0157303 0.999257 145.865
0.999346 0.00143145 0.0367312 -1.54452 -0.000745606 0.999843 -0.0186762 -3.01045 -0.0367509 0.0186378 0.999176 147.245
0.999326 -0.00399034 0.0369133 -1.51448 0.00471805 0.999815 -0.0196373 -3.04754 -0.0368275 0.0197981 0.999153 148.635
0.9993 -0.0116668 0.0361787 -1.46379 0.0123027 0.999792 -0.0173961 -3.09845 -0.0359669 0.0178302 0.999219 149.973
0.999215 -0.0178842 0.0357871 -1.43478 0.0184835 0.999713 -0.0164725 -3.13879 -0.0354814 0.0171208 0.999253 151.344
0.999169 -0.0211622 0.035482 -1.39175 0.021874 0.999584 -0.0197848 -3.18605 -0.0350472 0.0205458 0.999199 152.728
0.99914 -0.0204785 0.036499 -1.36309 0.0213085 0.99954 -0.0224788 -3.24433 -0.0360208 0.0232368 0.99911 154.064
0.999161 -0.0177212 0.0375577 -1.32094 0.0186292 0.999558 -0.0239598 -3.30774 -0.0371152 0.0246405 0.999033 155.448
0.99912 -0.0183004 0.0381759 -1.26972 0.0192222 0.99955 -0.0239034 -3.36423 -0.0377202 0.0246158 0.999014 156.836
0.998996 -0.0217529 0.0397659 -1.24212 0.0226017 0.999543 -0.021017 -3.41305 -0.0392891 0.0218958 0.999015 158.172
0.998821 -0.0275464 0.0404072 -1.18003 0.0282998 0.999454 -0.0181802 -3.4662 -0.0398833 0.019302 0.999047 159.564
0.998707 -0.0313603 0.0406137 -1.12617 0.0320707 0.999362 -0.0169519 -3.51329 -0.0400547 0.0182337 0.999058 160.924
0.998599 -0.0325669 0.0421302 -1.10395 0.0333122 0.999319 -0.0171024 -3.55799 -0.0415433 0.0184816 0.998995 162.271
0.998587 -0.0304785 0.0441081 -1.06814 0.0312428 0.999392 -0.0167361 -3.6002 -0.0435697 0.0180918 0.998913 163.641
0.998609 -0.0266142 0.0459078 -1.02799 0.0274363 0.999493 -0.0173602 -3.6493 -0.0454212 0.0185953 0.998824 165.008
0.998591 -0.0230145 0.0483292 -0.992436 0.0239957 0.999536 -0.0198155 -3.69634 -0.0478492 0.0209486 0.998662 166.37
0.998568 -0.0200056 0.0499678 -0.959437 0.0210436 0.999592 -0.0203263 -3.74365 -0.0495395 0.0213485 0.998573 167.725
0.998422 -0.0185623 0.0534182 -0.942289 0.0196232 0.99964 -0.0193967 -3.78818 -0.0530373 0.0204157 0.998409 169.092
0.998352 -0.0165765 0.0552675 -0.909515 0.0177001 0.999666 -0.0198942 -3.83233 -0.0549179 0.0208395 0.998302 170.465
0.998328 -0.0146367 0.0563373 -0.855096 0.0159236 0.999642 -0.0224499 -3.88418 -0.0559869 0.0233107 0.998187 171.864
0.998384 -0.011064 0.0560583 -0.794622 0.0124663 0.999637 -0.0247235 -3.94283 -0.0557632 0.0253821 0.99815 173.238
0.998399 -0.00622106 0.0566549 -0.738289 0.00769022 0.999662 -0.0257359 -4.00262 -0.056474 0.0261316 0.998091 174.626
0.998342 -0.00104324 0.057864 -0.692812 0.00246514 0.999719 -0.024503 -4.05882 -0.0578208 0.0246048 0.998054 175.987
0.998328 0.00256931 0.0581897 -0.616883 -0.00127658 0.999777 -0.0222254 -4.12267 -0.0582322 0.0221154 0.998087 177.413
0.998164 0.00429785 0.0607337 -0.587 -0.00307536 0.999818 -0.0202042 -4.16965 -0.0608076 0.0199802 0.997984 178.774
0.998192 0.00139914 0.0605064 -0.513847 -0.000214551 0.999835 -0.0195631 -4.21655 -0.0605221 0.0195161 0.998006 180.169
0.998286 -0.0011703 0.0588406 -0.433165 0.00230288 0.99984 -0.0191813 -4.27032 -0.0588069 0.0192839 0.998119 181.579
0.998327 -0.00100866 0.0582522 -0.370255 0.00237484 0.999751 -0.0233733 -4.3243 -0.0582122 0.023474 0.99806 182.994
0.998291 0.00112269 0.0587766 -0.325639 0.000542182 0.99963 -0.0282971 -4.374 -0.0587844 0.0282805 0.997908 184.394
0.998229 0.00528076 0.059674 -0.269866 -0.00356674 0.999607 -0.0287792 -4.43396 -0.0598006 0.0285168 0.997836 185.811
0.998236 0.00846587 0.0591118 -0.19241 -0.00684671 0.999627 -0.0275343 -4.49901 -0.0593207 0.0270808 0.997911 187.195
0.998137 0.0101599 0.0606061 -0.138998 -0.00873995 0.999711 -0.0236352 -4.56339 -0.0608267 0.0230629 0.997917 188.586
0.998014 0.0104473 0.0624405 -0.082052 -0.00913472 0.999762 -0.0212635 -4.62487 -0.0626456 0.0206508 0.997861 189.97
0.99795 0.00954363 0.0637078 -0.0160535 -0.00829687 0.999798 -0.0197943 -4.68627 -0.0638818 0.0192267 0.997808 191.352
0.997912 0.00745558 0.0644821 0.0614013 -0.00624821 0.999832 -0.0189022 -4.74031 -0.06461 0.0184597 0.99778 192.806
0.997886 0.0048934 0.0652119 0.137879 -0.00369186 0.99985 -0.0185211 -4.79389 -0.0652907 0.0182427 0.997735 194.251
0.997826 0.00192013 0.0662005 0.216383 -0.000716224 0.999864 -0.0182011 -4.84684 -0.0662243 0.0181141 0.997681 195.703
0.997777 -0.000815045 0.0670474 0.305993 0.00198254 0.999875 -0.0173368 -4.89201 -0.0670228 0.0174328 0.997635 197.174
0.99768 -0.00569459 0.0681676 0.389392 0.00680118 0.99988 -0.016009 -4.94018 -0.068066 0.0164354 0.997587 198.6
0.997631 -0.00777955 0.0687623 0.484578 0.00893429 0.999852 -0.0164889 -4.98229 -0.0686214 0.0170656 0.997533 200.057
0.997638 -0.00546767 0.0687919 0.575996 0.00692315 0.999789 -0.020934 -5.02992 -0.0686606 0.0213607 0.997453 201.503
0.99761 0.0028869 0.0694353 0.653655 -0.00106559 0.999683 -0.0262446 -5.07997 -0.0694866 0.0261093 0.997278 202.945
0.99749 0.0114606 0.0701913 0.736543 -0.00963042 0.999639 -0.0263554 -5.13758 -0.0704654 0.0256131 0.997227 204.381
0.997243 0.0190028 0.0721219 0.803922 -0.017397 0.999617 -0.0228236 -5.19285 -0.0725255 0.0215074 0.997172 205.828
0.997119 0.0196839 0.073578 0.887479 -0.0182056 0.999652 -0.0207052 -5.24545 -0.0739573 0.0193059 0.997117 207.279
0.997155 0.0181143 0.0735464 0.987016 -0.0166578 0.999683 -0.0203663 -5.29578 -0.0738893 0.0190848 0.997121 208.764
0.997156 0.0146754 0.0742461 1.04234 -0.0131956 0.999737 -0.0203779 -5.34843 -0.0745228 0.0193401 0.997074 210.196
0.997175 0.0124638 0.0744541 1.12825 -0.0109538 0.999756 -0.0206502 -5.40449 -0.0746905 0.0197779 0.997048 211.675
0.997089 0.0131757 0.0754314 1.20547 -0.011615 0.999741 -0.0210875 -5.46353 -0.075687 0.0201498 0.99697 213.142
0.996824 0.0146477 0.0786506 1.2504 -0.0130668 0.999734 -0.0205721 -5.52074 -0.0789278 0.0194805 0.996729 214.602
0.996733 0.0151205 0.0796353 1.34131 -0.0136379 0.999755 -0.0191269 -5.58431 -0.0799022 0.0179782 0.996681 216.084
0.99672 0.0144018 0.080011 1.44838 -0.0129115 0.999766 -0.0191075 -5.64524 -0.0802641 0.0180132 0.99665 217.587
0.996764 0.0134982 0.0795402 1.57248 -0.0119558 0.999763 -0.0198342 -5.70012 -0.0797862 0.018819 0.996675 219.107
0.996843 0.0126315 0.0787646 1.68469 -0.0110904 0.99977 -0.0199676 -5.75496 -0.0789951 0.0190325 0.996732 220.584
0.996888 0.0122799 0.0781746 1.7976 -0.0107854 0.999782 -0.0195088 -5.81604 -0.0783941 0.0186048 0.99679 222.073
0.996939 0.0124069 0.0775861 1.91179 -0.0109669 0.999792 -0.0189561 -5.88382 -0.0778011 0.0180488 0.996846 223.576
0.996926 0.0121845 0.0777046 2.00054 -0.0107359 0.999792 -0.0190319 -5.93749 -0.0779172 0.018139 0.996836 225.035
0.997001 0.0128495 0.0767157 2.12231 -0.0114213 0.999785 -0.0190225 -5.99591 -0.0769395 0.0180909 0.996913 226.544
0.997074 0.0124304 0.0757421 2.24949 -0.0110271 0.999791 -0.0189167 -6.0555 -0.0759583 0.0180259 0.996989 228.101
0.997113 0.012419 0.07532 2.35821 -0.0110217 0.999792 -0.0189361 -6.10809 -0.0755352 0.0180528 0.997021 229.61
0.997179 0.0114771 0.0745031 2.4789 -0.0100933 0.999801 -0.0189241 -6.16452 -0.0747021 0.0181185 0.997083 231.135
0.997187 0.0100034 0.0747035 2.58682 -0.00860517 0.999814 -0.019013 -6.21669 -0.0748756 0.0183182 0.997066 232.663
0.997163 0.00912789 0.0750473 2.68411 -0.00773142 0.999823 -0.0188778 -6.26581 -0.0752029 0.0182438 0.997043 234.184
0.997085 0.00765627 0.0763209 2.76176 -0.00627555 0.999844 -0.0183127 -6.31077 -0.0764448 0.017782 0.996958 235.693
0.997035 0.00785195 0.0768766 2.86244 -0.00647986 0.999847 -0.0180807 -6.36259 -0.0770033 0.0175286 0.996919 237.227
0.997009 0.00857871 0.0772266 2.97993 -0.00715544 0.999832 -0.0186871 -6.41428 -0.0773693 0.0180801 0.996882 238.771
0.996762 0.0100143 0.0800939 3.04571 -0.00839465 0.999786 -0.0205303 -6.45327 -0.0802788 0.0197913 0.996619 240.267
0.996612 0.011474 0.0818304 3.14871 -0.00984563 0.99978 -0.0202732 -6.50224 -0.0820406 0.0194003 0.996485 241.804
0.996475 0.0114458 0.0834027 3.2592 -0.00993931 0.999813 -0.0184528 -6.55384 -0.0835947 0.0175587 0.996388 243.334
0.99627 0.0112756 0.0859545 3.36069 -0.00976314 0.999823 -0.0179961 -6.60911 -0.086138 0.0170911 0.996184 244.806
0.996136 0.0118187 0.0873099 3.46873 -0.0101171 0.999782 -0.0199028 -6.6589 -0.0875228 0.0189424 0.996024 246.344
0.99604 0.0123033 0.0884478 3.58771 -0.0104582 0.999751 -0.0212949 -6.71335 -0.0886837 0.0202868 0.9959 247.869
0.996044 0.0127801 0.0882232 3.7273 -0.0109928 0.999757 -0.020711 -6.7763 -0.0884632 0.019659 0.995927 249.442
0.996086 0.0123887 0.0879122 3.87016 -0.0107115 0.999784 -0.0195242 -6.83758 -0.088131 0.0185075 0.995984 251.008
0.99613 0.0127293 0.087255 4.00687 -0.011116 0.99979 -0.0189462 -6.90108 -0.0874746 0.0179028 0.996048 252.598
0.996147 0.0130005 0.087132 4.1329 -0.0114251 0.999795 -0.0185566 -6.96325 -0.0873514 0.0174909 0.996072 254.147
0.996084 0.0144156 0.0875142 4.25759 -0.0128692 0.999783 -0.0182034 -7.0203 -0.0877545 0.0170056 0.996039 255.718
0.996046 0.0152864 0.0879149 4.37707 -0.0137499 0.999775 -0.018056 -7.07572 -0.088167 0.0167771 0.996012 257.255
0.996039 0.0151668 0.0879028 4.50362 -0.0136732 0.999784 -0.0175645 -7.13517 -0.0881471 0.0162927 0.996016 258.804
0.996028 0.0135547 0.0884074 4.62391 -0.0120878 0.999814 -0.0171059 -7.19396 -0.0886188 0.0159707 0.995986 260.339
0.996082 0.0115443 0.087966 4.76824 -0.0101846 0.999853 -0.015887 -7.25616 -0.0881334 0.0149285 0.996039 261.927
0.996069 0.0092884 0.0885086 4.89865 -0.00794885 0.999883 -0.0154749 -7.30336 -0.0886383 0.0147117 0.996004 263.472
0.996102 0.00778592 0.0881596 5.03579 -0.00637172 0.999879 -0.0163076 -7.35171 -0.0882727 0.0156819 0.996016 265.033
0.996143 0.00666182 0.0879074 5.17056 -0.00514341 0.999868 -0.0174868 -7.40192 -0.0880086 0.0169683 0.996023 266.59
0.99583 0.00327962 0.0914514 5.2413 -0.00192352 0.999921 -0.0149102 -7.45744 -0.0914892 0.0146717 0.995743 268.121
0.99583 0.000906946 0.0916406 5.38387 0.000278268 0.99995 -0.0129197 -7.51441 -0.0916443 0.0128924 0.995756 269.692
0.995996 0.000278263 0.0897141 5.55838 0.000939516 0.999942 -0.013528 -7.57156 -0.0897091 0.0135576 0.995923 271.31
0.996313 0.000217066 0.0862602 5.76501 0.000983001 0.999937 -0.0138698 -7.63296 -0.0862547 0.0139044 0.996224 272.952
0.996101 0.000486153 0.0885277 5.86825 0.000721573 0.999942 -0.0136089 -7.68419 -0.0885257 0.0136191 0.996027 274.478
0.996152 0.00198883 0.0880766 6.02803 -0.000845178 0.99995 -0.0130205 -7.74207 -0.0880949 0.0128971 0.996076 276.07
0.996103 0.0025559 0.0884818 6.16174 -0.00146264 0.999956 -0.0124204 -7.79961 -0.0885062 0.012242 0.996047 277.624
0.995969 0.00191846 0.0901267 6.28813 -0.000936188 0.999974 -0.0109403 -7.86357 -0.0901423 0.010813 0.995919 279.178
0.995879 0.0031017 0.0909488 6.42004 -0.00206579 0.999967 -0.0114836 -7.90742 -0.0909778 0.0112476 0.995836 280.728
0.995768 0.00316355 0.0922905 6.54994 -0.00207912 0.999962 -0.011846 -7.95511 -0.0923215 0.011605 0.995712 282.262
0.99562 0.00151 0.093793 6.67074 -0.000360694 0.99996 -0.0122714 -7.99994 -0.0938044 0.0121831 0.995563 283.864
0.995206 0.000286252 0.0982886 6.78465 0.000800938 0.999974 -0.0110242 -8.05783 -0.0982865 0.011051 0.995153 285.365
0.995143 -0.00182697 0.098717 6.93277 0.00276365 0.99999 -0.00935181 -8.10441 -0.0986962 0.00957851 0.995119 286.997
0.995118 -0.00209221 0.0991533 7.08063 0.00305294 0.999985 -0.00954127 -8.14322 -0.0991293 0.00979828 0.995084 288.616
0.995081 -0.00336276 0.0993045 7.22289 0.0045699 0.999956 -0.0119299 -8.18212 -0.0992575 0.0123244 0.995034 290.191
0.995109 -0.00429795 0.0991652 7.3754 0.00574811 0.999916 -0.0143462 -8.22417 -0.0990926 0.0148467 0.995025 291.766
0.995129 -0.00437718 0.0987752 7.5237 0.00581964 0.999917 -0.0143193 -8.2681 -0.0987019 0.0148237 0.995055 293.339
0.995203 -0.00487806 0.0982089 7.67287 0.00641532 0.999898 -0.0153476 -8.30056 -0.0981216 0.0159045 0.995107 294.915
0.995134 -0.00356556 0.0987565 7.80437 0.00525997 0.999879 -0.0169017 -8.34324 -0.0986821 0.0173381 0.995017 296.483
0.995112 -0.00390344 0.099164 7.94738 0.00569918 0.999862 -0.0178374 -8.38166 -0.099078 0.0183157 0.994972 298.072
0.995147 -0.00383936 0.0986173 8.09899 0.00558919 0.999868 -0.0174747 -8.43679 -0.0985352 0.0179402 0.995022 299.715
0.995261 -0.00460272 0.0976262 8.25132 0.00631071 0.999869 -0.017199 -8.49207 -0.0975318 0.017734 0.995136 301.324
0.995348 -0.00499958 0.0965131 8.41431 0.00659366 0.999883 -0.0162067 -8.53922 -0.0964188 0.0167668 0.99525 302.896
0.995386 -0.00335213 0.0964024 8.55855 0.0048199 0.999913 -0.0150029 -8.58998 -0.0963413 0.0153987 0.995291 304.491
0.995337 -0.00308237 0.0967067 8.71393 0.00456622 0.999911 -0.0151304 -8.63825 -0.0966495 0.0155006 0.995248 306.132
0.995342 -0.00359667 0.0968435 8.87551 0.00511454 0.999905 -0.0154356 -8.68421 -0.0967764 0.0158594 0.995242 307.775
0.995299 -0.00498005 0.0970154 9.03636 0.0065344 0.999891 -0.0157167 -8.73044 -0.0969247 0.0162758 0.995209 309.394
0.99531 -0.00658384 0.0970145 9.19727 0.00824127 0.999864 -0.0166989 -8.77563 -0.096889 0.0174205 0.995203 311.015
0.995278 -0.00855613 0.0969851 9.35357 0.0104659 0.999796 -0.0192074 -8.82101 -0.0967992 0.0201308 0.995151 312.631
0.995335 -0.00906601 0.0965515 9.5042 0.0110891 0.999766 -0.0204442 -8.87387 -0.0963413 0.0214197 0.995179 314.239
0.995604 -0.00901389 0.0935501 9.65926 0.0110143 0.999757 -0.0208971 -8.94118 -0.0933371 0.0218346 0.995446 315.837
0.99589 -0.0078892 0.0907575 9.82368 0.00975122 0.999787 -0.0200996 -9.00056 -0.0905771 0.0209022 0.995732 317.504
0.995998 -0.00706604 0.0894266 9.98558 0.00859665 0.999858 -0.0167502 -9.06174 -0.0892938 0.0174509 0.995903 319.162
0.995948 -0.00885667 0.090039 10.1225 0.0100846 0.999899 -0.0132005 -9.12308 -0.0899104 0.0140554 0.995913 320.842
0.995886 -0.00927654 0.0904657 10.2426 0.0103893 0.999911 -0.011846 -9.17642 -0.0903461 0.012736 0.99588 322.488
0.995836 -0.00970806 0.0911779 10.3727 0.0108726 0.999901 -0.0122921 -9.23253 -0.091047 0.0132326 0.99582 324.121
0.995836 -0.0113756 0.0907938 10.5207 0.0125363 0.999883 -0.0122351 -9.28128 -0.090642 0.0133213 0.995846 325.732
0.996049 -0.0113321 0.0886439 10.6853 0.0123381 0.999902 -0.0108177 -9.34717 -0.08851 0.011869 0.996068 327.344
0.995999 -0.0114467 0.0889839 10.8326 0.0124918 0.999895 -0.011209 -9.38823 -0.088844 0.0122747 0.996022 329.034
0.99593 -0.00879586 0.0902694 10.9409 0.00995306 0.99991 -0.0123855 -9.43029 -0.0901497 0.0132339 0.995904 330.682
0.995861 -0.00776741 0.0908895 11.0742 0.00900095 0.999909 -0.0131809 -9.47395 -0.0907764 0.0139435 0.995824 332.322
0.995835 -0.00944314 0.0912438 11.2364 0.0105409 0.999915 -0.0115666 -9.52718 -0.0911238 0.0124807 0.995827 333.999
0.995675 -0.0104336 0.0926532 11.3532 0.0114423 0.999918 -0.0103733 -9.5777 -0.0925345 0.0113876 0.995697 335.626
0.99559 -0.0117297 0.0936237 11.4897 0.0128207 0.999894 -0.0110686 -9.63007 -0.0934808 0.0122205 0.995612 337.272
0.995691 -0.0107739 0.0924494 11.6475 0.0118229 0.999908 -0.0108162 -9.67727 -0.0923216 0.0118617 0.995712 338.912
0.995806 -0.00912686 0.0915891 11.7963 0.0103359 0.999903 -0.0127444 -9.72806 -0.0914607 0.013638 0.995782 340.546
0.995899 -0.00782868 0.0904982 11.9408 0.00926726 0.999874 -0.0154973 -9.77846 -0.0903626 0.0162715 0.99583 342.173
0.995973 -0.00652972 0.0899812 12.0766 0.0079277 0.999891 -0.0151973 -9.82656 -0.0898689 0.0158498 0.995894 343.8
0.995855 -0.00637188 0.0910925 12.196 0.00755758 0.99993 -0.0126855 -9.87345 -0.0910023 0.0133204 0.995817 345.423
0.996124 -0.00552482 0.0883691 12.339 0.00639938 0.999971 -0.00962568 -9.91975 -0.08831 0.0101544 0.996109 347.035
0.996326 -0.00523119 0.0858747 12.4864 0.00625008 0.999952 -0.0116066 -9.95113 -0.085807 0.0120997 0.996294 348.674
0.996527 -0.00599908 0.0836977 12.6235 0.00716128 0.999921 -0.0136002 -9.99186 -0.0836062 0.0141528 0.996467 350.285
0.996641 -0.0083492 0.0818892 12.7569 0.00947441 0.999905 -0.0133704 -10.0336 -0.0817671 0.0141003 0.996608 351.856
0.996664 -0.00939834 0.081712 12.8689 0.010562 0.999888 -0.0138264 -10.0747 -0.0815696 0.0146437 0.996629 353.476
0.996626 -0.00996608 0.0818768 12.9899 0.0112318 0.999863 -0.0150224 -10.1212 -0.0817132 0.0158903 0.996586 355.118
0.996647 -0.00955757 0.0818956 13.1115 0.0110071 0.999829 -0.0172728 -10.1603 -0.0817133 0.0181167 0.99656 356.743
0.996638 -0.00990736 0.0817521 13.2336 0.0113945 0.999817 -0.0177535 -10.2135 -0.0815585 0.0186242 0.996551 358.353
0.996648 -0.0108947 0.0817299 13.366 0.0124276 0.999795 -0.018276 -10.2665 -0.0815109 0.0192308 0.996556 359.973
0.996646 -0.0103699 0.0815868 13.4936 0.0120415 0.999766 -0.0200313 -10.3103 -0.0813574 0.0209455 0.996522 361.582
0.996663 -0.0106119 0.0815845 13.6191 0.0123602 0.999743 -0.0209611 -10.3717 -0.0813379 0.0218998 0.996515 363.208
0.996652 -0.0118141 0.0813112 13.7522 0.0135478 0.999732 -0.0208117 -10.4332 -0.0810408 0.0218426 0.996528 364.809
0.996682 -0.0114356 0.0812408 13.8837 0.0132509 0.999713 -0.0218482 -10.4935 -0.0809645 0.0228523 0.996524 366.44
0.996675 -0.0131816 0.0808266 14.0137 0.0150993 0.999658 -0.0231712 -10.5537 -0.0804908 0.0243134 0.996516 368.04
0.996641 -0.0155672 0.0810449 14.1391 0.0173594 0.999658 -0.0214628 -10.6154 -0.0806798 0.0227977 0.996549 369.687
0.99653 -0.0171226 0.0818776 14.2485 0.0189051 0.99964 -0.0210543 -10.6712 -0.0814849 0.022528 0.996478 371.314
0.996446 -0.0168002 0.0831749 14.3454 0.0187425 0.999608 -0.0226339 -10.7245 -0.0827588 0.0241125 0.996348 372.899
0.996415 -0.0166553 0.0833607 14.4759 0.018599 0.999611 -0.0226051 -10.7911 -0.0829492 0.0240735 0.99632 374.482
0.99645 -0.0153502 0.0834219 14.6101 0.0172505 0.999647 -0.0221147 -10.8498 -0.0830497 0.0234753 0.99634 376.129
0.996327 -0.0140491 0.0848888 14.7169 0.0159719 0.99967 -0.0220227 -10.9062 -0.0845487 0.0232966 0.996205 377.75
0.996241 -0.0133003 0.086219 14.8266 0.0153033 0.999667 -0.0226211 -10.9618 -0.0858861 0.0238555 0.996091 379.365
0.996151 -0.0134266 0.0870237 14.9417 0.0155366 0.99964 -0.0236226 -11.0243 -0.0866726 0.0248826 0.995984 380.976
0.996058 -0.0132464 0.0883206 15.0534 0.0154181 0.999634 -0.0239618 -11.0873 -0.0879675 0.0252291 0.995876 382.577
0.995965 -0.0124274 0.0892888 15.1936 0.0146617 0.999635 -0.024417 -11.1522 -0.08895 0.0256265 0.995765 384.222
0.99599 -0.0102231 0.0894839 15.3391 0.0124996 0.999652 -0.0249278 -11.212 -0.0891945 0.0259463 0.995749 385.859
0.995846 -0.0086974 0.0910449 15.4634 0.0108983 0.9997 -0.0237094 -11.2873 -0.0908088 0.0246019 0.995624 387.469
0.995837 -0.00789363 0.0913975 15.6094 0.0101283 0.999701 -0.0240215 -11.3546 -0.0911771 0.0248473 0.995597 389.085
0.995769 -0.0061126 0.0921011 15.752 0.00844806 0.999694 -0.0249914 -11.4172 -0.0919176 0.0256624 0.995497 390.709
0.995776 -0.00471321 0.0922856 15.8999 0.00716553 0.999671 -0.0262689 -11.4667 -0.092128 0.0268194 0.99546 392.345
0.995855 -0.00408409 0.091269 16.0611 0.00643588 0.999696 -0.0254917 -11.5333 -0.0911346 0.025972 0.995561 393.938
0.995885 -0.0025555 0.0911897 16.2031 0.00494194 0.999694 -0.0259629 -11.5905 -0.0910921 0.026307 0.995571 395.604
0.995828 -0.00180854 0.0916506 16.3428 0.00427887 0.999673 -0.0267673 -11.6559 -0.0915699 0.0270462 0.995493 397.253
0.9959 -0.00159026 0.091056 16.5014 0.00404604 0.999675 -0.0267994 -11.7231 -0.0909806 0.0270581 0.995561 398.893
