0.999996 0.00206308 -0.00173142 0.062296 -0.00206405 0.999998 -0.000388808 -0.0652092 0.00173061 0.000392435 0.999998 0.888495
0.999999 -0.000643656 -0.00157175 0.0710836 0.000641218 1 -0.00131833 -0.0603014 0.00157276 0.00131746 0.999999 1.84166
0.999998 -0.000338466 -0.00224424 0.0779269 0.000342904 0.999998 0.00216952 -0.0504715 0.0022435 -0.00217028 0.999996 2.77233
0.999988 -0.00331852 -0.00415544 0.0960074 0.00335136 0.999963 0.00798208 -0.0453679 0.00412909 -0.00799587 0.999962 3.73432
0.999964 -0.00649538 -0.00551639 0.0912722 0.00653895 0.999947 0.00800314 -0.0387234 0.00546419 -0.00803893 0.999953 4.70295
0.999936 -0.00904234 -0.00718562 0.0920769 0.00908054 0.999946 0.00533841 -0.030208 0.0071373 -0.00540336 0.999964 5.66924
0.999918 -0.00986485 -0.00837717 0.0902511 0.00988147 0.999951 0.00202304 -0.027487 0.00835697 -0.00210566 0.999965 6.61103
0.999913 -0.00974979 -0.00931658 0.0779958 0.00976296 0.999954 0.00136508 -0.0201651 0.00930327 -0.00145604 0.999962 7.55461
0.999894 -0.00945372 -0.0112622 0.0724179 0.00949115 0.999951 0.00334127 -0.0180558 0.0112302 -0.00344788 0.999933 8.49958
0.999884 -0.00871454 -0.01276 0.0665847 0.00879547 0.999944 0.00629607 -0.0121795 0.0127048 -0.00640766 0.999905 9.43863
0.999864 -0.00945198 -0.0137008 0.0534852 0.00956573 0.999921 0.00831492 -0.0103319 0.0136214 -0.0084449 0.999875 10.3866
0.999838 -0.0108262 -0.014645 0.0454944 0.010958 0.999902 0.00896505 -0.000770841 0.0145467 -0.00912421 0.999859 11.3219
0.999817 -0.0112844 -0.0156836 0.0317049 0.0114195 0.999899 0.00859693 0.0143589 0.0155852 -0.00877458 0.999844 12.2497
0.999696 -0.014026 -0.0204442 0.095389 0.0141639 0.99988 0.00662697 0.0470269 0.0203491 -0.00691469 0.999776 13.1044
0.999643 -0.0147083 -0.0225145 0.0772019 0.0148063 0.999883 0.00422689 0.0601121 0.0224499 -0.00455902 0.999743 14.0524
0.999572 -0.0158482 -0.0247355 0.0644518 0.0159341 0.99987 0.00329321 0.0586717 0.0246803 -0.00368611 0.999696 14.9778
0.99951 -0.0158029 -0.0272034 0.0491221 0.0158762 0.999872 0.00250934 0.0566926 0.0271604 -0.00294026 0.999632 15.9029
0.999457 -0.0140127 -0.0299523 0.0316209 0.0140597 0.999903 0.00137104 0.0586154 0.0299304 -0.00179156 0.999558 16.7881
0.999401 -0.0125333 -0.0324131 0.00553133 0.0125835 0.999921 0.00136572 0.0631699 0.0323937 -0.00177304 0.999479 17.6968
0.999305 -0.0130547 -0.0350388 -0.0121559 0.0131539 0.999913 0.0026141 0.0601078 0.0350017 -0.00307342 0.999391 18.6002
0.999258 -0.0125968 -0.0365352 -0.0492818 0.0127548 0.999912 0.00411519 0.0616162 0.0364803 -0.00457842 0.99933 19.5232
0.999213 -0.012026 -0.0379077 -0.0852811 0.0121636 0.999923 0.0034105 0.0639434 0.0378639 -0.00386918 0.999284 20.4032
0.999133 -0.0129258 -0.039695 -0.120754 0.0130694 0.99991 0.00337666 0.0656134 0.0396481 -0.00389278 0.999211 21.2973
0.999092 -0.0129707 -0.0406992 -0.169171 0.0131327 0.999909 0.00372802 0.0589179 0.0406472 -0.00425944 0.999173 22.1978
0.999094 -0.0128806 -0.0406862 -0.22664 0.0130716 0.999906 0.00444711 0.0592479 0.0406253 -0.00497525 0.999168 23.0786
0.999048 -0.0127811 -0.0418559 -0.26767 0.0130347 0.9999 0.00580303 0.0697544 0.0417776 -0.00634339 0.999117 23.9579
0.998976 -0.013934 -0.0431688 -0.301712 0.0143143 0.999863 0.00853263 0.0745763 0.0430442 -0.00914224 0.999039 24.8281
0.998908 -0.0134735 -0.0448744 -0.330175 0.0139717 0.999846 0.0108141 0.0709356 0.0447219 -0.0114295 0.998945 25.6919
0.998856 -0.01288 -0.0461876 -0.365884 0.0133469 0.999864 0.00983364 0.0759733 0.046055 -0.0104393 0.998892 26.5481
0.998742 -0.011367 -0.0489647 -0.389594 0.0117499 0.999905 0.00754402 0.0794203 0.0488744 -0.0081101 0.998783 27.3848
0.998674 -0.0109745 -0.0504533 -0.427019 0.0112945 0.99992 0.00607803 0.083271 0.0503829 -0.00664024 0.998716 28.2066
0.998618 -0.00984772 -0.0517254 -0.467071 0.0101654 0.999933 0.00588667 0.0868509 0.051664 -0.00640456 0.998659 29.0299
0.998574 -0.00996655 -0.0526034 -0.516147 0.0102898 0.999932 0.00589556 0.0842309 0.0525415 -0.00642879 0.998607 29.8271
0.998488 -0.00978805 -0.0542285 -0.564649 0.010084 0.999938 0.0051925 0.0836395 0.0541745 -0.00573182 0.998531 30.621
0.998392 -0.00994509 -0.0559743 -0.61768 0.0102441 0.999937 0.00507278 0.0901933 0.0559209 -0.00563839 0.998429 31.396
0.998259 -0.00997862 -0.0582921 -0.658847 0.0103364 0.999933 0.00584183 0.102222 0.0582302 -0.00643452 0.998301 32.1843
0.998181 -0.00993454 -0.059613 -0.718293 0.0104264 0.999916 0.00796038 0.108494 0.0595294 -0.00856785 0.998199 32.9379
0.998031 -0.0086635 -0.0622741 -0.76003 0.00923996 0.999922 0.00897691 0.118504 0.0621917 -0.00953493 0.998039 33.7011
0.997896 -0.00703799 -0.0645821 -0.803913 0.00761643 0.999936 0.00872902 0.131039 0.0645172 -0.009203 0.997884 34.4523
0.997646 -0.00357363 -0.0686344 -0.818339 0.00409467 0.999969 0.00745437 0.150444 0.0686057 -0.00771816 0.997636 35.1576
0.997518 -0.00183427 -0.0705192 -0.874764 0.00231722 0.999978 0.00677929 0.155414 0.0705059 -0.00692631 0.997499 35.8769
0.997377 -0.00249037 -0.0724754 -0.913197 0.00303327 0.999972 0.00738457 0.170196 0.072455 -0.00758535 0.997366 36.5534
0.997346 -0.00124951 -0.0729339 -0.977207 0.00193793 0.99996 0.00938041 0.174602 0.0729198 -0.00949729 0.997306 37.2665
0.997356 0.00156503 -0.0727921 -1.03762 -0.000853496 0.999956 0.00980761 0.179698 0.0728043 -0.00971987 0.997323 37.959
0.997442 0.0044021 -0.0714929 -1.08888 -0.00388356 0.999971 0.00740192 0.189874 0.0715238 -0.00710574 0.997427 38.6187
0.997534 0.00573427 -0.0701087 -1.13212 -0.00541716 0.999978 0.00471539 0.188202 0.0701345 -0.0043243 0.99755 39.3092
0.997665 0.00439698 -0.0683107 -1.17067 -0.00414593 0.99999 0.00382891 0.185298 0.0683271 -0.00353715 0.997671 39.9518
0.997849 0.00524632 -0.0655209 -1.21079 -0.00491333 0.999979 0.00524626 0.182867 0.0655471 -0.00491332 0.99786 40.6349
0.99801 0.0107374 -0.0623081 -1.2613 -0.0102331 0.999917 0.00841879 0.172569 0.0623937 -0.00776487 0.998036 41.2934
0.998073 0.0143103 -0.0605639 -1.2708 -0.0136272 0.999844 0.0116817 0.168358 0.0607216 -0.0108341 0.998119 41.8593
0.998237 0.0196034 -0.056225 -1.311 -0.0189545 0.999752 0.0120612 0.182881 0.0564478 -0.0109746 0.99836 42.489
0.998497 0.0234475 -0.0498117 -1.36253 -0.0228992 0.999676 0.0115545 0.202194 0.0500664 -0.0103966 0.998716 43.0893
0.998703 0.0273238 -0.043253 -1.40577 -0.0267462 0.999551 0.0138904 0.204216 0.0436134 -0.0127158 0.998982 43.6589
0.998788 0.0332955 -0.0366209 -1.44629 -0.0327784 0.999361 0.0146377 0.203762 0.0370847 -0.0134197 0.999246 44.2019
0.998925 0.0369418 -0.0284493 -1.4826 -0.0365571 0.999241 0.0139456 0.21254 0.0289429 -0.012891 0.999513 44.7467
0.998984 0.0399315 -0.021551 -1.49157 -0.0396235 0.999116 0.0145416 0.209114 0.0221125 -0.0136731 0.999687 45.2706
0.998934 0.0443639 -0.0136947 -1.51346 -0.0441768 0.998937 0.0136872 0.222611 0.014287 -0.0130678 0.99983 45.8023
0.998827 0.0483306 -0.00630522 -1.51777 -0.0482668 0.998793 0.00994552 0.242092 0.00677775 -0.00962986 0.999956 46.2972
0.998726 0.0506797 0.00201591 -1.52294 -0.0506919 0.998699 0.00664906 0.248786 -0.00167678 -0.00674306 0.999995 46.7614
0.998661 0.0511323 0.00962385 -1.50985 -0.0511969 0.998674 0.00655015 0.250974 -0.00927668 -0.00703443 0.999957 47.1782
0.998569 0.0507941 0.0175968 -1.49753 -0.0509357 0.99868 0.00771115 0.253974 -0.0171827 -0.00859679 0.999836 47.5685
0.99831 0.0525097 0.0255328 -1.48701 -0.0527236 0.998587 0.00776347 0.268883 -0.0250899 -0.00909684 0.999672 47.974
0.997831 0.056025 0.0350843 -1.48653 -0.0563417 0.998387 0.00812347 0.266089 -0.0345742 -0.0100827 0.999378 48.3046
0.997224 0.0605471 0.0436294 -1.46456 -0.0609441 0.99812 0.00783332 0.266095 -0.0430742 -0.0104709 0.999044 48.6157
0.996079 0.064007 0.0613649 -1.65958 -0.064201 0.997945 0.00120821 0.395502 -0.0611635 -0.00514345 0.998142 48.8868
0.995489 0.0632515 0.0709443 -1.63901 -0.0635391 0.997989 0.00180824 0.395999 -0.0706887 -0.00630819 0.997514 49.1823
0.994547 0.062697 0.0834798 -1.64364 -0.0629607 0.998025 0.000542881 0.37637 -0.0832838 -0.00579645 0.996528 49.4428
0.993443 0.062531 0.095882 -1.60701 -0.062571 0.99805 -0.00258702 0.339642 -0.0958584 -0.00342986 0.995428 49.691
0.991979 0.0630591 0.109693 -1.5834 -0.0626804 0.99802 -0.00687999 0.346624 -0.109914 -5.15341e-05 0.993966 49.9675
0.990021 0.064621 0.125377 -1.54885 -0.063985 0.997925 -0.00909522 0.346717 -0.125706 0.000981305 0.992107 50.2392
0.987727 0.0661465 0.141605 -1.50775 -0.0653712 0.99782 -0.0101097 0.339891 -0.141969 0.000727882 0.989896 50.4824
0.985054 0.0666202 0.15896 -1.46224 -0.0656012 0.997791 -0.0116537 0.341597 -0.159387 0.00105065 0.987256 50.7611
0.981973 0.0660785 0.177189 -1.4048 -0.0646735 0.997824 -0.0136869 0.355949 -0.177711 0.00197981 0.984109 51.0239
0.978417 0.0651767 0.196189 -1.32954 -0.0637333 0.997886 -0.0136682 0.341692 -0.196667 0.000868606 0.980511 51.25
0.974367 0.0651905 0.215395 -1.24333 -0.0636758 0.997885 -0.0139614 0.321811 -0.215854 -0.000112979 0.976456 51.4488
0.969095 0.0672997 0.23741 -1.18739 -0.0651912 0.997747 -0.0167286 0.328761 -0.238002 0.0007336 0.971306 51.7362
0.9633 0.0684388 0.259625 -1.08968 -0.0657292 0.997667 -0.019106 0.326668 -0.260332 0.00133877 0.965551 51.9861
0.956321 0.0691873 0.284088 -0.997646 -0.0663108 0.997619 -0.0197406 0.312035 -0.284779 3.93048e-05 0.958637 52.2308
0.948872 0.0701378 0.307829 -0.833594 -0.0674357 0.997548 -0.0194136 0.282641 -0.30844 -0.0023388 0.951275 52.5112
0.941478 0.0713566 0.329502 -0.62158 -0.0682008 0.997464 -0.0211409 0.280032 -0.330176 -0.00256944 0.943961 52.6896
0.932953 0.0710276 0.352978 -0.38092 -0.0676275 0.997482 -0.0219672 0.263338 -0.353653 -0.00337791 0.935406 52.9196
0.923694 0.0682115 0.37707 -0.111634 -0.0638558 0.997686 -0.0240551 0.246613 -0.377838 -0.00185937 0.925916 53.1684
0.912388 0.0650262 0.404177 0.175247 -0.0594756 0.997897 -0.0262833 0.227157 -0.405041 -5.93582e-05 0.914335 53.3682
0.897165 0.0636055 0.437147 0.361642 -0.0560861 0.997993 -0.0301023 0.215264 -0.438183 0.00248801 0.898928 53.5854
0.880555 0.0649802 0.469511 0.636995 -0.0550081 0.997888 -0.0349378 0.202729 -0.470794 0.00493639 0.882268 53.8659
0.86203 0.0668654 0.502478 0.897852 -0.0548383 0.997766 -0.038696 0.178699 -0.503941 0.00580123 0.863767 54.0835
0.843155 0.0680479 0.533385 1.23579 -0.0540015 0.997675 -0.0419143 0.155563 -0.535001 0.00653518 0.844868 54.2558
0.82331 0.0708304 0.5632 1.61561 -0.0554864 0.997497 -0.0443368 0.129534 -0.564928 0.00525214 0.825174 54.4268
0.798528 0.0758879 0.597189 1.94211 -0.0593248 0.997129 -0.0473817 0.124401 -0.599072 0.00240578 0.800736 54.6371
0.771057 0.0767764 0.632162 2.26071 -0.0588677 0.99707 -0.0492928 0.100171 -0.634091 0.000792885 0.773312 54.8167
0.741083 0.0727165 0.667495 2.56963 -0.0533664 0.997369 -0.0494003 0.065312 -0.669332 0.00098619 0.743012 54.9711
0.70596 0.0720284 0.704636 2.88872 -0.0511819 0.997423 -0.0506823 0.0493383 -0.706467 -0.000285347 0.707824 55.2
0.6678 0.0712191 0.740954 3.17766 -0.0489765 0.997476 -0.0517322 0.0284371 -0.742769 -0.00174433 0.669601 55.3939
0.624389 0.071558 0.777881 3.54087 -0.0463804 0.997455 -0.0545312 0.010217 -0.779799 -0.00203001 0.626116 55.6491
0.579929 0.0693692 0.811734 3.92448 -0.0401288 0.997608 -0.0565824 -0.00436708 -0.813717 0.000238118 0.581325 55.8791
0.534678 0.067174 0.842431 4.37262 -0.0369115 0.997761 -0.0561354 -0.0329284 -0.84431 -0.00108106 0.535958 56.1089
0.488328 0.0653642 0.870233 4.83226 -0.0355045 0.99787 -0.0550264 -0.0607815 -0.871976 -0.00402816 0.489608 56.3139
0.441044 0.066269 0.895083 5.27501 -0.0376939 0.99778 -0.0553014 -0.0630252 -0.896751 -0.00934871 0.442562 56.4984
0.395785 0.0660003 0.915992 5.79738 -0.0344533 0.997796 -0.0570065 -0.0860099 -0.917735 -0.00899855 0.397187 56.6653
0.353114 0.0619591 0.933572 6.27946 -0.0231225 0.9981 -0.0574979 -0.113579 -0.935351 -0.00128325 0.353876 56.7484
0.312653 0.0545999 0.948321 6.7767 -0.010609 0.998502 -0.0539905 -0.15757 -0.949846 0.00681769 0.312764 56.8166
0.273495 0.0535364 0.960427 7.31383 -0.00237537 0.998506 -0.0549846 -0.178161 -0.961927 0.0127563 0.273214 56.8883
0.238207 0.0543799 0.969714 7.90001 -0.000301993 0.998453 -0.0559166 -0.215552 -0.971251 0.0130249 0.237856 56.9929
0.207773 0.0536634 0.976749 8.42695 0.00749144 0.9984 -0.0564483 -0.252773 -0.978204 0.0190451 0.207039 57.0395
0.180436 0.0510771 0.982283 8.97564 0.0143061 0.998427 -0.0545437 -0.287376 -0.98352 0.0238924 0.179423 57.0882
0.155897 0.0484905 0.986626 9.57477 0.0206448 0.998439 -0.0523348 -0.322402 -0.987613 0.0285268 0.154653 57.1627
0.136125 0.0451883 0.989684 10.1378 0.0255738 0.998484 -0.0491071 -0.384403 -0.9904 0.0319928 0.134765 57.2489
0.120732 0.0460608 0.99166 10.731 0.027686 0.998403 -0.0497462 -0.415906 -0.992356 0.0334603 0.119265 57.3007
0.109179 0.0459744 0.992983 11.3348 0.0278771 0.998415 -0.0492904 -0.441081 -0.99367 0.0330609 0.107726 57.3303
0.0972664 0.0463491 0.994225 11.9785 0.028378 0.998403 -0.0493218 -0.474883 -0.994912 0.0330104 0.0957975 57.3999
0.0880557 0.0476533 0.995 12.589 0.0337438 0.998159 -0.0507902 -0.51324 -0.995583 0.0380455 0.0862879 57.4686
0.0812194 0.0489264 0.995541 13.22 0.0382803 0.997929 -0.0521683 -0.539112 -0.996021 0.0423454 0.0791801 57.5187
0.0773184 0.0477077 0.995891 13.8832 0.0385734 0.997984 -0.0508023 -0.575737 -0.9963 0.0423409 0.0753249 57.5537
0.072841 0.0452244 0.996364 14.5584 0.0361034 0.998221 -0.0479495 -0.602637 -0.99675 0.0394638 0.0710806 57.6271
0.0703138 0.0376853 0.996841 15.2375 0.0342386 0.998627 -0.0401678 -0.638926 -0.996978 0.0369523 0.0689298 57.6776
0.0694082 0.0318726 0.997129 15.9211 0.0355886 0.998799 -0.0344049 -0.66326 -0.997014 0.0378734 0.0681931 57.7192
0.0697532 0.0287375 0.997181 16.6495 0.0384753 0.998786 -0.0314753 -0.688058 -0.996862 0.0405598 0.0685659 57.7528
0.0691098 0.0300617 0.997206 17.3343 0.04185 0.998604 -0.0330059 -0.71893 -0.996792 0.0440129 0.0677577 57.8108
0.069707 0.0372495 0.996904 18.0642 0.0431036 0.99828 -0.0403148 -0.738539 -0.996677 0.0457778 0.0679847 57.8657
0.0724321 0.0454029 0.996389 18.81 0.0437489 0.99788 -0.0486533 -0.754452 -0.996473 0.0471137 0.0702949 57.9137
0.0729083 0.0460929 0.996308 19.5283 0.04478 0.997797 -0.0494388 -0.780317 -0.996375 0.0482166 0.0706871 57.9963
0.0737823 0.0422899 0.996427 20.2949 0.04377 0.998025 -0.0456006 -0.801258 -0.996375 0.046977 0.071788 58.0737
0.0752295 0.03634 0.99654 21.0491 0.0429162 0.998315 -0.0396449 -0.828566 -0.996285 0.0457476 0.0735471 58.1489
0.075888 0.035273 0.996543 21.824 0.0407396 0.998455 -0.0384449 -0.852356 -0.996347 0.0435152 0.0743363 58.2505
0.0781952 0.0400159 0.996174 22.5517 0.0483017 0.997894 -0.043877 -0.882215 -0.995811 0.0515454 0.0761018 58.3164
0.0816403 0.0455943 0.99567 23.2898 0.0502659 0.99752 -0.0498025 -0.90608 -0.995455 0.054113 0.0791486 58.368
0.0843335 0.0457455 0.995426 24.0447 0.0455164 0.997752 -0.049709 -0.934186 -0.995441 0.0494978 0.0820658 58.4565
0.0886433 0.0424263 0.995213 24.8229 0.0413929 0.998099 -0.0462383 -0.965783 -0.995265 0.0452927 0.0867214 58.5191
0.0925032 0.0378365 0.995033 25.5762 0.0456125 0.998094 -0.0421938 -1.00804 -0.994711 0.0492866 0.0906051 58.5945
0.0970104 0.0387875 0.994586 26.2797 0.0506509 0.997778 -0.0438554 -1.03093 -0.994063 0.0546294 0.0948332 58.6159
0.0995922 0.042854 0.994146 27.0613 0.0502214 0.997609 -0.0480349 -1.07185 -0.993805 0.0547087 0.097206 58.7039
0.101671 0.0431784 0.993941 27.8329 0.0463434 0.997793 -0.0480893 -1.11728 -0.993807 0.0509504 0.0994483 58.8304
0.104584 0.0424891 0.993648 28.6395 0.0455744 0.997859 -0.0474665 -1.1567 -0.993516 0.0502467 0.102428 58.9379
0.108695 0.0388287 0.993376 29.372 0.0496624 0.997804 -0.0444385 -1.1897 -0.992904 0.0541618 0.106531 58.9945
0.1126 0.0378522 0.99296 30.0976 0.0557351 0.997486 -0.0443455 -1.22806 -0.992121 0.0603335 0.110211 59.067
0.115511 0.0381914 0.992631 30.8993 0.0586146 0.997284 -0.045194 -1.26417 -0.991647 0.0634007 0.112961 59.1783
0.119148 0.0381631 0.992184 31.6477 0.059068 0.997245 -0.0454516 -1.28875 -0.991163 0.0640191 0.116569 59.2477
0.123222 0.0367024 0.991761 32.4135 0.0607345 0.99719 -0.044452 -1.31613 -0.990591 0.0657089 0.120649 59.3319
0.127308 0.0357841 0.99126 33.1958 0.0627984 0.997081 -0.0440602 -1.34164 -0.989919 0.0678559 0.124693 59.4169
0.130566 0.0367658 0.99082 34.0081 0.0610293 0.997147 -0.0450455 -1.36401 -0.989633 0.0663478 0.127952 59.525
0.133054 0.0384814 0.990406 34.76 0.0582861 0.997241 -0.046578 -1.39797 -0.98944 0.063921 0.130447 59.6464
0.137823 0.0386277 0.989767 35.5926 0.0598715 0.997115 -0.0472542 -1.42254 -0.988719 0.0657685 0.135115 59.7278
0.140376 0.0376149 0.989429 36.2957 0.057783 0.997292 -0.0461127 -1.46916 -0.988458 0.0636415 0.137826 59.8452
0.143773 0.0377613 0.988954 37.0797 0.0566472 0.997347 -0.04632 -1.50186 -0.988061 0.0626782 0.141255 59.9449
0.147436 0.0368967 0.98843 37.8456 0.0544241 0.997516 -0.0453548 -1.55 -0.98762 0.0604775 0.145065 60.0729
0.152763 0.0402976 0.987506 38.6136 0.0536631 0.997385 -0.0490052 -1.56805 -0.986877 0.0604761 0.150203 60.1487
0.155624 0.0425859 0.986945 39.4494 0.052303 0.997343 -0.0512826 -1.63105 -0.986478 0.0595971 0.152987 60.3114
0.160496 0.0433335 0.986151 40.1991 0.0522878 0.997289 -0.052336 -1.68349 -0.985724 0.0599605 0.157797 60.4036
0.162655 0.0459162 0.985663 40.9907 0.0461998 0.997497 -0.054092 -1.72201 -0.985649 0.0543317 0.16013 60.5583
0.165917 0.0457977 0.985141 41.7722 0.0422598 0.997702 -0.053502 -1.75559 -0.985308 0.0505062 0.163602 60.6881
0.169149 0.0465507 0.984541 42.5336 0.0443893 0.997542 -0.0547922 -1.7912 -0.98464 0.0529667 0.166669 60.8197
0.172803 0.0479218 0.983857 43.3382 0.043978 0.997474 -0.0563124 -1.82961 -0.984051 0.0529961 0.17026 60.9678
0.176187 0.0488214 0.983197 44.1336 0.0400597 0.997618 -0.0567167 -1.87169 -0.983592 0.0493746 0.173815 61.1255
0.180025 0.0465826 0.982627 44.9197 0.0393774 0.997766 -0.0545176 -1.91088 -0.982952 0.0485046 0.17779 61.276
0.185669 0.0465628 0.981561 45.714 0.0400448 0.99772 -0.0549048 -1.95064 -0.981848 0.0494954 0.183385 61.4104
0.195462 0.04926 0.979543 46.3769 0.0347242 0.997795 -0.05711 -1.98511 -0.980175 0.0451737 0.193321 61.5181
0.201181 0.0582076 0.977878 47.1846 0.0332391 0.997286 -0.0662016 -2.02602 -0.979044 0.0458165 0.198703 61.7034
0.208503 0.0632384 0.976048 47.9701 0.0317341 0.996977 -0.0713771 -2.06465 -0.977586 0.0458528 0.205867 61.88
0.214033 0.0669479 0.974586 48.8 0.0271538 0.996889 -0.0744437 -2.11386 -0.976504 0.042391 0.211551 62.1055
0.219789 0.0656629 0.97341 49.6076 0.023406 0.997124 -0.0725511 -2.16929 -0.975346 0.0387261 0.21762 62.3248
0.226492 0.0636049 0.971992 50.4094 0.0235924 0.997249 -0.0707558 -2.22632 -0.973783 0.0389514 0.22437 62.5358
0.2321 0.0605274 0.970882 51.1748 0.0229989 0.997475 -0.067687 -2.2795 -0.9725 0.0380357 0.230122 62.7613
0.239657 0.0551643 0.969347 51.9922 0.0211023 0.997888 -0.0620065 -2.33058 -0.970685 0.0353098 0.237987 62.9666
0.246351 0.0477922 0.968078 52.8158 0.0185185 0.998404 -0.0540051 -2.38353 -0.969083 0.0312282 0.245072 63.1923
0.253424 0.0447699 0.966376 53.6435 0.0181153 0.998569 -0.0510127 -2.44185 -0.967242 0.0304282 0.252251 63.4221
0.259876 0.0459339 0.964626 54.416 0.0165201 0.998546 -0.052003 -2.50416 -0.965582 0.0294467 0.258738 63.6261
0.265766 0.049763 0.96281 55.2203 0.0172795 0.998295 -0.0563674 -2.57793 -0.963939 0.0316116 0.264453 63.8741
0.27005 0.0516624 0.961532 56.0142 0.0156873 0.998225 -0.0580427 -2.64414 -0.962796 0.0307552 0.268758 64.1224
0.274463 0.0535893 0.960161 56.7928 0.0142758 0.998142 -0.0597906 -2.70365 -0.961549 0.0301116 0.273188 64.3605
0.280621 0.053502 0.9584 57.559 0.0119891 0.998206 -0.0592376 -2.74567 -0.959823 0.0281106 0.279474 64.5749
0.287199 0.0498843 0.95663 58.3103 0.0158781 0.998292 -0.0568244 -2.78807 -0.957797 0.0315037 0.285916 64.7655
0.29175 0.0431497 0.955597 59.0673 0.0165347 0.99864 -0.0501443 -2.82963 -0.95643 0.0304267 0.290638 64.9965
0.294289 0.0369951 0.95506 59.8303 0.0144049 0.999 -0.0431367 -2.87459 -0.955666 0.0264461 0.293462 65.256
0.297164 0.0333089 0.954322 60.5733 0.0101122 0.99926 -0.038029 -2.92217 -0.954852 0.020948 0.296607 65.5085
0.300691 0.0333932 0.953199 61.2888 0.00868479 0.999285 -0.037748 -2.95408 -0.953742 0.0196225 0.300186 65.7334
0.304141 0.0358139 0.952033 62.01 0.00693323 0.999218 -0.0398063 -2.97936 -0.952682 0.0187032 0.303654 65.9544
0.305361 0.0398434 0.951465 62.7151 0.00270943 0.999121 -0.0427089 -3.01739 -0.952294 0.0156128 0.304984 66.1992
0.308761 0.0438837 0.950206 63.4003 0.00157367 0.998945 -0.0466485 -3.0508 -0.951221 0.0158945 0.308365 66.4064
0.311582 0.0487968 0.94903 64.0822 0.00123033 0.998698 -0.0517544 -3.0848 -0.950281 0.0172865 0.311117 66.6283
0.314292 0.0512174 0.948022 64.7531 0.00454568 0.998486 -0.0554532 -3.0897 -0.949398 0.0217336 0.313582 66.8516
0.315418 0.051714 0.947608 65.4309 0.00186922 0.998518 -0.0551144 -3.12169 -0.949014 0.0191484 0.314854 67.0914
0.315136 0.0488245 0.947871 66.0645 0.00205819 0.998675 -0.052128 -3.15568 -0.949129 0.0183737 0.314616 67.3114
0.315244 0.046827 0.947921 66.7174 0.00167504 0.998793 -0.0498972 -3.19034 -0.949073 0.0173105 0.314785 67.5375
0.31471 0.0463024 0.948138 67.3226 0.00199494 0.998813 -0.0494414 -3.22046 -0.949271 0.0174465 0.314241 67.7367
0.313317 0.0451777 0.948642 67.9598 0.00232827 0.998868 -0.0483389 -3.25295 -0.94971 0.0173469 0.312857 67.9524
0.313485 0.0465409 0.948532 68.5797 0.00137797 0.998813 -0.0494655 -3.2785 -0.949677 0.016809 0.313047 68.1322
0.311068 0.0495315 0.949165 69.194 0.000625608 0.998671 -0.0523201 -3.30886 -0.950453 0.0168617 0.310623 68.3425
0.308352 0.0531695 0.949867 69.7793 0.00261393 0.998424 -0.0567384 -3.3398 -0.951356 0.0199732 0.307724 68.5348
0.306212 0.0544744 0.950474 70.3767 0.0052311 0.998291 -0.0589006 -3.35647 -0.952014 0.0230009 0.305405 68.7305
0.303504 0.0532859 0.95142 70.9561 0.00436572 0.998387 -0.057311 -3.38943 -0.952908 0.0215426 0.302779 68.923
0.300886 0.0503483 0.952402 71.5316 0.00382628 0.998576 -0.0539986 -3.42483 -0.953719 0.0198844 0.300266 69.1075
0.293412 0.0473747 0.954892 72.021 0.00512928 0.998719 -0.0511268 -3.44316 -0.956061 0.0198939 0.292791 69.3642
0.292026 0.0456399 0.955394 72.5738 0.00896905 0.998731 -0.0504521 -3.47877 -0.956436 0.0232949 0.291247 69.5139
0.29057 0.0466984 0.955793 73.1201 0.0130933 0.998562 -0.05277 -3.50314 -0.956854 0.0278424 0.289538 69.6661
0.288156 0.0477195 0.956471 73.6616 0.017004 0.99839 -0.0549347 -3.53784 -0.957503 0.032086 0.286883 69.82
0.286819 0.0493523 0.956796 74.209 0.0164995 0.998312 -0.0564418 -3.56791 -0.957934 0.0319697 0.285518 69.9805
0.284977 0.0519135 0.957206 74.7454 0.0159304 0.998184 -0.0588798 -3.59997 -0.958474 0.0320207 0.283635 70.1519
0.282538 0.0489279 0.958091 75.2849 0.0168161 0.998335 -0.055944 -3.65989 -0.959202 0.0319121 0.281242 70.3305
0.28429 0.0461104 0.957708 75.8516 0.0230745 0.998272 -0.0549142 -3.69325 -0.958533 0.0377026 0.282737 70.4696
0.287189 0.0437278 0.956959 76.4098 0.0282964 0.998178 -0.054105 -3.71555 -0.95755 0.0426106 0.285425 70.607
0.289429 0.0420658 0.956356 76.958 0.0313138 0.998134 -0.0533814 -3.74907 -0.95676 0.0453892 0.287573 70.7599
0.292556 0.0409948 0.955454 77.5193 0.0289445 0.998288 -0.051697 -3.79545 -0.955906 0.0427733 0.290865 70.9475
0.296223 0.0411321 0.954315 78.0788 0.0278766 0.998324 -0.0516833 -3.83075 -0.954785 0.041905 0.294582 71.1631
0.303127 0.0397569 0.952206 78.6437 0.0296987 0.998296 -0.0511373 -3.85071 -0.952582 0.0437739 0.301426 71.3354
0.309358 0.039639 0.950201 79.2214 0.0283507 0.998352 -0.0508791 -3.88144 -0.950597 0.0426706 0.307725 71.5644
0.318144 0.0373486 0.947393 79.796 0.0291187 0.998413 -0.0491399 -3.90642 -0.947692 0.0432136 0.316546 71.7495
0.326479 0.0369949 0.944563 80.383 0.0254866 0.998575 -0.0479207 -3.9466 -0.944936 0.0397107 0.325071 71.9745
0.336676 0.0365574 0.940999 80.9548 0.0242271 0.998624 -0.0474658 -3.98005 -0.941406 0.0387714 0.335321 72.1618
0.345972 0.039433 0.9375 81.5452 0.0191571 0.998661 -0.0490764 -4.02743 -0.938125 0.0349307 0.344753 72.4047
0.353944 0.0429771 0.934367 82.0627 0.0154961 0.998582 -0.0518026 -4.04104 -0.935236 0.0328079 0.35277 72.6329
0.365561 0.046703 0.9297 82.7746 0.010812 0.99851 -0.054412 -4.08465 -0.930801 0.0299349 0.36451 72.956
0.376478 0.0487372 0.925233 83.3246 0.00997476 0.99839 -0.0566516 -4.10749 -0.92647 0.0305507 0.375377 73.1491
0.386114 0.0496881 0.921199 83.9597 0.00783591 0.998384 -0.057137 -4.13206 -0.922498 0.0292718 0.385099 73.4419
0.396198 0.0492801 0.916933 84.5712 0.0074457 0.998399 -0.0568778 -4.17186 -0.918235 0.0293555 0.395188 73.711
0.407025 0.0504164 0.912113 85.2186 0.0036098 0.998428 -0.0567994 -4.20167 -0.913491 0.0264033 0.406201 74.0035
0.41973 0.0465025 0.90655 85.8483 0.00440984 0.998617 -0.053269 -4.22781 -0.907739 0.0263498 0.418934 74.2953
0.431556 0.0392233 0.901324 86.5086 0.00855917 0.998881 -0.0475683 -4.25395 -0.902129 0.0282347 0.430734 74.5743
0.441196 0.0344652 0.896845 87.1495 0.0107011 0.999036 -0.043659 -4.28551 -0.897449 0.0288526 0.440391 74.9013
0.451518 0.0311141 0.891813 87.8403 0.0103588 0.999193 -0.0401065 -4.31406 -0.892287 0.0273384 0.450826 75.2519
0.46006 0.0276438 0.887555 88.5085 0.0170531 0.999103 -0.0399596 -4.33864 -0.887828 0.0335121 0.459164 75.5969
0.467754 0.0223207 0.883673 89.1841 0.0234395 0.999069 -0.0376446 -4.34784 -0.883635 0.038312 0.466789 75.9522
0.474753 0.0115413 0.880142 89.8823 0.0340404 0.998973 -0.0314629 -4.36945 -0.879565 0.0448894 0.473859 76.3064
0.481138 0.00748048 0.876711 90.5922 0.0388889 0.998851 -0.0298668 -4.38325 -0.87587 0.0484544 0.480288 76.6853
0.487238 0.00672135 0.873345 91.2729 0.0414707 0.998711 -0.0308249 -4.41596 -0.872392 0.0512287 0.486318 77.077
0.494946 0.0116634 0.868947 91.9901 0.0433594 0.998391 -0.0381006 -4.45382 -0.86793 0.0565247 0.493637 77.4648
0.499905 0.0147048 0.866062 92.6358 0.0471375 0.99796 -0.0441557 -4.49105 -0.864906 0.0628885 0.498179 77.8763
0.504708 0.0168861 0.863229 93.3574 0.0459047 0.997926 -0.046363 -4.51633 -0.862159 0.0630156 0.50288 78.3188
0.512307 0.0215758 0.85864 94.012 0.0370122 0.99825 -0.0471706 -4.50766 -0.858116 0.0559377 0.510597 78.5889
0.515594 0.0254956 0.856561 94.7002 0.0303715 0.998445 -0.0480034 -4.55715 -0.856386 0.0507556 0.514012 79.0436
0.517981 0.0289088 0.855012 95.3815 0.0297548 0.998264 -0.0517816 -4.60766 -0.854986 0.0522545 0.516206 79.4851
0.522271 0.0333638 0.852237 96.12 0.0262391 0.998198 -0.0551608 -4.66593 -0.852467 0.0511613 0.520447 79.9822
0.525624 0.0382417 0.849965 96.7963 0.0231964 0.998023 -0.0592513 -4.67704 -0.850513 0.0508522 0.523681 80.4274
0.529902 0.0377459 0.84733 97.4339 0.0217003 0.998145 -0.058038 -4.70395 -0.847874 0.0491324 0.528091 80.8082
0.534333 0.0311478 0.84481 98.085 0.0276075 0.998195 -0.0542677 -4.76417 -0.844935 0.0523118 0.532492 81.2315
0.53786 0.0286458 0.842663 98.6671 0.0273094 0.998373 -0.0513736 -4.79762 -0.842684 0.0506344 0.536196 81.5694
0.54223 0.0293915 0.839827 99.2962 0.0251662 0.998423 -0.0511936 -4.8393 -0.839966 0.0488859 0.540617 81.9676
0.542445 0.0328331 0.839566 99.8961 0.0233641 0.998328 -0.0541406 -4.85911 -0.839859 0.0489743 0.540764 82.4358
0.545977 0.0319629 0.837303 100.471 0.0246831 0.998275 -0.0542061 -4.90886 -0.837549 0.0502542 0.54423 82.7851
0.544562 0.0318481 0.838232 101.022 0.0260009 0.998225 -0.0548221 -4.93125 -0.838411 0.0516389 0.54276 83.2162
0.545828 0.030827 0.837443 101.596 0.0285122 0.998113 -0.0553281 -4.98284 -0.837524 0.0540682 0.543902 83.586
0.547342 0.029708 0.836499 102.165 0.0290413 0.998161 -0.0544554 -5.02942 -0.836499 0.0540886 0.545465 83.9611
0.550453 0.0285095 0.834494 102.73 0.0306744 0.998104 -0.0543357 -5.06657 -0.834417 0.0554979 0.548517 84.2999
0.552962 0.0302025 0.832775 103.273 0.0300042 0.998038 -0.0561224 -5.10359 -0.832761 0.0560099 0.550963 84.6547
0.554821 0.0294768 0.831563 103.788 0.0340059 0.997786 -0.0580607 -5.13242 -0.83139 0.0604819 0.552572 85.0033
0.556473 0.0284609 0.830495 104.316 0.0351704 0.997775 -0.057763 -5.18455 -0.830216 0.0613413 0.554227 85.3908
0.558739 0.0260242 0.829051 104.83 0.0390409 0.997627 -0.0576301 -5.21457 -0.82854 0.0645572 0.556379 85.7474
0.562595 0.0248844 0.826475 105.338 0.0404936 0.997583 -0.0576043 -5.24605 -0.825836 0.0658634 0.560219 86.0636
0.56468 0.0239394 0.825082 105.844 0.0416582 0.997532 -0.0574559 -5.28863 -0.824377 0.0668051 0.562269 86.4498
0.56822 0.0233594 0.822663 106.32 0.0415321 0.997573 -0.0570156 -5.32374 -0.821925 0.0665525 0.565863 86.7423
0.571179 0.0224675 0.820639 106.811 0.0430529 0.997484 -0.0572771 -5.36383 -0.819815 0.0680356 0.568756 87.0907
0.575181 0.0237826 0.817801 107.298 0.0422059 0.997446 -0.0586946 -5.40093 -0.817036 0.0682637 0.572702 87.4336
0.579053 0.023519 0.815074 107.785 0.0449868 0.997195 -0.060736 -5.42812 -0.81417 0.0718257 0.576351 87.79
0.583632 0.0268755 0.811697 108.254 0.0417578 0.9972 -0.0630453 -5.48051 -0.811046 0.0706769 0.580868 88.1242
0.589139 0.0326865 0.807497 108.725 0.0380198 0.99701 -0.0680986 -5.52302 -0.807262 0.0708092 0.586115 88.4764
0.595055 0.0398186 0.802824 109.191 0.0334822 0.996741 -0.0742563 -5.55416 -0.803091 0.071054 0.591775 88.8351
0.600601 0.0461038 0.79835 109.642 0.0286332 0.996513 -0.0790908 -5.59111 -0.799163 0.0703501 0.597166 89.1947
0.6065 0.0501816 0.793627 110.102 0.024724 0.996398 -0.0819002 -5.64411 -0.794803 0.0692814 0.603068 89.5688
0.611694 0.0509905 0.789583 110.571 0.0206767 0.996607 -0.0803809 -5.68431 -0.790953 0.0654837 0.608543 89.9556
0.617052 0.0509002 0.785405 111.04 0.0147645 0.997046 -0.0762184 -5.72205 -0.786889 0.0586145 0.614471 90.3439
0.622362 0.0497794 0.781282 111.51 0.00806027 0.997574 -0.0699844 -5.76591 -0.782818 0.0498431 0.62043 90.7462
0.627287 0.049061 0.777373 111.985 0.000784499 0.998038 -0.0636225 -5.81985 -0.778895 0.0405079 0.626009 91.173
0.633814 0.0477971 0.772147 112.465 -0.00264384 0.998276 -0.059628 -5.86339 -0.773612 0.0357426 0.632825 91.5518
0.639524 0.0513966 0.767185 112.945 -0.00798378 0.998218 -0.0602209 -5.90599 -0.768839 0.0323765 0.638784 91.9803
0.645032 0.0553545 0.76229 113.433 -0.011755 0.998033 -0.0625301 -5.94445 -0.764198 0.0313647 0.644391 92.4267
0.651173 0.0585614 0.756804 113.926 -0.0143403 0.997854 -0.0648772 -5.97636 -0.758905 0.0313823 0.650607 92.8484
0.657189 0.0606844 0.751423 114.434 -0.0160468 0.997715 -0.0665441 -6.00859 -0.75369 0.0316657 0.656637 93.3092
0.663502 0.06187 0.745752 114.946 -0.0197491 0.997739 -0.0652071 -6.05479 -0.748027 0.0285261 0.663216 93.7722
0.669525 0.0642755 0.740153 115.465 -0.0256699 0.997718 -0.0634262 -6.09629 -0.742484 0.0234578 0.669622 94.2731
0.676114 0.0624268 0.734293 115.978 -0.0275418 0.997914 -0.0594823 -6.1555 -0.736398 0.0199828 0.676415 94.7323
0.683303 0.0605116 0.727778 116.516 -0.0282918 0.998068 -0.0564266 -6.20028 -0.729728 0.0179584 0.683669 95.2495
0.6905 0.0601925 0.720973 117.054 -0.0277435 0.998067 -0.0567591 -6.22572 -0.72292 0.0191795 0.690827 95.7731
0.697798 0.0625365 0.713718 117.595 -0.0328899 0.997991 -0.0552933 -6.27775 -0.715683 0.0151017 0.698426 96.3234
0.706115 0.0628871 0.705453 118.143 -0.0336529 0.997967 -0.0552824 -6.31517 -0.707421 0.0152853 0.706786 96.8472
0.712845 0.0636096 0.698593 118.686 -0.0358261 0.997944 -0.0543144 -6.35299 -0.700553 0.0136822 0.713629 97.4117
0.717251 0.0620594 0.694204 119.23 -0.0356442 0.998054 -0.0523989 -6.39714 -0.696031 0.0128292 0.718057 97.9974
0.721872 0.0601684 0.689572 119.816 -0.0339892 0.998157 -0.0515174 -6.42847 -0.691342 0.0137429 0.722557 98.5704
0.726201 0.0574528 0.68524 120.391 -0.0303954 0.998276 -0.0514905 -6.45679 -0.686942 0.0165541 0.726684 99.1466
0.729058 0.0531181 0.682557 120.962 -0.0247757 0.998443 -0.0512421 -6.49274 -0.684157 0.0204388 0.729207 99.7766
0.732826 0.0455866 0.679053 121.545 -0.0170764 0.998739 -0.0486234 -6.5422 -0.680337 0.0240257 0.732666 100.375
0.736461 0.0386749 0.675546 122.131 -0.0111019 0.998985 -0.0450933 -6.58703 -0.676546 0.0257 0.73611 101
0.739533 0.0327776 0.672489 122.72 -0.00548926 0.999142 -0.0426666 -6.6214 -0.673235 0.0278501 0.739064 101.633
0.742278 0.0313235 0.669536 123.293 -0.0051367 0.999208 -0.0410568 -6.65263 -0.670232 0.0270264 0.741818 102.283
0.744315 0.0322739 0.667219 123.864 -0.00568941 0.999169 -0.0419883 -6.69082 -0.667944 0.0274446 0.743865 102.949
0.746824 0.0367739 0.664182 124.439 -0.0111589 0.999088 -0.0427743 -6.72692 -0.66509 0.0245237 0.746518 103.639
0.749008 0.0405493 0.661492 125.024 -0.0174166 0.999053 -0.0415251 -6.76025 -0.662474 0.0195705 0.748989 104.351
0.751999 0.0374293 0.65828 125.604 -0.0174142 0.999232 -0.0369271 -6.79304 -0.659096 0.0162966 0.752039 105.007
0.756057 0.0353228 0.653728 126.208 -0.0206934 0.999402 -0.030072 -6.82199 -0.654324 0.00919757 0.756318 105.698
0.758749 0.0297725 0.650884 126.786 -0.0198041 0.999614 -0.0226429 -6.84752 -0.651247 0.00428102 0.75901 106.389
0.762649 0.0255253 0.646487 127.383 -0.0174472 0.999738 -0.0188945 -6.8676 -0.646725 0.00311967 0.762876 107.103
0.766554 0.0215167 0.642005 127.963 -0.0112811 0.999802 -0.0200437 -6.88557 -0.642248 0.00811245 0.766609 107.794
0.769846 0.0171756 0.638181 128.524 -0.000752005 0.999731 -0.0260036 -6.90252 -0.63838 0.0195267 0.769633 108.49
0.773446 0.0175962 0.633808 129.111 0.00534845 0.999465 -0.0342791 -6.9202 -0.634012 0.0298917 0.7729 109.244
0.778082 0.0173205 0.628109 129.708 0.00870761 0.999296 -0.0383478 -6.94224 -0.628256 0.035294 0.777363 110.004
0.783198 0.0123212 0.621845 130.304 0.0117945 0.999399 -0.0346623 -6.97155 -0.621837 0.0344701 0.782541 110.754
0.786574 0.00631649 0.617655 130.87 0.0166744 0.999436 -0.0314602 -7.00632 -0.617431 0.0350311 0.786003 111.557
0.790462 0.0028612 0.612702 131.415 0.0207084 0.999362 -0.0313885 -7.04264 -0.612341 0.0374873 0.789858 112.212
0.792424 0.00314374 0.610156 131.961 0.023167 0.999177 -0.0352406 -7.09645 -0.609692 0.0420464 0.791681 113.045
0.796608 0.00440669 0.604682 132.543 0.022803 0.999112 -0.037327 -7.11439 -0.60425 0.0435109 0.795758 113.764
0.799609 0.00145158 0.600715 133.131 0.0254376 0.999084 -0.0362792 -7.14345 -0.600148 0.0442753 0.79882 114.543
0.801344 -0.00399521 0.598396 133.694 0.0287093 0.999151 -0.0317803 -7.17608 -0.597702 0.0426334 0.800736 115.271
0.802465 -0.00817547 0.596843 134.277 0.0319937 0.999125 -0.0293349 -7.19655 -0.59601 0.0426204 0.802004 116.053
0.803869 -0.0129986 0.594872 134.872 0.0359361 0.999065 -0.0267362 -7.21275 -0.593909 0.0428563 0.803542 116.809
0.80392 -0.0145291 0.594761 135.445 0.036887 0.999062 -0.025458 -7.23249 -0.593763 0.0423897 0.803682 117.609
0.804236 -0.0135155 0.594365 136.021 0.0346449 0.999178 -0.0241625 -7.26156 -0.59349 0.0400108 0.804 118.375
0.804072 -0.0113387 0.594626 136.592 0.032863 0.999205 -0.0253894 -7.28559 -0.593795 0.0399407 0.803784 119.153
0.803014 -0.00732508 0.596124 137.147 0.0287405 0.999308 -0.0264414 -7.30757 -0.595457 0.0383528 0.802627 119.912
0.801676 -0.00345592 0.597951 137.716 0.0248639 0.999378 -0.0275637 -7.33616 -0.597413 0.0369496 0.801243 120.672
0.800821 -0.000580817 0.599114 138.306 0.0202693 0.999525 -0.0261302 -7.36884 -0.598752 0.0330568 0.80041 121.458
0.7993 0.00179283 0.601132 138.887 0.0164905 0.999622 -0.0249124 -7.40518 -0.600877 0.0298111 0.798948 122.218
0.797978 0.00106581 0.602897 139.474 0.0156042 0.999698 -0.0224264 -7.4278 -0.602677 0.0272912 0.797679 122.962
0.795998 0.000321436 0.605501 140.053 0.0135788 0.999807 -0.0183853 -7.45775 -0.605319 0.0228427 0.795819 123.732
0.794334 -0.00387522 0.607678 140.644 0.0178702 0.999768 -0.0169893 -7.4665 -0.607409 0.0243422 0.794178 124.454
0.792077 2.16182e-05 0.610622 141.217 0.0168224 0.999688 -0.021861 -7.48937 -0.61036 0.0275734 0.79181 125.169
0.789591 0.0099109 0.613761 141.794 0.0109669 0.999554 -0.0302547 -7.5115 -0.613724 0.0306076 0.789091 125.918
0.786623 0.0155055 0.617439 142.386 0.00871834 0.999375 -0.0362083 -7.53878 -0.617542 0.0338509 0.785978 126.71
0.784579 0.0145374 0.620068 142.946 0.00666961 0.999543 -0.0318789 -7.56522 -0.620184 0.029135 0.784083 127.378
0.781402 0.0135844 0.624081 143.559 0.00344695 0.999726 -0.0260811 -7.59165 -0.624189 0.0225173 0.781121 128.162
0.777695 0.0115674 0.628742 144.131 0.00162654 0.999863 -0.0204131 -7.62807 -0.628828 0.0168864 0.777531 128.914
0.774457 0.0109162 0.632731 144.725 0.00197925 0.999877 -0.0196769 -7.65823 -0.632792 0.0164778 0.774321 129.671
0.773222 0.00814083 0.634288 145.34 0.00441109 0.999898 -0.0182167 -7.68087 -0.634306 0.0168719 0.77307 130.344
0.770786 0.00685832 0.637256 145.941 0.00820585 0.999824 -0.0206901 -7.694 -0.637207 0.0211628 0.770579 131.054
0.767686 0.0051144 0.641009 146.54 0.0117278 0.999761 -0.0220282 -7.71809 -0.640904 0.0244163 0.767406 131.75
0.764574 0.00497336 0.644715 147.146 0.0145045 0.999656 -0.024917 -7.73636 -0.64454 0.0283875 0.764223 132.446
0.760793 0.00620506 0.649167 147.746 0.013433 0.999661 -0.0253044 -7.7465 -0.649041 0.0279593 0.760416 133.155
0.756755 0.00819926 0.653845 148.355 0.0108625 0.999697 -0.0251129 -7.76495 -0.653776 0.0260922 0.756422 133.88
0.751603 0.00859613 0.659759 148.94 0.0109197 0.999687 -0.0254709 -7.77914 -0.65971 0.026336 0.751239 134.56
0.746298 0.0110842 0.665713 149.548 0.00772605 0.99972 -0.0253111 -7.80986 -0.66573 0.0240186 0.745991 135.255
0.740569 0.0179682 0.671935 150.168 0.00348057 0.999597 -0.030572 -7.83557 -0.672152 0.0249676 0.740176 135.969
0.738285 0.0232998 0.674277 150.848 0.00123969 0.999428 -0.0358971 -7.8413 -0.674648 0.0273241 0.73782 136.64
0.732964 0.0266329 0.67994 151.48 -0.000605294 0.999329 -0.0384966 -7.87716 -0.680447 0.0277933 0.732456 137.317
0.727184 0.0223389 0.686266 152.124 -0.00209253 0.999611 -0.0303252 -7.90014 -0.686597 0.0206023 0.726935 137.99
0.721608 0.0197613 0.69221 152.784 -0.00836232 0.999839 -0.0198323 -7.91905 -0.692429 0.00851214 0.721626 138.682
0.71427 0.0157117 0.699879 153.424 -0.00832989 0.999941 -0.0139502 -7.93235 -0.699976 0.00412122 0.714348 139.367
0.70742 0.0179876 0.70675 154.088 -0.0140823 0.999906 -0.0113597 -7.93872 -0.706828 -0.00192636 0.707577 140.063
0.700161 0.018854 0.713918 154.757 -0.0128685 0.999895 -0.0137892 -7.9466 -0.714022 0.000454639 0.700321 140.711
0.69488 0.0177975 0.719089 155.45 -0.00735667 0.999889 -0.017644 -7.96081 -0.719261 0.00695965 0.694906 141.326
0.688723 0.0252942 0.724764 156.18 -0.00767087 0.999662 -0.0276022 -7.99402 -0.725135 0.013437 0.688677 141.997
0.681913 0.0266234 0.731133 156.909 -0.00439503 0.999542 -0.0323038 -7.99184 -0.731593 0.0188036 0.681691 142.675
0.675713 0.0223686 0.737005 157.618 -0.00187053 0.999662 -0.0286291 -8.01799 -0.737313 0.0179523 0.67552 143.305
0.668704 0.0165716 0.743525 158.321 0.00163202 0.99979 -0.0237566 -8.04336 -0.743697 0.0170879 0.668511 143.923
0.661829 0.0160009 0.749662 159.02 0.00148152 0.999816 -0.0226518 -8.06458 -0.749803 0.0160877 0.661678 144.559
0.654672 0.0168501 0.755906 159.698 -0.000217991 0.999831 -0.0221043 -8.10213 -0.756081 0.0142948 0.654544 145.175
0.64768 0.0148502 0.761944 160.43 0.0037372 0.999812 -0.0226667 -8.1128 -0.762053 0.0175136 0.647496 145.861
0.642489 0.0100423 0.766407 161.165 0.00760535 0.999857 -0.0194823 -8.11696 -0.766423 0.0183338 0.642301 146.483
0.638056 0.00670474 0.770135 161.87 0.00836961 0.999918 -0.0156432 -8.14352 -0.770092 0.016412 0.637943 147.056
0.632993 0.00505108 0.774318 162.583 0.00598602 0.999993 -0.0114221 -8.19215 -0.774299 0.0118532 0.63294 147.701
0.629154 0.00702187 0.777422 163.339 0.00609817 0.99996 -0.0139709 -8.19125 -0.777403 0.0135159 0.629082 148.317
0.627611 0.0111802 0.778622 164.017 0.0070461 0.999851 -0.0200417 -8.15657 -0.778658 0.0180526 0.627421 148.739
0.626956 0.0170107 0.779041 164.771 0.00749786 0.99966 -0.0278663 -8.14846 -0.779164 0.0232971 0.626612 149.3
0.623684 0.0197135 0.781601 165.493 0.0050271 0.999638 -0.0292295 -8.17282 -0.78182 0.0221472 0.623343 149.919
0.621424 0.0169702 0.783463 166.146 0.00365307 0.999768 -0.0245571 -8.18612 -0.783612 0.0181078 0.621215 150.419
0.618588 0.00895725 0.785836 166.823 0.00774036 0.999895 -0.0174954 -8.20051 -0.785836 0.0168929 0.618438 150.981
0.615136 0.00405231 0.788582 167.457 0.0118538 0.999903 -0.0143888 -8.21109 -0.788478 0.0181836 0.615025 151.482
