1 -0.000290844 -5.27591e-05 -0.00663187 0.000290885 1 0.00106854 -0.0104369 5.25498e-05 -0.00106875 0.999999 1.31131
1 -0.00102736 0.000564735 -0.0222609 0.00102671 0.999999 0.0012646 -0.0365879 -0.000566068 -0.00126397 0.999999 2.63072
0.999998 -0.00192612 -0.000150493 -0.0240551 0.00192629 0.999998 0.0013584 -0.069617 0.000147957 -0.00135885 0.999999 3.96689
0.999998 -0.00192558 0.00122345 -0.0317682 0.00192383 0.999997 0.00145032 -0.0821191 -0.00122626 -0.00144789 0.999998 5.28631
0.999998 -0.002198 0.000459962 -0.0373361 0.00219703 0.999996 0.00207592 -0.07964 -0.000464432 -0.00207502 0.999998 6.61464
0.999992 -0.0040135 0.000518924 -0.0457363 0.00401193 0.999987 0.00299809 -0.105044 -0.000531012 -0.00299584 0.999995 7.94881
0.999994 -0.00320951 0.00163739 -0.0575191 0.00320392 0.99999 0.00337379 -0.0926571 -0.00164808 -0.00336864 0.999993 9.26544
0.999995 -0.00337768 0.000448001 -0.0616064 0.00337753 0.999994 0.000279771 -0.115028 -0.000448923 -0.00027796 1 10.6089
1 -0.000744186 0.00131303 -0.0676598 0.000744835 1 -0.000556388 -0.109254 -0.00131247 0.000557262 0.999999 11.9277
0.999999 0.00142227 0.00091897 -0.0823911 -0.00141974 0.999994 -0.00283668 -0.136073 -0.00092302 0.00283559 0.999996 13.2771
0.99999 0.00464303 0.00102011 -0.0921421 -0.00463955 0.999984 -0.003472 -0.147016 -0.00103604 0.00346717 0.999994 14.6241
0.999987 0.00461015 0.00225382 -0.0988493 -0.00460439 0.999985 -0.00254665 -0.158185 -0.00226557 0.00253631 0.999995 15.9608
0.999993 0.00364941 0.00193136 -0.0913542 -0.00364896 0.999994 -0.000229521 -0.17795 -0.00193187 0.000222338 0.999999 17.3275
0.999994 -0.0004585 0.00349826 -0.0846789 0.000450514 0.999996 0.00230167 -0.200553 -0.00349931 -0.00230009 0.999991 18.6709
0.999994 -0.00303805 0.00220584 -0.0697226 0.00303724 0.999996 0.000364774 -0.227745 -0.00220653 -0.000358188 0.999999 20.0056
0.999986 -0.00422476 0.00342576 -0.0599598 0.00423663 0.999984 -0.00344878 -0.226348 -0.00341102 0.00346329 0.999988 21.335
0.999996 -0.00176074 0.0030526 -0.0514928 0.00177989 0.99998 -0.00628145 -0.222518 -0.00304089 0.00628675 0.999977 22.6441
0.999992 0.000482667 0.00394145 -0.048608 -0.000457721 0.999979 -0.00632012 -0.223277 -0.00394431 0.00631825 0.999973 23.9345
0.999985 0.000716859 0.00601193 -0.0514541 -0.00070719 1 -0.00162362 -0.235846 -0.0060122 0.00161905 0.999983 25.2812
0.999987 -0.00111902 0.00518355 -0.0414336 0.00112225 0.999998 -0.000625042 -0.255011 -0.00518276 0.0006306 0.999988 26.6587
0.999976 -0.00409966 0.00629495 -0.0355207 0.00410647 0.999993 -0.00108323 -0.298699 -0.00628965 0.00110882 0.999984 27.9979
0.99998 -0.00415675 0.00501728 -0.0367768 0.0041743 0.999984 -0.00350817 -0.312403 -0.00500255 0.00352871 0.999983 29.3844
0.999981 -0.00388298 0.0054731 -0.0391331 0.00390006 0.999988 -0.00314237 -0.333007 -0.0054601 0.00316339 0.999984 30.7898
0.999987 -0.00229844 0.00505255 -0.0483501 0.00231658 0.99999 -0.00361708 -0.351391 -0.00504407 0.00362842 0.999983 32.1832
0.999984 -0.00334718 0.00540599 -0.0438524 0.00336563 0.99999 -0.00344073 -0.380995 -0.00539367 0.00345849 0.999984 33.5715
0.999977 -0.00351148 0.00624657 -0.0330979 0.00352914 0.999988 -0.0028442 -0.405826 -0.00623644 0.00286591 0.999979 34.9502
0.999987 -0.00340015 0.00504534 -0.0313878 0.00340646 0.999994 -0.0012851 -0.412125 -0.00504026 0.00130186 0.999992 36.3522
0.999985 -0.00297555 0.00509171 -0.0352291 0.00296792 0.999993 0.00147651 -0.408991 -0.005096 -0.00146164 0.999989 37.7499
1 6.04101e-06 0.00313971 -0.0356484 -4.82718e-06 1 -0.000464222 -0.410872 -0.00313897 0.000463826 1 39.1633
0.999996 0.00153429 0.00344727 -0.0457699 -0.00153545 0.999997 0.000273168 -0.424473 -0.00344679 -0.000278711 0.999998 40.55
0.999996 0.00284473 0.00373333 -0.0518201 -0.00284498 0.999996 2.31695e-06 -0.4317 -0.00373253 -1.32492e-05 0.999999 41.9567
1 0.0019372 0.00179571 -0.0578224 -0.00193971 0.999997 0.00130702 -0.446497 -0.00179316 -0.00131074 1 43.3833
1 0.000935294 0.00333092 -0.0641167 -0.00094278 0.999997 0.00216976 -0.466514 -0.00332807 -0.00217322 0.999997 44.7748
1 0.000507288 -0.000272457 -0.0568733 -0.000507708 0.999999 -0.000767297 -0.494061 0.000271993 0.00076727 1 46.2173
1.00001 0.000294531 -0.000503806 -0.0661674 -0.000295175 1 -0.000828501 -0.500623 0.00050442 0.000828304 1 47.6486
1 0.000237705 -0.00297324 -0.0795914 -0.000239758 1 -0.000577637 -0.518287 0.00297292 0.000578268 1 49.0774
0.999993 -0.00019246 -0.00530896 -0.0968209 0.000193331 1 0.000219584 -0.532881 0.0053098 -0.000220864 0.999991 50.5207
0.999992 2.7264e-05 -0.00500151 -0.0946992 -2.46537e-05 1 0.000588392 -0.565586 0.00500138 -0.000588281 0.999994 51.9184
0.999978 -0.000262211 -0.00778417 -0.111809 0.000277726 0.999998 0.00204483 -0.57664 0.00778457 -0.00204725 0.999973 53.36
0.999979 -0.000845044 -0.00712903 -0.127204 0.000867514 0.999995 0.00320303 -0.591535 0.00712613 -0.00320902 0.999977 54.7843
0.999965 -0.00153371 -0.00925262 -0.14167 0.00156426 0.999994 0.00333051 -0.605934 0.00924848 -0.0033452 0.999958 56.2242
0.999952 -0.00336761 -0.00986097 -0.162693 0.00340134 0.999988 0.00345995 -0.621996 0.00984896 -0.00349312 0.999953 57.6484
0.99996 -0.00429879 -0.00887866 -0.172516 0.00433023 0.999985 0.00356591 -0.63853 0.00886426 -0.00360448 0.999962 59.0716
0.999945 -0.00539393 -0.00979488 -0.188646 0.00543231 0.999977 0.00395718 -0.651222 0.00977301 -0.00400991 0.999953 60.5047
0.99996 -0.00583124 -0.00813304 -0.199453 0.00586687 0.999974 0.00442072 -0.676154 0.00810807 -0.00446849 0.999965 61.918
0.99995 -0.00681194 -0.00828798 -0.203656 0.0068482 0.999967 0.00442744 -0.711539 0.00825721 -0.00448372 0.999965 63.3597
0.999945 -0.00827297 -0.00801363 -0.220733 0.00830559 0.999958 0.00411853 -0.711786 0.00798017 -0.00418508 0.999967 64.7845
0.999959 -0.00817491 -0.00559754 -0.24626 0.00819721 0.999957 0.00409558 -0.72624 0.00556347 -0.00414119 0.999985 66.1841
0.99997 -0.00687179 -0.00619284 -0.266022 0.00690073 0.999965 0.00477035 -0.740402 0.00616069 -0.0048131 0.999979 67.6072
0.999988 -0.00511081 -0.00381758 -0.2721 0.00513158 0.99997 0.00565659 -0.754268 0.00378817 -0.00567599 0.999986 69.0205
0.999996 -0.00294557 -0.0051095 -0.293796 0.00297571 0.999978 0.00604735 -0.766272 0.00509241 -0.00606264 0.999978 70.4675
1 0.0011588 -0.00378344 -0.313045 -0.00113202 0.999972 0.00729681 -0.787274 0.00379141 -0.00729243 0.999975 71.8518
0.999994 0.00458076 -0.00402615 -0.336627 -0.00455179 0.999963 0.00741022 -0.79109 0.00406075 -0.00739195 0.999975 73.2626
0.999973 0.00761901 -0.00347903 -0.356754 -0.00759427 0.999945 0.00725031 -0.796365 0.0035339 -0.00722352 0.999977 74.6644
0.999976 0.00848691 -0.00164414 -0.368556 -0.00847556 0.999939 0.00730095 -0.804514 0.0017069 -0.00728695 0.999983 76.0496
0.999964 0.00921846 -0.00187297 -0.382427 -0.0092042 0.999927 0.00779467 -0.815568 0.00194443 -0.00777684 0.999978 77.4623
0.999981 0.00804911 -0.000231136 -0.386941 -0.00804791 0.99994 0.007644 -0.827965 0.000293385 -0.00764231 0.999982 78.842
0.999981 0.00744622 -0.0011284 -0.398092 -0.00743968 0.999953 0.00631581 -0.819949 0.00117502 -0.00630705 0.999991 80.2458
0.999998 0.0055557 -0.00133093 -0.41285 -0.00555069 0.999977 0.00444834 -0.828588 0.00135636 -0.00444129 1 81.6772
0.999996 0.00523481 0.000708291 -0.405711 -0.00523878 0.999976 0.00475761 -0.84189 -0.000683799 -0.00476103 1 83.0501
0.999998 0.00534066 -0.00167136 -0.402789 -0.00533548 0.999981 0.00366133 -0.870313 0.00169169 -0.00365276 1 84.4951
0.999992 0.00563287 -0.00170602 -0.402782 -0.00562766 0.99998 0.00339589 -0.865129 0.00172461 -0.00338605 1 85.8789
1 0.00405207 -0.00338263 -0.414011 -0.00404322 0.999989 0.00290828 -0.879043 0.00339513 -0.00289486 1 87.2966
1 0.00151692 -0.00405505 -0.426245 -0.00150558 0.999996 0.00294988 -0.90835 0.00405896 -0.00294344 0.999999 88.6804
1 -0.00203013 -0.00414505 -0.42886 0.00203883 0.999997 0.002358 -0.919654 0.00414092 -0.0023667 1 90.0675
0.999987 -0.00385539 -0.00559757 -0.43347 0.0038638 0.999993 0.0016113 -0.93392 0.00559076 -0.00163257 0.999995 91.472
0.999976 -0.00644939 -0.00607565 -0.431259 0.00646 0.999979 0.00191632 -0.943661 0.00606385 -0.00195568 0.999992 92.8412
0.999958 -0.00784936 -0.00663776 -0.449234 0.00786222 0.999969 0.00204484 -0.976997 0.00662094 -0.00209649 0.999988 94.2288
0.999968 -0.00780929 -0.0059451 -0.462629 0.00781922 0.999969 0.00185793 -0.989396 0.00593121 -0.00190436 0.999993 95.5772
0.999956 -0.00811222 -0.00660979 -0.480643 0.00812211 0.999968 0.001604 -1.02015 0.00659607 -0.00165713 0.99999 96.9558
0.999961 -0.00859884 -0.00609278 -0.497683 0.00860591 0.999963 0.0013405 -1.03731 0.0060818 -0.00139278 0.999993 98.3344
0.999943 -0.00977912 -0.00634142 -0.527014 0.00978391 0.999954 0.000886542 -1.05029 0.00633206 -0.000947928 0.999992 99.7096
0.999946 -0.0101485 -0.00615335 -0.55063 0.0101589 0.999948 0.00185349 -1.09039 0.00613497 -0.00191581 0.999992 101.074
0.999954 -0.00980854 -0.00442174 -0.566927 0.00981607 0.999952 0.00191728 -1.0963 0.00440236 -0.00195986 1 102.414
0.999949 -0.0100266 -0.00598439 -0.584615 0.0100325 0.99995 0.00113522 -1.12558 0.0059734 -0.00119508 0.999995 103.782
0.999944 -0.0101548 -0.00564809 -0.600869 0.0101509 0.999951 -0.000539641 -1.14051 0.00565298 0.000482996 0.999997 105.125
0.999943 -0.00999943 -0.00689786 -0.628019 0.00998005 0.999948 -0.0026905 -1.16012 0.00692509 0.00262147 0.999986 106.429
0.999898 -0.0130892 -0.00756022 -0.636268 0.0130688 0.999914 -0.00260744 -1.18049 0.0075933 0.00250911 0.999982 107.789
0.999887 -0.0147148 -0.00666799 -0.645727 0.0147058 0.999893 -0.00124684 -1.19003 0.0066864 0.00114872 0.999991 109.093
0.999855 -0.0167136 -0.00614493 -0.661857 0.0167029 0.999862 -0.00160741 -1.21959 0.0061706 0.00150539 0.999994 110.427
0.999853 -0.0174215 -0.00504831 -0.673287 0.0174093 0.999848 -0.00222954 -1.25282 0.0050871 0.00214125 1 111.753
0.999883 -0.0159213 -0.00293474 -0.691049 0.0159081 0.999867 -0.00409566 -1.27284 0.00299925 0.00404951 1 113.065
0.999912 -0.0145547 -0.00171593 -0.705102 0.014545 0.999885 -0.00494625 -1.30271 0.00178846 0.00492069 1 114.426
0.999935 -0.0125214 0.000510003 -0.718812 0.0125231 0.999906 -0.0058094 -1.32668 -0.00043754 0.00581653 0.999996 115.747
0.999952 -0.011406 0.00178754 -0.725546 0.0114103 0.999934 -0.00299433 -1.34607 -0.00175258 0.00301457 1.00001 117.103
0.999937 -0.0118335 0.00370908 -0.732893 0.0118356 0.999931 -0.000835554 -1.37038 -0.00369921 0.000880516 1.00001 118.42
0.999943 -0.0117643 0.00376669 -0.736327 0.0117636 0.999934 -1.43244e-05 -1.38821 -0.00376558 5.86219e-05 1.00001 119.785
0.999945 -0.0109045 0.00452133 -0.738707 0.0109088 0.999942 -0.00115973 -1.39788 -0.00450872 0.00121013 1 121.132
0.999948 -0.0102842 0.006103 -0.737245 0.0102921 0.999949 -0.00141109 -1.42274 -0.00608743 0.00147388 0.999998 122.453
0.99996 -0.00850831 0.0060307 -0.742787 0.00853235 0.999957 -0.00412465 -1.44526 -0.00599569 0.00417712 0.999987 123.844
0.999957 -0.00761316 0.00813828 -0.737887 0.00765684 0.999958 -0.00545588 -1.47117 -0.00809562 0.00551794 0.99997 125.175
0.999957 -0.00622204 0.00876601 -0.73424 0.00627067 0.999967 -0.00563168 -1.49124 -0.00873088 0.00568751 0.99996 126.54
0.999945 -0.00675227 0.0101834 -0.721122 0.00681929 0.999957 -0.00664001 -1.50601 -0.0101372 0.00670891 0.999944 127.873
0.99991 -0.00700436 0.0126791 -0.707905 0.0070712 0.999964 -0.00531005 -1.52223 -0.0126417 0.00540033 0.999919 129.194
0.999903 -0.00860443 0.0126582 -0.697924 0.00867149 0.999951 -0.00531371 -1.55343 -0.012611 0.00542271 0.999924 130.572
0.999874 -0.00851237 0.014535 -0.685706 0.00858209 0.999954 -0.00481456 -1.57174 -0.0144935 0.00493963 0.999896 131.899
0.999889 -0.00841073 0.0138669 -0.674935 0.00848311 0.999954 -0.00522169 -1.58622 -0.0138215 0.00533866 0.999908 133.262
0.999882 -0.0103704 0.0126328 -0.661129 0.0104479 0.999929 -0.00617646 -1.61204 -0.012568 0.00630858 0.999915 134.619
0.999861 -0.0121574 0.0132132 -0.642178 0.0122386 0.999909 -0.00614171 -1.64083 -0.0131364 0.00630243 0.999912 135.94
0.999864 -0.0134754 0.0111491 -0.639182 0.0135444 0.999891 -0.00625257 -1.66808 -0.0110639 0.00640357 0.999932 137.308
0.999838 -0.0157757 0.0110691 -0.624919 0.0158413 0.999861 -0.00593274 -1.70138 -0.0109731 0.00610704 0.99994 138.631
0.999826 -0.0182386 0.00688501 -0.628053 0.0182727 0.999823 -0.00512057 -1.73411 -0.00679069 0.00524629 0.999977 140.095
0.99982 -0.0190157 0.00687288 -0.62117 0.0190511 0.999809 -0.00522825 -1.75038 -0.00677131 0.00535818 0.999982 141.427
0.999812 -0.0199347 0.00339993 -0.613634 0.0199508 0.99979 -0.00516932 -1.76912 -0.00329651 0.00523696 0.999995 142.864
0.999818 -0.0202322 0.00228503 -0.618898 0.0202441 0.999784 -0.00564016 -1.78621 -0.00216962 0.00568526 1 144.212
0.999732 -0.0237732 0.00174749 -0.611066 0.0237864 0.99968 -0.00889966 -1.81843 -0.0015357 0.00893958 0.999973 145.565
0.999627 -0.0282894 -0.000380218 -0.610579 0.0282838 0.999563 -0.00918314 -1.86013 0.000640574 0.00916877 0.999982 146.922
0.999431 -0.0341708 -0.00176872 -0.60124 0.0341551 0.999392 -0.00743127 -1.88236 0.00202122 0.00736736 0.999985 148.283
0.999277 -0.0384986 -0.00425322 -0.59857 0.0384672 0.999242 -0.00695652 -1.9103 0.00451846 0.00678769 0.999991 149.633
0.999073 -0.0430524 -0.00593561 -0.585659 0.0430003 0.999043 -0.00833457 -1.92307 0.00628838 0.00807236 0.999963 151.036
0.999077 -0.0433136 -0.00490888 -0.604688 0.0432592 0.999015 -0.0104394 -1.95259 0.00535688 0.0102171 0.999958 152.428
0.999131 -0.0417674 -0.0054996 -0.62496 0.0416955 0.999059 -0.0122651 -1.96874 0.00600624 0.0120258 0.999927 153.779
0.999169 -0.0411713 -0.00462893 -0.637413 0.0411081 0.999079 -0.0127647 -2.0155 0.00515078 0.0125635 0.999933 155.135
0.998989 -0.0450525 -0.00524747 -0.654196 0.0449878 0.998925 -0.0114731 -2.04771 0.00575824 0.0112261 0.999938 156.499
0.998753 -0.0502765 -0.00470042 -0.653701 0.0502337 0.998707 -0.00851944 -2.08527 0.00512333 0.00827248 0.99998 157.844
0.99854 -0.0542581 -0.00319182 -0.663333 0.0542311 0.998505 -0.00732269 -2.1098 0.00358404 0.00713968 0.999987 159.18
0.998491 -0.0553455 -0.00355696 -0.662087 0.0553192 0.998453 -0.00668697 -2.14736 0.00392255 0.00647974 1 160.517
0.998569 -0.0538418 -0.000918309 -0.668545 0.0538322 0.998532 -0.00656971 -2.16237 0.00127051 0.00651144 0.999998 161.843
0.998767 -0.0502476 -0.000217478 -0.683027 0.0502433 0.998721 -0.00679189 -2.18991 0.000559596 0.00677223 1.00001 163.194
0.998863 -0.048081 0.000771658 -0.710992 0.0480842 0.998785 -0.0112165 -2.18872 -0.000231668 0.0112415 0.999957 164.54
0.998994 -0.0455178 0.00105806 -0.720559 0.0455256 0.998901 -0.0118534 -2.21525 -0.000516252 0.0118892 0.99996 165.914
0.999029 -0.0444885 0.000400366 -0.734663 0.0444878 0.998943 -0.0119423 -2.21226 0.000131038 0.0119491 0.999949 167.316
0.999097 -0.0431846 0.0011689 -0.736924 0.0431937 0.999007 -0.011598 -2.22904 -0.000665947 0.0116376 0.999963 168.65
0.99917 -0.0412411 0.000181344 -0.743455 0.0412374 0.999055 -0.0140765 -2.25676 0.000398797 0.0140728 0.999922 170.023
0.99928 -0.0387311 0.000360257 -0.760875 0.0387302 0.999119 -0.0166343 -2.28188 0.000284981 0.0166358 0.999893 171.354
0.999468 -0.0332683 -0.000904153 -0.781397 0.0332452 0.999296 -0.0175685 -2.31211 0.00148726 0.0175295 0.999866 172.732
0.999592 -0.0295846 -0.000580356 -0.800391 0.0295692 0.999434 -0.0166272 -2.33966 0.00107239 0.0166028 0.999894 174.101
0.99964 -0.02761 0.00136199 -0.806848 0.0276256 0.999508 -0.0151481 -2.36886 -0.000943796 0.0151808 0.999907 175.472
0.999629 -0.0282962 -0.00144338 -0.827066 0.0282735 0.999527 -0.0129429 -2.38836 0.00180938 0.0128969 0.999948 176.888
0.999559 -0.0304638 -0.00135473 -0.829436 0.0304438 0.999472 -0.0117699 -2.41969 0.00171183 0.0117238 0.999953 178.269
0.999458 -0.0333477 -0.00572717 -0.824041 0.033263 0.999358 -0.014017 -2.44529 0.00619117 0.0138185 0.999918 179.729
0.999376 -0.0355356 -0.00578503 -0.83203 0.0354169 0.999193 -0.0191526 -2.46069 0.00646035 0.0189363 0.999824 181.094
0.999384 -0.035141 -0.00769151 -0.844113 0.0349482 0.999117 -0.0237121 -2.4988 0.00851821 0.0234281 0.999722 182.474
0.999452 -0.0326716 -0.00876951 -0.850713 0.0324299 0.999135 -0.0262061 -2.53905 0.00961745 0.0259078 0.999642 183.851
0.999548 -0.0300781 -0.00780735 -0.87057 0.0298628 0.999221 -0.0261673 -2.59254 0.00858864 0.0259217 0.999661 185.214
0.999587 -0.0284227 -0.00838406 -0.884644 0.0282134 0.99932 -0.023895 -2.6455 0.00905693 0.0236491 0.999705 186.634
0.999499 -0.0300717 -0.012613 -0.902235 0.0297565 0.999269 -0.0243497 -2.69248 0.0133362 0.0239616 0.999657 188.055
0.999363 -0.0317547 -0.0178072 -0.898563 0.0313039 0.999203 -0.0249394 -2.72754 0.0185844 0.0243666 0.999556 189.515
0.999311 -0.0334873 -0.01789 -0.922191 0.0330367 0.999153 -0.0248214 -2.78438 0.0187064 0.0242125 0.999567 190.929
0.999223 -0.0343313 -0.0206679 -0.941886 0.0337994 0.999109 -0.0254585 -2.8523 0.0215229 0.0247408 0.999488 192.31
0.99915 -0.0358422 -0.0219103 -0.972817 0.0352875 0.999069 -0.0251158 -2.91675 0.0227905 0.0243204 0.99948 193.743
0.9991 -0.0368357 -0.0222251 -1.00275 0.0363176 0.999076 -0.0231882 -2.98506 0.0230581 0.0223608 0.99951 195.114
0.998941 -0.0405188 -0.0232767 -1.02804 0.0400164 0.998973 -0.0215789 -3.04487 0.0241276 0.0206238 0.999532 196.57
0.99889 -0.0418742 -0.0228017 -1.06508 0.0414219 0.998949 -0.0198619 -3.11653 0.023609 0.018896 0.999569 197.965
0.998924 -0.0405458 -0.0239862 -1.11255 0.03998 0.99893 -0.0235404 -3.16494 0.0249156 0.0225555 0.99947 199.41
0.999105 -0.0345818 -0.0254282 -1.16462 0.0339314 0.999103 -0.0254984 -3.18745 0.0262867 0.0246135 0.999377 200.847
0.999421 -0.0260732 -0.023364 -1.2202 0.0254818 0.999365 -0.0251949 -3.22893 0.0240067 0.0245844 0.999445 202.25
0.999536 -0.0207117 -0.0235119 -1.29258 0.0201775 0.999544 -0.0226669 -3.268 0.0239702 0.0221825 0.999492 203.732
0.999545 -0.0199744 -0.0240711 -1.33647 0.0195147 0.999634 -0.0191249 -3.31319 0.024445 0.0186462 0.999563 205.157
0.999426 -0.0221197 -0.0267089 -1.38096 0.0216093 0.999587 -0.019186 -3.36537 0.0271218 0.0185983 0.999485 206.623
0.99935 -0.0245349 -0.0277165 -1.42184 0.0240057 0.999535 -0.0192069 -3.42162 0.0281756 0.0185288 0.999467 208.085
0.999298 -0.0261058 -0.0278957 -1.45517 0.0255687 0.99949 -0.0193766 -3.45772 0.0283869 0.0186502 0.999449 209.514
0.999279 -0.0251641 -0.0296992 -1.50669 0.0245887 0.999513 -0.0195291 -3.4953 0.0301769 0.0187846 0.999405 210.98
0.999141 -0.0252512 -0.0337161 -1.62073 0.0245453 0.99948 -0.0211386 -3.56721 0.034232 0.0202934 0.999234 212.398
0.99913 -0.0239538 -0.0352589 -1.68577 0.0232465 0.99953 -0.0202917 -3.61605 0.0357293 0.0194542 0.99921 213.875
0.99909 -0.0247527 -0.0355616 -1.74635 0.0240438 0.999513 -0.0201738 -3.66644 0.0360433 0.0193008 0.99919 215.344
0.999143 -0.0246014 -0.034451 -1.79124 0.0238839 0.9995 -0.0210398 -3.71598 0.0349522 0.0201988 0.999223 216.794
0.99902 -0.0251494 -0.037219 -1.85734 0.0243493 0.999472 -0.0217455 -3.77563 0.037746 0.0208184 0.999097 218.344
0.999043 -0.0260446 -0.0362743 -1.90448 0.0252509 0.999444 -0.0221226 -3.82793 0.0368311 0.0211853 0.999135 219.788
0.999003 -0.0248131 -0.0378778 -1.97072 0.0239825 0.999472 -0.0221787 -3.88246 0.0384077 0.0212487 0.999063 221.282
0.999032 -0.0253201 -0.0370971 -2.02789 0.024501 0.999459 -0.0223249 -3.93549 0.0376432 0.0213942 0.9991 222.74
0.998947 -0.0250335 -0.0392086 -2.07878 0.0241407 0.999449 -0.0230296 -3.97804 0.0397631 0.0220594 0.998994 224.261
0.998971 -0.0238508 -0.0396758 -2.14556 0.0229626 0.999488 -0.0226546 -4.02288 0.0401966 0.02172 0.998995 225.745
0.998954 -0.0245595 -0.0393169 -2.21835 0.0236407 0.999448 -0.0236139 -4.08463 0.0398748 0.0226603 0.998976 227.242
0.998882 -0.0243123 -0.0415601 -2.29255 0.0233637 0.999467 -0.0231275 -4.14897 0.0421011 0.0221304 0.998907 228.763
0.998953 -0.0225064 -0.0406128 -2.37067 0.0215834 0.99951 -0.0229789 -4.18736 0.0411101 0.0220786 0.99894 230.231
0.998942 -0.0228314 -0.0409822 -2.43875 0.0219025 0.999505 -0.0229413 -4.24639 0.0414867 0.0220191 0.998935 231.731
0.998919 -0.0235811 -0.0408258 -2.50893 0.0226955 0.999508 -0.0219741 -4.2974 0.0413239 0.0210241 0.998954 233.22
0.998967 -0.0238435 -0.0398082 -2.58041 0.0229958 0.99951 -0.0215836 -4.33608 0.0403045 0.0206455 0.999015 234.717
0.99889 -0.0236621 -0.0415184 -2.64134 0.0227822 0.999516 -0.0214939 -4.38072 0.0420069 0.0205242 0.998938 236.213
0.998957 -0.0243702 -0.0397863 -2.70812 0.0235352 0.999505 -0.02129 -4.43301 0.0402863 0.020331 0.999024 237.709
0.998928 -0.0233604 -0.0408004 -2.77609 0.0225147 0.999532 -0.0210166 -4.47354 0.0412722 0.0200753 0.998978 239.221
0.998924 -0.0233173 -0.0412266 -2.84047 0.0224879 0.999545 -0.0204388 -4.52521 0.0416853 0.0194894 0.998984 240.78
0.998961 -0.0236931 -0.0397905 -2.90865 0.0229187 0.999549 -0.0197562 -4.56777 0.0402406 0.0188236 0.999044 242.283
0.998868 -0.0239228 -0.042204 -2.98587 0.0229582 0.999475 -0.0231684 -4.62399 0.042737 0.022173 0.998883 243.843
0.998901 -0.0243346 -0.040897 -3.05317 0.0232914 0.999404 -0.0257483 -4.67261 0.0414991 0.0247673 0.998864 245.369
0.998915 -0.0229749 -0.0416246 -3.13412 0.0219514 0.999458 -0.024856 -4.72537 0.042174 0.0239151 0.998868 246.908
0.99888 -0.0239988 -0.0416098 -3.20475 0.023018 0.999458 -0.0238486 -4.7722 0.0421595 0.0228641 0.998882 248.452
0.998935 -0.0227592 -0.0412679 -3.28271 0.0218334 0.999511 -0.0227225 -4.8201 0.0417658 0.0217969 0.998934 249.959
0.998897 -0.0223593 -0.0421451 -3.34489 0.0214214 0.999524 -0.0225329 -4.8743 0.0426288 0.0216051 0.998891 251.516
0.998982 -0.0213586 -0.040922 -3.41948 0.0204532 0.999548 -0.0223959 -4.9245 0.0413828 0.0215356 0.998958 253.027
0.998887 -0.0212914 -0.0429676 -3.47494 0.0203516 0.999555 -0.02215 -4.96493 0.0434201 0.0212507 0.998865 254.568
0.998958 -0.0213018 -0.0415627 -3.54497 0.0204075 0.999562 -0.0218022 -5.01094 0.0420098 0.0209307 0.998945 256.082
0.998783 -0.0235004 -0.0442011 -3.60298 0.0225313 0.999506 -0.0222525 -5.07451 0.0447022 0.0212293 0.998809 257.675
0.998746 -0.0255307 -0.0442008 -3.66341 0.0246001 0.999475 -0.0214499 -5.11645 0.044726 0.0203348 0.998841 259.214
0.998723 -0.0277197 -0.0431246 -3.72871 0.0268901 0.999454 -0.01965 -5.17085 0.0436458 0.0184651 0.998911 260.739
0.998653 -0.0280675 -0.0447978 -3.79355 0.0271977 0.99944 -0.0198863 -5.21501 0.0453316 0.0186403 0.998847 262.274
0.99865 -0.0298836 -0.0433894 -3.86147 0.0290181 0.999379 -0.0203898 -5.2521 0.0439719 0.0191029 0.998886 263.788
0.998658 -0.029332 -0.0438843 -3.91248 0.0284326 0.999384 -0.0209553 -5.29446 0.0444726 0.0196784 0.998866 265.323
0.998635 -0.0323185 -0.0419711 -3.98987 0.0314642 0.999297 -0.0208 -5.33388 0.042614 0.0194507 0.998938 266.895
0.998698 -0.0338041 -0.0395549 -4.06064 0.03288 0.999185 -0.0237539 -5.39302 0.0403263 0.0224213 0.998984 268.428
0.998667 -0.0336781 -0.0401193 -4.12283 0.0327268 0.999183 -0.024076 -5.4517 0.0408974 0.0227307 0.998941 269.962
0.998799 -0.033011 -0.0376254 -4.19306 0.0321215 0.999205 -0.0239753 -5.50676 0.0383876 0.0227368 0.999054 271.498
0.998869 -0.0308517 -0.0372755 -4.25602 0.0299569 0.999265 -0.0242658 -5.57078 0.037997 0.0231214 0.999047 273.041
0.999073 -0.0293806 -0.0331068 -4.32209 0.0286541 0.999352 -0.0221778 -5.64391 0.0337377 0.0212078 0.999256 274.544
0.99921 -0.0271886 -0.0303928 -4.38793 0.0265584 0.999438 -0.0208807 -5.70678 0.0309438 0.0200568 0.999358 276.089
0.999228 -0.0282027 -0.0292167 -4.45493 0.0275772 0.999396 -0.021561 -5.76524 0.0298079 0.0207377 0.999391 277.631
0.99938 -0.0277924 -0.0234626 -4.50033 0.0272573 0.999379 -0.0227321 -5.83741 0.0240802 0.0220782 0.999504 279.116
0.999364 -0.0283153 -0.0239959 -4.5423 0.0277667 0.999363 -0.0228518 -5.88246 0.0246286 0.0221699 0.999501 280.663
0.99937 -0.0288664 -0.022591 -4.58875 0.0283232 0.999321 -0.0239115 -5.93615 0.0232663 0.0232562 0.999496 282.17
0.9994 -0.0306743 -0.0191038 -4.62401 0.0302137 0.999267 -0.0239006 -5.99683 0.0198239 0.0233079 0.999582 283.677
0.999334 -0.0310688 -0.0212206 -4.68152 0.0305602 0.999259 -0.0237792 -6.04653 0.0219441 0.0231146 0.999529 285.226
0.999363 -0.0320975 -0.018768 -4.71074 0.0316063 0.999176 -0.0258452 -6.10172 0.0195829 0.0252342 0.999541 286.75
0.999317 -0.0314784 -0.0214648 -4.74864 0.0309132 0.999191 -0.0260725 -6.16402 0.0222686 0.0253908 0.999467 288.31
0.999331 -0.0311057 -0.0218932 -4.7957 0.0305867 0.999263 -0.0236078 -6.20577 0.0226121 0.022921 0.999533 289.841
0.999281 -0.0321774 -0.0220852 -4.83742 0.0316947 0.999269 -0.0217713 -6.24653 0.02277 0.0210553 0.999557 291.393
0.99925 -0.031638 -0.0246585 -4.88153 0.0311082 0.999293 -0.021536 -6.30242 0.0253232 0.0207515 0.999515 292.97
0.999294 -0.0301007 -0.0243265 -4.92171 0.029577 0.99934 -0.0215201 -6.34725 0.0249586 0.0207852 0.99951 294.508
0.999272 -0.0297158 -0.0261114 -4.96935 0.0291598 0.999356 -0.0213822 -6.39076 0.0267306 0.020604 0.999482 296.098
0.999143 -0.0306524 -0.0293128 -5.02853 0.0300847 0.999366 -0.0195421 -6.41292 0.0298935 0.0186433 0.999417 297.659
0.999204 -0.0292249 -0.029091 -5.06503 0.0287113 0.999438 -0.0178806 -6.45884 0.0295978 0.01703 0.999469 299.184
0.999159 -0.0282843 -0.03111 -5.12327 0.0277705 0.999484 -0.0167566 -6.49608 0.0315681 0.0158783 0.999413 300.778
0.999258 -0.0277181 -0.028714 -5.17032 0.0272582 0.999507 -0.0162519 -6.54077 0.0291507 0.0154562 0.999508 302.336
0.99923 -0.0276275 -0.0293682 -5.23238 0.02715 0.999505 -0.0164629 -6.58028 0.0298087 0.0156525 0.999472 303.934
0.999185 -0.0291802 -0.0298241 -5.2737 0.0287609 0.999494 -0.0143567 -6.60919 0.0302285 0.0134866 0.999504 305.501
0.999202 -0.031072 -0.0267621 -5.30397 0.0306645 0.999421 -0.0154218 -6.65333 0.027226 0.0145885 0.999562 307.074
0.999189 -0.0313766 -0.0273997 -5.34931 0.030933 0.999397 -0.0164243 -6.70234 0.0278988 0.0155626 0.999544 308.671
0.999198 -0.0316779 -0.0262337 -5.39918 0.0312168 0.999366 -0.0177212 -6.74188 0.0267787 0.0168877 0.999539 310.269
0.999183 -0.0308761 -0.0282015 -5.43603 0.0303927 0.999398 -0.0173694 -6.75903 0.028721 0.0164972 0.999506 311.826
0.999144 -0.0298881 -0.0301353 -5.48818 0.0293837 0.999435 -0.0169739 -6.79829 0.0306256 0.0160735 0.999442 313.428
0.99924 -0.0279499 -0.0292106 -5.55105 0.0275525 0.999535 -0.0138819 -6.81777 0.0295853 0.0130658 0.999532 315.052
0.999173 -0.0293114 -0.02975 -5.59829 0.0289927 0.999529 -0.0110179 -6.84951 0.030059 0.0101459 0.999538 316.691
0.99919 -0.0304713 -0.0284111 -5.65614 0.0301728 0.999497 -0.0108348 -6.8834 0.0287273 0.00996798 0.999594 318.311
0.999145 -0.0301757 -0.029823 -5.70528 0.0298898 0.999515 -0.00991711 -6.95495 0.0301078 0.00901688 0.999547 319.974
0.999182 -0.0310042 -0.0281683 -5.75988 0.0307376 0.99949 -0.00981197 -6.98807 0.0284585 0.00893734 0.999611 321.581
0.999154 -0.030568 -0.0291373 -5.81583 0.0302844 0.999502 -0.0100511 -7.00289 0.02943 0.00915981 0.999566 323.242
0.999183 -0.0306865 -0.0285064 -5.86268 0.0304008 0.999495 -0.0103682 -7.04202 0.0288105 0.00949235 0.999597 324.87
0.999242 -0.0306698 -0.025841 -5.91986 0.0303926 0.999489 -0.0109724 -7.06962 0.0261643 0.0101784 0.999647 326.488
0.999245 -0.0304466 -0.0265445 -5.96845 0.0301512 0.999491 -0.0114254 -7.10151 0.0268793 0.0106157 0.99964 328.14
0.999279 -0.0310484 -0.0238765 -6.01496 0.0308514 0.999499 -0.0084908 -7.13208 0.0241283 0.00774771 0.99972 329.758
0.999178 -0.0343502 -0.0242119 -6.05795 0.0341507 0.999391 -0.00856368 -7.14792 0.0244918 0.00772909 0.999727 331.433
0.999126 -0.0354579 -0.0241506 -6.09698 0.0352461 0.999349 -0.00904756 -7.16947 0.0244558 0.00818815 0.999709 333.04
0.999222 -0.0350533 -0.0212149 -6.14438 0.034911 0.999377 -0.00699612 -7.18112 0.0214475 0.0062495 0.999808 334.652
0.999185 -0.0348027 -0.0226259 -6.18503 0.034597 0.999369 -0.00932195 -7.1917 0.0229363 0.00853131 0.999742 336.278
0.999322 -0.0317711 -0.0216922 -6.23326 0.0315456 0.999457 -0.010622 -7.25593 0.0220185 0.00992984 0.999766 337.873
0.999301 -0.0307445 -0.0233736 -6.28111 0.0305444 0.999506 -0.00877813 -7.27629 0.0236321 0.0080578 0.99973 339.495
0.999317 -0.0296694 -0.0246676 -6.32963 0.0295529 0.999561 -0.00504449 -7.31481 0.0248071 0.00431162 0.999741 341.122
0.999352 -0.028478 -0.024066 -6.37075 0.0284293 0.999604 -0.0022805 -7.34602 0.0241217 0.00159456 0.999749 342.699
0.999313 -0.0274826 -0.02726 -6.42147 0.0274289 0.999632 -0.00231586 -7.37325 0.0273142 0.00156613 0.999684 344.35
0.999285 -0.0274998 -0.0277387 -6.47292 0.0274528 0.999633 -0.0020039 -7.40031 0.0277839 0.00124064 0.999656 345.927
0.999204 -0.0279413 -0.030591 -6.52202 0.0279305 0.999621 -0.000757775 -7.40728 0.0306013 -9.76197e-05 0.99959 347.539
0.999117 -0.0287922 -0.0321117 -6.55517 0.0288378 0.999595 0.00101823 -7.41245 0.0320697 -0.00194375 0.999527 349.154
0.999149 -0.0288779 -0.0315275 -6.6178 0.0289215 0.999593 0.000949931 -7.46854 0.0314878 -0.00186127 0.999561 350.714
0.999068 -0.0290607 -0.0333902 -6.6875 0.0291113 0.999587 0.00108859 -7.49212 0.0333451 -0.00206003 0.999485 352.344
0.999115 -0.0290913 -0.0324486 -6.74415 0.0291413 0.999586 0.00109413 -7.50181 0.0324038 -0.00203906 0.999533 353.908
0.999059 -0.0294475 -0.0333198 -6.80129 0.0295147 0.999575 0.00158581 -7.51678 0.0332592 -0.00256815 0.999487 355.518
0.999051 -0.0298665 -0.0336947 -6.85844 0.0299285 0.999562 0.0013619 -7.53428 0.0336399 -0.00236925 0.999492 357.115
0.99906 -0.0300317 -0.0327819 -6.91872 0.0300826 0.999559 0.00111546 -7.55255 0.0327343 -0.00210105 0.999506 358.682
0.999032 -0.0302989 -0.0338778 -6.9825 0.0303792 0.999548 0.00188044 -7.57759 0.0338061 -0.00290794 0.999484 360.316
0.999037 -0.0306914 -0.0328898 -7.04009 0.0307556 0.999538 0.00150595 -7.59094 0.0328287 -0.00251647 0.999503 361.88
0.99898 -0.0316829 -0.0341448 -7.10143 0.0317457 0.999507 0.00132373 -7.61541 0.0340865 -0.00240641 0.999476 363.501
0.998888 -0.0335682 -0.0345722 -7.15893 0.0336687 0.999442 0.00239018 -7.61401 0.034473 -0.00355195 0.999444 365.1
0.998889 -0.0349189 -0.0336613 -7.21515 0.0350697 0.999389 0.00393106 -7.63371 0.0335041 -0.0051073 0.999487 366.676
0.998763 -0.035767 -0.0359576 -7.28181 0.0359013 0.999362 0.00315515 -7.65864 0.0358221 -0.00444262 0.999393 368.324
0.998846 -0.0351358 -0.0347628 -7.3435 0.0352706 0.999384 0.00329815 -7.6673 0.0346262 -0.00452049 0.999452 369.903
0.99881 -0.0338569 -0.0365128 -7.41111 0.0340532 0.99942 0.00482629 -7.67169 0.0363285 -0.00606444 0.999367 371.523
0.998892 -0.033026 -0.0354904 -7.48161 0.0332586 0.999441 0.00600763 -7.689 0.0352727 -0.00718135 0.999414 373.116
0.998824 -0.0331384 -0.036783 -7.54462 0.0334036 0.999431 0.00667777 -7.72974 0.0365412 -0.00789893 0.999346 374.745
0.998836 -0.0330765 -0.0370056 -7.61029 0.0333261 0.999438 0.00616859 -7.736 0.0367814 -0.00739485 0.999359 376.353
0.998891 -0.0324457 -0.0355933 -7.68838 0.032717 0.999451 0.00712637 -7.74872 0.0353431 -0.00828323 0.999386 377.968
0.998925 -0.0302779 -0.0369769 -7.7613 0.030613 0.999508 0.00854942 -7.72185 0.0367005 -0.00967234 0.999342 379.605
0.99899 -0.0291367 -0.0356581 -7.8349 0.0294754 0.999535 0.00906258 -7.73975 0.0353781 -0.0101047 0.999369 381.207
0.999011 -0.0280329 -0.0364717 -7.90037 0.0284007 0.999563 0.00962433 -7.73705 0.0361867 -0.0106506 0.999352 382.835
0.999031 -0.0270749 -0.0361567 -7.96968 0.0274535 0.999583 0.0100653 -7.74695 0.0358696 -0.0110484 0.999342 384.45
0.999103 -0.0265666 -0.0350145 -8.04428 0.0269613 0.99959 0.0108662 -7.76211 0.0347122 -0.0118003 0.999392 386.069
0.999048 -0.0235604 -0.0380998 -8.12357 0.0240406 0.999647 0.012234 -7.76074 0.0377987 -0.0131385 0.999246 387.716
0.999156 -0.0224497 -0.0363822 -8.19526 0.0229469 0.999661 0.0133143 -7.75824 0.0360718 -0.0141377 0.999314 389.311
0.998395 -0.0196322 0.0541023 -8.12263 0.0189994 0.999756 0.0121664 -7.75858 -0.0543257 -0.0111191 0.998509 390.91
0.98949 -0.0165535 0.144137 -7.90585 0.0151738 0.999841 0.0106665 -7.76125 -0.144287 -0.00836738 0.989566 392.496
0.972446 -0.0132394 0.232978 -7.54674 0.0114985 0.999906 0.00882632 -7.76684 -0.233067 -0.00590429 0.972492 394.056
