0.999999 -0.00100032 -0.00165061 -0.00127561 0.00100016 1 -5.58369e-05 -0.00805352 0.00165061 5.42451e-05 1 0.561665
1 -0.000262466 -0.000491853 -0.00142776 0.000262278 0.999999 -0.000447753 -0.00215046 0.000491963 0.000447582 0.999999 0.553805
0.999998 -0.00013264 -0.00208651 -0.00372979 0.000130916 1 -0.000818 0.00195511 0.00208657 0.000817761 0.999999 0.556902
0.999996 -0.0010051 -0.00272305 0.0038118 0.00100145 0.999998 -0.00134977 -0.0110195 0.00272446 0.0013471 0.999994 0.566262
0.999999 -0.00151187 -0.000717703 0.00522801 0.00151103 0.999999 -0.00114334 -0.0199921 0.000719397 0.00114217 1 0.561725
0.999998 -0.00117781 -0.00190465 -0.00191371 0.00117669 0.999999 -0.000582653 -0.009351 0.00190535 0.000580486 0.999997 0.579676
1 9.55306e-05 -0.000144693 -0.00101201 -9.54804e-05 1 0.000111723 -0.0057362 0.000144687 -0.00011175 1 0.566857
1 0.000244196 -0.00129802 -0.00448855 -0.000245175 1 -0.000753604 -0.0181885 0.00129781 0.000754037 0.999999 0.587818
1 0.000305687 -0.000385602 -0.00172239 -0.000306445 0.999998 -0.001885 0.00184861 0.000385039 0.00188499 0.999998 0.602346
0.999999 0.000476962 -0.00142558 -0.00437306 -0.000482196 0.999993 -0.00372083 -0.00490174 0.00142378 0.00372164 0.999992 0.604329
1 0.00043672 -0.000471092 -0.0131546 -0.000438183 0.999995 -0.0029815 -0.00300218 0.000469812 0.0029816 0.999996 0.611463
0.999999 0.00151292 0.000102633 -0.00254211 -0.00151293 0.999999 0.000428185 -0.00892146 -0.000102051 -0.000428262 1 0.615763
0.999998 0.00182102 -0.00151429 -0.0140978 -0.00181228 0.999982 0.00583252 0.00943047 0.00152485 -0.00582993 0.999983 0.650683
1 0.000600129 8.15123e-06 -0.00329035 -0.000599999 0.999954 0.00953133 0.00405555 -2.38006e-06 -0.00953127 0.999954 0.664015
0.999999 0.000972072 -0.00109226 -0.0205505 -0.000965242 0.99998 0.00638541 -0.0035998 0.00109837 -0.00638434 0.999979 0.684772
1 0.000479327 -0.000403943 -0.00591331 -0.00047965 0.999999 -0.00113081 -0.0268592 0.000403456 0.001131 0.999999 0.679186
0.999994 0.0034848 0.000167632 -0.000466391 -0.00348383 0.999975 -0.00616016 -0.0152665 -0.000189167 0.0061595 0.999981 0.67658
0.999999 0.000507516 -0.00119005 -0.00252884 -0.000514611 0.999981 -0.00606843 -0.0193129 0.00118694 0.00606904 0.999981 0.729197
0.999999 -0.0013003 -0.000385007 0.00629993 0.00130056 0.999999 0.00105468 -0.0115091 0.000383572 -0.00105521 0.999999 0.71863
0.999998 -0.00185435 -0.000764 -0.0127068 0.0018613 0.999958 0.00887889 -3.51931e-05 0.000747576 -0.0088802 0.999961 0.779002
0.999999 -0.000744041 0.000969229 0.0117055 0.000738308 0.999985 0.0055786 -0.0105613 -0.000973455 -0.00557798 0.999984 0.778662
1 -0.00019347 -0.000926281 -0.00444728 0.000196184 0.999996 0.00259571 -0.0123222 0.000925713 -0.00259581 0.999996 0.804866
0.999998 -0.00214144 0.000560021 -0.0105671 0.00214128 0.999999 -0.000373774 -0.0164362 -0.000559182 0.000374797 1 0.811046
0.999998 0.000885021 0.00171188 0.0128145 -0.000880198 0.999995 -0.00260506 -0.0232211 -0.00171419 0.0026037 0.999995 0.805188
1 0.0013336 -0.00010676 -0.00237979 -0.00133422 0.999995 -0.00327109 0.0179884 0.000102208 0.00327123 0.999995 0.865336
0.999995 -0.00194403 0.00243366 0.0128303 0.00195411 0.999988 -0.00412282 -0.0177974 -0.00242565 0.00412729 0.999989 0.849599
0.999997 -0.00266474 0.000432933 -0.00139852 0.00266728 0.99998 -0.00598192 -0.0217048 -0.000417025 0.00598339 0.999982 0.886055
0.999994 0.00170806 0.00285414 0.0205588 -0.00169446 0.999985 -0.00471756 -0.0136504 -0.00286217 0.00471248 0.999985 0.882443
1 0.000913381 0.000192642 0.00238657 -0.000913376 1 -0.00101977 0.00304122 -0.000193548 0.00101982 1 0.924306
0.999999 -0.00015884 0.00101706 -0.000987232 0.000159172 0.999998 -0.00013843 0.00661284 -0.00101704 0.000138436 1 0.939049
0.999999 0.00078608 0.00182112 0.00402732 -0.000785181 1 -0.000573374 -0.00804042 -0.00182159 0.000572133 0.999999 0.923931
0.999992 0.00371774 -0.000442184 -0.00655658 -0.00371849 0.99999 -0.0018895 -0.0185815 0.000435244 0.0018909 0.999998 0.955142
0.999991 0.00384175 0.00208674 -0.00191393 -0.00383851 0.999993 -0.00159684 -0.0013849 -0.00209295 0.00158901 0.999996 0.954224
0.999995 0.0028298 6.84994e-05 -0.00338451 -0.00282985 0.999994 0.000827228 -0.0173221 -6.6124e-05 -0.000827595 1 0.985191
1 0.000791758 0.00130649 -0.00136667 -0.000793022 1 0.000917282 0.00360765 -0.00130572 -0.000918131 0.999999 0.988468
0.999999 0.000267197 -3.60183e-05 0.00116983 -0.000267072 0.999998 0.000486635 -0.0111374 3.6121e-05 -0.000486807 1 0.977405
1 0.00119509 -0.000148329 -0.00222341 -0.00119515 1 0.000995832 -0.0210612 0.000149616 -0.000995443 1 1.00384
0.999998 -0.000471373 0.000546367 -0.00943572 0.000470773 0.999997 0.00147244 -0.00150056 -0.000547137 -0.00147239 0.999999 1.00862
1 0.000715144 -0.00058312 -0.0141176 -0.000714546 1 0.0013532 -0.00583174 0.000584268 -0.00135258 0.999999 1.02577
0.999998 -0.00135773 0.000561371 -0.0113013 0.00135847 0.999997 -0.00100928 0.00733637 -0.000560082 0.00100984 1 1.02563
0.999999 0.00070685 -0.00174586 -0.0214031 -0.000711011 0.999999 -0.00231633 0.00717159 0.00174431 0.00231771 0.999996 1.03728
0.999998 -0.00174112 -0.000334979 -0.00887165 0.00174128 0.999997 0.000279813 0.0150698 0.000334616 -0.000280431 1 1.02865
1 -0.00172677 -0.000156081 -0.00319564 0.00172714 0.999998 0.00243993 0.00441285 0.000151881 -0.00244028 0.999997 1.04907
0.999997 3.61556e-05 -0.00173147 -0.0130581 -2.9017e-05 0.99999 0.00399099 -0.0169967 0.00173159 -0.0039911 0.999991 1.0473
1 -0.000650473 0.000711881 -0.0088815 0.000648497 1 0.00242239 -0.013675 -0.000713462 -0.00242175 0.999997 1.04509
0.999999 -0.000492826 -0.000374241 -0.00782302 0.000494119 0.999994 0.00274808 -0.00152293 0.000372905 -0.00274836 0.999997 1.06675
1 0.000588792 0.00132371 -0.0181096 -0.000589829 1 0.000548089 -0.00442368 -0.00132337 -0.000548729 0.999999 1.05443
0.999998 -0.000513564 -0.000988521 -0.00461002 0.00051324 0.999998 -0.000635812 0.00270068 0.000988838 0.000635101 1 1.05824
1 0.000226124 -0.000716205 -0.00420082 -0.000225625 1 0.00120246 -0.00696332 0.000716477 -0.00120215 0.999999 1.07856
0.999996 0.000512792 0.00208887 -0.0142053 -0.000516421 0.999997 0.00189524 -0.0283396 -0.00208794 -0.00189648 0.999996 1.07221
1 0.000911887 -0.00215827 -0.00995985 -0.000910778 1 0.00063844 -0.0142581 0.00215868 -0.000636227 0.999998 1.08781
0.999994 0.00225296 0.00154438 -0.00327776 -0.0022528 0.999997 6.46734e-05 -0.0220548 -0.00154417 -6.84134e-05 0.999998 1.06256
0.999998 0.00286056 -0.000296648 0.00249953 -0.00286175 0.999992 -0.0029252 -0.015231 0.000288151 0.0029263 0.999996 1.10409
0.999996 0.0021788 0.00124036 -0.00524868 -0.00217667 0.999996 -0.0014071 -0.0187403 -0.00124336 0.00140416 0.999998 1.07183
1 0.00106562 -0.000753663 -0.00930523 -0.00106564 1 0.000240052 -0.00854884 0.000753877 -0.000239042 1 1.07154
0.999999 -2.66882e-05 0.00105547 -0.0029818 2.38e-05 0.999995 0.00294199 -0.0258889 -0.00105554 -0.00294219 0.999994 1.07707
0.999999 0.00113602 0.00190157 -0.00667642 -0.00113994 0.999999 0.00198155 -0.0204807 -0.00189925 -0.00198344 0.999997 1.07978
0.999998 -0.00128459 0.000273732 0.000129809 0.00128481 0.999998 -0.000104245 -0.0430482 -0.000273785 0.000104356 0.999999 1.09923
1 0.000107122 0.00053395 -0.00583209 -0.000107578 1 0.000398582 -0.0113385 -0.000533759 -0.000398572 1 1.06685
0.999998 -0.00114761 0.000628975 -0.00687073 0.00114909 0.999998 -0.00193271 -0.0264678 -0.000626927 0.00193328 0.999997 1.1062
1 0.000764869 0.000730181 -0.0100487 -0.000763836 0.999999 -0.00180884 0.00660634 -0.000731405 0.00180831 1 1.08681
0.999998 -0.000390047 0.00152703 -0.00169248 0.000390077 1 0.000178898 -0.00651784 -0.00152726 -0.000178312 0.999998 1.07309
0.999999 -0.00214905 -0.000417309 -0.00764667 0.00214772 0.999995 -0.00253201 -0.0061509 0.000422874 0.00253111 0.999997 1.08342
0.999996 -0.00180591 0.00198693 0.00911374 0.00181105 0.999995 -0.00241242 0.000828005 -0.00198268 0.00241596 0.999994 1.04524
1 -0.00147288 -0.000717217 0.0022181 0.00147403 0.999998 0.00217647 -0.00556429 0.000714318 -0.00217755 0.999999 1.08495
0.999997 -0.00122925 0.00173892 -0.00243808 0.00122029 0.999983 0.00541229 -0.00905851 -0.00174589 -0.00540998 0.999984 1.06048
0.999998 -0.00188818 7.00714e-06 -0.00632648 0.00188763 0.999986 0.0054172 -0.0132318 -1.68883e-05 -0.00541738 0.999986 1.03906
0.999997 -0.0026607 0.000850973 -0.00441795 0.00265912 0.999992 0.00250685 0.00396881 -0.000857955 -0.00250454 0.999997 1.07582
0.999998 -0.0012937 0.000388174 -0.00285122 0.00129359 1 -0.00099428 -0.0135766 -0.000386451 0.000994726 0.999999 0.997848
1 -0.00163335 -0.000300662 0.00482597 0.00163289 0.999994 -0.00272629 -0.00471705 0.000304842 0.00272604 0.999997 1.07729
0.999999 0.00152011 0.000967503 -0.0068447 -0.00151997 1 -0.000643844 -0.00137245 -0.000967641 0.000642266 0.999999 1.07096
1 9.67794e-05 -0.000246882 -0.000379995 -9.72069e-05 0.999997 -0.0024771 0.00297163 0.000246271 0.00247768 0.999998 1.07033
0.999998 0.00226573 0.00074066 -0.00804673 -0.00226709 0.999995 0.00145687 0.00425004 -0.000736924 -0.00145883 0.999997 1.07463
0.999992 0.00315276 0.00203513 -0.0120234 -0.00316074 0.999989 0.00413561 -0.000255719 -0.0020223 -0.00414192 0.999992 1.07717
1 0.00104224 -0.000223048 -0.00746667 -0.00104171 0.999988 0.00418555 -0.00701238 0.00022781 -0.00418537 0.999989 1.08134
0.999999 -0.00049484 0.00166018 -0.00544569 0.000490843 1 0.00263337 -0.00891363 -0.00166169 -0.0026325 0.999998 1.07211
1 -0.000465774 0.000181274 -0.00262684 0.000464911 0.999993 0.00259679 0.00182446 -0.000182251 -0.00259658 0.999994 1.06302
0.999999 -0.0012827 -1.37411e-05 -0.00424901 0.00128313 1 0.0014049 -0.0135267 1.17895e-05 -0.00140516 1 1.04243
0.999999 -0.00177522 -0.000684899 -0.00301148 0.00177798 0.999984 0.00469005 -0.00877225 0.000676792 -0.00469103 0.999986 1.09124
0.999998 -0.00156883 -0.00010489 -0.00371434 0.00156959 0.999997 0.00338495 -0.00687102 9.93046e-05 -0.00338541 0.999998 1.05914
1 -0.000853384 0.00064944 -0.00417971 0.000852205 0.999996 0.00104239 -0.0110828 -0.000650014 -0.00104166 0.999996 1.07227
0.999998 0.000302583 -0.00199069 -0.00514528 -0.000303004 1 -0.000464908 -0.0180453 0.00199025 0.000465347 1 1.06202
0.999999 0.00116496 0.000688033 -0.00913283 -0.00116516 0.999998 -0.000479233 -0.0109333 -0.000688289 0.000478679 0.999996 1.0525
0.999999 0.000901317 -0.00107839 -0.00932829 -0.000898233 0.999998 0.0023582 -0.0109511 0.0010802 -0.00235746 1 1.04174
1 0.000863245 -0.000377491 -0.0102259 -0.000862082 0.999988 0.00468725 -0.0281604 0.000381837 -0.00468669 0.999986 1.06095
0.999999 0.000900003 0.00147187 -0.00521023 -0.00090305 0.999998 0.00257058 -0.0110536 -0.00146981 -0.00257209 1 1.0704
1 0.00094267 -0.00151984 -0.0127989 -0.000942086 0.999999 0.000772699 -0.021364 0.00152086 -0.000771009 0.999996 1.0596
0.999997 0.00118695 0.000197716 -0.00528101 -0.00118614 0.999999 -0.0012972 -0.00436289 -0.000199566 0.00129667 1 0.994122
1 7.0407e-06 -0.000575654 -0.00415814 -7.75193e-06 0.999999 -0.000342032 -0.00149695 0.000575996 0.000342242 0.999997 0.97753
0.999997 -0.000267909 0.000706931 -0.0059062 0.000268444 1 7.51615e-05 -0.00502106 -0.000707229 -7.52452e-05 1 0.967235
1 -0.0013319 -0.00130801 -0.00264282 0.00133353 0.999999 0.00178073 0.000801279 0.00130602 -0.00178211 0.999996 1.01712
0.999994 -0.00165767 -0.000105349 -0.00267599 0.00165867 0.999993 0.00287178 -0.0160612 0.000100373 -0.00287224 0.999997 0.961934
1 -0.000895691 0.000286217 -0.00810722 0.000894237 0.999997 0.00271556 -0.00907335 -0.000288492 -0.00271499 0.999995 0.967031
0.999995 -0.000738586 -0.000930701 -0.00536491 0.000741111 0.999996 0.00202021 -0.021926 0.000928963 -0.00202117 0.999999 0.920283
1 -0.000614653 8.98191e-05 -0.00464227 0.000613886 1 0.000978269 -0.01631 -9.00716e-05 -0.000977777 0.999998 0.826396
0.99999 -0.000433724 -0.00381365 -0.00682684 0.000439082 0.999999 0.00123244 -0.0163281 0.00381281 -0.00123458 0.999994 0.929922
1 0.000312128 -0.0020209 -0.00879605 -0.000311879 1 0.000461304 -0.0133892 0.00202142 -0.000460262 0.999996 0.802943
0.999995 -0.000346796 -0.00197956 -0.00788294 0.000351795 0.999998 0.00216971 -0.0137297 0.00197837 -0.00217074 0.999997 0.797321
0.999999 0.000609576 -0.00288108 -0.00880729 -0.000603619 0.999997 0.0022968 -0.0178165 0.0028828 -0.00229487 0.999991 0.840465
0.999995 0.00119143 -0.00175674 -0.00869489 -0.00118893 1 0.00103936 -0.0234773 0.00175764 -0.00103738 1 0.830234
1 0.00028638 -0.00201981 -0.00663932 -0.000283251 0.999997 0.00186402 -0.0162494 0.0020207 -0.00186341 0.999994 0.72389
0.999998 0.00103775 -0.0015297 -0.00653142 -0.00103575 1 0.000806418 -0.016558 0.00153017 -0.000804786 1 0.777121
0.999996 0.00130925 -0.00290521 -0.00961357 -0.00130755 0.999998 0.000828935 -0.0176807 0.00290649 -0.000825209 0.999992 0.750655
0.999997 0.00127988 -0.00204913 -0.0116072 -0.00127885 1 0.000182439 -0.0190747 0.00204916 -0.00018007 1 0.714267
0.999998 0.00138452 -0.00142386 -0.00679874 -0.00138544 0.999999 -0.000299074 -0.0172609 0.00142373 0.000301381 0.999996 0.681302
0.999994 0.00222575 -0.0026497 -0.0118107 -0.00223492 0.999991 -0.00363075 -0.0138157 0.00264129 0.00363632 0.999993 0.621018
0.999998 0.00156109 -0.00180215 -0.0104099 -0.00156212 0.999999 -0.000324798 -0.0106369 0.00180187 0.000327719 0.999995 0.579447
0.999997 0.0020916 -0.000506539 -0.0102648 -0.00209165 0.999997 -0.000931204 -0.0122692 0.000504387 0.000932161 1 0.564842
0.999999 0.00142883 0.00117005 -0.00898506 -0.00143094 0.999998 0.00141688 -0.0110228 -0.00116779 -0.00141845 0.999995 0.570655
0.999988 0.00335623 0.00367283 -0.00710735 -0.00336243 0.999993 0.00179242 -0.014046 -0.00366705 -0.00180486 0.999995 0.550271
0.999984 0.00311421 0.00472096 -0.00845172 -0.00312117 0.999994 0.00139534 -0.0139631 -0.00471631 -0.00141008 0.999984 0.530767
0.999965 0.000386595 0.00841664 0.00830822 -0.000407556 0.999997 0.00252814 -0.0124055 -0.00841594 -0.00253153 0.999966 0.496751
0.999961 -0.000210011 0.00889139 0.00099215 0.000185875 0.999996 0.00267928 -0.0155043 -0.00889156 -0.00267759 0.999953 0.501965
0.999925 -0.00125114 0.0122163 0.00985114 0.0012319 0.999999 0.00161384 -0.00665097 -0.0122187 -0.00159855 0.999928 0.472931
0.999915 -0.000804382 0.0129972 0.00878097 0.000790238 0.999999 0.00106229 -0.00938087 -0.0129976 -0.00105206 0.999911 0.45064
0.999876 -0.0013774 0.0156924 0.0122473 0.00137612 0.999999 0.000122667 -0.00671867 -0.0156931 -0.000100955 0.99988 0.432066
0.999839 -0.00176309 0.0178737 0.0203191 0.00179375 0.999997 -0.0017216 -0.00821344 -0.01787 0.00175314 0.999835 0.408212
0.999782 -0.00114052 0.0207937 0.0108893 0.00121558 0.999993 -0.00357451 -0.00553058 -0.0207901 0.00359924 0.999781 0.410346
0.999699 -0.00148713 0.0245181 0.0211181 0.00157478 0.999992 -0.00357362 0.000901442 -0.0245121 0.00361098 0.99969 0.422312
0.999628 -0.00240311 0.0271198 0.0315247 0.00243479 0.999997 -0.00111332 -0.0118359 -0.0271176 0.00117909 0.999635 0.386575
0.999523 -0.00278316 0.0308155 0.0275124 0.00279383 0.999996 -0.000322553 -0.00263387 -0.030814 0.000408389 0.999522 0.397367
0.999469 -0.00188722 0.032464 0.0362731 0.00193302 0.999997 -0.001359 -0.0110544 -0.032462 0.00142105 0.999475 0.370661
0.999316 -0.00175617 0.036998 0.0409878 0.00178168 0.999999 -0.000673786 -0.0118556 -0.0369961 0.00073925 0.999312 0.380785
0.999248 -0.00364033 0.0385452 0.0358553 0.00362562 0.999993 0.00046746 -0.00676609 -0.0385471 -0.000327225 0.99926 0.370893
0.999123 -0.00192334 0.0418803 0.038612 0.0019208 0.999999 8.69291e-05 -0.0104649 -0.0418798 -6.60767e-06 0.99912 0.378957
0.999089 0.00078092 0.0425996 0.0300713 -0.000764911 0.999999 -0.000378788 -0.00565057 -0.0426004 0.000346075 0.999094 0.359771
0.998899 0.00308933 0.0468622 0.032741 -0.00303396 0.999996 -0.00126571 -0.00190095 -0.0468652 0.00112197 0.998898 0.343117
0.998814 -0.000195874 0.0486503 0.0344554 5.82873e-05 0.999995 0.00284072 -0.00417834 -0.0486515 -0.0028343 0.998814 0.371138
0.998853 0.000245751 0.0479156 0.0385987 -0.000320851 1 0.00154947 -0.0129643 -0.0479142 -0.00156336 0.998848 0.339571
0.998666 -0.00224191 0.0515592 0.0298529 0.00221405 0.999997 0.000608124 -0.000133183 -0.0515611 -0.000492846 0.998673 0.35027
0.998806 -3.97906e-05 0.04889 0.0341661 0.000107248 1 -0.00138836 -0.0179127 -0.0488891 0.00139163 0.998801 0.340874
0.998642 -0.000289475 0.0520678 0.0271172 0.000404616 0.999997 -0.00218998 -0.00350827 -0.0520678 0.00220835 0.998644 0.33621
0.998684 0.00219232 0.0512531 0.0318297 -0.00202124 0.999994 -0.00340008 -0.00180763 -0.0512595 0.00329172 0.998678 0.335578
0.998564 0.00358893 0.053435 0.0315399 -0.00337974 0.999985 -0.00399597 0.00605677 -0.0534493 0.00380986 0.998565 0.36336
0.998542 0.00483998 0.0537846 0.00944505 -0.00473871 0.999988 -0.00201701 0.00849263 -0.0537928 0.0017589 0.998548 0.351551
0.99847 -4.45556e-05 0.0552692 0.0537883 -3.40186e-05 0.999998 0.00142597 -0.000118169 -0.0552702 -0.00142529 0.998473 0.349839
0.998457 -0.00166266 0.0555343 0.0408572 0.00152491 0.999997 0.00251868 -0.00319602 -0.0555372 -0.00243045 0.998451 0.363467
0.99843 -0.000713609 0.0559788 0.0484981 0.000564353 0.999995 0.0026855 0.0147369 -0.0559816 -0.00264932 0.998431 0.352983
0.998359 0.00153245 0.0572755 0.0374379 -0.00171615 0.999994 0.00315671 -0.00255746 -0.0572692 -0.00325013 0.998351 0.380017
0.998503 -0.000700898 0.0546522 0.0527217 0.00055309 0.999995 0.00272092 0.00158699 -0.054655 -0.00268632 0.998505 0.364608
0.998328 0.000653775 0.0578398 0.0523868 -0.000913409 0.99999 0.00446221 -0.0174803 -0.0578352 -0.00450795 0.998313 0.385627
0.998472 0.00226813 0.0551805 0.0314727 -0.00237256 0.999995 0.00183165 0.00460531 -0.0551771 -0.00195945 0.998478 0.37948
0.998503 0.00357127 0.0546202 0.0317351 -0.00345353 0.999993 -0.00225369 0.00108203 -0.0546267 0.0020614 0.998502 0.38899
0.998619 0.00209987 0.0524533 0.0524418 -0.00192418 0.999991 -0.00339435 6.46261e-05 -0.052461 0.00328903 0.998621 0.392273
0.998804 -0.000376185 0.0489472 0.0290224 0.00047091 0.999999 -0.00192982 0.0137057 -0.0489453 0.00195026 0.998796 0.373835
0.999062 -0.00504946 0.0429629 0.0420003 0.00506287 0.999987 -0.000198071 0.00899504 -0.0429625 0.000415695 0.99908 0.432875
0.999318 -0.00667799 0.0363861 0.0422278 0.00669543 0.999978 -0.000361987 -0.00715682 -0.0363817 0.000605085 0.999335 0.390224
0.999469 -0.00285431 0.0323984 0.028298 0.0028939 0.999995 -0.00117122 -0.00875743 -0.032396 0.00126464 0.999477 0.430365
0.999588 0.0026256 0.0286841 -0.00745965 -0.00267858 0.999996 0.00180377 0.0186541 -0.028678 -0.00188012 0.999585 0.420823
0.999653 0.00486262 0.0258179 -0.00374449 -0.00496874 0.999979 0.00405309 0.0198478 -0.0257988 -0.00417979 0.999661 0.45991
0.999689 0.00467936 0.0246246 0.00705603 -0.00478378 0.999981 0.00417318 0.00993268 -0.0246035 -0.00428995 0.999687 0.497206
0.999737 -0.0022468 0.0226911 0.0158228 0.00218849 0.999993 0.00260476 0.00617265 -0.022698 -0.00255418 0.99974 0.488844
0.999793 -0.00546349 0.0197497 0.0166118 0.00545361 0.999986 0.00054267 0.00245905 -0.019751 -0.000435132 0.999804 0.52764
0.999814 -0.00522628 0.0184042 0.0223121 0.00527154 0.999982 -0.00239908 0.00257829 -0.0183927 0.00249597 0.999828 0.515046
0.999911 0.000782261 0.0135326 -0.00878417 -0.000721417 0.999991 -0.00451839 -0.00750007 -0.0135347 0.0045079 0.999898 0.496655
0.999932 0.00318163 0.0109658 -0.00995193 -0.00313533 0.999985 -0.00422184 -0.00592196 -0.0109804 0.00418747 0.999932 0.563781
0.999981 -0.00219384 0.00636369 0.00668592 0.0021927 0.999999 0.000158279 -0.0108227 -0.00636272 -0.000144654 0.999979 0.608248
0.999972 -0.00601146 0.00362023 0.0139125 0.00599782 0.999974 0.00379336 -0.0157204 -0.00364424 -0.0037712 0.999987 0.649762
1 -0.00037009 -9.66214e-05 0.0039197 0.000370102 0.999999 0.00164609 -0.0014556 9.7318e-05 -0.0016465 0.999998 0.645153
0.999995 -7.84325e-05 -0.00220805 -0.00880415 7.87532e-05 1 4.2528e-05 -0.00220942 0.00220676 -4.22736e-05 0.999998 0.642431
0.999992 0.00436146 -0.00176207 -0.0105727 -0.00436341 0.999991 -0.00097286 -0.00143171 0.00175905 0.000980155 0.999997 0.687856
0.999995 0.0015362 -0.00174867 -0.00684864 -0.00153515 0.999999 0.000604597 -0.0105537 0.00174857 -0.000601513 0.999999 0.694
1 0.00135631 -0.000808937 0.00487318 -0.0013566 0.999999 -0.000345389 -0.012477 0.000809511 0.000346072 0.999999 0.736738
0.999998 -0.000498713 -0.000691209 0.0155832 0.000498398 1 -0.000365899 -0.0127036 0.000690373 0.000365994 1 0.72601
0.999992 0.00362646 -0.00233584 -0.0114782 -0.00362465 0.999993 0.000789678 -0.0352829 0.00233974 -0.000781595 0.999996 0.715898
0.999998 0.00059245 0.00014071 -0.00924758 -0.000592478 0.999999 0.000664662 -0.00932705 -0.000141377 -0.0006643 1 0.729853
1 0.000794547 0.000467668 -0.0072693 -0.000795905 0.999997 0.00247 -0.0151282 -0.000464575 -0.00247076 0.999997 0.745512
0.999995 0.00289176 0.000108306 -0.00668052 -0.00289166 0.999994 0.00148761 -0.0073825 -0.000105122 -0.00148749 0.999999 0.765435
0.999999 0.00191737 0.000876261 -0.00147443 -0.00191802 0.999998 0.000449469 -0.00226595 -0.000874276 -0.000451673 1 0.795534
0.999995 -0.00269471 0.000407686 0.00207328 0.00269415 0.999994 0.0018826 -0.00341819 -0.000413795 -0.00188097 0.999997 0.777794
0.999998 -0.00105837 0.00241073 0.00648857 0.00105179 0.999996 0.00262136 -0.00681233 -0.00241241 -0.00261938 0.999995 0.756811
0.999997 0.00147289 0.00103113 -0.00810952 -0.00147317 0.999998 0.00046323 -0.00389967 -0.00103152 -0.000464135 0.999999 0.79359
0.999998 0.00211913 0.00161935 -0.0109453 -0.00211375 0.999992 -0.00341886 -0.00846361 -0.00162553 0.00341481 0.999994 0.779302
0.999998 -0.000416938 0.000812051 0.00187485 0.000420521 0.999991 -0.00421347 0.00981315 -0.000811329 0.00421449 0.99999 0.746357
1 -0.000489901 0.000393303 -0.00508205 0.000490001 1 -0.000617661 0.00549011 -0.000391944 0.000617148 1 0.792278
0.999992 0.00327654 0.00136634 -0.0183172 -0.00327909 0.999993 0.00198191 0.00463167 -0.00136086 -0.00198561 0.999997 0.762651
0.999999 0.00214963 0.000558607 -0.0155837 -0.00215218 0.999989 0.00425427 0.00915896 -0.000548456 -0.00425622 0.999991 0.753386
0.999998 0.00108726 0.00132731 -0.00907003 -0.00109603 0.999978 0.00666672 -0.000185339 -0.00132101 -0.00666733 0.999978 0.836294
0.999992 0.00426148 -0.000102654 -0.0168335 -0.00426087 0.999973 0.00586408 -0.00284084 0.000128584 -0.00586446 0.999982 0.827289
0.999998 0.00181348 0.000683211 -0.0049976 -0.00181489 0.999997 0.00212144 -0.00266169 -0.000680253 -0.00212177 0.999999 0.845796
0.999998 -0.00246729 0.00044887 -0.00148743 0.00246943 0.999985 -0.00474564 -0.0189892 -0.000436192 0.00474591 0.999988 0.830606
0.999997 -0.00190772 -0.00122676 -0.0042654 0.00189689 0.999962 -0.00866915 0.00240012 0.00124223 0.00866775 0.999963 0.819069
1 -0.00108272 0.000317099 -0.00168682 0.00108367 0.999993 -0.00318882 -0.00207435 -0.000312612 0.00318809 0.999993 0.826388
0.999996 -0.00144378 -0.00204982 -0.00425765 0.0014577 0.999978 0.00674053 0.00347712 0.00203905 -0.00674244 0.999977 0.81633
0.999997 -0.00169314 -0.00213674 0.00223416 0.00170901 0.999969 0.00753623 -0.00786445 0.00212496 -0.00754089 0.999968 0.800941
0.999998 0.00139961 8.89839e-05 0.000552517 -0.00139983 0.999991 0.00426467 -0.0201425 -8.40333e-05 -0.00426371 0.999993 0.775833
0.999994 0.00342847 -0.00148923 -0.00533567 -0.00342856 0.999993 4.72099e-05 -0.0198383 0.00149047 -4.31915e-05 0.999997 0.761716
0.999993 0.00298131 0.00220874 -0.00822887 -0.00298316 0.999997 0.000868729 -0.0172592 -0.00220705 -0.000874106 1 0.792032
0.999997 0.00223316 0.00129921 -0.00829092 -0.00223628 0.999994 0.00231993 -0.0203795 -0.00129306 -0.00232395 0.999995 0.79714
0.999996 -0.000126563 0.00298018 -0.00216489 0.000122343 1 0.0014515 -0.0170692 -0.00298116 -0.00145002 0.999998 0.803697
0.999998 0.001305 0.000207023 -0.0184665 -0.0013052 0.999998 0.000470174 -0.0241296 -0.000205573 -0.000471548 0.999997 0.737105
1 0.000778304 0.00193999 -0.00632723 -0.000778595 1 0.000185387 -0.00827296 -0.0019407 -0.000185676 1 0.799819
0.999994 -7.68018e-05 0.00308844 -0.0075921 6.9931e-05 0.999997 0.00218596 -0.0140731 -0.00308765 -0.00218703 0.999991 0.783029
0.999995 -0.00240213 0.00220172 0.00318828 0.00239839 0.999996 0.00174264 -0.0265668 -0.00220688 -0.00173607 0.999998 0.76204
0.999996 -0.000598519 0.00279655 0.00047527 0.00059524 0.999999 0.00110313 -0.0186779 -0.00279616 -0.00110278 0.999994 0.774264
0.999999 -0.000902144 0.00106565 -0.00310268 0.000901295 1 0.000861783 -0.0268317 -0.00106742 -0.000859546 1 0.767581
0.999998 -0.0018987 0.00167782 -0.000812596 0.00189613 0.999997 0.00144045 -0.022933 -0.00167944 -0.00143871 0.999995 0.742722
0.999995 -0.00195154 0.00205379 0.0100224 0.00194585 0.999994 0.0028471 -0.015884 -0.00206038 -0.00284173 0.999996 0.729187
0.999997 -0.000223968 0.00259685 0.00235011 0.000221219 1 0.00101014 -0.0151374 -0.00259596 -0.00101088 0.999994 0.724536
0.999993 0.00157876 0.00316779 -0.00979727 -0.00158351 0.999997 0.00153591 -0.0216534 -0.00316636 -0.00153962 0.999997 0.760288
0.999998 0.00190559 0.00133064 -0.00378427 -0.00190509 0.999998 -0.000500904 -0.0140013 -0.00133061 0.0004971 0.999996 0.697093
0.999994 0.00125705 0.00305329 -0.0123098 -0.00126118 0.999998 0.00139936 -0.0049212 -0.00305243 -0.00140187 0.999997 0.701282
1 -4.01822e-05 -0.000467969 -0.00713699 4.0642e-05 1 0.00126495 -0.00438113 0.000468792 -0.00126614 0.999998 0.702637
0.999997 0.000279316 0.00137541 -0.00237343 -0.000276439 0.999997 -0.00199815 -0.00569758 -0.00137683 0.00199897 0.999999 0.667958
1 0.000215668 -0.000896602 -0.0044454 -0.000215102 1 0.000699748 -0.0154976 0.000897703 -0.000700723 0.999998 0.701882
0.999997 0.000317934 0.000465284 -0.000113996 -0.000316939 0.999998 -0.00196115 -0.0027736 -0.000466851 0.00196222 0.999999 0.658105
0.999997 -0.00165169 0.00285774 -0.00255151 0.00165148 0.999999 3.76195e-05 -0.0135437 -0.00285695 -3.41556e-05 0.999994 0.684644
0.999994 -0.00245557 0.00104345 -0.00223579 0.00245471 0.999996 0.00100346 -0.0122775 -0.00104679 -0.000999678 1 0.714904
0.999995 -0.00183566 0.00329341 -0.00144843 0.00182738 0.999996 0.00248314 -0.0233243 -0.00329703 -0.00247826 0.999991 0.6744
0.99999 0.00307387 0.00227793 -0.0178748 -0.00306954 0.999993 -0.00186797 -0.0206571 -0.00228466 0.00186212 0.999997 0.674458
0.999998 0.00170755 0.00266322 -0.00452171 -0.00170896 0.999999 0.000525531 -0.0180921 -0.00266133 -0.00053123 0.999995 0.64633
0.999997 3.63677e-05 0.00137993 -0.00183622 -4.07562e-05 0.999994 0.0031804 -0.00703896 -0.00138085 -0.0031793 0.999995 0.652525
1 0.00036313 0.00195766 0.0034011 -0.000366469 0.999999 0.0017214 -0.0109165 -0.00195596 -0.00172329 0.999995 0.668171
0.999979 0.00507721 0.00358536 -0.00807841 -0.00508177 0.999987 0.00118416 -0.0213487 -0.00358078 -0.00120146 0.999996 0.661417
0.999981 0.00578038 0.00304074 -0.0353075 -0.00577408 0.999981 -0.00198269 -0.014403 -0.0030506 0.00196419 0.99999 0.714472
0.999981 -0.000607405 0.0057808 0.00126705 0.000620089 0.999999 -0.00222219 -0.023782 -0.00578099 0.00222669 0.999986 0.647679
0.999965 -0.00271591 0.00812574 -0.00446465 0.0027452 0.999988 -0.00357825 -0.0039193 -0.00811445 0.0035994 0.999956 0.6316
0.999963 -5.20137e-05 0.00840815 0.000336897 7.88889e-05 0.999996 -0.00321887 -0.00372929 -0.00840943 0.00322041 0.999964 0.652968
0.999925 0.00440197 0.0115759 -0.023227 -0.00440072 0.999989 -0.000120523 0.00496554 -0.0115748 6.86679e-05 0.999929 0.645168
0.999982 0.000574319 0.00579586 -0.00376378 -0.000585491 1 0.00188825 -0.00819798 -0.00579648 -0.00189066 0.999987 0.671991
0.999986 0.00180204 0.00526336 -0.00508957 -0.00180514 0.999997 0.000587545 -0.00718612 -0.00526067 -0.000597931 0.999982 0.681494
0.999984 0.0034818 0.00426364 -0.00949161 -0.00348497 0.999995 0.000693673 0.00388296 -0.00426274 -0.000707455 0.999995 0.648784
0.999985 -0.00029281 0.00553458 -0.0016225 0.000274112 0.999994 0.00338768 -0.00791977 -0.0055341 -0.00338714 0.999975 0.648861
0.999992 -0.000998438 0.00382043 -0.00983273 0.000979195 0.999988 0.00501546 -0.00654458 -0.00382684 -0.00501064 0.999984 0.713556
0.999997 0.00132139 0.00244042 -0.00133289 -0.00133069 0.999992 0.0038303 -0.00863598 -0.00243389 -0.00383459 0.999986 0.713241
0.999997 0.000589416 0.00210589 -0.00482869 -0.000591532 1 0.000973338 -0.000230462 -0.00210677 -0.000973521 1 0.685033
0.999997 -0.000246967 0.00258801 -0.00282876 0.000250948 0.999999 -0.00148802 0.00192112 -0.00258617 0.00148757 0.999991 0.702051
0.999954 -0.00869305 0.00367107 0.0095789 0.00870697 0.999955 -0.00384305 -0.0148308 -0.003639 0.00387595 0.99999 0.709719
0.999982 -0.00602809 0.00144282 0.00762749 0.00603041 0.999981 -0.00143264 -0.0169328 -0.0014326 0.00144023 0.999995 0.745622
0.999992 -0.00169341 0.00324266 -0.0034171 0.00169842 0.999997 -0.00163716 -0.0051639 -0.00324143 0.00164372 0.999997 0.756915
0.999994 0.00403487 -0.000103598 -0.00658103 -0.00403447 0.999989 0.00195774 0.00729423 0.0001131 -0.00195825 0.999995 0.718689
0.999996 -0.000682911 0.00180629 -0.00259265 0.00067282 0.999985 0.00546892 -3.67035e-05 -0.00181155 -0.00546681 0.999987 0.747762
0.999997 -0.00187929 0.00258911 0.00294639 0.00187003 0.999991 0.0036497 0.00357548 -0.00259447 -0.00364582 0.999987 0.754984
0.999992 -0.00106755 0.00350691 -0.00579367 0.00106347 1 0.00110635 -0.014364 -0.00350955 -0.00110164 0.999997 0.715515
0.999993 0.00354097 0.00238643 -0.00835858 -0.00354018 0.999993 -0.000262554 -0.00776682 -0.0023858 0.000253054 0.999994 0.744133
0.999995 -0.000718119 0.00257041 -0.0015516 0.000718114 1 -5.10429e-05 -0.0296659 -0.00257197 5.37504e-05 1 0.71972
0.999996 0.00117748 0.00331716 -0.00238547 -0.00118053 0.999998 0.000931524 -0.0108668 -0.00331449 -0.000936356 0.99999 0.740596
0.999997 0.00101406 0.00117058 -0.00726942 -0.00101636 0.999998 0.00184765 -0.00302842 -0.00117034 -0.00184785 1 0.729035
0.999991 0.0046517 0.00102398 -0.0426439 -0.00465071 0.999988 -0.000867426 3.5333e-05 -0.00102632 0.000861618 0.999996 0.677366
0.99999 0.0025163 0.00322309 -0.0238316 -0.00251695 0.999997 0.00016376 -0.0110854 -0.00322427 -0.0001708 0.999998 0.71604
0.999997 0.0030593 0.00111039 -0.0192838 -0.00305785 0.999994 -0.00123131 -0.00198415 -0.0011125 0.00122684 0.999995 0.720604
0.999998 0.000217935 0.000483373 -0.00915919 -0.000217319 0.999999 -0.00137323 -0.00726494 -0.000485299 0.00137415 1 0.7338
1 0.000645969 0.000890072 0.00817553 -0.000645048 0.999999 -0.000896803 -0.0217439 -0.000889017 0.000895227 0.999995 0.714184
0.999996 -0.000568723 0.00170564 -0.00997274 0.000563603 0.999996 0.00293377 -0.020102 -0.00170885 -0.00293172 0.999998 0.727459
1 0.0013011 -0.00150492 0.0308212 -0.00130179 0.999998 -0.000592788 -0.0240631 0.00150569 0.000593749 0.999995 0.7663
0.999989 0.00371394 0.00153024 -0.0443963 -0.00371565 0.999993 0.000949761 0.0231683 -0.00152818 -0.000954435 1 0.715411
0.999999 7.13402e-05 0.00290896 -0.0143677 -7.26687e-05 0.999999 0.000522367 -0.00960388 -0.00290751 -0.000523651 0.999993 0.758105
0.999998 0.000186738 0.000939395 -0.00315605 -0.000187014 1 0.000161873 -0.001408 -0.000940917 -0.000161016 1 0.772895
0.999993 0.00221388 0.00328249 0.0101035 -0.00221429 0.999997 0.000154364 -0.00820038 -0.00328065 -0.000162718 0.999993 0.793769
0.999992 0.00357005 0.000664386 0.0060015 -0.00356792 0.999989 -0.00334166 -0.00614069 -0.000677816 0.00334048 0.999996 0.755517
0.999998 0.00164478 0.00220193 0.00703365 -0.00164209 0.999997 -0.00119055 -0.014172 -0.00220249 0.00118577 0.999995 0.796935
0.999999 0.000141626 -0.000175872 -0.00758803 -0.000142116 0.999998 -0.00255754 -0.00874674 0.000174083 0.00255872 1 0.813647
1 -0.000937826 0.000236537 -0.00691556 0.00093836 0.999996 -0.00194871 0.00048535 -0.000233254 0.00194784 0.999996 0.820813
0.999996 -0.00204446 -0.000531688 0.00776619 0.00204437 0.999999 3.71813e-05 -0.00492898 0.000530196 -3.71109e-05 1 0.846028
1 -0.000696397 -0.00187962 0.0098837 0.000699717 0.999998 0.00173169 -0.00711027 0.0018798 -0.00173416 0.999996 0.819714
0.999998 0.000513733 0.000437179 -0.00292673 -0.000514765 0.999998 0.00218575 -0.0128056 -0.000437369 -0.00218475 0.999998 0.84295
0.999997 0.000128355 -0.0030629 -0.00641724 -0.000125532 0.999999 0.000894752 -0.0100081 0.00306437 -0.000895591 0.999994 0.829794
0.999998 0.000293785 -7.31114e-05 -0.00220637 -0.00029368 0.999997 0.00245014 -0.00464851 7.24326e-05 -0.00244884 0.999998 0.864797
0.999994 -0.000805922 -0.0038865 0.00382782 0.000813389 0.999998 0.00190475 -0.018721 0.00388645 -0.00190915 0.999989 0.851151
0.999996 0.00221559 -0.00043223 -0.00234635 -0.00221554 0.999998 0.000201647 -0.0171247 0.000431249 -0.000199431 1 0.838914
1 -0.000727142 -0.00075365 -0.00643293 0.000724571 0.999994 -0.00348752 -0.0101391 0.000757685 0.00348572 0.999992 0.858855
0.999998 -0.000107366 -0.000659565 0.00289336 0.000104524 0.999991 -0.00416924 0.0074138 0.000658459 0.00417044 0.999993 0.813032
0.999999 0.00254811 0.000409054 -0.00562472 -0.00254673 0.999991 -0.00340806 -0.00910142 -0.000416048 0.00340573 0.999993 0.857057
0.999995 0.000375816 -0.00255269 -0.00674856 -0.000374512 1 0.000518551 -0.00162081 0.00255115 -0.000516316 0.999998 0.843017
1 -0.00128216 0.000313751 -0.00298855 0.00128103 0.999992 0.0036794 -0.0198216 -0.000316648 -0.00368026 0.999992 0.871929
0.999994 -0.00247318 -0.00106822 -0.0182618 0.00247298 0.999998 -0.000159206 -0.0221604 0.00106677 0.000157837 1 0.849833
1 0.000689434 -0.000225978 -0.00726046 -0.000689314 0.999999 0.00025896 -0.0203706 0.000227931 -0.000260049 0.999999 0.862104
0.999997 0.000522027 0.000388797 0.0051157 -0.00052205 1 -0.000120173 -0.00741117 -0.000390612 0.000121209 1 0.853709
0.999996 -0.00360894 -0.000223764 -0.00544917 0.00360921 0.999993 0.000783677 -0.0111913 0.000222722 -0.00078573 0.999999 0.848644
0.999992 -0.00356601 -0.000335846 0.000250825 0.00356646 0.999992 0.00193714 -0.00933407 0.00032711 -0.00193708 0.999999 0.85872
1 0.000265763 -0.000870097 -0.00211262 -0.000266127 0.999999 -0.000408033 -0.0129696 0.000871777 0.000407015 0.999999 0.836996
0.999997 -0.00100222 0.000430741 -0.0113155 0.00100276 0.999999 -0.00136576 -0.0043236 -0.000431106 0.00136743 1 0.817265
0.99999 0.0048126 -0.00149265 -0.00542213 -0.00481358 0.999989 -0.000684814 -0.0251628 0.00149095 0.0006908 1 0.84918
0.999996 0.000972895 -0.00116526 -0.0110368 -0.000970075 0.999996 0.00248636 -0.00506374 0.00116608 -0.00248406 0.999996 0.798001
0.999995 0.00417574 0.000435509 -0.00754561 -0.00417641 0.99999 0.00182379 -0.00431839 -0.000426345 -0.0018267 0.999999 0.83411
0.99999 0.00371336 0.000811016 -0.00323166 -0.00371193 0.99999 -0.00184592 -8.51817e-05 -0.000819354 0.00184406 0.999997 0.814469
0.999997 0.00288319 0.00204289 -0.00684043 -0.00287564 0.99999 -0.00364972 -0.00921398 -0.00205186 0.00364265 0.999992 0.814274
0.999996 0.00144297 -0.000257951 -0.00769511 -0.00144357 0.999996 -0.00191195 -0.00717217 0.000253609 0.00191354 0.999998 0.827028
1 -0.000800614 -0.000346995 -0.00735948 0.000800518 1 -0.000612781 -0.0207264 0.000349126 0.000611282 1 0.823969
0.999996 -0.0010893 0.00107801 -0.000814319 0.00108849 0.999999 0.000685364 -0.0118483 -0.00108041 -0.000682983 0.999999 0.829175
1 -0.00191748 0.000266014 -0.0134614 0.0019176 0.999999 -5.97374e-05 -0.00438286 -0.000264181 5.89784e-05 1 0.80604
0.999996 -0.00133504 0.000135459 -0.0129858 0.00133537 0.999996 -0.00217889 -0.0129802 -0.000134292 0.00218035 0.999998 0.766187
1 -0.000647618 3.93592e-05 -0.0002222 0.000647623 1 0.000151462 -0.00622765 -3.75878e-05 -0.000152868 1 0.811687
0.999997 -1.7446e-05 0.00173172 -0.00119788 1.6804e-05 1 0.000430421 -0.00591218 -0.00173367 -0.00042918 0.999999 0.811027
1 -1.00481e-05 0.000849283 -0.0123583 9.08406e-06 1 0.000830187 -0.00813907 -0.000847304 -0.000831366 0.999999 0.726661
0.999996 -0.000514683 0.00243069 -0.00673125 0.000516375 1 -0.000603141 -0.0212184 -0.00243235 0.000605467 0.999999 0.779106
0.999996 0.000652536 0.00314972 -0.0075762 -0.000646657 0.999998 -0.00194439 -0.0224552 -0.00314903 0.00194129 0.999991 0.783454
0.999996 0.00112878 0.00227089 -0.00273206 -0.00112469 0.999998 -0.00168367 -0.00458431 -0.00227472 0.00168213 0.999998 0.780366
0.999994 -0.000585256 0.00374014 -0.00361646 0.000584529 1 0.000143644 -0.0088395 -0.00373837 -0.000142497 0.999991 0.798355
0.999996 -0.000668338 0.00224538 -0.00149124 0.000666326 0.999999 0.000999737 -0.0133639 -0.00224792 -0.000997205 0.999999 0.779823
0.999996 -0.00108944 0.00298189 -0.00989944 0.00108992 0.999999 -0.000227979 -0.0102656 -0.00297976 0.00023015 0.999994 0.765976
0.999993 0.0030945 0.00171458 -0.0156186 -0.00308811 0.999989 -0.00357082 -0.0070538 -0.00172747 0.00356658 0.999994 0.784963
0.999999 0.000311285 0.00223139 -0.0222186 -0.00029453 0.999971 -0.00761729 -0.010521 -0.00223185 0.00761557 0.999967 0.791234
0.999988 -0.00325891 0.00328404 -0.00488455 0.00326613 0.999993 -0.00213577 -0.0039667 -0.00327894 0.00214753 0.999994 0.773447
0.999998 -0.00157629 0.00192447 -0.0075182 0.00157141 0.999996 0.00244463 -0.00431629 -0.00192641 -0.00244266 0.999994 0.762589
0.999992 0.000237121 0.00377411 -0.0132215 -0.000262103 0.999977 0.00667284 -0.00190476 -0.00377435 -0.00667273 0.999972 0.775453
1 0.000334669 0.00109128 -0.0181235 -0.000336367 1 0.00134601 -0.0112218 -0.00108892 -0.00134733 0.999997 0.796203
0.999996 0.00147832 0.00246021 0.00098466 -0.00147375 0.999997 -0.00171871 -0.00643187 -0.00246473 0.00171605 0.999998 0.764949
0.999995 0.00234444 0.00214346 -0.0043279 -0.00233855 0.999993 -0.00293849 -0.0138785 -0.00214837 0.00293248 0.999991 0.765589
0.999997 -0.000733898 0.0022397 0.0169365 0.000740638 0.999995 -0.0028314 -0.00890335 -0.00223954 0.00283398 0.999996 0.76579
0.999995 -0.00244822 0.00222129 0.00804438 0.00245282 0.999995 -0.00221756 -0.0193771 -0.00221391 0.0022221 0.999992 0.739096
0.999999 -0.000196442 0.00126979 0.00568928 0.000202982 0.999987 -0.00489158 -0.00974237 -0.00127083 0.00489278 0.99999 0.772983
0.999995 0.00204243 0.00270119 0.00306351 -0.00203862 0.999998 -0.00151196 0.00584781 -0.00270219 0.00150548 0.999993 0.757409
0.999997 -0.00142105 0.00198594 -0.00487225 0.00141734 0.999996 0.00203956 -0.00652036 -0.00199088 -0.00203579 0.999999 0.754776
0.999988 -0.00287714 0.00407888 0.00527066 0.00286149 0.999991 0.00377227 -0.0125242 -0.0040876 -0.00376152 0.999982 0.762689
0.999987 0.00020466 0.00498348 0.00771337 -0.000213569 0.999997 0.00184444 -0.0146817 -0.00498516 -0.00184456 0.999989 0.76279
0.999979 -0.000123263 0.00656936 -0.00295865 0.000119302 1 0.000595061 0.000427428 -0.00656731 -0.000595203 0.999976 0.734503
0.99996 0.000452595 0.00894225 -0.000996342 -0.000454699 0.999999 0.000259101 -0.00789975 -0.00894432 -0.000262207 0.999963 0.730398
0.999951 0.000471075 0.00983833 -0.0039143 -0.000461016 1 -0.00104898 0.000354204 -0.00983654 0.00104349 0.999948 0.759708
0.999922 -0.000246004 0.012495 0.00585052 0.000250644 0.999999 -0.00034866 -0.00982081 -0.0124972 0.000352684 0.999925 0.741591
0.999922 -0.000478981 0.0125142 -0.00171155 0.000488555 1 -0.000781321 -0.00541559 -0.0125116 0.000786489 0.999918 0.719804
0.999913 -0.00174557 0.0130743 0.00439095 0.00173468 0.999997 0.00086395 -0.00167953 -0.013078 -0.000840304 0.999917 0.727501
0.999931 -0.000594752 0.0118018 0.00753786 0.000590566 1 0.000342667 -0.00280059 -0.0117998 -0.000336513 0.999928 0.734891
0.999934 -0.00411987 0.0105794 0.00720862 0.00411593 0.999991 0.000419387 -0.0172361 -0.0105832 -0.000374995 0.999947 0.724963
0.999942 -0.00495883 0.0096947 0.0198118 0.00495066 0.999988 0.000850525 -0.00905174 -0.00969667 -0.000803239 0.99995 0.71779
0.999972 -0.0025839 0.00682345 0.0233198 0.00258804 0.999996 -0.000569733 -0.00865209 -0.00682409 0.000588125 0.999979 0.72058
0.999977 0.000980351 0.00694831 0.00185592 -0.000980591 1 1.39838e-05 -0.00545878 -0.00694606 -2.14489e-05 0.999973 0.717479
0.999985 -0.00271844 0.00442447 0.0131103 0.00270868 0.999993 0.00223346 -0.00352306 -0.00443284 -0.00222082 0.99999 0.696807
0.999986 -0.00493329 0.00254663 0.013153 0.00492562 0.999984 0.00298036 -0.00508967 -0.00255896 -0.00296841 0.99999 0.733777
0.999994 -0.00318851 0.000919679 0.0104848 0.0031865 0.999992 0.0025014 -0.0157127 -0.000929923 -0.00249789 0.999999 0.709153
