0.999991 -0.00253367 -0.00300822 -0.00477469 0.00252881 0.999996 -0.00161709 -0.00209254 0.00301235 0.00160938 0.999994 0.687614
0.999995 0.000134253 -0.00374958 -0.00700331 -0.000135603 0.999999 -0.000363355 0.0019706 0.00374953 0.000363926 0.999993 0.693747
0.999991 -9.92108e-05 -0.00387675 -0.00496467 9.54836e-05 1 -0.00095938 -0.0101528 0.0038769 0.00095892 0.999991 0.750193
0.999991 0.000559432 -0.00468927 -0.0111782 -0.000559306 0.999999 4.5678e-05 -0.000751388 0.0046893 -4.29504e-05 0.999991 0.727059
0.999988 -0.00131383 -0.00453945 -0.0109017 0.00131199 1 -0.000419043 -0.0130783 0.00453997 0.000412915 0.999989 0.755357
0.999991 0.00097607 -0.00437906 -0.0118969 -0.000977241 0.999999 -0.000263532 0.000985209 0.00437889 0.00026798 0.999992 0.759
0.999982 0.00283056 -0.00517157 -0.0189233 -0.00283787 0.999996 -0.00140279 -0.0294752 0.00516748 0.00141723 0.999985 0.79034
0.99999 0.00136377 -0.00441864 0.00068097 -0.0013567 0.999997 0.00160806 -0.0242848 0.00442086 -0.00160183 0.99999 0.824128
0.999992 0.000354826 -0.00428474 -0.0072272 -0.000351958 1 0.000668348 -0.0037596 0.00428497 -0.000667009 0.999991 0.800388
0.999994 0.000201295 -0.00341616 -0.000130105 -0.000198678 0.999999 0.000768725 -0.00730542 0.00341637 -0.000767806 0.999994 0.80802
0.999995 -0.00297608 -0.000960938 -0.00696021 0.00297574 0.999996 -0.000301828 0.0362337 0.000961717 0.000298656 1 0.819162
0.999999 0.000197977 -0.00224036 -0.00470944 -0.00019813 0.999999 -7.13069e-06 0.000893815 0.0022402 7.74159e-06 0.999999 0.823032
0.999996 -0.00105236 -0.00217722 0.00591207 0.0010516 1 -0.000383095 0.0025814 0.00217779 0.000380638 0.999996 0.840895
0.999999 -0.00111844 -0.0021042 -0.0026095 0.00111935 0.999999 0.000512457 0.00972297 0.00210348 -0.000514644 1 0.848758
0.999998 -0.00087661 -0.000969132 -0.00328379 0.000877189 0.999999 0.000560445 -0.0235412 0.000968686 -0.000561515 0.999999 0.857776
1 0.00150908 -0.00169333 -0.00563327 -0.00151101 0.999998 -0.00112512 -0.00201803 0.00169152 0.00112782 1 0.857108
0.999998 -0.000145304 -0.000963973 -0.00485676 0.000143054 0.999998 -0.00234889 0.00165925 0.000964468 0.00234861 0.999996 0.878069
0.999997 0.00297727 -0.000511669 -0.0150841 -0.00297808 0.999994 -0.00151741 0.00118143 0.000506992 0.00151904 0.999999 0.88231
0.999998 0.000189362 -0.00173608 -0.00688653 -0.000188015 1 0.000737059 -0.0039981 0.0017364 -0.000736898 0.999999 0.891991
0.999999 -0.00141013 -0.00073032 0.0114379 0.00141069 0.999997 0.000830119 -0.0065147 0.000728974 -0.000831076 0.999999 0.921862
0.999999 8.03123e-06 0.00105664 -0.000980163 -8.69236e-06 1 0.000665497 -0.00711516 -0.00105645 -0.000665634 1 0.929617
1 -5.38934e-05 -0.00108903 -0.00609174 5.54273e-05 0.999998 0.00144205 -0.0167083 0.00108875 -0.00144203 0.999998 0.908213
1 0.000805721 -0.000567376 -0.000795546 -0.000806169 1 -0.000753302 0.00468649 0.000566949 0.000753642 1 0.900372
0.999998 -0.00136605 -0.000853583 -0.00599337 0.0013658 0.999999 -0.000303005 -0.00605134 0.000853844 0.000301904 0.999998 0.930109
1 -0.00044666 -0.00060427 0.000234412 0.000447349 0.999999 0.00129511 -0.00704893 0.000603961 -0.00129537 1 0.921163
0.999998 0.000779403 0.00110373 -0.0120749 -0.000782546 0.999995 0.00295543 0.00267033 -0.00110164 -0.00295631 0.999994 0.928618
1 6.24465e-05 -9.73885e-05 -0.00437038 -6.22588e-05 0.999994 0.00352844 -0.0078291 9.78318e-05 -0.00352841 0.999995 0.938674
0.999997 -0.00052587 0.00155089 0.00266185 0.000522529 0.999997 0.00226776 -0.0100027 -0.00155224 -0.00226694 0.999994 0.940626
0.999997 -0.000283122 0.00292125 0.00206903 0.000280323 1 0.000895478 -0.00275065 -0.00292133 -0.000894673 0.999998 0.949641
0.999995 -3.93687e-05 0.00280944 -0.00335097 4.64055e-05 0.999997 -0.00244367 -0.0290475 -0.00280955 0.00244384 0.999991 0.93356
0.999998 -0.000124962 0.00268842 -0.00322334 0.000137046 0.99999 -0.00459377 -0.0103427 -0.00268756 0.00459402 0.999988 0.966082
1 -0.000293402 0.000600471 0.00241588 0.000294475 0.999998 -0.00137503 -0.00993946 -0.000600249 0.00137538 0.999997 0.959916
0.999998 -0.00195855 0.000826424 -0.00349251 0.00195717 0.999998 0.00125415 -0.0107761 -0.000828651 -0.00125271 1 0.973464
0.999997 -0.000808654 0.00213396 0.00043574 0.000799682 0.999989 0.00437012 0.00329656 -0.0021377 -0.00436827 0.999985 1.01794
0.999993 -0.00398334 -0.000127578 -0.00576976 0.00398317 0.999992 0.00193959 0.0162962 0.000120081 -0.00194023 1 1.01055
0.999976 -0.00703314 -0.000716929 0.00640007 0.0070342 0.999973 0.000836434 -0.00653343 0.000710928 -0.000841361 0.999997 0.9779
0.999999 0.00131658 -0.000374695 -0.000723935 -0.00131758 1 -0.00137825 -0.0117074 0.000372967 0.00137864 1 0.979021
0.999999 0.000991654 -0.00211519 -0.00410731 -0.000993034 0.999998 -0.000843604 0.00860377 0.00211429 0.000845812 0.999999 0.976752
0.999996 -0.00103581 -0.00164843 0.000403532 0.00103318 1 -0.00131371 0.0222568 0.00164983 0.00131188 0.999997 1.02926
1 -4.64526e-05 0.00104059 0.0122177 4.51213e-05 0.999997 0.00177949 -0.00113641 -0.00104067 -0.0017794 0.999999 1.03461
0.999996 0.000824111 -0.00193296 -0.0102597 -0.000822857 1 0.000915784 0.00561749 0.00193369 -0.000914248 0.999998 0.994501
1 0.000557903 0.00064187 -0.00207314 -0.000557524 0.999999 0.000190099 -0.0258839 -0.000641747 -0.00019046 1 1.04158
0.999998 0.000689186 -0.00155463 -0.00125985 -0.000687055 0.999998 0.00175171 -0.00121653 0.00155593 -0.00175057 0.999998 0.994632
1 -0.00097129 -0.000118088 -0.000582092 0.000972127 0.999998 0.0014844 -0.00341161 0.000116538 -0.00148461 0.999999 1.00958
0.999999 0.000685692 0.000440148 -0.00971681 -0.000686588 1 0.000363337 0.0178588 -0.000439671 -0.000363557 1 1.01224
1 0.000231732 -0.000924538 -0.00744896 -0.000230869 0.999998 0.000139815 -0.0156708 0.000924453 -0.000139727 0.999999 0.984924
1 0.000967903 -0.000178398 0.0013667 -0.000968592 1 0.000127385 -0.0116796 0.000178735 -0.000127073 1 0.993501
0.999999 0.00182102 0.000724023 -0.0109094 -0.00181953 0.999996 -0.00100566 -0.00899144 -0.000726067 0.00100413 0.999999 1.00109
0.999999 0.000208706 -0.00154581 -0.00187393 -0.000208313 1 0.000805506 -0.0093699 0.00154607 -0.00080503 1 0.97893
0.999992 -0.00365677 -0.00164426 0.00595322 0.00366016 0.999992 0.00160895 -0.000242403 0.00163827 -0.00161502 0.999994 1.02644
1 0.00050913 -0.000204208 -0.00589628 -0.000509644 1 0.000930482 -0.00711597 0.00020487 -0.000930414 1 0.997309
0.999999 0.00169204 -0.000698193 -0.00861042 -0.00169223 0.999997 -0.0012106 -0.0039603 0.000695935 0.00121185 0.999995 0.968101
0.999995 0.00286333 -1.71799e-05 -0.0168564 -0.00286403 0.999987 -0.00440073 -0.00335595 4.79561e-06 0.00440071 0.999994 1.022
1 -3.04331e-05 -0.0010349 -0.00444797 3.15161e-05 1 0.000428745 0.0013069 0.00103476 -0.000428734 0.999997 0.971861
0.999998 6.32682e-05 0.00121067 -0.0127973 -6.69517e-05 0.999997 0.00253319 -0.00230771 -0.00121038 -0.00253332 0.999999 0.995891
1 -0.000277949 0.000872762 -0.00337849 0.000273759 0.999987 0.00538211 -0.0286628 -0.000874416 -0.00538186 0.999985 0.978179
0.999996 -0.000623781 0.000193856 0.00508725 0.000623175 0.999998 0.000599053 0.00624018 -0.000194071 -0.000598968 1 0.98225
1 -0.00018336 0.000131505 -0.000457341 0.00018375 1 0.000532062 0.00101894 -0.000131619 -0.000532067 1 0.960568
0.999991 -9.16565e-05 0.00325851 -0.0151856 9.36866e-05 0.999999 -0.000787058 -0.0123595 -0.00325843 0.000787421 0.999994 0.957867
1 -0.000589427 0.0023003 -0.0151364 0.000588489 1 0.000633032 -0.00552042 -0.00230065 -0.000631852 0.999998 0.932471
0.999995 -0.00217838 0.00051445 0.0022528 0.00217624 0.999993 0.00307275 -0.00829905 -0.000521188 -0.00307159 0.999996 0.953532
0.999998 -0.00249305 0.00188827 0.00113061 0.00248922 0.999994 0.0023123 -0.0159094 -0.00189397 -0.00230757 0.999995 0.942522
0.999993 -0.00223346 0.00157583 0.00541635 0.00223378 0.999997 -0.000565314 -0.0148784 -0.00157466 0.000568816 0.999999 0.958591
1 -0.000209254 0.0012112 -0.0036529 0.000207772 0.999998 0.00175291 -0.00240196 -0.0012115 -0.00175287 0.999998 0.931014
0.99999 0.00263621 -0.00249353 -0.00850899 -0.00265254 0.999978 -0.00628198 -0.00923541 0.00247688 0.00628869 0.999978 0.923809
1 0.00121644 -0.000801302 -0.00803677 -0.00121764 0.999996 -0.00232434 -0.0187036 0.000798434 0.0023251 0.999997 0.921976
0.99999 0.00367574 0.000658609 -0.0104675 -0.00367662 0.999993 0.000287567 0.00567553 -0.00065748 -0.000289864 1 0.902225
1 0.00179387 -0.00144943 -0.000541999 -0.00179074 0.999997 0.00167065 -0.00673382 0.00145245 -0.00166811 0.999998 0.925353
0.999991 0.00328407 0.00106907 -0.00631402 -0.00328631 0.999993 0.00143309 -0.00434045 -0.00106435 -0.00143657 0.999998 0.92988
0.999999 0.00269911 0.00163161 -0.00129658 -0.00269595 0.999996 -0.00154347 -0.0159257 -0.00163574 0.00153906 0.999998 0.895371
0.999995 0.00170037 -0.000955627 0.000722442 -0.00170106 0.999998 -5.78191e-05 -0.0136518 0.000955517 5.94492e-05 0.999999 0.908344
1 0.00121151 0.000150157 -0.00199725 -0.00121104 0.999999 0.000900511 -0.0206901 -0.000149016 -0.000900707 1 0.859941
0.999995 0.000352144 -0.00204933 -0.00383096 -0.000352156 0.999999 0.0002977 -0.0135743 0.00204934 -0.000297091 0.999997 0.822679
1 0.00109723 -0.00145059 -0.00418264 -0.00109542 1 0.000809302 -0.0203572 0.0014516 -0.0008075 1 0.816233
0.999995 0.0006885 0.000320492 -0.00151663 -0.000689737 0.999998 0.00184655 -0.0138054 -0.000319363 -0.001847 0.999997 0.849373
1.00001 5.8212e-05 -0.0017941 -0.00902691 -5.56073e-05 1 0.00105412 -0.011381 0.00179425 -0.00105382 1 0.788957
0.999991 0.00120629 -0.00149201 -0.00258098 -0.00120672 0.999999 0.000230262 -0.0116358 0.00149229 -0.0002286 0.999996 0.777059
1 0.00315358 -0.000867687 -0.0103649 -0.00315533 0.999991 -0.00301482 -0.00528467 0.000858162 0.00301771 0.999998 0.797047
0.99999 0.0014487 -0.00253916 -0.0185197 -0.00146325 0.999984 -0.00539679 -0.00542824 0.00253134 0.00540036 0.99998 0.754856
1.00001 0.000584455 -0.000443485 0.0026732 -0.000585899 0.999987 -0.00524385 -0.0244199 0.000440348 0.0052442 0.999989 0.738003
0.999994 -0.000562995 -0.00138423 -0.0117924 0.00056234 1 0.000262288 0.00571847 0.00138405 -0.000263236 0.999998 0.691132
1 0.00106918 -0.000640068 -0.00829205 -0.00106693 0.999998 0.001894 -0.0131328 0.000642237 -0.00189321 1 0.683171
0.999995 -8.16159e-05 -0.000586437 -0.0021616 8.09031e-05 1 0.000472341 -0.00646913 0.000586221 -0.0004726 0.999999 0.659216
1 -0.00157579 -0.00106634 0.00390048 0.0015738 0.999995 -0.00281503 -0.0208783 0.00107096 0.00281356 0.999996 0.652441
0.99998 -0.00550001 0.000516151 0.00587366 0.00550139 0.999973 -0.00479145 -0.0361022 -0.000489954 0.00479392 0.999988 0.625446
0.999999 -0.00296953 0.00165611 0.000967242 0.00297822 0.999985 -0.00464835 0.00715396 -0.0016421 0.00465358 0.999989 0.616516
0.999988 0.00264378 0.00255448 -0.00379319 -0.00264448 0.999997 -0.000108756 -0.0168238 -0.00255489 0.000101682 0.999996 0.594396
0.999998 0.000471924 0.00389521 -0.00947358 -0.000475976 0.999999 0.00128558 -0.000400819 -0.00389446 -0.00128713 0.999994 0.567215
0.999981 -0.00046637 0.0052626 0.000789837 0.00046135 1 0.000766319 -0.0176392 -0.00526297 -0.000764102 0.999984 0.562315
0.999994 -0.000389773 0.00483233 0.00936418 0.000388131 0.999999 0.000550685 -0.0106982 -0.00483246 -0.000548589 0.999991 0.538662
0.999958 -0.00323259 0.00788759 0.0111679 0.00320837 0.999991 0.00294752 -0.0148245 -0.00789714 -0.00292234 0.999963 0.561271
0.999958 0.00198149 0.00977093 0.00656213 -0.00196103 0.999996 -0.00198399 0.00389614 -0.00977464 0.00196494 0.999953 0.50481
0.999885 7.8403e-06 0.0147057 -0.000761731 -1.27644e-05 1 0.000250385 0.00848247 -0.0147057 -0.00025071 0.99989 0.500414
0.999831 0.000570575 0.0188382 0.00287033 -0.00057986 1 0.000551562 -0.0053674 -0.0188377 -0.000562191 0.999827 0.497335
0.999761 -0.000529599 0.0214689 0.0174539 0.000508216 1 0.000945616 -0.0113816 -0.0214696 -0.000934639 0.999765 0.484039
0.999645 -0.00284976 0.0268305 0.0221003 0.00282253 0.999995 0.00109761 0.000196264 -0.0268333 -0.00102135 0.999644 0.487247
0.999574 0.000234421 0.0288859 0.0205354 -0.000277204 0.999999 0.00143808 0.00693168 -0.0288857 -0.00144565 0.999577 0.463941
0.999455 0.000157373 0.0332965 0.0251909 -0.000210375 0.999998 0.00162236 -0.00615211 -0.033296 -0.00162827 0.999449 0.467303
0.999275 -0.000388205 0.0378324 0.0234835 0.000350169 1 0.000982253 -0.00374492 -0.0378329 -0.00096849 0.999279 0.47221
0.999169 0.00112619 0.0409705 0.0381229 -0.00114237 0.999999 0.000399486 -0.00668327 -0.0409699 -0.000445779 0.999165 0.449476
0.998924 0.00101131 0.0461702 0.0339181 -0.00105015 1 0.000791455 -0.0335572 -0.0461695 -0.000839258 0.998929 0.453311
0.998727 5.97597e-05 0.0506226 0.030334 -4.83278e-05 0.999999 -0.000201553 0.00654015 -0.0506225 0.000198965 0.998723 0.429793
0.998494 0.000791578 0.0546944 0.0431863 -0.000737307 1 -0.00103596 -0.0107444 -0.0546951 0.000994013 0.998499 0.407796
0.998296 -0.000577346 0.0585059 0.0445501 0.000603818 0.999998 -0.000411936 -0.00341626 -0.0585056 0.000446593 0.998291 0.423531
0.998087 0.000756838 0.061683 0.0394027 -0.000733276 1 -0.000426689 -0.00413937 -0.0616832 0.000380694 0.998091 0.404389
0.997922 0.00149023 0.0645489 0.0342945 -0.00146335 0.999998 -0.000442707 -0.0109065 -0.0645496 0.000347319 0.997918 0.400054
0.997826 -0.00173649 0.0657414 0.0520552 0.00177866 0.999999 -0.000603487 -0.00877174 -0.06574 0.000719091 0.997833 0.40408
0.997891 -0.000378593 0.0650564 0.0547963 0.000379119 0.999999 2.59809e-05 -2.97246e-05 -0.0650566 -1.23998e-06 0.997886 0.371236
0.997902 -0.000202819 0.0646213 0.0541221 0.000190074 1 0.000181784 0.000534529 -0.0646212 -0.000169127 0.997907 0.3902
0.997922 0.00282588 0.0645027 0.0380876 -0.0030273 0.99999 0.00304688 -0.00902734 -0.0644937 -0.00323575 0.997916 0.379681
0.997965 -0.000105993 0.0636377 0.052983 2.47429e-05 1 0.00125589 -0.00915836 -0.0636374 -0.00125185 0.99797 0.381696
0.998104 -0.00239906 0.0616285 0.0575424 0.00236835 0.999996 0.00059367 0.00350404 -0.0616299 -0.000446505 0.998101 0.389328
0.998223 -0.00439554 0.0592996 0.0527188 0.00439929 0.999991 4.32627e-05 -0.0030859 -0.059299 0.000217623 0.998238 0.372629
0.998391 0.00119588 0.0568435 0.0425281 -0.00112537 0.999998 -0.00124819 0.00597386 -0.0568452 0.00118229 0.998385 0.381696
0.998458 0.00301669 0.0552863 0.0497232 -0.00295408 0.999995 -0.00123733 0.0130479 -0.0552895 0.0010721 0.998467 0.365951
0.998673 0.000663183 0.0516686 0.0257807 -0.000633926 0.999999 -0.000556405 -0.0155672 -0.0516691 0.000522933 0.998668 0.368529
0.998863 -0.00462993 0.0472855 0.0534669 0.00461491 0.99999 0.000398524 -0.0033754 -0.0472868 -0.000179939 0.998878 0.391334
0.999016 -0.0114948 0.0430413 0.0606354 0.011367 0.99993 0.00324688 -0.0135037 -0.0430756 -0.00275428 0.999072 0.370994
0.999255 -0.00476305 0.0380851 0.0455892 0.00471172 0.999988 0.00140271 0.00731248 -0.0380914 -0.00122233 0.99927 0.377946
0.999387 0.00299718 0.0351404 0.0118132 -0.00291819 0.999993 -0.00226158 0.0139669 -0.0351469 0.00215776 0.999384 0.387532
0.999423 0.0087701 0.0325716 0.00736271 -0.00863591 0.999954 -0.00429543 -0.000564114 -0.0326078 0.00401159 0.999456 0.374631
0.999562 0.00420523 0.0295684 0.00278449 -0.00412443 0.999988 -0.00274987 0.000992181 -0.0295794 0.00262682 0.999563 0.405011
0.999638 0.000589018 0.0265789 0.0145915 -0.000564351 1 -0.000984038 -0.0191714 -0.0265796 0.000968568 0.999643 0.408505
0.999706 -0.00552931 0.0239872 0.0355083 0.00557789 0.999982 -0.00189773 0.00307928 -0.0239761 0.00203107 0.999714 0.409674
0.999752 -0.00377727 0.021546 0.0328369 0.00388161 0.999981 -0.004871 0.00100247 -0.0215274 0.00495336 0.999752 0.418853
0.999801 -0.000343426 0.0203884 0.018382 0.000472294 0.999979 -0.00624383 0.0227106 -0.0203856 0.00625231 0.999776 0.435981
0.999829 0.00104507 0.0179827 0.0167115 -0.00103223 1 -0.000808992 0.00533211 -0.0179837 0.000790119 0.999834 0.441125
0.999879 0.00122958 0.016063 0.0127658 -0.00128135 0.999993 0.00331118 -0.00460378 -0.0160587 -0.00333112 0.999869 0.465824
0.999869 -0.00242795 0.0154773 0.00624003 0.00239161 0.999996 0.00226551 -0.00779755 -0.0154829 -0.00222841 0.999874 0.483277
0.999922 -0.000720218 0.0131869 0.0156461 0.00070556 0.999998 0.0012402 -0.00349654 -0.0131876 -0.00123059 0.999915 0.487994
0.999901 -0.00466054 0.0126101 0.0134999 0.00465075 0.99999 0.000668046 -0.00893665 -0.0126133 -0.000609534 0.999918 0.496945
0.999949 -0.00417039 0.0101526 0.0181171 0.00418523 0.99999 -0.00125007 0.0142683 -0.0101471 0.0012928 0.999951 0.520796
0.999949 -0.00330014 0.00853988 0.0184875 0.00330651 0.999995 -0.000957578 0.00566308 -0.00853687 0.000985465 0.99996 0.550627
0.999988 -0.000978845 0.006523 0.0019065 0.000981199 0.999999 -6.63655e-05 0.00191867 -0.00652285 7.30692e-05 0.999982 0.554362
0.999976 -0.000490774 0.0054007 -0.00153026 0.000492416 1 -0.000653892 0.0105573 -0.00540053 0.000656194 0.999982 0.558793
0.999993 -0.000180412 0.00587902 -0.0029622 0.000183561 1 -0.000197221 0.00144454 -0.00587891 0.000198706 0.999986 0.588658
0.999968 -0.00201099 0.0063384 -0.00789518 0.0020063 0.999998 0.000432439 -0.00397773 -0.00633934 -0.000420093 0.999976 0.617687
1 0.00157955 0.00386656 -0.00228338 -0.00157357 0.999998 -0.00105077 -0.00839507 -0.00386812 0.00104508 0.999996 0.609853
0.99998 0.00182277 0.00421889 0.00509809 -0.00182961 0.999998 0.00118938 -0.0106025 -0.00421687 -0.00119734 0.999987 0.639989
0.999997 -0.000363236 0.00514436 -0.0128044 0.00037195 0.999999 -0.00133276 0.00961192 -0.00514375 0.00133496 0.999989 0.653134
0.999986 -0.0028744 0.00144524 0.00755138 0.00287181 0.999996 0.000500837 -0.0137591 -0.00144691 -0.000496936 0.999996 0.674905
1.00001 -0.00117947 -0.000476539 0.000652055 0.00118134 0.999999 0.000208269 -0.00231777 0.00047645 -0.000208715 1 0.695379
0.99999 -0.000951 -1.46224e-05 0.0347729 0.000949265 0.999999 -0.000529615 0.0112892 1.49875e-05 0.000529444 0.999997 0.700209
1.00001 -0.00130298 -0.000728633 -0.0202109 0.00130425 0.999999 -0.0005211 -0.00246075 0.000729471 0.000520235 1 0.716988
0.999984 -0.00203367 -0.00288219 0.0081414 0.00202946 0.999997 -0.000917445 -0.0179083 0.00288398 0.000911525 0.999992 0.734036
1 -0.00128133 -0.00370861 -0.00529438 0.00128325 0.999999 0.000103162 -0.00684934 0.00370859 -0.000107815 0.999996 0.755066
0.999987 -0.000237767 -0.0026176 -0.0125164 0.000237175 1 0.000378911 -0.000911415 0.00261734 -0.000379616 0.999994 0.808681
1 0.00183766 -0.00309627 -0.00255639 -0.00183083 0.999997 0.00168539 0.00391078 0.00309953 -0.00167953 0.999997 0.806753
0.999973 0.00401172 -0.0043277 -0.0219737 -0.00400747 0.999991 0.00138401 -0.00381914 0.0043328 -0.00136685 0.999987 0.786483
1 0.0023883 -0.00324664 -0.00253063 -0.00238788 0.999997 -0.000354213 -0.00859566 0.00324623 0.000362332 0.999998 0.807897
0.99998 0.00173826 -0.00428443 -0.0184252 -0.00174941 0.999996 -0.00221191 -0.00660877 0.00427995 0.00221889 0.999987 0.794501
1 0.00405275 -0.00157224 -0.0234637 -0.00405794 0.999982 -0.00440898 -0.00439569 0.00155506 0.00441584 0.999992 0.80955
0.999984 0.00269276 0.00223717 6.91264e-05 -0.00268884 0.999993 -0.00253996 -0.00978546 -0.0022447 0.00253346 0.999992 0.842053
1.00001 0.0014297 -0.000145322 -0.0068413 -0.00142767 0.999999 0.00118701 -0.00857407 0.000147733 -0.00118636 1 0.830132
0.99999 -0.000356014 -8.79719e-05 -0.00562313 0.000354206 0.999999 0.001047 -0.0105367 8.69058e-05 -0.00104741 0.999998 0.823757
1.00001 0.000633058 0.00242281 -0.00609269 -0.000632782 1 0.00065438 -0.00893147 -0.00242164 -0.000655544 0.999998 0.832791
0.999988 0.00118222 0.00158225 -0.001937 -0.0011828 0.999998 -0.000826528 -0.00418472 -0.0015839 0.000824264 0.999997 0.840284
1.00001 0.000226603 0.000449328 -0.0142031 -0.000224411 1 -0.000529862 -0.0211752 -0.000448791 0.000530111 1 0.833166
0.999988 0.00197837 0.000984302 -0.00521072 -0.00198011 0.999997 -0.00035892 -0.0030822 -0.0009856 0.000356591 0.999999 0.829803
1 0.0029316 0.0014133 -0.0143054 -0.00292949 0.999996 -1.64462e-05 -0.00616953 -0.0014127 1.26129e-05 0.999999 0.807827
0.999979 0.0024734 0.00436136 -0.0117622 -0.00247543 0.999996 -1.0947e-05 -0.00192845 -0.00436196 -3.59844e-08 0.999991 0.838323
1 0.00199387 0.00378793 -0.00919449 -0.00199778 0.999998 0.00156438 -0.000609594 -0.00378421 -0.00157178 0.999992 0.812012
0.999964 0.0022996 0.00681407 -0.00837617 -0.00231212 0.999995 0.00152349 -0.00472296 -0.00681109 -0.00153941 0.999975 0.84168
0.999974 0.00390847 0.00752553 -0.0107504 -0.00391873 0.999992 0.001628 -0.0237178 -0.00751854 -0.00165722 0.999972 0.830957
0.999961 0.00121604 0.00766273 -0.00435493 -0.00122412 0.999998 0.000770091 -0.0174634 -0.00766232 -0.000779666 0.99997 0.823868
0.999968 0.00103511 0.00900663 0.00398342 -0.00103284 1 -1.30347e-05 -0.00616191 -0.00900631 4.01824e-06 0.99996 0.803632
0.999919 -0.000247549 0.0119596 -9.1562e-05 0.000253244 0.999998 -0.000654056 -0.0149954 -0.0119598 0.000656706 0.999928 0.816453
0.999966 9.00794e-05 0.00928238 0.0053674 -9.37887e-05 1 0.000637359 -0.00367279 -0.00928186 -0.000637763 0.999957 0.792496
0.999922 0.000383833 0.0118023 0.000266134 -0.000399873 0.999999 0.00117573 -0.000276885 -0.0118023 -0.00118081 0.99993 0.805975
0.999953 0.000289999 0.0105883 0.0100235 -0.000297694 1 0.000924366 -0.0169517 -0.0105876 -0.000927006 0.999944 0.802335
0.99993 -0.000203157 0.0111065 0.005252 0.00019368 1 0.000659492 -0.00620451 -0.011107 -0.000657743 0.999939 0.78531
0.999939 0.00033515 0.0117907 0.00595465 -0.00033169 1 -0.000109773 -0.00601484 -0.0117904 0.000106286 0.99993 0.786299
0.999936 0.00239091 0.0102387 0.0216759 -0.00238709 0.999997 -0.000601982 0.0086657 -0.0102405 0.000577061 0.999948 0.814137
0.999953 0.000284783 0.0105362 0.00398847 -0.00028406 1 0.000141455 -0.00914555 -0.0105359 -0.000144049 0.999945 0.769837
0.999938 -0.000374675 0.0103586 0.00556166 0.00037515 1 -0.00025039 -0.0137416 -0.0103587 0.000253917 0.999947 0.762604
0.99997 0.000513694 0.00873142 0.0319072 -0.000506098 1 -0.000628392 -0.00384969 -0.00873149 0.000624253 0.999961 0.787711
0.999941 0.000579234 0.0100805 0.00804539 -0.000583314 0.999999 0.000190985 -0.00528708 -0.0100806 -0.000197172 0.99995 0.749163
0.999979 -0.000652852 0.00768464 0.0235871 0.000652404 1 0.000352127 -0.0163507 -0.00768455 -0.000346701 0.99997 0.758185
0.999961 -0.00152573 0.00773287 0.00304791 0.00152237 0.999998 0.000136522 -0.0131536 -0.00773341 -0.000125158 0.999971 0.771843
0.999991 -0.00202314 0.00560244 0.0116032 0.0020142 0.999998 0.00199973 -0.00657373 -0.00560608 -0.00198798 0.999982 0.741669
0.999981 -0.00231953 0.00399998 0.0157082 0.00231237 0.999994 0.00122362 -0.00901963 -0.00400322 -0.00121479 0.999992 0.741119
0.999999 -0.00305416 0.00296325 0.000442398 0.00305538 0.999997 0.000321849 0.00126088 -0.00296381 -0.000312286 0.999995 0.703948
0.999984 -0.00127143 0.00362399 0.0123626 0.00126458 0.999996 0.00128989 0.00196952 -0.00362604 -0.0012858 0.999993 0.684022
1.00001 0.00107976 0.000789751 -0.00411215 -0.00107691 1 -0.000949608 -0.00813984 -0.000790367 0.000949275 1 0.682643
0.99999 -0.00138425 -0.000534996 0.00290416 0.00138197 0.999997 -0.000331975 -0.0130329 0.000534945 0.000330789 1 0.660895
1.00001 -0.000917511 -0.00236829 -0.00542246 0.000918339 1 -0.0004737 -0.00836107 0.00236914 0.000471909 0.999998 0.640238
0.999978 -0.000717935 -0.00491057 -0.0105367 0.00071403 0.999999 -0.000397383 -0.00348817 0.00491038 0.000393335 0.999988 0.633443
0.999984 -0.00181205 -0.0070064 -0.0154825 0.00181248 0.999999 -0.000234108 0.0145974 0.00700726 0.00022195 0.999976 0.612279
0.999931 0.000972852 -0.0108554 -0.01189 -0.000979858 0.999999 -0.000454639 -0.00522669 0.0108544 0.000464642 0.99994 0.578171
0.999917 -0.000299187 -0.0136591 -0.0219601 0.000295455 1 -0.000423553 -0.000717922 0.0136598 0.000420127 0.999908 0.576339
0.999851 0.000805713 -0.0166279 -0.0194976 -0.000828776 0.999998 -0.00126112 -0.00362303 0.0166262 0.00127405 0.99986 0.549975
0.999785 0.00205248 -0.0211346 -0.0257935 -0.00210317 0.999996 -0.00247258 -0.0168852 0.02113 0.00251715 0.999775 0.55448
0.9997 0.000607052 -0.0240983 -0.0257498 -0.000680408 0.999995 -0.00295144 -0.00670921 0.0240957 0.00296625 0.999704 0.524297
0.999621 0.000277227 -0.0278555 -0.0339671 -0.000320722 0.999999 -0.00163078 0.00148226 0.0278557 0.00163983 0.999612 0.52979
0.999441 0.00215017 -0.0330807 -0.0321285 -0.0021559 0.999997 -7.78211e-05 -0.0176487 0.0330799 0.00014835 0.999452 0.532462
0.999294 0.000371987 -0.037825 -0.0448085 -0.000315228 1 0.00145256 0.00349315 0.0378261 -0.00143882 0.999285 0.518744
0.999141 0.000370574 -0.0412255 -0.0418058 -0.000294427 0.999998 0.00190276 0.0100638 0.0412254 -0.00188978 0.999147 0.529225
0.998966 0.00143055 -0.0456561 -0.0394863 -0.00126798 0.999993 0.00354404 -0.00590774 0.0456616 -0.00348164 0.998953 0.52115
0.9988 0.00277591 -0.048699 -0.0455696 -0.00269598 0.999995 0.00174801 0.0134313 0.0487027 -0.00161546 0.99881 0.520835
0.998648 0.0024438 -0.0521186 -0.0548769 -0.00237264 0.999996 0.0013872 -0.00120817 0.0521226 -0.00126072 0.998643 0.491147
0.99837 0.000172493 -0.0569116 -0.0439868 -0.000220619 1 -0.000801724 0.00152147 0.0569106 0.000812049 0.998376 0.512934
0.998078 -0.000911388 -0.062129 -0.0343455 0.000794974 0.999998 -0.00193185 0.0147518 0.0621315 0.00187968 0.998069 0.48214
0.997838 -0.00209394 -0.0655331 -0.0524954 0.00175745 0.999985 -0.00516027 -0.00909687 0.0655421 0.00503306 0.997834 0.467227
0.997736 -0.0017738 -0.0673944 -0.0585035 0.00148394 0.99999 -0.00438085 -0.00857179 0.0674024 0.00427184 0.99772 0.48563
0.997628 0.00146127 -0.0686523 -0.0526147 -0.00175319 0.99999 -0.00416227 0.0050384 0.0686445 0.00427184 0.997629 0.468713
0.997587 0.00273881 -0.0695436 -0.066732 -0.00281415 0.999995 -0.00101494 0.00937118 0.0695416 0.00120916 0.997582 0.470467
0.99755 -0.000933151 -0.0697865 -0.0569864 0.000790313 0.999998 -0.00204421 0.0116382 0.0697872 0.00198309 0.997557 0.468376
0.997657 -0.000847693 -0.0685834 -0.050957 0.000834609 0.999999 -0.000250322 -0.00504534 0.0685847 0.000193505 0.997649 0.459758
0.997591 -0.000122477 -0.0692052 -0.0506891 0.000194174 0.999999 0.00105971 0.00849626 0.0692036 -0.00107157 0.997597 0.474388
0.997715 -0.000444809 -0.0677369 -0.0605798 0.000780879 0.999988 0.00490377 0.00632249 0.0677353 -0.00494442 0.997695 0.471374
0.997836 0.000732609 -0.065572 -0.0543772 -0.000342418 0.999982 0.00599377 -0.00564957 0.0655739 -0.00595941 0.997826 0.461164
0.9981 -0.00124576 -0.0617944 -0.0647229 0.00149927 0.99999 0.0040217 -0.0102946 0.0617903 -0.00410567 0.998084 0.489136
0.998374 0.00171033 -0.0567824 -0.0486626 -0.00149353 0.999992 0.00389622 -0.0145983 0.0567872 -0.00380614 0.998376 0.479206
0.998762 0.00351228 -0.0498539 -0.0656383 -0.00338273 0.99999 0.00264349 -0.00864979 0.0498642 -0.00247048 0.998757 0.482181
0.998976 0.00560603 -0.0446319 -0.0460519 -0.00555783 0.999985 0.00124459 0.0126197 0.0446367 -0.000996276 0.998999 0.501559
0.999297 0.00646743 -0.0372441 -0.0503802 -0.00645987 0.999978 0.000274617 0.0139783 0.0372465 -3.2842e-05 0.999311 0.470377
0.999444 0.00222705 -0.0329012 -0.0288281 -0.00225402 0.999998 -0.00072692 0.0149672 0.0328979 0.00079974 0.999454 0.492243
0.999708 -0.00262707 -0.0245197 -0.0127983 0.00264728 0.999995 0.000713503 -0.0186676 0.0245193 -0.00077726 0.999703 0.493269
0.999815 -0.00283495 -0.0184009 -0.0168176 0.00283682 0.999997 0.000174824 -0.00969456 0.018399 -0.000227967 0.999827 0.505336
0.999898 0.00320578 -0.0147796 -0.0213774 -0.00320337 0.999994 6.31234e-05 0.0139531 0.0147812 -1.49527e-05 0.999894 0.552367
0.999922 0.00641099 -0.00972581 -0.0267821 -0.00640781 0.999981 0.000533844 0.0144282 0.00972775 -0.000472524 0.99995 0.504295
0.999955 0.0042401 -0.00963713 -0.00877604 -0.00424282 0.99999 -0.000435008 -0.0040908 0.0096364 0.00047696 0.999956 0.555474
0.999977 0.00429118 -0.00308078 -0.0154001 -0.00430395 0.999986 -0.00364351 0.00860796 0.00306382 0.00365572 0.999987 0.523077
1.00001 -1.1049e-05 -0.00119357 -0.00637932 1.06347e-05 0.999997 -0.00169408 -0.0173424 0.00119503 0.001695 1 0.551866
0.999991 5.60287e-05 -5.05377e-05 0.00854507 -5.77695e-05 0.999997 -0.00315965 -0.0189109 4.89355e-05 0.00315871 0.999992 0.540668
1.00001 -0.000231687 0.00229474 0.0067476 0.000247718 0.999979 -0.00630975 -0.00108382 -0.00229188 0.00631117 0.999982 0.583256
0.99999 0.000962738 0.00121788 0.00797238 -0.00095866 0.99999 -0.00456145 -0.00469839 -0.00122367 0.00455942 0.999985 0.601869
0.99999 0.00558856 0.00280432 -0.00991879 -0.00558756 0.999983 0.000168292 0.0264534 -0.00280207 -0.000183156 1 0.610889
0.999982 0.00202303 0.00393688 -0.00176978 -0.00203339 0.999996 0.00224047 0.00165572 -0.00393364 -0.00224932 0.999986 0.612319
1 0.000304706 0.00347592 0.00292388 -0.000321711 0.999985 0.00532771 -0.000441912 -0.00347299 -0.00532807 0.999985 0.627229
0.999984 -0.00104625 0.00365449 0.00347648 0.0010247 0.999985 0.0054856 0.00517272 -0.00366149 -0.00548257 0.999974 0.628501
1 -0.0013608 0.00302484 -0.000593082 0.00134844 0.999989 0.00457921 -0.00349365 -0.00302974 -0.00457444 0.999991 0.654467
0.999987 -0.00315076 0.000702572 0.00371645 0.0031481 0.999994 0.00169917 0.00335856 -0.000709334 -0.00169743 0.999993 0.657348
1.00001 -0.00247703 -5.2579e-05 0.000520125 0.00247846 0.999996 -0.00125026 0.00346483 5.71466e-05 0.00125059 1.00001 0.656281
0.99999 -0.00189885 -0.00114239 -0.00582042 0.00189156 0.999986 -0.00506863 -0.0173939 0.00115049 0.00506611 0.99998 0.681841
1.00001 0.000652141 -0.000921324 -0.00496639 -0.000655721 0.999984 -0.00547042 0.00276213 0.000919445 0.0054714 0.999991 0.679101
0.999987 0.00131934 -0.00311243 -0.011955 -0.00133052 0.999995 -0.00316104 8.3446e-06 0.00310664 0.00316476 0.999984 0.687284
1 -0.00208774 -0.00334211 -0.00543594 0.00210115 0.999991 0.00354389 0.00186893 0.00333631 -0.00355046 0.999994 0.723782
0.999991 -0.00138956 -0.00160135 -0.00158658 0.00139868 0.999977 0.00665973 -0.00596084 0.00159055 -0.00666238 0.999971 0.726415
0.999988 -0.00549795 -0.00258185 -0.0158388 0.00550791 0.99998 0.00324252 -0.00938111 0.00256545 -0.00325623 0.999997 0.745735
0.999988 0.00256475 -0.00171646 -0.00517702 -0.00256771 0.999996 -0.000841999 -0.00373061 0.0017129 0.000845962 0.999993 0.73224
0.999985 0.00580028 -0.00300066 -0.019287 -0.00581112 0.999976 -0.00406669 0.000904212 0.00297856 0.00408452 0.999993 0.747318
0.999983 -0.00105398 -0.00472496 -0.0102668 0.00103197 0.999989 -0.00436429 -0.0170678 0.00472807 0.0043589 0.999974 0.771953
0.999991 -0.000303405 -0.00546206 0.0026517 0.000290021 0.999997 -0.00271604 0.0020723 0.00546437 0.00271493 0.999988 0.774978
0.999986 -0.00128889 -0.00400096 -0.00311565 0.00128873 0.999999 0.00031069 0.0075975 0.0039992 -0.000316394 0.999986 0.782804
0.999994 -0.00172066 -0.00472436 -0.00626426 0.00173114 0.999997 0.0019344 -0.010994 0.00472229 -0.00194197 0.999993 0.820968
0.999987 -0.000225736 -0.00387522 -0.000361576 0.000230719 0.999998 0.00163885 0.0104659 0.00387352 -0.00164033 0.999985 0.822586
1 -0.00184806 -0.00190426 0.00210652 0.00185141 0.999999 0.000999536 0.00413896 0.00190376 -0.00100253 1 0.815421
0.999993 0.00161878 -0.000901039 0.000361487 -0.0016174 0.999993 0.00305554 0.012688 0.000904662 -0.00305456 0.999988 0.834927
1 -0.00108683 -0.00252668 -0.00875109 0.00109067 1 0.000970952 -0.0122203 0.0025269 -0.000973242 1 0.81082
0.999988 0.00372169 -0.00146886 -0.00633752 -0.00372329 0.999991 -0.000202474 0.00297891 0.00146668 0.000207484 0.999993 0.862628
0.999996 0.00409231 -0.000621083 -0.00374807 -0.00409219 0.999992 -0.00195327 0.0027117 0.000614461 0.00195635 1 0.843617
0.999977 0.00607958 0.00150854 -0.0174615 -0.00607938 0.99998 -0.000938967 -0.00361045 -0.0015156 0.000929233 0.999993 0.835921
0.999993 0.004744 0.000918502 -0.0135192 -0.00474456 0.999989 0.00192552 0.000332716 -0.000907839 -0.00192923 1 0.869971
0.999995 0.00106083 5.96292e-05 0.00459802 -0.00106202 0.999998 0.000263497 0.0122595 -6.09147e-05 -0.000264157 0.999995 0.876054
0.999999 0.00098571 0.00317618 -0.00488204 -0.000987169 1 0.000837693 -0.00884971 -0.00317375 -0.000840325 1 0.847209
0.999995 -0.00126477 0.00126897 -0.000904466 0.00126385 0.999997 -0.000171818 0.00626064 -0.00127035 0.000172945 0.999993 0.866373
0.999988 -0.00565172 0.000954942 0.0165434 0.00565313 0.999987 -0.000293773 -0.033346 -0.000951754 0.000299691 1.00001 0.861097
0.99999 -0.00340707 -0.000264709 0.00775829 0.00340575 0.999992 -0.000800494 -0.0032987 0.000265958 0.000799017 0.999993 0.859505
1 -0.00166687 0.000980943 0.00353026 0.00166846 1 -0.000440784 -0.0136343 -0.000978738 0.00044306 1.00001 0.871275
0.999982 0.00501616 0.00186101 -0.00699483 -0.00502176 0.999982 0.00238314 -0.00758831 -0.00185062 -0.00239327 0.999988 0.854493
0.999988 0.00568351 -0.000220662 -0.0105077 -0.00568134 0.999978 0.00406573 0.00800613 0.000245341 -0.00406354 1 0.869445
0.999981 0.00501855 0.00241605 0.0104823 -0.00501842 0.999985 -0.000552635 -0.000907773 -0.00242043 0.000539663 0.999989 0.866459
1 -0.00124817 0.00192083 -0.00945333 0.0012577 0.999992 -0.00437743 -0.0040997 -0.00191387 0.00438058 0.999997 0.835023
0.999983 -0.00526487 -0.000326652 0.00800519 0.00525911 0.999902 -0.0127631 0.0010759 0.000392251 0.0127606 0.999911 0.840469
0.999992 -0.00500261 -0.000673755 0.00734836 0.00500032 0.999978 -0.00502687 -0.0392788 0.000700445 0.0050241 0.999995 0.845516
0.999996 2.3087e-05 0.000200079 0.00459742 -2.58079e-05 0.99997 0.00734836 0.0145407 -0.00020137 -0.00734909 0.999966 0.853267
0.999993 -0.00307906 -0.00346573 0.000616758 0.00313338 0.999879 0.015412 -0.00280899 0.00341942 -0.015422 0.999883 0.898165
0.999993 -0.00252679 -0.000468938 0.00264473 0.00253124 0.999918 0.0123528 -0.0105516 0.000436023 -0.0123546 0.999916 0.845653
1 0.00193187 -0.00201355 -0.00825959 -0.00193459 0.999999 -0.0018803 -0.0232013 0.00201166 0.00188466 1 0.830755
0.999977 0.00581971 -0.00151061 -0.0130609 -0.00583918 0.999902 -0.0125063 -0.0085477 0.00143589 0.0125144 0.999912 0.82569
1 -0.000289999 -0.000349965 -0.00746732 0.000288384 0.999973 -0.00767947 0.00321854 0.000354073 0.00767983 0.999979 0.823981
0.999984 -0.00250687 -0.00408345 0.00342474 0.00249764 0.999993 -0.00197414 -0.0232853 0.00408645 0.00196334 0.999981 0.855097
0.999988 -0.00482389 -0.00341183 -5.95499e-05 0.00482002 0.999989 -0.00150515 -0.0112079 0.0034209 0.00148921 1 0.838207
0.999986 0.000493302 -0.00423027 -0.0121423 -0.000493004 0.999998 0.000361112 -0.0209459 0.00422861 -0.000359634 0.999983 0.824447
0.99999 0.000600606 -0.0054264 -0.0117821 -0.000603884 1 -0.000842101 -0.0080587 0.00542771 0.000845891 0.999993 0.820694
0.999986 0.00349054 -0.00263964 -0.0136486 -0.00349525 0.999992 -0.00135281 -0.00300509 0.00263303 0.00136144 0.999987 0.817022
0.999989 0.00450739 -0.00331399 -0.0226277 -0.00450402 0.999991 0.000684133 -0.00417871 0.00331887 -0.000668605 1 0.824061
0.999991 0.000330555 -0.00304989 0.00183972 -0.000329745 0.999998 0.000606057 -0.0152118 0.00304823 -0.000605649 0.999987 0.82026
1 -0.00153892 -0.000881663 -0.00701426 0.00154297 0.999994 0.00339447 -0.00690112 0.000878298 -0.0033952 1 0.811667
0.999991 -0.00109693 -0.00267656 -0.00401062 0.00109515 0.999998 -0.000289935 -0.0112433 0.00267504 0.000286374 0.999989 0.806645
1 -0.00154833 -0.00269057 -0.00724245 0.00154459 0.999998 -0.00176804 0.00200149 0.00269514 0.0017645 1 0.800874
0.99998 -0.00214999 -0.00490463 -0.00773274 0.00213039 0.99999 -0.00379315 0.0096866 0.00491086 0.00378204 0.999972 0.801604
0.999976 -0.00144613 -0.00750374 -0.00118863 0.00144402 1 -0.000409989 -0.00519642 0.00750613 0.000399801 0.999981 0.811336
0.999968 -0.00090767 -0.00724757 -0.00475834 0.000933271 0.999992 0.00365583 -0.00130881 0.00724241 -0.00366316 0.999958 0.819214
0.999987 -0.00184746 -0.00594313 -0.00908639 0.00188985 0.999974 0.00696159 -0.00260395 0.00593189 -0.00697203 0.999967 0.792561
0.999976 -0.000499864 -0.00592606 -0.0137332 0.000550329 0.999962 0.00868367 -0.0240235 0.00591965 -0.00868745 0.999936 0.840657
0.999997 0.00218575 -0.00368563 -0.021511 -0.00218193 0.999998 0.00074795 -0.0054118 0.00368913 -0.000739309 1 0.801125
0.999978 4.36733e-05 -0.0056047 -0.0102244 -6.60326e-05 0.999992 -0.00380094 -0.0386153 0.00560268 0.00380065 0.999967 0.808439
0.999986 -0.000369285 -0.00648495 -0.0159666 0.000313216 0.999961 -0.0088248 -0.0199721 0.00648973 0.00882304 0.999949 0.795544
0.999962 -0.00490852 -0.00623308 0.00420618 0.0048736 0.999974 -0.00541723 -0.0113885 0.00625783 0.00538619 0.999957 0.812383
0.999976 -0.00134798 -0.00780397 -0.00200523 0.00134965 0.999999 5.61502e-05 -0.00563924 0.00780556 -6.60714e-05 0.999979 0.825233
0.999943 0.00614949 -0.00794395 -0.0241465 -0.0061391 0.99998 0.00146736 0.00693888 0.00795113 -0.00141899 0.999958 0.82356
0.999964 0.00498961 -0.00787772 -0.0217836 -0.00499777 0.999987 -0.00115131 -0.000650402 0.00787359 0.00119118 0.999978 0.822653
0.999932 0.00312066 -0.0105449 -0.00987881 -0.00315346 0.99999 -0.00299069 -0.00816638 0.0105338 0.00302342 0.99993 0.837344
0.999964 -0.0018328 -0.00917261 -0.000554274 0.00182364 0.999998 -0.00113376 -0.00991604 0.00917636 0.00111738 0.999967 0.831575
0.999965 0.000350583 -0.00743132 -0.0228193 -0.000329344 0.999995 0.00301351 -0.00603438 0.0074306 -0.00301147 0.999958 0.854238
0.999962 0.00243434 -0.00922657 -0.00891987 -0.00239622 0.999989 0.00400776 0.00462898 0.00923795 -0.00398494 0.99996 0.85852
0.999964 0.00203059 -0.00743619 -0.0259815 -0.00199298 0.999984 0.0052196 -0.0116726 0.00744495 -0.00520534 0.999948 0.825518
0.999969 0.000360611 -0.00860327 -0.00902002 -0.000330907 0.999995 0.00331298 -0.0115788 0.00860616 -0.0033093 0.999969 0.833012
0.999969 0.000129358 -0.00714732 -0.0028108 -0.000127131 0.999999 0.000475215 -0.017234 0.00714561 -0.00047503 0.999963 0.857248
0.999999 -0.000946501 -0.00335593 -0.0127158 0.000944533 1 -0.000950227 -0.00521597 0.00335865 0.000947744 1 0.805665
0.999976 0.00346091 -0.00512406 -0.0236604 -0.00347827 0.999988 -0.00315868 0.0172625 0.00511136 0.00317563 0.999972 0.838798
0.999986 0.00505592 -0.00370354 -0.0257391 -0.00507199 0.999978 -0.00464982 -0.0010533 0.00368165 0.0046692 0.999993 0.795964
0.99999 0.000758728 -0.00313161 -0.0202299 -0.000764956 0.999997 -0.00165765 -0.00777694 0.00312864 0.00165936 0.999983 0.835482
0.999991 0.000559403 -0.00531434 -0.0130072 -0.000528558 0.999985 0.00561483 -0.0121111 0.00531908 -0.00561122 0.99998 0.831582
0.999992 0.00207101 -9.27014e-05 -0.0166699 -0.00207134 0.999967 0.00764571 -0.0087066 0.000106834 -0.00764627 0.99996 0.864507
0.999994 0.000312241 -0.00502478 -0.0171075 -0.000277848 0.999979 0.00663982 -0.0248936 0.00502832 -0.00663788 0.999976 0.839313
0.999971 -0.00509754 -0.004705 -0.00400278 0.0050815 0.999981 -0.00318959 -0.0110952 0.00471959 0.00316519 0.999973 0.822464
0.999946 -0.00998238 -0.00450183 0.00172042 0.00995415 0.999931 -0.00651029 -0.0167926 0.0045678 0.00646553 0.999981 0.812992
0.999964 -0.000502942 -0.00773628 -0.00968701 0.000467668 0.999988 -0.00440517 0.00214158 0.00773707 0.00440096 0.999947 0.818823
0.999979 0.00198682 -0.00714908 -0.0178379 -0.00198346 1 0.000289753 0.00904447 0.00715094 -0.000275024 0.999987 0.822308
0.999951 -0.00258713 -0.00877314 -0.0177803 0.00261799 0.999986 0.00365627 -0.0192611 0.00876228 -0.00367968 0.999942 0.82963
0.999941 -0.00413972 -0.0106573 -0.0277327 0.00418502 0.999986 0.00411243 -0.0185753 0.0106415 -0.00415614 0.999948 0.85689
0.999958 -0.00430858 -0.00722744 -0.00267441 0.00431827 0.999986 0.00149856 -0.0174742 0.00721954 -0.00153035 0.99996 0.857879
0.999986 -0.00405256 -0.00532902 -0.0030981 0.00405402 0.999996 -3.06554e-07 -0.00435658 0.00533029 -2.06625e-05 0.999999 0.829289
0.99996 -0.00171084 -0.00784767 -0.00412585 0.00166551 0.999979 -0.00559895 -0.0174411 0.00785578 0.00558505 0.999941 0.852917
0.999964 -0.00468795 -0.0080899 0.00835457 0.00464001 0.999974 -0.00610126 0.0216563 0.00811957 0.00606408 0.999962 0.82451
0.99995 -0.0052984 -0.00753564 0.00870989 0.0052864 0.999982 -0.00142492 -0.00562557 0.00754172 0.00138429 0.999957 0.847238
0.999985 0.00195719 -0.0065588 -0.00768826 -0.00191545 0.999984 0.00614542 0.0152204 0.00657194 -0.00613187 0.999974 0.848251
