1 0 0 0 0 1 0 0 0 0 1 0
1 -0.000424934 -8.86788e-06 -0.00693538 0.00042494 0.999999 0.00142838 -0.0113407 8.34098e-06 -0.00142847 0.999999 1.3138
0.999999 -0.00128266 0.000503724 -0.02073 0.00128183 0.999998 0.00159796 -0.0300975 -0.000505727 -0.00159728 0.999998 2.63474
0.999998 -0.00205276 -0.000329167 -0.0242666 0.00205321 0.999997 0.00142476 -0.0570712 0.000326384 -0.00142553 1 3.97446
0.999998 -0.00202955 0.000770014 -0.0230468 0.00202813 0.999996 0.00177031 -0.0518828 -0.000773564 -0.00176873 0.999999 5.27365
0.999998 -0.00238632 -0.000305523 -0.0291083 0.00238718 0.999993 0.00300827 -0.0415408 0.000298537 -0.00300903 0.999997 6.61433
0.999994 -0.00380576 -0.000136806 -0.0331481 0.00380623 0.999985 0.00399395 -0.0684638 0.000121643 -0.00399441 0.999993 7.94568
0.999995 -0.00324603 0.000775158 -0.0418629 0.00324236 0.999985 0.00457441 -0.0669008 -0.000789844 -0.00457185 0.999991 9.2704
0.999996 -0.00325532 -0.000123537 -0.0499926 0.00325543 0.999994 0.00159927 -0.0806896 0.000118468 -0.00159966 1 10.6155
1 -0.000462901 0.000605455 -0.0580355 0.000462987 1 -0.000332968 -0.0750978 -0.000604988 0.000333361 1 11.9449
1 0.00197802 6.97892e-05 -0.0733991 -0.00197797 0.999997 -0.00219451 -0.102547 -7.40483e-05 0.00219436 1 13.2954
0.999994 0.00382292 0.000258677 -0.0839805 -0.00382244 0.999992 -0.0022421 -0.113666 -0.00026693 0.00224126 1 14.6372
0.999992 0.0041908 0.00107958 -0.0969221 -0.00418958 0.999992 -0.00120118 -0.106865 -0.00108438 0.00119664 1 15.9689
0.999998 0.00266821 0.000929975 -0.0916375 -0.00266974 0.999998 0.00147597 -0.120938 -0.00092568 -0.00147819 1 17.3312
0.999998 -0.00131795 0.00250249 -0.0892671 0.00130757 0.999992 0.00411831 -0.131732 -0.00250771 -0.004115 0.999991 18.689
0.999995 -0.00356825 0.00137128 -0.0777673 0.00356473 0.999993 0.00242419 -0.151339 -0.0013795 -0.00241898 0.999999 20.0323
0.999985 -0.00493686 0.00295499 -0.0698266 0.00493984 0.999989 -0.0010232 -0.150735 -0.00294965 0.00103796 0.999998 21.3467
0.999995 -0.00345615 0.00255668 -0.0698828 0.00345927 0.999997 -0.00129727 -0.1546 -0.00255171 0.00130639 0.999999 22.7081
0.999994 -0.00119145 0.00370845 -0.0699867 0.00119626 1 -0.0013213 -0.151214 -0.00370665 0.00132586 0.999995 24.0014
0.999987 -0.00110257 0.00567419 -0.0728044 0.00108321 0.999997 0.00336183 -0.160702 -0.00567727 -0.00335541 0.999982 25.3487
0.999988 -0.00323716 0.004211 -0.0590642 0.00322109 0.999989 0.00378702 -0.173015 -0.00422301 -0.00377323 0.999987 26.6778
0.999973 -0.00568128 0.00537222 -0.0544316 0.00566231 0.999981 0.00349492 -0.202918 -0.00539142 -0.00346406 0.999984 28.0172
0.999978 -0.00608224 0.00368778 -0.0510296 0.00607593 0.999981 0.00167727 -0.204852 -0.00369767 -0.00165485 0.999994 29.4144
0.999973 -0.00546406 0.00575547 -0.049751 0.00545299 0.999986 0.00188496 -0.233871 -0.00576523 -0.00185335 0.999986 30.7711
0.99999 -0.00305863 0.00401632 -0.0668287 0.0030518 0.999996 0.00165256 -0.238554 -0.00402113 -0.00164033 0.999993 32.2245
0.999992 -0.0025527 0.00453132 -0.0640286 0.00254811 0.999999 0.000948475 -0.257838 -0.00453328 -0.000936803 0.999995 33.6078
0.999986 -0.00317576 0.00488775 -0.0497863 0.00316827 0.999995 0.00149991 -0.270983 -0.00489228 -0.00148446 0.999989 34.9926
0.999997 -0.00358595 0.00256571 -0.0576624 0.00357497 0.999989 0.0041526 -0.291142 -0.0025801 -0.00414336 0.999995 36.4298
0.999993 -0.00262472 0.00370535 -0.0620323 0.00260263 0.999981 0.00591174 -0.301932 -0.00372065 -0.00590202 0.999979 37.8158
1 5.24439e-05 0.00255772 -0.0623635 -6.7347e-05 0.999987 0.00569411 -0.308582 -0.00255693 -0.00569414 0.999988 39.2263
0.999998 0.00167272 0.00326012 -0.0801879 -0.00169352 0.999981 0.00631398 -0.317797 -0.00324937 -0.00631941 0.999979 40.6158
0.999994 0.00229942 0.00457208 -0.0881459 -0.00233265 0.999975 0.00722151 -0.319905 -0.00455492 -0.00723198 0.999972 42.0071
0.999998 0.00209379 0.0030737 -0.0932133 -0.00211762 0.999971 0.0076992 -0.321417 -0.00305718 -0.00770568 0.99997 43.4302
0.999998 0.00133105 0.00425632 -0.0975789 -0.00136557 0.99997 0.00805203 -0.334397 -0.00424483 -0.00805765 0.999967 44.8266
1 0.000366358 0.00196693 -0.0825554 -0.000378961 0.999983 0.00629289 -0.349662 -0.00196427 -0.0062936 0.999983 46.2498
1 0.000461553 0.00275274 -0.0824409 -0.000481491 0.999978 0.00717908 -0.352329 -0.0027487 -0.00718027 0.999979 47.6498
1.00001 0.000388513 0.000555225 -0.0909831 -0.000393054 0.999973 0.00776011 -0.359079 -0.000551958 -0.00776022 0.999975 49.0781
1.00001 -0.000116012 -0.00148152 -0.103947 0.000128516 0.999967 0.00854532 -0.363398 0.00148117 -0.00854542 0.999972 50.5227
1.00001 0.000205594 -0.000729223 -0.111958 -0.00019921 0.999963 0.00908642 -0.365907 0.000731294 -0.00908618 0.999964 51.9287
1 0.000645196 -0.00303706 -0.12422 -0.000613529 0.999949 0.0105072 -0.366707 0.00304434 -0.0105051 0.999952 53.3648
1 -0.000406078 -0.00248343 -0.133377 0.000434786 0.999936 0.0116778 -0.363497 0.00247858 -0.0116787 0.999935 54.7908
1 -0.000461147 -0.00436513 -0.142969 0.000512958 0.999933 0.0119568 -0.359305 0.00435991 -0.0119587 0.999931 56.231
0.999988 -0.00323432 -0.00511482 -0.162766 0.00329721 0.999923 0.0124023 -0.356645 0.00507433 -0.0124188 0.999917 57.6721
0.999993 -0.00398967 -0.00409583 -0.165868 0.00404125 0.999916 0.0127652 -0.363061 0.00404513 -0.0127814 0.999921 59.0957
0.999981 -0.00525702 -0.00468899 -0.173879 0.00531768 0.999906 0.0131011 -0.365952 0.00461981 -0.0131258 0.999911 60.5255
0.99999 -0.00589666 -0.00281437 -0.176679 0.00593339 0.999899 0.0133889 -0.376308 0.00273563 -0.0134051 0.999918 61.9324
0.99998 -0.00680793 -0.00271315 -0.174107 0.00684239 0.999897 0.0131153 -0.398024 0.00262386 -0.0131335 0.999918 63.3758
0.999985 -0.0069329 -0.00242217 -0.178697 0.00696222 0.999903 0.0125208 -0.397292 0.00233555 -0.012537 0.999931 64.7942
0.999985 -0.00674494 0.000131824 -0.196835 0.00674208 0.999905 0.0125264 -0.401416 -0.000216019 -0.0125254 0.999929 66.1928
0.999997 -0.00548822 -0.000390473 -0.207864 0.00549238 0.999907 0.0130113 -0.401823 0.000319473 -0.0130131 0.999927 67.6134
1 -0.00354587 0.00153727 -0.211565 0.00352226 0.999893 0.0146321 -0.406842 -0.00158871 -0.0146268 0.999899 69.0237
1.00001 -0.000352572 0.00095166 -0.220566 0.000336687 0.999879 0.0160321 -0.4083 -0.000956741 -0.0160314 0.999883 70.4397
0.999997 0.00381425 0.00262366 -0.233292 -0.00385964 0.99985 0.0172449 -0.413609 -0.00255728 -0.017255 0.999856 71.8273
0.999992 0.00591643 0.00282103 -0.252874 -0.0059623 0.999856 0.0163768 -0.391341 -0.00272328 -0.016393 0.999873 73.2429
0.999951 0.0101816 0.00353465 -0.26105 -0.0102365 0.999831 0.015656 -0.390504 -0.00337448 -0.0156913 0.99988 74.6503
0.999944 0.0107263 0.00515588 -0.265497 -0.0108075 0.999823 0.0158854 -0.388048 -0.0049841 -0.0159396 0.999873 76.0332
0.999944 0.0103741 0.00469954 -0.261674 -0.0104475 0.999829 0.0157029 -0.382542 -0.00453569 -0.015751 0.999875 77.4384
0.99995 0.00853836 0.00750818 -0.257427 -0.00865033 0.999859 0.0149351 -0.382166 -0.00737915 -0.0149986 0.999874 78.8196
0.999957 0.00809758 0.00632337 -0.254439 -0.00819147 0.999863 0.0148317 -0.377971 -0.00620234 -0.0148826 0.99988 80.2162
0.999968 0.00706691 0.00665447 -0.256425 -0.00715506 0.999895 0.013232 -0.369677 -0.00655983 -0.0132785 0.999903 81.6503
0.999954 0.00609359 0.00867153 -0.236151 -0.00620995 0.999899 0.0133519 -0.376263 -0.00858926 -0.0134049 0.999884 83.0238
0.999969 0.00607876 0.00760372 -0.234251 -0.00618088 0.999899 0.0133835 -0.377513 -0.00752113 -0.0134292 0.999896 84.4131
0.999961 0.00605821 0.0079144 -0.232499 -0.00616667 0.999895 0.013631 -0.371756 -0.00783103 -0.013679 0.999887 85.7674
0.999985 0.00446371 0.00665364 -0.232338 -0.00455248 0.999909 0.013285 -0.371582 -0.00659344 -0.0133142 0.999904 87.1882
0.99999 0.00283722 0.00572335 -0.23107 -0.00291879 0.999903 0.0141281 -0.375285 -0.00568287 -0.0141445 0.999896 88.5567
0.999998 -0.000497291 0.0060295 -0.222662 0.00041365 0.999913 0.0137452 -0.37359 -0.00603561 -0.0137418 0.999902 89.9488
1 -0.00153907 0.00431937 -0.216903 0.00147756 0.999909 0.0139655 -0.372916 -0.00434064 -0.013959 0.999906 91.3302
0.999999 -0.0043219 0.00401083 -0.2014 0.00426342 0.999897 0.014283 -0.368339 -0.004072 -0.014265 0.999905 92.7097
0.999996 -0.00481451 0.00297318 -0.201056 0.00476927 0.999888 0.0146472 -0.363161 -0.00304351 -0.0146326 0.999901 94.0867
0.999996 -0.00527615 0.00359866 -0.201345 0.00522288 0.99989 0.0144466 -0.361613 -0.00367423 -0.0144269 0.999903 95.434
0.999991 -0.0058632 0.00313283 -0.204849 0.00581716 0.99989 0.0141347 -0.375291 -0.00321549 -0.014116 0.999908 96.8119
0.999988 -0.00674765 0.00348618 -0.209927 0.00669851 0.999891 0.0136887 -0.376917 -0.00357785 -0.0136642 0.999914 98.1973
0.999979 -0.00708351 0.00420719 -0.224884 0.00702668 0.999897 0.0131095 -0.376873 -0.00429978 -0.0130793 0.999919 99.5772
0.99998 -0.0073102 0.00454352 -0.231517 0.00724358 0.999879 0.0143279 -0.394129 -0.00464737 -0.0142937 0.999902 100.946
0.999965 -0.00728229 0.00650257 -0.236863 0.00718626 0.999876 0.0145031 -0.389821 -0.00660751 -0.0144555 0.999887 102.283
0.999967 -0.00785879 0.00620664 -0.240342 0.00777251 0.999884 0.0136795 -0.398246 -0.00631294 -0.0136299 0.999902 103.651
0.999959 -0.00807091 0.00655356 -0.2403 0.00799136 0.999904 0.0119142 -0.392134 -0.00664913 -0.0118609 0.999922 104.998
0.999956 -0.00863234 0.00707182 -0.24307 0.00855513 0.999913 0.0107642 -0.397618 -0.00716352 -0.0107024 0.999932 106.305
0.999923 -0.0114963 0.00689441 -0.23652 0.0114169 0.999878 0.0112847 -0.398941 -0.00702333 -0.0112047 0.999927 107.663
0.9999 -0.0133511 0.00766861 -0.224867 0.0132526 0.99984 0.0126502 -0.392766 -0.00783575 -0.0125464 0.999906 108.965
0.999869 -0.0148936 0.00821625 -0.218614 0.014782 0.999809 0.0133397 -0.397717 -0.00841331 -0.0132161 0.999892 110.314
0.999859 -0.0153212 0.00926956 -0.208747 0.0152021 0.999812 0.0127016 -0.406852 -0.00946179 -0.0125579 0.999891 111.645
0.99986 -0.0140371 0.0105014 -0.209018 0.0139162 0.999845 0.0113887 -0.4091 -0.0106596 -0.0112406 0.999895 112.967
0.999869 -0.0128994 0.0116967 -0.206111 0.0127757 0.999872 0.0105195 -0.41956 -0.0118302 -0.0103677 0.999892 114.334
0.999852 -0.0107878 0.0144052 -0.199528 0.0106409 0.999899 0.0101644 -0.42203 -0.0145132 -0.0100091 0.99986 115.657
0.999848 -0.00957038 0.0158864 -0.187181 0.00936927 0.999885 0.0126381 -0.420572 -0.0160048 -0.0124861 0.999809 117.019
0.999801 -0.0100621 0.0180432 -0.171721 0.00979675 0.999852 0.0146753 -0.423052 -0.0181879 -0.014495 0.999746 118.332
0.999797 -0.0101878 0.0185597 -0.153512 0.0099017 0.999841 0.0154055 -0.419322 -0.0187128 -0.0152175 0.999725 119.697
0.99978 -0.00933846 0.0195568 -0.13423 0.00905512 0.999862 0.0144755 -0.405221 -0.019689 -0.0142945 0.99972 121.045
0.999755 -0.00786114 0.0216883 -0.115845 0.00755927 0.999884 0.0139375 -0.407409 -0.0217945 -0.013769 0.999684 122.366
0.999753 -0.00568074 0.022176 -0.0967869 0.00540457 0.999915 0.0124558 -0.406105 -0.0222446 -0.0123322 0.999693 123.75
0.999713 -0.0049312 0.0243865 -0.0718504 0.00462936 0.999922 0.0123945 -0.399807 -0.0244448 -0.0122768 0.999642 125.065
0.999693 -0.00347992 0.0251256 -0.0451893 0.00317229 0.999928 0.012241 -0.39324 -0.0251659 -0.012157 0.999626 126.434
0.999652 -0.00420704 0.0269231 -0.00533071 0.00388935 0.999932 0.0118203 -0.385613 -0.0269701 -0.0117102 0.999584 127.758
0.999581 -0.0046324 0.0290802 0.0272992 0.00425811 0.999917 0.0128924 -0.385537 -0.029137 -0.0127625 0.999511 129.074
0.999577 -0.0059687 0.0292488 0.0553412 0.00557316 0.999902 0.0135704 -0.384619 -0.0293259 -0.0134005 0.999497 130.445
0.99951 -0.00594644 0.031216 0.0930287 0.00550949 0.999895 0.0140378 -0.380718 -0.0312956 -0.0138583 0.999431 131.769
0.999507 -0.00643774 0.0314631 0.127994 0.00599563 0.999891 0.0141099 -0.38614 -0.0315494 -0.0139133 0.999422 133.148
0.9995 -0.00876088 0.0309015 0.168176 0.0083379 0.999879 0.0137618 -0.384142 -0.0310178 -0.0134965 0.999445 134.511
0.999465 -0.0104942 0.0317204 0.216254 0.0100738 0.999869 0.0133599 -0.390646 -0.0318555 -0.0130323 0.999425 135.831
0.999499 -0.0116659 0.0299375 0.247141 0.0112716 0.999857 0.0132767 -0.391938 -0.0300877 -0.0129319 0.99948 137.199
0.999483 -0.013951 0.02976 0.285197 0.0135582 0.999829 0.0133389 -0.400695 -0.0299401 -0.0129275 0.999486 138.521
0.999507 -0.0155567 0.0278673 0.31655 0.0151739 0.999797 0.0138595 -0.402465 -0.0280769 -0.0134291 0.999533 139.878
0.999458 -0.0170023 0.0290739 0.351881 0.016565 0.999757 0.0151975 -0.396681 -0.0293244 -0.0147067 0.99948 141.208
0.999513 -0.017293 0.0266558 0.375997 0.0168845 0.999748 0.0154316 -0.394151 -0.0269156 -0.0149731 0.999545 142.561
0.999536 -0.0185385 0.0252215 0.395265 0.0181629 0.999732 0.0150141 -0.371439 -0.0254923 -0.0145481 0.999588 143.95
0.999481 -0.0203818 0.0257075 0.432759 0.0200393 0.999719 0.0134652 -0.365831 -0.0259743 -0.0129421 0.999599 145.281
0.999426 -0.0253068 0.0236657 0.46587 0.0249941 0.999609 0.0133793 -0.376271 -0.0239943 -0.0127792 0.99965 146.639
0.999249 -0.0318005 0.0229988 0.511304 0.0314456 0.999394 0.0155758 -0.372203 -0.0234798 -0.01484 0.999635 148.008
0.999125 -0.0372174 0.0204071 0.547364 0.0368893 0.9992 0.0161774 -0.366228 -0.0209923 -0.0154095 0.999682 149.363
0.99904 -0.0398318 0.0193261 0.578242 0.0395326 0.999107 0.015558 -0.36069 -0.0199283 -0.014778 0.999715 150.705
0.999022 -0.0395967 0.0209522 0.600426 0.0393306 0.999154 0.0129152 -0.357279 -0.0214453 -0.0120775 0.999719 152.105
0.999105 -0.037452 0.0207658 0.61443 0.0372205 0.999254 0.0113592 -0.344976 -0.0211753 -0.0105749 0.999743 153.452
0.999094 -0.0365101 0.0230692 0.642043 0.0362605 0.999292 0.0111053 -0.364105 -0.0234577 -0.0102577 0.999695 154.792
0.998958 -0.039614 0.0236233 0.663588 0.0393166 0.999155 0.0128692 -0.366204 -0.0241128 -0.0119257 0.999662 156.143
0.998596 -0.0471023 0.0252969 0.719424 0.0466912 0.998784 0.0165594 -0.338694 -0.0260455 -0.0153538 0.999565 157.483
0.998338 -0.0514366 0.0268622 0.750171 0.0509737 0.998557 0.0175877 -0.324078 -0.0277274 -0.0161878 0.999509 158.815
0.998283 -0.0527537 0.0265168 0.790447 0.0522831 0.998481 0.0180852 -0.325965 -0.0274295 -0.0166663 0.999509 160.152
0.998282 -0.051159 0.0293849 0.821687 0.0506297 0.99856 0.0184368 -0.309128 -0.0302847 -0.016916 0.999423 161.467
0.998478 -0.0472361 0.0294771 0.854857 0.0466955 0.998746 0.0187147 -0.298079 -0.0303229 -0.0173081 0.999416 162.822
0.99852 -0.0444035 0.0321501 0.87372 0.0439353 0.998933 0.0150839 -0.264423 -0.0327845 -0.0136477 0.999394 164.172
0.998626 -0.042713 0.0313275 0.894345 0.0422787 0.999014 0.0143552 -0.254708 -0.0319087 -0.0130092 0.999431 165.49
0.998651 -0.0415609 0.0319073 0.928097 0.0411084 0.999059 0.0146695 -0.214438 -0.032486 -0.0133366 0.999408 166.867
0.998684 -0.0403916 0.032514 0.971087 0.0399238 0.999104 0.014871 -0.194374 -0.0330842 -0.0135517 0.999387 168.197
0.998793 -0.0387151 0.0310124 0.96641 0.038335 0.999196 0.0127242 -0.184283 -0.0314792 -0.0115183 0.999463 169.48
0.998874 -0.0360637 0.0317766 0.989583 0.0357597 0.999322 0.0100435 -0.175648 -0.0321161 -0.0088943 0.999471 170.799
0.99908 -0.0307089 0.0307222 1.01056 0.0304512 0.999511 0.00878567 -0.167624 -0.0309762 -0.00784042 0.999516 172.185
0.999197 -0.0266144 0.0309475 1.03866 0.0263056 0.999614 0.0103002 -0.162165 -0.0312086 -0.00947626 0.999495 173.553
0.999189 -0.0243937 0.0327814 1.07518 0.0240086 0.999653 0.0120577 -0.158838 -0.0330634 -0.0112592 0.999417 174.921
0.999226 -0.024356 0.0318783 1.11439 0.0239137 0.999627 0.0141345 -0.156703 -0.0322097 -0.0133596 0.999419 176.305
0.999148 -0.0271345 0.0319432 1.15774 0.0266406 0.999536 0.0157548 -0.151209 -0.0323551 -0.0148886 0.999394 177.676
0.999165 -0.0294961 0.029352 1.2032 0.0290111 0.999452 0.0167581 -0.148943 -0.0298291 -0.0158909 0.999457 179.055
0.99914 -0.0300778 0.0294598 1.23981 0.0297142 0.999493 0.0126684 -0.133266 -0.0298252 -0.0117804 0.999515 180.425
0.999218 -0.0288428 0.0282352 1.28043 0.0286096 0.999568 0.00856824 -0.125081 -0.0284691 -0.0077522 0.999593 181.805
0.99934 -0.0267869 0.0256309 1.32857 0.0266626 0.999646 0.00514486 -0.119386 -0.0257591 -0.00445649 0.999687 183.177
0.999379 -0.0238367 0.0271874 1.35919 0.0236741 0.999714 0.00622754 -0.136997 -0.027327 -0.00557858 0.99964 184.534
0.999439 -0.0222968 0.0260872 1.38729 0.0220615 0.99973 0.00924359 -0.137564 -0.0262855 -0.00866132 0.999648 185.945
0.999367 -0.0230028 0.0283631 1.40997 0.0226664 0.999685 0.0120768 -0.144423 -0.0286311 -0.0114247 0.999554 187.317
0.99937 -0.0234724 0.0276506 1.44655 0.0231298 0.999668 0.0126167 -0.134919 -0.0279369 -0.0119675 0.999569 188.734
0.999308 -0.026232 0.0276516 1.48324 0.0258723 0.999594 0.0132385 -0.133001 -0.0279866 -0.0125124 0.999559 190.136
0.999276 -0.0273875 0.0274641 1.52787 0.0270212 0.999558 0.0135967 -0.144801 -0.0278237 -0.0128431 0.999561 191.522
0.99923 -0.0297635 0.0269085 1.56545 0.029396 0.999488 0.0139002 -0.147527 -0.0273073 -0.0130972 0.999571 192.951
0.999134 -0.0315663 0.028142 1.60593 0.0311397 0.999412 0.0154379 -0.150466 -0.0286119 -0.0145466 0.999517 194.343
0.999098 -0.0346859 0.0258969 1.65289 0.0342603 0.999291 0.0166522 -0.160221 -0.026455 -0.0157486 0.999556 195.811
0.999036 -0.0363495 0.0257903 1.68791 0.0358864 0.999207 0.0181658 -0.177683 -0.0264292 -0.0172211 0.999536 197.209
0.999137 -0.0345297 0.0245991 1.71066 0.0341733 0.999326 0.014716 -0.171659 -0.0250896 -0.0138613 0.99962 198.653
0.999327 -0.0276343 0.025296 1.73099 0.0273673 0.999584 0.0108114 -0.162532 -0.0255833 -0.0101102 0.999656 200.072
0.999478 -0.0190926 0.027433 1.74722 0.0187925 0.999781 0.0111136 -0.154016 -0.0276382 -0.0105908 0.999593 201.478
0.999573 -0.0136291 0.0269841 1.75151 0.0132661 0.999837 0.0135653 -0.137567 -0.0271636 -0.0131999 0.999578 202.961
0.999575 -0.01247 0.0277227 1.77903 0.0119891 0.999796 0.0174114 -0.130684 -0.0279332 -0.0170701 0.999495 204.398
0.999622 -0.0140386 0.0248784 1.80607 0.0136064 0.999772 0.0174387 -0.124517 -0.0251167 -0.0170919 0.999573 205.859
0.999589 -0.0168037 0.0247919 1.87447 0.0163815 0.999739 0.0170971 -0.102648 -0.025072 -0.0166824 0.999577 207.315
0.999556 -0.0183074 0.0247761 1.91308 0.0178785 0.999706 0.0174024 -0.0938292 -0.0250865 -0.0169501 0.999576 208.759
0.999619 -0.0174989 0.0230269 1.93738 0.0170931 0.999716 0.0176555 -0.0761062 -0.0233285 -0.0172538 0.999611 210.225
0.999597 -0.0173911 0.0238223 1.96008 0.016972 0.999718 0.0176625 -0.072501 -0.0241218 -0.0172495 0.999597 211.653
0.999661 -0.0157061 0.0225464 1.98072 0.0152852 0.999729 0.018676 -0.0618488 -0.0228327 -0.0183237 0.999604 213.134
0.999647 -0.016432 0.022369 2.00369 0.0160005 0.999704 0.0193035 -0.0447504 -0.0226786 -0.0189375 0.9996 214.595
0.999638 -0.016163 0.0232654 2.03616 0.015725 0.999719 0.0188468 -0.0323363 -0.0235625 -0.0184728 0.999585 216.033
0.999673 -0.0158397 0.0216635 2.05629 0.0154301 0.99972 0.0189195 -0.0215966 -0.0219561 -0.0185778 0.999624 217.527
0.999658 -0.0161353 0.0224374 2.09219 0.0157152 0.999721 0.0187339 -0.00981977 -0.0227326 -0.0183734 0.999608 218.971
0.999709 -0.0146332 0.0208711 2.11364 0.0142375 0.999738 0.0189542 -0.00475626 -0.0211421 -0.0186501 0.99964 220.465
0.999694 -0.0152809 0.0214391 2.13772 0.0148828 0.999737 0.0185628 0.000269168 -0.0217164 -0.0182367 0.999634 221.929
0.999714 -0.0154339 0.0200565 2.17434 0.0150661 0.999738 0.0183308 0.0206867 -0.0203332 -0.0180221 0.999669 223.444
0.999752 -0.0139747 0.0196449 2.19535 0.0136054 0.999753 0.0187566 0.0383092 -0.0199016 -0.0184832 0.999668 224.93
0.999749 -0.0125193 0.0204138 2.21263 0.0121433 0.999776 0.018414 0.0583942 -0.0206389 -0.0181601 0.999661 226.404
0.999799 -0.0121257 0.0184316 2.22613 0.0117825 0.999779 0.0185774 0.0577152 -0.0186522 -0.0183551 0.999695 227.929
0.99978 -0.0118554 0.0193824 2.24592 0.0115017 0.999787 0.0182324 0.0770567 -0.0195933 -0.0180041 0.999685 229.404
0.999808 -0.0111381 0.0186524 2.27791 0.0108003 0.9998 0.0180724 0.104442 -0.0188492 -0.0178659 0.999701 230.906
0.999789 -0.0119342 0.0189206 2.29887 0.0115771 0.999775 0.0188504 0.114905 -0.0191401 -0.018626 0.999683 232.392
0.999773 -0.0119743 0.0199902 2.31824 0.0115928 0.999772 0.0190485 0.133332 -0.020213 -0.0188109 0.999658 233.875
0.999807 -0.011748 0.0181465 2.34696 0.0113976 0.99977 0.0192816 0.148884 -0.0183678 -0.0190697 0.99969 235.374
0.99979 -0.0120912 0.0191191 2.36404 0.0117299 0.999774 0.0188529 0.162834 -0.0193421 -0.0186233 0.999681 236.88
0.999814 -0.0125026 0.017298 2.38541 0.0121764 0.999769 0.0188152 0.182354 -0.0175281 -0.0185996 0.999715 238.381
0.999791 -0.0136756 0.0180588 2.4021 0.0133075 0.999727 0.0203042 0.186148 -0.018331 -0.0200584 0.999674 239.89
0.999771 -0.0138516 0.0186751 2.42225 0.0134553 0.999706 0.0211585 0.207778 -0.0189615 -0.0209008 0.999644 241.392
0.999803 -0.013995 0.0171673 2.43334 0.0136787 0.999759 0.0183613 0.215605 -0.0174197 -0.0181216 0.999727 242.949
0.99977 -0.01398 0.0186933 2.46166 0.013688 0.999804 0.0156382 0.229567 -0.0189071 -0.0153772 0.999745 244.476
0.999797 -0.0133202 0.0180482 2.48229 0.0130331 0.99981 0.0158963 0.238853 -0.018256 -0.0156567 0.999754 245.999
0.999784 -0.0136831 0.0181392 2.5048 0.0133768 0.999789 0.016882 0.243868 -0.0183652 -0.016634 0.999736 247.524
0.999807 -0.0123137 0.0182323 2.51907 0.0119851 0.999789 0.017996 0.256098 -0.0184496 -0.0177729 0.999715 249.037
0.999818 -0.0124787 0.0171747 2.54272 0.0121633 0.999779 0.0183173 0.26499 -0.0173981 -0.0181035 0.999728 250.572
0.999814 -0.0118363 0.0182639 2.55626 0.0114945 0.999783 0.0186861 0.275661 -0.0184807 -0.0184715 0.999702 252.084
0.999822 -0.0122043 0.0171353 2.58182 0.0118772 0.99977 0.0190319 0.295504 -0.0173625 -0.0188232 0.999716 253.625
0.999797 -0.0127232 0.0187529 2.59748 0.0123432 0.999743 0.0202182 0.317355 -0.019005 -0.0199813 0.999664 255.139
0.999798 -0.0138548 0.0173485 2.62082 0.0134986 0.999722 0.0204512 0.326999 -0.0176259 -0.0202112 0.999685 256.692
0.999788 -0.0150354 0.0174635 2.64358 0.0146667 0.999695 0.0210167 0.352286 -0.0177741 -0.0207549 0.999671 258.221
0.999734 -0.0154026 0.0196716 2.66641 0.014979 0.99968 0.0214706 0.376932 -0.0199948 -0.0211685 0.999621 259.743
0.999765 -0.0156449 0.018238 2.69525 0.0152536 0.999678 0.0213645 0.395567 -0.0185663 -0.02108 0.99965 261.281
0.999742 -0.01559 0.0191244 2.71818 0.0151822 0.999681 0.0212569 0.411071 -0.0194487 -0.0209594 0.999636 262.805
0.999771 -0.0153464 0.0182453 2.76132 0.0149599 0.999688 0.0211072 0.434076 -0.0185637 -0.0208282 0.999656 264.342
0.999685 -0.0177903 0.0202096 2.78767 0.0173586 0.999644 0.021306 0.466303 -0.0205805 -0.0209468 0.999614 265.911
0.999607 -0.019726 0.0225718 2.81594 0.0192616 0.999625 0.0205772 0.469862 -0.0229693 -0.020133 0.999579 267.43
0.99959 -0.0203617 0.0223807 2.84612 0.0199131 0.999623 0.0200483 0.480705 -0.0227793 -0.0195927 0.999594 268.962
0.999553 -0.019629 0.0249442 2.87297 0.0191289 0.999637 0.0201016 0.494869 -0.0253298 -0.0196141 0.999532 270.501
0.999536 -0.0184614 0.0261579 2.89991 0.017934 0.999657 0.0202251 0.49901 -0.026521 -0.0197447 0.999499 272.06
0.999431 -0.0168466 0.0311162 2.9311 0.0161692 0.999653 0.0218759 0.493087 -0.0314739 -0.0213589 0.999322 273.559
0.999289 -0.0151914 0.0358921 2.96092 0.0143397 0.999635 0.0238518 0.493713 -0.0362397 -0.0233181 0.999117 275.06
0.999248 -0.0161233 0.0368742 3.00412 0.0152755 0.999639 0.0231392 0.512541 -0.0372336 -0.022557 0.999098 276.606
0.999008 -0.0152963 0.0429596 3.05416 0.0143117 0.999652 0.0231174 0.50337 -0.0432964 -0.0224775 0.998855 278.082
0.999031 -0.0159478 0.0424386 3.11434 0.0149887 0.99965 0.022806 0.532226 -0.0427868 -0.0221461 0.998885 279.628
0.99898 -0.0163992 0.0432242 3.17375 0.0153997 0.999631 0.0233399 0.551872 -0.0435891 -0.0226483 0.998839 281.16
0.998821 -0.0178405 0.046429 3.24039 0.0167021 0.999577 0.024776 0.566587 -0.0468506 -0.0239695 0.998662 282.681
0.99883 -0.0184583 0.0457782 3.28992 0.0173219 0.999558 0.0250838 0.586545 -0.046219 -0.0242594 0.998683 284.222
0.998707 -0.0191996 0.048319 3.36351 0.0180935 0.99959 0.0232091 0.604922 -0.048744 -0.022303 0.99861 285.742
0.998812 -0.018383 0.0462204 3.43056 0.0173481 0.999614 0.0226789 0.617454 -0.0466176 -0.021848 0.998721 287.299
0.998856 -0.0185339 0.0454092 3.49351 0.017514 0.999612 0.0227378 0.636657 -0.045812 -0.0219146 0.998757 288.842
0.998763 -0.0197516 0.0467184 3.55662 0.0186707 0.999573 0.0234463 0.655812 -0.0471595 -0.0225429 0.99868 290.378
0.9989 -0.0191349 0.0442031 3.61947 0.0180928 0.999576 0.0238363 0.670381 -0.0446396 -0.0230084 0.998786 291.954
0.998825 -0.0184744 0.045913 3.68943 0.0174034 0.999592 0.0236048 0.690621 -0.0463283 -0.022776 0.998714 293.482
0.998921 -0.0183007 0.044137 3.75354 0.0172474 0.999585 0.0241068 0.715515 -0.0445591 -0.0233177 0.998784 295.068
0.998965 -0.018722 0.0426709 3.80779 0.0177044 0.999576 0.0240853 0.739525 -0.0431015 -0.0233027 0.998847 296.637
0.998927 -0.0186207 0.0438487 3.87325 0.0175034 0.999541 0.025704 0.758595 -0.0443063 -0.0249072 0.998757 298.177
0.999018 -0.0176346 0.0418917 3.92959 0.0165194 0.999527 0.0268062 0.788268 -0.0423425 -0.0260855 0.998811 299.77
0.998937 -0.0170201 0.0442884 3.99303 0.0158202 0.999528 0.027282 0.81331 -0.0447309 -0.0265506 0.998696 301.332
0.998926 -0.0167126 0.0443766 4.04545 0.0155145 0.999532 0.027201 0.843956 -0.0448084 -0.0264809 0.998693 302.915
0.998897 -0.0174032 0.0450461 4.11353 0.0161652 0.999511 0.0276817 0.881889 -0.0455048 -0.026921 0.998652 304.496
0.998785 -0.0183656 0.0468594 4.19021 0.0171064 0.999509 0.027124 0.906843 -0.0473324 -0.026287 0.998582 306.07
0.998815 -0.0183948 0.046446 4.26578 0.0171933 0.999535 0.0261198 0.92048 -0.0469037 -0.0252883 0.998631 307.663
0.998749 -0.0184704 0.0475897 4.33362 0.0173002 0.999564 0.024875 0.947234 -0.048026 -0.0240182 0.998606 309.261
0.998897 -0.0181989 0.0447454 4.40673 0.017097 0.999568 0.0248677 0.983057 -0.0451776 -0.0240732 0.998741 310.866
0.998989 -0.0176206 0.0426241 4.46568 0.016578 0.999581 0.0246811 1.01176 -0.0430389 -0.0239472 0.998836 312.468
0.998981 -0.0163615 0.0435889 4.51804 0.0151623 0.999525 0.0276817 1.04208 -0.0440202 -0.0269904 0.998718 314.071
0.99897 -0.0175688 0.0431047 4.58624 0.0162636 0.999429 0.0304352 1.0712 -0.0436126 -0.0297002 0.998657 315.704
0.998904 -0.018481 0.0445056 4.64598 0.0171085 0.999396 0.031005 1.10493 -0.0450508 -0.0302073 0.99858 317.317
0.998911 -0.0190257 0.0438623 4.7192 0.0176567 0.999376 0.0313766 1.13733 -0.0444297 -0.0305653 0.998595 318.951
0.998891 -0.0194574 0.044383 4.8 0.0181006 0.999386 0.0307513 1.1671 -0.0449532 -0.0299115 0.998593 320.584
0.998928 -0.019082 0.0434438 4.86699 0.0177525 0.999393 0.0307727 1.2186 -0.0440025 -0.0299659 0.998632 322.251
0.998918 -0.0189779 0.0439905 4.93678 0.0176577 0.999411 0.0301888 1.24995 -0.0445366 -0.0293771 0.998628 323.874
0.99879 -0.0189672 0.0465684 4.99896 0.0175753 0.999416 0.0301088 1.28217 -0.0471099 -0.0292512 0.998512 325.498
0.998832 -0.018959 0.045916 5.07082 0.0176008 0.999425 0.0297853 1.31631 -0.0464533 -0.02894 0.998554 327.142
0.998702 -0.020076 0.0479838 5.13769 0.0185474 0.999338 0.0320788 1.3521 -0.0485935 -0.0311444 0.998385 328.746
0.998676 -0.0225841 0.0476295 5.21307 0.0210462 0.999273 0.0325275 1.40258 -0.0483284 -0.0314796 0.998388 330.404
0.998639 -0.0234248 0.0477813 5.28836 0.0219337 0.999288 0.0314825 1.45173 -0.0484822 -0.0303888 0.998413 332.013
0.998554 -0.0228696 0.0500141 5.3557 0.0212468 0.999262 0.0327225 1.49804 -0.0507244 -0.03161 0.998266 333.629
0.998635 -0.021769 0.0486492 5.43277 0.0202714 0.999336 0.0310563 1.54996 -0.0492905 -0.0300249 0.998385 335.245
0.998655 -0.0192807 0.0495176 5.49699 0.0178216 0.999423 0.0297236 1.55196 -0.0500611 -0.0287988 0.998385 336.835
0.998736 -0.0184886 0.0479239 5.56629 0.0170019 0.999392 0.031239 1.58809 -0.04847 -0.0303819 0.998414 338.453
0.998783 -0.0181219 0.0473345 5.63526 0.0164864 0.999286 0.0346987 1.62129 -0.0479286 -0.0338735 0.99833 340.064
0.998761 -0.0172457 0.047886 5.7064 0.0154584 0.999204 0.0374396 1.65002 -0.0484911 -0.03665 0.998203 341.644
0.998885 -0.0164726 0.0457575 5.77493 0.0147685 0.999218 0.0373156 1.69256 -0.0463354 -0.0365956 0.998309 343.259
0.998851 -0.0165607 0.0462424 5.8395 0.0147821 0.999172 0.0385386 1.74292 -0.0468398 -0.0378077 0.998239 344.84
0.998981 -0.0170047 0.0434026 5.91042 0.0152825 0.999119 0.0396874 1.80207 -0.0440382 -0.0389809 0.998323 346.454
0.999016 -0.0180773 0.0418944 5.99823 0.0163419 0.999034 0.0413949 1.85788 -0.0425999 -0.0406664 0.998317 348.071
0.999004 -0.0180778 0.0424745 6.05121 0.0163233 0.999038 0.0412758 1.87077 -0.0431788 -0.0405384 0.998299 349.631
0.999051 -0.0183323 0.0409581 6.10343 0.0166223 0.999016 0.0417014 1.91682 -0.04168 -0.0409778 0.998343 351.261
0.999019 -0.0184212 0.0419865 6.16096 0.016663 0.999009 0.0418259 1.96935 -0.0427143 -0.0410822 0.998298 352.821
0.999031 -0.0190404 0.0411209 6.22277 0.0172987 0.998979 0.042297 2.0186 -0.041882 -0.0415415 0.998311 354.433
0.999067 -0.0199473 0.0401196 6.28777 0.018254 0.998969 0.042113 2.06519 -0.0409173 -0.0413382 0.998363 356.044
0.999003 -0.0201553 0.04128 6.34336 0.0184112 0.998963 0.0421993 2.1112 -0.0420852 -0.0413941 0.99831 357.606
0.999057 -0.0202244 0.040218 6.40241 0.0184991 0.998936 0.0427911 2.1551 -0.0410396 -0.0420035 0.99833 359.235
0.999003 -0.0202438 0.0412402 6.46005 0.0184896 0.99895 0.0424769 2.20813 -0.0420542 -0.0416689 0.9983 360.798
0.999041 -0.0215152 0.039948 6.519 0.0198204 0.998931 0.042322 2.24889 -0.0408148 -0.0414864 0.998361 362.421
0.998998 -0.0235274 0.039585 6.57912 0.0217911 0.99883 0.0437271 2.31397 -0.040565 -0.0428175 0.998313 364.018
0.998929 -0.0250239 0.040685 6.63989 0.0231757 0.99873 0.0452516 2.35763 -0.0417646 -0.0442569 0.998203 365.591
0.998994 -0.0252697 0.038609 6.69764 0.0235461 0.998758 0.0444501 2.40375 -0.0396818 -0.043493 0.998319 367.231
0.998978 -0.0243771 0.0399024 6.75379 0.0225986 0.998782 0.0443996 2.45501 -0.0409351 -0.0434491 0.998273 368.806
0.999019 -0.0233931 0.0391333 6.80737 0.0215957 0.998744 0.0457267 2.51251 -0.0401514 -0.0448335 0.998241 370.418
0.998976 -0.0229473 0.0407892 6.85998 0.0210264 0.998703 0.0468864 2.55914 -0.0418111 -0.0459773 0.998124 371.998
0.999003 -0.0230337 0.0397495 6.92083 0.0211379 0.998673 0.0474614 2.59142 -0.0407875 -0.0465704 0.998136 373.632
0.999004 -0.0231545 0.0399898 6.98003 0.0212481 0.998673 0.0474242 2.64705 -0.0410337 -0.0465238 0.998131 375.227
0.998943 -0.0224072 0.0415873 7.03011 0.0204118 0.998673 0.0477916 2.70459 -0.0426005 -0.0468887 0.998046 376.832
0.999044 -0.0211538 0.0401036 7.08424 0.019206 0.998672 0.0483188 2.7894 -0.0410713 -0.0474988 0.998085 378.468
0.998977 -0.0205173 0.0417581 7.1404 0.0184521 0.99864 0.04925 2.84479 -0.0427092 -0.0484255 0.997968 380.049
0.999027 -0.0183328 0.0418811 7.19578 0.0162231 0.998634 0.0501488 2.91948 -0.0427421 -0.0494168 0.997921 381.714
0.999015 -0.0175922 0.0422026 7.25628 0.0154443 0.99862 0.0506904 2.9818 -0.0430334 -0.0499851 0.997878 383.319
0.998977 -0.0170032 0.0435869 7.30939 0.0147708 0.998613 0.0510183 3.03418 -0.0443926 -0.0503186 0.997805 384.937
0.9991 -0.0147738 0.0412681 7.36474 0.0126104 0.998581 0.0522042 3.09375 -0.0419783 -0.0516331 0.997839 386.579
0.999055 -0.0136958 0.0430159 7.42027 0.0113902 0.998534 0.0533768 3.15817 -0.0436828 -0.0528324 0.997707 388.172
0.999154 -0.0124408 0.0407379 7.47143 0.0102212 0.998499 0.0542551 3.23355 -0.0413493 -0.053789 0.997752 389.833
0.999159 -0.0117516 0.0411591 7.53033 0.00950524 0.998502 0.0543382 3.30462 -0.0417348 -0.0538969 0.997735 391.449
0.999083 -0.0132835 0.0421834 7.58957 0.0109543 0.998452 0.0549821 3.35151 -0.0428459 -0.054466 0.997653 393.083
