0.99981 -0.00107723 -0.0195365 0.205727 0.00111606 0.999999 0.00198841 -0.0186359 0.0195355 -0.00200994 0.999812 0.889339
0.999776 -0.00226564 -0.0211007 0.189138 0.00232445 0.999996 0.00276863 -0.045429 0.0210963 -0.00281702 0.999776 2.27151
0.99979 -0.00342329 -0.020355 0.145531 0.0034403 0.999997 0.000823406 -0.0514167 0.0203538 -0.000893494 0.999799 3.62218
0.999778 -0.00337911 -0.0208986 0.119015 0.00339031 0.999997 0.00050749 -0.0635019 0.0208987 -0.000578184 0.999785 4.98921
0.999735 -0.0038856 -0.0228627 0.113426 0.0039177 0.999995 0.00138361 -0.0854185 0.0228592 -0.00147298 0.999746 6.31819
0.999673 -0.00612528 -0.0249091 0.130898 0.00618059 0.999982 0.00214671 -0.100822 0.0248975 -0.00229995 0.999691 7.6623
0.999638 -0.00574184 -0.0264281 0.118419 0.00579943 0.999985 0.00212445 -0.109659 0.0264177 -0.00227708 0.999657 9.0441
0.999613 -0.00496135 -0.0274625 0.0865956 0.00497124 0.999992 0.000295379 -0.125726 0.0274627 -0.000431779 0.999627 10.4138
0.999577 -0.00271766 -0.0291132 0.0674544 0.00266447 0.999999 -0.00185253 -0.147621 0.0291203 0.00177395 0.999584 11.7945
0.999606 0.000965832 -0.0281742 -0.00239892 -0.00105447 1 -0.00312019 -0.164699 0.0281733 0.00314871 0.999603 13.1325
0.999615 0.00316126 -0.0277664 -0.058802 -0.00322583 0.999996 -0.00227042 -0.201819 0.0277612 0.00235886 0.999622 14.5095
0.999635 0.00387115 -0.0268717 -0.119415 -0.00389404 0.999998 -0.000798314 -0.230848 0.0268707 0.00090266 0.999644 15.8666
0.999679 0.00159951 -0.025496 -0.186124 -0.00153595 0.999999 0.0025221 -0.262195 0.0255021 -0.00248236 0.999683 17.2348
0.999721 -0.00257463 -0.0236619 -0.25265 0.00267632 0.999993 0.00426898 -0.278577 0.0236529 -0.00433116 0.999717 18.5999
0.999729 -0.00553855 -0.0228806 -0.301279 0.00560055 0.999985 0.00265664 -0.305627 0.0228675 -0.00278433 0.999747 19.9792
0.999743 -0.0064187 -0.0220209 -0.35662 0.00644871 0.999986 0.00126216 -0.330807 0.0220154 -0.00140411 0.999767 21.315
0.999786 -0.00398805 -0.0206052 -0.405971 0.00399213 0.999998 0.000201776 -0.361256 0.0206063 -0.000284323 0.999802 22.7095
0.999811 -0.000999983 -0.0197306 -0.445159 0.0010508 1 0.002538 -0.38582 0.0197313 -0.00255854 0.999812 24.1153
0.999835 -0.000361809 -0.0185459 -0.49137 0.000488506 0.999983 0.00687788 -0.41648 0.0185451 -0.00688611 0.99982 25.5372
0.999864 -0.00259749 -0.0166275 -0.542374 0.00274199 0.999967 0.00864265 -0.42814 0.0166077 -0.0086874 0.999835 26.9156
0.999852 -0.00688264 -0.0162472 -0.575982 0.00700265 0.999956 0.00739591 -0.449074 0.0161976 -0.00750893 0.999856 28.3248
0.99986 -0.00736822 -0.0154933 -0.622155 0.00746061 0.999964 0.00587646 -0.473986 0.0154527 -0.00599157 0.999874 29.7139
0.999892 -0.00854522 -0.0128591 -0.68231 0.00858832 0.999966 0.00339156 -0.489495 0.0128323 -0.00350201 0.999928 31.0916
0.999938 -0.00513939 -0.0105939 -0.726248 0.00516337 0.999995 0.00221163 -0.506803 0.0105859 -0.00226661 0.999955 32.485
0.999959 -0.00387515 -0.009373 -0.770726 0.0038771 1 0.000326304 -0.526721 0.00937412 -0.000363009 0.999973 33.8773
0.999971 -0.00328139 -0.00805719 -0.808866 0.00328737 1 0.000719631 -0.547588 0.00805826 -0.000746588 0.999982 35.2894
0.999981 -0.00298719 -0.00721463 -0.843666 0.0029963 1 0.00143488 -0.558827 0.00721269 -0.00145679 0.999993 36.7093
0.999976 -0.00212986 -0.00793055 -0.850688 0.00215009 1.00001 0.00254331 -0.574327 0.00792857 -0.00256095 0.999982 38.1363
0.999972 0.000176256 -0.00886884 -0.847487 -0.000151061 1.00001 0.00299489 -0.594943 0.00887169 -0.00299384 0.999976 39.5959
0.999974 0.00253908 -0.00815537 -0.87874 -0.00251972 1.00001 0.00239567 -0.612268 0.00816489 -0.00237564 0.999982 41.0336
0.99996 0.0047964 -0.00889748 -0.881819 -0.00477589 0.999996 0.00247669 -0.630162 0.00891159 -0.00243452 0.999978 42.5156
0.999957 0.00587495 -0.00855544 -0.90422 -0.00585344 0.999992 0.00257725 -0.649595 0.00857386 -0.00252768 0.99998 43.9596
0.999953 0.004678 -0.00983246 -0.89908 -0.00465926 0.999997 0.00208052 -0.667485 0.00984449 -0.00203504 0.999973 45.4141
0.999958 0.00341293 -0.00982852 -0.922803 -0.00338332 1 0.00307313 -0.708136 0.00984272 -0.0030405 0.999969 46.8481
0.999957 0.00306263 -0.0100287 -0.962092 -0.00303124 1 0.00333375 -0.724938 0.0100413 -0.00330397 0.999967 48.2536
0.999943 0.00322615 -0.0112779 -0.975779 -0.00317058 0.999995 0.00498492 -0.748894 0.0112975 -0.0049496 0.999947 49.7374
0.999914 0.00325753 -0.0135752 -0.967828 -0.00319493 0.999995 0.00476448 -0.767999 0.0135929 -0.00472162 0.999921 51.2031
0.999887 0.00413035 -0.015305 -0.987448 -0.00407265 0.999997 0.00382807 -0.763184 0.0153243 -0.00376599 0.999898 52.6717
0.99987 0.00440418 -0.016213 -1.01934 -0.00434116 0.999994 0.00403713 -0.774309 0.016233 -0.00396708 0.999885 54.1059
0.999869 0.00371373 -0.016539 -1.0476 -0.00363495 0.999995 0.00481349 -0.793968 0.0165604 -0.0047535 0.999875 55.5829
0.999872 0.00214938 -0.0165689 -1.07408 -0.0020649 0.999997 0.00524772 -0.815157 0.0165826 -0.00521353 0.999875 57.0474
0.99988 0.000169382 -0.0163582 -1.11672 -9.95289e-05 1.00001 0.00428734 -0.826317 0.0163628 -0.00428595 0.999882 58.5038
0.999912 -0.0012398 -0.014034 -1.17378 0.00131051 0.999999 0.00520121 -0.853302 0.0140302 -0.00521971 0.999915 59.9458
0.999925 -0.00244821 -0.0131644 -1.20989 0.00254147 0.999988 0.00707576 -0.878728 0.0131511 -0.00710959 0.999916 61.3852
0.999929 -0.00499347 -0.011914 -1.24781 0.00510437 0.999956 0.00951531 -0.909717 0.0118683 -0.00957614 0.999913 62.8357
0.99992 -0.00710752 -0.0119487 -1.24061 0.00721798 0.999951 0.00922893 -0.929183 0.0118848 -0.00931518 0.999918 64.2625
0.999912 -0.00898645 -0.0111837 -1.26687 0.00907194 0.999947 0.00784769 -0.933451 0.0111134 -0.00794911 0.999939 65.7106
0.999938 -0.00844064 -0.00934821 -1.3025 0.00850897 0.999956 0.00729552 -0.947053 0.00928858 -0.00737533 0.999962 67.1096
0.999941 -0.00816663 -0.00912394 -1.31403 0.00823049 0.999959 0.00724461 -0.959629 0.00906462 -0.00731984 0.999967 68.5709
0.999992 -0.0040634 -0.00592318 -1.37099 0.00411516 0.999975 0.00870347 -0.983299 0.00588952 -0.00872848 0.999979 69.9363
1 -0.000546996 -0.00494978 -1.38593 0.000593815 0.999971 0.00989833 -0.993521 0.00494383 -0.00990196 0.999974 71.4399
0.999998 0.00535159 -0.00339897 -1.39905 -0.00532263 0.999972 0.00844558 -0.988171 0.00344554 -0.00842838 0.999994 72.8768
0.999972 0.00951683 -0.00138675 -1.4662 -0.00950965 0.999954 0.00668971 -0.968197 0.00144951 -0.00667707 1.00001 74.3465
0.999929 0.0133905 -0.000100831 -1.49251 -0.0133898 0.999921 0.00476269 -0.965287 0.000165782 -0.00476191 1.00002 75.7732
0.999908 0.0149018 -0.000261823 -1.47633 -0.0149026 0.999898 0.00521102 -1.00045 0.000338233 -0.00520737 1.00002 77.2186
0.999896 0.0156349 0.000992037 -1.50312 -0.0156388 0.999892 0.00432252 -1.00342 -0.000923518 -0.00433837 1.00003 78.6718
0.999912 0.0147612 -0.000262671 -1.47148 -0.0147627 0.999909 0.00331953 -1.02164 0.000309813 -0.00331607 1.00003 80.0687
0.999926 0.0136084 -0.00107679 -1.46084 -0.0136086 0.999931 -0.000184114 -1.00368 0.00107492 0.000197878 1.00004 81.4529
0.999927 0.0137174 0.000306861 -1.50973 -0.0137189 0.999929 -0.00220333 -0.997647 -0.000339648 0.00219836 1.00004 82.8761
0.999959 0.0111523 -3.97647e-05 -1.47609 -0.0111521 0.999963 0.000676505 -1.06767 4.75949e-05 -0.000676742 1.00004 84.1728
0.999946 0.012326 0.000398942 -1.50424 -0.0123275 0.999951 -0.00171988 -1.06791 -0.000424441 0.00171433 1.00004 85.6049
0.999939 0.0125085 0.00274962 -1.57439 -0.0125012 0.999945 -0.00254399 -1.07813 -0.00278195 0.00250899 1.00003 87.0023
0.999925 0.0123885 0.00656579 -1.69007 -0.0123623 0.999943 -0.00432936 -1.0554 -0.00662442 0.00424726 1.00002 88.4313
0.999955 0.00978101 0.00606469 -1.64704 -0.009775 0.999982 -0.000920193 -1.14013 -0.00607481 0.000860404 1.00002 89.7302
0.999974 0.00790102 0.00617855 -1.69547 -0.00788571 0.999998 -0.00274029 -1.12224 -0.00620633 0.00269092 1.00003 91.1807
0.999983 0.00585747 0.00660712 -1.70194 -0.00584038 1.00001 -0.00245135 -1.16016 -0.00662333 0.0024123 1.00002 92.5246
0.999971 0.00463895 0.00924778 -1.76523 -0.00460052 1.00001 -0.00432208 -1.16412 -0.00927432 0.00427879 1 93.8878
1 0.00293859 0.00602993 -1.67728 -0.00291172 1.00002 -0.00425857 -1.21413 -0.00604495 0.00424058 1.00002 95.2996
0.999996 0.00323926 0.00692882 -1.70838 -0.00320057 1.00001 -0.00572968 -1.22395 -0.00695418 0.0057069 1.00002 96.7412
0.999962 0.00337718 0.0106901 -1.78609 -0.00328483 0.999992 -0.00850716 -1.21926 -0.0107212 0.00847127 0.999953 98.1509
0.999959 0.00446869 0.0106409 -1.75631 -0.00438451 0.999993 -0.00795989 -1.28567 -0.0106831 0.00791245 0.99997 99.506
0.999914 0.00723625 0.0130985 -1.79732 -0.00710934 0.999964 -0.00961214 -1.28726 -0.0131702 0.0095179 0.999916 100.894
0.999933 0.00634794 0.012128 -1.75018 -0.00625766 0.999987 -0.00754285 -1.33538 -0.0121826 0.00746601 0.999958 102.259
0.999973 0.0071808 0.00768861 -1.65784 -0.00714613 1 -0.00434113 -1.40641 -0.0077224 0.00428577 1.00001 103.581
0.999976 0.00653482 0.00762077 -1.66567 -0.00648293 0.999991 -0.00686194 -1.42042 -0.00767237 0.00681185 1.00001 104.964
0.999998 0.00539049 0.00543019 -1.61361 -0.00534228 0.999986 -0.00861428 -1.46971 -0.00547913 0.00858499 0.999999 106.284
0.999981 0.00665117 0.00701863 -1.66059 -0.00657249 0.999952 -0.0111588 -1.47629 -0.00709924 0.0111118 0.999982 107.621
0.999999 0.00332774 0.00685353 -1.65834 -0.00326165 0.999994 -0.00936422 -1.52492 -0.00688838 0.00934166 0.999988 108.946
0.999969 0.00302529 0.0104876 -1.70796 -0.00293195 0.999994 -0.00887682 -1.53951 -0.0105215 0.00884533 0.999979 110.347
0.999957 0.0023628 0.0117344 -1.70967 -0.00225264 0.999998 -0.00924797 -1.55914 -0.01176 0.00922086 0.999946 111.711
0.999953 0.0013298 0.0123461 -1.67703 -0.00118364 0.99997 -0.011804 -1.58803 -0.012369 0.0117884 0.99993 113.04
0.999934 0.0018741 0.0137762 -1.66925 -0.00171649 0.999977 -0.0112858 -1.67753 -0.0138014 0.0112609 0.999903 114.401
0.999885 0.00587643 0.0160259 -1.68876 -0.00563434 0.999912 -0.0150882 -1.68763 -0.0161211 0.0149956 0.999835 115.785
0.999826 0.00851202 0.0183735 -1.68428 -0.00823535 0.999897 -0.0149665 -1.73144 -0.0185035 0.014812 0.999781 117.103
0.999787 0.00968543 0.019855 -1.65538 -0.00945134 0.999928 -0.0118252 -1.79431 -0.0199763 0.0116345 0.999811 118.443
0.999778 0.00934796 0.0204652 -1.61782 -0.00915718 0.999961 -0.00928624 -1.84178 -0.0205558 0.00909624 0.999813 119.811
0.999748 0.00880842 0.0221411 -1.62344 -0.00860625 0.999964 -0.00918074 -1.86999 -0.0222298 0.00898741 0.999792 121.153
0.999664 0.0101587 0.0251327 -1.62698 -0.00986431 0.999928 -0.0117081 -1.87395 -0.025255 0.0114556 0.999683 122.512
0.99958 0.0134249 0.0269338 -1.61078 -0.0130602 0.999865 -0.013652 -1.89532 -0.0271223 0.013294 0.999625 123.872
0.999426 0.01599 0.030915 -1.64244 -0.0154948 0.999796 -0.0161052 -1.9025 -0.031172 0.0156165 0.999462 125.243
0.999363 0.0167563 0.0324986 -1.56865 -0.0162475 0.999788 -0.0158407 -1.97862 -0.0327666 0.0153023 0.999427 126.514
0.999302 0.0172351 0.0341136 -1.53474 -0.0166799 0.999774 -0.0164149 -2.02523 -0.0343962 0.0158339 0.999354 127.869
0.999283 0.0156477 0.0354161 -1.46891 -0.0151139 0.999816 -0.0152722 -2.09961 -0.0356585 0.0147257 0.999338 129.164
0.999186 0.0159749 0.0379054 -1.46421 -0.0153855 0.999806 -0.015719 -2.1192 -0.0381569 0.0151226 0.99923 130.505
0.999085 0.015013 0.0408655 -1.44925 -0.0143642 0.999815 -0.0160989 -2.14804 -0.0411103 0.0154969 0.999119 131.854
0.999129 0.0135192 0.0403246 -1.37608 -0.0129086 0.999849 -0.0153005 -2.19985 -0.0405334 0.014766 0.999144 133.191
0.999162 0.0106805 0.0403546 -1.32289 -0.010069 0.999881 -0.0152938 -2.24083 -0.0405241 0.0148745 0.999153 134.542
0.99922 0.00878183 0.0393738 -1.25183 -0.00821955 0.999912 -0.0143493 -2.28995 -0.0395045 0.014014 0.999197 135.93
0.999244 0.00709907 0.0391209 -1.21276 -0.00650369 0.999911 -0.0152987 -2.32157 -0.0392374 0.0150323 0.999204 137.349
0.999224 0.00586971 0.0398447 -1.19633 -0.00524788 0.999914 -0.0156191 -2.36543 -0.0399412 0.0153974 0.99916 138.692
0.999223 0.00465429 0.0400094 -1.16898 -0.00408452 0.999939 -0.0142832 -2.41453 -0.0400847 0.0141084 0.999184 140.073
0.999235 0.00296022 0.039893 -1.13425 -0.00237768 0.999941 -0.0145681 -2.45232 -0.0399419 0.0144617 0.999174 141.453
0.999219 0.00296223 0.0403027 -1.11664 -0.00236707 0.999938 -0.014773 -2.49579 -0.0403554 0.0146658 0.999166 142.821
0.999211 0.00290306 0.0405127 -1.0905 -0.00228612 0.999933 -0.0151949 -2.54199 -0.0405622 0.01509 0.99914 144.207
0.999158 0.00260609 0.04182 -1.07908 -0.00195662 0.999929 -0.015525 -2.58518 -0.0418689 0.0154299 0.999095 145.589
0.999143 0.000730103 0.0422772 -1.05024 6.03917e-05 0.999878 -0.0186214 -2.62319 -0.0422936 0.0186077 0.999011 146.973
0.999136 -0.00395464 0.0422585 -1.01365 0.00480671 0.99984 -0.0200469 -2.65116 -0.0421837 0.0202325 0.998997 148.357
0.999129 -0.0122412 0.0407858 -0.943578 0.013016 0.999793 -0.0187045 -2.69099 -0.040556 0.0192189 0.999073 149.679
0.999015 -0.0182222 0.0413972 -0.925916 0.0190027 0.999703 -0.01849 -2.72246 -0.0410586 0.019258 0.999068 151.054
0.998951 -0.0216801 0.0412472 -0.878909 0.0226088 0.999554 -0.0220943 -2.76644 -0.0407575 0.0230036 0.998986 152.439
0.998932 -0.0206599 0.0422638 -0.836671 0.0217537 0.999493 -0.0255552 -2.82168 -0.0417244 0.026447 0.99888 153.778
0.998949 -0.0173315 0.0433196 -0.778983 0.0185075 0.999522 -0.0268132 -2.89654 -0.0428419 0.0275865 0.998784 155.16
0.998881 -0.0173509 0.0449126 -0.730561 0.0185893 0.999512 -0.0272742 -2.94795 -0.0444274 0.0280781 0.99872 156.552
0.998729 -0.0205942 0.0468265 -0.701521 0.021724 0.999538 -0.0236734 -3.00736 -0.046325 0.0246602 0.998706 157.864
0.99857 -0.0263953 0.0473667 -0.6286 0.0273904 0.999473 -0.0204459 -3.06703 -0.0468119 0.0217135 0.998771 159.261
0.998435 -0.0301648 0.0479069 -0.56458 0.0311325 0.99938 -0.0195079 -3.11557 -0.0472963 0.0209685 0.998746 160.624
0.998287 -0.0314411 0.0501583 -0.544923 0.0324776 0.99933 -0.0199463 -3.15799 -0.0495073 0.0215405 0.998645 161.982
0.998222 -0.0290853 0.0527951 -0.505366 0.0301698 0.999404 -0.0197966 -3.20183 -0.0521955 0.0213539 0.998495 163.36
0.998221 -0.026025 0.054397 -0.4511 0.0270915 0.999511 -0.0189268 -3.2702 -0.0538875 0.0203662 0.998445 164.726
0.998166 -0.0228214 0.0568021 -0.399865 0.0241137 0.999521 -0.0221102 -3.30915 -0.0562781 0.023439 0.998228 166.085
0.998152 -0.0207212 0.0578447 -0.354213 0.0220213 0.999575 -0.0218982 -3.36158 -0.0573761 0.0231308 0.998191 167.447
0.997967 -0.0186323 0.0616332 -0.33234 0.019982 0.999631 -0.0212933 -3.40495 -0.0612217 0.0224811 0.99796 168.824
0.997962 -0.0169787 0.0621889 -0.278297 0.0183796 0.999648 -0.0219968 -3.44345 -0.0618032 0.0230942 0.997928 170.205
0.997983 -0.0145713 0.0624877 -0.211585 0.0161061 0.999639 -0.0240618 -3.5052 -0.0621227 0.0250192 0.997846 171.598
0.998046 -0.0128911 0.0618176 -0.139944 0.0144728 0.999637 -0.0251856 -3.58014 -0.0614804 0.0260302 0.997876 172.959
0.998064 -0.00715751 0.0625147 -0.0765118 0.00882332 0.999674 -0.0263395 -3.64127 -0.0623145 0.0268395 0.997789 174.39
0.997965 -0.00226102 0.0643735 -0.0419013 0.00387124 0.999743 -0.0248762 -3.69623 -0.064311 0.025074 0.997722 175.756
0.997974 0.000654093 0.0643647 0.0579809 0.000779164 0.99982 -0.0221769 -3.76659 -0.0643763 0.0221815 0.997778 177.187
0.997698 0.000873516 0.0684326 0.0799689 0.000540493 0.99985 -0.020617 -3.81211 -0.0684505 0.0206057 0.99755 178.568
0.997739 -0.00164782 0.0678924 0.170375 0.00306786 0.999846 -0.0207563 -3.84927 -0.0678564 0.0209173 0.997575 179.968
0.997892 -0.00485249 0.0653576 0.273967 0.00611338 0.999864 -0.019079 -3.91921 -0.0652662 0.0194377 0.997787 181.384
0.997884 -0.00485042 0.0655897 0.338608 0.00636846 0.999784 -0.0228901 -3.98053 -0.0654734 0.0232589 0.997683 182.808
0.997853 -0.00229242 0.0661186 0.39058 0.00410964 0.999688 -0.0273367 -4.03381 -0.0660453 0.027549 0.997544 184.2
0.99782 0.0017131 0.0667334 0.463024 0.000120604 0.999691 -0.0274048 -4.09651 -0.0667689 0.0273524 0.997494 185.612
0.997831 0.00406319 0.0663845 0.553816 -0.00233145 0.999727 -0.0261114 -4.16057 -0.0664831 0.0258993 0.997563 186.996
0.997765 0.00577146 0.0673474 0.634395 -0.00426253 0.999805 -0.02247 -4.22096 -0.0674734 0.022132 0.997576 188.348
0.997631 0.00628352 0.0691761 0.696664 -0.00487111 0.999849 -0.0205357 -4.27608 -0.0693054 0.0201494 0.997506 189.749
0.997611 0.0058474 0.0695755 0.784325 -0.00451771 0.999873 -0.0191985 -4.33579 -0.0696884 0.0188377 0.997492 191.122
0.99762 0.00328423 0.0695477 0.880732 -0.00203388 0.999906 -0.0180071 -4.39139 -0.0696112 0.0178222 0.997528 192.586
0.997599 0.000581816 0.0700185 0.978137 0.00062795 0.999921 -0.0171986 -4.44845 -0.0700324 0.0172007 0.9975 194.06
0.997548 -0.00281521 0.0705966 1.0686 0.00398 0.999929 -0.0163284 -4.50575 -0.0705567 0.0165689 0.997484 195.503
0.997517 -0.00568722 0.0709417 1.1817 0.00677351 0.999933 -0.0150251 -4.55667 -0.0708609 0.0154678 0.99747 196.999
0.997375 -0.00979921 0.0723914 1.2565 0.01085 0.999913 -0.0141037 -4.59484 -0.0722574 0.0148518 0.997391 198.404
0.997253 -0.0115842 0.0738969 1.34649 0.0127157 0.999879 -0.0148054 -4.62867 -0.0737256 0.015704 0.997261 199.859
0.997232 -0.00936131 0.0744086 1.44567 0.0108132 0.999831 -0.0191046 -4.67597 -0.0742275 0.0198561 0.997161 201.31
0.997157 -0.000890185 0.07608 1.51259 0.00274878 0.999771 -0.024279 -4.72538 -0.07605 0.0244185 0.996911 202.753
0.997056 0.00715274 0.0769923 1.60767 -0.0053116 0.999769 -0.0240648 -4.78229 -0.0771563 0.0235845 0.996859 204.193
0.996858 0.0141061 0.0786484 1.68838 -0.0125102 0.999778 -0.0207051 -4.82806 -0.0789319 0.0196555 0.996793 205.641
0.996688 0.0153283 0.0805064 1.77624 -0.0138924 0.99981 -0.0183443 -4.88156 -0.0807814 0.0171645 0.996705 207.097
0.996726 0.0140279 0.0803156 1.88822 -0.0125774 0.99982 -0.0184945 -4.92099 -0.0805694 0.0174231 0.996704 208.593
0.99671 0.0103877 0.0810288 1.96261 -0.00894227 0.999868 -0.0181583 -4.97742 -0.0812159 0.0173734 0.996667 210.021
0.996772 0.00801721 0.0805702 2.06897 -0.00655305 0.999879 -0.0183766 -5.0306 -0.0807165 0.0177886 0.996686 211.489
0.996675 0.00808684 0.0817257 2.14999 -0.00659542 0.99988 -0.0184771 -5.08786 -0.0818744 0.0178759 0.996605 212.946
0.996439 0.00923659 0.0844844 2.21108 -0.00769203 0.999871 -0.0185434 -5.13321 -0.0846522 0.0178265 0.996362 214.411
0.99635 0.0098288 0.0854196 2.31959 -0.0084184 0.999895 -0.0168311 -5.19936 -0.0855851 0.0160497 0.996326 215.891
0.99631 0.0100666 0.085898 2.43988 -0.0086484 0.999894 -0.0168213 -5.2588 -0.0860656 0.0160153 0.996272 217.387
0.996287 0.00873678 0.0862822 2.56381 -0.00731289 0.999905 -0.0167765 -5.31588 -0.0864292 0.0160823 0.996255 218.907
0.996385 0.00640272 0.0853781 2.69335 -0.00498625 0.99992 -0.0167475 -5.36616 -0.0854855 0.0162601 0.99632 220.387
0.996413 0.00667183 0.0850069 2.80954 -0.00530347 0.999927 -0.0162805 -5.42435 -0.0851177 0.01577 0.996376 221.885
0.996478 0.00615996 0.0843026 2.94261 -0.0049171 0.99995 -0.0148932 -5.5006 -0.0843967 0.0144249 0.996444 223.387
0.996504 0.0058558 0.0839938 3.0423 -0.00465616 0.999958 -0.0144392 -5.5561 -0.0840831 0.0139961 0.996492 224.817
0.996551 0.00592357 0.0834647 3.17866 -0.00473887 0.999959 -0.0143336 -5.61128 -0.0835527 0.0138873 0.996523 226.356
0.996622 0.00747772 0.0824593 3.31953 -0.00630443 0.999949 -0.0144476 -5.66943 -0.0825715 0.0138774 0.99662 227.915
0.996674 0.00771182 0.081822 3.44522 -0.00655702 0.999949 -0.0143182 -5.7196 -0.0819345 0.0137327 0.99666 229.408
0.996765 0.0120539 0.0801572 3.57964 -0.0107952 0.999887 -0.0160853 -5.77568 -0.0803501 0.0151663 0.996784 230.927
0.996685 0.0109988 0.0813446 3.67574 -0.00966433 0.999889 -0.0167272 -5.81269 -0.0815256 0.0158842 0.996664 232.448
0.996658 0.0104751 0.0816945 3.78279 -0.00911594 0.999889 -0.0169613 -5.85702 -0.0818712 0.0161583 0.996644 233.977
0.996578 0.00936075 0.0828564 3.87894 -0.00800539 0.999906 -0.0166249 -5.89698 -0.0830101 0.0159033 0.996542 235.492
0.996538 0.00834691 0.0833977 3.99158 -0.00710373 0.999935 -0.0151581 -5.96331 -0.0835264 0.0145116 0.996533 237.026
0.996465 0.00879107 0.084264 4.11334 -0.0075105 0.999929 -0.015457 -6.01859 -0.0843999 0.0147681 0.996443 238.547
0.996259 0.00948137 0.0865502 4.2016 -0.00805765 0.999904 -0.0167508 -6.0567 -0.086708 0.0159889 0.996242 240.037
0.996142 0.0100928 0.0878841 4.33166 -0.00863705 0.999898 -0.0168852 -6.08941 -0.0880518 0.0160596 0.996111 241.531
0.996017 0.0101156 0.0892326 4.48244 -0.00876462 0.999919 -0.0154873 -6.12799 -0.0893892 0.0146416 0.996027 242.977
0.995864 0.00869182 0.0911526 4.63267 -0.00740863 0.999948 -0.0143618 -6.1806 -0.0912792 0.0136256 0.995858 244.387
0.995664 0.00962527 0.0931392 4.72594 -0.0081996 0.999922 -0.0156501 -6.23463 -0.0932897 0.0148166 0.995668 245.951
0.995611 0.00944769 0.093813 4.8661 -0.0079443 0.999914 -0.0163428 -6.29583 -0.0939659 0.0155242 0.995581 247.467
0.995796 0.0100882 0.0916945 5.07354 -0.00869962 0.999921 -0.0155014 -6.36464 -0.091851 0.0146363 0.995805 249.062
0.996025 0.00954071 0.0892969 5.27578 -0.00834111 0.99995 -0.0137513 -6.42965 -0.08943 0.0129502 0.996037 250.618
0.996046 0.00946272 0.0890058 5.40943 -0.00832676 0.999959 -0.0130947 -6.48464 -0.0891334 0.0122995 0.996085 252.188
0.99606 0.00954543 0.088906 5.53995 -0.00848027 0.999968 -0.0123051 -6.54787 -0.089027 0.011501 0.996092 253.731
0.996016 0.0110062 0.0891583 5.66243 -0.00998495 0.999958 -0.0118621 -6.5989 -0.0892926 0.0109222 0.996087 255.315
0.995939 0.0121209 0.0899421 5.7802 -0.011105 0.999949 -0.0117435 -6.64558 -0.0900862 0.0106951 0.996006 256.833
0.996013 0.0119569 0.0890774 5.93077 -0.0110277 0.999959 -0.0108867 -6.701 -0.0892115 0.00985852 0.996106 258.384
0.996018 0.0104559 0.0892788 6.06223 -0.0095733 0.999981 -0.010262 -6.75236 -0.089391 0.0093644 0.996085 259.91
0.996086 0.00832424 0.0886781 6.2076 -0.00759918 1.00001 -0.00847967 -6.81488 -0.0887577 0.00777012 0.996165 261.499
0.995928 0.0151626 0.0896158 6.38072 -0.0139992 0.999891 -0.0135519 -6.84506 -0.0898178 0.01224 0.996015 262.93
0.995996 0.0138247 0.0890027 6.52081 -0.0125485 0.99989 -0.0148551 -6.88456 -0.0892061 0.0136761 0.996063 264.494
0.99598 0.0120847 0.089518 6.63765 -0.0107468 0.999905 -0.0153681 -6.94185 -0.0897018 0.0143421 0.995998 266.059
0.995717 0.00727948 0.0928475 6.71353 -0.00629549 0.999999 -0.010859 -7.02224 -0.092935 0.0102253 0.99576 267.587
0.995638 0.00482131 0.0938946 6.84362 -0.0039596 1.00003 -0.00931749 -7.06237 -0.093949 0.00890295 0.995672 269.145
0.995727 0.00389506 0.0929389 7.0034 -0.00309399 1.00003 -0.0087307 -7.13166 -0.0929849 0.00840314 0.995773 270.756
0.995932 0.002389 0.0908356 7.1855 -0.00173412 1.00005 -0.00724216 -7.21153 -0.0908646 0.00705301 0.995974 272.379
0.995744 0.000877951 0.0928379 7.29065 -0.000315482 1.00006 -0.00604064 -7.2673 -0.0928574 0.00598294 0.995805 273.877
0.995799 0.00283184 0.0922932 7.45967 -0.00227974 1.00006 -0.00604358 -7.30822 -0.0923231 0.00580555 0.995848 275.47
0.995696 0.00281876 0.093322 7.59646 -0.00242649 1.00007 -0.00428658 -7.3702 -0.0933491 0.00403896 0.99577 277.026
0.995554 0.00137178 0.0949498 7.73237 -0.00119751 1.00008 -0.00184986 -7.43447 -0.0949675 0.00172561 0.995613 278.579
0.9954 0.00526158 0.0963344 7.87002 -0.00479877 1.00005 -0.00500602 -7.43918 -0.0963752 0.00451788 0.99548 280.131
0.995188 0.00412822 0.0986565 7.99769 -0.00359888 1.00006 -0.00550506 -7.46716 -0.0986947 0.00512093 0.995241 281.636
0.995143 0.00273524 0.0990495 8.13979 -0.00213268 1.00006 -0.00615841 -7.50224 -0.0990816 0.00591446 0.995205 283.261
0.994948 0.00146042 0.10114 8.30543 -0.000879905 1.00006 -0.00575086 -7.53932 -0.101165 0.0056301 0.994991 284.758
0.994941 -0.000251032 0.101101 8.46763 0.000781776 1.00006 -0.00518222 -7.5661 -0.101117 0.0052322 0.995005 286.389
0.994868 -0.000394784 0.101933 8.61058 0.00100754 1.00006 -0.00592732 -7.58809 -0.101948 0.0059968 0.99491 287.959
0.99487 -0.00244163 0.101785 8.76569 0.00327242 1.00004 -0.00796928 -7.62276 -0.101781 0.00825851 0.994918 289.517
0.994964 -0.00229935 0.100988 8.94308 0.00343896 1.00001 -0.0110772 -7.65552 -0.100974 0.0113658 0.994963 291.105
0.995001 -0.00332187 0.100465 9.09556 0.00442022 1.00001 -0.0106846 -7.69712 -0.100442 0.0110722 0.995028 292.685
0.995056 -0.00450655 0.100003 9.24965 0.00574094 0.999991 -0.0120228 -7.71329 -0.0999596 0.0125344 0.995054 294.259
0.994975 -0.00332175 0.100737 9.38259 0.00478756 0.999968 -0.0142849 -7.73674 -0.100698 0.0146922 0.994957 295.818
0.994974 -0.00128936 0.100904 9.54321 0.00297535 0.99994 -0.016526 -7.75813 -0.100888 0.0167399 0.994899 297.401
0.995045 -0.0011547 0.100092 9.7042 0.00280898 0.999943 -0.0163636 -7.81391 -0.100079 0.0165604 0.994991 299.051
0.995122 -0.00250505 0.0994127 9.85543 0.00412232 0.999944 -0.0160302 -7.8657 -0.0993789 0.0163586 0.995057 300.643
0.99525 -0.00348714 0.097974 10.0307 0.0050043 0.999953 -0.0152199 -7.90663 -0.0979286 0.0156346 0.995219 302.218
0.995249 -0.00190652 0.0981384 10.1733 0.00334131 0.999971 -0.0144214 -7.9472 -0.09812 0.0146776 0.995207 303.835
0.995147 -0.00222318 0.099069 10.3296 0.00368515 0.999968 -0.0145527 -7.99251 -0.0990463 0.0148438 0.995122 305.444
0.995177 -0.00347919 0.0988412 10.4959 0.00501638 0.999953 -0.0152708 -8.03243 -0.0987954 0.0156898 0.995126 307.085
0.995145 -0.00546355 0.09897 10.6625 0.00702256 0.999938 -0.0153857 -8.07644 -0.0988932 0.0160027 0.995119 308.692
0.995148 -0.00745565 0.0989018 10.8264 0.00914988 0.999902 -0.0166513 -8.11494 -0.0987798 0.0174723 0.995097 310.317
0.995148 -0.00944745 0.0986597 10.9888 0.0114328 0.999825 -0.019552 -8.15437 -0.0984711 0.0205816 0.995077 311.93
0.995243 -0.0104777 0.0976692 11.1573 0.0126573 0.999768 -0.0216858 -8.19026 -0.0974311 0.0228156 0.995123 313.536
0.995539 -0.0102475 0.0945691 11.3218 0.0123411 0.999773 -0.0215524 -8.27034 -0.0943403 0.0226196 0.995433 315.137
0.995826 -0.00935798 0.0916694 11.4973 0.0112881 0.999809 -0.0205218 -8.33444 -0.0914715 0.0214676 0.995721 316.82
0.996045 -0.00876958 0.0892486 11.6838 0.0102665 0.999898 -0.0162989 -8.41056 -0.0891099 0.017147 0.996025 318.449
0.995982 -0.0105111 0.0898338 11.8194 0.0116595 0.999941 -0.0122297 -8.48034 -0.0897114 0.0132247 0.996025 320.11
0.996004 -0.0108104 0.0894839 11.9465 0.0118327 0.999954 -0.0108728 -8.53134 -0.0893754 0.0118845 0.996079 321.725
0.996096 -0.0115391 0.088446 12.0984 0.0126171 0.999938 -0.0115993 -8.58273 -0.0883179 0.0126666 0.996158 323.341
0.996172 -0.0135266 0.0872298 12.2609 0.0146844 0.999898 -0.0126194 -8.61298 -0.0870628 0.0138484 0.996259 324.946
0.996342 -0.0134176 0.0853433 12.4068 0.0143529 0.999928 -0.0103133 -8.69286 -0.0852099 0.0114972 0.996443 326.543
0.996323 -0.0137669 0.0854681 12.5572 0.0147802 0.999913 -0.0112101 -8.72384 -0.0853187 0.0124284 0.996431 328.232
0.996303 -0.0108924 0.0861592 12.6498 0.0120007 0.999937 -0.0123179 -8.76747 -0.0860305 0.013303 0.99635 329.852
0.996249 -0.0101081 0.0868407 12.778 0.0113367 0.99993 -0.0136425 -8.80166 -0.0867085 0.0145721 0.996282 331.497
0.996242 -0.0120476 0.0867015 12.9348 0.0131337 0.999928 -0.0119274 -8.8555 -0.0865621 0.013018 0.996307 333.157
0.996117 -0.0127758 0.088013 13.0349 0.0137387 0.999939 -0.0103222 -8.90977 -0.0878873 0.0114876 0.996222 334.772
0.996079 -0.0144755 0.0881856 13.1639 0.015455 0.999912 -0.0103961 -8.96679 -0.0880376 0.0117151 0.996195 336.398
0.996195 -0.0139264 0.0869604 13.3182 0.0148098 0.999933 -0.00949838 -9.0195 -0.0868338 0.0107464 0.996323 338.036
0.996287 -0.0124175 0.0861345 13.4522 0.0134833 0.999926 -0.0117638 -9.06184 -0.0859922 0.0128783 0.996361 339.666
0.996356 -0.0105285 0.0855957 13.5819 0.0119334 0.99989 -0.0158965 -9.09135 -0.0854306 0.0168564 0.99636 341.298
0.996385 -0.00841404 0.0854893 13.6984 0.00987851 0.999897 -0.0166826 -9.12763 -0.0853505 0.0174634 0.996346 342.944
0.996437 -0.0084041 0.08489 13.8274 0.00958709 0.99995 -0.0135141 -9.18322 -0.0847842 0.0142762 0.996458 344.548
0.996716 -0.00762375 0.0816171 13.9625 0.0085222 0.999992 -0.0106237 -9.22886 -0.0815459 0.0112811 0.996753 346.155
0.996914 -0.00780601 0.0791805 14.0997 0.00892758 0.999953 -0.0137971 -9.23962 -0.0790813 0.0144582 0.996926 347.794
0.997074 -0.00888137 0.0769953 14.2259 0.0101749 0.999899 -0.0163799 -9.27297 -0.0768528 0.017112 0.997043 349.403
0.997236 -0.0111688 0.0746075 14.364 0.012352 0.999894 -0.0153916 -9.3286 -0.0744407 0.0162675 0.997257 350.967
0.997216 -0.0119544 0.0747232 14.4573 0.013176 0.999875 -0.0158296 -9.37571 -0.0745355 0.0167669 0.997228 352.626
0.997233 -0.0124404 0.0744603 14.5736 0.0137279 0.999855 -0.0167781 -9.42876 -0.074254 0.0177507 0.997248 354.265
0.997255 -0.0126592 0.0741027 14.6894 0.0140972 0.999811 -0.0188631 -9.46863 -0.0738609 0.0198527 0.997224 355.882
0.997266 -0.0136229 0.0738127 14.8029 0.0150767 0.999793 -0.0191474 -9.52347 -0.0735499 0.0202048 0.997254 357.503
0.997296 -0.014509 0.0732034 14.9296 0.015999 0.999766 -0.0197555 -9.57525 -0.0729107 0.0208701 0.997274 359.117
0.997319 -0.0148969 0.0728578 15.0488 0.0165002 0.999724 -0.021425 -9.61536 -0.0725319 0.0225666 0.997278 360.726
0.997279 -0.0149501 0.0733537 15.1557 0.0166079 0.99971 -0.0219869 -9.68833 -0.0730148 0.0231421 0.997217 362.365
0.997316 -0.0167986 0.0724869 15.2915 0.0184004 0.99969 -0.0214595 -9.75458 -0.0721175 0.0227325 0.997305 363.984
0.99732 -0.0160386 0.0725715 15.4097 0.0177163 0.99968 -0.0224767 -9.81818 -0.072199 0.0236991 0.997265 365.62
0.997326 -0.0176656 0.0721417 15.5223 0.0194621 0.999606 -0.0242466 -9.87541 -0.0716986 0.0255825 0.997267 367.218
0.997293 -0.0203153 0.0718624 15.6497 0.0219838 0.999596 -0.0224467 -9.93895 -0.0713887 0.0239627 0.997317 368.858
0.99722 -0.0216742 0.0725111 15.7399 0.0233262 0.999577 -0.0219839 -9.99708 -0.0720175 0.023611 0.997293 370.478
0.997011 -0.0217359 0.07528 15.794 0.0235618 0.999539 -0.0233974 -10.05 -0.0747481 0.0250982 0.997044 372.044
0.996965 -0.021517 0.0759877 15.9029 0.0233403 0.99955 -0.0231601 -10.124 -0.0754687 0.0248602 0.997008 373.609
0.996975 -0.0200988 0.0762205 16.0192 0.0218712 0.999599 -0.0224354 -10.1864 -0.0757505 0.0240314 0.996995 375.256
0.996954 -0.0192138 0.07675 16.1322 0.0209853 0.999622 -0.0223148 -10.2397 -0.0763056 0.023854 0.996971 376.877
0.996907 -0.0176455 0.0777072 16.2339 0.0195436 0.999619 -0.0236795 -10.2823 -0.0772713 0.0251217 0.996851 378.495
0.996837 -0.0189112 0.0783456 16.3361 0.020847 0.999588 -0.0239379 -10.3551 -0.0778741 0.025492 0.996808 380.097
0.996752 -0.01941 0.07927 16.4425 0.0213307 0.999589 -0.0234019 -10.4294 -0.0787948 0.0250134 0.996736 381.698
0.996666 -0.0188406 0.0805233 16.5635 0.0208546 0.999582 -0.0242167 -10.4848 -0.0800468 0.0258117 0.996629 383.334
0.996643 -0.0166625 0.0812497 16.6842 0.0188037 0.999586 -0.0256081 -10.5295 -0.080801 0.0270466 0.996523 384.972
0.996572 -0.0148923 0.082485 16.8021 0.0168977 0.99967 -0.0236411 -10.624 -0.0821191 0.0249503 0.996485 386.58
0.996641 -0.01577 0.0814495 16.9575 0.0177301 0.999662 -0.0233464 -10.6926 -0.0810653 0.0247087 0.996563 388.209
0.996528 -0.013331 0.0832842 17.0664 0.0154331 0.999671 -0.0246181 -10.7496 -0.0829424 0.0258142 0.996394 389.815
0.996571 -0.0125904 0.0828489 17.2125 0.0148024 0.999642 -0.026089 -10.7942 -0.0825025 0.0272223 0.996381 391.423
0.996731 -0.0137087 0.0807777 17.3782 0.0157491 0.999667 -0.0246465 -10.8684 -0.0804268 0.0258342 0.996603 392.999
0.996702 -0.0119146 0.0813775 17.4842 0.0139752 0.999691 -0.0247441 -10.9266 -0.0810698 0.0257961 0.99654 394.686
0.99663 -0.0111033 0.0824078 17.603 0.0132656 0.999678 -0.0257073 -10.9887 -0.0821099 0.02671 0.996443 396.317
0.996657 -0.00989274 0.0822083 17.7422 0.0120913 0.999679 -0.0262313 -11.0494 -0.0819349 0.027134 0.996435 397.952
