1 0.000570693 -0.000343963 0.0146543 -0.000571945 0.999994 -0.00379216 -0.00153694 0.000341688 0.00379232 0.999994 0.980167
0.999999 -0.00201238 0.000274513 -0.00526563 0.00201243 0.999997 -0.000440785 -0.0227266 -0.000273551 0.000441435 0.999999 0.977288
0.999998 -0.0010916 0.00114234 -0.00231197 0.00108746 0.999994 0.00374691 0.000541279 -0.00114657 -0.00374572 0.999992 0.948395
0.999995 -0.00295031 -0.00190361 0.00211308 0.00295803 0.999986 0.00414086 -0.0074919 0.00189156 -0.00414641 0.99999 0.973598
0.999997 -0.00170442 -0.00119752 -0.000404299 0.00170615 1 0.00130576 -0.0199186 0.00119511 -0.00130786 0.999999 0.938442
0.999998 -0.00217306 -6.49085e-05 -0.00197609 0.00217283 0.999994 -0.00203235 -0.0154874 6.94889e-05 0.00203226 0.999998 0.953303
0.999999 0.00042611 -0.00154083 -0.000267269 -0.00042818 1 -0.00138286 -0.0101894 0.00154008 0.00138347 0.999999 0.928121
1 -0.00038653 -0.000620435 -0.00546713 0.000386266 0.999999 -0.000455874 -0.0059703 0.000620929 0.000455632 0.999999 0.925011
1 0.000474955 -0.000252018 -0.00605206 -0.00047475 1 0.000941284 -0.00582447 0.000252125 -0.000941156 1 0.934879
0.999998 -0.000908657 -0.00196699 -0.0036217 0.000913427 0.999995 0.00239792 -0.0118779 0.00196519 -0.00239972 0.999995 0.927282
1 -0.000115438 -0.000963652 -0.00388635 0.000116788 1 0.0014984 -0.0193829 0.000963135 -0.00149849 0.999999 0.914774
0.999999 -0.000716513 0.000894585 -0.0188773 0.000714783 0.999997 0.00204503 -0.0128449 -0.000895617 -0.00204442 0.999997 0.930942
0.999997 -4.6205e-05 -0.00196425 0.00505602 4.69969e-05 1 0.000469644 -0.00552371 0.00196382 -0.00046971 0.999999 0.910467
1 -2.51178e-05 -0.00031897 -0.0140949 2.46826e-05 0.999998 -0.00182699 -0.0102834 0.000319366 0.00182699 0.999997 0.908187
0.999999 0.000463465 -0.00107879 -0.0019837 -0.000465935 0.999998 -0.00219411 -0.00168422 0.00107752 0.0021946 0.999998 0.916754
0.999997 -0.000954754 -0.00268537 -0.00290655 0.000950178 0.999997 -0.0017361 -0.00846192 0.00268727 0.00173358 0.999994 0.883595
0.999999 0.000309058 -0.00154632 -0.00496158 -0.000309538 1 -0.000159524 0.000515951 0.00154602 0.000160018 1 0.893106
0.999995 0.00292353 0.0011152 0.0162707 -0.00292094 0.999993 -0.00211238 -0.0264265 -0.00112117 0.00210919 0.999996 0.878205
0.999995 0.00174739 -0.00287725 -0.0218864 -0.00174851 0.999999 -0.000319105 -0.00936873 0.0028765 0.000324012 0.999997 0.897433
0.999996 -0.00152299 -0.00205156 -0.0278864 0.00152497 0.999998 0.000851595 -0.0130159 0.00205045 -0.000854588 0.999997 0.904063
1 -0.000161945 -0.000756786 -0.0182043 0.000162722 1 0.00129022 -0.0377944 0.000756339 -0.00129041 1 0.889137
0.999997 5.54456e-05 -0.00225495 -0.0200241 -5.42353e-05 0.999999 0.000430269 -0.00339424 0.00225516 -0.000430026 0.999996 0.890939
0.999998 -0.000719612 -0.00220141 -0.00737674 0.000719214 1 -9.15665e-05 -0.0390754 0.00220129 8.98383e-05 0.999999 0.879093
0.999998 -7.63004e-05 -0.00191505 -0.0103131 7.58555e-05 0.999998 -0.000365775 -0.00880663 0.00191525 0.000365814 0.999998 0.862296
0.999995 1.85661e-05 -0.00317026 -0.00102512 -1.94228e-05 1 -0.000189744 -0.0123616 0.00317004 0.000189597 0.999996 0.881355
0.999999 0.000224004 -0.00190765 -0.00580219 -0.000219828 0.999997 0.00205385 -0.0109584 0.00190834 -0.00205318 0.999996 0.851582
0.999996 -0.00119326 -0.0025903 -0.00998001 0.00120097 0.999996 0.00307753 -0.0061579 0.00258639 -0.00308089 0.999993 0.871553
0.999998 -0.000617383 -0.0020937 -0.00101159 0.000620623 0.999997 0.00143441 -0.0167573 0.00209298 -0.00143548 0.999996 0.856008
1 0.00076062 -0.000128012 -0.00618239 -0.000761005 1 -0.000681231 -0.0208903 0.000127219 0.00068101 1 0.824521
0.999997 0.00147278 -0.0015041 0.00207378 -0.00147515 0.999996 -0.0017705 -0.00406203 0.00150169 0.00177301 0.999997 0.831495
0.999998 0.00110796 -0.00177508 -0.0076253 -0.00111137 0.999999 -0.00176571 -0.0110012 0.00177289 0.0017674 0.999997 0.809565
1 7.3873e-05 -0.000785734 -0.00755194 -7.27578e-05 0.999998 0.00101658 -0.00535664 0.000786035 -0.00101627 0.999999 0.797928
0.999994 0.000394746 -0.00354189 -0.00667484 -0.000395788 1 -0.000202476 -0.0205543 0.00354161 0.000203624 0.999994 0.82343
0.999997 0.000947578 -0.0024 -0.00668605 -0.000949437 0.999998 -0.000889252 -0.0178571 0.00239924 0.000891848 0.999996 0.792983
0.999999 0.000338326 -0.00173019 0.000250426 -0.000338969 1 -0.000208524 -0.00549352 0.00173002 0.00020877 0.999999 0.779527
0.999996 -0.000132656 -0.00257162 -0.00140207 0.000137499 0.999997 0.00176254 -0.0091837 0.00257151 -0.00176254 0.999994 0.781207
0.999996 -0.00100481 -0.00271971 -0.00278492 0.00100899 0.999999 0.00164979 -0.00568151 0.00271788 -0.00165288 0.999996 0.764732
0.999998 -0.000336948 -0.00197158 -0.00278498 0.000341422 0.999997 0.00212223 -0.00736996 0.001971 -0.00212253 0.999995 0.750447
0.999996 0.000990272 -0.00265094 -0.0051833 -0.00098971 1 0.000338221 -0.00499065 0.00265114 -0.000335982 0.999997 0.739456
0.999999 0.00130368 -0.00120168 -0.0127614 -0.00130419 0.999998 -0.000679493 -0.00123602 0.00120093 0.000681465 0.999999 0.71852
0.999998 0.000763307 -0.00217043 -0.00786211 -0.000763519 1 4.27189e-05 -0.0084636 0.0021703 -4.14587e-05 0.999999 0.702345
0.999998 0.000816408 -0.00140193 -0.0139216 -0.00081424 0.999999 0.00133469 -0.00824067 0.00140318 -0.00133315 0.999997 0.709525
1 0.000477225 -0.000664521 -0.00628532 -0.000476851 0.999999 0.000948379 -0.0108393 0.000664814 -0.000948509 1 0.688019
0.999998 0.0013494 -0.00111754 -0.00373544 -0.00134862 0.999999 0.000469215 -0.00836314 0.00111833 -0.00046725 0.999999 0.68724
0.999996 0.00276472 0.000782177 -0.0143885 -0.00276396 0.999995 -0.0012967 -0.00916682 -0.000785949 0.00129406 0.999999 0.677863
0.999998 0.0019169 0.00131211 -0.00226706 -0.00191323 0.999995 -0.00257952 0.00193706 -0.00131687 0.0025775 0.999996 0.662547
1 -0.000242831 0.000925552 -0.00470708 0.000243778 0.999999 -0.00131975 -0.00872795 -0.000925451 0.00131951 0.999999 0.651897
0.999997 0.000762985 0.00239711 0.00219973 -0.000764394 1 0.000704106 -0.000265943 -0.00239634 -0.000705463 0.999996 0.65497
0.999988 0.00398158 0.00282936 -0.00490402 -0.00398767 0.999989 0.00204813 -0.0173731 -0.00282139 -0.00205987 0.999994 0.650173
0.999987 0.00394945 0.00329172 -0.00715866 -0.00396149 0.999987 0.00375068 -0.00286764 -0.00327663 -0.00376319 0.999988 0.621826
0.999981 0.00519057 0.00344577 -0.0155928 -0.00519104 0.999985 4.7181e-05 -0.00767734 -0.00344572 -6.55364e-05 0.999994 0.617982
0.999983 0.00303853 0.00505895 -0.0041258 -0.00303894 0.999997 0.000126227 0.00338547 -0.00505839 -0.00014113 0.999988 0.595945
0.999983 0.00332688 0.00495305 -0.00781885 -0.00333897 0.99999 0.00238888 -0.00788624 -0.00494523 -0.00240581 0.999984 0.579344
0.999979 0.00328339 0.00564555 -0.00154975 -0.0032826 0.999997 -0.000107868 0.00537692 -0.00564575 8.98144e-05 0.999985 0.552801
0.999967 0.00263962 0.00771991 -0.000196977 -0.00264297 0.999995 0.000391288 -0.0017779 -0.00771894 -0.000412162 0.999969 0.539349
0.999968 0.00399306 0.00698611 -0.00822824 -0.00399608 0.999994 0.000460653 -0.0282201 -0.00698412 -0.000488136 0.999977 0.521819
0.999966 0.00333923 0.00759272 -0.00252713 -0.00333345 0.999992 -0.000811464 -0.00803144 -0.00759544 0.000785671 0.99997 0.494394
0.999958 0.00353855 0.00852811 0.000513279 -0.00352883 0.999995 -0.00111549 -0.00133184 -0.00853192 0.00108577 0.999964 0.46755
0.999973 0.00121012 0.00720424 -0.00481764 -0.00119828 0.999996 -0.00169484 -0.00620057 -0.00720635 0.00168578 0.999972 0.452899
0.999964 0.000861175 0.00845885 0.0145348 -0.000860214 1 -7.92323e-05 0.00166152 -0.00845885 7.23408e-05 0.999965 0.430754
0.999974 -0.000427167 0.0072242 0.0055476 0.000426764 0.999999 9.43906e-06 -0.0257381 -0.00722424 -6.69716e-06 0.999973 0.41542
0.99997 0.00128176 0.00764993 6.99993e-05 -0.00128797 1 0.000856554 -0.00556245 -0.00764878 -0.000866002 0.999971 0.382688
0.999957 0.00216185 0.00900302 -0.00645969 -0.00216652 0.999996 0.000472153 -0.0113633 -0.00900208 -0.000491999 0.999959 0.371109
0.999956 0.00469289 0.00821459 -0.00650908 -0.00469145 0.99999 -0.000155607 -0.00251853 -0.00821506 0.00011742 0.999967 0.338862
0.999954 0.00310189 0.00910626 -0.00158664 -0.0031059 0.999994 0.000397372 -0.00662236 -0.0091052 -0.000426011 0.999958 0.318583
0.999959 -0.000646166 0.00904825 0.00879221 0.000637731 1 0.000959152 -0.00949254 -0.00904871 -0.000952976 0.999959 0.29432
0.99995 -0.00117393 0.00986168 0.00212626 0.00117728 0.999998 -0.000355971 -0.00557233 -0.00986142 0.000367199 0.999951 0.282746
0.999928 -0.000908763 0.0119592 0.0128589 0.000941528 0.999997 -0.00271768 0.00386931 -0.0119565 0.0027291 0.999925 0.277262
0.999909 0.000433541 0.0135022 0.0118312 -0.000397087 0.999996 -0.00271727 -0.0019774 -0.0135035 0.00271134 0.999905 0.27066
0.99988 0.000749016 0.0155091 0.00133058 -0.000741055 1 -0.000504794 0.00269422 -0.0155093 0.000493558 0.999879 0.269247
0.999863 0.000955025 0.0165121 0.0060506 -0.000956745 0.999999 8.21817e-05 0.000184825 -0.0165123 -9.83019e-05 0.999864 0.272498
0.999853 -2.96101e-05 0.0171836 0.0132383 2.56486e-05 1 0.000244968 0.00163014 -0.0171834 -0.000244131 0.999852 0.253531
0.999832 -0.000566396 0.0183225 0.0184554 0.000564133 1 0.000115507 -0.00704342 -0.0183227 -0.000105561 0.999833 0.26909
0.999803 -0.000861566 0.0198632 0.0234589 0.000857918 1 0.000204577 -0.000725353 -0.0198633 -0.000187091 0.999802 0.265842
0.999794 0.000192142 0.0202899 0.0210641 -0.000199358 0.999999 0.000342431 -0.00702191 -0.02029 -0.000346784 0.999795 0.248422
0.999765 0.00159215 0.0216662 0.00705874 -0.00159325 0.999999 4.5004e-05 0.00188003 -0.0216659 -7.91489e-05 0.999765 0.264446
0.999715 0.000957668 0.0238542 0.0277758 -0.00095137 0.999999 -0.000284729 0.00276824 -0.0238547 0.000261598 0.999716 0.259872
0.999697 0.00124331 0.0245875 0.00215262 -0.00125287 0.999999 0.000382427 -0.0165551 -0.0245868 -0.000412736 0.999697 0.261937
0.999653 0.00141307 0.0262916 0.0187343 -0.0014268 0.999999 0.000497721 0.00181247 -0.0262912 -0.000535454 0.999655 0.278074
0.999583 0.00198818 0.0287968 0.00772284 -0.00201177 0.999998 0.000797429 -0.00479466 -0.028795 -0.000854619 0.999584 0.275094
0.999554 0.000433795 0.0298632 0.0151104 -0.0004566 1 0.000749988 0.00184233 -0.029863 -0.000763694 0.999555 0.272435
0.999479 -0.00169839 0.0322287 0.0349724 0.00167781 0.999998 0.000671866 -9.50922e-05 -0.0322297 -0.000617056 0.999479 0.279664
0.999357 -0.00285899 0.035752 0.0383046 0.00287496 0.999996 -0.000401044 -8.50806e-05 -0.0357508 0.000503181 0.999362 0.274285
0.999288 -0.00153234 0.0376832 0.0280547 0.00156926 0.999998 -0.000944647 -0.00648503 -0.0376815 0.0010035 0.999288 0.275199
0.999238 4.05035e-05 0.0390467 0.0234114 3.21824e-05 0.999998 -0.00186357 -0.00346761 -0.0390469 0.00186304 0.999237 0.311633
0.999147 0.0012428 0.0412561 0.0361946 -0.00119474 0.999998 -0.00118475 0.0055884 -0.0412574 0.00113487 0.999147 0.28561
0.999067 0.00148289 0.0431909 0.0265404 -0.00145407 0.999999 -0.000702359 0.00725293 -0.0431921 0.000638502 0.999069 0.312708
0.99899 0.00302108 0.0447997 0.0227146 -0.00303772 0.999995 0.000306272 -0.000443948 -0.0447984 -0.000441686 0.998994 0.326283
0.99893 0.00391722 0.0461232 0.0200264 -0.00391862 0.999992 -6.25998e-05 -0.00529084 -0.0461233 -0.000118492 0.998938 0.338406
0.998825 0.000984452 0.0484268 0.0350991 -0.00102218 0.999999 0.000757868 0.00183672 -0.0484259 -0.000806172 0.998825 0.347309
0.998678 -0.00116706 0.0514171 0.0390203 0.0010667 0.999997 0.0019766 -0.0113749 -0.0514194 -0.00191948 0.998676 0.38218
0.998658 -0.000375837 0.0517541 0.043143 0.000258393 0.999997 0.00227863 -0.00538718 -0.0517547 -0.00226184 0.998656 0.383322
0.998534 0.000157858 0.0541561 0.0349421 -0.000243775 0.999999 0.00157834 0.0102549 -0.0541559 -0.00158957 0.998532 0.408605
0.998421 -0.00059811 0.0561614 0.0469493 0.000573938 0.999999 0.000447714 0.00350774 -0.0561614 -0.000414447 0.998421 0.408005
0.998433 -0.000396524 0.0559763 0.0375407 0.000334671 1 0.00111401 -0.00952363 -0.055977 -0.00109379 0.998433 0.439945
0.998442 0.000793099 0.0557873 0.0349885 -0.00100086 0.999993 0.00369693 -0.0056157 -0.0557837 -0.00374664 0.998434 0.461739
0.998524 0.00177678 0.0542987 0.0320015 -0.00194538 0.999993 0.00305281 0.00125667 -0.0542932 -0.00315432 0.998522 0.453581
0.998547 0.00318189 0.0537727 0.0362383 -0.00329006 0.999993 0.00192332 -0.0120417 -0.053766 -0.00209704 0.99855 0.476359
0.998619 -0.000600807 0.0525597 0.0439181 0.000588119 1 0.000257509 0.0075363 -0.05256 -0.000226662 0.99862 0.479879
0.998758 -0.00615459 0.0494083 0.0487515 0.00602459 0.999978 0.00277854 -0.00108247 -0.0494242 -0.00247699 0.998773 0.484241
0.998921 -0.00718785 0.0459125 0.0574573 0.00709472 0.999973 0.00219384 0.0327616 -0.0459273 -0.00186613 0.998946 0.512604
0.999054 -0.0050978 0.043166 0.0482793 0.00504501 0.999987 0.00132772 -0.00361284 -0.0431718 -0.00110831 0.999064 0.512464
0.999244 -0.00149854 0.0388778 0.0347397 0.00159113 0.999995 -0.00234669 0.0239494 -0.0388745 0.00240636 0.999244 0.520135
0.999428 -0.00523085 0.0333796 0.0330602 0.0052656 0.999986 -0.000957607 -0.0116291 -0.0333738 0.00113322 0.999439 0.533953
0.999548 -0.00525605 0.0296201 0.0241652 0.00523796 0.999985 0.00069623 0.00429178 -0.0296236 -0.000541253 0.999564 0.549023
0.999681 -0.00429197 0.0248409 0.0314356 0.00424596 0.99999 0.0018949 0.00203367 -0.0248485 -0.00178839 0.999687 0.572326
0.999797 -0.0028434 0.0199838 0.023622 0.00283505 0.999995 0.000457564 -0.00382834 -0.0199853 -0.000401234 0.999803 0.575376
0.999865 -0.000677687 0.0163564 0.0123862 0.000691873 1 -0.000875548 0.00833127 -0.0163555 0.000887181 0.999863 0.582991
0.999913 -0.000287143 0.0132726 0.0129932 0.000285929 0.999999 0.000111115 0.00327793 -0.013273 -0.000107734 0.999916 0.588479
0.999936 0.000458278 0.011182 0.013017 -0.000438573 0.999999 -0.00178329 -0.000782117 -0.0111825 0.00177872 0.999932 0.602132
0.999953 -0.00418641 0.00889449 0.0137915 0.00420337 0.999989 -0.00186454 -0.00294029 -0.00888693 0.00190132 0.999962 0.602913
0.999966 -0.00356026 0.00723789 0.013285 0.00356495 0.999994 -0.000658776 0.00425038 -0.00723517 0.000685065 0.99997 0.602334
0.999995 -0.000339666 0.00348225 -0.00221819 0.000341846 0.999999 -0.000578999 0.00425666 -0.0034824 0.000579664 0.999998 0.650904
0.999988 0.0022049 0.0040178 -0.00649259 -0.00221296 0.999996 0.00197587 0.00302378 -0.00401308 -0.0019842 0.999986 0.638955
1 0.00142073 0.00127809 -0.00842231 -0.00142801 0.999982 0.00579183 0.00572587 -0.00127016 -0.00579415 0.999986 0.671649
0.999998 -0.000253298 0.00113439 0.00284447 0.000247856 0.999989 0.00469048 0.00286244 -0.00113522 -0.00468969 0.999985 0.673525
0.999998 -0.00257955 0.000202751 0.000764882 0.0025794 0.999996 0.00133869 0.00256464 -0.000206518 -0.00133868 1 0.69418
0.999995 -0.00258425 -1.62997e-05 0.00308359 0.00258408 0.999995 -0.00139208 -0.012717 2.02093e-05 0.00139263 0.999996 0.673972
0.999999 -0.000192363 -0.00210932 -0.00109064 0.000177843 0.999976 -0.0069816 0.00518422 0.00211037 0.0069806 0.999977 0.705079
0.999996 -8.83868e-05 -0.00237508 0.0052838 7.07704e-05 0.999973 -0.00734039 -0.00422303 0.00237593 0.00734084 0.999967 0.702329
0.999999 -0.00101133 -0.0019966 -0.008141 0.00100932 0.999999 -0.00110297 0.0139069 0.00199743 0.00110038 1 0.701475
0.999994 0.000490638 -0.00303818 -0.010653 -0.000480834 0.999994 0.00327812 -0.00548013 0.00304014 -0.00327607 0.999986 0.738618
0.999998 -9.72264e-06 -0.00260952 0.00480927 2.3843e-05 0.999986 0.00534666 -0.00920479 0.00260907 -0.00534726 0.999986 0.724419
0.999994 0.000823789 -0.00311733 -0.00999557 -0.000819918 0.999998 0.00130684 0.00670571 0.00311877 -0.0013037 0.999991 0.728065
0.999985 -0.00432431 -0.00363882 0.00387673 0.00431137 0.999985 -0.00361182 -0.0217653 0.003654 0.00359543 0.99999 0.723969
0.999992 -0.0018585 -0.00318943 -0.0050882 0.00184381 0.999988 -0.00453346 -0.00680204 0.00319814 0.00452821 0.999982 0.728368
0.99999 0.00443136 -0.00128903 -0.00675599 -0.00443257 0.99999 -0.00113324 0.00138203 0.00128357 0.00113833 1 0.704924
0.999979 0.00435203 -0.0046129 -0.0202391 -0.00434401 0.999989 0.00179853 0.000919521 0.00462101 -0.0017779 0.999985 0.757118
0.999986 -0.00300174 -0.00449262 0.0013094 0.00301278 0.999993 0.0023966 -0.0359191 0.00448505 -0.00241071 0.99999 0.735349
0.999988 -0.00442295 -0.00167108 0.00115508 0.00442142 0.99999 -0.000757618 -0.0130534 0.00167481 0.000750866 0.999995 0.712946
0.999991 0.000281696 -0.00449463 -0.00956551 -0.000298737 0.999993 -0.00384929 -0.0133863 0.00449315 0.00384992 0.999985 0.751852
0.999988 0.00308014 -0.00382898 -0.0103498 -0.0030871 0.999994 -0.00174231 0.00251742 0.00382398 0.00175473 0.999988 0.727005
0.999996 0.00156465 -0.00272798 -0.0028533 -0.0015644 0.999999 3.71438e-06 -0.0111295 0.00272762 -5.02095e-08 0.999999 0.743397
0.999984 -0.00347106 -0.0043469 0.000325246 0.00347266 0.999994 0.000416064 -0.0113639 0.00434584 -0.000430543 0.999987 0.747778
0.999989 -0.00360945 -0.00334313 -0.000603515 0.00360922 0.999994 -0.000137841 -0.0151277 0.00334318 0.000125122 0.999997 0.736971
0.999996 -0.00167915 -0.00193571 0.00371842 0.00167677 0.999998 -0.00112854 -0.00480783 0.00193801 0.00112598 0.999995 0.731167
0.999994 -0.000688085 -0.00357947 -0.0030927 0.000686032 1 -0.000632826 -0.0100516 0.00357948 0.000629583 0.999997 0.756701
0.999994 -0.000850854 -0.0033475 0.00980484 0.000851858 0.999999 0.000354538 -0.00808526 0.0033476 -0.000356695 0.999991 0.757566
0.999995 -0.0012467 -0.00296558 0.00995872 0.00125033 0.999999 0.00116354 -0.0249074 0.00296367 -0.00116796 0.999999 0.7526
0.999994 0.000723636 -0.00323497 -0.00562959 -0.000725941 0.999998 -0.000667931 0.00556208 0.003235 0.000670952 0.999991 0.756933
0.999993 0.00195312 -0.00331451 -0.00499754 -0.00195999 0.999997 -0.00210095 0.00199841 0.00330983 0.00210673 0.999996 0.769273
0.999997 -0.00159759 -0.00190472 -0.00103196 0.00159712 0.999998 -0.000183093 -0.0194662 0.00190556 0.000180733 0.999995 0.754061
0.99999 0.00089096 -0.00437317 -0.0113861 -0.000895899 1 -0.00115987 0.000189921 0.0043716 0.00116306 0.999993 0.791478
0.999998 0.0019639 -0.000769612 0.00319775 -0.00196462 0.999997 -0.000701505 -0.0094251 0.000768707 0.000703721 0.999996 0.77854
0.999975 0.00142603 -0.00688472 -0.0185089 -0.00142534 0.999999 7.40314e-05 -0.00864709 0.0068843 -6.49587e-05 0.99998 0.787723
0.999997 0.00191666 -0.00182536 -0.00307654 -0.00191953 0.999996 -0.00144728 0.00534838 0.00182303 0.00145157 0.999994 0.776923
0.999995 0.000619941 -0.00307739 -0.00589387 -0.000627842 0.999997 -0.00265437 -0.0135491 0.00307532 0.00265556 0.999995 0.7593
0.999994 0.000474472 -0.00359326 0.00552821 -0.000480848 0.999998 -0.00167456 0.00184648 0.00359284 0.00167701 0.999989 0.781983
0.999985 0.00443251 -0.00312668 -0.00433422 -0.00443884 0.999988 -0.00213409 -0.00339564 0.00311678 0.00214716 0.999996 0.779776
0.999989 0.00413832 -0.00243391 -0.0175403 -0.00413771 0.999991 0.000418153 0.00596949 0.00243606 -0.000407287 0.999994 0.79041
0.999993 -0.00142791 -0.00323703 -0.00466343 0.00142987 0.999999 0.000482834 -0.0180632 0.00323585 -0.000488285 0.999998 0.787901
0.999996 -0.000548779 -0.00290121 -0.00401876 0.000545962 1 -0.000827155 -0.0044651 0.00290217 0.000826393 0.999993 0.788139
0.999988 0.00348395 -0.00330766 -0.0114939 -0.00348588 0.999994 -0.00070138 -0.00528837 0.00330467 0.000712118 0.999997 0.801129
0.999992 0.000575369 -0.0040648 -0.00781357 -0.000570521 0.999999 0.00129024 -0.00222203 0.0040661 -0.00128713 0.999989 0.80139
0.99999 -0.000974383 -0.00436942 0.00608104 0.000975544 0.999999 0.000163853 -0.00391317 0.00436869 -0.000168853 0.999993 0.805743
0.999987 0.00375526 -0.00343478 -0.0277603 -0.0037702 0.999984 -0.00422624 0.0042227 0.00341948 0.00423995 0.999983 0.801101
0.999978 0.00189877 -0.00642069 -0.0189398 -0.00194235 0.999973 -0.00686929 -0.0174657 0.00640685 0.0068808 0.999958 0.810201
0.999975 0.00140483 -0.00692643 -0.0103937 -0.00143332 0.999992 -0.00403149 0.00102066 0.00692129 0.0040421 0.999966 0.803586
0.999971 0.00336286 -0.00684258 -0.0188651 -0.0033804 0.99999 -0.0026315 -0.0022662 0.00683306 0.00265383 0.999975 0.81254
0.999962 0.0034272 -0.00807448 -0.0156272 -0.00341435 0.999994 0.00167349 -0.00416511 0.00808079 -0.00164512 0.999964 0.823012
0.999968 -0.000499437 -0.00806155 -0.00233241 0.000509501 0.999998 0.00117306 -0.00902241 0.00806028 -0.00117782 0.999969 0.843696
0.999976 0.000598304 -0.00685038 -0.00331615 -0.000581711 0.999997 0.00250036 -0.01369 0.00685251 -0.00249555 0.999971 0.85741
0.999963 0.00111912 -0.00862557 -0.0202121 -0.00107112 0.999984 0.00550575 0.000344251 0.00863085 -0.00549699 0.999949 0.828516
0.999965 0.00100331 -0.00821789 0.00307528 -0.000955957 0.999983 0.00582536 -0.0050567 0.00822426 -0.00581658 0.999948 0.851135
0.999976 -0.000314146 -0.00702431 -0.012905 0.000333982 0.999996 0.00274722 -0.0076458 0.00702275 -0.0027502 0.999974 0.819116
0.999962 -0.000419041 -0.00859397 -0.00775936 0.00040111 0.999998 -0.00202706 -0.0131823 0.0085955 0.00202423 0.999959 0.819562
0.99998 -0.000183448 -0.00656213 0.000871216 0.000148808 0.999986 -0.00536139 -0.00727214 0.00656236 0.0053596 0.999966 0.813068
0.999988 0.000252396 -0.00461107 -0.00587187 -0.00027449 0.999989 -0.00468357 -0.00384314 0.00461046 0.00468547 0.999976 0.811807
0.999981 -1.0272e-05 -0.00628641 -0.0131568 -9.35322e-07 0.999999 -0.00186227 -0.00307458 0.0062858 0.00186159 0.999981 0.809008
0.999982 0.00227895 -0.00538169 0.00474119 -0.00228409 0.999996 -0.000851591 -0.00790338 0.00538033 0.000864474 0.999983 0.800748
0.999986 -0.00341084 -0.00438138 0.0055453 0.00342389 0.999991 0.00284722 -0.000355233 0.00437112 -0.00286282 0.999989 0.785603
0.999976 -0.00215189 -0.00649068 9.01368e-05 0.002182 0.999986 0.00471969 0.00403184 0.00648094 -0.0047331 0.999965 0.78633
0.999992 0.00175813 -0.00392494 -0.00651269 -0.00173344 0.99998 0.00614053 -0.00882842 0.0039352 -0.00613432 0.999976 0.791134
0.999992 0.00223613 -0.00312438 -0.00921089 -0.00222651 0.999992 0.00323118 0.00539067 0.00313205 -0.00322353 0.999988 0.780982
0.99999 0.000660259 -0.00454265 -0.000152032 -0.000655302 1 0.000971221 -0.0155293 0.00454273 -0.000968808 0.999991 0.759649
0.999992 0.00328501 -0.00203985 -0.00924131 -0.00328976 0.999993 -0.00211276 0.00753852 0.00203337 0.00212009 0.999995 0.741674
0.999996 0.00218236 -0.00228286 -0.0218512 -0.00218882 0.999992 -0.00302686 -0.000351477 0.00227573 0.00303121 0.999994 0.733352
0.999998 0.000611107 -0.00166543 -0.00928534 -0.000617089 0.999995 -0.00337032 0.00680006 0.00166389 0.00337199 0.999992 0.728996
0.999998 0.00043412 -0.00215272 -0.0194277 -0.000443935 0.999988 -0.00472859 -0.00987416 0.00215006 0.00472894 0.999987 0.70478
0.999994 -0.00155275 -0.00274221 -0.00519848 0.00155077 0.999999 -0.000583395 -0.00629959 0.00274367 0.000579758 0.999996 0.703765
1 0.000424303 -0.00168645 -0.0166807 -0.00042402 0.999999 -5.65543e-05 0.0204014 0.0016859 5.66486e-05 0.999999 0.689972
0.999999 0.00122173 7.12239e-05 -0.00543843 -0.00122213 0.999998 0.00233268 -0.0126712 -6.79159e-05 -0.00233203 0.999997 0.694631
0.999999 0.000197151 -0.00182328 -0.00503412 -0.000194313 0.999997 0.00145881 -0.00403679 0.00182292 -0.00145923 0.999998 0.652504
0.999998 -0.00122893 0.00060482 -0.00249657 0.0012283 1 0.0007287 0.0030855 -0.000605061 -0.000727221 0.999999 0.670016
0.999999 -2.05514e-05 0.00197702 -0.00289299 1.94561e-05 0.999998 0.000655775 0.00128222 -0.00197775 -0.000656468 0.999999 0.653879
0.999997 0.00163714 0.000771977 -0.00154354 -0.00163709 0.999999 -0.000337671 -0.00890427 -0.000771785 0.000337081 0.999998 0.640818
0.999996 -0.000162656 0.00341226 0.000413025 0.000171084 0.999996 -0.00241772 -0.00633999 -0.00341258 0.00241758 0.999993 0.646544
0.999998 -0.000441643 0.00128267 -0.00119952 0.000447152 0.999991 -0.00447626 -0.0103799 -0.00128016 0.00447751 0.999989 0.612843
0.999999 0.000672447 0.00242456 0.000670226 -0.000668105 0.999997 -0.00168941 -0.00799315 -0.00242627 0.00168711 0.999996 0.632632
0.999994 0.000753631 0.0027765 -0.00244868 -0.00075451 1 0.000224949 -0.00459621 -0.00277574 -0.000226388 0.999995 0.62742
1 0.000128251 0.00169524 -0.00140298 -0.000132496 0.999995 0.00267524 0.00795894 -0.00169541 -0.00267607 0.999995 0.590294
0.999996 -0.00132442 0.0021681 -0.0213313 0.00132028 0.999999 0.00175196 0.00670031 -0.00216994 -0.00174844 0.999996 0.593824
0.999995 -0.00241943 0.00269582 0.0102607 0.00241677 0.999996 0.00113062 -0.0127435 -0.00269908 -0.00112475 0.999996 0.569694
0.999992 -0.00278152 0.00227741 -0.00158968 0.0027864 0.999995 -0.00229857 -0.00660019 -0.00227043 0.00230552 0.999995 0.569468
0.999995 -0.00294561 0.00260035 0.00732643 0.0029501 0.999993 -0.00157724 -0.00719269 -0.00259625 0.00158425 0.999995 0.551834
0.999994 0.0014994 0.00199629 -0.0023025 -0.00149591 0.999998 -0.00192615 0.00887703 -0.00199879 0.00192381 0.999996 0.578404
1 0.00103686 0.000343901 -0.00724147 -0.00103534 0.999993 -0.00326609 -0.0191798 -0.000347694 0.0032651 0.999994 0.561391
0.999996 -0.000968806 0.00182635 -0.0159878 0.000966824 1 0.000872696 -0.00139919 -0.00182685 -0.000870289 0.999998 0.572448
0.999994 -0.00418714 0.000607695 0.0100785 0.00418666 0.999991 0.00143795 -0.00906733 -0.000614031 -0.00143596 0.999999 0.559886
0.999985 -0.00456262 -0.00171916 0.0044811 0.00456297 0.999988 0.000450738 -0.00605568 0.00171738 -0.000458017 0.999998 0.55976
1 -0.00151475 -0.000398711 -0.00395143 0.00151513 1 -0.000270148 -0.00436287 0.000398853 0.000268918 1 0.586254
0.999995 0.00163595 -0.00183797 -0.014072 -0.00163599 0.999997 0.000241024 -0.00107863 0.00183857 -0.000237385 0.999998 0.585816
0.999984 0.00211374 -0.00558165 -0.0249317 -0.00211661 1 -0.000587205 -0.00551827 0.00558024 0.000598451 0.999984 0.5837
0.999982 -0.000284721 -0.00565694 0.00357729 0.000284382 0.999998 3.11129e-06 -0.0117769 0.0056571 -4.0983e-06 0.999984 0.589304
0.999972 0.000948989 -0.00769394 -0.0126421 -0.000949647 1 -0.000125475 -0.00826452 0.00769363 0.00013219 0.99997 0.598088
0.999966 0.000384322 -0.00802138 -0.0199894 -0.000377196 0.999998 0.000930311 -0.000531947 0.00802188 -0.000926617 0.999968 0.611591
0.999955 0.00110212 -0.0095331 -0.0167587 -0.00109574 0.999999 0.000640267 -0.00510302 0.00953365 -0.000630424 0.999954 0.598374
0.999962 0.0020779 -0.00825882 -0.0172486 -0.00207905 0.999998 -8.97268e-05 -0.00996146 0.0082588 0.000107464 0.999967 0.623606
0.99995 0.00397484 -0.00933217 -0.0317155 -0.00398957 0.999991 -0.00160327 -0.00902534 0.00932565 0.0016398 0.999954 0.621525
0.99996 0.00240239 -0.00854415 -0.0188539 -0.00241846 0.999996 -0.00182301 -0.0015841 0.00853982 0.00184422 0.999963 0.625132
0.999943 0.00269298 -0.0104177 -0.0061627 -0.00271028 0.999995 -0.00168724 -0.00202855 0.0104129 0.0017148 0.999943 0.640485
0.999944 0.000481552 -0.0104706 -0.0165227 -0.00049768 0.999999 -0.00149407 -0.0178191 0.0104701 0.00149986 0.999945 0.64773
0.999963 0.000770842 -0.00875381 -0.0141211 -0.000778177 0.999999 -0.000889045 0.00490044 0.00875293 0.000895171 0.99996 0.652231
0.999955 -4.66157e-05 -0.00932606 -0.0249491 4.55019e-05 1 -6.92706e-05 0.00137405 0.00932629 6.95241e-05 0.999958 0.673863
0.999949 0.00285446 -0.00986081 -0.0298009 -0.00285883 0.999996 -0.000476422 0.00743338 0.00985911 0.000503923 0.99995 0.690822
0.99992 -0.000227163 -0.0125974 -0.0254931 0.000266149 0.999995 0.00313173 0.00824628 0.0125969 -0.00313417 0.999917 0.683739
0.999951 -0.00472444 -0.00873975 -0.016792 0.00477562 0.999972 0.00578381 -0.00452671 0.00871198 -0.00582588 0.999944 0.721412
0.999933 -0.00126285 -0.0114711 -0.0066708 0.00129445 0.999995 0.00279116 0.0161047 0.0114676 -0.00280519 0.999932 0.736012
0.999937 -0.00188862 -0.0111347 -0.0189563 0.0019223 0.999994 0.00296852 0.004118 0.0111289 -0.00299044 0.999933 0.74305
0.999952 -0.00342619 -0.00916421 -0.012247 0.00342759 0.999994 0.000196718 -0.0107113 0.00916363 -0.00022745 0.999959 0.745778
0.999941 -0.00560673 -0.00940555 -0.0126535 0.00561744 0.999984 0.0010569 0.0195462 0.00939926 -0.00111041 0.999954 0.755482
0.999913 -0.00989302 -0.00865487 0.00158929 0.00994347 0.999933 0.00586622 0.017497 0.00859652 -0.00595104 0.999947 0.773819
0.999968 -0.00542924 -0.00612187 -0.00113346 0.00544293 0.999983 0.00215049 -0.011096 0.0061099 -0.00218438 0.999977 0.810538
0.999953 -0.0046548 -0.00845488 -0.0081272 0.00465044 0.999989 -0.000485773 0.0251618 0.00845728 0.000447031 0.999966 0.763374
0.999981 -0.00181794 -0.00616458 -0.00714935 0.00177949 0.999978 -0.00631594 -0.0109659 0.00617578 0.00630433 0.999959 0.782862
0.999956 -0.003928 -0.00845661 -0.00318743 0.00387028 0.999969 -0.0067771 0.000680776 0.00848309 0.00674459 0.999943 0.763977
0.999983 -0.000888149 -0.00595058 -0.0103729 0.000884708 1 -0.00065423 0.0102177 0.00595111 0.00064841 0.999981 0.786563
0.999981 0.00475662 -0.00365056 -0.00974895 -0.0047565 0.999988 0.00016091 0.0109505 0.00365136 -0.000143033 0.999995 0.788219
0.999981 0.00380681 -0.00511519 -0.020683 -0.0038099 0.999994 -0.000678904 0.00842311 0.00511229 0.000697807 0.999985 0.757013
0.999988 0.000999087 -0.00437697 -0.00493882 -0.00100475 0.999997 -0.00119914 -0.0215336 0.00437598 0.00120412 0.999991 0.751473
0.999993 0.0019037 -0.00367054 -0.00642318 -0.00191291 0.999996 -0.00265068 -0.00112168 0.00366525 0.00265721 0.999988 0.752689
0.999989 0.00161597 -0.00426386 -0.0121582 -0.00162152 0.999997 -0.00117406 0.000116991 0.00426213 0.00118146 0.999991 0.739
0.999995 -1.78429e-05 -0.00344967 -0.0109466 2.15216e-05 1 0.000907338 -0.000431622 0.00344947 -0.000907935 0.999993 0.747514
0.999993 -0.00118972 -0.00337045 0.000214405 0.00119852 0.999994 0.00278118 -0.0102245 0.00336728 -0.00278462 0.99999 0.722455
0.999994 0.00112939 -0.00348008 -0.00524354 -0.00112443 0.999999 0.00126211 -0.00496062 0.0034813 -0.00125877 0.999994 0.724593
0.999996 -0.00175081 -0.00202523 0.00350143 0.00175469 0.999996 0.00220317 -0.00176289 0.0020214 -0.00220613 0.999995 0.706255
0.999993 0.00244785 -0.00283033 -0.010452 -0.00245019 0.999998 -0.00104067 -0.00382417 0.00282775 0.00104694 0.999997 0.685831
0.999998 -0.000837557 -0.00176454 -0.00102184 0.000835472 0.999998 -0.000840732 -0.018194 0.00176526 0.000839906 0.999998 0.683398
0.999997 -0.00221549 -0.000604215 0.00167522 0.00221655 0.999998 0.00082164 -0.00522405 0.00060238 -0.000823662 1 0.667198
0.999995 -0.00310375 0.000328047 -0.00711274 0.00310297 0.999995 0.000601424 -0.0074096 -0.000329911 -0.000599709 1 0.662543
0.999999 0.00117082 -0.000755714 -0.0058313 -0.00117019 1 5.86499e-06 -0.00557309 0.000755713 -5.68188e-06 1 0.655689
0.999998 -0.00182879 -0.000357169 -0.00708362 0.00182789 0.999998 -0.000764792 -0.00845466 0.000358597 0.000764847 0.999999 0.647772
0.999999 0.000981666 -0.000810483 0.00327891 -0.000982354 0.999999 -0.00163435 -0.015887 0.000808777 0.00163442 0.999999 0.636708
0.999995 -0.00240654 -0.00224723 -0.0134254 0.00240293 0.999996 -0.00133581 -0.00163164 0.00225055 0.00133097 0.999996 0.616741
0.999994 -0.00253855 -0.00236347 0.0039884 0.00253899 0.999997 -9.67427e-05 -0.00929714 0.00236363 9.02641e-05 0.999998 0.632117
0.999993 -0.00325974 -0.00192101 -0.00334233 0.00325894 0.999994 -9.09934e-05 0.00400035 0.00192135 8.5023e-05 0.999998 0.615658
0.999994 -0.00164377 -0.0029636 0.000826034 0.00164614 0.999999 0.000574943 -0.0139959 0.00296266 -0.00058015 0.999996 0.591214
0.999996 -0.00123714 -0.00277924 -0.0033629 0.00123814 0.999999 0.000602543 -0.00139357 0.0027785 -0.000605637 0.999996 0.600962
0.999995 -0.000833311 -0.00291627 -0.00435031 0.000834985 0.999999 0.000335609 -0.00470189 0.002916 -0.000338405 0.999996 0.601206
0.999993 -0.00202846 -0.00332678 -0.0100127 0.00202602 0.999998 -0.000514536 -0.0065879 0.00332779 0.000508185 0.999994 0.583182
0.999995 0.000668129 -0.00313054 0.00377562 -0.00067095 0.999999 -0.00114082 -0.00976459 0.00312985 0.00114247 0.999995 0.590782
0.999987 -0.00297624 -0.004307 -0.0153743 0.00297244 0.999995 -0.000712214 -0.00104188 0.00430902 0.000699761 0.99999 0.57889
0.999987 0.00169948 -0.00467064 -0.00998034 -0.0017083 0.999997 -0.00204571 -0.00423265 0.00466725 0.0020533 0.999987 0.571431
0.999979 0.00293283 -0.00578216 -0.0123084 -0.00296122 0.999984 -0.00477818 -0.00399282 0.00576797 0.00479557 0.999972 0.572641
0.99997 0.00455328 -0.00622645 -0.0187152 -0.0045855 0.999976 -0.00529296 -0.00329211 0.00620224 0.00532097 0.999967 0.575399
0.999964 0.00500065 -0.00680428 -0.0198887 -0.00502777 0.99998 -0.00385751 -0.00320411 0.00678482 0.00389202 0.99997 0.564978
0.999976 0.00238353 -0.00648645 -0.00837834 -0.00241018 0.999988 -0.00422134 0.00205933 0.00647632 0.00423649 0.99997 0.586486
0.99998 0.00251575 -0.00579207 -0.0270137 -0.00251175 0.999997 0.000833711 -0.00223083 0.00579425 -0.000818742 0.999983 0.579994
0.999969 0.00520463 -0.00600711 -0.0244221 -0.00517887 0.999978 0.00417148 -0.00557396 0.00602861 -0.00414068 0.999973 0.600547
0.999974 0.00404435 -0.00603504 -0.0244511 -0.00401556 0.99998 0.00489431 -0.00235118 0.00605476 -0.00486948 0.999969 0.615269
0.999954 0.005083 -0.00818043 -0.0221529 -0.00504305 0.999976 0.00480839 -0.00199664 0.00820456 -0.0047674 0.999956 0.616036
0.999979 0.00111904 -0.00631273 -0.0194095 -0.00110481 0.999996 0.00238138 -0.00810659 0.00631553 -0.00237379 0.999976 0.63092
0.999969 0.00362892 -0.00706939 -0.0261726 -0.00363511 0.999993 -0.000976593 -0.00569388 0.00706561 0.00100169 0.999976 0.637668
0.999965 0.00277151 -0.00796302 -0.0289725 -0.00279561 0.999992 -0.00291114 0.00196975 0.00795517 0.00293385 0.999963 0.64516
0.999976 0.000999031 -0.00693751 -0.0185617 -0.00101355 0.999997 -0.00221666 0.0044444 0.00693509 0.00222308 0.999975 0.648023
0.999971 0.00130311 -0.00750877 -0.0190412 -0.00131613 0.999998 -0.00161159 -0.000890526 0.00750678 0.00162195 0.999969 0.673919
0.999961 0.00172577 -0.00866877 -0.0265497 -0.00172242 0.999998 0.000284625 0.0120111 0.00866916 -0.000270228 0.999964 0.685704
0.999963 0.00295382 -0.00818374 -0.0188906 -0.00295508 0.999996 -1.91942e-05 0.00470536 0.00818377 4.39019e-05 0.999965 0.697868
0.999972 -0.000345651 -0.00741174 -0.0199401 0.000359038 0.999999 0.00167039 -0.00452701 0.007411 -0.00167346 0.999973 0.716834
0.999942 -0.00118959 -0.0106732 -0.0230598 0.00120312 0.999998 0.00135319 -0.00387334 0.0106717 -0.00136552 0.99994 0.723714
0.99996 -0.000591123 -0.00897417 -0.0104998 0.000598182 1 0.000678144 0.00427789 0.00897365 -0.000683883 0.999961 0.746813
0.999953 0.00259031 -0.00940698 -0.0288759 -0.00259736 0.999996 -0.000641316 0.0216431 0.0094055 0.000666095 0.999954 0.757093
0.999955 0.000903579 -0.00944016 -0.0205491 -0.000903836 1 -0.000112732 0.0111187 0.00943979 0.000120892 0.999957 0.762341
0.999962 0.000483706 -0.00871536 -0.0163739 -0.000486906 1 -0.000260983 -0.000948292 0.00871537 0.000265618 0.999961 0.774583
0.999979 -0.00142673 -0.00630915 -0.0166648 0.00143244 0.999999 0.000756447 0.00223056 0.00630793 -0.000765874 0.999981 0.778482
0.999983 -0.00254454 -0.00527053 -0.0183106 0.0025438 0.999996 2.01575e-05 -0.0166298 0.00527048 -3.31295e-05 0.999985 0.809322
0.999988 -0.00332991 -0.00364837 -0.0137638 0.00332927 0.999995 -0.000414717 -0.0076267 0.00364974 0.000402115 0.999995 0.812505
0.99998 -0.00475231 -0.00430804 0.011706 0.00475056 0.999988 -0.000227553 -0.00131873 0.00430915 0.000207639 0.999989 0.828534
0.99997 -0.00672756 -0.00390001 0.0137633 0.00673566 0.999977 0.00185794 -0.00465648 0.00388733 -0.00188473 0.999993 0.836431
0.999975 -0.00601878 -0.00396998 -0.00712285 0.00602659 0.999978 0.00215863 0.00445841 0.00395693 -0.00218191 0.999988 0.846702
0.999978 -0.00550142 -0.00366523 -0.00220731 0.00550916 0.999984 0.0018886 -0.0203372 0.00365475 -0.00190926 0.999993 0.828395
0.999988 -0.00222839 -0.00459873 -0.00242719 0.00222939 0.999996 0.000384087 -0.00210815 0.00459777 -0.000393795 0.999988 0.861618
0.999993 0.00099917 -0.00331768 -0.0099871 -0.000999019 1 -0.000213751 -0.0167029 0.00331749 0.000216538 0.999997 0.865916
0.999976 0.00377648 -0.00599446 -0.0177188 -0.00378388 0.99999 -0.00109219 0.0107043 0.00599022 0.00111549 0.999979 0.880328
0.999985 0.00363301 -0.00388524 -0.0221271 -0.0036312 0.999995 0.000260187 0.000794192 0.00388627 -0.000246706 0.999995 0.883793
0.999991 0.000392817 -0.00443207 -0.00300619 -0.000380805 0.999993 0.00290734 -0.0120038 0.00443292 -0.00290493 0.999984 0.877629
0.999986 0.00121707 -0.0051319 -0.0278044 -0.00119348 0.999992 0.00441578 0.0168312 0.00513749 -0.00441028 0.99998 0.907519
0.999991 -0.000243872 -0.00425642 -0.0251483 0.000266422 0.999983 0.0054904 -0.0128454 0.00425484 -0.00549083 0.999973 0.916463
0.999976 -0.00101325 -0.00687565 -0.0120409 0.00102382 1 0.0013962 0.026587 0.00687426 -0.00140382 0.999979 0.898703
0.999978 -0.00369486 -0.00545718 0.000670318 0.00369253 0.999991 -0.000277216 -0.017627 0.00545807 0.000257702 0.999982 0.920004
0.99992 -0.0101142 -0.00772237 0.00145241 0.0100667 0.999933 -0.006272 -0.00754282 0.00778543 0.00619321 0.999956 0.885247
0.999973 -0.00334953 -0.00636089 0.00105724 0.00330686 0.99997 -0.00655957 -0.00796343 0.00638252 0.006539 0.999954 0.915519
0.999957 -0.002969 -0.00891184 -0.00290161 0.00293895 0.999993 -0.00347772 -0.00833634 0.00892221 0.00345079 0.999959 0.898301
0.999958 -0.00214848 -0.00873261 -0.010455 0.00217127 0.999991 0.00271428 0.0241481 0.00872662 -0.0027326 0.999953 0.926418
0.999962 -0.00348331 -0.00819666 -0.0049086 0.00350895 0.999993 0.0029805 -0.0205779 0.0081863 -0.00300969 0.999968 0.922604
0.999966 -0.00480434 -0.00650647 0.00100914 0.0047982 0.999985 -0.000796262 0.000998641 0.00651004 0.000765552 0.999972 0.933083
0.999971 -0.00222178 -0.0074835 -0.0123946 0.00218612 0.999989 -0.00491913 -0.0161187 0.00749446 0.0049021 0.999967 0.907299
0.999989 -0.000600783 -0.00438334 -0.00870995 0.000593153 0.999995 -0.00148235 0.0138016 0.00438398 0.0014801 0.999983 0.9399
0.999978 -0.00414975 -0.00546278 -0.0265388 0.00416139 0.999994 0.00193406 0.00178593 0.00545485 -0.00195699 0.99999 0.915071
0.999983 -0.00508275 -0.0024819 -0.00602513 0.00509321 0.999973 0.00460851 0.00236379 0.00245822 -0.00462087 0.99998 0.948019
0.999998 -0.00234025 -0.000835648 0.0059863 0.00234318 0.999998 0.00238028 -0.0140579 0.000830218 -0.0023825 1 0.947066
0.999987 -0.0048319 -0.000520949 -0.00331348 0.0048323 0.999982 0.00262212 0.00575581 0.000508042 -0.0026243 0.99999 0.92889
0.999997 -0.00264814 0.00123598 -0.0130038 0.0026471 0.999999 0.00164284 0.00615622 -0.00124009 -0.00163992 1 0.944407
0.999995 0.00194685 0.00216162 -0.00146512 -0.00195031 0.999994 0.00117606 0.010173 -0.00215966 -0.00117998 0.999991 0.966845
1 0.000623361 0.000186265 -0.0232677 -0.00062251 1 -0.000211571 -0.00763466 -0.000186052 0.000211148 1.00001 0.945065
0.999987 0.00320324 0.0037156 -0.00104255 -0.00319763 0.99999 -0.00171841 0.00866532 -0.00372136 0.00170679 0.999986 0.979084
0.999993 0.00296227 0.00259951 -0.0130567 -0.00296131 0.999999 -9.10619e-05 -0.00405969 -0.00259934 8.30013e-05 1 0.920712
0.999985 0.00257535 0.00459037 0.00539372 -0.00258194 0.999993 0.00127116 0.0164037 -0.00458748 -0.00128268 0.999982 0.948734
0.999989 0.00380811 0.00328784 -0.0110225 -0.00380988 0.999996 0.000750023 0.00267236 -0.00328449 -0.000762815 1 0.931412
0.999991 0.000644262 0.00409556 -0.00248791 -0.000652466 0.999995 0.00185148 0.000622209 -0.00409487 -0.00185385 0.999982 0.962038
0.999995 0.000625518 0.00367122 -0.0221414 -0.000633351 1 0.0023079 -0.0079262 -0.00366919 -0.00231047 0.999998 0.908552
0.999983 -0.00366217 0.00433367 -0.00645225 0.00365523 0.99999 0.00147489 0.00329982 -0.00433959 -0.00145876 0.999982 0.935632
0.999997 0.00221789 0.00202918 0.00649208 -0.00221276 0.999998 -0.00222692 -0.0391633 -0.00203353 0.00222212 1 0.902695
0.999967 0.00476386 0.00648446 -0.00303241 -0.00470351 0.999942 -0.00938749 0.0159137 -0.00652942 0.00935695 0.999927 0.946179
0.999993 0.00319548 0.00275626 -0.0164028 -0.00318392 0.99999 -0.0039885 -0.00437265 -0.00276824 0.00397956 0.999996 0.900412
0.999989 0.00126239 0.0043544 -0.00688281 -0.00127556 0.999991 0.00287277 -0.0106688 -0.00435141 -0.00287819 0.999979 0.938753
