0.999993 -0.00243841 -0.00297095 -0.00572638 0.00243243 0.999996 -0.00201348 0.00174737 0.00297587 0.00200631 0.999995 0.69492
0.999973 -0.00172365 -0.00727012 -0.0185297 0.00169906 0.999993 -0.0033839 -0.00181423 0.00727589 0.00337144 0.999968 1.41734
0.999937 -0.00151199 -0.0111192 -0.0303922 0.00145944 0.999989 -0.00473211 -0.00721784 0.0111263 0.00471564 0.999928 2.1545
0.999877 -0.000745386 -0.0157548 -0.0499664 0.000670166 0.999989 -0.00477552 -0.0126519 0.0157582 0.00476439 0.999867 2.88127
0.999796 -0.00160224 -0.0201704 -0.0713378 0.00150338 0.999987 -0.00491372 -0.0229913 0.020178 0.00488246 0.999786 3.63064
0.999695 -0.000225604 -0.0247603 -0.0994614 7.46486e-05 0.999982 -0.00609693 -0.0239436 0.0247613 0.00609327 0.999677 4.39929
0.999552 0.00266118 -0.0298559 -0.134129 -0.00287533 0.999971 -0.00713146 -0.0511735 0.0298361 0.00721424 0.99953 5.18777
0.999413 0.00325812 -0.0341689 -0.165132 -0.00349172 0.999971 -0.00677914 -0.0567589 0.0341459 0.00689451 0.999395 5.97631
0.999265 0.00638242 -0.0378359 -0.203861 -0.00657306 0.999967 -0.00491564 -0.102865 0.0378032 0.00516077 0.999274 6.77965
0.999127 0.00647581 -0.0413439 -0.234592 -0.00665693 0.999968 -0.00424485 -0.112611 0.0413153 0.0045164 0.999139 7.58705
0.999056 0.00522108 -0.0431592 -0.279295 -0.00541146 0.999977 -0.00429487 -0.0932135 0.0431358 0.00452445 0.999061 8.40283
0.998968 0.00500757 -0.0452333 -0.319309 -0.005211 0.999975 -0.00438102 -0.0955172 0.0452104 0.00461244 0.998971 9.22261
0.998892 0.003849 -0.0469552 -0.351917 -0.0040697 0.999982 -0.00460477 -0.0987813 0.0469366 0.00479084 0.998888 10.0574
0.998795 0.00258941 -0.0490951 -0.39458 -0.00280052 0.999986 -0.00423077 -0.0901895 0.0490835 0.00436333 0.99879 10.9071
0.998747 0.0015835 -0.0500655 -0.439947 -0.00177587 0.999991 -0.00379593 -0.118969 0.0500591 0.00388007 0.998741 11.7621
0.998687 0.00260168 -0.0512554 -0.490124 -0.00288388 0.999979 -0.00543005 -0.126943 0.0512403 0.00557092 0.998676 12.6327
0.998637 0.00263793 -0.0521797 -0.541266 -0.00305602 0.999964 -0.00793222 -0.129401 0.052157 0.00808089 0.998609 13.5042
0.998611 0.00577064 -0.0524814 -0.602944 -0.00626396 0.999936 -0.00923694 -0.138189 0.0524249 0.00955295 0.998584 14.3854
0.998515 0.00636196 -0.054167 -0.656357 -0.00684006 0.999939 -0.00864256 -0.149617 0.0541089 0.0090003 0.998498 15.2749
0.998485 0.00527503 -0.0548744 -0.697601 -0.00569026 0.999955 -0.00741104 -0.164147 0.0548329 0.00771214 0.998471 16.1882
0.998517 0.00536914 -0.0542446 -0.75231 -0.00572202 0.999964 -0.00634865 -0.176403 0.0542087 0.00664961 0.998511 17.1058
0.998492 0.00550447 -0.0547128 -0.808129 -0.00578344 0.99997 -0.00493869 -0.200059 0.0546841 0.00524773 0.998496 18.0131
0.998479 0.00605915 -0.0548743 -0.855499 -0.00640462 0.999961 -0.00611814 -0.201026 0.0548352 0.00646025 0.998478 18.9244
0.998404 0.00532225 -0.056323 -0.912084 -0.00568702 0.999962 -0.00631554 -0.215082 0.0562874 0.00662569 0.998398 19.8432
0.998414 0.00514724 -0.0561395 -0.960934 -0.00542022 0.999974 -0.00470722 -0.229408 0.0561139 0.00500397 0.998416 20.7773
0.998475 0.00646565 -0.0549241 -1.02499 -0.00658622 0.999975 -0.00201197 -0.231308 0.0549098 0.00237049 0.998495 21.7052
0.998495 0.0064115 -0.0545592 -1.09136 -0.00633427 0.999979 0.00159324 -0.235299 0.0545683 -0.00124542 0.998514 22.6518
0.998576 0.00710868 -0.0529942 -1.15112 -0.00691149 0.999967 0.00390619 -0.236722 0.0530202 -0.00353451 0.998594 23.5969
0.998748 0.00718456 -0.0496047 -1.20394 -0.00692186 0.999961 0.00547098 -0.235475 0.0496422 -0.00512092 0.998758 24.5574
0.998862 0.00735589 -0.0472573 -1.24843 -0.00721553 0.999968 0.00314277 -0.256144 0.047279 -0.00279833 0.998885 25.493
0.998953 0.00834325 -0.0451027 -1.30475 -0.00828847 0.999965 0.00140909 -0.2572 0.0451128 -0.00103403 0.998986 26.4452
0.999048 0.0080452 -0.0430144 -1.35019 -0.00814657 0.999964 -0.00217794 -0.263285 0.0429954 0.00252615 0.999079 27.4205
0.999154 0.00655826 -0.0407362 -1.39696 -0.00663735 0.999976 -0.00179804 -0.268411 0.0407234 0.00206666 0.999173 28.4156
0.999247 0.00454232 -0.0387201 -1.43642 -0.00444681 0.999986 0.00255603 -0.270193 0.0387313 -0.00238202 0.999255 29.4022
0.9992 0.000913602 -0.0401374 -1.47257 -0.000693915 0.999985 0.00549713 -0.268758 0.0401418 -0.00546513 0.999184 30.3778
0.999182 -0.00713383 -0.0399819 -1.50489 0.00733583 0.99996 0.00491249 -0.269454 0.0399454 -0.00520186 0.999196 31.3842
0.999173 -0.00754061 -0.0401241 -1.54411 0.00761563 0.999969 0.00172954 -0.279507 0.0401099 -0.0020339 0.999199 32.3632
0.999095 -0.00708931 -0.0421089 -1.58729 0.0070626 0.999974 -0.000776611 -0.269724 0.0421134 0.000478458 0.999122 33.3423
0.999033 -0.00785714 -0.0434257 -1.63401 0.00779895 0.999968 -0.00149706 -0.260198 0.0434363 0.00115673 0.999062 34.3289
0.999086 -0.00843982 -0.0420867 -1.66681 0.00845135 0.999964 0.000102794 -0.257965 0.0420844 -0.000458437 0.999124 35.359
0.999021 -0.00701683 -0.0438538 -1.72216 0.00710152 0.999973 0.00178825 -0.251942 0.0438403 -0.00209815 0.999043 36.3538
0.999034 -0.00618797 -0.0436842 -1.76744 0.00630255 0.999977 0.00249373 -0.274609 0.0436678 -0.00276674 0.999053 37.3691
0.998968 -0.00558736 -0.0452515 -1.81243 0.00577795 0.999973 0.00409357 -0.270964 0.0452279 -0.00435106 0.998974 38.3595
0.99896 -0.00607058 -0.0453748 -1.85924 0.00632675 0.999964 0.00551015 -0.271798 0.04534 -0.00579177 0.998966 39.368
0.998983 -0.00553806 -0.0449539 -1.91475 0.00581602 0.999964 0.00606774 -0.249039 0.0449191 -0.00632336 0.998978 40.3837
0.998967 -0.00383569 -0.0454947 -1.96948 0.00411037 0.999973 0.00595062 -0.269119 0.0454709 -0.00613171 0.998958 41.3823
0.998986 -0.00245537 -0.0451726 -2.01575 0.00267658 0.999984 0.00484897 -0.29418 0.0451604 -0.00496531 0.998975 42.4051
0.999025 -0.000291711 -0.0443723 -2.07126 0.000453602 0.999992 0.00364295 -0.297026 0.0443712 -0.0036598 0.999021 43.4052
0.998959 -9.39456e-05 -0.0458538 -2.11676 0.000293203 0.99999 0.00435024 -0.303266 0.0458533 -0.00435957 0.998948 44.3824
0.998875 -0.00395953 -0.0474716 -2.15973 0.0042102 0.999976 0.00518652 -0.306854 0.0474502 -0.00538084 0.998872 45.4008
0.998874 -0.00365063 -0.0475503 -2.21121 0.00393449 0.999974 0.00588822 -0.309554 0.0475279 -0.00606898 0.998862 46.3964
0.998842 -0.00286917 -0.0482503 -2.26512 0.0031261 0.99998 0.00525459 -0.306375 0.0482346 -0.00539968 0.998835 47.3585
0.998862 0.000588616 -0.0479507 -2.32496 -0.000523617 0.999998 0.00137657 -0.319123 0.0479519 -0.00135016 0.998859 48.3468
0.998769 0.000439507 -0.0498078 -2.39482 -0.000412416 0.999998 0.000557564 -0.330972 0.0498084 -0.000536664 0.998772 49.3834
0.998753 -0.00103033 -0.0501744 -2.44319 0.00112976 0.999997 0.00196143 -0.323443 0.0501728 -0.00201598 0.998749 50.359
0.99879 -0.00287948 -0.049327 -2.49408 0.00316553 0.999979 0.00572775 -0.349069 0.04931 -0.00587726 0.99878 51.337
0.998764 -0.00346006 -0.049842 -2.54155 0.00377841 0.999973 0.0063027 -0.344272 0.0498194 -0.00648355 0.998749 52.3032
0.998775 -0.00601859 -0.0493595 -2.59332 0.00630851 0.999964 0.00572576 -0.346471 0.0493239 -0.00603033 0.998779 53.273
0.998798 -0.00780113 -0.0486681 -2.63631 0.00805543 0.999956 0.00504347 -0.354758 0.0486273 -0.00542961 0.998815 54.2344
0.998818 -0.00934116 -0.0479556 -2.68625 0.00962864 0.999937 0.00577492 -0.349104 0.0478994 -0.00622996 0.998847 55.1747
0.998827 -0.0114149 -0.0473721 -2.72757 0.011854 0.999891 0.00901271 -0.34972 0.0472648 -0.00956385 0.99885 56.1276
0.998863 -0.0134838 -0.0460122 -2.76823 0.0140976 0.999816 0.013051 -0.353761 0.0458285 -0.0136849 0.99887 57.0968
0.998922 -0.0140333 -0.0445985 -2.80939 0.0146542 0.999801 0.0136422 -0.340876 0.0443988 -0.0142813 0.998926 58.0718
0.99893 -0.0129113 -0.0447125 -2.85862 0.0134405 0.999843 0.011564 -0.340167 0.0445569 -0.0121527 0.998948 59.0066
0.998866 -0.0117846 -0.0464509 -2.9104 0.0120203 0.999918 0.00481382 -0.334326 0.0463909 -0.00536699 0.998923 59.9358
0.998867 -0.0115394 -0.0464431 -2.95673 0.0115447 0.999934 -0.000146675 -0.33758 0.0464424 -0.000389806 0.998936 60.902
0.998968 -0.00827381 -0.0450032 -3.00602 0.00830664 0.999968 0.000558068 -0.326253 0.0449977 -0.000931652 0.999001 61.8341
0.998895 -0.00716656 -0.0467386 -3.05383 0.00725956 0.999973 0.00182805 -0.338151 0.0467247 -0.00216546 0.998922 62.7354
0.998842 -0.00618246 -0.0480196 -3.10657 0.00630646 0.999979 0.00244413 -0.348086 0.0480039 -0.00274439 0.998858 63.6161
0.998858 -0.00426685 -0.047878 -3.1492 0.00438385 0.999989 0.00234683 -0.364004 0.0478679 -0.00255423 0.998867 64.4823
0.998813 -0.00382194 -0.0488892 -3.18903 0.00394294 0.999991 0.00239021 -0.370771 0.0488801 -0.00258035 0.998816 65.3923
0.99879 -0.00311293 -0.049361 -3.23757 0.00325489 0.999992 0.0028022 -0.379461 0.0493522 -0.0029597 0.998794 66.2331
0.998692 -0.00255149 -0.0513917 -3.28239 0.00270849 0.999993 0.0029968 -0.394682 0.0513842 -0.00313238 0.998689 67.0667
0.99868 -0.000703317 -0.0516454 -3.325 0.000875843 0.999995 0.00332441 -0.410124 0.0516432 -0.00336544 0.998677 67.9225
0.998723 -0.000200338 -0.0508457 -3.3695 0.000456997 0.999988 0.00504666 -0.422457 0.0508446 -0.00506377 0.998708 68.7765
0.998627 0.000650846 -0.0526685 -3.4182 -0.000236501 0.99997 0.00787824 -0.421275 0.0526723 -0.00785509 0.998599 69.5717
0.998554 0.00318349 -0.0539747 -3.4653 -0.00268528 0.999955 0.00931011 -0.429284 0.0540024 -0.009152 0.998515 70.3568
0.998502 0.00635321 -0.0546332 -3.5214 -0.00603681 0.999965 0.00595813 -0.425918 0.0546696 -0.00561951 0.998506 71.1572
0.998399 0.00811486 -0.0562889 -3.57907 -0.00814301 0.999969 -0.000262553 -0.428719 0.0562855 0.00072019 0.998431 71.9015
0.99836 0.00837732 -0.0569251 -3.62239 -0.00867069 0.999952 -0.00490593 -0.455045 0.0568817 0.00539135 0.998385 72.6107
0.998293 0.00796039 -0.0582011 -3.67389 -0.00824668 0.999957 -0.0046704 -0.455145 0.0581619 0.00514204 0.998312 73.3037
0.998246 0.00931134 -0.058758 -3.7234 -0.00945589 0.999954 -0.00218057 -0.469255 0.0587354 0.00273214 0.998289 73.9904
0.99821 0.00924936 -0.0594196 -3.76476 -0.00937516 0.999956 -0.00182958 -0.476099 0.0594006 0.00238297 0.99825 74.6447
0.998181 0.00729855 -0.0601423 -3.80074 -0.00760478 0.999961 -0.00486292 -0.496683 0.0601048 0.00531126 0.998198 75.3094
0.998194 0.00661533 -0.0600584 -3.83261 -0.00692121 0.999966 -0.00487659 -0.513676 0.0600246 0.00528302 0.998202 75.9236
0.998307 0.00273271 -0.0584093 -3.86829 -0.0032893 0.999952 -0.00943272 -0.510984 0.058381 0.00960864 0.998268 76.5415
0.998448 0.00512294 -0.0558428 -3.90666 -0.00566 0.999941 -0.00945228 -0.530652 0.0557916 0.00975318 0.998414 77.1344
0.998641 0.00941152 -0.0516174 -3.95084 -0.00978229 0.99993 -0.00693493 -0.525773 0.0515488 0.00743017 0.998663 77.704
0.998908 0.00875727 -0.0463608 -3.9805 -0.00900052 0.999949 -0.00502839 -0.547544 0.0463149 0.00543967 0.998931 78.2953
0.999123 0.00835835 -0.0415182 -3.99583 -0.00855333 0.999954 -0.00452093 -0.560694 0.0414791 0.00487176 0.999148 78.8347
0.999452 0.00477135 -0.0334108 -4.00627 -0.0048276 0.999989 -0.00158262 -0.583571 0.0334034 0.00174259 0.99946 79.3943
0.999728 0.00704353 -0.0231192 -4.01987 -0.0070839 0.999975 -0.00166566 -0.580084 0.0231075 0.00182862 0.999753 79.9229
0.999919 0.0118581 -0.00803909 -4.03282 -0.0118758 0.999929 -0.00209291 -0.580093 0.00801427 0.00218775 0.999985 80.4393
0.999837 0.0162958 0.0100238 -4.03388 -0.0162824 0.999868 -0.00139822 -0.57271 -0.0100445 0.00123443 0.999971 80.9671
0.9994 0.0158956 0.031481 -4.01274 -0.0158814 0.999876 -0.000714474 -0.584279 -0.0314878 0.000213672 0.999524 81.4552
0.998253 0.0131164 0.0579679 -3.97376 -0.0131554 0.999915 0.000294442 -0.598407 -0.0579581 -0.00105689 0.998341 81.9391
0.996145 0.0129873 0.0870106 -3.92615 -0.0131581 0.999914 0.00138328 -0.595471 -0.0869845 -0.00252318 0.996227 82.4039
0.992695 0.0129542 0.120127 -3.86038 -0.0133577 0.999909 0.00255567 -0.6003 -0.120082 -0.00414203 0.992778 82.8651
0.987453 0.012516 0.157562 -3.77987 -0.0131922 0.99991 0.0032434 -0.603684 -0.157506 -0.00528162 0.987525 83.3296
0.980092 0.0132983 0.198206 -3.6759 -0.014215 0.999896 0.00320407 -0.611476 -0.198141 -0.00595824 0.980179 83.7673
0.969883 0.013705 0.243278 -3.55447 -0.0149384 0.999885 0.00322395 -0.631688 -0.243205 -0.00676131 0.969972 84.1978
0.956291 0.0150057 0.292109 -3.41989 -0.0163425 0.999867 0.0021375 -0.635629 -0.292036 -0.00681842 0.956408 84.6148
0.938882 0.0162575 0.34392 -3.25967 -0.0173777 0.999851 0.000173702 -0.64645 -0.343865 -0.00613982 0.939021 84.9957
0.91688 0.0161354 0.398892 -3.07512 -0.0168211 0.999859 -0.00178058 -0.652676 -0.398862 -0.00507787 0.917022 85.3822
0.89062 0.0168758 0.454484 -2.87368 -0.0173138 0.999847 -0.00319918 -0.660192 -0.454467 -0.00501973 0.890773 85.7312
0.859631 0.0170764 0.510674 -2.65212 -0.0171255 0.999845 -0.00460625 -0.661965 -0.51067 -0.00478658 0.85979 86.061
0.824069 0.0157899 0.566309 -2.4035 -0.0149022 0.999872 -0.00619484 -0.671521 -0.566333 -0.00333434 0.824196 86.3832
0.785554 0.0154787 0.618637 -2.14666 -0.0140631 0.999878 -0.00716025 -0.676028 -0.618669 -0.003076 0.785676 86.6577
0.743772 0.0145519 0.668308 -1.86134 -0.0129527 0.999891 -0.00735762 -0.684114 -0.668342 -0.00318405 0.743877 86.933
0.699213 0.0142729 0.714804 -1.57653 -0.0139841 0.999884 -0.00628647 -0.685441 -0.714808 -0.0056011 0.699332 87.1801
0.6524 0.013332 0.757786 -1.26791 -0.0134947 0.999893 -0.0059742 -0.695724 -0.757784 -0.00632861 0.652509 87.409
0.604197 0.0116604 0.796781 -0.941246 -0.0109262 0.999922 -0.00634839 -0.702616 -0.796789 -0.0048709 0.604278 87.6215
0.556143 0.00888763 0.831066 -0.618842 -0.00593011 0.999962 -0.00672616 -0.706489 -0.831092 -0.00118766 0.556174 87.7981
0.507916 0.0105456 0.861371 -0.279994 -0.00662939 0.999946 -0.00833341 -0.703532 -0.861407 -0.00147857 0.507959 87.9736
0.459467 0.0131046 0.888123 0.0627382 -0.00946735 0.999909 -0.0098567 -0.69644 -0.88817 -0.00387939 0.459548 88.122
0.412908 0.0138003 0.910696 0.403959 -0.00949474 0.999899 -0.0108475 -0.711088 -0.910748 -0.00416867 0.412998 88.2657
0.369422 0.0118206 0.929211 0.776668 -0.00450989 0.999933 -0.0109277 -0.716679 -0.929276 -0.000153747 0.36945 88.3803
0.329308 0.00462089 0.944238 1.14311 0.00808484 0.99994 -0.00771349 -0.734137 -0.944212 0.0101731 0.329252 88.4598
0.29295 0.00164278 0.95615 1.51626 0.0130371 0.999901 -0.00571278 -0.728981 -0.956063 0.0141389 0.292899 88.5376
0.258955 0.00490897 0.965904 1.89216 0.0103695 0.999918 -0.00786228 -0.723786 -0.965858 0.0120508 0.258884 88.6384
0.227353 0.0114295 0.973768 2.25857 0.00123914 0.999929 -0.0120263 -0.727339 -0.973836 0.0039408 0.227323 88.7308
0.198643 0.0153716 0.979978 2.64868 -0.0033755 0.999885 -0.0150001 -0.734269 -0.98009 -0.000329229 0.198673 88.8099
0.172189 0.0162454 0.984953 3.04815 -0.00292655 0.999871 -0.0159802 -0.754294 -0.985084 -0.00013098 0.172215 88.8778
0.148629 0.0173292 0.988768 3.45803 0.00331618 0.999835 -0.0180222 -0.758686 -0.988912 0.00595654 0.148548 88.913
0.127618 0.0215428 0.991612 3.87708 0.00791543 0.999713 -0.0227377 -0.766855 -0.991816 0.0107507 0.127412 88.942
0.107335 0.0277252 0.993863 4.31162 0.00897908 0.999547 -0.028854 -0.755326 -0.994207 0.01202 0.107038 88.9799
0.0893098 0.0287588 0.995611 4.74977 0.00763358 0.999537 -0.0295571 -0.76473 -0.995998 0.0102397 0.0890499 89.0118
0.0733078 0.0251132 0.99702 5.21233 0.00718689 0.999647 -0.0257083 -0.781005 -0.997309 0.00904911 0.0731028 89.0428
0.0580114 0.0223888 0.998087 5.68944 0.00923567 0.999696 -0.0229619 -0.799766 -0.998298 0.0105499 0.0577882 89.0702
0.0445676 0.0202999 0.998828 6.17589 0.0118102 0.999716 -0.0208454 -0.820394 -0.998962 0.0127243 0.0443166 89.0768
0.0323042 0.0195475 0.99931 6.67851 0.01577 0.999677 -0.0200646 -0.837378 -0.999378 0.0164071 0.0319869 89.0862
0.0223087 0.020248 0.999574 7.19744 0.0194692 0.9996 -0.0206836 -0.838885 -0.999587 0.0199212 0.021907 89.0836
0.0142997 0.0208059 0.999704 7.74332 0.022899 0.999517 -0.0211296 -0.848617 -0.99966 0.0231941 0.0138178 89.0834
0.00744819 0.0209215 0.999781 8.29295 0.0241908 0.999488 -0.0210961 -0.862854 -0.999705 0.0243415 0.00693971 89.0907
0.00218979 0.0215752 0.999788 8.85243 0.0248011 0.999462 -0.0216225 -0.864987 -0.999715 0.024843 0.00165502 89.0947
-0.0035345 0.0220391 0.999779 9.44013 0.0254378 0.999439 -0.0219423 -0.87494 -0.999696 0.0253534 -0.00409171 89.0979
-0.00883949 0.0215186 0.999753 10.058 0.0272911 0.999404 -0.0212699 -0.894313 -0.999614 0.0270961 -0.00941996 89.0999
-0.0116326 0.0219754 0.999719 10.6657 0.0274054 0.999393 -0.02165 -0.914955 -0.999583 0.0271446 -0.0122263 89.0956
-0.0161569 0.020653 0.99968 11.3058 0.0255082 0.999473 -0.0202365 -0.93718 -0.999569 0.0251728 -0.0166737 89.0815
-0.0197164 0.0212271 0.999608 11.9588 0.0265075 0.999438 -0.0207012 -0.942711 -0.999481 0.0260877 -0.0202664 89.0777
-0.0215411 0.0207814 0.999576 12.6314 0.02947 0.999366 -0.020142 -0.970057 -0.999359 0.0290233 -0.0221383 89.0554
-0.0214574 0.0207252 0.999583 13.3397 0.0319314 0.999293 -0.0200344 -0.993992 -0.999287 0.0314869 -0.0221024 89.0426
-0.018801 0.0205315 0.999637 14.026 0.0331829 0.999255 -0.0198995 -1.00739 -0.999299 0.0327963 -0.0194666 89.0251
-0.0160572 0.0206076 0.999687 14.7436 0.0346455 0.999202 -0.0200419 -1.02344 -0.999299 0.0343115 -0.0167567 89.0263
-0.0116237 0.0208986 0.999738 15.4829 0.0358778 0.99915 -0.0204691 -1.05515 -0.999315 0.0356301 -0.012362 89.0027
-0.00765479 0.0198885 0.999801 16.2238 0.037498 0.999109 -0.0195883 -1.07301 -0.999295 0.0373394 -0.00839214 88.992
-0.00357528 0.018552 0.999846 16.9943 0.0376224 0.999127 -0.0184042 -1.07889 -0.999313 0.0375505 -0.00426856 88.9929
-0.00157191 0.0169871 0.999883 17.815 0.0349622 0.99925 -0.0169221 -1.08959 -0.999415 0.0349303 -0.00216303 88.9965
0.00293444 0.0156016 0.999899 18.601 0.0311809 0.999395 -0.0156853 -1.10838 -0.999536 0.0312234 0.00244768 89.0136
0.00522219 0.0172838 0.999866 19.4265 0.0290956 0.999429 -0.0174289 -1.13212 -0.999591 0.0291815 0.00471789 89.0153
0.00915105 0.0199219 0.999785 20.2152 0.0299075 0.999353 -0.0201871 -1.15477 -0.999539 0.0300855 0.00855079 89.0413
0.0105518 0.0245777 0.999672 21.0223 0.0256356 0.999367 -0.0248415 -1.17151 -0.999643 0.0258881 0.00991661 89.0732
0.00899552 0.026842 0.999625 21.8607 0.0225042 0.999386 -0.0270382 -1.20328 -0.999734 0.0227387 0.00838739 89.0802
0.00927614 0.0257305 0.999656 22.6874 0.0211022 0.999446 -0.0259216 -1.23377 -0.999762 0.0213343 0.00872951 89.0959
0.00807966 0.0238568 0.999708 23.5286 0.0191687 0.999532 -0.0240076 -1.26427 -0.999811 0.0193567 0.00762003 89.114
0.00616255 0.0230487 0.999746 24.3596 0.0186181 0.999563 -0.02316 -1.29377 -0.999835 0.018755 0.00573223 89.1244
0.00668737 0.022595 0.999748 25.1836 0.0169258 0.999603 -0.0227051 -1.31573 -0.999862 0.017073 0.00630366 89.1427
0.00628999 0.0228978 0.999749 26.0105 0.0159668 0.999613 -0.022996 -1.34598 -0.999881 0.0161063 0.00592343 89.1577
0.0054218 0.023124 0.999744 26.8399 0.0140912 0.999636 -0.023198 -1.36854 -0.999915 0.0142132 0.00509532 89.1687
0.00396601 0.0233485 0.99975 27.6452 0.010497 0.999676 -0.0233893 -1.39548 -0.999965 0.0105861 0.0037211 89.1899
-0.000556707 0.0233008 0.999755 28.4803 0.00752086 0.999705 -0.0232956 -1.42005 -1 0.00750583 -0.000730456 89.2053
-0.00376777 0.0220881 0.999781 29.2963 0.00544099 0.999747 -0.0220677 -1.43657 -1.00001 0.00535571 -0.00388556 89.2134
-0.00995317 0.0199839 0.999778 30.1244 0.00312879 0.999801 -0.0199534 -1.4627 -0.999975 0.00292921 -0.0100123 89.214
-0.0176885 0.0183779 0.999706 30.9559 -0.00053721 0.999836 -0.0183906 -1.50095 -0.999872 -0.00086327 -0.0176742 89.213
-0.0255313 0.0178579 0.999542 31.7771 -0.00143168 0.999844 -0.0179001 -1.53195 -0.999703 -0.00188828 -0.0255002 89.2018
-0.0351226 0.0187411 0.999239 32.5926 -0.00143777 0.999827 -0.0188035 -1.5348 -0.999411 -0.00209799 -0.0350881 89.1751
-0.0465639 0.0189049 0.998764 33.3978 -0.000705017 0.999825 -0.0189581 -1.56182 -0.998945 -0.0015872 -0.0465407 89.1445
-0.056331 0.0178252 0.998285 34.2025 0.000314025 0.999846 -0.017836 -1.59484 -0.998441 -0.000692202 -0.0563264 89.1072
-0.0680238 0.0169166 0.997567 35.005 6.67327e-05 0.999862 -0.0169512 -1.6113 -0.997713 -0.0010868 -0.0680136 89.0617
-0.0786902 0.0162458 0.996798 35.8004 -0.000281218 0.999871 -0.0163188 -1.64369 -0.996928 -0.00156545 -0.0786739 88.997
-0.09005 0.0152801 0.995847 36.5928 -0.00131702 0.999885 -0.0154614 -1.66015 -0.995966 -0.00270414 -0.0900175 88.9225
-0.102198 0.016307 0.994663 37.3934 -0.00217933 0.999864 -0.0166169 -1.67398 -0.994792 -0.00386687 -0.102147 88.8342
-0.11248 0.0165602 0.993544 38.1643 -0.00243638 0.999859 -0.0169415 -1.69146 -0.993681 -0.00432647 -0.112422 88.7492
-0.123107 0.0174576 0.992272 38.9355 -0.00294833 0.999839 -0.0179573 -1.71143 -0.992419 -0.00513705 -0.123034 88.6552
-0.133149 0.0182765 0.990955 39.6935 -0.00185602 0.999828 -0.0186898 -1.7395 -0.991124 -0.00432804 -0.13309 88.5512
-0.14191 0.0183829 0.989741 40.4606 -0.00172908 0.999826 -0.018819 -1.76015 -0.989909 -0.00438279 -0.141852 88.4278
-0.15188 0.0180483 0.988262 41.2022 -0.00221881 0.999829 -0.0186008 -1.77996 -0.988427 -0.00501818 -0.151812 88.3133
-0.160008 0.0176585 0.986991 41.9367 -0.000844192 0.999843 -0.0180261 -1.80382 -0.987146 -0.00371838 -0.159966 88.187
-0.167381 0.017518 0.985765 42.6878 0.000356932 0.999848 -0.0177079 -1.82941 -0.985923 -0.00261237 -0.16736 88.0587
-0.173005 0.0162545 0.98482 43.4062 0.00207644 0.999873 -0.0161389 -1.84971 -0.98495 -0.000748112 -0.173014 87.9261
-0.176609 0.0151298 0.984193 44.1247 0.00563645 0.999886 -0.0143598 -1.86439 -0.984296 0.00301102 -0.176671 87.7836
-0.179245 0.015389 0.983718 44.8296 0.00832662 0.999871 -0.0141253 -1.87383 -0.9838 0.0056582 -0.179348 87.6523
-0.181569 0.0149259 0.983293 45.5126 0.009349 0.99987 -0.0134515 -1.88554 -0.983365 0.00675015 -0.181683 87.5215
-0.182479 0.0158153 0.983116 46.1782 0.00812379 0.999866 -0.0145776 -1.89983 -0.983208 0.00532539 -0.18258 87.4029
-0.18251 0.0167356 0.98309 46.8173 0.0104939 0.999836 -0.0150727 -1.9192 -0.98318 0.00756529 -0.182653 87.283
-0.180598 0.0181287 0.983424 47.4424 0.0111677 0.999809 -0.0163807 -1.94067 -0.983525 0.00802303 -0.180764 87.1753
-0.175686 0.0186895 0.984297 48.0692 0.0126457 0.999784 -0.0167268 -1.95019 -0.984396 0.00950817 -0.175882 87.0756
-0.168511 0.0190486 0.98555 48.6753 0.013037 0.999774 -0.0170952 -1.96114 -0.985645 0.00996668 -0.168719 86.9748
-0.157541 0.0191244 0.987355 49.2516 0.0125676 0.999774 -0.01736 -1.97879 -0.987464 0.0096735 -0.157743 86.8866
-0.144276 0.019246 0.989385 49.8194 0.01253 0.999771 -0.0176217 -1.99612 -0.98949 0.00985345 -0.144483 86.8138
-0.127678 0.020246 0.991638 50.3676 0.0112708 0.999761 -0.018961 -2.00644 -0.991783 0.00875546 -0.127873 86.7526
-0.106762 0.0223339 0.994068 50.9089 0.0104264 0.999723 -0.021342 -2.02672 -0.994261 0.00808485 -0.106963 86.7057
-0.0828431 0.0249847 0.996278 51.431 0.00901583 0.999668 -0.0243204 -2.0447 -0.996554 0.00696726 -0.0830389 86.6747
-0.0550629 0.0266743 0.998161 51.9548 0.00749569 0.999631 -0.026301 -2.06101 -0.998486 0.00603252 -0.0552406 86.6608
-0.0222169 0.0264379 0.999433 52.4809 0.00487519 0.999646 -0.0263355 -2.08747 -0.999774 0.00428714 -0.0223364 86.6666
0.0156087 0.0246915 0.999608 53.009 0.00460163 0.999688 -0.0247662 -2.1 -0.999899 0.00498519 0.015492 86.6888
0.05684 0.0220548 0.998169 53.5271 0.00309914 0.999752 -0.0222667 -2.10909 -0.998411 0.00435892 0.0567584 86.7411
0.102641 0.0186786 0.994578 54.0568 -0.00228547 0.999831 -0.0185422 -2.11482 -0.994747 -0.000371042 0.102668 86.8087
0.15113 0.0169837 0.988398 54.5694 -0.00594171 0.999855 -0.0162725 -2.11295 -0.988529 -0.00341363 0.151209 86.9075
0.202521 0.0162715 0.979179 55.049 -0.010052 0.999849 -0.0145367 -2.11912 -0.979258 -0.00689982 0.202655 87.0336
0.258 0.0170686 0.966026 55.5398 -0.0109788 0.999836 -0.0147344 -2.12279 -0.966116 -0.00680446 0.258144 87.1812
0.317393 0.0184435 0.948152 56.0059 -0.0108141 0.999822 -0.0158292 -2.12582 -0.948265 -0.00523047 0.317537 87.3419
0.379052 0.0226434 0.925132 56.4373 -0.0105631 0.999746 -0.0201424 -2.13871 -0.92535 -0.00213732 0.379193 87.5388
0.440897 0.0262068 0.897214 56.8695 -0.0105416 0.999662 -0.0240197 -2.1494 -0.89753 0.00113101 0.441025 87.7741
0.501393 0.030564 0.864716 57.2688 -0.0137274 0.999536 -0.0273705 -2.15846 -0.865149 0.00185294 0.501577 88.0262
0.560198 0.0336317 0.827718 57.6462 -0.0179658 0.99944 -0.0284505 -2.16297 -0.828201 0.0010662 0.560489 88.3236
0.616303 0.034429 0.786797 58.0017 -0.0191496 0.999408 -0.0287334 -2.18112 -0.787319 0.0026415 0.616593 88.6335
0.668918 0.0339403 0.742607 58.3315 -0.0200737 0.999423 -0.0275968 -2.19712 -0.743107 0.00355196 0.669214 88.956
0.718141 0.0306248 0.69527 58.6482 -0.0208249 0.999535 -0.0225181 -2.21901 -0.695634 0.00169209 0.718439 89.3258
0.763688 0.026812 0.645082 58.9334 -0.0215519 0.999645 -0.0160352 -2.2252 -0.645275 -0.00165787 0.763994 89.7065
0.804383 0.0234712 0.593703 59.1903 -0.0228502 0.999707 -0.00856483 -2.23712 -0.593727 -0.00667698 0.804677 90.0924
0.839649 0.0202984 0.542812 59.4279 -0.0223892 0.999751 -0.00275344 -2.24877 -0.542727 -0.00984221 0.839894 90.5178
0.869123 0.0192631 0.49429 59.6384 -0.0239454 0.999713 0.00314168 -2.26469 -0.494085 -0.0145667 0.869327 90.9436
0.892747 0.0210776 0.450139 59.8193 -0.0271924 0.99961 0.00712285 -2.27133 -0.449808 -0.0186002 0.892971 91.3864
0.911576 0.0255867 0.410418 60.0003 -0.0323768 0.999434 0.00960142 -2.26395 -0.409938 -0.0220406 0.91188 91.8541
0.926136 0.0307807 0.376021 60.15 -0.0374244 0.999251 0.0103775 -2.25121 -0.375415 -0.0236843 0.926593 92.306
0.938089 0.0337222 0.344851 60.3136 -0.0396507 0.999167 0.0101512 -2.2262 -0.344219 -0.0231965 0.938635 92.7816
0.946316 0.0304367 0.321913 60.4712 -0.0361201 0.999285 0.0116986 -2.23938 -0.321322 -0.0226989 0.946736 93.25
0.951948 0.0278644 0.305103 60.6156 -0.0332865 0.999372 0.0125825 -2.24504 -0.304558 -0.0221338 0.952269 93.729
0.955872 0.031104 0.292254 60.7496 -0.0365156 0.999254 0.0130819 -2.23558 -0.291625 -0.0231772 0.956291 94.225
0.958514 0.0368695 0.282774 60.873 -0.0425377 0.999004 0.0139305 -2.21454 -0.281976 -0.0253813 0.959118 94.7177
0.960602 0.0426412 0.274766 61.0095 -0.0482178 0.998751 0.0135746 -2.21139 -0.27384 -0.0262892 0.961455 95.2456
0.961217 0.0476175 0.271783 61.1385 -0.0523588 0.998582 0.0102181 -2.19821 -0.270909 -0.024052 0.962337 95.7508
0.961824 0.048889 0.2694 61.2906 -0.0530326 0.998567 0.00812434 -2.2094 -0.268613 -0.022102 0.963033 96.3052
0.961358 0.0475109 0.271302 61.4436 -0.0509621 0.99869 0.00568756 -2.20545 -0.270675 -0.0192939 0.96251 96.8393
0.960788 0.0487867 0.273089 61.6082 -0.0505669 0.998727 -0.000515997 -2.20407 -0.272762 -0.0133144 0.962028 97.3971
0.959688 0.0496658 0.276777 61.7655 -0.0505016 0.998721 -0.00411031 -2.2075 -0.276625 -0.0100332 0.960958 97.9617
0.958513 0.0552075 0.27978 61.9261 -0.056335 0.998411 -0.0040114 -2.1905 -0.279553 -0.0119173 0.960095 98.5464
0.956863 0.0562235 0.285175 62.0926 -0.0581839 0.998309 -0.00159757 -2.19669 -0.28478 -0.0150639 0.958508 99.1271
0.956351 0.0548395 0.287156 62.2769 -0.0586799 0.998272 0.00478305 -2.20032 -0.286394 -0.0214254 0.957912 99.7345
0.955614 0.0516303 0.290187 62.4614 -0.0567679 0.998348 0.00931106 -2.18946 -0.289225 -0.025371 0.956958 100.342
0.954976 0.0498308 0.292592 62.6528 -0.0563199 0.998325 0.0137956 -2.19127 -0.29141 -0.029654 0.956178 100.98
0.954984 0.0458263 0.293223 62.8477 -0.0525874 0.998505 0.0152147 -2.18094 -0.292085 -0.0299495 0.955957 101.607
0.955514 0.0425653 0.291984 63.0371 -0.0487666 0.998719 0.0139939 -2.17254 -0.29101 -0.0276112 0.956361 102.234
0.955899 0.0425674 0.29072 63.2292 -0.0471104 0.998857 0.00864412 -2.17874 -0.290018 -0.0219588 0.956804 102.889
0.9561 0.0450964 0.289676 63.4218 -0.0480549 0.998847 0.00310901 -2.17034 -0.289198 -0.0168938 0.95716 103.54
0.957042 0.0477914 0.286114 63.6058 -0.0499157 0.998758 0.000133865 -2.16599 -0.28575 -0.0144097 0.958231 104.2
0.958092 0.0448167 0.283063 63.8091 -0.0478457 0.998856 0.00379769 -2.16214 -0.282564 -0.0171827 0.959135 104.895
0.959018 0.0406081 0.280557 64.0181 -0.0452444 0.99893 0.0100672 -2.17066 -0.279846 -0.0223482 0.95982 105.599
0.959898 0.0363307 0.278117 64.2117 -0.0419012 0.99903 0.0141135 -2.16969 -0.27733 -0.0252017 0.960484 106.318
0.96028 0.0387681 0.276472 64.4088 -0.0442259 0.998935 0.0135326 -2.1642 -0.27565 -0.0252222 0.960962 107.024
0.960869 0.0451232 0.27344 64.5981 -0.0496898 0.998725 0.00979947 -2.15328 -0.272645 -0.023004 0.96188 107.747
0.962214 0.0455696 0.268599 64.798 -0.0488808 0.998794 0.00565203 -2.1612 -0.268015 -0.0185678 0.963271 108.497
0.96364 0.0458965 0.263374 65.0085 -0.0484617 0.998828 0.00325316 -2.15415 -0.262911 -0.0158992 0.964729 109.243
0.964946 0.0443746 0.258822 65.216 -0.0468814 0.998899 0.00351998 -2.15016 -0.258379 -0.0155305 0.965954 109.998
0.966226 0.0424819 0.254317 65.4229 -0.0453339 0.998966 0.0053663 -2.15631 -0.253821 -0.0167149 0.967148 110.792
0.966987 0.0410585 0.251653 65.6307 -0.0442916 0.998997 0.0071955 -2.14715 -0.251103 -0.018104 0.967826 111.578
0.96747 0.0386825 0.250159 65.8365 -0.042109 0.999086 0.00836211 -2.14068 -0.249603 -0.0186247 0.96821 112.369
0.968001 0.0346625 0.248703 66.0594 -0.0387761 0.999185 0.0116603 -2.15264 -0.248093 -0.0209308 0.968546 113.188
0.968178 0.034215 0.248065 66.2543 -0.038466 0.999191 0.012313 -2.14516 -0.247439 -0.0214639 0.968707 113.981
0.9684 0.0384527 0.246581 66.463 -0.0427688 0.999017 0.0121713 -2.12996 -0.245868 -0.0223326 0.969082 114.818
0.968508 0.0425865 0.245468 66.6679 -0.0465695 0.998868 0.0104474 -2.11682 -0.244741 -0.0215504 0.96939 115.632
0.968115 0.0487975 0.24587 66.8638 -0.0527115 0.998572 0.00936151 -2.11888 -0.245059 -0.022023 0.969295 116.454
0.96732 0.0540087 0.247896 67.0613 -0.0584985 0.998237 0.0107832 -2.10585 -0.246873 -0.0249329 0.968768 117.297
0.967097 0.0552466 0.248497 67.2802 -0.0599779 0.998139 0.0115067 -2.08798 -0.247396 -0.0260321 0.968602 118.14
0.966251 0.056487 0.251484 67.489 -0.0613199 0.99806 0.0114234 -2.08765 -0.250347 -0.0264595 0.967836 118.962
0.966091 0.0552737 0.252376 67.7127 -0.0599572 0.998147 0.0109029 -2.06641 -0.251303 -0.0256647 0.967606 119.806
0.966139 0.0502958 0.253227 67.9409 -0.0547746 0.998449 0.01067 -2.0872 -0.252293 -0.0241797 0.96739 120.634
0.96644 0.0472908 0.252661 68.1652 -0.0514813 0.998629 0.00999924 -2.08028 -0.251839 -0.0226707 0.967541 121.462
0.966305 0.0462218 0.253371 68.3851 -0.0502592 0.998698 0.00948773 -2.08212 -0.252599 -0.0219029 0.967365 122.304
0.965622 0.0505243 0.25515 68.5948 -0.0554026 0.998398 0.0119668 -2.08091 -0.254133 -0.0256912 0.966866 123.131
0.965444 0.0546649 0.254966 68.8029 -0.0608708 0.998016 0.0165146 -2.06192 -0.253554 -0.0314644 0.966852 123.976
0.964974 0.0574756 0.25613 69.0224 -0.0642021 0.997781 0.0179753 -2.0413 -0.254525 -0.0337895 0.966514 124.806
0.964635 0.0579929 0.257286 69.2383 -0.0634306 0.99791 0.0128863 -2.04448 -0.255997 -0.0287509 0.966292 125.596
0.965258 0.0560524 0.255374 69.4623 -0.0580025 0.998322 0.000108828 -2.04663 -0.254937 -0.0149171 0.966881 126.426
0.965762 0.052978 0.254119 69.6819 -0.0534819 0.998564 -0.0049243 -2.08045 -0.254011 -0.00883564 0.967203 127.24
0.965753 0.0510883 0.254542 69.9035 -0.0535083 0.998569 0.00259027 -2.07147 -0.254043 -0.0161215 0.967097 128.061
0.966705 0.0436468 0.252299 70.1307 -0.0500902 0.998568 0.0191758 -2.07313 -0.251097 -0.0311755 0.967502 128.914
0.967034 0.0378397 0.251979 70.3519 -0.0471869 0.998405 0.0311562 -2.06869 -0.250396 -0.0420189 0.96727 129.734
0.967391 0.0407599 0.250151 70.5483 -0.0494761 0.998371 0.0286587 -2.06824 -0.248572 -0.0401009 0.967827 130.545
0.967542 0.0489905 0.248078 70.7398 -0.0547586 0.99837 0.0164033 -2.0484 -0.246867 -0.0294549 0.96864 131.35
0.967717 0.0509795 0.246996 70.9429 -0.0548907 0.99846 0.00897794 -2.03326 -0.246154 -0.0222463 0.969019 132.152
0.968657 0.0480736 0.243873 71.1548 -0.0515477 0.998645 0.00788251 -2.04748 -0.243161 -0.0202062 0.969814 132.969
0.969547 0.0454021 0.240834 71.3539 -0.0486684 0.998793 0.00763451 -2.05127 -0.240193 -0.0191235 0.970581 133.784
0.970309 0.0454473 0.237736 71.5411 -0.0487463 0.998785 0.00801547 -2.05872 -0.23708 -0.019366 0.971337 134.584
0.971565 0.0464334 0.232355 71.7248 -0.0495016 0.998754 0.00739483 -2.05835 -0.231719 -0.018687 0.972648 135.385
0.971998 0.0499057 0.229809 71.8993 -0.052726 0.998596 0.00614668 -2.05626 -0.229177 -0.0180913 0.973256 136.183
0.972583 0.0538868 0.226412 72.0631 -0.0568816 0.998366 0.00672726 -2.0517 -0.225675 -0.0194219 0.974054 136.996
0.972968 0.054522 0.2246 72.237 -0.0579046 0.998291 0.0085002 -2.06076 -0.22375 -0.0212755 0.974455 137.793
0.973257 0.0525149 0.223824 72.4134 -0.0565881 0.998335 0.0118266 -2.06436 -0.222826 -0.0241764 0.974603 138.587
0.973959 0.0505225 0.221214 72.5959 -0.0545665 0.998441 0.0122077 -2.07201 -0.220249 -0.0239604 0.97519 139.383
0.974627 0.0488455 0.218634 72.7677 -0.0523943 0.998579 0.0104677 -2.06511 -0.217808 -0.0216577 0.975796 140.171
0.975718 0.0459076 0.214365 72.9387 -0.0485789 0.998799 0.00720944 -2.05965 -0.213774 -0.0174478 0.976768 140.953
0.977375 0.0446229 0.206958 73.1123 -0.0471264 0.998871 0.00718724 -2.06115 -0.206401 -0.0167783 0.978369 141.748
0.978855 0.0430599 0.200183 73.2768 -0.0462093 0.998876 0.0110863 -2.05618 -0.199478 -0.020102 0.979737 142.547
0.980089 0.0399927 0.194708 73.4279 -0.044274 0.99887 0.0176919 -2.04886 -0.193777 -0.0259606 0.980747 143.324
0.981184 0.0377651 0.189571 73.5783 -0.0435928 0.998699 0.0266663 -2.05783 -0.188314 -0.0344282 0.981546 144.139
0.981797 0.0396933 0.185969 73.7101 -0.0455674 0.998593 0.0274258 -2.03944 -0.184616 -0.0354011 0.982218 144.93
0.982834 0.0401893 0.180304 73.8486 -0.0450939 0.998719 0.0231863 -2.06051 -0.179138 -0.0309185 0.98338 145.732
0.98404 0.0406297 0.173498 73.9774 -0.0438777 0.998932 0.0149332 -2.06598 -0.172703 -0.022308 0.984767 146.526
0.985291 0.0374314 0.166999 74.1103 -0.0396859 0.999165 0.0101829 -2.06514 -0.166477 -0.0166603 0.985947 147.314
0.986646 0.0358679 0.159152 74.2498 -0.0380042 0.99923 0.0104067 -2.05821 -0.158654 -0.0163166 0.987245 148.134
0.987678 0.0412292 0.151262 74.3591 -0.0435528 0.998983 0.0120811 -2.04191 -0.150607 -0.0185198 0.988462 148.942
0.988644 0.046493 0.143207 74.462 -0.0486037 0.998762 0.0112855 -2.03082 -0.142502 -0.0181181 0.989674 149.757
0.989944 0.0498749 0.13271 74.5671 -0.0514273 0.998647 0.00829829 -2.02696 -0.132114 -0.0150394 0.991163 150.58
0.991218 0.0484515 0.123402 74.6769 -0.0497624 0.99874 0.00757495 -2.03062 -0.122877 -0.0136496 0.992373 151.403
0.992113 0.0483215 0.11604 74.7607 -0.0498663 0.998706 0.0104499 -2.02929 -0.115383 -0.0161537 0.993232 152.229
0.99302 0.0504321 0.10703 74.8488 -0.052398 0.998511 0.0156508 -2.01535 -0.106079 -0.02115 0.994178 153.067
0.993684 0.0535442 0.0990633 74.9126 -0.0558498 0.99823 0.0206549 -2.01506 -0.0977799 -0.0260568 0.994909 153.901
0.994458 0.0539139 0.0907548 74.9826 -0.0563248 0.998125 0.0242362 -2.00784 -0.0892759 -0.0292138 0.995624 154.723
0.995053 0.0540513 0.0838828 75.0539 -0.0563881 0.998082 0.0257504 -2.00379 -0.082328 -0.0303526 0.996185 155.559
0.995394 0.0532626 0.0802675 75.1111 -0.0554225 0.998159 0.0249481 -1.98891 -0.0787888 -0.029282 0.996507 156.367
0.995588 0.0575616 0.074711 75.1614 -0.0593463 0.998002 0.021901 -1.96385 -0.0732991 -0.0262377 0.997007 157.197
0.995559 0.0629809 0.0706108 75.1969 -0.0643247 0.997793 0.0169508 -1.94726 -0.0693854 -0.0214178 0.997405 157.998
0.995688 0.0642273 0.0675965 75.2426 -0.0654368 0.997736 0.0158467 -1.9409 -0.0664238 -0.0202014 0.997629 158.83
0.996024 0.0639269 0.0627652 75.2822 -0.065401 0.99763 0.0217548 -1.94054 -0.0612239 -0.0257735 0.997836 159.658
0.995973 0.0656504 0.0617849 75.3223 -0.0675906 0.997272 0.0298715 -1.92345 -0.0596533 -0.0339269 0.997685 160.5
0.996254 0.0654313 0.0573347 75.355 -0.0675805 0.997056 0.0364243 -1.92183 -0.054781 -0.0401628 0.997736 161.344
0.996818 0.0609164 0.0522943 75.3983 -0.0627127 0.997477 0.033439 -1.90313 -0.0501236 -0.0366117 0.998115 162.174
0.997623 0.0511432 0.0471503 75.4404 -0.052466 0.998257 0.0272925 -1.89541 -0.0456708 -0.0297018 0.99856 162.986
0.997996 0.0510166 0.0386437 75.4751 -0.0519208 0.998397 0.0227758 -1.88057 -0.0374181 -0.0247363 0.999036 163.824
0.998235 0.0519176 0.0303802 75.4829 -0.0526572 0.998328 0.0241283 -1.83342 -0.0290754 -0.0256859 0.999292 164.666
0.998658 0.0476997 0.0223417 75.4952 -0.0483313 0.998427 0.0286454 -1.83852 -0.0209386 -0.0296865 0.999383 165.487
0.999045 0.0426638 0.013481 75.5008 -0.0430891 0.998529 0.0331276 -1.82261 -0.0120468 -0.033677 0.999406 166.333
0.999315 0.0377057 0.00627315 75.5101 -0.0379067 0.998648 0.0357406 -1.80415 -0.00491564 -0.0359538 0.999385 167.185
0.999471 0.0339148 0.000488226 75.5104 -0.03391 0.998811 0.0352417 -1.77642 0.000708325 -0.0352398 0.999425 168.02
0.999505 0.0320098 -0.00758738 75.5044 -0.0317701 0.999054 0.0299227 -1.76432 0.0085393 -0.0296668 0.999567 168.872
0.99964 0.0247674 -0.0141468 75.5049 -0.024462 0.999481 0.0213365 -1.72768 0.0146684 -0.0209833 0.999719 169.688
0.999609 0.0198942 -0.021933 75.5012 -0.0194539 0.999614 0.0201565 -1.71667 0.0223267 -0.0197219 0.9996 170.538
0.999405 0.0218412 -0.0283857 75.4745 -0.0210932 0.999437 0.0263758 -1.68368 0.028946 -0.0257618 0.999296 171.385
0.999086 0.0294434 -0.0324754 75.4363 -0.028267 0.998954 0.0361306 -1.64501 0.0335064 -0.0351795 0.998863 172.253
0.998757 0.0338114 -0.0378699 75.3902 -0.0321255 0.998512 0.0442518 -1.62813 0.0393098 -0.0429805 0.998349 173.108
0.998621 0.0337265 -0.0414064 75.3436 -0.0319905 0.998616 0.0419117 -1.59653 0.0427636 -0.0405293 0.998308 173.949
0.998514 0.0353096 -0.042644 75.3023 -0.0338576 0.998847 0.0342829 -1.59282 0.0438053 -0.0327885 0.998549 174.802
0.997957 0.0455165 -0.0458864 75.2443 -0.0443771 0.998695 0.0255581 -1.56371 0.0469908 -0.0234696 0.998664 175.636
0.997935 0.0444852 -0.0473365 75.1987 -0.0434165 0.998793 0.0233424 -1.53795 0.0483177 -0.0212395 0.998653 176.495
0.997973 0.039995 -0.0504624 75.1625 -0.0386135 0.998868 0.0280692 -1.52986 0.0515288 -0.0260639 0.998376 177.344
0.997993 0.0389346 -0.0508788 75.1242 -0.0372254 0.998733 0.0341013 -1.48863 0.0521419 -0.0321393 0.998169 178.216
0.997873 0.0430894 -0.0499062 75.0748 -0.0411374 0.99838 0.0395095 -1.45453 0.0515287 -0.0373723 0.998016 179.098
0.997714 0.0437587 -0.0524113 75.0248 -0.0417169 0.99836 0.0394161 -1.43481 0.0540498 -0.03714 0.997895 179.941
0.997719 0.0403354 -0.0550204 74.9878 -0.0386632 0.998775 0.0311322 -1.38829 0.0562096 -0.0289338 0.998045 180.778
0.997765 0.0365599 -0.0567754 74.9523 -0.0352184 0.99909 0.0244376 -1.37725 0.0576168 -0.0223839 0.998137 181.614
0.997784 0.0311226 -0.0596494 74.9154 -0.0299075 0.999336 0.0211666 -1.36309 0.0602695 -0.0193357 0.998041 182.474
0.99766 0.0329539 -0.0606938 74.8531 -0.0315257 0.999216 0.0243276 -1.3428 0.0614475 -0.0223578 0.997909 183.346
0.997398 0.0371027 -0.0626051 74.7919 -0.0350759 0.99884 0.0331772 -1.3261 0.0637645 -0.0308948 0.997532 184.199
0.997293 0.0373465 -0.0640891 74.7304 -0.0351197 0.998761 0.0355136 -1.3159 0.0653355 -0.0331671 0.997361 185.05
0.997322 0.0363562 -0.0642198 74.6726 -0.0341453 0.998802 0.0352054 -1.29039 0.0654239 -0.0329181 0.99736 185.886
0.997267 0.036946 -0.0647198 74.611 -0.0349517 0.998896 0.0316665 -1.27783 0.0658178 -0.0293183 0.997449 186.72
0.996991 0.0434377 -0.064982 74.5449 -0.0414231 0.998634 0.0320394 -1.23761 0.0662861 -0.0292509 0.997418 187.576
0.996917 0.0462271 -0.0641559 74.4772 -0.0441278 0.998464 0.0337436 -1.22206 0.0656168 -0.0308088 0.997418 188.413
0.996668 0.0502337 -0.0650322 74.412 -0.0478871 0.998168 0.0371536 -1.19402 0.0667805 -0.0339153 0.997237 189.246
0.996312 0.0561475 -0.0656264 74.3496 -0.0535517 0.997746 0.0406439 -1.16642 0.06776 -0.0369799 0.997066 190.063
0.996204 0.057399 -0.0662095 74.2769 -0.0547999 0.997685 0.0404214 -1.14126 0.0683775 -0.0366393 0.997033 190.864
0.996116 0.0575459 -0.0673722 74.2163 -0.0549953 0.99773 0.0390972 -1.1318 0.0694685 -0.0352404 0.997012 191.677
0.995956 0.059784 -0.0678197 74.1578 -0.0575033 0.997735 0.0350924 -1.09998 0.0697651 -0.0310502 0.997127 192.469
