0.999987 -0.00248846 -0.00463607 -0.0309448 0.00248022 0.999996 -0.00175644 0.0400728 0.00464042 0.00174491 0.999988 0.126061
0.999942 -0.00164225 -0.0107291 -0.0555584 0.00161914 0.999995 -0.0021602 0.0433535 0.0107326 0.00214263 0.99994 0.202232
0.999843 -0.00120063 -0.0176775 -0.0733628 0.00115148 0.999996 -0.00278207 0.0430981 0.0176807 0.00276129 0.99984 0.281737
0.999656 0.00115799 -0.0262093 -0.0877015 -0.00127076 0.999988 -0.00428038 0.0464941 0.026204 0.00431221 0.999647 0.386658
0.999277 0.00173281 -0.0379883 -0.100413 -0.00194262 0.999983 -0.00548178 0.0406005 0.0379781 0.00555163 0.999264 0.504022
0.998652 0.00158829 -0.0519151 -0.115128 -0.00191736 0.999977 -0.00628527 0.0406385 0.0519039 0.00637627 0.998633 0.62338
0.99769 0.00128528 -0.0679185 -0.144146 -0.00173252 0.999976 -0.00652352 0.0432132 0.0679084 0.00662616 0.997669 0.751857
0.996301 5.2436e-05 -0.0859651 -0.182207 -0.000606925 0.999978 -0.0064211 0.0394153 0.0859629 0.00644941 0.996279 0.885655
0.994404 -0.000566031 -0.105649 -0.220836 -0.000141551 0.999976 -0.00668817 0.0388072 0.10565 0.00666571 0.994381 1.04253
0.991817 -0.000510636 -0.127689 -0.26967 -0.000385306 0.999974 -0.00698952 0.0375116 0.127689 0.00698139 0.991792 1.21024
0.988478 0.00327936 -0.151334 -0.334071 -0.00445569 0.999962 -0.0074338 0.0198219 0.151304 0.00802237 0.988456 1.3808
0.984322 0.00736595 -0.176246 -0.409581 -0.0091296 0.999914 -0.00919699 0.0215524 0.176164 0.0106617 0.984305 1.54803
0.979214 0.0104148 -0.202573 -0.488746 -0.0127009 0.999869 -0.00998831 0.0170619 0.202442 0.0123535 0.979219 1.71738
0.973083 0.0115389 -0.230181 -0.592047 -0.0142212 0.999847 -0.00999677 0.0151729 0.23003 0.0130009 0.973099 1.8898
0.965768 0.0132472 -0.259085 -0.709126 -0.0164161 0.999814 -0.0100707 0.0208704 0.258903 0.0139789 0.965806 2.06762
0.957586 0.0158347 -0.287723 -0.83082 -0.018746 0.999795 -0.00736554 -0.000483368 0.287548 0.0124466 0.957688 2.21943
0.947264 0.0180812 -0.319961 -0.956845 -0.0213693 0.99975 -0.0067678 0.00267963 0.319758 0.0132479 0.947413 2.39796
0.935524 0.0207298 -0.352665 -1.07386 -0.0246763 0.999671 -0.00669769 0.00649965 0.352411 0.0149681 0.935729 2.57415
0.922229 0.0235213 -0.385944 -1.19293 -0.0280997 0.999587 -0.00622501 0.0101984 0.385637 0.0165854 0.922509 2.75407
0.906376 0.0238823 -0.421806 -1.31403 -0.0288734 0.999567 -0.00544787 0.0115906 0.421493 0.0171165 0.906674 2.95134
0.889641 0.0212581 -0.456181 -1.48489 -0.026556 0.999635 -0.00520572 -0.000170803 0.455902 0.0167452 0.88988 3.11549
0.869419 0.0161094 -0.493823 -1.62424 -0.0215542 0.999755 -0.00533359 -0.00469821 0.493615 0.0152808 0.869553 3.29082
0.845528 0.0170751 -0.533671 -1.7934 -0.0217056 0.999763 -0.00240111 -0.00511136 0.533502 0.0136135 0.845698 3.4786
0.817278 0.0234049 -0.575778 -1.9815 -0.0271469 0.99963 0.00210146 -0.0148386 0.575614 0.0139128 0.81761 3.65656
0.784998 0.0262395 -0.618954 -2.17262 -0.0300775 0.99954 0.00422773 -0.0197447 0.618779 0.0152975 0.785426 3.83822
0.749854 0.0258699 -0.661105 -2.38152 -0.0300297 0.999537 0.00505241 -0.0164624 0.66093 0.016064 0.750284 4.00998
0.710898 0.0216703 -0.702972 -2.59775 -0.0243128 0.999687 0.00623019 -0.0151159 0.702885 0.0126619 0.711201 4.17636
0.671244 0.0169936 -0.741049 -2.86315 -0.0205564 0.999781 0.00430692 0.025779 0.740959 0.0123421 0.671446 4.30877
0.62719 0.0165316 -0.778702 -3.12777 -0.0184173 0.999814 0.00639195 0.026782 0.778659 0.0103324 0.627377 4.46858
0.57985 0.0165436 -0.814562 -3.40473 -0.0152664 0.999841 0.00943922 0.0311275 0.814587 0.00696196 0.580011 4.6103
0.529842 0.0172271 -0.847932 -3.69836 -0.0146925 0.999834 0.0111326 0.0395312 0.847979 0.00655958 0.530006 4.73286
0.477955 0.0176902 -0.878213 -4.01585 -0.0149015 0.999819 0.0120298 0.060102 0.878265 0.0073369 0.478132 4.84544
0.424435 0.0182027 -0.905286 -4.34787 -0.0148993 0.999807 0.013118 0.0853694 0.905346 0.00792024 0.424624 4.94414
0.368765 0.0202291 -0.929312 -4.69623 -0.0134774 0.999778 0.016415 0.0824194 0.929433 0.00647145 0.368956 5.04225
0.314611 0.022952 -0.948955 -5.05371 -0.0115819 0.99973 0.0203405 0.0863795 0.94916 0.00459114 0.314792 5.10936
0.262859 0.0244944 -0.964534 -5.44172 -0.00862097 0.999702 0.0230381 0.0945511 0.964804 0.00225945 0.262994 5.14893
0.212737 0.0242115 -0.976821 -5.83771 -0.00779917 0.999708 0.0230804 0.103659 0.977089 0.00270814 0.212865 5.18638
0.16512 0.0249192 -0.985969 -6.2553 -0.010616 0.999672 0.0234878 0.111483 0.986225 0.00658879 0.165332 5.21639
0.122464 0.0252707 -0.992163 -6.68295 -0.0125312 0.99964 0.0239147 0.119078 0.992406 0.00950411 0.122738 5.23459
0.0843151 0.0237209 -0.996167 -7.12642 -0.0147906 0.999641 0.0225518 0.13101 0.996339 0.0128325 0.0846381 5.24
0.0490618 0.0205906 -0.998597 -7.60115 -0.013257 0.999718 0.0199628 0.142962 0.998721 0.0122588 0.049323 5.24389
0.0175173 0.0173236 -0.999707 -8.08889 -0.0125275 0.999781 0.0171055 0.156862 0.999778 0.0122243 0.0177334 5.23092
-0.00991703 0.0150113 -0.999854 -8.58782 -0.0123792 0.999815 0.0151339 0.166733 0.999889 0.0125271 -0.00972688 5.2171
-0.0308028 0.0126146 -0.999457 -9.10027 -0.0132254 0.999833 0.0130271 0.173958 0.999449 0.0136195 -0.0306277 5.17991
-0.0480857 0.0112221 -0.998796 -9.63548 -0.0134426 0.999845 0.0118815 0.189835 0.998768 0.0139972 -0.0479245 5.14933
-0.0607241 0.0115373 -0.998101 -10.1735 -0.0127684 0.999848 0.0123344 0.196785 0.998086 0.013493 -0.0605642 5.09953
-0.0697138 0.012149 -0.99751 -10.7366 -0.0140386 0.999822 0.0131587 0.205136 0.997483 0.0149205 -0.0695278 5.04105
-0.0766712 0.0134968 -0.99698 -11.3177 -0.0159342 0.99977 0.0147601 0.204993 0.996942 0.0170176 -0.0764351 4.98725
-0.0815046 0.0144623 -0.996586 -11.9168 -0.0161152 0.999752 0.0158267 0.210929 0.996558 0.0173496 -0.0812481 4.9326
-0.0830339 0.0153169 -0.996444 -12.5189 -0.0138803 0.999773 0.0165249 0.213925 0.996464 0.0152028 -0.082799 4.88268
-0.0820106 0.0167701 -0.99651 -13.1581 -0.0122176 0.999773 0.0178309 0.228096 0.996572 0.0136367 -0.0817841 4.82919
-0.0806762 0.0187455 -0.996579 -13.809 -0.0130571 0.999724 0.0198617 0.23601 0.99667 0.0146147 -0.0804056 4.77294
-0.078927 0.0182712 -0.996733 -14.4744 -0.0158181 0.99969 0.0195786 0.242898 0.996769 0.017311 -0.0786107 4.71292
-0.0772974 0.0156156 -0.996901 -15.1574 -0.0173966 0.999711 0.0170085 0.250883 0.996871 0.0186574 -0.077 4.65089
-0.0757744 0.0154797 -0.997024 -15.8347 -0.0174105 0.999713 0.0168452 0.25891 0.996988 0.0186345 -0.0754802 4.59576
-0.0743693 0.0176413 -0.997091 -16.5433 -0.0168953 0.999685 0.0189473 0.271663 0.997103 0.0182553 -0.0740447 4.54461
-0.0722562 0.0201809 -0.997203 -17.262 -0.018131 0.999611 0.021544 0.286871 0.997237 0.0196363 -0.0718593 4.48548
-0.0705327 0.0215646 -0.997294 -17.996 -0.0188348 0.999566 0.0229457 0.29707 0.997348 0.0204021 -0.070093 4.43118
-0.0689774 0.0207992 -0.997425 -18.761 -0.0201473 0.999557 0.0222376 0.308548 0.99743 0.0216287 -0.0685252 4.37236
-0.0679003 0.0176541 -0.997555 -19.5262 -0.0221435 0.999578 0.0191971 0.320065 0.997463 0.0233928 -0.0674777 4.32134
-0.0668088 0.0165753 -0.997652 -20.3084 -0.022837 0.999583 0.0181372 0.334873 0.99752 0.0239944 -0.0663996 4.26569
-0.0635779 0.0185427 -0.997823 -21.0922 -0.0207297 0.999595 0.0198963 0.345401 0.997779 0.0219494 -0.0631647 4.19081
-0.0631229 0.0200094 -0.99783 -21.8928 -0.0180688 0.999622 0.0211889 0.356335 0.997859 0.0193665 -0.0627347 4.1461
-0.0625997 0.0216501 -0.997823 -22.7122 -0.0164803 0.999614 0.0227228 0.364474 0.99792 0.0178668 -0.0622157 4.10083
-0.0620404 0.0163663 -0.997964 -23.5184 -0.0161929 0.999727 0.0174024 0.375013 0.997959 0.0172392 -0.0617557 4.04622
-0.0612809 0.00930014 -0.998097 -24.3306 -0.0148294 0.999846 0.0102269 0.377427 0.998028 0.0154279 -0.0611306 3.9877
-0.0628058 0.00361811 -0.998046 -25.1542 -0.0121069 0.999926 0.00438708 0.391362 0.997971 0.0123584 -0.0627548 3.95426
-0.0624608 0.00378458 -0.998061 -25.9858 -0.0107165 0.999942 0.00446235 0.397352 0.998008 0.0109743 -0.0624135 3.88981
-0.0624076 0.0107925 -0.998019 -26.8262 -0.0111345 0.99988 0.0115092 0.395538 0.998008 0.0118301 -0.0622775 3.828
-0.0635996 0.0174599 -0.997843 -27.6816 -0.0122135 0.999767 0.0182719 0.40065 0.99792 0.013349 -0.0633686 3.78144
-0.0650769 0.0229206 -0.997646 -28.5226 -0.0132732 0.999638 0.0238327 0.399478 0.997812 0.0147921 -0.0647468 3.73921
-0.0650172 0.0228317 -0.997644 -29.3771 -0.0152197 0.999608 0.0238683 0.405154 0.997787 0.0167354 -0.0646413 3.66722
-0.0646511 0.0191367 -0.997753 -30.2303 -0.0157452 0.999682 0.0201945 0.408337 0.997804 0.0170146 -0.0643268 3.59539
-0.0662852 0.0162494 -0.997691 -31.0741 -0.015817 0.999734 0.0173334 0.416037 0.997695 0.0169289 -0.0660076 3.55248
-0.0670047 0.0171551 -0.997634 -31.9217 -0.0173598 0.999691 0.0183569 0.42046 0.997622 0.0185478 -0.0666837 3.49789
-0.0665696 0.0195104 -0.997614 -32.7593 -0.0186564 0.999619 0.0207944 0.416879 0.997628 0.0199958 -0.0661774 3.43484
-0.0665477 0.0177087 -0.997655 -33.6072 -0.0191728 0.999645 0.0190233 0.417814 0.99762 0.0203928 -0.0661822 3.37249
-0.0661343 0.0125683 -0.997755 -34.4413 -0.0198854 0.999715 0.013911 0.41788 0.997634 0.0207604 -0.0658626 3.31121
-0.0658968 0.00826936 -0.997822 -35.2822 -0.0211729 0.999739 0.00968365 0.418348 0.997623 0.0217639 -0.0657022 3.24593
-0.0661533 0.00838249 -0.997798 -36.1118 -0.020307 0.999757 0.00974515 0.427946 0.997624 0.0209066 -0.065964 3.19903
-0.0661053 0.00989419 -0.997796 -36.9514 -0.0183616 0.999779 0.0111306 0.43451 0.997664 0.0190558 -0.065907 3.14562
-0.0650934 0.0147153 -0.997796 -37.7823 -0.0180907 0.99972 0.0159236 0.433998 0.997736 0.0190869 -0.0648064 3.07708
-0.0640752 0.0203356 -0.997768 -38.6419 -0.0168621 0.999636 0.0214569 0.436451 0.997823 0.0181983 -0.063707 3.00676
-0.0644421 0.0247849 -0.99764 -39.4813 -0.0178288 0.999514 0.0259829 0.41695 0.997783 0.0194606 -0.0639667 2.95059
-0.0636828 0.0252281 -0.997682 -40.3375 -0.0180006 0.999497 0.0264235 0.414917 0.997829 0.0196407 -0.0631948 2.87877
-0.0654054 0.0213278 -0.997658 -41.1392 -0.0183379 0.999588 0.0225713 0.409382 0.997713 0.0197707 -0.0649851 2.86028
-0.0650872 0.0171967 -0.997764 -41.9922 -0.0194507 0.999648 0.0184985 0.411448 0.997712 0.0206102 -0.064728 2.79107
-0.067553 0.0146548 -0.997633 -42.7995 -0.0231459 0.999611 0.0162511 0.404885 0.997468 0.0241886 -0.0671852 2.77977
-0.069445 0.0129531 -0.997535 -43.6431 -0.0259811 0.999561 0.0147886 0.406926 0.997268 0.0269429 -0.0690763 2.72676
-0.0717953 0.0109013 -0.997386 -44.4677 -0.0235836 0.999653 0.0126236 0.402583 0.997162 0.0244279 -0.0715109 2.69329
-0.073978 0.00697702 -0.997268 -45.3122 -0.0201022 0.99977 0.00848604 0.402368 0.997078 0.0206742 -0.0738191 2.64139
-0.0754542 0.00581495 -0.997159 -46.1555 -0.015686 0.999863 0.00701759 0.394614 0.997048 0.0161708 -0.0753503 2.58384
-0.0782114 0.00892035 -0.996931 -46.9977 -0.0149068 0.999845 0.0101163 0.393999 0.996847 0.0156514 -0.0780647 2.52258
-0.0807596 0.0139642 -0.996662 -47.8139 -0.0121831 0.999824 0.0149956 0.399264 0.99668 0.0133533 -0.0805728 2.46899
-0.0839129 0.0164482 -0.996372 -48.6453 -0.0108323 0.999798 0.0174174 0.407355 0.996437 0.0122538 -0.083716 2.41275
-0.0855132 0.0150896 -0.99625 -49.4689 -0.0112278 0.999818 0.0161072 0.406526 0.996296 0.0125629 -0.0853256 2.33861
-0.0860425 0.0110409 -0.996265 -50.2687 -0.0147712 0.999823 0.0123564 0.400589 0.996205 0.0157784 -0.0858624 2.25149
-0.0876722 0.00724695 -0.996151 -51.0769 -0.019274 0.999785 0.00896958 0.399385 0.995986 0.0199861 -0.087511 2.17072
-0.0905985 0.0045949 -0.995912 -51.8905 -0.0232905 0.999715 0.0067314 0.402948 0.995639 0.0238042 -0.0904636 2.09979
-0.091731 0.00531222 -0.995799 -52.6973 -0.0246304 0.999679 0.00760164 0.396617 0.995503 0.0252241 -0.091568 2.01585
-0.0931171 0.00643525 -0.99567 -53.4948 -0.0242891 0.999676 0.00873296 0.391858 0.995383 0.0249961 -0.0929286 1.94041
-0.0942148 0.00553991 -0.995567 -54.2896 -0.0252209 0.999662 0.00794932 0.388522 0.995256 0.0258579 -0.0940405 1.85592
-0.0948362 0.00487661 -0.995517 -55.074 -0.0262986 0.999636 0.00740225 0.384052 0.99517 0.0268818 -0.0946712 1.77516
-0.0950443 0.00668176 -0.995481 -55.8521 -0.0251205 0.999656 0.00910801 0.375527 0.99518 0.0258724 -0.0948408 1.69118
-0.0952676 0.00987598 -0.995439 -56.6297 -0.0244028 0.999637 0.0122532 0.367482 0.995177 0.0254579 -0.0949898 1.61245
-0.0963777 0.0142042 -0.995275 -57.4096 -0.0236551 0.999597 0.0165561 0.360139 0.995089 0.0251386 -0.0959999 1.53842
-0.0974177 0.0157082 -0.995157 -58.1817 -0.023311 0.999575 0.0180601 0.363593 0.994995 0.0249565 -0.0970081 1.46046
-0.0977778 0.0153808 -0.995122 -58.9344 -0.0226841 0.9996 0.0176786 0.362846 0.994975 0.0243016 -0.0973871 1.37954
-0.0978647 0.0128286 -0.995155 -59.6847 -0.0217428 0.999661 0.0150251 0.366762 0.994987 0.0231069 -0.0975505 1.29853
-0.0986739 0.00874813 -0.995115 -60.4248 -0.0207163 0.99974 0.0108428 0.36908 0.99493 0.0216848 -0.0984643 1.22448
-0.0986992 0.0051946 -0.995142 -61.1577 -0.020766 0.999769 0.0072784 0.369771 0.994926 0.0213825 -0.0985663 1.14612
-0.0975057 0.00275925 -0.995266 -61.8806 -0.0213879 0.999772 0.00486698 0.362804 0.995031 0.0217608 -0.0974218 1.0671
-0.0954918 0.00114846 -0.995468 -62.5782 -0.023358 0.999732 0.00339399 0.362673 0.995182 0.0235751 -0.0954375 0.994887
-0.0912496 0.00192815 -0.995861 -63.2784 -0.0232829 0.999734 0.00406882 0.351699 0.995582 0.0235573 -0.091178 0.915843
-0.0855562 0.00329104 -0.996367 -63.9512 -0.0221845 0.999752 0.00520711 0.342636 0.996113 0.0225484 -0.0854601 0.862122
-0.0792327 0.00380578 -0.996884 -64.6152 -0.0205351 0.999786 0.00544887 0.341219 0.996671 0.0209026 -0.0791357 0.815299
-0.0706392 0.0049878 -0.99753 -65.246 -0.0211204 0.999769 0.0064944 0.331422 0.997305 0.0215259 -0.070516 0.765675
-0.0592526 0.00528566 -0.998266 -65.8797 -0.0217206 0.999755 0.00658253 0.337738 0.998034 0.0220727 -0.059122 0.727254
-0.0447309 0.00672652 -0.999017 -66.4978 -0.0238846 0.999699 0.00780031 0.330042 0.998741 0.024209 -0.0445557 0.699386
-0.0267051 0.00807802 -0.999648 -67.0823 -0.0247721 0.999668 0.00873956 0.318287 0.999363 0.0249964 -0.0264957 0.694393
-0.00426546 0.00814042 -0.999999 -67.6607 -0.0247592 0.999674 0.00824311 0.319592 0.999712 0.0247933 -0.0040624 0.690113
0.0212675 0.00875584 -0.999773 -68.2007 -0.0234052 0.999706 0.00825694 0.3042 0.999527 0.0232238 0.0214653 0.713809
0.0503714 0.0079869 -0.998741 -68.7355 -0.0213313 0.999763 0.00691896 0.302649 0.998531 0.0209551 0.0505287 0.760943
0.0843282 0.00747819 -0.996448 -69.2549 -0.0191307 0.999814 0.00588404 0.303982 0.996282 0.0185662 0.0844529 0.828427
0.121328 0.00739571 -0.992629 -69.7359 -0.0173597 0.99985 0.0053274 0.298995 0.99249 0.0165842 0.121436 0.926089
0.160401 0.00720538 -0.987064 -70.2216 -0.0155873 0.999882 0.00476541 0.287811 0.986957 0.014621 0.160489 1.06654
0.205716 0.00747615 -0.978628 -70.6986 -0.0135176 0.999912 0.00479701 0.29032 0.978548 0.0122409 0.205794 1.19253
0.253231 0.00516739 -0.967431 -71.133 -0.00870117 0.999973 0.003063 0.291728 0.967396 0.00764194 0.253261 1.35174
0.30275 0.000428993 -0.953118 -71.531 0.00137545 1.00001 0.000886874 0.273927 0.953101 -0.0015801 0.302747 1.52598
0.353566 -0.00471576 -0.935439 -71.9496 0.00909809 0.999972 -0.00160302 0.257793 0.935398 -0.00794386 0.353588 1.73165
0.404686 -0.00925799 -0.914458 -72.3349 0.0159684 0.999881 -0.00305627 0.248361 0.91435 -0.0133658 0.404777 1.96223
0.454925 -0.00839752 -0.890535 -72.7771 0.0162867 0.999881 -0.00110957 0.23528 0.890416 -0.0139987 0.454994 2.25006
0.502598 -0.00897006 -0.864527 -73.1587 0.019151 0.99983 0.000759577 0.22333 0.864346 -0.0169383 0.502673 2.52348
0.546455 -0.0131779 -0.837432 -73.4887 0.0286915 0.999598 0.00299142 0.214395 0.837036 -0.0256613 0.546596 2.80508
0.589387 -0.0195051 -0.807671 -73.7925 0.0407269 0.999168 0.0055903 0.203255 0.806865 -0.0361883 0.589678 3.11586
0.632269 -0.0237923 -0.774436 -74.1152 0.0432278 0.999068 0.00459764 0.188801 0.773587 -0.0363832 0.632689 3.42867
0.674215 -0.0281081 -0.738061 -74.4298 0.0411688 0.999166 -0.000444247 0.179337 0.737434 -0.0300852 0.674795 3.74768
0.714391 -0.0360208 -0.698879 -74.7081 0.0394296 0.999173 -0.0111945 0.185811 0.698686 -0.0195586 0.7152 4.09512
0.754052 -0.0382259 -0.655771 -74.987 0.0355336 0.999231 -0.0173872 0.179266 0.65591 -0.0101913 0.754814 4.46852
0.791947 -0.0394382 -0.609385 -75.2544 0.0347967 0.99922 -0.0194476 0.180195 0.60966 -0.00580256 0.792677 4.86207
0.826585 -0.0422998 -0.561301 -75.497 0.0371985 0.99911 -0.0205135 0.183924 0.561651 -0.00392365 0.827405 5.28391
0.85791 -0.0412083 -0.512231 -75.7495 0.0351104 0.999167 -0.0215783 0.180523 0.512678 0.000528134 0.858613 5.75076
0.884114 -0.0401991 -0.465637 -75.9498 0.0354673 0.999205 -0.0189197 0.168641 0.466012 0.000212107 0.884817 6.22673
0.906063 -0.0350757 -0.421794 -76.1619 0.0306226 0.999398 -0.0173298 0.165104 0.422135 0.00278575 0.906561 6.7305
0.924039 -0.0310982 -0.381151 -76.3564 0.0263816 0.99951 -0.0175913 0.155401 0.381499 0.00619933 0.924386 7.2639
0.938014 -0.0265509 -0.345711 -76.5392 0.0227141 0.999646 -0.0151466 0.145787 0.345978 0.00635535 0.938253 7.81808
0.948431 -0.0262056 -0.316045 -76.7116 0.0234538 0.999661 -0.012504 0.1346 0.316255 0.00444646 0.948702 8.39544
0.955684 -0.0275026 -0.293265 -76.8572 0.0254279 0.999636 -0.0108868 0.131982 0.293447 0.00294737 0.956004 8.99494
0.961868 -0.027112 -0.272339 -77.0175 0.0261176 0.999647 -0.00727147 0.108698 0.272431 -0.000118756 0.962214 9.57909
0.966339 -0.0245243 -0.256288 -77.1514 0.024469 0.999712 -0.00340738 0.0914779 0.256289 -0.00297818 0.966629 10.2082
0.970413 -0.0194108 -0.240866 -77.3165 0.0197527 0.999819 -0.000990194 0.0803189 0.240833 -0.00379698 0.970598 10.85
0.973335 -0.0158002 -0.229054 -77.4625 0.0164543 0.999882 0.000943431 0.0680516 0.229003 -0.00468715 0.973448 11.5151
0.976208 -0.0167035 -0.216412 -77.5939 0.0174158 0.999862 0.00139058 0.0548027 0.21635 -0.00512672 0.976341 12.1691
0.978919 -0.0162742 -0.203842 -77.7112 0.0169246 0.999872 0.00144421 0.0473459 0.203784 -0.00486359 0.979038 12.8381
0.981657 -0.0156673 -0.190266 -77.8353 0.0165065 0.999874 0.00283339 0.0385956 0.19019 -0.00592225 0.981769 13.5457
0.98418 -0.0134931 -0.176937 -77.946 0.0144712 0.999903 0.00423414 0.0265983 0.176855 -0.00672754 0.984248 14.2502
0.986262 -0.0137473 -0.164911 -78.0565 0.0143051 0.99991 0.00220272 0.0155546 0.164859 -0.00453183 0.986347 14.9762
0.988114 -0.0132601 -0.153476 -78.18 0.0130581 0.999929 -0.00233105 0.00227553 0.153489 0.000299175 0.988185 15.7288
0.989452 -0.015178 -0.144401 -78.2692 0.0141321 0.999881 -0.00825659 -0.00866298 0.144503 0.00612811 0.989526 16.4578
0.990554 -0.0150868 -0.13666 -78.3616 0.0140973 0.999883 -0.00821149 -0.0179648 0.136761 0.00620703 0.990621 17.2093
0.99141 -0.01291 -0.130532 -78.4607 0.0127081 0.999931 -0.00236803 -0.0247961 0.130547 0.000688205 0.991483 17.9887
0.992107 -0.00794329 -0.12556 -78.5612 0.00876591 0.999962 0.00598977 -0.0419158 0.1255 -0.00704307 0.992108 18.7564
0.992576 -0.00740764 -0.121819 -78.661 0.00865609 0.99993 0.00973455 -0.050549 0.121732 -0.0107171 0.992548 19.5493
0.992991 -0.00933908 -0.118256 -78.7486 0.0103494 0.999933 0.00791996 -0.0457664 0.118166 -0.00908817 0.992992 20.3018
0.993313 -0.00958559 -0.115498 -78.8366 0.010483 0.999935 0.00717757 -0.0542939 0.115415 -0.00834068 0.993326 21.0765
0.993646 -0.0105374 -0.112526 -78.9236 0.0116502 0.999908 0.00922515 -0.0595237 0.112411 -0.0104773 0.993647 21.8434
0.99394 -0.0118921 -0.109758 -79.0087 0.0133247 0.99985 0.0123451 -0.0747391 0.109588 -0.0137329 0.993928 22.6081
0.99422 -0.0143125 -0.106902 -79.0837 0.0159152 0.999791 0.014144 -0.0825126 0.10667 -0.0157632 0.99421 23.3708
0.994418 -0.0149699 -0.104941 -79.1553 0.0162004 0.999825 0.0109016 -0.0940191 0.104753 -0.0125411 0.994465 24.1385
0.994684 -0.0121764 -0.102775 -79.2498 0.0126087 0.999933 0.00354468 -0.099443 0.102718 -0.00482167 0.99474 24.9078
0.99497 -0.0120603 -0.0999708 -79.3415 0.011636 0.999937 -0.00480871 -0.0999091 0.100016 0.00362049 0.995025 25.6644
0.995088 -0.0116204 -0.0988541 -79.4197 0.0107511 0.999917 -0.00933481 -0.107377 0.0989469 0.00822586 0.995101 26.4302
0.995254 -0.0105914 -0.0972855 -79.4915 0.00986984 0.999937 -0.00787649 -0.120723 0.0973566 0.00687814 0.995273 27.1864
0.995387 -0.00734249 -0.0962267 -79.5597 0.00698926 0.999987 -0.00402227 -0.138326 0.0962472 0.00333099 0.995395 27.9531
0.995463 -0.00433929 -0.0956154 -79.6282 0.00444393 1.00001 0.000898049 -0.153307 0.095606 -0.00131947 0.995466 28.7255
0.995529 -0.00698016 -0.0947825 -79.6862 0.00728885 0.999989 0.00289709 -0.166416 0.0947534 -0.00357503 0.995538 29.4905
0.995403 -0.00998963 -0.0958158 -79.7338 0.0102733 0.99996 0.00248691 -0.17849 0.0957811 -0.00346025 0.995444 30.233
0.995313 -0.0122705 -0.0964968 -79.7929 0.0125856 0.999937 0.00264425 -0.19381 0.0964504 -0.0038463 0.995374 30.9984
0.995263 -0.0115169 -0.0971042 -79.8599 0.0118479 0.999942 0.00285167 -0.216251 0.0970592 -0.00398899 0.995319 31.7601
0.995223 -0.0135293 -0.0972522 -79.9297 0.013737 0.999924 0.0014557 -0.223353 0.0972169 -0.00278475 0.995303 32.5147
0.99532 -0.0139241 -0.0962089 -80.0123 0.0141448 0.999915 0.00163328 -0.232268 0.0961713 -0.00298694 0.995409 33.285
0.995402 -0.0122999 -0.0955564 -80.099 0.0125683 0.999938 0.00219472 -0.234343 0.0955153 -0.00338574 0.995467 34.0616
0.995388 -0.0130743 -0.0956179 -80.1796 0.013258 0.999928 0.00130698 -0.244759 0.0955872 -0.00256911 0.995468 34.84
0.995233 -0.0127015 -0.0972682 -80.2607 0.0129313 0.999933 0.00171904 -0.268337 0.0972317 -0.0029689 0.995303 35.6156
0.995044 -0.0148832 -0.0988863 -80.3461 0.0151395 0.999901 0.00186326 -0.275991 0.0988419 -0.0033515 0.995148 36.398
0.994726 -0.0133665 -0.102244 -80.4369 0.0135657 0.999926 0.00123923 -0.28157 0.102212 -0.00261993 0.994807 37.1978
0.994479 -0.0098202 -0.105025 -80.5337 0.00998854 0.999968 0.0010937 -0.297171 0.105004 -0.00213724 0.994521 37.9897
0.994211 -0.00906721 -0.107591 -80.6283 0.00865341 0.999973 -0.00432602 -0.300293 0.107619 0.00336956 0.994235 38.7859
0.993987 -0.00864384 -0.109685 -80.7298 0.00780673 0.999955 -0.00804296 -0.311528 0.109742 0.00713742 0.993986 39.5944
0.993406 -0.00985897 -0.114716 -80.7817 0.00878677 0.999933 -0.00986055 -0.323947 0.114797 0.00878694 0.993399 40.4084
0.993099 -0.010165 -0.117336 -80.8902 0.00933483 0.999946 -0.00760705 -0.350872 0.117399 0.00645831 0.993116 41.2611
0.992606 -0.0113045 -0.121324 -80.9726 0.0105832 0.999941 -0.00659894 -0.375443 0.121383 0.00526561 0.992641 42.1103
0.992399 -0.0113494 -0.123012 -81.0821 0.0108578 0.999949 -0.00465054 -0.393494 0.123051 0.00327868 0.992448 42.9517
0.992406 -0.011361 -0.122948 -81.2082 0.0114065 0.999954 -0.000345171 -0.4138 0.122937 -0.00106023 0.992464 43.7889
0.992212 -0.0116363 -0.124485 -81.3109 0.0123009 0.999933 0.00458806 -0.424682 0.124416 -0.00608418 0.992265 44.6358
0.992148 -0.0114238 -0.125012 -81.4088 0.0123245 0.999923 0.00642236 -0.432888 0.12492 -0.00791289 0.992186 45.4965
0.992434 -0.00833758 -0.122982 -81.5246 0.00912736 0.999961 0.00587452 -0.434111 0.122921 -0.00695316 0.992447 46.3658
0.992697 -0.00861024 -0.120809 -81.6409 0.00922272 0.999966 0.00449955 -0.438387 0.120757 -0.00558115 0.992717 47.2226
0.992817 -0.0110142 -0.119636 -81.7414 0.0113065 0.999954 0.00178066 -0.443874 0.119604 -0.00312126 0.992872 48.0957
0.992921 -0.0150311 -0.118312 -81.8411 0.0151864 0.999904 0.000401734 -0.455044 0.118285 -0.00219596 0.993029 48.969
0.992962 -0.0164892 -0.117783 -81.932 0.0166602 0.999882 0.000485591 -0.467684 0.117753 -0.00244517 0.993094 49.8531
0.993103 -0.0182528 -0.116321 -82.0453 0.0186472 0.999844 0.00229508 -0.472044 0.116251 -0.00444863 0.993263 50.7307
0.993199 -0.0202956 -0.115175 -82.1534 0.0210349 0.999787 0.00522782 -0.49094 0.115037 -0.00761566 0.993388 51.6051
0.993329 -0.0205964 -0.113984 -82.2611 0.0213445 0.999779 0.00534059 -0.501731 0.113839 -0.00773813 0.993522 52.4824
0.993482 -0.0195823 -0.11283 -82.3715 0.0199488 0.999821 0.00214029 -0.51359 0.11276 -0.00437802 0.993669 53.3588
0.993724 -0.0169276 -0.111111 -82.4923 0.0166353 0.999876 -0.00356686 -0.532841 0.111148 0.00169551 0.993855 54.2242
0.994042 -0.0153523 -0.108466 -82.6249 0.0144686 0.999879 -0.0089106 -0.549669 0.108582 0.00728681 0.994117 55.0594
0.99419 -0.0108342 -0.107649 -82.7289 0.00928847 0.999867 -0.0148623 -0.570484 0.107787 0.013775 0.994132 55.9343
0.994369 -0.0106806 -0.10602 -82.8349 0.00907553 0.99986 -0.0155933 -0.59802 0.106164 0.0145416 0.994302 56.791
0.994374 -0.0136299 -0.10562 -82.9326 0.0126834 0.999894 -0.00963982 -0.622349 0.105731 0.00824499 0.994415 57.6615
0.994305 -0.0136025 -0.106295 -83.0299 0.0135827 0.999931 -0.000892909 -0.640474 0.106291 -0.000557158 0.994396 58.5405
0.994072 -0.0144127 -0.10833 -83.1165 0.0152364 0.999883 0.00677073 -0.662955 0.10821 -0.00838185 0.994148 59.3854
0.993671 -0.0163325 -0.111709 -83.1963 0.0169407 0.999871 0.00451446 -0.678166 0.111612 -0.00637942 0.993793 60.2233
0.993308 -0.0215352 -0.114005 -83.2847 0.0218072 0.999784 0.00113234 -0.69409 0.113947 -0.00361171 0.993536 61.0569
0.992723 -0.0229061 -0.118764 -83.3584 0.023017 0.999761 -0.000419621 -0.709946 0.118737 -0.00231825 0.992985 61.8934
0.992376 -0.0211999 -0.121929 -83.465 0.020964 0.999798 -0.0032253 -0.725534 0.121962 0.000643735 0.992593 62.7316
0.991903 -0.0203005 -0.125878 -83.5712 0.019555 0.999808 -0.00713938 -0.7419 0.12599 0.0046185 0.992084 63.5733
0.991298 -0.0198606 -0.130617 -83.6786 0.0185807 0.99979 -0.0110191 -0.759725 0.130798 0.00849529 0.991432 64.3873
0.991019 -0.0181339 -0.132982 -83.8051 0.0161162 0.999763 -0.0162211 -0.774615 0.133236 0.0139304 0.991051 65.2007
0.990577 -0.0134643 -0.136753 -83.9251 0.0113474 0.999827 -0.0162568 -0.803945 0.136937 0.0145506 0.990532 66.0063
0.990128 -0.00987449 -0.140291 -84.0555 0.00772823 0.99987 -0.0158272 -0.817635 0.14042 0.0145848 0.990049 66.8117
0.989497 -0.00695007 -0.144832 -84.1819 0.00551283 0.999955 -0.0103333 -0.842714 0.144886 0.00942502 0.989463 67.6285
0.98886 -0.00577253 -0.149187 -84.3144 0.00514538 1 -0.00458127 -0.869996 0.149204 0.00376093 0.988865 68.4177
0.987935 -0.0065151 -0.155153 -84.4374 0.00631142 1 -0.00181546 -0.883824 0.155154 0.000813288 0.987952 69.235
0.98695 -0.0062098 -0.161331 -84.5785 0.00593453 1 -0.00218023 -0.889686 0.161336 0.00119254 0.986965 70.0255
0.986063 -0.00675826 -0.166635 -84.7225 0.00671169 1 -0.000852589 -0.887734 0.16663 -0.000278711 0.986082 70.8074
0.984905 -0.0061867 -0.173381 -84.8631 0.00591267 1 -0.0020894 -0.899423 0.173385 0.00103074 0.984921 71.5978
0.983809 -0.00118051 -0.179591 -85.0178 0.000481995 1.00002 -0.00394421 -0.913319 0.179587 0.00379268 0.983797 72.3712
0.982797 0.000629544 -0.185061 -85.1788 -0.00247771 0.999974 -0.00975077 -0.915192 0.18504 0.0100392 0.982747 73.1368
0.981746 -0.000374265 -0.190553 -85.3353 -0.00191896 0.999951 -0.0118622 -0.944068 0.190536 0.0120099 0.981671 73.8836
0.980806 0.00038781 -0.195338 -85.5075 -0.00326647 0.999916 -0.0144099 -0.955282 0.195306 0.0147689 0.980699 74.6515
0.979816 0.0027098 -0.200225 -85.6759 -0.00473357 0.999967 -0.00964064 -0.972445 0.200179 0.0103924 0.97977 75.4191
0.978686 0.00368757 -0.205664 -85.8551 -0.00493072 0.999999 -0.00552822 -0.992769 0.205633 0.00642216 0.978677 76.1783
0.977514 0.00330073 -0.211174 -86.0326 -0.00435208 1 -0.00452414 -1.01014 0.211148 0.00534011 0.977507 76.9173
0.976091 0.00154036 -0.217678 -86.2148 -0.00335504 0.999989 -0.00796319 -1.03842 0.217652 0.00850075 0.976059 77.6718
0.974304 -0.000216819 -0.225547 -86.4006 -0.00333738 0.999901 -0.0153862 -1.05732 0.225515 0.015742 0.974181 78.4152
0.97225 -0.00242814 -0.234233 -86.5885 -0.00168722 0.999874 -0.0173635 -1.0794 0.234234 0.0172741 0.972097 79.1472
0.970206 -0.00291772 -0.242562 -86.8159 -0.000873988 0.999905 -0.0155316 -1.09595 0.242571 0.0152792 0.970084 79.8605
0.967711 -0.00309068 -0.252321 -87.0407 0.00070203 0.999981 -0.00955131 -1.11595 0.252334 0.00906333 0.967668 80.5812
0.964738 -0.00124031 -0.263483 -87.261 0.000536385 1.00002 -0.00275114 -1.12871 0.263478 0.00251153 0.964733 81.3025
0.96167 -0.000580898 -0.274464 -87.4818 0.000777375 1.00003 0.000611689 -1.15177 0.274458 -0.000803866 0.96167 82.0292
0.95823 0.00202456 -0.286248 -87.7064 -0.00327944 1.00001 -0.00391221 -1.17532 0.286228 0.00468621 0.958222 82.7566
0.954488 0.0015211 -0.298481 -87.9361 -0.00570641 0.999925 -0.0131481 -1.19792 0.298424 0.0142502 0.9544 83.4701
0.950688 -0.00162343 -0.310382 -88.1796 -0.00439837 0.999842 -0.018708 -1.21059 0.310348 0.0191489 0.950502 84.1704
0.946464 -0.00261169 -0.323021 -88.4217 -0.00233263 0.999914 -0.0149156 -1.21931 0.323016 0.0148678 0.946352 84.8765
0.943027 -0.00123252 -0.332938 -88.7062 -0.00112667 1 -0.00689874 -1.25372 0.332931 0.00687929 0.943 85.5773
0.939153 -0.000792456 -0.343707 -88.9922 0.00048417 1.00003 -0.000979733 -1.28442 0.343701 0.000751294 0.939155 86.2743
0.935259 -0.00270028 -0.354168 -89.2983 0.00219558 1.00002 -0.00183191 -1.31676 0.354164 0.000934466 0.935258 86.9776
0.931666 -0.00476697 -0.363484 -89.6059 0.00290537 1.00001 -0.00566493 -1.34323 0.363496 0.00421912 0.931663 87.6628
0.928608 -0.00889511 -0.371159 -89.9093 0.00493675 0.999949 -0.0116182 -1.37379 0.371226 0.00895485 0.928576 88.3516
0.925902 -0.013155 -0.377727 -90.2145 0.00694765 0.999847 -0.0177882 -1.39292 0.377885 0.0138429 0.925828 89.0531
0.923383 -0.0134818 -0.383838 -90.5278 0.0060843 0.9998 -0.0204846 -1.40972 0.38402 0.0165778 0.923252 89.7256
0.921106 -0.00837042 -0.389411 -90.8672 2.85739e-05 0.999801 -0.0214202 -1.43035 0.389494 0.0197157 0.920899 90.4121
0.917862 -0.00794435 -0.397012 -91.1791 9.43189e-05 0.999833 -0.0197934 -1.4534 0.397084 0.0181282 0.917681 91.0975
0.914145 -0.0074761 -0.405501 -91.4902 0.00190329 0.999928 -0.0141416 -1.46384 0.405559 0.0121524 0.91407 91.8022
0.911273 -0.00525071 -0.411955 -91.8166 0.00282933 1 -0.00649172 -1.48347 0.411971 0.00474832 0.911264 92.4982
0.909113 0.00514317 -0.416696 -92.1725 -0.0058006 1.00001 -0.000309598 -1.50401 0.416681 0.00269551 0.909131 93.1924
0.906285 0.0135181 -0.422634 -92.5076 -0.0160977 0.999896 -0.00254213 -1.53565 0.422536 0.00910534 0.906382 93.8686
0.904087 0.00902641 -0.427428 -92.8592 -0.0149209 0.999865 -0.0104427 -1.54816 0.427255 0.0158152 0.904077 94.5614
0.901436 0.00159591 -0.433092 -93.1749 -0.0103623 0.999816 -0.0178886 -1.57001 0.432963 0.0206109 0.90126 95.2492
0.899613 0.00310563 -0.436851 -93.5257 -0.0120991 0.999799 -0.0178059 -1.59973 0.436687 0.0213005 0.899447 95.95
0.897308 0.0095626 -0.44148 -93.8922 -0.0168936 0.999806 -0.0126848 -1.62572 0.441252 0.018838 0.897269 96.6567
0.894047 0.0118313 -0.447991 -94.2188 -0.0174666 0.999843 -0.00845007 -1.64967 0.447799 0.0153762 0.89409 97.3423
0.891457 0.0083839 -0.453202 -94.573 -0.0146518 0.999869 -0.0103282 -1.67885 0.453035 0.0158452 0.891437 98.0349
0.887899 0.0062487 -0.460166 -94.9157 -0.0159445 0.999757 -0.0171875 -1.69805 0.459924 0.0225942 0.88776 98.7448
0.886255 0.00325086 -0.463362 -95.3042 -0.0161556 0.999614 -0.0238918 -1.7194 0.463083 0.0286575 0.88594 99.4154
0.883964 0.00411505 -0.467705 -95.6777 -0.0181971 0.999539 -0.0255967 -1.74548 0.467361 0.0311335 0.883609 100.091
0.88074 0.00632283 -0.473732 -96.0286 -0.0189194 0.999613 -0.0218368 -1.77162 0.473387 0.0281926 0.880493 100.791
0.879238 0.00785224 -0.476486 -96.4254 -0.0199235 0.999629 -0.0202891 -1.79651 0.476125 0.0273283 0.879045 101.456
0.876466 0.00844795 -0.481561 -96.7962 -0.0207929 0.999608 -0.0203127 -1.81815 0.481178 0.0278138 0.876272 102.13
0.873927 0.00662138 -0.486177 -97.1658 -0.0196209 0.999606 -0.021654 -1.8455 0.485817 0.0284593 0.87369 102.798
0.871294 0.00418508 -0.490912 -97.5449 -0.017411 0.999629 -0.0223845 -1.87516 0.490612 0.0280481 0.871018 103.475
0.868975 0.00334679 -0.495007 -97.9318 -0.0166034 0.999645 -0.0223867 -1.90328 0.494731 0.0276682 0.868699 104.135
0.866965 0.00451179 -0.498515 -98.3444 -0.0179104 0.999627 -0.0221052 -1.93279 0.498205 0.0280904 0.866697 104.807
0.864488 0.00456461 -0.502796 -98.7274 -0.0187209 0.99959 -0.0231117 -1.95568 0.50246 0.0293884 0.864196 105.454
0.861825 0.00131328 -0.507371 -99.1218 -0.0177728 0.999493 -0.0276061 -1.98418 0.507054 0.0328062 0.861384 106.118
0.859565 -0.00150654 -0.511185 -99.5126 -0.0172565 0.999371 -0.0319606 -2.02291 0.510888 0.0362889 0.858976 106.758
0.856646 -0.0039493 -0.516055 -99.8904 -0.0164787 0.999284 -0.0350056 -2.05241 0.5158 0.0384883 0.85594 107.411
0.854978 -0.00175336 -0.518821 -100.289 -0.0168986 0.999401 -0.0312231 -2.08722 0.518541 0.0354577 0.854414 108.029
0.853173 0.00235104 -0.521788 -100.683 -0.0166854 0.999634 -0.0227819 -2.11929 0.521519 0.0281402 0.852873 108.658
0.851113 0.00466045 -0.525121 -101.066 -0.0137506 0.999847 -0.0134113 -2.15557 0.524954 0.0186309 0.851025 109.3
0.849607 0.00451439 -0.527561 -101.449 -0.0106811 0.999938 -0.00864839 -2.18338 0.527464 0.0129802 0.849577 109.893
0.847617 0.00166294 -0.530766 -101.818 -0.00782365 0.999958 -0.00935944 -2.20971 0.530701 0.0120814 0.847574 110.495
0.845902 9.51437e-05 -0.533501 -102.193 -0.00842222 0.99991 -0.0131791 -2.23112 0.533426 0.0156391 0.845801 111.074
0.844043 -0.00189204 -0.536428 -102.554 -0.00792857 0.999873 -0.0160003 -2.25348 0.536364 0.0177536 0.843901 111.635
0.842366 -0.00344166 -0.539056 -102.901 -0.00694707 0.999859 -0.0172431 -2.27991 0.539013 0.0182674 0.842199 112.175
0.841153 -0.00502308 -0.540931 -103.244 -0.00561559 0.999854 -0.0180156 -2.29492 0.540916 0.0181871 0.840982 112.69
0.839871 -0.00428559 -0.54293 -103.59 -0.00598999 0.999867 -0.0171617 -2.31741 0.542904 0.0176632 0.83971 113.202
0.838545 -0.00370361 -0.544976 -103.913 -0.00527603 0.999908 -0.0149123 -2.35133 0.544953 0.0153756 0.838428 113.685
0.837692 -0.0045209 -0.546284 -104.24 -0.00367781 0.999928 -0.013918 -2.37987 0.546281 0.0136655 0.837593 114.152
0.837292 -0.0054504 -0.546884 -104.554 -0.00263441 0.999931 -0.0139977 -2.39886 0.546895 0.0131565 0.8372 114.575
0.836209 -0.0061871 -0.548538 -104.85 -0.00169825 0.999934 -0.0138703 -2.44101 0.548562 0.0125274 0.83612 114.996
0.835336 -0.00576407 -0.549865 -105.134 -0.00428073 0.999879 -0.0169833 -2.46717 0.549869 0.016536 0.835191 115.384
0.834078 -0.00815638 -0.551747 -105.409 -0.00404341 0.999804 -0.020895 -2.48866 0.551784 0.019656 0.83386 115.76
0.832233 -0.012225 -0.554447 -105.679 -0.000988763 0.999756 -0.0235264 -2.49927 0.554572 0.0201231 0.831997 116.123
0.829993 -0.0162011 -0.557699 -105.942 0.00399444 0.999757 -0.0231006 -2.52022 0.557912 0.0169427 0.829833 116.469
0.8267 -0.0149882 -0.562597 -106.194 0.00317066 0.999786 -0.0219751 -2.52949 0.562779 0.0163787 0.826551 116.815
0.824251 -0.012427 -0.566248 -106.508 0.000662204 0.999811 -0.0209805 -2.53189 0.566377 0.0169152 0.824079 117.134
0.821467 -0.00733712 -0.570363 -106.767 -0.00332844 0.999872 -0.0176545 -2.53005 0.570392 0.0163962 0.821316 117.43
0.817816 -0.00280092 -0.57563 -107.004 -0.00490877 0.999951 -0.0118415 -2.52875 0.575608 0.0125067 0.817739 117.729
0.813483 -0.000623313 -0.58174 -107.218 -0.00451774 0.999997 -0.00738726 -2.54864 0.581714 0.00863291 0.813456 117.991
0.80832 -0.00401778 -0.588885 -107.427 -0.000483836 1.00001 -0.00748879 -2.54389 0.58889 0.00633539 0.808298 118.252
0.800834 -0.00611365 -0.599003 -107.607 0.00238647 1.00001 -0.00701434 -2.55129 0.59902 0.0041833 0.800835 118.507
0.792149 -0.00834383 -0.610424 -107.791 0.00514866 0.999997 -0.00698931 -2.54667 0.61045 0.00239086 0.792166 118.724
0.782338 -0.00853179 -0.622938 -107.982 0.00473293 0.999994 -0.00775045 -2.54232 0.62297 0.0031107 0.782355 118.943
0.770148 -0.00747499 -0.637968 -108.151 0.00240866 0.999994 -0.00881091 -2.54532 0.637998 0.00524605 0.770139 119.11
0.756565 -0.0088075 -0.653995 -108.323 0.00179098 0.999969 -0.0113935 -2.55792 0.654043 0.0074439 0.756539 119.262
0.742037 -0.0116726 -0.670397 -108.499 0.000342269 0.999892 -0.0170323 -2.56247 0.67049 0.012406 0.741939 119.413
0.727107 -0.0157494 -0.686473 -108.659 -0.000206812 0.999768 -0.0231549 -2.56165 0.686645 0.0169731 0.726919 119.547
0.711887 -0.0157736 -0.70225 -108.829 -0.00518083 0.99964 -0.0277068 -2.56086 0.702399 0.0233588 0.71153 119.68
0.696421 -0.0126582 -0.717646 -109.014 -0.0133948 0.999478 -0.0306268 -2.55626 0.717625 0.0309364 0.695871 119.814
0.679375 -0.0114786 -0.73383 -109.193 -0.0169341 0.999404 -0.0313113 -2.55174 0.733716 0.0336951 0.678757 119.941
0.659814 -0.0127489 -0.751439 -109.335 -0.0144704 0.999491 -0.0296623 -2.56086 0.751401 0.0304397 0.65928 120.057
0.639716 -0.0138384 -0.76861 -109.514 -0.0124749 0.999558 -0.0283805 -2.56355 0.768625 0.0277404 0.639244 120.179
0.617951 -0.0120108 -0.786238 -109.699 -0.0134134 0.999612 -0.025812 -2.57068 0.786208 0.0264913 0.617539 120.286
0.594947 -0.00949646 -0.803827 -109.907 -0.0183207 0.99955 -0.0253698 -2.53876 0.803667 0.0298169 0.59449 120.379
0.572994 -0.00332366 -0.819661 -110.111 -0.0210937 0.999637 -0.0187985 -2.58246 0.81939 0.0280556 0.572706 120.416
0.549486 9.5624e-05 -0.835618 -110.318 -0.0235042 0.999646 -0.0153426 -2.59513 0.835281 0.0280677 0.54928 120.474
0.524646 0.0050329 -0.851411 -110.509 -0.0273166 0.999604 -0.0109232 -2.62745 0.850981 0.0289824 0.524568 120.533
0.499528 0.00927832 -0.86636 -110.72 -0.0326083 0.999476 -0.00809853 -2.62815 0.86579 0.0322923 0.499557 120.591
0.472916 0.0116037 -0.881133 -110.929 -0.0359251 0.999373 -0.00612032 -2.62478 0.880472 0.0345428 0.47303 120.646
0.444992 0.0112673 -0.895571 -111.121 -0.0362257 0.999369 -0.00542755 -2.63228 0.894906 0.0348541 0.445109 120.686
0.412997 0.00822815 -0.910795 -111.343 -0.036802 0.99933 -0.0076595 -2.63976 0.910084 0.0366759 0.413019 120.753
0.378944 0.00456022 -0.925513 -111.565 -0.0375554 0.99928 -0.0104539 -2.651 0.924759 0.0387156 0.378836 120.806
0.340094 0.00129986 -0.940487 -111.798 -0.038354 0.999224 -0.0124882 -2.63528 0.939702 0.0403119 0.339879 120.862
0.298433 0.000933511 -0.954536 -112.052 -0.0391585 0.99921 -0.0112665 -2.64337 0.95373 0.0407363 0.298231 120.915
0.254582 -0.0017568 -0.967144 -112.347 -0.0400352 0.99916 -0.0123534 -2.63244 0.966314 0.0418578 0.2543 120.963
0.205946 -0.00368072 -0.97866 -112.639 -0.0401159 0.999161 -0.0122004 -2.64119 0.977843 0.0417682 0.205627 121.012
0.156463 -0.00640051 -0.987758 -112.957 -0.041131 0.999109 -0.0129895 -2.62938 0.986918 0.0426527 0.156067 121.033
0.105966 -0.00780654 -0.994442 -113.286 -0.0417631 0.999092 -0.0122938 -2.61737 0.993595 0.0428294 0.105549 121.035
0.0538327 -0.00693947 -0.998619 -113.64 -0.0421315 0.99911 -0.00921437 -2.61343 0.997752 0.0425622 0.053503 121.016
0.000694613 -0.00568909 -1.00009 -114.006 -0.0406432 0.999198 -0.00571259 -2.60189 0.999276 0.0406465 0.000473229 120.981
-0.0526457 -0.00436704 -0.998697 -114.376 -0.038585 0.999294 -0.00233623 -2.59428 0.99796 0.0384049 -0.0527623 120.923
-0.106276 -0.00181922 -0.994437 -114.742 -0.0347152 0.999438 0.00188155 -2.60439 0.993835 0.0347183 -0.106264 120.842
-0.160238 -0.000310412 -0.987174 -115.14 -0.0329192 0.999487 0.00502852 -2.60295 0.986624 0.0332961 -0.160147 120.756
-0.211768 0.00201353 -0.977422 -115.544 -0.0308659 0.999529 0.00874651 -2.61033 0.97694 0.0320176 -0.211586 120.635
-0.261612 0.00440727 -0.96526 -115.951 -0.0271354 0.999601 0.0119177 -2.61961 0.96489 0.029304 -0.261365 120.49
-0.309515 0.00679539 -0.950978 -116.36 -0.0222349 0.999694 0.0143806 -2.6231 0.950747 0.0255923 -0.309245 120.314
-0.356018 0.0090138 -0.934537 -116.788 -0.0172547 0.999759 0.0162152 -2.62745 0.934423 0.0218914 -0.355751 120.113
-0.399751 0.0107868 -0.916673 -117.209 -0.0132943 0.999802 0.0175628 -2.61977 0.916645 0.0192039 -0.399501 119.882
-0.441718 0.0128546 -0.897168 -117.654 -0.00988909 0.999806 0.0191929 -2.61899 0.897209 0.0173435 -0.441477 119.632
-0.479739 0.0145166 -0.877409 -118.081 -0.0076349 0.9998 0.0207165 -2.61845 0.877502 0.016634 -0.479501 119.355
-0.513164 0.0152228 -0.858267 -118.525 -0.00671598 0.999781 0.0217471 -2.61212 0.858379 0.0169175 -0.512918 119.045
-0.541609 0.0150394 -0.840621 -118.986 -0.00679008 0.999773 0.0222621 -2.60372 0.840735 0.0177613 -0.541351 118.725
