0.999937 -0.00163008 -0.0104432 0.123961 0.00164228 1 0.00117008 -0.0153739 0.0104421 -0.00118723 0.999938 1.16127
0.99989 -0.00253436 -0.0145996 0.141585 0.00255819 0.999997 0.00160089 -0.0379671 0.0145968 -0.0016383 0.999891 2.47326
0.999865 -0.00414919 -0.0155741 0.133235 0.00414756 0.999997 -0.000128537 -0.0498317 0.0155767 6.38594e-05 0.999874 3.83621
0.999858 -0.00462349 -0.0160625 0.111954 0.00461384 0.99999 -0.000650302 -0.0616644 0.0160666 0.000575867 0.999869 5.19082
0.999828 -0.00551947 -0.0174298 0.100107 0.00552445 0.999989 0.000246354 -0.0850662 0.0174304 -0.000342656 0.999844 6.51883
0.999774 -0.00789811 -0.0198033 0.119376 0.00792094 0.99997 0.00106304 -0.101934 0.0197956 -0.00121986 0.999803 7.85149
0.999731 -0.00760723 -0.0216999 0.12343 0.00763571 0.999974 0.00124348 -0.114547 0.0216921 -0.00140895 0.99976 9.23887
0.999705 -0.00738919 -0.0231819 0.124041 0.00738152 0.999974 -0.000426817 -0.134417 0.0231857 0.00025534 0.999732 10.6011
0.999671 -0.00546492 -0.0249051 0.119702 0.00540187 0.999987 -0.00258769 -0.15961 0.0249211 0.00245214 0.999684 11.9924
0.999714 -0.0017313 -0.0239758 0.0570221 0.00164354 0.999996 -0.00369013 -0.180088 0.0239833 0.00364936 0.999709 13.337
0.999727 0.000856288 -0.0231786 -0.00154792 -0.000932495 0.999999 -0.00326364 -0.210668 0.0231781 0.00328419 0.999725 14.694
0.999756 0.00181098 -0.0221825 -0.0566781 -0.00186982 0.999999 -0.00264368 -0.231471 0.022179 0.00268421 0.999752 16.0553
0.999782 -0.000341451 -0.0206758 -0.112994 0.000345208 1 0.000194533 -0.255753 0.020678 -0.000201804 0.999785 17.425
0.999809 -0.00444157 -0.0192415 -0.168611 0.00447784 0.999993 0.00182416 -0.274845 0.0192345 -0.00191017 0.999815 18.7887
0.999808 -0.00724103 -0.0180128 -0.217683 0.00724248 0.999979 2.98952e-05 -0.302478 0.0180145 -0.000160539 0.999838 20.1675
0.99983 -0.00831127 -0.0167099 -0.274242 0.00828407 0.999969 -0.00170509 -0.326542 0.0167252 0.00156626 0.999862 21.5188
0.999857 -0.00622065 -0.0155123 -0.312096 0.00618198 0.999984 -0.00252002 -0.36239 0.0155301 0.00242351 0.999879 22.905
0.999896 -0.00290799 -0.0143513 -0.345859 0.00290609 1 -0.00016056 -0.396256 0.0143534 0.000118689 0.999901 24.3216
0.999909 -0.00230693 -0.013099 -0.385539 0.00236292 0.999994 0.00428525 -0.430994 0.0130914 -0.00431602 0.999908 25.7427
0.999941 -0.00399537 -0.0105799 -0.433245 0.00406518 0.999976 0.00656694 -0.448053 0.0105551 -0.00660965 0.999927 27.1368
0.999912 -0.00837958 -0.0100841 -0.459534 0.00843597 0.999955 0.00559211 -0.475299 0.0100392 -0.00567687 0.999936 28.5454
0.99992 -0.00941178 -0.00910665 -0.495309 0.0094501 0.999953 0.00416283 -0.502387 0.00906877 -0.00424864 0.999954 29.9345
0.999918 -0.0105448 -0.00680844 -0.542998 0.0105614 0.999949 0.00246563 -0.529653 0.00678489 -0.00253763 0.999977 31.3137
0.999976 -0.00686695 -0.00465119 -0.581874 0.00687416 0.999985 0.00156063 -0.54837 0.00464238 -0.00159263 0.999995 32.7168
0.999972 -0.00596773 -0.0035957 -0.608829 0.0059666 0.999989 -0.000191126 -0.569427 0.00359965 0.000169313 0.999996 34.11
0.999994 -0.00569291 -0.00167505 -0.633685 0.005692 0.999993 -0.00047188 -0.591823 0.00167965 0.000462242 1.00001 35.4932
0.999981 -0.00546459 -0.000797623 -0.659936 0.00546459 0.999991 0.000761191 -0.612305 0.000796305 -0.000765815 1 36.9129
1 -0.00460051 -0.00113961 -0.668871 0.00460224 0.999997 0.0017971 -0.628489 0.00113315 -0.00180252 1.00001 38.3408
0.99999 -0.00316279 -0.00176107 -0.651357 0.00316673 0.999998 0.00255866 -0.657167 0.00175581 -0.00256447 0.999998 39.7836
1.00001 -0.00020355 -0.00126814 -0.666818 0.000206251 1.00001 0.00252307 -0.680142 0.00126946 -0.00252353 1.00001 41.2214
0.999995 0.00156958 -0.00164222 -0.670015 -0.00156544 1 0.00289656 -0.700082 0.00164959 -0.00289427 0.999996 42.698
1 0.00367836 -0.00122003 -0.675295 -0.00367505 0.999997 0.0031263 -0.725006 0.00123332 -0.00312203 1 44.1403
0.999982 0.00508073 -0.00217257 -0.63844 -0.00507265 0.999987 0.00399714 -0.777076 0.0021956 -0.00398633 0.999993 45.5801
0.999997 0.00413403 -0.00248955 -0.64909 -0.00412477 0.999989 0.00403671 -0.800119 0.00250829 -0.00402658 0.999998 47.0184
0.999985 0.00420079 -0.00277503 -0.668226 -0.00419026 0.99999 0.00397972 -0.811539 0.00279458 -0.0039685 0.999992 48.4385
0.999991 0.00440381 -0.00376489 -0.674436 -0.00438479 0.999982 0.00530072 -0.829115 0.00379039 -0.00528436 0.99999 49.9108
0.999969 0.00452789 -0.00582598 -0.668188 -0.00449816 0.999983 0.00521227 -0.849588 0.00585233 -0.00518634 0.999973 51.3625
0.99997 0.00516043 -0.00721447 -0.679436 -0.0051311 0.999984 0.00421752 -0.845088 0.00723827 -0.00418061 0.999977 52.8271
0.999947 0.00549299 -0.008244 -0.698025 -0.00545679 0.99998 0.00449741 -0.854618 0.00827149 -0.00445265 0.999959 54.2776
0.999961 0.00428989 -0.00862994 -0.71714 -0.00424754 0.999984 0.00503955 -0.869882 0.00865351 -0.00500292 0.999961 55.7486
0.999954 0.00256359 -0.00891479 -0.734621 -0.00251791 0.999988 0.00521222 -0.888665 0.00893101 -0.00518998 0.99995 57.2071
0.99996 9.03639e-05 -0.00963363 -0.753266 -4.61111e-05 0.999995 0.00471805 -0.906264 0.00963624 -0.00471758 0.999954 58.6533
0.999963 -0.00126253 -0.00817928 -0.794726 0.0013094 0.999987 0.00582395 -0.93406 0.00817483 -0.0058349 0.999954 60.0974
0.999982 -0.00338253 -0.00631741 -0.831045 0.003433 0.999967 0.00821194 -0.965846 0.0062917 -0.00823367 0.999959 61.5455
0.99996 -0.00595932 -0.00619218 -0.834896 0.00602243 0.999934 0.010363 -0.994491 0.00613296 -0.0104003 0.999933 63.002
0.999957 -0.00824562 -0.00584611 -0.825373 0.00830548 0.999919 0.0104839 -1.01613 0.00576061 -0.010532 0.999942 64.434
0.999938 -0.00990891 -0.00458336 -0.848446 0.00995174 0.99991 0.00959719 -1.02707 0.00449032 -0.00964259 0.99995 65.832
0.999964 -0.00886283 -0.00282332 -0.877968 0.00888607 0.99993 0.0087412 -1.03631 0.00274711 -0.008766 0.999971 67.2591
0.999965 -0.00794167 -0.00201967 -0.885876 0.00795823 0.999937 0.00874166 -1.05302 0.00195244 -0.0087578 0.999967 68.711
0.999999 -0.00401198 0.000346971 -0.921702 0.00400698 0.999951 0.00992089 -1.07212 -0.000385428 -0.00991945 0.999965 70.096
0.999997 -0.00068958 0.00135317 -0.935434 0.000673914 0.999948 0.0109577 -1.07712 -0.00135855 -0.0109571 0.999948 71.591
0.999997 0.00396221 0.00208698 -0.949336 -0.00398561 0.999943 0.0106768 -1.08196 -0.00204331 -0.0106849 0.999954 73.0004
0.999949 0.00913482 0.00401103 -0.989622 -0.00916979 0.999928 0.00866422 -1.06782 -0.00392978 -0.00870071 0.999965 74.4791
0.999842 0.016766 0.00700383 -1.02176 -0.0167966 0.999858 0.00411007 -1.05953 -0.00693272 -0.00422695 0.99998 75.923
0.999808 0.0181772 0.00711719 -1.0067 -0.0182099 0.999832 0.0044819 -1.09223 -0.0070329 -0.00461074 0.999976 77.3512
0.999801 0.0185759 0.00813822 -1.012 -0.0186101 0.999827 0.00399321 -1.10126 -0.0080617 -0.00414379 0.999972 78.8046
0.999807 0.0179272 0.00799337 -0.991599 -0.0179515 0.999843 0.0029459 -1.11924 -0.00793798 -0.00308884 0.999976 80.2126
0.999812 0.0180073 0.00796786 -0.983741 -0.0180073 0.999846 -0.000193644 -1.11744 -0.00796969 5.03414e-05 0.999983 81.6041
0.999787 0.0181378 0.00969878 -1.01594 -0.0181223 0.999843 -0.0016902 -1.12437 -0.00972718 0.00151431 0.999964 83.0092
0.999838 0.0154373 0.0099028 -0.985853 -0.01545 0.999889 0.00111227 -1.18961 -0.0098845 -0.00126483 0.999965 84.3333
0.99983 0.0155976 0.00969945 -1.00246 -0.0155936 0.99989 -0.000420056 -1.20055 -0.00970504 0.000269215 0.999967 85.7899
0.999813 0.0157605 0.0116351 -1.03972 -0.0157495 0.999885 -0.00111642 -1.21659 -0.0116517 0.000933277 0.999947 87.1933
0.99975 0.0158666 0.0156084 -1.12497 -0.0158421 0.999885 -0.00164027 -1.22189 -0.0156332 0.00139328 0.99989 88.581
0.999736 0.0133507 0.0191513 -1.06269 -0.0134076 0.999922 0.00281132 -1.32966 -0.0191134 -0.00306697 0.999834 89.7214
0.999742 0.0117837 0.0193023 -1.07703 -0.0118147 0.999942 0.00154505 -1.32453 -0.0192842 -0.00177194 0.999826 91.1637
0.999771 0.00982227 0.0195757 -1.06383 -0.00985627 0.999965 0.00161434 -1.35189 -0.0195605 -0.00180648 0.999829 92.5096
0.999709 0.00910828 0.0222469 -1.09872 -0.00911262 0.999973 0.000143411 -1.36247 -0.0222462 -0.000345404 0.999765 93.8834
0.999786 0.00748187 0.0198748 -1.03175 -0.00747713 0.999988 -0.000341002 -1.39096 -0.0198787 0.00019268 0.999824 95.2932
0.999744 0.00816094 0.0210481 -1.02432 -0.00812645 0.999981 -0.00167146 -1.4074 -0.0210626 0.00150067 0.999792 96.7562
0.999664 0.00799341 0.0250791 -1.06177 -0.00789537 0.999977 -0.0040206 -1.40951 -0.0251123 0.00382164 0.9997 98.1507
0.999639 0.00905523 0.0252688 -1.0402 -0.00895997 0.999968 -0.00381886 -1.45916 -0.0253039 0.00359182 0.999689 99.4916
0.999621 0.0101976 0.0260227 -1.0215 -0.0100931 0.999957 -0.00415261 -1.47951 -0.0260658 0.00388874 0.999676 100.879
0.999615 0.00993805 0.0258852 -0.975656 -0.00987587 0.999964 -0.00247541 -1.51561 -0.0259102 0.00221953 0.999679 102.264
0.999733 0.0106981 0.0210341 -0.878611 -0.010708 0.999959 0.000345434 -1.57182 -0.0210314 -0.000570181 0.999803 103.574
0.99974 0.00992273 0.0205402 -0.855966 -0.00987969 0.999969 -0.00211284 -1.585 -0.020562 0.00191017 0.999807 104.948
0.999776 0.00956962 0.01924 -0.810498 -0.00947993 0.999962 -0.00473517 -1.61468 -0.0192863 0.00455203 0.999827 106.303
0.999717 0.0106368 0.0213143 -0.831583 -0.0104994 0.999946 -0.0064715 -1.63471 -0.0213834 0.00624662 0.999775 107.648
0.999723 0.00778675 0.0224928 -0.837082 -0.00767124 0.999977 -0.00518367 -1.6679 -0.0225347 0.00501013 0.999758 108.93
0.999667 0.00631714 0.0250286 -0.84198 -0.00621573 0.999997 -0.00404904 -1.68628 -0.0250558 0.00389298 0.999703 110.333
0.999649 0.00494556 0.0262454 -0.833876 -0.00484169 1 -0.00398622 -1.70036 -0.0262674 0.00385813 0.999672 111.681
0.999651 0.00325894 0.0262603 -0.786321 -0.00311086 1.00001 -0.00560143 -1.73169 -0.0262805 0.00551863 0.999665 113.016
0.999597 0.00521651 0.0282591 -0.77692 -0.00500616 0.999983 -0.00746128 -1.77438 -0.0282997 0.00731719 0.999605 114.374
0.999464 0.00868327 0.0314408 -0.774218 -0.00833552 0.999932 -0.0111085 -1.78523 -0.0315369 0.0108414 0.999466 115.788
0.999372 0.0119699 0.0337025 -0.750493 -0.0116019 0.999895 -0.0110523 -1.82536 -0.0338336 0.0106547 0.999404 117.121
0.999294 0.0130211 0.0351432 -0.711902 -0.0127356 0.999913 -0.008278 -1.87372 -0.0352499 0.00782537 0.999371 118.461
0.999311 0.0121153 0.0354102 -0.654035 -0.0119395 0.999941 -0.00513446 -1.92004 -0.0354725 0.00470857 0.999396 119.826
0.999231 0.0119617 0.0372517 -0.641208 -0.0117871 0.999947 -0.00484219 -1.94697 -0.0373097 0.00440026 0.999318 121.168
0.99911 0.0136999 0.0401698 -0.617302 -0.0134183 0.99991 -0.00724269 -1.95408 -0.0402676 0.00669757 0.999203 122.527
0.998978 0.0163157 0.0420653 -0.581378 -0.0159468 0.999862 -0.00903238 -1.97143 -0.042209 0.00835338 0.999099 123.88
0.998761 0.0198559 0.0458694 -0.584833 -0.019315 0.999765 -0.0121855 -1.9726 -0.046103 0.0112846 0.99891 125.232
0.998598 0.0211703 0.0484462 -0.511772 -0.0205746 0.999735 -0.0127122 -2.03336 -0.0487047 0.0116986 0.998769 126.467
0.998506 0.0220732 0.0501683 -0.45706 -0.0214289 0.999708 -0.0133189 -2.07857 -0.0504508 0.0122243 0.998686 127.824
0.998465 0.0203853 0.0514637 -0.384234 -0.0197609 0.999754 -0.0125672 -2.13739 -0.0517098 0.0115319 0.998622 129.149
0.998371 0.0213749 0.053045 -0.34214 -0.0207217 0.999729 -0.0128054 -2.16281 -0.0533078 0.011686 0.998543 130.501
0.998265 0.0202611 0.0552792 -0.296364 -0.0195881 0.999756 -0.0126473 -2.19539 -0.0555248 0.0115436 0.998417 131.854
0.99828 0.0190579 0.0555639 -0.221983 -0.0184222 0.999786 -0.011901 -2.24314 -0.0557825 0.0108575 0.998418 133.221
0.998329 0.0163335 0.055419 -0.148083 -0.0157169 0.999839 -0.0115001 -2.28597 -0.055601 0.0106109 0.998423 134.587
0.9984 0.0146294 0.0547555 -0.0647348 -0.0140827 0.999875 -0.0103252 -2.33223 -0.0549034 0.00953818 0.998481 135.966
0.998416 0.0128024 0.0547921 -0.00930127 -0.0122107 0.999893 -0.0110738 -2.36004 -0.054931 0.0103883 0.998464 137.377
0.998384 0.0118444 0.0557346 0.0291212 -0.0112317 0.999901 -0.0112576 -2.40158 -0.0558663 0.010614 0.998415 138.728
0.998398 0.0109048 0.0555041 0.0861339 -0.0103698 0.999927 -0.00987026 -2.44713 -0.0556106 0.00927994 0.998437 140.101
0.998439 0.00916707 0.0552667 0.141546 -0.00864112 0.999944 -0.00971154 -2.48398 -0.0553565 0.00921943 0.998458 141.48
0.99845 0.00898546 0.0548998 0.195793 -0.00845346 0.999944 -0.00986611 -2.52317 -0.0549884 0.00938783 0.998469 142.859
0.998427 0.0104593 0.0552456 0.252595 -0.00986347 0.999918 -0.0110121 -2.56551 -0.0553602 0.0104505 0.998445 144.243
0.998329 0.0104556 0.0568249 0.282748 -0.00981531 0.999913 -0.0114871 -2.6012 -0.0569432 0.0109111 0.998346 145.624
0.998332 0.00853004 0.0572724 0.332847 -0.00771949 0.999894 -0.0143259 -2.6355 -0.0573925 0.0138605 0.99829 147.006
0.998351 0.00324026 0.057316 0.393805 -0.00234205 0.999904 -0.0156831 -2.66147 -0.0573643 0.015524 0.998261 148.396
0.998408 -0.00451364 0.0564391 0.473714 0.0052819 0.999924 -0.0134302 -2.70708 -0.0563781 0.0137074 0.998353 149.732
0.998373 -0.0106471 0.0560499 0.530463 0.0113771 0.999887 -0.0126636 -2.73984 -0.0559117 0.0132817 0.998378 151.103
0.998373 -0.0139311 0.0555009 0.604195 0.014842 0.999789 -0.0159898 -2.78168 -0.0552703 0.0167879 0.998368 152.484
0.998321 -0.0132095 0.0564915 0.659479 0.014287 0.999757 -0.0186544 -2.83521 -0.0562336 0.0194309 0.998264 153.819
0.998291 -0.0104389 0.057699 0.726395 0.0116105 0.999761 -0.0199652 -2.89583 -0.0574805 0.0206013 0.998173 155.203
0.998251 -0.0110425 0.0581587 0.80765 0.0122228 0.999759 -0.0199227 -2.94667 -0.0579271 0.0205994 0.998144 156.588
0.99812 -0.0146166 0.0597146 0.862937 0.0156535 0.999762 -0.0168886 -2.99212 -0.0594573 0.0177919 0.99811 157.924
0.998026 -0.0206782 0.059381 0.967135 0.0215454 0.999704 -0.013945 -3.04167 -0.0590772 0.0151975 0.998173 159.318
0.997942 -0.0238103 0.0597362 1.0567 0.0246053 0.999646 -0.0125592 -3.0897 -0.0594197 0.0140035 0.998174 160.662
0.997776 -0.0249685 0.061871 1.09732 0.0258049 0.99962 -0.0127009 -3.12838 -0.0615323 0.0142698 0.998039 162.012
0.997696 -0.0228507 0.0640582 1.15805 0.0236888 0.999672 -0.0123111 -3.16481 -0.0637594 0.0138005 0.997909 163.384
0.997654 -0.0192484 0.0657649 1.22674 0.0201033 0.999757 -0.0123111 -3.21502 -0.0655137 0.0136049 0.997795 164.751
0.997561 -0.0154134 0.0682768 1.28846 0.016485 0.999778 -0.0151237 -3.25109 -0.0680322 0.0162126 0.997592 166.113
0.997472 -0.0123858 0.0700473 1.34681 0.0135167 0.999821 -0.0156471 -3.2918 -0.0698426 0.0165548 0.997458 167.468
0.997218 -0.0111335 0.0739027 1.3869 0.0122296 0.999852 -0.0143653 -3.33393 -0.0737356 0.0152293 0.997204 168.834
0.997106 -0.0090749 0.0755582 1.45006 0.010252 0.999867 -0.0151626 -3.36789 -0.0754122 0.0158939 0.997063 170.207
0.997071 -0.00720937 0.076344 1.53576 0.00856871 0.999842 -0.0174631 -3.41612 -0.0762097 0.0180663 0.996972 171.605
0.997108 -0.00389052 0.0759791 1.62379 0.00537151 0.999837 -0.0192564 -3.47388 -0.0758937 0.0196092 0.99696 172.977
0.997065 0.000942239 0.0767848 1.70521 0.000607407 0.999831 -0.0201249 -3.52804 -0.076795 0.0201126 0.996888 174.366
0.996867 0.00623797 0.0789182 1.76472 -0.00477063 0.99985 -0.0187303 -3.57842 -0.0790252 0.0182956 0.996741 175.723
0.996861 0.00952618 0.0788616 1.87675 -0.00829007 0.999874 -0.0159574 -3.64077 -0.0790079 0.0152537 0.996806 177.148
0.996548 0.010915 0.0823711 1.92361 -0.00983885 0.999902 -0.0134254 -3.68556 -0.082511 0.0125689 0.996551 178.512
0.996617 0.00797206 0.0820864 2.02826 -0.00693888 0.99993 -0.0128353 -3.72234 -0.0821873 0.0122224 0.996591 179.909
0.996769 0.00497972 0.0802588 2.14063 -0.00404744 0.999964 -0.011736 -3.77468 -0.0803157 0.0113735 0.996746 181.314
0.9968 0.00513208 0.080054 2.22849 -0.0038791 0.999905 -0.0157707 -3.81966 -0.0801315 0.0154097 0.996714 182.728
0.996703 0.00727428 0.0809233 2.30016 -0.00561671 0.999819 -0.0206529 -3.85911 -0.0810594 0.0201304 0.996553 184.128
0.996599 0.011275 0.0819053 2.38624 -0.00959365 0.999773 -0.0208675 -3.91093 -0.0821263 0.0200106 0.996471 185.544
0.996593 0.0140614 0.0813815 2.49653 -0.0125008 0.999777 -0.0196157 -3.96519 -0.0816398 0.0185316 0.996537 186.902
0.996526 0.0157526 0.0820682 2.593 -0.0144794 0.999804 -0.0160625 -4.01575 -0.0823095 0.0148183 0.996547 188.26
0.996334 0.0161209 0.0841132 2.67657 -0.0150099 0.99984 -0.0137872 -4.06538 -0.0843227 0.0124744 0.996407 189.643
0.996347 0.0157234 0.0842204 2.79196 -0.014692 0.999848 -0.0128275 -4.11638 -0.0844136 0.0115433 0.996415 191.008
0.996339 0.0135393 0.0845018 2.90828 -0.0125688 0.999895 -0.0119654 -4.15972 -0.084656 0.0108596 0.996397 192.471
0.996341 0.0108611 0.0850585 3.01508 -0.00990435 0.999923 -0.0116356 -4.20319 -0.0851826 0.0107505 0.996359 193.906
0.996274 0.00786977 0.0859787 3.12404 -0.00692064 0.999958 -0.011291 -4.24659 -0.086065 0.0106541 0.996279 195.357
0.996238 0.00516079 0.0867695 3.24351 -0.00426109 0.999976 -0.010524 -4.28007 -0.0868257 0.0101147 0.996222 196.825
0.996127 0.00028534 0.0880227 3.35329 0.000533941 1 -0.00924516 -4.3179 -0.0880262 0.00925644 0.996123 198.252
0.996051 -0.00163287 0.0890327 3.47269 0.00254335 0.999987 -0.010084 -4.34569 -0.0890191 0.0102706 0.996027 199.71
0.996067 0.000795539 0.0886941 3.59664 0.00050232 0.99994 -0.0145721 -4.3832 -0.0887009 0.0145595 0.995999 201.151
0.995989 0.00931869 0.0892487 3.70406 -0.00756255 0.999812 -0.0199712 -4.42268 -0.0894218 0.0192159 0.995858 202.593
0.995809 0.017561 0.089884 3.81728 -0.0158426 0.999728 -0.0197631 -4.47601 -0.0902066 0.0182565 0.995806 204.027
0.995441 0.0248087 0.0923689 3.90461 -0.023433 0.999641 -0.0159329 -4.52619 -0.0927344 0.0136957 0.995649 205.473
0.995297 0.0254608 0.0935935 4.02063 -0.024261 0.99966 -0.0139051 -4.56747 -0.0939149 0.0115693 0.995566 206.921
0.995325 0.0241063 0.0937837 4.14801 -0.0229065 0.999685 -0.0138317 -4.60414 -0.0940909 0.0116187 0.995549 208.411
0.995328 0.0205605 0.0944828 4.23217 -0.0193501 0.999772 -0.013682 -4.64948 -0.0947414 0.0117902 0.995485 209.842
0.995411 0.0180744 0.0942241 4.35408 -0.0168697 0.999809 -0.0135518 -4.70087 -0.0944541 0.0119002 0.995512 211.317
0.995296 0.0186927 0.0952132 4.46007 -0.0174506 0.999803 -0.0138331 -4.75148 -0.095452 0.0121069 0.995414 212.783
0.994962 0.0201222 0.0984713 4.53319 -0.0189038 0.999781 -0.0132775 -4.79858 -0.0987187 0.0113491 0.995107 214.242
0.994932 0.0204389 0.0985989 4.66671 -0.0193741 0.999794 -0.011718 -4.85325 -0.0988169 0.00974864 0.995113 215.721
0.994951 0.0196413 0.09867 4.80753 -0.0186237 0.999812 -0.0112095 -4.9078 -0.0988733 0.00931536 0.995113 217.196
0.99503 0.0188032 0.0979141 4.96353 -0.0177017 0.999819 -0.0120793 -4.94897 -0.0981223 0.0102864 0.995175 218.712
0.995139 0.0177278 0.0971278 5.10273 -0.0166425 0.999838 -0.0119586 -4.99542 -0.0973253 0.010284 0.995259 220.184
0.995175 0.0171271 0.0967426 5.24188 -0.0161271 0.999855 -0.0110842 -5.05062 -0.0969174 0.00947083 0.995301 221.676
0.995242 0.0172328 0.0961702 5.38412 -0.0162952 0.999861 -0.0105161 -5.1061 -0.0963389 0.008899 0.995371 223.179
0.995222 0.0170092 0.096294 5.49995 -0.0160613 0.999862 -0.0105868 -5.1474 -0.0964593 0.00898991 0.995352 224.637
0.995361 0.0175586 0.0948593 5.6581 -0.0166471 0.999855 -0.0103783 -5.19616 -0.0950287 0.00875108 0.995496 226.147
0.995449 0.0171371 0.093896 5.81331 -0.0162428 0.999862 -0.0102563 -5.24256 -0.0940573 0.00868468 0.995586 227.702
0.995543 0.0168569 0.0930403 5.94906 -0.0159654 0.999866 -0.0103046 -5.28169 -0.0932023 0.00877332 0.995668 229.188
0.995612 0.0166769 0.0922471 6.09369 -0.0157612 0.999864 -0.0106213 -5.32332 -0.0924104 0.00912087 0.995736 230.731
0.995561 0.0155378 0.093085 6.2155 -0.0145509 0.999877 -0.0112575 -5.35296 -0.0932493 0.00985315 0.995654 232.251
0.995529 0.0150224 0.093409 6.3424 -0.0139951 0.999877 -0.0116195 -5.38474 -0.0935711 0.0102604 0.995615 233.776
0.995429 0.0137782 0.0947563 6.44684 -0.0127569 0.999901 -0.0113609 -5.41425 -0.0949041 0.0101003 0.995495 235.284
0.995392 0.0136118 0.0950845 6.57947 -0.0126492 0.999905 -0.010695 -5.46136 -0.0952199 0.00944305 0.995468 236.817
0.99538 0.0141946 0.0952023 6.72752 -0.0131956 0.999896 -0.0111054 -5.50441 -0.0953511 0.00979789 0.995455 238.358
0.995072 0.0157073 0.0980564 6.8201 -0.0144964 0.999854 -0.0130252 -5.53103 -0.0982454 0.0115397 0.995153 239.852
0.994783 0.0172772 0.100794 6.94236 -0.015992 0.999825 -0.0135392 -5.55753 -0.101011 0.0118566 0.994877 241.283
0.994445 0.0170796 0.104021 7.07964 -0.0159545 0.999848 -0.0116176 -5.59675 -0.104202 0.0098936 0.994565 242.693
0.994026 0.0158605 0.108264 7.20096 -0.0148563 0.999883 -0.0100712 -5.65356 -0.108412 0.00840252 0.994141 244.056
0.993777 0.0169237 0.110243 7.32433 -0.0156831 0.999848 -0.012092 -5.69289 -0.11043 0.0102878 0.993891 245.659
0.993718 0.0172364 0.110851 7.49099 -0.0158768 0.999832 -0.0131326 -5.7416 -0.11106 0.0112899 0.993822 247.182
0.993812 0.017626 0.109829 7.69114 -0.0164073 0.999838 -0.0119734 -5.80658 -0.110021 0.0100973 0.993941 248.752
0.994011 0.0172584 0.108193 7.90194 -0.0162558 0.999861 -0.0101378 -5.8685 -0.108354 0.00831803 0.994151 250.289
0.994069 0.0171249 0.107555 8.07245 -0.0161834 0.999867 -0.0096038 -5.91479 -0.107704 0.007806 0.994215 251.861
0.994131 0.0178126 0.107001 8.25323 -0.0168842 0.999856 -0.0095725 -5.96164 -0.107157 0.0077094 0.994286 253.341
0.994043 0.0192703 0.107435 8.40758 -0.0183519 0.99983 -0.00951335 -5.99958 -0.107599 0.00748472 0.994229 254.92
0.99397 0.0201847 0.108055 8.55353 -0.0192768 0.999812 -0.00943839 -6.03874 -0.108227 0.00729812 0.994173 256.438
0.994035 0.0198747 0.107403 8.72525 -0.0190606 0.999825 -0.00858427 -6.09102 -0.107555 0.00648551 0.994241 257.988
0.994171 0.0188341 0.106445 8.91746 -0.0179985 0.999842 -0.008803 -6.13605 -0.106596 0.00683546 0.994352 259.464
0.994318 0.016508 0.105333 9.10345 -0.015866 0.999894 -0.00691093 -6.19598 -0.105435 0.00520005 0.994475 261.049
0.994302 0.0145387 0.105891 9.26138 -0.0138686 0.999921 -0.00705982 -6.2211 -0.105987 0.00555062 0.994426 262.595
0.994368 0.0135006 0.105303 9.43126 -0.0126552 0.999926 -0.00867263 -6.24604 -0.105412 0.00729079 0.994465 264.157
0.994402 0.0126341 0.10518 9.59072 -0.0116157 0.999921 -0.0102866 -6.27854 -0.105304 0.00900682 0.994472 265.714
0.994066 0.00884915 0.108615 9.68838 -0.00811201 0.999986 -0.00720897 -6.32968 -0.108677 0.00628451 0.994121 267.243
0.994069 0.00634779 0.108837 9.85683 -0.00583123 1.00001 -0.00506291 -6.37713 -0.108873 0.00439772 0.994118 268.811
0.994301 0.00548251 0.106686 10.0618 -0.0049563 1.00002 -0.00517933 -6.42846 -0.106716 0.00462041 0.994344 270.425
0.994684 0.0051717 0.103091 10.298 -0.00469217 1.00002 -0.00489285 -6.48525 -0.103121 0.00438253 0.994728 272.063
0.994413 0.00512492 0.10564 10.4212 -0.00470258 1.00002 -0.0042314 -6.52809 -0.105664 0.00371027 0.99446 273.581
0.994479 0.00682621 0.104957 10.6118 -0.00646256 1.00002 -0.00380636 -6.56921 -0.104987 0.00310648 0.994538 275.171
0.994422 0.0065277 0.105486 10.7701 -0.0063312 1.00002 -0.00218457 -6.62285 -0.105502 0.00150365 0.994483 276.723
0.994241 0.00541293 0.107267 10.9216 -0.00542504 1.00002 -0.00018076 -6.67572 -0.107274 -0.000402774 0.994298 278.276
0.994117 0.00777519 0.108208 11.0795 -0.00763383 0.999993 -0.00170705 -6.69394 -0.108223 0.000870101 0.994185 279.824
0.993892 0.00792307 0.110321 11.223 -0.00774881 1 -0.00201452 -6.72775 -0.110342 0.00114655 0.993961 281.344
0.993716 0.00584924 0.111962 11.369 -0.0056546 1.00001 -0.00204337 -6.76085 -0.111978 0.00139649 0.993769 282.954
0.993548 0.00404844 0.113569 11.582 -0.00383226 1.00002 -0.00212991 -6.7836 -0.113586 0.00168001 0.993595 284.406
0.993537 0.00192005 0.113683 11.7611 -0.0018552 1.00002 -0.0006652 -6.81239 -0.11369 0.000448954 0.993577 286.035
0.993485 0.00154318 0.114183 11.9262 -0.00141772 1.00003 -0.00118694 -6.82994 -0.114194 0.00101647 0.993527 287.591
0.993427 0.000494615 0.114652 12.0882 -7.61159e-05 1.00002 -0.00364354 -6.85566 -0.11466 0.00360986 0.993459 289.142
0.993514 -0.000482407 0.113933 12.2763 0.0011724 1.00001 -0.00599679 -6.88522 -0.113937 0.00609061 0.99354 290.724
0.993532 -0.000740941 0.113729 12.4444 0.00139785 1.00001 -0.00568561 -6.91988 -0.11373 0.00580684 0.993556 292.296
0.9936 -0.000756445 0.113208 12.6165 0.00159923 1.00001 -0.00736422 -6.93095 -0.113208 0.00749697 0.993615 293.871
0.993528 0.000563078 0.113767 12.7712 0.000453877 0.999986 -0.00889969 -6.96124 -0.113774 0.00889267 0.993533 295.436
0.993529 0.00782064 0.113562 12.9253 -0.00640881 0.999931 -0.0128028 -6.99778 -0.11366 0.011991 0.99352 297.001
0.99359 0.00772831 0.112973 13.1015 -0.0064 0.999933 -0.0121039 -7.0497 -0.113062 0.0113021 0.99359 298.641
0.993664 0.00687054 0.112439 13.2685 -0.00560714 0.99995 -0.0115605 -7.10026 -0.112519 0.0108556 0.993663 300.24
0.993843 0.00576512 0.110848 13.4678 -0.00462637 0.999961 -0.0105151 -7.13737 -0.110908 0.00993639 0.99385 301.811
0.993851 0.00735845 0.110749 13.6341 -0.00633239 0.999967 -0.00962533 -7.17312 -0.110822 0.00886365 0.993874 303.409
0.99381 0.00769369 0.111033 13.8133 -0.00663978 0.999957 -0.00984825 -7.21139 -0.111108 0.0090489 0.993837 305.047
0.993833 0.00705002 0.110923 14.0021 -0.00593795 0.999963 -0.0103645 -7.24556 -0.110998 0.00964078 0.993847 306.686
0.993822 0.00565565 0.111046 14.1866 -0.00450261 0.999962 -0.010621 -7.2839 -0.111105 0.0100542 0.993827 308.304
0.993815 0.00406784 0.111228 14.3686 -0.00276984 0.999958 -0.0118335 -7.31745 -0.111277 0.0114512 0.993795 309.925
0.993815 0.00218283 0.111232 14.547 -0.000576709 0.999926 -0.0144587 -7.35298 -0.111259 0.014304 0.99376 311.54
0.993868 0.00167439 0.110822 14.7198 6.42864e-05 0.999909 -0.0156975 -7.39806 -0.110844 0.0156073 0.993787 313.145
0.994325 0.00157013 0.106571 14.8999 0.00015185 0.999901 -0.016136 -7.45899 -0.106589 0.0160596 0.994243 314.694
0.994583 0.00267359 0.104199 15.0756 -0.00109434 0.999917 -0.015224 -7.51261 -0.104237 0.0150264 0.994511 316.364
0.994709 0.00352688 0.102883 15.2566 -0.00237802 0.999966 -0.0112745 -7.57536 -0.102922 0.0109691 0.9947 318.009
0.994631 0.00177113 0.103761 15.4108 -0.00101214 1.00001 -0.00737905 -7.63293 -0.10378 0.00723316 0.994649 319.688
0.994587 0.00142391 0.104113 15.5455 -0.000793365 1.00001 -0.00608519 -7.67395 -0.104126 0.00596839 0.994617 321.298
0.994575 0.000883315 0.104306 15.7052 -0.0001996 1.00001 -0.00657605 -7.71993 -0.104319 0.0065182 0.994598 322.924
0.994709 -0.000871476 0.10295 15.8873 0.00157999 1.00001 -0.00679053 -7.75601 -0.102947 0.00691604 0.994737 324.531
0.99495 -0.000717802 0.100683 16.0727 0.00118504 1.00002 -0.00459233 -7.82278 -0.100687 0.004687 0.994983 326.138
0.994913 -0.000840752 0.100959 16.241 0.00137067 1.00002 -0.00517032 -7.85067 -0.100958 0.00528106 0.994952 327.827
0.994759 0.00190633 0.102542 16.3633 -0.00125204 1.00001 -0.00645658 -7.88073 -0.10256 0.00629286 0.994784 329.473
0.994764 0.00289295 0.102391 16.5253 -0.00211818 1 -0.00766609 -7.90896 -0.102414 0.00740783 0.99479 331.106
0.994786 0.00109709 0.102297 16.7125 -0.000500637 1.00002 -0.00586723 -7.95549 -0.10231 0.00578392 0.994816 332.78
0.994627 5.94427e-05 0.10378 16.8458 0.000411673 1.00003 -0.0045078 -7.99861 -0.103784 0.00452497 0.994668 334.404
0.99457 -0.0012843 0.104379 17.0048 0.00181532 1.00002 -0.00500253 -8.04351 -0.104379 0.00516334 0.994605 336.047
0.994726 -0.000360484 0.102834 17.1841 0.000834571 1.00003 -0.00455531 -8.08302 -0.102837 0.00461568 0.994767 337.685
0.994809 0.00124838 0.102083 17.3483 -0.000605943 1.00002 -0.00633568 -8.12525 -0.102097 0.0062394 0.994836 339.318
0.994918 0.00274659 0.100936 17.5099 -0.0018148 0.999993 -0.00931214 -8.16234 -0.100962 0.00908039 0.994929 340.944
0.994929 0.00411896 0.100829 17.6569 -0.00320942 0.99999 -0.00919347 -8.19784 -0.10087 0.00882166 0.994942 342.572
0.994755 0.00434433 0.102473 17.7884 -0.00365679 1.00001 -0.00688209 -8.23273 -0.102505 0.00646997 0.994794 344.197
0.995037 0.00513285 0.0997212 17.9504 -0.00476639 1.00002 -0.0039266 -8.26801 -0.0997471 0.00343013 0.995089 345.806
0.995278 0.00545323 0.0972038 18.1163 -0.00490279 1.00001 -0.00588329 -8.29008 -0.0972376 0.00537757 0.995331 347.444
0.995504 0.00471097 0.0950001 18.2715 -0.00398323 0.999997 -0.00786722 -8.32138 -0.095041 0.00745209 0.99553 349.054
0.995694 0.00228753 0.0929758 18.426 -0.00158898 1.00001 -0.00756474 -8.35463 -0.0929949 0.00738324 0.995723 350.624
0.995723 0.00126142 0.0928038 18.5556 -0.000516427 1 -0.00806889 -8.38534 -0.0928184 0.00798516 0.995737 352.243
0.995738 0.000701827 0.0925371 18.7014 0.000145052 0.999999 -0.00912334 -8.42439 -0.0925441 0.0090967 0.995752 353.887
0.995755 0.00112342 0.0924562 18.8413 -7.23322e-05 0.999972 -0.0113873 -8.45355 -0.0924704 0.0113311 0.995737 355.512
0.995776 0.00074509 0.0921284 18.9829 0.000348901 0.999971 -0.0118364 -8.49762 -0.0921352 0.0118174 0.995762 357.12
0.995796 -0.000155714 0.0920061 19.1334 0.0013178 0.999956 -0.0125865 -8.53745 -0.0920039 0.0126536 0.995765 358.74
0.995802 0.000359536 0.0918451 19.2774 0.000958046 0.999936 -0.0142777 -8.5729 -0.0918454 0.0143047 0.995756 360.347
0.995782 5.03137e-05 0.0921309 19.4144 0.00132707 0.999924 -0.0149056 -8.62983 -0.0921284 0.0149639 0.995721 361.975
0.9958 -0.00168382 0.0918567 19.5761 0.00301844 0.999931 -0.0143685 -8.68745 -0.0918273 0.0145843 0.995754 363.592
0.99581 -0.000464307 0.091843 19.7219 0.00189108 0.999915 -0.0154658 -8.73369 -0.0918317 0.0155735 0.99574 365.245
0.995841 -0.00217785 0.0914115 19.8684 0.00373249 0.999891 -0.0168186 -8.78304 -0.091366 0.0170888 0.995758 366.844
0.995823 -0.0045955 0.0915764 20.0125 0.00600325 0.999904 -0.0151202 -8.834 -0.0915017 0.0156056 0.99577 368.489
0.995737 -0.00616173 0.0923523 20.14 0.00755936 0.999901 -0.0147707 -8.87835 -0.0922533 0.0154048 0.995704 370.115
0.995628 -0.00571831 0.0936105 20.2517 0.00728578 0.999874 -0.0164281 -8.92065 -0.0935084 0.0170371 0.995561 371.692
0.99561 -0.00561243 0.0937426 20.3995 0.00717576 0.999878 -0.0163285 -8.97863 -0.093641 0.0169283 0.99555 373.274
0.995621 -0.00437664 0.0937662 20.5514 0.0058733 0.999896 -0.0157075 -9.02896 -0.0936914 0.0161883 0.995558 374.92
0.995487 -0.00310062 0.0951654 20.6754 0.00460726 0.999905 -0.0155964 -9.07492 -0.0951094 0.0159632 0.995428 376.539
0.995392 -0.00227375 0.0962325 20.8081 0.00386918 0.999894 -0.0164113 -9.11632 -0.0961887 0.0167069 0.995311 378.156
0.99535 -0.00274339 0.0965981 20.9463 0.00440213 0.999884 -0.0169435 -9.17583 -0.0965419 0.0172888 0.995267 379.763
0.995236 -0.00285553 0.0978325 21.0734 0.0045203 0.999885 -0.0168168 -9.23507 -0.097777 0.0171779 0.99515 381.362
0.995172 -0.00209074 0.0984423 21.2345 0.00380168 0.999883 -0.0171773 -9.28963 -0.0983965 0.0174674 0.995084 383.005
0.995152 0.000365481 0.09873 21.394 0.00142671 0.999873 -0.0180987 -9.33241 -0.0987279 0.0181508 0.995039 384.642
0.995001 0.000954287 0.100188 21.5333 0.000604672 0.999917 -0.0155087 -9.4122 -0.100197 0.0154905 0.994937 386.251
0.995023 0.00151183 0.100012 21.7028 3.73607e-05 0.999918 -0.0155032 -9.46969 -0.100031 0.0154287 0.994955 387.865
0.994921 0.00336634 0.10094 21.8554 -0.00170088 0.9999 -0.01656 -9.51726 -0.100988 0.0163029 0.994845 389.49
0.9949 0.00479299 0.101138 22.0173 -0.00300038 0.999875 -0.0178858 -9.55238 -0.101215 0.0174901 0.994802 391.124
0.995008 0.00478895 0.10004 22.1926 -0.00319069 0.999906 -0.0161129 -9.61751 -0.10011 0.0157118 0.994946 392.703
0.994979 0.00633905 0.10027 22.3444 -0.00471152 0.999893 -0.0164743 -9.66057 -0.100368 0.0159182 0.994915 394.37
0.994881 0.00710109 0.101163 22.4931 -0.00540639 0.999881 -0.0169976 -9.71399 -0.101275 0.0163622 0.994818 396.004
0.994945 0.00725803 0.100541 22.6676 -0.00558118 0.999881 -0.0169638 -9.7658 -0.100656 0.016316 0.994881 397.642
