1 -0.000421211 -1.20373e-05 -0.00685086 0.000421161 1 0.00112654 -0.0105186 1.16175e-05 -0.00112648 1 1.31136
0.999999 -0.00116931 0.000572677 -0.0214879 0.00116864 0.999999 0.00116689 -0.0330551 -0.000574004 -0.0011662 0.999999 2.62893
0.999999 -0.00197304 -0.000269888 -0.0234364 0.0019733 0.999997 0.0013047 -0.0631437 0.000267413 -0.00130508 1 3.96415
0.999999 -0.00178038 0.00103048 -0.0275237 0.00177894 0.999998 0.00139011 -0.0778246 -0.00103288 -0.00138824 0.999999 5.27588
0.999999 -0.00217358 -0.000109952 -0.0309067 0.00217375 0.999996 0.00231957 -0.0705026 0.000105063 -0.00231963 0.999998 6.62041
0.999993 -0.00395549 -6.04915e-05 -0.0388289 0.0039556 0.999987 0.00324354 -0.0956201 4.77499e-05 -0.00324372 0.999995 7.95353
0.999995 -0.00362323 0.000819139 -0.042399 0.00362008 0.999987 0.00369411 -0.102712 -0.000832367 -0.00369093 0.999994 9.27479
0.999994 -0.00381355 -0.000385923 -0.0470442 0.00381367 0.999993 0.000638576 -0.125288 0.000383538 -0.000640022 1 10.6167
1 -0.00120192 0.000494689 -0.0554176 0.00120215 1 -0.00073196 -0.124049 -0.000493542 0.00073274 1 11.9406
1 0.00121037 -0.000101099 -0.0707634 -0.00121077 0.999995 -0.00280621 -0.148784 9.77434e-05 0.00280639 0.999997 13.2896
0.999994 0.00403508 -7.06252e-06 -0.0830696 -0.00403521 0.999988 -0.0030944 -0.15953 -5.10914e-06 0.00309463 0.999997 14.6353
0.999991 0.00439677 0.00115561 -0.0915997 -0.00439461 0.999988 -0.00199244 -0.167281 -0.0011642 0.0019875 0.999998 15.9731
0.999996 0.00339203 0.000908265 -0.0850594 -0.00339232 0.999995 0.000320357 -0.184564 -0.000906852 -0.000323383 1 17.3379
0.999998 -0.000658671 0.00238937 -0.0798777 0.00065198 0.999996 0.00275621 -0.206459 -0.00239094 -0.00275456 0.999995 18.6812
0.999996 -0.0031546 0.00120567 -0.0663383 0.00315357 0.999996 0.000887256 -0.232327 -0.00120809 -0.000883478 1 20.0162
0.999989 -0.00427366 0.00252758 -0.0588864 0.00428065 0.999987 -0.0028186 -0.230785 -0.0025152 0.00282946 0.999994 21.3466
0.999998 -0.00181448 0.00229796 -0.0529911 0.00182565 0.999987 -0.0048676 -0.22724 -0.00228865 0.00487179 0.999988 22.6634
0.999997 0.000434392 0.00308847 -0.0595589 -0.000419466 0.999989 -0.00485882 -0.221881 -0.00309017 0.00485751 0.999985 24.0201
0.99999 0.000626685 0.00513518 -0.0635284 -0.000625146 1 -0.000292863 -0.232742 -0.00513473 0.000289544 0.999991 25.3677
0.999993 -0.00120321 0.00431055 -0.0547684 0.00120009 1 0.000699937 -0.250007 -0.00431098 -0.000694959 0.999993 26.7452
0.999982 -0.00409157 0.00510487 -0.0469372 0.0040926 0.999993 -0.000193107 -0.293006 -0.00510341 0.000213589 0.999991 28.0766
0.999988 -0.00425836 0.00335038 -0.0458267 0.00426433 0.999991 -0.00182703 -0.296081 -0.00334222 0.00184106 0.999995 29.4739
0.999981 -0.00410266 0.00546503 -0.0428792 0.00411524 0.999991 -0.00230026 -0.322651 -0.00545493 0.00232222 0.999988 30.8339
0.999992 -0.00145462 0.00476645 -0.0564475 0.00147223 0.999995 -0.00373836 -0.340396 -0.00476062 0.00374516 0.999986 32.2392
0.99999 -0.00129247 0.00525302 -0.0557695 0.00131617 0.999991 -0.00452553 -0.366514 -0.00524642 0.00453184 0.999982 33.6224
0.999986 -0.00198341 0.00575201 -0.0443475 0.00200504 0.999993 -0.00380075 -0.38814 -0.00574407 0.00381208 0.99998 35.0062
0.999996 -0.00229447 0.00354211 -0.0562712 0.00229878 0.999999 -0.00122875 -0.422835 -0.00353861 0.00123635 1 36.4318
0.999996 -0.0019019 0.0035985 -0.0627329 0.00189609 1 0.00154337 -0.420398 -0.00360106 -0.00153671 0.999996 37.8314
1 0.000945177 0.00244541 -0.0640268 -0.000948439 1 0.00133116 -0.428414 -0.00244354 -0.00133401 1 39.2412
0.999997 0.00250243 0.00316804 -0.0820411 -0.00250816 0.999998 0.00169595 -0.444846 -0.00316336 -0.00170399 0.999997 40.6291
0.999991 0.00390038 0.00396333 -0.0885307 -0.0039079 0.999993 0.00186778 -0.454913 -0.00395544 -0.00188375 0.999998 42.0323
0.999999 0.00298802 0.00202707 -0.0942237 -0.00299485 0.999993 0.00317751 -0.467055 -0.00201715 -0.00318364 0.999997 43.4593
0.999998 0.00198306 0.00356373 -0.100148 -0.00199763 0.999992 0.00404958 -0.484548 -0.00355501 -0.00405715 0.999994 44.8509
1 0.00139662 0.000238228 -0.0919706 -0.00139742 1 0.00151574 -0.508321 -0.000235661 -0.00151607 1 46.2882
1.00001 0.00155162 0.000971013 -0.0936188 -0.00155416 0.999998 0.00240103 -0.517219 -0.000966603 -0.00240303 1.00001 47.6892
1 0.00158689 -0.00154133 -0.105239 -0.00158323 0.999998 0.00264742 -0.529583 0.00154593 -0.00264506 0.999999 49.1176
1 0.00152721 -0.00270956 -0.119972 -0.00151812 0.999995 0.00343781 -0.543003 0.00271557 -0.0034342 1 50.5394
1 0.0019193 -0.00242764 -0.113806 -0.00191111 0.999994 0.00354023 -0.570596 0.00243481 -0.00353564 0.999995 51.947
0.999995 0.00225338 -0.00448553 -0.119258 -0.00223363 0.99999 0.00444354 -0.586135 0.00449626 -0.00443401 0.999991 53.3682
0.999999 0.000712338 -0.00372034 -0.126737 -0.00069386 0.999989 0.00511333 -0.592143 0.00372434 -0.00511071 0.999984 54.797
0.999991 -4.73214e-05 -0.00583962 -0.13412 7.74565e-05 0.999989 0.00520121 -0.606392 0.00583996 -0.00520203 0.999981 56.2373
0.999988 -0.00071901 -0.00602502 -0.150436 0.000748991 0.999989 0.00507179 -0.607165 0.00602169 -0.00507612 0.999974 57.6615
0.999995 -0.00165996 -0.0050421 -0.154857 0.00168575 0.999988 0.00517165 -0.621571 0.00503412 -0.00518056 0.999986 59.0846
0.999986 -0.00280928 -0.00588577 -0.16537 0.00284127 0.999983 0.0055364 -0.631997 0.00587049 -0.00555293 0.999972 60.5178
0.999997 -0.00253437 -0.00405856 -0.16962 0.0025599 0.99998 0.00637373 -0.661996 0.00404292 -0.0063846 0.999984 61.9204
0.999993 -0.00351934 -0.00420756 -0.167958 0.00354544 0.999976 0.0063786 -0.694586 0.00418536 -0.00639334 0.999976 63.3621
0.999989 -0.00506864 -0.00393773 -0.178734 0.00509204 0.999972 0.00606668 -0.691415 0.00390735 -0.00608724 0.999987 64.7878
0.999994 -0.00500141 -0.00148765 -0.198843 0.00500963 0.999972 0.0060857 -0.70272 0.00145753 -0.00609305 0.999986 66.188
1 -0.0038384 -0.00215445 -0.212363 0.00385196 0.999974 0.00657195 -0.711577 0.00212966 -0.00658078 0.99999 67.6117
1.00001 -0.00207723 0.000218414 -0.212837 0.00207478 0.999973 0.0074437 -0.723022 -0.000233545 -0.00744325 0.999977 69.0261
1.00001 7.34543e-05 -0.00107646 -0.228642 -6.56095e-05 0.999972 0.00782656 -0.732393 0.00107746 -0.00782714 0.999983 70.4732
1 0.00416912 0.000258343 -0.242644 -0.0041721 0.999953 0.00907168 -0.751067 -0.000220309 -0.00907264 0.999964 71.8582
0.999979 0.00785421 -8.43863e-06 -0.25381 -0.00785455 0.999926 0.00962091 -0.75794 8.44485e-05 -0.00962118 0.999967 73.2648
0.999949 0.010891 0.000534403 -0.268322 -0.0108962 0.999899 0.00945586 -0.76012 -0.000431033 -0.00946109 0.999961 74.6668
0.999955 0.0102833 0.00226814 -0.273 -0.0103046 0.999908 0.00920455 -0.756716 -0.00217287 -0.00922801 0.999969 76.0937
0.999941 0.0115557 0.00153843 -0.282833 -0.01157 0.999894 0.00919708 -0.759645 -0.00143164 -0.00921434 0.999963 77.4991
0.999957 0.00954751 0.00423905 -0.281852 -0.00958388 0.999923 0.00843691 -0.768314 -0.0041578 -0.0084777 0.999969 78.8876
0.999972 0.0080662 0.00303928 -0.282764 -0.008085 0.999953 0.00599297 -0.754158 -0.00299041 -0.00601737 0.999984 80.2776
0.999987 0.00626796 0.00303022 -0.290642 -0.0062816 0.999976 0.00419077 -0.763469 -0.0030035 -0.00421038 1 81.7068
0.999979 0.00592936 0.00507502 -0.277418 -0.00595298 0.999976 0.00449739 -0.777314 -0.00504779 -0.00452755 0.999983 83.0799
0.999988 0.00603483 0.00323511 -0.272402 -0.00604732 0.999979 0.00355272 -0.805234 -0.00321326 -0.00357285 1 84.5176
0.999983 0.00638983 0.00337215 -0.267671 -0.00640312 0.999977 0.00368256 -0.807401 -0.00334816 -0.00370409 0.999994 85.8925
0.999999 0.00470066 0.00129433 -0.269455 -0.00470512 0.999989 0.00268901 -0.817348 -0.00128133 -0.00269572 1.00001 87.3134
1 0.00355515 0.000358083 -0.276117 -0.00355739 0.999991 0.00374934 -0.833595 -0.000344383 -0.0037506 1 88.6847
1.00001 0.000461606 0.00043951 -0.272913 -0.000464166 0.999998 0.00345289 -0.841418 -0.000437613 -0.00345374 1.00001 90.0701
1.00001 -0.00134103 -0.00102422 -0.270932 0.00134281 0.999999 0.00270431 -0.85389 0.00102094 -0.00270564 1 91.4744
1 -0.00387682 -0.000826314 -0.269097 0.00387795 0.999993 0.00277484 -0.86489 0.000815949 -0.00277863 1.00001 92.845
0.999997 -0.00488779 -0.00108451 -0.280205 0.00488967 0.999988 0.00285665 -0.895053 0.00107092 -0.00286174 1 94.2374
1 -0.00468995 -0.000386892 -0.285545 0.00468983 0.99999 0.00265381 -0.905649 0.000374843 -0.00265625 1.00001 95.5863
0.999997 -0.00510101 -0.00100223 -0.296324 0.0051021 0.999988 0.00236408 -0.935667 0.000990598 -0.00236888 1.00001 96.963
1 -0.0046988 -0.000718597 -0.306562 0.00469913 0.999991 0.00199974 -0.952559 0.000709633 -0.00200365 1.00001 98.3219
0.999998 -0.00501614 -8.22947e-05 -0.324374 0.005015 0.99999 0.00173051 -0.966553 7.40327e-05 -0.00173063 1.00001 99.6947
1 -0.00464532 8.23753e-05 -0.334024 0.00464394 0.999989 0.00314187 -0.990235 -9.65253e-05 -0.00314197 1.00001 101.063
0.999999 -0.00445606 0.00206451 -0.34199 0.00444755 0.999988 0.00348226 -0.998654 -0.0020796 -0.00347266 1 102.401
1 -0.00479377 0.000931967 -0.349423 0.00479007 0.999989 0.00284998 -1.02348 -0.000945162 -0.002846 1.00001 103.767
0.999999 -0.00490892 0.00126827 -0.356514 0.00490611 0.999991 0.00117222 -1.0361 -0.00127366 -0.00116554 1.00001 105.11
0.999999 -0.0050002 0.000879841 -0.373317 0.00499988 0.999992 -0.000762542 -1.05417 -0.000875616 0.000766468 1.00001 106.419
0.999979 -0.00808954 0.000208959 -0.37102 0.00808842 0.999971 -0.000677488 -1.07184 -0.000203013 0.000679474 1.00001 107.779
0.999968 -0.00945712 0.000138439 -0.361649 0.00945622 0.99996 -0.000111939 -1.07683 -0.00013703 0.000112923 1.00002 109.065
0.999947 -0.0114478 0.000840263 -0.365227 0.0114464 0.999938 0.000149579 -1.09958 -0.000841386 -0.0001395 1.00001 110.415
0.999937 -0.0121545 0.0018295 -0.372395 0.012155 0.99993 -0.000770572 -1.13618 -0.00181965 0.000792417 1.00001 111.73
0.999952 -0.0104839 0.00356169 -0.380309 0.0104916 0.999945 -0.00252793 -1.14859 -0.00353445 0.0025657 1 113.049
0.99996 -0.00908561 0.00476193 -0.385855 0.00910089 0.999958 -0.00338985 -1.17579 -0.00473044 0.00343282 1 114.409
0.999965 -0.00706106 0.00699034 -0.390968 0.00708966 0.99997 -0.00425734 -1.19785 -0.0069595 0.00430731 0.999976 115.731
0.999963 -0.0057378 0.00822149 -0.389068 0.00575102 0.999987 -0.00170378 -1.21859 -0.00821104 0.00175083 0.999982 117.09
0.999945 -0.00596471 0.0101215 -0.390398 0.00596046 0.999986 0.000322467 -1.23987 -0.0101228 -0.000261653 0.999959 118.41
0.999945 -0.00590555 0.010152 -0.385394 0.00589337 0.999987 0.00113262 -1.25619 -0.010158 -0.00107299 0.999966 119.774
0.999937 -0.00491058 0.0114531 -0.378682 0.00490551 0.999992 0.000367285 -1.27059 -0.0114543 -0.000310553 0.999944 121.119
0.999916 -0.00359982 0.0135499 -0.371588 0.00360001 0.999999 -6.26003e-05 -1.29248 -0.013549 0.000111186 0.999927 122.439
0.999919 -0.00162881 0.0138089 -0.363174 0.001652 1 -0.00174949 -1.31269 -0.0138056 0.00177266 0.999913 123.821
0.999881 -0.000758891 0.0163138 -0.350161 0.000803276 1 -0.0027715 -1.33302 -0.016311 0.00278406 0.999882 125.155
0.999874 0.000685424 0.0168361 -0.335067 -0.000636283 1 -0.0029879 -1.34958 -0.0168375 0.00297725 0.999864 126.52
0.999844 -1.75332e-05 0.0184335 -0.309794 8.30195e-05 0.999999 -0.00359893 -1.36285 -0.0184327 0.00359972 0.999843 127.857
0.999798 -0.000233407 0.0209304 -0.28589 0.000281256 1 -0.00233662 -1.37577 -0.0209293 0.00234234 0.99979 129.178
0.999792 -0.0017106 0.0210218 -0.265119 0.00175793 1 -0.00228032 -1.40306 -0.0210172 0.00231655 0.999796 130.557
0.99977 -0.00115837 0.0221986 -0.246391 0.00120619 1 -0.00218947 -1.4194 -0.0221954 0.00221604 0.999763 131.878
0.999777 -0.00186679 0.0217155 -0.225953 0.00190717 1 -0.00189081 -1.44443 -0.0217112 0.00193152 0.999782 133.244
0.999788 -0.00399888 0.0210333 -0.201264 0.00405143 0.999994 -0.00250949 -1.46617 -0.0210224 0.0025944 0.999787 134.604
0.999769 -0.00571333 0.0214132 -0.172865 0.00576514 0.999986 -0.00241755 -1.48923 -0.0213983 0.00254009 0.999788 135.924
0.999805 -0.00702986 0.0193369 -0.158886 0.00707873 0.999977 -0.00251793 -1.51124 -0.0193181 0.00265454 0.999821 137.292
0.999795 -0.00971521 0.0186426 -0.137124 0.00975976 0.999956 -0.00237516 -1.53493 -0.0186179 0.00255624 0.999844 138.611
0.999813 -0.0113529 0.0167527 -0.12136 0.0113841 0.999939 -0.001836 -1.55891 -0.0167302 0.0020265 0.99987 139.969
0.9998 -0.0123323 0.016755 -0.10206 0.0123583 0.999929 -0.00153958 -1.56422 -0.0167339 0.0017459 0.999879 141.311
0.999834 -0.0134232 0.0136997 -0.0813181 0.0134396 0.999915 -0.00119654 -1.57756 -0.0136818 0.00138063 0.999918 142.735
0.999846 -0.0136203 0.0125835 -0.0723027 0.013641 0.999912 -0.00168012 -1.58934 -0.0125587 0.00185107 0.999941 144.082
0.999796 -0.0167197 0.0128132 -0.0510678 0.0167794 0.999855 -0.00465967 -1.61352 -0.0127328 0.00487387 0.99992 145.431
0.999736 -0.0212729 0.0106403 -0.0363603 0.0213247 0.999767 -0.00492471 -1.64865 -0.0105324 0.00514981 0.999953 146.789
0.999556 -0.0284188 0.0108048 -0.0083038 0.0284455 0.999599 -0.00244853 -1.67048 -0.0107302 0.00275492 0.999952 148.128
0.999407 -0.0338527 0.00888589 0.0045049 0.0338687 0.999432 -0.00185769 -1.69853 -0.0088174 0.00215699 0.999981 149.516
0.99933 -0.0363158 0.00765221 0.0204631 0.0363407 0.999341 -0.0033297 -1.71913 -0.00752575 0.00360559 0.99998 150.856
0.999324 -0.0361712 0.00913189 0.0214662 0.0362229 0.999334 -0.00575795 -1.74124 -0.00891697 0.00608432 0.999963 152.242
0.999388 -0.0344851 0.0085499 0.0204403 0.0345489 0.999382 -0.00759721 -1.75123 -0.00828226 0.00788794 0.99995 153.593
0.999397 -0.0339356 0.00969346 0.0270443 0.0340138 0.999395 -0.00820658 -1.79234 -0.00940854 0.00853074 0.999941 154.948
0.999272 -0.0373986 0.00982997 0.0343831 0.0374599 0.999286 -0.00627279 -1.81358 -0.00958804 0.0066365 0.999948 156.311
0.999024 -0.0432883 0.0108992 0.054577 0.0433232 0.999063 -0.00315075 -1.83469 -0.0107519 0.0036193 0.999958 157.668
0.998833 -0.0471684 0.0121449 0.0674361 0.047193 0.998892 -0.00187995 -1.8539 -0.0120423 0.00245097 0.999941 159.004
0.998735 -0.0495049 0.011114 0.0859928 0.0495258 0.998779 -0.00177144 -1.8738 -0.0110118 0.00231892 0.99996 160.35
0.998773 -0.0480008 0.0137586 0.098924 0.0480265 0.998852 -0.00166614 -1.88249 -0.0136621 0.00232498 0.999921 161.676
0.99893 -0.0444366 0.0145738 0.103241 0.0444676 0.999017 -0.00192931 -1.90364 -0.0144729 0.00257465 0.999916 163.025
0.999013 -0.0417148 0.0165767 0.0985041 0.0418166 0.999114 -0.0059433 -1.89584 -0.0163134 0.00663076 0.999861 164.378
0.999116 -0.0391126 0.0168636 0.11115 0.0392262 0.999217 -0.00655717 -1.91519 -0.0165931 0.0072122 0.99986 165.752
0.999161 -0.0380231 0.0165287 0.119983 0.038135 0.999257 -0.00660205 -1.90586 -0.0162646 0.00722693 0.999859 167.148
0.999214 -0.0365161 0.0169062 0.1435 0.0366247 0.999317 -0.00625313 -1.91438 -0.0166656 0.00686668 0.999861 168.476
0.999307 -0.0345705 0.0152098 0.128441 0.0347012 0.999368 -0.00851657 -1.93578 -0.0149051 0.00903855 0.999865 169.775
0.999393 -0.0319494 0.0155134 0.131762 0.0321196 0.999432 -0.0109509 -1.95423 -0.0151542 0.0114417 0.999844 171.106
0.999558 -0.0267418 0.0144688 0.130566 0.026919 0.999568 -0.0123148 -1.97239 -0.0141326 0.0126989 0.999838 172.487
0.999652 -0.0227733 0.0150388 0.130869 0.0229463 0.999678 -0.0115389 -1.98833 -0.0147706 0.0118792 0.999845 173.863
0.999667 -0.0206034 0.0168778 0.144582 0.0207703 0.999742 -0.00988233 -2.0161 -0.0166691 0.0102296 0.999828 175.229
0.999696 -0.0206908 0.0151894 0.150903 0.0208104 0.999761 -0.00785874 -2.0351 -0.0150226 0.00817166 0.999878 176.644
0.999639 -0.0230863 0.0153021 0.170795 0.0231839 0.999718 -0.00634224 -2.06004 -0.0151507 0.00669465 0.999882 178.02
0.999636 -0.0249807 0.012536 0.193107 0.0250541 0.999678 -0.00585401 -2.08594 -0.0123852 0.00616516 0.99993 179.404
0.999573 -0.0273754 0.0122365 0.212916 0.0275115 0.999565 -0.0112294 -2.08813 -0.011923 0.0115611 0.999882 180.768
0.999612 -0.02715 0.00964428 0.220251 0.0273014 0.999506 -0.0161087 -2.11449 -0.00920166 0.0163649 0.999849 182.148
0.999683 -0.0250124 0.00737356 0.240192 0.0251506 0.9995 -0.0195297 -2.14524 -0.00688071 0.0197087 0.999802 183.529
0.999739 -0.0224015 0.00856944 0.24166 0.0225596 0.999573 -0.0190143 -2.18798 -0.00813933 0.0192019 0.999808 184.89
0.999778 -0.0207124 0.00797546 0.255122 0.0208443 0.999645 -0.0170216 -2.23035 -0.0076194 0.0171839 0.999844 186.314
0.999753 -0.0210605 0.0102602 0.25701 0.0212066 0.999679 -0.0145086 -2.27717 -0.00995094 0.0147219 0.999868 187.687
0.999742 -0.0224929 0.00769626 0.29152 0.0226016 0.999646 -0.0145513 -2.29728 -0.00736561 0.0147213 0.999886 189.125
0.999707 -0.0241935 0.00757262 0.304395 0.0243007 0.999607 -0.0146213 -2.33878 -0.00721545 0.0148003 0.999891 190.541
0.9997 -0.0250194 0.00475799 0.319508 0.0250877 0.999577 -0.0152403 -2.39267 -0.00437398 0.0153549 0.999893 191.923
0.99978 -0.0222976 0.000519185 0.325376 0.0223014 0.999634 -0.0159202 -2.47302 -0.000163668 0.0159276 0.9999 193.39
0.999737 -0.0239305 0.00154269 0.331215 0.0239489 0.999615 -0.0145656 -2.51903 -0.00119285 0.0145984 0.999914 194.781
0.999666 -0.0269095 -0.000288164 0.34582 0.0269016 0.99956 -0.0133156 -2.57355 0.000646717 0.0133027 0.999937 196.249
0.999622 -0.0283677 0.000564467 0.34257 0.0283707 0.999538 -0.0116402 -2.6319 -0.000233311 0.0116515 0.999954 197.646
0.999665 -0.0269546 -0.000676938 0.32864 0.0269394 0.99953 -0.0153166 -2.66829 0.00108982 0.0152927 0.999909 199.091
0.999825 -0.019974 -0.000507798 0.307655 0.01996 0.999645 -0.0181393 -2.68881 0.000870618 0.0181256 0.999856 200.52
0.999951 -0.012364 -0.00138095 0.287103 0.0123393 0.99981 -0.015764 -2.68065 0.00157593 0.0157457 0.999901 201.899
1 -0.00652686 -0.00158728 0.247637 0.00650449 0.999904 -0.0129473 -2.70371 0.00167226 0.0129369 0.999936 203.381
1.00001 -0.00551262 -0.000764197 0.235576 0.00550412 0.999954 -0.00906193 -2.73472 0.000814433 0.00905749 0.999985 204.816
0.999997 -0.0071916 -0.00240615 0.22827 0.00716837 0.999943 -0.00897609 -2.76644 0.00247117 0.00895867 0.999978 206.282
0.99998 -0.00953951 -0.00269448 0.245291 0.0095105 0.999915 -0.0100683 -2.79914 0.0027906 0.010042 0.999973 207.739
0.999958 -0.0111126 -0.00362597 0.252541 0.0110704 0.999887 -0.0110916 -2.82619 0.00374948 0.0110507 0.999954 209.162
0.999964 -0.0101846 -0.00542042 0.236205 0.0101224 0.999896 -0.0111389 -2.85166 0.00553348 0.0110833 0.999951 210.629
0.999966 -0.0100256 -0.00457589 0.217249 0.00997316 0.999899 -0.0110716 -2.88999 0.00468714 0.0110253 0.999951 212.059
0.999972 -0.00906039 -0.00597014 0.194287 0.00899626 0.999914 -0.0104684 -2.92558 0.00606478 0.010414 0.999956 213.545
0.999958 -0.00993922 -0.00626007 0.175939 0.0098705 0.999904 -0.0106862 -2.96586 0.00636654 0.0106236 0.999946 215.021
0.999968 -0.0099212 -0.005332 0.169155 0.00985882 0.999897 -0.0113735 -2.99962 0.00544451 0.0113201 0.999949 216.462
0.999954 -0.0098638 -0.00700915 0.145609 0.00978281 0.999898 -0.0112887 -3.03556 0.00712061 0.0112193 0.999934 217.959
0.999958 -0.0106939 -0.00608387 0.139986 0.0106218 0.999887 -0.0115784 -3.07278 0.00620715 0.0115128 0.999942 219.402
0.999931 -0.0113398 -0.00804184 0.118314 0.0112426 0.999877 -0.011845 -3.10949 0.00817599 0.0117534 0.999921 220.924
0.999937 -0.0118428 -0.00726509 0.104377 0.0117538 0.999869 -0.0120014 -3.14734 0.0074064 0.0119147 0.999929 222.384
0.999919 -0.0115859 -0.00918627 0.0982464 0.011469 0.999866 -0.0125164 -3.17398 0.00933082 0.0124095 0.999903 223.904
0.999932 -0.0105246 -0.00967446 0.0756444 0.0104057 0.999883 -0.0121358 -3.20315 0.00980104 0.0120338 0.999908 225.389
0.99992 -0.0112563 -0.00958041 0.0469848 0.0111282 0.999861 -0.013154 -3.24997 0.00972793 0.0130459 0.999891 226.89
0.999898 -0.0109192 -0.0123495 0.0171786 0.0107621 0.999873 -0.0126115 -3.29717 0.0124858 0.0124768 0.999873 228.413
0.999884 -0.0109743 -0.0130292 -0.0198896 0.0107986 0.999863 -0.0133746 -3.3525 0.0131753 0.0132319 0.99985 229.916
0.999867 -0.0111201 -0.0145552 -0.0380609 0.0109159 0.999854 -0.0139433 -3.39216 0.0147083 0.013782 0.999826 231.417
0.999855 -0.0118932 -0.0143864 -0.0691276 0.0117052 0.999858 -0.0129792 -3.42961 0.0145399 0.0128085 0.999837 232.909
0.999876 -0.012112 -0.0132308 -0.098873 0.0119444 0.99986 -0.0125731 -3.45857 0.0133812 0.0124128 0.999863 234.399
0.999861 -0.0116224 -0.0142365 -0.127724 0.0114392 0.999864 -0.0127706 -3.4941 0.0143841 0.0126054 0.999844 235.904
0.999883 -0.0123276 -0.0124986 -0.153965 0.0121687 0.999858 -0.0125884 -3.53307 0.0126519 0.012434 0.999873 237.402
0.999866 -0.0113285 -0.0141759 -0.190858 0.0111501 0.999871 -0.0124902 -3.55295 0.0143169 0.0123299 0.999848 238.969
0.999874 -0.012089 -0.0135053 -0.222342 0.0119387 0.999879 -0.0110424 -3.59365 0.013637 0.0108789 0.999879 240.478
0.999863 -0.0127944 -0.0131362 -0.252258 0.0126595 0.999879 -0.0101799 -3.61519 0.0132662 0.0100118 0.999889 241.979
0.999843 -0.0126924 -0.015152 -0.288633 0.0124925 0.999847 -0.0131217 -3.65555 0.0153161 0.0129295 0.999831 243.534
0.999865 -0.0124857 -0.0133143 -0.313256 0.0122969 0.999837 -0.0140548 -3.69399 0.0134888 0.0138888 0.999841 245.041
0.999873 -0.0106519 -0.0147074 -0.366512 0.0104411 0.999855 -0.0142385 -3.72595 0.0148569 0.0140824 0.999822 246.587
0.999851 -0.0118142 -0.0149197 -0.399407 0.0116142 0.999855 -0.01333 -3.73671 0.0150762 0.0131543 0.999828 248.148
0.999876 -0.0101227 -0.0148894 -0.436217 0.00993897 0.999887 -0.0122641 -3.76685 0.0150117 0.0121137 0.999846 249.658
0.999853 -0.010179 -0.0160245 -0.463101 0.00998629 0.99989 -0.0119678 -3.80341 0.0161457 0.0118055 0.999829 251.197
0.999884 -0.00942496 -0.0148281 -0.499362 0.00925249 0.999902 -0.0115631 -3.83948 0.0149353 0.0114236 0.999856 252.708
0.999848 -0.0094233 -0.0168788 -0.515269 0.0092334 0.999907 -0.0112106 -3.86397 0.0169839 0.0110526 0.999825 254.251
0.999874 -0.00935029 -0.0155267 -0.546499 0.00918202 0.999911 -0.0107822 -3.89303 0.0156258 0.0106373 0.999855 255.764
0.999837 -0.0104094 -0.0170343 -0.575326 0.010232 0.999906 -0.0103738 -3.93141 0.0171416 0.0101972 0.999831 257.312
0.999816 -0.0124216 -0.0170383 -0.601448 0.0122587 0.999892 -0.00954083 -3.95391 0.0171545 0.009329 0.999843 258.845
0.999756 -0.0169475 -0.0165212 -0.592743 0.0168282 0.999845 -0.00722325 -3.97667 0.016642 0.00694285 0.999868 260.386
0.99973 -0.0171284 -0.0179913 -0.615939 0.0169937 0.99984 -0.00752664 -4.00412 0.0181169 0.00721765 0.999844 261.923
0.999725 -0.0185702 -0.0166802 -0.644884 0.018436 0.99981 -0.00805502 -4.02632 0.0168275 0.0077447 0.999859 263.44
0.999697 -0.019514 -0.0173557 -0.66132 0.0193971 0.999801 -0.00677933 -4.0503 0.017484 0.00643944 0.999861 264.979
0.999666 -0.0224064 -0.0154524 -0.696135 0.0223068 0.999743 -0.00646178 -4.06676 0.015594 0.00611436 0.99989 266.55
0.999667 -0.0239005 -0.0131904 -0.722606 0.0237984 0.999699 -0.00770288 -4.10388 0.0133701 0.00738521 0.999918 268.071
0.999649 -0.0243625 -0.0135768 -0.745513 0.0242511 0.999685 -0.00816584 -4.13554 0.0137724 0.00783317 0.999906 269.606
0.9997 -0.0235912 -0.0111501 -0.775147 0.0234988 0.999702 -0.00818841 -4.16564 0.0113396 0.00792264 0.99994 271.144
0.999751 -0.0214271 -0.0107927 -0.797378 0.0213341 0.999749 -0.00848057 -4.20527 0.0109728 0.00824769 0.999937 272.688
0.999819 -0.0199182 -0.00689557 -0.824232 0.0198709 0.999793 -0.00661459 -4.25337 0.00702572 0.00647506 0.99999 274.199
0.999876 -0.0176587 -0.00390113 -0.849103 0.0176355 0.999843 -0.00542445 -4.29376 0.00399753 0.00535464 1.00001 275.743
0.999871 -0.0182114 -0.00305908 -0.867317 0.0181915 0.99983 -0.00587061 -4.32859 0.00316534 0.00581297 1.00001 277.295
0.999881 -0.0177849 0.000185381 -0.87869 0.0177836 0.999836 -0.00609244 -4.35774 -7.56759e-05 0.0060947 1.00001 278.818
0.999874 -0.018303 -0.000354817 -0.884171 0.0182988 0.999826 -0.00620575 -4.37691 0.000468343 0.00619699 1.00002 280.367
0.999863 -0.0187504 0.0011967 -0.894892 0.0187559 0.999814 -0.00675778 -4.40462 -0.00106842 0.00677895 1.00001 281.878
0.999819 -0.0205116 0.00484422 -0.895308 0.0205394 0.999783 -0.00611336 -4.43874 -0.00471764 0.00621021 1.00001 283.388
0.999813 -0.0210518 0.00301385 -0.913564 0.0210668 0.999774 -0.00581252 -4.46144 -0.00288945 0.00587457 1.00001 284.937
0.999783 -0.0221153 0.00544973 -0.905554 0.0221568 0.999736 -0.00799251 -4.48868 -0.00527138 0.00810975 0.99999 286.461
0.999803 -0.0215656 0.00278161 -0.904633 0.0215856 0.999747 -0.00821598 -4.52249 -0.00260234 0.00827379 0.999996 288.023
0.999808 -0.0214686 0.00248845 -0.913642 0.0214831 0.999761 -0.00669459 -4.53942 -0.00234398 0.00674498 1.00001 289.555
0.999782 -0.0225093 0.00290947 -0.914682 0.022522 0.999746 -0.00521644 -4.55596 -0.00278992 0.00528021 1.00002 291.103
0.9998 -0.0219768 0.000334142 -0.919569 0.0219764 0.99976 -0.00496706 -4.58567 -0.000224774 0.00497162 1.00002 292.681
0.999829 -0.0205121 0.000952201 -0.920961 0.0205144 0.999791 -0.00500278 -4.60623 -0.00084804 0.00502081 1.00002 294.221
0.999839 -0.0201433 -0.00111186 -0.929778 0.0201362 0.999801 -0.00458397 -4.628 0.00120399 0.00455904 1.00003 295.812
0.999825 -0.020573 -0.0029282 -0.94844 0.0205572 0.999792 -0.00458699 -4.64954 0.00302327 0.00452539 1.00002 297.387
0.99984 -0.0200613 -0.00172612 -0.949786 0.0200539 0.999809 -0.00315855 -4.67208 0.00178915 0.00312168 1.00003 298.922
0.99985 -0.0192273 -0.0037271 -0.964 0.019218 0.999827 -0.00195999 -4.68459 0.00376537 0.00188753 1.00003 300.517
0.999868 -0.0186433 -0.00136032 -0.969192 0.0186395 0.99984 -0.00152128 -4.70601 0.0013884 0.00149405 1.00004 302.079
0.99987 -0.0183827 -0.00227924 -0.992401 0.0183762 0.999843 -0.00196542 -4.72249 0.00231631 0.00192272 1.00003 303.678
0.999839 -0.019998 -0.00272459 -0.991198 0.0199968 0.999815 0.000159506 -4.72854 0.00272087 -0.000215442 1.00003 305.247
0.999803 -0.0218545 0.000332457 -0.978841 0.0218527 0.999775 -0.000939236 -4.74981 -0.000310551 0.000945839 1.00003 306.82
0.999805 -0.021856 -0.000346656 -0.980644 0.0218536 0.999774 -0.001749 -4.77951 0.000384592 0.00173965 1.00004 308.417
0.999798 -0.0221329 0.000810786 -0.987296 0.022133 0.999765 -0.00296066 -4.79556 -0.000743705 0.00297749 1.00003 310.017
0.99981 -0.0215087 -0.00220396 -0.990259 0.0215003 0.999779 -0.00304137 -4.8124 0.00226865 0.00299191 1.00003 311.621
0.99982 -0.0206355 -0.0045301 -1.00396 0.0206191 0.999797 -0.00317781 -4.83038 0.00459607 0.00308329 1.00002 313.223
0.99986 -0.0188842 -0.00348527 -1.02648 0.0188819 0.999837 -0.000188484 -4.83075 0.00348804 0.000121224 1.00003 314.847
0.999816 -0.0209824 -0.00387031 -1.02554 0.0209892 0.999792 0.00227684 -4.83979 0.00382299 -0.00235806 1.00003 316.495
0.999797 -0.022141 -0.00252342 -1.04155 0.0221454 0.999766 0.00244883 -4.85195 0.00246845 -0.00250566 1.00003 318.117
0.999794 -0.0220394 -0.00372386 -1.04834 0.022049 0.999767 0.00315785 -4.89764 0.00365466 -0.00323968 1.00002 319.777
0.999775 -0.0231057 -0.00241595 -1.05081 0.023111 0.999743 0.00293856 -4.91467 0.00234737 -0.0029951 1.00003 321.401
0.999773 -0.0230246 -0.00332417 -1.05783 0.0230347 0.999743 0.00366692 -4.92212 0.00324023 -0.00374306 1.00002 323.036
0.999786 -0.0225054 -0.00344241 -1.05959 0.0225155 0.999756 0.00343004 -4.92465 0.00336433 -0.00350818 1.00003 324.686
0.999786 -0.0227139 -0.000738 -1.07615 0.0227139 0.999753 0.00297807 -4.92945 0.000671602 -0.0029947 1.00003 326.306
0.999796 -0.0223174 -0.00127024 -1.08156 0.0223188 0.999763 0.00251715 -4.94085 0.00121375 -0.0025463 1.00004 327.942
0.999774 -0.0232333 0.00128344 -1.08855 0.0232242 0.999732 0.00516918 -4.94666 -0.00140173 -0.00513866 1.00002 329.562
0.999707 -0.0260098 0.000902876 -1.08952 0.0260027 0.999663 0.00540332 -4.94118 -0.00104309 -0.00537957 1.00003 331.222
0.999686 -0.0267872 0.000993661 -1.0882 0.0267798 0.999645 0.00486443 -4.93281 -0.00112221 -0.00483684 1.00003 332.828
0.99969 -0.0264703 0.00323578 -1.09626 0.0264481 0.999646 0.00618171 -4.92796 -0.00339818 -0.00609548 1.00002 334.445
0.999719 -0.0254735 0.00184658 -1.09496 0.025463 0.999682 0.00438469 -4.91689 -0.00195623 -0.00433703 1.00003 336.064
0.999781 -0.022875 0.0027667 -1.10568 0.0228642 0.999749 0.00331979 -4.95792 -0.00284175 -0.00325724 1.00003 337.656
0.999805 -0.0218919 0.00119079 -1.11393 0.0218832 0.999762 0.00531033 -4.95457 -0.00130534 -0.00528383 1.00002 339.281
0.999824 -0.0211112 0.000588034 -1.12148 0.0211037 0.999753 0.0088527 -4.96457 -0.000774619 -0.00884 1 340.893
0.999838 -0.0203227 0.000780177 -1.12877 0.0203108 0.999748 0.0110515 -4.96447 -0.00100313 -0.0110343 0.999976 342.476
0.999852 -0.0196891 -0.00148533 -1.13567 0.0197028 0.999761 0.0109828 -4.97076 0.00126888 -0.0110117 0.999982 344.092
0.999853 -0.0194381 -0.00249148 -1.14503 0.0194611 0.999771 0.0104301 -4.98975 0.00228958 -0.0104776 0.99998 345.709
0.999833 -0.0200181 -0.00532442 -1.15409 0.0200777 0.999745 0.0116596 -4.9778 0.00508972 -0.0117658 0.999961 347.321
0.999803 -0.0210265 -0.00654119 -1.15553 0.0211084 0.999708 0.0130287 -4.96611 0.00626667 -0.0131647 0.999932 348.928
0.99981 -0.0209476 -0.00609101 -1.17897 0.0210245 0.999708 0.0130905 -5.00492 0.0058151 -0.0132173 0.999938 350.49
0.999789 -0.021335 -0.00771929 -1.2057 0.0214349 0.999696 0.0133664 -5.00981 0.0074331 -0.0135295 0.99992 352.117
0.999794 -0.0215043 -0.00692017 -1.21821 0.0215936 0.999693 0.0133163 -4.99552 0.00663178 -0.0134641 0.999931 353.692
0.999769 -0.0222493 -0.00780942 -1.23525 0.0223541 0.999669 0.013888 -4.98991 0.0074991 -0.0140597 0.999912 355.306
0.999761 -0.0226891 -0.00780007 -1.25303 0.022794 0.999659 0.0138221 -4.98671 0.00748389 -0.0139976 0.999918 356.896
0.999763 -0.022765 -0.00711496 -1.27272 0.0228568 0.999664 0.0133873 -4.98599 0.00680912 -0.0135471 0.999924 358.468
0.999752 -0.0229259 -0.00824164 -1.29232 0.0230387 0.99965 0.0140478 -4.98838 0.0079168 -0.0142352 0.999912 360.098
0.999743 -0.0234539 -0.0076818 -1.30914 0.023555 0.999644 0.0136184 -4.98435 0.007361 -0.0137963 0.999918 361.666
0.99971 -0.024472 -0.00889863 -1.32934 0.0245892 0.999621 0.013474 -4.99018 0.0085656 -0.01369 0.999915 363.286
0.999658 -0.0263533 -0.00924609 -1.34605 0.0264846 0.999556 0.014628 -4.97098 0.0088578 -0.0148684 0.99989 364.885
0.99963 -0.0276864 -0.00840615 -1.36201 0.0278183 0.999497 0.0162039 -4.97047 0.00795336 -0.0164329 0.999879 366.463
0.999593 -0.0282774 -0.0104371 -1.38351 0.0284362 0.999487 0.0156249 -4.97423 0.0099912 -0.0159159 0.999863 368.098
0.999622 -0.0276995 -0.00933399 -1.40503 0.0278426 0.999503 0.0157484 -4.96273 0.00889321 -0.0160034 0.999879 369.681
0.999638 -0.0265273 -0.0108584 -1.43196 0.0267098 0.999509 0.0172379 -4.94914 0.0103971 -0.0175222 0.999833 371.301
0.999671 -0.0257124 -0.00982104 -1.46169 0.0258882 0.999511 0.0183934 -4.94601 0.0093434 -0.0186426 0.99983 372.895
0.999654 -0.0258332 -0.0110657 -1.48194 0.0260373 0.999496 0.0189354 -4.96275 0.0105723 -0.0192175 0.9998 374.521
0.999649 -0.0259172 -0.0113711 -1.50573 0.0261251 0.999499 0.0186798 -4.9516 0.0108814 -0.0189713 0.999809 376.128
0.999678 -0.0254801 -0.00961905 -1.53456 0.0256554 0.999508 0.0188198 -4.94022 0.00913613 -0.019061 0.999817 377.712
0.999705 -0.0239052 -0.010938 -1.56131 0.0241153 0.999531 0.0196374 -4.90004 0.0104635 -0.0198963 0.999796 379.345
0.999741 -0.0229445 -0.00953466 -1.59127 0.0231321 0.999541 0.020281 -4.89825 0.00906631 -0.0204968 0.99979 380.944
0.999764 -0.0216244 -0.0103151 -1.61491 0.0218339 0.99956 0.0207988 -4.87768 0.0098609 -0.0210199 0.999779 382.575
0.999768 -0.0211859 -0.0106985 -1.64853 0.0214076 0.99956 0.0212466 -4.8739 0.010245 -0.0214712 0.999758 384.24
0.999806 -0.0203206 -0.00885883 -1.67387 0.0205044 0.999577 0.0213415 -4.8631 0.00842155 -0.0215199 0.999782 385.828
0.999831 -0.0176731 -0.011208 -1.70557 0.017918 0.999605 0.0223185 -4.84797 0.0108105 -0.0225161 0.999729 387.472
0.999867 -0.0168585 -0.00937992 -1.73308 0.017073 0.999595 0.0234126 -4.82948 0.0089816 -0.0235706 0.999731 389.064
0.999865 -0.0152031 -0.0117685 -1.76949 0.0154873 0.999592 0.0246069 -4.80982 0.0113909 -0.0247863 0.999669 390.722
0.999859 -0.0149371 -0.0128021 -1.80719 0.0152439 0.999603 0.0243023 -4.75747 0.0124341 -0.0244949 0.999672 392.387
0.999848 -0.0161774 -0.0119127 -1.84148 0.0164657 0.999575 0.0246795 -4.7527 0.0115097 -0.0248724 0.999667 394.014
