1 0 0 0 0 1 0 0 0 0 1 0
0.999991 -0.00253367 -0.00300822 -0.00477469 0.00252881 0.999996 -0.00161709 -0.00209254 0.00301235 0.00160938 0.999994 0.687614
0.999975 -0.00240051 -0.00675682 -0.0138699 0.00238713 0.999995 -0.00198992 -0.00126152 0.00676163 0.00197371 0.999976 1.38134
0.99994 -0.0025062 -0.0106311 -0.023879 0.00247488 0.999993 -0.00295853 -0.0129189 0.0106386 0.00293194 0.999939 2.13146
0.999882 -0.00194634 -0.0153201 -0.0427841 0.00190168 0.999994 -0.00292443 -0.015849 0.0153258 0.00289494 0.99988 2.85835
0.999797 -0.00326635 -0.019858 -0.0652312 0.00320036 0.99999 -0.00335207 -0.0311569 0.0198689 0.00328767 0.999797 3.61341
0.999705 -0.00229579 -0.0242352 -0.0922012 0.00220842 0.999991 -0.00362959 -0.032754 0.0242435 0.00357498 0.999701 4.37203
0.999568 0.000499591 -0.0294016 -0.130205 -0.000648217 0.999988 -0.00504373 -0.0651394 0.0293988 0.00506039 0.999556 5.16157
0.999428 0.00190987 -0.0338173 -0.153767 -0.00202719 0.999992 -0.00343278 -0.093581 0.0338106 0.00349935 0.999424 5.98523
0.999274 0.00228704 -0.038098 -0.188065 -0.00239384 0.999993 -0.00275572 -0.100073 0.0380916 0.00284472 0.999272 6.7849
0.999137 0.00251744 -0.0415097 -0.218995 -0.00260192 0.999994 -0.0019788 -0.109605 0.0415046 0.00208514 0.999138 7.5923
0.9991 -0.000468471 -0.0424705 -0.259861 0.000371911 0.999997 -0.00227813 -0.0749745 0.0424715 0.00226001 0.999097 8.41055
0.999004 -0.000271001 -0.0447088 -0.299522 0.000168678 0.999997 -0.00228609 -0.0759574 0.0447092 0.00227615 0.999001 9.23264
0.998902 -0.00133933 -0.0468836 -0.331212 0.0012153 0.999995 -0.00266954 -0.0752974 0.046887 0.00260936 0.998899 10.073
0.998801 -0.00243241 -0.0489862 -0.373624 0.00232903 0.999995 -0.00215965 -0.0678435 0.0489911 0.00204284 0.998801 10.9207
0.99875 -0.00328046 -0.0499554 -0.418866 0.00320412 0.999993 -0.00160146 -0.0932447 0.0499603 0.00143905 0.998753 11.7772
0.99867 -0.0018296 -0.0516429 -0.467303 0.0016904 0.999994 -0.002732 -0.0966534 0.0516476 0.00264085 0.998667 12.633
0.998618 -0.00209599 -0.0526011 -0.517502 0.00183082 0.999985 -0.00508249 -0.0974012 0.052611 0.00497882 0.998607 13.5096
0.998595 0.000797269 -0.0531089 -0.578978 -0.00114979 0.999977 -0.00660081 -0.100732 0.0531023 0.00665236 0.998572 14.3899
0.9985 0.0010255 -0.0548419 -0.633231 -0.00134926 0.999982 -0.00586177 -0.11061 0.0548349 0.00592657 0.998484 15.2802
0.998461 -0.000336942 -0.0555702 -0.672373 5.7129e-05 0.999987 -0.00503067 -0.122543 0.0555711 0.00501942 0.998448 16.2013
0.998519 -0.000291935 -0.0545154 -0.725009 5.37514e-05 0.999991 -0.00436512 -0.134335 0.0545162 0.00435527 0.99851 17.1294
0.99846 -0.000267134 -0.0556031 -0.780598 0.000104426 0.999995 -0.00292313 -0.155008 0.0556036 0.00291244 0.998454 18.0358
0.998429 0.000495441 -0.0561695 -0.831457 -0.000703396 0.999993 -0.00367649 -0.152954 0.0561673 0.00370971 0.998422 18.9348
0.99838 -0.000885418 -0.0570218 -0.889688 0.00065926 0.999992 -0.00397889 -0.16242 0.0570247 0.00393441 0.998371 19.8631
0.998346 -0.00125749 -0.0576263 -0.941974 0.0011042 0.999996 -0.0026842 -0.173134 0.0576296 0.00261567 0.998342 20.7827
0.998409 -0.000309009 -0.0565277 -1.00754 0.000324615 1 0.000272457 -0.17297 0.0565276 -0.00029083 0.998407 21.7091
0.998404 -4.72066e-05 -0.0566258 -1.06497 0.000262384 0.999993 0.00380086 -0.180545 0.0566253 -0.00381009 0.998396 22.646
0.998489 -0.00044387 -0.0550771 -1.11557 0.000779008 0.999981 0.00606898 -0.186971 0.0550734 -0.00610316 0.998469 23.5854
0.998647 -0.000677288 -0.0521605 -1.16581 0.00104159 0.999975 0.00696671 -0.183957 0.0521547 -0.00701205 0.998622 24.5337
0.998789 -0.000844074 -0.0493528 -1.21783 0.00106842 0.999989 0.00452596 -0.206503 0.0493484 -0.00457362 0.998777 25.466
0.998919 -0.0011956 -0.0466632 -1.26872 0.0011933 1 -6.49438e-05 -0.212477 0.0466634 8.65654e-06 0.998919 26.4308
0.998946 -0.00155287 -0.0460615 -1.31109 0.00148781 0.999998 -0.00143926 -0.222476 0.0460638 0.00136886 0.998944 27.3898
0.998979 -0.00345165 -0.045238 -1.3594 0.00344616 0.999995 -0.000183882 -0.234658 0.0452386 2.72578e-05 0.998985 28.362
0.99907 -0.00406183 -0.0431207 -1.40502 0.00424622 0.999982 0.00419357 -0.231547 0.043103 -0.00437316 0.999067 29.3789
0.999042 -0.00795776 -0.043256 -1.45443 0.00822979 0.999948 0.00613259 -0.211038 0.0432052 -0.00648324 0.999054 30.3882
0.99893 -0.0149476 -0.0439788 -1.49029 0.0152678 0.999858 0.00696307 -0.211521 0.0438688 -0.0076275 0.999015 31.3655
0.998933 -0.013693 -0.0443325 -1.53389 0.013953 0.999888 0.0055793 -0.216421 0.0442514 -0.00619246 0.99901 32.3436
0.998852 -0.0127399 -0.0464339 -1.58141 0.0129718 0.999904 0.00470627 -0.202426 0.0463697 -0.00530359 0.99892 33.3192
0.998758 -0.0138354 -0.0480635 -1.62909 0.0140126 0.999897 0.00337129 -0.175322 0.0480121 -0.00404115 0.998848 34.3472
0.998809 -0.0137962 -0.0470488 -1.66659 0.0140543 0.999887 0.00516517 -0.172799 0.0469726 -0.00582072 0.998889 35.3812
0.998726 -0.0129301 -0.048992 -1.72371 0.0132414 0.999894 0.00605367 -0.16219 0.0489087 -0.00669524 0.998791 36.3741
0.998766 -0.0123636 -0.0483534 -1.77647 0.0126801 0.999899 0.00625225 -0.181793 0.0482716 -0.00685817 0.998821 37.4145
0.998698 -0.0115906 -0.0499277 -1.82581 0.0120028 0.999895 0.00798406 -0.176807 0.0498303 -0.0085734 0.998732 38.4079
0.998682 -0.0124864 -0.0500628 -1.87676 0.0129758 0.999869 0.00946688 -0.172165 0.0499384 -0.0101045 0.998713 39.4162
0.998712 -0.0117835 -0.0496277 -1.93736 0.0122851 0.999875 0.00983588 -0.144851 0.0495062 -0.0104334 0.998731 40.4265
0.998668 -0.0115451 -0.0505527 -1.9935 0.0120634 0.999875 0.00996432 -0.150924 0.0504319 -0.0105614 0.998683 41.41
0.99867 -0.010572 -0.0507324 -2.04222 0.0110967 0.999886 0.0100895 -0.152686 0.0506206 -0.0106395 0.998674 42.4023
0.998725 -0.00880434 -0.0499986 -2.10381 0.00927002 0.999913 0.00909202 -0.151697 0.0499148 -0.0095445 0.99872 43.4017
0.998649 -0.00855566 -0.0515496 -2.15454 0.00907577 0.999908 0.00988314 -0.152183 0.0514608 -0.0103381 0.998637 44.3793
0.998525 -0.0121242 -0.0532052 -2.20151 0.0127517 0.999851 0.011477 -0.142227 0.0530586 -0.012139 0.99853 45.4047
0.99852 -0.0115663 -0.0534205 -2.26037 0.0122445 0.999846 0.0124047 -0.137971 0.0532693 -0.013041 0.998511 46.4003
0.998501 -0.00994144 -0.0541034 -2.32064 0.0105612 0.999879 0.0111857 -0.130027 0.0539863 -0.0117408 0.998485 47.3666
0.998525 -0.00732037 -0.0540765 -2.39273 0.00769747 0.999945 0.00678527 -0.122129 0.0540244 -0.00719204 0.99853 48.3861
0.99847 -0.00732757 -0.0551128 -2.44974 0.00773601 0.999942 0.007206 -0.114262 0.0550575 -0.00762178 0.998467 49.3563
0.998535 -0.00712476 -0.0539225 -2.51738 0.00766033 0.999921 0.0097484 -0.109492 0.0538493 -0.0101477 0.998514 50.35
0.998584 -0.007112 -0.0530886 -2.5733 0.00792557 0.999853 0.0151366 -0.128643 0.0529737 -0.0155364 0.998491 51.3268
0.998586 -0.00770309 -0.0528993 -2.62041 0.00854569 0.999837 0.0157371 -0.107496 0.05277 -0.0161675 0.998492 52.3077
0.998595 -0.00785805 -0.052772 -2.67169 0.00872737 0.999828 0.0162702 -0.0913642 0.0526358 -0.0167084 0.99849 53.2669
0.998758 -0.00799112 -0.0495116 -2.7373 0.00876795 0.999839 0.0155116 -0.0882693 0.0493803 -0.015927 0.998669 54.2226
0.998868 -0.00854854 -0.0472191 -2.79855 0.00932067 0.999824 0.0161647 -0.0794574 0.0470734 -0.0165871 0.998771 55.1533
0.998869 -0.0105794 -0.0467313 -2.84125 0.011488 0.999748 0.0192416 -0.0723204 0.0465165 -0.0197574 0.99874 56.1058
0.998929 -0.0129617 -0.0448694 -2.884 0.0139402 0.999669 0.021575 -0.0700772 0.0445756 -0.0221779 0.998777 57.0476
0.998964 -0.0152183 -0.0432879 -2.9214 0.0161392 0.999647 0.0210318 -0.0641935 0.0429531 -0.0217093 0.998859 58.0055
0.999016 -0.0153514 -0.0421046 -2.96532 0.0163214 0.999605 0.0228036 -0.0470728 0.0417386 -0.0234691 0.998871 58.9354
0.998943 -0.0129822 -0.0444983 -3.01257 0.0137263 0.99977 0.0164829 -0.0353772 0.0442745 -0.0170769 0.998892 59.858
0.998926 -0.0118705 -0.0452684 -3.06139 0.0125221 0.99982 0.014148 -0.03899 0.045093 -0.0147005 0.998894 60.7789
0.998989 -0.00818547 -0.0446139 -3.11275 0.0088367 0.999856 0.0144438 -0.0206818 0.0444898 -0.0148242 0.998919 61.6796
0.99894 -0.00631897 -0.0460755 -3.15452 0.0070672 0.999845 0.0161014 -0.0140539 0.0459673 -0.0164106 0.998828 62.604
0.999001 -0.00297215 -0.0450165 -3.20365 0.0037642 0.999838 0.0175418 -0.00346594 0.0449577 -0.0176945 0.998851 63.5326
0.999081 -0.000345012 -0.0433819 -3.2452 0.00103999 0.999871 0.0160046 -0.00368757 0.0433715 -0.0160357 0.99895 64.4272
0.999035 0.00135121 -0.0443366 -3.28388 -0.000645563 0.999871 0.0159458 -0.00279909 0.044353 -0.0159026 0.998909 65.3348
0.999043 0.00260149 -0.0441854 -3.32403 -0.00185882 0.999856 0.0168461 -0.00977275 0.0442236 -0.0167486 0.998902 66.194
0.998946 0.00296642 -0.0462318 -3.36424 -0.00217639 0.999849 0.0171476 -0.00947903 0.0462763 -0.0170297 0.998803 67.0159
0.998879 0.00409983 -0.0476785 -3.40622 -0.00324676 0.999833 0.0179599 -0.0158277 0.047745 -0.0177855 0.998722 67.8313
0.998886 0.00487561 -0.0473506 -3.44828 -0.0039421 0.999795 0.019805 -0.0143713 0.047438 -0.0195972 0.998702 68.6797
0.998807 0.00498366 -0.0491376 -3.49472 -0.00396219 0.999774 0.020866 -0.0100891 0.0492314 -0.0206469 0.998597 69.4675
0.998719 0.00619973 -0.0506265 -3.53553 -0.00513746 0.999763 0.0211021 -0.00549791 0.050746 -0.0208158 0.998515 70.2435
0.998657 0.00919644 -0.0515117 -3.58627 -0.00827395 0.999801 0.0180924 0.00609127 0.0516687 -0.0176423 0.998531 71.039
0.998503 0.0103649 -0.054096 -3.6437 -0.00969102 0.999871 0.0127173 0.0144745 0.0542216 -0.0121748 0.998475 71.7919
0.99848 0.0106646 -0.0545926 -3.68121 -0.0102713 0.999919 0.00747828 -0.000582781 0.0546687 -0.00690671 0.998504 72.5292
0.998404 0.0101168 -0.0559719 -3.73065 -0.0096986 0.999923 0.00775476 0.0104248 0.0560465 -0.00720032 0.998425 73.2186
0.998363 0.0112903 -0.0565917 -3.7773 -0.0107605 0.999895 0.00965482 0.00267129 0.0566957 -0.00903061 0.998375 73.9003
0.998326 0.0112355 -0.0571718 -3.81684 -0.0106739 0.999891 0.0101334 0.00259071 0.05728 -0.00950707 0.998337 74.5584
0.998285 0.00950147 -0.0582678 -3.85048 -0.00908947 0.999932 0.00733003 -0.0117155 0.0583344 -0.0067884 0.998299 75.2102
0.998346 0.00373131 -0.0577973 -3.8814 -0.00359186 0.99999 0.00253413 -0.0432841 0.0578067 -0.0023233 0.998349 75.8352
0.998451 0.000497667 -0.0561607 -3.91604 -0.000617822 0.999998 -0.00212016 -0.0345713 0.0561604 0.00215097 0.998445 76.4507
0.998582 0.00313164 -0.05361 -3.95322 -0.00325687 0.999993 -0.00223048 -0.052653 0.0536031 0.00240096 0.998584 77.0439
0.998787 0.0036719 -0.0497159 -3.99309 -0.00372415 0.999993 -0.000957585 -0.0542881 0.0497129 0.00114095 0.99879 77.6098
0.999031 0.00324408 -0.0444561 -4.02032 -0.00325769 0.999995 -0.000210855 -0.0724686 0.0444559 0.000354589 0.999036 78.1715
0.999242 0.00287907 -0.0396263 -4.03495 -0.00286853 0.999996 0.000324087 -0.0833108 0.039628 -0.000210799 0.999242 78.71
0.999522 -0.000235285 -0.0317347 -4.04607 0.000337387 0.999995 0.00324896 -0.0979853 0.0317345 -0.00325902 0.999517 79.2713
0.99979 0.0016829 -0.0219665 -4.05553 -0.00165541 0.999999 0.00126812 -0.0924469 0.0219696 -0.00123214 0.999787 79.7761
0.999998 0.00169625 -0.00726108 -4.06727 -0.00168663 0.999999 0.00149402 -0.0833286 0.00726454 -0.00148262 0.999999 80.2764
0.999965 0.0022709 0.0115793 -4.06802 -0.00229434 0.999997 0.00201355 -0.0879578 -0.0115735 -0.00204067 0.999962 80.7737
0.999478 0.0017305 0.0330469 -4.04499 -0.00182881 0.999996 0.00290943 -0.0984048 -0.0330405 -0.00296914 0.999476 81.2576
0.998241 -0.00115153 0.0598535 -4.0068 0.000916288 0.999993 0.00395693 -0.0968313 -0.0598565 -0.00389578 0.998231 81.7438
0.996088 -0.00100405 0.0886616 -3.95854 0.000524397 0.999987 0.0054198 -0.0880451 -0.0886645 -0.0053529 0.996075 82.2057
0.992593 -0.000991655 0.121777 -3.89201 0.000133281 0.999976 0.00705661 -0.0916512 -0.12178 -0.00698872 0.992565 82.669
0.987265 -0.00149492 0.159241 -3.81119 0.000216373 0.999969 0.00803879 -0.0920607 -0.159246 -0.00790273 0.987235 83.1348
0.979922 -0.000454057 0.199556 -3.70197 -0.00125549 0.999965 0.00844042 -0.0951222 -0.199552 -0.00852215 0.979884 83.5725
0.969655 0.000369471 0.244585 -3.57826 -0.00269394 0.999956 0.00916484 -0.124895 -0.244569 -0.00954634 0.969614 84.0103
0.956039 0.000476081 0.293359 -3.44372 -0.00320278 0.999957 0.00881522 -0.114498 -0.293341 -0.00936802 0.955996 84.4195
0.938554 0.00152446 0.345208 -3.28281 -0.00441738 0.999964 0.0075909 -0.121785 -0.345181 -0.00864996 0.938527 84.7968
0.916759 0.00113676 0.399529 -3.09479 -0.00425017 0.999968 0.00690756 -0.122183 -0.399507 -0.00803152 0.916732 85.1789
0.89036 0.0019827 0.455314 -2.89711 -0.00540137 0.999968 0.00620554 -0.123696 -0.455284 -0.00798489 0.890343 85.534
0.859117 0.00346768 0.511837 -2.68445 -0.00725402 0.99996 0.00540128 -0.132305 -0.511797 -0.00835412 0.859105 85.8746
0.823608 0.00234388 0.567205 -2.43293 -0.00581474 0.999976 0.00430922 -0.139272 -0.567177 -0.00684761 0.823602 86.1952
0.784971 0.00203136 0.619587 -2.17723 -0.00570371 0.999977 0.00394781 -0.13802 -0.619564 -0.00663389 0.784962 86.4698
0.743286 0.00176737 0.669016 -1.89299 -0.00575678 0.999978 0.00375274 -0.136254 -0.668991 -0.00664099 0.74328 86.7426
0.698588 0.00170302 0.715572 -1.61068 -0.00901408 0.99994 0.00642041 -0.144075 -0.715518 -0.0109365 0.69856 86.9994
0.65163 0.000733187 0.758578 -1.30055 -0.00937958 0.999933 0.00708956 -0.15126 -0.758517 -0.0117351 0.651594 87.2282
0.603645 -0.00116882 0.797297 -0.967716 -0.00743054 0.999948 0.00709168 -0.145536 -0.797264 -0.0102063 0.603603 87.4382
0.555288 -0.00364865 0.831688 -0.638794 -0.00343881 0.999974 0.00668181 -0.146371 -0.831685 -0.00657046 0.555262 87.6212
0.507121 -0.00200128 0.861914 -0.297748 -0.00493844 0.999976 0.00522739 -0.137993 -0.861903 -0.00690856 0.507098 87.7977
0.458691 0.000452613 0.888632 0.04286 -0.00817385 0.999962 0.00370906 -0.123278 -0.888591 -0.00896497 0.458678 87.9403
0.412167 0.0012215 0.911148 0.382165 -0.00898855 0.999957 0.0027254 -0.137688 -0.911105 -0.0093144 0.412159 88.0865
0.368618 -0.000850764 0.929616 0.760762 -0.00449249 0.999988 0.00269582 -0.140478 -0.929602 -0.00517011 0.368611 88.1992
0.328202 -0.00764832 0.944616 1.12801 0.00676267 0.999962 0.0057468 -0.153253 -0.944624 0.00450061 0.328241 88.2796
0.29194 -0.0103661 0.956415 1.49993 0.0112503 0.999911 0.00740282 -0.143461 -0.956402 0.00859863 0.292032 88.3606
0.258176 -0.00742733 0.966109 1.87387 0.00806525 0.999954 0.00553222 -0.126494 -0.966104 0.00636219 0.258224 88.4626
0.226588 -0.00128713 0.974025 2.23771 -0.00075531 1 0.00149667 -0.124926 -0.974022 -0.00107505 0.226589 88.5523
0.197683 0.00222433 0.980302 2.63283 -0.00492368 0.999989 -0.00127619 -0.123329 -0.980293 -0.00457582 0.197692 88.6413
0.171554 0.00329026 0.985204 3.03613 -0.00545233 0.999985 -0.00239062 -0.143094 -0.985191 -0.00496175 0.171571 88.7079
0.147901 0.00434264 0.989031 3.44585 0.000184406 0.999992 -0.00441843 -0.141188 -0.989042 0.00083424 0.1479 88.7431
0.12659 0.00868293 0.991952 3.86497 0.00416105 0.999951 -0.00928432 -0.14203 -0.991978 0.00530271 0.126549 88.7726
0.106347 0.0148413 0.994257 4.29996 0.00482176 0.999871 -0.0154409 -0.123292 -0.994357 0.00643449 0.106263 88.8096
0.0884333 0.015738 0.995993 4.74041 0.00406652 0.999864 -0.0161605 -0.124691 -0.996105 0.00547928 0.0883588 88.84
0.0724081 0.0125288 0.997335 5.20542 0.00304437 0.999915 -0.0127824 -0.13677 -0.997411 0.00396011 0.072365 88.8683
0.0569869 0.0101305 0.998359 5.68777 0.00563329 0.999932 -0.0104683 -0.150726 -0.998391 0.0062205 0.0569276 88.8971
0.0438237 0.00886088 0.999038 6.17581 0.00647641 0.999939 -0.00915306 -0.159242 -0.999059 0.00686949 0.0437648 88.9092
0.0312593 0.0080476 0.999514 6.6728 0.0112417 0.999904 -0.00840263 -0.172639 -0.99948 0.0114989 0.0311675 88.9174
0.0211492 0.00920933 0.999772 7.19402 0.0155112 0.999837 -0.00953803 -0.162545 -0.999697 0.0157073 0.0210043 88.9157
0.0126437 0.0101247 0.999904 7.74497 0.0188978 0.999771 -0.0103626 -0.161848 -0.999773 0.0190271 0.0124511 88.9089
0.00613121 0.0101854 0.999968 8.29931 0.0199462 0.999751 -0.0103055 -0.165638 -0.999824 0.0200066 0.00592808 88.9139
0.00073572 0.0108386 0.999976 8.85819 0.0204936 0.999734 -0.0108513 -0.160873 -0.999822 0.0205011 0.000515143 88.919
-0.00514106 0.0110371 0.999965 9.44684 0.0207408 0.999728 -0.0109279 -0.165877 -0.999814 0.0206816 -0.00536688 88.9222
-0.0114579 0.0106274 0.999913 10.0645 0.0228151 0.999689 -0.0103638 -0.176767 -0.999707 0.0226944 -0.011695 88.9268
-0.0153424 0.0116542 0.999853 10.6742 0.0212822 0.999712 -0.011326 -0.191532 -0.999698 0.0211031 -0.0155842 88.9217
-0.0195797 0.0104291 0.999789 11.3139 0.0195004 0.999762 -0.010047 -0.209272 -0.999651 0.0192995 -0.0197766 88.9065
-0.0247184 0.0117709 0.999664 11.9673 0.0199239 0.999741 -0.011279 -0.206474 -0.999538 0.0196362 -0.0249446 88.9065
-0.0261306 0.0113451 0.99963 12.6416 0.022811 0.999685 -0.0107495 -0.227691 -0.999431 0.0225216 -0.0263793 88.8819
-0.0256412 0.0111673 0.999648 13.3367 0.0239871 0.99966 -0.0105522 -0.237468 -0.999427 0.0237059 -0.0258984 88.8628
-0.0256154 0.0117209 0.999639 14.0359 0.0249356 0.999631 -0.0110819 -0.232738 -0.999394 0.0246426 -0.0258963 88.8102
-0.0248711 0.0122743 0.999655 14.7531 0.0262315 0.999592 -0.0116211 -0.243647 -0.99939 0.0259313 -0.025181 88.8117
-0.0219628 0.0132361 0.999707 15.4865 0.0282262 0.999525 -0.0126136 -0.269865 -0.999394 0.0279407 -0.0223241 88.7847
-0.0182384 0.0131564 0.999786 16.2413 0.0294621 0.999489 -0.0126152 -0.286384 -0.999443 0.0292236 -0.0186148 88.7729
-0.0156182 0.0127812 0.999833 17.0501 0.0296658 0.999487 -0.0123135 -0.297866 -0.999472 0.0294683 -0.0159875 88.7704
-0.0125427 0.0110732 0.9999 17.8568 0.0277978 0.99956 -0.0107208 -0.303967 -0.999579 0.0276584 -0.0128431 88.7601
-0.00825433 0.00965611 0.999957 18.6434 0.0237449 0.999677 -0.00945753 -0.316827 -0.999719 0.0236657 -0.00847882 88.7719
-0.00503132 0.00999869 0.999978 19.4512 0.0213272 0.999728 -0.0098887 -0.33312 -0.999805 0.0212749 -0.00524146 88.7673
-0.000768853 0.0122087 0.999964 20.2457 0.0195355 0.999739 -0.0121912 -0.347977 -0.999845 0.0195253 -0.00100485 88.7815
0.000736603 0.0166211 0.999903 21.0552 0.0154597 0.999747 -0.0166297 -0.362699 -0.999926 0.0154684 0.00048107 88.804
-0.00155258 0.0191562 0.999855 21.897 0.0128086 0.999739 -0.0191343 -0.386484 -0.999953 0.012777 -0.00179523 88.8042
-0.00143223 0.0179677 0.999879 22.7269 0.0113786 0.999779 -0.0179495 -0.411028 -0.99998 0.0113494 -0.00163475 88.8094
-0.00133896 0.016921 0.999896 23.5504 0.011731 0.999793 -0.0169037 -0.436412 -0.999967 0.0117071 -0.00153489 88.8136
-0.00377106 0.0162646 0.999902 24.3829 0.0111394 0.999811 -0.016221 -0.45949 -0.999978 0.0110751 -0.00394996 88.8183
-0.005374 0.0170843 0.99988 25.2231 0.0099824 0.99981 -0.0170297 -0.477326 -0.999973 0.00988964 -0.00554131 88.8169
-0.00582663 0.0176132 0.99987 26.0558 0.00976577 0.999803 -0.017555 -0.512828 -0.999982 0.00966011 -0.00599588 88.8262
-0.00684691 0.0179581 0.999857 26.8855 0.00780325 0.999814 -0.0179042 -0.530528 -0.999984 0.00767961 -0.00698362 88.8265
-0.00831204 0.0179506 0.999846 27.6932 0.00489962 0.999833 -0.0179096 -0.551271 -1 0.00474795 -0.00839702 88.8351
-0.0127176 0.0179299 0.9998 28.5315 0.00250262 0.999841 -0.017899 -0.568271 -0.999954 0.00227453 -0.0127584 88.8398
-0.0165369 0.0163331 0.999772 29.3434 0.000572894 0.999872 -0.0163253 -0.583437 -0.999911 0.000300799 -0.0165425 88.8386
-0.0233836 0.0147559 0.999659 30.185 -0.00162776 0.999893 -0.0147977 -0.601906 -0.999763 -0.00197313 -0.023355 88.8331
-0.0309568 0.0130078 0.999479 31.0155 -0.00543478 0.999904 -0.0131817 -0.637899 -0.999554 -0.00584196 -0.0308813 88.8245
-0.0386298 0.0121908 0.999221 31.8389 -0.00655756 0.999906 -0.0124529 -0.666198 -0.99927 -0.00703336 -0.0385442 88.8035
-0.0476405 0.0121549 0.998833 32.6416 -0.00747794 0.9999 -0.0125245 -0.682392 -0.998884 -0.00806788 -0.0475426 88.7686
-0.0595794 0.0128226 0.998183 33.457 -0.00707433 0.999892 -0.013267 -0.707611 -0.998237 -0.00785181 -0.0594802 88.73
-0.0688436 0.0121806 0.997596 34.2477 -0.00704473 0.9999 -0.0126948 -0.721835 -0.997651 -0.0079038 -0.0687487 88.6775
-0.0806169 0.0109762 0.996728 35.0517 -0.00729418 0.999911 -0.0116015 -0.732346 -0.996758 -0.00820554 -0.0805278 88.6219
-0.0911694 0.0100288 0.995828 35.8504 -0.00746868 0.99992 -0.0107538 -0.758677 -0.995856 -0.00841995 -0.0910848 88.5473
-0.102222 0.00939237 0.994762 36.6319 -0.00715504 0.999928 -0.0101766 -0.773366 -0.994776 -0.00815773 -0.102145 88.4707
-0.113947 0.00946384 0.993486 37.4134 -0.00736629 0.999925 -0.01037 -0.787424 -0.993508 -0.00850198 -0.113866 88.3844
-0.124136 0.00976468 0.992262 38.2199 -0.00964654 0.999898 -0.0110468 -0.787362 -0.992258 -0.0109431 -0.124028 88.2702
-0.134588 0.00958639 0.9909 38.9831 -0.00981373 0.999897 -0.0110064 -0.805049 -0.990902 -0.0112078 -0.134477 88.1708
-0.14484 0.00988842 0.989451 39.7379 -0.00932399 0.999898 -0.0113579 -0.827238 -0.989451 -0.0108706 -0.144731 88.063
-0.15348 0.0104317 0.988142 40.5126 -0.00973059 0.999886 -0.0120672 -0.840331 -0.988153 -0.0114693 -0.153358 87.9173
-0.163438 0.0101479 0.986547 41.2517 -0.0101916 0.999882 -0.0119737 -0.854737 -0.986541 -0.0120114 -0.163314 87.7946
-0.171009 0.00991261 0.985265 41.9956 -0.00944706 0.999893 -0.0116996 -0.880403 -0.985274 -0.0113107 -0.170894 87.6477
-0.178607 0.0100502 0.983916 42.7555 -0.00783401 0.999907 -0.0116358 -0.902615 -0.983931 -0.00978604 -0.17851 87.513
-0.184101 0.0084555 0.982917 43.483 -0.00575469 0.999943 -0.00967991 -0.917909 -0.98294 -0.00744051 -0.184039 87.3692
-0.188013 0.00768844 0.982183 44.2086 -0.0034036 0.999963 -0.0084793 -0.934193 -0.982202 -0.00493694 -0.187978 87.2175
-0.1909 0.00795592 0.981624 44.8998 -0.000323194 0.999973 -0.00816751 -0.938902 -0.98166 -0.00187842 -0.190889 87.0846
-0.194447 0.00693644 0.980935 45.569 0.000970973 0.99998 -0.00687876 -0.942524 -0.980954 -0.000384857 -0.194448 86.942
-0.195231 0.00765767 0.980774 46.2393 -0.000100476 0.999976 -0.00782758 -0.955362 -0.980808 -0.00162864 -0.195222 86.8132
-0.194694 0.00825232 0.980876 46.8869 0.00127727 0.99997 -0.00815949 -0.973569 -0.980905 -0.000335524 -0.194697 86.6814
-0.192364 0.00889384 0.981331 47.5158 0.00217626 0.999966 -0.00863619 -0.98716 -0.981374 0.000472588 -0.192373 86.562
-0.187534 0.00941793 0.98226 48.1395 0.00284781 0.99996 -0.00904414 -0.996143 -0.982296 0.00110148 -0.187552 86.4506
-0.180631 0.00997576 0.983549 48.7439 0.0045968 0.999952 -0.00929797 -0.987127 -0.983592 0.00283982 -0.180665 86.3509
-0.169953 0.010257 0.985446 49.3147 0.00351575 0.99995 -0.00980193 -0.997784 -0.985488 0.00179898 -0.169978 86.2582
-0.156475 0.0107219 0.987673 49.8863 0.003677 0.999946 -0.0102726 -1.00423 -0.987727 0.00202241 -0.156503 86.1818
-0.140039 0.0118541 0.990122 50.4326 0.00267693 0.999934 -0.0115933 -1.01357 -0.990184 0.00102719 -0.140059 86.1151
-0.119112 0.0140589 0.99283 50.985 0.000328353 0.999906 -0.0141197 -1.03695 -0.992933 -0.0013577 -0.119103 86.0628
-0.0951633 0.0169315 0.995365 51.5085 -0.000692314 0.999859 -0.0170746 -1.05107 -0.995504 -0.00231374 -0.0951362 86.0261
-0.0674061 0.0185374 0.997602 52.0391 -0.00148835 0.99983 -0.0186793 -1.05861 -0.997776 -0.00274573 -0.0673651 86.0094
-0.0344079 0.0185404 0.999283 52.5721 -0.00426096 0.999821 -0.0186976 -1.08616 -0.999441 -0.0049011 -0.0343208 86.0057
0.00340959 0.0170898 0.999897 53.0921 -0.00528038 0.999846 -0.0170707 -1.09217 -1.00003 -0.00522349 0.00350042 86.0326
0.0446228 0.0152014 0.998936 53.6213 -0.00627397 0.999874 -0.014936 -1.09093 -0.999026 -0.00560068 0.0447143 86.0763
0.0901704 0.0117872 0.995906 54.14 -0.00821731 0.99991 -0.0110903 -1.10437 -0.995945 -0.00718548 0.0902593 86.139
0.138534 0.0104286 0.99035 54.6548 -0.0114433 0.9999 -0.00892912 -1.09634 -0.990335 -0.0100959 0.138641 86.2314
0.189941 0.00951857 0.9818 55.1335 -0.0142656 0.999879 -0.00693353 -1.10131 -0.981745 -0.0126908 0.190053 86.3537
0.245504 0.0103486 0.969389 55.6289 -0.0148576 0.999871 -0.00691202 -1.10271 -0.969325 -0.0127058 0.245628 86.4945
0.30527 0.011947 0.952244 56.0879 -0.0144636 0.999869 -0.00790719 -1.09079 -0.952211 -0.0113607 0.305401 86.6459
0.367043 0.0161003 0.930115 56.5168 -0.0131934 0.999845 -0.0121018 -1.10282 -0.930156 -0.00782953 0.3672 86.8388
0.428928 0.0194223 0.903187 56.9468 -0.0124955 0.999806 -0.0155652 -1.11649 -0.903311 -0.00461093 0.429084 87.0715
0.489875 0.0239072 0.871518 57.3477 -0.0152872 0.999712 -0.0188319 -1.11809 -0.871706 -0.00409789 0.4901 87.3202
0.549233 0.0263026 0.835318 57.7252 -0.0193732 0.999642 -0.0187379 -1.11656 -0.835508 -0.00589269 0.549541 87.6088
0.606203 0.0274465 0.794894 58.0855 -0.0198434 0.999621 -0.0193836 -1.1126 -0.795115 -0.00402324 0.606517 87.9139
0.659323 0.0270864 0.751443 58.4199 -0.020292 0.999633 -0.0182274 -1.12555 -0.751658 -0.00323186 0.659624 88.2332
0.709742 0.0262004 0.704038 58.7432 -0.0213104 0.999655 -0.0157199 -1.12467 -0.704199 -0.00384663 0.710054 88.5843
0.755829 0.0224034 0.654468 59.0322 -0.0215459 0.99973 -0.00933812 -1.12447 -0.654497 -0.00704415 0.756099 88.9615
0.797101 0.0190565 0.603619 59.2929 -0.0224539 0.999752 -0.00191287 -1.13325 -0.603498 -0.0120294 0.79733 89.3459
0.832913 0.015585 0.553282 59.5363 -0.0210306 0.999778 0.00349902 -1.14303 -0.553102 -0.0145511 0.833047 89.775
0.862955 0.0149036 0.50515 59.7607 -0.0222909 0.999721 0.00858285 -1.15492 -0.504874 -0.0186676 0.863044 90.2014
0.887025 0.0166864 0.461539 59.9474 -0.0252171 0.999611 0.0123262 -1.15797 -0.461151 -0.0225728 0.887092 90.6508
0.906625 0.021199 0.421508 60.1383 -0.0301967 0.999442 0.0146835 -1.13801 -0.420957 -0.0260415 0.906757 91.1167
0.921551 0.0270483 0.387457 60.2912 -0.0360849 0.999225 0.0160725 -1.11561 -0.386719 -0.0287932 0.921803 91.564
0.933724 0.0294104 0.356906 60.4558 -0.0377883 0.999156 0.0165246 -1.0917 -0.356114 -0.0289172 0.934045 92.0286
0.942281 0.0266799 0.333926 60.6193 -0.0347271 0.999238 0.0181591 -1.10172 -0.333184 -0.0287076 0.942479 92.4943
0.948326 0.0239324 0.316534 60.772 -0.0315519 0.999329 0.0189697 -1.10165 -0.315863 -0.0279778 0.948442 92.9766
0.952831 0.0269676 0.302486 60.9268 -0.0344695 0.999222 0.0194971 -1.07655 -0.301723 -0.0290044 0.953008 93.5067
0.955526 0.0329328 0.293219 61.0543 -0.04068 0.998972 0.0203648 -1.05138 -0.292242 -0.0313885 0.955879 93.9951
0.958169 0.0371238 0.283983 61.2086 -0.0447204 0.998799 0.0203214 -1.0438 -0.282885 -0.0321714 0.958667 94.5286
0.958857 0.0422731 0.280892 61.3428 -0.0489559 0.998667 0.0168198 -1.02388 -0.279803 -0.0298802 0.959644 95.0343
0.959202 0.0427385 0.279676 61.4909 -0.0489256 0.998694 0.0151864 -1.0316 -0.278659 -0.0282504 0.960029 95.5661
0.959204 0.0436755 0.279491 61.6495 -0.0489821 0.998735 0.0120332 -1.0427 -0.278607 -0.0252335 0.960125 96.0834
0.958581 0.0452163 0.281411 61.8189 -0.0487626 0.998802 0.00561882 -1.03709 -0.280816 -0.0191089 0.959627 96.6414
0.958183 0.0474218 0.282368 61.9958 -0.0497264 0.998771 0.00100336 -1.03879 -0.281969 -0.0150037 0.959358 97.2169
0.957117 0.0527241 0.285063 62.16 -0.0553094 0.998476 0.00103199 -1.01127 -0.284571 -0.016755 0.958565 97.8053
0.955871 0.054019 0.288945 62.333 -0.0573428 0.998358 0.00305129 -1.00888 -0.288302 -0.0194867 0.957393 98.3928
0.954852 0.0527699 0.292551 62.5169 -0.0576747 0.998309 0.00817089 -1.00758 -0.291621 -0.0246753 0.956273 98.9924
0.953821 0.0501662 0.296322 62.7044 -0.0566808 0.998309 0.0134362 -0.997479 -0.295144 -0.0296127 0.955047 99.5924
0.952993 0.0475122 0.299434 62.8976 -0.0553755 0.998314 0.0178361 -0.992139 -0.298078 -0.0335795 0.95401 100.218
0.952918 0.044001 0.300183 63.0982 -0.0522446 0.998452 0.0194934 -0.977268 -0.298856 -0.0342595 0.953736 100.844
0.953049 0.0420158 0.300079 63.2957 -0.0497691 0.998601 0.0182479 -0.961042 -0.298888 -0.0323264 0.953801 101.469
0.953464 0.0417257 0.298772 63.4941 -0.0478587 0.998774 0.0132429 -0.965681 -0.297849 -0.0269263 0.954287 102.122
0.953718 0.0439816 0.297662 63.6924 -0.0485018 0.9988 0.00782316 -0.95369 -0.296956 -0.0218988 0.954701 102.771
0.954572 0.0461816 0.29455 63.8856 -0.0498058 0.998756 0.00481675 -0.947726 -0.293957 -0.0192691 0.955679 103.431
0.955652 0.0431425 0.291522 64.0936 -0.0476912 0.998834 0.00852266 -0.942102 -0.290809 -0.0220483 0.956588 104.124
0.956167 0.0398714 0.290271 64.3037 -0.0462802 0.99882 0.0152508 -0.94179 -0.289316 -0.0280169 0.956879 104.82
0.95712 0.0336684 0.28793 64.5046 -0.0407391 0.999005 0.0186089 -0.939053 -0.287012 -0.0295415 0.957533 105.538
0.957516 0.0363666 0.286257 64.7104 -0.0432719 0.998912 0.0178375 -0.928944 -0.285293 -0.0294675 0.958043 106.241
0.958143 0.0430889 0.283234 64.9058 -0.0490229 0.99871 0.013905 -0.913875 -0.282264 -0.0272084 0.959012 106.962
0.95951 0.0433131 0.278511 65.1139 -0.0479257 0.998811 0.00977758 -0.919684 -0.277753 -0.0227304 0.960439 107.706
0.961036 0.043778 0.273149 65.3323 -0.0475822 0.99885 0.00732642 -0.910163 -0.272509 -0.0200385 0.962006 108.45
0.962171 0.0424529 0.269314 65.5436 -0.0462649 0.998907 0.00782703 -0.896692 -0.268684 -0.0199916 0.963077 109.203
0.96351 0.0402742 0.264849 65.7581 -0.0444984 0.998969 0.00997783 -0.900957 -0.264168 -0.0213995 0.964302 109.996
0.964533 0.0396221 0.261177 65.9761 -0.0442287 0.998961 0.0117873 -0.882279 -0.260435 -0.0229216 0.965275 110.789
0.965106 0.0375778 0.259381 66.1912 -0.0423569 0.99903 0.0128701 -0.868625 -0.25864 -0.023408 0.965753 111.575
0.965273 0.0383475 0.258623 66.4087 -0.0439608 0.998914 0.0159606 -0.84522 -0.257727 -0.0267765 0.965903 112.381
0.96597 0.0370467 0.256222 66.6094 -0.042831 0.998947 0.0170417 -0.844101 -0.255316 -0.0274364 0.966531 113.167
0.966196 0.0406946 0.254794 66.8245 -0.0465249 0.998783 0.0169022 -0.826154 -0.253793 -0.0281859 0.966905 114.003
0.966182 0.0451467 0.254116 67.0358 -0.0506015 0.998617 0.0149803 -0.809011 -0.253082 -0.0273326 0.967122 114.819
0.9655 0.0512559 0.255529 67.2313 -0.056694 0.998303 0.0139662 -0.799212 -0.254376 -0.027972 0.966759 115.632
0.965018 0.0553427 0.256515 67.4405 -0.0614428 0.997996 0.0158364 -0.785962 -0.255119 -0.0310436 0.966475 116.476
0.964939 0.0562985 0.256586 67.6704 -0.0625034 0.997925 0.0160956 -0.760137 -0.255144 -0.0315694 0.966446 117.322
0.964069 0.0570341 0.259699 67.8825 -0.0635395 0.997851 0.0167331 -0.755026 -0.25818 -0.0326331 0.965611 118.142
0.963806 0.0558595 0.26091 68.1071 -0.0622993 0.997931 0.0164809 -0.734225 -0.259446 -0.0321395 0.965283 118.979
0.963861 0.0504898 0.261816 68.3457 -0.0566728 0.998275 0.0161283 -0.75434 -0.260543 -0.0303834 0.965051 119.806
0.964094 0.0474147 0.261519 68.5781 -0.0532681 0.998472 0.0153441 -0.744211 -0.260388 -0.0287244 0.965137 120.634
0.963919 0.0459236 0.262445 68.8087 -0.0516173 0.998569 0.0148518 -0.744643 -0.261381 -0.0278628 0.964901 121.474
0.963186 0.0501298 0.264345 69.0259 -0.0566585 0.998257 0.0171353 -0.739169 -0.263022 -0.0314827 0.964337 122.301
0.962954 0.0545288 0.264337 69.246 -0.062325 0.997843 0.0212065 -0.715683 -0.262603 -0.0368955 0.964266 123.142
0.962022 0.0595033 0.26663 69.4851 -0.0673827 0.997527 0.0205042 -0.698868 -0.264747 -0.0376925 0.963641 123.975
0.961588 0.05947 0.268217 69.6984 -0.0661675 0.997693 0.0160081 -0.685199 -0.266639 -0.0331404 0.963295 124.782
0.961989 0.0578242 0.26712 69.9316 -0.0609131 0.998148 0.00329465 -0.671201 -0.266431 -0.0194411 0.963719 125.59
0.962457 0.0543525 0.26618 70.1622 -0.0559192 0.998447 -0.00168188 -0.708069 -0.265851 -0.013266 0.963992 126.403
0.962398 0.0524169 0.266762 70.3946 -0.0559444 0.998428 0.00564394 -0.695243 -0.266044 -0.0203562 0.963808 127.224
0.963468 0.0453333 0.264204 70.6346 -0.0527963 0.998393 0.0212249 -0.693012 -0.26281 -0.0343984 0.964303 128.09
0.963691 0.0396309 0.26429 70.8601 -0.0502595 0.998182 0.0335809 -0.685738 -0.262475 -0.0456451 0.963921 128.905
0.964147 0.0419907 0.262276 71.0708 -0.052123 0.998147 0.0318053 -0.680584 -0.260447 -0.0443354 0.964539 129.709
0.964256 0.0508799 0.260271 71.2744 -0.0579045 0.998144 0.0193982 -0.662175 -0.258798 -0.0337762 0.965403 130.509
0.964368 0.0525977 0.259537 71.4818 -0.0576101 0.998282 0.0117528 -0.642545 -0.258467 -0.0262861 0.965732 131.306
0.965544 0.0506894 0.255491 71.7058 -0.0550678 0.998443 0.0100171 -0.655939 -0.254582 -0.0237419 0.966821 132.132
0.966651 0.0464116 0.252121 71.9193 -0.0502203 0.998713 0.00870219 -0.658729 -0.251386 -0.0210737 0.967727 132.943
0.96768 0.0467977 0.248044 72.1145 -0.0506752 0.998683 0.00927513 -0.671864 -0.24728 -0.0215457 0.968766 133.744
0.968988 0.0475888 0.242752 72.3063 -0.0512274 0.998661 0.00870906 -0.671703 -0.242006 -0.0208748 0.97012 134.542
0.969448 0.0513011 0.240127 72.4913 -0.0546943 0.998486 0.00749317 -0.66689 -0.239375 -0.0203986 0.970775 135.338
0.970003 0.0555098 0.23695 72.667 -0.0591661 0.998225 0.00835755 -0.663649 -0.236059 -0.0221264 0.971557 136.143
0.970698 0.0556869 0.234022 72.8623 -0.0594692 0.998199 0.00914287 -0.672088 -0.233088 -0.0227929 0.972251 136.94
0.970993 0.0533982 0.233355 73.045 -0.0579212 0.998254 0.0125837 -0.671138 -0.23227 -0.025735 0.97238 137.731
0.971667 0.0523998 0.230738 73.2288 -0.0567938 0.998319 0.0124491 -0.671979 -0.229695 -0.0252017 0.972998 138.517
0.97237 0.0513024 0.228032 73.4066 -0.0552182 0.998428 0.0108369 -0.659599 -0.227112 -0.0231292 0.973664 139.298
0.97358 0.0500737 0.223062 73.5824 -0.0530369 0.998577 0.00732024 -0.640814 -0.222375 -0.0189582 0.974839 140.08
0.975304 0.0487549 0.215732 73.7619 -0.0515387 0.998656 0.00730867 -0.640001 -0.21508 -0.0182469 0.976497 140.871
0.97688 0.047079 0.208832 73.934 -0.0505521 0.998669 0.0113328 -0.635076 -0.208018 -0.0216286 0.977948 141.672
0.978195 0.0438171 0.203348 74.0905 -0.0485969 0.998658 0.0185852 -0.628234 -0.202255 -0.028062 0.979001 142.449
0.9794 0.0415599 0.197918 74.247 -0.0479361 0.998482 0.027544 -0.635935 -0.19647 -0.0364649 0.979893 143.276
0.980036 0.0435542 0.19434 74.3842 -0.050013 0.998355 0.0284676 -0.61824 -0.192775 -0.0376187 0.980593 144.065
0.981101 0.0443353 0.188675 74.5297 -0.0499183 0.998453 0.0249523 -0.633267 -0.187274 -0.0338999 0.981785 144.861
0.982325 0.0456359 0.181912 74.6632 -0.0494429 0.998652 0.0164636 -0.63256 -0.180911 -0.0251671 0.983249 145.646
0.983648 0.0417928 0.175534 74.8146 -0.044471 0.998958 0.0113611 -0.630767 -0.174873 -0.0189824 0.98447 146.444
0.985051 0.0404552 0.167857 74.9572 -0.043033 0.999016 0.011764 -0.626935 -0.16721 -0.0188117 0.985813 147.257
0.986081 0.0462738 0.160084 75.072 -0.0490701 0.998715 0.0135713 -0.609277 -0.159247 -0.0212385 0.987072 148.073
0.987075 0.051384 0.152259 75.1821 -0.0539528 0.998473 0.0128077 -0.597692 -0.151363 -0.020857 0.98833 148.888
0.98845 0.0549242 0.141686 75.2995 -0.0569629 0.998334 0.0103896 -0.594589 -0.140876 -0.018341 0.989919 149.718
0.989814 0.0532708 0.132552 75.4162 -0.0550448 0.998448 0.00977993 -0.595817 -0.131821 -0.0169767 0.9912 150.541
0.990747 0.0532184 0.125352 75.5066 -0.0552991 0.998395 0.0131974 -0.592232 -0.124446 -0.0200078 0.992087 151.391
0.991739 0.0551301 0.116419 75.6055 -0.0575674 0.998196 0.0177084 -0.575786 -0.115228 -0.0242639 0.993115 152.244
0.992461 0.056537 0.109326 75.6753 -0.0594229 0.997972 0.0233458 -0.571324 -0.107782 -0.029667 0.993793 153.067
0.993352 0.0565328 0.100971 75.7567 -0.0595504 0.997868 0.0271625 -0.562895 -0.0992159 -0.0329945 0.994591 153.896
0.994035 0.0566133 0.0938945 75.8396 -0.0594813 0.997846 0.0280614 -0.556641 -0.0921016 -0.0334798 0.995248 154.749
0.994404 0.0557615 0.0905052 75.9022 -0.0584445 0.99793 0.0273129 -0.53848 -0.0887905 -0.0324493 0.995594 155.552
0.994648 0.0594898 0.0852311 75.9556 -0.0617746 0.997802 0.0244595 -0.496962 -0.0835866 -0.0295946 0.996123 156.389
0.994646 0.0649152 0.0812702 75.9977 -0.0667445 0.997582 0.0200485 -0.476953 -0.079768 -0.0253655 0.996563 157.184
0.994841 0.0658046 0.0780464 76.0451 -0.0674442 0.997561 0.0186035 -0.466611 -0.0766299 -0.0237723 0.996838 158.019
0.995212 0.0659222 0.0731274 76.0961 -0.0678719 0.997405 0.0245627 -0.462345 -0.0713144 -0.0294082 0.997092 158.849
0.995076 0.067422 0.0735362 76.1423 -0.0699347 0.997044 0.0321939 -0.448663 -0.0711464 -0.037179 0.996834 159.712
0.995421 0.0672432 0.0689821 76.1852 -0.0700494 0.996788 0.0391647 -0.445265 -0.0661232 -0.0438173 0.996921 160.551
0.996059 0.062386 0.0640823 76.2373 -0.0647974 0.997249 0.0363139 -0.423834 -0.0616389 -0.040324 0.997345 161.372
0.996919 0.052853 0.0591909 76.29 -0.0547012 0.998063 0.0301126 -0.411168 -0.0574813 -0.0332575 0.997866 162.183
0.997365 0.0526115 0.0512425 76.329 -0.0539995 0.99821 0.0261375 -0.383844 -0.0497742 -0.0288366 0.998405 163.001
0.997607 0.054579 0.0441268 76.3537 -0.0557914 0.998097 0.0268125 -0.352359 -0.0425764 -0.0292102 0.998739 163.822
0.998088 0.051835 0.0355717 76.3717 -0.0529407 0.998129 0.0309497 -0.348348 -0.0338996 -0.0327746 0.998948 164.652
0.998625 0.0475546 0.025146 76.3734 -0.0484311 0.998206 0.035617 -0.338899 -0.0234045 -0.0367856 0.999123 165.51
0.99897 0.0432128 0.0179988 76.3916 -0.0438614 0.998347 0.0374615 -0.325658 -0.0163491 -0.0382133 0.999196 166.368
0.999226 0.0391639 0.0126752 76.4031 -0.0396137 0.998519 0.0376949 -0.298804 -0.0111778 -0.0381675 0.999283 167.196
0.999352 0.0375243 0.00461359 76.4092 -0.037653 0.998777 0.0324129 -0.283906 -0.0033908 -0.0325666 0.999525 168.05
0.999527 0.0328664 -0.00370019 76.4221 -0.0327541 0.999124 0.0266224 -0.235866 0.00457392 -0.0264886 0.999713 168.873
0.999623 0.0275648 -0.0112789 76.4276 -0.02727 0.999316 0.0254445 -0.219217 0.0119732 -0.0251285 0.999674 169.72
0.999481 0.02959 -0.0176656 76.4106 -0.0290165 0.999091 0.0317639 -0.182213 0.018591 -0.0312345 0.999415 170.567
0.999075 0.0388894 -0.0217131 76.3744 -0.0379584 0.998421 0.0417092 -0.129973 0.0233012 -0.0408476 0.998955 171.415
0.998777 0.0432531 -0.0269333 76.3397 -0.0418528 0.997866 0.0504503 -0.106012 0.0290592 -0.0492605 0.998439 172.267
0.998664 0.0433445 -0.0304676 76.3022 -0.0418475 0.997977 0.0481234 -0.0696444 0.032492 -0.0467852 0.998439 173.108
0.998553 0.0449901 -0.0319579 76.269 -0.0436803 0.998242 0.0404761 -0.0627352 0.0337238 -0.039021 0.998746 173.956
0.99792 0.0550792 -0.0355 76.2193 -0.0539586 0.998052 0.0317262 -0.0241743 0.0371784 -0.0297458 0.998929 174.786
0.997909 0.0544846 -0.0369026 76.1824 -0.0534204 0.998164 0.0291445 0.00538981 0.0384237 -0.0271118 0.99897 175.645
0.998056 0.0495296 -0.0396114 76.1537 -0.0481948 0.998275 0.0339294 0.0210824 0.0412235 -0.0319556 0.998701 176.496
0.99812 0.0484165 -0.0395224 76.1245 -0.0468078 0.998096 0.0405841 0.054503 0.0414129 -0.0386572 0.998471 177.351
0.998083 0.0500506 -0.0382711 76.0825 -0.0482679 0.997783 0.0461242 0.0937699 0.0404947 -0.0441896 0.998265 178.226
0.998026 0.0497345 -0.040248 76.0297 -0.047869 0.997812 0.0459818 0.110659 0.0424476 -0.0439637 0.998209 179.075
0.998076 0.0464094 -0.0427925 76.0048 -0.0448038 0.998299 0.0377088 0.165535 0.0444694 -0.0357201 0.998436 179.912
0.998174 0.0426074 -0.0445416 75.979 -0.0412462 0.998687 0.0309809 0.181712 0.0458037 -0.0290868 0.998605 180.749
0.998298 0.0359514 -0.047441 75.9551 -0.0346526 0.999026 0.0278938 0.193073 0.0483974 -0.0262036 0.99855 181.589
0.998241 0.0370437 -0.0479138 75.9131 -0.0355463 0.998883 0.031685 0.211553 0.0490347 -0.0299257 0.998428 182.448
0.998025 0.0402365 -0.0497074 75.862 -0.0382402 0.998466 0.0404489 0.234244 0.0512586 -0.0384693 0.998011 183.303
0.997969 0.040126 -0.0509863 75.8141 -0.0379334 0.998363 0.0432166 0.25059 0.0526378 -0.0411941 0.997842 184.146
0.997955 0.0399981 -0.0512731 75.766 -0.0378724 0.998427 0.041751 0.273075 0.0528625 -0.0397246 0.997878 184.984
0.997687 0.0456585 -0.0518555 75.7075 -0.0436104 0.99827 0.0399076 0.300393 0.0535887 -0.0375532 0.997936 185.831
0.997355 0.0521383 -0.0520536 75.6499 -0.0500652 0.997949 0.0403249 0.348983 0.0540494 -0.0376129 0.997897 186.69
0.997288 0.0541792 -0.0513135 75.5957 -0.052041 0.997778 0.0420628 0.37233 0.0534792 -0.0392778 0.997877 187.526
0.996982 0.0587372 -0.0521845 75.5392 -0.056376 0.997387 0.0455751 0.410584 0.0547252 -0.0424962 0.997664 188.359
0.996663 0.0637345 -0.0524756 75.4895 -0.0611708 0.996943 0.0490174 0.449657 0.0554401 -0.0456432 0.997499 189.183
0.996605 0.0647812 -0.0522377 75.4312 -0.0622609 0.996901 0.0484604 0.479634 0.0552153 -0.0450441 0.997526 189.995
