0.999945 0.00497497 -0.00933774 0.134154 -0.00497825 0.999988 -0.000329816 0.0147451 0.00933657 0.000376128 0.999957 1.05012
0.999945 0.00407734 -0.00994394 0.116247 -0.00407572 0.999991 0.000189822 -0.0130054 0.00994486 -0.000149267 0.999952 2.43917
0.999953 0.00809759 -0.00540939 -0.00872124 -0.00811244 0.999964 -0.00273545 0.00116209 0.00538762 0.00277903 0.999983 3.68056
0.999956 0.00939102 -0.00232413 -0.0408149 -0.0094008 0.999946 -0.00422729 -0.00650158 0.00228457 0.00424896 0.99999 5.04544
0.999932 0.010675 -0.00490627 0.00849366 -0.0106986 0.999931 -0.0047853 -0.0208097 0.00485545 0.00483747 0.999978 6.36267
0.99993 0.00930246 -0.00779713 0.067768 -0.00933531 0.999947 -0.00418921 -0.0363865 0.00775803 0.00426171 0.999962 7.66987
0.999907 0.0105175 -0.00901773 0.0692196 -0.010559 0.999934 -0.00455002 -0.0512355 0.00896996 0.00464484 0.999952 9.04049
0.999891 0.0107034 -0.0104994 0.0896717 -0.0107678 0.999922 -0.00609143 -0.0829566 0.0104337 0.00620384 0.999928 10.3971
0.999858 0.0120822 -0.0120733 0.0912195 -0.0121639 0.999904 -0.00670609 -0.126612 0.0119918 0.00685209 0.999908 11.7397
0.999802 0.014683 -0.0137106 0.107039 -0.0147941 0.999859 -0.00805362 -0.138529 0.0135907 0.00825484 0.999877 13.0426
0.999766 0.0181506 -0.0121324 0.0472156 -0.0182158 0.99982 -0.00529142 -0.227764 0.0120349 0.00551121 0.999915 14.4066
0.999797 0.017998 -0.00965087 -0.016835 -0.0180477 0.999823 -0.00510112 -0.235674 0.00955771 0.00527412 0.999944 15.7801
0.999857 0.0150242 -0.00837938 -0.0590569 -0.0150536 0.99988 -0.00345513 -0.248126 0.00832718 0.00358075 0.999961 17.1512
0.999937 0.0102158 -0.00586832 -0.095009 -0.0102271 0.999945 -0.00190234 -0.259522 0.00584893 0.00196197 0.999985 18.4875
0.999964 0.00671725 -0.00587049 -0.107027 -0.00673398 0.999972 -0.00280838 -0.307346 0.00585224 0.00284782 0.999981 19.8619
0.999984 0.00548732 -0.00455128 -0.148209 -0.00550602 0.999978 -0.0042207 -0.33911 0.00452833 0.00424503 0.999991 21.2137
0.999975 0.00748799 -0.00297732 -0.176013 -0.0075023 0.999959 -0.00473771 -0.382722 0.00294249 0.00475978 0.99999 22.6007
0.999941 0.0116213 -0.00166898 -0.19378 -0.0116251 0.999931 -0.00268611 -0.423975 0.00163795 0.00270469 1.00001 24.0247
0.999938 0.0115288 -0.00238603 -0.219347 -0.0115262 0.999931 0.00121388 -0.473883 0.00240063 -0.0011865 1 25.4484
0.999949 0.0109732 -0.00122081 -0.246538 -0.0109706 0.99994 0.00178131 -0.48779 0.00124056 -0.00176851 1.00001 26.8131
0.99998 0.0070912 -0.00248428 -0.243051 -0.00708944 0.999973 0.000880202 -0.538065 0.00249138 -0.000862751 1 28.218
0.999983 0.0062425 -0.00377134 -0.257022 -0.00624551 0.999981 -0.000913528 -0.590086 0.00376596 0.000936356 1 29.5963
0.999982 0.00423688 -0.00591754 -0.178857 -0.00425286 0.999986 -0.00260607 -0.652911 0.00590759 0.00263096 0.999984 30.9246
0.999964 0.00739246 -0.00606152 -0.148262 -0.00739247 0.999973 -4.67473e-05 -0.736966 0.00606145 9.08776e-05 0.999994 32.239
0.999961 0.00885494 -0.00451945 -0.201162 -0.00886532 0.999957 -0.00218166 -0.755189 0.00450094 0.00222145 0.999992 33.6339
0.999968 0.00886185 -0.00245046 -0.229754 -0.00886665 0.99996 -0.00208694 -0.787091 0.00243231 0.00210791 1.00001 35.0052
0.999995 0.00482576 -0.00238848 -0.263779 -0.00482176 0.999986 0.0019199 -0.845417 0.00239875 -0.00190864 1 36.4291
0.999988 0.00524248 -0.00417714 -0.221007 -0.00523067 0.999983 0.00274891 -0.870042 0.00419188 -0.00272771 1 37.7797
0.999964 0.00707067 -0.00656395 -0.166028 -0.00704348 0.999966 0.00425002 -0.918246 0.00659481 -0.00420396 0.999975 39.2108
0.999954 0.00898094 -0.00549525 -0.195512 -0.00895705 0.99995 0.00428826 -0.943446 0.0055339 -0.00423958 0.99999 40.6396
0.999892 0.0131728 -0.008037 -0.168529 -0.0131483 0.999909 0.00317342 -0.955207 0.00807921 -0.00306771 0.999969 42.0995
0.999863 0.015372 -0.00757638 -0.172927 -0.0153473 0.999876 0.00325129 -0.984673 0.00762587 -0.0031354 0.999981 43.5394
0.999808 0.0177115 -0.00965336 -0.114824 -0.0176559 0.999827 0.00584018 -1.07112 0.00975632 -0.00566893 0.999942 44.9676
0.999758 0.0192806 -0.0114748 -0.0789745 -0.0191314 0.999733 0.0129318 -1.2423 0.0117216 -0.01271 0.999866 46.3553
0.999756 0.0193174 -0.0118599 -0.109313 -0.0191644 0.999733 0.0129215 -1.24151 0.0121073 -0.0126913 0.999853 47.7769
0.999691 0.0226686 -0.0111496 -0.181787 -0.0224745 0.9996 0.017157 -1.29695 0.0115346 -0.0169021 0.999805 49.2589
0.999633 0.0226736 -0.0157046 -0.0934977 -0.0223538 0.999545 0.0202792 -1.36783 0.0161583 -0.019921 0.999679 50.6876
0.999504 0.0264099 -0.0177675 -0.113154 -0.0261065 0.999514 0.0170401 -1.30553 0.0182094 -0.0165689 0.999711 52.1408
0.999454 0.0272413 -0.0194312 -0.135341 -0.026929 0.999507 0.016178 -1.28147 0.0198634 -0.0156461 0.99969 53.562
0.999337 0.0301287 -0.0209202 -0.152512 -0.0298102 0.999437 0.0153198 -1.293 0.0213706 -0.0146871 0.999676 55.0292
0.999318 0.0314446 -0.0200332 -0.181349 -0.0311616 0.999413 0.0143164 -1.30169 0.0204727 -0.0136826 0.999706 56.4545
0.999405 0.0287616 -0.0196451 -0.229826 -0.0284807 0.999492 0.0143917 -1.31209 0.0200498 -0.0138247 0.999716 57.9044
0.999493 0.0270803 -0.01763 -0.292954 -0.0268004 0.999516 0.0159824 -1.33109 0.0180553 -0.0155021 0.999729 59.3491
0.999589 0.0246504 -0.0155776 -0.345546 -0.0243535 0.999526 0.0189449 -1.35417 0.016038 -0.0185589 0.999714 60.7969
0.999653 0.0221568 -0.0153249 -0.364958 -0.0218334 0.999545 0.0210265 -1.36651 0.0157848 -0.0206849 0.999674 62.2538
0.999818 0.0163804 -0.0113236 -0.430406 -0.01614 0.999653 0.0209809 -1.36386 0.0116638 -0.0207955 0.999731 63.4527
0.999857 0.0145656 -0.0104313 -0.459086 -0.0143579 0.999706 0.0198095 -1.35525 0.0107175 -0.019657 0.999764 64.8746
0.999885 0.0145402 -0.007194 -0.510365 -0.0144009 0.999719 0.019023 -1.35505 0.00746901 -0.0189183 0.999809 66.2601
0.999892 0.0139122 -0.00746005 -0.523516 -0.0137558 0.999695 0.020753 -1.36852 0.00774725 -0.0206482 0.999772 67.7251
0.999831 0.0188731 -0.0037844 -0.587203 -0.0187875 0.999598 0.0214786 -1.37021 0.00418855 -0.0214051 0.999778 69.0789
0.99972 0.0242615 -0.00296587 -0.574542 -0.0241932 0.999483 0.0214485 -1.35681 0.00348534 -0.0213707 0.999781 70.5134
0.99946 0.0332796 -0.00227777 -0.564893 -0.0332319 0.999283 0.0183808 -1.33127 0.0028881 -0.0182963 0.999845 71.9068
0.999366 0.0361088 -2.71664e-05 -0.636931 -0.036104 0.999217 0.0165686 -1.30287 0.000625989 -0.0165571 0.999878 73.3135
0.999043 0.0440131 0.00285249 -0.673947 -0.0440431 0.998966 0.0117277 -1.28691 -0.00233312 -0.0118433 0.999944 74.7432
0.998603 0.0530897 0.00344957 -0.682276 -0.0531251 0.998534 0.010993 -1.34051 -0.0028603 -0.011161 0.999949 76.1452
0.998196 0.0599793 0.00617672 -0.728224 -0.0600222 0.998177 0.00713265 -1.3493 -0.0057375 -0.00749169 0.999972 77.5468
0.998253 0.0592906 0.00382501 -0.68713 -0.0593108 0.998233 0.00530824 -1.33451 -0.00350298 -0.00552593 0.999996 78.9006
0.998245 0.059342 0.00359808 -0.684628 -0.0593491 0.998243 0.00218451 -1.32945 -0.00346242 -0.00239536 1.00001 80.2918
0.998069 0.0616884 0.00959507 -0.815436 -0.0616728 0.998103 -0.0019124 -1.29335 -0.0096947 0.00131686 0.99997 81.7238
0.998244 0.0591562 0.00617669 -0.740389 -0.0591653 0.998258 0.00150419 -1.37782 -0.00607771 -0.00186799 1 83.0615
0.998233 0.0594628 0.0062842 -0.770059 -0.0594621 0.998241 -0.00025332 -1.38362 -0.00628901 -0.000120533 1 84.5171
0.998086 0.0601721 0.0154117 -0.984687 -0.0601505 0.998198 -0.00178138 -1.36769 -0.0154926 0.000850239 0.999907 85.7567
0.998001 0.0604067 0.0198312 -1.0724 -0.0603649 0.998184 -0.00268278 -1.3663 -0.0199587 0.00148041 0.999824 87.1404
0.998189 0.0566802 0.0210025 -1.02947 -0.0567123 0.998401 0.000989983 -1.46007 -0.0209144 -0.00217982 0.999807 88.2336
0.998279 0.0551758 0.0210655 -1.04212 -0.0551744 0.99849 -0.000612 -1.45061 -0.0210688 -0.000551068 0.999807 89.682
0.998302 0.0543134 0.0218598 -1.0308 -0.0543281 0.998535 0.000101301 -1.49103 -0.0218241 -0.00128943 0.999789 90.9112
0.998276 0.0539518 0.0242163 -1.08087 -0.0539346 0.998557 -0.0013358 -1.49366 -0.024255 2.76441e-05 0.999735 92.2596
0.99845 0.0521278 0.0204423 -0.958706 -0.0521108 0.998652 -0.00134165 -1.54105 -0.0204867 0.000273481 0.999816 93.6774
0.998541 0.0508609 0.0195838 -0.963685 -0.050845 0.998719 -0.00127062 -1.55487 -0.0196251 0.0002733 0.999837 95.1259
0.998491 0.0508488 0.0216253 -1.0126 -0.050791 0.998717 -0.00318374 -1.5551 -0.0217615 0.0020798 0.999788 96.5073
0.99834 0.0543276 0.0204824 -0.935125 -0.0543197 0.998538 -0.000877194 -1.65142 -0.0205019 -0.0002365 0.999821 97.8508
0.998259 0.0554513 0.0210872 -0.921755 -0.0554353 0.998473 -0.00129944 -1.66625 -0.0211292 0.000127339 0.999805 99.2393
0.998285 0.0551455 0.0209881 -0.883632 -0.0551675 0.998492 0.000542295 -1.70075 -0.0209287 -0.0016989 0.99981 100.624
0.998264 0.0563312 0.0183289 -0.792483 -0.056407 0.998414 0.00370729 -1.76921 -0.0180934 -0.00473557 0.999854 101.929
0.998374 0.0545464 0.0179672 -0.797744 -0.0545468 0.998523 -0.000376605 -1.74594 -0.0179634 -0.000603811 0.999868 103.318
0.998415 0.0541787 0.0165494 -0.756936 -0.0541362 0.998541 -0.00293008 -1.7742 -0.0166864 0.00202876 0.99989 104.672
0.998293 0.0557498 0.0185622 -0.782084 -0.0556576 0.998443 -0.00535287 -1.78172 -0.0188341 0.00431078 0.999841 106.018
0.998439 0.0527036 0.0196812 -0.78917 -0.0526359 0.998618 -0.00388154 -1.81519 -0.0198613 0.00283887 0.999834 107.306
0.998454 0.0512896 0.0223111 -0.798501 -0.051234 0.998692 -0.002972 -1.8287 -0.0224368 0.00182461 0.999774 108.71
0.998544 0.0493472 0.0228382 -0.789071 -0.0492853 0.998791 -0.00321671 -1.83776 -0.0229721 0.0020858 0.99977 110.034
0.998637 0.0455819 0.0261756 -0.782815 -0.0454857 0.998966 -0.00419181 -1.87338 -0.026342 0.00299589 0.999677 111.242
0.998503 0.0474544 0.0282483 -0.777273 -0.0473026 0.998879 -0.00597674 -1.91542 -0.0285034 0.00463088 0.999625 112.6
0.998031 0.0529018 0.0342623 -0.889854 -0.0525435 0.998566 -0.0112159 -1.90163 -0.0348091 0.009394 0.99938 113.957
0.997731 0.0566187 0.0372701 -0.862799 -0.056304 0.998386 -0.00941497 -1.96932 -0.0377464 0.00729432 0.999305 115.278
0.99761 0.0565023 0.0402488 -0.815179 -0.0562823 0.998404 -0.00652744 -2.04342 -0.040556 0.00424705 0.999198 116.574
0.997592 0.0572433 0.0399714 -0.732503 -0.0571942 0.998378 -0.0023453 -2.1269 -0.0400443 5.2783e-05 0.999242 117.907
0.997496 0.0573425 0.0419132 -0.715513 -0.0572777 0.998365 -0.00270012 -2.14171 -0.0420023 0.000293215 0.999151 119.252
0.997357 0.0571314 0.045598 -0.730836 -0.0570375 0.998383 -0.00333559 -2.1354 -0.0457184 0.000725282 0.998998 120.554
0.996761 0.0648667 0.0480332 -0.707833 -0.0646206 0.997899 -0.00661992 -2.14651 -0.0483644 0.0034951 0.998858 121.874
0.996364 0.0682432 0.0517026 -0.704206 -0.067829 0.99767 -0.00970454 -2.14415 -0.0522482 0.00616152 0.998662 123.228
0.996248 0.0689383 0.0527872 -0.598049 -0.0685339 0.997618 -0.00939533 -2.21464 -0.0533122 0.00574278 0.998597 124.495
0.996084 0.0699329 0.0547579 -0.545517 -0.0694683 0.997556 -0.0103186 -2.25108 -0.0553505 0.00647335 0.998491 125.856
0.996167 0.0680156 0.0554545 -0.451135 -0.0676899 0.997691 -0.00768951 -2.33367 -0.0558526 0.0039067 0.998468 127.102
0.995975 0.0675467 0.0595375 -0.462049 -0.0670891 0.997726 -0.00963213 -2.30369 -0.0600575 0.00559811 0.998225 128.463
0.995949 0.0646922 0.0628708 -0.414672 -0.0641611 0.997901 -0.0103962 -2.30892 -0.0634147 0.00632049 0.998005 129.729
0.996209 0.0637961 0.0597762 -0.257382 -0.0634242 0.99798 -0.00807761 -2.3888 -0.0601756 0.0042549 0.998228 131.042
0.996304 0.0622678 0.0596275 -0.150238 -0.0618416 0.998062 -0.00892951 -2.4107 -0.0600713 0.00520938 0.998219 132.334
0.996437 0.0622318 0.0575931 -0.0431887 -0.0618874 0.998079 -0.00772291 -2.45675 -0.0579681 0.0041303 0.998359 133.681
0.996501 0.0603021 0.0583681 -0.00366956 -0.0598671 0.998181 -0.00913638 -2.46719 -0.0588162 0.00561045 0.998292 135.079
0.996518 0.0583546 0.0601926 0.0389451 -0.0578173 0.998296 -0.0106096 -2.48997 -0.0607141 0.00709169 0.998179 136.455
0.996655 0.0568037 0.059248 0.0998859 -0.0563998 0.998389 -0.0084317 -2.53223 -0.0596349 0.00506229 0.998246 137.841
0.996634 0.0583302 0.0582821 0.189088 -0.0579038 0.998308 -0.00895819 -2.56793 -0.058711 0.00555255 0.998309 139.229
0.996458 0.060046 0.059359 0.23359 -0.0595417 0.99819 -0.0101927 -2.60233 -0.0598669 0.00662262 0.998224 140.554
0.996321 0.0622265 0.0595907 0.299879 -0.0616457 0.998057 -0.0115166 -2.64826 -0.0601965 0.00779997 0.998206 141.939
0.996298 0.0642495 0.05761 0.392792 -0.0637493 0.997928 -0.010439 -2.71516 -0.0581645 0.00672798 0.998324 143.297
0.99623 0.0667957 0.0560752 0.505268 -0.0661515 0.997747 -0.0132434 -2.78469 -0.0568385 0.00948314 0.998389 144.634
0.996503 0.0629597 0.0554726 0.557627 -0.0621323 0.99795 -0.0164753 -2.78141 -0.0563995 0.0129712 0.998363 146.013
0.997103 0.0535878 0.0547146 0.6812 -0.0527878 0.998505 -0.0159319 -2.7886 -0.0554914 0.0129965 0.998426 147.255
0.997382 0.0477169 0.054927 0.726961 -0.0469256 0.998797 -0.0155682 -2.81843 -0.055607 0.0129501 0.998411 148.628
0.997577 0.0445054 0.0542162 0.796917 -0.0435279 0.998898 -0.0190516 -2.86133 -0.055009 0.0166444 0.998403 150.008
0.997849 0.0452037 0.0481828 1.01981 -0.044042 0.99874 -0.0248619 -2.86263 -0.049249 0.0226863 0.998572 151.241
0.997534 0.0491092 0.0509494 1.04412 -0.0478232 0.998542 -0.026129 -2.93861 -0.0521629 0.0236267 0.998417 152.601
0.997612 0.0484349 0.049931 1.13741 -0.047217 0.998586 -0.0252471 -3.01528 -0.0510863 0.0228291 0.998477 153.962
0.997725 0.0451325 0.0509136 1.18902 -0.0441287 0.998841 -0.0206444 -3.08672 -0.051791 0.0183495 0.998546 155.235
0.998114 0.0391175 0.0480552 1.3184 -0.0383343 0.999139 -0.0170725 -3.15039 -0.0486847 0.015198 0.998743 156.613
0.998244 0.0358005 0.0480787 1.39649 -0.0351152 0.999299 -0.0149995 -3.21319 -0.0485867 0.0132838 0.998788 157.941
0.998204 0.0339551 0.050055 1.41615 -0.0332894 0.999368 -0.0140373 -3.25889 -0.050503 0.0123458 0.998693 159.311
0.998013 0.0347418 0.05339 1.43673 -0.0340765 0.999359 -0.0133009 -3.30546 -0.0538226 0.011454 0.998543 160.644
0.997874 0.0349552 0.0556336 1.48275 -0.0343935 0.999368 -0.0109896 -3.37536 -0.0559856 0.00905271 0.998436 161.989
0.998035 0.0347504 0.0529608 1.59755 -0.0339498 0.999324 -0.0159184 -3.36143 -0.0534828 0.0140879 0.998529 163.31
0.997686 0.0402308 0.0554521 1.61633 -0.0393409 0.999101 -0.0170184 -3.41129 -0.05609 0.0147974 0.998362 164.659
0.997402 0.0416873 0.0595178 1.63392 -0.0407632 0.999056 -0.0166348 -3.44451 -0.0601598 0.0141643 0.998149 166.028
0.997153 0.0463849 0.0600319 1.67007 -0.0453077 0.998808 -0.0191542 -3.46403 -0.0608518 0.0163796 0.998058 167.425
0.996989 0.0514087 0.0588309 1.73564 -0.050243 0.99854 -0.021098 -3.53397 -0.0598345 0.0180773 0.998106 168.765
0.996935 0.0519531 0.0590969 1.81179 -0.0507465 0.998495 -0.0217049 -3.61928 -0.0601387 0.0186392 0.998061 170.054
0.9966 0.0541669 0.0628179 1.80828 -0.0530014 0.99842 -0.0200496 -3.69595 -0.0638095 0.0166508 0.997886 171.374
0.996154 0.0594666 0.0648918 1.84917 -0.058338 0.998135 -0.0191164 -3.7394 -0.0659108 0.0152572 0.997754 172.733
0.996005 0.0625463 0.0644542 1.94632 -0.0616113 0.997996 -0.0163664 -3.80205 -0.0653535 0.0123288 0.997847 174.159
0.995479 0.0641018 0.0706876 1.94842 -0.0631529 0.997903 -0.0155511 -3.82683 -0.0715395 0.0110165 0.997428 175.539
0.995746 0.0605594 0.0701547 2.03973 -0.05963 0.998136 -0.015245 -3.85695 -0.070952 0.0109958 0.99748 176.943
0.996151 0.0565797 0.0676008 2.13233 -0.055845 0.998378 -0.0126842 -3.93956 -0.0682124 0.00886002 0.997683 178.305
0.996126 0.0574927 0.0672394 2.20202 -0.0564261 0.998282 -0.0176289 -3.97567 -0.0681419 0.0137654 0.997645 179.727
0.995951 0.0596727 0.0678766 2.25439 -0.0582534 0.998065 -0.0226748 -4.01413 -0.0691015 0.0186287 0.99749 181.127
0.99566 0.0638344 0.068437 2.32681 -0.0623781 0.997814 -0.0231826 -4.06499 -0.0697719 0.0188118 0.997449 182.545
0.995461 0.0667268 0.0684887 2.43599 -0.0653508 0.997638 -0.0221071 -4.12405 -0.0698054 0.0175307 0.997462 183.812
0.995423 0.0654003 0.0703888 2.50968 -0.0643052 0.997805 -0.0176888 -4.18161 -0.0713957 0.0130804 0.997427 185.145
0.99514 0.067491 0.0722973 2.56066 -0.0664587 0.997673 -0.0165623 -4.22191 -0.0732502 0.0116767 0.997302 186.574
0.995318 0.0673918 0.0700129 2.7206 -0.0664906 0.997702 -0.0150991 -4.28781 -0.0708744 0.010372 0.997498 187.927
0.995744 0.0624288 0.0684369 2.84725 -0.0616686 0.998032 -0.0131409 -4.34272 -0.0691261 0.00886426 0.997625 189.391
0.995875 0.0596156 0.0691823 2.9266 -0.0588996 0.998218 -0.0123229 -4.39317 -0.0697985 0.0081962 0.997595 190.809
0.996064 0.0563061 0.0690985 3.01886 -0.0556176 0.998404 -0.0118248 -4.44065 -0.0696576 0.00793485 0.997596 192.232
0.996465 0.0524303 0.0664456 3.16795 -0.05193 0.998639 -0.00921513 -4.50379 -0.0668431 0.00573106 0.997815 193.706
0.996427 0.048526 0.069773 3.19149 -0.0479862 0.998826 -0.0093699 -4.52369 -0.0701493 0.00598806 0.997575 195.088
0.996242 0.0470753 0.0734303 3.23849 -0.0464396 0.998898 -0.0103244 -4.53926 -0.0738399 0.00687456 0.997315 196.512
0.996222 0.0495515 0.071943 3.39345 -0.0486225 0.998734 -0.0145842 -4.58612 -0.0725779 0.0110309 0.99736 197.954
0.995679 0.0577975 0.0734146 3.43853 -0.0563755 0.998213 -0.0212792 -4.58713 -0.0745176 0.0170472 0.997144 199.374
0.995097 0.0659224 0.0743854 3.52292 -0.0645299 0.997721 -0.0209484 -4.644 -0.0756 0.016045 0.997069 200.811
0.994369 0.0733986 0.0771552 3.58569 -0.0722539 0.997265 -0.0175026 -4.69023 -0.0782327 0.0118278 0.996938 202.259
0.994178 0.0740806 0.0789084 3.673 -0.0730869 0.997233 -0.0153892 -4.73479 -0.0798331 0.00953184 0.996825 203.71
0.994214 0.073372 0.0791463 3.74805 -0.0723651 0.99729 -0.0154956 -4.76306 -0.0800724 0.00967708 0.996815 205.217
0.994435 0.0707323 0.0787574 3.85997 -0.0698334 0.997487 -0.0140936 -4.84148 -0.0795591 0.00851472 0.996856 206.62
0.994625 0.0682586 0.0785614 3.95642 -0.0673625 0.997663 -0.0139808 -4.89225 -0.0793353 0.00861223 0.99689 208.097
0.994637 0.0664612 0.0799235 4.0375 -0.0656167 0.997786 -0.0131288 -4.93446 -0.080622 0.00781351 0.996777 209.536
0.994256 0.0682191 0.0831853 4.08763 -0.0673468 0.997675 -0.0132264 -4.97068 -0.0838968 0.00754644 0.99653 210.997
0.994244 0.0699846 0.0817825 4.23626 -0.0692911 0.997561 -0.0112707 -5.04019 -0.0823746 0.00553836 0.99665 212.426
0.994327 0.0700763 0.0807458 4.36979 -0.0694913 0.997566 -0.0100096 -5.10177 -0.0812533 0.00433988 0.996768 213.895
0.994661 0.0693672 0.0771043 4.57424 -0.0688585 0.997612 -0.00921868 -5.20389 -0.0775624 0.00385945 0.997045 215.394
0.994788 0.0686128 0.0762204 4.68272 -0.0680862 0.997667 -0.00946097 -5.24039 -0.0766942 0.00422022 0.997134 216.872
0.9945 0.0720794 0.0767077 4.78969 -0.0719856 0.997427 -0.00396863 -5.41142 -0.076799 -0.0015759 0.997111 218.285
0.994479 0.0717853 0.0773178 4.89822 -0.0726222 0.997359 0.00809784 -5.67217 -0.0765349 -0.0136696 0.997062 219.695
0.99448 0.0716425 0.0774041 4.98522 -0.0724674 0.997371 0.00791831 -5.68337 -0.0766357 -0.0134843 0.997037 221.155
0.99477 0.070524 0.0746972 5.15616 -0.0716042 0.997395 0.0119175 -5.76357 -0.0736647 -0.0172052 0.997225 222.653
0.994793 0.0712311 0.0736836 5.27415 -0.0723879 0.997322 0.0131682 -5.80053 -0.0725507 -0.0184339 0.997264 224.24
0.994703 0.0735344 0.0726467 5.3985 -0.0746987 0.997148 0.0134801 -5.82533 -0.0714508 -0.0188367 0.997357 225.737
0.99462 0.0759145 0.0713006 5.50822 -0.0769979 0.996984 0.012591 -5.83877 -0.0701321 -0.0180137 0.997446 227.272
0.994468 0.0761292 0.0732003 5.58557 -0.0770445 0.997011 0.00980027 -5.80426 -0.0722379 -0.0153873 0.997361 228.807
0.994198 0.0793761 0.0733971 5.69894 -0.0801429 0.996787 0.00758023 -5.79815 -0.0725619 -0.0134189 0.997344 230.318
0.99397 0.080586 0.0751649 5.80785 -0.0812862 0.996702 0.00634132 -5.79351 -0.0744083 -0.0124146 0.997243 231.812
0.993997 0.0794768 0.0759484 5.90228 -0.0803228 0.996769 0.00816912 -5.82854 -0.0750557 -0.0142213 0.997149 233.348
0.993948 0.0800152 0.0760456 6.01887 -0.080835 0.996728 0.00780146 -5.84312 -0.075175 -0.0139031 0.997165 234.892
0.993626 0.0833394 0.0766637 6.14095 -0.0839652 0.99649 0.0049965 -5.85099 -0.0759801 -0.0114026 0.997116 236.378
0.993259 0.0842961 0.0803004 6.24139 -0.084871 0.996417 0.00380689 -5.83126 -0.0796943 -0.0105982 0.996855 237.705
0.993252 0.0823326 0.0823861 6.38333 -0.0832228 0.996538 0.00744872 -5.87118 -0.0814895 -0.0142558 0.996645 239.088
0.993066 0.081159 0.085752 6.48184 -0.0822187 0.996607 0.00892585 -5.90279 -0.0847392 -0.015916 0.996373 240.497
0.992912 0.0813034 0.0873785 6.52987 -0.0823384 0.996603 0.00831637 -5.92105 -0.0864078 -0.0154529 0.996215 242.168
0.993136 0.0802644 0.0857945 6.70305 -0.0812214 0.9967 0.00775016 -5.96518 -0.0848923 -0.0146672 0.99638 243.664
0.993169 0.0824129 0.0833311 6.91923 -0.0835706 0.996481 0.0105134 -6.03949 -0.0821739 -0.0174066 0.996541 245.27
0.993378 0.0835218 0.0796702 7.14024 -0.0848066 0.996349 0.0129153 -6.10078 -0.0783036 -0.0195882 0.996836 246.797
0.993267 0.0849528 0.0795369 7.24178 -0.086312 0.996208 0.0138256 -6.13424 -0.0780635 -0.0205987 0.996812 248.433
0.993095 0.086962 0.079533 7.3894 -0.0883298 0.996031 0.0138793 -6.17405 -0.0780135 -0.0208105 0.996835 249.892
0.992883 0.0884307 0.0805458 7.46958 -0.0899195 0.995872 0.0150598 -6.19715 -0.0788841 -0.0221965 0.996716 251.504
0.99243 0.0929196 0.0810871 7.57823 -0.0942909 0.995492 0.0132799 -6.20736 -0.0794906 -0.0208274 0.99672 253.019
0.992548 0.0941267 0.0781896 7.75895 -0.0955299 0.995359 0.0144181 -6.24595 -0.0764719 -0.0217815 0.996913 254.55
0.992755 0.0937019 0.0760388 7.93747 -0.0950069 0.995417 0.0137634 -6.27819 -0.074404 -0.0208902 0.997112 256.018
0.992939 0.0925322 0.0750769 8.06289 -0.0939375 0.995496 0.0154251 -6.32172 -0.0733138 -0.0223701 0.997138 257.593
0.992452 0.0976518 0.0750299 8.22189 -0.0987528 0.995085 0.011141 -6.31629 -0.0735765 -0.0184689 0.997221 259.034
0.992388 0.101405 0.070776 8.3753 -0.102173 0.994777 0.00733922 -6.32516 -0.0696646 -0.0145163 0.997545 260.575
0.992477 0.101903 0.0687926 8.47754 -0.102483 0.994757 0.0049915 -6.35009 -0.0679267 -0.0120067 0.997719 262.114
0.992638 0.0973832 0.0729203 8.50795 -0.0982907 0.99515 0.00896757 -6.38813 -0.0716962 -0.0160708 0.99738 263.645
0.992956 0.0923013 0.0751336 8.56759 -0.0936195 0.995543 0.0142487 -6.48454 -0.0734868 -0.0211849 0.997174 265.167
0.993247 0.0911482 0.0726438 8.71963 -0.0924786 0.995627 0.0151653 -6.51916 -0.0709472 -0.0217828 0.99732 266.785
0.993569 0.0886239 0.0713721 8.83258 -0.0900894 0.995814 0.0176163 -6.60519 -0.0695155 -0.0239354 0.997398 268.383
0.993567 0.0872768 0.0730313 8.9251 -0.0888183 0.99591 0.0181287 -6.62687 -0.071154 -0.0245004 0.997242 269.869
0.993296 0.0917994 0.0711692 9.09761 -0.0933514 0.995491 0.0188349 -6.67271 -0.0691229 -0.0253549 0.99739 271.451
0.992852 0.0958781 0.0719706 9.21072 -0.0974657 0.995086 0.0188771 -6.71723 -0.0698109 -0.0257586 0.997306 272.942
0.992812 0.0947967 0.0739451 9.30534 -0.0965683 0.995143 0.0207939 -6.73654 -0.0716184 -0.0277875 0.997147 274.5
0.992839 0.0938587 0.0747699 9.43221 -0.0954362 0.995303 0.0178062 -6.66424 -0.0727514 -0.0248163 0.99712 276.053
0.992872 0.0928904 0.0755669 9.60521 -0.0942404 0.995477 0.0145247 -6.60437 -0.0738804 -0.021545 0.997139 277.422
0.992794 0.0928107 0.0766749 9.70308 -0.0941401 0.995489 0.0139049 -6.61437 -0.0750431 -0.0210246 0.997039 279.094
0.992969 0.0908792 0.0767305 9.9045 -0.0921779 0.995683 0.0135759 -6.6085 -0.0751704 -0.0205559 0.997064 280.502
0.993003 0.0897281 0.0776458 10.0019 -0.0910883 0.995771 0.0141559 -6.60902 -0.0760521 -0.021131 0.996962 282.141
0.992819 0.0899759 0.0796807 10.0614 -0.0912647 0.995779 0.0127037 -6.58748 -0.0782062 -0.0198871 0.996845 283.663
0.99281 0.0884251 0.0815139 10.1378 -0.0894787 0.995973 0.00936166 -6.57476 -0.0803629 -0.0165896 0.99671 285.172
0.992905 0.0897454 0.0788707 10.3212 -0.0905263 0.995908 0.00640346 -6.59611 -0.0779782 -0.0135004 0.996971 286.718
0.993098 0.0880476 0.0783473 10.4255 -0.08886 0.996049 0.00694054 -6.61589 -0.0774316 -0.0138561 0.996984 288.262
0.993137 0.0886762 0.0771509 10.5843 -0.0892934 0.99603 0.00460768 -6.59325 -0.076441 -0.0114679 0.997118 289.735
0.993103 0.0900397 0.0759999 10.7127 -0.0900862 0.99596 -0.00281737 -6.48662 -0.0759515 -0.00405007 0.997187 291.256
0.992613 0.0959441 0.0751696 10.8189 -0.0955601 0.995422 -0.00866905 -6.46032 -0.0756621 0.0014188 0.997246 292.843
0.992459 0.099174 0.0729891 10.9628 -0.0988153 0.9951 -0.00850704 -6.5221 -0.0734802 0.00122888 0.997379 294.448
0.992339 0.0990759 0.0747322 11.0104 -0.0987524 0.995114 -0.00799238 -6.56767 -0.0751637 0.000548241 0.997286 296.031
0.99278 0.0972495 0.0712127 11.1942 -0.0969523 0.995291 -0.00761698 -6.5861 -0.0716233 0.000656161 0.997516 297.615
0.992585 0.0987793 0.0718014 11.2874 -0.0985028 0.995143 -0.00736362 -6.6017 -0.0721849 0.000233464 0.997507 299.205
0.992514 0.0993657 0.0720046 11.422 -0.099002 0.995081 -0.00860356 -6.62923 -0.0725107 0.00140892 0.997451 300.768
0.9928 0.0983109 0.0694293 11.5772 -0.0979492 0.995187 -0.00857498 -6.6747 -0.0699433 0.00170968 0.997666 302.441
0.99311 0.0966861 0.067277 11.7448 -0.096365 0.995345 -0.00800264 -6.72532 -0.067743 0.00146264 0.997787 303.991
0.993512 0.093766 0.0654295 11.8577 -0.0932748 0.995617 -0.0105046 -6.72979 -0.0661329 0.00433032 0.997921 305.621
0.99391 0.0908903 0.0634436 11.9707 -0.0900095 0.995834 -0.0166105 -6.6857 -0.0646944 0.0107973 0.997931 307.212
0.993998 0.0903302 0.0628515 12.0657 -0.0893817 0.995873 -0.0177266 -6.7349 -0.0641989 0.0119993 0.997981 308.824
0.994351 0.0907658 0.0563295 12.2283 -0.0898773 0.99582 -0.0181155 -6.80712 -0.0577433 0.012949 0.998332 310.315
0.994445 0.0909599 0.0542852 12.2682 -0.0901832 0.99582 -0.0165747 -6.85743 -0.0555714 0.0115839 0.998504 311.992
0.994603 0.0926724 0.0482038 12.4657 -0.0922581 0.99571 -0.0107491 -6.96126 -0.0489978 0.00624207 0.998865 313.585
0.99471 0.0909526 0.049244 12.4991 -0.0907414 0.995887 -0.00649155 -7.03172 -0.0496372 0.00198572 0.998881 315.217
0.994954 0.0897201 0.0465078 12.5895 -0.0895339 0.995999 -0.00607099 -7.06078 -0.0468707 0.00187456 0.998984 316.797
0.995062 0.0899344 0.0436939 12.6783 -0.0896828 0.995975 -0.00767002 -7.09558 -0.0442132 0.0037105 0.999132 318.339
0.995345 0.0880036 0.0411296 12.7743 -0.0875689 0.996116 -0.0122594 -7.05823 -0.0420527 0.008599 0.999165 319.826
0.995408 0.0882114 0.0390858 12.8422 -0.0879757 0.996127 -0.00769155 -7.17365 -0.0396182 0.0042148 0.999324 321.419
0.995413 0.0880246 0.0393881 12.9028 -0.0877416 0.996135 -0.00887813 -7.19857 -0.0400214 0.00538009 0.999272 323.117
0.994925 0.0927688 0.0407923 12.9124 -0.0923982 0.995697 -0.0108641 -7.23295 -0.0416298 0.00703695 0.999226 324.775
0.99486 0.0941646 0.0392025 12.997 -0.0937171 0.995544 -0.0131146 -7.24443 -0.0402665 0.00937175 0.999234 326.379
0.995201 0.0921883 0.0349536 13.1237 -0.0918302 0.99574 -0.0116951 -7.27821 -0.0358881 0.00842636 0.999439 327.965
0.995324 0.0917163 0.0327084 13.1954 -0.0914118 0.995788 -0.0106998 -7.34114 -0.0335555 0.00765836 0.999497 329.55
0.995551 0.0891626 0.0328019 13.2259 -0.0888648 0.996024 -0.0104094 -7.40117 -0.0336048 0.00744532 0.999527 331.145
0.995746 0.0875509 0.031255 13.2935 -0.0873929 0.996186 -0.0064105 -7.49502 -0.0317004 0.00365013 0.99958 332.774
0.995558 0.0907261 0.0279237 13.3324 -0.0905686 0.995901 -0.00682108 -7.55308 -0.0284334 0.00425886 0.999707 334.375
0.995675 0.0891019 0.0290542 13.3562 -0.0888467 0.996027 -0.00998719 -7.57365 -0.0298322 0.00736109 0.999617 336.031
0.995059 0.0956978 0.0290934 13.3765 -0.0953037 0.995375 -0.0146099 -7.56035 -0.0303624 0.011762 0.999591 337.668
0.994439 0.101596 0.0303722 13.3379 -0.101177 0.994787 -0.0150218 -7.58139 -0.0317436 0.0118636 0.999516 339.197
0.994591 0.100829 0.0277078 13.3906 -0.100532 0.994897 -0.0118932 -7.61807 -0.0287711 0.00904042 0.999665 340.809
0.994818 0.0994541 0.0245198 13.4369 -0.0989663 0.994915 -0.0203793 -7.53123 -0.0264254 0.0178456 0.999582 342.445
0.995248 0.0958109 0.0211577 13.4822 -0.0951809 0.995073 -0.0289587 -7.46056 -0.0238337 0.0268041 0.999477 344.027
0.99552 0.0938311 0.0171572 13.5388 -0.0933343 0.995279 -0.0278038 -7.53215 -0.0196885 0.0260762 0.999558 345.551
0.995516 0.0937378 0.0175482 13.5283 -0.0932185 0.995277 -0.028327 -7.59792 -0.0201263 0.0265611 0.999566 347.202
0.995521 0.0940142 0.0160742 13.5642 -0.0935288 0.995235 -0.028717 -7.67942 -0.0187008 0.0270833 0.999551 348.837
0.995601 0.0930661 0.0162384 13.5734 -0.0925192 0.995243 -0.0316308 -7.71467 -0.0191106 0.0299861 0.999489 350.418
0.995745 0.0917616 0.0152609 13.6074 -0.091228 0.995328 -0.0326574 -7.77323 -0.0181897 0.0311245 0.999442 352.045
0.996036 0.088556 0.0147309 13.6071 -0.0880043 0.995555 -0.0345857 -7.79361 -0.0177339 0.033149 0.999415 353.623
0.99597 0.0892855 0.0152857 13.6151 -0.0886372 0.995338 -0.038897 -7.80562 -0.0186907 0.0373838 0.99922 355.251
0.995997 0.088873 0.0155772 13.6236 -0.088205 0.99536 -0.0392938 -7.90611 -0.0190031 0.0377591 0.999228 356.892
0.99611 0.0878871 0.0142601 13.6869 -0.0872824 0.995467 -0.038644 -8.01409 -0.0175952 0.0372473 0.999245 358.503
0.996052 0.0883964 0.0147419 13.6835 -0.0877456 0.995368 -0.0401055 -8.07906 -0.0182248 0.0386501 0.99921 360.175
0.996078 0.0882928 0.014033 13.7044 -0.0876416 0.99531 -0.0417546 -8.16323 -0.0176572 0.0403593 0.999124 361.769
0.996319 0.0854884 0.0138607 13.7412 -0.0848717 0.995614 -0.0402205 -8.25135 -0.0172443 0.0388926 0.999218 363.357
0.996505 0.0836258 0.0122047 13.7873 -0.0830786 0.995771 -0.040065 -8.33912 -0.0155069 0.0389094 0.999217 365.012
0.996543 0.0826652 0.0148314 13.753 -0.0819662 0.995751 -0.0427854 -8.40036 -0.0183112 0.0414184 0.999096 366.561
0.996454 0.0837452 0.0151675 13.7906 -0.083028 0.995651 -0.043027 -8.50177 -0.0187081 0.0416135 0.999054 368.075
0.996465 0.0838593 0.013303 13.8233 -0.0832506 0.995714 -0.0411159 -8.61797 -0.0167001 0.0398596 0.99919 369.712
0.996468 0.0839543 0.0129664 13.8557 -0.0834 0.995799 -0.0386548 -8.71869 -0.0161604 0.0374351 0.999264 371.313
0.996152 0.0874751 0.0135056 13.8639 -0.0868678 0.995435 -0.0404002 -8.78763 -0.0169839 0.0390679 0.999217 372.93
0.996415 0.0844868 0.013641 13.8686 -0.0839301 0.995808 -0.0372743 -8.93536 -0.0167363 0.0359938 0.999307 374.523
0.99656 0.0829951 0.0115807 13.9254 -0.0825498 0.996016 -0.0347216 -9.0752 -0.0144224 0.0336424 0.999457 376.077
0.996443 0.0846017 0.0104959 13.9636 -0.0841807 0.995848 -0.0356335 -9.16096 -0.0134702 0.0346213 0.999405 377.675
0.99627 0.0865916 0.0101054 13.9839 -0.0861411 0.995565 -0.0387137 -9.20265 -0.013419 0.037695 0.999328 379.299
0.996242 0.086937 0.0104897 13.9903 -0.0865571 0.995752 -0.0324816 -9.39425 -0.0132723 0.0314492 0.999514 380.893
0.996485 0.0843197 0.00806971 14.0528 -0.0840246 0.99599 -0.031757 -9.47017 -0.0107215 0.0309633 0.999591 382.507
0.996307 0.0863803 0.00957331 14.0436 -0.0860199 0.995771 -0.033316 -9.53816 -0.0124148 0.0323668 0.999494 384.139
0.996955 0.0783888 0.00963748 14.0448 -0.0780217 0.996407 -0.0339153 -9.58893 -0.012268 0.0330561 0.999507 385.68
0.997002 0.0780308 0.00819729 14.0787 -0.0777397 0.996515 -0.0314044 -9.68904 -0.0106239 0.0306703 0.999568 387.277
0.996826 0.0801141 0.00896357 14.0517 -0.0797889 0.996328 -0.0321323 -9.74735 -0.0115114 0.0313111 0.999571 388.954
0.996987 0.0780489 0.00990821 14.0433 -0.077694 0.99649 -0.0323143 -9.82049 -0.0124004 0.0314443 0.999524 390.567
0.997212 0.0750177 0.00998135 14.0436 -0.0746673 0.996736 -0.0317839 -9.89328 -0.0123398 0.0309461 0.999573 392.142
