0.999999 0.000718074 0.00118014 -0.00382252 -0.000713216 0.999992 -0.00405895 0.000923941 -0.00118315 0.00405797 0.99999 0.960733
0.999999 -0.00201403 0.000293355 -0.00693889 0.0020142 0.999998 -0.000665087 -0.0197189 -0.000291917 0.000665858 1 0.97434
0.999998 -0.000524656 0.00112698 -0.00304696 0.000520279 0.999992 0.00389864 -0.0031683 -0.0011291 -0.00389824 0.99999 0.973092
0.999995 -0.00293173 -0.00186972 -0.00114936 0.0029394 0.999987 0.00413288 -0.0078825 0.00185764 -0.00413822 0.999991 0.973324
0.999999 -0.000708823 -0.0011996 -0.00397681 0.000710121 0.999999 0.00101538 -0.0163949 0.00119872 -0.00101639 0.999998 0.95397
0.999998 -0.00240382 -7.38024e-06 -0.00445933 0.00240372 0.999995 -0.00199026 -0.0158415 1.22613e-05 0.00199039 0.999999 0.953145
0.999999 0.000525924 -0.00104776 -0.00777698 -0.00052827 0.999997 -0.00228985 -0.0125744 0.00104648 0.00229027 0.999996 0.93632
1 0.000742175 -0.000542846 -0.0141122 -0.000743066 0.999998 -0.0015089 -0.00838674 0.00054184 0.00150944 0.999999 0.945642
1 0.000589612 -0.000414993 -0.00640701 -0.000589125 1 0.000974045 -0.00812478 0.000415427 -0.000973938 0.999999 0.939496
0.999997 -0.000933119 -0.00218884 -0.00320015 0.00093823 0.999997 0.00238415 -0.0154698 0.00218684 -0.00238605 0.999995 0.928919
1 -0.000123881 -0.000506559 -0.0082107 0.000124745 0.999999 0.00153887 -0.0210273 0.000506145 -0.00153906 0.999998 0.919553
1 -0.000695526 0.000767624 -0.0145516 0.000694032 0.999998 0.00176224 -0.0160925 -0.000768597 -0.00176161 0.999999 0.936955
0.999998 -0.000292573 -0.00188689 0.00500519 0.000293336 1 0.000303271 -0.00912943 0.00188664 -0.000303973 0.999998 0.908434
1 -2.97168e-05 -0.000848011 -0.0161294 2.83107e-05 0.999999 -0.00138659 -0.00745708 0.000848261 0.00138674 0.999999 0.919786
0.999999 0.000462792 -0.00128695 -0.0128605 -0.000466203 0.999996 -0.00281243 -0.0242787 0.00128541 0.00281288 0.999995 0.929114
0.999995 -0.00108231 -0.00294726 -0.00960639 0.00107641 0.999998 -0.00193054 -0.0107361 0.00294968 0.00192745 0.999994 0.913358
0.999997 0.000438083 -0.0023635 -0.00594898 -0.000439698 0.999999 -0.000821336 0.0171009 0.00236287 0.000822257 0.999997 0.923714
0.999996 0.00280138 0.000826988 -0.00624846 -0.00280003 0.999994 -0.00201771 -0.0263433 -0.000832336 0.00201556 0.999997 0.879351
0.999994 0.00158525 -0.00306847 -0.0133055 -0.00158634 0.999998 -0.000448002 -0.00717962 0.00306744 0.000452763 0.999996 0.908137
0.999998 -0.000654665 -0.00184321 -0.0068416 0.000655514 1 0.000625204 -0.0111125 0.00184313 -0.000626276 0.999997 0.889908
1 -0.000136698 -0.000879891 -0.00790599 0.000137537 1 0.000609695 -0.0166295 0.00087951 -0.000609963 1 0.88896
0.999997 4.94068e-05 -0.00240957 -0.0095692 -4.83576e-05 1 0.000565298 -0.00843794 0.00240985 -0.000565043 0.999997 0.901437
0.999997 -0.000624683 -0.00220781 0.00292389 0.000624158 1 -0.000405826 -0.0233336 0.00220784 0.000404341 0.999998 0.875923
0.999998 -0.000155637 -0.00184677 -0.0124538 0.000154928 1 -0.000141806 -0.0152501 0.001847 0.000141535 0.999998 0.886086
0.999995 -4.31773e-05 -0.00318854 0.000965977 4.38958e-05 1 8.39258e-05 -0.0159316 0.00318833 -8.40327e-05 0.999995 0.881075
0.999999 9.927e-05 -0.00175114 -0.00634323 -9.70152e-05 0.999999 0.00158534 -0.00391227 0.00175148 -0.00158528 0.999997 0.871466
0.999995 -0.00117806 -0.00280021 -0.00571483 0.00118773 0.999994 0.00326092 -0.00950179 0.00279617 -0.00326412 0.999991 0.872332
0.999999 -0.000619638 -0.00207802 -0.00168854 0.000622591 0.999998 0.00168836 -0.0135961 0.00207717 -0.00168974 0.999997 0.857812
0.999999 0.000906055 -0.00027104 -0.00349543 -0.000905778 0.999999 -0.000791551 -0.0215651 0.000270103 0.000791867 0.999999 0.832764
0.999999 0.00125262 -0.00165187 0.00343787 -0.00125599 0.999997 -0.00169675 -0.00471637 0.00164986 0.00169867 0.999997 0.825923
0.999997 0.00110455 -0.00161813 -0.0099089 -0.00110692 0.999998 -0.00177938 -0.010217 0.00161599 0.00178128 0.999997 0.815379
1 7.30043e-05 -0.000848712 -0.0035574 -7.306e-05 0.999999 0.000570435 -0.00193249 0.000848952 -0.000570499 1 0.805416
0.999993 0.000374007 -0.00340562 -0.00435273 -0.00037437 1 -0.000265893 -0.0198877 0.00340534 0.00026728 0.999994 0.819661
0.999997 0.000866122 -0.00264476 -0.00237209 -0.000868 1 -0.000482077 -0.0158636 0.00264447 0.000484223 0.999997 0.797375
0.999997 0.00037525 -0.00176961 -0.00141899 -0.00037567 1 -0.000589578 -0.00463891 0.0017692 0.000590419 0.999998 0.780248
0.999998 8.61815e-05 -0.00255222 0.000721538 -8.30497e-05 0.999999 0.00146834 -0.00987978 0.00255251 -0.00146828 0.999996 0.780543
0.999995 -0.000996002 -0.00269229 -0.00348438 0.00100197 0.999998 0.00197664 -0.00727504 0.00269006 -0.00197915 0.999994 0.762816
1 -0.000324044 -0.00197085 -0.00523896 0.00032708 0.999998 0.00187444 -0.00637036 0.00197051 -0.00187523 0.999997 0.753538
0.999995 0.00114581 -0.00263643 -0.00391924 -0.00114403 1 0.000413138 -0.00834055 0.00263663 -0.000409973 0.999996 0.733285
1 0.00123253 -0.00119146 -0.0119388 -0.00123371 0.999999 -0.000378885 -0.00453389 0.00119124 0.000380203 1 0.717617
0.999992 0.00185019 -0.00308291 -0.0184184 -0.00185205 0.999998 -0.000842959 -0.00551286 0.00308112 0.000848809 0.999994 0.713216
1 0.000796532 -0.0014912 -0.0153344 -0.000795239 0.999998 0.00137088 -0.00809065 0.0014925 -0.00136983 0.999999 0.711838
0.999997 0.000520105 -0.0006337 -0.00554532 -0.000518441 0.999999 0.00140133 -0.0123335 0.000634259 -0.00140083 0.999997 0.688766
1 0.00144167 -0.000978028 -0.00276344 -0.00144201 0.999999 0.000441507 -0.00747211 0.000978868 -0.000440277 1 0.683207
0.999993 0.0027931 0.000768521 -0.0130455 -0.00279147 0.999996 -0.00106963 -0.00950108 -0.000771751 0.00106768 0.999998 0.677381
1 0.00218237 0.00130069 -0.00189815 -0.00217965 0.999993 -0.00269619 -0.000575909 -0.00130643 0.0026931 0.999996 0.666327
0.999997 -0.000381569 0.00106846 -0.00427974 0.000383709 1 -0.00128588 -0.00478736 -0.00106806 0.00128655 0.999998 0.650837
0.999999 0.000621095 0.00260752 0.00369794 -0.000623623 0.999999 0.000675106 -0.00152393 -0.00260706 -0.000676988 0.999997 0.650954
0.999986 0.00370791 0.00303665 -0.00504368 -0.00371323 0.999992 0.00199849 -0.0163919 -0.00302932 -0.00200952 0.999993 0.647893
0.999987 0.00473031 0.00307521 -0.0110293 -0.00474103 0.999983 0.00324168 -0.0130064 -0.00305961 -0.00325646 0.999991 0.634868
0.999978 0.00492384 0.00361712 -0.0145376 -0.00492415 0.999989 0.000296564 -0.00689403 -0.00361584 -0.000314165 0.999993 0.616192
0.999986 0.0032028 0.00510068 -0.0037628 -0.0032052 0.999994 0.00031788 -0.000451544 -0.00509939 -0.000334437 0.999988 0.596153
0.999978 0.00328943 0.00512689 -0.00722558 -0.00330055 0.999993 0.00229972 -0.00754838 -0.00511963 -0.00231641 0.999984 0.57615
0.999981 0.00343942 0.00580944 -0.00103179 -0.00344054 0.999993 5.91974e-05 0.00359929 -0.00580891 -7.93377e-05 0.999984 0.550511
0.999962 0.00254374 0.0078609 -0.00109041 -0.00254461 0.999998 0.000191887 -0.00295674 -0.00786071 -0.000211759 0.999968 0.538834
0.999972 0.00410883 0.00696409 -0.00787219 -0.00411397 0.999991 0.000609326 -0.0253626 -0.00696117 -0.000638034 0.999977 0.520679
0.999961 0.00329057 0.00770986 -0.00149831 -0.00328314 0.999995 -0.000874038 -0.00926433 -0.00771309 0.000848833 0.999968 0.494325
0.999962 0.00352546 0.00850036 0.000707121 -0.00351722 0.999993 -0.00107441 -0.00183319 -0.00850371 0.00104435 0.999965 0.465154
0.999968 0.00121443 0.00738362 -0.00360482 -0.00120169 0.999999 -0.00162522 -0.00718391 -0.00738592 0.00161648 0.99997 0.451397
0.999966 0.000875971 0.0086888 0.015345 -0.000878767 0.999999 0.000224085 0.00249028 -0.00868829 -0.000231903 0.999964 0.426608
0.999969 -0.000443896 0.00720721 0.00504375 0.000444337 1 4.86061e-05 -0.02403 -0.00720762 -4.5235e-05 0.999972 0.413028
0.999975 0.00136947 0.00766386 -0.000388075 -0.00137678 0.999999 0.000852946 -0.00503351 -0.00766233 -0.000863632 0.999973 0.380576
0.99995 0.0023015 0.00923484 -0.00411161 -0.00230552 0.999998 0.000502372 -0.0106616 -0.00923398 -0.000523501 0.999955 0.367206
0.999961 0.00452617 0.0082163 -0.0088702 -0.00452649 0.999989 -7.09843e-05 -0.00042139 -0.00821628 3.36058e-05 0.999969 0.335942
0.999949 0.00315941 0.00910525 -0.000750898 -0.00316317 0.999995 0.000485797 -0.00584088 -0.00910395 -0.000514393 0.999956 0.317731
0.999962 -0.000754128 0.00922483 0.0106157 0.000745494 0.999999 0.000856638 -0.00884311 -0.00922514 -0.000849903 0.99996 0.292486
0.999945 -0.00108813 0.00996003 0.00319773 0.00109316 0.999999 -0.000421485 -0.00742378 -0.00995985 0.000432509 0.999948 0.278606
0.999931 -0.000999539 0.0120645 0.0129839 0.00102976 0.999996 -0.00256437 0.004476 -0.0120617 0.00257643 0.999926 0.277826
0.999905 0.000432013 0.0134428 0.0120905 -0.000391859 0.999996 -0.00293123 -0.00433451 -0.0134444 0.00292588 0.999903 0.26902
0.999884 0.000918222 0.015491 0.00167427 -0.000912779 0.999999 -0.000409569 0.00204708 -0.0154911 0.000395195 0.999882 0.271511
0.999856 0.00104454 0.0166429 0.00555355 -0.00104473 1 4.95043e-05 0.000999 -0.0166431 -6.67092e-05 0.99986 0.268622
0.999858 -5.84761e-05 0.0171309 0.0114855 5.24691e-05 0.999999 0.000308705 0.00104139 -0.0171306 -0.00030797 0.999855 0.25286
0.999825 -0.000439175 0.0184865 0.0200112 0.000436133 1 0.000211876 -0.00613515 -0.0184869 -0.000203612 0.999827 0.267438
0.999806 -0.000869302 0.0199245 0.0250845 0.000866213 0.999999 0.000123762 -0.000925816 -0.0199243 -0.00010666 0.999803 0.265139
0.999787 0.000134011 0.0204101 0.0194836 -0.000139916 1 0.000328242 -0.00435428 -0.0204103 -0.000330855 0.99979 0.24726
0.999768 0.00184798 0.0216575 0.00740732 -0.00184708 0.999998 -9.99392e-05 0.000886266 -0.0216573 5.97068e-05 0.999767 0.262751
0.999707 0.000758671 0.0240008 0.0270138 -0.000744628 1 -0.000559098 -0.000330487 -0.0240015 0.000541285 0.99971 0.258161
0.999699 0.00132436 0.0246898 0.00411881 -0.00133655 0.999999 0.000443722 -0.0146464 -0.024689 -0.000476784 0.999697 0.259409
0.999646 0.00135922 0.0263927 0.0173627 -0.0013717 1 0.0004857 0.00188897 -0.0263922 -0.00052152 0.99965 0.275225
0.999587 0.00208803 0.0288445 0.00813696 -0.00211356 0.999997 0.000825899 -0.00374264 -0.0288426 -0.000886748 0.999586 0.275838
0.999549 0.000390858 0.0298465 0.0141916 -0.000410967 1 0.000694762 0.00222612 -0.0298463 -0.000706523 0.999552 0.271763
0.999482 -0.00133178 0.0323279 0.0356883 0.00130227 0.999998 0.000910324 -0.000245584 -0.032329 -0.000867898 0.999479 0.28051
0.999349 -0.00280811 0.0358306 0.0370114 0.00282048 0.999997 -0.000274207 0.000679686 -0.0358297 0.00037524 0.999356 0.275366
0.999288 -0.00179505 0.0378358 0.0297945 0.00183793 0.999997 -0.00111756 -0.00730996 -0.0378338 0.00118615 0.999285 0.277147
0.999228 9.38148e-05 0.0391522 0.0252642 -3.02366e-05 1 -0.00160422 0.000305403 -0.0391523 0.00160201 0.999231 0.309871
0.999149 0.00123605 0.0413439 0.0338536 -0.00118495 0.999997 -0.00128063 0.00656977 -0.0413454 0.00123034 0.999145 0.285525
0.999063 0.00147207 0.043143 0.0269359 -0.00143973 1 -0.000761019 0.00592171 -0.043144 0.000698359 0.999068 0.316417
0.998992 0.00343154 0.0448762 0.0238831 -0.00345377 0.999993 0.000398814 0.000977032 -0.0448746 -0.000553624 0.998993 0.327684
0.998918 0.00421685 0.0462177 0.0225198 -0.0042123 0.999992 -0.000177501 -0.00378189 -0.0462179 -1.71135e-05 0.998931 0.338219
0.998828 0.000853152 0.048489 0.0368519 -0.000892973 0.999998 0.000783411 0.00131348 -0.0484885 -0.000826013 0.998824 0.346584
0.998673 -0.00113485 0.0514013 0.0368436 0.00103885 0.999998 0.00191007 -0.00797446 -0.0514031 -0.00185393 0.998676 0.382061
0.998663 -0.000401795 0.0517976 0.04281 0.000287221 0.999997 0.00220398 -0.00643816 -0.0517987 -0.00218634 0.998656 0.383944
0.998528 -0.000130643 0.0541465 0.0345504 4.4068e-05 0.999999 0.00161513 0.011686 -0.0541462 -0.00161019 0.998531 0.405115
0.998428 -0.00060464 0.0561417 0.045256 0.000570668 0.999999 0.000608196 0.00458772 -0.0561425 -0.000575361 0.998423 0.407089
0.998428 -0.000262196 0.0559677 0.0374171 0.00020468 1 0.00104596 -0.00483279 -0.0559675 -0.00103274 0.998431 0.439049
0.998446 0.000623285 0.0558193 0.0347632 -0.000831487 0.999993 0.00369433 -0.00779808 -0.0558171 -0.00373506 0.998435 0.460424
0.998512 0.00181607 0.0543999 0.0325902 -0.00199317 0.999993 0.00321455 0.0031493 -0.0543932 -0.00331816 0.998513 0.452509
0.998549 0.00293468 0.0538753 0.0370524 -0.00303439 0.999994 0.00175602 -0.0139513 -0.0538703 -0.00191697 0.998548 0.475688
0.998614 -0.000576026 0.0525428 0.0414083 0.000564823 1 0.000240856 0.0099393 -0.0525425 -0.000210759 0.998617 0.478828
0.998768 -0.00574428 0.0493978 0.049693 0.00561607 0.999981 0.00272161 0.00127823 -0.049413 -0.00244089 0.998778 0.483439
0.998907 -0.00773188 0.0459814 0.0571076 0.00762247 0.999967 0.00256686 0.029482 -0.0459993 -0.00221344 0.998937 0.509351
0.999056 -0.00521706 0.0432456 0.0461906 0.00516446 0.999986 0.00131487 -0.000399389 -0.0432524 -0.0010904 0.999066 0.509549
0.999231 -0.00168622 0.0390615 0.0363085 0.00178825 0.999994 -0.00256297 0.0186484 -0.0390564 0.00263109 0.999231 0.521911
0.999428 -0.00552543 0.0335042 0.0327286 0.00554704 0.999986 -0.000566975 -0.012352 -0.033501 0.000752278 0.999442 0.532045
0.999542 -0.0054158 0.0296432 0.0291188 0.00540072 0.999984 0.000606783 0.00123074 -0.0296455 -0.000446187 0.999557 0.5479
0.999684 -0.00421377 0.0249592 0.0300093 0.00416738 0.999991 0.00188824 0.00756394 -0.0249674 -0.00178375 0.999691 0.567716
0.999789 -0.00289858 0.0201357 0.020489 0.0028908 0.999994 0.000443362 -0.0038014 -0.0201364 -0.000384969 0.999794 0.573921
0.999873 -0.00102811 0.0161413 0.0151163 0.00104847 1 -0.00128452 0.00548786 -0.0161404 0.00130115 0.999873 0.572923
0.999908 -0.000236507 0.0132892 0.0165214 0.000236656 0.999999 2.71302e-05 0.00457552 -0.0132888 -2.38958e-05 0.999908 0.582481
0.99994 0.000498001 0.0113159 0.00950833 -0.000481977 1 -0.00146338 0.00235322 -0.0113169 0.00145782 0.999939 0.599806
0.999945 -0.00413632 0.00919015 0.0144867 0.00415269 0.999989 -0.00170964 -0.00455142 -0.00918268 0.00174775 0.999952 0.599884
0.999972 -0.00372046 0.00726207 0.0135496 0.00372523 0.999994 -0.000712476 0.00170412 -0.00725969 0.000739488 0.999978 0.596397
0.999987 -0.000131696 0.00410315 -0.000646822 0.000134282 0.999998 -0.000519521 0.00559984 -0.00410272 0.00052012 0.999987 0.64394
0.999994 0.00221143 0.00414844 -0.00497643 -0.00222068 0.999997 0.00211578 0.00511093 -0.00414411 -0.00212501 0.999994 0.632772
0.999992 0.00159987 0.00169769 -0.00540683 -0.00160956 0.999979 0.00599774 0.00227292 -0.00168775 -0.00600049 0.999976 0.663584
1 -0.000689825 0.00130849 0.00405053 0.000682756 0.999989 0.00502575 0.00017082 -0.00131225 -0.00502481 0.999991 0.669571
0.999992 -0.00236073 0.000385483 0.00257362 0.00236083 0.999995 0.0011413 0.00292016 -0.000387858 -0.00114041 0.999995 0.688912
1 -0.00248891 0.000360326 0.00265317 0.00248885 0.999998 -0.00136611 -0.0131828 -0.000357249 0.001367 1 0.669924
0.999993 -0.000431111 -0.00184562 0.000850663 0.000418553 0.999973 -0.00706396 0.00217796 0.00184888 0.00706323 0.999968 0.700049
1 0.000145163 -0.00208964 0.000640823 -0.00016031 0.999977 -0.00701687 -0.00716702 0.00208833 0.00701714 0.999978 0.696064
0.999993 -0.000686469 -0.00166317 -0.00755166 0.0006852 0.999998 -0.00105246 0.0129628 0.00166415 0.00105139 0.999994 0.698093
1 0.000616854 -0.00290296 -0.00810594 -0.000607099 0.999995 0.00349387 -0.00314545 0.00290485 -0.00349207 0.999994 0.737671
0.999992 0.000243183 -0.00239306 -0.000383392 -0.000229682 0.999984 0.00547952 -0.00987805 0.00239463 -0.005479 0.999978 0.719446
1 0.00106941 -0.00293125 -0.00814649 -0.00106478 1 0.0017034 0.00538627 0.00293271 -0.00170025 0.999999 0.723903
0.999977 -0.00486756 -0.00349715 0.00268152 0.00485499 0.999979 -0.00369687 -0.0215009 0.00351552 0.00367976 0.999982 0.722594
0.999999 -0.00202535 -0.00293668 -0.00557114 0.00201275 0.999991 -0.00416675 -0.0079032 0.00294463 0.00416089 0.999992 0.724874
0.999982 0.00492517 -0.00113772 -0.00596653 -0.00492596 0.999985 -0.000966433 0.00472672 0.00113346 0.000971874 0.999994 0.703057
0.999985 0.00456299 -0.00445061 -0.0186849 -0.00455472 0.99999 0.0019287 0.00206961 0.00445886 -0.0019083 0.999993 0.755512
0.99998 -0.00312102 -0.00459659 -0.002028 0.00313334 0.999989 0.00262244 -0.0334148 0.00458883 -0.00263694 0.999981 0.738253
0.999996 -0.00390081 -0.00181996 0.00123577 0.00389875 0.999995 -0.00100298 -0.0175042 0.00182332 0.000995937 1 0.713225
0.999987 -7.97145e-05 -0.00414555 -0.0115026 6.4798e-05 0.99999 -0.00365241 -0.0113812 0.00414634 0.0036521 0.999979 0.744763
0.999993 0.00326926 -0.00370811 -0.00755218 -0.00327569 0.999997 -0.00166612 0.0034291 0.00370213 0.00167828 0.999998 0.728938
0.99999 0.0018502 -0.00257036 -0.00370779 -0.00184936 0.999994 0.000227083 -0.0124443 0.00257124 -0.000222406 0.99999 0.738705
0.99999 -0.0035504 -0.0041799 -0.00331771 0.00355255 0.999997 0.000571513 -0.012075 0.00417739 -0.000586252 0.999998 0.745014
0.999984 -0.00346699 -0.0033108 0.00184852 0.00346752 0.99999 7.87617e-05 -0.0162979 0.00331097 -9.0323e-05 0.999988 0.739702
1 -0.00180364 -0.00200227 0.00359915 0.00180061 1 -0.00138798 -0.00817013 0.00200433 0.00138444 1 0.733839
0.999989 -0.000333897 -0.00362103 0.00187951 0.000333175 0.999996 -0.000259332 -0.0166729 0.00362154 0.000257985 0.999987 0.761603
0.999999 -0.00102152 -0.00316147 0.00301115 0.00102155 1 8.09355e-05 -0.00619296 0.00316095 -8.39983e-05 1 0.757076
0.999991 -0.00138135 -0.00289679 0.0089515 0.00138478 0.999995 0.00111352 -0.0242251 0.00289571 -0.00111772 0.999988 0.753273
0.999999 0.000832915 -0.0032903 -0.00219319 -0.000834637 1 -0.000461404 0.00121887 0.0032895 0.000464305 1 0.755079
0.999989 0.00200037 -0.00317984 -0.00454011 -0.00200636 0.999993 -0.0019398 0.000359773 0.00317639 0.00194605 0.999985 0.766782
1 -0.00153577 -0.00199815 -0.000326919 0.00153545 1 -3.76647e-05 -0.0186758 0.00199772 3.47417e-05 1.00001 0.753364
0.999987 0.000850239 -0.004097 -0.00894879 -0.00085431 0.999997 -0.00104527 0.00145973 0.00409662 0.00104854 0.999984 0.782016
1 0.00186454 -0.000839987 0.00333997 -0.00186501 1 -0.00033686 -0.0132037 0.00083889 0.000338717 1.00001 0.778441
0.999975 0.00138225 -0.00644691 -0.0164779 -0.00138249 0.999997 -5.8057e-05 -0.00336757 0.00644732 6.66077e-05 0.999972 0.784128
0.999999 0.00219907 -0.00203334 -0.00279196 -0.00220233 0.999999 -0.00153997 0.00373154 0.00202946 0.00154479 1 0.774508
0.999992 0.000416039 -0.00296749 -0.0077063 -0.00042318 0.999995 -0.00244825 -0.0091023 0.00296691 0.00244914 0.999986 0.760815
0.999997 0.000408335 -0.00363915 0.00165349 -0.00041466 1 -0.00170579 -0.000202946 0.00363796 0.00170763 0.999999 0.782918
0.999982 0.00432781 -0.00317022 -0.00164358 -0.00433441 0.999986 -0.0021149 -0.00288552 0.00316152 0.00212826 0.999986 0.781273
0.999992 0.00435969 -0.00245619 -0.0183502 -0.00435884 0.999993 0.000416988 0.00675058 0.00245753 -0.000405918 1 0.790371
0.999989 -0.00161446 -0.00319169 -0.00653594 0.00161534 0.999996 0.000244545 -0.0181585 0.00319177 -0.000250005 0.999988 0.787118
0.999999 -0.000518589 -0.00314611 -0.00329676 0.000515794 1 -0.000853498 -0.00474882 0.00314604 0.000852191 1 0.788882
0.999984 0.00348543 -0.00330058 -0.012856 -0.00348746 0.999991 -0.000628762 -0.00282194 0.00329891 0.000639978 0.999987 0.801342
0.999995 0.00069651 -0.00413907 -0.00769912 -0.000690994 1 0.00135149 -0.000176458 0.00413948 -0.00134831 0.999998 0.799036
0.999986 -0.00111285 -0.00438344 0.00417314 0.00111433 0.999997 0.000315673 -0.00612662 0.0043836 -0.000320844 0.999982 0.806956
0.999992 0.00335975 -0.00355295 -0.0246425 -0.00337406 0.999989 -0.00400428 0.000906587 0.00353901 0.00401652 0.999994 0.801197
0.999974 0.00176132 -0.00636927 -0.018451 -0.00180574 0.999971 -0.00697975 -0.0147308 0.00635725 0.00699084 0.999947 0.808425
0.999979 0.00122011 -0.00702724 -0.0111954 -0.00124994 0.999993 -0.00424247 0.00595425 0.00702159 0.00425147 0.999975 0.800373
0.999967 0.00351512 -0.00674328 -0.0191393 -0.00353479 0.999987 -0.00290091 -0.00226153 0.00673346 0.00292431 0.999965 0.808915
0.999968 0.00302049 -0.00800103 -0.01772 -0.00300771 0.999997 0.00159905 0.00143426 0.00800538 -0.00157453 0.999974 0.82178
0.999964 -0.00129669 -0.00792188 -0.000769313 0.00130511 0.999996 0.00106133 -0.00422143 0.00792094 -0.00107208 0.999961 0.837582
0.999979 0.000168679 -0.00690961 -0.00337501 -0.000152251 0.999999 0.00237104 -0.00991169 0.00690964 -0.00236948 0.99998 0.852645
0.999959 0.00075697 -0.00869903 -0.0213535 -0.000720358 0.999989 0.00420962 0.000670282 0.00870248 -0.00420368 0.999947 0.844561
0.999972 0.000678499 -0.00786957 0.00213768 -0.000630235 0.999983 0.00612491 -0.00614936 0.00787327 -0.00611921 0.999956 0.84603
0.999967 -0.000344499 -0.00775054 -0.00689077 0.000367677 0.999994 0.00299675 0.00285796 0.00774976 -0.00300009 0.999959 0.830984
0.999968 -8.0192e-05 -0.00844191 -0.00683878 6.05827e-05 0.999999 -0.00233075 -0.0133898 0.00844174 0.0023307 0.999967 0.824409
0.999975 -0.000227093 -0.00655996 0.000917912 0.000192756 0.999985 -0.00523534 -0.00898649 0.00656141 0.00523344 0.999959 0.816751
0.999991 0.000251235 -0.00477455 -0.00662993 -0.000273657 0.99999 -0.00470145 -0.00324214 0.00477295 0.00470323 0.999983 0.810005
0.999976 0.000138611 -0.00643995 -0.0133909 -0.00015237 0.999996 -0.00213838 -0.00407566 0.00644007 0.00213878 0.999971 0.810496
0.999987 0.00217745 -0.0052134 0.00358756 -0.00218127 0.999999 -0.000721288 -0.0068572 0.00521137 0.000733196 0.999992 0.799889
0.99998 -0.00356592 -0.00450256 0.0076324 0.00357802 0.999988 0.00267719 1.39533e-05 0.00449339 -0.0026938 0.99998 0.784905
0.99998 -0.00208988 -0.00639347 -0.00222044 0.00212072 0.999988 0.00483311 0.00522395 0.00638277 -0.00484606 0.999974 0.783991
0.999988 0.00181016 -0.003878 -0.00408581 -0.00178626 0.999978 0.00612318 -0.0133768 0.00388948 -0.00611673 0.999968 0.788258
0.999996 0.00195423 -0.00301176 -0.0099481 -0.0019441 0.999994 0.00339364 0.00767271 0.0030179 -0.00338717 0.999995 0.777951
0.999987 0.000934259 -0.00452603 -0.00110681 -0.000929077 0.999998 0.00110528 -0.0161517 0.0045274 -0.00110153 0.999984 0.759656
0.999996 0.00272956 -0.00210252 -0.00825143 -0.00273372 0.999996 -0.00194459 0.00611238 0.0020968 0.00195087 1 0.742267
0.999993 0.00204486 -0.00240752 -0.0187966 -0.00205158 0.999993 -0.00285607 -0.000532052 0.002402 0.00286048 0.999988 0.732495
1 0.000705391 -0.00176885 -0.00702276 -0.000711718 0.999995 -0.00350412 0.00435172 0.00176599 0.00350591 0.999997 0.727738
0.999995 0.000307771 -0.00218827 -0.0164556 -0.000318291 0.999987 -0.00488316 -0.00741216 0.00218701 0.00488333 0.999981 0.706802
0.999998 -0.00111916 -0.00267493 -0.00413797 0.00111769 1 -0.000496337 -0.00949679 0.00267523 0.00049392 1 0.702224
0.999996 0.000876331 -0.00156336 -0.0129254 -0.000876555 0.999999 -0.000245183 0.0199905 0.00156343 0.000246002 0.999993 0.688262
1 0.00105974 0.00015628 -0.00504535 -0.00106029 0.999998 0.00227107 -0.0131953 -0.000154286 -0.00227072 1 0.69311
0.999996 0.000516919 -0.00183625 0.000456882 -0.000514574 0.999998 0.00115575 -0.00450379 0.00183729 -0.0011553 0.999993 0.653035
1 -0.00103804 0.000555316 -0.0010051 0.00103728 1 0.000885898 0.00112606 -0.0005567 -0.000884837 1 0.670251
0.999996 0.000259284 0.00203419 -0.0025997 -0.000259692 0.999999 0.00032264 0.0014318 -0.00203371 -0.000323625 0.999993 0.652903
0.999999 0.00211219 0.000848221 0.0012553 -0.0021122 0.999999 -0.000292722 -0.00768089 -0.000849337 0.000291372 1 0.643666
0.999993 -0.000249338 0.00336733 0.00281158 0.000256877 0.999997 -0.0021591 -0.00691367 -0.00336629 0.00215955 0.999987 0.644018
1 0.000629973 0.000945277 0.0126794 -0.000625955 0.999991 -0.004483 -0.0147107 -0.000948687 0.00448283 0.999995 0.621256
0.999995 9.40846e-05 0.00239402 0.00109994 -9.04392e-05 0.999997 -0.00141685 -0.00609206 -0.00239358 0.00141621 0.999991 0.627537
0.999998 0.000408116 0.0027786 -0.00218202 -0.000409545 1 0.000417817 -0.00209535 -0.00277897 -0.000418518 1 0.626503
0.999996 0.00080819 0.0020117 -0.0132447 -0.000813919 0.999994 0.00298646 0.0115235 -0.00200889 -0.00298852 0.999988 0.595351
0.999999 -0.00126938 0.00196802 -0.0127237 0.00126467 0.999998 0.00226865 0.00754171 -0.00197134 -0.00226573 1 0.58818
0.999991 -0.00295147 0.00269746 0.00297111 0.00294933 0.999993 0.000894849 -0.0136842 -0.00269959 -0.000887342 0.999991 0.59411
0.999993 -0.00328366 0.00218332 0.00204632 0.00328793 0.999995 -0.00206476 -0.00650452 -0.00217697 0.00207237 1 0.565311
0.999994 -0.00214057 0.00236857 -0.00525253 0.00214755 0.999991 -0.00285052 -0.0160185 -0.00236205 0.00285516 0.999988 0.552684
0.999997 0.00139402 0.00236975 -0.00222367 -0.0013897 0.999999 -0.00193004 0.00928643 -0.00237281 0.00192719 1 0.576966
0.999999 0.000567 0.000504806 -0.00598217 -0.000565354 0.999995 -0.00267735 -0.0131819 -0.000505908 0.00267666 0.999992 0.555379
0.999999 -0.000389258 0.00157765 -0.0157257 0.00038794 1 0.000610811 -0.00648401 -0.00157831 -0.000609747 1 0.57204
0.99999 -0.00439722 0.000745253 -0.0013247 0.00439735 0.999989 0.000369578 -0.00203742 -0.00074646 -0.00036675 0.999995 0.575336
0.999988 -0.00446624 -0.0019244 0.00470539 0.00446596 0.999992 5.48092e-05 -0.00946772 0.00192367 -6.28779e-05 1 0.559999
0.999999 -0.00150759 -0.000624162 -0.00383305 0.00150797 0.999997 -4.46866e-05 -0.00455275 0.000624732 4.31915e-05 0.999996 0.586075
0.999997 0.00138284 -0.00186802 -0.0135954 -0.00138275 1 0.00027382 0.000262658 0.00186783 -0.000270679 1 0.587369
0.999982 0.00247297 -0.00549673 -0.0224374 -0.00247653 0.999995 -0.000721482 -0.00804141 0.00549552 0.000734483 0.999981 0.578504
0.999984 -0.000717007 -0.00569244 0.00531266 0.000716591 1 8.71451e-06 -0.00919645 0.00569193 -1.22107e-05 0.999988 0.586981
0.999969 0.00111015 -0.00779667 -0.0116575 -0.0011101 0.999998 -4.91045e-05 -0.00695849 0.00779718 5.71778e-05 0.999966 0.596251
0.999969 -0.000232707 -0.00790954 -0.0168156 0.000237783 1 0.000704515 0.00315166 0.00790877 -0.000705748 0.999972 0.606772
0.999962 0.00185638 -0.00848152 -0.0339108 -0.00184393 0.999997 0.00140881 -0.00443693 0.00848468 -0.00139368 0.99996 0.608578
0.999965 0.00110763 -0.00830976 -0.0166912 -0.00110757 1 7.14059e-05 -0.00508879 0.00830936 -6.16699e-05 0.999969 0.625184
0.999946 0.00462504 -0.00930838 -0.0322617 -0.00463907 0.999988 -0.00153867 -0.0123683 0.00930156 0.00158127 0.999953 0.615645
0.999961 0.00225355 -0.00861437 -0.0176636 -0.00227185 0.999996 -0.00205839 0.000307589 0.0086093 0.00207831 0.999964 0.624704
0.999943 0.00280421 -0.0103203 -0.00792744 -0.002819 0.999995 -0.00146964 -0.00187102 0.0103164 0.00149823 0.999943 0.63249
0.999945 0.000518319 -0.0105094 -0.016303 -0.00053529 0.999999 -0.00156584 -0.0166084 0.0105083 0.00157177 0.999946 0.646329
0.999962 0.00124954 -0.00859785 -0.0140717 -0.00125607 0.999999 -0.000811823 0.00302319 0.00859717 0.000822163 0.99996 0.649182
0.999958 -0.000651404 -0.00921926 -0.0232709 0.000648863 1 -0.000219388 0.00541185 0.00921904 0.000213769 0.99996 0.671036
0.999943 0.00303542 -0.0102737 -0.0299441 -0.00304138 0.999995 -0.000619934 0.00558493 0.0102722 0.000650743 0.999945 0.689048
0.999929 0.000562174 -0.0119268 -0.0227755 -0.000521655 0.999994 0.00344499 0.00441269 0.0119282 -0.00343811 0.999925 0.671012
0.999946 -0.00511002 -0.0090607 -0.0179357 0.00516446 0.999968 0.00592156 -0.00350531 0.00903061 -0.00596837 0.999939 0.724787
0.999937 -0.00122646 -0.0111933 -0.00668589 0.00125727 0.999997 0.00280514 0.0112102 0.0111895 -0.00281872 0.999937 0.726365
0.999937 -0.00224492 -0.0110005 -0.017398 0.00227616 0.999992 0.00276871 0.0065565 0.0109945 -0.0027939 0.999933 0.737279
0.999955 -0.00364931 -0.00876727 -0.0117552 0.00364984 0.999994 0.000121219 -0.00643086 0.00876635 -0.000152897 0.999965 0.74415
0.999937 -0.00612949 -0.0094537 -0.00979178 0.00613813 0.99998 0.000808459 0.0223529 0.00944905 -0.00086677 0.999953 0.751635
0.999921 -0.00916602 -0.00852594 -0.000581723 0.00921283 0.999943 0.0055567 0.017973 0.00847397 -0.00563444 0.99995 0.765011
0.999962 -0.00640796 -0.00607237 -0.00178003 0.00642155 0.999976 0.00209499 -0.008126 0.00605946 -0.00213427 0.999978 0.812062
0.999957 -0.00416486 -0.00826046 -0.00835641 0.00415977 0.999992 -0.000537328 0.0191562 0.00826207 0.00050336 0.999968 0.757892
0.999981 -0.00182552 -0.00602232 -0.00596417 0.00178657 0.999976 -0.00658374 -0.0111002 0.0060347 0.00657247 0.999958 0.779914
0.999964 -0.0044207 -0.00712509 -0.00582444 0.00437328 0.99997 -0.0065597 0.00545722 0.00715336 0.00652871 0.999955 0.769873
0.999983 -0.00083901 -0.00589588 -0.00870542 0.000836358 0.999998 -0.000569894 0.0148091 0.00589688 0.000564531 0.999981 0.78787
0.999983 0.00454096 -0.00348653 -0.0105267 -0.00453988 0.999991 0.000515671 0.0129081 0.00348831 -0.000499407 0.999995 0.7855
0.999984 0.00425994 -0.00404957 -0.0319726 -0.00425667 0.99999 0.000641164 0.00346242 0.00405273 -0.000624343 0.99999 0.762611
0.999994 -4.47599e-05 -0.00338212 0.00353626 3.49631e-05 0.999997 -0.00267231 -0.00863939 0.00338175 0.00267256 0.999993 0.759715
0.999995 0.000802846 -0.00322962 -0.00820307 -0.0008103 0.999996 -0.0025349 0.00328371 0.0032281 0.00253711 0.99999 0.763862
0.999991 0.00277251 -0.00334915 0.0025804 -0.00277868 0.999995 -0.00161542 -0.00911725 0.00334416 0.00162511 0.999995 0.740817
0.999995 0.000107666 -0.00314802 -0.01157 -0.000103279 0.999999 0.00114238 -0.00116515 0.00314854 -0.00114236 0.999993 0.738929
0.999994 -0.00139856 -0.00315346 0.00690943 0.00140671 0.999995 0.00282207 -0.0137785 0.00314899 -0.00282618 0.999992 0.728399
0.999995 0.00125454 -0.00323227 -0.008337 -0.00124912 0.999998 0.00145588 -0.00819075 0.00323455 -0.00145216 0.999992 0.721961
0.999997 -0.00145599 -0.00191169 0.00309496 0.00145922 0.999998 0.0020677 -0.00374741 0.00190813 -0.00207016 0.999998 0.704987
0.999994 0.00216273 -0.00270003 -0.0101192 -0.00216479 0.999996 -0.00103434 -0.00181136 0.00269837 0.00103981 0.999994 0.680323
0.999998 -0.00105808 -0.00173248 -0.00203001 0.00105614 1 -0.000698213 -0.015255 0.00173262 0.000696746 1 0.680655
0.999998 -0.00199904 -0.000560645 0.000707115 0.00200005 0.999997 0.000504741 -0.0044198 0.000560308 -0.000506192 0.999998 0.666458
0.999996 -0.00297017 0.000342703 -0.00662139 0.00296932 0.999996 0.000367036 -0.00705379 -0.000344531 -0.000365669 1 0.66183
0.999999 0.000962935 -0.000673034 -0.00479342 -0.000962062 0.999999 0.000183396 -0.00590352 0.000674019 -0.000183126 0.999998 0.651708
0.999998 -0.00189885 -0.000459277 -0.00717544 0.0018979 0.999999 -0.000454877 -0.00890743 0.000459307 0.000454388 1 0.645483
0.999999 0.00106335 -0.000824341 0.00427134 -0.00106379 0.999998 -0.00141768 -0.0171323 0.000823628 0.00141819 0.999997 0.634347
0.999996 -0.00211142 -0.00217331 -0.0121186 0.0021073 0.999997 -0.00157122 -0.00424971 0.00217572 0.00156712 0.999999 0.615132
0.999994 -0.00257434 -0.00242301 0.00281476 0.00257447 0.999996 -0.000239458 -0.00950413 0.00242459 0.000232602 0.999995 0.631208
0.999994 -0.00313795 -0.00187794 2.18989e-05 0.00313701 0.999996 -0.000136171 0.0013516 0.00187727 0.000130863 1 0.612604
0.999995 -0.00164033 -0.0028565 0.00302026 0.00164324 0.999998 0.000753776 -0.0129021 0.0028564 -0.000759052 0.999994 0.589631
0.999995 -0.0011604 -0.00276407 -0.00364162 0.00116046 0.999999 0.000290566 -0.00506066 0.00276264 -0.000293207 0.999998 0.59999
0.999996 -0.00083238 -0.00285328 -0.00472785 0.000834014 0.999999 0.000310649 -0.00534465 0.00285413 -0.000313606 0.999994 0.600066
0.999993 -0.0016654 -0.00333579 -0.00811726 0.00166306 0.999999 -0.000475761 -0.0115166 0.00333548 0.000470795 0.999996 0.582429
0.999995 0.000594981 -0.00331584 0.00358542 -0.00059771 0.999999 -0.00104695 -0.00787416 0.00331631 0.00104831 0.999992 0.591271
0.999988 -0.00260372 -0.00420913 -0.0137038 0.00259975 0.999997 -0.000777669 -0.00426301 0.00421001 0.000767278 0.999992 0.579584
0.999988 0.00168785 -0.00475141 -0.0100966 -0.00169594 0.999997 -0.00185127 -0.00431707 0.00474944 0.00185874 0.999986 0.572983
0.999978 0.00287072 -0.00591202 -0.0127007 -0.00290165 0.999983 -0.00510815 -0.0012873 0.00589613 0.00512575 0.99997 0.57362
0.999972 0.00425817 -0.00629304 -0.0172215 -0.00429149 0.999976 -0.00540381 -0.000289981 0.00627106 0.00543006 0.999965 0.571721
0.999964 0.0049083 -0.00684688 -0.0191191 -0.00493501 0.99998 -0.00378369 -0.000818461 0.00682699 0.00381797 0.99997 0.561834
0.999977 0.00249318 -0.0064711 -0.00916028 -0.00251971 0.999988 -0.0042081 0.00119145 0.00646176 0.00422373 0.999969 0.58614
0.999979 0.00251832 -0.00587094 -0.0270495 -0.00251372 0.999996 0.000910727 -0.00115459 0.00587196 -0.000895398 0.999983 0.578763
0.999969 0.00518858 -0.00606072 -0.0240333 -0.00516227 0.999978 0.00422855 -0.00540243 0.00608372 -0.00419769 0.999972 0.597882
0.999971 0.00420577 -0.00607719 -0.0234645 -0.00417604 0.999979 0.00501732 -0.00313918 0.00609698 -0.00499127 0.999969 0.615444
0.999955 0.00509635 -0.0081123 -0.0210122 -0.00505696 0.999976 0.00477833 -0.00280969 0.00813768 -0.00473765 0.999956 0.615038
0.999977 0.00124546 -0.00651983 -0.0210503 -0.00123016 0.999996 0.00245539 -0.00813989 0.00652174 -0.00244675 0.999976 0.626675
0.999969 0.003755 -0.00708129 -0.0265976 -0.00376084 0.999992 -0.000907403 -0.00597514 0.00707886 0.000933455 0.999974 0.635185
0.999964 0.00280634 -0.00788482 -0.0281937 -0.00282925 0.999992 -0.0028082 0.00151366 0.00787596 0.00283101 0.999965 0.644086
0.999975 0.00131075 -0.00720065 -0.0196939 -0.00132694 0.999996 -0.00234322 0.00255857 0.00719851 0.00235212 0.999971 0.646272
0.999969 0.00131572 -0.0075195 -0.0191296 -0.001329 0.999998 -0.00167473 0.000978307 0.00751622 0.0016853 0.999971 0.667043
0.999961 0.00195983 -0.00874048 -0.0239548 -0.00195567 0.999998 0.000412984 0.0110607 0.0087422 -0.000396502 0.999962 0.681014
0.99996 0.0030152 -0.0081638 -0.0204638 -0.00301626 0.999995 -4.18612e-05 0.0053577 0.00816273 6.70886e-05 0.999967 0.696108
0.999972 -0.000306898 -0.00773952 -0.0202129 0.000321398 0.999998 0.00179504 -0.00337049 0.00773994 -0.00179802 0.999968 0.717107
0.999941 -0.00125936 -0.0105991 -0.0221103 0.00127178 0.999999 0.00122242 -0.00341434 0.0105966 -0.00123529 0.999943 0.725884
0.99996 -0.00041724 -0.00918388 -0.0115117 0.000424648 1 0.000737817 0.00481368 0.00918454 -0.000742289 0.999958 0.742381
0.999948 0.00242036 -0.00969184 -0.029788 -0.00242781 0.999997 -0.000682538 0.0155003 0.00968916 0.000706684 0.999953 0.753826
0.999957 0.00111125 -0.00939547 -0.0213041 -0.00111172 0.999999 -0.000123015 0.0116151 0.0093963 0.000132803 0.999956 0.760991
0.999959 0.000585373 -0.00889229 -0.0166866 -0.00058742 1 -0.000149826 0.000352325 0.00889126 0.000155717 0.999961 0.775118
0.999981 -0.00133173 -0.00623915 -0.0152985 0.00133768 0.999999 0.000838226 0.00191455 0.00623894 -0.000847198 0.99998 0.776463
0.999982 -0.00232118 -0.00536936 -0.0171225 0.00232176 0.999997 0.000253795 -0.0158742 0.00536781 -0.000265607 0.999986 0.805628
0.999989 -0.00327739 -0.00371886 -0.0170538 0.00327636 0.999994 -0.000516141 -0.0113829 0.00372142 0.000503354 0.999993 0.810623
0.999978 -0.00491539 -0.00427023 0.0107154 0.00491374 0.999988 -0.000204095 -0.0017768 0.00427035 0.000183755 0.999991 0.827227
0.999973 -0.00634185 -0.00392358 0.0117217 0.00634915 0.999978 0.00164203 -0.00468005 0.00391395 -0.00166756 0.999991 0.84128
0.999972 -0.00617086 -0.00411308 -0.00673928 0.00617908 0.999979 0.00217814 0.00153986 0.0040986 -0.00220281 0.999989 0.848158
0.999978 -0.00575047 -0.00354614 -0.000529488 0.00575839 0.999981 0.00199131 -0.0236733 0.00353544 -0.00201236 0.999992 0.828843
0.999987 -0.00217891 -0.00448651 0.000240032 0.00217894 0.999998 0.000169855 -0.00505713 0.00448524 -0.0001789 0.999991 0.863677
0.999994 0.00118298 -0.003459 -0.0102905 -0.00118307 0.999999 -0.000257365 -0.0163475 0.00345955 0.00026072 0.999993 0.865913
0.999975 0.00378916 -0.00609692 -0.0157239 -0.00379621 0.999993 -0.00100304 0.0110601 0.0060921 0.00102683 0.999982 0.876329
0.999985 0.00362238 -0.00389262 -0.0222777 -0.0036202 0.999992 0.000357641 0.000458667 0.00389475 -0.000344232 0.999991 0.883668
0.999991 0.000369129 -0.0044576 -0.00387966 -0.000357457 0.999997 0.00278654 -0.0140693 0.00445771 -0.00278423 0.999988 0.879615
0.999985 0.00143015 -0.00527196 -0.0246131 -0.00140488 0.999988 0.00466079 0.0150349 0.0052795 -0.00465402 0.999974 0.901135
0.999991 -0.000350421 -0.00428545 -0.0240752 0.000373526 0.999985 0.00556338 -0.0129745 0.00428248 -0.00556418 0.999977 0.914869
0.999975 -0.000753352 -0.00706343 -0.00739668 0.000763242 0.999999 0.00128539 0.0279348 0.00706334 -0.00129148 0.999973 0.894532
0.99998 -0.00345049 -0.00545262 0.000300803 0.00344651 0.999994 -0.000592852 -0.0174185 0.00545373 0.000574788 0.999987 0.919958
0.99994 -0.00738296 -0.00802007 -0.00954122 0.00734658 0.999962 -0.00465013 0.00570202 0.00805499 0.00459021 0.999956 0.893787
0.999977 -0.0029513 -0.00624741 -0.00144406 0.00291394 0.999979 -0.00585605 -0.00587285 0.0062637 0.00583851 0.999965 0.932079
0.999955 -0.0027943 -0.00896262 -0.00204792 0.0027641 0.99999 -0.00345685 -0.00824025 0.00897316 0.00343122 0.999953 0.896891
0.99996 -0.00230998 -0.00874485 -0.00988498 0.00233141 0.999995 0.0025185 0.0239316 0.00873793 -0.00253802 0.99996 0.925051
0.999961 -0.00368499 -0.00792565 -0.0160553 0.00369826 0.999992 0.00158244 -0.0262915 0.0079207 -0.00161244 0.999966 0.914575
0.999971 -0.00385203 -0.00673999 -0.0032519 0.0038595 0.999992 0.00117482 0.0269954 0.00673447 -0.00120015 0.999978 0.943119
0.999976 -0.00199023 -0.00655934 -0.0135177 0.00196611 0.999992 -0.00374761 -0.00699019 0.00656779 0.00373401 0.999971 0.902366
0.999991 -0.00257657 -0.00343925 -0.0111254 0.0025697 0.999995 -0.00187714 0.021822 0.00344298 0.00186886 0.999994 0.95257
0.999976 -0.00425307 -0.00548686 -0.0265348 0.00426464 0.99999 0.00200525 0.00407231 0.00547918 -0.00202923 0.999982 0.912862
0.999985 -0.00490567 -0.00251358 -0.0067304 0.00491618 0.999978 0.00436026 0.00100336 0.00249126 -0.00437194 0.999988 0.943604
0.999998 -0.00203013 -0.00078764 0.00594685 0.00203243 0.999997 0.00237713 -0.0163629 0.000783612 -0.00237935 0.999997 0.946912
0.999991 -0.00421527 -0.000586324 -0.00527219 0.00421655 0.999986 0.00285629 0.00410382 0.00057358 -0.00285817 0.999997 0.927309
0.999996 -0.00246375 0.00134355 -0.00971233 0.00246138 0.999996 0.0020159 0.00656549 -0.00134781 -0.00201314 0.999996 0.943258
0.999996 0.00175955 0.00216351 -0.0044994 -0.00176193 0.999997 0.000905186 0.00699915 -0.00216257 -0.000908404 0.999998 0.967783
1 0.000639774 3.49476e-05 -0.0251361 -0.000639335 1 -0.000502169 -0.00480579 -3.45355e-05 0.00050157 0.999999 0.940588
0.999988 0.00336546 0.00378229 0.00112031 -0.00335995 0.999992 -0.00154797 0.00490084 -0.00378826 0.00153582 0.999992 0.977518
0.999991 0.00315654 0.00279545 -0.0120009 -0.00315592 0.999997 -0.000100407 -0.00592911 -0.00279504 9.0909e-05 0.999996 0.921798
0.999988 0.00251229 0.00434993 0.00253151 -0.00251917 0.999994 0.00152522 0.0171049 -0.00434671 -0.00153559 0.99999 0.948706
0.999987 0.0038854 0.00346656 -0.0118397 -0.0038881 0.999994 0.000820188 0.00320823 -0.00346276 -0.000834196 0.999993 0.928994
0.999991 0.00108363 0.004169 -0.00212565 -0.00109177 0.999996 0.00198308 -0.00248491 -0.00416739 -0.00198721 0.99999 0.960124
0.999993 0.000725843 0.00373457 -0.01846 -0.000735137 0.999998 0.00237246 -0.0070723 -0.00373235 -0.00237559 0.999989 0.910186
0.999984 -0.00363951 0.00440568 -0.00507534 0.00363238 0.999991 0.00172984 0.00283272 -0.00441242 -0.00171346 0.99999 0.930551
0.999996 0.0018569 0.0020245 0.00651594 -0.00185251 0.999996 -0.00234632 -0.0367383 -0.00202842 0.00234221 0.999994 0.901329
0.999966 0.00521855 0.00646524 -0.00201179 -0.00515589 0.99994 -0.00962166 0.0134878 -0.00651542 0.00958821 0.999934 0.944144
0.999991 0.00318765 0.00282048 -0.0167808 -0.00317715 0.999988 -0.00386039 -0.00404447 -0.00283238 0.00385106 0.999987 0.898309
0.99999 0.00102921 0.00441522 -0.00772615 -0.00104201 0.999995 0.00298208 -0.00934263 -0.00441256 -0.00298625 0.999988 0.936772
0.999978 0.00482481 0.00458117 -0.0112014 -0.00484953 0.999974 0.00531986 -0.0045652 -0.00455499 -0.00534236 0.999973 0.931255
