1 -0.000728571 -0.00061145 -0.0166064 0.000728463 1 -0.000205046 0.00419591 0.000611716 0.000204739 0.999999 1.3284
0.999999 -0.00167122 4.13104e-05 -0.0228995 0.00167123 0.999999 -0.000227388 -0.00945483 -4.0875e-05 0.000227487 1 2.63104
0.999997 -0.00258812 -0.000779956 -0.0263315 0.00258777 0.999997 -0.000403921 -0.035763 0.0007811 0.000402073 1 3.96891
0.999998 -0.00237294 0.000493892 -0.032789 0.00237298 0.999997 -0.000130899 -0.0524489 -0.000493527 0.000132078 1 5.28656
0.999997 -0.00266883 -0.000295242 -0.0406473 0.00266917 0.999996 0.00120857 -0.0523319 0.000292108 -0.00120917 1 6.62425
0.999992 -0.0042402 -0.000236318 -0.0450322 0.00424059 0.999989 0.00212307 -0.0811647 0.000227444 -0.00212399 0.999998 7.95772
0.999994 -0.00379381 0.000474108 -0.0510621 0.00379258 0.99999 0.00257939 -0.0912196 -0.000483752 -0.0025774 0.999997 9.28646
0.999994 -0.00386047 -0.000551123 -0.0574143 0.00386028 0.999993 -0.000166122 -0.103804 0.000551878 0.000164008 1 10.6244
1 -0.00113629 0.00023176 -0.0668924 0.00113671 0.999998 -0.00195389 -0.102609 -0.000229396 0.00195436 0.999999 11.9539
1 0.0015099 -0.00048144 -0.0806607 -0.00151165 0.999992 -0.00360562 -0.128042 0.000476203 0.00360637 0.999994 13.3053
0.999993 0.00430008 -0.000196175 -0.0926052 -0.00430072 0.999986 -0.00347138 -0.139927 0.000181388 0.00347236 0.999995 14.6518
0.999991 0.00473266 0.000624914 -0.10531 -0.00473126 0.999986 -0.00228389 -0.137112 -0.000635522 0.00228095 0.999997 15.9876
0.999997 0.0031854 0.000475041 -0.100563 -0.00318556 0.999996 0.000218344 -0.149997 -0.000474297 -0.000219622 1 17.3481
1 -0.000750339 0.00193818 -0.0981075 0.000745836 0.999997 0.00229931 -0.164821 -0.00193969 -0.0022978 0.999996 18.6916
0.999998 -0.00286595 0.000716816 -0.087377 0.00286549 0.999997 0.000593501 -0.183755 -0.000718445 -0.000591236 1 20.0368
0.999992 -0.00395477 0.00224826 -0.0816949 0.00396022 0.999989 -0.00244048 -0.188987 -0.00223829 0.00244942 0.999996 21.3596
0.999997 -0.00260351 0.0018752 -0.0825828 0.00260835 0.999994 -0.00260765 -0.194186 -0.00186833 0.00261278 0.999996 22.7215
0.999999 -0.000412648 0.00285077 -0.0863781 0.000420285 0.999996 -0.00266673 -0.189834 -0.00284935 0.00266787 0.999994 24.0532
0.999991 -0.000419806 0.00488153 -0.0902935 0.000413038 1 0.00138057 -0.202327 -0.00488198 -0.00137839 0.99999 25.4027
0.999993 -0.00124116 0.00415007 -0.0841258 0.00122947 0.999995 0.00283137 -0.218132 -0.00415323 -0.00282621 0.999989 26.781
0.999983 -0.00399436 0.00516445 -0.0773396 0.00398165 0.999991 0.00245427 -0.252664 -0.00517412 -0.00243351 0.999988 28.1142
0.999984 -0.00450351 0.00392656 -0.079015 0.0045036 0.999989 -4.98829e-06 -0.259497 -0.00392617 2.26512e-05 0.999995 29.5025
0.999979 -0.00378558 0.00598276 -0.0779513 0.00378312 0.999995 0.000415324 -0.289843 -0.00598426 -0.000392542 0.999986 30.8595
0.99999 -0.001047 0.00494796 -0.093332 0.00104993 1 -0.000567502 -0.303481 -0.00494705 0.000572771 0.999991 32.2884
0.999989 -0.000460364 0.0054608 -0.0894009 0.000467121 1 -0.00125071 -0.325052 -0.00546021 0.0012533 0.999988 33.672
0.999981 -0.000702069 0.00650691 -0.0752896 0.000706326 1 -0.000628157 -0.348565 -0.00650616 0.000632836 0.999982 35.0498
0.999992 -0.000734678 0.00486081 -0.0785981 0.000725651 1 0.00184755 -0.370052 -0.00486219 -0.00184399 0.999991 36.469
0.999985 0.000457344 0.00596955 -0.0823018 -0.000477037 0.999995 0.00331949 -0.384929 -0.00596777 -0.00332225 0.99998 37.8509
0.999989 0.00304595 0.00473375 -0.0792476 -0.0030618 0.999992 0.00332691 -0.395298 -0.0047236 -0.00334136 0.999988 39.2613
0.999978 0.00464952 0.00543427 -0.0940021 -0.0046709 0.999982 0.00396114 -0.407169 -0.00541554 -0.00398635 0.999981 40.651
0.999971 0.0056972 0.00592314 -0.0978152 -0.00571983 0.999979 0.00379818 -0.408939 -0.0059014 -0.00383196 0.99998 42.054
0.999979 0.00538998 0.00443304 -0.101022 -0.00540948 0.999976 0.004438 -0.414673 -0.00440871 -0.00446184 0.999985 43.4765
0.999978 0.00378982 0.0063864 -0.0990511 -0.00382429 0.999981 0.00537982 -0.427381 -0.00636591 -0.00540408 0.99997 44.8632
0.99999 0.00258465 0.00435578 -0.0850485 -0.00260185 0.99999 0.00398876 -0.444701 -0.00434511 -0.00400001 0.999987 46.2802
0.999995 0.00208017 0.00410005 -0.0922276 -0.0020932 0.999995 0.00315127 -0.438219 -0.00409352 -0.00315982 0.999992 47.7185
1 0.0019951 0.00166983 -0.0994873 -0.00200116 0.999992 0.00373069 -0.448816 -0.00166202 -0.00373404 0.999997 49.146
1 0.00244546 0.000473106 -0.10916 -0.00244736 0.999991 0.00380727 -0.46214 -0.00046382 -0.0038084 0.999997 50.565
0.999999 0.00276578 0.00120948 -0.0915648 -0.00276968 0.999992 0.00334143 -0.486375 -0.00119985 -0.00334473 0.999999 51.9713
1 0.00231049 -0.00139824 -0.101518 -0.00230437 0.999989 0.00440473 -0.49029 0.00140836 -0.00440149 0.999994 53.4125
1 0.00174639 -0.000874477 -0.108621 -0.00174151 0.999985 0.00548944 -0.497685 0.000884422 -0.00548793 0.99999 54.8372
1 0.0008827 -0.00240212 -0.115531 -0.000871357 0.99999 0.0047887 -0.518742 0.00240627 -0.00478652 0.999991 56.2966
0.999998 -0.00192167 -0.00312582 -0.133013 0.00193806 0.999986 0.0052446 -0.525635 0.00311604 -0.00525062 0.999987 57.7367
1 -0.00235444 -0.00227811 -0.134291 0.00236558 0.999987 0.00499397 -0.541486 0.00226624 -0.00499932 0.999991 59.1621
0.999994 -0.00359963 -0.00290396 -0.139753 0.00361529 0.99998 0.00540415 -0.555545 0.00288482 -0.00541457 0.999987 60.5915
0.999997 -0.00394461 -0.00092182 -0.136008 0.00394956 0.999977 0.00576524 -0.578807 0.000898938 -0.00576881 0.99999 61.9912
0.999993 -0.00475563 -0.00074777 -0.130676 0.00475966 0.999975 0.00558364 -0.611684 0.000721601 -0.00558718 0.999991 63.4329
0.999989 -0.00572801 -0.000372311 -0.134251 0.00572961 0.999972 0.00521016 -0.613714 0.000342452 -0.00521225 0.999993 64.8578
0.999984 -0.00581334 0.0028076 -0.1481 0.0057982 0.999971 0.00533696 -0.623783 -0.0028381 -0.00532068 0.999989 66.2513
0.999993 -0.00471866 0.00223271 -0.154469 0.00470562 0.999975 0.0056788 -0.634198 -0.00225936 -0.00566828 0.999988 67.6742
0.999993 -0.00276582 0.004187 -0.15427 0.00273508 0.999972 0.00731144 -0.649424 -0.00420663 -0.00730005 0.999973 69.0841
1 -2.80087e-06 0.00333372 -0.16106 -2.47795e-05 0.999969 0.00821165 -0.661126 -0.00333346 -0.00821177 0.999968 70.5362
0.999984 0.00416204 0.00513338 -0.169668 -0.00421056 0.999949 0.00945044 -0.677314 -0.0050933 -0.0094719 0.999951 71.9266
0.999965 0.00770871 0.00492128 -0.178244 -0.0077571 0.999925 0.00984618 -0.684015 -0.00484477 -0.00988399 0.999946 73.3318
0.999919 0.0119548 0.00555932 -0.183153 -0.0120031 0.999893 0.00871775 -0.692904 -0.00545399 -0.00878377 0.999956 74.7372
0.999914 0.0115314 0.00737254 -0.183737 -0.0115939 0.9999 0.00846031 -0.687944 -0.00727396 -0.00854493 0.999945 76.1648
0.999901 0.0125398 0.00731915 -0.1861 -0.0126051 0.999883 0.00893016 -0.693306 -0.00720569 -0.00902152 0.999942 77.5766
0.999898 0.0105577 0.0104065 -0.177028 -0.0106405 0.999916 0.00790222 -0.702789 -0.0103219 -0.00801201 0.999922 78.9585
0.999915 0.00994647 0.0091873 -0.170338 -0.0100183 0.999922 0.00777871 -0.70842 -0.00910858 -0.00787012 0.999935 80.355
0.99992 0.00899288 0.00974334 -0.165635 -0.00905503 0.999943 0.00631762 -0.712888 -0.00968569 -0.00640514 0.99994 81.7774
0.999905 0.0080207 0.0117555 -0.141069 -0.0080968 0.999949 0.00642005 -0.728884 -0.0117027 -0.00651468 0.999918 83.1502
0.999919 0.00810189 0.0106179 -0.133677 -0.00817179 0.999949 0.0065043 -0.738254 -0.0105643 -0.0065903 0.99993 84.5401
0.999915 0.00806705 0.0109334 -0.129978 -0.00814274 0.999945 0.00687336 -0.74232 -0.0108766 -0.00696186 0.999924 85.8925
0.999939 0.00657307 0.00980412 -0.125788 -0.00663975 0.999958 0.00672443 -0.752958 -0.00975912 -0.00678887 0.999937 87.3111
0.999957 0.0040606 0.00917315 -0.120353 -0.00412441 0.99997 0.00691051 -0.773598 -0.00914418 -0.00694805 0.999941 88.6971
0.999966 0.00192183 0.00895414 -0.113982 -0.0019864 0.999975 0.00713654 -0.781953 -0.0089398 -0.0071538 0.999942 90.0499
0.999977 0.000187492 0.0078219 -0.100189 -0.000240996 0.999979 0.00680665 -0.786644 -0.00781984 -0.0068084 0.999954 91.4501
0.999973 -0.00241131 0.00803397 -0.0869071 0.00235658 0.999977 0.00672736 -0.794324 -0.00804951 -0.00670793 0.999952 92.8295
0.999972 -0.00386082 0.00761683 -0.0835414 0.0038091 0.999973 0.00675615 -0.817216 -0.00764195 -0.00672694 0.999956 94.2229
0.999966 -0.00424247 0.00825384 -0.0778416 0.00418751 0.999972 0.00658687 -0.825947 -0.00828104 -0.00655164 0.999952 95.571
0.999966 -0.00490501 0.00787634 -0.0764253 0.00485518 0.999971 0.00630466 -0.849484 -0.00790631 -0.00626622 0.999957 96.9445
0.999958 -0.00528435 0.00859211 -0.0761019 0.00523217 0.999971 0.00600924 -0.863693 -0.00862309 -0.00596356 0.999953 98.3227
0.999951 -0.00468819 0.00977547 -0.0732268 0.0046257 0.999972 0.00638352 -0.868774 -0.00980439 -0.00633799 0.999941 99.6639
0.999947 -0.00454118 0.0102118 -0.0695289 0.00446392 0.999964 0.0075201 -0.884445 -0.010245 -0.00747352 0.999928 101.034
0.999923 -0.00451555 0.0124556 -0.0641502 0.00441631 0.999961 0.00796841 -0.890325 -0.0124903 -0.00791278 0.9999 102.371
0.999928 -0.00511558 0.0117154 -0.0585779 0.00503186 0.999964 0.0071098 -0.90798 -0.0117508 -0.00704965 0.999914 103.738
0.999921 -0.00529404 0.0122894 -0.0521031 0.00522697 0.999974 0.00546797 -0.913875 -0.0123172 -0.0054033 0.999919 105.085
0.999908 -0.00610879 0.0129553 -0.0452574 0.0060433 0.999971 0.00503285 -0.925545 -0.0129851 -0.00495337 0.999911 106.393
0.999888 -0.0089987 0.0127848 -0.0307165 0.00892779 0.999948 0.00557154 -0.934881 -0.0128334 -0.00545666 0.999913 107.75
0.999864 -0.0107331 0.013343 -0.00879093 0.010645 0.999924 0.00659793 -0.933308 -0.0134121 -0.0064543 0.999898 109.048
0.999839 -0.0122596 0.0138742 0.00504711 0.0121591 0.999902 0.00728149 -0.946344 -0.0139612 -0.00711153 0.999888 110.398
0.999813 -0.0128588 0.0151677 0.0183453 0.0127599 0.9999 0.00654598 -0.966082 -0.0152497 -0.0063505 0.999873 111.724
0.999796 -0.0115196 0.0172417 0.0278334 0.0114348 0.999925 0.00498656 -0.978287 -0.0172968 -0.00478831 0.999849 113.041
0.99979 -0.0100733 0.0184629 0.0401603 0.00999832 0.999945 0.00411094 -0.995035 -0.0185026 -0.00392488 0.99983 114.404
0.999756 -0.00795199 0.0211361 0.0553695 0.00787565 0.999965 0.00367119 -1.00627 -0.0211636 -0.0035038 0.999781 115.727
0.999734 -0.00672454 0.0225838 0.07709 0.00658743 0.999963 0.00611086 -1.01435 -0.0226233 -0.00595988 0.999735 117.091
0.999683 -0.0068474 0.0246934 0.0929838 0.00664924 0.999948 0.00807881 -1.0254 -0.0247464 -0.00791202 0.999675 118.416
0.999669 -0.00693876 0.0252228 0.120691 0.00671784 0.999942 0.00880875 -1.03007 -0.0252818 -0.00863582 0.999653 119.781
0.999638 -0.00596324 0.0267034 0.148399 0.00575006 0.999954 0.00803762 -1.03056 -0.0267491 -0.00788111 0.999624 121.131
0.999578 -0.00442857 0.0291149 0.177514 0.00421246 0.999967 0.00746053 -1.04073 -0.0291463 -0.0073341 0.999558 122.451
0.999565 -0.0020458 0.0298301 0.207929 0.00186007 0.999982 0.00624177 -1.05037 -0.0298414 -0.00618357 0.999548 123.828
0.999496 -0.0013287 0.0321184 0.242999 0.00112985 0.999983 0.00619276 -1.05234 -0.0321254 -0.00615274 0.999476 125.142
0.999472 7.54162e-05 0.0328554 0.279895 -0.000275103 0.999985 0.00606376 -1.05405 -0.0328535 -0.00606956 0.999454 126.511
0.999404 -0.000704161 0.0348959 0.330338 0.000493544 0.999985 0.00602953 -1.05437 -0.0348989 -0.00600817 0.999384 127.847
0.999306 -0.00143217 0.0375519 0.378731 0.00116324 0.999977 0.00717241 -1.05266 -0.0375603 -0.00712375 0.999282 129.166
0.999313 -0.00254661 0.0373494 0.416994 0.00225985 0.999971 0.0077062 -1.05398 -0.0373672 -0.00761603 0.999284 130.527
0.999235 -0.00256151 0.0393436 0.465574 0.00224037 0.999967 0.00819542 -1.05752 -0.0393623 -0.00810107 0.999205 131.852
0.999225 -0.00308629 0.0395937 0.511798 0.00276091 0.999966 0.00825748 -1.0713 -0.0396171 -0.00814134 0.999193 133.231
0.999227 -0.00469489 0.0393745 0.563197 0.00435482 0.999956 0.00870844 -1.08118 -0.0394126 -0.00853024 0.9992 134.567
0.999206 -0.00624513 0.0397163 0.616601 0.00591278 0.999951 0.00846641 -1.09239 -0.0397664 -0.00822447 0.999187 135.887
0.999268 -0.00743978 0.0378872 0.658435 0.00712886 0.999944 0.00832562 -1.10059 -0.037946 -0.00804954 0.999261 137.255
0.999253 -0.00974877 0.0377803 0.708353 0.00942423 0.999922 0.00874516 -1.11425 -0.0378618 -0.00838216 0.99926 138.578
0.999313 -0.011896 0.0354991 0.747608 0.0115733 0.999894 0.00927103 -1.11956 -0.0356047 -0.00885402 0.99934 139.962
0.999303 -0.0127825 0.0355032 0.793776 0.0124669 0.999886 0.00908183 -1.11992 -0.0356144 -0.00863245 0.99934 141.29
0.999382 -0.0131286 0.0330531 0.826467 0.0128268 0.999878 0.00931258 -1.12597 -0.0331704 -0.00888325 0.999423 142.642
0.999397 -0.0145067 0.0320598 0.855577 0.014231 0.999865 0.00878778 -1.1183 -0.032182 -0.00832586 0.99946 144.018
0.999329 -0.0165317 0.0331218 0.903803 0.0163272 0.99985 0.00642011 -1.1259 -0.033222 -0.00587539 0.999444 145.356
0.9993 -0.0213195 0.0312627 0.948165 0.0211493 0.999766 0.0057419 -1.15679 -0.0313769 -0.00507641 0.999508 146.766
0.999133 -0.0281517 0.0311819 1.00131 0.0279132 0.999583 0.00803998 -1.15978 -0.0313944 -0.00716291 0.999495 148.1
0.999055 -0.0330941 0.0287741 1.05053 0.0328544 0.999428 0.00873325 -1.16709 -0.0290458 -0.00777932 0.999562 149.453
0.999006 -0.0355462 0.02753 1.0926 0.035362 0.999355 0.00712535 -1.17417 -0.0277646 -0.00614503 0.999611 150.794
0.999011 -0.0343693 0.0288168 1.12788 0.0342343 0.999408 0.0051313 -1.18564 -0.0289751 -0.00413946 0.999588 152.137
0.999087 -0.0320233 0.0288712 1.1504 0.0319694 0.999493 0.00230735 -1.18449 -0.0289295 -0.00138253 0.999596 153.543
0.999067 -0.0308491 0.0308121 1.18697 0.0307823 0.99953 0.00260708 -1.21229 -0.030877 -0.00165589 0.999538 154.879
0.99899 -0.0335064 0.0305085 1.22904 0.0333602 0.999435 0.00526859 -1.21625 -0.0306668 -0.00424574 0.999536 156.223
0.998788 -0.0386645 0.0310523 1.27738 0.0384402 0.999239 0.00775382 -1.22963 -0.0313274 -0.00655045 0.999504 157.567
0.998522 -0.043525 0.0330675 1.31517 0.0432622 0.999032 0.00859649 -1.22228 -0.0334086 -0.00715342 0.999432 158.896
0.99847 -0.0454047 0.0321812 1.36042 0.0451477 0.998951 0.00863428 -1.22954 -0.0325383 -0.00716782 0.999461 160.239
0.99846 -0.0437688 0.0345936 1.40046 0.0434715 0.999018 0.00927675 -1.22696 -0.0349646 -0.0077589 0.999374 161.566
0.998543 -0.0406944 0.0359797 1.42668 0.0404143 0.999155 0.00844601 -1.23294 -0.0362918 -0.00697923 0.999333 162.875
0.998584 -0.0372529 0.0384462 1.46516 0.037008 0.999297 0.00704118 -1.23911 -0.0386802 -0.0056087 0.999251 164.201
0.998705 -0.0344002 0.0380339 1.51054 0.0341551 0.999399 0.00704846 -1.24119 -0.0382525 -0.00574003 0.999267 165.564
0.998713 -0.0333118 0.0387047 1.55343 0.0330514 0.999434 0.00732763 -1.21462 -0.0389257 -0.0060393 0.99924 166.935
0.998726 -0.0320208 0.0395294 1.60429 0.0317427 0.999475 0.00761746 -1.20519 -0.0397515 -0.00635265 0.999205 168.271
0.998845 -0.0299087 0.0381017 1.65004 0.0297013 0.999549 0.00597884 -1.20847 -0.0382622 -0.00484057 0.999273 169.644
0.998912 -0.0267727 0.0387332 1.68643 0.0266322 0.999645 0.004113 -1.21767 -0.0388285 -0.00307673 0.999257 170.975
0.999082 -0.0214195 0.0376016 1.71839 0.0213136 0.999775 0.00319484 -1.22005 -0.0376604 -0.00239084 0.999304 172.355
0.999141 -0.017848 0.0379819 1.75478 0.017748 0.999846 0.00294184 -1.20396 -0.0380276 -0.00226513 0.99929 173.759
0.999105 -0.0159222 0.0396732 1.79902 0.015747 0.999873 0.00470482 -1.21062 -0.0397419 -0.00407638 0.999219 175.125
0.999145 -0.0157614 0.0387761 1.84767 0.0155123 0.999866 0.00668955 -1.21849 -0.0388752 -0.00608225 0.999242 176.507
0.999091 -0.0185834 0.0388795 1.9003 0.0182722 0.999808 0.00832308 -1.22282 -0.0390255 -0.00760553 0.999228 177.879
0.999152 -0.0206437 0.0362372 1.95663 0.0203353 0.999761 0.0088308 -1.22917 -0.0364098 -0.0080862 0.999321 179.262
0.99917 -0.0206217 0.0356992 2.00081 0.0204514 0.999787 0.00510638 -1.22687 -0.0357956 -0.00437249 0.999368 180.627
0.999282 -0.0190589 0.033395 2.04664 0.0189826 0.999824 0.00256957 -1.23359 -0.033437 -0.00193369 0.999455 182.006
0.999337 -0.0161013 0.0332754 2.09798 0.0160802 0.99988 0.000877727 -1.23872 -0.0332841 -0.000342571 0.999465 183.376
0.999356 -0.0127398 0.0341911 2.13537 0.0126498 0.999924 0.00281844 -1.25572 -0.0342232 -0.00238405 0.999429 184.736
0.999415 -0.0110248 0.0329926 2.17107 0.0108409 0.999935 0.00572389 -1.26185 -0.0330521 -0.0053633 0.999458 186.145
0.99934 -0.0115761 0.0350637 2.20423 0.0112915 0.999911 0.00827649 -1.2733 -0.0351551 -0.00787506 0.999369 187.517
0.999368 -0.0118522 0.0340971 2.24752 0.0115445 0.999901 0.00918274 -1.27102 -0.0342012 -0.00878368 0.999397 188.94
0.999345 -0.0139145 0.0340873 2.29294 0.0135788 0.999866 0.0100369 -1.27426 -0.0342212 -0.00956737 0.999387 190.342
0.999263 -0.0162443 0.0353662 2.33932 0.0158566 0.999822 0.0111901 -1.27989 -0.0355403 -0.0106214 0.999334 191.722
0.999255 -0.0181135 0.0347295 2.38737 0.0177203 0.999786 0.0115709 -1.28613 -0.0349304 -0.0109468 0.999348 193.151
0.999193 -0.0194572 0.0357233 2.43551 0.0189949 0.999743 0.0132085 -1.30107 -0.0359697 -0.0125196 0.999296 194.533
0.999149 -0.0232568 0.0347325 2.48562 0.0227449 0.999638 0.0150357 -1.30158 -0.0350682 -0.0142327 0.999302 195.965
0.999035 -0.0257357 0.0361857 2.53657 0.0251672 0.999566 0.0160514 -1.30646 -0.0365816 -0.0151256 0.999239 197.355
0.999115 -0.0237923 0.0353479 2.57801 0.0233526 0.999657 0.0127699 -1.30401 -0.0356381 -0.0119329 0.999313 198.794
0.999238 -0.0166106 0.0359148 2.61265 0.0163056 0.999841 0.00874124 -1.29691 -0.0360528 -0.00814942 0.99934 200.213
0.999296 -0.00906824 0.0370364 2.64308 0.00873676 0.999932 0.00907528 -1.2686 -0.0371146 -0.00874511 0.999292 201.607
0.999347 -0.00336215 0.0365711 2.66679 0.00292141 0.999936 0.0120788 -1.27398 -0.0366079 -0.0119645 0.999282 203.069
0.999273 -0.00200149 0.0386859 2.71343 0.00138661 0.999884 0.0158901 -1.27029 -0.0387118 -0.0158247 0.999145 204.511
0.999334 -0.0036246 0.036905 2.76098 0.00299883 0.999864 0.0169775 -1.26185 -0.0369601 -0.0168559 0.9992 205.968
0.999328 -0.00622329 0.0367743 2.83342 0.0055895 0.999846 0.0172866 -1.25011 -0.0368748 -0.0170691 0.999194 207.423
0.999328 -0.00740439 0.0364834 2.88498 0.00678105 0.999843 0.0171585 -1.23597 -0.0366033 -0.0168999 0.999212 208.859
0.999393 -0.00662542 0.0348917 2.92785 0.0060346 0.999849 0.0169826 -1.21948 -0.0349975 -0.0167615 0.999267 210.326
0.999363 -0.00642477 0.0357174 2.96877 0.00581439 0.999849 0.017144 -1.21605 -0.0358208 -0.0169257 0.999242 211.754
0.999422 -0.00476363 0.0343713 3.00672 0.00414283 0.99984 0.0180791 -1.20509 -0.0344505 -0.017926 0.999266 213.235
0.999427 -0.00538051 0.0340729 3.05005 0.00475835 0.999835 0.0182902 -1.1925 -0.0341644 -0.0181179 0.999279 214.699
0.999398 -0.00526948 0.0349991 3.09948 0.00463928 0.999839 0.0180322 -1.18086 -0.035087 -0.0178586 0.999247 216.137
0.999427 -0.00586972 0.0340282 3.14838 0.00525806 0.999837 0.0180113 -1.17767 -0.0341271 -0.0178224 0.999286 217.65
0.999401 -0.00593521 0.0347978 3.20124 0.00531344 0.999838 0.0179008 -1.16677 -0.034897 -0.0177048 0.999257 219.093
0.99945 -0.00530396 0.0334375 3.24096 0.0047127 0.999845 0.0177132 -1.16021 -0.0335252 -0.0175463 0.999311 220.612
0.999424 -0.00608928 0.0341133 3.28504 0.00549864 0.999847 0.0173471 -1.15642 -0.0342123 -0.0171491 0.999291 222.08
0.999487 -0.00448142 0.0324279 3.32433 0.00391791 0.999855 0.0173975 -1.13827 -0.0325 -0.017262 0.99935 223.575
0.999513 -0.00514613 0.0315533 3.36049 0.00462145 0.999864 0.0166426 -1.12374 -0.0316333 -0.0164884 0.999387 225.093
0.999499 -0.00483611 0.0320074 3.39529 0.00430589 0.999866 0.0165901 -1.112 -0.0320823 -0.0164444 0.999378 226.57
0.999546 -0.00471501 0.0305612 3.42701 0.00420066 0.999863 0.0168338 -1.1165 -0.0306351 -0.0166977 0.999415 228.092
0.999552 -0.00483488 0.0303031 3.45201 0.00434541 0.999873 0.0161686 -1.12913 -0.0303764 -0.01603 0.999437 229.604
0.999566 -0.00532402 0.0297922 3.49912 0.00486595 0.999883 0.0153902 -1.13209 -0.0298691 -0.0152384 0.999461 231.103
0.999552 -0.00636405 0.0300169 3.53885 0.00587908 0.999866 0.0161881 -1.12538 -0.0301148 -0.0160047 0.999445 232.597
0.999518 -0.00664853 0.0311209 3.57469 0.00613689 0.999859 0.0164707 -1.11158 -0.0312244 -0.0162717 0.999405 234.08
0.999543 -0.0061775 0.0303704 3.60983 0.0056794 0.999862 0.0164283 -1.10243 -0.0304666 -0.0162486 0.999431 235.59
0.999493 -0.00684247 0.0319167 3.65185 0.0063156 0.999857 0.016542 -1.09329 -0.0320237 -0.0163318 0.99938 237.092
0.999525 -0.00571166 0.0310541 3.69287 0.00519577 0.999862 0.016635 -1.0764 -0.0311438 -0.0164662 0.999407 238.604
0.999496 -0.00668541 0.0318695 3.73055 0.00610704 0.999831 0.018173 -1.07592 -0.0319839 -0.0179689 0.999356 240.112
0.999435 -0.00666455 0.033682 3.77424 0.00603461 0.99982 0.0187384 -1.06544 -0.0337997 -0.0185249 0.999285 241.622
0.999477 -0.00666888 0.0324901 3.80879 0.00614173 0.999865 0.0162599 -1.0596 -0.0325926 -0.0160515 0.999369 243.168
0.999417 -0.00626933 0.0343382 3.8542 0.00574696 0.99988 0.0152589 -1.05441 -0.0344288 -0.0150529 0.999322 244.674
0.999445 -0.00589375 0.0335994 3.89438 0.00537225 0.999878 0.0155559 -1.04891 -0.0336853 -0.0153665 0.999344 246.201
0.999439 -0.00634166 0.0336792 3.9407 0.00578375 0.999859 0.0166045 -1.04485 -0.0337787 -0.0164007 0.999324 247.726
0.999428 -0.00590735 0.0340735 3.9766 0.00531122 0.999845 0.0175257 -1.03663 -0.0341701 -0.0173344 0.999296 249.243
0.999464 -0.00599292 0.0330044 4.02515 0.00540921 0.999842 0.0177137 -1.02891 -0.0331043 -0.017526 0.999328 250.778
0.999432 -0.00541635 0.0340674 4.06248 0.00480048 0.999837 0.018099 -1.01946 -0.0341583 -0.0179248 0.999286 252.29
0.999477 -0.00472237 0.0328335 4.1079 0.00412825 0.99984 0.018104 -1.01956 -0.0329127 -0.0179593 0.999328 253.884
0.999436 -0.00472109 0.0340683 4.15207 0.00409474 0.999834 0.0184006 -1.00517 -0.0341479 -0.0182504 0.999281 255.396
0.999475 -0.00630023 0.0326328 4.20393 0.00570507 0.99983 0.0182627 -0.992769 -0.0327415 -0.0180673 0.999331 256.966
0.999462 -0.00807417 0.0326637 4.25251 0.00745722 0.999805 0.018932 -0.970979 -0.0328087 -0.0186777 0.999318 258.496
0.999387 -0.011879 0.0337422 4.31845 0.0111828 0.999736 0.0207072 -0.948953 -0.0339784 -0.0203176 0.999247 260.03
0.999421 -0.0119282 0.0327658 4.3797 0.0112548 0.999736 0.0206237 -0.936329 -0.0330018 -0.0202425 0.999281 261.578
0.999391 -0.0121077 0.033546 4.42444 0.0114241 0.999738 0.0204585 -0.921954 -0.0337841 -0.0200631 0.999259 263.102
0.999335 -0.0147205 0.0342199 4.48794 0.0139699 0.999672 0.0220363 -0.89107 -0.0345319 -0.0215431 0.999203 264.661
0.999285 -0.0165702 0.0347456 4.53815 0.015778 0.999626 0.022914 -0.860297 -0.0351116 -0.0223497 0.999164 266.199
0.999162 -0.0185118 0.0372949 4.58849 0.0177047 0.999618 0.021823 -0.853497 -0.0376834 -0.021144 0.999098 267.718
0.999153 -0.0193544 0.0370586 4.63862 0.0185803 0.999618 0.0210854 -0.839269 -0.0374519 -0.0203793 0.99912 269.26
0.999054 -0.018636 0.0400525 4.68586 0.0177943 0.999629 0.0212387 -0.825148 -0.0404322 -0.0205056 0.999004 270.811
0.999097 -0.0170796 0.0395944 4.74202 0.016244 0.999655 0.0212983 -0.813712 -0.0399438 -0.0206362 0.999018 272.351
0.999073 -0.0163188 0.0405802 4.79435 0.0154715 0.999672 0.021076 -0.79021 -0.0409093 -0.0204282 0.998986 273.888
0.998964 -0.0139146 0.0439347 4.84273 0.0129402 0.99968 0.0223573 -0.791715 -0.044231 -0.021766 0.998813 275.423
0.998933 -0.0146168 0.0444782 4.89754 0.0136587 0.999684 0.0217389 -0.774986 -0.0447804 -0.0211078 0.998806 276.969
0.998811 -0.0137706 0.0473672 4.95516 0.0127407 0.999691 0.0219506 -0.75877 -0.0476541 -0.0213213 0.998666 278.499
0.998798 -0.0145169 0.0474528 5.02196 0.0134765 0.999677 0.022147 -0.730893 -0.0477574 -0.0214803 0.998661 280.053
0.998757 -0.0147658 0.0482153 5.09175 0.013683 0.999662 0.0226858 -0.711817 -0.0485332 -0.0219982 0.998609 281.587
0.998516 -0.01676 0.0523935 5.16291 0.0155261 0.999609 0.0238457 -0.699941 -0.0527709 -0.0229964 0.998375 283.097
0.998592 -0.0172319 0.0507643 5.23449 0.0160416 0.999603 0.0237378 -0.679088 -0.0511523 -0.0228904 0.998459 284.649
0.998458 -0.0177639 0.0531693 5.31528 0.0166175 0.999636 0.0219015 -0.66221 -0.0535372 -0.0209838 0.998378 286.169
0.99858 -0.0176739 0.0508485 5.38883 0.0166159 0.999652 0.021128 -0.643475 -0.0512034 -0.0202535 0.998513 287.726
0.998572 -0.0180587 0.0508963 5.45517 0.0169785 0.999638 0.0215528 -0.616741 -0.0512653 -0.0206574 0.998505 289.251
0.998475 -0.0190637 0.052372 5.53266 0.0179316 0.999611 0.0219759 -0.603492 -0.0527697 -0.0210037 0.998416 290.782
0.998619 -0.0188475 0.049683 5.60029 0.0177702 0.999613 0.0220139 -0.582353 -0.0500769 -0.0211001 0.998558 292.354
0.998542 -0.0182159 0.0513933 5.6786 0.0171171 0.999631 0.0217132 -0.564355 -0.051769 -0.0208023 0.998473 293.886
0.998672 -0.0177024 0.0490831 5.74927 0.0166309 0.99963 0.0221316 -0.542203 -0.0494549 -0.0212853 0.998588 295.469
0.998711 -0.0179824 0.048091 5.81473 0.01691 0.999614 0.022585 -0.525263 -0.0484778 -0.0217431 0.998617 297.035
0.998652 -0.0177229 0.0494939 5.89196 0.0165456 0.999587 0.0240733 -0.507204 -0.0498982 -0.0232212 0.998524 298.565
0.998759 -0.0167021 0.0475505 5.95724 0.0155157 0.999577 0.0251801 -0.479577 -0.04795 -0.0244115 0.998581 300.158
0.998651 -0.0157018 0.0502068 6.02273 0.0143658 0.99955 0.0268416 -0.456582 -0.0506038 -0.0260833 0.998419 301.68
0.998666 -0.0151934 0.049958 6.09242 0.0138417 0.999547 0.0272646 -0.430909 -0.0503487 -0.0265371 0.99841 303.279
0.998646 -0.0158358 0.0502539 6.16586 0.0144587 0.999527 0.0276285 -0.398829 -0.0506657 -0.0268635 0.998394 304.867
0.998527 -0.0169713 0.0521326 6.25032 0.0155735 0.999526 0.0270747 -0.373789 -0.0525665 -0.0262231 0.998304 306.441
0.998547 -0.0174808 0.0516598 6.33389 0.0161499 0.999544 0.0260479 -0.350163 -0.0520897 -0.0251749 0.998366 308.035
0.99848 -0.0176752 0.0527853 6.40983 0.0163723 0.999568 0.0249871 -0.322846 -0.0532033 -0.0240851 0.998324 309.632
0.998646 -0.0170326 0.0498914 6.48896 0.0157915 0.999573 0.025144 -0.296493 -0.0502965 -0.0243212 0.99848 311.233
0.998747 -0.0162795 0.0479603 6.56289 0.0150642 0.999574 0.0255631 -0.268231 -0.0483552 -0.0248087 0.998553 312.835
0.998713 -0.0148853 0.0492304 6.62253 0.013504 0.999523 0.0282522 -0.225475 -0.0496256 -0.0275501 0.99843 314.453
0.998724 -0.0160219 0.0485301 6.70205 0.0145197 0.999424 0.031118 -0.196322 -0.0489998 -0.0303738 0.998368 316.082
0.998651 -0.0171486 0.0497511 6.77009 0.015611 0.999408 0.0311111 -0.159837 -0.0502533 -0.0302915 0.998319 317.713
0.998667 -0.0177886 0.0490882 6.85147 0.016289 0.999409 0.0307512 -0.130021 -0.0496052 -0.0299107 0.998353 319.346
0.998589 -0.0181311 0.0506488 6.92391 0.0165694 0.999393 0.031067 -0.0957409 -0.0511795 -0.0301829 0.998276 320.952
0.998613 -0.0180358 0.0500858 7.00321 0.0164864 0.999392 0.0311475 -0.0529574 -0.0506162 -0.0302786 0.998291 322.603
0.998588 -0.0182043 0.0506531 7.08325 0.016637 0.999389 0.0311761 -0.0207743 -0.0511878 -0.0302884 0.998272 324.223
0.99849 -0.017595 0.0526352 7.15208 0.0159756 0.999405 0.0310018 0.0265572 -0.0531484 -0.0301142 0.998164 325.827
0.99853 -0.0172224 0.0521285 7.23406 0.0156397 0.999423 0.030601 0.0629311 -0.0526236 -0.0297397 0.998214 327.461
0.998377 -0.0184886 0.0544357 7.31305 0.01672 0.999338 0.032739 0.101948 -0.0550039 -0.0317758 0.998013 329.068
0.998394 -0.0199852 0.0537287 7.40133 0.0181908 0.999281 0.0336663 0.1528 -0.054361 -0.0326338 0.998031 330.709
0.998385 -0.0200405 0.0537267 7.48436 0.0182435 0.999279 0.0336998 0.196707 -0.0543621 -0.0326652 0.99802 332.316
0.998302 -0.0196863 0.0555219 7.56247 0.0177789 0.999256 0.0346247 0.240036 -0.0561602 -0.0335776 0.9979 333.927
0.998368 -0.0193759 0.054286 7.64604 0.017638 0.999337 0.0322824 0.292432 -0.0548742 -0.0312721 0.998036 335.556
0.998374 -0.0172584 0.0550371 7.71786 0.0155247 0.999388 0.0317573 0.304128 -0.0555496 -0.03085 0.998021 337.143
0.998466 -0.0165241 0.0534351 7.79595 0.0147422 0.999342 0.0335394 0.340709 -0.0539529 -0.0327001 0.99804 338.761
0.99851 -0.0161152 0.0528717 7.87344 0.0141694 0.99923 0.0369557 0.378897 -0.0534246 -0.0361502 0.997959 340.373
0.998493 -0.0152746 0.0533083 7.95189 0.0131542 0.999132 0.0398718 0.413631 -0.0538697 -0.0391103 0.997815 341.955
0.998634 -0.0141882 0.0510571 8.02927 0.0121642 0.99915 0.0397195 0.461106 -0.0515753 -0.0390428 0.997947 343.574
0.998653 -0.0143824 0.050486 8.10033 0.0123637 0.999135 0.0400404 0.500216 -0.0510169 -0.0393621 0.997955 345.147
0.998789 -0.0151093 0.0476772 8.17623 0.0131505 0.999081 0.0411165 0.558623 -0.0482527 -0.0404384 0.998058 346.759
0.998814 -0.016139 0.0466104 8.24969 0.0141752 0.999025 0.0421251 0.607315 -0.0472436 -0.0414143 0.998057 348.35
0.998796 -0.0161479 0.0471922 8.31054 0.0141679 0.999031 0.041975 0.622188 -0.0478223 -0.0412544 0.998046 349.91
0.998843 -0.0162085 0.0459643 8.38177 0.0142637 0.999016 0.0422905 0.670741 -0.0466034 -0.0415858 0.99808 351.516
0.998803 -0.0162905 0.0469869 8.44732 0.0142959 0.999008 0.0424586 0.723916 -0.04763 -0.0417345 0.998036 353.076
0.998832 -0.017258 0.0458356 8.51526 0.0153051 0.998988 0.0425833 0.775487 -0.0465229 -0.0418319 0.998074 354.696
0.998822 -0.0178339 0.0460212 8.58268 0.0158709 0.998977 0.0426517 0.8224 -0.0467328 -0.0418695 0.998073 356.282
0.998754 -0.0179764 0.0472452 8.64757 0.0159583 0.998972 0.042715 0.869472 -0.0479633 -0.0419076 0.998003 357.843
0.99881 -0.0180172 0.0462335 8.71834 0.0160217 0.998952 0.043157 0.917741 -0.0469606 -0.0423631 0.998042 359.461
0.998765 -0.0183918 0.0468605 8.78613 0.0163792 0.998956 0.0429394 0.969528 -0.0476 -0.0421185 0.998012 361.028
0.998803 -0.0196466 0.0457327 8.85568 0.0176844 0.998936 0.042901 1.01297 -0.0465249 -0.0420391 0.998077 362.643
0.998763 -0.0216407 0.0455004 8.92499 0.0196135 0.998829 0.0444984 1.07735 -0.0464089 -0.0435507 0.998007 364.238
0.998689 -0.0231496 0.0465907 8.99524 0.0210037 0.998734 0.0460109 1.12268 -0.0475948 -0.0449702 0.997898 365.812
0.998749 -0.0232835 0.0449915 9.06488 0.0212231 0.998743 0.0457014 1.16971 -0.0459977 -0.0446891 0.997976 367.431
0.998703 -0.0226021 0.0465739 9.13084 0.0204732 0.99876 0.0456683 1.22867 -0.0475462 -0.0446537 0.997916 369.002
0.998761 -0.0215615 0.0455918 9.19506 0.0194142 0.99872 0.046989 1.28926 -0.0465453 -0.0460453 0.99789 370.615
0.998698 -0.0212421 0.0473277 9.25813 0.0189702 0.998684 0.0479238 1.34184 -0.0482812 -0.0469614 0.997776 372.193
0.998729 -0.0213568 0.0463913 9.33018 0.0191093 0.998662 0.048324 1.38039 -0.0473599 -0.0473756 0.997789 373.815
0.998716 -0.0216136 0.0467815 9.40023 0.0193513 0.99866 0.0482621 1.43795 -0.0477598 -0.0472927 0.997785 375.408
0.99862 -0.0214752 0.0486222 9.46657 0.0191059 0.998646 0.0486452 1.50167 -0.0495997 -0.0476487 0.997668 376.986
0.998705 -0.0207255 0.0474232 9.53729 0.0184097 0.998655 0.0487379 1.57772 -0.0483672 -0.0477996 0.997732 378.614
0.998616 -0.0203937 0.0491996 9.60499 0.0179516 0.998623 0.0495463 1.63594 -0.0501408 -0.0485938 0.997596 380.195
0.998678 -0.0186622 0.0488245 9.67695 0.0162013 0.998616 0.0503035 1.70559 -0.0496934 -0.0494437 0.997586 381.836
0.998665 -0.0179455 0.0491598 9.7485 0.0154423 0.998603 0.0508041 1.76755 -0.0500013 -0.0499766 0.997535 383.44
0.998592 -0.017194 0.0510877 9.81799 0.0145826 0.998604 0.0510385 1.82903 -0.0518915 -0.0502193 0.997437 385.025
0.99864 -0.0166463 0.0500908 9.8935 0.0140624 0.998588 0.0514728 1.88964 -0.0508755 -0.0506978 0.997454 386.656
0.998569 -0.0160524 0.0519384 9.96456 0.0133193 0.998543 0.0525305 1.9556 -0.0527036 -0.0517608 0.997319 388.245
0.998644 -0.0150547 0.0505231 10.0334 0.0123585 0.998518 0.0532316 2.02917 -0.0512482 -0.0525343 0.99734 389.89
0.998645 -0.0143793 0.0509677 10.1088 0.0116435 0.99851 0.053559 2.09568 -0.0516594 -0.0528902 0.997314 391.506
0.998554 -0.0147205 0.0523866 10.1803 0.0118747 0.998472 0.0541992 2.16079 -0.0531029 -0.053498 0.997193 393.102
