0.999999 0.000756992 0.00136529 0.00059738 -0.000756887 1 -0.000141587 -0.0318866 -0.00136535 0.000140419 0.999999 1.23366
0.999993 0.00132575 0.00358515 -0.0157246 -0.00132714 1 0.00036175 -0.0532969 -0.00358463 -0.000366481 0.999994 2.47974
0.999991 0.000772559 0.0042982 -0.0142078 -0.000777153 0.999999 0.0010309 -0.0791961 -0.00429739 -0.00103438 0.999991 3.70118
0.999986 0.000447704 0.0054568 -0.0198895 -0.000455214 1 0.00135416 -0.102349 -0.00545621 -0.00135654 0.999985 4.92471
0.999983 0.000366746 0.00588997 -0.0166223 -0.000375828 0.999999 0.00149945 -0.12247 -0.00588957 -0.00150182 0.999982 6.13883
0.999978 0.000709231 0.00673561 -0.0184353 -0.000712208 1 0.000430122 -0.142752 -0.00673527 -0.000434716 0.999978 7.34172
0.999984 0.00054622 0.00585506 0.00257915 -0.000547467 1 0.000173063 -0.162761 -0.00585501 -0.000176434 0.999984 8.54432
0.999986 -0.000112375 0.00542013 0.00581452 0.000102 1 0.00189564 -0.189662 -0.00542024 -0.00189485 0.999985 9.73886
0.999991 -0.000897557 0.00441832 -0.00263409 0.000882977 0.999996 0.00325274 -0.216497 -0.00442122 -0.00324897 0.999987 10.9484
0.999996 -0.0022442 0.00237552 -0.0125403 0.00223773 0.999996 0.00268529 -0.233304 -0.00238143 -0.00267972 0.999996 12.1725
1 -0.00149216 0.000251179 -0.0201529 0.00149164 1 0.00120412 -0.233572 -0.000253017 -0.00120386 1 13.398
1 -0.00151904 -0.00123214 -0.0342639 0.00152085 0.999999 0.00159908 -0.265455 0.00122987 -0.00160077 1 14.6098
1 0.000166602 -0.00141963 -0.056542 -0.000164715 1 0.00148786 -0.284465 0.0014198 -0.00148776 1 15.8295
0.999998 -1.23046e-06 -0.0029293 -0.0539514 4.89828e-06 1 0.00131496 -0.302179 0.00292948 -0.00131475 0.999999 17.038
0.999997 -0.000723173 -0.00330719 -0.0671245 0.000729765 0.999999 0.00203311 -0.330982 0.00330566 -0.00203572 0.999996 18.2674
0.999996 -0.000941426 -0.00359761 -0.0819177 0.000951564 0.999997 0.00287502 -0.358028 0.00359507 -0.00287816 0.999996 19.4838
0.999997 -0.000245379 -0.00337312 -0.106496 0.000254906 0.999997 0.00289065 -0.385846 0.00337234 -0.00289162 0.999994 20.6943
0.999993 0.000149029 -0.004518 -0.110662 -0.000135948 0.999996 0.00296666 -0.412056 0.00451873 -0.00296568 0.999991 21.9013
0.999982 0.00141316 -0.00620236 -0.11432 -0.00139237 0.999995 0.00337448 -0.426094 0.00620717 -0.003366 0.99998 23.1138
0.999971 0.00129201 -0.00787912 -0.116264 -0.00127011 0.999996 0.00283055 -0.438981 0.00788305 -0.00282007 0.999972 24.3383
0.999965 0.00153119 -0.00854519 -0.139452 -0.00151477 0.999999 0.0019328 -0.457064 0.00854821 -0.00192006 0.999968 25.5726
0.999961 0.00209711 -0.00901561 -0.164991 -0.00207326 0.999995 0.00269375 -0.473723 0.00902152 -0.00267457 0.999963 26.8078
0.999952 0.000428602 -0.0102431 -0.171802 -0.00038362 0.999993 0.00439938 -0.489331 0.0102451 -0.00439552 0.999946 28.0522
0.999941 -0.000168702 -0.0111915 -0.19647 0.000217223 0.999992 0.00436928 -0.50713 0.0111909 -0.00437112 0.999935 29.2513
0.999928 -0.000429312 -0.0123551 -0.21249 0.000477269 0.999995 0.00389105 -0.52413 0.0123535 -0.003897 0.999924 30.4733
0.99991 -0.000881156 -0.0136614 -0.229748 0.000914788 0.999997 0.00247571 -0.533313 0.0136596 -0.00248768 0.999911 31.6924
0.999898 -0.000189531 -0.0147046 -0.253808 0.000232801 0.999998 0.00295782 -0.557921 0.0147042 -0.00296127 0.999895 32.8998
0.999871 -0.00110371 -0.0163086 -0.271182 0.00115611 0.999995 0.00322443 -0.573137 0.0163053 -0.0032426 0.99987 34.112
0.999858 -0.00129355 -0.0171829 -0.297308 0.00136395 0.999993 0.00410291 -0.596031 0.0171777 -0.00412614 0.999852 35.3283
0.99982 -0.00139091 -0.0191425 -0.312853 0.00147489 0.99999 0.00439382 -0.616957 0.0191367 -0.00442107 0.999815 36.5446
0.999805 -0.00163937 -0.0200228 -0.339471 0.00172596 0.99999 0.00432124 -0.632881 0.0200159 -0.0043553 0.999798 37.7389
0.999783 -0.00248738 -0.020886 -0.361365 0.00259798 0.999984 0.0052878 -0.653769 0.0208731 -0.00534082 0.999777 38.9692
0.999775 -0.00229419 -0.0214058 -0.385011 0.002435 0.999976 0.00657185 -0.671597 0.0213906 -0.00662281 0.999758 40.1872
0.999749 -0.0020552 -0.022528 -0.405653 0.00222732 0.99997 0.00763527 -0.691107 0.0225122 -0.00768349 0.999727 41.4251
0.999739 -0.00146803 -0.0230474 -0.438303 0.00163857 0.999972 0.00739912 -0.708961 0.0230363 -0.0074353 0.999716 42.6431
0.999731 -0.000618543 -0.0233701 -0.475162 0.000799355 0.99997 0.0077448 -0.728518 0.0233653 -0.00776135 0.999707 43.8618
0.999712 0.00189691 -0.0241856 -0.502071 -0.00166275 0.999953 0.00971492 -0.742052 0.0242033 -0.00967231 0.999671 45.0737
0.999724 0.0025213 -0.0235483 -0.528818 -0.00220563 0.999908 0.0134382 -0.760333 0.0235806 -0.0133825 0.999642 46.2896
0.999749 0.00317952 -0.0224819 -0.558384 -0.00279394 0.999849 0.0171787 -0.775786 0.0225335 -0.017112 0.999609 47.5136
0.999789 0.00374055 -0.0204326 -0.60408 -0.00330763 0.99977 0.0212175 -0.785354 0.0205081 -0.0211456 0.999577 48.7554
0.999804 0.00352758 -0.019944 -0.62716 -0.00306817 0.999731 0.0230456 -0.785407 0.0200203 -0.0229803 0.999546 49.97
0.999822 0.0019663 -0.0190556 -0.652897 -0.00155121 0.999763 0.0218109 -0.777662 0.0190949 -0.0217776 0.999592 51.188
0.99983 0.00368268 -0.0185796 -0.681549 -0.00329347 0.999777 0.0209614 -0.779844 0.0186531 -0.020897 0.999619 52.4032
0.99987 0.0038421 -0.0159988 -0.753073 -0.00350964 0.999779 0.0207919 -0.778078 0.0160763 -0.0207332 0.999668 53.611
0.999891 0.00352621 -0.0148428 -0.794434 -0.00323258 0.999801 0.0197913 -0.766729 0.0149101 -0.0197416 0.999706 54.8452
0.999898 0.00326516 -0.0143187 -0.840458 -0.00300241 0.999828 0.0183757 -0.758871 0.0143774 -0.018331 0.999742 56.0547
0.999888 0.00365176 -0.0150947 -0.877565 -0.00336497 0.999816 0.0190131 -0.75911 0.0151619 -0.0189606 0.999718 57.2949
0.999853 0.00386134 -0.0171215 -0.900037 -0.00350407 0.999777 0.0208839 -0.763347 0.0171996 -0.020821 0.999649 58.4838
0.99984 0.00329363 -0.0180817 -0.93351 -0.00290913 0.999772 0.0212786 -0.763703 0.0181482 -0.021223 0.999623 59.7117
0.999815 0.00432756 -0.0191628 -0.963301 -0.0039254 0.999773 0.0210079 -0.758712 0.0192505 -0.020929 0.99961 60.9612
0.999785 0.00528378 -0.0204505 -0.98784 -0.00483636 0.999752 0.0218886 -0.765839 0.0205617 -0.0217855 0.999565 62.1656
0.99978 0.00365404 -0.0210578 -1.01704 -0.00321141 0.999775 0.0210399 -0.760981 0.0211313 -0.0209678 0.999572 63.391
0.999765 0.002335 -0.0219528 -1.04343 -0.00190461 0.999809 0.0196243 -0.753841 0.021995 -0.0195785 0.99958 64.6094
0.999743 0.00158842 -0.0229937 -1.07361 -0.00112255 0.999796 0.0202842 -0.744147 0.0230224 -0.0202535 0.999546 65.8289
0.999732 0.00109995 -0.0234938 -1.11583 -0.000588288 0.999766 0.0217921 -0.743403 0.0235129 -0.0217729 0.999502 67.0225
0.999744 0.00233971 -0.0229338 -1.15995 -0.00188582 0.999804 0.019819 -0.736606 0.0229769 -0.0197711 0.999558 68.2526
0.999722 0.00397845 -0.0236376 -1.18788 -0.00354744 0.99983 0.0182652 -0.727509 0.0237069 -0.0181767 0.999569 69.4742
0.999716 0.00599383 -0.0234833 -1.23727 -0.00556433 0.999819 0.0183344 -0.724376 0.0235902 -0.0181988 0.999574 70.6896
0.999685 0.00786301 -0.0242268 -1.26809 -0.00741811 0.999805 0.0184126 -0.723245 0.0243677 -0.0182277 0.999553 71.8963
0.999682 0.00919465 -0.0239001 -1.31137 -0.00870214 0.999752 0.0206504 -0.746011 0.0240852 -0.0204362 0.99952 73.1063
0.99971 0.00951932 -0.0225502 -1.35523 -0.00900175 0.999698 0.0229566 -0.759571 0.0227627 -0.0227475 0.999497 74.319
0.999735 0.0119127 -0.0201353 -1.3983 -0.0114253 0.999648 0.0241693 -0.758981 0.0204172 -0.0239332 0.999525 75.5154
0.999784 0.0105041 -0.0184504 -1.41948 -0.0100915 0.999703 0.0223309 -0.761829 0.0186802 -0.0221404 0.999596 76.7249
0.99984 0.00746296 -0.0168119 -1.43502 -0.00717678 0.999835 0.0170454 -0.758058 0.0169372 -0.0169224 0.999734 77.9335
0.999854 0.00835047 -0.0155716 -1.44969 -0.00807569 0.999815 0.0176429 -0.762379 0.0157168 -0.0175153 0.999739 79.1241
0.999896 0.00699372 -0.0133346 -1.46413 -0.00671676 0.999768 0.020736 -0.757921 0.0134774 -0.0206445 0.999716 80.3154
0.999939 0.00835196 -0.00850063 -1.49763 -0.00816542 0.999732 0.0217667 -0.758176 0.0086813 -0.0216966 0.999744 81.4967
0.999942 0.0104966 -0.00494726 -1.49843 -0.0104027 0.999778 0.0187379 -0.740723 0.00514372 -0.0186857 0.999833 82.6972
0.99995 0.0109003 -0.00186291 -1.50049 -0.0108718 0.999834 0.0148677 -0.73702 0.00202573 -0.0148475 0.999908 83.8787
0.999964 0.00958966 0.00192099 -1.50557 -0.00961186 0.999893 0.0116426 -0.743028 -0.0018082 -0.0116612 0.999952 85.0518
0.999963 0.00832435 0.00532949 -1.50234 -0.00838166 0.99991 0.0107653 -0.753257 -0.00523838 -0.0108103 0.999948 86.2318
0.999945 0.00701298 0.00917235 -1.50171 -0.00712637 0.999906 0.0123428 -0.75926 -0.00908392 -0.012408 0.999904 87.3988
0.999892 0.00824874 0.0130503 -1.49497 -0.00841633 0.999886 0.0128138 -0.7697 -0.0129424 -0.0129231 0.999852 88.5868
0.999878 0.00716345 0.0147797 -1.46262 -0.00732139 0.999925 0.010638 -0.776309 -0.0147015 -0.0107454 0.999858 89.755
0.999843 0.00720975 0.0168619 -1.43682 -0.00735384 0.999941 0.00847382 -0.791693 -0.0167992 -0.00859727 0.999843 90.9141
0.999793 0.00729232 0.019633 -1.41864 -0.00747451 0.999938 0.00920818 -0.809063 -0.0195637 -0.00935342 0.999789 92.0798
0.999759 0.00614958 0.0217573 -1.3896 -0.0063778 0.99993 0.0104153 -0.812074 -0.021691 -0.0105523 0.999733 93.2503
0.999723 0.00561065 0.023378 -1.34995 -0.00588687 0.999922 0.0117482 -0.816431 -0.0233093 -0.011883 0.999682 94.4283
0.999705 0.00373845 0.0245682 -1.30807 -0.00407238 0.999904 0.0135374 -0.826726 -0.0245147 -0.0136343 0.999631 95.5964
0.999558 0.00204342 0.0301395 -1.31998 -0.00247295 0.999905 0.0142057 -0.825668 -0.0301066 -0.0142744 0.999472 96.7621
0.999527 0.00145807 0.0312385 -1.27782 -0.00185348 0.999924 0.0126245 -0.842662 -0.0312166 -0.0126774 0.999457 97.9307
0.999485 -0.000191777 0.0325315 -1.23958 -9.33306e-05 0.999972 0.00874592 -0.844859 -0.0325311 -0.00874483 0.999461 99.1147
0.999479 0.000525862 0.0327712 -1.19097 -0.000726202 0.999986 0.00609342 -0.856376 -0.0327664 -0.00611498 0.99947 100.292
0.999465 0.000181469 0.033176 -1.14355 -0.000347486 0.999998 0.0049794 -0.858506 -0.0331739 -0.00498862 0.999466 101.48
0.999491 0.0016179 0.0323884 -1.10809 -0.00180423 0.999988 0.00571758 -0.860664 -0.0323776 -0.00577406 0.999485 102.629
0.9996 0.000392925 0.0286596 -1.0225 -0.000604145 0.999984 0.00735208 -0.879538 -0.0286547 -0.00736708 0.999589 103.837
0.999689 -0.00106804 0.0255707 -0.942828 0.000839471 0.999966 0.00893914 -0.894324 -0.0255781 -0.00891592 0.99966 105.052
0.999766 -0.00178682 0.0219445 -0.900889 0.00157347 0.999962 0.00971948 -0.907855 -0.0219594 -0.00968339 0.999736 106.249
0.999851 -0.0021418 0.0180739 -0.863371 0.00195842 0.999954 0.0101428 -0.920861 -0.0180934 -0.0101069 0.999812 107.467
0.999921 -0.00520003 0.0122636 -0.831587 0.00509724 0.999966 0.00835349 -0.932692 -0.0123046 -0.00829098 0.999916 108.664
0.999991 -0.00363716 0.00646711 -0.81206 0.00358249 0.999966 0.00838727 -0.951605 -0.0064959 -0.00836504 0.99997 109.868
0.999999 -0.00434812 0.00112257 -0.784027 0.00433807 0.99997 0.00829858 -0.962173 -0.00115637 -0.00829445 0.99999 111.131
1.00001 -0.00327427 -0.00289363 -0.801433 0.00330237 0.999953 0.0099178 -0.979028 0.0028627 -0.00992845 0.999974 112.375
0.999972 -0.00368475 -0.00765229 -0.841327 0.00376535 0.99995 0.0106207 -0.988532 0.00761501 -0.01065 0.999938 113.58
0.999935 -0.00342443 -0.0125902 -0.868594 0.00356028 0.999943 0.0108173 -0.990977 0.0125547 -0.0108624 0.99989 114.809
0.999843 -0.000610783 -0.0182122 -0.903923 0.000837892 0.999936 0.0124915 -0.990935 0.0182055 -0.0125056 0.99978 116.037
0.999708 5.71395e-05 -0.0250409 -0.974291 0.000288784 0.999913 0.0138167 -1.01843 0.0250423 -0.013821 0.99962 117.21
0.999547 -2.40264e-05 -0.0304021 -1.03449 0.00046428 0.999908 0.0144979 -1.05016 0.0304012 -0.0145062 0.999458 118.49
0.999397 -3.60449e-05 -0.0353519 -1.09306 0.0005511 0.999902 0.0145635 -1.0789 0.0353508 -0.0145752 0.999299 119.775
0.999259 0.00146142 -0.0387055 -1.14518 -0.000834255 0.999881 0.0162301 -1.10577 0.0387267 -0.0161866 0.999144 121.05
0.999128 0.00243677 -0.0421965 -1.19851 -0.00174025 0.99987 0.0165352 -1.12983 0.0422342 -0.0164484 0.999003 122.288
0.999148 0.00329811 -0.0413733 -1.29042 -0.00261483 0.999873 0.0165791 -1.13669 0.0414249 -0.0164577 0.999031 123.544
0.999144 0.00510304 -0.0416034 -1.37036 -0.00440087 0.999856 0.0169506 -1.13809 0.0416868 -0.0167539 0.999021 124.829
0.999125 0.00688295 -0.0414911 -1.45995 -0.00613849 0.999831 0.0180629 -1.13507 0.0416107 -0.0177932 0.999002 126.11
0.999226 0.00670099 -0.0393221 -1.5709 -0.00596141 0.999813 0.0188965 -1.14047 0.0394441 -0.0186485 0.999078 127.354
0.999197 0.0112753 -0.0387181 -1.66424 -0.0104646 0.999737 0.0210944 -1.13783 0.0389478 -0.0206731 0.999054 128.631
0.99914 0.0123384 -0.0401568 -1.71046 -0.0113727 0.999654 0.0241894 -1.13098 0.0404439 -0.0237128 0.998933 129.887
0.999111 0.010692 -0.0410552 -1.78484 -0.00974373 0.999697 0.0232481 -1.1057 0.0412935 -0.0228281 0.998914 131.185
0.999095 0.0103195 -0.0418178 -1.85359 -0.00944034 0.999743 0.0211676 -1.08763 0.0420281 -0.0207547 0.998933 132.489
0.999024 0.00683465 -0.0439112 -1.90535 -0.00589218 0.999764 0.0215782 -1.06904 0.0440505 -0.0212991 0.998831 133.786
0.998917 0.00428466 -0.0468456 -1.94998 -0.00321074 0.999742 0.0229808 -1.05832 0.0469347 -0.0228064 0.998671 135.067
0.99884 0.000402425 -0.048393 -2.00477 0.000762406 0.999724 0.024071 -1.04208 0.0483914 -0.0240808 0.998568 136.347
0.998824 -0.00179654 -0.0489326 -2.07298 0.00299438 0.99971 0.0244304 -1.02486 0.0488771 -0.0245493 0.998537 137.619
0.99881 -0.00580454 -0.0486709 -2.14123 0.00690999 0.999735 0.0225997 -1.01709 0.0485289 -0.0229099 0.998589 138.908
0.998723 -0.00878665 -0.0502508 -2.19622 0.0098859 0.999729 0.0216807 -1.01059 0.0500494 -0.0221509 0.998536 140.207
0.998631 -0.0100404 -0.0515614 -2.24977 0.0111699 0.999717 0.0216864 -1.0069 0.051331 -0.0222334 0.998465 141.488
0.998608 -0.0100991 -0.0522499 -2.312 0.0112577 0.999709 0.0219396 -0.996715 0.0520157 -0.0224985 0.998429 142.767
0.998542 -0.0100158 -0.0532678 -2.37105 0.0112675 0.999681 0.0232685 -0.976354 0.0530195 -0.0238356 0.998341 144.057
0.998532 -0.00755853 -0.0541118 -2.43224 0.00887335 0.999684 0.0241148 -0.957281 0.0539151 -0.0245609 0.998278 145.346
0.998585 -0.00731644 -0.0529228 -2.52096 0.00848733 0.999739 0.0219487 -0.941312 0.0527502 -0.0223676 0.99839 146.643
0.99854 -0.0067226 -0.0540775 -2.57824 0.00781591 0.999782 0.0200489 -0.933316 0.0539338 -0.0204436 0.998371 147.922
0.998532 -0.00690303 -0.0539717 -2.65585 0.00783568 0.999839 0.0171031 -0.926855 0.0538468 -0.0175017 0.99843 149.24
0.998562 -0.00835056 -0.0534321 -2.73725 0.00904769 0.999891 0.0128366 -0.928344 0.0533219 -0.0133029 0.998524 150.524
0.998559 -0.00861164 -0.0532186 -2.81652 0.00912663 0.999929 0.00945496 -0.937216 0.0531353 -0.00992783 0.998572 151.822
0.998579 -0.00871624 -0.0530539 -2.90015 0.00919055 0.999934 0.00872084 -0.953566 0.0529773 -0.00919739 0.998588 153.117
0.998569 -0.00827401 -0.0530982 -2.97615 0.00881229 0.999927 0.00992762 -0.97777 0.053014 -0.0103822 0.998574 154.379
0.998539 -0.00743747 -0.0539988 -3.05277 0.00804129 0.999922 0.0109891 -0.997245 0.0539158 -0.0114086 0.998516 155.684
0.998523 -0.00663774 -0.05418 -3.1266 0.00731538 0.999913 0.0123357 -1.00996 0.0540951 -0.0127147 0.998489 156.957
0.998459 -0.00622587 -0.0556212 -3.19229 0.00694887 0.999908 0.0128306 -1.01541 0.0555391 -0.0131986 0.998406 158.241
0.998338 -0.00599652 -0.0575531 -3.25455 0.00673008 0.999914 0.0125766 -1.02446 0.0574743 -0.0129438 0.998296 159.504
0.998273 -0.00493466 -0.05901 -3.32751 0.00575378 0.999904 0.0137341 -1.04239 0.0589394 -0.014051 0.998201 160.769
0.998126 -0.00528787 -0.061189 -3.39795 0.00624212 0.999877 0.0154288 -1.06078 0.0611014 -0.0157827 0.99804 162.091
0.998138 -0.00458843 -0.0612775 -3.50123 0.00558439 0.99987 0.0161083 -1.07271 0.0611986 -0.0164217 0.998028 163.423
0.997973 -0.00406802 -0.06372 -3.56328 0.00504303 0.999888 0.0151615 -1.0766 0.0636527 -0.0154531 0.997886 164.68
0.99801 -0.00388575 -0.0633809 -3.66869 0.00480916 0.999899 0.0144394 -1.08856 0.0633213 -0.0147168 0.997923 165.958
0.997931 -0.00302096 -0.0644428 -3.75096 0.0039834 0.999897 0.0148265 -1.09962 0.064393 -0.0150534 0.997846 167.217
0.997856 -0.00347387 -0.065784 -3.83822 0.00439605 0.99991 0.0138937 -1.10377 0.0657325 -0.0141545 0.997776 168.537
0.997837 -0.00290655 -0.0659067 -3.94229 0.00375986 0.999926 0.0128412 -1.10957 0.0658662 -0.013062 0.997779 169.813
0.997695 -0.00240029 -0.0682444 -4.01857 0.00335508 0.999915 0.0138963 -1.12492 0.068208 -0.0140946 0.99761 171.096
0.997637 -0.00143567 -0.0689188 -4.11952 0.00252896 0.999888 0.0157918 -1.13787 0.06889 -0.0159296 0.997534 172.378
0.997479 -0.0010045 -0.0713593 -4.19847 0.00216105 0.999884 0.0161481 -1.13725 0.0713378 -0.0162628 0.997358 173.653
0.997333 -0.000336928 -0.0732037 -4.29538 0.00152507 0.999884 0.0161869 -1.13429 0.0731913 -0.0162562 0.997223 174.926
0.997286 0.000798787 -0.0740161 -4.40469 0.000440156 0.999877 0.0167369 -1.13863 0.0740233 -0.0167251 0.997154 176.185
0.997305 0.00104865 -0.073575 -4.5327 0.000144437 0.999885 0.0162201 -1.1468 0.073585 -0.0161878 0.997195 177.473
0.997228 0.00202326 -0.0747818 -4.63105 -0.00087419 0.999899 0.0154114 -1.14398 0.0748084 -0.0153044 0.997119 178.76
0.997214 0.00262136 -0.0747692 -4.74963 -0.00145618 0.999893 0.0156446 -1.14428 0.0748036 -0.0154929 0.997116 180.041
0.997278 0.0024006 -0.074106 -4.86981 -0.00133987 0.999914 0.0143764 -1.14736 0.074137 -0.0142391 0.997186 181.332
0.997239 0.00104319 -0.0744782 -4.97275 -3.71549e-05 0.999926 0.0135193 -1.16024 0.0744882 -0.01348 0.997168 182.605
0.997171 -0.00196704 -0.0755459 -5.06313 0.00303645 0.999914 0.0140572 -1.17033 0.0755147 -0.0142481 0.997083 183.881
0.997019 -0.00146105 -0.0773622 -5.15009 0.00288149 0.999847 0.018264 -1.17781 0.0773249 -0.0184332 0.996873 185.189
0.997015 -0.00226494 -0.0775601 -5.25316 0.004028 0.999753 0.0225977 -1.17754 0.0774927 -0.0228439 0.996771 186.482
0.996975 -0.000956967 -0.0779318 -5.3562 0.00266995 0.999773 0.0218892 -1.17203 0.0778946 -0.0220318 0.996756 187.739
0.997004 0.000841834 -0.0777187 -5.46735 0.000609259 0.999843 0.018662 -1.16833 0.0777249 -0.0186547 0.996841 189
0.996935 0.000827366 -0.0784533 -5.57103 0.000497115 0.999875 0.0168697 -1.17026 0.0784589 -0.0168578 0.996813 190.242
0.997006 0.00156084 -0.0776885 -5.68817 -0.000283029 0.999882 0.0164733 -1.16497 0.0777078 -0.0164034 0.996882 191.494
0.997032 0.00291396 -0.0771551 -5.79832 -0.00160423 0.999872 0.0170386 -1.1568 0.0771964 -0.0168651 0.996912 192.742
0.997151 0.00347008 -0.0757416 -5.91682 -0.00206676 0.999843 0.0186147 -1.15444 0.0757971 -0.0184064 0.996994 194.006
0.997207 0.00400102 -0.074814 -6.02661 -0.00258382 0.999834 0.0190364 -1.14794 0.0748792 -0.0187907 0.997054 195.291
0.997257 0.00542786 -0.0742212 -6.11912 -0.00418843 0.999864 0.0168624 -1.12464 0.0743061 -0.0165067 0.997138 196.539
0.997367 0.00474854 -0.0726222 -6.21692 -0.00369943 0.999905 0.0145849 -1.12145 0.0726862 -0.0142786 0.997291 197.778
0.997483 0.00487028 -0.0711709 -6.31231 -0.00393901 0.999921 0.0132401 -1.12964 0.071233 -0.0129279 0.997416 199.02
0.997541 0.00409633 -0.0702328 -6.40116 -0.00318786 0.999927 0.0130539 -1.13972 0.0702827 -0.0127986 0.997484 200.261
0.997606 0.00440701 -0.069471 -6.48676 -0.00346349 0.999917 0.0137159 -1.14944 0.0695288 -0.0134439 0.99753 201.491
0.997729 0.00424691 -0.0675091 -6.58463 -0.00318603 0.999887 0.0158254 -1.15805 0.0675703 -0.015575 0.997633 202.713
0.997792 0.0054956 -0.0666711 -6.67524 -0.00438592 0.999866 0.0167992 -1.16845 0.0667576 -0.016471 0.997674 203.934
0.997759 0.00590267 -0.0669382 -6.75486 -0.00477344 0.999862 0.0170278 -1.17279 0.0670309 -0.0166706 0.997654 205.138
0.997722 0.00596497 -0.0676802 -6.82645 -0.00483005 0.999862 0.0169409 -1.17521 0.067775 -0.0165767 0.997604 206.363
0.997836 0.00566681 -0.065822 -6.94262 -0.00452442 0.999855 0.0175045 -1.1873 0.0659134 -0.0171691 0.997721 207.549
0.997937 0.00592252 -0.0643869 -7.04306 -0.00479536 0.99985 0.0176693 -1.19561 0.0644848 -0.0173255 0.997808 208.761
0.99803 0.00602254 -0.0627761 -7.14286 -0.00491359 0.999847 0.0178185 -1.19923 0.0628756 -0.0174753 0.997912 209.966
0.998113 0.00541928 -0.0616248 -7.23039 -0.00434605 0.999853 0.0175602 -1.20214 0.0617139 -0.0172607 0.997984 211.14
0.998054 0.00568538 -0.062443 -7.29407 -0.00451986 0.999831 0.0188025 -1.21032 0.0625411 -0.0184839 0.997915 212.284
0.998016 0.0049106 -0.0632158 -7.36762 -0.00365424 0.999811 0.0199984 -1.21558 0.0633049 -0.0197291 0.99784 213.447
0.997947 0.00479674 -0.064203 -7.44846 -0.00352516 0.999814 0.019915 -1.21854 0.0642884 -0.0196481 0.99778 214.605
0.997901 0.00554428 -0.0649714 -7.52122 -0.00427458 0.999814 0.0196908 -1.22941 0.0650715 -0.0193731 0.997734 215.702
0.997881 0.00548983 -0.0651546 -7.60665 -0.00425556 0.999828 0.0190773 -1.23351 0.0652497 -0.0187599 0.997735 216.803
0.997837 0.00590146 -0.0659183 -7.68264 -0.00461881 0.999815 0.0196172 -1.24365 0.0660247 -0.0192718 0.997674 217.88
0.997747 0.00563647 -0.0671746 -7.76179 -0.00432801 0.999817 0.0196167 -1.24713 0.0672746 -0.0192822 0.997591 218.953
0.997586 0.00551757 -0.0696584 -7.83307 -0.00406904 0.999791 0.0209405 -1.25242 0.0697619 -0.0206082 0.997395 220.013
0.9974 0.00499162 -0.0722049 -7.90675 -0.00333824 0.999749 0.0230097 -1.25664 0.0723032 -0.0227094 0.997168 221.052
0.997241 0.00649352 -0.0743574 -7.99707 -0.00464163 0.999694 0.0250709 -1.25452 0.0745002 -0.0246582 0.996962 222.149
0.996804 0.00669435 -0.0798984 -8.03093 -0.00471714 0.999698 0.0249161 -1.2494 0.0800428 -0.0244601 0.996537 223.112
0.996583 0.00658109 -0.0826795 -8.12479 -0.00467659 0.999738 0.0232274 -1.22911 0.0828133 -0.0227631 0.99635 224.176
0.99627 0.00654317 -0.0863002 -8.20679 -0.00461365 0.999755 0.0225446 -1.21321 0.0864283 -0.022063 0.996058 225.159
0.996057 0.00740339 -0.0887337 -8.30366 -0.00533566 0.999728 0.0235378 -1.22517 0.0888865 -0.0229732 0.995822 226.103
0.995768 0.00765904 -0.091838 -8.39396 -0.00554936 0.999735 0.0232115 -1.22634 0.0919932 -0.0226042 0.995549 227.032
0.995405 0.00752316 -0.0957629 -8.47988 -0.00542775 0.99976 0.0221416 -1.21906 0.0959091 -0.0215217 0.995203 227.939
0.99523 0.0078662 -0.0974878 -8.59239 -0.00580331 0.999773 0.0214325 -1.22066 0.0976359 -0.0207652 0.995052 228.818
0.995081 0.00909528 -0.0989577 -8.70587 -0.00702537 0.99977 0.0212641 -1.2238 0.0991311 -0.020466 0.99491 229.687
0.994806 0.00921947 -0.101611 -8.80375 -0.00714097 0.999777 0.0208069 -1.2299 0.101782 -0.0199738 0.994653 230.523
0.994603 0.0108448 -0.103487 -8.90814 -0.00869999 0.999759 0.0211735 -1.23639 0.103694 -0.0201606 0.994451 231.357
0.994562 0.0118055 -0.103711 -9.00387 -0.00959805 0.999737 0.0217638 -1.23817 0.103943 -0.0206505 0.994417 232.152
0.99464 0.0117021 -0.103045 -9.09839 -0.00938088 0.999712 0.023002 -1.24268 0.103287 -0.0219138 0.994456 232.941
0.994708 0.0118363 -0.102302 -9.1861 -0.00944254 0.999691 0.0238577 -1.24621 0.102554 -0.0227661 0.994515 233.697
0.994774 0.0123705 -0.101668 -9.27136 -0.0100814 0.999705 0.0230173 -1.24026 0.101926 -0.0218737 0.994597 234.449
0.99483 0.0122712 -0.101052 -9.35487 -0.0101245 0.999734 0.021734 -1.24859 0.101293 -0.0205991 0.994694 235.185
0.994905 0.0123935 -0.10037 -9.43045 -0.0104487 0.999768 0.0198988 -1.25065 0.100595 -0.0187503 0.994798 235.922
0.995005 0.0125128 -0.0992952 -9.50826 -0.0107444 0.999796 0.0183321 -1.24863 0.0995058 -0.0171743 0.994939 236.646
0.99517 0.0130746 -0.0976086 -9.58827 -0.0113646 0.999793 0.0180748 -1.2503 0.097827 -0.0168798 0.995107 237.374
0.995415 0.012979 -0.095046 -9.67216 -0.0113572 0.999803 0.0175915 -1.24542 0.0952572 -0.016432 0.995368 238.111
0.995606 0.0142304 -0.0928874 -9.74512 -0.0127773 0.999806 0.0162403 -1.22889 0.0931031 -0.0149837 0.995591 238.828
0.995683 0.0146058 -0.0919592 -9.80255 -0.0132514 0.999816 0.0153303 -1.22147 0.092168 -0.014046 0.995695 239.547
0.995721 0.0133648 -0.0917817 -9.84512 -0.0120969 0.999843 0.0143777 -1.22053 0.091962 -0.0132075 0.995722 240.269
0.995874 0.0134179 -0.0900399 -9.89715 -0.0120529 0.999826 0.0156937 -1.2341 0.0902365 -0.0145443 0.995867 240.985
0.996032 0.0123577 -0.0884953 -9.94122 -0.0108815 0.999815 0.0171644 -1.24641 0.0886936 -0.016135 0.995976 241.691
0.996185 0.0112809 -0.0868467 -9.98758 -0.00964322 0.99979 0.0192611 -1.27213 0.0870473 -0.0183508 0.99609 242.399
0.996479 0.0109329 -0.0835208 -10.0526 -0.00935253 0.999792 0.0193113 -1.27304 0.0837171 -0.0184639 0.996367 243.108
0.996664 0.0105519 -0.0812725 -10.104 -0.00911638 0.999819 0.0180219 -1.26234 0.0814494 -0.0172215 0.996584 243.804
0.996829 0.00975971 -0.0793917 -10.1503 -0.00844647 0.999843 0.0168837 -1.25505 0.0795466 -0.0161613 0.996747 244.512
0.997083 0.0107416 -0.0759668 -10.2133 -0.00964994 0.999866 0.0147314 -1.24317 0.0761169 -0.0139558 0.997057 245.201
0.997201 0.0101129 -0.0745399 -10.2547 -0.0091241 0.999887 0.0136173 -1.23994 0.0746719 -0.0129009 0.997173 245.923
0.997284 0.0104304 -0.0733264 -10.2944 -0.00938951 0.999871 0.0145338 -1.24246 0.0734705 -0.0138063 0.997258 246.628
0.997449 0.0105868 -0.071057 -10.3469 -0.00950186 0.999855 0.0156132 -1.24784 0.0712146 -0.0149 0.997398 247.335
0.997586 0.00983651 -0.0691828 -10.3947 -0.00876106 0.999857 0.0158397 -1.25353 0.0693308 -0.0151957 0.997534 248.056
0.997777 0.00944094 -0.0664533 -10.4492 -0.00855459 0.999894 0.0136363 -1.25178 0.0665774 -0.0130392 0.997745 248.771
0.997903 0.00979323 -0.064473 -10.5013 -0.00908012 0.999915 0.0113534 -1.25246 0.0645808 -0.0107446 0.99791 249.489
0.997994 0.00806512 -0.0633139 -10.5496 -0.00742813 0.999941 0.0103188 -1.25695 0.0633958 -0.00982959 0.99799 250.213
0.997984 0.00876525 -0.0633448 -10.5956 -0.00821149 0.999947 0.00900687 -1.25391 0.0634226 -0.00846906 0.998006 250.944
0.997979 0.00711397 -0.0636642 -10.639 -0.00658993 0.999964 0.00846537 -1.25663 0.0637247 -0.00803046 0.997985 251.679
0.997987 0.00836094 -0.0633673 -10.6903 -0.00786609 0.999958 0.00806489 -1.25849 0.0634344 -0.00755061 0.998012 252.428
0.997953 0.00830994 -0.0639147 -10.7373 -0.00782993 0.99996 0.00778561 -1.26193 0.0639794 -0.00727094 0.997974 253.174
0.997957 0.00765233 -0.063922 -10.7849 -0.00730333 0.999978 0.00570122 -1.26386 0.0639666 -0.00522316 0.997994 253.93
0.997984 0.00334099 -0.0638696 -10.8272 -0.00315551 1.00001 0.00303545 -1.26544 0.063883 -0.00282957 0.998003 254.689
0.998024 0.000169012 -0.0633459 -10.8738 -6.63578e-05 1.00002 0.00163703 -1.26529 0.0633497 -0.00163015 0.998049 255.465
0.998047 0.00364332 -0.0628734 -10.9267 -0.00332516 1 0.0051959 -1.26137 0.062895 -0.00497848 0.998059 256.245
0.998062 0.00774886 -0.0622941 -10.9859 -0.00701203 0.999926 0.0120514 -1.2796 0.0623851 -0.0115917 0.998044 257.055
0.998062 0.00618602 -0.0624393 -11.0264 -0.00511354 0.999859 0.0173521 -1.30947 0.0625404 -0.017001 0.99795 257.854
0.998178 0.00517727 -0.060684 -11.0729 -0.0042514 0.999895 0.0153878 -1.31235 0.0607596 -0.0151023 0.998097 258.642
0.998484 0.00604321 -0.0553028 -11.138 -0.00551843 0.999961 0.00967129 -1.31566 0.0553614 -0.00935315 0.998476 259.433
0.998717 0.00791608 -0.0507258 -11.197 -0.00764889 0.999979 0.00547321 -1.31239 0.0507704 -0.00507869 0.998756 260.25
0.998878 0.00923948 -0.0471753 -11.2464 -0.00895789 0.999964 0.00622335 -1.32254 0.0472336 -0.00579551 0.998922 261.083
0.999077 0.00798527 -0.0430466 -11.2976 -0.00763996 0.99996 0.00819714 -1.32617 0.0431127 -0.00786115 0.999098 261.929
0.999238 0.00553067 -0.0395244 -11.338 -0.00504901 0.999935 0.012335 -1.34077 0.0395923 -0.0121277 0.999197 262.767
0.99933 0.00340894 -0.0374143 -11.3626 -0.00288644 0.999921 0.0140309 -1.34534 0.0374616 -0.0139139 0.999259 263.617
0.999466 0.00385254 -0.0335052 -11.4064 -0.00336529 0.99991 0.0146562 -1.34844 0.0335609 -0.0145373 0.999386 264.462
0.999534 0.00621602 -0.0310558 -11.4405 -0.00580093 0.999915 0.0134588 -1.35684 0.0311391 -0.0132728 0.999486 265.307
0.999563 0.00657893 -0.0299813 -11.4545 -0.00624188 0.999939 0.0113939 -1.36127 0.0300569 -0.0112036 0.99954 266.151
0.999644 0.00750014 -0.0269358 -11.4942 -0.00720696 0.999936 0.0109968 -1.3564 0.0270189 -0.0107992 0.999637 266.985
0.999709 0.00864027 -0.0240382 -11.5156 -0.00836039 0.999919 0.0118223 -1.34626 0.0241411 -0.0116196 0.999697 267.853
0.999777 0.0111337 -0.0198246 -11.5538 -0.0108795 0.99988 0.01293 -1.34748 0.0199687 -0.0127118 0.999781 268.695
0.999808 0.0120162 -0.0176455 -11.5697 -0.011797 0.999874 0.0126119 -1.3485 0.0177975 -0.012403 0.99982 269.551
0.999863 0.0121415 -0.0140856 -11.5951 -0.0119818 0.999886 0.0114333 -1.34541 0.0142255 -0.0112632 0.999898 270.413
0.99991 0.0106757 -0.0117876 -11.6014 -0.01056 0.999918 0.0100445 -1.33702 0.0118968 -0.00992097 0.999936 271.291
0.999951 0.00798292 -0.0103561 -11.605 -0.00788443 0.999947 0.00961739 -1.32797 0.010435 -0.0095355 0.999962 272.151
0.999965 0.00620721 -0.010283 -11.6056 -0.00611312 0.999961 0.00940272 -1.33318 0.010344 -0.00934131 0.999958 273.011
0.999959 0.00529211 -0.0113115 -11.5978 -0.00519697 0.999974 0.00851399 -1.32852 0.0113589 -0.00845503 0.999963 273.891
0.999975 0.0046992 -0.0101879 -11.6183 -0.00462715 0.999987 0.00734626 -1.32422 0.0102252 -0.00730072 0.999976 274.766
0.999978 0.00489539 -0.00968935 -11.64 -0.00482607 0.999986 0.00726414 -1.32441 0.00972736 -0.00721735 0.99999 275.644
0.999991 0.0052439 -0.00810023 -11.6807 -0.0051947 0.99999 0.00639155 -1.32242 0.00813659 -0.00635117 1 276.519
0.999988 0.00533741 -0.00840254 -11.7077 -0.0052938 0.999995 0.00531363 -1.32944 0.00843322 -0.00526916 1.00001 277.375
0.999972 0.00542466 -0.0101334 -11.7188 -0.00539098 1 0.0035916 -1.33459 0.0101557 -0.00353854 0.999999 278.242
0.999921 0.00616644 -0.0140342 -11.7123 -0.00613235 1 0.00253092 -1.34139 0.014052 -0.00244456 0.999963 279.113
0.999906 0.00701695 -0.014621 -11.7403 -0.00698172 0.999997 0.00261955 -1.3598 0.0146422 -0.00251877 0.999947 279.972
0.999884 0.00873744 -0.0152137 -11.7845 -0.00869792 0.999983 0.00271718 -1.37181 0.0152393 -0.00258442 0.999945 280.8
0.999829 0.00880364 -0.0186098 -11.7909 -0.00872717 0.999978 0.00433158 -1.39745 0.0186505 -0.00416992 0.999879 281.675
0.999759 0.00920248 -0.0217567 -11.8086 -0.00911332 0.999975 0.00423909 -1.39037 0.0217975 -0.00403959 0.999819 282.551
0.99968 0.00897581 -0.0253173 -11.8425 -0.00884417 0.999972 0.00542431 -1.3822 0.0253684 -0.00520021 0.999727 283.402
0.999526 0.0080878 -0.0309837 -11.8613 -0.00788538 0.999972 0.00668353 -1.39036 0.0310393 -0.00643591 0.999564 284.265
0.999309 0.00801256 -0.0374101 -11.8811 -0.00774799 0.999969 0.00729213 -1.39418 0.0374705 -0.00699877 0.999336 285.099
0.999063 0.00885695 -0.0432562 -11.91 -0.00857427 0.999966 0.00674069 -1.39038 0.0433167 -0.00636338 0.999107 285.94
0.998785 0.00776831 -0.0495203 -11.9353 -0.00738849 0.999968 0.00790953 -1.41212 0.0495834 -0.00753565 0.998805 286.77
0.998604 0.00720883 -0.0531149 -11.9987 -0.0068144 0.999973 0.00762352 -1.41582 0.0531707 -0.00725078 0.998628 287.563
0.998367 0.00752861 -0.0573606 -12.0462 -0.00713148 0.999976 0.00717776 -1.42262 0.0574165 -0.00675861 0.998391 288.363
0.998098 0.00819904 -0.0617817 -12.0948 -0.00779053 0.999973 0.00686939 -1.42976 0.0618387 -0.00637471 0.998134 289.135
0.997892 0.00968843 -0.0648105 -12.1549 -0.00923023 0.999956 0.00741111 -1.44083 0.0648828 -0.00679883 0.997934 289.887
0.997653 0.00954283 -0.0684303 -12.2143 -0.00908298 0.999961 0.0070441 -1.4452 0.0684971 -0.00640576 0.9977 290.615
0.997383 0.00764821 -0.0724737 -12.2784 -0.00719931 0.99998 0.00649419 -1.45812 0.0725251 -0.005957 0.997415 291.323
0.997011 0.00886087 -0.0773083 -12.3426 -0.00852936 0.999981 0.00463418 -1.46163 0.0773501 -0.00396067 0.997066 292.011
0.996474 0.0111204 -0.083667 -12.4101 -0.0110154 0.999965 0.0017505 -1.45677 0.0836867 -0.000824268 0.996558 292.692
0.995718 0.0113294 -0.0922298 -12.4865 -0.0113659 0.999962 0.00014705 -1.47553 0.0922303 0.000901979 0.995809 293.328
0.994727 0.0104011 -0.102467 -12.5683 -0.0105387 0.999969 -0.0007729 -1.4881 0.102459 0.00184698 0.994803 293.966
0.993425 0.0101818 -0.114422 -12.6818 -0.0104344 0.999971 -0.00159495 -1.48047 0.114405 0.00277845 0.993504 294.556
0.991387 0.0114121 -0.130805 -12.7931 -0.0115732 0.999959 -0.000451482 -1.49955 0.130798 0.00195968 0.991476 295.16
0.98858 0.0139366 -0.150354 -12.9181 -0.0139935 0.999929 0.000689736 -1.51434 0.150355 0.0014221 0.988705 295.748
0.98505 0.0154056 -0.17184 -13.0823 -0.0154618 0.999906 0.00102605 -1.52788 0.171843 0.00164443 0.985192 296.315
0.980725 0.0164587 -0.194921 -13.2871 -0.0165333 0.999889 0.00125272 -1.53912 0.194921 0.00199408 0.980889 296.889
0.975388 0.0173441 -0.220014 -13.4804 -0.0174283 0.999873 0.00156964 -1.53532 0.220016 0.00230162 0.975564 297.388
0.968693 0.0175403 -0.247817 -13.6992 -0.0174141 0.999871 0.00270861 -1.53305 0.247835 0.00169162 0.968875 297.903
0.959532 0.0177791 -0.281171 -13.878 -0.0170699 0.99987 0.00497814 -1.54418 0.281225 2.10941e-05 0.959706 298.399
0.948825 0.0186949 -0.315391 -14.061 -0.0172189 0.999851 0.00747124 -1.5524 0.315485 -0.00165823 0.949005 298.821
0.935797 0.0198402 -0.352088 -14.2756 -0.0173034 0.999825 0.0103566 -1.56357 0.352234 -0.00360118 0.935973 299.302
0.920944 0.0210651 -0.389241 -14.5119 -0.0171989 0.999789 0.0134197 -1.57118 0.389443 -0.00566428 0.921112 299.745
0.904261 0.0213511 -0.426536 -14.7786 -0.0160636 0.999772 0.0159953 -1.57935 0.426782 -0.00761415 0.904393 300.169
0.885099 0.0206445 -0.465034 -15.0407 -0.0138118 0.999768 0.0180998 -1.58167 0.465301 -0.00959721 0.885179 300.571
0.862247 0.0201579 -0.506158 -15.3201 -0.0113865 0.999756 0.0204221 -1.60576 0.506446 -0.0118475 0.862264 301.047
0.836462 0.0200037 -0.547736 -15.6334 -0.00911525 0.999731 0.0225947 -1.62944 0.548041 -0.0139069 0.836419 301.504
0.808229 0.0195511 -0.588607 -15.9587 -0.00623923 0.999707 0.0246421 -1.64394 0.588917 -0.0162461 0.80811 301.895
0.776774 0.0194382 -0.629545 -16.2847 -0.0031676 0.999659 0.0269614 -1.65051 0.629854 -0.0189488 0.776571 302.243
0.742727 0.0208406 -0.669326 -16.6712 -0.00260371 0.999627 0.0282385 -1.65523 0.669666 -0.0192328 0.742501 302.583
0.705709 0.0203252 -0.708271 -17.0617 0.000363422 0.999605 0.0290512 -1.65984 0.708581 -0.0207589 0.705423 302.881
0.665829 0.0190855 -0.745911 -17.4713 0.0059048 0.999537 0.0308481 -1.65431 0.746154 -0.0249463 0.665404 303.12
0.622057 0.0177667 -0.782825 -17.9034 0.0134812 0.999377 0.0333975 -1.63889 0.782931 -0.0313285 0.621431 303.337
0.574376 0.0178859 -0.818442 -18.3424 0.0189109 0.999235 0.0351103 -1.62285 0.818443 -0.0356463 0.573595 303.504
0.524213 0.0220897 -0.851352 -18.7658 0.0176436 0.999193 0.036793 -1.60585 0.851477 -0.0343083 0.523401 303.608
0.472575 0.0286256 -0.880868 -19.2384 0.0129729 0.999168 0.0394312 -1.5959 0.881264 -0.0300636 0.471808 303.692
0.419292 0.0326436 -0.907313 -19.681 0.00997636 0.999153 0.0405615 -1.58349 0.907868 -0.0260589 0.418611 303.724
0.365572 0.0340146 -0.930202 -20.1867 0.010071 0.999156 0.0404953 -1.56129 0.930797 -0.0241736 0.364919 303.719
0.312157 0.0358088 -0.949403 -20.6564 0.0122045 0.999082 0.0416986 -1.53999 0.950022 -0.0246036 0.311434 303.672
0.257475 0.0374634 -0.965599 -21.0669 0.013478 0.999037 0.042356 -1.51208 0.96626 -0.0239213 0.256722 303.638
0.200812 0.0405934 -0.978835 -21.5315 0.0161131 0.998895 0.0447344 -1.48288 0.979567 -0.0247556 0.199936 303.601
0.140997 0.0434043 -0.989098 -21.9245 0.0187995 0.998767 0.0465098 -1.4654 0.9899 -0.0251535 0.140007 303.559
0.0799463 0.0471099 -0.995731 -22.3844 0.0186105 0.998665 0.0487462 -1.44832 0.996694 -0.0224285 0.0789621 303.475
0.0150273 0.052343 -0.998556 -22.8343 0.0208438 0.998421 0.0526509 -1.42257 0.999739 -0.0216059 0.0139122 303.42
-0.0507297 0.0591266 -0.997008 -23.2562 0.0226731 0.998083 0.0580404 -1.40777 0.998526 -0.0196612 -0.0519744 303.328
-0.117513 0.0650441 -0.99098 -23.7383 0.0252197 0.997751 0.0624993 -1.37164 0.992822 -0.0176483 -0.11889 303.216
-0.183728 0.0708686 -0.98047 -24.1787 0.0276215 0.997403 0.0669207 -1.34449 0.982661 -0.0147869 -0.185211 303.074
-0.248579 0.0769905 -0.96559 -24.6295 0.0316242 0.996975 0.0713531 -1.32741 0.968167 -0.0127994 -0.250262 302.903
-0.312276 0.079624 -0.946703 -25.0764 0.0353177 0.996793 0.0721916 -1.28314 0.949408 -0.0108917 -0.314089 302.709
-0.374736 0.0826182 -0.923488 -25.5439 0.0395809 0.996564 0.0730959 -1.26139 0.926358 -0.00916103 -0.376717 302.495
-0.432066 0.0840377 -0.897976 -25.984 0.0440656 0.996454 0.0720564 -1.24205 0.900841 -0.00843675 -0.434239 302.215
-0.48662 0.0838137 -0.869633 -26.4288 0.0469622 0.996483 0.0697622 -1.20224 0.872425 -0.00689221 -0.488843 301.909
-0.537668 0.0837163 -0.839053 -26.8939 0.0494044 0.996504 0.0677728 -1.16298 0.841787 -0.005014 -0.539927 301.57
-0.583828 0.0830754 -0.80767 -27.3402 0.0509862 0.996565 0.0656509 -1.12074 0.810351 -0.00285104 -0.586056 301.212
-0.623886 0.0829247 -0.777171 -27.7982 0.0517955 0.996581 0.0647625 -1.07832 0.77988 0.000150049 -0.626052 300.804
-0.660687 0.0856151 -0.745823 -28.2485 0.0556984 0.996353 0.0650357 -1.036 0.748672 0.00142733 -0.663043 300.373
-0.695725 0.0926771 -0.712379 -28.6727 0.0638218 0.995722 0.067216 -1.00462 0.715555 0.00129832 -0.698667 299.903
-0.730795 0.0957091 -0.675922 -29.1247 0.0678544 0.995429 0.0675902 -0.947457 0.679303 0.00353076 -0.733944 299.394
-0.76323 0.0963319 -0.63899 -29.5675 0.069621 0.995355 0.0669063 -0.902508 0.642461 0.00657697 -0.766394 298.839
-0.793254 0.093036 -0.601818 -29.9902 0.0697349 0.995662 0.0620071 -0.860446 0.604977 0.00722036 -0.796297 298.262
-0.818976 0.0911918 -0.566633 -30.3487 0.071585 0.995843 0.0568116 -0.836139 0.569452 0.00596422 -0.822103 297.648
-0.843078 0.0869246 -0.530809 -30.736 0.0707191 0.996227 0.0508228 -0.80083 0.533223 0.0053102 -0.846039 296.968
-0.864779 0.0846868 -0.495072 -31.1042 0.0711855 0.996425 0.0461127 -0.769962 0.497202 0.00463448 -0.867718 296.257
-0.884158 0.0836 -0.459754 -31.4343 0.071055 0.996503 0.0445597 -0.743698 0.46187 0.00673116 -0.887 295.53
-0.902348 0.0803479 -0.423586 -31.7661 0.0686275 0.996749 0.0428856 -0.723289 0.425648 0.00962722 -0.904931 294.712
-0.918875 0.0800118 -0.386476 -32.0672 0.0698465 0.99677 0.0403025 -0.689911 0.388451 0.0100402 -0.921489 293.903
-0.934303 0.0825778 -0.346945 -32.3675 0.073211 0.996542 0.0400514 -0.669244 0.349047 0.012019 -0.93712 293.058
-0.947248 0.0862579 -0.308836 -32.6197 0.0779489 0.996215 0.0391699 -0.647107 0.311044 0.0130315 -0.950378 292.197
-0.958058 0.0883214 -0.272831 -32.8244 0.0801404 0.995969 0.0410176 -0.631981 0.275349 0.0174313 -0.961276 291.273
-0.967218 0.0915278 -0.237089 -33.0171 0.0839441 0.995617 0.0419127 -0.619226 0.239882 0.0206381 -0.970655 290.308
-0.973863 0.0918431 -0.208023 -33.013 0.0854704 0.995588 0.0394522 -0.576255 0.210724 0.02064 -0.97742 289.402
-0.980456 0.0900612 -0.175196 -33.1747 0.085423 0.9958 0.0338605 -0.535932 0.177505 0.0182348 -0.984023 288.354
-0.985879 0.0882003 -0.142777 -33.3081 0.0848491 0.995988 0.0294253 -0.508245 0.144795 0.0168941 -0.989411 287.302
-0.989766 0.0874568 -0.113198 -33.3745 0.0848586 0.996042 0.0275903 -0.480885 0.115158 0.0177041 -0.993261 286.25
-0.992917 0.0867168 -0.0819882 -33.46 0.0847759 0.996065 0.0269116 -0.466017 0.083995 0.0197691 -0.996365 285.164
-0.994926 0.0869618 -0.0515993 -33.5432 0.0858067 0.996048 0.0242235 -0.439402 0.053497 0.0196749 -0.998447 283.988
-0.996091 0.0860189 -0.0230581 -33.5964 0.0855015 0.996109 0.0226813 -0.419533 0.0249154 0.0206197 -0.999573 282.827
-0.996605 0.0829492 -0.000737453 -33.5439 0.0829125 0.99633 0.022716 -0.400228 0.00261413 0.0225798 -0.999814 281.697
-0.996502 0.0811498 0.0229604 -33.5112 0.0816681 0.996436 0.0224739 -0.380692 -0.0210584 0.0242691 -0.99958 280.519
-0.996 0.0789212 0.0431249 -33.4471 0.0798705 0.996621 0.0207072 -0.365923 -0.0413499 0.0240707 -0.998928 279.303
-0.995499 0.0745975 0.0595248 -33.3574 0.075814 0.996982 0.0183937 -0.361756 -0.0579763 0.0228224 -0.998153 278.086
-0.995018 0.0696047 0.0721072 -33.2627 0.0709944 0.997365 0.0168576 -0.349149 -0.0707488 0.0218948 -0.997327 276.849
