0.999995 -0.00143576 -0.00365249 -0.145354 0.00143468 1 -0.000284592 -0.00688252 0.00365051 0.000279365 0.999994 -0.294374
0.999941 0.00156905 -0.0107426 -0.148326 -0.00159544 0.999997 -0.00246262 0.00409693 0.0107395 0.00247916 0.99994 -0.437907
0.99986 -0.00200948 -0.0167649 -0.175793 0.00196636 0.999994 -0.00258605 -0.0317729 0.0167679 0.00255315 0.999857 -0.384301
0.999962 -0.00271984 0.00816643 -0.147339 0.0027533 0.999991 -0.00406465 -0.0226552 -0.00815495 0.00408623 0.999961 -0.754793
0.999912 0.0010541 0.0132282 -0.152028 -0.000986129 0.999984 -0.00515471 0.0169874 -0.0132336 0.00514208 0.999897 -1.25899
0.999981 -0.00105146 0.0062251 -0.151203 0.00106134 1 -0.00155173 0.0266331 -0.00622393 0.00155739 0.999983 -1.28592
0.999996 -0.00188125 0.00253933 -0.15748 0.00188016 0.999995 0.000278128 0.032185 -0.00253969 -0.000272581 0.999995 -1.38374
1 0.000324464 0.00218222 -0.133791 -0.000314898 0.999995 -0.00414181 0.0278974 -0.00218621 0.00414012 0.999994 -1.07732
0.999968 2.15505e-05 0.00826221 -0.167001 -1.0308e-05 0.999998 -0.00141193 0.0139878 -0.0082611 0.00141288 0.999963 -1.04599
0.999944 0.00097903 0.0106285 -0.187254 -0.000960009 1 -0.00173047 0.00435907 -0.0106321 0.00171924 0.999947 -1.05817
0.999982 -0.00211894 0.00582755 -0.171443 0.00207947 0.999974 0.00660409 0.00744109 -0.00583951 -0.00659067 0.999958 -1.01973
0.99999 0.000169882 0.00523158 -0.141958 -0.000178113 1 0.00180108 0.0268843 -0.00523334 -0.0018033 0.999989 -1.06309
0.999991 0.000162348 0.00429533 -0.170372 -0.000157437 1 -0.00153132 0.00469469 -0.00429446 0.00153124 0.99999 -1.10139
0.999963 0.00443844 0.00774999 -0.150403 -0.00444373 0.999989 0.000875926 0.036998 -0.00774746 -0.000910981 0.999972 -1.00759
0.99994 -0.000193336 0.0107283 -0.111635 0.000186352 1 0.000487435 0.0589878 -0.0107275 -0.000485148 0.999941 -1.08363
0.999756 -0.00786199 0.0209093 -0.0445116 0.00770528 0.999941 0.00765936 0.00891353 -0.0209695 -0.00749733 0.999757 -0.931658
0.999787 -5.79844e-05 0.0205908 -0.0439657 9.34883e-05 1 -0.00182795 0.00484195 -0.0205903 0.00183044 0.999785 -0.977155
0.999538 -0.000715819 0.0305946 0.0502983 0.000736869 0.999999 -0.000623298 0.033792 -0.0305951 0.000643673 0.999536 -0.993153
0.999754 -0.000633568 0.0219685 0.138609 0.000691088 0.999996 -0.00268527 0.0139316 -0.0219658 0.00270155 0.999751 -1.02408
0.999884 -0.000236659 0.0155859 0.0414486 0.000249635 1 -0.000741208 0.0187162 -0.0155867 0.000743148 0.999884 -1.09453
0.999818 -0.000108776 0.0188641 0.0767861 0.000110129 1 -0.000147089 0.009111 -0.018863 0.000150867 0.999818 -1.11563
0.999875 -0.000836786 0.0162672 0.0636093 0.000859001 1 -0.00125026 0.0185598 -0.0162673 0.00126198 0.999876 -1.00345
0.999668 -0.000694094 0.0256297 0.189843 0.000759575 0.999999 -0.00260468 0.00731514 -0.0256263 0.00262499 0.999666 -1.08398
0.999767 -0.00732821 0.0206056 0.205888 0.00731648 0.99997 0.000720232 -0.0213681 -0.0206116 -0.000571287 0.999791 -1.0086
0.999831 -0.000248588 0.018327 0.0847894 0.000372981 0.999978 -0.00686011 0.013189 -0.0183234 0.00686833 0.999811 -0.851153
0.999775 0.000113598 0.0213733 0.148912 -8.35328e-05 0.999999 -0.00133131 0.000724575 -0.0213749 0.00132661 0.999771 -0.718938
0.999674 -0.00271273 0.0254338 0.258639 0.00258852 0.999985 0.00486697 -0.0239176 -0.0254447 -0.00479771 0.999668 -0.708009
0.99998 -0.000231535 0.00653251 0.107822 0.000233093 1 -3.72981e-05 -0.00464055 -0.00653365 3.67326e-05 0.999976 -0.563243
0.998999 -0.000340755 0.0447813 -0.24322 0.000627019 0.999978 -0.00641098 0.0159743 -0.0447771 0.0064355 0.99898 -0.00746614
0.999285 0.000187978 0.0376781 -0.166236 -0.000197981 1 0.000289499 0.00640294 -0.0376797 -0.000299597 0.999284 0.358973
0.999994 -0.00027136 0.00467741 0.00522823 0.000272955 0.999998 -0.000590258 -0.019349 -0.00467558 0.000594376 0.999995 1.2629
0.999989 -0.00131716 0.00311811 -0.0126347 0.0013241 0.999999 -0.00184873 -0.0344741 -0.00311734 0.00184999 0.999988 1.26105
0.999989 -0.000326459 0.00578954 0.00959444 0.000335292 0.999997 -0.00171302 -0.0228751 -0.00578732 0.00171771 0.999988 1.23769
0.999993 0.000102481 0.00168719 -0.018731 -0.000101072 1 -0.000159892 -0.0128177 -0.00168887 0.000156984 0.999993 1.24462
0.999988 -0.000244341 0.00592058 0.0035775 0.000242044 0.999999 0.000192756 -0.0250926 -0.00591902 -0.00018872 0.999988 1.21119
0.99997 0.00180773 0.00671781 -0.00439905 -0.001802 0.999999 -0.000685226 -0.0111446 -0.0067207 0.000670487 0.999972 1.20964
0.99997 0.00159791 0.00832425 -0.00391661 -0.00160136 0.999998 0.000270007 0.0021637 -0.00832217 -0.000280778 0.999971 1.17825
0.999966 3.67107e-05 0.00760314 -0.0166807 -4.07824e-05 1 0.000680167 -0.0247399 -0.0076048 -0.000683024 0.999965 1.18224
0.999937 0.00197719 0.0115115 0.00863264 -0.00197889 0.999997 4.16302e-05 -0.0127629 -0.0115097 -6.17727e-05 0.99994 1.16885
0.999915 0.0019436 0.0124642 -0.00885338 -0.00194618 0.999999 0.00028048 -0.0123834 -0.0124653 -0.000307285 0.999916 1.16342
0.999889 0.00212281 0.0150635 -0.00199774 -0.00212024 0.999997 -0.000257703 -0.0160373 -0.0150624 0.000228345 0.999892 1.14759
0.999847 0.00150472 0.0172019 0.0145992 -0.00153397 0.999998 0.00175162 -0.012749 -0.0172008 -0.00178036 0.999845 1.12495
0.999857 0.000689379 0.0171198 -0.0101089 -0.000713936 0.999998 0.00136366 -0.0163726 -0.0171172 -0.0013731 0.999858 1.12023
0.999811 -0.000323497 0.0192402 0.00867528 0.000306683 1 0.000934072 -0.0105062 -0.0192421 -0.000930635 0.999809 1.10279
0.999777 -0.000746112 0.0213052 0.0169192 0.000755212 0.999999 -0.000471889 -0.0126205 -0.0213033 0.000490512 0.999778 1.09676
0.999769 -0.00231375 0.0212142 -0.00570452 0.00232304 0.999998 -0.000360172 -0.00226318 -0.0212149 0.000406747 0.99977 1.09805
0.999708 -0.004942 0.0238513 0.0273293 0.00488831 0.999984 0.00226295 -0.0340456 -0.0238604 -0.00214323 0.999717 1.08904
0.999717 -0.00456874 0.0231562 0.0119235 0.0045255 0.999989 0.00196786 -0.00670141 -0.0231665 -0.00186493 0.999726 1.06668
0.999685 -0.00468312 0.0248232 0.00996077 0.00469637 0.999988 -0.000519213 -0.0120458 -0.0248188 0.000638072 0.999696 1.04435
0.999614 -0.00603208 0.0269584 0.0344835 0.0060684 0.999982 -0.00122501 -0.0340348 -0.0269521 0.00138572 0.999632 1.04447
0.99965 -0.00273002 0.0264846 0.0101237 0.00271915 0.999995 0.000404287 -0.00483146 -0.0264841 -0.000329722 0.999653 1.01455
0.99956 -0.00247043 0.0294431 0.0310934 0.00242701 0.999997 0.00154672 -0.0157885 -0.0294483 -0.00147701 0.999562 1.0182
0.999561 -0.00374917 0.0295211 0.0346839 0.00368012 0.999989 0.00235773 -0.0192109 -0.0295282 -0.00224559 0.999565 1.00691
0.999518 -0.00293546 0.0307833 0.0209908 0.00294549 0.999997 -0.000245946 -0.0255006 -0.0307839 0.000334054 0.999523 0.994275
0.999483 -0.00169345 0.032236 0.0269008 0.00184448 0.999986 -0.0046895 -0.00858544 -0.0322262 0.00474896 0.999473 0.989134
0.999515 -0.0021393 0.030958 0.0315296 0.00228563 0.999988 -0.00465674 -0.0105124 -0.0309492 0.00472286 0.999507 0.96851
0.999477 -0.00238373 0.0323492 0.025214 0.00244845 0.999993 -0.00199584 0.00582767 -0.0323426 0.00207644 0.999478 0.946949
0.999401 -0.000469071 0.0345228 0.0252144 0.000415193 1 0.00160181 -0.0227225 -0.0345252 -0.00158903 0.9994 0.977498
0.99936 0.00301573 0.035741 0.0210388 -0.0031532 0.999987 0.00375998 -0.004151 -0.0357274 -0.00386774 0.999357 0.956078
0.999297 -0.000235575 0.0374074 0.0342387 0.000117603 0.999996 0.00318487 -0.0277221 -0.0374098 -0.00318077 0.999292 0.954673
0.999293 0.00392667 0.0375 -0.0036938 -0.00374237 0.999981 -0.00501008 -0.00319618 -0.037517 0.00486865 0.999288 0.916949
0.999295 0.00336629 0.0372873 0.0226973 -0.00310952 0.999971 -0.00691552 -0.00726032 -0.0373115 0.00679227 0.999277 0.926969
0.999319 0.000117737 0.0370104 0.0201162 -6.21408e-05 0.999999 -0.00152963 -0.0113131 -0.0370086 0.00152876 0.999318 0.933901
0.99937 -0.000724057 0.0353692 0.0411064 0.000642549 0.999997 0.00234346 -0.0203234 -0.0353726 -0.00232173 0.999368 0.93592
0.999328 -0.00126907 0.0367423 0.0161386 0.00125374 0.999999 0.000415899 -0.00255561 -0.0367409 -0.000367117 0.999329 0.913481
0.999334 0.000257049 0.0364028 0.027304 -0.000152059 0.999996 -0.00286115 -0.0127365 -0.0364053 0.00285136 0.999329 0.927491
0.999358 -0.000255912 0.0359392 0.0244296 0.000364054 0.999995 -0.00302993 -0.0119538 -0.0359364 0.00304341 0.999354 0.893139
0.999327 0.00123293 0.0365569 0.0162992 -0.00120475 0.999999 -0.000765501 0.00465296 -0.0365597 0.000718614 0.999327 0.925067
0.999384 7.42397e-05 0.0351907 0.0139158 -8.14404e-08 0.999998 -0.00213489 -0.0193915 -0.035189 0.00213585 0.999383 0.889419
0.99934 0.00190437 0.0361892 0.024969 -0.0017076 0.999985 -0.00544276 -0.00668762 -0.036201 0.00537512 0.999326 0.922764
0.99931 0.00188691 0.0371906 0.00696695 -0.0015717 0.999961 -0.00852762 -0.00153638 -0.0372033 0.00846546 0.999276 0.918058
0.999325 0.00219205 0.0365993 0.0154681 -0.00190797 0.999969 -0.00776842 -0.00446892 -0.0366172 0.00769125 0.999296 0.908634
0.999332 0.00310417 0.036511 0.0193899 -0.00299947 0.99999 -0.00294699 -0.00430023 -0.0365179 0.00283772 0.999333 0.929509
0.9993 0.00252919 0.0372315 0.0156068 -0.00260079 0.999996 0.00190019 5.90412e-06 -0.0372285 -0.00199794 0.999301 0.93887
0.999333 0.00443045 0.0363625 0.0195206 -0.00455512 0.999983 0.00332185 -0.00953414 -0.0363452 -0.00348295 0.999337 0.926581
0.999242 0.00472456 0.0385637 0.0234241 -0.00476405 0.99999 0.000955103 -0.00924442 -0.0385608 -0.00114043 0.999252 0.957012
0.99928 0.00622554 0.0375444 0.00150899 -0.00625961 0.999979 0.000766768 -0.0170021 -0.0375368 -0.000998903 0.999299 0.936022
0.999257 0.00492378 0.0381336 -0.00133927 -0.00489354 0.999989 -0.000863927 -0.00471839 -0.0381395 0.000674366 0.999269 0.946335
0.999289 0.00347666 0.0376588 0.0100788 -0.00353791 0.999991 0.00153684 0.000400736 -0.0376511 -0.00166661 0.999293 0.953642
0.999289 0.00125504 0.037575 0.0121529 -0.00128501 1 0.000796079 -0.00937891 -0.0375761 -0.000846185 0.999291 0.956295
0.999328 0.000271493 0.0367615 0.00742615 -0.00032116 0.999998 0.00132225 -0.00179025 -0.036759 -0.00133075 0.999327 0.951654
0.999336 -0.00153594 0.0362935 0.0440917 0.00153228 1 0.000153274 -0.00491296 -0.0362958 -0.000100089 0.999338 0.974928
0.999372 -0.00534263 0.0351445 0.0192213 0.00531588 0.999985 0.000829372 -0.00552891 -0.0351463 -0.000639346 0.999386 0.956442
0.999406 -0.000348146 0.0343375 0.0262266 0.000426827 0.999998 -0.00225716 0.0082619 -0.0343387 0.00226785 0.999404 0.969539
0.999477 -0.000534727 0.0324602 0.0253269 0.000691607 0.999987 -0.00485058 0.00633356 -0.0324551 0.0048731 0.999465 0.968606
0.999549 -0.00457522 0.0295403 0.0244452 0.004645 0.999987 -0.00226375 -0.0200125 -0.0295316 0.00239736 0.999558 0.971923
0.999645 -0.00156129 0.026766 0.0167489 0.0015422 0.999998 0.000698291 0.00597078 -0.0267651 -0.000654198 0.999645 0.984121
0.999756 0.000872441 0.0218368 0.0185606 -0.000946769 0.999994 0.00343813 0.00769655 -0.0218357 -0.00346051 0.999751 0.993826
0.999826 2.28453e-05 0.0189446 0.0148298 -5.92586e-05 0.999998 0.00187057 -0.000401757 -0.0189426 -0.00186884 0.999824 0.993589
0.999839 -0.000994951 0.0176276 0.00956345 0.00102196 0.999999 -0.00147022 -0.00951271 -0.017628 0.00148553 0.999839 0.984686
0.999918 -0.00172716 0.013102 0.0176368 0.00177527 0.999991 -0.00373085 0.00232397 -0.0130936 0.00375628 0.999911 0.98639
0.999919 -0.00124455 0.0122813 0.0101149 0.00127858 0.999996 -0.00269052 0.0075574 -0.0122798 0.00270351 0.999917 0.99885
0.999949 -0.00338851 0.0100557 0.0163226 0.00341659 0.999989 -0.00286615 0.0114598 -0.010044 0.00290287 0.999949 0.994476
0.999981 -0.00209422 0.00481206 0.0128257 0.00211301 0.999992 -0.00370516 -0.00278798 -0.00480624 0.0037128 0.999978 1.00513
0.999999 -0.00143302 0.00327576 -0.000502794 0.0014457 0.99999 -0.00416741 0.00656767 -0.00326776 0.00417458 0.99999 0.999748
0.999988 -0.000680056 0.00371363 0.00680092 0.000694341 0.999994 -0.00359121 -0.00348277 -0.00371319 0.00359135 0.999983 1.01214
1 -0.000999697 0.00211408 0.000118021 0.00100383 0.999996 -0.00240334 -0.0103098 -0.00210971 0.00240786 0.999998 1.01105
0.99999 6.45051e-05 0.00330844 0.000238677 -5.67043e-05 0.999998 -0.00206534 -0.00705426 -0.00331054 0.00206272 0.999989 1.00677
1 -0.00186396 0.000686942 0.00801054 0.00186508 0.999994 -0.00308061 -0.00156577 -0.000679307 0.00308427 0.999999 1.01268
0.999989 -0.00174141 0.00302155 -0.00636341 0.00174372 0.999998 -0.000455641 -0.00156473 -0.00302266 0.000458567 0.999992 1.0298
1 -0.00100098 0.00261973 0.000391648 0.000997568 0.999999 0.000936505 0.00289466 -0.0026187 -0.000931542 1 1.02767
0.999994 0.000401046 0.00151782 -0.00576397 -0.000401086 1 0.000657676 -0.00594954 -0.0015195 -0.000660674 0.999995 1.04041
1 0.000406762 0.00282852 0.00213828 -0.000405562 1 -0.000756575 -0.0086017 -0.00282691 0.000757817 0.999999 1.03766
0.999991 0.000908135 0.00304286 0.000378698 -0.000901898 0.999999 -0.00174657 0.00460291 -0.0030464 0.00174142 0.999991 1.02917
1 0.00107246 0.00254223 -0.0151123 -0.00106806 0.999997 -0.00211742 -0.0172295 -0.00254257 0.0021171 0.999998 1.05164
0.999988 0.00200051 0.00313012 -0.00437691 -0.00198788 0.999992 -0.00369814 -0.00458558 -0.00313942 0.00368943 0.999984 1.03594
1 0.00185548 0.0016611 -0.0158002 -0.00185113 0.999993 -0.00326115 -0.0055984 -0.00166518 0.00326054 0.999998 1.06288
0.99999 0.00226466 0.00220511 -0.0116751 -0.00225861 0.999995 -0.00225052 -0.0146768 -0.00221219 0.00224304 0.999991 1.06172
0.999996 0.00223652 0.00369501 -0.00985127 -0.00224352 0.999996 0.00159124 -0.00625154 -0.00368954 -0.00159695 0.999997 1.07342
0.999992 0.00126504 0.00214868 -0.00477175 -0.00126942 0.999996 0.00256945 0.0216588 -0.00214736 -0.00257472 0.99999 1.06588
1 0.00128813 0.00275119 -0.00137112 -0.00129244 0.999998 0.00116766 -0.030485 -0.0027478 -0.00116863 1 1.08578
0.99999 0.000467064 0.00285621 0.000887498 -0.000465415 1 -0.000200428 -0.00881505 -0.00285814 0.000196531 0.999992 1.07371
1 -0.000957067 0.000753641 -0.00707789 0.000957717 0.999997 -0.00228352 -0.0033423 -0.000749651 0.00228681 1 1.08129
0.999995 0.000791354 0.000539907 0.00606155 -0.000788819 0.999997 -0.00255552 0.0168621 -0.000543754 0.00255258 0.999993 1.07637
1 0.00171743 0.00107616 -0.0147091 -0.00171749 0.999998 -0.00097472 -0.0166427 -0.00107604 0.000975421 1 1.0904
0.999992 0.00179447 -0.00099977 -0.0160459 -0.00179279 0.999998 0.000565511 -0.000246651 0.000999027 -0.000566214 0.999996 1.09894
1 0.00296362 0.000720734 -0.0091488 -0.0029652 0.999996 0.000631107 -0.00660551 -0.000716986 -0.000630753 1 1.08384
0.99999 0.00277749 -0.00108809 -0.0131982 -0.00277795 0.999995 -0.00147045 -0.0106024 0.00108209 0.00147104 0.999995 1.10082
0.999991 0.00550628 0.000531691 -0.00840388 -0.00550721 0.999985 -0.000364954 -0.0112261 -0.000531848 0.000364446 1 1.08527
0.999984 0.00417177 0.00148684 -0.00382058 -0.00417114 0.999991 0.000316347 -0.0128421 -0.00148727 -0.000324958 0.999996 1.09058
1.00001 0.000452347 0.00015964 -0.0123276 -0.00045413 0.999989 0.00468397 -0.0166983 -0.00015574 -0.00468161 0.999992 1.1183
0.999993 -0.00082745 0.00104315 0.00215967 0.000821322 0.999976 0.00688282 -0.011987 -0.00105064 -0.00688437 0.999973 1.12996
0.999996 -0.00410099 0.00193972 0.00799713 0.00409006 0.999978 0.00509121 -0.014858 -0.00195881 -0.00508077 0.999988 1.12152
0.999971 -0.00694146 -0.00056243 -0.00104347 0.00694185 0.999976 -0.000982105 0.00241426 0.000567491 0.000975666 0.999997 1.12647
0.999991 -0.00531618 0.000804997 0.00784302 0.0053186 0.999976 -0.00425989 0.00344482 -0.000780609 0.00426661 0.999993 1.11684
0.99999 -0.00291681 -0.000755358 0.00313069 0.00291414 0.999985 -0.00477836 0.00135313 0.000767477 0.0047737 0.999986 1.11722
1.00001 0.000753561 -0.000109057 0.00209626 -0.000754829 0.999995 -0.00273709 -0.0237633 0.000108719 0.00273966 0.999999 1.1418
0.999994 0.00104765 0.0017376 0.00136218 -0.00104724 1 0.000369539 0.0274748 -0.00173889 -0.000373812 0.999996 1.13027
1 0.00068596 -0.000957639 0.00168421 -0.00068301 0.999991 0.00414956 -0.00246072 0.000961988 -0.00414643 0.999994 1.15922
0.999995 0.000141436 0.000718794 -0.00381444 -0.000141912 0.999998 0.00209639 0.00580258 -0.000719925 -0.00209896 0.999995 1.15485
1 0.00256333 0.00134231 -0.00301421 -0.00256359 0.999997 -0.000576382 0.00284476 -0.00134225 0.00057542 1 1.1549
0.999994 -0.00092194 -0.00072831 -0.000966605 0.000920286 0.999993 -0.00361947 -0.00579302 0.000730199 0.00361631 0.99999 1.16803
1 0.000257897 0.0010835 0.00175249 -0.000256203 0.999997 -0.00247831 -0.0125618 -0.00108265 0.00248053 0.999999 1.16154
0.999995 0.000648351 -0.000746887 -0.0129289 -0.000647092 1 0.000389388 0.00153148 0.000745628 -0.000391387 0.999997 1.16835
1 -0.00281346 -0.000165394 -0.00203389 0.00281331 0.999986 0.00478863 0.0250574 0.000153412 -0.0047865 0.999992 1.18461
0.999992 0.00146865 0.00153278 -0.00176695 -0.00146948 0.999998 0.00117031 -0.0196738 -0.00153265 -0.00117514 0.999995 1.1715
1 0.00245638 -0.000926299 -0.0126043 -0.00245934 0.999994 -0.00221724 -0.00387068 0.000922426 0.00222202 1 1.17916
0.999995 0.000887424 0.000297254 0.00432765 -0.000885849 0.999997 -0.00234386 -0.0142876 -0.000300948 0.00234113 0.999994 1.18417
1 0.000983558 0.0013629 -0.00733857 -0.000984887 0.999999 0.000353403 0.00908591 -0.00136096 -0.000352278 1 1.19265
0.999995 -0.000654828 -0.000805197 -0.00264674 0.00065699 0.999999 0.0016479 0.0229371 0.000802427 -0.0016509 0.999996 1.20135
1 -0.00106716 -0.000121869 -0.0115611 0.00106646 0.999998 0.00128249 -0.0062407 0.000122087 -0.00128018 1 1.18773
0.999995 -0.00146797 0.000228793 0.003737 0.00146889 1 -0.000474698 -0.00198969 -0.000229678 0.000472643 0.999997 1.20343
1 -0.00120256 -0.000740518 -0.000433173 0.00120217 0.999998 0.000608031 0.00224649 0.000741338 -0.000606526 1 1.20071
0.999996 0.00014179 0.000504239 0.00179125 -0.000140903 1 -6.58414e-05 -0.00410264 -0.000505793 6.33723e-05 0.999997 1.21451
1 -0.00131159 -0.00157593 -0.0060822 0.00131094 0.999999 0.000124326 0.01264 0.00157729 -0.00012398 1 1.20159
0.999996 -0.000671583 -0.000425402 -0.00757263 0.00067323 0.999998 0.0018616 -0.00922984 0.000422744 -0.00186428 0.999996 1.22504
1 0.00210188 0.000283978 -0.00118259 -0.00210303 0.999997 0.000966122 -0.00821849 -0.000280508 -0.00096432 1 1.23531
0.999995 -0.0010252 -0.00154274 -0.00616543 0.00102751 1 0.000957004 -0.0122857 0.00154034 -0.000960939 0.999996 1.22585
1 0.00151065 -0.00108689 -0.00803521 -0.00151205 0.999998 -0.000548354 -0.00109959 0.00108749 0.000552345 1 1.23622
0.999996 0.000703849 1.8382e-05 -0.000981434 -0.000703011 0.999999 -0.00134777 -0.00869931 -2.06771e-05 0.00134542 0.999997 1.25325
1 0.000862916 -0.00119276 -0.0172539 -0.000863166 0.999999 0.000475061 -1.91986e-05 0.00119455 -0.000471741 1 1.24125
0.999991 0.0034158 0.000587634 -0.00547674 -0.00341614 0.999992 0.00197434 0.00235628 -0.000582176 -0.0019786 0.999995 1.26201
1 0.00249713 -0.000323918 -0.0170258 -0.00249802 0.999997 -0.000306043 -0.00805434 0.000324463 0.000309071 1 1.25069
0.999994 0.0018602 0.00160286 -0.00881263 -0.00185925 0.999998 -7.09546e-05 -0.00816821 -0.00160427 6.57225e-05 0.999996 1.25954
0.999998 0.00257306 0.00206636 -0.00833343 -0.00257848 0.999995 0.00221247 -0.0157178 -0.00205932 -0.00221552 0.999998 1.28383
0.999993 0.00248526 0.000903302 -0.015972 -0.00248617 0.999994 0.00193132 -0.013605 -0.000899768 -0.00193583 0.999995 1.28067
1 0.000695876 0.00197221 -0.0102716 -0.000698942 1 0.00113161 -3.58475e-05 -0.00197017 -0.0011307 1 1.26669
0.999994 0.000458292 0.00246436 -0.0081833 -0.000457132 0.999999 -0.000132741 -0.00538346 -0.00246564 0.000129301 0.999995 1.27912
1 -0.000534071 0.00206589 -0.0018722 0.000531293 1 0.000957906 -0.00255013 -0.00206521 -0.000954507 1 1.27613
0.999986 0.000457891 0.00477605 -0.00170772 -0.000469809 0.999995 0.0026631 0.00399733 -0.00477604 -0.00266763 0.999982 1.28172
0.999997 0.0010387 0.00317749 -0.00928348 -0.00104306 1 0.00111161 -0.0221843 -0.00317516 -0.00111263 0.999997 1.26454
0.999967 0.00484625 0.00609238 -0.0209073 -0.00481649 0.999977 -0.00475629 -0.00271294 -0.00611656 0.00472459 0.999968 1.26156
0.999963 0.000834395 0.00892077 0.000861755 -0.000811184 0.999996 -0.00269868 -0.00905869 -0.00892176 0.00269358 0.999959 1.2586
0.999955 -0.00229157 0.0088351 -0.00487789 0.00226671 0.999993 0.00291144 -0.0166815 -0.008843 -0.00289357 0.999955 1.25616
0.999936 -0.000485161 0.0115952 0.0122149 0.000455118 0.999997 0.00252731 -0.00728831 -0.0115951 -0.00251967 0.999932 1.26083
0.999898 -0.000388313 0.0140375 0.0180681 0.00039095 1 -0.000131282 -0.0238396 -0.0140389 0.000134516 0.999899 1.27056
0.999898 -0.00067205 0.0145115 0.000736759 0.000668716 1 0.000182179 0.00782529 -0.0145103 -0.00017026 0.999897 1.23196
0.999872 -0.00101412 0.015763 0.00520699 0.00098855 0.999998 0.00168064 -0.0017322 -0.0157659 -0.00166701 0.999872 1.26025
0.999888 -0.00173265 0.0150958 0.0115335 0.00173437 0.999998 -0.000155494 -0.00624813 -0.0150942 0.000183883 0.999888 1.22812
0.999867 0.000507877 0.0160878 0.00635136 -0.000447468 0.999993 -0.00370511 0.00450643 -0.0160908 0.00369525 0.999861 1.2275
0.999848 0.00117068 0.0175802 0.00668246 -0.00112584 0.999996 -0.00260895 0.00104731 -0.017582 0.00259097 0.999845 1.24765
0.999868 0.00280462 0.0158656 -0.00220541 -0.00281652 0.999996 0.000779382 0.0028548 -0.0158645 -0.000826149 0.999872 1.21272
0.999853 0.00322233 0.0169397 -0.00810429 -0.00328455 0.999988 0.00359392 -0.0101414 -0.0169268 -0.00364682 0.999852 1.234
0.999836 0.00336855 0.0176511 -0.00436567 -0.00340724 0.999992 0.00221333 0.00205677 -0.0176447 -0.00227531 0.99984 1.23172
0.999883 0.00343569 0.0150981 -0.00111789 -0.00341436 0.999993 -0.00149837 -0.0260072 -0.0151019 0.00144883 0.999887 1.2021
0.99986 0.000763094 0.0165806 0.00165466 -0.000731428 0.999998 -0.00186214 -0.00380526 -0.0165833 0.00184749 0.999859 1.22285
0.999903 -0.00032552 0.014149 0.00252358 0.000331241 1 -0.000465354 -0.0073652 -0.0141476 0.000472282 0.999902 1.20616
0.999884 0.000359722 0.0150237 0.0113837 -0.000358932 1 5.71234e-06 -0.00969821 -0.0150249 -1.34042e-05 0.999885 1.21315
0.999887 -0.000304485 0.0152801 0.00144478 0.000283757 0.999999 0.00129972 -0.00307691 -0.0152793 -0.00129293 0.999885 1.21531
0.999897 0.00125164 0.0140336 0.00802256 -0.00126955 0.999998 0.00133357 -0.015357 -0.0140331 -0.00135357 0.999898 1.21018
0.999872 -0.000226067 0.016237 -0.000899687 0.000254146 0.999999 -0.00178341 -0.0047692 -0.0162355 0.0017897 0.999869 1.19849
0.999848 0.000595083 0.017215 0.00711913 -0.000549764 0.999996 -0.00258495 -0.00289441 -0.0172177 0.00257269 0.999846 1.22087
0.999901 -0.000601863 0.0143226 0.00296951 0.000610817 1 -0.000687337 0.0186473 -0.014321 0.000698503 0.9999 1.19294
0.999857 -0.00329735 0.0163565 0.00896185 0.00332143 0.999993 -0.00138874 0.00259021 -0.0163529 0.00144036 0.999862 1.19962
0.999858 -0.000279161 0.0170412 0.00686656 0.000338086 0.999994 -0.00351155 0.00157593 -0.017039 0.00351926 0.999852 1.21301
0.999869 -4.56449e-05 0.0159934 0.00186596 8.28538e-05 0.999997 -0.00226588 0.00135836 -0.0159945 0.00226447 0.999866 1.20487
0.999838 0.00117983 0.0181529 -0.000996079 -0.00121503 0.999998 0.00187152 -0.00640472 -0.0181493 -0.00189077 0.999838 1.22461
0.999851 0.00274633 0.0168296 -0.0015737 -0.00277033 0.999995 0.00146427 0.0125708 -0.0168267 -0.00151321 0.999854 1.23084
0.999823 0.00116515 0.0189644 -0.00224177 -0.00116617 1 -1.5342e-05 -0.00999402 -0.0189632 -4.26078e-06 0.999824 1.23257
0.999798 0.00260697 0.019715 0.00251615 -0.0025974 0.999996 -0.000457662 -0.00303411 -0.0197174 0.0004038 0.999802 1.24501
0.999841 0.00195942 0.0179308 0.00637643 -0.00198139 0.999998 0.00114859 -0.000683337 -0.0179272 -0.00118137 0.999842 1.2416
0.999832 0.00196759 0.0180333 0.00631819 -0.0019615 0.999998 -0.000298901 0.00213178 -0.0180351 0.000260922 0.999834 1.25506
0.999814 0.00136375 0.0194256 0.00205505 -0.00135697 0.999999 -0.000414088 -0.00206892 -0.0194249 0.00039018 0.999815 1.25225
0.99984 0.00224158 0.0175551 0.00782933 -0.00225777 0.999997 0.000959003 -0.00199878 -0.0175542 -0.00100105 0.999841 1.25131
0.999804 0.00110307 0.0199476 0.00598406 -0.001162 0.999996 0.00289008 0.00997462 -0.019943 -0.00291009 0.999801 1.25966
0.999838 0.000536911 0.0178161 -0.00647919 -0.000568175 0.999997 0.00180806 0.00345985 -0.0178164 -0.0018205 0.999835 1.26177
0.999825 0.000968952 0.0188635 0.0108624 -0.000991861 1 0.00115047 0.00313978 -0.018861 -0.00116632 0.999826 1.26762
0.999787 0.00266256 0.0202873 0.00343292 -0.00261638 0.999992 -0.00225066 -0.0174302 -0.0202945 0.00219449 0.999787 1.2555
0.999805 0.00265454 0.0197501 0.000293469 -0.00261442 0.999997 -0.00210968 -0.00720398 -0.0197543 0.00206025 0.999808 1.26983
0.999768 0.00332987 0.0211323 0.00574435 -0.00338809 0.999988 0.00276761 -0.00176324 -0.0211242 -0.0028412 0.999767 1.27613
0.999743 0.00372222 0.0224847 0.00552614 -0.00379977 0.99999 0.0033638 0.00955386 -0.0224707 -0.00344574 0.999747 1.26809
0.999736 0.00250105 0.0227471 -0.00457419 -0.00254016 0.999992 0.00173334 -0.0153778 -0.0227439 -0.00179326 0.999734 1.29195
0.999695 0.00176379 0.0247464 0.00535924 -0.00175406 1 -0.00045315 -0.0158405 -0.024746 0.00041214 0.9997 1.28291
0.999657 0.00455247 0.0256791 0.00221908 -0.00454048 0.999986 -0.000488044 0.00134443 -0.0256822 0.000368727 0.999663 1.28814
0.999683 0.00144543 0.0252412 0.012698 -0.00143384 1 -0.000513648 0.0023224 -0.0252408 0.00047988 0.999688 1.28474
0.999634 0.00165915 0.0268899 0.00764748 -0.00162808 0.999995 -0.00114199 -0.0153884 -0.0268928 0.00109528 0.999631 1.27561
0.999709 -0.00321365 0.0240423 0.00129768 0.00319952 0.999998 0.000586593 -0.0125033 -0.024043 -0.000506995 0.999717 1.28346
0.999699 -0.00118402 0.0243886 0.018063 0.00114296 0.999994 0.00173873 -0.00519789 -0.0243917 -0.00171286 0.999694 1.28687
0.999676 0.000334709 0.0255615 0.0169321 -0.000310598 1 -0.000985878 0.00234899 -0.0255608 0.000980114 0.99968 1.27433
0.999705 0.000739057 0.0241668 -0.00434902 -0.0006463 0.999989 -0.0038065 0.000301977 -0.0241703 0.00378735 0.999694 1.28494
0.999718 -0.000858412 0.023869 0.0129579 0.000871466 1 -0.000576045 0.005917 -0.0238675 0.000599077 0.999722 1.27832
0.999717 0.000111868 0.0236677 0.0115467 -0.000164338 0.999994 0.0022551 -0.0090813 -0.0236682 -0.00226077 0.999711 1.28356
0.999782 -0.00153712 0.0209504 0.00881897 0.00158066 1 -0.00210565 -0.00858059 -0.0209463 0.00214065 0.999785 1.26694
0.999782 0.000452675 0.0207335 0.00849497 -0.000416329 0.999995 -0.0017129 -0.00813405 -0.020735 0.00170155 0.999776 1.2676
0.999828 8.21692e-05 0.0187126 0.00120598 -6.67747e-05 1 -0.000873659 0.00421229 -0.0187119 0.000874584 0.999832 1.28301
0.999833 0.00272884 0.0179086 0.00430905 -0.002725 0.999994 -0.000185609 0.00211697 -0.0179098 0.000134438 0.999832 1.27673
0.999836 0.000558294 0.018266 0.0113614 -0.000569465 1 0.000554904 -0.00642036 -0.0182649 -0.000562865 0.999841 1.27511
0.999879 0.00117774 0.0153093 0.00264449 -0.00117587 0.999997 -6.98107e-05 -0.00779754 -0.0153101 4.95223e-05 0.999875 1.28488
0.999886 0.00243142 0.0151435 -0.00393002 -0.00243342 1 5.20813e-05 0.00122707 -0.0151426 -8.66617e-05 0.999893 1.29084
0.999867 0.00243742 0.015916 0.0102098 -0.00248723 0.99999 0.00317212 0.00820147 -0.0159089 -0.00321353 0.999861 1.27634
0.999922 0.00215469 0.0125488 -0.0103375 -0.00219351 0.999995 0.00299976 0.00479925 -0.0125414 -0.00302484 0.999924 1.29582
0.999921 -0.000508437 0.0123601 0.0145427 0.000488851 0.999997 0.00167029 0.000766569 -0.0123617 -0.0016663 0.999915 1.29365
0.999943 -0.00157247 0.0108748 0.0231625 0.00156686 1 0.000427494 -0.0300234 -0.0108747 -0.00040827 0.999948 1.29832
0.999973 -0.00437528 0.00534078 0.00774927 0.00438836 0.999987 -0.00223245 -0.0174455 -0.00533176 0.00225373 0.999976 1.29712
0.999981 -0.00174305 0.00644483 0.0170428 0.00174385 0.999999 -0.000292176 -0.010989 -0.00644352 0.00030552 0.999986 1.29707
0.999975 0.00123371 0.00644541 0.00592959 -0.00123779 0.999999 0.00080023 -0.000654814 -0.00644526 -0.00081028 0.999972 1.29129
0.99998 0.00524662 0.00440749 -0.00813207 -0.00525957 0.999983 0.00268329 0.00916197 -0.00439254 -0.00270428 0.999994 1.31204
0.99996 0.00412945 0.00749383 0.0113263 -0.00414788 0.999987 0.00258562 -0.0102614 -0.00748383 -0.00261873 0.999962 1.30241
0.999979 0.00584496 0.00394581 -0.0192416 -0.00584282 0.999983 -0.000820945 0.00468831 -0.00394984 0.000799958 0.999998 1.30777
0.999985 0.00324714 0.00370658 -0.00525061 -0.00324237 0.999994 -0.00101279 0.00337757 -0.00371051 0.000998671 0.999986 1.30308
0.999996 0.00140606 0.00356606 0.00878487 -0.00140244 0.999999 -0.00131635 -0.0140206 -0.00356732 0.0013134 1 1.29369
0.999996 0.000865741 0.000502477 -0.0105224 -0.000864265 0.999999 -0.000667155 -0.00184876 -0.000503618 0.000664665 0.999993 1.28736
1 -0.00143359 -0.000135004 0.00935658 0.00143226 0.999998 -0.0012126 -0.00797222 0.000137339 0.00121448 1.00001 1.29923
0.999997 -0.000901793 0.000344483 -0.0020339 0.000903234 0.999999 -0.000816825 0.016932 -0.000344364 0.000815059 0.999994 1.29316
1 -7.32122e-05 -0.00244806 -0.00310359 7.04238e-05 1 -0.000652435 0.00609061 0.00244874 0.000654358 1 1.29506
0.999996 -0.00173733 -0.000189265 0.0172542 0.00173865 0.999998 0.000432868 -0.0142991 0.000187792 -0.000435285 0.999995 1.29692
0.999994 0.00019278 -0.00421848 -0.00712678 -0.000193395 1 0.00015561 -0.00279399 0.00421922 -0.000152721 0.999996 1.28533
0.999989 0.00169198 -0.00356513 -0.00827962 -0.00169007 0.999999 0.000182278 0.0015712 0.00356478 -0.000178319 0.999988 1.28112
0.999998 -0.0016951 -0.00299642 -0.0065405 0.00170361 0.999993 0.00324847 -0.00348041 0.00299159 -0.00325147 0.999995 1.28826
0.999965 0.000121125 -0.00794536 -0.0255091 -0.000106746 0.999999 0.00165451 0.00328733 0.00794486 -0.00165572 0.999963 1.26873
0.999974 -0.00130369 -0.00756225 -0.0243963 0.00132377 0.999996 0.00281816 0.0175574 0.00755923 -0.00282597 0.999971 1.2698
0.999976 -0.00272301 -0.00578127 0.000705904 0.00274414 0.99999 0.00343633 0.0235157 0.00577113 -0.0034543 0.999974 1.26707
0.999949 -0.0039052 -0.00972955 -0.0126745 0.00389033 0.999992 -0.00142068 0.0174346 0.00973576 0.00138486 0.999955 1.26675
0.999955 -0.0027824 -0.00869492 0.00723534 0.00279498 0.999995 0.00130416 -0.00167793 0.00869055 -0.00133049 0.999958 1.254
0.999964 -0.00243702 -0.00856225 -5.61698e-05 0.00244371 0.999998 0.000901772 -0.00183757 0.00856078 -0.000920561 0.999967 1.26956
0.999922 0.000629502 -0.0121506 -0.0038256 -0.000621801 0.999998 0.000543372 -0.00811792 0.0121502 -0.000537833 0.999922 1.25715
0.999931 0.00111468 -0.0120287 -0.00115086 -0.00113195 1 -0.00133723 -0.0381649 0.0120281 0.00135278 0.999932 1.25782
0.9999 0.00175251 -0.0137176 -0.00830166 -0.00172991 0.999996 0.00157801 -0.0465257 0.0137194 -0.0015562 0.9999 1.27441
0.999915 0.000717012 -0.0133526 -0.00835414 -0.000691423 1 0.00200396 -0.0202973 0.0133551 -0.00199258 0.999914 1.27376
0.999896 0.00327875 -0.0137624 -0.0247628 -0.00327769 0.999992 1.59513e-05 -0.0462712 0.0137613 2.72533e-05 0.9999 1.29605
0.999892 0.00466182 -0.0142894 0.00616735 -0.00464014 0.999991 0.00162789 -0.064435 0.0142979 -0.00155952 0.999902 1.2676
0.999897 -0.00267178 -0.01384 -0.00320019 0.00270466 0.999991 0.00228052 -0.0101143 0.0138326 -0.00231958 0.999897 1.26264
0.999896 -0.00115874 -0.0146165 -0.00073883 0.0011964 1 0.00263654 -0.0286967 0.0146145 -0.0026518 0.999895 1.27348
0.999867 0.001199 -0.0160541 0.00666627 -0.00113374 0.999987 0.00401471 -0.0306938 0.0160576 -0.00399796 0.999857 1.27574
0.999872 -0.00318644 -0.0160021 0.0123167 0.0032202 0.999996 0.0021512 0.0199848 0.0159963 -0.0022005 0.999876 1.24394
0.999871 -0.00109166 -0.0157754 0.00130708 0.00111726 0.999995 0.00154339 -0.0259398 0.0157725 -0.00156285 0.999868 1.24661
0.999807 -0.00432528 -0.0194076 -0.0170384 0.00433707 0.999994 0.000621211 0.000632246 0.0194059 -0.000703303 0.999819 1.23333
0.999847 0.00245331 -0.0171041 0.00204347 -0.00243975 0.999993 0.000750841 -0.0322218 0.0171047 -0.00071082 0.999847 1.26077
0.999833 -0.00332431 -0.018206 -0.00547089 0.00332257 0.999998 -6.421e-05 -0.000813342 0.0182072 5.52187e-06 0.999841 1.1913
0.999762 -0.00184904 -0.0215746 -0.00869017 0.00189471 0.999994 0.00204447 -0.00176253 0.0215696 -0.00208657 0.99976 1.25328
0.999789 -0.00352099 -0.0204213 -0.00963122 0.00354482 0.999995 0.00118759 -0.0100576 0.0204182 -0.00125808 0.999796 1.27131
0.999704 -0.00332373 -0.0239996 -0.0280936 0.00338518 0.999989 0.00247054 -0.0151791 0.0239902 -0.00255276 0.999704 1.19415
0.9997 -0.00472725 -0.024184 -0.00921725 0.00471574 0.999991 -0.000482936 -0.0084984 0.024187 0.000370506 0.999713 1.22493
0.999692 -0.00353185 -0.0244175 -0.0397979 0.00354629 0.999992 0.000502612 0.0199489 0.0244148 -0.000590635 0.999696 1.24583
0.999715 -0.00118951 -0.0240131 -0.0142969 0.00116049 1 -0.00117102 -0.012978 0.0240153 0.00114446 0.999717 1.15778
0.999605 -0.00217482 -0.0279154 -0.0502729 0.00224637 0.999993 0.00248648 0.0137476 0.0279092 -0.00254989 0.999601 1.24446
0.999693 -0.00227089 -0.0247835 -0.00489992 0.00228585 1 0.000630391 0.00176297 0.024783 -0.000685101 0.999699 1.14909
0.999641 -0.00256507 -0.0265979 -0.0317466 0.00256793 0.999994 2.28381e-05 -0.00534748 0.0265969 -9.29297e-05 0.99964 1.19991
0.999644 0.000867846 -0.0267323 -0.0309423 -0.000884493 1 -0.000561324 -0.00939215 0.0267328 0.000586565 0.999648 1.21233
0.999713 -0.00149454 -0.0238823 -0.0219613 0.00154255 0.999995 0.00193171 -0.00321097 0.0238783 -0.00196982 0.999707 1.12493
0.999628 -0.00165717 -0.0272644 -0.0209005 0.00170657 0.999999 0.00183735 -0.010504 0.0272623 -0.0018814 0.999632 1.17848
0.999628 -0.00111086 -0.0272179 -0.0166468 0.00111576 0.999998 0.000115708 -0.00653025 0.0272167 -0.000147811 0.999624 1.16804
0.999552 -0.0027941 -0.0298369 -0.0283723 0.00276261 0.999997 -0.00105054 -0.0187961 0.0298409 0.000969417 0.99956 1.15503
0.999561 -0.00125932 -0.0295852 -0.027013 0.00129134 0.999998 0.00101663 0.00616089 0.0295827 -0.00105621 0.999556 1.17267
0.999537 0.00118204 -0.0304214 -0.0294093 -0.00117784 1 0.000203832 -0.0163675 0.0304228 -0.000166041 0.999543 1.17244
0.999524 -0.00105043 -0.0307821 -0.0290965 0.00112131 0.999995 0.0022381 -0.0107182 0.0307785 -0.00227344 0.999518 1.17542
0.999482 0.000331523 -0.0322022 -0.0258067 -0.000301176 1 0.00099226 -0.0185617 0.0322036 -0.000980192 0.999487 1.1814
0.999445 -0.00122713 -0.0332617 -0.0262968 0.00117508 0.999996 -0.00162734 -0.0100974 0.0332626 0.00158549 0.99944 1.16053
0.999438 -0.00176211 -0.0335378 -0.0266586 0.00179824 0.999999 0.00108957 -0.0136791 0.0335368 -0.00114736 0.999442 1.1401
0.999501 -0.00337656 -0.0313723 -0.0238082 0.00340873 0.999993 0.000927399 -0.00870478 0.031368 -0.00103589 0.999502 1.16424
0.99945 -0.00147217 -0.0331923 -0.0214531 0.00153033 0.999998 0.00176803 0.00520826 0.0331907 -0.0018158 0.999453 1.15701
0.999394 -0.00391842 -0.0345798 -0.0269064 0.00399342 0.99999 0.00205771 0.0143327 0.0345706 -0.00219658 0.999395 1.19778
0.999421 0.000115032 -0.0340764 -0.0221413 -4.18906e-05 0.999997 0.00218791 -0.00577269 0.0340773 -0.00218297 0.999422 1.14417
0.999413 -0.00208929 -0.0341529 -0.0269741 0.00214875 0.999997 0.00166315 0.01001 0.0341486 -0.00173781 0.99941 1.13274
0.999418 -0.000791653 -0.0341386 -0.0197911 0.000837987 0.999998 0.00138603 -0.0145664 0.0341382 -0.00141154 0.999422 1.17034
0.999377 -0.00319878 -0.0351022 -0.0315298 0.00319909 0.999996 -8.93778e-05 0.0103013 0.0351016 -2.52278e-05 0.999379 1.15397
0.999408 -0.00391472 -0.0342232 -0.0290096 0.00393319 0.999991 0.000517095 0.0214305 0.0342215 -0.000649127 0.999419 1.15851
0.999441 -0.00224345 -0.0333028 -0.0390614 0.0021952 0.999998 -0.00153188 0.028026 0.0333056 0.00145564 0.99944 1.17072
0.999421 -0.00263863 -0.0339778 -0.0296811 0.00263732 0.999996 -3.81419e-05 0.011042 0.0339784 -4.9199e-05 0.999427 1.15816
0.999488 -0.00126983 -0.0318825 -0.0402857 0.00123698 1 -0.00109663 0.010183 0.0318833 0.00105434 0.999486 1.15404
0.999458 -0.00100779 -0.0329651 -0.0262413 0.00104217 0.999998 0.0010711 -0.00381226 0.0329645 -0.00110255 0.99946 1.14862
0.999481 -0.00397963 -0.0319081 -0.0369193 0.00394679 0.999992 -0.00113813 -0.00278062 0.0319118 0.00100934 0.999485 1.17166
0.999526 -0.00306026 -0.0306633 -0.0214713 0.00311853 0.999992 0.00189943 0.00115998 0.0306578 -0.00199185 0.999533 1.17001
0.999535 -0.00130469 -0.0304238 -0.0202405 0.00136503 0.999998 0.00191593 -0.0008057 0.0304207 -0.00195887 0.99953 1.1661
0.999568 -0.00274721 -0.0293179 -0.0414594 0.00273593 0.999995 -0.000376715 0.00150027 0.0293193 0.000298605 0.999575 1.17385
0.9996 -0.00414873 -0.0279104 -0.0135361 0.00416791 0.999992 0.000577981 -0.00703209 0.0279071 -0.00069633 0.999606 1.13691
0.999543 -0.00317124 -0.0301293 -0.0174322 0.00318359 0.999994 0.000406373 -0.00150202 0.0301286 -0.000499937 0.99955 1.18995
0.999585 -0.00517519 -0.0282948 -0.0301691 0.00523802 0.999985 0.00210106 -0.00144634 0.0282827 -0.00225046 0.999593 1.14982
0.999592 -0.00202742 -0.0285205 -0.00983824 0.0020699 0.999995 0.00150497 -0.0187015 0.0285181 -0.00156137 0.999597 1.13523
0.999598 -0.00340927 -0.0280926 -0.0238971 0.00341008 0.999996 -6.44036e-05 -0.0190162 0.028092 -3.34677e-05 0.999601 1.14761
0.999618 -0.00075446 -0.0276694 -0.0195237 0.000775702 0.999998 0.000802544 -0.0175111 0.0276695 -0.000821654 0.999622 1.16063
0.999593 -0.00201908 -0.0284213 -0.0145999 0.00202845 0.999999 0.000255579 -0.0088934 0.0284201 -0.000315118 0.999592 1.17638
0.99955 -0.00148097 -0.0300098 -0.0358876 0.00148844 0.999998 0.000270611 -0.0106609 0.03001 -0.000313191 0.999554 1.19552
0.999524 -0.0017495 -0.0307346 -0.0164613 0.00170628 0.999999 -0.00147342 -0.0241865 0.0307365 0.00141835 0.999522 1.19921
0.999507 -0.000667888 -0.0314483 -0.0260542 0.000577263 0.999994 -0.00284984 -0.0091627 0.0314507 0.00283222 0.999506 1.20519
0.999529 -0.00363009 -0.0304144 -0.0316423 0.00359983 0.999994 -0.00109112 -0.0168038 0.0304176 0.000979208 0.999533 1.2124
0.999505 -0.00118463 -0.0315093 -0.0311226 0.00121646 0.999997 0.00103118 -0.000836912 0.0315086 -0.00106706 0.999507 1.21814
0.999537 -0.00121298 -0.0303633 -0.0413494 0.00124685 1 0.0010549 -0.00426847 0.0303614 -0.00109419 0.999536 1.21921
0.999625 -2.87226e-05 -0.0274396 -0.0281516 1.69586e-05 0.999999 -0.00038187 -0.00792837 0.0274402 0.000383182 0.999627 1.21594
0.99966 -0.000789953 -0.0260229 -0.0404069 0.000791088 1 -1.7825e-05 -0.0043178 0.0260222 -4.70163e-06 0.999658 1.2362
0.999724 -0.000786723 -0.0235558 -0.030569 0.000792376 0.999998 0.000289468 -0.0076803 0.0235562 -0.000306218 0.999725 1.21222
0.999764 -0.0023817 -0.0215539 -0.0238463 0.00241067 0.999998 0.00125133 0.0080574 0.0215503 -0.00130482 0.999764 1.22214
0.999768 -0.00154783 -0.0215379 -0.0204508 0.00158142 0.999996 0.00160955 -0.00043879 0.0215359 -0.00164143 0.99977 1.22535
0.999817 -0.00376205 -0.0187177 -0.0143005 0.00380328 0.999992 0.00208986 -0.00664976 0.0187091 -0.00216247 0.99982 1.22629
0.999789 -0.00224922 -0.0204855 -0.021775 0.00225385 0.999996 0.000276482 -0.00195816 0.0204854 -0.000320756 0.999793 1.2245
0.999801 -0.00184021 -0.0197841 -0.0232022 0.0018178 0.999999 -0.00122649 -0.00587324 0.0197857 0.00118846 0.999801 1.22624
0.999806 -0.00214359 -0.0196278 -0.0279408 0.00213942 0.999996 -0.000157858 -0.00604869 0.0196287 0.000117665 0.999809 1.23412
0.999788 -0.000946269 -0.0205365 -0.0199826 0.00097686 1 0.00140968 -0.00500851 0.0205345 -0.00143124 0.999786 1.25292
0.999803 -0.00182271 -0.0198206 -0.0294193 0.0018657 0.999994 0.00222215 -0.00428274 0.019817 -0.00225692 0.999803 1.23632
0.999802 -0.0027061 -0.0196793 -0.0112388 0.00271985 0.999998 0.000600623 0.000112025 0.0196771 -0.000655795 0.999804 1.25823
0.999803 -0.00185739 -0.019773 -0.0129975 0.0018203 0.999996 -0.00182135 0.000508481 0.0197769 0.00178675 0.999805 1.22884
0.999824 -0.00172221 -0.0186684 -0.0169868 0.00169115 0.999998 -0.0017543 0.00381229 0.0186708 0.00172063 0.999822 1.25122
0.999846 1.73859e-05 -0.0175613 -0.0132751 2.62741e-06 0.999998 0.0012181 -0.0115152 0.0175619 -0.00121616 0.999847 1.25242
0.999838 -0.000939767 -0.0179557 -0.0221946 0.000964337 1 0.00128296 -0.0120953 0.0179538 -0.00130193 0.999836 1.26002
