0.999999 -0.000547425 -0.000257676 -0.00761592 0.000547654 1 0.00108067 -0.0205131 0.000257166 -0.00108075 1 1.32535
1 -0.000550275 0.000208644 -0.0157568 0.000549867 0.999998 0.00190245 -0.0218493 -0.000209708 -0.00190234 0.999999 2.63558
0.999998 -0.00184275 -0.000672092 -0.0192495 0.00184339 0.999998 0.00112169 -0.0341334 0.000670131 -0.0011228 1 3.96396
0.999998 -0.00187067 0.000455863 -0.0270132 0.00187009 0.999998 0.00131413 -0.0467154 -0.000458367 -0.0013132 1 5.284
0.999998 -0.00166694 -0.000110348 -0.0331468 0.00166715 0.999995 0.00290395 -0.0555071 0.000105649 -0.00290396 0.999996 6.61283
0.999995 -0.00325637 3.08122e-05 -0.0361691 0.00325627 0.999987 0.00391792 -0.0793983 -4.36045e-05 -0.00391773 0.999993 7.94515
0.999995 -0.00316817 0.000523481 -0.044436 0.00316591 0.999987 0.00407805 -0.0878369 -0.000536258 -0.0040762 0.999992 9.28776
0.999997 -0.00252196 -0.000399275 -0.0473122 0.00252304 0.999994 0.00252659 -0.108202 0.00039284 -0.0025275 0.999998 10.6175
1 -0.000175938 0.000270826 -0.0604885 0.000175749 1 0.000422986 -0.102451 -0.000270706 -0.000422741 1 11.9522
0.999997 0.00277545 -0.000526279 -0.0684433 -0.00277545 0.999996 -6.33563e-05 -0.130371 0.000526079 6.4907e-05 1 13.2876
0.999985 0.0055099 -0.000388985 -0.0818819 -0.00551001 0.999986 -6.57461e-05 -0.143192 0.000388826 6.80742e-05 1 14.6363
0.999985 0.00569402 0.000736868 -0.0943782 -0.00569453 0.999983 0.000722961 -0.140243 -0.000732762 -0.000727035 1 15.9805
0.999991 0.00427891 0.00036229 -0.0886762 -0.00428024 0.999985 0.00358211 -0.145798 -0.000346726 -0.00358343 0.999995 17.3333
0.999999 0.000388951 0.00189304 -0.0877201 -0.000400139 0.999982 0.00593133 -0.160487 -0.00189071 -0.00593196 0.999982 18.6782
0.999997 -0.00212772 0.000612225 -0.0740124 0.00212493 0.999989 0.00435073 -0.177064 -0.000621173 -0.0043492 0.999992 20.016
0.999995 -0.00300242 0.00214078 -0.0690364 0.00300001 0.999995 0.00117675 -0.172202 -0.00214422 -0.0011703 0.999998 21.3424
0.999998 -0.000547555 0.0020778 -0.0658473 0.000547104 1 0.000174297 -0.165072 -0.00207755 -0.000172941 0.999999 22.6635
0.999997 0.00140918 0.00292793 -0.0727274 -0.00141087 1 0.000603434 -0.15351 -0.0029269 -0.000607354 0.999997 24.0212
0.999987 0.00157283 0.00504846 -0.0776222 -0.00159831 0.999987 0.00503104 -0.159293 -0.00504002 -0.00503896 0.999978 25.3718
0.999993 -0.000141306 0.00429149 -0.0679508 0.000115818 0.999984 0.00594427 -0.170207 -0.00429203 -0.00594357 0.999975 26.7457
0.999983 -0.00292208 0.00529826 -0.0636167 0.00289362 0.999983 0.00535355 -0.202953 -0.00531334 -0.00533823 0.999976 28.0897
0.999988 -0.00337639 0.00402897 -0.0630468 0.00336392 0.999991 0.00310507 -0.203813 -0.00403919 -0.00309129 0.999989 29.4737
0.999978 -0.00296687 0.0061752 -0.0611305 0.00294826 0.999992 0.00300113 -0.229602 -0.00618361 -0.00298298 0.999981 30.8298
0.99999 -0.000194033 0.0049828 -0.0757618 0.000182593 0.999999 0.00230778 -0.23648 -0.00498302 -0.0023066 0.999987 32.2587
0.999987 0.000377307 0.00549408 -0.0734298 -0.000387398 1 0.00180715 -0.252741 -0.00549294 -0.00180942 0.999988 33.6449
0.999982 0.000390638 0.00646565 -0.0606832 -0.00040552 0.999999 0.00231444 -0.270432 -0.00646451 -0.00231681 0.999978 35.0228
0.99999 0.000390016 0.00488422 -0.0616192 -0.000414417 0.999989 0.00496559 -0.291275 -0.00488177 -0.00496773 0.999981 36.4447
0.999985 0.00125696 0.00599531 -0.0658987 -0.00129835 0.999977 0.00691895 -0.300887 -0.00598631 -0.0069264 0.999961 37.8286
0.999985 0.00356703 0.00475046 -0.0632415 -0.00360021 0.999971 0.00696515 -0.308715 -0.00472505 -0.00698231 0.99997 39.2381
0.999975 0.00530169 0.00533045 -0.0767605 -0.0053396 0.999962 0.00713913 -0.31556 -0.00529219 -0.00716716 0.999963 40.6249
0.999962 0.00654595 0.00608986 -0.0811684 -0.0065911 0.999952 0.00740103 -0.316446 -0.00604067 -0.00744101 0.99996 42.0269
0.999971 0.00673817 0.00452398 -0.0834305 -0.00677382 0.999947 0.00792309 -0.314051 -0.00447009 -0.00795325 0.999962 43.4546
0.999969 0.00531467 0.00619978 -0.0829271 -0.00536818 0.99995 0.00862051 -0.322931 -0.0061532 -0.00865362 0.99995 44.8362
0.999984 0.00450943 0.00429948 -0.0684153 -0.00454087 0.999965 0.00732823 -0.334013 -0.00426593 -0.00734737 0.999968 46.2581
0.999987 0.00373201 0.0040317 -0.0745332 -0.00376128 0.999968 0.00723616 -0.331464 -0.00400407 -0.00725136 0.999973 47.6897
0.999995 0.00389237 0.00186467 -0.0802404 -0.00390648 0.999966 0.0075604 -0.33748 -0.00183486 -0.00756735 0.999973 49.1191
0.999997 0.00340626 0.000190183 -0.0960056 -0.00340791 0.999958 0.00859214 -0.34164 -0.000160431 -0.00859286 0.99997 50.5539
0.999998 0.00351629 0.000842229 -0.0953061 -0.00352384 0.999956 0.00892478 -0.346242 -0.000810561 -0.00892744 0.999964 51.9572
0.999996 0.0034069 -0.0016294 -0.10554 -0.00339077 0.999946 0.00990487 -0.341956 0.00166352 -0.00989937 0.999957 53.3984
1 0.00171083 -0.000857145 -0.103529 -0.00170221 0.999949 0.0101596 -0.330327 0.000874694 -0.0101578 0.999952 54.8228
0.999999 0.000940333 -0.00279015 -0.10569 -0.000913928 0.999956 0.0095228 -0.343124 0.00279945 -0.00952031 0.999959 56.2782
0.999999 -0.000808163 -0.00339449 -0.117349 0.000840014 0.999957 0.00947333 -0.348321 0.00338697 -0.00947583 0.999954 57.7019
1 -0.00138394 -0.00246598 -0.119178 0.00140568 0.999961 0.00894578 -0.356483 0.00245403 -0.0089493 0.999965 59.1243
0.999997 -0.00268875 -0.00305276 -0.125445 0.00271673 0.999955 0.00928058 -0.364051 0.00302792 -0.00928856 0.999957 60.5539
1 -0.00279883 -0.00114513 -0.12454 0.00280931 0.999952 0.00953355 -0.383501 0.00111891 -0.00953684 0.999963 61.9536
0.999997 -0.00387484 -0.00118026 -0.11979 0.00388556 0.99995 0.00944307 -0.408864 0.00114388 -0.00944735 0.99996 63.3963
0.99999 -0.00530597 -0.000896861 -0.125093 0.00531349 0.999947 0.00904931 -0.403752 0.000849294 -0.00905408 0.999967 64.8207
0.999989 -0.00534514 0.00197652 -0.140905 0.00532664 0.999947 0.00908257 -0.408175 -0.00202477 -0.00907171 0.999962 66.217
0.999994 -0.00427042 0.00192007 -0.148376 0.0042516 0.999948 0.00947536 -0.417114 -0.00196003 -0.0094673 0.999961 67.6519
0.999992 -0.00231 0.00457294 -0.145437 0.00225912 0.999938 0.0110242 -0.426999 -0.00459804 -0.0110136 0.999934 69.0582
0.999998 0.000294101 0.00358437 -0.151456 -0.000336981 0.999932 0.0118383 -0.432636 -0.00358024 -0.0118397 0.999931 70.5035
0.999982 0.00435216 0.0052795 -0.159561 -0.0044208 0.999907 0.0129937 -0.444708 -0.00522241 -0.0130167 0.999907 71.8895
0.999965 0.00700861 0.00545938 -0.175279 -0.00707736 0.999898 0.0125983 -0.435928 -0.00537018 -0.0126366 0.999914 73.3062
0.999925 0.0112051 0.00599187 -0.179659 -0.0112756 0.999868 0.0117933 -0.437807 -0.00585884 -0.0118598 0.999918 74.7116
0.999905 0.0119728 0.00758952 -0.181 -0.0120632 0.999858 0.0119246 -0.440698 -0.00744528 -0.012015 0.999909 76.0928
0.999908 0.0120331 0.007086 -0.178978 -0.0121219 0.999849 0.0125593 -0.448084 -0.00693369 -0.0126439 0.999902 77.4956
0.999906 0.0103396 0.00960775 -0.171406 -0.0104547 0.999877 0.0119427 -0.452082 -0.00948268 -0.0120419 0.999892 78.8758
0.999922 0.00987407 0.00844081 -0.165736 -0.00997382 0.999882 0.0118033 -0.451621 -0.00832321 -0.0118863 0.999901 80.273
0.999929 0.00864638 0.00882957 -0.162544 -0.00873673 0.999913 0.0101844 -0.451897 -0.00874034 -0.0102607 0.999918 81.6932
0.999918 0.00803511 0.0106107 -0.140882 -0.00814502 0.999915 0.010306 -0.459753 -0.010527 -0.0103914 0.999897 83.0655
0.999928 0.00817951 0.00942986 -0.135253 -0.00827719 0.999915 0.010308 -0.463847 -0.00934432 -0.0103852 0.999911 84.455
0.999924 0.00822026 0.00981439 -0.130991 -0.00832431 0.999911 0.010557 -0.461554 -0.00972668 -0.0106376 0.999903 85.8087
0.999951 0.00688914 0.00794438 -0.124597 -0.00697551 0.999919 0.0108294 -0.469828 -0.00786865 -0.0108842 0.999918 87.2016
0.99997 0.00425285 0.00732612 -0.121025 -0.00433318 0.999933 0.0109094 -0.486407 -0.00727915 -0.0109405 0.999921 88.5875
0.999979 0.00167749 0.00713243 -0.115926 -0.00175473 0.999943 0.0107562 -0.490181 -0.00711354 -0.0107683 0.999926 89.9403
0.999989 -0.000156011 0.00586761 -0.105492 9.39896e-05 0.999947 0.0104659 -0.492181 -0.00586882 -0.0104649 0.999935 91.3379
0.999986 -0.00212835 0.00606016 -0.103186 0.00206459 0.999946 0.0103965 -0.495606 -0.00608146 -0.0103837 0.999936 92.6893
0.999985 -0.0034814 0.00555855 -0.103353 0.00342288 0.999942 0.0103895 -0.514959 -0.0055943 -0.01037 0.999938 94.0828
0.999981 -0.00364712 0.0062169 -0.101004 0.00358314 0.999944 0.0101566 -0.517659 -0.00625305 -0.0101339 0.999938 95.431
0.999982 -0.00393034 0.005774 -0.101502 0.0038725 0.999945 0.00988117 -0.533332 -0.00581244 -0.00985831 0.999942 96.8057
0.999976 -0.00413625 0.00658582 -0.103843 0.00407209 0.999947 0.00961064 -0.542363 -0.00662457 -0.00958331 0.999942 98.1801
0.999971 -0.00349242 0.00770045 -0.105202 0.00341699 0.999949 0.00970566 -0.544467 -0.00773383 -0.00967875 0.999931 99.5268
0.999968 -0.00339026 0.00813513 -0.103504 0.00329968 0.999936 0.0110234 -0.55666 -0.00817125 -0.0109958 0.999916 100.897
0.999952 -0.00319793 0.0100303 -0.0999662 0.00308026 0.999929 0.0116605 -0.555568 -0.0100668 -0.0116287 0.99989 102.232
0.999956 -0.00369416 0.00942812 -0.0977264 0.00359157 0.999937 0.0107881 -0.567519 -0.00946669 -0.0107534 0.999907 103.597
0.999951 -0.00387395 0.00991993 -0.093948 0.00378141 0.999952 0.00926725 -0.569043 -0.00995523 -0.0092289 0.999916 104.939
0.999945 -0.00419751 0.0103766 -0.0916872 0.00411384 0.999962 0.00798783 -0.576586 -0.0104091 -0.00794436 0.999924 106.247
0.999931 -0.00723133 0.0101103 -0.0803163 0.00714468 0.99994 0.00852354 -0.584245 -0.0101712 -0.00845036 0.999922 107.604
0.99991 -0.00883887 0.0107794 -0.0639356 0.00873317 0.999917 0.00973099 -0.578533 -0.0108637 -0.00963559 0.999905 108.903
0.999889 -0.0104626 0.0113089 -0.0539538 0.0103446 0.999894 0.0103879 -0.586498 -0.0114162 -0.0102694 0.999891 110.253
0.99987 -0.0108173 0.0125655 -0.0430351 0.010695 0.999898 0.00968427 -0.60155 -0.0126682 -0.0095482 0.999885 111.58
0.99986 -0.00926306 0.0145266 -0.037208 0.00914595 0.999928 0.00806009 -0.608238 -0.0145999 -0.00792568 0.999872 112.897
0.999857 -0.00746703 0.0157112 -0.0284037 0.00735684 0.99995 0.00700311 -0.619218 -0.0157619 -0.00688611 0.999863 114.256
0.999826 -0.00532749 0.0183409 -0.0173181 0.0052077 0.999967 0.00653266 -0.626963 -0.0183748 -0.00643551 0.99982 115.579
0.999812 -0.00378892 0.0194439 0.000351886 0.00361624 0.999957 0.00886866 -0.631716 -0.0194758 -0.00879626 0.999783 116.937
0.999771 -0.00415203 0.0213982 0.0146729 0.00391852 0.999935 0.0109109 -0.638937 -0.0214418 -0.010824 0.999721 118.256
0.999759 -0.0043726 0.0219136 0.036543 0.00411511 0.999925 0.0117436 -0.643729 -0.0219625 -0.0116501 0.999703 119.619
0.999736 -0.00385056 0.0230405 0.0586291 0.00358627 0.99993 0.0114747 -0.643854 -0.0230828 -0.0113884 0.99968 120.953
0.999684 -0.00231601 0.0253762 0.0823676 0.00204109 0.999942 0.0108227 -0.64666 -0.025399 -0.010767 0.999631 122.271
0.999672 -3.53713e-05 0.0259622 0.108734 -0.000213147 0.999956 0.009548 -0.651284 -0.0259611 -0.00954976 0.999628 123.647
0.999607 0.000761811 0.0283537 0.138807 -0.00102762 0.999958 0.00933277 -0.65047 -0.0283446 -0.00935774 0.999567 124.969
0.99959 0.00204394 0.0288879 0.169972 -0.00231022 0.999958 0.00916879 -0.650471 -0.0288676 -0.00923113 0.999552 126.334
0.999534 0.00125161 0.0308276 0.2136 -0.00153403 0.99996 0.0091138 -0.648128 -0.0308141 -0.0091563 0.999496 127.672
0.999454 0.000841284 0.0333196 0.255049 -0.0011799 0.999951 0.0101282 -0.64308 -0.0333091 -0.0101614 0.999405 128.991
0.999447 -0.000673639 0.0335478 0.28982 0.000326442 0.999949 0.0103303 -0.6514 -0.0335523 -0.0103131 0.999397 130.368
0.999383 -0.000795145 0.0353835 0.331894 0.000407601 0.999943 0.0109431 -0.651574 -0.0353899 -0.0109213 0.999326 131.693
0.999378 -0.00140684 0.0355158 0.372298 0.00101805 0.999942 0.0109419 -0.661446 -0.0355284 -0.0108984 0.999322 133.069
0.999378 -0.002977 0.0354522 0.419087 0.00257665 0.999935 0.0113147 -0.668801 -0.0354833 -0.0112157 0.99932 134.405
0.999354 -0.00454558 0.035938 0.468531 0.00414928 0.999933 0.0110723 -0.677249 -0.0359851 -0.0109155 0.999306 135.726
0.999415 -0.00570375 0.0340484 0.504081 0.00533356 0.999928 0.0109348 -0.681097 -0.0341081 -0.0107462 0.999373 137.093
0.999405 -0.0079029 0.0338878 0.548696 0.00752942 0.999913 0.0111093 -0.691689 -0.0339719 -0.0108471 0.999377 138.416
0.999452 -0.00943175 0.0320847 0.586555 0.00905664 0.999892 0.0117963 -0.696194 -0.0321922 -0.0114986 0.999429 139.774
0.9994 -0.0109901 0.0331846 0.625519 0.0105586 0.999861 0.0131269 -0.693851 -0.0333235 -0.0127681 0.999377 141.102
0.999478 -0.0112752 0.0306764 0.654692 0.0108704 0.999855 0.0133095 -0.693644 -0.0308217 -0.0129685 0.999455 142.455
0.999493 -0.0121236 0.0298392 0.686944 0.0117501 0.999854 0.0126317 -0.686812 -0.0299873 -0.0122741 0.999489 143.807
0.999437 -0.0140854 0.0308408 0.733434 0.0137771 0.999856 0.0101673 -0.687152 -0.0309792 -0.00973604 0.999487 145.144
0.999419 -0.0187562 0.0288918 0.774471 0.0184867 0.999786 0.00953701 -0.710767 -0.0290639 -0.00899666 0.999551 146.547
0.999262 -0.0258777 0.0288294 0.824925 0.0255452 0.999607 0.0118169 -0.710173 -0.0291233 -0.011071 0.99953 147.881
0.999212 -0.0302635 0.0261597 0.859294 0.0299849 0.999495 0.0109409 -0.726328 -0.026477 -0.0101471 0.999613 149.245
0.999143 -0.0333465 0.0250431 0.900008 0.0331294 0.999414 0.00899819 -0.731774 -0.025328 -0.00816016 0.999661 150.609
0.999146 -0.0322854 0.0263176 0.930411 0.032116 0.999466 0.00679772 -0.742045 -0.0265224 -0.00594589 0.999646 151.953
0.999227 -0.0298159 0.0261568 0.950048 0.0297238 0.999554 0.00386923 -0.7398 -0.0262601 -0.00308811 0.999667 153.351
0.999201 -0.0289104 0.0281163 0.983241 0.0288107 0.999582 0.0039132 -0.764861 -0.0282171 -0.00309911 0.999613 154.685
0.999167 -0.0308717 0.0271965 1.02833 0.0306571 0.999499 0.00824123 -0.779209 -0.0274368 -0.00739994 0.999613 156.021
0.998927 -0.0369681 0.0284158 1.07328 0.0366599 0.999269 0.0112575 -0.778614 -0.0288106 -0.0102028 0.999549 157.374
0.998724 -0.0410443 0.0298829 1.10882 0.0406888 0.999098 0.0123758 -0.771993 -0.0303633 -0.0111434 0.999494 158.709
0.998658 -0.0434086 0.0288258 1.15017 0.0430601 0.998999 0.0125664 -0.773403 -0.0293417 -0.0113073 0.999523 160.053
0.998641 -0.0418258 0.031552 1.18443 0.0414422 0.999064 0.01268 -0.762351 -0.0320523 -0.0113545 0.999439 161.372
0.998776 -0.0383781 0.0317193 1.21962 0.0379919 0.999204 0.0126522 -0.761784 -0.032179 -0.0114307 0.999435 162.726
0.998825 -0.0347701 0.0341949 1.25345 0.0344196 0.999352 0.0107569 -0.759599 -0.0345464 -0.0095665 0.999374 164.051
0.998901 -0.0321687 0.0345781 1.28915 0.0318286 0.999447 0.010311 -0.754885 -0.03489 -0.00919812 0.999367 165.421
0.998914 -0.0310737 0.0351834 1.32654 0.0307087 0.999473 0.0108377 -0.757573 -0.0355013 -0.00974473 0.99934 166.779
0.998925 -0.0297518 0.0360341 1.37091 0.029375 0.999515 0.010912 -0.745961 -0.0363408 -0.00984077 0.999309 168.113
0.999029 -0.0276192 0.0348603 1.41165 0.0273273 0.999591 0.00879309 -0.742431 -0.0350886 -0.0078312 0.999372 169.483
0.999079 -0.0248726 0.0354494 1.44042 0.0246681 0.999683 0.00616533 -0.740949 -0.0355911 -0.00528423 0.999371 170.807
0.999235 -0.0200748 0.0341017 1.46378 0.0199324 0.999794 0.00448122 -0.733947 -0.0341844 -0.00379734 0.999427 172.202
0.999292 -0.0162826 0.0344302 1.49238 0.0161074 0.999863 0.00533343 -0.729503 -0.0345119 -0.00477408 0.999413 173.572
0.999257 -0.015367 0.0358529 1.53447 0.0151266 0.999865 0.00693892 -0.719329 -0.0359545 -0.00639068 0.999352 174.958
0.999298 -0.015066 0.0348128 1.57544 0.0147661 0.99986 0.00882742 -0.723048 -0.0349405 -0.00830615 0.999376 176.339
0.999256 -0.0176356 0.0348188 1.62408 0.0172954 0.999804 0.0100166 -0.723295 -0.0349884 -0.00940619 0.999363 177.715
0.999274 -0.0203558 0.0327418 1.67634 0.0200454 0.999759 0.00974889 -0.725862 -0.0329318 -0.00908446 0.999438 179.115
0.999259 -0.020966 0.0328282 1.71683 0.0207983 0.999772 0.00541338 -0.718213 -0.032934 -0.00472598 0.999466 180.483
0.999331 -0.019997 0.031188 1.76041 0.0199683 0.999807 0.00119946 -0.721645 -0.0312055 -0.00057483 0.999534 181.862
0.999403 -0.0165637 0.0309143 1.80674 0.0165905 0.999866 -0.000638057 -0.726794 -0.0308993 0.00115124 0.999541 183.234
0.999399 -0.0138391 0.0323076 1.84328 0.0138267 0.999912 0.000577771 -0.749331 -0.0323122 -0.000129687 0.999499 184.589
0.999433 -0.0122431 0.0319519 1.88733 0.012147 0.999925 0.00317393 -0.766922 -0.0319881 -0.0027833 0.999504 186.007
0.999344 -0.0128037 0.0343945 1.92398 0.0126342 0.999914 0.00511176 -0.778709 -0.0344565 -0.00467282 0.999416 187.393
0.999344 -0.0139764 0.0339937 1.97494 0.0138011 0.999894 0.00536301 -0.774121 -0.0340648 -0.00488965 0.999428 188.812
0.999321 -0.015522 0.0339557 2.02358 0.0153364 0.999874 0.00568768 -0.78998 -0.0340392 -0.00516206 0.999429 190.227
0.999308 -0.0168286 0.0337629 2.07912 0.0166364 0.999848 0.00594456 -0.815399 -0.0338574 -0.00537805 0.999433 191.611
0.999282 -0.0192043 0.0332004 2.12662 0.0190079 0.999807 0.0061896 -0.828104 -0.0333122 -0.00555314 0.999452 193.041
0.999223 -0.0205526 0.0342046 2.17327 0.0202891 0.999766 0.00800641 -0.847783 -0.0343608 -0.00730561 0.999404 194.422
0.999167 -0.0245335 0.0331648 2.22833 0.0242244 0.999666 0.0096544 -0.861399 -0.03339 -0.00884199 0.999426 195.87
0.999049 -0.027147 0.0346875 2.27979 0.0268032 0.999592 0.0103091 -0.87913 -0.0349529 -0.0093691 0.999366 197.265
0.999128 -0.026111 0.033127 2.31472 0.0259123 0.999651 0.00637786 -0.879962 -0.0332813 -0.00551288 0.999454 198.707
0.999277 -0.0191003 0.0334938 2.34491 0.0190227 0.999821 0.00260411 -0.874114 -0.0335372 -0.00196458 0.999457 200.127
0.99933 -0.0104366 0.035621 2.37335 0.0103453 0.99995 0.0027169 -0.878885 -0.0356468 -0.00234543 0.999384 201.531
0.9994 -0.00410941 0.0350049 2.40774 0.0038901 0.999978 0.00630905 -0.890805 -0.0350298 -0.00616862 0.99939 202.977
0.999336 -0.00250849 0.0368883 2.45017 0.00213621 0.999954 0.0101037 -0.893745 -0.0369111 -0.0100171 0.999291 204.419
0.9994 -0.00400812 0.035006 2.49506 0.00363394 0.999942 0.010723 -0.896439 -0.0350467 -0.0105889 0.999353 205.884
0.999419 -0.00634732 0.0340702 2.54533 0.00598108 0.999931 0.010811 -0.905153 -0.0341357 -0.0105998 0.999383 207.347
0.99942 -0.0075284 0.0338249 2.59419 0.00717117 0.999924 0.010646 -0.901543 -0.0339022 -0.0103969 0.999394 208.784
0.999483 -0.00659022 0.0321215 2.63353 0.00625444 0.999931 0.0105116 -0.892787 -0.0321878 -0.0103042 0.999452 210.252
0.999457 -0.00599427 0.0330506 2.65779 0.00564934 0.999935 0.010495 -0.893982 -0.0331111 -0.0103021 0.999422 211.692
0.999514 -0.00377177 0.0316248 2.68258 0.0034552 0.99995 0.0100289 -0.895569 -0.0316603 -0.00991376 0.999472 213.192
0.999513 -0.00464254 0.031555 2.72298 0.00432673 0.999946 0.0100447 -0.903195 -0.0315995 -0.00990284 0.999475 214.666
0.999483 -0.00421953 0.032555 2.77337 0.00392233 0.999956 0.00915876 -0.908965 -0.0325915 -0.00902535 0.999452 216.114
0.999512 -0.00511512 0.031491 2.81627 0.00482923 0.999953 0.00912323 -0.919311 -0.0315358 -0.0089663 0.999486 217.628
0.999485 -0.00572238 0.0322858 2.86689 0.00543609 0.999951 0.00892107 -0.923488 -0.0323345 -0.00873997 0.999464 219.07
0.999537 -0.00594796 0.0305634 2.90257 0.00568375 0.999952 0.00869884 -0.928999 -0.0306133 -0.00852071 0.999519 220.589
0.999518 -0.00641572 0.0311134 2.94273 0.00615477 0.999951 0.00844586 -0.938011 -0.0311653 -0.00824921 0.999505 222.05
0.999555 -0.00640745 0.0298879 2.9918 0.00616455 0.999953 0.00818858 -0.931415 -0.0299387 -0.00800025 0.999544 223.566
0.999577 -0.0050725 0.0294553 3.02783 0.00482003 0.999957 0.00860722 -0.928545 -0.0294971 -0.00846047 0.999554 225.052
0.999557 -0.00539577 0.0300408 3.05694 0.00516395 0.999962 0.0077677 -0.940986 -0.0300812 -0.00760872 0.999543 226.552
0.999602 -0.00556848 0.0285031 3.08819 0.00534015 0.999959 0.00804936 -0.960768 -0.0285461 -0.00789286 0.999587 228.073
0.9996 -0.00585731 0.0284797 3.11326 0.00564652 0.999962 0.0074535 -0.985361 -0.028522 -0.00728932 0.999591 229.584
0.999621 -0.00594641 0.0277639 3.15587 0.00575608 0.999966 0.00690131 -0.99868 -0.0278033 -0.00673786 0.999616 231.083
0.999604 -0.00688176 0.0281083 3.18829 0.00666179 0.999953 0.00788534 -1.00685 -0.0281609 -0.00769458 0.999599 232.569
0.999569 -0.00726376 0.0293033 3.22187 0.00702489 0.999948 0.00822145 -0.999498 -0.0293608 -0.00801103 0.999562 234.058
0.999582 -0.00697039 0.0288946 3.24208 0.00673842 0.999951 0.00809253 -1.00439 -0.0289492 -0.00789409 0.999575 235.597
0.999553 -0.00758174 0.0298486 3.27476 0.00735283 0.99995 0.00774355 -1.0054 -0.0299053 -0.0075196 0.999552 237.104
0.999585 -0.00617093 0.0289747 3.30685 0.00594569 0.999958 0.00782861 -0.997383 -0.0290213 -0.00765269 0.999575 238.653
0.999559 -0.00771266 0.02967 3.34212 0.00743716 0.999936 0.00935735 -1.00789 -0.0297398 -0.00913159 0.999544 240.161
0.999499 -0.00772645 0.0314782 3.38316 0.0074138 0.999929 0.0100121 -1.00938 -0.0315529 -0.00977327 0.99948 241.667
0.99954 -0.0075108 0.0303319 3.41715 0.00728024 0.999951 0.0076788 -1.01509 -0.0303875 -0.00745352 0.999538 243.208
0.999477 -0.00709763 0.0323149 3.46105 0.00689203 0.999962 0.00644993 -1.02118 -0.032359 -0.00622335 0.999484 244.715
0.999511 -0.00650072 0.0315235 3.49804 0.00629456 0.999965 0.00661051 -1.02671 -0.0315648 -0.00640793 0.999509 246.243
0.999489 -0.00759461 0.0318247 3.54349 0.00735252 0.99995 0.00769788 -1.01909 -0.0318811 -0.00745946 0.999491 247.794
0.999476 -0.00747417 0.032395 3.57865 0.00721011 0.999947 0.00823807 -1.02653 -0.0324542 -0.00799929 0.999469 249.307
0.999506 -0.00744109 0.0313423 3.62377 0.00717846 0.999945 0.00846464 -1.03337 -0.0314031 -0.00823496 0.9995 250.843
0.999479 -0.00678344 0.0324998 3.65942 0.00650096 0.999948 0.00876615 -1.03812 -0.032557 -0.00854938 0.999462 252.355
0.99952 -0.00603794 0.0312177 3.70127 0.00576861 0.999953 0.00869361 -1.05365 -0.0312683 -0.00850878 0.999503 253.949
0.999487 -0.00606501 0.0324444 3.74316 0.00577427 0.999949 0.00902268 -1.05374 -0.032497 -0.00882975 0.999462 255.462
0.999514 -0.00752955 0.0310737 3.79131 0.00725895 0.999942 0.00879105 -1.05789 -0.0311376 -0.00856065 0.999507 257.029
0.999505 -0.00930342 0.0311003 3.83728 0.00901119 0.999921 0.00949511 -1.05111 -0.031186 -0.00920925 0.9995 258.56
0.99944 -0.0116342 0.0321985 3.88579 0.0112788 0.999882 0.011175 -1.0585 -0.0323242 -0.0108051 0.999448 260.088
0.999473 -0.0116097 0.0313607 3.94496 0.0112731 0.999884 0.0108584 -1.06048 -0.0314829 -0.0104982 0.999479 261.64
0.999426 -0.0123629 0.0323793 3.9906 0.0120294 0.99988 0.0104526 -1.05903 -0.0325042 -0.0100567 0.99945 263.16
0.999376 -0.0149278 0.0330274 4.05035 0.0145412 0.999831 0.0118838 -1.04454 -0.0331991 -0.0113952 0.999414 264.717
0.999316 -0.0170758 0.0336015 4.09949 0.0166501 0.999786 0.0128823 -1.03098 -0.0338138 -0.0123135 0.999382 266.257
0.999221 -0.0188553 0.0356415 4.14797 0.0184189 0.999759 0.0125017 -1.04026 -0.0358684 -0.0118345 0.999317 267.776
0.999228 -0.0188552 0.0352226 4.19985 0.0184336 0.999762 0.0122328 -1.04435 -0.0354445 -0.0115736 0.999335 269.312
0.999139 -0.018322 0.038142 4.24446 0.0178585 0.999771 0.0124257 -1.04514 -0.0383608 -0.0117329 0.999226 270.862
0.999133 -0.0162682 0.0390159 4.29447 0.0158068 0.999809 0.0120851 -1.05314 -0.0392046 -0.0114574 0.999196 272.408
0.999109 -0.0155064 0.0401283 4.34649 0.0150426 0.999824 0.0118058 -1.04418 -0.0403042 -0.0111905 0.999156 273.945
0.999018 -0.0134965 0.0428298 4.39293 0.0129532 0.99984 0.0129218 -1.05176 -0.0429969 -0.0123538 0.99903 275.484
0.998977 -0.0140851 0.0437928 4.4478 0.0135552 0.999839 0.0123496 -1.05171 -0.0439596 -0.0117423 0.998995 277.03
0.99878 -0.0134762 0.0480783 4.5093 0.0128884 0.999846 0.0124986 -1.06616 -0.0482387 -0.0118632 0.998796 278.535
0.998777 -0.0140902 0.0481498 4.5775 0.013504 0.999838 0.0124561 -1.05469 -0.0483172 -0.0117896 0.998794 280.088
0.998715 -0.0145784 0.0491134 4.64525 0.013965 0.999828 0.0127954 -1.05147 -0.0492908 -0.0120927 0.998743 281.62
0.998486 -0.016546 0.053144 4.71713 0.0158278 0.999786 0.0138851 -1.0532 -0.0533621 -0.0130218 0.998522 283.132
0.998505 -0.0174681 0.0523288 4.78413 0.0167336 0.999764 0.0144257 -1.05174 -0.0525677 -0.0135279 0.998557 284.678
0.998362 -0.018395 0.054833 4.86809 0.0177377 0.999772 0.0124299 -1.04756 -0.0550489 -0.0114358 0.99845 286.199
0.998489 -0.0177139 0.0525551 4.94759 0.0171041 0.999789 0.0120145 -1.05222 -0.0527562 -0.0110968 0.998578 287.757
0.998486 -0.0179951 0.052678 5.01468 0.0173663 0.99978 0.0123494 -1.03961 -0.0528884 -0.0114146 0.998567 289.285
0.99838 -0.0191753 0.0541016 5.08906 0.0184781 0.999748 0.0133413 -1.03217 -0.054343 -0.0123194 0.998479 290.822
0.998527 -0.0185501 0.0516958 5.16397 0.0178655 0.999755 0.0136501 -1.0335 -0.051936 -0.0127052 0.998602 292.396
0.99844 -0.0180411 0.053372 5.24343 0.017355 0.999769 0.0132764 -1.02769 -0.0535984 -0.0123288 0.998519 293.93
0.998553 -0.0176602 0.0515269 5.31944 0.0169781 0.99977 0.0136234 -1.01893 -0.0517554 -0.0127277 0.998611 295.516
0.998624 -0.0180767 0.049797 5.38354 0.0174183 0.999764 0.0136098 -1.01206 -0.0500304 -0.012723 0.998699 297.086
0.998567 -0.0178894 0.0511763 5.46429 0.017141 0.999748 0.0150042 -1.00896 -0.0514316 -0.0141043 0.99861 298.616
0.998676 -0.0168679 0.0491921 5.5323 0.0160924 0.999749 0.0161038 -0.997297 -0.0494505 -0.0152902 0.998692 300.209
0.998564 -0.0159547 0.0518816 5.60126 0.0150744 0.999744 0.0172945 -0.991045 -0.0521441 -0.0164863 0.998536 301.733
0.998584 -0.0154087 0.0514859 5.67315 0.0145139 0.999746 0.0176957 -0.982194 -0.0517448 -0.0169227 0.99855 303.333
0.998546 -0.0165503 0.0520435 5.75628 0.0155934 0.999711 0.0187206 -0.95941 -0.0523381 -0.0178806 0.998502 304.902
0.998397 -0.0180091 0.0541861 5.84608 0.0170551 0.999701 0.0180049 -0.947559 -0.0544934 -0.0170512 0.998402 306.474
0.998411 -0.0177371 0.0541961 5.93886 0.0168113 0.999715 0.0174733 -0.92665 -0.0544902 -0.0165332 0.998411 308.086
0.998322 -0.0176604 0.055674 6.02087 0.0167643 0.999732 0.0165103 -0.919971 -0.0559498 -0.0155486 0.998347 309.68
0.998492 -0.0171688 0.0528607 6.10602 0.0163221 0.999741 0.0163896 -0.900305 -0.0531279 -0.0155009 0.998502 311.283
0.998596 -0.0160973 0.0510489 6.18079 0.0152466 0.999748 0.0169974 -0.889926 -0.0513088 -0.0161946 0.998586 312.889
0.998565 -0.0147782 0.052221 6.24849 0.0137648 0.99972 0.0196951 -0.857635 -0.052497 -0.0189468 0.998476 314.509
0.998523 -0.0167911 0.0522593 6.33683 0.01564 0.999637 0.0223462 -0.835803 -0.0526145 -0.0214951 0.998418 316.151
0.998435 -0.0177854 0.0537567 6.41191 0.0165718 0.999608 0.0229198 -0.815793 -0.0541428 -0.0219917 0.998326 317.762
0.998448 -0.0187241 0.0530362 6.49409 0.0175582 0.999605 0.022351 -0.811014 -0.0534328 -0.0213844 0.998378 319.408
0.998351 -0.0193601 0.0547845 6.57369 0.0181438 0.999588 0.0225949 -0.791103 -0.0551991 -0.0215623 0.998278 321.013
0.998379 -0.0191475 0.0541613 6.65828 0.0179229 0.999584 0.0229939 -0.767282 -0.0545782 -0.0219851 0.998303 322.66
0.99837 -0.0190158 0.0545604 6.74779 0.0178067 0.999595 0.0225444 -0.741359 -0.0549667 -0.0215348 0.998292 324.296
0.998231 -0.0183447 0.0570973 6.82464 0.0171155 0.999622 0.0219311 -0.715954 -0.057477 -0.0209143 0.998163 325.908
0.998273 -0.0180292 0.0566392 6.91383 0.0168493 0.999641 0.0212259 -0.701345 -0.0570013 -0.0202335 0.998205 327.541
0.998102 -0.0191075 0.0590815 7.00198 0.0177619 0.999583 0.0232055 -0.682317 -0.0594991 -0.0221113 0.99802 329.154
0.998118 -0.0205557 0.0584724 7.09917 0.0191755 0.999535 0.0240518 -0.656135 -0.0589393 -0.0228838 0.998035 330.793
0.998097 -0.0212771 0.0584209 7.19131 0.0199564 0.999544 0.023085 -0.629833 -0.0588844 -0.0218745 0.998061 332.405
0.998031 -0.0206171 0.0599223 7.27927 0.0192111 0.999537 0.0239288 -0.615562 -0.0603876 -0.0227291 0.997952 334.012
0.998121 -0.0196384 0.0585986 7.36873 0.0183775 0.9996 0.0219683 -0.579889 -0.0590055 -0.0208494 0.998076 335.626
0.99812 -0.0175515 0.059419 7.45131 0.0163112 0.999649 0.0212798 -0.579941 -0.0597713 -0.0202693 0.998042 337.212
0.998224 -0.0166717 0.0577596 7.53603 0.0153942 0.999639 0.0224843 -0.567323 -0.0581125 -0.0215545 0.998114 338.83
0.99828 -0.016366 0.0570218 7.62205 0.0149132 0.999564 0.0257954 -0.539183 -0.0574188 -0.0248992 0.998076 340.44
0.998255 -0.015686 0.0574976 7.70505 0.0140646 0.999505 0.0284874 -0.520062 -0.0579149 -0.0276282 0.997976 342.023
0.998415 -0.0145655 0.0551063 7.79382 0.0130251 0.999526 0.0281942 -0.49304 -0.0554905 -0.0274304 0.998119 343.643
0.998425 -0.0146203 0.0547872 7.87327 0.0131235 0.999543 0.0275724 -0.479478 -0.0551643 -0.0268092 0.998155 345.223
0.998573 -0.0153103 0.0519649 7.9568 0.0138316 0.999501 0.0286799 -0.450245 -0.0523776 -0.0279188 0.998274 346.838
0.998609 -0.0164149 0.0507613 8.04092 0.0149065 0.99945 0.0299416 -0.424849 -0.0512239 -0.0291424 0.998299 348.438
0.998565 -0.0168056 0.0516705 8.10776 0.0152804 0.999449 0.0297548 -0.423252 -0.0521415 -0.0289211 0.998258 350.008
0.998619 -0.0167959 0.0504463 8.18604 0.0152985 0.999445 0.0299135 -0.38859 -0.0509197 -0.0290996 0.998316 351.618
0.998577 -0.0170766 0.0513753 8.25819 0.0155417 0.999434 0.0301097 -0.355037 -0.0518599 -0.0292668 0.998262 353.18
0.998598 -0.017788 0.0505257 8.33489 0.016271 0.999418 0.0302675 -0.321112 -0.0510338 -0.0294019 0.998302 354.79
0.998592 -0.0183651 0.0506268 8.41052 0.016839 0.999405 0.0303869 -0.299334 -0.0511543 -0.0294901 0.998292 356.376
0.998523 -0.018473 0.0517522 8.4828 0.0169097 0.999401 0.0304748 -0.273151 -0.0522832 -0.0295537 0.998233 357.94
0.998575 -0.0187238 0.0508431 8.56373 0.0171489 0.999374 0.0312173 -0.245342 -0.0513953 -0.0302994 0.998255 359.55
0.998514 -0.0190809 0.0517176 8.63639 0.0174954 0.999377 0.0309275 -0.215638 -0.0522745 -0.0299756 0.998222 361.119
0.998551 -0.0200726 0.0507893 8.71452 0.0185252 0.999365 0.0307359 -0.19301 -0.0513734 -0.0297489 0.998273 362.726
0.998504 -0.0219697 0.0507541 8.79277 0.0203477 0.999282 0.0322418 -0.151655 -0.0514249 -0.0311597 0.99823 364.316
0.998429 -0.0232972 0.0517982 8.86808 0.0215655 0.999208 0.0337199 -0.131097 -0.0525422 -0.0325483 0.998125 365.894
0.998475 -0.0236974 0.0505378 8.94861 0.0220276 0.99921 0.0333303 -0.103927 -0.0512867 -0.0321652 0.998205 367.505
0.998436 -0.0226745 0.0519434 9.02092 0.0209511 0.999229 0.0334651 -0.0766855 -0.0526617 -0.032323 0.998127 369.078
0.998492 -0.0217183 0.051095 9.09778 0.0199529 0.999204 0.0347997 -0.0374211 -0.0518091 -0.0337266 0.998127 370.687
0.998455 -0.0207854 0.0523749 9.1657 0.0188955 0.999171 0.0363026 -0.0109921 -0.0530855 -0.0352553 0.998005 372.277
0.998499 -0.0210075 0.0512653 9.24848 0.0191521 0.999162 0.0364073 0.015866 -0.0519862 -0.0353697 0.998061 373.897
0.998515 -0.0210398 0.0511237 9.32717 0.0191997 0.999169 0.0362006 0.0510574 -0.0518423 -0.0351637 0.998074 375.497
0.998414 -0.0207955 0.0529901 9.39804 0.0188762 0.999165 0.0364554 0.0919339 -0.053703 -0.0353962 0.997969 377.079
0.998492 -0.0200376 0.0519564 9.47818 0.018153 0.999179 0.0364744 0.155377 -0.052644 -0.0354747 0.998021 378.698
0.998407 -0.0192889 0.0537 9.55207 0.017293 0.99916 0.0373772 0.186657 -0.0543748 -0.0363879 0.997898 380.283
0.99846 -0.0177144 0.053412 9.63336 0.0156786 0.999153 0.0382784 0.233066 -0.0540442 -0.0373804 0.997877 381.919
0.998447 -0.0168161 0.0538091 9.71165 0.014749 0.999156 0.0385765 0.272869 -0.0544114 -0.0377217 0.997847 383.525
0.998374 -0.01609 0.0555006 9.7881 0.0139447 0.999159 0.0388102 0.309616 -0.0560778 -0.0379715 0.997742 385.115
0.998488 -0.0146038 0.0536859 9.86809 0.0124957 0.999155 0.0393912 0.350628 -0.0542148 -0.0386596 0.997822 386.75
0.998408 -0.0135996 0.0555709 9.94393 0.0113572 0.999126 0.040457 0.393874 -0.056072 -0.0397598 0.997674 388.342
0.998474 -0.0127841 0.0544237 10.0191 0.0105652 0.999119 0.040861 0.445813 -0.0548972 -0.0402226 0.997723 389.984
0.998474 -0.0122318 0.0546988 10.0986 0.0100102 0.999131 0.0406947 0.495394 -0.0551485 -0.0400834 0.997712 391.6
0.99839 -0.0125621 0.0559956 10.1759 0.0102477 0.999099 0.0414254 0.539429 -0.0564646 -0.0407838 0.997613 393.199
