0.999946 -0.0016668 -0.0102447 0.122052 0.00167771 1 0.00109681 -0.0146124 0.010245 -0.001114 0.999949 1.16858
0.99989 -0.00258668 -0.014615 0.141797 0.00260723 0.999996 0.0013669 -0.0351542 0.014613 -0.00140508 0.999891 2.47644
0.999872 -0.00420345 -0.0155945 0.133538 0.00419777 0.999994 -0.000381313 -0.0470647 0.0155995 0.000315786 0.999879 3.83976
0.999858 -0.00469322 -0.0161646 0.113563 0.00467927 0.999989 -0.000917701 -0.0589609 0.0161702 0.00084166 0.999868 5.1944
0.999834 -0.00553846 -0.0174308 0.0999931 0.00554053 0.999987 8.99592e-05 -0.0842026 0.0174336 -0.000186426 0.99985 6.52041
0.999788 -0.00774655 -0.0190569 0.107234 0.00777081 0.99997 0.00118318 -0.104485 0.0190488 -0.00133131 0.999818 7.85594
0.999755 -0.00749786 -0.0208859 0.111055 0.00752953 0.999973 0.00145548 -0.118489 0.020878 -0.00161226 0.999783 9.24304
0.99974 -0.00651449 -0.0218357 0.0875704 0.00650417 0.999981 -0.000558386 -0.137018 0.0218405 0.000415933 0.999762 10.6272
0.999728 -0.00442495 -0.0229928 0.0762339 0.00435978 0.99999 -0.00286755 -0.159839 0.0230088 0.00276664 0.999734 12.0221
0.999756 -0.000686163 -0.0220899 0.0166427 0.000598533 0.999994 -0.00398843 -0.180344 0.0220943 0.00397398 0.99975 13.3668
0.999774 0.00204226 -0.0212256 -0.0405833 -0.00212409 0.999994 -0.0038135 -0.20746 0.0212213 0.00385784 0.99977 14.7241
0.99979 0.00298889 -0.0202645 -0.0924332 -0.00305324 0.999992 -0.00316207 -0.229376 0.0202566 0.00322296 0.999791 16.085
0.999822 0.000947204 -0.0189325 -0.143355 -0.000957339 1 -0.000505006 -0.251687 0.0189357 0.0005232 0.999824 17.4543
0.999841 -0.00310893 -0.0175721 -0.195668 0.00312826 0.999997 0.00105615 -0.270761 0.0175705 -0.00111125 0.999848 18.8176
0.999852 -0.00579713 -0.0163375 -0.242657 0.0057827 0.999987 -0.000906206 -0.297266 0.0163461 0.000811736 0.99987 20.1964
0.999863 -0.00686824 -0.0150625 -0.296713 0.00682943 0.999977 -0.00264409 -0.322549 0.0150821 0.00254058 0.999888 21.5477
0.999896 -0.00469692 -0.0138125 -0.333726 0.00464621 0.999987 -0.00366085 -0.356552 0.0138331 0.0035964 0.999902 22.9315
0.999918 -0.00149154 -0.0127307 -0.366267 0.00147492 1 -0.00133466 -0.388951 0.0127345 0.00131557 0.999924 24.3388
0.999935 -0.000812623 -0.0116107 -0.400718 0.00084578 1 0.00289841 -0.42241 0.0116119 -0.00290793 0.999934 25.7623
0.999955 -0.00252708 -0.00921343 -0.444361 0.00257525 0.999987 0.00519638 -0.441665 0.00920206 -0.00522007 0.99995 27.1566
0.999946 -0.00671787 -0.0083858 -0.472663 0.00675139 0.999974 0.00403812 -0.467905 0.00836206 -0.0040944 0.999963 28.5664
0.999943 -0.00772861 -0.00739894 -0.506254 0.00774819 0.999971 0.00258736 -0.496869 0.00738063 -0.0026448 0.999976 29.9556
0.999952 -0.00885273 -0.00509553 -0.551732 0.00885656 0.999966 0.000880103 -0.526163 0.0050913 -0.000925049 0.999994 31.3348
0.999983 -0.00523735 -0.00301419 -0.587503 0.00523728 0.999993 -1.75317e-05 -0.547468 0.00301647 1.60278e-06 1.00001 32.7376
0.999992 -0.0043416 -0.00195768 -0.612271 0.0043374 0.999995 -0.00175153 -0.57094 0.00196898 0.00174311 1 34.1309
0.999996 -0.00312874 -0.000927481 -0.636171 0.00312713 1 -0.00167009 -0.590189 0.000934953 0.00166701 1.00001 35.54
0.999999 -0.00289393 -4.14251e-05 -0.661432 0.00289314 1 -0.000408966 -0.612655 4.63033e-05 0.000408951 1.00001 36.9602
1 -0.00200877 -0.000312436 -0.670774 0.00200881 1.00001 0.00063067 -0.630514 0.000313418 -0.000631471 1.00001 38.3873
1 0.000661761 -0.000619539 -0.674054 -0.000662273 1.00001 0.000671113 -0.648305 0.000623625 -0.00067062 1.00001 39.866
0.999996 0.00363582 -0.000278329 -0.685536 -0.00363587 1 0.000429781 -0.670706 0.000282205 -0.000428944 1.00001 41.3075
0.99999 0.00542794 -0.000579358 -0.688678 -0.00542847 0.999992 0.000802974 -0.693686 0.000587352 -0.000799718 1.00001 42.7825
0.999983 0.0062112 -1.81898e-05 -0.709848 -0.0062113 0.999988 0.000754116 -0.713939 2.52026e-05 -0.000754149 1.00001 44.2132
0.999992 0.00491674 -0.000536426 -0.707909 -0.00491761 0.999994 0.000486595 -0.735746 0.000542486 -0.00048385 1.00001 45.6641
0.999993 0.00397656 -0.000879909 -0.715714 -0.00397627 0.999999 0.000498265 -0.763274 0.000884526 -0.000494998 1.00001 47.1016
0.999996 0.00403004 -0.00118532 -0.732254 -0.00403061 0.999998 0.000469209 -0.780139 0.00119095 -0.000464526 1.00001 48.5214
0.999991 0.0042518 -0.0021192 -0.737406 -0.00424818 0.999997 0.00172881 -0.801726 0.0021292 -0.00171998 1.00001 49.9922
0.999987 0.00438196 -0.00416805 -0.729013 -0.00437638 0.999996 0.00163658 -0.827342 0.00417898 -0.00161835 0.999999 51.4441
0.999974 0.00486667 -0.00575291 -0.734266 -0.00485951 0.999994 0.00126473 -0.836905 0.00576166 -0.00123682 0.999995 52.907
0.999968 0.00509256 -0.00684411 -0.749729 -0.00508204 0.999992 0.0017428 -0.853586 0.00685679 -0.00170796 0.999984 54.357
0.999969 0.00384553 -0.00722467 -0.767215 -0.0038289 0.999997 0.00232442 -0.873238 0.00723635 -0.00229678 0.999983 55.826
0.999975 0.00212142 -0.00735797 -0.785323 -0.00210499 1 0.00243496 -0.894925 0.00736707 -0.0024194 0.999979 57.2831
0.99997 -0.000345291 -0.00805177 -0.801855 0.000361062 1 0.00198127 -0.917201 0.00805403 -0.00198416 0.999978 58.7303
0.999981 -0.00143893 -0.00670162 -0.839429 0.0014548 1 0.00257106 -0.943178 0.00670219 -0.00258068 0.999983 60.1746
0.999985 -0.0033459 -0.00492268 -0.872764 0.00336757 0.999991 0.00445697 -0.974608 0.00491071 -0.00447344 0.999992 61.6224
0.999979 -0.00561093 -0.00460119 -0.877254 0.00563848 0.999973 0.00626862 -1.00458 0.00457016 -0.00629445 0.999981 63.0792
0.999963 -0.00789319 -0.00424344 -0.865659 0.00792003 0.999957 0.00637828 -1.03194 0.00419553 -0.00641172 0.999984 64.5109
0.999951 -0.00986528 -0.00346936 -0.880239 0.00988347 0.999944 0.00564995 -1.04977 0.00341754 -0.00568399 0.99999 65.9142
0.999962 -0.00894408 -0.00186196 -0.905461 0.0089529 0.999957 0.00488641 -1.06556 0.00182071 -0.00490295 1 67.3419
0.999976 -0.0077562 -0.000811284 -0.915767 0.00775844 0.999968 0.00453098 -1.0836 0.000780108 -0.00453715 1 68.7912
0.999995 -0.00394548 0.00112006 -0.942681 0.00393887 0.999984 0.00560923 -1.10676 -0.00113983 -0.00560485 0.999998 70.1876
1 -0.000576622 0.00219498 -0.956458 0.000560679 0.999986 0.006597 -1.11771 -0.00219521 -0.00659579 0.999988 71.6826
0.999992 0.00402244 0.00289269 -0.968696 -0.00404141 0.999981 0.00645505 -1.13058 -0.00286451 -0.00646668 0.999989 73.0927
0.999954 0.00906224 0.00478309 -1.0068 -0.00908584 0.999954 0.00467385 -1.12564 -0.00473721 -0.00471695 0.99999 74.5701
0.999912 0.0124797 0.00552429 -1.01587 -0.0124994 0.999926 0.00348951 -1.13811 -0.00547826 -0.00355812 0.999992 76.0054
0.999888 0.0141695 0.00593895 -1.00789 -0.0141909 0.999899 0.00338154 -1.16546 -0.00588697 -0.0034654 0.99999 77.4335
0.999879 0.0142977 0.00681345 -1.01231 -0.01432 0.999903 0.00320845 -1.17931 -0.00676508 -0.00330539 0.999986 78.8863
0.99989 0.0136761 0.00674915 -0.994867 -0.0136917 0.999911 0.00211775 -1.19778 -0.00671639 -0.0022098 0.999989 80.2939
0.999891 0.0136134 0.00653629 -0.986827 -0.0136084 0.999918 -0.000879392 -1.19866 -0.00654601 0.000790649 0.999995 81.6833
0.999883 0.013687 0.00781562 -1.01431 -0.0136697 0.99991 -0.0023539 -1.20686 -0.00784432 0.00224718 0.999981 83.0947
0.999887 0.0123091 0.00937099 -1.0052 -0.0123004 0.999937 -0.00100811 -1.25782 -0.00938158 0.000893068 0.999975 84.4208
0.999887 0.0124653 0.00916048 -1.02219 -0.0124432 0.999926 -0.00252999 -1.27202 -0.00918923 0.00241613 0.999969 85.8775
0.999874 0.0127159 0.0102128 -1.0448 -0.0126824 0.999927 -0.00336694 -1.28957 -0.0102538 0.00323739 0.999962 87.3006
0.999859 0.0125571 0.0115268 -1.09195 -0.0125135 0.999923 -0.00388956 -1.29814 -0.0115731 0.0037453 0.999939 88.7516
0.999882 0.0103967 0.0119205 -1.07785 -0.01037 0.999955 -0.00231149 -1.34695 -0.0119432 0.00218824 0.999946 90.078
0.999894 0.00876065 0.0120156 -1.10095 -0.00872105 0.999966 -0.00338945 -1.35237 -0.0120435 0.00328482 0.999935 91.5173
0.999909 0.00683149 0.0122275 -1.09624 -0.00679002 0.999983 -0.00343463 -1.38441 -0.0122501 0.00335212 0.999939 92.8634
0.999886 0.00593178 0.0141829 -1.12852 -0.00586755 0.999982 -0.00459819 -1.4061 -0.0142087 0.00451497 0.999903 94.2386
0.999907 0.00477979 0.0134119 -1.09754 -0.00470842 0.999986 -0.00536342 -1.43699 -0.0134371 0.00530059 0.999916 95.6576
0.999884 0.00546104 0.0146483 -1.10093 -0.00536356 0.999973 -0.00671238 -1.46034 -0.0146835 0.00663362 0.999885 97.1191
0.999829 0.00528557 0.018177 -1.13953 -0.00512698 0.99996 -0.0087686 -1.47315 -0.0182225 0.00867471 0.999816 98.5155
0.999813 0.00645047 0.0185502 -1.12963 -0.00628814 0.999952 -0.00883206 -1.52564 -0.0186052 0.00871432 0.999805 99.8595
0.999792 0.00758404 0.019312 -1.12032 -0.00740945 0.999943 -0.00907253 -1.55419 -0.0193797 0.00892851 0.999791 101.247
0.999795 0.00736523 0.0192252 -1.08473 -0.00722265 0.999958 -0.0075 -1.59573 -0.0192788 0.00736026 0.999805 102.632
0.999853 0.00822642 0.0155337 -1.01236 -0.00814892 0.999965 -0.00502338 -1.65377 -0.0155745 0.00489703 0.999886 103.945
0.999871 0.00727107 0.0148138 -0.994516 -0.00716711 0.999961 -0.00708388 -1.67879 -0.0148639 0.0069775 0.999883 105.318
0.999891 0.00690555 0.0135443 -0.956985 -0.00677392 0.999942 -0.00970712 -1.7152 -0.0136105 0.00961537 0.99988 106.673
0.999863 0.00783887 0.0151551 -0.97972 -0.0076698 0.999921 -0.0112114 -1.74504 -0.015241 0.0110944 0.999841 108.015
0.99986 0.00498611 0.0163394 -0.993203 -0.00482351 0.999954 -0.00992971 -1.78431 -0.0163881 0.00985066 0.999837 109.297
0.999824 0.00350234 0.0188445 -1.00627 -0.00333795 0.999972 -0.00875215 -1.80992 -0.0188739 0.00868857 0.999804 110.699
0.999779 0.00208583 0.0212122 -1.00187 -0.00189362 0.999972 -0.009045 -1.83519 -0.0212305 0.00900393 0.999754 112.072
0.999782 0.00039992 0.0213086 -0.961795 -0.000173076 0.99996 -0.0106463 -1.87344 -0.0213114 0.0106412 0.999736 113.408
0.999735 0.00241689 0.0232776 -0.958205 -0.00212295 0.999935 -0.0126056 -1.92163 -0.0233065 0.0125538 0.999675 114.765
0.999653 0.00567907 0.0259427 -0.958429 -0.00526688 0.999879 -0.0159299 -1.94374 -0.0260294 0.0157888 0.999555 116.173
0.99956 0.00916074 0.0285149 -0.945084 -0.00870037 0.999846 -0.0162004 -1.98631 -0.0286592 0.0159462 0.999488 117.513
0.9995 0.0103987 0.0300893 -0.915619 -0.00999116 0.999876 -0.0136643 -2.03855 -0.030227 0.0133578 0.999472 118.854
0.999496 0.00952792 0.0305698 -0.868559 -0.00920471 0.999921 -0.0106676 -2.09001 -0.0306692 0.0103819 0.999501 120.211
0.999448 0.00943176 0.0320947 -0.856982 -0.00909699 0.999922 -0.0105637 -2.12263 -0.0321913 0.0102667 0.999448 121.557
0.99934 0.0108548 0.0349111 -0.838123 -0.0104193 0.999886 -0.0126095 -2.14191 -0.0350442 0.0122386 0.999337 122.915
0.999236 0.013429 0.0368929 -0.81087 -0.0129084 0.999834 -0.0143171 -2.1675 -0.0370784 0.0138307 0.999236 124.267
0.999089 0.0162027 0.0397196 -0.801389 -0.0155616 0.999766 -0.0163752 -2.18806 -0.0399757 0.0157435 0.999102 125.623
0.999005 0.0174905 0.0412202 -0.734682 -0.0167886 0.999729 -0.0173136 -2.24541 -0.0415116 0.0166052 0.999019 126.944
0.998935 0.018262 0.0425867 -0.682693 -0.0175159 0.999709 -0.0178063 -2.29821 -0.0428999 0.0170428 0.998958 128.302
0.998913 0.0165854 0.0437781 -0.617665 -0.0158473 0.999748 -0.0171509 -2.36114 -0.0440516 0.0164394 0.998914 129.628
0.998838 0.0171379 0.0452501 -0.582932 -0.0163817 0.999741 -0.0170113 -2.39654 -0.0455307 0.0162516 0.998855 130.986
0.998759 0.0159937 0.0473534 -0.545409 -0.0152141 0.999764 -0.0167749 -2.43584 -0.0476106 0.0160345 0.998758 132.34
0.998761 0.0148072 0.0477201 -0.482245 -0.0140566 0.999794 -0.0160021 -2.48955 -0.0479481 0.0153129 0.998757 133.701
0.998803 0.0120927 0.0475765 -0.419061 -0.0113649 0.999836 -0.0155328 -2.53905 -0.0477567 0.0149744 0.998768 135.067
0.998841 0.0104224 0.0472054 -0.35151 -0.00975128 0.99987 -0.0143992 -2.59001 -0.0473501 0.0139236 0.998806 136.443
0.998866 0.00847559 0.0470396 -0.302708 -0.00778186 0.99988 -0.0149036 -2.62673 -0.0471606 0.0145215 0.998804 137.856
0.998838 0.00751255 0.0478084 -0.270795 -0.00678442 0.99988 -0.0153479 -2.6699 -0.0479188 0.0150072 0.998764 139.212
0.998846 0.00665034 0.0477625 -0.228251 -0.00597724 0.999902 -0.0142147 -2.7177 -0.0478527 0.0139137 0.998779 140.585
0.998867 0.00491 0.0475648 -0.184096 -0.00424722 0.999913 -0.0139992 -2.76155 -0.0476303 0.0137829 0.998795 141.964
0.998884 0.00472607 0.0471772 -0.139996 -0.00406191 0.999913 -0.0141549 -2.80679 -0.0472404 0.0139484 0.998808 143.343
0.998885 0.00459469 0.0471978 -0.0965037 -0.00388597 0.999898 -0.0150708 -2.84674 -0.0472631 0.0148721 0.998797 144.744
0.998816 0.00465793 0.0486114 -0.0749881 -0.00389189 0.999888 -0.0158354 -2.8845 -0.04868 0.0156283 0.998715 146.124
0.998801 0.00268449 0.0490822 -0.0362975 -0.00177005 0.999844 -0.01864 -2.92527 -0.0491254 0.0185324 0.998646 147.506
0.998796 -0.00270226 0.0491878 0.0120844 0.00367724 0.99982 -0.0197338 -2.96054 -0.049126 0.0198918 0.998618 148.895
0.998788 -0.0104413 0.0483215 0.0808977 0.0112983 0.999804 -0.0174661 -3.01183 -0.0481303 0.0179924 0.998708 150.232
0.998722 -0.0166298 0.0479326 0.126439 0.0174437 0.999732 -0.0166011 -3.05155 -0.0476439 0.0174168 0.998738 151.603
0.998687 -0.0199189 0.0474342 0.189096 0.020886 0.999603 -0.0199503 -3.09865 -0.0470185 0.0209163 0.998705 152.985
0.998652 -0.0192142 0.0484465 0.233702 0.0203291 0.99956 -0.0226165 -3.15749 -0.0479906 0.0235714 0.998596 154.321
0.998644 -0.016445 0.0496106 0.290683 0.0176526 0.999577 -0.0239714 -3.22287 -0.0491959 0.0248161 0.998511 155.704
0.998611 -0.0170635 0.0500695 0.36097 0.0182777 0.99957 -0.0238829 -3.27981 -0.0496404 0.0247653 0.998487 157.09
0.998466 -0.0205607 0.0516248 0.40498 0.0216699 0.999565 -0.0209874 -3.32867 -0.0511712 0.0220753 0.998478 158.426
0.998335 -0.0264967 0.0514615 0.494852 0.0274734 0.999477 -0.0183556 -3.37993 -0.0509481 0.0197392 0.998534 159.817
0.998248 -0.0303543 0.0509976 0.569934 0.0312614 0.999386 -0.0170509 -3.42798 -0.0504491 0.0186167 0.998585 161.17
0.998131 -0.0315493 0.0525414 0.605953 0.0324934 0.999347 -0.0172009 -3.47277 -0.0519643 0.0188764 0.998498 162.517
0.998083 -0.0294537 0.0546592 0.654629 0.0304143 0.999418 -0.0167961 -3.51552 -0.0541331 0.0184277 0.998397 163.888
0.998084 -0.0257108 0.0564874 0.708908 0.0267186 0.999519 -0.0171469 -3.56773 -0.0560192 0.0186237 0.998285 165.255
0.998034 -0.0219999 0.0588924 0.75912 0.0232025 0.999557 -0.0197917 -3.61215 -0.0584312 0.0211205 0.998102 166.616
0.997992 -0.0189712 0.0606309 0.805137 0.020238 0.999612 -0.0203404 -3.65896 -0.0602212 0.0215269 0.997981 167.971
0.997786 -0.0176809 0.064302 0.834531 0.0189495 0.999659 -0.019148 -3.70661 -0.0639421 0.0203255 0.99778 169.338
0.997724 -0.0158141 0.0657333 0.885647 0.017139 0.999684 -0.0196343 -3.75035 -0.0654018 0.0207166 0.997672 170.71
0.997703 -0.0139806 0.0664845 0.958003 0.0154732 0.999663 -0.0219673 -3.80425 -0.0661555 0.0229469 0.99758 172.107
0.997766 -0.0105978 0.0661562 1.03257 0.0122072 0.999663 -0.0239655 -3.86556 -0.0658799 0.0247198 0.997551 173.48
0.997757 -0.00578879 0.0668951 1.10108 0.00746675 0.999689 -0.0248366 -3.92621 -0.0667315 0.0252817 0.997485 174.869
0.997668 -0.000609791 0.0684441 1.15617 0.00222277 0.999746 -0.023491 -3.98271 -0.0684124 0.0235886 0.997408 176.23
0.997653 0.00284179 0.0686433 1.24898 -0.00140484 0.999807 -0.0209463 -4.04885 -0.0686907 0.0208021 0.997455 177.655
0.997439 0.00440123 0.0715903 1.28848 -0.0030726 0.999851 -0.0186598 -4.09749 -0.0716611 0.0183922 0.997295 179.018
0.997465 0.00147279 0.0713639 1.37681 -0.000188355 0.999866 -0.0179764 -4.14277 -0.0713817 0.0179187 0.997323 180.412
0.997585 -0.00131613 0.0696642 1.47322 0.00252342 0.999878 -0.0172454 -4.19824 -0.0696324 0.0173797 0.997457 181.82
0.997614 -0.00126097 0.0692424 1.54914 0.00274438 0.999798 -0.0213067 -4.25107 -0.0692024 0.0214472 0.997408 183.235
0.997559 0.000948468 0.0700654 1.60655 0.000896033 0.999688 -0.0262902 -4.29723 -0.0700673 0.0262889 0.997235 184.634
0.997481 0.00499748 0.0709893 1.67819 -0.00311485 0.999671 -0.0265807 -4.35636 -0.0710999 0.0262938 0.997158 186.052
0.997491 0.00825585 0.0705487 1.76951 -0.00647486 0.99969 -0.0254375 -4.41737 -0.0707356 0.0249169 0.997224 187.432
0.997362 0.00999219 0.0721459 1.83672 -0.00845264 0.999761 -0.0215904 -4.47826 -0.0723455 0.0209248 0.997198 188.82
0.99721 0.0103523 0.0741486 1.9074 -0.00894787 0.99981 -0.0192497 -4.5365 -0.0743324 0.0185327 0.997102 190.204
0.997145 0.00940683 0.0751648 1.99242 -0.00809019 0.99984 -0.0177789 -4.59521 -0.075321 0.0171212 0.997051 191.584
0.997131 0.00711323 0.0755791 2.09356 -0.00586762 0.999878 -0.0166885 -4.64915 -0.0756874 0.0161974 0.99704 193.041
0.997109 0.00435443 0.076114 2.18857 -0.00313143 0.999896 -0.0161553 -4.70213 -0.0761775 0.0158715 0.997007 194.479
0.997044 0.00133745 0.0770408 2.28454 -0.000124715 0.99991 -0.0157418 -4.7532 -0.0770538 0.0156859 0.996944 195.93
0.996983 -0.00138049 0.0778477 2.3908 0.00255273 0.999917 -0.0149372 -4.7938 -0.0778213 0.0150921 0.996893 197.4
0.996874 -0.00626436 0.0789864 2.48941 0.00736284 0.999916 -0.0136237 -4.83835 -0.0788929 0.0141629 0.996824 198.826
0.996787 -0.00828966 0.0799015 2.59665 0.00946377 0.999885 -0.0143035 -4.87456 -0.0797743 0.0150148 0.99674 200.283
0.996806 -0.00588826 0.0798643 2.7048 0.00741244 0.999832 -0.0188027 -4.91815 -0.0797387 0.0193349 0.996669 201.728
0.99677 0.00253537 0.0805086 2.79842 -0.000591834 0.99974 -0.0241343 -4.96476 -0.0805493 0.0240097 0.996502 203.169
0.996666 0.0108744 0.081105 2.89971 -0.00895059 0.999709 -0.0240505 -5.02234 -0.0813409 0.0232446 0.996458 204.604
0.996388 0.0182657 0.0831685 2.98105 -0.0166276 0.999688 -0.0203314 -5.07727 -0.0835141 0.0188763 0.99637 206.051
0.996266 0.0189271 0.0844862 3.08239 -0.0174465 0.999717 -0.0182379 -5.12582 -0.0848055 0.016696 0.996302 207.5
0.996281 0.0173895 0.084629 3.19598 -0.0159257 0.999746 -0.0179247 -5.17217 -0.0849193 0.0165114 0.996293 208.987
0.996276 0.0138893 0.0853365 3.2671 -0.0124107 0.9998 -0.0178411 -5.22278 -0.0855652 0.0167159 0.996236 210.419
0.996305 0.0115224 0.0853457 3.37231 -0.0100308 0.999824 -0.0178676 -5.27833 -0.0855366 0.0169465 0.996234 211.895
0.996218 0.0121258 0.0862819 3.46624 -0.0105985 0.999814 -0.0181455 -5.33546 -0.0864839 0.0171626 0.996148 213.362
0.995915 0.013536 0.0894976 3.52704 -0.0120097 0.999809 -0.0175538 -5.38938 -0.0897174 0.0164081 0.995876 214.822
0.995821 0.013974 0.090477 3.63408 -0.0125701 0.999826 -0.0160738 -5.44893 -0.0906838 0.0148696 0.995811 216.302
0.995803 0.0132512 0.090777 3.75865 -0.0118408 0.999836 -0.016042 -5.50539 -0.090974 0.0149007 0.995785 217.804
0.99587 0.0124163 0.090152 3.90113 -0.0109385 0.999832 -0.0168732 -5.55436 -0.0903441 0.0158177 0.995828 219.321
0.995954 0.011458 0.0893516 4.02948 -0.00998576 0.999842 -0.0168906 -5.60641 -0.08953 0.0159311 0.9959 220.796
0.996011 0.0108336 0.0887808 4.15845 -0.0094467 0.999862 -0.0160334 -5.66872 -0.0889397 0.0151312 0.995966 222.286
0.996063 0.0109211 0.0881882 4.28892 -0.00959571 0.99987 -0.0154236 -5.73218 -0.0883438 0.0145178 0.996028 223.788
0.996053 0.0107632 0.0883217 4.39312 -0.0094231 0.999869 -0.0155817 -5.77972 -0.0884751 0.0146883 0.996014 225.247
0.996157 0.0113168 0.0870687 4.53559 -0.0100237 0.999868 -0.0152575 -5.83812 -0.0872284 0.0143272 0.99613 226.756
0.996251 0.0108528 0.0860511 4.67964 -0.00959388 0.999876 -0.0150332 -5.89379 -0.0862007 0.0141515 0.996222 228.311
0.996312 0.0106336 0.085365 4.80534 -0.00938453 0.999878 -0.0150026 -5.94181 -0.0855125 0.0141473 0.996281 229.809
0.9964 0.00964849 0.0844581 4.94364 -0.00841652 0.999888 -0.0149347 -5.99329 -0.0845898 0.0141703 0.99636 231.334
0.996392 0.00822538 0.0847003 5.06598 -0.00697077 0.999897 -0.0150798 -6.03839 -0.084814 0.0144361 0.996337 232.861
0.99637 0.00737029 0.0850455 5.17848 -0.00611787 0.999904 -0.0149819 -6.08096 -0.0851449 0.0144074 0.996309 234.38
0.996268 0.00592983 0.0863347 5.27106 -0.00469725 0.999919 -0.0144554 -6.11953 -0.0864117 0.013997 0.996206 235.889
0.996237 0.00600128 0.0866927 5.39044 -0.00479965 0.999924 -0.0140678 -6.16768 -0.0867675 0.0135989 0.99618 237.422
0.996217 0.00667405 0.0868752 5.52486 -0.00542453 0.999914 -0.0145977 -6.21427 -0.0869635 0.0140722 0.996158 238.964
0.995952 0.00813511 0.0897419 5.60512 -0.00668482 0.999878 -0.0164527 -6.24706 -0.0898619 0.0157865 0.995874 240.459
0.995793 0.00943493 0.0913693 5.72507 -0.00800149 0.999874 -0.0160288 -6.29201 -0.0915078 0.0152312 0.995734 241.994
0.995619 0.0093788 0.0932627 5.84635 -0.00809537 0.999903 -0.0141339 -6.3386 -0.0933834 0.0133173 0.995588 243.495
0.995375 0.00910039 0.095882 5.96557 -0.00784229 0.999914 -0.013476 -6.39054 -0.0959952 0.0126626 0.995352 244.948
0.995224 0.00980417 0.0973398 6.08751 -0.00834447 0.999884 -0.0153985 -6.43382 -0.0974767 0.0145129 0.995178 246.496
0.995136 0.0102109 0.0982333 6.22834 -0.00861666 0.99986 -0.0166265 -6.48409 -0.0983881 0.0156999 0.995076 248.018
0.995198 0.0106033 0.0975199 6.3958 -0.00911527 0.999872 -0.0156986 -6.54733 -0.097671 0.0147345 0.995156 249.592
0.995308 0.0101958 0.0964737 6.57165 -0.00887105 0.999896 -0.0141369 -6.6081 -0.0966066 0.0132154 0.995287 251.144
0.995384 0.0100242 0.0956635 6.7279 -0.00875925 0.999904 -0.013641 -6.6601 -0.0957885 0.0127402 0.995367 252.716
0.995382 0.0102704 0.0956979 6.86332 -0.00905145 0.999908 -0.0131491 -6.71549 -0.095823 0.0122227 0.995376 254.258
0.995309 0.0117299 0.0962478 6.99698 -0.010522 0.999895 -0.0130544 -6.75998 -0.0963882 0.0119804 0.995319 255.837
0.99526 0.0127213 0.0966575 7.13019 -0.0114979 0.999883 -0.0131894 -6.80216 -0.0968127 0.0120161 0.995283 257.371
0.995277 0.0126089 0.0964608 7.27434 -0.0114302 0.999889 -0.0127697 -6.8527 -0.0966085 0.0116068 0.995302 258.921
0.995255 0.0109898 0.0969225 7.40865 -0.0098406 0.999912 -0.0123123 -6.90403 -0.0970483 0.0113005 0.995268 260.456
0.995317 0.00888062 0.0964693 7.56682 -0.00786418 0.999945 -0.0109196 -6.96133 -0.0965584 0.0101098 0.995323 262.043
0.99529 0.00671442 0.0969407 7.71213 -0.00570427 0.999963 -0.0106797 -6.99838 -0.0970081 0.0100766 0.995286 263.589
0.995347 0.00535288 0.0964238 7.86609 -0.00423791 0.999958 -0.0117722 -7.0357 -0.09648 0.0113088 0.995319 265.149
0.995375 0.00431736 0.0961982 8.01366 -0.00307078 0.999946 -0.013088 -7.07707 -0.0962487 0.0127324 0.995329 266.705
0.995034 0.000856085 0.0997224 8.0972 0.000182494 0.999983 -0.0104138 -7.12719 -0.0997262 0.0103801 0.995011 268.236
0.995017 -0.00152994 0.0999051 8.25288 0.00238041 0.999997 -0.00838197 -7.17775 -0.0998915 0.00857823 0.995014 269.806
0.995215 -0.00223528 0.097897 8.44183 0.0031223 0.999992 -0.00891836 -7.22846 -0.097873 0.00918114 0.995209 271.422
0.995555 -0.00237692 0.0943744 8.66311 0.00325072 0.999988 -0.00909429 -7.2846 -0.0943513 0.00936074 0.995548 273.063
0.995326 -0.00213151 0.0967541 8.77659 0.00299065 0.999992 -0.00874854 -7.32987 -0.0967317 0.00899662 0.995322 274.584
0.995398 -0.000490039 0.0960543 8.95334 0.00128966 1 -0.00825303 -7.37897 -0.09605 0.0083391 0.995394 276.176
0.995357 -0.000293767 0.0964643 9.09936 0.000992115 1.00001 -0.00720472 -7.43364 -0.0964602 0.00726646 0.995363 277.729
0.995199 -0.00120656 0.0981035 9.23834 0.00175038 1.00002 -0.00545019 -7.49209 -0.0980985 0.00559579 0.995214 279.282
0.995102 0.00111853 0.0990541 9.38212 -0.000433362 1.00001 -0.00695159 -7.51871 -0.09906 0.00687405 0.995111 280.832
0.994955 0.00138608 0.100557 9.5219 -0.000623528 1.00001 -0.00760881 -7.55573 -0.100568 0.00750769 0.994957 282.364
0.994778 -0.000624054 0.102272 9.65147 0.00140823 1 -0.00760714 -7.59934 -0.102265 0.00771096 0.994781 283.971
0.994363 -0.00199823 0.106306 9.78828 0.00266031 1.00001 -0.00608388 -7.65388 -0.106296 0.00633214 0.994376 285.459
0.994303 -0.00418593 0.10671 9.94958 0.00467744 1.00002 -0.00436454 -7.69315 -0.106691 0.00483828 0.994334 287.09
0.994268 -0.00440071 0.107128 10.1109 0.00492754 1.00001 -0.00465168 -7.72211 -0.10711 0.00515253 0.994296 288.708
0.99421 -0.00546391 0.107517 10.264 0.00626905 0.999991 -0.00716114 -7.75192 -0.107475 0.00779316 0.994231 290.263
0.994239 -0.00634005 0.107306 10.4315 0.00741463 0.999963 -0.0096172 -7.78602 -0.107242 0.0103569 0.994242 291.838
0.99426 -0.00648889 0.106995 10.5915 0.00754633 0.999963 -0.00949026 -7.82372 -0.106928 0.0102427 0.994267 293.41
0.994328 -0.00661086 0.106468 10.753 0.00782605 0.999947 -0.0109992 -7.84296 -0.106391 0.0117694 0.994318 294.986
0.994262 -0.00530968 0.107032 10.8974 0.00668666 0.999935 -0.0125251 -7.87917 -0.106957 0.0131682 0.994232 296.553
0.994231 -0.00562385 0.10743 11.054 0.00711349 0.999921 -0.0134877 -7.91032 -0.107347 0.0141733 0.994186 298.142
0.994283 -0.00559333 0.106826 11.2206 0.00702768 0.999927 -0.0130721 -7.95895 -0.106743 0.0137472 0.994247 299.783
0.994394 -0.00635788 0.105877 11.3853 0.00775375 0.999925 -0.0127771 -8.00757 -0.105789 0.0135257 0.994363 301.391
0.99449 -0.00667339 0.104811 11.5596 0.00795122 0.999935 -0.0117955 -8.04704 -0.104724 0.012563 0.994478 302.977
0.99453 -0.00505407 0.104666 11.7177 0.00620888 0.99996 -0.010711 -8.08864 -0.104609 0.0113015 0.994515 304.574
0.994484 -0.00477857 0.104972 11.8867 0.00594819 0.99996 -0.0108512 -8.12965 -0.104915 0.0114149 0.994472 306.213
0.994494 -0.00530454 0.104991 12.0638 0.00652147 0.999952 -0.0112508 -8.1669 -0.104927 0.0118729 0.994475 307.854
0.994457 -0.00667485 0.105129 12.2386 0.00793156 0.999939 -0.0115608 -8.206 -0.105045 0.0123296 0.994448 309.472
0.994447 -0.00829401 0.10524 12.4125 0.00968488 0.999909 -0.0127116 -8.24196 -0.105127 0.0136595 0.994429 311.094
0.994413 -0.0102035 0.10526 12.5815 0.0118768 0.999849 -0.0153029 -8.27956 -0.105087 0.0164666 0.994383 312.709
0.994467 -0.0106976 0.104842 12.7454 0.0125004 0.999822 -0.0165543 -8.32596 -0.104648 0.0177725 0.994413 314.316
0.99481 -0.0106795 0.101387 12.9147 0.0124763 0.999812 -0.0171273 -8.38512 -0.101184 0.0183024 0.994756 315.883
0.995111 -0.00954605 0.0986655 13.0905 0.0112075 0.999843 -0.0163017 -8.4389 -0.0984958 0.0173269 0.995051 317.549
0.995241 -0.00871068 0.0972691 13.2648 0.0099832 0.999908 -0.0126264 -8.49923 -0.0971491 0.0135364 0.995233 319.2
0.995172 -0.0104621 0.0979597 13.4134 0.0113874 0.999936 -0.00889489 -8.55647 -0.0978615 0.00996668 0.995216 320.879
0.995106 -0.0109069 0.0984276 13.5426 0.0117062 0.99994 -0.00756812 -8.60164 -0.0983379 0.00868226 0.995171 322.514
0.995055 -0.011355 0.0990476 13.687 0.0122074 0.999933 -0.00800738 -8.65083 -0.0989512 0.00917614 0.995115 324.145
0.995145 -0.0130722 0.0977694 13.8592 0.0139379 0.999908 -0.00819588 -8.68954 -0.0976515 0.00951766 0.995233 325.751
0.99539 -0.0131655 0.0954001 14.0378 0.013892 0.999919 -0.00695856 -8.7469 -0.0953018 0.00825096 0.995482 327.36
0.995344 -0.0132886 0.0956934 14.1973 0.0140643 0.999912 -0.00745423 -8.77993 -0.0955837 0.00876423 0.995442 329.048
0.99526 -0.0106152 0.0970806 14.3154 0.0115096 0.999937 -0.00866145 -8.81536 -0.0969835 0.00973685 0.995307 330.697
0.995203 -0.0096062 0.0975826 14.4614 0.0105971 0.999936 -0.00965894 -8.85011 -0.0974814 0.0106455 0.995239 332.335
0.9952 -0.0113436 0.0976072 14.6389 0.0121894 0.999934 -0.00807681 -8.89723 -0.0975097 0.00922692 0.995261 334.01
0.995027 -0.0123579 0.09907 14.7651 0.0130954 0.999931 -0.00681344 -8.94287 -0.0989765 0.00807565 0.995117 335.635
0.994941 -0.0136572 0.0999404 14.9133 0.0144733 0.99991 -0.00744693 -8.99003 -0.09983 0.00885479 0.995036 337.279
0.995065 -0.0127309 0.0986521 15.0829 0.0134911 0.999923 -0.00705755 -9.03294 -0.0985524 0.00835237 0.995156 338.918
0.995179 -0.0111473 0.0978534 15.2413 0.0120716 0.99993 -0.00886031 -9.07903 -0.0977482 0.00999788 0.995233 340.551
0.995286 -0.00971843 0.0967596 15.3961 0.0109026 0.999911 -0.0117321 -9.12185 -0.0966346 0.0127306 0.995299 342.177
0.99534 -0.00836078 0.0964843 15.5388 0.00952361 0.999929 -0.0115999 -9.1617 -0.0963808 0.0124637 0.995339 343.805
0.995174 -0.00816924 0.0980532 15.664 0.00911637 0.999958 -0.00922703 -9.2013 -0.0979712 0.0100753 0.995202 345.429
0.99546 -0.00735252 0.0953315 15.8182 0.00798364 0.999991 -0.00624217 -9.24119 -0.095285 0.00697411 0.995497 347.04
0.995683 -0.00704961 0.0928424 15.9771 0.00784467 0.999978 -0.00821352 -9.26719 -0.0927798 0.00890535 0.995712 348.678
0.995893 -0.00781071 0.0906615 16.1256 0.00877112 0.999951 -0.0101987 -9.3026 -0.0905779 0.0109515 0.995902 350.288
0.996029 -0.0102081 0.0887191 16.2721 0.011135 0.999932 -0.00996982 -9.33893 -0.0886085 0.0109171 0.996072 351.858
0.996053 -0.0112685 0.0885153 16.3959 0.0122389 0.999912 -0.0104262 -9.37451 -0.0883906 0.0114677 0.996094 353.478
0.996033 -0.0117898 0.0884793 16.5309 0.0128616 0.999894 -0.0115644 -9.41627 -0.088331 0.0126555 0.996077 355.119
0.996056 -0.0113585 0.0884691 16.6638 0.0126311 0.999866 -0.0138354 -9.44956 -0.0883007 0.0148976 0.996056 356.744
0.996052 -0.0117114 0.088286 16.7973 0.0130247 0.999856 -0.0143262 -9.49716 -0.088103 0.0154185 0.996058 358.352
0.996061 -0.0126677 0.0882356 16.9408 0.0140386 0.999832 -0.0149292 -9.54328 -0.0880322 0.0161084 0.996061 359.972
0.996063 -0.0121629 0.0880956 17.0788 0.0136776 0.99981 -0.0166214 -9.58257 -0.0878744 0.01776 0.996038 361.58
0.99607 -0.0124073 0.0881646 17.2135 0.0140024 0.999791 -0.0174928 -9.63954 -0.0879297 0.0186577 0.996026 363.205
0.996064 -0.0136291 0.0878678 17.3577 0.0152078 0.999776 -0.0173326 -9.6957 -0.0876096 0.0185998 0.996046 364.805
0.996092 -0.0132973 0.0877885 17.5004 0.0149588 0.999763 -0.018293 -9.75141 -0.0875249 0.0195339 0.996046 366.435
0.996088 -0.0150618 0.0873736 17.6408 0.016833 0.999709 -0.019579 -9.80642 -0.087051 0.0209722 0.996049 368.034
0.996046 -0.0174568 0.0875705 17.7773 0.0190925 0.9997 -0.0178733 -9.86214 -0.0872325 0.0194736 0.996074 369.68
0.995936 -0.0190189 0.0883225 17.8989 0.0206383 0.999677 -0.0174657 -9.91216 -0.0879594 0.0192166 0.996005 371.307
0.995827 -0.0185784 0.0898084 18.0019 0.0203755 0.999653 -0.0191333 -9.95879 -0.0894222 0.0208824 0.995852 372.886
0.995798 -0.018439 0.0899955 18.1429 0.0202347 0.999655 -0.0190911 -10.0201 -0.0896102 0.0208309 0.995826 374.468
0.995832 -0.017168 0.0900263 18.2886 0.0189106 0.999693 -0.0185376 -10.0739 -0.0896808 0.0201619 0.995844 376.116
0.995713 -0.0158929 0.0914204 18.4069 0.0176463 0.999717 -0.0184119 -10.1248 -0.0910997 0.0199451 0.995709 377.734
0.995629 -0.0151016 0.0926132 18.5301 0.0169388 0.999718 -0.019081 -10.1731 -0.0922994 0.0205654 0.995596 379.349
0.995558 -0.015304 0.0931971 18.6594 0.0172365 0.999694 -0.0199736 -10.2315 -0.0928607 0.0214902 0.995514 380.957
0.995454 -0.0152126 0.0944642 18.7815 0.0171912 0.999692 -0.0201651 -10.2909 -0.094129 0.0216964 0.995401 382.558
0.995375 -0.0144242 0.095277 18.9343 0.0164568 0.999696 -0.0205907 -10.3498 -0.0949486 0.0220623 0.995306 384.201
0.995401 -0.0121741 0.0954639 19.0899 0.0142567 0.999717 -0.0211636 -10.4026 -0.0951801 0.0224261 0.995285 385.837
0.995261 -0.0108691 0.0969307 19.2248 0.0128287 0.999768 -0.0196229 -10.4755 -0.0966927 0.0207723 0.995167 387.446
0.995262 -0.0101261 0.0971438 19.3838 0.012109 0.999772 -0.0198444 -10.5369 -0.0969218 0.0209254 0.995149 389.058
0.995185 -0.00831585 0.0979675 19.5339 0.0104059 0.999773 -0.0208474 -10.5921 -0.0977699 0.0217654 0.995042 390.682
0.995189 -0.00689504 0.0981779 19.691 0.00911312 0.999757 -0.0221619 -10.6345 -0.0980024 0.0229488 0.995 392.317
0.99527 -0.00668192 0.0972453 19.8592 0.00872832 0.999793 -0.0206415 -10.7035 -0.0970854 0.0213915 0.995118 393.896
0.995293 -0.00519301 0.0972195 20.0103 0.00726909 0.999799 -0.0210104 -10.7539 -0.0970922 0.0216172 0.99512 395.562
0.995212 -0.00443727 0.0979689 20.1559 0.00658049 0.99979 -0.0215728 -10.8144 -0.0978509 0.022113 0.995027 397.199
0.995289 -0.004307 0.097305 20.326 0.00642802 0.999793 -0.0214926 -10.8743 -0.0971938 0.0220158 0.995102 398.838
