0.999998 -0.00113335 -0.00180891 -0.00446453 0.00113248 1 -0.000510793 -0.00748209 0.00180951 0.000508694 0.999998 0.562878
1 -0.000702546 -0.000486031 -0.00439075 0.000702344 0.999999 -0.000320169 0.000636287 0.000486201 0.000319872 1 0.559354
0.999997 -0.000622779 -0.00212018 -0.00691829 0.00061978 0.999999 -0.00144375 0.000621949 0.00212114 0.00144239 0.999996 0.560385
0.999998 -0.00131083 -0.00191295 0.00263041 0.00130902 0.999998 -0.000923186 -0.00477485 0.00191407 0.000920705 0.999998 0.558111
0.999998 -0.00193744 -0.00074266 0.00197712 0.00193666 0.999998 -0.00114122 -0.014083 0.000744981 0.00113974 0.999999 0.559102
0.999998 -0.0011623 -0.0017788 -0.00255146 0.0011616 0.999999 -0.000348941 -0.00876627 0.00177914 0.000346965 0.999999 0.578776
1 0.000410983 0.000159744 0.0012535 -0.000410898 1 -5.70027e-05 -0.0121819 -0.000159712 5.68992e-05 0.999999 0.567831
1 8.44584e-05 -0.00101542 -0.00723935 -8.52413e-05 0.999999 -0.000701393 -0.015924 0.00101532 0.000701537 1 0.583424
1 0.000557107 0.000194493 -0.000597383 -0.000556762 0.999999 -0.00157633 -0.00769195 -0.000195393 0.00157615 0.999998 0.588585
1 0.000559505 -0.00079534 -0.00561304 -0.000562288 0.999993 -0.00343044 -0.00536588 0.000793467 0.00343098 0.999994 0.598024
1 0.000729871 -0.000235887 -0.0120861 -0.000730505 0.999996 -0.00289674 -0.00617037 0.000233723 0.00289684 0.999995 0.602621
0.999999 0.00150335 0.000407458 -0.00303928 -0.00150367 0.999998 0.000737668 -0.00941624 -0.000406275 -0.000738211 1 0.611424
0.999997 0.0013651 -0.00168281 -0.00802066 -0.0013548 0.999981 0.00606956 0.00758542 0.00169096 -0.00606739 0.99998 0.664273
1 0.000447254 0.000292926 -0.00403737 -0.00045008 0.999951 0.00981742 0.00418599 -0.000288399 -0.00981745 0.999953 0.661909
0.999999 0.000709847 -0.00101946 -0.0206557 -0.000702782 0.999976 0.00692438 -0.0102326 0.00102425 -0.00692376 0.999975 0.681234
1 0.000614689 -0.000450687 -0.0053478 -0.000615256 0.999999 -0.00129039 -0.0258388 0.000449979 0.00129077 1 0.680578
0.999993 0.003517 0.000260078 -0.00146039 -0.00351531 0.999974 -0.00633325 -0.0175636 -0.000282429 0.00633221 0.999979 0.679227
1 0.000478844 -0.00116358 -0.00297121 -0.000485693 0.999983 -0.00591027 -0.0189664 0.00116067 0.00591096 0.999984 0.727348
0.999998 -0.00130988 -0.000150391 0.00392797 0.00131005 0.999998 0.00109398 -0.0120429 0.000149001 -0.00109438 0.999998 0.718858
0.999999 -0.00189365 -0.000620375 -0.0135618 0.0018992 0.999957 0.0091546 0.000390257 0.000602954 -0.00915554 0.99996 0.779928
0.999998 -0.00118941 0.000993649 0.00895935 0.00118357 0.99998 0.00603613 -0.00875583 -0.00100077 -0.00603505 0.99998 0.775167
1 -0.000194662 -0.000762414 -0.00337309 0.000196593 0.999997 0.00285281 -0.012041 0.000761708 -0.00285288 0.999997 0.807149
0.999996 -0.00225689 0.000287244 -0.00383082 0.0022572 0.999996 -0.000351869 -0.0153409 -0.000286347 0.000352411 0.999998 0.810713
0.999999 0.00066932 0.00183935 0.0131105 -0.000664764 0.999998 -0.00254305 -0.0272362 -0.00184116 0.002542 0.999997 0.805353
0.999998 0.00141218 -3.63051e-05 -0.00351291 -0.00141216 0.999992 -0.00337569 0.0169314 3.16915e-05 0.00337556 0.999993 0.867194
0.999996 -0.00193273 0.00250058 0.0135903 0.00194261 0.999992 -0.00402549 -0.0158222 -0.00249304 0.00403045 0.999991 0.85022
0.999996 -0.00263382 0.000193008 -0.00473505 0.00263524 0.999977 -0.00594499 -0.0196955 -0.000177084 0.0059452 0.999981 0.886861
0.999997 0.00161836 0.00249459 0.0131576 -0.0016058 0.999987 -0.00514938 -0.0175417 -0.00250317 0.00514567 0.999986 0.879323
0.999999 0.000756008 0.000161161 0.000638767 -0.000755533 0.999997 -0.000901541 0.00393219 -0.000161524 0.000901121 0.999998 0.925735
1 -6.0523e-05 0.00057276 -0.00105741 6.01736e-05 1 -1.12845e-06 0.00473379 -0.000573047 1.48354e-06 1 0.930438
0.999996 0.000775199 0.0023276 0.00557003 -0.000773558 0.999998 -0.000564025 -0.00694091 -0.00232774 0.000561893 0.999996 0.925238
0.999994 0.00355646 -0.000448437 -0.00570903 -0.00355765 0.999993 -0.00193809 -0.0182449 0.000441217 0.00194002 0.999999 0.954962
0.999991 0.00388423 0.00174325 -0.000706468 -0.00388113 0.99999 -0.00156571 -0.0024182 -0.00174896 0.00155855 0.999996 0.956137
0.999996 0.00278133 -0.000177861 -0.00766366 -0.00278168 0.999998 0.000252645 -0.0188475 0.000178174 -0.000251669 1 0.977535
0.999998 0.0011004 0.00158498 -0.00105263 -0.00110175 0.999997 0.0010669 -0.0017021 -0.00158341 -0.00106909 0.999996 0.987581
1 -0.000144632 -0.000109144 -0.00387872 0.000144347 1 0.000520164 -0.00589535 0.000108618 -0.000519704 1 0.979908
1 0.000466506 -0.000267028 -0.00738021 -0.000465949 0.999998 0.000893449 -0.00981925 0.000267916 -0.000893829 0.999998 1.00215
1 -0.000206709 0.000333701 -0.00917426 0.000205863 1 0.00152395 -0.00494258 -0.000334441 -0.00152336 1 1.01
1 -0.000172626 -0.000502365 -0.0111184 0.000173587 0.999998 0.0012657 0.00371544 0.000502614 -0.00126629 0.999997 1.01621
0.999999 -0.00120712 0.000933469 -0.0142662 0.00120774 1 -0.00106316 0.00508614 -0.000932665 0.00106485 1 1.02667
0.999998 0.00185576 -0.00108808 -0.0101616 -0.00185679 0.999996 -0.00129791 -0.0036235 0.00108615 0.00129932 0.999996 1.01959
0.999998 -0.00160613 -0.000318896 -0.0071535 0.00160582 1 0.000269263 0.0142907 0.000317995 -0.000269122 1 1.0303
1 -0.00127207 -0.000428403 -0.0121934 0.00127376 0.999994 0.00280172 -0.00302988 0.00042532 -0.00280294 0.999994 1.06407
0.999997 6.93446e-05 -0.00174585 -0.0135452 -6.25496e-05 0.999992 0.00416086 -0.013908 0.00174567 -0.00416004 0.999992 1.05463
1 -0.000780689 0.000462984 -0.0110332 0.000779799 0.999994 0.00292617 -0.0103269 -0.000464773 -0.0029265 0.999994 1.04326
0.999999 -0.000776259 -0.000438965 -0.00734303 0.00077643 0.999999 0.00159886 0.00122661 0.000437284 -0.00159852 1 1.05108
1 0.000759028 0.00138199 -0.018209 -0.000758759 0.999999 0.000207411 -0.00399482 -0.00138127 -0.000209155 0.999998 1.04973
0.999998 -0.000596929 -0.000296297 -0.00728293 0.000596102 1 -0.000960655 0.00538199 0.00029634 0.000961113 1 1.04631
1 0.000287701 0.00028899 -0.00721928 -0.000287444 0.999999 0.0012465 -0.0103118 -0.000288078 -0.00124736 0.999997 1.08474
0.999998 0.000554565 0.000712209 -0.00913106 -0.000556946 0.999997 0.00255895 -0.027532 -0.000711298 -0.00255852 0.999999 1.08871
1 -4.25529e-05 -0.0016577 -0.00232138 4.8146e-05 0.999995 0.00305669 -0.0183962 0.00165799 -0.00305772 0.999992 1.10083
0.999994 0.00247905 0.00148354 -0.00369414 -0.00248006 0.999998 0.000349719 -0.0215207 -0.00148319 -0.000352424 1 1.06969
1 0.0018833 -0.000166567 -0.0049016 -0.00188326 0.999995 -0.00244687 -0.0185355 0.00016245 0.00244614 0.999995 1.07802
0.999993 0.00295161 0.00174607 -0.00518079 -0.0029482 0.999994 -0.00222666 -0.0043557 -0.00175316 0.0022225 0.999999 1.09687
1 0.00146102 0.000267459 -0.00685894 -0.00146051 0.999997 -6.3731e-05 -0.00457422 -0.000267022 6.23973e-05 0.999997 1.07504
0.999998 -0.000208824 0.00118033 0.000365951 0.000204449 0.999997 0.00322391 -0.0265167 -0.00118149 -0.00322278 0.999997 1.06952
0.999998 0.0013004 0.00220134 -0.008142 -0.00130441 0.999995 0.0020652 -0.0228322 -0.00219825 -0.00206893 0.999992 1.08215
0.999999 -0.000941518 0.000223989 -0.00263579 0.000940762 1 0.000942106 -0.0404998 -0.000225316 -0.000941045 1 1.09593
1 0.000424448 0.0012253 -0.00506111 -0.000424105 0.999999 0.000200708 -0.0133993 -0.00122479 -0.000202073 0.999996 1.07428
0.999998 -0.00104647 0.000327159 -0.00742139 0.00104629 0.999999 -0.0013717 -0.0307615 -0.00032617 0.00137289 1 1.09921
1 0.000772902 0.000840467 -0.0110187 -0.000770465 0.999997 -0.0021255 0.004857 -0.000841678 0.00212403 0.999995 1.08841
0.999994 -0.00246493 0.00169743 0.0041624 0.00246617 0.999996 -0.00111077 0.0122005 -0.00169513 0.00111564 1 1.06632
0.999996 -0.0031579 -0.000277466 -0.00989266 0.00315786 0.999992 -0.00259074 -0.000549403 0.000286149 0.00258926 0.999994 1.09461
0.999996 -0.00149977 0.0020504 0.00467514 0.00150408 0.999995 -0.00245805 -0.0054061 -0.00204725 0.00246167 0.999997 1.05895
0.999999 -0.00192706 0.000942074 0.0105223 0.00192697 0.999998 0.000848084 0.000993695 -0.000943123 -0.000846801 0.999997 1.02602
0.999993 -0.00197702 0.00294047 -0.00327105 0.00196304 0.999988 0.00449594 -0.0159111 -0.00294988 -0.00448967 0.999988 0.99798
1 -0.00192671 -0.000628417 -0.00472307 0.00193091 0.999984 0.00553104 -0.00930155 0.000618342 -0.00553265 0.999982 1.08858
0.999994 -0.00287463 0.0012629 -0.0087847 0.00287124 0.999993 0.00206112 0.00339714 -0.00126943 -0.00205709 1 1.07216
0.999999 -0.00210659 0.000951068 -0.00256878 0.00210856 0.999998 -0.00123946 -0.00838597 -0.000947791 0.00124112 0.999997 1.03843
0.999997 -0.00189513 -2.70835e-05 0.0027514 0.00189426 0.999993 -0.002827 -0.00463614 3.18285e-05 0.00282726 0.999998 1.06682
1 0.00142983 0.00121541 -0.00957376 -0.00142646 0.999998 -0.00209984 0.00711543 -0.00121779 0.00209782 0.999996 1.02955
0.999998 0.000240832 -0.000746202 -0.000192812 -0.000242876 0.999997 -0.00167632 -0.00247731 0.000745149 0.00167677 1 1.07766
0.999998 0.00236198 0.00119487 -0.0097255 -0.00236314 0.999998 0.00164922 0.000773187 -0.00119032 -0.00165226 0.999997 1.05895
0.999992 0.00309543 0.00195694 -0.0111563 -0.00310394 0.999986 0.00395127 -0.0011679 -0.00194532 -0.0039571 0.999992 1.04921
1 0.0013727 0.000367189 -0.00827431 -0.00137374 0.999989 0.00489655 -0.00801348 -0.000359772 -0.0048972 0.999987 1.06825
0.999996 -0.000762081 0.00209665 -0.00563573 0.000756696 0.999995 0.00222794 -0.0107341 -0.00209899 -0.00222619 0.999996 1.06813
1 -0.000757002 0.000266159 -0.00247315 0.000756795 0.999997 0.00322306 0.00303768 -0.00026799 -0.00322308 0.999994 1.08076
0.999998 -0.000837979 0.000532382 -0.00357425 0.000836246 0.999995 0.0019465 -0.0102932 -0.000534543 -0.00194586 0.999998 1.05614
0.999999 -0.00195719 -0.000640736 -0.00301735 0.00196092 0.99999 0.00465376 -0.0119834 0.000632105 -0.00465512 0.999989 1.08296
0.999998 -0.00133644 -4.93763e-05 -0.00211989 0.00133585 0.999988 0.00392655 -0.00589111 4.36194e-05 -0.00392647 0.999992 1.07057
1 -0.00135453 0.000733835 -0.00547314 0.0013547 1 0.00078566 -0.0124074 -0.000734396 -0.000784837 1 1.05673
0.999998 0.000619973 -0.00110432 -0.00470509 -0.000620955 0.999997 -0.000270455 -0.0188501 0.00110369 0.000271195 0.999999 1.06777
1 0.00159167 0.000358043 -0.00794209 -0.00159092 1 -0.00037755 -0.0063569 -0.00035819 0.000376879 1 1.04488
0.999998 0.0011246 -0.000892828 -0.00960263 -0.00112262 0.999992 0.00289913 -0.0133464 0.000895625 -0.00289803 0.999995 1.04537
1 0.00107392 -0.000434399 -0.00608962 -0.00107114 0.99999 0.00496308 -0.0219204 0.000440155 -0.00496267 0.999989 1.03786
0.999996 0.00132612 0.00101161 -0.00486015 -0.00133091 0.999988 0.00407544 -0.00555908 -0.00100665 -0.00407676 0.99999 1.00572
1 0.000725666 -0.000391272 -0.00383522 -0.000723619 0.999997 0.00340905 0.00122218 0.000394115 -0.00340864 0.999995 0.999625
0.999997 0.000717316 0.000454762 -0.00501394 -0.000717768 0.999997 -0.000468126 -0.00475058 -0.000455511 0.000467724 0.999999 1.03134
1 -0.000550223 -0.000228879 -0.00316327 0.000550944 1 0.000102794 0.00299621 0.000229449 -0.000102973 1 1.00416
0.999997 -0.000214242 0.000932581 -0.00618059 0.000213194 0.999997 0.000373977 -0.000950825 -0.000933316 -0.000373737 0.999999 1.00181
1 -0.00217828 -0.000734468 -0.00263226 0.00218066 0.999998 0.0022465 -0.0101197 0.000730262 -0.00224818 0.999998 0.9895
0.999997 -0.00149517 -0.000253255 -0.00223993 0.00149516 0.999992 0.00294595 -0.0127456 0.000248112 -0.00294618 0.999995 0.97268
1 -0.000552754 0.000517031 -0.00722579 0.000551852 0.999997 0.00305721 -0.00840084 -0.000517929 -0.00305698 0.999996 0.958574
0.999997 -0.000627666 -0.000848208 -0.00500455 0.000628829 0.999996 0.00210849 -0.0196767 0.000846151 -0.00210921 0.999997 0.926636
1 -0.00046687 -0.000111394 -0.00428379 0.000467557 1 0.00124491 -0.0163011 0.000111588 -0.00124463 1 0.865282
0.999991 -0.000369738 -0.00379121 -0.00689454 0.000374062 0.999998 0.00128982 -0.0159107 0.00378998 -0.00129158 0.999991 0.929083
1 0.000359807 -0.00185283 -0.00848003 -0.000357603 1 0.000906572 -0.0135336 0.00185402 -0.000905577 0.999999 0.816819
0.999997 -7.90908e-05 -0.00157993 -0.00849543 8.32998e-05 0.999995 0.00298939 -0.0122719 0.00157883 -0.00298983 0.999994 0.828896
0.999998 0.00071574 -0.00280066 -0.0083718 -0.000708845 0.999997 0.0022991 -0.0168637 0.00280313 -0.00229682 0.999994 0.836868
0.999998 0.000996214 -0.000493615 -0.00730721 -0.00099585 0.999998 0.00158016 -0.025892 0.000494222 -0.00157995 0.999998 0.758824
1 0.000362845 -0.00197597 -0.00688674 -0.000358146 0.999997 0.0021605 -0.0172518 0.00197779 -0.00215947 0.999997 0.742144
0.999997 0.00152316 0.000216248 -0.00756648 -0.00152357 0.999999 0.000439384 -0.0108681 -0.000216726 -0.000439852 0.999999 0.678645
0.999998 0.00215393 -0.00178336 -0.01087 -0.00215309 0.999997 0.000287664 -0.0130405 0.00178514 -0.000283725 0.999999 0.679439
0.999997 0.00154163 -0.000377174 -0.0115196 -0.0015423 0.999999 -0.000964135 -0.0141698 0.000374449 0.000964763 0.999999 0.654571
0.999998 0.00176467 -0.00187415 -0.00860768 -0.00177008 0.999993 -0.00305536 -0.0141897 0.00187007 0.00305861 0.999995 0.646948
0.999993 0.00240782 -0.00211253 -0.0126144 -0.0024163 0.99999 -0.00388424 -0.0154686 0.00210184 0.00388935 0.999989 0.638916
1 0.00150336 -0.00110169 -0.0100653 -0.00150321 0.999999 -0.000156469 -0.011562 0.00110284 0.000158122 1 0.590233
0.999996 0.00194853 -0.000147451 -0.00862318 -0.00194894 0.999999 -0.000565405 -0.0124378 0.000144971 0.000565677 0.999998 0.572179
1 0.00160542 0.00145864 -0.00815856 -0.00160712 0.999997 0.00138683 -0.0108427 -0.00145504 -0.00138915 1 0.568897
0.999984 0.003514 0.00403787 -0.0035005 -0.00352134 0.999993 0.00174296 -0.015278 -0.00403305 -0.00175717 0.999989 0.545709
0.999985 0.00286851 0.00517554 -0.00775626 -0.00287606 0.999994 0.00151227 -0.0123381 -0.00516983 -0.00152709 0.999987 0.528298
0.999962 0.000485737 0.00847656 0.0083078 -0.000505466 0.999998 0.00229565 -0.0143884 -0.00847678 -0.00229986 0.99996 0.511573
0.999963 -0.000147785 0.00889112 -0.000148759 0.000122882 0.999996 0.00283298 -0.0129228 -0.00889014 -0.00283178 0.999959 0.505084
0.99992 -0.00115063 0.0123847 0.0142808 0.00113432 0.999999 0.00130396 -0.0089883 -0.0123876 -0.00128967 0.99992 0.47354
0.999915 -0.000709098 0.0132248 0.0111827 0.00069377 0.999999 0.00118987 -0.0110748 -0.0132242 -0.00118074 0.999915 0.448273
0.999873 -0.00132301 0.0157181 0.0124412 0.00132138 0.999999 9.12511e-05 -0.00740475 -0.0157197 -7.03492e-05 0.999873 0.434059
0.999847 -0.00103175 0.0176163 0.0161095 0.0010652 0.999998 -0.00186685 -0.0105029 -0.0176129 0.00188515 0.999847 0.41725
0.999769 -0.000892517 0.0213245 0.015713 0.000974342 0.999992 -0.00384587 -0.00997477 -0.0213224 0.00386595 0.999762 0.410221
0.999695 -0.00151085 0.02478 0.0204192 0.00159281 0.999994 -0.0032706 0.00097481 -0.0247733 0.00330884 0.999691 0.417875
0.999623 -0.00285757 0.0272004 0.0262548 0.00289248 0.999994 -0.00126371 -0.0084413 -0.0271983 0.00134222 0.999626 0.392573
0.999523 -0.00317715 0.0308108 0.0301195 0.00318093 0.999996 -5.56736e-05 -0.00300328 -0.0308088 0.00015329 0.999529 0.397362
0.999458 -0.00216481 0.0327472 0.0321912 0.00219413 0.999996 -0.0008746 -0.00869279 -0.0327468 0.000946385 0.99946 0.378991
0.999323 -0.00210767 0.0368184 0.0340037 0.0021399 0.999999 -0.000822094 -0.00463029 -0.0368151 0.000899923 0.999325 0.38594
0.999241 -0.00340701 0.0387289 0.0364911 0.00338544 0.999993 0.000607416 -0.0073324 -0.0387322 -0.000475409 0.999246 0.371508
0.999123 -0.00182359 0.0419162 0.0390749 0.0018181 1 0.000182832 -0.0160608 -0.041915 -0.000106867 0.999125 0.375177
0.999074 0.000520721 0.0429422 0.0303886 -0.000510282 0.999999 -0.000267499 -0.00712228 -0.0429439 0.000245711 0.999074 0.35717
0.998903 0.00253251 0.0468219 0.0323709 -0.00250577 0.999998 -0.00061751 -0.00303858 -0.0468218 0.000499104 0.998907 0.355236
0.99881 -0.00023817 0.0487084 0.0359112 0.000119519 0.999996 0.00242656 -0.00335561 -0.0487102 -0.00241743 0.998807 0.372646
0.99885 -0.000181694 0.0479981 0.0358653 0.000123139 1 0.00123388 -0.00619711 -0.0479969 -0.00122696 0.99885 0.343332
0.998688 -0.00128408 0.0511512 0.0364467 0.00123189 0.999998 0.001042 -0.0057222 -0.051154 -0.000977296 0.998687 0.351953
0.998801 -0.00057192 0.0490012 0.0380677 0.00065776 0.999999 -0.00172515 -0.0110628 -0.0489986 0.00175496 0.998801 0.34868
0.99867 -0.000299001 0.051508 0.0341021 0.000423103 0.999996 -0.00240955 -0.00819107 -0.0515086 0.00242851 0.998667 0.337295
0.998686 0.00293365 0.0512052 0.0318252 -0.00274567 0.99999 -0.00372987 -0.00697379 -0.0512141 0.003584 0.998684 0.341748
0.99854 0.00433392 0.053789 0.0297275 -0.00414001 0.999984 -0.0037268 -0.00445138 -0.0538058 0.00349907 0.998542 0.35778
0.99851 0.00526766 0.054362 0.0253083 -0.00518262 0.999986 -0.00169143 0.00202856 -0.0543687 0.00140677 0.998523 0.345367
0.998453 0.00018624 0.0555655 0.0425391 -0.000252967 0.999999 0.00118139 0.00508712 -0.0555667 -0.00119327 0.998451 0.350552
0.998474 -0.00171179 0.0552357 0.034741 0.00157815 0.999996 0.00247515 -0.00188934 -0.0552382 -0.0023846 0.998473 0.364349
0.998447 0.000257494 0.0556739 0.0467172 -0.000430313 0.999995 0.00307932 0.00760238 -0.0556743 -0.00309808 0.998441 0.357176
0.99836 0.00160935 0.0572679 0.0340419 -0.00179109 0.999994 0.00313483 -0.00460873 -0.057261 -0.00323264 0.998357 0.37939
0.998474 -0.000147004 0.0551721 0.0447563 3.18199e-05 0.999997 0.00207695 -0.00187043 -0.0551737 -0.00207163 0.998472 0.367675
0.998306 -0.000474292 0.0582189 0.04717 0.000179997 0.999988 0.00507257 -0.0125122 -0.058219 -0.00505389 0.998294 0.389093
0.998453 0.00205297 0.0555116 0.0341771 -0.00216514 0.999995 0.00194865 0.00792573 -0.0555089 -0.00206545 0.998453 0.379603
0.998466 0.00429745 0.0552571 0.0284489 -0.00416948 0.999989 -0.00241935 -0.00179795 -0.0552652 0.00218484 0.998473 0.385464
0.998551 0.00317373 0.0536695 0.0443418 -0.00301251 0.99999 -0.00309668 0.00356006 -0.0536806 0.002931 0.99855 0.391121
0.998821 0.000211206 0.0486147 0.0326261 -0.000128883 1 -0.00168328 0.0105052 -0.0486133 0.00167458 0.99882 0.383594
0.999045 -0.0054418 0.0432844 0.0403256 0.00546483 0.999984 -0.000429094 0.00663377 -0.0432832 0.000665702 0.999058 0.425083
0.999328 -0.0070487 0.0360721 0.0448097 0.00706451 0.999976 -0.000293381 -0.000293315 -0.0360674 0.000547551 0.999354 0.404145
0.999458 -0.0027386 0.0326949 0.0286109 0.00277843 0.999995 -0.00119099 -0.00802239 -0.0326932 0.0012817 0.99946 0.433743
0.999597 0.00271469 0.0283709 0.0104786 -0.00275911 0.999996 0.001546 0.0144741 -0.0283648 -0.00162423 0.999601 0.434288
0.99965 0.00515135 0.0258311 -0.00663555 -0.00526188 0.999977 0.0041926 0.0189727 -0.0258107 -0.00432645 0.999653 0.456671
0.999691 0.00455098 0.0245927 0.00319419 -0.00464677 0.999982 0.00386167 0.0117357 -0.024573 -0.00397535 0.999695 0.485473
0.999732 -0.00225522 0.0228605 0.0111286 0.00219568 0.999994 0.00260532 0.00247715 -0.022868 -0.00255382 0.99973 0.482656
0.99979 -0.00523703 0.0200079 0.0208697 0.00522205 0.999986 0.000827029 0.00591345 -0.0200102 -0.000723051 0.999805 0.510849
0.99981 -0.00535999 0.0185198 0.0245675 0.00540426 0.999982 -0.00237274 0.00171713 -0.0185084 0.00247308 0.99982 0.519873
0.999911 0.000131773 0.0136717 -0.000574962 -7.25523e-05 0.999991 -0.0042924 -0.00628338 -0.0136705 0.00429029 0.999902 0.508839
0.999926 0.00295996 0.0114661 -0.00631284 -0.00291373 0.999987 -0.00409811 -0.00592325 -0.0114796 0.00406506 0.999921 0.574919
0.999978 -0.00274197 0.00667142 0.00654691 0.00274804 0.999996 -0.000807401 -0.0151188 -0.0066676 0.000825085 0.999982 0.62044
0.99997 -0.00605027 0.00389487 0.0109349 0.00603215 0.999972 0.00447376 -0.0112729 -0.00392338 -0.00444954 0.999978 0.636786
1 -0.000348768 -8.6436e-05 0.0038641 0.000349571 0.999999 0.0018177 -0.0002138 8.73944e-05 -0.0018184 1 0.639835
0.999994 0.000491337 -0.00216333 -0.00631684 -0.000489909 0.999999 0.000963353 -0.00361429 0.00216218 -0.000961598 0.999993 0.638652
0.999997 0.00355955 -0.00111221 -0.0111256 -0.00355984 0.999993 -0.000810923 -0.000430659 0.00111095 0.000814228 1 0.672426
0.999993 0.00181916 -0.00191797 -0.00476285 -0.00182253 0.999997 -0.00144842 -0.00989086 0.00191375 0.00145251 0.999993 0.665984
1 0.00010554 -0.00123581 -0.0014598 -0.000105155 1 -0.000152464 -0.00960565 0.00123738 0.000151986 1 0.735958
0.999995 -8.02065e-05 -0.000736958 0.00198379 7.98687e-05 1 0.00034748 -0.0237724 0.000735309 -0.000346878 0.999995 0.722591
0.999997 0.00301335 -0.0023204 -0.0103924 -0.00300925 0.999994 0.00150585 -0.0332299 0.00232652 -0.00149954 1 0.717589
0.999996 7.31436e-05 0.000282581 -0.00699519 -7.43989e-05 0.999998 0.00216447 -0.0141798 -0.000283993 -0.00216374 0.999993 0.713785
1 0.000924956 0.000365648 -0.00507151 -0.000925435 0.999995 0.0028654 -0.023896 -0.000361419 -0.00286651 1 0.770145
0.999993 0.00240044 -0.000117588 -0.00963977 -0.00240078 0.999996 0.00168591 -0.0041288 0.000120099 -0.00168483 0.999995 0.758484
1 0.00212733 0.000859695 -0.000876879 -0.00212746 0.999997 0.000659757 0.00108547 -0.000856775 -0.000662369 1 0.797924
0.999992 -0.00303463 0.000241107 0.00424577 0.00303338 0.99999 0.00337574 0.00171775 -0.000252842 -0.00337424 0.999991 0.768729
1 -0.000454137 0.00221493 0.00656269 0.000449384 0.999997 0.00230429 -0.0129509 -0.00221445 -0.00230408 0.999999 0.758185
0.999996 0.00102926 0.000758442 -0.00780219 -0.00103025 1 0.000856839 -0.00187362 -0.000759083 -0.000856738 0.999996 0.788291
1 0.00172547 0.00130081 -0.0111584 -0.00172175 0.999995 -0.00259031 -0.00354569 -0.00130368 0.00258717 0.999999 0.790935
0.999996 0.00100922 0.00172349 -0.00336911 -0.00100311 0.999993 -0.00378167 -0.00426918 -0.00172889 0.00378087 0.999988 0.825461
1 -0.000951204 0.000403216 -0.00357499 0.000951828 1 -0.000359839 0.0118231 -0.000401227 0.000359313 1 0.795578
0.99999 0.00340151 0.00217915 -0.00855764 -0.00340739 0.999994 0.00247741 0.00985108 -0.00217241 -0.0024839 0.999994 0.839934
0.999998 0.00288717 0.000228103 -0.0117753 -0.00288765 0.999982 0.00486526 0.00839313 -0.000212396 -0.00486678 0.99999 0.767153
0.999995 0.00135032 0.00184211 -0.0130381 -0.00136156 0.999984 0.00578985 0.00219863 -0.00183587 -0.00579148 0.999981 0.810813
0.999992 0.00448627 -0.00031848 -0.0175119 -0.00448379 0.999971 0.00573293 -0.00385029 0.000345791 -0.00573229 0.999985 0.819558
0.999996 0.00171519 0.00074923 -0.00479132 -0.00171748 0.999998 0.00220409 -0.00241409 -0.000747047 -0.0022045 0.999996 0.843111
0.999999 -0.0026088 -0.000216972 0.000971588 0.00260798 0.999974 -0.00642785 -0.0166666 0.000235332 0.00642643 0.99998 0.821144
0.999993 -0.00243737 -0.00167768 -0.00380218 0.00242183 0.99996 -0.00888218 -0.00011505 0.00169777 0.00887891 0.999958 0.80957
1 -5.80759e-05 -2.96192e-05 0.000335224 5.84662e-05 0.99999 -0.00408225 -8.09192e-05 3.13644e-05 0.00408142 0.999992 0.809557
0.999992 -0.00132555 -0.00288627 -0.00374389 0.00134067 0.999987 0.00544779 0.00429611 0.00287744 -0.00545088 0.99998 0.791511
0.999999 -0.00232547 -0.00148945 0.00204739 0.00233836 0.999961 0.00830633 -0.0059542 0.00147161 -0.00831057 0.999965 0.796756
0.999997 0.000783501 7.25702e-05 -0.00115939 -0.000784421 0.999987 0.00545133 -0.0163402 -6.98903e-05 -0.00545062 0.999984 0.79429
0.999999 0.00249064 -0.00116728 -0.00524055 -0.00248963 0.999994 0.000453599 -0.0166769 0.00117 -0.000451461 1 0.791794
0.999991 0.00289421 0.00231422 -0.00693268 -0.00289697 0.999998 0.000996299 -0.0171063 -0.0023129 -0.00100222 0.999996 0.790443
0.999999 0.00240591 0.000719591 -0.0121725 -0.00240702 0.999993 0.00210222 -0.016348 -0.000712929 -0.00210469 0.999999 0.76019
0.999993 -0.000172542 0.00320034 -0.000455264 0.00016474 0.999999 0.00230813 -0.0182025 -0.00320236 -0.00230682 0.999992 0.800284
1 -0.000167566 0.000816201 -0.0123433 0.000166492 0.999997 0.00180096 -0.0220109 -0.000814874 -0.00180158 0.999999 0.768198
0.999996 0.000649999 0.00204597 -0.0059702 -0.000653266 1 0.00139831 -0.0084635 -0.00204669 -0.00139894 0.999996 0.741785
0.999998 0.000358396 0.00311941 -0.00583148 -0.000363791 0.999997 0.00186268 -0.0118666 -0.0031171 -0.00186452 0.999995 0.78574
0.999993 -0.00219557 0.00186156 -0.00128448 0.00219001 0.999996 0.00277135 -0.0265025 -0.00186929 -0.00276662 0.999994 0.756659
1 0.000208064 0.00264215 -0.00493613 -0.000210697 0.999997 0.00115683 -0.0144963 -0.00264029 -0.00115802 0.999997 0.74628
0.999996 0.000123452 0.0011044 -0.00590656 -0.000125031 1 0.00109131 -0.0300645 -0.00110582 -0.00109081 0.999998 0.736057
1 -0.00199623 0.000394294 -0.00197693 0.00199613 0.999996 0.00128634 -0.0188373 -0.000395193 -0.00128617 1 0.727075
0.999991 -0.00333245 0.000246443 0.00165227 0.00333114 0.99999 0.00360104 -0.0258027 -0.000260126 -0.00359957 0.999993 0.727891
1 -0.000406684 0.00203661 -0.000367211 0.000403424 0.999997 0.00178392 -0.0186959 -0.00203566 -0.00178375 0.999997 0.717144
0.999993 0.000606572 0.00269858 -0.00779272 -0.000613396 0.999999 0.00237498 -0.0283275 -0.00269891 -0.00237601 0.999993 0.742304
1 0.00117771 0.00122804 -0.00623265 -0.00117774 0.999997 0.000344339 -0.016324 -0.00122583 -0.000346362 0.999999 0.701994
0.999993 0.00115494 0.00247723 -0.0102209 -0.00116043 0.999999 0.00206375 -0.00650743 -0.00247659 -0.00206605 0.999995 0.701213
1 -0.000735663 -0.000678787 -0.00363789 0.000736721 0.999997 0.00100168 -0.00944839 0.000679803 -0.00100276 0.999999 0.679591
0.999994 0.000179197 0.00179508 -0.00706155 -0.000178418 1 -0.000646376 -0.00859124 -0.00179691 0.000646633 0.999996 0.691332
1 0.00120323 -0.000774008 -0.00587331 -0.00120277 0.999999 0.000113618 -0.0085172 0.000775839 -0.000113257 1 0.674177
0.999995 0.000390066 0.000364394 -0.00275328 -0.000389807 0.999999 -0.00162488 -0.00121937 -0.000366689 0.00162534 0.999996 0.671085
1 -0.00145112 0.00199225 -0.00357439 0.00145067 0.999999 0.000372657 -0.0156047 -0.0019912 -0.000370326 1 0.677017
0.999993 -0.00203677 0.000598741 -0.00268897 0.00203552 0.999997 0.00156787 -0.00879435 -0.000603506 -0.0015661 0.999996 0.693527
0.999997 -0.00183219 0.00354972 -0.00231719 0.00182293 0.999994 0.0026719 -0.022883 -0.00355304 -0.00266611 0.999993 0.669769
0.999988 0.00358154 0.00104642 -0.0133498 -0.00358188 0.999994 0.000123097 -0.00689933 -0.00104748 -0.000126129 0.999996 0.67774
1 0.00171195 0.0022206 -0.00329881 -0.00171296 0.999998 0.000569302 -0.0173986 -0.00221808 -0.000573886 1 0.648443
0.999995 0.000289681 0.000633515 -0.00263209 -0.000291771 0.999997 0.00268709 -0.00927615 -0.000634219 -0.00268651 0.999994 0.655802
1 0.000894593 0.00215552 0.0053822 -0.000897973 0.999997 0.00171978 -0.0138542 -0.00215258 -0.00172255 0.999999 0.66231
0.999976 0.00439051 0.00426514 -0.00891687 -0.00439507 0.999991 0.000996591 -0.028212 -0.00426216 -0.0010145 0.999988 0.678917
0.99998 0.00574692 0.0040335 -0.0189857 -0.00574004 0.999981 -0.00164486 -0.0135763 -0.0040414 0.00162085 0.999993 0.685629
0.999977 -0.00149358 0.00570027 0.0041154 0.00150544 0.999998 -0.00212958 -0.0242635 -0.00569858 0.00213892 0.999978 0.641062
0.999978 -0.00247669 0.0069693 0.00307052 0.00250074 0.999991 -0.00339585 -0.00224705 -0.00695932 0.00341236 0.999974 0.626931
0.999968 3.04007e-05 0.00730634 0.00423683 -1.01324e-05 0.999997 -0.00281945 -0.000342423 -0.0073079 0.00282011 0.999966 0.62891
0.99997 0.00282871 0.00789761 -0.0185811 -0.00282502 0.999996 -0.000440974 -0.00533083 -0.00789728 0.000417883 0.999972 0.629502
0.999982 -0.000221132 0.00502704 -0.00038572 0.000214003 0.999999 0.00134703 -0.00840331 -0.0050289 -0.0013451 0.999983 0.674687
0.999993 0.00186696 0.00449907 -0.00452263 -0.0018695 0.999998 0.00062315 -0.00852924 -0.00449628 -0.000632261 0.999993 0.653029
0.999984 0.00276305 0.00374772 -0.00998527 -0.00276654 0.999996 0.000851713 -0.00162873 -0.00374695 -0.000861338 0.99999 0.654232
0.999993 0.000601218 0.00500204 -0.00268004 -0.000621596 0.999991 0.00413209 -0.00406857 -0.00499788 -0.00413582 0.999982 0.647987
0.999991 -0.000946217 0.00274439 -0.00704542 0.000933167 0.999989 0.00466916 -0.00679217 -0.00275039 -0.00466594 0.999982 0.709449
1 0.000692249 0.00330476 0.00114333 -0.000702127 0.999995 0.00304057 -0.0115108 -0.00330112 -0.00304354 0.999993 0.701014
0.999993 0.00107286 0.00115479 -0.00664454 -0.00107407 0.999999 0.000981834 0.00331018 -0.00115528 -0.000982408 0.999995 0.681185
1 -0.000503396 0.00178041 -0.00393888 0.000505332 0.999999 -0.00107441 -0.00113561 -0.00177836 0.00107469 1 0.701075
0.999963 -0.00777843 0.00190993 0.00555659 0.00778494 0.999964 -0.00342112 -0.0117967 -0.00188481 0.00343641 0.999989 0.715983
0.999986 -0.00592395 0.00153284 0.00716144 0.00592594 0.999981 -0.00131964 -0.0157951 -0.00152338 0.00132821 1 0.755095
0.999988 -0.0020616 0.00300468 -0.00180322 0.00206652 0.999997 -0.00159678 -0.00856244 -0.00300295 0.00160344 0.999991 0.744242
0.999996 0.00434224 -0.000163695 -0.00672076 -0.00434208 0.999989 0.00166261 0.00834665 0.000172472 -0.00166229 1 0.710958
0.999993 -6.98966e-05 0.00165158 -0.00227088 6.10628e-05 0.999986 0.0054279 0.00176077 -0.00165358 -0.00542739 0.999981 0.750895
1 -0.0016095 0.00113739 0.00382271 0.00160392 0.999986 0.00480327 0.00395162 -0.00114352 -0.00480183 0.999991 0.747371
0.99999 -0.00225192 0.00205587 -0.00279024 0.0022484 0.999997 0.00173676 -0.0184642 -0.00206132 -0.00173172 0.999993 0.716606
0.999995 0.00416229 0.00194612 -0.00756209 -0.00416202 0.999991 -0.000195483 -0.00616129 -0.00194539 0.000186824 1 0.734197
0.999991 -0.00108219 0.00201666 -0.00186262 0.00108049 1 0.00086482 -0.0307476 -0.0020191 -0.000862053 0.999994 0.718531
0.999999 0.00189517 0.00338884 -0.00252642 -0.00189879 0.999997 0.0010339 -0.00654452 -0.00338538 -0.00104093 0.999997 0.731265
0.999992 0.00144615 0.00134693 -0.0063903 -0.00144754 0.999999 0.00110541 -0.00542571 -0.00134683 -0.00110674 0.999995 0.730794
1 0.000891872 0.00170845 -0.0115267 -0.00089249 0.999999 0.000352227 -0.0314236 -0.00170669 -0.000354485 1 0.71769
0.999989 0.00233571 0.00200797 -0.0184244 -0.0023362 0.999998 0.000276358 -0.0117553 -0.00200877 -0.000280376 0.999994 0.723972
1 0.00351547 0.00120405 -0.0141513 -0.00351446 0.999993 -0.000937489 -0.0038259 -0.00120593 0.000932532 1 0.726761
0.999993 0.000383462 0.000881893 -0.00717142 -0.000383445 1 0.000116149 -0.0118654 -0.000883266 -0.000115787 0.999996 0.746338
1.00001 0.000531956 0.00076072 0.00556822 -0.000532215 1 0.000144283 -0.0165287 -0.000759236 -0.000145441 1 0.720293
0.999991 0.000730487 0.00214953 -0.0193906 -0.00073463 0.999998 0.00197644 -0.0113189 -0.0021494 -0.00197724 0.999992 0.741458
1 0.00188839 -0.00017191 0.0162807 -0.00188829 0.999998 0.000861945 -0.024608 0.000174792 -0.000862408 1 0.774232
0.999985 0.00396157 0.00133122 -0.0199014 -0.00396269 0.999992 0.000892947 0.00673519 -0.00132895 -0.000897407 0.999995 0.74681
1 9.34631e-05 0.00278766 -0.0157995 -9.44165e-05 1 0.000344421 -0.010159 -0.00278632 -0.000345581 1 0.756042
0.999994 0.000232978 0.000903452 -0.00334262 -0.000233146 1 0.000219646 -0.00505882 -0.000904672 -0.000218906 0.999997 0.779296
0.999999 0.00257876 0.00276233 0.0121706 -0.0025789 0.999996 1.98109e-05 -0.00752147 -0.00276107 -2.7879e-05 0.999999 0.791506
0.999994 0.000206746 0.000114446 0.00299451 -0.000206554 0.999998 -0.00210856 -0.0130133 -0.000116079 0.00210955 0.999996 0.782422
1 0.000859654 0.00186281 0.0015187 -0.000855273 0.999997 -0.00233205 -0.0134851 -0.0018637 0.00232936 0.999999 0.792108
0.999995 0.000246712 -0.00068176 -0.00471261 -0.000248546 0.999996 -0.00260855 -0.0101569 0.000679965 0.00260982 0.999993 0.819505
1.00001 -0.00110998 -0.000105377 -0.00593218 0.00110993 1 -0.0011021 -0.00155433 0.000107801 0.00110092 1 0.814474
0.99999 -0.00267058 6.727e-05 0.00245244 0.00267037 0.999995 0.00103081 -0.00572465 -7.12379e-05 -0.00102959 0.999997 0.828483
1 -0.000710979 -0.00237207 0.0183606 0.000714384 1 0.00138358 -0.0119743 0.00237224 -0.0013863 0.999999 0.819313
0.999994 0.000700811 0.000384941 -0.00295909 -0.000701648 0.999997 0.00196862 -0.0128715 -0.000384708 -0.00196784 0.999995 0.839185
1 0.000108818 -0.00296757 -0.00186582 -0.000103903 1 0.00162489 -0.00665911 0.00296886 -0.00162566 0.999997 0.830295
0.999994 -0.000120275 -0.000159738 0.000427387 0.00012069 0.999994 0.00302595 -0.00557028 0.000158325 -0.0030249 0.999993 0.853493
1 0.000345091 -0.00229973 -0.00475517 -0.000339052 0.999998 0.00258722 -0.0100412 0.0023017 -0.00258752 0.999996 0.852942
0.999992 0.00177525 -0.000452288 -0.0046101 -0.00177522 0.999997 0.000427835 -0.0181403 0.000451912 -0.000425921 0.999997 0.832574
1.00001 -0.00102323 -0.000789808 -0.00474625 0.00102122 0.999996 -0.00284825 -0.0139784 0.000793947 0.00284642 0.999998 0.853494
0.999992 -0.000841647 -0.00190369 0.000121884 0.000833393 0.999989 -0.00426777 0.00496284 0.00190602 0.00426717 0.999987 0.8245
1 0.00270047 7.70103e-05 -0.00725534 -0.0027001 0.999992 -0.00336497 -0.00725709 -8.48332e-05 0.00336378 0.999997 0.861047
0.999992 0.000451612 -0.0020874 -0.0105024 -0.000450599 0.999998 0.000544939 -0.000379142 0.00208634 -0.000543047 0.999995 0.845267
1.00001 -0.00131536 0.000112829 -0.00122927 0.00131508 0.999995 0.00347516 -0.0184582 -0.000116118 -0.00347595 0.999997 0.861298
0.99999 -0.0024634 -0.00133512 -0.00654859 0.00246433 0.999995 0.000756568 -0.0188159 0.00133194 -0.000758937 0.999996 0.84818
1.00001 0.00089797 -0.00072113 -0.00969294 -0.000897577 1 0.000517836 -0.0191189 0.000722935 -0.000518045 1 0.858786
0.999994 -8.86975e-05 0.000274484 -0.00363016 8.86094e-05 0.999998 0.000120821 -0.0108521 -0.000275856 -0.00011999 0.999997 0.856518
1 -0.00285244 -0.000817256 -0.00584405 0.00285342 0.999997 0.00116583 -0.00611782 0.000815254 -0.00116898 1 0.849237
0.999986 -0.00386513 -0.000435561 -0.00107821 0.00386601 0.999989 0.0018507 -0.00937088 0.000427136 -0.00185157 0.999995 0.855685
1.00001 0.000768988 -0.000979552 -0.00261412 -0.000769398 1 -0.000296745 -0.0105595 0.0009806 0.000296706 1 0.835324
0.999992 -0.00161162 0.000523101 -0.00213161 0.00161235 0.999996 -0.0012306 -0.00872026 -0.000522411 0.00123219 0.999996 0.837133
1 0.00309774 -0.00157 -0.00491154 -0.00309873 0.999997 -0.000562079 -0.0150253 0.00156957 0.000566158 1 0.789954
0.999988 0.00336366 -0.000943164 -0.00698944 -0.00336022 0.999986 0.00361341 0.00530373 0.000953985 -0.00360945 0.99999 0.811261
0.999996 0.00465616 0.000270158 -0.00930318 -0.00465661 0.999989 0.0020065 -0.00211356 -0.000259425 -0.00200851 1 0.823021
0.999988 0.00320343 0.000298908 -0.00925368 -0.00320309 0.999992 -0.00147266 -0.00268436 -0.000305011 0.0014725 0.999996 0.811388
0.999998 0.00380011 0.00145513 -0.0117832 -0.00379527 0.99999 -0.00322473 -0.00184345 -0.00146597 0.00321837 0.999997 0.812356
0.999992 0.00161944 3.25257e-05 -0.00761515 -0.0016195 0.999995 -0.0019128 -0.00863823 -3.70498e-05 0.00191352 0.999995 0.827068
1.00001 -0.000756368 -0.000272765 -0.00743774 0.000756319 1 -0.000688562 -0.0147156 0.000274679 0.000687527 1 0.82926
0.999992 -0.00139757 0.000411325 -0.00274354 0.00139734 0.999997 0.000156224 -0.00887202 -0.000412954 -0.00015483 0.999997 0.784608
1.00001 -0.00111307 -0.000310353 -0.00281955 0.00111331 1 0.000238393 -0.00717153 0.000311537 -0.000239609 1 0.797826
0.999993 -0.00109101 0.000115047 -0.00376778 0.00109114 0.999997 -0.00139551 -0.0170157 -0.000114958 0.00139652 0.999997 0.77478
1.00001 -0.000614289 -0.0014571 -0.00499967 0.000614902 1 0.000423083 -0.00675234 0.0014583 -0.000424893 1 0.707128
0.999994 0.000659414 0.00165568 -0.00234747 -0.000660769 0.999998 0.000783066 -0.00559595 -0.0016566 -0.000783185 0.999997 0.808114
1 0.000246574 0.00070189 -0.0104284 -0.000247637 1 0.00153157 -0.0125234 -0.000700023 -0.00153277 1 0.739376
0.999994 -0.000435902 0.00215306 -0.00792768 0.00043855 0.999998 -0.00123079 -0.0217211 -0.00215405 0.00123273 0.999996 0.769416
0.999998 0.000766706 0.00337657 -0.00181697 -0.000761186 1 -0.0016367 -0.0248131 -0.00337626 0.00163314 0.999994 0.785714
0.999992 0.000709835 0.00264173 -0.00624425 -0.000707385 0.999998 -0.000917917 -0.011079 -0.00264392 0.000917006 0.999994 0.782307
0.999997 -0.000548669 0.00388955 -0.000256067 0.000547581 1 0.000279444 -0.00775403 -0.00388818 -0.000278281 0.999994 0.790827
0.999992 -0.000864354 0.00242882 -0.00232599 0.000861909 0.999998 0.00100303 -0.0132497 -0.00243123 -0.00099993 0.999995 0.781459
0.999998 -0.00138699 0.00346624 -8.84267e-05 0.00138634 1 0.000187938 -0.0122565 -0.003465 -0.000184154 0.999995 0.782369
0.99999 0.00284534 0.00168143 -0.0133334 -0.00283921 0.999988 -0.00362338 -0.00724474 -0.00169328 0.00361962 0.99999 0.782577
1 0.000353342 0.00226049 -0.0152919 -0.000337033 0.999975 -0.00721804 -0.00852514 -0.00226144 0.00721623 0.999973 0.789353
0.999984 -0.00346262 0.00349012 -0.0053878 0.00346925 0.999991 -0.00188736 -0.000786461 -0.00348511 0.0019005 0.99999 0.770614
1 -0.00153814 0.00212402 -0.00605463 0.00153265 0.999997 0.00256833 -0.00327765 -0.00212637 -0.00256611 0.999997 0.760546
0.99999 0.000321597 0.00353789 -0.0151324 -0.000345293 0.999976 0.00670308 -0.00121331 -0.00353725 -0.00670323 0.999969 0.76847
1 0.00059334 0.00140022 -0.0194199 -0.000595653 1 0.00165303 -0.00698978 -0.00139767 -0.00165489 1 0.775209
0.999993 0.00155975 0.00221332 0.0009581 -0.00155546 0.999996 -0.00192688 -0.0030463 -0.00221786 0.00192449 0.999994 0.778315
0.999999 0.00237317 0.00201059 -0.00508648 -0.00236728 0.999994 -0.00292366 -0.0140593 -0.00201602 0.0029178 0.999996 0.764
0.999993 -0.000280523 0.00267194 0.00893521 0.000287575 0.999995 -0.00263808 -0.00430052 -0.00267266 0.00263986 0.999991 0.759094
0.999997 -0.00298477 0.00218354 0.00791763 0.00299015 0.999994 -0.00245636 -0.0217248 -0.00217471 0.00246185 0.999997 0.753291
0.999995 -4.73619e-05 0.00155155 0.00526643 5.42783e-05 0.999988 -0.00445956 -0.00853909 -0.00155286 0.00446068 0.999986 0.76111
1 0.00167483 0.00258646 0.001437 -0.00167101 1 -0.00145994 0.00264719 -0.00258745 0.00145462 0.999998 0.757368
0.999993 -0.00107583 0.00197272 -0.0034752 0.00107163 0.999995 0.00208939 -0.00451163 -0.0019764 -0.00208615 0.999993 0.760344
0.999994 -0.00245036 0.00391065 0.00452962 0.00243727 0.999994 0.00336867 -0.0121325 -0.00391745 -0.00336028 0.99999 0.767273
0.999983 0.00020461 0.00495495 0.00632517 -0.000214685 0.999996 0.00202315 -0.013917 -0.00495591 -0.00202301 0.999983 0.759185
0.999986 -0.00034809 0.00605652 0.00344912 0.000342903 1 0.000865171 -0.0115771 -0.00605547 -0.000864252 0.999984 0.76024
0.999955 0.00106241 0.00887099 -0.00199267 -0.00105832 0.999997 -0.000472682 -0.00825165 -0.00887282 0.000464482 0.999958 0.755949
0.999957 0.000565846 0.00977458 -0.00451075 -0.000556665 1 -0.00093534 -0.00033606 -0.00977383 0.000928644 0.999955 0.75726
0.999917 -1.94261e-05 0.0124853 -0.000800718 2.56998e-05 0.999998 -0.000508616 -0.0080666 -0.0124865 0.000510119 0.999918 0.758505
0.999925 -0.000452697 0.0126582 -0.00565726 0.000463638 1 -0.000865835 -0.00377078 -0.0126566 0.000870336 0.999923 0.72189
0.999906 -0.00208487 0.0131904 0.00524801 0.00207315 0.999996 0.000913706 -0.00363441 -0.0131936 -0.000884983 0.999909 0.726961
0.999936 -0.00137619 0.0116154 0.00551152 0.00136995 1 0.000531872 -0.00221401 -0.0116148 -0.000517231 0.999936 0.730989
0.999932 -0.00327546 0.0107499 0.00900291 0.00326979 0.999993 0.000558681 -0.00814223 -0.010753 -0.000522211 0.999939 0.726746
0.999946 -0.005248 0.00945042 0.0305339 0.00524314 0.999988 0.000527683 -0.00547556 -0.00945169 -0.000479388 0.999959 0.711916
0.999967 -0.00257979 0.00707979 0.0163475 0.00257808 0.999995 0.000271188 -0.00799502 -0.00708185 -0.000251646 0.999971 0.719767
0.999983 0.00219588 0.00620861 0.00687058 -0.002191 0.999998 -0.000816355 0.00982254 -0.00620905 0.000801444 0.999984 0.706183
0.999979 -0.00318323 0.00481809 0.0090857 0.00316894 0.99999 0.00295836 -0.0048062 -0.00482878 -0.0029418 0.999981 0.710802
0.999991 -0.00446307 0.00272543 0.0141767 0.00445506 0.999987 0.00295351 -0.00602262 -0.00273725 -0.00294258 0.999995 0.728921
0.999992 -0.00249392 0.000453068 0.0104314 0.00249291 0.999994 0.00214763 -0.0143908 -0.000459774 -0.00214523 0.999995 0.708643
1 -0.00185899 0.000995258 0.00363309 0.00185778 0.999999 0.00119719 -0.00620473 -0.000996125 -0.00119664 1 0.702778
