0.999999 -0.000281211 -0.00131528 -0.00103686 0.000279349 0.999999 -0.00142241 -0.00112357 0.00131567 0.00142205 0.999998 0.749816
0.999995 -0.000638057 -0.00300637 -0.00335709 0.000626362 0.999992 -0.00389537 -0.00415073 0.00300883 0.00389347 0.999988 1.49944
0.999985 -0.000902876 -0.00548763 -0.00750561 0.000866767 0.999978 -0.00657869 -0.00918908 0.00549345 0.00657384 0.999963 2.24872
0.999968 -0.00111359 -0.00787754 -0.0134584 0.00104281 0.999959 -0.00898501 -0.0160082 0.00788723 0.00897651 0.999929 2.99793
0.99994 -0.00176606 -0.0107658 -0.0215123 0.0016304 0.999919 -0.0125965 -0.0255724 0.0107872 0.0125782 0.999863 3.74677
0.999915 -0.00206457 -0.0128454 -0.0310876 0.00187483 0.999889 -0.0147661 -0.0366795 0.0128745 0.0147407 0.999808 4.49551
0.999865 -0.00204578 -0.0163277 -0.0432312 0.00177653 0.999862 -0.0164873 -0.0490424 0.0163592 0.0164561 0.999731 5.24389
0.999826 -0.00215485 -0.018521 -0.0569598 0.00181558 0.999831 -0.0183158 -0.0627764 0.0185573 0.018279 0.999661 5.99212
0.999773 -0.00253303 -0.0211406 -0.0726013 0.00207608 0.999764 -0.0216081 -0.0790351 0.0211904 0.0215594 0.999543 6.74004
0.999703 -0.00296371 -0.0241746 -0.0904466 0.00234048 0.999665 -0.0257678 -0.0984315 0.0242429 0.0257036 0.999376 7.48758
0.999632 -0.00315615 -0.0269459 -0.110317 0.00235646 0.999557 -0.0296573 -0.120702 0.0270276 0.0295829 0.999197 8.23488
0.999552 -0.00194745 -0.0298453 -0.1323 0.00104563 0.999543 -0.0302025 -0.14319 0.0298905 0.0301578 0.999098 8.98193
0.999466 0.00113214 -0.0326692 -0.156288 -0.00195321 0.999683 -0.0251111 -0.161539 0.0326304 0.0251615 0.999151 9.72881
0.999374 0.00459209 -0.035086 -0.181876 -0.00520184 0.999836 -0.017307 -0.173864 0.0350008 0.0174786 0.999234 10.4753
0.999266 0.00709771 -0.0376482 -0.209283 -0.00753609 0.999905 -0.0115147 -0.181975 0.0375629 0.0117899 0.999225 11.2216
0.999169 0.00752203 -0.0400547 -0.238381 -0.00801095 0.999895 -0.0120597 -0.190865 0.0399599 0.0123705 0.999125 11.9675
0.999075 0.00643563 -0.0425156 -0.269224 -0.00720215 0.999814 -0.0179003 -0.204425 0.0423925 0.0181899 0.998936 12.7131
0.998974 0.00541986 -0.0449602 -0.301841 -0.00648168 0.999703 -0.0235048 -0.222115 0.0448194 0.0237721 0.998712 13.4584
0.998905 0.00608744 -0.0463846 -0.335489 -0.00721021 0.999684 -0.0240766 -0.239915 0.0462234 0.0243847 0.998634 14.2037
0.998888 0.00871775 -0.0463194 -0.369115 -0.00951817 0.999809 -0.0170879 -0.25204 0.0461616 0.0175098 0.99878 14.9493
0.998847 0.0106433 -0.046824 -0.403266 -0.0111666 0.999878 -0.0109285 -0.259641 0.046702 0.0114388 0.998843 15.6951
0.998806 0.0108167 -0.0476393 -0.438081 -0.0112509 0.999897 -0.00885705 -0.265983 0.0475387 0.00938247 0.998825 16.4408
0.998813 0.00946948 -0.0477887 -0.473014 -0.00995927 0.9999 -0.0100215 -0.273434 0.0476891 0.0104855 0.998807 17.1865
0.998822 0.00784775 -0.0478839 -0.508042 -0.00843342 0.999892 -0.0120414 -0.282446 0.0477843 0.0124311 0.99878 17.9322
0.998824 0.00711895 -0.0479624 -0.54331 -0.00780845 0.999869 -0.0142031 -0.293113 0.047855 0.0145609 0.998748 18.678
0.998905 0.00477019 -0.0465314 -0.57746 -0.00568365 0.999793 -0.0195189 -0.30798 0.0464287 0.019762 0.998726 19.4239
0.99904 0.00216492 -0.0437591 -0.609552 -0.00326371 0.999681 -0.0250535 -0.327002 0.0436909 0.0251723 0.998728 20.1699
0.999213 0.000238592 -0.0396658 -0.638782 -0.00139241 0.999576 -0.0290633 -0.348975 0.0396421 0.0290957 0.99879 20.9165
0.999311 -0.000785268 -0.0371028 -0.66646 -0.00038242 0.999505 -0.0314528 -0.372684 0.0371091 0.0314454 0.998816 21.6635
0.999377 -0.00136267 -0.0352524 -0.693123 0.000223173 0.999477 -0.0323074 -0.396964 0.0352781 0.0322795 0.998856 22.4109
0.999406 -0.00122571 -0.0344478 -0.719773 7.17566e-05 0.999439 -0.0334789 -0.422211 0.0344695 0.0334565 0.998846 23.1589
0.999475 -0.00110752 -0.0323597 -0.744959 -3.5343e-05 0.999376 -0.0352948 -0.448889 0.0323786 0.0352775 0.998853 23.9071
0.999549 0.000204736 -0.0300419 -0.769016 -0.00127421 0.999366 -0.0355834 -0.475778 0.0300156 0.0356056 0.998915 24.6564
0.999569 0.00173316 -0.029293 -0.792812 -0.00278449 0.999352 -0.035887 -0.502915 0.0292118 0.0359531 0.998926 25.406
0.999563 0.00351778 -0.0293435 -0.816824 -0.00459821 0.99931 -0.0368339 -0.530876 0.0291936 0.0369527 0.998891 26.1558
0.999611 0.00520522 -0.0273963 -0.839438 -0.0062145 0.9993 -0.0368848 -0.558829 0.0271851 0.0370407 0.998944 26.906
0.999613 0.00720933 -0.0268548 -0.86184 -0.00818893 0.999298 -0.0365481 -0.586518 0.0265724 0.0367538 0.998971 27.6566
0.999577 0.0092821 -0.0275532 -0.884925 -0.0102227 0.999362 -0.0341969 -0.612308 0.0272182 0.0344641 0.999035 28.4078
0.99949 0.010897 -0.0300026 -0.90998 -0.0118854 0.999386 -0.0329638 -0.637272 0.0296249 0.0333036 0.999006 29.1594
0.99943 0.0118684 -0.031592 -0.936223 -0.0129197 0.999362 -0.0332823 -0.662605 0.0311769 0.0336714 0.998946 29.9113
0.999357 0.013057 -0.0334001 -0.963842 -0.0141393 0.999376 -0.032377 -0.687233 0.0329565 0.0328284 0.998918 30.6639
0.999255 0.0130888 -0.0363001 -0.993735 -0.0141832 0.999447 -0.0300564 -0.710034 0.0358867 0.0305488 0.998888 31.4175
0.99917 0.0128543 -0.0386507 -1.0253 -0.0138869 0.99955 -0.0265685 -0.730172 0.0382917 0.0270831 0.9989 32.1717
0.99905 0.0128868 -0.0416144 -1.05902 -0.0137648 0.999686 -0.0208806 -0.746023 0.0413323 0.0214336 0.998915 32.9271
0.998893 0.0124442 -0.0453734 -1.0945 -0.0132588 0.999755 -0.0176961 -0.760215 0.0451421 0.0182781 0.998814 33.6882
0.998812 0.0122706 -0.0471569 -1.13105 -0.0129606 0.999812 -0.0143533 -0.77198 0.0469719 0.0149474 0.998784 34.4499
0.998665 0.0118147 -0.050293 -1.17012 -0.012387 0.999861 -0.0110828 -0.781381 0.050155 0.011691 0.998673 35.2126
0.998416 0.0107592 -0.055222 -1.21348 -0.0110974 0.999921 -0.00582279 -0.78764 0.055155 0.00642636 0.998457 35.9841
0.998132 0.00994994 -0.0602785 -1.26048 -0.010142 0.999944 -0.00288116 -0.792035 0.0602464 0.00348709 0.998178 36.7574
0.99788 0.00857005 -0.0645136 -1.31044 -0.00848784 0.999962 0.00154818 -0.793068 0.0645245 -0.000997365 0.997915 37.5317
0.997672 0.00618461 -0.0679092 -1.36247 -0.00566066 0.999952 0.00790537 -0.789226 0.0679548 -0.00750259 0.997661 38.308
0.997331 0.00347741 -0.0729299 -1.41803 -0.00259471 0.999921 0.0121948 -0.782391 0.0729666 -0.011973 0.997262 39.0861
0.997023 -0.000150211 -0.0771064 -1.47581 0.00116583 0.999913 0.013127 -0.775407 0.0770977 -0.0131779 0.996937 39.8679
0.996423 -0.00548923 -0.0843261 -1.53797 0.00683474 0.999853 0.0156757 -0.766622 0.0842277 -0.016196 0.996314 40.6546
0.996075 -0.0105852 -0.0878831 -1.60058 0.0121925 0.999767 0.0177733 -0.756617 0.0876745 -0.0187751 0.995973 41.4475
0.996082 -0.014209 -0.0872818 -1.65984 0.0161479 0.999637 0.0215473 -0.743924 0.0869441 -0.0228723 0.99595 42.2473
0.99624 -0.0125211 -0.0857247 -1.70994 0.0144228 0.999662 0.0216003 -0.732819 0.0854252 -0.0227555 0.996085 43.0662
0.996526 -0.0078399 -0.0829064 -1.75644 0.00947323 0.999768 0.0193257 -0.724304 0.0827357 -0.020044 0.996369 43.8888
0.997105 -0.00262808 -0.075987 -1.79646 0.00381828 0.999872 0.0155222 -0.719336 0.0759364 -0.0157675 0.996989 44.7128
0.997418 0.00241914 -0.071773 -1.83336 -0.00156892 0.999927 0.0118997 -0.717455 0.0717967 -0.0117564 0.997349 45.5372
0.997401 0.00746235 -0.071663 -1.87086 -0.00693505 0.999947 0.0076041 -0.719362 0.0717159 -0.00708739 0.997401 46.3622
0.997231 0.0116438 -0.0734419 -1.91019 -0.0114682 0.999929 0.00281108 -0.725374 0.0734695 -0.0019611 0.997295 47.1875
0.996915 0.0153726 -0.0769651 -1.95271 -0.01561 0.999875 -0.002483 -0.735928 0.0769172 0.00367671 0.997031 48.0131
0.996551 0.0193861 -0.0806812 -1.99858 -0.0199499 0.999781 -0.00618842 -0.749553 0.0805437 0.00777662 0.99672 48.8389
0.996198 0.0226362 -0.0841242 -2.04773 -0.0233529 0.999698 -0.00754518 -0.76432 0.083928 0.00948099 0.996427 49.6653
0.995926 0.0258784 -0.0863834 -2.09896 -0.0264983 0.99963 -0.00603768 -0.777778 0.0861953 0.00830205 0.996243 50.492
0.995822 0.0278749 -0.0869554 -2.15096 -0.0281783 0.9996 -0.00226269 -0.788043 0.0868575 0.00470345 0.99621 51.3195
0.99554 0.0285851 -0.0898969 -2.20585 -0.0289112 0.999579 -0.0023274 -0.79877 0.0897926 0.00491601 0.995948 52.1474
0.995228 0.0278739 -0.0935119 -2.26399 -0.0284279 0.999585 -0.00459634 -0.811567 0.0933449 0.00723271 0.995608 52.9754
0.995031 0.0265883 -0.095947 -2.3242 -0.0273845 0.9996 -0.00699111 -0.826326 0.0957228 0.00958377 0.995361 53.8034
0.994802 0.0247836 -0.0987639 -2.38709 -0.0256252 0.999645 -0.00726118 -0.841041 0.0985488 0.00975424 0.995085 54.6315
0.994726 0.0218377 -0.100208 -2.45111 -0.0225914 0.999724 -0.00639262 -0.854759 0.100041 0.00862268 0.994945 55.46
0.99477 0.0187312 -0.100414 -2.5154 -0.0193131 0.999801 -0.00482574 -0.867068 0.100303 0.00673977 0.994935 56.2887
0.994562 0.0172376 -0.102706 -2.58194 -0.0173894 0.999848 -0.000582848 -0.875692 0.10268 0.00236558 0.994711 57.1178
0.994331 0.0154409 -0.105204 -2.65071 -0.0152561 0.99988 0.00256193 -0.881792 0.105231 -0.000942454 0.994448 57.9475
0.993999 0.0124671 -0.108671 -2.72272 -0.0120547 0.999917 0.00444992 -0.886342 0.108717 -0.0031133 0.994067 58.7777
0.993573 0.00824079 -0.11289 -2.79884 -0.00766989 0.999955 0.00549086 -0.889976 0.11293 -0.00458976 0.993593 59.6085
0.993258 0.00434869 -0.115837 -2.87757 -0.00365272 0.999973 0.00621934 -0.893001 0.115861 -0.00575438 0.993248 60.4394
0.993069 0.00136988 -0.117529 -2.95787 -0.000425956 0.999967 0.00805646 -0.894423 0.117536 -0.00795059 0.993038 61.2708
0.992536 -0.00159391 -0.121942 -3.04223 0.00294026 0.999936 0.0108614 -0.893298 0.121917 -0.0111389 0.992477 62.1024
0.991805 -0.00468895 -0.127678 -3.13162 0.00626811 0.999908 0.0119694 -0.891291 0.12761 -0.0126717 0.991744 62.9341
0.990789 -0.00733635 -0.135211 -3.22755 0.00880338 0.999908 0.0102549 -0.890857 0.135123 -0.0113509 0.990763 63.7659
0.989987 -0.00965575 -0.140825 -3.32795 0.0109194 0.999906 0.00820303 -0.892098 0.140732 -0.00965864 0.990001 64.598
0.98924 -0.0114709 -0.14585 -3.43248 0.0131054 0.999861 0.0102506 -0.891233 0.145712 -0.0120518 0.989253 65.4301
0.988529 -0.0108022 -0.150644 -3.54086 0.0131477 0.999807 0.0145825 -0.88668 0.150457 -0.0163958 0.988481 66.2627
0.98788 -0.0107983 -0.15484 -3.65277 0.0142688 0.99967 0.0213197 -0.876215 0.154559 -0.0232709 0.987709 67.095
0.987398 -0.0116418 -0.157831 -3.76714 0.0158231 0.999555 0.0252618 -0.862534 0.157466 -0.0274408 0.987144 67.927
0.986877 -0.0129138 -0.160955 -3.88417 0.0173869 0.999499 0.0264135 -0.848032 0.160533 -0.0288655 0.986607 68.7587
0.986286 -0.0143945 -0.164414 -4.00416 0.0190693 0.999456 0.0268904 -0.833177 0.163938 -0.0296569 0.986025 69.5903
0.985808 -0.0160503 -0.167107 -4.12642 0.0210929 0.999372 0.0284443 -0.816957 0.166546 -0.0315655 0.985527 70.4217
0.985189 -0.0185365 -0.170466 -4.25162 0.024201 0.999219 0.0312118 -0.798263 0.169754 -0.034875 0.98487 71.2528
0.98446 -0.0214546 -0.174294 -4.38019 0.027642 0.999068 0.0331497 -0.777954 0.173421 -0.0374525 0.984135 72.0836
0.983804 -0.0243569 -0.177588 -4.51152 0.0313237 0.998841 0.0365323 -0.754629 0.176492 -0.0415034 0.983427 72.9141
0.982979 -0.0272451 -0.181685 -4.64644 0.034699 0.998676 0.0379741 -0.730221 0.18041 -0.0436322 0.982622 73.7441
0.982023 -0.0303872 -0.186297 -4.78533 0.0383034 0.998502 0.0390406 -0.704909 0.184832 -0.0454746 0.981718 74.5738
0.980747 -0.0332755 -0.192427 -4.92961 0.0413787 0.998411 0.0382451 -0.680402 0.190848 -0.0454713 0.980565 75.4026
0.979427 -0.0357654 -0.198605 -5.07919 0.0439743 0.998344 0.0370756 -0.656878 0.19695 -0.0450463 0.979379 76.2309
0.977989 -0.0378144 -0.2052 -5.2344 0.0460722 0.998303 0.0356129 -0.634622 0.203506 -0.0442832 0.978071 77.0578
0.976624 -0.038949 -0.211397 -5.39492 0.0475493 0.998228 0.0357517 -0.61214 0.20963 -0.0449678 0.976747 77.8839
0.975349 -0.0392156 -0.217155 -5.56029 0.0481899 0.998182 0.0361843 -0.589348 0.215342 -0.0457572 0.975466 78.7086
0.974343 -0.0387497 -0.221707 -5.72948 0.0478761 0.998206 0.0359376 -0.566901 0.219916 -0.04563 0.974452 79.5324
0.973537 -0.0377088 -0.225398 -5.90172 0.0468683 0.998272 0.0354229 -0.545008 0.223673 -0.0450496 0.973622 80.355
0.972699 -0.0367736 -0.229137 -6.0771 0.04571 0.998381 0.0338138 -0.524569 0.227523 -0.0433645 0.972808 81.1771
0.971833 -0.0359359 -0.232916 -6.25561 0.0444668 0.998514 0.031478 -0.506217 0.231439 -0.0409485 0.971987 81.9981
0.970864 -0.0356428 -0.236966 -6.4375 0.0433305 0.998687 0.0273122 -0.491512 0.235681 -0.0367842 0.971135 82.8184
0.969851 -0.0353216 -0.241124 -6.62285 0.0419238 0.998871 0.0223037 -0.481073 0.240065 -0.0317402 0.970237 83.6374
0.968923 -0.0349754 -0.244878 -6.81131 0.0404745 0.999027 0.0174591 -0.474706 0.244029 -0.0268279 0.969398 84.4558
0.968305 -0.0342336 -0.247413 -7.00175 0.0389841 0.999136 0.0143261 -0.470862 0.246709 -0.0235173 0.968804 85.2731
0.968162 -0.0333614 -0.248095 -7.1926 0.037592 0.999216 0.0123334 -0.468608 0.247489 -0.0212671 0.968658 86.09
0.968482 -0.0319861 -0.24702 -7.38237 0.0358829 0.999291 0.0112885 -0.467156 0.246484 -0.0197966 0.968944 86.9063
0.969333 -0.0308541 -0.24381 -7.56926 0.034194 0.999369 0.00947753 -0.467256 0.243363 -0.0175237 0.969778 87.7231
0.970812 -0.0302976 -0.237917 -7.7509 0.032935 0.999431 0.007117 -0.469334 0.237567 -0.0147452 0.971259 88.5401
0.972824 -0.030221 -0.22957 -7.92527 0.0320587 0.999476 0.00427894 -0.473759 0.22932 -0.0115223 0.973284 89.3582
0.975274 -0.0305577 -0.218877 -8.09035 0.0315298 0.999501 0.000948544 -0.480929 0.218739 -0.00782631 0.975751 90.177
0.978131 -0.0316742 -0.205565 -8.24396 0.0316382 0.999493 -0.00346288 -0.491761 0.205571 -0.00311655 0.978638 90.9974
0.981272 -0.0336733 -0.18966 -8.38385 0.0325907 0.999429 -0.00882503 -0.507001 0.189849 0.00247855 0.981809 91.8186
0.984602 -0.0362027 -0.171021 -8.50782 0.034119 0.999303 -0.0151085 -0.527383 0.171449 0.00904078 0.985153 92.6415
0.988033 -0.0392474 -0.149167 -8.61313 0.0362611 0.999084 -0.0226882 -0.553986 0.149921 0.0170078 0.988551 93.4652
0.991418 -0.0426443 -0.123585 -8.6968 0.0391551 0.998766 -0.030526 -0.586938 0.124734 0.0254251 0.991866 94.2904
0.994394 -0.0466943 -0.0948646 -8.75627 0.0432575 0.998341 -0.0379697 -0.625828 0.0964803 0.0336533 0.994765 95.1157
0.996697 -0.0508709 -0.0633123 -8.78939 0.048098 0.997847 -0.0445763 -0.669882 0.0654435 0.0413839 0.996999 95.941
0.998059 -0.0553407 -0.0285672 -8.79362 0.0538342 0.997243 -0.0510542 -0.719019 0.0313138 0.0494172 0.998287 96.7648
0.998164 -0.0598634 0.00933263 -8.7667 0.0602972 0.996574 -0.0565889 -0.772346 -0.00591325 0.0570477 0.998355 97.5861
0.996636 -0.064484 0.0505778 -8.70596 0.0674779 0.99592 -0.0599064 -0.827968 -0.0465086 0.0631178 0.996921 98.4034
0.993051 -0.0687995 0.0954901 -8.60876 0.0749756 0.995213 -0.0626704 -0.885486 -0.0907215 0.0693943 0.993457 99.2153
0.986982 -0.0722588 0.143682 -8.4726 0.0823042 0.994469 -0.0652385 -0.944736 -0.138174 0.076215 0.987471 100.019
0.977925 -0.0747897 0.195119 -8.29533 0.0893496 0.99375 -0.0669075 -1.00487 -0.188896 0.0828643 0.978496 100.811
0.965268 -0.0780416 0.249331 -8.0753 0.0974713 0.993011 -0.0665376 -1.06396 -0.242396 0.0885293 0.966129 101.588
0.952022 -0.0810185 0.295111 -7.82914 0.10521 0.992189 -0.0670151 -1.11979 -0.287377 0.0948486 0.953111 102.324
0.935021 -0.0840291 0.344491 -7.54573 0.113695 0.991267 -0.0668013 -1.17489 -0.33587 0.101628 0.936409 103.042
0.913563 -0.0848729 0.397744 -7.22645 0.122089 0.990107 -0.0691466 -1.22992 -0.387941 0.11173 0.914888 103.728
0.891107 -0.0860167 0.445566 -6.87342 0.130301 0.989023 -0.0696631 -1.28438 -0.434683 0.120135 0.892534 104.391
0.871018 -0.083382 0.484125 -6.50341 0.133175 0.988665 -0.0693229 -1.33409 -0.472857 0.124855 0.87225 105.008
0.846306 -0.0804512 0.526587 -6.10502 0.135751 0.988464 -0.0671559 -1.38124 -0.51511 0.128319 0.847464 105.6
0.821077 -0.0779995 0.565464 -5.68913 0.13318 0.989457 -0.0568988 -1.41651 -0.555065 0.122027 0.822809 106.147
0.796251 -0.0738835 0.600437 -5.25271 0.131241 0.989973 -0.052226 -1.44831 -0.590558 0.120387 0.797964 106.669
0.763643 -0.0742559 0.641355 -4.80435 0.137044 0.98937 -0.0486258 -1.47318 -0.630927 0.125027 0.765703 107.127
0.730643 -0.0762638 0.678486 -4.33529 0.141557 0.989069 -0.0412646 -1.49244 -0.667923 0.126194 0.733453 107.561
0.69847 -0.078115 0.711365 -3.85018 0.146147 0.988645 -0.0349348 -1.50705 -0.700559 0.128365 0.701956 107.968
0.66154 -0.0808855 0.745534 -3.34596 0.15048 0.988262 -0.0263067 -1.51566 -0.734656 0.129591 0.665947 108.349
0.61958 -0.0842133 0.780404 -2.82243 0.154566 0.987851 -0.0161145 -1.51745 -0.769566 0.130608 0.62507 108.702
0.576996 -0.086276 0.812177 -2.282 0.157958 0.987418 -0.00732714 -1.51358 -0.801327 0.132518 0.583364 109.025
0.533166 -0.0854246 0.841688 -1.72615 0.160457 0.987041 -0.00146407 -1.50596 -0.830656 0.135835 0.539964 109.32
0.489876 -0.0836982 0.867764 -1.15694 0.162175 0.986755 0.00362284 -1.49499 -0.856575 0.138955 0.496961 109.585
0.44838 -0.0828858 0.889993 -0.57699 0.163241 0.986539 0.00963613 -1.48004 -0.878811 0.140963 0.455875 109.824
0.410198 -0.0826384 0.908244 0.0117246 0.163967 0.98634 0.0156903 -1.4612 -0.897135 0.142486 0.418145 110.037
0.377544 -0.081594 0.922391 0.606903 0.164692 0.986145 0.0198238 -1.43986 -0.911229 0.144426 0.385752 110.231
0.34913 -0.0805945 0.933601 1.20699 0.165376 0.985955 0.0232696 -1.41633 -0.922366 0.146272 0.357555 110.405
0.327885 -0.0820472 0.941149 1.8099 0.164608 0.985944 0.0286051 -1.38938 -0.930268 0.145541 0.336782 110.567
0.309974 -0.0848726 0.946948 2.41504 0.162768 0.986039 0.0350956 -1.3584 -0.936708 0.143254 0.319461 110.717
0.293925 -0.0884437 0.951729 3.02175 0.160251 0.986175 0.0421542 -1.32311 -0.9423 0.140125 0.304035 110.858
0.274288 -0.0893977 0.957482 3.63058 0.158612 0.986238 0.046645 -1.28534 -0.948476 0.139074 0.284693 110.986
0.257809 -0.0870405 0.962268 4.24119 0.1588 0.986207 0.0466606 -1.2479 -0.953058 0.140779 0.268075 111.103
0.243403 -0.0847263 0.966217 4.85317 0.159183 0.986159 0.0463744 -1.21061 -0.956773 0.142518 0.253521 111.211
0.232664 -0.0812759 0.969156 5.46608 0.159531 0.986193 0.0444065 -1.17461 -0.959385 0.144278 0.242418 111.313
0.225669 -0.0786363 0.971024 6.07961 0.159263 0.986305 0.0428604 -1.13949 -0.961098 0.144976 0.235102 111.409
0.222359 -0.0775135 0.97188 6.69332 0.158757 0.986408 0.0423501 -1.10465 -0.961954 0.144876 0.231642 111.505
0.22127 -0.0787658 0.972026 7.30686 0.158162 0.986435 0.0439297 -1.06873 -0.962301 0.144017 0.230726 111.599
0.222816 -0.079407 0.971622 7.9201 0.157718 0.986482 0.0444531 -1.03259 -0.962019 0.143337 0.232328 111.695
0.22655 -0.0801207 0.970698 8.53306 0.157328 0.986533 0.0447088 -0.996287 -0.961209 0.14259 0.236104 111.793
0.231352 -0.0806361 0.969523 9.14668 0.155888 0.986754 0.0448707 -0.959997 -0.960301 0.140756 0.240858 111.895
0.235947 -0.0796902 0.968492 9.75997 0.154792 0.986988 0.0435011 -0.924704 -0.959358 0.139651 0.245213 112
0.240042 -0.0786001 0.967576 10.3732 0.153925 0.987189 0.0420068 -0.890355 -0.958483 0.138851 0.249065 112.108
0.244884 -0.0784079 0.966376 10.9859 0.153252 0.987324 0.0412726 -0.85644 -0.957364 0.137993 0.253796 112.218
0.248957 -0.0797799 0.965224 11.5985 0.152703 0.987369 0.0422242 -0.821871 -0.956402 0.136881 0.257995 112.332
0.252597 -0.0818471 0.964103 12.2109 0.152435 0.987338 0.0438813 -0.78618 -0.955489 0.135879 0.261875 112.448
0.255282 -0.0844842 0.963169 12.8231 0.152758 0.987187 0.0461036 -0.749056 -0.954724 0.135362 0.264917 112.567
0.258392 -0.0871497 0.962101 13.4349 0.153092 0.987031 0.0482917 -0.710537 -0.953832 0.134812 0.268383 112.687
0.261058 -0.0901135 0.961109 14.0462 0.153308 0.986867 0.050887 -0.670281 -0.953073 0.134061 0.271444 112.81
0.263893 -0.0941868 0.959942 14.6568 0.154347 0.986519 0.0543635 -0.627702 -0.952123 0.133819 0.274873 112.934
0.266277 -0.0976131 0.958942 15.2669 0.155826 0.986132 0.0571116 -0.5834 -0.951219 0.13422 0.277794 113.062
0.26962 -0.101115 0.957643 15.8765 0.15682 0.985806 0.0599366 -0.537302 -0.950112 0.134017 0.28165 113.191
0.272182 -0.10099 0.956932 16.4862 0.15829 0.985628 0.0589962 -0.491942 -0.949138 0.135415 0.284256 113.323
0.275112 -0.101252 0.956065 17.0955 0.15977 0.985425 0.0583872 -0.446726 -0.948044 0.136688 0.287279 113.456
0.276947 -0.102266 0.955428 17.7052 0.161073 0.985191 0.0587625 -0.401073 -0.94729 0.13762 0.289318 113.591
0.278837 -0.106729 0.954389 18.3149 0.161059 0.984926 0.0630888 -0.352354 -0.946736 0.136121 0.291824 113.728
0.282676 -0.112893 0.952549 18.9243 0.159771 0.984719 0.0692925 -0.2996 -0.945817 0.132603 0.296393 113.869
0.288986 -0.11901 0.949907 19.5324 0.15875 0.984462 0.075043 -0.243339 -0.944079 0.129111 0.303389 114.015
0.296092 -0.125143 0.946927 20.1393 0.157818 0.984163 0.0807167 -0.183587 -0.942033 0.125543 0.311152 114.166
0.302714 -0.129592 0.94423 20.7445 0.156449 0.98403 0.0848974 -0.121373 -0.940153 0.122024 0.318155 114.321
0.308195 -0.126875 0.942825 21.3495 0.156324 0.984348 0.0813629 -0.062027 -0.938393 0.122311 0.323205 114.481
0.311673 -0.121022 0.942451 21.955 0.156373 0.984865 0.0747546 -0.00705934 -0.937234 0.124075 0.32588 114.641
0.31334 -0.117497 0.942345 22.5611 0.155408 0.985282 0.0711755 0.0458808 -0.93684 0.124146 0.326988 114.803
0.315094 -0.119988 0.941445 23.1674 0.152951 0.985429 0.0744025 0.101357 -0.936654 0.120551 0.328855 114.967
0.317898 -0.125678 0.939759 23.7733 0.149664 0.9854 0.0811544 0.161245 -0.936239 0.114849 0.332066 115.134
0.323011 -0.129268 0.937525 24.3787 0.146901 0.985469 0.0852657 0.223433 -0.934925 0.110182 0.337307 115.304
0.327376 -0.130189 0.935883 24.9843 0.143976 0.985769 0.0867654 0.286313 -0.933862 0.10634 0.341462 115.478
0.332256 -0.128213 0.934434 25.5895 0.140898 0.986348 0.0852371 0.347884 -0.932606 0.103339 0.345785 115.655
0.33564 -0.12617 0.933503 26.1946 0.138568 0.986821 0.083554 0.408164 -0.931744 0.10131 0.3487 115.834
0.339796 -0.123825 0.932312 26.7992 0.137464 0.987188 0.0810124 0.466586 -0.930399 0.100632 0.352464 116.016
0.34327 -0.120572 0.931466 27.4036 0.137194 0.987525 0.0772694 0.522347 -0.929164 0.101267 0.35553 116.2
0.346908 -0.121043 0.930055 28.0073 0.135617 0.987689 0.0779593 0.57906 -0.928043 0.0990863 0.359053 116.386
0.351827 -0.121854 0.928101 28.6103 0.13372 0.987864 0.0790098 0.636462 -0.926466 0.0963075 0.363852 116.577
0.356121 -0.121842 0.926462 29.2124 0.132027 0.988077 0.0791949 0.693824 -0.925066 0.0941155 0.367961 116.77
0.359445 -0.12054 0.925349 29.8143 0.13059 0.988361 0.0780217 0.75029 -0.923985 0.0927971 0.371003 116.965
0.36177 -0.119179 0.924618 30.416 0.129107 0.988643 0.076916 0.806036 -0.923284 0.0915486 0.373048 117.162
0.364745 -0.116642 0.923773 31.0182 0.128517 0.988932 0.0741258 0.859755 -0.922197 0.091683 0.375698 117.361
0.368852 -0.117804 0.921993 31.6262 0.13712 0.987979 0.0713787 0.910985 -0.919319 0.100095 0.380571 117.571
0.370706 -0.11973 0.921001 32.2344 0.145138 0.98694 0.0698834 0.961645 -0.917341 0.107766 0.383242 117.783
0.37083 -0.121123 0.920768 32.8431 0.152174 0.985983 0.0684148 1.01164 -0.916149 0.114747 0.384063 117.996
0.372358 -0.122576 0.91996 33.4527 0.157564 0.985199 0.0674946 1.06135 -0.914618 0.11982 0.38616 118.212
0.375599 -0.12417 0.918426 34.0621 0.161893 0.984538 0.0669007 1.11091 -0.912533 0.123559 0.389894 118.431
0.378919 -0.124385 0.917033 34.6719 0.166542 0.983912 0.0646418 1.15892 -0.910322 0.12823 0.393539 118.655
0.384084 -0.122887 0.915084 35.2812 0.171292 0.983382 0.0601631 1.20381 -0.90727 0.133639 0.398751 118.883
0.390185 -0.120352 0.912837 35.8884 0.175398 0.98298 0.0546271 1.24505 -0.903877 0.138795 0.404654 119.115
0.395983 -0.117915 0.910656 36.4935 0.178321 0.982716 0.0497058 1.2833 -0.900777 0.142706 0.410165 119.35
0.399536 -0.118235 0.909062 37.0977 0.181262 0.982257 0.0480898 1.32104 -0.89862 0.145565 0.413879 119.588
0.403667 -0.118688 0.907175 37.7005 0.183985 0.981824 0.0465869 1.35793 -0.896216 0.148101 0.418167 119.828
0.407442 -0.119928 0.905323 38.3024 0.186354 0.981398 0.0461367 1.39479 -0.894016 0.149912 0.422212 120.072
0.411738 -0.119988 0.903368 38.9027 0.188261 0.98111 0.0445081 1.43058 -0.891645 0.151743 0.426549 120.318
0.417336 -0.118966 0.900932 39.5018 0.190003 0.980904 0.0415121 1.46429 -0.888668 0.153855 0.431971 120.569
0.421578 -0.119152 0.89893 40.0989 0.191593 0.980654 0.0401312 1.49718 -0.886321 0.155311 0.436251 120.822
0.424527 -0.119149 0.897542 40.6953 0.193384 0.980359 0.0386752 1.52912 -0.884523 0.157152 0.439231 121.078
0.426074 -0.119731 0.896731 41.2908 0.194558 0.980138 0.038425 1.56098 -0.883521 0.158094 0.440906 121.334
0.425013 -0.119247 0.897299 41.887 0.195853 0.979917 0.0374599 1.59209 -0.883746 0.159817 0.439833 121.591
0.42226 -0.11665 0.898938 42.4835 0.197212 0.979754 0.0344997 1.62116 -0.884762 0.162714 0.436716 121.844
0.418814 -0.114708 0.900799 43.0807 0.201305 0.979035 0.0310769 1.64754 -0.885479 0.168319 0.433125 122.096
0.414378 -0.11327 0.903029 43.6787 0.204919 0.978359 0.0286864 1.67255 -0.886736 0.173161 0.428621 122.344
0.411298 -0.113261 0.904438 44.2778 0.207724 0.977786 0.0279829 1.69737 -0.887517 0.176364 0.425689 122.591
0.408723 -0.113882 0.905525 44.8773 0.21037 0.977223 0.0279446 1.72229 -0.888082 0.179074 0.423371 122.836
0.406882 -0.113026 0.906462 45.4778 0.212396 0.976825 0.026462 1.74623 -0.888446 0.181762 0.421459 123.081
0.406539 -0.113388 0.90657 46.0781 0.213978 0.976488 0.026177 1.7702 -0.888223 0.183344 0.421243 123.325
0.406956 -0.114912 0.906192 46.6784 0.21562 0.976104 0.0269466 1.79483 -0.887635 0.184427 0.422009 123.571
0.408207 -0.117826 0.905254 47.278 0.217466 0.97564 0.0289249 1.82091 -0.886609 0.185055 0.423886 123.817
0.410248 -0.119761 0.904077 47.8771 0.218887 0.975292 0.029869 1.84762 -0.885317 0.185637 0.426326 124.066
0.413009 -0.121206 0.902625 48.4753 0.220104 0.975009 0.0302143 1.87459 -0.88373 0.186193 0.429365 124.316
0.416358 -0.119288 0.901342 49.073 0.221363 0.974823 0.0267582 1.89895 -0.881842 0.188383 0.432282 124.569
0.418974 -0.116571 0.900484 49.6712 0.224759 0.974177 0.0215356 1.91948 -0.879741 0.193369 0.434355 124.824
0.421086 -0.113883 0.899843 50.2706 0.230204 0.973019 0.0154194 1.93573 -0.877322 0.200654 0.435942 125.082
0.425578 -0.11202 0.897961 50.8692 0.235942 0.971722 0.00939921 1.94799 -0.873622 0.207867 0.439974 125.344
0.428979 -0.114046 0.896087 51.4701 0.244573 0.969609 0.00632081 1.95759 -0.869576 0.216447 0.443835 125.612
0.433095 -0.119005 0.893457 52.0692 0.252334 0.967618 0.00656637 1.96768 -0.865308 0.222606 0.449099 125.885
0.43519 -0.123393 0.891844 52.6679 0.260135 0.965548 0.00665369 1.97806 -0.86194 0.229104 0.452296 126.16
0.436709 -0.126908 0.890606 53.2657 0.267546 0.963526 0.00610699 1.98828 -0.858898 0.235612 0.454734 126.437
0.43664 -0.12904 0.890334 53.8641 0.274536 0.961564 0.00472549 1.99772 -0.856724 0.242366 0.455284 126.714
0.437304 -0.132076 0.889562 54.4624 0.280121 0.959953 0.00482066 2.00769 -0.854575 0.247078 0.456788 126.993
0.438696 -0.135309 0.888391 55.0606 0.285148 0.958469 0.00517447 2.01817 -0.852196 0.251052 0.45906 127.274
0.441496 -0.135433 0.886983 55.6572 0.290935 0.956742 0.00127197 2.02558 -0.848786 0.257493 0.4618 127.556
0.443706 -0.136826 0.885666 56.2533 0.296195 0.955126 -0.000832786 2.03187 -0.845809 0.2627 0.464323 127.842
0.445515 -0.138376 0.884515 56.848 0.301319 0.95352 -0.0025978 2.03716 -0.843044 0.267679 0.466503 128.127
0.446717 -0.139995 0.883655 57.4428 0.306411 0.95189 -0.0040955 2.04163 -0.840569 0.272591 0.468122 128.415
0.44893 -0.141668 0.882265 58.0362 0.310789 0.950463 -0.00552268 2.04524 -0.837779 0.276678 0.47072 128.704
0.449193 -0.14369 0.881805 58.63 0.314541 0.949227 -0.00555078 2.04911 -0.836236 0.279857 0.471583 128.995
0.450918 -0.146822 0.880407 59.2225 0.317734 0.948169 -0.00461186 2.05375 -0.834097 0.281815 0.474197 129.287
0.452157 -0.148285 0.879526 59.8156 0.319661 0.94752 -0.00458635 2.05833 -0.832689 0.283224 0.47583 129.581
0.453013 -0.149872 0.878815 60.4078 0.321665 0.946844 -0.00433886 2.0631 -0.831451 0.284651 0.477142 129.875
0.454325 -0.151699 0.877825 61.0002 0.323469 0.94623 -0.00389321 2.06825 -0.830035 0.285717 0.478966 130.172
0.454719 -0.153552 0.877298 61.5917 0.323766 0.946135 -0.00221308 2.07477 -0.829703 0.285046 0.47994 130.468
0.455715 -0.153927 0.876716 62.1833 0.323922 0.94608 -0.00226829 2.08119 -0.829096 0.285021 0.481003 130.767
0.45745 -0.152991 0.875976 62.7745 0.323905 0.946082 -0.00391302 2.08638 -0.828146 0.285523 0.482339 131.065
0.459384 -0.15103 0.875304 63.3661 0.323754 0.946117 -0.00666638 2.08971 -0.827134 0.286446 0.483528 131.366
0.459664 -0.148756 0.875546 63.9579 0.323865 0.946058 -0.00929429 2.09126 -0.826935 0.287831 0.483045 131.666
0.461921 -0.147525 0.874566 64.5499 0.32358 0.946132 -0.0113085 2.09146 -0.825788 0.288215 0.484775 131.968
0.463685 -0.1482 0.873517 65.1414 0.323346 0.946216 -0.0111068 2.09186 -0.82489 0.287599 0.486666 132.272
0.466963 -0.149173 0.871604 65.7327 0.323088 0.946302 -0.0111369 2.09214 -0.82314 0.286805 0.490085 132.579
0.471431 -0.150309 0.868999 66.3224 0.322512 0.946499 -0.0112479 2.09223 -0.820817 0.285566 0.494685 132.888
0.477793 -0.152294 0.865171 66.9104 0.321391 0.946884 -0.0108115 2.09262 -0.817571 0.283224 0.501361 133.204
0.482868 -0.155025 0.861861 67.4966 0.320049 0.947359 -0.00890728 2.09427 -0.815112 0.280139 0.507065 133.523
0.486639 -0.15647 0.859476 68.0842 0.31778 0.948135 -0.0073184 2.09652 -0.813756 0.276686 0.511123 133.848
0.491314 -0.155668 0.856959 68.6707 0.315911 0.948748 -0.00877703 2.09715 -0.811672 0.275035 0.51531 134.176
0.496791 -0.151661 0.854516 69.257 0.314419 0.949175 -0.0143325 2.09334 -0.808913 0.275796 0.519227 134.508
0.500972 -0.1456 0.853128 69.8425 0.313065 0.949482 -0.0217927 2.08403 -0.806857 0.278002 0.521246 134.841
0.50614 -0.142766 0.850553 70.4277 0.311517 0.949886 -0.0259352 2.07206 -0.804226 0.278088 0.52525 135.179
0.508881 -0.141841 0.849071 71.0121 0.310602 0.950144 -0.0274292 2.05912 -0.80285 0.277681 0.527566 135.518
0.513655 -0.143274 0.84595 71.5955 0.308883 0.950729 -0.0265312 2.04693 -0.800469 0.274928 0.532602 135.862
0.515994 -0.144848 0.844257 72.1783 0.30776 0.951138 -0.0249117 2.03572 -0.799397 0.272683 0.535359 136.207
0.519918 -0.148355 0.841235 72.762 0.30687 0.951499 -0.021858 2.02649 -0.797193 0.269514 0.540228 136.561
0.52475 -0.148623 0.838181 73.343 0.307122 0.951378 -0.0235815 2.01542 -0.793923 0.269798 0.544881 136.916
0.526887 -0.149493 0.836685 73.9239 0.308216 0.951008 -0.0241744 2.004 -0.792081 0.270617 0.547151 137.275
0.529877 -0.150235 0.834661 74.5034 0.310514 0.95021 -0.026094 1.99098 -0.789185 0.273001 0.550144 137.635
0.534485 -0.150271 0.831712 75.0815 0.313071 0.949265 -0.0296798 1.97532 -0.785056 0.276248 0.554414 138
0.536283 -0.150057 0.830592 75.6583 0.315772 0.948276 -0.032564 1.95775 -0.782745 0.279742 0.555928 138.365
0.537507 -0.15014 0.829785 76.236 0.317408 0.947674 -0.0341352 1.93925 -0.781242 0.281728 0.557038 138.732
0.539141 -0.153681 0.828075 76.8123 0.318399 0.947434 -0.0314693 1.92289 -0.779712 0.280625 0.559733 139.101
0.542567 -0.155028 0.825583 77.3876 0.318022 0.947573 -0.0310661 1.90657 -0.777485 0.279409 0.563425 139.473
0.54378 -0.155194 0.824753 77.9622 0.317632 0.947704 -0.0310919 1.89019 -0.776798 0.278875 0.564637 139.846
0.544235 -0.151827 0.82508 78.5378 0.317341 0.947667 -0.0349383 1.87085 -0.776597 0.280846 0.563936 140.219
0.544588 -0.149422 0.825286 79.1132 0.316919 0.947709 -0.0375397 1.84976 -0.776523 0.281992 0.563465 140.591
0.544387 -0.149215 0.825457 79.69 0.316418 0.947884 -0.0373316 1.82907 -0.776867 0.281512 0.56323 140.965
0.545111 -0.149291 0.824964 80.2659 0.316092 0.947995 -0.0373074 1.80835 -0.776493 0.281101 0.563952 141.338
0.54504 -0.149357 0.824999 80.8434 0.315784 0.948109 -0.0369802 1.78802 -0.776667 0.280677 0.563923 141.712
0.544713 -0.145983 0.825818 81.4213 0.314947 0.948261 -0.0401125 1.76511 -0.777237 0.281939 0.562507 142.085
0.545127 -0.146492 0.825455 82 0.31604 0.947881 -0.040492 1.74225 -0.776502 0.28295 0.563014 142.461
0.544354 -0.148181 0.825664 82.5782 0.317827 0.947324 -0.0395252 1.72022 -0.776316 0.283934 0.562776 142.835
0.543146 -0.149489 0.826224 83.1576 0.319919 0.94664 -0.0390335 1.69855 -0.776302 0.285526 0.561988 143.211
0.541487 -0.150077 0.827205 83.7373 0.321882 0.945973 -0.0390784 1.67682 -0.77665 0.287423 0.560539 143.584
0.539514 -0.149121 0.828667 84.3191 0.323724 0.945277 -0.0406589 1.65391 -0.777256 0.290195 0.558265 143.957
0.539047 -0.148627 0.829058 84.9005 0.325078 0.944754 -0.0419949 1.63009 -0.777016 0.292146 0.557583 144.329
0.537504 -0.148236 0.83013 85.4838 0.32619 0.944345 -0.0425739 1.60593 -0.777618 0.293663 0.555943 144.702
0.535998 -0.149457 0.830884 86.0674 0.32704 0.944114 -0.041146 1.58291 -0.778301 0.293786 0.554921 145.073
0.53471 -0.14907 0.831784 86.6528 0.327817 0.943825 -0.0415858 1.55944 -0.778859 0.294909 0.553541 145.445
0.535363 -0.145286 0.832032 87.2382 0.327568 0.943708 -0.0459832 1.53267 -0.778516 0.297165 0.552817 145.816
0.535823 -0.13956 0.832717 87.8249 0.327301 0.943461 -0.052486 1.50121 -0.778311 0.300672 0.551207 146.187
0.533724 -0.137122 0.834468 88.4123 0.328114 0.943041 -0.0548979 1.46836 -0.779411 0.303101 0.548315 146.555
0.531774 -0.13838 0.835505 89.0018 0.329 0.942827 -0.053243 1.43697 -0.780369 0.303194 0.546899 146.923
0.530582 -0.142667 0.835541 89.5908 0.329223 0.943029 -0.0480411 1.40947 -0.781086 0.300569 0.547324 147.291
0.530944 -0.144178 0.835052 90.1807 0.329382 0.943045 -0.0466038 1.38267 -0.780773 0.299795 0.548195 147.662
0.530445 -0.142282 0.835694 90.7712 0.330079 0.94268 -0.0490162 1.35402 -0.780819 0.301846 0.547003 148.031
0.530518 -0.139449 0.836125 91.3631 0.330782 0.942232 -0.0527341 1.3227 -0.78047 0.304552 0.545999 148.4
0.530118 -0.139035 0.836448 91.9548 0.332376 0.941592 -0.0541388 1.29083 -0.780066 0.306715 0.545366 148.768
0.528176 -0.137566 0.837918 92.5482 0.33476 0.940602 -0.0565886 1.25726 -0.780363 0.31039 0.542856 149.136
0.5272 -0.135567 0.838857 93.1414 0.336934 0.939621 -0.0599025 1.22139 -0.780088 0.31422 0.541045 149.501
0.52598 -0.134524 0.839791 93.7362 0.338783 0.938832 -0.0617989 1.18439 -0.78011 0.317012 0.539382 149.866
0.524932 -0.136024 0.840205 94.3303 0.340222 0.938387 -0.0606401 1.14839 -0.78019 0.317688 0.538868 150.231
0.521725 -0.138159 0.841853 94.9265 0.342002 0.937905 -0.0580285 1.11436 -0.781561 0.318191 0.53658 150.594
0.517886 -0.139489 0.844 95.5235 0.34402 0.937279 -0.0561885 1.08153 -0.783228 0.319452 0.53339 150.954
0.513339 -0.140431 0.846619 96.1231 0.345261 0.936956 -0.0539294 1.05035 -0.785671 0.319988 0.529462 151.313
0.50726 -0.139974 0.850349 96.7247 0.346173 0.936711 -0.0523126 1.02021 -0.78921 0.320904 0.523611 151.666
0.499417 -0.138289 0.855255 97.3304 0.347012 0.936461 -0.0512137 0.990781 -0.793831 0.32236 0.515673 152.015
0.490405 -0.13707 0.860647 97.939 0.348034 0.936189 -0.0492117 0.962844 -0.798985 0.323668 0.506817 152.356
0.480752 -0.135803 0.866278 98.5522 0.349085 0.935911 -0.0470099 0.936483 -0.804375 0.325004 0.497348 152.692
0.471341 -0.135606 0.871463 99.1682 0.350889 0.935372 -0.0442316 0.912146 -0.809145 0.326636 0.488462 153.02
0.462512 -0.135829 0.876148 99.7883 0.352864 0.93476 -0.0413587 0.889894 -0.81337 0.32829 0.480267 153.344
0.453629 -0.135369 0.880849 100.411 0.354666 0.934176 -0.0390844 0.869238 -0.817579 0.330137 0.471779 153.66
0.444411 -0.134693 0.88564 101.037 0.356545 0.933547 -0.0369344 0.850115 -0.821812 0.332185 0.462903 153.972
0.437272 -0.132659 0.889491 101.666 0.356301 0.933681 -0.0359072 0.831444 -0.825738 0.332628 0.455539 154.277
0.431312 -0.132492 0.892422 102.297 0.35648 0.933696 -0.033669 0.814527 -0.82879 0.332652 0.449946 154.58
0.427047 -0.133301 0.89435 102.929 0.356307 0.933856 -0.0309455 0.799509 -0.83107 0.331879 0.446295 154.879
0.424686 -0.134954 0.895226 103.561 0.3563 0.933945 -0.0282348 0.786463 -0.832282 0.33096 0.444718 155.178
0.42302 -0.13614 0.895834 104.194 0.356478 0.933931 -0.0264022 0.774613 -0.833054 0.330514 0.443602 155.475
0.422937 -0.136918 0.895756 104.827 0.356739 0.93385 -0.0256959 0.763179 -0.832984 0.330419 0.443805 155.773
0.424123 -0.133028 0.89578 105.459 0.358513 0.933003 -0.0311887 0.747429 -0.831619 0.334377 0.4434 156.07
0.425999 -0.130259 0.895298 106.092 0.359679 0.932401 -0.035484 0.728816 -0.830155 0.337136 0.444053 156.369
0.428022 -0.128966 0.894519 106.723 0.360641 0.931922 -0.038206 0.70847 -0.828696 0.338953 0.445392 156.668
0.430153 -0.128848 0.893514 107.354 0.361266 0.931622 -0.0395758 0.687314 -0.827319 0.33982 0.447289 156.969
0.432396 -0.129625 0.892317 107.983 0.362445 0.93113 -0.0403692 0.665701 -0.825632 0.340872 0.449598 157.27
0.436058 -0.129431 0.890563 108.612 0.363664 0.930545 -0.0428242 0.642241 -0.823166 0.342539 0.452842 157.574
0.439836 -0.126824 0.889078 109.238 0.364605 0.929939 -0.0477203 0.615129 -0.820737 0.345152 0.45526 157.879
0.444459 -0.125174 0.887011 109.863 0.365416 0.929393 -0.0519456 0.585138 -0.81788 0.347215 0.458819 158.188
0.449635 -0.122768 0.884735 110.485 0.364078 0.929682 -0.0560249 0.552225 -0.815645 0.347304 0.462714 158.498
0.457729 -0.121875 0.880699 111.104 0.362497 0.930071 -0.0596937 0.516793 -0.811838 0.346574 0.4699 158.814
0.465034 -0.120922 0.876995 111.721 0.361041 0.930409 -0.0631583 0.478998 -0.808328 0.346002 0.476329 159.133
0.472798 -0.119426 0.873041 112.334 0.360142 0.930433 -0.067759 0.437936 -0.804214 0.346454 0.482918 159.457
0.480918 -0.118592 0.868707 112.944 0.359247 0.930472 -0.0718552 0.394061 -0.799788 0.346637 0.490084 159.786
0.487577 -0.118766 0.864965 113.552 0.360263 0.929797 -0.0754116 0.347755 -0.795286 0.348384 0.496136 160.119
0.493479 -0.119481 0.861511 114.156 0.361208 0.929214 -0.0780316 0.299798 -0.791207 0.349692 0.501704 160.455
0.499224 -0.11907 0.858253 114.758 0.361954 0.928608 -0.0817088 0.249409 -0.787252 0.351439 0.506682 160.794
0.504926 -0.117662 0.855105 115.356 0.362559 0.927947 -0.0863998 0.195766 -0.783328 0.353652 0.511203 161.135
0.511132 -0.114718 0.851813 115.953 0.36319 0.927054 -0.0930814 0.137431 -0.778998 0.356946 0.515512 161.481
0.51797 -0.111666 0.848078 116.545 0.364184 0.925887 -0.100517 0.0740235 -0.774002 0.360921 0.520247 161.827
0.525246 -0.110379 0.843762 117.135 0.364781 0.925032 -0.106067 0.00701902 -0.768799 0.363499 0.526134 162.179
0.534427 -0.10917 0.838133 117.72 0.364998 0.924204 -0.112355 -0.0643533 -0.762342 0.365963 0.533766 162.535
0.544968 -0.109134 0.831324 118.301 0.364974 0.923506 -0.118021 -0.139572 -0.754854 0.367729 0.543114 162.899
0.555959 -0.110657 0.82381 118.874 0.365234 0.922817 -0.122526 -0.21772 -0.74667 0.369003 0.553463 163.269
0.568019 -0.110377 0.815581 119.443 0.364564 0.922185 -0.1291 -0.300515 -0.737868 0.370662 0.564058 163.647
0.581964 -0.110513 0.80567 120.003 0.363544 0.921568 -0.13619 -0.388146 -0.72743 0.372155 0.576495 164.032
0.59857 -0.110741 0.793379 120.556 0.361725 0.921042 -0.144345 -0.481427 -0.714751 0.373386 0.591367 164.429
0.616692 -0.109878 0.779497 121.098 0.359101 0.920446 -0.154353 -0.581671 -0.700527 0.375107 0.607089 164.835
0.636502 -0.109039 0.763529 121.629 0.355508 0.919998 -0.164977 -0.689146 -0.684457 0.376448 0.624345 165.254
0.656773 -0.1057 0.746643 122.147 0.35012 0.919679 -0.177781 -0.805446 -0.667882 0.378177 0.641028 165.683
0.677291 -0.103062 0.728462 122.653 0.343654 0.919802 -0.189382 -0.929078 -0.650523 0.378605 0.658392 166.123
0.695176 -0.0994033 0.711932 123.146 0.33699 0.919886 -0.20062 -1.0602 -0.634955 0.379381 0.67298 166.572
0.711273 -0.0958437 0.696351 123.628 0.330153 0.920137 -0.210583 -1.19784 -0.620556 0.379684 0.686113 167.03
0.724095 -0.0923687 0.683486 124.101 0.323447 0.920737 -0.218232 -1.34009 -0.609155 0.379093 0.696577 167.492
0.732096 -0.0896987 0.67527 124.567 0.318284 0.921474 -0.222666 -1.48441 -0.602272 0.37794 0.703158 167.959
0.732103 -0.0870478 0.675609 125.031 0.315918 0.922079 -0.223531 -1.62803 -0.603508 0.377085 0.702556 168.42
0.725999 -0.0858086 0.682321 125.498 0.316985 0.922252 -0.221294 -1.76864 -0.610284 0.376945 0.696755 168.875
0.719101 -0.0836767 0.689848 125.966 0.318263 0.922144 -0.219905 -1.90749 -0.61774 0.377688 0.689746 169.321
