0.999996 -3.36912e-05 0.00293558 0.00231875 3.42671e-05 1 -0.000195125 -0.000231974 -0.00293557 0.000195225 0.999996 0.751289
0.999968 -0.000590313 0.00798048 0.00841002 0.000580442 0.999999 0.00123741 0.000621069 -0.0079812 -0.00123274 0.999967 1.50487
0.999928 -0.00160789 0.0118497 0.0169512 0.00160885 0.999999 -7.20462e-05 0.000112378 -0.0118495 9.11043e-05 0.99993 2.26167
0.999911 -0.00373665 0.0127938 0.0257813 0.003736 0.999993 7.50027e-05 -0.000255805 -0.012794 -2.72063e-05 0.999918 3.02171
0.999908 -0.00670917 0.0118102 0.0337627 0.00674801 0.999972 -0.0032522 -0.0035822 -0.0117881 0.0033316 0.999925 3.7851
0.99982 -0.0123379 0.0144409 0.0437357 0.0124349 0.999901 -0.00664465 -0.00977545 -0.0143575 0.00682301 0.999874 4.55157
0.999723 -0.0196933 0.0128624 0.0522752 0.0198274 0.99975 -0.0103774 -0.0193493 -0.0126548 0.0106296 0.999864 5.32654
0.999587 -0.0267875 0.010375 0.0589113 0.0269108 0.999567 -0.0119295 -0.0300278 -0.0100509 0.0122037 0.999875 6.10267
0.999613 -0.0269739 0.00683582 0.0627478 0.0270582 0.999555 -0.0125602 -0.0417044 -0.00649398 0.0127403 0.999898 6.88576
0.999626 -0.0273309 0.00042983 0.0615606 0.0273342 0.999508 -0.0153911 -0.0567543 -8.98364e-06 0.0153971 0.999882 7.6834
0.999608 -0.0278527 -0.00280191 0.0579491 0.0277998 0.999462 -0.0174174 -0.0734361 0.00328553 0.0173327 0.999845 8.48201
0.999587 -0.028471 -0.00390924 0.0534941 0.0283899 0.999408 -0.0194115 -0.0918337 0.00445958 0.0192925 0.999804 9.28212
0.999563 -0.0294384 -0.0026497 0.0498771 0.0293802 0.999371 -0.0198489 -0.110678 0.00323236 0.0197624 0.9998 10.0852
0.999517 -0.0308698 -0.00341641 0.0453924 0.0307921 0.999308 -0.0208388 -0.130542 0.00405732 0.0207235 0.999777 10.8899
0.999458 -0.0328888 -0.00175124 0.041966 0.0328396 0.999193 -0.023142 -0.152768 0.00251095 0.023072 0.999731 11.6983
0.99931 -0.036975 -0.00349276 0.0359003 0.0368802 0.999028 -0.0241348 -0.176373 0.00438173 0.0239893 0.999703 12.5134
0.999138 -0.0414026 -0.00315613 0.029809 0.0412991 0.99876 -0.0278041 -0.203523 0.00430339 0.0276498 0.999608 13.3309
0.9989 -0.0468873 -2.67365e-05 0.0260941 0.0468608 0.998354 -0.0330531 -0.235653 0.00157644 0.0330155 0.999454 14.1507
0.99863 -0.0522125 -0.00354209 0.0188788 0.0520492 0.997979 -0.0364455 -0.27059 0.00543785 0.0362112 0.999329 14.9711
0.998347 -0.0571513 -0.00608646 0.00980646 0.0568793 0.997653 -0.0381144 -0.306908 0.00825044 0.0377052 0.999255 15.7922
0.998122 -0.0608149 -0.00733147 -6.63921e-05 0.0604788 0.997383 -0.0396292 -0.344654 0.00972234 0.0391114 0.999187 16.6147
0.997867 -0.0645484 -0.00972444 -0.0118555 0.0641177 0.997159 -0.0395123 -0.382307 0.0122473 0.0388045 0.999172 17.4379
0.99756 -0.0687724 -0.0120231 -0.0253674 0.068277 0.996956 -0.0376521 -0.418441 0.0145759 0.0367393 0.999218 18.2623
0.997234 -0.0726668 -0.0156278 -0.0418526 0.0720495 0.996715 -0.0369821 -0.454157 0.0182638 0.0357538 0.999194 19.0875
0.996909 -0.0764064 -0.0183015 -0.0601835 0.0756704 0.996408 -0.0380034 -0.491059 0.0211395 0.0365011 0.99911 19.9153
0.996484 -0.0812778 -0.0203019 -0.0797055 0.0804949 0.996075 -0.0367903 -0.527153 0.0232125 0.0350268 0.999117 20.7487
0.996048 -0.0856159 -0.023632 -0.102023 0.084694 0.995698 -0.0375878 -0.564194 0.0267485 0.0354377 0.999014 21.5831
0.995641 -0.0897521 -0.0253758 -0.125665 0.0887034 0.995262 -0.0398077 -0.603419 0.0288284 0.0373833 0.998885 22.4192
0.995341 -0.0933246 -0.0242207 -0.148228 0.0922696 0.994868 -0.0415314 -0.644469 0.0279723 0.0391031 0.998844 23.2584
0.995325 -0.0928974 -0.0264132 -0.173425 0.0916663 0.994794 -0.044523 -0.68917 0.0304117 0.0418937 0.998659 24.1046
0.995177 -0.0927184 -0.0320145 -0.203604 0.0911656 0.994727 -0.0469694 -0.736136 0.0362006 0.0438243 0.998383 24.9516
0.995017 -0.0932094 -0.0354115 -0.236547 0.0914822 0.994668 -0.0476136 -0.783624 0.0396607 0.0441367 0.998238 25.799
0.994842 -0.0939878 -0.0381404 -0.271783 0.0921628 0.99463 -0.0470818 -0.830672 0.0423608 0.0433239 0.998162 26.647
0.994581 -0.0950939 -0.0420264 -0.310265 0.0931638 0.9946 -0.0457202 -0.876667 0.0461472 0.0415571 0.99807 27.4962
0.994322 -0.0954973 -0.0469487 -0.352919 0.0933729 0.994589 -0.0455369 -0.922798 0.0510433 0.0408946 0.997859 28.3474
0.994097 -0.0961842 -0.050186 -0.398242 0.0939332 0.994541 -0.0454392 -0.969058 0.0542826 0.0404569 0.997706 29.2002
0.993734 -0.0970958 -0.0553553 -0.448061 0.0946899 0.994509 -0.0445512 -1.01467 0.0593772 0.0390305 0.997472 30.0542
0.993008 -0.101406 -0.0604266 -0.501998 0.098977 0.994206 -0.0419207 -1.05875 0.0643275 0.0356467 0.997292 30.9142
0.992303 -0.106385 -0.0633707 -0.558253 0.103876 0.993717 -0.0416609 -1.10303 0.0674047 0.0347576 0.99712 31.7761
0.990956 -0.114321 -0.0702614 -0.620457 0.111535 0.992856 -0.0423919 -1.14851 0.0746057 0.0341719 0.996627 32.6411
0.989459 -0.124389 -0.0741437 -0.6854 0.121315 0.99161 -0.0446293 -1.19649 0.0790731 0.0351641 0.996248 33.5091
0.987515 -0.134382 -0.0821948 -0.757458 0.130852 0.99029 -0.0469467 -1.2466 0.0877054 0.0356052 0.99551 34.378
0.985511 -0.143321 -0.0906977 -0.836529 0.139066 0.988935 -0.0516486 -1.30111 0.0970965 0.0382873 0.994538 35.2477
0.983957 -0.15154 -0.0941541 -0.91797 0.146826 0.987623 -0.055161 -1.35862 0.101348 0.0404518 0.994028 36.1176
0.982611 -0.159057 -0.0957928 -1.00068 0.154002 0.986362 -0.0580827 -1.41876 0.103725 0.0423205 0.993705 36.9878
0.981205 -0.165704 -0.0988888 -1.08616 0.160226 0.985191 -0.0610391 -1.4816 0.107539 0.0440474 0.993225 37.8584
0.980112 -0.168981 -0.104047 -1.17619 0.162985 0.984568 -0.0637242 -1.5474 0.11321 0.0454988 0.992528 38.7332
0.979182 -0.172502 -0.106982 -1.2687 0.166231 0.983937 -0.0650672 -1.61441 0.116488 0.0459289 0.992129 39.6084
0.978105 -0.177056 -0.109362 -1.36347 0.17028 0.983008 -0.068546 -1.68494 0.119641 0.0484231 0.991635 40.4855
0.976919 -0.183683 -0.109038 -1.45831 0.176509 0.981644 -0.0722363 -1.75938 0.120306 0.0513228 0.991409 41.3669
0.975196 -0.191238 -0.111449 -1.55614 0.183406 0.98003 -0.0768235 -1.83862 0.123915 0.0544776 0.990796 42.2514
0.970217 -0.213471 -0.114491 -1.6627 0.205365 0.975525 -0.0785869 -1.92508 0.128465 0.0527339 0.990311 43.1683
0.964816 -0.235647 -0.116623 -1.77114 0.226533 0.970178 -0.0862312 -2.01964 0.133465 0.0567783 0.989425 44.0864
0.958657 -0.256591 -0.123033 -1.8856 0.246242 0.96471 -0.0932645 -2.12076 0.142622 0.0591129 0.98801 45.0045
0.953114 -0.272126 -0.132366 -2.00774 0.260825 0.960537 -0.0966324 -2.22503 0.153439 0.0575772 0.986479 45.9279
0.948309 -0.286735 -0.135988 -2.13258 0.274794 0.95628 -0.100079 -2.33255 0.158739 0.057537 0.985642 46.8513
0.943889 -0.299739 -0.138672 -2.25981 0.286909 0.952162 -0.105211 -2.44526 0.163575 0.0595213 0.984733 47.7758
0.940193 -0.309003 -0.143366 -2.39159 0.295541 0.949232 -0.107762 -2.56078 0.169387 0.0589469 0.983785 48.7039
0.937001 -0.318051 -0.144472 -2.52413 0.304295 0.946253 -0.109587 -2.67805 0.171562 0.0587216 0.983421 49.6325
0.933743 -0.326233 -0.147293 -2.65984 0.311758 0.9434 -0.113151 -2.79944 0.17587 0.0597338 0.982599 50.5636
0.930391 -0.334726 -0.149437 -2.79761 0.32002 0.940502 -0.114208 -2.92197 0.178774 0.0584354 0.982153 51.4968
0.926925 -0.343257 -0.151606 -2.93753 0.32776 0.937326 -0.118294 -3.04902 0.18271 0.0599594 0.981337 52.4317
0.92303 -0.354099 -0.150429 -3.07637 0.337933 0.933109 -0.122918 -3.18126 0.183892 0.062622 0.980949 53.371
0.918043 -0.365553 -0.15352 -3.21839 0.348005 0.928469 -0.129759 -3.32059 0.189973 0.0656982 0.979589 54.3129
0.912855 -0.378132 -0.153986 -3.36033 0.36092 0.923684 -0.128626 -3.4581 0.190872 0.0618406 0.979665 55.2585
0.906298 -0.391215 -0.159919 -3.50833 0.374325 0.918692 -0.126038 -3.59293 0.196224 0.0543666 0.979051 56.2064
0.89719 -0.407432 -0.170438 -3.66722 0.392412 0.91249 -0.115645 -3.71578 0.202641 0.0368736 0.978558 57.1611
0.888882 -0.423629 -0.174433 -3.8293 0.410324 0.905502 -0.108163 -3.83176 0.203771 0.02457 0.97871 58.1174
0.882388 -0.438306 -0.171109 -3.98704 0.425754 0.898583 -0.106215 -3.94694 0.200311 0.0208726 0.97951 59.0746
0.876582 -0.450956 -0.168055 -4.14174 0.438203 0.892284 -0.108657 -4.0657 0.198952 0.0216043 0.979771 60.0346
0.871671 -0.46191 -0.163792 -4.29221 0.449637 0.886696 -0.107685 -4.18361 0.194975 0.020219 0.980599 60.9966
0.86679 -0.471579 -0.162137 -4.44153 0.459892 0.881658 -0.105728 -4.29988 0.192808 0.0170783 0.981088 61.9606
0.862237 -0.481406 -0.15746 -4.58608 0.470272 0.876355 -0.104134 -4.41473 0.188122 0.0157395 0.982019 62.9262
0.857424 -0.491522 -0.152413 -4.72567 0.480414 0.870698 -0.105296 -4.53105 0.184461 0.0170624 0.982691 63.8934
0.85301 -0.501276 -0.145241 -4.8581 0.489976 0.865035 -0.10787 -4.65025 0.179712 0.0208498 0.983498 64.8622
0.848338 -0.510146 -0.141679 -4.9875 0.499215 0.859855 -0.106925 -4.76843 0.176371 0.0199802 0.984121 65.8327
0.843637 -0.518133 -0.140756 -5.11624 0.507105 0.855068 -0.108177 -4.88808 0.176406 0.0198839 0.984116 66.8036
0.839785 -0.525189 -0.137615 -5.24174 0.514433 0.850761 -0.10753 -5.00698 0.173551 0.0195082 0.984631 67.7756
0.837425 -0.529865 -0.134018 -5.36427 0.519303 0.847841 -0.107186 -5.12589 0.170421 0.0201645 0.985164 68.7511
0.834892 -0.534315 -0.13214 -5.48514 0.523896 0.845047 -0.106895 -5.24458 0.16878 0.0200183 0.98545 69.7275
0.832811 -0.538224 -0.129378 -5.60315 0.527564 0.842502 -0.10893 -5.36539 0.16763 0.0224628 0.985593 70.704
0.831193 -0.541411 -0.126463 -5.71837 0.530384 0.840362 -0.11173 -5.48906 0.166767 0.0257952 0.985659 71.6815
0.830367 -0.543522 -0.122773 -5.83015 0.532375 0.838906 -0.113194 -5.61422 0.164519 0.0286317 0.985958 72.6606
0.829801 -0.545133 -0.119412 -5.93883 0.534436 0.837867 -0.111155 -5.73714 0.160646 0.0284188 0.986603 73.6411
0.829115 -0.546218 -0.119221 -6.0474 0.535493 0.837156 -0.111425 -5.86038 0.160669 0.0285423 0.986595 74.6217
0.828092 -0.547286 -0.121414 -6.15822 0.536459 0.836497 -0.111731 -5.98391 0.162711 0.02739 0.986293 75.6021
0.827063 -0.54835 -0.123606 -6.27119 0.537423 0.835836 -0.112039 -6.10773 0.164751 0.026235 0.985985 76.5822
0.825832 -0.549225 -0.127882 -6.38847 0.537993 0.835308 -0.113234 -6.23275 0.169012 0.0247131 0.985304 77.5618
0.82451 -0.55008 -0.13264 -6.51047 0.538438 0.834783 -0.114977 -6.35952 0.173972 0.0233812 0.984472 78.5407
0.823099 -0.550688 -0.138747 -6.63859 0.53833 0.834405 -0.118186 -6.48952 0.180855 0.0225877 0.98325 79.5186
0.821734 -0.551173 -0.144776 -6.7727 0.537979 0.834092 -0.121934 -6.62325 0.187964 0.0223113 0.981922 80.4952
0.820002 -0.551875 -0.151753 -6.91374 0.537883 0.833659 -0.125274 -6.76024 0.195646 0.0210995 0.980447 81.4707
0.817901 -0.552645 -0.160058 -7.06305 0.537625 0.833179 -0.129504 -6.90146 0.204927 0.0198702 0.978575 82.4446
0.815153 -0.553906 -0.169448 -7.22174 0.537922 0.832395 -0.133255 -7.04634 0.214859 0.0174738 0.976489 83.417
0.81272 -0.554975 -0.177447 -7.38825 0.537964 0.83171 -0.1373 -7.19523 0.223783 0.0161259 0.974505 84.3877
0.810368 -0.555919 -0.185087 -7.56234 0.53785 0.8311 -0.141379 -7.34818 0.232421 0.0150199 0.972499 85.3565
0.808666 -0.55603 -0.192063 -7.74336 0.536531 0.831014 -0.146795 -7.5066 0.24123 0.0156608 0.970341 86.3232
0.806539 -0.556809 -0.19864 -7.93091 0.536386 0.830513 -0.150128 -7.66827 0.248565 0.0145365 0.968506 87.2884
0.804606 -0.557721 -0.203851 -8.12362 0.536554 0.829917 -0.152795 -7.83259 0.254396 0.0135625 0.967004 88.2521
0.803439 -0.558204 -0.20711 -8.31955 0.536734 0.82961 -0.153824 -7.99794 0.257686 0.0124257 0.966149 89.2154
0.802478 -0.558525 -0.209948 -8.51826 0.536818 0.829409 -0.154613 -8.16405 0.260489 0.0113698 0.965409 90.178
0.801945 -0.559084 -0.210495 -8.71739 0.537276 0.829034 -0.155034 -8.33056 0.261185 0.0112351 0.965223 91.141
0.801654 -0.55903 -0.211744 -8.91787 0.537413 0.829088 -0.15427 -8.49632 0.261796 0.00987712 0.965072 92.1042
0.802186 -0.558339 -0.211556 -9.11814 0.536489 0.829541 -0.155046 -8.66312 0.262062 0.0108782 0.964989 93.068
0.80223 -0.557749 -0.212937 -9.32007 0.535954 0.829949 -0.154717 -8.82962 0.263021 0.00999431 0.964738 94.0318
0.802783 -0.55617 -0.214973 -9.52421 0.534751 0.83103 -0.153066 -8.9945 0.26378 0.0079216 0.96455 94.9958
0.80297 -0.554726 -0.217985 -9.73152 0.533638 0.832015 -0.151594 -9.158 0.26546 0.00539994 0.964106 95.9596
0.803083 -0.553712 -0.220137 -9.94107 0.5326 0.832696 -0.151505 -9.32161 0.267197 0.0044264 0.963631 96.9233
0.803318 -0.55287 -0.221392 -10.152 0.531487 0.833254 -0.152342 -9.48624 0.268702 0.00471198 0.963211 97.8872
0.803227 -0.552257 -0.223245 -10.365 0.530964 0.833666 -0.151908 -9.65055 0.270004 0.00348204 0.962853 98.8513
0.802854 -0.551758 -0.225802 -10.5809 0.531016 0.834004 -0.149865 -9.81291 0.27101 0.000414983 0.962576 99.816
0.80255 -0.552006 -0.226281 -10.7978 0.531985 0.833837 -0.147331 -9.97324 0.270009 -0.00213744 0.962855 100.783
0.801926 -0.552266 -0.227849 -11.0166 0.532728 0.833655 -0.14567 -10.1321 0.270396 -0.00456462 0.962738 101.751
0.801347 -0.553048 -0.227993 -11.2359 0.533668 0.833132 -0.145219 -10.291 0.270261 -0.00530205 0.962772 102.72
0.800135 -0.555355 -0.226634 -11.4546 0.535509 0.831605 -0.147182 -10.4529 0.270209 -0.00359909 0.962794 103.692
0.798349 -0.558924 -0.224149 -11.6726 0.539556 0.829207 -0.14593 -10.6148 0.267429 -0.00443818 0.963567 104.67
0.797092 -0.55998 -0.225979 -11.8954 0.541934 0.828448 -0.141353 -10.7735 0.266367 -0.0097942 0.963821 105.655
0.795378 -0.561566 -0.228074 -12.122 0.543803 0.827342 -0.14065 -10.9329 0.26768 -0.0121572 0.963431 106.642
0.793479 -0.562813 -0.231585 -12.3523 0.545096 0.826457 -0.140849 -11.0925 0.270667 -0.0144749 0.962563 107.629
0.792094 -0.564121 -0.23314 -12.5841 0.546175 0.825557 -0.141941 -11.2533 0.272543 -0.0149046 0.962028 108.615
0.791406 -0.565304 -0.23261 -12.8153 0.547251 0.824754 -0.142462 -11.4147 0.272381 -0.0145508 0.962079 109.602
0.790821 -0.566442 -0.231829 -13.0458 0.547989 0.823996 -0.144004 -11.5779 0.272597 -0.0131588 0.962038 110.589
0.7906 -0.56783 -0.229175 -13.2735 0.548736 0.823085 -0.146355 -11.7436 0.271735 -0.010048 0.962319 111.577
0.790614 -0.569352 -0.225317 -13.4974 0.549671 0.822069 -0.148542 -11.9118 0.269799 -0.00641068 0.962895 112.567
0.790292 -0.570822 -0.22271 -13.7188 0.550964 0.82106 -0.149325 -12.0808 0.268097 -0.00469493 0.96338 113.557
0.790145 -0.572381 -0.219204 -13.9367 0.55264 0.819981 -0.149063 -12.2498 0.265064 -0.00335984 0.964225 114.549
0.786045 -0.578183 -0.218715 -14.1576 0.558779 0.815889 -0.148627 -12.4224 0.264381 -0.00538575 0.964402 115.553
0.782445 -0.583917 -0.216381 -14.376 0.565024 0.811784 -0.147493 -12.5941 0.261778 -0.00685571 0.965103 116.558
0.778889 -0.589472 -0.214135 -14.5926 0.5716 0.807728 -0.14439 -12.7628 0.258077 -0.00993518 0.966073 117.567
0.774729 -0.594598 -0.215056 -14.8105 0.576713 0.80394 -0.145193 -12.9328 0.259223 -0.0115405 0.965748 118.575
0.772113 -0.597806 -0.215567 -15.029 0.579502 0.801562 -0.147226 -13.1052 0.260803 -0.0112464 0.965326 119.584
0.769392 -0.600456 -0.217916 -15.2501 0.581681 0.799571 -0.149442 -13.28 0.263973 -0.0117781 0.964458 120.593
0.767049 -0.603109 -0.21885 -15.4722 0.584263 0.797557 -0.150129 -13.4555 0.26509 -0.0127095 0.964139 121.602
0.766036 -0.604255 -0.219233 -15.6949 0.584897 0.796705 -0.15217 -13.6336 0.266614 -0.0116609 0.963732 122.613
0.765369 -0.604928 -0.219708 -15.9182 0.584455 0.796231 -0.156293 -13.8164 0.269485 -0.00878815 0.962964 123.625
0.765322 -0.605684 -0.21778 -16.1395 0.585124 0.795669 -0.156651 -13.9994 0.268162 -0.00754002 0.963344 124.638
0.764777 -0.606549 -0.217288 -16.3605 0.585587 0.795021 -0.158205 -14.1843 0.268708 -0.00624954 0.963201 125.651
0.76403 -0.607254 -0.217946 -16.5825 0.585847 0.794489 -0.159909 -14.3713 0.270261 -0.00550794 0.962771 126.665
0.763113 -0.608635 -0.217304 -16.804 0.587112 0.793434 -0.160504 -14.5591 0.270105 -0.00509905 0.962817 127.681
0.762057 -0.610385 -0.216098 -17.0244 0.589137 0.792085 -0.159744 -14.7462 0.268674 -0.00557787 0.963215 128.698
0.760404 -0.612634 -0.215557 -17.2443 0.591058 0.790353 -0.161225 -14.9353 0.269138 -0.00481051 0.963089 129.715
0.758229 -0.614686 -0.217367 -17.4663 0.592495 0.788758 -0.163737 -15.1272 0.272097 -0.00463846 0.962258 130.732
0.756282 -0.616285 -0.219613 -17.6906 0.593257 0.787513 -0.16694 -15.3225 0.275831 -0.00403315 0.961197 131.748
0.754514 -0.617481 -0.222319 -17.918 0.593942 0.786572 -0.168928 -15.5202 0.27918 -0.00458578 0.960228 132.766
0.753027 -0.618651 -0.224103 -18.1473 0.594557 0.785654 -0.171025 -15.7201 0.281873 -0.00445543 0.959441 133.784
0.751615 -0.61984 -0.225551 -18.3781 0.595398 0.784714 -0.172409 -15.9215 0.283859 -0.0047076 0.958854 134.801
0.750605 -0.620884 -0.226042 -18.6094 0.595943 0.783893 -0.174251 -16.125 0.285382 -0.00391464 0.958405 135.818
0.749672 -0.621867 -0.226436 -18.8411 0.596051 0.78312 -0.177329 -16.332 0.287602 -0.00202875 0.957747 136.835
0.748353 -0.623124 -0.227339 -19.074 0.596888 0.782121 -0.178916 -16.5407 0.289294 -0.00180366 0.957238 137.853
0.746438 -0.6241 -0.230932 -19.311 0.597656 0.781335 -0.179782 -16.7505 0.292637 -0.00382204 0.956216 138.871
0.744915 -0.625357 -0.232443 -19.5496 0.599246 0.780316 -0.178917 -16.9595 0.293267 -0.00601237 0.956011 139.891
0.744032 -0.62678 -0.231437 -19.787 0.600628 0.779176 -0.179249 -17.1692 0.29268 -0.00564048 0.956193 140.913
0.742547 -0.627999 -0.232895 -20.0267 0.602029 0.778179 -0.178882 -17.3787 0.293572 -0.00738136 0.955908 141.937
0.742084 -0.628764 -0.232308 -20.2656 0.602516 0.777569 -0.179889 -17.5895 0.293743 -0.00647648 0.955862 142.961
0.741302 -0.629391 -0.233106 -20.5053 0.603103 0.777057 -0.180135 -17.8005 0.294512 -0.00705174 0.955621 143.985
0.740741 -0.630041 -0.233133 -20.7451 0.60414 0.776518 -0.178979 -18.0101 0.293796 -0.0082677 0.955832 145.009
0.740365 -0.630391 -0.23338 -20.9854 0.605217 0.776208 -0.176673 -18.2173 0.292525 -0.0104431 0.9562 146.034
0.739602 -0.630797 -0.234699 -21.2274 0.605881 0.775854 -0.17595 -18.4242 0.293081 -0.0120661 0.956011 147.059
0.73945 -0.630949 -0.23477 -21.47 0.605782 0.775739 -0.176793 -18.6322 0.293668 -0.0114893 0.955838 148.087
0.739619 -0.631234 -0.233466 -21.7114 0.606112 0.775516 -0.176643 -18.8403 0.29256 -0.0108582 0.956185 149.116
0.739467 -0.632355 -0.230903 -21.9502 0.606892 0.774631 -0.177844 -19.0501 0.291325 -0.0086232 0.956585 150.147
0.738492 -0.634503 -0.228112 -22.1862 0.608328 0.772901 -0.180447 -19.2631 0.290803 -0.00550826 0.956767 151.179
0.73728 -0.637046 -0.224923 -22.4189 0.611014 0.770813 -0.180302 -19.4759 0.288235 -0.0044981 0.957549 152.212
0.734922 -0.640598 -0.222541 -22.6493 0.615305 0.767854 -0.178324 -19.6868 0.285113 -0.00587688 0.958475 153.247
0.731675 -0.644509 -0.221944 -22.8792 0.619157 0.76457 -0.1791 -19.8991 0.285124 -0.00637511 0.958469 154.283
0.727996 -0.64828 -0.223057 -23.1103 0.622383 0.761373 -0.181522 -20.1141 0.287507 -0.00667986 0.957755 155.318
0.724861 -0.651641 -0.223473 -23.3417 0.625346 0.758497 -0.183372 -20.331 0.288996 -0.00682927 0.957305 156.353
0.722336 -0.654192 -0.224195 -23.574 0.627832 0.756288 -0.183998 -20.5487 0.289926 -0.00784873 0.957016 157.388
0.720415 -0.656377 -0.223989 -23.8059 0.630052 0.754386 -0.184219 -20.7667 0.289891 -0.0084109 0.957022 158.423
0.719506 -0.657562 -0.223433 -24.0374 0.631396 0.753349 -0.183856 -20.9844 0.28922 -0.00878967 0.957222 159.459
0.718796 -0.65833 -0.223457 -24.2698 0.632526 0.752663 -0.182781 -21.202 0.288518 -0.00995998 0.957422 160.499
0.717921 -0.659303 -0.223403 -24.5021 0.633569 0.751806 -0.182696 -21.4197 0.288408 -0.0103797 0.95745 161.539
0.716896 -0.660371 -0.223542 -24.7347 0.634623 0.750863 -0.182915 -21.6376 0.288642 -0.0107338 0.957377 162.58
0.715883 -0.661517 -0.223396 -24.9671 0.635423 0.749862 -0.184238 -21.8571 0.289393 -0.0100582 0.957156 163.62
0.714629 -0.66288 -0.223374 -25.1995 0.636294 0.74867 -0.186073 -22.0788 0.290577 -0.00915826 0.956807 164.66
0.713198 -0.6647 -0.222534 -25.4308 0.637437 0.747073 -0.18856 -22.3031 0.291585 -0.00737113 0.956515 165.7
0.71135 -0.666898 -0.221877 -25.6611 0.63909 0.745124 -0.190669 -22.5297 0.292483 -0.00616745 0.95625 166.739
0.709105 -0.66914 -0.222307 -25.8916 0.640904 0.743111 -0.192425 -22.758 0.293958 -0.00602829 0.955798 167.777
0.705573 -0.672391 -0.223734 -26.1232 0.643438 0.74017 -0.195281 -22.9892 0.296907 -0.00617377 0.954886 168.813
0.701857 -0.675547 -0.225904 -26.357 0.646035 0.737281 -0.197622 -23.2229 0.300059 -0.00723944 0.953892 169.847
0.698604 -0.678414 -0.227393 -26.5922 0.648653 0.73463 -0.198915 -23.4579 0.301997 -0.0085366 0.95327 170.881
0.695824 -0.681088 -0.227921 -26.8279 0.650908 0.732149 -0.200687 -23.6947 0.303558 -0.00871273 0.952772 171.913
0.6931 -0.683508 -0.228975 -27.0646 0.652637 0.729893 -0.203274 -23.9342 0.306067 -0.0085479 0.951971 172.945
0.690848 -0.685393 -0.23014 -27.3025 0.654067 0.728119 -0.205033 -24.1755 0.308098 -0.00888004 0.951312 173.975
0.689558 -0.686731 -0.230023 -27.5398 0.654825 0.726869 -0.207036 -24.4185 0.309375 -0.00786219 0.950907 175.004
0.688354 -0.68753 -0.231237 -27.7781 0.655065 0.726115 -0.208915 -24.6631 0.31154 -0.00766768 0.950201 176.03
0.687536 -0.688365 -0.231188 -28.016 0.655673 0.725327 -0.209746 -24.9083 0.312069 -0.00737623 0.95003 177.054
0.686965 -0.689438 -0.229682 -28.252 0.656699 0.724315 -0.210031 -25.1535 0.311166 -0.00654779 0.950332 178.078
0.684823 -0.691552 -0.229724 -28.4708 0.658366 0.722299 -0.211748 -25.381 0.312365 -0.00623234 0.949941 179.034
0.682767 -0.693585 -0.229712 -28.6892 0.659593 0.720356 -0.21453 -25.6111 0.31427 -0.00504232 0.949319 179.989
0.680926 -0.695328 -0.229909 -28.907 0.661076 0.718673 -0.215606 -25.8415 0.315147 -0.00517583 0.949028 180.94
0.679231 -0.697518 -0.228282 -29.1225 0.66308 0.716554 -0.216508 -26.0723 0.314595 -0.00430997 0.949215 181.889
0.677916 -0.699419 -0.226369 -29.3357 0.665635 0.714694 -0.214808 -26.3009 0.312025 -0.00505755 0.95006 182.837
0.679217 -0.698281 -0.225981 -29.5468 0.6664 0.715769 -0.208769 -26.5211 0.30753 -0.0087939 0.951497 183.779
0.681021 -0.69679 -0.225151 -29.7563 0.665493 0.717217 -0.206682 -26.7387 0.305496 -0.00908165 0.952149 184.716
0.681344 -0.697723 -0.221252 -29.9603 0.66627 0.71634 -0.207223 -26.9557 0.303076 -0.00622323 0.952945 185.649
0.680062 -0.69935 -0.220058 -30.1628 0.667532 0.714761 -0.208606 -27.1736 0.303178 -0.00503127 0.95292 186.579
0.679328 -0.700787 -0.217742 -30.3626 0.669398 0.713354 -0.207439 -27.3898 0.300698 -0.00483675 0.953706 187.508
0.679099 -0.702093 -0.214221 -30.5588 0.671632 0.712068 -0.204617 -27.6031 0.2962 -0.00492293 0.955113 188.438
0.678737 -0.703129 -0.211955 -30.7526 0.674156 0.711025 -0.199892 -27.8113 0.291255 -0.00721619 0.956617 189.367
0.678898 -0.704248 -0.207685 -30.9418 0.67685 0.709905 -0.194702 -28.014 0.284555 -0.00838924 0.958622 190.295
0.679017 -0.705318 -0.203623 -31.127 0.678928 0.708842 -0.191308 -28.2133 0.27927 -0.00834375 0.960176 191.224
0.679557 -0.70636 -0.198137 -31.3063 0.680528 0.707826 -0.189377 -28.4101 0.274015 -0.00614548 0.961705 192.15
0.680556 -0.707106 -0.191949 -31.4794 0.68227 0.707094 -0.185812 -28.6031 0.267115 -0.00450535 0.963654 193.077
0.681355 -0.707748 -0.186678 -31.6473 0.684491 0.706446 -0.180014 -28.79 0.259283 -0.00512646 0.965787 194.004
0.682007 -0.708458 -0.181529 -31.8099 0.686165 0.70574 -0.176374 -28.9732 0.253066 -0.0042707 0.967439 194.93
0.682429 -0.709041 -0.177627 -31.9683 0.68705 0.705163 -0.175231 -29.1545 0.249503 -0.00245575 0.96837 195.852
0.682184 -0.710601 -0.172253 -32.1207 0.68956 0.703594 -0.171646 -29.3308 0.243168 -0.00168469 0.969982 196.769
0.681322 -0.712335 -0.16846 -32.2695 0.691775 0.701839 -0.169909 -29.5053 0.239264 -0.000773793 0.970954 197.685
0.680198 -0.715098 -0.161139 -32.4106 0.694974 0.69902 -0.16847 -29.6772 0.233112 0.00260538 0.972446 198.597
0.678974 -0.717346 -0.156237 -32.5471 0.697483 0.6967 -0.167708 -29.848 0.229155 0.00489668 0.973377 199.507
0.677176 -0.719023 -0.156325 -32.6819 0.699266 0.694974 -0.167446 -30.0153 0.22904 0.00407789 0.973408 200.403
0.67607 -0.720903 -0.152411 -32.8125 0.70142 0.693013 -0.16656 -30.1814 0.225696 0.00570205 0.97418 201.296
0.676183 -0.722175 -0.145734 -32.9361 0.703682 0.691671 -0.162549 -30.3426 0.21819 0.00736272 0.975878 202.186
0.675825 -0.724151 -0.137354 -33.0504 0.705136 0.689478 -0.165539 -30.5047 0.214578 0.0150218 0.976591 203.059
0.676583 -0.725136 -0.128108 -33.156 0.706929 0.68833 -0.162644 -30.6627 0.20612 0.0194791 0.978332 203.927
0.677019 -0.725825 -0.121755 -33.2565 0.708561 0.687552 -0.158789 -30.8117 0.198966 0.0212323 0.979776 204.682
0.67575 -0.727672 -0.117705 -33.354 0.711422 0.685618 -0.154294 -30.9564 0.192977 0.0205267 0.980988 205.435
0.673873 -0.73026 -0.112321 -33.4461 0.715371 0.682895 -0.147983 -31.0946 0.18477 0.019371 0.98259 206.189
0.671324 -0.732841 -0.110758 -33.5373 0.718667 0.680177 -0.144486 -31.2305 0.181221 0.0173985 0.983288 206.942
0.669236 -0.73525 -0.107384 -33.6253 0.721775 0.677585 -0.141138 -31.3636 0.176534 0.0169475 0.984148 207.695
0.666625 -0.738099 -0.10402 -33.7107 0.725329 0.674495 -0.137674 -31.4933 0.171778 0.0163284 0.985 208.445
0.664873 -0.740508 -0.0979379 -33.7906 0.728033 0.671761 -0.136767 -31.6226 0.167068 0.0196306 0.98575 209.193
0.66303 -0.742532 -0.0950609 -33.8686 0.730252 0.669487 -0.136082 -31.7514 0.164688 0.0208082 0.986126 209.941
0.661103 -0.744249 -0.0950631 -33.9467 0.732245 0.667623 -0.134525 -31.8789 0.163587 0.0193254 0.986339 210.689
0.659103 -0.745838 -0.0964806 -34.0259 0.734176 0.665924 -0.132401 -32.0048 0.162999 0.0164322 0.986489 211.438
0.656961 -0.747597 -0.0974768 -34.1057 0.73641 0.66402 -0.129531 -32.1286 0.161564 0.0133137 0.986772 212.187
0.6553 -0.74947 -0.094215 -34.1826 0.738481 0.661873 -0.128722 -32.2519 0.158832 0.0147756 0.987195 212.937
0.654193 -0.751259 -0.0874194 -34.254 0.740473 0.659729 -0.128288 -32.375 0.154051 0.0191929 0.987876 213.688
0.652792 -0.753021 -0.0825919 -34.3217 0.742247 0.657598 -0.128969 -32.4986 0.151429 0.0228866 0.988203 214.439
0.651102 -0.754734 -0.0802669 -34.3876 0.744462 0.65565 -0.126089 -32.6196 0.147791 0.0223408 0.988766 215.192
0.648676 -0.757074 -0.0778288 -34.4515 0.747472 0.652992 -0.122015 -32.7378 0.143196 0.020973 0.989472 215.947
0.643565 -0.761556 -0.0765302 -34.5146 0.752494 0.647828 -0.118625 -32.8543 0.139919 0.0187544 0.989985 216.705
0.638836 -0.765694 -0.074845 -34.5761 0.757245 0.642992 -0.114636 -32.9679 0.135902 0.0165578 0.990584 217.464
0.63384 -0.770012 -0.073002 -34.6359 0.761817 0.637826 -0.113196 -33.0806 0.133725 0.016134 0.990887 218.223
0.626825 -0.776407 -0.0654449 -34.6888 0.767669 0.629771 -0.118628 -33.1986 0.13332 0.0241192 0.990779 218.982
0.6203 -0.781873 -0.0624686 -34.7397 0.772748 0.622829 -0.122251 -33.3192 0.134492 0.0275594 0.990531 219.741
0.613898 -0.787189 -0.0588366 -34.7875 0.778155 0.61601 -0.122501 -33.4398 0.132676 0.0294193 0.990722 220.5
0.607846 -0.792062 -0.0562288 -34.8331 0.7835 0.609768 -0.119625 -33.5579 0.129037 0.0286579 0.991225 221.26
0.602486 -0.796227 -0.0550753 -34.8777 0.788054 0.604392 -0.116964 -33.674 0.126417 0.0270665 0.991607 222.02
0.598347 -0.799528 -0.0523088 -34.9198 0.791615 0.599987 -0.115585 -33.7892 0.123799 0.0277514 0.991918 222.781
0.594473 -0.80266 -0.048349 -34.9586 0.795295 0.595771 -0.112087 -33.9015 0.118773 0.028181 0.992521 223.543
0.590497 -0.805752 -0.0455636 -34.9952 0.798764 0.591574 -0.10961 -34.012 0.115273 0.0283297 0.992929 224.305
0.586466 -0.808764 -0.0442442 -35.0307 0.801973 0.587465 -0.108274 -34.1215 0.11356 0.0280162 0.993136 225.068
0.582481 -0.811701 -0.0430952 -35.0652 0.80503 0.583404 -0.107542 -34.2305 0.112434 0.027948 0.993265 225.831
0.578906 -0.814285 -0.0425135 -35.0992 0.807838 0.579843 -0.105739 -34.3381 0.110753 0.0268686 0.993484 226.595
0.575203 -0.816966 -0.0413166 -35.1321 0.810713 0.576075 -0.104307 -34.4446 0.109017 0.0265017 0.993685 227.36
0.571794 -0.819398 -0.0404654 -35.1644 0.813123 0.572588 -0.104752 -34.5518 0.109004 0.0269933 0.993674 228.125
0.569654 -0.820873 -0.0407599 -35.197 0.814537 0.570483 -0.105249 -34.6599 0.109649 0.0267548 0.993609 228.892
0.567378 -0.822449 -0.0407232 -35.2296 0.81603 0.5682 -0.106031 -34.7687 0.110344 0.0269282 0.993528 229.66
0.564769 -0.824325 -0.0390237 -35.2605 0.817758 0.565373 -0.107814 -34.8792 0.110938 0.028978 0.993404 230.429
0.562062 -0.826182 -0.0388293 -35.2913 0.819284 0.562578 -0.110813 -34.9922 0.113397 0.0304717 0.993082 231.197
0.559192 -0.828155 -0.0382431 -35.3214 0.820999 0.559588 -0.113229 -35.1071 0.115172 0.0319188 0.992831 231.966
0.556494 -0.829943 -0.0388239 -35.352 0.822446 0.556893 -0.115984 -35.2242 0.117881 0.0326137 0.992492 232.734
0.554249 -0.831442 -0.0388798 -35.3824 0.823947 0.554674 -0.115964 -35.3408 0.117983 0.0322376 0.992491 233.503
0.551654 -0.833013 -0.0420233 -35.4154 0.825287 0.552444 -0.117074 -35.4584 0.12074 0.0299029 0.992233 234.272
0.548834 -0.834652 -0.0462288 -35.4516 0.826597 0.550116 -0.118781 -35.5772 0.124572 0.0269781 0.991842 235.041
0.545894 -0.836371 -0.0498181 -35.4905 0.827858 0.547584 -0.12166 -35.6983 0.129033 0.025171 0.99132 235.809
0.542639 -0.838291 -0.0530175 -35.5317 0.829288 0.544704 -0.124811 -35.8218 0.133507 0.0237604 0.990761 236.578
0.540229 -0.839717 -0.0550137 -35.5743 0.830257 0.54252 -0.127851 -35.9477 0.137205 0.0233932 0.990266 237.346
0.538389 -0.840742 -0.0573643 -35.6185 0.830907 0.540972 -0.13016 -36.0751 0.140464 0.0224118 0.989831 238.115
0.536296 -0.841815 -0.0611036 -35.6658 0.831429 0.539366 -0.133454 -36.2052 0.145301 0.0207675 0.989169 238.883
0.534911 -0.842691 -0.0611633 -35.7126 0.832031 0.537967 -0.135337 -36.3366 0.146952 0.0215033 0.988908 239.651
0.536901 -0.841533 -0.0596541 -35.7578 0.830431 0.539634 -0.138484 -36.4705 0.148731 0.0248135 0.988566 240.418
0.538153 -0.840616 -0.0612701 -35.8047 0.829134 0.541057 -0.140691 -36.6061 0.151418 0.024912 0.988154 241.185
0.538857 -0.840084 -0.0623726 -35.8526 0.82858 0.54192 -0.14063 -36.7413 0.151942 0.0240987 0.988095 241.95
0.539488 -0.839596 -0.0634772 -35.9013 0.827719 0.542656 -0.142846 -36.8783 0.15438 0.0245224 0.987706 242.715
0.539885 -0.839265 -0.0644683 -35.9508 0.826847 0.543119 -0.146098 -37.0179 0.157629 0.0255705 0.987167 243.479
0.540086 -0.839009 -0.066101 -36.0016 0.825792 0.543454 -0.150747 -37.1611 0.162402 0.0268307 0.986358 244.243
0.539948 -0.838914 -0.0683851 -36.0544 0.824671 0.543536 -0.156475 -37.3086 0.16844 0.0280933 0.985311 245.005
0.540412 -0.838434 -0.0705888 -36.1086 0.822884 0.544159 -0.16356 -37.4617 0.175546 0.0303033 0.984003 245.765
0.540608 -0.837877 -0.0755219 -36.1669 0.820505 0.544957 -0.172602 -37.6217 0.185776 0.031344 0.982091 246.523
0.540668 -0.837144 -0.082859 -36.2309 0.817231 0.546048 -0.184294 -37.7909 0.199526 0.0319267 0.97937 247.279
0.540453 -0.836253 -0.0926806 -36.3027 0.812848 0.547392 -0.199098 -37.9715 0.217229 0.0322676 0.975587 248.031
0.539953 -0.835272 -0.103782 -36.3831 0.807504 0.548852 -0.216096 -38.1653 0.237461 0.0328771 0.970839 248.779
0.538931 -0.834303 -0.116145 -36.4732 0.801263 0.550284 -0.23487 -38.3737 0.259866 0.0335165 0.965062 249.521
0.537226 -0.833376 -0.12989 -36.574 0.793807 0.551629 -0.256074 -38.5984 0.285057 0.0344619 0.957889 250.258
0.534849 -0.832221 -0.146093 -36.6874 0.784754 0.553357 -0.279207 -38.8409 0.313204 0.0346863 0.949051 250.987
0.531353 -0.831129 -0.16397 -36.8147 0.774193 0.55499 -0.304319 -39.1027 0.343931 0.0347561 0.938349 251.706
0.526805 -0.830043 -0.183038 -36.9568 0.762121 0.556617 -0.330679 -39.3848 0.37636 0.034706 0.925822 252.415
0.52112 -0.828792 -0.203803 -37.1149 0.748088 0.558503 -0.358381 -39.688 0.410849 0.0342973 0.911056 253.112
0.514209 -0.827484 -0.225516 -37.2897 0.732223 0.560467 -0.386944 -40.0131 0.446584 0.0338424 0.8941 253.794
0.506046 -0.82622 -0.247543 -37.4814 0.714428 0.562328 -0.416386 -40.3606 0.483228 0.0338589 0.874838 254.461
0.496332 -0.825134 -0.269826 -37.6902 0.694425 0.563881 -0.447002 -40.7315 0.520987 0.034487 0.852866 255.109
0.485035 -0.824123 -0.292508 -37.9164 0.672182 0.565309 -0.478116 -41.1259 0.559385 0.0352839 0.828155 255.737
0.47189 -0.823258 -0.315536 -38.1601 0.647369 0.5665 -0.509892 -41.5445 0.598525 0.0363442 0.800278 256.343
0.457226 -0.822401 -0.338524 -38.4212 0.620229 0.567665 -0.54136 -41.9867 0.637384 0.0375608 0.769628 256.924
0.4407 -0.821551 -0.361712 -38.7 0.590126 0.568796 -0.572907 -42.4527 0.676413 0.0390247 0.735487 257.477
0.423032 -0.820478 -0.384523 -38.996 0.558019 0.570243 -0.602857 -42.941 0.713903 0.040456 0.699073 258.001
0.403301 -0.820129 -0.405875 -39.308 0.523322 0.57057 -0.632916 -43.4517 0.750653 0.042853 0.659303 258.493
0.381295 -0.819249 -0.428305 -39.6368 0.485707 0.57174 -0.661212 -43.9832 0.786576 0.0440857 0.615915 258.95
0.356712 -0.818032 -0.451197 -39.9827 0.445085 0.573446 -0.687792 -44.5342 0.821373 0.0445233 0.568649 259.369
0.32943 -0.816845 -0.473539 -40.3452 0.400939 0.575094 -0.713101 -45.1035 0.854823 0.0450565 0.516957 259.748
0.299772 -0.815475 -0.495112 -40.7235 0.352991 0.576958 -0.736557 -45.6896 0.886302 0.0460298 0.46081 260.082
0.269018 -0.813756 -0.515198 -41.1164 0.302239 0.579224 -0.757066 -46.29 0.914483 0.0479506 0.401769 260.369
0.236611 -0.812477 -0.532818 -41.5218 0.250009 0.580836 -0.774677 -46.9024 0.938887 0.0500882 0.340558 260.609
0.203298 -0.81141 -0.547979 -41.9379 0.197209 0.582131 -0.788816 -47.524 0.95905 0.0522977 0.278363 260.799
0.167973 -0.810138 -0.561658 -42.3634 0.142732 0.583737 -0.799298 -48.152 0.975402 0.0540946 0.213684 260.94
0.132545 -0.808891 -0.572822 -42.7964 0.0894589 0.585325 -0.805847 -48.7835 0.987131 0.0555663 0.149943 261.031
0.0965213 -0.80689 -0.582761 -43.2361 0.0362111 0.587954 -0.808083 -49.4151 0.99467 0.0568952 0.085968 261.072
0.0587349 -0.805441 -0.589757 -43.6799 -0.0182675 0.589811 -0.807333 -50.0445 0.998105 0.0581916 0.0199283 261.062
0.0202231 -0.803547 -0.594896 -44.1265 -0.0734888 0.592213 -0.802423 -50.6684 0.997089 0.059946 -0.0470759 261.001
-0.0187118 -0.801389 -0.59785 -44.574 -0.129235 0.594877 -0.793359 -51.2832 0.991436 0.0624176 -0.1147 260.888
-0.0577463 -0.798365 -0.599398 -45.0215 -0.184656 0.598581 -0.779488 -51.8856 0.981103 0.0656701 -0.181989 260.724
-0.0975762 -0.795101 -0.598575 -45.4668 -0.239497 0.60253 -0.761313 -52.4719 0.96598 0.0690707 -0.249218 260.509
-0.137933 -0.792202 -0.594465 -45.9076 -0.293749 0.605918 -0.739307 -53.0394 0.945876 0.0726491 -0.316285 260.242
-0.177866 -0.788928 -0.588179 -46.342 -0.345211 0.609748 -0.713467 -53.5852 0.921515 0.0761435 -0.3808 259.927
-0.217238 -0.787057 -0.577363 -46.7667 -0.394235 0.611846 -0.685728 -54.1082 0.892963 0.0786508 -0.443202 259.566
-0.25544 -0.786019 -0.562959 -47.179 -0.440485 0.612948 -0.655947 -54.6069 0.860651 0.08042 -0.502802 259.159
-0.291757 -0.785579 -0.545657 -47.5768 -0.483415 0.613362 -0.624576 -55.0801 0.825339 0.081555 -0.558714 258.712
-0.325615 -0.785193 -0.526731 -47.9589 -0.522556 0.613726 -0.591841 -55.5271 0.787977 0.082534 -0.610145 258.226
-0.356704 -0.784526 -0.507228 -48.3252 -0.557837 0.614391 -0.557979 -55.9471 0.749383 0.0839173 -0.656794 257.706
-0.385358 -0.783346 -0.487715 -48.6756 -0.589292 0.615636 -0.523189 -56.3394 0.710093 0.0857911 -0.69886 257.156
-0.410981 -0.781292 -0.469763 -49.0115 -0.616042 0.617848 -0.488626 -56.7044 0.672 0.0885776 -0.735233 256.579
-0.434067 -0.779325 -0.451926 -49.333 -0.639193 0.619929 -0.455104 -57.043 0.634836 0.0913224 -0.767229 255.98
-0.456538 -0.776233 -0.434781 -49.6403 -0.659829 0.623212 -0.419799 -57.3535 0.596821 0.0952273 -0.796702 255.359
-0.478723 -0.772056 -0.418034 -49.9345 -0.677476 0.627693 -0.383441 -57.6357 0.558435 0.0996457 -0.82354 254.72
-0.499575 -0.769399 -0.398057 -50.2128 -0.693679 0.630542 -0.348174 -57.8907 0.518875 0.102185 -0.848719 254.063
-0.518146 -0.769083 -0.374212 -50.4724 -0.708453 0.631057 -0.316008 -58.1212 0.479185 0.101373 -0.871839 253.39
-0.535268 -0.769114 -0.349215 -50.7124 -0.721637 0.631256 -0.284176 -58.3272 0.439006 0.0998963 -0.892912 252.702
-0.550215 -0.77006 -0.322908 -50.9321 -0.733437 0.630538 -0.253954 -58.5102 0.399165 0.0971032 -0.911721 252.001
-0.563127 -0.77048 -0.298744 -51.1333 -0.742932 0.63033 -0.225244 -58.6712 0.361851 0.0951057 -0.92737 251.288
-0.574721 -0.770542 -0.275609 -51.3169 -0.751452 0.630275 -0.195127 -58.8092 0.324062 0.0949631 -0.941256 250.567
-0.58542 -0.770631 -0.251813 -51.4821 -0.759141 0.630084 -0.163393 -58.9229 0.284578 0.0955078 -0.953882 249.836
-0.595283 -0.770216 -0.228921 -51.63 -0.765111 0.630366 -0.131318 -59.0123 0.245446 0.0969785 -0.964546 249.099
-0.603877 -0.769766 -0.206864 -51.761 -0.769637 0.630619 -0.0998838 -59.0777 0.207338 0.0988931 -0.973256 248.355
-0.611733 -0.769225 -0.184595 -51.8751 -0.772954 0.630872 -0.0673964 -59.1186 0.168298 0.101454 -0.9805 247.607
-0.618842 -0.76839 -0.16313 -51.9727 -0.77487 0.63122 -0.0337177 -59.1337 0.128878 0.105538 -0.986027 246.854
-0.62534 -0.767257 -0.142357 -52.0548 -0.775084 0.631858 -0.000748384 -59.1241 0.0905226 0.10987 -0.989814 246.1
-0.630578 -0.766851 -0.119622 -52.1193 -0.774379 0.631973 0.030749 -59.0907 0.052017 0.112023 -0.992342 245.344
-0.634404 -0.766944 -0.0965762 -52.1664 -0.772834 0.631899 0.0585802 -59.0366 0.016098 0.111801 -0.993599 244.587
-0.6361 -0.768128 -0.0731715 -52.1961 -0.771374 0.630725 0.0846543 -58.9633 -0.0188752 0.110291 -0.993719 243.827
-0.637407 -0.768738 -0.0524689 -52.2104 -0.768723 0.629781 0.11154 -58.8695 -0.052702 0.11143 -0.992372 243.068
-0.638133 -0.76921 -0.033183 -52.2098 -0.765082 0.628704 0.139211 -58.7544 -0.0862209 0.114223 -0.989705 242.311
-0.638263 -0.769672 -0.015014 -52.1955 -0.760853 0.627741 0.164451 -58.6202 -0.117149 0.116387 -0.986269 241.557
-0.638116 -0.769939 0.000827311 -52.1691 -0.756226 0.626954 0.187215 -58.4686 -0.144663 0.118839 -0.982317 240.806
-0.637303 -0.770474 0.0146572 -52.1322 -0.751496 0.62559 0.209504 -58.2999 -0.170588 0.122503 -0.977696 240.058
-0.636563 -0.770778 0.0262133 -52.0864 -0.74627 0.624188 0.231233 -58.1143 -0.194592 0.127632 -0.972544 239.312
-0.635496 -0.771249 0.0363121 -52.0328 -0.741617 0.622813 0.249217 -57.915 -0.214824 0.131447 -0.967765 238.57
-0.633743 -0.772148 0.0464321 -51.9712 -0.737935 0.621484 0.263073 -57.7049 -0.231988 0.132457 -0.963657 237.83
-0.632087 -0.773051 0.0534527 -51.9042 -0.735356 0.620158 0.273234 -57.4869 -0.244373 0.133401 -0.96046 237.093
-0.631052 -0.773573 0.0579327 -51.8334 -0.733452 0.619307 0.280186 -57.2631 -0.252623 0.134321 -0.958194 236.355
-0.631232 -0.773405 0.0582164 -51.7621 -0.732252 0.619017 0.283948 -57.0359 -0.255644 0.136608 -0.957069 235.616
-0.632454 -0.772403 0.058256 -51.6897 -0.731413 0.620265 0.283378 -56.8082 -0.255017 0.136614 -0.957236 234.874
-0.633663 -0.771539 0.0565447 -51.6186 -0.730921 0.621041 0.282954 -56.5808 -0.253427 0.137968 -0.957464 234.132
-0.634693 -0.770926 0.0532543 -51.5501 -0.730635 0.62111 0.283536 -56.3525 -0.251663 0.141049 -0.95748 233.388
-0.635539 -0.770382 0.0510071 -51.4832 -0.729563 0.620856 0.286838 -56.1213 -0.252643 0.145084 -0.956618 232.644
-0.63732 -0.769039 0.0489975 -51.418 -0.726718 0.620964 0.293739 -55.884 -0.256323 0.151598 -0.954627 231.899
-0.640441 -0.766315 0.0509543 -51.3513 -0.722663 0.62376 0.297793 -55.6431 -0.259987 0.153896 -0.953268 231.15
-0.645051 -0.762603 0.048413 -51.2868 -0.719183 0.627294 0.298791 -55.4012 -0.258229 0.157918 -0.953088 230.398
-0.648695 -0.759459 0.0491509 -51.2216 -0.716047 0.630943 0.298645 -55.1594 -0.257821 0.158535 -0.953096 229.645
-0.653034 -0.755853 0.0472262 -51.1578 -0.713711 0.635085 0.295435 -54.9195 -0.253299 0.159223 -0.954193 228.888
-0.658071 -0.751273 0.0503022 -51.0911 -0.709506 0.641077 0.292611 -54.6811 -0.252079 0.156869 -0.954906 228.126
-0.667253 -0.742646 0.0569967 -51.0174 -0.703189 0.653332 0.2805 -54.4481 -0.24555 0.147085 -0.958158 227.34
-0.680687 -0.730611 0.0535817 -50.9463 -0.694832 0.667064 0.268765 -54.2228 -0.232106 0.145715 -0.961713 226.545
-0.693801 -0.71837 0.0508217 -50.877 -0.68411 0.679473 0.265157 -53.9993 -0.225013 0.149199 -0.962863 225.747
-0.704246 -0.70828 0.0487353 -50.8092 -0.674572 0.68897 0.26509 -53.776 -0.221336 0.153814 -0.962989 224.947
