0.999996 -3.36912e-05 0.00293558 0.00231875 3.42671e-05 1 -0.000195125 -0.000231974 -0.00293557 0.000195225 0.999996 0.751289
0.999987 -0.000552427 0.00504501 0.00387906 0.000545191 0.999999 0.00143236 0.000999956 -0.0050458 -0.00142959 0.999986 0.753599
0.999992 -0.00102811 0.0038686 0.00250047 0.0010332 0.999999 -0.0013117 -0.00144667 -0.00386724 0.00131568 0.999992 0.756844
0.999997 -0.00212721 0.000944459 -0.00017727 0.00212708 0.999998 0.000145529 -0.000313137 -0.000944779 -0.000143527 0.999999 0.760088
0.999995 -0.00301531 -0.000996026 -0.00179847 0.00301198 0.99999 -0.00332351 -0.00337696 0.00100605 0.0033205 0.999994 0.763424
0.999981 -0.00566988 0.00260815 0.000895106 0.00567876 0.999978 -0.00341018 -0.00370641 -0.00258877 0.0034249 0.999991 0.766551
0.999971 -0.00741061 -0.00162451 -0.00270781 0.00740454 0.999966 -0.00371295 -0.00439053 0.00165197 0.00370085 0.999992 0.775067
0.999971 -0.00711578 -0.00251763 -0.00339919 0.007112 0.999973 -0.00150258 -0.00255668 0.00252824 0.00148459 0.999996 0.776212
0.999994 -0.000191981 -0.0035549 -0.00435007 0.000190097 1 -0.000535376 -0.00221771 0.00355503 0.000534741 0.999994 0.78317
0.999979 -0.00037537 -0.00648 -0.00677379 0.000358128 0.999996 -0.00265711 -0.00484896 0.00648096 0.00265468 0.999975 0.797743
0.999995 -0.000522951 -0.00328592 -0.00407335 0.000516615 0.999998 -0.00193749 -0.0042787 0.00328695 0.00193582 0.999993 0.798769
0.999999 -0.000613036 -0.00116247 -0.00233589 0.000610725 0.999998 -0.0019629 -0.00439545 0.00116365 0.00196214 0.999997 0.800322
0.999999 -0.000965993 0.00124659 -0.000569216 0.000966629 1 -0.000473102 -0.0032372 -0.00124611 0.000474347 0.999999 0.803278
0.999998 -0.00142953 -0.000795534 -0.00246523 0.00142871 0.999998 -0.000967134 -0.003817 0.000796892 0.000965952 0.999999 0.804954
0.999997 -0.00201209 0.00159326 -0.000828924 0.00201589 0.999996 -0.00235402 -0.00535041 -0.00158849 0.00235727 0.999996 0.808752
0.99999 -0.00408707 -0.00177325 -0.00479103 0.00408536 0.999991 -0.000935326 -0.00458152 0.00177703 0.000928034 0.999998 0.815411
0.999991 -0.00441835 0.000200666 -0.00350619 0.00441912 0.999984 -0.00368046 -0.00728664 -0.000184374 0.00368136 0.999993 0.817948
0.999981 -0.00547369 0.00290925 -0.00151091 0.00548922 0.99997 -0.0053763 -0.00926979 -0.00287976 0.00539212 0.999981 0.820337
0.999979 -0.00533181 -0.00367065 -0.00755121 0.00532002 0.999981 -0.00322612 -0.00745379 0.00368781 0.00320657 0.999988 0.821169
0.999984 -0.00494096 -0.00262816 -0.00648513 0.00493691 0.999986 -0.0015354 -0.00603729 0.00263567 0.00152236 0.999995 0.821911
0.999993 -0.00366134 -0.00132967 -0.00521777 0.00365944 0.999993 -0.00144258 -0.00608182 0.00133497 0.00143774 0.999998 0.823351
0.99999 -0.00374297 -0.00238156 -0.00604055 0.00374358 0.999993 0.000261515 -0.00464062 0.00238053 -0.000270463 0.999997 0.824133
0.999989 -0.0042533 -0.00217387 -0.00570379 0.00425768 0.999989 0.0020051 -0.00317039 0.00216535 -0.0020143 0.999996 0.825238
0.999986 -0.00391575 -0.00355059 -0.00685561 0.00391899 0.999991 0.000914909 -0.00415588 0.00354694 -0.000928846 0.999993 0.826088
0.999989 -0.00373768 -0.00274144 -0.00581904 0.00373543 0.999993 -0.000826673 -0.00584998 0.00274455 0.000816461 0.999996 0.828841
0.999986 -0.00491269 -0.00190227 -0.00457606 0.00491527 0.999987 0.00136183 -0.00405412 0.0018955 -0.00137119 0.999997 0.834348
0.999985 -0.00434369 -0.00338498 -0.00585273 0.00434195 0.999991 -0.00052723 -0.00585586 0.0033873 0.000512554 0.999994 0.835455
0.99999 -0.00410471 -0.00192834 -0.00450583 0.00410069 0.999989 -0.00206569 -0.00740174 0.00193674 0.00205773 0.999996 0.837344
0.999993 -0.00354235 0.000995996 -0.00191379 0.0035442 0.999992 -0.00182069 -0.00745992 -0.000989482 0.00182423 0.999998 0.840436
0.999997 0.000496457 -0.00246348 -0.0055343 -0.000503368 0.999996 -0.00277891 -0.0090306 0.00246203 0.00278012 0.999993 0.847687
0.999983 0.000230753 -0.00580773 -0.00858347 -0.00024187 0.999998 -0.00192487 -0.00843305 0.00580733 0.00192627 0.999981 0.848783
0.999994 -0.000482695 -0.00344464 -0.00643577 0.000481516 1 -0.000332146 -0.00704606 0.00344474 0.000330447 0.999994 0.849337
0.999996 -0.000810278 -0.00266969 -0.00573329 0.000812407 0.999999 0.000779948 -0.0060862 0.00266912 -0.000782078 0.999996 0.84996
0.999992 -0.00117793 -0.00374434 -0.00655082 0.0011843 0.999998 0.00171551 -0.0053411 0.00374226 -0.00171996 0.999992 0.851261
0.999988 -0.000432835 -0.00488827 -0.00744057 0.000436061 0.999999 0.000641674 -0.00645271 0.00488806 -0.00064378 0.999988 0.853445
0.999995 -0.000709881 -0.00321765 -0.00585483 0.000711096 1 0.00040002 -0.00680599 0.0032173 -0.000402311 0.999995 0.855217
0.999987 -0.000986638 -0.00506804 -0.00745272 0.000993676 0.999998 0.00137092 -0.00602453 0.00506675 -0.00137593 0.999986 0.856609
0.999978 -0.0045124 -0.00480117 -0.00670644 0.00452725 0.999985 0.00310144 -0.0050347 0.00478701 -0.00312313 0.999984 0.862812
0.999983 -0.00505051 -0.00290887 -0.00480082 0.0050522 0.999987 0.00055065 -0.00758958 0.00290614 -0.00056532 0.999995 0.864815
0.999944 -0.00800369 -0.00694681 -0.00814565 0.00800374 0.999968 -1.04049e-05 -0.00851162 0.00694657 -4.51805e-05 0.999976 0.868329
0.999941 -0.0100417 -0.00412504 -0.00495196 0.0100345 0.999948 -0.00179054 -0.0105567 0.00414291 0.00174903 0.99999 0.87164
0.999916 -0.0100131 -0.00830574 -0.00866919 0.0100023 0.999949 -0.00132242 -0.0101684 0.00831845 0.00123925 0.999965 0.873233
0.99992 -0.00876943 -0.00909719 -0.00893604 0.00873756 0.999955 -0.00354825 -0.0123869 0.00912801 0.00346846 0.999952 0.87488
0.99996 -0.00807203 -0.00394425 -0.00379356 0.00806012 0.999963 -0.00299774 -0.0118998 0.0039682 0.00296585 0.999988 0.875533
0.99997 -0.00739206 -0.00207418 -0.00202153 0.00738666 0.999969 -0.00265023 -0.0116558 0.00209381 0.00263481 0.999994 0.876102
0.999973 -0.00653278 -0.00354728 -0.00336838 0.00652401 0.999976 -0.002444 -0.0115416 0.00356307 0.00242082 0.999991 0.876968
0.999979 -0.00315937 -0.00556686 -0.00480739 0.00314938 0.999993 -0.00182121 -0.0113812 0.00557267 0.00180364 0.999982 0.881733
0.999989 -0.0035051 -0.00314035 -0.00251427 0.00350238 0.999994 -0.00084449 -0.0105225 0.00314321 0.000833482 0.999995 0.882564
0.999986 -0.00432328 -0.00296657 -0.00234967 0.00431435 0.999986 -0.00303503 -0.012765 0.00297974 0.0030222 0.999991 0.884924
0.99998 -0.0063667 -0.000338547 2.53811e-05 0.00636536 0.999973 -0.00369587 -0.0137032 0.000361985 0.00369365 0.999993 0.889572
0.999968 -0.0072857 -0.00323841 -0.00315406 0.0072725 0.999965 -0.00409171 -0.0144113 0.00326819 0.00406801 0.999986 0.893296
0.999736 -0.0227245 -0.00335002 -0.00616188 0.0227206 0.999741 -0.00117286 -0.0144093 0.00337572 0.00109646 0.999994 0.926933
0.999749 -0.0220935 -0.00375177 -0.00668921 0.0220668 0.999732 -0.00704885 -0.0206858 0.00390658 0.00696426 0.999968 0.929038
0.999745 -0.0211344 -0.0079667 -0.0107956 0.0210917 0.999763 -0.00539338 -0.0190042 0.00807871 0.00522402 0.999954 0.930487
0.99982 -0.0161393 -0.00999561 -0.0110712 0.0161308 0.999869 -0.000944668 -0.0146634 0.0100097 0.00078322 0.999949 0.937069
0.999877 -0.0150403 -0.00447923 -0.00534839 0.0150297 0.999884 -0.00237299 -0.0161431 0.00451429 0.0023054 0.999988 0.937793
0.999905 -0.0131488 -0.00409985 -0.00486681 0.0131317 0.999905 -0.00419063 -0.0181059 0.00415471 0.00413637 0.999982 0.939887
0.999939 -0.00967853 -0.00531798 -0.00571362 0.00967282 0.999953 -0.0010787 -0.01525 0.00532801 0.00102722 0.999986 0.944358
0.999954 -0.00942622 -0.0016402 -0.00198623 0.00942404 0.999954 -0.00141227 -0.015625 0.00165358 0.00139671 0.999997 0.945159
0.999958 -0.00836039 -0.00386914 -0.00435398 0.00835053 0.999962 -0.00252244 -0.0170316 0.00388994 0.00249008 0.99999 0.948543
0.999956 -0.00906228 -0.00240981 -0.00271541 0.00906161 0.999959 -0.00032503 -0.0149018 0.00241283 0.00030312 0.999997 0.951176
0.999956 -0.00868098 -0.00347183 -0.00370588 0.0086699 0.999958 -0.00316453 -0.0180224 0.00349896 0.00313437 0.999989 0.953595
0.99994 -0.0109457 -0.000494486 -0.000410366 0.0109433 0.999929 -0.00476118 -0.0199708 0.000546775 0.00475542 0.999988 0.958511
0.999918 -0.0115745 -0.00541584 -0.00496892 0.0115452 0.999919 -0.00537389 -0.020743 0.00547737 0.00531098 0.999971 0.962417
0.999903 -0.0139459 -1.83962e-05 0.00147275 0.0139461 0.999902 0.00122672 -0.0136633 1.54147e-06 -0.00122692 0.999999 0.965913
0.999874 -0.0151717 -0.00459959 -0.00283299 0.0151926 0.999874 0.00459598 -0.00995923 0.00452904 -0.00466521 0.999979 0.968776
0.999774 -0.0204514 -0.00573985 -0.00265103 0.0205283 0.999696 0.0136367 0.00120644 0.00545945 -0.0137515 0.99989 0.975648
0.999804 -0.019767 -0.000617558 0.00284487 0.0197714 0.999769 0.00846062 -0.00453366 0.00044995 -0.00847111 0.999964 0.976747
0.999854 -0.0166386 0.00391684 0.00758312 0.0166374 0.999861 0.000375244 -0.0139525 -0.00392231 -0.000310075 0.999992 0.976819
0.999905 -0.0136978 0.00170801 0.00522336 0.0137036 0.9999 -0.00352716 -0.0188693 -0.00165977 0.00355029 0.999993 0.979364
0.999914 -0.0123262 0.00432769 0.00783842 0.012331 0.999923 -0.00103761 -0.0165714 -0.0043143 0.00109082 0.99999 0.980716
0.999933 -0.0113061 0.00241808 0.00550416 0.0113036 0.999936 0.000981036 -0.0146352 -0.00242927 -0.000953554 0.999997 0.98221
0.999924 -0.0112146 0.00496605 0.00806069 0.0112189 0.999936 -0.000784876 -0.0166024 -0.00495668 0.000840432 0.999987 0.982956
0.999931 -0.0111335 0.00393136 0.00689088 0.0111468 0.999932 -0.0034374 -0.019515 -0.00389306 0.00348105 0.999987 0.983888
0.999933 -0.0103851 0.00506213 0.00788949 0.0104143 0.999929 -0.00575244 -0.0221671 -0.0050018 0.00580471 0.99997 0.984774
0.999941 -0.0102614 0.00361321 0.00613857 0.0102648 0.999947 -0.000954865 -0.0171292 -0.00360346 0.00099195 0.999993 0.986056
0.999958 -0.00918245 0.000157314 0.00229591 0.00918282 0.999956 -0.00154736 -0.0178066 -0.000142863 0.0015487 0.999998 0.986548
0.999962 -0.00820218 0.00306853 0.00529194 0.00820531 0.999966 -0.001064 -0.0173135 -0.00305993 0.00108919 0.999995 0.987073
0.99998 -0.00531601 0.00329005 0.00522897 0.00532152 0.999984 -0.00158641 -0.0177801 -0.00328132 0.00160384 0.999993 0.990171
0.999985 -0.00520207 0.00177287 0.00354118 0.00520313 0.999986 -0.000742567 -0.0168971 -0.0017692 0.000751841 0.999999 0.990773
0.99999 -0.0041845 0.001264 0.00300551 0.0041888 0.999986 -0.0031923 -0.0194843 -0.00125042 0.00319752 0.999994 0.990902
0.999995 -0.00322394 0.000961296 0.00264332 0.0032274 0.999987 -0.00392663 -0.0202253 -0.000948838 0.00392976 0.999992 0.991671
0.999995 -0.00205444 0.00234096 0.00398454 0.00206219 0.999992 -0.00322085 -0.0194065 -0.00233409 0.00322559 0.999992 0.993228
0.999991 -0.00192554 0.00398194 0.00564563 0.0019258 0.999998 -9.75979e-05 -0.0159711 -0.00398198 0.000105317 0.999993 0.994038
0.999999 -0.00126058 1.36325e-05 0.00155916 0.00126074 0.999999 -0.000330598 -0.0162075 -1.2987e-05 0.000330554 0.999999 0.994091
0.999997 -0.00142346 -0.00203077 -0.00050309 0.00142523 0.999999 0.000933284 -0.0148991 0.00202923 -0.000936104 0.999998 0.994237
0.999997 -0.00142345 -0.00203056 -0.000502296 0.00142531 0.999998 0.000933215 -0.0148994 0.00202944 -0.000936167 0.999997 0.994241
0.99999 -0.00125781 -0.00429126 -0.00279417 0.00126356 0.999998 0.00132799 -0.0144937 0.00428939 -0.00133334 0.99999 0.994376
0.999986 -0.00121435 -0.00500731 -0.00350173 0.00122009 0.999999 0.00113726 -0.0146868 0.00500612 -0.00114342 0.999986 0.994521
0.999976 -0.0008424 -0.00697578 -0.00551931 0.000846987 1 0.000651335 -0.0151854 0.00697503 -0.000657168 0.999976 0.99459
0.999973 -0.000618073 -0.00722078 -0.00573664 0.000619244 1 0.000162896 -0.015676 0.00722086 -0.00016742 0.999973 0.994732
0.99997 -0.00103769 -0.00780725 -0.00624964 0.00104574 0.999999 0.00102736 -0.0147606 0.00780596 -0.00103544 0.99997 0.994924
0.999954 -0.00113048 -0.00945183 -0.00784922 0.0011402 0.999998 0.00101745 -0.0147759 0.00945087 -0.00102823 0.999954 0.99527
0.999947 -0.00194349 -0.010124 -0.00841157 0.00196391 0.999996 0.00202209 -0.0136904 0.0101199 -0.00204182 0.999948 0.995689
0.999957 -0.00152922 -0.00912272 -0.00727127 0.00153884 0.999998 0.00102975 -0.0147426 0.00912131 -0.00104379 0.999957 0.995914
0.99996 -0.00134261 -0.0088517 -0.00696253 0.00134968 0.999999 0.000814715 -0.014972 0.00885044 -0.000826598 0.999961 0.995996
0.999958 1.24065e-05 -0.00906784 -0.00721862 -1.8191e-05 1 -0.000655966 -0.0165077 0.00906798 0.000656066 0.999958 0.996029
0.999971 -0.00117046 -0.00754948 -0.00558437 0.00117691 0.999999 0.00085887 -0.0149522 0.00754829 -0.000867687 0.999972 0.996264
0.999981 -0.00129701 -0.0060066 -0.00400312 0.00130107 0.999999 0.000664948 -0.0151621 0.00600589 -0.000672795 0.999981 0.996404
0.999994 -0.000842208 -0.00339232 -0.00131802 0.000845371 0.999999 0.000951212 -0.014885 0.00339136 -0.000954015 0.999995 0.99663
0.999995 -0.000637696 -0.00289448 -0.000743335 0.000640478 0.999999 0.000920971 -0.0149254 0.00289404 -0.000922856 0.999994 0.996836
1 -0.000685585 -0.000713053 0.00164912 0.000685347 1 -4.59985e-05 -0.0159394 0.000712912 4.55493e-05 1 0.997137
1 -0.000282527 -0.000630649 0.00175038 0.000283489 0.999999 0.00133028 -0.0145123 0.000630427 -0.00133049 0.999998 0.997652
1 0.00106018 -0.000287766 0.00211592 -0.00106062 0.999999 -0.000749367 -0.0168111 0.00028684 0.000749721 1 0.998219
0.999999 0.000459969 -0.000997598 0.00127052 -0.000458719 0.999999 0.00104125 -0.0148907 0.000998245 -0.00104086 0.999998 0.998605
0.999999 0.00130104 -0.000798186 0.00141087 -0.00129925 0.999996 0.00250427 -0.0133516 0.000801204 -0.00250314 0.999997 0.998974
0.999998 0.00102077 -0.00174769 0.000378049 -0.00101536 0.999995 0.00289511 -0.0129421 0.0017509 -0.00289345 0.999994 0.999247
0.999998 0.000918895 -0.00180635 0.000265842 -0.000916928 0.999999 0.00126458 -0.0146739 0.00180726 -0.0012628 0.999998 0.999639
0.999998 0.00105023 -0.00156634 0.000469937 -0.00104996 0.999999 -3.63926e-06 -0.0160236 0.00156657 5.15859e-06 0.999998 1.00023
0.999999 0.000381055 -0.00135391 0.000608332 -0.000379478 0.999999 0.00138384 -0.0145848 0.00135419 -0.00138321 0.999999 1.00085
0.999999 -0.000248519 -0.00104406 0.000903473 0.000252099 0.999995 0.00311531 -0.0128051 0.00104349 -0.00311568 0.999994 1.00173
0.999999 -0.00097918 0.00103735 0.00281889 0.000976289 0.999997 0.0023771 -0.0136289 -0.00103985 -0.00237598 0.999997 1.00395
0.999999 -0.000961051 -0.000406496 0.00112585 0.000962352 0.999997 0.00225082 -0.0137723 0.000404493 -0.00225132 0.999997 1.00463
1 -0.00110553 0.000133967 0.00153088 0.00110506 0.999999 0.000455735 -0.0157785 -0.000134614 -0.000455473 1 1.00605
0.999997 -0.00220278 4.70111e-05 0.00104507 0.00220334 0.999995 -0.00238714 -0.0190601 -4.16137e-05 0.00238713 0.999997 1.00921
0.999987 -0.00436715 0.002868 0.0032738 0.00436767 0.999991 -0.000341469 -0.0171334 -0.00286663 0.000354093 0.999996 1.01529
0.999995 -0.00268429 0.00107648 -0.000123931 0.00267945 0.999985 0.00481645 -0.0114376 -0.00108919 -0.0048136 0.999987 1.02204
0.999996 -0.0024931 -0.00139346 -0.00405887 0.0024952 0.999995 0.0017593 -0.0147643 0.0013889 -0.00176271 0.999998 1.02522
0.999992 -0.00209345 -0.00313267 -0.0058549 0.00209951 0.999996 0.00181745 -0.0147282 0.00312903 -0.00182406 0.999993 1.02549
0.999997 -0.00164523 -0.00197414 -0.00462174 0.00164481 0.999999 -1.93439e-05 -0.0167364 0.00197399 1.61619e-05 0.999999 1.02586
0.999999 -0.00127849 0.000148546 -0.00234958 0.00127893 0.999999 -0.000729838 -0.0175214 -0.000147423 0.000729971 0.999999 1.02612
1 -0.000936564 -0.00023635 -0.00279916 0.00093582 0.999998 -0.00171211 -0.0186285 0.000237752 0.00171193 0.999999 1.02664
0.999999 -0.000748825 0.000887445 -0.00162066 0.00075217 0.999994 -0.00344503 -0.0205626 -0.000884651 0.00344563 0.999993 1.02712
0.999998 -0.000773008 0.0020066 -0.000460868 0.00078075 0.999992 -0.00399635 -0.0212341 -0.00200368 0.00399798 0.999991 1.02781
0.999997 -0.00125305 0.00176149 -0.000788573 0.00125706 0.999997 -0.00213078 -0.0192893 -0.00175863 0.00213295 0.999996 1.02856
0.999994 -0.0014696 0.00314138 0.000607591 0.00147501 0.999997 -0.00179013 -0.0190123 -0.00313892 0.00179479 0.999994 1.02926
0.999972 -0.00738229 0.000674582 -0.00380752 0.00738243 0.999973 7.67296e-05 -0.0185018 -0.000674906 -7.17802e-05 0.999999 1.04215
0.999971 -0.00718975 0.00265357 -0.00179564 0.00719074 0.999974 -0.000427528 -0.0191499 -0.00265067 0.000446627 0.999997 1.04304
0.999965 -0.00744425 0.00376458 -0.000775706 0.00743992 0.999971 0.00119984 -0.0174598 -0.00377314 -0.00117181 0.999992 1.04503
0.999978 -0.0065715 -0.00125997 -0.00662301 0.00657129 0.999978 -0.00010181 -0.0188748 0.00126034 9.35493e-05 0.999999 1.04547
0.999991 -0.00378066 -0.00167762 -0.00714032 0.00377855 0.999992 -0.00132564 -0.020283 0.00168291 0.00131927 0.999997 1.04654
0.999989 -0.0033388 -0.00332512 -0.0088874 0.00333745 0.999994 -0.000362259 -0.019263 0.00332606 0.000351159 0.999995 1.04732
0.999993 -0.00345847 -0.00120215 -0.00651004 0.00345862 0.999994 1.50255e-05 -0.0188804 0.00120233 -1.91731e-05 0.999999 1.04798
0.999998 -0.00109947 -0.00159433 -0.00685898 0.00109703 0.999998 -0.00139163 -0.0205493 0.0015956 0.00138987 0.999998 1.05044
0.999996 -2.6526e-05 -0.00298002 -0.00824438 1.78233e-05 0.999996 -0.00298823 -0.0224789 0.00298031 0.00298813 0.999991 1.05185
0.999999 -0.00057103 0.00136891 -0.00340149 0.000572877 0.999999 -0.00145512 -0.020789 -0.00136834 0.00145593 0.999998 1.05246
1 -0.000694845 -0.000571015 -0.0055685 0.000694087 0.999999 -0.00153341 -0.0209046 0.00057234 0.001533 0.999998 1.05312
0.999999 -0.000651578 -0.00161646 -0.00678418 0.0006499 0.999999 -0.000952713 -0.0203349 0.00161686 0.000951703 0.999999 1.05476
0.999999 -0.00156269 0.000154354 -0.00481797 0.00156296 0.999999 -0.000863182 -0.0202868 -0.00015279 0.000863356 0.999999 1.05601
0.999996 -0.00225666 0.00147381 -0.00338977 0.00225673 0.999997 -0.000132358 -0.019552 -0.00147369 0.000135746 0.999999 1.05712
0.999997 -0.00252821 -0.000493742 -0.00565775 0.00252759 0.999996 -0.00150316 -0.0212272 0.000497693 0.00150185 0.999998 1.05758
0.999992 -0.00245717 -0.00308537 -0.00850421 0.00245442 0.999996 -0.00087281 -0.0205195 0.00308739 0.000865285 0.999995 1.05806
0.999991 -0.00178504 -0.00388862 -0.00936393 0.00178075 0.999998 -0.00114078 -0.020862 0.00389072 0.0011338 0.999991 1.05845
0.999993 -0.00161503 -0.00349362 -0.00845673 0.00161532 0.999998 0.000105887 -0.0196363 0.00349334 -0.000111484 0.999994 1.06149
0.999995 -0.0013913 -0.00281148 -0.00765784 0.00138991 0.999999 -0.000544239 -0.0203776 0.0028123 0.000540257 0.999996 1.06177
0.999997 -0.00152547 -0.00207844 -0.00681307 0.00152489 0.999998 -0.000188424 -0.0200104 0.00207865 0.000185323 0.999998 1.06216
0.999998 -0.00104818 -0.00159288 -0.00625017 0.00104654 0.999999 -0.00113901 -0.0211246 0.00159423 0.00113729 0.999998 1.06272
0.999997 -0.000661004 -0.00231834 -0.00703947 0.000655805 0.999997 -0.00216603 -0.022338 0.00231958 0.00216456 0.999995 1.06328
0.999997 -0.0014728 -0.00176939 -0.0063051 0.00147179 0.999999 -0.000679942 -0.0206943 0.00177056 0.000677284 0.999998 1.06416
0.999992 -0.00178288 -0.00350095 -0.00801992 0.0017882 0.999997 0.00156354 -0.0182398 0.00349797 -0.00156973 0.999993 1.06608
0.999997 -0.00218866 -0.000671582 -0.00451385 0.00218988 0.999997 0.00161933 -0.0182941 0.000668188 -0.00162083 0.999998 1.06818
0.999998 -0.0016338 0.000604293 -0.00285 0.00163412 0.999998 -0.000889145 -0.0212808 -0.000602996 0.00089018 1 1.06946
0.999997 -0.00201588 -0.000947844 -0.00451865 0.00201725 0.999997 0.00120167 -0.0187847 0.00094559 -0.00120362 0.999999 1.07228
1 -0.000669317 -0.000183848 -0.00370418 0.000668854 0.999999 -0.00115225 -0.0216125 0.00018446 0.00115217 0.999999 1.07193
0.999999 -0.000942407 -0.000811129 -0.00423185 0.000942994 1 0.000311405 -0.0198893 0.000810952 -0.000312224 1 1.07241
0.999999 -0.00116545 0.000738973 -0.00248104 0.0011644 0.999999 0.000914162 -0.0191788 -0.000740167 -0.000913252 0.999999 1.07255
0.999999 -0.00108591 0.00131871 -0.00215402 0.00108371 0.999998 0.0019436 -0.0180276 -0.00132066 -0.00194221 0.999997 1.07261
0.999999 -0.000990079 -0.000594468 -0.00432511 0.000990613 0.999998 0.00139391 -0.0186719 0.000592949 -0.00139448 0.999999 1.07377
1 -1.20266e-05 -0.000613862 -0.00428214 1.20149e-05 1 -0.000607083 -0.0208408 0.00061397 0.000607046 1 1.07599
0.999999 -0.000161148 0.00115649 -0.00235273 0.000161578 1 -0.000709574 -0.0209211 -0.00115644 0.000709784 0.999999 1.07721
0.999999 -0.00071145 0.00128517 -0.0021886 0.000715069 0.999997 -0.00255418 -0.0231058 -0.00128332 0.00255506 0.999996 1.07835
0.999998 -0.00173101 0.000536533 -0.003158 0.00173278 0.999991 -0.00378245 -0.0246596 -0.000529981 0.0037834 0.999992 1.07946
0.999993 -0.00285427 0.00267085 -0.000813469 0.00285964 0.999994 -0.00191571 -0.0225259 -0.00266537 0.00192331 0.999995 1.08004
0.999983 -0.00482382 0.00323225 -0.00041386 0.00482367 0.999988 3.54341e-06 -0.0204893 -0.00323217 1.20727e-05 0.999994 1.08096
0.999988 -0.00503746 -4.11266e-05 -0.00425179 0.00503767 0.999987 -0.000978843 -0.0217914 4.60148e-05 0.000978576 1 1.08173
0.999985 -0.00482546 -0.00251714 -0.00713318 0.00482247 0.999988 -0.00112954 -0.0220279 0.00252255 0.00111744 0.999996 1.08184
0.99999 -0.00427997 -0.00158329 -0.00598708 0.00427833 0.99999 -0.00113557 -0.0220755 0.00158818 0.00112873 0.999998 1.08218
0.999993 -0.00352491 -0.000998216 -0.0053434 0.00352492 0.999994 -2.58992e-06 -0.0208433 0.000998175 -8.46365e-07 0.999999 1.08262
0.999996 -0.00293556 1.18729e-05 -0.00423336 0.00293561 0.999996 -0.000301922 -0.0212116 -1.09183e-05 0.000301868 1 1.0829
0.999998 -0.00161617 0.000686633 -0.00359852 0.00161621 0.999998 -9.25806e-05 -0.0210265 -0.000686555 9.37583e-05 0.999999 1.08342
0.999999 -0.00132449 0.00071997 -0.00381774 0.00132386 0.999999 0.000823345 -0.0202844 -0.000721015 -0.000822439 1 1.08752
0.999999 -0.00136251 0.000100146 -0.00453034 0.00136254 0.999999 2.7944e-05 -0.0212166 -0.000100242 -2.77566e-05 1 1.08762
0.999999 -0.00146596 -0.000259828 -0.00500074 0.00146594 0.999999 -7.2112e-05 -0.0213517 0.000259989 7.16834e-05 1 1.08792
0.999999 -0.00126214 -0.000798349 -0.00562115 0.00126137 0.999998 -0.00108715 -0.0225262 0.00079964 0.00108617 0.999998 1.08806
0.999998 -0.00147236 -0.00125094 -0.00619594 0.00147046 0.999999 -0.00138726 -0.0229158 0.00125304 0.00138539 0.999999 1.08828
0.999998 -0.00179779 -0.00106725 -0.00596111 0.00179542 0.999995 -0.00241564 -0.0241345 0.00107154 0.00241374 0.999996 1.0883
0.999997 -0.00245897 -0.000953137 -0.00573236 0.00245687 0.999996 -0.00201035 -0.0238564 0.000958138 0.00200796 0.999998 1.08775
0.999994 -0.0028412 -0.00156005 -0.00623182 0.00283983 0.999995 -0.00101892 -0.0227729 0.0015629 0.00101451 0.999998 1.08727
0.999986 -0.00423231 -0.00311055 -0.00790052 0.00422848 0.999991 -0.00116258 -0.0231055 0.00311544 0.00114939 0.999995 1.08633
0.999985 -0.00440179 -0.00333317 -0.00823351 0.00440118 0.99999 -0.000267261 -0.0221646 0.00333435 0.000252588 0.999994 1.08547
0.99999 -0.0041144 -0.00206647 -0.00682296 0.00411423 0.999992 5.71717e-05 -0.0217915 0.00206617 -6.56912e-05 0.999998 1.08534
0.999992 -0.00353029 -0.00166859 -0.00636491 0.00352906 0.999993 -0.000939468 -0.0229066 0.00167191 0.00093357 0.999998 1.08501
0.999992 -0.00310269 -0.00266056 -0.0074836 0.0030993 0.999995 -0.00116975 -0.0231337 0.00266422 0.00116149 0.999996 1.08502
0.999994 -0.00256576 -0.00215778 -0.00688937 0.00256501 0.999996 -0.000481503 -0.0223154 0.00215894 0.00047598 0.999997 1.08462
0.999998 -0.00142788 -0.00135357 -0.00603444 0.00142549 0.999998 -0.00153433 -0.0234551 0.00135581 0.00153238 0.999998 1.08266
0.999997 -0.000985298 -0.00228594 -0.00712474 0.000984351 0.999999 -0.000527341 -0.0222325 0.00228641 0.00052511 0.999997 1.08106
0.999999 -0.00100001 -0.000563973 -0.00514562 0.000999317 1 -0.000635147 -0.022272 0.00056465 0.000634585 1 1.07977
0.999999 -0.00114237 0.000943083 -0.00359192 0.0011438 0.999998 -0.00124616 -0.0229545 -0.000941676 0.00124726 0.999998 1.07846
0.999996 -0.00267828 -0.00127813 -0.00220011 0.00267659 0.999996 -0.00121233 -0.0202475 0.00128136 0.00120886 0.999999 1.00672
0.999995 -0.00229994 -0.00201738 -0.00296683 0.00229598 0.999995 -0.00201356 -0.0210992 0.002022 0.00200897 0.999996 1.00554
0.999997 -0.00234203 -0.000936081 -0.00179587 0.00234128 0.999997 -0.000636943 -0.0196585 0.000937559 0.000634672 1 1.00232
0.999996 -0.0026196 0.00057093 -0.000203892 0.00262091 0.999995 -0.00178067 -0.0209698 -0.000566247 0.00178224 0.999998 1.00008
0.999993 -0.00275948 0.00269218 0.00202895 0.00275956 0.999996 -0.000119632 -0.0191604 -0.00269185 0.00012697 0.999997 0.998354
0.999989 0.000321465 0.00473121 0.00397773 -0.000340279 0.999992 0.0040369 -0.0145022 -0.00472989 -0.00403838 0.99998 0.989528
0.999996 0.00188887 0.0021552 0.00105712 -0.00189124 0.999998 0.000908787 -0.017721 -0.00215347 -0.000912936 0.999998 0.984874
0.999997 -0.000345688 0.0025387 0.00165169 0.000353996 0.999995 -0.00311198 -0.0219293 -0.00253761 0.00311294 0.999992 0.978985
0.999998 -0.00179919 -0.000115779 -0.00122615 0.00179861 0.999997 -0.0018233 -0.0206012 0.000119078 0.00182301 0.999999 0.976206
0.999995 -0.00185699 0.00259184 0.00144985 0.00185948 0.999998 -0.000790036 -0.0194861 -0.00259043 0.000794932 0.999996 0.974678
0.999987 -0.00177391 0.00470433 0.00353734 0.00177574 0.999998 -0.000460696 -0.0191376 -0.00470343 0.000468939 0.999989 0.973684
0.999984 -0.00208395 0.00515799 0.00364209 0.00207518 0.999996 0.00176564 -0.016802 -0.00516176 -0.00175478 0.999985 0.971196
0.999974 -0.0018561 0.00698087 0.005295 0.0018511 0.999998 0.000673976 -0.0177628 -0.00698197 -0.000661153 0.999976 0.968653
0.999984 -0.00143301 0.00549667 0.00361645 0.00143589 0.999999 -0.0004648 -0.0188625 -0.00549613 0.000472821 0.999985 0.967477
0.999985 -0.00078294 0.00546343 0.00338369 0.000796375 0.999996 -0.00251297 -0.0207334 -0.00546129 0.00251714 0.999982 0.963503
0.999974 -0.000556314 0.00716537 0.00500663 0.000569904 0.999998 -0.00185974 -0.0200543 -0.00716442 0.00186393 0.999973 0.962085
0.999967 -0.0010444 0.00811237 0.00580008 0.00104117 0.999999 0.000363357 -0.0176183 -0.00811266 -0.000355044 0.999967 0.960244
0.999979 -0.00074536 0.00642805 0.004034 0.000752678 1 -0.00108125 -0.0190358 -0.00642736 0.00108618 0.999979 0.958154
0.999993 -0.000334164 0.00368127 0.000871071 0.000341094 0.999997 -0.00196233 -0.0197498 -0.00368047 0.00196343 0.999991 0.952605
0.999977 -0.00195052 0.00653293 0.00356164 0.00195928 0.999998 -0.0012859 -0.0185313 -0.00653052 0.0012988 0.999978 0.945694
0.99999 -0.00217148 0.00402208 0.000991574 0.002177 0.999996 -0.00147483 -0.0185887 -0.00401874 0.00148345 0.999991 0.944345
0.999975 -0.00302424 0.00634027 0.00306598 0.00305132 0.999987 -0.00420613 -0.0208039 -0.00632758 0.00422549 0.999971 0.937919
0.999988 -0.0026069 0.00408095 0.000737711 0.00261865 0.999992 -0.00297062 -0.019434 -0.00407307 0.00298115 0.999987 0.936506
0.999997 -0.00253079 0.000129849 -0.00310326 0.00253117 0.999997 0.000245808 -0.0154418 -0.000130558 -0.000245359 1 0.920426
0.999992 -0.002272 0.00344705 0.000139448 0.00227915 0.999995 -0.00219541 -0.0178717 -0.00344197 0.00220315 0.999992 0.918184
0.999969 -0.00142701 0.0077099 0.00409416 0.00144317 0.999997 -0.00202413 -0.0175088 -0.00770708 0.0020353 0.999968 0.912303
0.999993 -0.00120823 0.00371897 -0.00086621 0.00123783 0.999966 -0.00811434 -0.0231716 -0.00370897 0.00811878 0.99996 0.894903
0.999962 -0.000518925 0.00866338 0.00357913 0.000559886 0.999989 -0.00467354 -0.0194046 -0.00866091 0.00467831 0.999951 0.888944
0.999973 -0.000654288 0.00732119 -0.0176931 0.000667908 0.999998 -0.00192522 -0.0149532 -0.00731986 0.00192999 0.999972 0.77572
0.999977 -0.00276163 0.00616761 -0.0187366 0.00276101 0.999996 0.000176426 -0.0127354 -0.0061681 -0.000159302 0.999981 0.772548
0.999957 -0.00390867 0.00843745 -0.0151736 0.00390477 0.999993 0.000441971 -0.0123712 -0.00843907 -0.00040909 0.999965 0.771122
0.999985 -0.00404767 0.00368375 -0.019531 0.00404332 0.999991 0.00126112 -0.0115885 -0.00368891 -0.00124611 0.999992 0.770468
0.999982 -0.00356229 0.00482694 -0.0181486 0.0035628 0.999994 -0.000180901 -0.0129282 -0.00482617 0.000198004 0.999989 0.769676
0.999979 -0.00424586 0.00490233 -0.0184444 0.00424693 0.999991 -0.000111824 -0.0123841 -0.0049019 0.000132712 0.999988 0.765498
0.999984 -0.00302162 0.00484081 -0.0186243 0.00303989 0.999988 -0.00386506 -0.0160267 -0.00482899 0.00387964 0.999981 0.762712
0.999993 -0.00280417 0.00247425 -0.0205956 0.00280872 0.999994 -0.00166301 -0.014081 -0.00246967 0.00167002 0.999995 0.762739
0.999996 -0.00274438 0.0011707 -0.0216714 0.00274269 0.999996 0.00104842 -0.0117431 -0.00117348 -0.00104528 0.999999 0.762723
0.999996 -0.00276746 0.000642644 -0.0220724 0.0027664 0.999992 0.00247594 -0.0106695 -0.00064958 -0.0024741 0.999996 0.763061
0.999995 -0.00306563 0.00149696 -0.021332 0.00306116 0.999992 0.0026591 -0.0105716 -0.00150501 -0.00265457 0.999996 0.763254
0.999992 -0.00257504 0.00280665 -0.0202165 0.00258088 0.999994 -0.00189586 -0.0144183 -0.00280183 0.00190316 0.999994 0.76321
0.999986 -0.00205485 0.00488229 -0.0184372 0.00207775 0.999987 -0.00479541 -0.016888 -0.00487231 0.00480541 0.999976 0.763396
0.999994 -0.00216067 0.00270356 -0.0201822 0.00217226 0.999989 -0.00407031 -0.0162729 -0.0026948 0.00407622 0.999988 0.763861
0.99999 -0.00264716 0.00374113 -0.0186753 0.00264599 0.999997 0.000156437 -0.0127504 -0.00374148 -0.000146603 0.999993 0.765444
0.999982 -0.00370518 0.00472493 -0.0180897 0.00370186 0.999992 0.000846963 -0.0123582 -0.00472806 -0.000829412 0.999989 0.766577
0.999969 -0.00708452 0.00344936 -0.0194448 0.00707968 0.999975 0.00124079 -0.0124596 -0.00345805 -0.00121639 0.999993 0.768915
0.999969 -0.00660915 0.0041698 -0.018871 0.00660429 0.999977 0.00131196 -0.0124797 -0.0041784 -0.00128432 0.999991 0.769539
0.999975 -0.00672857 0.00230907 -0.0203344 0.00672921 0.999978 -0.000480199 -0.0141159 -0.0023058 0.000495661 0.999997 0.769566
0.999958 -0.00912195 0.000637325 -0.0219546 0.00912785 0.999915 -0.00928557 -0.0222899 -0.000552566 0.00929108 0.999957 0.769618
0.999965 -0.00829698 -0.000948139 -0.0233441 0.00829207 0.999955 -0.00459791 -0.0181273 0.000986237 0.0045898 0.999989 0.769307
0.999963 -0.00831679 0.0020849 -0.0207479 0.00832357 0.999961 -0.00299071 -0.0167796 -0.00205997 0.00300804 0.999994 0.769517
0.999961 -0.00794903 0.00390618 -0.0191458 0.00794959 0.999968 -0.000265931 -0.014517 -0.00390392 0.000296882 0.999992 0.769757
0.999972 -0.00694915 0.00283532 -0.0199479 0.00694774 0.999976 0.000719899 -0.0137076 -0.00284029 -0.000700095 0.999996 0.770076
0.999982 -0.00537346 0.00279233 -0.0199019 0.00537664 0.999984 -0.00136126 -0.0154721 -0.00278495 0.00137616 0.999995 0.77032
0.999973 -0.00515901 0.00521316 -0.0178617 0.00516508 0.999986 -0.00105038 -0.0152369 -0.00520771 0.00107737 0.999986 0.770544
0.99998 -0.00515813 0.00367423 -0.0190859 0.00516032 0.999986 -0.00074856 -0.0149651 -0.00367028 0.000767398 0.999992 0.77069
0.999985 -0.00509716 0.00187033 -0.0205256 0.00509824 0.999987 -0.000266769 -0.0145625 -0.00186899 0.000276415 0.999999 0.77101
0.999987 -0.00498634 0.00127553 -0.0209678 0.0049864 0.999987 -0.000495611 -0.0147378 -0.00127302 0.000501852 0.999999 0.77128
0.999988 -0.00449355 0.00181515 -0.0204901 0.00449326 0.99999 0.00058602 -0.0138111 -0.0018178 -0.000577753 0.999999 0.771789
0.999987 -0.00463646 0.00187157 -0.0204589 0.00463592 0.999989 -0.000139292 -0.0144424 -0.00187086 0.000147864 0.999997 0.772477
0.999992 -0.00417233 0.000127579 -0.0220055 0.00417316 0.999991 -0.000952048 -0.0151563 -0.000123654 0.000952691 1 0.772925
0.999996 -0.00258065 -0.000579388 -0.022892 0.0025799 0.999996 -4.4781e-05 -0.0143681 0.000579535 4.31631e-05 0.999999 0.775105
0.999996 -0.00273884 -0.000624844 -0.0229707 0.00273923 0.999997 -0.000478396 -0.0148225 0.000626118 0.000476817 1 0.776051
0.999995 -0.00314513 -0.000504809 -0.0229055 0.00314316 0.999992 -0.00241443 -0.0166209 0.000512428 0.0024127 0.999996 0.776383
0.999992 -0.00316921 -0.00237831 -0.0245644 0.00316553 0.999994 -0.00186514 -0.0162516 0.00238418 0.00185773 0.999996 0.776729
0.999993 -0.00339447 -0.00167802 -0.0238873 0.00339061 0.999992 -0.00185085 -0.016346 0.00168431 0.00184503 0.999996 0.777278
0.999992 -0.0031319 -0.00262563 -0.0246806 0.00312982 0.999995 -0.00107147 -0.0156728 0.00262895 0.00106336 0.999997 0.777385
0.999996 -0.00270367 -1.47682e-05 -0.0222901 0.0027029 0.999996 5.7541e-05 -0.0146743 1.46234e-05 -5.76893e-05 0.999999 0.777683
0.999992 -0.00298319 -0.00268711 -0.0243886 0.0029892 0.999994 0.00198963 -0.0129822 0.00268116 -0.00199753 0.999995 0.778041
0.999988 -0.00317867 -0.00377613 -0.0252265 0.00318766 0.999991 0.00254851 -0.0124605 0.00376798 -0.00256062 0.999988 0.778281
0.999985 -0.00326167 -0.0044149 -0.0256927 0.00326858 0.999994 0.00139779 -0.0134496 0.00441032 -0.0014121 0.99999 0.778473
0.999984 -0.00361424 -0.00442744 -0.0255958 0.00361771 0.999993 0.000936209 -0.0137892 0.00442402 -0.000952305 0.999989 0.778914
0.99999 -0.00263445 -0.00366996 -0.0248826 0.00263515 0.999996 6.01631e-06 -0.0146035 0.00366995 -1.55818e-05 0.999994 0.779341
0.999993 -0.00197317 -0.00324657 -0.0242116 0.00197483 0.999998 0.000711066 -0.0140322 0.00324511 -0.000717564 0.999994 0.780186
0.999986 -0.0021432 -0.00484357 -0.0256381 0.00215036 0.999996 0.0013467 -0.0134649 0.00484073 -0.001357 0.999988 0.779984
0.999998 -0.00152665 -0.00163535 -0.0227946 0.00152449 0.999999 -0.000970736 -0.0154793 0.00163679 0.000968144 0.999997 0.780025
0.999995 0.00249377 -0.0018616 -0.0229053 -0.00249881 0.999992 -0.00297212 -0.0174369 0.00185422 0.00297686 0.999995 0.779386
0.999995 0.00168768 -0.00276149 -0.0237925 -0.0016878 0.999999 0.000158734 -0.0146653 0.00276168 -0.00015418 0.999995 0.779069
0.999999 0.000879156 -0.000551702 -0.0219374 -0.000878103 0.999999 0.000958325 -0.0138685 0.000552647 -0.000957725 1 0.778422
0.999997 0.00093671 -0.00249081 -0.0235469 -0.000938019 1 -0.000282498 -0.0149125 0.00249044 0.00028474 0.999996 0.778224
0.999994 0.000724222 -0.0033091 -0.0242439 -0.000726721 0.999999 -0.00094548 -0.0154194 0.00330854 0.000947955 0.999995 0.777934
0.999988 0.000613576 -0.00485351 -0.025529 -0.000620032 0.999999 -0.00117571 -0.015568 0.00485266 0.00117864 0.999987 0.777707
0.999981 0.000324274 -0.00613361 -0.0265897 -0.000331021 0.999999 -0.00122456 -0.0154969 0.00613335 0.00122665 0.999981 0.777201
0.999973 0.00114536 -0.00725305 -0.0274253 -0.00116101 0.999997 -0.00203893 -0.0163083 0.00725056 0.00204724 0.999971 0.776783
0.999945 0.00114027 -0.010442 -0.0300657 -0.00114838 0.999999 -0.000842212 -0.0152807 0.0104412 0.000854216 0.999946 0.77645
0.9999 0.00139895 -0.014065 -0.0330335 -0.00140421 0.999999 -0.000309064 -0.0148318 0.0140644 0.000328711 0.9999 0.776103
0.999834 0.00164847 -0.0181634 -0.0363668 -0.00164772 0.999999 1.76243e-05 -0.0145487 0.0181636 1.23788e-05 0.999836 0.775849
0.999781 0.00184959 -0.0208486 -0.0385841 -0.00185426 0.999998 -0.000174338 -0.0146876 0.0208481 0.00021288 0.999781 0.775645
0.999729 0.00183146 -0.023207 -0.0405005 -0.00183519 0.999998 -0.000168095 -0.014664 0.0232068 0.000210716 0.999732 0.775438
0.999653 0.00182297 -0.026261 -0.0429808 -0.00183589 0.999998 -0.000440861 -0.0148784 0.02626 0.00048885 0.999654 0.775195
0.99956 0.0020557 -0.0295881 -0.0456919 -0.00204293 0.999998 0.000438175 -0.0141496 0.0295891 -0.000377462 0.999563 0.774999
0.999466 0.00188741 -0.0326199 -0.0481897 -0.0018692 0.999998 0.000610432 -0.0139967 0.0326208 -0.000549189 0.999466 0.774644
0.999391 0.00181957 -0.0348476 -0.0500001 -0.00179267 0.999998 0.000783246 -0.0138398 0.0348492 -0.000720263 0.999393 0.774364
0.999291 0.0019424 -0.0376091 -0.052254 -0.00189549 0.999997 0.00130319 -0.0133991 0.0376114 -0.001231 0.999291 0.774066
0.999212 0.00196456 -0.0396484 -0.0539219 -0.0019073 0.999997 0.00146189 -0.0132565 0.0396513 -0.00138512 0.999214 0.773852
0.999137 0.00202007 -0.0414878 -0.0554201 -0.00197798 0.999998 0.00107344 -0.0135631 0.0414896 -0.000990448 0.999137 0.773646
0.99904 0.0019623 -0.0437663 -0.0572644 -0.00194368 0.999998 0.000451332 -0.0140663 0.0437673 -0.000365829 0.999042 0.773397
0.998952 0.00190858 -0.0457388 -0.0588495 -0.00189674 0.999998 0.000318528 -0.0141672 0.0457391 -0.000231436 0.998953 0.773139
0.99884 0.00181323 -0.0481221 -0.0607886 -0.00181309 0.999998 3.16099e-05 -0.0143863 0.0481223 5.56472e-05 0.998842 0.772849
0.998769 0.00188672 -0.0495642 -0.0619652 -0.00189053 0.999998 -1.54568e-05 -0.014418 0.0495639 0.000109219 0.99877 0.772676
0.998648 0.00202273 -0.0519294 -0.063863 -0.0020311 0.999998 -0.000121617 -0.0144839 0.0519292 0.000226934 0.998652 0.772369
0.998626 0.00229525 -0.0523581 -0.0642317 -0.00228418 0.999998 0.000284597 -0.0141296 0.0523584 -0.00016466 0.998627 0.772182
0.998528 0.00204149 -0.0541979 -0.0657218 -0.00211068 0.999997 -0.00123165 -0.015349 0.0541954 0.0013443 0.99853 0.77175
0.998406 0.00189262 -0.0564233 -0.067543 -0.00187422 0.999999 0.000391507 -0.0140043 0.0564238 -0.000285174 0.998406 0.771321
0.998267 0.00163667 -0.0588171 -0.069532 -0.00155199 0.999997 0.00147335 -0.0131066 0.0588197 -0.00137944 0.998269 0.770898
0.998094 0.00159496 -0.0616927 -0.0718607 -0.00150834 0.999998 0.00146182 -0.0131097 0.0616946 -0.00136608 0.998093 0.770339
0.997915 0.00203045 -0.064507 -0.0741317 -0.00193041 0.999996 0.00160229 -0.0129862 0.0645103 -0.00147433 0.997917 0.769724
0.997843 0.00301771 -0.0655893 -0.074997 -0.00290467 0.999995 0.00182954 -0.0127858 0.0655942 -0.00163521 0.997845 0.769226
0.997813 0.00278613 -0.0660393 -0.0752827 -0.00271186 0.999995 0.00120261 -0.0132999 0.0660426 -0.00102078 0.997817 0.768594
0.997848 0.00265063 -0.065517 -0.0747922 -0.00259205 0.999996 0.000990863 -0.0134789 0.0655191 -0.000818992 0.99785 0.768187
0.997758 0.00229872 -0.0668781 -0.0758177 -0.00219494 0.999996 0.00161432 -0.0129947 0.0668818 -0.00146376 0.99776 0.767644
0.997885 0.00187165 -0.0649832 -0.0741979 -0.00176087 0.999997 0.00177358 -0.0128886 0.0649861 -0.00165547 0.997884 0.767385
0.997905 0.00181209 -0.0646697 -0.0738375 -0.00160934 0.999994 0.0031757 -0.0117617 0.0646753 -0.00306495 0.997902 0.767057
0.997797 0.00149668 -0.066336 -0.0750696 -0.00134589 0.999996 0.00232882 -0.0124724 0.066339 -0.00223442 0.997794 0.766371
0.997733 0.00181837 -0.067269 -0.0757914 -0.00161034 0.999994 0.0031361 -0.0117994 0.0672745 -0.00302068 0.997731 0.765879
0.997673 0.00231237 -0.0681529 -0.0764893 -0.00206656 0.999991 0.00368747 -0.0113149 0.0681606 -0.00353799 0.997667 0.764878
0.997649 0.00268935 -0.0684773 -0.0767649 -0.00233171 0.999983 0.00529185 -0.0099802 0.0684906 -0.00511982 0.997639 0.764315
0.997589 0.00241859 -0.0693618 -0.0774718 -0.00202127 0.999981 0.00580778 -0.00954293 0.0693743 -0.00565359 0.997574 0.763134
0.997511 0.00236267 -0.0704579 -0.0783489 -0.00198932 0.999984 0.00535901 -0.00991307 0.0704697 -0.00520552 0.997501 0.762296
0.997582 0.00172832 -0.0694809 -0.0776199 -0.00131596 0.999981 0.00598959 -0.00943336 0.0694897 -0.00588372 0.997565 0.761363
0.997615 0.00125379 -0.069004 -0.0772961 -0.00100504 0.999993 0.00362979 -0.0113697 0.0690083 -0.00355174 0.99761 0.760694
0.997679 0.000919726 -0.0680901 -0.0765474 -0.000772528 0.999997 0.00219705 -0.0125569 0.0680918 -0.00213929 0.997676 0.759998
0.997795 0.000682232 -0.0663593 -0.0752475 -0.000607845 0.999999 0.00113236 -0.0134542 0.0663601 -0.0010896 0.997796 0.759445
0.997964 0.000519324 -0.0637947 -0.0732158 -0.000455972 0.999999 0.0010165 -0.0135615 0.0637951 -0.000985272 0.997962 0.759
0.998149 0.000525503 -0.0608043 -0.0708773 -0.000427394 0.999999 0.00161757 -0.0130792 0.0608052 -0.00158867 0.998149 0.758688
0.998324 0.000288846 -0.05789 -0.068667 -0.000142832 0.999997 0.00253635 -0.0123222 0.0578903 -0.00252373 0.998319 0.758162
0.998588 -0.000116663 -0.0531144 -0.0649358 0.000335101 0.999992 0.00409467 -0.0109887 0.0531137 -0.00410681 0.998581 0.757819
0.998776 -0.000245992 -0.0494834 -0.062219 0.000441099 0.999992 0.00394207 -0.0111762 0.0494817 -0.00395898 0.998767 0.757187
0.998811 -0.000961264 -0.0487194 -0.061877 0.00124741 0.999983 0.0058332 -0.00959895 0.0487132 -0.00588715 0.998796 0.756155
