0.999994 3.41077e-05 -0.00346562 -0.00298858 -4.10153e-05 0.999998 -0.00199574 -0.00156998 0.00346554 0.00199587 0.999992 0.748299
0.999976 0.000286153 -0.00692846 -0.00594439 -0.000302527 0.999997 -0.00236146 -0.00181695 0.00692777 0.00236349 0.999973 0.746544
0.999968 0.000668127 -0.00796683 -0.00712048 -0.000707274 0.999988 -0.00491267 -0.0038143 0.00796345 0.00491815 0.999956 0.743541
0.99988 0.00685416 -0.013919 -0.02753 -0.00680145 0.99997 0.00383082 0.00558464 0.0139448 -0.00373569 0.999896 0.606669
0.999929 0.00572204 -0.0104314 -0.0254282 -0.00573365 0.999983 -0.00108187 0.00231446 0.010425 0.0011416 0.999945 0.605364
0.999924 0.00474446 -0.0113664 -0.0263769 -0.00478778 0.999981 -0.00379049 0.000516835 0.0113482 0.00384463 0.999928 0.602704
0.999893 0.00400639 -0.0140591 -0.0283849 -0.00403456 0.99999 -0.00197247 0.00173964 0.0140511 0.00202898 0.999899 0.60084
0.999864 0.00225439 -0.0163435 -0.0303307 -0.00225626 0.999998 -9.97365e-05 0.00304913 0.0163432 0.000136593 0.999867 0.597777
0.999906 -0.000215808 -0.0136639 -0.0297779 0.000177937 0.999996 -0.00276655 0.00127917 0.0136645 0.00276385 0.999902 0.590989
0.999856 -0.000312305 -0.0170056 -0.0323528 0.000289608 0.999999 -0.00134239 0.00225 0.017006 0.00133728 0.999855 0.588961
0.999825 0.0015985 -0.0186213 -0.0338372 -0.001675 0.99999 -0.00408938 0.000424019 0.0186146 0.00411983 0.999818 0.586763
0.999829 0.00252848 -0.0183524 -0.035529 -0.00252118 0.999997 0.000417078 0.00345505 0.0183534 -0.000370709 0.999832 0.578223
0.99979 0.00340171 -0.0202011 -0.0370185 -0.00345588 0.999991 -0.00264271 0.00150456 0.0201919 0.00271195 0.999792 0.576199
0.999704 0.00322936 -0.0241116 -0.0396602 -0.00327701 0.999993 -0.00194076 0.00200046 0.0241052 0.00201922 0.999708 0.574862
0.999633 0.00336341 -0.0268692 -0.04152 -0.00341671 0.999992 -0.00193459 0.00204297 0.0268625 0.00202567 0.999637 0.573579
0.999608 0.00252458 -0.0279032 -0.0423997 -0.00252234 0.999997 0.000112045 0.00338392 0.0279034 -4.1607e-05 0.999611 0.571515
0.999529 0.00302806 -0.0305329 -0.044199 -0.00305458 0.999995 -0.000818258 0.0028384 0.0305302 0.00091113 0.999533 0.570138
0.999474 0.00343688 -0.0322639 -0.0452638 -0.0034853 0.999993 -0.00144816 0.00247618 0.0322587 0.00155986 0.999479 0.568762
0.999394 0.00330041 -0.0346321 -0.0466788 -0.00334894 0.999994 -0.00134023 0.00256418 0.0346274 0.00145539 0.999399 0.567505
0.999272 0.0030697 -0.0380406 -0.0486808 -0.00311738 0.999994 -0.00119689 0.00266425 0.0380367 0.00131462 0.999276 0.566445
0.999185 0.00233482 -0.0402932 -0.0499602 -0.00242949 0.999995 -0.00229814 0.00195445 0.0402876 0.00239415 0.999185 0.565015
0.99906 0.00150204 -0.0433253 -0.0516646 -0.00163656 0.999994 -0.00307195 0.00143058 0.0433204 0.00313997 0.999057 0.563398
0.998953 0.00228388 -0.0456817 -0.0530055 -0.00226662 0.999997 0.000431844 0.0037088 0.0456826 -0.000327852 0.998955 0.562292
0.998675 0.00267995 -0.0514046 -0.0564667 -0.00265584 0.999996 0.000535309 0.00374482 0.0514058 -0.000398069 0.998678 0.560883
0.998528 0.00270747 -0.0541592 -0.0581227 -0.00276799 0.999996 -0.00104033 0.00270672 0.0541563 0.0011887 0.998531 0.559526
0.998409 0.00225964 -0.0563576 -0.059476 -0.00238884 0.999995 -0.00222734 0.00193979 0.0563522 0.00235843 0.998409 0.55732
0.99833 -0.00779048 -0.0572381 -0.060208 0.00787968 0.999968 0.00133509 0.00411963 0.0572259 -0.00178389 0.998359 0.539853
0.998298 -0.00730532 -0.0578602 -0.0607554 0.00720361 0.999972 -0.00196836 0.00205037 0.0578729 0.00154821 0.998323 0.53757
0.998455 -0.00549993 -0.0552793 -0.0594922 0.00546358 0.999985 -0.000806377 0.00277503 0.055283 0.0005031 0.99847 0.534962
0.99832 -0.00537072 -0.0577019 -0.0612627 0.00547488 0.999983 0.00164463 0.0042692 0.057692 -0.00195776 0.998333 0.532633
0.998203 -0.00453511 -0.0597436 -0.0630061 0.00449103 0.99999 -0.000870048 0.00268013 0.0597471 0.00060016 0.998213 0.529625
0.998049 -0.00467186 -0.062267 -0.0649198 0.00467392 0.999989 -0.00011483 0.00316981 0.0622667 -0.00017642 0.99806 0.527771
0.998186 -0.00445371 -0.0600346 -0.0638667 0.00450452 0.99999 0.000713339 0.00366005 0.0600309 -0.000982478 0.998196 0.526539
0.998153 -0.0029749 -0.0606854 -0.0646313 0.00290619 0.999995 -0.001223 0.00231845 0.0606886 0.00104437 0.998156 0.52378
0.998352 -0.00334173 -0.0572959 -0.062964 0.00341503 0.999994 0.00118377 0.00375658 0.0572917 -0.00137749 0.998356 0.522872
0.99854 -0.00365925 -0.0538861 -0.061125 0.00374836 0.999991 0.00155017 0.00401515 0.0538799 -0.00174989 0.998546 0.522281
0.998624 -0.00345053 -0.0523209 -0.0602355 0.00343041 0.999994 -0.000472193 0.0028258 0.0523224 0.000292058 0.99863 0.522004
0.998752 -0.00298425 -0.0498662 -0.0588206 0.00297301 0.999995 -0.000301897 0.00298459 0.0498668 0.000153265 0.998756 0.521825
0.999007 -0.00266226 -0.0444837 -0.0556863 0.00266618 0.999997 3.14501e-05 0.00320181 0.0444836 -0.000150017 0.99901 0.521873
0.999215 -0.00246557 -0.0395244 -0.0527778 0.00242922 0.999996 -0.000970766 0.00263068 0.0395266 0.000873986 0.999219 0.521995
0.999364 -0.00248203 -0.0355845 -0.0504284 0.00243624 0.999997 -0.00132641 0.00248329 0.0355877 0.00123888 0.999365 0.522093
0.999473 -0.00246791 -0.0323446 -0.0485703 0.00240155 0.999994 -0.00209409 0.00206637 0.0323495 0.00201531 0.999475 0.522044
0.999619 -0.00252395 -0.0275119 -0.0457137 0.00247188 0.999996 -0.00192214 0.00223745 0.0275167 0.0018534 0.999619 0.522116
0.99976 -0.00245325 -0.0217619 -0.0423468 0.00241148 0.999995 -0.00195134 0.00226564 0.0217665 0.00189839 0.999761 0.522227
0.999853 -0.00239684 -0.0170028 -0.0395565 0.00236908 0.999996 -0.0016454 0.00244051 0.0170067 0.00160488 0.999854 0.522364
0.999913 -0.00299847 -0.0128542 -0.0371546 0.0030027 0.999995 0.000301664 0.0036405 0.0128531 -0.000340226 0.999918 0.522544
0.999947 -0.00294177 -0.00991185 -0.0354534 0.00295025 0.999996 0.000851001 0.00400794 0.0099094 -0.000880206 0.99995 0.522675
0.999972 -0.00287272 -0.00689917 -0.0336462 0.00287441 0.999996 0.000219269 0.00362198 0.00689842 -0.000239087 0.999976 0.522946
0.999983 -0.00298677 -0.00510765 -0.0325797 0.00298451 0.999996 -0.000432119 0.00323829 0.00510901 0.000416862 0.999987 0.52324
0.999994 -0.00293121 -0.00175728 -0.0306413 0.00292948 0.999995 -0.00103277 0.00284261 0.00176021 0.00102762 0.999998 0.523348
0.999993 -0.00357824 0.0010117 -0.0289423 0.00357779 0.999994 0.000364025 0.00364534 -0.00101291 -0.000360418 0.999999 0.523753
0.999988 -0.0038558 0.00278139 -0.0278596 0.00385375 0.999992 0.000769586 0.00390108 -0.00278443 -0.00075885 0.999996 0.524349
0.99999 -0.00306595 0.0035306 -0.0273249 0.00307063 0.999995 -0.0013478 0.00267647 -0.00352634 0.00135862 0.999992 0.525131
0.999993 -0.00314594 0.00194174 -0.0281786 0.00314966 0.999993 -0.00186507 0.00242154 -0.00193598 0.00187118 0.999997 0.525562
0.99999 -0.0027296 0.00366449 -0.0271265 0.00272995 0.999997 -0.000122956 0.00354822 -0.00366402 0.000132952 0.999993 0.526109
0.999981 -0.00253782 0.00544266 -0.0260815 0.00253247 0.999996 0.00100677 0.00423288 -0.00544531 -0.000992968 0.999985 0.526937
0.999986 -0.00241646 0.0048453 -0.0264095 0.00239902 0.999991 0.00358236 0.00588356 -0.00485379 -0.00357068 0.999981 0.52774
0.999993 -0.00259116 0.00236503 -0.0279256 0.00258354 0.999991 0.00325655 0.00591986 -0.00237357 -0.00325042 0.999992 0.52854
0.999992 -0.00238482 0.003294 -0.0272076 0.00238433 0.999997 0.000120447 0.00392561 -0.00329416 -0.000112587 0.999994 0.52935
0.999998 -0.00142085 0.000713055 -0.0285941 0.00142203 0.999998 -0.00148528 0.00301718 -0.000711069 0.00148627 0.999999 0.530155
0.999999 -0.00177857 -6.81487e-05 -0.0288186 0.00177853 0.999998 0.000920397 0.00440073 6.66367e-05 -0.000920504 0.999999 0.531712
0.999996 -0.00258897 -3.79468e-06 -0.0285723 0.00258908 0.999992 0.00319608 0.00577608 -4.60701e-06 -0.00319609 0.999996 0.532716
0.999993 -0.00295841 -0.00268672 -0.029874 0.00296566 0.999992 0.00273858 0.00550444 0.00267872 -0.00274652 0.999992 0.534102
0.999949 -0.0100022 0.000701071 -0.0223161 0.00999865 0.999937 0.00506373 0.00712157 -0.000751796 -0.00505648 0.999988 0.557444
0.999976 -0.00692448 -0.0011555 -0.0231155 0.00692007 0.999969 -0.00369116 0.00155317 0.00118116 0.00368309 0.999992 0.559157
0.999981 -0.00552628 -0.00276229 -0.0236727 0.00550492 0.999955 -0.00772131 -0.00106286 0.00280471 0.00770593 0.999967 0.560951
0.999974 -0.00729436 -0.000216732 -0.0213844 0.00729344 0.999967 -0.00352012 0.00173353 0.000242513 0.00351847 0.999993 0.563008
0.999967 -0.0079714 -0.000995032 -0.0213762 0.00797319 0.999967 0.00168297 0.00525139 0.000981473 -0.00169087 0.999999 0.565846
0.999969 -0.00781627 0.00107523 -0.0199386 0.00781176 0.999961 0.00402411 0.00675233 -0.00110654 -0.00401557 0.99999 0.56661
0.999972 -0.00699191 0.0023219 -0.0190551 0.00698502 0.999971 0.00300074 0.00600775 -0.00234289 -0.00298445 0.999994 0.568563
0.999985 -0.00533983 0.00120211 -0.0197138 0.00533292 0.99997 0.00561498 0.00778466 -0.00123196 -0.00560848 0.999982 0.569135
0.999987 -0.00479981 -0.0014295 -0.0216973 0.00480215 0.999987 0.00160062 0.00517082 0.00142169 -0.00160747 0.999999 0.57054
0.999985 -0.00546982 0.00121834 -0.0200647 0.00547094 0.999985 -0.000965115 0.0035839 -0.00121294 0.000971774 0.999998 0.571798
0.999985 -0.0054469 -1.32679e-05 -0.0209292 0.00544693 0.999983 -0.00219072 0.0029578 2.50954e-05 0.0021906 0.999999 0.573698
0.999993 -0.00393913 0.000193526 -0.0210423 0.00393856 0.999989 0.0025347 0.00618732 -0.000203396 -0.00253391 0.999996 0.575015
0.999989 -0.00435818 0.0014928 -0.0201505 0.00435616 0.99999 0.00139382 0.00544776 -0.00149896 -0.0013873 0.999999 0.575503
0.999989 -0.00357113 0.00326361 -0.0190857 0.00357139 0.999994 -0.00010291 0.00463482 -0.00326311 0.000114569 0.999994 0.576294
0.999991 -0.00309554 0.0026297 -0.0196145 0.00310426 0.99999 -0.00329303 0.00268633 -0.0026196 0.00330115 0.999992 0.576964
0.999996 -0.00259553 0.00150336 -0.0204718 0.00260064 0.999991 -0.00344611 0.00259752 -0.00149429 0.00345002 0.999992 0.577623
0.999994 -0.00276963 0.00170488 -0.0203523 0.00277133 0.999996 -0.000955392 0.00416968 -0.00170234 0.000960108 0.999999 0.577885
0.999991 -0.00306283 0.00293877 -0.019547 0.00306088 0.999995 0.000653351 0.00512689 -0.00294064 -0.000644348 0.999994 0.578304
0.999993 -0.00287396 0.00253659 -0.0198288 0.00286753 0.999992 0.00255087 0.00630361 -0.00254402 -0.00254358 0.999994 0.578607
0.999996 -0.00282388 0.000711251 -0.0210707 0.00282156 0.999991 0.00321222 0.00667324 -0.000720191 -0.0032102 0.999994 0.578854
0.999992 -0.00382302 0.000548155 -0.0212721 0.00382289 0.999992 0.000261187 0.00461295 -0.000549263 -0.000259095 1 0.579157
0.99999 -0.00442003 6.98723e-05 -0.0215145 0.00442016 0.999989 -0.0016468 0.00327333 -6.24919e-05 0.00164711 0.999998 0.579237
0.999991 -0.00396174 0.00179962 -0.0203862 0.00396829 0.999985 -0.00366858 0.00198068 -0.00178516 0.00367568 0.999993 0.57949
0.999993 -0.00235087 0.00287276 -0.0200172 0.00236341 0.999988 -0.00436139 0.0015076 -0.00286236 0.00436819 0.999985 0.581422
0.999996 -0.00186559 0.00193476 -0.0206116 0.00187281 0.999991 -0.00373871 0.00189618 -0.00192787 0.0037423 0.999992 0.581781
0.999998 -0.0011253 0.00164467 -0.0209126 0.00112756 0.999998 -0.00135882 0.0034362 -0.00164303 0.00136069 0.999997 0.582621
0.999995 -0.00139624 0.00271306 -0.0202446 0.00140429 0.999995 -0.0029779 0.00232909 -0.00270899 0.00298167 0.999993 0.583272
0.999998 -0.0016561 0.000896998 -0.0215131 0.00165921 0.999993 -0.00346032 0.00196151 -0.000891152 0.00346184 0.999992 0.584047
0.999997 -0.0023325 -0.000562221 -0.022476 0.00233134 0.999995 -0.00192683 0.00287849 0.000566616 0.00192549 0.999999 0.584821
0.999996 -0.00243713 -0.00108279 -0.0228091 0.00243935 0.999995 0.00199544 0.00542026 0.00107802 -0.00199806 0.999996 0.585805
0.999997 -0.00248745 0.000477747 -0.0218185 0.00248553 0.99999 0.00376648 0.00656512 -0.000487209 -0.00376529 0.999994 0.58677
0.999997 -0.00219413 -0.000730142 -0.0226905 0.00219587 0.999995 0.00226561 0.00552433 0.000725265 -0.00226719 0.999996 0.587813
0.999998 -0.00187079 0.00114786 -0.0216004 0.00187101 0.999998 -0.000264136 0.00378435 -0.00114745 0.000266264 1 0.589764
0.999995 -0.000911719 -0.00316564 -0.0244911 0.000901795 0.999995 -0.00315941 0.00184501 0.0031686 0.00315656 0.999989 0.590439
0.999999 -0.000320781 -0.0017042 -0.0234396 0.00031587 0.999996 -0.00283068 0.00212414 0.00170501 0.00283011 0.999996 0.591804
1 -0.00014417 -0.000401482 -0.0224585 0.0001441 1 -0.00035838 0.00389392 0.000401632 0.000358351 0.999999 0.593331
0.999995 -0.00138703 -0.00280752 -0.023934 0.00138556 0.999999 -0.00049545 0.00383319 0.0028081 0.00049151 0.999997 0.594988
0.999998 -0.00172181 -0.000511727 -0.022348 0.00172261 0.999998 0.00134223 0.00517153 0.000509517 -0.00134307 0.999998 0.59692
0.999992 0.00130658 -0.003671 -0.0248435 -0.00131221 0.999998 -0.001508 0.0037302 0.00366892 0.00151276 0.999993 0.605792
0.999991 -0.00136209 -0.00393012 -0.0248418 0.00136844 0.999998 0.00159116 0.0060589 0.00392807 -0.00159648 0.99999 0.608028
0.999997 -0.00250887 0.000507136 -0.0211071 0.00250737 0.999993 0.00284336 0.00694958 -0.000514384 -0.00284213 0.999997 0.608366
0.999999 -0.00116383 -0.000965816 -0.0220316 0.00116521 0.999998 0.00139047 0.00605195 0.000964319 -0.00139154 0.999997 0.608536
1 -0.000548426 0.000304352 -0.0210208 0.000548547 1 -0.000666946 0.00428107 -0.000304102 0.000667059 1 0.609751
0.999998 -0.00184935 -0.000480837 -0.0214947 0.00185003 0.999997 0.00131784 0.00565975 0.000478536 -0.00131867 0.999998 0.610145
0.999998 -0.00198662 -0.000265932 -0.0212911 0.00198614 0.999997 -0.00169289 0.00362524 0.000269159 0.00169229 1 0.610489
0.999999 -0.00144017 3.35649e-05 -0.0210494 0.00144031 0.999994 -0.00316205 0.00270166 -2.88627e-05 0.00316216 0.999994 0.610766
0.999999 -0.00118456 -0.000618692 -0.0214783 0.00118199 0.999991 -0.00415764 0.00206779 0.000623471 0.00415683 0.999993 0.610871
1 -0.000837825 0.000155495 -0.0209869 0.000838507 0.999989 -0.00466688 0.00175497 -0.00015144 0.00466709 0.999988 0.611091
0.999998 -0.00154482 0.00145371 -0.0201427 0.0015497 0.999994 -0.00332308 0.00258546 -0.0014487 0.00332523 0.999995 0.61177
0.999995 -0.00135553 0.00276451 -0.019285 0.00136303 0.999995 -0.00273839 0.00299931 -0.00276066 0.00274223 0.999991 0.611878
0.999988 -0.00180498 0.00451093 -0.0181278 0.00181334 0.999997 -0.00183571 0.00358597 -0.00450772 0.00184377 0.99999 0.612174
0.999966 -0.00222147 0.00792228 -0.0157599 0.00222439 0.999997 -0.000367344 0.00458179 -0.00792133 0.000385041 0.999967 0.612599
0.999964 -0.00201263 0.00822662 -0.0155158 0.00201229 0.999998 5.21986e-05 0.00498139 -0.00822682 -3.57376e-05 0.999968 0.612792
0.999961 -0.000634474 0.00879329 -0.0150147 0.00063894 1 -0.000511096 0.00496935 -0.00879286 0.000516797 0.999959 0.611988
0.999925 -0.000998797 0.0122325 -0.0123552 0.000997065 1 0.000152343 0.00550743 -0.0122327 -0.000140242 0.999927 0.611738
0.99988 -0.000912868 0.0154367 -0.0101059 0.000908631 0.999999 0.000280021 0.00560244 -0.0154368 -0.000265855 0.999879 0.611761
0.999822 -0.00106218 0.0188492 -0.00775908 0.00107214 0.999999 -0.000518185 0.00502619 -0.0188488 0.000538191 0.999824 0.611662
0.999756 -0.00121003 0.0220763 -0.00551536 0.0012215 0.999999 -0.000505208 0.00505764 -0.0220756 0.000532165 0.999754 0.61148
0.999673 -0.00133748 0.0255362 -0.00321049 0.00136058 0.999999 -0.000887103 0.00477857 -0.0255351 0.000921443 0.999675 0.611168
0.999546 -0.00198163 0.0300684 -0.000162044 0.00200115 0.999998 -0.000619543 0.00495659 -0.030067 0.000679539 0.999546 0.611044
0.999411 -0.00216671 0.0342324 0.00263395 0.00220701 0.999997 -0.00113985 0.00458631 -0.0342299 0.00121463 0.999415 0.610858
0.99923 -0.0023552 0.0391676 0.00590205 0.00238201 0.999997 -0.000637381 0.00493214 -0.0391659 0.000730303 0.999231 0.610425
0.999097 -0.00235303 0.0424204 0.00808211 0.00241195 0.999996 -0.00133937 0.00444629 -0.0424171 0.00144036 0.999101 0.610248
0.998897 -0.00243361 0.0468974 0.0110316 0.00247813 0.999997 -0.000890744 0.00473695 -0.046895 0.00100609 0.998897 0.60991
0.998668 -0.00283963 0.0515206 0.0140871 0.0029038 0.999995 -0.00117116 0.00454699 -0.0515171 0.00131909 0.998673 0.609479
0.998501 -0.00336206 0.0546377 0.0161618 0.00351544 0.999991 -0.00270981 0.00350366 -0.0546281 0.00289797 0.998501 0.609087
0.998315 -0.00338865 0.0579172 0.0183693 0.00363067 0.999984 -0.00407545 0.00257004 -0.0579025 0.00427871 0.998315 0.60865
0.998198 -0.00351413 0.0599111 0.0197263 0.00373515 0.999987 -0.00357649 0.00289914 -0.0598978 0.00379398 0.998196 0.608088
0.99818 -0.00324122 0.0602043 0.0199753 0.00334988 0.999992 -0.00170467 0.00414968 -0.0601983 0.00190311 0.998186 0.607707
0.998262 -0.00302103 0.058863 0.0192153 0.00308249 0.999996 -0.000953219 0.00463997 -0.0588598 0.00113315 0.998264 0.60709
0.998389 -0.00358271 0.0566283 0.0179172 0.00365836 0.999992 -0.00123238 0.0044004 -0.0566234 0.00143741 0.998396 0.606184
0.998329 -0.00523633 0.0575591 0.0190339 0.00544992 0.99998 -0.00355432 0.00269409 -0.0575394 0.00386222 0.998334 0.604494
0.998428 -0.0051731 0.055805 0.0182948 0.00543916 0.999974 -0.00461691 0.00196008 -0.0557796 0.00491302 0.998433 0.603436
0.998448 -0.00496132 0.0554793 0.0185341 0.00538973 0.999958 -0.00757496 -9.60437e-05 -0.0554393 0.00786238 0.99843 0.60221
0.998274 -0.00441465 0.0585461 0.0211376 0.00502837 0.999933 -0.0103395 -0.00197358 -0.0584966 0.0106159 0.998233 0.600839
0.998264 -0.00250177 0.0588555 0.0217701 0.00292819 0.999971 -0.00715992 0.000298479 -0.0588359 0.00732002 0.998239 0.599166
0.998203 -0.00171236 0.0598927 0.0228558 0.00193406 0.99999 -0.00364331 0.00276349 -0.059886 0.00375242 0.9982 0.597979
0.998042 -0.00166717 0.062535 0.0248029 0.00192027 0.999991 -0.00398775 0.00255634 -0.0625278 0.00410021 0.998033 0.597335
0.99817 -0.00108804 0.0604442 0.0235593 0.00127401 0.999994 -0.00303787 0.003229 -0.0604405 0.00310915 0.998168 0.597269
0.998281 -0.000746211 0.0586093 0.0225735 0.000810475 1 -0.00107352 0.00454996 -0.0586085 0.00111932 0.998279 0.59695
0.998648 0.000172808 0.0519623 0.0182527 -0.000204553 0.999999 0.000606439 0.00576936 -0.0519621 -0.000616388 0.99865 0.596898
0.998863 0.00107351 0.04767 0.0155142 -0.00102478 1 -0.00104738 0.00471465 -0.0476711 0.000997491 0.998861 0.597028
0.999163 0.00156335 0.0408698 0.011049 -0.00159282 0.999997 0.000689793 0.00591793 -0.0408686 -0.000754489 0.999165 0.5971
0.999407 0.00166284 0.0344185 0.00680169 -0.00169034 0.999999 0.000768267 0.00595712 -0.0344172 -0.000825814 0.999406 0.597227
0.999621 0.00132055 0.0274905 0.00233439 -0.00135425 0.999997 0.00120937 0.00625558 -0.0274889 -0.00124632 0.999623 0.597458
0.999714 0.00119254 0.0239002 -7.48996e-05 -0.00120113 1 0.000342786 0.00563881 -0.0238998 -0.000371214 0.999713 0.597521
0.99979 0.00106824 0.0204458 -0.00239227 -0.00108702 0.999998 0.000909382 0.00598971 -0.0204449 -0.000931596 0.999792 0.597653
0.999866 0.00139071 0.0163202 -0.00514707 -0.00141305 0.999999 0.00135494 0.00626684 -0.0163182 -0.00137764 0.999865 0.597688
0.999917 0.00158025 0.0128029 -0.00750587 -0.00159451 0.999997 0.00110706 0.00606203 -0.0128011 -0.00112756 0.999919 0.597753
0.9999 0.00107898 0.0140958 -0.00660421 -0.00107272 1 -0.000455242 0.00496413 -0.0140963 0.00044025 0.999899 0.597699
0.999897 0.000826529 0.0142775 -0.00643059 -0.000815638 0.999999 -0.000763581 0.00471705 -0.0142782 0.000751688 0.999899 0.597863
0.999885 0.000918735 0.015178 -0.00585284 -0.000915521 1 -0.000221999 0.00504796 -0.0151782 0.000208265 0.999883 0.598179
0.999899 0.00104855 0.014147 -0.00648492 -0.00104541 0.999999 -0.000226616 0.00500474 -0.0141473 0.000211598 0.999901 0.59823
0.999899 0.000686988 0.014194 -0.00634674 -0.000644394 0.999996 -0.00300889 0.00309326 -0.014196 0.00299966 0.999893 0.598299
0.999939 0.000560031 0.0109803 -0.00850681 -0.000515998 0.999991 -0.00400721 0.00240629 -0.0109825 0.00400108 0.999933 0.598378
0.999931 -0.000320164 0.0117355 -0.0078349 0.000390872 0.999982 -0.00602674 0.00104163 -0.0117333 0.00603115 0.999911 0.598507
0.999963 0.000687528 0.00849043 -0.00990425 -0.000667888 0.999996 -0.00230823 0.00357857 -0.00849201 0.00230223 0.999963 0.598493
0.999983 0.00165354 0.0056364 -0.0117435 -0.00167 0.999995 0.00290639 0.00714497 -0.00563153 -0.00291554 0.999978 0.598496
0.999984 0.00252258 0.00489638 -0.0121846 -0.00255368 0.999976 0.00636979 0.00946466 -0.00488023 -0.00638239 0.999969 0.59839
0.999992 0.00154995 0.00383506 -0.0128509 -0.00156658 0.99999 0.00431867 0.00803795 -0.00382828 -0.00432446 0.999982 0.598453
0.999992 0.00020239 0.00378809 -0.0128244 -0.000201587 0.999999 -0.000189483 0.0049837 -0.00378819 0.000188523 0.999994 0.598387
0.999996 -0.000363933 0.00286114 -0.0134682 0.000364812 1 -0.000336328 0.00492625 -0.00286095 0.000337575 0.999994 0.598811
0.999992 -0.000147023 0.0037755 -0.0129061 0.000146118 0.999999 0.000268624 0.00531575 -0.00377563 -0.000268256 0.999994 0.599085
0.999995 -0.00108579 0.00302608 -0.0133283 0.00108194 0.999999 0.00123736 0.00581809 -0.00302734 -0.00123391 0.999993 0.599933
0.99999 -0.00163687 0.00409226 -0.0125999 0.00163425 0.999998 0.000670023 0.0054054 -0.00409342 -0.000663465 0.999993 0.600216
0.999993 -0.00155605 0.00353076 -0.0129878 0.00156375 0.999997 -0.00220962 0.00340965 -0.00352725 0.00221528 0.99999 0.600596
0.999998 -0.00112768 0.00110527 -0.0147012 0.00113177 0.999992 -0.00360194 0.0024938 -0.00110127 0.00360302 0.999994 0.600853
0.999997 -0.00115308 0.00241604 -0.0138712 0.00116497 0.999988 -0.00497289 0.00159778 -0.0024102 0.00497587 0.999983 0.601171
0.999999 -0.00072201 0.000136976 -0.0154083 0.000722714 0.99999 -0.00430219 0.00208485 -0.000133947 0.0043021 0.999992 0.601386
1 -0.000695236 7.06809e-05 -0.0155668 0.000695251 0.999999 -0.00198071 0.00362147 -6.9214e-05 0.00198096 0.999996 0.601823
0.999998 -0.00116547 0.00140999 -0.0147282 0.00116501 0.999999 0.000416224 0.00517716 -0.00141056 -0.000414762 1 0.602553
0.999995 -0.000896854 0.00313696 -0.0136234 0.000890325 0.999998 0.00203942 0.00624562 -0.0031387 -0.00203641 0.999992 0.603612
0.999983 -0.00125306 0.00557424 -0.012065 0.00125043 0.999998 0.0005008 0.00518664 -0.00557494 -0.000494036 0.999986 0.605082
0.999985 -0.00187391 0.00518499 -0.0125193 0.00188737 0.999995 -0.00262234 0.00301754 -0.00517996 0.00263231 0.999982 0.606939
0.999951 -0.00155653 0.00977448 -0.00990265 0.00156704 0.999998 -0.00104924 0.00425724 -0.00977291 0.00106429 0.999953 0.61052
0.999977 0.000583905 0.00673382 -0.0134495 -0.000569341 0.999998 -0.00219227 0.00396202 -0.006735 0.00218863 0.999974 0.616929
0.999998 0.00164301 0.00113414 -0.0178901 -0.00164397 0.999998 0.00100369 0.00651528 -0.00113257 -0.00100581 1 0.618313
0.999998 0.00132689 -0.00174665 -0.0213182 -0.00132777 0.999999 -0.000401644 0.00538141 0.00174623 0.000404202 0.999997 0.622559
0.999998 0.00170018 -0.00116513 -0.0215387 -0.00169865 0.999997 0.00117051 0.00654071 0.00116703 -0.00116879 1 0.622792
0.999999 0.00129183 -0.000145402 -0.0206716 -0.00129195 1 5.14643e-06 0.00570795 0.000145503 -4.69519e-06 0.999998 0.623019
0.999997 0.00130417 -0.0017044 -0.0216211 -0.0013034 0.999999 0.000384524 0.00600356 0.00170482 -0.000382535 1 0.62305
0.999997 0.00127509 -0.00231714 -0.0218486 -0.00127569 1 -0.000207275 0.00556601 0.00231696 0.000210453 0.999996 0.623781
0.999994 0.000943918 -0.0032654 -0.0224089 -0.000943606 0.999999 6.46141e-05 0.00567016 0.00326538 -6.17396e-05 0.999996 0.624717
0.999994 0.00125186 -0.00330764 -0.022383 -0.00125398 0.999999 -0.000605959 0.00522338 0.00330693 0.000610302 0.999993 0.624923
0.999996 0.00157894 -0.00218704 -0.0215669 -0.00158888 0.999988 -0.00460693 0.00243171 0.00217968 0.00461019 0.999989 0.625337
0.999998 0.00154708 -0.00156363 -0.0211474 -0.00155401 0.99999 -0.00435829 0.00255566 0.00155693 0.00436087 0.999988 0.625865
0.999999 0.00119753 -0.000562398 -0.0204848 -0.00119917 0.999994 -0.00317942 0.00331704 0.000558537 0.00317994 0.999996 0.62662
0.999995 0.00111743 -0.00309217 -0.0223296 -0.00112478 0.999997 -0.00233475 0.00381522 0.00308962 0.00233837 0.999991 0.627295
0.999989 0.00141678 -0.00428624 -0.0227689 -0.00142055 0.999998 -0.000911946 0.00461338 0.00428487 0.000917901 0.999992 0.629326
0.999988 0.00326585 -0.003626 -0.0180127 -0.00325199 0.999988 0.00386244 0.00538804 0.00363863 -0.00385047 0.999984 0.649391
0.999994 0.00286378 -0.00204058 -0.0164662 -0.00285955 0.999994 0.00199492 0.00385173 0.00204622 -0.0019892 0.999998 0.650625
0.999993 0.00217368 -0.00322027 -0.0173531 -0.00216082 0.99999 0.00403325 0.00534956 0.00322906 -0.00402617 0.999985 0.651292
0.999999 0.00142526 0.000276472 -0.014642 -0.00142581 0.999996 0.00250633 0.00421615 -0.000272941 -0.00250681 0.999999 0.651982
0.999999 0.00133119 -9.169e-05 -0.0148468 -0.00133123 0.999999 0.00114258 0.00322394 9.32599e-05 -0.00114234 0.999997 0.652854
0.999999 0.000908309 0.000662048 -0.0142703 -0.000907762 0.999999 -0.000607777 0.00194425 -0.000662638 0.000607053 1 0.653312
0.999997 0.000102813 0.00254797 -0.0128861 -9.67116e-05 0.999997 -0.00244083 0.000558225 -0.00254817 0.00244071 0.999992 0.653833
0.999995 -0.00149577 0.00296328 -0.0119642 0.00149562 0.999999 9.15507e-05 0.00208515 -0.00296348 -8.72149e-05 0.999998 0.663515
0.999997 -0.0017109 0.00175675 -0.0128618 0.00171002 0.999999 0.000441532 0.00232078 -0.00175744 -0.00043846 0.999996 0.664407
1 -0.00118173 0.000109073 -0.0140943 0.00118165 0.999998 0.00143192 0.00303066 -0.000110844 -0.00143188 1 0.665009
0.999998 -0.00157981 0.00100139 -0.013363 0.0015783 0.999998 0.0014335 0.00306706 -0.00100358 -0.00143183 0.999996 0.665645
0.999994 -0.00331938 0.00149062 -0.0127382 0.00331865 0.999994 0.00054591 0.00240076 -0.0014925 -0.000541083 1 0.667542
0.999997 -0.00221143 0.000484055 -0.0133944 0.00221198 0.999997 -0.00133885 0.000933203 -0.000481037 0.00134005 0.999997 0.668124
0.999998 -0.00193464 -0.00136017 -0.014752 0.00192975 0.999991 -0.00364024 -0.00081912 0.00136713 0.00363746 0.999995 0.668705
0.999998 -0.001672 0.000152976 -0.0136065 0.00167253 0.99999 -0.00408664 -0.00116319 -0.000146076 0.00408706 0.999989 0.668942
1 -0.00103021 -0.000760569 -0.0142063 0.00102636 0.999986 -0.00512863 -0.00201043 0.00076576 0.0051277 0.999989 0.669795
0.999999 -0.00044396 3.70237e-05 -0.0135868 0.000443967 0.999997 -0.0024435 -2.08079e-05 -3.58543e-05 0.00244365 0.999995 0.670365
1 -0.000502709 -0.000322013 -0.0137943 0.000503392 0.999999 0.00186471 0.00314772 0.000320998 -0.00186498 1 0.671376
0.999998 -0.000273898 -0.00119513 -0.0144057 0.000280584 0.999983 0.00565927 0.00607366 0.00119364 -0.00565951 0.999981 0.672586
1 -0.000307947 -0.00030301 -0.0138268 0.000309501 0.999989 0.00481226 0.0054668 0.000301451 -0.00481243 0.999991 0.672818
0.999997 -0.000630308 -0.00179482 -0.0149128 0.000629462 0.999999 -0.000422013 0.00147081 0.00179516 0.000420965 0.999996 0.673385
1 -0.00109454 -0.00119203 -0.0145095 0.00108925 0.99999 -0.00450416 -0.00164662 0.00119688 0.00450275 0.999992 0.674104
0.999996 -0.00103201 -0.00226137 -0.0153294 0.00102117 0.999988 -0.00474623 -0.00189376 0.00226631 0.00474401 0.999984 0.674988
0.999994 -0.000300641 -0.00373826 -0.016468 0.000283138 0.99999 -0.00470865 -0.00190086 0.00373955 0.00470745 0.999985 0.67579
0.999986 -0.00059484 -0.00516247 -0.0174124 0.00056376 0.999981 -0.00599603 -0.00294049 0.00516602 0.00599316 0.999966 0.677158
0.999994 -0.000901092 -0.00375788 -0.0163017 0.000883293 0.999989 -0.00476848 -0.00191219 0.00376205 0.00476501 0.999984 0.678686
0.999987 -0.000827103 -0.00489502 -0.0169526 0.000815241 0.999996 -0.00240196 1.48214e-05 0.00489708 0.00239805 0.999982 0.679661
0.999997 -0.000691026 -0.00293275 -0.0155621 0.000681417 0.999995 -0.00330728 -0.000705458 0.00293495 0.00330518 0.999993 0.680566
0.999994 0.000688919 -0.00312871 -0.0159568 -0.000684835 0.999998 0.00133567 0.00313445 0.00312969 -0.00133347 0.999991 0.681987
0.999982 0.00146424 -0.00590549 -0.0181494 -0.00144788 0.999996 0.00275419 0.00431028 0.00590943 -0.0027456 0.999982 0.682786
0.999987 0.00188277 -0.00444699 -0.0167747 -0.00187223 0.999995 0.00240084 0.00404006 0.00445156 -0.00239246 0.999985 0.684398
0.999968 0.00118709 -0.00806085 -0.0192849 -0.00115868 0.999994 0.00351378 0.00507751 0.0080649 -0.00350433 0.999964 0.685812
0.99994 -0.00105418 -0.0107962 -0.0210542 0.00107625 0.999996 0.00204954 0.00438687 0.0107941 -0.00206104 0.999937 0.687769
0.999964 -0.00194534 -0.00842368 -0.018587 0.00196678 0.999996 0.00252384 0.00501317 0.00841868 -0.00254033 0.999964 0.689683
0.99998 -0.00225112 -0.00576107 -0.0164394 0.00225481 0.999996 0.000651871 0.00370617 0.00575962 -0.000664839 0.999981 0.690153
0.999972 -0.00142386 -0.00754417 -0.0178768 0.00141477 0.999999 -0.00122412 0.00225962 0.00754587 0.00121341 0.999974 0.690202
0.999973 -9.65552e-05 -0.00712899 -0.0174931 6.85543e-05 0.999992 -0.00391113 0.000261461 0.00712935 0.00391057 0.999964 0.690815
0.999984 8.56563e-05 -0.00592162 -0.0166398 -0.000106644 0.999994 -0.00356245 0.000510474 0.00592124 0.00356298 0.999979 0.690832
0.999985 -0.000108476 -0.00519611 -0.0160898 9.08628e-05 0.999994 -0.00336944 0.000680764 0.00519647 0.00336898 0.999978 0.691053
0.999986 5.57283e-05 -0.00560847 -0.0163818 -5.15016e-05 1 0.000732373 0.00387912 0.00560848 -0.000732127 0.999987 0.691022
0.999983 0.000794802 -0.00551953 -0.0163257 -0.000787072 0.999998 0.00142121 0.00427718 0.00552071 -0.00141679 0.999981 0.691201
0.999985 0.000708317 -0.00569788 -0.0164824 -0.000709375 1 -0.000204682 0.00301394 0.00569767 0.000208659 0.999987 0.691302
0.999977 8.4099e-05 -0.00655706 -0.0172008 -0.000114251 0.999988 -0.00458046 -0.000431231 0.00655667 0.00458119 0.999965 0.691466
0.999967 0.00110951 -0.00830301 -0.0185547 -0.00117466 0.99997 -0.00785965 -0.00300233 0.00829396 0.00786904 0.999938 0.691702
0.999961 0.000780525 -0.00856375 -0.018708 -0.000809574 0.999993 -0.00337432 0.00052906 0.00856114 0.00338123 0.999954 0.692073
0.99992 -0.000780348 -0.0127574 -0.0220822 0.000796047 1 0.0012158 0.00420608 0.0127564 -0.00122596 0.999921 0.691909
0.999928 -0.00153639 -0.0117991 -0.0215481 0.00158912 0.999988 0.00446865 0.00672078 0.0117922 -0.004487 0.999917 0.691901
0.99993 -0.00152335 -0.0118798 -0.0218016 0.00159873 0.99998 0.0063321 0.0081987 0.0118698 -0.00635073 0.999913 0.691969
0.999926 -0.00142915 -0.0119753 -0.0219637 0.00146552 0.999993 0.0030337 0.00560188 0.011971 -0.00305093 0.99992 0.692155
0.999927 -0.000890195 -0.0121473 -0.0220825 0.000847613 0.999995 -0.00351468 0.000581764 0.0121503 0.00350403 0.999923 0.692313
0.999923 -0.000776764 -0.0122487 -0.0221155 0.000684148 0.99997 -0.00755856 -0.00252432 0.0122543 0.00754973 0.999893 0.692414
0.99993 -0.000714483 -0.01197 -0.0219441 0.000634589 0.999979 -0.00668259 -0.00188491 0.0119744 0.0066744 0.999909 0.692675
0.999916 -0.000885839 -0.0128017 -0.0225555 0.000906687 0.999997 0.00162955 0.00454488 0.0128004 -0.00164092 0.999913 0.693029
0.999922 -0.00118222 -0.0125948 -0.0223867 0.00122283 0.999995 0.0032111 0.0056911 0.0125908 -0.00322631 0.999919 0.693167
0.999919 -0.0014427 -0.0125034 -0.0222797 0.00147755 0.999994 0.00278425 0.00529119 0.0124994 -0.00280242 0.999915 0.693312
0.999914 -0.00151331 -0.0131859 -0.0229031 0.00147653 0.999996 -0.00280263 0.000869633 0.01319 0.00278281 0.999912 0.693811
0.999908 -0.00175403 -0.0133239 -0.0230411 0.00168388 0.999984 -0.00527132 -0.00110747 0.013333 0.00524853 0.999894 0.693826
0.999947 -0.00163165 -0.0103487 -0.0207432 0.0015582 0.999974 -0.00710686 -0.00256262 0.0103599 0.0070902 0.999925 0.693826
0.999962 -0.0023652 -0.0081416 -0.0190655 0.0023002 0.999965 -0.00798053 -0.00329454 0.00816028 0.00796166 0.999932 0.693818
0.999966 -0.00207282 -0.00818262 -0.019045 0.00204402 0.999992 -0.00352882 0.000208906 0.00818976 0.00351183 0.999964 0.693885
0.99995 -0.00129223 -0.00976327 -0.0201938 0.00126846 0.999996 -0.00244019 0.00103092 0.00976651 0.00242781 0.999946 0.694026
0.999957 -0.00135298 -0.00937529 -0.0198138 0.00133945 0.999999 -0.0014533 0.00176235 0.00937712 0.00144055 0.999958 0.694204
0.999964 -0.00111746 -0.00824081 -0.0186856 0.00115338 0.999989 0.00436129 0.00633532 0.008236 -0.00437054 0.999953 0.695031
0.999974 -0.000733306 -0.00746245 -0.0179807 0.000753805 0.999997 0.00273465 0.00496302 0.00746022 -0.0027403 0.999972 0.695183
0.99996 -6.36684e-05 -0.0087583 -0.0189851 8.31952e-05 0.999997 0.00223827 0.00454048 0.00875831 -0.00223878 0.999956 0.695109
0.999963 0.00058142 -0.0087852 -0.0188977 -0.000604391 0.999997 -0.00262382 0.000710616 0.00878351 0.00262889 0.999961 0.694978
0.999973 0.000135809 -0.00704613 -0.0176389 -0.000178049 0.999981 -0.00597787 -0.00182669 0.00704534 0.00597913 0.999954 0.695054
0.999992 -0.000909238 -0.00419778 -0.0154 0.00087648 0.99997 -0.00783 -0.00331695 0.00420464 0.00782613 0.999964 0.69523
0.999988 -0.000798053 -0.00443191 -0.015536 0.000782004 0.999992 -0.00359083 -6.7412e-05 0.00443489 0.00358747 0.999981 0.695336
0.999985 -0.00104778 -0.00557869 -0.0162779 0.00105196 1 0.000721092 0.00325705 0.00557774 -0.000727077 0.999987 0.695589
0.999984 -0.000608926 -0.005326 -0.0160792 0.000619945 0.999997 0.0020965 0.00433524 0.00532491 -0.00209966 0.99998 0.695437
0.999988 -0.00175515 -0.00487356 -0.0157213 0.00174254 0.999996 -0.00262295 0.000565362 0.00487801 0.00261431 0.999988 0.695544
0.999983 -0.00125022 -0.0054461 -0.0159798 0.00121977 0.999983 -0.00555578 -0.00166658 0.00545305 0.00554917 0.999966 0.695812
0.99998 -0.00104487 -0.00650479 -0.0166448 0.00100713 0.999983 -0.0058356 -0.00187202 0.0065107 0.00582881 0.999965 0.695789
0.99998 -0.000530943 -0.00602574 -0.0161529 0.000510223 0.999993 -0.00340864 2.33316e-05 0.00602754 0.00340562 0.999973 0.695735
0.999996 -0.000298558 -0.00320627 -0.0139142 0.00029593 1 -0.000877573 0.00198776 0.00320655 0.000876485 0.999998 0.695802
0.999986 -9.03082e-05 -0.00496714 -0.0152434 9.1856e-05 0.999999 0.000346759 0.00295814 0.00496711 -0.000347071 0.999984 0.695888
0.999993 -0.000195185 -0.00409563 -0.0145384 0.000191282 1 -0.00099056 0.00192956 0.00409585 0.000989619 0.999995 0.696043
0.999986 -0.000187519 -0.00498146 -0.0152221 0.000179463 0.999998 -0.00158375 0.00149377 0.00498173 0.00158298 0.999983 0.696075
0.99999 -0.000391887 -0.00484702 -0.0150968 0.000381549 0.999998 -0.0021671 0.00103778 0.00484787 0.00216509 0.99999 0.696287
0.999978 -0.00083618 -0.00633239 -0.0162116 0.000827292 0.999998 -0.00138075 0.00165363 0.00633352 0.00137564 0.999975 0.696311
0.999985 -0.000778037 -0.00579903 -0.0157775 0.000769242 0.999999 -0.00154615 0.00150751 0.00580026 0.00154149 0.999985 0.696476
0.999985 -0.000904719 -0.00519471 -0.0152973 0.00089883 0.999998 -0.00110118 0.00187998 0.00519567 0.00109666 0.999982 0.696427
0.999988 -0.00102218 -0.00509386 -0.015185 0.00100652 0.999995 -0.0031073 0.000379052 0.00509711 0.00310196 0.999986 0.696667
0.99999 -0.00123097 -0.0040313 -0.0143889 0.00121218 0.999988 -0.0046167 -0.000692096 0.00403684 0.00461195 0.999978 0.696726
0.999994 -0.00135752 -0.00377562 -0.0141092 0.00134359 0.999993 -0.00374593 4.23333e-05 0.00378072 0.00374065 0.99999 0.69693
0.999991 -0.00112958 -0.0037874 -0.0140826 0.00112716 0.999998 -0.000577205 0.00249645 0.00378799 0.000573111 0.999989 0.696708
0.999996 -0.00119018 -0.00320013 -0.0136161 0.00119934 0.999996 0.00278486 0.00501587 0.00319688 -0.00278885 0.999995 0.696865
0.999994 -0.00144383 -0.00271675 -0.0132235 0.00145679 0.999986 0.00486997 0.00658549 0.00270957 -0.00487374 0.999981 0.696834
0.999997 -0.00137543 -0.00273842 -0.0132675 0.00138393 0.999995 0.0030158 0.00517375 0.00273444 -0.00301976 0.999995 0.696754
0.999995 -0.00112209 -0.00232706 -0.0128965 0.00112154 0.999999 -0.000131324 0.00275348 0.00232704 0.000128903 0.999994 0.696738
0.999999 -0.000841151 -0.00223571 -0.012858 0.000834828 0.999996 -0.00293513 0.000630793 0.00223829 0.00293307 0.999997 0.696747
0.999996 -0.000435794 -0.00212059 -0.0128024 0.000425872 0.999989 -0.00456715 -0.000612314 0.00212244 0.00456643 0.999984 0.696499
1 -0.00027242 -0.00162216 -0.0124408 0.000266884 0.999995 -0.00355396 0.000148424 0.00162318 0.00355334 0.999996 0.696415
0.999998 -0.000336677 -0.000788759 -0.0118588 0.000333848 0.999994 -0.0033087 0.000360972 0.000789818 0.00330862 0.999991 0.696119
1 -9.68151e-05 -0.00120306 -0.0122124 9.44108e-05 0.999999 -0.0021892 0.00122303 0.00120339 0.0021889 1 0.69602
0.999998 0.000138725 -0.00081387 -0.0119775 -0.000139815 0.999998 -0.00107836 0.00204328 0.000813565 0.00107866 0.999995 0.695671
1 -0.00110128 0.00158498 -0.0148723 0.0011023 1 -0.000471397 0.0012935 -0.00158429 0.000472944 1 0.668029
0.999998 -0.000615241 0.000934608 -0.015463 0.000616844 0.999997 -0.00201487 0.000171147 -0.000933564 0.00201567 0.999994 0.667659
1 -0.000258295 0.000673245 -0.0157095 0.000261005 0.999995 -0.00354112 -0.000929914 -0.000672047 0.00354106 0.999997 0.667334
0.999998 8.13678e-06 0.000688238 -0.015771 -5.33279e-06 0.999989 -0.00452016 -0.00158283 -0.0006886 0.0045204 0.999986 0.666984
1 -0.000212376 0.000549169 -0.0159021 0.000215902 0.999983 -0.00594848 -0.00257625 -0.000547542 0.00594835 0.999986 0.666593
0.999997 -0.000644385 -0.00153572 -0.0173872 0.000638241 0.999992 -0.00384665 -0.00103861 0.00153783 0.00384592 0.999988 0.6663
1 -0.0012687 -0.00174537 -0.0175268 0.00126407 0.999996 -0.0027979 -0.000251509 0.00174924 0.00279544 0.999998 0.665911
0.999995 -0.00102682 -0.00230514 -0.0179003 0.00102139 0.999996 -0.00225212 0.000177707 0.00230711 0.00225002 0.999991 0.665601
0.999995 -0.000490648 -0.00364703 -0.0188734 0.000484192 0.999999 -0.00183823 0.000524842 0.0036483 0.00183619 0.999995 0.665306
0.999993 0.000310786 -0.00323076 -0.0185894 -0.000311982 0.999999 -0.000299209 0.00173066 0.00323034 0.000300469 0.999991 0.664797
0.999998 0.000103002 -0.00260248 -0.0181587 -0.000100491 1 0.000893254 0.00265825 0.0026029 -0.000893225 1 0.664294
0.999994 5.05413e-05 -0.00282773 -0.0183363 -5.22222e-05 0.999999 -0.000530994 0.00166722 0.00282738 0.000531376 0.999992 0.66368
0.999999 -0.000327136 -0.00230911 -0.0180258 0.000320702 0.999997 -0.00287621 2.13173e-05 0.00231041 0.0028752 0.999997 0.663
0.999994 -0.00104424 -0.00270898 -0.0183458 0.00103189 0.999989 -0.00448863 -0.00109913 0.00271323 0.00448611 0.999982 0.66203
0.99999 -0.00122995 -0.004649 -0.0198013 0.00121045 0.999991 -0.00424077 -0.000847593 0.00465463 0.0042348 0.999984 0.661145
0.999979 -0.00111342 -0.00615364 -0.0209098 0.00108277 0.999987 -0.00495159 -0.00128362 0.00615863 0.00494513 0.999965 0.660162
0.999968 -0.000517847 -0.00825508 -0.0224893 0.000476979 0.999988 -0.00497346 -0.00120097 0.00825795 0.00496906 0.999957 0.659142
0.999961 -0.000741871 -0.00863714 -0.0228352 0.000671548 0.999966 -0.00812019 -0.00345615 0.00864244 0.00811438 0.999926 0.658008
0.999951 -0.00011999 -0.0101399 -0.0239999 1.78158e-05 0.99995 -0.0100965 -0.00483304 0.010141 0.0100955 0.999901 0.65686
0.999957 -0.000892285 -0.00900802 -0.0233483 0.000784178 0.999927 -0.0119727 -0.00603091 0.00901763 0.0119655 0.999884 0.654336
0.999955 -0.000359277 -0.00968424 -0.0239427 0.000261635 0.99995 -0.0101047 -0.00451024 0.0096877 0.0101014 0.999906 0.652877
0.999953 0.00252406 -0.00908896 -0.0242403 -0.00259076 0.999969 -0.00731038 -0.00183856 0.00906988 0.00733391 0.999928 0.647875
0.999965 0.00286854 -0.008096 -0.0236971 -0.00291192 0.999982 -0.00537123 -0.00023409 0.00808081 0.0053943 0.999957 0.646586
0.999958 0.00122363 -0.00889754 -0.0245174 -0.00129594 0.999966 -0.00810845 -0.00201766 0.00888698 0.00811997 0.999924 0.643873
0.999963 6.27425e-05 -0.00888811 -0.0246145 -0.000113922 0.999984 -0.00577664 -0.000205671 0.00888799 0.00577711 0.999948 0.642768
0.99994 0.000181208 -0.0107245 -0.0260526 -0.000227515 0.99999 -0.00430223 0.000987972 0.0107232 0.00430473 0.999929 0.64136
0.999916 -0.000121217 -0.0131498 -0.027798 8.23472e-05 0.999996 -0.00296542 0.00211171 0.0131504 0.00296379 0.999913 0.639987
0.999876 -0.00073649 -0.0155605 -0.0295769 0.00066036 0.999987 -0.00488865 0.000863065 0.0155636 0.00487808 0.999863 0.637835
0.999849 -0.00230055 -0.0173823 -0.030824 0.00226159 0.999995 -0.00226866 0.00309732 0.0173876 0.00222872 0.99985 0.634938
