0.999998 0.000962039 -0.00150794 -0.00114663 -0.000962827 0.999999 -0.000524764 -0.000546546 0.00150744 0.000526207 0.999999 0.750256
0.999997 0.00177735 -0.00133145 -0.000932063 -0.00177946 0.999997 -0.00158549 -0.00150557 0.00132864 0.00158787 0.999998 0.750514
1 0.00081578 0.000134296 0.000232262 -0.000815673 1 -0.00060427 -0.000538676 -0.000134793 0.000604141 1 0.750167
0.999999 0.000364291 0.00137066 0.00139458 -0.000364704 1 0.000291487 0.000310015 -0.00137055 -0.000291974 0.999999 0.75002
1 0.000490209 0.000615551 0.000796234 -0.000489682 1 -0.000850071 -0.000599619 -0.000615978 0.000849759 1 0.749987
1 0.000317709 0.000302539 0.000545038 -0.00031759 1 -0.000462932 -0.000291923 -0.000302667 0.000462854 1 0.749925
1 0.000358966 -3.48193e-05 0.000282861 -0.000358932 1 0.000756058 0.000677031 3.50691e-05 -0.000756064 1 0.749926
0.999999 7.27517e-05 0.00110694 0.00118472 -7.48263e-05 0.999998 0.00188965 0.00158957 -0.00110677 -0.00188972 0.999997 0.749838
0.999998 -0.000142118 0.00181191 0.00172232 0.000138526 0.999998 0.00197022 0.00166231 -0.00181222 -0.00196997 0.999996 0.749688
0.999998 -0.000108379 0.00171203 0.0016196 0.00010709 0.999999 0.000766486 0.00070356 -0.00171209 -0.000766301 0.999998 0.749563
0.999998 0.000206728 0.00189507 0.00174626 -0.000204929 1 -0.00096341 -0.000673725 -0.00189529 0.00096302 0.999998 0.749377
0.999997 0.000512561 0.00212807 0.00190613 -0.000505918 0.999995 -0.00310737 -0.00238062 -0.00212963 0.00310629 0.999993 0.749214
0.999996 0.000587288 0.00289444 0.00248557 -0.000576618 0.999993 -0.00369315 -0.00284128 -0.00289661 0.00369147 0.999989 0.748842
0.999992 0.000208033 0.00399735 0.00329713 -0.000197217 0.999996 -0.00270709 -0.00202031 -0.00399788 0.00270629 0.999988 0.74858
0.999988 -7.376e-05 0.00494785 0.00396812 8.91065e-05 0.999996 -0.00309691 -0.00229262 -0.0049476 0.00309732 0.999983 0.748188
0.99998 -2.21996e-05 0.0063019 0.00493298 4.49441e-05 0.999993 -0.00361015 -0.00268164 -0.00630177 0.00361035 0.999973 0.74777
0.999975 0.00101537 0.00694992 0.00528974 -0.000983579 0.99999 -0.00457584 -0.00342872 -0.00695449 0.00456891 0.999966 0.747199
0.999966 0.00128725 0.00817822 0.00610316 -0.00125892 0.999993 -0.00347132 -0.00253264 -0.00818263 0.00346088 0.99996 0.746591
0.999948 0.00119555 0.0101266 0.00750123 -0.001168 0.999996 -0.0027249 -0.00191342 -0.0101298 0.00271296 0.999945 0.745959
0.99994 0.00053809 0.010934 0.00794108 -0.000522006 0.999998 -0.00147416 -0.000857585 -0.0109347 0.00146833 0.999939 0.745265
0.999927 0.000351137 0.0120934 0.0084686 -0.00032095 0.999997 -0.0024996 -0.00162521 -0.0120942 0.00249556 0.999924 0.743864
0.999913 -5.12201e-05 0.0131705 0.00910599 7.20048e-05 0.999998 -0.00157544 -0.000864561 -0.0131704 0.00157622 0.999912 0.742881
0.999908 0.00136206 0.0135469 0.00899915 -0.00131787 0.999995 -0.00327182 -0.00222898 -0.0135513 0.00325369 0.999903 0.74136
0.999896 0.00263393 0.0141707 0.00912411 -0.00255939 0.999982 -0.00527413 -0.0038344 -0.0141843 0.00523729 0.999885 0.739927
0.999858 0.00385118 0.0164253 0.0103063 -0.00375417 0.999976 -0.00593354 -0.00436238 -0.0164478 0.00587104 0.999848 0.737875
0.999822 0.00418308 0.0183622 0.0112877 -0.00409945 0.99998 -0.00459061 -0.00327007 -0.018381 0.00451451 0.999821 0.735984
0.999802 0.00599609 0.0190129 0.0111241 -0.00588055 0.999965 -0.00612616 -0.00454469 -0.019049 0.00601315 0.999801 0.733937
0.999824 0.00572431 0.0178448 0.00935491 -0.00565156 0.999975 -0.00412628 -0.00290706 -0.0178679 0.0040247 0.999832 0.731395
0.999828 0.00682195 0.0172567 0.00834192 -0.00671438 0.999959 -0.00628112 -0.00463081 -0.0172989 0.00616417 0.999832 0.729689
0.999871 0.00757944 0.0141033 0.0034106 -0.00748359 0.999948 -0.00684056 -0.0051593 -0.0141544 0.00673414 0.999877 0.721706
0.999861 0.00690685 0.0151916 0.00388122 -0.00684636 0.999969 -0.0040285 -0.00293019 -0.015219 0.00392392 0.999877 0.720322
0.999801 0.00704965 0.0186531 0.00428856 -0.00695597 0.999962 -0.00508401 -0.00378684 -0.0186882 0.00495326 0.999813 0.712582
0.999749 0.00725251 0.0212322 0.00556128 -0.00715997 0.999965 -0.00442881 -0.00325632 -0.0212637 0.00427565 0.999765 0.710366
0.99977 0.00798365 0.0198729 0.00342982 -0.0078588 0.999948 -0.00635618 -0.00473196 -0.0199225 0.00619855 0.999782 0.707913
0.999817 0.00829959 0.0172738 0.00071467 -0.00821382 0.999954 -0.00502509 -0.00365328 -0.0173149 0.00488227 0.999838 0.70622
0.999852 0.00897596 0.0146097 -0.00180972 -0.00888422 0.99994 -0.00633868 -0.00464971 -0.0146656 0.00620799 0.999873 0.705035
0.9999 0.00848675 0.0113679 -0.00468845 -0.00844359 0.999958 -0.00382992 -0.00266671 -0.0114001 0.00373351 0.999928 0.704124
0.999934 0.0086492 0.00751866 -0.00802564 -0.00863048 0.999959 -0.0025319 -0.00161866 -0.00754007 0.00246689 0.999968 0.703107
0.99993 0.00981953 0.00663752 -0.00910779 -0.00979032 0.999943 -0.00440287 -0.00303135 -0.00668064 0.00433753 0.999969 0.70132
0.99994 0.00976847 0.00479778 -0.0110128 -0.00975341 0.999947 -0.00317581 -0.00207643 -0.00482822 0.00312889 0.999983 0.699913
0.999959 0.0087364 0.00254465 -0.0130509 -0.0087329 0.999962 -0.0013384 -0.000591043 -0.00255658 0.00131606 0.999996 0.698662
0.999965 0.00826333 -0.000425469 -0.015708 -0.00826366 0.999965 -0.000489994 6.07961e-05 0.000421754 0.00049356 0.999999 0.697088
0.99999 0.00418997 0.00207795 -0.0157227 -0.00418215 0.999985 -0.00369104 -0.00196065 -0.00209372 0.00368224 0.999992 0.684155
0.999993 0.00349399 -0.000564389 -0.0179383 -0.0034946 0.999993 -0.000887032 0.000157215 0.000561651 0.000889075 0.999999 0.682775
0.999985 0.00277253 -0.0049321 -0.0214083 -0.00278113 0.999995 -0.00176685 -0.000523177 0.00492684 0.00178046 0.999987 0.681273
0.999959 0.00217493 -0.00875323 -0.0244547 -0.00219179 0.999995 -0.00189983 -0.000637299 0.00874938 0.00191902 0.999959 0.679688
0.999919 0.00172392 -0.0126589 -0.0275152 -0.00174583 0.999998 -0.00173108 -0.00051538 0.0126556 0.00175295 0.999919 0.678163
0.99987 0.00178631 -0.0159907 -0.0299723 -0.00178742 0.999997 -4.522e-05 0.000758304 0.0159909 7.38932e-05 0.999871 0.677214
0.999821 0.00136738 -0.0188836 -0.0321994 -0.0013691 1 -8.74299e-05 0.000732151 0.0188832 0.000113178 0.999822 0.676051
0.999763 0.00156335 -0.0216919 -0.0342889 -0.00156075 0.999998 0.000143808 0.000933221 0.0216924 -0.000109825 0.999764 0.674985
0.999695 0.00103397 -0.0247155 -0.0365842 -0.00100225 1 0.00128799 0.00180762 0.0247165 -0.00126294 0.999694 0.673965
0.999625 0.000486598 -0.0273624 -0.0386219 -0.000448074 0.999998 0.00142104 0.00196282 0.0273633 -0.00140814 0.999624 0.672869
0.999521 0.000955808 -0.0309511 -0.0413065 -0.00091854 1 0.00121311 0.00185663 0.030952 -0.00118421 0.999521 0.671966
0.999359 0.000882 -0.035763 -0.0447816 -0.000780353 0.999995 0.00286051 0.00311797 0.0357656 -0.00283064 0.999355 0.670788
0.999033 0.0016102 -0.0439445 -0.0505525 -0.00148191 0.999996 0.00294839 0.00321345 0.0439487 -0.00288055 0.99903 0.669652
0.998761 0.00190269 -0.0497126 -0.0545528 -0.00176686 0.999994 0.0027798 0.00311387 0.0497178 -0.00268836 0.998759 0.668639
0.998613 0.00200588 -0.0526309 -0.0564605 -0.00181608 0.999993 0.00365038 0.00376822 0.0526375 -0.00354988 0.998608 0.667802
0.998493 0.0019543 -0.0548265 -0.0578706 -0.00169934 0.999987 0.00469997 0.00454061 0.0548352 -0.00459958 0.998484 0.667023
0.998429 0.000793321 -0.0560413 -0.0577832 -0.000607148 0.999995 0.00333588 0.00354898 0.0560434 -0.00329677 0.998424 0.661998
0.998324 0.000371589 -0.0578606 -0.0589297 -0.000202981 0.999995 0.00292306 0.00324182 0.0578617 -0.00290627 0.99832 0.661189
0.998234 9.74848e-05 -0.059419 -0.0598447 9.76499e-06 0.999999 0.00180189 0.00244 0.0594188 -0.00179943 0.998232 0.660212
0.99827 -0.000144495 -0.0587809 -0.0593039 0.000151743 0.999999 0.000122238 0.00123663 0.0587811 -0.000130796 0.99827 0.659657
0.998225 -0.000180347 -0.0595714 -0.0597779 0.000238269 1 0.000961884 0.00184954 0.059571 -0.000974527 0.998224 0.658647
0.998189 0.00131012 -0.0601332 -0.0599004 -0.00116478 0.999995 0.00245511 0.00305394 0.0601365 -0.00238047 0.998186 0.654524
0.998284 0.000710281 -0.0585679 -0.0587705 -0.000652285 1 0.00100645 0.00200321 0.0585682 -0.000966683 0.998284 0.653815
0.998365 0.000284987 -0.057147 -0.0578185 -0.000321727 0.999999 -0.00062993 0.000832879 0.0571471 0.000647441 0.998365 0.653186
0.998468 -0.00241086 -0.0552843 -0.0567662 0.00233209 0.999997 -0.00149243 0.000206526 0.0552874 0.00136105 0.99847 0.649851
0.998309 -0.00246488 -0.0580745 -0.0588743 0.00241965 0.999996 -0.000846506 0.000679892 0.0580767 0.00070473 0.998311 0.648733
0.998377 -0.00252148 -0.0569125 -0.0582191 0.0025732 0.999997 0.00083237 0.00197011 0.0569099 -0.000977657 0.99838 0.646926
0.998317 -0.00208864 -0.0579414 -0.0591986 0.00195008 0.999994 -0.002445 -0.000478169 0.0579466 0.00232809 0.998316 0.645722
0.998354 -0.00278907 -0.0572845 -0.0590846 0.00282789 0.999996 0.000594298 0.00183586 0.0572822 -0.000755519 0.998358 0.644266
0.998363 -0.00312185 -0.0570991 -0.059415 0.00309499 0.999995 -0.000556147 0.00108448 0.057101 0.000378733 0.998368 0.642139
0.998328 -0.00228213 -0.0577602 -0.0599911 0.00221358 0.999997 -0.00125339 0.00056088 0.0577626 0.00112322 0.99833 0.641706
0.998452 -0.00116029 -0.0555934 -0.0586426 0.00140347 0.999989 0.00433881 0.00459075 0.0555879 -0.0044099 0.998443 0.640981
0.998581 -0.000841953 -0.0532535 -0.0570801 0.00106597 0.999991 0.00417511 0.004444 0.0532493 -0.00422619 0.998573 0.64079
0.998793 -0.00118584 -0.0490856 -0.0543044 0.00124836 0.999998 0.00124629 0.00232911 0.0490843 -0.00130581 0.998793 0.640446
0.998981 -0.00145818 -0.0451224 -0.0516347 0.001486 0.999999 0.000579359 0.00186008 0.0451213 -0.000646085 0.998982 0.640225
0.999109 -0.00158799 -0.0421715 -0.0495354 0.00156465 0.999998 -0.000583003 0.00106558 0.0421726 0.00051675 0.999109 0.640388
0.999256 -0.0015647 -0.0385376 -0.0468949 0.00149874 0.999998 -0.00174378 0.000285573 0.0385401 0.00168449 0.999257 0.640638
0.999491 -0.00141131 -0.0318598 -0.0419947 0.00141573 0.999999 0.000120487 0.00167216 0.0318599 -0.000165283 0.999491 0.641131
0.9997 -0.00132217 -0.0244571 -0.0366072 0.00138652 0.999996 0.00260858 0.00352643 0.0244533 -0.00264196 0.999699 0.64125
0.999854 -0.00144511 -0.016984 -0.0311174 0.00151526 0.99999 0.00412653 0.00463303 0.0169781 -0.00415139 0.999846 0.641439
0.999939 -0.00124708 -0.0110453 -0.0266755 0.00127536 0.999996 0.00254054 0.00350857 0.0110419 -0.00255475 0.999937 0.641848
0.999979 -0.00135644 -0.00629798 -0.0233404 0.0013498 0.999998 -0.00103402 0.000995421 0.00629955 0.00102575 0.999979 0.642034
0.999997 -0.00190658 -0.00160148 -0.0200242 0.00190241 0.999995 -0.00269867 -0.000167982 0.00160642 0.00269537 0.999996 0.642163
0.999989 -0.00331771 0.0033062 -0.0165517 0.00332414 0.999992 -0.00198803 0.00034406 -0.00329938 0.00199924 0.999991 0.642375
0.999982 -0.00306798 0.00527523 -0.0151434 0.00307146 0.999995 -0.000627197 0.00131912 -0.00527348 0.000643135 0.999987 0.642664
0.999992 -0.000516931 0.00372142 -0.016149 0.000521517 0.999999 -0.00126571 0.000955297 -0.00372052 0.00126788 0.999991 0.644216
0.999992 -3.64084e-05 0.00409948 -0.0159323 4.99877e-05 0.999995 -0.00328527 -0.00033553 -0.0040996 0.00328521 0.999988 0.644682
0.999996 0.000795078 0.00261863 -0.0169415 -0.000776151 0.999973 -0.00726353 -0.00309541 -0.00262409 0.00726171 0.999969 0.644964
0.999999 0.0016853 -0.000914775 -0.0193512 -0.00169127 0.999976 -0.00668288 -0.00268093 0.000903208 0.00668418 0.999979 0.645451
0.999988 0.00208747 -0.00433043 -0.0217188 -0.00210173 0.999992 -0.00326508 -0.000294883 0.00432386 0.00327438 0.999984 0.64617
0.999974 0.00232257 -0.00693248 -0.0234642 -0.00230455 0.999994 0.00259285 0.00374811 0.00693822 -0.00257702 0.999974 0.646797
0.99997 0.00250747 -0.00728024 -0.0236662 -0.00246824 0.999982 0.00540377 0.0057054 0.00729393 -0.00538541 0.999958 0.647109
0.999973 0.00217599 -0.00702338 -0.0234676 -0.00212295 0.999969 0.00753601 0.00714261 0.00703929 -0.0075211 0.999948 0.648012
0.999988 0.00195125 -0.00425899 -0.0215091 -0.00191559 0.999963 0.00838526 0.00769694 0.00427545 -0.00837679 0.999954 0.649047
0.999999 0.00176296 2.26969e-07 -0.0185334 -0.0017628 0.999974 0.00699852 0.00666304 1.18657e-05 -0.00699873 0.999977 0.650044
0.999993 0.00111522 0.00335061 -0.016459 -0.00112179 0.999997 0.00192285 0.00291885 -0.00334825 -0.00192636 0.999991 0.651866
0.999982 0.000124202 0.00605828 -0.0149404 -0.000110895 0.999998 -0.00217278 -0.000155259 -0.00605867 0.00217183 0.999981 0.653513
0.999999 0.000283392 -0.000799777 -0.0197547 -0.000286573 0.999992 -0.00380472 -0.00143699 0.000798828 0.00380519 0.999991 0.654608
0.999989 0.000520334 -0.00486037 -0.0225795 -0.00054196 0.99999 -0.00447722 -0.00198821 0.00485783 0.00447957 0.999979 0.655364
0.999974 0.000217904 -0.00714973 -0.0240496 -0.000246315 0.999992 -0.00395388 -0.00165396 0.00714899 0.00395578 0.999965 0.656481
0.999953 1.85271e-05 -0.00981266 -0.025733 -3.5019e-05 0.999999 -0.0016973 -5.71124e-05 0.00981241 0.00169729 0.999952 0.657683
0.999971 -0.000827424 -0.00744914 -0.0241434 0.000833488 0.999999 0.000835103 0.00175994 0.00744864 -0.000841027 0.999971 0.658107
0.999968 -0.000703442 -0.00810917 -0.024725 0.000721723 0.999998 0.00222976 0.00269449 0.00810737 -0.00223579 0.999966 0.658666
0.999949 -0.000418881 -0.0100444 -0.026136 0.000432047 0.999999 0.00132616 0.001996 0.0100441 -0.0013302 0.999948 0.659065
0.99997 -0.000246551 -0.00780746 -0.0245393 0.000253476 1 0.000861731 0.00160486 0.00780704 -0.000863916 0.99997 0.659787
0.99998 3.45953e-05 -0.00620532 -0.0233603 -3.56071e-05 1 -0.000129236 0.000842093 0.00620552 0.0001297 0.99998 0.660748
0.999991 0.000356625 -0.00439445 -0.0219252 -0.000359713 1 -0.000754232 0.000312043 0.00439396 0.000755545 0.999991 0.662163
0.99998 0.00107367 -0.00604007 -0.0228431 -0.00107905 0.999999 -0.000846251 0.000211256 0.00603939 0.000853051 0.999981 0.663173
0.999975 0.00108656 -0.00705311 -0.0233654 -0.00109443 0.999999 -0.00114766 -6.29398e-05 0.0070516 0.00115502 0.999975 0.663932
0.999977 0.00163378 -0.00643461 -0.0220252 -0.00165247 0.999994 -0.00286468 -0.00147794 0.00643015 0.00287559 0.999974 0.666774
0.999986 0.000798672 -0.00537649 -0.0210789 -0.000806964 0.999998 -0.00158501 -0.000600632 0.00537496 0.00158898 0.999985 0.667514
0.999977 0.00107407 -0.00663568 -0.0218751 -0.00109376 0.999995 -0.00292861 -0.00160651 0.00663279 0.00293616 0.999973 0.668062
0.999971 0.00126134 -0.00755758 -0.0223967 -0.00129621 0.999988 -0.00464247 -0.00290636 0.00755134 0.00465176 0.999962 0.668689
0.999979 -3.13885e-05 -0.00636882 -0.0214144 1.50747e-05 0.999997 -0.00252198 -0.0014378 0.00636919 0.00252221 0.999976 0.669167
0.999976 -0.00153261 -0.0068473 -0.0216041 0.0015339 0.999999 0.000146554 0.000439651 0.00684675 -0.000157444 0.999977 0.669579
0.999981 -0.00298226 -0.00536864 -0.0201419 0.00299232 0.999994 0.00190971 0.00162281 0.00536325 -0.00192535 0.999983 0.670478
0.999988 -0.00303542 -0.00407029 -0.019141 0.00303963 0.999995 0.000981362 0.000906496 0.00406697 -0.000994118 0.999992 0.670747
0.999988 -0.00285628 -0.00385736 -0.0187474 0.00285444 0.999996 -0.000431397 -0.000180202 0.00385888 0.00042079 0.999992 0.671436
0.999984 -0.00265843 -0.00502576 -0.0194856 0.00265466 0.999996 -0.000797782 -0.000480474 0.00502757 0.00078403 0.999988 0.671805
0.999988 -0.00288653 -0.00387013 -0.0182055 0.0028846 0.999996 -0.000446865 -0.00026983 0.00387169 0.000436102 0.999992 0.673074
0.999992 -0.00341866 -0.00234868 -0.0166964 0.00341806 0.999994 -0.000356915 -0.000255544 0.00234958 0.000348499 0.999998 0.674122
0.99999 -0.00309569 -0.0028662 -0.0167981 0.00309152 0.999995 -0.00137978 -0.00102581 0.00287073 0.00137129 0.999995 0.674928
0.999986 -0.00411924 -0.00342411 -0.0168847 0.00411777 0.999991 -0.000504848 -0.000377738 0.00342588 0.000490373 0.999994 0.675997
0.99998 -0.00563892 -0.00267724 -0.0158859 0.00564111 0.999984 0.000891209 0.000648529 0.00267245 -0.000905959 0.999996 0.677292
0.999976 -0.00586566 -0.00391978 -0.0163118 0.00587055 0.999981 0.00118109 0.000892279 0.00391256 -0.0012044 0.999992 0.678262
0.999969 -0.00568206 -0.0052521 -0.0166736 0.00568897 0.999984 0.00134398 0.000999182 0.00524458 -0.0013735 0.999985 0.679436
0.999966 -0.00475967 -0.0068147 -0.0172546 0.00476603 0.999988 0.000882561 0.000582482 0.0068102 -0.000915355 0.999976 0.680439
0.99995 -0.00430757 -0.00891649 -0.0184503 0.00430882 0.999991 0.000144713 -4.07656e-06 0.00891599 -0.000182804 0.99996 0.68109
0.999909 -0.00385158 -0.0129619 -0.0208508 0.00383996 0.999991 -0.000937584 -0.000875497 0.0129652 0.000887398 0.999916 0.682194
0.999857 -0.00359076 -0.0165001 -0.0229132 0.00356623 0.999993 -0.00150304 -0.00136796 0.0165056 0.00144431 0.999863 0.683224
0.999822 -0.00360799 -0.0185529 -0.0236294 0.00358309 0.999992 -0.00138604 -0.00139741 0.0185575 0.00131898 0.999827 0.684748
0.999735 -0.00400798 -0.0226315 -0.0258236 0.00399106 0.999992 -0.000783734 -0.00104217 0.0226347 0.000693535 0.999743 0.686376
0.99966 -0.00484021 -0.025649 -0.0262417 0.00482607 0.999988 -0.000621333 -0.00102529 0.0256514 0.000497 0.999671 0.689558
0.999744 -0.00519062 -0.0220117 -0.0223098 0.005172 0.999987 -0.000893055 -0.00129284 0.0220162 0.000779319 0.999757 0.691544
0.99985 -0.00527976 -0.0165465 -0.0176046 0.00526868 0.999985 -0.000726271 -0.00122253 0.0165499 0.000638665 0.999863 0.692551
0.999892 -0.00495134 -0.0138007 -0.0154758 0.00493445 0.999987 -0.00124158 -0.00169389 0.0138069 0.0011737 0.999904 0.693151
0.999927 -0.0044973 -0.0112262 -0.0134265 0.00447777 0.999988 -0.00178399 -0.00221317 0.0112339 0.00173324 0.999936 0.694287
0.999949 -0.00407655 -0.00919477 -0.0117116 0.00406583 0.999991 -0.0011606 -0.00191938 0.00919963 0.00112352 0.999957 0.695832
0.999962 -0.00414328 -0.00770702 -0.0103214 0.00414906 0.999991 0.000705503 -0.000718055 0.00770382 -0.000737801 0.99997 0.698094
0.999926 -0.00386873 -0.0115269 -0.012804 0.00388412 0.999992 0.00133147 -0.000474167 0.0115219 -0.00137581 0.999932 0.700616
0.999963 -0.00270671 -0.00826374 -0.00983952 0.00272579 0.999993 0.00227311 -6.50942e-05 0.00825733 -0.00229589 0.999964 0.704316
0.999989 -0.00260367 -0.00384202 -0.00639386 0.00261646 0.999991 0.00339069 0.000760622 0.00383336 -0.0034004 0.999986 0.705603
0.999996 -0.0029618 -0.000453139 -0.00388263 0.00296349 0.99999 0.00323909 0.000680722 0.000443336 -0.00324072 0.999995 0.706254
0.999992 -0.00383969 -0.000713158 -0.00424703 0.00383992 0.999992 0.000626722 -0.00132213 0.000710932 -0.000629171 0.999999 0.707566
0.999988 -0.00496505 0.000545219 -0.00331042 0.0049657 0.999987 -0.000819772 -0.00243702 -0.000541341 0.000822187 1 0.709058
0.999922 -0.0122921 0.0018214 -0.00153365 0.0122951 0.999923 -0.00178232 -0.00304112 -0.00179915 0.00180485 0.999996 0.719558
0.999923 -0.0124614 -0.000817544 -0.00354403 0.0124616 0.999922 6.76832e-05 -0.00158062 0.000816447 -7.81111e-05 1 0.720791
0.999968 -0.00786488 -0.000515318 -0.00264986 0.00786604 0.999965 0.00266859 -2.91932e-05 0.000494522 -0.00267231 0.999995 0.72553
0.999999 -8.01041e-05 0.002077 -0.000616868 7.83393e-05 0.999999 0.000927883 -0.00207339 -0.00207728 -0.000927959 0.999998 0.731741
0.999998 0.000727804 -0.00103534 -0.00295551 -0.000726787 0.999999 0.00112279 -0.00203917 0.00103637 -0.00112181 0.999998 0.733157
0.999994 -0.000355932 -0.00383405 -0.00446887 0.000357085 1 0.000266389 -0.00287948 0.00383375 -0.000267973 0.999993 0.735524
0.999981 -0.00168808 -0.00574243 -0.00574749 0.00168923 0.999999 0.000214639 -0.00290665 0.00574227 -0.000224068 0.999983 0.736701
0.999973 -0.00330351 -0.00672917 -0.00618283 0.00332016 0.999991 0.00245047 -0.00107867 0.00672082 -0.00247298 0.999975 0.737609
0.999944 -0.00565162 -0.00880726 -0.0073052 0.00569613 0.999971 0.00504735 0.00107629 0.00877868 -0.00509702 0.999948 0.738629
0.999945 -0.0070358 -0.00789649 -0.00615587 0.00708567 0.999955 0.00628902 0.00212594 0.0078517 -0.00634487 0.99995 0.739307
0.999952 -0.0067174 -0.00691894 -0.00512269 0.00674317 0.999971 0.00372734 8.28434e-05 0.00689388 -0.00377359 0.999968 0.739934
0.999964 -0.00510577 -0.00698191 -0.00508617 0.00510869 0.999986 0.000378878 -0.0026212 0.00697973 -0.000414748 0.999976 0.740406
0.99997 -0.00418452 -0.00632179 -0.00434237 0.00417145 0.99999 -0.00205772 -0.00458856 0.00633049 0.00203153 0.999977 0.741249
0.99999 -0.00365066 -0.00307642 -0.00158306 0.00363359 0.999977 -0.00558199 -0.00746994 0.00309657 0.00557052 0.99998 0.742034
0.999985 -0.0041454 -0.00332487 -0.00164428 0.00413527 0.999987 -0.00300429 -0.0053624 0.00333746 0.00299073 0.999989 0.743085
0.999978 -0.00435678 -0.00512286 -0.00282496 0.00434267 0.999986 -0.0027869 -0.00507781 0.00513476 0.00276438 0.999983 0.744529
0.999971 -0.00507423 -0.00556651 -0.00294066 0.00507787 0.999988 0.000667162 -0.00216842 0.00556323 -0.000695201 0.999984 0.745655
0.999968 -0.00594148 -0.00551511 -0.00264744 0.00595389 0.999979 0.00221398 -0.000665241 0.00550168 -0.00224697 0.999983 0.746953
0.999977 -0.00569389 -0.0033109 -0.000707725 0.00569666 0.999984 0.000872338 -0.00169152 0.00330603 -0.000890956 0.999994 0.747777
0.999974 -0.00376165 -0.00623596 -0.00280268 0.00374592 0.999989 -0.0025578 -0.0046206 0.00624538 0.00253414 0.999978 0.74878
0.999971 -0.00271965 -0.00697032 -0.00327319 0.00272195 0.999997 0.000341403 -0.00216789 0.00696953 -0.000360143 0.999975 0.749592
0.999978 -0.00184887 -0.00656185 -0.00286899 0.00183313 0.999995 -0.00242684 -0.00439903 0.00656616 0.00241453 0.999976 0.750387
0.999971 -0.00244304 -0.0070968 -0.00302692 0.00241136 0.999988 -0.00444787 -0.00591503 0.00710767 0.00443084 0.999965 0.752416
0.999981 -0.00287051 -0.00561206 -0.00155698 0.0028488 0.999987 -0.00388825 -0.00539163 0.00562303 0.00387196 0.999977 0.754096
0.999985 -0.00371038 -0.00379964 -5.79664e-05 0.00370397 0.999993 -0.00167361 -0.00361464 0.00380593 0.00165974 0.999991 0.754697
0.999979 -0.00466297 -0.00462155 -0.000573186 0.00466077 0.999988 -0.000505499 -0.00274548 0.00462374 0.000483694 0.999989 0.75573
0.99997 -0.0047159 -0.00607272 -0.00161078 0.00472113 0.99999 0.000866919 -0.00164906 0.00606868 -0.000895301 0.999981 0.75614
0.999965 -0.00489506 -0.00698354 -0.00221198 0.00491348 0.999983 0.00260278 -0.000251776 0.00697058 -0.00263727 0.999972 0.756557
0.999964 -0.00432241 -0.00716627 -0.00224926 0.0043309 0.999991 0.00119032 -0.00142374 0.00716113 -0.001221 0.999974 0.75693
0.999967 -0.00303558 -0.00762492 -0.00248353 0.00301397 0.99999 -0.00286422 -0.00475206 0.00763347 0.00284084 0.999967 0.757376
0.999968 -0.00343938 -0.00715745 -0.00166019 0.00342469 0.999993 -0.0020403 -0.00413381 0.00716446 0.00201603 0.999972 0.759035
0.99997 -0.00385058 -0.00684438 -0.00121673 0.00384476 0.999991 -0.000891748 -0.00320849 0.00684775 0.000865061 0.999976 0.759829
0.999952 -0.00398629 -0.00890003 -0.00270413 0.00398795 0.999993 0.000188794 -0.00231594 0.00889924 -0.000223919 0.99996 0.760553
0.999935 -0.00398264 -0.0107251 -0.00391546 0.00400672 0.999988 0.00220615 -0.000605709 0.0107162 -0.00224934 0.99994 0.761394
0.999962 -0.00317932 -0.00802254 -0.00141467 0.00319791 0.999993 0.00233049 -0.000463591 0.00801504 -0.00235569 0.999965 0.762225
0.999973 -0.00114862 -0.00738086 -0.000684234 0.00114497 0.999998 -0.000531976 -0.00284844 0.00738149 0.000523117 0.999972 0.763229
0.999977 -0.000554291 -0.00662416 0.00020715 0.000537804 0.999998 -0.00245923 -0.00442509 0.00662547 0.00245602 0.999975 0.764281
0.999964 3.06917e-05 -0.00848762 -0.00102256 -4.826e-05 0.999996 -0.00209474 -0.00400808 0.00848761 0.00209467 0.999962 0.766025
0.999987 -0.000757315 -0.00498632 0.00214493 0.000757463 1 7.60758e-05 -0.00203823 0.00498616 -7.9442e-05 0.999988 0.768029
0.999988 -0.0049169 -0.00103817 0.00610478 0.00491332 0.99998 -0.0036531 -0.00440401 0.00105621 0.00364753 0.999993 0.777253
0.999981 -0.00406197 -0.00447966 0.00303814 0.00405511 0.999992 -0.0014902 -0.00250467 0.00448562 0.00147242 0.999989 0.778685
0.99999 -0.00350826 -0.00305629 0.00424178 0.00351648 0.999989 0.0026268 0.000973198 0.0030471 -0.00263793 0.999992 0.779404
0.999986 -0.00312121 -0.00420202 0.00330288 0.00313086 0.999994 0.00234932 0.000700075 0.00419457 -0.00236205 0.999988 0.780462
0.999993 -0.00214295 -0.00329445 0.00405535 0.00214064 0.999996 -0.0007756 -0.00198562 0.00329619 0.000768127 0.999994 0.780985
0.999992 -0.0016092 -0.00344012 0.00394624 0.00160106 0.999997 -0.00229642 -0.00331452 0.0034437 0.00229133 0.999991 0.781663
0.999995 -0.00168866 -0.00287258 0.00455295 0.00168703 0.999997 -0.000669301 -0.00192027 0.00287377 0.000664015 0.999996 0.782851
0.999992 -0.000592343 -0.00368964 0.00397255 0.000584391 0.999999 -0.00209205 -0.00307087 0.00369079 0.00209032 0.999991 0.784458
0.999992 -0.00137851 -0.00376727 0.00388394 0.00138085 0.999997 0.000559056 -0.000787277 0.0037666 -0.000564708 0.999993 0.786192
0.999978 -0.00134923 -0.0063479 0.00185718 0.00135409 1 0.000804087 -0.000590057 0.00634674 -0.000812224 0.999979 0.786599
0.999974 -0.000936749 -0.00724925 0.00123452 0.000935541 0.999998 -0.000211536 -0.00147017 0.0072495 0.000204288 0.999974 0.787012
0.99996 8.2219e-05 -0.00892316 2.031e-05 -0.000107936 0.999997 -0.00284651 -0.00369333 0.00892283 0.0028478 0.999956 0.787572
0.999941 -0.000329558 -0.0109066 -0.00130871 0.000296426 0.999994 -0.00306982 -0.00390101 0.0109076 0.00306594 0.999936 0.78854
0.99997 -0.00108325 -0.00758123 0.00172193 0.00106573 0.999998 -0.00227064 -0.0032179 0.00758374 0.00226295 0.999969 0.789125
0.999978 -0.00154339 -0.00657688 0.00262472 0.0015343 0.999996 -0.00144013 -0.00255664 0.00657905 0.00142951 0.999978 0.789398
0.999981 -0.00224036 -0.00557688 0.00353183 0.00224121 0.999999 0.000204428 -0.00118443 0.00557641 -0.00021644 0.999984 0.789583
0.999987 -0.00168794 -0.00499029 0.00411078 0.00168329 0.999997 -0.0009923 -0.00222882 0.00499195 0.000983369 0.999987 0.789795
0.99998 -0.00140083 -0.00603176 0.00328329 0.00139279 0.999999 -0.00128833 -0.00250564 0.00603355 0.00128044 0.999981 0.790016
0.999978 -0.00249016 -0.00628476 0.00313132 0.00249904 0.999995 0.00135548 -0.000253599 0.00628144 -0.00137168 0.99998 0.790241
0.99998 -0.00228555 -0.00576925 0.00367855 0.00229135 0.999998 0.00105032 -0.000563233 0.00576672 -0.00106299 0.999982 0.790595
0.999987 -0.00178725 -0.00502575 0.00442472 0.00178388 0.999997 -0.000727552 -0.0021092 0.00502713 0.000718046 0.999987 0.790949
0.999969 -0.0013989 -0.00759036 0.00236555 0.00139279 1 -0.000778886 -0.00219651 0.00759134 0.000768786 0.999971 0.791358
0.999973 -0.00195023 -0.00726549 0.00268648 0.00196552 0.999995 0.0020672 0.000200685 0.00726154 -0.00208192 0.999972 0.791901
0.999975 -0.000971257 -0.00686919 0.00334328 0.000998204 0.999993 0.00394864 0.00179093 0.00686518 -0.00395488 0.999968 0.79288
0.999978 0.000495429 -0.00671649 0.00356855 -0.000492265 0.999998 0.000443333 -0.00125403 0.00671685 -0.000440559 0.999978 0.793179
0.999971 0.00169704 -0.00732566 0.00317633 -0.00172432 0.999993 -0.00368947 -0.00484356 0.00731925 0.00370253 0.999966 0.793541
0.999975 0.00177973 -0.00696239 0.00367538 -0.00181515 0.999984 -0.00510821 -0.00609483 0.00695329 0.00512016 0.999963 0.793995
0.999984 0.00095632 -0.00552457 0.00507711 -0.000978936 0.999993 -0.0040683 -0.00525749 0.00552054 0.00407419 0.999976 0.794615
0.999979 0.000441845 -0.00658978 0.00425702 -0.00046401 0.999993 -0.00338782 -0.00472247 0.0065883 0.00339023 0.999973 0.794959
0.999967 0.00246786 -0.00768194 0.00489185 -0.00250761 0.999985 -0.00513844 -0.00677151 0.00766906 0.00515816 0.999957 0.799774
0.999975 0.00117754 -0.00702482 0.0055861 -0.00119544 0.999995 -0.00257688 -0.0045927 0.00702186 0.0025846 0.999973 0.800264
0.999972 -0.000269697 -0.00731508 0.00551614 0.00027914 1 0.0013129 -0.00125986 0.00731463 -0.00131431 0.999972 0.800825
0.99996 -0.0010279 -0.00897181 0.0045235 0.00105849 0.999992 0.00338342 0.000493897 0.00896836 -0.00339336 0.999954 0.801562
0.99996 0.000101794 -0.00886191 0.00490255 -8.50419e-05 0.999999 0.0019118 -0.000848593 0.00886201 -0.00191037 0.999958 0.80214
0.999956 0.00248779 -0.00915454 0.00490635 -0.00251393 0.999992 -0.0028618 -0.00509789 0.00914742 0.00288408 0.999955 0.802838
0.999938 0.00501524 -0.00980569 0.00549931 -0.0050588 0.999979 -0.00440498 -0.00663094 0.00978328 0.00445495 0.999942 0.805813
0.99995 0.00392944 -0.00927598 0.00639679 -0.00394064 0.99999 -0.00120901 -0.00377846 0.00927119 0.00124486 0.999957 0.807035
0.999974 0.00330496 -0.00631788 0.0098453 -0.00331445 0.999994 -0.00147158 -0.00387625 0.00631292 0.00149311 0.999978 0.809132
0.999987 0.00165818 -0.00512038 0.011411 -0.00165214 0.999997 0.00115201 -0.00134625 0.00512232 -0.00114414 0.999987 0.810345
0.999985 0.000458434 -0.00525207 0.011389 -0.000439269 0.999994 0.0036922 0.00107347 0.00525358 -0.00368924 0.999979 0.810802
0.999996 0.000299298 -0.00314705 0.013385 -0.000290259 0.999995 0.00280573 0.000376445 0.00314803 -0.0028054 0.999992 0.811171
0.999993 0.000225044 -0.0032606 0.0133187 -0.000220466 1 0.00146472 -0.000835989 0.00326084 -0.00146341 0.999993 0.811624
0.999998 7.83439e-06 -0.00243669 0.0140997 -5.67873e-06 0.999999 0.000798939 -0.00146111 0.00243682 -0.000799538 0.999997 0.811869
0.999995 -0.000586672 -0.00273296 0.0139762 0.000590189 1 0.00134239 -0.00101987 0.00273202 -0.00134337 0.999995 0.812145
1 -0.000200242 -0.000980034 0.0155585 0.000200048 0.999999 -0.000386184 -0.00255993 0.000980304 0.00038538 1 0.812262
0.999999 -0.000260767 0.000818325 0.0171219 0.000261592 1 -0.00118404 -0.00329578 -0.000818233 0.00118488 0.999998 0.812322
0.999998 -0.00105934 0.00219338 0.0184145 0.00106015 0.999998 -0.000315688 -0.00257379 -0.00219288 0.000317391 0.999998 0.812516
0.999999 -0.000742994 0.000392149 0.0168476 0.000743306 1 -0.0011299 -0.00328377 -0.000391516 0.00113082 0.999999 0.812623
0.999998 -0.000724792 -0.00236041 0.0145307 0.000718722 0.999995 -0.00260621 -0.00458965 0.00236245 0.00260391 0.999994 0.812839
0.99999 -0.000390231 -0.00412309 0.0130217 0.000377643 0.999996 -0.00303933 -0.00497139 0.00412416 0.00303831 0.999986 0.812949
0.999986 -0.000275684 -0.00544973 0.0118807 0.00025457 0.999992 -0.00387882 -0.005739 0.00545075 0.00387686 0.999978 0.81309
0.999984 -0.000530783 -0.00550832 0.0118943 0.000514661 0.999997 -0.0029292 -0.00494752 0.00550993 0.00292682 0.99998 0.813349
0.999988 -0.00116513 -0.00488867 0.0124042 0.00115464 0.999996 -0.00214932 -0.00434192 0.0048911 0.00214314 0.999986 0.813465
0.999986 -0.00166985 -0.004774 0.0125153 0.00166777 0.999999 -0.000429254 -0.00286819 0.00477481 0.000421778 0.999988 0.81362
0.999991 -0.00205819 -0.00405015 0.013154 0.00205993 0.999997 0.000401113 -0.00216147 0.00404932 -0.000409998 0.999992 0.813739
0.99999 -0.00201342 -0.00369528 0.0135158 0.00201298 0.999999 -9.70295e-05 -0.00262482 0.00369546 9.0116e-05 0.999993 0.813957
0.999995 -0.00172192 -0.00315893 0.013994 0.00171791 0.999996 -0.00131655 -0.00370008 0.00316115 0.00131056 0.999995 0.814095
0.999994 -0.0012235 -0.00275464 0.0143346 0.00121724 0.999998 -0.00223695 -0.00453637 0.00275745 0.00223411 0.999993 0.814214
0.999999 -0.000823833 -0.00199605 0.015002 0.000819754 0.999996 -0.00210726 -0.00444968 0.00199766 0.00210512 0.999996 0.814403
0.999998 -0.000553569 -0.00130726 0.0156344 0.000550092 0.999997 -0.00260413 -0.00493674 0.0013088 0.00260392 0.999995 0.814803
1 -0.000542301 -0.000824074 0.0160694 0.000539818 0.999994 -0.00308328 -0.00538778 0.000825638 0.00308236 0.999995 0.814945
0.999999 -0.000386047 -0.000290876 0.0165277 0.000384808 0.999994 -0.00382929 -0.00607561 0.00029255 0.00382966 0.999992 0.815079
1 -0.000688694 -0.000606844 0.016376 0.000687846 0.999997 -0.00165426 -0.00423521 0.00060772 0.00165338 0.999999 0.815866
0.999998 -0.00122189 -0.000371248 0.0166169 0.00122219 1 0.00123651 -0.00172636 0.000370064 -0.00123651 0.999999 0.816445
1 -0.000883783 1.08753e-05 0.0169857 0.000884015 0.999999 6.11028e-05 -0.00289871 -1.13352e-05 -6.15599e-05 1 0.817174
0.999996 -0.00123787 0.00201186 0.0188081 0.00124421 0.999995 -0.00323345 -0.0059527 -0.00200749 0.00323644 0.999992 0.817766
1 -0.0012097 -0.000450093 0.0165031 0.00120826 0.999992 -0.00363264 -0.00639656 0.000454145 0.00363159 0.999994 0.818542
0.999999 -0.000801035 -0.000206352 0.0167206 0.000800508 0.999999 -0.0017905 -0.00490678 0.000208134 0.00179085 0.999998 0.81947
0.999998 -0.000323161 0.00218527 0.0188009 0.000316522 0.999994 0.00309883 -0.00056141 -0.00218676 -0.00309858 0.999993 0.820642
0.999987 -0.000648523 0.00489692 0.021306 0.000651057 1 -0.000548199 -0.00396397 -0.00489604 0.000551852 0.999987 0.821058
0.999983 -0.000875657 0.00595969 0.0223005 0.000883132 0.999998 -0.00122012 -0.0047463 -0.00595913 0.00122487 0.999982 0.821592
0.999992 -0.00174647 0.00323645 0.0199789 0.00173706 0.999996 0.00284435 -0.00111581 -0.00324098 -0.00283821 0.99999 0.822263
0.999998 -0.00198477 0.00135794 0.0183336 0.00198195 0.999994 0.00223572 -0.00175372 -0.00136268 -0.00223354 0.999997 0.822773
0.999996 -0.00201749 -0.00147315 0.0158669 0.00201891 0.999998 0.00111748 -0.00275551 0.00147121 -0.00111996 0.999998 0.82314
1 0.00134334 -0.000267789 0.0173192 -0.001343 0.999998 0.00035017 -0.00364204 0.000267949 -0.000350266 1 0.82489
0.999996 0.00130502 -0.00188545 0.015931 -0.00130356 1 0.000897709 -0.00316429 0.00188696 -0.000894794 0.999997 0.825341
0.999998 0.00114219 -0.00211981 0.0159107 -0.00114184 0.999998 7.67156e-05 -0.00391725 0.00211945 -7.47695e-05 0.999998 0.825909
0.999998 0.00125325 -0.000590818 0.0174966 -0.00125451 0.999999 -0.0018194 -0.00566461 0.000589014 0.00182064 0.999997 0.826405
1 0.00119071 -0.000477095 0.0177401 -0.0011919 0.999994 -0.00289562 -0.00663825 0.000473212 0.00289571 0.999996 0.826929
0.999998 0.000916115 -0.00107677 0.0173043 -0.000918446 0.999999 -0.00204333 -0.00586748 0.00107532 0.00204479 0.999997 0.827304
1 0.000464294 -0.00149068 0.0170146 -0.000464639 0.999999 -0.000295235 -0.00427657 0.0014901 0.000295461 1 0.827597
0.999999 0.000921276 -0.000319317 0.0182123 -0.000921152 1 0.000562838 -0.00351598 0.000320209 -0.00056206 0.999999 0.827888
1 0.000643572 -0.000708152 0.0179021 -0.000643815 0.999999 -0.000418843 -0.00439388 0.000707513 0.000418819 1 0.828107
0.999999 0.000522716 -0.000841594 0.0177566 -0.000524049 1 -0.00149662 -0.00535591 0.000841242 0.0014975 0.999998 0.828098
0.999999 -0.000446378 -0.00174846 0.0168796 0.000444867 0.999998 -0.000917305 -0.00479945 0.00174842 0.000916042 0.999999 0.828072
0.999997 -0.000292456 -0.00183833 0.0167171 0.000290251 1 -0.00114675 -0.00503315 0.00183915 0.00114669 0.999997 0.827979
1 -0.000247051 -0.0012486 0.0172211 0.000246054 0.999998 -0.000868984 -0.00480433 0.00124834 0.000868222 1 0.827947
0.999995 -0.000682332 -0.00292439 0.0157093 0.000682147 1 -2.40165e-05 -0.00404251 0.00292491 2.24893e-05 0.999995 0.828053
0.999995 -0.000697967 -0.00322933 0.0153992 0.000700397 0.999998 0.000710893 -0.00340226 0.00322838 -0.000713626 0.999995 0.828129
0.999987 -0.000573157 -0.00482009 0.0140296 0.000579774 1 0.00139197 -0.00284174 0.00481978 -0.00139425 0.999987 0.828392
0.999979 -0.000560699 -0.006575 0.0125994 0.000571757 0.999997 0.00166546 -0.00263032 0.0065736 -0.00166972 0.999978 0.828813
0.999974 -0.000302773 -0.00709259 0.0122505 0.000313342 1 0.00150569 -0.0027933 0.00709257 -0.00150734 0.999973 0.829196
0.999974 0.00024112 -0.00734067 0.0121842 -0.000235652 0.999999 0.000733884 -0.003521 0.00734047 -0.000732693 0.999973 0.82969
0.999975 0.000836002 -0.00686502 0.01271 -0.000838316 1 -0.000318619 -0.00449946 0.00686521 0.00032491 0.999976 0.83011
0.999985 0.000446038 -0.00565378 0.0138869 -0.000456462 0.999997 -0.00185122 -0.00587166 0.00565248 0.00185321 0.999983 0.830532
0.999988 -0.000313086 -0.00466719 0.0150728 0.000296242 0.999995 -0.00359641 -0.00743964 0.00466875 0.00359557 0.999982 0.831476
0.999983 -0.00205689 -0.0055989 0.0144611 0.00204672 0.999995 -0.00183686 -0.00583094 0.00560218 0.00182478 0.999983 0.832247
0.999978 -0.00429912 -0.00488186 0.0153341 0.00430768 0.99999 0.00176028 -0.00252234 0.00487463 -0.0017807 0.999986 0.833008
0.999986 -0.00454974 -0.00305908 0.0170126 0.00455955 0.999983 0.00319082 -0.00125327 0.00304405 -0.00320529 0.999991 0.833309
0.99999 -0.00373596 -0.00237227 0.0176044 0.00374059 0.999992 0.00196666 -0.00246022 0.00236545 -0.00197498 0.999995 0.83384
0.999992 -0.00331663 -0.00249221 0.0174334 0.00331553 0.999993 -0.000453655 -0.00472203 0.00249316 0.000444854 0.999997 0.834388
0.999993 -0.00221143 -0.00290511 0.0170721 0.00221445 0.999998 0.00103633 -0.00355599 0.00290338 -0.00104224 0.999995 0.835615
0.999995 -0.0023268 -0.00232816 0.017867 0.00233058 0.999995 0.00163776 -0.00311788 0.00232376 -0.00164371 0.999996 0.836765
0.999994 -0.00279788 -0.00168866 0.0184699 0.00279796 0.999997 1.1237e-05 -0.00459755 0.00168919 -1.54275e-05 0.999998 0.837137
0.999997 -0.00281851 6.58424e-05 0.0200762 0.00281852 0.999995 -0.000332286 -0.00489639 -6.5416e-05 0.000331912 1 0.837542
0.999997 -0.00214097 0.00029259 0.0201827 0.00214077 0.999999 0.000673317 -0.00399964 -0.000293461 -0.000672115 1 0.838281
1 -0.000988949 -0.000974299 0.0188741 0.000990135 0.999997 0.00123168 -0.00347182 0.000972488 -0.00123318 0.999999 0.839533
0.999999 0.000451651 0.000124875 0.0193273 -0.000451534 1 -0.000814666 -0.0053112 -0.000124686 0.000815169 1 0.842891
0.999997 0.000936002 -0.00241188 0.0170685 -0.000934813 0.999998 0.000492767 -0.00415493 0.0024118 -0.000491065 0.999997 0.843389
0.999989 0.00133776 -0.00435932 0.0153126 -0.00133069 0.999999 0.00161396 -0.00316528 0.00436193 -0.00160757 0.999989 0.843873
0.999985 0.00102464 -0.00542299 0.0143502 -0.00102142 0.999998 0.000622214 -0.00405486 0.00542317 -0.000617223 0.999985 0.84429
0.999987 0.000673799 -0.00499888 0.0147892 -0.000663455 0.999999 0.00203053 -0.0027258 0.00500075 -0.00202664 0.999986 0.84487
0.999986 0.000815077 -0.00541275 0.0145649 -0.000811553 0.999998 0.000691964 -0.00396194 0.00541277 -0.000688094 0.999985 0.845507
0.99999 -0.00156216 -0.00406347 0.0159508 0.00156608 1 0.000898761 -0.00360306 0.00406265 -0.000904615 0.999991 0.846851
0.99998 -0.0010566 -0.00640863 0.0139547 0.00105143 0.999997 -0.000764484 -0.00515822 0.00640889 0.000757266 0.999979 0.847461
0.999987 -0.00218795 -0.00441541 0.0169016 0.00218481 0.999999 -0.000785885 -0.00511214 0.00441773 0.000776678 0.99999 0.850387
0.999979 -0.00179402 -0.00633327 0.0152715 0.00179277 0.999997 -0.000158602 -0.00456811 0.00633294 0.000146784 0.99998 0.850923
0.999986 -0.00134643 -0.0050612 0.0167257 0.00134322 1 -0.000708304 -0.00510781 0.0050627 0.000701999 0.999987 0.852317
0.999982 -0.00118497 -0.00607416 0.0159822 0.00118822 0.999997 0.000584695 -0.00394727 0.0060729 -0.000592387 0.999981 0.853287
0.999974 -0.00262102 -0.00661567 0.0159615 0.00263104 0.999997 0.00145876 -0.00315417 0.00661235 -0.00147561 0.999977 0.854763
0.999982 -0.00348443 -0.00507387 0.0175049 0.00349569 0.99999 0.0022667 -0.00240235 0.00506538 -0.00228492 0.999984 0.855285
0.999967 -0.00416656 -0.00686849 0.0160193 0.00418433 0.999989 0.00254161 -0.00214347 0.00685828 -0.00256973 0.999973 0.856647
0.999973 -0.00483369 -0.00563775 0.01725 0.00483537 0.999987 0.000333786 -0.00419129 0.00563563 -0.000361586 0.999984 0.858858
0.999985 -0.00457819 -0.00271462 0.0199539 0.00457143 0.999988 -0.00260527 -0.00703443 0.00272701 0.00259339 0.999993 0.86014
0.999977 -0.00411886 -0.00557948 0.01741 0.00410708 0.999988 -0.0020662 -0.00648581 0.00558747 0.00204268 0.999982 0.860808
0.999987 -0.00425761 -0.002505 0.0203383 0.00426437 0.999989 0.00256994 -0.00202586 0.00249446 -0.00258003 0.999994 0.860866
0.999989 -0.00317075 -0.00354608 0.01954 0.00318602 0.999984 0.00441042 -0.000358442 0.00353172 -0.00442228 0.999984 0.861315
0.999984 -0.00260473 -0.0049 0.0184068 0.00261371 0.999997 0.00173542 -0.00279665 0.00489582 -0.00174759 0.999987 0.86185
0.999987 -0.00221611 -0.00464814 0.0187413 0.00220387 0.999993 -0.0025423 -0.00673242 0.00465338 0.00253137 0.999986 0.86216
0.99998 -0.00254313 -0.00564671 0.0178806 0.0025219 0.999991 -0.00384498 -0.00792404 0.00565688 0.00383137 0.999977 0.862481
