1 -0.000400968 -0.000455066 -0.000325387 0.000402062 0.999997 0.00242371 0.00191517 0.0004541 -0.00242389 0.999997 0.750259
0.999998 -0.00191069 -0.000823232 -0.000795564 0.00191362 0.999992 0.00357178 0.00453543 0.000816399 -0.00357335 0.999993 1.50091
0.999985 -0.00367936 -0.0041735 -0.00379062 0.0036983 0.999983 0.00454031 0.00779439 0.00415673 -0.00455567 0.999981 2.25205
0.999943 -0.00544696 -0.00922437 -0.0104134 0.00550534 0.999965 0.00631443 0.0123462 0.00918965 -0.00636485 0.999937 3.00376
0.999847 -0.00778188 -0.0156377 -0.0217218 0.00792923 0.999925 0.009383 0.0191996 0.0155635 -0.00950556 0.999834 3.75612
0.999721 -0.0121277 -0.020268 -0.0362604 0.0123629 0.999857 0.0115226 0.0275706 0.0201253 -0.01177 0.999728 4.50928
0.999456 -0.0189348 -0.0269983 -0.0556143 0.0192945 0.999728 0.0131249 0.0370227 0.0267424 -0.0136387 0.999549 5.26374
0.999019 -0.0260427 -0.0358022 -0.0814724 0.026603 0.99953 0.0152625 0.0480685 0.0353879 -0.0162 0.999242 6.01889
0.9986 -0.033762 -0.0407328 -0.110496 0.0344606 0.999269 0.0165699 0.0600571 0.0401436 -0.0179504 0.999033 6.77489
0.998157 -0.0402146 -0.0454367 -0.143038 0.0409521 0.999042 0.0154176 0.0708916 0.0447732 -0.0172499 0.998848 7.53113
0.997871 -0.0444276 -0.0477405 -0.177251 0.045179 0.99887 0.0147762 0.0812031 0.0470301 -0.0169016 0.998751 8.28777
0.997727 -0.0469365 -0.0483474 -0.211745 0.0477189 0.998746 0.0151566 0.0918695 0.0475754 -0.0174293 0.998715 9.04501
0.997615 -0.0480524 -0.0495511 -0.247165 0.0489846 0.998642 0.0177724 0.104792 0.0486298 -0.0201573 0.998614 9.80265
0.997322 -0.0494566 -0.0538645 -0.286087 0.0503858 0.998601 0.0160289 0.116115 0.0529964 -0.0187 0.998419 10.5605
0.996983 -0.0508205 -0.0586726 -0.328702 0.0518014 0.99854 0.0153184 0.126996 0.0578084 -0.0183115 0.99816 11.3185
0.996589 -0.0518341 -0.0642187 -0.375592 0.052925 0.99848 0.0154012 0.137978 0.0633228 -0.0187474 0.997817 12.0765
0.996268 -0.0526352 -0.0684138 -0.425622 0.0537872 0.998439 0.015105 0.148708 0.0675119 -0.0187284 0.997543 12.8347
0.995841 -0.0539227 -0.0734319 -0.479597 0.0550339 0.998397 0.013192 0.15789 0.0726029 -0.0171784 0.997213 13.5931
0.995315 -0.0548116 -0.0796493 -0.538385 0.0559547 0.998359 0.0121892 0.166355 0.0788505 -0.0165889 0.996749 14.3512
0.994531 -0.0560907 -0.0880966 -0.603806 0.0572658 0.9983 0.0108658 0.173763 0.0873374 -0.0158513 0.996053 15.1093
0.99358 -0.0572582 -0.0975764 -0.676634 0.0587165 0.998201 0.0121382 0.182299 0.0967059 -0.0177896 0.995155 15.8669
0.992393 -0.0591221 -0.107981 -0.757569 0.0607136 0.998089 0.0115073 0.190228 0.107094 -0.0179757 0.994086 16.6242
0.991025 -0.0615398 -0.118674 -0.846762 0.0631541 0.997955 0.00988639 0.196863 0.117823 -0.0172924 0.992885 17.3811
0.989609 -0.0647838 -0.128365 -0.943357 0.0662202 0.997781 0.00694948 0.201168 0.127629 -0.0153776 0.991703 18.1376
0.987696 -0.0676142 -0.141015 -1.04986 0.069087 0.997596 0.00556879 0.204522 0.1403 -0.0152426 0.989992 18.8933
0.985321 -0.0712489 -0.155132 -1.16735 0.0726829 0.997349 0.00358372 0.206316 0.154466 -0.0148065 0.987887 19.6486
0.982767 -0.0741349 -0.169334 -1.29578 0.0757927 0.997119 0.00333824 0.208017 0.168599 -0.016115 0.985554 20.4026
0.980421 -0.0768229 -0.18131 -1.43327 0.078673 0.996896 0.0030232 0.209473 0.180515 -0.0172282 0.983421 21.1553
0.978177 -0.0792468 -0.192069 -1.57902 0.081097 0.996705 0.00177806 0.209896 0.191295 -0.0173155 0.98138 21.9072
0.976038 -0.0819318 -0.201588 -1.73207 0.0835916 0.9965 -0.000280552 0.208674 0.200906 -0.0165772 0.97947 22.6581
0.974106 -0.0841405 -0.209855 -1.89157 0.0852531 0.996353 -0.00375538 0.204699 0.209406 -0.0142327 0.977726 23.4085
0.972044 -0.0855795 -0.218649 -2.05804 0.0857061 0.99628 -0.00892384 0.19665 0.2186 -0.0100652 0.975763 24.1583
0.969904 -0.0864161 -0.227638 -2.23148 0.0857561 0.996234 -0.0128076 0.185709 0.227888 -0.00709928 0.973662 24.9072
0.967895 -0.0869612 -0.235834 -2.41134 0.0861028 0.996189 -0.0139561 0.174099 0.236148 -0.00679791 0.971693 25.6552
0.966239 -0.0882958 -0.242048 -2.59594 0.0870076 0.996079 -0.0160277 0.16085 0.242514 -0.00557344 0.970132 26.4026
0.964264 -0.0894284 -0.249395 -2.7867 0.0878482 0.995981 -0.0174832 0.146579 0.249956 -0.00505042 0.968244 27.15
0.962967 -0.0903728 -0.254022 -2.98096 0.0882949 0.995902 -0.0195938 0.130646 0.254752 -0.00356065 0.967 27.8968
0.962376 -0.0910065 -0.256028 -3.17672 0.089117 0.99584 -0.0189979 0.115401 0.256692 -0.00453324 0.966483 28.6435
0.961902 -0.0915119 -0.257623 -3.37387 0.0896026 0.995793 -0.0191674 0.0999696 0.258293 -0.00464655 0.966056 29.3901
0.962584 -0.0919423 -0.254911 -3.56872 0.0896608 0.99576 -0.0205814 0.0833631 0.255723 -0.00304414 0.966746 30.1377
0.963565 -0.0918661 -0.251202 -3.76083 0.0895838 0.995768 -0.020531 0.0669192 0.252025 -0.00272062 0.967717 30.8863
0.964828 -0.0913613 -0.246497 -3.94937 0.0892941 0.995813 -0.019576 0.0512761 0.247253 -0.00312325 0.968946 31.6363
0.966763 -0.0912816 -0.238823 -4.13186 0.0891186 0.995823 -0.019863 0.0353186 0.239639 -0.00208073 0.97086 32.388
0.968719 -0.0914472 -0.230695 -4.30852 0.0890111 0.99581 -0.0209682 0.0184423 0.231646 -0.000222033 0.9728 33.1424
0.971439 -0.0920635 -0.218704 -4.4756 0.0895388 0.995753 -0.0214491 0.00120948 0.219749 0.001254 0.975556 33.8992
0.97455 -0.0933694 -0.203801 -4.63096 0.0909702 0.995629 -0.0211303 -0.0157613 0.204883 0.00205273 0.978784 34.6588
0.977582 -0.0944482 -0.188186 -4.77432 0.0926336 0.99553 -0.0184345 -0.0304895 0.189086 0.000588877 0.981961 35.421
0.980829 -0.0968015 -0.169127 -4.90271 0.0951676 0.995303 -0.0177604 -0.044868 0.170052 0.00132457 0.985434 36.1863
0.984193 -0.099947 -0.146199 -5.01314 0.0985478 0.994991 -0.0168001 -0.0585049 0.147146 0.00212697 0.989113 36.9548
0.987184 -0.103408 -0.121553 -5.10442 0.102017 0.994626 -0.0176285 -0.0729294 0.122722 0.00500225 0.992429 37.7264
0.989725 -0.106682 -0.095204 -5.17523 0.105671 0.994279 -0.0156166 -0.0856214 0.0963251 0.00539583 0.995336 38.5009
0.991599 -0.109954 -0.0681249 -5.22513 0.10941 0.993928 -0.0116757 -0.0951566 0.0689951 0.0041241 0.997609 39.278
0.992859 -0.112848 -0.0386804 -5.25207 0.112667 0.99361 -0.00683364 -0.100874 0.0392042 0.00242684 0.999229 40.0569
0.993279 -0.115549 -0.0067672 -5.25408 0.115518 0.993294 -0.00483652 -0.105308 0.00728068 0.00402233 0.999966 40.837
0.992636 -0.118241 0.0263223 -5.23037 0.118445 0.992941 -0.00629226 -0.111249 -0.0253927 0.00936366 0.999634 41.6175
0.990862 -0.120932 0.0597291 -5.18061 0.121678 0.992529 -0.00899784 -0.119434 -0.0581947 0.0161834 0.998174 42.3971
0.988054 -0.12388 0.0916635 -5.10595 0.125279 0.992075 -0.00964781 -0.128019 -0.089742 0.0210161 0.995744 43.1747
0.984236 -0.127221 0.122856 -5.00695 0.128927 0.991636 -0.00600006 -0.133532 -0.121065 0.021745 0.992406 43.9497
0.979238 -0.130851 0.154824 -4.88292 0.132316 0.991207 0.000845283 -0.133541 -0.153573 0.019658 0.987942 44.7212
0.972854 -0.134206 0.18853 -4.73252 0.135345 0.990775 0.00688463 -0.128894 -0.187715 0.0188188 0.982043 45.4879
0.965036 -0.135049 0.224648 -4.55378 0.137228 0.990522 0.00596024 -0.125421 -0.223324 0.0250762 0.974422 46.2489
0.955916 -0.134751 0.260898 -4.34671 0.138553 0.990348 0.00385508 -0.12368 -0.258899 0.0324629 0.965359 47.0026
0.945483 -0.134703 0.296508 -4.11184 0.139641 0.990192 0.00456384 -0.12124 -0.294214 0.0370896 0.95502 47.7483
0.933767 -0.136008 0.331032 -3.84999 0.140319 0.990046 0.0109625 -0.113481 -0.329227 0.0362137 0.943556 48.485
0.920813 -0.136971 0.365161 -3.56149 0.140967 0.989888 0.0158337 -0.10201 -0.363638 0.0368957 0.93081 49.2117
0.906555 -0.136672 0.399348 -3.24622 0.141551 0.989778 0.0174065 -0.0895144 -0.397645 0.0407482 0.916634 49.9274
0.89103 -0.136269 0.433009 -2.90463 0.141799 0.9897 0.0196717 -0.0752158 -0.43123 0.0438723 0.901175 50.6311
0.874489 -0.135825 0.46564 -2.53756 0.14164 0.989659 0.0226733 -0.0585306 -0.463904 0.0461255 0.884684 51.3218
0.856702 -0.135436 0.497713 -2.14539 0.141343 0.98962 0.0260004 -0.0392284 -0.496068 0.0480738 0.866953 51.9987
0.837703 -0.13281 0.529731 -1.72812 0.141021 0.989688 0.0251199 -0.0208601 -0.527605 0.0536602 0.847793 52.6606
0.817619 -0.128905 0.561144 -1.28627 0.141017 0.989765 0.021897 -0.00513004 -0.558223 0.0612277 0.827429 53.3066
0.796545 -0.124676 0.591584 -0.820567 0.140831 0.989852 0.018987 0.00834335 -0.587948 0.0681891 0.80602 53.9358
0.774259 -0.121732 0.621051 -0.331797 0.139417 0.990027 0.0202442 0.0229777 -0.617322 0.0709109 0.783509 54.5476
0.750961 -0.121396 0.649092 0.178981 0.136857 0.990226 0.0268616 0.0430664 -0.646009 0.0686606 0.760235 55.1412
0.727109 -0.121808 0.67563 0.710568 0.133551 0.99043 0.0348356 0.0694607 -0.673407 0.064902 0.736418 55.7163
0.701743 -0.121266 0.702033 1.26289 0.129762 0.99068 0.0414172 0.100935 -0.700513 0.0620332 0.710938 56.2714
0.675837 -0.118937 0.727392 1.83525 0.124491 0.991136 0.0463938 0.136207 -0.726462 0.0591995 0.684653 56.8062
0.649461 -0.116512 0.751415 2.42662 0.118876 0.991598 0.0510071 0.175054 -0.751045 0.0561985 0.657855 57.3201
0.6215 -0.114716 0.77497 3.03651 0.113137 0.991994 0.0561093 0.217928 -0.775202 0.0528063 0.629503 57.8119
0.593031 -0.113413 0.797152 3.66407 0.108156 0.992278 0.0607132 0.264386 -0.797883 0.0502122 0.600718 58.2811
0.564874 -0.112432 0.817482 4.30769 0.103351 0.992513 0.0650906 0.314267 -0.81868 0.0477195 0.572265 58.7284
0.53663 -0.112839 0.836239 4.96632 0.101151 0.992474 0.0690106 0.367199 -0.837733 0.0475531 0.544005 59.1535
0.506246 -0.114441 0.854763 5.63998 0.101818 0.992156 0.0725325 0.422889 -0.856358 0.050311 0.513927 59.5553
0.47652 -0.113202 0.871845 6.32723 0.102178 0.992086 0.0729674 0.478727 -0.873206 0.0543126 0.484316 59.9338
0.448392 -0.110465 0.886985 7.02662 0.102298 0.992156 0.0718491 0.533589 -0.887964 0.0585201 0.456175 60.2905
0.421688 -0.107995 0.900287 7.73659 0.103488 0.992126 0.0705392 0.587417 -0.900816 0.0634229 0.429544 60.6263
0.397044 -0.109619 0.91123 8.4553 0.104475 0.991787 0.0737873 0.644119 -0.911834 0.0659043 0.405235 60.9433
0.376414 -0.113343 0.919492 9.18081 0.105521 0.991274 0.078994 0.705056 -0.920423 0.0672915 0.38509 61.2446
0.358619 -0.117084 0.926112 9.91198 0.106413 0.990764 0.0840514 0.770003 -0.927399 0.0684082 0.367766 61.5328
0.344201 -0.115839 0.931722 10.6482 0.107036 0.990731 0.0836341 0.834218 -0.932775 0.0709406 0.35341 61.8097
0.331423 -0.112327 0.936772 11.3893 0.107568 0.990913 0.0807617 0.895956 -0.93733 0.0740008 0.340494 62.0769
0.320971 -0.107584 0.940958 12.1345 0.108363 0.991174 0.0763614 0.954016 -0.940869 0.0774554 0.329796 62.3356
0.312017 -0.105284 0.944226 12.883 0.10983 0.991176 0.0742261 1.01055 -0.943708 0.0805446 0.320826 62.5877
0.304478 -0.101985 0.947044 13.6341 0.11201 0.991186 0.0707268 1.06423 -0.945911 0.0845432 0.313217 62.8336
0.30033 -0.0980069 0.948787 14.3869 0.113893 0.991276 0.0663438 1.11436 -0.947012 0.0881356 0.308873 63.0766
0.298372 -0.0950449 0.949705 15.141 0.115647 0.991298 0.0628744 1.16178 -0.947418 0.0910703 0.306767 63.3179
0.299164 -0.0927012 0.949689 15.8962 0.116893 0.991335 0.0599436 1.20687 -0.947015 0.0930787 0.307407 63.5603
0.29874 -0.0897674 0.950103 16.6533 0.11827 0.991373 0.0564792 1.24917 -0.946978 0.095496 0.306779 63.8019
0.299428 -0.0864824 0.950192 17.4115 0.119612 0.99143 0.0525428 1.2882 -0.946592 0.0979219 0.307206 64.0442
0.2983 -0.084985 0.950681 18.1701 0.120959 0.991363 0.0506678 1.32583 -0.946777 0.0998791 0.306003 64.2853
0.296896 -0.0859482 0.951034 18.9293 0.122238 0.991169 0.0514147 1.36423 -0.947054 0.100987 0.30478 64.5258
0.294725 -0.0871799 0.951597 19.6893 0.122143 0.991097 0.0529693 1.40394 -0.947744 0.100619 0.30275 64.7646
0.293096 -0.0873071 0.952089 20.45 0.121588 0.991141 0.0534577 1.44403 -0.94832 0.100094 0.301115 65.0025
0.291185 -0.0855784 0.952831 21.2125 0.117752 0.991623 0.0530775 1.48397 -0.949393 0.0967425 0.298823 65.2387
0.289798 -0.0833055 0.953456 21.9758 0.113809 0.992137 0.0520933 1.52312 -0.950298 0.0934157 0.297 65.474
0.288992 -0.0791288 0.954055 22.7397 0.109904 0.99273 0.0490456 1.55967 -0.951002 0.0906807 0.295588 65.7079
0.289333 -0.0740509 0.954361 23.5043 0.106128 0.993339 0.0449005 1.59283 -0.951328 0.088293 0.295265 65.942
0.289775 -0.0709956 0.954458 24.2693 0.10302 0.993764 0.0426424 1.62435 -0.951534 0.0859714 0.295282 66.1759
0.29063 -0.0714014 0.954168 25.0347 0.100984 0.993932 0.0436183 1.6569 -0.951492 0.0836788 0.296076 66.4108
0.291026 -0.0739778 0.95385 25.8003 0.0992179 0.993963 0.0468168 1.69219 -0.951557 0.0810141 0.296609 66.6459
0.29137 -0.0749678 0.953669 26.5665 0.0975641 0.994056 0.0483342 1.72865 -0.951623 0.0789608 0.296951 66.8815
0.291605 -0.0740277 0.95367 27.3327 0.0960688 0.994225 0.0478007 1.76455 -0.951703 0.0776788 0.297033 67.117
0.291478 -0.0718402 0.953877 28.0996 0.0950971 0.994413 0.045834 1.79884 -0.951839 0.0773514 0.296681 67.3526
0.291439 -0.0691657 0.954085 28.8667 0.0944632 0.994587 0.0432468 1.83102 -0.951914 0.0775221 0.296395 67.5877
0.291211 -0.0680363 0.954237 29.6344 0.0936064 0.994709 0.0423552 1.86259 -0.952069 0.0769884 0.296039 67.8229
0.291213 -0.0683154 0.954216 30.4021 0.0924883 0.994784 0.0429938 1.89473 -0.952177 0.0757334 0.296013 68.0578
0.290522 -0.0676376 0.954475 31.1704 0.090897 0.99494 0.0428378 1.9267 -0.952542 0.0743137 0.295199 68.2925
0.290362 -0.0658842 0.954646 31.939 0.0890254 0.995159 0.0416025 1.95761 -0.952767 0.0729078 0.294822 68.5267
0.290476 -0.0644799 0.954708 32.7079 0.0868071 0.99539 0.0408158 1.9879 -0.952937 0.0710194 0.294734 68.7613
0.290295 -0.0637203 0.954813 33.4768 0.0844094 0.995595 0.0407788 2.01818 -0.953207 0.0687572 0.294395 68.9953
0.289263 -0.0676004 0.95486 34.2461 0.0823831 0.995561 0.0455248 2.05262 -0.953699 0.0654958 0.293548 69.2291
0.288412 -0.0752049 0.954548 35.0151 0.0815714 0.995215 0.0537626 2.09399 -0.954026 0.0623579 0.293167 69.4623
0.286693 -0.0809706 0.954595 35.7845 0.0816282 0.994864 0.0598708 2.14019 -0.954539 0.0607574 0.29183 69.6948
0.285608 -0.0812646 0.954895 36.554 0.0827691 0.994766 0.0599017 2.18601 -0.954766 0.0619273 0.290839 69.9262
0.284872 -0.0785598 0.955342 37.3243 0.0844202 0.99482 0.056633 2.22902 -0.954842 0.0645171 0.290028 70.1575
0.283984 -0.0748136 0.955906 38.095 0.0862889 0.994899 0.0522306 2.26842 -0.954939 0.0676513 0.288991 70.3876
0.282727 -0.0713672 0.956543 38.8665 0.0879047 0.99496 0.0482513 2.30464 -0.955165 0.0704427 0.287575 70.6171
0.281488 -0.0726879 0.956808 39.6382 0.0890104 0.994804 0.0493883 2.34213 -0.955428 0.0712634 0.286496 70.8454
0.280472 -0.0757394 0.95687 40.4103 0.0896131 0.994595 0.0524586 2.38222 -0.955671 0.0710349 0.285743 71.0737
0.278301 -0.0764622 0.957445 41.1827 0.0885376 0.994623 0.0536961 2.42306 -0.956405 0.069826 0.283575 71.2998
0.276104 -0.0736897 0.9583 41.956 0.0856383 0.994978 0.0518361 2.46207 -0.957306 0.067755 0.281028 71.5243
0.274079 -0.0688471 0.959239 42.7299 0.0814871 0.995509 0.0481674 2.49795 -0.958249 0.0649638 0.278459 71.7464
0.273341 -0.0647997 0.959733 43.5046 0.0775904 0.995964 0.0451473 2.5314 -0.958783 0.0621255 0.277266 71.9681
0.272231 -0.0646081 0.96006 44.2795 0.0749038 0.996137 0.0457966 2.56568 -0.959313 0.0594448 0.276019 72.1884
0.271103 -0.0696329 0.960029 45.0547 0.0735322 0.995965 0.0514745 2.60495 -0.959738 0.0566382 0.275129 72.4084
0.269617 -0.0698056 0.960434 45.83 0.0706656 0.996113 0.0525614 2.64465 -0.960372 0.053698 0.273502 72.6266
0.268279 -0.0656796 0.961101 46.6063 0.0663121 0.996567 0.049593 2.68156 -0.961057 0.0504279 0.271713 72.8438
0.266131 -0.0624955 0.961908 47.3831 0.062147 0.996931 0.0475768 2.71691 -0.961932 0.0471179 0.269199 73.0586
0.264228 -0.0623466 0.962444 48.1609 0.0586377 0.997102 0.0484933 2.75324 -0.962677 0.0436223 0.267118 73.2722
0.262738 -0.0646304 0.9627 48.9388 0.0557041 0.997105 0.0517376 2.79234 -0.963258 0.0400328 0.265578 73.4842
0.262649 -0.065726 0.962651 49.7175 0.0534666 0.997137 0.0534927 2.83279 -0.96341 0.03742 0.265411 73.6968
0.264208 -0.0661992 0.962191 50.496 0.0523937 0.997153 0.0542178 2.8738 -0.963042 0.0360878 0.266925 73.9104
0.267578 -0.0680877 0.961128 51.2748 0.0536787 0.997006 0.055685 2.91619 -0.962041 0.036692 0.270432 74.1276
0.269217 -0.0695299 0.960566 52.0534 0.0548113 0.996879 0.0567965 2.95947 -0.961519 0.0373592 0.272188 74.3458
0.270342 -0.0697449 0.960236 52.8324 0.0560555 0.996822 0.0566205 3.00256 -0.961132 0.0385196 0.273392 74.5655
0.271836 -0.0719721 0.959648 53.611 0.0572621 0.996641 0.0585262 3.04732 -0.960639 0.0390418 0.275045 74.7863
0.273129 -0.0726815 0.959229 54.3902 0.0574042 0.996597 0.0591677 3.09245 -0.960264 0.0389034 0.276371 75.0088
0.273038 -0.073752 0.959172 55.1695 0.0574498 0.996526 0.0602706 3.13848 -0.960287 0.038648 0.276327 75.2308
0.275286 -0.0738692 0.958521 55.9493 0.0572118 0.996536 0.0603677 3.18459 -0.95966 0.0382204 0.278558 75.4556
0.276011 -0.0727846 0.958395 56.7295 0.0576323 0.996587 0.0590875 3.22965 -0.959426 0.0389256 0.279264 75.6808
0.277372 -0.074873 0.957842 57.5104 0.0577884 0.996455 0.0611569 3.27683 -0.959024 0.0383889 0.280715 75.9082
0.280825 -0.0778151 0.956599 58.2904 0.057704 0.996273 0.0641026 3.32657 -0.958023 0.0371978 0.284269 76.1385
0.283075 -0.0789308 0.955846 59.0705 0.0572529 0.996222 0.0653094 3.37728 -0.957389 0.0362375 0.286524 76.3712
0.284223 -0.0797299 0.955438 59.8504 0.0566371 0.996191 0.0662825 3.42879 -0.957085 0.0352741 0.287656 76.6047
0.284723 -0.0816633 0.955126 60.6311 0.0555745 0.996096 0.0685994 3.48235 -0.956999 0.0335488 0.28815 76.8393
0.285051 -0.081973 0.955001 61.4121 0.0542488 0.996118 0.0693102 3.53644 -0.956977 0.0320506 0.288391 77.074
0.286718 -0.0831869 0.954398 62.1937 0.052602 0.996088 0.0710181 3.59213 -0.956571 0.0298411 0.289972 77.3109
0.289618 -0.0844594 0.953409 62.9754 0.0513026 0.996036 0.0726515 3.64931 -0.955767 0.0278711 0.292803 77.5502
0.291321 -0.0870805 0.952655 63.7573 0.0497395 0.995881 0.0758214 3.70937 -0.955333 0.0252962 0.294452 77.7914
0.290611 -0.0903228 0.952569 64.5392 0.0478231 0.995661 0.079819 3.77276 -0.955646 0.0223584 0.29367 78.0317
0.289397 -0.0909915 0.952876 65.3221 0.0462887 0.995639 0.0810167 3.83703 -0.956091 0.0206614 0.292346 78.2715
0.288331 -0.0856424 0.953693 66.1059 0.0450105 0.996102 0.0758429 3.89668 -0.956473 0.0210582 0.291062 78.5101
0.286559 -0.0828166 0.954478 66.8911 0.0443053 0.996338 0.073147 3.95435 -0.957039 0.0213276 0.289178 78.7477
0.284188 -0.0861892 0.954887 67.677 0.0446196 0.99606 0.0766263 4.01537 -0.95773 0.0208303 0.286914 78.9832
0.277214 -0.0885027 0.956725 68.4653 0.0443353 0.995868 0.0792773 4.07855 -0.959786 0.0204399 0.279992 79.2134
0.266748 -0.0873364 0.959801 69.2561 0.042394 0.995984 0.0788468 4.14115 -0.962834 0.0196574 0.26938 79.4343
0.253581 -0.0884335 0.963265 70.0507 0.0403312 0.995914 0.0808137 4.20568 -0.966474 0.0183568 0.256111 79.6449
0.239693 -0.0914679 0.96653 70.8484 0.0379649 0.995672 0.0848109 4.27377 -0.970107 0.0163655 0.242129 79.8439
0.226387 -0.0929069 0.969598 71.6494 0.0348009 0.995578 0.0872708 4.34394 -0.973417 0.013986 0.228619 80.0324
0.211872 -0.0909804 0.973053 72.4531 0.0314433 0.995775 0.0862586 4.4131 -0.976792 0.0123201 0.213838 80.2083
0.197138 -0.0867989 0.976527 73.2603 0.0280441 0.996166 0.0828831 4.47938 -0.979976 0.0110464 0.198816 80.3723
0.181682 -0.0866436 0.979533 74.0701 0.0240252 0.996203 0.0836621 4.54655 -0.983064 0.00833344 0.183074 80.523
0.166406 -0.0896418 0.981975 74.8828 0.0194764 0.995965 0.0876184 4.61725 -0.985866 0.00454512 0.16748 80.6614
0.151467 -0.0915402 0.984214 75.6975 0.0146782 0.9958 0.0903589 4.69018 -0.988354 0.000759957 0.152175 80.787
0.135434 -0.0902708 0.986667 76.5151 0.0100886 0.995916 0.0897323 4.76243 -0.990736 -0.00219873 0.135791 80.8996
0.119963 -0.0877647 0.988891 77.3346 0.00601613 0.99613 0.0876774 4.8329 -0.992761 -0.00456883 0.120026 80.9988
0.106145 -0.0851959 0.990695 78.1563 0.00229995 0.996343 0.0854352 4.90156 -0.994349 -0.00678999 0.105953 81.087
0.0938572 -0.084448 0.991998 78.979 -0.000683799 0.996389 0.0848867 4.96989 -0.995586 -0.00864565 0.0934604 81.1645
0.082098 -0.0850513 0.99299 79.8032 -0.00338267 0.996324 0.0856165 5.03895 -0.99662 -0.0103879 0.0815081 81.2326
0.0707183 -0.0852082 0.99385 80.6282 -0.00607043 0.996289 0.0858493 5.1082 -0.997479 -0.0121043 0.0699384 81.2907
0.0589198 -0.0835152 0.994764 81.4548 -0.00878964 0.996414 0.0841743 5.17598 -0.998225 -0.0137032 0.0579741 81.3392
0.0461944 -0.0813775 0.995612 82.2821 -0.0114051 0.996567 0.0819849 5.24192 -0.998868 -0.0151424 0.0451074 81.3766
0.0324225 -0.0789214 0.996355 83.1108 -0.0136501 0.996751 0.079397 5.30573 -0.999382 -0.0161746 0.0312395 81.4028
0.0196557 -0.0758366 0.996927 83.9405 -0.0149638 0.996984 0.0761361 5.36685 -0.999696 -0.0164144 0.0184613 81.4181
0.00678259 -0.0711484 0.997444 84.7716 -0.0156797 0.997337 0.0712475 5.42386 -0.999855 -0.0161228 0.0056486 81.4231
-0.00790499 -0.0679346 0.997658 85.6029 -0.0161017 0.997568 0.0678009 5.47809 -0.99984 -0.0155281 -0.00897996 81.4155
-0.022861 -0.068593 0.997384 86.4348 -0.0172133 0.997524 0.0682081 5.53296 -0.999591 -0.015609 -0.0239854 81.3959
-0.0395102 -0.0709508 0.996697 87.2661 -0.0189095 0.997349 0.0702478 5.58964 -0.999041 -0.0160717 -0.0407475 81.3618
-0.0559222 -0.0706689 0.995932 88.0979 -0.0204742 0.997365 0.0696209 5.64569 -0.998226 -0.0164976 -0.057222 81.3146
-0.0726462 -0.0717202 0.994776 88.9293 -0.02347 0.997256 0.0701853 5.70233 -0.997082 -0.0182488 -0.0741306 81.2528
-0.0895182 -0.071584 0.99341 89.7606 -0.026519 0.997233 0.0694698 5.75837 -0.995633 -0.0201255 -0.0911691 81.1772
-0.106198 -0.0704435 0.991846 90.5909 -0.0295729 0.997268 0.0676623 5.81286 -0.993906 -0.0221463 -0.107992 81.087
-0.122279 -0.0704204 0.989995 91.4209 -0.032834 0.997222 0.066879 5.86689 -0.991954 -0.0243277 -0.124251 80.9838
-0.137572 -0.0724729 0.987837 92.2491 -0.0358308 0.997029 0.0681575 5.92217 -0.989844 -0.0260185 -0.139761 80.867
-0.152488 -0.0770978 0.985294 93.0764 -0.0384283 0.996662 0.07204 5.98103 -0.987559 -0.026878 -0.154942 80.738
-0.169264 -0.079446 0.982364 93.9016 -0.0418214 0.996426 0.0733774 6.04092 -0.984684 -0.0286638 -0.171982 80.594
-0.184037 -0.0826225 0.979442 94.7265 -0.0469157 0.996065 0.0752094 6.10288 -0.9818 -0.03211 -0.187189 80.438
-0.198188 -0.0818376 0.976742 95.549 -0.0518074 0.995989 0.0729383 6.16267 -0.978795 -0.036147 -0.201633 80.2694
-0.21298 -0.0803556 0.973748 96.37 -0.0562869 0.995968 0.069878 6.21991 -0.975435 -0.0399267 -0.216645 80.0884
-0.229121 -0.0814313 0.969986 97.1875 -0.0606731 0.99575 0.0692628 6.27676 -0.971506 -0.0429826 -0.233088 79.8929
-0.245813 -0.0855879 0.965532 98.0021 -0.0651938 0.9953 0.071629 6.33585 -0.967123 -0.0453394 -0.250238 79.6834
-0.263627 -0.087208 0.960675 98.8124 -0.0695115 0.995032 0.0712518 6.39443 -0.962118 -0.0479942 -0.26838 79.458
-0.280869 -0.0892942 0.955584 99.6193 -0.0738113 0.994725 0.0712568 6.45314 -0.956905 -0.0505192 -0.285978 79.2182
-0.30112 -0.0906146 0.949271 100.421 -0.0782128 0.994466 0.070119 6.51077 -0.950374 -0.053131 -0.306542 78.9601
-0.322346 -0.0930662 0.942037 101.217 -0.0820837 0.994156 0.0701279 6.56854 -0.943057 -0.0547206 -0.328101 78.6841
-0.340737 -0.0916213 0.935684 102.007 -0.0847805 0.994178 0.0664757 6.62295 -0.936329 -0.0566771 -0.346522 78.3922
-0.358752 -0.0936396 0.928725 102.793 -0.0870425 0.993978 0.0665955 6.67776 -0.929366 -0.0569474 -0.364743 78.0851
-0.376606 -0.0963629 0.921348 103.573 -0.0886683 0.993757 0.0676926 6.73354 -0.922121 -0.056201 -0.3828 77.7619
-0.396338 -0.0973651 0.912928 104.346 -0.0908858 0.993639 0.0665158 6.78823 -0.913596 -0.0566096 -0.402666 77.422
-0.416057 -0.0968466 0.904167 105.112 -0.0927008 0.993648 0.0637745 6.84045 -0.904602 -0.0572832 -0.422393 77.0646
-0.434562 -0.098524 0.895238 105.872 -0.0935401 0.993562 0.0639391 6.89301 -0.895772 -0.0559553 -0.44098 76.6916
-0.450769 -0.102608 0.886724 106.624 -0.0934373 0.993337 0.0674454 6.94871 -0.887738 -0.0524509 -0.457353 76.3037
-0.464016 -0.103942 0.879708 107.372 -0.0927343 0.993337 0.0684535 7.00516 -0.88096 -0.0498158 -0.470563 75.9043
-0.47361 -0.103428 0.874641 108.117 -0.090428 0.993541 0.0685229 7.06165 -0.876081 -0.0466391 -0.479905 75.4951
-0.481358 -0.101077 0.870678 108.861 -0.0880606 0.993881 0.0666955 7.11652 -0.87209 -0.0445682 -0.487313 75.0785
-0.493793 -0.100644 0.863736 109.599 -0.0859689 0.994062 0.066682 7.17141 -0.86532 -0.0413274 -0.499514 74.6502
-0.506998 -0.100229 0.856101 110.331 -0.0843623 0.994219 0.066438 7.22608 -0.857809 -0.0385389 -0.512523 74.211
-0.519848 -0.100442 0.848333 111.056 -0.0832459 0.994292 0.0667116 7.28094 -0.850194 -0.0359405 -0.525243 73.7602
-0.533269 -0.101215 0.839869 111.775 -0.0824338 0.994311 0.0674865 7.33654 -0.84192 -0.0332453 -0.538579 73.2984
-0.546308 -0.104228 0.831074 112.485 -0.0824024 0.9941 0.070507 7.39476 -0.833522 -0.0299641 -0.551675 72.8248
-0.558378 -0.107427 0.822602 113.19 -0.082391 0.993861 0.0738655 7.45592 -0.825486 -0.0265302 -0.563801 72.3413
-0.570276 -0.109717 0.814093 113.886 -0.0819678 0.993693 0.0765029 7.51923 -0.817354 -0.0231018 -0.575673 71.8468
-0.581682 -0.108379 0.806165 114.577 -0.0803944 0.993893 0.0756088 7.58164 -0.809435 -0.020831 -0.586842 71.3432
-0.591403 -0.105121 0.799495 115.262 -0.0780465 0.994272 0.0729983 7.64165 -0.802591 -0.0192265 -0.596221 70.831
-0.602083 -0.101234 0.791991 115.942 -0.0744736 0.994727 0.0705317 7.69955 -0.794954 -0.0165166 -0.606447 70.3098
-0.610324 -0.100473 0.785754 116.617 -0.0719129 0.994854 0.0713534 7.75831 -0.788882 -0.0129573 -0.61441 69.7811
-0.617242 -0.103231 0.779972 117.288 -0.070704 0.994623 0.0756884 7.82105 -0.783591 -0.00842907 -0.621222 69.2467
-0.623664 -0.10498 0.774611 117.954 -0.070331 0.994456 0.0781492 7.88566 -0.778523 -0.00574042 -0.627591 68.7057
-0.629988 -0.104965 0.76948 118.617 -0.071036 0.99446 0.0774958 7.94942 -0.773351 -0.00583942 -0.633954 68.1589
-0.636336 -0.103281 0.764467 119.276 -0.0731503 0.994608 0.073484 8.00919 -0.767936 -0.0091605 -0.640462 67.605
-0.643255 -0.100976 0.758966 119.931 -0.0756209 0.994799 0.0682602 8.06432 -0.76191 -0.0134851 -0.647545 67.0447
-0.64695 -0.0996947 0.755987 120.583 -0.0789088 0.994845 0.0636664 8.11539 -0.758438 -0.0184651 -0.651484 66.48
-0.648043 -0.0984498 0.755215 121.237 -0.0827453 0.994843 0.0586847 8.16197 -0.757097 -0.0244604 -0.652847 65.9129
-0.647778 -0.0984235 0.755445 121.891 -0.0862856 0.994716 0.0556093 8.20593 -0.756927 -0.0291616 -0.652848 65.3438
-0.647432 -0.0964253 0.756 122.549 -0.088409 0.994771 0.051167 8.24605 -0.75698 -0.0337102 -0.652571 64.7744
-0.650319 -0.0962108 0.753544 123.203 -0.0910685 0.994666 0.0484037 8.28371 -0.754183 -0.0371463 -0.655614 64.2005
-0.6527 -0.0960509 0.751505 123.857 -0.093543 0.99456 0.0458717 8.31922 -0.751821 -0.0403576 -0.658134 63.6248
-0.653637 -0.0968177 0.75059 124.509 -0.096324 0.994359 0.0443796 8.35339 -0.750654 -0.0432917 -0.659277 63.0474
-0.654038 -0.099479 0.749894 125.162 -0.0997945 0.994 0.0448232 8.38811 -0.749852 -0.0455194 -0.66004 62.4699
-0.653906 -0.103059 0.749524 125.814 -0.103409 0.993555 0.0463974 8.42418 -0.749476 -0.0471677 -0.66035 61.8915
-0.652016 -0.107248 0.750583 126.469 -0.107124 0.993047 0.0488365 8.46248 -0.750601 -0.0485634 -0.658971 61.3149
-0.649838 -0.109181 0.75219 127.124 -0.109754 0.992735 0.0492775 8.50098 -0.752107 -0.0505333 -0.657101 60.7395
-0.646529 -0.109911 0.754931 127.782 -0.111734 0.99254 0.048815 8.53907 -0.754664 -0.0527912 -0.653987 60.1672
-0.642267 -0.108897 0.758706 128.443 -0.112783 0.992507 0.0469809 8.57541 -0.758139 -0.0553949 -0.649737 59.5982
-0.638118 -0.10917 0.762161 129.108 -0.114366 0.992356 0.0463897 8.61136 -0.761398 -0.057563 -0.645726 59.033
-0.633658 -0.107653 0.766087 129.776 -0.115142 0.992363 0.0442124 8.64523 -0.764997 -0.0601929 -0.641215 58.4713
-0.628558 -0.105053 0.770637 130.45 -0.115274 0.992477 0.0412728 8.67657 -0.769174 -0.0628923 -0.635939 57.9147
-0.622594 -0.103725 0.775641 131.126 -0.115772 0.992477 0.0397941 8.70666 -0.773935 -0.0650222 -0.629919 57.3628
-0.615213 -0.104605 0.781391 131.81 -0.116862 0.99231 0.040832 8.73789 -0.779652 -0.0661944 -0.622706 56.8178
-0.606744 -0.103028 0.788193 132.498 -0.116549 0.992378 0.04 8.7682 -0.786307 -0.0675934 -0.614127 56.2797
-0.597701 -0.102418 0.795151 133.194 -0.116045 0.992415 0.0405973 8.79922 -0.793277 -0.0680088 -0.605053 55.7498
-0.588715 -0.100899 0.802019 133.904 -0.107807 0.993115 0.0458052 8.83527 -0.80112 -0.0594972 -0.59554 55.2232
-0.578419 -0.0998005 0.809612 134.623 -0.0997792 0.993692 0.0512056 8.87619 -0.809615 -0.0511643 -0.584729 54.7066
-0.568581 -0.0977269 0.816802 135.347 -0.0913888 0.994275 0.0553447 8.92066 -0.817536 -0.0431787 -0.574257 54.1985
-0.556342 -0.0956461 0.825432 136.08 -0.0827821 0.994793 0.0594754 8.96891 -0.826821 -0.0352425 -0.561363 53.702
-0.539898 -0.0934434 0.836527 136.823 -0.0734982 0.995255 0.063738 9.0209 -0.838516 -0.0270713 -0.544205 53.22
-0.520353 -0.0920204 0.84898 137.58 -0.063557 0.995595 0.0689567 9.07778 -0.851584 -0.0180769 -0.523909 52.7554
-0.499452 -0.0934012 0.861292 138.348 -0.0535316 0.995597 0.0769236 9.14202 -0.864687 -0.00768682 -0.502254 52.3091
-0.482229 -0.0936656 0.871025 139.125 -0.0428983 0.995601 0.0833119 9.21193 -0.874995 0.00280988 -0.484126 51.8791
-0.465583 -0.092815 0.880124 139.91 -0.0317328 0.995595 0.0882059 9.28604 -0.884436 0.0131382 -0.466478 51.4644
-0.449901 -0.0922995 0.888297 140.704 -0.0206527 0.995456 0.0929739 9.36451 -0.892841 0.0234833 -0.449763 51.0647
-0.432217 -0.0935583 0.896903 141.504 -0.00964725 0.995025 0.0991448 9.44866 -0.901718 0.0341993 -0.43097 50.6814
-0.408777 -0.0883835 0.908346 142.316 0.000113762 0.995296 0.0968951 9.53 -0.912636 0.0397117 -0.406844 50.3207
-0.390653 -0.0827902 0.916807 143.135 0.00864364 0.995572 0.0935861 9.60821 -0.920498 0.0444841 -0.388209 49.9748
-0.375981 -0.0790569 0.92325 143.961 0.0171946 0.995589 0.0922534 9.68547 -0.926469 0.0505603 -0.372963 49.6423
-0.358419 -0.0766386 0.930409 144.792 0.0253683 0.995455 0.0917691 9.76231 -0.933217 0.0564946 -0.354847 49.3254
-0.338105 -0.0698715 0.938512 145.632 0.029914 0.99594 0.0849235 9.8321 -0.940634 0.0567875 -0.334642 49.0268
-0.314615 -0.06507 0.946986 146.479 0.0338095 0.996245 0.0796873 9.89732 -0.948617 0.0570879 -0.311234 48.7486
-0.290601 -0.0637318 0.954721 147.335 0.0363706 0.996324 0.0775795 9.96094 -0.956154 0.0572683 -0.287215 48.4927
-0.27078 -0.0622145 0.960628 148.194 0.038253 0.996424 0.0753155 10.0224 -0.961881 0.0571407 -0.267432 48.2534
-0.250308 -0.0628492 0.966125 149.06 0.0403467 0.996349 0.0752684 10.0841 -0.967327 0.0578201 -0.246859 48.0329
-0.22985 -0.0642349 0.971104 149.93 0.043695 0.99613 0.0762326 10.1467 -0.972245 0.0599543 -0.226155 47.83
-0.208322 -0.0654449 0.975869 150.805 0.0473745 0.995915 0.0769023 10.2101 -0.976914 0.0622516 -0.204371 47.6468
-0.188037 -0.066995 0.979874 151.684 0.0510481 0.995654 0.0778701 10.2744 -0.980835 0.064663 -0.1838 47.4808
-0.169747 -0.0694403 0.983039 152.568 0.0557031 0.995246 0.079921 10.3409 -0.983914 0.0683245 -0.165072 47.3314
-0.154516 -0.0799272 0.984752 153.452 0.062778 0.993912 0.0905213 10.4179 -0.985994 0.0758075 -0.148558 47.1957
-0.128017 -0.0844044 0.988175 154.34 0.0706051 0.993071 0.0939692 10.4975 -0.989257 0.0817997 -0.12117 47.0861
-0.105915 -0.0838453 0.990833 155.23 0.0768653 0.992765 0.0922254 10.5748 -0.9914 0.0859286 -0.0987038 46.9955
-0.0824522 -0.082106 0.993208 156.124 0.082645 0.992607 0.0889171 10.6491 -0.993164 0.089415 -0.0750572 46.9264
-0.0506775 -0.0838516 0.995188 157.019 0.0907013 0.991963 0.0881987 10.7232 -0.994588 0.0947344 -0.0426649 46.8867
-0.0257018 -0.0857091 0.99599 157.917 0.0977949 0.991326 0.0878312 10.7971 -0.994876 0.09966 -0.0170973 46.8694
-0.0030386 -0.0874268 0.996166 158.813 0.104309 0.990707 0.0872661 10.8705 -0.994541 0.104174 0.00610904 46.8718
0.0168493 -0.0894222 0.995853 159.712 0.110597 0.99005 0.0870298 10.9439 -0.993724 0.108671 0.026571 46.8924
0.0378777 -0.0911592 0.995115 160.608 0.116881 0.989397 0.0861867 11.0163 -0.992424 0.113045 0.0481309 46.9319
0.0627199 -0.0923366 0.993752 161.503 0.123182 0.988816 0.0841034 11.0868 -0.990402 0.117137 0.0733922 46.9952
0.0902892 -0.0931324 0.991551 162.395 0.129402 0.988273 0.0810416 11.1543 -0.987474 0.120991 0.101282 47.0834
0.117308 -0.0939724 0.988641 163.287 0.135186 0.98776 0.0778479 11.2192 -0.983853 0.124518 0.128575 47.1962
0.146341 -0.0958916 0.984575 164.173 0.141105 0.987135 0.0751682 11.2815 -0.979119 0.127928 0.15799 47.3354
0.175527 -0.0993048 0.979455 165.057 0.147401 0.986338 0.0735868 11.3427 -0.973379 0.131456 0.187766 47.5019
0.202806 -0.103296 0.973755 165.935 0.153789 0.985438 0.0725062 11.403 -0.967068 0.135047 0.215739 47.693
0.228222 -0.105417 0.967887 166.811 0.159637 0.984721 0.0696085 11.4606 -0.960434 0.138625 0.241563 47.9076
0.251259 -0.109645 0.961689 167.68 0.165992 0.983723 0.0687891 11.5178 -0.953581 0.142349 0.26537 48.1429
0.276519 -0.11225 0.954432 168.545 0.172126 0.982882 0.0657271 11.5724 -0.94547 0.146108 0.291106 48.4019
0.297602 -0.117361 0.947448 169.403 0.178939 0.981682 0.065396 11.627 -0.937771 0.150073 0.313151 48.6801
0.320287 -0.119158 0.939798 170.257 0.184864 0.980849 0.0613603 11.6776 -0.92911 0.154082 0.33618 48.9798
0.341227 -0.122606 0.93195 171.106 0.191349 0.979755 0.0588342 11.7264 -0.920299 0.158252 0.35778 49.2979
0.363332 -0.123556 0.923432 171.949 0.196603 0.979017 0.0536382 11.7703 -0.910681 0.162061 0.379999 49.6368
0.387682 -0.12272 0.913587 172.784 0.200371 0.978617 0.0464281 11.8074 -0.899753 0.165057 0.403983 49.9975
0.409484 -0.123774 0.903883 173.613 0.204002 0.978092 0.0415167 11.8405 -0.889219 0.167394 0.425763 50.3785
0.427453 -0.125402 0.895297 174.44 0.207288 0.977541 0.0379537 11.8709 -0.879953 0.169361 0.443848 50.7752
0.441836 -0.127863 0.887939 175.277 0.212016 0.976637 0.0351365 11.9 -0.871685 0.172733 0.458621 51.1837
0.461895 -0.130633 0.877261 176.103 0.216438 0.975791 0.0313473 11.9256 -0.860122 0.175393 0.478988 51.6114
0.483717 -0.135636 0.864652 176.92 0.221126 0.97481 0.0292099 11.9496 -0.846832 0.177068 0.501524 52.0611
0.504703 -0.138621 0.85209 177.724 0.225945 0.973827 0.0245969 11.9693 -0.833202 0.180111 0.522816 52.5304
0.523601 -0.140654 0.840274 178.521 0.231001 0.972773 0.0188888 11.9838 -0.820052 0.184214 0.541835 53.018
0.54483 -0.141881 0.826455 179.304 0.235019 0.971915 0.0119203 11.9916 -0.804939 0.187738 0.562875 53.5252
0.567537 -0.143016 0.810833 180.075 0.237372 0.971408 0.00519049 11.9932 -0.788391 0.189524 0.585256 54.0544
0.590403 -0.146064 0.793781 180.829 0.239425 0.970912 0.000577264 11.9905 -0.77078 0.18971 0.608202 54.6053
0.612756 -0.147867 0.776316 181.57 0.241759 0.97032 -0.00600415 11.9818 -0.752387 0.191361 0.630317 55.1783
0.632265 -0.149746 0.760142 182.295 0.243519 0.969826 -0.0114978 11.9679 -0.735487 0.192378 0.649655 55.7694
0.64963 -0.152051 0.744891 183.008 0.245131 0.969362 -0.0159114 11.95 -0.719649 0.192933 0.666998 56.3777
0.665618 -0.155237 0.729967 183.706 0.246634 0.968923 -0.0188377 11.9294 -0.704361 0.192574 0.683222 57.0011
0.680464 -0.160705 0.714943 184.395 0.250336 0.96794 -0.0206897 11.9074 -0.688697 0.193055 0.698878 57.6423
0.694864 -0.165286 0.699888 185.069 0.253691 0.966997 -0.0235025 11.8827 -0.672908 0.193886 0.713866 58.2977
0.708696 -0.168743 0.685039 185.731 0.256978 0.966017 -0.0278979 11.854 -0.65705 0.195811 0.727974 58.9676
0.722941 -0.170814 0.66946 186.378 0.259208 0.965233 -0.0336329 11.8199 -0.640443 0.197844 0.742086 59.6513
0.737429 -0.173788 0.652685 187.012 0.261542 0.964418 -0.03871 11.7812 -0.622733 0.199251 0.756642 60.3503
0.750619 -0.178165 0.63626 187.629 0.263696 0.963722 -0.0412293 11.7402 -0.605835 0.198726 0.770372 61.062
0.764174 -0.181547 0.618936 188.233 0.264983 0.963222 -0.0446315 11.6961 -0.588069 0.198114 0.784175 61.7882
0.77657 -0.184952 0.602272 188.819 0.266622 0.962594 -0.0481784 11.6484 -0.570835 0.197993 0.796836 62.5263
0.788187 -0.187085 0.586313 189.393 0.268385 0.961806 -0.0538931 11.5954 -0.553835 0.199836 0.808292 63.2764
0.798228 -0.189916 0.571632 189.951 0.270501 0.96094 -0.0584697 11.5381 -0.538202 0.201299 0.818424 64.0361
0.808383 -0.193062 0.556099 190.498 0.27208 0.960269 -0.062138 11.4775 -0.522007 0.201535 0.828792 64.8071
0.817678 -0.19664 0.541048 191.029 0.273182 0.959828 -0.0640123 11.4151 -0.506728 0.200146 0.838552 65.5876
0.827666 -0.19945 0.524586 191.547 0.274148 0.959297 -0.067808 11.3492 -0.489709 0.199937 0.848655 66.3794
0.83564 -0.202154 0.510723 192.051 0.275454 0.958669 -0.0712352 11.2798 -0.475216 0.200208 0.856789 67.179
0.84212 -0.20401 0.499217 192.546 0.277466 0.957673 -0.0766909 11.2052 -0.46244 0.203099 0.863079 67.986
0.848351 -0.206573 0.48747 193.029 0.279041 0.95693 -0.0801029 11.1273 -0.44993 0.203979 0.869458 68.799
0.854004 -0.209159 0.476373 193.504 0.280303 0.956354 -0.0826043 11.0471 -0.438303 0.204074 0.875356 69.6194
0.858517 -0.211466 0.46715 193.968 0.281595 0.955772 -0.0848547 10.9645 -0.428547 0.204396 0.880097 70.444
0.862354 -0.213621 0.459037 194.428 0.282727 0.955289 -0.0865761 10.8804 -0.420017 0.204441 0.884191 71.2739
0.865103 -0.215642 0.452873 194.879 0.28345 0.955058 -0.0866958 10.796 -0.413827 0.203367 0.88735 72.1067
0.866401 -0.217534 0.449479 195.33 0.284092 0.954987 -0.0854231 10.7128 -0.410663 0.201704 0.8892 72.9426
0.867184 -0.219518 0.446992 195.776 0.284934 0.954871 -0.0838455 10.6311 -0.408416 0.200073 0.8906 73.7794
0.867466 -0.221901 0.445271 196.224 0.286393 0.95458 -0.0822313 10.5508 -0.406798 0.198856 0.891615 74.6193
0.86768 -0.225 0.443289 196.667 0.288182 0.954248 -0.0797308 10.4728 -0.405071 0.196929 0.892826 75.4598
0.86716 -0.228247 0.442651 197.112 0.290611 0.953697 -0.0775513 10.397 -0.404453 0.195889 0.893337 76.3018
0.866631 -0.231634 0.441922 197.554 0.293551 0.952899 -0.0762038 10.3223 -0.403458 0.195767 0.893811 77.1438
0.865703 -0.235605 0.441647 197.998 0.296951 0.952008 -0.0742081 10.2496 -0.402967 0.19539 0.894118 77.9878
0.86456 -0.2399 0.441568 198.441 0.300361 0.951152 -0.0713334 10.1794 -0.402887 0.194302 0.894388 78.8322
0.863584 -0.247783 0.439123 198.888 0.307096 0.949227 -0.0683207 10.1115 -0.399898 0.193854 0.895828 79.6861
0.861448 -0.255063 0.439144 199.333 0.313859 0.947204 -0.0655264 10.0461 -0.399248 0.194277 0.896024 80.5403
0.860015 -0.258226 0.44011 199.783 0.317848 0.945834 -0.0661577 9.97983 -0.399186 0.196785 0.895506 81.3963
0.85925 -0.260867 0.440042 200.23 0.320107 0.945164 -0.0647425 9.91489 -0.399024 0.19649 0.895641 82.252
0.858047 -0.262906 0.441179 200.681 0.321581 0.944827 -0.062405 9.85248 -0.40043 0.195421 0.895249 83.1089
0.856875 -0.264608 0.442433 201.13 0.323361 0.944272 -0.0615184 9.79066 -0.401501 0.195779 0.89469 83.9645
0.855093 -0.266097 0.444986 201.585 0.325521 0.943549 -0.061297 9.72914 -0.403554 0.197267 0.89344 84.8201
0.852778 -0.267819 0.448377 202.041 0.327605 0.942914 -0.0598676 9.66895 -0.406749 0.197944 0.891838 85.6735
0.849996 -0.269444 0.452671 202.503 0.329284 0.942493 -0.0573091 9.61138 -0.411197 0.19777 0.889837 86.5262
0.848214 -0.271015 0.455064 202.965 0.330631 0.942144 -0.0551785 9.55575 -0.413783 0.197261 0.888749 87.3769
0.84674 -0.272728 0.456785 203.431 0.331613 0.941968 -0.0522994 9.50303 -0.416013 0.19576 0.888041 88.228
0.844979 -0.274387 0.459044 203.897 0.332648 0.941754 -0.0493971 9.45306 -0.418755 0.19444 0.88704 89.0772
0.843211 -0.27605 0.461296 204.368 0.333675 0.941544 -0.0464917 9.40602 -0.421496 0.193126 0.88603 89.9264
0.841432 -0.277335 0.463763 204.839 0.334882 0.941195 -0.0447495 9.36055 -0.424083 0.19296 0.884829 90.7734
0.84007 -0.278455 0.465563 205.313 0.336222 0.940757 -0.0440182 9.31585 -0.425723 0.193511 0.883922 91.6207
0.838749 -0.279926 0.467055 205.787 0.337531 0.94035 -0.0425532 9.27253 -0.427286 0.193337 0.883205 92.4666
0.83835 -0.280745 0.467284 206.264 0.337767 0.940338 -0.0410307 9.23068 -0.427885 0.192232 0.883157 93.3139
0.836957 -0.284911 0.467257 206.738 0.339535 0.939938 -0.0350479 9.19503 -0.429209 0.187983 0.883428 94.1609
0.836227 -0.288106 0.466607 207.215 0.341285 0.939433 -0.0315834 9.16271 -0.429246 0.185657 0.883903 95.0098
