1 -0.000400968 -0.000455066 -0.000325387 0.000402062 0.999997 0.00242371 0.00191517 0.0004541 -0.00242389 0.999997 0.750259
0.999999 -0.00151025 -0.000367706 -0.000128258 0.00151068 0.999998 0.00114822 0.000800938 0.000365963 -0.00114878 0.999999 0.750655
0.999993 -0.00176948 -0.00334842 -0.00237558 0.00177275 0.999998 0.000974972 0.000580584 0.0033467 -0.000980895 0.999994 0.751144
0.999986 -0.00177516 -0.00504441 -0.00348116 0.00178424 0.999997 0.00179287 0.00115153 0.0050412 -0.00180185 0.999986 0.751747
0.999977 -0.00236387 -0.00639704 -0.00435612 0.00238376 0.999992 0.00310405 0.00212612 0.00638965 -0.00311923 0.999975 0.752463
0.99998 -0.00438091 -0.00461424 -0.00274813 0.004391 0.999988 0.00217652 0.00132424 0.00460465 -0.00219673 0.999987 0.753345
0.999954 -0.00684446 -0.0067122 -0.00404788 0.00685591 0.999975 0.00168572 0.000805498 0.0067005 -0.00173168 0.999976 0.754754
0.999936 -0.00717629 -0.00876612 -0.00543642 0.00719681 0.999971 0.00230792 0.00123326 0.0087493 -0.00237084 0.999959 0.755651
0.999958 -0.00778068 -0.00489841 -0.00192299 0.00778779 0.999969 0.00143863 0.000491566 0.00488707 -0.00147674 0.999987 0.756648
0.999968 -0.00642321 -0.00474446 -0.00176481 0.00641861 0.999979 -0.00098939 -0.00164945 0.00475072 0.000958923 0.999988 0.757011
0.999989 -0.00419675 -0.00233015 0.000149463 0.00419546 0.999991 -0.000546449 -0.0013745 0.0023324 0.000536654 0.999997 0.757483
0.999996 -0.00253394 -0.000590102 0.00167426 0.0025342 0.999996 0.000407608 -0.000611707 0.00058908 -0.00040908 0.999999 0.758102
0.999999 -0.00124816 -0.00108093 0.00132231 0.00125102 0.999996 0.00267075 0.00136415 0.00107759 -0.00267212 0.999996 0.75857
0.999989 -0.00133197 -0.00439796 -0.00142241 0.00132529 0.999998 -0.00152992 -0.00209764 0.0044 0.00152409 0.999989 0.758888
0.999988 -0.00134269 -0.00484475 -0.00178191 0.0013404 1 -0.000466916 -0.00120099 0.00484536 0.000460396 0.999989 0.759266
0.999984 -0.00103894 -0.00554497 -0.0023587 0.00104108 0.999999 0.000370857 -0.000532621 0.0055446 -0.000376601 0.999984 0.759556
0.999991 -0.000799307 -0.00421377 -0.00127678 0.000798945 1 -7.32163e-05 -0.000907717 0.00421381 6.98271e-05 0.999992 0.759979
0.999986 -0.00118021 -0.00512456 -0.0020835 0.00117187 0.999997 -0.00163963 -0.00219378 0.00512651 0.00163362 0.999985 0.760292
0.99998 -0.00084456 -0.00628044 -0.00303258 0.000840387 1 -0.000657974 -0.00140317 0.00628098 0.000652661 0.999981 0.76049
0.999962 -0.00121822 -0.0085367 -0.00492863 0.0012111 0.999998 -0.000846695 -0.0015929 0.00853774 0.00083635 0.999963 0.760876
0.999955 -0.00133603 -0.00943351 -0.00576723 0.00135314 0.999998 0.00181615 0.000595979 0.00943106 -0.00182885 0.999954 0.761184
0.999943 -0.00187661 -0.0104782 -0.00671557 0.00187662 0.999998 -1.49486e-05 -0.000922043 0.0104782 -4.69707e-06 0.999945 0.761617
0.999939 -0.00233424 -0.010839 -0.00705752 0.00232387 0.999997 -0.000964015 -0.00170968 0.0108412 0.000938757 0.999941 0.762078
0.999946 -0.00300024 -0.00992797 -0.00632293 0.00297747 0.999992 -0.00231413 -0.00284085 0.00993489 0.00228446 0.999947 0.762626
0.999914 -0.00279607 -0.0128291 -0.00871979 0.00278944 0.999996 -0.000531756 -0.00137512 0.0128305 0.000495911 0.999918 0.763152
0.99989 -0.00354583 -0.0143756 -0.00996605 0.00353194 0.999993 -0.000993712 -0.00177852 0.0143791 0.000942866 0.999896 0.764259
0.999892 -0.00306252 -0.0143717 -0.00995098 0.00307432 0.999995 0.0008016 -0.000317388 0.0143692 -0.00084573 0.999897 0.76479
0.999922 -0.00284615 -0.012153 -0.00808673 0.0028538 0.999995 0.00060807 -0.000486506 0.0121513 -0.000642672 0.999926 0.765208
0.999937 -0.00240722 -0.0110148 -0.00714826 0.00240315 0.999997 -0.000379578 -0.00133439 0.0110156 0.000353044 0.99994 0.765786
0.999948 -0.00250187 -0.00984374 -0.00615338 0.00248956 0.999996 -0.00126439 -0.00209161 0.00984689 0.00123986 0.99995 0.766376
0.999961 -0.00169697 -0.00870971 -0.00525747 0.00167299 0.999995 -0.00275643 -0.00333242 0.00871433 0.00274171 0.999959 0.767141
0.999955 -0.000535268 -0.00941802 -0.00583712 0.000494048 0.99999 -0.00438173 -0.00468383 0.00942027 0.00437692 0.999946 0.768026
0.999955 -0.000168753 -0.00953001 -0.00581755 0.000139382 0.999996 -0.00307883 -0.00359602 0.00953048 0.00307732 0.99995 0.768798
0.999964 -0.000463955 -0.00849573 -0.00498899 0.000460431 0.999999 -0.000422003 -0.00133371 0.00849592 0.000418117 0.999963 0.769338
0.999978 -0.00101203 -0.0065614 -0.00330863 0.00100207 0.999999 -0.00151273 -0.00222597 0.00656288 0.00150608 0.999978 0.769997
0.99997 -0.000976152 -0.0076842 -0.00431629 0.000970152 0.999999 -0.000790572 -0.0015377 0.007685 0.000783129 0.99997 0.771433
0.999988 -0.00054509 -0.00495775 -0.00205029 0.000536731 0.999999 -0.00168207 -0.0022678 0.00495864 0.00167934 0.999987 0.7718
0.999998 -0.000863553 -0.00201052 0.000364304 0.000865155 0.999999 0.000776591 -0.000149618 0.00200988 -0.000778287 0.999997 0.772105
0.999998 -0.000519581 -0.00166037 0.000557179 0.000519473 1 -2.16579e-05 -0.000810391 0.00166034 2.07643e-05 0.999999 0.772402
0.999997 -3.10744e-06 0.00266034 0.00417422 7.59083e-06 0.999999 -0.00165949 -0.00217905 -0.00266026 0.00165954 0.999995 0.772697
0.999992 0.000156799 0.00382343 0.00504145 -0.000155745 1 -0.000293801 -0.000989874 -0.00382355 0.000293174 0.999993 0.77304
0.999988 0.000388977 0.00492875 0.00593074 -0.000391436 1 0.000515475 -0.00029647 -0.00492845 -0.000517367 0.999987 0.773424
0.999969 0.000335543 0.00785158 0.00838838 -0.000327841 1 -0.000992944 -0.00156668 -0.00785203 0.000990308 0.999969 0.773726
0.999966 0.000284209 0.0082247 0.00848872 -0.000268968 0.999998 -0.00184657 -0.00224961 -0.00822509 0.00184433 0.999964 0.774936
0.999925 -0.000260282 0.0122114 0.0119095 0.000279491 0.999999 -0.00157602 -0.00204957 -0.0122111 0.00157928 0.999925 0.775073
0.999884 -0.00110404 0.0152149 0.0144766 0.00112022 0.999998 -0.00105049 -0.00164312 -0.0152136 0.00106744 0.999883 0.775366
0.999869 -0.00136039 0.0161136 0.0151198 0.00134061 0.999999 0.00123255 0.000286509 -0.0161154 -0.00121082 0.99987 0.77561
0.99981 -0.00218244 0.0193512 0.0178612 0.00220475 0.999997 -0.00112697 -0.00173763 -0.0193485 0.00116946 0.999812 0.775893
0.999726 -0.00297839 0.0232053 0.0210794 0.00300832 0.999995 -0.00125881 -0.00186543 -0.0232015 0.00132823 0.99973 0.776235
0.999691 -0.00301873 0.0246633 0.0222801 0.00310065 0.99999 -0.00328054 -0.00358742 -0.024653 0.00335604 0.99969 0.776821
0.999642 -0.0032201 0.0265729 0.0238403 0.00324003 0.999995 -0.000708998 -0.00142788 -0.0265706 0.000794798 0.999647 0.77737
0.999618 -0.00339705 0.0274362 0.024458 0.00336979 0.999994 0.00104179 3.64673e-05 -0.0274394 -0.000948893 0.999623 0.7784
0.99955 -0.0030219 0.0298387 0.0264146 0.00297597 0.999994 0.00158178 0.000490489 -0.0298435 -0.00149231 0.999554 0.778978
0.999486 -0.00265537 0.0319392 0.0280866 0.00270838 0.999995 -0.00161519 -0.00228546 -0.0319346 0.00170091 0.999488 0.779634
0.999462 -0.00267575 0.0326965 0.0285435 0.00284955 0.999982 -0.00527078 -0.0055009 -0.032682 0.00536107 0.999452 0.780285
0.999455 -0.00289312 0.0328774 0.0286275 0.00311341 0.999973 -0.00665023 -0.0067113 -0.0328571 0.006749 0.999437 0.780653
0.999492 -0.00325752 0.0317049 0.0276817 0.00340328 0.999984 -0.00454635 -0.00496585 -0.0316898 0.00465191 0.999487 0.780719
0.999496 -0.00342151 0.0315766 0.0275769 0.00343324 0.999994 -0.000315455 -0.00144524 -0.0315751 0.000423743 0.999501 0.780848
0.999453 -0.00337455 0.0328867 0.0286663 0.00328994 0.999992 0.00262405 0.000988409 -0.0328955 -0.00251446 0.999456 0.780896
0.999392 -0.00321464 0.0347116 0.030137 0.00316592 0.999993 0.00145979 -1.78555e-07 -0.0347158 -0.00134897 0.999396 0.7808
0.999334 -0.00202859 0.0364431 0.031531 0.00224525 0.999981 -0.00590657 -0.00622852 -0.0364306 0.00598441 0.999319 0.780935
0.999325 -0.0013857 0.0367173 0.0317316 0.00165151 0.999972 -0.00720794 -0.0073379 -0.0367061 0.00726375 0.999299 0.781036
0.999321 -0.00117329 0.036815 0.031812 0.00133728 0.99999 -0.00443218 -0.00502793 -0.0368095 0.00447836 0.999313 0.781108
0.999318 -0.000996763 0.0369081 0.0318952 0.00095098 0.999998 0.00126021 -0.000262727 -0.0369091 -0.00122421 0.999317 0.781273
0.999324 -0.0011459 0.0367491 0.0317601 0.00115693 1 -0.000280745 -0.00156593 -0.0367489 0.00032303 0.999325 0.781289
0.99932 -0.00114145 0.0368562 0.0317898 0.00127684 0.999992 -0.00364867 -0.00440542 -0.0368516 0.00369329 0.999313 0.781548
0.999315 -0.000887554 0.0369835 0.0318781 0.000998709 0.999996 -0.00298847 -0.00385971 -0.0369809 0.00302333 0.999312 0.781696
0.999329 -0.000581706 0.0366118 0.0315756 0.000662717 0.999997 -0.00219928 -0.00320304 -0.0366102 0.00222209 0.999326 0.781721
0.999325 -0.000569273 0.0367451 0.0316924 0.000638816 0.999999 -0.00188161 -0.00294407 -0.0367441 0.00190379 0.999324 0.781839
0.999322 -0.000512231 0.0368093 0.0317018 0.000738342 0.99998 -0.00612872 -0.00651357 -0.0368052 0.00615176 0.999303 0.782042
0.99933 -0.000710816 0.0366045 0.0315426 0.0010209 0.999964 -0.00845438 -0.00845153 -0.0365974 0.00848606 0.999295 0.782101
0.999336 -0.000415379 0.0364293 0.0313851 0.000711524 0.999966 -0.00811492 -0.00816625 -0.0364245 0.00813546 0.999303 0.782308
0.999319 0.000769304 0.0368842 0.0317317 -0.000623559 0.999992 -0.00396441 -0.00473961 -0.0368872 0.0039387 0.999312 0.782483
0.999314 0.0016769 0.0370007 0.0318234 -0.00173305 0.999997 0.00148755 -0.000195653 -0.0369979 -0.00155065 0.999313 0.782727
0.999335 0.00214642 0.0364062 0.0313013 -0.00225865 0.999994 0.00303925 0.0010896 -0.0363996 -0.00311946 0.999333 0.78296
0.999303 0.00235926 0.0372357 0.0319839 -0.00242222 0.999995 0.00164874 -7.66276e-05 -0.0372314 -0.00173778 0.999304 0.78306
0.999314 0.00367896 0.0368546 0.0316406 -0.00368986 0.999994 0.000224402 -0.00129355 -0.0368537 -0.000360233 0.999321 0.783432
0.999334 0.00387627 0.0362774 0.0311113 -0.00388338 0.999992 0.000128833 -0.00140517 -0.0362765 -0.000269638 0.999341 0.783874
0.999301 0.00376105 0.037198 0.0319051 -0.00379061 0.999993 0.000721529 -0.00091308 -0.0371951 -0.000862007 0.999308 0.783935
0.999325 0.00285286 0.0366214 0.0314355 -0.00287307 0.999995 0.000502435 -0.00111929 -0.0366197 -0.000607345 0.999328 0.784413
0.999376 0.00259617 0.0352317 0.0302755 -0.00261938 0.999997 0.000609203 -0.00104449 -0.0352301 -0.000701077 0.99938 0.784712
0.999417 -9.75847e-05 0.0341361 0.0294289 8.29806e-05 0.999999 0.000433287 -0.00122693 -0.0341359 -0.000430259 0.999416 0.785188
0.999365 -0.00320214 0.0354943 0.0306226 0.0032049 0.999996 -2.52277e-05 -0.0016426 -0.0354942 0.000139031 0.999371 0.785708
0.999416 -0.00280664 0.0340497 0.0294189 0.00291106 0.99999 -0.00301315 -0.00420414 -0.0340409 0.00311046 0.999415 0.786052
0.999496 -0.00236274 0.0316733 0.0274318 0.00250164 0.999988 -0.0043518 -0.00537139 -0.0316627 0.0044289 0.99949 0.78648
0.99956 -0.00324923 0.029478 0.0256434 0.00337841 0.999984 -0.00432734 -0.00536872 -0.0294634 0.00442496 0.999555 0.786821
0.999635 -0.00295496 0.0268481 0.0234615 0.00294245 0.999996 0.000498967 -0.0012626 -0.0268495 -0.000419731 0.99964 0.787155
0.99975 -0.00279712 0.0221935 0.0195642 0.00273293 0.999991 0.00293064 0.000772856 -0.0222015 -0.00286931 0.999749 0.787778
0.999817 -0.00249005 0.0189707 0.0169249 0.00243153 0.999993 0.00309715 0.00089298 -0.0189783 -0.0030504 0.999816 0.788339
0.999881 -0.00190553 0.0152817 0.0139272 0.00193728 0.999995 -0.00205236 -0.00362284 -0.0152777 0.00208166 0.99988 0.78909
0.999908 -0.00162594 0.0134782 0.0126041 0.00168451 0.99999 -0.00434707 -0.00573835 -0.013471 0.00436943 0.999901 0.79002
0.999939 -0.00163821 0.0109411 0.0106165 0.00169993 0.999982 -0.0056221 -0.007025 -0.0109317 0.00564031 0.999923 0.790984
0.999955 -0.00216812 0.00925704 0.00933662 0.00219735 0.999994 -0.00316273 -0.00498536 -0.00925007 0.00318298 0.999953 0.791713
0.999967 -0.00274283 0.00767563 0.00803331 0.00277664 0.999985 -0.00437805 -0.00603828 -0.00766362 0.00439919 0.99996 0.792076
0.999989 -0.00217686 0.00414978 0.00506319 0.00219701 0.999987 -0.00488949 -0.00655232 -0.00413897 0.00489858 0.999981 0.792551
0.999996 -0.00188716 0.00187471 0.00325157 0.00189425 0.99999 -0.00371466 -0.00562373 -0.0018678 0.00371816 0.99999 0.793265
0.999999 -0.00119921 -0.000950912 0.000994752 0.00119636 0.999997 -0.00284539 -0.00501243 0.000954341 0.00284429 0.999997 0.794281
0.999999 -0.00140699 0.00031377 0.0025715 0.00140823 0.999991 -0.00353123 -0.00576101 -0.000308814 0.00353163 0.999993 0.795921
0.999999 -0.00130928 -0.000843228 0.00173977 0.00130589 0.999993 -0.00386963 -0.00623919 0.000848376 0.00386854 0.999993 0.796811
0.999998 -0.0014123 0.00106075 0.00331677 0.00141455 0.999996 -0.00201902 -0.00467266 -0.00105795 0.00202049 0.999996 0.796937
0.999998 -0.00136012 0.00135377 0.0035147 0.00135922 1 0.000588188 -0.0024403 -0.0013545 -0.000586316 1 0.797254
0.999997 -2.56368e-05 0.00228026 0.0042591 2.28123e-05 0.999998 0.00128745 -0.00184464 -0.00228037 -0.0012874 0.999996 0.797666
0.999998 0.000465095 0.00175393 0.0038057 -0.000465707 1 0.000276711 -0.00266255 -0.00175368 -0.000277517 0.999999 0.797988
0.99999 0.00374388 0.00234528 0.0041107 -0.0037422 0.999991 -0.00067105 -0.0033121 -0.00234789 0.00066225 0.999996 0.799277
0.999991 0.00388085 0.00179678 0.00362111 -0.00387881 0.999994 -0.00120584 -0.00375738 -0.00180132 0.00119887 0.999999 0.799576
0.999992 0.00387704 0.00116874 0.00312349 -0.00387316 0.999985 -0.00320554 -0.00551091 -0.00118127 0.00320099 0.999993 0.799821
0.999993 0.00380501 -6.04302e-05 0.00210133 -0.00380534 0.999986 -0.00416846 -0.00636099 4.46334e-05 0.00416866 0.999992 0.800195
0.999995 0.00313766 -0.000228025 0.00205437 -0.00313806 0.999991 -0.00224871 -0.00468439 0.000220878 0.00224942 0.999996 0.800668
0.999998 0.00208134 -0.000738962 0.00176563 -0.00208066 0.999999 0.00105864 -0.00181011 0.000741285 -0.0010571 1 0.801218
0.999998 0.00178975 -0.000276701 0.00230823 -0.00178874 0.999991 0.00324645 8.81906e-05 0.000282372 -0.00324594 0.999994 0.801757
0.999999 0.00167488 -0.000227754 0.00249255 -0.00167462 0.999999 0.0015494 -0.00135936 0.000230445 -0.00154904 1 0.802284
0.999999 0.00151041 -0.000129496 0.00252721 -0.00151038 0.999997 -0.000523917 -0.00314544 0.00012854 0.000524128 0.999999 0.802507
1 0.000967603 0.000206419 0.00282607 -0.000967294 1 -0.00199806 -0.00439149 -0.000208165 0.00199786 0.999999 0.802862
0.999999 0.000633609 8.68562e-05 0.00275687 -0.000633262 0.999994 -0.00260982 -0.00491067 -8.87282e-05 0.00260976 0.999996 0.803112
1 0.000848656 0.000299317 0.00297087 -0.000848489 1 -0.000924884 -0.0034859 -0.000299941 0.000924621 1 0.803422
0.999999 0.00112062 7.81023e-05 0.00275003 -0.00112057 0.999997 0.000634641 -0.00215332 -7.75894e-05 -0.000634712 0.999999 0.803603
0.999999 0.00156357 0.000836077 0.00337048 -0.00156346 1 -0.000234582 -0.00292439 -0.000836271 0.000233253 1 0.803847
0.999998 0.00186849 0.000296209 0.00286094 -0.00186801 0.999995 -0.00126851 -0.00381291 -0.000298659 0.00126797 0.999998 0.80415
0.999998 0.00222749 3.26027e-05 0.00259619 -0.00222754 0.999999 -0.000793513 -0.00342547 -3.42851e-05 0.000793435 1 0.804328
0.999997 0.00239429 0.000349552 0.00285126 -0.00239416 0.999995 -6.76091e-05 -0.00280986 -0.000349765 6.67802e-05 0.999999 0.804451
0.999998 0.00197956 0.00122211 0.00356558 -0.00198536 0.999989 0.00466386 0.00132937 -0.00121281 -0.00466629 0.999989 0.804615
0.999999 0.000764351 0.00095199 0.00329327 -0.000772009 0.999964 0.00819734 0.00448663 -0.00094576 -0.00819805 0.999965 0.804759
0.999999 -0.000164624 0.00178703 0.00401227 0.000153798 0.999984 0.00599204 0.00260102 -0.00178788 -0.00599177 0.999981 0.804917
0.999998 -0.00120897 0.00103391 0.00329247 0.00120913 0.999997 -5.36383e-05 -0.00264958 -0.00103394 5.48909e-05 0.999999 0.804996
0.999999 -0.00169565 0.000632055 0.00288323 0.00169764 0.999995 -0.00333825 -0.00549726 -0.000626266 0.00333932 0.999995 0.805185
0.999998 -0.00191883 0.00077917 0.00297685 0.00192243 0.999986 -0.0044908 -0.00648589 -0.000770627 0.00449228 0.999989 0.80544
0.999998 -0.00168161 0.00118919 0.00326486 0.00168637 0.999992 -0.00410239 -0.00617361 -0.00118217 0.00410441 0.999992 0.805555
0.999998 -0.00117108 0.00120624 0.00322066 0.00116993 0.999997 0.00103628 -0.00167826 -0.00120755 -0.0010349 0.999998 0.805797
1 -0.000659269 0.00100955 0.00295935 0.000656135 0.999997 0.00299617 9.39778e-06 -0.00101141 -0.00299549 0.999996 0.80594
0.999996 0.000955114 0.00234435 0.0040587 -0.000957449 0.999997 0.0010333 -0.00180481 -0.00234351 -0.00103557 0.999995 0.805977
0.999993 0.00278372 0.0025096 0.00412518 -0.00277855 0.999996 -0.00209322 -0.00466329 -0.00251531 0.00208627 0.999996 0.806006
0.999988 0.00405452 0.00240429 0.00396403 -0.00404505 0.999982 -0.00389358 -0.00627394 -0.00242013 0.00388377 0.999988 0.806111
0.999992 0.00386628 0.00103244 0.0027697 -0.00386314 0.99999 -0.00311803 -0.00563724 -0.00104438 0.00311404 0.999996 0.806269
0.999995 0.00263602 0.00133521 0.00309101 -0.00263665 0.999994 0.000548056 -0.00238101 -0.00133389 -0.0005516 0.999998 0.806487
0.999999 0.00131157 0.00127073 0.00306711 -0.00131878 0.999986 0.00560499 0.00211029 -0.00126324 -0.00560664 0.999985 0.806601
0.999994 0.00278588 0.00175049 0.00353175 -0.00278746 0.999994 0.000962245 -0.00208804 -0.0017479 -0.000967133 0.999997 0.806618
0.99999 0.00428505 0.00168867 0.00345986 -0.00427992 0.999988 -0.00309949 -0.0057581 -0.00170185 0.00309225 0.999995 0.80668
0.999988 0.00405947 0.00249933 0.00420379 -0.00405389 0.999987 -0.00218908 -0.00495845 -0.0025083 0.0021789 0.999993 0.806905
0.999992 0.0034128 0.00220116 0.00391491 -0.00341464 0.999996 0.000782119 -0.00232795 -0.00219834 -0.000789605 0.999999 0.807192
0.999994 0.00285222 0.00174058 0.00355444 -0.0028576 0.999989 0.00315179 -0.000257614 -0.00173169 -0.00315677 0.999992 0.807468
0.999998 0.00223071 0.000245981 0.00225572 -0.00223127 0.999998 0.0017464 -0.00148983 -0.000241967 -0.00174694 1 0.807932
0.999998 0.00115998 -0.00154079 0.000711292 -0.00115862 0.999997 0.000810012 -0.00228429 0.00154165 -0.000808253 0.999997 0.80855
0.999994 -0.00108854 -0.00358141 -0.00101212 0.00109436 1 0.00165991 -0.00145098 0.0035797 -0.00166378 0.999994 0.809471
0.999997 -0.00103453 -0.00178033 0.000546928 0.00103682 0.999996 0.00121086 -0.00184909 0.00177899 -0.00121275 0.999996 0.809885
0.999999 -0.00117681 -0.00125641 0.000982672 0.00117654 1 -0.000107479 -0.00300821 0.00125662 0.000106057 1 0.810319
0.999998 -0.0011141 -0.00164024 0.000625918 0.00111753 0.999995 0.00200427 -0.00117558 0.001638 -0.00200616 0.999995 0.810764
0.999999 -6.23824e-05 -0.0013516 0.000868277 6.32256e-05 1 0.000721331 -0.00241611 0.00135156 -0.00072136 1 0.811394
1 -5.12001e-05 9.0475e-05 0.00209876 5.12159e-05 0.999997 0.00110156 -0.00212304 -9.04605e-05 -0.00110162 0.999998 0.811833
0.999998 0.000379168 -0.00231485 -0.000107442 -0.000378735 1 0.000230962 -0.00288043 0.00231489 -0.000230022 0.999999 0.812599
0.999999 -0.000375283 -0.000785472 0.00104636 0.000374441 0.999997 -0.00123943 -0.00411921 0.000786028 0.00123909 0.999998 0.813511
0.999999 -6.91356e-05 -0.00142588 0.000285125 7.20886e-05 1 0.00215905 -0.000971911 0.00142562 -0.00215912 0.999998 0.814493
0.999993 0.000315711 -0.00358243 -0.00179361 -0.000304238 0.999993 0.00316467 7.98824e-07 0.00358356 -0.00316359 0.999987 0.815044
0.999998 0.000603762 -0.00230276 -0.000823182 -0.000600817 1 0.0013449 -0.00152292 0.00230347 -0.00134348 0.999998 0.815421
0.999999 0.000694386 -0.00114324 4.23638e-05 -0.00069305 0.999997 0.00104265 -0.00177976 0.00114407 -0.00104187 0.999998 0.815962
1 0.00109636 -0.000429877 0.000559767 -0.0010955 0.999999 0.00235031 -0.000615054 0.000432303 -0.0023498 0.999998 0.816676
0.999999 0.00134684 -0.000226962 0.000606059 -0.00134653 0.999997 0.000726358 -0.00202013 0.000228058 -0.000726084 0.999999 0.817474
0.999997 0.0017668 -0.0015918 -0.000694284 -0.00176406 0.999999 0.00180136 -0.00102026 0.00159493 -0.00179851 0.999998 0.818482
0.999994 0.00151687 -0.00290637 -0.00194243 -0.00151153 0.999995 0.00179376 -0.000915779 0.0029091 -0.0017894 0.999993 0.81964
0.999998 0.00169388 -0.00163182 -0.000886429 -0.00168867 0.999996 0.00326696 0.000499571 0.00163732 -0.00326416 0.999994 0.820319
0.999997 0.00185107 0.000921539 0.00125953 -0.00185458 0.999988 0.00396882 0.00112102 -0.000914166 -0.00397056 0.999991 0.82062
0.999998 0.00142628 0.00141123 0.00156296 -0.00142801 1 0.00113518 -0.00135964 -0.00140965 -0.00113716 0.999999 0.821129
0.999998 0.00119014 0.00122447 0.0013236 -0.00118358 0.999983 -0.0052521 -0.00699866 -0.00123067 0.00525062 0.999984 0.821625
0.999999 0.000567747 0.00190709 0.00187561 -0.000562542 0.999998 -0.00279225 -0.00480682 -0.00190873 0.00279122 0.999995 0.822203
0.999996 -0.000502853 0.00243788 0.00234389 0.000494735 0.999992 0.00338438 0.000735463 -0.00243956 -0.00338321 0.99999 0.822907
0.999974 -0.000292189 0.00727063 0.00656368 0.000275048 1 0.00233798 -0.000212598 -0.00727123 -0.00233587 0.999972 0.823362
0.999938 0.00107951 0.0110188 0.00978215 -0.00106931 0.999997 -0.000917898 -0.00313012 -0.0110199 0.000905992 0.999938 0.82364
0.999905 0.000956624 0.0137824 0.012118 -0.000976098 1 0.00139567 -0.000991106 -0.0137809 -0.00140891 0.999905 0.824221
0.999893 0.00114535 0.0145035 0.0125533 -0.00119516 0.999991 0.00343538 0.00091996 -0.0144995 -0.00345243 0.999888 0.825113
0.999902 0.00195991 0.0139343 0.0119541 -0.00198738 0.999999 0.00194763 -0.000301602 -0.0139303 -0.00197504 0.999902 0.825517
0.999883 0.00206459 0.0151353 0.0129547 -0.00204143 0.999994 -0.00153547 -0.00336304 -0.0151385 0.00150428 0.999883 0.825717
0.999881 0.00214233 0.0153027 0.0130784 -0.0020836 0.999993 -0.0038624 -0.00541649 -0.0153109 0.00383018 0.999877 0.826087
0.999867 0.00269031 0.0160415 0.0136777 -0.00269599 0.999994 0.000341249 -0.00171434 -0.0160405 -0.000384575 0.99987 0.826507
0.99987 0.00317371 0.0158683 0.0134293 -0.00323135 0.999991 0.00359965 0.00117992 -0.0158566 -0.00365033 0.999869 0.827062
0.999873 0.00341254 0.0155153 0.0130212 -0.00345095 0.999988 0.00245921 0.000160696 -0.0155068 -0.00251256 0.999875 0.82767
0.999859 0.0031182 0.016555 0.0138207 -0.0031045 0.999997 -0.000860968 -0.00281089 -0.0165575 0.00080956 0.999864 0.828193
0.999869 0.00268971 0.0158993 0.0131948 -0.00265474 0.999991 -0.00221264 -0.00401643 -0.0159052 0.00217004 0.99987 0.828584
0.999897 0.00251451 0.0141746 0.0116454 -0.00248188 0.999997 -0.00232758 -0.00411334 -0.0141803 0.00229227 0.999898 0.828943
0.999919 0.00192466 0.0125586 0.0102095 -0.00191753 0.999995 -0.000572544 -0.00254635 -0.0125597 0.000548313 0.99992 0.829259
0.999927 0.001678 0.0119921 0.00971815 -0.00168715 1 0.000746704 -0.00136322 -0.0119908 -0.000766784 0.999929 0.829603
0.999931 0.00169782 0.0116005 0.00941267 -0.00170109 0.999996 0.000278951 -0.0017917 -0.0116 -0.000298762 0.999931 0.830157
0.999927 0.00171379 0.0120089 0.00980705 -0.00169476 1 -0.00160188 -0.0034833 -0.0120116 0.00158151 0.999928 0.830502
0.999915 0.00156127 0.012913 0.0106462 -0.00153449 0.999994 -0.00207608 -0.00390992 -0.0129162 0.00205599 0.999913 0.830868
0.999903 0.00114236 0.013916 0.011567 -0.00110874 0.999999 -0.00242937 -0.00423652 -0.0139187 0.00241381 0.999901 0.831305
0.999917 0.000336542 0.0128333 0.0105955 -0.000296832 0.999993 -0.00308877 -0.0048185 -0.0128343 0.0030846 0.999912 0.832235
0.999917 -0.000204616 0.0128921 0.0106557 0.000265175 0.999991 -0.00470283 -0.00626005 -0.012891 0.00470597 0.999907 0.832719
0.999892 -0.000576434 0.0146819 0.0121916 0.000623844 0.999992 -0.00321677 -0.00493746 -0.01468 0.00322545 0.999886 0.833203
0.999888 8.67047e-05 0.0149986 0.0123967 -9.66981e-05 1 0.000657821 -0.00146982 -0.0149986 -0.000659076 0.999888 0.833612
0.99986 0.000519454 0.0167358 0.0138161 -0.000558639 0.999994 0.0023434 4.04734e-05 -0.0167346 -0.00235253 0.999856 0.83409
0.999864 0.000414089 0.0165007 0.01353 -0.000409212 1 -0.000306154 -0.0023469 -0.0165008 0.000299466 0.999865 0.834599
0.999855 0.00180906 0.0169316 0.0137819 -0.00182484 0.999995 0.000923535 -0.00125182 -0.01693 -0.000954402 0.999855 0.835782
0.999852 0.00186189 0.0171047 0.0139226 -0.00185706 1 -0.000304633 -0.00235452 -0.0171053 0.000272924 0.999855 0.836293
0.999854 0.00190896 0.0169369 0.0137168 -0.00188621 0.999995 -0.00135203 -0.00328543 -0.0169395 0.00131978 0.999855 0.837025
0.999864 0.00216697 0.0163804 0.013162 -0.00216261 1 -0.000290652 -0.00228558 -0.016381 0.000255299 0.999867 0.837762
0.999876 0.00193452 0.0156068 0.0124437 -0.00196281 0.999994 0.0018042 -0.000361208 -0.0156032 -0.00183473 0.999876 0.838356
0.999883 0.00150015 0.0152376 0.012081 -0.00156824 0.999992 0.00445028 0.00208394 -0.0152307 -0.00447355 0.999875 0.839105
0.999849 0.0021308 0.0172233 0.0137607 -0.00216574 0.999993 0.00201691 -6.7761e-05 -0.0172189 -0.00205403 0.999849 0.83986
0.999874 0.00394613 0.0153921 0.0116925 -0.00398508 0.999992 0.00249343 0.00068291 -0.0153821 -0.0025543 0.999879 0.841554
0.999883 0.00382271 0.0147847 0.0111282 -0.00379972 0.999989 -0.00157527 -0.0029964 -0.0147905 0.00151877 0.999889 0.841852
0.999875 0.00340689 0.0154451 0.0117701 -0.00337248 0.999995 -0.00226037 -0.00362322 -0.0154527 0.00220814 0.999879 0.84233
0.999852 0.00322218 0.0168755 0.013007 -0.00322834 0.999992 0.000346121 -0.00128364 -0.0168742 -0.000400696 0.999857 0.84259
0.999841 0.00326934 0.0175375 0.0135874 -0.00333057 0.999991 0.00345591 0.00152964 -0.0175261 -0.00351362 0.999841 0.842895
0.999819 0.00298316 0.0187645 0.0147152 -0.00299973 0.999992 0.000862884 -0.00083955 -0.0187618 -0.000919171 0.999823 0.843124
0.999829 0.00300073 0.0182731 0.0142773 -0.00302499 0.999997 0.00129351 -0.000431897 -0.0182693 -0.0013484 0.999833 0.843586
0.999764 0.00288914 0.0215346 0.017313 -0.00289983 0.999993 0.000470746 -0.00119755 -0.021533 -0.000533246 0.999767 0.843756
0.99974 0.00227316 0.0226671 0.0183465 -0.00231491 0.999999 0.00180988 -1.65881e-06 -0.022663 -0.00186173 0.999742 0.844148
0.999805 0.00137755 0.0197193 0.0157272 -0.00133762 0.999994 -0.0020316 -0.00353662 -0.0197218 0.00200466 0.999802 0.844609
0.999811 0.000957809 0.0194216 0.0154754 -0.000992881 1 0.00178939 -7.07982e-05 -0.0194201 -0.00180817 0.999811 0.844979
0.999813 0.000302581 0.0193327 0.0155159 -0.000356839 0.999993 0.00280958 0.000828028 -0.0193316 -0.00281611 0.999808 0.845797
0.999767 0.000764638 0.0215944 0.0176171 -0.000781318 1 0.000758388 -0.00105396 -0.021594 -0.000774908 0.999768 0.846223
0.999763 0.000409075 0.0217445 0.0178179 -0.00039266 0.999997 -0.000753992 -0.00249072 -0.0217445 0.000745107 0.999762 0.84688
0.999789 -0.000495326 0.020513 0.0169048 0.000452387 1 0.00209288 5.69958e-05 -0.0205143 -0.00208301 0.999788 0.847525
0.999836 -0.00134354 0.0180387 0.014944 0.00124936 0.999983 0.00523881 0.00289028 -0.0180453 -0.00521557 0.999823 0.848435
0.999889 -0.00173776 0.0147951 0.0123272 0.00170209 0.999999 0.00241403 0.000271707 -0.0147994 -0.00238842 0.999889 0.849712
0.999939 -0.00305592 0.0105745 0.00920997 0.00304501 0.999992 0.00106102 -0.000956537 -0.0105775 -0.00102892 0.999943 0.85191
0.999959 -0.00295841 0.00853283 0.00795625 0.0029674 0.999998 -0.00106017 -0.00298598 -0.00852979 0.00108564 0.999964 0.854319
0.999898 -0.00305084 0.013983 0.0132886 0.00303407 0.999992 0.00123208 -0.000934432 -0.0139866 -0.00118971 0.9999 0.854813
0.999883 -0.00263156 0.0150479 0.0142751 0.00261569 0.999999 0.00106343 -0.0011597 -0.0150507 -0.00102375 0.999887 0.855167
0.999888 -0.00212684 0.0148264 0.0140465 0.0021044 0.999994 0.00154084 -0.000772023 -0.0148295 -0.00150965 0.999888 0.855547
0.999876 -0.00189104 0.0156733 0.0147879 0.00185819 0.999999 0.0020998 -0.000291004 -0.0156773 -0.00207024 0.999876 0.855762
0.999879 -0.00113835 0.0154673 0.0145774 0.00107167 0.999987 0.00432895 0.00168964 -0.015472 -0.00431202 0.99987 0.855977
0.999895 -0.00109504 0.0144587 0.0136463 0.00102869 0.999992 0.00458506 0.00189128 -0.0144636 -0.00456954 0.999886 0.85631
0.999896 -0.00153777 0.0143343 0.0134865 0.00148288 0.999988 0.00385027 0.00118059 -0.01434 -0.00382877 0.999889 0.856699
0.999903 -0.00263521 0.0137236 0.012909 0.00263201 1 0.000239471 -0.0021336 -0.0137242 -0.000203168 0.999907 0.857005
0.999926 -0.00322455 0.0116812 0.0110334 0.0032445 0.99999 -0.00167635 -0.00392808 -0.0116756 0.00171396 0.999929 0.857307
0.999908 -0.00450927 0.0128376 0.0118672 0.00452831 0.999992 -0.00146703 -0.00390597 -0.0128308 0.00152516 0.999918 0.858798
0.999944 -0.0032967 0.0100236 0.00925128 0.00328117 0.99999 0.00158026 -0.00113677 -0.0100289 -0.00154741 0.999947 0.859269
0.999962 -0.00187225 0.00859166 0.00799149 0.00182935 0.999989 0.00498192 0.0019428 -0.00860078 -0.00496589 0.999952 0.859863
0.999966 -0.00101576 0.00812564 0.0077226 0.000991115 0.999991 0.00305467 3.20073e-05 -0.00812886 -0.00304664 0.999961 0.860758
0.999967 6.73343e-05 0.00819992 0.008077 -6.68651e-05 1 -7.4608e-05 -0.00305407 -0.00819983 7.41835e-05 0.999968 0.861586
0.999962 0.00149698 0.00847594 0.00884551 -0.00146785 0.99999 -0.00342534 -0.00645356 -0.00848114 0.00341264 0.999957 0.862655
0.999956 0.00184028 0.00932225 0.00998434 -0.00179795 0.999991 -0.00456266 -0.00765574 -0.00933044 0.00454581 0.999948 0.863365
0.999981 0.00296673 0.00526424 0.00629571 -0.00294441 0.999983 -0.004216 -0.00747233 -0.00527683 0.0042003 0.999976 0.864454
0.999992 0.00374189 0.00192613 0.00385491 -0.00373264 0.999985 -0.00485395 -0.00836243 -0.00194405 0.00484684 0.999988 0.866589
0.999993 0.00355273 0.000107035 0.00262784 -0.00355227 0.999986 -0.00308204 -0.00679537 -0.000118198 0.00308152 0.999994 0.868512
0.999999 0.00214371 -0.000186764 0.00234126 -0.00214465 0.999991 -0.00448167 -0.00814922 0.000177422 0.00448218 0.999992 0.870286
0.999987 0.00247151 0.00413793 0.00701027 -0.00246145 0.999991 -0.00240936 -0.00629074 -0.0041441 0.00239904 0.999987 0.871215
0.999992 0.00232762 0.00345726 0.00620643 -0.00232004 0.999998 -0.0022287 -0.00618704 -0.00346219 0.00222078 0.999993 0.871715
0.999994 0.00272521 0.00159614 0.00443129 -0.00272294 0.999992 -0.00135001 -0.00541478 -0.00160006 0.00134554 0.999996 0.87212
0.999994 0.00344627 0.000985297 0.00378199 -0.00344689 0.999997 0.000541569 -0.0036895 -0.000983056 -0.000544851 1 0.872378
0.999993 0.00362215 0.000317166 0.00307347 -0.00362255 0.999989 0.00161571 -0.00271861 -0.0003117 -0.00161695 0.999997 0.872552
0.999991 0.00383756 -0.00197805 0.000879745 -0.00383322 0.999993 0.00224914 -0.00214387 0.00198702 -0.00224144 0.999997 0.872691
0.999992 0.00277232 -0.00249873 0.000289554 -0.00277178 0.999993 0.000174765 -0.00409552 0.00249878 -0.000167942 0.999995 0.872876
0.99999 0.00219409 -0.0040731 -0.00118468 -0.00219798 1 -0.00091577 -0.00512886 0.00407155 0.000924802 0.999993 0.872988
0.999984 0.00131303 -0.00544283 -0.00254355 -0.00132626 0.999993 -0.00245969 -0.0065821 0.00543905 0.00246679 0.999981 0.873198
0.999985 0.00183566 -0.00519297 -0.00236428 -0.00184199 1 -0.00118517 -0.00542367 0.0051913 0.00119479 0.999987 0.873409
0.999983 0.00103368 -0.00569088 -0.00291811 -0.00104977 0.999992 -0.00284888 -0.00700876 0.0056874 0.00285473 0.999978 0.873599
0.999979 0.000404535 -0.00658069 -0.00387804 -0.000429171 0.999996 -0.00372464 -0.00783236 0.00657962 0.00372746 0.999973 0.873834
0.99997 0.000803665 -0.0076052 -0.00496026 -0.000821644 0.999994 -0.00237181 -0.0065722 0.00760276 0.0023779 0.999967 0.874024
0.999956 0.0014744 -0.00928264 -0.00664706 -0.00147484 1 -3.53543e-05 -0.00440119 0.00928306 4.91215e-05 0.999959 0.874275
0.999941 0.000112698 -0.0107757 -0.00811988 -0.000135351 0.999995 -0.00210493 -0.0063601 0.0107749 0.00210617 0.999938 0.874569
0.999935 -4.78315e-05 -0.0114274 -0.00888137 3.93837e-05 1 -0.000737613 -0.00509344 0.011428 0.000737212 0.999936 0.875199
0.999894 -0.00774149 -0.0122553 -0.0113635 0.00778884 0.99996 0.00381801 -0.00117358 0.0122248 -0.00391316 0.999916 0.884893
0.999879 -0.00738442 -0.0137131 -0.0128397 0.00743924 0.999967 0.00395388 -0.00105716 0.013684 -0.00405534 0.9999 0.885299
0.999884 -0.00772275 -0.0130496 -0.0123769 0.00776075 0.999963 0.00285971 -0.00210182 0.0130266 -0.00296073 0.999909 0.88591
0.999846 -0.0077186 -0.0158262 -0.0150941 0.00776233 0.999969 0.00270688 -0.0022479 0.0158052 -0.00282922 0.999873 0.886593
0.999753 -0.00801982 -0.0207117 -0.0196698 0.0080749 0.999961 0.00257457 -0.00239641 0.0206899 -0.00274126 0.999781 0.887414
0.999675 -0.00833515 -0.0241253 -0.0227138 0.00842148 0.999961 0.00348081 -0.00150788 0.0240957 -0.00368278 0.999704 0.889135
0.999645 -0.0081297 -0.0253545 -0.0238984 0.0082947 0.999942 0.00640743 0.00137333 0.0253007 -0.00661554 0.999656 0.890264
0.999743 -0.00894451 -0.0208776 -0.0198368 0.0090572 0.999948 0.00531179 0.000301414 0.0208294 -0.00549942 0.99977 0.890665
0.999754 -0.00944709 -0.0200398 -0.0191352 0.00953054 0.999943 0.00406971 -0.000892923 0.0199999 -0.00425979 0.999789 0.890847
0.999781 -0.00938514 -0.0187398 -0.0180388 0.00946551 0.999949 0.004208 -0.000773357 0.0186997 -0.00438436 0.999817 0.891434
0.999743 -0.00899249 -0.0207783 -0.0201182 0.00911466 0.999939 0.00578992 0.000866333 0.0207247 -0.00597792 0.999766 0.891706
0.999619 -0.00720989 -0.0266786 -0.0261818 0.00714611 0.999975 -0.00248398 -0.00737218 0.0266961 0.0022925 0.999643 0.891562
0.999768 -0.00664185 -0.0204669 -0.0194332 0.00657566 0.99997 -0.00330128 -0.00827956 0.0204879 0.00316581 0.999784 0.892556
0.999839 -0.00705138 -0.0165622 -0.0154017 0.00703275 0.999978 -0.00118199 -0.00622379 0.0165705 0.00106543 0.999864 0.892838
0.999789 -0.00640942 -0.0194841 -0.0180861 0.00640806 0.999976 -0.000132172 -0.0052484 0.0194842 7.17191e-06 0.999808 0.893351
0.999757 -0.00268657 -0.0219335 -0.0202673 0.0025491 0.99998 -0.00629404 -0.0117859 0.0219502 0.00623672 0.999741 0.893492
0.999684 -0.00189679 -0.0250394 -0.0231857 0.00178517 0.999985 -0.00447778 -0.0100187 0.0250472 0.00443155 0.999675 0.894038
0.999681 -0.000589469 -0.0252901 -0.0237643 0.000558548 1 -0.00123192 -0.00689882 0.0252912 0.00121752 0.999681 0.89423
0.999785 -0.00031531 -0.0207143 -0.0191255 0.000284259 0.999995 -0.00149926 -0.00726047 0.0207143 0.00149293 0.999783 0.894616
0.999774 -0.00048453 -0.0212794 -0.0196503 0.000501451 1 0.000786657 -0.0050141 0.0212794 -0.000797038 0.999775 0.894903
0.999772 -0.00172639 -0.021235 -0.0192266 0.00176589 0.999993 0.00184488 -0.00395027 0.0212314 -0.00188206 0.999771 0.895572
0.999752 -0.00196485 -0.0222454 -0.0200394 0.00200251 1 0.00166697 -0.00409352 0.0222424 -0.00171098 0.999753 0.895963
0.999779 -0.00204516 -0.020884 -0.0182032 0.00208694 0.999992 0.00198235 -0.00377856 0.0208795 -0.00202562 0.999778 0.897058
0.999818 -0.00315235 -0.0188597 -0.0158798 0.00321034 0.999995 0.00304097 -0.00266721 0.0188503 -0.00310085 0.999819 0.897817
0.999856 -0.00565685 -0.0159485 -0.0126034 0.00584148 0.999912 0.0115592 0.006009 0.0158814 -0.0116508 0.999804 0.898262
0.999614 -0.00526923 -0.0273166 -0.0239147 0.00541411 0.999976 0.00522949 -0.000270204 0.0272886 -0.00537526 0.999615 0.8978
0.999733 -0.00417773 -0.0226885 -0.0191286 0.00417602 0.999987 -0.000118262 -0.00574432 0.0226885 2.33679e-05 0.999741 0.898221
0.999708 -0.00365274 -0.0239491 -0.0202001 0.0036191 0.999997 -0.00145164 -0.0071156 0.0239545 0.00136467 0.999714 0.898602
0.999461 -0.00519238 -0.0323934 -0.0285013 0.00526049 0.999979 0.00202076 -0.00347287 0.032382 -0.0021902 0.999471 0.899121
0.999664 -0.00486256 -0.0255032 -0.0212728 0.00491501 0.999991 0.00199036 -0.00358381 0.0254935 -0.00211491 0.999675 0.899889
0.999721 -0.00450767 -0.0231471 -0.0185808 0.00454899 0.999983 0.00173741 -0.00386415 0.0231387 -0.00184235 0.999729 0.900294
0.999783 -0.00453484 -0.020374 -0.0153145 0.00457513 0.999992 0.00192497 -0.00371759 0.0203653 -0.00201762 0.999792 0.900666
0.999757 -0.00444773 -0.0215301 -0.0163305 0.00448256 0.999984 0.00157418 -0.00406788 0.0215225 -0.00167047 0.999765 0.900271
0.999671 -0.00417349 -0.0253651 -0.02046 0.00419824 0.999996 0.000918672 -0.00477095 0.0253614 -0.00102469 0.99968 0.899599
0.999595 -0.00393414 -0.0281373 -0.0232384 0.00394807 0.999987 0.000442631 -0.00526509 0.028135 -0.000553707 0.999602 0.899575
0.999613 -0.00362491 -0.0276272 -0.0223912 0.00363791 0.999998 0.000417041 -0.00531642 0.0276259 -0.000517219 0.99962 0.899839
0.999549 -0.00366387 -0.0297787 -0.024588 0.00370703 0.999987 0.00139779 -0.00438031 0.029773 -0.00150773 0.999553 0.900054
0.999539 -0.00406711 -0.0301272 -0.0249477 0.00415161 0.999993 0.00273924 -0.00307101 0.030116 -0.00286288 0.999544 0.900445
0.999587 -0.00432869 -0.0283878 -0.0231443 0.00442053 0.99998 0.0031773 -0.00264412 0.0283733 -0.00330164 0.99959 0.901025
0.999639 -0.00399964 -0.0266086 -0.0210281 0.00403412 0.999996 0.00123808 -0.00459721 0.0266037 -0.00134481 0.999647 0.901919
0.99969 -0.00470127 -0.0244108 -0.0185821 0.00477938 0.999979 0.00314673 -0.00265825 0.0243953 -0.00326258 0.999695 0.90275
0.999631 -0.00437864 -0.0268731 -0.0205383 0.00441923 0.999994 0.00144714 -0.00433702 0.0268667 -0.00156521 0.99964 0.903945
0.999724 -0.00536885 -0.0228311 -0.0163558 0.00545416 0.999973 0.00367933 -0.0020512 0.0228105 -0.00380298 0.999731 0.904355
0.999689 -0.00444264 -0.0245943 -0.0179362 0.00445372 0.999995 0.000392064 -0.00545078 0.0245927 -0.000501341 0.999699 0.905041
0.99972 -0.00518157 -0.0230494 -0.0145896 0.00522402 0.99998 0.00178556 -0.00430191 0.0230394 -0.00190561 0.999731 0.908587
0.999697 -0.00397099 -0.0243492 -0.0156388 0.00395934 0.999997 -0.000530161 -0.00677615 0.0243515 0.00043377 0.999705 0.909452
0.999636 -0.00250318 -0.0268359 -0.0178261 0.00245148 0.99999 -0.00195555 -0.00836934 0.0268404 0.00188887 0.999636 0.910605
0.999701 -0.00261589 -0.0243422 -0.0148603 0.00261623 1 -2.07403e-05 -0.00654173 0.0243425 -4.27739e-05 0.999705 0.912047
0.999789 -0.00252849 -0.0203247 -0.00764379 0.00254121 0.999991 0.000605271 -0.00625747 0.0203228 -0.000656972 0.999791 0.918845
0.999853 -0.0042064 -0.0167288 0.0041098 0.00421833 0.999996 0.000670775 -0.0072371 0.0167261 -0.000741069 0.999862 0.930632
0.999721 -0.00372229 -0.0232746 -0.00239855 0.0037507 0.999987 0.00118265 -0.00674507 0.0232698 -0.00126979 0.999726 0.931135
0.999664 -0.00396339 -0.0256697 -0.00453671 0.00405501 0.999991 0.00351402 -0.00434652 0.0256557 -0.00361679 0.999666 0.931901
0.999674 -0.00423847 -0.0251276 -0.00363811 0.00426425 0.999985 0.000977219 -0.00691262 0.025123 -0.0010842 0.999682 0.93256
0.999723 -0.00468265 -0.0230996 -0.00107905 0.00467258 0.999994 -0.000495272 -0.00847499 0.023102 0.000387363 0.999735 0.933233
0.999651 -0.00373085 -0.0260996 -0.00389374 0.00370698 0.999987 -0.000959152 -0.00910252 0.0261027 0.000861903 0.999657 0.93373
0.999604 -0.00217456 -0.0281083 -0.00585129 0.00217202 1 -0.000122545 -0.00846927 0.0281088 6.15893e-05 0.999607 0.934219
0.99958 -0.00199449 -0.0288631 -0.00658825 0.00206183 0.99999 0.00230619 -0.00607143 0.028858 -0.00236485 0.999579 0.934789
0.999579 -0.00247859 -0.0289324 -0.00652925 0.00248999 1 0.000356348 -0.00801172 0.0289318 -0.000428112 0.999583 0.936049
0.999664 -0.00203701 -0.0257887 -0.00351366 0.00205728 0.999992 0.000761589 -0.00762695 0.0257868 -0.000814505 0.999665 0.936272
0.999724 -0.00197756 -0.0234731 -0.00126101 0.00200959 1 0.00133984 -0.00705018 0.0234706 -0.00138651 0.999725 0.936546
0.999753 -0.00191923 -0.0220874 9.24245e-05 0.00197627 0.99999 0.00256253 -0.00582177 0.0220822 -0.00260569 0.999751 0.93691
0.999761 -0.00422092 -0.0214851 0.000913302 0.00429825 0.999989 0.00355296 -0.00469032 0.02147 -0.00364431 0.999765 0.940357
0.999765 -0.00392506 -0.0212704 0.00113592 0.003981 0.999984 0.00259018 -0.00564174 0.0212598 -0.00267438 0.999769 0.940863
0.999774 -0.00394683 -0.0209272 0.00154655 0.00396738 0.999997 0.000939488 -0.00725969 0.0209235 -0.00102217 0.999782 0.941358
0.999757 -0.00300457 -0.0217862 0.00108888 0.00300204 0.99999 -0.000148126 -0.00837515 0.0217863 8.25697e-05 0.999761 0.942911
0.999737 -0.00326211 -0.0227655 0.000327971 0.00328221 0.999999 0.000844576 -0.0073471 0.0227629 -0.000918972 0.999742 0.943671
0.999767 -0.00308375 -0.0213215 0.00182695 0.00315178 0.999985 0.00316057 -0.00501031 0.0213112 -0.00322714 0.999766 0.943916
