0.999998 0.000962039 -0.00150794 -0.00114663 -0.000962827 0.999999 -0.000524764 -0.000546546 0.00150744 0.000526207 0.999999 0.750256
0.999992 0.00273698 -0.00284091 -0.00321187 -0.00274298 0.999994 -0.00210897 -0.00244506 0.00283514 0.00211675 0.999994 1.50077
0.99999 0.00355104 -0.00270827 -0.00511224 -0.00355837 0.99999 -0.00271361 -0.00456645 0.00269862 0.0027232 0.999993 2.25093
0.999991 0.00391612 -0.00133658 -0.00574782 -0.00391934 0.999989 -0.002427 -0.00629666 0.00132708 0.00243221 0.999996 3.00095
0.99999 0.00440519 -0.000724363 -0.00595636 -0.00440753 0.999985 -0.00327947 -0.00871961 0.000709916 0.00328262 0.999994 3.75093
0.999989 0.00472256 -0.000423866 -0.00595583 -0.00472412 0.999982 -0.00374373 -0.0114733 0.000406209 0.00374569 0.999993 4.50085
0.999987 0.00508184 -0.000455114 -0.00598765 -0.00508317 0.999983 -0.00298752 -0.0136051 0.000439933 0.00298978 0.999996 5.25077
0.999986 0.00515544 0.000661414 -0.00513613 -0.00515469 0.999986 -0.00110352 -0.0142618 -0.000667057 0.00110009 0.999999 6.00062
0.999984 0.00501201 0.00248346 -0.00290941 -0.00501416 0.999987 0.000857341 -0.0134356 -0.00247912 -0.000869783 0.999997 6.7503
0.999979 0.00490173 0.0041993 0.000575204 -0.00490853 0.999987 0.00161523 -0.0120976 -0.00419129 -0.00163581 0.99999 7.49986
0.999968 0.00511249 0.0060896 0.00546498 -0.00511651 0.999987 0.000642529 -0.0115695 -0.00608622 -0.000673668 0.999981 8.24922
0.99995 0.00564393 0.00820167 0.0119213 -0.00562377 0.999981 -0.0024757 -0.0134784 -0.00821546 0.00242945 0.999963 8.99841
0.999919 0.00626143 0.011075 0.0205325 -0.00619318 0.999962 -0.00618503 -0.0181875 -0.0111133 0.00611594 0.99992 9.7472
0.999865 0.00649939 0.015055 0.0321072 -0.00636562 0.99994 -0.0089167 -0.0248582 -0.015112 0.00881967 0.999847 10.4957
0.999779 0.00647224 0.0199818 0.0473239 -0.00623232 0.999908 -0.0120448 -0.0338473 -0.0200579 0.0119176 0.999728 11.2437
0.999634 0.00652214 0.0262584 0.0671802 -0.00611136 0.999858 -0.0156935 -0.0455661 -0.026357 0.0155273 0.999532 11.9911
0.99942 0.00765704 0.033175 0.0920658 -0.0069855 0.99977 -0.0203107 -0.0607529 -0.0333229 0.0200672 0.999243 12.7378
0.999105 0.0090583 0.0413206 0.122914 -0.0080777 0.999683 -0.0238375 -0.0784913 -0.0415234 0.0234824 0.998861 13.4835
0.998624 0.0103648 0.0514112 0.161215 -0.00900344 0.999605 -0.026642 -0.0982465 -0.051667 0.0261425 0.998322 14.2283
0.997996 0.0109777 0.0623117 0.207451 -0.00923337 0.999559 -0.0282124 -0.119031 -0.0625939 0.0275805 0.997658 14.9719
0.997166 0.0114836 0.0743486 0.262236 -0.0092123 0.999483 -0.0308204 -0.14172 -0.074664 0.0300482 0.996756 15.7134
0.996101 0.0115497 0.0874571 0.326539 -0.00873362 0.999433 -0.0325137 -0.165563 -0.087783 0.0316231 0.995637 16.4532
0.994809 0.0131909 0.100905 0.400314 -0.00960933 0.99931 -0.0358988 -0.191974 -0.101309 0.0347428 0.994248 17.1904
0.99324 0.0163394 0.114921 0.484003 -0.0116568 0.999078 -0.0413013 -0.222456 -0.11549 0.0396825 0.992516 17.9251
0.991148 0.0208389 0.131121 0.578966 -0.0147265 0.998767 -0.0474146 -0.25741 -0.131947 0.0450639 0.990232 18.656
0.988476 0.0255764 0.149201 0.686588 -0.0179467 0.998472 -0.0522614 -0.295738 -0.15031 0.0489815 0.987425 19.3832
0.985287 0.0323997 0.167809 0.806972 -0.0228192 0.998015 -0.0587091 -0.338832 -0.169378 0.054016 0.98407 20.106
0.981932 0.0387143 0.185229 0.938829 -0.0274065 0.997623 -0.0632245 -0.384887 -0.187236 0.0570057 0.980659 20.824
0.978299 0.0465532 0.2019 1.082 -0.0330065 0.997005 -0.069953 -0.435869 -0.204551 0.0617709 0.976905 21.5378
0.974967 0.0553254 0.215354 1.23081 -0.0394733 0.996231 -0.0772299 -0.491611 -0.218815 0.066796 0.973478 22.2418
0.971176 0.0629027 0.229916 1.38956 -0.045113 0.995625 -0.0818334 -0.550314 -0.234057 0.0691024 0.969764 22.942
0.966248 0.0708855 0.247668 1.55732 -0.0505003 0.994864 -0.0877213 -0.612591 -0.252614 0.0722533 0.964866 23.6317
0.960231 0.0789497 0.267812 1.73839 -0.0557455 0.994088 -0.093179 -0.678425 -0.273585 0.0745441 0.958955 24.3155
0.954055 0.0882719 0.286334 1.9309 -0.0616887 0.993014 -0.100585 -0.749283 -0.293212 0.0783002 0.952836 24.9931
0.948197 0.097584 0.302324 2.13347 -0.0680922 0.991966 -0.106624 -0.82399 -0.3103 0.0805151 0.947223 25.6655
0.942756 0.107966 0.31552 2.34445 -0.0753313 0.990633 -0.113893 -0.903653 -0.324861 0.0836053 0.942059 26.3335
0.938154 0.11714 0.325801 2.56191 -0.0823898 0.989526 -0.118536 -0.986137 -0.336274 0.084362 0.937978 26.9981
0.934624 0.126053 0.332548 2.78327 -0.0900307 0.98848 -0.121657 -1.07042 -0.344052 0.0837639 0.935206 27.6602
0.931103 0.136666 0.338186 3.00759 -0.0988892 0.987013 -0.126603 -1.15792 -0.351096 0.0844372 0.932525 28.3189
0.928082 0.146813 0.342214 3.23376 -0.107899 0.985598 -0.13021 -1.24749 -0.356401 0.0839207 0.930556 28.9753
0.925887 0.155365 0.344377 3.46065 -0.116169 0.984446 -0.131803 -1.33764 -0.359499 0.0820285 0.929534 29.6301
0.924716 0.163181 0.343907 3.68618 -0.124355 0.983386 -0.132236 -1.42763 -0.359772 0.0795138 0.929646 30.2837
0.923304 0.168319 0.345223 3.9066 -0.12819 0.982364 -0.136123 -1.51807 -0.362047 0.0814284 0.928597 30.9252
0.922903 0.171851 0.344553 4.12578 -0.131698 0.981788 -0.136922 -1.60856 -0.361808 0.0809884 0.928728 31.5657
0.924109 0.175023 0.339693 4.34067 -0.135101 0.981174 -0.138005 -1.69953 -0.357452 0.0816384 0.930357 32.2062
0.926659 0.177683 0.331257 4.54884 -0.138454 0.980611 -0.138681 -1.79066 -0.349476 0.082646 0.933293 32.8472
0.930466 0.179861 0.319192 4.7479 -0.14191 0.980127 -0.138614 -1.8814 -0.33778 0.0836793 0.937498 33.4897
0.935127 0.181546 0.304264 4.9363 -0.14586 0.979861 -0.136372 -1.97027 -0.322895 0.083145 0.942775 34.1348
0.940457 0.18286 0.286536 5.11203 -0.14975 0.979646 -0.133679 -2.05706 -0.305148 0.0828102 0.948698 34.7826
0.946165 0.184298 0.266094 5.27336 -0.154144 0.979424 -0.130258 -2.14124 -0.284626 0.0822288 0.955105 35.4335
0.952268 0.18494 0.242865 5.41842 -0.158298 0.979429 -0.125147 -2.22162 -0.261014 0.0807282 0.961954 36.0878
0.958473 0.185061 0.216981 5.54541 -0.162101 0.979526 -0.119377 -2.29779 -0.23463 0.0792465 0.968849 36.7452
0.96456 0.18572 0.187435 5.65197 -0.166619 0.979512 -0.113114 -2.36949 -0.204603 0.0778749 0.975743 37.4062
0.970501 0.186039 0.15335 5.73508 -0.171322 0.97968 -0.10428 -2.43485 -0.169634 0.074932 0.982654 38.07
0.976027 0.18716 0.111102 5.78932 -0.177191 0.9797 -0.0937621 -2.49287 -0.126395 0.0718279 0.989376 38.7369
0.98001 0.188717 0.0629634 5.81093 -0.183364 0.979609 -0.0821137 -2.54285 -0.0771756 0.0689272 0.994632 39.4055
0.981622 0.190458 0.0119858 5.79837 -0.189211 0.979526 -0.0687729 -2.58364 -0.0248388 0.065241 0.997561 40.0744
0.980477 0.192318 -0.0409561 5.75041 -0.194362 0.979459 -0.0536911 -2.61411 0.0297892 0.0606033 0.997717 40.7415
0.976524 0.19323 -0.0951972 5.66734 -0.19766 0.979477 -0.0394469 -2.63495 0.0856211 0.0573374 0.994677 41.4005
0.96934 0.193869 -0.150975 5.54746 -0.19981 0.979513 -0.0250808 -2.64621 0.14302 0.0544781 0.988219 42.0533
0.958659 0.194235 -0.207956 5.39026 -0.200938 0.979538 -0.011399 -2.64842 0.201486 0.0527138 0.978072 42.6974
0.944807 0.194123 -0.263923 5.19646 -0.201112 0.979568 0.000551774 -2.64281 0.258638 0.0525567 0.964543 43.3306
0.927454 0.19421 -0.319551 4.96652 -0.200488 0.979604 0.0134735 -2.62862 0.31565 0.0515701 0.947474 43.9506
0.906331 0.196185 -0.374266 4.70239 -0.200456 0.979305 0.0279101 -2.60479 0.371996 0.049728 0.926901 44.5519
0.882727 0.197191 -0.426508 4.40483 -0.199116 0.979136 0.0405881 -2.57281 0.425612 0.0490962 0.903573 45.1363
0.856847 0.197166 -0.47638 4.07536 -0.196786 0.979104 0.0512839 -2.53396 0.476537 0.0498024 0.877742 45.7018
0.829657 0.194451 -0.523316 3.71719 -0.191366 0.979645 0.0606233 -2.48927 0.524452 0.0498481 0.84998 46.2453
0.798331 0.192037 -0.570778 3.32898 -0.185151 0.980156 0.0708052 -2.438 0.573049 0.0491542 0.818045 46.7657
0.765047 0.190581 -0.615129 2.91363 -0.178299 0.980551 0.0820437 -2.37949 0.6188 0.0469093 0.784147 47.2618
0.728486 0.18755 -0.658887 2.47105 -0.171332 0.981109 0.089839 -2.31642 0.663289 0.0474422 0.746858 47.7314
0.690075 0.186015 -0.699425 2.00385 -0.16313 0.981515 0.100089 -2.24662 0.705113 0.0450278 0.707664 48.1735
0.649584 0.183595 -0.737789 1.51392 -0.15411 0.982057 0.108695 -2.17159 0.744507 0.0430943 0.666222 48.586
0.606288 0.181284 -0.774307 1.00162 -0.1454 0.982528 0.116184 -2.09205 0.781841 0.0421434 0.622053 48.969
0.562562 0.183993 -0.806021 0.470575 -0.137338 0.982174 0.128349 -2.00454 0.815268 0.0384926 0.577802 49.322
0.51904 0.186924 -0.834061 -0.0772074 -0.129261 0.981738 0.13958 -1.91009 0.84492 0.0353639 0.533723 49.6459
0.477708 0.187397 -0.858299 -0.639129 -0.121028 0.981707 0.14698 -1.81139 0.870142 0.033665 0.491649 49.9419
0.438772 0.187255 -0.878872 -1.21295 -0.112814 0.981788 0.15286 -1.70922 0.891489 0.0320785 0.451905 50.2119
0.401609 0.186104 -0.896702 -1.79731 -0.104731 0.982044 0.156909 -1.60469 0.909803 0.0308963 0.413889 50.4571
0.36703 0.183964 -0.911837 -2.39055 -0.0971341 0.98247 0.159116 -1.49898 0.925124 0.0301698 0.378465 50.6796
0.338053 0.183597 -0.923044 -2.99026 -0.0906243 0.98258 0.162249 -1.39124 0.936753 0.0288016 0.348802 50.8834
0.315635 0.185588 -0.930555 -3.59389 -0.0852673 0.982267 0.166979 -1.28042 0.945042 0.0266414 0.325862 51.073
0.300071 0.188993 -0.935007 -4.19974 -0.0809315 0.981687 0.172455 -1.1661 0.950477 0.0239227 0.309871 51.2526
0.289969 0.191007 -0.937782 -4.80722 -0.0777703 0.981344 0.175832 -1.04981 0.953871 0.0219456 0.299414 51.4263
0.284313 0.189651 -0.939786 -5.41588 -0.0753364 0.981628 0.175303 -0.934128 0.955767 0.0209589 0.293378 51.5962
0.283164 0.186575 -0.940749 -6.02511 -0.0731871 0.982239 0.172774 -0.820213 0.956275 0.0199273 0.291789 51.7656
0.286885 0.183753 -0.940176 -6.63404 -0.0704912 0.98282 0.170578 -0.707676 0.955368 0.0173378 0.294909 51.9371
0.292402 0.182268 -0.938766 -7.24237 -0.0683708 0.983141 0.169588 -0.595689 0.953849 0.0145964 0.299934 52.1123
0.295987 0.180926 -0.9379 -7.85167 -0.0684885 0.98339 0.168087 -0.484394 0.952733 0.0144836 0.303462 52.29
0.299839 0.177833 -0.937269 -8.46111 -0.0691279 0.98394 0.164574 -0.37527 0.951482 0.0154457 0.307317 52.4705
0.302159 0.17126 -0.937746 -9.07123 -0.0703231 0.985053 0.157241 -0.271 0.95066 0.0184335 0.309686 52.6525
0.301022 0.165498 -0.939147 -9.68282 -0.071847 0.985963 0.150719 -0.17079 0.950907 0.0221052 0.308687 52.834
0.29661 0.16305 -0.940976 -10.2962 -0.0732667 0.986299 0.147808 -0.0721298 0.952184 0.0251008 0.304492 53.0127
0.289698 0.166162 -0.942585 -10.9112 -0.0745122 0.985742 0.15087 0.0288878 0.954214 0.0265274 0.297948 53.1875
0.282404 0.171962 -0.943756 -11.5271 -0.0758426 0.984725 0.156732 0.133904 0.956293 0.0273151 0.291132 53.3578
0.275388 0.179669 -0.944395 -12.1441 -0.0768278 0.983351 0.164678 0.244282 0.958259 0.0272055 0.284606 53.5243
0.271003 0.188111 -0.944018 -12.7615 -0.0780066 0.981785 0.173243 0.360387 0.959412 0.0266902 0.28074 53.6885
0.27066 0.195191 -0.94268 -13.379 -0.0797351 0.98041 0.18011 0.48099 0.959368 0.0264161 0.280921 53.8535
0.273595 0.197308 -0.941389 -13.9973 -0.0814374 0.979971 0.181727 0.602571 0.958391 0.0269447 0.284184 54.0208
0.279272 0.195297 -0.940142 -14.6167 -0.0826457 0.980354 0.1791 0.722397 0.956649 0.0276809 0.289926 54.1923
0.278465 0.191797 -0.9411 -15.2379 -0.0827835 0.981004 0.175435 0.839861 0.956872 0.029055 0.289053 54.3631
0.273786 0.187725 -0.943293 -15.8613 -0.082462 0.981737 0.171442 0.954755 0.958249 0.0308475 0.284266 54.5309
0.266989 0.184051 -0.94596 -16.4875 -0.081476 0.98239 0.168144 1.06766 0.960249 0.0321805 0.277283 54.6944
0.257688 0.182451 -0.948847 -17.1165 -0.0798566 0.982672 0.167267 1.18029 0.962923 0.0326689 0.267792 54.8521
0.250765 0.183035 -0.950586 -17.7468 -0.0777894 0.982597 0.168678 1.29402 0.964917 0.0316469 0.260639 55.0051
0.243182 0.184984 -0.952179 -18.3787 -0.0757102 0.982272 0.171494 1.4097 0.967022 0.0303853 0.252876 55.1531
0.233686 0.186148 -0.954326 -19.0122 -0.0735594 0.982074 0.173548 1.52666 0.969525 0.0296439 0.24319 55.2944
0.226276 0.186915 -0.955962 -19.6473 -0.0719534 0.981943 0.174964 1.64455 0.971403 0.0291947 0.235638 55.4312
0.220332 0.186799 -0.957371 -20.2841 -0.0709012 0.981963 0.17528 1.76266 0.972844 0.0292589 0.229602 55.5642
0.216056 0.186154 -0.958471 -20.9228 -0.0704836 0.98207 0.174849 1.88059 0.973834 0.0297793 0.225303 55.695
0.210063 0.185568 -0.959915 -21.5633 -0.0704859 0.982142 0.17444 1.99836 0.975143 0.031017 0.219391 55.822
0.203085 0.184687 -0.961586 -22.2056 -0.070329 0.982266 0.173806 2.11576 0.976632 0.03233 0.212472 55.945
0.196592 0.182253 -0.963397 -22.8514 -0.0708329 0.982645 0.17144 2.23175 0.977923 0.0345364 0.20609 56.065
0.191264 0.180879 -0.964729 -23.4988 -0.0707034 0.982859 0.170261 2.34709 0.978989 0.0356448 0.200774 56.1821
0.184663 0.178251 -0.966501 -24.1477 -0.0706475 0.983279 0.167847 2.4608 0.980259 0.0372856 0.194168 56.2946
0.177129 0.173986 -0.968687 -24.7987 -0.0706525 0.983959 0.16381 2.57177 0.981649 0.0394249 0.186579 56.4025
0.170958 0.171536 -0.970231 -25.4509 -0.0695929 0.984371 0.161774 2.68148 0.982817 0.0398645 0.180223 56.5061
0.164574 0.171427 -0.971354 -26.1042 -0.0669736 0.984451 0.162391 2.79174 0.984089 0.0383298 0.173496 56.6057
0.159874 0.172805 -0.971894 -26.7585 -0.0631556 0.984332 0.164628 2.90356 0.985115 0.0350608 0.168283 56.7022
0.156445 0.173285 -0.972367 -27.4134 -0.0594933 0.984355 0.16585 3.01609 0.985893 0.031903 0.164306 56.7963
0.153185 0.172429 -0.973037 -28.0691 -0.0560428 0.984591 0.165653 3.12838 0.986607 0.0291561 0.160488 56.8881
0.148748 0.171258 -0.973933 -28.726 -0.0525953 0.984865 0.165147 3.24029 0.987476 0.026659 0.155504 56.9767
0.14547 0.170403 -0.974577 -29.3842 -0.0491143 0.985085 0.164909 3.35213 0.988142 0.0238763 0.151669 57.0633
0.143761 0.169565 -0.974977 -30.0437 -0.0453594 0.985305 0.164673 3.46388 0.988573 0.0205509 0.14934 57.1492
0.141485 0.167782 -0.975618 -30.7043 -0.0418401 0.985666 0.163442 3.57476 0.989055 0.0176952 0.146477 57.2332
0.138832 0.166719 -0.976182 -31.3663 -0.0372209 0.985909 0.163087 3.68559 0.989617 0.0136927 0.143081 57.3156
0.137161 0.166818 -0.976401 -32.0295 -0.0312227 0.985956 0.164065 3.79727 0.990056 0.00798253 0.140443 57.3967
0.134316 0.167187 -0.976733 -32.6939 -0.0247919 0.985923 0.16535 3.90995 0.990629 0.0020059 0.13657 57.476
0.130141 0.167762 -0.9772 -33.3595 -0.0183151 0.985821 0.166803 4.02368 0.991326 -0.00381052 0.131368 57.5521
0.124281 0.168035 -0.977915 -34.0267 -0.01248 0.985743 0.167794 4.13808 0.992169 -0.00864911 0.124606 57.6245
0.11628 0.167677 -0.97896 -34.695 -0.00673598 0.985758 0.168041 4.25258 0.993193 -0.0129457 0.115753 57.691
0.104221 0.166359 -0.980542 -35.3654 -0.000771393 0.985924 0.16719 4.3665 0.994554 -0.0166682 0.102882 57.7494
0.0886147 0.164568 -0.982377 -36.0379 0.00550433 0.986162 0.165698 4.47939 0.996051 -0.0200907 0.0864824 57.7968
0.070958 0.162951 -0.98408 -36.713 0.0121118 0.986353 0.164201 4.59136 0.997406 -0.0235702 0.0680157 57.8326
0.0493153 0.161983 -0.985561 -37.3904 0.0197618 0.98641 0.163111 4.70271 0.998588 -0.0275204 0.0454439 57.8534
0.0247992 0.161252 -0.986602 -38.0715 0.0286996 0.986384 0.161938 4.81366 0.999281 -0.0323309 0.0198333 57.8587
0.00390557 0.160352 -0.987052 -38.7545 0.0373591 0.986348 0.160386 4.92372 0.999294 -0.0375019 -0.00213846 57.85
-0.0115858 0.159699 -0.987098 -39.4384 0.0452046 0.986239 0.159029 5.03295 0.998911 -0.0427787 -0.0186458 57.8311
-0.0244253 0.158596 -0.987041 -40.1226 0.052262 0.986189 0.157166 5.1408 0.998335 -0.047746 -0.0323766 57.8027
-0.0348016 0.156993 -0.986987 -40.808 0.0584397 0.986215 0.15481 5.24704 0.997685 -0.0522914 -0.0434968 57.7671
-0.0432415 0.156025 -0.986806 -41.4946 0.0638707 0.986142 0.153121 5.35217 0.997021 -0.0564069 -0.0526077 57.7251
-0.0501947 0.15693 -0.986334 -42.1832 0.0691395 0.985755 0.15332 5.45771 0.996344 -0.0604985 -0.06033 57.6782
-0.0609458 0.15848 -0.985479 -42.8736 0.0747296 0.985269 0.153825 5.56376 0.99534 -0.0642696 -0.0718913 57.6231
-0.068649 0.160907 -0.98458 -43.5672 0.0786827 0.984707 0.155441 5.67132 0.994534 -0.0667982 -0.08026 57.5628
-0.0720015 0.164432 -0.983757 -44.2613 0.0818541 0.983964 0.158476 5.78123 0.99404 -0.0691142 -0.0843064 57.4996
-0.07195 0.167832 -0.983187 -44.9558 0.08484 0.983199 0.161625 5.89352 0.993794 -0.0717844 -0.0849803 57.4363
-0.0720039 0.168725 -0.983029 -45.6512 0.0887296 0.982764 0.162181 6.00621 0.99345 -0.0755463 -0.0857339 57.3719
-0.0706331 0.168273 -0.983207 -46.3485 0.0935209 0.982444 0.161424 6.11853 0.993109 -0.0805483 -0.0851303 57.3082
-0.0667897 0.167353 -0.983632 -47.0563 0.105302 0.98151 0.159842 6.23153 0.992195 -0.0929032 -0.0831776 57.2455
-0.0655022 0.168249 -0.983566 -47.7654 0.117656 0.980109 0.159823 6.34484 0.990893 -0.105254 -0.0839951 57.1823
-0.064663 0.171387 -0.983079 -48.4788 0.125441 0.978723 0.162377 6.46044 0.989991 -0.112819 -0.0847862 57.1186
-0.0626074 0.172304 -0.983053 -49.1986 0.12518 0.978562 0.163545 6.57717 0.990157 -0.112819 -0.0828345 57.0563
-0.0637513 0.173362 -0.982793 -49.9193 0.124638 0.978469 0.164514 6.69469 0.990152 -0.112006 -0.0839862 56.9927
-0.0674567 0.173648 -0.982495 -50.6425 0.125617 0.97838 0.164296 6.81234 0.989784 -0.112336 -0.0878117 56.927
-0.0728039 0.173981 -0.982054 -51.3663 0.128211 0.97813 0.163781 6.92979 0.989071 -0.113987 -0.0935181 56.8568
-0.0788245 0.176649 -0.981113 -52.0906 0.132556 0.977293 0.165311 7.04877 0.988037 -0.117022 -0.100451 56.782
-0.0864267 0.18209 -0.979476 -52.8143 0.139567 0.975673 0.169068 7.17093 0.986433 -0.12209 -0.109738 56.7003
-0.0928223 0.188905 -0.977599 -53.5377 0.1478 0.973574 0.174094 7.29716 0.984653 -0.128329 -0.11829 56.613
-0.0982835 0.193212 -0.976222 -54.2604 0.155558 0.971896 0.176694 7.42528 0.982925 -0.134493 -0.125577 56.5202
-0.104107 0.194116 -0.975439 -54.9834 0.161751 0.971016 0.175972 7.55279 0.981326 -0.139458 -0.132488 56.4228
-0.109469 0.192568 -0.975159 -55.7067 0.16691 0.970686 0.172948 7.67805 0.979876 -0.143832 -0.138401 56.3208
-0.111788 0.187531 -0.975878 -56.4317 0.170971 0.971018 0.167012 7.79889 0.978915 -0.148177 -0.14061 56.2178
-0.114267 0.185073 -0.976059 -57.1576 0.175541 0.970797 0.163525 7.91748 0.977818 -0.152653 -0.143419 56.1123
-0.118473 0.18287 -0.975973 -57.8851 0.180593 0.97047 0.159917 8.03383 0.976397 -0.157308 -0.148 56.0037
-0.122971 0.184148 -0.975176 -58.6127 0.186405 0.969431 0.159557 8.15041 0.974746 -0.162158 -0.153538 55.8907
-0.127235 0.187066 -0.974073 -59.341 0.193049 0.967945 0.160673 8.26848 0.972905 -0.167601 -0.15927 55.7737
-0.129387 0.188655 -0.973483 -60.0695 0.19909 0.966687 0.160877 8.38683 0.971402 -0.172996 -0.162636 55.654
-0.134757 0.186673 -0.973137 -60.7991 0.203711 0.966335 0.157159 8.50229 0.969713 -0.17706 -0.168248 55.5305
-0.141027 0.187389 -0.97211 -61.5283 0.207431 0.965722 0.156065 8.61731 0.968031 -0.179636 -0.175063 55.4014
-0.147064 0.185302 -0.971615 -62.2584 0.210221 0.96571 0.152357 8.7296 0.96653 -0.181848 -0.180975 55.2682
-0.153518 0.181354 -0.971362 -62.9899 0.213626 0.96586 0.146564 8.83786 0.964777 -0.185009 -0.187019 55.13
-0.158461 0.178031 -0.971183 -63.7233 0.217198 0.965802 0.141606 8.94287 0.96318 -0.1885 -0.19171 54.9887
-0.161495 0.177006 -0.97087 -64.4567 0.221311 0.965224 0.139163 9.04621 0.961738 -0.19239 -0.195053 54.8444
-0.165156 0.177287 -0.970203 -65.191 0.226449 0.964248 0.137651 9.14863 0.95992 -0.196967 -0.199398 54.6972
-0.170202 0.178933 -0.969028 -65.9245 0.231829 0.963046 0.137109 9.25073 0.95775 -0.201313 -0.205394 54.545
-0.176071 0.182319 -0.967347 -66.6575 0.237509 0.961534 0.137993 9.35373 0.955296 -0.205457 -0.212601 54.3877
-0.182203 0.184259 -0.965842 -67.3893 0.242653 0.96033 0.137432 9.45625 0.952849 -0.209324 -0.219686 54.2248
-0.189014 0.182067 -0.964949 -68.1215 0.246588 0.959975 0.132827 9.55521 0.95051 -0.212839 -0.226344 54.0572
-0.195298 0.18077 -0.963941 -68.8541 0.25082 0.959388 0.129099 9.65162 0.948129 -0.216563 -0.232707 53.8845
-0.201198 0.180687 -0.962742 -69.5871 0.255385 0.958525 0.126524 9.74636 0.945674 -0.220413 -0.238998 53.7074
-0.209035 0.181703 -0.96088 -70.319 0.260321 0.957472 0.124427 9.83964 0.942622 -0.224128 -0.247446 53.5234
-0.218591 0.184695 -0.958179 -71.0501 0.265474 0.956144 0.12374 9.93281 0.939012 -0.227323 -0.258036 53.3316
-0.225671 0.187646 -0.955962 -71.78 0.269513 0.955003 0.123834 10.0263 0.936181 -0.229699 -0.26609 53.1335
-0.232507 0.187404 -0.954369 -72.5102 0.271513 0.954756 0.121333 10.1179 0.933928 -0.230913 -0.27287 52.9306
-0.238724 0.185189 -0.953267 -73.2403 0.272824 0.954902 0.117184 10.2065 0.931975 -0.2321 -0.278482 52.7231
-0.246815 0.183184 -0.951592 -73.9712 0.273763 0.955152 0.112864 10.2921 0.92959 -0.232654 -0.285895 52.51
-0.251418 0.183447 -0.950335 -74.7028 0.275046 0.954937 0.11157 10.3774 0.927975 -0.233336 -0.290545 52.2927
-0.251517 0.181213 -0.950738 -75.444 0.279852 0.953972 0.107795 10.4617 0.926511 -0.238953 -0.290654 52.0737
-0.255043 0.180833 -0.94987 -76.1853 0.284199 0.952986 0.105118 10.544 0.924221 -0.243143 -0.294445 51.8507
-0.257298 0.184232 -0.948608 -76.9268 0.287868 0.951702 0.106752 10.6281 0.922459 -0.245606 -0.297906 51.625
-0.260697 0.187274 -0.947083 -77.6676 0.291291 0.950545 0.107777 10.713 0.920427 -0.24778 -0.302356 51.3952
-0.263416 0.187105 -0.946364 -78.409 0.293679 0.95 0.10608 10.7965 0.918894 -0.249984 -0.305194 51.1635
-0.266373 0.18536 -0.945879 -79.1501 0.295563 0.949768 0.102887 10.8774 0.917435 -0.252161 -0.307778 50.9292
-0.268777 0.185181 -0.945234 -79.8924 0.297459 0.949334 0.101402 10.9575 0.916121 -0.253914 -0.310244 50.6931
-0.272156 0.183364 -0.944621 -80.6353 0.298386 0.949369 0.0983173 11.0353 0.91482 -0.255105 -0.31309 50.454
-0.275459 0.184272 -0.943487 -81.3794 0.300065 0.9489 0.0977233 11.113 0.913282 -0.256188 -0.316677 50.2117
-0.281191 0.18541 -0.941571 -82.1219 0.301964 0.948416 0.0965795 11.1899 0.910905 -0.257163 -0.322673 49.9643
-0.287836 0.185481 -0.939547 -82.8638 0.303543 0.948151 0.0941873 11.2649 0.908302 -0.258082 -0.329214 49.712
-0.296228 0.182781 -0.937465 -83.6042 0.304269 0.948441 0.0887757 11.3355 0.905355 -0.258944 -0.33657 49.4536
-0.306382 0.180003 -0.934735 -84.344 0.305501 0.948607 0.0825399 11.4015 0.901554 -0.260273 -0.345628 49.1881
-0.31327 0.17822 -0.932792 -85.0825 0.307128 0.948462 0.0780673 11.4641 0.898628 -0.262031 -0.351861 48.9176
-0.319126 0.177369 -0.930967 -85.8203 0.30909 0.948096 0.0746797 11.5241 0.895892 -0.26392 -0.357386 48.643
-0.323914 0.178285 -0.929137 -86.5565 0.311626 0.947386 0.0731486 11.583 0.893291 -0.26585 -0.36243 48.3642
-0.328248 0.177918 -0.927685 -87.2923 0.313582 0.946929 0.0706524 11.64 0.891022 -0.267713 -0.36662 48.0824
-0.333591 0.17719 -0.925917 -88.0265 0.315321 0.94658 0.0675397 11.6944 0.888419 -0.26943 -0.371642 47.7962
-0.338957 0.17929 -0.923561 -88.7595 0.318104 0.945697 0.0668397 11.7486 0.885392 -0.271132 -0.377583 47.5055
-0.343865 0.181046 -0.921401 -89.4908 0.32065 0.944897 0.0659965 11.802 0.882576 -0.272753 -0.382969 47.2102
-0.34817 0.180998 -0.919793 -90.2217 0.322663 0.944368 0.0636967 11.8537 0.880152 -0.274605 -0.387202 46.9119
-0.354889 0.180778 -0.917264 -90.9505 0.324452 0.943966 0.0605102 11.9027 0.876803 -0.276134 -0.393657 46.6081
-0.361185 0.183379 -0.914286 -91.6781 0.326737 0.943202 0.0601026 11.9517 0.873378 -0.277023 -0.400587 46.2988
-0.36727 0.187344 -0.911052 -92.4036 0.328083 0.94264 0.0615806 12.0021 0.870329 -0.276285 -0.407668 45.9834
-0.373473 0.187563 -0.908482 -93.1281 0.328026 0.942774 0.0597936 12.051 0.867708 -0.275674 -0.413627 45.6637
-0.380435 0.183565 -0.906407 -93.8508 0.326828 0.943546 0.0539102 12.0949 0.865131 -0.275731 -0.418952 45.3394
-0.387061 0.178244 -0.904663 -94.5733 0.325482 0.944388 0.0468129 12.1332 0.862697 -0.276332 -0.423552 45.0117
-0.392224 0.174186 -0.903228 -95.2948 0.324811 0.944883 0.0411715 12.167 0.860615 -0.27723 -0.427183 44.6809
-0.398247 0.17095 -0.901209 -96.0156 0.324637 0.94516 0.0358289 12.1967 0.857911 -0.278296 -0.431904 44.3464
-0.405574 0.165316 -0.898989 -96.7392 0.322531 0.946131 0.0284768 12.2205 0.855268 -0.278403 -0.437046 44.0069
-0.412074 0.162514 -0.896541 -97.4619 0.321592 0.94658 0.0237723 12.2408 0.852511 -0.278524 -0.442324 43.6634
-0.418575 0.163803 -0.893288 -98.1821 0.322021 0.946462 0.0226619 12.2604 0.849174 -0.278172 -0.448914 43.3141
-0.426396 0.167263 -0.888938 -98.9002 0.323213 0.946047 0.022974 12.2805 0.844819 -0.27752 -0.457453 42.9581
-0.434271 0.168918 -0.884802 -99.6152 0.323323 0.946036 0.0219174 12.2997 0.840755 -0.27656 -0.465451 42.5954
-0.44277 0.165285 -0.88127 -100.329 0.321131 0.946895 0.0162492 12.3141 0.837156 -0.275808 -0.472335 42.2274
-0.452201 0.159134 -0.877605 -101.042 0.31648 0.948558 0.00892829 12.3226 0.833878 -0.273708 -0.479302 41.8531
-0.460942 0.156263 -0.873565 -101.754 0.312809 0.949803 0.00484542 12.3283 0.830472 -0.271025 -0.486685 41.4727
-0.466963 0.153435 -0.870864 -102.466 0.309684 0.950839 0.00147131 12.3316 0.828276 -0.269006 -0.491523 41.088
-0.471671 0.153657 -0.868285 -103.177 0.308116 0.951348 0.000980974 12.3351 0.826191 -0.267069 -0.496067 40.6997
-0.476293 0.156643 -0.865222 -103.886 0.307699 0.95148 0.00287528 12.3404 0.82369 -0.264859 -0.501382 40.3065
-0.47906 0.158927 -0.863276 -104.595 0.307431 0.951559 0.0045765 12.3472 0.822186 -0.263204 -0.504713 39.9108
-0.481907 0.160082 -0.861475 -105.302 0.307234 0.951622 0.00496784 12.3542 0.820592 -0.262281 -0.507776 39.5122
-0.484006 0.160767 -0.860171 -106.008 0.30724 0.951619 0.00497948 12.3612 0.819355 -0.261868 -0.509984 39.112
-0.486259 0.162206 -0.858628 -106.714 0.307813 0.951432 0.00541722 12.3685 0.817803 -0.261663 -0.512572 38.7095
-0.487068 0.161973 -0.858214 -107.419 0.308009 0.951371 0.00474812 12.3753 0.817249 -0.262024 -0.513272 38.3066
-0.486323 0.161083 -0.858803 -108.125 0.308254 0.951297 0.0038737 12.3813 0.817599 -0.262846 -0.512292 37.9044
-0.484268 0.161325 -0.859919 -108.833 0.309253 0.95097 0.0042495 12.3877 0.818442 -0.263874 -0.510415 37.504
-0.483811 0.160713 -0.86029 -109.54 0.309958 0.950745 0.00329626 12.3932 0.818445 -0.265059 -0.509795 37.1038
-0.485727 0.158822 -0.859562 -110.247 0.310648 0.950525 8.67711e-05 12.3961 0.817048 -0.266979 -0.511033 36.7026
-0.489207 0.1564 -0.85803 -110.953 0.311005 0.9504 -0.00408302 12.3954 0.814832 -0.268849 -0.513584 36.299
-0.493838 0.153207 -0.855952 -111.657 0.31122 0.950291 -0.00946425 12.3904 0.811953 -0.271063 -0.51697 35.8928
-0.498467 0.150963 -0.853663 -112.36 0.311652 0.950094 -0.013962 12.3816 0.808952 -0.273006 -0.520639 35.4832
-0.502462 0.149714 -0.851539 -113.061 0.312677 0.949698 -0.0175274 12.3701 0.806081 -0.275063 -0.523999 35.071
-0.506271 0.150194 -0.849195 -113.761 0.314173 0.949168 -0.0194276 12.357 0.803109 -0.27663 -0.527723 34.6554
-0.509396 0.151583 -0.847077 -114.459 0.316047 0.948526 -0.0203191 12.3433 0.800394 -0.278066 -0.531083 34.2373
-0.512216 0.152533 -0.845203 -115.155 0.317878 0.947887 -0.0215789 12.3285 0.797864 -0.279725 -0.53401 33.8164
-0.514623 0.152306 -0.843782 -115.852 0.319436 0.947308 -0.0238309 12.3119 0.795691 -0.281798 -0.536159 33.394
-0.516762 0.151051 -0.842699 -116.546 0.320522 0.946862 -0.0268297 12.2927 0.793865 -0.283968 -0.537717 32.9701
-0.518321 0.149702 -0.841983 -117.241 0.321244 0.946538 -0.0294647 12.2715 0.792557 -0.285753 -0.538701 32.5454
-0.519339 0.147796 -0.841691 -117.936 0.321725 0.946281 -0.0323494 12.2478 0.791693 -0.287594 -0.53899 32.1202
-0.519955 0.145482 -0.841715 -118.631 0.32221 0.946001 -0.035532 12.2215 0.791094 -0.289683 -0.538753 31.6953
-0.520144 0.142459 -0.842114 -119.327 0.322563 0.945735 -0.039248 12.1921 0.790824 -0.29205 -0.53787 31.2709
-0.520558 0.141424 -0.842033 -120.023 0.32319 0.945445 -0.0410082 12.1614 0.790297 -0.293483 -0.537866 30.8464
-0.520696 0.143101 -0.841664 -120.719 0.32433 0.9451 -0.0399591 12.1316 0.789737 -0.293783 -0.538522 30.4208
-0.52056 0.143613 -0.841661 -121.416 0.325166 0.944815 -0.0398978 12.1018 0.789484 -0.294448 -0.538531 29.9951
-0.51869 0.141533 -0.843166 -122.115 0.32642 0.944279 -0.0422983 12.0696 0.790196 -0.297167 -0.535987 29.5712
-0.518902 0.139097 -0.843442 -122.815 0.327542 0.943722 -0.0458752 12.0344 0.789594 -0.300066 -0.53526 29.1475
-0.518966 0.138002 -0.843582 -123.515 0.328288 0.943377 -0.0476324 11.9976 0.789241 -0.301657 -0.534884 28.7234
-0.517076 0.140783 -0.844283 -124.218 0.32869 0.943413 -0.0439913 11.9642 0.790314 -0.300253 -0.534091 28.2996
-0.512844 0.140652 -0.846881 -124.922 0.329515 0.943176 -0.0428984 11.9313 0.792723 -0.301061 -0.530049 27.879
-0.507665 0.140064 -0.850094 -125.63 0.330598 0.942833 -0.0420846 11.899 0.795602 -0.302403 -0.524948 27.4627
-0.504662 0.143363 -0.85133 -126.339 0.33237 0.942371 -0.0383325 11.8699 0.796772 -0.302302 -0.523228 27.0472
-0.503217 0.146265 -0.851693 -127.05 0.334289 0.941791 -0.0357741 11.8428 0.796884 -0.302713 -0.52282 26.6319
-0.504173 0.148234 -0.850786 -127.759 0.336136 0.941155 -0.0352141 11.816 0.795501 -0.303734 -0.524331 26.215
-0.5046 0.147854 -0.850599 -128.47 0.334863 0.941617 -0.0349746 11.7894 0.795768 -0.302481 -0.524651 25.7974
-0.506396 0.147957 -0.849513 -129.18 0.333568 0.942086 -0.0347605 11.7629 0.79517 -0.300973 -0.526421 25.378
-0.508364 0.147442 -0.848427 -129.891 0.332418 0.942467 -0.0353953 11.7358 0.794396 -0.300025 -0.528129 24.9571
-0.509048 0.14526 -0.848392 -130.601 0.331214 0.942818 -0.0373063 11.707 0.79446 -0.299991 -0.528051 24.5362
-0.509623 0.142196 -0.848567 -131.313 0.330073 0.943099 -0.0401943 11.6758 0.794568 -0.300572 -0.52756 24.1157
-0.510665 0.139994 -0.848306 -132.025 0.329163 0.943318 -0.0424766 11.6427 0.794275 -0.300923 -0.527799 23.6947
-0.511994 0.139506 -0.847586 -132.736 0.328661 0.943457 -0.0432458 11.6091 0.793628 -0.300709 -0.528894 23.2727
-0.512393 0.13951 -0.847343 -133.447 0.327778 0.943784 -0.0428197 11.576 0.793734 -0.299681 -0.529317 22.8503
-0.513082 0.138826 -0.847039 -134.159 0.32714 0.943976 -0.0434471 11.5423 0.793553 -0.299392 -0.529753 22.4276
-0.513867 0.137289 -0.846813 -134.87 0.326609 0.944082 -0.0451351 11.507 0.793263 -0.29977 -0.529972 22.0045
-0.515286 0.136742 -0.846039 -135.581 0.326949 0.943893 -0.0465721 11.4707 0.792203 -0.300609 -0.531083 21.5805
-0.516801 0.135923 -0.845246 -136.291 0.327137 0.943745 -0.0482554 11.4328 0.791137 -0.30145 -0.532193 21.1555
-0.517823 0.135317 -0.844719 -137 0.327309 0.94362 -0.049484 11.394 0.790398 -0.302107 -0.532919 20.73
-0.520198 0.135651 -0.843203 -137.708 0.327806 0.943397 -0.0504635 11.3543 0.788629 -0.302658 -0.53522 20.3023
-0.522823 0.136616 -0.841423 -138.415 0.328302 0.943202 -0.0508512 11.3144 0.786686 -0.302826 -0.53798 19.8723
-0.526793 0.138088 -0.838702 -139.12 0.3286 0.943085 -0.0511201 11.2741 0.783907 -0.302527 -0.542186 19.4385
-0.532216 0.139784 -0.834989 -139.822 0.328796 0.942984 -0.0517088 11.2334 0.780154 -0.302061 -0.547832 18.9998
-0.538081 0.141204 -0.830981 -140.521 0.328716 0.942962 -0.0526196 11.1919 0.776153 -0.301471 -0.553805 18.5559
-0.5442 0.141683 -0.826906 -141.218 0.328099 0.943079 -0.0543392 11.149 0.772139 -0.300878 -0.559709 18.107
-0.549982 0.140959 -0.823195 -141.911 0.326928 0.943336 -0.0568908 11.1038 0.768529 -0.300414 -0.564901 17.6535
-0.554691 0.139188 -0.820332 -142.604 0.326171 0.943373 -0.0604845 11.0556 0.765462 -0.301118 -0.56868 17.1968
-0.558473 0.136411 -0.818229 -143.295 0.326164 0.943049 -0.0653985 11.0031 0.762709 -0.3034 -0.571159 16.7377
-0.562768 0.136066 -0.815339 -143.985 0.327722 0.942254 -0.0689558 10.948 0.758875 -0.30601 -0.574863 16.2752
-0.566144 0.139936 -0.812341 -144.673 0.331438 0.940959 -0.0688961 10.8931 0.754738 -0.308246 -0.579098 15.8087
-0.567971 0.145113 -0.810155 -145.36 0.335513 0.939656 -0.0669069 10.8402 0.751559 -0.309818 -0.582385 15.3394
-0.569339 0.148834 -0.808518 -146.046 0.338867 0.938527 -0.0658545 10.788 0.749014 -0.311474 -0.584774 14.8677
-0.570856 0.150362 -0.807164 -146.731 0.341811 0.937368 -0.0671246 10.7345 0.746518 -0.314216 -0.586498 14.3944
-0.572863 0.152465 -0.805346 -147.416 0.34369 0.93668 -0.0671459 10.6809 0.744114 -0.315255 -0.588989 13.9181
-0.574376 0.155121 -0.80376 -148.101 0.345715 0.935986 -0.0664117 10.628 0.742007 -0.316016 -0.591236 13.4396
-0.575296 0.15674 -0.802787 -148.785 0.34822 0.935017 -0.0669849 10.5744 0.740119 -0.318082 -0.592492 12.9598
-0.5748 0.158094 -0.802877 -149.47 0.350858 0.934008 -0.0672726 10.5208 0.739259 -0.320363 -0.592337 12.48
-0.574224 0.159864 -0.802938 -150.155 0.352876 0.933301 -0.0665411 10.4677 0.738745 -0.321548 -0.592336 11.9996
-0.574847 0.161422 -0.802181 -150.84 0.353736 0.933032 -0.0657353 10.4153 0.73785 -0.321547 -0.593451 11.5174
-0.574819 0.160508 -0.802384 -151.528 0.353322 0.933139 -0.0664512 10.3617 0.738069 -0.321698 -0.593097 11.0331
-0.576903 0.160364 -0.800916 -152.216 0.352289 0.933501 -0.0668434 10.3079 0.736937 -0.320715 -0.595034 10.5469
-0.580603 0.16088 -0.798134 -152.901 0.350751 0.934079 -0.0668717 10.2539 0.73476 -0.318772 -0.598758 10.057
-0.585088 0.160777 -0.794873 -153.584 0.349429 0.934477 -0.0681917 10.1987 0.731828 -0.317649 -0.602932 9.56337
-0.589161 0.161994 -0.79161 -154.264 0.348464 0.93485 -0.0680399 10.1437 0.729014 -0.315934 -0.607226 9.06563
-0.593569 0.162058 -0.788297 -154.943 0.347332 0.935179 -0.0692782 10.0875 0.725973 -0.314921 -0.611382 8.56411
-0.596512 0.163698 -0.785733 -155.62 0.348511 0.934699 -0.0698485 10.031 0.722989 -0.315502 -0.61461 8.05905
-0.601363 0.163733 -0.782019 -156.296 0.349039 0.934276 -0.072795 9.9719 0.718703 -0.316731 -0.618989 7.54994
-0.604453 0.164441 -0.779485 -156.971 0.350754 0.933454 -0.0750697 9.91109 0.715268 -0.318784 -0.621907 7.0373
-0.609082 0.165411 -0.775667 -157.645 0.351945 0.932811 -0.0774377 9.84833 0.710743 -0.320157 -0.626374 6.52051
-0.612778 0.165686 -0.772691 -158.317 0.352801 0.932283 -0.0798787 9.78342 0.707131 -0.321554 -0.629737 6.00014
-0.617262 0.16687 -0.768858 -158.987 0.353417 0.93191 -0.081475 9.71725 0.702912 -0.322018 -0.634208 5.47538
-0.621891 0.169622 -0.764513 -159.654 0.355321 0.931101 -0.0824518 9.65028 0.697853 -0.322924 -0.639313 4.94551
-0.625159 0.173534 -0.760961 -160.32 0.358152 0.930042 -0.0821428 9.58377 0.693473 -0.323891 -0.643576 4.41172
-0.629631 0.178092 -0.756206 -160.982 0.361468 0.928751 -0.0822368 9.51712 0.687681 -0.325123 -0.649145 3.87219
-0.633015 0.181407 -0.752585 -161.643 0.365486 0.927022 -0.0839634 9.44886 0.682432 -0.328208 -0.65312 3.3279
-0.634229 0.182351 -0.751334 -162.304 0.369489 0.925119 -0.0873701 9.37739 0.67914 -0.333023 -0.654113 2.78205
-0.637663 0.183426 -0.748158 -162.963 0.372792 0.923407 -0.0913415 9.30264 0.674102 -0.337152 -0.657203 2.23297
-0.638739 0.188069 -0.746085 -163.62 0.376497 0.922046 -0.0899017 9.22969 0.671016 -0.338323 -0.659754 1.68159
-0.640768 0.193391 -0.742979 -164.276 0.379113 0.921235 -0.0871688 9.15931 0.667601 -0.337527 -0.663615 1.12657
-0.64389 0.196358 -0.739493 -164.928 0.381088 0.920397 -0.0874265 9.08856 0.663459 -0.338105 -0.667463 0.567868
-0.64689 0.195911 -0.736989 -165.579 0.382705 0.919324 -0.0915366 9.01416 0.6596 -0.341263 -0.669678 0.00711984
-0.650552 0.194731 -0.734073 -166.228 0.384498 0.917992 -0.0972303 8.93474 0.654938 -0.345503 -0.672075 -0.555966
-0.654781 0.197018 -0.729689 -166.874 0.387418 0.916442 -0.100204 8.85303 0.648976 -0.348305 -0.676398 -1.12333
-0.65832 0.201705 -0.725211 -167.515 0.391446 0.914648 -0.100947 8.77087 0.64295 -0.350336 -0.681087 -1.69525
-0.661646 0.207293 -0.720593 -168.155 0.395634 0.912874 -0.100662 8.68915 0.636946 -0.351693 -0.686012 -2.27214
-0.664971 0.211285 -0.71636 -168.792 0.398457 0.91161 -0.101 8.60699 0.6317 -0.3526 -0.690382 -2.85387
-0.669364 0.213705 -0.711535 -169.426 0.400164 0.910643 -0.10294 8.52312 0.625957 -0.353634 -0.695069 -3.44011
-0.672628 0.216202 -0.707693 -170.057 0.402409 0.909462 -0.104627 8.43789 0.620998 -0.355157 -0.698731 -4.03024
-0.674627 0.218061 -0.705215 -170.688 0.404485 0.908373 -0.10606 8.35149 0.617472 -0.356799 -0.701016 -4.62258
-0.676907 0.218777 -0.702804 -171.316 0.406192 0.907289 -0.108792 8.2626 0.613844 -0.359115 -0.703016 -5.21698
-0.678225 0.219746 -0.70123 -171.944 0.408127 0.90618 -0.110766 8.17208 0.611101 -0.361314 -0.704278 -5.81263
-0.679077 0.220771 -0.700082 -172.57 0.409993 0.905156 -0.11225 8.08025 0.608901 -0.363255 -0.705185 -6.40918
-0.680836 0.221084 -0.698273 -173.196 0.411383 0.9042 -0.114825 7.98613 0.605993 -0.365434 -0.706562 -7.00722
-0.682174 0.22173 -0.69676 -173.82 0.412524 0.903484 -0.116372 7.89059 0.603707 -0.366816 -0.707802 -7.60662
-0.684485 0.221845 -0.694454 -174.444 0.413512 0.902659 -0.119217 7.79244 0.600409 -0.368766 -0.709592 -8.20796
-0.685602 0.223556 -0.692801 -175.067 0.416297 0.901116 -0.121195 7.69191 0.597199 -0.371502 -0.710872 -8.81269
-0.687935 0.224052 -0.690323 -175.69 0.418377 0.899639 -0.12494 7.58792 0.59305 -0.374765 -0.712631 -9.41966
-0.691596 0.223548 -0.686819 -176.31 0.419746 0.89824 -0.130303 7.47901 0.587799 -0.378407 -0.715053 -10.0293
-0.69542 0.224247 -0.682719 -176.93 0.420674 0.897294 -0.133772 7.36662 0.582602 -0.380229 -0.718332 -10.6446
-0.69811 0.225373 -0.679595 -177.547 0.421909 0.896358 -0.136145 7.25221 0.578477 -0.381771 -0.720843 -11.2622
-0.700373 0.227045 -0.676705 -178.163 0.42296 0.895696 -0.137232 7.13697 0.574965 -0.382332 -0.723352 -11.8823
-0.70209 0.228626 -0.674389 -178.776 0.423934 0.895136 -0.137885 7.02116 0.572144 -0.382704 -0.725388 -12.5043
-0.704753 0.229358 -0.671355 -179.388 0.424293 0.894676 -0.139747 6.90367 0.568594 -0.383338 -0.727841 -13.1288
-0.708286 0.229193 -0.667684 -179.996 0.424122 0.894253 -0.142945 6.78323 0.564315 -0.384425 -0.730592 -13.7558
-0.711314 0.229604 -0.664315 -180.602 0.424331 0.893749 -0.145448 6.66063 0.560337 -0.385348 -0.733164 -14.3855
-0.715115 0.230671 -0.659849 -181.204 0.424663 0.893174 -0.147993 6.53572 0.555222 -0.386046 -0.73668 -15.0187
-0.719574 0.232901 -0.654195 -181.802 0.425112 0.892658 -0.149799 6.40927 0.549085 -0.385896 -0.741343 -15.6564
-0.723371 0.236547 -0.648675 -182.395 0.426497 0.891903 -0.150365 6.28231 0.542987 -0.385428 -0.746064 -16.2988
-0.726391 0.239606 -0.644163 -182.986 0.428074 0.890988 -0.1513 6.15446 0.53769 -0.385651 -0.749775 -16.9453
-0.729141 0.241649 -0.640281 -183.574 0.429457 0.890006 -0.153159 6.02472 0.532842 -0.386647 -0.752717 -17.5955
-0.730708 0.244089 -0.637563 -184.161 0.43132 0.888958 -0.153998 5.89432 0.529179 -0.387519 -0.75485 -18.248
-0.730188 0.246983 -0.637044 -184.747 0.434146 0.887674 -0.153471 5.76444 0.527582 -0.388632 -0.755396 -18.9013
-0.728551 0.250465 -0.63756 -185.335 0.437366 0.886421 -0.151554 5.6363 0.527188 -0.38926 -0.755347 -19.5551
-0.726246 0.254025 -0.638779 -185.923 0.441019 0.884963 -0.149482 5.5098 0.527323 -0.390274 -0.75473 -20.2089
-0.722791 0.257751 -0.641201 -186.515 0.444642 0.883732 -0.145976 5.38637 0.529026 -0.390613 -0.753361 -20.8621
-0.720095 0.260267 -0.643215 -187.109 0.447758 0.88245 -0.144205 5.26394 0.530072 -0.391846 -0.751985 -21.5155
-0.719141 0.261396 -0.643824 -187.705 0.449837 0.88132 -0.144639 5.14067 0.529608 -0.393631 -0.751379 -22.1694
-0.719377 0.263159 -0.64284 -188.3 0.45093 0.880864 -0.144019 5.01735 0.528355 -0.39348 -0.75234 -22.8263
-0.717717 0.266757 -0.643213 -188.898 0.45332 0.880156 -0.140803 4.89659 0.528568 -0.392637 -0.75263 -23.4858
-0.715287 0.268321 -0.645266 -189.498 0.456639 0.878422 -0.140916 4.7748 0.529005 -0.395449 -0.750849 -24.1452
-0.715163 0.269211 -0.645033 -190.1 0.459533 0.876459 -0.143695 4.65012 0.526661 -0.399178 -0.750523 -24.8056
-0.71743 0.272383 -0.641172 -190.697 0.462282 0.874685 -0.14568 4.52367 0.521142 -0.400917 -0.753443 -25.4696
-0.721601 0.277384 -0.634312 -191.29 0.464927 0.873038 -0.147126 4.39595 0.512969 -0.401073 -0.758949 -26.1399
-0.727612 0.272738 -0.629439 -191.907 0.461835 0.87323 -0.155493 4.25836 0.507236 -0.403836 -0.761333 -26.8377
-0.730597 0.273644 -0.625578 -192.524 0.460881 0.873624 -0.156104 4.12095 0.503804 -0.402364 -0.764385 -27.5401
-0.73446 0.275886 -0.620045 -193.133 0.460415 0.873785 -0.156587 3.98288 0.498585 -0.400485 -0.768782 -28.247
