0.999999 -0.000281211 -0.00131528 -0.00103686 0.000279349 0.999999 -0.00142241 -0.00112357 0.00131567 0.00142205 0.999998 0.749816
0.999999 -0.000353595 -0.00169179 -0.0013348 0.000349422 0.999997 -0.00247249 -0.0019605 0.00169266 0.00247189 0.999996 0.749631
0.999997 -0.000256762 -0.00248301 -0.00189719 0.000250084 0.999996 -0.00268182 -0.00211836 0.00248369 0.00268119 0.999993 0.749306
0.999997 -0.000197533 -0.00239215 -0.00184293 0.000191791 0.999997 -0.00240434 -0.00188844 0.00239262 0.00240386 0.999994 0.749255
0.999995 -0.000624083 -0.00289246 -0.00215729 0.000613625 0.999993 -0.00360875 -0.00283287 0.00289469 0.00360696 0.999989 0.748937
0.999998 -0.000275214 -0.0020836 -0.001516 0.000270716 0.999998 -0.00216638 -0.00167144 0.00208419 0.0021658 0.999995 0.748885
0.999994 4.08293e-05 -0.0034862 -0.00253078 -4.68253e-05 0.999998 -0.00171503 -0.00130474 0.00348612 0.00171518 0.999993 0.748575
0.999998 -7.92908e-05 -0.00219745 -0.00151079 7.52964e-05 0.999999 -0.00182485 -0.00139119 0.00219759 0.00182468 0.999996 0.748475
0.999997 -0.000317364 -0.00262733 -0.00178888 0.000308708 0.999994 -0.00328832 -0.00255098 0.00262836 0.00328751 0.999991 0.748253
0.999995 -0.000342969 -0.0030455 -0.00204088 0.000330321 0.999992 -0.00415464 -0.00323021 0.0030469 0.00415361 0.999987 0.747994
0.999996 -9.85921e-05 -0.00278387 -0.00179992 8.77588e-05 0.999992 -0.00388451 -0.00299583 0.00278424 0.00388425 0.999989 0.747884
0.999995 0.00122376 -0.00290226 -0.00183713 -0.00122531 0.999999 -0.00053878 -0.000308578 0.0029016 0.000542331 0.999995 0.747709
0.999992 0.00292902 -0.00281576 -0.00167209 -0.00291466 0.999983 0.00509617 0.00422968 0.00283065 -0.00508792 0.999983 0.747476
0.999992 0.00320711 -0.00242799 -0.00119187 -0.00318806 0.999964 0.00780104 0.00643281 0.00245292 -0.00779324 0.999966 0.74701
0.999994 0.00230458 -0.00259106 -0.00122655 -0.00228959 0.999981 0.00577943 0.00480881 0.00260432 -0.00577346 0.99998 0.746805
0.999997 0.000445901 -0.00240446 -0.000989021 -0.000447238 1 -0.000563229 -0.000301081 0.00240422 0.000564298 0.999997 0.746589
0.999997 -0.000852308 -0.00241961 -0.000915525 0.000838107 0.999983 -0.00586085 -0.00456649 0.00242454 0.00585881 0.99998 0.746337
0.999996 -0.000777389 -0.00241139 -0.000863765 0.000763824 0.999984 -0.00562328 -0.00434013 0.00241575 0.00562141 0.999981 0.746211
0.999999 0.000694475 -0.00142281 -9.45323e-05 -0.000695313 1 -0.000581183 -0.000260164 0.00142236 0.000582181 0.999999 0.746266
0.999997 0.00230875 2.15316e-05 0.000961696 -0.00230884 0.999973 0.00699046 0.00585558 -5.36624e-06 -0.0069905 0.999975 0.746431
0.999999 0.00164252 -0.000559728 0.000385991 -0.00163905 0.99998 0.00615491 0.00516153 0.000569805 -0.00615396 0.999981 0.746588
0.999999 7.69164e-05 -0.00083837 0.00012231 -7.51663e-05 0.999998 0.00206233 0.00181861 0.000838559 -0.00206227 0.999997 0.74655
1 -0.0012932 -0.000136974 0.00064275 0.00129303 0.999999 -0.0011661 -0.000832138 0.000138442 0.00116593 1 0.746553
0.999998 -0.00152693 -7.6269e-05 0.000662885 0.00152678 0.999996 -0.00202095 -0.00152453 7.94001e-05 0.00202082 0.999998 0.746531
1 -0.000625971 -6.16664e-05 0.000502088 0.000625799 0.999998 -0.00216243 -0.00167053 6.29758e-05 0.00216239 0.999998 0.746735
0.999996 -0.00209651 0.00146978 0.00170026 0.00210433 0.999983 -0.00530527 -0.00424829 -0.0014586 0.00530835 0.999985 0.746791
0.999994 -0.00235059 0.00280077 0.00268946 0.00236598 0.999982 -0.00552018 -0.00442753 -0.00278777 0.00552677 0.999981 0.746965
0.99999 -0.00175272 0.00410516 0.0034871 0.00176916 0.99999 -0.00399812 -0.00323674 -0.00409808 0.00400534 0.999983 0.747432
0.999997 -0.00092981 0.00256537 0.00198806 0.000935883 0.999997 -0.0023871 -0.00197201 -0.00256319 0.00238949 0.999994 0.747854
0.999998 -0.000546041 0.0018509 0.0011008 0.000547664 0.999999 -0.000854403 -0.000743849 -0.00185038 0.000855419 0.999997 0.748302
1 0.000178389 0.000803523 -0.0002514 -0.000177477 1 -0.0011723 -0.00105291 -0.000803774 0.00117213 0.999999 0.748885
0.999998 0.000180887 0.00208699 0.000617872 -0.000177078 0.999998 -0.00181721 -0.00159914 -0.00208727 0.00181687 0.999996 0.749107
0.999997 0.00132219 0.00231857 0.000218742 -0.00132154 0.999999 -0.000288754 -0.000411319 -0.00231899 0.000285664 0.999997 0.750188
0.999998 0.00153818 0.000749319 -0.00125224 -0.00153794 0.999999 -0.000302874 -0.000435394 -0.000749737 0.000301747 0.999999 0.75045
0.999999 0.00181317 -4.88502e-05 -0.00201881 -0.00181321 0.999998 -0.000947677 -0.00102566 4.70948e-05 0.000947728 1 0.750747
0.999996 0.00168932 0.00194811 -0.000574902 -0.00168923 0.999998 -4.19722e-05 -0.00029104 -0.00194814 3.87119e-05 0.999998 0.751078
0.999998 0.00199554 0.000539957 -0.00181668 -0.00199573 0.999998 0.000340286 1.61701e-05 -0.000539316 -0.000341386 1 0.751413
0.999998 0.0020106 -0.000715705 -0.00290268 -0.00200891 0.999995 0.00234687 0.00167184 0.000720458 -0.00234541 0.999997 0.752019
0.999996 0.00158241 -0.00246173 -0.0043332 -0.00157944 0.999998 0.00120851 0.000721456 0.0024636 -0.00120464 0.999997 0.752375
0.999998 0.000982059 -0.00158666 -0.0036521 -0.000982614 0.999999 -0.000337535 -0.000561043 0.00158636 0.000339101 0.999998 0.752815
0.999998 0.00116145 -0.00181964 -0.00382324 -0.00115983 0.999999 0.000882283 0.000398898 0.00182063 -0.000880174 0.999999 0.75345
0.999995 -4.4306e-05 -0.0029319 -0.00471685 5.09741e-05 0.999997 0.00228034 0.00156083 0.00293181 -0.00228047 0.999992 0.754481
0.999997 -0.000360216 -0.00239786 -0.00419369 0.000368512 0.999994 0.00345555 0.00250085 0.00239657 -0.00345642 0.999992 0.75512
0.999995 -0.000185687 -0.00303967 -0.00453613 0.000202841 0.999983 0.00564761 0.00418249 0.0030386 -0.0056482 0.999979 0.756348
0.999993 -0.000573564 -0.00380352 -0.00380363 0.000585496 0.999995 0.00313291 0.00166678 0.00380166 -0.00313512 0.999989 0.761992
0.999998 -0.000324547 -0.00182712 -0.00196204 0.00033059 0.999994 0.00331921 0.00170778 0.00182606 -0.00331981 0.999992 0.762748
0.999995 -0.000608942 -0.00317996 -0.00307839 0.000619235 0.999995 0.00322978 0.00152073 0.00317794 -0.00323173 0.999991 0.76371
0.999986 -0.00131892 -0.00499843 -0.00453383 0.0013449 0.999985 0.00519852 0.00224924 0.00499152 -0.00520519 0.999973 0.772706
0.999987 -0.000970316 -0.00509651 -0.00421956 0.000985031 0.999996 0.00288521 6.91029e-05 0.00509366 -0.00289018 0.999984 0.774692
0.999989 -0.00164767 -0.00428798 -0.00320243 0.00166648 0.999989 0.00438604 0.00117012 0.00428074 -0.00439315 0.99998 0.775957
0.999991 -0.00280005 -0.00345876 -0.00186298 0.00282188 0.999976 0.00632811 0.00262163 0.0034409 -0.00633779 0.999975 0.778072
0.999982 -0.00300452 -0.00506039 -0.00259088 0.00302609 0.999986 0.00426113 0.000652567 0.00504758 -0.00427639 0.999977 0.780129
0.999985 -0.00370582 -0.00419155 -0.000603376 0.00370972 0.999993 0.00092154 -0.0025768 0.00418805 -0.000937054 0.999992 0.783908
0.999958 -0.00555588 -0.00724317 -0.00130955 0.00557455 0.999981 0.00255774 -0.0015732 0.00722887 -0.00259805 0.999969 0.789197
0.99998 -0.00529554 -0.00355878 0.00446125 0.0053031 0.999984 0.00212238 -0.00249459 0.00354744 -0.00214117 0.999993 0.795397
0.999991 -0.00397045 0.00064295 0.0112459 0.00396803 0.999985 0.00376716 -0.00169899 -0.00065787 -0.0037646 0.999991 0.80199
0.999998 0.00169186 0.00156368 0.0214836 -0.00169195 0.999999 2.77856e-05 -0.00691785 -0.00156367 -3.04058e-05 1 0.820255
0.999983 0.00489679 0.00279911 0.0240618 -0.00489027 0.999985 -0.0023156 -0.00962472 -0.00281037 0.00230185 0.999992 0.823554
0.999961 0.00554852 0.00691061 0.0283419 -0.0055219 0.999978 -0.00386922 -0.0112347 -0.00693196 0.00383092 0.99997 0.824374
0.999976 0.00533741 0.00421533 0.0258141 -0.00532206 0.999979 -0.00363886 -0.0110206 -0.00423463 0.00361633 0.999983 0.824735
0.999986 0.00536539 0.000120161 0.0218302 -0.00536484 0.999977 -0.00429562 -0.0116968 -0.000143239 0.00429492 0.999992 0.825514
0.999987 0.00453831 -0.00174859 0.0200085 -0.00454665 0.999978 -0.00480529 -0.0121545 0.00172678 0.00481318 0.999986 0.825979
0.999986 0.00413336 -0.00347209 0.0183743 -0.00415188 0.999978 -0.00533422 -0.0126672 0.00344995 0.00534855 0.999981 0.826444
0.999983 0.00431793 -0.00367077 0.0179976 -0.0043317 0.999983 -0.00376323 -0.0112927 0.00365447 0.00377907 0.999985 0.826894
0.999989 0.00337784 -0.0034276 0.017876 -0.00338277 0.999994 -0.0014255 -0.00929064 0.00342275 0.00143707 0.999994 0.827681
0.999992 0.00313248 -0.00230131 0.0186628 -0.00312912 0.999994 0.00145416 -0.00677482 0.00230587 -0.00144695 0.999995 0.828252
0.999999 0.00167903 -0.000672488 0.0198081 -0.00167653 0.999992 0.00375853 -0.00473738 0.000678777 -0.00375738 0.999994 0.828897
0.999995 0.000726303 -0.00295028 0.0175521 -0.000726698 0.999999 -0.000147917 -0.00835826 0.0029502 0.000150047 0.999994 0.829527
0.999994 -0.000500185 -0.00356369 0.0168373 0.00049169 0.999997 -0.00237299 -0.0103827 0.00356484 0.00237123 0.999992 0.829918
0.999996 -0.00106049 -0.00237849 0.0177955 0.00105466 0.999996 -0.00246344 -0.0104423 0.00238111 0.00246089 0.999993 0.830134
0.999995 -0.00178062 -0.00282191 0.0170878 0.00177962 0.999999 -0.000347505 -0.00844573 0.00282249 0.000342515 0.999997 0.830358
0.999994 -0.00304412 -0.00147293 0.0183102 0.00304538 0.999995 0.000831087 -0.00721866 0.00147045 -0.000835618 0.999997 0.830833
0.999995 -0.00328024 -0.00024083 0.0192307 0.00328056 0.999994 0.00156187 -0.00656343 0.00023564 -0.0015626 1 0.831001
0.999995 -0.00192545 -0.00238465 0.017138 0.00193549 0.999989 0.00419761 -0.00428121 0.00237661 -0.00420227 0.999987 0.831636
0.999995 -0.00212713 -0.00256578 0.0169047 0.00213503 0.999993 0.00310063 -0.00532112 0.0025591 -0.00310603 0.999993 0.832424
0.999988 -0.00318602 -0.0035163 0.0158203 0.00319256 0.999993 0.00183458 -0.00644509 0.00351046 -0.00184583 0.999991 0.833114
0.999982 -0.00436189 -0.00425825 0.0147139 0.00436608 0.99999 0.000989734 -0.00716764 0.00425385 -0.00100826 0.999992 0.834161
0.999987 -0.00399876 -0.00297265 0.0156309 0.00400094 0.999991 0.000705737 -0.00748852 0.00296984 -0.000717684 0.999994 0.834416
0.999994 -0.00321315 -0.00171146 0.0165728 0.00321622 0.999993 0.00183093 -0.00655485 0.00170553 -0.00183636 0.999998 0.835101
0.999984 -0.00331798 -0.0044497 0.0139723 0.00333055 0.99999 0.00280322 -0.00560301 0.00444039 -0.00281806 0.999985 0.83576
0.999978 -0.00325888 -0.00577921 0.0126792 0.0032654 0.999994 0.0011253 -0.00711333 0.00577547 -0.00114408 0.999984 0.836329
0.999968 -0.00245716 -0.00760668 0.0110051 0.0024446 0.999996 -0.00166659 -0.00965869 0.00761077 0.00164788 0.999968 0.837259
0.999982 -0.0020694 -0.00568362 0.012949 0.002058 0.999996 -0.00200187 -0.00994758 0.0056877 0.0019902 0.999983 0.837916
0.999985 -0.00213424 -0.00505777 0.0136292 0.00214495 0.999996 0.00210314 -0.00616359 0.00505333 -0.00211402 0.999984 0.838504
0.999989 2.78116e-05 -0.00479804 0.0141592 -6.76329e-06 0.99999 0.00439556 -0.00423794 0.00479804 -0.0043954 0.99998 0.8395
0.999991 -0.00103231 -0.0041756 0.0147396 0.00106071 0.999976 0.00679397 -0.0019747 0.00416859 -0.00679841 0.999967 0.839729
0.999995 -0.00147946 -0.00298533 0.0157979 0.00149133 0.999991 0.0039862 -0.00444866 0.0029793 -0.00399055 0.999989 0.839742
0.999994 -0.00148121 -0.00315083 0.0156506 0.00148503 0.999998 0.00120222 -0.00696648 0.00314913 -0.00120697 0.999993 0.839887
0.999993 -0.00158906 -0.00349932 0.0153358 0.00159092 0.999998 0.000538178 -0.00760531 0.00349838 -0.000543668 0.999995 0.84015
0.999994 -0.00194761 -0.00270832 0.0160284 0.001952 0.999997 0.00160657 -0.0066873 0.00270529 -0.00161192 0.999994 0.840322
0.99999 -0.00300532 -0.00336187 0.0153916 0.00301485 0.999991 0.00284048 -0.0055415 0.00335319 -0.00285052 0.999992 0.840545
0.999987 -0.00331606 -0.00384963 0.0148658 0.00332392 0.999993 0.00203292 -0.00630115 0.003843 -0.00204576 0.999989 0.840842
0.999988 -0.00356601 -0.00327135 0.0153674 0.00357736 0.999987 0.00347668 -0.00497874 0.00325873 -0.00348827 0.99999 0.840874
0.999986 -0.00322225 -0.00412832 0.0145278 0.00322878 0.999994 0.00157332 -0.00678607 0.00412341 -0.00158669 0.999989 0.84121
0.999983 -0.0034271 -0.00465917 0.0140165 0.00343284 0.999993 0.0012302 -0.0071319 0.00465478 -0.00124612 0.99999 0.841329
0.999976 -0.00283923 -0.00626306 0.0124667 0.00283586 0.999996 -0.000555628 -0.00884232 0.00626475 0.000537783 0.999979 0.841626
0.999977 -0.00236367 -0.00633455 0.0123388 0.00235789 0.999997 -0.000908129 -0.0091943 0.00633655 0.000893253 0.999981 0.841775
0.999975 -0.00185832 -0.00678135 0.0118359 0.00185054 0.999998 -0.00116547 -0.00948465 0.00678365 0.00115279 0.999975 0.841627
0.999979 -0.0012524 -0.00632372 0.0121508 0.00125507 0.999999 0.000431561 -0.00806385 0.00632305 -0.000439389 0.999981 0.841635
0.999983 -0.000427967 -0.00587136 0.0124697 0.00043225 1 0.000713707 -0.00789574 0.00587121 -0.00071633 0.999981 0.841364
0.999989 0.000482925 -0.00466909 0.0134329 -0.000483106 1 -2.14398e-05 -0.00864641 0.00466893 2.37953e-05 0.999991 0.840988
0.999992 0.00114494 -0.00380399 0.0141642 -0.00114613 1 -0.000332865 -0.00901619 0.00380376 0.00033712 0.999991 0.840741
0.999991 0.00129256 -0.00389767 0.0140786 -0.00129823 0.999998 -0.00142864 -0.0100113 0.00389567 0.00143378 0.999993 0.840539
0.999991 0.00137062 -0.00396929 0.0140172 -0.0013791 0.999997 -0.00215747 -0.0107208 0.00396644 0.00216283 0.999988 0.840286
0.99999 0.00125627 -0.00431807 0.0137087 -0.00127354 0.999991 -0.0039792 -0.0123633 0.00431292 0.00398475 0.999984 0.840015
0.999989 0.00150856 -0.00446577 0.0135658 -0.00153 0.999987 -0.0048207 -0.0131027 0.00445853 0.00482739 0.999977 0.839754
0.999991 0.00152163 -0.00404547 0.013929 -0.00154067 0.999988 -0.00467981 -0.0129543 0.00403819 0.00468608 0.999983 0.839488
0.999995 0.00153107 -0.00272767 0.0150952 -0.00153922 0.999994 -0.00302544 -0.0114281 0.00272315 0.00302953 0.99999 0.83907
0.999999 0.00140273 -0.000774098 0.0168036 -0.00140436 0.999997 -0.00196417 -0.0104228 0.000771225 0.00196534 1 0.838567
0.999997 0.00169833 0.00107243 0.0183854 -0.00169704 0.999998 -0.00108609 -0.0095824 -0.00107414 0.00108418 0.999997 0.83797
0.999994 0.00165934 0.00324953 0.0202911 -0.00165318 0.999997 -0.00192883 -0.010288 -0.00325283 0.00192353 0.999995 0.837414
0.999981 0.00121771 0.00599126 0.0227064 -0.00120224 0.999996 -0.00256679 -0.0107916 -0.00599424 0.00255945 0.999977 0.836728
0.999964 0.000841541 0.00849186 0.0249067 -0.000815193 0.999995 -0.00311924 -0.0112005 -0.00849457 0.00311229 0.999961 0.835877
0.99994 0.0005208 0.010861 0.0269693 -0.000480732 0.999993 -0.00368022 -0.0116143 -0.0108627 0.0036747 0.999932 0.834961
0.99991 -5.89622e-05 0.0134749 0.0292689 0.000124068 0.999988 -0.00483861 -0.0125511 -0.0134745 0.00483993 0.999899 0.8339
0.999871 -0.000807162 0.0160396 0.0315283 0.000901563 0.999982 -0.0058731 -0.0133613 -0.0160345 0.00588672 0.999852 0.832704
0.999824 -0.00124038 0.0187196 0.0338949 0.00136964 0.999975 -0.00689921 -0.0141566 -0.0187107 0.00692372 0.999803 0.83144
0.99976 -0.00163931 0.021842 0.0366473 0.00182185 0.999963 -0.00833496 -0.0153232 -0.0218274 0.00837268 0.999725 0.830095
0.999673 -0.00210583 0.0254888 0.0398336 0.00233014 0.999959 -0.00877828 -0.015607 -0.0254694 0.00883489 0.999638 0.828759
0.999588 -0.00300557 0.0285438 0.0424701 0.00325197 0.999958 -0.00858555 -0.0153189 -0.0285167 0.00867474 0.999554 0.827278
0.999505 -0.00342866 0.0313052 0.0447867 0.0036805 0.999962 -0.0079938 -0.0146658 -0.0312766 0.00810514 0.99948 0.825633
0.999399 -0.00395837 0.034403 0.0473233 0.00424221 0.999957 -0.00817816 -0.0147184 -0.0343691 0.00831911 0.999373 0.823928
0.999287 -0.00431096 0.0375305 0.0497213 0.0045997 0.999961 -0.00761346 -0.0140903 -0.0374962 0.00778076 0.999268 0.821688
0.999148 -0.00468751 0.0409778 0.0524231 0.00493165 0.999971 -0.00585702 -0.0124304 -0.0409491 0.00605403 0.999141 0.81989
0.998989 -0.00464049 0.0447358 0.0552649 0.00490774 0.999971 -0.00586748 -0.0123201 -0.0447074 0.0060812 0.998984 0.817543
0.998828 -0.00410992 0.0482079 0.0578673 0.00441809 0.99997 -0.00628682 -0.0125793 -0.0481806 0.00649234 0.998816 0.81491
0.998649 -0.00347586 0.0518697 0.060564 0.0037952 0.999975 -0.00606052 -0.012229 -0.0518474 0.00624928 0.998637 0.811695
0.998455 -0.00431623 0.055384 0.063105 0.00458422 0.999978 -0.00471166 -0.010792 -0.0553624 0.00495816 0.998452 0.807164
0.998872 -0.00448548 0.0472993 0.0538047 0.0047366 0.999975 -0.00519943 -0.00950732 -0.0472749 0.00541771 0.998869 0.776085
0.998643 -0.00491129 0.0518327 0.0574663 0.00519673 0.999972 -0.00537269 -0.00945994 -0.0518048 0.00563465 0.998639 0.772303
0.99838 -0.00431385 0.0567548 0.061955 0.00483145 0.999948 -0.00898679 -0.0116846 -0.0567132 0.00924654 0.99835 0.755856
0.998621 -0.00443793 0.0522969 0.0586681 0.00481406 0.999963 -0.00706778 -0.00981469 -0.0522634 0.00730967 0.998605 0.750686
0.999066 0.000249464 0.0432216 0.0550578 -1.54013e-05 0.999986 -0.00541705 -0.00687011 -0.0432224 0.00541142 0.999053 0.719022
0.998798 0.000887927 0.0489941 0.0606118 -0.000668539 0.99999 -0.00449285 -0.00586954 -0.0489975 0.0044546 0.998787 0.712816
0.998881 0.00545071 0.0469948 0.065672 -0.00563778 0.999977 0.00384732 0.00180356 -0.0469728 -0.00410784 0.99889 0.684548
0.999059 0.0043586 0.0431275 0.0645869 -0.00431356 0.99999 -0.00113597 -0.0018544 -0.043132 0.000948752 0.999067 0.677728
0.998638 -0.00311565 0.052106 0.0830131 0.00329423 0.999989 -0.00334296 -0.00256077 -0.0520951 0.00351019 0.998638 0.63635
0.99876 -0.00231113 0.0497112 0.0820213 0.00228951 0.999997 0.000493593 0.000317534 -0.0497121 -0.000379314 0.998762 0.633716
0.99894 -0.00286233 0.045956 0.0803926 0.00287545 0.999996 -0.000221465 -5.89233e-05 -0.0459553 0.000353522 0.998945 0.628426
0.998727 -0.00285007 0.0503534 0.0838482 0.00279133 0.999995 0.00123872 0.00103516 -0.0503565 -0.00109674 0.998729 0.626572
0.998503 -0.00301058 0.0546322 0.0870497 0.00290803 0.999994 0.00195486 0.00157779 -0.0546379 -0.0017929 0.998506 0.625157
0.998582 -0.00281467 0.0531392 0.0861413 0.00278908 0.999996 0.000557775 0.000614889 -0.0531404 -0.000408926 0.998585 0.624169
0.998607 -0.0022263 0.0527318 0.086056 0.0023617 0.999994 -0.00250812 -0.00142055 -0.052726 0.00262931 0.998607 0.623116
0.998725 -0.0017173 0.0504395 0.0845699 0.00187353 0.999993 -0.00304782 -0.00171044 -0.0504339 0.00313829 0.99872 0.622521
0.998892 -0.00135657 0.0470577 0.0823908 0.001435 0.999998 -0.00163596 -0.000666276 -0.0470555 0.0017018 0.998893 0.621759
0.999102 -0.00126025 0.0423295 0.0791899 0.00129792 0.999998 -0.000858646 -8.08492e-05 -0.0423283 0.000912676 0.999101 0.621577
0.999369 -0.00134361 0.0355419 0.074605 0.00140499 0.999998 -0.00170762 -0.000651358 -0.0355397 0.0017566 0.999369 0.621553
0.999533 -0.00133607 0.0304935 0.0712172 0.00138537 0.999997 -0.0015889 -0.000533324 -0.0304912 0.00163029 0.999532 0.621383
0.999744 0.000164745 0.022678 0.065896 -0.000201589 0.999999 0.00161371 0.00162773 -0.0226778 -0.00161775 0.999744 0.621287
0.999816 0.00121659 0.0190827 0.0634263 -0.00128153 0.999993 0.00340257 0.0028009 -0.0190784 -0.00342654 0.99981 0.621133
0.999854 0.00184599 0.0170811 0.0621359 -0.00192066 0.999989 0.00434442 0.00344778 -0.0170729 -0.00437643 0.999847 0.620655
0.999785 0.000719986 0.0206368 0.06468 -0.000744911 0.999999 0.00120956 0.00129003 -0.0206358 -0.00122484 0.999784 0.619872
0.999855 -0.000974738 0.0170768 0.0621466 0.00102119 0.999996 -0.00272358 -0.00134088 -0.0170742 0.00274076 0.999852 0.619777
0.999888 -0.00106824 0.0148428 0.0605874 0.00110825 0.999996 -0.00267475 -0.00127116 -0.0148398 0.00269077 0.999884 0.619642
0.99994 -0.000839538 0.0110258 0.057982 0.000880978 0.999992 -0.00377221 -0.00197526 -0.0110226 0.00378182 0.999934 0.619552
0.999973 -3.7215e-05 0.00720664 0.0553212 5.71213e-05 0.999996 -0.00273205 -0.00124582 -0.00720654 0.00273226 0.999969 0.619684
0.999995 0.000366438 0.00343683 0.0527543 -0.000362955 0.999999 -0.00107221 -0.000129398 -0.00343715 0.00107109 0.999995 0.61973
0.999998 0.000551391 0.00116487 0.0511868 -0.000552868 0.999999 0.00141404 0.00157205 -0.00116417 -0.00141481 0.999997 0.619729
1 0.00051977 -0.0015487 0.0493002 -0.00051872 1 0.000778968 0.00113251 0.00154918 -0.000778027 1 0.619734
0.999992 0.000568259 -0.00379823 0.0476717 -0.000564815 0.999999 0.000866867 0.00123648 0.00379865 -0.000864844 0.999991 0.620063
0.999988 0.00168066 -0.00480963 0.0465337 -0.00167635 0.999998 0.000931599 0.00120787 0.00481123 -0.000923392 0.999989 0.621346
0.999987 0.00131654 -0.00463394 0.0465034 -0.00131944 0.999999 -0.000655417 0.000154973 0.00463303 0.000661381 0.999988 0.621515
0.999992 0.00105555 -0.00414338 0.0468026 -0.00105928 0.999999 -0.00086385 6.28234e-05 0.0041425 0.000868375 0.999992 0.621726
0.999986 0.000889611 -0.00493556 0.0462176 -0.000889356 1 2.64156e-05 0.000683453 0.00493555 -2.21641e-05 0.999987 0.621893
0.999992 0.000735693 -0.00415647 0.0466814 -0.000729092 0.999999 0.00160937 0.00176214 0.00415768 -0.00160619 0.999991 0.622152
0.999992 0.000438931 -0.00373663 0.0468331 -0.000430418 0.999997 0.00225667 0.00227441 0.0037376 -0.00225518 0.999989 0.622645
0.999997 -0.000195832 -0.00280361 0.0473191 0.00020326 0.999997 0.00268388 0.00261763 0.00280309 -0.0026843 0.999994 0.622803
0.999993 -0.000179053 -0.00324764 0.0469328 0.000188008 0.999996 0.00271954 0.0026597 0.00324714 -0.00272029 0.99999 0.622979
0.999997 -7.45918e-05 -0.00277893 0.0471883 8.2974e-05 0.999995 0.00306079 0.00299174 0.00277876 -0.00306087 0.999993 0.622914
0.999994 -0.00088551 -0.00303926 0.0468406 0.000897786 0.999991 0.00399564 0.00374048 0.00303566 -0.00399846 0.999986 0.623035
0.999997 -0.00134656 -0.00262142 0.0470456 0.00135481 0.999994 0.00319621 0.00322078 0.00261714 -0.00319962 0.999993 0.622934
0.999992 -0.000789975 -0.00357317 0.04625 0.00080238 0.999994 0.0034301 0.00334323 0.00357039 -0.00343306 0.999987 0.623205
0.999996 -0.00132233 -0.00281569 0.0467071 0.00132075 0.999999 -0.000505861 0.000675546 0.00281637 0.000502251 0.999997 0.623518
0.999993 -0.00131147 -0.00320129 0.0463306 0.00131134 0.999999 -0.000103366 0.001099 0.00320142 9.90517e-05 0.999994 0.623718
0.999998 -0.00119966 -0.00204819 0.0469741 0.00120093 0.999999 0.000713039 0.00172264 0.00204736 -0.000715374 0.999999 0.624322
0.999997 0.000140437 -0.00196466 0.0467537 -0.000130993 0.999989 0.00471331 0.0045182 0.0019652 -0.00471318 0.999986 0.625146
0.999993 0.00157938 -0.00384018 0.0451248 -0.00155293 0.999975 0.0069286 0.00608718 0.00385115 -0.00692243 0.999969 0.625975
0.999977 0.0015321 -0.00644468 0.0429675 -0.00148752 0.999975 0.00688858 0.00607986 0.006455 -0.00687899 0.999955 0.626452
0.999973 0.00154907 -0.00728973 0.0421648 -0.00149865 0.999975 0.00694252 0.00612401 0.00730027 -0.00693126 0.99995 0.626703
0.999974 0.00197683 -0.0067351 0.04245 -0.00194076 0.999984 0.0053311 0.0050185 0.00674553 -0.00531803 0.999963 0.626587
0.999985 0.000602062 -0.00572666 0.0430024 -0.000617567 0.999996 -0.00267968 -0.000610711 0.00572499 0.00268331 0.999981 0.626865
0.999992 0.000229215 -0.00365822 0.0441972 -0.00025149 0.999981 -0.00613025 -0.0030313 0.00365676 0.00613099 0.999974 0.62734
0.999999 0.00109747 -0.00163116 0.0454122 -0.0011031 0.999994 -0.00337462 -0.00111485 0.0016274 0.00337658 0.999994 0.627879
0.999994 0.00260986 -0.00153013 0.0451977 -0.00260435 0.999991 0.00351709 0.00374217 0.0015393 -0.00351326 0.999992 0.628942
0.999992 0.00354332 -0.00250574 0.0441504 -0.0035252 0.999967 0.00724282 0.0063885 0.00253131 -0.00723374 0.999971 0.629546
0.999981 0.00323929 -0.00500156 0.0421173 -0.00321452 0.999983 0.004934 0.00476977 0.00501746 -0.00491801 0.999975 0.63071
0.999987 0.00333868 -0.00419455 0.0422709 -0.00332979 0.999992 0.002148 0.00285142 0.00420169 -0.00213384 0.99999 0.63166
0.999981 0.00353203 -0.00473194 0.0415717 -0.00353605 0.999994 -0.000858186 0.000736825 0.00472884 0.000874745 0.999988 0.632286
0.999992 0.00263825 -0.00326452 0.0425308 -0.00264235 0.999995 -0.00123963 0.000380307 0.00326132 0.00124839 0.999995 0.632489
0.999989 0.00146962 -0.00425895 0.0415626 -0.00147798 0.999997 -0.00197647 -0.000204471 0.00425589 0.00198262 0.999988 0.632717
0.999994 0.000560516 -0.00365463 0.0418447 -0.000572583 0.999994 -0.0032818 -0.00126953 0.00365288 0.00328399 0.999989 0.632749
0.999991 0.00188714 -0.00366336 0.0415635 -0.00188265 0.999998 0.00120822 0.00210995 0.00366556 -0.00120143 0.999992 0.633217
0.999986 0.0023213 -0.00498885 0.0404241 -0.00231267 0.999995 0.00174961 0.00256308 0.00499294 -0.00173792 0.999987 0.633495
0.999987 0.00206366 -0.00435894 0.0406585 -0.0020602 0.999998 0.000778299 0.00188489 0.00436052 -0.000769436 0.999989 0.63366
0.999994 0.0017206 -0.00336504 0.0411805 -0.00172314 0.999998 -0.000737332 0.000833328 0.00336384 0.000743244 0.999995 0.633918
0.999995 0.0016798 -0.00229736 0.0418428 -0.00168162 0.999999 -0.000814919 0.000814838 0.00229594 0.000818663 0.999996 0.634165
0.999996 0.000830969 -0.0031124 0.0409638 -0.000838572 0.999996 -0.00241522 -0.000424847 0.00311037 0.00241794 0.999993 0.635075
0.999949 -0.00830397 -0.0054958 0.0346592 0.0082928 0.999964 -0.00206227 -0.00100842 0.00551278 0.00201647 0.999982 0.644535
0.999965 -0.00790529 -0.00302603 0.0362262 0.00790197 0.999968 -0.00109316 -0.000351027 0.00303448 0.00106935 0.999996 0.644947
0.999973 -0.00705859 -0.00105341 0.0372993 0.00705723 0.999975 -0.00133298 -0.000568726 0.00106286 0.00132538 0.999998 0.645982
0.999984 -0.00530612 -0.00236063 0.0358359 0.00530474 0.999985 -0.000568851 -4.50602e-05 0.00236358 0.000556441 0.999998 0.647495
0.999982 -0.00411779 -0.00407983 0.0341675 0.00411809 0.999992 5.02839e-05 0.000401149 0.00407961 -6.71936e-05 0.999991 0.648707
0.999982 -0.00444424 -0.00421519 0.0332024 0.00443745 0.999988 -0.00160059 -0.000877831 0.00422225 0.00158196 0.99999 0.650208
0.99997 -0.00444442 -0.00622906 0.0306608 0.00442276 0.999985 -0.00349581 -0.0023671 0.00624448 0.00346805 0.999974 0.651585
0.999968 -0.00377332 -0.00716689 0.0296516 0.00374192 0.999983 -0.00437906 -0.00303694 0.00718332 0.00435221 0.999965 0.650507
0.999973 -0.00263042 -0.0066956 0.0301628 0.00260506 0.99999 -0.00381012 -0.0025759 0.00670555 0.00379246 0.99997 0.649768
0.999988 -0.00278315 -0.00426442 0.0318774 0.00277935 0.999995 -0.000870192 -0.000227409 0.00426681 0.00085845 0.999991 0.649479
0.999984 -0.00253885 -0.0048798 0.0312893 0.00253594 0.999997 -0.000628924 -1.12598e-05 0.00488137 0.000616412 0.999987 0.649481
0.999988 -0.00220223 -0.00445552 0.031477 0.00220384 0.999997 0.00037683 0.00082036 0.00445469 -0.000386525 0.999991 0.649436
0.999986 -0.00171478 -0.0049777 0.0309467 0.00171138 0.999999 -0.000713652 7.02249e-05 0.00497886 0.000705017 0.999987 0.649307
0.999979 -0.00150145 -0.00640112 0.029619 0.00148965 0.999996 -0.00182437 -0.000787614 0.00640389 0.00181491 0.999978 0.649484
0.999986 -0.0014186 -0.0049012 0.0303673 0.00141649 1 -0.000457899 0.000186185 0.00490181 0.000450836 0.999987 0.648844
0.999993 -0.00168713 -0.00350598 0.0313506 0.00168419 0.999997 -0.000799544 -9.97037e-05 0.00350737 0.000793742 0.999994 0.648596
0.999997 -0.00112308 -0.00187403 0.0317878 0.00112346 1 0.000114534 0.000640494 0.00187385 -0.000116742 0.999998 0.648669
0.999999 -0.00135965 0.00100275 0.0337634 0.00136064 0.999997 -0.00118358 -0.000385239 -0.00100106 0.00118504 0.999999 0.648553
0.999994 -0.00148764 0.00287129 0.0349213 0.00149816 0.999994 -0.00359438 -0.00208628 -0.00286602 0.00359859 0.999989 0.648141
0.999986 -0.00428144 0.00328763 0.0348022 0.00429485 0.999981 -0.0041548 -0.0028907 -0.00326964 0.00416892 0.999987 0.647433
0.999982 -0.00382096 0.0044409 0.0355821 0.00383613 0.999988 -0.00335428 -0.00230595 -0.00442818 0.00337121 0.999984 0.64723
0.999992 -0.0029539 0.00303952 0.0344731 0.00295775 0.999994 -0.00135555 -0.000836463 -0.00303538 0.00136456 0.999995 0.647346
0.999992 -0.00277739 0.00249708 0.0340516 0.0027791 0.999997 -0.000569562 -0.000269078 -0.00249559 0.000576461 0.999996 0.647469
0.999997 -0.00212074 0.00176877 0.0334321 0.0021238 0.999995 -0.00189789 -0.00123073 -0.00176464 0.00190169 0.999997 0.647743
0.999998 -0.00162462 0.000175539 0.0321879 0.00162494 1 -0.000329878 -1.15817e-05 -0.000175085 0.000330137 0.999999 0.647946
0.999999 -0.00166379 -0.000670352 0.0315046 0.00166411 0.999997 0.000934984 0.000939435 0.000668857 -0.000936075 1 0.648058
0.999997 -0.00184349 -0.0016204 0.030737 0.00184762 0.999997 0.00238481 0.00204897 0.00161592 -0.00238781 0.999995 0.648233
0.999996 -0.00138149 -0.0024384 0.0300225 0.00138488 0.999996 0.00151135 0.00145428 0.00243636 -0.0015147 0.999996 0.648311
0.999994 -0.00114709 -0.00321094 0.0293952 0.00115085 1 0.00107485 0.00119976 0.00320964 -0.00107855 0.999994 0.648603
0.999992 -0.00118363 -0.00386798 0.0287852 0.00117298 0.999994 -0.00267114 -0.0016248 0.00387127 0.00266658 0.99999 0.648654
0.999988 -0.00340939 -0.00334186 0.0283993 0.00339431 0.999985 -0.00459815 -0.00322698 0.0033574 0.00458676 0.999983 0.650307
0.99998 -0.00554315 -0.00303943 0.0278926 0.00552581 0.999968 -0.00557667 -0.00417901 0.00307035 0.00555977 0.999981 0.651977
0.999966 -0.00584138 -0.00571509 0.0253756 0.00581409 0.999973 -0.00483456 -0.00374403 0.00574308 0.00480117 0.999971 0.653098
0.999949 -0.00885692 -0.00489796 0.0237502 0.00884703 0.999958 -0.00197859 -0.0022535 0.00491532 0.00193515 0.999987 0.657351
0.999952 -0.00796986 -0.00564521 0.0220586 0.00797972 0.999968 0.00167731 0.000556283 0.00563164 -0.00172229 0.999982 0.658337
0.999962 -0.00804581 -0.00344299 0.0238499 0.00804899 0.999966 0.000988138 3.0981e-05 0.00343501 -0.00101581 0.999994 0.658327
0.999967 -0.00766452 -0.00278174 0.0244065 0.00766529 0.999972 0.000183278 -0.000515833 0.00278016 -0.000204599 0.999995 0.658525
0.999973 -0.00725731 -0.000960995 0.025687 0.00725597 0.999972 -0.00116694 -0.00152051 0.000969548 0.00115991 1 0.658906
0.999982 -0.00580441 -0.00159931 0.0251433 0.00580549 0.999984 0.000555599 -4.37716e-05 0.00159596 -0.000564845 0.999998 0.659882
0.999984 -0.00522651 -0.00235481 0.0241972 0.00522884 0.999984 0.00105574 0.000525426 0.00234937 -0.00106807 0.999997 0.660357
0.999974 -0.00603518 -0.00406608 0.0230998 0.00602376 0.999979 -0.00286186 -0.00269033 0.00408317 0.00283732 0.999987 0.659995
0.999979 -0.00550451 -0.00333518 0.0232796 0.00550044 0.999983 -0.00118572 -0.00138953 0.00334177 0.00116731 0.999994 0.659998
0.999981 -0.00537519 -0.00287664 0.023453 0.00537255 0.999987 -0.000955863 -0.0011533 0.00288161 0.000940461 0.999995 0.659818
0.999983 -0.00535378 -0.00219928 0.0238564 0.00535179 0.999984 -0.000875728 -0.00106343 0.00220406 0.000863866 0.999998 0.659963
0.999984 -0.00461931 -0.00324212 0.0230004 0.00461792 0.999991 -0.000455705 -0.000762274 0.00324406 0.000440782 0.999994 0.660028
0.999992 -0.0039552 -0.000938988 0.0246102 0.00395538 0.999991 0.000277476 -0.000141299 0.000937979 -0.000281264 1 0.660282
0.999991 -0.00337727 -0.00251801 0.0233666 0.00338201 0.999994 0.00182348 0.00101546 0.00251172 -0.00183193 0.999994 0.660471
0.999996 -0.0020413 -0.00175098 0.0237117 0.00204225 0.999996 0.000613661 8.9317e-05 0.00174992 -0.000617298 0.999999 0.661211
0.999997 -0.0021216 -0.00133464 0.0240287 0.00212266 0.999999 0.000711444 0.00013389 0.00133292 -0.000714213 0.999998 0.661323
0.999996 -0.00191206 -0.00182241 0.0235948 0.00191397 0.999996 0.00108979 0.000449142 0.00182052 -0.00109332 0.999999 0.661674
1 -0.000314835 -0.000504504 0.0243972 0.000315968 1 0.00194805 0.00128289 0.000503697 -0.00194816 0.999997 0.661731
0.999999 -0.000167542 -0.00116435 0.0239091 0.000167805 0.999998 0.000340086 0.000138413 0.00116446 -0.000340317 1 0.661721
0.999998 1.05176e-05 -0.00197801 0.0230859 -1.24704e-05 1 -0.00106124 -0.00082159 0.00197785 0.0010613 0.999997 0.662459
0.999998 0.000144069 -0.00218325 0.0228777 -0.000148911 0.999996 -0.00216283 -0.00157287 0.00218307 0.00216313 0.999996 0.662834
1 -0.000120415 -0.000340527 0.0241792 0.000119663 0.999998 -0.00266107 -0.00195444 0.000340741 0.00266105 0.999996 0.663304
0.999996 0.000272392 -0.00253283 0.0224282 -0.000275731 0.999998 -0.00126203 -0.000949859 0.00253266 0.0012627 0.999996 0.664018
0.999998 0.000224448 -0.00198119 0.0226485 -0.000222532 1 0.000890701 0.000627757 0.00198119 -0.000890215 0.999997 0.664691
0.999993 0.000231201 -0.00371677 0.0212159 -0.000226796 0.999998 0.00123826 0.000851335 0.0037173 -0.00123743 0.999993 0.665574
0.999988 0.000553504 -0.00503877 0.0201279 -0.000545243 1 0.00160284 0.00107051 0.00503932 -0.00160002 0.999986 0.666189
0.999973 0.00111079 -0.00714389 0.0184897 -0.00109037 0.999994 0.00289492 0.00202502 0.00714737 -0.00288709 0.99997 0.666727
0.999984 0.0013696 -0.00563317 0.019456 -0.00134729 0.999993 0.00392282 0.00277167 0.00563824 -0.00391516 0.999976 0.667503
0.999989 0.00236547 -0.00395082 0.0198774 -0.00235379 0.999991 0.00301178 0.00195319 0.00395809 -0.00300244 0.999988 0.670802
0.999985 0.00192821 -0.00509577 0.0186832 -0.00192712 0.999999 0.000169397 -0.000401215 0.00509597 -0.000159579 0.999987 0.671979
0.99998 0.00148569 -0.00613454 0.0175035 -0.00150942 0.99999 -0.00381311 -0.00362812 0.00612894 0.0038223 0.999974 0.673144
0.999989 0.00132375 -0.00466807 0.0182311 -0.00135286 0.99998 -0.00631381 -0.00566202 0.00465951 0.00632007 0.999969 0.67387
0.999982 0.00147597 -0.00581758 0.0171034 -0.00149053 0.999995 -0.00244521 -0.00275519 0.00581409 0.00245383 0.99998 0.675186
0.999995 0.000876164 -0.00307831 0.019061 -0.000877626 1 -0.00056349 -0.00142069 0.00307759 0.000566182 0.999995 0.675733
0.999984 0.00166314 -0.00535212 0.0171338 -0.00164907 0.999994 0.00269423 0.00109854 0.00535683 -0.00268537 0.999982 0.676727
0.999997 0.00111535 -0.00257652 0.0190363 -0.00110851 0.999997 0.00254035 0.000950223 0.00257916 -0.00253752 0.999993 0.677873
0.999989 0.00083449 -0.00451112 0.0161087 -0.00081371 0.999988 0.00466974 0.00292976 0.00451515 -0.00466599 0.999979 0.681755
0.999983 -0.000403404 -0.00582616 0.0148716 0.000404075 1 6.7204e-05 -0.000757394 0.00582605 -6.96011e-05 0.999983 0.681654
0.999995 -0.00122001 -0.00276928 0.0171296 0.00122048 0.999998 0.00027074 -0.00064361 0.00276908 -0.000274073 0.999996 0.681789
0.999989 -0.00252493 -0.0040289 0.0155921 0.00252238 0.999997 -0.000713064 -0.0013721 0.00403056 0.000702815 0.999991 0.682954
0.999977 -0.00287537 -0.00604611 0.013763 0.00286429 0.999993 -0.00179836 -0.00223601 0.00605141 0.00178107 0.999981 0.683086
0.999992 -0.00293805 -0.00268993 0.0162044 0.00293251 0.999994 -0.00215149 -0.00248249 0.00269605 0.00214353 0.999993 0.683108
0.999996 -0.00178961 -0.00179776 0.0167039 0.00178749 0.999997 -0.00105826 -0.00159007 0.00179986 0.00105507 0.999998 0.68407
0.999997 -0.00111718 -0.00217818 0.016307 0.00112509 0.999994 0.00354228 0.00193812 0.00217399 -0.00354471 0.999991 0.684578
0.999991 0.000266154 -0.00409418 0.014635 -0.00025893 0.999997 0.00180119 0.000613215 0.00409494 -0.00180017 0.999991 0.685091
0.999999 0.000366423 -0.00140062 0.0166292 -0.000365628 1 0.000442806 -0.000398659 0.00140044 -0.00044228 0.999998 0.685237
0.999999 0.000288042 -0.000499372 0.0172086 -0.000290137 0.999992 -0.00389153 -0.00369864 0.000498537 0.00389164 0.999993 0.685493
1 0.000431899 -0.000348443 0.0173078 -0.000432694 0.999997 -0.0026285 -0.00274456 0.00034712 0.00262868 0.999996 0.685945
0.999999 0.000541243 0.000341559 0.0178411 -0.000541406 0.999999 0.00010538 -0.000617 -0.000341252 -0.000105552 1 0.686592
1 0.000312848 -0.00082071 0.0169223 -0.00031247 1 0.00029941 -0.000450071 0.000820579 -0.000299159 0.999999 0.68685
0.999999 0.000329549 0.000144722 0.0175848 -0.000329708 0.999999 0.000296959 -0.000236991 -0.00014437 -0.000296988 1 0.687964
1 0.000906649 0.000557126 0.0177372 -0.000904567 0.999994 -0.00348954 -0.00321257 -0.000560588 0.00348902 0.999993 0.688543
0.999999 -0.00118266 -0.000711233 0.0163631 0.00118244 0.999999 -0.000164004 -0.000374652 0.000711747 0.00016316 1 0.689479
0.999999 -0.00186108 0.000604197 0.0171928 0.00186078 0.999999 0.000818436 0.000491595 -0.000605986 -0.000817338 0.999999 0.689608
0.999996 -0.00216437 0.0010725 0.0174547 0.00216403 0.999997 0.000159311 4.48516e-05 -0.00107258 -0.000156973 1 0.689876
0.999997 -0.00200627 0.00164387 0.0178278 0.00200742 0.999998 -0.000603125 -0.000514093 -0.00164293 0.000606392 0.999998 0.690247
0.999996 -0.00185923 0.00204827 0.0180345 0.00186392 0.999995 -0.00236787 -0.00183467 -0.00204354 0.00237167 0.999996 0.690674
1 -0.00141829 0.000309293 0.0166206 0.00141891 0.999998 -0.00151942 -0.00115495 -0.00030737 0.00151987 0.999998 0.691062
0.999997 -0.001102 0.00166371 0.0175122 0.00110388 0.999998 -0.00118533 -0.00086152 -0.00166222 0.00118712 0.999999 0.691625
0.999999 -0.000827086 0.00166546 0.0172625 0.000825575 1 0.000936641 0.00088118 -0.00166639 -0.000935217 0.999997 0.692422
0.999998 -0.000760665 0.00141247 0.0168573 0.000761987 0.999998 -0.000955069 -0.000493066 -0.00141161 0.000956056 0.999999 0.6932
1 0.000227933 -0.000744847 0.0151318 -0.000231158 0.999991 -0.00440093 -0.00303991 0.000743717 0.0044012 0.999989 0.693846
0.999999 0.000253781 -0.00050985 0.0152687 -0.000257217 0.999977 -0.00671484 -0.00482609 0.000508268 0.00671488 0.999978 0.694101
0.999997 -0.000721114 0.00239928 0.0173774 0.000729219 0.999995 -0.00338925 -0.0022176 -0.00239689 0.00339103 0.99999 0.694249
0.999997 -0.000814585 0.00220053 0.0172074 0.000812423 0.999999 0.000989054 0.00118962 -0.00220135 -0.000987254 0.999998 0.695177
0.999999 -0.000164409 0.00139894 0.0165535 0.000157336 0.999988 0.00502837 0.00434457 -0.00139972 -0.00502818 0.999985 0.695645
1 -0.000191753 -0.000466939 0.0151415 0.000192585 0.999998 0.0016871 0.00176079 0.000466596 -0.00168713 1 0.696259
1 -0.000714769 0.000477056 0.0159319 0.000716059 0.999996 -0.00272491 -0.00148294 -0.000475117 0.00272524 0.999995 0.697194
0.999999 -0.000758162 -0.000214627 0.0153673 0.000757283 0.999992 -0.00386919 -0.00234134 0.000217579 0.00386907 0.999994 0.697655
0.999999 -0.00168048 0.000200928 0.0157036 0.00168084 0.999998 -0.00156148 -0.000258012 -0.000198308 0.00156177 0.999998 0.698086
0.999995 -0.00241676 0.00192318 0.0170003 0.00242301 0.999991 -0.00328099 -0.00153067 -0.00191523 0.00328568 0.999994 0.697956
0.999998 -0.00226178 0.000799622 0.0160861 0.00226483 0.99999 -0.00380827 -0.00186071 -0.000790878 0.00381001 0.999991 0.697998
0.999997 -0.00189366 0.00115086 0.0162942 0.0018964 0.999995 -0.00243106 -0.000716908 -0.00114642 0.00243331 0.999998 0.698172
0.999999 -0.00146734 0.00101127 0.0160315 0.00146651 0.999999 0.000869217 0.00183759 -0.00101245 -0.000867802 0.999998 0.698215
0.999992 -0.00167636 0.00353869 0.0179651 0.00167101 0.999997 0.00149967 0.00233896 -0.00354133 -0.00149367 0.999994 0.698251
0.99999 -0.00189398 0.00424219 0.018474 0.00189225 0.999998 0.000414268 0.00147724 -0.00424292 -0.000406279 0.999989 0.698387
0.999986 -0.0010192 0.0052097 0.0192337 0.00101659 0.999999 0.00049739 0.00154284 -0.00521029 -0.000492 0.999988 0.698481
0.999975 -0.000569407 0.00707075 0.0205902 0.000575653 1 -0.000881451 0.000452636 -0.00707008 0.000885424 0.999973 0.698596
0.999958 -0.000381393 0.00913355 0.0221254 0.000401581 0.999997 -0.00220471 -0.0005842 -0.00913285 0.00220835 0.999957 0.698514
0.999946 -0.000523631 0.0104182 0.0231578 0.000541686 0.999999 -0.00172583 -0.000207828 -0.0104171 0.00173133 0.999943 0.69854
0.999938 -0.000542612 0.0110927 0.0236771 0.000562267 0.999998 -0.00177509 -0.000245528 -0.0110919 0.00178129 0.999938 0.698511
0.999943 -0.00140613 0.0106107 0.0233027 0.00141681 0.999999 -0.000992016 0.000404527 -0.010609 0.00100694 0.999942 0.698721
0.99995 -0.00165813 0.00984646 0.0226925 0.00166432 0.999998 -0.000624601 0.000742677 -0.0098457 0.000641007 0.999953 0.698891
0.99995 -0.001496 0.00988083 0.0227885 0.00150897 0.999998 -0.00129914 0.000228481 -0.00987862 0.00131393 0.999949 0.698939
0.999946 -0.0015901 0.0101926 0.0230758 0.00160613 0.999997 -0.00157045 1.19121e-05 -0.0101904 0.00158681 0.999948 0.699037
0.999967 0.000586767 0.00813006 0.0215689 -0.000570505 0.999998 -0.00200615 -0.000569122 -0.008131 0.00200136 0.999963 0.699264
0.999977 5.92021e-05 0.00669759 0.0204325 -5.8114e-05 1 -0.000159541 0.000971572 -0.00669781 0.000159233 0.999979 0.699231
