0.999994 3.41077e-05 -0.00346562 -0.00298858 -4.10153e-05 0.999998 -0.00199574 -0.00156998 0.00346554 0.00199587 0.999992 0.748299
0.999946 0.000312068 -0.010394 -0.0115202 -0.000357367 0.99999 -0.00435686 -0.00487659 0.0103926 0.00436033 0.999937 1.49481
0.999831 0.000929036 -0.0183615 -0.0263699 -0.00109932 0.999956 -0.00926644 -0.0119278 0.0183521 0.00928506 0.999788 2.23822
0.999448 0.0078506 -0.0322726 -0.0650294 -0.00802956 0.999953 -0.00541952 -0.0119348 0.0322286 0.00567567 0.999465 2.8443
0.998996 0.0135325 -0.042705 -0.109962 -0.0138189 0.999884 -0.00641729 -0.0126971 0.0426132 0.00700098 0.999067 3.44854
0.998371 0.0181078 -0.0541083 -0.162044 -0.0186779 0.999775 -0.0100498 -0.0156835 0.0539141 0.0110441 0.998485 4.04956
0.997431 0.0219977 -0.0681747 -0.222861 -0.0228507 0.99967 -0.0117582 -0.0194524 0.0678936 0.0132859 0.997604 4.64798
0.996131 0.0242369 -0.0844693 -0.293801 -0.0252953 0.999614 -0.0114829 -0.02274 0.0841584 0.0135752 0.99636 5.24231
0.994888 0.0237884 -0.0981392 -0.373353 -0.025272 0.999584 -0.0139016 -0.0274944 0.0977677 0.0163107 0.995076 5.82865
0.993082 0.0233464 -0.115076 -0.463287 -0.0252153 0.999572 -0.0148117 -0.0326152 0.114681 0.0176109 0.993247 6.41159
0.990728 0.0244595 -0.133643 -0.564402 -0.0271609 0.999461 -0.0184271 -0.0400291 0.13312 0.021886 0.990858 6.99052
0.988043 0.027014 -0.151792 -0.676792 -0.0300142 0.999396 -0.0175086 -0.0462659 0.151228 0.0218552 0.988258 7.5588
0.984677 0.0299631 -0.171792 -0.80079 -0.0338152 0.999237 -0.0195398 -0.0537396 0.171075 0.0250496 0.984939 8.12267
0.980147 0.0327959 -0.195542 -0.938539 -0.0375508 0.999081 -0.020658 -0.0616323 0.194684 0.0275906 0.980478 8.68214
0.974423 0.0356962 -0.22187 -1.09133 -0.0415055 0.998905 -0.0215744 -0.0698811 0.220857 0.0302314 0.974837 9.23649
0.967759 0.0381653 -0.248969 -1.25932 -0.0446108 0.998798 -0.0202959 -0.0770711 0.247895 0.0307483 0.968299 9.78437
0.959586 0.0408687 -0.278432 -1.44393 -0.0482603 0.99864 -0.0197416 -0.0838358 0.277247 0.032381 0.960253 10.3256
0.949956 0.0437321 -0.309306 -1.64563 -0.0523523 0.998436 -0.0196205 -0.0904069 0.307965 0.0348315 0.95076 10.8592
0.938524 0.0464169 -0.342078 -1.86539 -0.0563437 0.998228 -0.0191337 -0.0965377 0.340584 0.0372314 0.939476 11.3845
0.924684 0.0488479 -0.377588 -2.10473 -0.0601423 0.998024 -0.0181713 -0.101974 0.375954 0.0395118 0.925795 11.9002
0.9086 0.0501026 -0.414651 -2.36417 -0.0632501 0.997835 -0.0180268 -0.107285 0.41285 0.0426058 0.909802 12.4046
0.889701 0.0501651 -0.453779 -2.64466 -0.0656046 0.997677 -0.0183347 -0.112746 0.451805 0.0460824 0.890926 12.8959
0.867926 0.0523457 -0.493926 -2.94678 -0.0686348 0.997531 -0.0148878 -0.115878 0.491928 0.0468221 0.869376 13.3731
0.841246 0.0548681 -0.537861 -3.27263 -0.0719585 0.997349 -0.010806 -0.116617 0.535842 0.0477942 0.842965 13.8331
0.810728 0.0565062 -0.582689 -3.62233 -0.0751984 0.997137 -0.00793049 -0.115782 0.580573 0.0502468 0.812656 14.2737
0.776467 0.0569636 -0.627579 -3.99518 -0.0779077 0.996943 -0.00590084 -0.113795 0.625324 0.053475 0.778531 14.6922
0.739705 0.0520323 -0.670916 -4.38049 -0.0702596 0.997529 -0.000100856 -0.108183 0.669253 0.0472129 0.741533 15.0751
0.699993 0.0455883 -0.712693 -4.786 -0.0629601 0.998014 0.00200105 -0.101923 0.711369 0.0434705 0.701473 15.4331
0.659761 0.0413792 -0.750335 -5.20877 -0.0572995 0.998346 0.00467361 -0.0943372 0.749287 0.0399103 0.661041 15.7662
0.615591 0.0393041 -0.787085 -5.64867 -0.0514678 0.998628 0.00961402 -0.0840754 0.786384 0.0345913 0.616769 16.0726
0.567635 0.0360395 -0.822491 -6.10421 -0.046316 0.998857 0.0118029 -0.0730643 0.821976 0.0313947 0.568656 16.3498
0.515482 0.0335323 -0.856244 -6.57504 -0.0408221 0.99906 0.0145492 -0.0606621 0.855927 0.0274539 0.516367 16.5966
0.463297 0.0320774 -0.885622 -7.05868 -0.0353744 0.999218 0.0176864 -0.0467376 0.885496 0.0231342 0.46407 16.8139
0.408787 0.029774 -0.912144 -7.55242 -0.0313318 0.999336 0.0185784 -0.0328709 0.912092 0.0209845 0.409449 16.9998
0.355957 0.0296643 -0.934031 -8.05498 -0.026803 0.999409 0.0215261 -0.0174299 0.934118 0.0173724 0.356542 17.1566
0.305223 0.0299959 -0.951808 -8.56445 -0.0218579 0.999461 0.0244883 -0.000536149 0.95203 0.0133302 0.305714 17.2858
0.255105 0.0286646 -0.966488 -9.07959 -0.017118 0.999538 0.0251265 0.0163878 0.966762 0.0101344 0.255478 17.388
0.206676 0.027755 -0.978016 -9.59886 -0.012872 0.999588 0.0256471 0.0334895 0.978325 0.00728844 0.206949 17.4645
0.163039 0.0273514 -0.98624 -10.1207 -0.00905324 0.999615 0.0262257 0.0507913 0.986578 0.00465282 0.163224 17.5181
0.123995 0.0260874 -0.99194 -10.644 -0.00558124 0.999657 0.0255926 0.0675885 0.992267 0.00236298 0.124098 17.5512
0.088679 0.0245506 -0.995757 -11.1681 -0.0022315 0.999699 0.024449 0.0837141 0.996058 5.3885e-05 0.0887072 17.566
0.056479 0.0223249 -0.998154 -11.6922 0.000961417 0.999748 0.0224149 0.0986517 0.998403 -0.00222552 0.0564434 17.5639
0.0290467 0.0203323 -0.999371 -12.2159 0.00404909 0.999783 0.0204583 0.112548 0.99957 -0.00464082 0.0289583 17.5477
0.00733601 0.0183637 -0.999804 -12.7389 0.00690438 0.999807 0.0184144 0.125325 0.999949 -0.00703802 0.00720791 17.5205
-0.00962495 0.0167415 -0.999813 -13.2614 0.00958515 0.999816 0.0166492 0.137111 0.999908 -0.00942315 -0.00978344 17.4847
-0.0224246 0.0171104 -0.999602 -13.7835 0.0128005 0.999777 0.0168262 0.149095 0.999666 -0.012418 -0.0226385 17.4424
-0.0322784 0.0180562 -0.999316 -14.3051 0.0159161 0.99972 0.0175493 0.161443 0.999352 -0.0153388 -0.0325565 17.3951
-0.0391192 0.0183877 -0.999065 -14.8265 0.0189103 0.999665 0.0176583 0.173706 0.999055 -0.0182018 -0.0394538 17.3444
-0.0441679 0.018088 -0.99886 -15.3479 0.0219837 0.999612 0.0171295 0.185566 0.998782 -0.0212021 -0.0445482 17.2911
-0.0458729 0.017191 -0.998799 -15.8693 0.0249421 0.99956 0.0160585 0.196699 0.998636 -0.0241754 -0.0462814 17.2371
-0.0447994 0.017715 -0.998839 -16.391 0.0285019 0.999459 0.0164476 0.208031 0.998589 -0.0277319 -0.0452798 17.1839
-0.0419494 0.0186455 -0.998946 -16.9134 0.0323074 0.999328 0.017296 0.219761 0.998597 -0.0315477 -0.0425235 17.1322
-0.0383691 0.0174169 -0.999111 -17.4368 0.0353147 0.999247 0.016063 0.230635 0.99864 -0.034667 -0.038955 17.0825
-0.0363797 0.0156679 -0.999215 -17.9608 0.0384306 0.999159 0.0142679 0.240502 0.998598 -0.0378813 -0.0369511 17.0338
-0.0326754 0.0156343 -0.999343 -18.4854 0.0411056 0.999053 0.0142857 0.250511 0.998621 -0.0406118 -0.0332869 16.9872
-0.0271935 0.0167095 -0.99949 -19.0111 0.0435571 0.998931 0.0155151 0.261196 0.99868 -0.0431129 -0.0278921 16.9434
-0.0223017 0.0203439 -0.999544 -19.5378 0.0458776 0.998761 0.0193043 0.27411 0.998698 -0.0454262 -0.0232071 16.9021
-0.0198765 0.0236505 -0.999523 -20.0653 0.0484119 0.99857 0.0226652 0.288945 0.998629 -0.0479382 -0.0209929 16.8616
-0.0165273 0.0238104 -0.999579 -20.5938 0.0507177 0.99845 0.0229448 0.303545 0.998576 -0.0503172 -0.0177091 16.8232
-0.0157827 0.0223481 -0.999626 -21.1232 0.0521212 0.99841 0.021498 0.317272 0.998516 -0.0517623 -0.0169223 16.7851
-0.0158095 0.0232963 -0.999603 -21.6541 0.0538982 0.998295 0.0224133 0.331594 0.998421 -0.0535225 -0.017038 16.7471
-0.0157446 0.0265319 -0.999524 -22.1861 0.0564826 0.998075 0.0256037 0.347761 0.998279 -0.0560525 -0.0172127 16.7092
-0.0183432 0.0293235 -0.999401 -22.7193 0.0595107 0.99783 0.028185 0.365242 0.998059 -0.0589581 -0.0200482 16.6698
-0.0172977 0.0345585 -0.999253 -23.2758 0.0694635 0.997029 0.0332791 0.386732 0.997434 -0.0688358 -0.0196468 16.636
-0.0182384 0.0309969 -0.999352 -23.8341 0.0764006 0.99664 0.0295184 0.405283 0.99691 -0.0758128 -0.0205451 16.6018
-0.0208703 0.0233954 -0.999509 -24.3943 0.0819683 0.996401 0.021611 0.418974 0.996416 -0.0814769 -0.0227128 16.5668
-0.0209416 0.0200301 -0.999579 -24.9565 0.0892386 0.995846 0.0180857 0.431115 0.99579 -0.0888223 -0.0226418 16.5325
-0.0217622 0.0218865 -0.999524 -25.5216 0.0971935 0.995071 0.0196728 0.444671 0.995027 -0.096719 -0.0237821 16.498
-0.0204846 0.0260694 -0.999449 -26.0873 0.104942 0.994194 0.0237814 0.460598 0.994267 -0.104397 -0.0231012 16.464
-0.0179603 0.0291947 -0.999413 -26.655 0.111828 0.993361 0.0270083 0.478093 0.993565 -0.111277 -0.0211057 16.4313
-0.0165731 0.0348949 -0.999253 -27.2232 0.11709 0.992582 0.0327199 0.498993 0.992983 -0.116461 -0.0205358 16.3988
-0.017826 0.0365803 -0.999172 -27.7928 0.121902 0.991955 0.0341412 0.520253 0.992382 -0.121192 -0.0221416 16.365
-0.0164136 0.0357063 -0.999227 -28.3636 0.127286 0.991306 0.0333323 0.540884 0.99173 -0.12664 -0.0208156 16.332
-0.016244 0.0336061 -0.999304 -28.9365 0.132684 0.990669 0.0311589 0.560275 0.991025 -0.132085 -0.0205513 16.2989
-0.0159082 0.0362019 -0.999217 -29.5105 0.136579 0.990056 0.0336955 0.581529 0.990501 -0.135936 -0.0206942 16.2654
-0.0142526 0.0376571 -0.999189 -30.0851 0.140839 0.989404 0.0352793 0.603563 0.989929 -0.140222 -0.019405 16.2328
-0.0108574 0.0375933 -0.999233 -30.6604 0.144256 0.988899 0.0356369 0.625791 0.989481 -0.143759 -0.0161597 16.2021
-0.00812306 0.0343279 -0.999378 -31.2366 0.147231 0.98856 0.0327595 0.64618 0.989068 -0.146874 -0.0130841 16.173
-0.0065404 0.0309007 -0.9995 -31.8136 0.149753 0.988281 0.0295739 0.664656 0.988702 -0.149485 -0.011091 16.1447
-0.00475323 0.0299591 -0.99954 -32.391 0.15244 0.987891 0.028885 0.68282 0.988301 -0.152233 -0.00926252 16.1176
-0.0017222 0.0306176 -0.999529 -32.9687 0.155378 0.987401 0.0299783 0.701608 0.987853 -0.155253 -0.00645754 16.0921
0.000908429 0.0331647 -0.99945 -33.5469 0.158132 0.98687 0.032891 0.722098 0.987417 -0.158075 -0.00434776 16.0679
0.0017218 0.0363702 -0.999336 -34.1252 0.160892 0.986309 0.0361733 0.74439 0.98697 -0.160848 -0.0041532 16.0435
0.00240972 0.0366223 -0.999327 -34.7039 0.164642 0.985678 0.0365191 0.766468 0.98635 -0.164619 -0.0036542 16.0193
0.00263402 0.0349653 -0.999384 -35.2826 0.168995 0.984999 0.0349073 0.787305 0.985613 -0.168982 -0.00331418 15.9954
0.00455681 0.0312809 -0.999501 -35.8618 0.172839 0.984444 0.0315976 0.80604 0.984939 -0.172897 -0.000920497 15.9731
0.00749164 0.0269038 -0.999609 -36.4429 0.175074 0.984163 0.0278002 0.822435 0.984526 -0.175214 0.00266308 15.9526
0.00946912 0.0231487 -0.999688 -37.0246 0.176863 0.983932 0.0244592 0.836867 0.98419 -0.177039 0.00522296 15.9335
0.0111377 0.0217778 -0.9997 -37.6071 0.177932 0.983765 0.023413 0.850799 0.983979 -0.17814 0.00708217 15.9154
0.0138764 0.0187813 -0.999728 -38.1904 0.179249 0.983581 0.020966 0.863145 0.983706 -0.179491 0.0102822 15.8992
0.0147985 0.0152973 -0.999773 -38.7745 0.180862 0.983349 0.0177231 0.873462 0.983397 -0.181084 0.0117856 15.8836
0.0142676 0.0133377 -0.99981 -39.3596 0.183165 0.982957 0.0157267 0.882594 0.982979 -0.183354 0.0115816 15.8679
0.0132223 0.0153005 -0.999795 -39.9454 0.185579 0.982474 0.0174897 0.892955 0.98254 -0.185772 0.0101514 15.8513
0.0137474 0.019032 -0.999725 -40.5323 0.188011 0.981937 0.0212788 0.90562 0.98207 -0.188252 0.00992099 15.8346
0.0130641 0.0212683 -0.999688 -41.1201 0.190183 0.981471 0.0233661 0.919285 0.981662 -0.190428 0.0087774 15.8171
0.0142509 0.0209776 -0.999679 -41.71 0.191992 0.98112 0.0233251 0.932673 0.981293 -0.192262 0.00995451 15.8004
0.0111022 0.017809 -0.999779 -42.3005 0.192949 0.981013 0.0196174 0.943552 0.981146 -0.193124 0.00745541 15.7818
0.00940317 0.0149759 -0.999844 -42.8924 0.193292 0.981003 0.0165115 0.952724 0.981096 -0.193417 0.00632998 15.7629
0.00900375 0.0146162 -0.999852 -43.4858 0.19344 0.980981 0.0160823 0.961998 0.98107 -0.193556 0.0060054 15.7438
0.00621628 0.0141123 -0.999881 -44.0809 0.194844 0.980719 0.0150531 0.970699 0.980814 -0.194914 0.00334691 15.7232
0.00573112 0.0154445 -0.999864 -44.6777 0.19654 0.980361 0.0162698 0.9804 0.980479 -0.196607 0.00258337 15.7022
0.00204239 0.0139394 -0.999901 -45.2836 0.195312 0.980641 0.0140698 0.989032 0.980739 -0.195321 -0.000719498 15.6787
-0.00186624 0.0155329 -0.999877 -45.8915 0.196708 0.98035 0.0148624 0.998675 0.98046 -0.196656 -0.0048847 15.6527
-0.00131296 0.0183792 -0.999831 -46.4997 0.199158 0.979807 0.0177496 1.01038 0.979966 -0.1991 -0.00494663 15.6277
-0.0022557 0.019772 -0.999801 -47.1079 0.200316 0.979549 0.0189196 1.02272 0.979729 -0.200234 -0.00616992 15.6019
-0.00194081 0.0191063 -0.999816 -47.7175 0.200848 0.979452 0.0183273 1.03424 0.97962 -0.200775 -0.0057382 15.5767
-0.00238391 0.0204283 -0.999788 -48.3273 0.202668 0.979054 0.0195214 1.04665 0.979244 -0.202579 -0.00647382 15.551
-0.00261244 0.018741 -0.999822 -48.9376 0.204617 0.978681 0.0178101 1.0578 0.978838 -0.204534 -0.00639128 15.5255
-0.00255658 0.0155831 -0.999874 -49.548 0.206026 0.978436 0.0147222 1.06702 0.978543 -0.205963 -0.00571164 15.5004
-0.00316155 0.0114297 -0.99993 -50.1588 0.207192 0.978244 0.0105266 1.07361 0.978295 -0.207144 -0.0054607 15.4755
-0.00300054 0.00676541 -0.999972 -50.7697 0.20801 0.978109 0.00599337 1.07741 0.978122 -0.207987 -0.00434179 15.4512
-0.00154139 0.00344486 -0.999994 -51.3815 0.209517 0.977801 0.00304539 1.07942 0.977804 -0.209511 -0.00222871 15.4283
0.00122395 0.000704719 -0.999998 -51.9932 0.21084 0.977521 0.000946973 1.08017 0.97752 -0.210841 0.00104819 15.4075
0.00573293 -0.00114126 -0.999984 -52.6055 0.212606 0.977139 0.00010361 1.08043 0.977121 -0.212603 0.00584474 15.3896
0.0136514 -0.00153903 -0.999905 -53.2181 0.214772 0.976664 0.00142899 1.08162 0.976569 -0.214771 0.0136637 15.3768
0.0218738 -0.00153077 -0.99976 -53.8312 0.216718 0.97623 0.00324677 1.08403 0.975989 -0.216736 0.0216859 15.369
0.0306628 -0.00206132 -0.999527 -54.4432 0.217304 0.976093 0.00465335 1.08761 0.975622 -0.217344 0.0303779 15.3665
0.0428853 -0.00195177 -0.999079 -55.0552 0.218204 0.975875 0.00745988 1.09315 0.97496 -0.218323 0.0422769 15.3719
0.0583011 -0.00172531 -0.998297 -55.6667 0.21895 0.975674 0.0111006 1.10098 0.973993 -0.219224 0.0572608 15.3866
0.0771055 -0.00232451 -0.997021 -56.2779 0.219748 0.975446 0.0147201 1.11097 0.972505 -0.220228 0.0757233 15.413
0.0990936 -0.00294838 -0.995073 -56.8879 0.22056 0.975187 0.0190749 1.1237 0.970326 -0.221364 0.0972853 15.4528
0.124466 -0.00399782 -0.992217 -57.4965 0.221328 0.974909 0.0238359 1.13931 0.967224 -0.222572 0.122229 15.5081
0.154235 -0.00491871 -0.988021 -58.1027 0.222462 0.974484 0.0298761 1.15867 0.962664 -0.224405 0.151394 15.5815
0.187953 -0.00645295 -0.982158 -58.706 0.223459 0.974035 0.0363632 1.18197 0.95642 -0.226306 0.184515 15.6756
0.22626 -0.00761287 -0.974036 -59.3043 0.224183 0.973533 0.0444668 1.21029 0.947918 -0.228423 0.221978 15.7927
0.267353 -0.0095482 -0.963552 -59.897 0.224442 0.973065 0.0526328 1.24357 0.937095 -0.230333 0.262296 15.9348
0.312221 -0.0111682 -0.949943 -60.4817 0.224138 0.972569 0.0622338 1.28275 0.92319 -0.232349 0.306159 16.104
0.36071 -0.0133078 -0.932584 -61.0564 0.223457 0.97201 0.0725599 1.32827 0.905513 -0.234565 0.353588 16.3026
0.411068 -0.017223 -0.911441 -61.6185 0.222576 0.97146 0.0820263 1.37948 0.884015 -0.236583 0.403169 16.5317
0.463088 -0.0225155 -0.886027 -62.1659 0.220978 0.971041 0.0908199 1.43599 0.858323 -0.23785 0.454653 16.7928
0.51524 -0.0275041 -0.856604 -62.6955 0.218767 0.970597 0.100422 1.49839 0.828655 -0.239138 0.506107 17.0855
0.565777 -0.0308041 -0.823984 -63.206 0.215575 0.970071 0.111756 1.56782 0.795879 -0.240859 0.555485 17.4086
0.613198 -0.0334469 -0.78922 -63.6954 0.211613 0.969543 0.123327 1.6443 0.761058 -0.242633 0.601598 17.76
0.656776 -0.036778 -0.753189 -64.1631 0.207835 0.968954 0.133917 1.72712 0.724879 -0.244493 0.64403 18.1373
0.698816 -0.0431253 -0.714 -64.6058 0.205063 0.968363 0.142213 1.81464 0.685278 -0.245796 0.685549 18.5397
0.737309 -0.0502471 -0.673685 -65.0241 0.202075 0.967975 0.148963 1.90611 0.644624 -0.245967 0.723852 18.9655
0.773243 -0.0591998 -0.631341 -65.416 0.19872 0.968103 0.152608 1.99946 0.602168 -0.243463 0.760341 19.4133
0.808542 -0.0693117 -0.584343 -65.779 0.194319 0.968781 0.153963 2.09345 0.555427 -0.238033 0.796769 19.8834
0.841316 -0.0756098 -0.53523 -66.1114 0.187759 0.969394 0.158192 2.19021 0.506887 -0.233584 0.829761 20.3728
0.87171 -0.0790582 -0.483603 -66.4126 0.179823 0.969657 0.165621 2.29178 0.455834 -0.231336 0.859477 20.8799
0.90009 -0.0824936 -0.427824 -66.6799 0.170977 0.970028 0.172674 2.39765 0.400756 -0.22857 0.887215 21.404
0.924196 -0.0848026 -0.372384 -66.9147 0.161464 0.970372 0.179745 2.50795 0.346108 -0.226246 0.910507 21.9427
0.944364 -0.0859091 -0.317486 -67.1163 0.151438 0.970453 0.187857 2.6233 0.291966 -0.225485 0.929468 22.4929
0.959602 -0.0855501 -0.268038 -67.2893 0.141274 0.970362 0.196061 2.7438 0.24332 -0.226007 0.943248 23.0518
0.971377 -0.0847873 -0.221899 -67.4346 0.130772 0.970709 0.201556 2.86761 0.19831 -0.224805 0.95401 23.6176
0.979767 -0.083101 -0.182073 -67.5571 0.120879 0.970759 0.207402 2.99516 0.159513 -0.225214 0.961163 24.1882
0.985592 -0.0813214 -0.148306 -67.6595 0.112028 0.970788 0.212185 3.12562 0.126718 -0.225743 0.96591 24.7619
0.989406 -0.0798348 -0.121254 -67.7464 0.104838 0.970669 0.216359 3.25874 0.100424 -0.226778 0.968756 25.3379
0.992116 -0.0786099 -0.0975995 -67.8193 0.0984715 0.970714 0.219135 3.39347 0.0775146 -0.227018 0.9708 25.9154
0.993989 -0.077459 -0.077366 -67.8806 0.0929155 0.970613 0.221986 3.53003 0.0578972 -0.227839 0.971976 26.4941
0.995228 -0.07597 -0.0612384 -67.9323 0.0879091 0.970435 0.224787 3.6683 0.0423505 -0.229098 0.972481 27.0733
0.99605 -0.0743281 -0.0485758 -67.977 0.0834768 0.970318 0.226969 3.8079 0.0302634 -0.230127 0.97269 27.653
0.996715 -0.0732747 -0.0344969 -68.0128 0.0792282 0.970508 0.227681 3.94782 0.0167959 -0.229666 0.973124 28.2329
0.997165 -0.0724767 -0.0202068 -68.0404 0.0751777 0.970743 0.228048 4.08802 0.00308707 -0.22892 0.973441 28.8136
0.997423 -0.0715648 -0.00505341 -68.0585 0.0708189 0.97086 0.228947 4.22888 -0.0114788 -0.228715 0.973425 29.3946
0.997469 -0.07052 0.00907388 -68.0685 0.0665578 0.970982 0.229706 4.37025 -0.0250098 -0.22852 0.973218 29.976
0.997285 -0.0698072 0.0234431 -68.0695 0.0626645 0.971713 0.227705 4.51026 -0.0386758 -0.225617 0.973447 30.5576
0.997003 -0.0691543 0.0346719 -68.0642 0.0596586 0.97265 0.224484 4.64833 -0.049248 -0.221742 0.973861 31.14
0.996501 -0.0692632 0.0467859 -68.0512 0.0574007 0.973968 0.219302 4.78322 -0.0607579 -0.215849 0.974533 31.7229
0.996113 -0.0684701 0.0554047 -68.0335 0.0548858 0.974509 0.217533 4.91739 -0.0688873 -0.213646 0.97448 32.3061
0.995899 -0.0669842 0.060819 -68.0124 0.0520324 0.973961 0.22067 5.05389 -0.0740171 -0.216601 0.973449 32.8885
0.995757 -0.0648585 0.0652668 -67.9889 0.0484675 0.97266 0.227122 5.19454 -0.0782135 -0.222995 0.971677 33.4699
0.995601 -0.0635967 0.0688043 -67.963 0.0460738 0.971743 0.231504 5.33764 -0.0815834 -0.227316 0.970397 34.0506
0.995346 -0.0633822 0.0725874 -67.9351 0.0450006 0.971795 0.231493 5.48044 -0.085213 -0.227149 0.970125 34.6312
0.995111 -0.06372 0.0754561 -67.9052 0.0446927 0.971858 0.231294 5.62322 -0.088071 -0.226791 0.969952 35.2121
0.994809 -0.0638865 0.0791956 -67.8733 0.0439611 0.971788 0.231723 5.76639 -0.0917656 -0.227038 0.969553 35.7932
0.994496 -0.0650643 0.0821264 -67.8392 0.0443108 0.971454 0.233056 5.91046 -0.094946 -0.228135 0.968988 36.3747
0.994043 -0.0667465 0.0861519 -67.803 0.0449439 0.971225 0.233887 6.05506 -0.0992844 -0.228622 0.96844 36.9563
0.993628 -0.0681022 0.0898083 -67.7642 0.0456374 0.97167 0.231897 6.19824 -0.103057 -0.226321 0.968585 37.5384
0.99345 -0.0688986 0.0911513 -67.7252 0.0464816 0.972446 0.228447 6.33934 -0.10438 -0.222713 0.96928 38.1214
0.993147 -0.0695897 0.0938926 -67.6841 0.0470637 0.973518 0.223719 6.47757 -0.106975 -0.217767 0.97012 38.7051
0.993084 -0.0699022 0.0943273 -67.6433 0.0477373 0.974436 0.219536 6.61344 -0.107262 -0.213514 0.971034 39.2898
0.993029 -0.0704056 0.0945356 -67.6021 0.0483996 0.974836 0.217608 6.74833 -0.107478 -0.211516 0.971446 39.875
0.992811 -0.0716021 0.0959065 -67.5603 0.0492283 0.974688 0.218082 6.8838 -0.109094 -0.211793 0.971207 40.461
0.992442 -0.0726877 0.0988741 -67.5162 0.0494113 0.974198 0.220223 7.02083 -0.112331 -0.213673 0.970425 41.0473
0.991783 -0.07398 0.104368 -67.4689 0.0494009 0.974026 0.220983 7.15856 -0.118006 -0.214011 0.969678 41.6348
0.991088 -0.0755634 0.109703 -67.418 0.0500939 0.974511 0.218681 7.29499 -0.123431 -0.211236 0.969609 42.224
0.989849 -0.0769892 0.119464 -67.3613 0.0494813 0.974663 0.218138 7.43217 -0.133232 -0.210012 0.968579 42.8164
0.989066 -0.0761496 0.126295 -67.3011 0.0474561 0.975168 0.216328 7.56992 -0.139633 -0.207969 0.968117 43.4148
0.989046 -0.0746514 0.127341 -67.2414 0.0456079 0.975026 0.217361 7.7092 -0.140387 -0.209172 0.96775 44.0147
0.989365 -0.0732875 0.125643 -67.1834 0.0446927 0.975174 0.216889 7.84878 -0.138419 -0.208967 0.968076 44.6189
0.989634 -0.0717521 0.124404 -67.1271 0.0432893 0.974994 0.217978 7.98929 -0.136934 -0.210333 0.967993 45.2236
0.989744 -0.0704742 0.12426 -67.0703 0.0420613 0.975048 0.217977 8.12974 -0.136522 -0.210515 0.96801 45.8281
0.990045 -0.0692308 0.122546 -67.0149 0.0411619 0.975019 0.21828 8.27052 -0.134596 -0.211063 0.968162 46.4331
0.990414 -0.0679426 0.120266 -66.9602 0.0404237 0.975117 0.217982 8.41118 -0.132084 -0.21103 0.968514 47.0386
0.990865 -0.0670151 0.117027 -66.9079 0.0402151 0.97514 0.217912 8.55201 -0.128721 -0.211215 0.968928 47.6456
0.99133 -0.0657032 0.113789 -66.8571 0.0397127 0.975323 0.217186 8.69235 -0.125251 -0.210784 0.969474 48.2527
0.991679 -0.0636126 0.111922 -66.8077 0.0386363 0.976375 0.212604 8.82971 -0.122803 -0.20651 0.970708 48.8613
0.99195 -0.0615896 0.110648 -66.7585 0.0374499 0.977352 0.208285 8.96442 -0.12097 -0.202465 0.971788 49.4707
0.992084 -0.0600495 0.110285 -66.7099 0.0363942 0.978053 0.205156 9.09744 -0.120185 -0.199518 0.972497 50.0817
0.992487 -0.0586829 0.107357 -66.6629 0.0359278 0.978571 0.202758 9.22902 -0.116955 -0.197378 0.973325 50.6935
0.99302 -0.0571781 0.103155 -66.6185 0.0354061 0.978806 0.20171 9.36035 -0.112503 -0.19665 0.973999 51.3079
0.99357 -0.0543315 0.0993322 -66.5694 0.0329565 0.978133 0.205359 9.49594 -0.108318 -0.200765 0.973632 51.9412
0.993922 -0.0516834 0.0971961 -66.5216 0.0305795 0.977812 0.207243 9.63281 -0.105751 -0.203011 0.97345 52.5759
0.994341 -0.0499137 0.0937855 -66.4756 0.0291356 0.977034 0.211085 9.77245 -0.102168 -0.207158 0.972957 53.2104
0.994385 -0.0487314 0.0939351 -66.4294 0.0276849 0.976542 0.213541 9.91381 -0.102138 -0.209742 0.972408 53.8456
0.994458 -0.047515 0.093788 -66.3828 0.0264048 0.976334 0.214654 10.0559 -0.101768 -0.210988 0.972176 54.4811
0.994438 -0.0465547 0.0944754 -66.336 0.0253763 0.976487 0.214079 10.1977 -0.102221 -0.21049 0.972238 55.1175
0.994199 -0.0462218 0.0971221 -66.2869 0.0247362 0.97701 0.211758 10.3379 -0.104677 -0.208127 0.972483 55.7541
0.993836 -0.0477173 0.100064 -66.2347 0.0255698 0.976953 0.21192 10.4802 -0.10787 -0.208055 0.972152 56.4004
0.993576 -0.0494614 0.101788 -66.1808 0.0268679 0.976815 0.212396 10.6229 -0.109934 -0.208296 0.971867 57.047
0.993506 -0.0507812 0.101826 -66.1275 0.0279986 0.976478 0.213798 10.7667 -0.110288 -0.209558 0.971558 57.6945
0.993321 -0.0524964 0.102748 -66.0729 0.0293251 0.976125 0.215225 10.9116 -0.111593 -0.210774 0.971143 58.3418
0.992987 -0.0558489 0.1042 -66.0174 0.0322432 0.975906 0.215801 11.0573 -0.113742 -0.210928 0.970863 58.9912
0.992811 -0.0579051 0.104755 -65.9609 0.0342979 0.976121 0.21451 11.2019 -0.114675 -0.209375 0.971087 59.641
0.99284 -0.0594443 0.103615 -65.9057 0.0364748 0.976826 0.210909 11.3441 -0.113751 -0.205619 0.972 60.2924
0.992723 -0.0606802 0.104008 -65.8495 0.0380777 0.977618 0.20692 11.4835 -0.114237 -0.201454 0.972813 60.9442
0.992741 -0.0611688 0.103563 -65.7941 0.0392395 0.978626 0.201875 11.6196 -0.113699 -0.196345 0.973922 61.598
0.992709 -0.0613563 0.103749 -65.7379 0.0396667 0.979099 0.199484 11.7544 -0.113821 -0.193914 0.974392 62.2522
0.992712 -0.0620487 0.103315 -65.6824 0.0402236 0.978705 0.201297 11.8909 -0.113605 -0.195674 0.974068 62.9076
0.992816 -0.0629043 0.101775 -65.6273 0.0407385 0.977539 0.206784 12.0316 -0.112497 -0.201152 0.973078 63.563
0.992828 -0.0636991 0.101171 -65.5732 0.0411034 0.97652 0.211474 12.1755 -0.112266 -0.205798 0.972135 64.2184
0.992967 -0.0642823 0.0994155 -65.5197 0.0420976 0.976583 0.210987 12.3187 -0.110651 -0.205318 0.972419 64.8741
0.993016 -0.0649208 0.0985206 -65.4673 0.0434138 0.977477 0.206537 12.4588 -0.10971 -0.200817 0.973468 65.5319
0.993169 -0.0654774 0.0965815 -65.4156 0.0448799 0.9784 0.201796 12.5956 -0.107709 -0.196083 0.974653 66.1907
0.993505 -0.0653207 0.0931756 -65.3668 0.0459113 0.979326 0.197018 12.7294 -0.104119 -0.19146 0.975964 66.8518
0.993935 -0.065352 0.0884352 -65.3205 0.0474805 0.980461 0.190902 12.8591 -0.0991834 -0.185545 0.977616 67.5148
0.994204 -0.0658255 0.0850103 -65.2769 0.0490644 0.981317 0.186045 12.9861 -0.0956688 -0.180796 0.978858 68.1805
0.994553 -0.0664437 0.0803003 -65.2357 0.0507749 0.981719 0.183445 13.1117 -0.0910214 -0.178368 0.979744 68.8471
0.99474 -0.0668652 0.0776027 -65.1968 0.0519821 0.982285 0.180048 13.2351 -0.0882671 -0.175066 0.980594 69.5158
0.995023 -0.0662833 0.0744005 -65.1596 0.0518725 0.982079 0.181196 13.3601 -0.0850777 -0.176435 0.980628 70.1851
0.995541 -0.0650303 0.0683405 -65.1275 0.0515205 0.981653 0.183591 13.4871 -0.0790258 -0.179251 0.980626 70.8557
0.995954 -0.0633191 0.0637561 -65.0973 0.0504992 0.981306 0.185716 13.6158 -0.0743239 -0.181745 0.980532 71.5271
0.99651 -0.0623599 0.0555031 -65.0734 0.0508583 0.980709 0.18875 13.7473 -0.066203 -0.185268 0.980457 72.2004
0.996982 -0.0635245 0.0446132 -65.0562 0.0539482 0.980263 0.190199 13.8802 -0.0558153 -0.187218 0.98073 72.875
0.997196 -0.0655771 0.036053 -65.0446 0.0574754 0.97967 0.192212 14.0154 -0.0479251 -0.1896 0.980693 73.5518
0.997236 -0.0678456 0.0302647 -65.036 0.0607903 0.97941 0.192516 14.1507 -0.0427032 -0.190144 0.980826 74.2284
0.99734 -0.0692288 0.0228236 -65.0335 0.0636269 0.979556 0.190853 14.2847 -0.0355698 -0.188893 0.981355 74.9061
0.997472 -0.0692352 0.0159835 -65.0348 0.065053 0.980288 0.186561 14.4157 -0.0285854 -0.18505 0.982312 75.5842
0.997557 -0.0690924 0.0103232 -65.0408 0.0660521 0.980953 0.18268 14.544 -0.0227487 -0.181551 0.98312 76.2636
0.99759 -0.0691654 0.00537236 -65.0494 0.0670895 0.981555 0.179027 14.6698 -0.0176561 -0.178236 0.983828 76.9428
0.997609 -0.0691138 -0.000273327 -65.0626 0.0680421 0.981428 0.179368 14.7963 -0.0121289 -0.178957 0.983784 77.6226
0.997645 -0.0683204 -0.00587788 -65.0791 0.0682587 0.981226 0.180383 14.9233 -0.00655662 -0.18036 0.983578 78.3017
0.997645 -0.067615 -0.0115483 -65.1001 0.0685894 0.981312 0.179791 15.0499 -0.000824477 -0.18016 0.983639 78.9816
0.997554 -0.0675832 -0.0177798 -65.1249 0.0696545 0.98213 0.17484 15.1725 0.00564552 -0.175651 0.984435 79.6614
0.997453 -0.0666143 -0.0255302 -65.1558 0.0699486 0.983554 0.166532 15.2893 0.0140165 -0.167893 0.985707 80.3432
0.99725 -0.0659216 -0.0338462 -65.1919 0.0705754 0.984164 0.162607 15.4037 0.0225907 -0.164548 0.986109 81.0246
0.996686 -0.0666583 -0.046646 -65.2379 0.0734274 0.98391 0.16289 15.5189 0.0350371 -0.165775 0.985543 81.7061
0.995958 -0.0679795 -0.0587 -65.2918 0.0769065 0.983054 0.166407 15.6365 0.0463928 -0.170249 0.984307 82.3857
0.995082 -0.0691225 -0.0709571 -65.355 0.080448 0.98186 0.171703 15.7581 0.0578009 -0.176567 0.982592 83.0649
0.994058 -0.0703277 -0.0830776 -65.426 0.0839364 0.981215 0.173705 15.8806 0.0693004 -0.179646 0.981286 83.7423
0.992917 -0.0715033 -0.0948991 -65.5059 0.0868725 0.981743 0.169223 15.9997 0.081066 -0.176268 0.981 84.4204
0.991628 -0.0729889 -0.10651 -65.593 0.0896112 0.982924 0.160721 16.1124 0.0929606 -0.16892 0.981235 85.0979
0.990237 -0.0744067 -0.117883 -65.6887 0.0921532 0.983912 0.153065 16.22 0.104597 -0.162433 0.981162 85.7763
0.988577 -0.0750902 -0.130671 -65.7928 0.0949969 0.983576 0.153475 16.3284 0.117 -0.164136 0.979473 86.4527
0.986763 -0.075837 -0.143352 -65.9063 0.0981245 0.982964 0.155425 16.4383 0.129122 -0.167433 0.977393 87.1286
0.984779 -0.0768584 -0.155889 -66.0277 0.101512 0.982381 0.156921 16.549 0.141081 -0.170358 0.975229 87.802
0.982524 -0.0787822 -0.168645 -66.1588 0.105023 0.98266 0.152816 16.6565 0.153681 -0.167857 0.973761 88.4757
0.980053 -0.0813894 -0.181303 -66.298 0.108706 0.983262 0.146221 16.7589 0.166367 -0.163013 0.972495 89.1475
0.977996 -0.0842719 -0.190853 -66.4443 0.111747 0.984096 0.138097 16.8557 0.176179 -0.156385 0.971858 89.8197
0.976207 -0.0881016 -0.19813 -66.5947 0.115133 0.984896 0.129324 16.946 0.183744 -0.149058 0.971606 90.4906
0.974372 -0.0908203 -0.2058 -66.7512 0.118202 0.985105 0.124901 17.0339 0.19139 -0.146026 0.970593 91.1618
0.972198 -0.0925786 -0.21508 -66.9134 0.120665 0.985251 0.121337 17.1191 0.200674 -0.143916 0.969028 91.8309
0.970015 -0.0942037 -0.224051 -67.0825 0.123117 0.985261 0.118769 17.2028 0.20956 -0.142792 0.967315 92.4999
0.968026 -0.0943074 -0.232445 -67.2566 0.125227 0.984593 0.122046 17.2892 0.217354 -0.147252 0.964921 93.1668
0.966195 -0.09438 -0.23992 -67.4364 0.126877 0.984164 0.1238 17.3767 0.224436 -0.150055 0.962868 93.8335
0.964047 -0.0939041 -0.248583 -67.6216 0.128038 0.983876 0.124886 17.4647 0.232848 -0.152224 0.960524 94.4973
0.961885 -0.0939968 -0.256797 -67.813 0.128535 0.984276 0.121175 17.5499 0.241368 -0.149563 0.958841 95.1609
0.960067 -0.0953998 -0.263 -68.0079 0.129211 0.984999 0.11438 17.63 0.248143 -0.143795 0.95799 95.8228
0.95887 -0.0983281 -0.266274 -68.2056 0.130554 0.985747 0.106121 17.7043 0.252043 -0.136519 0.95804 96.486
0.957601 -0.100048 -0.270165 -68.4053 0.131794 0.986016 0.102 17.7759 0.256182 -0.133282 0.957394 97.1478
0.955975 -0.100855 -0.275576 -68.6095 0.133398 0.985804 0.101975 17.848 0.261379 -0.134246 0.955857 97.8096
0.95443 -0.100858 -0.280874 -68.8165 0.13455 0.985505 0.103329 17.921 0.266381 -0.136412 0.954165 98.4691
0.952872 -0.103267 -0.285257 -69.0274 0.13677 0.985535 0.100087 17.9914 0.270795 -0.134385 0.953213 99.129
0.951175 -0.106039 -0.289864 -69.2405 0.138515 0.985903 0.0938637 18.0571 0.275824 -0.129431 0.952453 99.7876
0.949161 -0.108721 -0.295422 -69.4582 0.140117 0.986289 0.0872061 18.1184 0.281889 -0.124166 0.951381 100.447
0.947306 -0.11023 -0.300763 -69.6787 0.141143 0.986505 0.0829975 18.1767 0.287555 -0.121075 0.950079 101.103
0.946306 -0.110777 -0.303703 -69.9017 0.1417 0.986536 0.081679 18.2346 0.290564 -0.120328 0.949261 101.761
0.944774 -0.110757 -0.308437 -70.1274 0.142195 0.986494 0.081316 18.2921 0.295264 -0.120683 0.947761 102.416
0.943483 -0.111247 -0.312195 -70.3565 0.142715 0.986547 0.079756 18.3486 0.299121 -0.119803 0.946667 103.072
0.941895 -0.111917 -0.316713 -70.5879 0.143288 0.986644 0.0774812 18.4033 0.303811 -0.11836 0.94535 103.725
0.940307 -0.112972 -0.321033 -70.8232 0.144038 0.986754 0.0746477 18.4562 0.308346 -0.116432 0.944124 104.379
0.938159 -0.1142 -0.326823 -71.0617 0.145324 0.986734 0.0723713 18.5074 0.314223 -0.115391 0.942309 105.031
0.936161 -0.115433 -0.332082 -71.3047 0.146501 0.986732 0.0700019 18.5571 0.319595 -0.114183 0.940651 105.683
0.934318 -0.116644 -0.336812 -71.5501 0.147749 0.986675 0.0681531 18.6053 0.324374 -0.113441 0.939101 106.332
0.932472 -0.118644 -0.341204 -71.7994 0.149088 0.98673 0.0643336 18.6511 0.329043 -0.110858 0.937787 106.982
0.930941 -0.121364 -0.344408 -72.0501 0.150542 0.986831 0.0591757 18.693 0.332691 -0.106937 0.936952 107.63
0.92947 -0.123915 -0.347465 -72.3037 0.152091 0.986841 0.0549101 18.7322 0.336087 -0.103883 0.936086 108.279
0.928006 -0.125164 -0.35091 -72.5587 0.15341 0.986699 0.0537639 18.7707 0.339513 -0.103726 0.934863 108.926
0.92673 -0.125289 -0.354226 -72.8169 0.154764 0.986363 0.0560205 18.8111 0.342376 -0.106737 0.933483 109.573
0.925582 -0.124899 -0.357347 -73.0764 0.156352 0.985853 0.0604025 18.8545 0.344747 -0.11178 0.932015 110.217
0.924429 -0.125092 -0.360257 -73.3388 0.157881 0.985451 0.0629472 18.8997 0.34714 -0.115068 0.930729 110.862
0.923446 -0.126176 -0.362389 -73.6016 0.159132 0.985281 0.06245 18.9441 0.349175 -0.115337 0.929931 111.505
0.922528 -0.128015 -0.364082 -73.8665 0.160094 0.985326 0.0592021 18.9863 0.35116 -0.112903 0.929486 112.149
0.921697 -0.130078 -0.365448 -74.1314 0.160639 0.985516 0.0543615 19.0248 0.353083 -0.10881 0.929241 112.791
0.921069 -0.131627 -0.366479 -74.3978 0.16099 0.98566 0.0505982 19.0609 0.354563 -0.105604 0.929052 113.435
0.920734 -0.133149 -0.366767 -74.6635 0.161359 0.985767 0.0472095 19.0945 0.355261 -0.102649 0.929113 114.077
0.920281 -0.134041 -0.367583 -74.9306 0.161509 0.985853 0.0448574 19.1267 0.356369 -0.100649 0.928911 114.72
0.919999 -0.134309 -0.368186 -75.1971 0.161407 0.985922 0.0436626 19.1579 0.357138 -0.0995975 0.928725 115.361
0.920434 -0.135497 -0.366666 -75.4574 0.162425 0.985765 0.0434538 19.186 0.355557 -0.0995516 0.92934 115.976
0.920691 -0.136802 -0.36553 -75.716 0.162992 0.98575 0.0416191 19.2126 0.354627 -0.0978968 0.929867 116.591
0.920902 -0.138333 -0.364425 -75.9748 0.163221 0.98585 0.0382381 19.237 0.353977 -0.0946952 0.93045 117.206
0.921152 -0.139971 -0.36316 -76.2317 0.16319 0.986013 0.0338937 19.2583 0.353336 -0.0904852 0.931108 117.821
0.921322 -0.142325 -0.361817 -76.4885 0.163384 0.986163 0.0281175 19.2758 0.352808 -0.0850202 0.931828 118.437
0.920672 -0.144309 -0.36268 -76.745 0.164056 0.986158 0.0240728 19.2906 0.354185 -0.0816631 0.931601 119.051
0.919854 -0.14649 -0.363882 -77.0031 0.165345 0.986013 0.0210273 19.3036 0.355711 -0.0795079 0.93121 119.666
0.918861 -0.148253 -0.365669 -77.2613 0.1664 0.985887 0.0184253 19.3147 0.357777 -0.0777776 0.930561 120.278
0.91745 -0.149375 -0.368746 -77.5225 0.166943 0.985838 0.0160061 19.3245 0.361132 -0.0762444 0.929395 120.892
0.916299 -0.149201 -0.371662 -77.7844 0.166686 0.985894 0.0151716 19.3336 0.364156 -0.0758528 0.928242 121.502
0.915345 -0.148774 -0.37418 -78.0488 0.166626 0.985898 0.0156185 19.3434 0.366579 -0.0766445 0.927227 122.112
0.91429 -0.148927 -0.376687 -78.3137 0.166618 0.985914 0.0146237 19.3522 0.369202 -0.0761332 0.926224 122.72
0.913371 -0.150308 -0.378369 -78.5804 0.166968 0.985898 0.0114032 19.359 0.371318 -0.0735906 0.925587 123.328
0.912184 -0.152958 -0.380161 -78.847 0.168015 0.985764 0.00652536 19.3623 0.373751 -0.0698252 0.924895 123.934
0.91022 -0.155688 -0.383747 -79.1168 0.169237 0.985576 0.00156376 19.3626 0.377968 -0.0663676 0.923439 124.538
0.907669 -0.158597 -0.388564 -79.3885 0.17031 0.985382 -0.00435789 19.3587 0.383575 -0.062221 0.92141 125.14
0.904355 -0.160996 -0.395252 -79.6653 0.170739 0.98526 -0.0106644 19.3509 0.391142 -0.0578403 0.918513 125.739
0.900795 -0.164869 -0.401726 -79.945 0.171302 0.985014 -0.0201388 19.3365 0.399026 -0.0506754 0.915537 126.334
0.896674 -0.169024 -0.409156 -80.2302 0.171107 0.98474 -0.031819 19.3145 0.408289 -0.0414779 0.911912 126.927
0.892813 -0.174708 -0.415162 -80.5173 0.171584 0.984135 -0.0451466 19.2836 0.416463 -0.0309278 0.908625 127.513
0.888705 -0.179214 -0.422004 -80.8094 0.171397 0.983568 -0.0567484 19.2457 0.425238 -0.0218975 0.904819 128.098
0.885301 -0.18006 -0.428741 -81.1036 0.168326 0.983554 -0.0654924 19.2029 0.433482 -0.0141876 0.901049 128.673
0.88233 -0.17983 -0.434922 -81.4022 0.164927 0.983666 -0.0721353 19.1564 0.440789 -0.00808334 0.897576 129.246
0.87866 -0.182276 -0.441282 -81.703 0.163004 0.983248 -0.0815732 19.1038 0.448758 -0.000255404 0.893651 129.812
0.874726 -0.184767 -0.448015 -82.0087 0.162161 0.982771 -0.0886976 19.0473 0.456684 0.00493548 0.889618 130.376
0.869911 -0.186535 -0.45657 -82.3186 0.160976 0.982409 -0.0946585 18.9871 0.466195 0.00884775 0.884636 130.934
0.863819 -0.187993 -0.467416 -82.6358 0.159799 0.982105 -0.0996804 18.9242 0.47779 0.0114131 0.878402 131.488
0.856313 -0.190907 -0.479874 -82.9592 0.158876 0.981489 -0.106954 18.8566 0.491409 0.015346 0.870791 132.034
0.847408 -0.193946 -0.494254 -83.2914 0.159212 0.980881 -0.111927 18.787 0.506511 0.0161561 0.862085 132.572
0.837203 -0.199197 -0.509322 -83.6311 0.158492 0.979714 -0.122645 18.7101 0.52342 0.021956 0.85179 133.101
0.82598 -0.202984 -0.525887 -83.9816 0.158221 0.978899 -0.129332 18.6299 0.541041 0.0236194 0.840667 133.622
0.812183 -0.208462 -0.544884 -84.3418 0.156942 0.977623 -0.140087 18.543 0.561894 0.0282614 0.826724 134.13
0.794747 -0.214808 -0.56766 -84.7159 0.154862 0.976089 -0.152549 18.4488 0.586854 0.0333289 0.809009 134.627
0.774027 -0.222058 -0.592933 -85.1034 0.151421 0.974229 -0.167186 18.3457 0.614777 0.0396241 0.787703 135.106
0.749584 -0.230041 -0.620651 -85.5077 0.146736 0.972087 -0.183081 18.2335 0.645441 0.0461624 0.762416 135.569
0.720708 -0.236845 -0.651522 -85.9287 0.140399 0.97022 -0.19739 18.113 0.67887 0.0507872 0.732498 136.01
0.688185 -0.24374 -0.68337 -86.3683 0.132454 0.968261 -0.211966 17.9846 0.713344 0.055357 0.698627 136.428
0.652114 -0.249445 -0.715906 -86.8221 0.1236 0.966667 -0.224231 17.8511 0.747975 0.0577381 0.661208 136.816
0.614916 -0.257748 -0.745283 -87.2925 0.114103 0.964215 -0.239321 17.7094 0.780295 0.0621234 0.622321 137.181
0.575435 -0.263359 -0.774282 -87.7766 0.102402 0.962486 -0.251269 17.5617 0.811409 0.0653012 0.580816 137.515
0.537419 -0.267932 -0.799622 -88.2744 0.0900435 0.960999 -0.261489 17.4093 0.838496 0.0685283 0.540585 137.824
0.495942 -0.271805 -0.824718 -88.7843 0.0747233 0.959586 -0.271317 17.2515 0.865133 0.0729323 0.496208 138.103
0.451846 -0.273635 -0.849095 -89.3085 0.0579316 0.958788 -0.278159 17.0906 0.890214 0.0764953 0.449077 138.355
0.405255 -0.275358 -0.871747 -89.8433 0.0402065 0.958007 -0.283913 16.9269 0.913317 0.0800076 0.399308 138.574
0.358575 -0.276576 -0.89159 -90.3887 0.0225617 0.957392 -0.287916 16.7621 0.933229 0.0831235 0.349538 138.763
0.312125 -0.277697 -0.908547 -90.941 0.00473775 0.95677 -0.290808 16.5963 0.950028 0.0864642 0.299947 138.92
0.26555 -0.280189 -0.922486 -91.501 -0.0134913 0.955665 -0.294152 16.4292 0.964004 0.0905575 0.249997 139.048
0.219547 -0.282423 -0.933827 -92.0648 -0.0317922 0.954603 -0.29618 16.2616 0.975083 0.0947141 0.200601 139.144
0.173719 -0.285554 -0.942488 -92.6332 -0.0501158 0.953236 -0.29805 16.0936 0.983521 0.0990103 0.151285 139.213
0.128906 -0.288956 -0.948622 -93.2025 -0.0679358 0.951785 -0.29915 15.9254 0.989326 0.103008 0.103061 139.251
0.0837411 -0.290347 -0.953252 -93.7743 -0.0853095 0.951011 -0.29716 15.7594 0.992831 0.106206 0.05487 139.261
0.0407122 -0.293243 -0.955168 -94.3445 -0.102005 0.94975 -0.295926 15.5943 0.993949 0.10948 0.00875449 139.243
0.000397301 -0.29681 -0.954939 -94.9147 -0.118277 0.948221 -0.294773 15.4305 0.992982 0.113064 -0.0347284 139.201
-0.036409 -0.299914 -0.953269 -95.4816 -0.133483 0.946816 -0.292784 15.2679 0.990381 0.116586 -0.0745055 139.133
-0.0680832 -0.302195 -0.950814 -96.0475 -0.146769 0.94569 -0.290058 15.1076 0.986827 0.119801 -0.108738 139.048
-0.0930922 -0.303811 -0.948171 -96.6099 -0.157903 0.944762 -0.287214 14.9489 0.983055 0.122982 -0.135922 138.945
-0.113451 -0.306118 -0.945212 -97.1714 -0.167296 0.943655 -0.285536 14.7916 0.979359 0.125735 -0.15827 138.831
-0.127829 -0.307385 -0.942958 -97.7301 -0.174475 0.942903 -0.283714 14.6352 0.976327 0.128256 -0.174161 138.706
-0.138765 -0.308177 -0.941157 -98.2891 -0.180383 0.942318 -0.281962 14.4802 0.97376 0.130642 -0.18635 138.576
-0.148909 -0.309437 -0.939186 -98.8453 -0.185775 0.94162 -0.280783 14.3256 0.971242 0.132667 -0.197701 138.438
-0.156134 -0.310285 -0.937737 -99.4023 -0.190246 0.94105 -0.279707 14.172 0.969243 0.134728 -0.205959 138.297
-0.161484 -0.310799 -0.936655 -99.9571 -0.193988 0.940594 -0.27866 14.0187 0.96762 0.136701 -0.212182 138.15
-0.165417 -0.311307 -0.935804 -100.513 -0.197113 0.940166 -0.277917 13.8661 0.966327 0.138487 -0.216881 138.002
-0.166765 -0.311622 -0.935455 -101.068 -0.199202 0.939828 -0.277565 13.7134 0.965663 0.140057 -0.218806 137.851
-0.167229 -0.312536 -0.935072 -101.624 -0.2007 0.93936 -0.278078 13.5605 0.965276 0.141166 -0.219813 137.702
-0.16665 -0.313101 -0.934982 -102.178 -0.201239 0.939086 -0.278605 13.4071 0.96526 0.141726 -0.219506 137.55
-0.165069 -0.313698 -0.935067 -102.735 -0.201237 0.93884 -0.279441 13.2532 0.965536 0.142043 -0.2181 137.402
-0.162586 -0.314372 -0.935271 -103.29 -0.200662 0.938612 -0.280611 13.0983 0.966073 0.142051 -0.215687 137.253
