1 0 0 0 0 1 0 0 0 0 1 0
0.999038 -0.000183988 0.0438556 0.0348267 0.000157492 0.999999 0.000607435 -0.00761585 -0.0438557 -0.000599766 0.999038 0.997151
0.995904 -0.000276081 0.0904229 0.114339 8.94075e-05 0.999998 0.00206723 -0.0177666 -0.0904233 -0.00205047 0.995902 2.01988
0.990877 -0.000721989 0.134765 0.236392 0.000864707 0.999997 -0.00100082 -0.025464 -0.134764 0.00110837 0.990876 2.98261
0.983119 -0.000570519 0.182972 0.402037 0.00139496 0.99999 -0.00437729 -0.0298076 -0.182968 0.00455882 0.983108 3.98563
0.973746 -0.00150493 0.227629 0.610941 0.00215079 0.999992 -0.00258948 -0.0620645 -0.227623 0.00301124 0.973744 4.93469
0.96186 -0.00162891 0.273541 0.871582 0.00245109 0.999993 -0.00266419 -0.0717102 -0.273535 0.00323323 0.961856 5.8888
0.947673 -0.00179658 0.319242 1.18868 0.00311652 0.999987 -0.00362364 -0.0989702 -0.319229 0.0044291 0.947669 6.86253
0.932758 -0.00223857 0.360497 1.52154 0.00383201 0.999985 -0.00370558 -0.121383 -0.360483 0.00483806 0.932753 7.75793
0.915107 -0.00219907 0.403211 1.9008 0.00397805 0.999984 -0.00357426 -0.105997 -0.403195 0.00487481 0.915102 8.66913
0.894934 -0.00273091 0.44619 2.33773 0.00424055 0.999986 -0.00238503 -0.116865 -0.446178 0.00402683 0.894934 9.57596
0.873428 -0.00341118 0.486947 2.7855 0.00461952 0.999987 -0.00128039 -0.129551 -0.486935 0.00336776 0.873433 10.423
0.849119 -0.00369947 0.52819 3.29018 0.00472527 0.999987 -0.000592453 -0.131676 -0.528181 0.00299912 0.849125 11.2683
0.823904 -0.00388932 0.566723 3.81742 0.00463505 0.999988 0.000124642 -0.141987 -0.566714 0.00252401 0.823912 12.0644
0.796277 -0.00437907 0.604917 4.40471 0.0048139 0.999987 0.000902117 -0.160096 -0.604913 0.00219389 0.796288 12.84
0.766437 -0.00432843 0.64231 5.02612 0.00487953 0.999984 0.00091664 -0.141123 -0.642304 0.00243132 0.766447 13.6088
0.736221 -0.00772178 0.6767 5.66885 0.00978133 0.999951 0.000768327 -0.151184 -0.676672 0.00605352 0.73626 14.3154
0.703747 -0.00795823 0.710411 6.3418 0.00998691 0.999945 0.00130879 -0.13749 -0.710384 0.0061734 0.703789 15.0045
0.66934 -0.00806289 0.742915 7.05654 0.00980906 0.999949 0.00201444 -0.1298 -0.742893 0.00593914 0.669385 15.6634
0.634002 -0.00927904 0.77328 7.7936 0.0141392 0.999896 0.00040595 -0.140325 -0.773205 0.0106758 0.634068 16.2874
0.596282 -0.00993243 0.802716 8.56246 0.0150619 0.999884 0.00118334 -0.142752 -0.802636 0.0113851 0.596362 16.8718
0.558667 -0.011847 0.829313 9.33294 0.020313 0.999791 0.000598741 -0.137878 -0.829147 0.0165109 0.558791 17.4193
0.519674 -0.00796776 0.854329 10.1336 0.0207655 0.999776 -0.00330711 -0.157502 -0.854115 0.0194594 0.519722 17.9185
0.480393 -0.00761129 0.877025 10.9683 0.0222626 0.999744 -0.00351773 -0.170836 -0.876775 0.0212143 0.480438 18.3971
0.441436 -0.00788555 0.897259 11.8377 0.0225484 0.999741 -0.00230723 -0.191991 -0.897012 0.0212505 0.441499 18.8347
0.404195 -0.00905182 0.914633 12.7164 0.0241998 0.999705 -0.000800317 -0.225117 -0.914357 0.0224569 0.404294 19.2317
0.36858 -0.0101827 0.929542 13.6222 0.0253167 0.999677 0.000912337 -0.247388 -0.929254 0.0231968 0.368717 19.595
0.33468 -0.0108839 0.942273 14.541 0.0252169 0.999676 0.00259065 -0.247484 -0.941999 0.0228936 0.334844 19.9265
0.300624 -0.0119138 0.95367 15.4854 0.0251499 0.999671 0.00456053 -0.248842 -0.953414 0.0226138 0.300823 20.2273
0.268248 -0.0120948 0.963278 16.4309 0.0253638 0.999661 0.0054888 -0.248531 -0.96302 0.0229595 0.268462 20.5014
0.235675 -0.0123132 0.971756 17.4016 0.024959 0.999665 0.0066137 -0.234908 -0.971515 0.0226954 0.235902 20.754
0.203945 -0.0121081 0.978912 18.4004 0.0244058 0.999674 0.00728047 -0.231124 -0.978682 0.0224057 0.204172 20.9699
0.174437 -0.0128294 0.984588 19.3789 0.0245057 0.99966 0.00868408 -0.24368 -0.984368 0.0226131 0.17469 21.1554
0.143685 -0.0135145 0.989536 20.3845 0.0245426 0.999646 0.0100891 -0.245104 -0.989323 0.0228356 0.143964 21.3109
0.112357 -0.0145462 0.993565 21.4377 0.0243071 0.999632 0.011886 -0.222841 -0.993376 0.0228154 0.112667 21.4435
0.0836938 -0.0151401 0.996382 22.4814 0.0238584 0.999627 0.0131855 -0.220574 -0.996211 0.0226679 0.0840214 21.5385
0.0556781 -0.0157074 0.998329 23.5592 0.0235619 0.999617 0.0144133 -0.222062 -0.998176 0.0227201 0.0560245 21.6088
0.0316889 -0.0166026 0.999365 24.6297 0.0234694 0.999597 0.0158625 -0.226029 -0.999227 0.0229511 0.0320633 21.65
0.00873501 -0.0163319 0.999832 25.7198 0.0293063 0.99944 0.0160693 -0.208706 -0.999538 0.0291612 0.00920632 21.6671
-0.0129072 -0.0169377 0.999779 26.8355 0.035309 0.999224 0.0173842 -0.204278 -0.999298 0.0355249 -0.0123018 21.6573
-0.0304924 -0.0192656 0.999353 27.9542 0.0363319 0.999131 0.0203697 -0.198504 -0.99888 0.0369297 -0.0297684 21.6213
-0.0462984 -0.019887 0.998736 29.0789 0.0364497 0.999102 0.021584 -0.183895 -0.998268 0.0374023 -0.0455346 21.5762
-0.0619118 -0.0207171 0.99787 30.2196 0.0365597 0.999065 0.02301 -0.167669 -0.997418 0.0379066 -0.0610988 21.5093
-0.0741968 -0.021135 0.997026 31.3554 0.0362694 0.999056 0.0238773 -0.134523 -0.996589 0.0379324 -0.0733629 21.4287
-0.0863938 -0.021019 0.996042 32.4992 0.0359545 0.999059 0.024201 -0.111048 -0.995618 0.0379032 -0.0855591 21.3416
-0.0986641 -0.0204636 0.994916 33.6551 0.0355243 0.999078 0.0240722 -0.0855807 -0.994493 0.0377181 -0.097849 21.2381
-0.107989 -0.0182007 0.993989 34.8183 0.0356679 0.999117 0.0221694 -0.0652211 -0.993518 0.0378477 -0.107246 21.1214
-0.118189 -0.017649 0.992841 36.0242 0.0353917 0.999131 0.0219741 -0.0452497 -0.992367 0.0377347 -0.117465 20.9978
-0.124849 -0.0173098 0.992029 37.237 0.0349773 0.999149 0.0218358 -0.0167044 -0.991566 0.0374247 -0.12414 20.8464
-0.130964 -0.0170798 0.991247 38.4781 0.0346658 0.99916 0.0217965 0.0114731 -0.990788 0.0372161 -0.130264 20.6883
-0.137075 -0.017211 0.990415 39.7444 0.0343955 0.999163 0.0221231 0.0278628 -0.98997 0.0370984 -0.13637 20.5265
-0.140589 -0.0166315 0.989935 41.0193 0.0340621 0.999185 0.0216246 0.0597439 -0.989489 0.0367586 -0.139911 20.349
-0.144567 -0.0165976 0.98936 42.3301 0.0341045 0.999181 0.0217456 0.0804483 -0.988915 0.0368854 -0.143885 20.1636
-0.148562 -0.0167401 0.988769 43.6589 0.0340634 0.999176 0.0220346 0.109661 -0.988324 0.0369535 -0.147872 19.9762
-0.150064 -0.0191451 0.988495 44.9993 0.0341257 0.999116 0.0245313 0.141946 -0.988095 0.0374144 -0.149281 19.7805
-0.152222 -0.0195288 0.98816 46.3695 0.0340361 0.999108 0.0249886 0.176139 -0.987768 0.0374361 -0.151424 19.5774
-0.155772 -0.0206706 0.987581 47.7669 0.0343296 0.999063 0.0263256 0.199996 -0.987204 0.0380042 -0.154919 19.3777
-0.155336 -0.0210373 0.987645 49.1766 0.0341664 0.99906 0.0266545 0.248141 -0.98728 0.0378837 -0.154474 19.1563
-0.156785 -0.0220173 0.987392 50.6051 0.0343239 0.999026 0.0277269 0.27004 -0.987044 0.0382384 -0.155879 18.9309
-0.155263 -0.0217738 0.987641 52.0534 0.0340358 0.999045 0.0273761 0.319142 -0.987297 0.0378646 -0.154377 18.707
-0.154796 -0.0214112 0.987719 53.5248 0.0340267 0.999056 0.0269896 0.354474 -0.987368 0.0377867 -0.153924 18.4862
-0.155361 -0.0218927 0.987623 55.0097 0.0340783 0.99904 0.0275068 0.395239 -0.98728 0.037929 -0.154469 18.2632
-0.152894 -0.0227782 0.987985 56.5301 0.0339191 0.999024 0.0282817 0.443085 -0.987668 0.0378358 -0.151975 18.0306
-0.151865 -0.022361 0.988156 58.0646 0.0345112 0.999014 0.0279108 0.478036 -0.987808 0.0383403 -0.150947 17.7952
-0.152926 -0.0217629 0.988003 59.607 0.0343513 0.999036 0.0273228 0.521897 -0.987648 0.0381177 -0.152033 17.5517
-0.150507 -0.0218267 0.988376 61.1928 0.0348799 0.999017 0.0273733 0.560975 -0.988004 0.0385934 -0.1496 17.3143
-0.151749 -0.0215717 0.988189 62.7736 0.0347079 0.999029 0.0271381 0.607871 -0.987819 0.0384163 -0.150856 17.0777
-0.149833 -0.0235877 0.988439 64.4005 0.0358038 0.99893 0.0292658 0.650072 -0.988073 0.039774 -0.148831 16.8337
-0.148897 -0.0249384 0.988544 66.0293 0.0374676 0.998821 0.030841 0.702045 -0.988153 0.0416307 -0.147789 16.5899
-0.150117 -0.0247947 0.988366 67.6634 0.0384756 0.998782 0.0309002 0.742043 -0.98793 0.0426656 -0.148983 16.3512
-0.14791 -0.0243174 0.988708 69.3273 0.039226 0.998766 0.030433 0.789633 -0.988234 0.0432845 -0.146776 16.106
-0.147484 -0.0245463 0.988769 71.0031 0.0389804 0.998771 0.0306093 0.845479 -0.988307 0.043056 -0.146348 15.8692
-0.149064 -0.0250088 0.988518 72.6779 0.0395044 0.998731 0.0312243 0.890876 -0.988049 0.0437053 -0.147889 15.6345
-0.147607 -0.026218 0.988708 74.3922 0.0391791 0.998709 0.0323329 0.952276 -0.98828 0.0435084 -0.146392 15.3811
-0.14877 -0.0268609 0.988514 76.0897 0.0404906 0.998627 0.0332295 0.987891 -0.988054 0.0449691 -0.14748 15.1362
-0.147255 -0.0267592 0.988747 77.8349 0.0412091 0.9986 0.0331639 1.04893 -0.98825 0.045628 -0.145949 14.882
-0.147373 -0.0265876 0.988731 79.5865 0.041675 0.998584 0.0330644 1.09754 -0.988215 0.046078 -0.146058 14.6234
-0.149345 -0.0260507 0.988453 81.336 0.0414143 0.998611 0.0325763 1.1516 -0.987929 0.0458004 -0.148061 14.3819
-0.149371 -0.0258628 0.98845 83.1235 0.0409728 0.998638 0.0323211 1.20149 -0.987944 0.0453274 -0.14811 14.1128
-0.1506 -0.0256829 0.988272 84.9174 0.040699 0.998654 0.0321554 1.25451 -0.987768 0.0450635 -0.149355 13.8426
-0.153564 -0.026138 0.987801 86.7144 0.0398749 0.998673 0.0326248 1.30506 -0.987346 0.0443984 -0.15232 13.5828
-0.153014 -0.0266901 0.987874 88.5375 0.0398566 0.998655 0.0331555 1.35409 -0.987431 0.0444457 -0.151747 13.3013
-0.153168 -0.0265525 0.987851 90.37 0.0390284 0.998697 0.0328958 1.4255 -0.987441 0.0435928 -0.151935 13.0279
-0.157264 -0.0258522 0.987229 92.2158 0.0389422 0.998718 0.0323571 1.4759 -0.986801 0.0435325 -0.156059 12.7565
-0.158573 -0.025003 0.987039 94.0869 0.0386538 0.998757 0.0315101 1.54029 -0.986603 0.0431493 -0.157411 12.4582
-0.164288 -0.0248809 0.986109 95.9562 0.0386593 0.998752 0.0316413 1.59068 -0.985667 0.0433197 -0.163124 12.1633
-0.167168 -0.0259946 0.985594 97.8516 0.0369776 0.998785 0.0326147 1.64474 -0.985248 0.0418969 -0.166005 11.8536
-0.172148 -0.0263311 0.98473 99.7486 0.0363778 0.998792 0.0330672 1.7073 -0.984412 0.0415139 -0.170984 11.5416
-0.178304 -0.0259275 0.983642 101.654 0.035886 0.998818 0.0328328 1.76552 -0.983334 0.0411531 -0.177165 11.2173
-0.181196 -0.0251375 0.983137 103.569 0.0358659 0.99884 0.0321499 1.82052 -0.982806 0.0410854 -0.180087 10.8757
-0.185974 -0.0236302 0.982279 105.487 0.0355269 0.998897 0.0307567 1.87802 -0.981925 0.0406172 -0.184932 10.5302
-0.192772 -0.022689 0.980992 107.416 0.0350896 0.998935 0.03 1.93575 -0.98063 0.0402047 -0.191773 10.1742
-0.196085 -0.0223144 0.980342 109.358 0.03435 0.998974 0.0296094 1.98994 -0.979998 0.0394807 -0.19512 9.80587
-0.203118 -0.0237377 0.978877 111.307 0.0337026 0.998946 0.0312182 2.04071 -0.978588 0.0393306 -0.202107 9.42541
-0.2069 -0.0246032 0.978062 113.257 0.033149 0.998937 0.032141 2.09415 -0.977814 0.0390718 -0.205866 9.02294
-0.212462 -0.0242132 0.976881 115.224 0.032986 0.998948 0.0319348 2.15137 -0.976627 0.0390071 -0.211442 8.61316
-0.220123 -0.0237782 0.975192 117.192 0.0328916 0.998957 0.0317823 2.20773 -0.974931 0.0390717 -0.219113 8.19256
-0.224303 -0.0231097 0.974257 119.178 0.0325493 0.998986 0.0311907 2.27438 -0.97399 0.0387064 -0.223325 7.74141
-0.230206 -0.0232532 0.972874 121.167 0.0327436 0.998967 0.0316251 2.32885 -0.972605 0.0391357 -0.229209 7.28627
-0.238335 -0.0242083 0.970893 123.156 0.0319559 0.998955 0.0327531 2.39038 -0.970672 0.0388308 -0.237314 6.82436
-0.241345 -0.0243493 0.970144 125.156 0.0310892 0.998982 0.0328076 2.45117 -0.969956 0.0380789 -0.240344 6.32976
-0.248536 -0.0247392 0.96832 127.145 0.0302075 0.998993 0.0332767 2.51409 -0.968167 0.0375197 -0.247541 5.84831
-0.251443 -0.0261957 0.967528 129.159 0.0304823 0.998927 0.034968 2.58064 -0.967407 0.0382849 -0.250377 5.32994
-0.256012 -0.0296823 0.966231 131.176 0.0306598 0.99878 0.0388063 2.64573 -0.966204 0.039558 -0.254791 4.81047
-0.261648 -0.0304136 0.964696 133.188 0.030581 0.998744 0.0397818 2.71786 -0.964696 0.0399101 -0.260391 4.29836
-0.262604 -0.0308756 0.964423 135.23 0.0300067 0.998747 0.0401456 2.79526 -0.964453 0.0394802 -0.261351 3.75463
-0.265721 -0.0312567 0.963556 137.268 0.028866 0.998772 0.0403601 2.87117 -0.963635 0.0385384 -0.264494 3.21411
-0.272112 -0.0310808 0.961778 139.297 0.0276132 0.998818 0.0400909 2.93836 -0.961886 0.0374656 -0.270934 2.66178
-0.273447 -0.0313156 0.96139 141.361 0.0264316 0.998852 0.0400544 3.0121 -0.961542 0.0363638 -0.272307 2.08977
-0.279413 -0.0316941 0.959663 143.416 0.0254506 0.998864 0.0403996 3.0932 -0.959851 0.0357108 -0.278291 1.52903
-0.282867 -0.0348482 0.95854 145.47 0.025056 0.998735 0.0437044 3.16592 -0.95885 0.0363795 -0.281637 0.94223
-0.288019 -0.0367376 0.956936 147.545 0.023757 0.998688 0.0454915 3.23759 -0.957347 0.035835 -0.28677 0.339894
-0.294802 -0.0350069 0.954931 149.625 0.0251399 0.998703 0.0443735 3.3154 -0.955246 0.0370881 -0.293541 -0.282696
-0.297255 -0.0361437 0.954131 151.692 0.0247278 0.998662 0.045535 3.40496 -0.954496 0.0371276 -0.295965 -0.907914
-0.301386 -0.0362234 0.952829 153.776 0.0245345 0.998657 0.045727 3.49174 -0.953206 0.0371586 -0.300094 -1.55934
-0.306396 -0.0357626 0.951249 155.898 0.0248574 0.998658 0.045552 3.57377 -0.951598 0.0376011 -0.305098 -2.23357
-0.307828 -0.0354117 0.950799 157.968 0.0245193 0.998685 0.0451345 3.65977 -0.951146 0.0372065 -0.306556 -2.89408
-0.311522 -0.0340023 0.949648 160.076 0.0249125 0.99873 0.0439325 3.74845 -0.949932 0.0373427 -0.310281 -3.56572
-0.316913 -0.0333628 0.947884 162.194 0.0254606 0.998727 0.0436658 3.83684 -0.948134 0.0379718 -0.315661 -4.25769
-0.319101 -0.0322166 0.947192 164.283 0.0257027 0.998766 0.0426304 3.92735 -0.947393 0.0379474 -0.317881 -4.92943
-0.324411 -0.0325159 0.945374 166.407 0.0249254 0.998773 0.0429069 4.016 -0.945609 0.0374831 -0.323204 -5.63158
-0.326588 -0.0327203 0.944619 168.524 0.0247246 0.998769 0.0431446 4.10418 -0.944864 0.0374445 -0.325379 -6.35854
-0.330494 -0.0325622 0.943263 170.651 0.0251385 0.998752 0.0432866 4.18866 -0.943495 0.0380179 -0.329263 -7.08909
-0.335984 -0.0322271 0.941336 172.795 0.0262751 0.998711 0.0435699 4.26739 -0.941522 0.039371 -0.334706 -7.83057
-0.336371 -0.0321277 0.941199 174.931 0.0269029 0.998687 0.0437059 4.35609 -0.941367 0.040022 -0.335066 -8.5858
-0.339139 -0.0331528 0.940172 177.076 0.0262511 0.998662 0.044685 4.43934 -0.940391 0.0398335 -0.337817 -9.33772
-0.344364 -0.0330803 0.938272 179.228 0.0253396 0.998693 0.0445119 4.53953 -0.938517 0.0391032 -0.343076 -10.0897
-0.344626 -0.0325589 0.938196 181.38 0.0248891 0.998736 0.0438028 4.63939 -0.938431 0.0384451 -0.343381 -10.847
-0.347814 -0.0316028 0.93705 183.549 0.0244432 0.998792 0.0427592 4.72501 -0.937268 0.0377763 -0.346623 -11.626
-0.353284 -0.0308017 0.93503 185.714 0.023428 0.998861 0.0417568 4.82873 -0.935244 0.0366564 -0.352162 -12.4227
-0.355821 -0.0309242 0.934061 187.849 0.0226457 0.99888 0.0416979 4.92124 -0.934303 0.0359891 -0.354722 -13.2241
-0.362397 -0.030966 0.93153 190.026 0.0223181 0.99888 0.0418879 5.00669 -0.931779 0.0359684 -0.361301 -14.0419
-0.364112 -0.0320513 0.930822 192.185 0.0219249 0.998842 0.042971 5.10579 -0.93112 0.036054 -0.362988 -14.8698
-0.367701 -0.0330174 0.929379 194.371 0.0216953 0.998799 0.0440679 5.20147 -0.929713 0.0363654 -0.366545 -15.7157
-0.373701 -0.0335892 0.92696 196.579 0.0215899 0.998764 0.0448961 5.29237 -0.927322 0.0367903 -0.372514 -16.5733
-0.376451 -0.034483 0.925816 198.747 0.021087 0.998736 0.045774 5.3971 -0.926219 0.0367527 -0.375249 -17.4351
-0.380277 -0.0341908 0.92426 200.934 0.0206629 0.998759 0.0454493 5.5013 -0.924666 0.0363808 -0.379099 -18.3086
-0.38405 -0.034458 0.922695 203.161 0.0201693 0.998758 0.0456947 5.5978 -0.923117 0.0361573 -0.38288 -19.2111
-0.385106 -0.033209 0.922294 205.359 0.020354 0.99881 0.0444641 5.68825 -0.922673 0.0358953 -0.383971 -20.1159
-0.389601 -0.0333265 0.920407 207.563 0.0203611 0.998796 0.0447846 5.78417 -0.920784 0.0361867 -0.388455 -21.014
-0.389922 -0.0331229 0.920272 209.755 0.020701 0.998792 0.0447213 5.88437 -0.920641 0.0364879 -0.388765 -21.9282
-0.392446 -0.0328476 0.919215 211.948 0.0208293 0.998795 0.0445853 5.98236 -0.919564 0.0366421 -0.391292 -22.8497
-0.397723 -0.0332631 0.916923 214.135 0.0201416 0.998792 0.0449709 6.07493 -0.917311 0.0363536 -0.396572 -23.7936
-0.397721 -0.0342128 0.916895 216.328 0.0196869 0.998763 0.0458084 6.17876 -0.917321 0.0362678 -0.396557 -24.7275
-0.400695 -0.0337408 0.91561 218.514 0.0188966 0.998812 0.0450777 6.27306 -0.916043 0.0353637 -0.39958 -25.67
-0.405986 -0.032987 0.913312 220.719 0.0183148 0.998861 0.0442194 6.36297 -0.913722 0.0346777 -0.404922 -26.6422
-0.408445 -0.0332997 0.912197 222.868 0.0167404 0.998899 0.0439617 6.45663 -0.912656 0.0332258 -0.407437 -27.5782
-0.41125 -0.0328405 0.910959 225.06 0.0166765 0.99892 0.0435413 6.54541 -0.911398 0.033096 -0.41026 -28.5557
-0.417283 -0.0369764 0.908046 227.255 0.016779 0.998695 0.0483795 6.6414 -0.908648 0.0354234 -0.416118 -29.5623
-0.419069 -0.0405136 0.907081 229.4 0.0155913 0.998544 0.0518029 6.73984 -0.907851 0.0358495 -0.417828 -30.5343
-0.424312 -0.0421216 0.904556 231.589 0.014789 0.998469 0.0534332 6.85227 -0.90542 0.0360492 -0.423039 -31.5534
-0.42485 -0.0419381 0.904323 233.773 0.0141513 0.998505 0.0529552 6.96517 -0.905185 0.0352932 -0.423622 -32.5462
-0.427874 -0.0420743 0.902879 235.957 0.0128271 0.99854 0.052612 7.07894 -0.903772 0.034092 -0.426709 -33.5572
-0.434088 -0.0435036 0.899852 238.139 0.0123789 0.99846 0.0542435 7.20404 -0.900818 0.0346834 -0.432882 -34.5869
-0.435203 -0.043578 0.899298 240.311 0.0119858 0.998467 0.054185 7.32284 -0.900278 0.0343596 -0.434012 -35.607
-0.438788 -0.0440724 0.897543 242.484 0.0115434 0.998447 0.0546715 7.44431 -0.89855 0.0343476 -0.437599 -36.6463
-0.445865 -0.0479694 0.893835 244.65 0.0101726 0.998235 0.0586477 7.56418 -0.895068 0.0352409 -0.444588 -37.7028
-0.447821 -0.0479744 0.892869 246.811 0.00871346 0.998286 0.0580099 7.69472 -0.894114 0.0337558 -0.446637 -38.7552
-0.451631 -0.0480058 0.890933 248.965 0.00873866 0.998273 0.0582205 7.81567 -0.892188 0.0340792 -0.45043 -39.8166
-0.457396 -0.0479709 0.888002 251.114 0.00886086 0.998257 0.0584923 7.93785 -0.889253 0.0346204 -0.456175 -40.9
-0.459792 -0.04888 0.886701 253.231 0.00689911 0.998266 0.0586086 8.0509 -0.888026 0.0330647 -0.458655 -41.9888
-0.464683 -0.049422 0.884131 255.374 0.00570471 0.998262 0.0588013 8.17239 -0.885493 0.0323656 -0.463594 -43.0798
-0.466373 -0.0489318 0.883255 257.504 0.00575303 0.998289 0.0583434 8.30057 -0.884596 0.0322906 -0.465291 -44.1926
-0.47008 -0.0487001 0.881314 259.641 0.00553873 0.998303 0.0581202 8.42916 -0.882641 0.0322004 -0.469013 -45.3096
-0.474665 -0.0482781 0.878863 261.79 0.00545117 0.998323 0.0577857 8.54862 -0.880176 0.0322191 -0.473604 -46.4374
-0.476862 -0.0474539 0.877732 263.91 0.00570394 0.998363 0.0570759 8.66814 -0.878995 0.0322218 -0.47581 -47.5778
-0.47961 -0.0472627 0.87623 266.036 0.00557327 0.998373 0.056903 8.79805 -0.877491 0.0321741 -0.478564 -48.7245
-0.484103 -0.0468393 0.873792 268.181 0.00362657 0.998459 0.0555325 8.91701 -0.875039 0.0300502 -0.483187 -49.8821
-0.484562 -0.0490136 0.873406 270.288 0.00201697 0.998373 0.0571469 9.0373 -0.874783 0.0294522 -0.483672 -51.0421
-0.489521 -0.0494701 0.870623 272.433 0.00119368 0.99836 0.057401 9.16777 -0.872026 0.0291361 -0.488659 -52.2281
-0.491022 -0.0487882 0.869804 274.563 0.00137655 0.998395 0.0567796 9.29737 -0.871175 0.0290767 -0.490165 -53.4002
-0.494249 -0.0487164 0.86799 276.711 0.000850636 0.99841 0.0565221 9.43606 -0.869356 0.0286721 -0.493422 -54.6029
-0.500738 -0.0481994 0.864281 278.86 0.0029955 0.998355 0.0574136 9.58878 -0.865624 0.0313374 -0.499767 -55.8175
-0.502381 -0.0478306 0.863358 281.017 0.0026358 0.998389 0.0568467 9.73113 -0.86468 0.030832 -0.501444 -57.05
-0.505251 -0.0481923 0.86165 283.182 0.00210069 0.998377 0.0570728 9.87723 -0.862999 0.0306455 -0.504328 -58.3005
-0.510985 -0.0476063 0.858307 285.358 0.00252159 0.998388 0.0568787 10.0123 -0.859624 0.0312261 -0.51004 -59.562
-0.511445 -0.0474803 0.858028 287.532 0.00340597 0.998361 0.0572777 10.1377 -0.859339 0.032216 -0.510443 -60.8439
-0.513493 -0.0482681 0.856772 289.704 0.003667 0.998293 0.0584406 10.2749 -0.858124 0.0331483 -0.512439 -62.1273
-0.51998 -0.0489153 0.852803 291.847 0.00313147 0.998252 0.0591692 10.4228 -0.854204 0.0334365 -0.518915 -63.4179
-0.520237 -0.0494023 0.852629 294.035 0.00307503 0.99822 0.0597159 10.5752 -0.854056 0.0336859 -0.519158 -64.7177
-0.525871 -0.0502347 0.849106 296.217 0.00269622 0.99816 0.0607249 10.722 -0.850591 0.034222 -0.524765 -66.0561
-0.526303 -0.0501514 0.848854 298.404 0.00308534 0.998149 0.0608864 10.8665 -0.850331 0.0346614 -0.525174 -67.4096
-0.528097 -0.0497553 0.847752 300.601 0.0027219 0.998187 0.0602822 11.0211 -0.849211 0.0341415 -0.527001 -68.7598
-0.532295 -0.0493015 0.845161 302.803 0.00233729 0.998223 0.0597042 11.1804 -0.846596 0.0337532 -0.531233 -70.1469
-0.534109 -0.0494709 0.843994 304.999 0.00184947 0.998225 0.0596838 11.3396 -0.845445 0.0334377 -0.533067 -71.5084
-0.538402 -0.0501843 0.841231 307.224 0.000882879 0.998201 0.0601159 11.4941 -0.842729 0.0331068 -0.537388 -72.8887
-0.545259 -0.0507407 0.836758 309.456 -0.000236381 0.998185 0.0603779 11.6578 -0.8383 0.0327229 -0.544278 -74.2964
-0.547611 -0.0515363 0.835183 311.676 -0.000616045 0.998135 0.06119 11.8092 -0.836774 0.0329915 -0.546621 -75.7021
-0.551845 -0.0513758 0.832391 313.896 -0.00080575 0.998142 0.0610743 11.9679 -0.833979 0.0330319 -0.550858 -77.1377
-0.558381 -0.0512597 0.828039 316.13 -0.000374649 0.998115 0.0615382 12.1121 -0.829625 0.0340493 -0.557347 -78.5855
-0.559769 -0.0511176 0.8271 318.344 0.000403306 0.998089 0.0619606 12.2692 -0.828683 0.0350162 -0.558675 -80.0661
-0.56626 -0.0512023 0.822675 320.562 0.000935637 0.998038 0.0627633 12.4265 -0.824268 0.0363077 -0.5651 -81.549
-0.566607 -0.0512812 0.82242 322.767 0.00176823 0.997994 0.0634493 12.5821 -0.824022 0.0374042 -0.565375 -83.0503
-0.570155 -0.0529631 0.819869 324.984 0.000125246 0.997924 0.0645553 12.7324 -0.821579 0.036907 -0.568964 -84.5569
-0.578589 -0.0548454 0.813804 327.172 -0.000717972 0.99778 0.066736 12.8952 -0.815656 0.0380274 -0.577339 -86.1061
-0.580462 -0.0552636 0.812452 329.364 -0.000812749 0.997743 0.0672897 13.0696 -0.81433 0.0383963 -0.579197 -87.6423
-0.584537 -0.0553851 0.809506 331.562 -3.93548e-05 0.99768 0.0682334 13.238 -0.811404 0.039852 -0.583178 -89.1872
-0.589533 -0.0562061 0.80583 333.749 -0.0012826 0.99765 0.0686503 13.4048 -0.807788 0.0394355 -0.588219 -90.7699
-0.589898 -0.0587181 0.805373 335.974 -0.0031192 0.997522 0.0704447 13.577 -0.80751 0.039042 -0.588615 -92.3364
-0.59351 -0.0593426 0.802679 338.169 -0.00356732 0.997472 0.0711091 13.7588 -0.804864 0.039338 -0.59222 -93.9288
-0.599027 -0.0605784 0.798467 340.348 -0.00393006 0.997356 0.0727215 13.9423 -0.800757 0.040423 -0.597676 -95.5268
-0.59881 -0.0609716 0.798611 342.521 -0.00560584 0.997404 0.0719484 14.1214 -0.800918 0.038604 -0.597595 -97.1398
-0.603544 -0.0607477 0.795046 344.701 -0.00754748 0.997495 0.070489 14.3017 -0.797333 0.0365415 -0.602486 -98.7535
-0.604896 -0.05827 0.794215 346.875 -0.00813401 0.99773 0.0670092 14.4731 -0.796311 0.034071 -0.603994 -100.371
-0.607774 -0.0599912 0.791875 349.05 -0.00874382 0.997599 0.0688677 14.6476 -0.794102 0.0349308 -0.606833 -102.003
-0.613366 -0.0612077 0.78747 351.203 -0.00915451 0.997488 0.0704041 14.8142 -0.789795 0.0359721 -0.612383 -103.64
-0.61539 -0.0619883 0.785816 353.355 -0.00980415 0.997439 0.0710061 14.9793 -0.788202 0.0359911 -0.614416 -105.293
-0.618602 -0.0646947 0.783082 355.497 -0.0120682 0.997281 0.0728604 15.1533 -0.78566 0.0356188 -0.617698 -106.953
-0.623437 -0.0673262 0.779006 357.644 -0.0140845 0.997103 0.0749062 15.348 -0.781789 0.0357262 -0.622573 -108.609
-0.625783 -0.0704835 0.776854 359.769 -0.0166559 0.996901 0.0770348 15.5383 -0.779869 0.0352653 -0.625014 -110.288
-0.628553 -0.0709969 0.774557 361.895 -0.0181671 0.996906 0.0766375 15.7283 -0.777597 0.0340981 -0.627892 -111.971
-0.633333 -0.0707598 0.770686 364 -0.0187925 0.996936 0.0760931 15.9188 -0.773701 0.0337067 -0.632719 -113.646
-0.634128 -0.0718739 0.769918 366.116 -0.0195549 0.996855 0.0769556 16.1129 -0.773024 0.0337429 -0.633533 -115.364
-0.640832 -0.0722641 0.764322 368.192 -0.0203127 0.99682 0.0772186 16.3106 -0.767464 0.0339561 -0.640258 -117.057
-0.64015 -0.0726154 0.764849 370.304 -0.0230023 0.996901 0.0753972 16.4761 -0.767949 0.0306707 -0.63983 -118.777
-0.642522 -0.077173 0.762421 372.396 -0.0337158 0.996812 0.0724882 16.6349 -0.765578 0.0208673 -0.643072 -120.487
-0.647897 -0.0739127 0.758173 374.466 -0.0408158 0.997233 0.0623419 16.8277 -0.760678 0.00944408 -0.649114 -122.191
-0.643685 -0.0671547 0.762389 376.531 -0.0316423 0.997638 0.0611645 16.9653 -0.764689 0.0152446 -0.644285 -123.886
-0.64517 -0.0682453 0.761024 378.586 -0.0241532 0.997339 0.0689636 17.1089 -0.763702 0.0261107 -0.645095 -125.602
-0.649473 -0.0765341 0.756575 380.615 -0.0219731 0.996407 0.0819364 17.2996 -0.760121 0.0365885 -0.648818 -127.317
-0.651479 -0.086091 0.753806 382.654 -0.0257758 0.99549 0.0914195 17.5147 -0.758274 0.0401264 -0.650754 -129.038
-0.6578 -0.092747 0.747514 384.686 -0.030886 0.994889 0.0962643 17.7619 -0.752614 0.0402321 -0.657298 -130.793
-0.658428 -0.09448 0.746731 386.724 -0.0323691 0.994739 0.0973207 18.0004 -0.751993 0.039906 -0.658016 -132.541
-0.661071 -0.0903566 0.744916 388.752 -0.0282507 0.995029 0.0956274 18.2225 -0.749847 0.0421692 -0.660333 -134.31
-0.665905 -0.0850527 0.741214 390.761 -0.02368 0.995402 0.0929491 18.4392 -0.745708 0.0443416 -0.66485 -136.086
-0.666432 -0.0811385 0.741192 392.758 -0.0227865 0.995826 0.088529 18.6537 -0.745274 0.0421064 -0.665495 -137.852
-0.669217 -0.0812018 0.738659 394.765 -0.0224988 0.995782 0.0890871 18.8778 -0.742773 0.042998 -0.668214 -139.633
-0.673632 -0.0819646 0.734563 396.768 -0.0222884 0.995646 0.0906612 19.1031 -0.738788 0.044697 -0.672521 -141.425
-0.674785 -0.0824903 0.733434 398.734 -0.0220212 0.995554 0.0917142 19.3319 -0.737735 0.0457346 -0.673594 -143.224
-0.676779 -0.0827287 0.731578 400.712 -0.0219665 0.995507 0.092257 19.5588 -0.735916 0.0463645 -0.67555 -145.027
-0.680629 -0.082515 0.728012 402.672 -0.0217613 0.995488 0.0924897 19.8006 -0.732356 0.0471069 -0.679345 -146.804
-0.679406 -0.0832911 0.729077 404.638 -0.0211873 0.995364 0.0939721 20.0387 -0.733516 0.048395 -0.678015 -148.633
-0.683649 -0.0859543 0.724776 406.592 -0.0215483 0.994996 0.0976781 20.2796 -0.729544 0.0511581 -0.682072 -150.45
-0.681446 -0.0925929 0.726047 408.56 -0.0217 0.9941 0.106415 20.5476 -0.731607 0.0567577 -0.679429 -152.276
-0.682787 -0.0987195 0.723964 410.52 -0.0219737 0.993169 0.114707 20.8484 -0.730339 0.0624106 -0.680284 -154.098
-0.686985 -0.101797 0.719567 412.45 -0.0236546 0.992762 0.117867 21.1469 -0.726349 0.0639484 -0.684415 -155.913
-0.685358 -0.103871 0.720807 414.396 -0.0279546 0.992812 0.11649 21.4366 -0.727722 0.0596859 -0.683327 -157.739
-0.68699 -0.103943 0.719258 416.332 -0.0302713 0.992966 0.114589 21.7247 -0.726101 0.0569456 -0.685299 -159.557
-0.689631 -0.106572 0.716324 418.257 -0.0305975 0.99253 0.11821 22.026 -0.723568 0.059602 -0.687731 -161.374
-0.689707 -0.107958 0.71606 420.168 -0.0319672 0.992414 0.118837 22.3081 -0.723448 0.0590689 -0.68792 -163.179
-0.691191 -0.107799 0.714635 422.095 -0.0333246 0.992529 0.11749 22.599 -0.721957 0.057391 -0.68961 -165.007
-0.693525 -0.109101 0.712188 424.017 -0.0336261 0.992307 0.119274 22.8995 -0.719713 0.0587676 -0.691852 -166.841
-0.693418 -0.112313 0.711775 425.904 -0.0342355 0.99181 0.12315 23.1709 -0.719776 0.0610249 -0.691574 -168.648
-0.693166 -0.115597 0.711514 427.775 -0.0343386 0.991247 0.127596 23.4594 -0.720026 0.0640091 -0.691062 -170.452
-0.691318 -0.116863 0.713085 429.661 -0.028919 0.990532 0.134299 23.7675 -0.722026 0.0722199 -0.688142 -172.264
-0.690665 -0.118355 0.713489 431.568 -0.0251388 0.989866 0.139872 24.0942 -0.722804 0.078664 -0.686637 -174.109
-0.690271 -0.120207 0.713542 433.474 -0.0292682 0.989949 0.138461 24.4424 -0.723012 0.0746898 -0.686843 -175.947
-0.688038 -0.12101 0.715581 435.404 -0.0371333 0.990595 0.131819 24.7895 -0.724791 0.0641209 -0.686055 -177.774
-0.686011 -0.123023 0.717162 437.333 -0.0414708 0.990625 0.130266 25.1204 -0.726462 0.0596211 -0.684672 -179.594
-0.683895 -0.125341 0.7188 439.225 -0.0403224 0.990137 0.134297 25.4427 -0.728532 0.0628577 -0.682199 -181.382
-0.67986 -0.126315 0.722428 441.163 -0.038531 0.98986 0.136817 25.7773 -0.732382 0.0651789 -0.677825 -183.197
-0.677436 -0.126017 0.724774 443.095 -0.0368593 0.989811 0.137653 26.12 -0.734724 0.0665324 -0.675174 -185.003
-0.677079 -0.127535 0.724822 445.016 -0.0387348 0.989694 0.137959 26.4497 -0.734943 0.0653316 -0.675032 -186.771
-0.67265 -0.132561 0.728057 446.968 -0.0447904 0.98933 0.138757 26.7983 -0.73867 0.0607214 -0.671405 -188.554
-0.673789 -0.137312 0.726101 448.911 -0.0517008 0.98895 0.139045 27.1569 -0.737167 0.0561452 -0.673433 -190.316
-0.670433 -0.142135 0.728296 450.882 -0.0587873 0.988588 0.138824 27.5054 -0.739704 0.0502541 -0.671133 -192.099
-0.668257 -0.145228 0.729664 452.842 -0.0611707 0.98818 0.14066 27.8419 -0.741464 0.0493614 -0.669233 -193.874
-0.668315 -0.145807 0.729516 454.789 -0.0595739 0.98796 0.142893 28.1882 -0.741555 0.0520336 -0.668951 -195.636
-0.666724 -0.147878 0.730534 456.757 -0.0578428 0.987444 0.147094 28.537 -0.74311 0.0558135 -0.666897 -197.41
-0.665571 -0.150377 0.731095 458.721 -0.0581495 0.986979 0.150078 28.9251 -0.74413 0.0573706 -0.665646 -199.171
-0.667043 -0.151425 0.729516 460.679 -0.0614603 0.98699 0.148672 29.296 -0.742534 0.0543328 -0.667661 -200.923
-0.664326 -0.151177 0.732062 462.617 -0.0618123 0.987106 0.14776 29.672 -0.744947 0.0529067 -0.665102 -202.677
-0.662113 -0.151801 0.733916 464.585 -0.0622247 0.98704 0.148021 30.0346 -0.746871 0.0523371 -0.662968 -204.441
-0.666037 -0.149876 0.730775 466.554 -0.0597012 0.987192 0.148059 30.4133 -0.743591 0.0549811 -0.666452 -206.224
-0.661961 -0.151434 0.734129 468.516 -0.0560931 0.986655 0.152947 30.7962 -0.747491 0.0600634 -0.661612 -207.969
-0.661835 -0.154661 0.733591 470.494 -0.0581622 0.986149 0.155441 31.1819 -0.747455 0.0602051 -0.661662 -209.731
-0.658313 -0.155885 0.736475 472.47 -0.0578149 0.985919 0.157006 31.5744 -0.750576 0.0607783 -0.658046 -211.478
-0.657013 -0.158698 0.737056 474.461 -0.0583957 0.985385 0.160121 31.979 -0.75168 0.0621563 -0.656677 -213.228
-0.65703 -0.160071 0.736723 476.443 -0.0595295 0.985178 0.160965 32.3824 -0.751566 0.0619002 -0.656812 -214.959
-0.655624 -0.160527 0.737897 478.428 -0.0614347 0.985259 0.159763 32.801 -0.752651 0.0594081 -0.65582 -216.705
-0.654957 -0.160459 0.738484 480.412 -0.0626514 0.985378 0.158541 33.2042 -0.75312 0.0575684 -0.655424 -218.453
-0.655012 -0.162192 0.738077 482.392 -0.0636107 0.985078 0.160028 33.6044 -0.753003 0.0578663 -0.655554 -220.19
-0.652937 -0.164838 0.739308 484.367 -0.0650441 0.984645 0.162095 34.0187 -0.754671 0.057748 -0.653623 -221.924
-0.653017 -0.16562 0.739083 486.348 -0.0662921 0.984567 0.162067 34.4307 -0.754503 0.056833 -0.653918 -223.66
-0.655746 -0.16657 0.73643 488.309 -0.0672622 0.984387 0.162763 34.8449 -0.752038 0.0571948 -0.656701 -225.376
-0.654826 -0.168473 0.736835 490.279 -0.0683981 0.984065 0.164224 35.2493 -0.752745 0.0571358 -0.655914 -227.11
-0.655937 -0.168663 0.735783 492.254 -0.0691293 0.984059 0.16395 35.6632 -0.751702 0.0566744 -0.65713 -228.84
-0.655244 -0.170596 0.735976 494.23 -0.0698823 0.983695 0.165809 36.0809 -0.752246 0.0572095 -0.656482 -230.574
-0.654936 -0.173658 0.735513 496.206 -0.0716056 0.983137 0.168364 36.5083 -0.752343 0.0575986 -0.656316 -232.309
-0.655714 -0.175289 0.734453 498.18 -0.0732242 0.982872 0.169215 36.9341 -0.751519 0.0571724 -0.657318 -234.037
-0.654617 -0.17454 0.735589 500.155 -0.0725656 0.983013 0.168674 37.3589 -0.75253 0.0570356 -0.656152 -235.768
-0.654288 -0.175278 0.735727 502.132 -0.0721676 0.982819 0.169976 37.7876 -0.752864 0.0581127 -0.655696 -237.511
-0.655821 -0.178254 0.733623 504.098 -0.0742299 0.982258 0.172311 38.2202 -0.751318 0.0585458 -0.657406 -239.25
-0.654086 -0.179486 0.734894 506.062 -0.0743768 0.982011 0.173653 38.6616 -0.752826 0.0589199 -0.655669 -240.99
-0.655542 -0.17808 0.733915 508.032 -0.0731742 0.982221 0.172972 39.1014 -0.751665 0.0596844 -0.656907 -242.729
-0.654441 -0.179053 0.734683 510.004 -0.0739551 0.982074 0.173479 39.5427 -0.752559 0.0591933 -0.655951 -244.467
-0.653605 -0.180154 0.735137 511.99 -0.0751517 0.981923 0.173817 39.9902 -0.753157 0.0583581 -0.655318 -246.198
-0.653769 -0.180903 0.734828 513.942 -0.0752676 0.981751 0.174737 40.4269 -0.753013 0.0589239 -0.655454 -247.89
-0.651798 -0.1826 0.736138 515.902 -0.0767643 0.9815 0.175495 40.8772 -0.754559 0.0578757 -0.653746 -249.614
-0.650829 -0.182192 0.737117 517.861 -0.0767819 0.981616 0.174841 41.3239 -0.755404 0.0571893 -0.652852 -251.334
-0.65149 -0.181921 0.736579 519.817 -0.0760612 0.981613 0.175167 41.7671 -0.754897 0.0580914 -0.653337 -253.052
-0.649719 -0.182326 0.738063 521.789 -0.0768236 0.981607 0.174872 42.2171 -0.756356 0.0569116 -0.651775 -254.777
-0.6497 -0.183967 0.737651 523.759 -0.0763652 0.981181 0.177445 42.669 -0.756408 0.0589519 -0.65151 -256.484
-0.650498 -0.184902 0.736735 525.712 -0.0769269 0.980985 0.17829 43.1169 -0.755676 0.0592974 -0.652351 -258.182
-0.649081 -0.184887 0.737967 527.7 -0.0773797 0.98105 0.177731 43.5646 -0.756837 0.0582549 -0.651076 -259.901
-0.649133 -0.185653 0.737751 529.686 -0.0764005 0.980787 0.1796 44.0191 -0.756903 0.0602142 -0.650843 -261.626
-0.651408 -0.1854 0.735786 531.654 -0.0757783 0.980754 0.180041 44.4685 -0.754999 0.0615199 -0.652908 -263.344
-0.649834 -0.186255 0.736982 533.645 -0.0759868 0.980593 0.180831 44.9215 -0.756344 0.0615037 -0.651374 -265.069
-0.652721 -0.186283 0.7344 535.608 -0.0777868 0.980675 0.179618 45.3694 -0.753661 0.0601105 -0.654585 -266.78
-0.65119 -0.185725 0.73592 537.588 -0.0789045 0.980926 0.177749 45.8254 -0.754878 0.0576752 -0.653423 -268.508
-0.651348 -0.186088 0.735667 539.558 -0.0783677 0.980794 0.178711 46.27 -0.754787 0.0587467 -0.653409 -270.225
-0.654591 -0.187736 0.732384 541.512 -0.0788461 0.980366 0.180842 46.7287 -0.751937 0.0606262 -0.656539 -271.958
-0.652998 -0.191269 0.73287 543.464 -0.0793873 0.97956 0.184919 47.1909 -0.753253 0.0625677 -0.654823 -273.686
-0.653507 -0.190774 0.732567 545.443 -0.0783954 0.979592 0.18518 47.6498 -0.752927 0.0635806 -0.655125 -275.426
-0.655197 -0.19044 0.731121 547.397 -0.0786214 0.979659 0.184723 48.1273 -0.751421 0.0635449 -0.65683 -277.152
-0.653034 -0.191609 0.732771 549.37 -0.0792873 0.979466 0.185468 48.5966 -0.753244 0.063011 -0.654815 -278.881
-0.654397 -0.192468 0.731306 551.325 -0.0790403 0.979197 0.186984 49.0696 -0.752074 0.0645554 -0.655984 -280.589
-0.653769 -0.193028 0.731744 553.294 -0.0779567 0.978973 0.188607 49.5496 -0.752745 0.0662543 -0.655069 -282.337
-0.652865 -0.194606 0.73211 555.265 -0.0786728 0.978648 0.189985 50.0276 -0.753444 0.0664339 -0.654223 -284.073
-0.653761 -0.195689 0.731045 557.232 -0.0804446 0.978502 0.190001 50.5212 -0.752491 0.0654003 -0.655447 -285.809
-0.651131 -0.197476 0.732886 559.193 -0.0823015 0.978255 0.190472 51.0053 -0.754556 0.0637011 -0.653213 -287.55
-0.650984 -0.198023 0.732892 561.149 -0.0831306 0.978187 0.190472 51.4908 -0.754603 0.0630619 -0.653244 -289.279
-0.651887 -0.200289 0.731448 563.091 -0.0863395 0.97784 0.190812 51.9668 -0.753451 0.0612314 -0.654723 -290.974
-0.650738 -0.202062 0.732008 565.06 -0.0876963 0.977511 0.191882 52.4488 -0.7543 0.0606636 -0.653822 -292.709
-0.651095 -0.203298 0.731324 567.016 -0.0888855 0.977274 0.192537 52.9336 -0.75384 0.0603521 -0.654357 -294.437
-0.650482 -0.201678 0.732341 568.98 -0.0871347 0.977572 0.191829 53.4244 -0.754586 0.0609618 -0.653465 -296.172
-0.649512 -0.201387 0.733259 570.932 -0.0861829 0.977592 0.192154 53.9101 -0.755519 0.0616081 -0.652301 -297.892
-0.649521 -0.203131 0.732793 572.872 -0.0865992 0.977167 0.194124 54.4067 -0.755476 0.0626214 -0.652279 -299.593
-0.648448 -0.202818 0.733807 574.842 -0.0855204 0.977184 0.194515 54.8989 -0.756508 0.0633732 -0.650985 -301.318
-0.649105 -0.202802 0.733253 576.767 -0.0859524 0.97721 0.194198 55.3763 -0.755907 0.0630226 -0.651741 -303.004
-0.647877 -0.203183 0.73421 578.739 -0.0867402 0.9772 0.193889 55.8713 -0.756859 0.0619266 -0.650717 -304.725
-0.647503 -0.203633 0.734438 580.708 -0.0865393 0.977073 0.194622 56.365 -0.757213 0.0624537 -0.650279 -306.434
-0.646485 -0.204473 0.735079 582.677 -0.0865864 0.976877 0.195584 56.8576 -0.758067 0.06279 -0.649227 -308.155
-0.646689 -0.205179 0.734725 584.593 -0.086331 0.976662 0.196767 57.3454 -0.757932 0.0638103 -0.649309 -309.834
-0.644922 -0.206462 0.735895 586.558 -0.0878564 0.976485 0.196969 57.8555 -0.759251 0.0623724 -0.647883 -311.549
-0.644861 -0.207404 0.735706 588.518 -0.0894096 0.97636 0.19689 58.3537 -0.759132 0.06118 -0.64816 -313.245
-0.64466 -0.207606 0.735804 590.492 -0.0892691 0.9763 0.197253 58.8572 -0.759309 0.0614721 -0.647901 -314.959
-0.645104 -0.207984 0.73533 592.455 -0.0886302 0.976136 0.198351 59.3581 -0.759017 0.0627769 -0.648141 -316.66
-0.645774 -0.208218 0.734653 594.391 -0.0881614 0.976018 0.199134 59.8549 -0.758492 0.0638231 -0.648631 -318.341
-0.643717 -0.209458 0.736126 596.372 -0.087813 0.975699 0.200849 60.3747 -0.760289 0.0646404 -0.646465 -320.056
-0.643152 -0.20899 0.736731 598.343 -0.0881566 0.975869 0.199871 60.8782 -0.760717 0.0635946 -0.646043 -321.753
-0.644099 -0.208493 0.736068 600.292 -0.0883701 0.975999 0.199138 61.381 -0.759902 0.06321 -0.647063 -323.44
-0.642328 -0.208133 0.737694 602.27 -0.0882278 0.976125 0.198585 61.8879 -0.761406 0.062466 -0.645341 -325.137
-0.64269 -0.208574 0.737275 604.203 -0.0884884 0.976019 0.19899 62.3922 -0.761081 0.0626401 -0.645732 -326.813
-0.641939 -0.209649 0.737603 606.194 -0.0876467 0.975675 0.20104 62.9045 -0.761801 0.0644015 -0.644686 -328.529
-0.642171 -0.211176 0.736988 608.179 -0.0875966 0.975246 0.203132 63.4157 -0.761622 0.0658793 -0.644771 -330.245
-0.643121 -0.212338 0.735803 610.144 -0.0877819 0.974918 0.20462 63.9319 -0.760788 0.0669998 -0.645616 -331.947
-0.642022 -0.212808 0.736648 612.115 -0.0874043 0.97478 0.205437 64.4569 -0.761771 0.0675004 -0.644428 -333.64
-0.641089 -0.213249 0.737312 614.073 -0.0874265 0.974682 0.20589 64.9781 -0.762543 0.0675275 -0.643488 -335.316
-0.640485 -0.213894 0.737671 616.024 -0.0876904 0.97454 0.206451 65.5017 -0.763031 0.0675333 -0.642932 -336.993
-0.638562 -0.215681 0.738797 617.997 -0.0877666 0.974094 0.208517 66.0345 -0.764623 0.0683037 -0.640935 -338.686
-0.638566 -0.216397 0.738604 619.976 -0.0880599 0.973917 0.209218 66.5706 -0.764594 0.0685498 -0.640964 -340.378
-0.639007 -0.217114 0.737992 621.935 -0.0885091 0.973743 0.209836 67.0962 -0.764165 0.0687619 -0.641431 -342.05
-0.637308 -0.215779 0.739872 623.919 -0.0884612 0.974158 0.207922 67.6204 -0.765598 0.0670516 -0.639925 -343.749
-0.637239 -0.215971 0.739854 625.868 -0.0877352 0.974042 0.20877 68.1418 -0.76573 0.0681191 -0.639632 -345.401
-0.635211 -0.216923 0.741341 627.841 -0.0868051 0.973741 0.210561 68.6656 -0.767531 0.0693893 -0.637358 -347.08
-0.634989 -0.217295 0.741399 629.816 -0.0864955 0.973612 0.211277 69.1934 -0.767737 0.0700248 -0.637014 -348.757
-0.635114 -0.21665 0.741505 631.785 -0.0864224 0.973786 0.210509 69.7153 -0.767654 0.0696049 -0.637186 -350.424
-0.633743 -0.216212 0.742781 633.767 -0.0845808 0.973777 0.211291 70.2406 -0.76898 0.0710729 -0.635398 -352.103
-0.634052 -0.216557 0.742441 635.749 -0.0834184 0.973562 0.212745 70.772 -0.768864 0.0729485 -0.635351 -353.773
-0.634191 -0.217282 0.742086 637.716 -0.0826749 0.973278 0.214324 71.3088 -0.768818 0.0745641 -0.635194 -355.436
-0.632676 -0.217939 0.743211 639.71 -0.081257 0.972992 0.216163 71.8535 -0.770229 0.0763598 -0.633296 -357.108
-0.633143 -0.218646 0.742581 641.672 -0.0807464 0.972721 0.217565 72.3955 -0.769887 0.0777825 -0.633511 -358.766
-0.632609 -0.219394 0.742841 643.697 -0.0798859 0.97243 0.219185 72.9541 -0.770427 0.0793059 -0.632692 -360.471
-0.632369 -0.21909 0.74311 645.658 -0.0796384 0.972501 0.218954 73.4988 -0.770639 0.079273 -0.632412 -362.12
