1 0 0 0 0 1 0 0 0 0 1 0
1 0.000579633 -0.000202505 -0.00460422 -0.000579429 1 0.000898566 -0.00961436 0.000203025 -0.000898286 0.999999 0.7738
0.999999 0.0008884 0.000646741 -0.00856845 -0.000889458 0.999998 0.00161966 -0.0188594 -0.000645313 -0.00162022 0.999999 1.53321
0.999998 0.0009758 0.00144687 -0.0147598 -0.000978862 0.999998 0.00212896 -0.0301723 -0.00144478 -0.00213022 0.999996 2.28139
0.999998 0.00155143 0.00134949 -0.0210846 -0.00155485 0.999996 0.00254779 -0.0328927 -0.00134558 -0.00254986 0.999996 3.01177
0.999998 0.00162909 0.00124758 -0.0282474 -0.00163286 0.999995 0.00302473 -0.0425538 -0.00124269 -0.00302666 0.999994 3.73025
0.999996 0.00145933 0.00239954 -0.0321287 -0.00146799 0.999993 0.00359489 -0.0468439 -0.00239431 -0.00359837 0.999991 4.43121
0.999996 0.00171015 0.00207209 -0.0356766 -0.0017193 0.99999 0.00443433 -0.0470658 -0.00206458 -0.00443777 0.999988 5.10486
0.999992 0.0014006 0.00374098 -0.0388711 -0.001421 0.999984 0.00544947 -0.0512241 -0.00373327 -0.00545474 0.999979 5.7622
0.999988 0.00149824 0.00459505 -0.0371738 -0.00152777 0.999979 0.00643218 -0.058654 -0.00458533 -0.00643902 0.999969 6.39622
0.999983 0.00137304 0.00575841 -0.0356067 -0.0014146 0.999973 0.00720194 -0.0661936 -0.00574837 -0.00720997 0.999958 7.00075
0.999972 0.00126099 0.0074071 -0.0357769 -0.00131624 0.999972 0.00746442 -0.0669153 -0.00739757 -0.00747382 0.999945 7.57969
0.999969 0.0017029 0.00781347 -0.0351527 -0.00176305 0.999969 0.00768542 -0.0671202 -0.0078002 -0.00769895 0.999941 8.13183
0.999959 0.0015422 0.00894755 -0.0305297 -0.00161612 0.999965 0.00826711 -0.0750277 -0.00893454 -0.00828111 0.999927 8.65388
0.999949 0.00170947 0.010163 -0.0264299 -0.00179858 0.99996 0.00875229 -0.0818371 -0.0101476 -0.00877009 0.999911 9.15056
0.999926 0.00174045 0.0121286 -0.0183067 -0.00185483 0.999955 0.00942493 -0.0948347 -0.0121117 -0.00944668 0.999883 9.62036
0.999896 0.00140994 0.014533 -0.0128118 -0.00154709 0.999955 0.0094217 -0.0907407 -0.0145191 -0.00944312 0.999852 10.0591
0.999863 0.00185861 0.0165162 -0.0140566 -0.00201423 0.999954 0.00940957 -0.0738953 -0.016498 -0.00944151 0.999821 10.4683
0.999811 0.0016069 0.0195544 -0.014066 -0.00179698 0.999952 0.00970027 -0.0714271 -0.0195381 -0.00973351 0.999764 10.8487
0.999744 0.00192968 0.0226081 -0.00759554 -0.00216253 0.999946 0.0102775 -0.082798 -0.0225871 -0.0103237 0.999694 11.2014
0.999666 0.00187302 0.0258968 0.00444269 -0.00215535 0.999939 0.0108728 -0.0983326 -0.0258751 -0.010925 0.999608 11.5222
0.999593 -0.00411438 0.0283092 0.0156572 0.00385557 0.999952 0.00918665 -0.108072 -0.0283458 -0.00907376 0.99956 11.8141
0.999529 -0.00426796 0.0305383 0.0258267 0.00398496 0.999949 0.0093156 -0.102321 -0.0305767 -0.00918958 0.999493 12.073
0.999471 -0.00472854 0.0322741 0.037419 0.00443382 0.999949 0.00919119 -0.0894642 -0.0323161 -0.00904324 0.99944 12.3114
0.999403 -0.00419925 0.0344418 0.0459276 0.00389476 0.999953 0.00889671 -0.0849708 -0.0344777 -0.00875731 0.99937 12.5221
0.999321 -0.00414546 0.0366798 0.050972 0.00381446 0.999952 0.009085 -0.0858542 -0.0367159 -0.00893898 0.999289 12.711
0.999236 -0.00439346 0.0389657 0.0563578 0.0040454 0.999952 0.00900127 -0.0788661 -0.0390035 -0.00883684 0.999203 12.8821
0.999173 -0.00417589 0.0405202 0.0580067 0.00381187 0.999953 0.00905293 -0.0776849 -0.0405563 -0.00889105 0.999141 13.047
0.999144 -0.00446801 0.0412485 0.0620872 0.00408832 0.999949 0.00927696 -0.0825836 -0.041288 -0.0091004 0.999109 13.2053
0.999053 -0.00410687 0.0433805 0.0696662 0.00369408 0.999948 0.00958785 -0.0904851 -0.0434178 -0.00941857 0.999016 13.361
0.998996 -0.00413847 0.0447128 0.0773766 0.00370456 0.999946 0.00977578 -0.0931385 -0.044751 -0.0096003 0.998955 13.5073
0.99893 -0.00430258 0.0461215 0.0844713 0.00385252 0.999945 0.00983886 -0.0919565 -0.0461615 -0.0096507 0.998891 13.6442
0.998874 -0.00400374 0.0473779 0.0923196 0.00358185 0.999954 0.00897858 -0.0904653 -0.0474118 -0.00879872 0.99884 13.7787
0.998798 -0.00369521 0.0489404 0.0973863 0.00330466 0.999963 0.00805541 -0.0896656 -0.0489685 -0.00788402 0.998773 13.9071
0.998764 -0.00354811 0.049692 0.103355 0.00314132 0.999962 0.00825512 -0.0928702 -0.0497195 -0.00808874 0.998733 14.0314
0.998712 -0.00385758 0.0506639 0.110409 0.0034877 0.999968 0.00738399 -0.096332 -0.0506909 -0.00719781 0.998692 14.1563
0.998728 -0.00454297 0.0503228 0.117919 0.00423195 0.999972 0.00627834 -0.0989999 -0.0503501 -0.00605732 0.998716 14.2824
0.998823 -0.00449373 0.0483715 0.124815 0.00422666 0.999976 0.00561868 -0.102938 -0.0483958 -0.00540764 0.998817 14.4091
0.998962 -0.00465382 0.0454427 0.124349 0.00442711 0.999978 0.00508233 -0.102914 -0.0454655 -0.0048758 0.998957 14.5352
0.999132 -0.00403614 0.0415521 0.126769 0.00385676 0.999984 0.00439193 -0.102915 -0.0415694 -0.00422789 0.99913 14.6649
0.999346 -0.00386337 0.0361091 0.124316 0.00372447 0.999986 0.00390579 -0.10197 -0.0361239 -0.00376873 0.999343 14.7965
0.999559 -0.00413885 0.0295152 0.122948 0.00402163 0.999985 0.00402316 -0.102788 -0.0295317 -0.00390271 0.99956 14.9211
0.999755 -0.00399115 0.0220395 0.121574 0.00390217 0.999985 0.00406497 -0.102335 -0.0220556 -0.00397794 0.999751 15.05
0.999899 -0.00418563 0.013865 0.116205 0.00412845 0.999984 0.00413558 -0.101037 -0.0138825 -0.00407794 0.999899 15.1813
0.999989 -0.00396127 0.00415957 0.11147 0.00394298 0.999984 0.00431535 -0.104313 -0.00417681 -0.00429886 0.999985 15.3227
0.999959 -0.00395586 -0.00865587 0.100673 0.00399421 0.999983 0.0044372 -0.105482 0.00863761 -0.00447159 0.999957 15.4715
0.999704 -0.00407829 -0.0242779 0.0878243 0.00418818 0.999982 0.00449217 -0.104571 0.0242589 -0.00459249 0.999698 15.6249
0.999031 -0.00403468 -0.0439356 0.0668843 0.00423118 0.999982 0.00438371 -0.0983943 0.0439163 -0.00456538 0.999029 15.8017
0.997852 -0.00406891 -0.0654807 0.038761 0.00436686 0.999982 0.00441376 -0.0949855 0.0654612 -0.00469018 0.997847 15.9889
0.996037 -0.00434859 -0.0888874 0.00332367 0.00476923 0.999979 0.00452177 -0.092708 0.0888648 -0.00492775 0.996036 16.1912
0.993289 -0.00409394 -0.115649 -0.0392136 0.00466025 0.999979 0.0046303 -0.0913025 0.115628 -0.00513821 0.993283 16.4215
0.989349 -0.00439547 -0.145526 -0.0975508 0.00513082 0.999977 0.00467927 -0.0864308 0.145501 -0.00537605 0.989348 16.6533
0.983846 -0.00419422 -0.179011 -0.157352 0.00514971 0.999976 0.00487564 -0.0881778 0.178986 -0.00571879 0.983839 16.9156
0.976451 -0.00414455 -0.215723 -0.235212 0.00533345 0.999975 0.00493029 -0.0833678 0.215695 -0.00596468 0.976447 17.1798
0.966948 -0.00433205 -0.254968 -0.333872 0.0057104 0.999974 0.00466768 -0.0760572 0.254941 -0.00596943 0.966942 17.4376
0.955131 0.000631622 -0.296201 -0.451939 0.00205759 0.99996 0.00876812 -0.0700444 0.296192 -0.00898415 0.955092 17.7236
0.941073 0.00119413 -0.338226 -0.587641 0.00200925 0.999957 0.009122 -0.0696729 0.338222 -0.0092641 0.941025 18.013
0.924635 0.00290211 -0.380858 -0.736341 0.00215057 0.999916 0.0128411 -0.0684757 0.38086 -0.0126924 0.924551 18.2975
0.905405 0.00675412 -0.424516 -0.90775 0.00117938 0.999831 0.0184234 -0.0749739 0.424569 -0.0171814 0.905238 18.6029
0.883554 0.0111179 -0.46821 -1.09511 0.000352418 0.999703 0.0244039 -0.0765651 0.468339 -0.0217271 0.883287 18.9008
0.858946 0.0144439 -0.511879 -1.30115 -0.00101531 0.999649 0.0265043 -0.0777312 0.512082 -0.0222461 0.858655 19.1903
0.831279 0.0151089 -0.555663 -1.53687 -0.00010559 0.999636 0.0270233 -0.0745243 0.555865 -0.0224051 0.830976 19.4894
0.800674 0.0151827 -0.598923 -1.78293 0.00123459 0.999636 0.0269917 -0.0586939 0.599114 -0.022351 0.800359 19.7686
0.767578 0.0156895 -0.640776 -2.06689 0.00247673 0.999622 0.0274431 -0.0545068 0.64096 -0.0226516 0.767248 20.0555
0.731081 0.0160309 -0.682115 -2.36638 0.00388649 0.999611 0.0276585 -0.0438082 0.682293 -0.0228716 0.73073 20.3347
0.692938 0.0163598 -0.720824 -2.68153 0.00562831 0.999591 0.0280976 -0.0385846 0.720984 -0.0235267 0.692561 20.597
0.652339 0.016806 -0.757752 -3.04053 0.00679011 0.999585 0.0280155 -0.0330155 0.757909 -0.0234208 0.651951 20.8758
0.61001 0.0171382 -0.79222 -3.4169 0.00844036 0.99957 0.0281232 -0.0283657 0.792357 -0.0238419 0.609601 21.1395
0.56657 0.0171719 -0.823845 -3.80977 0.0101907 0.999561 0.0278431 -0.0136383 0.823961 -0.0241705 0.566144 21.3711
0.519829 0.0174469 -0.854104 -4.24804 0.0113019 0.999565 0.0272972 0.0105761 0.854202 -0.0238427 0.519405 21.6191
0.470792 0.0177077 -0.882076 -4.68924 0.0126184 0.999562 0.0268015 0.0271574 0.882164 -0.0237483 0.47036 21.8269
0.418824 0.0183248 -0.907894 -5.17605 0.0142525 0.999542 0.0267499 0.0304821 0.907962 -0.0241431 0.41837 22.0337
0.365462 0.0185802 -0.93065 -5.67557 0.0158686 0.999532 0.0261875 0.0429603 0.9307 -0.0243386 0.364995 22.2105
0.312545 0.0190853 -0.949722 -6.18705 0.0171084 0.999524 0.0257167 0.0579124 0.949755 -0.0242857 0.312069 22.3544
0.259629 0.0204665 -0.9655 -6.75247 0.0186095 0.999485 0.0261916 0.0867738 0.965538 -0.0247676 0.259113 22.4807
0.208423 0.0214924 -0.977813 -7.3325 0.0203238 0.999449 0.0263004 0.104101 0.977834 -0.0253543 0.207871 22.5849
0.16125 0.0230384 -0.986654 -7.91385 0.0215674 0.999408 0.0268614 0.100752 0.986686 -0.025611 0.160658 22.6577
0.116201 0.0232624 -0.992965 -8.5456 0.0222816 0.999415 0.0260214 0.125551 0.992983 -0.0251484 0.115614 22.7246
0.0762494 0.0230014 -0.996832 -9.18108 0.0228812 0.999432 0.024812 0.151696 0.996835 -0.0247007 0.07568 22.76
0.0400532 0.0191383 -0.999025 -9.84435 0.0183543 0.999635 0.0198863 0.167758 0.999036 -0.0191328 0.039687 22.7716
0.0123184 0.0180416 -0.999771 -10.5147 0.0159635 0.999707 0.0182376 0.212377 0.999806 -0.0161845 0.0120274 22.7564
-0.00876652 0.0218582 -0.999733 -11.2176 0.0157717 0.999641 0.0217183 0.224075 0.999844 -0.0155771 -0.00910828 22.7359
-0.0217459 0.0289808 -0.999353 -11.9469 0.0162982 0.999458 0.0286296 0.22876 0.99964 -0.0156651 -0.0222057 22.7111
-0.0293692 0.029653 -0.99914 -12.6944 0.0163731 0.999442 0.0291811 0.247525 0.999442 -0.015502 -0.0298385 22.6826
-0.0337883 0.028236 -0.999041 -13.4501 0.016478 0.999481 0.0276916 0.271266 0.999303 -0.0155266 -0.0342353 22.6582
-0.0325793 0.0281577 -0.999084 -14.2285 0.018606 0.999449 0.0275617 0.299162 0.999303 -0.017691 -0.0330854 22.6364
-0.0286722 0.0264454 -0.99925 -15.0255 0.0302878 0.999213 0.025576 0.296209 0.99914 -0.0295316 -0.02945 22.6253
-0.0227198 0.0251528 -0.999438 -15.8458 0.032653 0.99917 0.0244044 0.333048 0.999216 -0.0320802 -0.0235226 22.6106
-0.0180039 0.0253508 -0.999528 -16.6907 0.0323235 0.99917 0.0247601 0.367748 0.999326 -0.0318623 -0.0188078 22.5879
-0.0132573 0.0206539 -0.999711 -17.5521 0.0373414 0.999101 0.0201466 0.378168 0.999223 -0.0370636 -0.014017 22.5859
-0.0120104 0.00876627 -0.999901 -18.4202 0.0350079 0.999351 0.00834153 0.382317 0.999326 -0.0349042 -0.0123089 22.5715
-0.0109972 0.00112234 -0.999951 -19.3228 0.0271382 0.999633 0.000823967 0.406336 0.999578 -0.0271279 -0.011024 22.5494
-0.0115476 -0.000370328 -0.999946 -20.2338 0.024586 0.999697 -0.000653551 0.441278 0.999642 -0.0245922 -0.0115343 22.5231
-0.0159821 0.00618293 -0.999865 -21.1794 0.0190107 0.999803 0.005879 0.468759 0.999698 -0.0189143 -0.0160969 22.4942
-0.0187503 0.0148529 -0.999727 -22.151 0.0156947 0.999771 0.0145599 0.491738 0.999712 -0.0154176 -0.0189783 22.464
-0.024407 0.0233916 -0.999441 -23.1362 0.014136 0.999636 0.0230512 0.493564 0.99961 -0.0135657 -0.024729 22.4352
-0.0263888 0.0308802 -0.999188 -24.1386 0.0135584 0.999443 0.0305306 0.517032 0.999572 -0.0127418 -0.0267919 22.4018
-0.0265814 0.0392981 -0.998887 -25.1421 0.0160014 0.999118 0.0388816 0.523179 0.999526 -0.0149502 -0.0271871 22.3708
-0.0285229 0.0410411 -0.998763 -26.1761 0.0164239 0.999041 0.0405841 0.538316 0.99947 -0.0152461 -0.0291687 22.3353
-0.0290057 0.0397124 -0.998804 -27.18 0.0157395 0.999108 0.0392675 0.590644 0.999464 -0.0145818 -0.0296051 22.3017
-0.032139 0.0334839 -0.998936 -28.2105 0.00889766 0.99941 0.0332142 0.620405 0.999456 -0.00782098 -0.0324169 22.2565
-0.0362686 0.0289463 -0.998937 -29.2262 0.00733641 0.999564 0.0286984 0.628463 0.999324 -0.00628786 -0.0364654 22.2128
-0.0412453 0.0285958 -0.998754 -30.2522 0.0079964 0.999569 0.0282896 0.666979 0.99913 -0.00681991 -0.0414551 22.1684
-0.0481732 0.0283863 -0.99845 -31.3025 0.0072632 0.999582 0.0280683 0.699676 0.998822 -0.00589996 -0.0483596 22.1104
-0.0541017 0.0321259 -0.998033 -32.3516 0.00833953 0.999463 0.0317207 0.72795 0.998514 -0.00660728 -0.0543393 22.0495
-0.061162 0.0349077 -0.997533 -33.4051 0.00781388 0.999378 0.0344934 0.755736 0.998107 -0.00568508 -0.061397 21.9854
-0.0675259 0.0353496 -0.997106 -34.4627 0.00823286 0.999359 0.0348727 0.799279 0.997698 -0.00585448 -0.0677724 21.9093
-0.0712726 0.0362797 -0.996813 -35.5193 0.00687017 0.999336 0.0358806 0.828324 0.997443 -0.00429117 -0.0714747 21.8231
-0.0749968 0.0374712 -0.996495 -36.5902 0.00264833 0.999299 0.0373781 0.853268 0.997194 0.000163802 -0.0750422 21.7365
-0.0760781 0.0377213 -0.996404 -37.6536 0.00219247 0.999292 0.0376634 0.890649 0.997109 0.00068047 -0.076107 21.6411
-0.0785118 0.0385645 -0.996183 -38.7302 0.00214554 0.999257 0.0385152 0.922265 0.996925 0.000886146 -0.0785349 21.544
-0.0799042 0.0387899 -0.996064 -39.8066 0.00203043 0.999251 0.0387514 0.954006 0.996811 0.00107369 -0.0799232 21.453
-0.0805733 0.0386127 -0.996017 -40.8788 0.00163728 0.999254 0.0386066 0.995733 0.996762 0.00147951 -0.0805752 21.3588
-0.0820251 0.0384061 -0.995907 -41.9694 0.00159425 0.999265 0.0384046 1.03997 0.996639 0.00156211 -0.0820262 21.2605
-0.0828447 0.0382378 -0.995845 -43.0534 0.000233852 0.999266 0.0383504 1.07701 0.996577 0.00294383 -0.0827913 21.1567
-0.0819534 0.0339923 -0.996074 -44.1388 -0.00396274 0.999403 0.0344323 1.12917 0.996639 0.00676869 -0.0817698 21.0505
-0.0813196 0.0333351 -0.996147 -45.2396 -0.00578484 0.99941 0.0339172 1.17297 0.996686 0.00852032 -0.0810771 20.9555
-0.0785199 0.0369376 -0.996245 -46.3441 -0.00557581 0.999285 0.0374901 1.20342 0.996908 0.00849823 -0.0782577 20.8594
-0.0780494 0.0372764 -0.996269 -47.4631 -0.00557417 0.999271 0.0378261 1.25036 0.996949 0.00850526 -0.077783 20.7739
-0.0759558 0.0394571 -0.996348 -48.5445 -0.00538421 0.99919 0.0399803 1.2738 0.997108 0.00840082 -0.0756817 20.6795
-0.0746672 0.0392128 -0.996454 -49.6503 -0.00569927 0.999196 0.0397485 1.32379 0.997208 0.00864649 -0.074382 20.5951
-0.0704189 0.0392628 -0.996762 -50.7635 -0.00669094 0.999187 0.0398313 1.37728 0.997506 0.00947373 -0.070099 20.5075
-0.0641395 0.0393935 -0.99718 -51.8853 -0.0120458 0.99912 0.0402457 1.42517 0.997884 0.0145926 -0.0636069 20.4207
-0.0588017 0.0392177 -0.997517 -53.0151 -0.0143857 0.999094 0.0401279 1.46366 0.998178 0.0167091 -0.0581842 20.3426
-0.0520763 0.0394466 -0.997881 -54.1392 -0.0150426 0.999078 0.0402797 1.49164 0.998545 0.0171077 -0.0514334 20.2684
-0.0466678 0.0396472 -0.998141 -55.2785 -0.0149621 0.999075 0.040384 1.5248 0.998811 0.0168183 -0.0460314 20.2047
-0.0409615 0.0395927 -0.998393 -56.4146 -0.0140949 0.999095 0.0401995 1.55863 0.999077 0.0157183 -0.040365 20.1515
-0.035154 0.040029 -0.998598 -57.538 -0.014299 0.999078 0.0405518 1.60484 0.999292 0.0157039 -0.0345493 20.1071
-0.0311279 0.0403712 -0.998716 -58.6794 -0.0142073 0.999068 0.0408289 1.65312 0.99943 0.0154594 -0.030524 20.0674
-0.0258214 0.0406985 -0.998856 -59.8221 -0.0151467 0.999043 0.0410978 1.70555 0.999565 0.01619 -0.0251803 20.0262
-0.0199742 0.0409983 -0.998976 -60.9749 -0.0150161 0.999037 0.0413018 1.73808 0.999704 0.015825 -0.0193381 19.9979
-0.0156682 0.0367861 -0.99922 -62.1052 -0.0147067 0.99921 0.0370165 1.76819 0.999783 0.0152746 -0.0151149 19.9756
-0.010335 0.0318448 -0.999456 -63.2571 -0.0139207 0.999393 0.0319875 1.79022 0.999866 0.014243 -0.00988432 19.9569
-0.00711957 0.0319101 -0.999485 -64.4079 -0.0140824 0.999392 0.0320076 1.82416 0.999889 0.0143024 -0.00666598 19.9472
-0.00347101 0.0330583 -0.999464 -65.5732 -0.0140921 0.999355 0.0331044 1.85852 0.999911 0.0141987 -0.0030018 19.9398
-0.000143079 0.033513 -0.999459 -66.7359 -0.0143515 0.999339 0.0335113 1.88916 0.999911 0.0143478 0.000337819 19.9301
-0.00037518 0.0334926 -0.999456 -67.9002 -0.0147177 0.999333 0.0334948 1.93439 0.999908 0.0147215 0.000119108 19.9253
0.00129102 0.0341456 -0.999436 -69.0692 -0.0148674 0.999311 0.0341223 1.96884 0.999902 0.0148142 0.00179764 19.9145
0.00169905 0.0344452 -0.999422 -70.245 -0.0149677 0.999298 0.0344162 1.99735 0.999903 0.0148999 0.00221452 19.9115
0.0031152 0.0346241 -0.999416 -71.4144 -0.0152033 0.99929 0.0345726 2.0303 0.999893 0.015086 0.00363928 19.904
0.00491459 0.0351431 -0.999387 -72.5875 -0.014719 0.999279 0.0350677 2.05998 0.999897 0.014537 0.0054294 19.8992
0.00448125 0.0356477 -0.999375 -73.7681 -0.0130235 0.999285 0.0355864 2.09139 0.99992 0.0128552 0.00494215 19.9096
0.0047353 0.0361915 -0.999351 -74.9488 -0.0118438 0.999279 0.0361336 2.12078 0.999936 0.0116643 0.00516158 19.9139
0.00562304 0.0379917 -0.999284 -76.1244 -0.0121984 0.999209 0.0379206 2.15401 0.999925 0.0119757 0.00608188 19.9115
0.00493349 0.0401366 -0.999199 -77.3064 -0.0132041 0.999112 0.0400687 2.19199 0.999918 0.0129951 0.00546018 19.9115
0.00616972 0.0409786 -0.999163 -78.4779 -0.0137695 0.999072 0.0408901 2.23287 0.999902 0.0135049 0.00672815 19.9073
0.00591773 0.041172 -0.999152 -79.6539 -0.0138249 0.999062 0.0410873 2.26564 0.999904 0.0135692 0.0064825 19.9108
0.00609027 0.0413375 -0.999149 -80.8222 -0.0135871 0.999059 0.0412514 2.30697 0.999905 0.0133235 0.00664616 19.9139
0.0067055 0.0415312 -0.999132 -81.9697 -0.0124542 0.999065 0.0414457 2.34514 0.999917 0.0121647 0.00721758 19.9156
0.00610115 0.0426547 -0.999093 -83.1571 -0.0107124 0.999038 0.0425874 2.37741 0.99994 0.0104421 0.00655224 19.926
0.00641467 0.0447452 -0.998995 -84.3263 -0.0105407 0.998948 0.0446763 2.42417 0.999941 0.0102427 0.00688069 19.9266
0.00807131 0.0466147 -0.998903 -85.4877 -0.0107135 0.998862 0.0465267 2.47264 0.999927 0.0103255 0.0085616 19.923
0.00762356 0.0469181 -0.998887 -86.6638 -0.0111662 0.998842 0.0468317 2.5198 0.999926 0.010796 0.00813973 19.9282
0.00905752 0.0471214 -0.998871 -87.814 -0.0110893 0.998834 0.0470197 2.55638 0.999915 0.0106502 0.00956962 19.9284
0.00826496 0.0469464 -0.99888 -88.9881 -0.0105343 0.998848 0.0468586 2.60057 0.999927 0.0101346 0.00875114 19.937
0.00828041 0.0475806 -0.998856 -90.1491 -0.00891948 0.998833 0.0475061 2.64174 0.999943 0.00851533 0.00869526 19.9464
0.00916778 0.0486217 -0.998792 -91.2975 -0.00836291 0.998787 0.0485456 2.69465 0.99994 0.00790711 0.00956454 19.9512
0.00848864 0.0506762 -0.998704 -92.4645 -0.00685688 0.998697 0.0506182 2.73748 0.999959 0.0064177 0.00882522 19.9626
0.00863727 0.0514294 -0.998657 -93.6254 -0.00709484 0.998656 0.0513689 2.78848 0.999954 0.00664102 0.00899182 19.9678
0.0103209 0.0518916 -0.998625 -94.7718 -0.00758844 0.99863 0.0518142 2.85064 0.999936 0.00704257 0.0107007 19.9697
0.0100279 0.0521412 -0.998607 -95.9278 -0.00826191 0.998612 0.0520594 2.9001 0.999933 0.00772765 0.010446 19.9725
0.0120511 0.0515755 -0.998623 -97.0662 -0.0092648 0.998635 0.0514651 2.94474 0.999903 0.00863118 0.0125128 19.9761
0.0115448 0.0514278 -0.998628 -98.2175 -0.00962565 0.998638 0.051318 2.99794 0.999905 0.00901931 0.0120253 19.9847
0.0114353 0.0515951 -0.998629 -99.3617 -0.00957949 0.998631 0.0514863 3.04619 0.999907 0.00897693 0.0119142 19.9928
0.012537 0.0528503 -0.998543 -100.508 -0.00916035 0.998569 0.0527376 3.08856 0.999898 0.0084852 0.0130044 20.0022
0.0112702 0.0548247 -0.998459 -101.663 -0.00917834 0.998462 0.0547222 3.14608 0.999913 0.00854678 0.0117563 20.0158
0.0123569 0.0561712 -0.998364 -102.813 -0.00899237 0.99839 0.0560622 3.20109 0.999902 0.00828416 0.0128433 20.0207
0.0109649 0.0563232 -0.99838 -103.977 -0.0118982 0.998352 0.0561921 3.24049 0.999887 0.0112621 0.0116172 20.0231
0.0105937 0.0569642 -0.99834 -105.144 -0.0137204 0.998293 0.0568168 3.29069 0.999869 0.0130949 0.0113584 20.0234
0.0115798 0.057818 -0.998289 -106.308 -0.0137526 0.998245 0.057657 3.35635 0.999857 0.0130608 0.0123549 20.0246
0.0102814 0.0577292 -0.9983 -107.48 -0.0138778 0.998247 0.0575842 3.41548 0.99987 0.0132613 0.0110658 20.0318
0.0092161 0.0578916 -0.99831 -108.657 -0.0142809 0.998233 0.0577566 3.4785 0.999874 0.0137238 0.0100268 20.0389
0.00945058 0.0576275 -0.998314 -109.845 -0.0124707 0.99827 0.057508 3.54118 0.999898 0.0119054 0.0101541 20.0408
0.00806435 0.0574061 -0.998348 -111.033 -0.00771585 0.998328 0.0573439 3.58826 0.999956 0.00724 0.00849409 20.0578
0.00856577 0.0581105 -0.998295 -112.232 -0.00792295 0.998286 0.058043 3.65799 0.999953 0.00741149 0.00901275 20.061
0.00663855 0.0610522 -0.998144 -113.449 -0.00739345 0.998114 0.0610026 3.72888 0.999969 0.00697407 0.00707773 20.069
0.00617038 0.0616914 -0.998098 -114.662 -0.00690062 0.998078 0.0616485 3.79448 0.999978 0.00650635 0.00658546 20.0753
0.00676313 0.0604623 -0.998178 -115.889 -0.00650688 0.998155 0.0604181 3.87579 0.999975 0.00608576 0.00714446 20.0746
0.00481438 0.0604192 -0.998183 -117.1 -0.00662933 0.998156 0.0603867 3.949 0.999987 0.00632575 0.00520732 20.0812
0.00525653 0.0608729 -0.998163 -118.342 -0.0067541 0.998128 0.0608366 4.01151 0.999983 0.00642128 0.00565818 20.0798
0.00379975 0.0618585 -0.998099 -119.577 -0.0075997 0.998061 0.0618281 4.07879 0.999985 0.00734952 0.0042638 20.0826
0.00326986 0.0656897 -0.997865 -120.827 -0.0104268 0.997791 0.0656522 4.14838 0.99996 0.0101892 0.0039479 20.076
0.00431981 0.0713585 -0.997463 -122.086 -0.0157087 0.997336 0.0712822 4.22874 0.999888 0.0153601 0.00543057 20.0594
0.00297225 0.0718476 -0.997442 -123.339 -0.0227766 0.997165 0.0717613 4.3102 0.999756 0.0225042 0.00460062 20.0467
0.00272861 0.0719895 -0.997424 -124.595 -0.0286184 0.997006 0.0718819 4.38929 0.999608 0.0283476 0.00478193 20.0352
0.00345014 0.0723245 -0.997406 -125.854 -0.0286648 0.996982 0.0721962 4.4737 0.999603 0.0283405 0.00551322 20.0287
0.00144842 0.0728582 -0.997364 -127.102 -0.0284701 0.996945 0.0727872 4.55773 0.999615 0.0282886 0.00351955 20.027
0.00212501 0.0738698 -0.997297 -128.352 -0.0284073 0.996873 0.0737796 4.63693 0.999614 0.0281729 0.00421706 20.0193
0.000575315 0.0744238 -0.997249 -129.602 -0.0282414 0.996834 0.0743775 4.73071 0.999622 0.02812 0.00267672 20.0245
0.000172505 0.0771907 -0.997048 -130.861 -0.0282471 0.996623 0.0771546 4.81758 0.999621 0.0281496 0.00235265 20.0207
0.000200375 0.077895 -0.996985 -132.103 -0.0281167 0.996571 0.0778581 4.90742 0.999626 0.0280154 0.00239124 20.0184
-0.000998965 0.0771438 -0.997052 -133.355 -0.0282361 0.996624 0.0771409 5.00161 0.999621 0.0282291 0.00118294 20.0109
-0.000401465 0.0773811 -0.997025 -134.604 -0.0284517 0.9966 0.0773607 5.0959 0.999617 0.0283971 0.00180291 20.0054
0.00170978 0.0777286 -0.997006 -135.848 -0.0281474 0.996587 0.0776496 5.17871 0.999623 0.0279296 0.00389203 19.9947
0.00184607 0.0776204 -0.997004 -137.102 -0.0284584 0.996587 0.0775363 5.27313 0.999615 0.028229 0.00405016 19.991
0.00356517 0.0788247 -0.996913 -138.341 -0.0284098 0.996497 0.0786919 5.35978 0.999612 0.0280408 0.00579236 19.9837
0.00383306 0.0804783 -0.996772 -139.589 -0.0285923 0.996361 0.0803363 5.45447 0.999605 0.028191 0.00612161 19.9824
0.00508326 0.0815749 -0.996685 -140.838 -0.029168 0.996259 0.0813929 5.54098 0.999583 0.0286568 0.00744395 19.9795
0.00678068 0.0816563 -0.99666 -142.059 -0.0298913 0.996235 0.0814192 5.63322 0.999552 0.0292383 0.00919745 19.9713
0.00603233 0.0822189 -0.996628 -143.3 -0.0295632 0.996197 0.0820062 5.71554 0.999566 0.028968 0.0084404 19.9746
0.00581889 0.0825843 -0.99659 -144.534 -0.0288861 0.996185 0.0823832 5.79869 0.999587 0.0283071 0.00818374 19.9806
0.00651006 0.0828443 -0.996574 -145.759 -0.0274934 0.996204 0.0826359 5.88124 0.999622 0.0268604 0.00876338 19.9798
0.00558226 0.0834783 -0.996517 -146.999 -0.0269448 0.996163 0.083299 5.97371 0.999643 0.0263849 0.00781165 19.9878
0.00634346 0.0841948 -0.996462 -148.219 -0.0250465 0.996154 0.0840112 6.05389 0.999688 0.0244242 0.00842824 19.9896
0.00516368 0.0848444 -0.996404 -149.454 -0.025094 0.996094 0.0846892 6.16342 0.999694 0.0245653 0.00727421 19.9951
0.00499061 0.0859582 -0.996319 -150.684 -0.024721 0.996008 0.0858095 6.25568 0.999704 0.0242011 0.00709604 19.9986
0.00543521 0.0872234 -0.996198 -151.901 -0.0240491 0.995915 0.0870687 6.35193 0.999718 0.0234833 0.00751223 20
0.00434769 0.0892108 -0.996036 -153.136 -0.0243389 0.99573 0.0890793 6.46341 0.999717 0.0238544 0.00650086 20.0092
0.00362474 0.0894799 -0.996006 -154.355 -0.0246456 0.995697 0.0893638 6.58266 0.999712 0.0242222 0.00581609 20.0084
0.00522255 0.0925996 -0.995721 -155.576 -0.0248836 0.99541 0.0924421 6.68512 0.999699 0.0242936 0.00750319 19.9993
0.00492084 0.0993878 -0.995062 -156.817 -0.021853 0.994828 0.0992573 6.77675 0.999776 0.0212555 0.00706895 19.9978
0.00705222 0.0992164 -0.995073 -158.033 -0.0265367 0.994737 0.0989967 6.88363 0.999646 0.0257072 0.00964834 19.9878
0.00762325 0.0990942 -0.995075 -159.253 -0.0269047 0.994744 0.0988563 6.99998 0.999636 0.0260174 0.010251 19.9898
0.00916499 0.0944051 -0.995524 -160.472 -0.0292014 0.995138 0.0941014 7.09642 0.999555 0.0282076 0.0118774 19.9908
0.0108657 0.0943547 -0.995505 -161.675 -0.0299594 0.995128 0.093993 7.20727 0.99952 0.0288023 0.0136413 19.9971
0.0106831 0.0951624 -0.995437 -162.887 -0.0298123 0.995053 0.0948076 7.3023 0.999523 0.0286629 0.0134674 20.0155
0.0111859 0.0916944 -0.995751 -164.092 -0.0251642 0.995503 0.0913902 7.40553 0.999648 0.024034 0.0134447 20.0306
0.011805 0.0918634 -0.995734 -165.301 -0.0202297 0.995593 0.0916123 7.50906 0.99975 0.0190616 0.0136115 20.0413
0.0099378 0.0928692 -0.995655 -166.515 -0.0189298 0.995523 0.0926692 7.61388 0.999799 0.0179257 0.0116531 20.0586
0.0115113 0.0956419 -0.995383 -167.728 -0.0199814 0.995242 0.0953994 7.72296 0.999759 0.0187907 0.0133679 20.062
0.0122299 0.0972299 -0.995214 -168.947 -0.0207371 0.995078 0.0969631 7.83741 0.999739 0.0194511 0.0141877 20.0733
0.013961 0.0982444 -0.9951 -170.152 -0.0210005 0.994974 0.0979398 7.94163 0.999707 0.01953 0.0159544 20.0801
0.0157091 0.0981904 -0.995071 -171.348 -0.0215083 0.994975 0.0978427 8.05857 0.999674 0.0198644 0.0177438 20.0886
0.0154042 0.0991936 -0.994984 -172.554 -0.0210476 0.994882 0.09886 8.16242 0.999685 0.0194189 0.0174135 20.1148
0.0164401 0.0996352 -0.994916 -173.749 -0.0214162 0.994835 0.0992747 8.27274 0.999665 0.0196743 0.0184907 20.1351
0.0190926 0.10016 -0.994824 -174.922 -0.0219825 0.994775 0.0997357 8.38732 0.999602 0.0199642 0.021195 20.1483
0.019621 0.100458 -0.994775 -176.069 -0.0221525 0.994743 0.10002 8.50277 0.99959 0.0200733 0.0217451 20.1654
0.0219133 0.10147 -0.994632 -177.18 -0.0222266 0.994643 0.100983 8.60573 0.999539 0.0198941 0.0240515 20.1816
0.0213803 0.1022 -0.994562 -178.269 -0.0223148 0.994567 0.101722 8.71231 0.999551 0.0200176 0.0235465 20.2017
0.021862 0.103161 -0.994459 -179.333 -0.0226012 0.994463 0.102667 8.81325 0.999532 0.0202313 0.0240729 20.2207
0.0226999 0.103874 -0.994359 -180.37 -0.022447 0.994395 0.103367 8.90601 0.999519 0.019973 0.0249062 20.2368
0.0223404 0.103719 -0.99439 -181.374 -0.0229328 0.994399 0.103206 9.00373 0.999513 0.0204983 0.0245942 20.2585
0.0246525 0.10378 -0.994323 -182.344 -0.0234063 0.994388 0.103208 9.09714 0.999451 0.0207281 0.0269451 20.2761
0.025115 0.104341 -0.994259 -183.296 -0.0235709 0.994327 0.103755 9.19142 0.999433 0.0208295 0.0274324 20.298
0.0246844 0.104308 -0.994267 -184.222 -0.0231653 0.994338 0.103743 9.28062 0.999456 0.0204706 0.0269629 20.3225
0.0222124 0.103913 -0.994374 -185.135 -0.0226138 0.994385 0.103411 9.35883 0.999523 0.0201892 0.024438 20.3411
0.0162201 0.10376 -0.994499 -186.058 -0.0225099 0.994391 0.103383 9.45677 0.999644 0.0207081 0.0184667 20.3547
0.0113906 0.1035 -0.9946 -186.971 -0.0225665 0.994406 0.103223 9.55133 0.999706 0.0212686 0.013663 20.3565
0.00848639 0.103522 -0.99462 -187.876 -0.0227152 0.994395 0.103307 9.64001 0.999736 0.0217151 0.0107924 20.3561
0.00451215 0.104014 -0.994601 -188.798 -0.0227553 0.994333 0.103885 9.73025 0.999757 0.0221634 0.00685388 20.3555
0.00380378 0.105216 -0.994472 -189.706 -0.0221062 0.99422 0.105107 9.81382 0.999779 0.021583 0.0061098 20.3551
0.00123125 0.105908 -0.994411 -190.625 -0.02147 0.994154 0.105856 9.90278 0.999795 0.0212194 0.00349824 20.3561
-0.000191322 0.106212 -0.994374 -191.529 -0.0212348 0.994124 0.106191 9.99186 0.999804 0.0211345 0.00206734 20.3511
-0.000416094 0.106223 -0.994378 -192.428 -0.0218189 0.994109 0.106206 10.0781 0.999788 0.0217401 0.00190428 20.3476
-0.00190578 0.106278 -0.994365 -193.326 -0.0225809 0.994083 0.106293 10.1668 0.999773 0.022655 0.000507583 20.3376
-0.00102245 0.106474 -0.994351 -194.227 -0.0235763 0.99404 0.106468 10.2639 0.999748 0.0235517 0.00149423 20.3282
-0.00135245 0.106271 -0.994367 -195.134 -0.0246964 0.994035 0.106271 10.3535 0.999724 0.0246997 0.00128242 20.31
-0.000752562 0.10632 -0.994368 -196.037 -0.0250504 0.994022 0.106305 10.4405 0.999713 0.024989 0.00191563 20.3031
0.000734128 0.106245 -0.99437 -196.941 -0.0253896 0.994026 0.106192 10.5266 0.999708 0.0251675 0.0034296 20.3037
0.000803235 0.106572 -0.994341 -197.852 -0.0254364 0.993989 0.106517 10.6182 0.999703 0.0252066 0.00350954 20.3008
0.0012425 0.108045 -0.994176 -198.772 -0.0253209 0.993835 0.107978 10.7069 0.999708 0.0250381 0.00397293 20.2975
0.00211933 0.108775 -0.9941 -199.699 -0.0254775 0.993754 0.108686 10.807 0.9997 0.0250965 0.00487768 20.2968
0.00203635 0.105361 -0.994463 -200.62 -0.0212613 0.994218 0.105294 10.8912 0.999802 0.0209282 0.00426699 20.3037
0.00299021 0.105653 -0.994434 -201.547 -0.0214347 0.994185 0.105565 10.9851 0.999794 0.0209995 0.00523761 20.3021
0.00225646 0.106587 -0.994332 -202.488 -0.0249751 0.994004 0.106497 11.0761 0.999715 0.0245923 0.00490728 20.2991
0.00373954 0.108212 -0.994156 -203.439 -0.0251411 0.993828 0.108084 11.1753 0.999705 0.0245897 0.00643723 20.2982
0.00647235 0.109416 -0.994006 -204.396 -0.0251288 0.993705 0.109221 11.26 0.999693 0.0242704 0.0091833 20.299
0.00771724 0.110078 -0.993929 -205.362 -0.0254569 0.993626 0.10985 11.3648 0.999675 0.0244543 0.0104705 20.3067
0.0104024 0.114038 -0.993454 -206.337 -0.0259816 0.993176 0.113737 11.48 0.999639 0.0246274 0.0132964 20.3127
0.0113593 0.116915 -0.993114 -207.325 -0.0246665 0.992876 0.116608 11.5886 0.999661 0.0231717 0.0141624 20.3284
0.0125037 0.117541 -0.993021 -208.313 -0.0247055 0.992805 0.117207 11.6869 0.999647 0.0230665 0.0153198 20.3432
0.0154971 0.118403 -0.992882 -209.31 -0.0267243 0.992664 0.117962 11.7966 0.999552 0.0247055 0.0185478 20.35
0.0176541 0.119688 -0.992687 -210.311 -0.0286084 0.992468 0.119155 11.9121 0.999465 0.0262946 0.0209473 20.3598
0.0220352 0.12035 -0.992525 -211.328 -0.029589 0.992377 0.119678 12.0192 0.999349 0.0267301 0.0254283 20.3772
0.023996 0.120066 -0.992509 -212.339 -0.0304895 0.992393 0.119318 12.1385 0.999278 0.0273969 0.0274762 20.399
0.026417 0.119957 -0.992466 -213.361 -0.0306852 0.992409 0.119136 12.2476 0.99921 0.0273062 0.0298974 20.4253
0.0292007 0.119913 -0.992388 -214.388 -0.0306391 0.992425 0.119019 12.3622 0.999135 0.0269294 0.0326555 20.4489
0.0300823 0.121887 -0.992126 -215.426 -0.0311745 0.992174 0.120951 12.4779 0.999092 0.0272901 0.0336466 20.4761
0.032183 0.123398 -0.991869 -216.474 -0.0322243 0.991967 0.122368 12.6014 0.998994 0.0280229 0.0359029 20.5022
0.0328111 0.124014 -0.991776 -217.527 -0.0323044 0.991891 0.122962 12.716 0.99897 0.0280037 0.0365511 20.535
0.0338535 0.121847 -0.992005 -218.584 -0.0316325 0.992179 0.120792 12.8416 0.998958 0.0272892 0.0374449 20.5696
0.0355929 0.121103 -0.992041 -219.648 -0.0308743 0.992297 0.120029 12.9621 0.998921 0.0263558 0.0390575 20.6034
0.0349128 0.120426 -0.992142 -220.717 -0.0284192 0.992437 0.119465 13.073 0.999018 0.0240239 0.038073 20.641
0.0357835 0.120409 -0.992118 -221.797 -0.0294599 0.992417 0.119385 13.2004 0.998957 0.0249551 0.0390591 20.6746
0.0352165 0.120825 -0.992083 -222.889 -0.0291867 0.992371 0.119827 13.3195 0.998985 0.0247345 0.0384761 20.7145
0.0353501 0.121549 -0.991995 -223.986 -0.0305857 0.992249 0.120492 13.4531 0.998939 0.0260808 0.0387935 20.7486
0.0358978 0.122751 -0.991822 -225.095 -0.030402 0.992108 0.121689 13.5777 0.998925 0.0257838 0.0393482 20.7841
0.0330023 0.125036 -0.991642 -226.205 -0.0306046 0.991811 0.124042 13.7049 0.999019 0.0262546 0.0365584 20.819
0.032461 0.126171 -0.991512 -227.326 -0.0311496 0.991651 0.125172 13.8388 0.999019 0.0268207 0.036122 20.8522
0.0331626 0.127058 -0.99138 -228.462 -0.0317046 0.991527 0.126019 13.9794 0.99898 0.0272516 0.0369097 20.8801
0.0305123 0.127474 -0.991407 -229.593 -0.0323878 0.991446 0.126485 14.1225 0.999041 0.0282489 0.0343817 20.9097
0.0317179 0.126984 -0.991437 -230.738 -0.0322398 0.991517 0.125966 14.2566 0.99901 0.0279677 0.0355424 20.9433
0.0287355 0.121976 -0.992152 -231.874 -0.0292693 0.99221 0.121139 14.3917 0.99919 0.0255573 0.0320836 20.9893
0.0271576 0.118496 -0.992622 -233.028 -0.0264118 0.992694 0.117785 14.5175 0.999315 0.0230177 0.0300886 21.0267
0.0269981 0.11866 -0.992602 -234.193 -0.0204663 0.992794 0.118129 14.65 0.999458 0.0171243 0.029234 21.0641
0.0233794 0.121754 -0.992325 -235.37 -0.0154468 0.992488 0.121412 14.775 0.999641 0.0124894 0.0250843 21.101
0.0213063 0.123584 -0.99214 -236.553 -0.0130561 0.992287 0.123325 14.9105 0.99972 0.0103247 0.0227575 21.1261
0.0213569 0.12459 -0.992019 -237.734 -0.0127688 0.992165 0.124336 15.0485 0.999724 0.0100113 0.0227801 21.1472
0.0179964 0.125132 -0.992011 -238.928 -0.0127249 0.992093 0.124914 15.1945 0.999789 0.010374 0.0194484 21.1672
0.0159543 0.126482 -0.991882 -240.129 -0.0117753 0.991929 0.126301 15.3347 0.999837 0.00966449 0.0173147 21.1778
0.0149686 0.127184 -0.991801 -241.327 -0.0116601 0.991839 0.127015 15.4794 0.999852 0.00966209 0.0163316 21.1904
0.0112274 0.127064 -0.991872 -242.547 -0.0115477 0.991851 0.126933 15.633 0.999904 0.0100286 0.012603 21.1988
0.0106024 0.127319 -0.99184 -243.769 -0.0116763 0.991816 0.127194 15.7832 0.999908 0.0102313 0.0120044 21.2051
0.0070726 0.128023 -0.991787 -245.004 -0.0115948 0.991722 0.127935 15.938 0.999942 0.0105945 0.00849841 21.2097
0.00461042 0.129115 -0.991655 -246.246 -0.0113938 0.991579 0.129055 16.0897 0.999957 0.0107026 0.006045 21.2076
0.00394658 0.130641 -0.991463 -247.483 -0.0120817 0.99137 0.130584 16.2401 0.999954 0.011463 0.00549088 21.2044
0.000345019 0.131748 -0.99132 -248.729 -0.0119031 0.991221 0.131734 16.398 0.999962 0.011753 0.00191257 21.1991
-0.00109164 0.132529 -0.991221 -249.977 -0.0122435 0.99111 0.132531 16.552 0.999959 0.0122804 0.000540657 21.1891
-0.000489769 0.133434 -0.991095 -251.216 -0.0127266 0.990984 0.133429 16.7118 0.999953 0.0126772 0.00121517 21.1761
-0.00094688 0.134016 -0.991021 -252.472 -0.0124715 0.990907 0.134016 16.8708 0.999957 0.0124861 0.000733072 21.1682
0.000550269 0.134255 -0.990985 -253.712 -0.0123148 0.99088 0.134237 17.0253 0.999959 0.0121285 0.00220102 21.1632
-0.000729489 0.134776 -0.990918 -254.962 -0.0116022 0.990815 0.134774 17.179 0.999968 0.0115948 0.000840895 21.1618
-0.000625269 0.135327 -0.990839 -256.207 -0.0101887 0.990756 0.135326 17.3332 0.999983 0.0101786 0.000761733 21.1551
0.000407453 0.13572 -0.99079 -257.443 -0.0104507 0.9907 0.135707 17.489 0.999981 0.0102989 0.00182199 21.1532
1.15843e-05 0.135946 -0.990755 -258.694 -0.0101667 0.990673 0.135938 17.6555 0.999983 0.0100698 0.00139595 21.1503
0.00144199 0.136458 -0.990688 -259.922 -0.00964052 0.990609 0.136436 17.8111 0.999988 0.00935367 0.00274387 21.1439
0.000734173 0.137272 -0.990571 -261.171 -0.00834347 0.990508 0.137261 17.9738 1 0.00816276 0.00187489 21.1386
0.000874105 0.137841 -0.990497 -262.41 -0.00674781 0.99044 0.137831 18.121 1.00001 0.00656288 0.00179577 21.1395
0.00267098 0.142246 -0.989866 -263.631 -0.0031193 0.989835 0.142237 18.2732 1.00003 0.00270659 0.00308997 21.1403
0.00221668 0.143203 -0.989734 -264.877 -0.00275176 0.989698 0.143195 18.4424 1.00003 0.00240587 0.00258778 21.147
0.00200631 0.143223 -0.989726 -266.104 -0.00319403 0.989694 0.143215 18.6147 1.00003 0.00287264 0.00244559 21.1422
0.00359403 0.143371 -0.989706 -267.322 -0.00405065 0.989671 0.143355 18.7871 1.00002 0.00349355 0.00413748 21.132
0.00197348 0.147021 -0.989171 -268.552 -0.00889241 0.989106 0.146997 18.9699 0.999994 0.00850478 0.00326183 21.1259
0.0027436 0.151733 -0.988461 -269.775 -0.0143231 0.988333 0.151677 19.1611 0.99993 0.0137413 0.00488475 21.1116
0.00221024 0.151542 -0.988488 -271.001 -0.0142483 0.988365 0.151494 19.3404 0.999932 0.013748 0.00434611 21.1037
0.00228614 0.147637 -0.989083 -272.213 -0.0150308 0.988943 0.147585 19.4981 0.999922 0.0145289 0.00447989 21.0984
0.00327732 0.142968 -0.989762 -273.429 -0.0132811 0.989656 0.142912 19.6578 0.999943 0.0126754 0.00514452 21.0942
0.00164887 0.143615 -0.989677 -274.647 -0.0100124 0.989594 0.14359 19.795 0.999986 0.00967185 0.00306963 21.105
0.00312727 0.143867 -0.989633 -275.871 -0.00577584 0.989593 0.143846 19.9437 1.00001 0.00526481 0.00392803 21.1114
0.00552454 0.144515 -0.989531 -277.081 -0.00604617 0.989497 0.14448 20.1253 1 0.00518435 0.00634028 21.1121
0.00538059 0.145617 -0.989367 -278.303 -0.00608805 0.989337 0.145584 20.3029 1 0.00523863 0.00621207 21.1157
0.00735165 0.146335 -0.989252 -279.514 -0.00659369 0.989228 0.146286 20.4746 0.99999 0.00544701 0.00823727 21.1145
0.00729374 0.146956 -0.989157 -280.727 -0.00668119 0.989137 0.146908 20.6452 0.999988 0.00553588 0.00819865 21.1187
0.0080703 0.147085 -0.989135 -281.943 -0.00654111 0.989117 0.147033 20.8118 0.999985 0.00528314 0.00894451 21.1234
0.00922628 0.146586 -0.989196 -283.146 -0.00693593 0.989192 0.146524 20.9915 0.99997 0.00550787 0.0101455 21.1276
0.00862234 0.146451 -0.989225 -284.362 -0.00688648 0.98921 0.146393 21.1622 0.999978 0.00554971 0.00953779 21.1359
0.00875676 0.146636 -0.989193 -285.573 -0.00711441 0.989182 0.146576 21.3361 0.999973 0.00575273 0.00970751 21.14
0.00990141 0.146742 -0.98917 -286.776 -0.00741567 0.989165 0.146671 21.5071 0.999963 0.00588276 0.0108822 21.142
0.00931688 0.147128 -0.989115 -287.992 -0.00742941 0.989108 0.147061 21.679 0.999966 0.00597711 0.0103107 21.1523
0.0107151 0.147454 -0.989056 -289.203 -0.00748577 0.989059 0.147377 21.8477 0.999954 0.00582432 0.0117015 21.1531
0.00979035 0.147417 -0.989068 -290.42 -0.00748953 0.989064 0.147346 22.023 0.999961 0.00596383 0.0107895 21.1626
0.0104395 0.145081 -0.98941 -291.628 -0.00742965 0.98941 0.145006 22.1846 0.999958 0.00583686 0.0114068 21.1597
0.00915401 0.144839 -0.989455 -292.836 -0.00756347 0.989444 0.144772 22.3609 0.999967 0.00615717 0.010155 21.1647
0.00902344 0.144777 -0.989468 -294.048 -0.00793784 0.98945 0.144706 22.5269 0.999969 0.00654813 0.0100775 21.1686
0.00841309 0.14484 -0.989462 -295.256 -0.00987955 0.989426 0.144756 22.6941 0.999954 0.00855627 0.00975723 21.1711
0.00900914 0.145172 -0.98941 -296.466 -0.0101742 0.989375 0.145078 22.8657 0.999949 0.00875898 0.0103904 21.1693
0.00785079 0.14551 -0.989369 -297.692 -0.0101115 0.989326 0.145428 23.036 0.999956 0.00886092 0.00924044 21.1676
0.00820423 0.146138 -0.989276 -298.895 -0.0105662 0.989228 0.146048 23.1989 0.999952 0.0092542 0.00965998 21.1591
0.00723432 0.146194 -0.989272 -300.114 -0.0103341 0.989222 0.146116 23.3665 0.999959 0.00916482 0.00866922 21.1585
0.00665557 0.146418 -0.989246 -301.328 -0.0100664 0.989189 0.146346 23.5385 0.999968 0.00898367 0.00805748 21.1681
0.00686192 0.146093 -0.98929 -302.547 -0.00688405 0.989263 0.146045 23.7075 0.999991 0.0058068 0.00779602 21.1787
0.00552635 0.146883 -0.989183 -303.785 -0.0063205 0.989146 0.146846 23.8992 1.00001 0.00544014 0.00639472 21.1879
0.00512128 0.14725 -0.989129 -305.013 -0.00620119 0.989093 0.147217 24.0786 1.00001 0.00537848 0.00598065 21.19
0.00565902 0.146805 -0.989195 -306.23 -0.00697556 0.989155 0.146763 24.2581 1 0.00606925 0.00662179 21.1908
0.00462756 0.1468 -0.989198 -307.459 -0.00697702 0.989155 0.146765 24.435 1 0.00622117 0.00560372 21.1924
0.00648632 0.146976 -0.989165 -308.684 -0.00731518 0.989128 0.146927 24.6072 0.999994 0.00628246 0.0074911 21.1921
0.00692615 0.147515 -0.989079 -309.917 -0.00668302 0.989052 0.147469 24.7798 0.999992 0.00558733 0.00783819 21.2007
