1 0 0 0 0 1 0 0 0 0 1 0
0.999936 -0.000226364 0.0113312 0.0079394 0.000221586 1 0.000434996 -0.00539229 -0.0113314 -0.00043251 0.999936 0.293897
0.999839 -0.000428392 0.0179598 0.0175002 0.000416831 1 0.000648876 -0.00588335 -0.0179601 -0.000641271 0.999838 0.587154
0.999796 -0.000111119 0.0202035 0.0269216 9.55559e-05 1 0.000778773 -0.00437585 -0.0202037 -0.000776752 0.999796 0.886037
0.999832 -0.000205544 0.0183161 0.030715 0.000187197 0.999999 0.00100711 -0.00357638 -0.0183163 -0.00100348 0.999832 1.18971
0.999935 -0.000197228 0.0114536 0.0307113 0.000182461 0.999999 0.00130829 -0.00827977 -0.011454 -0.00130616 0.999934 1.50619
0.999999 -0.000576055 -0.000876781 0.0263725 0.000577085 0.999999 0.00106883 -0.0108467 0.000876119 -0.00106928 0.999999 1.82508
0.999863 -0.00106809 -0.0165618 0.00803622 0.00108889 0.999999 0.00123362 -0.0111886 0.0165603 -0.0012515 0.999863 2.15144
0.999352 -0.0015335 -0.0359513 -0.0252762 0.00158207 0.999998 0.00132077 -0.0104694 0.0359492 -0.00137677 0.999353 2.49321
0.998449 -0.00111017 -0.0556894 -0.0609998 0.00120852 0.999998 0.00172834 -0.0161924 0.0556872 -0.00179296 0.998448 2.84117
0.997157 -0.000621009 -0.075352 -0.101987 0.000786747 0.999997 0.00216846 -0.0242142 0.0753504 -0.00222154 0.997155 3.1979
0.995365 -0.00046102 -0.096184 -0.147923 0.000734893 0.999996 0.00280926 -0.0326686 0.0961821 -0.00286694 0.995362 3.58179
0.993277 -0.000548705 -0.115766 -0.199538 0.000945557 0.999994 0.00337194 -0.0375434 0.115764 -0.00345868 0.993271 3.96588
0.99105 -0.000578326 -0.133504 -0.263814 0.00105371 0.999993 0.003488 -0.035969 0.133501 -0.00359744 0.991044 4.35845
0.988766 -0.000425464 -0.149475 -0.335369 0.00103772 0.999992 0.0040171 -0.0382147 0.149472 -0.00412697 0.988759 4.77555
0.986509 -0.000265464 -0.163718 -0.411423 0.000906592 0.999992 0.00383955 -0.0391115 0.163716 -0.00393616 0.986502 5.19072
0.984348 0.000337256 -0.176239 -0.500258 0.000437384 0.999991 0.00435539 -0.0424938 0.176238 -0.00436406 0.984339 5.62944
0.98249 -0.00126108 -0.186323 -0.587789 0.00192113 0.999993 0.00336008 -0.0453153 0.186317 -0.00365917 0.982485 6.07339
0.980899 -0.00195862 -0.194512 -0.686344 0.00267466 0.999991 0.00341726 -0.0455808 0.194504 -0.00387199 0.980896 6.51901
0.979276 -0.00199762 -0.202528 -0.793391 0.00279702 0.99999 0.00365904 -0.0467522 0.202519 -0.0041496 0.979271 6.99509
0.977637 -0.00128806 -0.210299 -0.901099 0.00232427 0.999987 0.00467895 -0.0477469 0.210289 -0.00506285 0.977628 7.46591
0.975774 -0.0058243 -0.218712 -1.01117 0.00658831 0.999975 0.00276216 -0.0482515 0.21869 -0.00413592 0.975788 7.96473
0.973943 -0.0110793 -0.226529 -1.12369 0.0117559 0.99993 0.00163669 -0.0506357 0.226494 -0.00425677 0.974006 8.4782
0.972056 -0.0122402 -0.234438 -1.25053 0.0129056 0.999916 0.00130234 -0.051591 0.234402 -0.00429122 0.972133 8.99087
0.969806 -0.00949684 -0.243701 -1.39706 0.00915478 0.999955 -0.00253732 -0.0468224 0.243714 0.000229969 0.96985 9.52156
0.967669 -0.00631316 -0.252154 -1.54793 0.00507728 0.999972 -0.00555332 -0.0475248 0.252182 0.00409379 0.967674 10.0513
0.965269 -0.00531983 -0.261213 -1.7012 0.00409691 0.999978 -0.00522685 -0.0546418 0.261235 0.00397544 0.96527 10.6114
0.962944 -0.00490597 -0.269667 -1.86175 0.0037214 0.999981 -0.00490539 -0.0612445 0.269686 0.00372037 0.962945 11.1754
0.960761 -0.00545391 -0.277333 -2.03522 0.00408767 0.999976 -0.00550512 -0.066776 0.277357 0.00415576 0.960762 11.744
0.958227 -0.00569931 -0.285961 -2.21883 0.00439096 0.999977 -0.00521795 -0.07763 0.285984 0.00374459 0.958231 12.3352
0.956172 -0.00682598 -0.292736 -2.40873 0.00390509 0.999937 -0.010562 -0.0846568 0.292789 0.00895621 0.956139 12.9256
0.95419 -0.0081681 -0.299097 -2.60257 0.00314856 0.999847 -0.0172621 -0.0921048 0.299192 0.0155298 0.95407 13.5382
0.952875 -0.00972628 -0.303214 -2.81134 0.00240784 0.999697 -0.0245017 -0.10647 0.303361 0.0226173 0.952611 14.156
0.951823 -0.0113543 -0.306448 -3.03169 0.00145552 0.999471 -0.0325129 -0.132745 0.306655 0.0305006 0.951336 14.7799
0.950351 -0.0125275 -0.310936 -3.24765 -0.000363132 0.999144 -0.0413658 -0.155628 0.311188 0.0394252 0.949534 15.4222
0.94902 -0.0113573 -0.315022 -3.47064 -0.00358028 0.998899 -0.0468003 -0.186955 0.315206 0.0455425 0.947934 16.0634
0.947345 -0.00880482 -0.320102 -3.70688 -0.00803614 0.998653 -0.0512532 -0.2243 0.320122 0.0511271 0.945999 16.7317
0.945732 -0.00808768 -0.324859 -3.95536 -0.0111622 0.998293 -0.0573508 -0.257652 0.324767 0.0578648 0.944026 17.4011
0.944196 -0.00611437 -0.329334 -4.20462 -0.0151293 0.997967 -0.0619045 -0.296152 0.329043 0.0634328 0.942185 18.0695
0.942278 -0.0028624 -0.334832 -4.46556 -0.0200084 0.997697 -0.0648382 -0.338917 0.334246 0.0677952 0.940049 18.7684
0.940476 -0.00257833 -0.339857 -4.72807 -0.02098 0.997623 -0.0656267 -0.385459 0.339219 0.0688508 0.938188 19.4537
0.938181 -0.00229728 -0.346148 -5.00154 -0.0215451 0.997653 -0.0650175 -0.438716 0.345485 0.0684562 0.935929 20.1771
0.935807 -0.00241113 -0.352513 -5.27712 -0.0216323 0.997699 -0.0642517 -0.48781 0.351857 0.0677531 0.933602 20.8965
0.933301 -0.00218581 -0.359098 -5.55699 -0.0218643 0.997782 -0.0629005 -0.536782 0.358439 0.0665567 0.931182 21.6124
0.930331 -0.00192081 -0.366725 -5.84439 -0.0216452 0.997955 -0.0601386 -0.585691 0.366091 0.0638869 0.928387 22.3242
0.926353 -0.000283013 -0.376666 -6.17948 -0.0219936 0.998255 -0.0548415 -0.635377 0.376023 0.0590871 0.924729 23.1425
0.923363 0.000754809 -0.383937 -6.5031 -0.0216694 0.998506 -0.0501527 -0.689085 0.383326 0.054629 0.922001 23.8607
0.919828 0.00146588 -0.39233 -6.83553 -0.0216009 0.998668 -0.0469138 -0.740743 0.391738 0.0516275 0.918633 24.6106
0.916188 0.00221627 -0.400752 -7.1708 -0.022175 0.998733 -0.0451737 -0.78441 0.400145 0.0502745 0.915077 25.3514
0.912148 0.00288956 -0.40986 -7.52802 -0.022971 0.998766 -0.0440822 -0.827986 0.409226 0.0496247 0.911088 26.1293
0.908485 0.00316506 -0.417914 -7.8803 -0.0234326 0.998784 -0.043376 -0.863217 0.417268 0.0491995 0.907455 26.8785
0.90427 0.00358611 -0.426956 -8.26371 -0.0239221 0.998821 -0.0422778 -0.899973 0.4263 0.0484446 0.903289 27.6667
0.900399 0.00390799 -0.435056 -8.64492 -0.0234852 0.998938 -0.0396329 -0.938334 0.43444 0.0459031 0.899535 28.4514
0.89691 0.00439956 -0.442201 -9.03588 -0.0225527 0.999106 -0.0358043 -0.973691 0.441648 0.0420864 0.896207 29.2287
0.893131 0.00544625 -0.449772 -9.45216 -0.0218301 0.999273 -0.0312498 -1.00811 0.449275 0.037729 0.892601 30.0474
0.889549 0.0060832 -0.45681 -9.86313 -0.0207284 0.999421 -0.0270573 -1.04092 0.45638 0.0335381 0.88916 30.8323
0.885723 0.00525144 -0.464195 -10.2963 -0.0189457 0.999512 -0.0248437 -1.07268 0.463839 0.0307993 0.88539 31.6581
0.882201 0.00489909 -0.470858 -10.7404 -0.0180052 0.999568 -0.0233361 -1.10208 0.470539 0.0290654 0.881908 32.4819
0.878954 0.00447841 -0.476895 -11.1917 -0.0170266 0.999614 -0.0219955 -1.12663 0.476613 0.0274531 0.87869 33.2897
0.875856 0.00357346 -0.48257 -11.6639 -0.0154321 0.999671 -0.0206079 -1.15188 0.482337 0.025497 0.875623 34.1408
0.873374 0.00296027 -0.487051 -12.1391 -0.014527 0.999696 -0.0199748 -1.17414 0.486844 0.0245211 0.87315 34.9835
0.871554 0.0024137 -0.490303 -12.6171 -0.0137899 0.999715 -0.0195929 -1.19628 0.490115 0.023838 0.87134 35.8206
0.870114 0.0018654 -0.492857 -13.1197 -0.0132986 0.999718 -0.0196957 -1.21651 0.492682 0.023692 0.869892 36.6929
0.869846 0.00200475 -0.493329 -13.6168 -0.012928 0.999743 -0.0187337 -1.2402 0.493164 0.0226736 0.869649 37.5499
0.869383 0.00226339 -0.494143 -14.1328 -0.0123433 0.999778 -0.0171389 -1.26192 0.493995 0.0209998 0.869217 38.4454
0.86905 0.00228982 -0.494731 -14.6464 -0.0118054 0.999803 -0.0161117 -1.28034 0.494595 0.0198427 0.868906 39.3462
0.868779 0.0010671 -0.495209 -15.1593 -0.0106309 0.999808 -0.016498 -1.301 0.495097 0.0195978 0.868623 40.2423
0.867589 -0.000166119 -0.497292 -15.695 -0.00894002 0.999836 -0.0159328 -1.32214 0.497212 0.0182691 0.867446 41.1757
0.866392 -0.000139811 -0.499375 -16.2206 -0.00793412 0.99987 -0.0140473 -1.34068 0.499313 0.0161328 0.866277 42.0767
0.863992 0.00126106 -0.503515 -16.7634 -0.00730769 0.999926 -0.0100368 -1.35702 0.503463 0.0123515 0.863937 43.0135
0.861189 0.0024729 -0.508289 -17.3027 -0.0064866 0.999961 -0.00612723 -1.3702 0.508255 0.00857403 0.86117 43.9316
0.857568 0.00203174 -0.514377 -17.8441 -0.00532843 0.999977 -0.00493551 -1.3818 0.514353 0.00697364 0.857559 44.8204
0.852185 0.000243799 -0.52325 -18.4006 -0.00419305 0.999972 -0.00636503 -1.39342 0.523235 0.00761845 0.852161 45.7403
0.846511 -0.000778245 -0.532381 -18.9547 -0.00377376 0.999968 -0.00746398 -1.40578 0.532368 0.00832768 0.846481 46.6127
0.840218 -0.00063501 -0.542258 -19.5397 -0.00363809 0.999971 -0.00681028 -1.41679 0.542248 0.00769512 0.84019 47.5245
0.834394 0.00162761 -0.551177 -20.1355 -0.00341201 0.999995 -0.00221398 -1.42907 0.551168 0.00372812 0.834396 48.4167
0.829547 0.00507983 -0.558422 -20.7286 -0.0052977 0.999986 0.00122454 -1.43491 0.558422 0.0019427 0.82956 49.2735
0.825129 0.00527249 -0.564931 -21.3455 -0.00540143 0.999987 0.00144192 -1.4485 0.564929 0.00186181 0.825148 50.1671
0.821907 0.00356234 -0.569619 -21.956 -0.00580312 0.999982 -0.00212176 -1.45792 0.569603 0.00504979 0.821911 51.034
0.819108 0.00148589 -0.57365 -22.5596 -0.00664297 0.999957 -0.00689716 -1.48144 0.573613 0.00946042 0.819084 51.8816
0.815699 0.00101608 -0.578486 -23.1911 -0.00707022 0.999942 -0.00821525 -1.49201 0.578445 0.0107915 0.815657 52.7612
0.812905 0.00264842 -0.582403 -23.8053 -0.00649428 0.999972 -0.00451914 -1.50452 0.582372 0.00745608 0.812901 53.6169
0.809341 0.00449979 -0.587331 -24.4506 -0.00567677 0.999985 -0.00016349 -1.51494 0.587323 0.0034667 0.809352 54.4948
0.806226 0.00595223 -0.591591 -25.0906 -0.00546089 0.999985 0.00261714 -1.52367 0.591595 0.00112069 0.806247 55.3565
0.803524 0.0066094 -0.595245 -25.7239 -0.00595338 0.999979 0.0030647 -1.53146 0.595255 0.00108142 0.803544 56.1987
0.799624 0.00612676 -0.600483 -26.3792 -0.00592738 0.999983 0.00230774 -1.53184 0.600484 0.00171418 0.799648 57.0665
0.795812 0.00537336 -0.60553 -27.0318 -0.00573573 0.999984 0.00133333 -1.53759 0.60553 0.00241238 0.795827 57.9226
0.792044 0.00484752 -0.610457 -27.6809 -0.00533531 0.999988 0.00101629 -1.53909 0.610451 0.00245239 0.792062 58.7532
0.787094 0.00461507 -0.616826 -28.3609 -0.00473827 0.99999 0.00143338 -1.54154 0.616827 0.00179486 0.787105 59.6167
0.7827 0.00454002 -0.622395 -29.0296 -0.00430765 0.999992 0.00187518 -1.54276 0.622395 0.00121376 0.782715 60.4403
0.776829 0.00384907 -0.62971 -29.7259 -0.00339826 0.999994 0.00191798 -1.55216 0.629714 0.000650379 0.776836 61.2938
0.771534 0.00298886 -0.636194 -30.4225 -0.00253538 0.999999 0.00162139 -1.55629 0.636195 0.00036249 0.771542 62.1292
0.766396 0.00194424 -0.642376 -31.1162 -0.0016315 1 0.00107803 -1.55739 0.642379 0.000222302 0.766397 62.9481
0.760378 0.00105122 -0.649494 -31.8397 -0.000927125 1 0.000531127 -1.56118 0.649493 0.000198885 0.760382 63.7967
0.754849 8.23676e-05 -0.655909 -32.5493 0.000122497 1 0.000264369 -1.5674 0.655912 -0.000279384 0.754848 64.6086
0.748411 -0.000470908 -0.663249 -33.2919 0.000806036 1 0.000197573 -1.57396 0.663248 -0.000681809 0.748415 65.4509
0.742307 -0.000154707 -0.670071 -34.036 0.00128385 1 0.00118927 -1.57778 0.670072 -0.00174255 0.742305 66.2738
0.736352 -0.000388143 -0.676613 -34.7729 0.00188189 1 0.0014724 -1.57813 0.67661 -0.00235693 0.736354 67.0716
0.729548 -0.00165799 -0.683939 -35.5429 0.00330462 0.999996 0.00109865 -1.58912 0.683935 -0.00306106 0.729548 67.8964
0.723251 -0.0028067 -0.690594 -36.318 0.00414148 0.999995 0.000271207 -1.59788 0.690587 -0.00305557 0.723259 68.7032
0.717688 -0.00257124 -0.696371 -37.0927 0.00360577 0.999996 2.16832e-05 -1.60378 0.696369 -0.00252585 0.717691 69.4868
0.71206 -0.00223394 -0.702129 -37.9031 0.00341677 0.999997 0.000281492 -1.6072 0.702124 -0.00259889 0.712066 70.3046
0.707439 -0.00208351 -0.706782 -38.6979 0.00344453 0.999997 0.000497689 -1.61508 0.706779 -0.00278589 0.707441 71.0884
0.702354 -0.00225811 -0.711839 -39.5276 0.00320391 0.999998 -1.30569e-05 -1.6205 0.711835 -0.00227092 0.70236 71.8989
0.697282 -0.00378529 -0.716798 -40.3535 0.00344984 0.999995 -0.00192695 -1.63261 0.716802 -0.00112844 0.69729 72.6961
0.692494 -0.00485938 -0.721422 -41.1694 0.00382055 0.999991 -0.00307046 -1.63887 0.721428 -0.000629326 0.692507 73.4699
0.68717 -0.00571581 -0.726485 -42.0238 0.00443758 0.999987 -0.0036723 -1.64911 0.726496 -0.000699582 0.687184 74.272
0.682358 -0.005481 -0.731012 -42.8748 0.00490266 0.999987 -0.00292337 -1.65654 0.731016 -0.00158853 0.682377 75.0669
0.677887 -0.00522515 -0.735158 -43.7207 0.00538391 0.999987 -0.00214493 -1.6638 0.735159 -0.00250319 0.677904 75.8375
0.672706 -0.00553484 -0.739905 -44.6021 0.00596833 0.999984 -0.00205601 -1.67856 0.739901 -0.00303232 0.672728 76.636
0.668371 -0.00557535 -0.743818 -45.455 0.00606269 0.999984 -0.00204981 -1.68242 0.743817 -0.00313879 0.668391 77.4059
0.663605 -0.00555666 -0.748078 -46.3544 0.00661655 0.999981 -0.00156014 -1.69456 0.748069 -0.00391374 0.663628 78.1962
0.659654 -0.00595965 -0.751557 -47.2429 0.00734931 0.999976 -0.00148101 -1.70165 0.751547 -0.00454584 0.659679 78.9737
0.656719 -0.00676466 -0.754121 -48.1343 0.00823225 0.999969 -0.0018027 -1.71116 0.754105 -0.0050236 0.656754 79.7418
0.651951 -0.00973127 -0.75821 -49.0397 0.0106385 0.999941 -0.00368827 -1.72194 0.7582 -0.00566095 0.652013 80.5294
0.647104 -0.0132457 -0.762302 -49.9476 0.0145576 0.999886 -0.00501794 -1.73078 0.762278 -0.0078494 0.647223 81.3061
0.641565 -0.0166098 -0.7669 -50.8527 0.0195362 0.999799 -0.00531263 -1.74031 0.766833 -0.0115732 0.641758 82.071
0.632852 -0.0198655 -0.774033 -51.791 0.0247455 0.999684 -0.0054265 -1.75545 0.773892 -0.0157189 0.633143 82.8504
0.624927 -0.0200527 -0.780437 -52.716 0.026671 0.999639 -0.00433041 -1.76793 0.780242 -0.0181081 0.625233 83.6004
0.615469 -0.0199028 -0.787925 -53.6868 0.0274203 0.999621 -0.00383311 -1.77057 0.7877 -0.0192451 0.615781 84.3608
0.606371 -0.0196428 -0.794951 -54.6603 0.0278806 0.99961 -0.00343519 -1.78902 0.794708 -0.0200798 0.606679 85.0975
0.597326 -0.0197804 -0.801771 -55.6163 0.0280703 0.999603 -0.00375017 -1.79753 0.801524 -0.0202649 0.597643 85.8073
0.58662 -0.0209064 -0.809605 -56.6202 0.0282748 0.999591 -0.00532726 -1.81088 0.809384 -0.0197655 0.586968 86.5333
0.57674 -0.0216341 -0.816657 -57.6225 0.0284368 0.99958 -0.00639884 -1.81764 0.816449 -0.0195318 0.577112 87.246
0.568053 -0.0219624 -0.822711 -58.6131 0.0285464 0.999572 -0.00697554 -1.8229 0.822512 -0.0195221 0.568434 87.9385
0.557464 -0.0217995 -0.82993 -59.6572 0.0293878 0.999551 -0.00651657 -1.83548 0.829697 -0.0207561 0.557854 88.6479
0.547208 -0.0223263 -0.836711 -60.694 0.0303765 0.999519 -0.00680645 -1.85236 0.836461 -0.0216909 0.54762 89.3279
0.537841 -0.0227708 -0.842754 -61.7225 0.0307668 0.999503 -0.00737247 -1.86732 0.842501 -0.0219626 0.538274 89.9815
0.52692 -0.0235596 -0.849601 -62.8077 0.0307508 0.999494 -0.00864675 -1.88048 0.849375 -0.0215689 0.527375 90.6487
0.517955 -0.0240953 -0.855083 -63.8556 0.0308428 0.999483 -0.00948322 -1.89889 0.854867 -0.0214603 0.51843 91.28
0.507586 -0.0244612 -0.861267 -64.9746 0.0308179 0.999477 -0.0102262 -1.92206 0.861066 -0.021351 0.508071 91.9254
0.498889 -0.0227599 -0.866382 -66.0689 0.0310595 0.999487 -0.00837304 -1.93547 0.866125 -0.0227312 0.499339 92.5579
0.492239 -0.0210271 -0.870219 -67.1564 0.0316929 0.999482 -0.00622549 -1.9482 0.869898 -0.0245146 0.492649 93.1719
0.483996 -0.0209933 -0.874834 -68.2963 0.0319335 0.999474 -0.00631881 -1.96474 0.874504 -0.0248772 0.484411 93.7928
0.47672 -0.0219322 -0.878795 -69.4198 0.0326238 0.999445 -0.00724767 -1.98107 0.878465 -0.0252137 0.477169 94.3976
0.471091 -0.0236486 -0.881784 -70.52 0.033888 0.999392 -0.00869961 -2.00014 0.88145 -0.0257825 0.471605 94.9947
0.464049 -0.0254597 -0.885458 -71.6594 0.0347214 0.999346 -0.0105394 -2.01163 0.885145 -0.0258528 0.464627 95.5993
0.459622 -0.0270572 -0.887719 -72.7724 0.0355709 0.999299 -0.0120424 -2.03631 0.887419 -0.026041 0.460262 96.1768
0.453938 -0.0282257 -0.890601 -73.9027 0.0376001 0.99922 -0.0125052 -2.06136 0.890256 -0.0278093 0.454643 96.759
0.449525 -0.0263826 -0.892895 -75.0365 0.0401806 0.999154 -0.00929474 -2.08452 0.89238 -0.0316977 0.450204 97.3331
0.446872 -0.0247965 -0.89427 -76.1686 0.0433049 0.999049 -0.00606387 -2.11049 0.893566 -0.0360157 0.447518 97.895
0.442544 -0.024131 -0.89644 -77.2905 0.0441857 0.999015 -0.00508046 -2.13276 0.895675 -0.0373604 0.443174 98.4581
0.439655 -0.0238838 -0.897865 -78.4144 0.0456567 0.998954 -0.00421802 -2.15157 0.897023 -0.0391384 0.440282 99.0062
0.438634 -0.0224213 -0.898403 -79.5401 0.0471754 0.99889 -0.00189769 -2.17122 0.897444 -0.041549 0.439204 99.551
0.435348 -0.0216671 -0.900018 -80.6556 0.0488654 0.998812 -0.000410672 -2.18425 0.898953 -0.0438001 0.435887 100.098
0.434338 -0.0218723 -0.900502 -81.7706 0.050122 0.998749 -8.45999e-05 -2.2073 0.899373 -0.0450972 0.43489 100.635
0.431041 -0.0224775 -0.902069 -82.8678 0.0523426 0.998636 0.000125501 -2.21675 0.900831 -0.0472699 0.431627 101.167
0.428827 -0.0212546 -0.903155 -83.9666 0.0553025 0.998471 0.00275912 -2.22881 0.901711 -0.0511288 0.429346 101.691
0.427957 -0.0207105 -0.903579 -85.0498 0.0576615 0.998334 0.00442566 -2.23282 0.901976 -0.053995 0.428435 102.194
0.42546 -0.0208094 -0.904757 -86.131 0.0586048 0.998276 0.00459701 -2.24104 0.903097 -0.0549777 0.425945 102.706
0.424427 -0.0214165 -0.905226 -87.2035 0.0592803 0.998239 0.00417522 -2.2464 0.903538 -0.0554333 0.424947 103.206
0.424987 -0.0222473 -0.904946 -88.2596 0.059705 0.998215 0.00349731 -2.25346 0.903248 -0.0555148 0.425555 103.699
0.424221 -0.0230814 -0.905282 -89.3024 0.0597364 0.998217 0.00253991 -2.25576 0.903606 -0.0551549 0.424841 104.182
0.427296 -0.0231265 -0.903836 -90.3414 0.0587783 0.998274 0.00224337 -2.25964 0.90222 -0.0540832 0.427917 104.666
0.430352 -0.0233195 -0.902378 -91.3613 0.0581781 0.998311 0.00194513 -2.26389 0.900804 -0.0533349 0.430979 105.145
0.435471 -0.0237446 -0.89991 -92.38 0.0576246 0.998343 0.00154148 -2.26746 0.898377 -0.0525268 0.436117 105.628
0.442172 -0.0240085 -0.896628 -93.3952 0.0571358 0.998372 0.00144175 -2.2715 0.895129 -0.0518662 0.442821 106.114
0.447664 -0.0234998 -0.893914 -94.3893 0.0566616 0.998397 0.00212741 -2.27555 0.892426 -0.0516015 0.448277 106.61
0.455766 -0.0230226 -0.889821 -95.3849 0.0559821 0.998434 0.00283926 -2.27342 0.888359 -0.0511073 0.456338 107.106
0.465308 -0.0226041 -0.884881 -96.3704 0.0556567 0.998448 0.0037598 -2.277 0.883419 -0.0509975 0.465843 107.61
0.473624 -0.0227324 -0.880453 -97.341 0.0553291 0.998467 0.00398195 -2.27547 0.879009 -0.0505999 0.474152 108.128
0.484309 -0.0232209 -0.87461 -98.3145 0.0550291 0.998483 0.00396055 -2.27691 0.873187 -0.0500456 0.484851 108.649
0.493109 -0.0241943 -0.869652 -99.2587 0.0531273 0.998592 0.0023407 -2.28439 0.868366 -0.0473556 0.493697 109.177
0.504376 -0.0243802 -0.863161 -100.206 0.0513973 0.998682 0.00182352 -2.28867 0.861975 -0.0452824 0.504963 109.718
0.517055 -0.0232108 -0.855659 -101.148 0.0496352 0.99877 0.00289848 -2.29225 0.854535 -0.0439688 0.517567 110.267
0.528396 -0.0205409 -0.848771 -102.066 0.0470253 0.998886 0.00509971 -2.30252 0.847718 -0.0426069 0.528772 110.837
0.541743 -0.0195338 -0.840339 -102.988 0.0466342 0.998896 0.00684218 -2.30051 0.839273 -0.0428945 0.542052 111.416
0.552729 -0.0187205 -0.833173 -103.89 0.0459177 0.998919 0.0080155 -2.30576 0.832119 -0.0426862 0.552989 112
0.5642 -0.0188856 -0.825445 -104.776 0.0456665 0.998929 0.00835656 -2.30555 0.824398 -0.0424092 0.564454 112.593
0.576261 -0.0194228 -0.817059 -105.641 0.0452965 0.998946 0.00819865 -2.30425 0.816034 -0.0417329 0.576531 113.195
0.586555 -0.0206182 -0.80967 -106.498 0.0464386 0.998894 0.00820292 -2.30237 0.808601 -0.0424107 0.58686 113.805
0.597152 -0.0211998 -0.801872 -107.337 0.0470424 0.998862 0.00862273 -2.30296 0.800772 -0.0428694 0.597468 114.425
0.608425 -0.0198111 -0.793388 -108.172 0.0470085 0.99884 0.0111059 -2.30039 0.792242 -0.0440523 0.608647 115.043
0.617859 -0.0171765 -0.786127 -108.978 0.0467685 0.9988 0.0149325 -2.2983 0.784923 -0.0459906 0.617919 115.668
0.628206 -0.0162927 -0.777901 -109.771 0.0469847 0.998758 0.0170225 -2.29379 0.776652 -0.0472424 0.628188 116.293
0.637233 -0.0153977 -0.770544 -110.553 0.0438844 0.998909 0.0163289 -2.29371 0.769448 -0.0442186 0.637212 116.918
0.646665 -0.0144402 -0.762663 -111.319 0.0409494 0.999044 0.0158031 -2.28797 0.7617 -0.0414492 0.646634 117.55
0.656622 -0.0141159 -0.754116 -112.063 0.0406463 0.999041 0.0166888 -2.28122 0.753153 -0.0416087 0.656563 118.185
0.665224 -0.0120268 -0.746574 -112.806 0.039887 0.999022 0.0194449 -2.27826 0.745605 -0.042713 0.66505 118.832
0.67393 -0.0108986 -0.738745 -113.528 0.0398862 0.998977 0.0216468 -2.26565 0.737748 -0.0440524 0.673672 119.482
0.682709 -0.0104027 -0.730645 -114.235 0.0398573 0.998947 0.0230174 -2.25616 0.729631 -0.0448347 0.682402 120.131
0.689592 -0.0102219 -0.724157 -114.934 0.0394857 0.998951 0.0234979 -2.23541 0.723153 -0.0447961 0.689269 120.781
0.697568 -0.00947161 -0.716485 -115.621 0.0389251 0.998944 0.0246894 -2.2183 0.71549 -0.0451108 0.697196 121.436
0.703996 -0.00713636 -0.7102 -116.292 0.0378609 0.998912 0.0274903 -2.19547 0.709227 -0.0462402 0.703497 122.09
0.711264 -0.00510531 -0.702937 -116.957 0.0371183 0.998859 0.0303011 -2.17986 0.701974 -0.0476429 0.710637 122.751
0.719277 -0.0043936 -0.694743 -117.601 0.0369457 0.998814 0.0319313 -2.15687 0.693774 -0.0486334 0.718583 123.405
0.726196 -0.0039835 -0.687506 -118.223 0.0363175 0.998816 0.0325715 -2.13888 0.686558 -0.0486209 0.725477 124.055
0.734016 -0.00104315 -0.679165 -118.836 0.0327824 0.998895 0.0338931 -2.11893 0.678375 -0.0471411 0.733236 124.704
0.743328 0.000975434 -0.668958 -119.442 0.0318434 0.998821 0.0368373 -2.09702 0.6682 -0.0486831 0.742416 125.362
0.752058 0.00301677 -0.659126 -120.017 0.0308588 0.99874 0.039778 -2.06472 0.65841 -0.0502535 0.751014 126.015
0.762707 0.0039353 -0.646764 -120.585 0.0299721 0.998699 0.0414191 -2.03501 0.646081 -0.0509745 0.761593 126.676
0.771896 0.0044033 -0.635772 -121.133 0.0289544 0.998703 0.0420677 -2.00413 0.635127 -0.0508786 0.770764 127.324
0.781689 0.00491259 -0.623683 -121.664 0.0279703 0.998694 0.0429202 -1.97214 0.623074 -0.0509938 0.780526 127.981
0.791983 0.0055577 -0.610558 -122.186 0.0268709 0.998681 0.0439431 -1.94025 0.609991 -0.0512065 0.790785 128.653
0.801415 0.00647438 -0.598109 -122.69 0.0261587 0.998613 0.0458573 -1.90268 0.597571 -0.0523955 0.800129 129.321
0.812123 0.00770935 -0.583478 -123.195 0.025271 0.998518 0.048364 -1.86518 0.58298 -0.0540206 0.81072 130.013
0.821159 0.009192 -0.570662 -123.675 0.0243085 0.998408 0.0510577 -1.82655 0.570218 -0.0557975 0.819623 130.695
0.830094 0.0103444 -0.557571 -124.147 0.0235449 0.998294 0.0535705 -1.78698 0.557169 -0.0575946 0.828431 131.391
0.838633 0.0110978 -0.544623 -124.615 0.0229977 0.998187 0.0557496 -1.74393 0.54425 -0.0592774 0.836852 132.097
0.845288 0.0116951 -0.534231 -125.058 0.0225598 0.998097 0.0575418 -1.7028 0.533881 -0.0606894 0.843411 132.799
0.851906 0.0124647 -0.523588 -125.501 0.0217049 0.998026 0.0590711 -1.65404 0.523286 -0.0616863 0.849948 133.513
0.859057 0.0129284 -0.511766 -125.942 0.0208005 0.997983 0.0601237 -1.60045 0.511505 -0.0622926 0.857051 134.24
0.865262 0.0135693 -0.50118 -126.369 0.0198275 0.997934 0.0612467 -1.54844 0.500971 -0.0629303 0.863199 134.959
0.872025 0.0140338 -0.489314 -126.796 0.0188113 0.997899 0.0621408 -1.49801 0.489153 -0.0633908 0.869924 135.707
0.87747 0.0144258 -0.47946 -127.204 0.017945 0.997869 0.0628616 -1.45329 0.479341 -0.0637618 0.875335 136.446
0.882479 0.0143391 -0.47019 -127.61 0.0173056 0.997877 0.0629077 -1.40614 0.47009 -0.0636493 0.880353 137.2
0.887213 0.0143985 -0.461184 -128.014 0.0166316 0.997874 0.0631462 -1.35083 0.461108 -0.0636929 0.885081 137.972
0.890375 0.0149375 -0.455041 -128.41 0.0160614 0.997817 0.0641781 -1.29319 0.455002 -0.0644488 0.888187 138.738
0.893582 0.0162648 -0.448658 -128.81 0.0152831 0.997671 0.0666032 -1.23892 0.448691 -0.0663708 0.891245 139.526
0.896972 0.0197623 -0.441706 -129.219 0.0129054 0.997414 0.0708283 -1.18208 0.441958 -0.069229 0.894393 140.337
0.899993 0.0211022 -0.435446 -129.622 0.0119795 0.997262 0.0730845 -1.11911 0.435792 -0.0709904 0.89727 141.146
0.903742 0.0221684 -0.427567 -130.017 0.0109755 0.99714 0.0748942 -1.04955 0.428 -0.0723753 0.900909 141.969
0.906561 0.0234232 -0.42148 -130.409 0.00998056 0.997 0.0768702 -0.976147 0.422011 -0.0738927 0.903601 142.802
0.909783 0.0244836 -0.414429 -130.805 0.00924997 0.996825 0.0791926 -0.906016 0.415047 -0.075879 0.906663 143.653
0.913405 0.0255463 -0.40631 -131.193 0.00837402 0.996648 0.0814846 -0.82717 0.407025 -0.0778293 0.910123 144.517
0.916588 0.025982 -0.399058 -131.582 0.00779758 0.996545 0.0827894 -0.744984 0.399826 -0.0789929 0.913213 145.393
0.920148 0.0263103 -0.390749 -131.964 0.0069906 0.996487 0.0835542 -0.654956 0.391571 -0.0796121 0.916725 146.284
0.924169 0.0267193 -0.381121 -132.346 0.00595625 0.996432 0.0842961 -0.571791 0.382008 -0.0801713 0.920707 147.193
0.927865 0.0257995 -0.372089 -132.721 0.00589706 0.996474 0.0837938 -0.483441 0.372934 -0.0799419 0.924435 148.107
0.932592 0.0257556 -0.360091 -133.088 0.00466344 0.996518 0.0833492 -0.401359 0.36098 -0.0794074 0.92922 149.053
0.937207 0.025972 -0.347877 -133.45 0.00325741 0.996538 0.0831716 -0.318386 0.348829 -0.0790804 0.933872 149.983
0.943116 0.0270899 -0.331445 -133.803 0.00111587 0.996423 0.0846104 -0.230727 0.332547 -0.0801645 0.939707 150.951
0.949755 0.0279209 -0.311825 -134.152 -0.00101646 0.996294 0.0861079 -0.142296 0.31307 -0.0814627 0.946257 151.953
0.955768 0.0300644 -0.292678 -134.471 -0.00433452 0.996106 0.0881618 -0.0550657 0.294184 -0.0829908 0.952172 152.949
0.962255 0.0311183 -0.270457 -134.779 -0.00709666 0.995984 0.0893416 0.0414832 0.272147 -0.0840483 0.958604 153.982
0.967602 0.0318707 -0.250576 -135.065 -0.00924512 0.995822 0.090952 0.139776 0.252424 -0.0856859 0.963848 155.021
0.972905 0.0328519 -0.228973 -135.331 -0.011639 0.995571 0.0933798 0.233799 0.231023 -0.0881826 0.96897 156.088
0.978051 0.0340972 -0.205694 -135.58 -0.0145624 0.995309 0.095739 0.346756 0.20799 -0.0906395 0.973954 157.177
0.98231 0.0350864 -0.184088 -135.794 -0.017067 0.994993 0.0985637 0.452858 0.186621 -0.0936763 0.977983 158.258
0.986354 0.0357883 -0.160882 -135.997 -0.0197695 0.994792 0.100078 0.571733 0.163622 -0.0955287 0.981919 159.38
0.989587 0.0365122 -0.139426 -136.166 -0.0224458 0.994626 0.101149 0.685941 0.142367 -0.096964 0.98508 160.491
0.992404 0.037183 -0.117512 -136.316 -0.0252852 0.994559 0.101148 0.798556 0.120631 -0.0974053 0.987939 161.63
0.994763 0.0375047 -0.0953618 -136.44 -0.0278243 0.994519 0.100872 0.917572 0.0986194 -0.0976885 0.990346 162.791
0.996415 0.0375651 -0.0761814 -136.538 -0.029703 0.99437 0.101804 1.02765 0.0795744 -0.0991737 0.991915 163.947
0.99773 0.0379161 -0.0561339 -136.614 -0.0319566 0.994128 0.10347 1.15225 0.0597248 -0.101439 0.993074 165.128
0.998708 0.0383259 -0.0342197 -136.672 -0.0345468 0.993896 0.104862 1.27594 0.0380278 -0.103541 0.99393 166.338
0.999147 0.0391081 -0.0151464 -136.705 -0.0372633 0.993552 0.107167 1.4085 0.0192374 -0.106509 0.994153 167.533
0.99923 0.0394251 0.00658766 -136.713 -0.0399036 0.993382 0.107796 1.53794 -0.00229582 -0.107973 0.994184 168.765
0.998898 0.0401622 0.0253645 -136.698 -0.0427147 0.99304 0.109848 1.67778 -0.0207783 -0.110808 0.993653 169.989
0.998171 0.0406982 0.0453444 -136.659 -0.0454664 0.992936 0.109693 1.82098 -0.040561 -0.111552 0.992963 171.227
0.996966 0.040822 0.0666868 -136.59 -0.0480914 0.992627 0.11135 1.95665 -0.0616514 -0.114217 0.99157 172.495
0.995669 0.0408119 0.083884 -136.5 -0.0502231 0.992294 0.113367 2.09746 -0.0786116 -0.117086 0.990038 173.74
0.993901 0.0405336 0.102827 -136.386 -0.0521984 0.992184 0.113439 2.22448 -0.0974265 -0.118112 0.988239 175.014
0.991563 0.03979 0.123616 -136.237 -0.0538917 0.992151 0.112937 2.35791 -0.118152 -0.118643 0.985916 176.318
0.989217 0.0410544 0.140791 -136.069 -0.0564709 0.992629 0.107332 2.4973 -0.135348 -0.114123 0.984233 177.605
0.986137 0.0426717 0.160555 -135.869 -0.0595263 0.993045 0.101694 2.6171 -0.155098 -0.109838 0.98181 178.923
0.983299 0.0450661 0.176489 -135.654 -0.0627392 0.993424 0.0958857 2.73966 -0.171009 -0.105355 0.97965 180.202
0.979953 0.0432982 0.194634 -135.403 -0.0634889 0.993098 0.0987412 2.85577 -0.189013 -0.109115 0.97593 181.516
0.975602 0.0447818 0.215068 -135.121 -0.0658099 0.993626 0.091642 2.94537 -0.209593 -0.103557 0.97232 182.854
0.972111 0.0428754 0.230714 -134.838 -0.0657122 0.993578 0.0922392 3.02297 -0.225276 -0.104824 0.968676 184.155
0.968027 0.0400656 0.247748 -134.512 -0.0640002 0.993956 0.0893316 3.09304 -0.242671 -0.102329 0.964729 185.491
0.96302 0.0379276 0.266874 -134.135 -0.0628093 0.994382 0.0853343 3.16429 -0.262136 -0.0989375 0.959983 186.86
0.958809 0.0390102 0.281468 -133.78 -0.0636512 0.994857 0.0789471 3.25363 -0.276939 -0.0936083 0.95635 188.169
0.953627 0.0397376 0.298473 -133.371 -0.0657333 0.994829 0.077576 3.39435 -0.293844 -0.0935947 0.951298 189.561
0.948417 0.0384892 0.314777 -132.963 -0.0662688 0.994758 0.078037 3.47368 -0.310122 -0.0948688 0.945985 190.87
0.942221 0.0430093 0.332326 -132.524 -0.0712119 0.994787 0.073162 3.56809 -0.327443 -0.0925969 0.940362 192.219
0.935512 0.0432188 0.350725 -132.043 -0.0727702 0.994793 0.071523 3.65934 -0.345806 -0.0924305 0.933775 193.565
0.929368 0.0427923 0.366762 -131.542 -0.0739493 0.99472 0.0713297 3.76098 -0.361769 -0.0934098 0.927616 194.898
0.922144 0.0419007 0.384649 -131.004 -0.0751715 0.994589 0.071874 3.85043 -0.379554 -0.0951903 0.920293 196.242
0.913425 0.0459672 0.404491 -130.442 -0.0789888 0.994746 0.0653316 3.94535 -0.399357 -0.0916223 0.912247 197.581
0.904067 0.0495984 0.424572 -129.854 -0.0827489 0.994776 0.0599964 4.03582 -0.419376 -0.0893713 0.903437 198.901
0.8921 0.0502501 0.449115 -129.213 -0.0849724 0.994737 0.0574898 4.12081 -0.443857 -0.0894458 0.891665 200.237
0.879489 0.0545954 0.472843 -128.54 -0.091068 0.99436 0.0545789 4.18416 -0.467193 -0.0910598 0.87949 201.54
0.865454 0.0593381 0.497533 -127.836 -0.0960666 0.994205 0.0485364 4.24193 -0.491763 -0.0897992 0.86613 202.835
0.849914 0.0613149 0.523402 -127.09 -0.0990198 0.99411 0.0443369 4.29835 -0.517597 -0.0895069 0.850969 204.13
0.835128 0.0617127 0.546649 -126.307 -0.10054 0.994086 0.0413742 4.34347 -0.540855 -0.0895093 0.836385 205.399
0.819005 0.0623689 0.570442 -125.48 -0.102227 0.994044 0.0380899 4.3879 -0.564665 -0.0895074 0.820492 206.652
0.803422 0.0625623 0.592177 -124.628 -0.103224 0.994055 0.0350291 4.42868 -0.586458 -0.0892668 0.805094 207.853
0.787088 0.0631963 0.613648 -123.73 -0.104234 0.994072 0.0313232 4.47712 -0.608026 -0.0886144 0.788999 209.055
0.770069 0.0636283 0.63484 -122.798 -0.105133 0.99408 0.0278953 4.51997 -0.6293 -0.0882205 0.77219 210.24
0.754551 0.0640727 0.653156 -121.834 -0.105793 0.994095 0.0247009 4.55384 -0.647711 -0.0877346 0.756863 211.405
0.738751 0.0641891 0.670972 -120.836 -0.10636 0.994098 0.022004 4.57858 -0.665592 -0.0876164 0.741208 212.549
0.722471 0.0644295 0.688441 -119.805 -0.106887 0.994101 0.019137 4.60318 -0.68314 -0.0874083 0.725086 213.679
0.707994 0.0646901 0.703302 -118.753 -0.107045 0.994134 0.0163198 4.62321 -0.698113 -0.0868361 0.710757 214.774
0.692087 0.0648732 0.718939 -117.674 -0.107387 0.994137 0.013673 4.64189 -0.71383 -0.086665 0.694987 215.856
0.67805 0.0650437 0.732184 -116.58 -0.107667 0.994135 0.0113941 4.65963 -0.727141 -0.0865546 0.681067 216.904
0.663199 0.065272 0.745636 -115.453 -0.107828 0.994144 0.00888245 4.67698 -0.740683 -0.0862882 0.666344 217.935
0.646617 0.0649751 0.760094 -114.298 -0.10798 0.994143 0.00687839 4.67922 -0.755186 -0.0865193 0.649837 218.96
0.631137 0.0654101 0.772951 -113.126 -0.108442 0.994107 0.00442329 4.68299 -0.768099 -0.0866094 0.634502 219.955
0.613851 0.0664842 0.786667 -111.939 -0.1136 0.993529 0.00467874 4.67439 -0.781257 -0.0922342 0.617423 220.928
0.595173 0.0670057 0.800842 -110.741 -0.118803 0.992918 0.005218 4.66902 -0.794813 -0.0982452 0.598909 221.88
0.57818 0.0690487 0.81303 -109.537 -0.124383 0.992239 0.00418688 4.65744 -0.806422 -0.103544 0.582274 222.787
0.559467 0.0718391 0.825775 -108.324 -0.127659 0.991832 0.000205807 4.63397 -0.819008 -0.105529 0.564059 223.668
0.542417 0.0747799 0.836823 -107.106 -0.131303 0.991351 -0.00347922 4.61059 -0.829834 -0.107986 0.547536 224.496
0.523135 0.0750646 0.848978 -105.877 -0.134566 0.990908 -0.00469298 4.572 -0.841603 -0.111785 0.528472 225.295
0.501276 0.0732908 0.862225 -104.631 -0.138132 0.990421 -0.00388019 4.5349 -0.854239 -0.117152 0.50659 226.085
0.481323 0.0706918 0.873729 -103.386 -0.141285 0.989981 -0.00226439 4.49009 -0.865127 -0.122351 0.48648 226.802
0.460044 0.0689889 0.885258 -102.128 -0.14446 0.989524 -0.00204163 4.4568 -0.876113 -0.126941 0.465183 227.496
0.43713 0.0682822 0.896843 -100.863 -0.144826 0.98946 -0.00474241 4.43966 -0.887706 -0.12781 0.442404 228.165
0.417237 0.0679745 0.906298 -99.6072 -0.14503 0.989414 -0.0074397 4.42124 -0.897198 -0.128331 0.422672 228.772
0.396029 0.0673932 0.915801 -98.3422 -0.144783 0.989425 -0.0101997 4.39485 -0.906795 -0.128549 0.401592 229.357
0.373903 0.0667183 0.92511 -97.0725 -0.144286 0.989465 -0.0130426 4.36489 -0.916221 -0.128599 0.379584 229.905
0.354047 0.0663005 0.932914 -95.8063 -0.144076 0.989458 -0.0156394 4.3356 -0.924106 -0.12887 0.359861 230.403
0.332417 0.0643186 0.940981 -94.5403 -0.143001 0.989589 -0.0171229 4.29376 -0.932273 -0.128865 0.338149 230.879
0.312195 0.0644191 0.947871 -93.2713 -0.143041 0.989527 -0.0201356 4.25736 -0.93923 -0.129294 0.318134 231.322
0.291819 0.0668585 0.954178 -92.0204 -0.145074 0.989121 -0.0249381 4.20956 -0.945452 -0.131144 0.298339 231.749
0.271443 0.0757802 0.959506 -90.7805 -0.147547 0.988403 -0.0363199 4.16332 -0.95112 -0.131709 0.27947 232.137
0.25316 0.0812953 0.964048 -89.5403 -0.154436 0.987097 -0.0426834 4.1163 -0.955062 -0.138073 0.262443 232.488
0.233439 0.0839998 0.968776 -88.3058 -0.159721 0.986057 -0.0470095 4.05557 -0.959206 -0.143756 0.243596 232.829
0.212133 0.0852999 0.973556 -87.0767 -0.163586 0.985243 -0.0506788 3.98873 -0.963496 -0.148505 0.222952 233.151
0.193361 0.0849536 0.977482 -85.8437 -0.165965 0.984735 -0.0527515 3.89397 -0.967031 -0.152023 0.204505 233.437
0.173189 0.0842796 0.981321 -84.6243 -0.166896 0.984451 -0.055093 3.80882 -0.970688 -0.154232 0.184558 233.697
0.155749 0.0830867 0.984336 -83.4062 -0.167298 0.984296 -0.0566101 3.71608 -0.973568 -0.155855 0.1672 233.928
0.137154 0.0823211 0.987169 -82.1929 -0.16744 0.984144 -0.0588047 3.63113 -0.976339 -0.157221 0.14876 234.133
0.117725 0.0816604 0.989722 -80.9873 -0.167686 0.983953 -0.0612365 3.54038 -0.978828 -0.158749 0.129527 234.32
0.099669 0.0855742 0.991379 -79.7892 -0.172198 0.982763 -0.0675177 3.46346 -0.980051 -0.163979 0.112684 234.478
0.0809236 0.0855129 0.993085 -78.5965 -0.172859 0.982436 -0.0705081 3.36313 -0.981658 -0.165953 0.0942819 234.616
0.0619975 0.0831362 0.994653 -77.4112 -0.172615 0.982419 -0.0713539 3.2753 -0.98308 -0.167262 0.0752557 234.73
0.0480265 0.0811681 0.995583 -76.2401 -0.171854 0.982518 -0.0718107 3.17563 -0.983993 -0.167642 0.0611344 234.817
0.0328054 0.0800221 0.996298 -75.0697 -0.170925 0.982571 -0.0732911 3.09115 -0.984782 -0.167882 0.0459094 234.891
0.0214835 0.0782291 0.996744 -73.9216 -0.170191 0.982685 -0.0734554 2.99415 -0.985219 -0.168054 0.0344242 234.94
0.0108773 0.0781782 0.996924 -72.7895 -0.170476 0.982506 -0.075187 2.89503 -0.985346 -0.169128 0.0240128 234.982
0.000427846 0.0795552 0.99687 -71.6676 -0.17126 0.982126 -0.0783029 2.79475 -0.985268 -0.170686 0.014044 235.008
-0.00456284 0.0804174 0.996795 -70.5701 -0.17258 0.981759 -0.0799938 2.69511 -0.985029 -0.172387 0.0093973 235.038
-0.0105589 0.081941 0.996622 -69.4814 -0.171883 0.981671 -0.0825308 2.61011 -0.985104 -0.172169 0.00371813 235.05
-0.0178123 0.0851781 0.996252 -68.4048 -0.17252 0.981176 -0.0869732 2.50465 -0.98489 -0.173416 -0.0027835 235.059
-0.0212705 0.0850331 0.996193 -67.3386 -0.173572 0.98095 -0.087436 2.40516 -0.984635 -0.174766 -0.0061067 235.066
-0.0265561 0.0798319 0.9965 -66.2607 -0.172958 0.981424 -0.0832329 2.30802 -0.984616 -0.174557 -0.0122564 235.061
-0.0276885 0.073982 0.996917 -65.2048 -0.174106 0.981676 -0.0776846 2.21209 -0.984382 -0.175715 -0.0143013 235.046
-0.0284689 0.0700576 0.997182 -64.158 -0.17379 0.98202 -0.0739535 2.12591 -0.984417 -0.175399 -0.015783 235.037
-0.0297308 0.0718214 0.997016 -63.111 -0.174675 0.981713 -0.0759257 2.03949 -0.984221 -0.176407 -0.0166426 235.02
-0.0279728 0.0719861 0.997059 -62.0967 -0.174795 0.981702 -0.0757809 1.96363 -0.984253 -0.176395 -0.0148794 235.008
-0.0262759 0.0722151 0.997085 -61.0715 -0.175192 0.981637 -0.075711 1.88699 -0.984228 -0.176665 -0.0131428 235.001
-0.0246512 0.0719801 0.997147 -60.0479 -0.175425 0.981635 -0.0751967 1.80881 -0.984231 -0.176772 -0.0115728 234.996
-0.0205145 0.0719678 0.997239 -59.0394 -0.176295 0.981536 -0.0744591 1.72416 -0.984169 -0.17733 -0.00744931 234.993
-0.0179545 0.0732378 0.997199 -58.0245 -0.176562 0.981427 -0.0752579 1.6465 -0.984173 -0.177412 -0.00469155 235.008
-0.011796 0.0727905 0.997321 -57.0253 -0.177796 0.981321 -0.0737237 1.56679 -0.984042 -0.178184 0.00136497 235.014
-0.00569083 0.0721036 0.997427 -56.0278 -0.177978 0.981418 -0.0719613 1.49249 -0.984065 -0.177923 0.00724615 235.029
4.57326e-05 0.0707873 0.997535 -55.033 -0.178309 0.981526 -0.0696412 1.41312 -0.984021 -0.17786 0.0126653 235.049
0.00777542 0.0702274 0.997547 -54.0374 -0.179218 0.981496 -0.0676999 1.34621 -0.983826 -0.178245 0.0202157 235.066
0.0150785 0.0700694 0.997472 -53.0555 -0.180172 0.981423 -0.0662165 1.28441 -0.983566 -0.178712 0.0274212 235.096
0.0211525 0.0696204 0.997397 -52.0781 -0.1808 0.981411 -0.0646698 1.22054 -0.983341 -0.178954 0.0333447 235.134
0.0285646 0.0689317 0.997257 -51.1011 -0.181786 0.981362 -0.0626242 1.1613 -0.98297 -0.179493 0.0405612 235.177
0.034329 0.0679077 0.997149 -50.1266 -0.182396 0.981378 -0.0605539 1.10196 -0.982674 -0.179791 0.0460737 235.229
0.0420325 0.0668301 0.996923 -49.1553 -0.182857 0.981441 -0.0580809 1.04181 -0.982287 -0.179847 0.0534707 235.287
0.048813 0.0671204 0.996598 -48.1876 -0.184034 0.981281 -0.0570743 0.983651 -0.981755 -0.180615 0.0602493 235.352
0.0545304 0.0675397 0.99627 -47.2279 -0.18458 0.981216 -0.0564145 0.925264 -0.981351 -0.180809 0.0659703 235.422
0.0626315 0.0677636 0.995782 -46.2604 -0.18519 0.981175 -0.0551213 0.86617 -0.980753 -0.18095 0.0739989 235.497
0.0693504 0.0681007 0.99531 -45.2974 -0.185854 0.981102 -0.0541771 0.808238 -0.980175 -0.181219 0.080694 235.585
0.0751164 0.0683084 0.994881 -44.3421 -0.187561 0.980832 -0.0531819 0.753624 -0.979425 -0.182599 0.0864857 235.671
0.0829098 0.0679908 0.994281 -43.39 -0.188333 0.980781 -0.0513616 0.696293 -0.978648 -0.182991 0.0941184 235.766
0.0893945 0.0670668 0.993785 -42.432 -0.188763 0.980809 -0.0492108 0.642217 -0.977995 -0.183183 0.100336 235.871
0.0950151 0.0663681 0.993307 -41.4825 -0.189088 0.980833 -0.0474458 0.593862 -0.977402 -0.183308 0.10574 235.983
0.102202 0.0662428 0.992605 -40.5339 -0.189982 0.980734 -0.045889 0.542043 -0.976503 -0.18388 0.112814 236.093
0.108209 0.0666657 0.991937 -39.5891 -0.19044 0.98068 -0.0451329 0.495903 -0.975767 -0.184014 0.118811 236.214
0.116005 0.0668114 0.991049 -38.6522 -0.190634 0.980703 -0.0437993 0.45285 -0.974834 -0.183839 0.126499 236.335
0.124501 0.0669263 0.990007 -37.7141 -0.191226 0.980656 -0.0422446 0.409149 -0.973668 -0.184049 0.134887 236.46
0.133028 0.0672723 0.988876 -36.7806 -0.191907 0.980581 -0.0408914 0.373829 -0.972407 -0.184325 0.14335 236.601
0.143503 0.0672449 0.98741 -35.8553 -0.19253 0.980544 -0.038795 0.337151 -0.970792 -0.184532 0.153653 236.747
0.150103 0.0662372 0.986499 -34.9339 -0.193867 0.980375 -0.0363273 0.299179 -0.969528 -0.185789 0.159994 236.908
0.156574 0.065267 0.985555 -34.0061 -0.19479 0.980277 -0.0339699 0.261077 -0.968318 -0.18665 0.166195 237.07
