1 0 0 0 0 1 0 0 0 0 1 0
0.999871 6.60451e-05 0.0161168 -0.0087739 -6.84848e-05 1 0.000151364 0.00159604 -0.016117 -0.000152303 0.999871 0.11661
0.999292 -1.95122e-05 0.0376557 0.00292354 6.742e-06 1 0.000339297 0.00617986 -0.0376557 -0.000338853 0.999292 0.260352
0.997953 0.000188719 0.0639722 0.0262341 -0.000238756 1 0.000775652 0.00419185 -0.0639721 -0.000789109 0.997953 0.411239
0.995234 0.000195841 0.097528 0.0590747 -0.000327152 1 0.00132879 0.000629985 -0.0975276 -0.00135429 0.995234 0.584415
0.990848 3.52089e-05 0.134989 0.115417 -0.000298707 0.999998 0.00193247 -0.00338944 -0.134989 -0.00195491 0.990847 0.780018
0.984482 -2.56795e-06 0.175495 0.161113 -0.000497109 0.999996 0.00280199 -0.00367426 -0.175495 -0.0028457 0.984478 0.981885
0.97578 -0.000245179 0.218758 0.230531 -0.000456923 0.999995 0.00315944 0.00659632 -0.218758 -0.00318266 0.975776 1.19583
0.963908 -0.000319668 0.26625 0.310702 -0.00069898 0.999993 0.00373042 0.0127028 -0.266249 -0.0037818 0.963901 1.40617
0.949822 -0.00426864 0.312765 0.42505 0.00108763 0.999947 0.010345 0.0144099 -0.312792 -0.00948561 0.949776 1.64169
0.932645 -0.0151761 0.360491 0.535686 0.008355 0.999755 0.0204722 -0.00238253 -0.360713 -0.0160812 0.932544 1.85935
0.911576 -0.0164933 0.410803 0.674119 0.00794282 0.999716 0.0225126 -0.00403607 -0.411057 -0.0172589 0.911448 2.08613
0.886371 -0.0166839 0.462686 0.827623 0.00669889 0.999708 0.023215 0.0185073 -0.462938 -0.0174774 0.886225 2.33827
0.858287 -0.0171057 0.512885 0.996318 0.00544021 0.999692 0.0242375 0.025752 -0.513141 -0.0180126 0.858117 2.55623
0.826446 -0.0229074 0.562558 1.20466 0.00773248 0.999539 0.0293415 0.0326093 -0.562971 -0.019899 0.826244 2.78928
0.79047 -0.0289301 0.611818 1.41857 0.0102888 0.999372 0.0339623 0.0415704 -0.612415 -0.0205514 0.790271 3.01736
0.752588 -0.0293277 0.657845 1.66153 0.00827563 0.999349 0.0350849 0.0565597 -0.658447 -0.0209602 0.752343 3.24065
0.713283 -0.0297348 0.700246 1.93396 0.00613982 0.999328 0.0361804 0.0666755 -0.70085 -0.0215077 0.712987 3.4657
0.671491 -0.0301259 0.740407 2.21662 0.00424831 0.999313 0.0368075 0.0837825 -0.741008 -0.0215701 0.671158 3.68282
0.628597 -0.0302843 0.777143 2.53422 0.00204009 0.999305 0.0372912 0.112639 -0.77773 -0.0218559 0.628222 3.91674
0.586725 -0.0309714 0.8092 2.8661 -3.70155e-05 0.999267 0.0382728 0.123749 -0.809793 -0.0224853 0.586295 4.13657
0.546495 -0.0317684 0.836863 3.23325 -0.00179044 0.999236 0.0391014 0.135927 -0.837463 -0.0228672 0.546021 4.3507
0.508524 -0.0322573 0.860451 3.6319 -0.00346651 0.999213 0.0395081 0.156684 -0.861049 -0.0230732 0.508012 4.55597
0.471166 -0.0326284 0.881444 4.04264 -0.0052832 0.999195 0.0398111 0.176756 -0.882032 -0.0234145 0.470615 4.76585
0.43459 -0.0331639 0.900025 4.49706 -0.00677729 0.999173 0.0400898 0.192122 -0.900611 -0.023522 0.434006 4.97002
0.400762 -0.032623 0.915605 4.98492 -0.00430522 0.99929 0.0374889 0.203716 -0.916175 -0.018966 0.400337 5.17115
0.37146 -0.0314352 0.927924 5.48903 -0.00148207 0.999405 0.03445 0.220578 -0.928456 -0.0141717 0.371194 5.34736
0.345864 -0.0317313 0.937752 6.03386 -0.00217727 0.9994 0.0346202 0.242806 -0.938286 -0.0140157 0.345588 5.53154
0.32578 -0.0318262 0.944917 6.5974 -0.00252561 0.999401 0.0345321 0.267835 -0.94545 -0.0136361 0.325505 5.71326
0.311334 -0.0319935 0.949766 7.18376 -0.00268493 0.999402 0.0345456 0.294425 -0.950301 -0.0133053 0.311062 5.89652
0.299271 -0.032915 0.953608 7.79649 -0.00270908 0.999372 0.0353448 0.315872 -0.954173 -0.0131609 0.298995 6.08415
0.288653 -0.0338149 0.956841 8.43876 -0.00365649 0.999332 0.0364195 0.344662 -0.957431 -0.0140113 0.288337 6.27575
0.27798 -0.0347041 0.959968 9.10394 -0.00412035 0.999296 0.0373191 0.371059 -0.960587 -0.0143292 0.277642 6.4717
0.267329 -0.0358052 0.962944 9.79346 -0.00443158 0.999255 0.0383856 0.396212 -0.9636 -0.0145289 0.266972 6.66761
0.257877 -0.0371021 0.965473 10.5027 -0.004682 0.999204 0.0396489 0.424154 -0.966176 -0.0147446 0.257498 6.85417
0.247545 -0.0382135 0.968127 11.2345 -0.00489045 0.999162 0.0406889 0.452027 -0.968869 -0.0148069 0.247151 7.04447
0.236511 -0.0390842 0.970851 11.9853 -0.00516318 0.999127 0.0414802 0.48361 -0.971625 -0.014823 0.236104 7.22643
0.22677 -0.0414003 0.973073 12.7442 -0.00569987 0.999024 0.0438326 0.516472 -0.973937 -0.0154863 0.226313 7.4022
0.215481 -0.0435037 0.975547 13.52 -0.00620763 0.998927 0.0459175 0.54997 -0.976498 -0.01595 0.21498 7.57877
0.202191 -0.0465753 0.978243 14.3062 -0.00679812 0.998779 0.048958 0.580809 -0.979328 -0.0165491 0.201628 7.74977
0.190137 -0.0483434 0.980576 15.0952 -0.00728813 0.998692 0.0506499 0.613741 -0.981741 -0.0167768 0.189536 7.90058
0.175411 -0.0493032 0.983265 15.8922 -0.00775419 0.998647 0.0514576 0.643876 -0.984471 -0.0166507 0.174792 8.04516
0.1616 -0.0493256 0.985632 16.6881 -0.00854997 0.998645 0.0513788 0.680675 -0.986829 -0.0167298 0.16096 8.18095
0.144841 -0.0496045 0.988217 17.4952 -0.00913719 0.998635 0.0514666 0.712034 -0.98942 -0.0164839 0.144191 8.30136
0.123549 -0.0495909 0.991107 18.3122 -0.0103146 0.998634 0.0512534 0.7526 -0.992295 -0.0165552 0.12287 8.41051
0.0988563 -0.0501103 0.993845 19.1274 -0.0121438 0.998598 0.0515577 0.791522 -0.995035 -0.0171658 0.0981099 8.49756
0.0685096 -0.0508255 0.996364 19.9564 -0.0140649 0.998555 0.0519045 0.827812 -0.997562 -0.0175697 0.0676966 8.56378
0.0343241 -0.0515367 0.998088 20.8 -0.0160606 0.998514 0.0521109 0.863649 -0.999289 -0.0178184 0.0334461 8.60035
0.000861393 -0.0526674 0.998621 21.6329 -0.0175097 0.99846 0.0526741 0.897218 -0.999857 -0.0175309 -6.12838e-05 8.60163
-0.0344822 -0.0536348 0.997972 22.4818 -0.0191576 0.998413 0.0529966 0.933738 -0.99923 -0.0172911 -0.0354542 8.57776
-0.0660786 -0.0539386 0.996365 23.3141 -0.0211325 0.998392 0.0526469 0.971613 -0.997601 -0.0175769 -0.0671114 8.52416
-0.098442 -0.0539864 0.993685 24.1524 -0.0231653 0.998383 0.0519468 1.01498 -0.994882 -0.0179052 -0.0995326 8.44426
-0.132233 -0.051634 0.989882 24.9947 -0.0207842 0.998569 0.0493108 1.0446 -0.991012 -0.0140535 -0.133116 8.33815
-0.162982 -0.0471453 0.98551 25.8176 -0.0160007 0.998855 0.0451376 1.07621 -0.986509 -0.0084121 -0.163549 8.19146
-0.194743 -0.0430939 0.979917 26.6495 -0.0113065 0.999069 0.0416891 1.10897 -0.980801 -0.00296102 -0.195048 8.0297
-0.222751 -0.0395372 0.974081 27.4665 -0.00651898 0.999218 0.0390667 1.13357 -0.974864 0.00235219 -0.222834 7.82693
-0.250753 -0.0331403 0.967494 28.2799 0.00208702 0.999396 0.0347738 1.15443 -0.968061 0.0107386 -0.250532 7.60324
-0.279095 -0.0236078 0.959981 29.0929 0.008135 0.999607 0.0269473 1.16952 -0.960239 0.0153304 -0.278792 7.36293
-0.302842 -0.00816207 0.953018 29.871 0.0123714 0.99985 0.0124939 1.17746 -0.952973 0.0155735 -0.302694 7.10298
-0.327734 0.00946295 0.944731 30.6463 0.0133156 0.9999 -0.00539601 1.18016 -0.944687 0.0108113 -0.327826 6.83783
-0.354735 0.024646 0.934654 31.4196 0.0120842 0.999694 -0.0217754 1.18242 -0.934902 0.00356976 -0.354924 6.5535
-0.378349 0.0344617 0.92503 32.1816 0.0151215 0.999407 -0.0310474 1.16055 -0.925551 0.00224113 -0.378644 6.24522
-0.403988 0.0380311 0.913986 32.9362 0.0185317 0.999275 -0.0333898 1.12205 -0.91459 0.00344832 -0.404399 5.90604
-0.425936 0.036545 0.904025 33.6709 0.0207549 0.999319 -0.0306182 1.09423 -0.904527 0.0057216 -0.426402 5.55878
-0.446438 0.0310869 0.894288 34.4077 0.0235353 0.999463 -0.0229951 1.06322 -0.894519 0.0107811 -0.446929 5.18884
-0.465283 0.0289353 0.884699 35.1329 0.029931 0.999412 -0.0169455 1.0296 -0.884668 0.0185954 -0.465874 4.798
-0.478401 0.0289628 0.877678 35.8359 0.0329741 0.999348 -0.0150056 0.995696 -0.877537 0.0217615 -0.479043 4.40608
-0.490034 0.0288565 0.871236 36.5304 0.0331248 0.99935 -0.0144682 0.984621 -0.871087 0.0217696 -0.490669 4.0084
-0.501424 0.0291075 0.864727 37.2172 0.0329608 0.999355 -0.0145276 0.970764 -0.864589 0.021217 -0.502059 3.60796
-0.510663 0.0287265 0.859312 37.9127 0.0259444 0.999505 -0.0179949 0.951982 -0.859403 0.0131049 -0.511153 3.20469
-0.523412 0.0270576 0.851665 38.5939 0.0264444 0.999534 -0.0155046 0.930729 -0.851686 0.0144057 -0.523883 2.79214
-0.531279 0.0272522 0.84677 39.271 0.0272025 0.999519 -0.0151008 0.90926 -0.846774 0.0150114 -0.531763 2.36671
-0.538511 0.0273038 0.842192 39.9478 0.0274352 0.999517 -0.0148632 0.889902 -0.842189 0.015101 -0.538999 1.92516
-0.544061 0.0278062 0.838596 40.6274 0.0270723 0.999516 -0.015578 0.883644 -0.838623 0.0142273 -0.544548 1.47734
-0.542685 0.027989 0.839486 41.3361 0.02675 0.999517 -0.0160335 0.86798 -0.839527 0.0137543 -0.543171 1.02642
-0.539739 0.0275632 0.841393 42.0532 0.0276745 0.999509 -0.0149901 0.8507 -0.841391 0.0151944 -0.540234 0.562603
-0.535064 0.0265921 0.844409 42.7795 0.0266068 0.999543 -0.0146195 0.835888 -0.84441 0.0146439 -0.535526 0.103925
-0.527049 0.0260699 0.849446 43.5355 0.025777 0.999564 -0.0146833 0.818374 -0.849458 0.0141572 -0.527489 -0.353513
-0.520198 0.0256456 0.853677 44.3057 0.0251741 0.999579 -0.0146901 0.799056 -0.853692 0.013848 -0.520624 -0.818007
-0.514187 0.0246361 0.857336 45.101 0.0241207 0.999611 -0.0142579 0.779436 -0.857353 0.0133483 -0.514579 -1.28837
-0.508948 0.0241358 0.860476 45.904 0.0233209 0.999631 -0.0142468 0.765992 -0.860499 0.0128153 -0.509322 -1.75401
-0.508043 0.0230544 0.861035 46.7387 0.0225342 0.999659 -0.0134699 0.752618 -0.86105 0.0125593 -0.508388 -2.23495
-0.507759 0.0218875 0.861238 47.5793 0.0217571 0.999688 -0.0125802 0.735032 -0.861242 0.0123495 -0.508077 -2.72218
-0.508661 0.0208548 0.860726 48.43 0.0210188 0.999713 -0.0118008 0.717971 -0.860725 0.0120887 -0.508951 -3.21843
-0.510399 0.0201435 0.859719 49.2816 0.0207892 0.999727 -0.0110832 0.697195 -0.859705 0.0122153 -0.510677 -3.72266
-0.509899 0.019611 0.860022 50.155 0.0204106 0.999738 -0.0106955 0.678751 -0.860006 0.0120998 -0.510163 -4.23843
-0.509865 0.0190413 0.860061 51.0356 0.0202664 0.999748 -0.0101209 0.662102 -0.860035 0.0122692 -0.510121 -4.75203
-0.510861 0.0183069 0.859481 51.9142 0.0195385 0.999766 -0.00968152 0.640244 -0.859457 0.011847 -0.511097 -5.26816
-0.51031 0.0174115 0.859832 52.8083 0.0184902 0.999791 -0.00927322 0.62244 -0.859811 0.0111654 -0.510524 -5.79495
-0.511438 0.0168325 0.859169 53.6721 0.0181914 0.999801 -0.0087588 0.603183 -0.859143 0.0111498 -0.511639 -6.30597
-0.510188 0.0165625 0.859922 54.5616 0.0174302 0.999813 -0.0089169 0.586505 -0.859908 0.0104384 -0.510379 -6.82254
-0.509182 0.0154843 0.860534 55.4445 0.0169992 0.999829 -0.00793243 0.561954 -0.860507 0.0105891 -0.509356 -7.34
-0.508438 0.0144543 0.860997 56.2993 0.0169537 0.999839 -0.00677498 0.544886 -0.860954 0.0111514 -0.508599 -7.842
-0.5051 0.0134594 0.86297 57.1962 0.016367 0.999854 -0.00601466 0.523092 -0.862922 0.0110862 -0.505243 -8.35813
-0.503159 0.0131675 0.864114 58.0665 0.0162596 0.999857 -0.00576942 0.513207 -0.864064 0.0111462 -0.503299 -8.86722
-0.502217 0.0133756 0.864653 58.9414 0.0163825 0.999854 -0.00595159 0.501378 -0.864604 0.0111761 -0.502359 -9.37311
-0.500901 0.0133702 0.865422 59.8184 0.0159487 0.999859 -0.00621727 0.484183 -0.865381 0.010687 -0.501042 -9.87235
-0.503087 0.0136269 0.864143 60.6643 0.0152671 0.999866 -0.00687884 0.464575 -0.864118 0.00973226 -0.503224 -10.3609
-0.505094 0.0141015 0.86297 61.5447 0.0144748 0.999871 -0.00786776 0.444326 -0.862967 0.00851634 -0.505231 -10.869
-0.509458 0.013628 0.860403 62.4051 0.0139569 0.99988 -0.00757295 0.422229 -0.860401 0.00815034 -0.509583 -11.3689
-0.515998 0.0124543 0.85652 63.2598 0.0143559 0.999887 -0.0058918 0.410337 -0.856494 0.00925485 -0.516115 -11.8724
-0.52042 0.00835464 0.853886 64.1244 0.0167369 0.999867 0.000417882 0.373316 -0.853765 0.0145087 -0.520486 -12.4007
-0.526891 0.00672435 0.849928 64.9651 0.0148002 0.999898 0.00126273 0.362932 -0.849828 0.0132433 -0.526934 -12.9064
-0.530747 0.0070861 0.847517 65.8066 0.0153254 0.99989 0.00123734 0.35452 -0.847412 0.0136451 -0.530792 -13.4365
-0.535793 0.00708624 0.844342 66.6368 0.0148096 0.999898 0.00100467 0.352294 -0.844244 0.0130415 -0.535841 -13.9586
-0.541787 0.00650105 0.840508 67.4432 0.0141822 0.999907 0.001408 0.34514 -0.840417 0.012683 -0.541823 -14.4759
-0.544654 0.0060315 0.838661 68.2704 0.0135314 0.999915 0.00159522 0.329013 -0.838577 0.012216 -0.544686 -15.007
-0.547822 0.00473177 0.836598 69.0846 0.0130883 0.999918 0.00291521 0.313951 -0.836514 0.0125466 -0.547834 -15.5329
-0.550858 -0.00114798 0.83462 69.8871 0.0155748 0.999819 0.0116535 0.296517 -0.834479 0.0194172 -0.550737 -16.0567
-0.552002 -0.00931171 0.833808 70.7019 0.0158634 0.999648 0.0216657 0.291374 -0.833713 0.0251864 -0.551655 -16.5972
-0.554339 -0.010835 0.832244 71.4975 0.0154934 0.999616 0.0233324 0.307566 -0.832174 0.025827 -0.553954 -17.1212
-0.554456 -0.00751183 0.832197 72.293 0.0151016 0.999713 0.0190855 0.310738 -0.832098 0.0231494 -0.554178 -17.6474
-0.555386 -0.00212993 0.831614 73.0838 0.0164405 0.999782 0.0135388 0.315444 -0.831457 0.0211901 -0.555226 -18.1775
-0.556982 0.00199624 0.830541 73.8621 0.0221496 0.999686 0.0124514 0.313494 -0.830252 0.0253313 -0.556846 -18.7032
-0.556467 0.00310159 0.830889 74.6608 0.0257296 0.999587 0.013499 0.309536 -0.830498 0.0288889 -0.556314 -19.2496
-0.555832 0.0012338 0.831313 75.4505 0.0244121 0.999601 0.0148392 0.312271 -0.830959 0.028542 -0.555635 -19.7778
-0.555865 -0.00423799 0.831287 76.2411 0.021671 0.999583 0.0195856 0.308567 -0.831017 0.0289004 -0.555537 -20.3049
-0.554201 -0.00928077 0.832351 77.0416 0.0190278 0.999546 0.0238144 0.308752 -0.832188 0.0290357 -0.553767 -20.8244
-0.554311 -0.0163108 0.832175 77.826 0.0107037 0.999596 0.0267208 0.316392 -0.832268 0.0237177 -0.553909 -21.3323
-0.551925 -0.0209375 0.833651 78.632 0.00316092 0.999636 0.0271992 0.326169 -0.83391 0.0176469 -0.551653 -21.8439
-0.550633 -0.020773 0.834514 79.4147 0.00563438 0.999586 0.0285986 0.340219 -0.834755 0.020448 -0.550284 -22.3646
-0.548382 -0.0174773 0.836066 80.1921 0.01138 0.999544 0.0283591 0.344258 -0.836173 0.0250659 -0.547928 -22.8773
-0.542024 -0.0174148 0.840208 80.9871 0.0110539 0.999562 0.0278474 0.367721 -0.840317 0.0243802 -0.541591 -23.39
-0.534487 -0.0152621 0.84506 81.7734 0.016218 0.999479 0.0283088 0.379041 -0.845044 0.0288355 -0.533956 -23.8863
-0.528316 -0.0120149 0.848988 82.5436 0.0246191 0.999274 0.0294605 0.397351 -0.848718 0.0364642 -0.527633 -24.3953
-0.517585 -0.0140762 0.855538 83.3456 0.0226702 0.9993 0.0301568 0.410106 -0.855356 0.0350035 -0.516898 -24.8781
-0.507759 -0.0166828 0.861363 84.1451 0.0210778 0.999284 0.0317778 0.431381 -0.861269 0.0342896 -0.507041 -25.3455
-0.495465 -0.0192642 0.868436 84.9608 0.0210424 0.999206 0.0341705 0.450655 -0.868397 0.035204 -0.494661 -25.8103
-0.484035 -0.0218279 0.874802 85.7734 0.0193268 0.999191 0.035624 0.464096 -0.874862 0.0341489 -0.483218 -26.2596
-0.472907 -0.0227367 0.880841 86.5915 0.0196688 0.999158 0.0363508 0.499615 -0.880917 0.0345155 -0.472057 -26.7008
-0.460282 -0.0226962 0.887508 87.4123 0.0202976 0.999155 0.0360769 0.525143 -0.887568 0.0346183 -0.45943 -27.1272
-0.448035 -0.0217862 0.893773 88.2306 0.0194627 0.999241 0.0341137 0.54887 -0.893828 0.0326792 -0.447266 -27.5368
-0.437465 -0.0149553 0.899137 89.0528 0.0216565 0.999409 0.0271587 0.563099 -0.899002 0.0313517 -0.43688 -27.9409
-0.423624 -0.0152853 0.905731 89.8661 0.0210509 0.999434 0.0267127 0.578603 -0.905618 0.0303824 -0.423059 -28.3212
-0.412563 -0.0184799 0.910767 90.7061 0.0201218 0.999378 0.0293916 0.595179 -0.910734 0.0304507 -0.411932 -28.6968
-0.399745 -0.0212139 0.916403 91.5442 0.0201219 0.999301 0.0319106 0.607479 -0.91643 0.0311958 -0.399035 -29.0615
-0.389526 -0.0217652 0.920784 92.3764 0.0175607 0.999375 0.0310507 0.622653 -0.920875 0.0282632 -0.388898 -29.4082
-0.383474 -0.0191854 0.923375 93.2099 0.0126843 0.999594 0.0260371 0.644034 -0.923489 0.021697 -0.383071 -29.7447
-0.377034 -0.013854 0.926121 94.0464 0.00893549 0.999798 0.0185928 0.663633 -0.926184 0.0152842 -0.376832 -30.0793
-0.373273 -0.0119929 0.927666 94.892 0.00707114 0.999864 0.0157718 0.672979 -0.927719 0.0124471 -0.373134 -30.4106
-0.369604 -0.0121398 0.929136 95.7248 0.00707783 0.99986 0.0158784 0.685967 -0.929191 0.0124437 -0.369464 -30.7362
-0.363988 -0.012735 0.93134 96.5656 0.00641878 0.999862 0.0161808 0.685974 -0.931407 0.0118678 -0.363852 -31.0595
-0.359089 -0.0141855 0.933222 97.3966 0.00852993 0.999804 0.0184789 0.699051 -0.933293 0.0145946 -0.358895 -31.38
-0.352723 -0.0153801 0.935625 98.248 0.00778918 0.999795 0.0193716 0.697312 -0.935722 0.0141205 -0.352527 -31.6916
-0.34718 -0.0172295 0.937667 99.0965 0.007291 0.999762 0.0210694 0.696476 -0.9378 0.0141502 -0.34697 -31.998
-0.341603 -0.0185091 0.939686 99.9219 0.00273472 0.999796 0.0206874 0.700758 -0.939867 0.00963655 -0.341479 -32.2867
-0.334206 -0.0196979 0.942321 100.783 -0.00050883 0.999797 0.0207182 0.716571 -0.942531 0.00644368 -0.334146 -32.5844
-0.327334 -0.0195547 0.94473 101.621 -0.000291516 0.999801 0.0205937 0.724475 -0.944934 0.00646557 -0.327271 -32.8752
-0.320857 -0.019459 0.946956 102.456 -0.000981202 0.999807 0.020212 0.746949 -0.947159 0.00555483 -0.320812 -33.1549
-0.31374 -0.0202271 0.949317 103.307 -0.00132908 0.999795 0.0208635 0.767676 -0.949534 0.0052837 -0.3137 -33.4296
-0.306988 -0.0242778 0.951432 104.166 0.000127098 0.999685 0.0255495 0.777588 -0.951746 0.00796319 -0.306886 -33.6973
-0.299535 -0.025711 0.953764 105.03 0.00115386 0.99964 0.0273102 0.789235 -0.954111 0.00928077 -0.299395 -33.9652
-0.293011 -0.0227715 0.955866 105.882 -0.000747801 0.999734 0.0235867 0.809109 -0.956141 0.00619515 -0.292948 -34.2108
-0.286971 -0.0222072 0.957707 106.736 0.000698384 0.99974 0.0233912 0.842497 -0.957966 0.00738153 -0.286878 -34.4621
-0.280031 -0.0224881 0.959756 107.59 0.000698531 0.999733 0.023628 0.858871 -0.960022 0.00728578 -0.279938 -34.7069
-0.273589 -0.0237787 0.961579 108.455 0.000233358 0.999706 0.0247882 0.865093 -0.961875 0.00700627 -0.273501 -34.9443
-0.265136 -0.0241129 0.963938 109.313 0.00207931 0.999682 0.0255784 0.884243 -0.964241 0.00878486 -0.265 -35.1861
-0.257788 -0.0243311 0.965921 110.169 0.00236891 0.999677 0.0258138 0.894103 -0.966227 0.0089428 -0.257644 -35.4154
-0.251072 -0.0246246 0.967685 111.045 0.00285703 0.999665 0.0261791 0.907443 -0.967996 0.00933637 -0.250916 -35.6416
-0.244081 -0.0250611 0.969457 111.902 0.00100211 0.999672 0.0260947 0.92843 -0.969782 0.00734089 -0.243973 -35.8439
-0.238387 -0.0253136 0.970871 112.768 0.00113234 0.999664 0.0263418 0.94715 -0.971202 0.00737769 -0.238277 -36.0424
-0.234297 -0.0252815 0.971863 113.64 0.00292233 0.999653 0.0267091 0.957598 -0.972189 0.00909803 -0.234139 -36.2537
-0.229849 -0.0258798 0.972912 114.485 0.00263814 0.999638 0.0272135 0.963453 -0.973256 0.00882038 -0.229696 -36.4529
-0.22549 -0.025212 0.973947 115.37 0.00232364 0.999662 0.0264157 0.976215 -0.974271 0.00821958 -0.225353 -36.6513
-0.219704 -0.0277149 0.975203 116.219 0.00307445 0.999584 0.0291 0.971419 -0.975595 0.00939033 -0.219526 -36.8519
-0.214559 -0.0277356 0.976345 117.088 0.00969699 0.999502 0.0305244 0.96911 -0.976692 0.0160169 -0.214181 -37.0521
-0.210438 -0.0292169 0.977202 117.967 0.0118965 0.999414 0.0324425 0.969976 -0.977569 0.0184511 -0.209967 -37.2358
-0.205168 -0.0283217 0.978346 118.835 0.0114476 0.999458 0.0313336 1.00073 -0.978689 0.0176284 -0.204731 -37.4114
-0.201383 -0.0282385 0.979137 119.695 0.00990278 0.999487 0.0308619 1.01646 -0.979497 0.01591 -0.200999 -37.5823
-0.200698 -0.0293241 0.979244 120.567 0.00890916 0.99947 0.031756 1.03445 -0.979643 0.0150979 -0.200329 -37.7474
-0.198769 -0.0301769 0.979614 121.427 0.00885783 0.999442 0.0325847 1.05131 -0.980041 0.0151527 -0.19839 -37.9185
-0.198671 -0.0353335 0.979459 122.306 0.00708213 0.999287 0.0374855 1.06676 -0.980072 0.0143839 -0.198278 -38.0932
-0.196213 -0.0405141 0.979756 123.164 0.00465025 0.999109 0.0422455 1.08871 -0.980585 0.0128438 -0.195849 -38.2657
-0.195776 -0.0431974 0.979728 124.026 0.00487258 0.99899 0.0450205 1.1196 -0.980668 0.0135877 -0.195367 -38.4361
-0.195403 -0.0390137 0.97998 124.887 0.00469395 0.999172 0.0407134 1.1514 -0.980748 0.012554 -0.195058 -38.6097
-0.194099 -0.0383286 0.980265 125.726 0.00481125 0.999202 0.0400221 1.18619 -0.981002 0.0124846 -0.193759 -38.7764
-0.1943 -0.0386162 0.980216 126.583 0.00467081 0.99919 0.0402893 1.21573 -0.980968 0.0124051 -0.193961 -38.9394
-0.194839 -0.0389701 0.980093 127.437 0.00490363 0.999174 0.040704 1.23952 -0.980856 0.0127367 -0.194486 -39.1032
-0.193048 -0.0391148 0.980444 128.28 0.00735508 0.999132 0.0413083 1.26225 -0.981199 0.0151842 -0.192592 -39.2694
-0.19384 -0.0371258 0.980363 129.127 0.00623446 0.999231 0.0390735 1.29481 -0.981047 0.0136859 -0.193459 -39.4434
-0.192623 -0.0352748 0.980674 129.977 -0.00248347 0.999381 0.0354598 1.33063 -0.981307 0.0043939 -0.19259 -39.5981
-0.19241 -0.0341778 0.980752 130.815 -0.00661567 0.99943 0.0335313 1.34715 -0.981326 -3.68073e-05 -0.192526 -39.7472
-0.193241 -0.034242 0.980589 131.639 -0.00581849 0.999426 0.0337531 1.35675 -0.981171 0.000815845 -0.193329 -39.9064
-0.192185 -0.0338643 0.980807 132.466 -0.00385508 0.999437 0.0337526 1.37379 -0.981385 0.00270534 -0.192207 -40.0692
-0.191282 -0.0339721 0.980983 133.283 -0.00344834 0.99943 0.0339385 1.40704 -0.981566 0.00310797 -0.19129 -40.2263
-0.188719 -0.0344161 0.981462 134.082 0.00168364 0.999386 0.0353688 1.43076 -0.982063 0.00832691 -0.188545 -40.3886
-0.185833 -0.0350782 0.981992 134.9 0.00334296 0.999346 0.0363308 1.44734 -0.982613 0.010033 -0.185594 -40.543
-0.18485 -0.0419412 0.981906 135.714 0.00513319 0.999047 0.0436403 1.4717 -0.982787 0.0131069 -0.184459 -40.7015
-0.180415 -0.0430124 0.982687 136.527 0.00636723 0.998984 0.0448948 1.48959 -0.983608 0.0143555 -0.179958 -40.8525
-0.176168 -0.0417112 0.983511 137.314 0.00295698 0.999088 0.0429022 1.5114 -0.98439 0.0104662 -0.175884 -41.0033
-0.17296 -0.0425717 0.984046 138.085 0.00265419 0.999054 0.0436876 1.56078 -0.984964 0.0101667 -0.172684 -41.1612
-0.16428 -0.0425166 0.985534 138.888 0.00184751 0.999067 0.0434093 1.58915 -0.986448 0.00895213 -0.164049 -41.2977
-0.156678 -0.0434102 0.986735 139.668 0.010178 0.998921 0.0455629 1.61995 -0.987637 0.0171805 -0.156068 -41.4485
-0.138758 -0.0432924 0.989417 140.153 0.0208556 0.998708 0.0466244 1.60149 -0.990143 0.0271044 -0.137677 -41.4786
-0.12446 -0.0393903 0.991483 140.906 0.0231348 0.998838 0.0425871 1.59572 -0.991995 0.0282361 -0.123406 -41.5706
-0.110849 -0.0393398 0.9931 141.701 0.0246349 0.998814 0.0423168 1.62941 -0.993571 0.0291554 -0.10975 -41.6633
-0.0970204 -0.0400996 0.994514 142.484 0.0230025 0.998844 0.0425188 1.63543 -0.995056 0.0269996 -0.0959876 -41.7339
-0.0838836 -0.036365 0.995854 143.258 0.0307062 0.998779 0.0390593 1.64983 -0.996041 0.0338552 -0.082666 -41.8033
-0.0701657 -0.0309213 0.997096 144.021 0.0176738 0.999337 0.0322351 1.64715 -0.997419 0.0198824 -0.0695749 -41.8414
-0.0564603 -0.0211632 0.998222 144.814 0.0150984 0.999657 0.0220487 1.63958 -0.998331 0.0163163 -0.0561231 -41.887
-0.0436585 -0.0156629 0.998964 145.574 0.0240727 0.999584 0.0167253 1.63401 -0.998797 0.024776 -0.043266 -41.9065
-0.0313308 -0.0156881 0.999428 146.322 0.017612 0.999727 0.016246 1.64607 -0.999395 0.0181107 -0.031048 -41.9228
-0.0192058 -0.0188505 0.999679 147.079 0.016815 0.99969 0.0191743 1.64256 -0.999715 0.0171767 -0.018886 -41.9245
-0.00841795 -0.0204531 0.999799 147.841 0.0169434 0.999658 0.020594 1.66077 -0.999863 0.0171129 -0.00807104 -41.9136
0.000464793 -0.0154573 0.999922 148.597 0.00867396 0.999859 0.0154529 1.64018 -1 0.00866511 0.00059523 -41.8878
0.00609534 -0.00983367 0.999977 149.331 0.00658781 0.999944 0.00979433 1.6331 -1 0.00652774 0.00615706 -41.8673
0.00940428 -0.00841655 0.999962 150.06 0.00193902 0.999979 0.00839891 1.64026 -0.999995 0.00185903 0.00941673 -41.8544
0.00980897 -0.0125573 0.999917 150.819 -0.00131264 0.999934 0.0125716 1.64792 -0.999993 -0.00143582 0.00978911 -41.8414
0.00779177 -0.0165015 0.999876 151.567 -0.00414615 0.99987 0.0165342 1.64925 -1 -0.00427511 0.00771874 -41.8261
0.0047123 -0.020047 0.999833 152.323 -0.00621481 0.999793 0.0200768 1.65042 -1.00001 -0.00630822 0.00458409 -41.8221
0.00202133 -0.0204154 0.999833 153.069 -0.00335965 0.999801 0.020422 1.66198 -1.00003 -0.00340116 0.00194888 -41.8273
-0.00174209 -0.0210042 0.999824 153.809 -0.00147076 0.999793 0.0210023 1.66932 -1.00004 -0.00143413 -0.00177521 -41.8289
-0.00610899 -0.0217094 0.999789 154.559 -0.000327356 0.99978 0.0217076 1.68306 -1.00002 -0.000195724 -0.00611812 -41.8353
-0.0114555 -0.0220059 0.999739 155.304 -0.00489925 0.999762 0.0219517 1.69049 -0.999966 -0.00464678 -0.011563 -41.8415
-0.017059 -0.0222192 0.999651 156.057 -0.00402561 0.999762 0.0221534 1.71222 -0.999889 -0.00364734 -0.0171476 -41.8555
-0.0228242 -0.0221039 0.999543 156.799 -0.00393588 0.999765 0.0220204 1.73093 -0.999776 -0.00343162 -0.0229083 -41.8776
-0.0277891 -0.0232837 0.999387 157.527 -0.00161245 0.999743 0.0232478 1.72268 -0.999654 -0.000966475 -0.0278225 -41.9063
-0.0340894 -0.0242628 0.999173 158.272 0.0292429 0.999269 0.0252643 1.79173 -0.999035 0.0300791 -0.0333572 -41.9665
-0.039084 -0.0250802 0.998966 159.006 0.0395732 0.998876 0.0266269 1.83584 -0.998494 0.0405719 -0.0380504 -42.0027
-0.0421777 -0.0252952 0.99884 159.704 0.0380993 0.998928 0.0269079 1.85743 -0.998429 0.0391889 -0.0411708 -42.0324
-0.0411324 -0.0261582 0.998857 160.411 0.0427601 0.998709 0.0279158 1.89289 -0.99828 0.0438583 -0.0399637 -42.0718
-0.0406791 -0.0270325 0.998857 161.118 0.0413942 0.998747 0.0287169 1.9056 -0.99836 0.042514 -0.0395111 -42.1049
-0.0357513 -0.031224 0.998918 161.823 0.0415723 0.998614 0.032703 1.91546 -0.998538 0.0426956 -0.0344067 -42.1398
-0.0285834 -0.032101 0.999127 162.521 0.0437009 0.998505 0.0333328 1.92845 -0.998682 0.0446143 -0.0271399 -42.1574
-0.0184685 -0.0327264 0.99934 163.215 0.0449884 0.998438 0.0335292 1.94011 -0.99886 0.0455768 -0.0169707 -42.1624
-0.00414011 -0.0327675 0.999505 163.919 0.0465787 0.998389 0.0329254 1.95721 -0.998953 0.0466908 -0.00260979 -42.1702
0.01095 -0.0333847 0.999428 164.605 0.0444505 0.998487 0.032867 1.97949 -0.998995 0.0440639 0.0124135 -42.1594
0.0263866 -0.038631 0.998957 165.29 0.0412534 0.998464 0.0375236 1.99533 -0.998847 0.0402194 0.0279364 -42.1235
0.0440208 -0.0452783 0.99805 165.982 0.0398106 0.998275 0.0435334 2.00916 -0.998281 0.0378155 0.0457428 -42.0857
0.0614367 -0.0529135 0.996761 166.661 0.0444794 0.997768 0.050227 2.03081 -0.997167 0.0412487 0.063649 -42.0384
0.0790019 -0.0594916 0.995145 167.337 0.0426868 0.997521 0.0562456 2.05459 -0.996005 0.0380349 0.0813401 -41.9789
0.0958734 -0.0659637 0.993259 168.003 0.0426792 0.997178 0.062106 2.08211 -0.994526 0.0364366 0.0984132 -41.9061
0.114121 -0.0661393 0.99131 168.673 0.0402645 0.997287 0.0619035 2.10465 -0.992696 0.0328491 0.116468 -41.8187
0.131744 -0.0673564 0.989048 169.316 0.0434717 0.997142 0.0621188 2.1238 -0.990379 0.0348111 0.13429 -41.7252
0.149271 -0.067607 0.98653 169.956 0.0430888 0.997173 0.0618176 2.15437 -0.987903 0.0332797 0.151755 -41.6193
0.166014 -0.0677597 0.983849 170.591 0.0408633 0.997273 0.0617908 2.1871 -0.985326 0.0299446 0.168323 -41.4945
0.181059 -0.068518 0.981131 171.212 0.0403389 0.997266 0.0622014 2.2024 -0.98269 0.0283145 0.18332 -41.3596
0.192861 -0.0713516 0.978684 171.831 0.046241 0.996926 0.0635709 2.22271 -0.980187 0.0329943 0.19556 -41.2306
0.203779 -0.0718037 0.97643 172.457 0.0468382 0.996898 0.0635348 2.25219 -0.977942 0.0327858 0.206502 -41.0901
0.2134 -0.0705915 0.974468 173.053 0.0438857 0.997092 0.0626219 2.29692 -0.97603 0.0294011 0.21587 -40.9499
0.222938 -0.0639782 0.97278 173.645 0.0406348 0.997605 0.0562992 2.32624 -0.974032 0.0269765 0.224995 -40.7918
0.231761 -0.0526239 0.971404 174.225 0.0414142 0.998185 0.0441957 2.36458 -0.97194 0.0299864 0.233512 -40.6351
0.239346 -0.0479731 0.9698 174.811 0.0456065 0.998253 0.0381258 2.39043 -0.969909 0.0351028 0.241105 -40.4881
0.246158 -0.0483723 0.968078 175.403 0.0448302 0.998274 0.0384836 2.42087 -0.968242 0.0339254 0.247893 -40.3332
0.251888 -0.0547666 0.966259 175.994 0.0440742 0.998033 0.0450788 2.45279 -0.9668 0.031231 0.253796 -40.1634
0.257593 -0.0636666 0.964213 176.585 0.0384251 0.997735 0.0556167 2.49434 -0.96554 0.0227231 0.259447 -39.995
0.26004 -0.070759 0.963055 177.181 0.0392028 0.997286 0.0626893 2.52663 -0.964849 0.0214516 0.262097 -39.8323
0.261076 -0.0720764 0.962683 177.785 0.0418252 0.997139 0.0633152 2.55195 -0.964463 0.0237339 0.263335 -39.6684
0.261624 -0.0727305 0.96248 178.388 0.0434276 0.997057 0.0635394 2.58986 -0.96424 0.0251736 0.264002 -39.5067
0.262614 -0.0732058 0.96218 178.994 0.0456028 0.996968 0.063408 2.62444 -0.963874 0.0272256 0.265147 -39.3373
0.264764 -0.0739885 0.961525 179.599 0.0463666 0.996898 0.0639437 2.67267 -0.963246 0.0276517 0.267362 -39.1624
0.26675 -0.0741202 0.96097 180.205 0.0461069 0.9969 0.064095 2.72178 -0.962713 0.0272093 0.269331 -38.9841
0.270287 -0.0799893 0.959506 180.824 0.046935 0.996476 0.0698506 2.75538 -0.961684 0.0261537 0.273078 -38.8059
0.274582 -0.081044 0.958201 181.442 0.0476197 0.996387 0.07063 2.79388 -0.960435 0.0262349 0.27744 -38.6251
0.280053 -0.0819891 0.956532 182.054 0.0482984 0.99631 0.0712586 2.83695 -0.958818 0.026242 0.282968 -38.4391
0.288434 -0.0824815 0.954 182.678 0.0488382 0.996275 0.0713728 2.88584 -0.956305 0.0260047 0.291378 -38.2499
0.297922 -0.0830346 0.951028 183.295 0.0494819 0.996236 0.0714816 2.93016 -0.953357 0.0257617 0.300897 -38.0519
0.309044 -0.0834167 0.947442 183.913 0.0504273 0.996203 0.0712631 2.97237 -0.949762 0.0257529 0.312068 -37.8462
0.320476 -0.0782375 0.944077 184.52 0.0498746 0.996617 0.0656621 3.01692 -0.945994 0.0260414 0.323281 -37.627
0.331382 -0.0742185 0.940634 185.127 0.0475198 0.99697 0.0619247 3.0607 -0.942352 0.0241773 0.333895 -37.4052
0.343397 -0.0745505 0.936283 185.753 0.0479668 0.996958 0.0617899 3.10528 -0.938016 0.023691 0.345915 -37.1712
0.354634 -0.0758941 0.931982 186.381 0.0485589 0.996871 0.0627031 3.14354 -0.933798 0.0230187 0.357199 -36.9277
0.365405 -0.0769785 0.927718 186.997 0.049241 0.9968 0.0633167 3.18622 -0.929598 0.0225445 0.368011 -36.676
0.377288 -0.0779571 0.922872 187.625 0.0499923 0.996733 0.0637609 3.22248 -0.924801 0.0220796 0.379941 -36.4138
0.386365 -0.0789449 0.919019 188.245 0.0508442 0.99666 0.0642398 3.26921 -0.920997 0.0219058 0.389074 -36.1348
0.39427 -0.0803618 0.915538 188.888 0.0513882 0.99656 0.065346 3.30693 -0.917613 0.0212832 0.397031 -35.8544
0.398692 -0.0819283 0.913477 189.522 0.051232 0.996458 0.0670112 3.35101 -0.915707 0.0200815 0.401462 -35.5712
0.400886 -0.0819413 0.912521 190.153 0.0504419 0.996477 0.0673228 3.41266 -0.914794 0.0190399 0.403595 -35.2903
0.401421 -0.083474 0.912141 190.811 0.0509554 0.996353 0.0687568 3.45135 -0.91453 0.0188771 0.404195 -35.0044
0.400109 -0.0830585 0.912762 191.465 0.0516636 0.996368 0.0680222 3.50674 -0.915067 0.0199396 0.402934 -34.7116
0.399213 -0.0835425 0.913104 192.114 0.0512891 0.996337 0.0687351 3.56151 -0.915477 0.0193914 0.40202 -34.4268
0.398821 -0.0849369 0.913153 192.794 0.0514627 0.996229 0.0701902 3.60768 -0.915641 0.0189992 0.401676 -34.1306
0.397701 -0.0876585 0.913377 193.46 0.0511231 0.996018 0.0733308 3.66637 -0.916145 0.01753 0.400584 -33.8344
0.396702 -0.0904578 0.913547 194.144 0.0519201 0.995775 0.0760566 3.71264 -0.916536 0.0172589 0.39971 -33.5407
0.395752 -0.0922566 0.913771 194.816 0.0521881 0.995615 0.0779182 3.76046 -0.916928 0.0168507 0.398816 -33.2518
0.393805 -0.0929675 0.914549 195.488 0.0519039 0.995558 0.0788554 3.81151 -0.917787 0.0164142 0.396868 -32.9522
0.393607 -0.0927923 0.914642 196.158 0.0502467 0.995599 0.0793832 3.86205 -0.917959 0.014711 0.396522 -32.6523
0.391608 -0.0929177 0.915497 196.833 0.0498562 0.995593 0.0797237 3.91471 -0.91884 0.0144221 0.394502 -32.3545
0.390902 -0.0894313 0.916136 197.513 0.0495083 0.995893 0.0760934 3.9588 -0.919155 0.0156102 0.393709 -32.0661
0.390179 -0.0852961 0.916847 198.191 0.0483786 0.996247 0.0720974 4.00938 -0.919526 0.0162239 0.39283 -31.78
0.388846 -0.0852977 0.917404 198.871 0.0483933 0.996243 0.0721171 4.06336 -0.920086 0.0163526 0.391498 -31.4881
0.388662 -0.0870518 0.917327 199.558 0.0483844 0.996105 0.0740305 4.10732 -0.920168 0.0156106 0.391349 -31.1909
0.387253 -0.0903706 0.917593 200.245 0.0488531 0.99582 0.0774583 4.14971 -0.920734 0.0148303 0.390033 -30.8985
0.384298 -0.090804 0.918801 200.925 0.0471735 0.995806 0.0786865 4.19091 -0.922062 0.0131033 0.386958 -30.5971
0.380195 -0.0915275 0.920426 201.612 0.0457259 0.995757 0.0801316 4.23632 -0.923831 0.0116207 0.382752 -30.3077
0.372925 -0.0928025 0.923277 202.298 0.0448259 0.99565 0.0819741 4.28044 -0.926836 0.0108159 0.375451 -30.0287
0.364935 -0.0929482 0.92644 202.989 0.0439759 0.995637 0.0825687 4.33878 -0.930049 0.010608 0.367415 -29.7568
0.354664 -0.0937251 0.930352 203.676 0.0475637 0.995507 0.0821599 4.38222 -0.933841 0.0151109 0.357518 -29.4969
0.343317 -0.0938233 0.93458 204.364 0.0457698 0.99551 0.0831273 4.43989 -0.938159 0.0142357 0.346055 -29.2457
0.332548 -0.0938764 0.93847 205.052 0.0443035 0.995513 0.0838866 4.50495 -0.942102 0.0136803 0.335205 -28.9955
0.321172 -0.100707 0.94171 205.752 0.0448399 0.994855 0.0910985 4.56777 -0.946014 0.0129671 0.324021 -28.7617
0.311116 -0.109429 0.944118 206.45 0.0491712 0.993895 0.0989979 4.61177 -0.949156 0.0156226 0.314588 -28.5331
0.305112 -0.114275 0.945494 207.154 0.0479508 0.993382 0.10459 4.68267 -0.951163 0.0134248 0.308559 -28.31
0.299689 -0.113599 0.947316 207.855 0.044094 0.993497 0.105191 4.75648 -0.953075 0.0102456 0.30274 -28.0775
0.297792 -0.114716 0.947772 208.556 0.0444858 0.993366 0.106258 4.82343 -0.953649 0.010519 0.300906 -27.8586
0.29622 -0.11503 0.948235 209.261 0.0442141 0.993331 0.106692 4.89806 -0.954154 0.0103201 0.299321 -27.6309
0.294103 -0.115091 0.948878 209.97 0.0437009 0.993328 0.106938 4.97787 -0.954829 0.0100151 0.297158 -27.4026
0.294587 -0.114585 0.948798 210.676 0.042839 0.993394 0.106674 5.05569 -0.954722 0.00921992 0.297541 -27.1698
0.294791 -0.115496 0.948616 211.395 0.0428165 0.993292 0.107631 5.12336 -0.954658 0.00888721 0.297746 -26.9396
0.295874 -0.116189 0.948203 212.107 0.0428575 0.993213 0.108335 5.19884 -0.954323 0.0085833 0.298836 -26.7104
0.297761 -0.116801 0.947528 212.837 0.0430418 0.993144 0.108899 5.27529 -0.953725 0.00835679 0.300734 -26.4792
0.299037 -0.117467 0.947052 213.56 0.0438146 0.993061 0.109343 5.34586 -0.953294 0.00879641 0.302099 -26.2494
0.302614 -0.118225 0.945813 214.29 0.0449663 0.992966 0.109733 5.42438 -0.952108 0.00932231 0.305788 -26.0141
0.306925 -0.11885 0.944353 215.02 0.0422985 0.992918 0.111219 5.49602 -0.950853 0.005808 0.309769 -25.7666
0.311201 -0.121542 0.942601 215.751 0.0422068 0.992601 0.114055 5.58469 -0.949463 0.00428953 0.314015 -25.5098
0.316882 -0.127541 0.93992 216.489 0.0434633 0.991853 0.119939 5.66902 -0.947528 0.00284493 0.319834 -25.2583
0.321454 -0.127066 0.938423 217.224 0.0403272 0.991918 0.120497 5.74783 -0.946123 -0.000890527 0.323967 -24.9999
0.325182 -0.125741 0.937326 217.942 0.0385833 0.992083 0.119705 5.8276 -0.944925 -0.00276111 0.327449 -24.736
0.330739 -0.119413 0.936199 218.68 0.0321663 0.992837 0.115275 5.9064 -0.943231 -0.00801181 0.332197 -24.4609
0.334808 -0.11661 0.935115 219.404 0.0294854 0.993147 0.113294 5.99383 -0.941886 -0.0103595 0.335942 -24.1864
0.339632 -0.117729 0.933224 220.141 0.0305958 0.993018 0.114138 6.07383 -0.940118 -0.0102123 0.340848 -23.9117
0.34362 -0.117156 0.931845 220.875 0.0298348 0.993073 0.113856 6.15505 -0.938697 -0.0113217 0.344725 -23.6334
0.346818 -0.116539 0.930728 221.607 0.0296093 0.993142 0.113321 6.22978 -0.937523 -0.0117438 0.347875 -23.3493
0.35189 -0.116647 0.928818 222.338 0.0301092 0.993126 0.113321 6.31279 -0.93562 -0.0119102 0.352972 -23.0695
0.356151 -0.117717 0.927048 223.072 0.0306726 0.992996 0.114309 6.39376 -0.933984 -0.0122762 0.357253 -22.779
0.360102 -0.118656 0.92541 223.803 0.0328382 0.9929 0.114536 6.46741 -0.932398 -0.0108557 0.36143 -22.495
0.364492 -0.11936 0.923589 224.531 0.0352275 0.992834 0.114408 6.54324 -0.9306 -0.00916505 0.366069 -22.2053
0.368442 -0.119657 0.921992 225.253 0.0349808 0.992789 0.114871 6.62567 -0.929056 -0.010071 0.369959 -21.9135
0.373017 -0.119529 0.920157 225.985 0.0345611 0.992794 0.114956 6.72091 -0.927241 -0.0110787 0.374444 -21.6065
0.378079 -0.119416 0.918114 226.717 0.0327494 0.992775 0.115646 6.80984 -0.925258 -0.0136551 0.379246 -21.292
0.381848 -0.11779 0.916754 227.438 0.0351607 0.993004 0.112944 6.88866 -0.923617 -0.0108936 0.383302 -20.991
0.386421 -0.113137 0.915432 228.165 0.0362839 0.99357 0.107482 6.9684 -0.921673 -0.00831772 0.388029 -20.6862
0.389968 -0.108982 0.914424 228.881 0.0366344 0.994048 0.102851 7.04645 -0.920161 -0.00660915 0.391622 -20.3644
0.392659 -0.109284 0.913244 229.587 0.0362437 0.994007 0.10337 7.13252 -0.919035 -0.00748991 0.394255 -20.0407
0.396731 -0.116817 0.91054 230.31 0.0367875 0.993122 0.111385 7.20674 -0.91726 -0.0106932 0.398283 -19.7304
0.398588 -0.12943 0.908028 231.043 0.0395216 0.991522 0.123988 7.26925 -0.916344 -0.0135329 0.400311 -19.4093
0.398923 -0.137012 0.90676 231.777 0.0411627 0.99048 0.131555 7.35899 -0.916123 -0.0151554 0.400748 -19.0824
0.401706 -0.138701 0.905281 232.5 0.0424722 0.990248 0.132878 7.44334 -0.91485 -0.0149281 0.403666 -18.757
0.403524 -0.134936 0.905034 233.221 0.0415336 0.990774 0.129203 7.53646 -0.91409 -0.014547 0.405388 -18.4326
0.408293 -0.130475 0.903555 233.933 0.0426682 0.991405 0.123885 7.6265 -0.91192 -0.012028 0.410337 -18.1062
0.412455 -0.12663 0.902204 234.647 0.0437178 0.991929 0.119239 7.71076 -0.909993 -0.00973851 0.414644 -17.7732
0.415747 -0.126098 0.900773 235.346 0.0445728 0.992001 0.118301 7.79968 -0.908455 -0.00903328 0.418029 -17.4442
0.420237 -0.125918 0.898707 236.075 0.0449988 0.992025 0.117953 7.89099 -0.906364 -0.00912764 0.422534 -17.1003
0.423702 -0.12768 0.896836 236.793 0.0468068 0.991805 0.119092 7.97017 -0.904659 -0.00848136 0.426192 -16.7551
0.426012 -0.130967 0.89526 237.502 0.0500028 0.991389 0.121238 8.05138 -0.9034 -0.00688313 0.428874 -16.4087
0.429057 -0.1375 0.892829 238.232 0.0517762 0.990491 0.127663 8.13943 -0.901861 -0.00854731 0.432082 -16.0596
0.430457 -0.145403 0.890896 238.944 0.0573879 0.989378 0.13375 8.2306 -0.900852 -0.00644702 0.434211 -15.7132
0.432746 -0.151663 0.888746 239.674 0.0590268 0.988426 0.139937 8.32438 -0.899651 -0.00809705 0.436674 -15.3555
0.434013 -0.159342 0.886777 240.394 0.0630234 0.98722 0.146547 8.42489 -0.898767 -0.00771592 0.438491 -15.0062
0.435264 -0.160195 0.886015 241.102 0.0620925 0.987068 0.147967 8.51854 -0.898229 -0.00938937 0.439566 -14.6492
0.438592 -0.14868 0.886377 241.802 0.0547111 0.988835 0.138797 8.62185 -0.897088 -0.0123804 0.441811 -14.2867
0.439782 -0.13622 0.887793 242.503 0.0533307 0.990675 0.125593 8.71578 -0.89659 -0.00788631 0.44293 -13.9309
0.439875 -0.131313 0.888482 243.213 0.0542577 0.991358 0.119658 8.82172 -0.896487 -0.00442781 0.44318 -13.569
0.440091 -0.132426 0.888214 243.937 0.054355 0.991208 0.120855 8.92008 -0.896377 -0.00490818 0.443404 -13.2082
0.439774 -0.137362 0.887617 244.657 0.053252 0.990511 0.126904 9.01553 -0.896597 -0.00854176 0.442897 -12.8374
0.44131 -0.14024 0.886408 245.382 0.0550633 0.990112 0.129237 9.09646 -0.895734 -0.00822496 0.444653 -12.4736
0.442538 -0.141323 0.88562 246.103 0.0554983 0.989955 0.130243 9.1897 -0.8951 -0.00848726 0.445918 -12.1136
0.443154 -0.14223 0.885171 246.82 0.0562794 0.989828 0.130876 9.28756 -0.894748 -0.008181 0.446635 -11.7535
0.445313 -0.145666 0.883523 247.551 0.0573466 0.98932 0.134207 9.39023 -0.893607 -0.00909753 0.448892 -11.3859
0.446476 -0.147029 0.882715 248.274 0.0573611 0.989111 0.135742 9.49963 -0.893026 -0.00997186 0.450032 -11.0135
0.446905 -0.14677 0.882537 248.988 0.0568983 0.989144 0.135689 9.60513 -0.892841 -0.0104259 0.450386 -10.6348
0.448637 -0.14677 0.881662 249.7 0.0577329 0.989151 0.135291 9.71332 -0.891919 -0.00979537 0.452227 -10.2772
0.449486 -0.146996 0.881187 250.414 0.058072 0.989118 0.135381 9.82034 -0.891468 -0.0096802 0.453113 -9.90302
0.451598 -0.148723 0.879821 251.14 0.0593794 0.988862 0.136682 9.92363 -0.890315 -0.0094816 0.455384 -9.52766
