1 0 0 0 0 1 0 0 0 0 1 0
1 0.000287139 0.00166873 -0.00372745 -0.000287728 1 0.000287372 -0.0204581 -0.0016687 -0.000287951 1 1.19008
0.999996 0.000380657 0.00308212 -0.00290229 -0.000383898 0.999999 0.00104524 -0.0307601 -0.00308173 -0.0010464 0.999995 2.38735
0.999993 0.000154879 0.00415216 -0.0010078 -0.000162809 0.999998 0.00187112 -0.0382396 -0.0041519 -0.00187187 0.999991 3.58619
0.999988 -7.32875e-05 0.00498663 -0.000103238 6.06912e-05 0.999997 0.0025225 -0.0486212 -0.00498677 -0.00252217 0.999985 4.78495
0.999983 -0.000225888 0.00610959 0.00428531 0.000206423 0.999995 0.00316208 -0.0482849 -0.00611028 -0.00316089 0.999978 5.98082
0.999977 -0.000228041 0.00684004 0.00765461 0.000205534 0.999995 0.0032922 -0.0544277 -0.00684073 -0.00329073 0.999972 7.17856
0.999973 -6.1398e-05 0.00763349 0.0114945 3.1737e-05 0.999993 0.0038633 -0.0558739 -0.00763369 -0.0038631 0.999965 8.3749
0.99997 2.43404e-05 0.0078148 0.0163432 -6.24146e-05 0.999989 0.00486706 -0.0558526 -0.00781459 -0.00486737 0.999959 9.5739
0.999981 0.000111469 0.00667752 0.0202814 -0.000150975 0.999983 0.00589421 -0.0492397 -0.00667679 -0.00589529 0.999962 10.775
0.999991 2.94053e-05 0.00446877 0.0219604 -5.78834e-05 0.99998 0.00636881 -0.0463379 -0.00446848 -0.00636893 0.999971 11.97
1 0.000154294 0.0024962 0.0219907 -0.000171146 0.999978 0.00671708 -0.0454856 -0.00249518 -0.00671769 0.999976 13.1572
1 0.000204845 0.00120877 0.0171951 -0.000213737 0.999973 0.00736634 -0.0410845 -0.00120723 -0.00736654 0.999975 14.3434
1 0.000871793 -0.000139327 0.0158747 -0.000870711 0.999969 0.00793256 -0.0425473 0.000146209 -0.00793262 0.999971 15.5288
1 0.00077166 0.000304869 0.00926761 -0.000774253 0.999963 0.00859853 -0.0447719 -0.000298244 -0.00859876 0.999966 16.7301
1 0.000118577 0.000391484 0.00440521 -0.00012223 0.999959 0.00920227 -0.0555239 -0.000390387 -0.00920249 0.99996 17.9484
1 0.000428011 -0.000879813 0.0037891 -0.000418976 0.999949 0.0101937 -0.0565159 0.000884094 -0.0101933 0.999951 19.1373
1 0.000752886 -0.000630172 -0.00376541 -0.000746187 0.999944 0.0106799 -0.0509838 0.000638058 -0.0106797 0.999946 20.3367
1 0.000636012 -0.00192884 -0.00667868 -0.000614558 0.99994 0.0110718 -0.0443908 0.00193584 -0.0110706 0.99994 21.5196
1 0.000837865 -0.00274265 -0.0126971 -0.000805605 0.999931 0.0117786 -0.0426328 0.00275223 -0.0117765 0.99993 22.7178
0.999999 0.000994744 -0.00249571 -0.0233568 -0.000963824 0.999924 0.0123405 -0.0369674 0.00250785 -0.0123381 0.999924 23.9198
0.999995 0.00147215 -0.00431796 -0.0298908 -0.0014173 0.999919 0.0126965 -0.0355918 0.00433629 -0.0126904 0.999914 25.1063
0.999991 0.00184169 -0.00435461 -0.0444214 -0.001781 0.999903 0.0138808 -0.0265035 0.00437981 -0.0138729 0.999898 26.3051
0.999987 0.00116987 -0.00616988 -0.0504723 -0.00107871 0.999891 0.0147768 -0.00963742 0.00618654 -0.01477 0.999876 27.4931
0.999977 0.000466628 -0.00713496 -0.053472 -0.0003576 0.999885 0.0152633 -0.00566956 0.00714134 -0.0152604 0.999862 28.6834
0.999984 0.000315397 -0.00675361 -0.0609088 -0.000209828 0.999878 0.0156466 0.00354341 0.00675785 -0.0156451 0.999859 29.8847
0.999968 -3.77544e-05 -0.00841791 -0.0698359 0.00017294 0.999873 0.0160363 0.0138684 0.0084163 -0.0160372 0.99984 31.0728
0.999975 0.000177418 -0.00797528 -0.0846551 -4.66946e-05 0.999866 0.0164106 0.020089 0.00797726 -0.0164099 0.999838 32.2736
0.999958 1.68679e-05 -0.00953326 -0.0974511 0.000145123 0.999857 0.0169707 0.0259374 0.00953227 -0.0169714 0.999815 33.4687
0.999956 0.000179396 -0.0101699 -0.112984 -5.68903e-08 0.999846 0.0176531 0.0324522 0.0101716 -0.0176524 0.999797 34.6669
0.999956 0.000265689 -0.00972644 -0.132908 -8.5179e-05 0.99983 0.0185292 0.0338094 0.00972982 -0.0185276 0.999785 35.8642
0.999946 0.000385501 -0.0110696 -0.149118 -0.000176588 0.999823 0.0188986 0.0488889 0.0110751 -0.0188957 0.999765 37.0613
0.999947 0.000501863 -0.010706 -0.166584 -0.000290842 0.999807 0.0196868 0.0528844 0.0107139 -0.0196827 0.999754 38.2573
0.999942 0.00125855 -0.0114395 -0.182425 -0.00102013 0.999784 0.0208583 0.0704278 0.0114633 -0.0208455 0.999722 39.457
0.999941 0.00182342 -0.0111274 -0.204335 -0.00157933 0.999761 0.0218919 0.0853479 0.0111648 -0.0218731 0.999703 40.6558
0.999951 0.00224782 -0.0104657 -0.227552 -0.0020161 0.999754 0.0221421 0.115474 0.010513 -0.02212 0.999706 41.8545
0.99994 0.00267141 -0.0110777 -0.238948 -0.00241657 0.999736 0.0229364 0.131684 0.0111363 -0.0229083 0.999681 43.04
0.999954 0.00357653 -0.00982944 -0.26095 -0.00333559 0.999696 0.0244731 0.148699 0.00991402 -0.0244393 0.999659 44.2458
0.999955 0.0036811 -0.00925554 -0.272612 -0.00343299 0.99964 0.0266574 0.159999 0.00935052 -0.0266245 0.999607 45.4434
0.999973 0.00416912 -0.00755769 -0.288629 -0.00395268 0.999587 0.0285041 0.179266 0.00767338 -0.0284734 0.999572 46.6444
0.99998 0.00475959 -0.00508324 -0.306258 -0.00460137 0.999521 0.0306544 0.203649 0.00522687 -0.0306304 0.999522 47.8524
0.999989 0.00463975 -0.00446292 -0.31366 -0.00449575 0.999483 0.0318653 0.227084 0.00460844 -0.0318449 0.999489 49.0526
0.999991 0.0044394 -0.00288589 -0.319311 -0.00434408 0.999474 0.0321849 0.254015 0.00302738 -0.032172 0.999483 50.253
1 0.00448584 -0.000816268 -0.331016 -0.00445717 0.999451 0.0328466 0.292659 0.000963167 -0.032843 0.999467 51.4543
0.999993 0.00474591 -0.000857883 -0.331792 -0.00471542 0.999463 0.0324547 0.337734 0.00101166 -0.0324504 0.999478 52.6543
0.999999 0.00498148 0.000286315 -0.338666 -0.00498866 0.999457 0.0326083 0.373847 -0.000123729 -0.0326097 0.999476 53.858
0.999992 0.00501229 -0.00143031 -0.339509 -0.00496281 0.999456 0.0326445 0.414834 0.00159345 -0.0326371 0.999472 55.0579
0.999994 0.00501728 -0.00319201 -0.345708 -0.00491041 0.999451 0.0328036 0.4552 0.00335483 -0.0327877 0.999465 56.2551
0.999991 0.00460303 -0.00316287 -0.354873 -0.00449401 0.999427 0.0335948 0.48878 0.00331601 -0.0335802 0.999437 57.4584
0.999991 0.00431891 -0.00503302 -0.362493 -0.00414646 0.999418 0.0338776 0.522868 0.00517636 -0.0338564 0.999422 58.6629
0.999987 0.00429765 -0.00454771 -0.374267 -0.00414011 0.999412 0.03407 0.557985 0.00469189 -0.0340506 0.999415 59.864
0.999984 0.00438785 -0.00628318 -0.384383 -0.00417021 0.999403 0.0343168 0.587308 0.00642997 -0.0342899 0.999399 61.0701
0.999976 0.00425208 -0.00654985 -0.395658 -0.00402114 0.999386 0.0348573 0.614729 0.00669447 -0.03483 0.999377 62.2745
0.999989 0.00384894 -0.00583951 -0.409408 -0.00364039 0.999368 0.035388 0.644812 0.00597198 -0.0353662 0.999365 63.4757
0.999975 0.00369845 -0.00715822 -0.41743 -0.00343887 0.99935 0.0359289 0.679189 0.00728684 -0.0359032 0.999336 64.6787
0.999987 0.00348992 -0.00643172 -0.432813 -0.00325236 0.999323 0.0366588 0.719366 0.00655519 -0.0366372 0.999316 65.8673
0.999973 0.00363918 -0.00746631 -0.443326 -0.00336303 0.999323 0.0366649 0.760012 0.00759506 -0.0366386 0.999307 67.0668
0.999978 0.00417254 -0.0074355 -0.461695 -0.00389478 0.999306 0.0370513 0.801274 0.00758487 -0.0370213 0.999295 68.2591
0.999975 0.00470706 -0.00651723 -0.483702 -0.00446168 0.9993 0.0371632 0.849053 0.00668805 -0.0371332 0.999296 69.439
0.999976 0.00481202 -0.00750113 -0.497398 -0.00452572 0.999276 0.0377939 0.887129 0.00767751 -0.0377588 0.999268 70.6344
0.999978 0.00508691 -0.0058874 -0.518207 -0.00485681 0.999249 0.0384581 0.925807 0.00607904 -0.0384286 0.999251 71.81
0.999984 0.00504691 -0.00613633 -0.529605 -0.00480287 0.999218 0.0392434 0.962022 0.00632958 -0.0392131 0.999221 73.0018
0.999986 0.00533115 -0.00413216 -0.543828 -0.00516214 0.999192 0.0398845 1.0031 0.00434186 -0.0398625 0.999205 74.1844
1 0.00527298 -0.000309837 -0.551281 -0.00525703 0.999193 0.0398355 1.04398 0.000519602 -0.0398337 0.999217 75.3599
0.999996 0.00495049 0.00144217 -0.54884 -0.00500536 0.999151 0.0408994 1.07526 -0.00123806 -0.0409064 0.999172 76.5426
0.999987 0.00543259 0.00548516 -0.549563 -0.00565218 0.999155 0.0407346 1.13376 -0.00525928 -0.0407648 0.999166 77.7026
0.999971 0.00542385 0.00683498 -0.544046 -0.00572211 0.998999 0.0443901 1.17182 -0.00658691 -0.0444278 0.999001 78.8828
0.999949 0.00532179 0.0103374 -0.539173 -0.00578774 0.998947 0.0455183 1.2199 -0.0100843 -0.0455755 0.998921 80.0516
0.999864 0.00554805 0.0161314 -0.529607 -0.00629171 0.998904 0.0464143 1.27299 -0.0158556 -0.0465094 0.998802 81.2079
0.99984 0.00545442 0.0180421 -0.516337 -0.00632445 0.998805 0.0484857 1.32828 -0.0177562 -0.0485916 0.998673 82.3689
0.999725 0.00545945 0.0232649 -0.495241 -0.00661797 0.998728 0.0500098 1.38622 -0.0229615 -0.0501498 0.998488 83.519
0.99965 0.00585298 0.0264483 -0.462612 -0.00720183 0.998665 0.0511697 1.42707 -0.0261136 -0.0513419 0.998351 84.6433
0.999546 0.00505689 0.0300559 -0.428449 -0.00666766 0.998535 0.0537308 1.49101 -0.0297394 -0.0539066 0.998114 85.8015
0.999371 -0.0036316 0.035804 -0.384558 0.00127736 0.99785 0.0655393 1.69086 -0.0359653 -0.0654518 0.99722 86.9543
0.99911 -0.0157114 0.0394089 -0.34145 0.0129451 0.997501 0.0694802 1.90802 -0.0404012 -0.0689081 0.996816 88.0602
0.998936 -0.0163197 0.0435489 -0.298587 0.0132462 0.997465 0.0699322 2.00712 -0.04458 -0.0692803 0.996613 89.2093
0.998825 -0.0165836 0.0457762 -0.247688 0.0133172 0.997407 0.0707489 2.09229 -0.0468298 -0.070056 0.996455 90.3504
0.998685 -0.0170242 0.0487456 -0.193498 0.0134724 0.997296 0.0722674 2.15955 -0.0498442 -0.071515 0.996206 91.5015
0.998483 -0.0168465 0.0526257 -0.137391 0.0129464 0.997207 0.0735843 2.2387 -0.0537173 -0.0727913 0.995912 92.6577
0.998406 -0.0165555 0.0543215 -0.0747722 0.0124183 0.997061 0.0756164 2.32026 -0.0554138 -0.0748205 0.995669 93.8081
0.99818 -0.0165837 0.0581815 -0.0106665 0.0121027 0.996996 0.0765338 2.40419 -0.0592748 -0.0756902 0.995381 94.9485
0.998128 -0.0164517 0.0592385 0.0545831 0.0118771 0.996981 0.0767489 2.49621 -0.0603223 -0.0759009 0.995302 96.0963
0.997967 -0.0163537 0.0617938 0.124698 0.0115985 0.997001 0.0765353 2.58562 -0.062859 -0.0756627 0.995163 97.2435
0.997738 -0.0163149 0.0655051 0.198881 0.0112359 0.996957 0.0771547 2.6652 -0.0665646 -0.0762435 0.994878 98.3964
0.997689 -0.0164053 0.0661248 0.269524 0.0112483 0.996922 0.0776142 2.74603 -0.0671933 -0.0766908 0.994801 99.5641
0.99758 -0.0164129 0.0678494 0.344803 0.0110914 0.996888 0.0780632 2.83166 -0.0689195 -0.077121 0.99465 100.73
0.997693 -0.0164778 0.0660333 0.417366 0.0112371 0.996817 0.0789598 2.91999 -0.067123 -0.0780354 0.994701 101.904
0.997778 -0.0165949 0.0648295 0.490166 0.0113939 0.996749 0.0797721 3.00127 -0.0659426 -0.0788554 0.994716 103.084
0.997836 -0.0164028 0.0638728 0.569362 0.0112263 0.996688 0.0805706 3.07955 -0.0649816 -0.0796789 0.994713 104.269
0.998047 -0.0164517 0.0605827 0.638188 0.0115215 0.996662 0.0808318 3.16947 -0.0617102 -0.0799752 0.994899 105.465
0.998159 -0.0165283 0.0585609 0.702707 0.0117428 0.996635 0.081133 3.26192 -0.0597038 -0.0802957 0.994994 106.652
0.998395 -0.0165103 0.054522 0.762792 0.0120355 0.996611 0.0813875 3.35557 -0.0556809 -0.0806 0.995204 107.851
0.998598 -0.0167141 0.0504753 0.818993 0.0125426 0.996567 0.0818515 3.44076 -0.051669 -0.0811033 0.995379 109.056
0.998752 -0.0169524 0.0473951 0.872303 0.012994 0.996499 0.082594 3.53718 -0.0486293 -0.0818742 0.99547 110.259
0.998983 -0.0172356 0.0419769 0.920514 0.0136896 0.996429 0.0833352 3.6288 -0.0432623 -0.0826753 0.995651 111.473
0.999134 -0.0173466 0.0383742 0.966019 0.0140962 0.996419 0.083384 3.72408 -0.0396832 -0.0827701 0.995792 112.675
0.99933 -0.0173339 0.0326535 1.0013 0.0145567 0.996408 0.0834365 3.8219 -0.0339815 -0.0829047 0.995992 113.898
0.999487 -0.0172232 0.0277481 1.03262 0.0148581 0.996418 0.0832618 3.91851 -0.0290827 -0.082806 0.996155 115.117
0.999593 -0.0171112 0.0234185 1.05551 0.0151042 0.996408 0.0833337 4.0032 -0.0247595 -0.0829455 0.99626 116.331
0.999714 -0.0168437 0.0181689 1.07665 0.0152749 0.996414 0.0832288 4.09429 -0.0195055 -0.0829267 0.996379 117.565
0.999755 -0.0165249 0.0155956 1.08898 0.0151732 0.996426 0.083112 4.18977 -0.0169125 -0.0828545 0.996433 118.774
0.999804 -0.0162353 0.0129938 1.09595 0.0151003 0.99643 0.0830702 4.28784 -0.0142959 -0.082857 0.996473 120.019
0.999814 -0.0160606 0.0119235 1.10464 0.0150135 0.99642 0.0832122 4.37497 -0.0132165 -0.0830171 0.996475 121.258
0.999834 -0.0156494 0.011399 1.10531 0.014647 0.996427 0.0831976 4.46896 -0.01266 -0.083016 0.996483 122.478
0.999846 -0.0153711 0.0100109 1.10944 0.0144803 0.996391 0.0836503 4.5629 -0.0112599 -0.0834917 0.99646 123.728
0.999857 -0.0153529 0.00966839 1.12028 0.014482 0.996328 0.0844041 4.6488 -0.0109285 -0.0842512 0.9964 124.951
0.999876 -0.0146459 0.00802556 1.12497 0.0139153 0.996324 0.0845423 4.75205 -0.00923368 -0.0844192 0.996403 126.203
0.999887 -0.0146435 0.00737705 1.12701 0.0139604 0.996257 0.0853168 4.85073 -0.00859864 -0.0852033 0.996342 127.455
0.999882 -0.0145508 0.00746457 1.12702 0.0138587 0.996234 0.0856002 4.94763 -0.00868143 -0.0854856 0.996317 128.69
0.999896 -0.0146118 0.00612881 1.12732 0.0140291 0.996186 0.0861374 5.04341 -0.00736381 -0.0860416 0.99628 129.952
0.999881 -0.0152976 0.00599216 1.12853 0.0147221 0.996144 0.0864954 5.15274 -0.00729166 -0.0863958 0.99625 131.182
0.999896 -0.015201 0.00461715 1.13597 0.0147435 0.996138 0.0865731 5.26063 -0.00591512 -0.0864951 0.996251 132.454
0.99989 -0.0152817 0.00419827 1.13734 0.014858 0.996091 0.0870804 5.36259 -0.005512 -0.0870073 0.996208 133.708
0.999899 -0.0150922 0.00432652 1.13813 0.0146554 0.996064 0.0874384 5.46766 -0.0056289 -0.0873652 0.996176 134.942
0.999898 -0.0150004 0.00338178 1.15062 0.0146451 0.996024 0.0878844 5.56976 -0.00468619 -0.0878248 0.996141 136.211
0.999903 -0.0147902 0.00462155 1.14566 0.0143255 0.99602 0.0879931 5.67785 -0.00590437 -0.0879172 0.996126 137.467
0.999899 -0.0147024 0.00443696 1.15465 0.0142544 0.996014 0.0880582 5.78833 -0.00571342 -0.0879849 0.996122 138.741
0.999905 -0.0145495 0.00481463 1.15623 0.0140673 0.996 0.0882485 5.89609 -0.00607912 -0.0881713 0.996103 140.012
0.999894 -0.0143302 0.00653341 1.15351 0.01369 0.995917 0.0892413 6.00114 -0.00778509 -0.089141 0.996006 141.286
0.999904 -0.0140831 0.00625425 1.15605 0.013466 0.995892 0.0895497 6.1149 -0.00748946 -0.0894558 0.995979 142.555
0.999897 -0.0140065 0.0068084 1.16019 0.0133375 0.99586 0.0899279 6.21491 -0.00803928 -0.0898266 0.995942 143.823
0.999889 -0.0138488 0.00876942 1.15868 0.013007 0.995893 0.089609 6.32756 -0.00997401 -0.0894838 0.995955 145.087
0.999892 -0.0136828 0.00816788 1.17069 0.0128993 0.995926 0.0892625 6.43933 -0.0093555 -0.0891462 0.995992 146.36
0.999881 -0.0134981 0.0101129 1.17727 0.01254 0.995919 0.0893864 6.54185 -0.0112778 -0.0892478 0.995962 147.615
0.999886 -0.0134606 0.00921361 1.18581 0.012588 0.995959 0.0889379 6.65513 -0.0103731 -0.0888104 0.996013 148.876
0.999889 -0.0135364 0.0092145 1.19532 0.0126633 0.99596 0.0889135 6.75674 -0.0103806 -0.0887858 0.996013 150.138
0.999871 -0.0136693 0.0104753 1.19644 0.0126769 0.995904 0.089542 6.86333 -0.0116559 -0.0893961 0.995947 151.395
0.999891 -0.0134683 0.00917785 1.20934 0.0125899 0.995886 0.0897481 6.97956 -0.0103486 -0.0896216 0.995939 152.661
0.999878 -0.0134043 0.010226 1.21195 0.0124214 0.995798 0.0907464 7.08779 -0.011399 -0.0906067 0.995841 153.923
0.999894 -0.0133202 0.009029 1.21825 0.0124426 0.995772 0.0910308 7.19865 -0.0102032 -0.0909076 0.995824 155.185
0.999898 -0.0131765 0.00835385 1.22397 0.012359 0.995748 0.0913016 7.30691 -0.00952083 -0.0911875 0.995807 156.444
0.999902 -0.0129036 0.00878836 1.2247 0.0120464 0.995746 0.0913565 7.41913 -0.00992963 -0.0912405 0.995796 157.697
0.999912 -0.0128163 0.00719967 1.2334 0.012102 0.99571 0.0917488 7.5292 -0.00834412 -0.091652 0.995775 158.96
0.999918 -0.01246 0.00770936 1.23379 0.0116949 0.995665 0.0922838 7.64174 -0.00882565 -0.0921847 0.995721 160.213
0.999927 -0.0122438 0.00610676 1.23851 0.011627 0.995652 0.0924401 7.75175 -0.00721147 -0.0923607 0.995718 161.469
0.999939 -0.0120168 0.00556681 1.24029 0.0114475 0.995617 0.0928306 7.86152 -0.0066578 -0.0927597 0.995684 162.72
0.999931 -0.0120537 0.00576905 1.23947 0.0114649 0.995598 0.0930342 7.97241 -0.00686455 -0.0929599 0.995665 163.989
0.999945 -0.0122076 0.00367978 1.24246 0.0118106 0.995577 0.0932198 8.07466 -0.0048014 -0.0931697 0.995657 165.243
0.999937 -0.0122463 0.00414117 1.23643 0.011806 0.995558 0.093421 8.18859 -0.00526632 -0.0933644 0.995637 166.5
0.999949 -0.012147 0.00269893 1.23805 0.0118396 0.995527 0.0937502 8.30174 -0.00382556 -0.093712 0.995611 167.758
0.999946 -0.0120998 0.00184049 1.23673 0.0118712 0.995441 0.0946579 8.41325 -0.00297693 -0.0946291 0.995528 169.018
0.999952 -0.0120346 0.00202996 1.23126 0.0117855 0.995384 0.0952568 8.522 -0.00316696 -0.0952267 0.99547 170.276
0.999952 -0.0117577 0.000143077 1.23079 0.0116897 0.995328 0.0958548 8.63356 -0.00126894 -0.0958466 0.995415 171.537
0.999959 -0.011586 0.000661467 1.22208 0.0114666 0.995247 0.0967159 8.74393 -0.0017788 -0.0967027 0.995331 172.793
0.999956 -0.01141 -0.000780769 1.21909 0.0114317 0.995212 0.0970857 8.86081 -0.000330283 -0.0970884 0.995296 174.053
0.999964 -0.0112123 -0.00147787 1.21213 0.0113019 0.995176 0.097471 8.98288 0.000377941 -0.0974824 0.995257 175.311
0.999959 -0.0111628 -0.000900355 1.20154 0.0111973 0.995132 0.0979353 9.09912 -0.000196856 -0.0979393 0.995213 176.57
0.999963 -0.01115 -0.00234336 1.19717 0.0113251 0.995104 0.0981999 9.21614 0.00123693 -0.098221 0.995184 177.824
0.999961 -0.0110753 -0.000869883 1.19098 0.011107 0.995065 0.0986248 9.33135 -0.000226301 -0.0986284 0.995145 179.082
0.999963 -0.0111491 -0.00206433 1.19398 0.0112981 0.994977 0.0994774 9.44602 0.000944766 -0.0994954 0.995058 180.335
0.999962 -0.0106575 -0.00246846 1.18875 0.0108541 0.994696 0.1023 9.56688 0.00136558 -0.102321 0.994771 181.593
0.999967 -0.0108187 -0.0018335 1.1829 0.0109496 0.994514 0.104049 9.69059 0.000697592 -0.104064 0.994591 182.859
0.999964 -0.010384 -0.00296968 1.17553 0.0106379 0.994448 0.104706 9.81631 0.0018663 -0.104732 0.99452 184.107
0.999975 -0.0100772 -0.00152234 1.16469 0.0101802 0.99444 0.104829 9.95261 0.000457227 -0.10484 0.99451 185.355
0.999969 -0.00999857 -0.00278921 1.15444 0.0102363 0.994407 0.105141 10.0747 0.00172268 -0.105164 0.994474 186.591
0.999973 -0.0100496 -0.00299269 1.14486 0.0103087 0.994336 0.105797 10.1963 0.00191224 -0.105823 0.994404 187.832
0.999973 -0.00992021 -0.00167609 1.13412 0.0100424 0.994219 0.106914 10.324 0.000606165 -0.106926 0.994288 189.074
0.999976 -0.00982877 -0.00254077 1.12616 0.0100442 0.994128 0.107769 10.4528 0.00146628 -0.10779 0.994195 190.302
0.999973 -0.0100354 -0.000858648 1.12229 0.0100691 0.99403 0.108664 10.5859 -0.000236568 -0.108667 0.994099 191.535
0.99998 -0.00984289 -2.47878e-05 1.11692 0.00978625 0.994043 0.108567 10.7111 -0.00104425 -0.108563 0.994112 192.739
0.999976 -0.00967039 0.00132858 1.11892 0.00946839 0.994028 0.108726 10.8254 -0.00237173 -0.108709 0.994092 193.965
0.999983 -0.00909467 0.0030418 1.11623 0.00870684 0.993979 0.109241 10.9507 -0.00401732 -0.10921 0.994034 195.197
0.999978 -0.00872012 0.00404945 1.11452 0.00822004 0.993864 0.110318 11.0649 -0.0049862 -0.110279 0.99391 196.401
0.999976 -0.0083154 0.00622988 1.11142 0.00757115 0.993786 0.111061 11.1952 -0.00711501 -0.111008 0.993817 197.615
0.999969 -0.00828044 0.0065625 1.1167 0.00749147 0.993653 0.112258 11.3209 -0.00744994 -0.112202 0.99368 198.818
0.999972 -0.0076073 0.00774161 1.1214 0.00668354 0.993582 0.112925 11.443 -0.00855129 -0.112868 0.993597 200.02
0.99995 -0.00736258 0.00980251 1.12755 0.00620275 0.993521 0.113493 11.5666 -0.0105742 -0.113423 0.993513 201.21
0.999957 -0.00683585 0.00996975 1.13624 0.00565307 0.993456 0.114083 11.6917 -0.0106847 -0.114019 0.993445 202.398
0.999933 -0.00666326 0.0118381 1.144 0.005262 0.993389 0.114686 11.8218 -0.0125236 -0.114613 0.993353 203.581
0.999939 -0.00655875 0.0118012 1.1525 0.0051583 0.993362 0.114924 11.9534 -0.0124768 -0.114853 0.993328 204.749
0.999927 -0.00661552 0.0124319 1.16082 0.00513616 0.993299 0.115469 12.0866 -0.0131121 -0.115394 0.993256 205.908
0.999914 -0.0065992 0.0138 1.17231 0.00494928 0.993207 0.11627 12.2118 -0.0144738 -0.116189 0.993146 207.054
0.999921 -0.00645306 0.0130681 1.18959 0.00488127 0.993132 0.11692 12.342 -0.0137325 -0.116844 0.993079 208.188
0.999917 -0.00636288 0.0137651 1.19544 0.00469079 0.992981 0.118192 12.465 -0.0144208 -0.118115 0.992919 209.307
0.999934 -0.00616055 0.0122293 1.20819 0.00466712 0.992935 0.118587 12.5924 -0.0128732 -0.118518 0.992892 210.408
0.999947 -0.00598201 0.0115861 1.21676 0.00455785 0.992864 0.119179 12.7161 -0.0122166 -0.119117 0.99283 211.499
0.999936 -0.00586946 0.0122142 1.22065 0.00436586 0.992806 0.11967 12.8418 -0.0128285 -0.119606 0.992762 212.579
0.999958 -0.00581753 0.0107516 1.22827 0.00448071 0.992725 0.12034 12.9624 -0.0113737 -0.120284 0.992699 213.643
0.999955 -0.00580596 0.0105661 1.2323 0.00448143 0.992607 0.121314 13.0827 -0.0111921 -0.121257 0.992582 214.691
0.999984 -0.0057591 0.00806271 1.23706 0.00473068 0.992508 0.122106 13.2054 -0.00870569 -0.122062 0.992509 215.731
0.999992 -0.00588562 0.00612445 1.23983 0.00508469 0.992344 0.123426 13.3229 -0.00680381 -0.12339 0.99236 216.764
1.00001 -0.00554657 0.00464731 1.23725 0.00492341 0.992198 0.124591 13.4461 -0.00530223 -0.124566 0.992221 217.78
1.00001 -0.00528591 0.00160962 1.23672 0.00504259 0.992115 0.125252 13.5652 -0.00225878 -0.125242 0.992149 218.781
1.00002 -0.00517329 -0.00046111 1.23048 0.00518919 0.992056 0.125704 13.6836 -0.00019287 -0.125706 0.992092 219.758
1.00001 -0.00516255 -0.00409267 1.22279 0.00563828 0.991969 0.126383 13.8002 0.0034075 -0.126403 0.991998 220.718
0.999995 -0.00515044 -0.00693128 1.21346 0.00598792 0.99189 0.12697 13.9152 0.00622108 -0.127008 0.991907 221.652
0.999972 -0.00516864 -0.00934359 1.20181 0.00631712 0.991831 0.127423 14.0213 0.00860874 -0.127475 0.99183 222.568
0.999936 -0.00512969 -0.0129265 1.18427 0.00673827 0.991789 0.127725 14.1288 0.0121651 -0.127801 0.99175 223.466
0.999904 -0.00516051 -0.0150124 1.16929 0.00704254 0.991731 0.128167 14.2327 0.0142269 -0.128257 0.991665 224.329
0.999841 -0.0049797 -0.0189885 1.14886 0.00737804 0.991689 0.128462 14.3402 0.0181909 -0.128579 0.991558 225.178
0.999778 -0.00497544 -0.0219077 1.12682 0.00775514 0.991656 0.128703 14.438 0.0210846 -0.12884 0.991467 226.007
0.999742 -0.00481952 -0.0236655 1.10078 0.00783135 0.991627 0.128918 14.5415 0.0228459 -0.129067 0.991398 226.814
0.999705 -0.00476708 -0.0250582 1.07863 0.007975 0.991546 0.129536 14.6334 0.0242289 -0.129694 0.991284 227.604
0.999731 -0.00484616 -0.0241018 1.05592 0.00794509 0.991453 0.130236 14.7238 0.0232645 -0.13039 0.991216 228.377
0.999729 -0.00479315 -0.0241006 1.03533 0.00790591 0.991382 0.130786 14.8164 0.0232661 -0.130937 0.991145 229.135
0.999743 -0.00467592 -0.0236652 1.01639 0.00774118 0.99133 0.131183 14.9064 0.0228465 -0.13133 0.991101 229.873
0.999766 -0.00434617 -0.0226386 0.995659 0.00725269 0.991497 0.12995 14.9911 0.0218814 -0.13008 0.991289 230.605
0.999774 -0.00429545 -0.0223787 0.976815 0.00717824 0.991436 0.130419 15.0795 0.0216267 -0.130547 0.991232 231.327
0.999813 -0.00429303 -0.0204501 0.959997 0.00693116 0.991395 0.13075 15.1675 0.0197129 -0.130863 0.991232 232.051
0.999833 -0.00432684 -0.0195414 0.94379 0.00685017 0.991359 0.131016 15.2588 0.0188056 -0.131124 0.991214 232.769
0.999861 -0.00441768 -0.0179529 0.928036 0.00674154 0.991292 0.131539 15.3463 0.0172156 -0.131637 0.991176 233.484
0.999902 -0.00448155 -0.0156076 0.91428 0.00650237 0.991231 0.132001 15.4393 0.0148792 -0.132086 0.991153 234.194
0.999923 -0.00450461 -0.0141186 0.899668 0.00633289 0.991196 0.132276 15.5326 0.0133986 -0.13235 0.991141 234.898
0.999958 -0.00454883 -0.0115089 0.889418 0.00603473 0.991147 0.13265 15.6222 0.0108038 -0.13271 0.991123 235.598
0.999981 -0.00469477 -0.00911729 0.883629 0.00586703 0.991078 0.133176 15.7086 0.00841088 -0.133222 0.991079 236.282
1 -0.0049876 -0.00619332 0.880863 0.00577044 0.991 0.133755 15.7914 0.00547057 -0.133788 0.991022 236.975
1.00002 -0.00521166 -0.00252853 0.879521 0.00550382 0.990915 0.134401 15.8804 0.00180538 -0.134412 0.990952 237.673
1.00002 -0.00520375 3.10157e-05 0.879785 0.00515129 0.990868 0.134754 15.9693 -0.000731802 -0.134753 0.990907 238.359
1.00001 -0.00525164 0.00338045 0.882169 0.00474616 0.990815 0.135164 16.0566 -0.00405893 -0.135145 0.990846 239.051
1 -0.00524665 0.00591423 0.885451 0.00439556 0.990759 0.135586 16.1449 -0.00657069 -0.135556 0.990776 239.732
0.99998 -0.00514804 0.00892629 0.887905 0.00388766 0.990729 0.135824 16.2366 -0.00954239 -0.135782 0.990722 240.416
0.999944 -0.00530835 0.0124395 0.893093 0.00355982 0.990633 0.136528 16.3234 -0.0130474 -0.136473 0.990586 241.109
0.999908 -0.00533237 0.0149459 0.901196 0.00322535 0.990489 0.137581 16.413 -0.0155369 -0.137515 0.990407 241.799
0.99986 -0.0053501 0.0179559 0.909459 0.00281944 0.990421 0.138071 16.5099 -0.0185222 -0.137997 0.990288 242.497
0.999823 -0.00543349 0.0197819 0.921402 0.00263887 0.990345 0.138626 16.6021 -0.0203437 -0.138545 0.990177 243.193
0.999764 -0.00529804 0.0227025 0.936436 0.00211326 0.990427 0.138042 16.6938 -0.0232161 -0.137958 0.990195 243.895
0.999729 -0.00516269 0.024172 0.950303 0.00176632 0.99037 0.138457 16.7902 -0.0246536 -0.138372 0.990103 244.598
0.999702 -0.00537556 0.0252687 0.967752 0.00180852 0.99028 0.139095 16.8885 -0.0257704 -0.139004 0.989985 245.302
0.999674 -0.00550259 0.0262931 0.984358 0.00177833 0.990209 0.139603 16.9898 -0.0268033 -0.139505 0.989888 246.015
0.99968 -0.00564324 0.0260714 1.00288 0.00193164 0.99012 0.140226 17.0895 -0.0266048 -0.140127 0.989805 246.733
0.99966 -0.00471294 0.0269627 1.0189 0.000882308 0.990106 0.140339 17.1876 -0.0273568 -0.140263 0.989766 247.462
0.999665 -0.00462165 0.0268514 1.03583 0.00079335 0.990034 0.140846 17.2888 -0.0272343 -0.140774 0.989697 248.193
0.999653 -0.00468919 0.0272293 1.05391 0.000790564 0.989949 0.141443 17.3918 -0.0276184 -0.141367 0.989603 248.93
0.999621 -0.00558485 0.0282891 1.07444 0.00148906 0.98976 0.142758 17.4992 -0.0287963 -0.142658 0.989383 249.675
0.999614 -0.0055847 0.0284735 1.09885 0.00144376 0.989666 0.14341 17.6074 -0.0289797 -0.143308 0.989285 250.417
0.999595 -0.00413655 0.0294583 1.11882 -0.000190837 0.989379 0.145381 17.7068 -0.0297464 -0.145324 0.988967 251.188
0.999581 0.00332033 0.0300714 1.13976 -0.00782181 0.988536 0.150832 17.784 -0.0292253 -0.150998 0.988135 251.942
0.999557 0.00289687 0.0308378 1.16489 -0.00756216 0.988316 0.152251 17.8868 -0.030036 -0.152413 0.987891 252.724
0.999475 0.00281635 0.0334486 1.194 -0.00788355 0.988304 0.152336 18.0042 -0.0326278 -0.152514 0.987796 253.511
0.99935 0.00331921 0.0369361 1.22193 -0.00892361 0.988249 0.152615 18.1277 -0.035995 -0.152842 0.987626 254.29
0.999148 0.00363079 0.0420456 1.24303 -0.0100372 0.988154 0.153177 18.2515 -0.0409908 -0.153462 0.987338 255.09
0.999045 0.00360335 0.0444209 1.28036 -0.0104166 0.988002 0.154114 18.3714 -0.043332 -0.154425 0.987085 255.896
0.998892 0.00302391 0.0477991 1.32159 -0.010442 0.987753 0.155715 18.4877 -0.0467421 -0.156035 0.986679 256.717
0.998697 0.00270261 0.0517211 1.36391 -0.0107965 0.987567 0.156855 18.6124 -0.0506533 -0.157204 0.986298 257.543
0.998587 0.00297351 0.0538011 1.41322 -0.0114268 0.987458 0.157504 18.7411 -0.0526573 -0.15789 0.986086 258.369
0.998378 0.00342143 0.0575006 1.4548 -0.0125013 0.987317 0.158299 18.8683 -0.0562288 -0.158757 0.985747 259.197
0.998267 0.00419981 0.0593758 1.50093 -0.0135882 0.987254 0.158613 18.9992 -0.0579521 -0.159139 0.985587 260.026
0.998136 0.00420593 0.0615157 1.54703 -0.013989 0.987107 0.159479 19.1239 -0.0600509 -0.160038 0.985315 260.854
0.997939 0.00432226 0.0646474 1.59344 -0.0146599 0.986965 0.160301 19.254 -0.063111 -0.160912 0.984983 261.685
0.997784 0.00474883 0.0669518 1.64693 -0.0155511 0.986712 0.16176 19.3793 -0.065293 -0.162438 0.984589 262.51
0.997542 0.00492182 0.0704693 1.69907 -0.0163664 0.986535 0.162765 19.5154 -0.0687185 -0.163512 0.984179 263.348
0.997384 0.00493021 0.0726587 1.75629 -0.016775 0.986435 0.163324 19.6461 -0.0708667 -0.164111 0.983926 264.172
0.997192 0.00482808 0.0752753 1.81835 -0.0171346 0.986365 0.163712 19.7822 -0.0734575 -0.164536 0.983666 265.001
0.996956 0.00444027 0.0783419 1.88545 -0.0173069 0.986258 0.164333 19.9137 -0.0765346 -0.165184 0.983321 265.84
0.996852 0.00427546 0.0796877 1.95623 -0.0174384 0.986107 0.165232 20.0398 -0.0778731 -0.166094 0.983065 266.666
0.996725 0.00470653 0.0812204 2.02502 -0.0181911 0.985947 0.166095 20.1677 -0.0792962 -0.167024 0.982792 267.512
0.996727 0.00484165 0.0811986 2.09404 -0.018369 0.985844 0.166692 20.3018 -0.079241 -0.167632 0.982695 268.347
0.996691 0.00521282 0.0816036 2.15968 -0.0188684 0.9857 0.167478 20.4333 -0.0795626 -0.168458 0.982525 269.192
0.996646 0.00522661 0.0821723 2.22502 -0.0190457 0.985557 0.168306 20.5672 -0.0801046 -0.1693 0.982339 270.04
0.99672 0.00540037 0.0812381 2.29385 -0.0191189 0.985427 0.169054 20.7052 -0.07914 -0.170048 0.982286 270.876
0.996759 0.00526353 0.0807827 2.3562 -0.0189546 0.985325 0.169668 20.8446 -0.078703 -0.170643 0.982221 271.72
0.996922 0.00565618 0.0787029 2.41925 -0.0190473 0.985187 0.170456 20.98 -0.0765717 -0.171425 0.982251 272.563
0.997035 0.00599232 0.0772508 2.48139 -0.0191575 0.98512 0.170832 21.1189 -0.0750766 -0.171798 0.982304 273.408
0.997117 0.00586431 0.0761803 2.54038 -0.0189162 0.984963 0.171758 21.2662 -0.0740263 -0.172699 0.982223 274.252
0.997291 0.00594872 0.0738889 2.59795 -0.0186651 0.984816 0.17263 21.4085 -0.071739 -0.173534 0.982249 275.088
0.997417 0.00563546 0.0721713 2.65361 -0.0181252 0.984656 0.173592 21.5579 -0.0700843 -0.174447 0.982203 275.926
0.997651 0.00534383 0.0689096 2.70868 -0.0173737 0.984389 0.175182 21.706 -0.0668968 -0.17596 0.982159 276.761
0.997917 0.00480135 0.0649716 2.7633 -0.01623 0.984166 0.176537 21.8551 -0.0630939 -0.177219 0.982181 277.59
0.99817 0.00451922 0.0610185 2.81133 -0.0153254 0.983951 0.177811 22.0079 -0.0592349 -0.178413 0.982209 278.412
0.99847 0.00439951 0.0558555 2.85516 -0.0143307 0.983811 0.178666 22.1575 -0.0541641 -0.179188 0.982358 279.224
0.99869 0.00420605 0.0518605 2.89535 -0.0134609 0.983685 0.179423 22.3021 -0.0502591 -0.179878 0.982442 280.033
0.998943 0.00400725 0.0466961 2.92963 -0.0123752 0.983537 0.180311 22.4445 -0.0452037 -0.180692 0.982536 280.832
0.999151 0.00372305 0.0420932 2.95932 -0.0112913 0.983421 0.181016 22.5828 -0.0407209 -0.181329 0.982617 281.617
0.999291 0.00374015 0.0385892 2.9861 -0.0106901 0.983339 0.181494 22.7196 -0.0372665 -0.181772 0.98267 282.383
0.999462 0.00384893 0.0339241 3.00629 -0.00997122 0.983218 0.182193 22.8551 -0.0326531 -0.182425 0.982716 283.142
0.999566 0.00385754 0.0306318 3.02449 -0.00939913 0.983097 0.182872 22.9844 -0.0294077 -0.183075 0.982696 283.879
0.999695 0.00322799 0.0262651 3.04111 -0.00800005 0.982964 0.183657 23.1217 -0.0252245 -0.183803 0.982679 284.597
0.999793 0.00275694 0.0221962 3.05709 -0.00680074 0.98287 0.184203 23.2515 -0.0213074 -0.18431 0.982674 285.295
0.99988 0.00294835 0.0179445 3.06455 -0.00621029 0.982815 0.184518 23.382 -0.0170918 -0.184599 0.982705 285.968
0.999979 0.00282173 0.0110446 3.0689 -0.00481773 0.982727 0.185027 23.5092 -0.0103311 -0.18507 0.982709 286.628
1.00004 0.00253989 0.00346202 3.06655 -0.00313843 0.982669 0.185369 23.6302 -0.00293111 -0.185378 0.982703 287.265
1.00002 0.00233489 -0.00715256 3.05753 -0.000965567 0.982572 0.185904 23.7425 0.00746239 -0.185893 0.982579 287.897
0.999837 0.00216888 -0.0204266 3.04061 0.00167448 0.982491 0.186335 23.8598 0.020473 -0.186329 0.982315 288.514
0.999367 0.00219348 -0.0367351 3.00881 0.00471046 0.982385 0.186834 23.9724 0.0364979 -0.186882 0.981742 289.112
0.998432 0.00249182 -0.0567609 2.96489 0.00819434 0.982278 0.18728 24.0832 0.056221 -0.187443 0.980706 289.706
0.996936 0.00242746 -0.0787475 2.90607 0.0124112 0.982208 0.187414 24.1888 0.077801 -0.187811 0.979157 290.272
0.994594 0.00248035 -0.104271 2.83393 0.0172062 0.98212 0.187495 24.291 0.102871 -0.188266 0.976757 290.842
0.991308 0.00252583 -0.131881 2.75225 0.0224223 0.982041 0.187357 24.3939 0.129985 -0.188678 0.973437 291.388
0.986858 0.00261088 -0.161864 2.64792 0.0280935 0.981939 0.187126 24.4899 0.159428 -0.189205 0.96895 291.91
0.980695 0.00258586 -0.195756 2.52933 0.0346772 0.98181 0.186699 24.5821 0.192677 -0.189876 0.962755 292.439
0.972839 0.00262804 -0.231678 2.39072 0.0415964 0.981711 0.185808 24.6733 0.227927 -0.190388 0.954925 292.942
0.963295 0.00286272 -0.268599 2.23831 0.0485917 0.981592 0.184732 24.7589 0.264181 -0.190996 0.945412 293.412
0.951592 0.00348198 -0.307504 2.062 0.0556761 0.981464 0.183411 24.8418 0.30244 -0.191643 0.933748 293.897
0.938044 0.00364052 -0.346632 1.87303 0.0632905 0.981341 0.181583 24.9192 0.340822 -0.192264 0.9203 294.337
0.921933 0.00392572 -0.387457 1.66401 0.0711761 0.981221 0.179304 24.9984 0.380881 -0.192874 0.904329 294.795
0.903281 0.00433292 -0.429136 1.43948 0.0791188 0.981131 0.176443 25.0745 0.421799 -0.193323 0.885883 295.219
0.881605 0.00462423 -0.472071 1.2009 0.0875098 0.981025 0.173039 25.1442 0.463909 -0.193853 0.86446 295.621
0.85688 0.00496084 -0.515584 0.934161 0.0960181 0.98093 0.169018 25.2165 0.506584 -0.194326 0.840052 296.03
0.829292 0.00527064 -0.558882 0.651709 0.104535 0.98085 0.164366 25.2857 0.549039 -0.19472 0.812849 296.407
0.798836 0.00613485 -0.601597 0.360393 0.112372 0.980832 0.159218 25.3499 0.591036 -0.194784 0.782825 296.742
0.764809 0.00664264 -0.644301 0.038908 0.120879 0.980717 0.153601 25.4047 0.63289 -0.195348 0.749248 297.097
0.727379 0.00724198 -0.686268 -0.279438 0.129309 0.980592 0.147404 25.4495 0.674009 -0.195952 0.712317 297.395
0.684586 0.00502939 -0.728985 -0.63323 0.143795 0.979401 0.141796 25.499 0.714673 -0.201886 0.669752 297.713
0.637854 0.00562693 -0.7702 -0.98973 0.152098 0.979365 0.133118 25.5508 0.755047 -0.202048 0.623828 297.972
0.587732 0.00715009 -0.809088 -1.34566 0.159035 0.979437 0.124183 25.5971 0.793329 -0.201649 0.574501 298.191
0.535241 0.0122362 -0.84467 -1.73858 0.160009 0.980329 0.115595 25.6536 0.829458 -0.197017 0.522748 298.409
0.480935 0.0131139 -0.876717 -2.12581 0.166649 0.980298 0.106082 25.6835 0.860825 -0.197112 0.469268 298.579
0.42535 0.0140734 -0.904974 -2.50291 0.172648 0.980261 0.0963914 25.7015 0.888456 -0.197233 0.414519 298.709
0.368226 0.0151761 -0.929668 -2.91131 0.178245 0.980172 0.0866024 25.7222 0.912538 -0.197587 0.358215 298.833
0.309875 0.0164335 -0.950688 -3.29505 0.183224 0.980082 0.0766635 25.7414 0.933 -0.197936 0.300688 298.934
0.251495 0.0174999 -0.967754 -3.70346 0.187285 0.980064 0.066395 25.7604 0.949611 -0.197934 0.2432 298.998
0.189765 0.0183391 -0.981709 -4.11343 0.191015 0.980037 0.0552316 25.7718 0.963112 -0.197993 0.182472 299.044
0.124971 0.0193089 -0.992025 -4.52582 0.193846 0.980072 0.0434979 25.7887 0.973084 -0.197725 0.118735 299.075
0.061336 0.0207358 -0.997953 -4.95961 0.196219 0.980029 0.0324237 25.7851 0.978682 -0.197796 0.0560418 299.06
-0.00526029 0.0216984 -0.999804 -5.39901 0.197875 0.980023 0.0202298 25.783 0.980258 -0.197719 -0.00944943 299.027
-0.0735778 0.0228382 -0.997079 -5.84355 0.198515 0.980072 0.00779993 25.7754 0.977374 -0.197352 -0.0766443 298.977
-0.140157 0.0235221 -0.989903 -6.30288 0.198441 0.980105 -0.00480546 25.7648 0.970086 -0.1971 -0.142035 298.873
-0.20727 0.02467 -0.978026 -6.76337 0.197819 0.980093 -0.0172008 25.7475 0.958118 -0.197028 -0.208022 298.754
-0.271481 0.0253517 -0.962165 -7.22919 0.196157 0.980132 -0.0295199 25.7238 0.942291 -0.196739 -0.271057 298.591
-0.333744 0.0259025 -0.942363 -7.6899 0.193734 0.980174 -0.0416701 25.6963 0.922587 -0.196465 -0.332142 298.399
-0.393983 0.0263104 -0.918799 -8.15155 0.19048 0.98023 -0.0536067 25.6614 0.899215 -0.196123 -0.391201 298.185
-0.449532 0.0268161 -0.892919 -8.61385 0.186713 0.980297 -0.0645586 25.6201 0.873581 -0.195731 -0.445676 297.919
-0.501391 0.0274282 -0.864847 -9.0661 0.18258 0.980348 -0.0747567 25.5759 0.845793 -0.195376 -0.49654 297.632
-0.548254 0.0282413 -0.835896 -9.52916 0.178222 0.980424 -0.083769 25.5217 0.817155 -0.194892 -0.542548 297.298
-0.589814 0.0291697 -0.807079 -9.99442 0.173914 0.98049 -0.0916568 25.4632 0.788651 -0.194412 -0.583372 296.939
-0.627741 0.0307955 -0.777879 -10.4641 0.16997 0.980535 -0.0983454 25.3919 0.759698 -0.193941 -0.620749 296.546
-0.664839 0.0384884 -0.746069 -10.9271 0.172656 0.979553 -0.103321 25.3362 0.726829 -0.197494 -0.657881 296.129
-0.702024 0.0390097 -0.711156 -11.403 0.166642 0.979783 -0.110757 25.2508 0.692448 -0.196252 -0.694324 295.666
-0.735791 0.0391063 -0.676161 -11.8605 0.160526 0.979958 -0.118003 25.1668 0.657987 -0.195356 -0.727311 295.164
-0.766504 0.0385513 -0.641163 -12.302 0.154136 0.980073 -0.125338 25.0782 0.623545 -0.194888 -0.757163 294.617
-0.794751 0.0392349 -0.605759 -12.7434 0.148364 0.980201 -0.131162 24.9673 0.588613 -0.194103 -0.784825 294.033
-0.820495 0.0391406 -0.570404 -13.163 0.142059 0.980328 -0.137074 24.8641 0.553809 -0.193489 -0.809903 293.412
-0.843531 0.0394984 -0.53573 -13.5607 0.136248 0.980415 -0.142241 24.7439 0.519615 -0.192967 -0.83238 292.77
-0.865395 0.0394776 -0.499637 -13.9676 0.129909 0.980493 -0.147536 24.6323 0.48406 -0.192573 -0.853632 292.065
-0.885495 0.0394589 -0.463092 -14.3401 0.123376 0.9806 -0.152354 24.5077 0.448092 -0.192032 -0.873172 291.335
-0.90426 0.0400242 -0.425226 -14.7057 0.117042 0.980711 -0.156585 24.3609 0.410751 -0.191351 -0.891492 290.559
-0.921179 0.0411249 -0.387105 -15.0417 0.111058 0.980843 -0.160075 24.2175 0.373103 -0.190439 -0.908086 289.767
-0.936694 0.0416648 -0.347815 -15.3684 0.104397 0.980987 -0.163635 24.0636 0.334379 -0.189575 -0.923224 288.926
-0.949937 0.0416622 -0.309836 -15.6555 0.0974972 0.981132 -0.166987 23.9216 0.29703 -0.188824 -0.936062 288.057
-0.960949 0.0425388 -0.273632 -15.9111 0.0915859 0.981345 -0.169072 23.7543 0.261331 -0.187519 -0.946907 287.163
-0.970737 0.0421685 -0.236657 -16.1504 0.0845363 0.981492 -0.171864 23.5936 0.225028 -0.18683 -0.956322 286.222
-0.978311 0.0419871 -0.203109 -16.3435 0.0782558 0.981637 -0.174002 23.4179 0.192071 -0.186111 -0.96362 285.272
-0.98479 0.0418175 -0.16899 -16.5239 0.0719328 0.98172 -0.176248 23.2353 0.158529 -0.185712 -0.969781 284.278
-0.989704 0.0418412 -0.137279 -16.6692 0.0660942 0.981958 -0.177205 23.0487 0.127386 -0.184441 -0.974601 283.257
-0.993425 0.0417602 -0.107139 -16.7798 0.0604993 0.98215 -0.178137 22.8626 0.0977875 -0.183436 -0.978204 282.217
-0.996186 0.0419468 -0.0772277 -16.8709 0.0552437 0.982293 -0.179054 22.6677 0.0683486 -0.182625 -0.980852 281.139
-0.997851 0.042162 -0.051309 -16.9288 0.0507362 0.982482 -0.179355 22.465 0.0428485 -0.181561 -0.982495 280.048
-0.998852 0.0417514 -0.0257416 -16.9586 0.045693 0.982807 -0.178932 22.2655 0.0178281 -0.17989 -0.983573 278.93
-0.999179 0.0418396 -0.00285312 -16.9643 0.0416768 0.983112 -0.17823 22.0491 -0.00465127 -0.178191 -0.984034 277.784
-0.999032 0.0412664 0.0185389 -16.9482 0.0373183 0.983347 -0.177901 21.8279 -0.0255711 -0.177024 -0.983922 276.627
-0.998622 0.0403444 0.0352746 -16.9021 0.0334712 0.983576 -0.177401 21.606 -0.0418512 -0.175965 -0.983556 275.458
-0.998148 0.0399056 0.0471019 -16.8327 0.0310083 0.98383 -0.176438 21.3868 -0.0533805 -0.174639 -0.983232 274.264
-0.997694 0.0399123 0.0559622 -16.7606 0.0295719 0.984179 -0.174729 21.1667 -0.0620492 -0.17266 -0.983074 273.06
-0.997533 0.0398228 0.0587702 -16.6735 0.029138 0.984569 -0.172592 20.951 -0.0647356 -0.170441 -0.983287 271.836
-0.997449 0.0397501 0.060296 -16.5928 0.028891 0.984799 -0.171316 20.7308 -0.0661879 -0.169126 -0.983419 270.596
-0.997611 0.0392435 0.0578217 -16.5045 0.0289016 0.985041 -0.16992 20.5099 -0.0636244 -0.16783 -0.983809 269.323
-0.997704 0.0392555 0.056262 -16.4253 0.0292723 0.985291 -0.168394 20.2868 -0.0620436 -0.166349 -0.984163 268.037
-0.997855 0.039068 0.0535727 -16.3446 0.0296133 0.985499 -0.167116 20.069 -0.0593241 -0.165158 -0.98453 266.74
-0.998118 0.0390662 0.0485341 -16.2663 0.0305184 0.985691 -0.165813 19.8523 -0.0543162 -0.164008 -0.985013 265.438
-0.998328 0.0385862 0.0443147 -16.1999 0.0308174 0.985942 -0.164258 19.635 -0.0500294 -0.162606 -0.98547 264.13
