1 0 0 0 0 1 0 0 0 0 1 0
0.999995 -0.00014657 -0.00286706 -0.00470821 0.00014694 1 0.000149681 -0.00157287 0.00286704 -0.000150171 0.999996 0.679199
0.999978 4.76221e-05 -0.00673656 -0.0136416 -4.64076e-05 1 0.000185452 -0.00191489 0.00673658 -0.000185101 0.999977 1.37489
0.999945 0.000256568 -0.0104656 -0.0299484 -0.000254061 1 0.000257752 -0.00306345 0.0104656 -0.000255148 0.999945 2.08983
0.999879 0.000512721 -0.0155719 -0.0495211 -0.000508357 1 0.000287233 -0.00365685 0.0155721 -0.000279229 0.999879 2.81824
0.999796 0.000424235 -0.0201789 -0.0672965 -0.000413989 1 0.000519214 -0.00579229 0.020179 -0.000510812 0.999797 3.55993
0.999695 0.000710195 -0.0246915 -0.0941963 -0.00069795 1 0.000509846 -0.00572555 0.0246919 -0.000492399 0.999695 4.31948
0.999565 0.00128676 -0.0294779 -0.126851 -0.00127118 0.999999 0.000552979 -0.00665961 0.0294785 -0.000515322 0.999566 5.09233
0.999419 0.00167034 -0.0340487 -0.160224 -0.00164165 0.999998 0.000873536 -0.00536143 0.0340502 -0.000817086 0.99942 5.88114
0.999259 0.00190302 -0.0384663 -0.19586 -0.00185428 0.999997 0.00130664 -0.00559842 0.0384686 -0.00123441 0.999261 6.68271
0.999109 0.0019784 -0.042161 -0.228225 -0.001905 0.999996 0.00178167 -0.00494135 0.0421645 -0.00169975 0.99911 7.49015
0.99899 0.00207323 -0.0449236 -0.272672 -0.00199298 0.999996 0.00183386 -0.0033382 0.0449272 -0.00174258 0.998991 8.30482
0.998879 0.00205943 -0.0473042 -0.313661 -0.00197796 0.999996 0.00176849 -0.000538768 0.0473078 -0.001673 0.99888 9.12873
0.998782 0.0019927 -0.049328 -0.351526 -0.00190848 0.999997 0.00175719 0.00216294 0.0493314 -0.00166101 0.998783 9.96167
0.998686 0.00211058 -0.0512214 -0.396364 -0.00201108 0.999996 0.00199428 0.00517664 0.0512256 -0.00188865 0.998687 10.8026
0.998613 0.00205576 -0.0526604 -0.443625 -0.00193258 0.999995 0.00239261 -0.000664543 0.052665 -0.00228764 0.998612 11.6559
0.998525 0.00357237 -0.0541981 -0.494234 -0.00348321 0.999992 0.00174072 0.00284593 0.054204 -0.00154935 0.998531 12.511
0.998455 0.00395401 -0.0554746 -0.547879 -0.00386247 0.999991 0.0017597 0.00282176 0.055481 -0.00154278 0.998461 13.3756
0.998402 0.0054147 -0.0562743 -0.609586 -0.00534831 0.999984 0.00133158 0.00428355 0.0562808 -0.00102845 0.998416 14.2516
0.998281 0.00540441 -0.0584218 -0.665483 -0.00530694 0.999985 0.00182677 0.00067217 0.0584307 -0.00151373 0.998293 15.1379
0.998215 0.00501324 -0.0595331 -0.721071 -0.00486887 0.999984 0.00257116 -0.0028068 0.0595452 -0.0022766 0.998225 16.0315
0.998187 0.00478817 -0.0600432 -0.780547 -0.00463029 0.999986 0.00277192 -0.00143239 0.0600555 -0.00248901 0.998195 16.9285
0.998078 0.00449814 -0.061842 -0.838065 -0.00431917 0.999985 0.00302878 -0.00859937 0.0618549 -0.00275575 0.998083 17.83
0.998055 0.00414183 -0.0622578 -0.897815 -0.00396791 0.999988 0.0029189 -0.00730383 0.062269 -0.00266639 0.998059 18.7345
0.997939 0.00375535 -0.0640915 -0.958087 -0.00357138 0.999988 0.00298762 -0.0141407 0.0641021 -0.0027525 0.997942 19.6501
0.997892 0.00309483 -0.0648703 -1.01873 -0.00285252 0.999988 0.00382889 -0.020358 0.0648813 -0.00363599 0.997889 20.5711
0.99798 0.00311626 -0.0634859 -1.087 -0.00272342 0.999976 0.00627748 -0.0115349 0.0635041 -0.00609186 0.997966 21.5002
0.997971 0.00345688 -0.0636327 -1.15327 -0.00303014 0.999972 0.00680288 -0.0138243 0.0636544 -0.00659653 0.997953 22.4352
0.998068 0.0035624 -0.0620675 -1.21352 -0.0031131 0.999968 0.00733893 -0.0159767 0.0620918 -0.00713151 0.998049 23.373
0.998207 0.0037692 -0.0598109 -1.27686 -0.00331615 0.999965 0.00767308 -0.0154935 0.0598377 -0.00746121 0.998183 24.325
0.99825 0.00450587 -0.0590209 -1.33026 -0.00403979 0.99996 0.00801746 -0.0236288 0.0590548 -0.00776499 0.998229 25.2626
0.998386 0.00423116 -0.0567248 -1.40155 -0.00402073 0.999984 0.00382373 -0.0326971 0.0567401 -0.00358965 0.998386 26.2123
0.998413 0.00402107 -0.0562429 -1.45479 -0.00378468 0.999984 0.00431282 -0.0366911 0.0562594 -0.00409307 0.998412 27.173
0.998458 0.00283657 -0.0555357 -1.51291 -0.00251969 0.99998 0.00577699 -0.0386224 0.055551 -0.00562826 0.998443 28.1461
0.998513 0.00118746 -0.0545723 -1.57598 -0.000690446 0.999959 0.00912887 -0.0340792 0.0545808 -0.00907752 0.998473 29.1189
0.998417 0.00085876 -0.0563443 -1.62782 -0.000314011 0.999953 0.00967661 -0.0260204 0.05635 -0.00964374 0.998368 30.0954
0.998377 -0.00134331 -0.0570115 -1.6749 0.00197476 0.999939 0.0110256 -0.0183801 0.056993 -0.0111203 0.998317 31.0759
0.998336 -0.000114518 -0.0577632 -1.72925 0.000728185 0.999943 0.0106046 -0.00547618 0.0577588 -0.0106291 0.998278 32.0583
0.998227 0.00103743 -0.0595721 -1.78829 -0.00045556 0.999953 0.00978532 0.0163755 0.0595792 -0.00974076 0.998181 33.033
0.998127 0.00197745 -0.0612542 -1.85602 -0.00135009 0.999946 0.010283 0.0201848 0.0612714 -0.0101812 0.998074 34.021
0.998083 0.00258781 -0.0619097 -1.92023 -0.00185653 0.999929 0.0118708 0.0198186 0.0619357 -0.011733 0.998016 35.0421
0.997969 0.00367217 -0.0637224 -1.99152 -0.00281156 0.999904 0.0135911 0.0307421 0.0637664 -0.0133844 0.997881 36.0386
0.997932 0.00405097 -0.0642102 -2.06681 -0.00310773 0.999886 0.0147866 0.035878 0.0642626 -0.0145564 0.997832 37.0506
0.997836 0.00465813 -0.0657681 -2.13411 -0.00357672 0.999855 0.0165528 0.0485352 0.0658362 -0.0162816 0.997704 38.0452
0.99783 0.00420848 -0.0657767 -2.20567 -0.00302959 0.999834 0.018016 0.0668533 0.0658413 -0.0177775 0.997677 39.0511
0.99782 0.00474551 -0.0660056 -2.28109 -0.00359319 0.999839 0.0175686 0.107908 0.0660787 -0.0172931 0.997671 40.0631
0.997797 0.00462973 -0.0662606 -2.35291 -0.00348406 0.999842 0.0173995 0.117429 0.0663305 -0.0171302 0.997657 41.0446
0.99778 0.00598068 -0.0665161 -2.41852 -0.00484636 0.99984 0.0172053 0.121905 0.0666087 -0.0168446 0.997644 42.0362
0.997818 0.00750399 -0.065676 -2.49783 -0.00641331 0.999837 0.0168056 0.137588 0.0657912 -0.0163475 0.997705 43.04
0.997721 0.00759257 -0.0672548 -2.56473 -0.00644179 0.999829 0.0173148 0.147263 0.0673752 -0.0168419 0.997593 44.0223
0.997643 0.00741151 -0.0682931 -2.6328 -0.00620808 0.99982 0.0178209 0.160836 0.0684127 -0.0173547 0.997512 45.0127
0.997636 0.00849008 -0.068399 -2.70781 -0.0072153 0.999796 0.018867 0.174029 0.0685455 -0.0183287 0.997488 46.0132
0.997568 0.00964889 -0.0691018 -2.78114 -0.00842234 0.9998 0.0180222 0.193342 0.0692618 -0.0173963 0.997453 46.9826
0.997611 0.00971853 -0.0685967 -2.86071 -0.00852911 0.999808 0.0176156 0.215585 0.0687549 -0.0169882 0.997498 47.9583
0.997534 0.00972028 -0.0695988 -2.93039 -0.00852123 0.999809 0.0175078 0.23904 0.0697554 -0.0168713 0.997428 48.9287
0.997531 0.0081141 -0.0699752 -3.00113 -0.00681216 0.999799 0.0188299 0.270095 0.0701144 -0.0183064 0.997379 49.9038
0.99755 0.00729349 -0.0696711 -3.07127 -0.00596049 0.999794 0.0193258 0.290044 0.0697974 -0.0188631 0.99739 50.8854
0.997516 0.00738539 -0.0702798 -3.13686 -0.00607275 0.999803 0.0188778 0.318042 0.0704059 -0.0184038 0.997357 51.8488
0.997513 0.00727451 -0.070204 -3.20424 -0.005945 0.999798 0.019133 0.334372 0.0703288 -0.0186679 0.997357 52.8094
0.997584 0.00728631 -0.0693278 -3.26624 -0.00598238 0.999801 0.0190035 0.353121 0.069453 -0.0185425 0.997421 53.7629
0.997437 0.00739514 -0.0712637 -3.33468 -0.00599658 0.999785 0.0198235 0.374109 0.0713946 -0.0193453 0.997269 54.7121
0.997469 0.00677114 -0.0710063 -3.40187 -0.00522737 0.999746 0.0219105 0.393899 0.0711371 -0.0214837 0.997244 55.6634
0.997328 0.00661231 -0.0728493 -3.46791 -0.00460133 0.999604 0.0277441 0.407839 0.0730034 -0.0273347 0.996966 56.6146
0.997294 0.00708625 -0.0733922 -3.54093 -0.00499853 0.999579 0.0285964 0.437742 0.0735643 -0.0281519 0.996902 57.5577
0.997267 0.00798199 -0.0735533 -3.61542 -0.00602438 0.999622 0.0268045 0.452224 0.073739 -0.0262881 0.99694 58.4939
0.997064 0.00873 -0.0763223 -3.69004 -0.00681488 0.999655 0.0253232 0.468013 0.0765176 -0.0247285 0.996771 59.4086
0.996974 0.00853724 -0.077368 -3.76703 -0.00665823 0.999677 0.0245175 0.481678 0.0775517 -0.0239281 0.99671 60.3247
0.99702 0.00897515 -0.0768781 -3.84831 -0.00695802 0.999625 0.0264707 0.504231 0.0770874 -0.0258565 0.996699 61.231
0.99687 0.009524 -0.0785989 -3.92571 -0.00733245 0.999578 0.0281284 0.513118 0.078833 -0.027464 0.996519 62.1213
0.996784 0.0100221 -0.0797591 -4.00229 -0.00775696 0.999559 0.0286636 0.526637 0.0800117 -0.0279523 0.996412 63.003
0.996713 0.0113026 -0.0803358 -4.07492 -0.0090258 0.999549 0.028651 0.533433 0.0806228 -0.0278318 0.996366 63.8733
0.996491 0.0123809 -0.0830259 -4.15503 -0.00996607 0.999517 0.0294429 0.544256 0.083351 -0.0285117 0.996123 64.728
0.996411 0.0131038 -0.083749 -4.23125 -0.0106209 0.999494 0.0300253 0.556275 0.0840994 -0.029028 0.996045 65.5761
0.996252 0.013079 -0.0857548 -4.30521 -0.0105142 0.999486 0.0302977 0.571316 0.0861076 -0.029282 0.995867 66.3978
0.996102 0.0140973 -0.0871984 -4.37744 -0.0114544 0.999463 0.0307379 0.582561 0.0875842 -0.0296192 0.995728 67.2125
0.996056 0.0150194 -0.0877012 -4.45387 -0.0122924 0.999427 0.031555 0.5985 0.0881257 -0.030352 0.995658 68.0235
0.995886 0.0153709 -0.0894237 -4.5323 -0.0124833 0.999387 0.0327633 0.613446 0.0898717 -0.0315121 0.995467 68.8113
0.995741 0.0164943 -0.0909745 -4.60561 -0.0135207 0.999358 0.0332109 0.629664 0.0914648 -0.0318387 0.995311 69.5824
0.995633 0.0171014 -0.0919006 -4.6855 -0.0142607 0.999404 0.031481 0.654204 0.0923834 -0.0300328 0.995284 70.3379
0.995467 0.0173461 -0.0937717 -4.75862 -0.0144643 0.999405 0.0313294 0.670869 0.0942604 -0.0298303 0.995113 71.0573
0.995367 0.018396 -0.0944963 -4.82897 -0.0159638 0.999525 0.0264308 0.675702 0.0949368 -0.0247997 0.995187 71.7694
0.995259 0.0185371 -0.0957431 -4.90323 -0.0160383 0.999513 0.0268069 0.689958 0.0961944 -0.0251436 0.995058 72.4559
0.995133 0.0205317 -0.0965087 -4.97853 -0.0177917 0.999419 0.0291666 0.689278 0.0970504 -0.0273075 0.994918 73.1379
0.995084 0.0203045 -0.0972067 -5.04428 -0.0175096 0.999413 0.0295216 0.702093 0.0977501 -0.0276737 0.99484 73.795
0.99494 0.0191375 -0.0987585 -5.1075 -0.0163704 0.999456 0.0287531 0.723768 0.099254 -0.0269909 0.99471 74.4124
0.994995 0.018758 -0.0984175 -5.16142 -0.0159807 0.999455 0.0289354 0.728441 0.0989076 -0.027217 0.994738 75.0265
0.995125 0.0189856 -0.0969106 -5.21504 -0.0162623 0.999456 0.0288147 0.74782 0.0974041 -0.0270982 0.99489 75.6243
0.995391 0.0199678 -0.0940592 -5.27359 -0.0172418 0.999412 0.0297099 0.755454 0.0945979 -0.0279505 0.995138 76.195
0.995724 0.0205967 -0.0901917 -5.33709 -0.0178713 0.999365 0.0309216 0.769695 0.0907706 -0.0291775 0.995458 76.7622
0.99622 0.0199593 -0.0848485 -5.38522 -0.01734 0.999356 0.0315 0.770558 0.0854232 -0.0299089 0.995911 77.3226
0.996619 0.0196142 -0.0799452 -5.41954 -0.0171142 0.99935 0.0318361 0.774682 0.0805171 -0.0303602 0.996304 77.862
0.997297 0.0192858 -0.0712803 -5.45034 -0.0170329 0.999343 0.0320837 0.784404 0.0718528 -0.0307819 0.996956 78.3905
0.997942 0.0198607 -0.0611857 -5.47573 -0.0179861 0.99936 0.0310343 0.820388 0.0617626 -0.0298699 0.997658 78.8965
0.998762 0.0200128 -0.046129 -5.50722 -0.0185986 0.999352 0.0308919 0.840835 0.046718 -0.0299948 0.998474 79.3966
0.999425 0.0202033 -0.0277217 -5.52907 -0.0193402 0.999334 0.0310548 0.852144 0.0283309 -0.0305006 0.999148 79.8944
0.999809 0.0198773 -0.00640696 -5.52287 -0.0196677 0.99932 0.0312921 0.850991 0.00702526 -0.0311592 0.999507 80.3665
0.999618 0.019374 0.0204236 -5.50203 -0.0200067 0.999315 0.0312546 0.856384 -0.0198032 -0.0316511 0.999318 80.8382
0.998616 0.0192887 0.0494947 -5.46493 -0.0208395 0.999305 0.0310088 0.872863 -0.0488615 -0.0319964 0.99831 81.2867
0.996423 0.0192779 0.0824511 -5.41681 -0.0218734 0.999293 0.0306958 0.885463 -0.0817992 -0.0323893 0.996138 81.736
0.992579 0.0192173 0.120308 -5.35513 -0.0230174 0.99928 0.0302773 0.897045 -0.119639 -0.0328209 0.992293 82.1855
0.986764 0.0192219 0.161114 -5.2667 -0.0242841 0.999273 0.0295112 0.90931 -0.160427 -0.0330328 0.986511 82.6103
0.978357 0.0191004 0.206178 -5.16288 -0.0255529 0.999265 0.0286783 0.916152 -0.205478 -0.0333251 0.978113 83.0318
0.966635 0.0193891 0.255483 -5.04461 -0.0272472 0.99926 0.0272555 0.931676 -0.254762 -0.033307 0.966447 83.4491
0.95151 0.019274 0.307108 -4.89513 -0.0285941 0.999259 0.0258775 0.938075 -0.30638 -0.0334032 0.951343 83.8241
0.931546 0.0192003 0.36316 -4.72876 -0.0301182 0.999251 0.0244259 0.943034 -0.362413 -0.0336912 0.931425 84.2114
0.907616 0.0192024 0.41943 -4.53656 -0.0316444 0.999244 0.0227272 0.951523 -0.418675 -0.0338993 0.907525 84.5543
0.878817 0.0190849 0.476813 -4.32606 -0.0329999 0.999241 0.0208268 0.957588 -0.476047 -0.0340373 0.878779 84.8922
0.844912 0.0186465 0.534634 -4.09392 -0.0339537 0.99925 0.0188066 0.959349 -0.53388 -0.0340418 0.844899 85.2228
0.808801 0.018551 0.587822 -3.8462 -0.0350958 0.999247 0.0167542 0.967117 -0.587059 -0.0341804 0.808841 85.4994
0.769117 0.0182263 0.638891 -3.57095 -0.0359926 0.999245 0.0148215 0.970357 -0.638137 -0.034394 0.769181 85.781
0.726845 0.0181559 0.686592 -3.29525 -0.0370149 0.999236 0.0127617 0.978999 -0.685825 -0.0346893 0.726961 86.0304
0.681756 0.0176539 0.731403 -3.00136 -0.0378866 0.999222 0.0111957 0.976629 -0.730635 -0.0353422 0.681885 86.2707
0.63447 0.0172006 0.772784 -2.69328 -0.037869 0.999247 0.0088499 0.977876 -0.772037 -0.0348789 0.634642 86.4982
0.587491 0.016658 0.809092 -2.38353 -0.0381017 0.999252 0.00709209 0.971559 -0.808367 -0.0349934 0.587678 86.6896
0.539653 0.0175627 0.841731 -2.05666 -0.0398657 0.999198 0.00471056 0.978246 -0.84096 -0.0360976 0.539919 86.881
0.492961 0.0176719 0.869902 -1.73225 -0.040099 0.999196 0.00242433 0.984478 -0.869159 -0.0360763 0.493266 87.0438
0.447102 0.0173863 0.89434 -1.39479 -0.0405506 0.999181 0.000847728 0.97652 -0.893578 -0.0366445 0.44744 87.1916
0.403571 0.0160325 0.914837 -1.04342 -0.038522 0.999261 -0.000518979 0.970152 -0.914167 -0.0350309 0.403884 87.3243
0.363717 0.00633961 0.931514 -0.691357 -0.0250968 0.999685 0.00299531 0.945171 -0.931186 -0.0244669 0.363761 87.4221
0.328087 0.00594747 0.944657 -0.333139 -0.0231677 0.999732 0.00175156 0.959928 -0.944393 -0.0224591 0.328133 87.5181
0.294456 0.00845634 0.955654 0.0378746 -0.0249249 0.999694 -0.0011665 0.968175 -0.955354 -0.0234755 0.294576 87.62
0.263503 0.0154499 0.964562 0.40247 -0.0321488 0.99946 -0.00722681 0.968419 -0.964152 -0.029104 0.263854 87.721
0.235228 0.0165365 0.971826 0.780325 -0.0339868 0.999389 -0.00877934 0.967251 -0.97136 -0.0309634 0.235645 87.8128
0.208942 0.0157042 0.977829 1.17185 -0.0325578 0.999431 -0.00909472 0.951289 -0.977414 -0.0299345 0.209332 87.8879
0.185816 0.0157548 0.982484 1.56978 -0.0280367 0.999554 -0.0107263 0.947914 -0.982199 -0.0255518 0.186175 87.9374
0.165344 0.0198655 0.986063 1.97786 -0.0205426 0.999652 -0.0166952 0.949418 -0.98605 -0.0174949 0.165692 87.9863
0.145118 0.0258867 0.989102 2.40017 -0.0195609 0.999542 -0.0232904 0.950172 -0.989236 -0.0159673 0.145557 88.0387
0.127342 0.025069 0.99157 2.83519 -0.0201972 0.999542 -0.0226772 0.932627 -0.991681 -0.0171381 0.127788 88.0964
0.111856 0.0239705 0.993462 3.28852 -0.0178142 0.999601 -0.0221134 0.925112 -0.99358 -0.0152235 0.112238 88.1487
0.0968878 0.0228723 0.99506 3.75769 -0.0178003 0.999619 -0.0212444 0.908444 -0.995164 -0.015653 0.0972567 88.1919
0.0839448 0.0219613 0.996256 4.24114 -0.0180179 0.999632 -0.0205179 0.892608 -0.996323 -0.0162275 0.0843099 88.2247
0.0721561 0.0214411 0.99719 4.73739 -0.018138 0.999635 -0.0201816 0.875609 -0.997257 -0.0166297 0.0725177 88.2528
0.062296 0.0214402 0.997855 5.24526 -0.0182979 0.99963 -0.0203365 0.865517 -0.997905 -0.0169912 0.0626656 88.2768
0.0543642 0.0213895 0.998319 5.77552 -0.0180641 0.999631 -0.0204344 0.855196 -0.998386 -0.0169217 0.0547298 88.3039
0.0481723 0.0212332 0.998641 6.32664 -0.017643 0.99964 -0.0204039 0.843362 -0.998699 -0.0166355 0.0485301 88.3306
0.0431116 0.0212784 0.998871 6.88453 -0.0181663 0.999628 -0.0205109 0.830567 -0.998933 -0.0172603 0.0434815 88.3531
0.0367924 0.0211485 0.999127 7.47178 -0.0187922 0.999617 -0.0204673 0.81816 -0.999162 -0.0180222 0.0371763 88.3782
0.0316223 0.0206161 0.999315 8.08227 -0.0181364 0.999638 -0.0200493 0.804478 -0.999364 -0.0174887 0.0319844 88.4001
0.028865 0.0204632 0.999401 8.69341 -0.0179358 0.999644 -0.0199505 0.791246 -0.999438 -0.0173487 0.0292223 88.4147
0.0259483 0.0201621 0.999488 9.32883 -0.0178772 0.99965 -0.0197016 0.779559 -0.999532 -0.0173556 0.0262993 88.4308
0.0230077 0.0197767 0.999568 9.99045 -0.0175526 0.999662 -0.019375 0.770434 -0.999597 -0.0170986 0.0233477 88.4477
0.0225369 0.0192711 0.999589 10.6565 -0.0169854 0.999681 -0.0188904 0.753852 -0.999631 -0.0165515 0.0228566 88.4604
0.0229799 0.0189651 0.999584 11.3539 -0.0155086 0.99971 -0.0186115 0.739779 -0.999632 -0.0150737 0.023268 88.4765
0.0256115 0.0186875 0.999527 12.0455 -0.015331 0.999718 -0.0182988 0.727345 -0.999584 -0.0148537 0.0258903 88.4889
0.0293761 0.0184589 0.999427 12.7668 -0.0152346 0.999725 -0.0180172 0.714026 -0.999469 -0.0146959 0.0296498 88.5142
0.0333493 0.0181419 0.999309 13.5131 -0.0155143 0.999727 -0.0176323 0.699595 -0.999353 -0.0149142 0.0336212 88.5409
0.0374672 0.0168747 0.999184 14.2543 -0.0153934 0.999752 -0.0163075 0.685034 -0.999197 -0.0147691 0.0377182 88.5688
0.0418302 0.0161034 0.999026 15.0235 -0.0156357 0.999762 -0.015461 0.677251 -0.999033 -0.0149723 0.0420713 88.6046
0.0452456 0.0153568 0.998887 15.8219 -0.0162529 0.999765 -0.0146345 0.666133 -0.998861 -0.015572 0.0454851 88.6448
0.0499182 0.0150971 0.99867 16.611 -0.0169025 0.999759 -0.014269 0.651087 -0.998642 -0.0161662 0.0501605 88.6885
0.0536266 0.0153805 0.998472 17.4234 -0.0175828 0.999745 -0.0144562 0.640324 -0.998424 -0.01678 0.0538838 88.739
0.0575759 0.0159724 0.998245 18.2252 -0.0189978 0.999712 -0.0149005 0.630943 -0.998191 -0.018105 0.0578619 88.789
0.0592113 0.0211365 0.998051 19.0394 -0.0212301 0.99958 -0.0199099 0.622097 -0.998038 -0.0200091 0.0596355 88.8524
0.05834 0.0214677 0.998098 19.8572 -0.0215925 0.999566 -0.0202376 0.5997 -0.998094 -0.0203692 0.0587773 88.9087
0.059215 0.0210196 0.998053 20.6689 -0.0223857 0.999559 -0.0197237 0.577419 -0.998012 -0.0211735 0.0596598 88.9607
0.0593112 0.0203381 0.998065 21.493 -0.0222889 0.999574 -0.0190447 0.549573 -0.998022 -0.0211146 0.0597383 89.017
0.0579018 0.0195417 0.998161 22.3172 -0.0234493 0.999564 -0.0182094 0.522113 -0.998065 -0.0223512 0.0583352 89.0751
0.0587364 0.0194245 0.998118 23.1301 -0.0240647 0.999552 -0.0180367 0.504557 -0.998016 -0.0229583 0.0591763 89.1287
0.058823 0.0194822 0.998108 23.9503 -0.0250729 0.999527 -0.0180328 0.484167 -0.997972 -0.023964 0.0592841 89.184
0.0585001 0.019668 0.998127 24.771 -0.0261589 0.999497 -0.0181623 0.465942 -0.997977 -0.0250458 0.058984 89.2418
0.0577487 0.0198645 0.998163 25.5787 -0.0265104 0.999485 -0.0183576 0.451161 -0.997998 -0.0254009 0.0582459 89.2985
0.0543133 0.0195584 0.998366 26.4013 -0.0293518 0.999412 -0.0179825 0.436111 -0.998125 -0.0283254 0.0548543 89.3579
0.0513884 0.0188703 0.998531 27.211 -0.0292931 0.999424 -0.0173802 0.416821 -0.998268 -0.0283562 0.051912 89.4099
0.0463889 0.0179715 0.998795 28.0243 -0.0289952 0.999446 -0.0166369 0.397141 -0.998535 -0.0281868 0.0468832 89.4528
0.0394752 0.0173275 0.999101 28.8413 -0.028682 0.999462 -0.0162012 0.382621 -0.998828 -0.0280159 0.0399515 89.4936
0.0326341 0.0171868 0.999353 29.6476 -0.028555 0.999464 -0.0162566 0.362098 -0.999093 -0.0280042 0.0331066 89.5236
0.0238485 0.0170866 0.9996 30.4506 -0.028704 0.999458 -0.0164 0.347407 -0.999323 -0.0283006 0.0243265 89.5469
0.013004 0.016864 0.999807 31.2533 -0.0289035 0.999451 -0.0164825 0.32555 -0.999531 -0.0286818 0.0134838 89.5611
0.00325125 0.0163756 0.999892 32.043 -0.0287842 0.999458 -0.0162757 0.307368 -0.9996 -0.0287274 0.00372147 89.5651
-0.00816312 0.0160168 0.999872 32.8476 -0.0290486 0.99945 -0.0162477 0.293018 -0.999578 -0.0291758 -0.00769347 89.5701
-0.0186051 0.0155553 0.999738 33.6326 -0.0286429 0.999465 -0.0160849 0.272449 -0.999437 -0.0289338 -0.0181488 89.5518
-0.0296811 0.0153063 0.999476 34.4166 -0.0287113 0.999462 -0.0161592 0.253128 -0.999181 -0.0291742 -0.0292254 89.5325
-0.0415313 0.0152895 0.999053 35.2031 -0.0286094 0.999459 -0.0164859 0.234535 -0.998749 -0.0292661 -0.0410706 89.5017
-0.0515924 0.0151447 0.998588 35.9716 -0.0285028 0.99946 -0.016631 0.217262 -0.998295 -0.0293188 -0.0511322 89.4647
-0.0620015 0.0150048 0.997996 36.7421 -0.0283259 0.999462 -0.0167875 0.197946 -0.997696 -0.0293091 -0.0615421 89.4207
-0.07232 0.0147799 0.997306 37.5042 -0.028046 0.999469 -0.0168462 0.179717 -0.997021 -0.0291871 -0.0718661 89.3687
-0.0817708 0.0144507 0.996579 38.2544 -0.027918 0.999474 -0.0167843 0.163474 -0.996282 -0.029194 -0.0813233 89.3071
-0.0918457 0.0141328 0.995708 39.0046 -0.0278458 0.999476 -0.0167553 0.147391 -0.995419 -0.0292634 -0.0914027 89.2391
-0.100427 0.0136769 0.994884 39.7436 -0.0273592 0.999494 -0.016503 0.12834 -0.99459 -0.0288757 -0.100001 89.1625
-0.107865 0.0131012 0.994114 40.4746 -0.026596 0.999522 -0.0160587 0.112384 -0.993845 -0.0281699 -0.107463 89.0822
-0.113569 0.0124425 0.993486 41.1951 -0.0260933 0.999544 -0.0155022 0.0967313 -0.993209 -0.027683 -0.113191 88.9997
-0.117358 0.0118919 0.993054 41.9113 -0.0259773 0.999554 -0.0150402 0.0808506 -0.992785 -0.0275602 -0.116994 88.9143
-0.120026 0.0114589 0.992739 42.613 -0.0262432 0.999552 -0.0147115 0.0681176 -0.992446 -0.0278175 -0.11967 88.8282
-0.122296 0.0110581 0.992469 43.2975 -0.0265368 0.999549 -0.0144074 0.0555021 -0.992175 -0.028097 -0.121945 88.7467
-0.122888 0.0110022 0.992394 43.9705 -0.0268448 0.999541 -0.0144066 0.0425368 -0.99208 -0.02841 -0.122534 88.6651
-0.122099 0.0109921 0.992494 44.6246 -0.0271448 0.999533 -0.0144098 0.0306683 -0.992183 -0.0286986 -0.121741 88.5845
-0.119566 0.010836 0.992801 45.2635 -0.0272275 0.999534 -0.0141896 0.0180988 -0.992476 -0.0287271 -0.119214 88.5128
-0.114103 0.0107169 0.993448 45.8866 -0.0273391 0.999535 -0.013923 0.00805784 -0.993129 -0.0287467 -0.113755 88.4397
-0.106721 0.0105143 0.994268 46.4927 -0.0274837 0.999536 -0.0135211 4.07649e-05 -0.993932 -0.0287682 -0.106381 88.3842
-0.09539 0.0103409 0.995423 47.0758 -0.0278905 0.999531 -0.0130567 -0.00812496 -0.995086 -0.0290063 -0.0950552 88.3323
-0.0817036 0.0100587 0.99664 47.6455 -0.0279009 0.999539 -0.0123763 -0.017704 -0.996289 -0.0288172 -0.0813839 88.2939
-0.0651111 0.0100617 0.997864 48.1854 -0.0283019 0.999533 -0.0119257 -0.0217942 -0.997514 -0.0290158 -0.0647948 88.269
-0.0439666 0.0100399 0.999017 48.7207 -0.0286983 0.999529 -0.0113091 -0.0273705 -0.998644 -0.0291663 -0.0436566 88.2557
-0.0195772 0.0101933 0.999793 49.2461 -0.0293575 0.999516 -0.0107658 -0.0368243 -0.999414 -0.02956 -0.0192681 88.2577
0.00796484 0.00995309 0.999953 49.7627 -0.0298598 0.999512 -0.0097118 -0.0399327 -0.999546 -0.02978 0.00825913 88.2769
0.0411573 0.0092244 0.999147 50.2882 -0.0304029 0.999511 -0.00797587 -0.0470462 -0.998727 -0.0300465 0.041417 88.3097
0.0790366 0.00811728 0.996872 50.8055 -0.0306814 0.999517 -0.00570717 -0.0496522 -0.996422 -0.0301333 0.0792483 88.3647
0.12035 0.00712954 0.992743 51.3066 -0.0308214 0.999524 -0.00344232 -0.0504129 -0.99229 -0.0301812 0.120511 88.4484
0.16584 0.00595607 0.986169 51.8191 -0.0311924 0.999518 -0.000792116 -0.0512564 -0.985682 -0.0306285 0.165946 88.5492
0.213897 0.00512327 0.976882 52.3113 -0.0314212 0.99951 0.00163745 -0.0482721 -0.976389 -0.0310427 0.21395 88.68
0.264257 0.00431893 0.964478 52.7802 -0.0316884 0.999493 0.00420574 -0.0466136 -0.963956 -0.0316732 0.26426 88.8389
0.31905 0.00391589 0.94777 53.2498 -0.0313722 0.999492 0.00643066 -0.0465471 -0.947258 -0.0317831 0.319005 89.0177
0.376418 0.00354084 0.92648 53.6959 -0.0308557 0.999491 0.00871566 -0.0499201 -0.925962 -0.0318669 0.376335 89.221
0.435724 0.00666168 0.900101 54.1061 -0.028072 0.999592 0.00619036 -0.0523129 -0.899685 -0.0279627 0.435726 89.4439
0.495716 0.00915316 0.868475 54.517 -0.0258395 0.999662 0.00421235 -0.0601358 -0.868128 -0.024528 0.495784 89.7015
0.553129 0.00926521 0.833094 54.8775 -0.0254678 0.999664 0.00579061 -0.046863 -0.832754 -0.0244178 0.55317 89.9828
0.610095 0.00916688 0.792318 55.2422 -0.0250319 0.999662 0.00770839 -0.0432902 -0.791965 -0.024535 0.610116 90.2952
0.663293 0.00884382 0.748364 55.5733 -0.0244427 0.999658 0.00984964 -0.0446714 -0.748015 -0.024823 0.663271 90.6234
0.712896 0.00777027 0.701275 55.8806 -0.0232006 0.999658 0.0125078 -0.0421668 -0.700925 -0.0251857 0.712829 90.9621
0.759603 0.00715518 0.650414 56.1759 -0.0220981 0.999651 0.0148095 -0.0246734 -0.650076 -0.02562 0.759483 91.3359
0.801674 0.00626509 0.597784 56.4329 -0.0207683 0.999639 0.0173743 -0.00977346 -0.597448 -0.0263424 0.801511 91.7229
0.839057 0.00463393 0.544105 56.6624 -0.0216947 0.99946 0.0249415 -0.00253232 -0.54369 -0.0327292 0.838689 92.1179
0.871457 0.00394171 0.490523 56.8749 -0.0198996 0.999435 0.0273213 0.01312 -0.490128 -0.0335694 0.871038 92.5456
0.897847 0.00376597 0.440394 57.0571 -0.0210424 0.999195 0.034353 0.0181102 -0.439905 -0.0401082 0.897187 92.9788
0.918967 0.00413302 0.394396 57.2215 -0.0197229 0.999182 0.0354837 0.0327961 -0.393919 -0.0403856 0.918291 93.4099
0.934863 0.00538553 0.355096 57.3591 -0.0196981 0.999139 0.036703 0.0496079 -0.354589 -0.0413045 0.934147 93.8722
0.947302 0.0068537 0.320371 57.4863 -0.0200202 0.99909 0.0378227 0.062599 -0.319813 -0.0422419 0.946571 94.3235
0.957341 0.0067195 0.289045 57.6131 -0.0187177 0.99908 0.0387652 0.0773487 -0.288514 -0.0425193 0.956567 94.7885
0.963907 0.00366427 0.266335 57.7415 -0.0146624 0.999125 0.0393175 0.082456 -0.265952 -0.0418021 0.963112 95.2581
0.968055 0.00275408 0.25091 57.8596 -0.0131156 0.999135 0.0396313 0.102209 -0.250581 -0.0416536 0.967236 95.7337
0.971314 0.00431743 0.2379 57.9668 -0.0141211 0.999125 0.0395203 0.126751 -0.237515 -0.0417446 0.970519 96.2306
0.973511 0.0100155 0.22863 58.0603 -0.0197713 0.998994 0.040419 0.159825 -0.227992 -0.0438662 0.972711 96.722
0.975032 0.0110932 0.221935 58.1584 -0.0206718 0.998956 0.0408837 0.173232 -0.221245 -0.0444494 0.974237 97.2406
0.975488 0.0151657 0.219746 58.2578 -0.0237463 0.999061 0.0364582 0.193934 -0.218984 -0.0407803 0.974911 97.7488
0.975872 0.014332 0.218022 58.3702 -0.0230087 0.999045 0.0373119 0.198573 -0.217274 -0.0414268 0.975264 98.2822
0.975356 0.014147 0.220401 58.493 -0.022919 0.999049 0.0372923 0.215848 -0.219661 -0.0414222 0.974732 98.816
0.974126 0.0141418 0.225712 58.6195 -0.0226438 0.999133 0.0351232 0.234468 -0.225014 -0.0393241 0.973595 99.3584
0.973212 0.0165203 0.229524 58.7481 -0.0241782 0.999247 0.0305905 0.257148 -0.228843 -0.0353183 0.972858 99.9231
0.972134 0.0163948 0.233998 58.8783 -0.0242598 0.999239 0.0307734 0.274288 -0.233309 -0.0355914 0.971785 100.494
0.970599 0.0165284 0.240334 59.0136 -0.0250529 0.999167 0.0324556 0.287255 -0.239594 -0.0375202 0.970185 101.085
0.969504 0.0170936 0.244619 59.1663 -0.0263389 0.999063 0.0345744 0.304887 -0.243793 -0.0399618 0.969038 101.69
0.96854 0.0142096 0.248649 59.3212 -0.0251594 0.998854 0.0409136 0.33115 -0.24778 -0.0458799 0.967767 102.29
0.967779 0.0143138 0.251532 59.482 -0.0259893 0.998739 0.043158 0.361674 -0.250591 -0.0483032 0.966922 102.919
0.966982 0.0129999 0.254704 59.6514 -0.0247729 0.998773 0.0430675 0.399537 -0.253829 -0.0479529 0.966097 103.547
0.966807 0.0112856 0.255396 59.8159 -0.0225584 0.998903 0.0412529 0.435286 -0.254644 -0.0456437 0.965992 104.18
0.967043 0.0126496 0.25449 59.9835 -0.0224512 0.999121 0.0356456 0.458142 -0.253812 -0.0401821 0.966456 104.825
0.967213 0.0150016 0.253663 60.1497 -0.0233701 0.999286 0.03001 0.478719 -0.253025 -0.0349529 0.966863 105.478
0.967694 0.013289 0.251975 60.3141 -0.0215427 0.999325 0.0300241 0.501974 -0.251402 -0.0344801 0.967307 106.145
0.968518 0.0128608 0.248754 60.4884 -0.0218831 0.999207 0.0335395 0.524531 -0.248119 -0.0379258 0.968022 106.837
0.968861 0.0104746 0.247584 60.669 -0.0210313 0.998985 0.0400313 0.546666 -0.24691 -0.0439892 0.968079 107.543
0.969567 0.0102108 0.244759 60.8499 -0.0220494 0.998722 0.045678 0.571008 -0.243974 -0.0496834 0.968543 108.264
0.969931 0.011082 0.243336 61.0267 -0.0232484 0.998624 0.0471825 0.595717 -0.242475 -0.0514181 0.968834 108.989
0.97018 0.013641 0.242149 61.1972 -0.0246717 0.998798 0.0425809 0.622697 -0.241271 -0.0472841 0.96934 109.723
0.97117 0.0154808 0.238103 61.3779 -0.0251619 0.998982 0.0376731 0.649266 -0.237274 -0.0425754 0.97055 110.472
0.972048 0.0158503 0.2344 61.5595 -0.0253434 0.998983 0.0375442 0.683446 -0.233561 -0.042434 0.971451 111.221
0.972962 0.0161223 0.230627 61.7365 -0.0255568 0.998961 0.0379784 0.722323 -0.229772 -0.0428429 0.972342 111.977
0.973882 0.0165338 0.226616 61.917 -0.0260105 0.998914 0.0388979 0.752497 -0.22572 -0.0437749 0.973243 112.76
0.974375 0.0164237 0.224563 62.0956 -0.0258516 0.99891 0.0391066 0.788419 -0.223673 -0.0439071 0.973716 113.55
0.974553 0.0177031 0.223625 62.2756 -0.0272746 0.998846 0.0397874 0.829635 -0.222656 -0.0448729 0.973899 114.329
0.974769 0.0205303 0.222521 62.4641 -0.0304782 0.998692 0.041363 0.881905 -0.221378 -0.0470986 0.974092 115.14
0.974721 0.021031 0.222602 62.6376 -0.0310805 0.998655 0.0417412 0.924323 -0.221419 -0.0476033 0.974052 115.939
0.97471 0.0225367 0.222584 62.816 -0.0327054 0.99859 0.0421049 0.962626 -0.221318 -0.0483169 0.974046 116.766
0.974546 0.0242248 0.223046 62.9902 -0.0344879 0.998522 0.0422366 0.995896 -0.221687 -0.0488525 0.973929 117.582
0.974214 0.0251882 0.224465 63.1598 -0.0356102 0.998473 0.0425039 1.03161 -0.223049 -0.0493983 0.973596 118.401
0.97354 0.0300168 0.226704 63.3382 -0.0409683 0.998211 0.043762 1.06931 -0.224979 -0.0518904 0.973017 119.249
0.972826 0.0320039 0.229561 63.5251 -0.0432584 0.998099 0.0441635 1.10742 -0.227708 -0.0528907 0.972336 120.087
0.971962 0.0325139 0.233042 63.7109 -0.0440746 0.998043 0.0445774 1.14007 -0.231131 -0.0535973 0.971482 120.913
0.97161 0.0324505 0.23459 63.9133 -0.0440218 0.998062 0.0442596 1.18373 -0.232696 -0.053327 0.97113 121.745
0.971086 0.0330516 0.236596 64.116 -0.0446745 0.998045 0.043938 1.22304 -0.234675 -0.0532358 0.970652 122.575
0.971112 0.033093 0.236556 64.3304 -0.044736 0.99804 0.0440231 1.26297 -0.234632 -0.0533308 0.970664 123.401
0.970944 0.0315336 0.237383 64.5339 -0.0431866 0.998106 0.0440548 1.29365 -0.235537 -0.053025 0.970455 124.239
0.970358 0.0326212 0.239701 64.7269 -0.0444832 0.998041 0.0442452 1.34116 -0.237785 -0.0535931 0.969883 125.067
0.970134 0.0371149 0.239879 64.9319 -0.0501506 0.997575 0.0484737 1.3808 -0.237491 -0.0590545 0.96963 125.908
0.969895 0.0376088 0.240842 65.1339 -0.0507821 0.997532 0.0487275 1.42389 -0.238411 -0.0594876 0.969386 126.745
0.969514 0.0378036 0.242266 65.327 -0.0498124 0.997815 0.0436406 1.45878 -0.240081 -0.0543765 0.969266 127.557
0.969727 0.036101 0.241748 65.5353 -0.0448406 0.998533 0.030749 1.49887 -0.24028 -0.0406553 0.969898 128.369
0.96985 0.0366761 0.241095 65.7433 -0.0452077 0.998539 0.0299553 1.52987 -0.239639 -0.0399501 0.970078 129.182
0.969794 0.0356959 0.241539 65.9413 -0.0459568 0.998271 0.0369837 1.57202 -0.239797 -0.0469638 0.969732 130
0.970434 0.0298483 0.239682 66.1522 -0.0446421 0.997413 0.0565375 1.61244 -0.237368 -0.0655643 0.969242 130.841
0.970333 0.0278524 0.240408 66.3519 -0.0450998 0.996777 0.0665436 1.65249 -0.237776 -0.0754078 0.968435 131.665
0.970686 0.0302586 0.23861 66.5416 -0.0470523 0.996785 0.0650082 1.68659 -0.23587 -0.0743281 0.968976 132.474
0.970737 0.0402294 0.236996 66.7247 -0.0538179 0.997253 0.0511507 1.73145 -0.234284 -0.062405 0.97021 133.274
0.970693 0.0417627 0.236839 66.9112 -0.0535094 0.997635 0.0433936 1.76897 -0.234461 -0.0547936 0.970618 134.069
0.971496 0.0387977 0.234109 67.1118 -0.0502889 0.997809 0.0433181 1.789 -0.231912 -0.0538533 0.971292 134.88
0.972252 0.0367431 0.231213 67.3013 -0.0480153 0.997916 0.0433204 1.82031 -0.229134 -0.0532184 0.971978 135.685
0.973023 0.0371794 0.227952 67.4811 -0.0483872 0.997883 0.0437796 1.85154 -0.225837 -0.0536252 0.972736 136.485
0.97413 0.0372614 0.22308 67.6594 -0.048231 0.997879 0.0439339 1.88262 -0.220965 -0.053555 0.97385 137.293
0.974775 0.0362976 0.220487 67.8244 -0.0468635 0.997995 0.0428823 1.91749 -0.218484 -0.05213 0.974495 138.088
0.975388 0.0353034 0.217837 67.9911 -0.0459898 0.997974 0.0441888 1.93014 -0.21583 -0.0531179 0.975025 138.897
0.975808 0.0343748 0.216179 68.1573 -0.0450812 0.997992 0.044793 1.95333 -0.214202 -0.0534517 0.975374 139.697
0.976025 0.0337391 0.215219 68.3274 -0.0445128 0.997985 0.0454157 1.98331 -0.213248 -0.0539053 0.975549 140.482
0.976606 0.0329621 0.212774 68.4982 -0.0439208 0.997943 0.0469863 2.01088 -0.210784 -0.0552288 0.97602 141.28
0.977095 0.0330614 0.210418 68.6646 -0.0439696 0.997918 0.0473807 2.04613 -0.208409 -0.0555457 0.976503 142.067
0.977966 0.0326813 0.206475 68.8276 -0.0424285 0.99819 0.0429594 2.0763 -0.204693 -0.0507698 0.977558 142.842
0.979393 0.0321508 0.199593 68.9922 -0.0416264 0.998196 0.0434663 2.11427 -0.197831 -0.0508774 0.978954 143.634
0.980746 0.0303375 0.193229 69.1477 -0.0401442 0.9981 0.0470422 2.14487 -0.191431 -0.0538899 0.980075 144.421
0.981701 0.0286672 0.188473 69.294 -0.0395663 0.997748 0.0543291 2.18567 -0.186487 -0.0607905 0.980614 145.202
0.982703 0.0269071 0.18355 69.443 -0.0389973 0.997292 0.0625834 2.21951 -0.181365 -0.0686548 0.981066 146.008
0.98337 0.0252792 0.180078 69.5743 -0.0373346 0.997268 0.0638792 2.27264 -0.177967 -0.0695382 0.981616 146.784
0.984354 0.0292353 0.174106 69.7107 -0.0404592 0.997316 0.061273 2.31003 -0.171844 -0.0673545 0.982869 147.578
0.985454 0.0306394 0.167413 69.8371 -0.0396669 0.997927 0.050855 2.33903 -0.165503 -0.0567542 0.984615 148.36
0.986511 0.0278647 0.16168 69.9627 -0.035747 0.998314 0.0460531 2.36632 -0.16012 -0.051208 0.985818 149.143
0.987687 0.0270273 0.154367 70.0891 -0.0346995 0.99829 0.04723 2.40598 -0.152823 -0.0520031 0.986925 149.95
0.988612 0.0337775 0.147062 70.1896 -0.0416931 0.99784 0.0510834 2.45612 -0.145015 -0.0566294 0.987858 150.755
0.989422 0.039113 0.140003 70.282 -0.0467081 0.997595 0.0513913 2.50474 -0.137653 -0.0573852 0.988858 151.563
0.990859 0.0396295 0.129426 70.3839 -0.0464119 0.997695 0.0498214 2.54728 -0.12715 -0.0553691 0.990388 152.367
0.991943 0.0392961 0.120798 70.4789 -0.045592 0.997727 0.0498166 2.588 -0.118562 -0.0549208 0.991468 153.178
0.992751 0.0391774 0.114162 70.5546 -0.0453581 0.997628 0.0520616 2.63426 -0.111849 -0.0568585 0.992148 153.996
0.993722 0.0395695 0.105065 70.6393 -0.0459524 0.997205 0.0590571 2.68656 -0.102432 -0.0635124 0.992752 154.82
0.994422 0.0391449 0.0985687 70.7013 -0.0457177 0.99683 0.0653401 2.73671 -0.0956959 -0.0694776 0.993034 155.646
0.995255 0.0382142 0.089973 70.7706 -0.0445245 0.996616 0.0692223 2.78229 -0.0870206 -0.0728978 0.993577 156.467
0.99581 0.0379026 0.0839587 70.837 -0.0439306 0.996513 0.071164 2.84156 -0.0809662 -0.0745497 0.993976 157.286
0.996074 0.0373929 0.0807871 70.8985 -0.0431928 0.996528 0.0712976 2.89992 -0.0778381 -0.0745049 0.994219 158.104
0.996429 0.0402898 0.07505 70.95 -0.0453539 0.996735 0.0670524 2.93436 -0.072101 -0.0702124 0.994975 158.922
0.996414 0.046298 0.0714487 70.9952 -0.0506662 0.996883 0.0606127 2.98849 -0.0684174 -0.0640134 0.995642 159.735
0.996558 0.0469779 0.069234 71.0446 -0.051197 0.996871 0.0604959 3.02531 -0.0661731 -0.063828 0.995817 160.546
0.996783 0.0470194 0.0655974 71.0898 -0.0513789 0.996474 0.0664617 3.06601 -0.0622389 -0.0696161 0.995672 161.375
0.996883 0.0457207 0.0653013 71.1362 -0.0507027 0.995773 0.0768096 3.12113 -0.0615112 -0.0798762 0.994957 162.203
0.99726 0.0445052 0.0598711 71.1742 -0.0494597 0.995245 0.0840214 3.16618 -0.0558449 -0.0867499 0.994706 163.033
0.99768 0.0415988 0.0550801 71.2185 -0.0458951 0.995818 0.0792003 3.23171 -0.0515531 -0.0815395 0.995388 163.839
0.998103 0.0365999 0.0504242 71.2654 -0.040101 0.996734 0.0703005 3.25652 -0.047684 -0.072187 0.996297 164.649
0.998467 0.0367407 0.0429292 71.3037 -0.0396527 0.996838 0.0690909 3.30433 -0.0402532 -0.0706826 0.996738 165.471
0.998724 0.0366518 0.036065 71.3229 -0.0390991 0.996815 0.0697169 3.36661 -0.0333928 -0.0710358 0.996962 166.292
0.999047 0.0342968 0.0293004 71.3472 -0.036439 0.996456 0.0760307 3.40931 -0.0265876 -0.0770211 0.996726 167.118
0.999293 0.0326038 0.0210902 71.3697 -0.034213 0.99613 0.0811454 3.46002 -0.0183612 -0.0818073 0.996527 167.958
0.999596 0.0267733 0.0148612 71.3859 -0.0279212 0.996145 0.0833553 3.51164 -0.012571 -0.0837315 0.99646 168.793
0.999784 0.0208174 0.00976018 71.3954 -0.0215671 0.996213 0.084405 3.57091 -0.00796474 -0.0845949 0.996432 169.618
0.999911 0.0174127 0.00222532 71.3959 -0.0175342 0.996742 0.078937 3.63957 -0.000842503 -0.078964 0.996929 170.45
1.00001 0.00807819 -0.00437182 71.4004 -0.00775803 0.997609 0.0688967 3.70779 0.00491886 -0.068861 0.997663 171.266
0.999986 0.00401791 -0.0119928 71.4131 -0.00317731 0.997603 0.0693716 3.77852 0.0122436 -0.0693277 0.997572 172.101
0.999861 0.00578866 -0.0185013 71.3951 -0.00438046 0.997168 0.075282 3.85721 0.0188851 -0.0751883 0.997039 172.944
0.999678 0.0165446 -0.0224156 71.3591 -0.0145726 0.996251 0.0854743 3.9485 0.0237462 -0.0851147 0.996142 173.798
0.999471 0.0194702 -0.0278948 71.3267 -0.0166905 0.995197 0.0966245 4.01506 0.0296423 -0.0961053 0.994978 174.651
0.999384 0.019233 -0.0315466 71.2914 -0.0162135 0.99552 0.0933408 4.08799 0.0332008 -0.0927661 0.995189 175.483
0.999286 0.0213413 -0.0327377 71.2558 -0.0183713 0.995925 0.0884732 4.145 0.0344924 -0.0878061 0.995589 176.33
0.998912 0.0313296 -0.0364374 71.2085 -0.0283966 0.996534 0.0784068 4.21498 0.0387678 -0.0772816 0.99631 177.148
0.998932 0.028577 -0.037652 71.1676 -0.025588 0.996673 0.0775934 4.2899 0.039744 -0.0765447 0.996323 177.999
0.998889 0.0266889 -0.0405383 71.1391 -0.0233141 0.996412 0.0815646 4.35434 0.04257 -0.0805235 0.995899 178.844
0.998825 0.0279042 -0.0408724 71.1088 -0.0243545 0.996108 0.0848991 4.42326 0.0430823 -0.0838014 0.9956 179.696
0.998883 0.0284767 -0.0394821 71.0624 -0.024926 0.995853 0.087684 4.49686 0.0418156 -0.0865963 0.995422 180.56
0.998739 0.02924 -0.0420366 71.0208 -0.025481 0.995871 0.0873186 4.55437 0.0444159 -0.0861347 0.995343 181.402
0.998756 0.0256913 -0.0443338 70.9833 -0.0221788 0.996724 0.0779878 4.62325 0.0461926 -0.0769021 0.996024 182.245
0.998807 0.0195132 -0.0458466 70.9504 -0.0163 0.997472 0.0694363 4.64958 0.047085 -0.0686038 0.996584 183.089
0.998806 0.0125021 -0.0486978 70.9353 -0.00925877 0.997775 0.0662819 4.70062 0.0494186 -0.0657468 0.996669 183.924
0.998761 0.013297 -0.0489738 70.8861 -0.00987449 0.997554 0.0694705 4.7738 0.0497769 -0.0688985 0.996433 184.783
0.998604 0.0170623 -0.051328 70.8363 -0.013157 0.997076 0.0754981 4.84954 0.0524664 -0.0747122 0.995881 185.634
0.998524 0.016562 -0.0526724 70.783 -0.0124213 0.996896 0.0779879 4.90724 0.0537995 -0.077216 0.995615 186.477
0.998558 0.0147601 -0.0528897 70.7304 -0.0106057 0.996914 0.0780008 4.97024 0.053878 -0.0773222 0.995607 187.308
0.998479 0.0148937 -0.0540058 70.6822 -0.010966 0.997341 0.0723043 5.02796 0.0549379 -0.0715995 0.995973 188.137
0.998403 0.0189939 -0.0544154 70.6259 -0.0150281 0.997279 0.0723968 5.08054 0.0556426 -0.0714583 0.995949 188.979
0.998443 0.0191 -0.0533586 70.5724 -0.0150886 0.997119 0.0745894 5.13539 0.0546285 -0.0736656 0.995839 189.813
0.998351 0.0188414 -0.0554363 70.5177 -0.0145986 0.997018 0.075981 5.2001 0.0567027 -0.075041 0.995626 190.643
0.998217 0.0244258 -0.0553787 70.4671 -0.0199919 0.996674 0.079237 5.26525 0.0571289 -0.0779859 0.99537 191.465
0.998285 0.0242463 -0.0545072 70.4111 -0.0198673 0.996652 0.0795026 5.3292 0.0562524 -0.0782778 0.995404 192.281
0.998169 0.0249112 -0.0560416 70.3595 -0.0203522 0.996567 0.0804839 5.38321 0.0578531 -0.0791931 0.995234 193.101
0.998254 0.0240153 -0.0551906 70.3137 -0.0197012 0.996819 0.0774332 5.4429 0.0568746 -0.0762052 0.995529 193.906
0.998122 0.0244149 -0.0570958 70.2576 -0.0199225 0.996777 0.0779535 5.49894 0.0588138 -0.0766668 0.995375 194.713
0.997902 0.0260706 -0.06034 70.2076 -0.0209522 0.996265 0.083964 5.57645 0.0623033 -0.0825181 0.9947 195.523
0.997797 0.0261203 -0.061843 70.159 -0.0203894 0.995612 0.0915387 5.64466 0.0639613 -0.090073 0.993934 196.31
