1 0 0 0 0 1 0 0 0 0 1 0
0.999999 -0.00117709 -0.000993491 -0.00468782 0.00117943 0.999997 0.00242342 -0.00928541 0.000990586 -0.00242453 0.999997 1.53099
0.999999 -0.000923971 -0.000352418 -0.0164089 0.000925984 0.999984 0.00570527 -0.0113401 0.000347092 -0.00570563 0.999984 3.03974
0.999995 0.000335207 -0.00342877 -0.0221759 -0.000311181 0.999976 0.0069995 -0.00966732 0.00343088 -0.00699821 0.99997 4.56193
0.999996 0.00125766 -0.00276972 -0.0406658 -0.00123419 0.999964 0.00845159 -0.00721598 0.00278015 -0.00844819 0.999961 6.05583
0.999983 0.00178581 -0.00581228 -0.0473558 -0.00173038 0.999954 0.00953339 0.00332146 0.00582882 -0.00952301 0.999938 7.56711
0.999969 0.00220223 -0.00766391 -0.0672217 -0.00212592 0.999948 0.00994582 0.0147877 0.00768527 -0.00992912 0.999922 9.06717
0.999971 0.00231305 -0.00746633 -0.0876216 -0.00222568 0.99993 0.011685 0.0230963 0.00749244 -0.0116679 0.999905 10.5504
0.999945 0.00249434 -0.0102635 -0.104074 -0.00237083 0.999925 0.0120217 0.0401789 0.0102925 -0.0119966 0.999876 12.0505
0.999934 0.00301839 -0.011283 -0.128652 -0.00287225 0.999913 0.0129421 0.0434376 0.0113206 -0.0129086 0.999854 13.5411
0.999943 0.00367492 -0.0101701 -0.15503 -0.0035173 0.999875 0.015468 0.0525239 0.0102255 -0.0154313 0.99983 15.0176
0.999915 0.00405273 -0.0125512 -0.177663 -0.00381785 0.99982 0.0186815 0.0712688 0.0126242 -0.0186317 0.999749 16.5048
0.99991 0.00440307 -0.0128521 -0.207624 -0.00413257 0.999772 0.0209946 0.094088 0.0129414 -0.0209395 0.999699 17.9809
0.999929 0.00453492 -0.0112057 -0.234905 -0.00426849 0.999712 0.0236838 0.120696 0.0113093 -0.023634 0.999659 19.4418
0.999901 0.00451969 -0.0134701 -0.262262 -0.00416986 0.999657 0.0258864 0.145964 0.0135823 -0.0258275 0.999576 20.9128
0.999919 0.00454449 -0.0120489 -0.286562 -0.00421991 0.999632 0.0268265 0.17632 0.0121659 -0.0267733 0.99957 22.3669
0.999896 0.00487013 -0.0137846 -0.319732 -0.00447388 0.999581 0.0286343 0.206256 0.0139181 -0.0285695 0.999498 23.8303
0.999899 0.00513275 -0.0134017 -0.347171 -0.0047301 0.999543 0.0299016 0.23905 0.0135485 -0.0298349 0.999466 25.2792
0.999924 0.00523692 -0.0113952 -0.37549 -0.00488791 0.999526 0.030444 0.273328 0.0115491 -0.0303858 0.999474 26.7124
0.999907 0.00525162 -0.0127821 -0.403466 -0.00485846 0.999522 0.0305923 0.31391 0.0129361 -0.0305271 0.999453 28.1485
0.999915 0.00495798 -0.0123405 -0.428667 -0.00456293 0.999484 0.0318384 0.341908 0.0124919 -0.0317792 0.99942 29.5789
0.999936 0.00458184 -0.0106113 -0.450461 -0.00422614 0.999438 0.0332946 0.381138 0.0107575 -0.0332474 0.999393 30.9926
0.999922 0.00432544 -0.0120197 -0.474603 -0.00389999 0.999375 0.0351987 0.423218 0.0121643 -0.0351488 0.999312 32.4106
0.999945 0.00424078 -0.00991901 -0.490062 -0.00388083 0.999345 0.0360277 0.470816 0.0100649 -0.0359869 0.999306 33.8012
0.999938 0.00419907 -0.0106547 -0.516396 -0.00381081 0.999339 0.0362049 0.519229 0.0107996 -0.0361618 0.999291 35.1768
0.999944 0.00426218 -0.0100143 -0.539795 -0.00388873 0.999309 0.0370181 0.567987 0.0101647 -0.0369768 0.999269 36.5482
0.999967 0.00422988 -0.00741807 -0.552878 -0.00394391 0.999266 0.0381392 0.615921 0.00757385 -0.0381084 0.999249 37.899
0.999967 0.00423795 -0.00747728 -0.576295 -0.00394184 0.999226 0.0391793 0.663647 0.00763709 -0.0391482 0.999209 39.2303
0.999979 0.00425624 -0.0057423 -0.594349 -0.00401807 0.999159 0.0408615 0.710452 0.00591123 -0.0408372 0.999152 40.5549
0.999991 0.00438742 -0.00263723 -0.604701 -0.00427202 0.999099 0.042284 0.755534 0.00281993 -0.0422719 0.999107 41.852
0.999991 0.00484433 -0.00151443 -0.613745 -0.0047742 0.999054 0.0432793 0.810626 0.00172249 -0.0432713 0.999066 43.1311
0.999987 0.00506657 0.00310439 -0.616488 -0.00519795 0.999025 0.0438836 0.861926 -0.00287945 -0.0438989 0.999037 44.3967
0.999974 0.00535407 0.005673 -0.621106 -0.00560234 0.998987 0.0447014 0.915025 -0.00542802 -0.0447316 0.998988 45.6443
0.999925 0.00555898 0.0114859 -0.619571 -0.00606858 0.998979 0.0448168 0.97581 -0.0112254 -0.0448826 0.998935 46.8727
0.999922 0.00590998 0.0114355 -0.610439 -0.00643109 0.998919 0.0460886 1.03402 -0.0111509 -0.0461581 0.998876 48.1048
0.999827 0.00605826 0.0180104 -0.594113 -0.00689668 0.99888 0.0468573 1.08565 -0.0177066 -0.0469729 0.998745 49.3046
0.999677 0.00644049 0.0248103 -0.573474 -0.00760851 0.998855 0.0472798 1.14069 -0.0244774 -0.0474528 0.998578 50.4983
0.999436 0.00654327 0.0331786 -0.549089 -0.00810683 0.998854 0.047212 1.19481 -0.0328319 -0.0474539 0.99834 51.6846
0.999165 0.00676178 0.0404106 -0.517319 -0.00870361 0.998808 0.0480762 1.2388 -0.0400373 -0.0483873 0.998031 52.8544
0.998634 0.00698887 0.0519186 -0.464745 -0.00949611 0.998795 0.0482031 1.29568 -0.0515194 -0.0486297 0.997494 54.0145
0.997932 0.00711028 0.0639733 -0.411766 -0.0102148 0.998781 0.0483364 1.34628 -0.0635516 -0.0488894 0.996786 55.166
0.996877 0.00701571 0.0787574 -0.338225 -0.0108682 0.998762 0.0485941 1.39533 -0.0783192 -0.0492976 0.995715 56.3011
0.995325 0.00701447 0.0963891 -0.242426 -0.0117794 0.998734 0.0489568 1.44724 -0.0959235 -0.0498629 0.994144 57.4236
0.993609 0.00699372 0.112725 -0.137005 -0.0126757 0.998683 0.0497681 1.48933 -0.112229 -0.0508783 0.992386 58.5279
0.991245 0.0070345 0.131891 -0.000944081 -0.0137348 0.998659 0.0499631 1.53477 -0.131363 -0.0513367 0.99001 59.6211
0.988258 0.00592679 0.152728 0.158086 -0.0136038 0.998696 0.0492701 1.57945 -0.152237 -0.0507686 0.987047 60.7112
0.985031 0.00543765 0.172329 0.325474 -0.0141758 0.998676 0.0495187 1.62201 -0.17183 -0.0512199 0.983801 61.7706
0.980685 -0.00124071 0.195632 0.530486 -0.00917218 0.998592 0.052312 1.6535 -0.195421 -0.0530952 0.979289 62.8157
0.975779 -0.00757876 0.218662 0.752504 -0.00464279 0.99846 0.055326 1.70086 -0.218744 -0.0550006 0.974238 63.8576
0.970086 -0.0131505 0.242442 0.996605 -0.000624104 0.998397 0.0566514 1.728 -0.242798 -0.0551072 0.968519 64.8641
0.963078 -0.0189619 0.268581 1.26812 0.00428472 0.998473 0.0551293 1.74936 -0.269215 -0.0519424 0.961685 65.8598
0.955776 -0.0203312 0.293424 1.55519 0.00420672 0.998454 0.055479 1.79865 -0.294097 -0.0517903 0.954381 66.8275
0.946677 -0.0218824 0.321463 1.87378 0.00417529 0.998443 0.0556701 1.84194 -0.32218 -0.0513589 0.945291 67.7847
0.936928 -0.0227782 0.348809 2.21838 0.00334268 0.998416 0.0562203 1.87948 -0.349537 -0.0515074 0.935516 68.7228
0.925801 -0.0232373 0.377315 2.58457 0.00185455 0.998379 0.0569362 1.91851 -0.378025 -0.0520113 0.924341 69.6368
0.913216 -0.0229224 0.406857 2.97005 2.42177e-05 0.998423 0.0561967 1.98716 -0.407503 -0.0513088 0.911772 70.5387
0.89992 -0.0238001 0.435423 3.38362 0.0011415 0.998639 0.0522265 2.04123 -0.436071 -0.0465021 0.898718 71.4114
0.885617 -0.0241682 0.463811 3.82677 -4.31343e-05 0.998644 0.052119 2.08584 -0.464441 -0.0461765 0.884411 72.2561
0.869132 -0.0244281 0.493993 4.29632 -0.0030345 0.998503 0.0547156 2.11462 -0.494587 -0.0490536 0.867752 73.1047
0.851659 -0.0235996 0.523585 4.7819 -0.00784426 0.998303 0.0577557 2.15542 -0.524058 -0.0532941 0.850025 73.9137
0.831792 -0.0242291 0.554575 5.2975 -0.0097029 0.998265 0.0581672 2.19892 -0.555018 -0.0537634 0.830108 74.6987
0.810043 -0.0258244 0.585821 5.82938 -0.0119621 0.998098 0.0605388 2.24141 -0.586267 -0.0560456 0.80819 75.478
0.787748 -0.0208777 0.61566 6.38216 -0.0152233 0.998466 0.0533379 2.28121 -0.615825 -0.0513886 0.786215 76.2113
0.764752 -0.0207933 0.644009 6.97212 -0.0172453 0.998465 0.052716 2.3317 -0.644114 -0.0514194 0.763216 76.924
0.741603 -0.0217067 0.670502 7.5845 -0.0187685 0.998418 0.0530818 2.3743 -0.670591 -0.0519494 0.740017 77.6074
0.716764 -0.0222321 0.696981 8.21867 -0.0204189 0.998398 0.0528448 2.42512 -0.697036 -0.0521075 0.715158 78.2629
0.690764 -0.0229022 0.722732 8.86548 -0.0221509 0.998363 0.0528082 2.45548 -0.722756 -0.0524865 0.689121 78.896
0.664231 -0.0229205 0.747194 9.52943 -0.024103 0.998357 0.0520517 2.51153 -0.747157 -0.0525826 0.662584 79.4981
0.63642 -0.0229957 0.771013 10.2256 -0.0259966 0.998352 0.0512352 2.55945 -0.770918 -0.0526502 0.634769 80.0864
0.608465 -0.0230238 0.793265 10.9293 -0.0278998 0.998344 0.0503763 2.59665 -0.793108 -0.0527827 0.606812 80.6411
0.579407 -0.0248298 0.814674 11.6599 -0.0290445 0.998277 0.0510831 2.63855 -0.814534 -0.0532591 0.577683 81.1721
0.548196 -0.0183266 0.836166 12.4174 -0.0315178 0.998601 0.0425501 2.68143 -0.835773 -0.0496786 0.546849 81.6818
0.517973 -0.0120744 0.855325 13.1784 -0.0365567 0.998679 0.0362369 2.70744 -0.854628 -0.0500369 0.516844 82.1586
0.485747 -0.0115892 0.874041 13.9699 -0.0378522 0.998699 0.0342785 2.75514 -0.873297 -0.0497335 0.484673 82.6137
0.452008 -0.0113407 0.891955 14.791 -0.0393674 0.998696 0.0326484 2.79828 -0.891158 -0.0498707 0.450968 83.0501
0.419751 -0.0168363 0.907501 15.6238 -0.0424896 0.998372 0.0381754 2.8262 -0.906661 -0.0545819 0.41835 83.442
0.384249 -0.0187175 0.923053 16.4833 -0.0494892 0.997945 0.0408381 2.8547 -0.921915 -0.0613725 0.38253 83.8251
0.349727 -0.0171016 0.936714 17.3405 -0.0577592 0.997543 0.0397772 2.88559 -0.935087 -0.0680132 0.347878 84.1618
0.313627 -0.0153543 0.949435 18.2258 -0.0655308 0.997141 0.0377732 2.92256 -0.947295 -0.0740632 0.311721 84.477
0.276572 -0.0157007 0.960882 19.1355 -0.0669958 0.997124 0.0355768 2.95182 -0.958671 -0.0742128 0.274723 84.7565
0.239569 -0.0168068 0.970748 20.0567 -0.0684976 0.997072 0.0341675 2.97726 -0.968474 -0.0746786 0.237714 85.0072
0.203473 -0.0174411 0.978943 20.9869 -0.0694931 0.997068 0.0322086 2.99995 -0.976628 -0.0745815 0.201663 85.2127
0.167328 -0.0178665 0.985753 21.9358 -0.0707034 0.997049 0.0300734 3.02444 -0.983376 -0.0747275 0.165569 85.377
0.133073 -0.0186887 0.990948 22.8788 -0.0665028 0.997407 0.0277416 3.02925 -0.988889 -0.0695907 0.131484 85.4987
0.098375 -0.0182606 0.994996 23.8371 -0.0673933 0.997419 0.0249689 3.06692 -0.992878 -0.0695117 0.0968894 85.6013
0.0664485 -0.0177881 0.997649 24.7929 -0.0688825 0.997381 0.0223716 3.10187 -0.995426 -0.0702053 0.0650487 85.6638
0.036662 -0.0185862 0.999169 25.7611 -0.0686562 0.997423 0.0210735 3.10691 -0.99698 -0.0693709 0.0352909 85.7007
0.00997488 -0.0181957 0.999803 26.7311 -0.0690054 0.997445 0.0188417 3.13781 -0.997583 -0.0691779 0.00869393 85.7114
-0.0117807 -0.018219 0.999779 27.7126 -0.0691435 0.99746 0.0173626 3.1679 -0.997551 -0.0689228 -0.0130106 85.7033
-0.0312019 -0.0194368 0.999343 28.6955 -0.0697884 0.997419 0.017221 3.18947 -0.997091 -0.0692033 -0.0324773 85.6801
-0.049117 -0.0193379 0.998621 29.6769 -0.0703908 0.997398 0.0158526 3.20215 -0.996324 -0.0695141 -0.0503503 85.6376
-0.0633886 -0.0192295 0.997822 30.6624 -0.0712521 0.997356 0.0146947 3.21581 -0.995459 -0.0701635 -0.0645904 85.5766
-0.0757273 -0.019029 0.996962 31.6493 -0.0716278 0.997343 0.0135961 3.22133 -0.994568 -0.0703796 -0.0768887 85.504
-0.0862995 -0.0153909 0.996169 32.6324 -0.0663124 0.997758 0.00967127 3.22626 -0.994077 -0.0652218 -0.0871257 85.4148
-0.0918378 -0.0149022 0.995678 33.6249 -0.0663543 0.997761 0.00881367 3.2452 -0.993576 -0.0652569 -0.0926206 85.3159
-0.0959748 -0.0145797 0.995296 34.6169 -0.0663274 0.997771 0.00822072 3.2615 -0.993189 -0.0652245 -0.0967267 85.2194
-0.0997628 -0.0147861 0.994917 35.6167 -0.0662957 0.997771 0.0081815 3.26636 -0.992816 -0.0651414 -0.10052 85.1174
-0.101618 -0.0144641 0.994738 36.6129 -0.066216 0.997782 0.00774454 3.27695 -0.992635 -0.0650786 -0.102349 85.0139
-0.104975 -0.0126627 0.99441 37.6091 -0.0665134 0.997773 0.00568465 3.28915 -0.992264 -0.0655438 -0.105583 84.9084
-0.106236 -0.0124793 0.994282 38.6093 -0.066682 0.997766 0.00539886 3.29687 -0.992121 -0.0657253 -0.10683 84.8011
-0.108429 -0.0128552 0.994037 39.6207 -0.0662072 0.997794 0.00568255 3.29206 -0.991913 -0.0651952 -0.109041 84.6852
-0.111559 -0.0135165 0.993686 40.6274 -0.0658349 0.997818 0.00618222 3.30562 -0.991594 -0.0647274 -0.112204 84.5772
-0.113164 -0.0137589 0.993497 41.6452 -0.0657703 0.997819 0.00632779 3.31245 -0.991414 -0.0646255 -0.113821 84.4631
-0.11534 -0.0137147 0.993252 42.6621 -0.0664895 0.997775 0.00605683 3.31238 -0.991118 -0.06534 -0.115993 84.3475
-0.118619 -0.013539 0.992864 43.6658 -0.0664859 0.997776 0.00566339 3.32242 -0.990729 -0.0653385 -0.119254 84.2286
-0.120231 -0.0133954 0.992676 44.6987 -0.0665959 0.997771 0.00539898 3.32187 -0.990529 -0.0654569 -0.120854 84.1085
-0.123438 -0.0134889 0.992278 45.7126 -0.0671337 0.997735 0.00521239 3.32731 -0.990097 -0.0659707 -0.124063 83.9962
-0.124806 -0.0107865 0.992142 46.7643 -0.0705005 0.997515 0.0019772 3.32917 -0.989693 -0.0696977 -0.125255 83.8729
-0.127397 -0.0111765 0.991806 47.8028 -0.0709638 0.997481 0.00212592 3.3308 -0.989328 -0.0701103 -0.127869 83.7516
-0.130733 -0.0119475 0.991366 48.8514 -0.0721184 0.997399 0.00251079 3.33126 -0.988811 -0.0711653 -0.131253 83.6271
-0.132245 -0.0115815 0.991167 49.9074 -0.0734804 0.9973 0.0018499 3.35541 -0.988508 -0.0725855 -0.132738 83.4865
-0.134819 -0.0123573 0.990814 50.9663 -0.0740979 0.997254 0.0023562 3.34542 -0.988116 -0.0730974 -0.135363 83.3491
-0.137545 -0.0123424 0.990436 52.0135 -0.0745986 0.997217 0.00206787 3.34664 -0.9877 -0.0735995 -0.138082 83.2128
-0.138487 -0.0126766 0.990304 53.0725 -0.0753071 0.997164 0.00223425 3.34512 -0.987519 -0.0742651 -0.139047 83.0619
-0.139387 -0.0127106 0.990175 54.1343 -0.07571 0.997133 0.00214298 3.34755 -0.987358 -0.0746662 -0.139949 82.9122
-0.140475 -0.0129151 0.990021 55.2004 -0.0760074 0.997111 0.00222383 3.35235 -0.987184 -0.0749341 -0.141049 82.77
-0.139466 -0.0136212 0.990152 56.2759 -0.07677 0.997051 0.00290352 3.35821 -0.987265 -0.0756077 -0.1401 82.6231
-0.139972 -0.0139592 0.990079 57.3543 -0.0774511 0.996998 0.00310814 3.37076 -0.987144 -0.0762452 -0.140631 82.4883
-0.139248 -0.0141039 0.990176 58.4334 -0.0783604 0.996926 0.00318108 3.37917 -0.987171 -0.0771463 -0.139924 82.3487
-0.139263 -0.0145377 0.990171 59.5131 -0.0786554 0.996902 0.00357506 3.38308 -0.987149 -0.0773819 -0.139973 82.2084
-0.139906 -0.0149773 0.990071 60.5949 -0.0795442 0.99683 0.00384002 3.38885 -0.986984 -0.0782157 -0.140653 82.0732
-0.138981 -0.0159333 0.990189 61.6913 -0.0795736 0.996824 0.00487224 3.38409 -0.987115 -0.0781133 -0.139806 81.9227
-0.139233 -0.022016 0.990034 62.7924 -0.0777595 0.996915 0.0112341 3.38186 -0.987221 -0.0754191 -0.140514 81.7675
-0.141341 -0.0279468 0.989589 63.8862 -0.0740995 0.997102 0.0175766 3.38559 -0.987207 -0.0708413 -0.143 81.6164
-0.140232 -0.0267935 0.989776 64.9921 -0.0673584 0.997582 0.0174622 3.39481 -0.987844 -0.0642196 -0.141697 81.4436
-0.141025 -0.0217668 0.989789 66.0839 -0.0640539 0.99787 0.0128193 3.39609 -0.987955 -0.0615896 -0.142117 81.2793
-0.138688 -0.0164468 0.99022 67.1937 -0.0609717 0.998114 0.00803923 3.4047 -0.988477 -0.0592591 -0.139429 81.1215
-0.138106 -0.0165783 0.990301 68.3059 -0.0613189 0.998091 0.00815848 3.42298 -0.988541 -0.059595 -0.138857 80.9636
-0.13893 -0.0170569 0.990176 69.4256 -0.0623369 0.998027 0.00844659 3.45089 -0.988359 -0.0605496 -0.139718 80.8232
-0.137543 -0.0206052 0.990305 70.552 -0.0635745 0.997911 0.0119349 3.4418 -0.988477 -0.061314 -0.138564 80.6656
-0.137303 -0.0219706 0.990306 71.686 -0.0646532 0.997827 0.0131743 3.44962 -0.988437 -0.0622161 -0.138425 80.5167
-0.137733 -0.022337 0.990241 72.8275 -0.0657286 0.997754 0.0133656 3.46282 -0.98831 -0.0632437 -0.13889 80.3651
-0.136736 -0.0222273 0.99038 73.9565 -0.0659092 0.997744 0.0132937 3.47797 -0.988434 -0.0634557 -0.137892 80.2009
-0.136932 -0.0219301 0.990361 75.0926 -0.0659013 0.997748 0.0129831 3.50384 -0.98841 -0.0634857 -0.138067 80.051
-0.135717 -0.023587 0.990489 76.2313 -0.0676912 0.99761 0.0144823 3.49722 -0.988455 -0.0650803 -0.136988 79.8933
-0.135576 -0.0289477 0.990368 77.3823 -0.0667315 0.997576 0.0200244 3.51244 -0.988542 -0.0633712 -0.137178 79.7401
-0.136115 -0.0296831 0.990271 78.5422 -0.0678948 0.99749 0.020568 3.52714 -0.988387 -0.0644331 -0.137787 79.5864
-0.134933 -0.0297304 0.990432 79.6984 -0.0691114 0.997404 0.0205254 3.5462 -0.988466 -0.0656779 -0.136636 79.4314
-0.134845 -0.0295922 0.990447 80.8614 -0.0690348 0.997414 0.0204024 3.57142 -0.988482 -0.0656225 -0.136537 79.282
-0.135518 -0.0303711 0.990333 82.0453 -0.0697035 0.997352 0.0210493 3.58869 -0.988345 -0.0661744 -0.137274 79.1304
-0.133782 -0.0306036 0.990561 83.2204 -0.0696916 0.997347 0.0214019 3.61572 -0.988581 -0.0661688 -0.135558 78.9701
-0.133111 -0.0309417 0.990642 84.3989 -0.0694897 0.99735 0.0218152 3.63962 -0.988687 -0.0659328 -0.134907 78.8121
-0.132694 -0.030858 0.9907 85.5887 -0.0693274 0.997364 0.0217809 3.66217 -0.988753 -0.0657908 -0.134482 78.6541
-0.131401 -0.030844 0.990873 86.771 -0.0689621 0.997385 0.0219027 3.68677 -0.988952 -0.0654521 -0.133183 78.497
-0.131065 -0.0310333 0.990912 87.9732 -0.0696284 0.997338 0.0220261 3.70945 -0.98895 -0.0661069 -0.132875 78.338
-0.128838 -0.0312061 0.991199 89.1567 -0.0692071 0.997357 0.0224056 3.73276 -0.989273 -0.0657087 -0.130655 78.1791
-0.127571 -0.0316556 0.991348 90.3647 -0.0691121 0.997352 0.0229547 3.7542 -0.989443 -0.0655839 -0.12942 78.028
-0.127149 -0.0320563 0.99139 91.5841 -0.0701386 0.997273 0.0232523 3.77593 -0.989426 -0.0665756 -0.129049 77.8753
-0.125029 -0.0326544 0.99164 92.7885 -0.0701886 0.997253 0.0239907 3.79427 -0.989692 -0.0666003 -0.126976 77.7206
-0.123381 -0.0323984 0.991855 94.0055 -0.0712617 0.997182 0.0237092 3.82317 -0.989823 -0.0677535 -0.12534 77.5728
-0.123182 -0.0321216 0.991888 95.2338 -0.0716239 0.997165 0.0233986 3.84396 -0.98982 -0.0681586 -0.125133 77.4336
-0.120866 -0.0329038 0.992149 96.4557 -0.0728577 0.997056 0.0241922 3.86947 -0.990017 -0.0693591 -0.122906 77.2824
-0.120992 -0.0337663 0.992104 97.6966 -0.0745981 0.996913 0.0248336 3.89377 -0.989872 -0.0710023 -0.123136 77.1476
-0.119904 -0.0336869 0.992239 98.929 -0.0758022 0.996824 0.0246838 3.91835 -0.989913 -0.0722515 -0.122075 77.002
-0.119989 -0.0341125 0.992214 100.176 -0.0769459 0.996731 0.0249639 3.94747 -0.989815 -0.0733492 -0.12222 76.8604
-0.121872 -0.0356529 0.991931 101.438 -0.0777947 0.996631 0.026265 3.97615 -0.989519 -0.0739633 -0.124233 76.7205
-0.121902 -0.0362985 0.991903 102.688 -0.0786081 0.996553 0.0268091 4.00514 -0.98945 -0.0747014 -0.124334 76.5688
-0.123537 -0.036753 0.991685 103.939 -0.0794053 0.996483 0.0270404 4.03496 -0.989184 -0.0754019 -0.126019 76.4222
-0.126059 -0.0366554 0.991371 105.194 -0.0794102 0.996491 0.0267484 4.07015 -0.988865 -0.075351 -0.128526 76.2779
-0.12755 -0.0377228 0.991141 106.434 -0.0796037 0.99645 0.027682 4.09478 -0.98866 -0.075365 -0.130098 76.1189
-0.130781 -0.0385529 0.990688 107.702 -0.0813459 0.9963 0.028034 4.1253 -0.988095 -0.0769197 -0.133432 75.9661
-0.134306 -0.0390276 0.990199 108.925 -0.0818925 0.996251 0.02816 4.14737 -0.987579 -0.0773049 -0.136996 75.8047
-0.139688 -0.0388793 0.989458 110.159 -0.0835619 0.996136 0.027346 4.19332 -0.986691 -0.0788587 -0.142396 75.6447
-0.147926 -0.0390391 0.988256 111.395 -0.0834685 0.996157 0.0268587 4.21817 -0.985499 -0.0785122 -0.150613 75.472
-0.156229 -0.0434786 0.98679 112.613 -0.0824714 0.996125 0.0308342 4.25691 -0.984299 -0.0765624 -0.159208 75.2752
-0.167311 -0.04342 0.984976 113.842 -0.082633 0.99614 0.0298773 4.30534 -0.982464 -0.0763897 -0.170251 75.0718
-0.18155 -0.0427768 0.982478 115.079 -0.0832436 0.996145 0.0279906 4.32753 -0.97988 -0.0767009 -0.18441 74.8469
-0.194906 -0.043167 0.979901 116.276 -0.0840282 0.996101 0.0271686 4.35797 -0.977246 -0.0770409 -0.197771 74.6098
-0.210191 -0.0436654 0.976712 117.504 -0.0849639 0.996047 0.0262466 4.38689 -0.97399 -0.077466 -0.213068 74.3637
-0.2248 -0.0439844 0.973442 118.69 -0.0852723 0.996044 0.025315 4.40151 -0.970697 -0.0773135 -0.227658 74.0894
-0.239939 -0.0431685 0.969855 119.871 -0.0860386 0.996033 0.0230493 4.44308 -0.966997 -0.077912 -0.242699 73.8037
-0.256531 -0.0431416 0.965604 121.056 -0.0866503 0.996015 0.0214815 4.47223 -0.962675 -0.0781558 -0.259244 73.5025
-0.271292 -0.0450809 0.961469 122.218 -0.0895472 0.995762 0.021423 4.48193 -0.958352 -0.0802825 -0.274176 73.1868
-0.286953 -0.0495255 0.956695 123.394 -0.095303 0.995192 0.0229346 4.49804 -0.953223 -0.0845914 -0.29029 72.8548
-0.303447 -0.0500355 0.951562 124.573 -0.096801 0.995082 0.0214558 4.52595 -0.947949 -0.0855989 -0.306795 72.5094
-0.317613 -0.0508638 0.946888 125.714 -0.0982346 0.99496 0.0204971 4.54113 -0.94315 -0.0865034 -0.321006 72.1418
-0.332868 -0.0505289 0.941648 126.854 -0.0986306 0.994961 0.0185256 4.56583 -0.937833 -0.0867061 -0.33617 71.7565
-0.345551 -0.0504738 0.937075 127.973 -0.0987278 0.994974 0.0171877 4.57881 -0.933225 -0.0865725 -0.348795 71.3473
-0.359449 -0.0506757 0.931818 129.096 -0.0985031 0.995016 0.0161163 4.59276 -0.927984 -0.0859913 -0.362645 70.9221
-0.374609 -0.0515212 0.925784 130.222 -0.0987401 0.995002 0.0154209 4.61349 -0.921943 -0.0856317 -0.377821 70.4847
-0.387895 -0.0526567 0.920229 131.319 -0.099209 0.994962 0.0151157 4.62648 -0.916381 -0.0854291 -0.39116 70.0294
-0.402567 -0.0526753 0.913908 132.412 -0.100005 0.994907 0.0132947 4.65089 -0.909945 -0.0860397 -0.40578 69.5645
-0.418409 -0.0528034 0.906755 133.497 -0.100558 0.994874 0.0115351 4.65951 -0.902709 -0.0863526 -0.421569 69.0782
-0.431651 -0.0526058 0.90054 134.567 -0.100292 0.994916 0.0100482 4.67325 -0.896483 -0.0859765 -0.434727 68.5736
-0.446241 -0.0525156 0.893403 135.636 -0.100288 0.994933 0.00839261 4.6775 -0.88931 -0.08585 -0.449242 68.0488
-0.462233 -0.0519932 0.885268 136.704 -0.0999146 0.994985 0.00626966 4.69039 -0.881147 -0.0855495 -0.465105 67.5038
-0.476163 -0.0516054 0.877874 137.759 -0.0996411 0.995023 0.00444759 4.69345 -0.873728 -0.0853518 -0.478931 66.941
-0.492389 -0.0531353 0.868789 138.829 -0.100495 0.994939 0.00389702 4.69382 -0.864591 -0.085386 -0.495231 66.358
-0.507169 -0.0530233 0.860248 139.875 -0.100289 0.994966 0.00220173 4.70448 -0.856027 -0.0851543 -0.509928 65.7546
-0.522846 -0.0539835 0.850754 140.925 -0.100852 0.99491 0.00115254 4.70113 -0.846477 -0.0851937 -0.525623 65.1327
-0.53952 -0.0542887 0.840256 141.964 -0.101513 0.994843 -0.000902013 4.71152 -0.835868 -0.0857805 -0.542243 64.4923
-0.55451 -0.05456 0.830425 142.99 -0.101769 0.994814 -0.00259322 4.71152 -0.825969 -0.0859462 -0.557181 63.8221
-0.569799 -0.0548912 0.819986 144.008 -0.101996 0.994785 -0.00428145 4.71271 -0.815469 -0.0860718 -0.57242 63.1352
-0.585723 -0.0550364 0.808681 145.027 -0.102351 0.994737 -0.00643105 4.70616 -0.804063 -0.0865321 -0.588268 62.424
-0.599649 -0.0560201 0.798338 146.013 -0.102617 0.994703 -0.00727667 4.69824 -0.793696 -0.0862835 -0.602216 61.6936
-0.615697 -0.0569966 0.785961 147.011 -0.10239 0.994721 -0.00807128 4.6897 -0.781344 -0.0854403 -0.618276 60.9429
-0.629551 -0.0576055 0.77486 147.979 -0.102078 0.994745 -0.00898122 4.67301 -0.770265 -0.0847475 -0.632118 60.1697
-0.64397 -0.0580476 0.76289 148.948 -0.102371 0.994698 -0.0107254 4.65715 -0.758214 -0.0850009 -0.646492 59.3756
-0.659137 -0.0587431 0.749765 149.902 -0.104943 0.994384 -0.0143471 4.63537 -0.744706 -0.0881362 -0.661594 58.5623
-0.673401 -0.0592827 0.736942 150.837 -0.105319 0.994315 -0.0162482 4.61364 -0.731783 -0.0885513 -0.67581 57.7279
-0.688685 -0.0604279 0.72258 151.767 -0.105325 0.994297 -0.0172316 4.58912 -0.717413 -0.0879702 -0.691116 56.8732
-0.705376 -0.0611575 0.706239 152.692 -0.10497 0.994309 -0.0187357 4.57082 -0.701067 -0.0873457 -0.707774 55.9934
-0.720897 -0.0615907 0.690345 153.581 -0.105038 0.994256 -0.0209796 4.54317 -0.685083 -0.0876335 -0.723219 55.0897
-0.737971 -0.0627548 0.67196 154.459 -0.10544 0.994171 -0.0229488 4.50901 -0.666596 -0.0877829 -0.740279 54.1631
-0.754488 -0.0660047 0.653035 155.31 -0.109452 0.993662 -0.0260201 4.48115 -0.647173 -0.0911043 -0.756923 53.2226
-0.77034 -0.0667014 0.63419 156.142 -0.109253 0.993624 -0.0281998 4.44337 -0.628259 -0.0910067 -0.772708 52.2498
-0.786225 -0.0671992 0.614328 156.945 -0.108798 0.993604 -0.0305523 4.39311 -0.60834 -0.0908556 -0.7885 51.2606
-0.800304 -0.0671934 0.595877 157.709 -0.107176 0.993739 -0.0318838 4.3548 -0.589997 -0.0893764 -0.802487 50.2501
-0.814731 -0.0672148 0.575987 158.459 -0.105939 0.993806 -0.0338759 4.3091 -0.570137 -0.0886161 -0.816797 49.2102
-0.829374 -0.0670266 0.554723 159.188 -0.10558 0.993704 -0.0377823 4.2693 -0.548691 -0.0898991 -0.831221 48.1615
-0.842205 -0.067411 0.534989 159.884 -0.105907 0.993519 -0.0415328 4.22691 -0.528717 -0.0916347 -0.843877 47.095
-0.854858 -0.0674055 0.514535 160.557 -0.104874 0.993519 -0.0440812 4.1775 -0.508223 -0.0916401 -0.856378 46.0103
-0.866947 -0.0679933 0.493807 161.211 -0.103707 0.993589 -0.0452607 4.11758 -0.487559 -0.0904467 -0.868431 44.908
-0.876595 -0.0678116 0.476504 161.83 -0.102909 0.993547 -0.0479191 4.05974 -0.470174 -0.0910381 -0.877907 43.7985
-0.886455 -0.0682596 0.457824 162.429 -0.102025 0.993565 -0.0494045 3.9917 -0.451501 -0.0905009 -0.887707 42.6835
-0.894646 -0.0687754 0.441536 163.002 -0.10172 0.993498 -0.0513499 3.93998 -0.435129 -0.0908486 -0.895814 41.554
-0.902449 -0.0690794 0.4253 163.564 -0.101046 0.993478 -0.0530423 3.87679 -0.418858 -0.0908395 -0.903534 40.4107
-0.910098 -0.0693585 0.408639 164.109 -0.100298 0.993461 -0.0547513 3.80503 -0.402165 -0.0908102 -0.911093 39.2468
-0.915836 -0.0699292 0.395501 164.623 -0.0998978 0.993451 -0.0556698 3.72496 -0.389014 -0.0904908 -0.916814 38.086
-0.921597 -0.0701521 0.381854 165.127 -0.099212 0.993448 -0.0569296 3.65521 -0.375354 -0.0903462 -0.922508 36.9115
-0.92762 -0.0711494 0.366779 165.621 -0.0986508 0.993513 -0.0567679 3.58329 -0.360357 -0.0888387 -0.928612 35.7315
-0.931577 -0.0745964 0.355914 166.083 -0.0997347 0.993624 -0.0527865 3.4995 -0.349703 -0.0846671 -0.933067 34.5413
-0.935757 -0.0747838 0.344724 166.537 -0.098858 0.993713 -0.0527728 3.42423 -0.338607 -0.0834578 -0.937256 33.3419
-0.9394 -0.0750772 0.334615 166.973 -0.098346 0.993745 -0.0531246 3.34714 -0.328529 -0.0828088 -0.940896 32.1374
-0.941023 -0.074882 0.330057 167.39 -0.098109 0.993707 -0.0542654 3.27401 -0.323913 -0.083443 -0.942437 30.9422
-0.942806 -0.0746547 0.324992 167.809 -0.0976254 0.993717 -0.0549361 3.20599 -0.318845 -0.0835172 -0.94416 29.7341
-0.94457 -0.0764625 0.319391 168.236 -0.0990554 0.993568 -0.0550814 3.12726 -0.313122 -0.0836622 -0.946057 28.5033
-0.945511 -0.0808185 0.315521 168.657 -0.102286 0.993404 -0.0520562 3.04063 -0.309229 -0.0814888 -0.94753 27.2949
-0.946957 -0.0870548 0.309458 169.066 -0.10819 0.992794 -0.0517754 2.97647 -0.302718 -0.0825058 -0.949539 26.0926
-0.947498 -0.0933561 0.305956 169.476 -0.115239 0.991869 -0.0542219 2.89278 -0.298402 -0.0866287 -0.950541 24.8905
-0.948714 -0.0938367 0.302007 169.878 -0.115531 0.991806 -0.054757 2.80826 -0.294391 -0.0868363 -0.951769 23.6709
-0.949968 -0.0939992 0.297997 170.275 -0.115575 0.991754 -0.0555907 2.72909 -0.29031 -0.0872457 -0.952988 22.4539
-0.949792 -0.0938943 0.298583 170.672 -0.115528 0.991758 -0.0556149 2.6603 -0.290898 -0.0873137 -0.952799 21.2427
-0.949697 -0.0938528 0.298905 171.058 -0.115499 0.991765 -0.0555587 2.57964 -0.291225 -0.0872826 -0.952705 20.0211
-0.949748 -0.093466 0.298857 171.442 -0.115431 0.991709 -0.0566762 2.50909 -0.291079 -0.0883218 -0.95265 18.797
-0.948753 -0.0930938 0.302123 171.834 -0.11536 0.991718 -0.056677 2.44082 -0.29434 -0.088621 -0.951624 17.5815
-0.948731 -0.0925793 0.302345 172.217 -0.114597 0.991851 -0.0558816 2.36758 -0.294705 -0.0876608 -0.951596 16.3508
-0.947436 -0.0925452 0.306397 172.622 -0.11488 0.991831 -0.0556454 2.29826 -0.29874 -0.0879146 -0.950318 15.1536
-0.946036 -0.0935112 0.310398 173.03 -0.116225 0.991685 -0.0554695 2.22586 -0.302628 -0.0885484 -0.949024 13.9444
-0.944884 -0.0938669 0.313789 173.439 -0.116267 0.991792 -0.0534114 2.15561 -0.306196 -0.0869463 -0.948032 12.7214
-0.94212 -0.0933296 0.322144 173.862 -0.116412 0.991793 -0.0531076 2.08434 -0.314541 -0.0875311 -0.945238 11.5252
-0.939842 -0.0937216 0.328626 174.284 -0.117275 0.99172 -0.0525576 2.0139 -0.320975 -0.0879306 -0.94304 10.3313
-0.937341 -0.0936082 0.335718 174.705 -0.117543 0.991736 -0.051655 1.93436 -0.328105 -0.0878756 -0.940584 9.11441
-0.933982 -0.0935386 0.344977 175.131 -0.118382 0.991637 -0.0516183 1.86614 -0.337259 -0.0890446 -0.937234 7.94613
-0.930443 -0.0935464 0.354403 175.582 -0.118909 0.991636 -0.0504294 1.78634 -0.346718 -0.0890594 -0.933771 6.76226
-0.926623 -0.0923769 0.36458 176.043 -0.118399 0.991737 -0.0496322 1.71151 -0.356977 -0.0891513 -0.929893 5.54522
-0.922025 -0.0921041 0.376117 176.511 -0.118937 0.991719 -0.0487088 1.63947 -0.368512 -0.0896409 -0.925332 4.4009
-0.916655 -0.0911041 0.389267 177.009 -0.118807 0.991787 -0.0476444 1.56397 -0.381724 -0.0899159 -0.919939 3.19326
-0.910786 -0.0919954 0.402599 177.502 -0.119994 0.991774 -0.0448293 1.47632 -0.39516 -0.089135 -0.914321 2.05901
-0.904834 -0.091025 0.416023 178.029 -0.119335 0.991958 -0.0425039 1.43041 -0.408802 -0.0880998 -0.908409 0.897789
-0.898866 -0.0905298 0.428866 178.582 -0.119579 0.991981 -0.0412239 1.36623 -0.42169 -0.0883336 -0.902471 -0.263563
-0.891924 -0.090665 0.443102 179.139 -0.120499 0.991938 -0.0395823 1.29887 -0.435934 -0.0886922 -0.895647 -1.39413
-0.884844 -0.0901658 0.457166 179.712 -0.119908 0.99213 -0.0364016 1.24325 -0.450281 -0.0870233 -0.888681 -2.5232
-0.877393 -0.0904409 0.471265 180.299 -0.120247 0.992194 -0.0334555 1.18191 -0.464553 -0.0860164 -0.881409 -3.64579
-0.869625 -0.0897938 0.485563 180.894 -0.119114 0.992447 -0.0297943 1.12802 -0.479215 -0.0837429 -0.873741 -4.73779
-0.861168 -0.0890327 0.500551 181.512 -0.118582 0.992578 -0.027458 1.08785 -0.494384 -0.0829967 -0.865324 -5.81936
-0.851506 -0.0878669 0.51701 182.147 -0.117653 0.992753 -0.025049 1.05309 -0.511056 -0.0821529 -0.855661 -6.89216
-0.841212 -0.0873368 0.533687 182.793 -0.117425 0.992837 -0.0226081 1.01477 -0.527882 -0.0816812 -0.845433 -7.93406
-0.830203 -0.0867489 0.550746 183.475 -0.116976 0.992949 -0.0199268 0.978896 -0.545128 -0.0809629 -0.834485 -8.99043
-0.819107 -0.0860459 0.567228 184.164 -0.116386 0.993065 -0.0174202 0.952496 -0.561787 -0.0802813 -0.823432 -9.9933
-0.806873 -0.0852252 0.584617 184.873 -0.115415 0.993226 -0.0144979 0.92331 -0.579414 -0.0791674 -0.811231 -10.9988
-0.793704 -0.0842818 0.602511 185.609 -0.112719 0.993596 -0.00949559 0.903013 -0.597843 -0.075446 -0.798111 -12.001
-0.778748 -0.0833177 0.621847 186.355 -0.111271 0.993786 -0.00619233 0.893792 -0.617459 -0.0740117 -0.783168 -12.9565
-0.762496 -0.0831359 0.641699 187.119 -0.111405 0.993783 -0.00362182 0.879474 -0.637398 -0.0742445 -0.767008 -13.8993
-0.745829 -0.0805081 0.661319 187.911 -0.109123 0.994042 -0.00205141 0.870345 -0.657204 -0.0736906 -0.750159 -14.8262
-0.72893 -0.0800616 0.679958 188.71 -0.108171 0.994146 0.00109781 0.872811 -0.676054 -0.072746 -0.733314 -15.6784
-0.710036 -0.0795919 0.699713 189.546 -0.106722 0.994294 0.00480625 0.873205 -0.696092 -0.0712578 -0.714468 -16.5586
-0.690794 -0.0800118 0.718677 190.373 -0.106763 0.994267 0.00807649 0.876556 -0.71519 -0.0711433 -0.695368 -17.3707
-0.670614 -0.0797244 0.737566 191.24 -0.10619 0.994302 0.0109268 0.882781 -0.734224 -0.0709902 -0.675249 -18.1757
-0.650309 -0.0797836 0.755531 192.138 -0.106288 0.99426 0.0135114 0.892713 -0.752259 -0.0715116 -0.655048 -18.9674
-0.629616 -0.0794697 0.772885 193.029 -0.104903 0.994357 0.0167866 0.908841 -0.769846 -0.0705046 -0.63439 -19.7026
-0.607534 -0.0796439 0.790351 193.955 -0.102957 0.994478 0.0210754 0.924369 -0.787651 -0.0685624 -0.612373 -20.4317
-0.583757 -0.079142 0.808113 194.905 -0.101019 0.994601 0.0244334 0.949982 -0.80567 -0.067368 -0.588593 -21.1434
-0.559446 -0.0781822 0.825231 195.86 -0.0992481 0.994714 0.0269591 0.973076 -0.82296 -0.0668148 -0.564242 -21.7992
-0.532798 -0.0782254 0.842668 196.836 -0.0979318 0.994745 0.0304244 1.0018 -0.840606 -0.06631 -0.537651 -22.4397
-0.506378 -0.0789798 0.858745 197.824 -0.0964535 0.994752 0.0346158 1.04421 -0.856956 -0.0652947 -0.511333 -23.0338
-0.478614 -0.0799637 0.874423 198.841 -0.0940359 0.994802 0.0395028 1.09137 -0.873023 -0.0633167 -0.483639 -23.6126
-0.449574 -0.0795606 0.88975 199.885 -0.0924875 0.994835 0.0422282 1.1284 -0.888496 -0.0633005 -0.454605 -24.1582
-0.419088 -0.0791295 0.904536 200.927 -0.0913787 0.994829 0.0446921 1.1707 -0.903382 -0.0639215 -0.424147 -24.6504
-0.387632 -0.0795325 0.918432 201.994 -0.0897499 0.994812 0.04827 1.21626 -0.917487 -0.0637126 -0.392755 -25.1229
-0.357462 -0.0790918 0.930616 203.08 -0.0831449 0.995163 0.0526415 1.26709 -0.930265 -0.0585549 -0.362305 -25.5529
-0.324752 -0.0789246 0.942555 204.175 -0.0818332 0.995138 0.0551354 1.32664 -0.942304 -0.0592213 -0.329629 -25.9508
-0.291605 -0.0787913 0.953331 205.294 -0.0787359 0.995214 0.0581703 1.39566 -0.953338 -0.0580949 -0.29641 -26.3202
-0.256685 -0.0788393 0.963327 206.412 -0.0768865 0.995192 0.0609631 1.46614 -0.963482 -0.058413 -0.261511 -26.6447
-0.221629 -0.0788775 0.971977 207.538 -0.0740277 0.995225 0.0638853 1.54073 -0.972361 -0.0577906 -0.226409 -26.9276
-0.186625 -0.0788145 0.979318 208.686 -0.0716085 0.995234 0.0664522 1.61176 -0.979868 -0.0577203 -0.191379 -27.1702
-0.151529 -0.0785459 0.985368 209.822 -0.0692897 0.995247 0.0686791 1.69106 -0.986065 -0.0578652 -0.156252 -27.3712
-0.116662 -0.0783702 0.990127 210.967 -0.0662948 0.99529 0.0709706 1.77298 -0.991007 -0.0573551 -0.121309 -27.527
-0.0812201 -0.0778299 0.993694 212.132 -0.0637107 0.995331 0.0727517 1.86067 -0.994701 -0.0573962 -0.0858015 -27.6411
-0.0471872 -0.0777979 0.995904 213.274 -0.0610336 0.995342 0.0748649 1.94663 -0.997069 -0.0572454 -0.0517173 -27.7101
-0.014341 -0.077836 0.996904 214.437 -0.0582654 0.995355 0.0768778 2.04065 -0.998242 -0.0569787 -0.0188129 -27.7371
0.0188949 -0.0774076 0.996873 215.583 -0.0561479 0.995361 0.0783571 2.1235 -0.998294 -0.0574473 0.0144583 -27.7325
0.051184 -0.0776384 0.995709 216.741 -0.0531637 0.995366 0.0803457 2.20773 -0.997317 -0.057044 0.0468145 -27.6927
0.0828917 -0.0783207 0.993527 217.913 -0.0498746 0.99535 0.0826279 2.30411 -0.995359 -0.0563957 0.0785964 -27.6186
0.114173 -0.078526 0.990394 219.065 -0.0466042 0.995369 0.084294 2.39964 -0.992411 -0.0557766 0.109978 -27.51
0.144628 -0.0780295 0.986456 220.225 -0.0442476 0.995397 0.0852266 2.49558 -0.988546 -0.0559692 0.140506 -27.3594
0.174192 -0.0779671 0.981663 221.382 -0.0417031 0.9954 0.0864595 2.58773 -0.983874 -0.055995 0.170132 -27.1713
0.204228 -0.0780045 0.975863 222.525 -0.0385631 0.995424 0.0876411 2.68135 -0.978215 -0.0555257 0.20028 -26.953
0.233684 -0.0796128 0.969091 223.675 -0.0308639 0.99555 0.0892303 2.77484 -0.97187 -0.0507577 0.230178 -26.6895
0.264071 -0.0802448 0.961213 224.807 -0.0269366 0.99555 0.0905141 2.86693 -0.964179 -0.0497888 0.260728 -26.4015
0.293456 -0.0814737 0.952539 225.939 -0.0190012 0.995685 0.0910195 2.96218 -0.955832 -0.0448056 0.290632 -26.0755
0.321465 -0.0818482 0.943432 227.06 -0.0151185 0.995706 0.0915372 3.05551 -0.946854 -0.0436843 0.31884 -25.7149
0.349944 -0.0829555 0.933137 228.169 -0.0119211 0.995614 0.092982 3.15463 -0.936745 -0.0436585 0.34741 -25.3182
0.378399 -0.0836442 0.921912 229.273 -0.00906056 0.995546 0.0940464 3.25881 -0.925653 -0.0439351 0.375947 -24.88
0.406253 -0.0833215 0.910002 230.369 -0.00242783 0.99575 0.0922583 3.3652 -0.913808 -0.0396855 0.404312 -24.4039
0.43449 -0.0822188 0.896974 231.432 0.00399378 0.996011 0.0893646 3.4745 -0.900725 -0.035241 0.433076 -23.9052
0.461316 -0.0839037 0.88331 232.499 0.0111612 0.996008 0.0887813 3.58081 -0.887219 -0.0310935 0.460397 -23.3612
0.489103 -0.0840912 0.868224 233.558 0.0130971 0.995958 0.0890874 3.67791 -0.872188 -0.0321969 0.488217 -22.7989
0.514713 -0.0856685 0.853124 234.594 0.0169517 0.995837 0.0897739 3.77615 -0.85725 -0.0317419 0.514009 -22.1916
0.537975 -0.0851174 0.838717 235.611 0.0186165 0.995866 0.0891276 3.87725 -0.842819 -0.0323296 0.537325 -21.5489
0.55958 -0.084959 0.824465 236.608 0.0205109 0.995866 0.0887025 3.97481 -0.82858 -0.0327216 0.558994 -20.8883
0.579611 -0.0852663 0.810487 237.597 0.0221182 0.99581 0.0889485 4.0694 -0.81466 -0.0336241 0.579057 -20.1948
0.597827 -0.0867193 0.796977 238.57 0.0241899 0.99565 0.0901938 4.16797 -0.80132 -0.0346374 0.597309 -19.4716
0.616002 -0.0899659 0.782659 239.529 0.0266294 0.995288 0.0934516 4.27478 -0.787364 -0.0367196 0.615483 -18.733
0.631647 -0.0908902 0.769968 240.469 0.028472 0.995173 0.0941193 4.3788 -0.774795 -0.0375235 0.631169 -17.9628
0.647704 -0.0920725 0.756379 241.398 0.0305386 0.995031 0.0949756 4.47972 -0.761351 -0.0384122 0.647285 -17.1902
0.66322 -0.0919671 0.742814 242.309 0.0320656 0.995022 0.0945654 4.58316 -0.747802 -0.0388946 0.662849 -16.3852
0.67813 -0.0923173 0.729195 243.216 0.0337721 0.994966 0.0945608 4.67668 -0.73424 -0.0394929 0.677821 -15.5502
0.693491 -0.0943573 0.714324 244.097 0.0359229 0.994703 0.0965207 4.7848 -0.719636 -0.0412714 0.693189 -14.7038
0.707923 -0.0981688 0.699512 244.965 0.0380004 0.994174 0.101068 4.90101 -0.705345 -0.044961 0.707514 -13.8312
0.721703 -0.100531 0.68493 245.82 0.0401841 0.993834 0.103532 5.02781 -0.691104 -0.0471916 0.721275 -12.9451
0.73626 -0.10101 0.669199 246.654 0.042585 0.993773 0.103153 5.15104 -0.67544 -0.0474446 0.735962 -12.0477
0.749114 -0.101602 0.654674 247.47 0.044408 0.993668 0.103401 5.27957 -0.661024 -0.0483822 0.748864 -11.1213
0.760444 -0.102519 0.641345 248.275 0.0459439 0.9935 0.10434 5.40674 -0.647862 -0.0498732 0.760196 -10.1776
0.772442 -0.105171 0.626392 249.07 0.048083 0.993068 0.107445 5.53285 -0.63334 -0.0528717 0.772125 -9.20936
0.782697 -0.106505 0.613313 249.848 0.0502951 0.992872 0.108237 5.65786 -0.620459 -0.0538643 0.782459 -8.22417
0.793904 -0.107201 0.598598 250.618 0.0520586 0.992727 0.108743 5.78958 -0.605892 -0.0551649 0.79369 -7.22646
0.802932 -0.108741 0.586161 251.369 0.0571673 0.992756 0.105867 5.92543 -0.593418 -0.0514889 0.803316 -6.21278
0.811074 -0.110855 0.574426 252.113 0.0585076 0.992351 0.1089 6.05651 -0.582095 -0.0547131 0.811336 -5.17848
0.819284 -0.113058 0.562229 252.835 0.0601849 0.99193 0.111769 6.18719 -0.57032 -0.0577275 0.819461 -4.14443
0.826441 -0.114575 0.551328 253.554 0.061722 0.991634 0.11356 6.33173 -0.559718 -0.0598171 0.826579 -3.08396
0.832335 -0.115788 0.542147 254.28 0.0633353 0.991422 0.11451 6.4755 -0.550746 -0.0609675 0.832512 -1.98537
0.837113 -0.116973 0.534468 254.97 0.0644523 0.991179 0.115984 6.62635 -0.543312 -0.0626389 0.837247 -0.898951
0.839492 -0.118742 0.530345 255.67 0.0653729 0.990836 0.118369 6.78062 -0.539532 -0.0646935 0.839544 0.210101
0.842895 -0.119959 0.524627 256.354 0.0664467 0.990599 0.119752 6.93284 -0.534052 -0.0660737 0.842922 1.31361
0.845156 -0.120956 0.520762 257.038 0.0676758 0.990458 0.120225 7.09016 -0.530327 -0.0663596 0.84526 2.42435
0.847189 -0.123588 0.516809 257.738 0.0686974 0.989909 0.124113 7.25927 -0.526924 -0.0696391 0.847109 3.5631
0.84948 -0.12568 0.512541 258.407 0.0694338 0.98942 0.127542 7.41345 -0.52314 -0.0727502 0.849203 4.66472
0.851566 -0.12646 0.50886 259.08 0.0704291 0.989292 0.127998 7.57417 -0.519589 -0.073155 0.851333 5.79118
0.853386 -0.127705 0.505503 259.764 0.0702928 0.988887 0.13116 7.72862 -0.516627 -0.0763903 0.852861 6.94771
0.855928 -0.127536 0.501215 260.425 0.0700807 0.9888 0.13193 7.89049 -0.512419 -0.0777918 0.855259 8.07262
0.858139 -0.128406 0.497212 261.089 0.0707634 0.988584 0.133178 8.0544 -0.508628 -0.0790943 0.857411 9.21998
0.859996 -0.128653 0.493913 261.76 0.0708048 0.988445 0.134186 8.22869 -0.505461 -0.080423 0.859147 10.3823
0.861411 -0.129227 0.491307 262.397 0.0708553 0.988232 0.135707 8.40527 -0.503055 -0.082081 0.860414 11.5058
0.862148 -0.129716 0.489867 263.051 0.0710092 0.988089 0.136674 8.59821 -0.501754 -0.0830432 0.861069 12.682
0.862628 -0.130342 0.488877 263.686 0.0714611 0.987966 0.13732 8.78506 -0.500885 -0.0835126 0.861544 13.8006
0.863125 -0.131154 0.487761 264.325 0.0717353 0.987759 0.138662 8.97488 -0.499969 -0.0846875 0.861947 14.9519
0.863411 -0.132043 0.487036 264.993 0.0719693 0.987531 0.140156 9.16438 -0.499462 -0.085953 0.862131 16.1152
0.863855 -0.133031 0.485958 265.618 0.0727322 0.987356 0.141 9.33356 -0.498563 -0.0864536 0.862588 17.2423
0.863977 -0.129944 0.486599 266.252 0.0691264 0.987613 0.141009 9.50507 -0.498887 -0.0881838 0.862239 18.3841
0.864183 -0.130742 0.485997 266.911 0.0689207 0.987332 0.143062 9.67915 -0.498537 -0.0901307 0.862226 19.5623
