1 0 0 0 0 1 0 0 0 0 1 0
0.999982 -8.82809e-06 -0.00607771 -0.00952393 9.75006e-06 1 0.000148138 -0.00144548 0.0060778 -0.000148163 0.999982 0.0929097
0.999916 2.24921e-05 -0.0129922 -0.0160129 -1.93143e-05 1 0.000242967 -0.0019842 0.0129922 -0.000242679 0.999916 0.187348
0.999795 2.79765e-05 -0.0202932 -0.0270357 -2.08166e-05 1 0.00035148 -0.00370666 0.0202933 -0.000350947 0.999795 0.283998
0.999572 5.34018e-05 -0.0292801 -0.0384872 -4.20883e-05 1 0.000386056 -0.00150815 0.0292803 -0.000384635 0.999572 0.388684
0.999177 5.45952e-05 -0.0405692 -0.0515338 -3.1815e-05 1 0.000560781 -0.00154862 0.0405693 -0.000558985 0.999177 0.504687
0.998531 0.000103748 -0.05419 -0.072588 -5.25521e-05 1 0.000946548 -0.00520298 0.0541902 -0.00094227 0.998531 0.632407
0.997528 7.93009e-05 -0.0702756 -0.0938721 9.48434e-06 0.999999 0.00126226 -0.00800144 0.0702758 -0.00125975 0.997528 0.770626
0.996069 -4.58464e-05 -0.0885776 -0.120357 0.000184016 0.999999 0.00155188 -0.0115858 0.0885777 -0.00156207 0.996069 0.920706
0.994106 -0.000255708 -0.108425 -0.147635 0.000447763 0.999999 0.00174736 -0.0155491 0.108424 -0.00178557 0.994105 1.08458
0.991446 -0.00037558 -0.130516 -0.182231 0.000614945 0.999998 0.00179368 -0.014536 0.130516 -0.00185859 0.991445 1.25081
0.987997 -0.000128667 -0.15448 -0.232451 0.000398946 0.999999 0.001719 -0.00911629 0.15448 -0.00175987 0.987996 1.42269
0.983725 0.00349852 -0.179647 -0.289325 -0.00353807 0.999994 0.000100088 -0.00827037 0.179647 0.000537162 0.983732 1.60227
0.978425 0.00346069 -0.206579 -0.351067 -0.00341204 0.999994 0.0005922 -0.0103453 0.20658 0.000125577 0.978432 1.78581
0.971767 0.00364151 -0.235918 -0.419802 -0.00344839 0.999993 0.00123085 -0.018604 0.235921 -0.000382536 0.971773 1.97834
0.963822 0.00369599 -0.266523 -0.4923 -0.00337569 0.999993 0.00166043 -0.0183663 0.266527 -0.000700517 0.963829 2.16915
0.954487 0.00367702 -0.298233 -0.584638 -0.00320575 0.999993 0.00206947 -0.0192441 0.298239 -0.00101915 0.954492 2.36933
0.943353 0.00376309 -0.331774 -0.682055 -0.00313501 0.999992 0.00242882 -0.0209065 0.33178 -0.00125095 0.943358 2.56511
0.930979 0.00587932 -0.365026 -0.786397 -0.00560055 0.999983 0.00182242 -0.0224457 0.365031 0.000347788 0.930997 2.75776
0.917192 0.00600856 -0.398404 -0.908129 -0.00556523 0.999982 0.00226966 -0.0212341 0.398411 0.000135672 0.91721 2.95894
0.901305 0.00626711 -0.433141 -1.02866 -0.00552462 0.999981 0.00297295 -0.0263258 0.433152 -0.000286517 0.901323 3.15372
0.883119 0.00677703 -0.469103 -1.15207 -0.005494 0.999977 0.00410404 -0.0374248 0.469121 -0.00104697 0.883136 3.34532
0.861961 0.00666815 -0.506932 -1.29427 -0.00500156 0.999977 0.00464931 -0.0445376 0.506953 -0.00147199 0.861975 3.54277
0.83747 0.00660803 -0.546447 -1.44459 -0.00463026 0.999977 0.00499654 -0.0367399 0.546468 -0.0016542 0.837482 3.72742
0.808686 0.00639075 -0.588208 -1.62907 -0.0042558 0.999978 0.00501353 -0.0250192 0.588229 -0.00155087 0.808696 3.91232
0.776573 0.00729629 -0.629989 -1.81983 -0.00452579 0.999972 0.00600265 -0.0271938 0.630016 -0.00181025 0.776584 4.09004
0.741446 0.0078217 -0.670969 -2.01548 -0.00434477 0.999967 0.0068557 -0.0325114 0.671002 -0.00216774 0.741456 4.25806
0.70179 0.00868619 -0.712334 -2.23947 -0.00401655 0.999958 0.00823644 -0.0491052 0.712377 -0.00291912 0.701796 4.43976
0.659679 0.0087254 -0.7515 -2.46615 -0.0034951 0.999958 0.00854201 -0.0490112 0.751543 -0.00300823 0.659682 4.60767
0.615904 0.0084947 -0.787779 -2.71031 -0.00281023 0.999959 0.00858564 -0.0414964 0.787821 -0.00307408 0.615902 4.75855
0.567593 0.00869328 -0.823267 -2.98889 -0.00227072 0.999958 0.00899351 -0.0367227 0.823311 -0.00323505 0.567589 4.92153
0.516913 0.00917315 -0.855993 -3.27411 -0.00190993 0.999952 0.00956261 -0.0331697 0.856041 -0.00330816 0.516905 5.05584
0.465149 0.00946498 -0.885187 -3.56716 -0.00138916 0.99995 0.00996213 -0.0274632 0.885237 -0.00340407 0.465139 5.17368
0.409906 0.0100942 -0.912076 -3.90273 -0.000922729 0.999942 0.0106521 -0.0242309 0.912133 -0.00352474 0.409891 5.29552
0.355992 0.010781 -0.934432 -4.23302 -0.000422745 0.999935 0.0113757 -0.0178069 0.934495 -0.00365454 0.355973 5.38095
0.299724 0.0114584 -0.95396 -4.60665 0.000288081 0.999926 0.0121012 -0.0173648 0.954031 -0.00390184 0.299698 5.47381
0.246148 0.0119821 -0.969164 -4.98257 0.000974534 0.99992 0.0126099 -0.0177547 0.969237 -0.00404827 0.246117 5.54571
0.1962 0.0127927 -0.980484 -5.36466 0.00149736 0.999909 0.0133459 -0.0127065 0.980568 -0.00408667 0.196162 5.59736
0.147673 0.0128812 -0.988958 -5.78672 0.00177082 0.99991 0.0132883 0.00349719 0.989041 -0.00371348 0.147637 5.63577
0.105845 0.0132019 -0.994298 -6.20486 0.00185719 0.999907 0.0134744 0.0105908 0.994387 -0.00327287 0.10581 5.65129
0.0663082 0.0139983 -0.997707 -6.66061 0.00199144 0.999897 0.0141615 0.0127233 0.997803 -0.00292578 0.066273 5.66113
0.0317674 0.0145179 -0.999393 -7.11988 0.0023634 0.99989 0.0146005 0.0123264 0.999499 -0.00282589 0.0317288 5.66029
0.00133529 0.0146294 -0.999898 -7.58244 0.00271259 0.999889 0.0146329 0.0144682 1 -0.00273181 0.00129481 5.64816
-0.026326 0.0147131 -0.999549 -8.07919 0.00325777 0.999887 0.0146327 0.0220113 0.999655 -0.00287109 -0.0263718 5.61687
-0.0465106 0.0150478 -0.99881 -8.57881 0.00321794 0.999883 0.0149141 0.0277879 0.998919 -0.00252042 -0.0465544 5.58508
-0.0639777 0.0153322 -0.997838 -9.11365 0.00362153 0.999879 0.0151317 0.0347416 0.997952 -0.00264564 -0.0640264 5.53947
-0.0773644 0.0158229 -0.996883 -9.65074 0.00466159 0.999869 0.0155086 0.0389286 0.996998 -0.00344722 -0.0774289 5.48713
-0.0866471 0.0159762 -0.996115 -10.2004 0.00622753 0.999861 0.0154949 0.0410096 0.996227 -0.00486083 -0.0867354 5.43262
-0.09419 0.0163892 -0.995426 -10.7822 0.00680981 0.999852 0.0158177 0.0425513 0.995538 -0.00528884 -0.0942886 5.37254
-0.0983022 0.0169846 -0.995017 -11.3576 0.00623476 0.999846 0.0164514 0.0457539 0.995145 -0.00458651 -0.0983939 5.31094
-0.100157 0.0176903 -0.994821 -11.9704 0.00591251 0.999835 0.0171843 0.0484563 0.994961 -0.00416083 -0.100246 5.24744
-0.09935 0.0181573 -0.994892 -12.5804 0.00704014 0.999822 0.0175445 0.0550771 0.995035 -0.00526111 -0.099461 5.18767
-0.0983266 0.0187723 -0.994984 -13.2292 0.00885782 0.999801 0.0179878 0.0607762 0.995122 -0.00704488 -0.0984743 5.11827
-0.0968635 0.0193651 -0.995114 -13.8752 0.00912794 0.999787 0.0185679 0.0644561 0.995264 -0.00728484 -0.0970205 5.04943
-0.0949805 0.0210381 -0.995264 -14.5256 0.00997983 0.999749 0.0201804 0.0533861 0.995436 -0.008016 -0.0951675 4.9821
-0.0936591 0.0209576 -0.995389 -15.2151 0.0100394 0.999748 0.0201051 0.065029 0.995562 -0.00810995 -0.0938468 4.90978
-0.0918968 0.0213166 -0.995547 -15.9021 0.0107708 0.999735 0.0204119 0.0782426 0.995717 -0.00884722 -0.0921031 4.84745
-0.090197 0.0217825 -0.995692 -16.6326 0.0110196 0.999723 0.0208728 0.0957287 0.995872 -0.00908932 -0.0904129 4.77468
-0.0882298 0.0225075 -0.995853 -17.3462 0.0113566 0.999704 0.0215883 0.10388 0.996042 -0.00940491 -0.0884604 4.71314
-0.0865012 0.024031 -0.995968 -18.0908 0.0109696 0.999672 0.0231681 0.109772 0.996201 -0.00892118 -0.0867374 4.64028
-0.0848657 0.0249216 -0.996088 -18.8487 0.011117 0.999651 0.0240635 0.117695 0.996337 -0.00903146 -0.0851142 4.56923
-0.0832767 0.0248154 -0.996224 -19.6 0.0106649 0.999656 0.0240097 0.136861 0.996479 -0.00862508 -0.0835136 4.50363
-0.0819329 0.0246941 -0.99634 -20.3945 0.00942117 0.99967 0.0240018 0.164059 0.996601 -0.00742024 -0.0821397 4.43742
-0.0807527 0.025429 -0.996416 -21.1686 0.00971979 0.999647 0.0247241 0.179513 0.996696 -0.00768835 -0.0809724 4.37651
-0.0796724 0.0258292 -0.996495 -21.9809 0.00967503 0.99964 0.0251372 0.199176 0.996781 -0.00763854 -0.0798948 4.31093
-0.0785439 0.0237628 -0.996634 -22.781 0.00957565 0.999687 0.0230814 0.233616 0.996873 -0.00773046 -0.0787482 4.2422
-0.077205 0.0190082 -0.996843 -23.5928 0.0124177 0.999762 0.018102 0.234763 0.996945 -0.0109813 -0.0774237 4.1696
-0.0779027 0.0182969 -0.996801 -24.4088 0.0101692 0.999795 0.0175577 0.272012 0.99692 -0.00876897 -0.0780738 4.1089
-0.0778373 0.0173186 -0.996825 -25.2274 0.00836626 0.99983 0.0167175 0.31419 0.99694 -0.00703871 -0.0779698 4.03548
-0.0789531 0.024146 -0.996595 -26.0614 0.00674646 0.999698 0.0236874 0.336395 0.996866 -0.00485346 -0.0790933 3.96615
-0.0793327 0.0306003 -0.996388 -26.901 0.00625352 0.999529 0.0301988 0.360227 0.996838 -0.0038355 -0.0794874 3.89555
-0.0784385 0.0371927 -0.996234 -27.7386 0.00618827 0.999304 0.0368209 0.381199 0.996911 -0.00327697 -0.0786153 3.81833
-0.0794072 0.0374871 -0.996147 -28.5678 0.00531842 0.999299 0.0371817 0.408854 0.996838 -0.00234566 -0.0795516 3.74406
-0.0789635 0.036977 -0.996202 -29.4016 0.00513034 0.999315 0.0366867 0.437892 0.996876 -0.00221415 -0.0791003 3.67258
-0.0801011 0.0370431 -0.996108 -30.227 0.00482006 0.999316 0.0367747 0.463325 0.996785 -0.00185588 -0.0802256 3.60458
-0.0802422 0.0376099 -0.996076 -31.0638 0.00475583 0.999293 0.037349 0.487156 0.996776 -0.00174037 -0.0803654 3.53053
-0.079049 0.0378776 -0.996161 -31.8994 0.00491821 0.999285 0.037606 0.515413 0.996869 -0.00192683 -0.0791796 3.45695
-0.079963 0.0379343 -0.996086 -32.7238 0.00479859 0.99928 0.0376715 0.541131 0.996798 -0.00176759 -0.0800887 3.38877
-0.078081 0.0369637 -0.996273 -33.5494 0.00475856 0.99932 0.0367039 0.568125 0.996947 -0.00187514 -0.0782044 3.31701
-0.0788505 0.0367478 -0.99622 -34.3747 0.00498102 0.999324 0.0364687 0.593761 0.996886 -0.0020867 -0.0789814 3.24499
-0.0784085 0.0374408 -0.996229 -35.1999 0.00614296 0.999297 0.0370728 0.60979 0.996913 -0.00321315 -0.0785842 3.17599
-0.0764962 0.0387487 -0.996328 -36.0314 0.00817 0.999238 0.0382354 0.624839 0.997049 -0.00521517 -0.0767557 3.10935
-0.0778809 0.0449029 -0.995963 -36.8517 0.00833966 0.998983 0.0443872 0.64593 0.996939 -0.00484923 -0.078177 3.03891
-0.0759986 0.0471556 -0.996005 -37.6968 0.0118596 0.998856 0.0463865 0.657893 0.997051 -0.00828684 -0.0764721 2.97733
-0.0771087 0.0487176 -0.995845 -38.5206 0.0142096 0.998762 0.0477603 0.674161 0.996933 -0.010468 -0.0777063 2.91454
-0.0769733 0.0496854 -0.995807 -39.3467 0.0157884 0.998696 0.0486101 0.688872 0.996923 -0.0119804 -0.0776587 2.84877
-0.075841 0.0492996 -0.995913 -40.1676 0.015602 0.998717 0.0482506 0.728387 0.997011 -0.0118792 -0.0765137 2.7772
-0.0763103 0.0492116 -0.995882 -40.9997 0.01478 0.998731 0.0482208 0.768448 0.99699 -0.0110394 -0.0769419 2.70039
-0.0753573 0.0486566 -0.995982 -41.8157 0.0156204 0.998748 0.0476102 0.798818 0.997047 -0.0119703 -0.0760237 2.62986
-0.0759679 0.0484799 -0.995944 -42.651 0.0153102 0.99876 0.0474501 0.83438 0.997008 -0.0116434 -0.076617 2.5546
-0.0766663 0.0486841 -0.995881 -43.4748 0.0151361 0.998752 0.0476596 0.865196 0.996955 -0.0114203 -0.0773083 2.4868
-0.0770642 0.0491171 -0.995829 -44.2854 0.0147194 0.998737 0.0481225 0.891465 0.996933 -0.0109495 -0.077691 2.41999
-0.0783403 0.0488667 -0.995742 -45.11 0.0154235 0.998741 0.0478009 0.930488 0.996821 -0.0116135 -0.0789962 2.36104
-0.0793711 0.051196 -0.995544 -45.9295 0.0164403 0.998616 0.0500444 0.965848 0.996726 -0.0123951 -0.0801041 2.29051
-0.0811022 0.0572273 -0.995075 -46.7564 0.0186174 0.998266 0.0558939 0.998569 0.996546 -0.013993 -0.0820278 2.22278
-0.0829565 0.0589125 -0.994824 -47.5706 0.0191782 0.998164 0.0575122 1.04382 0.996385 -0.0143081 -0.0839352 2.15423
-0.0838274 0.059624 -0.994709 -48.3697 0.0197299 0.998115 0.058166 1.07899 0.996299 -0.0147499 -0.0848466 2.08083
-0.0855228 0.0589236 -0.994607 -49.1665 0.0203831 0.998147 0.0573819 1.12328 0.996145 -0.0153658 -0.0865665 2.00628
-0.0865626 0.0588844 -0.994519 -49.9635 0.0200503 0.998155 0.0573552 1.16259 0.996059 -0.0149759 -0.0875843 1.92308
-0.087753 0.0583656 -0.994446 -50.7466 0.0201972 0.998184 0.0568039 1.20483 0.995955 -0.0151004 -0.0887735 1.84557
-0.0895786 0.0583493 -0.994283 -51.5404 0.0200545 0.998188 0.0567723 1.24744 0.995792 -0.0148545 -0.0905871 1.76627
-0.0897158 0.0588968 -0.994239 -52.3212 0.0200151 0.998159 0.0573241 1.28458 0.995785 -0.014757 -0.0907304 1.69213
-0.0913412 0.0590118 -0.994084 -53.1068 0.0203086 0.998148 0.0573877 1.32496 0.995627 -0.0149469 -0.0923711 1.61163
-0.0920277 0.0593295 -0.994002 -53.8815 0.0201888 0.998133 0.057708 1.36856 0.99557 -0.0147571 -0.0930546 1.53403
-0.0919439 0.0598322 -0.99398 -54.6512 0.0207389 0.998095 0.0581622 1.40759 0.995563 -0.0152667 -0.0930102 1.46051
-0.093069 0.0600416 -0.993863 -55.424 0.020887 0.998081 0.0583417 1.45482 0.99546 -0.0153291 -0.0941453 1.38759
-0.0922041 0.0605108 -0.993915 -56.1893 0.0209803 0.998052 0.0588169 1.50335 0.995534 -0.0154299 -0.0932946 1.31025
-0.0933952 0.0615136 -0.993742 -56.9578 0.0210363 0.997992 0.0598009 1.54259 0.995427 -0.0153195 -0.0945025 1.23498
-0.0939613 0.0616746 -0.993679 -57.7082 0.0209423 0.997984 0.0599621 1.58172 0.995371 -0.015176 -0.0950642 1.15853
-0.0931128 0.0616041 -0.993765 -58.4457 0.0211958 0.997983 0.059881 1.6188 0.995452 -0.015488 -0.0942315 1.08371
-0.0947866 0.0617096 -0.993599 -59.1746 0.0218983 0.997967 0.0598925 1.65406 0.995273 -0.0160814 -0.095946 1.01499
-0.093277 0.0615141 -0.993755 -59.8895 0.0230837 0.997958 0.059609 1.68503 0.995394 -0.0173794 -0.0945073 0.943699
-0.0924385 0.0614941 -0.993834 -60.5984 0.0234557 0.997951 0.059568 1.7188 0.995459 -0.0178048 -0.0936923 0.873864
-0.0901911 0.0614505 -0.994045 -61.2831 0.0243945 0.997934 0.0594792 1.74827 0.995648 -0.0188846 -0.0915047 0.803498
-0.0856963 0.0619182 -0.994412 -61.9471 0.0247604 0.997894 0.060002 1.77711 0.99603 -0.0194801 -0.0870496 0.739861
-0.0804692 0.0626853 -0.994802 -62.6163 0.0244987 0.997846 0.0608971 1.80926 0.996478 -0.019471 -0.0818325 0.685734
-0.0730884 0.0632904 -0.995331 -63.2528 0.0243343 0.997803 0.0616614 1.8425 0.997045 -0.019714 -0.0744687 0.632536
-0.0645786 0.064202 -0.995863 -63.8921 0.0241571 0.997739 0.0627581 1.8702 0.997643 -0.0200042 -0.0659844 0.585134
-0.0528536 0.064781 -0.996515 -64.5088 0.023846 0.997693 0.0635936 1.89899 0.998334 -0.0204017 -0.054277 0.545779
-0.0375847 0.0655441 -0.99716 -65.1051 0.0228915 0.997644 0.0647148 1.93017 0.999054 -0.020394 -0.0389976 0.516794
-0.0193104 0.0664329 -0.99762 -65.6942 0.0216775 0.997586 0.0660116 1.95735 0.999595 -0.0203512 -0.0207044 0.499692
0.00237058 0.0671102 -0.997761 -66.2468 0.020213 0.997541 0.0671451 1.98999 0.999815 -0.0203267 0.00100703 0.501339
0.027773 0.0676664 -0.997338 -66.7918 0.0185932 0.997501 0.068196 2.0232 0.999458 -0.0204377 0.0264449 0.52023
0.0571124 0.068279 -0.996048 -67.3046 0.0166335 0.997457 0.0693308 2.05099 0.998252 -0.0205272 0.0558301 0.557432
0.0908762 0.0685471 -0.993517 -67.8008 0.0146282 0.997431 0.0701561 2.08523 0.995772 -0.0209087 0.0896397 0.610708
0.128162 0.0691162 -0.989361 -68.2762 0.0126252 0.997377 0.0713133 2.11482 0.991696 -0.0216302 0.126952 0.684681
0.168406 0.0696609 -0.98327 -68.7297 0.0104423 0.99732 0.0724456 2.14098 0.98568 -0.0224677 0.167228 0.779474
0.213135 0.070312 -0.974509 -69.1761 0.00762304 0.997259 0.0736224 2.17255 0.977017 -0.0231198 0.212013 0.890724
0.25959 0.0713097 -0.9631 -69.5971 0.00386321 0.997188 0.0748757 2.20349 0.965729 -0.0231574 0.258584 1.03258
0.309171 0.0682417 -0.948575 -70.0109 0.00542996 0.997282 0.0735172 2.23169 0.951016 -0.0278797 0.307958 1.19806
0.359334 0.0687556 -0.930691 -70.4089 0.00167651 0.997236 0.0743198 2.26765 0.933226 -0.0282657 0.358226 1.39045
0.410932 0.0689573 -0.909075 -70.7909 -0.00235112 0.997215 0.0745821 2.30472 0.911689 -0.0285104 0.409947 1.59415
0.461066 0.0688861 -0.884709 -71.167 -0.006032 0.997205 0.0745029 2.34839 0.887366 -0.029014 0.460193 1.82588
0.508962 0.0693404 -0.858015 -71.5264 -0.010078 0.997164 0.0746096 2.38481 0.860757 -0.0293258 0.508215 2.06543
0.553651 0.0705073 -0.829781 -71.8705 -0.0138699 0.997055 0.0754676 2.41172 0.832656 -0.0302734 0.552999 2.3316
0.598064 0.0673242 -0.79864 -72.1936 -0.00928352 0.996983 0.0770945 2.43116 0.801423 -0.0386925 0.596882 2.62619
0.639743 0.066628 -0.765723 -72.4885 -0.0136278 0.997066 0.0753739 2.48647 0.768494 -0.0377846 0.638774 2.91401
0.681237 0.0643479 -0.729258 -72.7931 -0.0188708 0.997344 0.0703774 2.51873 0.731852 -0.0341813 0.680639 3.22044
0.721151 0.0583744 -0.690344 -73.0639 -0.0260405 0.998028 0.0571908 2.54626 0.692318 -0.023266 0.721249 3.532
0.760672 0.0584833 -0.646529 -73.3453 -0.0296826 0.998028 0.0553583 2.582 0.648493 -0.022918 0.760904 3.89096
0.797568 0.0589171 -0.600379 -73.6054 -0.0324732 0.997975 0.0547974 2.60683 0.602388 -0.0242082 0.797866 4.26459
0.831633 0.0591281 -0.552207 -73.8537 -0.0357632 0.997957 0.0530001 2.63104 0.554214 -0.0243272 0.832045 4.67409
0.862452 0.0594104 -0.502681 -74.0984 -0.0392343 0.997952 0.0506324 2.66952 0.504657 -0.0239454 0.863016 5.11593
0.888321 0.0598778 -0.455351 -74.3156 -0.0415751 0.997881 0.0501161 2.69284 0.457387 -0.0255871 0.888924 5.57492
0.909871 0.0644657 -0.409902 -74.5381 -0.0487007 0.997627 0.0487978 2.71767 0.412072 -0.024437 0.91085 6.0688
0.927204 0.0659089 -0.368773 -74.7333 -0.0524995 0.997551 0.0462921 2.74892 0.370921 -0.0235609 0.928389 6.56762
0.940876 0.0680741 -0.331901 -74.9221 -0.0561285 0.997395 0.0454581 2.77541 0.334129 -0.0241411 0.942245 7.10044
0.951298 0.068741 -0.300586 -75.0946 -0.0579894 0.997326 0.0445581 2.79389 0.302846 -0.0249564 0.952736 7.66578
0.958491 0.0696527 -0.276556 -75.2529 -0.0599832 0.997267 0.0432814 2.81792 0.278813 -0.024896 0.960049 8.22818
0.964578 0.0700907 -0.254406 -75.4067 -0.0613366 0.997229 0.0421925 2.84613 0.256658 -0.0250927 0.966199 8.82807
0.968969 0.0708265 -0.236904 -75.5565 -0.0627838 0.997177 0.0413326 2.873 0.239161 -0.025176 0.97068 9.42745
0.972574 0.0723614 -0.221154 -75.7043 -0.0650471 0.997076 0.0401906 2.89858 0.223415 -0.0247021 0.974433 10.0505
0.975753 0.0729026 -0.206476 -75.8466 -0.0661364 0.997035 0.039494 2.92138 0.208741 -0.0248805 0.97768 10.6973
0.978418 0.0720079 -0.193801 -75.9712 -0.0657862 0.9971 0.0383597 2.94324 0.196001 -0.0247815 0.980313 11.3402
0.981051 0.0721444 -0.179936 -76.0928 -0.0664873 0.997096 0.0372835 2.96734 0.182102 -0.0246131 0.982998 12.0125
0.983725 0.0721927 -0.164676 -76.2127 -0.0670651 0.997085 0.0364955 2.99131 0.16683 -0.0248565 0.985695 12.7132
0.985878 0.0725248 -0.151088 -76.3255 -0.0678901 0.997063 0.0356191 3.0162 0.153227 -0.0248582 0.987905 13.4156
0.987809 0.0730548 -0.137631 -76.4296 -0.0690336 0.997046 0.0337737 3.03893 0.139692 -0.0238598 0.98993 14.1431
0.989142 0.0736496 -0.127351 -76.5239 -0.0700904 0.997026 0.032214 3.06326 0.129344 -0.0229377 0.991361 14.8549
0.990333 0.073604 -0.117777 -76.6137 -0.0706638 0.997084 0.0289534 3.06466 0.119565 -0.0203498 0.992641 15.5939
0.991293 0.0737523 -0.109285 -76.7026 -0.0709397 0.997053 0.0294113 3.08105 0.111132 -0.0214021 0.993603 16.3584
0.991999 0.0738429 -0.102633 -76.7838 -0.0709129 0.996976 0.0319158 3.09501 0.10468 -0.0243813 0.994231 17.1094
0.99249 0.0747078 -0.0970988 -76.8656 -0.0712031 0.996702 0.0390787 3.12437 0.0996974 -0.0318708 0.994535 17.8794
0.992934 0.0747816 -0.092411 -76.9476 -0.0713458 0.996656 0.0399453 3.14711 0.0950889 -0.0330687 0.994944 18.6518
0.993249 0.0742864 -0.0893542 -77.0161 -0.0709555 0.996687 0.0399011 3.17109 0.0920217 -0.033291 0.995228 19.4072
0.993516 0.0746276 -0.0860704 -77.0882 -0.0714155 0.996656 0.0398185 3.19702 0.0887539 -0.0334123 0.995518 20.1782
0.993759 0.0742888 -0.0834823 -77.1545 -0.0710853 0.996644 0.0407197 3.21565 0.0862266 -0.0345306 0.995705 20.9372
0.994021 0.0735295 -0.0810245 -77.217 -0.0703622 0.996671 0.0412815 3.2395 0.0837901 -0.0353324 0.995881 21.7063
0.994368 0.0727425 -0.0773674 -77.2793 -0.0696826 0.996709 0.0415494 3.26341 0.0801347 -0.0359236 0.996165 22.4788
0.994483 0.073115 -0.0755452 -77.3369 -0.0702623 0.99674 0.0397593 3.28965 0.0782057 -0.0342308 0.996374 23.2339
0.994383 0.076155 -0.0738178 -77.4093 -0.0739175 0.996737 0.0325904 3.3045 0.0760585 -0.0269503 0.996767 24.0016
0.994455 0.0770297 -0.0719479 -77.4717 -0.0752625 0.996803 0.0269634 3.32695 0.0737947 -0.0213977 0.997069 24.7572
0.994444 0.0778535 -0.0711833 -77.5271 -0.0764438 0.99683 0.0223239 3.34239 0.0726951 -0.0167577 0.997242 25.5036
0.994576 0.0787239 -0.0683474 -77.589 -0.0772123 0.996718 0.0244897 3.34991 0.0700509 -0.0190785 0.997386 26.2706
0.994723 0.0784552 -0.066461 -77.646 -0.0769319 0.996724 0.0251817 3.36675 0.0682184 -0.0199352 0.997501 27.0213
0.994863 0.0786556 -0.0641399 -77.705 -0.0771191 0.996684 0.0260963 3.38578 0.0659797 -0.0210146 0.997625 27.7827
0.995108 0.077744 -0.0613555 -77.7511 -0.0761651 0.996718 0.0276706 3.39924 0.0633048 -0.0228615 0.997762 28.5365
0.995184 0.0773527 -0.0606548 -77.7923 -0.0757297 0.996722 0.0286208 3.42409 0.0626697 -0.0238883 0.997775 29.2854
0.995388 0.076206 -0.0586938 -77.8397 -0.0746418 0.996812 0.028404 3.44224 0.0606709 -0.0238914 0.997902 30.0348
0.995448 0.0756032 -0.0584902 -77.8879 -0.0741262 0.996887 0.0270282 3.47393 0.0603514 -0.0225683 0.997948 30.7878
0.995539 0.0751999 -0.0574109 -77.9333 -0.073749 0.996917 0.0269941 3.49097 0.0592636 -0.0226389 0.998016 31.5425
0.995685 0.0743928 -0.0559356 -77.9815 -0.0729512 0.996964 0.0273919 3.50436 0.0578034 -0.0231918 0.998085 32.3013
0.995668 0.0746025 -0.0559465 -78.0282 -0.0731586 0.996949 0.0274349 3.52554 0.0578223 -0.0232222 0.998087 33.0731
0.995658 0.074883 -0.0557795 -78.0775 -0.0734158 0.996916 0.0279084 3.53963 0.0576972 -0.023691 0.99808 33.8452
0.99566 0.0743597 -0.0564182 -78.1237 -0.0728718 0.996954 0.0279956 3.55769 0.058328 -0.023762 0.998045 34.6165
0.995508 0.0743403 -0.0590769 -78.1704 -0.0727489 0.996944 0.028652 3.57234 0.0610262 -0.0242244 0.997869 35.4067
0.995392 0.0740941 -0.0613031 -78.2244 -0.072433 0.99696 0.0289 3.59241 0.0632579 -0.0243256 0.997732 36.1848
0.995172 0.0739427 -0.0649571 -78.2896 -0.0721692 0.996969 0.0292418 3.61149 0.0669221 -0.0244115 0.997487 36.9784
0.995022 0.0738563 -0.0672951 -78.3532 -0.0718961 0.996932 0.0311089 3.61986 0.0693861 -0.0261148 0.997279 37.7743
0.994872 0.0741955 -0.0691284 -78.4175 -0.0721853 0.99691 0.0311408 3.63755 0.0712249 -0.02599 0.997149 38.5645
0.99472 0.0737832 -0.0717192 -78.4849 -0.071626 0.996917 0.0322091 3.64822 0.0738744 -0.0269011 0.996937 39.3837
0.99466 0.0730639 -0.0732714 -78.5517 -0.0707976 0.996948 0.03307 3.66884 0.0754637 -0.0277048 0.996791 40.1918
0.994449 0.0733043 -0.0758502 -78.6165 -0.0709276 0.996922 0.0335768 3.68896 0.0780777 -0.0280096 0.996587 41.029
0.994318 0.0733806 -0.0774843 -78.6872 -0.0708818 0.996892 0.0345259 3.70351 0.0797767 -0.0288363 0.996424 41.8592
0.994337 0.0732503 -0.0773662 -78.7589 -0.0706232 0.996853 0.0361736 3.72986 0.0797718 -0.0305039 0.99638 42.6856
0.994232 0.0730252 -0.0789245 -78.833 -0.0699504 0.99671 0.0410504 3.75139 0.0816624 -0.0352917 0.996064 43.545
0.994325 0.0728801 -0.0778736 -78.9095 -0.0696271 0.996621 0.0437123 3.77322 0.0807957 -0.038041 0.996039 44.396
0.994443 0.0741114 -0.0751548 -78.9853 -0.0709652 0.996526 0.043708 3.80939 0.0781327 -0.0381305 0.996242 45.2467
0.994474 0.0745969 -0.0742722 -79.0595 -0.0714791 0.996486 0.0437963 3.83274 0.0772775 -0.0382441 0.996311 46.1133
0.99469 0.0745785 -0.0713347 -79.127 -0.0715775 0.99648 0.0437431 3.86003 0.0743456 -0.0384037 0.996522 46.9685
0.994808 0.0742497 -0.0700315 -79.1917 -0.0712915 0.996497 0.0438429 3.88802 0.0730409 -0.0386213 0.996617 47.8474
0.994898 0.0746572 -0.0682906 -79.2543 -0.071768 0.996463 0.0438312 3.92255 0.071321 -0.0387053 0.996731 48.7183
0.995069 0.0742032 -0.0662742 -79.3163 -0.0713243 0.996452 0.0448063 3.95779 0.0693632 -0.0398571 0.996831 49.5827
0.995072 0.0740576 -0.0663926 -79.3744 -0.0711119 0.996426 0.0456908 3.98582 0.0695388 -0.0407432 0.996777 50.4586
0.995136 0.0746528 -0.0647458 -79.4383 -0.0717563 0.996368 0.0459727 4.01115 0.0679418 -0.0411019 0.996879 51.3266
0.995004 0.0762887 -0.0648727 -79.5003 -0.073455 0.996288 0.0450049 4.04729 0.0680648 -0.0400138 0.996908 52.1863
0.994894 0.0782616 -0.0641942 -79.5679 -0.0755097 0.996169 0.0442369 4.08013 0.0674093 -0.0391624 0.996994 53.0442
0.994955 0.0794808 -0.0617146 -79.6276 -0.0768608 0.996088 0.0437322 4.11362 0.0649485 -0.0387671 0.997165 53.9009
0.994722 0.0819445 -0.0622158 -79.689 -0.0795686 0.996041 0.0397571 4.15503 0.0652264 -0.0345955 0.997308 54.7488
0.994779 0.0823968 -0.0607436 -79.7475 -0.0801024 0.996017 0.0392937 4.18788 0.0637389 -0.0342218 0.99741 55.6003
0.99498 0.0799091 -0.0607407 -79.8002 -0.077216 0.995982 0.0454689 4.2134 0.0641291 -0.0405491 0.997155 56.4507
0.994914 0.0808346 -0.0606334 -79.8575 -0.0776219 0.995547 0.053597 4.24398 0.0646954 -0.048617 0.996751 57.3108
0.994888 0.0810879 -0.0606665 -79.9224 -0.0773866 0.995133 0.0610637 4.27751 0.0653219 -0.0560553 0.996326 58.1685
0.994688 0.0809474 -0.0640836 -79.977 -0.077059 0.995165 0.0609909 4.31609 0.0687105 -0.0557277 0.99611 58.9988
0.994621 0.0805825 -0.0655298 -80.0288 -0.0765689 0.995162 0.0616208 4.35819 0.0701775 -0.0562702 0.995983 59.8346
0.994394 0.0810076 -0.0684299 -80.0888 -0.0767877 0.995111 0.062202 4.40757 0.073134 -0.0565977 0.995746 60.6533
0.994183 0.0812593 -0.0711105 -80.1541 -0.0768705 0.995089 0.0624294 4.46206 0.0758334 -0.0565984 0.99555 61.4769
0.99391 0.0818309 -0.0742375 -80.2272 -0.0772581 0.995055 0.0625127 4.51484 0.0789856 -0.0563953 0.995311 62.3001
0.993497 0.0820446 -0.0793289 -80.2959 -0.0771561 0.99504 0.0628513 4.56338 0.0840911 -0.0563203 0.994902 63.1029
0.993287 0.0820949 -0.0818912 -80.3697 -0.0770297 0.995028 0.0632109 4.61516 0.0866732 -0.0564773 0.994666 63.9164
0.992784 0.0845672 -0.0853877 -80.452 -0.0791913 0.994774 0.0645085 4.65048 0.090396 -0.0572794 0.994295 64.7098
0.992462 0.084817 -0.0888238 -80.5342 -0.0791375 0.994706 0.0656274 4.69457 0.0939197 -0.0581022 0.993915 65.514
0.992139 0.0856686 -0.0915644 -80.6168 -0.0795267 0.994463 0.0687554 4.73309 0.0969467 -0.0609314 0.993461 66.3258
0.991655 0.0861482 -0.0962532 -80.7014 -0.0790032 0.993999 0.0757336 4.77781 0.1022 -0.0674959 0.992503 67.1195
0.991252 0.086988 -0.0995736 -80.7851 -0.0793138 0.993751 0.0786055 4.81544 0.105788 -0.0700186 0.991959 67.9191
0.990434 0.0879493 -0.106641 -80.873 -0.0796669 0.993643 0.0795935 4.86998 0.112963 -0.0703349 0.991139 68.6923
0.989931 0.0865044 -0.112316 -80.966 -0.077538 0.993625 0.081897 4.91557 0.118683 -0.072362 0.99033 69.4794
0.989108 0.087856 -0.118371 -81.065 -0.0783552 0.993496 0.0826675 4.97253 0.124864 -0.0724908 0.989554 70.2645
0.988154 0.0894856 -0.124931 -81.175 -0.0794579 0.993375 0.0830781 5.03729 0.131536 -0.0721655 0.98872 71.0276
0.987301 0.0907232 -0.130662 -81.2889 -0.0802338 0.993283 0.083432 5.09762 0.137353 -0.0718877 0.987942 71.7938
0.98658 0.0910289 -0.135776 -81.4013 -0.0800798 0.993243 0.0840477 5.15436 0.142508 -0.0720453 0.987207 72.5578
0.985525 0.0925782 -0.142254 -81.5212 -0.0809638 0.993058 0.0853834 5.21186 0.149171 -0.0726288 0.986173 73.3173
0.984908 0.0943244 -0.145331 -81.6395 -0.0818503 0.992617 0.0895605 5.27231 0.152705 -0.0763119 0.98536 74.0763
0.98372 0.0962088 -0.152012 -81.7663 -0.0827002 0.992246 0.0928328 5.32811 0.159765 -0.0787485 0.984042 74.8431
0.982761 0.0959104 -0.158258 -81.8938 -0.0817047 0.992222 0.0939684 5.39413 0.166039 -0.0794163 0.982955 75.5968
0.981818 0.0952431 -0.164408 -82.0224 -0.0808828 0.992479 0.0919492 5.45834 0.17193 -0.0769781 0.982131 76.3451
0.98011 0.0952934 -0.174265 -82.1561 -0.0805922 0.992717 0.089595 5.52133 0.181532 -0.0737668 0.980654 77.0841
0.978645 0.0944058 -0.182784 -82.3015 -0.0792927 0.992938 0.0883142 5.59231 0.18983 -0.0719334 0.979214 77.8141
0.976456 0.0949934 -0.193844 -82.4469 -0.078399 0.992713 0.0915744 5.65255 0.201129 -0.0742193 0.976789 78.5503
0.974293 0.0944197 -0.204714 -82.6024 -0.0752693 0.992202 0.0994152 5.72455 0.212504 -0.0814494 0.973796 79.2849
0.972074 0.0945892 -0.214922 -82.7689 -0.0726011 0.991501 0.108015 5.81056 0.223311 -0.0893933 0.97068 80.0119
0.969455 0.0943403 -0.226553 -82.9416 -0.0701399 0.991167 0.11261 5.86839 0.235176 -0.0932781 0.967503 80.7392
0.966737 0.0955058 -0.237416 -83.1292 -0.0709826 0.991422 0.109801 5.94498 0.245864 -0.0892939 0.965223 81.4391
0.963564 0.0933953 -0.250783 -83.3189 -0.0697212 0.992375 0.101702 6.01376 0.25837 -0.0805094 0.962722 82.1421
0.960281 0.0924632 -0.263399 -83.517 -0.068036 0.992622 0.10042 6.08577 0.270739 -0.0785093 0.959487 82.8433
0.957185 0.0929332 -0.274287 -83.7249 -0.0660527 0.992211 0.105683 6.16222 0.281972 -0.0830389 0.95586 83.5471
0.953652 0.0929185 -0.286328 -83.946 -0.0629721 0.991706 0.112101 6.23692 0.294367 -0.0888729 0.951594 84.2671
0.949977 0.0935267 -0.298111 -84.1764 -0.0604076 0.991127 0.118459 6.30844 0.306545 -0.0945228 0.947191 84.9772
0.946356 0.0951976 -0.308899 -84.4094 -0.0594748 0.990618 0.123094 6.38946 0.317717 -0.098117 0.94314 85.6693
0.942095 0.0947623 -0.321794 -84.6525 -0.0572724 0.990628 0.124058 6.47601 0.330534 -0.098442 0.938686 86.3685
0.939344 0.0923827 -0.330409 -84.8983 -0.0556415 0.99134 0.119003 6.56609 0.338539 -0.0933983 0.93635 87.0515
0.936071 0.0906856 -0.340032 -85.154 -0.0543896 0.991904 0.114818 6.64835 0.347691 -0.0889816 0.933418 87.7463
0.933393 0.0904372 -0.347377 -85.4207 -0.0534551 0.991975 0.114632 6.73184 0.354954 -0.0884254 0.930738 88.441
0.930803 0.0912841 -0.354046 -85.6994 -0.0534251 0.991901 0.115294 6.82156 0.361702 -0.0883992 0.928135 89.1298
0.927351 0.0929357 -0.362571 -85.9803 -0.0533207 0.991611 0.117805 6.89915 0.370475 -0.089912 0.924527 89.8318
0.924743 0.0948019 -0.368699 -86.2594 -0.0519052 0.990856 0.124597 6.98701 0.377139 -0.096081 0.921201 90.5226
0.921418 0.0972258 -0.376311 -86.5551 -0.0500256 0.989825 0.133257 7.07017 0.385435 -0.103957 0.916907 91.2267
0.918541 0.102773 -0.381835 -86.8587 -0.0537472 0.989128 0.136943 7.16252 0.391757 -0.105262 0.914071 91.9213
0.916057 0.108883 -0.386081 -87.1663 -0.0586039 0.988462 0.139727 7.26182 0.396837 -0.10537 0.911868 92.6033
0.913003 0.108735 -0.393294 -87.4702 -0.060795 0.989338 0.1324 7.36108 0.403496 -0.0969693 0.909873 93.2913
0.911826 0.104651 -0.397112 -87.7674 -0.0579304 0.990099 0.127913 7.4437 0.406563 -0.0936275 0.90886 93.9762
0.909679 0.104925 -0.401937 -88.0816 -0.057552 0.990084 0.128213 7.54406 0.411403 -0.0934983 0.90669 94.6713
0.907433 0.108368 -0.406077 -88.4067 -0.0590303 0.989476 0.132157 7.65194 0.416122 -0.0959507 0.90428 95.366
0.905474 0.1094 -0.410157 -88.7299 -0.0582115 0.989099 0.135318 7.74039 0.420489 -0.0986481 0.901965 96.0553
0.902994 0.107608 -0.416051 -89.0494 -0.0555976 0.989263 0.135207 7.84409 0.42613 -0.0989572 0.899281 96.7521
0.901177 0.106868 -0.420167 -89.3773 -0.0562519 0.98978 0.131104 7.94397 0.429883 -0.0945101 0.897971 97.4322
0.898611 0.104041 -0.426321 -89.7109 -0.0551798 0.990572 0.125443 8.03523 0.43535 -0.0891978 0.895879 98.121
0.896435 0.103527 -0.431008 -90.0512 -0.0539532 0.990604 0.125732 8.13855 0.439974 -0.0894542 0.893591 98.8071
0.895333 0.100984 -0.433887 -90.3929 -0.0505874 0.99072 0.126204 8.22515 0.442601 -0.0910433 0.892133 99.4942
0.892939 0.10161 -0.438654 -90.7395 -0.0495759 0.990474 0.128522 8.31355 0.447534 -0.093013 0.889464 100.183
0.890886 0.101194 -0.4429 -91.083 -0.0481264 0.990418 0.129495 8.40596 0.451757 -0.0940475 0.88722 100.851
0.888488 0.100815 -0.447779 -91.4285 -0.0468483 0.990409 0.130036 8.50306 0.456594 -0.0945547 0.884684 101.531
0.886394 0.100361 -0.452009 -91.7731 -0.0455255 0.990392 0.130635 8.5939 0.460772 -0.095213 0.882447 102.2
0.884629 0.10006 -0.455524 -92.1177 -0.0445061 0.990374 0.131122 8.69244 0.464258 -0.0957176 0.880561 102.854
0.882259 0.0998215 -0.460146 -92.4733 -0.04324 0.990321 0.131939 8.78662 0.468859 -0.0965043 0.878037 103.523
0.880142 0.0999903 -0.464148 -92.8254 -0.0427011 0.990287 0.13237 8.87975 0.472875 -0.0966823 0.875858 104.168
0.877427 0.0985864 -0.469557 -93.1856 -0.0422506 0.990742 0.129072 8.96285 0.47793 -0.0934088 0.873469 104.826
0.87526 0.0963386 -0.474049 -93.5442 -0.0415405 0.991323 0.124771 9.04515 0.481955 -0.0895119 0.871662 105.468
0.87337 0.0969377 -0.477399 -93.8944 -0.0417273 0.991292 0.124958 9.13586 0.48535 -0.0892111 0.86981 106.094
0.871463 0.0971549 -0.480831 -94.2611 -0.0399748 0.991003 0.127795 9.21682 0.488919 -0.0921446 0.867501 106.746
0.869833 0.0994811 -0.483297 -94.6218 -0.0378056 0.99003 0.135753 9.29689 0.491978 -0.0998081 0.864921 107.378
0.869129 0.098225 -0.48482 -94.9717 -0.0325975 0.989339 0.14201 9.36662 0.493596 -0.107619 0.863059 107.999
0.867423 0.0975393 -0.488003 -95.3293 -0.0301111 0.989102 0.144183 9.44225 0.496743 -0.11037 0.860905 108.623
0.866198 0.0967757 -0.490326 -95.6664 -0.0283931 0.989026 0.145052 9.52907 0.49898 -0.111719 0.859435 109.211
0.864098 0.0964696 -0.494077 -96.0035 -0.0272635 0.989002 0.145432 9.6322 0.502668 -0.112194 0.857222 109.793
0.862322 0.0966342 -0.49714 -96.3348 -0.0267446 0.988955 0.14585 9.72505 0.50574 -0.112471 0.855377 110.356
0.86128 0.0967789 -0.498913 -96.6635 -0.0261839 0.988855 0.146625 9.80916 0.507538 -0.113219 0.854213 110.904
0.859823 0.0968484 -0.501409 -96.9814 -0.0257342 0.988831 0.146872 9.89575 0.51003 -0.113378 0.852706 111.443
0.858815 0.0964859 -0.503202 -97.2899 -0.0246172 0.988753 0.147582 9.97925 0.511777 -0.114355 0.851528 111.953
0.857439 0.0966646 -0.50551 -97.5912 -0.0238806 0.988627 0.148548 10.0577 0.514117 -0.115296 0.84999 112.454
0.856159 0.0967589 -0.507656 -97.8816 -0.0231044 0.988508 0.149452 10.1276 0.516279 -0.116222 0.848553 112.934
0.85509 0.0968089 -0.509447 -98.1574 -0.022385 0.988403 0.150258 10.1972 0.518082 -0.117077 0.847335 113.385
0.853617 0.0971126 -0.511853 -98.4253 -0.0220122 0.988327 0.150812 10.2732 0.520519 -0.117465 0.845788 113.823
0.852666 0.0979886 -0.51327 -98.6818 -0.0228559 0.988323 0.150718 10.3515 0.522042 -0.116778 0.844943 114.23
0.850618 0.100449 -0.516184 -98.9301 -0.0245388 0.988108 0.151857 10.4272 0.525294 -0.116502 0.842965 114.626
0.848418 0.101245 -0.519639 -99.1608 -0.0245724 0.988025 0.152392 10.4964 0.528842 -0.11652 0.84074 115.004
0.846094 0.101078 -0.523447 -99.3832 -0.0234116 0.987968 0.152944 10.5612 0.532602 -0.117147 0.838277 115.366
0.842836 0.101113 -0.52867 -99.6041 -0.0222666 0.987915 0.153456 10.6335 0.537794 -0.117563 0.834896 115.709
0.839205 0.101554 -0.534332 -99.82 -0.0214825 0.987846 0.154017 10.7021 0.543473 -0.117769 0.831183 116.031
0.835616 0.107594 -0.538757 -100.034 -0.0249668 0.987069 0.158408 10.7571 0.548831 -0.118914 0.827491 116.336
0.831741 0.112517 -0.543726 -100.24 -0.0253453 0.985935 0.165264 10.8143 0.554667 -0.123672 0.82289 116.633
0.827564 0.112826 -0.55 -100.428 -0.0234189 0.985694 0.166973 10.8581 0.560967 -0.125297 0.81836 116.907
0.822192 0.113074 -0.557947 -100.607 -0.0210806 0.985461 0.168658 10.8941 0.568899 -0.126903 0.812618 117.174
0.815654 0.113128 -0.567453 -100.777 -0.0188117 0.985377 0.169413 10.9419 0.578317 -0.127504 0.805848 117.415
0.807529 0.113166 -0.578949 -100.945 -0.0161806 0.985316 0.170038 10.9895 0.589684 -0.127939 0.797498 117.633
0.797805 0.113406 -0.592232 -101.109 -0.0134044 0.985258 0.170614 11.0366 0.602846 -0.128175 0.787557 117.84
0.786385 0.113525 -0.607291 -101.276 -0.0102609 0.985247 0.170899 11.0826 0.617727 -0.128157 0.775944 118.025
0.773224 0.113438 -0.62398 -101.433 -0.00646427 0.985242 0.17111 11.1191 0.634178 -0.128268 0.762539 118.2
0.75878 0.111569 -0.641793 -101.584 -0.00456022 0.98612 0.166042 11.1553 0.651403 -0.123059 0.748753 118.358
0.744402 0.109336 -0.658791 -101.735 -0.00273969 0.987008 0.160719 11.1889 0.6678 -0.11783 0.735024 118.504
0.729299 0.109406 -0.675461 -101.896 -0.00325305 0.987689 0.156474 11.2226 0.684257 -0.111914 0.720672 118.646
0.714177 0.109603 -0.6914 -102.056 0.000217661 0.987643 0.156794 11.2594 0.700037 -0.112125 0.705321 118.778
0.698142 0.109924 -0.707538 -102.221 0.00343042 0.987631 0.156832 11.2908 0.716018 -0.111914 0.689126 118.904
0.6801 0.110108 -0.724871 -102.385 0.00776758 0.987532 0.157299 11.3155 0.733149 -0.112605 0.670759 119.044
0.661011 0.110301 -0.742289 -102.551 0.0119676 0.987474 0.157399 11.3475 0.750344 -0.112921 0.651408 119.173
0.640134 0.110565 -0.76033 -102.72 0.0163855 0.987413 0.157387 11.3821 0.768156 -0.113203 0.630258 119.288
0.616779 0.110819 -0.779358 -102.9 0.0211267 0.987365 0.157122 11.4205 0.786914 -0.11337 0.606642 119.401
0.593523 0.111214 -0.797157 -103.079 0.0258855 0.987269 0.157015 11.4483 0.804466 -0.113822 0.583082 119.504
0.569118 0.111407 -0.814733 -103.267 0.0306573 0.987227 0.156416 11.4836 0.821743 -0.113992 0.558431 119.604
0.544186 0.113071 -0.831368 -103.46 0.0332575 0.987203 0.156039 11.5195 0.838368 -0.112559 0.533457 119.699
0.517915 0.113345 -0.847947 -103.646 0.0381773 0.987145 0.155277 11.5518 0.854637 -0.112788 0.506928 119.787
0.491393 0.113632 -0.86355 -103.845 0.0430225 0.987087 0.154374 11.5814 0.869935 -0.113006 0.480155 119.869
0.462704 0.113709 -0.879246 -104.043 0.0481383 0.987066 0.152993 11.6056 0.88526 -0.113111 0.451244 119.948
0.431022 0.113216 -0.895265 -104.243 0.0533152 0.987181 0.150513 11.6387 0.900824 -0.112601 0.419457 120.017
0.397394 0.107797 -0.911349 -104.48 0.0595991 0.98796 0.142853 11.6688 0.915764 -0.11108 0.386183 120.092
0.359952 0.108225 -0.926725 -104.716 0.0655216 0.987876 0.14082 11.6993 0.930725 -0.111404 0.348494 120.155
0.319676 0.108697 -0.941324 -104.991 0.0717338 0.987784 0.138428 11.7317 0.944861 -0.111773 0.307972 120.218
0.277305 0.108849 -0.954647 -105.281 0.0778862 0.987757 0.135252 11.7682 0.957676 -0.111855 0.26543 120.272
0.231294 0.109041 -0.966805 -105.576 0.0841344 0.987746 0.131536 11.8034 0.969291 -0.111761 0.219285 120.308
0.18292 0.109382 -0.977074 -105.899 0.0907915 0.987677 0.12757 11.8409 0.978983 -0.11204 0.170734 120.337
0.133678 0.109518 -0.985005 -106.234 0.0973039 0.987634 0.123021 11.8784 0.986288 -0.112286 0.121368 120.351
0.0828694 0.109995 -0.990521 -106.573 0.104057 0.987514 0.118371 11.914 0.991168 -0.112875 0.0703891 120.347
0.0302814 0.110626 -0.993451 -106.942 0.11065 0.987389 0.113329 11.9498 0.99345 -0.113353 0.0176589 120.337
-0.021928 0.111241 -0.993601 -107.305 0.116981 0.987261 0.107954 11.9818 0.992948 -0.11386 -0.0346605 120.297
-0.0755651 0.111927 -0.99089 -107.695 0.123358 0.987108 0.102098 12.0144 0.989533 -0.114515 -0.0883974 120.246
-0.128214 0.112371 -0.98541 -108.085 0.128993 0.987021 0.0957756 12.049 0.983378 -0.114826 -0.141043 120.167
-0.178375 0.112679 -0.977541 -108.479 0.134049 0.986954 0.0893098 12.0843 0.974842 -0.115103 -0.191151 120.062
-0.22823 0.113278 -0.967047 -108.902 0.138748 0.986867 0.0828591 12.1149 0.963727 -0.11526 -0.240947 119.939
-0.276549 0.113823 -0.954289 -109.329 0.143079 0.986783 0.0762403 12.1426 0.950344 -0.11545 -0.289177 119.796
-0.322642 0.11473 -0.939596 -109.754 0.148943 0.986426 0.0693085 12.1698 0.934788 -0.117579 -0.335346 119.624
-0.367069 0.11535 -0.923069 -110.203 0.152565 0.986322 0.0625912 12.1954 0.917654 -0.117848 -0.379644 119.424
-0.40928 0.115936 -0.90507 -110.656 0.155688 0.986233 0.0559344 12.2208 0.899089 -0.11801 -0.421691 119.205
-0.448887 0.116277 -0.886049 -111.12 0.158197 0.986189 0.0492797 12.2454 0.879534 -0.118045 -0.461079 118.951
-0.483002 0.116669 -0.867871 -111.582 0.160364 0.986119 0.0433226 12.2643 0.860874 -0.118245 -0.495001 118.67
-0.511052 0.116862 -0.851629 -112.048 0.161513 0.986135 0.0384031 12.2812 0.844302 -0.117919 -0.522837 118.364
-0.534796 0.116803 -0.836932 -112.535 0.162234 0.98618 0.0339725 12.2964 0.829329 -0.117604 -0.546348 118.031
-0.552199 0.116864 -0.825543 -113.024 0.16264 0.986216 0.0308272 12.3083 0.817759 -0.117239 -0.563591 117.682
-0.566743 0.117064 -0.8156 -113.532 0.163032 0.986228 0.0282741 12.3213 0.807673 -0.116939 -0.578016 117.312
-0.577529 0.117681 -0.807908 -114.046 0.163423 0.986204 0.0268356 12.3335 0.799912 -0.116528 -0.588789 116.935
-0.587888 0.118277 -0.800315 -114.574 0.163868 0.986169 0.0253773 12.3492 0.792242 -0.116221 -0.599132 116.535
-0.595791 0.119016 -0.794338 -115.108 0.164387 0.986105 0.024458 12.364 0.786204 -0.116002 -0.607073 116.122
-0.601888 0.119299 -0.789686 -115.648 0.164549 0.9861 0.0235606 12.3785 0.781516 -0.115756 -0.613145 115.693
-0.607954 0.119463 -0.785 -116.204 0.164435 0.986139 0.0227309 12.3917 0.776827 -0.115257 -0.619167 115.25
