1 0 0 0 0 1 0 0 0 0 1 0
1 -3.41542e-05 -7.23919e-05 -0.00550497 3.41509e-05 1 0.000930059 -0.00460853 7.24221e-05 -0.000930087 1 1.30878
1 -0.000263127 0.000589815 -0.0103728 0.000262352 0.999999 0.00129768 -0.00397634 -0.000590172 -0.00129753 0.999999 2.60127
1 -0.000166735 -0.000418599 -0.0130127 0.000167397 0.999998 0.0019167 -0.0138409 0.000418322 -0.00191682 0.999999 3.9257
1 3.23614e-06 0.0010524 -0.0134006 -5.48119e-06 0.999998 0.00210581 -0.00891439 -0.00105242 -0.00210578 0.999998 5.22601
1 4.11767e-05 0.000236605 -0.0163807 -4.20247e-05 0.999996 0.00290276 -0.00573588 -0.000236437 -0.00290281 0.999997 6.55026
1 -5.90278e-05 0.000342735 -0.0184237 5.7679e-05 0.999992 0.00385483 -0.013126 -0.000342941 -0.00385476 0.999993 7.87658
0.999999 -0.000101228 0.0010666 -0.0204553 9.65515e-05 0.999991 0.00421166 -0.0201458 -0.00106697 -0.00421157 0.999991 9.20376
1 0.00052608 -0.000150962 -0.0261485 -0.000525432 0.999991 0.0041732 -0.029759 0.000153095 -0.00417306 0.999992 10.5388
0.999999 0.000879479 0.00127852 -0.033407 -0.000886209 0.999986 0.00516747 -0.0191562 -0.00127384 -0.00516859 0.999987 11.8633
1 0.00107464 0.000727109 -0.0355987 -0.00107871 0.999984 0.00568106 -0.0106659 -0.000720938 -0.00568181 0.999985 13.1999
1 0.00108702 0.0005183 -0.0454635 -0.00109062 0.999977 0.00664104 -0.0106692 -0.00051085 -0.00664158 0.999979 14.5369
0.999999 0.000972051 0.00197267 -0.0523557 -0.000987134 0.99997 0.00768591 -0.00844259 -0.00196514 -0.00768784 0.999969 15.8749
0.999999 0.000109513 0.00155201 -0.0495288 -0.000124657 0.999953 0.0096738 -0.00217898 -0.00155066 -0.00967397 0.999954 17.2256
0.999991 -0.00370398 0.00283963 -0.0462422 0.00366944 0.99992 0.0120955 0.00643471 -0.0028842 -0.012085 0.999924 18.5718
0.999993 -0.00379912 0.00110191 -0.0382966 0.00378445 0.999908 0.01299 0.027313 -0.001151 -0.0129858 0.999917 19.9228
0.999991 -0.00389389 0.00283957 -0.033044 0.00385273 0.999889 0.0143896 0.0584413 -0.0028953 -0.0143786 0.999894 21.2619
0.999991 -0.0037732 0.00244103 -0.027937 0.00373569 0.999878 0.0151673 0.10192 -0.00249777 -0.0151582 0.999884 22.6244
0.999991 -0.0036496 0.00334205 -0.0314589 0.00359442 0.999859 0.0163859 0.13214 -0.00340141 -0.0163738 0.999861 23.9802
0.999977 -0.00371843 0.00586043 -0.0363729 0.00360193 0.9998 0.0197238 0.143382 -0.00593233 -0.0197024 0.99979 25.333
0.999983 -0.00418206 0.0048085 -0.0301091 0.00408086 0.999775 0.0208617 0.161021 -0.00489472 -0.0208417 0.999773 26.71
0.999974 -0.00409546 0.00628439 -0.0298707 0.00395368 0.999743 0.0223749 0.166389 -0.00637426 -0.0223497 0.999733 28.0591
0.999989 -0.00246429 0.00499324 -0.0346326 0.0023524 0.999749 0.0222956 0.176569 -0.00504702 -0.0222833 0.999741 29.4468
0.999975 -0.00171011 0.00713304 -0.0337108 0.00154896 0.999747 0.022493 0.186716 -0.00716958 -0.0224815 0.999725 30.8078
0.999981 0.00134479 0.00691038 -0.0376002 -0.00148188 0.999802 0.019874 0.216243 -0.00688228 -0.0198835 0.99978 32.2037
0.999974 0.00140977 0.00727311 -0.0360164 -0.00156262 0.999779 0.0210092 0.225509 -0.00724176 -0.0210202 0.999757 33.585
0.999966 0.00166488 0.00875994 -0.0349793 -0.00185833 0.999755 0.0221227 0.246425 -0.00872098 -0.0221378 0.999719 34.9511
0.999977 0.00166622 0.00689395 -0.0285106 -0.00183171 0.99971 0.0240288 0.268371 -0.00685184 -0.024041 0.999692 36.348
0.999968 0.00237586 0.00850592 -0.0341059 -0.00259106 0.999675 0.0253841 0.294791 -0.00844296 -0.0254049 0.999644 37.7289
0.999973 0.00359536 0.00687997 -0.0284087 -0.0037706 0.999666 0.025585 0.318996 -0.0067856 -0.0256103 0.999653 39.1321
0.999972 0.00443771 0.00713027 -0.0304663 -0.00462303 0.999647 0.0262004 0.336453 -0.0070116 -0.0262322 0.999634 40.53
0.999953 0.00510643 0.00861062 -0.032801 -0.00533837 0.999619 0.0270969 0.363911 -0.00846886 -0.0271416 0.9996 41.9265
0.999968 0.00527793 0.00704005 -0.0308014 -0.00547048 0.999604 0.0276258 0.394603 -0.00689151 -0.027663 0.999596 43.3261
0.999958 0.00513776 0.00795792 -0.0271486 -0.00535716 0.999601 0.0277555 0.420589 -0.00781199 -0.0277969 0.999588 44.7405
0.999973 0.00555153 0.00617663 -0.0262454 -0.00572426 0.999583 0.0283177 0.446545 -0.00601681 -0.028352 0.999582 46.1412
0.999962 0.00569999 0.00708254 -0.0190256 -0.00590436 0.999559 0.0291312 0.475552 -0.00691319 -0.0291718 0.999555 47.5451
0.999979 0.00619981 0.00433736 -0.0209354 -0.00632715 0.999531 0.0299864 0.506314 -0.00414937 -0.0300128 0.999543 48.9697
0.999981 0.00613366 0.00279268 -0.0249174 -0.00621788 0.999498 0.0310963 0.538638 -0.00260038 -0.031113 0.999518 50.3944
0.999983 0.00639222 0.00341846 -0.0277453 -0.00649804 0.99947 0.0319026 0.571316 -0.00321269 -0.0319238 0.999487 51.7987
0.99998 0.00687081 0.00112598 -0.0301978 -0.0069048 0.999426 0.0331906 0.604398 -0.000897146 -0.0331975 0.999454 53.2306
0.999984 0.00686614 0.00156848 -0.032504 -0.00691619 0.99938 0.0345172 0.636198 -0.0013305 -0.034527 0.999405 54.6567
0.999981 0.00687092 -0.000151259 -0.0326818 -0.0068619 0.999371 0.034782 0.670523 0.000390226 -0.0347801 0.999401 56.0838
0.99999 0.00614305 -0.000365549 -0.0411747 -0.0061265 0.99937 0.034954 0.711083 0.000580071 -0.034951 0.999392 57.5068
0.999982 0.00653484 0.00149843 -0.0414721 -0.00658462 0.99934 0.0357461 0.747319 -0.00126373 -0.0357551 0.999367 58.9135
0.999987 0.0067244 0.000529901 -0.0432157 -0.00673913 0.999327 0.0360532 0.783363 -0.000286996 -0.0360558 0.999353 60.3417
0.999977 0.0069488 0.0024724 -0.0451443 -0.00703414 0.999321 0.0361759 0.825458 -0.00221921 -0.0361923 0.99935 61.7395
0.999986 0.00668506 0.00171349 -0.0463362 -0.00674242 0.999328 0.0360318 0.862564 -0.0014712 -0.0360425 0.999353 63.1641
0.999981 0.00653429 0.00200943 -0.043649 -0.00660169 0.999353 0.0353747 0.895404 -0.00177685 -0.035387 0.99938 64.5799
0.999978 0.00701753 0.00398264 -0.0503512 -0.00715203 0.999368 0.0348227 0.923382 -0.00373537 -0.0348501 0.99939 65.9836
0.999965 0.00790965 0.00384994 -0.0480109 -0.00803863 0.999369 0.0346191 0.956103 -0.00357352 -0.0346487 0.999401 67.3924
0.999952 0.00898894 0.0061669 -0.0512126 -0.00919647 0.999363 0.0344968 0.979419 -0.00585269 -0.0345515 0.99939 68.7941
0.999911 0.0123294 0.00588361 -0.0519071 -0.012536 0.999259 0.0364207 1.00969 -0.00543008 -0.036491 0.999327 70.2073
0.999846 0.0164839 0.00763397 -0.0566686 -0.016762 0.999141 0.0379315 1.03854 -0.00700204 -0.0380533 0.999256 71.6122
0.999726 0.0224682 0.00728677 -0.0535436 -0.0227269 0.999036 0.0375963 1.09433 -0.0064348 -0.0377514 0.999275 73.0217
0.999664 0.0250857 0.00787126 -0.0504844 -0.0253654 0.998966 0.0377329 1.12688 -0.00691637 -0.0379196 0.999262 74.421
0.999639 0.0255983 0.00881956 -0.0518316 -0.0259132 0.998955 0.0376623 1.15788 -0.00784593 -0.037877 0.99926 75.8
0.99965 0.0254502 0.00845024 -0.0429819 -0.0257501 0.998964 0.0375437 1.19336 -0.00748578 -0.0377479 0.999265 77.2053
0.999643 0.0253215 0.00909932 -0.0420593 -0.025644 0.998977 0.0372672 1.22849 -0.00814599 -0.0374871 0.999273 78.567
0.999657 0.0252206 0.00833234 -0.0318029 -0.0255112 0.998996 0.0368513 1.26943 -0.00739433 -0.0370511 0.999292 79.9656
0.999657 0.0252577 0.00771333 -0.017395 -0.0255238 0.999004 0.0366276 1.30943 -0.00678001 -0.0368117 0.999309 81.3534
0.999666 0.0250896 0.00761304 -0.00794186 -0.0253501 0.999019 0.0363344 1.34666 -0.00669363 -0.0365151 0.999317 82.708
0.999672 0.0248884 0.00682208 0.00168896 -0.0251168 0.999045 0.0357707 1.38361 -0.00592463 -0.0359302 0.999347 84.1048
0.999651 0.0257554 0.00738046 -0.000200729 -0.0260026 0.999027 0.03564 1.42558 -0.00645498 -0.0358192 0.999344 85.4593
0.99965 0.0261736 0.00521993 0.00615132 -0.0263432 0.999018 0.0356417 1.47286 -0.00428121 -0.0357665 0.999361 86.8372
0.999637 0.0269923 0.00424 0.00553668 -0.0271307 0.998951 0.0369295 1.51668 -0.00323839 -0.0370308 0.999316 88.2041
0.99968 0.0252435 0.00371518 0.00169016 -0.0253638 0.998992 0.0370309 1.55006 -0.00277598 -0.0371131 0.999317 89.5438
0.999676 0.0257938 0.00248649 0.00295319 -0.025869 0.998962 0.0375285 1.60035 -0.00151544 -0.0375803 0.9993 90.9264
0.999678 0.0254961 0.00260184 -0.00390495 -0.0255759 0.998964 0.0376703 1.64501 -0.00163792 -0.0377245 0.999298 92.2585
0.999685 0.0255005 0.00166012 -0.00734099 -0.0255454 0.998948 0.0381209 1.69038 -0.000685788 -0.0381509 0.999279 93.6321
0.999714 0.0241765 0.00184279 -0.0136064 -0.0242288 0.998988 0.0379447 1.72199 -0.00092273 -0.0379782 0.99929 94.9648
0.999717 0.0242652 0.0011023 -0.0175984 -0.0242896 0.998989 0.0378659 1.76218 -0.0001818 -0.0378816 0.99929 96.3226
0.999703 0.0246558 0.00132664 -0.0239818 -0.024688 0.998995 0.0374658 1.80333 -0.000400752 -0.0374872 0.999309 97.6741
0.999683 0.0254822 0.00295195 -0.0320696 -0.0255741 0.998991 0.036954 1.84314 -0.00200674 -0.0370173 0.999321 99.0139
0.999687 0.0251365 0.00313917 -0.0329881 -0.025237 0.998971 0.037749 1.87241 -0.00218629 -0.037816 0.999295 100.376
0.999683 0.0252895 0.0042582 -0.0387966 -0.0254332 0.998956 0.0379958 1.91262 -0.00329222 -0.0380917 0.999278 101.701
0.999685 0.0250998 0.00427137 -0.0416938 -0.0252456 0.998943 0.0384583 1.94877 -0.00330076 -0.0385537 0.999264 103.065
0.999678 0.0254425 0.00455997 -0.0439311 -0.0255956 0.998974 0.037422 1.98336 -0.00360243 -0.0375263 0.999299 104.398
0.99967 0.0254336 0.00560186 -0.0475 -0.0256227 0.998996 0.0367939 2.02658 -0.0046595 -0.0369248 0.99932 105.705
0.999693 0.0245137 0.006039 -0.0439993 -0.0247236 0.99899 0.0375677 2.06626 -0.00511118 -0.0377052 0.999285 107.061
0.999732 0.0223772 0.00737865 -0.0405009 -0.0226452 0.999005 0.0385159 2.10225 -0.00650843 -0.0386723 0.999244 108.365
0.999775 0.0200779 0.00859302 -0.0323788 -0.020401 0.99902 0.039348 2.13073 -0.0077937 -0.0395141 0.9992 109.725
0.999784 0.0189044 0.00962899 -0.0256592 -0.0192705 0.999037 0.0394685 2.15701 -0.00887253 -0.0396451 0.999188 111.053
0.999744 0.0209113 0.0101485 -0.0259832 -0.0212803 0.999063 0.0377391 2.19659 -0.00934884 -0.0379451 0.999247 112.336
0.999676 0.0234365 0.0108804 -0.0236284 -0.0238258 0.999028 0.037163 2.2314 -0.00999773 -0.0374097 0.999264 113.68
0.999584 0.0260744 0.0134022 -0.0283095 -0.026553 0.998969 0.036883 2.26959 -0.0124258 -0.0372232 0.999241 114.985
0.999536 0.0274137 0.0140205 -0.0176861 -0.0279375 0.998865 0.038663 2.30773 -0.0129435 -0.0390363 0.999168 116.331
0.999486 0.0284365 0.0158081 -0.0112374 -0.0290572 0.998758 0.040543 2.35625 -0.0146347 -0.0409811 0.999065 117.635
0.999482 0.0283798 0.0158828 0.00461972 -0.0290239 0.998701 0.041937 2.39653 -0.0146708 -0.0423757 0.999008 118.982
0.999443 0.0290756 0.0173208 0.0176007 -0.0297734 0.998698 0.0415042 2.4455 -0.0160906 -0.0419963 0.999001 120.315
0.99935 0.0307659 0.0193747 0.0310927 -0.0315445 0.998652 0.0412738 2.48976 -0.0180775 -0.0418577 0.998974 121.617
0.999284 0.0328041 0.0197168 0.0425533 -0.0335879 0.998604 0.0408478 2.53193 -0.0183483 -0.0414803 0.998983 122.97
0.999256 0.0326874 0.0210354 0.0569399 -0.0335232 0.998611 0.0407179 2.56875 -0.0196739 -0.0413923 0.998964 124.266
0.999267 0.0324443 0.0211014 0.0723225 -0.0332747 0.998637 0.0402804 2.60957 -0.0197649 -0.0409526 0.998978 125.618
0.999241 0.0324023 0.0221614 0.0941043 -0.0332713 0.998646 0.040056 2.65194 -0.0208322 -0.0407626 0.998967 126.947
0.999167 0.0327564 0.0250388 0.120156 -0.0337799 0.998565 0.0416176 2.69295 -0.0236387 -0.0424282 0.998832 128.267
0.999171 0.0324827 0.0250208 0.141671 -0.0335092 0.998567 0.0417786 2.74352 -0.0236267 -0.0425821 0.99883 129.632
0.99921 0.0306012 0.0260849 0.163994 -0.0316896 0.998602 0.0423928 2.77136 -0.0247502 -0.0431853 0.998773 130.937
0.999227 0.0295159 0.0264369 0.195819 -0.0306313 0.998614 0.0428458 2.81129 -0.0251344 -0.0436221 0.998748 132.311
0.999322 0.0264577 0.0263574 0.223449 -0.027595 0.998665 0.043766 2.84347 -0.0251634 -0.044463 0.998707 133.65
0.999409 0.0235546 0.0255413 0.249673 -0.0246706 0.998716 0.0443063 2.87315 -0.0244638 -0.0449097 0.998708 134.942
0.999481 0.023359 0.0230313 0.269919 -0.0243619 0.998727 0.0442689 2.92219 -0.021967 -0.0448065 0.998767 136.286
0.999567 0.0203887 0.0218141 0.296711 -0.0213714 0.998724 0.0458202 2.95502 -0.0208509 -0.0462661 0.998728 137.593
0.999618 0.020215 0.0198413 0.314899 -0.0211115 0.998719 0.0460582 3.0091 -0.0188839 -0.0464588 0.998755 138.946
0.999634 0.0201519 0.0187965 0.331336 -0.0209987 0.998724 0.0460082 3.06383 -0.0178443 -0.0463855 0.998781 140.253
0.999657 0.0213267 0.0165009 0.340815 -0.0220662 0.998701 0.0460015 3.12225 -0.0154974 -0.0463491 0.998818 141.613
0.999655 0.0218408 0.0154819 0.356995 -0.0225229 0.99872 0.0453617 3.17823 -0.0144704 -0.0456943 0.998868 142.953
0.999674 0.0215394 0.0151201 0.378719 -0.0221939 0.998765 0.0445384 3.22404 -0.0141412 -0.0448586 0.998907 144.249
0.999823 0.0144297 0.0131213 0.396857 -0.0150017 0.998897 0.0445861 3.24958 -0.0124626 -0.0447747 0.998938 145.612
0.999909 0.0070302 0.0131924 0.421766 -0.00764251 0.998872 0.0469378 3.2926 -0.0128467 -0.0470335 0.998825 146.95
0.999941 0.00373318 0.0115983 0.44926 -0.0042864 0.998842 0.0480191 3.35205 -0.0114048 -0.0480655 0.998799 148.325
0.999959 0.00276835 0.0108902 0.465171 -0.00328813 0.998848 0.0479687 3.41008 -0.0107442 -0.0480016 0.998804 149.66
0.999931 0.00466347 0.0120869 0.478886 -0.00521734 0.998924 0.0461829 3.45741 -0.0118576 -0.0462424 0.99888 151.003
0.999939 0.00566047 0.0115351 0.481465 -0.00617012 0.99899 0.0445977 3.51627 -0.0112702 -0.0446653 0.998953 152.359
0.999914 0.00553472 0.0131182 0.49002 -0.00611897 0.998977 0.0449024 3.56102 -0.0128554 -0.0449784 0.998926 153.706
0.999937 0.00301017 0.0127504 0.512322 -0.00358205 0.998983 0.0450292 3.60557 -0.012601 -0.045071 0.99892 155.038
0.999922 -0.00267862 0.0133924 0.537239 0.00204148 0.998882 0.0473312 3.65177 -0.0135032 -0.0472997 0.998811 156.387
0.999897 -0.0066947 0.0143895 0.555809 0.00598487 0.998797 0.0487786 3.69547 -0.0146979 -0.0486865 0.998722 157.712
0.999898 -0.0072715 0.0135552 0.575067 0.00661151 0.998827 0.0480725 3.75983 -0.0138878 -0.0479774 0.998774 159.058
0.999873 -0.00605964 0.0162444 0.589816 0.00527769 0.998852 0.0477196 3.8159 -0.0165141 -0.047627 0.998745 160.385
0.999883 -0.00226346 0.0162121 0.59823 0.00147623 0.998833 0.0483703 3.863 -0.0163015 -0.0483399 0.99872 161.738
0.999859 0.00240667 0.017936 0.60863 -0.00319844 0.999023 0.0442178 3.91654 -0.0178112 -0.0442682 0.998878 163.059
0.999861 0.00456262 0.0170404 0.620797 -0.00531705 0.999001 0.0444687 3.95823 -0.0168194 -0.0445523 0.998888 164.422
0.999854 0.0047676 0.0177922 0.634839 -0.00555938 0.99899 0.0446952 4.00165 -0.0175603 -0.0447867 0.998859 165.778
0.999851 0.00479892 0.0175693 0.64494 -0.00557482 0.999005 0.0443544 4.03671 -0.0173379 -0.0444448 0.998884 167.094
0.999874 0.00609805 0.016159 0.657239 -0.00679018 0.999053 0.0431012 4.08333 -0.0158801 -0.0432045 0.998958 168.47
0.999843 0.00846336 0.0166066 0.663052 -0.00914047 0.999117 0.041103 4.11747 -0.016243 -0.0412474 0.99904 169.798
0.999842 0.0104338 0.0158873 0.662139 -0.0110719 0.99912 0.0405943 4.15381 -0.0154491 -0.0407629 0.999068 171.187
0.999785 0.0142275 0.0161516 0.66861 -0.0148911 0.999023 0.0417118 4.20268 -0.0155413 -0.0419424 0.999022 172.554
0.999719 0.0177835 0.0171002 0.68298 -0.0185126 0.99889 0.0434545 4.25329 -0.0163077 -0.043758 0.998928 173.905
0.999759 0.0158581 0.0162804 0.697486 -0.016578 0.998853 0.0450509 4.29551 -0.0155462 -0.045309 0.998876 175.288
0.999818 0.0120055 0.0163462 0.720658 -0.0127557 0.99884 0.0465686 4.34189 -0.0157674 -0.0467677 0.9988 176.654
0.999841 0.013113 0.0134064 0.748344 -0.0137126 0.99887 0.0456304 4.40678 -0.0127917 -0.045806 0.998894 178.035
0.999858 0.0125764 0.0132151 0.753542 -0.013109 0.99908 0.0409962 4.45986 -0.0126866 -0.0411626 0.999091 179.398
0.999863 0.0144183 0.0101319 0.767554 -0.0148103 0.999108 0.0397056 4.5059 -0.00954928 -0.0398493 0.999186 180.789
0.999893 0.0131282 0.00957311 0.770534 -0.0134705 0.999247 0.0365921 4.5306 -0.00908481 -0.0367161 0.999305 182.177
0.999822 0.017374 0.00966893 0.774018 -0.0177306 0.999125 0.0380763 4.56328 -0.00899783 -0.03824 0.999255 183.537
0.999803 0.0190375 0.00894377 0.779667 -0.0193906 0.998972 0.0411819 4.60718 -0.0081499 -0.0413463 0.999133 184.935
0.999757 0.0204926 0.0103372 0.776597 -0.0209223 0.998851 0.0432878 4.66051 -0.0094371 -0.0434926 0.999038 186.318
0.999713 0.0228575 0.010084 0.787187 -0.0232871 0.998735 0.0447475 4.71726 -0.00904772 -0.0449684 0.998969 187.742
0.999772 0.0197795 0.0103756 0.799385 -0.0202338 0.998762 0.0456439 4.76071 -0.00945879 -0.0458424 0.998932 189.144
0.999835 0.0161043 0.0109437 0.807711 -0.0165982 0.998783 0.0466303 4.79877 -0.0101787 -0.0468032 0.998875 190.512
0.999887 0.0119023 0.011241 0.827619 -0.0124191 0.998824 0.0470557 4.84078 -0.0106665 -0.0471891 0.998858 191.941
0.999915 0.00897018 0.0118041 0.840478 -0.009529 0.998805 0.0481423 4.89289 -0.0113574 -0.0482497 0.998793 193.322
0.999946 0.00460304 0.0114019 0.856353 -0.00516908 0.998741 0.05008 4.94178 -0.0111558 -0.0501353 0.998709 194.752
0.999946 0.00172177 0.0124979 0.871585 -0.00235547 0.998714 0.0508367 4.98688 -0.0123935 -0.0508623 0.998652 196.137
0.999947 0.00383992 0.0115993 0.882109 -0.00438249 0.998891 0.0470762 5.04446 -0.0114044 -0.0471235 0.998853 197.567
0.999887 0.0113637 0.012165 0.882159 -0.0118568 0.999089 0.0412333 5.09993 -0.0116845 -0.0413716 0.999099 198.986
0.999685 0.0213367 0.0148244 0.876258 -0.0219319 0.998919 0.041204 5.14751 -0.0139281 -0.0415151 0.999069 200.386
0.999661 0.0233378 0.0136289 0.865775 -0.0239149 0.998762 0.0438262 5.16631 -0.0125884 -0.0441362 0.99897 201.845
0.999611 0.0242018 0.015398 0.873262 -0.0248928 0.998623 0.0463718 5.20572 -0.0142534 -0.0467359 0.998834 203.26
0.999662 0.0234912 0.0134132 0.890592 -0.0241134 0.998553 0.048265 5.26379 -0.0122591 -0.0485708 0.998769 204.709
0.999675 0.0233925 0.0121749 0.905485 -0.0239494 0.99858 0.0477728 5.32833 -0.0110391 -0.0480477 0.998813 206.146
0.999697 0.0227895 0.0118352 0.926336 -0.023327 0.998612 0.0474225 5.38333 -0.0107372 -0.0476829 0.998829 207.552
0.999643 0.0254346 0.0106559 0.93557 -0.0259185 0.998521 0.0480133 5.46584 -0.00941801 -0.0482711 0.998819 209.023
0.999609 0.0270435 0.010263 0.93946 -0.027509 0.998464 0.0482906 5.52475 -0.00894057 -0.0485528 0.998806 210.43
0.999495 0.0310736 0.0096782 0.947173 -0.031512 0.998313 0.0489965 5.59756 -0.00813849 -0.0492754 0.998781 211.921
0.999527 0.0300662 0.00978546 0.954076 -0.0305112 0.998341 0.0490377 5.65591 -0.0082941 -0.0493119 0.998775 213.385
0.999522 0.0297093 0.0111113 0.965837 -0.0302175 0.998365 0.0487325 5.71299 -0.00964463 -0.0490436 0.99878 214.822
0.999519 0.0302825 0.00994738 0.971188 -0.0307299 0.998365 0.0484024 5.77177 -0.00846458 -0.0486836 0.998805 216.322
0.999467 0.0313218 0.0116484 0.982669 -0.0318413 0.998376 0.0474513 5.82948 -0.0101424 -0.0477955 0.998836 217.764
0.999427 0.0335129 0.00876697 0.98309 -0.0338915 0.998314 0.0473292 5.88797 -0.00716514 -0.047598 0.998868 219.247
0.999372 0.0348307 0.00974615 0.987165 -0.0352503 0.998292 0.0468109 5.94764 -0.0080982 -0.0471236 0.998887 220.706
0.999329 0.0365664 0.00771688 0.990145 -0.0368885 0.998232 0.0468153 6.00121 -0.00599041 -0.0470673 0.998901 222.192
0.999294 0.0375431 0.00738397 0.99226 -0.0378492 0.99819 0.0469553 6.05371 -0.005607 -0.0472002 0.9989 223.675
0.999246 0.0387158 0.00805693 0.989713 -0.0390509 0.998155 0.0467053 6.10919 -0.00623289 -0.0469834 0.998904 225.148
0.999268 0.0382023 0.00758239 0.998366 -0.0385131 0.998194 0.0463153 6.16608 -0.00579862 -0.0465719 0.998929 226.642
0.999224 0.0391908 0.00854644 1.0014 -0.0395423 0.998178 0.0458072 6.22977 -0.00673472 -0.0461083 0.998942 228.122
0.9992 0.0398374 0.00814565 1.01573 -0.0401678 0.998164 0.0455679 6.29558 -0.00631465 -0.0458572 0.99896 229.62
0.999182 0.0402192 0.00854028 1.01897 -0.040568 0.998145 0.0456226 6.35285 -0.00668862 -0.0459305 0.99895 231.113
0.999157 0.0404604 0.0102078 1.01519 -0.0408808 0.998157 0.0450831 6.41966 -0.00836413 -0.0454609 0.998964 232.607
0.999157 0.04075 0.00902435 1.02911 -0.041114 0.998164 0.0447201 6.47781 -0.00718455 -0.045052 0.998988 234.107
0.999148 0.0408049 0.00966021 1.02907 -0.041193 0.998185 0.0441699 6.5333 -0.00783954 -0.0445287 0.99901 235.601
0.999163 0.0407799 0.0082473 1.03956 -0.0411045 0.998195 0.0440408 6.59135 -0.00643556 -0.0443415 0.999025 237.104
0.999189 0.0399149 0.00918821 1.0404 -0.0402849 0.998211 0.0444347 6.64336 -0.00739731 -0.0447674 0.999003 238.607
0.999179 0.0396683 0.0111867 1.04512 -0.040127 0.998223 0.0443016 6.69421 -0.00940857 -0.0447128 0.998985 240.114
0.999155 0.0402878 0.0111411 1.05952 -0.0407353 0.998238 0.0434322 6.75267 -0.00937088 -0.0438479 0.999028 241.642
0.999126 0.0405015 0.012762 1.06428 -0.0410096 0.998268 0.0424615 6.81139 -0.0110193 -0.0429464 0.999047 243.155
0.999115 0.0409991 0.012156 1.07598 -0.041481 0.998246 0.0425211 6.86305 -0.0103905 -0.0429863 0.999055 244.668
0.99914 0.0402787 0.0124344 1.09014 -0.0407851 0.99823 0.0435782 6.90676 -0.0106562 -0.0440464 0.999003 246.193
0.999128 0.0402215 0.0135804 1.09853 -0.0407835 0.998209 0.0440479 6.95605 -0.0117835 -0.044562 0.998971 247.704
0.999144 0.0402899 0.0120261 1.1198 -0.040777 0.998236 0.0434464 7.0156 -0.0102537 -0.0438981 0.999014 249.235
0.999161 0.0393983 0.0136007 1.11825 -0.0399718 0.998206 0.0448817 7.06613 -0.0118071 -0.0453863 0.998934 250.749
0.999179 0.0393266 0.0124563 1.13822 -0.0398498 0.998205 0.044974 7.12724 -0.0106645 -0.0454319 0.998941 252.283
0.999165 0.0390984 0.0142025 1.14499 -0.039703 0.998203 0.0451649 7.18967 -0.0124104 -0.0456896 0.998914 253.797
0.9992 0.0388031 0.0124258 1.16083 -0.0393271 0.99822 0.0451182 7.24493 -0.0106522 -0.0455693 0.998936 255.345
0.999209 0.0385298 0.0126369 1.17562 -0.0390639 0.998227 0.0451999 7.31002 -0.0108723 -0.0456565 0.998933 256.871
0.999196 0.0384591 0.0138378 1.18995 -0.0390483 0.998229 0.0451626 7.3729 -0.0120756 -0.0456651 0.998916 258.393
0.999194 0.0392575 0.0115374 1.21426 -0.0397349 0.998227 0.0446037 7.43602 -0.00976532 -0.0450249 0.998974 259.919
0.999147 0.0401818 0.0124112 1.22744 -0.0406963 0.998197 0.0444146 7.48891 -0.0106034 -0.0448803 0.998969 261.443
0.999143 0.0405729 0.0114583 1.25794 -0.0410457 0.998174 0.0446139 7.54573 -0.00962663 -0.0450446 0.998976 262.977
0.999136 0.0406881 0.0116648 1.27653 -0.0411689 0.998177 0.0444423 7.61156 -0.00983439 -0.0448825 0.998977 264.518
0.999118 0.0407418 0.0130313 1.28149 -0.0412765 0.9982 0.0438264 7.66906 -0.0112217 -0.0443243 0.998993 266.053
0.999112 0.0410871 0.0123106 1.30058 -0.0415866 0.998202 0.0434865 7.7253 -0.0105007 -0.0439581 0.999012 267.573
0.999042 0.0420757 0.0145932 1.30475 -0.0426724 0.998162 0.0433445 7.78207 -0.012742 -0.0439242 0.998993 269.108
0.998994 0.0433236 0.0140539 1.32468 -0.0438944 0.998116 0.0431969 7.8326 -0.012155 -0.0437687 0.999002 270.641
0.998943 0.0442021 0.0150621 1.33727 -0.0448087 0.998097 0.0426704 7.88514 -0.0131467 -0.0432987 0.999015 272.177
0.998837 0.0453016 0.0183904 1.34644 -0.0460522 0.998042 0.0426628 7.93228 -0.0164207 -0.0434585 0.998954 273.706
0.998844 0.0454622 0.0176896 1.37135 -0.0461764 0.99805 0.0423297 7.98731 -0.0157302 -0.0430961 0.998987 275.243
0.998753 0.0460001 0.0210267 1.38544 -0.0468501 0.998037 0.0418807 8.03908 -0.0190578 -0.0428119 0.998935 276.77
0.998773 0.045936 0.0202602 1.4136 -0.0467547 0.998036 0.0420014 8.0911 -0.0182905 -0.0428956 0.998952 278.31
0.998745 0.0461467 0.0211485 1.44171 -0.0470129 0.998005 0.0424598 8.14326 -0.0191459 -0.043399 0.998908 279.849
0.998672 0.0458517 0.0249076 1.47188 -0.0468909 0.997992 0.0428911 8.19916 -0.0228903 -0.0440005 0.998809 281.373
0.998713 0.046045 0.0228157 1.50157 -0.0470012 0.99797 0.0432936 8.2554 -0.0207747 -0.0443084 0.998837 282.92
0.998628 0.0460962 0.0261891 1.53913 -0.0471787 0.998002 0.0423539 8.31112 -0.0241838 -0.0435298 0.998799 284.442
0.998707 0.0461692 0.0228765 1.56007 -0.0471087 0.998004 0.042369 8.37302 -0.0208735 -0.0433903 0.998875 285.993
0.998728 0.0460504 0.0221696 1.58857 -0.0469729 0.99798 0.0430774 8.43219 -0.0201405 -0.0440624 0.998865 287.537
0.998722 0.0452538 0.0240376 1.62064 -0.0462609 0.998012 0.0431117 8.48269 -0.0220378 -0.044167 0.998816 289.068
0.998773 0.0457327 0.0207629 1.64868 -0.0465923 0.998001 0.0430235 8.5384 -0.0187532 -0.0439365 0.998899 290.629
0.998714 0.0457076 0.0235065 1.67968 -0.0466742 0.998026 0.042337 8.59217 -0.0215239 -0.0433779 0.998862 292.165
0.998756 0.0461844 0.0206272 1.70497 -0.0470504 0.997949 0.0437089 8.65195 -0.0185655 -0.0446234 0.998872 293.731
0.998781 0.0459752 0.0199028 1.72751 -0.046814 0.997951 0.0439247 8.70377 -0.0178416 -0.044801 0.998872 295.293
0.998725 0.0462607 0.0219421 1.76011 -0.0472148 0.997876 0.0451906 8.76139 -0.0198043 -0.0461673 0.998778 296.846
0.998706 0.0474936 0.0200833 1.78914 -0.0483882 0.997752 0.0466548 8.81991 -0.0178212 -0.0475644 0.998745 298.424
0.99863 0.0477912 0.0229874 1.81417 -0.0488201 0.997737 0.0465277 8.88299 -0.020711 -0.0475845 0.998693 299.995
0.99861 0.0484606 0.0224566 1.84726 -0.0494624 0.997711 0.0464124 8.94113 -0.0201548 -0.0474568 0.998706 301.582
0.998611 0.0482658 0.0228065 1.87833 -0.0492843 0.997717 0.046458 9.00142 -0.0205114 -0.0475159 0.998701 303.167
0.998606 0.0478989 0.0238235 1.90222 -0.048947 0.997777 0.0455296 9.06462 -0.0215885 -0.0466302 0.998716 304.743
0.998619 0.0479115 0.0232214 1.94509 -0.0489211 0.997799 0.0450781 9.12444 -0.0210097 -0.0461502 0.998755 306.342
0.998595 0.048004 0.024066 1.97724 -0.0490407 0.997819 0.0444945 9.18283 -0.0218763 -0.0456103 0.998757 307.959
0.998631 0.0486893 0.0210007 2.02197 -0.0495904 0.997779 0.0447935 9.23549 -0.0187724 -0.0457719 0.998818 309.561
0.998646 0.0492477 0.0188468 2.04933 -0.0500567 0.997739 0.0451506 9.29985 -0.0165795 -0.046031 0.99884 311.165
0.998593 0.0497334 0.0203661 2.06844 -0.0506404 0.997635 0.0467719 9.37035 -0.0179911 -0.0477357 0.998741 312.782
0.998669 0.0486275 0.0192976 2.10543 -0.0495581 0.997479 0.0510742 9.43373 -0.0167641 -0.0519605 0.998547 314.412
0.998648 0.0483287 0.0210581 2.12135 -0.0493481 0.997495 0.0509544 9.51689 -0.018542 -0.0519227 0.998522 316.02
0.998682 0.0477871 0.0206843 2.15449 -0.0487995 0.997492 0.051545 9.58193 -0.018168 -0.0524843 0.998495 317.658
0.998659 0.0474867 0.0224466 2.17609 -0.0485877 0.997511 0.0513747 9.65937 -0.0199503 -0.0523944 0.998472 319.266
0.998689 0.0473498 0.0213635 2.2162 -0.0484062 0.99749 0.0519566 9.73654 -0.0188485 -0.0529205 0.99846 320.893
0.998679 0.0472255 0.0221154 2.24958 -0.048327 0.997477 0.0522636 9.81055 -0.0195906 -0.0532613 0.998433 322.516
0.998604 0.0475492 0.0246483 2.27266 -0.0488013 0.997419 0.0529438 9.89408 -0.022066 -0.0540707 0.998333 324.125
0.998603 0.04801 0.0238336 2.31091 -0.0492251 0.997377 0.0533348 9.97161 -0.0212096 -0.0544314 0.998337 325.746
0.998525 0.0481044 0.0266664 2.3409 -0.0495212 0.997257 0.0552816 10.047 -0.0239326 -0.0565185 0.998154 327.352
0.998567 0.0480466 0.0252416 2.39046 -0.0494145 0.997181 0.0567098 10.1356 -0.0224449 -0.0578736 0.998116 328.972
0.998558 0.0482999 0.0250418 2.42729 -0.049667 0.997142 0.0571805 10.2225 -0.0222071 -0.0583396 0.998089 330.582
0.998544 0.0475074 0.0271004 2.4579 -0.0490698 0.99699 0.0602542 10.3255 -0.0241555 -0.061494 0.99786 332.189
0.998553 0.0482359 0.0253921 2.49983 -0.0497089 0.996915 0.0609679 10.4298 -0.0223717 -0.0621396 0.997856 333.8
0.998471 0.0491078 0.026964 2.52677 -0.0507277 0.99673 0.0631053 10.5162 -0.023776 -0.0643743 0.997688 335.395
0.998492 0.0498156 0.0247388 2.56957 -0.051302 0.996671 0.0635864 10.6132 -0.0214875 -0.0647574 0.997709 337.005
0.998506 0.049975 0.0239261 2.60157 -0.0514608 0.996495 0.0661576 10.7008 -0.0205353 -0.0672875 0.997568 338.615
0.998474 0.0502264 0.0246697 2.62594 -0.0518055 0.99634 0.0681835 10.8035 -0.0211535 -0.0693551 0.997407 340.206
0.998529 0.0502524 0.0223499 2.66311 -0.0516998 0.996237 0.0697613 10.9034 -0.0187594 -0.0708113 0.997359 341.814
0.998524 0.0503759 0.0221942 2.68771 -0.0518257 0.996181 0.0704652 11.006 -0.0185585 -0.071509 0.997307 343.396
0.998594 0.0500644 0.0197368 2.72155 -0.0513453 0.996176 0.070871 11.1151 -0.0161125 -0.0717819 0.997336 345.003
0.998642 0.0494109 0.0188251 2.74903 -0.0506376 0.99617 0.0714687 11.216 -0.0152205 -0.0723225 0.997305 346.595
0.998634 0.0492808 0.0197186 2.7701 -0.050582 0.996128 0.0720897 11.3304 -0.0160888 -0.0729856 0.99725 348.168
0.998655 0.0491816 0.0187179 2.80253 -0.0504204 0.996089 0.0727376 11.4398 -0.0150662 -0.073581 0.997216 349.767
0.998627 0.0492532 0.0201441 2.82239 -0.0505969 0.996077 0.0727769 11.5581 -0.0164797 -0.0736932 0.997192 351.341
0.998633 0.0493079 0.0195792 2.85297 -0.0506163 0.996049 0.0731466 11.6696 -0.015894 -0.074035 0.997169 352.943
0.998625 0.0494302 0.0198008 2.87974 -0.0507547 0.99604 0.0731797 11.7823 -0.0161042 -0.074081 0.99717 354.528
0.998591 0.0495762 0.0209969 2.89923 -0.050992 0.996018 0.073317 11.9007 -0.0172774 -0.0742817 0.997128 356.091
0.998608 0.0496224 0.0201974 2.92772 -0.0509892 0.995968 0.0739842 12.0114 -0.0164439 -0.0749081 0.997102 357.693
0.998578 0.0496749 0.0214188 2.9554 -0.0511375 0.995945 0.0742004 12.1332 -0.017645 -0.0751874 0.997055 359.257
0.998605 0.0494938 0.0205998 2.98383 -0.0509123 0.995878 0.0752483 12.2425 -0.0167897 -0.0761892 0.996999 360.857
0.998625 0.048971 0.0208564 3.0165 -0.0504361 0.99579 0.0767168 12.364 -0.0170105 -0.0776604 0.996877 362.44
0.998596 0.0487851 0.0226472 3.04628 -0.050414 0.99569 0.078019 12.4831 -0.0187426 -0.0790482 0.996742 364.013
0.998618 0.048764 0.0216479 3.07838 -0.0503134 0.995699 0.0779624 12.5941 -0.0177518 -0.078941 0.996763 365.615
0.998582 0.0486088 0.0236635 3.10852 -0.050342 0.995601 0.0791995 12.7274 -0.0197088 -0.0802754 0.996626 367.195
0.998583 0.0490044 0.0227197 3.14311 -0.050682 0.995494 0.0803099 12.8565 -0.0186807 -0.0813446 0.996554 368.784
0.998527 0.0492563 0.0246203 3.16993 -0.0511067 0.995397 0.0812481 12.9671 -0.0205042 -0.0823835 0.996438 370.362
0.998522 0.0496597 0.0239621 3.20412 -0.0514642 0.995341 0.0817057 13.0601 -0.0197917 -0.082815 0.996411 371.967
0.998515 0.0495762 0.0244949 3.2385 -0.0514548 0.995219 0.0831913 13.1847 -0.0202526 -0.0843248 0.996282 373.559
0.998452 0.0496789 0.0266998 3.27 -0.0517567 0.995155 0.0837572 13.3126 -0.0224083 -0.0850062 0.996172 375.143
0.998487 0.049658 0.025468 3.30804 -0.0516691 0.995006 0.0855743 13.4435 -0.0210905 -0.0867573 0.996056 376.746
0.998416 0.049918 0.027605 3.34019 -0.0521219 0.994954 0.0858937 13.5692 -0.0231769 -0.0871932 0.995965 378.33
0.998412 0.050485 0.026743 3.37962 -0.0526258 0.994871 0.0865545 13.7 -0.0222352 -0.0878209 0.995939 379.943
0.998345 0.0515438 0.0271906 3.41563 -0.0537212 0.994811 0.0865676 13.8257 -0.0225862 -0.0878816 0.995918 381.543
0.998254 0.0520498 0.0295021 3.45127 -0.0544224 0.994793 0.0863353 13.9491 -0.0248538 -0.0877865 0.99588 383.139
0.998264 0.0523811 0.0285405 3.48937 -0.0546819 0.99473 0.0868873 14.073 -0.0238376 -0.0882937 0.995853 384.762
0.998169 0.0528218 0.0309823 3.52672 -0.0553623 0.994607 0.0878768 14.1939 -0.0261725 -0.0894275 0.995701 386.355
0.998179 0.053305 0.0298109 3.56602 -0.0557596 0.994513 0.0886725 14.3145 -0.0249192 -0.0901699 0.995659 387.975
0.998121 0.0541279 0.0302718 3.60629 -0.0566252 0.994449 0.0888592 14.4352 -0.025293 -0.0904027 0.995636 389.59
0.998063 0.0541503 0.0320916 3.64178 -0.056824 0.9944 0.089267 14.5616 -0.0270767 -0.0909141 0.995535 391.187
