1 0 0 0 0 1 0 0 0 0 1 0
0.999999 0.00136098 0.00137738 -0.0086968 -0.00135402 0.999987 -0.00488843 -0.00746731 -0.00138401 0.00488661 0.999987 0.955147
0.999997 0.000790578 0.00229539 -0.0113247 -0.000779399 0.999988 -0.00485986 -0.0213102 -0.00229918 0.00485805 0.999985 1.90871
0.999995 -8.42482e-05 0.00355671 -0.0156594 9.35395e-05 0.999996 -0.00255972 -0.0249487 -0.00355652 0.00256008 0.999991 2.85763
0.999999 -0.000850476 0.00170263 -0.0141378 0.000851333 0.999999 -0.000506254 -0.0295232 -0.00170223 0.000507561 0.999998 3.81293
1 -0.00164303 0.000292627 -0.0150191 0.00164315 0.999998 0.000139304 -0.0460074 -0.000292906 -0.000138807 1 4.75064
0.999988 -0.00501915 0.000311555 -0.0156264 0.00501997 0.999983 -0.00273715 -0.0642088 -0.000297831 0.00273856 0.999996 5.69474
0.999991 -0.00444548 -0.00145251 -0.0116356 0.0044416 0.999986 -0.00275761 -0.0660432 0.00146466 0.00275117 0.999996 6.62269
0.999986 -0.00495595 -0.00206667 -0.0177794 0.00495028 0.999984 -0.0027103 -0.0727581 0.00208009 0.00269994 0.999994 7.54792
0.999989 -0.00472856 -0.00191363 -0.0292175 0.00472593 0.999988 -0.00143556 -0.08036 0.00192043 0.00142666 0.999998 8.4762
0.999984 -0.00452392 -0.00358726 -0.0304001 0.00452408 0.99999 5.03771e-05 -0.0876253 0.00358714 -6.67759e-05 0.999994 9.40255
0.999983 -0.00417642 -0.00448327 -0.0361888 0.00418269 0.99999 0.0013578 -0.0950598 0.00447785 -0.00137644 0.999991 10.3184
0.999983 -0.0044032 -0.00405469 -0.0428451 0.00441247 0.999988 0.0023045 -0.101864 0.00404471 -0.00232254 0.99999 11.2299
0.999976 -0.00455503 -0.00568712 -0.0429208 0.00457089 0.999986 0.0027493 -0.101744 0.00567491 -0.00277518 0.999982 12.1406
0.999971 -0.00446625 -0.00646761 -0.049242 0.00448483 0.999986 0.00288074 -0.10043 0.00645484 -0.00290976 0.999976 13.044
0.999971 -0.00454149 -0.0066163 -0.0584048 0.00456156 0.999985 0.00299994 -0.0980016 0.00660296 -0.00303001 0.999976 13.9431
0.999951 -0.00436687 -0.00916607 -0.0641079 0.00439625 0.999986 0.00319941 -0.098408 0.00915211 -0.00323958 0.999954 14.845
0.999939 -0.00412913 -0.0105661 -0.0759083 0.00416409 0.999987 0.0032702 -0.0960214 0.0105527 -0.00331398 0.999941 15.739
0.999934 -0.00377257 -0.0110713 -0.0951011 0.00381095 0.999987 0.00345801 -0.0964156 0.0110582 -0.00350003 0.999934 16.6265
0.999909 -0.0026882 -0.0134541 -0.11407 0.00272932 0.999992 0.00302497 -0.0941312 0.0134461 -0.0030614 0.999907 17.5175
0.999888 -0.00270009 -0.0149197 -0.135019 0.00275612 0.99999 0.00374212 -0.0995695 0.0149095 -0.0037829 0.999884 18.4037
0.99988 -0.00291177 -0.0154809 -0.157795 0.00298421 0.999985 0.00464817 -0.101101 0.0154673 -0.0046938 0.999872 19.2853
0.999846 -0.00286044 -0.0174993 -0.177287 0.00295502 0.999982 0.00538619 -0.102565 0.0174836 -0.00543712 0.999835 20.1687
0.999817 -0.00294024 -0.0191473 -0.19663 0.00305539 0.999978 0.00597813 -0.108533 0.0191294 -0.00603558 0.999803 21.0392
0.999802 -0.00272351 -0.0199003 -0.222116 0.0028519 0.999976 0.0064283 -0.110989 0.0198823 -0.0064838 0.999785 21.8974
0.999758 -0.00260047 -0.0220561 -0.243404 0.00275311 0.999973 0.00688298 -0.109859 0.0220377 -0.00694215 0.999737 22.7636
0.999758 -0.00270148 -0.022012 -0.268193 0.00288359 0.999963 0.00824775 -0.109613 0.0219888 -0.00830916 0.999727 23.6091
0.999724 -0.00319464 -0.0234762 -0.292203 0.00343532 0.999943 0.010212 -0.110346 0.0234423 -0.01029 0.999677 24.4693
0.999712 -0.00294556 -0.0239972 -0.315334 0.00321686 0.999932 0.0112786 -0.108324 0.0239622 -0.0113525 0.999652 25.3088
0.999725 -0.00268552 -0.0235121 -0.340166 0.00295929 0.999929 0.0116044 -0.105613 0.0234793 -0.011671 0.999661 26.1287
0.999695 -0.00217058 -0.0247494 -0.363465 0.00246227 0.999929 0.0117676 -0.102856 0.024722 -0.0118249 0.999628 26.9503
0.999681 -0.00209286 -0.0254055 -0.388644 0.00240281 0.999924 0.0121653 -0.100594 0.0253782 -0.0122227 0.999608 27.75
0.999675 -0.00183719 -0.0255743 -0.413446 0.00216019 0.999919 0.0126162 -0.0955233 0.025549 -0.0126673 0.999597 28.5364
0.999627 -0.00161929 -0.0274711 -0.437157 0.0019789 0.999914 0.0130614 -0.0941648 0.0274478 -0.0131112 0.999542 29.3238
0.999574 -0.00118084 -0.029314 -0.462012 0.00157457 0.99991 0.013417 -0.0894557 0.0292954 -0.0134575 0.999484 30.094
0.999547 -0.000844651 -0.0302754 -0.489777 0.00126805 0.999903 0.0139606 -0.0869682 0.0302609 -0.013993 0.999449 30.8576
0.999462 -0.000746807 -0.0329174 -0.517575 0.00123513 0.999891 0.0148205 -0.0834367 0.0329026 -0.0148531 0.999352 31.6153
0.999399 -0.000494488 -0.0348133 -0.54587 0.00105214 0.999873 0.0159956 -0.0814026 0.0348012 -0.0160229 0.999271 32.3631
0.99935 -0.000130247 -0.0361738 -0.577157 0.000734387 0.999862 0.0166922 -0.0738932 0.0361664 -0.0167079 0.99921 33.1005
0.999261 0.000389745 -0.0385877 -0.60817 0.000273891 0.999854 0.0171866 -0.0682249 0.0385889 -0.0171847 0.999113 33.8231
0.99922 0.00102893 -0.0396053 -0.640788 -0.000340314 0.99985 0.0173945 -0.0570885 0.0396171 -0.0173674 0.999069 34.5362
0.999129 0.00126922 -0.0418618 -0.676069 -0.000525884 0.999843 0.0177583 -0.0512802 0.0418779 -0.017721 0.998971 35.2388
0.999071 0.00205587 -0.0431521 -0.714845 -0.00125136 0.999827 0.0186664 -0.0455449 0.0431827 -0.018595 0.998899 35.9423
0.999046 0.00229419 -0.0437781 -0.75338 -0.00144775 0.999814 0.0193499 -0.0338054 0.0438145 -0.0192683 0.998861 36.6319
0.999023 0.0027899 -0.0442084 -0.789692 -0.00192463 0.999808 0.0196074 -0.0216106 0.0442544 -0.0195031 0.998835 37.302
0.999077 0.00317553 -0.0430251 -0.82685 -0.002334 0.999808 0.0195867 -0.0103112 0.0430792 -0.0194684 0.998889 37.961
0.999181 0.00341557 -0.0404396 -0.859552 -0.00262186 0.999805 0.0196661 -0.000714736 0.0404988 -0.019544 0.998993 38.6109
0.999245 0.003367 -0.0389203 -0.886505 -0.00259204 0.9998 0.0199362 0.00684315 0.0389798 -0.0198205 0.999051 39.2503
0.99936 0.00356526 -0.0357276 -0.912912 -0.00282533 0.999783 0.0207422 0.017974 0.0357937 -0.0206281 0.999152 39.8904
0.999494 0.00394259 -0.0318339 -0.943525 -0.00324656 0.999757 0.0218758 0.0386143 0.0319125 -0.0217615 0.999261 40.5286
0.999555 0.00891383 -0.0286533 -0.967199 -0.00815628 0.99962 0.0264499 0.0450251 0.0288781 -0.0262045 0.999245 41.1403
0.999673 0.00933454 -0.0241747 -0.992181 -0.00868946 0.999609 0.02664 0.0610844 0.0244139 -0.0264213 0.99936 41.7408
0.999794 0.00959964 -0.0181489 -1.01003 -0.00910948 0.999599 0.0269015 0.0746301 0.0183998 -0.0267307 0.999479 42.3271
0.999878 0.00956867 -0.0130412 -1.02698 -0.00920526 0.999577 0.027627 0.0899615 0.0133001 -0.0275035 0.999541 42.8909
0.999937 0.00989567 -0.00619171 -1.03949 -0.00972021 0.99957 0.0277583 0.105847 0.00646372 -0.0276964 0.999601 43.4395
0.999956 0.0102903 0.00136678 -1.04656 -0.010324 0.999562 0.0277787 0.114321 -0.00108032 -0.0277915 0.999622 43.9666
0.999915 0.0106716 0.00815575 -1.0473 -0.010896 0.999552 0.0279787 0.120354 -0.00785349 -0.0280654 0.999581 44.4738
0.999819 0.0113836 0.0158847 -1.0472 -0.0118233 0.999542 0.0278846 0.130371 -0.0155599 -0.0280674 0.999494 44.9632
0.999639 0.0120425 0.0242441 -1.04264 -0.0127065 0.999545 0.0274259 0.138976 -0.0239027 -0.0277242 0.999337 45.4228
0.999427 0.0121291 0.0319019 -1.03281 -0.0130082 0.999538 0.0275048 0.138883 -0.0315535 -0.0279041 0.999121 45.8671
0.999122 0.0121399 0.0402431 -1.01584 -0.0132439 0.999542 0.0272811 0.147527 -0.0398933 -0.0277902 0.998825 46.2854
0.998796 0.0121529 0.0477515 -0.994363 -0.0134772 0.999532 0.0275148 0.14797 -0.0473946 -0.0281253 0.998489 46.6875
0.998375 0.0126271 0.0556923 -0.974429 -0.0141777 0.999522 0.0275357 0.157991 -0.0553178 -0.0282806 0.998076 47.0622
0.997801 0.0131032 0.0651401 -0.955298 -0.0149038 0.99952 0.0272375 0.164585 -0.0647518 -0.0281485 0.997513 47.418
0.997212 0.013413 0.0735043 -0.938909 -0.0154406 0.999516 0.0270871 0.170316 -0.0731051 -0.0281467 0.996935 47.7401
0.996516 0.0135238 0.0824159 -0.921635 -0.015806 0.999509 0.0271061 0.169577 -0.0820087 -0.0283144 0.996238 48.0445
0.995681 0.0131054 0.0919916 -0.887301 -0.0156896 0.999503 0.0274254 0.162269 -0.091586 -0.0287504 0.995391 48.3282
0.994669 0.0132938 0.102364 -0.856527 -0.0161645 0.999499 0.0272689 0.1664 -0.10195 -0.028778 0.994383 48.5918
0.993351 0.0134413 0.114398 -0.81807 -0.0166139 0.999504 0.0268268 0.174197 -0.11398 -0.0285492 0.993082 48.8551
0.991698 0.0136144 0.127947 -0.778339 -0.0171393 0.999504 0.0264911 0.186231 -0.127522 -0.028464 0.991437 49.1154
0.989606 0.0140948 0.143166 -0.742519 -0.0179992 0.999501 0.0260145 0.196238 -0.142727 -0.0283212 0.989366 49.3796
0.987036 0.0141801 0.159943 -0.695164 -0.0185429 0.999496 0.0258196 0.200836 -0.159496 -0.0284504 0.986799 49.6403
0.984191 0.0141624 0.176585 -0.645383 -0.0189845 0.999492 0.0256488 0.200498 -0.176131 -0.0285959 0.98396 49.8867
0.98075 0.0138565 0.194834 -0.579892 -0.0192107 0.999489 0.0256196 0.200266 -0.19438 -0.0288691 0.980512 50.1413
0.976653 0.0137496 0.214417 -0.513208 -0.0196541 0.999485 0.0254308 0.202381 -0.213956 -0.0290514 0.976421 50.3883
0.972113 0.0139316 0.234144 -0.444654 -0.0203658 0.99948 0.0250855 0.208287 -0.233673 -0.0291542 0.971888 50.6244
0.966723 0.0143234 0.255454 -0.374799 -0.0213122 0.999471 0.0246121 0.214866 -0.254966 -0.0292375 0.966518 50.8665
0.960384 0.0143478 0.278348 -0.291716 -0.0219572 0.999467 0.0242406 0.215572 -0.277852 -0.0293918 0.960185 51.1094
0.953126 0.0143097 0.302263 -0.207434 -0.0225728 0.999462 0.0238622 0.215531 -0.301759 -0.0295668 0.952936 51.3439
0.944645 0.0145028 0.327808 -0.113801 -0.0234202 0.999456 0.0232728 0.22134 -0.327293 -0.0296616 0.944468 51.5898
0.934618 0.0159191 0.355321 -0.0138833 -0.0258429 0.999398 0.0232008 0.226494 -0.354736 -0.0308665 0.934467 51.8429
0.923488 0.0158734 0.383328 0.0940892 -0.0265805 0.999391 0.0226521 0.222487 -0.382735 -0.0311078 0.923345 52.0761
0.910542 0.0157831 0.413137 0.220912 -0.027308 0.999386 0.0220064 0.215896 -0.412535 -0.0313198 0.910414 52.3069
0.894915 0.0157953 0.445983 0.360536 -0.0280967 0.999386 0.0209842 0.214286 -0.445378 -0.0313095 0.894807 52.5407
0.877559 0.0160276 0.479221 0.508535 -0.0290509 0.999384 0.019774 0.224389 -0.478607 -0.0312746 0.877484 52.7595
0.857745 0.0166068 0.51383 0.675128 -0.0300748 0.999389 0.0179047 0.235259 -0.513218 -0.0308108 0.857717 53.0006
0.835933 0.0165862 0.548598 0.841803 -0.0307604 0.999389 0.0166562 0.239915 -0.547985 -0.0307987 0.835933 53.2246
0.811339 0.0166818 0.584358 1.03298 -0.0315395 0.999388 0.0152607 0.246167 -0.583746 -0.0308119 0.811365 53.4587
0.783824 0.0167613 0.620772 1.2392 -0.0323111 0.999384 0.013814 0.251738 -0.620156 -0.0308856 0.783883 53.7063
0.754696 0.0167989 0.655876 1.45609 -0.033096 0.999376 0.0124858 0.250663 -0.655257 -0.0311297 0.754779 53.9381
0.721691 0.0164299 0.692035 1.70308 -0.0335782 0.999374 0.0112907 0.241579 -0.691414 -0.0313856 0.721791 54.1709
0.684265 0.0157155 0.729079 1.98485 -0.0338668 0.999375 0.0102434 0.233022 -0.728463 -0.0317007 0.684368 54.4106
0.645432 0.0157452 0.763669 2.28032 -0.0345958 0.999366 0.00863472 0.237076 -0.763046 -0.0319928 0.645568 54.6264
0.602655 0.0155955 0.797864 2.61047 -0.0349956 0.999365 0.00689949 0.243965 -0.79725 -0.0320797 0.602816 54.8548
0.556811 0.0154924 0.830508 2.95388 -0.0354391 0.999361 0.00511787 0.24466 -0.829894 -0.032282 0.557005 55.0591
0.508514 0.0149516 0.860937 3.33034 -0.035246 0.999374 0.00346252 0.246268 -0.860347 -0.0321053 0.508721 55.2563
0.459228 0.0143896 0.888215 3.7308 -0.0351348 0.999383 0.00197496 0.247221 -0.887635 -0.0321141 0.45945 55.4477
0.410301 0.0109166 0.911897 4.14119 -0.0391276 0.999221 0.00564334 0.262802 -0.911125 -0.0379957 0.410406 55.6133
0.36017 0.0110627 0.932835 4.57732 -0.0394981 0.999216 0.00340043 0.270991 -0.932062 -0.0380697 0.360325 55.7748
0.312294 0.00951676 0.94995 5.01459 -0.0411206 0.99915 0.00350879 0.27359 -0.949108 -0.0401582 0.312419 55.902
0.265822 0.00749783 0.964006 5.4832 -0.0386763 0.99925 0.00289294 0.270858 -0.963258 -0.0380529 0.265913 55.9945
0.221047 0.00203178 0.975274 5.97673 -0.0271981 0.999625 0.00408221 0.268159 -0.974897 -0.027428 0.221019 56.07
0.179029 6.10705e-05 0.983857 6.4805 -0.0247286 0.999686 0.00443776 0.26529 -0.983545 -0.0251236 0.178974 56.1304
0.14101 0.00112873 0.990021 6.98782 -0.0248204 0.999692 0.00239561 0.296614 -0.989711 -0.0249106 0.140995 56.1838
0.107392 -2.21182e-05 0.994231 7.51549 -0.0226627 0.999742 0.00247024 0.304786 -0.993971 -0.022797 0.107364 56.2269
0.0774967 -0.00154114 0.997005 8.05989 -0.0176149 0.999844 0.00291489 0.306003 -0.996851 -0.0177881 0.0774577 56.2556
0.0528628 -0.00218658 0.998614 8.6199 -0.0166902 0.999859 0.00307293 0.325135 -0.998475 -0.0168293 0.0528193 56.2674
0.0325302 -0.00213859 0.999482 9.19059 -0.0156687 0.999877 0.00264963 0.349153 -0.999363 -0.0157469 0.0324931 56.2724
0.0158991 -0.00194575 0.999885 9.77388 -0.0158331 0.999875 0.00219761 0.360732 -0.99976 -0.015866 0.0158668 56.2788
0.0029043 -0.00220181 1.00001 10.3592 -0.0157059 0.999878 0.00224737 0.369721 -0.999888 -0.0157127 0.00286984 56.2765
-0.00926751 -0.00218281 0.999969 10.9627 -0.0157792 0.999876 0.00203646 0.375966 -0.999845 -0.0157596 -0.00930029 56.2711
-0.0188075 -0.00180926 0.999835 11.5734 -0.0145216 0.999897 0.00153641 0.385758 -0.999733 -0.0144904 -0.0188312 56.2552
-0.0264346 -0.00211118 0.999663 12.1964 -0.0136501 0.999909 0.00175085 0.397287 -0.99957 -0.0135991 -0.0264604 56.2338
-0.0306374 -0.00224771 0.999542 12.8357 -0.0140227 0.999904 0.00181888 0.408911 -0.999448 -0.0139606 -0.0306653 56.212
-0.0347831 -0.00284983 0.999405 13.4824 -0.0142823 0.999898 0.00235424 0.416838 -0.999305 -0.0141917 -0.0348196 56.1965
-0.0365301 -0.00920182 0.999305 14.1518 -0.0158685 0.999841 0.00862686 0.429569 -0.999223 -0.0155424 -0.0366696 56.1755
-0.0379004 -0.0158513 0.99917 14.8256 -0.0145029 0.99978 0.0153109 0.434184 -0.999189 -0.0139104 -0.0381214 56.1516
-0.0383466 -0.0174195 0.999128 15.5068 -0.0144473 0.999756 0.0168763 0.448103 -0.999177 -0.0137876 -0.0385882 56.1224
-0.0389051 -0.0166086 0.999119 16.1896 -0.0143113 0.999771 0.0160623 0.46367 -0.999153 -0.0136736 -0.0391333 56.0968
-0.0372117 -0.00864898 0.999285 16.8846 -0.0153687 0.999853 0.00808179 0.483659 -0.999206 -0.0150571 -0.0373384 56.0694
-0.0353101 -0.0024837 0.999388 17.5819 -0.0150958 0.999887 0.00195173 0.490684 -0.999275 -0.0150175 -0.035343 56.0455
-0.0336051 -0.00157153 0.999449 18.2895 -0.0149823 0.999891 0.0010687 0.508215 -0.99934 -0.0149382 -0.0336243 56.0276
-0.0306267 -0.00416969 0.999537 19.025 -0.0150677 0.999882 0.00370958 0.505202 -0.99943 -0.0149469 -0.0306854 56.0079
-0.0282313 -0.0117718 0.999548 19.7589 -0.0146978 0.999831 0.0113604 0.501483 -0.999511 -0.0143705 -0.0283988 55.9926
-0.0261334 -0.0146103 0.999566 20.4821 -0.0129589 0.999817 0.0142753 0.496397 -0.999589 -0.01258 -0.0263173 55.9781
-0.0225205 -0.0101503 0.999711 21.2094 -0.00694868 0.99993 0.00999636 0.485329 -0.99974 -0.00672171 -0.0225888 55.9575
-0.0195641 -0.00698768 0.999798 21.9367 -0.00401982 0.999971 0.00691038 0.476495 -0.999815 -0.00388361 -0.019591 55.9432
-0.0179601 -0.0072243 0.999829 22.6627 -0.0059114 0.999962 0.00711945 0.485149 -0.999839 -0.00578266 -0.0180016 55.9408
-0.0134249 -0.0125943 0.999845 23.4042 -0.00988603 0.999876 0.0124621 0.489013 -0.999875 -0.00971703 -0.0135473 55.9423
-0.00912136 -0.0146571 0.999867 24.1356 -0.00782041 0.999867 0.0145862 0.493839 -0.999946 -0.00768652 -0.00923427 55.9338
-0.00679146 -0.0142399 0.99989 24.8653 -0.00222252 0.999899 0.0142251 0.479173 -0.999989 -0.0021255 -0.00682194 55.9301
-0.00322883 -0.0137199 0.999916 25.6053 -0.00332211 0.999905 0.0137094 0.496342 -1.00001 -0.00327782 -0.00327352 55.9302
0.000270413 -0.0139305 0.999918 26.3395 -0.00365671 0.999899 0.0139313 0.513195 -1.00001 -0.00366002 0.000220011 55.9384
0.00322809 -0.0150153 0.999898 27.0762 -0.00327915 0.999886 0.0150261 0.514133 -1.00001 -0.00332762 0.0031791 55.9481
0.00766573 -0.0161729 0.999855 27.8204 -0.00199986 0.99987 0.0161885 0.517878 -0.999984 -0.0021235 0.00763301 55.9542
0.0108119 -0.017157 0.99981 28.5607 0.00290922 0.999854 0.0171267 0.509013 -0.999957 0.00272315 0.0108608 55.9587
0.0134401 -0.0171787 0.999778 29.2941 0.00256697 0.999853 0.0171456 0.526291 -0.999922 0.00233611 0.0134828 55.967
0.01682 -0.0173648 0.999724 30.0374 0.00221896 0.999852 0.0173301 0.540853 -0.999876 0.00192653 0.0168566 55.9808
0.0199943 -0.0181641 0.999652 30.7807 0.00281114 0.999835 0.0181114 0.553512 -0.999813 0.00244818 0.0200426 55.9947
0.0227595 -0.0186028 0.999584 31.5222 0.00297864 0.999828 0.0185399 0.563607 -0.999756 0.00255522 0.0228114 56.0112
0.026343 -0.0184116 0.9995 32.2679 0.00209817 0.999832 0.0183626 0.579238 -0.999668 0.00161358 0.0263778 56.0349
0.0293033 -0.0185136 0.999416 33.0162 0.00161818 0.999832 0.0184742 0.595826 -0.999589 0.00107562 0.0293289 56.0642
0.0315545 -0.0192311 0.999334 33.7636 0.00262402 0.999816 0.0191577 0.601136 -0.999516 0.00201801 0.0315997 56.0892
0.0348929 -0.0195286 0.999218 34.5107 0.00191208 0.999812 0.0194739 0.622838 -0.999409 0.00123085 0.0349242 56.1219
0.0362095 -0.0195163 0.999171 35.2859 0.00189234 0.999812 0.0194604 0.639556 -0.99936 0.00118645 0.0362399 56.1668
0.0428189 -0.019496 0.99891 36.0225 0.0019493 0.999813 0.0194304 0.661681 -0.999102 0.0011149 0.042849 56.1787
0.0445724 -0.0199473 0.998825 36.7771 0.00177236 0.999804 0.019888 0.671669 -0.999023 0.000884174 0.0445992 56.2192
0.0471209 -0.0171357 0.99876 37.5351 0.00138498 0.999857 0.0170896 0.67741 -0.99891 0.000577712 0.0471381 56.2607
0.0512984 -0.0169035 0.998559 38.3001 0.00181574 0.99986 0.0168325 0.694643 -0.9987 0.000950017 0.0513221 56.2998
0.0544472 -0.0166794 0.998396 39.0683 0.000431305 0.999865 0.0166809 0.711234 -0.998539 -0.000477854 0.0544471 56.3505
0.0567629 -0.0159317 0.99828 39.8415 -0.00331018 0.999866 0.0161455 0.755407 -0.998402 -0.00422052 0.0567028 56.41
0.0606601 -0.0166444 0.998038 40.6226 -0.0023722 0.99986 0.0168194 0.754686 -0.998178 -0.00338801 0.0606122 56.4613
0.0644819 -0.0165293 0.997801 41.4058 -0.00276033 0.999859 0.0167419 0.768808 -0.997935 -0.0038334 0.0644273 56.5142
0.0675564 -0.0165209 0.997598 42.1978 -0.00390835 0.999855 0.0168233 0.783971 -0.997731 -0.00503569 0.067482 56.5768
0.0724047 -0.0171351 0.997248 42.9909 -0.00280375 0.999848 0.0173836 0.798216 -0.997391 -0.00405428 0.0723459 56.6415
0.0772464 -0.0172413 0.996882 43.7881 -0.0023452 0.999849 0.0174746 0.805401 -0.997033 -0.00368791 0.0771942 56.7038
0.0812639 -0.0146559 0.996604 44.5843 -0.00351937 0.999884 0.0149914 0.819723 -0.996706 -0.00472522 0.0812031 56.7786
0.0877244 -0.0134998 0.996073 45.3774 -0.00346383 0.999903 0.0138571 0.821631 -0.996163 -0.00466609 0.087669 56.8601
0.0949362 -0.00925191 0.995461 46.1756 -0.00288166 0.999953 0.0095687 0.833454 -0.995499 -0.00377654 0.0949053 56.936
0.101514 -0.00972605 0.994806 46.9757 -0.0030418 0.999949 0.0100871 0.844954 -0.994854 -0.00405023 0.101479 57.0339
0.109793 -0.0113135 0.99391 47.7867 -0.00306142 0.99993 0.0117204 0.851323 -0.99397 -0.00432914 0.109751 57.1327
0.117457 -0.012251 0.993023 48.5999 -0.00302118 0.999919 0.0126938 0.853923 -0.993098 -0.00449127 0.117411 57.2328
0.124172 -0.0134109 0.992191 49.4129 -0.00301634 0.999902 0.0138929 0.862546 -0.992277 -0.00471745 0.12412 57.3401
0.133036 -0.0184361 0.990961 50.2298 -0.00297627 0.99982 0.0190009 0.884979 -0.991132 -0.00547734 0.132956 57.4583
0.14041 -0.024695 0.989807 51.0387 -0.00330915 0.999676 0.025411 0.913086 -0.990109 -0.00684302 0.140283 57.5865
0.147138 -0.026259 0.988788 51.8456 -0.0032607 0.999633 0.0270327 0.928657 -0.989136 -0.00720185 0.146998 57.7143
0.155345 -0.0260819 0.987538 52.6363 -0.003556 0.999634 0.0269611 0.947199 -0.987876 -0.00769952 0.155195 57.8382
0.161035 -0.0253236 0.986645 53.4241 -0.00367664 0.999652 0.0262581 0.959055 -0.986968 -0.00785618 0.160885 57.9719
0.165075 -0.0254523 0.985976 54.2027 -0.00339339 0.99965 0.0263739 0.980282 -0.986298 -0.00769897 0.164931 58.1087
0.171022 -0.0256194 0.984956 54.9786 -0.00296107 0.999648 0.0265163 1.00166 -0.985289 -0.00745157 0.170885 58.2511
0.176383 -0.0267558 0.983981 55.7467 -0.00280081 0.999617 0.0276835 1.02329 -0.984341 -0.00763829 0.17624 58.398
0.180809 -0.0289399 0.983115 56.5056 -0.00189946 0.999559 0.0297741 1.02619 -0.983543 -0.00725094 0.180674 58.5405
0.186038 -0.0350052 0.981943 57.2645 0.000396181 0.999372 0.035552 1.0532 -0.982566 -0.00622455 0.185935 58.6853
0.189312 -0.041576 0.981059 58.017 0.00271958 0.999126 0.0418175 1.08234 -0.981941 -0.00524853 0.189259 58.8325
0.191821 -0.0435916 0.980486 58.7443 0.00233186 0.999034 0.0439606 1.12157 -0.981451 -0.00614575 0.191738 58.9867
0.195748 -0.0448437 0.979652 59.4782 0.0018453 0.998974 0.0453602 1.14304 -0.980681 -0.00707143 0.195629 59.1373
0.197138 -0.0450691 0.979364 60.1898 0.00124535 0.998957 0.0457207 1.17881 -0.980399 -0.00779324 0.196989 59.2862
0.199674 -0.0452438 0.978841 60.9022 0.000817623 0.998945 0.0460071 1.21402 -0.979891 -0.00838612 0.1995 59.4427
0.201244 -0.040443 0.978731 61.5938 -0.000280516 0.999148 0.041345 1.24374 -0.979566 -0.00859463 0.201061 59.5956
0.202763 -0.0353071 0.978616 62.2724 -0.00167171 0.999341 0.036402 1.27357 -0.979256 -0.00901691 0.202569 59.7472
0.205361 -0.0350405 0.978083 62.955 -0.00105402 0.999354 0.0360245 1.29571 -0.97871 -0.00842867 0.205192 59.8962
0.206946 -0.0350899 0.977748 63.6223 -0.00154422 0.999349 0.0361928 1.33169 -0.97838 -0.00899977 0.206756 60.0447
0.207015 -0.0364441 0.977684 64.2842 -0.00165916 0.999295 0.0376015 1.35203 -0.978362 -0.009406 0.206808 60.1888
0.208423 -0.0370381 0.977362 64.934 -0.00269467 0.999262 0.0384434 1.37583 -0.978065 -0.0106461 0.208168 60.3311
0.208305 -0.0375858 0.977368 65.5784 -0.00376883 0.999228 0.0392303 1.39315 -0.978082 -0.0118552 0.208003 60.4708
0.206585 -0.0378893 0.97772 66.2129 -0.00436303 0.999209 0.0396448 1.41484 -0.978449 -0.0124558 0.206256 60.6079
0.205572 -0.0378311 0.977937 66.8319 -0.00527971 0.999199 0.0397642 1.4364 -0.978654 -0.0133375 0.205208 60.741
0.202836 -0.0384024 0.978485 67.4463 -0.00599751 0.999168 0.0404583 1.45303 -0.979225 -0.0140748 0.202436 60.8738
0.20143 -0.0350648 0.978902 68.0451 -0.00408003 0.999326 0.0366367 1.47873 -0.979521 -0.0113736 0.201151 60.9996
0.199271 -0.0350118 0.979345 68.6368 -0.00366054 0.999333 0.0364722 1.49792 -0.979969 -0.0108528 0.199009 61.1202
0.19643 -0.0356863 0.979896 69.2275 -0.00374082 0.999309 0.037144 1.52534 -0.980537 -0.0109618 0.196161 61.2428
0.195082 -0.036986 0.980116 69.8046 -0.00399054 0.999255 0.0385035 1.54779 -0.980811 -0.0114226 0.194788 61.359
0.192848 -0.0384572 0.980503 70.3725 -0.00369735 0.999201 0.0399187 1.56521 -0.981248 -0.0113236 0.192552 61.4737
0.190221 -0.0400011 0.980953 70.9344 -0.00329915 0.999143 0.0413837 1.57068 -0.981768 -0.0111084 0.189925 61.5818
0.188691 -0.0383688 0.981316 71.4751 0.000336702 0.999245 0.039006 1.59099 -0.982063 -0.00702983 0.188562 61.6818
0.186193 -0.0387751 0.981775 72.0206 0.00174396 0.999238 0.0391351 1.60401 -0.982544 -0.00557459 0.186118 61.7812
0.183784 -0.0388374 0.982229 72.5615 0.00192761 0.999237 0.0391502 1.63119 -0.982992 -0.00530196 0.183719 61.8806
0.182991 -0.0384169 0.982391 73.0954 0.00179185 0.999253 0.0387437 1.65081 -0.983146 -0.00532962 0.182923 61.9834
0.181793 -0.0389753 0.982594 73.6431 0.00288172 0.999237 0.0391032 1.67172 -0.98336 -0.00427723 0.181766 62.0826
0.181207 -0.04062 0.982634 74.193 0.00480707 0.999176 0.0404186 1.67417 -0.983467 -0.00260069 0.181252 62.1771
0.183998 -0.0421064 0.982054 74.7345 0.00837438 0.999119 0.04127 1.68817 -0.982919 0.000630452 0.184189 62.2754
0.185923 -0.0429854 0.981652 75.2877 0.0109886 0.999076 0.0416684 1.70505 -0.982537 0.00303961 0.186223 62.3776
0.188985 -0.0434193 0.98105 75.8421 0.0110644 0.999059 0.042086 1.7336 -0.981947 0.00290104 0.189287 62.4929
0.194865 -0.0442398 0.979861 76.3918 0.0114441 0.999022 0.0428304 1.75357 -0.980798 0.0028673 0.195179 62.6078
0.201475 -0.0450294 0.978488 76.9514 0.0131438 0.998983 0.0432673 1.77133 -0.979435 0.00414371 0.201862 62.7203
0.209102 -0.0455668 0.976861 77.5165 0.0136144 0.998958 0.0436847 1.79525 -0.977834 0.00416462 0.209503 62.8488
0.217682 -0.0463616 0.974949 78.0895 0.0147623 0.998919 0.0442065 1.82056 -0.975938 0.00476942 0.218132 62.9858
0.227348 -0.0473899 0.97269 78.6649 0.0148648 0.998873 0.0451927 1.84184 -0.973736 0.00418404 0.227795 63.1315
0.237042 -0.0481123 0.970339 79.2471 0.0152097 0.99884 0.0458111 1.85986 -0.971411 0.00389946 0.237499 63.2845
0.247333 -0.0482511 0.967759 79.8289 0.0151321 0.998836 0.0459346 1.89304 -0.968848 0.00328274 0.247774 63.4475
0.256602 -0.0484402 0.965334 80.4188 0.0152122 0.998828 0.0460785 1.92023 -0.966428 0.00286104 0.257038 63.6204
0.268336 -0.0474499 0.962187 81.0208 0.0144081 0.998879 0.0452426 1.9602 -0.963254 0.00172276 0.268717 63.8014
0.279187 -0.047761 0.95908 81.6355 0.0146298 0.998864 0.0454847 1.98194 -0.960156 0.00133239 0.279569 63.9888
0.289344 -0.0480174 0.956052 82.2523 0.0145841 0.998853 0.0457547 2.01202 -0.957151 0.000704064 0.28971 64.1875
0.299246 -0.0480837 0.952996 82.8825 0.0148867 0.998849 0.0457239 2.03693 -0.954091 0.000504241 0.299618 64.3962
0.309566 -0.0467573 0.94976 83.5225 0.0122103 0.99891 0.0451986 2.06867 -0.950837 -0.00239527 0.309797 64.6197
0.325194 -0.0491874 0.9444 84.16 0.0132595 0.998792 0.0474558 2.09402 -0.945586 -0.00291014 0.325453 64.8436
0.334016 -0.0566586 0.940895 84.8251 0.0165175 0.998397 0.0542591 2.11181 -0.94246 -0.0025824 0.334414 65.0923
0.345627 -0.0606467 0.936444 85.5051 0.0191655 0.998165 0.0575714 2.1474 -0.938209 -0.0019509 0.346154 65.3404
0.35597 -0.062213 0.932457 86.1836 0.0204252 0.998068 0.0587947 2.19417 -0.934312 -0.00188382 0.356551 65.6065
0.363938 -0.0646785 0.929209 86.8799 0.0241553 0.997914 0.0600012 2.23248 -0.931142 0.000608519 0.364741 65.8784
0.372119 -0.068313 0.925701 87.5718 0.0313354 0.997652 0.0610279 2.28577 -0.927694 0.00629728 0.373383 66.153
0.379256 -0.0792341 0.921928 88.2884 0.0449413 0.996738 0.0671769 2.346 -0.924234 0.0159553 0.381579 66.42
0.384823 -0.0835595 0.919235 89.0082 0.04953 0.996334 0.0698352 2.37327 -0.921701 0.0186552 0.387548 66.7295
0.392207 -0.0840205 0.916067 89.7112 0.0506663 0.99629 0.0696871 2.42745 -0.918515 0.0190818 0.395008 67.0326
0.398742 -0.0798071 0.913619 90.4302 0.0522551 0.99657 0.0642491 2.48093 -0.915615 0.0221221 0.401542 67.3437
0.406367 -0.0753751 0.910632 91.131 0.0547342 0.996819 0.0580852 2.53287 -0.912105 0.0262386 0.409198 67.6515
0.412137 -0.0751037 0.908057 91.8424 0.0538896 0.996868 0.0579927 2.57763 -0.909569 0.0250336 0.41489 67.9755
0.417016 -0.0735686 0.905954 92.5424 0.0482963 0.997115 0.0587414 2.61111 -0.907652 0.0192579 0.419364 68.3174
0.422403 -0.0708072 0.903674 93.23 0.0443577 0.99737 0.0574171 2.66003 -0.905365 0.0158315 0.424429 68.6533
0.426689 -0.0707474 0.901665 93.9133 0.0439277 0.997391 0.0574719 2.68324 -0.903368 0.0150852 0.428681 68.9806
0.430809 -0.0710221 0.89968 94.591 0.0441385 0.99737 0.0576007 2.73298 -0.901407 0.0148953 0.432807 69.3187
0.434884 -0.0694833 0.89784 95.2521 0.0428897 0.997496 0.0564224 2.77784 -0.899502 0.0139707 0.436773 69.6507
0.438889 -0.0712497 0.895749 95.907 0.043794 0.997369 0.0578775 2.82313 -0.897518 0.0138263 0.440851 69.979
0.442559 -0.0733644 0.893772 96.5662 0.0448429 0.997222 0.0596529 2.85959 -0.895655 0.0136792 0.444617 70.3064
0.446669 -0.0745068 0.891629 97.202 0.0454107 0.997137 0.0605767 2.9038 -0.893591 0.0134315 0.448769 70.6252
0.449475 -0.0754785 0.890138 97.8304 0.0458857 0.99707 0.061377 2.94677 -0.892152 0.0132569 0.45162 70.9487
0.453579 -0.0751292 0.888081 98.4414 0.0454818 0.9971 0.0611249 2.98667 -0.8901 0.0126663 0.455676 71.268
0.456425 -0.0754693 0.886595 99.0511 0.0458474 0.997078 0.0612725 3.01968 -0.888619 0.0126816 0.458549 71.5829
0.458355 -0.0765446 0.885505 99.6537 0.0468 0.996988 0.0619592 3.0593 -0.887582 0.0130421 0.460551 71.8938
0.459651 -0.0769396 0.8848 100.246 0.0471628 0.996959 0.062193 3.0885 -0.886885 0.0131423 0.46188 72.2062
0.461868 -0.0770612 0.883633 100.819 0.0469402 0.996953 0.062411 3.13316 -0.885752 0.0126519 0.464073 72.5111
0.464124 -0.0778783 0.88238 101.391 0.047721 0.996888 0.0628855 3.16507 -0.884523 0.0129211 0.466394 72.8144
0.466371 -0.0784156 0.881146 101.953 0.047768 0.996849 0.0634324 3.20326 -0.883346 0.0125072 0.468642 73.1186
0.469627 -0.0804226 0.879234 102.5 0.0490578 0.996691 0.0649643 3.23955 -0.881541 0.012624 0.472017 73.4123
0.472739 -0.0808558 0.877525 103.045 0.0498317 0.996648 0.0649894 3.27094 -0.87984 0.0130052 0.475178 73.7078
0.47511 -0.081532 0.876182 103.583 0.0505756 0.996592 0.0653135 3.30308 -0.878513 0.013282 0.477612 73.9976
0.478826 -0.0821511 0.874098 104.1 0.050652 0.996546 0.0659151 3.33374 -0.876495 0.0127126 0.481328 74.2843
0.481831 -0.0824879 0.872414 104.615 0.0507454 0.996525 0.0661978 3.36431 -0.874835 0.0123745 0.48434 74.5713
0.484783 -0.0831478 0.870713 105.127 0.0510881 0.996471 0.0667155 3.39696 -0.873188 0.0121402 0.487315 74.8611
0.488738 -0.0838936 0.868429 105.624 0.0517114 0.996411 0.0671564 3.42824 -0.870938 0.0120855 0.49132 75.1478
0.492238 -0.0839086 0.866447 106.125 0.0515081 0.996414 0.0672352 3.4644 -0.868982 0.0115331 0.49479 75.4362
0.496773 -0.0847072 0.863779 106.615 0.0526268 0.996343 0.0674425 3.49552 -0.866325 0.011954 0.499413 75.7212
0.50169 -0.0846194 0.860939 107.099 0.0523497 0.996357 0.0674266 3.53565 -0.863509 0.0112424 0.504288 76.0169
0.507834 -0.0788565 0.85788 107.584 0.0503772 0.996825 0.0618086 3.57033 -0.860022 0.0118288 0.510193 76.312
0.513689 -0.0723247 0.854963 108.066 0.0465406 0.997331 0.0564077 3.59572 -0.856761 0.0108142 0.515678 76.6166
0.521285 -0.0664958 0.85083 108.542 0.0441 0.997736 0.0509598 3.61555 -0.852285 0.0109567 0.523036 76.9268
0.527484 -0.0611605 0.847402 109.036 0.042559 0.998063 0.0455453 3.63053 -0.848547 0.0120398 0.529059 77.2359
0.533484 -0.0619454 0.843582 109.513 0.0420635 0.998033 0.0466877 3.64849 -0.844807 0.0105766 0.535038 77.5515
0.539582 -0.0629497 0.839619 110.004 0.0365126 0.99802 0.0513636 3.66943 -0.841191 0.00294151 0.540805 77.8841
0.545377 -0.0642195 0.835771 110.509 0.0363165 0.997944 0.0529844 3.69324 -0.837448 0.00145568 0.546586 78.2246
0.552236 -0.0657162 0.831135 110.997 0.0307245 0.997823 0.058484 3.70705 -0.833171 -0.00676102 0.553046 78.5665
0.558202 -0.0666842 0.827065 111.5 0.0310783 0.997755 0.059473 3.73357 -0.829168 -0.0074944 0.559019 78.9175
0.564676 -0.0659867 0.822713 112.012 0.0303655 0.997792 0.0591903 3.77201 -0.824805 -0.00844152 0.565426 79.2835
0.571694 -0.0613733 0.818213 112.523 0.0266695 0.998071 0.0562317 3.81005 -0.820079 -0.0103263 0.572226 79.6584
0.577955 -0.0617436 0.813772 113.04 0.0275594 0.998049 0.0561549 3.84497 -0.815655 -0.0100282 0.578523 80.0411
0.583447 -0.0618216 0.80984 113.565 0.0284089 0.998051 0.055724 3.88161 -0.811701 -0.00950571 0.584065 80.4319
0.590388 -0.0624686 0.804743 114.096 0.0297641 0.998015 0.0556383 3.92425 -0.806623 -0.00889589 0.591069 80.839
0.597217 -0.0629806 0.79965 114.638 0.0310016 0.997989 0.0554503 3.9688 -0.801528 -0.0083258 0.597967 81.2632
0.603518 -0.0645828 0.794775 115.2 0.0323717 0.997885 0.0565087 3.9975 -0.796745 -0.00837595 0.604325 81.6947
0.611767 -0.0656229 0.788358 115.763 0.0333928 0.997816 0.0571471 4.03812 -0.790381 -0.00863562 0.612621 82.1419
0.619206 -0.0661321 0.782485 116.331 0.0340354 0.997779 0.0573974 4.0782 -0.784545 -0.00890867 0.620074 82.6014
0.626567 -0.0666145 0.776563 116.903 0.0353154 0.997753 0.0570962 4.13451 -0.778615 -0.00835035 0.62751 83.079
0.634808 -0.0665102 0.769849 117.48 0.0351061 0.99775 0.0572547 4.17486 -0.771927 -0.00931939 0.635707 83.5748
0.641631 -0.0669914 0.764132 118.056 0.0361468 0.997721 0.0571203 4.22403 -0.766211 -0.00902951 0.642589 84.0758
0.646237 -0.067822 0.760165 118.644 0.0370628 0.997665 0.0575071 4.2668 -0.762292 -0.00898941 0.647234 84.5838
0.650318 -0.0686363 0.756605 119.244 0.0381897 0.997614 0.0576769 4.31222 -0.758752 -0.00861411 0.651386 85.1078
0.653402 -0.0700506 0.753811 119.85 0.040599 0.997527 0.057511 4.35694 -0.755978 -0.00697387 0.654623 85.6345
0.656624 -0.0713516 0.750887 120.472 0.0427858 0.997445 0.0573677 4.39464 -0.753055 -0.005542 0.657998 86.168
0.659227 -0.0756523 0.748179 121.098 0.0485731 0.99714 0.0580316 4.4451 -0.750431 -0.00191463 0.661009 86.715
0.661862 -0.0803324 0.745361 121.72 0.0541197 0.996776 0.0593743 4.50809 -0.747721 0.00104084 0.664075 87.2678
0.664712 -0.0802233 0.742831 122.354 0.0547396 0.996783 0.0586702 4.55492 -0.74515 0.0016635 0.666958 87.8266
0.668307 -0.0811142 0.739502 122.985 0.0562797 0.996709 0.0584676 4.61301 -0.741806 0.00254443 0.670672 88.4042
0.670241 -0.0816233 0.737692 123.605 0.0571616 0.996666 0.058347 4.65241 -0.739998 0.00306112 0.672665 88.9788
0.676293 -0.0759389 0.732762 124.243 0.0520784 0.997121 0.0552728 4.70706 -0.734844 0.000780019 0.6783 89.5646
0.679842 -0.0731281 0.729755 124.867 0.0466868 0.997321 0.0564512 4.751 -0.731931 -0.00430798 0.681428 90.1706
0.682801 -0.0751535 0.726783 125.506 0.0463281 0.997156 0.0595896 4.79501 -0.729189 -0.0070177 0.68434 90.7784
0.686869 -0.0785348 0.722579 126.138 0.045014 0.99684 0.0655582 4.85983 -0.725447 -0.0125037 0.688227 91.3921
0.68997 -0.0838015 0.719027 126.77 0.046701 0.99637 0.0713142 4.91411 -0.722386 -0.0156256 0.691377 92.0095
0.694852 -0.0848188 0.714187 127.42 0.0471228 0.996263 0.0724761 4.9706 -0.717668 -0.0167056 0.696246 92.6417
0.698586 -0.0863192 0.710358 128.062 0.0479186 0.996122 0.0739219 5.01157 -0.713977 -0.0176017 0.700012 93.2686
0.702913 -0.0893267 0.705699 128.703 0.0588455 0.995992 0.0674632 5.06241 -0.7089 -0.00589341 0.705345 93.8839
0.70675 -0.0878588 0.702045 129.346 0.0633269 0.996142 0.0609155 5.11587 -0.704682 0.00140593 0.709586 94.5283
0.713441 -0.0858805 0.695489 129.973 0.064616 0.996304 0.0567465 5.16452 -0.697793 0.00445451 0.716345 95.1844
0.718953 -0.0891753 0.689375 130.607 0.0668729 0.996019 0.0591026 5.22154 -0.691895 0.00360806 0.722053 95.8455
0.724176 -0.0943486 0.683188 131.239 0.0707863 0.995542 0.0624565 5.25531 -0.686037 0.0031308 0.727619 96.5123
0.728929 -0.0945085 0.678096 131.889 0.0711765 0.995528 0.0622413 5.30072 -0.680941 0.00289459 0.732396 97.2007
0.734036 -0.0924675 0.672845 132.499 0.0739447 0.995687 0.0561704 5.34351 -0.675139 0.00852225 0.737701 97.8712
0.736939 -0.0918987 0.669746 133.114 0.0745563 0.99573 0.0545955 5.40776 -0.671898 0.00969983 0.740644 98.56
0.740357 -0.0939589 0.665674 133.727 0.0766658 0.995533 0.055256 5.45456 -0.667894 0.0101253 0.744246 99.244
0.742322 -0.0997821 0.662635 134.347 0.0807877 0.994972 0.0593273 5.49986 -0.665218 0.00949236 0.746651 99.9369
0.743073 -0.10272 0.66134 134.972 0.082977 0.994675 0.0612671 5.54703 -0.664113 0.00935018 0.747632 100.638
0.74423 -0.106277 0.659479 135.589 0.0860177 0.994297 0.0631663 5.59609 -0.662426 0.0097161 0.749128 101.34
0.744274 -0.108347 0.659088 136.205 0.0872591 0.994079 0.0648839 5.65257 -0.662216 0.00922017 0.749315 102.045
0.743334 -0.109022 0.660042 136.819 0.087611 0.994005 0.0655206 5.71773 -0.663224 0.00912267 0.748431 102.756
0.74357 -0.108877 0.659795 137.426 0.0869803 0.994028 0.0660112 5.77499 -0.663043 0.00830528 0.748594 103.459
0.742276 -0.107397 0.661499 138.035 0.0853424 0.994194 0.0656513 5.84104 -0.664703 0.00772177 0.747133 104.161
0.74125 -0.105433 0.662958 138.65 0.0834259 0.994408 0.0648713 5.90911 -0.666091 0.00722215 0.745895 104.864
0.739596 -0.103996 0.665035 139.262 0.0819441 0.994562 0.0643991 5.97898 -0.668109 0.00686574 0.744098 105.569
0.73761 -0.103002 0.667385 139.878 0.0800775 0.994675 0.0650166 6.03614 -0.670528 0.00548566 0.741924 106.272
0.734775 -0.103821 0.670385 140.507 0.0790905 0.994597 0.0673478 6.09105 -0.673749 0.00353493 0.739018 106.981
0.733402 -0.105041 0.671691 141.127 0.0778555 0.994476 0.0705152 6.15087 -0.675389 0.000578956 0.737523 107.67
0.730348 -0.107328 0.674656 141.753 0.0794896 0.994231 0.0721207 6.20811 -0.6785 0.000954318 0.734667 108.356
0.728557 -0.104184 0.677076 142.369 0.0781586 0.994563 0.0689401 6.24641 -0.680578 0.00269281 0.732732 109.022
0.722593 -0.0958318 0.684665 142.989 0.0744079 0.99538 0.0607966 6.32185 -0.687323 0.00701253 0.726387 109.705
0.721796 -0.0911332 0.68614 143.611 0.0725672 0.995803 0.0559298 6.37556 -0.688357 0.00942167 0.725373 110.368
0.717943 -0.0943049 0.689751 144.234 0.072909 0.995526 0.0602268 6.42792 -0.692339 0.00704891 0.721607 111.034
0.71414 -0.0969994 0.69331 144.856 0.069697 0.995294 0.0674635 6.47663 -0.696591 0.000143523 0.717533 111.699
0.710551 -0.0996225 0.696623 145.48 0.0686835 0.995027 0.0722442 6.53471 -0.70035 -0.00348728 0.713861 112.359
0.707752 -0.0996977 0.699451 146.102 0.0681148 0.995018 0.0729093 6.59401 -0.703236 -0.00395827 0.711011 112.996
0.704564 -0.100774 0.702515 146.73 0.0687494 0.99491 0.0737726 6.65068 -0.706368 -0.00368065 0.707907 113.64
0.700361 -0.101213 0.706636 147.373 0.0701966 0.994872 0.0729299 6.70462 -0.710394 -0.00147332 0.703869 114.278
0.697328 -0.101066 0.709658 148.002 0.0716702 0.994887 0.0712663 6.75029 -0.713226 0.00116471 0.701007 114.904
0.693474 -0.10107 0.713417 148.637 0.0720606 0.994886 0.070905 6.80608 -0.716934 0.00223886 0.697205 115.533
0.688734 -0.101107 0.717996 149.276 0.0715977 0.994881 0.0714229 6.87487 -0.721535 0.00221494 0.692449 116.158
0.685524 -0.101238 0.721035 149.917 0.0706384 0.994871 0.0725322 6.94643 -0.724679 0.00121049 0.689154 116.78
0.680628 -0.101587 0.725618 150.573 0.0701612 0.994834 0.073471 7.00426 -0.729327 0.000903475 0.684241 117.401
0.674591 -0.101471 0.731242 151.22 0.0688131 0.994848 0.0745741 7.07775 -0.735041 1.23728e-05 0.678093 118.015
0.670003 -0.0967184 0.736097 151.874 0.0659955 0.995319 0.0707135 7.13779 -0.739483 0.00120042 0.673252 118.632
0.664475 -0.0917844 0.74171 152.534 0.0630596 0.995785 0.0667378 7.1962 -0.744709 0.00242682 0.667457 119.239
0.657347 -0.0908315 0.748159 153.203 0.0613864 0.995873 0.0669749 7.25625 -0.751147 0.0019007 0.660211 119.839
0.651564 -0.0960792 0.752541 153.9 0.0601951 0.995376 0.0749697 7.31646 -0.756264 -0.00354796 0.654331 120.444
0.645409 -0.100115 0.757313 154.587 0.0534768 0.994871 0.08595 7.39832 -0.762026 -0.0149744 0.647455 121.061
0.637474 -0.104578 0.763398 155.295 0.0526512 0.994351 0.0922544 7.45778 -0.768734 -0.0186157 0.639375 121.667
0.631583 -0.104948 0.768238 155.998 0.0501611 0.99426 0.0945913 7.55522 -0.773747 -0.0212068 0.633224 122.259
0.623603 -0.104484 0.774783 156.717 0.0493353 0.994322 0.0943866 7.6374 -0.780245 -0.0206354 0.625213 122.85
0.615579 -0.105109 0.7811 157.447 0.0529226 0.994351 0.092102 7.71018 -0.786358 -0.0153585 0.617666 123.422
0.61 -0.0984452 0.786318 158.172 0.0520269 0.995097 0.0842281 7.79816 -0.790753 -0.0104691 0.612127 123.995
0.602022 -0.0969807 0.792634 158.91 0.0549048 0.995285 0.0800791 7.8765 -0.796651 -0.00469038 0.60451 124.567
0.59446 -0.101287 0.797775 159.676 0.0563159 0.994853 0.0843494 7.96151 -0.802213 -0.00521464 0.597101 125.14
0.587425 -0.108165 0.802083 160.435 0.0597795 0.994131 0.0902869 8.03498 -0.807129 -0.00508901 0.590446 125.693
0.580357 -0.108724 0.807126 161.181 0.0586233 0.994064 0.0917581 8.11636 -0.812311 -0.00593573 0.583282 126.235
0.573597 -0.108877 0.811935 161.923 0.0578856 0.994048 0.092409 8.20288 -0.817151 -0.00600643 0.576487 126.776
0.567147 -0.109566 0.816351 162.67 0.0577743 0.993973 0.0932721 8.28608 -0.821649 -0.00573459 0.570056 127.3
0.561382 -0.117001 0.81931 163.417 0.062576 0.993133 0.0989524 8.35063 -0.82525 -0.00428122 0.56485 127.8
0.555908 -0.118035 0.822874 164.159 0.0611667 0.993002 0.101121 8.43114 -0.829051 -0.00588138 0.559235 128.313
0.552701 -0.118306 0.825005 164.889 0.0604428 0.992966 0.101904 8.52274 -0.831247 -0.00645693 0.555966 128.808
0.548033 -0.118458 0.82808 165.613 0.0597493 0.992947 0.102504 8.60755 -0.834382 -0.00669811 0.551242 129.296
0.543394 -0.118286 0.831168 166.341 0.0591392 0.992967 0.102654 8.69175 -0.837455 -0.00662703 0.54657 129.775
0.541044 -0.114377 0.833234 167.046 0.0593496 0.993442 0.0978363 8.788 -0.83896 -0.00348108 0.54428 130.238
0.537922 -0.112863 0.835471 167.759 0.0583406 0.993616 0.0966692 8.88502 -0.841036 -0.00325886 0.541074 130.707
