1 0 0 0 0 1 0 0 0 0 1 0
0.999998 -5.99677e-05 -0.00143022 -0.000520329 6.0381e-05 1 0.000257422 -0.00479942 0.00143006 -0.000257537 0.999999 0.555494
0.999998 0.000116 -0.00201133 -0.00418626 -0.000115642 1 0.000183621 -0.0070603 0.00201139 -0.000183341 0.999998 1.10979
0.999991 4.78312e-05 -0.00416271 -0.00782517 -4.62125e-05 1 0.000381398 -0.00734396 0.00416262 -0.000381321 0.999991 1.66578
0.99998 -0.000306464 -0.00627926 -0.00938875 0.000310705 0.999999 0.000678123 -0.00959663 0.00627902 -0.000680026 0.99998 2.22019
0.999974 -0.00032132 -0.00714616 -0.0108675 0.000328126 0.999999 0.000947653 -0.0137813 0.00714576 -0.000950048 0.999974 2.77325
0.999958 -0.000245295 -0.00914589 -0.0146524 0.000257278 0.999999 0.00131086 -0.0134888 0.00914538 -0.0013131 0.999958 3.3433
0.99995 -0.000121901 -0.00994205 -0.0220339 0.000141143 0.999998 0.00193237 -0.0170918 0.00994171 -0.00193373 0.999949 3.91256
0.999931 -3.43165e-05 -0.0117758 -0.0295208 6.08472e-05 0.999997 0.00225327 -0.0219316 0.0117755 -0.00225374 0.999929 4.49698
0.99993 0.000471151 -0.0117503 -0.0372555 -0.000469612 1 0.000129068 -0.0263622 0.0117503 -0.000123589 0.999931 5.08394
0.999909 0.000753322 -0.0135495 -0.0519387 -0.000748068 0.999999 0.000393372 -0.0272704 0.0135497 -0.000383145 0.99991 5.68293
0.999889 0.00108479 -0.0148142 -0.0667026 -0.00107279 0.999999 0.000814135 -0.0322889 0.014815 -0.000798225 0.999891 6.28614
0.999882 0.00140165 -0.0153526 -0.0843855 -0.00137281 0.999997 0.00189006 -0.0385175 0.0153551 -0.00186864 0.999882 6.90348
0.999848 0.0017494 -0.0173732 -0.105858 -0.00166212 0.999985 0.00503194 -0.0446819 0.0173816 -0.00500233 0.999837 7.54866
0.999853 0.00313086 -0.0169323 -0.123066 -0.00293042 0.999926 0.0118566 -0.0317582 0.016968 -0.0118051 0.999788 8.19801
0.99982 0.00385932 -0.018593 -0.144916 -0.00362407 0.999913 0.0126646 -0.0430922 0.0186404 -0.012595 0.999748 8.87907
0.999793 0.00547249 -0.0196262 -0.165044 -0.00522642 0.999907 0.012572 -0.0550274 0.019693 -0.0124666 0.999731 9.55501
0.999774 0.00853669 -0.0194688 -0.181293 -0.0084216 0.999947 0.00598009 -0.0696581 0.0195188 -0.00581476 0.999794 10.2329
0.999719 0.0101902 -0.021438 -0.205803 -0.0101875 0.999948 0.000240651 -0.0722807 0.0214391 -2.19993e-05 0.999773 10.9548
0.999723 0.0092053 -0.0216621 -0.221142 -0.00917313 0.999957 0.00157868 -0.0795123 0.0216757 -0.00137948 0.999766 11.67
0.999717 0.00667167 -0.0229333 -0.243181 -0.00641868 0.999919 0.0110921 -0.067591 0.0230051 -0.0109415 0.999679 12.4407
0.999743 0.00543102 -0.0220366 -0.262 -0.005021 0.999814 0.0186163 -0.0612048 0.0221337 -0.0185009 0.999586 13.2034
0.999703 0.00634963 -0.0236228 -0.283531 -0.00588659 0.999791 0.0196206 -0.0645234 0.0237422 -0.0194755 0.999532 13.9941
0.999694 0.00676538 -0.0238128 -0.30489 -0.00628969 0.999781 0.0199933 -0.0612295 0.0239429 -0.0198375 0.999519 14.7959
0.99972 0.007117 -0.0226763 -0.323548 -0.00666101 0.999776 0.0201243 -0.0422177 0.0228141 -0.0199675 0.999544 15.6138
0.99971 0.00728562 -0.022984 -0.347359 -0.00681759 0.99977 0.020373 -0.00860101 0.0231271 -0.0202106 0.99953 16.4507
0.999762 0.0064232 -0.0209402 -0.366518 -0.00597168 0.999751 0.0215538 0.00692933 0.0210731 -0.0214235 0.999551 17.3035
0.999758 0.00534338 -0.021346 -0.390007 -0.00500951 0.999865 0.0156619 0.0308021 0.0214269 -0.0155513 0.999651 18.1747
0.999807 0.00563612 -0.0189628 -0.40637 -0.00536958 0.999888 0.0140726 0.0480063 0.0190397 -0.0139679 0.999725 19.0537
0.999787 0.00528747 -0.019961 -0.429083 -0.00496919 0.99986 0.0159592 0.0710674 0.0200428 -0.0158568 0.999675 19.9626
0.999791 0.00488627 -0.0199775 -0.452784 -0.00454274 0.999843 0.017199 0.0892705 0.0200582 -0.0171044 0.999656 20.8814
0.99981 0.00527702 -0.0188187 -0.470162 -0.00495114 0.999838 0.0173184 0.103168 0.0189073 -0.017222 0.999675 21.8159
0.999791 0.00604752 -0.0197072 -0.497206 -0.00569977 0.999829 0.0176462 0.113246 0.0198104 -0.01753 0.999654 22.7597
0.999805 0.00650002 -0.0186978 -0.522097 -0.00614736 0.999803 0.0188536 0.130488 0.018817 -0.018735 0.99965 23.7165
0.999806 0.0060722 -0.0188773 -0.550803 -0.00569792 0.999788 0.0198115 0.145074 0.0189934 -0.0196998 0.999629 24.6642
0.999811 0.00595117 -0.0185455 -0.573941 -0.00557365 0.999777 0.0203388 0.160691 0.0186628 -0.0202316 0.999624 25.6506
0.999801 0.00570736 -0.0192743 -0.599016 -0.00530843 0.999773 0.0206782 0.175428 0.0193878 -0.0205715 0.999604 26.621
0.999793 0.00574548 -0.0196081 -0.625854 -0.00532261 0.999753 0.0215496 0.192683 0.0197274 -0.0214407 0.999579 27.6137
0.999805 0.00543146 -0.0191496 -0.652528 -0.00500247 0.999739 0.0223668 0.212278 0.019266 -0.0222664 0.99957 28.6269
0.999788 0.00503213 -0.020063 -0.678441 -0.00457367 0.999728 0.0228334 0.235535 0.0201729 -0.0227368 0.999541 29.6213
0.999808 0.00415737 -0.0193326 -0.698858 -0.00372434 0.999744 0.0223694 0.258703 0.0194206 -0.022293 0.999567 30.6531
0.999793 0.00408272 -0.0200507 -0.727582 -0.00363189 0.999741 0.022473 0.282947 0.0201377 -0.0223955 0.99955 31.6653
0.999789 0.00290043 -0.0205364 -0.751528 -0.00242306 0.999728 0.0232193 0.309194 0.0205981 -0.0231645 0.999524 32.695
0.999794 0.0020304 -0.0202862 -0.773617 -0.00153336 0.999699 0.0244908 0.336182 0.0203304 -0.0244546 0.999498 33.7399
0.999764 0.00182697 -0.0218045 -0.800204 -0.00125601 0.999657 0.0261572 0.358639 0.0218448 -0.0261235 0.999424 34.7839
0.999778 0.00187094 -0.021105 -0.831585 -0.00130548 0.999641 0.0267781 0.384677 0.0211481 -0.0267446 0.999422 35.8439
0.999754 0.00197216 -0.0222986 -0.859064 -0.00137156 0.999637 0.0269055 0.408623 0.0223436 -0.0268681 0.999394 36.8932
0.999774 0.00254201 -0.0212627 -0.888174 -0.00198076 0.99965 0.0263794 0.432318 0.021323 -0.0263313 0.99943 37.9595
0.999734 0.00328417 -0.0230218 -0.909793 -0.00267187 0.999644 0.0265652 0.453891 0.0231009 -0.0264965 0.999387 39.0289
0.999714 0.0032771 -0.0238276 -0.937051 -0.00262411 0.999622 0.0273907 0.476628 0.023909 -0.0273202 0.999345 40.1014
0.999738 0.00380944 -0.0227997 -0.970705 -0.00315631 0.999586 0.0286017 0.494556 0.0228992 -0.0285221 0.999336 41.1638
0.999695 0.00475169 -0.0244026 -1.00392 -0.00403861 0.999566 0.0291933 0.508743 0.0245314 -0.0290857 0.99928 42.2464
0.999715 0.00579188 -0.0233817 -1.03963 -0.00510342 0.999556 0.0293822 0.526897 0.0235414 -0.0292543 0.9993 43.3146
0.999657 0.00777697 -0.025181 -1.07603 -0.00707911 0.999592 0.027688 0.533561 0.0253867 -0.0275002 0.999304 44.384
0.999682 0.00849065 -0.0239555 -1.11395 -0.00782605 0.999586 0.0276842 0.557151 0.0241806 -0.0274877 0.999335 45.4572
0.999662 0.00876362 -0.0246556 -1.1413 -0.00807228 0.999576 0.0280038 0.578386 0.0248913 -0.0277953 0.999309 46.5288
0.999665 0.00872763 -0.0246025 -1.17514 -0.00799664 0.999529 0.029639 0.595796 0.0248496 -0.0294322 0.999264 47.611
0.999691 0.00897123 -0.0233862 -1.20981 -0.00825528 0.9995 0.0305349 0.621119 0.0236492 -0.0303323 0.999265 48.6875
0.999676 0.00854957 -0.0242195 -1.23811 -0.00779091 0.999482 0.0312313 0.640549 0.024474 -0.0310324 0.999225 49.7723
0.999703 0.00904281 -0.0228586 -1.27019 -0.00833125 0.999484 0.0310369 0.673369 0.0231281 -0.0308371 0.999262 50.8459
0.999691 0.00922972 -0.0233281 -1.29854 -0.00850533 0.999485 0.0309482 0.693053 0.0236016 -0.0307403 0.999255 51.9248
0.99969 0.00970341 -0.0232019 -1.32977 -0.00898949 0.999489 0.0306821 0.727652 0.0234884 -0.0304639 0.999266 53.0009
0.999731 0.00955546 -0.0214036 -1.35857 -0.00889184 0.999484 0.0308733 0.75182 0.0216874 -0.0306746 0.999301 54.0709
0.999703 0.00981249 -0.0225847 -1.38504 -0.00910533 0.999472 0.0312075 0.775289 0.0228796 -0.0309926 0.999264 55.1439
0.999735 0.00984901 -0.0211094 -1.41177 -0.0091805 0.999461 0.0315244 0.801837 0.0214083 -0.0313223 0.999287 56.2104
0.99972 0.00924448 -0.0220934 -1.43466 -0.00850778 0.999413 0.0332115 0.834702 0.022388 -0.0330142 0.999211 57.2912
0.99977 0.00906831 -0.0197953 -1.46266 -0.00834981 0.999315 0.0360697 0.867012 0.0201087 -0.0358961 0.99916 58.356
0.999759 0.00829052 -0.0206913 -1.48516 -0.00738645 0.999031 0.0433942 0.904289 0.0210315 -0.0432309 0.998851 59.4487
0.999766 0.00794205 -0.0204774 -1.51093 -0.00703226 0.999002 0.0441149 0.945746 0.0208073 -0.0439605 0.998824 60.5287
0.999795 0.00749462 -0.0191908 -1.53997 -0.00665191 0.999027 0.0436062 0.986223 0.0194994 -0.0434695 0.998872 61.5941
0.999774 0.00752043 -0.0202792 -1.56314 -0.00662036 0.999007 0.0440813 1.03114 0.0205905 -0.043937 0.998829 62.6738
0.999794 0.00791706 -0.0191138 -1.59277 -0.00706829 0.999005 0.0440697 1.08444 0.0194443 -0.0439254 0.998854 63.7416
0.999765 0.00866869 -0.0202419 -1.61645 -0.00787032 0.999202 0.0391805 1.12797 0.0205655 -0.0390119 0.999035 64.8263
0.99977 0.00943822 -0.019692 -1.64798 -0.00864493 0.999165 0.0399799 1.16889 0.0200536 -0.0398004 0.999014 65.9099
0.999798 0.0103433 -0.0177046 -1.68164 -0.00958469 0.999056 0.0423965 1.20543 0.0181266 -0.0422182 0.998952 66.9953
0.999774 0.0105072 -0.0190008 -1.70629 -0.00965553 0.998971 0.0443673 1.23817 0.0194481 -0.0441736 0.998843 68.0885
0.999784 0.0107996 -0.0182444 -1.73646 -0.00992459 0.998829 0.0473707 1.2907 0.0187348 -0.0471793 0.998719 69.1665
0.999771 0.0106345 -0.019065 -1.75833 -0.00969843 0.998778 0.048534 1.33748 0.0195585 -0.0483377 0.998649 70.2641
0.999787 0.0104653 -0.0182986 -1.78427 -0.0095417 0.998714 0.0498331 1.38254 0.0187968 -0.0496478 0.998599 71.3385
0.999761 0.0101927 -0.0198881 -1.80525 -0.00915627 0.998634 0.0515258 1.42859 0.0203868 -0.0513311 0.998484 72.433
0.99975 0.0101021 -0.0204174 -1.83096 -0.00901671 0.998579 0.0525444 1.47715 0.0209194 -0.0523471 0.998419 73.5156
0.999767 0.0103002 -0.0195146 -1.8555 -0.00925668 0.998565 0.0528266 1.52932 0.0200314 -0.0526333 0.998423 74.5809
0.999722 0.0108056 -0.021384 -1.88274 -0.00966494 0.998564 0.0527156 1.57913 0.0219231 -0.0524943 0.998389 75.6617
0.999736 0.0115758 -0.0203616 -1.9148 -0.0104708 0.998513 0.0535628 1.62164 0.020952 -0.0533351 0.998367 76.725
0.999673 0.0129966 -0.022414 -1.94826 -0.0117422 0.998408 0.0551904 1.65915 0.0230957 -0.0549091 0.998233 77.8049
0.999645 0.0145429 -0.0227952 -1.98225 -0.0132063 0.998249 0.0577242 1.68856 0.0235954 -0.0574023 0.998082 78.8773
0.99965 0.0157184 -0.0217258 -2.01639 -0.014384 0.998082 0.0602443 1.73356 0.0226312 -0.0599106 0.997956 79.9425
0.999609 0.0166555 -0.0229547 -2.05257 -0.0152409 0.998057 0.0604779 1.77961 0.023918 -0.0601039 0.997916 80.9914
0.999622 0.0170437 -0.0220029 -2.08363 -0.0156781 0.99803 0.0607852 1.83422 0.0229956 -0.0604172 0.997918 82.0425
0.999589 0.0169303 -0.0236284 -2.11234 -0.0154513 0.997995 0.0614305 1.8947 0.0246218 -0.0610396 0.997843 83.091
0.999608 0.0166767 -0.0229228 -2.1389 -0.0152263 0.997961 0.0620284 1.95716 0.0239107 -0.0616549 0.997821 84.1234
0.999577 0.0163439 -0.0245366 -2.1678 -0.0147727 0.997914 0.0629008 2.01468 0.0255142 -0.0625111 0.997729 85.1495
0.999564 0.0161831 -0.0251196 -2.19512 -0.0145401 0.997831 0.0642437 2.06868 0.026105 -0.0638502 0.997629 86.1599
0.999585 0.0160159 -0.0244383 -2.22617 -0.0143771 0.997732 0.0658172 2.12609 0.0254378 -0.0654379 0.997544 87.1469
0.999539 0.0159262 -0.0262771 -2.25549 -0.0141357 0.997659 0.0669565 2.17767 0.0272823 -0.066554 0.99742 88.1243
0.999516 0.0157558 -0.0272783 -2.28512 -0.0138779 0.997612 0.067716 2.23101 0.0282809 -0.067304 0.997343 89.0643
0.999392 0.0157952 -0.0314528 -2.32041 -0.0136038 0.997549 0.068692 2.28567 0.0324609 -0.0682221 0.997153 89.9978
0.99928 0.0159288 -0.0348185 -2.35735 -0.0134893 0.997514 0.0692155 2.3406 0.0358353 -0.0686953 0.997005 90.9011
0.999202 0.0163389 -0.0367707 -2.39719 -0.0137296 0.997448 0.0701127 2.38718 0.0378227 -0.0695516 0.996873 91.7739
0.999017 0.0175721 -0.0410263 -2.43988 -0.0145932 0.997315 0.0718197 2.43008 0.042179 -0.0711496 0.996585 92.6413
0.998919 0.0188929 -0.042752 -2.48391 -0.0157537 0.997241 0.072595 2.46631 0.0440059 -0.0718428 0.996456 93.4699
0.998715 0.0200052 -0.0468382 -2.52883 -0.0165037 0.997126 0.0739901 2.50545 0.0481845 -0.0731212 0.99617 94.2884
0.998624 0.0211784 -0.0482203 -2.57387 -0.0175412 0.997062 0.0746261 2.54619 0.0496594 -0.0736773 0.996056 95.0632
0.998448 0.022992 -0.0509776 -2.61933 -0.0190855 0.996941 0.0758367 2.58082 0.052566 -0.0747453 0.995828 95.8044
0.998296 0.0237854 -0.0535328 -2.66807 -0.0196691 0.996907 0.0761348 2.62365 0.0551783 -0.0749518 0.995672 96.5282
0.9982 0.0245392 -0.0549658 -2.71219 -0.0202954 0.996868 0.07648 2.66567 0.0566712 -0.075226 0.995567 97.2138
0.998001 0.0251026 -0.058227 -2.75932 -0.0205805 0.996824 0.0769908 2.70938 0.059975 -0.075638 0.995343 97.8806
0.997925 0.0253903 -0.0593896 -2.80615 -0.0207446 0.996775 0.0775756 2.74763 0.0611683 -0.0761819 0.995228 98.504
0.99783 0.0256273 -0.0608785 -2.8545 -0.0208287 0.996726 0.0781785 2.78336 0.062683 -0.0767403 0.995092 99.114
0.997871 0.0261912 -0.0599543 -2.89922 -0.0214129 0.996649 0.0789997 2.81942 0.061823 -0.0775469 0.995083 99.6922
0.998035 0.027888 -0.0563596 -2.9403 -0.0232902 0.996476 0.0806398 2.85089 0.0584103 -0.0791681 0.995162 100.244
0.998277 0.0285996 -0.0514919 -2.97738 -0.0243404 0.996379 0.0815235 2.88205 0.0536374 -0.0801289 0.995354 100.781
0.998654 0.0288033 -0.0434678 -3.00085 -0.0251404 0.996273 0.0825674 2.9126 0.0456844 -0.0813628 0.995651 101.291
0.999007 0.0288798 -0.0343403 -3.02176 -0.0259329 0.996187 0.0833654 2.94519 0.0366175 -0.0823911 0.995942 101.785
0.999356 0.0287639 -0.0221484 -3.02865 -0.0268088 0.996112 0.0839824 2.97952 0.0244785 -0.0833338 0.996235 102.254
0.999557 0.0288455 -0.00918766 -3.03125 -0.0279698 0.996053 0.0843017 3.01413 0.0115838 -0.0840063 0.996413 102.702
0.999581 0.0287554 0.00639017 -3.02571 -0.0291913 0.996021 0.0842608 3.04917 -0.00394098 -0.0844114 0.996437 103.133
0.999314 0.0289327 0.0237506 -3.00997 -0.0308389 0.995971 0.0842678 3.08082 -0.0212159 -0.0849413 0.996175 103.548
0.998593 0.028522 0.0450347 -2.98296 -0.0320948 0.996224 0.0807333 3.10243 -0.0425611 -0.0820645 0.995732 103.954
0.997165 0.0284355 0.0698788 -2.94577 -0.0340683 0.996155 0.0807887 3.13408 -0.0673116 -0.0829393 0.994294 104.359
0.994954 0.0281715 0.0964497 -2.89322 -0.03605 0.996071 0.0809517 3.16333 -0.093789 -0.0840195 0.992055 104.748
0.991532 0.0277499 0.126979 -2.83026 -0.0381819 0.996031 0.0804757 3.19311 -0.124241 -0.0846414 0.988651 105.137
0.986943 0.0274039 0.158822 -2.75093 -0.040471 0.996007 0.0796395 3.22574 -0.156004 -0.0850264 0.984105 105.503
0.980419 0.0269529 0.195147 -2.65682 -0.0429823 0.996002 0.0783789 3.25557 -0.192252 -0.0852308 0.977653 105.875
0.972159 0.0262341 0.232916 -2.5462 -0.0454233 0.995969 0.0774138 3.28336 -0.229944 -0.0858375 0.969427 106.228
0.961588 0.025851 0.273334 -2.42514 -0.0483316 0.995954 0.0758363 3.31317 -0.270265 -0.0861326 0.958942 106.582
0.949224 0.0257422 0.313597 -2.29057 -0.0514475 0.995938 0.0739741 3.34468 -0.310416 -0.086351 0.946687 106.909
0.933553 0.0256001 0.357566 -2.14487 -0.0548696 0.995903 0.0719546 3.375 -0.354256 -0.0867916 0.931129 107.236
0.914906 0.0246774 0.402952 -1.98496 -0.0578696 0.995844 0.0704075 3.39675 -0.399537 -0.0877341 0.912526 107.565
0.894753 0.0240569 0.445947 -1.80826 -0.060879 0.995802 0.0684296 3.41996 -0.442425 -0.0883751 0.892458 107.86
0.870814 0.0231637 0.4911 -1.61665 -0.0638323 0.995767 0.0662203 3.44191 -0.487484 -0.0890129 0.868601 108.16
0.845793 0.0230315 0.533043 -1.41273 -0.0669874 0.995752 0.063267 3.46625 -0.529317 -0.0892167 0.843738 108.428
0.817423 0.0226979 0.575619 -1.19709 -0.0701326 0.995718 0.0603311 3.4925 -0.571781 -0.089685 0.815509 108.7
0.787177 0.0226458 0.616337 -0.969274 -0.0733516 0.995676 0.0571004 3.51689 -0.612374 -0.0901561 0.785431 108.954
0.752631 0.0224859 0.658085 -0.725003 -0.0767052 0.995612 0.0537072 3.54313 -0.653985 -0.0908992 0.751049 109.214
0.715562 0.0263442 0.698076 -0.469372 -0.0844454 0.995228 0.0490028 3.58915 -0.693449 -0.0940125 0.714368 109.448
0.6761 0.0247413 0.736418 -0.193023 -0.08621 0.995234 0.0457126 3.60431 -0.731772 -0.0943918 0.675006 109.674
0.633884 0.0225548 0.773121 0.105084 -0.0879995 0.995193 0.043118 3.62095 -0.768426 -0.0953646 0.632818 109.89
0.590662 0.0212638 0.806661 0.415204 -0.0907795 0.995064 0.0402418 3.64279 -0.801818 -0.0969965 0.589673 110.078
0.542742 0.0196918 0.839688 0.740041 -0.0930552 0.994986 0.0368139 3.66262 -0.834748 -0.0981164 0.54185 110.273
0.496107 0.0181374 0.868092 1.07549 -0.0949971 0.99492 0.0335032 3.6794 -0.863069 -0.0990864 0.495308 110.429
0.444104 0.0161194 0.895848 1.42864 -0.0969737 0.994835 0.0301732 3.6913 -0.89073 -0.100272 0.443371 110.581
0.393097 0.0162135 0.919373 1.78667 -0.10013 0.99466 0.0252718 3.70875 -0.914048 -0.10199 0.39262 110.708
0.341745 0.0167809 0.93966 2.15625 -0.1028 0.994515 0.0196272 3.72045 -0.934171 -0.103303 0.341593 110.824
0.290943 0.0214607 0.956519 2.53995 -0.107607 0.994146 0.0104261 3.73452 -0.950688 -0.10596 0.291548 110.926
0.244168 0.0208015 0.969527 2.9344 -0.107288 0.994218 0.00568864 3.74305 -0.963797 -0.105406 0.244986 111.01
0.200799 0.0193905 0.97946 3.35332 -0.105606 0.994414 0.00196418 3.74929 -0.973942 -0.10383 0.201725 111.085
0.165771 0.017956 0.986018 3.77902 -0.0989464 0.995098 -0.00148593 3.7631 -0.981205 -0.097315 0.166734 111.128
0.134362 0.017846 0.990791 4.22487 -0.0993068 0.995055 -0.00445522 3.77226 -0.985963 -0.0977926 0.135469 111.176
0.107331 0.0161455 0.994109 4.68021 -0.101376 0.994841 -0.00521164 3.77396 -0.989059 -0.100218 0.108413 111.218
0.0815367 0.0124193 0.996613 5.16004 -0.106063 0.99436 -0.00371326 3.77941 -0.99103 -0.1054 0.0823941 111.262
0.0565347 0.00777439 0.998387 5.66487 -0.110749 0.993855 -0.00146734 3.7818 -0.992257 -0.110486 0.0570476 111.293
0.0343718 0.00596797 0.999412 6.18001 -0.11025 0.99391 -0.00214291 3.76985 -0.993329 -0.11011 0.0348208 111.306
0.0138914 0.0061639 0.999903 6.71126 -0.109084 0.99403 -0.00461171 3.76933 -0.993954 -0.109007 0.0144805 111.301
-0.00459003 0.00984531 0.999962 7.26433 -0.105728 0.994351 -0.0102749 3.75328 -0.994405 -0.10577 -0.00352253 111.28
-0.0186677 0.0107442 0.999787 7.8233 -0.106629 0.994227 -0.0126748 3.75166 -0.994143 -0.106841 -0.0174144 111.271
-0.0306588 0.0152653 0.999435 8.42076 -0.111112 0.993642 -0.0185849 3.74062 -0.993356 -0.111617 -0.0287671 111.264
-0.036787 0.0149797 0.99923 9.03351 -0.109579 0.993807 -0.0189319 3.72744 -0.993317 -0.110189 -0.0349177 111.239
-0.0396168 0.0126977 0.999157 9.66979 -0.104106 0.994434 -0.0167651 3.70273 -0.993798 -0.104681 -0.0380738 111.206
-0.0400107 0.0112608 0.999156 10.3202 -0.104135 0.994454 -0.0153772 3.69056 -0.993778 -0.104661 -0.0386162 111.181
-0.0376386 0.0111276 0.999252 10.9883 -0.105162 0.99435 -0.0150337 3.67836 -0.993764 -0.105648 -0.0362551 111.161
-0.0368625 0.0111285 0.999279 11.6763 -0.106785 0.994178 -0.0150104 3.67475 -0.993619 -0.10726 -0.0354597 111.148
-0.0349526 0.0109683 0.999351 12.37 -0.107737 0.99408 -0.0146781 3.65556 -0.993587 -0.108178 -0.0335633 111.129
-0.0339523 0.0108091 0.999386 13.0872 -0.107239 0.994139 -0.014395 3.64342 -0.993674 -0.10766 -0.0325942 111.107
-0.0340097 0.0103484 0.999391 13.8282 -0.107102 0.99416 -0.0139384 3.61956 -0.993688 -0.107509 -0.0327022 111.086
-0.0328229 0.00980284 0.999435 14.5719 -0.107393 0.994137 -0.0132773 3.60153 -0.993696 -0.107766 -0.0315778 111.068
-0.0327018 0.00922439 0.999446 15.3462 -0.106849 0.994205 -0.0126714 3.58878 -0.99376 -0.107203 -0.0315261 111.047
-0.0328179 0.00812678 0.99945 16.1146 -0.106836 0.994218 -0.0115917 3.56658 -0.993756 -0.107155 -0.0317601 111.024
-0.0338704 0.00764435 0.999421 16.9028 -0.10763 0.994138 -0.0112508 3.55793 -0.993637 -0.107947 -0.0328485 111.001
-0.0354502 0.00722829 0.999367 17.7081 -0.107904 0.99411 -0.0110174 3.54695 -0.99355 -0.108224 -0.0344615 110.979
-0.0364308 0.00587985 0.999344 18.5032 -0.106556 0.99427 -0.00973373 3.53034 -0.993661 -0.106839 -0.0355949 110.949
-0.0381947 0.00497751 0.99928 19.308 -0.105984 0.994337 -0.00900327 3.51316 -0.993656 -0.106249 -0.0374509 110.923
-0.0394382 0.00469929 0.999236 20.1198 -0.106187 0.994318 -0.00886649 3.50994 -0.993586 -0.106454 -0.0387145 110.9
-0.040412 0.00696934 0.999181 20.9359 -0.107134 0.99419 -0.011267 3.50419 -0.993445 -0.107499 -0.0394306 110.879
-0.042439 0.00706883 0.9991 21.7698 -0.106716 0.994234 -0.0115667 3.49279 -0.993406 -0.107109 -0.0414392 110.851
-0.0428982 0.00655054 0.999081 22.5981 -0.106464 0.994265 -0.0110897 3.48117 -0.993413 -0.106839 -0.0419547 110.824
-0.0454612 0.0045136 0.998982 23.4445 -0.108659 0.994046 -0.00943545 3.48022 -0.993062 -0.108975 -0.0446994 110.805
-0.0457497 0.00201951 0.998974 24.2809 -0.109296 0.993994 -0.00701432 3.47992 -0.992978 -0.109502 -0.0452541 110.781
-0.0467206 -0.00255853 0.998932 25.131 -0.110647 0.993869 -0.00262876 3.47233 -0.992784 -0.110649 -0.0467167 110.754
-0.046335 -0.00848202 0.998913 25.9704 -0.11555 0.993307 0.00307513 3.46046 -0.992244 -0.115279 -0.047005 110.729
-0.0463744 -0.0107574 0.998895 26.8142 -0.115325 0.993326 0.00534406 3.46227 -0.992268 -0.114947 -0.0473049 110.698
-0.046361 -0.00390032 0.998941 27.6452 -0.113964 0.993494 -0.00140946 3.43502 -0.992426 -0.113906 -0.046504 110.666
-0.0445288 0.00573381 0.99902 28.4645 -0.110897 0.993788 -0.010646 3.42021 -0.992858 -0.11126 -0.0436158 110.627
-0.0448908 0.00585725 0.998999 29.2908 -0.111051 0.993766 -0.0108161 3.41151 -0.992824 -0.111422 -0.0439606 110.594
-0.0426246 0.000901614 0.99912 30.126 -0.109844 0.993947 -0.00558238 3.40526 -0.993058 -0.109982 -0.042267 110.56
-0.0415602 -0.00635145 0.99914 30.9571 -0.107335 0.994231 0.00185614 3.3884 -0.993377 -0.107162 -0.0420024 110.529
-0.0421925 -0.0104548 0.999085 31.7712 -0.106495 0.994309 0.0059082 3.36665 -0.993442 -0.106145 -0.0430653 110.499
-0.0414418 -0.0108214 0.999107 32.5882 -0.107137 0.994234 0.0063253 3.36253 -0.993405 -0.106777 -0.0423626 110.472
-0.0434168 -0.0108687 0.999027 33.3958 -0.108313 0.994112 0.00610874 3.36133 -0.993192 -0.10794 -0.0443378 110.448
-0.0447584 -0.0113164 0.99896 34.2043 -0.108926 0.99404 0.00638086 3.35638 -0.993067 -0.108524 -0.0457244 110.418
-0.047808 -0.0117175 0.998818 35.0132 -0.108961 0.994039 0.00644678 3.3514 -0.99292 -0.108522 -0.0487993 110.385
-0.049002 -0.0122199 0.99875 35.8162 -0.109527 0.993971 0.00678826 3.34202 -0.9928 -0.109054 -0.050045 110.352
-0.0509275 -0.0124245 0.998655 36.6172 -0.110128 0.993907 0.00674992 3.34092 -0.992637 -0.109633 -0.0519852 110.316
-0.0541869 -0.0130406 0.998472 37.4095 -0.110274 0.993888 0.00699678 3.34176 -0.992448 -0.109724 -0.0552938 110.282
-0.0553516 -0.0137544 0.998403 38.1991 -0.110143 0.9939 0.00758657 3.33501 -0.992399 -0.109544 -0.0565285 110.244
-0.0582351 -0.0140207 0.998231 38.9757 -0.109958 0.993919 0.00754602 3.33467 -0.992254 -0.109321 -0.0594228 110.204
-0.0593663 -0.0138913 0.998171 39.7551 -0.109867 0.993932 0.00729852 3.32732 -0.992198 -0.10923 -0.0605319 110.163
-0.0614212 -0.0141088 0.998039 40.5278 -0.110055 0.99391 0.00727813 3.32465 -0.992052 -0.109389 -0.0625999 110.12
-0.0615071 -0.0149932 0.998025 41.2974 -0.110052 0.993905 0.0081495 3.31581 -0.992047 -0.109331 -0.0627819 110.07
-0.0629323 -0.0154135 0.997927 42.0662 -0.109871 0.993922 0.00842352 3.31825 -0.991978 -0.10911 -0.0642433 110.023
-0.0651114 -0.0156459 0.997787 42.8292 -0.109693 0.993943 0.00842809 3.32057 -0.991857 -0.108898 -0.0664329 109.978
-0.0659022 -0.0161778 0.997724 43.5723 -0.109681 0.993939 0.00887236 3.32218 -0.991807 -0.108844 -0.0672771 109.936
-0.0677315 -0.0168751 0.997594 44.2985 -0.10999 0.993902 0.0093455 3.32211 -0.991649 -0.109089 -0.0691742 109.894
-0.0674754 -0.0173176 0.9976 45.0101 -0.110227 0.99387 0.00979801 3.32264 -0.99164 -0.109298 -0.0689707 109.852
-0.0688489 -0.0176193 0.997504 45.706 -0.110474 0.993842 0.00993025 3.32035 -0.991519 -0.109511 -0.070371 109.809
-0.0682396 -0.0176028 0.997543 46.4084 -0.110748 0.993811 0.00996156 3.31575 -0.99153 -0.109793 -0.0697667 109.765
-0.0682983 -0.0175056 0.997545 47.1044 -0.110986 0.993786 0.00984152 3.32114 -0.991499 -0.110038 -0.0698164 109.724
-0.0692034 -0.0176899 0.997476 47.7932 -0.110793 0.993806 0.00993874 3.32061 -0.991458 -0.109823 -0.0707346 109.682
-0.0686123 -0.017896 0.997517 48.4831 -0.110372 0.99385 0.0102392 3.32453 -0.991546 -0.109392 -0.0701652 109.635
-0.0698352 -0.0184003 0.99742 49.171 -0.110498 0.993832 0.0105982 3.3238 -0.991447 -0.109469 -0.0714375 109.592
-0.0685508 -0.0215404 0.99745 49.865 -0.113997 0.993401 0.0136191 3.30916 -0.991141 -0.112769 -0.0705537 109.56
-0.0693382 -0.021778 0.997387 50.5438 -0.113971 0.993401 0.0137686 3.31227 -0.991089 -0.112715 -0.0713626 109.523
-0.0681269 -0.0227268 0.997453 51.2184 -0.113023 0.993493 0.0149178 3.30631 -0.991281 -0.111715 -0.070252 109.484
-0.0691447 -0.0234353 0.997363 51.8864 -0.113596 0.993419 0.015468 3.29821 -0.991146 -0.112223 -0.0713517 109.443
-0.0732081 -0.0262523 0.997006 52.5485 -0.117498 0.992931 0.0175181 3.2934 -0.990399 -0.11586 -0.0757748 109.408
-0.0776079 -0.0264702 0.996665 53.211 -0.117531 0.992933 0.01722 3.30097 -0.99006 -0.115798 -0.0801703 109.369
-0.0843483 -0.0245976 0.996167 53.8722 -0.116537 0.993091 0.0146549 3.30295 -0.989626 -0.11485 -0.0866314 109.312
-0.0898245 -0.0242182 0.995696 54.528 -0.115796 0.993191 0.0137118 3.30365 -0.989231 -0.114062 -0.0920168 109.244
-0.0974789 -0.0235476 0.994994 55.1974 -0.114949 0.993309 0.012247 3.3123 -0.988605 -0.113176 -0.0995327 109.181
-0.10307 -0.0240937 0.994415 55.8685 -0.11585 0.993207 0.0120575 3.31946 -0.987934 -0.113957 -0.105161 109.116
-0.108331 -0.0252016 0.993831 56.5486 -0.116458 0.99313 0.0124903 3.32115 -0.987299 -0.114382 -0.110521 109.044
-0.11358 -0.0256599 0.993231 57.2316 -0.117773 0.992979 0.0121865 3.31802 -0.986553 -0.115587 -0.115804 108.973
-0.117015 -0.0263996 0.992815 57.9157 -0.119668 0.992751 0.0122945 3.32444 -0.985923 -0.117365 -0.119325 108.897
-0.120657 -0.0293962 0.992293 58.6179 -0.119375 0.992751 0.0148955 3.32942 -0.98552 -0.116653 -0.123291 108.816
-0.121653 -0.0348321 0.991997 59.3194 -0.118663 0.99274 0.0203069 3.33251 -0.985484 -0.115239 -0.124902 108.728
-0.124313 -0.0394371 0.991493 60.0356 -0.120765 0.992396 0.0243326 3.33711 -0.984896 -0.116708 -0.128129 108.644
-0.124863 -0.0401332 0.991399 60.7534 -0.121302 0.992317 0.0248939 3.35124 -0.984762 -0.117146 -0.12877 108.553
-0.125187 -0.0402366 0.991351 61.4785 -0.121784 0.992258 0.0248957 3.36761 -0.984661 -0.11761 -0.129116 108.463
-0.126892 -0.0369231 0.991266 62.2036 -0.117182 0.99288 0.0219838 3.38867 -0.985002 -0.113365 -0.130314 108.366
-0.127426 -0.0331541 0.991328 62.9383 -0.109601 0.993806 0.0191498 3.38207 -0.985804 -0.106206 -0.130269 108.261
-0.129279 -0.0330108 0.991096 63.672 -0.109669 0.993804 0.0187967 3.40531 -0.985556 -0.106259 -0.132096 108.168
-0.129036 -0.0357472 0.99103 64.4102 -0.111207 0.993583 0.0213608 3.41753 -0.985415 -0.107449 -0.132182 108.077
-0.129242 -0.0422988 0.990748 65.1513 -0.11122 0.993418 0.0279053 3.428 -0.985388 -0.10658 -0.133094 107.983
-0.130663 -0.0447473 0.990452 65.8855 -0.10887 0.993603 0.0305283 3.44024 -0.985462 -0.103837 -0.134697 107.885
-0.131161 -0.0450058 0.990377 66.6225 -0.107997 0.993686 0.0308547 3.45897 -0.985492 -0.102906 -0.135191 107.785
-0.133726 -0.0453213 0.990017 67.3566 -0.109655 0.993512 0.0306707 3.47715 -0.984964 -0.104455 -0.137827 107.696
-0.1353 -0.0456303 0.989792 68.0902 -0.109889 0.993481 0.0307802 3.48843 -0.984723 -0.104598 -0.139431 107.6
-0.137983 -0.0461019 0.989396 68.827 -0.110075 0.993457 0.0309408 3.50424 -0.98433 -0.104635 -0.142153 107.503
-0.139592 -0.0464318 0.989159 69.5671 -0.109788 0.993481 0.0311424 3.51772 -0.984136 -0.104246 -0.143778 107.401
-0.141584 -0.0468415 0.988853 70.3074 -0.109983 0.993456 0.0313134 3.53647 -0.98383 -0.104319 -0.145807 107.299
-0.14382 -0.0470593 0.988524 71.0532 -0.11047 0.993403 0.0312204 3.55937 -0.983451 -0.104708 -0.148068 107.196
-0.144133 -0.0474457 0.988457 71.7915 -0.111054 0.993331 0.0314874 3.57574 -0.98334 -0.105229 -0.148439 107.094
-0.14578 -0.0476234 0.98821 72.5462 -0.110728 0.993365 0.0315385 3.59973 -0.983133 -0.10482 -0.150084 106.987
-0.146225 -0.0479572 0.988125 73.2998 -0.11125 0.993301 0.0317465 3.62327 -0.983009 -0.105283 -0.150579 106.881
-0.147867 -0.0488302 0.987841 74.0592 -0.111217 0.993281 0.0324524 3.6445 -0.982767 -0.105062 -0.152302 106.772
-0.148031 -0.0495203 0.98778 74.828 -0.111539 0.993225 0.0330791 3.66895 -0.982706 -0.105274 -0.152549 106.657
-0.149471 -0.0507352 0.987504 75.5993 -0.112461 0.993089 0.0340007 3.69529 -0.982383 -0.105969 -0.154142 106.545
-0.152378 -0.0514921 0.987019 76.3789 -0.11218 0.993105 0.0344924 3.71073 -0.981969 -0.105463 -0.157102 106.429
-0.152786 -0.0516869 0.986948 77.153 -0.112319 0.993083 0.0346214 3.73249 -0.981889 -0.105559 -0.157533 106.306
-0.15584 -0.0518122 0.986462 77.9411 -0.112628 0.993058 0.0343672 3.7631 -0.981375 -0.105743 -0.160592 106.186
-0.155444 -0.05203 0.986515 78.7148 -0.112636 0.993048 0.0346275 3.78461 -0.981436 -0.10573 -0.160222 106.059
-0.157112 -0.0519155 0.986255 79.5112 -0.112526 0.99307 0.0343502 3.80451 -0.981184 -0.105578 -0.161863 105.932
-0.156611 -0.0518194 0.986342 80.3086 -0.112212 0.993105 0.0343586 3.82939 -0.981299 -0.105294 -0.161344 105.798
-0.15636 -0.0518107 0.98638 81.1183 -0.11204 0.993123 0.0344059 3.85712 -0.98136 -0.105129 -0.161088 105.667
-0.157029 -0.0526691 0.98623 81.9375 -0.111806 0.99312 0.0352362 3.87171 -0.98128 -0.104729 -0.161836 105.54
-0.15603 -0.0535571 0.986339 82.7579 -0.111116 0.993157 0.0363514 3.90017 -0.981517 -0.103921 -0.160912 105.407
-0.156239 -0.0544104 0.986261 83.5934 -0.1112 0.993117 0.0371739 3.92638 -0.981475 -0.10386 -0.161212 105.279
-0.153488 -0.055616 0.986624 84.4247 -0.111306 0.993049 0.0386641 3.95231 -0.981897 -0.103878 -0.158609 105.149
-0.153255 -0.0576166 0.986548 85.2654 -0.11108 0.992991 0.0407382 3.97441 -0.981959 -0.103338 -0.158579 105.019
-0.150071 -0.0603067 0.986875 86.1079 -0.111595 0.992808 0.0437009 3.9982 -0.982392 -0.103568 -0.15572 104.89
-0.148318 -0.0607789 0.987113 86.9499 -0.112141 0.99272 0.0442755 4.02963 -0.982597 -0.104124 -0.154052 104.764
-0.147726 -0.060863 0.987195 87.8016 -0.111988 0.99273 0.0444478 4.05915 -0.982704 -0.103983 -0.153467 104.636
-0.144829 -0.056162 0.987904 88.6373 -0.111488 0.992971 0.0401067 4.09388 -0.983191 -0.104327 -0.15007 104.509
-0.144134 -0.056121 0.988008 89.485 -0.112131 0.992902 0.0400429 4.12625 -0.983221 -0.10501 -0.149402 104.389
-0.140845 -0.0568576 0.988441 90.3407 -0.111683 0.992904 0.0412014 4.15814 -0.983748 -0.104584 -0.146194 104.274
-0.141075 -0.0594295 0.988256 91.211 -0.111154 0.992851 0.0438405 4.17273 -0.983776 -0.103659 -0.146671 104.149
-0.139197 -0.0607063 0.988446 92.0637 -0.111356 0.992763 0.045291 4.20626 -0.98402 -0.103761 -0.144947 104.029
-0.13825 -0.0611735 0.98855 92.9257 -0.112133 0.992655 0.0457476 4.23585 -0.984067 -0.104519 -0.144093 103.911
-0.138643 -0.0614539 0.988477 93.789 -0.112091 0.992648 0.0459928 4.26819 -0.984016 -0.104418 -0.14451 103.794
-0.137152 -0.0622306 0.988637 94.6506 -0.110738 0.992747 0.0471289 4.29825 -0.984379 -0.10301 -0.143048 103.673
-0.137102 -0.0627192 0.988613 95.503 -0.109684 0.992832 0.0477771 4.33121 -0.984503 -0.101879 -0.142997 103.549
-0.135643 -0.0628226 0.988808 96.362 -0.109692 0.99282 0.0480323 4.36081 -0.984706 -0.101943 -0.141559 103.43
-0.135744 -0.0624942 0.988814 97.2133 -0.109403 0.992865 0.0477326 4.39832 -0.984722 -0.101695 -0.141611 103.313
-0.133867 -0.0619551 0.989105 98.0621 -0.114656 0.992326 0.0466413 4.42192 -0.984383 -0.107157 -0.139942 103.2
-0.133057 -0.066037 0.98895 98.9149 -0.118238 0.991725 0.0503155 4.4616 -0.984068 -0.110231 -0.139762 103.09
-0.13344 -0.0681585 0.988755 99.753 -0.121381 0.991262 0.0519523 4.49735 -0.983635 -0.113077 -0.140545 102.986
-0.133839 -0.0678909 0.98872 100.598 -0.125233 0.990826 0.0510846 4.52314 -0.983096 -0.116978 -0.141112 102.873
-0.135785 -0.0667863 0.98853 101.431 -0.1294 0.990391 0.0491397 4.55436 -0.982292 -0.121237 -0.143121 102.766
-0.136376 -0.0665948 0.988461 102.262 -0.129551 0.990384 0.0488518 4.59558 -0.982188 -0.121388 -0.14369 102.649
-0.137021 -0.0666816 0.988366 103.086 -0.128915 0.990463 0.0489532 4.62534 -0.982184 -0.120702 -0.144309 102.535
-0.13804 -0.0669955 0.988203 103.902 -0.128066 0.990557 0.0492672 4.65954 -0.98215 -0.119749 -0.145315 102.418
-0.138497 -0.0671754 0.988127 104.724 -0.127248 0.99065 0.049514 4.6872 -0.982194 -0.118873 -0.145748 102.3
-0.139712 -0.067482 0.987936 105.532 -0.12674 0.990703 0.0497492 4.7178 -0.982086 -0.118254 -0.146964 102.189
-0.139891 -0.0673759 0.987917 106.341 -0.126036 0.990794 0.0497273 4.75565 -0.982153 -0.117551 -0.147093 102.075
-0.141861 -0.0675087 0.987628 107.14 -0.125816 0.990826 0.0496566 4.79335 -0.981897 -0.117209 -0.149052 101.965
-0.143451 -0.0678339 0.987375 107.937 -0.125756 0.990826 0.0498028 4.82747 -0.981675 -0.117017 -0.150664 101.854
-0.146587 -0.0681235 0.986895 108.725 -0.125928 0.99081 0.0496904 4.85844 -0.981188 -0.116988 -0.153817 101.738
-0.150544 -0.0687425 0.986256 109.503 -0.126108 0.990781 0.0498107 4.88549 -0.980567 -0.11687 -0.157823 101.621
-0.153464 -0.0687164 0.985808 110.283 -0.126195 0.990789 0.0494199 4.92168 -0.980102 -0.116814 -0.160719 101.498
-0.157224 -0.0688445 0.985206 111.055 -0.126337 0.990788 0.0490753 4.95582 -0.979489 -0.116746 -0.164471 101.375
-0.159659 -0.0690804 0.984798 111.832 -0.126487 0.990773 0.0489945 4.98861 -0.979075 -0.116735 -0.166921 101.249
-0.163003 -0.0694403 0.984225 112.6 -0.126621 0.990759 0.0489333 5.02243 -0.978508 -0.11664 -0.170287 101.121
-0.163836 -0.0655388 0.984355 113.363 -0.129731 0.990572 0.0443618 5.05411 -0.97796 -0.120427 -0.170792 100.997
-0.165904 -0.0657014 0.983997 114.118 -0.130009 0.990542 0.044221 5.08633 -0.977575 -0.120585 -0.172875 100.876
-0.169323 -0.0654627 0.983431 114.875 -0.128532 0.990753 0.0438215 5.1188 -0.977183 -0.118976 -0.176169 100.739
-0.171572 -0.0659858 0.983006 115.631 -0.128493 0.990746 0.0440807 5.1531 -0.976797 -0.11874 -0.178461 100.598
-0.175677 -0.0735881 0.981742 116.399 -0.129169 0.990321 0.0511188 5.18015 -0.975978 -0.117824 -0.183479 100.464
-0.177297 -0.0752068 0.981327 117.157 -0.129284 0.990231 0.0525339 5.21077 -0.97567 -0.117549 -0.185285 100.333
-0.179782 -0.0762006 0.9808 117.898 -0.129888 0.990122 0.0531177 5.23768 -0.975135 -0.117839 -0.1879 100.197
-0.181831 -0.0758835 0.980445 118.645 -0.130058 0.99013 0.0525155 5.28135 -0.974733 -0.117959 -0.189903 100.061
-0.184202 -0.0760216 0.979994 119.387 -0.130526 0.990083 0.052272 5.31769 -0.974225 -0.118279 -0.192295 99.9211
-0.187323 -0.0721003 0.979696 120.128 -0.127143 0.990709 0.048603 5.33902 -0.974077 -0.11545 -0.194747 99.7753
-0.188716 -0.0680091 0.979724 120.845 -0.126938 0.990937 0.044338 5.36292 -0.973836 -0.11599 -0.195636 99.6354
-0.191769 -0.0681489 0.979119 121.576 -0.127159 0.990919 0.0440677 5.39764 -0.97321 -0.116046 -0.19869 99.4921
-0.19382 -0.0696905 0.97861 122.315 -0.125976 0.991002 0.0456241 5.42922 -0.972958 -0.114433 -0.200852 99.3476
-0.19823 -0.0708273 0.977641 123.039 -0.126206 0.990944 0.0462037 5.45403 -0.972039 -0.114218 -0.205371 99.195
-0.203559 -0.0722401 0.976445 123.775 -0.12593 0.990941 0.0470614 5.47752 -0.970973 -0.113378 -0.210809 99.0346
-0.21015 -0.0727625 0.975006 124.495 -0.126542 0.990879 0.0466754 5.51789 -0.969488 -0.113563 -0.217437 98.8826
-0.218829 -0.0731111 0.973072 125.213 -0.127989 0.990743 0.0456577 5.54792 -0.967376 -0.114545 -0.226157 98.7222
-0.228422 -0.073345 0.970844 125.92 -0.129388 0.990617 0.0443989 5.58264 -0.964969 -0.115467 -0.235764 98.5568
-0.240645 -0.0736928 0.967864 126.632 -0.130823 0.990496 0.0428906 5.60981 -0.961801 -0.116291 -0.247994 98.3775
-0.252257 -0.0739533 0.964879 127.327 -0.131618 0.990448 0.0415058 5.63914 -0.958711 -0.116519 -0.259577 98.192
-0.264742 -0.074656 0.961477 128.034 -0.131943 0.990445 0.0405766 5.66651 -0.955294 -0.116111 -0.272058 97.9945
-0.275588 -0.0752256 0.958378 128.721 -0.132247 0.990439 0.0397164 5.69047 -0.952179 -0.115791 -0.282896 97.7874
-0.285787 -0.0757937 0.955344 129.412 -0.131936 0.990505 0.0391169 5.71759 -0.949212 -0.114858 -0.293068 97.5733
-0.295358 -0.0763496 0.952382 130.102 -0.131774 0.990548 0.0385454 5.74352 -0.9463 -0.114108 -0.302622 97.3496
-0.302686 -0.0769408 0.950033 130.779 -0.131288 0.990619 0.0384004 5.77155 -0.944049 -0.113098 -0.309942 97.1185
-0.309481 -0.0773397 0.947807 131.46 -0.132324 0.99051 0.0376203 5.79946 -0.9417 -0.113768 -0.316771 96.897
-0.313964 -0.0785581 0.946233 132.136 -0.131679 0.990561 0.0385485 5.82514 -0.940304 -0.112489 -0.321339 96.6661
-0.31702 -0.0800726 0.945085 132.807 -0.129481 0.990772 0.0405131 5.85533 -0.939585 -0.10952 -0.324456 96.4288
-0.318265 -0.0823203 0.944475 133.474 -0.125712 0.991108 0.0440249 5.87135 -0.939675 -0.104713 -0.325777 96.1937
-0.319344 -0.0826694 0.944079 134.142 -0.125069 0.991168 0.0444901 5.90794 -0.939396 -0.10386 -0.326856 95.9635
-0.319835 -0.0775937 0.944345 134.803 -0.122577 0.991673 0.0399696 5.93018 -0.939557 -0.102964 -0.326676 95.7362
-0.31816 -0.0774573 0.944921 135.45 -0.122372 0.991693 0.0400908 5.95724 -0.940153 -0.10287 -0.324989 95.5151
-0.317986 -0.0780578 0.94493 136.1 -0.121217 0.991793 0.0411392 5.97865 -0.940361 -0.101453 -0.324831 95.2948
-0.316085 -0.0788633 0.945501 136.747 -0.120203 0.991855 0.0425485 6.00895 -0.941133 -0.100196 -0.322983 95.0754
-0.315015 -0.0797487 0.945785 137.387 -0.119228 0.991914 0.0439285 6.03638 -0.941615 -0.0989196 -0.321969 94.86
-0.313055 -0.0804967 0.946371 138.02 -0.119728 0.991815 0.04476 6.06213 -0.942205 -0.0992876 -0.320124 94.6504
-0.310948 -0.0787381 0.947214 138.654 -0.118114 0.992058 0.0436935 6.08849 -0.943106 -0.0982864 -0.317772 94.4444
-0.307653 -0.0792078 0.948249 139.274 -0.117712 0.992061 0.0446797 6.11519 -0.944237 -0.0978673 -0.314528 94.2456
-0.301854 -0.0801404 0.950034 139.898 -0.117328 0.992028 0.0464059 6.14142 -0.946154 -0.0974515 -0.308843 94.0418
-0.297187 -0.0813981 0.951397 140.505 -0.116883 0.991986 0.0483632 6.16899 -0.947686 -0.0968227 -0.304313 93.8522
-0.291842 -0.0828069 0.95293 141.125 -0.117259 0.991847 0.0502791 6.19504 -0.949299 -0.0970591 -0.299166 93.6606
-0.287981 -0.0839285 0.954006 141.735 -0.11723 0.991769 0.0518662 6.22193 -0.950482 -0.0968947 -0.295443 93.4806
-0.284763 -0.0852141 0.954858 142.333 -0.117152 0.991688 0.0535652 6.24991 -0.95146 -0.0966031 -0.292373 93.3002
-0.280723 -0.0861842 0.955966 142.942 -0.116396 0.991686 0.0552274 6.28348 -0.952754 -0.0957602 -0.288414 93.1162
-0.277795 -0.0879054 0.956665 143.534 -0.115819 0.991625 0.0574881 6.30714 -0.953681 -0.0948238 -0.285643 92.9428
-0.273991 -0.0889227 0.957666 144.128 -0.11653 0.991469 0.0587247 6.34212 -0.954695 -0.0955 -0.28201 92.7722
-0.270446 -0.0890522 0.958663 144.716 -0.117814 0.99131 0.0588505 6.37286 -0.955548 -0.0970216 -0.278582 92.6096
-0.266855 -0.0894684 0.959629 145.292 -0.117438 0.991299 0.0597671 6.40422 -0.956604 -0.0967404 -0.275034 92.4505
-0.260923 -0.0901332 0.961199 145.868 -0.116661 0.991299 0.0612896 6.4409 -0.958334 -0.0961355 -0.269161 92.2906
-0.255138 -0.0911412 0.962653 146.439 -0.117137 0.991148 0.0627965 6.47607 -0.959832 -0.0967337 -0.26355 92.143
-0.246283 -0.0927288 0.964808 147.017 -0.117382 0.990959 0.0652807 6.51164 -0.962113 -0.0971664 -0.254935 92.002
-0.236115 -0.0941276 0.967209 147.586 -0.116799 0.99085 0.0679184 6.54435 -0.964729 -0.0969256 -0.244944 91.8683
-0.223437 -0.095479 0.970086 148.153 -0.115674 0.990775 0.0708745 6.5778 -0.967879 -0.0963714 -0.232415 91.7364
-0.210476 -0.0967745 0.972852 148.721 -0.114662 0.990684 0.0737444 6.61682 -0.970901 -0.0960204 -0.219607 91.6161
-0.195499 -0.0976409 0.975887 149.286 -0.113906 0.990577 0.0762943 6.6539 -0.974115 -0.0962366 -0.204774 91.5065
-0.176986 -0.0982942 0.979347 149.854 -0.112153 0.990553 0.0791538 6.69573 -0.977852 -0.0958207 -0.186335 91.4104
-0.156534 -0.0989985 0.982754 150.417 -0.11026 0.990516 0.0822203 6.73811 -0.981547 -0.0954816 -0.165961 91.3229
-0.134238 -0.0993873 0.986007 150.977 -0.108493 0.99047 0.0850698 6.78867 -0.985042 -0.0955478 -0.143739 91.254
-0.112078 -0.0997265 0.988738 151.535 -0.106862 0.990411 0.0877842 6.84592 -0.987985 -0.0958131 -0.121658 91.202
