1 0 0 0 0 1 0 0 0 0 1 0
0.999039 -0.000157636 0.0438409 0.0344692 0.00012902 1 0.00065798 -0.00643533 -0.0438409 -0.000651689 0.999039 0.999007
0.995904 -0.000231492 0.0904265 0.114204 4.18457e-05 0.999998 0.00209955 -0.0157879 -0.0904269 -0.00208709 0.995901 2.02269
0.990876 -0.000572543 0.134783 0.236631 0.000624463 0.999997 -0.000342465 -0.0184838 -0.134783 0.000423446 0.990874 2.98505
0.983131 -0.000182643 0.182911 0.401523 0.000890816 0.99999 -0.00378947 -0.017094 -0.182909 0.00388861 0.983122 3.98993
0.973738 -0.00108519 0.227676 0.609441 0.00155904 0.999996 -0.00190133 -0.0485209 -0.227672 0.00220643 0.973735 4.93823
0.961908 -0.00117435 0.273373 0.866666 0.0017175 0.999995 -0.00174765 -0.0536099 -0.27337 0.00215066 0.961905 5.89139
0.947721 -0.00130966 0.319098 1.1838 0.00209698 0.999994 -0.00212369 -0.0732192 -0.319093 0.00268193 0.947717 6.86311
0.932807 -0.00173604 0.360376 1.51727 0.00272303 0.999992 -0.00223126 -0.0939216 -0.36037 0.00306264 0.932804 7.75974
0.915141 -0.00173196 0.403131 1.89531 0.00276887 0.999992 -0.00198905 -0.0745643 -0.403125 0.00293644 0.915138 8.67161
0.894927 -0.00228451 0.446213 2.33394 0.00296731 0.999993 -0.000831672 -0.085188 -0.446208 0.00206842 0.894927 9.58281
0.873434 -0.00278325 0.486938 2.78227 0.0031417 0.999993 8.06761e-05 -0.0955556 -0.486934 0.0014593 0.873436 10.4316
0.848409 -0.00281966 0.52934 3.29806 0.00298887 0.999993 0.000536249 -0.0938585 -0.529338 0.00112723 0.848411 11.2958
0.823153 -0.00303815 0.567819 3.82688 0.00289553 0.999993 0.00115309 -0.103498 -0.567819 0.000694747 0.823155 12.0905
0.795519 -0.0035255 0.605924 4.41301 0.00304585 0.999992 0.00181942 -0.122854 -0.605926 0.000398192 0.795522 12.869
0.765556 -0.0033557 0.643368 5.03522 0.00307408 0.999991 0.00155808 -0.103407 -0.643368 0.000784613 0.765559 13.638
0.735414 -0.0047229 0.677605 5.66218 0.00291625 0.999985 0.00380464 -0.128706 -0.677613 -0.000821913 0.735418 14.3416
0.702961 -0.00495459 0.711219 6.33357 0.00301259 0.999983 0.00398874 -0.113091 -0.711229 -0.000661565 0.702963 15.0294
0.668327 -0.00518375 0.743848 7.05404 0.00288173 0.999983 0.00437937 -0.108037 -0.743859 -0.000783337 0.668331 15.6894
0.632259 -0.00816125 0.774722 7.79493 0.00785649 0.999957 0.00412236 -0.121752 -0.774724 0.00347978 0.632294 16.3136
0.595107 -0.00889735 0.803595 8.56302 0.0085548 0.999949 0.00473593 -0.116823 -0.803597 0.00405621 0.595153 16.889
0.557502 -0.0107075 0.830114 9.33196 0.0137237 0.999895 0.00368095 -0.106277 -0.830069 0.00933966 0.557589 17.4382
0.518413 -0.00676481 0.855101 10.1347 0.0140166 0.999897 -0.000587342 -0.119971 -0.855012 0.0122901 0.518455 17.9382
0.479222 -0.00633394 0.87768 10.9691 0.0154063 0.999878 -0.00119601 -0.130407 -0.877565 0.0140944 0.47926 18.4155
0.440692 -0.00673115 0.897632 11.8298 0.0155345 0.999875 -0.000128757 -0.147264 -0.897521 0.014001 0.440742 18.8455
0.403647 -0.00808563 0.91489 12.7031 0.0171044 0.999851 0.00129045 -0.178999 -0.914763 0.0151273 0.403723 19.2414
0.368052 -0.00926892 0.929758 13.6066 0.0180601 0.999829 0.00281814 -0.198161 -0.929627 0.0157542 0.368156 19.6018
0.33405 -0.00978892 0.942515 14.5245 0.0177764 0.999832 0.00408413 -0.192898 -0.942397 0.0153896 0.334166 19.9338
0.299797 -0.0109133 0.953941 15.4732 0.0177027 0.999822 0.00587466 -0.19507 -0.953838 0.015126 0.299937 20.237
0.267183 -0.0111114 0.963593 16.4172 0.0177822 0.999819 0.00659886 -0.193779 -0.963491 0.0153711 0.26733 20.5119
0.234592 -0.0112574 0.97203 17.3898 0.0173847 0.999818 0.00738352 -0.177534 -0.971937 0.0151664 0.234745 20.7638
0.202823 -0.0114395 0.979159 18.3871 0.0168628 0.999823 0.00818832 -0.176906 -0.979079 0.01485 0.202978 20.9801
0.17319 -0.0123371 0.984812 19.3695 0.0168874 0.999808 0.00955494 -0.187396 -0.984742 0.0149761 0.173365 21.1664
0.142341 -0.0130488 0.989742 20.3768 0.0168847 0.999798 0.0107535 -0.187242 -0.989682 0.0151802 0.142531 21.3206
0.111079 -0.0140579 0.993712 21.429 0.0166297 0.999782 0.0122846 -0.163993 -0.993671 0.0151606 0.111288 21.4504
0.0821351 -0.0146449 0.996524 22.4761 0.0161642 0.999778 0.0133607 -0.161065 -0.996499 0.0150101 0.082352 21.5455
0.0541781 -0.0153085 0.998414 23.5516 0.0158744 0.999766 0.0144673 -0.164387 -0.998403 0.0150655 0.0544078 21.6127
0.0300682 -0.015825 0.999434 24.6223 0.0156783 0.999757 0.0153588 -0.16792 -0.999434 0.015207 0.0303074 21.6522
0.00760877 -0.0166829 0.999832 25.709 0.0155287 0.999738 0.0165627 -0.158765 -0.999849 0.0154002 0.0078652 21.6658
-0.0140976 -0.0175503 0.999758 26.8233 0.0215681 0.999606 0.017852 -0.153836 -0.999678 0.0218138 -0.013715 21.6518
-0.0315761 -0.0183579 0.999333 27.9333 0.0274774 0.999434 0.0192275 -0.124092 -0.999122 0.0280664 -0.0310545 21.6084
-0.0475111 -0.0188352 0.998704 29.0586 0.0274673 0.999418 0.0201555 -0.107193 -0.998503 0.0283885 -0.0469675 21.5596
-0.0630711 -0.0197853 0.997813 30.1981 0.0275534 0.999384 0.0215576 -0.0917026 -0.997627 0.0288531 -0.0624879 21.4906
-0.0754329 -0.0204104 0.996954 31.3348 0.0273485 0.99937 0.0225293 -0.0601076 -0.996786 0.0289639 -0.0748286 21.409
-0.0874992 -0.0203508 0.995956 32.4807 0.0270296 0.999371 0.0227947 -0.0380076 -0.995796 0.0289151 -0.0868948 21.3198
-0.0999543 -0.0197816 0.994809 33.6375 0.0266153 0.99939 0.0225471 -0.0155962 -0.994648 0.0287298 -0.0993682 21.2213
-0.109458 -0.0201232 0.993786 34.8019 0.0263002 0.999383 0.0231327 0.00557666 -0.993641 0.0286692 -0.108862 21.1006
-0.119648 -0.0197037 0.992634 36.0087 0.0259296 0.999398 0.0229635 0.0273839 -0.99249 0.0284852 -0.119066 20.9737
-0.126282 -0.0194855 0.991802 37.2224 0.0255035 0.99941 0.0228815 0.0569689 -0.991665 0.0281842 -0.125711 20.8206
-0.132327 -0.01939 0.991029 38.463 0.0251483 0.999419 0.0229121 0.085569 -0.9909 0.0279537 -0.131763 20.6612
-0.138401 -0.0196165 0.990181 39.7285 0.0248734 0.999416 0.0232753 0.102478 -0.990063 0.0278508 -0.137833 20.4979
-0.14194 -0.0190188 0.989705 41.0032 0.0245523 0.999438 0.022727 0.137294 -0.989583 0.0275246 -0.141395 20.3167
-0.145848 -0.0190961 0.989122 42.3141 0.0245269 0.999434 0.0229109 0.159945 -0.989002 0.027602 -0.145298 20.1291
-0.149939 -0.0192365 0.988521 43.6436 0.0244596 0.99943 0.0231589 0.189455 -0.988405 0.0276504 -0.149385 19.9401
-0.151414 -0.0214184 0.988238 44.9861 0.0246124 0.999371 0.0254297 0.225319 -0.988164 0.0281737 -0.150792 19.7433
-0.153534 -0.0219984 0.987911 46.3563 0.0244934 0.999357 0.0260601 0.259425 -0.987853 0.0281975 -0.152898 19.5384
-0.15694 -0.0233214 0.987333 47.7552 0.0246026 0.999316 0.0275142 0.28197 -0.987302 0.0286094 -0.15626 19.3352
-0.156547 -0.0236562 0.9874 49.1646 0.0244548 0.999311 0.0278191 0.329866 -0.987381 0.0285007 -0.155862 19.1137
-0.158147 -0.0246426 0.987109 50.594 0.0245811 0.999278 0.028884 0.353884 -0.987111 0.0288324 -0.157427 18.8894
-0.156553 -0.0243924 0.987382 52.0438 0.024377 0.999293 0.028552 0.405568 -0.987382 0.0285383 -0.155849 18.6625
-0.156132 -0.024324 0.987438 53.5154 0.0242718 0.999298 0.0284534 0.442258 -0.98744 0.0284097 -0.155433 18.4389
-0.156606 -0.024843 0.987362 54.9994 0.0243447 0.999281 0.0290046 0.484046 -0.987375 0.0285783 -0.15589 18.2142
-0.154162 -0.0257047 0.987713 56.5204 0.0242171 0.999261 0.0297845 0.534435 -0.987751 0.0285115 -0.153426 17.979
-0.15314 -0.0253228 0.987894 58.0542 0.0248229 0.999256 0.0294624 0.571064 -0.987907 0.0290332 -0.152399 17.7406
-0.153996 -0.0248809 0.987761 59.5971 0.0246396 0.999273 0.0290119 0.616251 -0.987768 0.028806 -0.153271 17.4948
-0.151706 -0.0247487 0.988131 61.1837 0.0251803 0.999264 0.0288941 0.656872 -0.98812 0.0292637 -0.150973 17.2533
-0.152446 -0.0249699 0.987999 62.7757 0.0247753 0.999268 0.0290771 0.712448 -0.988004 0.028911 -0.151716 17.0057
-0.152155 -0.0269822 0.988003 64.4205 0.0258076 0.999177 0.0312625 0.758752 -0.988034 0.0302536 -0.151335 16.7565
-0.151316 -0.027909 0.988095 66.0494 0.0270919 0.999107 0.0323686 0.818833 -0.988118 0.0316675 -0.150425 16.5069
-0.152521 -0.0276426 0.987928 67.6827 0.0279667 0.999087 0.0322731 0.861803 -0.98792 0.0325502 -0.15161 16.2637
-0.150626 -0.0275587 0.988211 69.3418 0.0287898 0.999064 0.0322493 0.914618 -0.988176 0.0333082 -0.149692 16.0117
-0.150017 -0.0277691 0.988308 71.0151 0.0286577 0.999063 0.032422 0.972654 -0.988283 0.0331853 -0.149082 15.768
-0.151413 -0.0281723 0.988074 72.6886 0.0292625 0.999027 0.0329684 1.0199 -0.988042 0.0339056 -0.150441 15.5285
-0.149826 -0.0293808 0.988292 74.399 0.0290004 0.998997 0.0340963 1.08286 -0.988303 0.0337681 -0.148825 15.2691
-0.15113 -0.0297988 0.988069 76.0994 0.0301164 0.998942 0.0347328 1.12225 -0.98806 0.0350065 -0.150073 15.0192
-0.149746 -0.0295988 0.988297 77.8471 0.0308353 0.998925 0.03459 1.18499 -0.98826 0.0356529 -0.148673 14.7586
-0.15014 -0.0293209 0.988235 79.601 0.0312572 0.998919 0.0343864 1.23893 -0.988176 0.0360524 -0.149062 14.5021
-0.152183 -0.0287557 0.98795 81.3506 0.0310058 0.998945 0.0338526 1.29611 -0.987883 0.0357827 -0.151132 14.2536
-0.152239 -0.0285309 0.987938 83.1351 0.0305636 0.998969 0.0335589 1.34981 -0.987877 0.0353041 -0.151211 13.9769
-0.153445 -0.0283553 0.987767 84.9268 0.0303069 0.998982 0.0333862 1.40511 -0.98771 0.0350578 -0.152431 13.7007
-0.156014 -0.0288187 0.98734 86.7268 0.0294126 0.998995 0.0338062 1.45755 -0.987323 0.0343146 -0.15501 13.4367
-0.155506 -0.0291135 0.987422 88.5469 0.0293265 0.998988 0.0340741 1.50886 -0.987418 0.034255 -0.154496 13.1498
-0.155731 -0.0292837 0.987372 90.3802 0.0283547 0.999016 0.0341009 1.58385 -0.987399 0.0333073 -0.154748 12.8711
-0.159672 -0.0286633 0.98677 92.2248 0.0282717 0.999035 0.0335953 1.6365 -0.986783 0.0332605 -0.158709 12.5947
-0.160883 -0.0278524 0.986587 94.0926 0.0279733 0.999071 0.032766 1.7038 -0.986584 0.0328696 -0.159955 12.2926
-0.166418 -0.0276217 0.985685 95.9593 0.0279935 0.999072 0.0327242 1.75581 -0.985676 0.0330372 -0.165491 11.9952
-0.168808 -0.0285205 0.985244 97.8555 0.0266998 0.999082 0.0334952 1.81717 -0.985294 0.0319602 -0.167893 11.6834
-0.173454 -0.0288204 0.984437 99.7566 0.0255416 0.999104 0.0337512 1.88424 -0.984529 0.0309969 -0.172563 11.3694
-0.179717 -0.0283959 0.983317 101.663 0.025093 0.999126 0.033438 1.94352 -0.983405 0.0306838 -0.178848 11.0419
-0.182703 -0.0276349 0.982797 103.579 0.0250517 0.999149 0.0327529 1.99936 -0.982868 0.0306033 -0.181857 10.6952
-0.187498 -0.0260541 0.981927 105.496 0.0246995 0.999207 0.0312284 2.05708 -0.981961 0.0301084 -0.186707 10.3454
-0.194243 -0.0253556 0.980643 107.427 0.0242994 0.999235 0.0306505 2.11615 -0.980672 0.0297813 -0.193479 9.98445
-0.197908 -0.0247169 0.979917 109.373 0.0237315 0.999268 0.0299974 2.17244 -0.979941 0.0291916 -0.197177 9.6117
-0.204901 -0.0259077 0.978459 111.323 0.023123 0.999244 0.0313012 2.22222 -0.978529 0.0290371 -0.204148 9.22846
-0.208833 -0.0267559 0.977593 113.275 0.0226168 0.999226 0.032179 2.27601 -0.977697 0.0288301 -0.208067 8.82126
-0.214439 -0.0264326 0.976399 115.243 0.0224684 0.999237 0.0319864 2.3333 -0.976499 0.0287957 -0.213682 8.40684
-0.221541 -0.0253657 0.97483 117.217 0.02299 0.999248 0.0312254 2.3906 -0.974887 0.0293291 -0.220791 7.97936
-0.225595 -0.0246515 0.973928 119.202 0.0226995 0.999277 0.0305519 2.45632 -0.973977 0.0289987 -0.224873 7.52628
-0.231516 -0.0247913 0.972524 121.19 0.0229217 0.999259 0.0309291 2.51007 -0.972569 0.0294526 -0.230776 7.06785
-0.239484 -0.0253776 0.970588 123.18 0.0221841 0.999256 0.0316017 2.57132 -0.970667 0.0290984 -0.238743 6.60156
-0.242517 -0.0255741 0.96982 125.18 0.0213387 0.999271 0.0316865 2.63038 -0.96992 0.0283793 -0.241795 6.1047
-0.249719 -0.0257535 0.967996 127.168 0.0203912 0.999286 0.0318473 2.69105 -0.968124 0.0276901 -0.249016 5.6208
-0.252595 -0.026972 0.967207 129.181 0.0207598 0.99923 0.0332864 2.75546 -0.967358 0.0284872 -0.251841 5.09793
-0.257231 -0.0307593 0.96588 131.194 0.0210731 0.999077 0.0374296 2.81379 -0.966141 0.0299807 -0.256346 4.57655
-0.263796 -0.0308558 0.964097 133.207 0.0208885 0.999071 0.0376906 2.88148 -0.964363 0.0300814 -0.262907 4.06077
-0.264627 -0.0315395 0.963855 135.249 0.0201876 0.999065 0.0382352 2.95359 -0.96416 0.0295746 -0.263744 3.51239
-0.267725 -0.0319927 0.962976 137.286 0.0190383 0.999078 0.038485 3.02636 -0.963318 0.028637 -0.26687 2.96706
-0.274182 -0.0320446 0.961164 139.311 0.0177838 0.999105 0.0383835 3.08828 -0.961534 0.0276158 -0.273368 2.40979
-0.275839 -0.0319566 0.960685 141.378 0.016737 0.999136 0.0380412 3.16021 -0.961069 0.0265724 -0.275066 1.82988
-0.281815 -0.0323686 0.958943 143.429 0.0157608 0.99914 0.0383583 3.23845 -0.959361 0.0259221 -0.281063 1.26571
-0.285031 -0.0352873 0.957881 145.485 0.015252 0.999029 0.0413416 3.30335 -0.958408 0.0263934 -0.284216 0.672837
-0.290099 -0.0374978 0.956283 147.559 0.0139315 0.998962 0.0433986 3.36499 -0.956918 0.0259107 -0.289275 0.0635799
-0.296413 -0.0381911 0.954309 149.636 0.0137937 0.998925 0.0442609 3.43935 -0.954972 0.0262831 -0.295568 -0.562644
-0.298985 -0.0392737 0.953471 151.7 0.0133304 0.998884 0.0453255 3.52697 -0.954188 0.0262602 -0.298127 -1.19485
-0.303121 -0.0396514 0.95214 153.782 0.0129545 0.998871 0.0457216 3.61155 -0.952876 0.0261938 -0.302266 -1.84994
-0.308039 -0.0390553 0.950594 155.905 0.013318 0.998883 0.0453564 3.69489 -0.951305 0.0266298 -0.307175 -2.52748
-0.309602 -0.0377823 0.95013 157.973 0.0133343 0.99894 0.0440682 3.78081 -0.950786 0.026313 -0.308771 -3.19285
-0.313243 -0.0363833 0.948999 160.08 0.0137643 0.998988 0.0428444 3.86704 -0.949598 0.0264813 -0.312426 -3.86838
-0.318921 -0.0359293 0.947115 162.192 0.014169 0.99899 0.0426681 3.95335 -0.947689 0.0270275 -0.31809 -4.56241
-0.321113 -0.0348032 0.946426 164.282 0.0143139 0.999034 0.0415957 4.04111 -0.946959 0.0269022 -0.320304 -5.24514
-0.326627 -0.0350371 0.944518 166.4 0.0135158 0.999039 0.0417336 4.12908 -0.945071 0.0263974 -0.325841 -5.94656
-0.328706 -0.0352868 0.943797 168.515 0.0132292 0.999033 0.0419608 4.21454 -0.944366 0.0262767 -0.327922 -6.67938
-0.332608 -0.0350947 0.942427 170.641 0.0136366 0.999026 0.0420151 4.29705 -0.942981 0.0268262 -0.331806 -7.41588
-0.33792 -0.0344031 0.940571 172.78 0.0145588 0.999023 0.0417731 4.37227 -0.941089 0.0278077 -0.337089 -8.16413
-0.338398 -0.0341672 0.940398 174.916 0.0152039 0.999013 0.0417678 4.45731 -0.940895 0.0284319 -0.337546 -8.92659
-0.341171 -0.0351738 0.939368 177.062 0.0146091 0.998983 0.0427133 4.53682 -0.939915 0.028294 -0.34031 -9.6837
-0.346459 -0.0351941 0.93742 179.214 0.0137173 0.999001 0.0425759 4.63213 -0.937981 0.0276098 -0.345631 -10.4456
-0.34671 -0.0346829 0.937355 181.363 0.0132634 0.999038 0.0418723 4.7286 -0.937906 0.0269482 -0.345915 -11.2098
-0.349983 -0.0337283 0.936165 183.531 0.012886 0.999086 0.0408127 4.80884 -0.936684 0.0263474 -0.349229 -11.9965
-0.355807 -0.0334264 0.933987 185.696 0.0119371 0.999119 0.0403064 4.91007 -0.934511 0.0254885 -0.355094 -12.8002
-0.357143 -0.0333548 0.933471 187.85 0.0112092 0.99914 0.0399899 5.00064 -0.933999 0.0247457 -0.356462 -13.6123
-0.363187 -0.0330487 0.931156 190.029 0.0108392 0.999156 0.0396913 5.08092 -0.931681 0.0245065 -0.362522 -14.43
-0.364795 -0.034222 0.930475 192.188 0.0105279 0.999111 0.0408739 5.17723 -0.931045 0.0247068 -0.364111 -15.2658
-0.368534 -0.0351857 0.928975 194.374 0.0103672 0.999069 0.0419547 5.26806 -0.929586 0.0250906 -0.367826 -16.115
-0.374567 -0.035673 0.926531 196.576 0.0103182 0.99904 0.0426363 5.35496 -0.92716 0.0255305 -0.373839 -16.9743
-0.376908 -0.0368379 0.925546 198.748 0.0103828 0.998981 0.0439905 5.45885 -0.926223 0.0261881 -0.376141 -17.8429
-0.380699 -0.0364623 0.923998 200.935 0.00995745 0.999005 0.043525 5.55922 -0.924663 0.0257708 -0.379957 -18.7196
-0.385473 -0.0363958 0.922029 203.139 0.0095921 0.999013 0.0434464 5.65119 -0.922699 0.0255895 -0.384743 -19.6118
-0.386385 -0.035236 0.921682 205.331 0.00967562 0.999063 0.0422507 5.73634 -0.922305 0.0252431 -0.385681 -20.5196
-0.390947 -0.0354288 0.919759 207.537 0.00956505 0.999051 0.0425504 5.82932 -0.920393 0.0254303 -0.390237 -21.4227
-0.391229 -0.0347592 0.919655 209.726 0.00980827 0.999075 0.0419336 5.92678 -0.92026 0.0254261 -0.390525 -22.3421
-0.393729 -0.0344223 0.91861 211.919 0.00990459 0.999085 0.0416848 6.01764 -0.919203 0.0255088 -0.393028 -23.269
-0.398909 -0.0350057 0.91634 214.104 0.00924942 0.999069 0.0421928 6.10486 -0.916963 0.0253069 -0.398212 -24.2173
-0.399176 -0.0361321 0.916191 216.293 0.00877291 0.99903 0.043223 6.20256 -0.916862 0.025289 -0.398471 -25.1581
-0.401804 -0.0357159 0.915047 218.48 0.00807935 0.999065 0.0425432 6.29165 -0.91571 0.0244872 -0.401138 -26.1058
-0.40714 -0.0348682 0.91273 220.683 0.00766586 0.999108 0.0415892 6.37788 -0.913364 0.0239272 -0.406509 -27.0816
-0.409627 -0.0350836 0.911596 222.829 0.00627088 0.999132 0.0412703 6.46796 -0.912252 0.0226222 -0.409049 -28.0215
-0.412451 -0.0346036 0.910352 225.018 0.00621068 0.999151 0.0407945 6.54972 -0.91099 0.0224775 -0.411886 -29.0033
-0.418392 -0.0385264 0.907467 227.21 0.00638213 0.998954 0.045353 6.63875 -0.908266 0.0247672 -0.417706 -30.0159
-0.420261 -0.0420532 0.906461 229.351 0.00514217 0.998803 0.0487231 6.72839 -0.907422 0.0251355 -0.419541 -30.9915
-0.425503 -0.0436531 0.903921 231.54 0.00442572 0.998728 0.0503148 6.836 -0.904967 0.02541 -0.424766 -32.0152
-0.426234 -0.0433901 0.903605 233.721 0.00403307 0.998752 0.0498631 6.94707 -0.904638 0.0248955 -0.425527 -33.0145
-0.429348 -0.0432495 0.902121 235.902 0.00337034 0.998773 0.0494871 7.06022 -0.903155 0.0242881 -0.428673 -34.0297
-0.435594 -0.0444112 0.899081 238.083 0.00296922 0.99871 0.0507728 7.17725 -0.900173 0.0247836 -0.4349 -35.0641
-0.436881 -0.0444195 0.898441 240.245 0.00262625 0.998717 0.0506543 7.28703 -0.899538 0.0244899 -0.436202 -36.0877
-0.440548 -0.0450772 0.896631 242.413 0.00219852 0.998686 0.0512899 7.4007 -0.897761 0.0245646 -0.43987 -37.1314
-0.447615 -0.0490688 0.892899 244.576 0.000873417 0.998473 0.0553082 7.51379 -0.89425 0.025537 -0.446886 -38.1952
-0.449709 -0.0489589 0.891868 246.735 -0.000680697 0.99852 0.0544721 7.64009 -0.893211 0.0238871 -0.449076 -39.2566
-0.453507 -0.0489896 0.889926 248.888 -0.000543425 0.998508 0.0546899 7.75268 -0.891276 0.024319 -0.452855 -40.327
-0.459383 -0.0488098 0.886932 251.035 -0.000466392 0.998506 0.0547103 7.86841 -0.888275 0.0247169 -0.458719 -41.4204
-0.461724 -0.0495234 0.885661 253.15 -0.00209351 0.998503 0.0547418 7.97812 -0.887045 0.0234218 -0.461134 -42.5194
-0.466386 -0.0500163 0.883203 255.308 -0.00339345 0.998499 0.0547554 8.08947 -0.884613 0.0225377 -0.465854 -43.6114
-0.467971 -0.0493801 0.882385 257.438 -0.00329477 0.998533 0.0541327 8.208 -0.883762 0.0224255 -0.467444 -44.7351
-0.47164 -0.0491485 0.880457 259.574 -0.003486 0.998546 0.0538748 8.32648 -0.881823 0.022338 -0.471124 -45.8586
-0.476189 -0.0486596 0.878017 261.724 -0.00345484 0.998568 0.053467 8.43501 -0.879361 0.0224273 -0.475673 -46.9907
-0.478414 -0.0480069 0.87686 263.836 -0.00330838 0.998601 0.052869 8.54673 -0.878168 0.0223898 -0.477901 -48.1335
-0.481063 -0.047998 0.875393 265.959 -0.00333339 0.998598 0.0529216 8.67487 -0.876705 0.0225408 -0.480545 -49.2865
-0.485465 -0.0474117 0.873008 268.102 -0.00367611 0.998635 0.0521921 8.81266 -0.874289 0.0221257 -0.484975 -50.4497
-0.48612 -0.0497557 0.872497 270.205 -0.00457517 0.998514 0.0543932 8.93661 -0.873906 0.02245 -0.485622 -51.6134
-0.491065 -0.0501186 0.869718 272.349 -0.00535835 0.998503 0.0545166 9.06053 -0.871147 0.0221085 -0.490596 -52.8047
-0.492362 -0.0494869 0.869005 274.48 -0.00535879 0.99854 0.0538276 9.18056 -0.870401 0.021846 -0.491906 -53.9823
-0.495657 -0.0493097 0.867157 276.628 -0.00570029 0.998555 0.0535254 9.30847 -0.868541 0.0215848 -0.49522 -55.1909
-0.502263 -0.0491868 0.863338 278.771 -0.00563858 0.99855 0.0536103 9.42698 -0.864724 0.0220587 -0.501809 -56.4109
-0.503717 -0.0491367 0.86251 280.927 -0.00615914 0.998565 0.0532928 9.55836 -0.863889 0.0215298 -0.503295 -57.651
-0.50661 -0.0494383 0.86078 283.092 -0.00655545 0.998551 0.0534932 9.69816 -0.862178 0.0214575 -0.506197 -58.9084
-0.512433 -0.0499604 0.857313 285.255 -0.00653169 0.998509 0.0542869 9.81831 -0.858745 0.0222163 -0.511994 -60.1589
-0.512923 -0.0498528 0.857009 287.427 -0.00568158 0.998492 0.0546828 9.9385 -0.858444 0.023179 -0.51243 -61.4456
-0.514892 -0.0506646 0.855798 289.595 -0.00549569 0.998431 0.0558048 10.0701 -0.857282 0.0240278 -0.51436 -62.7355
-0.521317 -0.0511255 0.851854 291.735 -0.00590388 0.9984 0.056308 10.2127 -0.853372 0.0243252 -0.520782 -64.0313
-0.521595 -0.0515447 0.851676 293.923 -0.00603594 0.998376 0.056729 10.357 -0.853216 0.0244464 -0.521058 -65.3384
-0.525442 -0.0524359 0.849236 296.135 -0.00622669 0.998314 0.0577882 10.4943 -0.850837 0.0250767 -0.524878 -66.6846
-0.525909 -0.0524429 0.848965 298.327 -0.00584241 0.998302 0.058051 10.6317 -0.850565 0.025567 -0.525321 -68.0454
-0.527673 -0.052128 0.847871 300.526 -0.00620345 0.99833 0.0575179 10.7793 -0.849455 0.025091 -0.527112 -69.3962
-0.531839 -0.0517428 0.845306 302.729 -0.00661922 0.99836 0.0569496 10.9312 -0.846865 0.0246902 -0.531308 -70.7827
-0.532531 -0.0508837 0.844906 304.914 -0.00643955 0.998411 0.0560702 11.0755 -0.846417 0.0244184 -0.532009 -72.1204
-0.536874 -0.0513847 0.842141 307.139 -0.00719655 0.998391 0.0563337 11.2205 -0.843679 0.0241811 -0.536378 -73.4996
-0.543915 -0.0520298 0.837552 309.381 -0.00822856 0.998364 0.0566764 11.3755 -0.839132 0.0239354 -0.543449 -74.9072
-0.546349 -0.052617 0.835947 311.602 -0.00854213 0.998328 0.0572579 11.516 -0.837561 0.0241395 -0.545884 -76.3124
-0.550625 -0.0523998 0.833133 313.826 -0.00866788 0.998338 0.0570623 11.6631 -0.83474 0.0241984 -0.550161 -77.7484
-0.556966 -0.0524934 0.82892 316.058 -0.00816684 0.998304 0.0577356 11.7952 -0.830543 0.0253846 -0.556449 -79.1928
-0.558157 -0.0523484 0.82811 318.272 -0.00741207 0.998288 0.0581109 11.9428 -0.829735 0.0262971 -0.557586 -80.6718
-0.564609 -0.0524888 0.823733 320.489 -0.00688685 0.998246 0.0588914 12.0902 -0.825378 0.0275751 -0.563979 -82.1531
-0.565046 -0.0527661 0.823399 322.699 -0.00620292 0.998202 0.0597119 12.2375 -0.825071 0.0286326 -0.564353 -83.6535
-0.568732 -0.0537887 0.820809 324.917 -0.00726217 0.998155 0.0603814 12.3828 -0.82254 0.0283774 -0.568072 -85.1595
-0.576357 -0.0550034 0.815373 327.105 -0.00826066 0.998079 0.0614895 12.5326 -0.817191 0.0287044 -0.575699 -86.6967
-0.578159 -0.0554662 0.814085 329.304 -0.00839128 0.998044 0.0620435 12.6933 -0.815932 0.0290371 -0.577492 -88.2264
-0.582158 -0.0555517 0.811204 331.506 -0.00766907 0.998 0.0628403 12.8463 -0.813074 0.0303618 -0.581416 -89.7667
-0.589326 -0.0562005 0.805989 333.672 -0.00864983 0.997965 0.0632651 12.9984 -0.807903 0.0303096 -0.588611 -91.3312
-0.589573 -0.0587084 0.805608 335.896 -0.0105195 0.997835 0.0650185 13.1552 -0.807682 0.0298585 -0.588909 -92.8917
-0.593134 -0.0594544 0.802956 338.09 -0.0109539 0.99778 0.0657914 13.3223 -0.805083 0.0302253 -0.592466 -94.4841
-0.598531 -0.0607132 0.798826 340.271 -0.0113532 0.997673 0.0673199 13.4909 -0.801056 0.0312238 -0.597822 -96.0824
-0.598263 -0.0615793 0.798981 342.446 -0.0130777 0.997667 0.0671029 13.6556 -0.801248 0.0296942 -0.59767 -97.6921
-0.603166 -0.061205 0.795295 344.628 -0.0149499 0.997751 0.0654481 13.8224 -0.797513 0.0275862 -0.602719 -99.3035
-0.604216 -0.0589975 0.794686 346.804 -0.0153933 0.997941 0.0623859 13.9809 -0.796729 0.0254597 -0.603876 -100.919
-0.606996 -0.0606045 0.792422 348.979 -0.0160809 0.997827 0.0639964 14.1442 -0.794581 0.0261026 -0.606647 -102.55
-0.61283 -0.061651 0.78786 351.138 -0.0163322 0.997735 0.0653728 14.301 -0.790104 0.0271928 -0.612445 -104.188
-0.614891 -0.0622314 0.786185 353.295 -0.0167489 0.997694 0.0658746 14.4577 -0.788473 0.0273377 -0.61451 -105.849
-0.61802 -0.0647955 0.783542 355.438 -0.01905 0.997547 0.0674698 14.6197 -0.78599 0.026769 -0.617734 -107.509
-0.622732 -0.067397 0.77956 357.585 -0.0210771 0.997373 0.0693919 14.8002 -0.782191 0.0267814 -0.622512 -109.163
-0.625155 -0.070506 0.777364 359.718 -0.0236178 0.997172 0.0714517 14.9798 -0.780202 0.0263066 -0.625049 -110.848
-0.6281 -0.0710135 0.774918 361.844 -0.0248966 0.997158 0.0712006 15.157 -0.777774 0.0254279 -0.628077 -112.528
-0.632933 -0.0707409 0.771023 363.947 -0.0253929 0.997185 0.0706491 15.3353 -0.77385 0.0251354 -0.632944 -114.197
-0.633914 -0.0710946 0.770163 366.064 -0.0258182 0.997164 0.0707992 15.513 -0.773014 0.024996 -0.633945 -115.92
-0.640342 -0.0716612 0.764796 368.138 -0.0264069 0.997111 0.0713224 15.694 -0.767697 0.0254726 -0.640381 -117.613
-0.639869 -0.0719896 0.76514 370.254 -0.0291289 0.997167 0.0694611 15.8434 -0.767974 0.0221577 -0.640146 -119.334
-0.642261 -0.0765754 0.762709 372.346 -0.0397206 0.996993 0.0666528 15.986 -0.765518 0.0125112 -0.643366 -121.043
-0.647347 -0.0733104 0.758698 374.419 -0.0465555 0.997316 0.0566452 16.1647 -0.760815 0.00134644 -0.649015 -122.748
-0.643386 -0.0672731 0.762638 376.49 -0.0368136 0.997705 0.0569547 16.2962 -0.764719 0.00856649 -0.644381 -124.445
-0.644987 -0.0677168 0.761225 378.549 -0.0294366 0.997537 0.0637977 16.4249 -0.76367 0.0187402 -0.645384 -126.167
-0.64947 -0.0755315 0.756686 380.573 -0.0268559 0.99672 0.076444 16.5942 -0.759977 0.0293244 -0.649364 -127.885
-0.651498 -0.0851664 0.753893 382.609 -0.0305579 0.995828 0.0860903 16.796 -0.758079 0.0330497 -0.651375 -129.606
-0.657835 -0.0917287 0.747616 384.636 -0.0352036 0.995224 0.0911366 17.0356 -0.752404 0.0336315 -0.657918 -131.359
-0.658328 -0.0937066 0.746915 386.673 -0.0367818 0.99505 0.0924181 17.257 -0.751878 0.0333679 -0.658508 -133.105
-0.660958 -0.0898248 0.74509 388.698 -0.0329042 0.995333 0.0908081 17.4654 -0.749767 0.035501 -0.660825 -134.875
-0.663985 -0.0843483 0.743016 390.674 -0.0291792 0.995792 0.0869695 17.6627 -0.747228 0.0360648 -0.663643 -136.614
-0.665864 -0.0809494 0.741732 392.628 -0.0282704 0.996129 0.0833382 17.8661 -0.745603 0.0345204 -0.665572 -138.354
-0.668624 -0.0809558 0.739224 394.637 -0.027959 0.996099 0.0837998 18.0748 -0.743127 0.0353617 -0.66827 -140.135
-0.67302 -0.081125 0.735226 396.649 -0.0275378 0.996035 0.0846985 18.282 -0.739178 0.0367547 -0.672582 -141.921
-0.674142 -0.0816391 0.734119 398.62 -0.0272105 0.995952 0.0857706 18.4949 -0.738153 0.0378449 -0.673625 -143.722
-0.676047 -0.0822527 0.732319 400.602 -0.0272042 0.995869 0.0867441 18.7044 -0.736423 0.0387184 -0.675488 -145.523
-0.681656 -0.0826079 0.72704 402.569 -0.0266162 0.995757 0.0881869 18.9345 -0.731244 0.0407611 -0.680952 -147.317
-0.680224 -0.0876699 0.72781 404.538 -0.0271799 0.995166 0.0944761 19.1728 -0.732569 0.0444804 -0.679315 -149.151
-0.684912 -0.0947681 0.722482 406.486 -0.0278938 0.994197 0.103967 19.4357 -0.728149 0.0510545 -0.68357 -150.96
-0.682879 -0.101719 0.723485 408.447 -0.0279359 0.993182 0.113274 19.7233 -0.730068 0.057138 -0.68106 -152.791
-0.684167 -0.107818 0.721359 410.4 -0.0282623 0.992197 0.121494 20.0416 -0.728836 0.062734 -0.681864 -154.618
-0.688496 -0.111999 0.716613 412.319 -0.0298019 0.991551 0.126341 20.3679 -0.724702 0.0656255 -0.686012 -156.435
-0.687068 -0.11254 0.717872 414.254 -0.0323461 0.991699 0.12451 20.689 -0.725932 0.0623254 -0.684993 -158.269
-0.6889 -0.112127 0.716204 416.182 -0.0339561 0.991883 0.122631 20.9977 -0.724134 0.0601575 -0.687111 -160.089
-0.692112 -0.111321 0.713202 418.068 -0.0338338 0.991961 0.122 21.314 -0.721055 0.0603062 -0.690304 -161.887
-0.692458 -0.11257 0.712695 419.958 -0.034834 0.991828 0.12282 21.6179 -0.720691 0.0602181 -0.690717 -163.692
-0.693708 -0.11253 0.711461 421.877 -0.0360499 0.991917 0.12174 21.9198 -0.719414 0.0588023 -0.692145 -165.529
-0.696322 -0.113082 0.70884 423.787 -0.0362242 0.9918 0.122644 22.2318 -0.716891 0.0597191 -0.694705 -167.372
-0.696162 -0.115116 0.708645 425.678 -0.0360282 0.991429 0.125661 22.5345 -0.717041 0.061948 -0.694331 -169.203
-0.695998 -0.11837 0.708297 427.538 -0.0359804 0.990842 0.130239 22.8333 -0.71722 0.0651572 -0.693878 -171.013
-0.69407 -0.120001 0.709887 429.419 -0.0306815 0.990056 0.137364 23.1462 -0.719314 0.073559 -0.690839 -172.838
-0.693343 -0.121256 0.710409 431.32 -0.0268123 0.989413 0.142716 23.4771 -0.720187 0.079899 -0.68925 -174.694
-0.693006 -0.123014 0.710411 433.217 -0.0309516 0.989515 0.141151 23.8329 -0.720327 0.075829 -0.689537 -176.539
-0.690769 -0.12423 0.712399 435.144 -0.0394679 0.990154 0.134402 24.1786 -0.722076 0.0647199 -0.688865 -178.376
-0.688655 -0.126456 0.714029 437.069 -0.043646 0.990131 0.13326 24.5173 -0.723835 0.0606044 -0.687367 -180.191
-0.686724 -0.128329 0.715577 438.953 -0.0461762 0.990021 0.133238 24.8459 -0.725528 0.0584514 -0.685792 -181.998
-0.68292 -0.129581 0.71896 440.881 -0.0444642 0.989703 0.136144 25.18 -0.7292 0.0610062 -0.681638 -183.809
-0.680532 -0.12908 0.721335 442.805 -0.0425807 0.989678 0.136933 25.5206 -0.731558 0.0624684 -0.678998 -185.625
-0.68034 -0.130443 0.721247 444.711 -0.0441752 0.989557 0.137299 25.8493 -0.731626 0.0615476 -0.678985 -187.406
-0.67544 -0.135358 0.724961 446.657 -0.0500488 0.989172 0.138065 26.1966 -0.735793 0.0569671 -0.674895 -189.195
-0.676536 -0.140252 0.722983 448.593 -0.0568575 0.988727 0.1386 26.5578 -0.734274 0.0526593 -0.676871 -190.969
-0.673097 -0.144915 0.725293 450.553 -0.0637574 0.988349 0.138311 26.9006 -0.736879 0.0468504 -0.674488 -192.753
-0.672347 -0.145676 0.725813 452.507 -0.0650076 0.98829 0.138138 27.242 -0.737439 0.0456916 -0.67393 -194.533
-0.6724 -0.146178 0.725687 454.449 -0.0634416 0.988094 0.140259 27.5824 -0.737543 0.0482676 -0.673663 -196.31
-0.671263 -0.147379 0.726472 456.417 -0.0610341 0.987709 0.14398 27.9357 -0.738765 0.052307 -0.671995 -198.116
-0.670188 -0.149724 0.72701 458.366 -0.0610735 0.987258 0.147028 28.3171 -0.739754 0.0541309 -0.670788 -199.893
-0.671739 -0.150557 0.725381 460.314 -0.0639269 0.987272 0.145714 28.6813 -0.738089 0.0515084 -0.6728 -201.657
-0.669423 -0.150349 0.727586 462.232 -0.0642407 0.987367 0.144933 29.0497 -0.740178 0.0502762 -0.67062 -203.412
-0.667558 -0.151525 0.72903 464.188 -0.0648515 0.987198 0.145801 29.4067 -0.741792 0.0500495 -0.668825 -205.188
-0.671322 -0.149999 0.725908 466.142 -0.0622889 0.987274 0.146409 29.7831 -0.738625 0.0530671 -0.672117 -206.993
-0.66942 -0.149608 0.727717 468.088 -0.0577657 0.987043 0.149784 30.1564 -0.740699 0.0582289 -0.669374 -208.764
-0.669048 -0.152361 0.727515 470.053 -0.0599761 0.986652 0.151484 30.5291 -0.740877 0.0577117 -0.669251 -210.554
-0.665476 -0.153523 0.730515 472.017 -0.0601275 0.986479 0.152542 30.9116 -0.744059 0.057587 -0.665695 -212.319
-0.663928 -0.155794 0.731469 474.003 -0.0602802 0.986039 0.155308 31.3079 -0.745445 0.0590152 -0.664045 -214.095
-0.663941 -0.157038 0.731165 475.974 -0.0618266 0.985896 0.155606 31.6984 -0.745291 0.0581054 -0.66427 -215.843
-0.662494 -0.157525 0.7324 477.942 -0.0636346 0.985955 0.154507 32.1018 -0.746442 0.0557491 -0.663209 -217.612
-0.661867 -0.157328 0.732981 479.905 -0.0646034 0.986077 0.153318 32.4967 -0.746899 0.0541201 -0.662801 -219.371
-0.662307 -0.159282 0.73219 481.862 -0.0656683 0.985736 0.155048 32.8817 -0.746433 0.0546026 -0.663316 -221.114
-0.660739 -0.161293 0.733138 483.821 -0.066564 0.985398 0.156801 33.281 -0.747725 0.0548009 -0.661812 -222.869
-0.660779 -0.162571 0.732848 485.785 -0.0679044 0.985222 0.157339 33.6767 -0.747587 0.0541976 -0.662049 -224.626
-0.662991 -0.163729 0.73056 487.74 -0.0690519 0.985022 0.158092 34.074 -0.745504 0.0543644 -0.66435 -226.363
-0.662128 -0.165268 0.731025 489.694 -0.0699456 0.984766 0.159289 34.4725 -0.746205 0.0543324 -0.663596 -228.115
-0.663076 -0.165527 0.730079 491.655 -0.0704625 0.984732 0.159268 34.8744 -0.745297 0.0541608 -0.6646 -229.849
-0.661762 -0.166964 0.730972 493.621 -0.070824 0.984465 0.160757 35.2765 -0.746448 0.054607 -0.663301 -231.604
-0.661346 -0.169963 0.730628 495.59 -0.072462 0.983927 0.163296 35.69 -0.746641 0.0550492 -0.663016 -233.352
-0.662308 -0.172077 0.729291 497.552 -0.0743597 0.983576 0.164557 36.1 -0.745621 0.0547518 -0.66422 -235.095
-0.661506 -0.171685 0.730081 499.519 -0.0738608 0.983641 0.164388 36.5123 -0.746363 0.0548163 -0.663349 -236.854
-0.661284 -0.171824 0.73028 501.481 -0.0738551 0.983613 0.164563 36.9297 -0.74658 0.054882 -0.663132 -238.613
-0.662756 -0.174774 0.728213 503.432 -0.0758913 0.983068 0.166871 37.3497 -0.74505 0.0553263 -0.664782 -240.371
-0.660912 -0.175293 0.729793 505.385 -0.0758602 0.982978 0.167418 37.7751 -0.746709 0.0552802 -0.662955 -242.13
-0.662325 -0.173952 0.728803 507.344 -0.074672 0.983172 0.166806 38.1981 -0.745557 0.056055 -0.664153 -243.889
-0.661222 -0.17504 0.729573 509.303 -0.0756303 0.983014 0.167313 38.6225 -0.746458 0.0554472 -0.663224 -245.648
-0.66045 -0.176131 0.729981 511.275 -0.0767828 0.982862 0.167678 39.0544 -0.747005 0.0546893 -0.662639 -247.403
-0.660395 -0.176957 0.729861 513.21 -0.0766987 0.982666 0.168863 39.4736 -0.747082 0.0555307 -0.662514 -249.115
-0.658402 -0.177991 0.73138 515.16 -0.0774521 0.982517 0.169386 39.9103 -0.748743 0.0548735 -0.66066 -250.865
-0.657479 -0.177798 0.732285 517.11 -0.0776791 0.982593 0.168841 40.343 -0.749549 0.0541199 -0.65984 -252.607
-0.657868 -0.177374 0.73201 519.051 -0.0765248 0.982601 0.169321 40.7655 -0.749308 0.0553701 -0.659979 -254.337
-0.656012 -0.17816 0.733512 521.016 -0.0776375 0.982531 0.169221 41.1991 -0.750837 0.0540572 -0.658379 -256.084
-0.65622 -0.179318 0.733016 522.97 -0.0768485 0.982202 0.171479 41.6352 -0.75072 0.0561931 -0.658303 -257.812
-0.657678 -0.178948 0.731827 524.908 -0.0750518 0.982124 0.172715 42.0658 -0.749642 0.0586599 -0.659346 -259.525
-0.656433 -0.178903 0.732927 526.887 -0.0754665 0.98219 0.172157 42.4978 -0.750674 0.0576941 -0.658226 -261.272
-0.656771 -0.178719 0.732697 528.84 -0.0735552 0.982077 0.173627 42.9488 -0.750587 0.0601329 -0.658139 -263.013
-0.657031 -0.179298 0.732295 530.788 -0.0732935 0.981914 0.174655 43.388 -0.750366 0.0610775 -0.658273 -264.741
-0.655448 -0.181922 0.733096 532.776 -0.0736849 0.981346 0.177658 43.8345 -0.751732 0.062421 -0.65662 -266.484
-0.658343 -0.181953 0.73046 534.726 -0.0753847 0.981421 0.176524 44.2753 -0.749008 0.0611439 -0.659812 -268.211
-0.657073 -0.181433 0.731763 536.694 -0.0764081 0.981652 0.174794 44.7255 -0.75004 0.0589336 -0.658874 -269.955
-0.657246 -0.181846 0.731474 538.655 -0.075983 0.981516 0.175736 45.161 -0.749911 0.0599177 -0.658899 -271.685
-0.660008 -0.185221 0.728164 540.602 -0.0760219 0.98064 0.180549 45.6241 -0.747498 0.0638003 -0.661305 -273.435
-0.658935 -0.188515 0.728261 542.528 -0.076929 0.979917 0.184053 46.0785 -0.748331 0.0652501 -0.660188 -275.17
-0.6592 -0.188293 0.728108 544.492 -0.0757765 0.979865 0.184806 46.5369 -0.748236 0.0666438 -0.66019 -276.922
-0.660848 -0.187954 0.726671 546.434 -0.0758973 0.979925 0.184438 47.0142 -0.746748 0.0667283 -0.661832 -278.661
-0.658406 -0.189558 0.728498 548.4 -0.0766268 0.979637 0.185664 47.482 -0.748848 0.066413 -0.659519 -280.404
-0.659543 -0.190253 0.727259 550.339 -0.0761209 0.979388 0.187179 47.9514 -0.747879 0.0680877 -0.660416 -282.12
-0.658885 -0.19083 0.727733 552.3 -0.0750166 0.979152 0.188852 48.4316 -0.748589 0.0698323 -0.65946 -283.883
-0.658445 -0.192105 0.727767 554.26 -0.0758321 0.978908 0.18979 48.9116 -0.748875 0.0697727 -0.659109 -285.627
-0.659562 -0.193275 0.726474 556.208 -0.077209 0.978702 0.190295 49.4037 -0.74777 0.0694139 -0.660433 -287.375
-0.657148 -0.194932 0.728188 558.159 -0.079113 0.978501 0.190547 49.8908 -0.749676 0.0676028 -0.658427 -289.126
-0.656802 -0.195595 0.728352 560.106 -0.0799275 0.978408 0.190684 50.3821 -0.749911 0.0670191 -0.65825 -290.872
-0.656163 -0.198061 0.728232 562.04 -0.0832622 0.97807 0.19099 50.857 -0.750089 0.0646807 -0.65825 -292.582
-0.655245 -0.199509 0.728693 564 -0.0846961 0.977833 0.191575 51.3381 -0.750751 0.0638037 -0.657614 -294.332
-0.655826 -0.199884 0.728039 565.94 -0.0850823 0.977754 0.191803 51.8257 -0.750181 0.0638404 -0.658228 -296.066
-0.655182 -0.198474 0.729033 567.895 -0.083282 0.977986 0.191418 52.3135 -0.750964 0.0646906 -0.657284 -297.81
-0.653918 -0.198721 0.730071 569.858 -0.0823726 0.977871 0.192392 52.8038 -0.752147 0.0656647 -0.655802 -299.548
-0.654259 -0.200329 0.729355 571.79 -0.0825632 0.977454 0.194425 53.3017 -0.751849 0.0669788 -0.656043 -301.263
-0.653139 -0.199854 0.730459 573.759 -0.0814721 0.977509 0.194601 53.7927 -0.752921 0.0675836 -0.654717 -303.002
-0.653654 -0.199726 0.730063 575.666 -0.0819133 0.97757 0.194111 54.2688 -0.752447 0.067072 -0.655349 -304.698
-0.652692 -0.200087 0.730795 577.642 -0.0826657 0.977564 0.193823 54.7648 -0.75318 0.0660886 -0.654573 -306.437
-0.652374 -0.200283 0.731055 579.604 -0.0823454 0.977491 0.194329 55.2588 -0.75351 0.0665684 -0.654177 -308.161
-0.651403 -0.20199 0.731422 581.565 -0.0826074 0.977082 0.196264 55.7523 -0.754302 0.0674198 -0.653145 -309.901
-0.651062 -0.202482 0.731619 583.474 -0.0820669 0.976909 0.197351 56.2422 -0.754674 0.0684383 -0.652641 -311.591
-0.64921 -0.204701 0.732617 585.445 -0.083682 0.976499 0.198691 56.7595 -0.756072 0.0676794 -0.651068 -313.326
-0.649058 -0.205649 0.732517 587.397 -0.0852228 0.976382 0.198614 57.2612 -0.75605 0.0664771 -0.651251 -315.031
-0.648603 -0.206124 0.732756 589.361 -0.0854137 0.976281 0.199026 57.7702 -0.7564 0.0664946 -0.65081 -316.754
-0.648884 -0.206464 0.732442 591.312 -0.0848172 0.976129 0.200029 58.2778 -0.756244 0.0676639 -0.650902 -318.463
-0.649949 -0.206667 0.731409 593.235 -0.0843196 0.976002 0.200853 58.7729 -0.755369 0.0688655 -0.651761 -320.149
-0.647825 -0.207667 0.733039 595.202 -0.0838479 0.975737 0.202335 59.2948 -0.757259 0.0696065 -0.649516 -321.875
-0.647229 -0.207399 0.733611 597.162 -0.0840858 0.975848 0.201699 59.8035 -0.757727 0.0688525 -0.649019 -323.58
-0.648269 -0.206625 0.732942 599.094 -0.0841956 0.976044 0.200705 60.3041 -0.756842 0.0683921 -0.650132 -325.264
-0.646608 -0.20616 0.734508 601.059 -0.083776 0.976175 0.200242 60.8133 -0.758292 0.067937 -0.648456 -326.968
-0.646714 -0.206569 0.734329 602.98 -0.0839203 0.976073 0.200679 61.3197 -0.758201 0.0681491 -0.648571 -328.656
-0.645455 -0.207484 0.735148 604.95 -0.0830965 0.97578 0.202442 61.8328 -0.759348 0.069572 -0.647046 -330.365
-0.645585 -0.208862 0.734674 606.924 -0.0829296 0.975379 0.204434 62.3429 -0.759271 0.071045 -0.647007 -332.08
-0.646437 -0.209932 0.73359 608.883 -0.08314 0.975078 0.205778 62.8649 -0.75851 0.0720246 -0.647762 -333.786
-0.645354 -0.210403 0.734438 610.845 -0.0827938 0.974941 0.206565 63.3956 -0.759483 0.0724929 -0.646598 -335.49
-0.644669 -0.210984 0.734844 612.793 -0.0828514 0.974802 0.207197 63.9196 -0.760045 0.0726835 -0.645888 -337.173
-0.643997 -0.2117 0.735256 614.732 -0.0830368 0.974635 0.207908 64.4437 -0.760608 0.0728302 -0.645236 -338.858
-0.642196 -0.213158 0.736381 616.705 -0.0831508 0.974283 0.209509 64.98 -0.762103 0.0733076 -0.643387 -340.564
-0.642164 -0.213783 0.736256 618.68 -0.0833782 0.974127 0.210143 65.5165 -0.762119 0.0735506 -0.64337 -342.263
-0.642428 -0.214414 0.735814 620.628 -0.0836231 0.973963 0.210803 66.0416 -0.761856 0.073887 -0.643614 -343.938
-0.641604 -0.214764 0.736464 622.616 -0.0827999 0.973805 0.211857 66.5791 -0.762659 0.0749398 -0.642575 -345.656
-0.641768 -0.21484 0.736266 624.565 -0.0820345 0.973703 0.21262 67.1123 -0.762585 0.0760456 -0.642498 -347.318
-0.640233 -0.216356 0.737192 626.545 -0.0811167 0.973216 0.215194 67.6497 -0.763991 0.0779662 -0.64063 -349.018
-0.64015 -0.216704 0.737127 628.518 -0.0809075 0.973094 0.215814 68.1928 -0.764064 0.078506 -0.640442 -350.703
-0.640303 -0.21617 0.737186 630.478 -0.081079 0.973264 0.214989 68.7265 -0.763936 0.0778787 -0.640707 -352.375
-0.639159 -0.214924 0.738508 632.444 -0.0791906 0.973467 0.214768 69.2681 -0.765073 0.07878 -0.639203 -354.066
-0.639287 -0.215172 0.738359 634.413 -0.0781375 0.973281 0.215995 69.813 -0.765093 0.0803796 -0.639015 -355.745
-0.63938 -0.215744 0.738079 636.367 -0.0773685 0.97303 0.217401 70.359 -0.765076 0.0818896 -0.63881 -357.415
-0.638168 -0.215967 0.739097 638.349 -0.0760676 0.972862 0.21861 70.913 -0.766238 0.0832786 -0.637272 -359.107
-0.63851 -0.216761 0.738535 640.296 -0.0755176 0.972555 0.220159 71.4614 -0.765987 0.084793 -0.637338 -360.777
-0.637685 -0.217873 0.738954 642.298 -0.0747458 0.972164 0.222146 72.0266 -0.766771 0.0864149 -0.636213 -362.476
