1 0 0 0 0 1 0 0 0 0 1 0
1 2.35651e-06 -7.49659e-05 -0.00454708 -2.40149e-06 1 0.000980739 -0.00586904 7.49977e-05 -0.000980535 1 1.30912
1 -0.000221659 0.00059689 -0.0101675 0.000220831 0.999999 0.00140044 -0.00536077 -0.000597226 -0.00140028 0.999999 2.6027
1 -0.000121225 -0.000585157 -0.0124185 0.000122532 0.999997 0.00234113 -0.0111711 0.000584894 -0.00234094 0.999998 3.92119
1 1.76588e-05 0.000952375 -0.0126307 -2.01292e-05 0.999997 0.00261392 -0.00508846 -0.000952318 -0.00261389 0.999996 5.22446
1 5.23639e-05 0.000219084 -0.0161821 -5.31491e-05 0.999994 0.00335113 -0.00102971 -0.000218937 -0.00335085 0.999995 6.54974
1 -0.000172725 0.000253115 -0.0177831 0.000171675 0.999991 0.00424175 -0.00986969 -0.000253819 -0.00424168 0.999991 7.87632
1 6.42959e-05 0.000909174 -0.0244649 -6.85895e-05 0.999989 0.00469086 -0.00347089 -0.00090886 -0.00469065 0.99999 9.19941
1 0.000381006 -0.000552557 -0.0296495 -0.000378054 0.999987 0.00527215 -0.00128109 0.000554553 -0.00527189 0.999986 10.53
1 0.000788995 0.000841166 -0.0366065 -0.0007941 0.999981 0.00607108 0.0131593 -0.000836225 -0.00607146 0.999982 11.8552
1 0.000973028 0.000227993 -0.0404006 -0.000974552 0.999978 0.00663393 0.0234182 -0.000221484 -0.00663409 0.999978 13.1903
1 0.00095413 6.76231e-05 -0.049942 -0.000954627 0.999971 0.00764491 0.0253559 -6.01659e-05 -0.0076447 0.999972 14.527
0.999999 0.00106266 0.00118649 -0.0589156 -0.00107267 0.999964 0.00845864 0.0329768 -0.00117738 -0.00845984 0.999964 15.8617
1 0.000280409 0.000755084 -0.0567073 -0.000288375 0.999945 0.0105592 0.0397325 -0.000751799 -0.010559 0.999946 17.2112
0.999998 -0.000308127 0.00227915 -0.0530046 0.000280131 0.999925 0.0122632 0.0507418 -0.00228271 -0.0122624 0.999922 18.5549
1 -0.000410522 0.000599011 -0.0454462 0.000402482 0.999912 0.0133019 0.0723115 -0.000604107 -0.0133015 0.999913 19.9046
0.999998 -0.000492785 0.0023672 -0.0404609 0.000458146 0.999894 0.014595 0.104133 -0.0023741 -0.0145938 0.999891 21.2443
0.999999 -0.00032963 0.00192971 -0.0363067 0.000299907 0.999883 0.0153458 0.147975 -0.00193422 -0.015345 0.999882 22.6072
0.999997 -0.000203964 0.00284813 -0.0405591 0.000156929 0.999866 0.0164857 0.179124 -0.00285105 -0.0164851 0.999861 23.9639
0.999988 -0.000293557 0.00516857 -0.0465187 0.000190864 0.999804 0.0198344 0.190499 -0.00517296 -0.019833 0.999792 25.3188
0.999993 -0.000616946 0.00418874 -0.0415133 0.0005274 0.999775 0.0213364 0.206906 -0.0042008 -0.021334 0.999765 26.6961
0.999986 -0.000538604 0.00555554 -0.041746 0.000412102 0.999742 0.0227377 0.211852 -0.00556596 -0.0227349 0.999728 28.0458
0.999992 0.00108298 0.00437665 -0.0470505 -0.00118181 0.999746 0.0226342 0.222859 -0.00435081 -0.0226393 0.999736 29.433
0.999979 0.00172191 0.00648338 -0.0467653 -0.00187174 0.999731 0.0231672 0.236378 -0.0064414 -0.0231787 0.999712 30.7936
0.999972 0.00476163 0.00623065 -0.0505951 -0.00488948 0.999778 0.0206645 0.268425 -0.00613068 -0.0206945 0.99977 32.1883
0.999969 0.00483696 0.00656414 -0.0497248 -0.00497936 0.999751 0.0218349 0.27921 -0.00645651 -0.0218668 0.999742 33.5698
0.999959 0.00503145 0.00804291 -0.0498463 -0.0052159 0.999723 0.0230863 0.302916 -0.00792444 -0.0231273 0.999705 34.9374
0.999969 0.00499981 0.00645165 -0.0445123 -0.00516029 0.999673 0.0250856 0.326991 -0.00632375 -0.0251179 0.999666 36.3359
0.999956 0.0056427 0.00803674 -0.0505164 -0.00585427 0.999633 0.0265547 0.356137 -0.00788383 -0.0266006 0.999618 37.7162
0.999959 0.00678525 0.00643809 -0.0461678 -0.00695589 0.999617 0.0268498 0.383046 -0.00625309 -0.0268933 0.999621 39.1177
0.999952 0.0076366 0.00679016 -0.0498424 -0.00782159 0.99959 0.0276563 0.403974 -0.00657601 -0.027708 0.999598 40.5129
0.999936 0.00822473 0.00811951 -0.0525375 -0.00845553 0.999551 0.0288043 0.432942 -0.00787865 -0.0288708 0.999554 41.9096
0.999947 0.00844117 0.00655298 -0.0514223 -0.00863059 0.999532 0.0294389 0.464792 -0.00630118 -0.0294938 0.999548 43.3103
0.999941 0.00832099 0.00748733 -0.0482886 -0.00854002 0.999523 0.0297133 0.492371 -0.00723616 -0.0297752 0.999533 44.725
0.99995 0.00870373 0.00575338 -0.0479089 -0.00887359 0.999508 0.0301995 0.521429 -0.00548752 -0.030249 0.99953 46.1265
0.999944 0.00889866 0.00641186 -0.0416043 -0.00909393 0.999476 0.0311015 0.551948 -0.00613134 -0.0311577 0.999499 47.5336
0.999954 0.00935349 0.00378203 -0.0430615 -0.00946982 0.999445 0.0320035 0.586453 -0.00348041 -0.0320378 0.999484 48.9595
0.999951 0.0099981 0.00267688 -0.0458363 -0.0100787 0.999437 0.0320382 0.61644 -0.00235461 -0.0320632 0.999486 50.3797
0.999945 0.0103821 0.00331048 -0.0473184 -0.0104861 0.999399 0.0331043 0.648081 -0.00296464 -0.0331372 0.99945 51.7849
0.999945 0.0108794 0.00119989 -0.0508102 -0.0109145 0.99934 0.0346811 0.682511 -0.000821375 -0.0346919 0.999401 53.2129
0.999945 0.0107966 0.00170889 -0.0525348 -0.0108513 0.999291 0.0360965 0.71942 -0.00131784 -0.036113 0.99935 54.6377
0.999945 0.0108946 5.65659e-05 -0.051549 -0.0108894 0.999276 0.0364999 0.756935 0.000341584 -0.0364982 0.999338 56.0651
0.999954 0.0101422 -0.000211457 -0.0602327 -0.0101277 0.999277 0.0367195 0.800892 0.000583903 -0.0367155 0.99933 57.4884
0.999948 0.0105476 0.00162433 -0.0613924 -0.0106005 0.99926 0.0370183 0.839039 -0.0012322 -0.0370333 0.999317 58.8948
0.999949 0.0107194 0.000658931 -0.0620577 -0.0107366 0.999253 0.0371897 0.877732 -0.000259576 -0.0371947 0.999312 60.3233
0.999942 0.010956 0.00257285 -0.0630401 -0.0110443 0.999247 0.0372543 0.919877 -0.00216232 -0.0372801 0.999307 61.7208
0.999947 0.010712 0.00185936 -0.0636678 -0.0107735 0.999256 0.0370767 0.958426 -0.00146044 -0.0370946 0.999315 63.1454
0.999947 0.0105748 0.00212272 -0.0615291 -0.0106452 0.999281 0.0364575 0.993315 -0.00173521 -0.0364778 0.999338 64.5617
0.999939 0.0109614 0.0040537 -0.0678281 -0.0110998 0.999297 0.0358722 1.02395 -0.00365713 -0.035915 0.999353 65.9665
0.999929 0.0118354 0.00384701 -0.0664683 -0.0119651 0.999295 0.0356407 1.05824 -0.00342186 -0.0356838 0.999362 67.378
0.999906 0.0129736 0.00589268 -0.0736052 -0.0131751 0.999282 0.0355747 1.0831 -0.00542633 -0.0356489 0.999355 68.7807
0.999857 0.0163444 0.00556494 -0.0757722 -0.0165417 0.999162 0.0374918 1.11526 -0.00494685 -0.0375782 0.999286 70.1926
0.999768 0.020602 0.00740921 -0.0805672 -0.0208754 0.999026 0.03894 1.14581 -0.00659906 -0.0390854 0.999219 71.5972
0.999633 0.0264458 0.00696599 -0.0773573 -0.0266956 0.998899 0.0386504 1.20247 -0.00593552 -0.0388219 0.999233 73.0054
0.999638 0.0261286 0.00750366 -0.075658 -0.0263993 0.998908 0.0386001 1.22334 -0.00648619 -0.0387841 0.999232 74.4068
0.999623 0.0264472 0.00839567 -0.0782668 -0.0267515 0.998903 0.0384894 1.25542 -0.00736782 -0.0386992 0.999229 75.7878
0.999629 0.0263404 0.00798394 -0.0692802 -0.026628 0.998911 0.0383685 1.29194 -0.00696391 -0.0385667 0.999237 77.192
0.999627 0.0262508 0.00844546 -0.0679086 -0.0265544 0.998922 0.0381273 1.32852 -0.00743469 -0.038337 0.999242 78.5544
0.999634 0.0263443 0.00742048 -0.0574993 -0.0266055 0.998939 0.0376288 1.37189 -0.00642058 -0.0378122 0.99927 79.9522
0.999635 0.0264489 0.00684872 -0.0451121 -0.0266865 0.998949 0.0373177 1.4139 -0.00585373 -0.0374866 0.999285 81.3401
0.999637 0.0264053 0.00683706 -0.0370512 -0.026641 0.99896 0.0370504 1.45341 -0.00585089 -0.037219 0.999296 82.6955
0.999644 0.0263365 0.00593192 -0.0294565 -0.026536 0.998981 0.0365581 1.49183 -0.00496216 -0.0367022 0.999319 84.0928
0.999622 0.0271042 0.00635708 -0.0319603 -0.0273185 0.998962 0.036496 1.53422 -0.00536052 -0.0366557 0.99932 85.4456
0.999619 0.0275899 0.00424973 -0.0272135 -0.0277272 0.998945 0.0366548 1.58186 -0.00323303 -0.0367584 0.999325 86.8268
0.999603 0.0283785 0.00328766 -0.0297467 -0.0284829 0.998876 0.0379413 1.62646 -0.00220657 -0.0380197 0.999281 88.1937
0.999652 0.0265409 0.00279692 -0.0340867 -0.0266282 0.99892 0.0381247 1.65977 -0.00178114 -0.0381857 0.999275 89.5332
0.999644 0.0270639 0.0016082 -0.033802 -0.0271058 0.998891 0.0385422 1.71194 -0.000562568 -0.0385718 0.999262 90.9189
0.999649 0.0267945 0.0017033 -0.0410158 -0.0268402 0.998893 0.0386797 1.75896 -0.000664158 -0.0387115 0.999257 92.2521
0.999658 0.0265644 0.000653083 -0.0457271 -0.0265698 0.998887 0.0390206 1.80312 0.000385052 -0.0390242 0.999245 93.6255
0.999694 0.0251225 0.000801083 -0.0539021 -0.0251346 0.99893 0.0388748 1.8345 0.00017729 -0.0388827 0.999251 94.9581
0.999698 0.0250009 0.000463917 -0.060805 -0.0250003 0.998941 0.0386541 1.87582 0.00050386 -0.0386536 0.999259 96.3209
0.999693 0.0251986 0.000780661 -0.0685634 -0.0252099 0.998956 0.0381796 1.91734 0.000183154 -0.0381871 0.999278 97.6723
0.999678 0.0257281 0.00224429 -0.0771286 -0.0257947 0.998956 0.0377399 1.958 -0.00127006 -0.0377851 0.999292 99.012
0.999688 0.0252975 0.00240177 -0.078367 -0.0253713 0.998934 0.038634 1.98672 -0.00142088 -0.0386824 0.999258 100.374
0.999686 0.025299 0.00340556 -0.0843213 -0.0254126 0.998921 0.0389112 2.02793 -0.00241653 -0.038985 0.999244 101.698
0.999688 0.0251723 0.00353896 -0.0887307 -0.0252919 0.998908 0.0393371 2.06565 -0.002544 -0.0394138 0.999228 103.061
0.999678 0.0255846 0.00375323 -0.0917571 -0.0257099 0.998937 0.0383198 2.10231 -0.00276792 -0.0384034 0.999266 104.394
0.999677 0.0254806 0.00443515 -0.097102 -0.0256294 0.998964 0.0376592 2.14559 -0.00346997 -0.0377601 0.999289 105.698
0.999685 0.0250791 0.0048461 -0.094196 -0.0252481 0.998937 0.0386163 2.19098 -0.00387145 -0.0387259 0.99925 107.053
0.999722 0.0232798 0.00613606 -0.0919926 -0.0235048 0.99894 0.0396315 2.23115 -0.00520591 -0.0397641 0.999204 108.357
0.999764 0.0211239 0.00718086 -0.0860078 -0.0213979 0.998954 0.0404821 2.26219 -0.00631702 -0.0406254 0.999164 109.715
0.99978 0.0200193 0.00806701 -0.0818573 -0.0203312 0.998968 0.0406665 2.29049 -0.00724363 -0.0408209 0.999149 111.042
0.999737 0.021614 0.00928144 -0.0811517 -0.0219602 0.999004 0.0389541 2.33284 -0.00842905 -0.0391469 0.999208 112.335
0.999674 0.0239769 0.010143 -0.0801808 -0.024348 0.998975 0.0382417 2.36913 -0.00921475 -0.0384755 0.999227 113.682
0.999579 0.0266937 0.0125913 -0.085914 -0.0271553 0.998911 0.0380348 2.40998 -0.0115611 -0.03836 0.999207 114.985
0.999536 0.02801 0.0130934 -0.0765346 -0.0285138 0.998793 0.0400687 2.44938 -0.0119543 -0.0404227 0.999121 116.33
0.999492 0.0287942 0.0147525 -0.0715785 -0.0293908 0.998691 0.0419605 2.49669 -0.0135238 -0.0423719 0.999021 117.633
0.999489 0.0287794 0.0148879 -0.0585962 -0.0293992 0.998633 0.0432743 2.5392 -0.0136211 -0.0436891 0.998962 118.981
0.999454 0.0293238 0.0162006 -0.047431 -0.0299954 0.998633 0.0428982 2.58923 -0.0149192 -0.0433599 0.998959 120.313
0.999375 0.0308743 0.0180688 -0.0358191 -0.0316191 0.998598 0.0425248 2.63414 -0.0167294 -0.0430687 0.998942 121.614
0.999295 0.0331375 0.0185394 -0.0259598 -0.0338939 0.998543 0.0421009 2.67975 -0.0171159 -0.0426989 0.998951 122.97
0.99928 0.0327597 0.0199556 -0.0126669 -0.0335741 0.998558 0.0419731 2.71784 -0.0185507 -0.042612 0.99893 124.267
0.999306 0.0315289 0.0206723 0.00268872 -0.0323639 0.998624 0.0413891 2.74984 -0.0193374 -0.0420288 0.99894 125.63
0.999283 0.0314334 0.0218173 0.0236876 -0.0323124 0.998631 0.0412075 2.79285 -0.020491 -0.0418821 0.998922 126.96
0.999211 0.0317404 0.0246001 0.0492165 -0.0327723 0.998554 0.0427442 2.83511 -0.0232063 -0.0435159 0.998794 128.279
0.999216 0.0315106 0.0246062 0.0700855 -0.0325437 0.998556 0.0427997 2.8881 -0.023221 -0.0435661 0.998791 129.644
0.999204 0.0310693 0.025731 0.0941787 -0.0321616 0.998555 0.0431817 2.92558 -0.0243506 -0.0439739 0.998746 130.954
0.999178 0.0315884 0.0260278 0.124835 -0.032692 0.998537 0.043143 2.97929 -0.0246258 -0.0439577 0.998741 132.329
0.999233 0.0299597 0.0259725 0.152577 -0.031078 0.998563 0.0437755 3.02339 -0.0246222 -0.044548 0.998715 133.67
0.999326 0.0273756 0.0251149 0.177672 -0.0284698 0.998616 0.0443178 3.0547 -0.0238659 -0.0450021 0.998714 134.961
0.999357 0.0269113 0.0245319 0.204058 -0.0279836 0.998624 0.044465 3.1026 -0.0233002 -0.0451218 0.998722 136.338
0.999461 0.0238706 0.0233102 0.231742 -0.02492 0.998643 0.0458311 3.13406 -0.0221835 -0.0463864 0.99869 137.643
0.999508 0.0237677 0.0214476 0.249942 -0.0247354 0.998638 0.0460305 3.18881 -0.0203232 -0.0465372 0.998722 139.002
0.999526 0.0238804 0.0203771 0.267775 -0.0247969 0.998638 0.0459952 3.24496 -0.0192501 -0.0464776 0.998747 140.306
0.999535 0.0252204 0.0183023 0.280875 -0.0260405 0.998605 0.0460373 3.30605 -0.0171147 -0.0464914 0.998784 141.664
0.999536 0.0258145 0.017301 0.299686 -0.0265759 0.998622 0.0453454 3.363 -0.0161058 -0.0457832 0.998835 143.005
0.99955 0.0257883 0.0166755 0.322428 -0.0265085 0.998662 0.0444977 3.40994 -0.0155049 -0.0449185 0.998883 144.298
0.99973 0.0189675 0.0148171 0.340888 -0.0196117 0.998816 0.0446244 3.43484 -0.0139523 -0.0449019 0.998908 145.662
0.999841 0.0119077 0.0148384 0.367481 -0.0125976 0.998808 0.0472599 3.47772 -0.0142572 -0.0474381 0.998786 147
0.999896 0.00837197 0.0133623 0.390113 -0.00900547 0.998809 0.0480632 3.53807 -0.0129432 -0.0481774 0.99877 148.391
0.999916 0.00725507 0.0127372 0.408174 -0.0078598 0.99882 0.0480281 3.59617 -0.0123728 -0.0481228 0.998779 149.726
0.999881 0.00932185 0.013895 0.423932 -0.00994792 0.998912 0.0456803 3.63891 -0.0134532 -0.045812 0.998875 151.072
0.999881 0.0102094 0.0133632 0.427325 -0.0107903 0.998974 0.0440838 3.69806 -0.0128985 -0.0442214 0.998953 152.425
0.999857 0.0102486 0.0149434 0.437883 -0.010904 0.998957 0.0444518 3.74218 -0.0144714 -0.0446073 0.998915 153.769
0.999884 0.00812685 0.0145811 0.462333 -0.00877144 0.998969 0.04465 3.78731 -0.0142024 -0.0447714 0.998911 155.104
0.999902 0.00261918 0.0152495 0.489551 -0.00333364 0.998895 0.0469998 3.83234 -0.0151086 -0.0470448 0.998795 156.454
0.99989 -0.0016422 0.016288 0.509754 0.000849354 0.998827 0.0485145 3.87629 -0.0163476 -0.0484939 0.998705 157.78
0.999898 -0.00223364 0.0155789 0.532431 0.00148631 0.998861 0.0477947 3.94191 -0.0156668 -0.0477653 0.998753 159.126
0.999854 -0.00122508 0.018439 0.550739 0.000349624 0.998882 0.0473648 3.99867 -0.0184754 -0.0473499 0.998724 160.45
0.999845 0.00273449 0.0186007 0.564617 -0.00362827 0.998838 0.0481698 4.04557 -0.0184461 -0.0482286 0.998683 161.807
0.999793 0.00742513 0.0201559 0.579162 -0.00830235 0.999014 0.043763 4.10095 -0.0198099 -0.0439199 0.998856 163.127
0.999792 0.00920326 0.0193481 0.595018 -0.0100435 0.998996 0.0437723 4.14153 -0.0189245 -0.0439563 0.998871 164.489
0.99978 0.00930281 0.0200056 0.610853 -0.0101762 0.998986 0.043978 4.18531 -0.0195751 -0.0441704 0.998849 165.845
0.999781 0.00948864 0.0197879 0.625489 -0.0103433 0.999004 0.0435252 4.22005 -0.0193541 -0.0437191 0.998873 167.163
0.999797 0.0106925 0.0184129 0.639875 -0.0114656 0.999042 0.0423693 4.26513 -0.0179413 -0.0425703 0.99895 168.542
0.999766 0.0126248 0.0187948 0.649477 -0.0133795 0.999093 0.0405714 4.29832 -0.0182645 -0.0408122 0.999017 169.87
0.999753 0.0146055 0.0181306 0.651981 -0.0153217 0.999089 0.0399918 4.33454 -0.0175292 -0.0402582 0.999053 171.259
0.999688 0.0180981 0.0184539 0.661007 -0.0188442 0.998984 0.0410782 4.38236 -0.0176907 -0.0414119 0.999003 172.626
0.999599 0.0215734 0.0195983 0.678213 -0.0223999 0.998832 0.0429578 4.42978 -0.0186478 -0.0433781 0.998903 173.984
0.999593 0.022336 0.0189832 0.695794 -0.0231634 0.998745 0.0445332 4.48235 -0.0179637 -0.0449534 0.998845 175.371
0.999671 0.0185821 0.0190351 0.723605 -0.0194425 0.998757 0.0460421 4.52908 -0.0181551 -0.0463955 0.998778 176.74
0.999697 0.0197642 0.0161204 0.755217 -0.0204786 0.998765 0.0454011 4.59301 -0.0152023 -0.0457161 0.998856 178.122
0.999709 0.0194282 0.0159328 0.765463 -0.0200661 0.99897 0.040881 4.64468 -0.0151212 -0.0411874 0.999058 179.486
0.999712 0.0214191 0.0128242 0.784011 -0.0219072 0.998998 0.0391996 4.68981 -0.0119708 -0.0394679 0.999168 180.877
0.999743 0.0203451 0.0122432 0.791696 -0.0207766 0.999138 0.0361726 4.71508 -0.0114959 -0.0364164 0.999292 182.264
0.999639 0.0247244 0.0126434 0.797413 -0.0251862 0.998977 0.0377497 4.74997 -0.0116961 -0.0380532 0.999226 183.634
0.999602 0.0266075 0.0117807 0.808232 -0.027068 0.998809 0.0408002 4.79257 -0.0106802 -0.0411015 0.99912 185.034
0.999539 0.0282863 0.0131114 0.809817 -0.0288246 0.998674 0.0428385 4.84643 -0.0118813 -0.0431952 0.999015 186.416
0.999479 0.0303146 0.0131978 0.824141 -0.0308654 0.998575 0.0437203 4.90465 -0.0118527 -0.0441034 0.99898 187.848
0.999565 0.027241 0.0134722 0.840672 -0.027818 0.998625 0.0446329 4.94565 -0.0122368 -0.0449868 0.998932 189.25
0.999653 0.0233973 0.0140937 0.853813 -0.0240174 0.998682 0.0455299 4.98234 -0.013009 -0.0458511 0.998887 190.621
0.999743 0.0189524 0.0144112 0.878734 -0.0195943 0.998769 0.0457435 5.02353 -0.0135255 -0.0460125 0.998869 192.055
0.999786 0.0156644 0.0153801 0.895669 -0.0163717 0.998772 0.0469509 5.07172 -0.0146248 -0.0471913 0.998803 193.439
0.999852 0.0112192 0.0149874 0.916926 -0.011939 0.998747 0.0487825 5.11871 -0.0144201 -0.0489527 0.998717 194.873
0.999864 0.00864383 0.0158389 0.937087 -0.00942268 0.998728 0.0497246 5.16206 -0.0153879 -0.0498657 0.998661 196.256
0.999859 0.0109196 0.0147825 0.951169 -0.0115927 0.998875 0.046193 5.21976 -0.0142604 -0.0463563 0.998844 197.685
0.99974 0.0184275 0.0152848 0.955301 -0.0190325 0.999013 0.0403878 5.27518 -0.0145243 -0.040667 0.999091 199.104
0.99946 0.0285663 0.017906 0.955301 -0.0292687 0.99877 0.0402583 5.32288 -0.0167328 -0.0407592 0.99905 200.502
0.999425 0.0303557 0.0168708 0.949442 -0.0310696 0.998567 0.0437799 5.34234 -0.0155165 -0.0442777 0.998923 201.961
0.999381 0.0306761 0.0187921 0.961119 -0.0315304 0.998408 0.0469716 5.37892 -0.0173201 -0.0475335 0.998741 203.378
0.99944 0.0297849 0.0169744 0.985079 -0.0305851 0.99834 0.0489932 5.4381 -0.0154857 -0.0494837 0.998679 204.826
0.999465 0.0296608 0.0156719 1.00481 -0.0303902 0.998369 0.0485223 5.50496 -0.0142059 -0.0489711 0.998721 206.264
0.999493 0.0292714 0.0146621 1.02843 -0.029946 0.998403 0.0480998 5.56193 -0.0132295 -0.0485131 0.99876 207.665
0.999452 0.0311698 0.0133735 1.04164 -0.0317883 0.998312 0.0488063 5.6428 -0.0118285 -0.0492034 0.99874 209.134
0.999416 0.0325298 0.0129516 1.04832 -0.0331313 0.998246 0.0492815 5.70456 -0.0113245 -0.0496804 0.998726 210.541
0.999284 0.0365242 0.0123433 1.05814 -0.0370985 0.998069 0.0500178 5.77715 -0.0104914 -0.0504385 0.998693 212.031
0.999285 0.0366484 0.0119975 1.06665 -0.0372175 0.998003 0.0512389 5.85086 -0.0100946 -0.0516474 0.99864 213.49
0.99921 0.0382397 0.0131178 1.07905 -0.0388688 0.997922 0.0516058 5.93114 -0.011116 -0.0520734 0.998603 214.929
0.999201 0.0389818 0.0116111 1.08731 -0.0395277 0.997915 0.0512213 5.99748 -0.00958902 -0.0516379 0.998646 216.422
0.999141 0.0399889 0.013186 1.09984 -0.0406048 0.997918 0.0503043 6.05993 -0.0111459 -0.0507952 0.998668 217.862
0.99909 0.0419785 0.0106604 1.10399 -0.0424636 0.997842 0.0502956 6.12344 -0.00852495 -0.0507011 0.998703 219.344
0.999029 0.0432008 0.0114887 1.11242 -0.0437207 0.99782 0.0496643 6.18547 -0.00931713 -0.050117 0.998722 220.798
0.998973 0.044893 0.00970399 1.11693 -0.0453202 0.997755 0.0495282 6.24258 -0.0074576 -0.0499157 0.998751 222.28
0.998928 0.0459583 0.00939844 1.12288 -0.0463707 0.997697 0.0497429 6.29807 -0.0070897 -0.0501241 0.99874 223.765
0.998875 0.0469736 0.00999693 1.12342 -0.0474126 0.99766 0.0494959 6.35932 -0.00764737 -0.0499128 0.998751 225.239
0.998906 0.046386 0.00959397 1.13738 -0.0468028 0.997708 0.0491094 6.42013 -0.00729302 -0.0495036 0.99877 226.734
0.99891 0.0462829 0.00959447 1.13873 -0.0467002 0.997709 0.0491712 6.4813 -0.00729564 -0.0495643 0.998771 228.192
0.998891 0.0467966 0.0092723 1.15595 -0.0471961 0.997696 0.0489718 6.55121 -0.00695824 -0.0493538 0.99878 229.692
0.998869 0.0472096 0.00938215 1.16121 -0.0476156 0.997663 0.0492438 6.61269 -0.00703439 -0.0496336 0.998769 231.184
0.998841 0.0475078 0.0108882 1.15879 -0.0479835 0.997674 0.0486554 6.68614 -0.00855028 -0.0491202 0.998781 232.68
0.998836 0.0478421 0.00978306 1.17513 -0.0482604 0.997676 0.0483384 6.74925 -0.00744676 -0.0487529 0.99881 234.18
0.998809 0.0481809 0.010936 1.17678 -0.0486502 0.997687 0.047726 6.81153 -0.00861016 -0.0481999 0.998825 235.677
0.998827 0.048093 0.0094746 1.18695 -0.0484908 0.9977 0.0476002 6.8754 -0.00716262 -0.0480024 0.998848 237.18
0.998862 0.0472098 0.0103352 1.18814 -0.0476533 0.997723 0.0479688 6.93217 -0.00804613 -0.0484054 0.99882 238.684
0.998848 0.0469868 0.0124191 1.19264 -0.0475289 0.997739 0.0477526 6.99006 -0.0101463 -0.0482864 0.998809 240.187
0.998819 0.047633 0.0123421 1.20912 -0.0481623 0.997751 0.046902 7.05374 -0.0100793 -0.0474397 0.998848 241.715
0.99878 0.0480361 0.0138044 1.21352 -0.0486234 0.997771 0.0459566 7.11677 -0.0115651 -0.0465704 0.998875 243.221
0.998769 0.0484959 0.0131098 1.22745 -0.0490503 0.997752 0.045932 7.17573 -0.0108519 -0.0465171 0.998884 244.739
0.998784 0.0480698 0.0134101 1.24085 -0.0486448 0.997746 0.0464905 7.23078 -0.011144 -0.0470849 0.998856 246.263
0.998774 0.0479918 0.0145191 1.25013 -0.0486235 0.997731 0.0468433 7.28545 -0.012237 -0.0474904 0.998822 247.775
0.998789 0.0480602 0.0130796 1.27158 -0.0486172 0.997758 0.0462676 7.34891 -0.0108258 -0.0468462 0.998871 249.306
0.998816 0.0471147 0.0145183 1.27245 -0.047757 0.997735 0.0476318 7.40281 -0.0122403 -0.0482672 0.998785 250.819
0.998841 0.0468817 0.0134212 1.29306 -0.0474744 0.997735 0.0479135 7.46584 -0.0111437 -0.0484937 0.998789 252.356
0.998832 0.0466332 0.0150143 1.30167 -0.0473064 0.997733 0.0481295 7.5315 -0.0127349 -0.048782 0.998754 253.868
0.998863 0.0464738 0.0132055 1.31902 -0.0470571 0.997751 0.0479778 7.5925 -0.0109453 -0.0485432 0.998789 255.416
0.998883 0.046037 0.0133873 1.33521 -0.0466333 0.997758 0.0482712 7.66217 -0.0111342 -0.0488401 0.998771 256.943
0.998861 0.0460789 0.0146861 1.35163 -0.0467353 0.997764 0.0480391 7.72956 -0.012439 -0.0486692 0.998766 258.461
0.998856 0.0469276 0.0123272 1.37759 -0.0474627 0.997759 0.0474419 7.79641 -0.0100725 -0.0479712 0.998825 259.987
0.998798 0.0478692 0.0132144 1.38977 -0.0484414 0.997729 0.0470666 7.8543 -0.0109307 -0.0476486 0.998834 261.514
0.998797 0.0481556 0.0123896 1.42143 -0.0486924 0.997699 0.0474425 7.91633 -0.0100757 -0.0479873 0.998824 263.051
0.998791 0.0481911 0.012514 1.44323 -0.048732 0.997704 0.0472919 7.98799 -0.0102055 -0.0478429 0.998832 264.592
0.998772 0.048286 0.0138771 1.44969 -0.0488876 0.997717 0.0468661 8.04799 -0.0115817 -0.0474855 0.998832 266.127
0.998763 0.0486136 0.0131673 1.47086 -0.0491775 0.997716 0.046574 8.10892 -0.0108724 -0.0471621 0.998857 267.648
0.99869 0.0495329 0.0153029 1.47706 -0.0501953 0.997672 0.0464253 8.17189 -0.012967 -0.0471311 0.998832 269.186
0.998601 0.0513181 0.0150708 1.49688 -0.0519661 0.997586 0.0463387 8.22246 -0.0126557 -0.0470553 0.998841 270.728
0.998539 0.0522591 0.0161165 1.51166 -0.0529492 0.997557 0.0458444 8.27843 -0.0136804 -0.0466293 0.998846 272.263
0.998425 0.0533186 0.019242 1.52283 -0.0541535 0.997492 0.0458577 8.33079 -0.0167478 -0.0468257 0.998793 273.793
0.998435 0.0534242 0.0185541 1.5499 -0.0542201 0.997509 0.0454107 8.39159 -0.016081 -0.0463442 0.998824 275.332
0.998335 0.0540183 0.0218305 1.5656 -0.0549582 0.997485 0.0450447 8.44717 -0.0193415 -0.0461675 0.998777 276.857
0.998357 0.0539372 0.0211404 1.59505 -0.0548456 0.997491 0.045035 8.50454 -0.0186573 -0.046119 0.99879 278.397
0.998325 0.0541222 0.0220031 1.62397 -0.0550769 0.997462 0.0453932 8.5621 -0.0194896 -0.0465271 0.998758 279.935
0.998266 0.0537793 0.0254224 1.65438 -0.0548998 0.997461 0.0456372 8.62234 -0.0229025 -0.0469523 0.998663 281.46
0.998305 0.0539204 0.023415 1.68538 -0.0549446 0.997462 0.0455606 8.68156 -0.0208979 -0.0467678 0.998719 283.007
0.998228 0.0539089 0.026631 1.72433 -0.0550596 0.997502 0.0445375 8.74133 -0.0241625 -0.0459234 0.998682 284.531
0.998301 0.053934 0.0235712 1.74821 -0.0549364 0.997525 0.0441805 8.80453 -0.0211289 -0.0453983 0.998777 286.08
0.998327 0.0538198 0.0228934 1.77907 -0.0548084 0.997496 0.0449808 8.86726 -0.0204143 -0.0461588 0.998755 287.625
0.99832 0.0530112 0.0248134 1.81358 -0.05409 0.997533 0.0450408 8.92156 -0.0223634 -0.0463051 0.998709 289.155
0.998381 0.0533724 0.021531 1.84231 -0.0542931 0.997537 0.0446981 8.97985 -0.0190913 -0.0457935 0.998798 290.717
0.998319 0.0533419 0.0241563 1.87486 -0.0543701 0.997559 0.04412 9.0362 -0.0217428 -0.0453571 0.998766 292.252
0.998359 0.0538511 0.021353 1.90198 -0.0547819 0.997466 0.0456895 9.0992 -0.0188374 -0.046783 0.998758 293.82
0.998376 0.0537338 0.020665 1.92649 -0.0546416 0.99745 0.0462053 9.1544 -0.0181285 -0.0472572 0.998749 295.383
0.998325 0.053998 0.0225485 1.9615 -0.0550148 0.997383 0.0471988 9.21527 -0.0199396 -0.048359 0.998662 296.936
0.998292 0.0552563 0.0207704 1.99128 -0.0562109 0.997249 0.048582 9.27701 -0.0180278 -0.0496642 0.998635 298.514
0.998213 0.0555594 0.0236807 2.01709 -0.0566566 0.99723 0.0484798 9.3442 -0.0209205 -0.0497335 0.998574 300.084
0.998183 0.0562083 0.0232981 2.05126 -0.0572853 0.997193 0.0484649 9.40547 -0.0205075 -0.049709 0.998585 301.673
0.998188 0.0560037 0.0237176 2.08404 -0.0571014 0.997207 0.0484356 9.4679 -0.0209376 -0.0497006 0.998576 303.258
0.998183 0.0555894 0.0248069 2.10886 -0.0567232 0.997266 0.0476078 9.53493 -0.0220914 -0.0489259 0.99859 304.835
0.998203 0.0555385 0.0241994 2.15337 -0.0566367 0.997286 0.047322 9.5975 -0.0215044 -0.0486061 0.998618 306.434
0.998169 0.0557262 0.0250471 2.18648 -0.0568525 0.9973 0.0467548 9.65828 -0.0223729 -0.0480907 0.998624 308.051
0.99821 0.0562989 0.0220662 2.23066 -0.0572826 0.997274 0.0467934 9.71863 -0.0193706 -0.0479721 0.998693 309.651
0.998221 0.0568231 0.0200474 2.26021 -0.0577162 0.997229 0.0471941 9.78652 -0.0173093 -0.0482647 0.998717 311.254
0.99816 0.0573714 0.0215807 2.28015 -0.0583846 0.997072 0.0496571 9.86162 -0.0186676 -0.050824 0.998565 312.873
0.998244 0.0562076 0.020651 2.31825 -0.0572492 0.996918 0.0538751 9.92894 -0.0175583 -0.0549601 0.998366 314.501
0.998228 0.0558807 0.022383 2.33625 -0.0570181 0.996932 0.0538543 10.0151 -0.0193039 -0.0550332 0.99833 316.111
0.998253 0.055528 0.0219988 2.37194 -0.056659 0.996911 0.054628 10.0883 -0.0188965 -0.0557763 0.998296 317.747
0.998228 0.0554581 0.0234136 2.40015 -0.0566762 0.996889 0.0550032 10.1654 -0.0202894 -0.0562308 0.998244 319.356
0.998251 0.0554258 0.0223846 2.44086 -0.0565978 0.996859 0.0556337 10.2505 -0.0192297 -0.0568004 0.998232 320.982
0.998239 0.055395 0.0230849 2.47491 -0.0566158 0.996833 0.0560627 10.3305 -0.0199053 -0.057269 0.998192 322.607
0.998157 0.0557659 0.0255035 2.49946 -0.0571294 0.996792 0.0562849 10.4203 -0.0222818 -0.0576353 0.998121 324.215
0.998154 0.0562125 0.0247413 2.5399 -0.0575397 0.996748 0.0566388 10.5037 -0.021476 -0.0579559 0.99812 325.836
0.998073 0.0563281 0.0274674 2.57108 -0.0578575 0.996623 0.0584889 10.5852 -0.0240789 -0.0599624 0.997943 327.442
0.998114 0.0563127 0.0261138 2.62167 -0.0577982 0.996531 0.0600944 10.6788 -0.0226381 -0.0614884 0.997883 329.061
0.998099 0.056584 0.0259882 2.66097 -0.0580738 0.996479 0.0606833 10.7705 -0.0224619 -0.0620741 0.997852 330.671
0.998085 0.0559252 0.0279947 2.6932 -0.0576094 0.996333 0.0634578 10.8784 -0.0243421 -0.064947 0.997624 332.279
0.998079 0.0567817 0.0263091 2.73742 -0.05837 0.996245 0.0641493 10.9868 -0.0225667 -0.0655586 0.997627 333.89
0.997994 0.0576146 0.0278314 2.76583 -0.0593505 0.996055 0.0661691 11.0781 -0.0239083 -0.067686 0.997452 335.487
0.998006 0.0583625 0.0256506 2.80871 -0.0599627 0.995974 0.0668133 11.1813 -0.021647 -0.0682147 0.997469 337.096
0.998015 0.0585783 0.0248941 2.84413 -0.0601778 0.995797 0.0692394 11.278 -0.0207326 -0.0705978 0.997322 338.706
0.997984 0.0587972 0.0255411 2.87068 -0.0604823 0.995641 0.071162 11.3872 -0.0212448 -0.0725599 0.997172 340.295
0.998042 0.0588034 0.0232639 2.90957 -0.0603607 0.99551 0.0730966 11.4924 -0.0188602 -0.0743554 0.997086 341.905
0.998034 0.0589764 0.0230339 2.93624 -0.0605261 0.995456 0.0736675 11.6001 -0.0185838 -0.0749132 0.997051 343.487
0.998102 0.0587515 0.020658 2.97218 -0.0601304 0.995455 0.07402 11.7164 -0.0162144 -0.0751193 0.997076 345.094
0.998142 0.0583459 0.0197205 3.00171 -0.0596664 0.995425 0.0747835 11.8251 -0.0152663 -0.0758175 0.997041 346.683
0.99814 0.0581658 0.0204858 3.02494 -0.0595579 0.995374 0.0755439 11.9401 -0.0159961 -0.0766209 0.996966 348.249
0.998163 0.0581083 0.0194214 3.05833 -0.0594279 0.995333 0.0761904 12.055 -0.0149027 -0.0772007 0.996941 349.847
0.998134 0.0581843 0.0207627 3.08011 -0.0596095 0.995315 0.0762761 12.1784 -0.0162265 -0.0773687 0.996905 351.419
0.998142 0.0582005 0.0202214 3.11006 -0.0595896 0.995284 0.0767029 12.2948 -0.0156611 -0.0777615 0.996886 353.023
0.998145 0.0581266 0.0204308 3.13651 -0.059537 0.995267 0.0769564 12.4051 -0.0158601 -0.0780272 0.99686 354.606
0.998106 0.0582613 0.0218043 3.15805 -0.0597814 0.995237 0.077163 12.5293 -0.017204 -0.0783163 0.996818 356.17
0.998113 0.0584245 0.0211229 3.18928 -0.0599005 0.995188 0.0776982 12.6493 -0.016481 -0.0788141 0.996788 357.768
0.998083 0.0584631 0.0222989 3.2186 -0.0600342 0.995164 0.0778933 12.7755 -0.0176364 -0.0790785 0.99675 359.33
0.99811 0.0583329 0.0214991 3.24836 -0.0598572 0.995105 0.0787833 12.8917 -0.0167974 -0.0799185 0.996694 360.929
0.998132 0.0578382 0.0217264 3.28204 -0.0594037 0.995027 0.0801077 13.0191 -0.0169842 -0.0812445 0.996587 362.512
0.998107 0.0576851 0.0233328 3.31261 -0.059402 0.994943 0.0811389 13.1426 -0.0185335 -0.0823685 0.996464 364.085
0.998124 0.0578598 0.0220437 3.35048 -0.0594826 0.994874 0.0819238 13.2771 -0.0171898 -0.0830769 0.996433 365.669
0.998082 0.0578545 0.0239797 3.38119 -0.0596452 0.994838 0.082235 13.4158 -0.0190975 -0.0835047 0.996359 367.249
0.998076 0.0582906 0.0230659 3.41662 -0.060012 0.994773 0.0827538 13.5493 -0.0181208 -0.0839743 0.996341 368.838
0.998019 0.0582932 0.0255087 3.44417 -0.0602456 0.994659 0.0839517 13.6766 -0.0204779 -0.0853193 0.996178 370.418
0.998031 0.0584749 0.0245438 3.48539 -0.0603439 0.994651 0.0839765 13.8012 -0.0195011 -0.0852874 0.996204 372.01
0.998027 0.0583757 0.0250293 3.52029 -0.060314 0.994539 0.0853039 13.9294 -0.0199122 -0.0866422 0.996076 373.602
0.997965 0.0585207 0.0269924 3.5526 -0.0606362 0.994487 0.0856903 14.061 -0.0218281 -0.0871478 0.995995 375.184
0.997997 0.0585454 0.0258166 3.59095 -0.0605922 0.994352 0.0872779 14.1945 -0.0205602 -0.0886643 0.995885 376.788
0.997918 0.0587973 0.0280838 3.62444 -0.0610489 0.994303 0.0875057 14.3228 -0.0227778 -0.0890332 0.995807 378.373
0.997912 0.0592534 0.0274592 3.66358 -0.0614644 0.994215 0.0882174 14.4565 -0.0220722 -0.0897178 0.995759 379.991
0.997841 0.060193 0.027901 3.70015 -0.0624411 0.994147 0.0882988 14.5856 -0.0224219 -0.0898454 0.995742 381.591
0.99775 0.0606533 0.0301814 3.73678 -0.063096 0.994141 0.0878989 14.7115 -0.0246722 -0.0896022 0.995708 383.184
0.997768 0.0608522 0.0290926 3.77651 -0.0632045 0.994101 0.0882731 14.8387 -0.0235486 -0.0899099 0.995711 384.801
0.997673 0.0612745 0.0314601 3.81408 -0.0638603 0.993987 0.0890796 14.9618 -0.0258116 -0.090878 0.995564 386.392
0.997678 0.0616606 0.0304308 3.85514 -0.0641679 0.993904 0.0897787 15.0831 -0.0247086 -0.0915179 0.995536 388.013
0.997622 0.0624068 0.0308467 3.89645 -0.064954 0.99384 0.0899279 15.2064 -0.0250435 -0.0917142 0.995507 389.627
0.997572 0.062318 0.0325333 3.93288 -0.065029 0.993803 0.0902795 15.335 -0.0267048 -0.0921708 0.995424 391.223
