1 0 0 0 0 1 0 0 0 0 1 0
0.999999 -6.99998e-05 -0.00143072 -0.000522457 7.04194e-05 1 0.000245734 -0.00350386 0.00143057 -0.000245869 0.999999 0.556342
0.999998 7.45269e-05 -0.00192227 -0.0042567 -7.39723e-05 1 0.000291295 -0.00351161 0.00192229 -0.000291163 0.999998 1.111
0.999992 1.29292e-05 -0.00404838 -0.00742165 -1.0931e-05 1 0.000479914 -0.0036691 0.00404828 -0.000479922 0.999992 1.66694
0.999981 -0.000210463 -0.00615039 -0.00915089 0.000215626 1 0.000837385 -0.00984464 0.00615011 -0.000838707 0.999981 2.21864
0.999975 -0.00020894 -0.00705136 -0.0106271 0.000216815 0.999999 0.00111142 -0.0148078 0.00705098 -0.00111302 0.999974 2.77253
0.999959 -9.71835e-05 -0.00901273 -0.0142023 0.000110509 0.999999 0.00148092 -0.0147977 0.0090124 -0.00148189 0.999959 3.34198
0.999952 1.86624e-05 -0.0098458 -0.021295 2.16098e-06 0.999998 0.0021083 -0.0181525 0.00984563 -0.00210832 0.999949 3.91221
0.999933 0.000106603 -0.0116367 -0.0287579 -7.82847e-05 0.999997 0.00243966 -0.0229983 0.0116368 -0.00243869 0.99993 4.49647
0.999932 0.000469206 -0.0116277 -0.0360937 -0.000459817 1 0.000802157 -0.0266342 0.0116279 -0.000796848 0.999932 5.08606
0.999911 0.000708535 -0.0133934 -0.0507076 -0.000693972 0.999999 0.00109595 -0.0267059 0.013394 -0.00108664 0.99991 5.68476
0.999893 0.00103941 -0.0146537 -0.065136 -0.00101723 0.999999 0.00151065 -0.0316955 0.0146551 -0.00149563 0.999892 6.28818
0.999884 0.0013688 -0.0152036 -0.0828315 -0.00132968 0.999996 0.00258236 -0.0379785 0.0152069 -0.00256196 0.999882 6.90641
0.999855 0.00243575 -0.0168438 -0.106823 -0.00229853 0.999964 0.00815501 -0.033958 0.0168629 -0.00811517 0.999825 7.55353
0.999859 0.00391272 -0.0163985 -0.122782 -0.00366594 0.99988 0.01505 -0.0184697 0.0164553 -0.0149879 0.999753 8.2052
0.999827 0.00457903 -0.0180424 -0.143424 -0.00429302 0.999865 0.0158595 -0.0273227 0.0181124 -0.0157794 0.999712 8.88577
0.9998 0.00615421 -0.0190793 -0.162599 -0.00585269 0.999857 0.0158203 -0.0374871 0.0191737 -0.0157056 0.999694 9.56148
0.999779 0.00912965 -0.0189568 -0.178309 -0.00895333 0.999916 0.00936744 -0.0500469 0.0190405 -0.0091957 0.999776 10.2403
0.999725 0.0107834 -0.0208862 -0.202781 -0.0107118 0.999936 0.00353593 -0.0517399 0.0209228 -0.00331127 0.999776 10.9626
0.999724 0.010431 -0.0210742 -0.215603 -0.010297 0.999926 0.00646019 -0.0552649 0.0211398 -0.00624152 0.999757 11.683
0.999723 0.00778878 -0.0223124 -0.237215 -0.00743055 0.999842 0.0160918 -0.0394069 0.022434 -0.0159215 0.999623 12.4535
0.99975 0.00653094 -0.0214447 -0.255459 -0.00602446 0.999704 0.0236011 -0.0287653 0.0215923 -0.0234661 0.999492 13.2168
0.999712 0.00732702 -0.0229724 -0.276062 -0.00676187 0.999675 0.0245777 -0.0272508 0.0231448 -0.0244152 0.999435 14.0071
0.999703 0.00771712 -0.0231487 -0.296919 -0.00713911 0.999664 0.0249506 -0.0206813 0.0233331 -0.024778 0.999421 14.8088
0.999728 0.00806012 -0.0219846 -0.314388 -0.00750686 0.999656 0.0251259 0.0023668 0.0221794 -0.0249539 0.999444 15.627
0.999719 0.00821638 -0.0222606 -0.337423 -0.00765152 0.99965 0.0253422 0.0402079 0.0224608 -0.0251648 0.999431 16.4631
0.999776 0.0058073 -0.0205347 -0.35617 -0.00527787 0.999654 0.0257352 0.0913507 0.0206769 -0.0256209 0.999458 17.3197
0.999772 0.00498416 -0.0208647 -0.378565 -0.00456949 0.999793 0.0198679 0.117817 0.0209593 -0.019768 0.999586 18.1912
0.99982 0.00498997 -0.0185111 -0.394958 -0.00461543 0.999784 0.0202134 0.157357 0.0186077 -0.0201242 0.999624 19.0781
0.999803 0.00443456 -0.0194324 -0.417865 -0.00400242 0.999747 0.0222127 0.190315 0.019526 -0.0221304 0.999566 19.9852
0.999805 0.00401863 -0.0194994 -0.440647 -0.00356056 0.999717 0.0234647 0.21476 0.019588 -0.0233904 0.999535 20.9032
0.999822 0.00443709 -0.0184618 -0.458045 -0.00400043 0.999714 0.0236143 0.234031 0.0185615 -0.023536 0.999552 21.8391
0.999803 0.00519614 -0.0193446 -0.48422 -0.00473243 0.999702 0.0239302 0.25002 0.019463 -0.0238337 0.999527 22.7829
0.999816 0.00562883 -0.0184311 -0.509601 -0.00516599 0.999673 0.0250564 0.273369 0.0185662 -0.0249564 0.999517 23.7423
0.999815 0.00524027 -0.0186844 -0.537942 -0.00475316 0.99965 0.0260123 0.292752 0.0188141 -0.0259184 0.999487 24.6916
0.999819 0.00519405 -0.0183997 -0.561354 -0.00470381 0.999636 0.0265795 0.313609 0.0185311 -0.0264881 0.999478 25.6789
0.99981 0.00500506 -0.0190081 -0.586503 -0.00449127 0.999625 0.0269706 0.33386 0.019136 -0.0268798 0.999456 26.648
0.999801 0.00515409 -0.0194063 -0.612737 -0.00461219 0.999602 0.0278589 0.355437 0.0195422 -0.0277639 0.999424 27.6411
0.999812 0.00482649 -0.0190154 -0.638886 -0.00428024 0.99958 0.0286554 0.38136 0.0191456 -0.0285683 0.999409 28.6555
0.999796 0.00438797 -0.0199016 -0.665104 -0.00380806 0.99957 0.0290791 0.41198 0.0200207 -0.0289973 0.99938 29.6488
0.999815 0.00360175 -0.0191859 -0.685347 -0.00305173 0.999587 0.0286121 0.440358 0.0192811 -0.028548 0.999408 30.6802
0.9998 0.00359206 -0.0198795 -0.713758 -0.00302009 0.999583 0.0287211 0.470363 0.0199745 -0.0286552 0.999391 31.6915
0.999795 0.0023423 -0.0203686 -0.737028 -0.00174203 0.999566 0.0294317 0.503731 0.0204289 -0.0293899 0.999361 32.7219
0.9998 0.00147875 -0.0201381 -0.75861 -0.00086049 0.99953 0.0306709 0.537051 0.0201742 -0.0306473 0.999328 33.7678
0.999771 0.00126663 -0.0216256 -0.785648 -0.000574941 0.99949 0.0319562 0.565513 0.0216552 -0.0319361 0.999257 34.8115
0.999782 0.00129834 -0.0210814 -0.816679 -0.000612741 0.999473 0.0324912 0.59718 0.0211128 -0.0324711 0.999251 35.8743
0.999756 0.00140977 -0.0223169 -0.844037 -0.000680817 0.999468 0.0326316 0.626896 0.0223512 -0.0326081 0.99922 36.925
0.999777 0.00189487 -0.0212487 -0.87319 -0.00120982 0.999482 0.032203 0.657169 0.0212989 -0.0321699 0.999258 37.9909
0.99974 0.00256756 -0.0229192 -0.895226 -0.00182508 0.999476 0.0323499 0.685732 0.0229905 -0.0322992 0.999216 39.0593
0.99972 0.00251602 -0.023732 -0.922402 -0.00172699 0.999448 0.0332043 0.714034 0.0238027 -0.0331538 0.999169 40.132
0.99974 0.00301961 -0.0228746 -0.956416 -0.00222991 0.999404 0.0344656 0.737859 0.0229652 -0.0344053 0.999146 41.1969
0.999701 0.00399328 -0.024317 -0.989495 -0.00313865 0.999381 0.0350802 0.757913 0.0244422 -0.0349931 0.999091 42.2781
0.99972 0.00498797 -0.0234336 -1.02567 -0.0041586 0.999369 0.0353002 0.782024 0.0235952 -0.0351926 0.999104 43.3458
0.99967 0.00621091 -0.025169 -1.06045 -0.00536349 0.999422 0.0335937 0.804738 0.0253633 -0.0334472 0.999122 44.412
0.999695 0.00690815 -0.024006 -1.09803 -0.006099 0.999417 0.0336084 0.83439 0.0242245 -0.0334514 0.99915 45.4849
0.999677 0.00713541 -0.0246584 -1.1255 -0.00629472 0.999403 0.0339966 0.86198 0.0248865 -0.03383 0.999122 46.5571
0.99968 0.00711094 -0.0245852 -1.15881 -0.0062326 0.999347 0.0356089 0.885229 0.0248226 -0.0354439 0.999067 47.6388
0.999705 0.00739433 -0.0234055 -1.19315 -0.0065377 0.999315 0.0364559 0.915856 0.0236592 -0.0362918 0.999065 48.7161
0.999689 0.00701766 -0.0242632 -1.22181 -0.00611463 0.999295 0.0370842 0.941072 0.0245065 -0.036924 0.999022 49.8002
0.999715 0.00755235 -0.0229285 -1.25351 -0.00670317 0.999299 0.0368759 0.979013 0.0231912 -0.0367114 0.999061 50.8749
0.999703 0.00773692 -0.0234659 -1.28158 -0.00687031 0.999301 0.0367768 1.00525 0.0237342 -0.0366043 0.999052 51.9532
0.999701 0.00818801 -0.0233526 -1.31308 -0.00733028 0.999305 0.0365692 1.04615 0.0236361 -0.0363868 0.999063 53.0296
0.999741 0.00801848 -0.0216913 -1.3417 -0.00721638 0.999298 0.0367917 1.07647 0.0219712 -0.0366253 0.999092 54.0999
0.999712 0.00827899 -0.0228399 -1.36892 -0.00742758 0.999285 0.0371016 1.10656 0.023131 -0.0369208 0.999056 55.1735
0.999744 0.00836633 -0.0214482 -1.39657 -0.00756065 0.999274 0.0373587 1.13863 0.0217453 -0.0371865 0.999077 56.2403
0.999727 0.00770741 -0.0223854 -1.41982 -0.00682856 0.999214 0.039061 1.17843 0.0226691 -0.0388971 0.998991 57.3203
0.999777 0.00753348 -0.0201584 -1.44798 -0.00668028 0.999095 0.0420424 1.21655 0.020457 -0.0418979 0.998918 58.386
0.999763 0.00665751 -0.0211134 -1.47087 -0.00560993 0.99877 0.0492788 1.26031 0.0214157 -0.0491483 0.998568 59.4774
0.999771 0.0063057 -0.0208706 -1.49734 -0.005256 0.99874 0.0499551 1.30834 0.0211594 -0.0498335 0.998539 60.5571
0.999797 0.00590139 -0.0196975 -1.52409 -0.00491258 0.998745 0.0498595 1.35887 0.0199673 -0.0497522 0.998568 61.6253
0.999775 0.00596349 -0.0208106 -1.54733 -0.00491037 0.998725 0.050276 1.41014 0.0210841 -0.050162 0.998524 62.7048
0.999794 0.00648439 -0.0197106 -1.57854 -0.00548643 0.998723 0.0502539 1.46794 0.0200117 -0.0501349 0.998549 63.7729
0.999767 0.00715426 -0.020839 -1.60247 -0.00619848 0.998945 0.045552 1.51969 0.0211433 -0.0454118 0.998751 64.857
0.999771 0.00807735 -0.0202936 -1.63502 -0.00712724 0.998897 0.0464438 1.56587 0.0206469 -0.046288 0.998721 65.9407
0.9998 0.00898627 -0.018391 -1.66911 -0.00807863 0.998777 0.0488136 1.60903 0.0188078 -0.0486548 0.998644 67.0271
0.999775 0.00917159 -0.019617 -1.69453 -0.00816813 0.998686 0.0506209 1.64816 0.020056 -0.0504485 0.998531 68.1204
0.999797 0.00935756 -0.018384 -1.72291 -0.00839288 0.998622 0.0518386 1.69436 0.0188445 -0.0516732 0.998492 69.2012
0.999784 0.0091877 -0.0191938 -1.74517 -0.00815901 0.998564 0.0529872 1.7459 0.0196536 -0.0528183 0.998417 70.2977
0.9998 0.00903512 -0.0184308 -1.7713 -0.00802358 0.998499 0.0542045 1.79596 0.0188936 -0.0540452 0.998365 71.3722
0.999773 0.00879767 -0.01997 -1.79336 -0.00767232 0.998419 0.0557268 1.84697 0.0204292 -0.05556 0.998254 72.4653
0.999776 0.00762925 -0.0202703 -1.81666 -0.00643553 0.998281 0.0582858 1.89278 0.0206808 -0.0581417 0.9981 73.5424
0.999791 0.00782243 -0.0194477 -1.84135 -0.00666964 0.99826 0.0586354 1.9504 0.019873 -0.0584924 0.998097 74.6078
0.99975 0.00828749 -0.021276 -1.8688 -0.00702943 0.998264 0.0585068 2.00598 0.0217246 -0.0583419 0.998067 75.6877
0.999763 0.00898657 -0.0203677 -1.9003 -0.00776504 0.998215 0.059262 2.05483 0.0208643 -0.0590887 0.998042 76.7518
0.999709 0.0103646 -0.0222924 -1.9336 -0.0089883 0.998102 0.0609462 2.09852 0.0228825 -0.0607274 0.997899 77.8283
0.999684 0.0118908 -0.0226759 -1.96728 -0.0104332 0.99794 0.0633348 2.13344 0.0233827 -0.0630769 0.997743 78.9006
0.999692 0.0130445 -0.0216462 -2.00052 -0.0115976 0.997778 0.0656395 2.18403 0.0224551 -0.0653674 0.997616 79.9655
0.999648 0.0140353 -0.0230316 -2.03719 -0.0124908 0.997752 0.0658759 2.23483 0.0239049 -0.0655638 0.99757 81.0181
0.999662 0.0144417 -0.0221784 -2.0686 -0.0129488 0.997737 0.0660116 2.29459 0.0230822 -0.0657012 0.997579 82.0685
0.999628 0.0143073 -0.0237836 -2.09775 -0.0126942 0.997699 0.0666357 2.36061 0.0246828 -0.0663074 0.997503 83.1168
0.999646 0.0140456 -0.0231111 -2.12461 -0.0124629 0.997662 0.0672295 2.42817 0.0240021 -0.0669169 0.997477 84.1494
0.999608 0.0137356 -0.0249454 -2.15006 -0.0120086 0.997609 0.0680984 2.49198 0.0258217 -0.0677705 0.997376 85.1789
0.999593 0.0135886 -0.0255748 -2.17785 -0.0117838 0.99752 0.0694181 2.55108 0.0264554 -0.0690877 0.997267 86.1887
0.999613 0.0134268 -0.0249301 -2.20952 -0.0116264 0.997411 0.0710052 2.61321 0.0258195 -0.0706861 0.997174 87.1754
0.999565 0.0133529 -0.026798 -2.2397 -0.0113891 0.997333 0.0721158 2.66935 0.0276901 -0.0717782 0.997044 88.1515
0.999538 0.0132274 -0.0278716 -2.27013 -0.0111646 0.997279 0.0729034 2.72663 0.0287607 -0.0725568 0.996959 89.0919
0.999413 0.0132721 -0.0319974 -2.30662 -0.010878 0.997213 0.073844 2.78566 0.0328889 -0.0734516 0.996764 90.025
0.999299 0.0134055 -0.0353505 -2.34415 -0.0107473 0.997178 0.0743351 2.84514 0.0362476 -0.0739012 0.996617 90.9277
0.999221 0.0138108 -0.0373326 -2.38414 -0.0109708 0.99711 0.0752129 2.8957 0.0382641 -0.0747437 0.996476 91.8028
0.999064 0.0146242 -0.0410586 -2.42666 -0.0114675 0.997038 0.0760859 2.9414 0.0420501 -0.075542 0.996266 92.658
0.998968 0.0159068 -0.0428679 -2.47022 -0.0125768 0.996967 0.0768464 2.98179 0.0439606 -0.0762268 0.996129 93.4869
0.998771 0.0169697 -0.0468843 -2.51522 -0.0132742 0.996866 0.0780351 3.02484 0.0480618 -0.077315 0.995859 94.3052
0.998679 0.0181751 -0.048351 -2.56052 -0.0143313 0.996801 0.0786743 3.0684 0.0496265 -0.0778762 0.995736 95.0809
0.998493 0.0189708 -0.0517861 -2.60703 -0.0148219 0.996741 0.0793514 3.11609 0.0531227 -0.0784623 0.995512 95.8418
0.998341 0.0198015 -0.0543262 -2.6565 -0.0154332 0.996705 0.0796673 3.16051 0.055725 -0.0786954 0.995349 96.5653
0.998244 0.0205859 -0.0558182 -2.70124 -0.0160786 0.996667 0.0800261 3.20445 0.0572797 -0.0789862 0.995241 97.2513
0.998042 0.0212083 -0.0590868 -2.74915 -0.0164088 0.996619 0.0805473 3.24977 0.0605954 -0.0794187 0.995007 97.9175
0.997966 0.0214938 -0.0602599 -2.79623 -0.0165634 0.996568 0.0811516 3.28999 0.0617975 -0.0799866 0.994891 98.5409
0.99787 0.0217363 -0.0617417 -2.84479 -0.0166534 0.996524 0.0816643 3.32762 0.0633022 -0.0804608 0.994755 99.1507
0.997915 0.0222621 -0.0608247 -2.88986 -0.0172065 0.996454 0.0824071 3.36573 0.0624436 -0.0811867 0.994754 99.7283
0.998097 0.0233122 -0.0573378 -2.93138 -0.0184775 0.996345 0.0834356 3.40034 0.0590735 -0.0822161 0.994872 100.28
0.998349 0.0239616 -0.0525131 -2.96905 -0.0194789 0.996257 0.0842677 3.43326 0.0543358 -0.0831036 0.995072 100.816
0.998731 0.02415 -0.0445069 -2.99316 -0.0202868 0.996154 0.0852747 3.46556 0.0463953 -0.0842622 0.995373 101.326
0.999095 0.0242245 -0.0354157 -3.01484 -0.0211004 0.99607 0.0860619 3.49943 0.0373615 -0.0852346 0.995673 101.82
0.999454 0.0240981 -0.0232334 -3.02243 -0.021999 0.995996 0.0866833 3.53518 0.0252296 -0.0861235 0.995975 102.289
0.999671 0.0241869 -0.0102968 -3.02573 -0.0232002 0.995939 0.0870342 3.57058 0.0123606 -0.0867645 0.996165 102.736
0.99971 0.0241024 0.00529041 -3.02095 -0.0244707 0.995907 0.0870501 3.60685 -0.00317009 -0.087153 0.9962 103.168
0.999466 0.0242942 0.0226482 -3.00582 -0.0261804 0.995859 0.0871051 3.63948 -0.0204376 -0.0876493 0.995955 103.582
0.998757 0.0242607 0.043895 -2.98171 -0.027902 0.996048 0.084363 3.66498 -0.041674 -0.0854814 0.995479 103.99
0.997357 0.0241509 0.0687886 -2.94491 -0.0299404 0.995985 0.0844235 3.69834 -0.0664723 -0.0862577 0.994067 104.395
0.995173 0.0238358 0.0953555 -2.89273 -0.0319608 0.995905 0.0846198 3.72873 -0.0929468 -0.0872576 0.991852 104.785
0.99179 0.0234115 0.125858 -2.83013 -0.0341951 0.995865 0.08422 3.76025 -0.123364 -0.0878299 0.988482 105.174
0.98723 0.0230557 0.157728 -2.75133 -0.0365948 0.995841 0.0834863 3.79441 -0.155145 -0.0881906 0.983959 105.541
0.980757 0.0225499 0.194023 -2.65966 -0.0392264 0.99582 0.082547 3.82753 -0.191348 -0.0885669 0.977534 105.912
0.972527 0.0218097 0.231836 -2.54926 -0.0418036 0.995786 0.0816868 3.85733 -0.229074 -0.0891327 0.969333 106.265
0.961987 0.0214856 0.272321 -2.42855 -0.0449494 0.995768 0.0802222 3.88846 -0.269442 -0.0894107 0.958874 106.62
0.949661 0.0213977 0.3126 -2.29457 -0.0482704 0.995751 0.0784844 3.92149 -0.309589 -0.0896214 0.946652 106.947
0.93404 0.0212838 0.356588 -2.1493 -0.0519188 0.995717 0.0765636 3.95315 -0.353428 -0.0900243 0.931137 107.274
0.915425 0.0203933 0.402013 -1.98984 -0.0551625 0.995653 0.0751042 3.97646 -0.39873 -0.0909267 0.912565 107.603
0.895319 0.0198 0.445028 -1.81387 -0.0583946 0.995612 0.0731835 4.00136 -0.441623 -0.091507 0.89254 107.898
0.871395 0.0190137 0.490247 -1.62265 -0.061602 0.995585 0.0708833 4.02527 -0.486731 -0.091966 0.868713 108.198
0.846437 0.0189185 0.53219 -1.41983 -0.0650064 0.99557 0.0680006 4.05075 -0.528542 -0.0921509 0.843911 108.466
0.818107 0.0186444 0.574793 -1.20404 -0.0684148 0.995536 0.0650837 4.07824 -0.571009 -0.0925682 0.815725 108.739
0.787889 0.0186293 0.615569 -0.977288 -0.0718981 0.995494 0.0618981 4.10371 -0.611637 -0.0930239 0.785672 108.993
0.753348 0.0185918 0.657385 -0.733496 -0.075541 0.995435 0.0584161 4.1304 -0.653292 -0.0936655 0.751309 109.254
0.716148 0.02251 0.697616 -0.479064 -0.0834923 0.995071 0.0536025 4.17859 -0.692965 -0.0966296 0.714492 109.489
0.676666 0.020986 0.736014 -0.202879 -0.085511 0.995074 0.0502434 4.1947 -0.731328 -0.0969335 0.675123 109.716
0.634435 0.0188676 0.772774 0.09551 -0.0874866 0.995037 0.0475311 4.21294 -0.768035 -0.0977595 0.632932 109.932
0.591239 0.0176241 0.806326 0.405119 -0.0904802 0.994904 0.044599 4.23636 -0.801423 -0.0993233 0.589818 110.121
0.54353 0.0163678 0.839256 0.73143 -0.0933347 0.994794 0.0410457 4.25526 -0.834208 -0.100638 0.542224 110.312
0.496898 0.0148757 0.867703 1.06654 -0.0954154 0.994733 0.0375871 4.27371 -0.862565 -0.101467 0.495698 110.468
0.444951 0.0129018 0.895487 1.42037 -0.0976037 0.994645 0.0341675 4.28681 -0.890242 -0.102602 0.443825 110.621
0.393927 0.0130019 0.91907 1.77761 -0.100936 0.99447 0.0291941 4.30546 -0.913599 -0.104265 0.39306 110.749
0.342641 0.0134846 0.939394 2.14713 -0.103806 0.994323 0.0235903 4.31718 -0.933735 -0.105594 0.342094 110.865
0.292922 0.015222 0.956036 2.53208 -0.109323 0.993855 0.0176716 4.3378 -0.949882 -0.109691 0.292786 110.962
0.246125 0.0145861 0.969152 2.92598 -0.109332 0.993928 0.0128073 4.34799 -0.963073 -0.109108 0.246225 111.047
0.202845 0.0132305 0.979142 3.34456 -0.107974 0.994119 0.00893549 4.35584 -0.973256 -0.107532 0.203081 111.122
0.167317 0.0124863 0.985848 3.75485 -0.102767 0.994699 0.00484355 4.36538 -0.980554 -0.102119 0.167714 111.167
0.135975 0.0124249 0.990656 4.20142 -0.103324 0.994652 0.00170711 4.37686 -0.985326 -0.102589 0.136533 111.215
0.108951 0.0106771 0.994014 4.65685 -0.105659 0.994408 0.000900269 4.38055 -0.988437 -0.105121 0.109471 111.257
0.0832368 0.00698805 0.996527 5.1365 -0.110405 0.99389 0.00225212 4.38916 -0.990412 -0.110206 0.0835009 111.302
0.0582655 0.00245252 0.998323 5.64044 -0.115088 0.993353 0.00427726 4.39483 -0.991667 -0.11514 0.0581617 111.334
0.0361988 0.000601477 0.999366 6.1561 -0.114787 0.993389 0.00355979 4.38506 -0.992748 -0.11484 0.0360302 111.347
0.015793 0.000902372 0.999901 6.68796 -0.113565 0.993537 0.000897707 4.38803 -0.993427 -0.113564 0.0157953 111.342
-0.00259646 0.00452959 1.00001 7.24189 -0.110119 0.993912 -0.00478799 4.37549 -0.993933 -0.11013 -0.00207991 111.323
-0.0167116 0.0053914 0.999872 7.80103 -0.111128 0.993788 -0.00721531 4.37705 -0.993688 -0.111231 -0.0160064 111.315
-0.0283265 0.00542111 0.999608 8.401 -0.111872 0.993692 -0.00855936 4.37873 -0.993338 -0.112068 -0.0275392 111.304
-0.0344617 0.00497084 0.99942 9.01439 -0.110137 0.993886 -0.00874044 4.37141 -0.993341 -0.11037 -0.0337011 111.28
-0.0373843 0.00276581 0.999321 9.65108 -0.104522 0.994506 -0.0066627 4.35374 -0.99384 -0.104697 -0.0368876 111.248
-0.0377099 0.00146771 0.999315 10.3015 -0.104572 0.99451 -0.00540615 4.348 -0.993825 -0.104701 -0.0373469 111.223
-0.0353882 0.00132982 0.999397 10.9706 -0.105568 0.994405 -0.00506136 4.34359 -0.993803 -0.10568 -0.0350476 111.204
-0.0344913 0.0013413 0.999431 11.6583 -0.107102 0.994243 -0.00502993 4.34671 -0.993673 -0.107211 -0.0341467 111.191
-0.0326108 0.00110168 0.999492 12.3517 -0.108096 0.994136 -0.00462267 4.33402 -0.993626 -0.108189 -0.0322983 111.173
-0.0316409 0.000921829 0.999526 13.0692 -0.107549 0.994198 -0.00432081 4.32891 -0.99372 -0.10763 -0.0313558 111.152
-0.0316701 0.000462651 0.999524 13.8108 -0.107473 0.994208 -0.00386552 4.31228 -0.993724 -0.107541 -0.0314349 111.132
-0.0305594 -7.3353e-05 0.99956 14.5545 -0.107792 0.994176 -0.00322188 4.30162 -0.993728 -0.107839 -0.0303869 111.115
-0.0304624 -0.000689225 0.999562 15.3257 -0.107503 0.994209 -0.00259074 4.29516 -0.993758 -0.107532 -0.030358 111.096
-0.0305371 -0.00175627 0.99956 16.0947 -0.107575 0.994203 -0.00153894 4.2811 -0.993752 -0.107571 -0.0305467 111.073
-0.031627 -0.00226658 0.999525 16.8827 -0.10834 0.994121 -0.00117387 4.27997 -0.993632 -0.108323 -0.0316845 111.051
-0.0331687 -0.00266677 0.999474 17.6883 -0.108642 0.994089 -0.000952304 4.27729 -0.993552 -0.108612 -0.0332599 111.031
-0.0341782 -0.00402661 0.999435 18.4839 -0.107266 0.994238 0.00033737 4.2679 -0.993664 -0.10719 -0.034411 111.001
-0.035898 -0.00488555 0.999371 19.289 -0.106714 0.994298 0.00102812 4.26048 -0.993667 -0.106606 -0.0362121 110.976
-0.0370989 -0.00516556 0.999326 20.1016 -0.106942 0.994272 0.00116927 4.26538 -0.993595 -0.106823 -0.0374366 110.953
-0.0380358 -0.00287929 0.999301 20.9192 -0.108011 0.994158 -0.00124615 4.26643 -0.993447 -0.107979 -0.038122 110.933
-0.0401852 -0.00272467 0.999216 21.7537 -0.107588 0.994202 -0.00161594 4.26227 -0.993406 -0.107565 -0.040243 110.906
-0.0406729 -0.00320342 0.999196 22.5836 -0.107322 0.994232 -0.00118055 4.26002 -0.993417 -0.10728 -0.0407794 110.88
-0.0431337 -0.00457892 0.999086 23.4299 -0.108076 0.99415 -0.000109818 4.27079 -0.99323 -0.107978 -0.0433737 110.861
-0.0434271 -0.00696405 0.999061 24.2657 -0.108807 0.994068 0.00220019 4.27803 -0.993139 -0.108605 -0.0439246 110.837
-0.044355 -0.0115922 0.998976 25.1171 -0.110097 0.993907 0.00664499 4.27778 -0.992955 -0.109685 -0.0453584 110.811
-0.0438935 -0.0179314 0.998904 25.9581 -0.114427 0.993357 0.0128043 4.27474 -0.992487 -0.113735 -0.0456512 110.787
-0.0439222 -0.0200444 0.998862 26.8021 -0.114189 0.993355 0.0149127 4.28449 -0.992513 -0.1134 -0.0459166 110.757
-0.0439173 -0.013 0.998979 27.6333 -0.112716 0.993604 0.00797546 4.26533 -0.992682 -0.112246 -0.0450991 110.726
-0.0420583 -0.00373204 0.999136 28.452 -0.110514 0.993882 -0.000939625 4.25523 -0.99301 -0.110454 -0.0422109 110.689
-0.0424207 -0.00378006 0.999122 29.2786 -0.110646 0.993868 -0.000937036 4.25499 -0.99298 -0.110584 -0.0425762 110.657
-0.0402342 -0.00891872 0.999179 30.1135 -0.109439 0.993992 0.00446562 4.25677 -0.993204 -0.109165 -0.0409659 110.624
-0.0391694 -0.0162637 0.999129 30.9448 -0.106931 0.994203 0.0119922 4.24802 -0.99352 -0.106363 -0.0406789 110.594
-0.0396158 -0.0202975 0.999038 31.7683 -0.105341 0.994316 0.0160244 4.24385 -0.993672 -0.104601 -0.0415261 110.567
-0.0388639 -0.0207042 0.999059 32.5862 -0.105961 0.994243 0.0164831 4.2475 -0.993637 -0.105216 -0.0408314 110.541
-0.0407609 -0.0207968 0.998982 33.3941 -0.107107 0.994122 0.0163254 4.25454 -0.993437 -0.106329 -0.0427463 110.52
-0.0421448 -0.0212005 0.998916 34.2029 -0.107696 0.994055 0.0165543 4.2578 -0.993317 -0.106878 -0.0441748 110.491
-0.0452323 -0.0215627 0.998774 35.0112 -0.107729 0.99405 0.0165818 4.26101 -0.993177 -0.106842 -0.0472836 110.46
-0.0464884 -0.0219764 0.998707 35.8151 -0.108306 0.993984 0.0168317 4.25954 -0.993057 -0.107379 -0.0485862 110.427
-0.0484367 -0.0222277 0.998609 36.6157 -0.108846 0.993924 0.0168437 4.26692 -0.992904 -0.107875 -0.0505593 110.392
-0.0515545 -0.0228444 0.998439 37.4068 -0.108938 0.99391 0.0171165 4.27567 -0.992738 -0.107881 -0.0537265 110.359
-0.0532404 -0.0246726 0.998307 38.1867 -0.108578 0.993919 0.0187734 4.27709 -0.992688 -0.107391 -0.055593 110.32
-0.0561193 -0.0249532 0.998142 38.9636 -0.10838 0.993941 0.0187554 4.28519 -0.992551 -0.107122 -0.0584809 110.28
-0.0572229 -0.0248741 0.998082 39.7423 -0.108311 0.993952 0.0185611 4.28684 -0.992496 -0.107037 -0.0595683 110.239
-0.0592018 -0.0251306 0.99796 40.5148 -0.108481 0.993933 0.0185944 4.29195 -0.992362 -0.107154 -0.0615659 110.196
-0.0593393 -0.0259802 0.99793 41.285 -0.108429 0.993923 0.0194281 4.29204 -0.992359 -0.107048 -0.0617929 110.148
-0.0607195 -0.0264046 0.997836 42.0536 -0.108259 0.993936 0.0197143 4.30334 -0.992294 -0.106823 -0.063207 110.103
-0.0628889 -0.0266611 0.997695 42.8165 -0.108115 0.993951 0.0197458 4.31447 -0.992175 -0.10662 -0.0653881 110.058
-0.0635506 -0.02723 0.99764 43.5603 -0.108124 0.99394 0.0202421 4.32398 -0.992132 -0.106578 -0.066107 110.016
-0.0653513 -0.0279053 0.997503 44.2867 -0.108432 0.993897 0.0207002 4.33198 -0.991982 -0.106805 -0.0679753 109.975
-0.0651418 -0.0283459 0.997506 44.9988 -0.108678 0.993861 0.0211458 4.34046 -0.991969 -0.107024 -0.0678196 109.933
-0.0663948 -0.0288598 0.997407 45.6944 -0.108847 0.993835 0.0215105 4.34437 -0.991868 -0.107132 -0.0691236 109.891
-0.0658045 -0.0288554 0.997448 46.3963 -0.10915 0.993801 0.0215497 4.34814 -0.991873 -0.107449 -0.0685434 109.848
-0.0658537 -0.0287091 0.997447 47.0923 -0.109321 0.993785 0.0213858 4.36137 -0.991852 -0.10763 -0.0685797 109.808
-0.066696 -0.028922 0.997388 47.7814 -0.10922 0.993794 0.0215149 4.36791 -0.991806 -0.107495 -0.0694382 109.768
-0.0660904 -0.02915 0.997419 48.4705 -0.108735 0.99384 0.0218403 4.37993 -0.991901 -0.107007 -0.0688497 109.722
-0.0673061 -0.0297327 0.997324 49.1582 -0.109049 0.993796 0.022269 4.38528 -0.991784 -0.107254 -0.0701281 109.679
-0.0660052 -0.0325866 0.997319 49.8511 -0.112414 0.993357 0.025017 4.37927 -0.991496 -0.110458 -0.0692266 109.649
-0.0667993 -0.0328235 0.997261 50.5303 -0.11233 0.993361 0.0251717 4.39087 -0.991452 -0.110336 -0.0700401 109.611
-0.0656248 -0.0338146 0.997304 51.2046 -0.11149 0.993427 0.0263466 4.39156 -0.991626 -0.109456 -0.0689602 109.574
-0.0666209 -0.034516 0.997216 51.8738 -0.112065 0.993347 0.0268962 4.39135 -0.991495 -0.109956 -0.0700429 109.534
-0.0706243 -0.0372288 0.996841 52.5358 -0.116056 0.992834 0.0288565 4.39411 -0.990758 -0.113647 -0.0744355 109.5
-0.0749645 -0.0374541 0.996518 53.197 -0.11622 0.992822 0.0285733 4.40955 -0.99042 -0.113669 -0.0787764 109.462
-0.0817362 -0.035544 0.996053 53.8584 -0.115306 0.993001 0.0259729 4.41851 -0.989991 -0.112723 -0.085259 109.406
-0.0872721 -0.0352121 0.995598 54.514 -0.114702 0.993093 0.02507 4.42736 -0.989589 -0.112004 -0.0907052 109.339
-0.0949541 -0.0347777 0.994907 55.1836 -0.114243 0.993178 0.0238137 4.4426 -0.988935 -0.111396 -0.0982758 109.277
-0.10056 -0.0353934 0.994338 55.8551 -0.115304 0.993058 0.023688 4.45701 -0.988258 -0.112264 -0.10394 109.212
-0.105854 -0.0364114 0.993749 56.5355 -0.115777 0.992994 0.0240512 4.46656 -0.987649 -0.112502 -0.109324 109.142
-0.111131 -0.0368498 0.993159 57.2186 -0.11729 0.992825 0.0237142 4.47216 -0.986891 -0.113846 -0.114653 109.071
-0.114482 -0.0375864 0.992748 57.9029 -0.119106 0.992607 0.0238457 4.48632 -0.98629 -0.115508 -0.118109 108.996
-0.118129 -0.0405402 0.992208 58.6049 -0.119466 0.992499 0.0263302 4.49864 -0.985817 -0.115419 -0.122083 108.916
-0.119132 -0.046281 0.991833 59.3058 -0.118831 0.992409 0.0320345 4.509 -0.985773 -0.11404 -0.123724 108.83
-0.121765 -0.05111 0.99128 60.0227 -0.12107 0.991991 0.0362762 4.52199 -0.985179 -0.115592 -0.126975 108.746
-0.122405 -0.0517792 0.991163 60.7403 -0.12159 0.991909 0.0368019 4.54493 -0.985036 -0.116007 -0.127707 108.656
-0.122723 -0.0519598 0.991118 61.4665 -0.121999 0.991855 0.0368934 4.56949 -0.984945 -0.116383 -0.128059 108.567
-0.124331 -0.0487851 0.991076 62.1915 -0.117176 0.992536 0.0341568 4.59904 -0.98533 -0.111879 -0.129115 108.47
-0.124917 -0.045069 0.991182 62.9257 -0.109783 0.993473 0.0313388 4.60321 -0.986107 -0.104894 -0.129046 108.366
-0.126662 -0.0448731 0.990966 63.6591 -0.109809 0.993483 0.0309515 4.63558 -0.985882 -0.104892 -0.130759 108.273
-0.12649 -0.0474211 0.990874 64.3978 -0.11136 0.993233 0.0333199 4.65653 -0.98573 -0.106124 -0.130911 108.182
-0.126591 -0.0540233 0.990519 65.1391 -0.111285 0.992999 0.0399358 4.67675 -0.985726 -0.10517 -0.131712 108.09
-0.128109 -0.0564335 0.990193 65.8743 -0.108926 0.993152 0.0425109 4.69694 -0.985793 -0.102407 -0.133375 107.992
-0.128612 -0.0567229 0.990107 66.6095 -0.10807 0.993231 0.0428637 4.72537 -0.985822 -0.101483 -0.133867 107.893
-0.131155 -0.0570937 0.989757 67.3433 -0.10986 0.993041 0.0427268 4.75151 -0.985289 -0.103126 -0.136511 107.805
-0.132674 -0.0574713 0.989527 68.0773 -0.110134 0.993003 0.0429062 4.77169 -0.985055 -0.103284 -0.138071 107.71
-0.13564 -0.057903 0.989105 68.8125 -0.111323 0.992872 0.0428589 4.79881 -0.984517 -0.104291 -0.141115 107.613
-0.137232 -0.0582599 0.98886 69.552 -0.111103 0.992888 0.0430782 4.82137 -0.984322 -0.103949 -0.142724 107.512
-0.139174 -0.0586322 0.988572 70.2916 -0.111291 0.99286 0.0432203 4.84896 -0.984028 -0.103998 -0.144701 107.41
-0.141427 -0.0588653 0.988233 71.0374 -0.111614 0.992826 0.0431653 4.88096 -0.98367 -0.104192 -0.146978 107.308
-0.141792 -0.0592469 0.988164 71.7764 -0.112167 0.992752 0.0434287 4.90542 -0.983555 -0.104676 -0.147406 107.205
-0.143431 -0.0594667 0.987908 72.5319 -0.111873 0.992782 0.0435172 4.9391 -0.983351 -0.104274 -0.149044 107.1
-0.143913 -0.0598436 0.987821 73.2852 -0.112394 0.992712 0.043767 4.97133 -0.983221 -0.104721 -0.149587 106.994
-0.14555 -0.0606793 0.987526 74.0456 -0.112325 0.99269 0.044441 5.00103 -0.982988 -0.104451 -0.151297 106.885
-0.145965 -0.0615645 0.987415 74.8148 -0.112878 0.992593 0.0452025 5.03374 -0.982864 -0.104854 -0.151829 106.773
-0.147409 -0.0627612 0.987121 75.5859 -0.113871 0.992439 0.0460945 5.06942 -0.982534 -0.105605 -0.153436 106.661
-0.15031 -0.0635615 0.986636 76.3656 -0.113707 0.992433 0.0466136 5.09396 -0.982114 -0.105176 -0.156396 106.545
-0.151005 -0.0636422 0.986521 77.1396 -0.113771 0.992426 0.0466081 5.12527 -0.982 -0.105195 -0.157097 106.423
-0.154072 -0.0637125 0.986047 77.9275 -0.114091 0.992404 0.0462979 5.16421 -0.981487 -0.10536 -0.160166 106.302
-0.153973 -0.0637889 0.986052 78.7008 -0.114056 0.992404 0.0463897 5.19549 -0.981506 -0.105318 -0.160074 106.176
-0.155644 -0.0636589 0.985803 79.4964 -0.114026 0.992422 0.0460848 5.22473 -0.981247 -0.105228 -0.161719 106.048
-0.155154 -0.0635659 0.985882 80.2936 -0.11372 0.992456 0.0460927 5.259 -0.981359 -0.104959 -0.161208 105.914
-0.15489 -0.0635685 0.985928 81.1033 -0.113585 0.992469 0.0461474 5.29618 -0.981417 -0.104833 -0.160939 105.782
-0.15552 -0.0644119 0.98577 81.9227 -0.113332 0.99246 0.0469691 5.32064 -0.981346 -0.10441 -0.161642 105.655
-0.154504 -0.065342 0.985873 82.7421 -0.112569 0.99249 0.0481403 5.35789 -0.981595 -0.103535 -0.160695 105.523
-0.154708 -0.0661975 0.98578 83.5776 -0.112662 0.99244 0.0489635 5.39382 -0.981551 -0.10348 -0.160992 105.395
-0.151908 -0.067241 0.98615 84.4084 -0.112721 0.992366 0.0503027 5.4298 -0.981983 -0.103513 -0.158323 105.265
-0.151602 -0.0692473 0.986053 85.2496 -0.112457 0.992288 0.0523952 5.46196 -0.98206 -0.102941 -0.158216 105.135
-0.148358 -0.071908 0.986362 86.0915 -0.112945 0.992073 0.0553379 5.49597 -0.9825 -0.103189 -0.1553 105.006
-0.146634 -0.072346 0.986582 86.9335 -0.11346 0.991983 0.0558787 5.53765 -0.982699 -0.103739 -0.153662 104.88
-0.146068 -0.0723471 0.986672 87.7847 -0.113266 0.992 0.0559715 5.57714 -0.982806 -0.103574 -0.153091 104.753
-0.143159 -0.0679047 0.987407 88.6201 -0.112741 0.992281 0.0518943 5.62233 -0.983294 -0.103888 -0.149706 104.627
-0.142484 -0.0678583 0.987515 89.4666 -0.113375 0.992213 0.0518247 5.66352 -0.98332 -0.104569 -0.149064 104.507
-0.13927 -0.0687401 0.987905 90.3212 -0.112898 0.992198 0.0531231 5.70526 -0.983835 -0.10413 -0.145939 104.391
-0.139555 -0.0715688 0.987671 91.189 -0.11357 0.991973 0.0558355 5.73676 -0.983717 -0.104371 -0.146559 104.27
-0.13773 -0.0729594 0.987819 92.0424 -0.113827 0.991854 0.0573869 5.78129 -0.983945 -0.104532 -0.144909 104.151
-0.136794 -0.0735242 0.987914 92.904 -0.114629 0.991731 0.0579379 5.82175 -0.983982 -0.105311 -0.144087 104.033
-0.137123 -0.0738875 0.987835 93.7675 -0.114593 0.991715 0.0582711 5.86559 -0.983942 -0.105204 -0.14445 103.916
-0.135783 -0.0749874 0.987944 94.6188 -0.11332 0.991777 0.0597057 5.91195 -0.984274 -0.10384 -0.143161 103.796
-0.135735 -0.075473 0.987907 95.4722 -0.112228 0.99186 0.0603555 5.95474 -0.984406 -0.102673 -0.143096 103.672
-0.134259 -0.0756069 0.988105 96.3282 -0.112109 0.991856 0.0606633 5.99599 -0.984622 -0.102624 -0.141638 103.554
-0.134433 -0.0752823 0.9881 97.1803 -0.111843 0.991904 0.0603559 6.0453 -0.984629 -0.102393 -0.14176 103.437
-0.132524 -0.0747122 0.988407 98.0287 -0.116798 0.991398 0.0592804 6.08059 -0.984312 -0.107581 -0.140106 103.324
-0.131773 -0.0786035 0.988201 98.8819 -0.120014 0.990797 0.0628068 6.13145 -0.984026 -0.110317 -0.13999 103.214
-0.13247 -0.0790952 0.988074 99.7153 -0.119937 0.990779 0.0632339 6.18116 -0.983942 -0.110124 -0.140732 103.109
-0.132814 -0.0788618 0.988041 100.559 -0.123799 0.990356 0.0624056 6.21721 -0.983417 -0.114025 -0.141292 102.997
-0.13461 -0.0778958 0.98788 101.393 -0.127938 0.989941 0.0606272 6.25724 -0.982643 -0.11822 -0.143218 102.89
-0.135146 -0.0777718 0.987811 102.224 -0.128056 0.989938 0.0604199 6.30739 -0.982554 -0.118324 -0.143741 102.773
-0.135801 -0.0778982 0.987718 103.047 -0.127421 0.990012 0.0605622 6.34679 -0.982547 -0.117624 -0.144367 102.657
-0.136855 -0.078245 0.987539 103.866 -0.126509 0.990107 0.060917 6.3901 -0.982519 -0.11659 -0.145395 102.541
-0.137285 -0.0784655 0.987468 104.686 -0.125744 0.990187 0.0612016 6.42811 -0.982557 -0.115759 -0.145801 102.422
-0.138458 -0.0787074 0.98728 105.494 -0.125257 0.990238 0.0613774 6.46933 -0.982455 -0.11516 -0.146961 102.311
-0.138635 -0.0786294 0.987267 106.302 -0.124788 0.990299 0.0613499 6.51522 -0.98249 -0.114687 -0.147098 102.194
-0.140574 -0.078768 0.986976 107.101 -0.124534 0.990334 0.0612993 6.56246 -0.982248 -0.114289 -0.14902 102.083
-0.142189 -0.0791162 0.986722 107.898 -0.12452 0.990326 0.0614636 6.60689 -0.982016 -0.11412 -0.150661 101.972
-0.145307 -0.0793857 0.986241 108.687 -0.124706 0.99031 0.0613404 6.64709 -0.981537 -0.114071 -0.153795 101.857
-0.149231 -0.0800623 0.985605 109.464 -0.124874 0.990277 0.0615367 6.68402 -0.980926 -0.113886 -0.157773 101.739
-0.152118 -0.0800877 0.985157 110.245 -0.124954 0.990287 0.0612113 6.72932 -0.980474 -0.113781 -0.160643 101.617
-0.155861 -0.0801856 0.984568 111.016 -0.125135 0.990287 0.0608439 6.7727 -0.979861 -0.113714 -0.164377 101.494
-0.158334 -0.0804424 0.984148 111.792 -0.125315 0.990268 0.060782 6.81479 -0.979443 -0.113698 -0.166869 101.368
-0.161685 -0.0808069 0.983578 112.56 -0.125481 0.99025 0.0607301 6.85809 -0.978873 -0.113594 -0.170244 101.24
-0.162647 -0.0765725 0.983754 113.325 -0.128449 0.990157 0.0558348 6.90156 -0.97833 -0.117275 -0.170877 101.116
-0.164729 -0.07667 0.983403 114.079 -0.128715 0.990134 0.0556358 6.94287 -0.977945 -0.117407 -0.172968 100.994
-0.167947 -0.0769356 0.982835 114.836 -0.129616 0.990033 0.055351 6.97208 -0.97728 -0.118088 -0.17624 100.857
-0.170221 -0.079415 0.982249 115.595 -0.1285 0.990039 0.057778 7.00402 -0.977032 -0.116377 -0.178726 100.721
-0.174291 -0.0870839 0.980883 116.362 -0.129292 0.989497 0.0648758 7.04176 -0.976213 -0.115507 -0.183714 100.587
-0.17589 -0.0887773 0.980447 117.119 -0.129399 0.989383 0.0663743 7.08254 -0.97591 -0.115188 -0.185506 100.455
-0.178317 -0.0897781 0.979916 117.859 -0.130013 0.989263 0.0669764 7.12006 -0.975389 -0.115453 -0.188069 100.319
-0.180321 -0.0894629 0.97958 118.607 -0.130217 0.989276 0.0663801 7.17456 -0.974992 -0.115582 -0.190031 100.182
-0.182739 -0.0896113 0.979117 119.347 -0.130741 0.989224 0.0661361 7.22128 -0.974474 -0.115918 -0.19248 100.043
-0.185959 -0.0856171 0.978869 120.087 -0.12683 0.989968 0.0624956 7.2529 -0.97438 -0.112521 -0.194947 99.8962
-0.187383 -0.0813559 0.97896 120.806 -0.126663 0.990261 0.0580512 7.28581 -0.97413 -0.113114 -0.195857 99.7557
-0.190504 -0.0815007 0.978347 121.537 -0.126903 0.990245 0.0577834 7.32988 -0.973493 -0.11314 -0.198983 99.6128
-0.192793 -0.0824747 0.977815 122.272 -0.126516 0.990249 0.0585795 7.36794 -0.973093 -0.112409 -0.201342 99.4696
-0.197217 -0.0836289 0.976836 122.995 -0.126817 0.990175 0.0591692 7.40114 -0.972165 -0.112203 -0.20588 99.3178
-0.202573 -0.0850297 0.975617 123.73 -0.126616 0.990151 0.0600072 7.43411 -0.971091 -0.111367 -0.211338 99.1575
-0.209102 -0.0855786 0.974193 124.449 -0.127262 0.990088 0.0596613 7.48282 -0.969621 -0.111496 -0.217915 99.0047
-0.217673 -0.0859441 0.972279 125.166 -0.128813 0.989948 0.0586683 7.52243 -0.967529 -0.112465 -0.226549 98.8449
-0.22739 -0.0853545 0.970107 125.889 -0.129275 0.989996 0.0568049 7.56433 -0.965229 -0.112487 -0.236144 98.6804
-0.239607 -0.0856732 0.967132 126.602 -0.130942 0.989865 0.0552472 7.59964 -0.962045 -0.113394 -0.24839 98.501
-0.25127 -0.0859661 0.964143 127.295 -0.131848 0.989819 0.0538959 7.63764 -0.958939 -0.113572 -0.26004 98.3148
-0.263672 -0.0866516 0.960763 128.002 -0.132319 0.989807 0.0529586 7.67406 -0.95554 -0.113157 -0.272443 98.1172
-0.274513 -0.0872052 0.957674 128.689 -0.132717 0.9898 0.0520902 7.70761 -0.952426 -0.112793 -0.28328 97.909
-0.284733 -0.0878027 0.954628 129.379 -0.132752 0.989829 0.0514461 7.74355 -0.949417 -0.112074 -0.293485 97.6949
-0.294351 -0.0881841 0.951674 130.067 -0.13235 0.989917 0.0507947 7.77955 -0.946535 -0.110995 -0.303047 97.4714
-0.301701 -0.0887506 0.949315 130.744 -0.132102 0.989961 0.0505686 7.81581 -0.944254 -0.110144 -0.310388 97.2408
-0.308426 -0.0891788 0.947113 131.424 -0.133239 0.989848 0.0498158 7.85161 -0.941918 -0.110821 -0.317169 97.0175
-0.312938 -0.0904202 0.945512 132.1 -0.132637 0.98988 0.0507652 7.88603 -0.940515 -0.109517 -0.321755 96.7865
-0.316024 -0.0918752 0.944347 132.77 -0.130772 0.990035 0.0525596 7.92373 -0.939743 -0.106878 -0.324881 96.549
-0.317359 -0.0940515 0.943684 133.439 -0.127077 0.99033 0.0559661 7.94753 -0.939801 -0.102152 -0.326233 96.3139
-0.318392 -0.0943641 0.943305 134.105 -0.126262 0.990406 0.0564611 7.99247 -0.93956 -0.10112 -0.327244 96.0831
-0.318974 -0.0891698 0.943614 134.766 -0.123485 0.991005 0.0519073 8.02313 -0.939733 -0.0999584 -0.327108 95.8549
-0.317335 -0.0890538 0.944178 135.413 -0.123221 0.99103 0.0520607 8.05717 -0.940321 -0.0998157 -0.325454 95.6339
-0.317092 -0.0895907 0.944209 136.062 -0.121925 0.991136 0.0530989 8.08672 -0.940574 -0.0982784 -0.325196 95.413
-0.315399 -0.0913979 0.944603 136.7 -0.121277 0.991089 0.0554041 8.11503 -0.941226 -0.0970778 -0.323665 95.1875
-0.31436 -0.0923154 0.944861 137.339 -0.120205 0.991139 0.0568454 8.15038 -0.941712 -0.0957002 -0.322663 94.9721
-0.312417 -0.0933183 0.945406 137.972 -0.120639 0.991021 0.0579567 8.18232 -0.942302 -0.0959402 -0.320862 94.7608
-0.310473 -0.0934758 0.946031 138.604 -0.12101 0.990961 0.0582032 8.22037 -0.942898 -0.0964018 -0.318969 94.5526
-0.307216 -0.0939338 0.947048 139.22 -0.120573 0.990957 0.0591779 8.25712 -0.944018 -0.0960018 -0.315756 94.3537
-0.30141 -0.094925 0.948814 139.843 -0.120102 0.990905 0.0609846 8.29299 -0.94595 -0.0955665 -0.310061 94.1488
-0.296803 -0.0961473 0.950142 140.449 -0.119666 0.990838 0.0628867 8.33032 -0.947459 -0.0950284 -0.305582 93.9582
-0.291543 -0.0973906 0.951644 141.068 -0.119867 0.9907 0.064667 8.3663 -0.949068 -0.0952106 -0.300497 93.7662
-0.287641 -0.0984384 0.952721 141.676 -0.119779 0.990609 0.0661921 8.4024 -0.950265 -0.0950702 -0.296724 93.5846
-0.284459 -0.0996993 0.953546 142.274 -0.119667 0.99051 0.067867 8.43904 -0.95124 -0.0947957 -0.293682 93.4035
-0.280455 -0.100624 0.954633 142.882 -0.118917 0.990489 0.0694692 8.48125 -0.95252 -0.0940328 -0.289746 93.2181
-0.277486 -0.102295 0.955325 143.473 -0.118298 0.990405 0.0716924 8.51363 -0.953469 -0.0931125 -0.286917 93.0442
-0.273617 -0.103304 0.95633 144.068 -0.11902 0.990229 0.0729148 8.55681 -0.954494 -0.093865 -0.283232 92.8725
-0.270065 -0.103461 0.957325 144.656 -0.120328 0.990061 0.0730556 8.59558 -0.955345 -0.0954559 -0.279822 92.7083
-0.266458 -0.103837 0.958293 145.231 -0.119881 0.990048 0.0739465 8.63491 -0.95641 -0.0951706 -0.276247 92.5484
-0.260626 -0.104459 0.959829 145.807 -0.118985 0.990044 0.075441 8.67902 -0.95813 -0.0945359 -0.270453 92.3876
-0.254827 -0.105477 0.961273 146.377 -0.119381 0.989879 0.0769711 8.72233 -0.959637 -0.0951369 -0.264833 92.2394
-0.245943 -0.107055 0.963412 146.954 -0.119578 0.989659 0.0794472 8.766 -0.961931 -0.0956566 -0.256194 92.0982
-0.2358 -0.108438 0.965788 147.522 -0.118876 0.989528 0.0820822 8.80653 -0.964552 -0.0954468 -0.246215 91.964
-0.223151 -0.109727 0.968646 148.089 -0.117667 0.989429 0.0849761 8.84805 -0.967706 -0.0950082 -0.233697 91.8312
-0.210237 -0.110889 0.971397 148.656 -0.116432 0.989333 0.0877402 8.89488 -0.970741 -0.0946488 -0.220899 91.7102
-0.195273 -0.111726 0.974422 149.22 -0.115492 0.989215 0.0902792 8.94008 -0.973975 -0.0949013 -0.206065 91.6
-0.1768 -0.11239 0.977865 149.787 -0.113567 0.989171 0.0931593 8.98933 -0.977721 -0.0945753 -0.187644 91.5029
-0.15641 -0.113119 0.981251 150.349 -0.111498 0.98911 0.0962545 9.03962 -0.981429 -0.0943448 -0.167315 91.4153
-0.134105 -0.113555 0.984495 150.909 -0.109526 0.989043 0.0991624 9.09769 -0.984944 -0.0945225 -0.145069 91.3451
-0.111973 -0.113948 0.987214 151.466 -0.107708 0.988961 0.101935 9.16278 -0.987907 -0.0949092 -0.123007 91.2928
