1 0 0 0 0 1 0 0 0 0 1 0
1 0.000263615 0.00167199 -0.00297328 -0.000264276 1 0.00036344 -0.0195843 -0.001672 -0.000363861 1 1.18883
0.999996 0.000360124 0.00306695 -0.00239431 -0.000363672 0.999999 0.00114922 -0.0302861 -0.00306643 -0.00115035 0.999995 2.38619
0.999993 0.00012585 0.00414224 -0.000384512 -0.000133996 0.999998 0.00195583 -0.0389583 -0.00414212 -0.00195634 0.99999 3.58451
0.999988 -8.74854e-05 0.0049764 0.00100387 7.43006e-05 0.999996 0.00263934 -0.0471039 -0.00497651 -0.00263898 0.999984 4.78177
0.999983 -0.000240986 0.006039 0.00567018 0.000220765 0.999994 0.00334987 -0.0457656 -0.00603989 -0.00334847 0.999978 5.97777
0.999978 -0.00022231 0.00669376 0.00938077 0.000198543 0.999994 0.0035461 -0.0502867 -0.00669442 -0.00354474 0.999972 7.17566
0.999974 -2.18717e-05 0.00747094 0.0132911 -9.18037e-06 0.999991 0.00415694 -0.0516895 -0.00747107 -0.00415687 0.999965 8.37208
0.99997 -0.000208095 0.00777967 0.0173852 0.000166653 0.999986 0.00532253 -0.0639079 -0.00778059 -0.00532112 0.999956 9.57093
0.999981 -0.000162761 0.00668253 0.0219111 0.000120374 0.99998 0.00633605 -0.055747 -0.00668349 -0.00633502 0.999959 10.7721
0.999991 -0.000147554 0.0044392 0.0230253 0.000117086 0.999976 0.00686071 -0.0521963 -0.00444002 -0.00686022 0.999967 11.9678
1 -5.82934e-05 0.00237555 0.0236091 4.06794e-05 0.999973 0.00737547 -0.0458189 -0.00237597 -0.00737525 0.999971 13.1598
1 7.05764e-05 0.00113694 0.018821 -7.95664e-05 0.999969 0.00789204 -0.042051 -0.00113628 -0.00789222 0.999969 14.3462
1 0.000880853 -0.000183735 0.0166495 -0.000879362 0.999964 0.00846886 -0.0461832 0.000191112 -0.00846856 0.999966 15.532
1 0.000810604 0.000254061 0.0111632 -0.000812996 0.999958 0.00914593 -0.0488356 -0.000246555 -0.00914624 0.99996 16.7344
1 0.000325091 0.000340565 0.00617609 -0.000328557 0.999953 0.00969157 -0.055223 -0.000337521 -0.00969159 0.999955 17.9454
1 0.000435991 -0.000937394 0.00376967 -0.000426421 0.999946 0.0103429 -0.0524869 0.000941918 -0.0103426 0.999948 19.1345
1 0.000725289 -0.00077027 -0.00357964 -0.000716995 0.99994 0.0109438 -0.0452994 0.000777996 -0.0109431 0.999942 20.3341
1 0.000658773 -0.00206301 -0.00703499 -0.000634933 0.999932 0.0116221 -0.0393091 0.00207063 -0.0116208 0.999932 21.5188
1 0.000693229 -0.0028375 -0.0122375 -0.00065909 0.999927 0.0120867 -0.0364048 0.00284551 -0.0120846 0.999925 22.7166
0.999999 0.000872247 -0.00264823 -0.0233354 -0.00083883 0.999919 0.0126595 -0.0302483 0.00265909 -0.0126573 0.999919 23.9193
0.999995 0.00145301 -0.00435122 -0.030428 -0.00139585 0.999912 0.0131594 -0.0319502 0.00436981 -0.0131531 0.999906 25.1035
0.999992 0.00173903 -0.00438889 -0.0447632 -0.00167685 0.999898 0.0141794 -0.0207184 0.00441311 -0.0141719 0.999893 26.3018
0.999987 0.00108737 -0.00618861 -0.0510058 -0.000994714 0.999887 0.0149885 -0.00291989 0.00620409 -0.0149819 0.99987 27.49
0.999978 0.00122939 -0.00706836 -0.0588264 -0.00111898 0.999877 0.0156262 0.00659357 0.00708668 -0.0156179 0.999857 28.683
0.999983 0.00116248 -0.0068047 -0.0666788 -0.00105294 0.999869 0.0161045 0.0154466 0.00682241 -0.0160969 0.999849 29.8867
0.999967 0.000903876 -0.00848913 -0.0760495 -0.00076382 0.999864 0.0165017 0.0243087 0.00850291 -0.0164947 0.999832 31.0753
0.999973 0.00113678 -0.00817832 -0.0923879 -0.000998757 0.999857 0.0168861 0.0312356 0.00819622 -0.0168773 0.999826 32.2783
0.999956 0.000936687 -0.00968173 -0.105849 -0.000767325 0.999847 0.0174988 0.0378221 0.00969666 -0.0174906 0.999804 33.47
0.999953 0.00101014 -0.0103154 -0.122127 -0.000824128 0.999837 0.0180442 0.0479606 0.0103317 -0.0180348 0.999786 34.6671
0.999954 0.00110352 -0.00991859 -0.14263 -0.000915966 0.999821 0.0189163 0.051225 0.00993764 -0.0189064 0.999776 35.8661
0.999944 0.00126842 -0.011178 -0.159755 -0.001052 0.999812 0.0193683 0.0666005 0.0112003 -0.0193553 0.999753 37.0625
0.999945 0.00140753 -0.0107657 -0.178061 -0.0011907 0.999796 0.020146 0.072173 0.0107919 -0.0201322 0.999744 38.2615
0.999939 0.00219431 -0.0114812 -0.193119 -0.00195014 0.999772 0.021261 0.0897159 0.0115251 -0.0212371 0.999711 39.4592
0.999938 0.00274297 -0.0111869 -0.215446 -0.00249309 0.999748 0.0223107 0.103852 0.0112453 -0.0222814 0.999693 40.6586
0.999947 0.0031792 -0.0105128 -0.238679 -0.00294045 0.999738 0.0226777 0.132063 0.010582 -0.0226454 0.999691 41.8568
0.999937 0.00352122 -0.0111462 -0.249952 -0.00326071 0.999723 0.0233232 0.150718 0.0112253 -0.0232854 0.999671 43.043
0.999949 0.00440441 -0.0098994 -0.271972 -0.00415731 0.999682 0.0248762 0.168331 0.0100056 -0.0248335 0.999646 44.2483
0.999952 0.00468721 -0.00914063 -0.285083 -0.00444345 0.999638 0.0265256 0.174449 0.00926173 -0.0264838 0.999612 45.446
0.999968 0.00517455 -0.00745193 -0.300992 -0.00496193 0.999587 0.0283225 0.193553 0.00759517 -0.0282843 0.999576 46.6472
0.999977 0.00574401 -0.00496395 -0.318186 -0.0055906 0.999522 0.03042 0.217331 0.00513641 -0.0303915 0.99953 47.8542
0.999986 0.00531682 -0.00423194 -0.331155 -0.00517879 0.999473 0.0320651 0.240218 0.00439995 -0.0320424 0.999481 49.0595
0.999989 0.00521986 -0.00264083 -0.337273 -0.00513176 0.999462 0.0323956 0.268189 0.00280858 -0.0323817 0.999477 50.2598
0.999995 0.00541285 -0.000592924 -0.348132 -0.00539086 0.999446 0.0328348 0.310624 0.00077014 -0.0328311 0.999464 51.4631
0.999989 0.00578751 -0.000592121 -0.348832 -0.00576526 0.999448 0.0327055 0.356534 0.000781202 -0.0327017 0.99947 52.6628
0.999992 0.00608518 0.000463359 -0.355326 -0.00609752 0.999441 0.0328561 0.394467 -0.000263308 -0.0328582 0.999464 53.8657
0.999987 0.0060956 -0.0012012 -0.356548 -0.00605292 0.999436 0.0330176 0.435203 0.00140181 -0.0330099 0.999459 55.0654
0.999988 0.00608994 -0.00296735 -0.362322 -0.00598841 0.999429 0.0332211 0.475774 0.00316792 -0.0332025 0.999448 56.263
0.999986 0.00568598 -0.00307879 -0.370725 -0.00557859 0.999408 0.0339358 0.508215 0.00326997 -0.0339182 0.999425 57.4672
0.999985 0.0054407 -0.00491158 -0.378117 -0.00526938 0.999396 0.0343208 0.541924 0.00509531 -0.0342939 0.999403 58.6709
0.999982 0.00537353 -0.00451517 -0.388707 -0.0052144 0.999386 0.0346245 0.577836 0.00469844 -0.0346004 0.999396 59.8723
0.999978 0.0054384 -0.00616372 -0.399258 -0.00522008 0.999375 0.0349577 0.607745 0.00635 -0.0349243 0.999375 61.0785
0.999973 0.00525087 -0.00643718 -0.410143 -0.00501953 0.999357 0.0354988 0.634874 0.00661936 -0.0354655 0.999355 62.2826
0.999984 0.00487166 -0.00573932 -0.423401 -0.00466227 0.99934 0.0360188 0.666119 0.00591101 -0.035991 0.999341 63.4838
0.999971 0.00483884 -0.00701157 -0.43105 -0.00457948 0.999319 0.0366014 0.702412 0.00718386 -0.0365683 0.999311 64.6874
0.999981 0.00465434 -0.00636467 -0.445304 -0.0044137 0.999292 0.0373773 0.742282 0.00653414 -0.037348 0.999287 65.8756
0.999968 0.00480915 -0.00741928 -0.456481 -0.00452924 0.999292 0.0373443 0.783019 0.00759361 -0.0373094 0.999281 67.0735
0.99997 0.00536786 -0.0073996 -0.474276 -0.00508473 0.999272 0.0378164 0.825017 0.00759721 -0.0377771 0.999264 68.2662
0.999969 0.00596914 -0.00641853 -0.49646 -0.00572214 0.999265 0.037897 0.876562 0.00664 -0.0378591 0.999268 69.4487
0.999967 0.00607531 -0.00737103 -0.51059 -0.00578653 0.999237 0.0386292 0.914662 0.00760009 -0.0385848 0.999234 70.6449
0.999971 0.00635074 -0.00572235 -0.52997 -0.00612123 0.999207 0.0393349 0.953856 0.00596767 -0.0392988 0.999217 71.8226
0.999976 0.00631086 -0.00588748 -0.540715 -0.00606936 0.999172 0.0402309 0.991682 0.00613655 -0.0401937 0.99918 73.0136
0.999979 0.00652993 -0.00387405 -0.555555 -0.00636638 0.999143 0.0409075 1.03376 0.00413789 -0.0408819 0.999163 74.1964
0.999992 0.0064663 2.88179e-05 -0.562378 -0.00646234 0.99913 0.0412154 1.0742 0.000237821 -0.0412147 0.999158 75.3725
0.999988 0.00614697 0.00177732 -0.559314 -0.00621748 0.999078 0.0424871 1.10847 -0.00151447 -0.0424977 0.999103 76.5552
0.999975 0.00660893 0.0058404 -0.559489 -0.00685119 0.999077 0.0424075 1.16788 -0.00555471 -0.0424458 0.999092 77.7153
0.999961 0.00663066 0.00718499 -0.553766 -0.00695612 0.998908 0.0461912 1.2076 -0.0068708 -0.0462393 0.998914 78.8955
0.999936 0.00657516 0.0106274 -0.548376 -0.00707201 0.998853 0.0473646 1.25704 -0.0103037 -0.0474361 0.99883 80.0642
0.999852 0.00678391 0.0163816 -0.53849 -0.00756894 0.998803 0.0483136 1.31183 -0.0160341 -0.0484304 0.998706 81.22
0.999825 0.00668194 0.0183213 -0.525434 -0.00759501 0.998711 0.0501989 1.36878 -0.0179622 -0.0503286 0.99858 82.3805
0.999712 0.00665528 0.0234589 -0.503938 -0.00785739 0.998642 0.0515064 1.42905 -0.023084 -0.0516758 0.998406 83.5315
0.999638 0.00701938 0.0265393 -0.471662 -0.00840632 0.998586 0.0524963 1.47139 -0.0261332 -0.0526997 0.998278 84.6584
0.999536 0.00619915 0.0301478 -0.438034 -0.00785408 0.998452 0.0550713 1.53665 -0.0297595 -0.0552825 0.998036 85.8165
0.999368 -0.00185458 0.0359282 -0.394708 -0.000541897 0.997782 0.0665643 1.7319 -0.0359721 -0.0665409 0.997144 86.9677
0.999132 -0.0140127 0.0394968 -0.351997 0.0112238 0.997489 0.0699479 1.94828 -0.0403774 -0.0694439 0.996778 88.0769
0.998957 -0.0146149 0.0436113 -0.308665 0.0115215 0.997457 0.0703427 2.04658 -0.0445285 -0.069766 0.996578 89.2251
0.998869 -0.0144504 0.0455556 -0.258807 0.0111485 0.997351 0.0719025 2.12625 -0.0464735 -0.0713132 0.996381 90.37
0.998726 -0.0147909 0.0485704 -0.204975 0.0111906 0.997229 0.0735652 2.19473 -0.0495238 -0.0729269 0.996117 91.5218
0.998533 -0.0145569 0.0523639 -0.147679 0.0105982 0.997123 0.0750847 2.27201 -0.0533057 -0.0744197 0.995812 92.6776
0.998451 -0.01437 0.0540365 -0.0858597 0.0101959 0.997 0.0767309 2.35455 -0.0549769 -0.0760601 0.995596 93.8274
0.998235 -0.014376 0.0578142 -0.021298 0.00986158 0.996937 0.0776138 2.44049 -0.0587524 -0.0769066 0.995317 94.9683
0.998179 -0.0142452 0.058907 0.0436076 0.00963245 0.996919 0.0778499 2.534 -0.0598344 -0.0771397 0.995233 96.116
0.998021 -0.0141462 0.0614732 0.113261 0.00934255 0.996933 0.07773 2.62452 -0.0623837 -0.0770017 0.995089 97.2631
0.997797 -0.0141165 0.0650836 0.187278 0.00901151 0.996908 0.0780647 2.70706 -0.0659843 -0.0773052 0.994831 98.4167
0.99775 -0.0142197 0.065696 0.257821 0.00903332 0.99687 0.0785716 2.789 -0.0666071 -0.0778013 0.994753 99.5833
0.997642 -0.0142514 0.0674037 0.333089 0.00889805 0.996831 0.0790563 2.87592 -0.0683166 -0.078269 0.994599 100.75
0.997756 -0.0143346 0.0655869 0.404046 0.00906999 0.996766 0.0798674 2.96434 -0.0665192 -0.0790933 0.994657 101.923
0.997842 -0.0144394 0.0643362 0.476657 0.00922104 0.996699 0.0806717 3.047 -0.0652885 -0.0799031 0.994672 103.104
0.997872 -0.0144405 0.0637836 0.54787 0.00922761 0.996651 0.0812732 3.14025 -0.0647431 -0.0805115 0.994661 104.28
0.998079 -0.0145082 0.0605214 0.61629 0.00953439 0.996615 0.0816658 3.22997 -0.0615012 -0.0809307 0.99483 105.474
0.998195 -0.0145818 0.0584963 0.681369 0.00975989 0.996596 0.0818798 3.32391 -0.0594907 -0.0811609 0.994936 106.661
0.998431 -0.0145725 0.054389 0.741509 0.0100708 0.996571 0.0821333 3.41918 -0.0553992 -0.0814557 0.995146 107.861
0.998632 -0.0147892 0.0504164 0.797846 0.0105881 0.996529 0.0825916 3.50451 -0.0514626 -0.0819446 0.99532 109.068
0.998784 -0.0150336 0.0473366 0.85192 0.0110456 0.996456 0.0833961 3.60099 -0.0484224 -0.0827706 0.995401 110.273
0.999016 -0.015308 0.0419441 0.898755 0.011737 0.996391 0.0840874 3.693 -0.0430797 -0.083512 0.995588 111.486
0.999165 -0.0154017 0.0383182 0.943841 0.012131 0.996379 0.0841513 3.79021 -0.0394754 -0.083615 0.995726 112.688
0.999363 -0.0153852 0.0326153 0.978456 0.0125877 0.996363 0.0842931 3.88792 -0.0337935 -0.0838286 0.99592 113.911
0.999518 -0.0153091 0.0276713 1.0092 0.0129293 0.996365 0.0842013 3.98551 -0.0288595 -0.0838018 0.996075 115.131
0.999623 -0.0151703 0.0234652 1.03026 0.0131461 0.996371 0.0841134 4.07962 -0.024656 -0.0837729 0.996193 116.341
0.999741 -0.0149108 0.018224 1.05032 0.0133294 0.996379 0.0839745 4.17414 -0.0194099 -0.0837087 0.996312 117.573
0.999786 -0.0146034 0.0155822 1.06266 0.0132465 0.996391 0.0838545 4.27089 -0.0167505 -0.0836298 0.996369 118.783
0.999833 -0.0143036 0.012949 1.07004 0.0131677 0.99639 0.083865 4.37059 -0.0141017 -0.0836793 0.996403 120.026
0.999845 -0.0141457 0.0118134 1.07857 0.0131033 0.996377 0.0840414 4.45843 -0.0129595 -0.0838732 0.996406 121.264
0.99986 -0.0137834 0.0112445 1.07978 0.0127906 0.996386 0.0839724 4.5539 -0.012361 -0.0838156 0.996416 122.482
0.999875 -0.0135309 0.00978 1.08412 0.0126579 0.996357 0.0843375 4.64855 -0.0108856 -0.0842028 0.996403 123.73
0.999881 -0.0135471 0.00955971 1.0943 0.0126844 0.996293 0.0850888 4.7349 -0.0106767 -0.0849562 0.996338 124.959
0.9999 -0.0129746 0.0079441 1.09699 0.012251 0.996294 0.0851413 4.84099 -0.0090195 -0.0850352 0.996349 126.212
0.999909 -0.0129825 0.00716604 1.10022 0.0123192 0.996234 0.0858213 4.94037 -0.00825297 -0.085724 0.996296 127.464
0.999905 -0.0128924 0.00735051 1.10066 0.0122095 0.996192 0.086333 5.03583 -0.00843571 -0.0862348 0.996252 128.699
0.999918 -0.0129207 0.0060275 1.10235 0.0123485 0.996153 0.0867641 5.13271 -0.007125 -0.0866813 0.996221 129.96
0.999905 -0.0136683 0.00589165 1.10312 0.0131029 0.996114 0.0871005 5.24248 -0.00705946 -0.0870147 0.996195 131.19
0.999917 -0.0135654 0.00447889 1.1101 0.0131226 0.996106 0.0871861 5.35216 -0.00564365 -0.087119 0.996193 132.462
0.999914 -0.0136503 0.00406042 1.11208 0.0132413 0.996059 0.0876923 5.45448 -0.00524164 -0.0876308 0.996153 133.717
0.999919 -0.0135451 0.00426216 1.11219 0.0131166 0.996029 0.0880553 5.56163 -0.00543745 -0.087991 0.996118 134.953
0.999904 -0.0145372 0.00353198 1.12352 0.0141646 0.995927 0.0890393 5.65175 -0.00481222 -0.0889804 0.996035 136.231
0.999907 -0.0143257 0.00473715 1.11846 0.0138455 0.995918 0.0891986 5.76213 -0.00599505 -0.0891234 0.996014 137.486
0.999904 -0.0142486 0.00455415 1.12735 0.0137848 0.995912 0.0892716 5.87395 -0.00580779 -0.0892 0.99601 138.761
0.999909 -0.0141032 0.00489764 1.12962 0.0136077 0.995894 0.0895031 5.98379 -0.00613925 -0.0894269 0.995986 140.031
0.999899 -0.0139205 0.00638578 1.12784 0.0132846 0.9958 0.0905905 6.08715 -0.00762036 -0.0904961 0.995882 141.304
0.999908 -0.0137212 0.00606495 1.13063 0.0131133 0.995782 0.0908119 6.20545 -0.00728497 -0.0907226 0.995861 142.573
0.999901 -0.0136378 0.00664055 1.13344 0.012975 0.995747 0.0912149 6.30613 -0.0078566 -0.0911194 0.995823 143.841
0.999894 -0.0134848 0.00853329 1.13153 0.0126527 0.995777 0.0909378 6.42057 -0.00972303 -0.0908187 0.995832 145.105
0.999897 -0.0133109 0.00795106 1.14237 0.0125365 0.995817 0.0905167 6.53532 -0.00912302 -0.0904072 0.995877 146.373
0.999888 -0.0131169 0.0098058 1.14871 0.012175 0.995817 0.0905579 6.64129 -0.0109521 -0.0904268 0.995855 147.633
0.999891 -0.0131368 0.0089498 1.15695 0.0122756 0.995845 0.0902347 6.75565 -0.0100983 -0.0901147 0.995894 148.892
0.999894 -0.0132177 0.0089463 1.16585 0.0123573 0.995853 0.0901402 6.85979 -0.0101001 -0.0900185 0.995901 150.154
0.999877 -0.0133271 0.0101295 1.16699 0.012354 0.995806 0.0906582 6.96728 -0.0112956 -0.0905216 0.995844 151.412
0.999897 -0.0131146 0.00885481 1.17989 0.0122552 0.995785 0.0909028 7.08503 -0.0100091 -0.0907833 0.995833 152.676
0.999884 -0.0130241 0.00985622 1.18169 0.0120649 0.995708 0.0917643 7.19554 -0.0110094 -0.0916343 0.995745 153.938
0.999902 -0.0129183 0.00865419 1.18797 0.0120666 0.995682 0.092055 7.30755 -0.00980547 -0.0919398 0.995729 155.2
0.999904 -0.0127974 0.00801302 1.19295 0.0120028 0.995656 0.0923316 7.41711 -0.00916023 -0.0922261 0.995709 156.458
0.99991 -0.012542 0.00838319 1.19319 0.0117133 0.995652 0.0924195 7.53113 -0.00950529 -0.0923112 0.995698 157.711
0.999918 -0.0124471 0.00675289 1.20071 0.0117666 0.995617 0.092776 7.64304 -0.00787861 -0.0926884 0.995677 158.973
0.999924 -0.0121611 0.00718218 1.2003 0.0114372 0.995569 0.0933465 7.75705 -0.00828505 -0.0932555 0.995621 160.228
0.999932 -0.011967 0.00553425 1.20355 0.0113967 0.995553 0.093514 7.87014 -0.00662928 -0.0934439 0.995616 161.483
0.999942 -0.011758 0.00497444 1.20471 0.0112379 0.995512 0.093974 7.98138 -0.00605665 -0.0939108 0.995576 162.735
0.999935 -0.0118311 0.00519339 1.2032 0.011289 0.995493 0.0941615 8.09522 -0.00628464 -0.0940963 0.995557 164.004
0.999947 -0.0119825 0.00318621 1.20542 0.0116276 0.995471 0.0943685 8.19877 -0.00430215 -0.0943245 0.995546 165.255
0.99994 -0.0120314 0.00350265 1.19868 0.0116457 0.995451 0.0945572 8.31429 -0.00462505 -0.0945104 0.995526 166.512
0.999952 -0.0119244 0.00201918 1.20003 0.0116783 0.995422 0.0948726 8.42884 -0.0031408 -0.0948424 0.995501 167.771
0.999949 -0.0117931 0.00132115 1.19542 0.0116122 0.995352 0.0955996 8.54084 -0.00244316 -0.0955789 0.995432 169.029
0.999956 -0.0117419 0.00143874 1.18955 0.0115483 0.9953 0.0961512 8.65136 -0.00256065 -0.0961281 0.99538 170.288
0.999954 -0.0114515 -0.000413922 1.18886 0.0114371 0.995238 0.0967995 8.76268 -0.000697284 -0.0967992 0.995317 171.548
0.999962 -0.0112961 3.50067e-05 1.17919 0.0112379 0.995162 0.0976089 8.87536 -0.0011372 -0.0976023 0.99524 172.804
0.999957 -0.0111039 -0.00142176 1.17347 0.0111892 0.995109 0.0981425 8.99242 0.000324256 -0.0981537 0.995185 174.064
0.999964 -0.0109175 -0.0020874 1.16587 0.0110692 0.995072 0.0985385 9.11362 0.0010016 -0.0985556 0.995146 175.322
0.99996 -0.0108685 -0.00147995 1.15394 0.010961 0.99502 0.0990672 9.23073 0.000395083 -0.0990788 0.995093 176.58
0.999962 -0.0108416 -0.0030167 1.14959 0.0110868 0.994999 0.0992664 9.34899 0.00192566 -0.0992936 0.995072 177.827
0.999961 -0.0107383 -0.0016228 1.14195 0.0108459 0.994969 0.0995919 9.46585 0.000544601 -0.099605 0.995041 179.086
0.999963 -0.0108228 -0.00277466 1.14455 0.0110461 0.994873 0.10053 9.58184 0.00167261 -0.100555 0.994946 180.339
0.99996 -0.0104587 -0.00319707 1.13827 0.0107322 0.994604 0.103188 9.70491 0.00209996 -0.103218 0.994671 181.597
0.999966 -0.0106829 -0.00241644 1.13069 0.0108768 0.994407 0.105057 9.83119 0.00128087 -0.105077 0.994479 182.859
0.999962 -0.0102725 -0.003488 1.12268 0.0105832 0.994337 0.105744 9.95786 0.00238129 -0.105777 0.994402 184.105
0.999975 -0.00996954 -0.00205482 1.11236 0.0101303 0.994327 0.105888 10.0958 0.000987745 -0.105904 0.994392 185.353
0.999966 -0.00989909 -0.0032715 1.10315 0.0101902 0.994286 0.106267 10.2192 0.0022002 -0.106296 0.994347 186.587
0.999972 -0.00993572 -0.00348521 1.09243 0.0102507 0.99421 0.106971 10.3424 0.00240244 -0.107001 0.994272 187.828
0.99997 -0.00985243 -0.00216187 1.0812 0.0100278 0.994098 0.108018 10.4734 0.00108426 -0.108036 0.994162 189.069
0.999976 -0.00977885 -0.00297548 1.07189 0.0100439 0.994005 0.108881 10.6045 0.00189319 -0.108906 0.994067 190.294
0.999969 -0.0100756 -0.00136732 1.06681 0.0101642 0.993881 0.109995 10.742 0.000250009 -0.110005 0.993947 191.528
0.999979 -0.00986965 -0.000647268 1.06108 0.00988014 0.993893 0.109915 10.867 -0.000441262 -0.109916 0.993958 192.734
0.999974 -0.00969558 0.000679097 1.06198 0.00956113 0.993868 0.110165 10.9823 -0.00174372 -0.110155 0.993929 193.96
0.999984 -0.00912528 0.00236489 1.05922 0.00880702 0.99383 0.110578 11.1091 -0.00335901 -0.110553 0.993882 195.194
0.999976 -0.0089654 0.00325803 1.05774 0.00854643 0.99375 0.11131 11.2284 -0.00423628 -0.111279 0.993797 196.4
0.999978 -0.00861762 0.00533944 1.05434 0.00796451 0.993674 0.112028 11.3608 -0.00627077 -0.11198 0.993709 197.615
0.999971 -0.00859334 0.00535507 1.05735 0.00792979 0.993513 0.113446 11.4864 -0.00629585 -0.113399 0.993546 198.818
0.999977 -0.00786537 0.00649804 1.06057 0.00707167 0.993441 0.114132 11.6081 -0.0073528 -0.11408 0.993463 200.021
0.999956 -0.00767811 0.00847663 1.0649 0.00665476 0.993379 0.114698 11.7354 -0.00930182 -0.114635 0.993381 201.211
0.999966 -0.00722232 0.00867218 1.07182 0.00617434 0.993321 0.115225 11.8643 -0.00944612 -0.115165 0.99332 202.399
0.999942 -0.00706305 0.0104827 1.07788 0.00580075 0.99325 0.115853 11.9963 -0.0112309 -0.115785 0.993228 203.581
0.99995 -0.00693473 0.0105091 1.08475 0.00566613 0.993212 0.116189 12.1279 -0.0112431 -0.116121 0.99319 204.75
0.999936 -0.00696161 0.0111481 1.09097 0.00561262 0.99315 0.11672 12.2628 -0.0118848 -0.116649 0.993119 205.908
0.999927 -0.00696211 0.0124973 1.10116 0.00544534 0.993063 0.117469 12.3895 -0.013228 -0.117389 0.993017 207.054
0.99993 -0.00680552 0.0118377 1.11641 0.00535978 0.99299 0.118091 12.5208 -0.0125588 -0.118018 0.99295 208.187
0.99993 -0.00671294 0.0124873 1.12156 0.00517462 0.992845 0.119312 12.6447 -0.0131985 -0.119236 0.992797 209.307
0.999942 -0.00653272 0.0109931 1.13159 0.00517009 0.992803 0.119657 12.774 -0.0116962 -0.119592 0.992772 210.405
0.999956 -0.00637713 0.0103381 1.13823 0.00508793 0.992741 0.120174 12.8989 -0.0110291 -0.120113 0.992718 211.496
0.999946 -0.0062791 0.0107501 1.14087 0.00493685 0.992694 0.120572 13.0258 -0.0114292 -0.120511 0.992664 212.576
0.999968 -0.00624745 0.009288 1.1476 0.00507513 0.992617 0.121189 13.1473 -0.00997621 -0.121135 0.992606 213.639
0.999964 -0.0062282 0.00905465 1.14997 0.00507507 0.992499 0.12216 13.2685 -0.00974821 -0.122108 0.992487 214.687
0.999989 -0.00617579 0.00659663 1.15298 0.00531741 0.992405 0.122909 13.3921 -0.00730524 -0.122869 0.992416 215.727
0.999994 -0.00626794 0.00465889 1.15457 0.00563991 0.992236 0.124256 13.5103 -0.00540223 -0.124227 0.992258 216.76
1.00001 -0.00595617 0.00316538 1.1504 0.00551138 0.992096 0.125367 13.6354 -0.00388678 -0.125347 0.992126 217.776
1.00001 -0.00573445 0.000382713 1.14639 0.00564016 0.992052 0.125712 13.7543 -0.00110132 -0.12571 0.992086 218.771
1.00001 -0.00562088 -0.00174995 1.13915 0.00579568 0.991996 0.126153 13.8743 0.00102718 -0.126161 0.99203 219.749
0.999995 -0.00561929 -0.00533207 1.12705 0.00624984 0.991898 0.126895 13.9953 0.00457497 -0.126926 0.991921 220.693
0.999982 -0.0055841 -0.00817488 1.11687 0.00658035 0.991812 0.127552 14.1098 0.00739602 -0.127599 0.991819 221.628
0.999955 -0.00557712 -0.0105738 1.10416 0.00688428 0.991752 0.128 14.2164 0.00977185 -0.128065 0.991738 222.544
0.999914 -0.00556985 -0.0142307 1.08713 0.00734964 0.991705 0.128334 14.319 0.0133981 -0.128424 0.99165 223.435
0.999877 -0.0055904 -0.0163831 1.0707 0.00765366 0.991646 0.128775 14.4231 0.0155255 -0.128882 0.991559 224.298
0.99981 -0.00540016 -0.020329 1.04865 0.00797967 0.991603 0.129087 14.5305 0.0194615 -0.129221 0.991446 225.146
0.999743 -0.00537715 -0.0232341 1.02505 0.00833898 0.991563 0.129369 14.6279 0.0223416 -0.129527 0.991345 225.975
0.999704 -0.00523377 -0.0250001 0.998168 0.00843046 0.991535 0.129576 14.732 0.0241106 -0.129745 0.991275 226.782
0.99966 -0.00522187 -0.0265724 0.974501 0.00864101 0.991443 0.13027 14.824 0.025664 -0.130453 0.991143 227.571
0.999688 -0.00530241 -0.0256454 0.950867 0.00861695 0.991351 0.130964 14.9153 0.0247294 -0.131141 0.991077 228.345
0.999685 -0.00524871 -0.0256422 0.92903 0.00857671 0.991282 0.131495 15.0083 0.0247277 -0.131671 0.991006 229.102
0.9997 -0.0051256 -0.0252163 0.909031 0.0084078 0.991232 0.13188 15.099 0.0243195 -0.132049 0.990966 229.841
0.999726 -0.00489576 -0.024085 0.88686 0.0080345 0.991213 0.132046 15.193 0.023226 -0.132201 0.990972 230.57
0.999737 -0.00483514 -0.0237447 0.867128 0.0079399 0.991152 0.13251 15.2837 0.0228942 -0.13266 0.990919 231.292
0.999778 -0.00484469 -0.0218479 0.849567 0.0077046 0.991111 0.132827 15.3734 0.0210094 -0.132964 0.99092 232.016
0.9998 -0.00482773 -0.0209153 0.830979 0.00756983 0.99107 0.13314 15.4668 0.0200861 -0.133269 0.990898 232.735
0.99983 -0.00490837 -0.0193004 0.813314 0.00744441 0.991001 0.13366 15.5555 0.01847 -0.133778 0.990861 233.449
0.999875 -0.00496704 -0.0169781 0.798744 0.00719905 0.990941 0.134123 15.6501 0.0161586 -0.134225 0.990841 234.16
0.999896 -0.00498926 -0.0155086 0.783264 0.00702838 0.990902 0.13441 15.7455 0.0146961 -0.134503 0.990826 234.864
0.999936 -0.00502264 -0.0128954 0.771853 0.00671428 0.990854 0.13479 15.8371 0.0121009 -0.134864 0.990813 235.565
0.99996 -0.00515108 -0.0105388 0.765277 0.00652912 0.990784 0.135307 15.9248 0.00974397 -0.135368 0.99077 236.248
0.999988 -0.00540362 -0.0075893 0.761187 0.0063837 0.990705 0.13589 16.0088 0.00678498 -0.135933 0.990718 236.942
1.00001 -0.00558988 -0.004008 0.761157 0.0060839 0.990619 0.136533 16.0969 0.00320665 -0.136555 0.99065 237.64
1.00002 -0.00556521 -0.00145068 0.760582 0.00571006 0.99057 0.136902 16.1873 0.000675653 -0.136909 0.990606 238.327
1.00001 -0.00561738 0.00188481 0.762355 0.0053044 0.990513 0.137337 16.2755 -0.00263891 -0.137326 0.990546 239.018
1.00001 -0.00560378 0.00443953 0.764835 0.00493745 0.990455 0.137768 16.3652 -0.00516857 -0.137743 0.990478 239.698
0.999988 -0.00552118 0.00743034 0.766402 0.00444202 0.990422 0.138022 16.4593 -0.00812167 -0.137984 0.990425 240.381
0.999956 -0.00566907 0.010994 0.770874 0.00408852 0.99033 0.138686 16.548 -0.0116732 -0.138631 0.990299 241.074
0.99992 -0.00580591 0.0137119 0.773157 0.00383778 0.990236 0.139367 16.6383 -0.0143875 -0.1393 0.99017 241.764
0.999875 -0.00581769 0.0167503 0.78129 0.00341783 0.990175 0.139812 16.7368 -0.0173984 -0.139734 0.99006 242.459
0.99984 -0.00587555 0.0186291 0.792617 0.003203 0.990102 0.140326 16.8299 -0.0192696 -0.140241 0.989954 243.155
0.999782 -0.00584904 0.0216146 0.806746 0.00274927 0.990053 0.140688 16.9275 -0.0222218 -0.140594 0.989842 243.857
0.999748 -0.00571292 0.0230881 0.819203 0.00239801 0.989996 0.141091 17.0258 -0.0236635 -0.140997 0.989751 244.558
0.999723 -0.00582389 0.024184 0.835395 0.00233375 0.989887 0.141854 17.1243 -0.0247649 -0.141754 0.989616 245.265
0.999696 -0.00595277 0.0252024 0.850904 0.00230459 0.989817 0.142345 17.2279 -0.0257933 -0.14224 0.98952 245.977
0.999701 -0.00610239 0.0250245 0.868579 0.00246152 0.989727 0.142966 17.33 -0.0256391 -0.142858 0.989435 246.695
0.999678 -0.00577554 0.0259433 0.884577 0.00199611 0.989669 0.143373 17.4371 -0.0265036 -0.143272 0.989353 247.419
0.999681 -0.00571515 0.025889 0.899936 0.00193 0.989595 0.143885 17.5423 -0.0264412 -0.143785 0.98928 248.15
0.999669 -0.00578978 0.0262993 0.917833 0.00192894 0.989508 0.144483 17.648 -0.0268601 -0.144381 0.989182 248.887
0.999638 -0.00668459 0.0272928 0.93772 0.00263207 0.989305 0.145855 17.759 -0.0279752 -0.145726 0.988954 249.633
0.999632 -0.00671167 0.0274421 0.961542 0.00261812 0.989205 0.146532 17.8697 -0.0281296 -0.146404 0.98885 250.374
0.999616 -0.00528071 0.0284015 0.980565 0.00100284 0.988911 0.148527 17.972 -0.0288702 -0.148437 0.988525 251.145
0.999611 0.00202963 0.0290084 0.999993 -0.00647475 0.988061 0.153954 18.0495 -0.0283499 -0.154079 0.987677 251.898
0.999588 0.00183734 0.0298159 1.02384 -0.00645466 0.987822 0.155475 18.1489 -0.0291664 -0.155599 0.987415 252.679
0.999508 0.00186777 0.032395 1.0523 -0.00689109 0.987795 0.155635 18.2662 -0.0317092 -0.155778 0.987308 253.468
0.999388 0.00234308 0.035879 1.07928 -0.00791346 0.987747 0.155882 18.3929 -0.0350733 -0.156066 0.98715 254.247
0.999193 0.00263195 0.0409436 1.10024 -0.00901416 0.987646 0.156475 18.5194 -0.0400261 -0.156714 0.986858 255.046
0.999093 0.00258811 0.043329 1.1362 -0.00938977 0.987478 0.157498 18.6408 -0.0423779 -0.157757 0.986595 255.851
0.998943 0.00200639 0.0466852 1.1761 -0.00942084 0.987216 0.159138 18.7607 -0.0457692 -0.159406 0.986177 256.671
0.998751 0.0016749 0.0506413 1.21758 -0.00978809 0.987011 0.160371 18.8874 -0.0497139 -0.160662 0.985784 257.496
0.998641 0.00192986 0.0527486 1.26546 -0.0104158 0.986892 0.161072 19.0186 -0.0517462 -0.161399 0.985558 258.322
0.998438 0.00241413 0.0564569 1.3058 -0.0115415 0.986744 0.161896 19.1491 -0.0553166 -0.162289 0.985219 259.149
0.998326 0.00317939 0.0583602 1.35051 -0.0126254 0.98668 0.162208 19.2823 -0.057067 -0.16267 0.985055 259.977
0.998199 0.00320534 0.0605063 1.39614 -0.0130532 0.986533 0.163063 19.4092 -0.0591677 -0.163555 0.984786 260.806
0.998008 0.00331405 0.0635844 1.44189 -0.0137214 0.986379 0.163945 19.5423 -0.0621747 -0.164487 0.984445 261.637
0.997858 0.00373247 0.0658714 1.49438 -0.0146085 0.986122 0.165401 19.6705 -0.0643387 -0.166004 0.984052 262.463
0.997616 0.00380189 0.0694294 1.54495 -0.0153336 0.985956 0.166324 19.8123 -0.0678217 -0.166988 0.98365 263.299
0.997461 0.00378935 0.0716364 1.60132 -0.0157357 0.985846 0.166937 19.9464 -0.0699887 -0.167635 0.98339 264.122
0.997268 0.00356203 0.0742866 1.66127 -0.0159856 0.985777 0.167321 20.0886 -0.0726337 -0.168046 0.983127 264.946
0.997038 0.00317954 0.0773363 1.7277 -0.0161722 0.985666 0.167955 20.2226 -0.0756925 -0.168703 0.982785 265.786
0.996928 0.00314084 0.0787432 1.79798 -0.0164528 0.985486 0.16898 20.3471 -0.0770692 -0.169752 0.982497 266.61
0.996808 0.00357251 0.0802279 1.86648 -0.0172106 0.985307 0.169944 20.4786 -0.0784409 -0.170777 0.982211 267.457
0.996804 0.0037685 0.0802681 1.93379 -0.0174623 0.985191 0.170589 20.613 -0.0784361 -0.17144 0.982096 268.288
0.996767 0.00413899 0.080707 1.99887 -0.0179615 0.985059 0.171299 20.7469 -0.078791 -0.172189 0.981936 269.132
0.996729 0.00413846 0.0811747 2.06293 -0.0181232 0.98488 0.172308 20.8874 -0.0792339 -0.173211 0.981721 269.98
0.996806 0.00431411 0.080216 2.13092 -0.0181943 0.984737 0.173115 21.0281 -0.0782437 -0.174016 0.981658 270.816
0.996847 0.00422415 0.079709 2.19309 -0.0180706 0.984619 0.1738 21.1696 -0.0777484 -0.174687 0.981579 271.661
0.997008 0.00461784 0.0776466 2.25534 -0.018162 0.984469 0.17464 21.3074 -0.0756331 -0.175523 0.981595 272.503
0.99712 0.00494984 0.0761819 2.31675 -0.0182639 0.984389 0.175077 21.4495 -0.0741256 -0.175959 0.981632 273.348
0.997202 0.00479729 0.0751164 2.37528 -0.0179923 0.984234 0.175978 21.602 -0.0730867 -0.176832 0.981553 274.193
0.997369 0.00489807 0.0728614 2.43144 -0.0177598 0.984066 0.176939 21.747 -0.0708333 -0.177762 0.981551 275.027
0.997492 0.00457074 0.0711748 2.48641 -0.0172073 0.983893 0.177951 21.9007 -0.0692139 -0.178723 0.981492 275.865
0.99772 0.00424563 0.0679323 2.54041 -0.0164048 0.983635 0.179446 22.0535 -0.0660585 -0.180145 0.98145 276.698
0.997982 0.00365821 0.0640054 2.59432 -0.0152021 0.983406 0.180805 22.2073 -0.0622808 -0.181407 0.981464 277.527
0.998233 0.00333637 0.059983 2.64181 -0.0142275 0.983187 0.182069 22.3653 -0.058367 -0.182595 0.981485 278.35
0.998531 0.00322792 0.0547948 2.68488 -0.0132192 0.983036 0.18296 22.5185 -0.0532738 -0.18341 0.981622 279.162
0.998753 0.00308223 0.0506078 2.72505 -0.0123488 0.982886 0.183823 22.6649 -0.0491751 -0.184213 0.981686 279.972
0.999 0.00290087 0.0454719 2.75846 -0.0112612 0.982739 0.184679 22.8101 -0.0441505 -0.185001 0.981777 280.771
0.999201 0.00265497 0.0408564 2.78764 -0.0101941 0.982609 0.185431 22.9499 -0.0396537 -0.185693 0.981838 281.555
0.99934 0.0027643 0.037317 2.81395 -0.00966238 0.982519 0.185936 23.0882 -0.03615 -0.186167 0.981884 282.324
0.999501 0.00292216 0.0326926 2.83261 -0.00897791 0.982393 0.186633 23.2257 -0.0315719 -0.186828 0.981916 283.08
0.999606 0.00289462 0.0293288 2.85081 -0.00834428 0.982253 0.187399 23.3604 -0.0282652 -0.187563 0.981877 283.819
0.999724 0.00230646 0.0250204 2.86609 -0.00697646 0.982116 0.188173 23.5 -0.0241392 -0.18829 0.981848 284.536
0.999819 0.00206178 0.0209802 2.88074 -0.00598745 0.98201 0.188757 23.6294 -0.0202132 -0.188842 0.981831 285.234
0.999898 0.00239116 0.016661 2.88694 -0.00549914 0.981961 0.189026 23.7596 -0.0159089 -0.189092 0.981862 285.907
0.999991 0.00226569 0.0097915 2.89044 -0.00408185 0.981872 0.189522 23.8896 -0.00918434 -0.189553 0.981859 286.566
1.00004 0.00202578 0.00218079 2.88672 -0.00240424 0.981809 0.189876 24.0128 -0.00175703 -0.189882 0.981837 287.201
1 0.00171984 -0.00850623 2.87636 -6.92225e-05 0.981688 0.190518 24.1303 0.0086781 -0.190511 0.981679 287.832
0.999803 0.00158745 -0.0218034 2.8585 0.00260405 0.981602 0.190941 24.2491 0.0217045 -0.190953 0.981391 288.448
0.999314 0.00162558 -0.0380911 2.82608 0.00569815 0.981497 0.191415 24.3639 0.037697 -0.191494 0.980802 289.047
0.998353 0.00189562 -0.0580576 2.78106 0.00928834 0.981396 0.191788 24.4783 0.0573397 -0.192005 0.97975 289.639
0.996828 0.00184217 -0.0800887 2.72231 0.0136036 0.981322 0.19191 24.5864 0.0789453 -0.192384 0.978172 290.205
0.994449 0.00187856 -0.1056 2.64912 0.0185281 0.981234 0.191951 24.6915 0.103977 -0.192836 0.975739 290.775
0.991137 0.00191837 -0.133149 2.56618 0.0238629 0.981152 0.19178 24.7969 0.131005 -0.19325 0.972398 291.32
0.986639 0.00201794 -0.163167 2.46098 0.0296653 0.981044 0.191523 24.8942 0.160458 -0.193797 0.967864 291.842
0.98043 0.0019782 -0.197069 2.34184 0.036414 0.980915 0.191017 24.9895 0.193683 -0.194448 0.961635 292.371
0.972521 0.00201022 -0.232987 2.20289 0.0434995 0.980816 0.190042 25.0826 0.228895 -0.194948 0.953764 292.873
0.962945 0.00220149 -0.269844 2.04973 0.0506812 0.980699 0.188864 25.1702 0.265048 -0.195535 0.944235 293.342
0.951171 0.00281714 -0.308788 1.87225 0.057942 0.980571 0.187431 25.2551 0.303312 -0.196164 0.932516 293.829
0.937533 0.002973 -0.348006 1.68327 0.0657379 0.980451 0.185479 25.3349 0.34175 -0.196763 0.918999 294.269
0.921374 0.00323425 -0.388772 1.47337 0.0737918 0.980336 0.183043 25.4166 0.381713 -0.197332 0.903006 294.726
0.902673 0.00363138 -0.430413 1.24849 0.0818981 0.98025 0.180033 25.4943 0.42256 -0.197753 0.884537 295.149
0.880931 0.00397364 -0.473318 1.00927 0.0904174 0.980141 0.176515 25.564 0.464613 -0.198286 0.863066 295.549
0.856203 0.00431095 -0.516706 0.741689 0.0990804 0.980043 0.17236 25.6375 0.507131 -0.198763 0.838678 295.958
0.828554 0.00461469 -0.559967 0.458567 0.107775 0.97996 0.167547 25.7079 0.54951 -0.199165 0.811442 296.333
0.797977 0.00528122 -0.602737 0.167779 0.115958 0.979941 0.162108 25.7759 0.591495 -0.199243 0.781349 296.67
0.763865 0.00578329 -0.645417 -0.154732 0.124632 0.979822 0.156286 25.8323 0.633288 -0.199814 0.747722 297.024
0.726371 0.00631634 -0.687338 -0.473127 0.133257 0.979695 0.14983 25.8779 0.674319 -0.200417 0.710772 297.322
0.683504 0.00422397 -0.729995 -0.82762 0.147894 0.978448 0.144139 25.9304 0.714861 -0.206474 0.668141 297.636
0.636674 0.00478381 -0.771176 -1.18487 0.15638 0.978407 0.135177 25.9836 0.755161 -0.206653 0.622172 297.894
0.586875 0.00742408 -0.809698 -1.53788 0.162735 0.978477 0.126925 26.024 0.793202 -0.206248 0.573029 298.109
0.534485 0.0137221 -0.845121 -1.9338 0.164929 0.978958 0.120205 26.0958 0.828975 -0.203625 0.52097 298.321
0.48009 0.0145742 -0.877149 -2.32166 0.171897 0.97892 0.110351 26.1272 0.860255 -0.20375 0.46746 298.49
0.424358 0.0154982 -0.905413 -2.69779 0.178203 0.978875 0.10028 26.1471 0.887828 -0.203893 0.412629 298.622
0.367222 0.0165645 -0.930034 -3.10654 0.18404 0.978785 0.090102 26.1684 0.911783 -0.204243 0.35638 298.743
0.309275 0.0177128 -0.950857 -3.48702 0.189191 0.9787 0.07977 26.1869 0.932003 -0.204556 0.299334 298.838
0.250769 0.0187272 -0.967912 -3.89741 0.193458 0.97868 0.0690585 26.2069 0.948557 -0.20456 0.241798 298.901
0.189032 0.0195919 -0.981823 -4.30735 0.197352 0.978648 0.0575271 26.219 0.961973 -0.204631 0.181129 298.947
0.124092 0.0205543 -0.992104 -4.72104 0.200306 0.97869 0.0453321 26.2365 0.97188 -0.204342 0.11733 298.978
0.0601846 0.0218826 -0.997995 -5.15856 0.202791 0.978647 0.0336899 26.2332 0.977409 -0.204404 0.0544634 298.964
-0.00644009 0.0227685 -0.999766 -5.59847 0.204574 0.978632 0.0209708 26.2317 0.978867 -0.204382 -0.0109587 298.929
-0.0747956 0.0239194 -0.99696 -6.04413 0.205274 0.978676 0.00808243 26.2249 0.975881 -0.204037 -0.0781074 298.879
-0.140907 0.0292077 -0.989639 -6.50535 0.203739 0.979031 -0.000112801 26.2134 0.96887 -0.201636 -0.1439 298.774
-0.207965 0.0302852 -0.977716 -6.9651 0.203393 0.979017 -0.0129351 26.197 0.956796 -0.201542 -0.209756 298.656
-0.272144 0.0309356 -0.961808 -7.4299 0.202023 0.97905 -0.0256709 26.1759 0.940852 -0.201285 -0.272687 298.491
-0.334372 0.0314446 -0.941968 -7.88949 0.199829 0.979089 -0.0382476 26.1499 0.921055 -0.201013 -0.333657 298.299
-0.394685 0.0318119 -0.918317 -8.35184 0.196772 0.979146 -0.0506501 26.1165 0.897543 -0.200681 -0.392707 298.084
-0.450191 0.032296 -0.892403 -8.81421 0.193182 0.979206 -0.0620148 26.0767 0.871832 -0.200305 -0.447061 297.817
-0.502574 0.0329178 -0.863961 -9.27312 0.189031 0.979285 -0.0726477 26.0305 0.843663 -0.199818 -0.498378 297.53
-0.549246 0.0337124 -0.835039 -9.73379 0.184789 0.979356 -0.0820041 25.9767 0.815025 -0.199338 -0.544128 297.197
-0.59081 0.0346615 -0.806124 -10.1997 0.180588 0.979416 -0.0902391 25.919 0.786393 -0.198882 -0.584899 296.836
-0.628681 0.0362886 -0.776881 -10.6686 0.176699 0.979456 -0.0972381 25.8479 0.757381 -0.198397 -0.622166 296.444
-0.665657 0.0440018 -0.745023 -11.1311 0.179399 0.978428 -0.1025 25.792 0.724431 -0.201878 -0.659181 296.025
-0.702664 0.0502108 -0.709819 -11.6101 0.1801 0.977582 -0.10913 25.7208 0.688416 -0.204511 -0.695943 295.559
-0.736292 0.0501833 -0.67487 -12.0669 0.174016 0.977756 -0.117146 25.6379 0.65397 -0.203684 -0.728635 295.056
-0.766871 0.0496224 -0.63996 -12.5047 0.167666 0.977882 -0.125088 25.5499 0.619589 -0.203216 -0.758217 294.51
-0.795049 0.0503164 -0.604534 -12.9468 0.161885 0.978015 -0.131498 25.4376 0.584619 -0.202404 -0.785703 293.925
-0.820774 0.050188 -0.569135 -13.3659 0.155539 0.978142 -0.138051 25.3331 0.549758 -0.201822 -0.810626 293.306
-0.843757 0.0505502 -0.534433 -13.7626 0.149667 0.978236 -0.143762 25.2103 0.515527 -0.201278 -0.832945 292.662
-0.865629 0.0504905 -0.498237 -14.1709 0.143252 0.978299 -0.149742 25.0989 0.479858 -0.200985 -0.854062 291.954
-0.885627 0.0504565 -0.461757 -14.5408 0.136599 0.97842 -0.155074 24.9713 0.443962 -0.200403 -0.873393 291.226
-0.904351 0.0510445 -0.423849 -14.9054 0.130134 0.978539 -0.159813 24.8211 0.40659 -0.199674 -0.89157 290.452
-0.921131 0.0520043 -0.385896 -15.2379 0.123968 0.978642 -0.164023 24.6749 0.369121 -0.198915 -0.90789 289.659
-0.936596 0.0525278 -0.346604 -15.5634 0.117122 0.978786 -0.168148 24.5174 0.330415 -0.198072 -0.922863 288.819
-0.949782 0.0525679 -0.308631 -15.8488 0.110077 0.978932 -0.172009 24.3719 0.293084 -0.197334 -0.935544 287.949
-0.960753 0.0534501 -0.272401 -16.1031 0.103985 0.979136 -0.174623 24.2008 0.257382 -0.196085 -0.94625 287.057
-0.970492 0.0531134 -0.235426 -16.3407 0.0967357 0.979301 -0.177829 24.0342 0.221106 -0.195345 -0.955527 286.116
-0.978029 0.0529647 -0.201889 -16.5325 0.0902737 0.979456 -0.180358 23.8521 0.188187 -0.194611 -0.962702 285.167
-0.984452 0.052793 -0.16783 -16.7111 0.0837167 0.979563 -0.182917 23.6624 0.154744 -0.194114 -0.968738 284.174
-0.989334 0.0528788 -0.136114 -16.8548 0.0777237 0.979803 -0.184277 23.4708 0.12362 -0.192881 -0.973446 283.154
-0.99302 0.0528278 -0.105934 -16.9642 0.071934 0.98 -0.185575 23.2779 0.0940128 -0.19189 -0.976944 282.114
-0.995742 0.0530296 -0.0761126 -17.0547 0.0664763 0.980161 -0.186754 23.075 0.0646995 -0.191009 -0.979497 281.039
-0.997373 0.0532239 -0.050157 -17.1108 0.061739 0.980359 -0.187339 22.863 0.0392026 -0.189934 -0.981055 279.947
-0.998358 0.0528031 -0.024493 -17.1391 0.0564671 0.980654 -0.187462 22.657 0.0141217 -0.188527 -0.982009 278.832
-0.998657 0.0527784 -0.00150095 -17.1433 0.0521282 0.981 -0.186907 22.4276 -0.00838973 -0.186725 -0.982418 277.687
-0.998495 0.0521643 0.0198109 -17.1264 0.0475594 0.981258 -0.186768 22.1951 -0.0291804 -0.185535 -0.982247 276.533
-0.998068 0.0512555 0.0365495 -17.0799 0.0435812 0.981513 -0.186402 21.9628 -0.0454248 -0.184439 -0.981836 275.365
-0.997587 0.0509233 0.0483145 -17.0097 0.0411243 0.981758 -0.185668 21.7357 -0.0568858 -0.183223 -0.981466 274.175
-0.997115 0.0509739 0.0571649 -16.9365 0.0396539 0.982112 -0.184109 21.5058 -0.0655236 -0.181301 -0.981285 272.973
-0.996955 0.0508292 0.0600286 -16.8484 0.0391319 0.982514 -0.182061 21.277 -0.0682306 -0.179148 -0.981495 271.751
-0.996862 0.0507532 0.0615923 -16.7659 0.0388657 0.982757 -0.180806 21.0453 -0.0697033 -0.177834 -0.981631 270.513
-0.997053 0.0501297 0.0589735 -16.6768 0.0388114 0.98301 -0.179436 20.8098 -0.0669641 -0.176609 -0.982043 269.247
-0.997142 0.0501272 0.0574443 -16.5957 0.0391901 0.983292 -0.1778 20.5748 -0.0653937 -0.175031 -0.982432 267.965
-0.997302 0.0499255 0.0548036 -16.5137 0.0395413 0.983523 -0.176439 20.3444 -0.062707 -0.173786 -0.982827 266.671
-0.997562 0.0498698 0.0498808 -16.4332 0.0404285 0.983738 -0.175035 20.1143 -0.0577953 -0.172581 -0.983341 265.369
-0.997783 0.0494571 0.0457294 -16.3651 0.0408234 0.983995 -0.173493 19.8854 -0.0535758 -0.171232 -0.983815 264.063
