1 0 0 0 0 1 0 0 0 0 1 0
0.999982 -1.66983e-05 -0.00610086 -0.00935201 1.75315e-05 1 0.000140134 -0.00160702 0.00610091 -0.000140191 0.999982 0.0931826
0.999916 2.31179e-05 -0.0130012 -0.0159447 -1.99975e-05 1 0.000236935 -0.00208953 0.0130012 -0.000236645 0.999915 0.187514
0.999793 3.67741e-05 -0.0203533 -0.0273657 -2.9917e-05 1 0.000335585 -0.00377698 0.0203534 -0.00033493 0.999793 0.284669
0.999569 5.29818e-05 -0.0293411 -0.0390152 -4.24465e-05 1 0.000359719 -0.00155996 0.0293411 -0.000358325 0.999569 0.389048
0.999173 4.97718e-05 -0.0406732 -0.0523981 -2.80497e-05 1 0.000532545 -0.00139029 0.0406733 -0.000531032 0.999173 0.505312
0.998526 8.18456e-05 -0.0542851 -0.0735065 -3.34395e-05 0.999999 0.000894265 -0.00479206 0.0542852 -0.000891181 0.998525 0.633125
0.997522 2.92022e-05 -0.0703653 -0.094792 5.40604e-05 1 0.00118017 -0.00760052 0.0703655 -0.00118111 0.997522 0.77118
0.996061 -0.000109597 -0.0886805 -0.121279 0.000239543 0.999999 0.00145557 -0.0112294 0.0886803 -0.00147113 0.996059 0.92132
0.994095 -0.000311595 -0.108526 -0.148963 0.000492948 0.999999 0.00164392 -0.015476 0.108526 -0.00168774 0.994094 1.08539
0.991431 -0.000423196 -0.130638 -0.183675 0.000648708 0.999998 0.0016838 -0.0145334 0.130637 -0.0017542 0.991429 1.25162
0.987982 -0.000164727 -0.154584 -0.234213 0.000415778 0.999999 0.00159084 -0.0092296 0.154583 -0.00163604 0.987981 1.4235
0.983666 -0.000141197 -0.180006 -0.289074 0.000446573 0.999999 0.00165599 -0.00659714 0.180005 -0.00170941 0.983664 1.60308
0.978351 -0.000192641 -0.206961 -0.351098 0.000625633 0.999998 0.00202617 -0.00837161 0.20696 -0.00211181 0.97835 1.78687
0.97168 -4.62085e-05 -0.236305 -0.420006 0.000658156 0.999997 0.00251085 -0.0165465 0.236304 -0.00259536 0.971676 1.97946
0.963718 -1.0265e-05 -0.266932 -0.492505 0.000783317 0.999996 0.00278897 -0.0161439 0.266931 -0.00289693 0.963714 2.17054
0.954371 -2.97028e-05 -0.298628 -0.584811 0.000983843 0.999995 0.00304489 -0.0171623 0.298627 -0.00319981 0.954365 2.37085
0.94319 6.10011e-05 -0.332261 -0.682706 0.00107621 0.999995 0.0032381 -0.0191794 0.33226 -0.00341174 0.943185 2.56706
0.930699 9.3296e-05 -0.36579 -0.781747 0.00117362 0.999994 0.00324128 -0.0154559 0.365789 -0.003446 0.930692 2.75911
0.916881 0.000213572 -0.399166 -0.903815 0.0012547 0.999994 0.00341668 -0.0143963 0.399164 -0.00363347 0.916875 2.96041
0.900977 0.000455243 -0.433869 -1.02425 0.00133322 0.999992 0.00381798 -0.0194011 0.433868 -0.00401839 0.900968 3.15507
0.882748 0.00089754 -0.469852 -1.1477 0.0014195 0.99999 0.00457701 -0.0308739 0.469851 -0.0047073 0.882737 3.34708
0.861552 0.000805306 -0.507672 -1.29024 0.00190818 0.999987 0.00482488 -0.0383619 0.50767 -0.00512564 0.861537 3.54449
0.837021 0.000705999 -0.547177 -1.44089 0.00230447 0.999987 0.00481524 -0.030668 0.547172 -0.00529141 0.837007 3.72918
0.808231 0.00047924 -0.588869 -1.62554 0.00265802 0.999987 0.00446205 -0.0192126 0.588864 -0.00517157 0.808218 3.91369
0.776104 0.00136529 -0.63061 -1.81652 0.00234804 0.999985 0.0050547 -0.0221499 0.630607 -0.00540364 0.776088 4.09153
0.74091 0.00189199 -0.671604 -2.01214 0.00246874 0.999982 0.00554055 -0.0280854 0.671603 -0.00576301 0.740891 4.25953
0.701227 0.00273523 -0.712938 -2.23667 0.00267548 0.999977 0.00646785 -0.045746 0.712938 -0.00644284 0.701203 4.4412
0.659086 0.00272301 -0.752066 -2.46378 0.00311954 0.999976 0.00635447 -0.0468595 0.752065 -0.00653415 0.65906 4.60895
0.615258 0.0024972 -0.788328 -2.70816 0.0036709 0.999976 0.00603241 -0.0404213 0.788323 -0.00660534 0.615233 4.75958
0.566973 0.00266887 -0.823735 -2.98704 0.0040575 0.999975 0.00603254 -0.0369018 0.82373 -0.00676249 0.566946 4.92249
0.516262 0.00312742 -0.856431 -3.27248 0.0042396 0.999973 0.00620696 -0.0347421 0.856426 -0.00683534 0.516234 5.05639
0.464502 0.00340296 -0.885569 -3.56574 0.00455784 0.999971 0.00623324 -0.0304899 0.885564 -0.00693158 0.464471 5.17397
0.40918 0.00398136 -0.912451 -3.90104 0.00479764 0.999968 0.00651433 -0.0291825 0.912446 -0.00704309 0.409147 5.29558
0.35503 0.00447093 -0.934848 -4.23236 0.00502068 0.999966 0.00668905 -0.0256059 0.934845 -0.00706832 0.354994 5.38188
0.298746 0.00509743 -0.954325 -4.60643 0.00546435 0.999962 0.00705136 -0.0278683 0.954322 -0.00732133 0.298706 5.47451
0.245186 0.00564491 -0.969463 -4.98277 0.00586977 0.999957 0.00730699 -0.0303181 0.969462 -0.00748207 0.245141 5.54604
0.195194 0.00640319 -0.98075 -5.36505 0.00608246 0.999953 0.00773869 -0.0278282 0.980751 -0.0074759 0.195145 5.59719
0.146623 0.0064736 -0.989175 -5.78751 0.00607259 0.999955 0.00744417 -0.0144891 0.989177 -0.00709848 0.146577 5.63508
0.104764 0.00679828 -0.99448 -6.20597 0.00592858 0.999956 0.00745991 -0.0102787 0.994485 -0.00667731 0.104719 5.65056
0.0653275 0.00751486 -0.99784 -6.66157 0.00581456 0.999953 0.00791135 -0.0114036 0.997851 -0.00631892 0.0652799 5.66003
0.0307453 0.00801921 -0.999502 -7.1211 0.00600367 0.99995 0.00820711 -0.0148935 0.999515 -0.00625285 0.0306952 5.65892
-0.000261961 0.00654451 -0.999983 -7.59083 0.00594967 0.999962 0.00654273 -0.0182544 0.999986 -0.00594793 -0.000301616 5.64681
-0.0279853 0.00664946 -0.999593 -8.0891 0.00625512 0.999961 0.0064764 -0.0135347 0.999595 -0.0060711 -0.0280263 5.61521
-0.048239 0.00693862 -0.998815 -8.58893 0.00603658 0.99996 0.0066549 -0.0123361 0.998821 -0.0057085 -0.0482796 5.58208
-0.0657266 0.00723042 -0.997819 -9.12399 0.00627414 0.999958 0.00683223 -0.00954691 0.997824 -0.00581116 -0.0657696 5.5354
-0.0791336 0.00794264 -0.996836 -9.66247 0.00662601 0.999951 0.00744132 -0.0105684 0.996846 -0.00601632 -0.079183 5.48182
-0.0884055 0.00809166 -0.996059 -10.2122 0.00802177 0.999941 0.00741082 -0.0126557 0.996058 -0.00733475 -0.0884656 5.42703
-0.095975 0.0084768 -0.995352 -10.7932 0.00846224 0.999936 0.00769963 -0.0150925 0.995352 -0.00768409 -0.0960412 5.36608
-0.100103 0.00905216 -0.994943 -11.3685 0.00785462 0.999935 0.00830693 -0.017029 0.994952 -0.0069831 -0.100168 5.3039
-0.101958 0.00973528 -0.994746 -11.9802 0.00742482 0.999933 0.00902478 -0.0184866 0.994765 -0.00646582 -0.102024 5.2401
-0.101183 0.0101787 -0.994823 -12.5903 0.00854158 0.999921 0.00936166 -0.017186 0.994837 -0.00754984 -0.101262 5.17956
-0.100238 0.0107521 -0.994911 -13.239 0.0103323 0.999901 0.00976473 -0.017156 0.994915 -0.00930117 -0.100339 5.10895
-0.0987968 0.0113886 -0.995049 -13.8854 0.010684 0.99989 0.0103827 -0.020047 0.995056 -0.00960518 -0.098908 5.03882
-0.0968971 0.0130621 -0.995214 -14.5354 0.011681 0.999862 0.0119855 -0.0392098 0.995231 -0.0104639 -0.097037 4.97038
-0.0955431 0.013011 -0.995348 -15.2254 0.0117679 0.99986 0.01194 -0.0335052 0.995363 -0.010572 -0.0956832 4.8976
-0.0937404 0.0133346 -0.995513 -15.9131 0.0125249 0.99985 0.012213 -0.0256831 0.995523 -0.011324 -0.0938939 4.83372
-0.0920125 0.0137943 -0.99567 -16.6453 0.0127695 0.999838 0.0126716 -0.0137859 0.995684 -0.0115479 -0.0921741 4.75938
-0.090036 0.0144682 -0.99584 -17.3591 0.012973 0.99983 0.013353 -0.0104661 0.99586 -0.0117169 -0.090209 4.69622
-0.0883305 0.0159251 -0.995972 -18.1041 0.0124397 0.999812 0.0148831 -0.0108858 0.996023 -0.0110745 -0.0885124 4.62239
-0.0866724 0.0168476 -0.996101 -18.8609 0.0126412 0.999798 0.0158099 -0.00987977 0.996162 -0.0112218 -0.0868686 4.55036
-0.0850504 0.0167316 -0.996245 -19.6137 0.0121792 0.999802 0.0157515 0.00220059 0.996312 -0.0107933 -0.0852376 4.48288
-0.0837934 0.0166305 -0.996351 -20.4088 0.0110883 0.999817 0.0157556 0.0222769 0.996428 -0.00972764 -0.0839632 4.41616
-0.0826179 0.017318 -0.99644 -21.184 0.0112625 0.999802 0.0164425 0.0327918 0.996527 -0.00986342 -0.0827969 4.35344
-0.0815285 0.0177416 -0.99652 -21.9968 0.0111847 0.999797 0.0168847 0.0463057 0.996615 -0.00976919 -0.0817111 4.28603
-0.0803286 0.0160846 -0.996648 -22.7973 0.0109261 0.999823 0.0152551 0.0769779 0.996718 -0.00966342 -0.0804907 4.21521
-0.0791589 0.0121058 -0.996795 -23.6075 0.0139001 0.999845 0.0110388 0.069479 0.996772 -0.0129818 -0.0793156 4.14206
-0.0798265 0.0114176 -0.996754 -24.4239 0.0118166 0.999876 0.0105068 0.0995436 0.99675 -0.010939 -0.0799519 4.08
-0.0797961 0.0105816 -0.996762 -25.2424 0.0105516 0.999899 0.00977 0.130508 0.996763 -0.00973792 -0.0799003 4.00616
-0.0808181 0.0172995 -0.996589 -26.0758 0.0089133 0.999823 0.0166327 0.146821 0.9967 -0.00753833 -0.0809583 3.93511
-0.081041 0.0244759 -0.996418 -26.916 0.00853466 0.999682 0.0238617 0.160821 0.996682 -0.00657043 -0.0812247 3.86255
-0.0802882 0.0305867 -0.996313 -27.7543 0.00825319 0.999516 0.0300199 0.176553 0.996749 -0.00581221 -0.0805022 3.78445
-0.081264 0.0308462 -0.996222 -28.5843 0.00743221 0.999514 0.0303415 0.198764 0.996673 -0.00493846 -0.0814543 3.70854
-0.0808264 0.0286825 -0.996327 -29.4179 0.00740472 0.999577 0.0281753 0.223385 0.996712 -0.00509994 -0.0810051 3.63618
-0.081962 0.0287485 -0.996229 -30.244 0.00711528 0.999577 0.0282595 0.241512 0.996618 -0.00477212 -0.0821324 3.56724
-0.0821002 0.0292833 -0.996205 -31.0806 0.0071033 0.999562 0.0287964 0.258182 0.99661 -0.00471184 -0.0822727 3.49171
-0.080944 0.0294876 -0.996291 -31.9162 0.00724203 0.999555 0.0289956 0.279254 0.996701 -0.00486809 -0.0811221 3.41662
-0.0818839 0.0295103 -0.996216 -32.741 0.0071349 0.999555 0.0290227 0.297616 0.996628 -0.00473101 -0.0820585 3.34653
-0.0798357 0.0291019 -0.996393 -33.5654 0.00694047 0.999568 0.0286383 0.317271 0.996793 -0.00462899 -0.0800038 3.2738
-0.0806423 0.0289172 -0.996336 -34.3903 0.00711242 0.999572 0.0284353 0.334954 0.99673 -0.00479277 -0.0808139 3.20022
-0.0802333 0.0294963 -0.996349 -35.2156 0.00824557 0.99955 0.0289268 0.344702 0.996751 -0.00589456 -0.0804409 3.12966
-0.078359 0.0307621 -0.996463 -36.0477 0.00996794 0.9995 0.0300719 0.353881 0.996889 -0.00757577 -0.0786267 3.06134
-0.0795853 0.0369742 -0.996152 -36.8674 0.00986809 0.999294 0.0363022 0.369449 0.996789 -0.00694098 -0.0798945 2.99
-0.0777362 0.0390516 -0.996222 -37.7123 0.0134707 0.999185 0.0381166 0.372848 0.996897 -0.0104562 -0.0781992 2.92678
-0.0787778 0.0405794 -0.996077 -38.5367 0.0156825 0.999101 0.039462 0.382344 0.996779 -0.0125122 -0.0793439 2.86201
-0.0786269 0.041478 -0.996054 -39.3624 0.0172016 0.999044 0.0402445 0.389587 0.996771 -0.0139688 -0.0792655 2.79463
-0.0775431 0.0410912 -0.996153 -40.1839 0.0166174 0.999068 0.0399175 0.424005 0.996861 -0.0134581 -0.0781541 2.722
-0.0778454 0.0409793 -0.996136 -41.018 0.0158184 0.999083 0.0398642 0.456834 0.996855 -0.0126533 -0.0784224 2.64455
-0.0769526 0.0403761 -0.996227 -41.8334 0.0165242 0.999097 0.0392158 0.481761 0.996908 -0.0134441 -0.0775509 2.57264
-0.0775089 0.0402286 -0.996193 -42.67 0.0161279 0.999108 0.0390914 0.510772 0.996876 -0.0130359 -0.0780887 2.49606
-0.0782119 0.0404706 -0.996126 -43.4933 0.0158492 0.999103 0.0393469 0.535445 0.996822 -0.0127104 -0.0787837 2.4277
-0.0786417 0.0409483 -0.996075 -44.3046 0.0153563 0.99909 0.0398597 0.555496 0.996799 -0.0121607 -0.0791991 2.36022
-0.0799237 0.0407037 -0.99598 -45.1289 0.0158158 0.999094 0.0395617 0.589648 0.996688 -0.0125903 -0.0804956 2.29939
-0.0810033 0.043017 -0.995799 -45.9492 0.0166416 0.998991 0.0418011 0.617686 0.99659 -0.0131849 -0.0816374 2.22709
-0.082717 0.0490343 -0.995377 -46.7767 0.01919 0.998684 0.0476024 0.641482 0.996401 -0.0151638 -0.0835497 2.15839
-0.085348 0.0517811 -0.995018 -47.6033 0.021387 0.998517 0.0501285 0.6672 0.996137 -0.0170014 -0.0863289 2.087
-0.08618 0.0524096 -0.994912 -48.4037 0.0219024 0.998476 0.0507 0.696277 0.996052 -0.0174215 -0.0871969 2.01154
-0.0878878 0.0515835 -0.994808 -49.2001 0.0225088 0.99851 0.0497868 0.733197 0.995891 -0.0180156 -0.0889179 1.9358
-0.0889122 0.0515205 -0.994718 -49.9976 0.0221501 0.998519 0.0497374 0.7655 0.995806 -0.0176108 -0.089922 1.85052
-0.0901152 0.0510558 -0.994637 -50.78 0.0221979 0.998543 0.0492452 0.802698 0.9957 -0.0176403 -0.0911172 1.77102
-0.0918367 0.0511448 -0.994472 -51.5739 0.0220168 0.998543 0.0493208 0.838696 0.995544 -0.0173656 -0.0928292 1.69018
-0.0919627 0.0517027 -0.994435 -52.3547 0.0218649 0.998518 0.0498931 0.871035 0.995538 -0.0171541 -0.0929569 1.61339
-0.0935872 0.0519011 -0.99427 -53.1407 0.0221201 0.998504 0.05004 0.904523 0.995378 -0.0173102 -0.0945956 1.53156
-0.0942671 0.0522103 -0.994194 -53.916 0.0220146 0.998492 0.0503488 0.941431 0.99532 -0.0171397 -0.0952743 1.45307
-0.0940946 0.0526838 -0.994181 -54.6867 0.0223398 0.998461 0.0507962 0.975455 0.995326 -0.01743 -0.0951268 1.37972
-0.0951997 0.0528837 -0.994069 -55.4601 0.0224837 0.99845 0.0509638 1.01661 0.995221 -0.0174977 -0.096241 1.305
-0.0943897 0.0533502 -0.994117 -56.2246 0.0225415 0.998424 0.051441 1.05913 0.995294 -0.0175532 -0.0954435 1.22591
-0.0956218 0.0543107 -0.993952 -56.9931 0.022569 0.998375 0.0523814 1.0926 0.995178 -0.0174227 -0.0966919 1.14915
-0.0961453 0.0545404 -0.993885 -57.7428 0.0225437 0.998363 0.0526053 1.12469 0.995126 -0.0173479 -0.0972175 1.07089
-0.0953316 0.0545896 -0.993966 -58.4794 0.0228596 0.998354 0.0526386 1.15473 0.995201 -0.0177026 -0.0964224 0.994582
-0.0968881 0.0546425 -0.993808 -59.2091 0.0234872 0.998341 0.052602 1.1843 0.995033 -0.018245 -0.0980108 0.922903
-0.095508 0.0544589 -0.993956 -59.9238 0.0246788 0.998328 0.0523275 1.20917 0.995141 -0.0195309 -0.0966918 0.850064
-0.0947267 0.0544159 -0.994029 -60.6325 0.0249891 0.998322 0.0522697 1.23839 0.995205 -0.0198883 -0.0959274 0.779058
-0.0924565 0.0543502 -0.994251 -61.3174 0.0259129 0.998304 0.0521626 1.26247 0.995398 -0.0209401 -0.0937078 0.707104
-0.0879612 0.0548436 -0.994628 -61.9811 0.0262538 0.998266 0.0527226 1.28654 0.995794 -0.021475 -0.0892485 0.641558
-0.0828166 0.0556407 -0.995029 -62.6504 0.0259258 0.998225 0.0536621 1.31387 0.996246 -0.0213517 -0.0841117 0.585689
-0.0755175 0.056206 -0.995574 -63.287 0.0258507 0.998187 0.0543928 1.34213 0.996825 -0.0216285 -0.0768336 0.531114
-0.0669439 0.0570631 -0.996142 -63.9278 0.0256399 0.998134 0.0554546 1.36698 0.997446 -0.0218275 -0.0682817 0.482197
-0.0552491 0.057673 -0.99682 -64.5445 0.0253647 0.998091 0.0563409 1.39099 0.998166 -0.0221712 -0.0566065 0.441819
-0.0399976 0.0583779 -0.997512 -65.1403 0.0244442 0.998053 0.0574298 1.41861 0.99892 -0.0220853 -0.0413464 0.411257
-0.0216923 0.059154 -0.998027 -65.7293 0.023411 0.998006 0.0586441 1.44156 0.999506 -0.0220925 -0.023034 0.392836
1.69044e-05 0.0597943 -0.99823 -66.2817 0.0221213 0.997969 0.0597796 1.46983 0.999775 -0.022082 -0.0013056 0.393611
0.0254212 0.0603335 -0.997869 -66.8271 0.0206422 0.997934 0.0608636 1.49923 0.99948 -0.0221453 0.0241231 0.410866
0.0547002 0.0609194 -0.996662 -67.3396 0.0188915 0.997898 0.0620322 1.52318 0.998344 -0.0222204 0.0534346 0.446865
0.0884598 0.0611673 -0.994215 -67.8357 0.0171168 0.997873 0.0629158 1.55347 0.995949 -0.0225831 0.0872245 0.499674
0.125769 0.0616813 -0.99016 -68.3115 0.0153445 0.997828 0.0641086 1.57967 0.991961 -0.0232553 0.12455 0.572589
0.165983 0.0622024 -0.98418 -68.765 0.0133921 0.997776 0.0653208 1.60285 0.986054 -0.0240221 0.164781 0.666672
0.210787 0.0627979 -0.975533 -69.212 0.0106562 0.99773 0.0665299 1.63263 0.977495 -0.0244179 0.209639 0.776877
0.257343 0.0637301 -0.964232 -69.6349 0.00716969 0.99767 0.0678542 1.66152 0.966311 -0.0243746 0.256286 0.917841
0.306857 0.0648301 -0.949566 -70.0496 0.00324924 0.997602 0.0691603 1.69009 0.951772 -0.0243065 0.305911 1.07986
0.357091 0.065325 -0.931799 -70.4483 -0.000333988 0.997561 0.0698079 1.72506 0.934087 -0.0246161 0.356241 1.2713
0.408769 0.0654877 -0.910308 -70.8309 -0.00408806 0.997546 0.0699286 1.76036 0.912652 -0.024862 0.408033 1.47401
0.458939 0.0653489 -0.886079 -71.2075 -0.0075473 0.997542 0.0696612 1.80256 0.888454 -0.0252823 0.458305 1.70492
0.506966 0.0657696 -0.859478 -71.5678 -0.0112995 0.997508 0.0696678 1.83661 0.861917 -0.0256062 0.506446 1.94271
0.551724 0.0667955 -0.831367 -71.9124 -0.0147274 0.997413 0.0703638 1.86147 0.833917 -0.026577 0.55128 2.20851
0.595535 0.0681655 -0.800459 -72.2385 -0.0185119 0.997296 0.071156 1.88432 0.803143 -0.0275566 0.595186 2.50346
0.637342 0.0674399 -0.767647 -72.5343 -0.0225542 0.99737 0.0688974 1.93642 0.770274 -0.0265969 0.637187 2.79067
0.678981 0.0672292 -0.731101 -72.8353 -0.0270386 0.997415 0.0666083 1.97916 0.733688 -0.0254566 0.679043 3.09572
0.718936 0.0612986 -0.692394 -73.1068 -0.0339776 0.998014 0.053077 2.0029 0.694271 -0.0146324 0.719591 3.40585
0.758522 0.0613581 -0.648787 -73.3884 -0.0373491 0.998017 0.0507209 2.03637 0.650612 -0.0142402 0.759308 3.76472
0.795562 0.0617493 -0.602748 -73.6495 -0.0398877 0.997975 0.0495933 2.05954 0.604588 -0.0154115 0.796414 4.1372
0.8298 0.0619184 -0.554657 -73.8989 -0.0428334 0.997963 0.0473265 2.08092 0.556456 -0.0155127 0.83076 4.54559
0.860658 0.0621893 -0.505407 -74.1447 -0.0459758 0.997953 0.0445061 2.11577 0.507138 -0.0150671 0.861755 4.98641
0.886705 0.0626955 -0.458117 -74.3635 -0.0480453 0.997897 0.0435751 2.13489 0.459885 -0.0166268 0.88785 5.44443
0.908337 0.0672051 -0.412851 -74.587 -0.0547575 0.997622 0.0419233 2.1557 0.414684 -0.0154727 0.909855 5.93778
0.925796 0.068587 -0.371815 -74.7842 -0.0581852 0.997541 0.0391367 2.18318 0.373584 -0.0145975 0.927507 6.43543
0.939625 0.0703825 -0.334947 -74.9753 -0.0611793 0.997408 0.0379625 2.2055 0.336749 -0.0151777 0.941493 6.96765
0.950156 0.0711166 -0.303632 -75.1493 -0.0628543 0.997343 0.0369101 2.22347 0.30545 -0.0159848 0.952099 7.532
0.95745 0.0719541 -0.279553 -75.3089 -0.0645757 0.997283 0.035527 2.24257 0.281348 -0.0159621 0.959493 8.09409
0.963623 0.0723818 -0.257371 -75.4645 -0.0657527 0.99725 0.0342809 2.26525 0.259144 -0.01611 0.965729 8.6938
0.968107 0.0730007 -0.239745 -75.6154 -0.0669603 0.997205 0.0332553 2.2874 0.2415 -0.0161403 0.970286 9.29378
0.971764 0.0744541 -0.224009 -75.7651 -0.0690043 0.997104 0.0320681 2.30811 0.225748 -0.015704 0.974084 9.91652
0.974979 0.074964 -0.209364 -75.9094 -0.0699408 0.997063 0.031303 2.32499 0.211094 -0.0158757 0.977357 10.5624
0.977673 0.0742188 -0.196717 -76.037 -0.0696107 0.997118 0.0302442 2.33946 0.198395 -0.0158743 0.980018 11.206
0.980348 0.0742961 -0.182854 -76.1604 -0.0701341 0.997115 0.0291317 2.35812 0.184489 -0.0157339 0.982729 11.8774
0.983076 0.0743323 -0.167594 -76.2823 -0.0705716 0.997108 0.0282893 2.37508 0.169213 -0.015982 0.985475 12.5786
0.985271 0.0746359 -0.153978 -76.3972 -0.0712529 0.997085 0.0273798 2.39459 0.155571 -0.0160041 0.987716 13.2802
0.987237 0.0752149 -0.140561 -76.5036 -0.0723372 0.997058 0.0254755 2.41011 0.142064 -0.0149815 0.989769 14.008
0.988607 0.0757954 -0.130197 -76.5991 -0.0733015 0.997028 0.0238474 2.42832 0.131616 -0.014031 0.991223 14.7188
0.989792 0.076444 -0.120502 -76.6899 -0.0743714 0.997 0.0216065 2.43337 0.121792 -0.012423 0.992503 15.4569
0.990767 0.0765906 -0.112044 -76.7806 -0.074589 0.996976 0.0219525 2.44377 0.113385 -0.0133916 0.993482 16.2213
0.991506 0.0765484 -0.105408 -76.8639 -0.074369 0.996934 0.0244541 2.45232 0.106957 -0.0164062 0.994155 16.9725
0.991907 0.0788424 -0.0997256 -76.947 -0.0760193 0.996603 0.0318026 2.47248 0.101893 -0.0239632 0.994528 17.7431
0.992369 0.0789341 -0.0950213 -77.0308 -0.0761441 0.996566 0.0326384 2.49025 0.0972713 -0.0251528 0.994968 18.516
0.992697 0.0783926 -0.0919312 -77.1022 -0.0756846 0.996603 0.0325857 2.50887 0.0941721 -0.025389 0.995254 19.2723
0.992983 0.0787377 -0.0885479 -77.1766 -0.0761257 0.996572 0.0324975 2.52914 0.0908031 -0.0255275 0.995569 20.0448
0.993223 0.078462 -0.0859949 -77.2454 -0.0758362 0.996564 0.0333889 2.54122 0.0883179 -0.0266402 0.995758 20.803
0.99349 0.0777668 -0.0835836 -77.3095 -0.0751619 0.9966 0.0338731 2.55962 0.0859336 -0.027369 0.995952 21.5729
0.993852 0.0769274 -0.0798998 -77.3739 -0.0743962 0.996646 0.034189 2.57785 0.0822605 -0.0280337 0.99624 22.3462
0.993966 0.0774359 -0.0780558 -77.435 -0.0751155 0.996658 0.032237 2.59619 0.0802911 -0.026178 0.996456 23.1018
0.99379 0.0811603 -0.076404 -77.5043 -0.079472 0.996531 0.0248836 2.61332 0.078157 -0.0186562 0.996791 23.8513
0.993855 0.0821571 -0.0745592 -77.5682 -0.0809389 0.996539 0.0192151 2.62887 0.0758797 -0.0130612 0.99706 24.6077
0.9939 0.0823749 -0.0736263 -77.6242 -0.0812856 0.996538 0.0176711 2.64489 0.0748256 -0.0115777 0.997153 25.3574
0.99404 0.0832156 -0.0708361 -77.688 -0.0820093 0.99644 0.0197671 2.64846 0.0722288 -0.013839 0.997321 26.1242
0.994178 0.0830654 -0.0689541 -77.7466 -0.0818348 0.99644 0.0204804 2.66262 0.0704084 -0.0147175 0.997434 26.8757
0.994335 0.0832758 -0.0665057 -77.8083 -0.0820221 0.996407 0.0213605 2.67913 0.0680454 -0.0157834 0.997587 27.6366
0.994585 0.0823687 -0.0637255 -77.8561 -0.0810563 0.996451 0.0229102 2.68882 0.065385 -0.0176199 0.99773 28.391
0.994677 0.0819287 -0.0629749 -77.8996 -0.0805688 0.996468 0.0238351 2.70927 0.0647051 -0.0186333 0.99776 29.1405
0.994873 0.0809197 -0.0610324 -77.9484 -0.079606 0.99655 0.0236561 2.72476 0.0627348 -0.0186754 0.997881 29.8903
0.994902 0.0807677 -0.0608747 -77.9947 -0.0794503 0.99656 0.0237541 2.74677 0.0625837 -0.0187954 0.997892 30.6412
0.995006 0.080153 -0.0598734 -78.0408 -0.0788606 0.99661 0.023642 2.75999 0.0615643 -0.0188014 0.997952 31.3969
0.995156 0.0794087 -0.0584659 -78.0911 -0.0781121 0.996657 0.0241327 2.77091 0.0601869 -0.0194478 0.998027 32.154
0.995145 0.0794422 -0.0584915 -78.1396 -0.0781449 0.996654 0.0241395 2.78928 0.0602125 -0.0194506 0.998022 32.9261
0.995135 0.0797325 -0.0583686 -78.1911 -0.0784159 0.996624 0.0245031 2.80107 0.0601252 -0.0198058 0.998024 33.6982
0.995128 0.0792138 -0.0591011 -78.2393 -0.0778753 0.996663 0.0246145 2.81674 0.0608527 -0.0198911 0.997974 34.4701
0.994984 0.0791289 -0.061691 -78.2881 -0.0777018 0.996662 0.0251946 2.82793 0.0634788 -0.0202736 0.997808 35.2604
0.994864 0.0787529 -0.0639661 -78.3441 -0.0772621 0.99669 0.0254522 2.84561 0.0657578 -0.0203784 0.997654 36.0377
0.994649 0.0785884 -0.0675068 -78.4112 -0.077002 0.996702 0.0257857 2.86163 0.0693107 -0.0204485 0.997416 36.8319
0.994487 0.0785836 -0.0697844 -78.4768 -0.0768181 0.996665 0.0276323 2.86897 0.0717222 -0.0221183 0.997206 37.6282
0.994336 0.0789226 -0.0715963 -78.5435 -0.0771056 0.99664 0.027793 2.88422 0.0735493 -0.022114 0.997076 38.4182
0.994162 0.0786033 -0.0742611 -78.6125 -0.0766451 0.996644 0.0288595 2.89324 0.0762793 -0.0229982 0.996849 39.236
0.994098 0.0779389 -0.0758585 -78.6811 -0.0758754 0.996679 0.0297118 2.91199 0.0779224 -0.0237795 0.996706 40.0442
0.993875 0.0782276 -0.0783939 -78.7482 -0.0760668 0.99665 0.03018 2.92974 0.080491 -0.024031 0.996494 40.8809
0.99372 0.0786061 -0.0800222 -78.821 -0.0763703 0.996613 0.0306265 2.94325 0.0821587 -0.0243216 0.996353 41.7116
0.993742 0.0784102 -0.0798856 -78.8948 -0.0760406 0.996586 0.0322844 2.96634 0.0821432 -0.0260069 0.996309 42.5384
0.993653 0.0780741 -0.0813692 -78.971 -0.0752561 0.996476 0.037143 2.9836 0.0839825 -0.0307824 0.996022 43.3973
0.993751 0.0779255 -0.0802498 -79.0496 -0.0749426 0.996408 0.0395352 3.00166 0.0830413 -0.033273 0.996019 44.2483
0.993868 0.0791842 -0.0775881 -79.1269 -0.0762962 0.996306 0.0395055 3.0338 0.0804298 -0.0333422 0.996232 45.0994
0.9939 0.0796499 -0.0766396 -79.2035 -0.0767868 0.996265 0.0396047 3.05267 0.0795066 -0.033477 0.996301 45.966
0.994128 0.079644 -0.0736915 -79.2737 -0.0768936 0.996263 0.0394375 3.07602 0.0765568 -0.0335382 0.996531 46.8221
0.994247 0.0792975 -0.0723863 -79.3402 -0.0765839 0.996284 0.0395202 3.10037 0.07525 -0.0337479 0.996622 47.7006
0.994342 0.0797203 -0.0706658 -79.405 -0.0770675 0.996247 0.0395036 3.13109 0.0735495 -0.0338326 0.996748 48.5718
0.99452 0.0791965 -0.0686518 -79.4689 -0.0765456 0.996251 0.0404178 3.16303 0.0715941 -0.0349401 0.996851 49.4369
0.994521 0.0792314 -0.0686613 -79.5281 -0.0765268 0.996222 0.041164 3.18688 0.071663 -0.0356826 0.996822 50.3128
0.994567 0.079954 -0.067076 -79.5941 -0.077292 0.996154 0.0413826 3.20835 0.0701252 -0.0359721 0.996919 51.1813
0.994437 0.0815012 -0.0672195 -79.6583 -0.0789028 0.996066 0.0404435 3.24108 0.0702509 -0.0349133 0.996949 52.0411
0.994309 0.0835236 -0.0665598 -79.7272 -0.0810021 0.995927 0.0397198 3.27007 0.0696047 -0.0341011 0.997021 52.8991
0.994379 0.0846832 -0.0640721 -79.7889 -0.0822798 0.99584 0.0392617 3.30058 0.06713 -0.0337678 0.997203 53.7549
0.994076 0.0877765 -0.0645299 -79.8523 -0.0856583 0.995718 0.0348858 3.33713 0.0673143 -0.0291505 0.997336 54.6026
0.994154 0.0880229 -0.0630668 -79.9125 -0.0859795 0.995707 0.0344116 3.36649 0.0658247 -0.0287866 0.997447 55.4549
0.994358 0.0856436 -0.0630384 -79.967 -0.0831854 0.995709 0.0406355 3.388 0.0662466 -0.0351612 0.997213 56.3044
0.994328 0.0862096 -0.0628237 -80.0257 -0.0832192 0.995342 0.0487548 3.41541 0.0667339 -0.0432485 0.996864 57.1639
0.994407 0.085108 -0.0629956 -80.0906 -0.0817385 0.995179 0.0542571 3.45854 0.0673082 -0.0488032 0.996568 58.0203
0.994212 0.0849056 -0.0663464 -80.1475 -0.0813768 0.995213 0.054193 3.49254 0.0706298 -0.0484786 0.996356 58.85
0.994123 0.0846666 -0.0678785 -80.2016 -0.0810285 0.995215 0.0546668 3.52781 0.0721806 -0.0488441 0.996225 59.6863
0.993893 0.0850434 -0.0708028 -80.2639 -0.0812255 0.995172 0.0551598 3.57254 0.0751516 -0.0490702 0.995996 60.5053
0.993646 0.0855624 -0.0735028 -80.3322 -0.0815941 0.995128 0.0553929 3.61907 0.0778828 -0.0490422 0.995786 61.3292
0.993332 0.086579 -0.0765792 -80.4069 -0.0824893 0.995074 0.0550462 3.66272 0.0809675 -0.0483604 0.995575 62.1496
0.992905 0.0867723 -0.0816546 -80.4775 -0.0824048 0.99506 0.0554189 3.70553 0.0860586 -0.0482956 0.995149 62.9521
0.992689 0.0869002 -0.0841877 -80.5537 -0.0823814 0.995044 0.0557431 3.75063 0.0886143 -0.0483981 0.994922 63.7654
0.992345 0.087055 -0.0879324 -80.6347 -0.0822961 0.995015 0.0563714 3.80112 0.0924002 -0.048702 0.994561 64.56
0.992022 0.0872786 -0.09136 -80.7186 -0.0822444 0.994956 0.0574931 3.83902 0.0959169 -0.0495186 0.99419 65.3644
0.991658 0.0881668 -0.0943348 -80.8042 -0.0826818 0.994738 0.060556 3.87123 0.099176 -0.0522498 0.993728 66.1774
0.991169 0.0886842 -0.0989525 -80.8912 -0.0822242 0.994325 0.0675602 3.90862 0.104382 -0.0588252 0.992829 66.9719
0.990742 0.0895723 -0.102316 -80.9773 -0.082608 0.994097 0.0703916 3.93867 0.108016 -0.0612863 0.99229 67.7707
0.989896 0.090633 -0.109383 -81.0682 -0.0831145 0.993978 0.0714484 3.98594 0.1152 -0.061633 0.991462 68.5442
0.989375 0.0892291 -0.115045 -81.1633 -0.0810804 0.993985 0.0736687 4.02374 0.120924 -0.0635567 0.990657 69.3321
0.988515 0.0908464 -0.121075 -81.2649 -0.082205 0.993825 0.0745612 4.07234 0.127101 -0.0637497 0.989874 70.1172
0.987545 0.0923367 -0.127634 -81.3769 -0.0832245 0.99371 0.0749802 4.1322 0.133753 -0.0634225 0.989015 70.8806
0.986677 0.0935841 -0.133368 -81.4935 -0.0840699 0.993615 0.0752789 4.18642 0.139561 -0.0630615 0.988238 71.6463
0.985947 0.0939229 -0.13838 -81.6089 -0.083997 0.993574 0.075913 4.23721 0.14462 -0.063221 0.987498 72.4094
0.984899 0.0953544 -0.144764 -81.7302 -0.084836 0.993404 0.0771844 4.28902 0.151169 -0.0637353 0.986486 73.1689
0.984248 0.0970298 -0.148 -81.8552 -0.0858092 0.993065 0.0804157 4.33626 0.154774 -0.0664477 0.985745 73.9349
0.983057 0.0987574 -0.154669 -81.9833 -0.086564 0.992728 0.0836941 4.38466 0.161809 -0.0688849 0.984452 74.7009
0.982081 0.0983962 -0.160929 -82.1129 -0.085565 0.992719 0.0848219 4.44385 0.168102 -0.0695305 0.983347 75.4556
0.981143 0.0976859 -0.167014 -82.2425 -0.0847697 0.992957 0.0828064 4.50111 0.173927 -0.0670847 0.982508 76.2036
0.979385 0.0978024 -0.176927 -82.3792 -0.084603 0.993147 0.0806855 4.55729 0.183604 -0.0640519 0.980945 76.9423
0.977907 0.0968205 -0.185479 -82.5261 -0.0833222 0.993369 0.0792557 4.62194 0.191923 -0.0620477 0.979484 77.6724
0.975693 0.097223 -0.196562 -82.6738 -0.0823524 0.993189 0.0824798 4.67594 0.20324 -0.0642857 0.977051 78.4083
0.9735 0.0969953 -0.207292 -82.8313 -0.0796906 0.992725 0.09028 4.73964 0.214541 -0.0713657 0.974142 79.1425
0.971207 0.097595 -0.217481 -82.9996 -0.0775098 0.992063 0.0990639 4.81653 0.225421 -0.0793527 0.971059 79.8697
0.968607 0.0969421 -0.22909 -83.1748 -0.0747478 0.991802 0.103669 4.8682 0.237262 -0.0832876 0.967907 80.5963
0.965832 0.0980607 -0.240041 -83.3633 -0.0756604 0.992027 0.100841 4.93848 0.248014 -0.0792314 0.965547 81.2965
0.962628 0.0959095 -0.253437 -83.5549 -0.0745447 0.992909 0.0926231 5.00125 0.260523 -0.0702664 0.962946 81.9991
0.959304 0.095098 -0.266008 -83.7548 -0.0731037 0.993131 0.0914205 5.06814 0.272872 -0.0682517 0.959662 82.7001
0.956194 0.0956137 -0.276825 -83.9646 -0.0712392 0.99275 0.096832 5.13784 0.284077 -0.0728666 0.956068 83.4033
0.952643 0.0956617 -0.28877 -84.188 -0.0681733 0.992263 0.103817 5.20522 0.296464 -0.0792123 0.951789 84.1231
0.948967 0.0961573 -0.300496 -84.4203 -0.0656219 0.991751 0.110133 5.27057 0.308608 -0.0847901 0.947443 84.8335
0.945334 0.0977242 -0.311227 -84.6544 -0.0647163 0.991295 0.1147 5.34496 0.319724 -0.0882858 0.943426 85.5262
0.94106 0.0973381 -0.324059 -84.8991 -0.0626566 0.991296 0.115814 5.42668 0.332511 -0.0886807 0.938962 86.2257
0.938291 0.0950047 -0.332646 -85.1469 -0.0611352 0.991958 0.11087 5.51151 0.340502 -0.0836898 0.936549 86.9092
0.935023 0.0932783 -0.34222 -85.4041 -0.0599859 0.992491 0.106635 5.58784 0.349597 -0.0791753 0.933591 87.6042
0.932327 0.0930393 -0.349542 -85.6727 -0.0591076 0.992555 0.106544 5.66562 0.356849 -0.0786713 0.930882 88.2996
0.92973 0.0938827 -0.356194 -85.9532 -0.0591441 0.992478 0.107222 5.7496 0.36358 -0.0786176 0.928282 88.9891
0.926235 0.0954724 -0.364754 -86.2358 -0.0590031 0.992197 0.109881 5.82035 0.372395 -0.0802513 0.924637 89.6898
0.923517 0.0974636 -0.371083 -86.5174 -0.0576272 0.991463 0.116996 5.9035 0.379317 -0.0866601 0.921244 90.3795
0.920182 0.100225 -0.378539 -86.8157 -0.0562168 0.990492 0.125602 5.982 0.387525 -0.0942942 0.917064 91.0844
0.917251 0.106241 -0.383991 -87.1212 -0.060426 0.989741 0.129505 6.06776 0.393809 -0.0955823 0.914254 91.7793
0.91476 0.112395 -0.388144 -87.4305 -0.0654199 0.989063 0.132232 6.16156 0.398758 -0.0955655 0.912103 92.4618
0.911713 0.112165 -0.39533 -87.7362 -0.0676161 0.989864 0.12492 6.2561 0.405334 -0.0871576 0.91005 93.1507
0.910546 0.10816 -0.399101 -88.0353 -0.064813 0.99059 0.120595 6.3317 0.408385 -0.0839376 0.908983 93.8356
0.908417 0.108709 -0.403793 -88.3496 -0.0646969 0.990531 0.121129 6.42647 0.413135 -0.0839079 0.906842 94.5306
0.906115 0.112446 -0.407906 -88.6754 -0.0664103 0.989891 0.125365 6.52999 0.417876 -0.0865029 0.904417 95.2247
0.904155 0.113385 -0.41199 -89.0002 -0.065506 0.989538 0.128583 6.61331 0.422257 -0.0892674 0.902116 95.9139
0.901659 0.111747 -0.417851 -89.3217 -0.0630466 0.989691 0.128637 6.71289 0.427915 -0.0896403 0.899404 96.6112
0.899802 0.111043 -0.422036 -89.6516 -0.0638437 0.990179 0.124419 6.80772 0.431705 -0.0850044 0.898048 97.2909
0.897247 0.108289 -0.428132 -89.9857 -0.0627406 0.990897 0.119151 6.89622 0.437134 -0.0800436 0.895869 97.9794
0.895055 0.107939 -0.432798 -90.3271 -0.0616959 0.990914 0.119549 6.99578 0.441768 -0.0802979 0.893577 98.6655
0.893753 0.106145 -0.435908 -90.6708 -0.0589162 0.990966 0.120514 7.08128 0.44476 -0.0820244 0.891928 99.3508
0.891407 0.106545 -0.440604 -91.0189 -0.057761 0.990763 0.122732 7.16391 0.449608 -0.0839509 0.889321 100.04
0.889324 0.106068 -0.444893 -91.3639 -0.0562289 0.990717 0.123808 7.25165 0.453892 -0.0850864 0.887028 100.708
0.886899 0.106628 -0.449589 -91.7025 -0.0559789 0.990641 0.124527 7.33973 0.458657 -0.0852715 0.884562 101.376
0.884789 0.106262 -0.4538 -92.0485 -0.05481 0.990633 0.12511 7.42746 0.46284 -0.0858198 0.882321 102.045
0.88298 0.106008 -0.457382 -92.3942 -0.0538793 0.990623 0.125592 7.52286 0.466405 -0.0862478 0.880406 102.699
0.880605 0.105783 -0.461977 -92.7512 -0.0526319 0.990574 0.126503 7.61275 0.471 -0.0870818 0.877868 103.369
0.878466 0.105954 -0.466006 -93.1052 -0.0520679 0.990532 0.127068 7.70283 0.475055 -0.0873568 0.875659 104.014
0.875716 0.104595 -0.471445 -93.4664 -0.0517551 0.990971 0.123728 7.78205 0.480126 -0.0839482 0.873218 104.671
0.873568 0.102364 -0.475911 -93.8271 -0.0511947 0.991542 0.119307 7.86142 0.484096 -0.0798555 0.871414 105.313
0.871613 0.103037 -0.479327 -94.1785 -0.051445 0.991495 0.119592 7.94871 0.487569 -0.079576 0.869496 105.939
0.869669 0.103065 -0.482851 -94.5471 -0.0497805 0.991294 0.121939 8.0245 0.491212 -0.0820059 0.867222 106.59
0.868071 0.104942 -0.485304 -94.9089 -0.0472145 0.990433 0.129724 8.09892 0.494269 -0.089693 0.864715 107.221
0.867311 0.103934 -0.48689 -95.2598 -0.0422138 0.989804 0.136098 8.16466 0.496066 -0.0974819 0.862847 107.841
0.86558 0.103326 -0.490076 -95.6185 -0.0397519 0.98958 0.138436 8.23614 0.499269 -0.100343 0.860663 108.465
0.864271 0.102715 -0.492523 -95.9572 -0.0381168 0.989498 0.139479 8.3202 0.501675 -0.10177 0.859101 109.052
0.862168 0.102363 -0.496257 -96.2958 -0.0370038 0.989492 0.139822 8.42086 0.50535 -0.102184 0.856891 109.634
0.860385 0.102561 -0.499315 -96.6286 -0.036502 0.989437 0.140343 8.51008 0.508433 -0.102519 0.85503 110.197
0.85926 0.102727 -0.501201 -96.9584 -0.0359188 0.989336 0.141205 8.58951 0.510356 -0.103326 0.853781 110.745
0.857833 0.10274 -0.50365 -97.2779 -0.0354134 0.989311 0.1415 8.67136 0.512802 -0.103543 0.852293 111.283
0.856794 0.102349 -0.505482 -97.5883 -0.0342308 0.98924 0.142286 8.75061 0.514601 -0.104603 0.851074 111.793
0.855451 0.102456 -0.507742 -97.8908 -0.0334495 0.989129 0.143244 8.82528 0.516896 -0.10555 0.84957 112.295
0.854169 0.102536 -0.50987 -98.183 -0.0326491 0.989016 0.144205 8.89242 0.51905 -0.106525 0.848129 112.775
0.853119 0.102579 -0.511627 -98.4605 -0.0319302 0.988917 0.145038 8.95908 0.520833 -0.107394 0.846931 113.225
0.85163 0.102901 -0.514026 -98.7298 -0.0315727 0.988839 0.145651 9.0329 0.523272 -0.107808 0.845369 113.663
0.850676 0.10373 -0.51545 -98.9875 -0.032311 0.988812 0.145672 9.10818 0.524791 -0.10726 0.844502 114.069
0.848597 0.106192 -0.518358 -99.2368 -0.0340131 0.988582 0.146849 9.18255 0.528027 -0.106981 0.842514 114.464
0.846409 0.106992 -0.521768 -99.4679 -0.0340589 0.98849 0.147453 9.25001 0.531535 -0.10703 0.840302 114.843
0.844066 0.106789 -0.525582 -99.6915 -0.0329071 0.988447 0.147995 9.31316 0.535309 -0.107619 0.837824 115.204
0.840849 0.106803 -0.530719 -99.9128 -0.0317899 0.988401 0.148548 9.38323 0.540426 -0.108031 0.834483 115.548
0.83721 0.10715 -0.536364 -100.13 -0.0309475 0.988338 0.149143 9.45006 0.546084 -0.108261 0.830758 115.87
0.833569 0.113382 -0.540745 -100.345 -0.034626 0.987519 0.153691 9.50295 0.551419 -0.109383 0.827083 116.174
0.82973 0.118169 -0.545595 -100.552 -0.0347603 0.986384 0.160784 9.55791 0.55716 -0.114439 0.822535 116.472
0.825521 0.11847 -0.551887 -100.74 -0.0328743 0.986163 0.162527 9.59987 0.563502 -0.116021 0.817984 116.745
0.820139 0.118733 -0.559789 -100.92 -0.0306256 0.985948 0.164262 9.63393 0.57142 -0.11757 0.812246 117.011
0.813586 0.118805 -0.569265 -101.091 -0.0284415 0.985872 0.165109 9.68009 0.580836 -0.118135 0.805462 117.253
0.80541 0.118876 -0.580751 -101.259 -0.0259066 0.985814 0.16587 9.72672 0.592225 -0.118544 0.79706 117.471
0.795682 0.119113 -0.593973 -101.424 -0.0232018 0.985757 0.166605 9.77284 0.605356 -0.118778 0.787104 117.678
0.7842 0.119184 -0.609028 -101.591 -0.0200627 0.985746 0.167081 9.81861 0.620255 -0.118802 0.775409 117.863
0.770993 0.119094 -0.62569 -101.749 -0.0163558 0.985746 0.16748 9.85439 0.636715 -0.118887 0.761943 118.039
0.756518 0.117338 -0.643432 -101.9 -0.0146636 0.986577 0.162681 9.88926 0.653877 -0.113632 0.748079 118.196
0.742676 0.111765 -0.660335 -102.049 -0.00831385 0.987445 0.157786 9.92133 0.669677 -0.111688 0.734273 118.341
0.727283 0.112928 -0.67705 -102.209 -0.00896833 0.987857 0.155142 9.94295 0.686344 -0.106756 0.71946 118.485
0.712135 0.113151 -0.692937 -102.37 -0.00554685 0.98781 0.155606 9.97947 0.702095 -0.106964 0.704074 118.617
0.696058 0.113481 -0.709024 -102.535 -0.00238756 0.987798 0.155762 10.0112 0.718044 -0.106722 0.687831 118.742
0.677989 0.113716 -0.726294 -102.699 0.00183916 0.987704 0.156367 10.0352 0.735141 -0.107345 0.669436 118.882
0.658851 0.113888 -0.743664 -102.866 0.00603347 0.987649 0.156604 10.067 0.752309 -0.107661 0.650021 119.01
0.637935 0.114125 -0.761655 -103.035 0.0104551 0.987591 0.156741 10.102 0.770088 -0.107948 0.628818 119.125
0.614562 0.114291 -0.780604 -103.215 0.0152411 0.987551 0.156596 10.1414 0.788779 -0.108131 0.605164 119.238
0.591266 0.114687 -0.798346 -103.394 0.0199747 0.987458 0.156653 10.1691 0.806296 -0.108565 0.581553 119.34
0.566861 0.114873 -0.815822 -103.583 0.0247405 0.987416 0.156231 10.2044 0.823497 -0.108741 0.556881 119.439
0.542188 0.114893 -0.832428 -103.773 0.0293477 0.987421 0.155406 10.2406 0.839808 -0.108683 0.53199 119.529
0.515482 0.119181 -0.848627 -103.956 0.0296789 0.98721 0.156677 10.2812 0.856439 -0.105946 0.505348 119.615
0.488941 0.119475 -0.864157 -104.154 0.0345276 0.987156 0.156021 10.3112 0.871695 -0.106116 0.47853 119.696
0.460158 0.119564 -0.879802 -104.352 0.039661 0.987139 0.1549 10.3362 0.887001 -0.106168 0.449494 119.775
0.428557 0.119097 -0.895689 -104.551 0.0449215 0.987247 0.15277 10.3701 0.902456 -0.1057 0.417736 119.842
0.394638 0.113781 -0.911817 -104.784 0.0505989 0.988113 0.145206 10.4065 0.917491 -0.103436 0.384187 119.916
0.35723 0.114192 -0.927066 -105.02 0.0566005 0.988034 0.143517 10.4383 0.932356 -0.103735 0.346488 119.978
0.316781 0.11464 -0.941596 -105.294 0.0629533 0.987945 0.141467 10.4718 0.946455 -0.104086 0.305742 120.041
0.274377 0.114789 -0.954801 -105.584 0.0692511 0.98792 0.138676 10.5093 0.95918 -0.104164 0.263109 120.094
0.2284 0.114963 -0.966806 -105.879 0.0756393 0.987913 0.135347 10.5465 0.970671 -0.104037 0.216941 120.13
0.179967 0.115285 -0.976947 -106.201 0.0824798 0.987849 0.13177 10.5858 0.980262 -0.104286 0.168269 120.158
0.130728 0.115424 -0.984726 -106.536 0.0892135 0.987807 0.127634 10.6251 0.987442 -0.104532 0.118835 120.171
0.0799869 0.115867 -0.990091 -106.876 0.0960681 0.987708 0.123354 10.6631 0.992208 -0.104977 0.0678703 120.167
0.0274051 0.116466 -0.992866 -107.245 0.102895 0.987591 0.118692 10.701 0.99436 -0.10541 0.01508 120.155
-0.0248236 0.117032 -0.99287 -107.607 0.109481 0.987475 0.113664 10.7359 0.993732 -0.105872 -0.0373267 120.115
-0.0784167 0.117674 -0.990001 -107.997 0.116159 0.98733 0.10816 10.7713 0.990176 -0.106512 -0.0910928 120.063
-0.131008 0.1181 -0.984375 -108.388 0.122123 0.987246 0.102196 10.8084 0.983884 -0.10682 -0.14376 119.984
-0.18111 0.1184 -0.97636 -108.781 0.127524 0.987179 0.0960612 10.8466 0.975206 -0.107107 -0.193887 119.877
-0.230846 0.118997 -0.965741 -109.204 0.132565 0.987091 0.0899453 10.88 0.963972 -0.107254 -0.24364 119.753
-0.279105 0.119507 -0.952847 -109.631 0.137207 0.987014 0.0836069 10.911 0.950455 -0.107397 -0.291877 119.609
-0.325903 0.119927 -0.937823 -110.061 0.141509 0.986941 0.0770376 10.9418 0.934809 -0.107597 -0.338616 119.441
-0.370332 0.120497 -0.921105 -110.509 0.145482 0.986844 0.0706101 10.9713 0.917486 -0.10785 -0.382989 119.24
-0.412192 0.121043 -0.90308 -110.959 0.148969 0.986758 0.0642705 11.0001 0.898894 -0.108032 -0.424763 119.018
-0.451783 0.1214 -0.883886 -111.421 0.151898 0.986705 0.0578874 11.0288 0.879154 -0.108103 -0.464216 118.763
-0.485934 0.121791 -0.86553 -111.883 0.154412 0.986636 0.0521468 11.052 0.860309 -0.108302 -0.498243 118.478
-0.513976 0.121971 -0.849147 -112.347 0.15586 0.986648 0.0473876 11.0743 0.843581 -0.107987 -0.526122 118.171
-0.53764 0.121896 -0.834382 -112.832 0.156821 0.986693 0.043105 11.0949 0.828527 -0.107667 -0.549597 117.836
-0.555008 0.121951 -0.822918 -113.32 0.157398 0.986727 0.0400762 11.1117 0.816876 -0.107278 -0.566835 117.486
-0.569464 0.122184 -0.812951 -113.826 0.157997 0.986728 0.0376339 11.1302 0.806755 -0.107006 -0.581207 117.114
-0.580232 0.122794 -0.805204 -114.338 0.158494 0.9867 0.0362671 11.1483 0.798939 -0.106571 -0.591975 116.735
-0.590563 0.123397 -0.79757 -114.865 0.159081 0.986656 0.0348669 11.1702 0.791225 -0.106281 -0.602308 116.333
-0.598462 0.124153 -0.791537 -115.397 0.159723 0.986583 0.0339898 11.1905 0.785128 -0.10608 -0.61026 115.918
-0.604541 0.124474 -0.786858 -115.935 0.159978 0.98657 0.0331637 11.2112 0.780413 -0.105824 -0.61633 115.487
-0.610541 0.124627 -0.782183 -116.489 0.159885 0.98661 0.0324047 11.2311 0.775739 -0.105269 -0.622289 115.041
