1 0 0 0 0 1 0 0 0 0 1 0
0.999999 0.00131593 0.00135389 -0.00821607 -0.00130918 0.999987 -0.00500251 -0.00657508 -0.00136048 0.00500065 0.999987 0.955478
0.999998 0.000769439 0.00234498 -0.0111436 -0.000757886 0.999988 -0.00494795 -0.0205111 -0.00234876 0.00494622 0.999985 1.90925
0.999994 -0.000112104 0.00362549 -0.015207 0.000121253 0.999997 -0.00254 -0.0236447 -0.00362531 0.00254042 0.999991 2.85759
0.999999 -0.000709321 0.00188568 -0.0129437 0.00071182 1 -0.00138324 -0.0293207 -0.00188456 0.00138455 0.999998 3.81476
1 -0.00154597 0.000437837 -0.0138978 0.00154627 0.999999 -0.000841297 -0.0456143 -0.000436699 0.000841858 1 4.75253
0.999991 -0.00451345 0.000459624 -0.0143564 0.00451503 0.999984 -0.00370295 -0.0642291 -0.000442719 0.0037049 0.999994 5.69575
0.999992 -0.00396743 -0.00132927 -0.0108229 0.00396238 0.999986 -0.00370358 -0.0677656 0.00134385 0.00369818 0.999993 6.62447
0.999991 -0.00434025 -0.00190073 -0.0160001 0.0043335 0.999985 -0.00348834 -0.0751852 0.00191606 0.00348003 0.999993 7.55164
0.999991 -0.00411036 -0.00183537 -0.0267024 0.00410611 0.999989 -0.00222832 -0.0837391 0.00184451 0.00222063 0.999997 8.48041
0.999988 -0.00397304 -0.00347055 -0.0282389 0.00396998 0.999993 -0.000845324 -0.0917524 0.00347409 0.00083157 0.999995 9.40534
0.999985 -0.00369077 -0.00435362 -0.0341109 0.0036924 0.999994 0.000425851 -0.101048 0.00435211 -0.000441935 0.999992 10.3209
0.999987 -0.00389255 -0.00396181 -0.0401405 0.00389779 0.999993 0.00135194 -0.109168 0.00395672 -0.00136735 0.999993 11.2323
0.999978 -0.00400604 -0.00557003 -0.0402641 0.00401568 0.999991 0.00176269 -0.10979 0.00556302 -0.00178504 0.999985 12.1439
0.999975 -0.00390896 -0.0063072 -0.0473161 0.00392087 0.999992 0.00190072 -0.110057 0.00629996 -0.00192541 0.99998 13.0472
0.999973 -0.0039485 -0.00641797 -0.0555855 0.00396131 0.999991 0.00202179 -0.108474 0.00641006 -0.00204716 0.99998 13.9457
0.999957 -0.00370221 -0.00883961 -0.0613243 0.00372108 0.999992 0.0021341 -0.110615 0.00883194 -0.00216694 0.999961 14.8471
0.999944 -0.00346753 -0.0102022 -0.0735506 0.00349028 0.999993 0.00223794 -0.109477 0.0101946 -0.00227335 0.999948 15.7414
0.999941 -0.00312381 -0.0107131 -0.0860918 0.00315072 0.999993 0.00251199 -0.110766 0.0107055 -0.00254572 0.999942 16.6149
0.999921 -0.0023892 -0.0125265 -0.104054 0.00242297 0.999995 0.00270396 -0.109632 0.0125201 -0.00273399 0.999921 17.5061
0.999905 -0.00245409 -0.0138884 -0.12436 0.00250146 0.999993 0.00340556 -0.114919 0.0138802 -0.00344011 0.999901 18.3858
0.999896 -0.00263291 -0.0144069 -0.147643 0.00269364 0.99999 0.00422892 -0.116467 0.0143954 -0.00426709 0.999891 19.2635
0.999866 -0.00257527 -0.0164321 -0.166203 0.00265666 0.999986 0.00493943 -0.118724 0.0164194 -0.00498255 0.999857 20.1477
0.999836 -0.00264944 -0.0180639 -0.183933 0.00274886 0.999983 0.00551065 -0.125318 0.0180486 -0.00555919 0.999826 21.0181
0.999824 -0.00229164 -0.0188895 -0.206851 0.00240256 0.999982 0.0058618 -0.130481 0.018876 -0.00590638 0.999808 21.87
0.999781 -0.00215236 -0.0209656 -0.227471 0.00228314 0.99998 0.00624104 -0.129596 0.0209513 -0.00628732 0.999765 22.7375
0.999782 -0.00225565 -0.0209864 -0.251772 0.00241574 0.99997 0.00761737 -0.130326 0.0209687 -0.00766673 0.999755 23.5829
0.999748 -0.00271921 -0.0224543 -0.274872 0.00293165 0.999953 0.00945664 -0.131634 0.022427 -0.00951986 0.999708 24.4437
0.999738 -0.00245348 -0.022982 -0.297112 0.00269477 0.999944 0.0104854 -0.130474 0.0229551 -0.0105449 0.999686 25.2838
0.999747 -0.00218058 -0.0225499 -0.321329 0.00242374 0.999941 0.0107844 -0.128876 0.0225246 -0.0108361 0.999693 26.1032
0.999722 -0.0016641 -0.0237506 -0.34423 0.00192431 0.99994 0.0109481 -0.126881 0.0237311 -0.0109911 0.999663 26.926
0.999705 -0.00158636 -0.0244478 -0.368749 0.00186387 0.999936 0.0113527 -0.125794 0.0244278 -0.0113947 0.999642 27.7262
0.999701 -0.00133537 -0.0246423 -0.393098 0.00162593 0.999932 0.0117862 -0.121417 0.024625 -0.011823 0.999632 28.512
0.999655 -0.00112421 -0.0264288 -0.415815 0.0014471 0.999927 0.0122187 -0.120767 0.0264126 -0.0122524 0.999582 29.2991
0.999604 -0.000697532 -0.028318 -0.440127 0.00105314 0.999923 0.0125537 -0.116872 0.0283071 -0.0125788 0.999526 30.0696
0.999574 -0.00036171 -0.0293638 -0.467366 0.000744262 0.999917 0.0130304 -0.115551 0.0293561 -0.0130464 0.99949 30.8328
0.999493 -0.000267966 -0.0320048 -0.493988 0.000711338 0.999906 0.0138483 -0.112489 0.0319982 -0.0138644 0.999398 31.5902
0.999429 -4.07586e-06 -0.0339509 -0.521378 0.000510889 0.999891 0.0149295 -0.111281 0.0339466 -0.0149381 0.999318 32.3374
0.999381 0.000335181 -0.0353322 -0.552222 0.000216233 0.999881 0.0156062 -0.103911 0.0353333 -0.0156045 0.99926 33.0755
0.999291 0.000831108 -0.0377657 -0.582193 -0.000223496 0.999873 0.0160999 -0.0987686 0.0377736 -0.0160798 0.999163 33.7991
0.999252 0.00151888 -0.0387778 -0.614839 -0.00088689 0.999869 0.0163121 -0.0896082 0.0387975 -0.0162658 0.999121 34.5117
0.999164 0.00174453 -0.0409837 -0.649635 -0.00106126 0.999862 0.0166967 -0.0850625 0.0410066 -0.016639 0.999027 35.2137
0.999094 0.00181576 -0.0426482 -0.684687 -0.00107368 0.99985 0.0174191 -0.0790572 0.0426735 -0.0173579 0.998944 35.9097
0.999067 0.00206806 -0.0432766 -0.722955 -0.00128734 0.999839 0.0180687 -0.0683997 0.0433063 -0.0179958 0.998906 36.5982
0.999048 0.00257119 -0.0436804 -0.758979 -0.00177103 0.999833 0.0183512 -0.0571623 0.0437203 -0.0182567 0.998883 37.2691
0.999096 0.00303438 -0.0425341 -0.795716 -0.00225828 0.999833 0.0182903 -0.0482344 0.0425819 -0.0181774 0.998934 37.9285
0.999203 0.00326494 -0.0399432 -0.827697 -0.00253386 0.999831 0.018344 -0.0396612 0.0399965 -0.0182285 0.99904 38.5788
0.999265 0.00322564 -0.0383618 -0.854045 -0.00251428 0.999827 0.0185856 -0.0329927 0.0384145 -0.0184751 0.999098 39.2184
0.99938 0.00346249 -0.0352156 -0.879868 -0.00278538 0.999813 0.0192638 -0.0235737 0.0352758 -0.0191542 0.999201 39.8574
0.999506 0.00391942 -0.0313864 -0.910452 -0.00328681 0.999793 0.0201917 -0.00487732 0.0314584 -0.0200782 0.99931 40.4955
0.999587 0.00607059 -0.0283412 -0.935625 -0.00532403 0.999642 0.0263496 0.0127439 0.0284913 -0.0261882 0.999258 41.1085
0.9997 0.00649318 -0.0238852 -0.960293 -0.00585833 0.999632 0.0265661 0.0281629 0.0240482 -0.0264177 0.999369 41.7087
0.999825 0.00675707 -0.01782 -0.97765 -0.00627759 0.999623 0.0268368 0.0413911 0.0179948 -0.0267207 0.999488 42.2948
0.999903 0.00673562 -0.0127468 -0.993819 -0.00638326 0.999603 0.0275087 0.0557461 0.0129263 -0.0274241 0.999547 42.8589
0.999964 0.00707116 -0.0059212 -1.00599 -0.00690505 0.999596 0.0276622 0.0718293 0.00611475 -0.0276207 0.999607 43.4079
0.999978 0.0074486 0.00166551 -1.01244 -0.00749214 0.999591 0.0276956 0.0797294 -0.00145937 -0.0277069 0.999622 43.9352
0.999941 0.00781601 0.00849314 -1.01284 -0.00805045 0.999582 0.0278923 0.0857741 -0.0082712 -0.0279593 0.999583 44.4418
0.999839 0.0085192 0.0162469 -1.01194 -0.00896919 0.999576 0.0278138 0.0957088 -0.0160038 -0.0279544 0.999489 44.9318
0.999664 0.0091291 0.0245884 -1.00771 -0.00980423 0.999578 0.0274657 0.104896 -0.0243269 -0.0276978 0.999329 45.3918
0.999444 0.00921272 0.032286 -0.997575 -0.0101046 0.999572 0.0275674 0.104766 -0.0320189 -0.0278776 0.999106 45.8363
0.999143 0.00924689 0.0405516 -0.981109 -0.0103594 0.999576 0.0273034 0.113619 -0.0402815 -0.0277002 0.998813 46.2546
0.998808 0.00925769 0.0480945 -0.959255 -0.0105912 0.999568 0.0275416 0.114324 -0.0478194 -0.0280174 0.998471 46.6567
0.998384 0.00972529 0.0561393 -0.939547 -0.0112876 0.999559 0.0275727 0.124373 -0.055846 -0.0281621 0.99805 47.0312
0.997807 0.0101882 0.0655264 -0.920114 -0.0120011 0.999557 0.0273304 0.131428 -0.0652196 -0.0280562 0.997485 47.3873
0.997212 0.0105224 0.0739868 -0.903769 -0.0125652 0.999554 0.0271961 0.136698 -0.0736672 -0.0280502 0.996897 47.7101
0.996503 0.0106205 0.0829918 -0.885877 -0.0129222 0.999548 0.0272438 0.136396 -0.0826656 -0.0282201 0.996187 48.0147
0.995661 0.0102051 0.0925922 -0.851312 -0.0128097 0.99954 0.0275761 0.128974 -0.0922678 -0.0286426 0.995331 48.2983
0.994636 0.0103695 0.103004 -0.820297 -0.0132612 0.999538 0.0274261 0.133186 -0.102673 -0.0286441 0.994312 48.5622
0.993315 0.0105081 0.115037 -0.782097 -0.0137086 0.999542 0.0270644 0.141098 -0.114699 -0.0284606 0.993001 48.8252
0.991655 0.0106724 0.128553 -0.741909 -0.0142289 0.999543 0.0267777 0.153461 -0.128209 -0.0283825 0.99135 49.0853
0.989556 0.0110867 0.143783 -0.705392 -0.0150293 0.999543 0.0263613 0.163554 -0.143424 -0.0282471 0.989267 49.3492
0.986973 0.0111641 0.160555 -0.657098 -0.0155698 0.999538 0.0262068 0.168249 -0.160189 -0.0283642 0.986688 49.6101
0.984116 0.0111458 0.177228 -0.606727 -0.0160178 0.999534 0.0260819 0.168217 -0.176854 -0.0285066 0.983833 49.8562
0.980665 0.0108785 0.195439 -0.543614 -0.0162682 0.999532 0.0259918 0.16839 -0.195066 -0.0286678 0.98038 50.1067
0.976561 0.0107699 0.215016 -0.476648 -0.0167154 0.999529 0.0258508 0.170677 -0.214636 -0.0288392 0.976278 50.3532
0.971997 0.010959 0.234779 -0.408126 -0.017442 0.999524 0.0255533 0.176943 -0.234388 -0.0289318 0.971722 50.5903
0.966592 0.0121194 0.256072 -0.335578 -0.0191905 0.999503 0.0251321 0.184958 -0.255639 -0.0292067 0.966341 50.8324
0.960243 0.0121363 0.278937 -0.251729 -0.0198377 0.999498 0.0248032 0.185734 -0.278496 -0.0293496 0.959999 51.0753
0.952978 0.0120912 0.30283 -0.167975 -0.0204556 0.999494 0.0244636 0.186041 -0.30238 -0.029508 0.952741 51.3102
0.944479 0.0122766 0.328373 -0.0748667 -0.0213109 0.999489 0.0239275 0.192597 -0.327911 -0.0295959 0.944255 51.5566
0.934414 0.012354 0.356005 0.0264231 -0.0221583 0.999481 0.0234742 0.193056 -0.355529 -0.0298232 0.9342 51.808
0.923258 0.0122982 0.384009 0.134772 -0.0228912 0.999475 0.0230268 0.189101 -0.383524 -0.0300491 0.923052 52.0411
0.910292 0.012206 0.413813 0.261972 -0.0236319 0.99947 0.0225026 0.183052 -0.413318 -0.0302633 0.910095 52.2714
0.894651 0.0121736 0.446621 0.402579 -0.0244001 0.99947 0.0216342 0.184336 -0.446121 -0.0302516 0.894472 52.5071
0.877254 0.0124118 0.479888 0.550765 -0.0254014 0.999468 0.0205835 0.194874 -0.479375 -0.0302469 0.8771 52.7263
0.85728 0.0127107 0.514711 0.714876 -0.02653 0.99946 0.0195055 0.205666 -0.514185 -0.030376 0.857152 52.9616
0.835388 0.012696 0.549533 0.882393 -0.0272912 0.999461 0.0183956 0.211155 -0.549001 -0.030365 0.835281 53.1857
0.810777 0.012782 0.585232 1.07403 -0.0281276 0.999459 0.0171386 0.217762 -0.584696 -0.0303558 0.810696 53.4203
0.783157 0.0128893 0.621708 1.27989 -0.0290416 0.999455 0.0158616 0.223207 -0.621163 -0.0304775 0.783102 53.6692
0.753434 0.0159411 0.657345 1.49959 -0.0337557 0.999327 0.0144556 0.227533 -0.656672 -0.0330794 0.753463 53.9109
0.720333 0.0155946 0.693469 1.74821 -0.034349 0.999325 0.0132061 0.219695 -0.692793 -0.0333326 0.720379 54.1445
0.682823 0.0149003 0.730445 2.0298 -0.034731 0.999325 0.0120816 0.211159 -0.729772 -0.0336178 0.682878 54.3842
0.643995 0.0149872 0.764898 2.3254 -0.0355875 0.999314 0.0103812 0.216556 -0.764216 -0.033906 0.644084 54.5992
0.601452 0.0148577 0.798784 2.65373 -0.0360655 0.999314 0.00856837 0.222751 -0.798108 -0.0339612 0.601574 54.8243
0.555506 0.0147389 0.831396 2.99753 -0.036627 0.999308 0.00675624 0.223273 -0.830719 -0.0342044 0.555659 55.028
0.507137 0.0142232 0.861761 3.375 -0.0365179 0.999322 0.00499689 0.225601 -0.861105 -0.0340029 0.507311 55.2251
0.457858 0.0137078 0.888933 3.77747 -0.0364964 0.99933 0.00338691 0.227189 -0.888288 -0.0339933 0.458049 55.4174
0.40887 0.0101101 0.912549 4.18783 -0.0403809 0.999162 0.00702324 0.240286 -0.911711 -0.0397204 0.408934 55.582
0.358728 0.0102553 0.933398 4.62435 -0.0408292 0.999157 0.00471293 0.248046 -0.932561 -0.0398002 0.358842 55.7418
0.308495 0.010252 0.951185 5.07671 -0.04045 0.999182 0.0023499 0.255666 -0.950378 -0.0391995 0.308656 55.8856
0.261977 0.00821547 0.965052 5.54606 -0.0378924 0.999282 0.00177866 0.252923 -0.964342 -0.0370337 0.262098 55.9761
0.217094 0.00273436 0.976161 6.04007 -0.0261995 0.999657 0.00302667 0.2476 -0.975812 -0.0262314 0.21709 56.0499
0.17495 0.000838712 0.98459 6.54432 -0.0237368 0.999714 0.00336532 0.242857 -0.984303 -0.0239594 0.174919 56.1088
0.13693 0.00191131 0.990593 7.05263 -0.0237983 0.99972 0.00136094 0.273726 -0.990308 -0.0237602 0.136937 56.1603
0.10328 0.000800958 0.994665 7.58007 -0.0216025 0.999767 0.00143718 0.280236 -0.99443 -0.0216353 0.103272 56.2006
0.0734258 -0.000662606 0.997315 8.12433 -0.0170284 0.999857 0.00191819 0.281942 -0.997168 -0.0171229 0.0734038 56.2264
0.0486568 -0.00127173 0.998828 8.68382 -0.0162287 0.999868 0.00206281 0.297711 -0.998696 -0.0163097 0.0486286 56.2371
0.0283232 -0.00147371 0.999612 9.25457 -0.0154507 0.999883 0.00191208 0.315947 -0.999493 -0.0154983 0.028297 56.2398
0.0116994 -0.00127749 0.999944 9.83796 -0.0156152 0.999879 0.00145931 0.326656 -0.999823 -0.015631 0.011677 56.2434
-0.00126161 -0.001526 1.00001 10.4251 -0.0154758 0.999883 0.00150648 0.334659 -0.999892 -0.0154736 -0.00128501 56.2384
-0.0133864 -0.00151537 0.999924 11.0291 -0.0155332 0.999881 0.0013066 0.340066 -0.999804 -0.0155141 -0.0134093 56.2305
-0.0228803 -0.00111209 0.999752 11.6395 -0.0141378 0.999903 0.000788962 0.35127 -0.999651 -0.0141157 -0.0228936 56.2125
-0.0304557 -0.0014514 0.999549 12.2623 -0.0132733 0.999914 0.00104674 0.362051 -0.999462 -0.0132349 -0.0304732 56.1885
-0.0347165 -0.00155759 0.999412 12.9012 -0.0136279 0.99991 0.00108521 0.373397 -0.999318 -0.0135817 -0.0347344 56.1642
-0.0388893 -0.00212351 0.999255 13.5486 -0.0138304 0.999906 0.00158587 0.381646 -0.999162 -0.0137579 -0.0389157 56.1465
-0.04071 -0.00851586 0.999151 14.2179 -0.0154682 0.999854 0.00789183 0.394587 -0.999066 -0.0151333 -0.0408354 56.1226
-0.0420086 -0.0150816 0.999018 14.8919 -0.0141196 0.999798 0.014499 0.399401 -0.999031 -0.0134962 -0.0422139 56.0955
-0.0423999 -0.0151047 0.999003 15.5717 -0.0138182 0.999803 0.0145306 0.411376 -0.99902 -0.0131879 -0.0425999 56.0632
-0.0429546 -0.0141961 0.998991 16.2545 -0.0137234 0.999816 0.0136171 0.425491 -0.998997 -0.0131242 -0.0431423 56.0347
-0.0413554 -0.00605337 0.999144 16.9491 -0.0148492 0.99988 0.00544342 0.443763 -0.999049 -0.0146109 -0.04144 56.005
-0.0390135 0.000152902 0.999254 17.6495 -0.016325 0.99987 -0.00079098 0.448272 -0.99912 -0.0163432 -0.0390068 55.9786
-0.0374305 0.00106515 0.999316 18.359 -0.0161524 0.999872 -0.00167052 0.463442 -0.999184 -0.0162034 -0.0374083 55.9585
-0.0344222 -0.00149805 0.999422 19.0949 -0.0163231 0.99987 0.000935906 0.458303 -0.999289 -0.0162811 -0.034443 55.9358
-0.031983 -0.00915684 0.999464 19.8294 -0.0158796 0.999841 0.00865232 0.451799 -0.999378 -0.0155939 -0.0321231 55.9178
-0.0298718 -0.0119666 0.999497 20.5528 -0.0141695 0.999837 0.0115465 0.444589 -0.999468 -0.013817 -0.0300373 55.9006
-0.0267022 -0.00776737 0.999631 21.2751 -0.00817742 0.999943 0.00755152 0.430718 -0.999626 -0.00797236 -0.026764 55.8777
-0.0236292 -0.00424771 0.999728 22.0017 -0.00511708 0.999983 0.00412714 0.419483 -0.999723 -0.00501769 -0.0236514 55.8606
-0.0219814 -0.00449191 0.999766 22.7284 -0.00703015 0.999971 0.00433838 0.425746 -0.99975 -0.00693266 -0.0220121 55.8557
-0.0175476 -0.00948917 0.999817 23.4698 -0.0111366 0.999899 0.00929372 0.428869 -0.9998 -0.010971 -0.0176524 55.8548
-0.0132445 -0.011522 0.999864 24.2014 -0.00908767 0.999899 0.0114022 0.431329 -0.999887 -0.00893492 -0.0133476 55.8438
-0.0108596 -0.0109966 0.999897 24.9322 -0.00348838 0.999938 0.0109584 0.414251 -0.999951 -0.0033686 -0.0108982 55.8373
-0.00733062 -0.010462 0.999937 25.672 -0.0046575 0.99994 0.010428 0.428074 -0.999979 -0.00458033 -0.00737863 55.8346
-0.00380851 -0.0107275 0.999952 26.4062 -0.00500233 0.999934 0.0107075 0.442143 -0.999997 -0.0049609 -0.00386281 55.8397
-0.000827897 -0.0118182 0.999949 27.1435 -0.00461586 0.999925 0.0118143 0.440376 -1.00001 -0.00460541 -0.000882174 55.8463
0.00361008 -0.0129319 0.999927 27.887 -0.00332458 0.999915 0.0129429 0.442418 -1 -0.00337065 0.00356587 55.8498
0.00674832 -0.0139813 0.999899 28.6272 0.00153844 0.999906 0.0139711 0.430822 -0.999993 0.00144441 0.00676939 55.852
0.00948362 -0.0139745 0.999875 29.3614 0.00117045 0.999906 0.0139631 0.444985 -0.999972 0.00103833 0.00949817 55.8572
0.0128428 -0.0141451 0.999836 30.105 0.000800287 0.999904 0.0141359 0.457446 -0.999934 0.000619004 0.0128531 55.8673
0.0160131 -0.0148779 0.999779 30.8484 0.00137099 0.999893 0.014857 0.46709 -0.999889 0.00113326 0.0160308 55.8789
0.0188415 -0.0152523 0.999725 31.5896 0.00153484 0.999887 0.015226 0.474203 -0.999838 0.00124793 0.0188629 55.8926
0.0223303 -0.0150617 0.999656 32.3354 0.00062505 0.999891 0.0150506 0.486598 -0.999769 0.000289222 0.0223362 55.9134
0.0253122 -0.0151311 0.999585 33.0846 0.000142914 0.99989 0.0151323 0.500683 -0.999696 -0.000239763 0.0253116 55.9399
0.0275604 -0.0158324 0.999514 33.8328 0.0011715 0.99988 0.0158052 0.504085 -0.999638 0.000735836 0.0275746 55.9618
0.0308621 -0.0161015 0.999414 34.5803 0.000433466 0.999875 0.0160957 0.522933 -0.999541 -6.30334e-05 0.0308651 55.9914
0.0323793 -0.0161692 0.999365 35.3613 0.000325617 0.999875 0.0161663 0.535339 -0.999496 -0.00019745 0.0323792 56.0309
0.0384331 -0.0161598 0.99915 36.0948 0.000299549 0.999875 0.0161601 0.553663 -0.999279 -0.000321309 0.0384329 56.0426
0.0401083 -0.0165819 0.999079 36.8484 0.000120811 0.999868 0.0165898 0.560623 -0.999216 -0.00054403 0.0401036 56.0794
0.0423731 -0.0162789 0.998989 37.608 -9.02238e-05 0.999873 0.0162973 0.568697 -0.99912 -0.000780229 0.042366 56.1169
0.0464962 -0.0160966 0.99881 38.373 0.000333035 0.999876 0.016098 0.584729 -0.99894 -0.000415185 0.0464943 56.1527
0.0496377 -0.0158427 0.998661 39.1417 -0.00106861 0.999878 0.0159152 0.600141 -0.998786 -0.00185671 0.0496143 56.1998
0.0518969 -0.0150359 0.998561 39.9155 -0.00485651 0.999876 0.0153078 0.643761 -0.998662 -0.00564317 0.0518159 56.2556
0.055778 -0.015768 0.998339 40.6955 -0.00391781 0.999869 0.0160112 0.64265 -0.998455 -0.00480387 0.0557085 56.3038
0.0595945 -0.0156374 0.998122 41.4793 -0.00439107 0.999869 0.0159267 0.654822 -0.998234 -0.00533121 0.0595165 56.353
0.0628936 -0.0150674 0.997927 42.2701 -0.00763889 0.999855 0.015578 0.666292 -0.99801 -0.00860229 0.0627689 56.4085
0.0677106 -0.0155774 0.997606 43.0633 -0.00658948 0.999855 0.0160595 0.676683 -0.997705 -0.00766032 0.0675966 56.4688
0.0725138 -0.0156879 0.997264 43.8607 -0.00617362 0.999855 0.0161778 0.683699 -0.997368 -0.0073293 0.0724058 56.526
0.0766743 -0.0129633 0.996995 44.6599 -0.00725853 0.999887 0.0135589 0.697527 -0.997051 -0.00827549 0.0765698 56.5959
0.0834467 -0.00606781 0.996514 45.4577 -0.00854083 0.999945 0.00680406 0.70006 -0.996496 -0.00907833 0.0833896 56.6729
0.0908474 -0.00144777 0.995886 46.2575 -0.00869865 0.999965 0.00224695 0.701809 -0.995849 -0.00886617 0.0908297 56.746
0.0974012 -0.00187151 0.995265 47.0584 -0.00891995 0.999961 0.00275348 0.707785 -0.995226 -0.00914538 0.09738 56.8398
0.105705 -0.00342627 0.994414 47.8706 -0.00901804 0.999955 0.00440377 0.70687 -0.994379 -0.00943234 0.105668 56.9337
0.113385 -0.00430615 0.993564 48.6843 -0.00901774 0.99995 0.00536311 0.702825 -0.993531 -0.00956726 0.113339 57.0302
0.120149 -0.00535226 0.992765 49.4988 -0.00907446 0.999944 0.00648903 0.706422 -0.992737 -0.00978764 0.120091 57.1341
0.12892 -0.0102468 0.991624 50.3169 -0.00911503 0.999898 0.0115176 0.723838 -0.991635 -0.0105231 0.128813 57.2481
0.136339 -0.0165728 0.990548 51.1261 -0.00950394 0.999799 0.0180356 0.746537 -0.990639 -0.0118722 0.136152 57.3725
0.143157 -0.0180765 0.989558 51.9335 -0.00953607 0.999767 0.0196428 0.75726 -0.989676 -0.012248 0.14295 57.4967
0.151314 -0.0177274 0.988352 52.7237 -0.00994761 0.999768 0.019455 0.770467 -0.988459 -0.0127747 0.1511 57.6174
0.157147 -0.016314 0.987463 53.5124 -0.0100084 0.999792 0.0181107 0.770341 -0.987547 -0.0127285 0.156949 57.7483
0.161252 -0.0164132 0.986802 54.2916 -0.00982269 0.999792 0.0182343 0.78544 -0.986888 -0.0126324 0.161055 57.8813
0.167162 -0.0166233 0.985812 55.0673 -0.00944531 0.999791 0.0184609 0.800802 -0.985907 -0.0123968 0.166969 58.0199
0.172519 -0.0176832 0.984873 55.8363 -0.00930839 0.999772 0.0195812 0.816738 -0.984986 -0.0125447 0.172313 58.1638
0.176959 -0.0198305 0.984041 56.5955 -0.00845149 0.999735 0.0216669 0.813384 -0.984205 -0.0121502 0.176743 58.3026
0.182161 -0.0257528 0.982957 57.3557 -0.0062777 0.999613 0.0273525 0.834191 -0.983273 -0.0111522 0.181926 58.4445
0.185417 -0.0323382 0.982151 58.1093 -0.00396992 0.999431 0.0336569 0.858012 -0.982675 -0.010139 0.185182 58.5887
0.187908 -0.0343069 0.981614 58.8384 -0.00425259 0.99936 0.0357413 0.891072 -0.982202 -0.0108894 0.187639 58.7405
0.191853 -0.0355308 0.980804 59.5732 -0.00472661 0.999306 0.0371258 0.90604 -0.981436 -0.0117579 0.191551 58.8877
0.193236 -0.0357333 0.980528 60.2851 -0.00534001 0.999291 0.0374695 0.935692 -0.981163 -0.0124755 0.192906 59.0336
0.195817 -0.0358665 0.980009 60.9982 -0.00574478 0.999278 0.0377198 0.965535 -0.980648 -0.0130155 0.195468 59.1876
0.197417 -0.0310531 0.979854 61.692 -0.00678187 0.999439 0.0330402 0.990133 -0.980321 -0.013167 0.197093 59.3379
0.19889 -0.025864 0.979706 62.3716 -0.0081404 0.99958 0.0280415 1.01445 -0.980012 -0.0135517 0.198595 59.4855
0.201394 -0.0257697 0.979197 63.0554 -0.00742909 0.999592 0.0278344 1.03153 -0.979507 -0.0128794 0.201118 59.6315
0.202981 -0.0258637 0.978866 63.7238 -0.00784235 0.999583 0.0280376 1.06307 -0.979175 -0.0133671 0.202692 59.777
0.203126 -0.0270655 0.978805 64.3867 -0.00787934 0.999548 0.0292743 1.07883 -0.979146 -0.0136579 0.202818 59.9183
0.20451 -0.0276351 0.9785 65.037 -0.00891014 0.999514 0.0300912 1.09715 -0.978848 -0.0148719 0.204163 60.058
0.20438 -0.0281089 0.978515 65.6816 -0.00999064 0.999483 0.030798 1.10948 -0.978867 -0.0160697 0.203991 60.1947
0.20267 -0.0284083 0.978861 66.3169 -0.0105112 0.999465 0.0311829 1.12557 -0.979215 -0.0166082 0.202262 60.3296
0.201525 -0.0283305 0.9791 66.9364 -0.0113653 0.999454 0.0312587 1.14172 -0.979444 -0.0174263 0.20109 60.4607
0.198649 -0.0287151 0.979676 67.5507 -0.0121046 0.99943 0.0317488 1.15341 -0.980021 -0.0181648 0.198187 60.5902
0.197105 -0.0250969 0.980088 68.1503 -0.0104606 0.999569 0.0276996 1.172 -0.980353 -0.0157114 0.196754 60.7123
0.194928 -0.0250274 0.980524 68.7431 -0.00999758 0.999579 0.0275015 1.18578 -0.980792 -0.0151631 0.194594 60.8302
0.19211 -0.0256912 0.981064 69.334 -0.0100291 0.999561 0.0281395 1.20791 -0.981349 -0.0152444 0.191765 60.9503
0.190765 -0.0268229 0.981296 69.9116 -0.0100243 0.999529 0.0292704 1.22685 -0.98161 -0.01542 0.190404 61.0645
0.188592 -0.0281582 0.981679 70.4801 -0.00965904 0.999495 0.0305248 1.2396 -0.982036 -0.0152382 0.188221 61.177
0.186035 -0.0297818 0.982119 71.0416 -0.0091966 0.999451 0.0320497 1.23915 -0.982526 -0.0149941 0.185658 61.2816
0.184543 -0.0275685 0.982467 71.5857 -0.00575291 0.999567 0.0291291 1.24616 -0.982836 -0.0110271 0.184301 61.3827
0.182074 -0.0279637 0.982915 72.1323 -0.00424684 0.999571 0.0292248 1.25351 -0.983302 -0.00949494 0.181876 61.4801
0.179767 -0.0280062 0.983339 72.6733 -0.004125 0.999573 0.029223 1.27619 -0.983728 -0.00930912 0.179572 61.5777
0.179236 -0.0282924 0.983428 73.2117 -0.00392874 0.999565 0.0294732 1.2915 -0.983825 -0.0091458 0.179046 61.6763
0.177975 -0.0288748 0.98364 73.7602 -0.00292225 0.999557 0.029871 1.30653 -0.984058 -0.00819027 0.177809 61.7732
0.177471 -0.0305081 0.983682 74.3102 -0.000913517 0.999521 0.0311647 1.30389 -0.984153 -0.00642895 0.177357 61.8656
0.180247 -0.0319159 0.983133 74.8523 0.00234432 0.999492 0.0320174 1.3113 -0.983646 -0.0034659 0.180228 61.962
0.182138 -0.0326874 0.982759 75.4056 0.00479586 0.999472 0.0323551 1.32235 -0.983288 -0.00117941 0.182197 62.0614
0.185202 -0.0330594 0.982174 75.9608 0.00492811 0.99946 0.0327121 1.3462 -0.982717 -0.00121773 0.185262 62.1741
0.191076 -0.033889 0.98102 76.5116 0.00526038 0.999432 0.0335012 1.36174 -0.981589 -0.00124019 0.191144 62.2873
0.197712 -0.0346855 0.979676 77.0717 0.00690698 0.999406 0.0339903 1.37453 -0.980264 4.66484e-05 0.197831 62.398
0.205355 -0.0352034 0.978084 77.6375 0.00730871 0.999388 0.0344363 1.3942 -0.978688 7.73638e-05 0.205485 62.5247
0.213904 -0.0359777 0.976222 78.211 0.00835378 0.99936 0.0350002 1.41412 -0.976847 0.000668783 0.214065 62.6592
0.223515 -0.0369403 0.974031 78.7869 0.00855696 0.999325 0.0359367 1.43106 -0.974691 0.000302782 0.223678 62.8025
0.233186 -0.03768 0.971732 79.3695 0.00884485 0.999298 0.0366266 1.44418 -0.972421 5.43718e-05 0.233352 62.9532
0.243514 -0.037803 0.969191 79.9523 0.0086077 0.999293 0.0368151 1.4722 -0.969888 -0.000622089 0.243664 63.1143
0.252768 -0.0379568 0.966813 80.5435 0.00858611 0.999287 0.0369872 1.4947 -0.967518 -0.00104768 0.25291 63.2841
0.264503 -0.0370833 0.963702 81.1459 0.00786214 0.999318 0.0362966 1.52861 -0.964382 -0.00202335 0.264612 63.4616
0.27533 -0.037277 0.960658 81.7613 0.00794373 0.99931 0.0365003 1.54442 -0.961347 -0.0024181 0.275433 63.6464
0.285474 -0.0372593 0.957693 82.3793 0.007676 0.999309 0.0365909 1.56967 -0.958386 -0.00309405 0.28556 63.8416
0.295415 -0.0372893 0.954673 83.0108 0.00785712 0.999307 0.0366017 1.58857 -0.955367 -0.00331125 0.2955 64.0485
0.305178 -0.0373031 0.951596 83.6473 0.0073408 0.999303 0.0368197 1.61894 -0.952297 -0.00425062 0.305236 64.2687
0.314264 -0.0407117 0.948495 84.227 0.0079979 0.999168 0.0402369 1.63714 -0.949334 -0.00505881 0.314324 64.4689
0.32309 -0.0484773 0.945158 84.8936 0.0113061 0.998822 0.0473656 1.64958 -0.946332 -0.00461679 0.323254 64.7093
0.334801 -0.0525344 0.940857 85.5759 0.0139532 0.998622 0.0507946 1.68032 -0.942217 -0.003878 0.335068 64.9493
0.345217 -0.0539689 0.937003 86.2575 0.0151244 0.998545 0.0519421 1.72178 -0.938432 -0.00375917 0.345527 65.2068
0.353443 -0.0561832 0.933801 86.956 0.018174 0.998429 0.0531928 1.75193 -0.935312 -0.00182952 0.353904 65.471
0.361765 -0.0597949 0.930384 87.6517 0.0252103 0.998214 0.0543524 1.80259 -0.931961 0.00379287 0.362622 65.7371
0.369092 -0.0706797 0.926737 88.3741 0.0387002 0.99742 0.0606575 1.8585 -0.928619 0.0134767 0.37087 65.9961
0.374928 -0.0750064 0.924049 89.0987 0.0433326 0.99706 0.0633515 1.87987 -0.926074 0.0162895 0.377072 66.2957
0.382349 -0.0756247 0.920954 89.8046 0.0446861 0.997004 0.0633176 1.93122 -0.92297 0.0169443 0.384577 66.5918
0.388888 -0.0714115 0.918548 90.5255 0.0462348 0.997259 0.0579568 1.97957 -0.920157 0.0199304 0.39112 66.8951
0.39649 -0.0668667 0.915637 91.2303 0.0488442 0.997479 0.051693 2.02736 -0.916772 0.0242276 0.398751 67.194
0.402393 -0.066738 0.913066 91.9461 0.0480404 0.997516 0.0517394 2.06802 -0.914239 0.0230447 0.404595 67.5101
0.407375 -0.0649692 0.910985 92.6496 0.0420783 0.997756 0.0523408 2.09753 -0.912326 0.0170102 0.409188 67.8443
0.412659 -0.0623589 0.908785 93.3417 0.0382469 0.997971 0.0511123 2.14144 -0.910117 0.0136666 0.414202 68.1729
0.416957 -0.0623788 0.906821 94.0286 0.0378193 0.997983 0.0512601 2.16 -0.908174 0.0129219 0.418467 68.4924
0.421085 -0.0623377 0.904913 94.7089 0.0377102 0.997987 0.0512024 2.20371 -0.906272 0.0125642 0.422583 68.8214
0.42512 -0.0609367 0.903121 95.3749 0.0365785 0.998087 0.0501259 2.24489 -0.904433 0.0117251 0.426529 69.1463
0.429213 -0.0627304 0.90106 96.0341 0.0374978 0.997973 0.0516164 2.28591 -0.902461 0.0116337 0.43069 69.4675
0.432971 -0.0647143 0.899121 96.6972 0.0386053 0.997849 0.0532299 2.31918 -0.900617 0.0116638 0.43453 69.7877
0.436983 -0.0656556 0.897108 97.3366 0.038984 0.997788 0.0540356 2.3574 -0.898661 0.0113606 0.438571 70.0993
0.439871 -0.0664123 0.895641 97.9682 0.0392616 0.997744 0.0547011 2.39368 -0.897239 0.0111029 0.441478 70.4163
0.443974 -0.0663792 0.893615 98.5817 0.0390768 0.997748 0.0547007 2.42765 -0.895224 0.0106343 0.445563 70.7296
0.446695 -0.0667294 0.892233 99.1944 0.0393712 0.997727 0.0549083 2.45525 -0.893856 0.0106011 0.4483 71.038
0.448288 -0.067724 0.891358 99.8005 0.0411022 0.997643 0.0551287 2.48151 -0.892981 0.0119236 0.45001 71.3356
0.449614 -0.0681118 0.890661 100.396 0.0413762 0.997618 0.0554042 2.5073 -0.892301 0.0119417 0.451355 71.641
0.451813 -0.068109 0.889548 100.974 0.0410229 0.997623 0.0555487 2.54602 -0.891207 0.0113946 0.453528 71.9391
0.454066 -0.0689038 0.888339 101.549 0.0417791 0.997567 0.0560212 2.57365 -0.890025 0.0116767 0.455833 72.2359
0.456276 -0.069394 0.887168 102.114 0.041796 0.997536 0.0565319 2.60745 -0.888894 0.0112863 0.458047 72.533
0.459365 -0.0702571 0.885504 102.666 0.0428747 0.997471 0.056899 2.63501 -0.887249 0.0118283 0.461208 72.819
0.462462 -0.070686 0.883856 103.215 0.0435329 0.997436 0.0569924 2.6616 -0.885608 0.0121204 0.464347 73.1083
0.464836 -0.0713181 0.88256 103.758 0.0441888 0.997389 0.0573235 2.68876 -0.884331 0.0123532 0.466767 73.3917
0.468529 -0.0718494 0.880561 104.278 0.0442409 0.997356 0.0578403 2.71522 -0.882379 0.0118573 0.470463 73.6718
0.471547 -0.0722202 0.87892 104.797 0.0442965 0.997335 0.058185 2.7413 -0.880766 0.011496 0.473482 73.9522
0.47449 -0.0728613 0.87728 105.312 0.0446359 0.997289 0.058687 2.76946 -0.879168 0.0113122 0.47645 74.2347
0.477871 -0.0734975 0.875392 105.81 0.0451226 0.997244 0.0590962 2.7948 -0.877309 0.0112596 0.479863 74.5091
0.481396 -0.0735354 0.873454 106.314 0.0449024 0.997246 0.0592104 2.82674 -0.875392 0.010717 0.483365 74.791
0.48592 -0.0743395 0.870878 106.808 0.0458889 0.997184 0.059517 2.85305 -0.872837 0.0110431 0.487955 75.069
0.490857 -0.0741738 0.868118 107.296 0.0455266 0.997203 0.0594617 2.88824 -0.87009 0.0103358 0.492854 75.3578
0.496931 -0.0684044 0.865131 107.785 0.0434914 0.997611 0.0538981 2.91737 -0.866739 0.0108422 0.498711 75.6466
0.502977 -0.0612889 0.862165 108.27 0.0395798 0.99808 0.0478611 2.94273 -0.863434 0.0100517 0.50443 75.9446
0.510535 -0.0554562 0.858109 108.75 0.037048 0.998423 0.0424825 2.95737 -0.859099 0.0101024 0.511777 76.2485
0.516766 -0.0508182 0.854659 109.241 0.0347797 0.99867 0.0383524 2.97427 -0.855461 0.00990602 0.517839 76.5555
0.522703 -0.0514352 0.851005 109.723 0.0342855 0.998652 0.0393004 2.98872 -0.851866 0.00863471 0.523753 76.8639
0.528741 -0.05281 0.847181 110.218 0.0290519 0.998615 0.0441186 3.0068 -0.848328 0.00128564 0.529535 77.1894
0.534541 -0.0540974 0.843453 110.727 0.028864 0.998548 0.0457524 3.02694 -0.844691 -0.0001108 0.535318 77.5228
0.541401 -0.0557487 0.838958 111.22 0.0233245 0.998424 0.0512938 3.03832 -0.840485 -0.00820126 0.541839 77.8579
0.547475 -0.0567062 0.834943 111.729 0.0236633 0.998365 0.0522891 3.06072 -0.836529 -0.00886917 0.547913 78.2029
0.553864 -0.0559634 0.830769 112.244 0.0229378 0.998397 0.0519636 3.09527 -0.832336 -0.00972378 0.554252 78.5598
0.560858 -0.0513985 0.82636 112.76 0.0192617 0.998624 0.0490401 3.13017 -0.82773 -0.0115871 0.561068 78.9274
0.567206 -0.051732 0.821995 113.283 0.0200498 0.998609 0.0490126 3.16065 -0.823378 -0.0113184 0.567445 79.3035
0.572878 -0.051803 0.818048 113.813 0.0208249 0.998612 0.0486538 3.19279 -0.81942 -0.0108365 0.573152 79.6863
0.579861 -0.0524228 0.813073 114.35 0.022064 0.998585 0.0486489 3.23012 -0.814464 -0.0102689 0.580187 80.086
0.586773 -0.0528945 0.808068 114.898 0.0231545 0.998565 0.0485509 3.27072 -0.809465 -0.00977746 0.587146 80.5029
0.593068 -0.0544777 0.803354 115.466 0.0243562 0.998478 0.0497294 3.29435 -0.804832 -0.00992515 0.593483 80.9262
0.601432 -0.0553745 0.79705 116.036 0.0252737 0.998428 0.0502945 3.32895 -0.79857 -0.0101038 0.601876 81.3645
0.608932 -0.0553901 0.791334 116.611 0.0254015 0.998422 0.0503395 3.36188 -0.792864 -0.0105512 0.609368 81.8175
0.616214 -0.0557574 0.785651 117.19 0.0264474 0.998406 0.0501132 3.41503 -0.787181 -0.0101016 0.616696 82.2872
0.62458 -0.055653 0.779024 117.773 0.0261724 0.998402 0.0503422 3.45003 -0.780571 -0.0110528 0.625029 82.7749
0.631432 -0.0561226 0.773447 118.358 0.0271783 0.99838 0.0502565 3.49301 -0.775002 -0.0107122 0.631924 83.2683
0.636128 -0.0570367 0.769522 118.955 0.0282368 0.998331 0.0506543 3.52837 -0.771116 -0.0104928 0.636666 83.7682
0.64033 -0.0577508 0.765976 119.564 0.0292026 0.998292 0.0508544 3.56942 -0.767593 -0.0101947 0.640912 84.2859
0.643499 -0.0588922 0.763228 120.177 0.0311857 0.998239 0.0507331 3.60905 -0.764862 -0.00884396 0.644191 84.8042
0.646824 -0.0601216 0.760316 120.808 0.0332069 0.998176 0.0506806 3.64276 -0.761965 -0.00753328 0.64763 85.3299
0.649504 -0.0642989 0.757685 121.441 0.0388767 0.997937 0.0513617 3.68763 -0.759415 -0.00390252 0.650653 85.8675
0.652124 -0.0690239 0.755015 122.07 0.0445253 0.997628 0.0527466 3.7438 -0.756854 -0.000779722 0.653639 86.4128
0.655088 -0.0691223 0.752436 122.713 0.0452283 0.997623 0.0522701 3.78706 -0.754249 -0.000209322 0.656646 86.9631
0.658732 -0.0700063 0.749166 123.353 0.0467201 0.99756 0.0521378 3.8403 -0.750977 0.000656639 0.660384 87.5316
0.660521 -0.0704964 0.747543 123.981 0.0474975 0.997526 0.052103 3.87609 -0.749356 0.0010921 0.662224 88.1006
0.666279 -0.0644704 0.742963 124.627 0.0422794 0.997933 0.0486802 3.9285 -0.744555 -0.00102226 0.667617 88.6821
0.669781 -0.0616167 0.740051 125.258 0.0367234 0.998094 0.0498657 3.96728 -0.741704 -0.00622103 0.670756 89.2797
0.672789 -0.06373 0.737138 125.906 0.0363763 0.997941 0.0530778 4.00519 -0.738992 -0.00889523 0.673711 89.8781
0.676984 -0.0667034 0.733023 126.549 0.0347122 0.997683 0.0587293 4.06602 -0.735233 -0.014313 0.677721 90.4822
0.68012 -0.0725047 0.729562 127.19 0.0367606 0.997232 0.0648373 4.11061 -0.732232 -0.0172772 0.680892 91.091
0.684827 -0.0764808 0.724736 127.843 0.0396215 0.996927 0.0677659 4.16992 -0.727684 -0.0176916 0.685741 91.7104
0.688146 -0.0789508 0.721321 128.496 0.0448617 0.996804 0.0663054 4.21593 -0.724239 -0.0132674 0.689477 92.3323
0.692639 -0.081842 0.716683 129.145 0.0559255 0.996658 0.0597654 4.26157 -0.71917 -0.00131427 0.69489 92.9373
0.696518 -0.0803483 0.713084 129.798 0.0602841 0.996765 0.0534293 4.30742 -0.715059 0.00577364 0.699096 93.5717
0.702269 -0.080229 0.707433 130.447 0.0642277 0.996732 0.0492798 4.34785 -0.709065 0.0108297 0.705115 94.2095
0.70786 -0.083407 0.701469 131.094 0.0665744 0.996475 0.0513036 4.39817 -0.703266 0.0103845 0.710906 94.8616
0.713219 -0.0890923 0.695315 131.735 0.0706538 0.99599 0.055146 4.42439 -0.69743 0.00979608 0.716641 95.5191
0.718106 -0.0892876 0.690243 132.397 0.0709568 0.995975 0.0550158 4.46257 -0.692366 0.00947061 0.721538 96.1972
0.723335 -0.087262 0.685022 133.018 0.0737337 0.996087 0.0490301 4.49938 -0.68661 0.0150445 0.726926 96.8582
0.726432 -0.0866454 0.681816 133.646 0.0743209 0.996121 0.0474036 4.55618 -0.683268 0.0162378 0.730041 97.538
0.729864 -0.0886383 0.677883 134.27 0.0762262 0.995942 0.0481562 4.59625 -0.679391 0.0165254 0.733646 98.2121
0.731881 -0.0946417 0.674891 134.901 0.0805767 0.995394 0.0522065 4.63557 -0.676712 0.0161717 0.736124 98.895
0.73265 -0.097583 0.673637 135.539 0.0828907 0.99511 0.0540002 4.67603 -0.675602 0.0162754 0.737143 99.5856
0.733711 -0.101422 0.671913 136.165 0.0861982 0.994716 0.0560218 4.71856 -0.674034 0.0168141 0.738564 100.276
0.733711 -0.102753 0.671711 136.792 0.0865804 0.994595 0.0575746 4.76827 -0.673986 0.0159142 0.738629 100.974
0.732821 -0.103492 0.672569 137.418 0.0870571 0.994518 0.0581767 4.82592 -0.674892 0.015919 0.737801 101.675
0.733068 -0.103295 0.672329 138.038 0.0863255 0.994553 0.058678 4.87644 -0.674718 0.0150245 0.73798 102.368
0.731714 -0.101814 0.674029 138.659 0.0847137 0.994714 0.0582906 4.9344 -0.67639 0.0144476 0.736458 103.06
0.730559 -0.0999367 0.675561 139.284 0.0828596 0.994912 0.0575744 4.99492 -0.677867 0.0139156 0.73511 103.752
0.728881 -0.0985351 0.677577 139.908 0.0814319 0.995057 0.0571071 5.05826 -0.679844 0.0135523 0.733288 104.447
0.726763 -0.0976061 0.679982 140.537 0.0796814 0.995166 0.0576856 5.10848 -0.682314 0.0122587 0.731014 105.141
0.72384 -0.0981377 0.683017 141.18 0.078603 0.995133 0.0596833 5.15351 -0.68554 0.0104862 0.728017 105.838
0.722434 -0.0993449 0.68433 141.812 0.0771977 0.995043 0.0629558 5.20544 -0.68718 0.0073478 0.726509 106.518
0.719385 -0.101579 0.687208 142.449 0.0788302 0.994812 0.0645279 5.25528 -0.690187 0.00775238 0.723648 107.194
0.717225 -0.0996518 0.689744 143.074 0.0786126 0.994991 0.0620088 5.29192 -0.692456 0.00974895 0.721453 107.85
0.713583 -0.090188 0.694805 143.701 0.0740277 0.995849 0.0532374 5.35774 -0.696712 0.0134454 0.717284 108.517
0.712388 -0.0852777 0.696649 144.335 0.0721986 0.996245 0.0481222 5.40609 -0.698126 0.016016 0.715857 109.17
0.708522 -0.0885208 0.700179 144.968 0.0724714 0.995998 0.0525864 5.45009 -0.702021 0.0134843 0.712088 109.827
0.704872 -0.0919105 0.703419 145.599 0.0702704 0.995757 0.0596929 5.49582 -0.705909 0.0073543 0.708327 110.484
0.70132 -0.0949254 0.706562 146.232 0.0694651 0.995493 0.0647944 5.54673 -0.709517 0.00363988 0.70474 111.137
0.698493 -0.0949273 0.709358 146.863 0.0688386 0.995496 0.0654352 5.59915 -0.712362 0.00312592 0.701869 111.766
0.695237 -0.0960544 0.712397 147.5 0.0695584 0.995386 0.0663291 5.64871 -0.71547 0.00343887 0.698697 112.402
0.690981 -0.0965151 0.716466 148.151 0.071113 0.995332 0.0654985 5.69562 -0.71943 0.00569235 0.694607 113.03
0.687901 -0.0964168 0.719435 148.789 0.0727149 0.995322 0.0638641 5.73469 -0.722216 0.00838155 0.691679 113.647
0.684023 -0.0964113 0.723125 149.433 0.0732224 0.995313 0.0634387 5.78247 -0.725839 0.00955589 0.687865 114.268
0.679264 -0.0964444 0.727592 150.081 0.072765 0.995309 0.0640005 5.84472 -0.73034 0.00947014 0.683082 114.886
0.676 -0.0963829 0.730636 150.73 0.0716981 0.995325 0.0649643 5.90891 -0.733469 0.00846971 0.679738 115.498
0.671022 -0.096787 0.735156 151.395 0.0713107 0.995287 0.0659465 5.95984 -0.738063 0.00817311 0.674748 116.111
0.664971 -0.09629 0.7407 152.051 0.0698607 0.995343 0.066676 6.02751 -0.743658 0.00740874 0.668589 116.718
0.660195 -0.0916653 0.745543 152.714 0.0672189 0.995768 0.0629086 6.07995 -0.748143 0.00858277 0.66355 117.326
0.654536 -0.086706 0.751106 153.383 0.0643288 0.996203 0.0589427 6.13203 -0.753352 0.00973795 0.657616 117.925
0.647385 -0.0859591 0.757364 154.06 0.0629124 0.996271 0.0592995 6.18336 -0.759625 0.00925805 0.650366 118.516
0.641495 -0.0909978 0.761774 154.765 0.0613891 0.995862 0.0672659 6.23562 -0.764729 0.00361437 0.644414 119.111
0.635266 -0.0952013 0.766466 155.461 0.0549548 0.995445 0.0780963 6.31335 -0.770398 -0.00749054 0.637592 119.72
0.627099 -0.0998357 0.772578 156.175 0.0542187 0.994958 0.0845648 6.36488 -0.777112 -0.0111416 0.629339 120.314
0.621115 -0.0999934 0.777377 156.887 0.0515706 0.994908 0.0867718 6.45326 -0.782083 -0.013805 0.623097 120.899
0.613049 -0.0992174 0.783852 157.613 0.0504614 0.994992 0.0864782 6.52535 -0.788493 -0.0134603 0.614974 121.48
0.604983 -0.0997197 0.790031 158.35 0.0539802 0.994996 0.0842562 6.58846 -0.794469 -0.00832713 0.607326 122.043
0.599367 -0.093056 0.795109 159.086 0.0528486 0.995671 0.0766918 6.66829 -0.798789 -0.00394561 0.601678 122.608
0.591426 -0.0914934 0.801214 159.834 0.0557348 0.99582 0.0725767 6.73939 -0.804493 0.00173191 0.594041 123.172
0.583868 -0.0958929 0.806227 160.608 0.0573851 0.995409 0.0768374 6.81972 -0.80988 0.00140297 0.586678 123.735
0.576976 -0.0969629 0.811046 161.377 0.0573755 0.995303 0.0781764 6.88884 -0.814805 0.00142853 0.579817 124.279
0.569835 -0.0975469 0.81601 162.132 0.0563448 0.995249 0.0796284 6.9589 -0.819886 0.000603163 0.572612 124.812
0.563028 -0.0977246 0.8207 162.883 0.0557649 0.995229 0.0802517 7.03529 -0.824616 0.000582669 0.56578 125.343
0.556562 -0.0984086 0.825018 163.637 0.0558093 0.995164 0.0810561 7.10819 -0.828991 0.000931203 0.55935 125.855
0.550732 -0.105698 0.828024 164.393 0.0607881 0.994411 0.0865086 7.16593 -0.832527 0.00269136 0.554067 126.346
0.545199 -0.106715 0.831547 165.144 0.0594386 0.994308 0.0886337 7.23429 -0.836258 0.00110323 0.548426 126.849
0.54196 -0.106954 0.833631 165.882 0.0588155 0.99428 0.08933 7.31393 -0.838405 0.000617681 0.545138 127.335
0.537248 -0.107091 0.836658 166.613 0.0581912 0.994268 0.0898994 7.3879 -0.841476 0.000387996 0.540389 127.813
0.532468 -0.106931 0.839729 167.348 0.0576824 0.994283 0.0900377 7.46149 -0.844544 0.00049598 0.535579 128.283
0.529942 -0.102865 0.841833 168.061 0.0579011 0.994707 0.0850971 7.54756 -0.846117 0.00364671 0.533081 128.737
