1 0 0 0 0 1 0 0 0 0 1 0
0.999998 -0.00122614 -0.00106602 -0.00506403 0.00122858 0.999996 0.00216925 -0.0128608 0.0010634 -0.0021704 0.999997 1.53096
0.999999 -0.00102141 -0.00071032 -0.018963 0.0010247 0.999988 0.00472907 -0.015353 0.000705379 -0.00472983 0.999989 3.03848
0.999993 0.000229853 -0.00366846 -0.0246595 -0.000208623 0.999983 0.00573877 -0.0148207 0.00366966 -0.00573779 0.999978 4.56155
0.999995 0.00103165 -0.00328688 -0.0434781 -0.00100939 0.999977 0.00677706 -0.0122339 0.00329362 -0.00677364 0.999973 6.05636
0.999979 0.0015139 -0.00633207 -0.0523352 -0.00146391 0.999969 0.00785282 -0.00414462 0.00634364 -0.00784322 0.99995 7.56856
0.999966 0.00187753 -0.00816342 -0.0725141 -0.00180884 0.999963 0.00842048 0.00484839 0.00817873 -0.00840545 0.999932 9.06885
0.999966 0.00198961 -0.00801905 -0.0934712 -0.00190867 0.999949 0.0100556 0.0103004 0.00803848 -0.0100398 0.999918 10.5523
0.999942 0.00218309 -0.0106702 -0.109929 -0.00207239 0.999945 0.0103838 0.0249133 0.010692 -0.0103611 0.999891 12.0542
0.99993 0.00270106 -0.0116357 -0.1336 -0.00256622 0.999931 0.0115665 0.0305327 0.0116659 -0.0115357 0.999867 13.5458
0.999941 0.00335201 -0.010522 -0.159599 -0.00320384 0.999897 0.014082 0.0379387 0.0105679 -0.0140476 0.999847 15.022
0.999912 0.00377817 -0.0128362 -0.182771 -0.00355779 0.999848 0.0171273 0.0539615 0.0128988 -0.0170798 0.999773 16.5098
0.999907 0.00418077 -0.0131456 -0.212667 -0.00392692 0.999807 0.0192944 0.0736243 0.0132234 -0.0192411 0.999729 17.985
0.999925 0.00436644 -0.0115918 -0.241134 -0.00410986 0.99975 0.0220333 0.096829 0.0116848 -0.0219837 0.999691 19.4475
0.999896 0.00439215 -0.0138984 -0.26881 -0.00405311 0.999696 0.0243441 0.119993 0.0140008 -0.0242854 0.999609 20.92
0.999918 0.00504569 -0.0118951 -0.291157 -0.00475093 0.999686 0.0246473 0.143333 0.0120155 -0.0245885 0.999627 22.3915
0.999895 0.00539111 -0.0136471 -0.32509 -0.00502691 0.999635 0.0266004 0.169579 0.0137851 -0.0265292 0.999555 23.8562
0.999897 0.00566989 -0.0132908 -0.352432 -0.00529811 0.9996 0.0278142 0.199273 0.013443 -0.0277406 0.999526 25.306
0.999921 0.00572757 -0.0114175 -0.381269 -0.00540263 0.999586 0.0283162 0.231016 0.0115747 -0.0282525 0.999537 26.7388
0.999902 0.00617527 -0.0127036 -0.414949 -0.00581282 0.999583 0.0283455 0.26295 0.0128731 -0.0282685 0.999519 28.1828
0.999911 0.0058245 -0.012292 -0.440636 -0.00545607 0.999542 0.0298219 0.287326 0.0124597 -0.0297524 0.999482 29.6129
0.999932 0.00541625 -0.0105115 -0.461682 -0.0050857 0.999502 0.0311897 0.323487 0.0106749 -0.0311338 0.99946 31.0262
0.99992 0.00517615 -0.0118725 -0.486123 -0.0047828 0.999447 0.032947 0.360967 0.0120363 -0.0328878 0.999389 32.4451
0.999941 0.00507225 -0.0098984 -0.501103 -0.0047364 0.999425 0.0336296 0.404803 0.010063 -0.0335804 0.999388 33.838
0.999934 0.00505926 -0.0106352 -0.527177 -0.00469623 0.999416 0.0339104 0.449824 0.0108004 -0.0338585 0.999371 35.2143
0.99994 0.00509947 -0.0100194 -0.551521 -0.0047486 0.999388 0.0347066 0.495445 0.01019 -0.0346566 0.99935 36.5852
0.999962 0.00510846 -0.00749673 -0.563155 -0.00483728 0.999349 0.0357918 0.539518 0.00767452 -0.0357544 0.999334 37.9343
0.999962 0.00514845 -0.00748439 -0.585804 -0.00486965 0.999314 0.0367624 0.583101 0.00766821 -0.0367242 0.999299 39.2688
0.999974 0.00511153 -0.00569441 -0.603032 -0.00488965 0.999254 0.038369 0.626567 0.00588609 -0.0383404 0.99925 40.594
0.999986 0.005226 -0.0026709 -0.613897 -0.00511577 0.999204 0.0396204 0.668293 0.00287554 -0.0396059 0.999214 41.8929
0.999987 0.00559606 -0.00151195 -0.623273 -0.00553054 0.999166 0.0405058 0.721179 0.00173715 -0.0404971 0.999181 43.1703
0.999982 0.00578379 0.00311467 -0.625168 -0.00590658 0.99914 0.0410884 0.769411 -0.00287464 -0.0411057 0.999154 44.4361
0.99997 0.00607468 0.00571555 -0.629867 -0.00630874 0.999107 0.0418196 0.819472 -0.00545665 -0.0418545 0.999112 45.684
0.999921 0.0062755 0.011226 -0.628061 -0.00674109 0.999099 0.0419582 0.875894 -0.0109528 -0.0420301 0.99906 46.916
0.99992 0.00660511 0.0112503 -0.619118 -0.00708373 0.999051 0.0430241 0.931114 -0.0109557 -0.0431005 0.999014 48.1494
0.999822 0.00678003 0.0178181 -0.602973 -0.00755409 0.999016 0.0437631 0.978582 -0.0175041 -0.0438895 0.998887 49.3494
0.999676 0.00711862 0.0246493 -0.582791 -0.00820155 0.998995 0.0441048 1.0305 -0.0243108 -0.0442927 0.998726 50.543
0.999434 0.00719026 0.0329833 -0.558019 -0.00863999 0.998995 0.0440365 1.08122 -0.0326338 -0.044296 0.998489 51.7288
0.999167 0.00736659 0.0402617 -0.526155 -0.00917026 0.998957 0.0447931 1.12216 -0.0398898 -0.0451251 0.998189 52.8991
0.99864 0.00752948 0.0516819 -0.473969 -0.00985312 0.998947 0.0448617 1.17628 -0.0512899 -0.0453093 0.99766 54.0608
0.997943 0.00765163 0.0637275 -0.420048 -0.0105298 0.998936 0.0449469 1.22345 -0.0633158 -0.0455256 0.99696 55.21
0.996891 0.00757612 0.0784986 -0.346876 -0.0111449 0.998922 0.0451308 1.268 -0.078072 -0.0458646 0.995897 56.3448
0.995355 0.00752678 0.0960397 -0.252131 -0.0119308 0.998902 0.0453628 1.31695 -0.0955928 -0.0462978 0.994349 57.4674
0.99363 0.00750267 0.11249 -0.148123 -0.0127565 0.99886 0.0460617 1.35445 -0.112016 -0.0472027 0.992589 58.571
0.991272 0.00755329 0.131661 -0.013262 -0.013753 0.998838 0.0462416 1.39595 -0.131159 -0.0476487 0.990221 59.6647
0.988223 0.00756374 0.152869 0.146489 -0.0147865 0.998827 0.0461699 1.44033 -0.152341 -0.0478861 0.987172 60.7464
0.984993 0.00709777 0.172486 0.31332 -0.0153256 0.998808 0.0464152 1.48002 -0.171951 -0.048362 0.983923 61.8052
0.980654 0.000357398 0.195778 0.516792 -0.0101461 0.99875 0.0490006 1.50831 -0.195516 -0.0500385 0.979428 62.8513
0.975736 -0.00601804 0.218898 0.738753 -0.00546441 0.998646 0.0518118 1.55228 -0.218912 -0.0517507 0.974379 63.8951
0.970059 -0.00950128 0.242711 0.988202 -0.00366597 0.998548 0.0537439 1.55046 -0.24287 -0.0530237 0.968614 64.9032
0.963115 -0.0153151 0.268682 1.26128 0.00151114 0.998676 0.0515076 1.55643 -0.269113 -0.0492015 0.961859 65.8998
0.955765 -0.016698 0.293682 1.54896 0.00158543 0.998665 0.0516239 1.60213 -0.294153 -0.0488738 0.954513 66.8667
0.94669 -0.0180994 0.32166 1.86879 0.00145025 0.998654 0.051924 1.64518 -0.322164 -0.0486892 0.945439 67.824
0.93696 -0.0188826 0.348946 2.21303 0.000613097 0.998626 0.0523944 1.68079 -0.349457 -0.0488767 0.935682 68.7629
0.925854 -0.0193162 0.377406 2.57968 -0.000803334 0.998594 0.0530795 1.7153 -0.377899 -0.0494468 0.924534 69.6781
0.913275 -0.0189886 0.406919 2.9657 -0.00254249 0.998626 0.0523082 1.77984 -0.407355 -0.0488056 0.91197 70.5802
0.900104 -0.0201043 0.435229 3.3781 -0.00102029 0.998839 0.0482483 1.82526 -0.435691 -0.0438722 0.899035 71.4476
0.885826 -0.0205492 0.463579 3.82093 -0.00202494 0.998837 0.0481465 1.86651 -0.464031 -0.0435874 0.884752 72.2928
0.869319 -0.0207948 0.493832 4.29087 -0.00484803 0.998711 0.0505886 1.89089 -0.494244 -0.0463713 0.868095 73.1406
0.851892 -0.0199339 0.523353 4.77784 -0.00951002 0.99852 0.0535138 1.92379 -0.523647 -0.0505642 0.85044 73.9495
0.831986 -0.0205541 0.554431 5.2945 -0.0112092 0.99849 0.0538366 1.96274 -0.554698 -0.0510055 0.830497 74.7358
0.810274 -0.0223386 0.585643 5.8246 -0.0131145 0.99833 0.0562261 1.99715 -0.585924 -0.053238 0.808626 75.5149
0.788014 -0.0173437 0.615428 6.37585 -0.0162582 0.998671 0.0489612 2.03206 -0.615456 -0.0485873 0.786683 76.2463
0.765149 -0.0171275 0.643642 6.96792 -0.0181977 0.99867 0.048209 2.08205 -0.643615 -0.048599 0.763816 76.9584
0.741988 -0.0180021 0.670185 7.57882 -0.0195684 0.998635 0.0484892 2.12028 -0.670139 -0.0490921 0.740621 77.6408
0.717155 -0.0185746 0.696681 8.2121 -0.0210261 0.998612 0.0482694 2.16664 -0.696614 -0.0492644 0.715765 78.2968
0.691187 -0.0197652 0.722419 8.85999 -0.0224092 0.998562 0.0487607 2.18785 -0.722339 -0.0498908 0.689749 78.93
0.6647 -0.0198626 0.746861 9.52262 -0.0241965 0.998548 0.0480919 2.24013 -0.746736 -0.0500373 0.663251 79.5314
0.63729 -0.0194208 0.770394 10.2131 -0.0260817 0.99857 0.0467483 2.30098 -0.770194 -0.0498845 0.63587 80.1076
0.60939 -0.0195244 0.792644 10.9159 -0.0278411 0.998552 0.0460017 2.33423 -0.792399 -0.0501004 0.60796 80.6605
0.580367 -0.014024 0.814249 11.6482 -0.0316653 0.998711 0.0397709 2.37136 -0.81375 -0.0488642 0.579173 81.1936
0.549198 -0.00755625 0.835671 12.4052 -0.0336516 0.998946 0.0311492 2.40439 -0.835031 -0.045228 0.548362 81.7061
0.518495 -0.00673427 0.855068 13.1657 -0.0351436 0.99896 0.0291778 2.43581 -0.854369 -0.0451778 0.517717 82.1828
0.486317 -0.00624533 0.873773 13.957 -0.0361107 0.998974 0.0272393 2.4784 -0.873052 -0.0447988 0.485589 82.6379
0.452651 -0.00584621 0.891683 14.7777 -0.037358 0.99898 0.0255139 2.51725 -0.890916 -0.0448593 0.451968 83.0753
0.420158 -0.00763559 0.907431 15.6113 -0.0437146 0.998631 0.0286446 2.55025 -0.906413 -0.0517024 0.419246 83.4687
0.384635 -0.00928108 0.923037 16.4709 -0.0504286 0.998248 0.0310512 2.57254 -0.921701 -0.0584895 0.383491 83.854
0.349997 -0.00771389 0.93673 17.3271 -0.0581876 0.997855 0.0299591 2.59378 -0.934957 -0.064991 0.348794 84.1916
0.313851 -0.00600466 0.949469 18.2129 -0.0655499 0.99746 0.027976 2.61954 -0.947218 -0.0710164 0.312658 84.5079
0.276654 -0.00653782 0.960959 19.124 -0.0665907 0.997441 0.0259579 2.63843 -0.958675 -0.0711715 0.275508 84.789
0.239683 -0.00774254 0.970836 20.0457 -0.06771 0.997403 0.024671 2.65534 -0.968498 -0.0716472 0.238535 85.0411
0.203599 -0.0084195 0.979029 20.9757 -0.068388 0.997397 0.0228002 2.66949 -0.976678 -0.0715953 0.20249 85.2474
0.16752 -0.00879078 0.985846 21.9247 -0.0693131 0.997384 0.0206718 2.68422 -0.983439 -0.0717935 0.166471 85.41
0.1333 -0.00933461 0.991044 22.8657 -0.0650763 0.997714 0.0181514 2.6861 -0.988952 -0.0669124 0.132385 85.5327
0.0986791 -0.00888671 0.995096 23.8246 -0.0656662 0.997725 0.0154221 2.71461 -0.99296 -0.0668645 0.0978689 85.6366
0.0666384 -0.00840582 0.997754 24.7793 -0.0667948 0.997682 0.0128672 2.74111 -0.995554 -0.0675015 0.0659205 85.7013
0.0368567 -0.00932872 0.999294 25.7472 -0.0662825 0.997733 0.0117589 2.73844 -0.99713 -0.0666673 0.0361526 85.7387
0.0103167 -0.00895439 0.999919 26.7172 -0.0662353 0.997756 0.00961927 2.7626 -0.997766 -0.0663284 0.00969869 85.7509
-0.0115137 -0.00897108 0.999911 27.6994 -0.0661671 0.997776 0.00819017 2.78344 -0.997753 -0.066065 -0.0120839 85.7443
-0.0309429 -0.00994556 0.999485 28.6834 -0.0666513 0.997744 0.00786566 2.79705 -0.997312 -0.0663728 -0.0315376 85.7221
-0.0487581 -0.0100679 0.998778 29.6652 -0.0672017 0.997717 0.0067767 2.80219 -0.996559 -0.066787 -0.0493257 85.6805
-0.0629813 -0.00989144 0.997979 30.6471 -0.0679133 0.997674 0.00560337 2.80777 -0.995717 -0.0674224 -0.063508 85.6193
-0.0752298 -0.00976157 0.997136 31.6323 -0.0681267 0.997667 0.00462708 2.80348 -0.994848 -0.0675815 -0.0757215 85.5473
-0.0857429 -0.00580065 0.996314 32.6169 -0.0627452 0.998029 0.000411677 2.8007 -0.994356 -0.0624779 -0.0859391 85.4591
-0.0912135 -0.00532082 0.995835 33.6087 -0.0627381 0.99803 -0.000413835 2.81113 -0.993865 -0.0625125 -0.0913699 85.361
-0.0953167 -0.0050647 0.995448 34.6002 -0.0626484 0.998035 -0.000919962 2.81837 -0.993491 -0.0624502 -0.0954478 85.2655
-0.0990224 -0.00513801 0.99509 35.6009 -0.0625928 0.998039 -0.00107529 2.81424 -0.993126 -0.06239 -0.099152 85.1651
-0.100923 -0.00473384 0.994897 36.5976 -0.0624457 0.998046 -0.00158478 2.81683 -0.99295 -0.0622863 -0.101022 85.0632
-0.104218 -0.00452757 0.994562 37.5954 -0.0624615 0.998046 -0.00200163 2.81303 -0.992603 -0.0623284 -0.104299 84.9619
-0.10537 -0.00435927 0.994437 38.5972 -0.0626573 0.998031 -0.00226321 2.8119 -0.992474 -0.0625465 -0.105437 84.8559
-0.107604 -0.00471372 0.994201 39.6079 -0.0621474 0.998066 -0.00199413 2.7995 -0.992262 -0.0619995 -0.107691 84.7412
-0.110582 -0.00516154 0.993868 40.6153 -0.0616583 0.998095 -0.00167594 2.80517 -0.99197 -0.0614647 -0.11069 84.6348
-0.112146 -0.00539258 0.993696 41.6329 -0.0616527 0.998097 -0.0015413 2.80301 -0.99179 -0.0614347 -0.112268 84.5226
-0.114286 -0.00533185 0.993448 42.6502 -0.0623223 0.998054 -0.0018121 2.7953 -0.991508 -0.0621203 -0.114397 84.4077
-0.117537 -0.0051319 0.993074 43.6547 -0.0622551 0.998058 -0.00221043 2.79715 -0.991128 -0.0620816 -0.117631 84.2908
-0.119203 -0.0050944 0.992871 44.6916 -0.0622529 0.998058 -0.00235201 2.78606 -0.990934 -0.0620887 -0.119289 84.1737
-0.122341 -0.00510594 0.992495 45.7049 -0.0626186 0.998034 -0.00258403 2.78629 -0.990524 -0.0624624 -0.122422 84.0621
-0.123767 -0.0052324 0.992312 46.7466 -0.0629569 0.998013 -0.0025889 2.78604 -0.990329 -0.0627926 -0.123852 83.9402
-0.126316 -0.00561126 0.991994 47.7849 -0.0633803 0.997987 -0.00242513 2.78284 -0.989976 -0.0631769 -0.12642 83.821
-0.129543 -0.00646839 0.991568 48.8334 -0.0644356 0.99792 -0.00190735 2.77558 -0.989496 -0.0641385 -0.129692 83.6977
-0.131147 -0.00602366 0.991365 49.8924 -0.0657442 0.997834 -0.00263408 2.79578 -0.989194 -0.0655196 -0.131261 83.5601
-0.133699 -0.00676698 0.991015 50.9518 -0.0663638 0.997794 -0.00213882 2.78112 -0.988816 -0.0660525 -0.133854 83.4241
-0.136402 -0.00679907 0.990652 51.9996 -0.0668863 0.997758 -0.00236141 2.7787 -0.988406 -0.0665806 -0.136553 83.2895
-0.137328 -0.00709135 0.990516 53.0578 -0.0676744 0.997705 -0.00223858 2.77345 -0.98823 -0.067339 -0.137494 83.1404
-0.138129 -0.00711506 0.99041 54.1203 -0.0680336 0.997681 -0.00232088 2.77199 -0.988088 -0.0676992 -0.138295 82.9931
-0.139203 -0.00737257 0.990252 55.1863 -0.0682954 0.997663 -0.00217161 2.77095 -0.987925 -0.067931 -0.139382 82.8523
-0.138258 -0.00800302 0.990385 56.2629 -0.0690064 0.997615 -0.00157167 2.77222 -0.988003 -0.0685576 -0.138483 82.7075
-0.138625 -0.00837336 0.990326 57.3418 -0.0696821 0.997569 -0.00131825 2.77764 -0.98791 -0.0691897 -0.138872 82.5725
-0.137823 -0.00876149 0.990439 58.4187 -0.0705302 0.99751 -0.000990241 2.77918 -0.987956 -0.0699897 -0.1381 82.434
-0.137792 -0.00918812 0.990435 59.4975 -0.0709111 0.997483 -0.000610656 2.7798 -0.987939 -0.0703159 -0.138097 82.2952
-0.138393 -0.00977757 0.990351 60.5796 -0.0718748 0.997414 -0.000196267 2.77876 -0.98778 -0.0712057 -0.138741 82.1621
-0.137577 -0.01126 0.990444 61.6772 -0.0718554 0.997414 0.00135935 2.76837 -0.987901 -0.0709807 -0.138031 82.0138
-0.13845 -0.0181754 0.990225 62.7856 -0.0707551 0.997459 0.00841576 2.76236 -0.987853 -0.0688955 -0.139387 81.858
-0.139521 -0.0195025 0.990043 63.8832 -0.0710235 0.997428 0.00964012 2.75954 -0.987688 -0.0689703 -0.140548 81.7063
-0.138321 -0.0185431 0.990237 64.9866 -0.0647455 0.997855 0.0096423 2.75995 -0.988284 -0.0627768 -0.139227 81.5373
-0.139089 -0.0137641 0.990201 66.0805 -0.0610602 0.998119 0.00529863 2.76133 -0.988416 -0.0597238 -0.139669 81.3773
-0.136898 -0.00852246 0.990571 67.1894 -0.057669 0.998336 0.000619874 2.76184 -0.98892 -0.0570376 -0.137164 81.2223
-0.136346 -0.00860434 0.990641 68.3029 -0.0580196 0.998314 0.000686878 2.77098 -0.988981 -0.0573818 -0.136616 81.0661
-0.137144 -0.00923544 0.990531 69.4251 -0.0592013 0.998246 0.00111125 2.79097 -0.988796 -0.0584856 -0.137453 80.9274
-0.135823 -0.0128373 0.990666 70.5525 -0.0604952 0.998156 0.00464172 2.77132 -0.988905 -0.0592991 -0.136349 80.774
-0.135565 -0.0141877 0.990691 71.6874 -0.0616423 0.998082 0.00585906 2.76913 -0.988865 -0.0602714 -0.136181 80.6285
-0.135965 -0.0146255 0.990622 72.8299 -0.0628257 0.998003 0.00611296 2.77238 -0.98874 -0.0614043 -0.136613 80.4794
-0.134997 -0.0146219 0.990763 73.959 -0.0630333 0.997993 0.00614065 2.77981 -0.988855 -0.0616192 -0.13565 80.3189
-0.135283 -0.0143815 0.990719 75.0967 -0.0631899 0.997982 0.00585981 2.79731 -0.988811 -0.0618097 -0.135919 80.1729
-0.134021 -0.0160522 0.990875 76.2362 -0.0650182 0.997859 0.00737206 2.78283 -0.988861 -0.0634341 -0.134779 80.0181
-0.133555 -0.0172783 0.990907 77.3931 -0.0652796 0.997827 0.00860195 2.79326 -0.98891 -0.0635362 -0.134393 79.8658
-0.134085 -0.0180068 0.990833 78.555 -0.0664238 0.997752 0.0091444 2.7959 -0.98876 -0.0645859 -0.134981 79.7157
-0.133127 -0.0182422 0.990947 79.7103 -0.0675501 0.997669 0.00929251 2.80231 -0.988815 -0.0657004 -0.13405 79.5645
-0.13302 -0.0182052 0.990972 80.873 -0.0675137 0.997677 0.0092666 2.81389 -0.98883 -0.0656688 -0.133942 79.4174
-0.133616 -0.0189237 0.99087 82.0569 -0.0681494 0.997624 0.00986439 2.81962 -0.988709 -0.066208 -0.134588 79.2698
-0.131997 -0.0191311 0.991093 83.2311 -0.0679544 0.997638 0.0102078 2.83714 -0.988936 -0.0659987 -0.132987 79.1123
-0.131752 -0.019957 0.991099 84.4095 -0.0665105 0.99772 0.0112502 2.85591 -0.989071 -0.064435 -0.132779 78.9598
-0.131221 -0.0199509 0.99118 85.6014 -0.066427 0.997728 0.0112894 2.86491 -0.989143 -0.0643567 -0.13225 78.8027
-0.12996 -0.0199587 0.991335 86.7831 -0.0660359 0.997749 0.0114323 2.87679 -0.989341 -0.0639767 -0.130986 78.6489
-0.129538 -0.0201336 0.991398 87.9873 -0.0666469 0.99771 0.0115544 2.88714 -0.989351 -0.0645738 -0.130586 78.4913
-0.127396 -0.020389 0.99166 89.1707 -0.0662059 0.997731 0.01201 2.8983 -0.989665 -0.0641223 -0.128457 78.3351
-0.126165 -0.0207715 0.99182 90.3766 -0.0660355 0.997739 0.0124962 2.90851 -0.989828 -0.0639156 -0.127254 78.185
-0.125813 -0.0212821 0.991844 91.5973 -0.0671915 0.997654 0.0128853 2.91507 -0.989801 -0.0650209 -0.126948 78.0348
-0.123822 -0.0217504 0.992094 92.8045 -0.0668102 0.997673 0.0135352 2.92055 -0.990072 -0.0646028 -0.124989 77.8852
-0.122151 -0.0215081 0.992296 94.0224 -0.0679113 0.9976 0.0132648 2.93612 -0.99021 -0.0657665 -0.12332 77.7407
-0.121958 -0.0211283 0.992338 95.2506 -0.0682257 0.997585 0.0128561 2.94446 -0.990207 -0.0661317 -0.123107 77.6044
-0.119647 -0.0218325 0.992595 96.474 -0.0693755 0.997495 0.0135793 2.95859 -0.990415 -0.0672356 -0.120863 77.4549
-0.119758 -0.0226156 0.992574 97.7159 -0.0709534 0.997378 0.0141652 2.97276 -0.990284 -0.0687267 -0.121051 77.322
-0.118703 -0.0226321 0.992691 98.9489 -0.0722467 0.997284 0.0140994 2.98253 -0.990323 -0.0700437 -0.120017 77.1801
-0.118778 -0.0230531 0.992682 100.196 -0.073325 0.997203 0.0143855 2.99947 -0.990229 -0.0710762 -0.120139 77.0408
-0.120656 -0.0246325 0.992409 101.458 -0.0742036 0.997117 0.0157293 3.01528 -0.989943 -0.0717411 -0.122137 76.904
-0.120772 -0.0253281 0.992386 102.709 -0.0750968 0.997042 0.0163088 3.03025 -0.989855 -0.072552 -0.122319 76.7559
-0.122392 -0.0258675 0.992165 103.96 -0.0759856 0.996969 0.0166207 3.04738 -0.989595 -0.0733546 -0.123987 76.6113
-0.12483 -0.0258587 0.99187 105.213 -0.0759495 0.996974 0.0164343 3.06955 -0.989287 -0.0732772 -0.126419 76.469
-0.126322 -0.026614 0.991653 106.456 -0.0760907 0.996953 0.0170649 3.08283 -0.989093 -0.0732985 -0.127963 76.313
-0.129641 -0.0273008 0.991214 107.721 -0.0775477 0.996837 0.0173143 3.10226 -0.988544 -0.0746184 -0.131351 76.1626
-0.133154 -0.0278648 0.990725 108.945 -0.0780858 0.996791 0.0175421 3.11124 -0.988041 -0.0750243 -0.134903 76.0044
-0.138468 -0.024613 0.99009 110.183 -0.0820609 0.996537 0.0132978 3.12168 -0.986982 -0.079403 -0.14001 75.8494
-0.146742 -0.0247186 0.988887 111.42 -0.081822 0.996563 0.0127704 3.12841 -0.985812 -0.0790374 -0.148261 75.6796
-0.155079 -0.0291533 0.987501 112.637 -0.0806178 0.996604 0.0167629 3.15126 -0.984628 -0.0770074 -0.156905 75.4859
-0.16607 -0.0290233 0.985708 113.867 -0.0806164 0.996618 0.0157641 3.18247 -0.98284 -0.076845 -0.167848 75.2856
-0.18016 -0.0283155 0.98326 115.107 -0.0811047 0.996609 0.0138405 3.18622 -0.980309 -0.0772501 -0.181848 75.0634
-0.193573 -0.0286563 0.980688 116.305 -0.0815713 0.99658 0.0130214 3.20095 -0.977716 -0.0774742 -0.195249 74.83
-0.208916 -0.0292406 0.977527 117.534 -0.0822704 0.996535 0.0122277 3.21204 -0.974488 -0.0778635 -0.2106 74.5874
-0.223681 -0.029733 0.974231 118.722 -0.0823737 0.996533 0.0115026 3.20939 -0.971203 -0.0776768 -0.225354 74.3174
-0.238887 -0.029031 0.970644 119.903 -0.0828807 0.996515 0.00940807 3.23409 -0.967526 -0.0781965 -0.240464 74.0344
-0.255208 -0.0294144 0.96646 121.082 -0.0833524 0.996483 0.0083194 3.24829 -0.963314 -0.0784324 -0.256762 73.7391
-0.270035 -0.0313158 0.962372 122.246 -0.0858893 0.996271 0.0083203 3.24134 -0.959035 -0.0804072 -0.27172 73.4256
-0.285743 -0.0357926 0.95766 123.422 -0.0917288 0.995733 0.00984761 3.2407 -0.953934 -0.08503 -0.287806 73.0962
-0.302224 -0.0363576 0.952575 124.602 -0.0930201 0.995629 0.00848972 3.25372 -0.948711 -0.0860392 -0.304287 72.7543
-0.316451 -0.0371142 0.947905 125.741 -0.094222 0.995521 0.00752509 3.25546 -0.943946 -0.086931 -0.318529 72.3894
-0.331391 -0.037149 0.942794 126.88 -0.0945337 0.995504 0.00599875 3.26358 -0.938769 -0.0871342 -0.333416 72.0054
-0.344144 -0.0370841 0.938207 128.002 -0.0944435 0.995518 0.00470828 3.26202 -0.934184 -0.0869861 -0.346103 71.6002
-0.358113 -0.0372324 0.932968 129.126 -0.093977 0.995568 0.0036596 3.26052 -0.928961 -0.0863633 -0.360029 71.1783
-0.373173 -0.0380004 0.927007 130.255 -0.0940027 0.995566 0.00297109 3.26598 -0.923017 -0.0860313 -0.375089 70.7439
-0.386553 -0.0388728 0.921481 131.355 -0.0941058 0.995559 0.00252281 3.2651 -0.917479 -0.0857377 -0.388498 70.2903
-0.401278 -0.0388835 0.915155 132.449 -0.0947742 0.995498 0.000742164 3.27523 -0.91107 -0.0864341 -0.403155 69.8292
-0.41704 -0.0390269 0.908084 133.536 -0.0950171 0.995475 -0.00085257 3.26929 -0.903934 -0.0866352 -0.418864 69.3464
-0.430295 -0.0388326 0.901878 134.607 -0.0945156 0.99552 -0.00222792 3.2683 -0.897758 -0.086199 -0.432035 68.8459
-0.444909 -0.0387247 0.894773 135.677 -0.0943116 0.995535 -0.00380754 3.25781 -0.890623 -0.0860775 -0.446579 68.3236
-0.460928 -0.0381799 0.886642 136.747 -0.0937467 0.995578 -0.00586225 3.25668 -0.882504 -0.0858206 -0.462467 67.7831
-0.474946 -0.0378088 0.879237 137.803 -0.0933099 0.995608 -0.00758963 3.2453 -0.875081 -0.0856424 -0.476392 67.2237
-0.490989 -0.0397776 0.870284 138.874 -0.0944185 0.995502 -0.00776535 3.2309 -0.866066 -0.0859824 -0.492534 66.6428
-0.505874 -0.0396959 0.861729 139.922 -0.0939011 0.995539 -0.00926275 3.22934 -0.85751 -0.0855991 -0.507349 66.0424
-0.521624 -0.0406451 0.852235 140.975 -0.0940933 0.995512 -0.0101109 3.20881 -0.848005 -0.0854623 -0.523104 65.4242
-0.538316 -0.0409615 0.841784 142.015 -0.0943361 0.99547 -0.0118857 3.20317 -0.837477 -0.0858049 -0.539746 64.7866
-0.553353 -0.0412421 0.831955 143.044 -0.0943331 0.99545 -0.0133939 3.18962 -0.827624 -0.0858909 -0.554722 64.1187
-0.568647 -0.0415096 0.821571 144.064 -0.0943295 0.995428 -0.0149943 3.17582 -0.817186 -0.0860207 -0.569967 63.4341
-0.584551 -0.0416948 0.810315 145.085 -0.0943872 0.995392 -0.0168695 3.15566 -0.805885 -0.086343 -0.585789 62.7269
-0.59855 -0.0426527 0.799988 146.073 -0.0945 0.995369 -0.0176332 3.13452 -0.795524 -0.0861492 -0.599814 61.9982
-0.614693 -0.0435196 0.787598 147.074 -0.0941299 0.995388 -0.0184612 3.11237 -0.783169 -0.0854829 -0.61595 61.25
-0.62862 -0.0441056 0.776501 148.046 -0.0937099 0.995413 -0.0193214 3.08352 -0.77208 -0.0849077 -0.629874 60.4784
-0.643055 -0.0445703 0.764556 149.017 -0.0938591 0.995365 -0.020915 3.0573 -0.760087 -0.0852084 -0.644253 59.6871
-0.658095 -0.0449483 0.751633 149.974 -0.0959796 0.995082 -0.0245265 3.02032 -0.746827 -0.0882781 -0.659177 58.875
-0.672482 -0.0455176 0.73875 150.912 -0.0961796 0.995018 -0.0262417 2.98646 -0.733881 -0.088698 -0.673504 58.0433
-0.687792 -0.0468038 0.724441 151.844 -0.0961113 0.995007 -0.0269628 2.94828 -0.719554 -0.0881677 -0.688861 57.191
-0.70449 -0.0477086 0.70815 152.772 -0.095643 0.995019 -0.0281103 2.91662 -0.703286 -0.087531 -0.705538 56.3154
-0.720139 -0.0483023 0.692192 153.665 -0.0954555 0.994987 -0.0298755 2.87491 -0.687272 -0.0875839 -0.721144 55.4141
-0.737274 -0.0495868 0.673816 154.547 -0.0957953 0.9949 -0.0315979 2.82899 -0.668817 -0.0878427 -0.738258 54.4896
-0.753872 -0.0530659 0.654923 155.398 -0.0999543 0.994398 -0.0344816 2.79332 -0.649416 -0.091453 -0.754956 53.5522
-0.769824 -0.0537261 0.636039 156.234 -0.099532 0.994366 -0.0364704 2.74382 -0.6305 -0.0913799 -0.770828 52.5806
-0.785823 -0.0542098 0.616121 157.041 -0.0989336 0.994345 -0.0386932 2.68453 -0.610531 -0.091357 -0.786746 51.5935
-0.800052 -0.0542007 0.59753 157.809 -0.0971139 0.994477 -0.0398182 2.63791 -0.592075 -0.0898829 -0.80089 50.5839
-0.814528 -0.053989 0.57766 158.562 -0.0955722 0.994547 -0.0418068 2.58216 -0.572247 -0.089257 -0.81525 49.5457
-0.829207 -0.0539 0.556394 159.294 -0.0950736 0.994437 -0.0453514 2.53372 -0.550857 -0.0905018 -0.829712 48.4978
-0.84216 -0.0541294 0.536561 159.994 -0.0949452 0.994293 -0.0487123 2.47928 -0.530855 -0.0919634 -0.842498 47.4329
-0.854834 -0.0541115 0.516133 160.67 -0.093859 0.994268 -0.0512085 2.42298 -0.510407 -0.0922162 -0.855007 46.352
-0.866957 -0.0546999 0.495433 161.325 -0.0925452 0.994345 -0.0521576 2.3538 -0.489772 -0.0910643 -0.867121 45.2518
-0.876663 -0.0544792 0.478079 161.945 -0.091567 0.994301 -0.0545984 2.28833 -0.472383 -0.0916382 -0.876649 44.1435
-0.886541 -0.0548103 0.45946 162.546 -0.0903331 0.994357 -0.0556769 2.20958 -0.45381 -0.09086 -0.886494 43.031
-0.894771 -0.0554013 0.44315 163.121 -0.0899963 0.994287 -0.057405 2.14887 -0.437441 -0.0912436 -0.894638 41.9028
-0.90261 -0.0557156 0.42691 163.685 -0.0891411 0.99429 -0.058702 2.07869 -0.421197 -0.0910361 -0.902428 40.7599
-0.910206 -0.0559293 0.410445 164.234 -0.0881134 0.994308 -0.0599063 2.00116 -0.40476 -0.0906902 -0.909946 39.5985
-0.916051 -0.0564134 0.397153 164.75 -0.087546 0.994313 -0.0606878 1.91514 -0.391465 -0.0903581 -0.915785 38.4377
-0.921836 -0.0567001 0.383499 165.255 -0.0868249 0.994312 -0.0616913 1.8404 -0.377822 -0.0901639 -0.921509 37.2644
-0.927487 -0.0629828 0.368596 165.74 -0.0905829 0.9942 -0.0580453 1.78038 -0.362797 -0.0872207 -0.927817 36.0981
-0.931501 -0.066564 0.357693 166.206 -0.0916599 0.994345 -0.0536539 1.6967 -0.3521 -0.082762 -0.932328 34.9092
-0.935706 -0.0668315 0.346485 166.661 -0.0908351 0.994433 -0.0534907 1.61957 -0.340976 -0.0815202 -0.936571 33.7111
-0.939362 -0.0671419 0.336396 167.1 -0.0903458 0.994458 -0.0537921 1.54192 -0.330921 -0.0809194 -0.940215 32.5073
-0.940966 -0.0675684 0.331788 167.521 -0.0902092 0.9945 -0.0533026 1.47029 -0.326357 -0.0800819 -0.941889 31.3091
-0.942775 -0.0675696 0.326619 167.942 -0.0898812 0.994505 -0.0536933 1.40602 -0.321198 -0.0799749 -0.943662 30.1017
-0.944616 -0.0694032 0.320855 168.369 -0.0912871 0.994383 -0.0536568 1.33074 -0.315324 -0.0799707 -0.945649 28.8746
-0.945601 -0.0739785 0.31692 168.792 -0.0948263 0.994196 -0.0508533 1.24389 -0.311319 -0.0781365 -0.94712 27.6676
-0.94706 -0.0802063 0.310983 169.203 -0.100778 0.993624 -0.0506312 1.18594 -0.304935 -0.0792864 -0.949107 26.4686
-0.947639 -0.0864077 0.307548 169.614 -0.107706 0.992775 -0.0529367 1.10419 -0.300752 -0.0832869 -0.950092 25.2635
-0.948828 -0.0869236 0.303703 170.018 -0.108059 0.992709 -0.0534657 1.01997 -0.296838 -0.083543 -0.951307 24.0438
-0.950091 -0.0870786 0.299698 170.417 -0.10809 0.992664 -0.0542308 0.941194 -0.292777 -0.0839156 -0.952525 22.8261
-0.949866 -0.0870227 0.300414 170.818 -0.108048 0.992677 -0.0540704 0.875325 -0.293506 -0.0838142 -0.952316 21.614
-0.949742 -0.0871344 0.300784 171.207 -0.108158 0.992672 -0.0539382 0.796457 -0.293881 -0.0837567 -0.952199 20.3918
-0.949793 -0.0867968 0.300711 171.592 -0.108094 0.992627 -0.0548943 0.727935 -0.293725 -0.0846383 -0.952175 19.1662
-0.94876 -0.0864093 0.30408 171.988 -0.108012 0.992634 -0.0549254 0.660542 -0.297095 -0.0849523 -0.951095 17.9511
-0.94877 -0.0859835 0.304157 172.373 -0.10739 0.992733 -0.0543372 0.584145 -0.297272 -0.084212 -0.951112 16.7215
-0.947686 -0.0860215 0.307522 172.778 -0.107661 0.992719 -0.0540795 0.516082 -0.300632 -0.0843552 -0.950039 15.5334
-0.94632 -0.0868795 0.311447 173.186 -0.108858 0.9926 -0.0538626 0.447255 -0.30446 -0.0848699 -0.948776 14.3243
-0.945436 -0.0862606 0.314306 173.588 -0.107982 0.992777 -0.052337 0.386184 -0.307521 -0.0834174 -0.947915 13.1097
-0.942961 -0.0857524 0.321775 174.01 -0.107838 0.992841 -0.0514222 0.326384 -0.315058 -0.0831839 -0.94546 11.9104
-0.940707 -0.086308 0.328176 174.43 -0.108733 0.992787 -0.0505761 0.260666 -0.321444 -0.0832575 -0.9433 10.7161
-0.938134 -0.0861844 0.335483 174.851 -0.108957 0.99281 -0.0496259 0.183241 -0.32879 -0.0831037 -0.940781 9.49749
-0.934823 -0.0861759 0.344617 175.277 -0.10981 0.992716 -0.049624 0.115781 -0.337831 -0.0842284 -0.93747 8.32861
-0.931305 -0.0861097 0.35402 175.727 -0.110219 0.992728 -0.0484744 0.0383978 -0.347268 -0.0841588 -0.934025 7.14378
-0.92743 -0.085101 0.364298 176.188 -0.109831 0.992809 -0.0476758 -0.0351024 -0.357621 -0.0842235 -0.930101 5.92506
-0.9229 -0.0847473 0.375698 176.656 -0.11021 0.992811 -0.0467702 -0.103896 -0.36903 -0.0845642 -0.925607 4.78071
-0.917423 -0.0844323 0.388958 177.154 -0.110766 0.992796 -0.0457432 -0.182766 -0.382294 -0.0850455 -0.920161 3.5726
-0.911534 -0.0858805 0.402254 177.647 -0.112469 0.992733 -0.0429085 -0.269466 -0.395642 -0.0843481 -0.914569 2.43803
-0.905625 -0.0842196 0.415731 178.176 -0.111088 0.992976 -0.0408271 -0.31117 -0.409373 -0.0831531 -0.908613 1.27468
-0.899637 -0.0837479 0.428624 178.728 -0.111352 0.992992 -0.0396915 -0.375138 -0.422292 -0.0834305 -0.902658 0.109016
-0.892696 -0.0840716 0.44284 179.287 -0.112357 0.992946 -0.0379798 -0.442314 -0.436523 -0.0836567 -0.895839 -1.01454
-0.885579 -0.0838219 0.45695 179.86 -0.11206 0.993089 -0.0349987 -0.496663 -0.450853 -0.0821942 -0.888853 -2.14352
-0.878388 -0.0845432 0.470499 180.456 -0.112939 0.993078 -0.0323976 -0.55637 -0.464503 -0.0815915 -0.881849 -3.27014
-0.870756 -0.0837737 0.484611 181.044 -0.11203 0.99327 -0.0295874 -0.605044 -0.478864 -0.0800485 -0.874282 -4.33767
-0.862313 -0.0828843 0.499629 181.661 -0.111335 0.993411 -0.0273496 -0.642963 -0.49407 -0.0792065 -0.865854 -5.41852
-0.85262 -0.0818662 0.516159 182.295 -0.110444 0.993578 -0.0248448 -0.679408 -0.510804 -0.0781841 -0.856187 -6.49521
-0.842353 -0.0816448 0.532785 182.941 -0.110591 0.993613 -0.0225792 -0.720015 -0.527539 -0.0779369 -0.845997 -7.5331
-0.831388 -0.08092 0.549846 183.624 -0.109959 0.993741 -0.0200094 -0.755966 -0.544778 -0.07709 -0.835082 -8.59614
-0.820507 -0.0803037 0.566043 184.309 -0.109444 0.99384 -0.0176436 -0.78053 -0.561139 -0.0764226 -0.824236 -9.58881
-0.808315 -0.0795559 0.583423 185.017 -0.10849 0.993995 -0.0147642 -0.808787 -0.578737 -0.0752242 -0.812091 -10.595
-0.795366 -0.078345 0.601116 185.753 -0.105518 0.994372 -0.0100113 -0.82864 -0.596948 -0.0713871 -0.799151 -11.5967
-0.780588 -0.077226 0.620326 186.496 -0.103766 0.994586 -0.00675189 -0.835186 -0.616438 -0.0696335 -0.784375 -12.5496
-0.764376 -0.0768698 0.64024 187.26 -0.10361 0.994614 -0.00427589 -0.849971 -0.636462 -0.0695992 -0.768218 -13.4912
-0.747729 -0.0737844 0.659958 188.051 -0.100904 0.994899 -0.0030879 -0.858361 -0.656355 -0.068895 -0.75136 -14.4237
-0.73084 -0.0733446 0.67866 188.849 -0.100043 0.994989 -0.000199209 -0.857778 -0.675244 -0.0680367 -0.73451 -15.2775
-0.712038 -0.072799 0.69842 189.684 -0.098579 0.995132 0.00322901 -0.857604 -0.695246 -0.0665444 -0.715748 -16.1582
-0.692893 -0.0732486 0.717371 190.509 -0.0987512 0.995098 0.00622954 -0.85643 -0.71431 -0.0665206 -0.696725 -16.97
-0.672797 -0.0729138 0.736288 191.376 -0.0982022 0.995135 0.00881682 -0.852689 -0.73334 -0.0663671 -0.676683 -17.7775
-0.652406 -0.0729288 0.754411 192.273 -0.0984428 0.995086 0.0110673 -0.844809 -0.75151 -0.0670417 -0.656375 -18.5752
-0.63171 -0.0725656 0.771861 193.165 -0.0970976 0.995183 0.0140975 -0.830812 -0.769156 -0.0660342 -0.635712 -19.3138
-0.609576 -0.0725064 0.789461 194.09 -0.0951388 0.995307 0.0179557 -0.815864 -0.787057 -0.0641587 -0.61361 -20.0468
-0.58572 -0.0720384 0.807364 195.043 -0.0932762 0.995424 0.0211526 -0.794537 -0.805182 -0.0629123 -0.589758 -20.7663
-0.561382 -0.0710572 0.824555 195.996 -0.0916123 0.995523 0.0234229 -0.776675 -0.822529 -0.0623857 -0.565376 -21.4214
-0.5347 -0.0711611 0.842097 196.972 -0.0904822 0.995549 0.0266794 -0.753723 -0.840236 -0.0619232 -0.538758 -22.0671
-0.508283 -0.0718983 0.858236 197.958 -0.0891116 0.995555 0.0306309 -0.715594 -0.856624 -0.0609052 -0.512428 -22.6616
-0.480556 -0.0727472 0.873996 198.975 -0.0869146 0.995606 0.035084 -0.672873 -0.872697 -0.059097 -0.484767 -23.243
-0.451552 -0.0722348 0.889366 200.017 -0.0853641 0.995648 0.0375298 -0.63867 -0.888206 -0.0589688 -0.455751 -23.7908
-0.421125 -0.0717276 0.904216 201.056 -0.0843643 0.995652 0.0396929 -0.600595 -0.903121 -0.0595616 -0.425344 -24.2834
-0.389753 -0.0721299 0.918139 202.122 -0.0828033 0.99564 0.0430722 -0.558251 -0.917242 -0.0592329 -0.394025 -24.7572
-0.358987 -0.0718638 0.930625 203.207 -0.0807947 0.995689 0.0457251 -0.505347 -0.929889 -0.0587685 -0.363245 -25.1836
-0.326347 -0.0715851 0.942583 204.3 -0.0795115 0.995679 0.0480925 -0.448951 -0.941952 -0.0592467 -0.330628 -25.5799
-0.293242 -0.0714772 0.953415 205.418 -0.076688 0.995754 0.0510678 -0.387548 -0.953007 -0.0581339 -0.297478 -25.95
-0.258371 -0.0717198 0.963428 206.534 -0.0753479 0.995703 0.05392 -0.329142 -0.963155 -0.058656 -0.262664 -26.2785
-0.22334 -0.071883 0.972139 207.661 -0.0728351 0.995727 0.0568975 -0.264924 -0.972065 -0.0580919 -0.227621 -26.563
-0.188294 -0.0719126 0.979525 208.811 -0.0707498 0.995723 0.0595059 -0.20321 -0.979613 -0.0580915 -0.192577 -26.808
-0.153169 -0.0716936 0.985647 209.947 -0.0687625 0.995727 0.0617447 -0.134109 -0.985853 -0.0583118 -0.157445 -27.0093
-0.118279 -0.0714817 0.990452 211.093 -0.0660576 0.995768 0.063981 -0.0610395 -0.990832 -0.0578542 -0.122501 -27.1649
-0.082839 -0.0709505 0.994084 212.258 -0.0639034 0.995795 0.0657508 0.0168927 -0.99456 -0.0580723 -0.0870254 -27.2811
-0.0487788 -0.0709878 0.996331 213.4 -0.0615241 0.995796 0.0679417 0.0938163 -0.996964 -0.0579792 -0.0529426 -27.3486
-0.0159239 -0.0710885 0.997393 214.566 -0.0590931 0.995799 0.0700348 0.179262 -0.998174 -0.0578176 -0.0200589 -27.3768
0.0173336 -0.0706492 0.997398 215.712 -0.0572179 0.995801 0.0715347 0.254717 -0.998263 -0.0583038 0.0132164 -27.3743
0.0487996 -0.0712109 0.996317 216.871 -0.0515505 0.995953 0.0737131 0.333984 -0.997526 -0.0549516 0.0449301 -27.3291
0.0807629 -0.0717793 0.994193 218.047 -0.048368 0.995952 0.0758396 0.42505 -0.995612 -0.054207 0.0769616 -27.2577
0.111889 -0.0720533 0.991156 219.199 -0.0452081 0.995973 0.0775103 0.511816 -0.992741 -0.0534747 0.10818 -27.1498
0.142403 -0.0716182 0.987263 220.358 -0.0429498 0.995999 0.0784513 0.600936 -0.98893 -0.0535693 0.138754 -27.0025
0.171957 -0.0716029 0.98255 221.516 -0.0406125 0.995999 0.079694 0.684409 -0.984317 -0.0536017 0.16836 -26.8167
0.202008 -0.0716722 0.976807 222.66 -0.037855 0.996009 0.080914 0.768266 -0.978707 -0.0533172 0.198485 -26.6001
0.231557 -0.0732748 0.97011 223.812 -0.0304678 0.996131 0.0825162 0.853392 -0.972395 -0.0486583 0.228427 -26.3377
0.26202 -0.07377 0.96229 224.945 -0.027191 0.996121 0.0837718 0.936083 -0.964736 -0.0481105 0.258993 -26.0527
0.29133 -0.0750615 0.953726 226.077 -0.0195098 0.99625 0.0843715 1.02304 -0.956476 -0.0431809 0.288771 -25.7272
0.319332 -0.0756339 0.944672 227.197 -0.0157641 0.996255 0.0850973 1.1064 -0.947569 -0.0420612 0.316939 -25.3676
0.347795 -0.076736 0.93448 228.306 -0.0127189 0.996175 0.0865398 1.19715 -0.937538 -0.0419776 0.345487 -24.9744
0.376274 -0.077512 0.923314 229.411 -0.0100532 0.996101 0.0877241 1.29474 -0.926512 -0.0422855 0.374023 -24.5381
0.404316 -0.0769485 0.911433 230.511 -0.00359705 0.996321 0.0857149 1.39516 -0.914667 -0.0379283 0.40255 -24.0641
0.432568 -0.0759881 0.898448 231.576 0.0028232 0.996559 0.0829316 1.49796 -0.901657 -0.033332 0.431287 -23.5673
0.459509 -0.0776497 0.884831 232.644 0.00971418 0.99656 0.0824139 1.59509 -0.888177 -0.0292685 0.45868 -23.0238
0.487341 -0.0778784 0.86979 233.704 0.0113343 0.996503 0.0828784 1.68431 -0.873202 -0.0305265 0.486513 -22.4633
0.513295 -0.0784653 0.854679 234.741 0.0132305 0.996426 0.083537 1.77532 -0.85817 -0.0315652 0.512496 -21.8566
0.536562 -0.0778565 0.840322 235.759 0.0146659 0.996453 0.082963 1.8686 -0.843799 -0.0321856 0.535793 -21.2161
0.558177 -0.0776873 0.82614 236.757 0.0163234 0.996452 0.0826782 1.95782 -0.829623 -0.0326576 0.557462 -20.5572
0.57826 -0.0780144 0.812176 237.748 0.0177782 0.996394 0.0830572 2.04556 -0.815727 -0.0335844 0.577554 -19.8656
0.596457 -0.0800094 0.798712 238.723 0.0201424 0.996208 0.0847556 2.13757 -0.802456 -0.034459 0.595804 -19.1448
0.614701 -0.083203 0.784425 239.684 0.0225421 0.995876 0.0879725 2.23917 -0.788508 -0.0363889 0.614034 -18.4073
0.630279 -0.0861557 0.771641 240.632 0.0272477 0.995676 0.0889182 2.34106 -0.775957 -0.0350117 0.629898 -17.6453
0.646329 -0.0876146 0.758081 241.562 0.0292753 0.995511 0.0901017 2.43831 -0.76257 -0.0360368 0.645984 -16.8752
0.661781 -0.0876461 0.744626 242.475 0.0305645 0.995482 0.0900136 2.53405 -0.749143 -0.036804 0.661467 -16.0704
0.676767 -0.0880656 0.730983 243.385 0.0321359 0.995416 0.0901774 2.622 -0.735571 -0.0375328 0.676486 -15.2361
0.692173 -0.0902422 0.71614 244.267 0.0342713 0.995153 0.0922815 2.72888 -0.720989 -0.0393255 0.691907 -14.3921
0.706682 -0.0938031 0.70136 245.138 0.0365267 0.994696 0.096238 2.84234 -0.706667 -0.0423857 0.706352 -13.5211
0.720554 -0.0959725 0.686801 245.995 0.0386108 0.994402 0.098453 2.96146 -0.692398 -0.0444165 0.720223 -12.635
0.735107 -0.0964907 0.671129 246.832 0.0408698 0.994336 0.0982008 3.07739 -0.676801 -0.0447534 0.734877 -11.7386
0.747881 -0.0971432 0.656766 247.65 0.0428304 0.994245 0.0982931 3.19773 -0.662528 -0.0453757 0.747735 -10.8138
0.75923 -0.0977982 0.643516 248.458 0.0443241 0.994129 0.0987958 3.31673 -0.649398 -0.0464796 0.759098 -9.87123
0.771216 -0.0999895 0.628756 249.256 0.0463435 0.993796 0.101203 3.43278 -0.634968 -0.048904 0.771062 -8.90474
0.781503 -0.101431 0.615688 250.038 0.0484353 0.993591 0.102217 3.5493 -0.622108 -0.0500561 0.781398 -7.92022
0.792722 -0.102118 0.601057 250.81 0.0500472 0.993454 0.102784 3.67251 -0.607613 -0.0513913 0.79264 -6.92482
0.801788 -0.103637 0.588645 251.565 0.0548493 0.993462 0.100208 3.79999 -0.595181 -0.0480525 0.802221 -5.91256
0.809934 -0.10577 0.576998 252.311 0.0561133 0.993078 0.103282 3.92442 -0.583922 -0.0512678 0.810259 -4.88019
0.818251 -0.108038 0.564712 253.038 0.0577481 0.99267 0.106246 4.04831 -0.57205 -0.0543192 0.818483 -3.84468
0.825462 -0.109458 0.553839 253.759 0.0592236 0.99241 0.107873 4.18626 -0.561438 -0.0562379 0.825675 -2.78475
0.831374 -0.110745 0.544664 254.49 0.0608117 0.992196 0.108927 4.32145 -0.552476 -0.0574312 0.831612 -1.68623
0.836167 -0.111898 0.537039 255.185 0.0618811 0.991975 0.110348 4.46257 -0.545072 -0.0590296 0.836378 -0.600343
0.838553 -0.113902 0.53288 255.887 0.0628456 0.991607 0.113067 4.61028 -0.541285 -0.0613179 0.838664 0.510485
0.841849 -0.115015 0.527419 256.575 0.064044 0.991427 0.113983 4.75474 -0.536001 -0.0621718 0.841994 1.61042
0.844141 -0.116185 0.523481 257.262 0.0652735 0.991256 0.114759 4.90211 -0.532235 -0.0626973 0.844335 2.71677
0.846242 -0.118684 0.519518 257.966 0.0663062 0.990767 0.118343 5.06102 -0.528762 -0.0656923 0.846294 3.85579
0.84851 -0.12057 0.515364 258.637 0.0668024 0.990324 0.121712 5.20163 -0.525051 -0.0688402 0.848345 4.95538
0.85068 -0.1213 0.511608 259.314 0.0679241 0.990232 0.121846 5.35376 -0.521386 -0.068894 0.850605 6.08197
0.852382 -0.122616 0.508445 260.001 0.0678329 0.989845 0.125001 5.50207 -0.518607 -0.0720533 0.852034 7.23322
0.854854 -0.122611 0.504283 260.662 0.067716 0.989744 0.125862 5.65894 -0.514539 -0.0734383 0.854385 8.35413
0.857054 -0.124269 0.500125 261.33 0.0682158 0.989315 0.12893 5.81664 -0.5108 -0.0763773 0.856364 9.50227
0.858951 -0.124919 0.496699 262.007 0.0681794 0.989065 0.130853 5.98374 -0.507609 -0.078524 0.85807 10.6648
0.860349 -0.125554 0.494115 262.649 0.0683008 0.988857 0.132353 6.15668 -0.505224 -0.0801146 0.859327 11.7866
0.861103 -0.126021 0.49268 263.306 0.06843 0.988719 0.133308 6.34505 -0.503917 -0.08107 0.860009 12.9602
0.861604 -0.126413 0.491705 263.947 0.0687566 0.988644 0.133702 6.52683 -0.50302 -0.0813831 0.860502 14.0791
0.862106 -0.127022 0.490665 264.59 0.0689507 0.988487 0.134757 6.70958 -0.502129 -0.0823353 0.860934 15.2293
0.862363 -0.127878 0.489995 265.261 0.0691456 0.988271 0.136236 6.89336 -0.501666 -0.0835971 0.861081 16.3926
0.862782 -0.128612 0.48906 265.888 0.0693378 0.988078 0.137528 7.05008 -0.500912 -0.084739 0.861409 17.516
