0.999021 -0.000849586 0.0442427 0.0399852 0.000954157 0.999997 -0.00234527 -0.0259837 -0.0442405 0.00238521 0.999018 1.00259
0.995838 -0.00351273 0.0910831 0.123245 0.00422568 0.999962 -0.00763533 -0.0420299 -0.0910526 0.00798828 0.995814 2.0288
0.990708 -0.00421808 0.135953 0.249446 0.00592329 0.999908 -0.0121417 -0.0841138 -0.135889 0.0128343 0.990641 2.99694
0.983016 -0.000962338 0.183524 0.405283 0.00380695 0.999879 -0.0151481 -0.108388 -0.183486 0.0155892 0.982899 4.00488
0.97354 -0.00365686 0.228494 0.613592 0.00716085 0.99987 -0.0145088 -0.141935 -0.228411 0.0157612 0.973438 4.96125
0.961691 -0.00474004 0.274099 0.876369 0.00910488 0.999851 -0.0146541 -0.154423 -0.273988 0.016588 0.96159 5.92457
0.947395 -0.00703019 0.319995 1.19019 0.01307 0.999775 -0.0167314 -0.169153 -0.319805 0.0200337 0.947272 6.90203
0.932174 -0.00883882 0.361908 1.5358 0.0164526 0.999704 -0.0179612 -0.236597 -0.361641 0.0226969 0.932042 7.80995
0.914439 -0.00843125 0.404641 1.92232 0.0168038 0.999712 -0.0171444 -0.223326 -0.404379 0.0224771 0.914315 8.71043
0.894054 -0.00944749 0.447866 2.37394 0.0182275 0.999717 -0.015298 -0.249196 -0.447594 0.0218403 0.893972 9.62233
0.872613 -0.00992536 0.488315 2.8196 0.0192251 0.999717 -0.0140352 -0.275272 -0.488037 0.0216353 0.872555 10.4821
0.847318 -0.0103625 0.530989 3.35098 0.020304 0.999711 -0.0128898 -0.292384 -0.530701 0.0217024 0.847283 11.3393
0.821751 -0.0105317 0.569753 3.89144 0.0213787 0.999695 -0.0123554 -0.322257 -0.569449 0.0223337 0.821725 12.1332
0.794203 -0.0114025 0.607551 4.47469 0.0230742 0.999669 -0.0114012 -0.357705 -0.607218 0.023073 0.794202 12.9108
0.764546 -0.0120342 0.644463 5.10166 0.0248688 0.999632 -0.0108363 -0.356987 -0.644095 0.0243118 0.764562 13.6832
0.734148 -0.0144898 0.67884 5.75017 0.0290177 0.999529 -0.010047 -0.383284 -0.678373 0.0270736 0.734222 14.4124
0.702489 -0.0140664 0.71156 6.42111 0.0289885 0.999541 -0.00885975 -0.398336 -0.711108 0.026851 0.702573 15.0965
0.667548 -0.0135214 0.74445 7.15891 0.0303515 0.999499 -0.00906231 -0.410519 -0.743953 0.0286439 0.667622 15.7597
0.631351 -0.0149017 0.775359 7.90837 0.0351084 0.999339 -0.00938129 -0.456279 -0.774706 0.0331444 0.631457 16.3903
0.595206 -0.0129064 0.803477 8.66769 0.0342514 0.999371 -0.00932007 -0.453002 -0.802848 0.0330667 0.595272 16.9557
0.556926 -0.0118944 0.830482 9.47995 0.0373651 0.999245 -0.0107458 -0.472673 -0.829726 0.0370155 0.556949 17.4942
0.516869 -0.011064 0.856 10.3347 0.0420083 0.999041 -0.0124525 -0.507393 -0.855039 0.0423943 0.516837 18.0297
0.478075 -0.00931278 0.878275 11.1888 0.0438771 0.99895 -0.0132915 -0.495772 -0.877227 0.0448902 0.477981 18.4995
0.438748 -0.0112697 0.898547 12.0787 0.0491297 0.998728 -0.0114632 -0.514083 -0.897272 0.0491736 0.438743 18.945
0.400883 -0.0111009 0.916067 13.0135 0.0521459 0.998585 -0.010719 -0.544838 -0.914649 0.0520659 0.400894 19.3644
0.364272 -0.00905742 0.931256 13.9691 0.054478 0.998449 -0.0115988 -0.561039 -0.929704 0.0549568 0.3642 19.7325
0.330379 -0.00957516 0.943806 14.917 0.0546906 0.998465 -0.00901478 -0.581723 -0.942268 0.0545953 0.330395 20.0683
0.295682 -0.0103921 0.955238 15.909 0.056426 0.998387 -0.00660452 -0.594173 -0.953625 0.0558518 0.295791 20.3615
0.2636 -0.0108495 0.964577 16.8691 0.0571564 0.998358 -0.00439035 -0.618993 -0.962943 0.0562886 0.263787 20.6377
0.230597 -0.00784437 0.973026 17.8863 0.0544765 0.998505 -0.00486076 -0.623394 -0.97153 0.0541266 0.23068 20.8846
0.198244 -0.00603177 0.98014 18.9209 0.0535128 0.998558 -0.0046784 -0.634953 -0.978697 0.053377 0.19828 21.0952
0.168072 -0.00505259 0.985771 19.9371 0.0553228 0.998461 -0.0043149 -0.624845 -0.984228 0.0552595 0.168093 21.2802
0.137463 -0.0058866 0.990496 20.9789 0.0571705 0.998365 -0.00200089 -0.649342 -0.988861 0.0569017 0.137575 21.4247
0.106493 -0.00602104 0.994304 22.0384 0.0563601 0.998412 9.48515e-06 -0.659514 -0.992722 0.0560367 0.106663 21.5611
0.0768832 -0.00609242 0.997028 23.1058 0.0565571 0.9984 0.00173957 -0.658641 -0.99544 0.0562548 0.0771052 21.6593
0.0486807 -0.00555231 0.998809 24.2083 0.0586665 0.998276 0.00268977 -0.667676 -0.997098 0.0584643 0.0489228 21.7204
0.0240534 -0.00493597 0.999705 25.3068 0.0622953 0.998055 0.00342898 -0.661832 -0.997774 0.062194 0.0243148 21.7335
0.000924445 -0.00423451 1 26.4189 0.0664837 0.997782 0.00416339 -0.642157 -0.997795 0.0664784 0.00120438 21.7335
-0.020546 -0.00425406 0.999786 27.5529 0.0715551 0.997423 0.00571452 -0.638763 -0.997231 0.0716567 -0.0201878 21.7061
-0.0380849 -0.00498088 0.999272 28.6831 0.0758812 0.997089 0.00786178 -0.626248 -0.996397 0.0761239 -0.0375955 21.6569
-0.0544517 -0.00449572 0.998513 29.8388 0.0781723 0.996905 0.00875149 -0.629164 -0.995458 0.0785321 -0.0539307 21.5935
-0.0691155 -0.00579174 0.997602 30.9867 0.0800392 0.99673 0.0113317 -0.62882 -0.994401 0.0806289 -0.0684251 21.5094
-0.0822726 -0.00659554 0.996595 32.1432 0.0805802 0.996663 0.0132483 -0.619461 -0.993352 0.0813953 -0.0814655 21.4266
-0.0950943 -0.00655825 0.995457 33.3088 0.0808833 0.996624 0.0142924 -0.615294 -0.992185 0.0818735 -0.0942421 21.3423
-0.107157 -0.00340827 0.994244 34.4921 0.0805341 0.996682 0.0120966 -0.594888 -0.990981 0.0813663 -0.106526 21.2055
-0.116603 -0.000470389 0.993188 35.6723 0.0807839 0.996685 0.00995605 -0.599111 -0.989896 0.0813931 -0.116177 21.0618
-0.12653 0.00140756 0.991971 36.9081 0.080952 0.996682 0.00891187 -0.575275 -0.988661 0.081429 -0.126223 20.901
-0.133378 0.00205486 0.991073 38.1525 0.0802441 0.99674 0.00873235 -0.56486 -0.98782 0.080691 -0.133107 20.7291
-0.139167 0.00232536 0.990275 39.4234 0.0799359 0.996764 0.00889334 -0.559674 -0.987044 0.0803956 -0.138901 20.538
-0.144964 0.00437914 0.989438 40.6979 0.0811274 0.99668 0.00747463 -0.544826 -0.986114 0.0813525 -0.144836 20.3631
-0.149031 0.00600239 0.988823 42.0218 0.0799242 0.996787 0.00599524 -0.541758 -0.985605 0.0799236 -0.14903 20.165
-0.153055 0.00624136 0.988209 43.3543 0.0802184 0.996762 0.00612874 -0.542976 -0.984965 0.080209 -0.153059 19.9699
-0.156852 0.00575075 0.987614 44.7186 0.0798747 0.996785 0.00688163 -0.540321 -0.984395 0.0799639 -0.156805 19.7726
-0.158628 0.00379419 0.987342 46.0908 0.0807095 0.9967 0.00913654 -0.524506 -0.984043 0.0811356 -0.15841 19.5561
-0.160759 0.00373583 0.986995 47.4886 0.0808529 0.996686 0.00939682 -0.517415 -0.983684 0.0813113 -0.160527 19.3337
-0.163239 0.00340623 0.986592 48.8999 0.0829997 0.996501 0.0102922 -0.515576 -0.983098 0.0835653 -0.162949 19.1175
-0.162996 0.00388371 0.986628 50.3408 0.0831983 0.996489 0.00982241 -0.486762 -0.983121 0.083686 -0.162745 18.8784
-0.164879 0.00406931 0.986316 51.772 0.0841843 0.996405 0.00996167 -0.48678 -0.982724 0.0846732 -0.164627 18.6485
-0.164273 0.00451711 0.986413 53.2449 0.0840502 0.996421 0.00943465 -0.469355 -0.982836 0.0844574 -0.164063 18.4081
-0.1629 0.00525623 0.98664 54.7431 0.0834756 0.996479 0.00847355 -0.472292 -0.983115 0.0837391 -0.162764 18.1728
-0.162384 0.00515643 0.986723 56.2512 0.0833285 0.99649 0.00850609 -0.469385 -0.983211 0.0836027 -0.162242 17.9456
-0.15943 0.004481 0.98721 57.7932 0.0833442 0.996486 0.00893641 -0.44938 -0.983695 0.0837013 -0.159241 17.7
-0.15817 0.00504737 0.987408 59.3475 0.0836853 0.996462 0.0083119 -0.444686 -0.983868 0.0839455 -0.158031 17.4506
-0.158322 0.0050521 0.987386 60.9123 0.0837179 0.996459 0.00832509 -0.43022 -0.983842 0.0839782 -0.158183 17.1935
-0.155631 0.0059134 0.987807 62.498 0.0850834 0.996351 0.00744084 -0.413586 -0.984154 0.0852032 -0.155565 16.9506
-0.156189 0.00495469 0.987726 64.0829 0.083841 0.99645 0.00825927 -0.395721 -0.984172 0.0841002 -0.156049 16.6977
-0.152268 0.0037806 0.988342 65.7457 0.0856446 0.996286 0.00938389 -0.368276 -0.984631 0.0860743 -0.152025 16.4612
-0.151229 0.00241592 0.988507 67.3775 0.0873505 0.996123 0.0109289 -0.35766 -0.984642 0.0879975 -0.150852 16.2164
-0.151426 0.00524557 0.988465 69.0129 0.0882655 0.996068 0.00823587 -0.355347 -0.984529 0.0884938 -0.151292 15.975
-0.149309 0.00594712 0.988784 70.673 0.0894082 0.995972 0.00751054 -0.349997 -0.98475 0.089525 -0.149238 15.7187
-0.148337 0.00584713 0.98893 72.3531 0.0892899 0.995983 0.00750462 -0.320673 -0.984908 0.0894139 -0.148261 15.4813
-0.149 0.00522034 0.988834 74.0527 0.0896622 0.995944 0.00825269 -0.323085 -0.984774 0.0898889 -0.148862 15.2377
-0.147587 0.00531843 0.989046 75.7809 0.090195 0.995896 0.00810395 -0.29254 -0.984939 0.0904021 -0.147459 14.9854
-0.148786 0.00474661 0.988869 77.4842 0.0916579 0.995755 0.0090112 -0.306136 -0.984623 0.0919766 -0.148588 14.7282
-0.146815 0.00464938 0.989164 79.2591 0.0928311 0.995646 0.00909883 -0.275234 -0.98481 0.09316 -0.146605 14.4774
-0.146765 0.00469435 0.989171 81.0119 0.0930401 0.995626 0.00907935 -0.272063 -0.984796 0.0933634 -0.146558 14.2175
-0.148485 0.00587169 0.988909 82.7548 0.0922225 0.995713 0.0079355 -0.251138 -0.984617 0.0923769 -0.148388 13.9551
-0.14808 0.00607356 0.988967 84.5525 0.0915569 0.995776 0.00759322 -0.235709 -0.984738 0.0916695 -0.148009 13.6873
-0.148332 0.00654505 0.988928 86.3699 0.0911703 0.995816 0.00708461 -0.235338 -0.984738 0.0912106 -0.148306 13.4211
-0.150044 0.00610637 0.988671 88.187 0.090318 0.99589 0.00755572 -0.222651 -0.984555 0.0904268 -0.149978 13.1438
-0.149174 0.00462247 0.988812 90.0425 0.0893815 0.995964 0.00882867 -0.231824 -0.984776 0.0896972 -0.148983 12.867
-0.14925 0.00478069 0.988799 91.8911 0.0868692 0.99619 0.00829543 -0.21122 -0.984986 0.0871326 -0.149095 12.5999
-0.151679 0.00506862 0.988429 93.7448 0.0865247 0.996221 0.00816928 -0.213566 -0.984648 0.0867613 -0.151542 12.326
-0.152246 0.00603952 0.988336 95.6363 0.0854716 0.996321 0.00707764 -0.188485 -0.98465 0.0855505 -0.152201 12.0378
-0.157965 0.00673412 0.987433 97.5143 0.086121 0.996266 0.00698326 -0.189997 -0.983695 0.0861405 -0.157953 11.7476
-0.161101 0.0064348 0.986929 99.4176 0.0843204 0.996418 0.00726707 -0.188114 -0.98334 0.0843872 -0.161065 11.4542
-0.165548 0.00550907 0.986198 101.343 0.0825729 0.996557 0.00829449 -0.169339 -0.982752 0.0828052 -0.165431 11.1477
-0.172 0.00608918 0.98509 103.263 0.0819627 0.996608 0.00815026 -0.157434 -0.981692 0.0821408 -0.171914 10.8192
-0.174492 0.00691878 0.984646 105.203 0.0817247 0.996633 0.00747997 -0.150784 -0.981275 0.0817738 -0.174467 10.4952
-0.178771 0.00759143 0.983873 107.134 0.081994 0.996612 0.00720831 -0.141651 -0.98048 0.0819586 -0.178786 10.1678
-0.185132 0.00772971 0.982696 109.083 0.0812672 0.99667 0.00747089 -0.121921 -0.979362 0.0812427 -0.185141 9.82265
-0.188584 0.00713412 0.982043 111.036 0.0804153 0.996734 0.00820116 -0.110123 -0.978771 0.0805162 -0.18854 9.47428
-0.194878 0.00705768 0.980814 113.006 0.0787548 0.996864 0.00847506 -0.0941825 -0.977675 0.078894 -0.19482 9.10062
-0.19829 0.00547807 0.980141 114.985 0.0790573 0.996821 0.0104223 -0.0798463 -0.976962 0.0795522 -0.198091 8.72266
-0.20313 0.0054606 0.979149 116.967 0.0796723 0.996767 0.01097 -0.0690218 -0.97592 0.0802379 -0.202905 8.33676
-0.209697 0.00662668 0.977756 118.957 0.0808893 0.996673 0.0105929 -0.0545954 -0.974427 0.0813095 -0.209534 7.93343
-0.212948 0.0072211 0.977049 120.963 0.08045 0.996713 0.0101681 -0.0322796 -0.973761 0.0807674 -0.212826 7.52448
-0.217702 0.00651355 0.976006 122.99 0.0813015 0.996629 0.0114831 -0.0197855 -0.972635 0.0818489 -0.217496 7.08923
-0.22477 0.00626394 0.974404 124.983 0.0806309 0.996675 0.0121928 -0.00234157 -0.971086 0.081306 -0.224524 6.65103
-0.227973 0.00661755 0.973658 127.006 0.0801359 0.996718 0.0119884 0.023462 -0.970377 0.0807562 -0.227753 6.18803
-0.234515 0.00635508 0.972104 129.021 0.0797383 0.99674 0.0127207 0.0518464 -0.968852 0.0804954 -0.234254 5.7265
-0.237077 0.00573813 0.971488 131.05 0.0818023 0.996555 0.014076 0.0784985 -0.968054 0.0828051 -0.236728 5.24028
-0.24135 0.0047995 0.970438 133.069 0.0827624 0.996452 0.0156553 0.0938193 -0.966919 0.0840925 -0.240887 4.75467
-0.246488 0.00529797 0.969146 135.106 0.0827159 0.996457 0.0155899 0.0956578 -0.965623 0.0840045 -0.246051 4.24103
-0.247394 0.00515624 0.968913 137.163 0.0825 0.996472 0.0157623 0.118202 -0.965413 0.0838331 -0.246943 3.73457
-0.251084 0.00531534 0.967965 139.22 0.0818291 0.996528 0.0157534 0.135177 -0.964514 0.0831611 -0.250646 3.21556
-0.25747 0.00567391 0.966282 141.249 0.0803217 0.996653 0.0155502 0.139186 -0.962959 0.0816154 -0.25706 2.68171
-0.259867 0.00561834 0.965642 143.336 0.0784506 0.996807 0.015312 0.15613 -0.962468 0.0797322 -0.259475 2.14386
-0.266091 0.00615708 0.963941 145.401 0.0777383 0.996865 0.0150922 0.197734 -0.960826 0.0789492 -0.265731 1.59614
-0.269294 0.00512177 0.963058 147.487 0.0773828 0.996874 0.016336 0.202919 -0.959959 0.0789213 -0.268846 1.02744
-0.273855 0.00529109 0.961768 149.573 0.0772662 0.996878 0.0165168 0.229247 -0.95868 0.0788336 -0.273405 0.450846
-0.279609 0.00559722 0.960111 151.665 0.076814 0.996914 0.0165581 0.254352 -0.957051 0.0783778 -0.279174 -0.137207
-0.282489 0.00455699 0.959272 153.757 0.0758393 0.996969 0.0175975 0.273516 -0.956286 0.0777197 -0.281974 -0.728484
-0.28675 0.0047255 0.958007 155.859 0.0765166 0.996911 0.0179851 0.300513 -0.954959 0.0784586 -0.286224 -1.34537
-0.291337 0.00566309 0.956617 158.004 0.0778481 0.996811 0.0178078 0.326517 -0.953466 0.079657 -0.290845 -1.96193
-0.293605 0.00650836 0.955918 160.101 0.0775558 0.996848 0.0170333 0.352823 -0.95279 0.079136 -0.293181 -2.58848
-0.297401 0.00791032 0.954733 162.218 0.0778355 0.996843 0.0159868 0.376351 -0.951594 0.0790647 -0.297073 -3.22615
-0.302464 0.00848006 0.953137 164.353 0.0776068 0.996865 0.0157578 0.396796 -0.950011 0.078734 -0.302172 -3.89545
-0.305082 0.00892169 0.952298 166.497 0.0780597 0.996831 0.0156687 0.42255 -0.949141 0.0791144 -0.304807 -4.56003
-0.30914 0.00918815 0.950986 168.651 0.077926 0.996841 0.0157 0.442514 -0.947834 0.0789579 -0.308877 -5.24797
-0.311736 0.00915092 0.950138 170.813 0.0780389 0.996827 0.0160037 0.467707 -0.946978 0.0791347 -0.311457 -5.93968
-0.315856 0.00963849 0.948773 172.982 0.0794604 0.99671 0.0163272 0.49553 -0.945489 0.0805447 -0.315581 -6.6491
-0.320306 0.0102698 0.947273 175.139 0.0810961 0.996573 0.0166172 0.513697 -0.943856 0.0821407 -0.320037 -7.36127
-0.322147 0.0103623 0.946648 177.319 0.0816129 0.996527 0.016864 0.536941 -0.943181 0.0826893 -0.321871 -8.09733
-0.325404 0.0091578 0.945545 179.511 0.080889 0.996563 0.0181856 0.565313 -0.942129 0.0823999 -0.325022 -8.82859
-0.329711 0.00971489 0.944047 181.708 0.0802322 0.996624 0.0177646 0.594249 -0.940682 0.0815981 -0.329375 -9.56723
-0.33073 0.0112295 0.943674 183.867 0.0792292 0.996735 0.0159067 0.627586 -0.940414 0.0800252 -0.330535 -10.2969
-0.334197 0.0120705 0.942442 186.073 0.0787421 0.996786 0.0151553 0.643718 -0.939224 0.0792723 -0.334071 -11.057
-0.338659 0.0129456 0.940836 188.265 0.0774791 0.9969 0.0141723 0.676728 -0.937734 0.0776925 -0.338607 -11.8356
-0.339874 0.0137758 0.940387 190.422 0.0763876 0.997 0.0130022 0.695199 -0.937381 0.0762505 -0.339904 -12.5963
-0.34524 0.0138082 0.938429 192.63 0.0767862 0.996961 0.0135798 0.705617 -0.935389 0.0767443 -0.345247 -13.3831
-0.347307 0.0131105 0.937677 194.827 0.0766086 0.996963 0.0144352 0.735685 -0.934635 0.076845 -0.347254 -14.1802
-0.351086 0.0127095 0.936273 197.038 0.0763041 0.996977 0.0150795 0.760646 -0.933251 0.0767332 -0.350989 -14.9932
-0.356309 0.0125568 0.934301 199.279 0.0769881 0.996911 0.0159616 0.778366 -0.931209 0.0776148 -0.356172 -15.8262
-0.358605 0.0124839 0.933422 201.459 0.0759234 0.996994 0.0158344 0.812619 -0.930419 0.0765445 -0.35847 -16.6479
-0.362206 0.0133395 0.932021 203.679 0.075629 0.997029 0.0151206 0.840397 -0.929044 0.0759619 -0.362136 -17.4922
-0.366552 0.0139943 0.930308 205.915 0.0757454 0.997023 0.0148469 0.859028 -0.927332 0.0759063 -0.366515 -18.348
-0.368139 0.0142326 0.92968 208.121 0.0762436 0.996985 0.0149276 0.877672 -0.926659 0.076375 -0.368111 -19.21
-0.37226 0.0139614 0.928039 210.346 0.0769473 0.996916 0.015868 0.895903 -0.924957 0.0773146 -0.37218 -20.0902
-0.372759 0.013846 0.927844 212.581 0.078817 0.996755 0.0167895 0.921197 -0.924594 0.0793857 -0.372638 -20.9817
-0.375449 0.0142115 0.92675 214.817 0.0796699 0.996683 0.0169923 0.946777 -0.923436 0.0802113 -0.37533 -21.8777
-0.379982 0.0145706 0.924898 217.062 0.0796266 0.996687 0.0170114 0.962026 -0.92158 0.0801078 -0.379881 -22.7953
-0.381253 0.015167 0.924362 219.269 0.0791242 0.996738 0.0162802 0.988467 -0.921103 0.0793437 -0.381203 -23.6954
-0.384259 0.0154278 0.923115 221.479 0.0791578 0.996736 0.0162916 1.01298 -0.919845 0.0793294 -0.384223 -24.6073
-0.389402 0.0165939 0.920934 223.708 0.0783484 0.996818 0.015167 1.02645 -0.917755 0.0780573 -0.389456 -25.5369
-0.390792 0.0162707 0.920354 225.895 0.0766771 0.996952 0.0149324 1.05033 -0.917299 0.076403 -0.390846 -26.4362
-0.3937 0.016785 0.919102 228.123 0.0770039 0.996929 0.0147784 1.07235 -0.916034 0.0765902 -0.393777 -27.3825
-0.398011 0.016025 0.91726 230.362 0.0783135 0.996799 0.016566 1.0817 -0.914051 0.0784247 -0.397989 -28.3413
-0.399224 0.0142941 0.916756 232.558 0.0782764 0.996768 0.0185458 1.11083 -0.913529 0.079162 -0.399045 -29.2749
-0.404359 0.0136686 0.914518 234.798 0.0776156 0.996803 0.0194189 1.14586 -0.911321 0.0788306 -0.404124 -30.2434
-0.405744 0.0131089 0.913907 236.996 0.076469 0.996887 0.0196507 1.17558 -0.910804 0.0778565 -0.405476 -31.1896
-0.409108 0.012968 0.912413 239.211 0.0751588 0.996988 0.0195287 1.21226 -0.909406 0.0765626 -0.408848 -32.1699
-0.414995 0.0122772 0.909755 241.439 0.074491 0.997019 0.020525 1.2531 -0.906792 0.076284 -0.414665 -33.1667
-0.416607 0.0119348 0.909028 243.623 0.074081 0.997042 0.02086 1.28331 -0.906085 0.0760295 -0.416256 -34.1373
-0.420509 0.0114148 0.907231 245.833 0.0732063 0.997097 0.0213863 1.32209 -0.904353 0.0754059 -0.420116 -35.1419
-0.42651 0.0102089 0.904446 248.025 0.0725896 0.997106 0.0229754 1.35264 -0.901588 0.07545 -0.426013 -36.1571
-0.428922 0.0102965 0.903298 250.201 0.0721138 0.997143 0.0228763 1.39835 -0.900482 0.07495 -0.428431 -37.1628
-0.432494 0.0115304 0.901584 252.4 0.0727686 0.997112 0.0221544 1.43765 -0.898719 0.0751861 -0.43208 -38.1829
-0.437741 0.0110016 0.89905 254.565 0.0733516 0.997038 0.0235137 1.47647 -0.896128 0.0762371 -0.437243 -39.2186
-0.439971 0.0108422 0.897967 256.724 0.0728258 0.997073 0.0236422 1.51898 -0.895078 0.0757945 -0.439469 -40.2522
-0.446142 0.0110241 0.894911 258.896 0.0728471 0.997062 0.0240341 1.56119 -0.892017 0.0759116 -0.445627 -41.3146
-0.448693 0.0120398 0.893625 261.083 0.0733176 0.997044 0.0233788 1.60996 -0.890698 0.0760057 -0.448244 -42.3946
-0.45224 0.0122643 0.891828 263.248 0.0736587 0.997012 0.023641 1.65627 -0.888874 0.0763798 -0.451785 -43.4679
-0.457296 0.01261 0.889245 265.42 0.0746182 0.996926 0.0242343 1.68447 -0.886204 0.0774335 -0.456826 -44.5544
-0.459371 0.0141939 0.888148 267.609 0.0763226 0.996814 0.0235453 1.71888 -0.884984 0.0785992 -0.458983 -45.6513
-0.462276 0.0147959 0.886633 269.765 0.0773314 0.996732 0.0236848 1.77315 -0.883384 0.0795107 -0.461904 -46.7593
-0.467165 0.0156323 0.88405 271.951 0.0789773 0.996594 0.0241122 1.81337 -0.880661 0.0810816 -0.4668 -47.8869
-0.468251 0.0169484 0.883455 274.092 0.0798506 0.996545 0.0232033 1.85305 -0.880008 0.0814065 -0.467981 -49.0121
-0.472799 0.0169905 0.881025 276.271 0.0805772 0.996469 0.0240246 1.90356 -0.877505 0.0823465 -0.47249 -50.1631
-0.4742 0.0168323 0.880278 278.436 0.0808034 0.996438 0.0244732 1.96 -0.87673 0.0827318 -0.473865 -51.3006
-0.477484 0.01698 0.878495 280.612 0.0804974 0.996463 0.0244922 2.02112 -0.874973 0.0824083 -0.477155 -52.4682
-0.48297 0.0169706 0.875494 282.781 0.0807464 0.996424 0.025228 2.07134 -0.871934 0.0828746 -0.482608 -53.6489
-0.484843 0.0174899 0.874446 284.992 0.0811123 0.9964 0.0250441 2.12676 -0.87086 0.0830678 -0.484508 -54.8409
-0.487645 0.0172537 0.872895 287.178 0.0803579 0.996457 0.0251945 2.19334 -0.869366 0.082427 -0.487297 -56.0409
-0.492518 0.0168917 0.870158 289.381 0.0806085 0.996409 0.0262826 2.24255 -0.866589 0.0830838 -0.492103 -57.2588
-0.492987 0.0160916 0.869911 291.596 0.0813357 0.996313 0.0276623 2.2971 -0.866257 0.084389 -0.492471 -58.5007
-0.495021 0.0152946 0.868767 293.798 0.0815319 0.996262 0.0289176 2.35546 -0.865076 0.0851439 -0.49441 -59.7345
-0.498975 0.0144477 0.86652 295.995 0.0809111 0.996281 0.0299788 2.42212 -0.862862 0.0850668 -0.498281 -60.9765
-0.499923 0.0137837 0.865982 298.238 0.0802195 0.996323 0.0304516 2.49093 -0.862376 0.0846889 -0.499182 -62.2385
-0.503942 0.0132387 0.863661 300.468 0.0812894 0.996183 0.0321603 2.56948 -0.859936 0.0864104 -0.503087 -63.5268
-0.504775 0.0128139 0.863178 302.697 0.0810559 0.996187 0.032612 2.63874 -0.859467 0.0864241 -0.503881 -64.8275
-0.50614 0.0126692 0.862384 304.945 0.0805445 0.996227 0.032635 2.71667 -0.858715 0.0859749 -0.505244 -66.0951
-0.509922 0.0139637 0.860129 307.2 0.0801997 0.996295 0.0313715 2.8031 -0.856504 0.0849757 -0.509144 -67.4128
-0.511513 0.0143669 0.859181 309.463 0.079393 0.996384 0.0306038 2.88395 -0.855632 0.083864 -0.510798 -68.732
-0.515971 0.0115048 0.856552 311.74 0.0775957 0.996437 0.0333585 2.95821 -0.853116 0.0836732 -0.515016 -70.03
-0.522169 0.00984326 0.852812 314.054 0.07541 0.99656 0.034669 3.0477 -0.849535 0.0824104 -0.521109 -71.3808
-0.525306 0.00900949 0.850889 316.309 0.0750298 0.996551 0.0357686 3.13451 -0.847633 0.0826279 -0.524161 -72.7472
-0.529341 0.00925265 0.848386 318.6 0.0757437 0.996474 0.0363902 3.22277 -0.845055 0.0835194 -0.528169 -74.1296
-0.535671 0.00933426 0.8444 320.875 0.0768254 0.996342 0.0377225 3.30091 -0.84096 0.0850745 -0.534419 -75.5271
-0.537104 0.00988775 0.843486 323.158 0.0777884 0.996262 0.037853 3.39555 -0.839956 0.0859409 -0.535859 -76.9589
-0.542476 0.00936744 0.840044 325.441 0.0789604 0.996092 0.0398825 3.48697 -0.836387 0.0879618 -0.541085 -78.3861
-0.54363 0.0077945 0.839318 327.707 0.0786656 0.99604 0.0417009 3.58002 -0.835665 0.0886917 -0.542085 -79.8153
-0.547486 0.00654106 0.836816 329.97 0.0779097 0.996037 0.0431866 3.67385 -0.833216 0.0888363 -0.545816 -81.2584
-0.553351 0.00603967 0.832956 332.218 0.0771978 0.996053 0.0440608 3.7794 -0.829399 0.0886798 -0.551627 -82.7279
-0.553618 0.00581207 0.832777 334.473 0.077681 0.995988 0.04469 3.89718 -0.829175 0.0894284 -0.551839 -84.1927
-0.557687 0.00541631 0.830065 336.724 0.0789154 0.995807 0.0465212 3.99985 -0.826327 0.0914454 -0.55577 -85.669
-0.564296 0.00452804 0.825588 338.949 0.0784399 0.995767 0.0481527 4.11181 -0.821875 0.0919275 -0.562253 -87.1743
-0.564927 0.00245817 0.825169 341.212 0.0767682 0.995828 0.0495896 4.23112 -0.821598 0.0913573 -0.562753 -88.6565
-0.568506 0.00166357 0.822704 343.46 0.0764922 0.995784 0.0508438 4.35647 -0.819152 0.0918317 -0.566226 -90.1811
-0.572728 0.00104691 0.819777 345.705 0.077167 0.995641 0.0526396 4.48922 -0.816142 0.093404 -0.570307 -91.7181
-0.573423 -0.00129081 0.819286 347.96 0.075169 0.995709 0.0541796 4.60763 -0.81584 0.0926488 -0.570856 -93.2772
-0.578414 -0.00249033 0.815773 350.18 0.0717674 0.995977 0.0539252 4.74618 -0.812617 0.0897331 -0.575901 -94.8144
-0.579518 -0.00327669 0.814981 352.415 0.0688627 0.996231 0.052972 4.87386 -0.812083 0.0868162 -0.577098 -96.3648
-0.582814 -0.00510867 0.812623 354.655 0.0676827 0.996215 0.0548039 5.01411 -0.809819 0.0869371 -0.580256 -97.9165
-0.588416 -0.00653935 0.808561 356.844 0.0686323 0.995967 0.0580004 5.15651 -0.80568 0.0896179 -0.585583 -99.4778
-0.589917 -0.00759389 0.807465 359.057 0.0671486 0.996047 0.0584239 5.28925 -0.804705 0.0886812 -0.587068 -101.068
-0.592834 -0.00925911 0.805302 361.265 0.0650992 0.996124 0.0593762 5.42584 -0.80273 0.0876206 -0.589922 -102.653
-0.59741 -0.0123963 0.801876 363.472 0.0632985 0.99605 0.0625556 5.58194 -0.799472 0.088125 -0.594259 -104.243
-0.599445 -0.0147451 0.800311 365.673 0.061201 0.996073 0.0641915 5.7338 -0.798114 0.087455 -0.596177 -105.857
-0.602584 -0.0157455 0.797936 367.855 0.0597486 0.996127 0.0647765 5.888 -0.795853 0.0867049 -0.599303 -107.457
-0.606972 -0.0161411 0.794591 370.019 0.0591753 0.996114 0.0654367 6.05019 -0.79256 0.0867342 -0.603646 -109.058
-0.608025 -0.0171586 0.793769 372.198 0.0589166 0.996053 0.0666607 6.21258 -0.791767 0.0872935 -0.604606 -110.699
-0.613027 -0.0179091 0.789891 374.343 0.0587468 0.995956 0.0681729 6.37762 -0.787919 0.0881912 -0.609483 -112.315
-0.613772 -0.0197416 0.789272 376.526 0.0560182 0.996097 0.068476 6.52705 -0.787533 0.0862383 -0.610261 -113.967
-0.616799 -0.0233431 0.786807 378.681 0.0464757 0.99675 0.0660041 6.66878 -0.785792 0.0772745 -0.613696 -115.598
-0.622198 -0.0198362 0.782646 380.805 0.0391191 0.997661 0.0563838 6.85125 -0.781923 0.0656944 -0.619957 -117.221
-0.622251 -0.0123727 0.782753 382.916 0.0467392 0.997519 0.0529215 6.95083 -0.781467 0.0695116 -0.620114 -118.865
-0.624384 -0.0119247 0.781065 385.017 0.053824 0.996869 0.0582452 7.06182 -0.779303 0.0784034 -0.621777 -120.526
-0.628605 -0.020166 0.777496 387.146 0.0543384 0.996097 0.0697667 7.23194 -0.775871 0.0860994 -0.62504 -122.217
-0.630037 -0.0303822 0.776009 389.252 0.0493519 0.995668 0.0790495 7.41481 -0.775037 0.0880974 -0.625798 -123.872
-0.634865 -0.0367486 0.771783 391.374 0.0436122 0.995586 0.0832785 7.63011 -0.77144 0.0865254 -0.630444 -125.567
-0.637239 -0.0376304 0.769785 393.47 0.0414989 0.995702 0.0830259 7.83075 -0.769591 0.0848485 -0.632927 -127.241
-0.639829 -0.0334381 0.767825 395.557 0.0459976 0.995611 0.0816858 8.00763 -0.767191 0.0875786 -0.635464 -128.945
-0.643789 -0.0272076 0.764757 397.624 0.0503553 0.995715 0.0778129 8.18241 -0.763588 0.0886006 -0.639649 -130.665
-0.645281 -0.0246928 0.76358 399.682 0.050591 0.995917 0.0749576 8.36344 -0.762316 0.0869949 -0.641381 -132.371
-0.648181 -0.024958 0.761116 401.752 0.0505892 0.995863 0.0757368 8.55488 -0.759849 0.0875912 -0.644224 -134.1
-0.652709 -0.0255736 0.757212 403.823 0.0512519 0.995664 0.0778038 8.74592 -0.755922 0.0895875 -0.648552 -135.843
-0.654345 -0.0264362 0.755772 405.853 0.0518654 0.995485 0.0797239 8.93975 -0.754463 0.091361 -0.650005 -137.567
-0.656 -0.0267634 0.754322 407.896 0.0518488 0.995426 0.0804065 9.13426 -0.753029 0.0918529 -0.651595 -139.317
-0.660832 -0.0263595 0.750109 409.926 0.0527472 0.9953 0.0814426 9.34066 -0.748726 0.0933817 -0.656321 -141.048
-0.660551 -0.0265146 0.750348 411.944 0.0530021 0.995249 0.0818259 9.53306 -0.748958 0.0938157 -0.655992 -142.806
-0.663909 -0.0280117 0.747327 413.954 0.053321 0.995 0.0846618 9.72944 -0.745959 0.0960514 -0.65908 -144.555
-0.663169 -0.0300943 0.747902 415.982 0.0545266 0.994609 0.0883688 9.94412 -0.746532 0.0993792 -0.657936 -146.323
-0.665452 -0.0314621 0.745816 417.971 0.0556407 0.99426 0.0915855 10.1513 -0.744413 0.102439 -0.659867 -148.081
-0.669558 -0.0315623 0.742127 419.94 0.0543234 0.994355 0.0912993 10.3687 -0.740822 0.10144 -0.664048 -149.817
-0.669776 -0.0322275 0.741903 421.933 0.0501256 0.994836 0.0884647 10.5752 -0.740919 0.0964353 -0.664687 -151.579
-0.671751 -0.0340392 0.740033 423.915 0.0460982 0.995102 0.0876148 10.7971 -0.739393 0.0929648 -0.666875 -153.33
-0.674163 -0.0344768 0.737818 425.901 0.046013 0.995028 0.0885367 11.0056 -0.737199 0.0936327 -0.66921 -155.112
-0.674282 -0.0361804 0.737625 427.88 0.0444767 0.995012 0.089461 11.204 -0.737185 0.0931243 -0.669293 -156.889
-0.675232 -0.0363739 0.736749 429.867 0.0430472 0.995157 0.0885822 11.4258 -0.7364 0.0915239 -0.67038 -158.671
-0.677353 -0.0364771 0.734792 431.847 0.0430634 0.995106 0.0890954 11.647 -0.73445 0.0919868 -0.672451 -160.458
-0.677222 -0.0385909 0.734807 433.808 0.0432632 0.994826 0.0921169 11.8605 -0.734558 0.094169 -0.672033 -162.24
-0.678289 -0.0408825 0.733697 435.787 0.0440249 0.994413 0.0961083 12.0912 -0.73353 0.0974851 -0.672681 -164.049
-0.6769 -0.0430062 0.734858 437.764 0.0481763 0.993582 0.102522 12.3271 -0.734549 0.104795 -0.670468 -165.853
-0.675299 -0.0462845 0.73613 439.705 0.0499232 0.992888 0.108224 12.5476 -0.735907 0.109828 -0.668168 -167.624
-0.674626 -0.0484139 0.736611 441.677 0.0460586 0.993162 0.107456 12.818 -0.736774 0.106415 -0.667767 -169.391
-0.672721 -0.0504936 0.738212 443.682 0.0382665 0.993977 0.102858 13.0839 -0.738961 0.0974382 -0.666719 -171.18
-0.670917 -0.0537325 0.739624 445.668 0.0328713 0.994256 0.102046 13.3298 -0.740857 0.092772 -0.66528 -172.946
-0.669447 -0.0580746 0.740628 447.611 0.0286735 0.994195 0.103874 13.5506 -0.742362 0.0907691 -0.663878 -174.684
-0.665617 -0.0574934 0.744118 449.612 0.0312842 0.994023 0.104783 13.8132 -0.745692 0.0930197 -0.659823 -176.457
-0.662431 -0.057887 0.746925 451.6 0.0320243 0.993929 0.10543 14.0776 -0.748494 0.0937546 -0.656537 -178.223
-0.662189 -0.0586576 0.747079 453.579 0.0295539 0.994134 0.104248 14.3324 -0.748809 0.0911059 -0.656552 -179.949
-0.658361 -0.0628412 0.750117 455.59 0.0237284 0.9943 0.104122 14.5884 -0.752385 0.0863435 -0.653099 -181.687
-0.659259 -0.0690878 0.748777 457.583 0.0150817 0.994378 0.105024 14.8505 -0.75182 0.0805259 -0.654491 -183.39
-0.65679 -0.0733032 0.750545 459.619 0.0079121 0.994559 0.104058 15.1049 -0.754088 0.074277 -0.652619 -185.129
-0.656128 -0.0750165 0.750955 461.632 0.0055401 0.994564 0.104189 15.3642 -0.754686 0.0725165 -0.652126 -186.847
-0.657136 -0.0756385 0.750012 463.623 0.00741834 0.994276 0.106771 15.6145 -0.753794 0.0757213 -0.652794 -188.566
-0.654506 -0.0768762 0.752182 465.651 0.00918993 0.993957 0.10958 15.8743 -0.756058 0.0786279 -0.649825 -190.307
-0.653445 -0.0786803 0.75292 467.663 0.00839451 0.993791 0.111136 16.1554 -0.756986 0.0789359 -0.648709 -192.023
-0.655171 -0.0796273 0.751318 469.672 0.00595283 0.993879 0.110523 16.4301 -0.755514 0.0768784 -0.650668 -193.722
-0.651532 -0.0791917 0.754523 471.687 0.00503816 0.994085 0.108685 16.7034 -0.758663 0.0746074 -0.64726 -195.443
-0.64995 -0.0788749 0.755918 473.71 0.00524436 0.994133 0.108238 16.9685 -0.760015 0.0743078 -0.645705 -197.161
-0.651678 -0.0794025 0.754376 475.745 0.00731562 0.993823 0.110925 17.2431 -0.758521 0.0778001 -0.647053 -198.879
-0.648432 -0.0796257 0.757142 477.766 0.00986846 0.993574 0.11294 17.5217 -0.761265 0.0806996 -0.643462 -200.578
-0.648943 -0.081141 0.756548 479.806 0.00880325 0.993454 0.1141 17.7965 -0.760848 0.0806985 -0.643961 -202.294
-0.64648 -0.0817613 0.758583 481.833 0.00871722 0.993407 0.114498 18.0795 -0.762939 0.0806272 -0.641487 -203.998
-0.645542 -0.0829054 0.75926 483.87 0.00878868 0.993243 0.115926 18.3659 -0.763734 0.0815022 -0.640432 -205.694
-0.646132 -0.08425 0.758607 485.889 0.00814842 0.993093 0.11723 18.6507 -0.76324 0.0819212 -0.640965 -207.39
-0.644271 -0.0837734 0.760245 487.936 0.00769657 0.993246 0.11597 18.9588 -0.764819 0.0805616 -0.639256 -209.08
-0.643398 -0.0837945 0.760978 489.981 0.00699598 0.993328 0.115292 19.2408 -0.765558 0.0794963 -0.638501 -210.782
-0.644068 -0.0839335 0.760399 492.02 0.00775574 0.993218 0.116201 19.5251 -0.764989 0.0807327 -0.63903 -212.474
-0.642313 -0.0848992 0.761772 494.057 0.00801911 0.993069 0.117436 19.8189 -0.766458 0.0815335 -0.637162 -214.176
-0.642262 -0.0863284 0.761656 496.097 0.00691127 0.992968 0.118373 20.1112 -0.766514 0.0812845 -0.63713 -215.864
-0.644463 -0.08738 0.759672 498.105 0.00777464 0.992671 0.120773 20.4576 -0.764654 0.0837338 -0.639042 -217.506
-0.644183 -0.0881714 0.759821 500.147 0.00534349 0.992814 0.119738 20.6714 -0.764913 0.0811872 -0.639064 -219.243
-0.646276 -0.0879767 0.758062 502.185 0.00585128 0.992755 0.1202 20.9627 -0.76314 0.0821116 -0.64106 -220.938
-0.644836 -0.0890205 0.759168 504.231 0.00590943 0.992607 0.121412 21.26 -0.764359 0.0827711 -0.639524 -222.637
-0.645591 -0.0916389 0.758212 506.27 0.00463246 0.99231 0.123874 21.5568 -0.763728 0.0834781 -0.640183 -224.334
-0.647395 -0.0926078 0.756557 508.308 0.00445156 0.992137 0.125253 21.8609 -0.762203 0.0844497 -0.641873 -226.037
-0.646613 -0.0936159 0.757099 510.353 0.00371317 0.992067 0.125838 22.159 -0.762868 0.0841737 -0.641117 -227.737
-0.646911 -0.0938698 0.756815 512.389 0.00360486 0.992031 0.126125 22.4733 -0.762618 0.0843133 -0.641398 -229.447
-0.648006 -0.0939908 0.75586 514.408 0.00431828 0.991911 0.127043 22.7793 -0.761682 0.0855821 -0.64234 -231.146
-0.647145 -0.0945508 0.756531 516.426 0.00452059 0.99181 0.127822 23.103 -0.762415 0.0861327 -0.641398 -232.852
-0.647993 -0.094547 0.755803 518.443 0.00440903 0.991807 0.127847 23.4018 -0.761694 0.08617 -0.642248 -234.547
-0.647411 -0.0954857 0.756185 520.488 0.00363439 0.991746 0.128341 23.7292 -0.762194 0.0858314 -0.641701 -236.279
-0.647176 -0.0976746 0.756106 522.527 0.00270831 0.991481 0.130396 24.0463 -0.762397 0.0864301 -0.641379 -237.976
-0.64822 -0.0984428 0.755113 524.528 0.00275677 0.991322 0.131601 24.3621 -0.761512 0.0873816 -0.642303 -239.657
-0.646673 -0.100362 0.756186 526.565 0.00227431 0.991073 0.133478 24.7024 -0.762827 0.0880296 -0.640652 -241.376
-0.646506 -0.101061 0.756236 528.579 0.0022297 0.990957 0.134332 25.021 -0.762969 0.0885261 -0.640414 -243.061
-0.648134 -0.100056 0.754977 530.575 0.00302847 0.99101 0.133934 25.3494 -0.761586 0.0890865 -0.641984 -244.727
-0.646503 -0.100848 0.756267 532.6 0.00322047 0.990881 0.134884 25.6836 -0.762968 0.0896315 -0.640262 -246.434
-0.646228 -0.102661 0.75626 534.618 0.002677 0.990625 0.136761 26.0297 -0.763204 0.0903956 -0.639875 -248.114
-0.648162 -0.103017 0.754554 536.608 0.00156045 0.990651 0.136589 26.3548 -0.761566 0.0897022 -0.641921 -249.777
-0.647893 -0.103984 0.754653 538.656 0.00137503 0.990503 0.13766 26.6955 -0.761795 0.0902192 -0.641577 -251.494
-0.64827 -0.104793 0.754217 540.668 0.00185647 0.990289 0.139187 27.0411 -0.761474 0.0916235 -0.641758 -253.191
-0.649679 -0.105475 0.752909 542.658 0.00246902 0.990056 0.140824 27.3857 -0.760271 0.0933419 -0.642938 -254.873
-0.64899 -0.106643 0.75334 544.695 0.00223127 0.989882 0.142048 27.7329 -0.76086 0.0938608 -0.642165 -256.597
-0.65097 -0.105309 0.751817 546.697 0.00252847 0.99005 0.140866 28.0809 -0.759166 0.0935923 -0.644206 -258.281
-0.649994 -0.103902 0.752858 548.719 0.0023677 0.990355 0.138721 28.4265 -0.760003 0.0919424 -0.643457 -259.978
-0.649853 -0.103994 0.752965 550.723 0.00280937 0.990286 0.139194 28.7682 -0.760121 0.092563 -0.643228 -261.662
-0.651293 -0.105522 0.751509 552.701 0.00388971 0.989834 0.142355 29.1136 -0.758884 0.0956298 -0.644241 -263.359
-0.650984 -0.107498 0.751496 554.719 0.00359996 0.9895 0.14466 29.476 -0.75915 0.0968687 -0.643741 -265.051
-0.650969 -0.107217 0.75155 556.75 0.0045188 0.989438 0.145066 29.8352 -0.759158 0.0978214 -0.643588 -266.769
-0.652462 -0.10628 0.750386 558.751 0.00517241 0.989496 0.144641 30.199 -0.757871 0.0982459 -0.645038 -268.462
-0.65077 -0.105925 0.751906 560.769 0.00639482 0.989448 0.144921 30.5711 -0.759316 0.0991104 -0.643204 -270.19
-0.652479 -0.106117 0.750396 562.763 0.0070854 0.989277 0.146056 30.9395 -0.757842 0.100608 -0.644709 -271.885
-0.651086 -0.107276 0.75144 564.789 0.00777805 0.988993 0.147927 31.307 -0.759032 0.10215 -0.643064 -273.617
-0.650837 -0.108886 0.751425 566.809 0.00727085 0.98875 0.149571 31.6711 -0.759252 0.102802 -0.642702 -275.319
-0.65227 -0.109372 0.750111 568.816 0.00674492 0.988685 0.15002 32.0561 -0.758026 0.102905 -0.64413 -277.027
-0.650655 -0.11027 0.751381 570.828 0.0076731 0.988423 0.1517 32.4318 -0.759404 0.104461 -0.642254 -278.748
-0.650044 -0.110918 0.751816 572.845 0.0084554 0.988201 0.153101 32.8116 -0.75992 0.105871 -0.641414 -280.451
-0.651918 -0.112845 0.749902 574.822 0.00606649 0.988086 0.153959 33.1918 -0.758335 0.104909 -0.643444 -282.103
-0.65058 -0.114626 0.750796 576.843 0.00515074 0.987883 0.155284 33.5797 -0.759492 0.104883 -0.642084 -283.813
-0.652746 -0.116265 0.748659 578.856 0.00325829 0.987742 0.156233 33.965 -0.75764 0.104411 -0.644344 -285.521
-0.651099 -0.115112 0.750271 580.855 0.00491575 0.987799 0.155818 34.362 -0.759049 0.105132 -0.642567 -287.218
-0.650702 -0.115595 0.750542 582.882 0.00520849 0.987671 0.156629 34.7544 -0.759386 0.105819 -0.642055 -288.927
-0.652162 -0.117223 0.749021 584.856 0.00555689 0.987234 0.159339 35.1467 -0.758132 0.108068 -0.643163 -290.597
-0.650463 -0.118213 0.750341 586.895 0.00665052 0.986919 0.161248 35.5405 -0.759581 0.109867 -0.641145 -292.328
-0.651575 -0.119191 0.749222 588.839 0.00579354 0.986797 0.162022 35.9419 -0.758635 0.109901 -0.64226 -293.984
-0.650722 -0.119851 0.749857 590.885 0.00527879 0.986755 0.162293 36.3415 -0.759369 0.109557 -0.641449 -295.687
-0.650368 -0.120188 0.750111 592.886 0.00533579 0.986685 0.162717 36.7449 -0.759674 0.109819 -0.641045 -297.37
-0.650296 -0.12134 0.749987 594.898 0.00525887 0.986448 0.164155 37.1499 -0.759735 0.110684 -0.640823 -299.084
-0.651175 -0.121815 0.749149 596.861 0.00566502 0.986256 0.165291 37.558 -0.75898 0.111867 -0.641513 -300.74
-0.649581 -0.123723 0.750217 598.908 0.00449651 0.986057 0.166509 37.9951 -0.76035 0.111524 -0.639946 -302.459
-0.650267 -0.124845 0.749439 600.895 0.00348478 0.985934 0.167262 38.414 -0.759772 0.111367 -0.640663 -304.134
-0.64896 -0.124994 0.750545 602.907 0.00262962 0.986067 0.166489 38.8411 -0.760891 0.110009 -0.639568 -305.827
-0.648735 -0.125771 0.750612 604.897 0.00343232 0.985785 0.168141 39.2565 -0.761082 0.111645 -0.639059 -307.5
-0.650157 -0.12552 0.749421 606.887 0.0051277 0.985541 0.169515 39.6816 -0.759855 0.114044 -0.640092 -309.172
-0.649445 -0.12752 0.749704 608.934 0.00430976 0.985236 0.171314 40.1219 -0.760473 0.114479 -0.639284 -310.887
-0.649192 -0.128112 0.749819 610.93 0.00275961 0.98534 0.17074 40.5408 -0.760693 0.112902 -0.6393 -312.559
-0.650269 -0.12796 0.748915 612.897 0.00292275 0.985315 0.170887 40.9636 -0.759775 0.1133 -0.640323 -314.213
-0.649491 -0.1279 0.749598 614.941 0.00257096 0.985406 0.170361 41.3818 -0.76044 0.112564 -0.639662 -315.921
-0.650015 -0.128227 0.749091 616.878 0.00363554 0.985156 0.17179 41.8112 -0.759991 0.114377 -0.639877 -317.582
-0.650494 -0.129834 0.748396 618.949 0.00387516 0.984731 0.1742 42.2579 -0.759577 0.116205 -0.640036 -319.327
-0.650546 -0.131616 0.748042 620.952 0.00397955 0.984295 0.176643 42.6989 -0.759536 0.117879 -0.639783 -321.022
-0.651533 -0.132984 0.746937 622.929 0.0035367 0.984003 0.178274 43.1513 -0.758688 0.118782 -0.640619 -322.716
-0.650588 -0.133423 0.747686 624.969 0.00429072 0.983815 0.179291 43.6034 -0.759498 0.11984 -0.639463 -324.427
-0.650232 -0.133813 0.747923 626.97 0.00418778 0.983751 0.179645 44.0535 -0.759801 0.119931 -0.639084 -326.116
-0.650312 -0.134575 0.74772 628.944 0.0032976 0.983706 0.179915 44.5005 -0.759741 0.119453 -0.639248 -327.789
-0.65004 -0.136115 0.747675 630.98 0.00338773 0.983329 0.181959 44.9614 -0.75997 0.120802 -0.638719 -329.501
-0.650119 -0.136518 0.747536 633.016 0.00362044 0.983191 0.182701 45.4188 -0.759904 0.121471 -0.638674 -331.195
-0.650355 -0.136807 0.747276 634.984 0.00424751 0.98301 0.183657 45.8693 -0.759698 0.122605 -0.638701 -332.856
-0.649056 -0.136804 0.748408 637.004 0.00461716 0.983003 0.183689 46.3303 -0.760809 0.122667 -0.637369 -334.575
-0.648846 -0.137205 0.748514 638.97 0.00458286 0.982918 0.184142 46.784 -0.760985 0.122898 -0.63711 -336.214
-0.648877 -0.1382 0.748307 641.017 0.00528119 0.982557 0.186041 47.2351 -0.760958 0.124655 -0.636806 -337.919
-0.648587 -0.138759 0.748452 643.018 0.00583364 0.982339 0.187172 47.6949 -0.761199 0.125751 -0.636299 -339.596
-0.648303 -0.138685 0.748716 644.976 0.00593049 0.982353 0.187096 48.1499 -0.761443 0.125721 -0.636016 -341.24
-0.646701 -0.137075 0.750394 646.992 0.00682145 0.982673 0.185381 48.6142 -0.762794 0.124992 -0.634537 -342.929
-0.645871 -0.138252 0.750895 649.005 0.00720202 0.982352 0.18706 49.0762 -0.763496 0.12621 -0.633453 -344.594
-0.64543 -0.138902 0.751153 650.97 0.00791714 0.982089 0.188407 49.5444 -0.763861 0.127537 -0.632746 -346.228
-0.644258 -0.139658 0.75202 653.011 0.00806252 0.981924 0.18926 50.016 -0.764849 0.127981 -0.631463 -347.905
-0.644982 -0.140762 0.751192 654.933 0.00793121 0.981637 0.190751 50.477 -0.76424 0.128976 -0.631997 -349.53
-0.643201 -0.141883 0.752507 656.984 0.00755743 0.981491 0.191515 50.9687 -0.765745 0.128855 -0.630199 -351.217
-0.643647 -0.14203 0.7521 658.943 0.00834022 0.981302 0.192449 51.4187 -0.765363 0.130127 -0.630402 -352.837
