0.999999 0.000718074 0.00118014 -0.00382252 -0.000713216 0.999992 -0.00405895 0.000923941 -0.00118315 0.00405797 0.99999 0.960733
0.999998 -0.00129517 0.00147302 -0.0096257 0.00130215 0.999988 -0.00472424 -0.0227447 -0.00146689 0.0047262 0.999988 1.93499
0.999995 -0.00182555 0.00259494 -0.0112352 0.00182776 0.999998 -0.000824131 -0.030514 -0.00259351 0.000828741 0.999995 2.90806
0.999989 -0.00476798 0.000717665 -0.00984442 0.00476561 0.999983 0.00330533 -0.0392007 -0.000733428 -0.00330186 0.999995 3.88138
0.999985 -0.00547752 -0.000486765 -0.0130584 0.00547968 0.999976 0.00431497 -0.0524611 0.000462946 -0.00431773 0.99999 4.8354
0.999969 -0.00788224 -0.000483243 -0.0178948 0.00788338 0.999967 0.00232472 -0.0642138 0.000464827 -0.00232845 0.999998 5.7886
0.999972 -0.00735742 -0.00151292 -0.0260249 0.00735756 0.999973 2.66744e-05 -0.0746724 0.00151253 -3.79309e-05 0.999999 6.72495
0.999976 -0.00661754 -0.00204465 -0.0415057 0.00661452 0.999977 -0.00148618 -0.0831375 0.0020544 0.00147263 0.999998 7.67057
0.999979 -0.00602595 -0.00246608 -0.0497797 0.00602479 0.999982 -0.000514903 -0.0927008 0.00246896 0.000499904 0.999997 8.61003
0.999966 -0.00695314 -0.00466923 -0.0551774 0.00696186 0.999974 0.00185602 -0.108668 0.00465626 -0.00188844 0.999988 9.53894
0.999962 -0.00706982 -0.00518646 -0.0675352 0.00708754 0.999969 0.00339132 -0.128045 0.00516216 -0.00342806 0.999982 10.4585
0.999961 -0.00775617 -0.00443132 -0.0868319 0.00777894 0.999957 0.00515893 -0.141063 0.0043912 -0.00519321 0.999978 11.3954
0.999949 -0.00804739 -0.00632048 -0.0857817 0.00808199 0.999953 0.0054475 -0.145466 0.00627627 -0.00549846 0.999966 12.3039
0.999943 -0.00808586 -0.00715728 -0.107664 0.00811491 0.999959 0.00405412 -0.148043 0.00712434 -0.00411196 0.999968 13.2236
0.999937 -0.00764319 -0.00842138 -0.126977 0.00765394 0.99997 0.00123134 -0.168658 0.00841162 -0.00129586 0.999965 14.1527
0.999899 -0.00874166 -0.0113537 -0.144193 0.00873391 0.999962 -0.000721716 -0.178343 0.0113598 0.000622429 0.999937 15.0659
0.999873 -0.00831294 -0.0137097 -0.160778 0.0082925 0.999965 -0.00156366 -0.161961 0.0137222 0.00144961 0.999906 15.9895
0.999904 -0.0055395 -0.012866 -0.178862 0.00549384 0.999979 -0.00357444 -0.18973 0.0128858 0.00350341 0.999912 16.8687
0.999867 -0.00396022 -0.0159316 -0.203811 0.00389653 0.999985 -0.00403927 -0.200229 0.0159473 0.00397656 0.999867 17.7765
0.999833 -0.00460482 -0.017777 -0.224785 0.00454458 0.999984 -0.00342125 -0.214963 0.0177928 0.00333992 0.999837 18.6662
0.999816 -0.00473065 -0.0186596 -0.248416 0.00467911 0.999986 -0.00281556 -0.234669 0.0186726 0.00272762 0.999824 19.5548
0.999769 -0.00467071 -0.0210713 -0.274764 0.00462395 0.999987 -0.00226154 -0.24569 0.0210819 0.0021636 0.999777 20.4559
0.999717 -0.00530376 -0.0232767 -0.290189 0.0052431 0.999983 -0.00267756 -0.270991 0.0232905 0.00255469 0.999727 21.3316
0.999671 -0.00546265 -0.0251221 -0.323184 0.00539307 0.999982 -0.00282904 -0.288678 0.0251374 0.00269256 0.999682 22.2171
0.999586 -0.0055037 -0.02831 -0.344265 0.00542792 0.999982 -0.0027623 -0.307097 0.0283247 0.00260747 0.999597 23.0979
0.999536 -0.00535959 -0.030069 -0.375256 0.00532606 0.999986 -0.00118649 -0.313451 0.0300752 0.00102563 0.999549 23.9688
0.99944 -0.00643892 -0.0328851 -0.407147 0.00651043 0.999977 0.00205948 -0.324018 0.0328711 -0.00227246 0.999459 24.8406
0.999367 -0.00700263 -0.0349728 -0.436956 0.00713727 0.999968 0.00373426 -0.335858 0.0349457 -0.00398165 0.999384 25.6979
0.999362 -0.00612484 -0.0352381 -0.469423 0.00623252 0.999977 0.0029408 -0.354338 0.0352192 -0.0031586 0.999377 26.5301
0.999311 -0.00493287 -0.0368784 -0.495062 0.00498141 0.999987 0.00123378 -0.356604 0.036872 -0.00141686 0.999321 27.3557
0.999254 -0.00389476 -0.0384865 -0.534984 0.00387649 0.999993 -0.00055364 -0.365864 0.0384884 0.000403937 0.999261 28.1701
0.999222 -0.00379985 -0.0393368 -0.569528 0.00380296 0.999993 1.35012e-05 -0.368256 0.0393367 -0.000163331 0.999228 28.9748
0.999083 -0.00343665 -0.0427385 -0.606045 0.00342861 0.999995 -0.000265342 -0.388149 0.0427392 0.000118455 0.999088 29.7937
0.99897 -0.00259201 -0.0453791 -0.642439 0.00255991 0.999997 -0.000756484 -0.404232 0.045381 0.000639254 0.998972 30.5902
0.998888 -0.00224394 -0.0471453 -0.679252 0.00218289 0.999997 -0.00135059 -0.409465 0.0471481 0.00124609 0.998889 31.3696
0.998766 -0.00208863 -0.0496977 -0.715307 0.00209639 0.999998 0.000112183 -0.420397 0.0496975 -0.000216494 0.998767 32.1493
0.998625 -0.00298504 -0.0523906 -0.756683 0.00309865 0.999994 0.00208318 -0.427594 0.0523838 -0.0022427 0.998627 32.911
0.99852 -0.00321039 -0.0543641 -0.801374 0.00342983 0.999987 0.00395149 -0.432411 0.0543508 -0.00413232 0.998516 33.6632
0.998375 -0.00204399 -0.0569978 -0.845125 0.00229622 0.999989 0.00435557 -0.437867 0.056988 -0.0044794 0.998367 34.3953
0.99831 -0.000835129 -0.0581865 -0.897937 0.00106771 0.999992 0.00397395 -0.439303 0.0581828 -0.00402958 0.998301 35.111
0.998124 0.000962548 -0.0612632 -0.95782 -0.000772093 0.999996 0.00312768 -0.442001 0.0612657 -0.00307456 0.998119 35.822
0.998032 0.0018415 -0.0627502 -1.01674 -0.00156266 0.999989 0.00449971 -0.447853 0.0627578 -0.004393 0.998022 36.5316
0.997989 0.00244849 -0.0633799 -1.06552 -0.00207824 0.999981 0.005902 -0.457079 0.0633929 -0.00575842 0.997974 37.2187
0.997925 0.00391515 -0.0643549 -1.1116 -0.00351444 0.999974 0.00634554 -0.460513 0.0643782 -0.0061064 0.99791 37.9004
0.997956 0.00663373 -0.0635921 -1.16825 -0.00631071 0.999967 0.00527322 -0.46567 0.0636247 -0.00486112 0.997964 38.5756
0.998025 0.00864033 -0.0623117 -1.21252 -0.00849718 0.999961 0.00256889 -0.46272 0.0623315 -0.00203462 0.998056 39.2404
0.998091 0.00817934 -0.0612563 -1.25738 -0.0081162 0.999967 0.00127397 -0.465799 0.0612645 -0.000774346 0.998124 39.8898
0.998245 0.00884072 -0.0586481 -1.29358 -0.00874312 0.99996 0.00192789 -0.466523 0.0586628 -0.00141201 0.99828 40.5397
0.998376 0.0126599 -0.0555987 -1.33676 -0.0124619 0.999916 0.00389973 -0.481621 0.0556431 -0.00320055 0.998448 41.1862
0.998473 0.0175634 -0.0524869 -1.38323 -0.0172143 0.999828 0.00710278 -0.492013 0.0526027 -0.0061887 0.9986 41.8195
0.998555 0.022496 -0.0488697 -1.43021 -0.0221629 0.999729 0.00733697 -0.494279 0.0490213 -0.00624334 0.998781 42.4341
0.998718 0.0257104 -0.0437687 -1.46311 -0.0254044 0.99965 0.00754163 -0.490273 0.0439474 -0.00642033 0.999017 43.0294
0.998835 0.0290968 -0.0385885 -1.49574 -0.0287418 0.999542 0.00971017 -0.49329 0.038853 -0.00858986 0.999211 43.6047
0.99894 0.0325351 -0.0327835 -1.51791 -0.0322367 0.999435 0.00960222 -0.484317 0.0330775 -0.00853544 0.999421 44.1547
0.999077 0.035083 -0.0249237 -1.53676 -0.0348541 0.999349 0.00954028 -0.482063 0.0252418 -0.00866292 0.999647 44.6932
0.999078 0.0392036 -0.017944 -1.55849 -0.0390308 0.99919 0.00990626 -0.502168 0.018318 -0.00919693 0.999795 45.2137
0.999049 0.0424757 -0.010275 -1.56922 -0.0423862 0.999065 0.0087317 -0.506469 0.010636 -0.00828795 0.999912 45.708
0.998949 0.0459868 -0.001828 -1.57337 -0.0459727 0.998917 0.00729769 -0.504269 0.00216179 -0.00720613 0.999977 46.1731
0.998875 0.0471969 0.00547317 -1.57813 -0.0472255 0.998872 0.00533456 -0.507985 -0.00521537 -0.00558705 0.999974 46.6246
0.998752 0.0480706 0.0141626 -1.56035 -0.0481481 0.998828 0.00514787 -0.503947 -0.0138983 -0.00582351 0.999891 47.0511
0.998641 0.0476266 0.0213627 -1.55062 -0.0477399 0.99885 0.00484926 -0.526065 -0.0211073 -0.00586257 0.999763 47.4641
0.998386 0.0489757 0.0290562 -1.54311 -0.049151 0.998779 0.00533522 -0.529229 -0.0287593 -0.0067549 0.999569 47.8447
0.997955 0.0512581 0.0382994 -1.53707 -0.0515005 0.99866 0.00538284 -0.537716 -0.0379722 -0.00734435 0.999255 48.2119
0.99737 0.0557758 0.0464941 -1.53308 -0.0560632 0.998417 0.00488864 -0.535872 -0.0461477 -0.00748256 0.998913 48.5479
0.996719 0.0589027 0.0556005 -1.51938 -0.059263 0.998232 0.00486298 -0.540108 -0.0552157 -0.00814215 0.998445 48.8654
0.996212 0.0581037 0.0648432 -1.49306 -0.0585614 0.998272 0.00517122 -0.548142 -0.0644305 -0.00894909 0.997888 49.1569
0.995575 0.0570477 0.0747377 -1.47224 -0.0575184 0.998337 0.00416692 -0.5543 -0.0743755 -0.00844738 0.997198 49.4348
0.994664 0.0562449 0.086597 -1.43829 -0.0565367 0.998402 0.000912573 -0.54942 -0.086407 -0.00580379 0.996249 49.7108
0.993383 0.0569278 0.0997949 -1.40321 -0.0569348 0.998376 -0.00277407 -0.554186 -0.0997905 -0.00292619 0.995008 49.9778
0.99167 0.0578793 0.115148 -1.37434 -0.0577965 0.998321 -0.00406462 -0.552991 -0.11519 -0.00262459 0.993346 50.2478
0.989551 0.0589075 0.131639 -1.33784 -0.0587636 0.998261 -0.00497653 -0.553406 -0.131703 -0.00281118 0.991289 50.514
0.987158 0.058809 0.14859 -1.29313 -0.0586176 0.998266 -0.00567432 -0.5543 -0.148666 -0.00310876 0.988889 50.7631
0.984264 0.0583453 0.166826 -1.234 -0.0580671 0.998293 -0.00654546 -0.563115 -0.166923 -0.00324482 0.985969 51.0247
0.980799 0.0574718 0.186411 -1.16513 -0.0570606 0.998343 -0.00757758 -0.567231 -0.186538 -0.00320488 0.982449 51.2819
0.976778 0.0575416 0.206409 -1.10018 -0.0570335 0.998339 -0.0084129 -0.574564 -0.20655 -0.00355493 0.978434 51.5212
0.971975 0.0593589 0.22751 -1.03866 -0.0586821 0.998231 -0.00974592 -0.576312 -0.227686 -0.0038782 0.973734 51.7767
0.966186 0.0602194 0.250739 -0.953686 -0.0591743 0.998181 -0.0117096 -0.580743 -0.250987 -0.00352387 0.967989 52.022
0.959624 0.0613794 0.274545 -0.885545 -0.0602016 0.998107 -0.0127242 -0.598644 -0.274806 -0.00431778 0.961497 52.2721
0.951954 0.0625405 0.299806 -0.793205 -0.0612135 0.998031 -0.0138238 -0.601306 -0.300078 -0.00519274 0.953906 52.5319
0.942781 0.0642622 0.327192 -0.702996 -0.0628989 0.997913 -0.0147595 -0.609353 -0.327457 -0.00666518 0.94485 52.7926
0.932565 0.0643995 0.355229 -0.600555 -0.0628401 0.997899 -0.0159369 -0.612035 -0.355506 -0.00746072 0.934649 53.0448
0.920681 0.0628491 0.38525 -0.467644 -0.0609928 0.997994 -0.0170516 -0.618993 -0.385548 -0.00779843 0.922662 53.2942
0.906455 0.0604081 0.417973 -0.327441 -0.0575273 0.998156 -0.0194997 -0.625268 -0.418378 -0.00636953 0.908256 53.534
0.890107 0.0592766 0.451903 -0.185035 -0.054914 0.998233 -0.0227779 -0.639682 -0.452454 -0.00454117 0.891784 53.7733
0.871725 0.060084 0.48631 -0.022497 -0.05401 0.998191 -0.0265118 -0.647823 -0.48702 -0.00315498 0.873391 54.0382
0.850806 0.0617597 0.521858 0.146263 -0.0540508 0.99809 -0.0300004 -0.650663 -0.522713 -0.00268238 0.852513 54.2711
0.827404 0.0633766 0.558031 0.33467 -0.0541428 0.997989 -0.0330639 -0.655701 -0.559 -0.00285649 0.82917 54.5268
0.80131 0.0659064 0.594625 0.537351 -0.0560513 0.997814 -0.0350623 -0.666854 -0.595635 -0.00523375 0.803248 54.7851
0.772682 0.0692747 0.631013 0.756261 -0.0585732 0.997571 -0.0377925 -0.683749 -0.632093 -0.00775916 0.774861 55.0434
0.741118 0.0694126 0.667792 1.00353 -0.0575629 0.99755 -0.0398067 -0.697695 -0.668917 -0.00893846 0.743294 55.2887
0.70588 0.0673334 0.705134 1.28541 -0.054404 0.997688 -0.0408074 -0.72298 -0.706246 -0.00955734 0.70791 55.5481
0.668431 0.0655079 0.740898 1.58593 -0.0519309 0.997796 -0.0413717 -0.7474 -0.741973 -0.0108213 0.670355 55.7897
0.627333 0.0642275 0.776109 1.90994 -0.0495703 0.997868 -0.0425112 -0.754294 -0.777179 -0.0118037 0.629178 56.0355
0.58281 0.0634016 0.810144 2.25457 -0.0465363 0.997922 -0.0446203 -0.769265 -0.811287 -0.0116958 0.584547 56.2564
0.536565 0.0624121 0.841558 2.63176 -0.0437615 0.99798 -0.046111 -0.79542 -0.84273 -0.0120868 0.538212 56.4828
0.488706 0.0596028 0.870422 3.0374 -0.0419496 0.998118 -0.0447947 -0.825954 -0.871452 -0.0146222 0.490284 56.7014
0.440515 0.0576018 0.895905 3.44739 -0.0414401 0.998183 -0.0438017 -0.844448 -0.896794 -0.0178316 0.442101 56.8948
0.391438 0.0571767 0.918438 3.88908 -0.0420492 0.998139 -0.0442178 -0.880745 -0.919254 -0.0213108 0.393113 57.0721
0.342671 0.0567577 0.937749 4.34563 -0.0391038 0.998172 -0.0461257 -0.893738 -0.938647 -0.0208641 0.344264 57.2221
0.296231 0.0524993 0.953684 4.81608 -0.0311706 0.998491 -0.0452843 -0.916705 -0.954619 -0.0163121 0.297419 57.3418
0.252438 0.0480962 0.966426 5.3203 -0.0214425 0.998799 -0.0441064 -0.912113 -0.967381 -0.00958894 0.253166 57.4383
0.210648 0.0457248 0.976504 5.82439 -0.0143563 0.998946 -0.0436793 -0.935976 -0.977468 -0.00481797 0.211082 57.5226
0.172429 0.0479386 0.983864 6.34254 -0.0108529 0.998849 -0.0467667 -0.940666 -0.984968 -0.00261434 0.172751 57.5972
0.139636 0.0477253 0.989065 6.87105 -0.00373935 0.99886 -0.0476706 -0.978241 -0.990207 0.00295802 0.139656 57.6569
0.110508 0.046527 0.992795 7.41708 0.00307015 0.998885 -0.0471542 -1.00324 -0.993877 0.00825843 0.110243 57.7046
0.0858799 0.04429 0.995334 7.98437 0.00840923 0.998947 -0.0451768 -1.02236 -0.996281 0.0122497 0.0854177 57.7374
0.0659474 0.0436576 0.996877 8.55721 0.0122049 0.998935 -0.0445553 -1.05191 -0.997755 0.0151045 0.0653447 57.766
0.0498948 0.0448869 0.997759 9.12958 0.0139699 0.998864 -0.0456358 -1.07177 -0.998668 0.0162154 0.0492119 57.7884
0.0366417 0.0448512 0.998331 9.71179 0.0148114 0.998861 -0.0454188 -1.09356 -0.999226 0.0164504 0.0359363 57.8007
0.0253199 0.0463249 0.99862 10.311 0.0148431 0.998802 -0.0467102 -1.11831 -0.999581 0.0160051 0.0246029 57.8128
0.0163408 0.047965 0.998725 10.9103 0.0194189 0.998648 -0.0482791 -1.15066 -0.999685 0.0201825 0.015388 57.813
0.00926863 0.0486425 0.998787 11.5062 0.0234891 0.998534 -0.0488485 -1.17749 -0.999693 0.0239131 0.00811351 57.8086
0.00517729 0.0491606 0.998787 12.1496 0.0238232 0.998504 -0.0492703 -1.20337 -0.99971 0.0240489 0.0039991 57.8147
0.000929009 0.0470495 0.998907 12.7818 0.0218099 0.998658 -0.0470585 -1.22956 -0.999774 0.0218296 -9.7287e-05 57.8223
-0.000832631 0.0410561 0.999166 13.4448 0.0202818 0.998954 -0.0410307 -1.25863 -0.999801 0.0202302 -0.00166367 57.8277
-0.00211576 0.0360356 0.999363 14.1138 0.0210177 0.999136 -0.0359833 -1.28585 -0.999789 0.020928 -0.00287021 57.8225
-0.00241828 0.0349007 0.999398 14.8024 0.0233903 0.999122 -0.0348347 -1.30767 -0.999731 0.0232914 -0.00323171 57.818
-0.00268845 0.0362728 0.999353 15.4715 0.0258895 0.999014 -0.0361913 -1.34412 -0.999674 0.0257752 -0.00362377 57.8129
-0.000825571 0.0433317 0.99907 16.1711 0.0262405 0.99872 -0.0432949 -1.36726 -0.999662 0.0261799 -0.00196071 57.8096
0.00125387 0.0503412 0.998746 16.8662 0.0259901 0.998397 -0.0503567 -1.40453 -0.999674 0.0260204 -5.54336e-05 57.8074
0.00295043 0.0513902 0.998685 17.5641 0.0265902 0.998324 -0.0514504 -1.42694 -0.99965 0.0267065 0.00157981 57.8152
0.00582026 0.0479043 0.99885 18.3006 0.0258347 0.998515 -0.0480393 -1.46825 -0.999662 0.0260842 0.00457505 57.8244
0.00820109 0.0424323 0.999077 19.0188 0.0254901 0.998769 -0.0426287 -1.51268 -0.999649 0.0258156 0.00711014 57.8278
0.0110859 0.0407423 0.999124 19.7421 0.0243016 0.998868 -0.041002 -1.53837 -0.999656 0.0247345 0.0100843 57.8412
0.0147959 0.0443641 0.998917 20.4633 0.0290064 0.998578 -0.044779 -1.58941 -0.999478 0.029637 0.0134887 57.8453
0.0178266 0.0484901 0.998681 21.1869 0.0308844 0.998325 -0.0490246 -1.62992 -0.999378 0.0317171 0.0163002 57.8604
0.0187194 0.0495478 0.998608 21.8892 0.0259106 0.998414 -0.0500243 -1.65986 -0.999498 0.0268104 0.0174065 57.878
0.0229461 0.0477271 0.998613 22.6434 0.0211397 0.998618 -0.0482136 -1.69607 -0.999527 0.0222162 0.0219064 57.9099
0.0276776 0.0450217 0.998614 23.379 0.024047 0.998668 -0.0456911 -1.76507 -0.999337 0.0252778 0.0265587 57.9274
0.0296739 0.045908 0.998522 24.0904 0.0278572 0.998524 -0.0467366 -1.81511 -0.999186 0.0292023 0.0283522 57.9446
0.0338166 0.0495519 0.99821 24.8333 0.0277277 0.998341 -0.0504981 -1.8616 -0.999053 0.0293852 0.0323871 57.9769
0.0373496 0.0513376 0.998 25.5608 0.0242703 0.998344 -0.0522642 -1.8952 -0.999022 0.0261733 0.0360427 58.0081
0.0398204 0.0511844 0.997906 26.2973 0.0222894 0.998395 -0.0520994 -1.94632 -0.998968 0.0243168 0.0386161 58.0382
0.0441704 0.0504579 0.997767 27.0399 0.0256184 0.998344 -0.0516219 -1.99727 -0.99871 0.0278408 0.0428055 58.0699
0.0476483 0.0502141 0.997612 27.7773 0.0289088 0.99825 -0.0516274 -2.05167 -0.998456 0.0312992 0.0461137 58.0993
0.0497383 0.0515094 0.997451 28.5091 0.0306028 0.998127 -0.053071 -2.09761 -0.998308 0.0331639 0.0480696 58.1293
0.0533672 0.0517499 0.997244 29.268 0.0307428 0.9981 -0.05344 -2.15462 -0.998112 0.0335095 0.0516753 58.1635
0.0565722 0.0516118 0.997082 30.0228 0.0315935 0.998076 -0.0534565 -2.20116 -0.997913 0.0345249 0.0548336 58.1994
0.0595305 0.0504189 0.996964 30.7732 0.0328205 0.998087 -0.052436 -2.26533 -0.997697 0.0358419 0.0577621 58.2309
0.0627678 0.0509315 0.996747 31.5259 0.031815 0.998092 -0.0530046 -2.30377 -0.997536 0.0350378 0.0610285 58.2768
0.065831 0.0529964 0.996434 32.2899 0.0296437 0.998046 -0.0550411 -2.3442 -0.997401 0.0331609 0.0641316 58.3281
0.067903 0.05293 0.996306 33.0396 0.0310662 0.998 -0.0551383 -2.40432 -0.997223 0.0346949 0.0661237 58.3761
0.0719384 0.0540323 0.995956 33.8182 0.0299874 0.997965 -0.0563078 -2.44626 -0.99697 0.0339163 0.070172 58.4368
0.0726733 0.0545038 0.995885 34.593 0.028079 0.998002 -0.0566696 -2.50317 -0.996975 0.0320812 0.0709985 58.4877
0.0790169 0.0546704 0.995385 35.3725 0.0263331 0.998034 -0.056907 -2.55143 -0.996537 0.0307077 0.077422 58.5597
0.0809165 0.0563817 0.995144 36.1434 0.0240196 0.998003 -0.0584977 -2.59185 -0.996447 0.0286358 0.0794014 58.6225
0.0838445 0.0588524 0.994752 36.8994 0.0234236 0.997864 -0.0610115 -2.64563 -0.996216 0.0284156 0.0822871 58.6903
0.0874387 0.0605853 0.994345 37.6783 0.0227878 0.99777 -0.0627988 -2.69356 -0.995925 0.0281493 0.0858639 58.7531
0.0903182 0.0630791 0.993926 38.4549 0.0182641 0.997721 -0.0649803 -2.74554 -0.995758 0.0240215 0.0889604 58.8218
0.0924851 0.063069 0.993735 39.2392 0.0137553 0.99782 -0.0646094 -2.79049 -0.995636 0.019644 0.0914166 58.9105
0.0957578 0.062671 0.993443 40.0197 0.0151608 0.997811 -0.0644085 -2.85956 -0.995301 0.0212285 0.0945981 58.9886
0.0989155 0.0634681 0.99309 40.8027 0.0154728 0.99775 -0.065308 -2.91516 -0.994992 0.0218253 0.0977114 59.0664
0.101969 0.0644478 0.99271 41.5971 0.0117775 0.997753 -0.0659855 -2.97051 -0.994731 0.0184197 0.10098 59.1575
0.106033 0.0631804 0.992374 42.3895 0.0108148 0.997852 -0.0646857 -3.0235 -0.994321 0.0175907 0.105122 59.2458
0.110452 0.0627438 0.991911 43.1904 0.0116431 0.997857 -0.064417 -3.08177 -0.993826 0.0186635 0.109485 59.3264
0.11375 0.0670983 0.991261 43.9824 0.00804818 0.997626 -0.0684537 -3.13276 -0.993494 0.015764 0.11294 59.4386
0.119927 0.0742264 0.990017 44.7807 0.00581134 0.997134 -0.0754645 -3.20294 -0.992779 0.0148032 0.119152 59.548
0.126784 0.0785813 0.988834 45.5722 0.00403498 0.996813 -0.0797337 -3.25747 -0.991939 0.0140984 0.126063 59.6545
0.13316 0.0819176 0.987716 46.3695 -2.55563e-05 0.996581 -0.0826498 -3.3243 -0.991108 0.0109801 0.132706 59.7755
0.140816 0.0807643 0.986756 47.1789 -0.00368463 0.996708 -0.0810539 -3.39079 -0.990046 0.00777745 0.14065 59.9021
0.148733 0.0795235 0.985688 48.005 -0.0030257 0.996795 -0.0799637 -3.46288 -0.988886 0.00891041 0.148496 60.0207
0.155528 0.077213 0.984829 48.8441 -0.00372992 0.996984 -0.0775778 -3.54093 -0.987841 0.00839174 0.155347 60.1505
0.164037 0.07319 0.983749 49.6726 -0.00512307 0.997296 -0.0733443 -3.60571 -0.986455 0.00699086 0.163968 60.3028
0.171731 0.0672802 0.982864 50.5047 -0.00632892 0.997724 -0.0671924 -3.6739 -0.985141 0.00531808 0.171766 60.4394
0.179367 0.064272 0.981694 51.3205 -0.00648259 0.997922 -0.0641507 -3.72684 -0.983775 0.00514211 0.179411 60.5889
0.187653 0.0665455 0.979998 52.1277 -0.00696347 0.997772 -0.0664198 -3.79304 -0.982228 0.00563914 0.187698 60.7435
0.194091 0.0716307 0.978379 52.9278 -0.00720678 0.997411 -0.0715951 -3.85627 -0.980971 0.00684442 0.194104 60.8959
0.198739 0.0762803 0.977099 53.7187 -0.00782138 0.997062 -0.0762488 -3.91744 -0.980038 0.00751082 0.198752 61.0595
0.205016 0.0783974 0.975628 54.5077 -0.00846417 0.996895 -0.0783283 -3.9832 -0.978736 0.00780003 0.205042 61.2337
0.209926 0.079559 0.974495 55.2883 -0.0110467 0.996817 -0.0790026 -4.05272 -0.977672 0.00581921 0.210137 61.3942
0.214586 0.0761844 0.973744 56.0548 -0.00783489 0.997058 -0.0762827 -4.1148 -0.976688 0.00873937 0.214551 61.5517
0.220958 0.0710162 0.972715 56.8181 -0.00620715 0.997432 -0.0714117 -4.16938 -0.975281 0.0097407 0.220832 61.7221
0.224612 0.0654648 0.972262 57.583 -0.00826651 0.997836 -0.0652779 -4.23899 -0.974428 0.0066243 0.224666 61.9
0.227418 0.0626101 0.971803 58.3376 -0.0104034 0.998034 -0.0618664 -4.28203 -0.973759 0.00395902 0.227623 62.0845
0.231757 0.061752 0.970827 59.0746 -0.0116106 0.998091 -0.0607152 -4.34514 -0.97272 0.00279853 0.232031 62.2585
0.233623 0.0642782 0.970221 59.7937 -0.0144663 0.997936 -0.0626317 -4.38401 -0.972237 0.000596085 0.23407 62.4387
0.23582 0.0675308 0.969463 60.5 -0.016664 0.99772 -0.0654463 -4.43015 -0.971669 -0.000722451 0.236407 62.6285
0.237484 0.0710956 0.968807 61.2041 -0.0174897 0.997474 -0.0689128 -4.47332 -0.971252 -0.000579033 0.238127 62.8073
0.239579 0.0758988 0.967921 61.8844 -0.0179578 0.997119 -0.073744 -4.52913 -0.970726 0.000284906 0.240251 62.9917
0.242253 0.0761088 0.967245 62.5624 -0.0170406 0.997102 -0.074191 -4.59031 -0.970081 0.00148997 0.242848 63.1643
0.243697 0.0765589 0.966841 63.2265 -0.0180306 0.997068 -0.0744084 -4.62122 -0.969699 0.000699597 0.244363 63.3441
0.243467 0.0746216 0.967055 63.8944 -0.0190763 0.997216 -0.072147 -4.68586 -0.969739 -0.000882914 0.244213 63.5183
0.245205 0.07363 0.966687 64.5257 -0.0197219 0.997287 -0.0709589 -4.73748 -0.969287 -0.00166633 0.245991 63.6774
0.244743 0.0725202 0.966893 65.1734 -0.018648 0.997371 -0.0700867 -4.78389 -0.969427 -0.000877834 0.245452 63.8432
0.242757 0.0722706 0.967408 65.8042 -0.0187644 0.997388 -0.0698023 -4.82818 -0.969922 -0.00120862 0.243478 64.006
0.241783 0.0730652 0.967597 66.4266 -0.0208117 0.997326 -0.0701105 -4.88079 -0.970125 -0.00318634 0.242657 64.1615
0.238543 0.0750942 0.968241 67.05 -0.0203194 0.997177 -0.072333 -4.9329 -0.970936 -0.00242041 0.239394 64.3151
0.237577 0.0795843 0.968125 67.6534 -0.020875 0.996831 -0.0768222 -4.99276 -0.971163 -0.00195889 0.238486 64.4515
0.235252 0.0809775 0.968572 68.2608 -0.0207812 0.996718 -0.0782838 -5.04707 -0.971729 -0.00171251 0.236162 64.6002
0.232526 0.0806682 0.969261 68.8668 -0.0209718 0.996743 -0.0779252 -5.09815 -0.972383 -0.00220793 0.233461 64.7502
0.230513 0.077959 0.969958 69.4418 -0.0216264 0.996953 -0.0749898 -5.13278 -0.972846 -0.00369149 0.231496 64.9021
0.228699 0.0754686 0.970589 70.0099 -0.0202177 0.997148 -0.0727707 -5.16909 -0.973306 -0.00298108 0.229573 65.0505
0.226299 0.0739318 0.971265 70.5862 -0.0170802 0.997266 -0.0719322 -5.22604 -0.973925 -0.000312078 0.226943 65.1841
0.224426 0.0752012 0.971606 71.1352 -0.0136445 0.997168 -0.0740286 -5.27322 -0.974414 0.00335627 0.224817 65.3104
0.222292 0.0774942 0.971911 71.6699 -0.0113281 0.996977 -0.0769025 -5.33004 -0.974932 0.00608393 0.222497 65.4398
0.219877 0.0796771 0.972289 72.2308 -0.0125311 0.996812 -0.0788536 -5.36512 -0.975466 0.00515364 0.220175 65.5703
0.21934 0.0824038 0.972178 72.7685 -0.0130548 0.996589 -0.0815281 -5.42198 -0.975579 0.00518986 0.219667 65.6984
0.217838 0.0817257 0.972578 73.3206 -0.0125395 0.996644 -0.0809402 -5.47487 -0.975924 0.00543567 0.218131 65.8393
0.217469 0.0804102 0.972766 73.8797 -0.00809633 0.996718 -0.0805808 -5.52346 -0.976053 0.00964697 0.217405 65.9662
0.219697 0.0793771 0.972354 74.4247 -0.00379994 0.996751 -0.0805108 -5.57805 -0.97558 0.0139925 0.219284 66.0831
0.220424 0.0790877 0.972209 74.9934 -0.00234716 0.996751 -0.0805526 -5.62977 -0.975421 0.0154727 0.219892 66.2154
0.222129 0.0791294 0.971821 75.5614 -0.00387587 0.99677 -0.0802755 -5.67678 -0.975029 0.0140644 0.221719 66.3578
0.22727 0.0803922 0.970524 76.1181 -0.00678548 0.996697 -0.0809718 -5.73116 -0.973828 0.0118159 0.227064 66.5079
0.232848 0.0802174 0.96922 76.6881 -0.00653203 0.996704 -0.0809235 -5.78788 -0.972511 0.0125114 0.232604 66.6358
0.240309 0.0805312 0.967367 77.2629 -0.00826925 0.99669 -0.0809187 -5.843 -0.970681 0.0114451 0.240178 66.7858
0.247971 0.0797926 0.965496 77.8459 -0.00867196 0.99675 -0.0801489 -5.88881 -0.968748 0.0115014 0.247857 66.9478
0.256007 0.0789071 0.963466 78.4249 -0.0111896 0.996842 -0.0786679 -5.94172 -0.96663 0.0093576 0.25608 67.1315
0.263916 0.0791312 0.961315 79.0224 -0.012947 0.996834 -0.0785012 -5.99578 -0.964479 0.00827114 0.264105 67.3076
0.272477 0.081871 0.958691 79.6049 -0.0183008 0.996638 -0.0799108 -6.05603 -0.962008 0.0042279 0.273058 67.5013
0.280534 0.0844771 0.956141 80.1989 -0.0212523 0.996426 -0.0818018 -6.10531 -0.959629 0.00262745 0.281326 67.6888
0.290143 0.0866958 0.953067 80.8014 -0.0249039 0.996239 -0.0830422 -6.15876 -0.956679 0.000357924 0.29121 67.8745
0.300096 0.0883441 0.949831 81.4111 -0.0263085 0.996094 -0.0843359 -6.22856 -0.953567 0.000319775 0.301248 68.0782
0.30814 0.0894999 0.947141 82.0238 -0.0282837 0.995991 -0.084915 -6.27994 -0.950941 -0.000624069 0.309434 68.2872
0.316916 0.0895016 0.944243 82.6526 -0.028419 0.995991 -0.0848694 -6.33086 -0.948049 6.15257e-05 0.318189 68.5169
0.326325 0.0910777 0.940879 83.2944 -0.0323184 0.995845 -0.0851902 -6.38294 -0.944726 -0.00260914 0.327911 68.7647
0.337478 0.0880257 0.937231 83.9185 -0.0338517 0.996114 -0.0813677 -6.43496 -0.940746 -0.00426762 0.339145 69.0061
0.346378 0.0807047 0.934637 84.5916 -0.0294403 0.996741 -0.0751574 -6.49683 -0.937655 -0.0014844 0.347623 69.2689
0.356916 0.0776451 0.930927 85.2689 -0.0290263 0.996985 -0.0720272 -6.54004 -0.933708 -0.00131425 0.358092 69.5275
0.367305 0.0742424 0.927153 85.9497 -0.027547 0.997244 -0.0689426 -6.58611 -0.929715 -0.000218623 0.368336 69.8079
0.375687 0.0727598 0.923909 86.6347 -0.0245104 0.99735 -0.0685778 -6.64349 -0.926445 0.00311788 0.376474 70.0928
0.38484 0.0696548 0.920372 87.3273 -0.019035 0.99754 -0.0675365 -6.67252 -0.92281 0.00847013 0.385217 70.385
0.393251 0.0609375 0.917433 88.0323 -0.0104156 0.998038 -0.0618279 -6.70623 -0.919395 0.0147577 0.393113 70.6803
0.399186 0.0564581 0.915152 88.7762 -0.00438093 0.998213 -0.0596723 -6.76454 -0.916883 0.0198097 0.398718 71.0012
0.406965 0.0552558 0.911794 89.4674 -0.000721423 0.998193 -0.0601706 -6.7906 -0.913467 0.023829 0.406268 71.3113
0.412558 0.0605042 0.908942 90.1756 0.000698819 0.997774 -0.0667356 -6.84861 -0.910955 0.0281661 0.411596 71.6334
0.41931 0.0646129 0.905564 90.8732 0.00458496 0.997306 -0.0732827 -6.89454 -0.907855 0.0348795 0.417883 71.9557
0.424697 0.0647722 0.903038 91.5841 0.00498685 0.997259 -0.0738766 -6.93756 -0.905346 0.0358771 0.423208 72.2934
0.427546 0.0662491 0.901586 92.2897 0.000201625 0.99731 -0.0733794 -6.98276 -0.904017 0.0315543 0.426381 72.6358
0.430911 0.0675069 0.899889 92.9639 -0.00434098 0.997346 -0.0727401 -7.03528 -0.902409 0.0274367 0.430058 72.99
0.433954 0.0698924 0.898244 93.6484 -0.00455208 0.997149 -0.0753901 -7.09917 -0.900948 0.0286263 0.433033 73.3132
0.436795 0.0725195 0.896656 94.3313 -0.00560341 0.99695 -0.0779023 -7.15345 -0.899569 0.0290016 0.435866 73.6516
0.439588 0.0751873 0.895072 94.9959 -0.00863408 0.996803 -0.0794936 -7.22026 -0.898184 0.0272157 0.43883 73.9718
0.442396 0.074212 0.893768 95.6522 -0.00898728 0.996892 -0.0783272 -7.28007 -0.896801 0.0266176 0.441685 74.3065
0.445312 0.071067 0.892575 96.3052 -0.00783154 0.99712 -0.0754849 -7.35091 -0.895367 0.0266234 0.444585 74.6216
0.448108 0.0703294 0.891233 96.9454 -0.00932118 0.997218 -0.0740074 -7.41352 -0.893957 0.0248545 0.447514 74.9499
0.44991 0.0678317 0.890519 97.5747 -0.00800721 0.997383 -0.0719274 -7.46945 -0.893065 0.0252296 0.449274 75.2624
0.452163 0.0697305 0.889229 98.176 -0.0103604 0.997287 -0.072937 -7.52011 -0.891902 0.0237652 0.451656 75.5771
0.453777 0.0698716 0.888397 98.7792 -0.00943346 0.997247 -0.0736154 -7.58495 -0.891092 0.0250236 0.453185 75.8859
0.454413 0.0685146 0.888176 99.3713 -0.00748014 0.997301 -0.0731066 -7.63843 -0.890786 0.0265755 0.453696 76.1873
0.454309 0.0668399 0.888358 99.9556 -0.00449362 0.997346 -0.0727432 -7.69379 -0.89086 0.0290553 0.453401 76.4932
0.454843 0.0671146 0.888063 100.532 -0.00550216 0.997353 -0.0725572 -7.74707 -0.890582 0.0281144 0.454005 76.7929
0.455378 0.0666544 0.887825 101.101 -0.0036426 0.99733 -0.0730084 -7.80274 -0.890318 0.0300117 0.454402 77.092
0.456037 0.0683976 0.887352 101.665 -0.00476368 0.99722 -0.0744191 -7.86616 -0.889975 0.0297093 0.455092 77.376
0.45811 0.0688251 0.886252 102.205 -0.00282413 0.997111 -0.0759754 -7.91612 -0.888919 0.0323016 0.456979 77.6665
0.460433 0.0678516 0.885121 102.765 -0.000441294 0.997096 -0.076207 -7.97356 -0.887722 0.0346961 0.459123 77.9522
0.462305 0.0665223 0.884248 103.308 0.00254355 0.997083 -0.076342 -8.01889 -0.886746 0.0375417 0.460786 78.2334
0.464937 0.0650927 0.882972 103.83 0.00396392 0.997135 -0.0755972 -8.07677 -0.885363 0.0386464 0.463344 78.5021
0.46745 0.0642942 0.881704 104.357 0.0049122 0.997152 -0.0753182 -8.12718 -0.884034 0.0395379 0.465801 78.783
0.470018 0.0636286 0.880385 104.884 0.00552885 0.997171 -0.0750221 -8.17774 -0.882668 0.0401276 0.468333 79.0666
0.473057 0.0632603 0.878784 105.392 0.00693692 0.997126 -0.0755146 -8.23295 -0.881033 0.0418181 0.471257 79.346
0.475931 0.0644629 0.877142 105.913 0.00609047 0.99705 -0.076581 -8.28544 -0.87949 0.0417879 0.474131 79.6212
0.479786 0.0638965 0.875082 106.415 0.00836006 0.996972 -0.0773814 -8.33415 -0.877374 0.0444415 0.477797 79.9078
0.483828 0.0663326 0.872672 106.911 0.00630164 0.996839 -0.0792657 -8.38288 -0.87517 0.0438485 0.481876 80.1903
0.48877 0.0721935 0.869447 107.405 0.00294166 0.996433 -0.0843926 -8.42971 -0.872436 0.0438054 0.486812 80.4777
0.493899 0.0789942 0.86595 107.894 -0.00186383 0.995964 -0.0897927 -8.4783 -0.869547 0.0427328 0.492048 80.7711
0.499403 0.0847231 0.862243 108.371 -0.00739188 0.995592 -0.0935457 -8.52952 -0.866367 0.0403426 0.497826 81.0641
0.50475 0.0896091 0.858629 108.872 -0.0105048 0.995167 -0.0976845 -8.58311 -0.863232 0.0402848 0.503247 81.3639
0.509555 0.090111 0.855733 109.355 -0.0135797 0.995224 -0.0967149 -8.6405 -0.86036 0.0376601 0.508343 81.6784
0.514281 0.0891608 0.853001 109.854 -0.0193053 0.995538 -0.0924215 -8.70339 -0.857436 0.0310614 0.513703 82.0029
0.519094 0.0870643 0.850297 110.366 -0.0240257 0.995897 -0.0873064 -8.76293 -0.854409 0.0248905 0.519054 82.339
0.52555 0.0856793 0.846465 110.878 -0.0297713 0.996164 -0.0823489 -8.81893 -0.850273 0.0180765 0.526081 82.6762
0.530953 0.0842624 0.843228 111.397 -0.0315331 0.996325 -0.0797069 -8.87801 -0.846844 0.0157302 0.531656 83.0236
0.536589 0.0870426 0.83937 111.918 -0.0358434 0.996124 -0.0803856 -8.93376 -0.843114 0.0130465 0.537625 83.3838
0.542934 0.0909241 0.834866 112.444 -0.0392935 0.995788 -0.0828975 -8.98301 -0.838886 0.0122023 0.544218 83.7538
0.548809 0.0935991 0.830719 112.973 -0.0412105 0.995538 -0.0849455 -9.03327 -0.834963 0.0123828 0.550214 84.1221
0.554912 0.0957209 0.826411 113.516 -0.0431708 0.995338 -0.0863004 -9.08816 -0.830818 0.0122114 0.556455 84.505
0.561928 0.0964806 0.821569 114.067 -0.0458702 0.995286 -0.0855087 -9.1349 -0.825946 0.0103625 0.563701 84.9041
0.568321 0.0982296 0.81695 114.628 -0.0495684 0.995138 -0.0851731 -9.18814 -0.821343 0.00790991 0.570425 85.3134
0.57466 0.0965861 0.812702 115.202 -0.0499064 0.995304 -0.0830005 -9.25158 -0.816902 0.00713633 0.576778 85.7391
0.583361 0.0948584 0.806683 115.779 -0.0495172 0.995468 -0.0812501 -9.31412 -0.810733 0.0074526 0.585412 86.1757
0.590787 0.0940162 0.801362 116.372 -0.0498387 0.995549 -0.0800575 -9.36908 -0.805321 0.00735633 0.592839 86.6198
0.598293 0.0960121 0.795534 116.959 -0.0530288 0.995369 -0.0802502 -9.41251 -0.799553 0.00582609 0.600611 87.0907
0.605635 0.0967825 0.789866 117.553 -0.0548872 0.995298 -0.0798708 -9.46089 -0.793881 0.00501735 0.608096 87.5649
0.612576 0.0972601 0.784435 118.155 -0.0561797 0.995254 -0.0795287 -9.52153 -0.788445 0.00464732 0.61513 88.0494
0.617589 0.0957796 0.780679 118.755 -0.0553435 0.995395 -0.0783424 -9.58052 -0.784586 0.00517617 0.620041 88.5392
0.621991 0.0941384 0.777376 119.372 -0.053452 0.995541 -0.0777915 -9.65848 -0.781232 0.00683264 0.624247 89.052
0.625185 0.0924907 0.775009 119.991 -0.0504791 0.995672 -0.078106 -9.73197 -0.778878 0.00970722 0.627144 89.5714
0.628935 0.089559 0.772314 120.638 -0.0459191 0.995894 -0.078093 -9.79888 -0.776135 0.0136508 0.630462 90.0817
0.63251 0.0842805 0.769986 121.295 -0.0399004 0.996294 -0.0762768 -9.86979 -0.77356 0.0175213 0.633524 90.603
0.636169 0.0786795 0.76756 121.944 -0.0340557 0.996687 -0.0739418 -9.93267 -0.770833 0.020899 0.636737 91.1455
0.639322 0.0734751 0.765454 122.578 -0.0285771 0.997013 -0.0718357 -10.0175 -0.768444 0.0240499 0.639507 91.6733
0.642907 0.071945 0.762591 123.239 -0.0267265 0.997086 -0.0715375 -10.0846 -0.765514 0.0256098 0.642953 92.2252
0.645456 0.0729043 0.760344 123.891 -0.0281534 0.997034 -0.0717012 -10.1626 -0.763315 0.0248718 0.64559 92.7895
0.649795 0.0761303 0.756322 124.548 -0.0323745 0.996847 -0.0725283 -10.214 -0.759457 0.0226422 0.650207 93.3674
0.652455 0.0782232 0.753813 125.202 -0.0362653 0.996747 -0.0720451 -10.2769 -0.756995 0.0196672 0.653166 93.959
0.655782 0.076365 0.751114 125.861 -0.0369424 0.996932 -0.0691052 -10.3541 -0.754084 0.0175691 0.656587 94.5361
0.65963 0.0738062 0.747993 126.523 -0.0387073 0.997188 -0.0642621 -10.4005 -0.750631 0.0134347 0.660627 95.1467
0.662855 0.069412 0.745559 127.191 -0.0386096 0.997544 -0.058547 -10.4713 -0.74779 0.0100217 0.663904 95.7689
0.668157 0.0679497 0.740946 127.855 -0.0382608 0.997648 -0.0569905 -10.4955 -0.743074 0.00972758 0.669181 96.3687
0.672419 0.0660697 0.737253 128.535 -0.0351325 0.997741 -0.0573725 -10.5653 -0.739376 0.0126761 0.673218 96.9838
0.678802 0.0644869 0.73152 129.188 -0.0282625 0.997699 -0.0617279 -10.6106 -0.733816 0.0212246 0.679059 97.5928
0.683557 0.0667532 0.726876 129.869 -0.0257413 0.997402 -0.0673917 -10.6739 -0.729484 0.0273546 0.683495 98.2265
0.690233 0.0673365 0.720484 130.519 -0.0235879 0.997232 -0.0706057 -10.7426 -0.723242 0.0317379 0.689906 98.8409
0.696658 0.0639131 0.714589 131.18 -0.021879 0.99746 -0.067885 -10.7838 -0.717111 0.0316574 0.696283 99.4869
0.702527 0.0601932 0.709145 131.821 -0.0187269 0.997642 -0.0661309 -10.8717 -0.711451 0.033177 0.701993 100.135
0.707515 0.0566354 0.704465 132.489 -0.0153214 0.997786 -0.0648312 -10.9071 -0.706574 0.0350748 0.706812 100.8
0.712236 0.0578573 0.699591 133.115 -0.013785 0.997566 -0.0684681 -10.9724 -0.701846 0.0391199 0.711294 101.447
0.714787 0.0573293 0.697028 133.774 -0.0114572 0.997468 -0.0702928 -11.0157 -0.69929 0.0422574 0.71363 102.133
0.718833 0.0528743 0.693209 134.392 -0.00758822 0.997649 -0.0682285 -11.0755 -0.695183 0.043783 0.717539 102.803
0.72081 0.0463161 0.691624 135.041 -0.00285346 0.997962 -0.0638586 -11.1388 -0.69317 0.0440553 0.719469 103.485
0.721444 0.043207 0.691164 135.7 -0.000875203 0.998117 -0.0614839 -11.2156 -0.692515 0.0437505 0.720117 104.162
0.722016 0.0381898 0.690862 136.337 0.00329815 0.998282 -0.0586323 -11.2685 -0.691911 0.0446108 0.720646 104.833
0.721176 0.03502 0.691907 136.982 0.00583431 0.998388 -0.0566152 -11.3173 -0.69277 0.0448646 0.719803 105.52
0.719616 0.0356603 0.693498 137.648 0.00419764 0.998447 -0.0556987 -11.3651 -0.694403 0.0429916 0.718344 106.22
0.719569 0.0364686 0.693504 138.283 0.00356122 0.998423 -0.0561999 -11.4225 -0.694455 0.0429077 0.718298 106.913
0.71681 0.039955 0.696164 138.961 0.000419422 0.99834 -0.0577315 -11.4725 -0.697312 0.0416733 0.715599 107.614
0.714732 0.0422808 0.698161 139.595 -0.0025699 0.998333 -0.0578304 -11.5316 -0.699437 0.0395372 0.713642 108.282
0.711582 0.0430041 0.701327 140.259 -0.00483347 0.998409 -0.0563183 -11.5694 -0.70263 0.0366839 0.710653 108.958
0.708976 0.0451836 0.703825 140.903 -0.0085203 0.998431 -0.0555158 -11.6185 -0.705224 0.0333608 0.708243 109.627
0.705987 0.044553 0.706863 141.577 -0.00937892 0.998528 -0.0535708 -11.6742 -0.708206 0.0311891 0.705362 110.308
0.703311 0.0433861 0.709598 142.207 -0.00991296 0.998647 -0.0512363 -11.7299 -0.710856 0.0289993 0.702783 110.963
0.700326 0.0396102 0.712764 142.863 -0.00605926 0.998762 -0.0495519 -11.7747 -0.71384 0.030382 0.699695 111.621
0.698804 0.0425799 0.714085 143.509 -0.00780894 0.998631 -0.0519073 -11.8561 -0.715313 0.0306952 0.698174 112.246
0.693908 0.0530709 0.718146 144.182 -0.0126193 0.998032 -0.0615629 -11.8916 -0.719996 0.0336547 0.693208 112.907
0.691699 0.0580478 0.719889 144.816 -0.0156157 0.997743 -0.0654505 -11.9507 -0.722059 0.0340288 0.691038 113.541
0.688455 0.0566096 0.723107 145.484 -0.0163664 0.997917 -0.0625432 -12.0212 -0.725137 0.0312219 0.687943 114.194
0.684872 0.0560668 0.726543 146.15 -0.0209206 0.998147 -0.0573078 -12.0839 -0.728406 0.0240472 0.684769 114.843
0.680569 0.0538987 0.73074 146.814 -0.0222563 0.99836 -0.0529117 -12.1308 -0.732389 0.0197449 0.680648 115.486
0.67687 0.0537655 0.734176 147.486 -0.0221468 0.998374 -0.0526975 -12.1937 -0.735812 0.019408 0.676954 116.115
0.674127 0.0523534 0.736798 148.146 -0.0209348 0.998447 -0.0517926 -12.2518 -0.738361 0.0194885 0.674171 116.731
0.670727 0.0505786 0.740017 148.825 -0.0176858 0.998488 -0.052217 -12.3114 -0.741535 0.0219339 0.670602 117.347
0.668569 0.0515488 0.741902 149.494 -0.0161456 0.998375 -0.0548211 -12.3788 -0.743517 0.0246717 0.66831 117.954
0.665124 0.0512995 0.745008 150.183 -0.0136798 0.998317 -0.0565308 -12.4259 -0.74665 0.0274066 0.6647 118.569
0.660436 0.0496588 0.749279 150.868 -0.0118612 0.998385 -0.0557154 -12.4665 -0.750831 0.0279074 0.659954 119.178
0.656675 0.0507349 0.752505 151.555 -0.0138102 0.998386 -0.0552631 -12.5156 -0.75409 0.0258958 0.656309 119.772
0.651178 0.0519546 0.757185 152.242 -0.0142481 0.998324 -0.0562489 -12.5858 -0.758834 0.0258379 0.650822 120.374
0.643972 0.0540574 0.763176 152.941 -0.0153558 0.998223 -0.057751 -12.635 -0.764937 0.0254689 0.643652 120.981
0.638579 0.0582447 0.767389 153.65 -0.0174535 0.99798 -0.0612245 -12.6943 -0.769401 0.0257014 0.638301 121.589
0.632155 0.0639644 0.772237 154.339 -0.0200308 0.997613 -0.0662373 -12.7493 -0.774624 0.0264017 0.631921 122.195
0.623914 0.0660273 0.778738 155.058 -0.0193904 0.997435 -0.0690365 -12.7931 -0.781293 0.0279712 0.62359 122.775
0.617091 0.0593907 0.784686 155.803 -0.0183252 0.997972 -0.0611245 -12.8664 -0.786719 0.0233378 0.616923 123.363
0.609482 0.0574234 0.790756 156.539 -0.0239494 0.99826 -0.0540347 -12.9068 -0.792478 0.0139935 0.609793 123.951
0.600479 0.0532994 0.797901 157.296 -0.0225305 0.998518 -0.0497467 -12.9696 -0.799363 0.0118928 0.600785 124.536
0.593651 0.0543166 0.802925 158.043 -0.0255069 0.998497 -0.0486899 -13.014 -0.804358 0.0084233 0.59414 125.109
0.584388 0.0562118 0.809564 158.787 -0.0254742 0.998388 -0.050936 -13.0687 -0.811115 0.00914148 0.584872 125.66
0.575987 0.0571642 0.815495 159.548 -0.0192968 0.998233 -0.0563462 -13.1232 -0.81727 0.0167168 0.576069 126.201
0.569135 0.0646425 0.819738 160.315 -0.0189103 0.997681 -0.0655475 -13.1727 -0.822067 0.0218019 0.569032 126.727
0.561592 0.0671665 0.82472 161.087 -0.0162224 0.99741 -0.0701858 -13.2421 -0.827294 0.0260353 0.561224 127.24
0.554065 0.0635401 0.830083 161.897 -0.0130327 0.997633 -0.0676683 -13.3062 -0.832411 0.0266725 0.553577 127.767
0.546971 0.0595838 0.835064 162.685 -0.00954673 0.997852 -0.0649479 -13.3852 -0.837136 0.0275509 0.546361 128.279
0.538674 0.0594418 0.840452 163.476 -0.010493 0.997914 -0.0638549 -13.4539 -0.842488 0.0255762 0.53817 128.781
0.531717 0.061253 0.84474 164.242 -0.0112875 0.997814 -0.0652495 -13.5319 -0.846885 0.0251577 0.531242 129.283
0.525418 0.0617846 0.848635 165.035 -0.00936303 0.997729 -0.0668442 -13.5914 -0.850831 0.0271734 0.524799 129.779
0.52021 0.0565895 0.852197 165.819 -0.00559273 0.998015 -0.0628604 -13.6669 -0.854059 0.0279329 0.51949 130.234
0.513561 0.053941 0.856393 166.612 -0.00367139 0.998161 -0.0606707 -13.7401 -0.858084 0.028012 0.51281 130.704
0.509976 0.0526807 0.85861 167.367 -0.00464379 0.998286 -0.0584945 -13.7947 -0.860215 0.025842 0.509342 131.169
0.505069 0.0538816 0.861432 168.135 -0.00483477 0.99822 -0.0596047 -13.8591 -0.863104 0.0259377 0.504426 131.632
0.500132 0.0563912 0.864147 168.9 -0.00361327 0.998013 -0.0630377 -13.9254 -0.865981 0.0284032 0.499338 132.092
