0.999997 0.00106089 0.00221765 0.0171313 -0.00106133 0.999999 0.000173846 -0.0729538 -0.00221751 -0.000176274 0.999997 1.21554
0.999992 0.00135666 0.00375041 0.0188948 -0.00135978 0.999999 0.000837179 -0.0890833 -0.00374931 -0.000842194 0.999993 2.41081
0.999989 0.00109487 0.00461208 0.0271558 -0.00109943 0.999999 0.000969726 -0.11166 -0.00461113 -0.000974857 0.999989 3.61525
0.999985 0.000959221 0.00544773 0.0304063 -0.000969927 0.999998 0.00196469 -0.125794 -0.00544585 -0.00196988 0.999984 4.81141
0.999983 0.00100038 0.0058025 0.0421494 -0.00101246 0.999997 0.00206722 -0.136901 -0.00580046 -0.00207312 0.999981 6.01245
0.999978 0.00155865 0.00653546 0.0457504 -0.00156884 0.999998 0.00155557 -0.157523 -0.00653304 -0.00156573 0.999978 7.21596
0.99997 0.00135895 0.00764399 0.0498552 -0.00137004 0.999998 0.00143832 -0.176691 -0.00764205 -0.00144881 0.99997 8.41991
0.999971 0.00096519 0.00754943 0.0533109 -0.000987741 0.999995 0.0029874 -0.200186 -0.00754654 -0.00299472 0.999967 9.62118
0.999983 0.000344281 0.00578169 0.0454791 -0.000367043 0.999992 0.0039323 -0.220786 -0.00578033 -0.00393442 0.999976 10.8259
0.999996 0.000445023 0.00300467 0.0440265 -0.000457997 0.999991 0.00431115 -0.225088 -0.0030027 -0.00431241 0.999987 12.0285
0.999999 0.000128488 0.00120169 0.0402769 -0.000133357 0.999992 0.00404517 -0.224081 -0.00120122 -0.00404538 0.999991 13.2517
1 0.000135688 -0.00032488 0.0246273 -0.000134246 0.999991 0.00420143 -0.248219 0.000325333 -0.00420127 0.999993 14.45
0.999996 0.00234911 -0.00170069 0.0329731 -0.00234309 0.999991 0.00355378 -0.22739 0.00170895 -0.00354986 0.999993 15.6583
0.999997 0.00197491 -0.00138913 0.0291269 -0.00196888 0.999989 0.00432042 -0.241249 0.00139753 -0.00431754 0.999992 16.8647
0.999998 0.00194723 -0.000736224 0.022166 -0.00194346 0.999985 0.00510728 -0.268424 0.000746085 -0.00510607 0.999988 18.0858
0.99999 0.00325136 -0.00317759 0.0244717 -0.00323278 0.999978 0.00582466 -0.276721 0.00319631 -0.00581411 0.99998 19.2855
0.999993 0.0021858 -0.00309815 0.0166029 -0.00217082 0.999986 0.00483253 -0.286113 0.0031086 -0.00482602 0.999985 20.4956
0.999983 0.00317737 -0.0049189 0.0152025 -0.00315152 0.999981 0.00524169 -0.29282 0.00493532 -0.00522584 0.999977 21.6981
0.999979 0.0027642 -0.00598788 0.00762618 -0.00272715 0.999977 0.00618676 -0.298685 0.00600479 -0.00617063 0.999964 22.9179
0.999977 0.00283525 -0.00639858 -0.00673077 -0.00279496 0.999976 0.00629026 -0.310315 0.00641614 -0.00627199 0.999962 24.1433
0.999962 0.00231923 -0.00845424 -0.0290781 -0.0022747 0.999984 0.00526692 -0.32345 0.00846627 -0.0052478 0.999951 25.3224
0.999956 0.00285654 -0.00913459 -0.0581741 -0.00281304 0.999985 0.00476729 -0.342212 0.00914787 -0.00474114 0.999949 26.5606
0.999941 0.00217038 -0.0107801 -0.0730959 -0.00210765 0.999981 0.00582991 -0.344373 0.0107925 -0.00580713 0.999926 27.7449
0.999928 0.00195905 -0.0119717 -0.0880922 -0.00189484 0.999983 0.00537435 -0.357942 0.0119819 -0.00535106 0.999916 28.9408
0.999923 0.00104232 -0.0124854 -0.107717 -0.00097903 0.999987 0.00507417 -0.382014 0.0124905 -0.00506186 0.999911 30.1878
0.999897 0.000732074 -0.0144119 -0.125919 -0.000658746 0.999985 0.00509663 -0.391493 0.0144153 -0.00508641 0.999884 31.3776
0.999894 0.000715578 -0.014634 -0.142323 -0.000640194 0.999987 0.00515301 -0.391587 0.0146374 -0.0051434 0.999881 32.6004
0.99987 0.000624016 -0.016201 -0.16539 -0.000531294 0.999982 0.00573329 -0.402036 0.0162041 -0.00572372 0.999853 33.7939
0.999864 -0.000127142 -0.0165822 -0.194413 0.000221119 0.999984 0.00566302 -0.400802 0.0165811 -0.00566618 0.999848 34.992
0.999871 -0.000252548 -0.0161065 -0.218879 0.000352083 0.99998 0.00618349 -0.412588 0.0161044 -0.00618803 0.999852 36.1954
0.999844 -0.000626769 -0.0177724 -0.243958 0.00074367 0.999978 0.0065671 -0.412854 0.0177678 -0.00657953 0.999822 37.4106
0.999855 -0.00115128 -0.0170632 -0.269483 0.00128027 0.999968 0.00755676 -0.424526 0.0170538 -0.00757721 0.999826 38.6138
0.999825 -0.00028185 -0.0187755 -0.303318 0.000452945 0.999958 0.00910338 -0.432403 0.018772 -0.0091105 0.999783 39.82
0.999817 0.000139969 -0.0191932 -0.35137 5.5801e-05 0.999946 0.0102057 -0.436243 0.0191934 -0.0102046 0.999764 41.0378
0.999832 0.00136758 -0.0183739 -0.379362 -0.00118611 0.99995 0.00987826 -0.426448 0.0183863 -0.009855 0.999784 42.2648
0.999804 0.00367667 -0.0195216 -0.38549 -0.00347528 0.999938 0.0103457 -0.408585 0.0195583 -0.0102756 0.999757 43.4454
0.999822 0.00519248 -0.0182469 -0.413924 -0.00497606 0.999917 0.0118833 -0.415924 0.0183069 -0.0117906 0.999766 44.6545
0.999828 0.00531764 -0.017862 -0.420599 -0.00505012 0.999873 0.0149952 -0.422771 0.0179393 -0.0149022 0.999729 45.86
0.999839 0.00658397 -0.0168358 -0.449818 -0.00628468 0.999823 0.0177684 -0.411048 0.0169496 -0.01766 0.999704 47.0716
0.999865 0.00754137 -0.0147239 -0.478168 -0.0072329 0.999754 0.0209009 -0.404985 0.0148777 -0.0207914 0.999674 48.2863
0.999882 0.00664726 -0.0140249 -0.502507 -0.00633001 0.999726 0.0225447 -0.392726 0.0141707 -0.0224535 0.999651 49.4925
0.999907 0.00593793 -0.0124168 -0.523505 -0.00567331 0.999757 0.0212506 -0.384247 0.0125398 -0.021178 0.999698 50.6993
0.999922 0.00722042 -0.0103942 -0.544511 -0.00700105 0.999756 0.0209892 -0.373267 0.010543 -0.0209151 0.999729 51.91
0.999919 0.00701515 -0.0108674 -0.566246 -0.00678827 0.99976 0.020788 -0.36256 0.0110105 -0.0207123 0.999726 53.1204
0.999933 0.00663504 -0.0097976 -0.584989 -0.00642406 0.999752 0.0214086 -0.353907 0.00993693 -0.0213445 0.999729 54.3231
0.999914 0.00632902 -0.0116521 -0.601721 -0.00607716 0.999748 0.0215349 -0.338301 0.0117853 -0.021462 0.999701 55.5218
0.999897 0.00595253 -0.0133087 -0.619189 -0.00565839 0.999742 0.0220311 -0.311562 0.0134362 -0.0219538 0.999674 56.7186
0.9999 0.0048546 -0.0134628 -0.640424 -0.0045409 0.999718 0.0232482 -0.305872 0.0135718 -0.0231845 0.999639 57.9272
0.999866 0.00441332 -0.0159158 -0.6659 -0.00403602 0.999712 0.0236601 -0.285309 0.0160154 -0.0235929 0.999599 59.1379
0.999867 0.00465887 -0.0157489 -0.694504 -0.00428216 0.999703 0.0238763 -0.269601 0.0158555 -0.0238055 0.999592 60.3408
0.999837 0.00536365 -0.0173689 -0.727134 -0.00494199 0.999694 0.0242274 -0.25673 0.0174933 -0.0241379 0.999561 61.5545
0.999829 0.00391615 -0.0182062 -0.751649 -0.00347958 0.999704 0.0239558 -0.242525 0.0182946 -0.0238881 0.999548 62.7594
0.999846 0.00338307 -0.0174303 -0.775726 -0.00295474 0.999695 0.0245409 -0.239959 0.0175077 -0.0244858 0.999553 63.9588
0.999823 0.00317284 -0.0187156 -0.807194 -0.00268937 0.999661 0.0258062 -0.211493 0.0187912 -0.0257511 0.999493 65.1664
0.999828 0.00285124 -0.0184855 -0.836698 -0.00233344 0.999606 0.0279771 -0.184305 0.0185578 -0.0279293 0.999444 66.35
0.999804 0.0033007 -0.0196917 -0.863734 -0.00274561 0.999596 0.0281566 -0.160348 0.0197768 -0.0280968 0.999412 67.5505
0.999817 0.0045666 -0.0187326 -0.905582 -0.0040479 0.999609 0.0276387 -0.139838 0.0188513 -0.027558 0.999449 68.7617
0.999835 0.00524901 -0.0176776 -0.939912 -0.00474654 0.999583 0.0283538 -0.10142 0.0178192 -0.0282649 0.999444 69.9478
0.999807 0.0054361 -0.0190812 -0.970079 -0.00488065 0.999566 0.0290397 -0.0794417 0.0192306 -0.0289411 0.999403 71.1289
0.999832 0.00638708 -0.0175442 -0.999503 -0.00586023 0.999531 0.0299254 -0.0686282 0.0177272 -0.0298172 0.999401 72.3155
0.999827 0.00636419 -0.0176999 -1.0281 -0.00580279 0.999484 0.031593 -0.0524307 0.0178915 -0.0314849 0.999352 73.5038
0.999863 0.00699901 -0.0154478 -1.05723 -0.00649262 0.999443 0.0326035 -0.0225464 0.0156675 -0.0324985 0.999351 74.6859
0.999925 0.00551459 -0.0112501 -1.07335 -0.00514305 0.999449 0.0328017 0.0129465 0.0114246 -0.0327415 0.999406 75.8498
0.999942 0.0056581 -0.00974402 -1.08958 -0.0053604 0.999521 0.0303324 0.00789064 0.00991111 -0.0302782 0.999494 77.0277
0.999968 0.00633671 -0.00557828 -1.10047 -0.00616342 0.999513 0.0305695 0.0346271 0.00576912 -0.0305342 0.999525 78.1939
0.999981 0.00466658 -0.00535161 -1.11761 -0.00447783 0.999381 0.0347804 0.0726152 0.00551071 -0.0347555 0.999382 79.3829
0.999994 0.00390922 -0.00192369 -1.12474 -0.00383593 0.999314 0.0367982 0.0852676 0.00206609 -0.0367907 0.999328 80.5498
0.999986 0.00525911 0.00379552 -1.12624 -0.00539449 0.999314 0.0365204 0.124428 -0.00360081 -0.0365401 0.999327 81.7071
0.999977 0.00440368 0.00587429 -1.12966 -0.00461615 0.999316 0.0366322 0.169768 -0.00570917 -0.0366587 0.999318 82.8588
0.99994 0.00463174 0.0106589 -1.1209 -0.0050103 0.999345 0.0357484 0.206808 -0.0104864 -0.0357993 0.999307 84.0172
0.999907 0.00423479 0.013333 -1.10486 -0.00471504 0.999332 0.0361836 0.233522 -0.0131712 -0.0362432 0.999264 85.1506
0.999858 0.00345114 0.0169873 -1.08553 -0.00409656 0.999264 0.0380932 0.261931 -0.0168434 -0.0381571 0.999133 86.3126
0.999738 -0.00392738 0.0228179 -1.06016 0.00287881 0.998946 0.0457961 0.43977 -0.0229739 -0.0457184 0.998699 87.4456
0.999575 -0.0126521 0.02662 -1.03085 0.0112969 0.998661 0.0504395 0.634924 -0.0272226 -0.0501171 0.998376 88.557
0.999437 -0.0134306 0.0309618 -1.00258 0.0118643 0.998667 0.0502117 0.701484 -0.0315951 -0.0498161 0.998268 89.71
0.999365 -0.0136367 0.0331917 -0.964446 0.0119235 0.998612 0.0512636 0.761208 -0.0338447 -0.050835 0.998138 90.8536
0.999256 -0.0139161 0.0361634 -0.923787 0.0119904 0.998526 0.052918 0.805938 -0.0368466 -0.052445 0.997954 92.0057
0.999105 -0.0140861 0.0401331 -0.880392 0.0118753 0.998424 0.0547926 0.859314 -0.0408417 -0.0542666 0.997696 93.1611
0.999037 -0.0141277 0.0417561 -0.835421 0.0117422 0.998314 0.0568199 0.914009 -0.0424887 -0.0562747 0.997521 94.31
0.998856 -0.0150522 0.0456017 -0.786182 0.0123842 0.998223 0.0582275 0.983703 -0.0463971 -0.0575956 0.997268 95.4588
0.998823 -0.0148306 0.0464039 -0.741913 0.0121074 0.998218 0.058416 1.05344 -0.0471877 -0.0577851 0.997223 96.6074
0.998703 -0.0165367 0.0483647 -0.69052 0.0138236 0.998338 0.0558943 1.103 -0.0492085 -0.0551526 0.997272 97.7575
0.998512 -0.0164212 0.0521936 -0.628644 0.0135417 0.99839 0.0550431 1.15106 -0.0530137 -0.0542541 0.997129 98.9157
0.998504 -0.0163463 0.0523775 -0.576143 0.013426 0.998359 0.0556222 1.1912 -0.0532006 -0.0548352 0.997084 100.079
0.998408 -0.0162144 0.054217 -0.515713 0.0131495 0.998319 0.0564079 1.23674 -0.0550407 -0.0556049 0.996946 101.245
0.998516 -0.0163448 0.0521622 -0.466746 0.0133321 0.99825 0.0575819 1.28885 -0.0530119 -0.0568004 0.996986 102.42
0.99859 -0.0165493 0.05063 -0.414509 0.0135597 0.998173 0.0588207 1.32912 -0.0515113 -0.0580511 0.996992 103.601
0.998646 -0.0160132 0.0497418 -0.350789 0.0130297 0.998128 0.0597262 1.37767 -0.0506048 -0.0589966 0.996984 104.785
0.998822 -0.016802 0.045751 -0.309656 0.0140205 0.99807 0.0604415 1.43178 -0.0466787 -0.0597287 0.997132 105.995
0.998938 -0.0164955 0.043295 -0.25679 0.0138591 0.99807 0.0604923 1.48003 -0.044209 -0.0598274 0.997239 107.191
0.999159 -0.0163765 0.0378699 -0.223826 0.0140428 0.998031 0.0610772 1.53163 -0.038796 -0.0604938 0.997424 108.403
0.999301 -0.0162443 0.0340315 -0.18491 0.0141486 0.99804 0.0609284 1.58037 -0.0349542 -0.0604038 0.997571 109.621
0.999418 -0.0158037 0.0305627 -0.141322 0.0138785 0.997965 0.062192 1.64608 -0.0314838 -0.0617314 0.997605 110.828
0.999571 -0.016422 0.0247553 -0.125632 0.0148289 0.997889 0.0632004 1.71283 -0.0257405 -0.0628057 0.997703 112.047
0.99967 -0.0156594 0.0208698 -0.0962661 0.0142929 0.99784 0.0640652 1.79115 -0.0218284 -0.0637456 0.997736 113.265
0.999781 -0.0157611 0.0145937 -0.0874229 0.0147923 0.997823 0.0642444 1.85583 -0.0155741 -0.064014 0.997837 114.493
0.999859 -0.0149292 0.0090292 -0.0954012 0.0143184 0.997828 0.0642492 1.92148 -0.00996923 -0.0641107 0.997902 115.733
0.999888 -0.0149165 0.00506592 -0.0963479 0.0145596 0.997819 0.0643524 1.95432 -0.00601436 -0.0642709 0.997924 116.943
0.999905 -0.0146099 -0.000371786 -0.101941 0.0146033 0.997845 0.0639227 2.01706 -0.000563295 -0.0639217 0.997965 118.18
0.999931 -0.0122919 -0.00344086 -0.115868 0.0124853 0.997903 0.0634744 2.06837 0.00265386 -0.0635125 0.997987 119.396
0.999924 -0.0118007 -0.00618743 -0.132382 0.0121684 0.997919 0.0632653 2.1362 0.00542767 -0.0633354 0.997988 120.634
0.999918 -0.0115418 -0.00745525 -0.149346 0.0119907 0.997919 0.0633142 2.19241 0.0067094 -0.0633979 0.997975 121.869
0.999922 -0.0108632 -0.00794582 -0.167661 0.0113447 0.997924 0.0633381 2.25924 0.00724093 -0.063423 0.99797 123.092
0.999912 -0.010297 -0.00972695 -0.188308 0.0108974 0.997896 0.0638573 2.32718 0.00904939 -0.0639571 0.997921 124.345
0.99991 -0.0103368 -0.00986331 -0.205434 0.0109532 0.997842 0.0646691 2.38752 0.00917321 -0.064771 0.997868 125.577
0.999925 -0.00720793 -0.0111876 -0.233619 0.00793652 0.99775 0.0665242 2.46155 0.0106835 -0.0666074 0.997732 126.845
0.999917 -0.00695582 -0.0118801 -0.260955 0.00774533 0.997665 0.0677787 2.5405 0.0113806 -0.0678648 0.997639 128.098
0.99992 -0.00731361 -0.0116113 -0.283168 0.00809042 0.997626 0.0683392 2.61163 0.0110846 -0.0684271 0.997604 129.33
0.999896 -0.00738763 -0.0132866 -0.323495 0.00826628 0.99769 0.0673602 2.665 0.0127582 -0.0674628 0.99765 130.621
0.999879 -0.00948611 -0.0134324 -0.346395 0.0103815 0.997612 0.0682474 2.7459 0.0127536 -0.068378 0.997588 131.856
0.999848 -0.0102085 -0.0149746 -0.364908 0.0112178 0.997551 0.0689615 2.82265 0.0142339 -0.0691188 0.997515 133.127
0.999825 -0.0120248 -0.0153316 -0.39492 0.0130759 0.997429 0.070418 2.88877 0.0144461 -0.0706055 0.997409 134.384
0.999826 -0.012514 -0.0146669 -0.418854 0.013523 0.997389 0.0708663 2.97504 0.0137419 -0.0710521 0.997387 135.633
0.999786 -0.0147805 -0.0154364 -0.429183 0.0158385 0.997358 0.0708394 3.03767 0.0143494 -0.071068 0.997378 136.914
0.999757 -0.0170261 -0.014883 -0.447294 0.0180354 0.997339 0.0705658 3.11477 0.013642 -0.0708167 0.997405 138.184
0.999738 -0.018004 -0.01517 -0.461486 0.0190373 0.997292 0.0709958 3.19506 0.0138514 -0.0712653 0.997371 139.471
0.999744 -0.0178584 -0.0147522 -0.484687 0.0188702 0.997251 0.0715973 3.27542 0.0134332 -0.0718571 0.997333 140.74
0.999783 -0.0167875 -0.013594 -0.498804 0.017754 0.997065 0.0744295 3.35768 0.0123053 -0.0746539 0.997144 142.027
0.999796 -0.0155425 -0.01385 -0.520638 0.0165441 0.99701 0.0754323 3.45134 0.0126363 -0.0756458 0.997064 143.293
0.999815 -0.0147277 -0.0135905 -0.53984 0.0157086 0.997045 0.0751536 3.52936 0.0124441 -0.0753524 0.997089 144.558
0.99984 -0.0142666 -0.0118919 -0.565277 0.0151174 0.997075 0.0748618 3.61825 0.0107892 -0.0750292 0.997132 145.828
0.999836 -0.0141946 -0.0125906 -0.579443 0.0150887 0.997138 0.0740277 3.7058 0.0115044 -0.0742047 0.997187 147.091
0.999849 -0.014686 -0.0107259 -0.599111 0.0154204 0.997283 0.0719679 3.78045 0.00963997 -0.0721218 0.997359 148.353
0.999833 -0.0152973 -0.0115086 -0.61311 0.0160689 0.997397 0.0702483 3.85004 0.0104048 -0.0704207 0.997474 149.604
0.99983 -0.0155408 -0.0112385 -0.632262 0.0162887 0.997419 0.0698606 3.91907 0.010124 -0.0700312 0.997503 150.868
0.99984 -0.0160334 -0.00982961 -0.648994 0.0166882 0.997361 0.0706057 3.98092 0.00867231 -0.0707575 0.997467 152.139
0.999832 -0.0148125 -0.0120426 -0.679031 0.0156272 0.997373 0.0706568 4.06667 0.0109645 -0.0708325 0.997438 153.414
0.999852 -0.0143175 -0.0110565 -0.699497 0.0150746 0.997306 0.071731 4.13885 0.0100003 -0.0718862 0.997373 154.679
0.999836 -0.014034 -0.0126282 -0.737215 0.0149058 0.997301 0.0718324 4.22476 0.0115863 -0.0720083 0.997346 155.944
0.999832 -0.0139575 -0.0131249 -0.758793 0.0148724 0.99726 0.0724 4.30093 0.012079 -0.0725822 0.9973 157.205
0.999835 -0.0141744 -0.0125816 -0.780654 0.0150547 0.997222 0.0728854 4.37019 0.0115139 -0.0730622 0.997271 158.478
0.999809 -0.0140622 -0.0147344 -0.808745 0.015123 0.997098 0.0745492 4.44062 0.0136439 -0.0747569 0.997119 159.757
0.999819 -0.0137842 -0.0141403 -0.833137 0.0148081 0.997064 0.0750683 4.52802 0.0130643 -0.0752636 0.997088 161.012
0.999804 -0.013286 -0.0158007 -0.859716 0.0144387 0.997058 0.0752219 4.61296 0.0147554 -0.0754342 0.997052 162.267
0.999791 -0.0132129 -0.0165385 -0.884144 0.0144232 0.997049 0.075347 4.68929 0.0154944 -0.0755692 0.99703 163.517
0.999792 -0.0135705 -0.0162961 -0.909548 0.0147622 0.997042 0.0753796 4.77262 0.0152255 -0.0756034 0.997032 164.788
0.999755 -0.0138759 -0.0180643 -0.936593 0.0152012 0.997031 0.0754317 4.84624 0.0169642 -0.0756871 0.996998 166.04
0.999772 -0.0137439 -0.0173731 -0.954257 0.0150118 0.99706 0.0750884 4.9349 0.0162906 -0.0753309 0.997037 167.291
0.999739 -0.0137589 -0.0189759 -0.982091 0.0151546 0.997026 0.0754927 5.0233 0.0178811 -0.07576 0.996974 168.55
0.99973 -0.0130174 -0.0201225 -1.00737 0.0145346 0.996907 0.0771891 5.11378 0.019056 -0.0774595 0.996825 169.81
0.999733 -0.0128582 -0.0199022 -1.04323 0.0143676 0.996872 0.0776626 5.19731 0.0188416 -0.0779274 0.996789 171.075
0.999703 -0.0126256 -0.0216844 -1.07007 0.0142867 0.996828 0.0782377 5.28715 0.0206284 -0.0785229 0.99671 172.332
0.999717 -0.0119657 -0.0212453 -1.10425 0.0136121 0.996767 0.0791297 5.3509 0.0202299 -0.079396 0.996646 173.576
0.999689 -0.0101998 -0.0235349 -1.1477 0.0120436 0.996752 0.0795783 5.46077 0.0226474 -0.0798358 0.996563 174.861
0.999671 -0.00923829 -0.0245564 -1.18001 0.0111538 0.996804 0.0790479 5.56478 0.0237478 -0.0792951 0.996577 176.135
0.999689 -0.0090634 -0.0240017 -1.21646 0.0109478 0.996764 0.079579 5.65268 0.0232034 -0.0798157 0.996551 177.402
0.999628 -0.00968406 -0.0260427 -1.22242 0.0117186 0.99679 0.0791408 5.72833 0.0251928 -0.0794159 0.996532 178.676
0.999658 -0.0100751 -0.0248624 -1.25717 0.0120156 0.996783 0.0791714 5.80763 0.0239854 -0.0794417 0.996562 179.948
0.999576 -0.0121059 -0.0270272 -1.2935 0.0142068 0.996773 0.0789467 5.88343 0.0259844 -0.0792965 0.996521 181.203
0.999564 -0.0122389 -0.0275359 -1.32734 0.0145127 0.996359 0.0839472 5.98655 0.0264089 -0.084309 0.996101 182.482
0.999565 -0.0133221 -0.0268657 -1.35509 0.0156284 0.996034 0.0875482 6.07565 0.0255929 -0.0879292 0.995807 183.757
0.999553 -0.0129852 -0.0276272 -1.39905 0.0153698 0.996003 0.0879302 6.14936 0.0263757 -0.0883141 0.995755 185.005
0.999594 -0.0117454 -0.0265407 -1.43749 0.0139972 0.996165 0.0863182 6.25709 0.0254251 -0.0866537 0.995924 186.266
0.999571 -0.0120482 -0.0273999 -1.47368 0.0143344 0.996287 0.0848334 6.33362 0.0262768 -0.0851883 0.99603 187.501
0.999567 -0.0120593 -0.0274053 -1.52164 0.0143585 0.996247 0.0853108 6.42579 0.0262736 -0.0856664 0.995988 188.751
0.9996 -0.0122468 -0.0262496 -1.55447 0.0145057 0.996039 0.0876629 6.53185 0.0250728 -0.0880072 0.995816 189.998
0.999575 -0.0124231 -0.0269418 -1.59518 0.0147785 0.995912 0.0890684 6.63545 0.0257251 -0.0894277 0.995672 191.224
0.999625 -0.0131128 -0.0248272 -1.63101 0.0153063 0.99579 0.090324 6.73769 0.0235392 -0.0906688 0.995615 192.498
0.99964 -0.0130541 -0.0241078 -1.6658 0.0151799 0.995803 0.0902118 6.83316 0.022829 -0.0905442 0.995642 193.698
0.999677 -0.01329 -0.0226182 -1.69304 0.0152757 0.995819 0.0900037 6.9091 0.0213283 -0.0903185 0.995698 194.924
0.999726 -0.0127917 -0.020405 -1.70867 0.0145517 0.995959 0.088576 7.01414 0.0191895 -0.0888475 0.995872 196.158
0.999745 -0.0130905 -0.0195047 -1.73867 0.014774 0.995933 0.0888201 7.10336 0.0182634 -0.089084 0.995871 197.359
0.99978 -0.0128248 -0.0175494 -1.76644 0.0143491 0.995864 0.0896798 7.2047 0.0163267 -0.0899107 0.995828 198.582
0.999791 -0.0131936 -0.0169683 -1.79358 0.014696 0.995675 0.0916897 7.29497 0.015686 -0.0919182 0.995658 199.787
0.999814 -0.0124144 -0.0158445 -1.81838 0.0138251 0.995635 0.0922681 7.38605 0.01463 -0.0924688 0.99562 200.991
0.999848 -0.0122048 -0.0140698 -1.83964 0.0134531 0.995634 0.0923172 7.47701 0.0128824 -0.0924907 0.995645 202.208
0.999852 -0.0117735 -0.0138603 -1.86158 0.0130139 0.995568 0.0930908 7.5727 0.0127029 -0.0932561 0.995572 203.393
0.999877 -0.0119163 -0.0121836 -1.8907 0.0130054 0.995523 0.0935804 7.66088 0.0110147 -0.0937255 0.995552 204.593
0.999875 -0.0116903 -0.0121689 -1.91124 0.0127834 0.995486 0.093995 7.76139 0.0110152 -0.0941374 0.99551 205.759
0.999888 -0.0116502 -0.0115003 -1.93265 0.0126856 0.995444 0.0944524 7.86676 0.0103481 -0.0945858 0.995479 206.916
0.999894 -0.0121324 -0.0100179 -1.94543 0.0130309 0.995379 0.0950915 7.95892 0.00881798 -0.0952104 0.995431 208.077
0.999893 -0.0120715 -0.0107424 -1.95463 0.0130444 0.995328 0.0956208 8.04597 0.0095386 -0.0957485 0.995377 209.204
0.999898 -0.0117706 -0.0100484 -1.9606 0.01269 0.995205 0.0969372 8.12488 0.00885923 -0.0970533 0.995252 210.337
0.999891 -0.0115005 -0.0115074 -1.97834 0.0125676 0.995163 0.0973812 8.22502 0.0103326 -0.0975131 0.995197 211.434
0.999881 -0.0113649 -0.0120135 -1.99806 0.0124805 0.995175 0.0972685 8.31232 0.0108501 -0.0974053 0.995198 212.529
0.999895 -0.0112363 -0.0114478 -2.01507 0.0123003 0.995152 0.0975189 8.40662 0.0102973 -0.0976471 0.995184 213.614
0.999862 -0.0113454 -0.013552 -2.03456 0.0126175 0.995122 0.0977931 8.49093 0.0123765 -0.0979489 0.995127 214.684
0.99985 -0.0123217 -0.0140397 -2.03963 0.0136328 0.995142 0.0974389 8.57747 0.0127716 -0.0976131 0.99516 215.743
0.999803 -0.0123026 -0.0167326 -2.06149 0.0138878 0.995068 0.0981687 8.66574 0.0154424 -0.09838 0.995042 216.786
0.999768 -0.0125621 -0.0187581 -2.08202 0.0143661 0.994944 0.0993432 8.74707 0.0174159 -0.0995873 0.994893 217.818
0.999732 -0.0120515 -0.0206954 -2.11121 0.0140915 0.994737 0.101434 8.83563 0.019364 -0.101697 0.994639 218.842
0.99966 -0.0112487 -0.0245156 -2.15249 0.0136897 0.994707 0.101779 8.93405 0.0232416 -0.102078 0.994521 219.835
0.999612 -0.0108186 -0.0264198 -2.18682 0.0134635 0.99468 0.10207 9.02113 0.0251748 -0.102384 0.994439 220.812
0.999511 -0.0105934 -0.030245 -2.22076 0.0136394 0.994649 0.102344 9.11504 0.0289996 -0.102704 0.994305 221.758
0.999403 -0.0102361 -0.0336037 -2.26256 0.0136613 0.994547 0.103332 9.20309 0.0323626 -0.103727 0.994093 222.697
0.999326 -0.0105015 -0.0358798 -2.29696 0.0141688 0.994519 0.103534 9.27238 0.0345966 -0.10397 0.993995 223.616
0.999129 -0.0114172 -0.0406325 -2.33321 0.0155613 0.994535 0.103179 9.34763 0.039232 -0.103719 0.993846 224.51
0.999061 -0.0110948 -0.0424877 -2.3743 0.0154288 0.994548 0.103075 9.41893 0.0411132 -0.103632 0.993782 225.39
0.998873 -0.0101893 -0.0467996 -2.41622 0.0149729 0.99456 0.103026 9.49141 0.0454949 -0.103608 0.993591 226.245
0.998726 -0.00949762 -0.0500779 -2.46259 0.0146221 0.99457 0.102977 9.56396 0.0488287 -0.103576 0.993439 227.077
0.998666 -0.00771909 -0.0514533 -2.51831 0.0130173 0.994544 0.103441 9.62993 0.0503737 -0.103971 0.993318 227.884
0.998586 -0.00732038 -0.0531427 -2.575 0.0128151 0.99451 0.103801 9.6996 0.0520918 -0.104333 0.993194 228.675
0.998597 -0.00754623 -0.0528109 -2.61252 0.0130316 0.994454 0.104305 9.76961 0.0517306 -0.104844 0.993157 229.453
0.998574 -0.00708954 -0.0533877 -2.65403 0.0127043 0.994324 0.105573 9.83434 0.0523369 -0.106099 0.992994 230.206
0.998582 -0.0067477 -0.0531966 -2.69169 0.0123549 0.994306 0.105788 9.89742 0.0521795 -0.106293 0.992979 230.956
0.998634 -0.00659744 -0.0523255 -2.72521 0.0120288 0.994481 0.104171 9.96288 0.0513502 -0.104655 0.993199 231.696
0.998618 -0.00653651 -0.0525431 -2.76869 0.0119299 0.994604 0.102995 10.0218 0.0515859 -0.103477 0.993308 232.437
0.99869 -0.00645313 -0.0512655 -2.81085 0.0116519 0.994734 0.101764 10.0813 0.0503396 -0.102225 0.993504 233.169
0.998714 -0.00600163 -0.0507565 -2.84705 0.0111483 0.994743 0.101728 10.1483 0.0498788 -0.102161 0.993531 233.895
0.998792 -0.00622661 -0.0492805 -2.89686 0.011221 0.994743 0.101724 10.2113 0.0483888 -0.102152 0.993609 234.614
0.9989 -0.00633008 -0.0469393 -2.92986 0.0111102 0.994687 0.102281 10.2856 0.0460421 -0.102687 0.993662 235.33
0.998963 -0.00585742 -0.0457313 -2.97298 0.0105421 0.994632 0.102877 10.368 0.044884 -0.103249 0.99366 236.047
0.999071 -0.00575647 -0.043229 -3.00442 0.0101832 0.994634 0.102885 10.4251 0.0424045 -0.103227 0.993768 236.751
0.999159 -0.00592925 -0.041244 -3.01362 0.010135 0.994673 0.102518 10.4563 0.0404172 -0.102847 0.993893 237.448
0.999266 -0.00610955 -0.0384123 -3.03613 0.0100397 0.994627 0.102964 10.5338 0.0375765 -0.103272 0.993958 238.152
0.999398 -0.00655589 -0.0348934 -3.05997 0.0101455 0.994549 0.10371 10.5857 0.034024 -0.103998 0.994014 238.857
0.999451 -0.00668064 -0.0331364 -3.08575 0.0100984 0.994512 0.104067 10.6394 0.032259 -0.104342 0.994033 239.558
0.999544 -0.00706464 -0.0303101 -3.11079 0.0101701 0.994565 0.103556 10.7077 0.0294145 -0.103814 0.994181 240.256
0.999599 -0.00704584 -0.028264 -3.14346 0.00997675 0.994423 0.104929 10.7728 0.0273668 -0.105166 0.994094 240.943
0.999671 -0.00677863 -0.0258877 -3.17174 0.00946211 0.994422 0.104983 10.8368 0.0250324 -0.10519 0.994157 241.645
0.999744 -0.00661042 -0.0226705 -3.19571 0.00896411 0.99439 0.105333 10.9019 0.0218467 -0.105507 0.994194 242.352
0.999807 -0.00662226 -0.0200036 -3.22035 0.00870996 0.994306 0.106147 10.971 0.0191875 -0.106298 0.994168 243.046
0.999857 -0.00636213 -0.0170613 -3.2456 0.00814017 0.9943 0.106241 11.046 0.0162879 -0.106362 0.99421 243.753
0.999895 -0.00649016 -0.0150079 -3.26103 0.0080554 0.994252 0.1067 11.1132 0.01423 -0.106807 0.994197 244.462
0.999929 -0.00644728 -0.0120765 -3.27189 0.00768599 0.994385 0.10548 11.1762 0.0113284 -0.105562 0.994364 245.174
0.999953 -0.00583257 -0.0108795 -3.27882 0.00693188 0.994557 0.103903 11.2561 0.010215 -0.103971 0.994547 245.882
0.999946 -0.00745198 -0.0100121 -3.27997 0.00844757 0.994602 0.10336 11.3206 0.00918754 -0.103437 0.99461 246.604
0.999956 -0.00725502 -0.00964526 -3.28947 0.00821909 0.994539 0.103985 11.3905 0.00883899 -0.104057 0.994551 247.34
0.999938 -0.00804811 -0.0103723 -3.29102 0.00909437 0.994414 0.105101 11.4687 0.00946822 -0.105186 0.994424 248.072
0.999957 -0.00750719 -0.00931559 -3.30109 0.00845065 0.99435 0.105753 11.5474 0.00846985 -0.105824 0.994368 248.801
0.99995 -0.00740004 -0.00969813 -3.31315 0.00838047 0.994402 0.105271 11.6295 0.00886456 -0.105344 0.994413 249.536
0.999958 -0.00764702 -0.00918179 -3.32228 0.00857228 0.99439 0.105365 11.7089 0.0083254 -0.105436 0.994411 250.276
0.999918 -0.011903 -0.00849034 -3.33652 0.0127245 0.994453 0.104349 11.8124 0.00720082 -0.104446 0.994522 251.059
0.999911 -0.0128141 -0.00837 -3.34506 0.0136179 0.99444 0.104352 11.8875 0.00698721 -0.104453 0.994523 251.802
0.999934 -0.0114772 -0.00702966 -3.35162 0.0121625 0.994203 0.106778 11.9536 0.00576293 -0.106853 0.994276 252.573
0.999982 -0.00628171 -0.00727975 -3.34236 0.00706084 0.993621 0.112483 12.0324 0.00652766 -0.112529 0.993645 253.358
0.999981 -0.00641965 -0.00684113 -3.33963 0.00718178 0.992994 0.1179 12.0782 0.00603583 -0.117944 0.993021 254.168
0.999995 -0.00709962 -0.00415621 -3.3425 0.00753878 0.99304 0.117475 12.1647 0.00329413 -0.117502 0.993085 254.966
1.00001 -0.0048687 -0.000697978 -3.34496 0.00491656 0.993701 0.111907 12.2481 0.000148297 -0.111909 0.993737 255.776
1.00002 -0.000562975 0.00284034 -3.34748 0.000247926 0.993947 0.109794 12.3118 -0.00288415 -0.109793 0.993968 256.619
1.00001 -0.000371845 0.00558638 -3.3455 -0.000252379 0.993771 0.111404 12.3973 -0.00559341 -0.111403 0.993779 257.426
0.999989 -0.00116136 0.00886431 -3.33732 0.00014756 0.993525 0.113546 12.4801 -0.0089379 -0.11354 0.993512 258.252
0.999939 -0.00401399 0.0127477 -3.32645 0.00249569 0.993127 0.116978 12.5739 -0.01313 -0.116936 0.993073 259.08
0.999903 -0.00527878 0.0150646 -3.3123 0.0034569 0.992941 0.118501 12.6779 -0.0155828 -0.118434 0.992859 259.911
0.99983 -0.00546843 0.0191684 -3.30013 0.00313746 0.992814 0.119597 12.7687 -0.019685 -0.119513 0.992658 260.738
0.999822 -0.00333429 0.0201583 -3.28127 0.000926445 0.99297 0.118304 12.8667 -0.0204101 -0.118261 0.992792 261.611
0.999764 -0.00335406 0.0227601 -3.26636 0.000630536 0.992933 0.11864 12.9616 -0.0229975 -0.118594 0.992698 262.442
0.99968 -0.00299482 0.0262964 -3.25009 -0.000170581 0.992821 0.119561 13.05 -0.0264647 -0.119524 0.992498 263.273
0.999614 -0.00246321 0.028726 -3.22898 -0.00104407 0.992593 0.121453 13.1398 -0.0288128 -0.121432 0.992204 264.106
0.999488 -0.00186278 0.0329048 -3.21125 -0.00221109 0.992355 0.123347 13.2318 -0.032882 -0.123352 0.991838 264.941
0.999419 -0.00121339 0.0349781 -3.18838 -0.00314299 0.992245 0.124229 13.3255 -0.0348582 -0.124263 0.991659 265.771
0.999365 -0.00187332 0.0364453 -3.17256 -0.00265927 0.992282 0.123929 13.4395 -0.0363952 -0.123943 0.991641 266.635
0.999235 -0.0028905 0.0398166 -3.13781 -0.00209397 0.992203 0.124583 13.541 -0.0398668 -0.124567 0.991433 267.475
0.999178 -0.00441918 0.0411124 -3.09789 -0.000787102 0.992054 0.125769 13.6365 -0.0413405 -0.125694 0.991227 268.303
0.999102 -0.00435524 0.0429221 -3.05944 -0.00111114 0.991959 0.12652 13.7223 -0.0431285 -0.126449 0.99106 269.15
0.999099 -0.00482643 0.0429265 -3.0255 -0.000678574 0.991856 0.127316 13.826 -0.0431904 -0.127227 0.990952 269.99
0.999155 -0.00526955 0.0415667 -2.98893 -7.30679e-05 0.991834 0.127499 13.931 -0.0418997 -0.127389 0.990992 270.896
0.999122 -0.00496971 0.0423935 -2.96 -0.000526923 0.991681 0.128675 14.0238 -0.0426793 -0.12858 0.9908 271.743
0.999168 -0.00449861 0.0413626 -2.9275 -0.000909719 0.991531 0.129821 14.1154 -0.041597 -0.129746 0.990697 272.597
0.999174 -0.00443298 0.0412184 -2.898 -0.000977702 0.991464 0.130334 14.2111 -0.0414434 -0.130263 0.990633 273.445
0.999301 -0.00337793 0.0381232 -2.87112 -0.00160214 0.991526 0.129857 14.3072 -0.0382395 -0.129823 0.990823 274.331
0.99935 -0.00286594 0.0369019 -2.84551 -0.00196288 0.991485 0.130163 14.4075 -0.0369598 -0.130146 0.990826 275.179
0.9994 -0.00274667 0.0354906 -2.81852 -0.00188927 0.991514 0.129942 14.5208 -0.0355471 -0.129926 0.990909 276.051
0.999479 -0.00187279 0.0333006 -2.79596 -0.00249509 0.99142 0.130649 14.6128 -0.0332587 -0.130659 0.99089 276.901
0.99952 -0.00191863 0.032035 -2.77439 -0.00232317 0.99126 0.13186 14.7202 -0.0320088 -0.131866 0.990774 277.742
0.999643 -0.00211101 0.0279279 -2.7518 -0.00164204 0.991017 0.133689 14.831 -0.0279584 -0.133683 0.990651 278.615
0.999743 -0.00295167 0.024018 -2.73245 -0.000341218 0.990709 0.135965 14.9458 -0.024197 -0.135933 0.990447 279.452
0.999827 -0.00355614 0.0201037 -2.71693 0.000754624 0.990471 0.137683 15.0618 -0.0204009 -0.13764 0.990293 280.278
0.999917 -0.00360205 0.0150084 -2.70608 0.00148225 0.990296 0.138936 15.1758 -0.0153642 -0.138897 0.990213 281.099
0.999966 -0.00402174 0.0112042 -2.69828 0.00241386 0.990146 0.139994 15.2872 -0.0116558 -0.139958 0.990111 281.909
1.00001 -0.00413873 0.00522726 -2.69417 0.00335996 0.989987 0.141092 15.402 -0.00575992 -0.141071 0.990008 282.734
1.00003 -0.00371982 0.000759881 -2.6969 0.00357436 0.989878 0.141853 15.4872 -0.00127887 -0.141849 0.989911 283.522
1.00003 -0.00367 -0.00238655 -2.69919 0.00397283 0.989774 0.142563 15.5864 0.00183777 -0.14257 0.989809 284.293
1 -0.00396901 -0.00731473 -2.70319 0.00497694 0.989648 0.143401 15.6894 0.00667083 -0.143432 0.989662 285.098
0.999978 -0.0038104 -0.0103041 -2.7177 0.00525593 0.989542 0.14412 15.7865 0.0096459 -0.144165 0.989533 285.834
0.999927 -0.00440555 -0.0143253 -2.73184 0.00643526 0.989421 0.144905 15.8955 0.0135364 -0.144982 0.989366 286.557
0.999859 -0.0050776 -0.0182485 -2.74453 0.00768281 0.989299 0.14567 15.9939 0.0173123 -0.145784 0.989192 287.258
0.99974 -0.00418062 -0.024109 -2.77504 0.00762842 0.989434 0.144758 16.0769 0.0232501 -0.144899 0.989197 287.981
0.999567 -0.00417197 -0.0304518 -2.79741 0.00854673 0.989393 0.144988 16.1857 0.0295225 -0.14518 0.988993 288.639
0.999315 -0.0039404 -0.0378767 -2.82803 0.00939332 0.989398 0.144897 16.2775 0.0369052 -0.145148 0.988745 289.272
0.998782 -0.004984 -0.0498761 -2.87514 0.0121229 0.989517 0.143882 16.3631 0.0486345 -0.144306 0.988365 289.939
0.99802 -0.00496648 -0.0633421 -2.92495 0.0140119 0.989593 0.143179 16.4359 0.0619727 -0.143778 0.987692 290.578
0.996837 -0.00475602 -0.079836 -2.98904 0.0161987 0.989542 0.143308 16.5115 0.0783174 -0.144141 0.986481 291.202
0.995072 -0.00254086 -0.0995371 -3.06565 0.0168572 0.989537 0.14326 16.5936 0.0981324 -0.144226 0.984691 291.821
0.992609 -0.00157203 -0.121679 -3.15423 0.0190191 0.989628 0.142364 16.6719 0.120191 -0.14362 0.982336 292.409
0.989007 -0.0010191 -0.148135 -3.25788 0.022193 0.989705 0.14136 16.7531 0.146466 -0.143087 0.978837 293.031
0.984462 0.000308809 -0.175828 -3.37017 0.0248399 0.98972 0.140817 16.8179 0.174061 -0.14299 0.974327 293.607
0.978611 0.00118786 -0.205914 -3.49343 0.0284003 0.989643 0.140682 16.8795 0.203948 -0.143515 0.96843 294.149
0.970925 0.000513067 -0.239553 -3.63765 0.034086 0.989522 0.140272 16.9599 0.237111 -0.144353 0.960727 294.709
0.961496 0.000676659 -0.274966 -3.79763 0.0393836 0.989342 0.140149 17.0227 0.27213 -0.145576 0.95121 295.218
0.950309 0.00155829 -0.311436 -3.96929 0.0442188 0.989177 0.139877 17.0834 0.308279 -0.146691 0.939948 295.701
0.936825 0.00287649 -0.349902 -4.17062 0.0491449 0.988967 0.139709 17.1451 0.346443 -0.148073 0.926337 296.193
0.921403 0.00325357 -0.388701 -4.37558 0.054811 0.988881 0.138205 17.2084 0.384823 -0.148641 0.910973 296.644
0.903502 0.00345217 -0.428664 -4.60084 0.0611326 0.988704 0.136812 17.2684 0.424293 -0.149809 0.893075 297.105
0.883255 0.00374483 -0.468968 -4.84733 0.0675445 0.988522 0.135107 17.3268 0.464084 -0.151004 0.872857 297.525
0.859847 0.0029812 -0.510622 -5.1031 0.0750489 0.98838 0.132146 17.3713 0.505081 -0.151941 0.849623 297.918
0.833491 0.00252994 -0.552603 -5.3828 0.0825926 0.988182 0.129099 17.4335 0.546392 -0.153237 0.823426 298.326
0.804295 0.0015768 -0.594296 -5.67478 0.090203 0.988081 0.124698 17.486 0.587407 -0.153895 0.794557 298.699
0.772057 0.00285818 -0.635614 -5.97705 0.0953886 0.988139 0.120309 17.539 0.62841 -0.153509 0.762621 299.029
0.736337 0.00242769 -0.67667 -6.30997 0.102753 0.98799 0.115358 17.5799 0.66882 -0.154466 0.727237 299.364
0.697283 0.00155344 -0.716855 -6.6428 0.111876 0.987504 0.110961 17.6148 0.70806 -0.157563 0.68839 299.652
0.653584 0.000371711 -0.756907 -7.014 0.123498 0.986541 0.107123 17.651 0.746756 -0.163484 0.644735 299.941
0.605373 0.00122011 -0.795997 -7.38461 0.132629 0.98586 0.102379 17.6837 0.784855 -0.167542 0.596646 300.186
0.554651 0.00424057 -0.832121 -7.74224 0.136658 0.98594 0.0961136 17.7064 0.820825 -0.167019 0.546267 300.382
0.501548 0.00970689 -0.865127 -8.15398 0.137046 0.986416 0.090519 17.733 0.854242 -0.163955 0.4934 300.561
0.446346 0.0133648 -0.894806 -8.55203 0.137654 0.986958 0.0834056 17.7587 0.884246 -0.160395 0.438681 300.71
0.389397 0.0154356 -0.92099 -8.93517 0.140737 0.987118 0.0760479 17.7707 0.910287 -0.159223 0.382205 300.827
0.331206 0.0170537 -0.943447 -9.35347 0.144737 0.987081 0.0686536 17.7873 0.932425 -0.159283 0.324456 300.917
0.273016 0.0197076 -0.961855 -9.74038 0.14908 0.986842 0.0625349 17.7963 0.950418 -0.160459 0.266483 300.999
0.213791 0.0226613 -0.976658 -10.1618 0.152818 0.986642 0.056345 17.8157 0.964884 -0.16129 0.207471 301.04
0.152032 0.0257262 -0.988088 -10.5743 0.155911 0.986517 0.0496745 17.8132 0.97603 -0.161598 0.145969 301.064
0.0877459 0.0287714 -0.995769 -10.9895 0.156862 0.986709 0.0423323 17.8278 0.983746 -0.159906 0.082067 301.069
0.0239829 0.0343331 -0.999169 -11.4295 0.158807 0.986585 0.0377124 17.8328 0.987047 -0.159572 0.0182081 301.028
-0.0421436 0.0398142 -0.998359 -11.8754 0.160059 0.986566 0.0325875 17.8265 0.986238 -0.158417 -0.0479478 300.965
-0.109273 0.045053 -0.993037 -12.3153 0.1606 0.986644 0.0270904 17.8189 0.980981 -0.156514 -0.115049 300.886
-0.17521 0.0511943 -0.983242 -12.7768 0.160966 0.986696 0.0226908 17.8176 0.971315 -0.154286 -0.181115 300.756
-0.240751 0.0564346 -0.968993 -13.228 0.161461 0.986723 0.017351 17.8177 0.957094 -0.15227 -0.246666 300.615
-0.304387 0.0603557 -0.950679 -13.6939 0.162501 0.986649 0.0106103 17.8052 0.938619 -0.15125 -0.310125 300.425
-0.365176 0.0624515 -0.928892 -14.1482 0.162748 0.986661 0.00235391 17.7933 0.916636 -0.150308 -0.370467 300.213
-0.423771 0.0628803 -0.903632 -14.5927 0.16156 0.986835 -0.0070954 17.7749 0.891282 -0.148991 -0.428343 299.971
-0.478661 0.0625585 -0.875822 -15.0534 0.159628 0.987032 -0.0167397 17.7523 0.863405 -0.14781 -0.482437 299.682
-0.529223 0.0627018 -0.846215 -15.498 0.157177 0.987247 -0.0251465 17.7327 0.833839 -0.146307 -0.532319 299.372
-0.575148 0.0634879 -0.81564 -15.9544 0.154782 0.987418 -0.032286 17.7103 0.803316 -0.144807 -0.577734 299.008
-0.615431 0.0632762 -0.785703 -16.4141 0.151008 0.987771 -0.0387326 17.6803 0.773637 -0.142478 -0.61745 298.617
-0.652398 0.0649757 -0.755148 -16.8675 0.149556 0.987761 -0.0442168 17.6552 0.743023 -0.141776 -0.654126 298.198
-0.688949 0.0709338 -0.721393 -17.3345 0.151931 0.98722 -0.0480252 17.5991 0.708761 -0.142682 -0.69091 297.748
-0.724306 0.0751108 -0.685443 -17.7907 0.151641 0.98706 -0.0520772 17.5521 0.672652 -0.141653 -0.726318 297.258
-0.756984 0.0769878 -0.648953 -18.2302 0.149738 0.987045 -0.057567 17.4864 0.636108 -0.140743 -0.758693 296.725
-0.786562 0.0755003 -0.612955 -18.6501 0.145437 0.987225 -0.065029 17.438 0.600206 -0.140287 -0.787489 296.156
-0.813639 0.0740652 -0.576714 -19.0795 0.142053 0.987113 -0.07364 17.3737 0.563822 -0.141834 -0.813662 295.529
-0.838262 0.069252 -0.540938 -19.4795 0.135256 0.987308 -0.0832021 17.3118 0.528304 -0.142902 -0.836983 294.87
-0.860478 0.0672796 -0.505119 -19.8563 0.130381 0.987313 -0.0906002 17.2205 0.49261 -0.143811 -0.858319 294.17
-0.881493 0.0654113 -0.467744 -20.2461 0.12442 0.987536 -0.0963765 17.1489 0.455603 -0.143143 -0.878637 293.397
-0.900388 0.0617513 -0.430795 -20.593 0.116589 0.987919 -0.102067 17.0701 0.419283 -0.142119 -0.896695 292.612
-0.918056 0.0604768 -0.39193 -20.923 0.110651 0.988111 -0.106718 16.9581 0.380812 -0.141332 -0.913825 291.765
-0.933549 0.0625682 -0.353081 -21.2252 0.107837 0.988059 -0.110032 16.8571 0.341977 -0.140788 -0.929133 290.908
-0.947512 0.0637589 -0.31345 -21.5213 0.103882 0.988145 -0.113019 16.7455 0.302525 -0.13964 -0.942894 290.049
-0.959475 0.0627024 -0.274905 -21.786 0.0974562 0.988612 -0.114653 16.641 0.264582 -0.136791 -0.954643 289.127
-0.969123 0.0647716 -0.238118 -22.0082 0.0946172 0.988714 -0.11614 16.5179 0.227906 -0.135076 -0.964305 288.216
-0.977362 0.0649045 -0.201614 -22.208 0.0900346 0.988909 -0.118107 16.403 0.19171 -0.133579 -0.97235 287.244
-0.983741 0.063243 -0.168376 -22.3794 0.0845676 0.988836 -0.122674 16.2817 0.158737 -0.13491 -0.978096 286.262
-0.988986 0.0623475 -0.134595 -22.5293 0.0796264 0.988686 -0.127106 16.1404 0.125146 -0.136416 -0.982745 285.244
-0.99287 0.0607314 -0.103041 -22.6288 0.0738928 0.988862 -0.129177 16.013 0.094049 -0.135861 -0.98629 284.199
-0.995509 0.061023 -0.0730409 -22.6823 0.0702608 0.988821 -0.131501 15.8783 0.0641987 -0.136035 -0.988652 283.119
-0.997296 0.0598249 -0.0437933 -22.7405 0.0651867 0.988891 -0.133574 15.7324 0.035317 -0.136059 -0.990107 282.01
-0.998111 0.0596108 -0.0178416 -22.7413 0.0614706 0.989002 -0.134509 15.5729 0.00962677 -0.135344 -0.990782 280.886
-0.998305 0.0584872 0.00801812 -22.7337 0.0568783 0.989274 -0.134523 15.4275 -0.0157979 -0.13383 -0.990914 279.759
-0.997902 0.0577607 0.0308711 -22.699 0.0531243 0.98953 -0.134185 15.2589 -0.0382984 -0.132256 -0.990506 278.606
-0.99716 0.0556333 0.0517089 -22.626 0.0482103 0.989657 -0.135089 15.0747 -0.0586869 -0.132204 -0.98952 277.429
-0.996389 0.0516862 0.0680878 -22.5429 0.0419819 0.989691 -0.136919 14.9087 -0.0744622 -0.133558 -0.988271 276.238
-0.995678 0.0489936 0.07952 -22.4374 0.0376922 0.989732 -0.137853 14.7431 -0.0854544 -0.134251 -0.987293 275.042
-0.995133 0.0465516 0.087415 -22.3196 0.0343494 0.990082 -0.136213 14.5798 -0.0928882 -0.13254 -0.986847 273.815
-0.995044 0.0433055 0.0900585 -22.196 0.0309154 0.990404 -0.134675 14.4113 -0.0950233 -0.131214 -0.986826 272.579
-0.994964 0.0428211 0.0911703 -22.0731 0.0303353 0.990494 -0.134156 14.2293 -0.0960476 -0.130707 -0.986789 271.325
-0.995278 0.0415922 0.0882628 -21.9475 0.0295088 0.990535 -0.134032 14.0549 -0.092999 -0.130786 -0.987077 270.055
-0.995334 0.0420768 0.0873984 -21.8217 0.0301605 0.990598 -0.133423 13.8832 -0.09219 -0.130157 -0.98723 268.743
-0.995547 0.0422687 0.084845 -21.7002 0.0307871 0.990725 -0.132329 13.7221 -0.0896484 -0.129119 -0.987606 267.43
