0.999653 0.000176929 0.0269793 0.161992 -0.000200113 1 0.000856921 -0.0198843 -0.0269776 -0.000862192 0.999651 0.582138
0.999628 -0.000896965 0.0272754 0.186083 0.000876795 0.999999 0.000751396 -0.0304349 -0.0272758 -0.000727091 0.999628 1.90507
0.999663 -0.00226798 0.0265149 0.216654 0.00226891 0.999998 -6.60511e-06 -0.0468497 -0.0265132 6.65663e-05 0.999664 3.23919
0.999612 -0.00236698 0.0277807 0.242551 0.0023632 0.999997 0.000170442 -0.0586901 -0.0277807 -0.000104599 0.999615 4.5669
0.999645 -0.00205212 0.0272002 0.269228 0.00199984 0.999996 0.00194839 -0.0681734 -0.0272024 -0.00189345 0.999644 5.89645
0.999622 -0.00393805 0.0272256 0.301299 0.00385931 0.999988 0.00294314 -0.0926617 -0.0272366 -0.00283685 0.999626 7.23119
0.999628 -0.00375371 0.0276403 0.330193 0.00366631 0.999988 0.00320978 -0.103161 -0.0276503 -0.00310741 0.999628 8.57224
0.999635 -0.00288785 0.0268854 0.363189 0.00285959 0.999995 0.00108786 -0.122349 -0.0268882 -0.00101038 0.999639 9.90475
0.999638 -0.000528852 0.027529 0.386059 0.000559712 0.999999 -0.00111664 -0.116657 -0.0275268 0.00113147 0.999637 11.2414
0.999635 0.00284141 0.0269181 0.411758 -0.00279135 0.999994 -0.00189414 -0.144958 -0.026923 0.00181854 0.999637 12.5871
0.999635 0.00554053 0.0270846 0.436016 -0.00549742 0.999983 -0.00166919 -0.162023 -0.0270917 0.00151954 0.999648 13.9356
0.999589 0.00571018 0.0281418 0.45947 -0.00567868 0.999983 -0.00119774 -0.156836 -0.0281478 0.00103769 0.999605 15.2794
0.999618 0.00415914 0.0279916 0.501117 -0.00420393 0.99999 0.00153751 -0.164572 -0.0279831 -0.00165458 0.999623 16.6375
0.999564 9.56873e-05 0.0295922 0.53847 -0.00020278 0.999993 0.00361126 -0.18024 -0.0295912 -0.00361544 0.999558 17.9815
0.999613 -0.00232129 0.0283554 0.588288 0.00226898 0.999996 0.00187219 -0.199899 -0.0283578 -0.00180718 0.999613 19.3228
0.999548 -0.00332762 0.0299426 0.630424 0.00336617 0.999994 -0.00124177 -0.202065 -0.0299378 0.00134221 0.999553 20.6432
0.999576 -0.00103051 0.0297305 0.669255 0.0010981 0.999997 -0.00226264 -0.200316 -0.0297262 0.00229424 0.999572 21.9816
0.999529 0.0011098 0.030755 0.702564 -0.00103621 0.999997 -0.00240883 -0.195552 -0.0307572 0.002376 0.999527 23.3104
0.999482 0.00182382 0.0327153 0.733669 -0.00192885 0.999994 0.00317618 -0.185173 -0.0327073 -0.00323759 0.999477 24.6355
0.999493 -6.72588e-05 0.0319324 0.781961 -6.01548e-05 0.999992 0.00398861 -0.201133 -0.031932 -0.00398849 0.999486 26.0078
0.999475 -0.00263913 0.0328947 0.823685 0.00252389 0.999991 0.00354102 -0.232959 -0.0329018 -0.00345609 0.99947 27.349
0.999494 -0.00300753 0.0317516 0.861514 0.00297014 0.999995 0.00122258 -0.235694 -0.0317546 -0.00112761 0.999499 28.7355
0.99944 -0.00267591 0.0339906 0.902043 0.00265077 0.999996 0.00077973 -0.263523 -0.0339907 -0.000689221 0.99944 30.091
0.999463 0.000116562 0.0328734 0.92774 -0.000117119 1 1.66959e-05 -0.275136 -0.032873 -2.04804e-05 0.999464 31.5188
0.999462 0.000689865 0.0334412 0.971061 -0.00067582 0.999999 -0.000435837 -0.292409 -0.0334397 0.000412877 0.999459 32.9041
0.999411 0.000594043 0.0344229 1.02291 -0.000594818 1 1.30056e-05 -0.315115 -0.0344225 -3.34312e-05 0.999412 34.2785
0.999481 0.000698731 0.0328861 1.06248 -0.0007884 0.999996 0.00270847 -0.334676 -0.0328822 -0.00273292 0.999476 35.7003
0.999427 0.00146931 0.0339535 1.09737 -0.00164328 0.999987 0.00509896 -0.346702 -0.0339451 -0.0051518 0.999416 37.0923
0.999477 0.00412856 0.0328064 1.14004 -0.00429977 0.999978 0.00514316 -0.358056 -0.0327826 -0.00528145 0.999469 38.5018
0.999432 0.0060575 0.0333118 1.16431 -0.00624253 0.999968 0.00545686 -0.367946 -0.0332771 -0.00566169 0.999436 39.891
0.999427 0.00707043 0.0338235 1.19703 -0.00726431 0.999958 0.00560491 -0.365874 -0.0337806 -0.0058473 0.999433 41.2926
0.999453 0.00744561 0.0323676 1.23395 -0.00763829 0.999955 0.00583826 -0.365748 -0.0323221 -0.00608223 0.999466 42.7183
0.999424 0.0059463 0.0341769 1.2745 -0.00617973 0.999959 0.00672291 -0.377487 -0.0341336 -0.00693012 0.999415 44.0991
0.999468 0.00518267 0.0323668 1.32969 -0.00537375 0.999969 0.00582303 -0.392506 -0.0323351 -0.00599375 0.999465 45.5166
0.9995 0.00430395 0.0321195 1.3606 -0.00446728 0.999978 0.00500766 -0.386742 -0.0320953 -0.00514858 0.999494 46.9499
0.99954 0.00437416 0.0301798 1.40008 -0.00451861 0.999979 0.00472421 -0.394071 -0.030158 -0.00485831 0.999539 48.3889
0.999601 0.00363117 0.0288908 1.42353 -0.00380443 0.999975 0.00593335 -0.400919 -0.0288666 -0.00604069 0.999587 49.8187
0.999561 0.00434358 0.0294935 1.48202 -0.00449354 0.999978 0.00502302 -0.419283 -0.0294706 -0.00515321 0.999559 51.2186
0.999651 0.00409124 0.0271176 1.5108 -0.00425395 0.999974 0.0059314 -0.417919 -0.0270907 -0.0060444 0.999639 52.6633
0.999614 0.00230008 0.0278597 1.55178 -0.00248062 0.999977 0.00644596 -0.414482 -0.0278437 -0.00651246 0.999598 54.087
0.999681 0.00159213 0.0262621 1.58762 -0.00174209 0.999983 0.0056754 -0.433931 -0.0262507 -0.00571912 0.999664 55.5451
0.999678 -0.00143353 0.0255791 1.61011 0.00127345 0.999981 0.0062649 -0.438945 -0.0255871 -0.00623025 0.99966 56.9868
0.999676 -0.00192949 0.0264429 1.64928 0.00177169 0.999982 0.00597335 -0.453459 -0.0264519 -0.00592437 0.999658 58.4124
0.999659 -0.00361946 0.02607 1.68773 0.00346396 0.999977 0.00599547 -0.46269 -0.0260906 -0.00590305 0.999649 59.8375
0.99963 -0.00385999 0.027953 1.73081 0.00368588 0.999974 0.00625912 -0.481613 -0.0279745 -0.0061537 0.999615 61.2352
0.999597 -0.00476776 0.02821 1.77728 0.004599 0.999972 0.00602709 -0.513913 -0.0282374 -0.00589492 0.999591 62.6745
0.999593 -0.00725744 0.0286065 1.82035 0.00711405 0.999962 0.00509182 -0.507574 -0.0286405 -0.00488608 0.999604 64.1208
0.99948 -0.0071406 0.031678 1.84573 0.00697681 0.999962 0.0052624 -0.517541 -0.0317138 -0.00503851 0.999492 65.5139
0.999526 -0.00603864 0.0311196 1.88129 0.00586687 0.999968 0.00558892 -0.52762 -0.0311504 -0.0054035 0.999526 66.9361
0.999421 -0.004123 0.0340083 1.92587 0.00387699 0.999967 0.00728443 -0.541772 -0.0340366 -0.0071484 0.999403 68.3397
0.999481 -0.0014994 0.0330696 1.96198 0.00122961 0.999967 0.00815524 -0.554332 -0.0330787 -0.00811009 0.999446 69.7882
0.999395 0.00259211 0.034879 1.9943 -0.0029195 0.999953 0.0093333 -0.571892 -0.0348526 -0.00942958 0.999357 71.177
0.999397 0.00587128 0.0351324 2.02171 -0.0061997 0.99994 0.00922667 -0.570229 -0.0350742 -0.0094386 0.999365 72.5908
0.999311 0.0102922 0.0358569 2.05924 -0.0105965 0.99991 0.0083077 -0.580018 -0.0357676 -0.00868201 0.999331 73.9947
0.999274 0.0102042 0.0375564 2.10225 -0.0105133 0.999914 0.00802642 -0.574489 -0.0374694 -0.00841506 0.999288 75.4171
0.999246 0.0111442 0.0373925 2.14309 -0.0114669 0.999899 0.00842694 -0.579182 -0.0372942 -0.0088494 0.999274 76.829
0.99917 0.00931821 0.0404486 2.19298 -0.0096225 0.999929 0.00732184 -0.588264 -0.0403755 -0.00770458 0.99918 78.2087
0.999183 0.0087621 0.0396592 2.23672 -0.00902516 0.999939 0.00645669 -0.583007 -0.0395997 -0.00680933 0.999202 79.6142
0.999192 0.00803543 0.0401695 2.2851 -0.00823967 0.999957 0.00490719 -0.588605 -0.0401264 -0.00523393 0.999207 81.0314
0.999103 0.00722629 0.0419354 2.35019 -0.00743976 0.999961 0.00493178 -0.605768 -0.0418976 -0.00523928 0.999118 82.4015
0.999155 0.00730541 0.0412272 2.39907 -0.00748684 0.999965 0.00423383 -0.629369 -0.0411928 -0.00453867 0.999167 83.8231
0.999118 0.00733812 0.041565 2.44413 -0.00753714 0.999962 0.00462789 -0.636865 -0.0415289 -0.00493702 0.999135 85.1747
0.999199 0.00600937 0.0403643 2.49188 -0.00620078 0.999972 0.00460133 -0.650468 -0.0403336 -0.0048476 0.999201 86.5925
0.99921 0.00328837 0.0398177 2.53855 -0.00348107 0.999984 0.00476335 -0.675428 -0.0398007 -0.0048981 0.999206 87.9768
0.999215 0.000377088 0.0404389 2.59122 -0.000548905 0.999993 0.00421803 -0.686194 -0.040435 -0.00423661 0.999201 89.3507
0.999237 -0.00146367 0.0392588 2.64987 0.00131555 0.999993 0.00378683 -0.695177 -0.0392634 -0.00373214 0.999233 90.7454
0.999248 -0.00393243 0.0394332 2.70762 0.00379069 0.999988 0.00364776 -0.705643 -0.0394451 -0.00349527 0.999243 92.1262
0.999237 -0.00523818 0.0389362 2.75589 0.00509847 0.999981 0.00367276 -0.733198 -0.038954 -0.00347125 0.999247 93.5195
0.999225 -0.00454112 0.0399492 2.79695 0.00442248 0.999988 0.00303648 -0.744194 -0.0399606 -0.00285725 0.999225 94.8838
0.999215 -0.00486815 0.0395426 2.84265 0.0047651 0.999986 0.00268579 -0.768886 -0.0395545 -0.00249499 0.999226 96.2567
0.999206 -0.00531488 0.0403209 2.88684 0.00522028 0.999985 0.00242957 -0.789352 -0.0403314 -0.00221695 0.999212 97.632
0.999139 -0.00499498 0.0414013 2.9289 0.00492044 0.999987 0.00188887 -0.80499 -0.0414095 -0.00168324 0.999153 98.9987
0.999144 -0.00481327 0.0419005 2.97564 0.00468634 0.999986 0.00310761 -0.824492 -0.041913 -0.00290833 0.999145 100.368
0.999027 -0.004815 0.0440629 3.02336 0.00465599 0.999983 0.00369769 -0.835173 -0.0440793 -0.00348855 0.999034 101.702
0.999084 -0.0053835 0.0432522 3.07256 0.00526349 0.999984 0.00286912 -0.858543 -0.043265 -0.00263863 0.999088 103.067
0.999033 -0.00549963 0.0438538 3.12143 0.00544502 0.999985 0.00135305 -0.869986 -0.0438599 -0.00111255 0.999049 104.411
0.999035 -0.00560152 0.0443368 3.16806 0.00560897 0.999986 -6.3561e-05 -0.889998 -0.044334 0.000312294 0.999044 105.719
0.998998 -0.00859494 0.0441567 3.22451 0.00857617 0.999964 0.000599129 -0.906819 -0.0441596 -0.000219378 0.999037 107.075
0.998979 -0.0103224 0.0447532 3.2864 0.0102587 0.999948 0.00163125 -0.911233 -0.0447659 -0.00117035 0.999024 108.37
0.998906 -0.0120034 0.0454287 3.34215 0.0119253 0.999928 0.00197212 -0.929442 -0.0454484 -0.00142772 0.998978 109.714
0.998869 -0.0122064 0.0466865 3.39701 0.0121612 0.999928 0.00122982 -0.955369 -0.0466962 -0.000660489 0.998937 111.042
0.998762 -0.0106208 0.0488123 3.44849 0.0106469 0.999944 -0.00028916 -0.975282 -0.0488058 0.000809028 0.998821 112.358
0.998743 -0.00890835 0.0500418 3.50375 0.008984 0.999961 -0.0013076 -0.997341 -0.0500262 0.00175567 0.998774 113.718
0.998602 -0.00673464 0.0526408 3.56064 0.00683062 0.999976 -0.00165497 -1.01656 -0.0526277 0.00201279 0.998626 115.042
0.998564 -0.0055574 0.0539486 3.62473 0.00551655 0.999987 0.000890426 -1.03028 -0.0539508 -0.000591319 0.998572 116.4
0.998433 -0.00575287 0.0558682 3.68129 0.00560691 0.999981 0.00275788 -1.04792 -0.0558821 -0.00243978 0.998448 117.725
0.99843 -0.00565389 0.0563618 3.75058 0.00545996 0.999981 0.00357843 -1.06045 -0.0563788 -0.00326476 0.998433 119.088
0.998325 -0.00456176 0.0578825 3.82026 0.00440008 0.999987 0.00291174 -1.06792 -0.0578941 -0.00265163 0.998333 120.437
0.998213 -0.00295319 0.0602771 3.89125 0.00282505 0.999996 0.00219722 -1.08294 -0.0602813 -0.00202268 0.998209 121.757
0.998152 -0.000503597 0.060958 3.96573 0.00044427 1 0.000980353 -1.09976 -0.0609575 -0.000950849 0.998155 123.13
0.99801 0.000343559 0.0636241 4.04463 -0.000376433 1 0.000492213 -1.1129 -0.0636221 -0.000514776 0.998005 124.46
0.997942 0.00171774 0.0642943 4.12454 -0.0017466 1 0.000388241 -1.12364 -0.0642925 -0.000499087 0.997946 125.825
0.997829 0.000886331 0.0663927 4.21601 -0.000918648 1 0.000445961 -1.13137 -0.0663904 -0.000505385 0.997824 127.16
0.99763 0.000242567 0.0689824 4.30587 -0.000336232 1 0.00134153 -1.13672 -0.068981 -0.00136094 0.997632 128.479
0.997645 -0.00119369 0.0691009 4.38924 0.00110808 1 0.00126701 -1.1595 -0.0691004 -0.00118688 0.99764 129.855
0.997488 -0.00129436 0.0710038 4.4788 0.00116561 0.999999 0.00184986 -1.17206 -0.0710049 -0.00176186 0.99749 131.176
0.997501 -0.00179114 0.0711415 4.56817 0.00165853 0.999998 0.00191285 -1.19472 -0.0711429 -0.00178966 0.997495 132.553
0.997487 -0.00333182 0.0709534 4.6613 0.00318004 0.999993 0.0022462 -1.21411 -0.0709593 -0.00201431 0.997494 133.885
0.997468 -0.00485948 0.0714524 4.75789 0.00473032 0.999988 0.0019655 -1.23381 -0.0714592 -0.00162213 0.997473 135.202
0.997579 -0.00585183 0.0694735 4.84176 0.00575244 0.999983 0.0016231 -1.25095 -0.0694806 -0.00121894 0.997599 136.565
0.997643 -0.00857101 0.0686136 4.92811 0.00847885 0.999964 0.00161933 -1.26781 -0.0686232 -0.00103333 0.997673 137.877
0.997744 -0.0108294 0.0664504 5.01188 0.0107201 0.999942 0.00199162 -1.28493 -0.0664669 -0.0012742 0.997805 139.256
0.99775 -0.0119431 0.0665221 5.10042 0.0118399 0.999929 0.00192842 -1.29115 -0.0665386 -0.00113608 0.997814 140.639
0.997867 -0.0128786 0.064197 5.18252 0.0127571 0.999917 0.00229016 -1.30676 -0.06422 -0.00146577 0.997952 142.034
0.997949 -0.0132707 0.0631934 5.2629 0.0131875 0.999913 0.00171539 -1.31865 -0.063209 -0.000878233 0.998031 143.376
0.997835 -0.0151719 0.0641957 5.35314 0.0152536 0.999884 -0.000797795 -1.33513 -0.0641751 0.00177589 0.997954 144.712
0.997891 -0.0198104 0.0623741 5.44049 0.0199285 0.999802 -0.00129134 -1.37403 -0.0623344 0.00253183 0.998083 146.119
0.997722 -0.0265124 0.0622497 5.53537 0.0264951 0.99965 0.00108068 -1.39179 -0.0622556 0.000571597 0.998077 147.465
0.997646 -0.0329137 0.0607476 5.62362 0.0328643 0.99946 0.00178998 -1.41303 -0.0607718 0.000210904 0.998182 148.855
0.997583 -0.0358902 0.0597261 5.71713 0.035976 0.999354 -0.000389318 -1.43255 -0.0596726 0.00253766 0.998232 150.245
0.997525 -0.0355632 0.0612392 5.798 0.0358303 0.999354 -0.0032914 -1.45365 -0.0610807 0.00547759 0.998149 151.634
0.997592 -0.0330502 0.0611949 5.86823 0.033496 0.99942 -0.006298 -1.46535 -0.0609503 0.00833321 0.998123 153.037
0.997495 -0.0323789 0.0634593 5.9503 0.0328798 0.999437 -0.00688823 -1.5078 -0.0631988 0.00895758 0.997992 154.376
0.997296 -0.036395 0.0640637 6.0368 0.036744 0.999317 -0.0043049 -1.52052 -0.0638622 0.00664778 0.997954 155.729
0.996955 -0.0431167 0.0655259 6.13661 0.0432839 0.999064 -0.00115681 -1.52983 -0.065413 0.00398967 0.997881 157.082
0.996624 -0.0473089 0.0673158 6.22124 0.0474271 0.998876 -0.000189254 -1.53649 -0.0672301 0.0033817 0.997749 158.412
0.996585 -0.0484721 0.0673608 6.31676 0.0485628 0.998822 0.000264811 -1.56251 -0.0672923 0.00300755 0.99776 159.744
0.99639 -0.0469146 0.070951 6.39966 0.0470745 0.998893 -0.000608289 -1.56031 -0.0708428 0.00394647 0.997497 161.043
0.996557 -0.0434767 0.0710746 6.48976 0.0436353 0.999048 -0.000704104 -1.57698 -0.0709745 0.00380327 0.9975 162.396
0.996509 -0.0399127 0.0735236 6.57502 0.0401792 0.999192 -0.00217287 -1.59581 -0.0733762 0.00511985 0.997309 163.721
0.996667 -0.037211 0.0730856 6.66821 0.0374755 0.999295 -0.0022734 -1.61047 -0.0729477 0.00500487 0.997352 165.08
0.996644 -0.0360855 0.0736835 6.75751 0.0363075 0.999342 -0.00169835 -1.63147 -0.0735725 0.00436838 0.997298 166.434
0.99665 -0.0347822 0.0745119 6.85503 0.0349989 0.999386 -0.00162636 -1.63413 -0.0744079 0.0042287 0.997249 167.765
0.996809 -0.0326333 0.073061 6.94871 0.0329355 0.999456 -0.00295519 -1.64892 -0.0729235 0.00535251 0.997343 169.138
0.996852 -0.0297914 0.0739822 7.0283 0.0302816 0.999526 -0.00553541 -1.66463 -0.0737806 0.00775812 0.997275 170.458
0.997058 -0.0246875 0.0727772 7.10939 0.0252124 0.999665 -0.00631868 -1.68264 -0.0725956 0.00813554 0.997347 171.835
0.997137 -0.0211921 0.0731033 7.19362 0.0217348 0.999741 -0.00665733 -1.67969 -0.0729417 0.00822706 0.997333 173.235
0.997015 -0.0190658 0.0750248 7.28859 0.0194979 0.999802 -0.00504558 -1.69981 -0.0749123 0.00649384 0.99719 174.6
0.997091 -0.0192983 0.0742505 7.38439 0.0195994 0.999802 -0.00334713 -1.71299 -0.0741695 0.00479264 0.997266 176.004
0.997031 -0.0214982 0.0741578 7.48525 0.0217451 0.999765 -0.00254006 -1.7301 -0.0740844 0.00414552 0.997264 177.394
0.997101 -0.0244606 0.0725761 7.59856 0.0247869 0.999685 -0.00361998 -1.74543 -0.072463 0.00540834 0.997388 178.808
0.997039 -0.0251667 0.0728924 7.69487 0.0258322 0.999637 -0.00821985 -1.75483 -0.0726577 0.0100791 0.997327 180.175
0.997209 -0.024069 0.0712088 7.78978 0.0250359 0.999605 -0.0127398 -1.77473 -0.0708723 0.0144867 0.997412 181.545
0.997265 -0.0207319 0.0711791 7.89294 0.0218198 0.99966 -0.0145563 -1.8006 -0.0708517 0.0160703 0.997379 182.91
0.997227 -0.0179402 0.0727558 7.98479 0.0189761 0.999727 -0.013591 -1.84662 -0.0724904 0.0149337 0.997289 184.26
0.997321 -0.0165086 0.0714967 8.07566 0.0173285 0.999796 -0.0108791 -1.87741 -0.0713009 0.0120895 0.997404 185.668
0.997189 -0.0170851 0.0735137 8.16181 0.0177475 0.999807 -0.00838431 -1.91157 -0.0733546 0.00966509 0.997294 187.036
0.99723 -0.0173111 0.0725902 8.26052 0.0178841 0.999819 -0.00726803 -1.93455 -0.0724499 0.00854672 0.997358 188.459
0.997212 -0.019606 0.0725729 8.35979 0.0201305 0.999777 -0.00652111 -1.96015 -0.072427 0.00796361 0.997378 189.858
0.997132 -0.0209086 0.0729921 8.46792 0.0214072 0.999758 -0.00607208 -2.00004 -0.0728462 0.0076177 0.997337 191.24
0.997155 -0.0229107 0.0723739 8.57004 0.0233954 0.99971 -0.00587525 -2.03077 -0.0722164 0.00755145 0.997395 192.666
0.997012 -0.0241782 0.0736231 8.66975 0.024533 0.999697 -0.00393795 -2.06688 -0.0735041 0.00573275 0.997302 194.047
0.99701 -0.0281305 0.0725376 8.77456 0.0283652 0.999597 -0.00222745 -2.09197 -0.0724437 0.00427817 0.997398 195.476
0.996813 -0.030765 0.0738539 8.88185 0.0309485 0.999526 -0.00136466 -2.129 -0.0737754 0.00364639 0.997292 196.872
0.996984 -0.0287737 0.0726554 8.9748 0.0291861 0.999566 -0.00464309 -2.15121 -0.0724885 0.00674934 0.997379 198.314
0.997124 -0.0220085 0.0727764 9.06252 0.0226446 0.999718 -0.00794351 -2.15233 -0.0725796 0.00956909 0.997341 199.73
0.997202 -0.0143189 0.0739524 9.14516 0.0149206 0.999863 -0.00760949 -2.14796 -0.0738315 0.00869136 0.997266 201.124
0.997265 -0.00848875 0.0736808 9.21788 0.00885741 0.999956 -0.00468704 -2.16183 -0.0736364 0.00532718 0.997295 202.605
0.997146 -0.00702647 0.0757442 9.31863 0.00711385 0.999978 -0.000898032 -2.17931 -0.0757346 0.00143416 0.99716 204.045
0.997241 -0.00859199 0.0739906 9.42227 0.00865101 0.999969 -0.000487914 -2.20142 -0.0739827 0.00112695 0.997284 205.502
0.997306 -0.0108426 0.0731268 9.52834 0.0108675 0.999945 4.14646e-05 -2.21498 -0.0731215 0.000753281 0.997356 206.941
0.99731 -0.0118511 0.0726006 9.62977 0.0119033 0.999935 -0.000297815 -2.22758 -0.072591 0.00116153 0.997386 208.374
0.997466 -0.0111146 0.0709046 9.72469 0.011156 0.999943 -0.000204741 -2.23641 -0.0708965 0.000995133 0.997517 209.836
0.997388 -0.0107886 0.0717078 9.8172 0.0108131 0.999948 3.72073e-05 -2.25696 -0.071703 0.000738596 0.997452 211.261
0.997514 -0.0090801 0.0704869 9.90814 0.00902455 0.999964 0.00109078 -2.27207 -0.0704922 -0.000452084 0.997547 212.741
0.997512 -0.0096501 0.0701451 10.0034 0.00956425 0.99996 0.00154946 -2.2835 -0.0701558 -0.000874416 0.997562 214.201
0.99747 -0.00884257 0.0711603 10.1127 0.00881627 0.999966 0.00066757 -2.3027 -0.0711617 -3.86507e-05 0.997502 215.656
0.997511 -0.00972134 0.0701475 10.2164 0.0097 0.999959 0.000633847 -2.32589 -0.0701494 4.84895e-05 0.997563 217.165
0.997485 -0.00946999 0.0708727 10.321 0.00944676 0.99996 0.000646059 -2.33901 -0.070874 2.49798e-05 0.997522 218.606
0.997575 -0.00892299 0.0693426 10.4152 0.00891786 0.999965 0.000371614 -2.35707 -0.0693423 0.000248018 0.997619 220.122
0.99754 -0.00945709 0.0701078 10.5119 0.00947867 0.99996 7.94409e-06 -2.37969 -0.0701031 0.000656484 0.997577 221.587
0.997597 -0.00975238 0.0689109 10.6217 0.00979148 0.999957 -0.000244247 -2.38587 -0.0689043 0.000918692 0.99765 223.098
0.997676 -0.0101202 0.0680543 10.7125 0.0102099 0.999952 -0.000988427 -2.39833 -0.0680389 0.00168077 0.997719 224.614
0.997605 -0.0105088 0.0686951 10.7979 0.0106562 0.999946 -0.00179444 -2.42319 -0.0686714 0.00252249 0.997663 226.114
0.997745 -0.0103639 0.066996 10.8857 0.0104879 0.999949 -0.00151564 -2.45798 -0.0669747 0.00221471 0.997791 227.633
0.997723 -0.0105023 0.0669605 10.9651 0.0106733 0.999945 -0.00221263 -2.49747 -0.0669324 0.00292263 0.99778 229.143
0.997781 -0.0106428 0.0664086 11.0657 0.01085 0.999942 -0.00277681 -2.52743 -0.0663727 0.00349095 0.997828 230.638
0.997729 -0.0116413 0.0666846 11.1487 0.0117608 0.999935 -0.00141341 -2.54755 -0.0666624 0.00219462 0.997801 232.128
0.997681 -0.0118007 0.0677132 11.2393 0.0119106 0.999933 -0.00123541 -2.55326 -0.0676916 0.00203886 0.997743 233.625
0.997684 -0.0115501 0.0673825 11.3197 0.0116649 0.999936 -0.00132241 -2.571 -0.0673616 0.00210546 0.997754 235.161
0.997594 -0.0116415 0.0690135 11.4088 0.0118344 0.999932 -0.00240272 -2.58679 -0.0689784 0.0032134 0.997652 236.714
0.997636 -0.0102425 0.0683024 11.5023 0.0104323 0.999948 -0.00243356 -2.59591 -0.0682726 0.00314039 0.997689 238.267
0.997595 -0.0113448 0.0690591 11.5954 0.0114292 0.99994 -0.000841264 -2.62419 -0.0690428 0.00162834 0.997652 239.773
0.997436 -0.011129 0.0710237 11.6955 0.0111659 0.999943 -0.000134308 -2.6434 -0.0710167 0.000927062 0.997503 241.276
0.997546 -0.010916 0.0698406 11.789 0.011111 0.999941 -0.0024185 -2.66398 -0.0698076 0.00318831 0.997595 242.818
0.997383 -0.0107713 0.0718321 11.8977 0.0111271 0.999933 -0.00456846 -2.68243 -0.0717766 0.00535579 0.997435 244.339
0.997473 -0.00918347 0.0711125 11.9832 0.00950776 0.999952 -0.00423834 -2.70196 -0.0710676 0.00490346 0.997499 245.889
0.997415 -0.0104205 0.0714353 12.0904 0.0106726 0.999943 -0.00316227 -2.71161 -0.0713968 0.0039165 0.997469 247.44
0.99741 -0.00990967 0.0719135 12.1833 0.0101048 0.999952 -0.00236719 -2.72971 -0.0718839 0.00308749 0.997448 248.958
0.997429 -0.00924818 0.0713932 12.3009 0.00943016 0.999958 -0.00222633 -2.75489 -0.0713681 0.00289386 0.997475 250.523
0.997379 -0.00839777 0.0725398 12.3967 0.0085705 0.999967 -0.00208539 -2.77497 -0.0725174 0.00270136 0.997403 252.032
0.997449 -0.0077099 0.0713058 12.5041 0.00788519 0.999972 -0.00219053 -2.80536 -0.0712855 0.00274724 0.997481 253.622
0.997388 -0.00767202 0.0724954 12.6066 0.00783071 0.999973 -0.00191994 -2.82213 -0.0724763 0.00248233 0.997407 255.131
0.997448 -0.00915606 0.0711475 12.7192 0.00933205 0.99996 -0.00215744 -2.83842 -0.0711235 0.00281606 0.997493 256.697
0.997448 -0.0108984 0.0712563 12.8245 0.0110341 0.999945 -0.00152842 -2.84919 -0.0712334 0.00231035 0.997496 258.224
0.997302 -0.0144601 0.0723054 12.9474 0.0144725 0.999901 0.000333705 -2.86129 -0.0723017 0.000713774 0.997412 259.755
0.997392 -0.0145285 0.0714025 13.0684 0.0145436 0.9999 0.000288882 -2.87894 -0.0713973 0.000749904 0.997487 261.3
0.997274 -0.0153591 0.0724933 13.1775 0.0154199 0.999886 -0.000299118 -2.89288 -0.0724792 0.00141632 0.997398 262.815
0.997206 -0.0178391 0.073222 13.3007 0.0178001 0.999847 0.00116825 -2.88939 -0.0732294 0.000137941 0.997355 264.373
0.997017 -0.020221 0.074803 13.4096 0.0201437 0.999801 0.00176619 -2.88482 -0.0748225 -0.000253995 0.997226 265.928
0.996812 -0.0222129 0.0772896 13.5204 0.0222215 0.999759 0.000731569 -2.91006 -0.0772851 0.000987723 0.997047 267.443
0.996766 -0.023185 0.077253 13.6325 0.0232573 0.999735 -5.85843e-05 -2.92791 -0.0772299 0.00185522 0.997041 268.977
0.996564 -0.0224153 0.0803718 13.7421 0.0224696 0.999753 0.000210908 -2.9433 -0.0803548 0.00159522 0.996804 270.515
0.996503 -0.0202844 0.0813607 13.8549 0.0203454 0.999799 6.10095e-05 -2.97107 -0.0813443 0.00159465 0.996714 272.057
0.996465 -0.0193708 0.0823547 13.9717 0.0194472 0.999816 -0.000141383 -2.98159 -0.0823352 0.0017419 0.996638 273.59
0.996252 -0.0172258 0.0850627 14.0835 0.017195 0.999858 0.00107781 -3.01222 -0.0850677 0.000389015 0.996405 275.127
0.996212 -0.01787 0.085673 14.2017 0.017906 0.999845 0.000334962 -3.02848 -0.085664 0.00119981 0.996358 276.671
0.995835 -0.0172079 0.0898171 14.3264 0.0172299 0.999856 0.000517076 -3.06118 -0.0898115 0.00103274 0.995988 278.169
0.995846 -0.0178364 0.0898381 14.4597 0.0178417 0.999845 0.000731504 -3.0667 -0.0898355 0.000873978 0.995991 279.717
0.995639 -0.018388 0.0917363 14.5853 0.018407 0.999835 0.00062463 -3.08234 -0.091731 0.00106669 0.995813 281.228
0.995208 -0.0205024 0.096118 14.7216 0.0204112 0.999795 0.00191993 -3.10287 -0.0961359 5.07776e-05 0.995404 282.733
0.995213 -0.0213786 0.0956302 14.8515 0.021232 0.999777 0.00253678 -3.12023 -0.0956613 -0.000494212 0.995443 284.271
0.994985 -0.0218146 0.0981147 15.0005 0.0218551 0.999766 0.000650144 -3.13585 -0.0981043 0.00149712 0.995209 285.785
0.995166 -0.0213242 0.0961297 15.1499 0.0214082 0.999776 0.000144334 -3.15775 -0.0961095 0.00191437 0.995399 287.336
0.995166 -0.0217425 0.0962778 15.2853 0.02182 0.999767 0.000234572 -3.16381 -0.096259 0.001867 0.995389 288.861
0.994963 -0.0231573 0.0978056 15.4267 0.0231382 0.999737 0.00131634 -3.17554 -0.0978086 0.000953359 0.995235 290.388
0.995228 -0.0226108 0.0954527 15.57 0.0225484 0.999749 0.00171858 -3.19866 -0.095466 0.000441555 0.995469 291.958
0.995055 -0.0221088 0.0971132 15.7181 0.0220685 0.999761 0.00147633 -3.21048 -0.0971207 0.000674296 0.995303 293.483
0.995198 -0.0217891 0.0959576 15.8658 0.021766 0.999768 0.00127435 -3.21313 -0.0959614 0.000819969 0.995421 295.062
0.99538 -0.0220421 0.0937339 15.9982 0.0219688 0.999763 0.00180111 -3.21642 -0.0937496 0.000266613 0.995626 296.623
0.995263 -0.0219031 0.0952642 16.1453 0.0216884 0.999766 0.00327474 -3.22968 -0.095312 -0.00119348 0.995483 298.147
0.99545 -0.020829 0.0932817 16.2836 0.0205135 0.999786 0.00432861 -3.23728 -0.0933502 -0.00239523 0.995662 299.734
0.995228 -0.0200003 0.0960559 16.4197 0.0195574 0.999801 0.00553796 -3.24856 -0.096146 -0.00363311 0.995398 301.253
0.995206 -0.0194846 0.0961463 16.5574 0.0190049 0.999809 0.00589331 -3.25462 -0.096241 -0.00403762 0.995382 302.83
0.995136 -0.020883 0.0968213 16.7094 0.0203278 0.999778 0.00670531 -3.25058 -0.0969384 -0.00470476 0.995316 304.396
0.994893 -0.0218591 0.0988388 16.8692 0.0213632 0.999759 0.0060642 -3.25973 -0.0989458 -0.00392158 0.995118 305.962
0.994956 -0.0218674 0.0984383 17.0273 0.0214729 0.999764 0.00505246 -3.28261 -0.098524 -0.0029135 0.995167 307.546
0.99481 -0.0220046 0.0996443 17.1779 0.0217213 0.999763 0.00391785 -3.28975 -0.099705 -0.00173298 0.995048 309.138
0.995084 -0.0215116 0.0972213 17.3372 0.0212386 0.999773 0.00382947 -3.28355 -0.0972801 -0.00174608 0.995294 310.735
0.995252 -0.0207302 0.0954083 17.4856 0.0204246 0.999789 0.00417009 -3.29446 -0.0954727 -0.00220148 0.995462 312.332
0.995192 -0.0194874 0.096539 17.6245 0.0189063 0.999804 0.00691959 -3.28218 -0.0966533 -0.00506133 0.995344 313.951
0.995127 -0.0215468 0.0965267 17.7867 0.0207079 0.999745 0.00967516 -3.28352 -0.0967085 -0.00762899 0.995317 315.587
0.994985 -0.0225937 0.0979839 17.9347 0.0217425 0.999722 0.00973441 -3.2825 -0.0981751 -0.00755529 0.995179 317.212
0.995012 -0.0235929 0.0972337 18.0882 0.0227837 0.999703 0.00941422 -3.30045 -0.0974248 -0.00715173 0.995251 318.852
0.994851 -0.0243029 0.0989352 18.2477 0.023477 0.999685 0.00949105 -3.30302 -0.0991333 -0.0071196 0.995088 320.459
0.994882 -0.0240114 0.0984606 18.406 0.0231534 0.99969 0.00983896 -3.30242 -0.0986643 -0.00750871 0.995127 322.101
0.994853 -0.0239595 0.0989993 18.5667 0.0231554 0.999695 0.00925195 -3.30405 -0.0991894 -0.00691206 0.995084 323.731
0.99458 -0.0234854 0.10159 18.7175 0.022725 0.999711 0.00862741 -3.30431 -0.101761 -0.00627188 0.994824 325.34
0.99466 -0.0232205 0.101095 18.8802 0.0225396 0.999721 0.00786128 -3.31122 -0.101248 -0.00554082 0.994885 326.971
0.994359 -0.024237 0.103559 19.0406 0.023346 0.999686 0.00979875 -3.31272 -0.103762 -0.00732566 0.99461 328.581
0.994401 -0.0256487 0.103031 19.2108 0.0246983 0.999646 0.0104784 -3.30486 -0.103262 -0.00787523 0.994663 330.214
0.994346 -0.0265035 0.103132 19.3745 0.0256972 0.999635 0.00912867 -3.30131 -0.103334 -0.00642662 0.994661 331.822
0.994229 -0.0254961 0.104723 19.5353 0.024566 0.999652 0.0101509 -3.30759 -0.104943 -0.00751989 0.994489 333.433
0.994324 -0.0249152 0.103739 19.6943 0.0242476 0.999684 0.00768147 -3.30065 -0.103895 -0.0051222 0.99461 335.044
0.994317 -0.0223073 0.104621 19.8537 0.0218118 0.99975 0.00586715 -3.31911 -0.104724 -0.00355201 0.994534 336.632
0.994482 -0.0215725 0.102971 20.0126 0.0209452 0.999762 0.0071617 -3.33342 -0.103099 -0.00496527 0.994694 338.244
0.994565 -0.0213729 0.102437 20.1732 0.0204009 0.999742 0.0105168 -3.32873 -0.102634 -0.00836992 0.994724 339.852
0.994495 -0.0210267 0.102962 20.3294 0.0197653 0.999724 0.0132483 -3.33685 -0.10321 -0.0111401 0.994633 341.43
0.994787 -0.019764 0.100589 20.4911 0.0185696 0.999751 0.012787 -3.33296 -0.100815 -0.0108524 0.994886 343.045
0.994798 -0.0199194 0.100217 20.6451 0.0187892 0.999756 0.0122017 -3.34708 -0.100433 -0.010255 0.994927 344.627
0.995093 -0.0206012 0.0973499 20.8022 0.0194007 0.99973 0.0132521 -3.34374 -0.097595 -0.0112984 0.995202 346.239
0.995168 -0.0216513 0.0961024 20.9591 0.0203493 0.999694 0.014499 -3.34406 -0.0963845 -0.0124732 0.995302 347.833
0.995103 -0.0220324 0.0969312 21.0971 0.0207427 0.999689 0.0142813 -3.37076 -0.0972143 -0.0122007 0.995229 349.399
0.995211 -0.0221888 0.0955326 21.2504 0.0209147 0.999686 0.0143087 -3.35575 -0.0958176 -0.0122419 0.99536 351.017
0.995144 -0.022455 0.096416 21.3935 0.0211647 0.999679 0.0143729 -3.34472 -0.0967064 -0.0122626 0.995278 352.578
0.995196 -0.0233446 0.0954163 21.5423 0.0220707 0.99966 0.014375 -3.33812 -0.0957169 -0.0121998 0.995371 354.186
0.995243 -0.0238245 0.0950591 21.6923 0.0225677 0.99965 0.0142626 -3.3417 -0.0953642 -0.0120495 0.99541 355.776
0.995184 -0.0232622 0.0955588 21.8355 0.0220735 0.999672 0.0134701 -3.34411 -0.0958383 -0.0112958 0.99537 357.346
0.995289 -0.0234698 0.0946651 21.9867 0.0222264 0.999659 0.0141569 -3.34413 -0.0949638 -0.0119862 0.995449 358.951
0.995197 -0.0240146 0.0952387 22.1286 0.0228005 0.999651 0.0138074 -3.34143 -0.0955346 -0.0115694 0.995396 360.52
0.995286 -0.0251093 0.0942812 22.2769 0.0239332 0.999628 0.0135725 -3.34782 -0.0945856 -0.0112521 0.995493 362.125
0.995231 -0.0272204 0.0940162 22.4259 0.0258928 0.999555 0.0153002 -3.33306 -0.0943883 -0.0127927 0.995491 363.714
0.995122 -0.0285495 0.0950317 22.5709 0.027079 0.9995 0.0167146 -3.33772 -0.0954601 -0.0140598 0.995374 365.291
0.995213 -0.0287761 0.0937384 22.7206 0.0273666 0.9995 0.016275 -3.33548 -0.0941574 -0.0136316 0.995502 366.895
0.995173 -0.0276405 0.0947681 22.8617 0.0262018 0.999529 0.0163794 -3.33815 -0.0951749 -0.0138173 0.995405 368.475
0.995252 -0.0267211 0.0939377 23.0067 0.0251645 0.999534 0.0177057 -3.32666 -0.0943646 -0.0152576 0.995459 370.08
0.995184 -0.0258913 0.0951489 23.1429 0.0241494 0.999527 0.0194004 -3.32786 -0.0956048 -0.0170091 0.995314 371.666
0.995251 -0.0260955 0.0941214 23.2946 0.024364 0.99952 0.0194874 -3.32975 -0.0945824 -0.0171016 0.995408 373.28
0.995289 -0.0261137 0.093977 23.4417 0.0243841 0.999519 0.0194937 -3.32128 -0.0944395 -0.0171103 0.995424 374.878
0.995144 -0.0252423 0.0954822 23.5779 0.0234561 0.999536 0.0197742 -3.31345 -0.0959347 -0.0174384 0.995272 376.47
0.995272 -0.024635 0.0945549 23.7278 0.0228696 0.999551 0.0196962 -3.28434 -0.0949962 -0.0174406 0.995365 378.087
0.99512 -0.0238126 0.0961014 23.8682 0.0219618 0.99956 0.0202616 -3.27973 -0.0965391 -0.0180519 0.995203 379.672
0.99519 -0.0222484 0.0959997 24.0189 0.0202935 0.999575 0.0212808 -3.25939 -0.0964308 -0.01923 0.995195 381.306
0.995151 -0.02151 0.0963241 24.1661 0.0195025 0.999581 0.0217265 -3.24285 -0.0967485 -0.0197424 0.995151 382.905
0.995019 -0.0206306 0.0981276 24.3104 0.0185659 0.999595 0.0218968 -3.22949 -0.0985381 -0.0199657 0.994975 384.489
0.99519 -0.0195027 0.0963521 24.4611 0.0174092 0.999602 0.0225139 -3.21592 -0.0967503 -0.0207279 0.995131 386.117
0.995108 -0.0182677 0.0976955 24.6047 0.0159974 0.999593 0.0239617 -3.19874 -0.098092 -0.0222813 0.99497 387.718
0.995245 -0.0174405 0.0961832 24.7493 0.015142 0.999591 0.0245702 -3.17098 -0.0965697 -0.0229967 0.995098 389.357
0.995237 -0.0167657 0.0966445 24.8979 0.0144267 0.999595 0.0248415 -3.15211 -0.0970205 -0.0233285 0.995051 390.969
0.99507 -0.0171 0.0980447 25.0425 0.0146676 0.999575 0.025471 -3.13294 -0.0984359 -0.023907 0.994895 392.56
