1 0.000570693 -0.000343963 0.0146543 -0.000571945 0.999994 -0.00379216 -0.00153694 0.000341688 0.00379232 0.999994 0.980167
1 -0.00144184 -6.9701e-05 0.00903952 0.00144151 0.99999 -0.00423309 -0.0279664 7.57699e-05 0.00423305 0.999991 1.95736
0.999996 -0.00253317 0.00106724 0.00666066 0.00253381 0.999998 -0.000484543 -0.0314431 -0.00106619 0.000487257 1 2.90575
0.999986 -0.00548786 -0.000846869 0.00983178 0.00549091 0.999978 0.00365149 -0.0394014 0.000826817 -0.00365602 0.999994 3.87934
0.999973 -0.00719114 -0.00205154 0.00874206 0.00720137 0.999964 0.00495065 -0.0558951 0.00201568 -0.00496528 0.999987 4.81785
0.999955 -0.00936827 -0.00210183 0.00492166 0.00937445 0.999952 0.0029179 -0.0666767 0.00207438 -0.00293739 0.999995 5.77121
0.999955 -0.00894509 -0.00362962 0.00279911 0.00895078 0.99996 0.00152065 -0.07416 0.0036157 -0.00155304 0.999994 6.69936
0.999949 -0.00933324 -0.00424595 -0.00597182 0.00933797 0.999956 0.00105924 -0.0787723 0.00423603 -0.00109881 0.999992 7.62435
0.999952 -0.00885432 -0.00450674 -0.0159387 0.0088635 0.99996 0.00199813 -0.0836628 0.00448867 -0.00203795 0.99999 8.55921
0.999933 -0.00975208 -0.00649485 -0.023634 0.0097808 0.999943 0.00437851 -0.0937195 0.00645197 -0.00444171 0.999971 9.48649
0.999926 -0.00985778 -0.00747304 -0.0332724 0.0099018 0.999935 0.0058674 -0.109134 0.00741455 -0.0059409 0.999957 10.4013
0.999924 -0.0105589 -0.00659866 -0.0589787 0.0106113 0.999913 0.00792113 -0.116703 0.00651472 -0.00799053 0.999949 11.3321
0.999909 -0.010602 -0.00856772 -0.0598726 0.0106738 0.999909 0.00836988 -0.11496 0.00847805 -0.00846052 0.999931 12.2426
0.999906 -0.0106428 -0.00886727 -0.0816383 0.0107012 0.999922 0.00653963 -0.117792 0.00879719 -0.00663386 0.999941 13.1507
0.9999 -0.0101988 -0.00992259 -0.0917329 0.0102423 0.99994 0.00433413 -0.113502 0.00987772 -0.0044353 0.999944 14.0674
0.99986 -0.0111706 -0.0125899 -0.10332 0.011204 0.999935 0.0025706 -0.118164 0.0125606 -0.00271124 0.999919 14.951
0.999843 -0.0108636 -0.0141342 -0.119531 0.0108985 0.999939 0.00239377 -0.115407 0.0141073 -0.00254735 0.9999 15.8439
0.999886 -0.0079703 -0.0129962 -0.115389 0.00797495 0.999969 0.000293661 -0.139553 0.0129936 -0.000397109 0.999917 16.7224
0.999857 -0.00622731 -0.0158705 -0.148861 0.0062273 0.999982 -4.83813e-05 -0.148832 0.0158705 -5.0419e-05 0.999877 17.6194
0.999811 -0.00773651 -0.0179271 -0.191011 0.00775212 0.999971 0.000790423 -0.162065 0.0179206 -0.000929072 0.999841 18.5229
0.999796 -0.00787529 -0.0186937 -0.224859 0.00791543 0.999968 0.00207474 -0.199297 0.0186766 -0.00222218 0.999826 19.4116
0.999752 -0.00781181 -0.0209515 -0.261507 0.00786586 0.999967 0.00248714 -0.201001 0.0209315 -0.00265109 0.999779 20.3021
0.999698 -0.00853314 -0.0231516 -0.286995 0.0085905 0.999962 0.00237825 -0.237947 0.0231303 -0.00257634 0.999732 21.1809
0.999651 -0.00861787 -0.0250629 -0.317193 0.0086709 0.999961 0.00199604 -0.244791 0.0250448 -0.00221239 0.999686 22.0428
0.999567 -0.00860407 -0.0282303 -0.340201 0.00865776 0.999963 0.0017788 -0.255402 0.0282138 -0.00202239 0.999603 22.9238
0.999513 -0.00832218 -0.0301547 -0.369947 0.00844132 0.999958 0.00381605 -0.264895 0.0301218 -0.00406843 0.999541 23.7749
0.999421 -0.00942192 -0.0327691 -0.406152 0.00965207 0.999932 0.00687156 -0.267811 0.032702 -0.00718383 0.999443 24.6458
0.999344 -0.00999188 -0.034875 -0.435056 0.010287 0.999913 0.00828563 -0.278695 0.0347892 -0.00863868 0.99936 25.5014
0.999348 -0.00925552 -0.0349961 -0.46978 0.00952713 0.999928 0.00760315 -0.292815 0.034923 -0.00793165 0.999362 26.3254
0.999306 -0.00784571 -0.0364828 -0.49677 0.00806348 0.999952 0.00581842 -0.290535 0.0364353 -0.00610831 0.999321 27.1565
0.999248 -0.00680299 -0.0382427 -0.533838 0.00696246 0.99997 0.00403847 -0.296887 0.0382137 -0.00430174 0.999264 27.9653
0.999218 -0.0066903 -0.0390347 -0.571863 0.00689288 0.999965 0.00504955 -0.299074 0.0389995 -0.00531443 0.999229 28.7623
0.999077 -0.00630382 -0.0425722 -0.610538 0.00651495 0.999969 0.00482264 -0.315515 0.0425402 -0.00509557 0.999086 29.585
0.998978 -0.00539507 -0.0449642 -0.650864 0.00557709 0.999978 0.00391776 -0.329591 0.044942 -0.00416422 0.998985 30.3771
0.9989 -0.00506648 -0.0466915 -0.685635 0.0052449 0.999982 0.00369959 -0.332029 0.0466716 -0.00394046 0.998907 31.1558
0.998776 -0.00511668 -0.0492689 -0.723465 0.00539189 0.999972 0.00544859 -0.33833 0.0492396 -0.00570725 0.998774 31.9361
0.998633 -0.00603883 -0.0519936 -0.763895 0.00641564 0.999957 0.00708365 -0.33986 0.0519482 -0.00740759 0.998626 32.6998
0.998526 -0.00626494 -0.053975 -0.80565 0.006771 0.999936 0.0091931 -0.341931 0.0539138 -0.00954468 0.998504 33.4492
0.998386 -0.00525799 -0.056624 -0.850706 0.0058057 0.99994 0.00951333 -0.340159 0.0565702 -0.00982677 0.998354 34.1873
0.998323 -0.003995 -0.0578201 -0.904126 0.004513 0.999952 0.00882689 -0.334633 0.0577819 -0.00907266 0.998292 34.9039
0.998199 -0.00323057 -0.059987 -0.952551 0.00376867 0.999955 0.0088598 -0.336932 0.0599554 -0.00906994 0.998165 35.6047
0.998115 -0.00233566 -0.0613905 -1.00898 0.00296689 0.999945 0.0101891 -0.338939 0.0613632 -0.0103517 0.998066 36.3121
0.998076 -0.0018011 -0.062056 -1.05747 0.00249684 0.999936 0.0111355 -0.342786 0.0620317 -0.0112691 0.998015 36.9985
0.998007 -0.000425297 -0.0631722 -1.10383 0.00116075 0.999933 0.0116019 -0.343505 0.0631629 -0.0116517 0.99794 37.6843
0.998054 0.00225216 -0.062391 -1.16101 -0.00161216 0.999947 0.0103061 -0.344824 0.0624105 -0.0101856 0.998003 38.3599
0.998129 0.00400451 -0.0610869 -1.2046 -0.00353885 0.999965 0.0077246 -0.336055 0.0611156 -0.00749356 0.998107 39.021
0.998187 0.00368153 -0.0601684 -1.24916 -0.00330223 0.999975 0.00640162 -0.33973 0.0601901 -0.00619138 0.998173 39.6715
0.998325 0.00448557 -0.0577728 -1.28637 -0.00408193 0.999968 0.00709776 -0.335811 0.0578027 -0.00684963 0.998309 40.3254
0.998458 0.00857944 -0.0549387 -1.32891 -0.00808945 0.999926 0.00913424 -0.348548 0.0550127 -0.00867579 0.998453 40.9743
0.998591 0.0127294 -0.0516192 -1.37024 -0.0120805 0.999847 0.0128579 -0.345678 0.0517748 -0.0122158 0.99859 41.5948
0.998683 0.0179159 -0.0481773 -1.41781 -0.0173148 0.999768 0.0128634 -0.34522 0.0483963 -0.0120123 0.998761 42.2112
0.998855 0.0209571 -0.0431222 -1.45058 -0.0204178 0.999711 0.0129018 -0.334098 0.0433798 -0.0120062 0.998993 42.8061
0.998981 0.0243837 -0.0381241 -1.48354 -0.0238192 0.999601 0.0151887 -0.334347 0.0384789 -0.0142651 0.999163 43.3846
0.999095 0.0276603 -0.0324864 -1.50603 -0.0271858 0.999521 0.0149461 -0.32054 0.0328839 -0.014049 0.999367 43.9369
0.99924 0.0303108 -0.0247616 -1.5238 -0.0299419 0.999438 0.0151269 -0.31425 0.0252059 -0.014374 0.999585 44.4759
0.999259 0.0343127 -0.0177663 -1.5458 -0.0340405 0.999304 0.0153778 -0.334314 0.0182813 -0.0147612 0.999731 44.9977
0.999245 0.0376352 -0.0102065 -1.55738 -0.0374872 0.999195 0.014308 -0.334651 0.0107365 -0.0139146 0.999852 45.492
0.999157 0.0411598 -0.00172643 -1.56169 -0.0411337 0.999073 0.0128732 -0.329312 0.00225447 -0.0127909 0.999923 45.9595
0.999094 0.0423659 0.00540202 -1.56754 -0.0424226 0.999042 0.0108832 -0.329478 -0.00493606 -0.0111025 0.999933 46.4124
0.998976 0.0432267 0.0138497 -1.55062 -0.0433725 0.999007 0.0104448 -0.323747 -0.0133846 -0.0110344 0.999857 46.8431
0.998868 0.0427998 0.0210665 -1.54044 -0.0430205 0.999024 0.0101406 -0.345361 -0.0206122 -0.0110354 0.999734 47.2587
0.998622 0.0440619 0.0287438 -1.53255 -0.0443835 0.99896 0.010667 -0.34704 -0.0282441 -0.0119276 0.999538 47.6413
0.998225 0.0462064 0.0377541 -1.52883 -0.0466419 0.998855 0.0107386 -0.354147 -0.037215 -0.0124803 0.999236 48.0126
0.997654 0.050895 0.0459456 -1.52265 -0.0514141 0.998628 0.0101997 -0.35272 -0.0453635 -0.0125375 0.9989 48.3514
0.997031 0.0539697 0.0550488 -1.50993 -0.0546062 0.998458 0.0101279 -0.356002 -0.0544177 -0.0131037 0.99844 48.6698
0.996527 0.053273 0.0641197 -1.48548 -0.0540589 0.998484 0.010591 -0.362979 -0.0634584 -0.01402 0.997894 48.9633
0.995908 0.0521266 0.0739251 -1.46553 -0.0529852 0.998549 0.00970197 -0.365663 -0.0733124 -0.0135791 0.997224 49.2454
0.995002 0.0514231 0.0856881 -1.43202 -0.0521572 0.998621 0.00635385 -0.359791 -0.0852432 -0.0107909 0.99631 49.5209
0.993733 0.0520866 0.0989749 -1.39716 -0.0526348 0.998611 0.00293549 -0.360663 -0.0986848 -0.00812649 0.995094 49.7896
0.99204 0.0528798 0.114349 -1.36905 -0.053414 0.998573 0.00161472 -0.357252 -0.1141 -0.00770927 0.993447 50.0574
0.989965 0.0538159 0.130718 -1.33188 -0.0543887 0.998521 0.000814589 -0.356951 -0.130481 -0.00791589 0.991428 50.3274
0.987575 0.0537547 0.147723 -1.28554 -0.0543691 0.998523 0.000124482 -0.355837 -0.147498 -0.00815406 0.989037 50.577
0.984733 0.0531798 0.165799 -1.22794 -0.0537989 0.998553 -0.000756379 -0.36384 -0.1656 -0.00817492 0.986168 50.8405
0.98129 0.0523003 0.185338 -1.16081 -0.0529166 0.9986 -0.00162057 -0.366027 -0.185163 -0.00821675 0.982682 51.0988
0.977317 0.0524246 0.205228 -1.09446 -0.0530719 0.998589 -0.00235196 -0.374556 -0.205061 -0.0085931 0.97872 51.339
0.972557 0.0539643 0.226356 -1.03319 -0.0545994 0.998504 -0.00345633 -0.373676 -0.226204 -0.00899705 0.974047 51.5964
0.966828 0.0549549 0.249476 -0.947205 -0.0554514 0.99845 -0.00504208 -0.373326 -0.249367 -0.00895886 0.968377 51.8432
0.960333 0.0560539 0.273194 -0.880686 -0.0565615 0.998382 -0.00602213 -0.391296 -0.273089 -0.00966858 0.961948 52.0965
0.952737 0.0572646 0.298376 -0.786626 -0.0578081 0.998305 -0.00701023 -0.39222 -0.298272 -0.0105695 0.954432 52.3588
0.943633 0.0589037 0.325734 -0.697461 -0.0595905 0.998193 -0.00787593 -0.399382 -0.325609 -0.0119782 0.945438 52.6192
0.933459 0.0590643 0.353813 -0.594352 -0.0597845 0.998174 -0.00890335 -0.400589 -0.353692 -0.0128415 0.935284 52.8718
0.921668 0.0572605 0.383752 -0.462764 -0.0577916 0.998279 -0.0101549 -0.405265 -0.383673 -0.0128179 0.923389 53.121
0.90752 0.0548183 0.416436 -0.322207 -0.0545214 0.998435 -0.0126149 -0.410349 -0.416475 -0.0112563 0.909088 53.3596
0.891268 0.0538455 0.450286 -0.1825 -0.0524405 0.998504 -0.0156036 -0.421825 -0.450452 -0.00970581 0.892758 53.5981
0.873009 0.0547204 0.484643 -0.0214968 -0.0517591 0.998471 -0.0195001 -0.431377 -0.484969 -0.00806079 0.874506 53.8658
0.852204 0.0563553 0.520182 0.148826 -0.0521034 0.998383 -0.0228018 -0.433241 -0.520625 -0.00767104 0.853761 54.098
0.828859 0.0579511 0.556465 0.334518 -0.0525216 0.99829 -0.0257322 -0.434512 -0.557004 -0.00789794 0.830485 54.3511
0.802917 0.0602091 0.593056 0.534884 -0.0543483 0.998138 -0.0277535 -0.444545 -0.593622 -0.00994747 0.804694 54.6094
0.774468 0.0632835 0.629455 0.751339 -0.0569214 0.997921 -0.0302932 -0.460306 -0.630063 -0.0123681 0.77646 54.8699
0.743012 0.0635385 0.666269 0.997254 -0.0564076 0.997889 -0.0322579 -0.470992 -0.666911 -0.0136143 0.745027 55.1174
0.707838 0.0613922 0.703716 1.28016 -0.0536099 0.998013 -0.0331431 -0.496872 -0.704352 -0.014266 0.709723 55.3763
0.670484 0.0595344 0.739544 1.58012 -0.0515648 0.998106 -0.033599 -0.517266 -0.740143 -0.0156065 0.672284 55.6181
0.629436 0.0584646 0.774863 1.90634 -0.0499129 0.99815 -0.0347668 -0.522561 -0.775462 -0.016792 0.631189 55.8667
0.584958 0.0577669 0.809015 2.25224 -0.0473087 0.998194 -0.0370682 -0.535588 -0.809695 -0.0165898 0.586634 56.0878
0.538774 0.0566501 0.840556 2.62957 -0.0448255 0.998253 -0.0385463 -0.563179 -0.84127 -0.0169104 0.540372 56.3156
0.490989 0.0539277 0.869506 3.03622 -0.0436045 0.998354 -0.0372962 -0.588151 -0.870086 -0.019602 0.492532 56.5358
0.442951 0.052057 0.895045 3.44639 -0.0434574 0.998388 -0.0365609 -0.605209 -0.895505 -0.0227015 0.444499 56.7313
0.394013 0.0515891 0.917666 3.88818 -0.0447133 0.998319 -0.0369245 -0.636222 -0.918028 -0.0264828 0.395657 56.9109
0.345267 0.0511444 0.937122 4.34624 -0.0421237 0.998354 -0.0389666 -0.648381 -0.937572 -0.0260209 0.346853 57.0603
0.29883 0.046697 0.953173 4.81681 -0.0341308 0.998688 -0.038226 -0.670385 -0.953707 -0.0211091 0.300031 57.1825
0.255062 0.0427691 0.96599 5.32411 -0.0252529 0.998977 -0.0375618 -0.659222 -0.966607 -0.0148134 0.255881 57.2808
0.213333 0.0403976 0.976153 5.83131 -0.0185676 0.999134 -0.0372904 -0.6833 -0.976815 -0.0101692 0.213898 57.3654
0.175288 0.0424267 0.983615 6.34742 -0.0155141 0.999068 -0.0403287 -0.679412 -0.984407 -0.00819063 0.175783 57.4424
0.142584 0.0426239 0.988874 6.87792 -0.00889865 0.99909 -0.0417807 -0.713077 -0.989754 -0.00284203 0.142833 57.5039
0.113449 0.0413386 0.992695 7.42447 -0.00242375 0.999144 -0.0413304 -0.731943 -0.993553 0.0022829 0.113453 57.5583
0.0889215 0.0390759 0.995281 7.99626 0.00284635 0.999219 -0.0394844 -0.753642 -0.996046 0.00634428 0.0887405 57.5921
0.0691233 0.0384236 0.99688 8.57087 0.00646771 0.999221 -0.0389626 -0.780118 -0.9976 0.0091408 0.0688211 57.6195
0.0528361 0.0392611 0.99784 9.15322 0.00779542 0.999182 -0.0397263 -0.794428 -0.998584 0.00987792 0.0524865 57.6474
0.0395984 0.0391384 0.998461 9.74124 0.00860773 0.999184 -0.0395084 -0.814429 -0.999192 0.010159 0.0392294 57.6653
0.0284135 0.0409325 0.998767 10.3429 0.00861077 0.999117 -0.0411913 -0.838888 -0.999571 0.00977086 0.0280356 57.676
0.0197082 0.0427121 0.998906 10.9454 0.0131761 0.998991 -0.0429761 -0.866542 -0.999732 0.0140087 0.0191257 57.679
0.0126326 0.043326 0.99899 11.5475 0.0170479 0.998909 -0.0435376 -0.888007 -0.999787 0.017581 0.0118799 57.6774
0.00916844 0.0439008 0.999007 12.1979 0.0175409 0.998877 -0.0440564 -0.912131 -0.999817 0.0179275 0.00838821 57.6874
0.00506209 0.0419386 0.999117 12.8363 0.0155071 0.998999 -0.0420117 -0.937375 -0.999879 0.0157062 0.00440645 57.6993
0.00373315 0.036156 0.999352 13.5075 0.0141338 0.999247 -0.0362053 -0.960002 -0.999907 0.0142599 0.00321943 57.7107
0.00260763 0.031468 0.999511 14.1808 0.0144226 0.999402 -0.0315018 -0.981487 -0.999905 0.0144979 0.00215198 57.7101
0.00248238 0.0301231 0.999556 14.8747 0.0170069 0.999403 -0.030161 -1.00078 -0.999866 0.0170743 0.00196866 57.7109
0.0025804 0.0315086 0.999509 15.548 0.0195888 0.999312 -0.0315524 -1.03377 -0.999817 0.0196608 0.00196118 57.7089
0.00469534 0.0384845 0.999261 16.2529 0.0196999 0.999064 -0.0385698 -1.05085 -0.999809 0.0198664 0.00393281 57.7115
0.00707222 0.0458184 0.998934 16.9545 0.0196789 0.998752 -0.0459488 -1.08206 -0.999794 0.0199831 0.00616148 57.7089
0.00911376 0.0469105 0.998871 17.6558 0.0205951 0.998681 -0.0470898 -1.10056 -0.999761 0.021001 0.00813564 57.7216
0.0121279 0.0436423 0.998983 18.3933 0.0199716 0.998839 -0.0438779 -1.14103 -0.99974 0.0204837 0.0112418 57.7382
0.0147353 0.0382997 0.99917 19.1166 0.0198809 0.99906 -0.0385889 -1.18192 -0.999708 0.020433 0.01396 57.7413
0.01782 0.0370092 0.999166 19.8442 0.0189413 0.999125 -0.037345 -1.20351 -0.999675 0.0195912 0.017103 57.7616
0.0216302 0.040524 0.998957 20.5668 0.0231122 0.998894 -0.0410222 -1.25222 -0.999513 0.0239753 0.0206697 57.7697
0.0248996 0.0450068 0.998686 21.294 0.0248226 0.998652 -0.0456236 -1.28901 -0.999395 0.0259262 0.0237485 57.7897
0.0259817 0.0462535 0.998605 21.9979 0.0203372 0.9987 -0.0467874 -1.31996 -0.99947 0.0215243 0.0250074 57.8132
0.0303948 0.0445906 0.998553 22.7535 0.0157822 0.998861 -0.0450843 -1.35488 -0.999427 0.0171299 0.0296562 57.8524
0.0350073 0.0420918 0.998514 23.4862 0.0185891 0.998915 -0.0427609 -1.42389 -0.999229 0.0200583 0.034187 57.8722
0.0368653 0.0426863 0.998419 24.1976 0.0229339 0.99879 -0.0435485 -1.46739 -0.999071 0.0245033 0.0358415 57.8952
0.0413383 0.0465402 0.998074 24.9473 0.0224396 0.998622 -0.0474956 -1.51372 -0.998908 0.0243596 0.0402371 57.9314
0.0450107 0.0484186 0.997823 25.6726 0.0191749 0.998601 -0.0493209 -1.54597 -0.998817 0.0213533 0.044019 57.9711
0.0476564 0.0484889 0.9977 26.4137 0.0174781 0.99863 -0.0493694 -1.5938 -0.998726 0.0197905 0.0467438 58.0064
0.0521599 0.0478937 0.9975 27.1593 0.0207311 0.998585 -0.0490293 -1.64207 -0.998438 0.0232369 0.0510928 58.0408
0.055667 0.0478299 0.997317 27.8936 0.0241711 0.998497 -0.0492361 -1.69332 -0.998172 0.0268469 0.0544274 58.0787
0.0576798 0.0488593 0.99715 28.6228 0.0257498 0.998399 -0.0504095 -1.73403 -0.998018 0.0285842 0.0563289 58.1147
0.0612822 0.0494474 0.996909 29.3767 0.0262542 0.998349 -0.0511333 -1.78229 -0.99779 0.0293064 0.059883 58.16
0.0646612 0.0490396 0.996713 30.1321 0.0269333 0.998345 -0.0508668 -1.82884 -0.997558 0.030134 0.063233 58.1954
0.0676762 0.0477948 0.996577 30.8817 0.0280307 0.99837 -0.049785 -1.89172 -0.997329 0.0313038 0.0662263 58.2323
0.070865 0.0485124 0.996317 31.6359 0.0271447 0.998355 -0.0505421 -1.92401 -0.997131 0.0306265 0.0694311 58.2882
0.074067 0.0507496 0.995976 32.4021 0.0250204 0.998298 -0.0527293 -1.96103 -0.996955 0.0288251 0.0726715 58.3466
0.0760458 0.0508112 0.995821 33.1521 0.0265143 0.998246 -0.0529595 -2.02025 -0.996767 0.0304309 0.0745648 58.402
0.0803529 0.0520371 0.995422 33.9393 0.0253882 0.998208 -0.0542329 -2.06228 -0.996459 0.0296295 0.078888 58.4723
0.0810157 0.0528952 0.99532 34.7141 0.0233854 0.998217 -0.0549525 -2.11383 -0.996454 0.027728 0.0796338 58.5303
0.0877903 0.0529461 0.994746 35.4962 0.0215837 0.998253 -0.0550385 -2.16618 -0.995921 0.0263019 0.0864945 58.6112
0.0895019 0.0545581 0.994503 36.2691 0.0195671 0.998211 -0.0565223 -2.20367 -0.995811 0.0245185 0.0882739 58.6816
0.0925256 0.0572544 0.994078 37.0229 0.0187664 0.99807 -0.0592319 -2.26022 -0.995549 0.0241355 0.0912729 58.7541
0.0960691 0.0589653 0.993639 37.8009 0.0180736 0.997977 -0.06097 -2.3046 -0.995227 0.0238161 0.0948087 58.8201
0.0989028 0.0615239 0.993209 38.575 0.0134534 0.997915 -0.063156 -2.35561 -0.995022 0.0196081 0.0978693 58.8982
0.101067 0.0615281 0.992988 39.3588 0.00917036 0.997987 -0.0627711 -2.39981 -0.994854 0.0154503 0.100299 58.9932
0.104367 0.0608989 0.992688 40.1395 0.0103942 0.998004 -0.0623188 -2.46733 -0.994501 0.0168219 0.103526 59.0765
0.107281 0.0616619 0.992328 40.9212 0.0107581 0.997946 -0.063174 -2.52095 -0.994188 0.0174532 0.106397 59.1621
0.110344 0.0627419 0.991927 41.7146 0.00707053 0.997932 -0.0639093 -2.57696 -0.993885 0.0140651 0.109673 59.2586
0.114341 0.0615286 0.991548 42.5086 0.00624127 0.998018 -0.0626498 -2.63045 -0.993439 0.0133521 0.11373 59.3543
0.118731 0.0612498 0.991051 43.3079 0.00694112 0.998022 -0.0625131 -2.68479 -0.992919 0.0143009 0.118072 59.4398
0.121888 0.0658967 0.990368 44.0989 0.00296453 0.997767 -0.0667537 -2.73085 -0.992557 0.0110726 0.12142 59.562
0.128102 0.0729409 0.989091 44.8978 0.000598767 0.997287 -0.0736239 -2.80242 -0.991778 0.0100231 0.127712 59.679
0.13484 0.0771183 0.987876 45.6914 -0.00134025 0.996982 -0.0776461 -2.86057 -0.990884 0.00914601 0.134536 59.792
0.141326 0.0801926 0.986726 46.4913 -0.00524098 0.996761 -0.0802586 -2.92589 -0.989967 0.00617075 0.141289 59.9199
0.14902 0.0790532 0.985684 47.3009 -0.00929262 0.996869 -0.0785453 -2.99602 -0.988808 0.00254546 0.149288 60.0517
0.157 0.0778177 0.984545 48.1314 -0.00941751 0.996965 -0.0772986 -3.07126 -0.987572 0.00286347 0.157257 60.1799
0.163698 0.0754544 0.983635 48.974 -0.0105269 0.99715 -0.074739 -3.15115 -0.986472 0.00188015 0.164025 60.318
0.172101 0.0702294 0.982588 49.7856 -0.0122397 0.997533 -0.0691544 -3.21252 -0.985022 -0.000125505 0.172536 60.4738
0.180109 0.0646856 0.981532 50.6222 -0.0137616 0.997906 -0.0632392 -3.27646 -0.983569 -0.00211736 0.180621 60.6177
0.187019 0.0619293 0.980419 51.4233 -0.0138721 0.998081 -0.0603994 -3.33571 -0.982278 -0.00230511 0.18752 60.7783
0.195464 0.0638354 0.978646 52.2246 -0.0139904 0.997962 -0.0623009 -3.39827 -0.98063 -0.00151391 0.195958 60.9397
0.201892 0.0690438 0.976988 53.02 -0.0142504 0.997616 -0.0675575 -3.45619 -0.979324 -0.000283733 0.202395 61.0981
0.206375 0.0736716 0.975711 53.8117 -0.0148356 0.997285 -0.0721626 -3.51478 -0.978379 0.000417406 0.206907 61.2682
0.212504 0.0754858 0.974258 54.598 -0.0152898 0.99715 -0.0739251 -3.57603 -0.977061 0.000812632 0.213053 61.4484
0.21757 0.076812 0.973033 55.3787 -0.0179649 0.997047 -0.0746907 -3.64318 -0.975898 -0.00122986 0.218307 61.6144
0.222083 0.0732836 0.972287 56.1442 -0.0148773 0.997313 -0.0717724 -3.70231 -0.974934 0.00147381 0.222577 61.7804
0.228539 0.0682027 0.971158 56.9091 -0.013166 0.997671 -0.0669663 -3.75473 -0.973465 0.00251826 0.228904 61.9555
0.23224 0.0626458 0.970657 57.6753 -0.0151588 0.998038 -0.0607868 -3.81643 -0.97256 -0.00059744 0.232735 62.1428
0.235139 0.0600357 0.970122 58.4316 -0.0175712 0.998193 -0.0575139 -3.85839 -0.971822 -0.00352243 0.235769 62.3336
0.239504 0.0592511 0.969103 59.1675 -0.0184864 0.998237 -0.0564641 -3.91757 -0.970739 -0.0043925 0.240178 62.5128
0.241278 0.062092 0.968484 59.8846 -0.021885 0.998049 -0.0585351 -3.95176 -0.970228 -0.00707216 0.242166 62.7
0.243345 0.0655537 0.967739 60.5895 -0.0242027 0.997816 -0.0615057 -3.99455 -0.969658 -0.00845544 0.244401 62.8987
0.244914 0.0689653 0.967106 61.2932 -0.0249207 0.997589 -0.0648279 -4.03239 -0.969244 -0.00822384 0.246042 63.0859
0.246963 0.0736442 0.96624 61.9693 -0.0255029 0.997259 -0.0694906 -4.08744 -0.968709 -0.007481 0.248164 63.2781
0.249726 0.0738209 0.965516 62.6476 -0.0241469 0.997258 -0.0700022 -4.1425 -0.968035 -0.00583295 0.250824 63.4579
0.251323 0.0739814 0.96509 63.3111 -0.0246878 0.997243 -0.0700178 -4.17004 -0.967609 -0.00622948 0.252457 63.6469
0.251166 0.0720377 0.965277 63.9792 -0.0259017 0.997374 -0.0676931 -4.23118 -0.967617 -0.00800035 0.252372 63.8277
0.252912 0.0706785 0.964922 64.6074 -0.0262189 0.997465 -0.0661907 -4.27925 -0.967155 -0.00855937 0.254124 63.9972
0.252414 0.0696661 0.965126 65.2536 -0.0249536 0.997546 -0.0654797 -4.32046 -0.967317 -0.00755562 0.253533 64.17
0.250507 0.0690271 0.965669 65.884 -0.0248047 0.997588 -0.0648748 -4.36192 -0.967818 -0.00770216 0.251615 64.3385
0.249647 0.0697627 0.965838 66.5019 -0.0263877 0.997525 -0.0652307 -4.41234 -0.967996 -0.00920179 0.25087 64.5013
0.246362 0.0720569 0.966514 67.1259 -0.0259943 0.997368 -0.067732 -4.46084 -0.96885 -0.00843781 0.247588 64.6631
0.245157 0.076275 0.966496 67.7172 -0.0254616 0.997067 -0.072229 -4.51268 -0.969168 -0.00690127 0.24638 64.8162
0.24276 0.0780702 0.966958 68.3282 -0.0259524 0.996925 -0.0739749 -4.56635 -0.96976 -0.00713729 0.244041 64.9714
0.240016 0.0780343 0.967645 68.934 -0.0264991 0.996923 -0.0738224 -4.61729 -0.970426 -0.00792339 0.241346 65.127
0.238365 0.0754752 0.968256 69.5054 -0.0265061 0.997112 -0.0712 -4.65289 -0.970834 -0.00869367 0.239678 65.2707
0.236363 0.0734665 0.968902 70.0759 -0.025035 0.997271 -0.0695102 -4.68793 -0.971362 -0.00782693 0.237557 65.4337
0.233924 0.0718046 0.969618 70.6293 -0.0224371 0.997406 -0.0684499 -4.74049 -0.972017 -0.00574396 0.234929 65.5591
0.231921 0.073389 0.969981 71.1806 -0.0195023 0.997305 -0.0707933 -4.78602 -0.972558 -0.00249861 0.232727 65.6945
0.229618 0.074242 0.970463 71.717 -0.0163763 0.997243 -0.0724166 -4.8324 -0.973165 0.000734884 0.230201 65.8158
0.227566 0.0764532 0.970775 72.2785 -0.0177232 0.997078 -0.0743699 -4.8654 -0.973621 -0.000281421 0.228256 65.9512
0.227149 0.0798583 0.970598 72.8203 -0.0187297 0.996809 -0.0776321 -4.92614 -0.973702 -0.000545647 0.227921 66.0864
0.225452 0.0787935 0.971081 73.3723 -0.0176241 0.996895 -0.0767963 -4.97168 -0.974115 0.000199325 0.226142 66.2325
0.225185 0.0764543 0.971331 73.9174 -0.0134031 0.99707 -0.0753734 -5.02389 -0.974246 0.00395335 0.22555 66.3492
0.227198 0.0749811 0.970976 74.4618 -0.00898278 0.997154 -0.0749008 -5.07219 -0.973827 0.00829512 0.227226 66.4711
0.2277 0.0748981 0.970865 75.0297 -0.00750184 0.997148 -0.0751667 -5.12041 -0.973725 0.00983133 0.227612 66.6081
0.229361 0.07504 0.970463 75.5953 -0.00927132 0.997151 -0.0749124 -5.16542 -0.973318 0.00818431 0.229404 66.7552
0.234614 0.0761055 0.969124 76.1555 -0.0117998 0.997086 -0.075445 -5.21441 -0.97204 0.00626425 0.234828 66.9132
0.240114 0.0760346 0.967781 76.7267 -0.0119428 0.997088 -0.0753739 -5.27066 -0.970692 0.00654004 0.240323 67.0482
0.247481 0.0763905 0.965896 77.3017 -0.0134693 0.997068 -0.0754049 -5.32382 -0.968822 0.00565064 0.247784 67.204
0.255192 0.0755904 0.96395 77.8876 -0.0144498 0.99713 -0.0743669 -5.37021 -0.966803 0.00504869 0.255552 67.375
0.264287 0.0752639 0.961521 78.4596 -0.0162507 0.99716 -0.0735872 -5.41955 -0.964329 0.00382204 0.26476 67.544
0.272062 0.0759163 0.9593 79.054 -0.018931 0.997117 -0.0735401 -5.4751 -0.962114 0.00184671 0.272715 67.7258
0.280691 0.07857 0.956596 79.6408 -0.0235939 0.996912 -0.0749587 -5.52919 -0.95953 -0.00153036 0.281679 67.9257
0.288659 0.0810082 0.954019 80.2335 -0.0266441 0.996713 -0.0765717 -5.5772 -0.957083 -0.00331604 0.289869 68.12
0.298357 0.0834211 0.950821 80.8425 -0.0301413 0.996504 -0.0779715 -5.62809 -0.954001 -0.00539636 0.299829 68.3114
0.308254 0.0849908 0.94752 81.4521 -0.0314519 0.996372 -0.0791405 -5.69586 -0.950805 -0.00540605 0.30981 68.5216
0.31647 0.0860765 0.944708 82.066 -0.0329188 0.996275 -0.0797478 -5.74214 -0.948054 -0.00586164 0.318125 68.737
0.325271 0.0861274 0.941711 82.695 -0.0336157 0.996272 -0.0795065 -5.7937 -0.945045 -0.00579533 0.326954 68.9751
0.334292 0.0875301 0.938416 83.3363 -0.037246 0.996131 -0.0796456 -5.84021 -0.941756 -0.00832813 0.336259 69.229
0.34611 0.0845125 0.934401 83.9703 -0.0379812 0.996384 -0.0760502 -5.88551 -0.937447 -0.00916805 0.348069 69.483
0.354637 0.0774313 0.931812 84.638 -0.0338836 0.996979 -0.0699511 -5.94424 -0.934413 -0.00676669 0.356189 69.7497
0.365399 0.0743691 0.927897 85.3229 -0.0333929 0.997213 -0.0667749 -5.97945 -0.930275 -0.00658581 0.366865 70.0181
0.375846 0.0709038 0.923986 86.0056 -0.032217 0.99747 -0.0634384 -6.02432 -0.926146 -0.00592592 0.377179 70.3082
0.384538 0.0694055 0.920518 86.6895 -0.0293779 0.997588 -0.0629443 -6.08193 -0.922665 -0.00283852 0.38565 70.601
0.393557 0.0662262 0.916933 87.3812 -0.0243639 0.997807 -0.0616108 -6.1096 -0.919002 0.00190643 0.394307 70.9039
0.402064 0.0568716 0.913866 88.0927 -0.0149698 0.998348 -0.0555433 -6.13987 -0.915514 0.00865147 0.402251 71.2077
0.407944 0.0526915 0.911506 88.8322 -0.0098747 0.998533 -0.0533034 -6.19594 -0.912979 0.0127432 0.407865 71.5346
0.415879 0.0511995 0.908001 89.5262 -0.00568142 0.998545 -0.0537032 -6.21143 -0.909428 0.0171751 0.415565 71.8538
0.421569 0.0561667 0.905076 90.2333 -0.00423607 0.998195 -0.0599727 -6.26437 -0.906813 0.0214479 0.421045 72.1853
0.429446 0.0606134 0.901079 90.9237 -0.00088135 0.997776 -0.0666983 -6.30951 -0.903118 0.027849 0.428545 72.51
0.434855 0.0608162 0.898467 91.6284 -0.000395523 0.997734 -0.0673446 -6.35176 -0.900528 0.0289289 0.433892 72.8566
0.437838 0.0627554 0.896884 92.3332 -0.00538713 0.997729 -0.0671822 -6.39392 -0.899064 0.0245831 0.437182 73.2078
0.442175 0.0650477 0.894588 93.0035 -0.00953174 0.997656 -0.067831 -6.43625 -0.896905 0.0214654 0.441757 73.5575
0.446019 0.0665665 0.892567 93.6723 -0.0108308 0.997562 -0.068985 -6.50867 -0.894983 0.0211012 0.445653 73.8935
0.44916 0.0697871 0.890742 94.341 -0.0129919 0.997355 -0.0715886 -6.56163 -0.893384 0.0205815 0.448877 74.2346
0.452839 0.071565 0.888737 94.994 -0.0149141 0.997246 -0.0727036 -6.61428 -0.891494 0.0196681 0.452658 74.5773
0.455904 0.0707501 0.887234 95.6532 -0.0151433 0.997313 -0.0717468 -6.66888 -0.889927 0.0192731 0.455748 74.9253
0.458973 0.0677367 0.885885 96.2937 -0.0141895 0.997525 -0.0689213 -6.73092 -0.888364 0.0190626 0.458797 75.2543
0.461978 0.0671399 0.884368 96.9327 -0.015551 0.997596 -0.0676125 -6.78573 -0.886782 0.0174818 0.46191 75.5911
0.463882 0.0643798 0.883576 97.559 -0.0139371 0.997768 -0.0653828 -6.8353 -0.885815 0.0180153 0.463742 75.9144
0.466219 0.0664402 0.882193 98.1597 -0.0165666 0.997663 -0.0663814 -6.8838 -0.884542 0.0163324 0.466228 76.2415
0.467831 0.0667905 0.881312 98.7611 -0.0158503 0.997619 -0.0671908 -6.94732 -0.883703 0.0174648 0.467774 76.5608
0.468509 0.065028 0.881084 99.3493 -0.0136794 0.997707 -0.0663615 -6.99737 -0.883381 0.0190373 0.468323 76.8712
0.468418 0.0630451 0.881277 99.9295 -0.0105616 0.997784 -0.065766 -7.04865 -0.883472 0.0214982 0.468044 77.1878
0.46901 0.0635885 0.880923 100.504 -0.0117789 0.997772 -0.0657521 -7.09725 -0.883142 0.0204611 0.468712 77.4996
0.469441 0.0634044 0.880706 101.071 -0.00997865 0.997741 -0.066511 -7.14821 -0.882935 0.0224346 0.469011 77.8094
0.470091 0.0653046 0.880221 101.632 -0.0110126 0.997621 -0.0681334 -7.20643 -0.882577 0.0223344 0.46969 78.1046
0.472226 0.0653446 0.879074 102.169 -0.00876864 0.997553 -0.0694411 -7.24994 -0.881462 0.0250834 0.471641 78.4063
0.474467 0.064225 0.87795 102.725 -0.00639995 0.997566 -0.0695167 -7.30313 -0.880278 0.0273636 0.473721 78.7005
0.47636 0.0627527 0.87703 103.265 -0.00328246 0.997575 -0.069595 -7.34193 -0.879273 0.0302732 0.475409 78.9954
0.479059 0.0614607 0.875651 103.783 -0.00184648 0.99762 -0.0690115 -7.39703 -0.87781 0.0314426 0.47803 79.2751
0.481566 0.0603377 0.874353 104.307 -0.000803035 0.997663 -0.0684049 -7.4399 -0.876439 0.0322391 0.480487 79.5655
0.484163 0.0596405 0.872965 104.831 -0.000169465 0.997686 -0.0680675 -7.4857 -0.875007 0.0328068 0.483051 79.8578
0.487186 0.0591019 0.871319 105.335 0.00162535 0.99765 -0.0685799 -7.53198 -0.873326 0.0348271 0.485943 80.1483
0.489871 0.0604228 0.869722 105.85 0.000741327 0.997572 -0.0697228 -7.58222 -0.871824 0.0347988 0.488635 80.4316
0.493791 0.0595731 0.867561 106.346 0.0034061 0.997516 -0.0704358 -7.62365 -0.869604 0.0377353 0.49236 80.7279
0.497732 0.0621935 0.865121 106.837 0.00137326 0.997374 -0.0724914 -7.66814 -0.867359 0.0372683 0.496338 81.0177
0.502528 0.067801 0.861922 107.326 -0.00199834 0.997014 -0.0772629 -7.71366 -0.864589 0.0371041 0.501161 81.3126
0.507548 0.0746738 0.858405 107.812 -0.00704929 0.99657 -0.0825251 -7.76135 -0.861625 0.0358331 0.506331 81.6168
0.512979 0.0805513 0.854638 108.287 -0.0126195 0.996194 -0.0863189 -7.81104 -0.858339 0.0334944 0.512041 81.9201
0.518307 0.0853937 0.850945 108.784 -0.0155792 0.995786 -0.0904397 -7.8595 -0.855083 0.0336174 0.517451 82.2275
0.523013 0.0860006 0.847999 109.264 -0.0186041 0.995818 -0.0895178 -7.91376 -0.852152 0.0310424 0.522423 82.5508
0.527663 0.0852095 0.845194 109.759 -0.0243004 0.996069 -0.0852496 -7.97261 -0.849137 0.0244434 0.527658 82.885
0.532425 0.0832262 0.8424 110.266 -0.0288157 0.996366 -0.0802252 -8.02682 -0.846017 0.0184393 0.532886 83.2305
0.538892 0.0819144 0.838408 110.773 -0.0344973 0.996578 -0.0751951 -8.07758 -0.841699 0.0115981 0.539872 83.5773
0.544085 0.080527 0.835181 111.291 -0.0360725 0.996714 -0.0726023 -8.13244 -0.838285 0.00937457 0.5452 83.9343
0.549676 0.0833374 0.831236 111.809 -0.0402075 0.996504 -0.0733189 -8.18346 -0.834441 0.00687855 0.551104 84.3037
0.556037 0.0872989 0.826585 112.33 -0.0435752 0.996169 -0.075897 -8.22764 -0.830046 0.00618269 0.557708 84.6836
0.561667 0.0896918 0.822514 112.855 -0.0451102 0.995954 -0.0778009 -8.27158 -0.826165 0.00659327 0.563439 85.0603
0.567707 0.0917575 0.818126 113.399 -0.0470037 0.995767 -0.0790649 -8.32405 -0.82192 0.00643054 0.569614 85.4559
0.574619 0.092516 0.813201 113.946 -0.0494024 0.995705 -0.0783711 -8.36504 -0.816961 0.00485816 0.576721 85.8682
0.58098 0.0942487 0.808469 114.503 -0.0529844 0.995552 -0.0779832 -8.41413 -0.812225 0.00247031 0.583386 86.2863
0.586989 0.0926948 0.804299 115.07 -0.0532034 0.995699 -0.0759255 -8.47347 -0.807878 0.00177477 0.589395 86.7206
0.59565 0.0908981 0.798111 115.639 -0.0528126 0.995865 -0.0740057 -8.53106 -0.80154 0.00193098 0.597985 87.1659
0.602842 0.0900001 0.792796 116.229 -0.0528789 0.995946 -0.0728535 -8.5815 -0.79614 0.00199584 0.605156 87.6207
0.610036 0.0920894 0.787031 116.814 -0.0561484 0.995757 -0.0729915 -8.61359 -0.790416 0.000336674 0.612616 88.1021
0.617355 0.0927357 0.781228 117.402 -0.0577349 0.995697 -0.0725705 -8.657 -0.784597 -0.000303469 0.620051 88.5852
0.624095 0.0932418 0.775792 117.997 -0.05885 0.995649 -0.0723244 -8.71322 -0.779164 -0.000518286 0.626865 89.0785
0.629109 0.0917571 0.771911 118.591 -0.0578788 0.995788 -0.0711986 -8.76631 -0.775194 0.000113271 0.631769 89.5793
0.6334 0.0901305 0.768585 119.203 -0.05572 0.995934 -0.0708723 -8.83945 -0.771851 0.00206485 0.635845 90.105
0.636498 0.0883299 0.766233 119.817 -0.0526622 0.996086 -0.0710817 -8.90384 -0.769514 0.00489072 0.638657 90.6321
0.640206 0.0854631 0.763462 120.46 -0.0482355 0.996309 -0.0710807 -8.96468 -0.766723 0.00868023 0.641964 91.1523
0.64373 0.0797152 0.761119 121.107 -0.0417996 0.996745 -0.069041 -9.02943 -0.764145 0.0126283 0.644965 91.6786
0.647206 0.0741783 0.758726 121.747 -0.0360647 0.997125 -0.0667227 -9.08316 -0.761498 0.01582 0.648019 92.2303
0.650374 0.069168 0.756489 122.372 -0.0308145 0.997436 -0.0647069 -9.15861 -0.759025 0.0187718 0.650835 92.7683
0.653998 0.0674205 0.753516 123.023 -0.0288879 0.997526 -0.0641813 -9.21641 -0.755982 0.0202068 0.654325 93.3311
0.656426 0.0682372 0.751329 123.667 -0.0300972 0.997484 -0.0642984 -9.28834 -0.753826 0.0195932 0.656827 93.9047
0.660653 0.0715536 0.747304 124.318 -0.034256 0.997289 -0.0652061 -9.33375 -0.749948 0.0174789 0.66131 94.4967
0.663287 0.0737691 0.744752 124.964 -0.0381302 0.997176 -0.0648132 -9.38981 -0.74743 0.0145911 0.664225 95.0976
0.666554 0.0718657 0.742015 125.615 -0.0387969 0.997342 -0.061744 -9.45857 -0.744484 0.0123679 0.667569 95.6827
0.670271 0.0694038 0.738896 126.271 -0.0403039 0.997559 -0.0571396 -9.49672 -0.741059 0.0085175 0.671431 96.3093
0.673428 0.065182 0.736404 126.93 -0.0402809 0.997866 -0.0514895 -9.5609 -0.738193 0.00501136 0.674614 96.9433
0.678541 0.0634659 0.73185 127.585 -0.0396122 0.997979 -0.0498183 -9.58015 -0.733533 0.0048123 0.679682 97.5585
0.682754 0.0611469 0.728116 128.258 -0.0361982 0.998104 -0.0498778 -9.64361 -0.729789 0.00769771 0.683672 98.1834
0.688984 0.0587466 0.722427 128.903 -0.026536 0.998094 -0.0558562 -9.69533 -0.72433 0.0193125 0.689229 98.7873
0.693771 0.0611611 0.717626 129.565 -0.0235913 0.997788 -0.0622319 -9.75446 -0.719848 0.026245 0.693678 99.4176
0.700324 0.0615772 0.711201 130.207 -0.0212131 0.997636 -0.0654892 -9.8186 -0.713551 0.0307758 0.699973 100.042
0.706634 0.0581286 0.70522 130.86 -0.0196175 0.997852 -0.062593 -9.85497 -0.707346 0.0303958 0.706255 100.699
0.712585 0.0535443 0.699578 131.506 -0.0166278 0.998102 -0.0594561 -9.93314 -0.701431 0.0307339 0.712121 101.354
0.717371 0.0506555 0.69488 132.16 -0.0122252 0.998121 -0.060141 -9.98766 -0.696624 0.0346485 0.71664 102.017
0.722669 0.0524675 0.689239 132.78 -0.0104936 0.997843 -0.0649574 -10.0581 -0.691157 0.0397089 0.721659 102.676
0.725714 0.0530532 0.685981 133.423 -0.0101863 0.997748 -0.0663894 -10.1053 -0.687962 0.0411921 0.724618 103.361
0.72966 0.0486989 0.682113 134.031 -0.00639623 0.997914 -0.0644034 -10.164 -0.683822 0.0426286 0.728448 104.042
0.731573 0.0418369 0.680512 134.674 -0.00147186 0.998217 -0.0597873 -10.2227 -0.681803 0.0427371 0.730327 104.737
0.732235 0.0385034 0.680003 135.322 0.000817507 0.99836 -0.0574103 -10.2934 -0.681095 0.0425926 0.731001 105.424
0.732757 0.0331801 0.679716 135.951 0.0056127 0.998489 -0.0547923 -10.341 -0.680509 0.0439644 0.73146 106.105
0.731999 0.030125 0.680679 136.584 0.00832373 0.998562 -0.0531453 -10.3866 -0.681298 0.0445669 0.730695 106.805
0.730467 0.0307467 0.682291 137.241 0.00649097 0.998635 -0.0519524 -10.4279 -0.682959 0.042378 0.729268 107.513
0.730321 0.0313462 0.682424 137.869 0.00587898 0.998631 -0.0521628 -10.4847 -0.683122 0.0421064 0.729136 108.218
0.727672 0.03485 0.685074 138.537 0.00287977 0.998551 -0.0538563 -10.5272 -0.685961 0.0411623 0.726515 108.933
0.725783 0.0370624 0.686965 139.157 6.27139e-05 0.998553 -0.0539399 -10.5808 -0.687967 0.0391905 0.724731 109.61
0.722525 0.0380501 0.690331 139.814 -0.00226804 0.998616 -0.0526693 -10.6156 -0.691382 0.0364889 0.721609 110.295
0.720105 0.0402748 0.692736 140.449 -0.00589963 0.998643 -0.0519279 -10.662 -0.693884 0.0333054 0.719365 110.975
0.717235 0.0394543 0.695748 141.114 -0.00633852 0.99873 -0.0501021 -10.7113 -0.696845 0.0315246 0.716572 111.669
0.714653 0.0382955 0.698471 141.729 -0.00678719 0.998842 -0.0478203 -10.7646 -0.69949 0.0294331 0.714085 112.335
0.71175 0.034659 0.701612 142.379 -0.00292855 0.998927 -0.0463757 -10.806 -0.702469 0.0309528 0.711084 113.008
0.710244 0.0377966 0.702981 143.015 -0.00504462 0.998815 -0.0486063 -10.887 -0.703981 0.0309748 0.709592 113.644
0.705452 0.0477556 0.707181 143.679 -0.00942502 0.998278 -0.0580119 -10.9171 -0.708736 0.034259 0.704685 114.318
0.703337 0.0528237 0.708932 144.304 -0.0124428 0.998007 -0.0620193 -10.9735 -0.710791 0.0347982 0.702592 114.964
0.700177 0.0516707 0.712131 144.964 -0.0134458 0.998162 -0.0592051 -11.0423 -0.713885 0.0318784 0.699582 115.628
0.696733 0.0510971 0.715548 145.622 -0.017896 0.998398 -0.0538705 -11.1028 -0.71715 0.0247268 0.69653 116.29
0.692635 0.0491649 0.719645 146.277 -0.0194145 0.99859 -0.0495369 -11.148 -0.721069 0.0203389 0.69261 116.943
0.689277 0.0486596 0.722902 146.939 -0.0189146 0.998621 -0.0491844 -11.2111 -0.724294 0.0202271 0.689246 117.586
0.686079 0.0470369 0.726037 147.587 -0.0168518 0.998673 -0.0487762 -11.2653 -0.727372 0.0212288 0.685959 118.21
0.683197 0.0453068 0.728868 148.262 -0.0137072 0.998703 -0.0492323 -11.3231 -0.730148 0.0236433 0.682932 118.84
0.681179 0.0464442 0.730674 148.921 -0.0124598 0.998582 -0.0518583 -11.3897 -0.732051 0.0262202 0.68079 119.462
0.677467 0.0467816 0.734105 149.575 -0.0109348 0.998515 -0.0535411 -11.4485 -0.735515 0.0282437 0.676973 120.074
0.673047 0.0449155 0.738267 150.248 -0.00904896 0.998585 -0.0525043 -11.4872 -0.739585 0.0286567 0.672498 120.702
0.669369 0.0460109 0.741545 150.923 -0.0109443 0.998592 -0.0520819 -11.5306 -0.742893 0.0267449 0.66893 121.303
0.664119 0.0469926 0.746181 151.601 -0.011313 0.998546 -0.0528179 -11.5975 -0.747582 0.0266352 0.663682 121.917
0.657152 0.0488086 0.752217 152.294 -0.0122908 0.998471 -0.0540507 -11.6415 -0.753701 0.0262727 0.656747 122.542
0.651918 0.0533414 0.756443 153.008 -0.0148123 0.998234 -0.0576267 -11.7021 -0.758185 0.0263626 0.651554 123.174
0.645615 0.0589359 0.761426 153.69 -0.0175587 0.997908 -0.0623531 -11.7541 -0.763503 0.026885 0.6453 123.801
0.6376 0.0605967 0.768012 154.403 -0.0168469 0.997766 -0.0647388 -11.7941 -0.770223 0.0283383 0.637194 124.397
0.630872 0.0538634 0.774055 155.131 -0.0156694 0.998277 -0.0566962 -11.8632 -0.775771 0.0236377 0.630629 124.996
0.623443 0.0523562 0.780144 155.861 -0.0211166 0.998525 -0.0501375 -11.8986 -0.781623 0.0147834 0.623627 125.599
0.614507 0.0479928 0.78749 156.609 -0.0193231 0.998773 -0.0457917 -11.9574 -0.788716 0.0129213 0.614681 126.198
0.607795 0.0488988 0.792618 157.346 -0.0221694 0.998765 -0.0446174 -11.9992 -0.793824 0.00954577 0.608125 126.783
0.598714 0.0507744 0.799392 158.082 -0.0221664 0.998666 -0.0468308 -12.0499 -0.800697 0.0103173 0.599041 127.347
0.590576 0.0513895 0.805374 158.833 -0.0158719 0.998524 -0.0520759 -12.1024 -0.806864 0.0179713 0.590517 127.903
0.584027 0.0589767 0.809628 159.591 -0.0156123 0.997998 -0.0614374 -12.1476 -0.811625 0.0232395 0.583779 128.442
0.576597 0.0616314 0.814731 160.353 -0.013161 0.997729 -0.0661608 -12.2135 -0.816961 0.0274249 0.576096 128.97
0.568661 0.0579735 0.820565 161.131 -0.0101249 0.997941 -0.0634894 -12.2683 -0.82255 0.0277944 0.568076 129.512
0.562038 0.0543106 0.825356 161.917 -0.00684044 0.99812 -0.0610216 -12.3441 -0.827122 0.02865 0.56135 130.037
0.553926 0.0542085 0.830837 162.699 -0.00782418 0.998182 -0.0599116 -12.4082 -0.832569 0.0266846 0.553344 130.554
0.547077 0.0562155 0.835223 163.46 -0.00868715 0.998078 -0.0614871 -12.4845 -0.837076 0.0263819 0.546511 131.071
0.54084 0.0566436 0.839254 164.246 -0.00677343 0.998001 -0.062994 -12.539 -0.841138 0.0283836 0.540142 131.584
0.535787 0.0512881 0.842824 165.023 -0.00307212 0.998273 -0.0587953 -12.6104 -0.844387 0.0289119 0.535017 132.053
0.529231 0.0490926 0.847094 165.809 -0.00112514 0.998375 -0.0571583 -12.6832 -0.848517 0.0292953 0.528425 132.543
0.525848 0.0476481 0.849272 166.562 -0.00192051 0.998502 -0.054832 -12.7294 -0.850616 0.0272017 0.525149 133.026
0.520976 0.049049 0.852199 167.327 -0.00206734 0.998428 -0.0562027 -12.7882 -0.853609 0.027517 0.520258 133.503
0.516184 0.0516398 0.854949 168.083 -0.000980268 0.998224 -0.0597024 -12.8523 -0.856517 0.0299788 0.515315 133.979
0.513499 0.0566586 0.856256 168.813 -0.00186195 0.9979 -0.064916 -12.9161 -0.858128 0.0317383 0.512525 134.432
