0.999998 0.000539044 0.00125216 -0.00468608 -0.000534014 0.999992 -0.0040305 0.00136589 -0.00125443 0.0040299 0.999991 0.962703
0.999998 -0.00146543 0.00155615 -0.00927033 0.00147238 0.999989 -0.00447305 -0.0251678 -0.00154949 0.00447533 0.999989 1.93912
0.999993 -0.00256515 0.0026966 -0.0101365 0.00256709 0.999998 -0.000729399 -0.0289818 -0.00269486 0.000736398 0.999997 2.8874
0.999985 -0.00551144 0.000791497 -0.00553326 0.00550873 0.999979 0.00341759 -0.0370206 -0.000810243 -0.00341315 0.999995 3.86067
0.999974 -0.00721164 -0.000409414 -0.00509995 0.00721347 0.999965 0.00472006 -0.0538151 0.000375218 -0.00472286 0.99999 4.79901
0.999956 -0.00942177 -0.000459354 -0.0073304 0.00942302 0.999953 0.00266996 -0.0649596 0.000434226 -0.00267412 0.999997 5.75206
0.999959 -0.00901944 -0.00197981 -0.00789637 0.009022 0.99996 0.00128999 -0.0728305 0.00196793 -0.00130775 0.999999 6.68005
0.999954 -0.00940774 -0.00258452 -0.0149339 0.0094104 0.999956 0.000985208 -0.077424 0.0025752 -0.00100936 0.999997 7.60486
0.999957 -0.00893661 -0.00283341 -0.0232836 0.00894216 0.99996 0.00193115 -0.0823561 0.00281582 -0.00195634 0.999996 8.53982
0.999942 -0.00983829 -0.00482234 -0.0293978 0.00985918 0.999942 0.00431079 -0.0925486 0.00477968 -0.00435797 0.99998 9.46705
0.999935 -0.00999134 -0.00576321 -0.0338665 0.0100267 0.999934 0.00613495 -0.101653 0.00570129 -0.00619232 0.999967 10.3809
0.999932 -0.0106938 -0.00489126 -0.0579165 0.0107336 0.999909 0.00818924 -0.108794 0.00480332 -0.00824117 0.999956 11.3119
0.999915 -0.0112865 -0.00661406 -0.0587669 0.0113442 0.9999 0.00875499 -0.106546 0.00651432 -0.00882927 0.999943 12.2219
0.999914 -0.0113095 -0.00690398 -0.0789014 0.0113575 0.999912 0.00693194 -0.109128 0.00682501 -0.00700978 0.999953 13.13
0.999907 -0.0112161 -0.00787504 -0.087097 0.0112536 0.999929 0.00471661 -0.106271 0.0078214 -0.00480481 0.999961 14.0477
0.999872 -0.0121842 -0.0105498 -0.0969649 0.0122158 0.999921 0.00294145 -0.110646 0.0105131 -0.00306995 0.999941 14.9311
0.999858 -0.0118769 -0.0120971 -0.111364 0.0119112 0.999927 0.00276305 -0.107416 0.0120632 -0.00290674 0.999928 15.8241
0.9999 -0.00901733 -0.0110501 -0.105426 0.00902593 0.999959 0.00073307 -0.130059 0.0110431 -0.000832741 0.99994 16.7032
0.999878 -0.0072734 -0.0139251 -0.13713 0.00727957 0.999975 0.000385044 -0.138937 0.0139217 -0.000486377 0.999908 17.6003
0.999836 -0.00875997 -0.0159896 -0.177499 0.00878079 0.999961 0.0012319 -0.151934 0.0159783 -0.00137213 0.999873 18.504
0.999821 -0.00892079 -0.0167673 -0.209394 0.0089638 0.999958 0.00248735 -0.188859 0.0167441 -0.00263727 0.999861 19.3927
0.999781 -0.00884147 -0.0190504 -0.244629 0.00889783 0.999956 0.00287629 -0.189744 0.0190243 -0.00304524 0.999816 20.2835
0.99973 -0.00957164 -0.0212289 -0.268379 0.00963275 0.999951 0.00277404 -0.226338 0.0212011 -0.0029779 0.999775 21.1625
0.999687 -0.00967351 -0.0231564 -0.297178 0.00973247 0.99995 0.00243431 -0.232276 0.0231318 -0.00265899 0.99973 22.0241
0.999608 -0.00966923 -0.026349 -0.318514 0.0097318 0.999951 0.0022421 -0.242241 0.0263258 -0.00249769 0.999655 22.9052
0.999558 -0.00939694 -0.0282675 -0.346598 0.00952158 0.999946 0.00427782 -0.251313 0.0282259 -0.0045452 0.999593 23.7566
0.999468 -0.0105244 -0.0309157 -0.381456 0.0107553 0.999917 0.00730904 -0.253638 0.0308359 -0.00763771 0.9995 24.6281
0.999396 -0.0110907 -0.0330227 -0.40882 0.011385 0.999898 0.00873667 -0.263989 0.0329226 -0.00910748 0.999419 25.4839
0.999398 -0.010359 -0.0331503 -0.442009 0.0106326 0.999911 0.00808528 -0.277415 0.0330634 -0.00843291 0.999422 26.3081
0.999363 -0.00896788 -0.034631 -0.467451 0.00919216 0.999939 0.00632129 -0.274746 0.0345723 -0.00663575 0.999382 27.139
0.999309 -0.0079476 -0.0363702 -0.503001 0.00811971 0.999957 0.00458325 -0.280833 0.0363319 -0.00487544 0.999332 27.9482
0.999281 -0.00783539 -0.0371718 -0.539518 0.00804899 0.999953 0.00559871 -0.282622 0.0371263 -0.00589401 0.999295 28.7455
0.999145 -0.00745692 -0.0407151 -0.576637 0.00768182 0.999957 0.00536687 -0.298506 0.0406729 -0.00567504 0.999161 29.568
0.999053 -0.00653408 -0.0430973 -0.616004 0.00673207 0.999968 0.00445055 -0.312439 0.043067 -0.00473654 0.999063 30.3614
0.998984 -0.00632754 -0.0446808 -0.651848 0.00653181 0.99997 0.00442396 -0.31217 0.0446511 -0.00471128 0.998995 31.1344
0.998865 -0.00635095 -0.0472692 -0.688353 0.00665033 0.99996 0.00617866 -0.317929 0.0472282 -0.00648607 0.998865 31.9142
0.998722 -0.00722215 -0.0500712 -0.727121 0.00761999 0.999942 0.00775651 -0.318811 0.0500118 -0.00812811 0.99872 32.6789
0.998612 -0.00730847 -0.0522208 -0.767883 0.0078323 0.999922 0.00983306 -0.321963 0.0521449 -0.0102285 0.99859 33.4322
0.998476 -0.00626947 -0.0548874 -0.811652 0.00683559 0.999926 0.0101303 -0.319834 0.0548193 -0.01049 0.998446 34.1706
0.998417 -0.00500399 -0.0560824 -0.863784 0.00554329 0.999941 0.00946528 -0.313868 0.0560318 -0.00976134 0.998384 34.8872
0.998297 -0.0042351 -0.0582451 -0.911271 0.00479678 0.999943 0.00950495 -0.315614 0.0582011 -0.00976816 0.998262 35.5878
0.998218 -0.00330446 -0.0596347 -0.966231 0.00396024 0.999934 0.0108819 -0.317196 0.0595949 -0.0110988 0.998164 36.2953
0.998181 -0.00278679 -0.0602863 -1.01346 0.00350714 0.999923 0.0118443 -0.32066 0.0602483 -0.0120342 0.998115 36.9816
0.998114 -0.00140396 -0.0614261 -1.05878 0.00216241 0.999924 0.0122823 -0.321009 0.0614043 -0.0123921 0.998039 37.6677
0.998163 0.00127624 -0.0606382 -1.11479 -0.000608659 0.999939 0.0110249 -0.321972 0.0606482 -0.0109677 0.998103 38.3432
0.998233 0.00311345 -0.0593994 -1.15735 -0.00261726 0.999963 0.00842912 -0.312965 0.0594234 -0.00825889 0.998202 39.0049
0.998288 0.00277887 -0.0584825 -1.20115 -0.00236868 0.999972 0.00708108 -0.316503 0.0585002 -0.00693041 0.998268 39.6557
0.998436 0.00349621 -0.0558705 -1.23633 -0.00306928 0.999968 0.00772536 -0.312031 0.0558957 -0.00754196 0.998412 40.3044
0.998568 0.00759489 -0.0530223 -1.27771 -0.00708792 0.999927 0.00974168 -0.324525 0.0530921 -0.00935195 0.99855 40.9531
0.998699 0.011733 -0.0497109 -1.31786 -0.0110761 0.999851 0.0134691 -0.321215 0.0498615 -0.0129011 0.998678 41.5737
0.99879 0.0169203 -0.0462695 -1.36431 -0.0163127 0.999776 0.013476 -0.320397 0.0464868 -0.012705 0.998842 42.1901
0.998956 0.0199837 -0.0412013 -1.39595 -0.0194417 0.999723 0.0135126 -0.30905 0.0414599 -0.0126977 0.999065 42.7852
0.999074 0.0234006 -0.0362222 -1.42769 -0.0228394 0.999614 0.0158241 -0.308539 0.036578 -0.0149821 0.999224 43.3644
0.999181 0.0266784 -0.0305809 -1.44911 -0.0262105 0.999538 0.0155965 -0.294234 0.0309828 -0.0147822 0.999417 43.9165
0.999314 0.0293107 -0.0228395 -1.46587 -0.0289542 0.999456 0.0157751 -0.287567 0.0232889 -0.0151029 0.99962 44.4557
0.999325 0.0333084 -0.0158541 -1.48696 -0.033054 0.999328 0.0160428 -0.307379 0.0163778 -0.015508 0.999751 44.9777
0.999299 0.0366354 -0.00828987 -1.49758 -0.0365082 0.999221 0.0149849 -0.307338 0.00883189 -0.0146719 0.999859 45.472
0.999199 0.0401565 0.000193719 -1.50098 -0.0401552 0.999104 0.0135693 -0.301709 0.000351392 -0.0135662 0.999914 45.9395
0.999122 0.0413673 0.00731487 -1.50612 -0.0414501 0.999073 0.0115824 -0.30156 -0.00682946 -0.0118755 0.999911 46.3927
0.998989 0.0422328 0.0157656 -1.48842 -0.042411 0.999041 0.0111506 -0.295475 -0.0152795 -0.0118081 0.99982 46.8232
0.998866 0.0418029 0.022989 -1.47736 -0.0420609 0.999056 0.0108637 -0.316779 -0.0225136 -0.0118183 0.999682 47.2387
0.998608 0.043057 0.0306677 -1.46862 -0.0434239 0.998994 0.0114034 -0.3183 -0.0301458 -0.0127192 0.999472 47.6215
0.998195 0.0451997 0.0396758 -1.46416 -0.0456876 0.99889 0.0114835 -0.325148 -0.0391132 -0.0132755 0.999152 47.9927
0.997616 0.0498611 0.0478497 -1.45748 -0.0504394 0.99867 0.0109576 -0.323424 -0.0472397 -0.0133451 0.998802 48.3312
0.996978 0.052937 0.0569401 -1.44408 -0.0536406 0.9985 0.0109035 -0.326495 -0.0562781 -0.013925 0.998323 48.6495
0.996456 0.0522498 0.0660148 -1.41909 -0.0531117 0.998526 0.0113711 -0.333183 -0.0653233 -0.014837 0.997761 48.9431
0.995818 0.0510727 0.0758135 -1.39865 -0.0520166 0.99859 0.0105305 -0.335559 -0.0751694 -0.0144302 0.997072 49.2259
0.99489 0.050382 0.0875698 -1.36476 -0.051207 0.998664 0.0072007 -0.329284 -0.08709 -0.0116481 0.996139 49.5013
0.993594 0.0510665 0.100858 -1.32934 -0.0517121 0.998654 0.00379815 -0.329823 -0.100529 -0.00898946 0.994899 49.77
0.991872 0.0518696 0.116243 -1.30081 -0.0525129 0.998619 0.00247747 -0.326025 -0.115954 -0.00856168 0.993225 50.0375
0.98977 0.0527836 0.132586 -1.26321 -0.0534821 0.998567 0.00171213 -0.325392 -0.132307 -0.00878567 0.991176 50.3078
0.987347 0.0527582 0.149589 -1.21639 -0.0535169 0.998568 0.00104959 -0.323863 -0.14932 -0.00904189 0.988755 50.5576
0.984467 0.0521871 0.167664 -1.15835 -0.0529675 0.998596 0.000183794 -0.331507 -0.16742 -0.00906178 0.98585 50.8208
0.980989 0.0513099 0.187196 -1.09075 -0.0521068 0.998643 -0.000663524 -0.333392 -0.186976 -0.00910331 0.98233 51.0789
0.976975 0.0514459 0.207082 -1.02404 -0.0522891 0.998631 -0.00140201 -0.341939 -0.206872 -0.00945848 0.978328 51.3186
0.972178 0.0529877 0.228205 -0.962245 -0.0538374 0.998548 -0.00250366 -0.340956 -0.228006 -0.00985197 0.973617 51.5756
0.966407 0.0539857 0.251304 -0.875928 -0.0547181 0.998493 -0.00407646 -0.340368 -0.251146 -0.00981138 0.967906 51.8223
0.95987 0.0550942 0.275009 -0.809156 -0.0558556 0.998428 -0.00506772 -0.358491 -0.274856 -0.0104964 0.961436 52.0756
0.952226 0.0563144 0.300178 -0.714507 -0.057146 0.998348 -0.00601493 -0.358883 -0.300022 -0.0114263 0.953871 52.3376
0.943068 0.0579416 0.32754 -0.62479 -0.0589563 0.998239 -0.00683893 -0.365769 -0.32736 -0.012861 0.944821 52.5978
0.932839 0.0580932 0.355598 -0.521332 -0.0591715 0.998217 -0.00785221 -0.3669 -0.35542 -0.0137163 0.934613 52.8503
0.920987 0.0563105 0.385524 -0.389238 -0.0572304 0.998321 -0.00909853 -0.371192 -0.385389 -0.0136841 0.922661 53.0993
0.906774 0.0538786 0.418177 -0.248223 -0.054008 0.998474 -0.0115345 -0.375944 -0.418161 -0.0121257 0.9083 53.3375
0.890459 0.0529112 0.451995 -0.108057 -0.0519739 0.998545 -0.0144996 -0.387033 -0.452104 -0.0105807 0.891912 53.5757
0.872131 0.053791 0.486322 0.053451 -0.051342 0.998513 -0.0183708 -0.396238 -0.486587 -0.00894698 0.873594 53.8431
0.851257 0.0554204 0.521831 0.223966 -0.0517216 0.998428 -0.0216643 -0.397972 -0.522211 -0.00854819 0.852783 54.0751
0.82784 0.0570178 0.558072 0.410265 -0.0521926 0.998335 -0.0245769 -0.398846 -0.558544 -0.00878147 0.829437 54.3281
0.801829 0.0592767 0.59462 0.611253 -0.0540782 0.998185 -0.0265847 -0.408575 -0.595116 -0.0108397 0.803577 54.586
0.773317 0.0623679 0.630957 0.82841 -0.0567429 0.997965 -0.0290999 -0.424154 -0.631488 -0.0132989 0.775281 54.8469
0.741792 0.0626156 0.667713 1.07478 -0.0562775 0.997934 -0.0310615 -0.434634 -0.668278 -0.0145362 0.743781 55.094
0.706544 0.0604723 0.705091 1.35817 -0.0535603 0.998055 -0.0319278 -0.460143 -0.705651 -0.0152065 0.708408 55.3523
0.669126 0.0586098 0.740846 1.6586 -0.0515729 0.998146 -0.0323854 -0.480104 -0.74137 -0.0165378 0.670906 55.5934
0.628002 0.0575338 0.776092 1.9851 -0.0499773 0.998187 -0.0335574 -0.484939 -0.776616 -0.0177129 0.629738 55.8412
0.583416 0.0568015 0.810196 2.33068 -0.0474268 0.998233 -0.0358332 -0.498209 -0.810799 -0.0175194 0.585078 56.061
0.537146 0.0556858 0.841659 2.7084 -0.0449964 0.99829 -0.0373323 -0.525438 -0.842298 -0.0178188 0.538732 56.288
0.489313 0.0529734 0.870509 3.11592 -0.0438607 0.998387 -0.0361015 -0.549766 -0.871016 -0.0205161 0.490845 56.5076
0.441223 0.0510966 0.895951 3.52656 -0.0437701 0.998415 -0.0353851 -0.566321 -0.896339 -0.0236033 0.442759 56.7024
0.392245 0.0506199 0.918477 3.96844 -0.0450659 0.998345 -0.0357762 -0.596762 -0.918767 -0.027359 0.393875 56.8812
0.343469 0.0501798 0.937832 4.42728 -0.0425116 0.998379 -0.0378503 -0.608614 -0.938211 -0.0268684 0.345045 57.0297
0.296989 0.0457295 0.953795 4.89807 -0.034571 0.998715 -0.0371189 -0.629967 -0.954265 -0.0219497 0.298187 57.1511
0.253199 0.0417524 0.966522 5.40485 -0.0256494 0.999008 -0.0364367 -0.619145 -0.967083 -0.0155651 0.254018 57.2483
0.211441 0.0393927 0.976606 5.91202 -0.019034 0.999166 -0.0361821 -0.642515 -0.977216 -0.0109383 0.212014 57.3317
0.173383 0.0414093 0.983992 6.42837 -0.0160237 0.999103 -0.0392219 -0.637965 -0.984733 -0.00896697 0.17389 57.4079
0.140648 0.0415941 0.989195 6.95906 -0.00943055 0.999131 -0.0406713 -0.672009 -0.990025 -0.00360838 0.140917 57.4678
0.111484 0.0403251 0.992957 7.50604 -0.00300863 0.999186 -0.0402405 -0.69 -0.993771 0.00149856 0.111513 57.5215
0.086963 0.0380611 0.995495 8.07761 0.00220215 0.999263 -0.0383978 -0.710958 -0.99622 0.00553132 0.0868141 57.554
0.0671554 0.0374184 0.99705 8.65218 0.00579301 0.999265 -0.037892 -0.736636 -0.997735 0.00832035 0.0668883 57.5804
0.0508668 0.0382679 0.997982 9.23466 0.00712566 0.999229 -0.0386792 -0.750338 -0.998691 0.00907866 0.0505539 57.6071
0.0380534 0.0386507 0.998538 9.84543 0.00788094 0.999209 -0.0389773 -0.766565 -0.999254 0.00935237 0.0377178 57.6257
0.0268421 0.0404611 0.99883 10.4488 0.00785576 0.999143 -0.0406852 -0.790175 -0.99962 0.00893853 0.0265003 57.636
0.0181361 0.0422478 0.998952 11.0515 0.0124238 0.999021 -0.0424765 -0.817585 -0.999768 0.0131809 0.0175925 57.6382
0.0110518 0.0428616 0.99903 11.6537 0.016295 0.998943 -0.0430384 -0.838918 -0.999817 0.0167547 0.0103408 57.6356
0.00755117 0.0433995 0.999039 12.3039 0.0168198 0.998912 -0.0435214 -0.862671 -0.999841 0.0171321 0.00681199 57.6446
0.00342184 0.0414207 0.999146 12.942 0.0147249 0.999033 -0.0414667 -0.887414 -0.999897 0.0148541 0.00280779 57.6555
0.0021023 0.0356256 0.999373 13.6135 0.0133543 0.999276 -0.0356505 -0.909627 -0.999919 0.0134206 0.00162398 57.666
0.000976354 0.0309394 0.99953 14.2868 0.0136418 0.99943 -0.03095 -0.930725 -0.999918 0.0136655 0.000552905 57.6643
0.000850206 0.0296144 0.999571 14.9808 0.0162209 0.999431 -0.0296244 -0.949675 -0.999879 0.0162389 0.000368292 57.6639
0.00095449 0.0310052 0.999529 15.6539 0.0188131 0.999344 -0.0310177 -0.982386 -0.999834 0.0188337 0.000369658 57.6609
0.0030584 0.0379605 0.999284 16.3585 0.018917 0.999099 -0.0380117 -0.999161 -0.999828 0.0190194 0.00233654 57.6623
0.00543652 0.0452896 0.998969 17.0602 0.018918 0.998793 -0.0453849 -1.03019 -0.999818 0.019145 0.00457228 57.6585
0.00747795 0.0463845 0.998906 17.7615 0.01984 0.998721 -0.0465248 -1.04842 -0.999787 0.0201659 0.00654713 57.67
0.0104894 0.0431198 0.999025 18.499 0.0192303 0.998879 -0.0433157 -1.08849 -0.999771 0.0196656 0.00964756 57.6854
0.0131024 0.0377777 0.999211 19.2222 0.0191462 0.999095 -0.0380247 -1.12907 -0.999743 0.0196289 0.0123662 57.6874
0.0162022 0.0365083 0.999212 19.9498 0.0181887 0.999159 -0.0368016 -1.14998 -0.999715 0.0187704 0.0155237 57.7066
0.0200307 0.040062 0.999007 20.6727 0.0224031 0.99893 -0.0405084 -1.1985 -0.999561 0.0231919 0.0191108 57.7135
0.023289 0.044559 0.998745 21.4 0.0241194 0.998693 -0.0451192 -1.2348 -0.999449 0.0251396 0.022183 57.7324
0.0243675 0.0458063 0.998664 22.1041 0.0196728 0.998736 -0.0462899 -1.26553 -0.999522 0.0207742 0.0234346 57.7548
0.0287753 0.0441341 0.998621 22.8601 0.0151176 0.998893 -0.0445819 -1.30008 -0.999483 0.0163793 0.0280755 57.7928
0.0333929 0.0416393 0.998586 23.593 0.0179248 0.998948 -0.0422542 -1.36879 -0.999294 0.0193101 0.0326105 57.8115
0.0352653 0.0422464 0.998494 24.3045 0.0222471 0.998827 -0.0430465 -1.41215 -0.999141 0.0237313 0.0342834 57.8334
0.0397399 0.0460994 0.998157 25.0542 0.0217568 0.998661 -0.0469891 -1.45811 -0.998986 0.0235837 0.0386827 57.8684
0.0434123 0.0479558 0.997916 25.7794 0.0184972 0.99864 -0.0487955 -1.48983 -0.998898 0.0205767 0.0424654 57.907
0.0460281 0.0480474 0.997795 26.5201 0.0167775 0.998667 -0.0488636 -1.53692 -0.998812 0.0189893 0.0451596 57.9412
0.0505249 0.0474667 0.997604 27.2652 0.019998 0.998624 -0.0485282 -1.58464 -0.998534 0.0224016 0.0495054 57.9748
0.0540294 0.0473647 0.997427 27.9997 0.0234671 0.998541 -0.0486891 -1.63501 -0.998277 0.026037 0.052838 58.0118
0.0560551 0.0483762 0.997265 28.7291 0.0250412 0.998445 -0.0498412 -1.67552 -0.998126 0.0277662 0.0547557 58.0467
0.059626 0.0489286 0.997033 29.4832 0.0254953 0.9984 -0.0505208 -1.72368 -0.997909 0.0284316 0.0582822 58.0911
0.0629987 0.0485256 0.996844 30.2388 0.0261816 0.998395 -0.050256 -1.76984 -0.997683 0.0292647 0.0616263 58.125
0.0660065 0.0473617 0.996707 30.9893 0.0272896 0.998416 -0.0492505 -1.83204 -0.99746 0.0304502 0.0646085 58.1605
0.0691856 0.0480539 0.996456 31.7437 0.026447 0.998402 -0.0499842 -1.86345 -0.997266 0.0298112 0.0678033 58.2153
0.0723897 0.05029 0.99612 32.5101 0.0243282 0.998344 -0.0521706 -1.90002 -0.997093 0.0280101 0.0710454 58.2725
0.0743635 0.0503403 0.99597 33.2601 0.0258061 0.998295 -0.0523849 -1.95886 -0.996911 0.0295974 0.0729368 58.3265
0.078671 0.0515116 0.995581 34.0475 0.0246755 0.99826 -0.0536006 -2.00009 -0.99661 0.0287829 0.0772621 58.3957
0.0793119 0.0523564 0.995485 34.8204 0.0227108 0.998267 -0.0543125 -2.05306 -0.996605 0.0269156 0.0779845 58.4523
0.0860894 0.0524091 0.99492 35.6024 0.0209235 0.998303 -0.0543983 -2.10515 -0.996082 0.0254999 0.0848457 58.5318
0.0878049 0.0540193 0.994683 36.3754 0.0189029 0.99826 -0.0558825 -2.1421 -0.995973 0.0237089 0.08663 58.601
0.0908111 0.0567044 0.994265 37.1293 0.0180295 0.998123 -0.0585716 -2.19855 -0.99572 0.0232447 0.0896172 58.6721
0.0943556 0.0584078 0.993835 37.9075 0.017333 0.998031 -0.0603004 -2.24232 -0.995402 0.0229156 0.0931565 58.7367
0.0971855 0.0609038 0.993414 38.6817 0.0126809 0.997971 -0.0624244 -2.29212 -0.995201 0.0186636 0.096215 58.8136
0.099346 0.0608976 0.993199 39.4655 0.00839583 0.99804 -0.0620346 -2.33549 -0.995032 0.0145014 0.098639 58.9073
0.102642 0.0602744 0.992904 40.2466 0.00964209 0.998057 -0.0615846 -2.40216 -0.994687 0.0158944 0.10186 58.9893
0.105555 0.0610337 0.99255 41.0285 0.0100053 0.998 -0.0624332 -2.45531 -0.994378 0.0165207 0.104732 59.0735
0.108635 0.0620934 0.992154 41.8219 0.00633171 0.997986 -0.0631523 -2.51064 -0.994077 0.0131421 0.108022 59.1687
0.112636 0.0608732 0.991781 42.6161 0.00551447 0.998069 -0.0618858 -2.56322 -0.993636 0.0124395 0.112082 59.2628
0.117022 0.060597 0.991292 43.4153 0.00622168 0.998074 -0.0617467 -2.61682 -0.993125 0.0133927 0.116419 59.3477
0.120176 0.0652557 0.990617 44.2064 0.00224789 0.997818 -0.0660031 -2.66209 -0.992765 0.0101586 0.119766 59.4685
0.12637 0.0723063 0.989358 45.0059 -0.000169739 0.997344 -0.0728688 -2.73315 -0.991999 0.00903992 0.126045 59.5843
0.133111 0.076474 0.988158 45.7995 -0.00211164 0.997039 -0.0768773 -2.79069 -0.991115 0.00814626 0.132877 59.6962
0.139593 0.0795486 0.987022 46.5999 -0.00600524 0.996819 -0.0794895 -2.8556 -0.990207 0.00516825 0.139625 59.8231
0.14729 0.0784185 0.985991 47.4096 -0.0100795 0.99692 -0.0777823 -2.92508 -0.989058 0.00151791 0.147626 59.9534
0.155285 0.0771948 0.984862 48.2405 -0.0101916 0.997016 -0.076541 -2.99978 -0.987834 0.00184767 0.155607 60.0803
0.161984 0.0748464 0.983962 49.0835 -0.0112955 0.997195 -0.0739938 -3.0791 -0.986745 0.000871158 0.162374 60.217
0.170417 0.06966 0.98292 49.8955 -0.0129914 0.997573 -0.0684465 -3.13979 -0.985304 -0.00110569 0.170907 60.3716
0.178415 0.0641067 0.981877 50.7321 -0.0145071 0.997939 -0.0625197 -3.20306 -0.983865 -0.00309003 0.178976 60.5141
0.185325 0.0613538 0.980775 51.5337 -0.0146099 0.998114 -0.0596784 -3.26161 -0.982586 -0.00326984 0.185871 60.6734
0.193747 0.0632702 0.979022 52.3355 -0.0147251 0.997994 -0.0615826 -3.32358 -0.980958 -0.00248502 0.194289 60.8334
0.200187 0.0685038 0.977375 53.1311 -0.0149847 0.997653 -0.0668565 -3.38065 -0.979661 -0.00126253 0.200743 60.9904
0.204672 0.0731221 0.976108 53.9231 -0.0155559 0.997324 -0.0714501 -3.43859 -0.978724 -0.000560661 0.205261 61.1587
0.210822 0.0749461 0.974662 54.7099 -0.0159929 0.997191 -0.0732197 -3.49927 -0.977412 -0.000152091 0.211427 61.3375
0.215874 0.076307 0.973448 55.4909 -0.0186745 0.997083 -0.0740189 -3.56586 -0.97626 -0.00220026 0.216668 61.502
0.220403 0.0727715 0.972706 56.2571 -0.0155912 0.997352 -0.071083 -3.62452 -0.975302 0.000500569 0.220953 61.6668
0.226856 0.0677036 0.971585 57.0223 -0.0138756 0.997705 -0.0662844 -3.67623 -0.973846 0.00155544 0.227274 61.8408
0.230562 0.0621404 0.971087 57.7889 -0.0158663 0.998069 -0.0601004 -3.73742 -0.972946 -0.0015514 0.231102 62.0269
0.233458 0.0595254 0.970556 58.5456 -0.0182794 0.998218 -0.0568255 -3.77892 -0.972212 -0.00447512 0.234129 62.2163
0.237695 0.0588183 0.969573 59.2808 -0.0193807 0.998257 -0.0558076 -3.83688 -0.971165 -0.00552656 0.238419 62.3946
0.239431 0.0617473 0.968961 59.9985 -0.022902 0.998058 -0.0579429 -3.87046 -0.970661 -0.00831819 0.240379 62.5802
0.241502 0.0652047 0.968222 60.7039 -0.0252091 0.997829 -0.060911 -3.91273 -0.970092 -0.00969871 0.242621 62.7775
0.243055 0.068619 0.967596 61.4082 -0.0259544 0.997599 -0.0642274 -3.95007 -0.969683 -0.00950295 0.244252 62.9634
0.245128 0.0732521 0.966735 62.0846 -0.026466 0.99728 -0.0688561 -4.0046 -0.969148 -0.00870786 0.246398 63.1545
0.247872 0.0734417 0.966018 62.7631 -0.0251147 0.997276 -0.0693742 -4.05916 -0.968485 -0.00706569 0.249041 63.3334
0.249412 0.0736963 0.965605 63.4281 -0.0256243 0.997257 -0.0694938 -4.08747 -0.968078 -0.00741117 0.250615 63.5211
0.249272 0.0717374 0.965787 64.0966 -0.0268292 0.997383 -0.0671602 -4.14826 -0.96808 -0.00917055 0.250543 63.7004
0.251041 0.0703713 0.965431 64.7249 -0.0270974 0.997477 -0.0656616 -4.19593 -0.967617 -0.00967768 0.252314 63.869
0.250894 0.0690994 0.965559 65.3729 -0.0257953 0.997574 -0.0646882 -4.23757 -0.967689 -0.0086774 0.252067 64.0394
0.248987 0.0684808 0.966098 66.0036 -0.0256535 0.997617 -0.0641039 -4.27852 -0.968187 -0.00882356 0.250149 64.207
0.247789 0.0686149 0.966395 66.6164 -0.0264886 0.997597 -0.0640391 -4.3253 -0.968469 -0.00973054 0.249011 64.3674
0.244527 0.0708877 0.967063 67.2405 -0.0261113 0.997447 -0.0665131 -4.37276 -0.969311 -0.0089879 0.245752 64.5278
0.243318 0.0751063 0.967049 67.832 -0.025578 0.997149 -0.0710091 -4.42386 -0.969627 -0.00745773 0.244545 64.6797
0.240927 0.0768376 0.967512 68.4425 -0.025973 0.997018 -0.0727137 -4.47662 -0.970216 -0.0076113 0.242203 64.8335
0.238179 0.0767952 0.968195 69.0484 -0.0265283 0.997013 -0.0725556 -4.52669 -0.970876 -0.00840359 0.239505 64.9878
0.236527 0.0742326 0.9688 69.6203 -0.0265244 0.997202 -0.0699337 -4.56142 -0.971283 -0.00915658 0.237833 65.1305
0.234522 0.0722462 0.969438 70.1911 -0.0250304 0.997355 -0.0682721 -4.59569 -0.971807 -0.00825448 0.235709 65.2926
0.232206 0.0711121 0.970079 70.7686 -0.0225321 0.997452 -0.067726 -4.65526 -0.972426 -0.00613239 0.233215 65.4316
0.230217 0.0726764 0.970437 71.3202 -0.0195591 0.997353 -0.070053 -4.70001 -0.97296 -0.00285387 0.231029 65.5657
0.227912 0.0735368 0.970916 71.8569 -0.0164193 0.997297 -0.0716811 -4.74582 -0.973563 0.000394431 0.228502 65.686
0.225836 0.0757319 0.971232 72.4184 -0.0177213 0.997129 -0.0736314 -4.77827 -0.974022 -0.000583294 0.226529 65.8204
0.225411 0.0791175 0.971062 72.9603 -0.018728 0.996869 -0.0768734 -4.83857 -0.974104 -0.000858725 0.226186 65.9544
0.223714 0.078068 0.971538 73.5124 -0.0176122 0.996949 -0.0760552 -4.88366 -0.974514 -9.66743e-05 0.224406 66.0994
0.223193 0.0767646 0.971762 74.0708 -0.01362 0.997047 -0.0756343 -4.93213 -0.974699 0.00364496 0.223579 66.2303
0.225348 0.0752296 0.971385 74.6155 -0.0090828 0.997135 -0.0751176 -4.98016 -0.974254 0.00810434 0.225386 66.3509
0.225848 0.0751484 0.971275 75.1837 -0.00762596 0.997131 -0.075376 -5.02851 -0.974153 0.00961584 0.225772 66.4868
0.227485 0.0753293 0.970879 75.7494 -0.0093906 0.997128 -0.0751666 -5.07356 -0.973754 0.00798181 0.227539 66.6326
0.232743 0.0763801 0.96955 76.31 -0.011942 0.997066 -0.0756813 -5.12262 -0.972485 0.00603519 0.232971 66.7896
0.238164 0.076276 0.968241 76.8847 -0.0120853 0.997068 -0.0755753 -5.1771 -0.971168 0.00629752 0.238387 66.9247
0.245536 0.0766117 0.966371 77.4603 -0.0135989 0.997051 -0.0755892 -5.2302 -0.969312 0.00541752 0.245853 67.0794
0.253244 0.0758144 0.964443 78.046 -0.0145976 0.997112 -0.0745505 -5.27685 -0.96731 0.0048006 0.253619 67.2488
0.262337 0.0754839 0.962036 78.6184 -0.0163958 0.997144 -0.0737682 -5.32631 -0.964857 0.003578 0.262825 67.4166
0.270105 0.0761245 0.959832 79.2133 -0.0190667 0.997099 -0.0737155 -5.3823 -0.96266 0.00160984 0.270773 67.597
0.278716 0.0787833 0.957153 79.8006 -0.0237383 0.996894 -0.0751426 -5.43654 -0.960101 -0.0017785 0.279719 67.7961
0.28673 0.0812091 0.954579 80.3939 -0.0269169 0.996692 -0.0767076 -5.48402 -0.957652 -0.00370025 0.287967 67.9877
0.29647 0.0835975 0.951393 81.0029 -0.0303846 0.996487 -0.0780922 -5.53472 -0.95458 -0.00575652 0.297967 68.178
0.306353 0.08513 0.94812 81.6126 -0.0316563 0.996355 -0.0792333 -5.60212 -0.951411 -0.00574079 0.307931 68.3867
0.314568 0.0861993 0.945331 82.2272 -0.0331216 0.996262 -0.0798227 -5.6481 -0.948678 -0.00620199 0.316247 68.601
0.323382 0.0862391 0.942348 82.8566 -0.0338156 0.996257 -0.0795695 -5.69972 -0.945684 -0.00613481 0.325088 68.8377
0.332402 0.0876652 0.939073 83.4981 -0.0374523 0.996116 -0.0797342 -5.74658 -0.942416 -0.00866742 0.334393 69.0901
0.344218 0.0846564 0.935083 84.1324 -0.0381917 0.996367 -0.076147 -5.79202 -0.938133 -0.00950127 0.346201 69.3425
0.352743 0.0775766 0.932517 84.8008 -0.034092 0.996965 -0.0700429 -5.8508 -0.935121 -0.00708503 0.354317 69.6081
0.363598 0.0744371 0.928596 85.4858 -0.0335218 0.997205 -0.0668124 -5.88618 -0.930973 -0.00683534 0.365077 69.8742
0.37403 0.0709839 0.924715 86.1691 -0.0323547 0.997462 -0.0634824 -5.93138 -0.926874 -0.00617541 0.375377 70.1631
0.382726 0.0698294 0.921238 86.8522 -0.0296552 0.997557 -0.0632954 -5.98736 -0.923407 -0.00309474 0.383861 70.4539
0.391779 0.0666117 0.917664 87.5448 -0.0245988 0.997781 -0.0619264 -6.01526 -0.919753 0.00168726 0.392548 70.7554
0.400314 0.0572181 0.914608 88.2566 -0.0151901 0.998328 -0.0558083 -6.04587 -0.916274 0.00844779 0.400514 71.0576
0.406257 0.052831 0.912249 88.9996 -0.00994998 0.998527 -0.0533976 -6.1004 -0.913727 0.0126156 0.406184 71.3851
0.414192 0.0513362 0.908759 89.6941 -0.00575401 0.998538 -0.0537866 -6.11562 -0.910193 0.0170489 0.413881 71.7029
0.419987 0.056569 0.905785 90.4021 -0.00459388 0.998178 -0.0602103 -6.17112 -0.907541 0.0211258 0.419482 72.034
0.427064 0.06032 0.902227 91.0963 -0.000733774 0.997797 -0.0663636 -6.21091 -0.904244 0.0276794 0.426167 72.3633
0.432492 0.0604794 0.899628 91.802 -0.000306127 0.99776 -0.0669307 -6.25171 -0.901661 0.0286709 0.431542 72.7079
0.435525 0.0622445 0.898042 92.5075 -0.00534476 0.997769 -0.0665661 -6.29305 -0.900184 0.0241913 0.434886 73.0576
0.439874 0.0644948 0.89576 93.1788 -0.00944184 0.997698 -0.0671988 -6.33436 -0.898033 0.0211008 0.43947 73.4056
0.443724 0.0660257 0.893746 93.8484 -0.0107532 0.997604 -0.0683608 -6.40647 -0.896122 0.0207227 0.443371 73.7398
0.446885 0.0692622 0.891926 94.518 -0.0129226 0.997397 -0.0709788 -6.4592 -0.894521 0.0201927 0.446616 74.0792
0.45057 0.0710391 0.889929 95.1717 -0.0148454 0.997289 -0.0720942 -6.51143 -0.892641 0.0192721 0.450402 74.4201
0.453649 0.0702283 0.888429 95.8324 -0.0150818 0.997356 -0.0711386 -6.56578 -0.891076 0.0188721 0.453508 74.7668
0.456729 0.067208 0.887084 96.4736 -0.014121 0.997566 -0.0683096 -6.62738 -0.889517 0.0186724 0.456567 75.0941
0.459729 0.066641 0.885575 97.1137 -0.0155104 0.997634 -0.0670226 -6.6818 -0.887947 0.0170759 0.459674 75.4295
0.461634 0.0638847 0.884788 97.7407 -0.013892 0.997803 -0.0647983 -6.73094 -0.886985 0.0176216 0.461508 75.751
0.464013 0.0658955 0.883394 98.3427 -0.0165147 0.997702 -0.0657485 -6.77906 -0.885699 0.0159184 0.464034 76.0769
0.46562 0.0662608 0.882522 98.9447 -0.0158215 0.997659 -0.0665598 -6.84231 -0.884867 0.0170289 0.465579 76.3946
0.466299 0.0644985 0.882292 99.5341 -0.0136493 0.997747 -0.0657258 -6.8919 -0.884546 0.0186045 0.466128 76.7038
0.466251 0.0625247 0.882462 100.115 -0.0105501 0.997823 -0.065126 -6.94281 -0.884613 0.0210551 0.465896 77.0189
0.466845 0.0630631 0.882107 100.69 -0.0117521 0.997811 -0.0651162 -6.99089 -0.884285 0.0200318 0.466564 77.3292
0.467273 0.0628898 0.881895 101.258 -0.00995798 0.99778 -0.0658793 -7.0415 -0.884081 0.0220019 0.466862 77.6374
0.46792 0.0647925 0.881413 101.82 -0.0109947 0.997661 -0.0675021 -7.09937 -0.883727 0.021894 0.467537 77.9313
0.470052 0.0648297 0.880276 102.357 -0.00873299 0.997594 -0.0688084 -7.14226 -0.88262 0.0246561 0.469488 78.2315
0.472286 0.063705 0.879161 102.915 -0.0063572 0.997608 -0.0688737 -7.19473 -0.881448 0.0269383 0.47156 78.5244
0.474198 0.0622517 0.878237 103.455 -0.00326017 0.997617 -0.0689552 -7.23344 -0.880437 0.0298353 0.473271 78.8178
0.4769 0.0609946 0.87686 103.973 -0.00187288 0.99766 -0.0683798 -7.28864 -0.878982 0.0309672 0.475897 79.0961
0.479413 0.0598663 0.875567 104.498 -0.000810329 0.997703 -0.0677753 -7.3309 -0.877613 0.031783 0.478361 79.3852
0.482017 0.05914 0.874185 105.023 -0.000146595 0.997728 -0.0674179 -7.37579 -0.876189 0.0323675 0.480928 79.6765
0.485063 0.0586229 0.872535 105.527 0.00163 0.997692 -0.0679396 -7.42152 -0.874503 0.0343774 0.483847 79.9653
0.487755 0.0599475 0.870941 106.044 0.000742442 0.997614 -0.0690832 -7.47156 -0.873007 0.0343414 0.486545 80.2474
0.491682 0.0591081 0.868789 106.541 0.00340273 0.997559 -0.0697965 -7.51272 -0.870793 0.0372741 0.490281 80.5424
0.495622 0.0617444 0.866362 107.032 0.00135126 0.997417 -0.0718585 -7.55713 -0.868565 0.0367844 0.494256 80.8308
0.500418 0.0673616 0.863183 107.522 -0.00203328 0.997061 -0.0766323 -7.60252 -0.865807 0.0365931 0.499083 81.1242
0.505454 0.0742451 0.859675 108.009 -0.00708511 0.996618 -0.0819073 -7.64996 -0.862852 0.0353086 0.504269 81.4274
0.510897 0.0801195 0.855923 108.484 -0.012656 0.996244 -0.0857019 -7.69928 -0.859574 0.0329524 0.509991 81.7294
0.516253 0.0849477 0.852235 108.982 -0.0155891 0.99584 -0.0898194 -7.74728 -0.856322 0.0330829 0.515427 82.0358
0.520975 0.0855606 0.849295 109.462 -0.0186295 0.995871 -0.088901 -7.80144 -0.853394 0.0304934 0.520417 82.3579
0.525637 0.0847549 0.846499 109.959 -0.0243292 0.99612 -0.0846291 -7.86004 -0.850389 0.0238887 0.525657 82.6911
0.53042 0.0827547 0.843709 110.468 -0.0288241 0.996413 -0.0796133 -7.91378 -0.847271 0.0179094 0.530902 83.0355
0.536896 0.0814217 0.839733 110.976 -0.0345005 0.996623 -0.0745764 -7.96403 -0.84297 0.0110677 0.53789 83.3814
0.542069 0.0800307 0.836537 111.494 -0.0360719 0.996757 -0.0719862 -8.0184 -0.839586 0.00884607 0.543197 83.7368
0.547676 0.0828586 0.8326 112.013 -0.0402332 0.996545 -0.07271 -8.06931 -0.835751 0.00632254 0.549115 84.1047
0.554046 0.0868142 0.82797 112.534 -0.0435856 0.996213 -0.0752906 -8.11295 -0.831371 0.00562692 0.555731 84.4832
0.559691 0.0892081 0.823909 113.061 -0.045115 0.995999 -0.0771949 -8.15648 -0.827501 0.00603381 0.561473 84.8587
0.565743 0.0912654 0.819539 113.605 -0.047004 0.995813 -0.0784497 -8.20848 -0.823269 0.0058607 0.567663 85.2528
0.572671 0.0920117 0.814629 114.154 -0.0493961 0.995753 -0.0777459 -8.24914 -0.818325 0.00428251 0.574781 85.6639
0.579047 0.0937383 0.809912 114.712 -0.0529719 0.995599 -0.0773592 -8.29765 -0.813599 0.00189203 0.581463 86.0804
0.585065 0.092191 0.805753 115.281 -0.0532118 0.995745 -0.0752926 -8.35706 -0.809269 0.00117473 0.587478 86.514
0.593736 0.0903693 0.799594 115.85 -0.0527636 0.995912 -0.0733795 -8.41451 -0.802956 0.00137861 0.596076 86.9575
0.60094 0.0894794 0.794294 116.441 -0.0528299 0.995992 -0.0722327 -8.46458 -0.797576 0.00144437 0.603256 87.4111
0.608128 0.0915742 0.788565 117.027 -0.0561025 0.995802 -0.072377 -8.49627 -0.791883 -0.000225897 0.610712 87.8906
0.615447 0.0922065 0.78279 117.617 -0.0576546 0.995744 -0.0719623 -8.53931 -0.786097 -0.000843191 0.618141 88.3727
0.622204 0.0927157 0.777372 118.213 -0.0587791 0.995696 -0.0717107 -8.5949 -0.780675 -0.0010744 0.624976 88.8643
0.627237 0.0912413 0.77349 118.808 -0.0577952 0.995833 -0.0706028 -8.64775 -0.776712 -0.000420171 0.629893 89.3635
0.631533 0.0896049 0.770181 119.421 -0.0556363 0.99598 -0.0702566 -8.72014 -0.77338 0.00151931 0.633979 89.8872
0.634633 0.0878119 0.767833 120.037 -0.0525753 0.996132 -0.070467 -8.78421 -0.771054 0.00435086 0.636792 90.4129
0.638316 0.0850003 0.765094 120.681 -0.048161 0.996351 -0.0705141 -8.84447 -0.768297 0.00816259 0.64008 90.9314
0.641851 0.0792321 0.762751 121.329 -0.0416998 0.996787 -0.0684538 -8.90857 -0.765726 0.0121298 0.643089 91.4561
0.645338 0.073682 0.760363 121.971 -0.0359293 0.997167 -0.0661375 -8.9619 -0.763083 0.0153617 0.646157 92.0062
0.648505 0.0686824 0.758131 122.598 -0.0306839 0.997475 -0.0641195 -9.03648 -0.760623 0.0183187 0.648972 92.5431
0.652132 0.0669166 0.755174 123.249 -0.0287387 0.997566 -0.0635803 -9.09368 -0.757592 0.01976 0.652468 93.104
0.654572 0.0677298 0.752986 123.896 -0.0299455 0.997525 -0.0636949 -9.16485 -0.755438 0.0191437 0.654977 93.6761
0.658809 0.0710335 0.748977 124.548 -0.0340904 0.997332 -0.0646038 -9.20983 -0.751569 0.0170286 0.659473 94.2661
0.661447 0.0732541 0.746432 125.195 -0.0380021 0.997219 -0.0641916 -9.26545 -0.749061 0.0140927 0.662388 94.8656
0.664719 0.0713444 0.743708 125.847 -0.038666 0.997385 -0.0611228 -9.33366 -0.746124 0.0118732 0.665739 95.4489
0.668447 0.0688611 0.740592 126.505 -0.0401661 0.997599 -0.0565056 -9.37123 -0.742707 0.00802368 0.669605 96.0739
0.671609 0.0646435 0.738109 127.166 -0.0401523 0.997902 -0.0508638 -9.43438 -0.739849 0.00452377 0.672796 96.7062
0.676734 0.0629224 0.733561 127.823 -0.0394719 0.998014 -0.049193 -9.45311 -0.735202 0.0043349 0.677871 97.3199
0.680956 0.0606089 0.729841 128.497 -0.0360476 0.99814 -0.0492585 -9.5161 -0.731469 0.00723377 0.681874 97.943
0.687295 0.0590565 0.724002 129.148 -0.029394 0.99814 -0.0535148 -9.55482 -0.725817 0.0154987 0.687749 98.5626
0.692095 0.0614869 0.719214 129.811 -0.0264351 0.99786 -0.0598732 -9.61183 -0.721356 0.0224253 0.692239 99.1915
0.698645 0.0619293 0.712812 130.454 -0.0240365 0.997722 -0.0631244 -9.67377 -0.715099 0.0269677 0.698539 99.8152
0.704971 0.0584749 0.706853 131.109 -0.0224033 0.997938 -0.060214 -9.70798 -0.708917 0.0266132 0.704827 100.47
0.710933 0.0538899 0.701222 131.756 -0.0193982 0.99819 -0.0570461 -9.78414 -0.703027 0.0269532 0.710688 101.124
0.715749 0.0510333 0.696523 132.411 -0.0149831 0.998223 -0.0577442 -9.83638 -0.698233 0.0308941 0.715241 101.786
0.720374 0.0522595 0.691645 133.03 -0.0134923 0.998032 -0.0613575 -9.89435 -0.69349 0.0348683 0.719658 102.442
0.723421 0.0528414 0.688416 133.675 -0.0131634 0.997945 -0.0627702 -9.93797 -0.690319 0.0363471 0.722629 103.125
0.727391 0.0486209 0.68453 134.286 -0.00946141 0.99811 -0.0608408 -9.99353 -0.686194 0.0377782 0.726472 103.804
0.729311 0.0417762 0.68294 134.93 -0.00455259 0.998413 -0.0562148 -10.0489 -0.684205 0.0378886 0.728343 104.497
0.729802 0.0382403 0.68262 135.581 -0.00214258 0.998564 -0.0536497 -10.1134 -0.683691 0.0376909 0.728832 105.178
0.730305 0.0329101 0.682362 136.214 0.00268314 0.998697 -0.0510409 -10.158 -0.683153 0.039106 0.729264 105.858
0.729545 0.0298699 0.683311 136.849 0.00537244 0.998772 -0.0493966 -10.2001 -0.683948 0.0397078 0.728485 106.556
0.728019 0.0304736 0.684914 137.509 0.00352377 0.998836 -0.0481886 -10.2376 -0.685585 0.0374953 0.727065 107.262
0.727878 0.0310714 0.685033 138.139 0.00289987 0.998831 -0.0483865 -10.2905 -0.685737 0.0372056 0.726933 107.965
0.725219 0.0345614 0.687684 138.81 -9.97304e-05 0.998748 -0.0500919 -10.329 -0.688555 0.0362586 0.724315 108.678
0.723284 0.0368105 0.689601 139.434 -0.0029829 0.998742 -0.0501847 -10.3792 -0.690581 0.0342406 0.72248 109.354
0.720022 0.0377828 0.692956 140.093 -0.00532834 0.998792 -0.0489241 -10.4104 -0.693968 0.0315337 0.719354 110.036
0.717632 0.0399123 0.69531 140.73 -0.00888699 0.998806 -0.0481623 -10.4533 -0.696403 0.0283833 0.717126 110.714
0.714785 0.0391279 0.698282 141.397 -0.00939938 0.998885 -0.0463527 -10.4988 -0.699317 0.0265685 0.714356 111.407
0.712191 0.0379662 0.70099 142.015 -0.00986398 0.998985 -0.0440853 -10.5487 -0.701953 0.0244822 0.711839 112.071
0.709278 0.0343324 0.704126 142.667 -0.00601955 0.999076 -0.0426523 -10.5865 -0.704939 0.0260135 0.708829 112.742
0.707774 0.0374744 0.705476 143.306 -0.00815895 0.998965 -0.0448798 -10.6642 -0.706428 0.0260084 0.707344 113.376
0.702974 0.0475194 0.70966 143.971 -0.0126501 0.998448 -0.0543277 -10.6911 -0.711139 0.0292132 0.702483 114.048
0.700845 0.0525806 0.711405 144.599 -0.0156712 0.998179 -0.0583388 -10.7441 -0.713179 0.0297372 0.70039 114.692
0.697645 0.0514115 0.71463 145.261 -0.0166277 0.998321 -0.0555898 -10.8096 -0.716286 0.0268989 0.697328 115.354
0.694181 0.0508018 0.718037 145.922 -0.0210953 0.998519 -0.0502527 -10.8667 -0.719529 0.0197367 0.694221 116.014
0.690167 0.0488388 0.722033 146.58 -0.0225994 0.998693 -0.0459519 -10.9071 -0.723333 0.0153966 0.690369 116.667
0.686802 0.0483305 0.725267 147.245 -0.0221101 0.99872 -0.0456165 -10.967 -0.726546 0.015293 0.686988 117.309
0.683595 0.0467115 0.728399 147.894 -0.020063 0.998781 -0.0452236 -11.0179 -0.729623 0.0163003 0.683697 117.931
0.68069 0.0449824 0.731221 148.572 -0.016939 0.998818 -0.0456768 -11.0724 -0.732414 0.0187048 0.680644 118.559
0.678661 0.0460938 0.733037 149.233 -0.0156594 0.998716 -0.0483036 -11.1358 -0.734321 0.0213024 0.67851 119.179
0.674941 0.0464359 0.736442 149.889 -0.0141521 0.998654 -0.0500005 -11.1913 -0.737776 0.0233243 0.674685 119.789
0.670522 0.0445942 0.740581 150.564 -0.0123106 0.998729 -0.0489942 -11.2269 -0.741824 0.0237343 0.670217 120.414
0.666826 0.0456259 0.743849 151.241 -0.0141936 0.998726 -0.0485368 -11.2668 -0.74512 0.0218068 0.666619 121.013
0.66156 0.0466163 0.748475 151.92 -0.0146003 0.998683 -0.0492964 -11.3305 -0.749787 0.0216842 0.661368 121.624
0.654582 0.048422 0.754472 152.616 -0.0155708 0.998604 -0.0505824 -11.3711 -0.755871 0.0213618 0.654418 122.248
0.649348 0.0530986 0.758669 153.337 -0.0182985 0.998368 -0.0542148 -11.4304 -0.760308 0.0213214 0.649258 122.882
0.643027 0.058695 0.763624 154.021 -0.0210871 0.998043 -0.0589578 -11.479 -0.765594 0.0218079 0.643002 123.508
0.634988 0.0603472 0.770195 154.735 -0.0203997 0.997913 -0.0613725 -11.5159 -0.772289 0.0232586 0.634892 124.101
0.62826 0.0535322 0.776193 155.466 -0.0192112 0.998399 -0.0533087 -11.5819 -0.777807 0.0185792 0.628278 124.698
0.620813 0.051991 0.782266 156.197 -0.0246879 0.998606 -0.0467781 -11.614 -0.783606 0.00972756 0.621229 125.298
0.611854 0.0476193 0.789568 156.947 -0.0229306 0.99884 -0.0424726 -11.6695 -0.790678 0.00788081 0.612232 125.896
0.605121 0.0485153 0.794687 157.686 -0.0258006 0.998819 -0.0413325 -11.708 -0.795752 0.0045073 0.605655 126.479
0.596016 0.0503813 0.801422 158.425 -0.0258325 0.998722 -0.0435743 -11.7557 -0.802597 0.00526725 0.596551 127.04
0.587841 0.0510662 0.807396 159.177 -0.0195812 0.998617 -0.0489054 -11.8055 -0.808775 0.0129384 0.588026 127.594
0.58072 0.0585359 0.812028 159.94 -0.019702 0.998136 -0.0578633 -11.8473 -0.813904 0.0176028 0.580787 128.128
0.573273 0.0612061 0.817108 160.705 -0.017282 0.997894 -0.0626245 -11.91 -0.819218 0.0217791 0.573121 128.652
0.565278 0.0575389 0.822922 161.486 -0.0142177 0.998102 -0.0600225 -11.9614 -0.824816 0.0222284 0.565019 129.192
0.558634 0.053925 0.827692 162.273 -0.0110054 0.998285 -0.0576127 -12.0343 -0.829376 0.0230747 0.558268 129.714
0.550494 0.0538064 0.833134 163.057 -0.012002 0.998334 -0.0565466 -12.0949 -0.834791 0.0211283 0.550218 130.229
0.543614 0.0558204 0.83751 163.82 -0.0129039 0.998231 -0.0581581 -12.168 -0.83927 0.0208079 0.543371 130.742
0.537361 0.0562356 0.841505 164.609 -0.0110434 0.998165 -0.0596541 -12.2196 -0.843318 0.0227618 0.536991 131.252
0.532289 0.0508827 0.845065 165.387 -0.00735913 0.99844 -0.0554836 -12.288 -0.846566 0.0233139 0.531831 131.719
0.525709 0.0486873 0.8493 166.176 -0.00543552 0.998539 -0.0538795 -12.3577 -0.850686 0.0237075 0.525201 132.206
0.522318 0.0472842 0.851472 166.931 -0.00627606 0.998655 -0.0516091 -12.4012 -0.852762 0.021612 0.52191 132.686
0.517441 0.048691 0.854363 167.698 -0.0064494 0.99858 -0.0530056 -12.4571 -0.855733 0.0219161 0.517016 133.16
0.512628 0.0512666 0.857112 168.455 -0.00533799 0.998394 -0.0565259 -12.5185 -0.858629 0.024401 0.512077 133.633
0.509936 0.0562923 0.858399 169.188 -0.0062306 0.998079 -0.0617524 -12.5796 -0.860228 0.0261403 0.509303 134.084
