0.999993 -0.00255751 -0.00304547 -0.00447839 0.00255115 0.999995 -0.00213648 0.00271604 0.00305088 0.00212866 0.999994 0.694124
0.999973 -0.00179141 -0.00726018 -0.0188061 0.00176575 0.999993 -0.00352907 0.000249543 0.00726642 0.00351614 0.999968 1.4161
0.999938 -0.00138598 -0.0110976 -0.0298168 0.0013314 0.999987 -0.00493538 -0.00318303 0.0111043 0.00492024 0.999927 2.14906
0.999874 -0.000284352 -0.0159332 -0.0475574 0.000188929 0.999983 -0.00598854 0.000555521 0.0159346 0.00598476 0.999856 2.91093
0.99979 -0.00164195 -0.0204984 -0.0705915 0.00151698 0.99998 -0.00611612 -0.0101555 0.020508 0.00608368 0.999772 3.66538
0.999682 -0.00030433 -0.0252742 -0.0968632 0.000116977 0.999973 -0.00741159 -0.00995792 0.0252757 0.00740623 0.999654 4.43954
0.999537 0.00272015 -0.0303515 -0.131527 -0.00297975 0.999959 -0.00851349 -0.0389408 0.0303271 0.00859996 0.999504 5.22753
0.999395 0.00498469 -0.0344531 -0.160081 -0.00524548 0.999959 -0.00748342 -0.0677305 0.0344143 0.00765957 0.999379 6.03367
0.999245 0.00841241 -0.0379736 -0.198731 -0.00863376 0.999947 -0.00567132 -0.120999 0.0379239 0.00599487 0.999264 6.83682
0.999083 0.0103647 -0.0415923 -0.23038 -0.0105051 0.999941 -0.00315793 -0.172925 0.041557 0.00359193 0.999131 7.64914
0.999023 0.00885993 -0.043333 -0.275943 -0.00901029 0.999954 -0.00327561 -0.151907 0.0433021 0.00366289 0.999057 8.464
0.998941 0.00828147 -0.0453239 -0.314912 -0.00844439 0.99996 -0.00340201 -0.151535 0.0452937 0.00378109 0.998968 9.28374
0.998877 0.00674591 -0.0469505 -0.348103 -0.00693368 0.999969 -0.00383833 -0.150401 0.0469231 0.00415962 0.998892 10.116
0.998785 0.00507193 -0.049096 -0.390746 -0.00524724 0.999981 -0.00343924 -0.136813 0.0490774 0.00369267 0.99879 10.9698
0.998744 0.00379 -0.0500047 -0.438435 -0.00394916 0.999988 -0.00308458 -0.166102 0.0499924 0.00327831 0.998746 11.8314
0.998672 0.00493262 -0.0513584 -0.489563 -0.0051768 0.999977 -0.00461882 -0.177345 0.0513343 0.00487856 0.998672 12.7005
0.998641 0.00452025 -0.0519664 -0.540553 -0.0049074 0.999961 -0.00732512 -0.179672 0.0519313 0.00757034 0.998624 13.5781
0.998631 0.00678835 -0.0519347 -0.60256 -0.00727117 0.999933 -0.00910916 -0.184488 0.0518693 0.00947426 0.998611 14.4701
0.998565 0.00875468 -0.0528851 -0.650267 -0.00922873 0.999919 -0.00872719 -0.207482 0.0528044 0.00920284 0.998565 15.3766
0.998536 0.00768833 -0.0536263 -0.690457 -0.00810297 0.99994 -0.00751456 -0.224029 0.0535653 0.00793806 0.998535 16.2907
0.998565 0.00788035 -0.0530386 -0.743384 -0.00823383 0.999946 -0.00644972 -0.234863 0.0529848 0.00687727 0.998574 17.2063
0.998544 0.00800361 -0.0534232 -0.799101 -0.00827347 0.999956 -0.00482721 -0.258193 0.0533822 0.00526212 0.998563 18.1122
0.998526 0.00862842 -0.0536618 -0.844138 -0.00897352 0.99994 -0.00619236 -0.259325 0.0536052 0.00666483 0.998542 19.0307
0.998509 0.00669571 -0.0542669 -0.899547 -0.00705256 0.999957 -0.00638188 -0.264109 0.0542218 0.00675503 0.998509 19.9607
0.998511 0.00669957 -0.0542101 -0.946194 -0.00696971 0.999964 -0.00479294 -0.278883 0.0541761 0.00516369 0.99852 20.896
0.998577 0.00793691 -0.052833 -1.01292 -0.00803389 0.999968 -0.00161818 -0.284817 0.0528184 0.00204029 0.998605 21.8392
0.998602 0.00765771 -0.0523722 -1.07778 -0.0075771 0.99997 0.0017404 -0.289329 0.052384 -0.00134105 0.998628 22.7881
0.998675 0.00827917 -0.0508898 -1.13199 -0.00807245 0.99996 0.00427148 -0.291681 0.0509231 -0.00385501 0.998698 23.7302
0.998833 0.00846824 -0.0476308 -1.18379 -0.00819548 0.999949 0.00592319 -0.288192 0.0476786 -0.00552584 0.998849 24.6928
0.998955 0.00843682 -0.0450274 -1.22603 -0.00827603 0.99996 0.00376302 -0.309965 0.0450574 -0.00338647 0.998982 25.6258
0.999107 0.00760844 -0.0416545 -1.272 -0.00766065 0.99997 -0.00108857 -0.320711 0.041645 0.00140682 0.999134 26.5956
0.999199 0.00720096 -0.0394876 -1.31528 -0.00738508 0.999964 -0.00451139 -0.330331 0.0394538 0.00479936 0.999213 27.5715
0.999307 0.00517085 -0.0369774 -1.35657 -0.00533671 0.999977 -0.00438207 -0.338254 0.0369541 0.00457648 0.999309 28.5661
0.99941 0.00412212 -0.034267 -1.39542 -0.00413364 0.999993 -0.000256014 -0.346484 0.0342659 0.000397487 0.999416 29.5679
0.999419 0.000108458 -0.0342214 -1.43795 -2.10328e-05 0.999997 0.00256271 -0.342407 0.0342218 -0.0025604 0.999413 30.5713
0.999391 -0.00799391 -0.0341138 -1.46419 0.00805991 0.999967 0.00180884 -0.345422 0.0340984 -0.00208271 0.99942 31.581
0.999407 -0.00784247 -0.0336939 -1.49524 0.00776484 0.999968 -0.00242543 -0.358814 0.0337121 0.00216246 0.999432 32.5908
0.999365 -0.00759334 -0.034971 -1.53004 0.0073988 0.999958 -0.00567891 -0.348268 0.0350128 0.00541655 0.999376 33.5927
0.999328 -0.00887717 -0.035696 -1.56302 0.00863629 0.999939 -0.00688762 -0.332564 0.0357552 0.0065748 0.999342 34.6079
0.999368 -0.0095571 -0.0344116 -1.58448 0.00937508 0.999942 -0.00543666 -0.333329 0.0344617 0.00511062 0.999397 35.6421
0.999325 -0.00875546 -0.0358383 -1.63164 0.00862946 0.999956 -0.00366009 -0.327741 0.0358691 0.00334843 0.999354 36.6789
0.99936 -0.00784441 -0.0350815 -1.66702 0.0077293 0.999965 -0.00340648 -0.361406 0.0351073 0.00313322 0.999383 37.7137
0.999308 -0.00557926 -0.0369665 -1.71124 0.00550019 0.999982 -0.00223104 -0.385298 0.0369787 0.00202632 0.999319 38.7095
0.999287 -0.0119562 -0.0359998 -1.74736 0.0119812 0.999929 0.000488686 -0.317356 0.0359917 -0.000919708 0.999357 39.7172
0.999333 -0.00971566 -0.0354051 -1.7958 0.00974949 0.999953 0.00079596 -0.294451 0.0353961 -0.0011405 0.999378 40.7171
0.999319 -0.00866195 -0.0360765 -1.84161 0.00869427 0.999963 0.00074846 -0.319961 0.0360688 -0.00106161 0.999355 41.7143
0.999341 -0.00750803 -0.0357032 -1.87981 0.00750015 0.999973 -0.000342874 -0.349345 0.0357052 7.49443e-05 0.999368 42.7434
0.999404 -0.00305319 -0.0345845 -1.92592 0.00298406 0.999995 -0.00204091 -0.3765 0.0345907 0.00193645 0.999406 43.7781
0.99936 -0.00518594 -0.0355856 -1.96444 0.00507399 0.999983 -0.00322428 -0.411684 0.0356021 0.00304173 0.999367 44.8032
0.99928 -0.0084238 -0.0371884 -1.99804 0.00835016 0.999964 -0.00212492 -0.424848 0.0372051 0.00181289 0.999312 45.8234
0.999257 -0.00902333 -0.0376539 -2.04976 0.00896872 0.99996 -0.00160668 -0.433826 0.0376673 0.00126784 0.999296 46.8592
0.99925 -0.00779647 -0.0381516 -2.09925 0.0076416 0.999964 -0.0041929 -0.452008 0.0381831 0.00389825 0.99927 47.8582
0.99928 -0.00358355 -0.0379736 -2.1589 0.00325251 0.999958 -0.0087655 -0.475191 0.0380037 0.00863577 0.999247 48.8807
0.999216 -0.00401379 -0.0396098 -2.21513 0.00364395 0.999951 -0.00939549 -0.495905 0.0396458 0.00924377 0.999178 49.9182
0.999255 -0.00420587 -0.0385538 -2.25844 0.00395074 0.999971 -0.00668195 -0.51105 0.0385812 0.00652471 0.999241 50.92
0.999283 -0.00587555 -0.0376859 -2.29732 0.00578325 0.999985 -0.00254331 -0.548062 0.0377005 0.00232359 0.999297 51.8975
0.999289 -0.00690102 -0.0372799 -2.33753 0.00681849 0.999975 -0.00233037 -0.552469 0.0372955 0.00207454 0.999309 52.8934
0.999274 -0.00866215 -0.0373447 -2.37632 0.00857175 0.999966 -0.00256339 -0.560606 0.0373658 0.00224148 0.999307 53.8569
0.999344 -0.0095141 -0.0351754 -2.41479 0.00940502 0.999952 -0.00325395 -0.581176 0.035205 0.00292098 0.999382 54.8512
0.999406 -0.0104674 -0.0331571 -2.45224 0.0103887 0.999949 -0.00252697 -0.585022 0.0331822 0.00218102 0.999455 55.7865
0.999417 -0.0158207 -0.0305399 -2.4739 0.0158329 0.999876 0.000169705 -0.578545 0.0305338 -0.000653177 0.999541 56.764
0.999425 -0.0178003 -0.0292163 -2.49779 0.0179331 0.999836 0.00431579 -0.591792 0.0291351 -0.00483724 0.999572 57.7272
0.999452 -0.0191028 -0.0273468 -2.51974 0.0192368 0.999805 0.00465886 -0.584366 0.027253 -0.00518249 0.999622 58.7149
0.999467 -0.0181919 -0.0274769 -2.5517 0.0182713 0.999835 0.00266952 -0.593478 0.0274242 -0.00317016 0.999627 59.6515
0.999461 -0.0178603 -0.0278846 -2.58545 0.017751 0.999835 -0.00414599 -0.590746 0.0279545 0.00364856 0.99961 60.5915
0.999469 -0.0163272 -0.028635 -2.61863 0.0161235 0.99985 -0.00730293 -0.614071 0.0287503 0.00683729 0.999573 61.5126
0.999555 -0.0129316 -0.0272373 -2.65109 0.0127584 0.999899 -0.00651377 -0.610239 0.0273193 0.00616316 0.999615 62.4461
0.999567 -0.0110567 -0.0277306 -2.67273 0.0109064 0.999932 -0.00553865 -0.627662 0.0277903 0.00523374 0.99961 63.3937
0.999594 -0.00989668 -0.0270885 -2.6985 0.00979764 0.999946 -0.00377663 -0.642162 0.027125 0.00350947 0.999634 64.326
0.999679 -0.00797965 -0.0245771 -2.71343 0.00786135 0.999965 -0.00488036 -0.662846 0.0246154 0.00468554 0.999696 65.2378
0.999657 -0.00759885 -0.0254547 -2.72955 0.00747755 0.999961 -0.00484707 -0.674696 0.0254911 0.00465484 0.999672 66.1587
0.999711 -0.00589838 -0.0238598 -2.75007 0.0057975 0.999981 -0.00426831 -0.697527 0.0238848 0.00412868 0.999717 67.0426
0.999688 -0.00660306 -0.0245418 -2.76853 0.00649348 0.99997 -0.00453261 -0.727586 0.0245716 0.00437158 0.999697 67.9122
0.999695 -0.00455212 -0.0248047 -2.78684 0.00444699 0.999988 -0.00426644 -0.749075 0.0248241 0.00415477 0.999694 68.7722
0.999707 -0.00381888 -0.0243257 -2.80903 0.0037583 0.999991 -0.00252602 -0.768765 0.0243357 0.00243363 0.99971 69.6237
0.99971 -0.00318073 -0.0243952 -2.83655 0.00319452 1 0.000550492 -0.775308 0.0243939 -0.000628324 0.999713 70.4842
0.999673 -0.00191808 -0.0259773 -2.85848 0.00194384 1 0.000978028 -0.788512 0.025976 -0.00102844 0.999673 71.2607
0.999654 0.00142039 -0.0267761 -2.89364 -0.00148747 1 -0.00246134 -0.793839 0.026773 0.00250027 0.999649 72.0689
0.9996 0.00380241 -0.0284576 -2.93616 -0.00403784 0.999961 -0.00821127 -0.802525 0.0284258 0.00832254 0.999573 72.8437
0.99959 0.00429269 -0.0288014 -2.95894 -0.00468026 0.999906 -0.013381 -0.837024 0.0287415 0.0135102 0.999507 73.5854
0.999571 0.00433806 -0.0293706 -2.99071 -0.00479532 0.999871 -0.0155065 -0.879935 0.0293 0.0156403 0.99946 74.3564
0.999565 0.00630911 -0.0292923 -3.01935 -0.0067092 0.999892 -0.0135619 -0.914468 0.0292039 0.0137524 0.99949 75.1026
0.999552 0.0064779 -0.0296397 -3.03803 -0.00683213 0.999909 -0.011856 -0.948768 0.0295606 0.0120529 0.999502 75.8094
0.999536 0.00527751 -0.0304981 -3.05367 -0.00573841 0.999877 -0.0150277 -0.973822 0.0304153 0.0151956 0.999433 76.4794
0.999561 -0.000306021 -0.0300497 -3.0697 -0.000284504 0.99981 -0.019634 -1.01889 0.0300505 0.0196335 0.999368 77.1078
0.999601 -0.00373187 -0.0285464 -3.08795 0.00303619 0.999705 -0.0243541 -1.025 0.0286291 0.0242575 0.999308 77.7238
0.999674 -0.000894443 -0.026013 -3.10839 0.000255329 0.999702 -0.0245498 -1.05101 0.0260277 0.0245347 0.999373 78.3207
0.999777 0.00264013 -0.0217151 -3.14128 -0.00311705 0.99976 -0.0219347 -1.06389 0.0216522 0.0219973 0.999535 78.9339
0.999878 0.00190516 -0.016317 -3.15412 -0.00223634 0.999795 -0.0202852 -1.09148 0.0162756 0.0203188 0.999674 79.5366
0.999954 -0.000875033 -0.0111548 -3.15438 0.000685167 0.999861 -0.0169744 -1.10959 0.0111685 0.0169658 0.999806 80.1215
0.999999 -0.00428569 -0.00317948 -3.14909 0.00424052 0.999896 -0.0139954 -1.13606 0.00323977 0.0139816 0.99991 80.6856
0.999989 -0.00217957 0.00707438 -3.14665 0.00227892 0.999903 -0.0141294 -1.13521 -0.00704241 0.0141452 0.999887 81.2295
0.999772 0.00284763 0.0217601 -3.14738 -0.00252786 0.999892 -0.0147171 -1.13881 -0.0217988 0.0146584 0.999668 81.7632
0.999197 0.00739013 0.039813 -3.13196 -0.00683429 0.999883 -0.0140884 -1.13849 -0.0399117 0.0138048 0.99912 82.2913
0.998109 0.00718543 0.0612749 -3.09845 -0.00636644 0.999892 -0.0135537 -1.15296 -0.0613644 0.0131376 0.998043 82.785
0.996135 0.00456101 0.087911 -3.04606 -0.00348343 0.999923 -0.0124114 -1.1706 -0.0879598 0.012057 0.996064 83.2694
0.993152 0.00431148 0.116866 -2.98483 -0.00305702 0.99994 -0.010913 -1.17291 -0.116904 0.0104806 0.993103 83.7341
0.988706 0.00419823 0.149922 -2.90481 -0.00283567 0.999958 -0.00930363 -1.18214 -0.149954 0.0087733 0.988667 84.1968
0.982317 0.00372393 0.187265 -2.8113 -0.00223683 0.999968 -0.00815321 -1.19035 -0.187287 0.00758974 0.982291 84.6576
0.973763 0.00432221 0.227602 -2.69437 -0.00268185 0.999974 -0.00751749 -1.2022 -0.227627 0.00670969 0.973739 85.0957
0.962198 0.00474222 0.27236 -2.55938 -0.00296099 0.999976 -0.00695155 -1.22764 -0.272383 0.00588189 0.962186 85.5247
0.947195 0.00633499 0.320651 -2.40915 -0.00392521 0.999964 -0.00816209 -1.23217 -0.320689 0.0064723 0.947177 85.9562
0.928271 0.00765427 0.371865 -2.23965 -0.00455716 0.999951 -0.0092075 -1.24549 -0.371913 0.00685208 0.928258 86.3375
0.904592 0.00755399 0.426252 -2.04262 -0.00347822 0.999946 -0.0103403 -1.25763 -0.426305 0.00787102 0.904561 86.721
0.8766 0.00859412 0.481173 -1.83249 -0.00389577 0.999939 -0.010763 -1.26998 -0.481231 0.00755995 0.876577 87.0657
0.843727 0.00951045 0.536721 -1.60725 -0.00395407 0.999931 -0.0115033 -1.27849 -0.53679 0.00758321 0.843699 87.3925
0.806494 0.00840371 0.591209 -1.35024 -0.00136472 0.999927 -0.0123522 -1.29059 -0.591264 0.00915477 0.806443 87.7062
0.766287 0.00795994 0.642475 -1.07971 -8.58269e-05 0.999929 -0.0122869 -1.29259 -0.642525 0.00935995 0.766227 87.9779
0.722915 0.00681046 0.690927 -0.783715 0.00160749 0.999937 -0.0115387 -1.31715 -0.690955 0.00945183 0.722855 88.2454
0.676882 0.00655919 0.736085 -0.48937 -0.000248489 0.999967 -0.0086827 -1.32871 -0.736114 0.00569411 0.676856 88.4886
0.628631 0.00538297 0.777706 -0.170394 0.000736387 0.999976 -0.00751702 -1.34096 -0.777721 0.00529778 0.628609 88.7093
0.579307 0.00362165 0.815121 0.163719 0.0034928 0.999974 -0.00692581 -1.34478 -0.815122 0.00685909 0.579275 88.9112
0.530107 0.0010798 0.847949 0.497079 0.00886181 0.999942 -0.00681384 -1.34809 -0.8479 0.011126 0.530065 89.0837
0.481092 0.00271794 0.876684 0.843343 0.00813685 0.999943 -0.00756574 -1.3452 -0.876651 0.0107731 0.481039 89.2497
0.431852 0.00533936 0.901948 1.19175 0.0054259 0.999954 -0.00851783 -1.33521 -0.901943 0.00857192 0.431801 89.3877
0.384591 0.00620575 0.923084 1.53532 0.00517268 0.999952 -0.00887808 -1.34939 -0.92309 0.00818906 0.384538 89.5227
0.340498 0.00424213 0.940255 1.91522 0.0102285 0.999919 -0.00821571 -1.35707 -0.940204 0.0124145 0.340425 89.6259
0.299776 -0.00208575 0.954025 2.28518 0.0219785 0.999752 -0.00472079 -1.37397 -0.953774 0.0223829 0.299746 89.6949
0.262973 -0.00480604 0.96481 2.65956 0.0266735 0.999647 -0.00229095 -1.36588 -0.964449 0.0263368 0.263007 89.7607
0.228681 -0.00171622 0.973517 3.03848 0.0239407 0.99971 -0.00386169 -1.35307 -0.973224 0.0241895 0.228655 89.8507
0.196621 0.00449569 0.980488 3.40692 0.0152476 0.99986 -0.00764236 -1.35478 -0.980376 0.0164523 0.196524 89.9308
0.167784 0.00828957 0.985807 3.8004 0.0104093 0.999899 -0.0101801 -1.35933 -0.985786 0.0119695 0.16768 89.9968
0.141341 0.00931251 0.989935 4.20424 0.0104478 0.999892 -0.0108981 -1.38021 -0.98992 0.0118825 0.141228 90.0546
0.117641 0.01045 0.993019 4.61616 0.0162564 0.999795 -0.0124476 -1.38174 -0.992941 0.017607 0.117446 90.075
0.0964381 0.0149473 0.995245 5.03785 0.020786 0.999645 -0.0170277 -1.38585 -0.995137 0.0223287 0.0960925 90.0906
0.0761208 0.0210325 0.996895 5.4711 0.0216117 0.999512 -0.0227384 -1.37293 -0.996882 0.0232751 0.0756291 90.1129
0.0580193 0.022026 0.998091 5.91062 0.0204515 0.999526 -0.0232467 -1.37594 -0.998121 0.0217607 0.0575409 90.1309
0.0420032 0.0184957 0.998964 6.37548 0.0198521 0.99962 -0.0193429 -1.38832 -0.998938 0.0206437 0.0416204 90.1448
0.0266117 0.0158025 0.999539 6.85281 0.0220513 0.999628 -0.0163912 -1.40326 -0.999417 0.0224768 0.0262531 90.1583
0.013136 0.0136373 0.999839 7.33755 0.0244379 0.999609 -0.0139555 -1.41993 -0.999633 0.0246168 0.0127982 90.1499
0.000803953 0.0129269 0.999935 7.83758 0.0283532 0.99952 -0.0129446 -1.43816 -0.999613 0.0283612 0.000437077 90.1396
-0.00920148 0.0136947 0.999882 8.35908 0.0320806 0.999401 -0.0133932 -1.43512 -0.999461 0.0319531 -0.00963457 90.1201
-0.0172637 0.0144595 0.999765 8.90428 0.0355478 0.999278 -0.0138388 -1.44091 -0.999234 0.0352999 -0.0177651 90.1009
-0.0241729 0.0146739 0.999619 9.45322 0.0370576 0.999223 -0.0137724 -1.45215 -0.999039 0.03671 -0.0246971 90.0898
-0.0294042 0.0153972 0.999469 10.0109 0.0374793 0.999202 -0.0142906 -1.44962 -0.99888 0.0370385 -0.0299575 90.0771
-0.0351791 0.015575 0.999278 10.5991 0.0382075 0.999173 -0.0142286 -1.45415 -0.998669 0.0376788 -0.0357441 90.063
-0.0405693 0.0152467 0.99908 11.2145 0.0403319 0.9991 -0.0136094 -1.46737 -0.998378 0.039742 -0.0411473 90.0453
-0.0433078 0.0158321 0.998955 11.8218 0.0405237 0.999084 -0.0140777 -1.48012 -0.998258 0.0398711 -0.0439086 90.025
-0.0475738 0.014581 0.998781 12.4582 0.0387405 0.999174 -0.0127416 -1.49944 -0.998132 0.0380863 -0.0480989 89.9928
-0.0510415 0.0152553 0.998599 13.11 0.0396627 0.99913 -0.0132364 -1.49675 -0.997927 0.0389309 -0.0516011 89.9706
-0.0526954 0.0148109 0.998521 13.7827 0.0426131 0.999019 -0.0125696 -1.52021 -0.997717 0.041887 -0.0532742 89.9244
-0.0521355 0.0146925 0.998551 14.4788 0.0443541 0.998944 -0.0123829 -1.53451 -0.997673 0.0436436 -0.052731 89.8852
-0.0512161 0.0147559 0.998599 15.1647 0.0462513 0.998859 -0.0123877 -1.52765 -0.997632 0.0455512 -0.0518395 89.8141
-0.0486495 0.014848 0.998725 15.8833 0.0477669 0.998785 -0.0125225 -1.53774 -0.997692 0.0470961 -0.0492986 89.7938
-0.0439577 0.0150469 0.998941 16.6201 0.0489285 0.998725 -0.0128908 -1.56797 -0.997851 0.0483092 -0.0446373 89.745
-0.0403176 0.0147408 0.999097 17.3677 0.049864 0.99868 -0.0127228 -1.58947 -0.997961 0.0493054 -0.0409984 89.712
-0.0370153 0.0138288 0.99924 18.1595 0.0506346 0.998652 -0.0119453 -1.59761 -0.998047 0.0501532 -0.037665 89.691
-0.0338105 0.0122248 0.999373 18.9651 0.0487599 0.99876 -0.0105681 -1.60324 -0.998257 0.0483714 -0.0343637 89.6628
-0.0292782 0.0107996 0.999534 19.7477 0.045404 0.99893 -0.00946343 -1.61787 -0.998556 0.045105 -0.0297367 89.6579
-0.0268607 0.0123519 0.999582 20.5718 0.0438238 0.998982 -0.0111673 -1.63852 -0.998697 0.043505 -0.0273737 89.6312
-0.0226956 0.0137454 0.999668 21.3673 0.0418181 0.999048 -0.0127878 -1.65331 -0.998884 0.0415133 -0.0232483 89.6256
-0.0211648 0.018142 0.999631 22.1767 0.0374061 0.999156 -0.0173418 -1.66802 -0.999095 0.0370247 -0.0218246 89.6303
-0.0224084 0.0203269 0.999563 23.0151 0.0345465 0.999217 -0.0195457 -1.69459 -0.999169 0.0340928 -0.0230925 89.61
-0.021771 0.0191507 0.999599 23.8453 0.0329718 0.999293 -0.0184271 -1.72136 -0.999239 0.032557 -0.0223861 89.5976
-0.0229381 0.0173278 0.999607 24.687 0.0308752 0.99939 -0.0166158 -1.74356 -0.999277 0.0304816 -0.0234586 89.5893
-0.0249135 0.0164384 0.999574 25.5159 0.0301948 0.999427 -0.0156838 -1.7663 -0.999254 0.0297908 -0.0253946 89.5746
-0.0243898 0.0160017 0.999595 26.3431 0.0284007 0.999485 -0.0153072 -1.7819 -0.999316 0.0280154 -0.0248311 89.5659
-0.0248502 0.0161871 0.99958 27.1688 0.027824 0.999499 -0.0154945 -1.80122 -0.999324 0.0274269 -0.0252872 89.5542
-0.0273969 0.0171768 0.999497 28.0023 0.0263864 0.999521 -0.0164542 -1.8301 -0.999294 0.0259219 -0.0278365 89.5329
-0.0288013 0.0174191 0.999454 28.8083 0.0225961 0.999611 -0.0167711 -1.85344 -0.99935 0.0221005 -0.0291826 89.527
-0.0333882 0.0173847 0.999312 29.6457 0.0199128 0.999667 -0.0167259 -1.87127 -0.999262 0.0193403 -0.0337227 89.5157
-0.0366528 0.0160794 0.999219 30.4616 0.0177106 0.999731 -0.0154384 -1.88187 -0.999192 0.0171307 -0.0369266 89.4974
-0.0428407 0.0137781 0.999008 31.2907 0.0154583 0.9998 -0.0131264 -1.90117 -0.99898 0.0148802 -0.0430446 89.4704
-0.0506271 0.012108 0.998665 32.1197 0.0122235 0.999865 -0.0115033 -1.93521 -0.998664 0.0116247 -0.050767 89.4427
-0.058698 0.0113052 0.998233 32.9412 0.0117571 0.99988 -0.0106328 -1.95988 -0.998224 0.0111118 -0.0588233 89.4038
-0.0684042 0.0123098 0.997602 33.7562 0.0115818 0.999872 -0.011544 -1.95632 -0.997612 0.0107642 -0.0685365 89.3508
-0.080045 0.0124986 0.996734 34.557 0.0119822 0.999866 -0.0115759 -1.97745 -0.996737 0.0110161 -0.0801834 89.2935
-0.0892033 0.0112339 0.995971 35.373 0.0148452 0.999847 -0.00994837 -2.00166 -0.995925 0.0138977 -0.0893548 89.2262
-0.100251 0.010412 0.994929 36.1896 0.0149996 0.999852 -0.00895245 -2.00462 -0.994868 0.0140256 -0.100392 89.1559
-0.111271 0.00930101 0.993768 36.9932 0.0144664 0.999872 -0.00773869 -2.02805 -0.993707 0.0135149 -0.11139 89.0612
-0.122606 0.0082849 0.992443 37.7831 0.0132396 0.999895 -0.00671184 -2.03768 -0.992386 0.0123162 -0.122702 88.9601
-0.1348 0.00925951 0.990852 38.5747 0.0125723 0.999898 -0.007634 -2.0401 -0.990816 0.0114279 -0.134901 88.8462
-0.145657 0.00975767 0.989309 39.3519 0.0113469 0.999907 -0.00819199 -2.041 -0.989289 0.0100319 -0.145753 88.728
-0.156846 0.0111634 0.987582 40.1354 0.0106922 0.999903 -0.00960487 -2.05606 -0.987588 0.00905272 -0.156948 88.5998
-0.16666 0.0126802 0.985955 40.898 0.0113153 0.999881 -0.010947 -2.07464 -0.985969 0.00933148 -0.166783 88.459
-0.175298 0.0127111 0.984455 41.662 0.0113673 0.999882 -0.0108865 -2.08943 -0.984473 0.00928203 -0.17542 88.3101
-0.18493 0.0127248 0.982691 42.4043 0.0105321 0.99989 -0.0109659 -2.09899 -0.982714 0.00832148 -0.185043 88.1568
-0.192384 0.0123687 0.981265 43.1403 0.0115566 0.999885 -0.010338 -2.11692 -0.981276 0.00935102 -0.192502 87.9976
-0.199722 0.0123109 0.979797 43.8886 0.0129977 0.999872 -0.00991411 -2.13735 -0.979786 0.0107546 -0.199856 87.8434
-0.20503 0.0106543 0.978721 44.6178 0.0146882 0.999867 -0.0078079 -2.15582 -0.97867 0.0127745 -0.205157 87.684
-0.20859 0.00966431 0.977978 45.3342 0.0182756 0.999821 -0.00598256 -2.16455 -0.977852 0.0166247 -0.208728 87.5184
-0.211118 0.010099 0.977432 46.0344 0.0212158 0.999764 -0.00574774 -2.17004 -0.977255 0.0195232 -0.21128 87.3631
-0.213459 0.00938141 0.976929 46.7255 0.022249 0.999747 -0.00473947 -2.17038 -0.976718 0.0207234 -0.213612 87.2078
-0.214538 0.0102425 0.976685 47.3833 0.0210197 0.999767 -0.0058678 -2.17718 -0.976514 0.0192704 -0.214701 87.0679
-0.214381 0.0111224 0.976709 48.0255 0.0232006 0.999717 -0.00629236 -2.19253 -0.976494 0.0213108 -0.214577 86.9268
-0.213119 0.0124924 0.97697 48.6388 0.0240175 0.999689 -0.00754404 -2.21223 -0.976756 0.0218563 -0.21335 86.8012
-0.208226 0.0129161 0.978017 49.2624 0.0253239 0.999654 -0.00781052 -2.21607 -0.977772 0.0231404 -0.20848 86.6796
-0.201089 0.0133431 0.979506 49.866 0.0264261 0.999623 -0.00819241 -2.21413 -0.979242 0.0242368 -0.201363 86.5649
-0.190322 0.0135533 0.98165 50.4368 0.0256115 0.999638 -0.00883654 -2.22391 -0.981407 0.0234592 -0.190599 86.4603
-0.176923 0.0141029 0.984147 51.0074 0.0260183 0.99962 -0.00964765 -2.22876 -0.983905 0.0238986 -0.17722 86.3686
-0.160463 0.0151194 0.986948 51.5549 0.0247781 0.999634 -0.0112856 -2.23529 -0.98675 0.0226433 -0.160778 86.289
-0.13976 0.0172151 0.990059 52.0925 0.0240924 0.999618 -0.0139808 -2.25133 -0.989917 0.0218985 -0.140119 86.2262
-0.115924 0.0200496 0.993079 52.6116 0.0231646 0.999584 -0.0174773 -2.26582 -0.993008 0.0209777 -0.116339 86.1772
-0.0882391 0.0216726 0.995886 53.1343 0.0216166 0.999575 -0.019838 -2.27872 -0.995889 0.0197768 -0.0886684 86.1451
-0.0555174 0.0212883 0.998254 53.6596 0.0192463 0.999615 -0.0202474 -2.30211 -0.998292 0.0180882 -0.0559049 86.1327
-0.017696 0.0196486 0.999673 54.1867 0.0190661 0.999637 -0.0193108 -2.31452 -0.999686 0.0187178 -0.0180632 86.138
0.0235378 0.0170137 0.999602 54.7081 0.0178611 0.999694 -0.0174363 -2.32174 -0.999583 0.018264 0.0232272 86.1726
0.0694479 0.0134159 0.997518 55.2382 0.0129617 0.999819 -0.0143497 -2.32541 -0.997526 0.0139258 0.0692617 86.2219
0.11813 0.0116094 0.992954 55.7538 0.00943406 0.999879 -0.0128131 -2.32227 -0.992973 0.0108808 0.118007 86.3023
0.169716 0.0110179 0.985454 56.2391 0.00451677 0.999924 -0.0119581 -2.3177 -0.985507 0.00648031 0.169652 86.4082
0.225663 0.0119696 0.974157 56.7355 0.00375719 0.999912 -0.0131568 -2.32178 -0.974219 0.0066287 0.225598 86.5412
0.285579 0.0135758 0.958283 57.2066 0.00394735 0.99988 -0.0153419 -2.32226 -0.958372 0.0081638 0.285489 86.6833
0.347988 0.0177639 0.937357 57.6439 0.00438964 0.999785 -0.020577 -2.33704 -0.937511 0.0112748 0.347834 86.8673
0.410829 0.0213682 0.911487 58.0843 0.00404051 0.999678 -0.0252574 -2.34617 -0.91173 0.0140591 0.410607 87.0859
0.472256 0.0257978 0.881111 58.4946 0.00123644 0.999557 -0.0299288 -2.35724 -0.881484 0.0152231 0.472014 87.3246
0.532226 0.0288824 0.846137 58.8812 -0.00344105 0.999489 -0.0319531 -2.36442 -0.846624 0.0140945 0.532049 87.607
0.589843 0.0303055 0.806979 59.2454 -0.0047126 0.999414 -0.0340881 -2.37568 -0.80753 0.0163033 0.589638 87.9033
0.643715 0.0300261 0.764707 59.5853 -0.00613647 0.999406 -0.0340767 -2.39528 -0.765272 0.0172428 0.643512 88.2164
0.694318 0.0265207 0.719213 59.9171 -0.00706294 0.99953 -0.0300393 -2.41921 -0.719662 0.0157768 0.694177 88.5767
0.741471 0.0226754 0.670638 60.2144 -0.00823782 0.999666 -0.0246934 -2.4291 -0.670971 0.0127845 0.741404 88.9483
0.78382 0.0191461 0.620731 60.485 -0.0101708 0.999792 -0.0179953 -2.44675 -0.620939 0.00779153 0.783849 89.3279
0.820765 0.0158769 0.57109 60.7357 -0.0101827 0.999867 -0.013164 -2.46426 -0.57122 0.00498898 0.82081 89.7442
0.851781 0.0149941 0.523729 60.9681 -0.0125652 0.999894 -0.00819104 -2.48453 -0.523789 0.00039601 0.851875 90.1621
0.876954 0.0166087 0.480343 61.1638 -0.0163135 0.999861 -0.00478981 -2.49603 -0.480353 -0.00363592 0.877095 90.5973
0.897138 0.0209191 0.441309 61.3615 -0.0219712 0.999761 -0.00272609 -2.49814 -0.441255 -0.00725053 0.897379 91.0565
0.912837 0.0260501 0.407559 61.5255 -0.0275676 0.999624 -0.00215012 -2.48939 -0.407459 -0.00927296 0.913202 91.505
0.925875 0.0290367 0.376774 61.7071 -0.0303468 0.999543 -0.00245811 -2.46934 -0.376668 -0.00915802 0.926329 91.9763
0.934994 0.026323 0.353765 61.8813 -0.0277602 0.99962 -0.00101206 -2.49038 -0.353654 -0.00887456 0.93536 92.441
0.941203 0.0235407 0.337089 62.0418 -0.0248535 0.999698 -0.000419824 -2.50574 -0.336992 -0.00798271 0.941499 92.9147
0.945909 0.0269402 0.323399 62.2043 -0.0284952 0.9996 7.35197e-05 -2.49569 -0.323265 -0.0092851 0.946289 93.4281
0.949585 0.0323986 0.311907 62.3555 -0.0342933 0.999419 0.000591791 -2.47664 -0.311702 -0.0112583 0.950139 93.9473
0.952288 0.0374414 0.30299 62.5163 -0.0394957 0.999226 0.000654116 -2.48237 -0.302728 -0.01259 0.95302 94.4827
0.953822 0.0413175 0.297598 62.6681 -0.0423002 0.999108 -0.00313746 -2.45859 -0.297457 -0.00959604 0.954713 95.0059
0.954753 0.0428596 0.294396 62.8425 -0.0432676 0.999057 -0.00512911 -2.47343 -0.294335 -0.00784118 0.955697 95.5708
0.954795 0.0428426 0.294245 63.0158 -0.0423388 0.999079 -0.00808216 -2.48489 -0.294315 -0.00474143 0.955723 96.1139
0.954218 0.0443414 0.295905 63.195 -0.0419443 0.999022 -0.0144461 -2.49171 -0.296253 0.00137269 0.955135 96.669
0.953684 0.0466789 0.297249 63.3767 -0.0431962 0.998908 -0.0182754 -2.50656 -0.297772 0.00458862 0.954651 97.2395
0.952521 0.0517403 0.300144 63.5527 -0.0485766 0.998664 -0.0179973 -2.48977 -0.300672 0.00256217 0.953751 97.8279
0.951379 0.0531036 0.303491 63.7358 -0.0504862 0.998597 -0.0164671 -2.49332 -0.303934 0.000344078 0.952719 98.4151
0.950861 0.0515895 0.305385 63.9316 -0.0509698 0.998657 -0.0100059 -2.50564 -0.305488 -0.0060518 0.952203 99.0194
0.950053 0.047769 0.308492 64.1254 -0.0481502 0.998828 -0.00637887 -2.5042 -0.30843 -0.00879389 0.951233 99.6236
0.949574 0.0463549 0.310192 64.3236 -0.0480783 0.998847 -0.00209001 -2.51556 -0.309929 -0.0129294 0.950698 100.254
0.94971 0.0414237 0.310458 64.5319 -0.043326 0.999069 -0.000767027 -2.51619 -0.310195 -0.0127226 0.950615 100.877
0.950196 0.0382746 0.309387 64.7338 -0.0396726 0.999217 -0.00177269 -2.51717 -0.30921 -0.0105903 0.950961 101.499
0.950776 0.0377594 0.307651 64.9348 -0.0373685 0.999285 -0.00716234 -2.53549 -0.307696 -0.00468694 0.9515 102.15
0.951253 0.0399216 0.305911 65.1426 -0.0378625 0.999209 -0.0126631 -2.54698 -0.306172 0.00046265 0.952003 102.802
0.952295 0.0421935 0.30233 65.3384 -0.0394051 0.999115 -0.0153175 -2.55982 -0.302703 0.00267313 0.953108 103.458
0.95365 0.038183 0.298585 65.5473 -0.0363999 0.999277 -0.0115317 -2.56986 -0.298807 0.0001281 0.954341 104.147
0.954591 0.0336241 0.296102 65.7665 -0.0335303 0.999432 -0.00539491 -2.59201 -0.29611 -0.00477874 0.955169 104.847
0.95546 0.0289791 0.293797 65.9717 -0.0298826 0.999559 -0.00141337 -2.60589 -0.293706 -0.00742959 0.955894 105.561
0.955914 0.0315052 0.292042 66.1818 -0.0326633 0.999474 -0.000909511 -2.61276 -0.291912 -0.00866988 0.956434 106.276
0.956651 0.037821 0.288874 66.3832 -0.0381385 0.999269 -0.00453029 -2.61251 -0.288831 -0.00668388 0.957385 106.997
0.95817 0.0388748 0.283642 66.5959 -0.0379922 0.999249 -0.00861277 -2.63174 -0.283759 -0.00252392 0.95892 107.746
0.959915 0.0392462 0.277641 66.8199 -0.0376302 0.999236 -0.0111476 -2.63721 -0.277864 0.000252368 0.960649 108.487
0.961326 0.0378625 0.272897 67.0417 -0.0363191 0.99929 -0.0107054 -2.64625 -0.273104 0.000379776 0.962012 109.238
0.962729 0.0359703 0.268182 67.2598 -0.034825 0.99936 -0.00902661 -2.66418 -0.268332 -0.000649899 0.963355 110.029
0.96382 0.0353878 0.264295 67.4785 -0.0346965 0.999379 -0.00728347 -2.66056 -0.264384 -0.00215038 0.964443 110.823
0.964307 0.0332011 0.262817 67.6963 -0.0327035 0.999453 -0.00626727 -2.66594 -0.262879 -0.00255211 0.964854 111.614
0.964889 0.0291793 0.261133 67.93 -0.0294095 0.99957 -0.00302634 -2.69029 -0.261105 -0.00475992 0.965326 112.433
0.965428 0.0276314 0.259318 68.1349 -0.0280135 0.999613 -0.00222157 -2.70468 -0.259276 -0.00512017 0.965817 113.218
0.965713 0.0316071 0.257784 68.3529 -0.0320965 0.99949 -0.00230953 -2.70057 -0.25772 -0.00604375 0.966228 114.053
0.965833 0.0359653 0.256777 68.5676 -0.0361157 0.999347 -0.00413021 -2.69918 -0.256755 -0.00528509 0.96649 114.865
0.965505 0.0419932 0.257079 68.7718 -0.0420672 0.999109 -0.00521255 -2.71106 -0.257064 -0.00578203 0.966405 115.684
0.965272 0.0447448 0.257509 68.9794 -0.0455435 0.998966 -0.00286251 -2.71814 -0.257367 -0.00896519 0.9663 116.528
0.965047 0.0460141 0.258111 69.206 -0.047003 0.9989 -0.00233877 -2.71014 -0.257931 -0.00987528 0.966141 117.369
0.964392 0.0472089 0.260349 69.4336 -0.0482395 0.998841 -0.00243092 -2.74099 -0.260159 -0.0102153 0.96554 118.202
0.964312 0.0451607 0.260999 69.6715 -0.0460485 0.998944 -0.00271359 -2.73514 -0.260841 -0.00940211 0.965364 119.052
0.964426 0.0399208 0.261446 69.9071 -0.0405349 0.999181 -0.00304293 -2.76951 -0.26135 -0.00766353 0.965242 119.877
0.964662 0.0378946 0.260862 70.1377 -0.0381096 0.999273 -0.00423489 -2.77677 -0.260829 -0.00585631 0.965395 120.706
0.964606 0.0368523 0.261232 70.3626 -0.0369399 0.999315 -0.00457441 -2.78957 -0.261219 -0.00523794 0.965294 121.547
0.963915 0.0415971 0.263048 70.5797 -0.0425058 0.999102 -0.00223646 -2.79908 -0.262901 -0.00902554 0.964809 122.374
0.96381 0.0454743 0.262808 70.795 -0.0477985 0.998862 0.00245676 -2.79377 -0.262394 -0.0149301 0.964874 123.215
0.963376 0.0479315 0.263947 71.0181 -0.0508735 0.998705 0.004321 -2.7812 -0.263393 -0.0175908 0.964557 124.046
0.963058 0.0483284 0.265051 71.2401 -0.0499177 0.998761 -0.000737572 -2.79315 -0.264756 -0.0125209 0.964264 124.838
0.963644 0.046033 0.263303 71.4696 -0.0439545 0.998948 -0.0137809 -2.80749 -0.263656 0.00170624 0.964645 125.659
0.964137 0.0427331 0.262075 71.6984 -0.039294 0.999068 -0.0183496 -2.85163 -0.262612 0.00739271 0.964903 126.474
0.964115 0.040483 0.262491 71.9264 -0.0389211 0.999189 -0.0111478 -2.85566 -0.262725 0.000531108 0.9649 127.295
0.965088 0.0331519 0.259957 72.1626 -0.0357546 0.999356 0.00529027 -2.87063 -0.259612 -0.0144008 0.965636 128.147
0.965428 0.0268352 0.259397 72.3931 -0.0323764 0.999339 0.0171134 -2.87772 -0.258761 -0.0249201 0.965649 128.967
0.965813 0.0300777 0.257627 72.5954 -0.0349081 0.999298 0.0141965 -2.88856 -0.257017 -0.0227048 0.96617 129.778
0.966031 0.0384374 0.255667 72.7927 -0.0402712 0.999197 0.00194135 -2.88127 -0.255382 -0.0121715 0.966794 130.582
0.966196 0.0403658 0.254771 73.0008 -0.040316 0.999181 -0.00541833 -2.87887 -0.254779 -0.00503683 0.967017 131.383
0.967178 0.0379953 0.25136 73.2189 -0.0375587 0.999284 -0.00653404 -2.90337 -0.251424 -0.00312135 0.967902 132.204
0.968104 0.0349176 0.248248 73.424 -0.0341859 0.999398 -0.00725829 -2.92176 -0.248349 -0.0014605 0.9687 133.02
0.969048 0.0353986 0.24444 73.6168 -0.0348448 0.999381 -0.00658951 -2.94317 -0.244518 -0.00213213 0.969673 133.823
0.970529 0.0373927 0.238217 73.8085 -0.0364174 0.999309 -0.00849439 -2.95076 -0.238368 -0.000431907 0.971205 134.629
0.97108 0.0407949 0.235368 73.9863 -0.0395409 0.999178 -0.0100445 -2.96245 -0.235579 0.000447071 0.971886 135.426
0.971722 0.0448673 0.231984 74.1577 -0.0438759 0.999001 -0.00943269 -2.97194 -0.232173 -0.00101325 0.972704 136.234
0.972366 0.0454876 0.229114 74.3452 -0.0448261 0.998972 -0.00809069 -2.99434 -0.229242 -0.00240335 0.973398 137.032
0.97264 0.0436127 0.228348 74.526 -0.0436489 0.999043 -0.00489272 -3.01347 -0.228341 -0.00520891 0.973597 137.827
0.973338 0.0417795 0.225669 74.7123 -0.0418453 0.999124 -0.00449158 -3.03561 -0.225654 -0.00507154 0.974225 138.622
0.974045 0.040082 0.222946 74.8863 -0.0396381 0.999201 -0.00646578 -3.04042 -0.223026 -0.00253991 0.974839 139.406
0.975101 0.0373301 0.218732 75.0601 -0.03605 0.999312 -0.00983992 -3.04645 -0.218945 0.00170941 0.975767 140.187
0.976808 0.0360605 0.211236 75.236 -0.0347878 0.999355 -0.00973797 -3.0626 -0.21145 0.00216288 0.977416 140.977
0.978325 0.0345714 0.204311 75.4043 -0.0340621 0.999413 -0.00600838 -3.0713 -0.204394 -0.00108127 0.97892 141.777
0.979577 0.0314919 0.198777 75.5594 -0.0322478 0.999488 0.000566711 -3.07701 -0.198656 -0.00696594 0.980075 142.552
0.980717 0.0293724 0.193362 75.7103 -0.0317962 0.999461 0.00944423 -3.10277 -0.192976 -0.0154105 0.981115 143.373
0.981447 0.0301858 0.189538 75.8467 -0.0326982 0.999422 0.0101434 -3.10516 -0.18912 -0.0161534 0.981852 144.167
0.982462 0.0305901 0.184097 75.9895 -0.0321688 0.999478 0.00559552 -3.1405 -0.183826 -0.0114198 0.982925 144.969
0.983702 0.0304667 0.177414 76.1239 -0.0304361 0.999541 -0.00289323 -3.16061 -0.177419 -0.0025545 0.984163 145.77
0.984964 0.0271832 0.17078 76.2618 -0.0262168 0.999636 -0.00791142 -3.17254 -0.170929 0.00331483 0.98531 146.559
0.986326 0.0255598 0.16304 76.4024 -0.0246108 0.999674 -0.00783772 -3.18067 -0.163186 0.00371711 0.986619 147.377
0.987454 0.0307857 0.155067 76.5149 -0.0302045 0.999537 -0.00610202 -3.18251 -0.15518 0.0013415 0.987918 148.189
0.988522 0.0361976 0.146933 76.6207 -0.0355538 0.999351 -0.00700448 -3.18624 -0.14709 0.00169917 0.989153 149.003
0.989884 0.0396533 0.136442 76.7296 -0.0386578 0.999215 -0.00993604 -3.19839 -0.136725 0.00456069 0.990631 149.825
0.991177 0.0381332 0.127243 76.8424 -0.0370904 0.999264 -0.0105521 -3.21656 -0.127551 0.00573851 0.991847 150.646
0.992081 0.038218 0.119884 76.93 -0.0375579 0.999276 -0.00775788 -3.23129 -0.120091 0.00319358 0.992791 151.473
0.993048 0.0402549 0.110964 77.0215 -0.0401949 0.999196 -0.00277395 -3.23311 -0.110986 -0.00170633 0.993853 152.311
0.993782 0.0434785 0.102788 77.0891 -0.043915 0.999045 0.00199261 -3.24897 -0.1026 -0.00649435 0.994734 153.15
0.994588 0.0440055 0.0945328 77.1634 -0.0447232 0.998993 0.00549175 -3.25888 -0.0941948 -0.00969046 0.995539 153.971
0.995206 0.0441178 0.087621 77.2381 -0.0448857 0.99898 0.00682067 -3.27217 -0.0872283 -0.0107211 0.996163 154.807
0.995549 0.0433963 0.0841178 77.2984 -0.0440708 0.999018 0.00618481 -3.27126 -0.0837657 -0.00986496 0.996469 155.613
0.995814 0.0473911 0.0785235 77.3494 -0.0477962 0.998863 0.00329879 -3.25324 -0.0782756 -0.00703826 0.99694 156.443
0.995865 0.0528188 0.0744364 77.3884 -0.0528398 0.99861 -0.00167889 -3.25234 -0.0744207 -0.00226188 0.997256 157.246
0.996001 0.054072 0.0715261 77.4379 -0.053996 0.998547 -0.0029837 -3.26188 -0.0715814 -0.000890561 0.997467 158.077
0.99636 0.0537911 0.0667154 77.4802 -0.0541107 0.998539 0.0030041 -3.27668 -0.0664553 -0.00660374 0.9978 158.904
0.996328 0.0555274 0.0656265 77.5236 -0.0563744 0.998358 0.0111407 -3.27592 -0.064898 -0.0147996 0.997815 159.746
0.996646 0.055366 0.0609064 77.5625 -0.0565467 0.998249 0.0178486 -3.2895 -0.0598105 -0.0212332 0.998016 160.582
0.997178 0.050637 0.0559558 77.609 -0.051551 0.998568 0.0150264 -3.28877 -0.0551129 -0.0178688 0.998354 161.413
0.997953 0.0401829 0.0505369 77.6503 -0.0406653 0.999146 0.00856648 -3.29892 -0.0501485 -0.0106047 0.998719 162.227
0.99834 0.0398704 0.0422764 77.6901 -0.0400789 0.999198 0.00411006 -3.29954 -0.042077 -0.00579797 0.999131 163.063
0.998642 0.0405945 0.0338552 77.6998 -0.0407993 0.999162 0.00539818 -3.26911 -0.0336069 -0.00677279 0.999445 163.91
0.999028 0.0370074 0.0251654 77.7107 -0.0372597 0.99927 0.00964768 -3.28868 -0.0247888 -0.0105764 0.99967 164.735
0.999414 0.0316475 0.0157992 77.7146 -0.03187 0.999402 0.0140679 -3.29093 -0.0153439 -0.0145637 0.999809 165.583
0.99965 0.0261798 0.00864506 77.7259 -0.0263199 0.999528 0.016524 -3.29113 -0.0082075 -0.0167462 0.99986 166.437
0.999786 0.0223882 0.00250968 77.726 -0.0224245 0.999636 0.0156263 -3.27593 -0.00215844 -0.0156798 0.999908 167.271
0.9998 0.0207637 -0.00534792 77.7226 -0.0207077 0.999743 0.0103369 -3.27688 0.00556172 -0.0102246 0.999966 168.123
0.999842 0.0152948 -0.0126821 77.7283 -0.0152592 0.999889 0.00289252 -3.26072 0.0127253 -0.00269924 0.999949 168.945
0.999759 0.0111132 -0.0204707 77.727 -0.0110802 0.999948 0.00173704 -3.26096 0.0204891 -0.00151039 0.999823 169.796
0.999572 0.0135379 -0.0274365 77.7013 -0.0133474 0.999895 0.00711804 -3.23922 0.0275303 -0.00674944 0.999632 170.679
0.999305 0.0213661 -0.031545 77.663 -0.020847 0.999654 0.0166976 -3.21545 0.0318908 -0.0160289 0.999397 171.549
0.999004 0.0259764 -0.0373694 77.6152 -0.0250828 0.999402 0.0241811 -3.2144 0.0379755 -0.02322 0.999043 172.442
0.998862 0.0258624 -0.040825 77.5684 -0.0249832 0.999459 0.0219044 -3.20273 0.0413691 -0.0208601 0.998961 173.284
0.998775 0.0274327 -0.0421387 77.5301 -0.0268482 0.999545 0.0143714 -3.21138 0.0425141 -0.013223 0.999043 174.136
0.998326 0.0372555 -0.044933 77.4735 -0.0370271 0.999307 0.00590022 -3.19909 0.0451214 -0.00422729 0.999007 174.977
0.998327 0.0358966 -0.0462064 77.4289 -0.0357571 0.999362 0.00383304 -3.18991 0.0463148 -0.0021751 0.998959 175.837
0.998312 0.0314602 -0.0494532 77.3929 -0.0310771 0.999491 0.00849728 -3.19711 0.0496949 -0.00694685 0.998775 176.685
0.998321 0.0306387 -0.0499834 77.356 -0.0299415 0.999453 0.014632 -3.1715 0.0504046 -0.0131114 0.998678 177.557
0.998325 0.0319353 -0.0488702 77.3054 -0.0310173 0.99934 0.0194306 -3.15991 0.0494581 -0.017883 0.998651 178.429
0.998257 0.0311341 -0.0509444 77.2361 -0.0302336 0.999383 0.0183452 -3.16724 0.0514844 -0.0167735 0.998568 179.291
0.998204 0.0280662 -0.0535155 77.2013 -0.0275212 0.999572 0.0108973 -3.13233 0.053798 -0.0094057 0.998542 180.129
0.998197 0.0246994 -0.0554455 77.1653 -0.0244759 0.999699 0.00470357 -3.13728 0.0555451 -0.00333875 0.998487 180.971
0.998125 0.0196898 -0.0584941 77.1301 -0.0196656 0.999816 0.000997367 -3.13978 0.0585025 0.000154012 0.998322 181.832
0.99802 0.0224149 -0.0594596 77.0705 -0.0221932 0.999754 0.00438424 -3.13064 0.0595434 -0.0030567 0.998257 182.704
0.997813 0.0251596 -0.0616358 77.0023 -0.0244501 0.999637 0.0122437 -3.13503 0.0619208 -0.0107107 0.99806 183.578
0.997768 0.0242625 -0.0628773 76.9429 -0.0233609 0.999624 0.0150308 -3.14102 0.0632186 -0.013529 0.997944 184.422
0.997771 0.0229211 -0.063164 76.8782 -0.0220861 0.99967 0.013892 -3.14375 0.0634609 -0.0124668 0.997943 185.276
0.997661 0.027024 -0.0634474 76.8117 -0.0263386 0.999596 0.0116114 -3.14815 0.0637357 -0.00991375 0.997954 186.119
0.997525 0.0306643 -0.0637823 76.7481 -0.0299817 0.999493 0.0116354 -3.13208 0.0641063 -0.00969511 0.997932 186.963
0.99749 0.0335067 -0.0630516 76.6776 -0.0327223 0.999385 0.0134257 -3.13241 0.0634628 -0.0113294 0.997957 187.8
0.997281 0.0377388 -0.0637947 76.6124 -0.0367303 0.999193 0.0169075 -3.11873 0.0643806 -0.0145191 0.997857 188.635
0.997011 0.0436315 -0.0644309 76.55 -0.0423786 0.998898 0.0206777 -3.10247 0.0652622 -0.0178859 0.997745 189.455
0.996911 0.0450389 -0.0648428 76.4779 -0.0438284 0.998851 0.0199664 -3.09562 0.0656668 -0.0170635 0.997733 190.258
0.996801 0.04566 -0.0662356 76.4198 -0.0445081 0.998843 0.0187549 -3.10046 0.0670154 -0.0157475 0.997666 191.059
0.996595 0.048428 -0.0672223 76.3613 -0.0474959 0.998765 0.0153889 -3.08403 0.0678838 -0.0121445 0.997657 191.847
