0.999995 -0.00143576 -0.00365249 -0.145354 0.00143468 1 -0.000284592 -0.00688252 0.00365051 0.000279365 0.999994 -0.294374
0.999899 0.000124227 -0.0143913 -0.292086 -0.00016391 1 -0.00276261 -0.00287375 0.0143893 0.00276424 0.999894 -0.732818
0.999518 -0.00192179 -0.0311527 -0.462334 0.00175615 0.999987 -0.00534552 -0.0335561 0.0311588 0.00528818 0.999503 -1.1197
0.999729 -0.0047676 -0.0229812 -0.586044 0.00455294 0.999951 -0.00939557 -0.0524351 0.0230213 0.00928759 0.999697 -1.87882
0.99995 -0.00383189 -0.00972966 -0.709179 0.00369079 0.999892 -0.0144888 -0.0243118 0.00978057 0.0144522 0.999851 -3.14078
0.999987 -0.00489846 -0.00349876 -0.847965 0.00484212 0.999868 -0.0160172 0.0203919 0.00357271 0.0159991 0.999872 -4.4276
0.999983 -0.0067787 -0.000960804 -1.00076 0.00676269 0.999858 -0.0157267 0.0739737 0.00106341 0.0157198 0.999881 -5.81121
0.999988 -0.00645819 0.00124946 -1.1337 0.00648223 0.999791 -0.0198531 0.117905 -0.00112749 0.0198597 0.999812 -6.8881
0.999945 -0.00643486 0.00952064 -1.3021 0.00663572 0.999761 -0.0212104 0.151573 -0.00938721 0.0212722 0.999737 -7.93343
0.999794 -0.00543952 0.0201592 -1.49944 0.00590108 0.999732 -0.0228688 0.177133 -0.0200364 0.0229819 0.999548 -8.98947
0.999647 -0.00769075 0.0259488 -1.69145 0.00811343 0.999844 -0.0162312 0.206881 -0.0258251 0.016436 0.999541 -10.0051
0.999503 -0.00756773 0.0311644 -1.86115 0.00802021 0.999875 -0.0143877 0.249864 -0.0310587 0.0146292 0.999424 -11.0636
0.999361 -0.00735774 0.0354689 -2.0658 0.00792451 0.999854 -0.0158843 0.269038 -0.0353527 0.0161545 0.999259 -12.159
0.999083 -0.00295437 0.0432065 -2.25211 0.00360421 0.999893 -0.0149466 0.320844 -0.043165 0.0150871 0.998971 -13.1599
0.998559 -0.00316849 0.053921 -2.41064 0.00395066 0.9999 -0.0144197 0.39562 -0.053876 0.0146108 0.998457 -14.2368
0.99716 -0.0114232 0.0747628 -2.50535 0.0119566 0.999918 -0.00667498 0.417791 -0.0746874 0.00754775 0.997199 -15.1644
0.995407 -0.0113442 0.0952999 -2.6223 0.0121849 0.999906 -0.00825515 0.428629 -0.0952035 0.0093774 0.995433 -16.1355
0.992023 -0.0119954 0.125717 -2.66727 0.0131687 0.999891 -0.00850177 0.471229 -0.125608 0.0100863 0.992053 -17.1286
0.989009 -0.0122842 0.147511 -2.65867 0.0140432 0.999856 -0.0108953 0.495691 -0.147361 0.0128459 0.989019 -18.1618
0.986592 -0.0124087 0.162918 -2.77937 0.014461 0.999844 -0.0114163 0.526912 -0.162757 0.0136158 0.986598 -19.2502
0.983338 -0.0124914 0.181501 -2.88548 0.0147838 0.999842 -0.0112885 0.549869 -0.181336 0.0137823 0.983346 -20.3633
0.980252 -0.0130852 0.19749 -3.00529 0.0158245 0.999815 -0.0122966 0.580693 -0.197297 0.015175 0.980257 -21.3613
0.974856 -0.0132472 0.222582 -3.03336 0.0168938 0.99977 -0.0144912 0.60434 -0.222341 0.0178851 0.974833 -22.4612
0.969944 -0.0205179 0.242613 -3.05687 0.0245033 0.999624 -0.01342 0.601071 -0.242251 0.018957 0.970061 -23.4906
0.965327 -0.0190922 0.260484 -3.1814 0.0251179 0.999504 -0.0198259 0.627755 -0.259978 0.0256795 0.965307 -24.3366
0.959544 -0.0186369 0.281082 -3.22493 0.0254526 0.99948 -0.0206151 0.646473 -0.280555 0.0269305 0.959495 -25.0692
0.952031 -0.0225882 0.305303 -3.17532 0.028556 0.999495 -0.0150965 0.643747 -0.304808 0.0230878 0.952172 -25.8218
0.950012 -0.0227974 0.311516 -3.24452 0.028887 0.999488 -0.0149469 0.650691 -0.311018 0.0231934 0.950158 -26.3911
0.935099 -0.0211159 0.353887 -3.47828 0.0301541 0.999359 -0.0200457 0.659743 -0.353237 0.0294136 0.935112 -26.3221
0.9211 -0.0210461 0.38886 -3.50682 0.03069 0.999373 -0.0186059 0.653933 -0.388225 0.0290671 0.921142 -25.9275
0.919271 -0.0210649 0.393179 -3.01051 0.0310496 0.999351 -0.0190521 0.611259 -0.392522 0.0297199 0.919304 -24.7668
0.918007 -0.0215484 0.396079 -2.52558 0.0324319 0.999274 -0.0208026 0.552389 -0.395344 0.0319376 0.918014 -23.6036
0.915697 -0.0211676 0.401426 -2.02605 0.032887 0.999225 -0.0223264 0.504095 -0.400642 0.0336434 0.915659 -22.4719
0.915015 -0.0210108 0.402972 -1.54331 0.0328235 0.999226 -0.0224305 0.462883 -0.402189 0.0337461 0.914971 -21.3252
0.912614 -0.0213104 0.40838 -1.05143 0.0331977 0.999221 -0.0220433 0.41076 -0.407591 0.0336717 0.912586 -20.2193
0.909881 -0.0193868 0.414514 -0.561217 0.0315443 0.999265 -0.0225043 0.372813 -0.413773 0.0335467 0.909799 -19.1139
0.906435 -0.0180492 0.422071 -0.0764226 0.0301304 0.99932 -0.0219713 0.348336 -0.421386 0.03263 0.906337 -18.0403
0.903195 -0.0183043 0.428936 0.407895 0.0302557 0.999336 -0.0210618 0.297135 -0.428265 0.0319955 0.903124 -16.9626
0.898237 -0.0165449 0.439306 0.917286 0.0285187 0.999395 -0.0206706 0.260024 -0.438697 0.0310929 0.898141 -15.911
0.892717 -0.0149341 0.450461 1.42063 0.0268289 0.999456 -0.0200331 0.223347 -0.449915 0.0299642 0.892606 -14.8626
0.885865 -0.0129361 0.463863 1.93604 0.0250086 0.999505 -0.0198844 0.184275 -0.463374 0.0292129 0.885725 -13.8379
0.877771 -0.0124289 0.479007 2.47096 0.0238136 0.999576 -0.0177003 0.149529 -0.478583 0.0269386 0.877668 -12.8486
0.869455 -0.0124815 0.49395 2.99889 0.0233995 0.999615 -0.015927 0.113094 -0.493557 0.0254035 0.869387 -11.861
0.859782 -0.0132225 0.510572 3.55128 0.0240081 0.999622 -0.0145401 0.0852305 -0.510185 0.0247541 0.859749 -10.9068
0.848704 -0.0136135 0.528783 4.12597 0.0250675 0.999596 -0.0144971 0.0570739 -0.528368 0.0255565 0.848677 -9.97283
0.837257 -0.0153621 0.546671 4.70179 0.0276913 0.999531 -0.014322 0.0387501 -0.546191 0.0271242 0.837264 -9.03798
0.823893 -0.0206712 0.566451 5.32054 0.032911 0.999409 -0.0113956 -0.0101198 -0.565876 0.0280285 0.824061 -8.14202
0.810444 -0.0254916 0.585334 5.93473 0.0376885 0.999269 -0.00866366 -0.0285802 -0.58468 0.0290768 0.810787 -7.26994
0.795542 -0.0289132 0.605287 6.5544 0.0425846 0.999075 -0.00824431 -0.0492898 -0.604482 0.0323319 0.796012 -6.42937
0.778746 -0.0328727 0.626546 7.21503 0.0488532 0.998789 -0.00831714 -0.0904355 -0.625507 0.0370807 0.779383 -5.6199
0.761791 -0.0352051 0.64694 7.85873 0.0517722 0.998653 -0.0066166 -0.103205 -0.645828 0.0385311 0.762562 -4.83569
0.742319 -0.0380425 0.669032 8.54169 0.0543679 0.998532 -0.00354473 -0.124099 -0.667906 0.0390002 0.743272 -4.07994
0.722097 -0.0423275 0.690565 9.24182 0.0581235 0.998325 0.000416087 -0.144965 -0.689417 0.0398348 0.723323 -3.35545
0.700366 -0.0442164 0.712475 9.94467 0.0610232 0.998152 0.00195958 -0.16879 -0.711234 0.0421 0.701746 -2.65175
0.676962 -0.0420183 0.734883 10.6686 0.0627696 0.998044 -0.00075514 -0.173779 -0.733403 0.0466365 0.678251 -1.97712
0.653794 -0.0399953 0.755674 11.4022 0.0650437 0.997894 -0.00345918 -0.183023 -0.753932 0.0514082 0.654995 -1.34385
0.628914 -0.0399843 0.776509 12.134 0.0675648 0.997725 -0.00334491 -0.178844 -0.774597 0.054565 0.630161 -0.742309
0.601711 -0.0415132 0.797691 12.9098 0.0680541 0.997698 0.00058779 -0.20308 -0.795866 0.053927 0.603129 -0.147098
0.572957 -0.0427834 0.818528 13.6853 0.0648436 0.997888 0.00677106 -0.205228 -0.817075 0.0491935 0.574499 0.412572
0.541929 -0.0455217 0.839245 14.4875 0.064662 0.997847 0.01237 -0.224207 -0.837987 0.0475584 0.543684 0.931691
0.51023 -0.0393069 0.859197 15.2552 0.0604179 0.998142 0.00978677 -0.216293 -0.857969 0.046914 0.511634 1.43317
0.477935 -0.0317522 0.877873 16.0635 0.0569064 0.998383 0.00512984 -0.213096 -0.8766 0.0474996 0.478948 1.88762
0.445122 -0.0303539 0.895011 16.8933 0.0566158 0.998397 0.00570531 -0.218456 -0.893732 0.0481285 0.446106 2.31674
0.413164 -0.0327541 0.910118 17.7499 0.0570198 0.998339 0.0100439 -0.231079 -0.908918 0.0477398 0.414326 2.69654
0.379406 -0.0336125 0.924674 18.588 0.0578641 0.998262 0.0125474 -0.223536 -0.92347 0.0487411 0.380672 3.06023
0.345495 -0.0308783 0.937961 19.4564 0.057217 0.998309 0.0117892 -0.223033 -0.93672 0.0495889 0.34666 3.38746
0.311555 -0.0281119 0.949866 20.303 0.05712 0.998325 0.0108131 -0.223039 -0.948558 0.0508835 0.312621 3.67361
0.276653 -0.0270452 0.960637 21.1866 0.0554835 0.998403 0.0121297 -0.20746 -0.959411 0.0499386 0.277696 3.94757
0.242679 -0.0249728 0.969838 22.0454 0.0550225 0.998431 0.0119433 -0.21526 -0.968592 0.0504603 0.243655 4.18024
0.207452 -0.0192973 0.978102 22.9466 0.0528489 0.998584 0.00849221 -0.209542 -0.976859 0.0499247 0.208164 4.38056
0.170951 -0.010625 0.985274 23.846 0.050927 0.998717 0.001936 -0.202912 -0.984008 0.0498417 0.171257 4.56478
0.134777 -0.00267197 0.990919 24.7439 0.0489162 0.998813 -0.00395993 -0.204828 -0.989709 0.0490004 0.134735 4.70495
0.0985091 0.000558383 0.995187 25.6676 0.0460322 0.998943 -0.00511479 -0.211856 -0.994115 0.04631 0.0983658 4.81079
0.0613894 -0.00118079 0.99816 26.6035 0.0435923 0.999066 -0.00149919 -0.215934 -0.997202 0.043599 0.0613727 4.88762
0.0250755 -0.00438533 0.999727 27.5296 0.0390668 0.999247 0.00340567 -0.225997 -0.998965 0.0389664 0.025216 4.92461
-0.0134729 -0.00540693 0.999942 28.487 0.0341454 0.999418 0.00586407 -0.23106 -0.999366 0.0342176 -0.0132894 4.92498
-0.050964 -0.00648953 0.99873 29.423 0.0276448 0.999603 0.00790825 -0.242512 -0.998362 0.0280085 -0.0507744 4.91045
-0.0889854 -0.00606689 0.996062 30.3682 0.022431 0.999734 0.00809308 -0.239782 -0.99582 0.0230583 -0.0888327 4.86361
-0.126403 -0.00803625 0.991998 31.3172 0.0185734 0.999789 0.0104685 -0.231437 -0.991849 0.019744 -0.126236 4.76887
-0.163579 -0.00903431 0.986538 32.2644 0.0168821 0.999804 0.0119549 -0.230577 -0.986425 0.018606 -0.163399 4.63591
-0.19973 -0.0103915 0.979848 33.2021 0.0161102 0.99979 0.0138894 -0.220865 -0.979762 0.0185556 -0.199527 4.47305
-0.235178 -0.0101828 0.971949 34.1486 0.0171273 0.999764 0.0146182 -0.211525 -0.971842 0.0200804 -0.234951 4.23523
-0.269245 -0.00954762 0.963079 35.0738 0.0219174 0.999648 0.0160403 -0.202742 -0.962867 0.0254225 -0.268945 3.99173
-0.30216 -0.00726974 0.953281 36.0003 0.0217803 0.999675 0.014527 -0.178357 -0.953049 0.0251478 -0.301905 3.70593
-0.332946 -0.00246265 0.942998 36.916 0.0219888 0.999721 0.0103772 -0.157403 -0.942735 0.0241858 -0.332801 3.38953
-0.360655 0.00132139 0.932751 37.8244 0.0263161 0.999633 0.00875904 -0.166786 -0.932369 0.0277009 -0.360558 3.04254
-0.38549 0.00127427 0.922768 38.7364 0.027614 0.999584 0.0101583 -0.151757 -0.922345 0.0293924 -0.385366 2.67226
-0.405547 -0.0022553 0.914125 39.6463 0.026439 0.999567 0.0141955 -0.133456 -0.913734 0.0299211 -0.40531 2.27237
-0.422792 -0.00397292 0.906277 40.5485 0.0261063 0.999539 0.0165637 -0.119361 -0.905898 0.0306577 -0.422493 1.8561
-0.438704 -0.00220595 0.898684 41.4369 0.0268316 0.999537 0.0155516 -0.112309 -0.898273 0.0309313 -0.438439 1.43112
-0.450438 0.00192748 0.892864 42.3156 0.0284002 0.999539 0.0121727 -0.0941731 -0.892404 0.0308356 -0.450285 0.98288
-0.461364 0.00490194 0.887253 43.2029 0.0295264 0.999533 0.00983119 -0.0741732 -0.886763 0.0307288 -0.46129 0.524319
-0.470235 0.0090408 0.882555 44.0778 0.0328412 0.999451 0.00726279 -0.05246 -0.881979 0.0323942 -0.470272 0.0514553
-0.474449 0.0133022 0.880239 44.9588 0.0349175 0.999401 0.00371753 -0.0475252 -0.879634 0.0324949 -0.474626 -0.432633
-0.477305 0.0176566 0.87862 45.8392 0.0363501 0.999356 -0.000333034 -0.0372624 -0.878035 0.0317738 -0.477638 -0.906484
-0.48055 0.0211366 0.87677 46.7252 0.0370448 0.999324 -0.00378693 -0.0408328 -0.876229 0.0306553 -0.481005 -1.396
-0.482379 0.023728 0.875701 47.6114 0.038056 0.999274 -0.00611032 -0.05496 -0.875185 0.030373 -0.48293 -1.88274
-0.485275 0.0255032 0.874047 48.4927 0.0380192 0.999262 -0.00804819 -0.0681517 -0.873579 0.0293203 -0.485883 -2.36937
-0.485822 0.0291034 0.873634 49.3739 0.0398885 0.99916 -0.0111004 -0.0775621 -0.873197 0.0294499 -0.486573 -2.86846
-0.488407 0.03035 0.872145 50.2766 0.0416639 0.999084 -0.011435 -0.0908105 -0.871665 0.0307473 -0.48922 -3.36402
-0.490661 0.0300264 0.870894 51.1728 0.0426905 0.999052 -0.0103902 -0.0996536 -0.870354 0.0320755 -0.491475 -3.86703
-0.491994 0.0292542 0.870165 52.0815 0.0423054 0.999076 -0.00966833 -0.116654 -0.869615 0.0320511 -0.492773 -4.37353
-0.494466 0.0297135 0.86875 52.9832 0.0419275 0.999085 -0.0103045 -0.135189 -0.868236 0.031324 -0.495256 -4.887
-0.497135 0.0307773 0.867186 53.8772 0.0410574 0.999104 -0.0119218 -0.14118 -0.866747 0.029673 -0.497948 -5.39689
-0.499373 0.0320799 0.865855 54.7962 0.0400207 0.999119 -0.013933 -0.171552 -0.865513 0.0276892 -0.500214 -5.90797
-0.502149 0.0342752 0.86416 55.6951 0.0380778 0.99914 -0.0175024 -0.190742 -0.863988 0.024112 -0.503017 -6.42249
-0.503653 0.0361608 0.863212 56.6214 0.0362575 0.999146 -0.0206974 -0.21554 -0.863197 0.0208686 -0.50453 -6.94362
-0.505639 0.0369563 0.862012 57.5432 0.0340463 0.999177 -0.0228659 -0.252603 -0.862119 0.0177819 -0.506476 -7.46952
-0.5089 0.0344487 0.8602 58.4733 0.0318888 0.999286 -0.02115 -0.283729 -0.860287 0.0166625 -0.509631 -8.0048
-0.510787 0.03159 0.859186 59.3933 0.0306655 0.999376 -0.0185137 -0.284781 -0.859206 0.0168863 -0.511432 -8.54353
-0.513189 0.0299279 0.857818 60.326 0.0294247 0.999436 -0.0172624 -0.335391 -0.857824 0.0163772 -0.513776 -9.09818
-0.51565 0.0298568 0.856339 61.2463 0.0290086 0.999446 -0.0173785 -0.36271 -0.856355 0.0158756 -0.516225 -9.65073
-0.516265 0.0323085 0.855883 62.1758 0.029979 0.999375 -0.019639 -0.385047 -0.855956 0.0155146 -0.516907 -10.2029
-0.516753 0.0340846 0.855516 63.0944 0.0292012 0.999346 -0.0221765 -0.389152 -0.855683 0.0135177 -0.517406 -10.7642
-0.517734 0.0340315 0.854929 64.0343 0.0275088 0.999372 -0.0231193 -0.430395 -0.855153 0.0115434 -0.518341 -11.316
-0.516937 0.0326183 0.855462 64.9821 0.0256938 0.999433 -0.0225815 -0.45649 -0.855684 0.0103024 -0.517477 -11.8719
-0.517648 0.0305466 0.855113 65.9139 0.0227465 0.999519 -0.0219323 -0.487801 -0.855345 0.0080928 -0.518089 -12.425
-0.516802 0.0303665 0.855627 66.8616 0.0199459 0.999545 -0.0234267 -0.522842 -0.85592 0.00495492 -0.517168 -12.9842
-0.51742 0.0278323 0.855344 67.7943 0.0144535 0.999632 -0.023781 -0.559655 -0.855664 5.34309e-05 -0.517626 -13.5383
-0.5188 0.0253955 0.85458 68.7287 0.0103191 0.999691 -0.0234431 -0.598483 -0.854881 -0.003348 -0.518896 -14.0995
-0.518948 0.0211597 0.854609 69.6904 0.00986877 0.999794 -0.0187588 -0.64152 -0.854803 -0.00130539 -0.519045 -14.6692
-0.519825 0.0157052 0.85419 70.6546 0.0107096 0.999891 -0.0118666 -0.674679 -0.854253 0.00297524 -0.519931 -15.2575
-0.521431 0.0134967 0.853252 71.6083 0.0148224 0.999886 -0.00675501 -0.702759 -0.853219 0.00912012 -0.521567 -15.8475
-0.520838 0.0179484 0.853529 72.57 0.0217592 0.999752 -0.00774532 -0.70797 -0.853427 0.0145336 -0.521094 -16.4342
-0.521404 0.0243585 0.853028 73.5192 0.0270823 0.99958 -0.0119866 -0.713006 -0.852935 0.0168469 -0.52184 -17.0228
-0.520673 0.029951 0.853293 74.4706 0.0299857 0.999429 -0.0167832 -0.724959 -0.853278 0.0168434 -0.521268 -17.6084
-0.520606 0.0318963 0.853267 75.4431 0.0292297 0.999401 -0.019522 -0.76781 -0.853351 0.0147722 -0.521221 -18.2058
-0.522119 0.0310319 0.85237 76.4077 0.0282168 0.999439 -0.0191018 -0.762376 -0.852455 0.0140731 -0.522696 -18.7957
-0.521323 0.0271392 0.852994 77.3949 0.0275159 0.999528 -0.0149815 -0.786932 -0.852971 0.0156555 -0.521818 -19.4031
-0.521938 0.025275 0.852672 78.382 0.0273847 0.999561 -0.0128662 -0.798538 -0.852593 0.0166301 -0.522396 -20.0023
-0.523148 0.0244276 0.851958 79.3685 0.0248396 0.999621 -0.0134056 -0.810637 -0.851935 0.014144 -0.523551 -20.6031
-0.5225 0.0279907 0.852243 80.3639 0.0257496 0.999542 -0.0170417 -0.832109 -0.8523 0.013036 -0.522976 -21.2138
-0.523432 0.0299699 0.851606 81.3526 0.025512 0.999503 -0.019491 -0.864415 -0.85174 0.0115189 -0.523932 -21.823
-0.522814 0.0292972 0.852006 82.3543 0.0248506 0.999527 -0.0191208 -0.885986 -0.852134 0.0111717 -0.52329 -22.424
-0.522601 0.0266896 0.852226 83.3655 0.0276597 0.999534 -0.0143384 -0.883642 -0.852184 0.0160737 -0.523091 -23.0419
-0.523943 0.0249205 0.851452 84.3642 0.0262127 0.99959 -0.0131261 -0.920153 -0.851399 0.0154368 -0.524376 -23.6535
-0.523219 0.0255253 0.851882 85.3748 0.0237422 0.99962 -0.0153667 -0.93983 -0.851922 0.0121802 -0.523621 -24.2612
-0.523496 0.0270553 0.851662 86.3809 0.0228612 0.999602 -0.0177026 -0.972206 -0.851771 0.0101983 -0.5239 -24.8851
-0.524683 0.0262404 0.85096 87.4007 0.0219009 0.99963 -0.0173182 -0.984405 -0.851071 0.00954507 -0.525059 -25.5036
-0.523981 0.0251791 0.851422 88.425 0.0225437 0.999643 -0.0156884 -0.982339 -0.851482 0.0109692 -0.524355 -26.1319
-0.523852 0.0246482 0.85152 89.4422 0.0236079 0.999637 -0.0144092 -1.00747 -0.851537 0.0125491 -0.524239 -26.7449
-0.524009 0.0258197 0.851386 90.4649 0.0250795 0.999595 -0.0148783 -1.02671 -0.851395 0.0135514 -0.524438 -27.379
-0.523348 0.0259334 0.851792 91.4875 0.0262702 0.999572 -0.0142891 -1.04234 -0.851769 0.0148933 -0.5238 -28.0083
-0.52378 0.0259132 0.851524 92.5209 0.0261365 0.999575 -0.0143416 -1.06375 -0.851503 0.0147393 -0.524229 -28.6461
-0.522404 0.0264946 0.852354 93.5476 0.0274243 0.999542 -0.0142586 -1.06851 -0.852312 0.0159211 -0.522886 -29.2706
-0.522024 0.0252563 0.852622 94.5955 0.0280911 0.999549 -0.0124094 -1.09541 -0.852519 0.0174683 -0.522492 -29.9049
-0.522317 0.0233368 0.852499 95.6491 0.0259925 0.999617 -0.0114358 -1.11899 -0.852411 0.0161802 -0.522718 -30.5494
-0.520977 0.0230531 0.853324 96.6971 0.0270019 0.9996 -0.0105192 -1.14545 -0.853195 0.0175564 -0.521386 -31.1852
-0.520085 0.0227374 0.853879 97.7562 0.025479 0.999633 -0.0110967 -1.15977 -0.85379 0.0159795 -0.520469 -31.8229
-0.520117 0.0235201 0.853836 98.8266 0.0247764 0.999636 -0.0124435 -1.18239 -0.853787 0.0146783 -0.520504 -32.4744
-0.519118 0.0226685 0.85447 99.8954 0.0238988 0.999662 -0.0119982 -1.19829 -0.854424 0.0141871 -0.51948 -33.1058
-0.519689 0.0192044 0.854205 100.977 0.0204905 0.999759 -0.0100104 -1.2112 -0.854162 0.0122963 -0.519952 -33.7567
-0.519459 0.0181707 0.85437 102.054 0.0179899 0.999805 -0.010323 -1.23212 -0.854361 0.0100026 -0.51968 -34.3925
-0.520861 0.0172605 0.853533 103.134 0.0161474 0.999835 -0.0103651 -1.25345 -0.853541 0.00837911 -0.521048 -35.0396
-0.522662 0.0140292 0.852493 104.234 0.0135907 0.999895 -0.00811961 -1.28261 -0.852488 0.00733724 -0.522792 -35.7016
-0.52346 0.0110799 0.852044 105.334 0.011112 0.999938 -0.00617618 -1.30683 -0.85203 0.00623058 -0.523546 -36.3576
-0.525147 0.0097522 0.851024 106.419 0.0104253 0.999953 -0.00502272 -1.3148 -0.851004 0.00622965 -0.525219 -37.012
-0.527247 0.00962156 0.849724 107.511 0.00998049 0.999956 -0.00512973 -1.3267 -0.849706 0.00577172 -0.527314 -37.6769
-0.528997 0.00909208 0.848644 108.597 0.0105224 0.999956 -0.00415125 -1.33581 -0.848615 0.00672885 -0.529064 -38.3482
-0.533047 0.00658595 0.846127 109.685 0.0100722 0.999967 -0.00143793 -1.33715 -0.846079 0.00775159 -0.53309 -39.0249
-0.535739 0.00509084 0.844438 110.76 0.00903376 0.999979 -0.000294354 -1.36125 -0.844392 0.0074659 -0.535768 -39.6913
-0.54091 0.00648402 0.841122 111.837 0.00421888 0.999998 -0.0049955 -1.36452 -0.841123 0.000842302 -0.54093 -40.3496
-0.5484 0.0082983 0.836245 112.895 0.00345211 0.999984 -0.00765633 -1.37986 -0.836266 -0.00131657 -0.548414 -41.0311
-0.555751 0.00713521 0.831386 113.948 0.00578634 0.999992 -0.00471409 -1.40618 -0.831382 0.00218668 -0.555781 -41.7159
-0.565353 0.00531 0.824904 114.989 0.00629574 0.999998 -0.00211938 -1.41934 -0.824884 0.00399041 -0.565378 -42.4268
-0.576873 0.00564049 0.816884 116.027 0.0067158 0.999995 -0.00216208 -1.44576 -0.816861 0.00423467 -0.576901 -43.1602
-0.588664 0.0058891 0.808429 117.033 0.0074152 0.999991 -0.00188222 -1.44059 -0.808404 0.00488186 -0.588695 -43.8715
-0.601329 0.0051384 0.799057 118.049 0.00843247 0.999984 -8.44675e-05 -1.44466 -0.799014 0.00668303 -0.601354 -44.6176
-0.613314 0.00632721 0.789889 119.023 0.0101671 0.999968 -0.000112655 -1.45091 -0.789836 0.00795685 -0.61335 -45.3654
-0.625945 0.00893452 0.77989 119.989 0.00972015 0.999966 -0.00365406 -1.44648 -0.779866 0.00528917 -0.626001 -46.1233
-0.639572 0.0102224 0.768741 120.958 0.00865711 0.999964 -0.00609148 -1.44993 -0.768747 0.00275423 -0.639628 -46.9095
-0.651712 0.00779348 0.758503 121.891 0.00593619 0.999989 -0.00517399 -1.45448 -0.758505 0.0011266 -0.651741 -47.6835
-0.664481 0.00292723 0.747379 122.833 0.00273838 1.00002 -0.00147879 -1.47105 -0.747366 0.00105921 -0.664489 -48.4816
-0.67757 -0.00101165 0.735537 123.756 -0.000643266 1.00002 0.000783148 -1.47083 -0.735523 5.35843e-05 -0.677572 -49.2968
-0.688595 -0.00227389 0.725225 124.641 -0.00406945 1.00001 -0.000725055 -1.49589 -0.725204 -0.00345513 -0.688601 -50.1104
-0.700523 -0.0014595 0.71371 125.527 -0.00478829 1.00001 -0.00265458 -1.50059 -0.713681 -0.00528071 -0.700521 -50.9538
-0.710553 -0.000894397 0.703729 126.386 -0.00441902 1.00001 -0.00318743 -1.51117 -0.703702 -0.00537923 -0.710548 -51.8004
-0.721044 -0.00115943 0.692973 127.232 -0.00472955 1 -0.00324774 -1.52479 -0.692943 -0.00562284 -0.721038 -52.6704
-0.73155 -0.00183585 0.681874 128.073 -0.00439563 1.00001 -0.00201991 -1.53182 -0.681849 -0.0044796 -0.731551 -53.5476
-0.741041 -0.00367445 0.671536 128.892 -0.0056364 1 -0.000747814 -1.54966 -0.671507 -0.00434281 -0.741051 -54.4384
-0.75185 -0.00230507 0.659422 129.697 -0.00536939 1 -0.00262265 -1.55531 -0.659391 -0.00551726 -0.75185 -55.3258
-0.763089 -0.00105599 0.646384 130.497 -0.00587318 0.999989 -0.00529964 -1.56145 -0.646343 -0.00784391 -0.763071 -56.2485
-0.772271 -0.000145211 0.635391 131.266 -0.0051859 0.999989 -0.00607056 -1.54914 -0.635356 -0.00798791 -0.772247 -57.1608
-0.782552 0.00331643 0.622672 132.021 -0.00176449 0.999991 -0.00754328 -1.55388 -0.622663 -0.00700518 -0.782522 -58.093
-0.793049 0.00572621 0.609232 132.771 -0.00129763 0.999959 -0.0110837 -1.56147 -0.609244 -0.00958522 -0.792992 -59.0464
-0.802689 0.00714198 0.596454 133.504 -0.00103733 0.999931 -0.0133688 -1.57347 -0.596481 -0.0113531 -0.802608 -60.0031
-0.813393 0.00506718 0.5818 134.235 -0.00200947 0.999953 -0.0115141 -1.59624 -0.581804 -0.0105393 -0.813327 -60.9852
-0.823076 0.00195291 0.568033 134.953 -0.00458563 0.99996 -0.010082 -1.59784 -0.568003 -0.0109063 -0.823015 -61.9856
-0.833705 0.000991485 0.552324 135.654 -0.00555976 0.999955 -0.0101825 -1.62025 -0.552283 -0.0115646 -0.833642 -62.9986
-0.844429 -0.000958935 0.535777 136.34 -0.00795514 0.999932 -0.0107478 -1.63597 -0.535704 -0.013341 -0.84436 -64.0379
-0.853898 -0.00324648 0.520551 137 -0.00974245 0.999927 -0.00974021 -1.65005 -0.520456 -0.0133931 -0.853848 -65.0896
-0.863137 -0.00479077 0.505066 137.648 -0.0115265 0.999903 -0.0102132 -1.66021 -0.504943 -0.0146399 -0.863088 -66.1646
-0.87278 -0.0057708 0.488208 138.278 -0.0126828 0.999883 -0.0108492 -1.67509 -0.488063 -0.0156653 -0.872731 -67.2463
-0.881198 -0.00821591 0.472803 138.883 -0.0147478 0.999862 -0.0101113 -1.69076 -0.47263 -0.0158856 -0.881175 -68.3422
-0.890445 -0.0105638 0.455108 139.473 -0.0157051 0.999871 -0.00751376 -1.69361 -0.454945 -0.0138426 -0.890474 -69.4551
-0.898403 -0.0118704 0.439149 140.053 -0.0161368 0.999874 -0.0059845 -1.69953 -0.438999 -0.0124657 -0.898458 -70.5759
-0.906517 -0.0132531 0.422113 140.6 -0.0170129 0.999865 -0.00513754 -1.70415 -0.421964 -0.0118432 -0.906597 -71.7195
-0.914856 -0.0147403 0.403662 141.127 -0.019521 0.999801 -0.00773194 -1.72809 -0.403444 -0.0149561 -0.914937 -72.859
-0.922613 -0.0163371 0.385547 141.639 -0.0219784 0.99973 -0.0102253 -1.74512 -0.385253 -0.017912 -0.922698 -74.0208
-0.930488 -0.0205045 0.365915 142.126 -0.0251445 0.999673 -0.00792047 -1.76006 -0.365611 -0.0165731 -0.930674 -75.2005
-0.938393 -0.0252287 0.344832 142.584 -0.0287585 0.999597 -0.00512113 -1.76069 -0.344542 -0.014727 -0.938716 -76.3828
-0.945924 -0.0281938 0.32335 143.035 -0.0311736 0.999527 -0.0040413 -1.78255 -0.323063 -0.0139052 -0.946329 -77.5939
-0.953588 -0.029729 0.299858 143.445 -0.0328173 0.999471 -0.00526446 -1.80373 -0.299522 -0.0148651 -0.954033 -78.8094
-0.960827 -0.0339592 0.275284 143.829 -0.037209 0.999306 -0.00659319 -1.80924 -0.27485 -0.0165802 -0.961396 -80.039
-0.967422 -0.035216 0.250963 144.17 -0.0384636 0.999252 -0.00804363 -1.81586 -0.250473 -0.0174389 -0.968025 -81.2776
-0.97376 -0.036546 0.224897 144.484 -0.0398601 0.999174 -0.0102161 -1.84179 -0.22432 -0.0189146 -0.974384 -82.5142
-0.979001 -0.0335306 0.201401 144.771 -0.036406 0.999305 -0.0105854 -1.86745 -0.200888 -0.0176997 -0.979513 -83.7648
-0.983657 -0.0327163 0.177404 145.013 -0.0349946 0.999361 -0.00973255 -1.88692 -0.176956 -0.0157839 -0.984144 -85.0289
-0.987863 -0.0328717 0.152236 145.222 -0.0350449 0.999342 -0.0116092 -1.89757 -0.151738 -0.0168078 -0.988336 -86.2859
-0.99123 -0.0330249 0.128441 145.422 -0.0353999 0.999262 -0.0162566 -1.91204 -0.127794 -0.0206629 -0.991637 -87.5553
-0.994044 -0.0320971 0.104765 145.573 -0.0341311 0.999285 -0.0176726 -1.92736 -0.104108 -0.0211473 -0.994399 -88.8247
-0.996238 -0.032445 0.0811355 145.697 -0.0338674 0.999315 -0.0162218 -1.95952 -0.0805399 -0.0189108 -0.996623 -90.1021
-0.997772 -0.03074 0.0603148 145.791 -0.0319406 0.999332 -0.0190321 -1.98894 -0.0596766 -0.0209204 -0.998057 -91.3652
-0.998792 -0.0310889 0.0396667 145.859 -0.0319551 0.999281 -0.0214018 -2.02147 -0.0389602 -0.0226455 -0.999035 -92.6308
-0.99936 -0.0311363 0.0209972 145.909 -0.0316159 0.999262 -0.0228692 -2.04475 -0.0202581 -0.0235225 -0.999577 -93.9126
-0.999485 -0.0338604 0.00310225 145.931 -0.033924 0.999166 -0.0236171 -2.07197 -0.00228835 -0.023712 -0.999767 -95.1891
-0.999358 -0.0344202 -0.0151736 145.924 -0.034056 0.999163 -0.0236785 -2.10889 0.0159862 -0.0231506 -0.999663 -96.4636
-0.998964 -0.0355979 -0.0304688 145.902 -0.0348643 0.999118 -0.0242667 -2.14719 0.0313164 -0.0231812 -0.999292 -97.748
-0.998302 -0.0380241 -0.0455952 145.867 -0.0369241 0.999035 -0.02474 -2.17715 0.0465011 -0.0230185 -0.998712 -99.038
-0.99735 -0.0403105 -0.0615984 145.798 -0.0390105 0.999014 -0.0221552 -2.20092 0.0624406 -0.0196955 -0.997906 -100.312
-0.996411 -0.0422729 -0.0742302 145.728 -0.0409209 0.998993 -0.0196463 -2.22442 0.0749941 -0.0165424 -0.997106 -101.606
-0.995435 -0.0416425 -0.0866102 145.618 -0.0401864 0.999043 -0.0184818 -2.24967 0.087306 -0.014919 -0.996122 -102.895
-0.994501 -0.0400418 -0.0974486 145.484 -0.0384178 0.999113 -0.0184907 -2.30459 0.0981102 -0.0146496 -0.995127 -104.186
-0.994131 -0.0359097 -0.102668 145.35 -0.0339337 0.999227 -0.0209259 -2.3463 0.103349 -0.0173214 -0.994547 -105.476
-0.993513 -0.0342082 -0.109063 145.2 -0.0320557 0.999279 -0.0214363 -2.385 0.109725 -0.0178054 -0.993862 -106.764
-0.992743 -0.0353455 -0.115491 145.054 -0.0331537 0.999256 -0.0208427 -2.41353 0.11615 -0.0168647 -0.993141 -108.047
-0.992031 -0.0402412 -0.119961 144.91 -0.0383171 0.999121 -0.0183074 -2.43145 0.120599 -0.0135693 -0.992668 -109.351
-0.990926 -0.044023 -0.127495 144.743 -0.0423228 0.998998 -0.0160105 -2.46598 0.12808 -0.0104716 -0.991762 -110.642
-0.990144 -0.0499162 -0.131368 144.595 -0.0480956 0.998721 -0.0169975 -2.48142 0.132055 -0.0105161 -0.991246 -111.941
-0.98948 -0.0532622 -0.134986 144.429 -0.05127 0.998542 -0.0181871 -2.49995 0.135765 -0.0110772 -0.990732 -113.234
-0.98892 -0.0548307 -0.138444 144.246 -0.0526054 0.998444 -0.0196843 -2.53792 0.139315 -0.0121875 -0.990233 -114.514
-0.988799 -0.0557788 -0.138904 144.079 -0.0534582 0.998385 -0.0203767 -2.56456 0.139823 -0.0127251 -0.990148 -115.791
-0.9889 -0.0545299 -0.138703 143.889 -0.0520312 0.998435 -0.0215803 -2.59949 0.139669 -0.014128 -0.990157 -117.075
-0.988899 -0.0537511 -0.138999 143.711 -0.0511217 0.998464 -0.0224136 -2.61039 0.139997 -0.015061 -0.990091 -118.357
-0.989243 -0.0537697 -0.136543 143.534 -0.0511063 0.998452 -0.0229399 -2.63317 0.137572 -0.0157191 -0.990426 -119.639
-0.989358 -0.0519915 -0.136378 143.341 -0.0493744 0.99855 -0.022498 -2.67809 0.137358 -0.015527 -0.990455 -120.921
-0.989917 -0.0521614 -0.132212 143.172 -0.0496622 0.998543 -0.0221342 -2.70944 0.133181 -0.0153492 -0.991033 -122.195
-0.99029 -0.0538127 -0.128691 143.011 -0.0514282 0.998462 -0.0217749 -2.73582 0.129673 -0.0149471 -0.991499 -123.466
-0.990764 -0.0517152 -0.125898 142.852 -0.0497922 0.998613 -0.0183772 -2.767 0.126681 -0.011943 -0.991931 -124.744
-0.991724 -0.0516267 -0.118107 142.717 -0.0500431 0.998636 -0.0163287 -2.78577 0.118797 -0.0102853 -0.992921 -126.006
-0.99266 -0.0499998 -0.110749 142.591 -0.0488433 0.998743 -0.0131355 -2.78775 0.111275 -0.00763416 -0.99382 -127.269
-0.993412 -0.0469137 -0.105179 142.449 -0.0461772 0.998911 -0.00942075 -2.78094 0.105515 -0.00450414 -0.994464 -128.529
-0.994568 -0.0431795 -0.0954426 142.327 -0.0423805 0.999071 -0.0103902 -2.77487 0.0958107 -0.00629336 -0.995439 -129.79
-0.995473 -0.040285 -0.0868472 142.2 -0.0396765 0.999197 -0.0087183 -2.78989 0.0871378 -0.00523549 -0.996239 -131.038
-0.99628 -0.037779 -0.0783572 142.09 -0.0373079 0.9993 -0.00747725 -2.80279 0.0785933 -0.00453074 -0.996957 -132.302
-0.997131 -0.038364 -0.0662662 141.996 -0.0380172 0.999279 -0.00648036 -2.82016 0.0664768 -0.00394506 -0.997836 -133.556
-0.997816 -0.0395651 -0.0542162 141.915 -0.0392237 0.999228 -0.00735888 -2.8664 0.0544746 -0.00522082 -0.998563 -134.811
-0.998392 -0.0412292 -0.0405855 141.856 -0.0410493 0.999166 -0.00524329 -2.92195 0.0407785 -0.00357137 -0.999218 -136.084
-0.99882 -0.0418642 -0.0273335 141.813 -0.0418067 0.999147 -0.00269243 -2.94856 0.0274329 -0.00155111 -0.999683 -137.357
-0.998955 -0.0451395 -0.0135852 141.805 -0.0451143 0.999002 -0.00210086 -2.99725 0.0136781 -0.00148839 -0.999961 -138.653
-0.998832 -0.0497749 0.000617082 141.784 -0.049775 0.998786 0.000170262 -3.06456 -0.000613778 0.000134839 -1.00006 -139.92
-0.998855 -0.0471072 0.0143274 141.789 -0.0470661 0.998909 0.00313688 -3.07429 -0.0144468 0.0024562 -0.999949 -141.183
-0.998599 -0.0459878 0.0288014 141.809 -0.0458203 0.998956 0.00645815 -3.09892 -0.0290562 0.00512461 -0.999627 -142.457
-0.997951 -0.0472997 0.0446443 141.841 -0.046843 0.998862 0.0112034 -3.12165 -0.0451098 0.00908617 -0.998997 -143.732
-0.997261 -0.0442178 0.0605063 141.883 -0.0434413 0.998983 0.0141003 -3.08833 -0.061055 0.0114282 -0.998132 -144.975
-0.996228 -0.0432235 0.0761623 141.958 -0.0420972 0.999003 0.0163256 -3.09672 -0.0767774 0.0130547 -0.99702 -146.22
-0.994744 -0.0389678 0.095456 142.069 -0.0374395 0.999168 0.0177602 -3.07523 -0.096054 0.0140879 -0.995341 -147.448
-0.992864 -0.0414758 0.112426 142.189 -0.0395677 0.999056 0.0191481 -3.08512 -0.113099 0.0145597 -0.993535 -148.704
-0.990789 -0.0381745 0.130487 142.328 -0.035893 0.999186 0.0198012 -3.0629 -0.131121 0.0149301 -0.991319 -149.887
-0.987811 -0.0366145 0.151754 142.5 -0.0335642 0.999205 0.0226137 -3.03954 -0.152444 0.0172409 -0.988221 -151.128
-0.984634 -0.0333272 0.171852 142.703 -0.0295534 0.99929 0.0244811 -3.02051 -0.172528 0.0190209 -0.984886 -152.383
-0.980332 -0.0304929 0.195349 142.937 -0.0255745 0.999314 0.0276519 -3.00562 -0.19604 0.0221083 -0.980407 -153.555
-0.975457 -0.025786 0.219016 143.185 -0.0201855 0.999437 0.0277799 -2.98 -0.21959 0.0226716 -0.975395 -154.754
-0.969901 -0.02247 0.242755 143.496 -0.0159568 0.999483 0.0287667 -2.92465 -0.243256 0.024023 -0.969726 -155.96
-0.96382 -0.0210384 0.266003 143.791 -0.0141015 0.999536 0.0279713 -2.90409 -0.266447 0.0232026 -0.963638 -157.079
-0.956063 -0.0196204 0.29275 144.171 -0.0110699 0.999488 0.0308391 -2.85483 -0.293184 0.0262391 -0.955758 -158.265
-0.948559 -0.0176499 0.316344 144.511 -0.00801758 0.999491 0.0317342 -2.81757 -0.316721 0.0275596 -0.948188 -159.362
-0.93985 -0.015246 0.34146 144.922 -0.00460405 0.999503 0.0319589 -2.78459 -0.341755 0.02846 -0.939422 -160.49
-0.930374 -0.0158614 0.366472 145.364 -0.00463211 0.99952 0.0315097 -2.75509 -0.366772 0.0276124 -0.929972 -161.618
-0.92138 -0.0151927 0.388554 145.797 -0.00233658 0.999459 0.0335419 -2.72275 -0.38883 0.0299923 -0.920887 -162.657
-0.910471 -0.0143969 0.413504 146.274 0.000284363 0.999399 0.0354296 -2.69367 -0.41374 0.0323692 -0.909891 -163.734
-0.898894 -0.0134465 0.438128 146.773 0.00236362 0.999391 0.0355242 -2.65882 -0.438314 0.0329632 -0.898284 -164.79
-0.885454 -0.0105102 0.464769 147.304 0.00618356 0.999416 0.0343881 -2.63664 -0.464832 0.033317 -0.884846 -165.816
-0.871329 -0.00988597 0.490748 147.874 0.00848873 0.99937 0.0352059 -2.59033 -0.490761 0.0348369 -0.870667 -166.841
-0.855985 -0.0109974 0.517029 148.475 0.00837876 0.999374 0.0351353 -2.56565 -0.517063 0.0344014 -0.855332 -167.847
-0.839677 -0.0112736 0.543104 149.108 0.0105768 0.999281 0.0370972 -2.53531 -0.543105 0.0368889 -0.838926 -168.838
-0.821749 -0.0120844 0.569854 149.771 0.011465 0.999249 0.0377291 -2.5103 -0.569851 0.0375312 -0.82097 -169.816
-0.802352 -0.0101724 0.596887 150.454 0.0138878 0.999291 0.0357005 -2.47691 -0.596798 0.0369287 -0.801617 -170.754
-0.781901 -0.00944344 0.623452 151.156 0.0168743 0.999225 0.0363036 -2.45025 -0.62328 0.0389001 -0.781114 -171.653
-0.761986 -0.00744906 0.647663 151.901 0.0214107 0.999124 0.0366828 -2.41708 -0.647338 0.0418135 -0.761136 -172.548
-0.740082 -0.0075033 0.672588 152.666 0.0241454 0.999023 0.0377185 -2.36989 -0.67218 0.0441484 -0.739159 -173.414
-0.716412 -0.00608067 0.697757 153.492 0.0294243 0.998836 0.0389165 -2.31105 -0.697149 0.0484055 -0.715377 -174.281
-0.692218 -0.00768625 0.721753 154.306 0.0306915 0.998752 0.0400767 -2.27294 -0.721126 0.0498868 -0.691101 -175.084
-0.667182 -0.00749425 0.744956 155.142 0.0341882 0.998615 0.0406659 -2.21837 -0.744196 0.0525943 -0.665982 -175.847
-0.641369 -0.00801759 0.767292 156.027 0.0363934 0.998529 0.0408594 -2.186 -0.766454 0.0541234 -0.640118 -176.612
-0.614062 -0.00598532 0.789329 156.933 0.0409993 0.998407 0.0394673 -2.12971 -0.788273 0.0565911 -0.612821 -177.327
-0.58671 -0.00409376 0.809882 157.865 0.0462526 0.998212 0.0385575 -2.06378 -0.808556 0.0600742 -0.585458 -178.012
-0.559418 -0.0015986 0.828974 158.836 0.0497022 0.998162 0.0354664 -1.99247 -0.827471 0.0610358 -0.558296 -178.665
-0.530931 -0.000163283 0.847507 159.812 0.053511 0.998025 0.0337192 -1.94185 -0.845801 0.0632464 -0.529862 -179.286
-0.503638 0.00140447 0.864 160.812 0.0557933 0.997992 0.0309014 -1.89493 -0.862184 0.0637618 -0.502693 -179.863
-0.474883 0.000959425 0.880138 161.817 0.0578218 0.9979 0.0301144 -1.8647 -0.878221 0.0651848 -0.473932 -180.417
-0.446546 0.00373764 0.894836 162.867 0.0626913 0.997693 0.0271182 -1.83433 -0.892633 0.0682009 -0.44574 -180.941
-0.418889 0.00332177 0.908118 163.923 0.0666043 0.997439 0.0270783 -1.80279 -0.905663 0.07182 -0.418031 -181.443
-0.391064 0.0020894 0.920442 164.991 0.0687586 0.997297 0.0269502 -1.77337 -0.91786 0.0738203 -0.390143 -181.912
-0.363902 0.00343857 0.931515 166.087 0.0722476 0.997112 0.0245472 -1.74308 -0.9287 0.076225 -0.363096 -182.332
-0.337747 0.00429964 0.941307 167.151 0.0770596 0.996787 0.0230974 -1.72317 -0.938144 0.0803302 -0.336988 -182.733
-0.309218 0.00490009 0.951061 168.277 0.0808936 0.996525 0.0211703 -1.69852 -0.947612 0.0834732 -0.308538 -183.117
-0.282166 0.00435996 0.959434 169.38 0.0866786 0.996044 0.0209666 -1.67806 -0.955508 0.0890704 -0.281425 -183.444
-0.25468 0.00343397 0.967101 170.472 0.0893029 0.995831 0.019985 -1.67374 -0.96296 0.0914466 -0.253926 -183.755
-0.227399 0.00426987 0.973869 171.588 0.0932243 0.995521 0.0174042 -1.67188 -0.969394 0.0947377 -0.226778 -184.026
-0.200362 0.00364124 0.979796 172.722 0.0944425 0.995435 0.0156171 -1.67093 -0.975226 0.0956552 -0.199794 -184.271
-0.172427 0.00373703 0.985091 173.878 0.0968671 0.995238 0.0131809 -1.66279 -0.980312 0.0976872 -0.171971 -184.494
-0.142782 0.00368386 0.989827 175.061 0.0987004 0.995088 0.0105374 -1.66112 -0.984887 0.0991926 -0.142448 -184.665
-0.112283 0.00533758 0.993738 176.251 0.100675 0.99493 0.00603267 -1.67418 -0.988628 0.100714 -0.112257 -184.822
-0.0809713 0.00822702 0.996762 177.451 0.10139 0.994874 2.82342e-05 -1.67864 -0.991613 0.101055 -0.0813974 -184.932
-0.0505845 0.00949694 0.998751 178.663 0.104924 0.9945 -0.00414101 -1.69854 -0.993258 0.104575 -0.0513103 -185.001
-0.0190786 0.00849112 0.999862 179.88 0.105951 0.994378 -0.00641955 -1.70767 -0.994255 0.105806 -0.0198803 -185.033
0.011298 0.00742022 0.999985 181.101 0.106947 0.994257 -0.00858463 -1.72413 -0.994267 0.107034 0.0104294 -185.017
0.0387336 0.00780306 0.999299 182.316 0.106689 0.994249 -0.0118957 -1.74546 -0.993606 0.107066 0.0376669 -184.977
0.0647306 0.00776778 0.997949 183.55 0.107129 0.994166 -0.0146857 -1.76877 -0.992203 0.107851 0.0635086 -184.891
0.0882268 0.00741125 0.996153 184.757 0.107541 0.994084 -0.0169174 -1.79748 -0.990347 0.108612 0.0868945 -184.784
0.109691 0.0059013 0.994026 185.973 0.109548 0.993848 -0.0179874 -1.81272 -0.987979 0.110857 0.108356 -184.654
0.131082 0.00409987 0.991444 187.188 0.110707 0.993704 -0.0187431 -1.83743 -0.985241 0.112208 0.129788 -184.5
0.149623 0.00146273 0.98882 188.403 0.114115 0.99332 -0.0187352 -1.86861 -0.982205 0.115633 0.148441 -184.328
0.169851 0.000809016 0.98555 189.61 0.115946 0.993065 -0.0207944 -1.89597 -0.978696 0.117794 0.168563 -184.125
0.189318 0.00166774 0.981993 190.815 0.117317 0.992826 -0.0243021 -1.93 -0.974952 0.119795 0.187748 -183.896
0.208561 0.00137746 0.97809 192.021 0.118941 0.992568 -0.0267568 -1.96927 -0.970822 0.121907 0.206829 -183.638
0.228602 -0.00021978 0.973599 193.243 0.119336 0.992494 -0.0277945 -2.01015 -0.96625 0.122529 0.226894 -183.36
0.247851 -0.00283379 0.968876 194.439 0.120613 0.992333 -0.0279489 -2.05227 -0.961334 0.123778 0.246273 -183.051
0.266859 -0.00413988 0.963807 195.656 0.122739 0.992023 -0.029721 -2.08868 -0.955961 0.126217 0.265218 -182.731
0.28586 -0.00291343 0.95835 196.836 0.123932 0.991738 -0.033949 -2.12629 -0.950298 0.128466 0.283838 -182.392
0.303698 -0.00175677 0.952848 198.031 0.124954 0.991464 -0.0379963 -2.1671 -0.944614 0.130591 0.301303 -182.021
0.320385 -0.00291031 0.947367 199.22 0.12427 0.991511 -0.0389772 -2.22776 -0.939177 0.130208 0.318005 -181.632
0.337339 -0.0044448 0.941455 200.407 0.124506 0.991444 -0.0399301 -2.29162 -0.93319 0.130677 0.334983 -181.213
0.35287 -0.00585058 0.935739 201.607 0.125231 0.991307 -0.0410238 -2.36181 -0.927332 0.13165 0.350513 -180.782
0.369352 -0.0054697 0.929357 202.796 0.126026 0.991069 -0.0442515 -2.4343 -0.920783 0.133457 0.366718 -180.323
0.383899 -0.00484086 0.923449 203.974 0.129395 0.990429 -0.0485976 -2.48873 -0.914344 0.138137 0.380827 -179.845
0.397206 -0.00589247 0.917795 205.172 0.130704 0.990179 -0.0502071 -2.57145 -0.908455 0.139891 0.39405 -179.347
0.410748 -0.00790603 0.911803 206.346 0.13246 0.989899 -0.0510841 -2.64608 -0.902158 0.14175 0.407621 -178.832
0.422228 -0.00801724 0.90654 207.525 0.133572 0.989626 -0.0534582 -2.71526 -0.896677 0.143649 0.418893 -178.301
0.43111 -0.00938584 0.90234 208.724 0.134814 0.98942 -0.0541152 -2.8001 -0.892255 0.144968 0.427789 -177.745
0.438742 -0.010905 0.898633 209.887 0.134142 0.989547 -0.053482 -2.8759 -0.888628 0.143998 0.435592 -177.181
0.443195 -0.0121079 0.896434 211.085 0.1347 0.989484 -0.0532274 -2.95357 -0.886331 0.14433 0.440139 -176.593
0.447956 -0.0126268 0.894054 212.242 0.135367 0.98936 -0.0538491 -3.02512 -0.883833 0.145137 0.444872 -176.015
0.451846 -0.0136581 0.892083 213.422 0.136084 0.989266 -0.0537782 -3.08969 -0.88174 0.145688 0.448828 -175.427
0.454465 -0.0163197 0.890703 214.608 0.137797 0.989114 -0.0521832 -3.15024 -0.880128 0.146441 0.451739 -174.841
0.459417 -0.0183307 0.888124 215.785 0.140406 0.988745 -0.0522198 -3.20845 -0.877139 0.148678 0.456794 -174.233
0.463664 -0.0182846 0.885911 216.976 0.140441 0.988694 -0.0530953 -3.29987 -0.874896 0.149026 0.460961 -173.627
0.466555 -0.019296 0.884375 218.171 0.140755 0.988671 -0.0526813 -3.38545 -0.873308 0.149049 0.463959 -173.015
0.471019 -0.0191194 0.882006 219.342 0.139856 0.988769 -0.0532513 -3.46079 -0.871054 0.148425 0.468373 -172.389
0.474789 -0.0197795 0.879971 220.518 0.140048 0.988736 -0.0533357 -3.54663 -0.868973 0.148551 0.472184 -171.753
0.4773 -0.0195287 0.878613 221.705 0.140507 0.988616 -0.0543532 -3.62645 -0.867523 0.149383 0.474581 -171.119
0.479975 -0.0189075 0.877172 222.859 0.138263 0.988933 -0.0543358 -3.70216 -0.866407 0.147351 0.47725 -170.49
0.481087 -0.0177265 0.876584 224.047 0.136402 0.989163 -0.0548543 -3.78769 -0.866086 0.145946 0.478262 -169.831
0.481872 -0.017166 0.876169 225.2 0.135712 0.989236 -0.0552541 -3.86383 -0.865758 0.145522 0.478987 -169.2
0.482857 -0.0173404 0.875618 226.361 0.135317 0.989303 -0.0550257 -3.947 -0.865271 0.145044 0.480009 -168.552
