0.999998 -0.00113335 -0.00180891 -0.00446453 0.00113248 1 -0.000510793 -0.00748209 0.00180951 0.000508694 0.999998 0.562878
0.999996 -0.00183647 -0.00229458 -0.00986781 0.00183457 0.999998 -0.000831512 -0.00713649 0.00229607 0.000827294 0.999997 1.12222
0.999987 -0.00246255 -0.00441209 -0.0180731 0.00245258 0.999995 -0.00227915 -0.0069932 0.00441771 0.00226825 0.999988 1.68259
0.999973 -0.00377743 -0.00632273 -0.0178934 0.00375723 0.999988 -0.00320702 -0.0130336 0.00633472 0.00318315 0.999975 2.2407
0.999959 -0.00572201 -0.00706105 -0.0193981 0.00569147 0.999975 -0.004351 -0.028902 0.00708583 0.00431058 0.999966 2.79975
0.999938 -0.00688671 -0.00883777 -0.0259861 0.00684529 0.999965 -0.00471005 -0.0402009 0.0088699 0.0046493 0.99995 3.37845
0.999942 -0.00647626 -0.00867764 -0.0296672 0.00643515 0.999969 -0.00476596 -0.0550483 0.00870828 0.00470984 0.999951 3.94621
0.999933 -0.00639788 -0.00968845 -0.0418657 0.00634508 0.999965 -0.00547386 -0.073799 0.00972315 0.00541207 0.999939 4.52947
0.999938 -0.00585608 -0.00948387 -0.0481163 0.0057894 0.999959 -0.0070489 -0.0847163 0.00952476 0.00699354 0.99993 5.11797
0.999934 -0.00532911 -0.010259 -0.0593692 0.00522154 0.999931 -0.0104838 -0.0943298 0.0103142 0.0104296 0.999893 5.71586
0.999935 -0.00462898 -0.0104794 -0.0776039 0.00448863 0.999901 -0.0133815 -0.106881 0.0105403 0.0133336 0.999855 6.31823
0.999945 -0.00311799 -0.0100754 -0.0870067 0.00299054 0.999916 -0.0126421 -0.124491 0.010114 0.0126113 0.99987 6.92941
0.999929 -0.00169177 -0.0117768 -0.101743 0.00161447 0.999977 -0.00657779 -0.125328 0.0117877 0.00655826 0.999909 7.59361
0.999934 -0.00112885 -0.0115 -0.113583 0.0011663 0.999994 0.00324019 -0.125503 0.0114963 -0.00325334 0.99993 8.25544
0.999922 -0.000339399 -0.0125269 -0.14206 0.000466841 0.999948 0.0101633 -0.133552 0.0125228 -0.0101684 0.99987 8.93642
0.999917 0.000259074 -0.0129771 -0.155924 -0.00014381 0.999961 0.00887272 -0.152475 0.012979 -0.00887007 0.999877 9.6171
0.999913 0.0036936 -0.0127184 -0.166203 -0.00366149 0.99999 0.0025395 -0.164011 0.0127277 -0.00249276 0.999916 10.2964
0.999896 0.00409716 -0.0139035 -0.178495 -0.00414423 0.999986 -0.00336649 -0.18112 0.0138895 0.00342384 0.999899 11.0237
0.999898 0.00280262 -0.0140494 -0.184611 -0.00283469 0.999994 -0.00227189 -0.195599 0.0140429 0.00231137 0.999899 11.7425
0.999894 0.00103767 -0.0146435 -0.209128 -0.000936873 0.999977 0.0068845 -0.196942 0.0146502 -0.00686993 0.999871 12.5221
0.999907 -6.3259e-05 -0.0136434 -0.21153 0.000239785 0.999916 0.0129194 -0.200369 0.0136414 -0.0129215 0.999823 13.2974
0.999898 -0.00021898 -0.0144058 -0.225914 0.000446203 0.999876 0.0157718 -0.201982 0.0144004 -0.0157765 0.999774 14.1045
0.999898 -0.00248071 -0.0141185 -0.24142 0.0026986 0.999877 0.0154201 -0.204536 0.0140785 -0.0154566 0.999782 14.9152
0.999925 -0.00184734 -0.012273 -0.239614 0.00200553 0.999916 0.0128822 -0.219315 0.012248 -0.0129057 0.999844 15.721
0.999925 -0.000476681 -0.012303 -0.253801 0.000593897 0.999955 0.00950665 -0.191221 0.0122979 -0.00951326 0.99988 16.5878
0.999951 -0.00245885 -0.00980057 -0.250664 0.00251271 0.999983 0.00548275 -0.198952 0.00978659 -0.00550698 0.999939 17.4382
0.999942 -0.00515075 -0.00959277 -0.264043 0.00514693 0.999987 -0.000461764 -0.213796 0.00959497 0.0004122 0.999955 18.3251
0.999971 -0.00358177 -0.00707166 -0.25923 0.00354229 0.99998 -0.00559823 -0.231676 0.00709122 0.00557316 0.999962 19.2045
0.999974 -0.00283215 -0.00690726 -0.265152 0.00278768 0.999975 -0.00649917 -0.232924 0.00692548 0.0064796 0.999956 20.1302
0.999978 -0.00289269 -0.00633452 -0.27265 0.00285157 0.999977 -0.00649871 -0.234241 0.00635285 0.00648067 0.999961 21.0607
0.999992 -0.00212106 -0.00400532 -0.272921 0.00209315 0.999973 -0.00705605 -0.247178 0.00402017 0.00704745 0.999968 21.9859
0.999991 0.00142762 -0.00444963 -0.282416 -0.00146753 0.99996 -0.00899502 -0.272173 0.00443627 0.00900166 0.999952 22.9406
0.999984 0.00530486 -0.00270862 -0.28738 -0.00533276 0.99993 -0.0105632 -0.283191 0.00265242 0.0105773 0.999941 23.8967
0.999965 0.00808682 -0.00288514 -0.297792 -0.00811611 0.999916 -0.0103096 -0.312322 0.00280115 0.010333 0.999945 24.874
0.999959 0.00919024 -0.00129157 -0.301707 -0.00920142 0.999915 -0.00925566 -0.324197 0.00120644 0.009267 0.999957 25.8615
0.99996 0.0090463 -0.00139593 -0.306906 -0.00905809 0.999923 -0.00873455 -0.339126 0.00131639 0.00874716 0.999963 26.8413
0.999956 0.00951402 -0.00165487 -0.315773 -0.00952635 0.999924 -0.00783873 -0.357631 0.00158022 0.00785396 0.999969 27.8433
0.999958 0.00930984 -0.00130668 -0.326666 -0.00931788 0.999938 -0.00631808 -0.370402 0.00124741 0.00633033 0.999982 28.8532
0.999959 0.00913886 -0.00179724 -0.339077 -0.00914748 0.999946 -0.00504776 -0.373004 0.00175111 0.00506383 0.999986 29.8694
0.99997 0.00792988 -0.000873526 -0.355141 -0.00793509 0.999952 -0.00611941 -0.37297 0.000824575 0.00612656 0.999984 30.8961
0.999953 0.00978441 -0.00197186 -0.366222 -0.00979842 0.999925 -0.00740861 -0.382752 0.00189933 0.00742736 0.999971 31.9156
0.999966 0.00817889 -0.00228811 -0.375267 -0.00819506 0.999942 -0.00713626 -0.376025 0.00222924 0.0071552 0.999975 32.946
0.999975 0.00691322 -0.00269357 -0.389919 -0.00692441 0.999967 -0.00433114 -0.386549 0.00266366 0.00434946 0.999987 34.01
0.999967 0.00699371 -0.00441059 -0.406401 -0.0069945 0.999977 -0.000158293 -0.40493 0.00440903 0.000189619 0.999992 35.0645
0.999976 0.00622592 -0.00392713 -0.422108 -0.00621465 0.999977 0.00276457 -0.415345 0.00394441 -0.0027403 0.999989 36.1077
0.999977 0.00545595 -0.00435613 -0.43357 -0.00543702 0.999977 0.00436612 -0.411167 0.00437956 -0.00434187 0.999983 37.1587
0.999979 0.00621587 -0.00297302 -0.456374 -0.00620179 0.999971 0.00456601 -0.410479 0.0030016 -0.00454769 0.999986 38.2084
0.99998 0.00561609 -0.00327529 -0.466733 -0.00560434 0.999979 0.00360722 -0.400275 0.00329522 -0.00358838 0.99999 39.2546
0.999981 0.00590786 -0.0029793 -0.477564 -0.00589283 0.999971 0.00485206 -0.406633 0.00300819 -0.00483477 0.999984 40.3394
0.999978 0.00647003 -0.00225198 -0.4901 -0.00645319 0.999953 0.00740674 -0.428828 0.00229959 -0.00739157 0.999973 41.4282
0.999975 0.00643432 -0.00388984 -0.49502 -0.00639278 0.999925 0.0104739 -0.439055 0.00395717 -0.0104493 0.999938 42.5291
0.999959 0.00891467 -0.00240409 -0.503013 -0.00888814 0.999903 0.0108141 -0.449346 0.00249997 -0.0107918 0.999942 43.5989
0.999942 0.010792 -0.00259245 -0.510672 -0.0107695 0.999908 0.00836894 -0.456179 0.00268273 -0.00834108 0.999963 44.6771
0.999907 0.0137376 -0.000870511 -0.518743 -0.013732 0.999889 0.00612367 -0.451298 0.00095421 -0.00611069 0.999985 45.7739
0.999888 0.0151984 -0.00060395 -0.5266 -0.015194 0.999866 0.00605625 -0.449195 0.000696117 -0.00604689 0.999983 46.849
0.99989 0.0149915 0.000625246 -0.527283 -0.0149967 0.999847 0.00926179 -0.469236 -0.000486592 -0.00926973 0.999961 47.9186
0.999866 0.0162904 0.0028573 -0.53509 -0.0163212 0.999803 0.0112936 -0.48192 -0.00267267 -0.0113392 0.999933 49.001
0.99988 0.0153463 0.00309662 -0.535253 -0.0153832 0.999808 0.0122319 -0.509992 -0.00290863 -0.0122776 0.999925 50.0973
0.99987 0.01577 0.00432484 -0.537193 -0.0158222 0.999798 0.0124136 -0.510171 -0.00412813 -0.0124809 0.999915 51.1717
0.999883 0.0147296 0.00463033 -0.540344 -0.0147801 0.999831 0.0110371 -0.527163 -0.00446732 -0.0111038 0.999933 52.2712
0.999869 0.0155122 0.00543937 -0.546251 -0.0155598 0.99984 0.00889945 -0.510132 -0.00530039 -0.00898334 0.999947 53.3596
0.999892 0.0130536 0.00711935 -0.536099 -0.013109 0.999884 0.00776245 -0.488508 -0.00701755 -0.00785466 0.999949 54.4256
0.999932 0.00991441 0.00680805 -0.538206 -0.00994921 0.999938 0.00517561 -0.480431 -0.0067562 -0.00524331 0.999965 55.5203
0.999928 0.00843146 0.00883391 -0.526374 -0.00845577 0.999961 0.00269729 -0.480402 -0.00881123 -0.00277157 0.999962 56.5792
0.999935 0.00649704 0.00978304 -0.506781 -0.00653142 0.999973 0.00353737 -0.47673 -0.00975965 -0.00360135 0.999948 57.6051
0.999912 0.00447614 0.0127524 -0.500392 -0.00457882 0.999958 0.00801395 -0.489089 -0.0127164 -0.00807145 0.999891 58.6031
0.999928 0.00247898 0.0121486 -0.491274 -0.00264303 0.999906 0.0135475 -0.489645 -0.0121137 -0.0135789 0.999837 59.6917
0.999913 -0.000420455 0.0134165 -0.487024 0.000210756 0.999879 0.0156051 -0.4717 -0.0134218 -0.0156007 0.999793 60.7637
0.999899 -0.00251021 0.014368 -0.475658 0.00230427 0.999896 0.0143659 -0.463881 -0.0144023 -0.0143315 0.999797 61.8022
0.999891 -0.00436451 0.014348 -0.457567 0.00419878 0.999925 0.0115391 -0.453184 -0.0143976 -0.0114775 0.999835 62.8687
0.99988 -0.00290473 0.0155723 -0.452399 0.00275838 0.999954 0.00944449 -0.434229 -0.0155988 -0.00940055 0.999838 63.8982
0.99989 -0.00263781 0.0148311 -0.435802 0.00252255 0.999967 0.00776618 -0.426529 -0.0148514 -0.00772779 0.999865 64.9757
0.999877 -0.000300583 0.0160214 -0.429824 0.000150239 0.999958 0.00941833 -0.417557 -0.0160233 -0.00941488 0.999832 66.0347
0.999838 0.00273107 0.0179768 -0.424168 -0.00297189 0.999907 0.0133697 -0.408844 -0.017939 -0.0134208 0.999755 67.0839
0.999828 0.00401548 0.0183571 -0.41326 -0.00435032 0.999827 0.0182645 -0.40255 -0.0182802 -0.0183413 0.99967 68.1522
0.999789 0.00321264 0.0204622 -0.399329 -0.00363207 0.999784 0.0204828 -0.393749 -0.0203923 -0.0205527 0.999586 69.2202
0.999787 0.00238984 0.0207386 -0.379678 -0.00288093 0.999718 0.0237041 -0.368566 -0.0206758 -0.0237589 0.999509 70.3006
0.999776 0.00151167 0.0212755 -0.361373 -0.00205759 0.999669 0.0256485 -0.353811 -0.0212299 -0.0256864 0.99945 71.3564
0.999792 -0.000544135 0.0206417 -0.341367 -8.11052e-05 0.999544 0.0303018 -0.338008 -0.0206485 -0.0302972 0.999333 72.4392
0.99979 -0.00196134 0.02059 -0.321385 0.00125545 0.999414 0.0342263 -0.311456 -0.0206453 -0.0341931 0.999207 73.5092
0.999772 -0.00333175 0.0213221 -0.305075 0.00258422 0.999387 0.0350124 -0.287695 -0.0214255 -0.0349494 0.999165 74.5657
0.999796 -0.00270613 0.020219 -0.286949 0.00200228 0.999395 0.0347392 -0.269161 -0.0203009 -0.0346916 0.999197 75.6333
0.999793 -0.00110717 0.020578 -0.273746 0.00039988 0.999413 0.0343626 -0.239232 -0.0206037 -0.0343474 0.999204 76.6778
0.99981 -4.24287e-05 0.019682 -0.26182 -0.000691308 0.999306 0.0372595 -0.216652 -0.0196701 -0.037266 0.999117 77.7229
0.99982 0.000933612 0.0192472 -0.247481 -0.0017453 0.999111 0.042219 -0.199883 -0.0191905 -0.0422451 0.99893 78.7609
0.999796 0.00218101 0.0202623 -0.232988 -0.00311752 0.998924 0.0462887 -0.162968 -0.0201398 -0.0463424 0.998728 79.7658
0.999804 0.00283746 0.0198784 -0.216565 -0.00382213 0.998761 0.049695 -0.115464 -0.0197127 -0.0497612 0.998573 80.7642
0.999791 0.00356392 0.0203318 -0.20109 -0.00456163 0.998779 0.0492257 -0.0689374 -0.0201318 -0.0493081 0.998586 81.7944
0.9998 0.00301173 0.0201033 -0.183825 -0.00400008 0.998779 0.0493295 -0.0164999 -0.0199298 -0.0494 0.998587 82.7971
0.999779 0.00279001 0.0210368 -0.169868 -0.00383317 0.998758 0.0496992 0.0319938 -0.0208723 -0.0497688 0.998549 83.7976
0.9998 0.000564908 0.0203087 -0.151712 -0.00161892 0.998652 0.0519456 0.0710741 -0.0202516 -0.0519681 0.99845 84.7863
0.999803 -0.000989796 0.0200571 -0.134205 -0.000112886 0.998494 0.0548878 0.108876 -0.0200815 -0.054879 0.998297 85.7581
0.999793 -0.00160375 0.0205709 -0.122194 0.000409707 0.998324 0.0579401 0.153102 -0.0206289 -0.0579196 0.998115 86.7157
0.999807 -0.00227467 0.0197194 -0.108105 0.00108651 0.998197 0.0600445 0.187146 -0.0198207 -0.0600116 0.998007 87.6418
0.99981 -0.002766 0.0196052 -0.0952877 0.00155992 0.998122 0.061287 0.222825 -0.0197374 -0.0612445 0.997935 88.5064
0.999875 -0.00316098 0.015811 -0.083922 0.00216555 0.998041 0.062568 0.263874 -0.015978 -0.062526 0.997922 89.4347
0.999905 -0.00281554 0.0139555 -0.0794435 0.00192464 0.997985 0.0634687 0.301456 -0.0141055 -0.0634355 0.997894 90.2508
0.999924 -0.00293633 0.0123672 -0.0763358 0.00210798 0.99779 0.0664486 0.341801 -0.0125352 -0.0664176 0.99772 91.0788
0.999958 -0.00224904 0.00955996 -0.0743078 0.00158696 0.997636 0.0687364 0.380566 -0.00969138 -0.068718 0.997597 91.9151
0.999963 -0.00126797 0.00906279 -0.0743021 0.000627429 0.997528 0.0703119 0.406882 -0.00912989 -0.0703037 0.997491 92.6738
0.999981 -0.000924705 0.00708412 -0.0744409 0.000409231 0.997373 0.0724655 0.44185 -0.00713189 -0.0724608 0.997353 93.4155
0.999979 0.000595314 0.00729995 -0.0771895 -0.00112604 0.997341 0.0729038 0.480186 -0.00723762 -0.0729103 0.997319 94.0931
0.999988 0.00274712 0.00551679 -0.0831072 -0.00314327 0.997315 0.0731926 0.516726 -0.00530027 -0.0732087 0.99731 94.7718
0.999983 0.00429405 0.00513697 -0.0910544 -0.00465401 0.99738 0.0722322 0.55054 -0.00481391 -0.0722546 0.997382 95.4256
0.999983 0.00607438 0.0032497 -0.0963996 -0.00628436 0.997586 0.0691932 0.583158 -0.00282082 -0.069212 0.997606 96.072
0.999969 0.00849473 0.00111357 -0.107031 -0.00854936 0.99783 0.0653308 0.612014 -0.000556758 -0.0653381 0.99787 96.7105
0.999958 0.00999821 1.0586e-05 -0.116537 -0.00997726 0.997826 0.0651842 0.639124 0.000641951 -0.065181 0.997882 97.3003
0.999935 0.0119467 -0.000142512 -0.125278 -0.0119125 0.997842 0.0646214 0.664096 0.000913646 -0.0646152 0.997917 97.872
0.999915 0.0135521 0.0013326 -0.133647 -0.0136102 0.99773 0.0659878 0.690138 -0.000434517 -0.0659998 0.997828 98.4404
0.999846 0.0170634 0.00539373 -0.136627 -0.0173894 0.99756 0.0676711 0.710952 -0.00422639 -0.0677542 0.9977 98.9859
0.999753 0.0199231 0.0105942 -0.141743 -0.020608 0.997401 0.0690888 0.734529 -0.0091894 -0.0692895 0.997563 99.5139
0.999616 0.0203843 0.019114 -0.128304 -0.021697 0.997229 0.071201 0.755351 -0.0176102 -0.0715881 0.997286 100.025
0.999411 0.0201824 0.0280587 -0.119062 -0.0222067 0.997027 0.0738303 0.77843 -0.0264843 -0.0744093 0.996885 100.53
0.999007 0.0189962 0.0404602 -0.0916845 -0.0219885 0.996956 0.0748495 0.804112 -0.0389156 -0.0756644 0.996381 101.002
0.9984 0.01824 0.053691 -0.0625862 -0.0222848 0.996882 0.0757386 0.826379 -0.0521412 -0.0768132 0.995691 101.449
0.997453 0.0169154 0.0693788 -0.0269948 -0.0221553 0.996905 0.0754697 0.851594 -0.067888 -0.0768142 0.994739 101.881
0.996097 0.016017 0.086908 0.0178443 -0.0224193 0.997068 0.0732067 0.872258 -0.0854796 -0.0748687 0.993533 102.296
0.994029 0.0154638 0.108067 0.0689876 -0.0230036 0.997363 0.0688766 0.89199 -0.106717 -0.0709509 0.991762 102.703
0.991073 0.0143195 0.132615 0.134458 -0.0231142 0.99762 0.0650233 0.921275 -0.131367 -0.0675076 0.989043 103.115
0.987134 0.0116653 0.159505 0.212419 -0.0219885 0.997767 0.0631096 0.937772 -0.158413 -0.0658043 0.985185 103.501
0.981786 0.00855345 0.189844 0.305497 -0.0207485 0.997843 0.0623468 0.959192 -0.188899 -0.0651497 0.979844 103.888
0.975057 0.00660771 0.221884 0.408977 -0.0205895 0.997943 0.060761 0.973478 -0.221027 -0.0638133 0.973186 104.253
0.966242 0.00475228 0.257629 0.527736 -0.020677 0.998039 0.0591415 0.991608 -0.256841 -0.0624715 0.964444 104.622
0.955546 0.00133777 0.294859 0.658671 -0.0195732 0.998075 0.0589023 1.00551 -0.294213 -0.0620545 0.953731 104.971
0.942351 -0.00043627 0.334654 0.806613 -0.0202103 0.998104 0.0582128 1.01081 -0.334043 -0.0616199 0.940553 105.319
0.927108 0.000136661 0.374811 0.95478 -0.0232008 0.998106 0.0570241 1.02388 -0.374094 -0.0615626 0.925354 105.645
0.908541 0.00267164 0.41781 1.11794 -0.0283463 0.998074 0.0552591 1.04035 -0.416856 -0.0620481 0.906864 105.962
0.887109 0.00144521 0.461572 1.30625 -0.030885 0.997943 0.0562343 1.05658 -0.460541 -0.0641408 0.885327 106.285
0.863935 0.000717701 0.503622 1.49653 -0.0334257 0.99788 0.0559186 1.06859 -0.502512 -0.0651434 0.862125 106.573
0.83704 -0.000883853 0.547153 1.70526 -0.035013 0.997866 0.0551752 1.08134 -0.546034 -0.0653406 0.835221 106.858
0.809226 -0.000402339 0.587515 1.92792 -0.0370182 0.997982 0.0516719 1.08821 -0.586347 -0.0635624 0.807576 107.129
0.777888 0.000782489 0.628414 2.15368 -0.0392082 0.998115 0.0472915 1.0962 -0.627191 -0.0614257 0.776451 107.382
0.74468 0.00531676 0.667416 2.3932 -0.0443192 0.998159 0.0414988 1.10416 -0.665964 -0.0604822 0.743543 107.628
0.70766 0.0108794 0.706479 2.6541 -0.0506198 0.998096 0.0353345 1.11324 -0.704748 -0.0607658 0.706863 107.874
0.668139 0.0156008 0.743887 2.91603 -0.0576382 0.997865 0.0308423 1.12619 -0.741815 -0.0634829 0.66761 108.101
0.625766 0.0148376 0.779879 3.20529 -0.0595152 0.997816 0.0287707 1.13963 -0.777748 -0.0644176 0.625282 108.303
0.581755 0.0119066 0.81329 3.51116 -0.059439 0.997846 0.0279092 1.14616 -0.811202 -0.064577 0.581209 108.504
0.535567 0.00953671 0.844447 3.82891 -0.0613298 0.997738 0.0276292 1.16093 -0.842272 -0.0665862 0.534941 108.673
0.486318 0.00766877 0.873761 4.16748 -0.0645984 0.997545 0.0271993 1.16473 -0.871403 -0.0696706 0.485618 108.847
0.437368 0.00578715 0.899273 4.51048 -0.0659688 0.997495 0.0256656 1.16997 -0.896869 -0.0705483 0.436654 108.987
0.384273 0.00103482 0.923231 4.88095 -0.0671717 0.997385 0.026841 1.16437 -0.920785 -0.0723289 0.383337 109.116
0.332429 -8.31716e-05 0.943136 5.24454 -0.0707172 0.997187 0.0250142 1.18016 -0.940482 -0.0750107 0.331489 109.229
0.279797 0.00340603 0.960065 5.61755 -0.0761489 0.996926 0.0186558 1.186 -0.957047 -0.0783273 0.279195 109.33
0.227844 0.00710794 0.973679 6.00547 -0.0800432 0.996729 0.0114548 1.19347 -0.970411 -0.0805456 0.227669 109.397
0.180241 0.00878657 0.983595 6.38648 -0.0806342 0.996731 0.00587219 1.20573 -0.980324 -0.0803692 0.18036 109.452
0.137543 0.00846038 0.990467 6.81191 -0.0753644 0.997158 0.00194877 1.21158 -0.987634 -0.0749132 0.137792 109.488
0.101787 0.008033 0.994786 7.21837 -0.0683396 0.997666 -0.00106359 1.2087 -0.992469 -0.0678744 0.102099 109.5
0.0692315 0.00902922 0.997567 7.65269 -0.0654958 0.997847 -0.00448559 1.19828 -0.995457 -0.0650252 0.0696756 109.516
0.0408829 0.00759684 0.999147 8.08679 -0.0680954 0.997672 -0.0047993 1.21009 -0.996853 -0.0678404 0.0413053 109.535
0.01504 0.0034845 0.999888 8.54293 -0.0731973 0.997319 -0.00237377 1.22728 -0.997213 -0.0731527 0.0152567 109.559
-0.00955109 -0.00042202 0.999967 9.02845 -0.0777507 0.996977 -0.000321849 1.2376 -0.996941 -0.0777504 -0.0095546 109.563
-0.0324167 -0.00295422 0.999477 9.51097 -0.0755334 0.997147 0.000498265 1.23904 -0.996625 -0.0754772 -0.0325452 109.546
-0.0524251 -0.00350708 0.998631 10.0209 -0.0703204 0.997529 -0.000188425 1.24362 -0.996159 -0.0702332 -0.0525416 109.509
-0.0709172 -0.000756327 0.997489 10.5387 -0.0649126 0.997888 -0.00385759 1.2435 -0.995377 -0.0650225 -0.0708141 109.457
-0.084547 0.00351385 0.996425 11.0464 -0.0649265 0.997853 -0.00902801 1.23531 -0.994316 -0.0654569 -0.0841367 109.422
-0.0959895 0.00731408 0.995363 11.6197 -0.0677255 0.997612 -0.0138611 1.22462 -0.993085 -0.0687412 -0.0952627 109.38
-0.102604 0.00839851 0.994699 12.2366 -0.0648901 0.997782 -0.0151181 1.20049 -0.992617 -0.0660965 -0.101831 109.316
-0.106453 0.00459309 0.994315 12.8687 -0.0588101 0.998214 -0.0109067 1.17891 -0.992586 -0.059636 -0.10599 109.24
-0.106365 0.00282215 0.994335 13.5045 -0.0584623 0.998253 -0.00908718 1.17149 -0.99262 -0.059097 -0.106013 109.169
-0.104216 0.00181374 0.994561 14.1402 -0.0589707 0.998232 -0.00799897 1.16245 -0.992814 -0.0594827 -0.103922 109.107
-0.103117 0.00225257 0.994679 14.8102 -0.0625329 0.998009 -0.0087429 1.1573 -0.992715 -0.0631009 -0.10277 109.049
-0.101217 0.00350975 0.994866 15.473 -0.0643681 0.99788 -0.0100684 1.1419 -0.992789 -0.0650559 -0.100774 108.986
-0.0999863 0.00365028 0.994995 16.2054 -0.0644857 0.997871 -0.0101411 1.125 -0.992911 -0.065176 -0.0995374 108.914
-0.0992539 0.00331315 0.995065 16.924 -0.0644132 0.99788 -0.00974675 1.09382 -0.992985 -0.0650618 -0.0988278 108.841
-0.0969485 0.00152191 0.995301 17.639 -0.0674386 0.997695 -0.00809464 1.05434 -0.993016 -0.0679055 -0.0966217 108.783
-0.0972309 -0.000638758 0.99527 18.3501 -0.0675102 0.997705 -0.00595416 1.03488 -0.992979 -0.0677689 -0.0970486 108.722
-0.0975903 -0.00358164 0.995232 19.1171 -0.0684316 0.997655 -0.00312002 1.0068 -0.992885 -0.0684088 -0.0976059 108.654
-0.0974615 -0.00549268 0.995233 19.8729 -0.0708266 0.997492 -0.00142999 1.00097 -0.992726 -0.0706274 -0.0976039 108.589
-0.0983027 -0.00635921 0.995148 20.6671 -0.0729477 0.997339 -0.000832785 1.00098 -0.992493 -0.0726744 -0.0985043 108.513
-0.0985728 -0.0094187 0.995094 21.4317 -0.0699215 0.997554 0.00251639 1.00174 -0.992681 -0.0693295 -0.098988 108.432
-0.100781 -0.0116667 0.994853 22.1857 -0.0694789 0.997576 0.00466017 0.99027 -0.992494 -0.0686504 -0.101346 108.352
-0.101523 -0.0126227 0.994762 22.9707 -0.0705099 0.9975 0.00546221 0.992615 -0.992342 -0.0695851 -0.102157 108.28
-0.102799 -0.0102242 0.994662 23.7587 -0.0722346 0.997388 0.00278666 0.994187 -0.99209 -0.0715613 -0.103268 108.21
-0.104508 -0.0065672 0.994512 24.5801 -0.0732396 0.997318 -0.00110966 0.99247 -0.991836 -0.0729524 -0.104706 108.128
-0.104913 -0.00611045 0.994475 25.3716 -0.07229 0.997387 -0.00149807 1.00364 -0.991865 -0.0720466 -0.10508 108.048
-0.107052 -0.00893745 0.994225 26.2077 -0.0756845 0.997138 0.000815353 1.01283 -0.991381 -0.0751589 -0.107419 107.967
-0.107237 -0.014085 0.994147 26.9717 -0.0785639 0.996898 0.00564942 1.02271 -0.99114 -0.0774971 -0.10801 107.896
-0.109042 -0.0199872 0.993848 27.779 -0.0799312 0.996743 0.0112765 1.03051 -0.990831 -0.0782087 -0.110282 107.821
-0.108608 -0.0261729 0.993753 28.5956 -0.0843959 0.996292 0.017016 1.03732 -0.990511 -0.0820194 -0.110413 107.749
-0.109305 -0.0285498 0.993611 29.434 -0.0861194 0.996108 0.0191486 1.04966 -0.990284 -0.0834748 -0.111336 107.66
-0.109146 -0.0218785 0.993798 30.2503 -0.083517 0.996429 0.0127641 1.0487 -0.990527 -0.0816047 -0.110582 107.57
-0.107511 -0.0127878 0.994134 31.0552 -0.0810815 0.996706 0.00405322 1.05923 -0.990905 -0.0801689 -0.108191 107.484
-0.10748 -0.00872393 0.994182 31.86 -0.0810233 0.996717 -1.32045e-05 1.06241 -0.990916 -0.0805521 -0.107834 107.396
-0.104631 -0.0140005 0.994425 32.6473 -0.0796865 0.996811 0.00565055 1.06698 -0.991327 -0.0786498 -0.10541 107.314
-0.1032 -0.0220209 0.99443 33.4395 -0.0773472 0.99691 0.0140489 1.06539 -0.991665 -0.0754653 -0.104583 107.228
-0.103252 -0.0275217 0.994287 34.2298 -0.07813 0.99676 0.0194775 1.06034 -0.991595 -0.0756713 -0.105065 107.147
-0.10202 -0.0282276 0.994395 35.0181 -0.0805886 0.996551 0.0200209 1.05956 -0.991528 -0.0780931 -0.103942 107.071
-0.104237 -0.0295194 0.994127 35.8053 -0.0835212 0.996295 0.0208271 1.05889 -0.991053 -0.0808584 -0.106314 106.997
-0.104875 -0.0318623 0.993988 36.5628 -0.085934 0.996044 0.0228614 1.05945 -0.990782 -0.0830185 -0.107197 106.93
-0.108062 -0.0341371 0.993571 37.3588 -0.0858425 0.996004 0.0248852 1.05966 -0.990445 -0.0826002 -0.110559 106.845
-0.108878 -0.0359089 0.99342 38.1243 -0.0856972 0.995971 0.0266089 1.05791 -0.99037 -0.0822348 -0.111516 106.775
-0.110887 -0.0373694 0.993143 38.862 -0.0864019 0.995878 0.0278261 1.06973 -0.990084 -0.0827226 -0.113656 106.698
-0.113969 -0.0392608 0.992723 39.6436 -0.0868507 0.995792 0.0294115 1.08028 -0.989698 -0.0828652 -0.116898 106.616
-0.11591 -0.0417569 0.992395 40.3958 -0.0847243 0.995897 0.0320093 1.07625 -0.989654 -0.0803685 -0.11897 106.531
-0.118521 -0.0429301 0.992037 41.1377 -0.0850186 0.99584 0.0329374 1.08613 -0.989322 -0.0804364 -0.121677 106.448
-0.119612 -0.0440269 0.991858 41.8698 -0.0851793 0.995795 0.0339302 1.08093 -0.989174 -0.0804259 -0.122857 106.367
-0.120093 -0.0450637 0.991754 42.5921 -0.0832051 0.995917 0.0351776 1.08701 -0.989288 -0.0782929 -0.123351 106.281
-0.1205 -0.0482329 0.991555 43.3149 -0.0798959 0.996057 0.0387432 1.08678 -0.989508 -0.0745514 -0.123876 106.192
-0.122538 -0.0499524 0.991221 44.027 -0.079573 0.996017 0.0403572 1.09598 -0.989286 -0.0739277 -0.126023 106.105
-0.125181 -0.0523818 0.990765 44.765 -0.0802924 0.995872 0.0425077 1.09834 -0.988894 -0.0742283 -0.128868 106.021
-0.126334 -0.0528723 0.990592 45.4623 -0.0815175 0.99576 0.042752 1.11242 -0.988651 -0.0753481 -0.130108 105.938
-0.128725 -0.0550647 0.990165 46.1584 -0.0827783 0.995577 0.0446048 1.13675 -0.988234 -0.076221 -0.132712 105.857
-0.128093 -0.0559628 0.990196 46.8324 -0.0820148 0.99559 0.0456582 1.15796 -0.988383 -0.0753607 -0.132117 105.771
-0.129862 -0.0553454 0.989998 47.5183 -0.082274 0.995604 0.0448673 1.18155 -0.988127 -0.0756233 -0.133842 105.688
-0.129028 -0.0556138 0.990095 48.187 -0.083437 0.9955 0.0450442 1.2038 -0.988143 -0.076797 -0.133086 105.604
-0.129368 -0.0540548 0.990134 48.8518 -0.0838411 0.995539 0.0433961 1.23305 -0.98806 -0.0773986 -0.133321 105.517
-0.131419 -0.0542336 0.989857 49.5236 -0.0824835 0.995643 0.0436 1.24719 -0.987908 -0.0759154 -0.135318 105.432
-0.132125 -0.055516 0.989689 50.2108 -0.0804826 0.99574 0.0451115 1.26889 -0.987974 -0.0736911 -0.136028 105.341
-0.135743 -0.0579123 0.989065 50.8753 -0.0788274 0.995762 0.047486 1.27651 -0.987622 -0.0715178 -0.139731 105.254
-0.13657 -0.0585228 0.988912 51.5477 -0.082443 0.995468 0.0475259 1.30287 -0.987208 -0.075037 -0.140773 105.173
-0.138663 -0.059324 0.988576 52.1906 -0.0842536 0.995297 0.0479096 1.31665 -0.986768 -0.0766461 -0.143008 105.087
-0.139272 -0.0620199 0.988323 52.8397 -0.084574 0.995141 0.0505304 1.33905 -0.98665 -0.0765476 -0.143838 104.996
-0.141344 -0.0638467 0.987914 53.4945 -0.0855766 0.994975 0.0520594 1.35828 -0.986274 -0.0771822 -0.146096 104.897
-0.145271 -0.0654689 0.987236 54.1681 -0.0901694 0.994538 0.0526854 1.36631 -0.985289 -0.0813635 -0.150378 104.808
-0.148882 -0.0647024 0.986751 54.8488 -0.0960893 0.994086 0.0506854 1.39065 -0.984194 -0.0872681 -0.154217 104.725
-0.154599 -0.0623693 0.986018 55.4822 -0.0948794 0.994336 0.0480196 1.39862 -0.983425 -0.0861278 -0.159638 104.624
-0.161614 -0.0586212 0.985127 56.1002 -0.0927249 0.994726 0.0439805 1.42621 -0.982508 -0.0842361 -0.166195 104.521
-0.168807 -0.0558477 0.984078 56.7189 -0.0930534 0.994844 0.0404969 1.45313 -0.981261 -0.0847344 -0.173131 104.412
-0.176416 -0.0559138 0.982741 57.342 -0.0961809 0.994593 0.0393222 1.47505 -0.979625 -0.0875821 -0.180838 104.322
-0.181367 -0.0571966 0.981763 58.0054 -0.0961641 0.99456 0.0401778 1.49326 -0.978717 -0.0871221 -0.185878 104.201
-0.185673 -0.0581558 0.980904 58.648 -0.0982034 0.994353 0.0403646 1.51145 -0.977711 -0.0888316 -0.190334 104.085
-0.189184 -0.0595135 0.980148 59.2915 -0.101104 0.994043 0.040843 1.53722 -0.976737 -0.0913688 -0.194072 103.97
-0.194045 -0.0636804 0.978939 59.9275 -0.101925 0.993805 0.0444441 1.55991 -0.975703 -0.0911526 -0.199331 103.848
-0.196795 -0.0680638 0.978091 60.6237 -0.101119 0.993683 0.0488038 1.58541 -0.97523 -0.0892982 -0.202431 103.714
-0.199976 -0.0711765 0.977227 61.3101 -0.101978 0.993459 0.0514906 1.60807 -0.974499 -0.0893568 -0.205924 103.572
-0.201027 -0.072351 0.976922 61.9767 -0.103104 0.993298 0.052348 1.64711 -0.974159 -0.0901999 -0.207136 103.438
-0.202801 -0.0711999 0.976643 62.6626 -0.102695 0.993405 0.0510973 1.68309 -0.973839 -0.0899321 -0.208774 103.297
-0.205189 -0.0662637 0.976489 63.3614 -0.0950542 0.994344 0.0475021 1.70738 -0.97411 -0.0830713 -0.210324 103.143
-0.207066 -0.0637499 0.976263 64.0985 -0.0892328 0.994952 0.0460442 1.72687 -0.974268 -0.0775785 -0.211708 102.978
-0.210127 -0.0617575 0.975734 64.8258 -0.087314 0.995206 0.044187 1.75277 -0.973781 -0.0759092 -0.21451 102.823
-0.20969 -0.0642911 0.975667 65.5206 -0.0916273 0.994743 0.045856 1.79308 -0.973485 -0.0797802 -0.214477 102.677
-0.211306 -0.0695709 0.974953 66.2534 -0.0916417 0.994486 0.0511032 1.82947 -0.973128 -0.0785469 -0.216513 102.517
-0.212533 -0.0739114 0.97437 66.9812 -0.0901054 0.994375 0.0557753 1.87125 -0.973011 -0.07594 -0.217996 102.352
-0.214706 -0.0751199 0.973798 67.6812 -0.0879837 0.994478 0.0573166 1.8931 -0.972722 -0.0733711 -0.220126 102.199
-0.216286 -0.0758309 0.973396 68.3984 -0.0922338 0.994113 0.0569511 1.92973 -0.971984 -0.0774603 -0.222005 102.046
-0.218332 -0.076436 0.972889 69.1004 -0.0912739 0.994163 0.0576245 1.94025 -0.971611 -0.076217 -0.224031 101.89
-0.22148 -0.0778623 0.972067 69.813 -0.0933566 0.993928 0.0583429 1.97612 -0.970707 -0.0778249 -0.227402 101.73
-0.222675 -0.0792583 0.971678 70.5251 -0.0948732 0.993727 0.0593155 2.01395 -0.97028 -0.078977 -0.228795 101.57
-0.224263 -0.0798013 0.971272 71.2277 -0.0958617 0.993621 0.0595036 2.0264 -0.969824 -0.0797612 -0.230481 101.42
-0.226025 -0.0805972 0.970794 71.9357 -0.0983015 0.993378 0.0595854 2.05956 -0.969163 -0.0819616 -0.232449 101.271
-0.226913 -0.0804859 0.9706 72.645 -0.101865 0.993081 0.0585359 2.10046 -0.968595 -0.0855849 -0.233539 101.117
-0.227738 -0.0806854 0.970387 73.3718 -0.102296 0.993035 0.0585612 2.13309 -0.968349 -0.0859293 -0.234403 100.95
-0.228433 -0.0809476 0.970206 74.071 -0.10287 0.992972 0.0586269 2.15829 -0.968131 -0.0864102 -0.235152 100.777
-0.230457 -0.0830327 0.969546 74.7955 -0.103724 0.992779 0.0603678 2.19251 -0.967554 -0.0866523 -0.237402 100.623
-0.230132 -0.0843038 0.969518 75.5446 -0.105589 0.992529 0.0612416 2.21313 -0.967436 -0.0882745 -0.237312 100.425
-0.231083 -0.0860848 0.969131 76.2725 -0.109602 0.992047 0.061987 2.26765 -0.966756 -0.0918934 -0.238677 100.267
-0.233775 -0.0864413 0.968457 77.0099 -0.109869 0.992016 0.0620231 2.30617 -0.966085 -0.0919012 -0.241404 100.103
-0.23463 -0.0867078 0.968224 77.7657 -0.110155 0.991976 0.0621415 2.34985 -0.965839 -0.0920735 -0.242296 99.918
-0.237079 -0.0873395 0.967573 78.53 -0.112885 0.991687 0.0618568 2.39024 -0.964931 -0.0945571 -0.244965 99.7154
-0.237172 -0.0853472 0.967726 79.2873 -0.113096 0.991792 0.0597526 2.42539 -0.964878 -0.0952731 -0.244875 99.5218
-0.238903 -0.0832967 0.967482 80.0548 -0.114056 0.991831 0.0572289 2.45918 -0.964343 -0.0966727 -0.24645 99.3279
-0.238224 -0.0808303 0.967855 80.8495 -0.114263 0.991949 0.0547191 2.49654 -0.964481 -0.0975534 -0.245539 99.1312
-0.23821 -0.0795004 0.967972 81.6395 -0.113157 0.992135 0.053638 2.54025 -0.964621 -0.0967532 -0.24533 98.9373
-0.238489 -0.0798604 0.967871 82.4411 -0.11051 0.992377 0.0546529 2.57872 -0.964853 -0.093924 -0.245494 98.7321
-0.236251 -0.0810326 0.968325 83.2309 -0.109672 0.99238 0.056288 2.60959 -0.965505 -0.0928977 -0.243335 98.5145
-0.236565 -0.0831034 0.96807 84.045 -0.110389 0.992189 0.0581992 2.64437 -0.96534 -0.0930952 -0.243889 98.3142
-0.233683 -0.0847029 0.968634 84.85 -0.11032 0.992083 0.0601388 2.6863 -0.966057 -0.0928037 -0.241174 98.1143
-0.233538 -0.0876044 0.968408 85.6769 -0.11019 0.991908 0.063158 2.73205 -0.9661 -0.0919575 -0.241299 97.9084
-0.231281 -0.0901905 0.968715 86.5051 -0.110381 0.991705 0.0659774 2.77649 -0.966628 -0.0916663 -0.239314 97.7083
-0.230681 -0.0910135 0.968779 87.3141 -0.112111 0.991478 0.0664515 2.81393 -0.966566 -0.0932802 -0.238916 97.515
-0.230006 -0.0880195 0.969218 88.1435 -0.111046 0.991778 0.0637159 2.85733 -0.966856 -0.0929708 -0.237886 97.3171
-0.22823 -0.0836892 0.970019 88.942 -0.110098 0.992133 0.0596938 2.91477 -0.967379 -0.0931712 -0.235646 97.1202
-0.228087 -0.081042 0.97028 89.7797 -0.112782 0.992029 0.0563466 2.95977 -0.96711 -0.0965755 -0.235406 96.9252
-0.226024 -0.0816717 0.970707 90.6021 -0.11311 0.991946 0.0571224 3.0082 -0.967549 -0.0968843 -0.233439 96.7362
-0.226245 -0.0847481 0.970395 91.4401 -0.111813 0.991891 0.0605566 3.03923 -0.967655 -0.0947997 -0.233884 96.5383
-0.225159 -0.0849268 0.970629 92.2661 -0.109287 0.992115 0.0614561 3.07266 -0.96819 -0.092238 -0.232663 96.3479
-0.224383 -0.0856319 0.970749 93.1036 -0.110134 0.991986 0.0620488 3.10754 -0.968281 -0.0929869 -0.232013 96.1594
-0.224657 -0.0857284 0.970675 93.9366 -0.110062 0.991987 0.0621382 3.15031 -0.968219 -0.092873 -0.232289 95.965
-0.22411 -0.086222 0.970761 94.763 -0.107181 0.992225 0.0633848 3.19766 -0.968675 -0.0898394 -0.231607 95.7742
-0.224026 -0.0871523 0.970694 95.5945 -0.103317 0.992511 0.0652675 3.24271 -0.969108 -0.0856656 -0.23135 95.5777
-0.223008 -0.0870366 0.970942 96.4071 -0.104017 0.992452 0.0650743 3.28702 -0.969274 -0.0864795 -0.230376 95.3881
-0.223654 -0.0854805 0.970928 97.2209 -0.10245 0.992696 0.0637983 3.33306 -0.969286 -0.085201 -0.230775 95.1978
-0.221865 -0.0856234 0.971329 97.9905 -0.105426 0.992412 0.0634013 3.36905 -0.969385 -0.088334 -0.229206 95.0218
-0.220648 -0.0898744 0.971219 98.7794 -0.108699 0.991815 0.0670861 3.42648 -0.969295 -0.0907661 -0.228609 94.8419
-0.220481 -0.0928515 0.970981 99.5811 -0.113334 0.991163 0.0690469 3.48062 -0.968808 -0.0948192 -0.229053 94.6632
-0.220477 -0.0921273 0.971047 100.371 -0.116529 0.990894 0.0675531 3.53502 -0.968424 -0.0982592 -0.229202 94.4864
-0.221551 -0.089839 0.971021 101.163 -0.120388 0.990658 0.064188 3.58945 -0.967713 -0.102676 -0.230294 94.312
-0.221439 -0.0883392 0.971181 101.968 -0.121994 0.990581 0.0622888 3.63489 -0.967531 -0.104683 -0.230128 94.1295
-0.221241 -0.0875042 0.971304 102.777 -0.121228 0.990717 0.0616402 3.67288 -0.967679 -0.10411 -0.229792 93.9476
-0.221762 -0.0873451 0.971197 103.54 -0.119869 0.990874 0.0617449 3.71278 -0.967722 -0.102721 -0.230206 93.7707
-0.221559 -0.0873311 0.971248 104.316 -0.118747 0.990994 0.0620185 3.75528 -0.967914 -0.101589 -0.229931 93.5907
-0.221764 -0.0857327 0.971341 105.071 -0.117672 0.991207 0.0606217 3.78691 -0.967992 -0.100854 -0.2299 93.4178
-0.220401 -0.0860093 0.971629 105.76 -0.116975 0.991255 0.0612126 3.82368 -0.968394 -0.100162 -0.228532 93.2609
-0.221953 -0.0869155 0.971194 106.546 -0.11773 0.991128 0.061795 3.86787 -0.967944 -0.100621 -0.230213 93.0789
-0.222612 -0.0884588 0.970905 107.267 -0.11802 0.991004 0.0632303 3.90238 -0.967762 -0.100507 -0.231047 92.9202
-0.224741 -0.0871647 0.970531 108.018 -0.11772 0.991132 0.0617563 3.93043 -0.967302 -0.10037 -0.233006 92.7521
-0.227951 -0.085752 0.969909 108.783 -0.118683 0.991142 0.0597362 3.95459 -0.966437 -0.101492 -0.236106 92.5735
-0.230453 -0.0850242 0.96938 109.544 -0.119541 0.991111 0.0585126 3.99107 -0.965733 -0.102394 -0.238565 92.3957
-0.234268 -0.0851676 0.968454 110.312 -0.119226 0.991161 0.0583242 4.0297 -0.964859 -0.101798 -0.242348 92.2083
-0.236694 -0.0859334 0.967795 111.07 -0.118512 0.991204 0.0590285 4.06241 -0.96435 -0.100722 -0.244793 92.0223
-0.240166 -0.0857833 0.966954 111.828 -0.117342 0.991357 0.0588038 4.09646 -0.963639 -0.0993391 -0.248153 91.8323
-0.241557 -0.0829657 0.966852 112.589 -0.120255 0.991225 0.0550138 4.13686 -0.962927 -0.102978 -0.249411 91.6515
-0.243716 -0.0760719 0.966879 113.357 -0.120714 0.991554 0.0475858 4.17368 -0.96233 -0.105116 -0.250838 91.4704
-0.247346 -0.0733898 0.966163 114.103 -0.117438 0.992054 0.0452926 4.21021 -0.961805 -0.102259 -0.253996 91.2822
-0.249513 -0.0754884 0.965445 114.84 -0.116014 0.992115 0.047591 4.24213 -0.961422 -0.100128 -0.2563 91.0953
-0.252899 -0.0820384 0.964027 115.585 -0.116524 0.991735 0.0538293 4.27924 -0.960471 -0.0987164 -0.260365 90.9129
-0.254198 -0.0837838 0.963537 116.338 -0.11719 0.991577 0.0553055 4.31631 -0.960051 -0.0988554 -0.261873 90.7306
-0.256203 -0.0823256 0.96313 117.088 -0.118854 0.991496 0.0531351 4.35621 -0.959309 -0.100856 -0.263806 90.5259
-0.257949 -0.0801229 0.962851 117.826 -0.121308 0.991363 0.0499971 4.38348 -0.958537 -0.103902 -0.265439 90.3308
-0.260544 -0.0775084 0.962365 118.555 -0.121156 0.991525 0.0470572 4.41608 -0.957851 -0.104333 -0.267723 90.1211
-0.262868 -0.0743611 0.961983 119.28 -0.118293 0.991996 0.044357 4.42904 -0.957578 -0.102133 -0.269558 89.9142
-0.264364 -0.0700566 0.961894 120.011 -0.118307 0.992188 0.039749 4.45369 -0.95716 -0.103289 -0.270584 89.7048
-0.266736 -0.0691002 0.961311 120.739 -0.120068 0.992047 0.0379944 4.48626 -0.956287 -0.105285 -0.272909 89.4983
-0.268708 -0.0708184 0.960634 121.471 -0.119079 0.992093 0.0398301 4.51109 -0.955854 -0.103687 -0.275013 89.2945
-0.272642 -0.0733875 0.959334 122.208 -0.116817 0.992244 0.042706 4.52908 -0.955023 -0.10042 -0.279098 89.0805
-0.277377 -0.0753837 0.957818 122.936 -0.117239 0.99213 0.0441339 4.54695 -0.953603 -0.10005 -0.284028 88.8639
-0.283199 -0.076115 0.956058 123.664 -0.117165 0.992134 0.0442815 4.56861 -0.951904 -0.0994729 -0.289886 88.6459
-0.291588 -0.0759717 0.953542 124.388 -0.118603 0.992027 0.0427713 4.59413 -0.949184 -0.100619 -0.298271 88.4294
-0.300853 -0.0752512 0.95072 125.111 -0.119568 0.992001 0.0406822 4.62673 -0.946172 -0.101433 -0.307441 88.208
-0.312702 -0.0747603 0.946924 125.833 -0.12004 0.992022 0.0386815 4.64967 -0.942258 -0.101571 -0.319178 87.9762
-0.324697 -0.0737946 0.942958 126.519 -0.120061 0.992111 0.0363001 4.67454 -0.938194 -0.101422 -0.330993 87.7516
-0.337261 -0.0739519 0.938522 127.203 -0.118472 0.992325 0.0356197 4.69668 -0.933949 -0.0991731 -0.343431 87.5063
-0.348241 -0.0739732 0.934505 127.887 -0.117518 0.99247 0.0347691 4.71988 -0.930037 -0.0977102 -0.354309 87.2505
-0.358509 -0.0733201 0.930663 128.564 -0.114639 0.99283 0.0340581 4.736 -0.926483 -0.0944782 -0.36434 86.9853
-0.36767 -0.0718839 0.927198 129.216 -0.109749 0.993404 0.0334972 4.75132 -0.923485 -0.0894402 -0.373131 86.6983
-0.37441 -0.0711683 0.924549 129.878 -0.107422 0.993674 0.0329887 4.76569 -0.921043 -0.0869635 -0.379682 86.4152
-0.379988 -0.0712494 0.922267 130.527 -0.109802 0.993463 0.03151 4.79801 -0.918479 -0.0892901 -0.385324 86.14
-0.384659 -0.0727522 0.920208 131.18 -0.106804 0.993709 0.0339194 4.81463 -0.916882 -0.0852319 -0.390006 85.8581
-0.387499 -0.0737423 0.918941 131.846 -0.102469 0.994073 0.0365631 4.83186 -0.916186 -0.0799911 -0.392755 85.5614
-0.388102 -0.0747468 0.918602 132.494 -0.100006 0.994244 0.0386513 4.84239 -0.916198 -0.0768631 -0.393339 85.2746
-0.389157 -0.0751244 0.918128 133.138 -0.0981981 0.994382 0.0397422 4.86303 -0.915951 -0.0746891 -0.394344 84.9955
-0.389406 -0.0723334 0.918243 133.78 -0.0972379 0.994577 0.0371117 4.87855 -0.915943 -0.0748341 -0.394324 84.7251
-0.387595 -0.069423 0.919237 134.42 -0.0993716 0.994506 0.033208 4.89819 -0.916486 -0.0784714 -0.392361 84.4437
-0.387317 -0.0695259 0.919343 135.052 -0.0976951 0.994641 0.0340632 4.91909 -0.91678 -0.0766197 -0.39203 84.1797
-0.385302 -0.0711912 0.920065 135.683 -0.0974159 0.994596 0.0361631 4.9407 -0.917663 -0.0756918 -0.390151 83.8976
-0.38385 -0.0717448 0.920626 136.307 -0.0948187 0.994778 0.0379907 4.95538 -0.918538 -0.0727074 -0.388645 83.6388
-0.381074 -0.0724018 0.92173 136.949 -0.0952614 0.994707 0.0387505 4.9734 -0.919653 -0.073035 -0.385951 83.3733
-0.379597 -0.0703973 0.922492 137.556 -0.0942754 0.994862 0.037128 4.98737 -0.92036 -0.0728722 -0.38428 83.1248
-0.375623 -0.0691324 0.924216 138.184 -0.0930321 0.994999 0.0366173 5.01887 -0.92212 -0.0722239 -0.380172 82.8649
-0.370675 -0.0696181 0.926172 138.791 -0.0928904 0.994974 0.0376143 5.02645 -0.924129 -0.0720874 -0.375276 82.6148
-0.366982 -0.070987 0.927541 139.378 -0.0922593 0.994954 0.0396447 5.04479 -0.925671 -0.0710218 -0.371676 82.3794
-0.362153 -0.0734763 0.929241 139.997 -0.0911582 0.99491 0.0431432 5.06292 -0.927674 -0.069081 -0.367005 82.1394
-0.358311 -0.0728242 0.930783 140.595 -0.0900346 0.99501 0.0431908 5.09936 -0.92928 -0.0683233 -0.363077 81.912
-0.355372 -0.0740924 0.931807 141.197 -0.0897161 0.994964 0.0448999 5.10803 -0.930433 -0.0676395 -0.360226 81.6952
-0.350627 -0.0757905 0.933469 141.808 -0.0873336 0.995032 0.0479857 5.1326 -0.932464 -0.0646946 -0.3555 81.4545
-0.347922 -0.0771627 0.934365 142.389 -0.0860066 0.99504 0.0501493 5.14568 -0.933593 -0.0629111 -0.35283 81.2374
-0.34494 -0.0784283 0.935368 142.999 -0.0872139 0.994879 0.0512567 5.1689 -0.934594 -0.0638931 -0.35001 81.0066
-0.341407 -0.0774588 0.936741 143.588 -0.0872708 0.994914 0.0504637 5.18756 -0.935878 -0.0645189 -0.346428 80.7769
-0.338143 -0.0758335 0.93806 144.148 -0.0874779 0.994975 0.0489021 5.2038 -0.937051 -0.0655201 -0.343073 80.5636
-0.332696 -0.0732181 0.94021 144.723 -0.0858735 0.9952 0.0471154 5.22377 -0.939139 -0.0650616 -0.337384 80.3321
-0.327198 -0.0722258 0.942218 145.27 -0.0882718 0.99506 0.0456238 5.24683 -0.940854 -0.0682396 -0.331954 80.151
-0.318811 -0.0731164 0.945017 145.81 -0.0901047 0.994851 0.046576 5.27768 -0.943548 -0.070299 -0.323755 79.968
-0.30839 -0.0738966 0.948412 146.353 -0.089831 0.994794 0.0483015 5.28915 -0.947039 -0.0702974 -0.31342 79.7921
-0.29628 -0.0764487 0.95206 146.913 -0.0897547 0.994618 0.0519361 5.30889 -0.950897 -0.0700617 -0.301544 79.619
-0.283279 -0.0771992 0.955952 147.469 -0.0878609 0.994661 0.0542902 5.33975 -0.955034 -0.0686078 -0.288547 79.4643
