0.999993 -0.00263088 -0.00299083 -0.00465623 0.00262495 0.999996 -0.00193457 0.00289183 0.00299593 0.00192674 0.999994 0.695036
0.999974 -0.00199337 -0.00689014 -0.0209934 0.00196954 0.999992 -0.00346001 0.00148036 0.00689701 0.0034463 0.99997 1.41509
0.999942 -0.00177438 -0.0106856 -0.0329069 0.00172455 0.999989 -0.00464853 -0.00420389 0.0106937 0.0046299 0.999933 2.15107
0.999881 -0.000757799 -0.0154501 -0.0473835 0.000673875 0.999985 -0.00543691 0.00530562 0.015454 0.00542573 0.999866 2.91421
0.999798 -0.00209912 -0.0200193 -0.0701068 0.00198134 0.999982 -0.0058865 -0.0108937 0.0200312 0.00584568 0.999783 3.66954
0.999697 -0.000477351 -0.0246585 -0.0965611 0.000303855 0.999975 -0.0070397 -0.0103618 0.0246613 0.00702997 0.999672 4.44582
0.999557 0.00220735 -0.0297185 -0.132911 -0.0024579 0.999963 -0.0083839 -0.0400237 0.0296989 0.00845334 0.999524 5.23328
0.999415 0.00453415 -0.0339412 -0.160245 -0.00478052 0.999963 -0.00718308 -0.0695969 0.0339074 0.00734103 0.999399 6.04167
0.999264 0.00485981 -0.0380979 -0.194599 -0.00510422 0.999967 -0.00631149 -0.0783321 0.0380659 0.00650143 0.999255 6.84122
0.999109 0.00697499 -0.0416571 -0.2254 -0.00715788 0.999965 -0.00424394 -0.127344 0.0416262 0.00453825 0.999123 7.65349
0.999046 0.00564413 -0.0433518 -0.270111 -0.0058341 0.999974 -0.00424814 -0.106705 0.0433267 0.00449709 0.999052 8.46731
0.998963 0.00483518 -0.0453114 -0.30911 -0.00503651 0.999978 -0.00433051 -0.104464 0.0452896 0.00455417 0.998964 9.28872
0.998886 0.00365009 -0.0470979 -0.341934 -0.00387329 0.999982 -0.00464237 -0.104135 0.04708 0.00481977 0.99888 10.1228
0.998786 0.00178722 -0.049265 -0.383564 -0.002 0.999989 -0.00427087 -0.0924269 0.0492569 0.00436417 0.998777 10.9807
0.998724 0.00103554 -0.0505597 -0.429162 -0.00122824 0.999992 -0.00377332 -0.112983 0.0505554 0.00383073 0.998715 11.8317
0.998635 0.0027609 -0.0522008 -0.478275 -0.00301324 0.999985 -0.00475458 -0.118028 0.0521869 0.00490532 0.998627 12.6871
0.998598 0.00247375 -0.0529502 -0.528699 -0.00284654 0.999972 -0.00695929 -0.121012 0.0529315 0.00710031 0.998574 13.568
0.998591 0.00452867 -0.0529167 -0.590176 -0.00500384 0.999949 -0.00884994 -0.122944 0.052874 0.00910224 0.998561 14.4648
0.998521 0.00635253 -0.054074 -0.639247 -0.00683011 0.99994 -0.00864496 -0.145361 0.0540158 0.00900149 0.998501 15.3697
0.998489 0.0051716 -0.0547637 -0.679346 -0.00559382 0.999956 -0.00755844 -0.161953 0.0547223 0.0078533 0.998472 16.2866
0.998473 0.00461067 -0.0551287 -0.734347 -0.00500227 0.999964 -0.00696091 -0.169231 0.0550945 0.00722608 0.998457 17.185
0.998438 0.00481331 -0.0557076 -0.791214 -0.00511685 0.999973 -0.00530683 -0.191779 0.0556806 0.00558351 0.998435 18.0925
0.998415 0.00529478 -0.0561165 -0.838928 -0.00568295 0.999962 -0.00675289 -0.191277 0.0560785 0.00706107 0.998404 19.0147
0.998391 0.00342055 -0.056663 -0.896263 -0.00381684 0.99997 -0.00688588 -0.199627 0.0566379 0.00709097 0.998371 19.9493
0.998395 0.00344164 -0.0566092 -0.945032 -0.00375669 0.999979 -0.00545295 -0.212706 0.0565892 0.00565685 0.998384 20.8869
0.998462 0.00427476 -0.0553363 -1.01721 -0.00443029 0.999987 -0.0026858 -0.218412 0.0553242 0.00292668 0.998467 21.837
0.998483 0.00433496 -0.0549662 -1.08569 -0.00430027 0.999991 0.000756559 -0.223504 0.054969 -0.000519046 0.99849 22.7883
0.998571 0.00482433 -0.0532983 -1.1394 -0.00466713 0.999985 0.00307675 -0.228195 0.0533125 -0.00282377 0.998576 23.7321
0.998737 0.00512075 -0.0500793 -1.19108 -0.00488466 0.999977 0.00484382 -0.226762 0.050103 -0.00459303 0.998736 24.6969
0.998777 0.00614814 -0.0491308 -1.23893 -0.00599676 0.999977 0.00323072 -0.242075 0.0491497 -0.00293235 0.998789 25.6338
0.998952 0.0047195 -0.0456387 -1.28812 -0.00480559 0.999987 -0.00176763 -0.252291 0.0456298 0.00198517 0.998959 26.6102
0.999047 0.0047248 -0.0434696 -1.3363 -0.00494938 0.999976 -0.00505662 -0.262609 0.0434448 0.00526672 0.999044 27.5898
0.999154 0.0027712 -0.0411513 -1.3857 -0.00299171 0.999982 -0.00528939 -0.274089 0.041136 0.00540805 0.999141 28.5867
0.999256 0.00171406 -0.0386109 -1.4283 -0.00175881 0.999998 -0.00112188 -0.278879 0.038609 0.00118875 0.999255 29.5919
0.999255 -0.00226603 -0.038667 -1.47443 0.00231837 0.999997 0.00131709 -0.273012 0.038664 -0.00140565 0.999254 30.5986
0.999195 -0.0104182 -0.0388411 -1.50379 0.0104418 0.999946 0.00040872 -0.273228 0.0388348 -0.000814141 0.999247 31.6142
0.999196 -0.00884046 -0.0392747 -1.53785 0.00869806 0.999957 -0.00378611 -0.296686 0.0393066 0.00344154 0.999224 32.6404
0.999137 -0.00834366 -0.040789 -1.57624 0.00805812 0.999943 -0.00715383 -0.288126 0.0408464 0.00681874 0.999144 33.6412
0.999067 -0.00944162 -0.0422993 -1.61704 0.00909083 0.999924 -0.00847014 -0.273636 0.0423762 0.0080777 0.999072 34.6667
0.999086 -0.0086209 -0.0419778 -1.6501 0.00832948 0.999941 -0.00710638 -0.285833 0.0420366 0.00675002 0.999095 35.7068
0.999023 -0.00789707 -0.0436247 -1.70693 0.0076717 0.999958 -0.00532278 -0.280042 0.043665 0.0049829 0.999037 36.7475
0.999054 -0.00724681 -0.042985 -1.75348 0.00703859 0.999963 -0.00498868 -0.311588 0.0430197 0.00468122 0.999065 37.7853
0.998998 -0.00478781 -0.044683 -1.80508 0.00462666 0.999984 -0.00370275 -0.338422 0.0447 0.00349223 0.999 38.7811
0.998985 -0.0111447 -0.0437586 -1.84867 0.011112 0.999938 -0.000986618 -0.270105 0.0437671 0.000499163 0.999043 39.79
0.99903 -0.00904441 -0.0432835 -1.90527 0.00902442 0.999962 -0.00064788 -0.24893 0.0432877 0.000256628 0.999069 40.7894
0.999013 -0.00782686 -0.0438526 -1.95772 0.00780277 0.99997 -0.000714485 -0.274143 0.0438572 0.000371392 0.999041 41.7862
0.999039 -0.00607009 -0.0436046 -2.00386 0.0060159 0.999983 -0.00136561 -0.306405 0.0436121 0.00110193 0.999055 42.8182
0.999089 -0.000834044 -0.042788 -2.06018 0.000699372 0.999996 -0.00315677 -0.335793 0.0427908 0.0031237 0.999082 43.8518
0.999027 -0.000477683 -0.0443208 -2.10618 0.000360309 0.999998 -0.00264815 -0.354009 0.0443219 0.00262962 0.99902 44.8387
0.998943 -0.00375568 -0.0459397 -2.14535 0.00370123 0.999993 -0.00126382 -0.362762 0.0459444 0.00109215 0.998947 45.8539
0.998909 -0.00408737 -0.0467391 -2.21142 0.00406505 0.999993 -0.000565717 -0.372244 0.046741 0.000375159 0.998914 46.8933
0.998873 -0.00283454 -0.047517 -2.26656 0.0027211 0.999995 -0.00244556 -0.379831 0.0475239 0.00231319 0.998873 47.8622
0.998882 0.0010888 -0.0474703 -2.33292 -0.00142136 0.999976 -0.00696585 -0.395433 0.0474615 0.00702557 0.998855 48.8755
0.998753 0.000889657 -0.0500577 -2.40459 -0.00124806 0.999975 -0.00712296 -0.407815 0.0500504 0.00717622 0.998726 49.9128
0.998789 0.00112821 -0.0493852 -2.46535 -0.00135544 0.99999 -0.00456088 -0.421186 0.0493795 0.00462236 0.998776 50.9094
0.998828 -0.00051414 -0.0485858 -2.51589 0.000485263 1 -0.000601978 -0.456218 0.0485864 0.000577329 0.998826 51.8874
0.998835 -0.00139518 -0.0484578 -2.5595 0.00139649 1 -6.84253e-07 -0.451328 0.0484578 -6.69592e-05 0.998832 52.869
0.998824 -0.00280708 -0.0485911 -2.60791 0.00279318 0.999999 -0.00034816 -0.457158 0.0485924 0.000211579 0.998825 53.832
0.998871 -0.00337977 -0.0476102 -2.65121 0.00335101 0.999996 -0.000676815 -0.4675 0.0476123 0.00051652 0.998872 54.7874
0.99879 -0.0041154 -0.0491952 -2.70075 0.00411722 0.999994 -5.84712e-05 -0.46236 0.0491955 -0.000144599 0.998796 55.7331
0.998802 -0.00582539 -0.0488304 -2.74487 0.00597926 0.999981 0.0030145 -0.467931 0.0488118 -0.00330286 0.998811 56.686
0.998833 -0.00771903 -0.0478841 -2.78704 0.00804196 0.999949 0.0065616 -0.479318 0.0478313 -0.00693947 0.998839 57.6326
0.998888 -0.0101336 -0.0462884 -2.82658 0.0104107 0.999932 0.00575982 -0.488275 0.0462268 -0.00623528 0.99892 58.5905
0.998933 -0.0112361 -0.0450087 -2.8709 0.0113617 0.999935 0.00254197 -0.496203 0.0449775 -0.00305107 0.998991 59.5545
0.998905 -0.0110658 -0.0457331 -2.91861 0.0109201 0.999938 -0.00342293 -0.47406 0.045768 0.0029197 0.998957 60.4898
0.99888 -0.00982068 -0.0465173 -2.96866 0.00953181 0.999938 -0.00641654 -0.497266 0.0465776 0.00596551 0.998905 61.4108
0.998926 -0.0066463 -0.0461351 -3.02255 0.00636136 0.999963 -0.00631176 -0.49835 0.0461753 0.0060114 0.998923 62.3154
0.998865 -0.00370413 -0.0477131 -3.06768 0.00348549 0.999987 -0.00465404 -0.510912 0.0477299 0.00448201 0.998859 63.239
0.998891 -0.00164789 -0.047326 -3.12044 0.00149739 0.999997 -0.00320754 -0.517693 0.0473311 0.00313302 0.998882 64.1593
0.998964 0.000890012 -0.045742 -3.1638 -0.00110769 0.999993 -0.004725 -0.536026 0.0457376 0.00477031 0.998952 65.0525
0.998885 0.00160544 -0.0474611 -3.20067 -0.00183194 0.99999 -0.00472178 -0.545751 0.0474531 0.00480337 0.99887 65.9492
0.998939 0.00301356 -0.046211 -3.24046 -0.00321328 0.99999 -0.00423968 -0.570695 0.0461979 0.00438318 0.998932 66.8215
0.998877 0.00230318 -0.0476184 -3.27708 -0.00251795 0.999989 -0.00444349 -0.601913 0.0476078 0.00455835 0.998864 67.671
0.998853 0.00355928 -0.047995 -3.30405 -0.00378135 0.999987 -0.00452866 -0.624609 0.0479784 0.00470446 0.998847 68.5217
0.99887 0.00432848 -0.0476324 -3.3453 -0.00446545 0.999988 -0.00276316 -0.643503 0.0476201 0.00297269 0.99887 69.3707
0.998838 0.00528284 -0.0481404 -3.40781 -0.00525715 0.99999 0.000668809 -0.653963 0.0481436 -0.000415394 0.99885 70.1955
0.998758 0.00676254 -0.0496868 -3.44777 -0.00669208 0.99998 0.00158831 -0.667344 0.0496967 -0.00125382 0.998774 70.9735
0.998675 0.00992534 -0.0507299 -3.49687 -0.0100158 0.999953 -0.00152199 -0.672101 0.0507126 0.00202764 0.998721 71.7683
0.998545 0.0115073 -0.0529838 -3.55296 -0.0118882 0.99991 -0.0068759 -0.677513 0.0529 0.00749573 0.998582 72.5199
0.99851 0.0116175 -0.0535355 -3.58952 -0.0123025 0.999851 -0.0124777 -0.707241 0.0533827 0.0131172 0.998498 73.2569
0.998476 0.0107214 -0.0544407 -3.64048 -0.0115328 0.99983 -0.0146107 -0.743714 0.054275 0.0152161 0.998421 74.0015
0.998425 0.0131867 -0.0547682 -3.68716 -0.013941 0.999817 -0.0134077 -0.78911 0.0545816 0.0141495 0.998419 74.7149
0.998407 0.0132025 -0.0551546 -3.72711 -0.0138481 0.999843 -0.0113389 -0.834165 0.0549964 0.0120845 0.998424 75.4151
0.998362 0.0116984 -0.0562554 -3.75954 -0.0125162 0.999825 -0.0141993 -0.863395 0.0560797 0.0148794 0.998326 76.0694
0.998441 0.00583705 -0.0558189 -3.78985 -0.00690885 0.999799 -0.0190256 -0.905677 0.0556968 0.0193813 0.99827 76.6942
0.998522 0.00237337 -0.054563 -3.82364 -0.00367611 0.999715 -0.0237791 -0.911731 0.0544913 0.0239437 0.998238 77.3054
0.998641 0.00493603 -0.0521949 -3.86061 -0.00618427 0.999702 -0.0237769 -0.941031 0.0520622 0.0240672 0.998364 77.8965
0.998819 0.00873967 -0.0480842 -3.90713 -0.00976898 0.999732 -0.0212059 -0.953227 0.0478864 0.0216498 0.998629 78.5055
0.999063 0.0083014 -0.0428739 -3.9366 -0.00916453 0.999763 -0.0199719 -0.976792 0.0426982 0.020346 0.998891 79.1
0.999286 0.00565762 -0.0377352 -3.95014 -0.00630233 0.99984 -0.0169777 -0.998813 0.0376337 0.0172026 0.999155 79.6827
0.999564 0.00279515 -0.0299642 -3.96105 -0.0032189 0.999899 -0.0140962 -1.02238 0.0299221 0.0141863 0.999462 80.2463
0.999804 0.00500562 -0.0198772 -3.97509 -0.0052962 0.999884 -0.0145724 -1.01832 0.0198027 0.014674 0.999708 80.7842
0.999958 0.00945829 -0.00535881 -3.99032 -0.00953721 0.999848 -0.0148763 -1.02328 0.00521781 0.0149266 0.999886 81.3155
0.999833 0.014154 0.0127985 -3.99588 -0.0139733 0.999807 -0.0141231 -1.02648 -0.0129948 0.0139411 0.99983 81.8433
0.999332 0.0143037 0.0341337 -3.97566 -0.013829 0.999809 -0.0141057 -1.03868 -0.0343281 0.0136242 0.999329 82.3349
0.998096 0.0114539 0.0608432 -3.93702 -0.0106704 0.999861 -0.013194 -1.05251 -0.0609841 0.0125189 0.998071 82.8215
0.99592 0.0114276 0.0897095 -3.88679 -0.0103952 0.999878 -0.0119675 -1.05657 -0.0898341 0.0109861 0.995908 83.2863
0.99238 0.0113898 0.122813 -3.82117 -0.0101073 0.999892 -0.0110641 -1.06658 -0.122924 0.00973769 0.99238 83.7489
0.987029 0.0108641 0.160287 -3.74009 -0.00931205 0.999906 -0.0104309 -1.07571 -0.160383 0.00880293 0.987027 84.2124
0.979591 0.0117272 0.200735 -3.63284 -0.00985159 0.999903 -0.0103429 -1.08665 -0.200834 0.00815349 0.979603 84.6522
0.969256 0.0125486 0.245806 -3.50953 -0.0103712 0.999898 -0.0101507 -1.12182 -0.245906 0.00728925 0.969278 85.0862
0.955566 0.0144641 0.294477 -3.37247 -0.0115491 0.99987 -0.0116375 -1.12589 -0.294603 0.00771869 0.955601 85.5218
0.938015 0.0157175 0.34629 -3.21124 -0.0119652 0.999848 -0.0129708 -1.13831 -0.346438 0.00802335 0.938051 85.9157
0.915997 0.0155422 0.400924 -3.02392 -0.010695 0.999845 -0.014327 -1.15111 -0.401079 0.00883482 0.916014 86.3029
0.889404 0.0166325 0.45686 -2.82731 -0.0108086 0.999828 -0.015358 -1.16197 -0.457033 0.00872129 0.889421 86.6611
0.858142 0.017759 0.513136 -2.6117 -0.0107709 0.999809 -0.016591 -1.17214 -0.513326 0.00870976 0.858163 86.9943
0.822608 0.0165942 0.568399 -2.36047 -0.00786765 0.999815 -0.0178027 -1.18711 -0.568585 0.0101725 0.822576 87.315
0.783778 0.0160584 0.620861 -2.09695 -0.00628566 0.999825 -0.0179264 -1.19197 -0.621031 0.0101471 0.783735 87.5986
0.741805 0.0149128 0.670476 -1.80647 -0.00442122 0.999844 -0.0173468 -1.22018 -0.670625 0.00990332 0.741747 87.8715
0.696963 0.0146623 0.716982 -1.52064 -0.00581545 0.99988 -0.0147956 -1.23669 -0.717102 0.00614179 0.696958 88.1245
0.649903 0.0134711 0.759921 -1.20347 -0.00438614 0.999897 -0.0139736 -1.25136 -0.760025 0.00574814 0.649889 88.3548
0.601779 0.0117309 0.798599 -0.872739 -0.00123723 0.999911 -0.0137568 -1.25548 -0.798677 0.00728993 0.601735 88.5655
0.553488 0.00913095 0.832828 -0.542534 0.0040518 0.999903 -0.0136552 -1.26374 -0.832865 0.010932 0.553391 88.7473
0.505363 0.0109406 0.862859 -0.201255 0.00365497 0.999889 -0.0148197 -1.26456 -0.862913 0.0106425 0.505263 88.9232
0.456809 0.0134164 0.889483 0.142645 0.00154826 0.999877 -0.0158763 -1.25748 -0.88958 0.00862918 0.456727 89.0688
0.410249 0.0142297 0.911883 0.481136 0.00175051 0.99987 -0.0163911 -1.27693 -0.911985 0.00832017 0.410167 89.2139
0.366647 0.0120518 0.930301 0.859893 0.00700302 0.999857 -0.0157126 -1.28687 -0.93035 0.0122754 0.366506 89.3253
0.326299 0.00554554 0.94527 1.22754 0.0186764 0.999756 -0.012313 -1.30576 -0.945095 0.0216714 0.326113 89.4052
0.289668 0.00271884 0.957142 1.60205 0.0240621 0.999663 -0.0101214 -1.29934 -0.95684 0.0259619 0.289503 89.4801
0.255737 0.00566498 0.96675 1.97846 0.0213606 0.999712 -0.0115095 -1.2915 -0.966523 0.0235931 0.255541 89.5798
0.22385 0.0121101 0.974567 2.34355 0.0126076 0.999807 -0.0153193 -1.29524 -0.974557 0.0157156 0.223652 89.6703
0.19499 0.0160164 0.980694 2.73325 0.00829782 0.999811 -0.0179792 -1.30233 -0.980783 0.0116429 0.194819 89.7503
0.168823 0.0170983 0.985517 3.13624 0.00821029 0.999795 -0.0187522 -1.32753 -0.985628 0.0112565 0.168647 89.8173
0.145339 0.0180925 0.989237 3.54668 0.0142475 0.999698 -0.0203778 -1.33268 -0.989292 0.0170554 0.145036 89.8509
0.124088 0.0225286 0.992035 3.96554 0.018741 0.999515 -0.0250424 -1.33966 -0.99211 0.0216983 0.123605 89.8785
0.103912 0.0283626 0.994202 4.39958 0.0200495 0.999337 -0.0306053 -1.32836 -0.994398 0.023113 0.103274 89.9103
0.0859435 0.0293072 0.995889 4.83825 0.0194157 0.999332 -0.0310838 -1.33506 -0.996127 0.0220065 0.0853169 89.9393
0.0699252 0.0259947 0.997234 5.30246 0.01882 0.999455 -0.0273729 -1.34969 -0.997388 0.0206814 0.0693977 89.9676
0.0545433 0.0233795 0.998258 5.77955 0.0213088 0.999475 -0.0245722 -1.36887 -0.9983 0.022611 0.0540167 89.9932
0.0410404 0.0213066 0.998951 6.26695 0.0233035 0.999488 -0.0222761 -1.39193 -0.998899 0.0241927 0.0405231 89.9954
0.0287825 0.0205373 0.999395 6.76656 0.0275317 0.999397 -0.0213302 -1.41394 -0.999223 0.0281279 0.0282003 89.9989
0.0187621 0.0214313 0.999615 7.28854 0.0314894 0.999269 -0.0220155 -1.41237 -0.999342 0.0318896 0.018074 89.9933
0.0104645 0.0221633 0.99972 7.83628 0.0349032 0.999141 -0.0225157 -1.42041 -0.999353 0.0351278 0.00968278 89.9881
0.00364833 0.0223723 0.999763 8.38247 0.0364021 0.999091 -0.0224907 -1.43597 -0.999344 0.0364749 0.00283125 89.9942
-0.00165805 0.0230224 0.999754 8.9411 0.0367059 0.999067 -0.0229455 -1.43854 -0.999341 0.0366575 -0.00250051 89.9987
-0.00764345 0.0234136 0.999717 9.52764 0.0366713 0.999067 -0.0231186 -1.45207 -0.999312 0.0364835 -0.00849416 89.998
-0.0130399 0.0231521 0.999668 10.1448 0.0390456 0.998985 -0.0226268 -1.47044 -0.999169 0.0387363 -0.0139295 89.9961
-0.0159308 0.0236832 0.999613 10.7532 0.0389623 0.998981 -0.023048 -1.48926 -0.999128 0.0385792 -0.0168364 89.9902
-0.0205888 0.0223829 0.999558 11.3916 0.0368847 0.99909 -0.0216126 -1.51468 -0.999124 0.0364222 -0.0213943 89.9721
-0.024229 0.0231307 0.999459 12.0445 0.0378607 0.999043 -0.0222039 -1.51763 -0.999003 0.0373016 -0.0250805 89.9689
-0.0257068 0.0226898 0.999434 12.7193 0.0407117 0.998941 -0.0216314 -1.54674 -0.998857 0.0401311 -0.0266019 89.9436
-0.025165 0.0224897 0.999451 13.4166 0.042469 0.998876 -0.021408 -1.56689 -0.998795 0.0419062 -0.0260906 89.9227
-0.0244095 0.0227669 0.999465 14.1128 0.0443204 0.998787 -0.0216689 -1.56698 -0.998736 0.0437662 -0.0253876 89.8661
-0.021819 0.0228268 0.999522 14.8334 0.0457024 0.998723 -0.0218116 -1.58505 -0.998731 0.0452038 -0.0228332 89.8617
-0.0172979 0.0231906 0.999603 15.5705 0.0476064 0.998621 -0.0223437 -1.62008 -0.998733 0.0471994 -0.0183768 89.833
-0.0129331 0.022418 0.999687 16.3133 0.0483368 0.998599 -0.021769 -1.63605 -0.998762 0.0480392 -0.0139976 89.8209
-0.0100876 0.0218808 0.999732 17.1156 0.0485276 0.998598 -0.0213661 -1.65376 -0.998788 0.0482975 -0.0111341 89.8215
-0.00676863 0.0207456 0.999784 17.9206 0.0470189 0.998692 -0.0204054 -1.66885 -0.998886 0.0468696 -0.00773423 89.8152
-0.00218511 0.0202653 0.999815 18.7077 0.0457379 0.998755 -0.0201437 -1.68875 -0.998967 0.0456838 -0.00310819 89.8231
0.0002247 0.0218872 0.999783 19.5352 0.0432261 0.998832 -0.0218769 -1.71729 -0.99908 0.0432207 -0.000720877 89.8191
0.00440024 0.0233655 0.99974 20.3306 0.0411844 0.998879 -0.0235264 -1.74098 -0.999158 0.0412757 0.00343404 89.8348
0.00578131 0.0272914 0.999635 21.1412 0.0369933 0.998945 -0.0274874 -1.7628 -0.999314 0.0371377 0.00476634 89.8551
0.00404994 0.0296029 0.999577 21.9832 0.0344338 0.99897 -0.0297242 -1.79803 -0.999415 0.0345382 0.00302743 89.8583
0.00454005 0.0284797 0.999608 22.8124 0.0329533 0.999054 -0.0286144 -1.83164 -0.999462 0.0330694 0.00359804 89.8681
0.00307471 0.0264749 0.999668 23.6566 0.0304125 0.99919 -0.0265556 -1.86211 -0.999549 0.0304826 0.00226802 89.882
0.00114082 0.0254583 0.999699 24.4883 0.0297465 0.99924 -0.0254814 -1.89165 -0.999573 0.0297657 0.000383473 89.8894
0.00208906 0.0247448 0.999716 25.3047 0.0284141 0.999294 -0.0247935 -1.91921 -0.999611 0.0284564 0.00138546 89.8988
0.00185611 0.0250795 0.999708 26.1322 0.0282542 0.999292 -0.0251225 -1.94929 -0.999615 0.0282917 0.00114698 89.9089
-0.000831109 0.0261092 0.999683 26.967 0.0265789 0.999312 -0.0260772 -1.9897 -0.999663 0.0265475 -0.00152349 89.9123
-0.0023272 0.0263076 0.999675 27.775 0.0228794 0.9994 -0.0262481 -2.01763 -0.999751 0.0228101 -0.00292691 89.9309
-0.0067451 0.026331 0.999655 28.6129 0.0205125 0.999453 -0.026187 -2.04175 -0.999784 0.0203275 -0.00728044 89.9413
-0.0100399 0.0250519 0.99966 29.4283 0.0186215 0.999524 -0.0248625 -2.05764 -0.999792 0.0183648 -0.0105007 89.9446
-0.0149929 0.0233529 0.999639 30.2469 0.0174848 0.999586 -0.0230892 -2.08893 -0.999752 0.0171311 -0.0153938 89.9394
-0.0222448 0.0216823 0.999542 31.0642 0.0165405 0.999643 -0.0213174 -2.11794 -0.999632 0.016058 -0.0225945 89.9301
-0.0302957 0.0209792 0.999345 31.8892 0.0159046 0.999669 -0.0205036 -2.15209 -0.999432 0.0152718 -0.0306178 89.9146
-0.0398151 0.0219331 0.998991 32.7089 0.0156152 0.999657 -0.0213264 -2.15831 -0.999102 0.0147495 -0.0401426 89.8835
-0.0516213 0.022186 0.998445 33.5144 0.016127 0.999647 -0.0213786 -2.1886 -0.998554 0.014997 -0.051959 89.8488
-0.0605293 0.020833 0.997974 34.3334 0.0195944 0.999621 -0.01968 -2.22082 -0.997991 0.0183627 -0.060913 89.8028
-0.0723074 0.0196391 0.997214 35.1376 0.019356 0.999652 -0.0182834 -2.23689 -0.997213 0.0179787 -0.0726602 89.7533
-0.0829701 0.0190807 0.996394 35.9263 0.0195218 0.999662 -0.0175187 -2.26234 -0.996378 0.017997 -0.0833126 89.686
-0.0943679 0.0181381 0.995398 36.7217 0.0185907 0.999698 -0.0164538 -2.28013 -0.995383 0.0169511 -0.0946742 89.607
-0.106516 0.0191787 0.99415 37.521 0.0178832 0.999695 -0.0173707 -2.29362 -0.994168 0.0159275 -0.106824 89.5116
-0.117367 0.0196552 0.99292 38.3024 0.0167356 0.999708 -0.017811 -2.30193 -0.992967 0.0145253 -0.117658 89.4144
-0.128575 0.021187 0.991498 39.092 0.0165927 0.999683 -0.0192113 -2.32728 -0.991579 0.0139807 -0.128884 89.3071
-0.138531 0.0224679 0.990129 39.8596 0.0171723 0.999653 -0.0202812 -2.35365 -0.990229 0.0141918 -0.138866 89.1892
-0.147234 0.0227965 0.988864 40.629 0.0168243 0.999653 -0.0205413 -2.37453 -0.988976 0.0136118 -0.147564 89.0579
-0.15698 0.0227107 0.987367 41.3774 0.0159133 0.999671 -0.0204634 -2.39288 -0.987494 0.0124985 -0.157287 88.9221
-0.164575 0.0224843 0.986133 42.1195 0.0167927 0.999665 -0.0199914 -2.42094 -0.98624 0.013269 -0.164895 88.7799
-0.172166 0.0226158 0.984835 42.8785 0.0184558 0.999642 -0.0197291 -2.44992 -0.984916 0.0147778 -0.172518 88.6488
-0.177605 0.0208369 0.983907 43.614 0.0207796 0.999639 -0.0174203 -2.4725 -0.983901 0.0173505 -0.177971 88.5087
-0.181195 0.019752 0.983276 44.3396 0.0237151 0.999602 -0.0157096 -2.49481 -0.983182 0.0204705 -0.181588 88.3635
-0.183973 0.019975 0.982755 45.0362 0.0267655 0.999531 -0.0153065 -2.50589 -0.982585 0.0234872 -0.184419 88.2325
-0.186472 0.0192821 0.982299 45.7233 0.0280859 0.99951 -0.0142881 -2.51181 -0.98208 0.0249228 -0.186918 88.0977
-0.187576 0.0202087 0.982069 46.3841 0.0264502 0.999537 -0.0155172 -2.5256 -0.981913 0.0230645 -0.18802 87.9762
-0.187748 0.021075 0.982019 47.0247 0.0283481 0.999476 -0.0160298 -2.55051 -0.981829 0.0248272 -0.188243 87.8514
-0.186502 0.022353 0.982227 47.6379 0.0292724 0.999431 -0.0171874 -2.57362 -0.982037 0.025546 -0.187047 87.7443
-0.181795 0.0228511 0.983099 48.262 0.030897 0.999375 -0.0175158 -2.58189 -0.982872 0.0271889 -0.182384 87.6392
-0.174617 0.0233598 0.984387 48.8686 0.0322146 0.999326 -0.0180009 -2.58423 -0.984128 0.0285676 -0.175249 87.5408
-0.163985 0.0237242 0.986206 49.441 0.031188 0.999342 -0.0188542 -2.59878 -0.985991 0.0276644 -0.164613 87.4511
-0.150471 0.0242279 0.988345 50.0136 0.0315283 0.999316 -0.0196979 -2.6114 -0.988131 0.0281961 -0.151129 87.3772
-0.133935 0.0252091 0.990698 50.5649 0.0301226 0.999324 -0.0213562 -2.62459 -0.990553 0.0269806 -0.134601 87.3098
-0.113128 0.0272837 0.993234 51.1087 0.0288751 0.999298 -0.0241626 -2.6493 -0.99318 0.0259455 -0.113834 87.2607
-0.089119 0.0301248 0.995594 51.6332 0.0277379 0.999236 -0.027752 -2.66935 -0.995655 0.025141 -0.0898842 87.2264
-0.0614122 0.0317936 0.997634 52.1588 0.0264251 0.999201 -0.030218 -2.68626 -0.997782 0.024506 -0.0622019 87.2089
-0.0285076 0.0315303 0.999125 52.6865 0.0235866 0.999252 -0.0308612 -2.71902 -0.999336 0.0226848 -0.0292284 87.2107
0.00938264 0.0300648 0.999532 53.2118 0.0226727 0.999292 -0.0302715 -2.73232 -0.999718 0.0229453 0.0086947 87.232
0.0506521 0.0276371 0.998363 53.7339 0.0210813 0.999371 -0.0287344 -2.74301 -0.998514 0.0225009 0.050038 87.2793
0.0965757 0.0243751 0.995056 54.2624 0.0156691 0.999547 -0.026007 -2.74703 -0.995222 0.0181025 0.096149 87.3404
0.145012 0.0228081 0.989196 54.7748 0.0114828 0.999635 -0.0247319 -2.7499 -0.989384 0.014944 0.144696 87.4363
0.196424 0.0223408 0.980294 55.2579 0.00602293 0.999702 -0.0239911 -2.7487 -0.980521 0.010616 0.196228 87.5575
0.251934 0.0232041 0.967496 55.7525 0.00444098 0.999681 -0.0251322 -2.75866 -0.967756 0.0106272 0.251748 87.7011
0.311471 0.0247292 0.949965 56.217 0.00396825 0.999627 -0.0273244 -2.76464 -0.950269 0.0122796 0.311252 87.8559
0.373213 0.0289299 0.927326 56.6471 0.00370615 0.999465 -0.0326717 -2.78404 -0.927763 0.0156292 0.372901 88.0511
0.435319 0.0324787 0.899723 57.0806 0.00253845 0.999309 -0.0373032 -2.79689 -0.900297 0.0185215 0.434929 88.2822
0.49574 0.0369038 0.867721 57.4859 -0.00112784 0.99913 -0.0418479 -2.81479 -0.868497 0.019766 0.495343 88.5329
0.554845 0.0397697 0.831038 57.864 -0.00663885 0.999044 -0.0433788 -2.82658 -0.831955 0.0185501 0.55457 88.8268
0.611333 0.0409693 0.79035 58.221 -0.00869479 0.998953 -0.045057 -2.84099 -0.791357 0.0206719 0.61104 89.1351
0.663913 0.0405909 0.746747 58.5516 -0.010769 0.998949 -0.044727 -2.86844 -0.747765 0.0216518 0.663642 89.4585
0.713331 0.0370022 0.699893 58.8743 -0.012458 0.999124 -0.0401248 -2.89614 -0.700754 0.0199021 0.713156 89.83
0.759126 0.0331809 0.650143 59.1615 -0.0143183 0.999317 -0.0342849 -2.90903 -0.650825 0.0167162 0.759071 90.2098
0.800037 0.0298553 0.599259 59.422 -0.0168338 0.999492 -0.0273212 -2.92798 -0.59976 0.0117695 0.800121 90.598
0.835606 0.0265228 0.548742 59.6627 -0.0172014 0.999615 -0.0221234 -2.95033 -0.549109 0.00904585 0.835727 91.0252
0.865341 0.025606 0.50059 59.8833 -0.0198248 0.999668 -0.0168646 -2.97401 -0.500848 0.00466911 0.865548 91.4522
0.889268 0.0273545 0.456634 60.0669 -0.0240383 0.999633 -0.0130719 -2.98935 -0.456817 0.000646275 0.889584 91.8982
0.908409 0.0315868 0.416963 60.2521 -0.0298873 0.999504 -0.0106035 -2.99298 -0.417084 -0.00282987 0.908888 92.3629
0.923123 0.0371586 0.382782 60.4027 -0.0362861 0.999304 -0.00950208 -2.98494 -0.382863 -0.00511944 0.923814 92.8103
0.935302 0.040264 0.351642 60.5741 -0.0394092 0.999184 -0.00958831 -2.96722 -0.351735 -0.00489018 0.936111 93.2915
0.943811 0.0379057 0.328398 60.7353 -0.0374205 0.999277 -0.0078 -2.98914 -0.328451 -0.00492861 0.944531 93.7577
0.94968 0.0351388 0.311347 60.8831 -0.0346812 0.999381 -0.00700543 -3.00496 -0.311395 -0.00414524 0.950296 94.239
0.954038 0.0382694 0.297332 61.0329 -0.03809 0.999262 -0.00639951 -2.99825 -0.297353 -0.00522163 0.954775 94.7627
0.957397 0.0434406 0.285599 61.1724 -0.0437367 0.999036 -0.00534108 -2.9805 -0.285551 -0.00737785 0.95836 95.2948
0.959823 0.0481174 0.276559 61.3207 -0.0485734 0.998814 -0.00520486 -2.98597 -0.276477 -0.00843933 0.961006 95.8318
0.961223 0.0520485 0.270933 61.4599 -0.051533 0.998638 -0.00901727 -2.96183 -0.271028 -0.00529459 0.962581 96.362
0.962015 0.0536485 0.267787 61.6194 -0.0526203 0.998562 -0.0110196 -2.97931 -0.267989 -0.0034918 0.963437 96.9343
0.96208 0.0533284 0.267622 61.7768 -0.0514836 0.998585 -0.013907 -2.99532 -0.26798 -0.000398856 0.963449 97.4825
0.961538 0.054886 0.269245 61.939 -0.0513949 0.998486 -0.0200033 -3.00475 -0.26993 0.00539423 0.962887 98.0421
0.961108 0.0569691 0.270352 62.1082 -0.052329 0.998341 -0.0243426 -3.02275 -0.271285 0.00924805 0.96248 98.6177
0.959975 0.0621109 0.273223 62.2654 -0.0576084 0.998047 -0.0244777 -3.01112 -0.274205 0.00775614 0.961662 99.2088
0.95892 0.0637159 0.276546 62.4278 -0.0596189 0.997959 -0.0232022 -3.02084 -0.277454 0.0057613 0.960747 99.7942
0.958551 0.0624168 0.278112 62.6013 -0.0602444 0.998058 -0.0163577 -3.03925 -0.278587 -0.00107683 0.960433 100.4
0.958102 0.0579524 0.28062 62.7734 -0.0565406 0.998322 -0.0131276 -3.03946 -0.280904 -0.0032891 0.959756 101.002
0.957807 0.0562662 0.281961 62.9446 -0.0559795 0.998399 -0.00907828 -3.05944 -0.282015 -0.00709062 0.959407 101.634
0.958049 0.0515258 0.282051 63.1337 -0.0514523 0.998654 -0.00766885 -3.06255 -0.282061 -0.00716531 0.959396 102.258
0.958586 0.0483449 0.280783 63.3159 -0.0478694 0.998825 -0.00855553 -3.06649 -0.280862 -0.00524164 0.959757 102.885
0.959181 0.0476664 0.278865 63.498 -0.0456034 0.998871 -0.0138813 -3.08961 -0.279206 0.000597065 0.960258 103.541
0.95973 0.0491006 0.276713 63.6808 -0.0455452 0.998785 -0.0192652 -3.10682 -0.277317 0.00588442 0.960784 104.198
0.96073 0.05096 0.272887 63.8543 -0.0467582 0.998675 -0.0218799 -3.12321 -0.273635 0.0082603 0.961825 104.859
0.961823 0.0475839 0.269622 64.0449 -0.0443046 0.99886 -0.0182386 -3.13715 -0.270177 0.00559474 0.962819 105.556
0.96232 0.0444152 0.268396 64.2392 -0.0429082 0.999021 -0.011478 -3.15614 -0.268637 -0.000471283 0.96327 106.256
0.963203 0.0397664 0.265937 64.4258 -0.0391494 0.999212 -0.00762337 -3.17206 -0.266026 -0.00307038 0.963986 106.978
0.963578 0.042335 0.264186 64.6157 -0.0416743 0.999106 -0.00810435 -3.18398 -0.264287 -0.00320102 0.964467 107.688
0.963966 0.047009 0.261965 64.7979 -0.0454758 0.998902 -0.0119153 -3.19375 -0.262233 -0.000429144 0.965029 108.412
0.965186 0.0475142 0.257347 64.9917 -0.0448677 0.998871 -0.0161464 -3.21659 -0.257818 0.00403725 0.966215 109.157
0.966228 0.0482161 0.253265 65.1886 -0.0452217 0.998829 -0.0176347 -3.2217 -0.253814 0.00558395 0.967261 109.902
0.967228 0.0473122 0.249608 65.3823 -0.0444567 0.998875 -0.0170653 -3.22527 -0.250129 0.00540876 0.968228 110.66
0.968466 0.0451029 0.245165 65.5807 -0.0427545 0.998983 -0.014896 -3.2495 -0.245582 0.00394221 0.969393 111.456
0.969139 0.0438303 0.242742 65.7758 -0.0417851 0.999044 -0.0135672 -3.25816 -0.243099 0.00300499 0.970028 112.24
0.969709 0.0420231 0.240758 65.9777 -0.0401346 0.999121 -0.0127449 -3.26572 -0.241078 0.0026939 0.970527 113.029
0.970327 0.0373099 0.239058 66.1959 -0.0360745 0.999314 -0.00954013 -3.3 -0.239245 0.00063264 0.97099 113.857
0.970433 0.0369055 0.238669 66.3844 -0.0357684 0.999326 -0.00909633 -3.30854 -0.238839 0.000288508 0.971082 114.65
0.970768 0.0408381 0.236678 66.5869 -0.0398127 0.999175 -0.00910913 -3.31297 -0.23685 -0.00058043 0.971576 115.489
0.970924 0.0448052 0.235296 66.7873 -0.0433992 0.999004 -0.0111537 -3.31725 -0.235557 0.000615587 0.971884 116.305
0.970488 0.0508839 0.235876 66.9762 -0.0493356 0.998715 -0.012461 -3.33698 -0.236202 0.000455638 0.971734 117.133
0.970276 0.0535188 0.236146 67.166 -0.0526676 0.998571 -0.00991464 -3.35006 -0.236334 -0.00281936 0.971691 117.982
0.970045 0.0550076 0.236776 67.3783 -0.0542034 0.998491 -0.00990525 -3.34943 -0.236959 -0.00322595 0.971545 118.834
0.969433 0.0557969 0.239066 67.5866 -0.0550162 0.998443 -0.00994105 -3.38997 -0.239244 -0.00351742 0.970977 119.671
0.969213 0.0545916 0.240258 67.7924 -0.0537407 0.998513 -0.0100931 -3.39251 -0.240447 -0.00312968 0.97069 120.512
0.969027 0.0512502 0.241715 68.0069 -0.0502658 0.99869 -0.0102409 -3.41457 -0.241919 -0.00222834 0.970318 121.339
0.969345 0.0466459 0.241403 68.2236 -0.0456243 0.99892 -0.00981972 -3.42394 -0.241596 -0.00149558 0.970408 122.164
0.969177 0.045106 0.24234 68.4365 -0.0439173 0.998988 -0.010308 -3.44663 -0.242555 -0.00065474 0.970163 123.009
0.968532 0.0488056 0.244224 68.6352 -0.0484026 0.998808 -0.00765184 -3.46171 -0.244301 -0.00441031 0.969722 123.84
0.96834 0.0525325 0.244182 68.8371 -0.0533909 0.998575 -0.00310597 -3.46225 -0.243992 -0.0100313 0.969751 124.688
0.967855 0.0564581 0.245256 69.039 -0.0576518 0.998344 -0.00231123 -3.45249 -0.244976 -0.0119027 0.969489 125.523
0.967387 0.0567205 0.247011 69.2484 -0.0566253 0.998374 -0.00749385 -3.47118 -0.247029 -0.00673938 0.969011 126.321
0.967811 0.0548506 0.245793 69.465 -0.0513825 0.998479 -0.0205024 -3.49086 -0.246539 0.00721231 0.969139 127.154
0.968267 0.0505729 0.244887 69.6832 -0.0456969 0.998635 -0.0255559 -3.54484 -0.245841 0.0135523 0.969242 127.98
0.968213 0.0486674 0.245513 69.898 -0.0455586 0.998804 -0.0183266 -3.55351 -0.246106 0.00655833 0.969254 128.806
0.968937 0.0424589 0.243779 70.1138 -0.0437759 0.999049 -1.52571e-05 -3.56321 -0.243543 -0.0106586 0.969858 129.648
0.969157 0.0368979 0.243835 70.3217 -0.0411066 0.99909 0.0121955 -3.57399 -0.243158 -0.0218424 0.969774 130.468
0.969733 0.040704 0.240894 70.5079 -0.0441541 0.998992 0.00893971 -3.57388 -0.240283 -0.0193073 0.970537 131.319
0.969896 0.0486951 0.238772 70.6901 -0.0493518 0.998786 -0.00322806 -3.57267 -0.238635 -0.00865311 0.971104 132.126
0.970031 0.0506874 0.237781 70.8858 -0.0495847 0.998721 -0.0106194 -3.57377 -0.238011 -0.001491 0.971287 132.931
0.971013 0.0483794 0.234254 71.0893 -0.0468823 0.998839 -0.0119562 -3.60336 -0.234556 0.000626874 0.972136 133.76
0.971946 0.0448045 0.23105 71.2822 -0.0429787 0.999 -0.0129321 -3.62636 -0.231394 0.00263719 0.972883 134.578
0.972851 0.0452342 0.22715 71.4608 -0.0435946 0.998985 -0.0122303 -3.65149 -0.227468 0.00199534 0.973817 135.383
0.974153 0.0475955 0.22098 71.6374 -0.0455873 0.998868 -0.0141812 -3.65988 -0.2214 0.00373884 0.975202 136.194
0.974663 0.050796 0.218025 71.8014 -0.04852 0.998708 -0.015781 -3.67831 -0.21854 0.0048021 0.975849 136.992
0.975243 0.0544892 0.214485 71.9559 -0.0524713 0.998517 -0.015093 -3.69385 -0.214986 0.00346305 0.976638 137.802
0.975846 0.0550112 0.211617 72.1296 -0.0532881 0.998493 -0.0138382 -3.72199 -0.212055 0.00222696 0.977288 138.605
0.97612 0.0533795 0.210741 72.2972 -0.0523064 0.998582 -0.0106654 -3.74654 -0.211008 -0.000614316 0.977511 139.404
0.976786 0.0516371 0.208105 72.4678 -0.0505896 0.998675 -0.0103535 -3.77143 -0.20836 -0.000415103 0.978085 140.2
0.977421 0.0502858 0.205409 72.6277 -0.0488643 0.998741 -0.0119892 -3.78025 -0.205749 0.00167937 0.97863 140.986
0.978453 0.0480183 0.201016 72.7878 -0.0458136 0.998837 -0.0156063 -3.7863 -0.201529 0.00606029 0.979496 141.773
0.980019 0.0468076 0.193506 72.9498 -0.04465 0.998891 -0.0154984 -3.80698 -0.194013 0.00654666 0.981004 142.568
0.981446 0.0452743 0.186546 73.104 -0.0438776 0.998979 -0.0116094 -3.82093 -0.186878 0.00320847 0.98241 143.373
0.982598 0.0424835 0.181023 73.2424 -0.0422446 0.999102 -0.00517642 -3.83196 -0.181077 -0.0025629 0.983492 144.147
0.983672 0.0404917 0.175596 73.3796 -0.0418024 0.999129 0.00377239 -3.85934 -0.175287 -0.0110512 0.984488 144.974
0.9842 0.0428461 0.172011 73.4982 -0.0442968 0.999017 0.00460352 -3.85611 -0.171642 -0.0121522 0.985112 145.76
0.98512 0.0447832 0.166192 73.6259 -0.0456867 0.998965 0.00161878 -3.88324 -0.165945 -0.0091876 0.986125 146.557
0.98619 0.0461743 0.159284 73.7422 -0.0456123 0.998942 -0.00718288 -3.89769 -0.159444 -0.000183675 0.987235 147.343
0.987404 0.0429394 0.152566 73.867 -0.0415466 0.999071 -0.012304 -3.91132 -0.15295 0.00580999 0.98825 148.134
0.988629 0.041602 0.144762 73.9942 -0.040241 0.999123 -0.0123185 -3.92366 -0.145145 0.00635087 0.989418 148.956
0.989487 0.0472531 0.137006 74.0928 -0.046231 0.998884 -0.0106306 -3.92775 -0.137353 0.00418455 0.990547 149.773
0.990284 0.0523365 0.129123 74.1842 -0.0512754 0.998627 -0.0115275 -3.93537 -0.129546 0.00479258 0.991589 150.59
0.99142 0.0559403 0.118511 74.2797 -0.0546273 0.998415 -0.0142955 -3.95293 -0.119121 0.00769851 0.992884 151.414
0.992566 0.0540109 0.109408 74.3784 -0.0527226 0.998511 -0.0146332 -3.97464 -0.110033 0.00875398 0.993917 152.238
0.993357 0.0540184 0.102035 74.4524 -0.0531134 0.998532 -0.0115621 -3.99365 -0.102508 0.00606552 0.994748 153.075
0.994105 0.0561473 0.0931534 74.5292 -0.0557884 0.998431 -0.00644939 -3.99799 -0.0933674 0.00121246 0.995659 153.922
0.99464 0.0593147 0.0852138 74.5835 -0.0594053 0.998244 -0.00146489 -4.01314 -0.0851497 -0.00360511 0.996396 154.768
0.995253 0.0599752 0.0771323 74.6433 -0.0603214 0.998186 0.00217285 -4.0262 -0.0768605 -0.00681717 0.997047 155.595
0.995765 0.0600211 0.0702698 74.7043 -0.0604188 0.998178 0.00355959 -4.04195 -0.069927 -0.00779002 0.997556 156.437
0.996055 0.0590766 0.0667829 74.7504 -0.0594017 0.998239 0.00290155 -4.04385 -0.0664924 -0.00685898 0.997792 157.246
0.996176 0.0630313 0.0612406 74.7861 -0.0631507 0.998015 2.80305e-05 -4.02609 -0.0611164 -0.00389517 0.998157 158.082
0.996057 0.0683742 0.0571864 74.811 -0.0682232 0.997668 -0.00457332 -4.02577 -0.0573644 0.000651864 0.998382 158.882
0.996144 0.069562 0.0543006 74.8438 -0.0693475 0.997587 -0.00580732 -4.03726 -0.0545727 0.0020194 0.998542 159.715
0.996376 0.0696388 0.0496156 74.8745 -0.0697215 0.997575 -4.14939e-05 -4.05339 -0.049497 -0.00341995 0.998797 160.546
0.996288 0.071217 0.0492808 74.9021 -0.0716917 0.997406 0.00795281 -4.05672 -0.0485859 -0.011456 0.998788 161.399
0.9965 0.0712283 0.0446386 74.9266 -0.0719425 0.997311 0.0146277 -4.07232 -0.0434756 -0.0177897 0.998926 162.233
0.996975 0.0674026 0.039882 74.9611 -0.0679025 0.997639 0.0113377 -4.07165 -0.0390231 -0.0140111 0.999175 163.046
0.997709 0.0585287 0.0350685 74.9947 -0.0587215 0.998274 0.00451477 -4.08656 -0.0347428 -0.00656561 0.999405 163.853
0.998006 0.0578014 0.0271351 75.0152 -0.0578571 0.998335 0.00129353 -4.08045 -0.0270149 -0.00286084 0.999666 164.671
0.998184 0.0580408 0.0184288 75.0122 -0.0580991 0.998317 0.00269009 -4.05376 -0.018241 -0.00375791 0.999857 165.519
0.998485 0.0549581 0.0100006 75.0114 -0.0550283 0.998473 0.00694447 -4.0702 -0.00960384 -0.00748403 0.999961 166.347
0.998797 0.0498268 0.00022291 74.9976 -0.0498255 0.998701 0.0115999 -4.0794 0.000355542 -0.011599 0.999963 167.199
0.999023 0.0447153 -0.00680309 74.9949 -0.0446166 0.998919 0.0139844 -4.08278 0.00742038 -0.0136668 0.999915 168.055
0.999147 0.0404562 -0.0121632 74.9857 -0.0402795 0.999094 0.0144292 -4.07753 0.0127358 -0.0139288 0.999852 168.883
0.999097 0.0385983 -0.0202267 74.9703 -0.0384201 0.999233 0.00911805 -4.08103 0.0205622 -0.00833244 0.99979 169.734
0.999111 0.0329315 -0.0278128 74.9653 -0.0328817 0.999467 0.00225278 -4.06277 0.0278717 -0.0013383 0.999641 170.558
0.999021 0.0282649 -0.0353999 74.9517 -0.0282427 0.999614 0.00113077 -4.06547 0.0354169 -0.000129811 0.999409 171.407
0.998707 0.0303293 -0.041774 74.9139 -0.0300377 0.999531 0.00759492 -4.04896 0.0419838 -0.00633235 0.999129 172.255
0.998201 0.0398644 -0.0458164 74.8568 -0.0390933 0.999094 0.0176024 -4.01729 0.0464749 -0.0157791 0.998832 173.102
0.997761 0.043975 -0.0511989 74.799 -0.0426928 0.998765 0.0258698 -4.01339 0.0522721 -0.0236278 0.998384 173.955
0.997579 0.0439109 -0.0548152 74.7412 -0.0426699 0.998824 0.0236042 -3.99669 0.0557853 -0.0212073 0.998258 174.795
0.997437 0.0454702 -0.0560042 74.6923 -0.044636 0.998886 0.0160559 -4.00814 0.0566705 -0.0135168 0.998333 175.651
0.996781 0.0550846 -0.0590764 74.6243 -0.0547294 0.998486 0.00760561 -3.99403 0.0594039 -0.00434762 0.998266 176.492
0.996781 0.0537394 -0.0602022 74.5695 -0.0534891 0.998563 0.0057559 -3.97875 0.0604236 -0.00251933 0.998201 177.35
0.996818 0.0494301 -0.0633021 74.5208 -0.0488639 0.998764 0.0104572 -3.98761 0.0637387 -0.00733028 0.99798 178.201
0.996849 0.0483868 -0.0635267 74.4717 -0.0474219 0.998748 0.0166074 -3.96148 0.0642493 -0.0135445 0.997874 179.072
0.996867 0.0497071 -0.0623058 74.4085 -0.0484409 0.998605 0.0216687 -3.94646 0.0632939 -0.0185819 0.997862 179.944
0.996733 0.0498375 -0.0642442 74.3388 -0.0485363 0.998598 0.0216571 -3.94515 0.065232 -0.01847 0.997731 180.791
0.996729 0.0463513 -0.066926 74.2934 -0.0455352 0.998884 0.0136667 -3.91103 0.0674825 -0.010574 0.997704 181.628
0.996821 0.0416721 -0.0685535 74.2441 -0.0413626 0.99914 0.00592953 -3.92109 0.0687398 -0.0030772 0.997663 182.467
0.996796 0.0368263 -0.0716843 74.197 -0.03678 0.999336 0.00196858 -3.92005 0.0717067 0.000674493 0.997466 183.333
0.996711 0.0380912 -0.0721555 74.1337 -0.0377693 0.999283 0.00582241 -3.92134 0.0723238 -0.00308006 0.997411 184.191
0.996482 0.0406768 -0.0739486 74.0621 -0.0397144 0.999122 0.0144406 -3.92163 0.0744685 -0.0114524 0.997199 185.046
0.996412 0.040004 -0.0751768 73.9924 -0.0388218 0.999113 0.0171225 -3.92485 0.0757933 -0.0141444 0.997057 185.889
0.996426 0.0390031 -0.0755798 73.9161 -0.0379007 0.999169 0.015968 -3.92467 0.0761373 -0.0130458 0.997053 186.745
0.996405 0.0382406 -0.0761852 73.8477 -0.0374242 0.99924 0.0121157 -3.92389 0.0765886 -0.00922287 0.997054 187.578
0.996237 0.0418804 -0.0765378 73.7731 -0.0410659 0.999097 0.0121861 -3.90567 0.0769767 -0.00899663 0.997034 188.423
0.996184 0.0442107 -0.0758455 73.6936 -0.0432841 0.998981 0.0138176 -3.90423 0.0763772 -0.0104839 0.997058 189.257
0.995914 0.048679 -0.0767277 73.616 -0.0474742 0.998735 0.0174475 -3.89139 0.0774778 -0.0137329 0.996941 190.089
0.995554 0.0545752 -0.0773567 73.5451 -0.0530991 0.998382 0.0210077 -3.87742 0.078376 -0.0168084 0.996817 190.911
0.99556 0.0552367 -0.0768629 73.4702 -0.0537938 0.998351 0.0207135 -3.86959 0.0778781 -0.0164861 0.996868 191.725
0.995459 0.0551911 -0.0781481 73.3999 -0.0538065 0.998371 0.0197091 -3.87148 0.0791064 -0.0154164 0.996783 192.546
0.995243 0.0575473 -0.0792329 73.3322 -0.0564245 0.998287 0.0163336 -3.85588 0.0800348 -0.0117846 0.996764 193.334
0.994941 0.0592227 -0.08171 73.2498 -0.0579852 0.99818 0.0174292 -3.84459 0.0825912 -0.0126048 0.99654 194.142
