1.00001 -0.000233155 -2.36702e-05 -0.00469323 0.00023288 1.00001 0.00129643 -0.00866552 2.42197e-05 -0.00129542 1 1.30933
0.999999 -0.00108216 0.00049826 -0.0147391 0.00108158 0.999999 0.00114875 -0.0194459 -0.0004995 -0.00114822 0.999999 2.62192
1 -0.00199569 -0.000319915 -0.0178605 0.00199576 1 0.000974311 -0.0434982 0.000318851 -0.000973874 1 3.95963
0.999998 -0.00179871 0.000956213 -0.0237509 0.00179758 0.999998 0.00116784 -0.0587235 -0.0009583 -0.00116612 0.999999 5.27751
1 -0.00209232 0.000178216 -0.0310469 0.00209156 1 0.00249821 -0.0567497 -0.00018251 -0.0024967 0.999999 6.61523
0.999994 -0.00365517 0.00021279 -0.0355873 0.00365442 0.999988 0.00337056 -0.0824605 -0.000225045 -0.0033697 0.999994 7.95047
1 -0.00321378 0.000923085 -0.04102 0.0032099 0.999994 0.00382981 -0.0909022 -0.000934391 -0.00382568 0.999994 9.2794
0.999995 -0.00324279 -9.51202e-05 -0.0465529 0.00324286 0.999994 0.00106778 -0.101672 9.16873e-05 -0.00106807 0.999999 10.6188
1.00001 -0.000515782 0.000697137 -0.0554745 0.00051594 1.00001 -0.000733523 -0.0983959 -0.000695816 0.000734978 1 11.9485
0.999998 0.00214591 -6.6029e-07 -0.0684019 -0.00214591 0.999995 -0.0023728 -0.121613 -4.378e-06 0.00237284 0.999997 13.2997
0.999993 0.00493175 0.000272256 -0.0800263 -0.00493151 0.999991 -0.00220032 -0.132869 -0.000282135 0.00220008 1 14.646
0.999986 0.00536249 0.00110273 -0.0921427 -0.00536142 0.999986 -0.000987521 -0.128422 -0.00110789 0.000981659 1 15.9818
0.999997 0.00387753 0.000961654 -0.0866243 -0.00387938 0.999997 0.00155366 -0.139683 -0.000954622 -0.00155625 1 17.3416
0.999999 -6.88224e-05 0.0024328 -0.08342 5.99614e-05 0.999994 0.00364012 -0.152791 -0.00243285 -0.00363991 0.999991 18.6849
1 -0.00216567 0.00125927 -0.0720603 0.00216282 1 0.00193976 -0.169866 -0.00126242 -0.00193588 1 20.0301
0.999993 -0.00325888 0.00278927 -0.0656073 0.00326199 0.999995 -0.00109069 -0.173317 -0.00278538 0.0010998 0.999997 21.3528
1 -0.00190364 0.0024119 -0.0657649 0.00190623 1 -0.00125154 -0.176501 -0.00240849 0.0012573 0.999999 22.7148
0.999997 0.000308111 0.00338752 -0.068812 -0.000303519 1 -0.00132527 -0.170263 -0.00338754 0.00132404 0.999995 24.0463
0.99999 0.000279888 0.00541574 -0.0720055 -0.000294794 1 0.00267099 -0.18107 -0.005414 -0.00267143 0.999985 25.3957
0.999992 -0.000548248 0.00468451 -0.0650665 0.000529001 0.999993 0.00412779 -0.195175 -0.00468633 -0.0041255 0.999983 26.7739
0.999983 -0.00330217 0.00573033 -0.0577039 0.00328006 0.999993 0.00378226 -0.227777 -0.0057419 -0.00376231 0.999979 28.1073
0.999985 -0.00380568 0.0045044 -0.0591874 0.00379974 0.999994 0.00133955 -0.233049 -0.00450909 -0.00132271 0.999991 29.4959
0.999979 -0.00308665 0.00656709 -0.057225 0.00307454 0.999999 0.00176003 -0.261048 -0.00657164 -0.0017388 0.999981 30.8529
0.999985 -0.00127032 0.00602218 -0.0656893 0.00126496 1 0.000899928 -0.277629 -0.00602296 -0.000892713 0.999984 32.2476
0.999984 -0.000688766 0.0065327 -0.0602345 0.000686825 1.00001 0.000216774 -0.297265 -0.00653206 -0.000211271 0.999984 33.6311
0.999974 -0.000228679 0.00773456 -0.0560082 0.000220776 1 0.00102938 -0.314024 -0.00773443 -0.00102806 0.999973 35.0022
0.999987 -0.000240907 0.00610127 -0.0576459 0.000218896 0.999999 0.00350657 -0.333 -0.00610132 -0.00350416 0.99998 36.4211
0.999979 0.000951504 0.007214 -0.0596021 -0.000987341 0.99999 0.00497933 -0.345629 -0.00720885 -0.00498668 0.999966 37.8029
0.999982 0.00353228 0.00597021 -0.0547779 -0.00356267 0.999986 0.00498306 -0.353682 -0.00595171 -0.00500322 0.999975 39.2133
0.99997 0.00515727 0.00665718 -0.067889 -0.00519415 0.999975 0.00554341 -0.363376 -0.00662809 -0.00557818 0.999968 40.6029
0.999961 0.00621846 0.00715143 -0.0700983 -0.00625758 0.999971 0.00537539 -0.36273 -0.00711696 -0.00541893 0.999966 42.0061
0.999973 0.00595721 0.00564366 -0.0715512 -0.00599106 0.999968 0.00601224 -0.366204 -0.00560732 -0.00604619 0.999972 43.4285
0.999968 0.00445065 0.00757359 -0.0680824 -0.00450429 0.99997 0.00699113 -0.376523 -0.00754138 -0.00702403 0.999953 44.8157
0.999981 0.00406688 0.00594262 -0.0644488 -0.00410598 0.999973 0.00658127 -0.376873 -0.00591534 -0.00660582 0.999967 46.2206
0.999984 0.00358299 0.00568391 -0.0694014 -0.00361613 0.999981 0.00570807 -0.366494 -0.00566252 -0.00572756 0.999974 47.6586
0.999995 0.00355696 0.0035155 -0.0648761 -0.00357547 0.999983 0.0052662 -0.371703 -0.0034964 -0.00527901 0.999986 49.1034
0.999996 0.004009 0.00232474 -0.0719203 -0.0040222 0.999981 0.00535073 -0.382884 -0.0023025 -0.00535909 0.999989 50.5224
0.999994 0.00433681 0.00306119 -0.052029 -0.00435186 0.999982 0.00489452 -0.404843 -0.00303957 -0.00490799 0.99999 51.929
0.999999 0.00390368 0.000453338 -0.0592831 -0.00390715 0.999978 0.00601825 -0.406303 -0.000429039 -0.00601896 0.999989 53.3706
1 0.00333946 0.000980149 -0.0637973 -0.00334645 0.999973 0.0071028 -0.411474 -0.000956088 -0.00710628 0.999982 54.7954
1 0.00244204 -0.000518918 -0.0681712 -0.00243956 0.99998 0.00638189 -0.430146 0.000535295 -0.00637965 0.999987 56.2563
1.00001 -0.000344961 -0.00124484 -0.0829574 0.00035336 0.999981 0.00681775 -0.434702 0.00124275 -0.00681849 0.999984 57.6968
1.00001 -0.00078534 -0.000395056 -0.0815922 0.000787058 0.999982 0.0065703 -0.448478 0.000390699 -0.00656968 0.999986 59.1225
1.00001 -0.00202894 -0.00101919 -0.0843436 0.0020359 0.999977 0.0069808 -0.460119 0.0010053 -0.00698317 0.999984 60.5519
1 -0.00301201 0.00115731 -0.0834883 0.00300249 0.999972 0.00738752 -0.470165 -0.00117873 -0.00738302 0.999981 61.9588
1 -0.00380696 0.00132423 -0.075232 0.0037972 0.999971 0.00721249 -0.500549 -0.00135136 -0.00720771 0.999982 63.401
0.999996 -0.00477802 0.00169724 -0.0758755 0.00476533 0.99997 0.0068346 -0.50037 -0.00172914 -0.00682554 0.999984 64.8257
0.999986 -0.00475467 0.00474004 -0.08758 0.00472129 0.999968 0.00698399 -0.50855 -0.00477281 -0.00696181 0.999973 66.2201
0.999994 -0.00365801 0.00416784 -0.0911376 0.00362635 0.999971 0.00732538 -0.516509 -0.00419367 -0.00730926 0.999974 67.6431
0.999989 -0.00170838 0.0061221 -0.0883044 0.00165326 0.999963 0.00895576 -0.529408 -0.00613684 -0.00894585 0.999951 69.053
0.999994 0.00148527 0.00554621 -0.0912048 -0.00154305 0.999952 0.010271 -0.539101 -0.00552972 -0.0102786 0.999942 70.4686
0.999966 0.0056584 0.0073328 -0.0971329 -0.00574286 0.999921 0.0115093 -0.552401 -0.0072667 -0.0115513 0.999917 71.8587
0.999946 0.00841575 0.00768011 -0.109676 -0.00850208 0.999907 0.0111758 -0.542689 -0.00758435 -0.0112396 0.999918 73.2762
0.999894 0.0126846 0.00842762 -0.110461 -0.0127703 0.999871 0.0101475 -0.54922 -0.00829745 -0.0102543 0.999923 74.6836
0.999883 0.0123251 0.0102683 -0.107113 -0.0124282 0.999878 0.00996076 -0.542508 -0.0101433 -0.0100863 0.999908 76.1106
0.999869 0.0133667 0.010153 -0.10564 -0.0134731 0.999858 0.0104618 -0.54553 -0.0100113 -0.0105975 0.999904 77.5222
0.999859 0.0114422 0.0132421 -0.0926578 -0.0115687 0.999894 0.00945028 -0.552872 -0.0131316 -0.00960122 0.999878 78.9041
0.99988 0.0108206 0.0120182 -0.0819457 -0.0109334 0.9999 0.00933233 -0.55648 -0.0119157 -0.00946288 0.999894 80.3006
0.999884 0.00988788 0.012578 -0.0730321 -0.00998832 0.999924 0.00787006 -0.558699 -0.0124982 -0.00799374 0.999901 81.7226
0.999865 0.00892315 0.0145745 -0.0450595 -0.00904031 0.99993 0.00796887 -0.572412 -0.014502 -0.00809977 0.999872 83.0957
0.999882 0.00903321 0.0134268 -0.0336112 -0.00914275 0.99993 0.00805057 -0.579265 -0.0133522 -0.00817135 0.999888 84.4854
0.999877 0.00899901 0.0137459 -0.0259847 -0.0091157 0.999926 0.00841949 -0.581214 -0.0136688 -0.00854394 0.999881 85.838
0.999905 0.0075049 0.0126379 -0.0178071 -0.00761123 0.999941 0.00831552 -0.589583 -0.0125736 -0.00840982 0.999896 87.2564
0.999928 0.00498013 0.0120017 -0.00856545 -0.00508276 0.999954 0.00849648 -0.608028 -0.0119584 -0.00855705 0.999903 88.6422
0.999938 0.00284877 0.0117689 0.00162487 -0.00295235 0.999961 0.00871502 -0.614074 -0.0117424 -0.00874808 0.999903 89.9949
0.999955 0.00111315 0.0106328 0.0191161 -0.00120281 0.999967 0.00838363 -0.616608 -0.0106228 -0.00839632 0.999919 91.3947
0.999954 -0.000250023 0.0107847 0.0265325 0.000155691 0.999967 0.00866269 -0.620893 -0.0107853 -0.00865945 0.999914 92.7428
0.999958 -0.00167889 0.0102997 0.03316 0.00158846 0.999964 0.00871916 -0.641886 -0.0103136 -0.00870261 0.99992 94.1351
0.99995 -0.00207236 0.0109375 0.0424796 0.00197764 0.999965 0.00857971 -0.647997 -0.0109537 -0.00855652 0.999913 95.4829
0.999954 -0.0026939 0.0105507 0.0473024 0.00260571 0.999966 0.0083042 -0.668846 -0.0105722 -0.00827654 0.999921 96.8573
0.999953 -0.00204334 0.0107171 0.0523818 0.0019573 0.999971 0.00794535 -0.674448 -0.0107319 -0.00792285 0.999921 98.2113
0.999941 -0.00207658 0.0118085 0.0530084 0.00198393 0.999971 0.00779746 -0.682235 -0.0118239 -0.00777372 0.999911 99.5783
0.999934 -0.00192585 0.0123368 0.058684 0.00181424 0.999963 0.00897727 -0.695864 -0.0123524 -0.00895309 0.999894 100.949
0.999906 -0.00191322 0.0145663 0.0667683 0.00177582 0.999958 0.00938934 -0.699898 -0.0145832 -0.00936272 0.999861 102.286
0.999914 -0.0025249 0.0137682 0.0750726 0.00240682 0.999965 0.00851261 -0.715692 -0.013788 -0.00847753 0.99988 103.653
0.999907 -0.00270334 0.0143266 0.0842596 0.00260427 0.999978 0.00687737 -0.719743 -0.0143443 -0.00683957 0.999886 105
0.999898 -0.00320147 0.0148354 0.0914667 0.00311598 0.999984 0.00571392 -0.732385 -0.0148523 -0.00566589 0.999885 106.308
0.999888 -0.00599007 0.0147227 0.108684 0.00589615 0.999968 0.00636373 -0.74111 -0.0147596 -0.00627634 0.999884 107.666
0.999866 -0.00776398 0.0152884 0.133341 0.00765067 0.999948 0.00738462 -0.738267 -0.0153437 -0.00726549 0.999867 108.963
0.999846 -0.00929562 0.0158327 0.149694 0.00916785 0.999931 0.00807496 -0.750175 -0.0159059 -0.00792869 0.999855 110.312
0.999818 -0.00986804 0.0170896 0.165653 0.00974295 0.999931 0.00732348 -0.768828 -0.0171593 -0.0071545 0.999839 111.639
0.999794 -0.00836743 0.0192737 0.177672 0.00825755 0.999955 0.00573248 -0.779768 -0.01932 -0.00557226 0.99981 112.955
0.99978 -0.00690223 0.0204923 0.192677 0.00680326 0.999971 0.00484448 -0.79544 -0.0205238 -0.00470279 0.99979 114.318
0.999735 -0.0047764 0.0231583 0.210507 0.00467507 0.999986 0.0043959 -0.805659 -0.0231781 -0.00428662 0.999735 115.641
0.999705 -0.00362289 0.0246119 0.234957 0.00345367 0.999976 0.00687503 -0.812709 -0.0246349 -0.00678674 0.999686 117.002
0.999649 -0.00412499 0.0267691 0.261923 0.00388694 0.999959 0.0089122 -0.822663 -0.0268038 -0.00880513 0.999616 118.315
0.999633 -0.00420995 0.0272997 0.292451 0.0039472 0.999952 0.00964201 -0.826098 -0.0273376 -0.00952949 0.999594 119.68
0.999596 -0.00325427 0.0287773 0.323125 0.00299957 0.999963 0.00886658 -0.824908 -0.0288041 -0.00877681 0.999561 121.029
0.999527 -0.00169482 0.0311802 0.35489 0.00143668 0.999971 0.00827544 -0.83392 -0.0311919 -0.00822557 0.999492 122.349
0.999507 0.000684722 0.0318946 0.388063 -0.000910733 0.999981 0.00705196 -0.842492 -0.0318882 -0.00707769 0.99948 123.726
0.999433 0.00131986 0.0341204 0.425651 -0.00156206 0.99998 0.0070524 -0.843285 -0.034109 -0.00710062 0.999406 125.041
0.999404 0.00266923 0.0349128 0.465225 -0.00291359 0.999978 0.0069317 -0.843627 -0.0348927 -0.00702946 0.99938 126.409
0.999332 0.00188523 0.0369515 0.518324 -0.00214251 0.99998 0.00690643 -0.842829 -0.0369362 -0.00697991 0.999307 127.746
0.999232 0.00115167 0.0396041 0.569422 -0.00147198 0.999973 0.0080424 -0.839937 -0.0395929 -0.00809468 0.999197 129.064
0.999239 3.12827e-05 0.039409 0.610486 -0.0003705 0.999969 0.00857998 -0.840126 -0.0394059 -0.00858705 0.999201 130.425
0.999156 -0.000102712 0.041492 0.662141 -0.000275353 0.999965 0.00908762 -0.842545 -0.0414906 -0.00909156 0.999112 131.751
0.999145 -0.000529299 0.0417282 0.711835 0.000144854 0.999964 0.00919461 -0.854792 -0.04173 -0.0091797 0.999101 133.13
0.999153 -0.00213471 0.0415209 0.765854 0.00173487 0.999958 0.00964486 -0.863296 -0.0415389 -0.00956477 0.999105 134.466
0.999125 -0.00359734 0.0420642 0.826192 0.00319591 0.999956 0.00958377 -0.873971 -0.0420953 -0.00943995 0.999083 135.781
0.999197 -0.00477489 0.0402393 0.871209 0.00439751 0.999952 0.00944129 -0.880627 -0.0402816 -0.00925689 0.99916 137.149
0.999212 -0.00770106 0.0393853 0.916928 0.00732901 0.999934 0.0095554 -0.88793 -0.0394549 -0.00925823 0.999193 138.463
0.999272 -0.0090149 0.0375623 0.962399 0.00863654 0.999917 0.0101983 -0.892696 -0.0376505 -0.00986665 0.999257 139.82
0.999266 -0.0100975 0.0374349 1.00824 0.00971065 0.999905 0.0104702 -0.886176 -0.0375356 -0.010098 0.999259 141.205
0.99934 -0.0113384 0.0350522 1.05269 0.0109577 0.999886 0.0110035 -0.886083 -0.0351724 -0.0106123 0.999339 142.605
0.999372 -0.011596 0.0340448 1.09251 0.0112471 0.99989 0.0103882 -0.885243 -0.0341603 -0.0099978 0.999382 143.949
0.999309 -0.0137767 0.0350914 1.143 0.0135076 0.999884 0.00786491 -0.890482 -0.0351951 -0.00738571 0.999368 145.291
0.999296 -0.0185845 0.0331636 1.19047 0.0183545 0.999814 0.00718759 -0.919914 -0.0332898 -0.0065729 0.99944 146.702
0.999123 -0.0259206 0.0334655 1.24551 0.0255993 0.999629 0.00995491 -0.926682 -0.0337106 -0.0090897 0.999405 148.047
0.998998 -0.0320176 0.0318711 1.29326 0.0316978 0.999451 0.0104475 -0.937274 -0.0321869 -0.00942576 0.999453 149.443
0.998957 -0.0344631 0.0306218 1.33948 0.0342054 0.999383 0.00884925 -0.942138 -0.0309072 -0.00779268 0.999508 150.784
0.998957 -0.0332833 0.0319033 1.37874 0.03308 0.999438 0.00683941 -0.951431 -0.0321119 -0.00577594 0.999485 152.127
0.999031 -0.0309303 0.0319636 1.4059 0.0308176 0.999525 0.00396736 -0.948228 -0.0320703 -0.00297866 0.999498 153.532
0.998999 -0.0302368 0.0336145 1.44601 0.0301009 0.999545 0.00450195 -0.967706 -0.0337342 -0.00348465 0.999443 154.87
0.998924 -0.032899 0.0333146 1.49183 0.0326762 0.999448 0.00716423 -0.969194 -0.0335311 -0.00606807 0.999436 156.215
0.998724 -0.0380627 0.0338612 1.54395 0.0377546 0.999249 0.0096484 -0.98018 -0.0342018 -0.00835665 0.9994 157.558
0.998535 -0.0417999 0.0349531 1.5902 0.0414335 0.999088 0.0110984 -0.982572 -0.0353841 -0.00963398 0.999344 158.892
0.998487 -0.0436864 0.0340674 1.63794 0.0433276 0.999008 0.0111584 -0.986554 -0.0345198 -0.00966446 0.999377 160.235
0.99847 -0.0420507 0.0364783 1.68042 0.041644 0.999072 0.0117953 -0.980624 -0.0369395 -0.0102582 0.999282 161.562
0.998545 -0.0389811 0.0378581 1.70912 0.0385904 0.999205 0.0109617 -0.983346 -0.0382539 -0.00948385 0.999243 162.87
0.998576 -0.0355351 0.0403207 1.75005 0.0351756 0.999344 0.00955227 -0.986104 -0.0406326 -0.00812044 0.999159 164.197
0.998692 -0.0326776 0.0399101 1.79795 0.0323192 0.999442 0.00955781 -0.984652 -0.0401989 -0.00825453 0.999177 165.559
0.998699 -0.0315969 0.0405591 1.84348 0.0312199 0.999473 0.00985664 -0.954073 -0.0408481 -0.0085776 0.999146 166.931
0.998732 -0.0298483 0.041165 1.88745 0.029469 0.999528 0.00975836 -0.955137 -0.0414356 -0.00853199 0.999124 168.265
0.998848 -0.0277332 0.0397338 1.93543 0.0274298 0.9996 0.00812387 -0.955396 -0.0399422 -0.00702466 0.999195 169.638
0.998908 -0.0245947 0.040367 1.97395 0.0243601 0.999694 0.00626024 -0.96177 -0.0405074 -0.00526925 0.999184 170.969
0.999068 -0.019243 0.0392202 2.00822 0.0190467 0.999814 0.0053374 -0.961331 -0.0393146 -0.00458546 0.999234 172.348
0.99912 -0.0157287 0.039532 2.04715 0.0155392 0.999877 0.00506346 -0.941507 -0.0396056 -0.0044439 0.999224 173.754
0.999077 -0.0138076 0.0412224 2.0935 0.0135362 0.999895 0.00682387 -0.945136 -0.0413112 -0.00625963 0.999145 175.12
0.99912 -0.0136465 0.0403307 2.14424 0.0133001 0.999883 0.00880983 -0.950136 -0.040445 -0.00826476 0.999166 176.502
0.999069 -0.0164672 0.0404436 2.19904 0.0160555 0.999828 0.0104479 -0.951533 -0.0406075 -0.0097888 0.999147 177.874
0.99914 -0.0185225 0.0377953 2.25745 0.0181186 0.999787 0.0109624 -0.955065 -0.037989 -0.0102672 0.999245 179.257
0.999135 -0.0189332 0.0376148 2.3053 0.0186821 0.999812 0.00697574 -0.946832 -0.0377386 -0.00626699 0.999288 180.626
0.999252 -0.0173727 0.0353072 2.35374 0.017225 0.999854 0.00444081 -0.951035 -0.0353778 -0.00382843 0.999387 182.004
0.999321 -0.01375 0.0348384 2.39559 0.013663 0.999914 0.00269043 -0.95595 -0.0348711 -0.0022126 0.999409 183.386
0.999332 -0.0103871 0.0357668 2.43506 0.0102264 0.99995 0.00462901 -0.970424 -0.0358117 -0.00425934 0.99937 184.746
0.999387 -0.00866061 0.0345779 2.47284 0.00840382 0.999948 0.00752468 -0.973796 -0.03464 -0.00722938 0.999394 186.156
0.999312 -0.00921668 0.036649 2.50816 0.00885154 0.999923 0.010071 -0.982726 -0.0367377 -0.00973888 0.999299 187.527
0.999341 -0.00948808 0.03569 2.55368 0.00909995 0.99991 0.0109815 -0.977946 -0.0357896 -0.0106493 0.999324 188.95
0.999323 -0.0115543 0.0356828 2.60131 0.0111367 0.999881 0.0118351 -0.978662 -0.035814 -0.0114289 0.999315 190.352
0.999244 -0.0138701 0.0369557 2.64982 0.0133964 0.999838 0.013 -0.981687 -0.0371284 -0.012495 0.999255 191.732
0.999243 -0.0157414 0.0363246 2.7001 0.0152623 0.999809 0.0133848 -0.985409 -0.036527 -0.0128195 0.999273 193.161
0.99918 -0.017064 0.0373434 2.75051 0.0165107 0.999763 0.0150363 -0.997404 -0.0375895 -0.0144072 0.999212 194.544
0.999149 -0.0208614 0.0363512 2.80284 0.020257 0.999667 0.0168707 -0.99533 -0.0366897 -0.016119 0.999219 195.976
0.999035 -0.0233267 0.0378086 2.85596 0.0226616 0.999597 0.0178833 -0.997426 -0.0382088 -0.0170092 0.999149 197.366
0.999114 -0.0213799 0.0369665 2.89972 0.0208503 0.999691 0.0146035 -0.992319 -0.0372659 -0.0138189 0.999232 198.805
0.999219 -0.0141965 0.0375021 2.93651 0.0138074 0.999862 0.0105746 -0.982596 -0.0376453 -0.0100487 0.999264 200.223
0.999257 -0.00669978 0.0386415 2.96906 0.00628006 0.999935 0.0109313 -0.951465 -0.0387109 -0.0106797 0.999216 201.617
0.999293 -0.00099599 0.0381863 2.9951 0.000462589 0.999916 0.013939 -0.954087 -0.0381952 -0.0139115 0.999197 203.079
0.99921 0.000180547 0.0404457 3.04137 -0.000871527 0.999869 0.0170288 -0.95174 -0.040436 -0.0170496 0.99906 204.502
0.999279 -0.0013579 0.0385693 3.09183 0.000668368 0.999854 0.0178473 -0.944118 -0.038586 -0.0178086 0.999121 205.967
0.999312 -0.00348921 0.0377065 3.14549 0.00279189 0.99984 0.0184884 -0.932579 -0.0377634 -0.0183693 0.999143 207.409
0.999288 -0.00543143 0.0379816 3.19877 0.00470861 0.999822 0.0190552 -0.92134 -0.0380765 -0.0188627 0.999122 208.831
0.999355 -0.00464477 0.0363962 3.24383 0.00395756 0.999828 0.0188846 -0.901937 -0.0364762 -0.0187273 0.999185 210.298
0.999322 -0.00445237 0.037231 3.28694 0.00374383 0.999826 0.0190421 -0.895893 -0.0373075 -0.0188898 0.999151 211.726
0.999382 -0.00277676 0.0358794 3.3271 0.00205903 0.999813 0.0199803 -0.881853 -0.0359267 -0.0198931 0.999183 213.206
0.999387 -0.00338289 0.0355762 3.37256 0.00266401 0.999807 0.0201968 -0.866227 -0.035636 -0.0200897 0.999188 214.671
0.999359 -0.00325871 0.0364935 3.42408 0.00253034 0.999813 0.019943 -0.851681 -0.0365502 -0.0198369 0.999162 216.108
0.999388 -0.00386285 0.0355256 3.47521 0.00315487 0.999811 0.0199239 -0.84564 -0.0355942 -0.0197997 0.999196 217.621
0.999363 -0.00392606 0.0363001 3.53038 0.00320663 0.999813 0.0198116 -0.832105 -0.0363695 -0.0196816 0.999173 219.064
0.999412 -0.00368723 0.034862 3.57275 0.00300184 0.999817 0.0196524 -0.821985 -0.0349264 -0.0195362 0.999225 220.583
0.9994 -0.003597 0.0353104 3.61986 0.00290544 0.999819 0.0195683 -0.811043 -0.035373 -0.019453 0.999213 222.038
0.99946 -0.0019897 0.0336257 3.66074 0.00132864 0.999822 0.0196246 -0.789634 -0.0336571 -0.0195693 0.999268 223.533
0.999491 -0.00266079 0.0327404 3.69879 0.00204228 0.999835 0.0188586 -0.771658 -0.0327839 -0.0187812 0.999314 225.051
0.999473 -0.002352 0.0331896 3.73527 0.00172683 0.999837 0.0188052 -0.75664 -0.0332267 -0.0187379 0.999299 226.528
0.999535 -0.00206094 0.0314225 3.76832 0.00146087 0.999832 0.0190538 -0.757554 -0.0314552 -0.0189981 0.999352 228.05
0.999532 -0.00241515 0.0313851 3.79524 0.00183705 0.999845 0.0183822 -0.765871 -0.0314228 -0.0183158 0.999365 229.561
0.99955 -0.00289922 0.0308625 3.84394 0.00235487 0.999858 0.017602 -0.765395 -0.0309078 -0.0175205 0.999396 231.06
0.999536 -0.00394069 0.0310959 3.88531 0.00336781 0.99984 0.018401 -0.755345 -0.0311616 -0.0182878 0.999374 232.554
0.999504 -0.00423297 0.0322002 3.92273 0.00363069 0.999834 0.0186833 -0.738241 -0.0322725 -0.0185562 0.999335 234.037
0.999512 -0.00384536 0.0318946 3.94632 0.00324762 0.999834 0.0187185 -0.72764 -0.0319594 -0.0186059 0.999343 235.579
0.999464 -0.00450336 0.0334476 3.99069 0.00387332 0.99983 0.0188241 -0.714896 -0.0335254 -0.0186835 0.999291 237.081
0.999493 -0.0033729 0.0325799 4.03397 0.00275577 0.999833 0.0189175 -0.694499 -0.0326364 -0.0188181 0.999317 238.593
0.999467 -0.00435765 0.0333985 4.07387 0.00367365 0.9998 0.020457 -0.690606 -0.0334797 -0.0203223 0.999262 240.101
0.999402 -0.00430491 0.0351581 4.1198 0.00356511 0.999788 0.0210298 -0.676696 -0.0352392 -0.0208918 0.999188 241.611
0.99945 -0.00438643 0.033927 4.15626 0.00375907 0.999838 0.0184772 -0.667741 -0.0340012 -0.0183385 0.999283 243.157
0.999382 -0.00420144 0.0357399 4.20895 0.00362697 0.99988 0.0160757 -0.655458 -0.0358011 -0.0159362 0.999259 244.683
0.999418 -0.00266722 0.0350425 4.23585 0.00210015 0.999884 0.0161503 -0.643249 -0.03508 -0.0160662 0.999286 246.235
0.999407 -0.00311712 0.0351207 4.28432 0.00251237 0.999864 0.0171988 -0.638293 -0.0351675 -0.0171003 0.999263 247.759
0.999401 -0.00267726 0.0355194 4.32231 0.00203281 0.99985 0.01811 -0.629136 -0.0355611 -0.0180258 0.999235 249.277
0.999433 -0.00277218 0.0344492 4.37296 0.002141 0.999846 0.018296 -0.620546 -0.0344926 -0.0182117 0.999268 250.811
0.999404 -0.00218208 0.0355151 4.41243 0.00151758 0.99984 0.0186681 -0.609877 -0.0355489 -0.0186019 0.999225 252.323
0.999441 -0.00149699 0.0343003 4.46017 0.000855782 0.999841 0.0186514 -0.609066 -0.0343207 -0.0186115 0.999266 253.917
0.999406 -0.00149537 0.0355378 4.50641 0.000820397 0.999836 0.0189429 -0.593812 -0.0355592 -0.0189012 0.999218 255.429
0.999443 -0.00296926 0.0341464 4.5604 0.00232387 0.999835 0.018872 -0.579861 -0.0341949 -0.0187821 0.999268 256.997
0.999444 -0.00474715 0.0341745 4.61133 0.00407867 0.999817 0.0195416 -0.557128 -0.0342599 -0.01939 0.999254 258.527
0.99938 -0.00715377 0.0353758 4.6632 0.00641108 0.999775 0.0210092 -0.548691 -0.0355161 -0.0207693 0.999184 260.054
0.999421 -0.00703356 0.0344751 4.72678 0.00631257 0.999777 0.0209152 -0.538381 -0.0346135 -0.0206842 0.999215 261.602
0.999384 -0.0072084 0.0352496 4.77391 0.00647766 0.999779 0.0207463 -0.523651 -0.0353896 -0.0205051 0.999193 263.126
0.999347 -0.00982385 0.0359281 4.83998 0.00902322 0.999726 0.0223194 -0.492423 -0.0361366 -0.0219793 0.999134 264.686
0.999297 -0.011845 0.0364446 4.89282 0.0110006 0.999685 0.0232273 -0.461109 -0.0367066 -0.0228099 0.999095 266.224
0.999183 -0.0137732 0.0390333 4.94562 0.012915 0.999688 0.0220996 -0.454207 -0.0393246 -0.0215763 0.999022 267.742
0.999171 -0.0146554 0.0387908 4.99856 0.0138332 0.999692 0.0213282 -0.439471 -0.0390898 -0.0207737 0.999049 269.286
0.999069 -0.0139444 0.0417802 5.04885 0.0130534 0.9997 0.0214723 -0.424937 -0.0420662 -0.0209059 0.998925 270.837
0.999055 -0.0118972 0.0425486 5.10277 0.0109926 0.999727 0.0213856 -0.419626 -0.0427897 -0.0208974 0.998894 272.383
0.999029 -0.0111291 0.0435342 5.15963 0.010213 0.99974 0.0211605 -0.395915 -0.0437574 -0.0206942 0.998857 273.92
0.998894 -0.00873716 0.0468933 5.21235 0.00768996 0.999736 0.0224253 -0.397369 -0.047075 -0.0220397 0.998677 275.455
0.998933 -0.00876962 0.0461962 5.27641 0.00774403 0.999737 0.0222871 -0.37828 -0.0463785 -0.0219044 0.998712 277
0.998795 -0.00792552 0.049091 5.33655 0.00682637 0.99974 0.0224782 -0.361132 -0.0492545 -0.0221158 0.998571 278.53
0.998791 -0.0086472 0.0492038 5.40622 0.00754092 0.999733 0.0225808 -0.332463 -0.0493847 -0.0221812 0.998562 280.086
0.998743 -0.00889777 0.0499738 5.47855 0.00774802 0.999719 0.0231153 -0.312709 -0.0501634 -0.0226988 0.998512 281.619
0.998512 -0.0109028 0.0541595 5.55217 0.00959823 0.999676 0.0242503 -0.300187 -0.054405 -0.0236932 0.998267 283.129
0.998588 -0.0113748 0.052532 5.62639 0.0101147 0.999673 0.0241547 -0.278674 -0.0527876 -0.0235888 0.998357 284.681
0.99846 -0.0119086 0.0549234 5.70975 0.0106948 0.999709 0.0223012 -0.261284 -0.0551718 -0.0216782 0.99827 286.201
0.99858 -0.011821 0.0526046 5.78587 0.0106979 0.999727 0.021541 -0.241739 -0.0528428 -0.0209473 0.998414 287.757
0.998578 -0.0122104 0.0526622 5.85487 0.0110644 0.999713 0.0219579 -0.214362 -0.052914 -0.0213427 0.9984 289.283
0.99848 -0.0132119 0.0541488 5.93501 0.0120129 0.999693 0.0223718 -0.200713 -0.0544256 -0.0216869 0.998313 290.814
0.998634 -0.0129897 0.0514527 6.00533 0.0118472 0.999694 0.0224091 -0.178961 -0.0517268 -0.0217674 0.998452 292.385
0.998545 -0.0123362 0.0531526 6.08642 0.0111713 0.999708 0.0221215 -0.160668 -0.0534078 -0.0214951 0.998372 293.916
0.998681 -0.0118229 0.0508483 6.1598 0.0106848 0.999704 0.0225552 -0.137809 -0.0510987 -0.0219804 0.998482 295.499
0.998717 -0.0121001 0.0498609 6.22797 0.0109609 0.999691 0.0230176 -0.120111 -0.0501219 -0.0224411 0.99852 297.065
0.998661 -0.0118408 0.0512667 6.30777 0.0105933 0.99966 0.0244984 -0.101494 -0.0515382 -0.0239207 0.998415 298.594
0.998759 -0.0108279 0.0493323 6.37584 0.00957051 0.999643 0.0256136 -0.0732285 -0.0495899 -0.0251091 0.998484 300.187
0.998646 -0.00982575 0.0520076 6.44391 0.00841414 0.999609 0.0272549 -0.0495529 -0.052254 -0.0267784 0.998305 301.709
0.998652 -0.00930195 0.0517522 6.51623 0.00787435 0.999602 0.0276861 -0.0227901 -0.0519871 -0.0272406 0.998307 303.307
0.998642 -0.00994687 0.052048 6.59246 0.00849272 0.999586 0.0280477 0.00997348 -0.0523042 -0.0275655 0.998281 304.896
0.998519 -0.0110766 0.0539339 6.67967 0.00960219 0.999592 0.0274874 0.0357426 -0.0542144 -0.0269281 0.998198 306.469
0.99855 -0.0115899 0.0534526 6.76599 0.0101839 0.999614 0.0264636 0.0597516 -0.0537374 -0.0258789 0.99825 308.062
0.998477 -0.0117211 0.0545767 6.84459 0.0103476 0.999641 0.0253484 0.0880167 -0.0548522 -0.0247444 0.998219 309.66
0.998653 -0.0110822 0.0516737 6.9265 0.00977078 0.999642 0.0255245 0.114835 -0.0519369 -0.0249833 0.998368 311.26
0.998744 -0.0103303 0.0497466 7.00307 0.00904501 0.999638 0.0259583 0.143788 -0.0499949 -0.0254751 0.998456 312.862
0.998708 -0.00886523 0.0510384 7.06568 0.00740682 0.999579 0.0286573 0.18684 -0.0512696 -0.0282402 0.998316 314.48
0.998676 -0.0109429 0.0509613 7.15537 0.00936052 0.999487 0.0311528 0.224762 -0.0512741 -0.0306338 0.998246 316.125
0.998609 -0.0121032 0.052311 7.22652 0.0104776 0.999475 0.0312026 0.261648 -0.0526599 -0.0306089 0.998174 317.749
0.998619 -0.0127433 0.0516528 7.31205 0.0111571 0.999479 0.0308459 0.291651 -0.0520169 -0.0302262 0.998219 319.382
0.998545 -0.013194 0.0532531 7.38859 0.0115456 0.999466 0.0311087 0.326082 -0.0536339 -0.0304465 0.998128 320.987
0.998559 -0.0131205 0.0527108 7.47199 0.0114827 0.999463 0.0312199 0.368685 -0.0530902 -0.0305689 0.998153 322.636
0.998543 -0.0132958 0.0532685 7.55617 0.0116408 0.999461 0.0312252 0.400705 -0.0536537 -0.0305574 0.998124 324.256
0.998427 -0.0126852 0.0552548 7.62923 0.0109788 0.999474 0.0310442 0.448058 -0.0556174 -0.0303881 0.99802 325.86
0.998476 -0.01232 0.054748 7.71539 0.0106507 0.99949 0.0306449 0.484426 -0.0550963 -0.030013 0.998061 327.493
0.998309 -0.0135899 0.0571342 7.79868 0.011734 0.999414 0.032663 0.523488 -0.0575424 -0.0319366 0.997863 329.102
0.998345 -0.0150803 0.056426 7.8914 0.0131946 0.999364 0.0336107 0.574204 -0.0568955 -0.0328084 0.997873 330.743
0.998305 -0.0159579 0.0565965 7.98088 0.0141236 0.999384 0.0326298 0.623484 -0.0570801 -0.0317743 0.997895 332.353
0.998222 -0.0156372 0.0584123 8.06312 0.0136915 0.99936 0.0335301 0.666719 -0.0588977 -0.0326686 0.997761 333.965
0.998303 -0.0144926 0.0570428 8.15382 0.0126821 0.999425 0.031942 0.720031 -0.0574707 -0.0311636 0.997891 335.58
0.998304 -0.0123753 0.0577941 8.2298 0.0105698 0.999467 0.0314093 0.731348 -0.0581505 -0.030743 0.997865 337.167
0.998387 -0.0116627 0.0562145 8.31245 0.00980647 0.999418 0.0331536 0.768303 -0.0565664 -0.032548 0.997899 338.786
0.998437 -0.0112357 0.0556824 8.39441 0.00920285 0.999304 0.0365961 0.806005 -0.0560534 -0.0360241 0.997809 340.397
0.998404 -0.010268 0.0561893 8.4777 0.00805083 0.999203 0.0395136 0.840121 -0.056548 -0.038997 0.997669 341.979
0.998555 -0.00917804 0.053928 8.55964 0.00705327 0.999214 0.0394227 0.887208 -0.0542459 -0.0389828 0.997798 343.597
0.998569 -0.00936516 0.053359 8.63511 0.00724567 0.9992 0.0397452 0.926095 -0.0536865 -0.0393006 0.997816 345.17
0.998723 -0.0100731 0.050569 8.71569 0.00800926 0.999151 0.0408112 0.984075 -0.0509358 -0.0403514 0.997918 346.782
0.99875 -0.0111064 0.0495079 8.79372 0.00903532 0.9991 0.0418269 1.03223 -0.0499258 -0.041326 0.997929 348.372
0.998735 -0.0111178 0.0501133 8.85911 0.00902959 0.999106 0.0416641 1.04754 -0.0505303 -0.0411561 0.997906 349.933
0.998779 -0.0111928 0.048896 8.93489 0.0091392 0.999093 0.0419867 1.09511 -0.0493196 -0.0414873 0.997953 351.54
0.998739 -0.0114237 0.0499715 9.00463 0.00931416 0.999081 0.042204 1.1472 -0.0504062 -0.0416826 0.997891 353.099
0.99877 -0.0124649 0.0487733 9.0773 0.0104026 0.999068 0.0422728 1.19838 -0.0492529 -0.0417122 0.997946 354.719
0.998777 -0.013023 0.0488035 9.14973 0.0109591 0.999061 0.0422781 1.24443 -0.0493068 -0.0416889 0.997946 356.308
0.998701 -0.0132362 0.0499868 9.21879 0.0111199 0.999057 0.0423435 1.29103 -0.0504982 -0.0417313 0.997884 357.87
0.998765 -0.01331 0.0489688 9.29369 0.0112083 0.999032 0.0429024 1.33901 -0.0494908 -0.0422978 0.997911 359.489
0.998715 -0.0136934 0.0496022 9.36567 0.0115763 0.999037 0.0426844 1.39032 -0.050137 -0.0420539 0.997889 361.056
0.998767 -0.014951 0.0484727 9.43947 0.0128824 0.999022 0.0426649 1.43315 -0.0490616 -0.0419851 0.997946 362.671
0.99873 -0.0169775 0.0482556 9.51307 0.0148414 0.998927 0.0442446 1.49722 -0.048953 -0.0434708 0.997888 364.265
0.998666 -0.0184902 0.0493503 9.58752 0.0162309 0.998837 0.0457496 1.54225 -0.0501373 -0.0448847 0.997767 365.839
0.998727 -0.0185999 0.0477313 9.66146 0.0164289 0.998848 0.045436 1.5888 -0.0485195 -0.0445924 0.99786 367.459
0.99868 -0.0177779 0.0493271 9.73166 0.0155393 0.998866 0.0453571 1.64153 -0.050076 -0.0445278 0.997787 369.028
0.998732 -0.0167321 0.0483231 9.80034 0.014473 0.998821 0.0466847 1.70075 -0.0490454 -0.0459245 0.997774 370.642
0.998668 -0.0164182 0.05006 9.86763 0.0140315 0.998782 0.0476185 1.75271 -0.0507794 -0.0468495 0.997646 372.22
0.998697 -0.0165187 0.0491226 9.94406 0.0141554 0.998761 0.0480319 1.7919 -0.0498533 -0.0472723 0.997671 373.84
0.99869 -0.0168127 0.0494754 10.0184 0.0144371 0.998761 0.0479472 1.84891 -0.0502188 -0.047167 0.99766 375.432
0.998589 -0.0165014 0.0512786 10.0876 0.0140298 0.998757 0.0481506 1.90959 -0.0520075 -0.0473615 0.997557 377.011
0.998682 -0.0157068 0.049995 10.1622 0.0132878 0.998759 0.0483142 1.98565 -0.0506902 -0.047583 0.997617 378.639
0.998582 -0.0153754 0.0517761 10.2339 0.0128295 0.998726 0.0491116 2.04325 -0.0524632 -0.0483759 0.997486 380.22
0.998641 -0.0136097 0.0514351 10.3098 0.0110392 0.998709 0.0498961 2.11266 -0.0520462 -0.0492572 0.997466 381.861
0.998618 -0.0128937 0.0517786 10.3855 0.0102801 0.998691 0.0503949 2.17412 -0.0523586 -0.049791 0.997422 383.466
0.998543 -0.0121345 0.0537036 10.459 0.00941266 0.99869 0.0506151 2.23499 -0.0542458 -0.0500324 0.99731 385.05
0.998583 -0.0115854 0.0527131 10.5387 0.00888975 0.99867 0.0510533 2.29494 -0.0532325 -0.0505105 0.997339 386.681
0.998512 -0.0109861 0.0545668 10.6138 0.00813832 0.998624 0.0521061 2.36028 -0.0550627 -0.0515807 0.997189 388.27
0.998581 -0.0099998 0.0530855 10.6869 0.00718931 0.99859 0.0528391 2.43314 -0.053537 -0.0523806 0.997226 389.916
0.998585 -0.00932509 0.0535282 10.7663 0.00647382 0.998581 0.0531619 2.4991 -0.0539464 -0.0527364 0.997189 391.531
0.998484 -0.00966055 0.0549543 10.842 0.00669861 0.998543 0.0537979 2.56366 -0.0553918 -0.0533462 0.997076 393.127
