0.999022 -0.00060708 0.0441954 0.0392884 0.000713495 0.999996 -0.00239527 -0.0295571 -0.0441938 0.00242449 0.999019 0.997147
0.995845 -0.00298986 0.0910144 0.118555 0.00369871 0.999965 -0.00762032 -0.0452984 -0.0909883 0.00792533 0.995821 2.02432
0.99071 -0.00384118 0.135937 0.243971 0.00552467 0.999912 -0.0120097 -0.0826561 -0.135879 0.0126489 0.990645 2.99601
0.982991 -0.000650565 0.183655 0.399509 0.00347087 0.999882 -0.0150352 -0.105617 -0.183624 0.015417 0.982877 4.00549
0.97348 -0.0033824 0.228745 0.607583 0.00680866 0.999876 -0.0141911 -0.128104 -0.228668 0.015372 0.973383 4.96645
0.961623 -0.00448867 0.274338 0.868745 0.0087927 0.999857 -0.0144608 -0.142722 -0.274234 0.0163181 0.961526 5.92825
0.947288 -0.00690336 0.320307 1.18591 0.0128969 0.999779 -0.0165945 -0.152653 -0.320122 0.0198506 0.947169 6.90692
0.932086 -0.00869185 0.362136 1.52983 0.0161726 0.999715 -0.0176305 -0.216165 -0.361879 0.0222899 0.93196 7.81409
0.914287 -0.0081175 0.404987 1.9193 0.0164378 0.999719 -0.0170715 -0.21155 -0.404734 0.0222652 0.914164 8.71522
0.89392 -0.00919453 0.448134 2.36768 0.0179391 0.999724 -0.0152721 -0.22911 -0.447869 0.0216912 0.893839 9.62183
0.872412 -0.00919995 0.488685 2.81499 0.0184611 0.999729 -0.0141365 -0.269232 -0.488423 0.0213542 0.872346 10.4831
0.847062 -0.00955638 0.531413 3.3453 0.0193997 0.999729 -0.0129444 -0.288845 -0.531144 0.021274 0.847018 11.3384
0.821365 -0.00951106 0.570325 3.89114 0.0201115 0.999722 -0.0122922 -0.310975 -0.57005 0.0215662 0.821328 12.1366
0.793722 -0.010663 0.60819 4.47381 0.0222338 0.999688 -0.0114892 -0.349449 -0.607877 0.0226416 0.793711 12.9134
0.764011 -0.0112426 0.645108 5.10213 0.0240794 0.999648 -0.0110963 -0.348142 -0.644756 0.0240113 0.764014 13.6862
0.733416 -0.0138137 0.679643 5.75259 0.0279674 0.999562 -0.009864 -0.369235 -0.679208 0.0262423 0.733481 14.4163
0.70167 -0.0133558 0.712381 6.42095 0.0280404 0.999567 -0.00887887 -0.38783 -0.711954 0.0262053 0.701741 15.0948
0.666599 -0.0130699 0.745306 7.16123 0.0297875 0.999516 -0.00911408 -0.403649 -0.744825 0.0282762 0.666665 15.7608
0.630605 -0.0142444 0.775977 7.90427 0.0344165 0.999361 -0.00962397 -0.446636 -0.775344 0.032775 0.630693 16.3851
0.594472 -0.0124566 0.804024 8.66601 0.0339486 0.999379 -0.00961738 -0.447459 -0.803404 0.0330125 0.594525 16.9537
0.556069 -0.011434 0.831061 9.47928 0.0369196 0.999259 -0.0109552 -0.466949 -0.83032 0.0367739 0.556079 17.4895
0.516343 -0.0105867 0.856321 10.3182 0.0411958 0.999074 -0.0124886 -0.494155 -0.855396 0.0417249 0.516301 18.0038
0.477121 -0.00885439 0.878797 11.1695 0.0429517 0.99899 -0.0132543 -0.495048 -0.877792 0.0440694 0.47702 18.4907
0.437718 -0.0114369 0.899044 12.0554 0.0486319 0.998758 -0.0109719 -0.510121 -0.897802 0.0485245 0.43773 18.9367
0.399539 -0.011047 0.916654 12.9921 0.0513222 0.99863 -0.010335 -0.539375 -0.915283 0.0511735 0.399559 19.3512
0.363443 -0.00943356 0.931574 13.9334 0.0535771 0.998507 -0.010791 -0.554607 -0.930081 0.0538324 0.363405 19.7057
0.329541 -0.00991454 0.944094 14.8809 0.0538347 0.998516 -0.00830541 -0.575164 -0.942611 0.0535614 0.329586 20.0346
0.294992 -0.0106583 0.955446 15.867 0.055563 0.998438 -0.00601703 -0.582433 -0.95389 0.0548618 0.295123 20.3272
0.262794 -0.0109907 0.964794 16.8334 0.056364 0.998403 -0.00397924 -0.603055 -0.96321 0.0554247 0.262993 20.6015
0.229906 -0.00806564 0.973185 17.8439 0.0537157 0.998548 -0.00441397 -0.609107 -0.971736 0.0532895 0.230005 20.8461
0.197551 -0.00659245 0.980276 18.8818 0.0527972 0.998599 -0.00392454 -0.616885 -0.978875 0.0525304 0.197622 21.0535
0.167228 -0.00581279 0.985906 19.9014 0.0543529 0.998518 -0.00333222 -0.613732 -0.984426 0.0541435 0.167296 21.2332
0.136588 -0.00682449 0.990609 20.9335 0.0559997 0.998431 -0.000843247 -0.630963 -0.989049 0.0555884 0.136756 21.383
0.105669 -0.00713541 0.994381 21.9877 0.0551517 0.998479 0.00130402 -0.643623 -0.992878 0.0547034 0.105901 21.5164
0.0761497 -0.00707765 0.997076 23.0573 0.0552048 0.998472 0.00287115 -0.64398 -0.995573 0.0548241 0.0764239 21.6069
0.0480405 -0.00716449 0.998825 24.1467 0.0575885 0.998333 0.00439108 -0.645471 -0.997192 0.0573093 0.0483727 21.6649
0.0231583 -0.00633856 0.999717 25.2453 0.0608824 0.998134 0.00491795 -0.643585 -0.997882 0.0607506 0.0235007 21.6852
0.000202398 -0.00587642 0.999988 26.3549 0.0655309 0.997836 0.00585051 -0.62464 -0.997858 0.0655283 0.000586726 21.6835
-0.0213714 -0.00579108 0.99976 27.4892 0.0707697 0.997467 0.00729038 -0.621269 -0.997271 0.0709078 -0.0209077 21.66
-0.0387846 -0.00649498 0.999232 28.6163 0.0752717 0.997122 0.00940287 -0.604645 -0.996416 0.075578 -0.0381843 21.6152
-0.0551952 -0.00614659 0.998462 29.7689 0.0775971 0.996931 0.0104265 -0.606013 -0.995463 0.0780525 -0.0545492 21.5529
-0.0698796 -0.00714511 0.997536 30.9148 0.0793843 0.996766 0.0127006 -0.604383 -0.994399 0.0800755 -0.0690866 21.4738
-0.0830816 -0.00830038 0.996514 32.0707 0.079575 0.996718 0.0149362 -0.598409 -0.993368 0.0805378 -0.0821489 21.3872
-0.0958038 -0.00825072 0.995372 33.2325 0.0795702 0.996705 0.0159203 -0.595885 -0.992222 0.0807266 -0.0948318 21.2972
-0.108422 -0.00560651 0.994095 34.4146 0.0792452 0.996754 0.0142642 -0.577656 -0.990948 0.080323 -0.107626 21.1744
-0.117855 -0.00273236 0.993033 35.5945 0.0796438 0.996751 0.0121949 -0.575546 -0.989839 0.0805254 -0.117255 21.0267
-0.127661 -0.000329366 0.991824 36.8212 0.0795521 0.996776 0.0105701 -0.557731 -0.98863 0.0802503 -0.127224 20.8664
-0.134552 0.000416632 0.990913 38.0672 0.0787743 0.996842 0.0102774 -0.547623 -0.987778 0.0794406 -0.13416 20.6972
-0.140298 0.000761092 0.990115 39.3349 0.0785387 0.996859 0.0103624 -0.536939 -0.986997 0.0792154 -0.139918 20.5023
-0.146096 0.00246546 0.989274 40.6071 0.0796992 0.996778 0.00928598 -0.523695 -0.986063 0.0802001 -0.145822 20.3196
-0.150221 0.00404815 0.988651 41.9274 0.0785108 0.996885 0.00784728 -0.519534 -0.985539 0.0787978 -0.150071 20.1159
-0.154272 0.00433665 0.988026 43.2571 0.0787087 0.996869 0.00791436 -0.519672 -0.984897 0.0789862 -0.15413 19.919
-0.157835 0.00403781 0.987464 44.6178 0.0784122 0.996888 0.00845684 -0.510015 -0.984356 0.0787633 -0.15766 19.7131
-0.159627 0.00178677 0.987183 45.9878 0.0792372 0.996797 0.0110086 -0.495174 -0.984001 0.0799779 -0.159258 19.4977
-0.161773 0.00146978 0.986834 47.3835 0.0793021 0.996787 0.0115153 -0.484502 -0.983645 0.08012 -0.161369 19.2747
-0.164273 0.0012128 0.986421 48.7935 0.0813502 0.996612 0.0123224 -0.479122 -0.983063 0.0822688 -0.163816 19.0522
-0.163852 0.00169672 0.986491 50.2293 0.0814739 0.996608 0.0118183 -0.44861 -0.983124 0.0823088 -0.163434 18.8112
-0.165688 0.00223647 0.986183 51.6843 0.0828519 0.996496 0.0116601 -0.439348 -0.9827 0.0836381 -0.165293 18.5717
-0.165219 0.00282317 0.98626 53.1579 0.0828956 0.996499 0.0110341 -0.419479 -0.982776 0.0835787 -0.164875 18.3295
-0.163664 0.00337944 0.986518 54.6532 0.0821484 0.99657 0.0102145 -0.420502 -0.983099 0.0827115 -0.163381 18.0927
-0.163313 0.00309335 0.986577 56.1562 0.0819623 0.996583 0.0104427 -0.415519 -0.983173 0.0825666 -0.163009 17.862
-0.160418 0.00252968 0.987053 57.6969 0.0818467 0.99659 0.0107477 -0.39232 -0.983659 0.0825101 -0.160078 17.617
-0.159176 0.00323322 0.987252 59.2489 0.0823661 0.996554 0.0100161 -0.382031 -0.983818 0.0829094 -0.158894 17.3647
-0.159536 0.00326912 0.987194 60.8073 0.0823736 0.996554 0.0100119 -0.365067 -0.983758 0.0829148 -0.159256 17.1088
-0.157029 0.00408847 0.987594 62.3917 0.0837998 0.996443 0.00919887 -0.345766 -0.984042 0.0842035 -0.156813 16.8634
-0.157841 0.00307239 0.987467 63.9778 0.0824825 0.996544 0.0100838 -0.324324 -0.984023 0.0830392 -0.157549 16.609
-0.154062 0.00179405 0.988068 65.6387 0.0842161 0.996386 0.0113215 -0.294425 -0.984476 0.0849541 -0.153656 16.3692
-0.152982 0.000503486 0.988236 67.2696 0.0858904 0.996225 0.0127886 -0.280629 -0.984499 0.0868351 -0.152448 16.1206
-0.153247 0.00313106 0.988191 68.9044 0.0867295 0.996181 0.0102929 -0.274686 -0.984385 0.0872813 -0.152933 15.8751
-0.151175 0.0039983 0.988506 70.5722 0.0887809 0.996008 0.00954892 -0.259432 -0.984521 0.0892027 -0.150926 15.6128
-0.150038 0.00385747 0.988681 72.251 0.0886769 0.996017 0.00957063 -0.225906 -0.984706 0.0891078 -0.149783 15.3719
-0.150945 0.0032196 0.988545 73.9466 0.0889022 0.99599 0.010331 -0.224736 -0.984546 0.0894418 -0.150627 15.1265
-0.149723 0.00354269 0.98873 75.6744 0.0893558 0.995953 0.00996197 -0.188692 -0.984692 0.089839 -0.149434 14.874
-0.151049 0.00294397 0.988531 77.3811 0.0909025 0.995804 0.0109243 -0.200681 -0.984347 0.0915086 -0.150684 14.6092
-0.14908 0.00283475 0.988831 79.1533 0.0920183 0.9957 0.0110182 -0.16406 -0.984545 0.0926318 -0.1487 14.3526
-0.149283 0.00348252 0.988798 80.9311 0.0923253 0.995678 0.0104318 -0.165716 -0.984484 0.0928468 -0.14896 14.0838
-0.151018 0.004675 0.98853 82.6754 0.0915442 0.995762 0.00927569 -0.142944 -0.984295 0.0918936 -0.150806 13.8164
-0.149892 0.00486767 0.9887 84.4857 0.0909386 0.995822 0.00888374 -0.125989 -0.984522 0.0912409 -0.149708 13.5382
-0.150249 0.00503986 0.988646 86.3008 0.0903015 0.995881 0.00864647 -0.1228 -0.984527 0.090574 -0.150085 13.2654
-0.152011 0.00474613 0.988378 88.1158 0.0894758 0.995953 0.0089785 -0.106773 -0.984331 0.0897988 -0.151821 12.9858
-0.151352 0.00341414 0.988485 89.9702 0.0885706 0.996023 0.010121 -0.110755 -0.984517 0.0890811 -0.151052 12.7049
-0.151459 0.00354129 0.988467 91.8228 0.0862894 0.996228 0.00965228 -0.0899568 -0.984701 0.0867544 -0.151193 12.4352
-0.153943 0.00387832 0.988083 93.6783 0.0859453 0.996259 0.00947943 -0.0900214 -0.984348 0.0863789 -0.1537 12.1575
-0.154573 0.00470654 0.987981 95.57 0.0848014 0.996367 0.00852056 -0.0614681 -0.984347 0.0850973 -0.154411 11.8672
-0.160405 0.00526579 0.987049 97.4449 0.0854024 0.996315 0.00856315 -0.059835 -0.983363 0.0856684 -0.160263 11.571
-0.163587 0.00502388 0.986527 99.3482 0.0836837 0.996459 0.0088015 -0.0566968 -0.982985 0.0839942 -0.163428 11.2734
-0.168061 0.00411872 0.98578 101.266 0.0818097 0.996605 0.00978312 -0.0373858 -0.98239 0.082289 -0.167827 10.9622
-0.174377 0.00457476 0.98468 103.182 0.0811517 0.99666 0.00974018 -0.0247273 -0.981341 0.0816051 -0.174165 10.6294
-0.176891 0.00553892 0.984227 105.118 0.0809557 0.996682 0.00894056 -0.014992 -0.980909 0.0812587 -0.176753 10.2988
-0.181214 0.00632877 0.983435 107.049 0.0813679 0.996653 0.00857904 -0.00184598 -0.980084 0.0815728 -0.181123 9.96658
-0.187547 0.00645291 0.982247 108.997 0.0806268 0.99671 0.00884646 0.0172081 -0.978955 0.080853 -0.18745 9.61609
-0.190957 0.00592635 0.981592 110.949 0.0796715 0.996782 0.00948053 0.0328458 -0.978372 0.0800135 -0.190814 9.26345
-0.197284 0.00585188 0.980341 112.921 0.0779758 0.996913 0.00974086 0.0509969 -0.977255 0.0783632 -0.19713 8.88456
-0.20062 0.00399684 0.979673 114.902 0.0781474 0.996877 0.0119357 0.0686881 -0.976559 0.0789516 -0.200305 8.50452
-0.205447 0.00394605 0.978673 116.886 0.0786765 0.996827 0.0124967 0.0831112 -0.975515 0.0795644 -0.205105 8.11399
-0.212155 0.00500264 0.977235 118.871 0.0796334 0.996756 0.0121851 0.0988777 -0.973998 0.080404 -0.211864 7.70446
-0.215253 0.00561307 0.976555 120.879 0.0790586 0.996807 0.0116966 0.124065 -0.973368 0.0797213 -0.215008 7.28858
-0.219996 0.00495376 0.975501 122.902 0.0796252 0.996747 0.012895 0.139657 -0.972258 0.0805094 -0.219675 6.85077
-0.226889 0.00367649 0.973927 124.913 0.0792042 0.996756 0.0146889 0.169351 -0.97071 0.0804704 -0.226443 6.41272
-0.230072 0.00414399 0.973178 126.933 0.0783716 0.996828 0.0142828 0.19743 -0.970025 0.0795537 -0.229666 5.94958
-0.237041 0.00400911 0.971504 128.94 0.0781253 0.996837 0.0149483 0.230017 -0.968369 0.0794409 -0.236603 5.48313
-0.239723 0.00337722 0.970849 130.97 0.0802147 0.996649 0.0163392 0.265098 -0.967535 0.0817912 -0.239191 4.99145
-0.243624 0.00243308 0.96988 133 0.0804667 0.996606 0.0177123 0.265722 -0.966543 0.0823566 -0.242991 4.49604
-0.249394 0.00308155 0.968411 135.024 0.0801957 0.996632 0.0174808 0.267217 -0.965089 0.0820199 -0.2488 3.97914
-0.249705 0.00389381 0.968328 137.1 0.0804086 0.996628 0.0167275 0.286486 -0.964994 0.0820373 -0.249174 3.47081
-0.253308 0.00334326 0.967394 139.145 0.0791611 0.996718 0.0172829 0.306484 -0.964155 0.0809558 -0.252741 2.95594
-0.260111 0.00271217 0.965589 141.18 0.0773484 0.996847 0.0180361 0.323691 -0.962492 0.0793765 -0.259499 2.401
-0.262816 0.0034345 0.964854 143.281 0.0751036 0.997039 0.0169079 0.338285 -0.961932 0.0769058 -0.262296 1.83448
-0.268965 0.003661 0.963158 145.344 0.0744944 0.997083 0.0170126 0.387863 -0.960282 0.0763239 -0.268451 1.27411
-0.272312 0.00293558 0.96222 147.439 0.0742789 0.997082 0.0179788 0.389888 -0.959353 0.0763663 -0.271735 0.698839
-0.276497 0.0036984 0.961022 149.529 0.0735224 0.997149 0.0173155 0.420932 -0.958217 0.0754424 -0.275979 0.113426
-0.282198 0.00402128 0.959364 151.614 0.0730419 0.997185 0.0173051 0.443254 -0.956587 0.0749549 -0.281697 -0.480335
-0.285061 0.00320146 0.958519 153.721 0.0720179 0.997245 0.0180868 0.462209 -0.955819 0.0741844 -0.284504 -1.07802
-0.288991 0.00344234 0.957341 155.825 0.072933 0.997172 0.0184301 0.487841 -0.954565 0.0751455 -0.288425 -1.69898
-0.293722 0.00442083 0.955895 157.955 0.0742674 0.997078 0.0182089 0.513709 -0.95302 0.0763385 -0.293191 -2.30645
-0.29591 0.00494613 0.955218 160.069 0.0739967 0.997106 0.0177594 0.538286 -0.952361 0.075936 -0.29542 -2.94618
-0.299759 0.00632515 0.954009 162.185 0.0742775 0.997103 0.0167275 0.562827 -0.951138 0.0758738 -0.299359 -3.59234
-0.304901 0.00677664 0.952376 164.315 0.0738847 0.997135 0.0165584 0.582958 -0.94953 0.0754124 -0.304528 -4.26144
-0.307774 0.00710188 0.951448 166.457 0.0741062 0.997119 0.0165288 0.609192 -0.948588 0.0755936 -0.307412 -4.93778
-0.311751 0.00733769 0.950152 168.601 0.0739383 0.997132 0.0165587 0.630126 -0.9473 0.0754125 -0.311399 -5.63099
-0.314213 0.00709101 0.949341 170.755 0.0740922 0.997111 0.017075 0.655477 -0.946475 0.0757022 -0.313829 -6.32758
-0.318464 0.0077559 0.94792 172.921 0.0755794 0.996997 0.0172338 0.686222 -0.944935 0.0771292 -0.318093 -7.04133
-0.323135 0.00866986 0.946329 175.07 0.0772663 0.996867 0.0172503 0.7075 -0.943212 0.0786917 -0.322791 -7.75083
-0.324883 0.0087692 0.945731 177.254 0.0776878 0.996831 0.017444 0.731399 -0.942577 0.0791366 -0.324534 -8.4967
-0.327948 0.00754927 0.944681 179.439 0.0769174 0.996868 0.0187354 0.760803 -0.941579 0.0788047 -0.3275 -9.23682
-0.332241 0.00809505 0.943177 181.634 0.0762958 0.996923 0.0183187 0.792961 -0.940123 0.0780444 -0.331835 -9.97866
-0.333233 0.00992808 0.942809 183.796 0.0754784 0.997022 0.0161783 0.828443 -0.939838 0.0765509 -0.332988 -10.724
-0.33708 0.0109026 0.941431 186.009 0.0750155 0.997072 0.0153119 0.846129 -0.938503 0.0757807 -0.336909 -11.4922
-0.341569 0.0117991 0.939799 188.201 0.0737681 0.997179 0.014291 0.878448 -0.936977 0.0742066 -0.341475 -12.2809
-0.342775 0.0126593 0.93935 190.364 0.0727441 0.997272 0.0131045 0.897227 -0.936617 0.0728215 -0.342759 -13.0471
-0.348249 0.0126715 0.937334 192.57 0.0730826 0.997238 0.0136706 0.907607 -0.93457 0.0732616 -0.348211 -13.8418
-0.350209 0.0118445 0.936615 194.763 0.0727706 0.997249 0.014598 0.937029 -0.933861 0.0732678 -0.350105 -14.6486
-0.354054 0.0114857 0.935171 196.973 0.0724489 0.997263 0.0151802 0.962238 -0.932435 0.0731248 -0.353915 -15.4676
-0.359107 0.0115199 0.933243 199.209 0.073107 0.997206 0.0158215 0.980551 -0.930449 0.0739056 -0.358944 -16.3051
-0.361498 0.0112336 0.932323 201.393 0.0721308 0.997274 0.0159512 1.01206 -0.9296 0.0730134 -0.36132 -17.1306
-0.365205 0.0123096 0.930865 203.616 0.071925 0.997304 0.0150298 1.04038 -0.928165 0.0724387 -0.365104 -17.9882
-0.369474 0.0129649 0.929168 205.847 0.07203 0.9973 0.0147259 1.0581 -0.926467 0.0723668 -0.369408 -18.8502
-0.371059 0.0134301 0.928531 208.071 0.0727324 0.997251 0.0146409 1.07919 -0.925778 0.0729643 -0.371013 -19.7224
-0.375163 0.0130849 0.926884 210.299 0.0735459 0.997175 0.0156906 1.09698 -0.924058 0.074053 -0.375064 -20.6086
-0.375601 0.0130843 0.926708 212.527 0.0753829 0.997025 0.0164757 1.12038 -0.923732 0.0760436 -0.375468 -21.5036
-0.378216 0.0135236 0.925636 214.758 0.076275 0.996956 0.0166 1.14255 -0.922592 0.0768793 -0.378094 -22.4069
-0.382604 0.013927 0.923826 217 0.0761407 0.996967 0.0165039 1.15971 -0.920791 0.0766526 -0.382502 -23.3302
-0.383889 0.0146997 0.92328 219.209 0.0754675 0.997035 0.015504 1.18498 -0.920312 0.0756275 -0.383857 -24.2409
-0.386805 0.0150563 0.922057 221.425 0.0753607 0.997046 0.015333 1.20775 -0.919098 0.0754151 -0.386795 -25.1615
-0.392141 0.0161348 0.919782 223.644 0.0745287 0.997124 0.0142827 1.21819 -0.916903 0.074149 -0.392213 -26.1
-0.39331 0.0162286 0.919282 225.855 0.0731068 0.997237 0.0136734 1.24102 -0.916516 0.072581 -0.393409 -27.0166
-0.396246 0.0166315 0.918012 228.077 0.0734221 0.997216 0.0136246 1.26304 -0.915226 0.0727993 -0.39636 -27.9673
-0.400635 0.0159466 0.916119 230.309 0.0747489 0.997091 0.0153327 1.26862 -0.913206 0.074619 -0.40066 -28.9327
-0.402665 0.0146607 0.915248 232.515 0.0747615 0.997066 0.0169198 1.29867 -0.912311 0.0752365 -0.402576 -29.8801
-0.40811 0.0140526 0.912845 234.75 0.0742142 0.99709 0.0178295 1.33316 -0.909934 0.0750197 -0.407963 -30.8551
-0.40947 0.0133273 0.912243 236.975 0.073015 0.997173 0.0182051 1.36106 -0.909418 0.0740603 -0.409283 -31.8129
-0.412778 0.0136587 0.910749 239.196 0.0716164 0.997286 0.017502 1.39035 -0.908034 0.0724462 -0.412634 -32.8006
-0.418784 0.0131484 0.908007 241.416 0.070978 0.997319 0.0182939 1.42527 -0.905328 0.0721081 -0.418592 -33.8115
-0.420519 0.0128377 0.907214 243.614 0.0701774 0.997372 0.0184156 1.44112 -0.904588 0.0714072 -0.420313 -34.7975
-0.424496 0.0123067 0.905364 245.823 0.0691943 0.997433 0.0188843 1.473 -0.902803 0.0706606 -0.424255 -35.8152
-0.430371 0.0116379 0.902598 248.026 0.06841 0.99747 0.0197576 1.49197 -0.900079 0.070247 -0.430076 -36.8421
-0.432634 0.0113661 0.901516 250.203 0.0673435 0.997543 0.0197407 1.52923 -0.899072 0.0692501 -0.432333 -37.853
-0.436243 0.0125135 0.899763 252.395 0.0681485 0.997499 0.0191683 1.56248 -0.897268 0.0696767 -0.436003 -38.8818
-0.44152 0.011782 0.897192 254.557 0.0686488 0.997435 0.0206842 1.59559 -0.894642 0.070722 -0.441194 -39.9273
-0.443872 0.0116747 0.896035 256.715 0.0681342 0.997469 0.0207553 1.63273 -0.89352 0.0702605 -0.443541 -40.9752
-0.450228 0.0118395 0.892854 258.883 0.0680447 0.997468 0.0210849 1.66728 -0.890338 0.0702453 -0.449891 -42.0487
-0.452815 0.0129708 0.891532 261.065 0.068644 0.997442 0.0203528 1.70765 -0.888982 0.0704115 -0.452544 -43.1374
-0.456441 0.0137913 0.889666 263.244 0.0697333 0.997367 0.0203152 1.75212 -0.887038 0.0713103 -0.456198 -44.236
-0.461658 0.0142431 0.886965 265.404 0.0710718 0.997258 0.0209778 1.77076 -0.88423 0.0727198 -0.461402 -45.3296
-0.463384 0.0159094 0.886034 267.588 0.0724782 0.997178 0.0199997 1.79521 -0.88321 0.073484 -0.463227 -46.448
-0.466352 0.0163757 0.88447 269.736 0.0732895 0.997113 0.0201815 1.84197 -0.881582 0.0742309 -0.466205 -47.5636
-0.470924 0.0169084 0.882032 271.903 0.0742059 0.99704 0.0205057 1.87033 -0.879069 0.0751067 -0.470782 -48.6953
-0.472042 0.0180676 0.881412 274.04 0.0750766 0.996988 0.0197703 1.90008 -0.878397 0.0755028 -0.471975 -49.832
-0.476708 0.0176462 0.878906 276.219 0.0752036 0.996959 0.0207726 1.93849 -0.875861 0.0759972 -0.476584 -50.9942
-0.478194 0.0180409 0.87809 278.377 0.0758283 0.99691 0.0208124 1.98912 -0.874998 0.0765334 -0.478082 -52.1395
-0.481445 0.0181184 0.876311 280.542 0.0751053 0.996969 0.0206492 2.03741 -0.873274 0.0757549 -0.481346 -53.3183
-0.48622 0.018824 0.873656 282.737 0.0754002 0.99695 0.020482 2.07236 -0.870602 0.0758294 -0.486154 -54.5219
-0.488248 0.0192503 0.872515 284.945 0.0756807 0.996932 0.020354 2.11359 -0.86944 0.0759682 -0.488205 -55.7255
-0.491532 0.019108 0.870673 287.133 0.075012 0.996979 0.020467 2.17054 -0.867648 0.0753679 -0.491478 -56.9412
-0.496198 0.0189367 0.868026 289.334 0.0759277 0.996886 0.0216549 2.21195 -0.864906 0.0766502 -0.496089 -58.1727
-0.496726 0.0181749 0.867741 291.54 0.0765521 0.996809 0.0229424 2.25352 -0.86455 0.0778201 -0.49653 -59.4221
-0.498193 0.0184101 0.866894 293.734 0.0780496 0.996676 0.0236873 2.3086 -0.86357 0.0794595 -0.497972 -60.6643
-0.502051 0.0175372 0.864684 295.931 0.0775111 0.99669 0.0247893 2.36285 -0.861383 0.0794648 -0.501747 -61.9188
-0.502918 0.0169265 0.864192 298.166 0.0769929 0.996719 0.0252834 2.42309 -0.860923 0.0792499 -0.50257 -63.1894
-0.506958 0.0162134 0.861841 300.4 0.0777535 0.996614 0.0269875 2.48424 -0.858482 0.0806894 -0.506501 -64.4958
-0.507925 0.015595 0.861285 302.628 0.0774487 0.996621 0.0276277 2.53862 -0.857937 0.0807359 -0.507415 -65.8158
-0.509396 0.015563 0.860415 304.874 0.0772393 0.996635 0.027701 2.606 -0.857085 0.0805653 -0.508882 -67.0913
-0.51328 0.0170369 0.858076 307.139 0.0764932 0.99674 0.0259657 2.67034 -0.85483 0.0789625 -0.512908 -68.3987
-0.514933 0.0172965 0.85708 309.402 0.0756107 0.996823 0.0253097 2.73638 -0.853916 0.0778339 -0.514602 -69.729
-0.519388 0.0143438 0.854442 311.676 0.0736753 0.996896 0.0280492 2.80108 -0.851382 0.0775175 -0.51883 -71.0461
-0.525528 0.0126454 0.850708 313.985 0.0716278 0.997005 0.0294278 2.87396 -0.847783 0.076396 -0.524857 -72.3952
-0.528855 0.0115439 0.848658 316.248 0.0710058 0.997012 0.030686 2.94036 -0.845762 0.0764859 -0.528092 -73.7768
-0.532799 0.0117442 0.846186 318.53 0.0717418 0.996939 0.0313349 3.01449 -0.843223 0.0773987 -0.532008 -75.1683
-0.538187 0.0123691 0.84276 320.813 0.0732167 0.996807 0.0321257 3.0824 -0.839666 0.0789915 -0.537371 -76.5761
-0.539629 0.0127086 0.841834 323.089 0.0743285 0.996709 0.0325986 3.16233 -0.838644 0.0801599 -0.538795 -78.0155
-0.544959 0.0122968 0.838398 325.369 0.0755005 0.996558 0.0344583 3.23955 -0.835083 0.0820755 -0.544009 -79.443
-0.546008 0.0108682 0.837736 327.635 0.0751884 0.996525 0.0360764 3.31621 -0.834428 0.0826825 -0.544925 -80.8922
-0.549757 0.00952752 0.835295 329.911 0.074684 0.996499 0.0377872 3.39176 -0.832006 0.0831549 -0.548541 -82.3477
-0.555564 0.00900614 0.831453 332.156 0.0738951 0.996528 0.0385806 3.48395 -0.828213 0.0828708 -0.554298 -83.8262
-0.55599 0.00881686 0.831168 334.413 0.0743326 0.996473 0.0391522 3.58612 -0.827886 0.0835489 -0.554681 -85.3004
-0.559943 0.00866202 0.828513 336.659 0.0757274 0.996305 0.0407627 3.6777 -0.825093 0.0855624 -0.558526 -86.79
-0.565893 0.00710668 0.824474 338.907 0.0752453 0.996244 0.0430583 3.77124 -0.821066 0.0864018 -0.564298 -88.3122
-0.5668 0.00505508 0.823869 341.163 0.0734797 0.996317 0.0444382 3.87544 -0.820603 0.0857216 -0.56508 -89.8131
-0.569785 0.00345518 0.821813 343.412 0.0736736 0.996188 0.0468911 3.99472 -0.818513 0.0872613 -0.567863 -91.3522
-0.574196 0.00258448 0.818744 345.656 0.0742106 0.996054 0.0489 4.12031 -0.81538 0.088834 -0.572117 -92.8928
-0.574736 0.00059361 0.818365 347.908 0.0723752 0.996126 0.0501059 4.22718 -0.815161 0.0880244 -0.572549 -94.4596
-0.579181 -0.000854124 0.815229 350.132 0.0686214 0.996411 0.0497954 4.36254 -0.812338 0.084779 -0.577039 -96.0203
-0.580346 -0.0021445 0.814394 352.368 0.0651902 0.996674 0.0490794 4.48108 -0.811785 0.081571 -0.578272 -97.5608
-0.583719 -0.00399827 0.811976 354.601 0.0640146 0.99666 0.0509261 4.61106 -0.809461 0.0817012 -0.581509 -99.1131
-0.589055 -0.00558879 0.808101 356.797 0.0648023 0.996439 0.0541278 4.74286 -0.80552 0.0842485 -0.58659 -100.681
-0.59039 -0.00648905 0.807124 359.015 0.0633459 0.996524 0.054347 4.8649 -0.804661 0.0832102 -0.587921 -102.279
-0.593391 -0.00803929 0.804902 361.232 0.0617175 0.996562 0.0554528 4.9976 -0.802574 0.0825792 -0.59085 -103.87
-0.597665 -0.0100324 0.801715 363.445 0.0610709 0.99646 0.057996 5.14014 -0.79945 0.08362 -0.594931 -105.466
-0.599702 -0.0134043 0.800138 365.648 0.0579912 0.996513 0.0601581 5.28583 -0.798149 0.0824754 -0.596829 -107.084
-0.603058 -0.0141955 0.797603 367.829 0.0565063 0.996583 0.0604599 5.42975 -0.795727 0.0815269 -0.60019 -108.684
-0.608354 -0.0148122 0.793556 369.981 0.0558056 0.996563 0.0613828 5.58047 -0.791731 0.0816248 -0.605431 -110.282
-0.609726 -0.015765 0.792487 372.165 0.0557935 0.996481 0.0627488 5.74381 -0.790679 0.0824718 -0.606695 -111.93
-0.614691 -0.0170181 0.788612 374.311 0.0555128 0.996365 0.0647709 5.89786 -0.786843 0.0835896 -0.611506 -113.554
-0.615519 -0.0185862 0.787934 376.501 0.0534731 0.996447 0.065276 6.03916 -0.786339 0.0823086 -0.612332 -115.226
-0.617846 -0.0218886 0.786023 378.653 0.0449844 0.997001 0.0631232 6.16656 -0.785043 0.0743565 -0.615003 -116.857
-0.623463 -0.0180896 0.781675 380.774 0.0374994 0.997904 0.0530019 6.33918 -0.780987 0.0623539 -0.62147 -118.487
-0.623783 -0.011717 0.781538 382.876 0.0441953 0.997769 0.0502331 6.43356 -0.780378 0.0658722 -0.621868 -120.142
-0.625243 -0.0111878 0.780382 384.976 0.0513481 0.997155 0.0554345 6.5371 -0.778774 0.0747278 -0.622881 -121.799
-0.629255 -0.019546 0.776984 387.104 0.0522724 0.996366 0.0673984 6.69915 -0.775472 0.0830226 -0.62594 -123.494
-0.631672 -0.0293366 0.774713 389.215 0.0473058 0.995977 0.0762855 6.88334 -0.773827 0.0848322 -0.627735 -125.167
-0.636229 -0.0359724 0.770692 391.341 0.0417838 0.99585 0.0809755 7.09385 -0.770401 0.0837186 -0.63208 -126.877
-0.639434 -0.0369512 0.767991 393.425 0.0394157 0.99597 0.0807367 7.28648 -0.767872 0.081893 -0.635392 -128.557
-0.642809 -0.0328025 0.765354 395.517 0.0437317 0.995892 0.0794128 7.46853 -0.764809 0.0845146 -0.638729 -130.275
-0.646693 -0.0261734 0.762336 397.584 0.0487762 0.995961 0.0755704 7.64257 -0.761227 0.0860509 -0.642795 -132.004
-0.649282 -0.0238476 0.760206 399.626 0.0494334 0.996082 0.0734674 7.82497 -0.758973 0.0852777 -0.645553 -133.716
-0.653792 -0.0239467 0.756329 401.684 0.0491592 0.996057 0.0740304 8.01072 -0.755114 0.0855773 -0.650028 -135.446
-0.658381 -0.0244324 0.75232 403.749 0.0502012 0.995833 0.0762733 8.20403 -0.751043 0.0879813 -0.654405 -137.211
-0.662004 -0.0249337 0.749122 405.708 0.0510941 0.995634 0.0782896 8.3891 -0.747798 0.0900997 -0.65783 -138.9
-0.663983 -0.0248574 0.747369 407.728 0.0516086 0.995552 0.0789627 8.57765 -0.746 0.0909975 -0.659742 -140.667
-0.667246 -0.024219 0.744481 409.774 0.0522915 0.995496 0.0792502 8.78491 -0.743042 0.0918053 -0.662964 -142.468
-0.66897 -0.0236322 0.742949 411.718 0.0523547 0.995526 0.0788081 8.96453 -0.741479 0.0916141 -0.664734 -144.2
-0.671552 -0.0251365 0.74057 413.768 0.0530825 0.99524 0.0819145 9.15027 -0.739097 0.0943168 -0.66701 -146.013
-0.672225 -0.0273385 0.73988 415.73 0.05385 0.994881 0.085687 9.35522 -0.738424 0.0974406 -0.667304 -147.773
-0.675478 -0.0283472 0.736875 417.666 0.0551525 0.994536 0.0888147 9.55924 -0.735359 0.100628 -0.670212 -149.53
-0.678985 -0.0281462 0.733651 419.633 0.0541035 0.994645 0.0882316 9.7761 -0.732194 0.0995979 -0.673818 -151.303
-0.681289 -0.0286609 0.731493 421.524 0.050173 0.995072 0.0857161 9.98441 -0.730339 0.0950944 -0.676481 -153.036
-0.682939 -0.0333945 0.729751 423.488 0.0441984 0.995251 0.0869078 10.1874 -0.729176 0.0916035 -0.678213 -154.827
-0.68552 -0.0329036 0.727351 425.439 0.0445892 0.995223 0.0870446 10.4004 -0.726733 0.0920985 -0.680766 -156.623
-0.686161 -0.0342957 0.726681 427.371 0.0429575 0.995251 0.0875334 10.6076 -0.72622 0.0912753 -0.681421 -158.414
-0.68767 -0.0350001 0.72522 429.297 0.0409215 0.995398 0.0868404 10.831 -0.724915 0.0893904 -0.683062 -160.19
-0.68971 -0.0353225 0.723265 431.249 0.0409347 0.995326 0.0876452 11.0489 -0.722968 0.0900532 -0.685032 -162.013
-0.689425 -0.0375374 0.723426 433.169 0.0412695 0.995016 0.0909582 11.2536 -0.723227 0.09256 -0.684428 -163.817
-0.691035 -0.0396866 0.721772 435.075 0.0425461 0.994544 0.0954196 11.4769 -0.721609 0.0966436 -0.685568 -165.618
-0.689688 -0.0412703 0.722972 437.017 0.0469107 0.993749 0.101477 11.7089 -0.722633 0.103898 -0.683428 -167.454
-0.688151 -0.0450867 0.724207 438.938 0.0482882 0.993025 0.107707 11.9278 -0.724001 0.109086 -0.681166 -169.27
-0.687126 -0.0471454 0.725049 440.843 0.0445555 0.993299 0.106812 12.2067 -0.725218 0.105693 -0.680408 -171.049
-0.685393 -0.0492932 0.726545 442.818 0.0366732 0.994122 0.102043 12.4692 -0.727291 0.0965813 -0.679548 -172.872
-0.683579 -0.0527017 0.728014 444.772 0.031186 0.99439 0.101266 12.7157 -0.729258 0.0919226 -0.678087 -174.673
-0.68213 -0.0567721 0.729067 446.68 0.0272631 0.994333 0.102936 12.9324 -0.730765 0.0900891 -0.676707 -176.442
-0.678638 -0.0541993 0.732513 448.665 0.0316007 0.994215 0.102838 13.2162 -0.733841 0.0929331 -0.672986 -178.246
-0.675155 -0.0542273 0.735722 450.624 0.032686 0.994135 0.103269 13.4718 -0.736993 0.093767 -0.669414 -180.038
-0.674901 -0.0549728 0.7359 452.572 0.0301493 0.994354 0.101928 13.7138 -0.73734 0.090974 -0.66942 -181.79
-0.671231 -0.0591131 0.73893 454.558 0.0237956 0.994603 0.101182 13.9599 -0.740909 0.0854963 -0.666192 -183.567
-0.672016 -0.0650596 0.737716 456.522 0.0155035 0.994699 0.101844 14.215 -0.740423 0.0798735 -0.667431 -185.302
-0.669206 -0.0699978 0.739816 458.54 0.00759518 0.994877 0.101001 14.4709 -0.743082 0.073206 -0.665236 -187.083
-0.667803 -0.0711665 0.740971 460.526 0.00603053 0.994889 0.100988 14.7143 -0.744362 0.0719039 -0.663947 -188.827
-0.668767 -0.071835 0.740039 462.495 0.00766803 0.994623 0.103477 14.9554 -0.743478 0.0748731 -0.664609 -190.582
-0.666494 -0.0733026 0.741941 464.503 0.00894373 0.994317 0.10627 15.2057 -0.745505 0.0774592 -0.662037 -192.361
-0.66557 -0.0742313 0.742679 466.488 0.00838502 0.994255 0.106891 15.4815 -0.746334 0.0773674 -0.661113 -194.119
-0.666922 -0.0749301 0.741393 468.468 0.00662488 0.994316 0.10645 15.7408 -0.745146 0.0759012 -0.662622 -195.847
-0.662951 -0.0746564 0.744976 470.461 0.00558007 0.994516 0.104629 16.001 -0.748689 0.0735174 -0.658886 -197.6
-0.661527 -0.0741731 0.746288 472.46 0.00692276 0.994471 0.104975 16.2465 -0.749937 0.0746058 -0.657343 -199.352
-0.663094 -0.0747954 0.744835 474.467 0.00882546 0.994166 0.10769 16.5075 -0.748531 0.0779783 -0.658553 -201.106
-0.660621 -0.0739907 0.747108 476.45 0.0121074 0.993973 0.109144 16.7835 -0.75067 0.0811437 -0.65573 -202.829
-0.660082 -0.0735347 0.74763 478.496 0.0133101 0.993917 0.10951 17.0404 -0.751122 0.0822329 -0.655075 -204.605
-0.658049 -0.0742604 0.749348 480.508 0.0131312 0.993863 0.110022 17.3164 -0.752908 0.0822348 -0.653023 -206.346
-0.656405 -0.0747251 0.750743 482.546 0.0134409 0.993787 0.110668 17.5876 -0.754336 0.08273 -0.65131 -208.086
-0.656999 -0.0759522 0.750099 484.543 0.0127367 0.993673 0.11177 17.854 -0.753832 0.0829819 -0.651862 -209.81
-0.6547 -0.0758389 0.75212 486.573 0.0121139 0.993795 0.110752 18.1442 -0.755839 0.0816169 -0.649707 -211.536
-0.653525 -0.0758798 0.753136 488.594 0.0115529 0.993868 0.110158 18.414 -0.756865 0.0806872 -0.648628 -213.276
-0.654242 -0.0761174 0.75249 490.611 0.0120321 0.99377 0.110985 18.6807 -0.756237 0.081661 -0.649238 -215.01
-0.65236 -0.0771178 0.75402 492.633 0.0122251 0.993631 0.1122 18.9608 -0.757859 0.0824081 -0.64725 -216.734
-0.652703 -0.0789932 0.75353 494.659 0.0104658 0.993536 0.113218 19.2356 -0.757589 0.0817803 -0.647644 -218.464
-0.654995 -0.0794381 0.751489 496.658 0.0102872 0.993449 0.113981 19.5181 -0.755612 0.0823825 -0.649875 -220.161
-0.654189 -0.0795715 0.752179 498.687 0.0093761 0.993541 0.113259 19.7585 -0.756321 0.0811413 -0.649206 -221.902
-0.65652 -0.0802578 0.75007 500.697 0.00914544 0.993424 0.1143 20.0277 -0.754303 0.0818953 -0.651455 -223.607
-0.655049 -0.0811708 0.751259 502.715 0.00932364 0.993289 0.11545 20.315 -0.755577 0.082626 -0.649884 -225.342
-0.655808 -0.0832504 0.750367 504.733 0.00836968 0.993059 0.11749 20.5954 -0.75493 0.0833264 -0.650546 -227.068
-0.65762 -0.0840825 0.748688 506.75 0.00793618 0.992944 0.118485 20.8809 -0.753356 0.0838555 -0.652301 -228.803
-0.65665 -0.0849001 0.749446 508.774 0.00722037 0.992911 0.118806 21.1564 -0.754211 0.0834203 -0.651368 -230.538
-0.657022 -0.0849745 0.749113 510.791 0.00700661 0.992916 0.118775 21.4512 -0.753887 0.0832822 -0.651761 -232.269
-0.658157 -0.0849525 0.748117 512.788 0.00781908 0.99281 0.119616 21.7435 -0.75289 0.0845709 -0.652747 -234.002
-0.65728 -0.0857493 0.748799 514.783 0.00765019 0.992716 0.120397 22.0393 -0.753656 0.0848584 -0.651825 -235.74
-0.658209 -0.0855715 0.748001 516.788 0.00765687 0.992727 0.120305 22.3253 -0.752846 0.084908 -0.652753 -237.452
-0.65747 -0.08644 0.748553 518.803 0.00682638 0.992694 0.120628 22.6307 -0.753499 0.0844147 -0.652064 -239.203
-0.657352 -0.0881802 0.748451 520.82 0.00584208 0.992524 0.122066 22.9306 -0.753611 0.0846078 -0.651909 -240.934
-0.656901 -0.0896323 0.748678 522.751 0.00531065 0.992355 0.123465 23.2071 -0.754008 0.0850752 -0.651391 -242.576
-0.655468 -0.0915413 0.7497 524.775 0.00471823 0.992132 0.125267 23.5269 -0.75526 0.0856404 -0.649865 -244.32
-0.655449 -0.0920432 0.749658 526.769 0.00473268 0.992046 0.125941 23.8203 -0.755276 0.086091 -0.649788 -246.033
-0.65695 -0.0908195 0.748492 528.764 0.00584035 0.992097 0.125503 24.1314 -0.753965 0.0868148 -0.651214 -247.736
-0.655216 -0.0906363 0.750034 530.772 0.00645355 0.99209 0.125524 24.4545 -0.755465 0.0870809 -0.649436 -249.479
-0.655597 -0.09273 0.749444 532.78 0.00557349 0.991831 0.127596 24.7818 -0.755144 0.0878224 -0.649711 -251.207
-0.657429 -0.0930541 0.747798 534.753 0.0043881 0.991877 0.127284 25.0879 -0.753555 0.0869563 -0.651669 -252.899
-0.657218 -0.09401 0.747863 536.78 0.00440886 0.991715 0.128537 25.4032 -0.753742 0.0877679 -0.651345 -254.643
-0.657926 -0.0963638 0.746941 538.785 0.00377165 0.991366 0.131219 25.7185 -0.753124 0.0891442 -0.65187 -256.382
-0.659275 -0.0966318 0.745717 540.754 0.00454681 0.991199 0.132461 26.0395 -0.751943 0.0907123 -0.65302 -258.096
-0.65819 -0.0991863 0.746338 542.782 0.00250056 0.991011 0.133907 26.3544 -0.752898 0.0899973 -0.652014 -259.817
-0.660244 -0.0974955 0.744747 544.763 0.00301459 0.991208 0.132432 26.68 -0.751101 0.0896753 -0.654131 -261.528
-0.659121 -0.0956775 0.745977 546.77 0.00275495 0.991582 0.129612 26.9962 -0.752084 0.0874797 -0.653296 -263.257
-0.659519 -0.0962031 0.745558 548.764 0.0029459 0.99146 0.130538 27.3038 -0.751739 0.0882818 -0.653589 -264.969
-0.661087 -0.0976913 0.743973 550.719 0.00372217 0.991071 0.133445 27.6293 -0.750352 0.0909823 -0.654809 -266.693
-0.660672 -0.0994522 0.744109 552.705 0.0036815 0.990766 0.135687 27.9631 -0.750722 0.0923766 -0.654191 -268.412
-0.660855 -0.0993058 0.743966 554.726 0.00405309 0.990743 0.135846 28.288 -0.750555 0.092784 -0.654323 -270.171
-0.66267 -0.0992679 0.742354 556.695 0.00334724 0.990796 0.135477 28.6358 -0.74896 0.0922542 -0.656225 -271.879
-0.661223 -0.0986652 0.743724 558.701 0.00446112 0.990801 0.135409 28.983 -0.750228 0.0928479 -0.654689 -273.637
-0.663104 -0.0988545 0.742022 560.681 0.00508722 0.990645 0.136522 29.3215 -0.748566 0.0942959 -0.656384 -275.369
-0.661432 -0.100666 0.74327 562.696 0.00487108 0.990376 0.138467 29.6627 -0.750041 0.0952011 -0.654564 -277.14
-0.661226 -0.102522 0.7432 564.692 0.00408744 0.990133 0.140221 30.0022 -0.750232 0.0957482 -0.654268 -278.869
-0.662564 -0.102897 0.741956 566.669 0.00400863 0.99004 0.140882 30.3578 -0.749047 0.0963115 -0.65554 -280.596
-0.661106 -0.103696 0.743144 568.663 0.00475367 0.989827 0.142346 30.7074 -0.750333 0.0976308 -0.653874 -282.353
-0.660778 -0.105522 0.74318 570.686 0.00485591 0.98947 0.144809 31.062 -0.750619 0.0992892 -0.653295 -284.112
-0.661762 -0.108173 0.741923 572.665 0.00188682 0.989316 0.145925 31.4104 -0.749769 0.0979596 -0.654473 -285.832
-0.660256 -0.109216 0.743109 574.666 0.00219793 0.989107 0.147323 31.7597 -0.75109 0.0988984 -0.652812 -287.582
-0.662161 -0.110391 0.741241 576.647 0.000834187 0.989004 0.148035 32.1182 -0.749419 0.0986331 -0.654774 -289.311
-0.66033 -0.108948 0.743084 578.635 0.00248922 0.98912 0.147233 32.4921 -0.751025 0.0990654 -0.652863 -291.037
-0.66024 -0.108929 0.743168 580.637 0.00342087 0.989004 0.148001 32.8601 -0.751104 0.10025 -0.652594 -292.777
-0.661636 -0.109973 0.74177 582.577 0.00379923 0.988705 0.149971 33.2165 -0.74987 0.102038 -0.653733 -294.47
-0.65989 -0.110802 0.743203 584.605 0.00482634 0.988446 0.151649 33.5891 -0.751405 0.10365 -0.651717 -296.233
-0.661066 -0.111373 0.74207 586.535 0.00407902 0.988398 0.151976 33.9611 -0.750371 0.103486 -0.652929 -297.923
-0.659925 -0.111901 0.743007 588.554 0.0036654 0.988379 0.152111 34.3399 -0.751381 0.103097 -0.651833 -299.653
-0.659551 -0.112466 0.743253 590.55 0.00321282 0.988336 0.152402 34.7111 -0.751708 0.102898 -0.651484 -301.363
-0.659654 -0.113434 0.743016 592.543 0.00329354 0.988123 0.153777 35.0849 -0.751621 0.103878 -0.651433 -303.106
-0.660464 -0.113741 0.742247 594.46 0.00384163 0.987958 0.154812 35.4673 -0.750903 0.105092 -0.652061 -304.788
-0.658921 -0.115447 0.743358 596.491 0.00289009 0.987781 0.155969 35.8646 -0.752267 0.10491 -0.650523 -306.531
-0.659666 -0.115944 0.742617 598.458 0.00251517 0.987706 0.156443 36.2308 -0.751611 0.10506 -0.651251 -308.225
-0.658778 -0.116163 0.743373 600.461 0.00144096 0.987836 0.155641 36.6256 -0.752397 0.103595 -0.650584 -309.957
-0.658636 -0.116822 0.743394 602.442 0.00224391 0.987589 0.157183 37.013 -0.752516 0.105187 -0.650187 -311.662
-0.660146 -0.11639 0.742124 604.402 0.00398581 0.98739 0.158402 37.4108 -0.751189 0.107517 -0.651345 -313.362
-0.65921 -0.11822 0.742664 606.432 0.00315384 0.987145 0.159936 37.8186 -0.752011 0.107766 -0.65035 -315.116
-0.659275 -0.118752 0.742525 608.409 0.00174783 0.98723 0.15944 38.2054 -0.751963 0.106403 -0.650635 -316.822
-0.660237 -0.118364 0.74173 610.354 0.0018705 0.987265 0.159211 38.597 -0.751115 0.106496 -0.651594 -318.504
-0.659178 -0.118256 0.74269 612.379 0.00130436 0.987401 0.158379 38.9837 -0.75205 0.105358 -0.650705 -320.234
-0.659708 -0.118799 0.742132 614.306 0.00231663 0.987125 0.160075 39.3839 -0.751579 0.107314 -0.650925 -321.919
-0.660007 -0.119815 0.741703 616.349 0.00268105 0.986844 0.1618 39.7941 -0.751318 0.108768 -0.650989 -323.7
-0.660031 -0.121644 0.741385 618.331 0.00286925 0.986413 0.164402 40.1987 -0.751295 0.110628 -0.650701 -325.422
-0.660954 -0.123007 0.740336 620.291 0.00239026 0.986149 0.165983 40.6201 -0.750485 0.111467 -0.651493 -327.145
-0.659914 -0.123272 0.741222 622.303 0.00296981 0.986039 0.166631 41.0401 -0.751399 0.112154 -0.650321 -328.882
-0.660184 -0.123467 0.740947 624.298 0.00313321 0.985961 0.167087 41.4505 -0.75116 0.112619 -0.650516 -330.592
-0.660172 -0.124114 0.740852 626.252 0.00236132 0.985931 0.167275 41.8636 -0.751175 0.11217 -0.650577 -332.292
-0.66017 -0.125408 0.740634 628.267 0.00264771 0.985594 0.169246 42.2884 -0.751176 0.113681 -0.650314 -334.035
-0.660438 -0.125723 0.740344 630.29 0.00265156 0.985513 0.169721 42.7131 -0.75094 0.114044 -0.650523 -335.766
-0.660944 -0.125775 0.739883 632.24 0.00333854 0.985378 0.17049 43.1189 -0.750494 0.115143 -0.650845 -337.456
-0.660126 -0.126562 0.74048 634.262 0.00270574 0.985323 0.170822 43.534 -0.751216 0.114758 -0.65008 -339.22
-0.65986 -0.126494 0.740728 636.2 0.00293785 0.985312 0.170879 43.9503 -0.75145 0.11492 -0.649782 -340.89
-0.659732 -0.127716 0.740634 638.22 0.00360084 0.984932 0.173049 44.3705 -0.751559 0.116823 -0.649316 -342.625
-0.65942 -0.12804 0.740855 640.203 0.00426808 0.984761 0.173992 44.7908 -0.751831 0.117884 -0.648811 -344.336
-0.65919 -0.127608 0.741136 642.138 0.0043427 0.98486 0.173434 45.2084 -0.752032 0.117534 -0.64864 -346.01
-0.657312 -0.126563 0.742981 644.134 0.00468266 0.985119 0.171953 45.6468 -0.753674 0.116493 -0.646922 -347.729
-0.656815 -0.127841 0.743202 646.13 0.00451854 0.984865 0.173403 46.0756 -0.754107 0.117241 -0.646281 -349.429
-0.656828 -0.129491 0.742905 648.085 0.00462709 0.984461 0.175685 46.5053 -0.754096 0.11882 -0.646007 -351.112
-0.655619 -0.131181 0.743677 650.117 0.00427818 0.98416 0.177371 46.9422 -0.755149 0.119459 -0.644658 -352.82
-0.656294 -0.132023 0.742931 652.027 0.00423023 0.983941 0.178588 47.3718 -0.754563 0.120336 -0.645181 -354.478
-0.655587 -0.133057 0.743373 654.092 0.00405929 0.983746 0.17966 47.8344 -0.755178 0.12079 -0.644377 -356.238
-0.656169 -0.132995 0.742868 656.027 0.00502472 0.983583 0.180528 48.2575 -0.754666 0.122177 -0.644714 -357.905
