1 0 0 0 0 1 0 0 0 0 1 0
1 -4.49938e-05 -0.000129218 -0.004875 4.50929e-05 1 0.000766531 -0.00726123 0.000129184 -0.000766537 1 1.31033
1 -0.000272853 0.000555687 -0.00850817 0.000272221 0.999999 0.00113699 -0.00872511 -0.000555997 -0.00113684 0.999999 2.60192
0.999997 -0.000356435 0.00231231 -0.00916105 0.000355134 1 0.000562725 -0.0204528 -0.00231251 -0.000561902 0.999997 3.92682
0.999993 -0.000324213 0.00368227 -0.00481171 0.000321342 1 0.00078025 -0.0189059 -0.00368252 -0.000779061 0.999993 5.23057
0.999995 -0.00036047 0.0030066 -0.00503453 0.000356056 0.999999 0.00146828 -0.0209997 -0.00300713 -0.0014672 0.999994 6.55675
0.999995 -0.000651712 0.00300491 -0.00269586 0.000644649 0.999997 0.0023509 -0.0317013 -0.00300643 -0.00234896 0.999993 7.88269
0.999993 -0.000501281 0.00381714 -0.00326403 0.000490915 0.999996 0.00271588 -0.0277088 -0.00381848 -0.00271399 0.999989 9.19791
0.999997 2.84627e-05 0.00259568 -0.00757742 -3.59365e-05 0.999996 0.00287928 -0.0356132 -0.00259559 -0.00287937 0.999992 10.5334
0.999993 0.00122505 0.0035599 -0.0112263 -0.00123455 0.999996 0.00266911 -0.042503 -0.00355661 -0.00267348 0.99999 11.8539
0.999994 0.00180805 0.00293535 -0.0149148 -0.00181624 0.999995 0.00279168 -0.0457779 -0.00293028 -0.00279699 0.999992 13.1966
0.999994 0.001771 0.00303643 -0.0202243 -0.00177926 0.999995 0.00272011 -0.053891 -0.0030316 -0.0027255 0.999992 14.5345
0.99999 0.0016833 0.00424115 -0.0220352 -0.00169792 0.999993 0.00344559 -0.0585027 -0.00423531 -0.00345275 0.999985 15.8693
0.999993 0.000759637 0.00373378 -0.0175124 -0.000778609 0.999987 0.00508234 -0.0577883 -0.00372987 -0.00508521 0.99998 17.2228
0.999987 -0.000538216 0.00495908 -0.0112 0.00050424 0.999976 0.00684982 -0.0445828 -0.00496265 -0.00684724 0.999964 18.5685
0.999993 -0.000618494 0.00363654 -0.00154203 0.000591174 0.999972 0.0075089 -0.0361592 -0.00364108 -0.0075067 0.999965 19.9237
0.999988 -0.000841724 0.00489187 0.00804636 0.000802013 0.999967 0.00811398 -0.00926421 -0.00489853 -0.00810996 0.999955 21.2625
0.999989 -0.000422517 0.00472765 0.0149414 0.000383922 0.999967 0.00816149 0.0172251 -0.00473094 -0.00815958 0.999956 22.6227
0.977964 0.174002 -0.115365 -0.180208 -0.180212 0.982566 -0.0457029 -0.0488025 0.105401 0.0654859 0.992271 23.9737
0.978224 0.174279 -0.11271 -0.34631 -0.179966 0.982761 -0.0423461 -0.120407 0.103387 0.061708 0.992725 25.316
0.978176 0.174115 -0.113383 -0.506481 -0.179669 0.982886 -0.0406846 -0.19414 0.104359 0.0601682 0.992718 26.6823
0.978335 0.174047 -0.112104 -0.671891 -0.179454 0.982952 -0.0400174 -0.27258 0.103228 0.0592679 0.99289 28.0188
0.977953 0.175407 -0.113316 -0.846557 -0.180935 0.982664 -0.0404162 -0.349923 0.104263 0.060028 0.992737 29.3908
0.985012 0.165105 0.0499068 -0.806601 -0.163248 0.985803 -0.0392694 -0.424601 -0.0556819 0.0305337 0.997982 30.7339
0.98469 0.16721 0.049244 -0.755281 -0.165305 0.985409 -0.0405368 -0.484683 -0.0553036 0.0317759 0.997964 32.1253
0.984631 0.167414 0.0497318 -0.698919 -0.16553 0.985399 -0.03987 -0.561078 -0.0556804 0.0310251 0.997967 33.504
0.984525 0.167653 0.0510199 -0.639295 -0.165747 0.985374 -0.0395779 -0.626088 -0.0569091 0.0305091 0.997913 34.8657
0.984597 0.167516 0.0500716 -0.574154 -0.165738 0.985445 -0.0378097 -0.689571 -0.0556765 0.0289286 0.99803 36.2656
0.984397 0.168262 0.0514699 -0.517312 -0.16649 0.985349 -0.0369951 -0.749059 -0.0569407 0.0278487 0.997989 37.64
0.984238 0.169513 0.050401 -0.455574 -0.167808 0.98515 -0.0363458 -0.81258 -0.0558137 0.0273152 0.998068 39.0428
0.984068 0.170413 0.0506801 -0.398466 -0.168723 0.985007 -0.0359743 -0.877924 -0.0560507 0.0268503 0.998067 40.4374
0.983914 0.170923 0.0519457 -0.339898 -0.169236 0.984942 -0.0353441 -0.937226 -0.0572046 0.0259845 0.998024 41.8268
0.983923 0.171233 0.0507372 -0.279808 -0.169627 0.984906 -0.0344562 -0.994445 -0.0558714 0.0252958 0.998118 43.2282
0.983899 0.171094 0.0516562 -0.218824 -0.169485 0.984943 -0.0341 -1.05973 -0.0567127 0.024796 0.998083 44.6332
0.983982 0.171135 0.049917 -0.157963 -0.169595 0.98494 -0.033635 -1.11405 -0.0549214 0.0246305 0.998187 46.0378
0.983926 0.171266 0.0505584 -0.0909732 -0.16974 0.984933 -0.0330912 -1.17292 -0.055464 0.0239775 0.998173 47.4384
0.98397 0.171694 0.0482082 -0.0316098 -0.17029 0.984878 -0.0318836 -1.22985 -0.0529534 0.0231632 0.998328 48.8635
0.983911 0.172342 0.0470797 0.0229273 -0.17099 0.984772 -0.0314207 -1.29024 -0.0517779 0.0228651 0.998397 50.2801
0.983824 0.172688 0.0476267 0.0809016 -0.17135 0.984725 -0.030909 -1.34854 -0.0522369 0.0222482 0.998387 51.6854
0.983869 0.173042 0.045347 0.136237 -0.171836 0.98469 -0.0293115 -1.40559 -0.0497249 0.0210464 0.998541 53.1189
0.983843 0.172996 0.0461002 0.192331 -0.171823 0.984721 -0.0283106 -1.46534 -0.0502934 0.0199321 0.998536 54.5446
0.983899 0.173136 0.0443372 0.249166 -0.172035 0.984705 -0.0275752 -1.5207 -0.0484334 0.0195037 0.998636 55.9768
0.984032 0.172478 0.0439561 0.304726 -0.171402 0.984826 -0.0272125 -1.56895 -0.0479827 0.0192438 0.998663 57.3979
0.98397 0.172408 0.0455805 0.364698 -0.171296 0.984842 -0.0272865 -1.6233 -0.049594 0.0190413 0.998588 58.8099
0.984014 0.172384 0.0447114 0.425756 -0.171314 0.984853 -0.0267856 -1.67232 -0.0486516 0.0186978 0.998641 60.2384
0.983953 0.172237 0.0465824 0.48503 -0.17114 0.984887 -0.0266152 -1.72031 -0.0504626 0.018216 0.99856 61.6519
0.983898 0.172342 0.0473396 0.541746 -0.171257 0.98488 -0.0261289 -1.77167 -0.051127 0.0176009 0.998537 63.0729
0.983945 0.171964 0.0477437 0.60366 -0.170851 0.98494 -0.0265236 -1.82645 -0.0515858 0.0179407 0.998507 64.4879
0.983856 0.171958 0.0495679 0.661102 -0.170784 0.984937 -0.0270522 -1.8838 -0.0534731 0.0181501 0.998404 65.8947
0.983679 0.173087 0.0491518 0.718487 -0.171949 0.984749 -0.0265307 -1.93909 -0.0529943 0.0176461 0.998439 67.3102
0.983247 0.174885 0.0513826 0.775673 -0.173771 0.984458 -0.0254379 -2.00088 -0.0550327 0.0160829 0.998355 68.7104
0.982681 0.178077 0.0512368 0.838262 -0.177051 0.983911 -0.023939 -2.05639 -0.0546754 0.0144529 0.9984 70.1239
0.982009 0.18118 0.0532102 0.89795 -0.180176 0.983363 -0.0231232 -2.11207 -0.0565144 0.01312 0.998316 71.5257
0.981306 0.185016 0.0529815 0.961413 -0.18405 0.982657 -0.022598 -2.16125 -0.0562436 0.0124243 0.99834 72.9317
0.980839 0.187299 0.0535991 1.02116 -0.186332 0.982228 -0.0225569 -2.20847 -0.0568714 0.0121375 0.998308 74.3292
0.980623 0.187932 0.0553063 1.08194 -0.186939 0.982111 -0.0226711 -2.25894 -0.0585776 0.011893 0.998212 75.7098
0.980655 0.18792 0.0547693 1.15203 -0.186961 0.982117 -0.0221978 -2.31192 -0.0579613 0.0115287 0.998252 77.111
0.980734 0.187205 0.0558093 1.21537 -0.186226 0.982255 -0.0222892 -2.36301 -0.0589916 0.0114667 0.998193 78.4777
0.980757 0.187337 0.0549478 1.28638 -0.186371 0.982228 -0.0222459 -2.40512 -0.0581387 0.0115772 0.998242 79.8722
0.980885 0.186793 0.0545107 1.3583 -0.185837 0.982331 -0.022161 -2.45191 -0.0576871 0.0116073 0.998267 81.259
0.98096 0.186338 0.0547204 1.42848 -0.185382 0.982419 -0.0221026 -2.49715 -0.0578769 0.0115376 0.998257 82.6146
0.980892 0.186961 0.0538165 1.49704 -0.186024 0.9823 -0.0219718 -2.53808 -0.0569718 0.0115408 0.998309 84.0066
0.980763 0.187589 0.053978 1.55713 -0.18667 0.982185 -0.0216345 -2.57446 -0.0570748 0.0111422 0.998308 85.3579
0.980866 0.187531 0.0522677 1.62399 -0.186683 0.982203 -0.0207051 -2.61506 -0.0552203 0.0105515 0.998419 86.7394
0.980865 0.187774 0.0514218 1.68551 -0.187006 0.982168 -0.0194058 -2.65071 -0.0541487 0.00941827 0.998489 88.1074
0.981066 0.186795 0.0511462 1.74552 -0.186053 0.982358 -0.0189404 -2.68595 -0.0537818 0.00906583 0.998512 89.4516
0.981171 0.186615 0.0497742 1.8109 -0.185923 0.982396 -0.0182269 -2.72042 -0.0522994 0.00862951 0.998594 90.8299
0.981259 0.186086 0.0500113 1.86808 -0.185403 0.982498 -0.0180213 -2.75159 -0.0524895 0.00841134 0.998586 92.1721
0.981309 0.186059 0.0491266 1.92928 -0.185406 0.982506 -0.0175696 -2.78343 -0.0515361 0.00813281 0.998638 93.5393
0.981363 0.185706 0.0493774 1.9841 -0.185033 0.98257 -0.0179109 -2.82048 -0.0518428 0.00844068 0.99862 94.878
0.981357 0.185845 0.0489712 2.04184 -0.185181 0.982544 -0.0178041 -2.85907 -0.0514251 0.00840365 0.998642 96.2389
0.981247 0.186394 0.0491021 2.09729 -0.185722 0.982439 -0.017963 -2.8956 -0.051588 0.00850679 0.998632 97.5881
0.981041 0.187172 0.0502308 2.15085 -0.186486 0.982293 -0.0180424 -2.92923 -0.0527184 0.00833297 0.998575 98.9222
0.980866 0.188074 0.0502849 2.21072 -0.187461 0.982131 -0.0166734 -2.97008 -0.0525222 0.0069279 0.998596 100.279
0.980786 0.188224 0.0512719 2.26726 -0.187628 0.982107 -0.0162387 -3.00289 -0.053411 0.00630667 0.998553 101.6
0.980735 0.188516 0.0511832 2.32401 -0.187916 0.98205 -0.0163338 -3.03753 -0.0533436 0.006401 0.998556 102.958
0.980732 0.188514 0.0512456 2.37997 -0.18787 0.982045 -0.0171522 -3.07574 -0.0535588 0.00719423 0.998539 104.288
0.980811 0.187914 0.0519306 2.43455 -0.187236 0.982157 -0.0176705 -3.11221 -0.0543245 0.00760816 0.998495 105.593
0.980936 0.187199 0.0521405 2.50031 -0.186572 0.9823 -0.0166814 -3.14414 -0.0543404 0.00663542 0.998501 106.947
0.981294 0.18494 0.0534603 2.56393 -0.184351 0.982734 -0.0158037 -3.18029 -0.05546 0.0056526 0.998445 108.249
