0.999986 0.000726591 -0.00547136 -0.0285067 -0.000729437 1 -0.000501455 0.0119775 0.00547104 0.000505447 0.999986 0.077013
0.999931 0.00180201 -0.0115628 -0.0552758 -0.00181504 0.999997 -0.00111964 0.0166198 0.0115608 0.00114052 0.999932 0.152689
0.999832 0.00237276 -0.0182295 -0.0792437 -0.00240777 0.999996 -0.00189369 0.0179171 0.018225 0.00193728 0.999833 0.234476
0.999629 0.00351494 -0.0270052 -0.0983984 -0.00360413 0.999988 -0.00325771 0.0198535 0.0269935 0.00335383 0.99963 0.337169
0.999264 0.0038631 -0.038185 -0.116959 -0.00404922 0.999981 -0.00479355 0.0208766 0.0381657 0.00494469 0.99926 0.45512
0.998643 0.00344092 -0.051954 -0.132097 -0.00372237 0.999978 -0.00532302 0.0128153 0.0519346 0.00550919 0.998634 0.558998
0.99771 0.00337988 -0.0675583 -0.167015 -0.00373578 0.99998 -0.00513934 0.0086089 0.0675395 0.00538 0.997703 0.689204
0.996315 0.00214492 -0.0857384 -0.202234 -0.0025776 0.999984 -0.00493708 0.00471064 0.0857265 0.00513995 0.996305 0.83044
0.994395 0.00159153 -0.105721 -0.234668 -0.00214712 0.999984 -0.00514011 0.00306293 0.105711 0.00533829 0.994384 0.984323
0.99177 0.00144349 -0.128024 -0.280836 -0.00213401 0.999983 -0.0052565 0.00246035 0.128015 0.00548642 0.991756 1.15825
0.988397 0.0054778 -0.151803 -0.344862 -0.00648735 0.99996 -0.00615476 -0.00672035 0.151763 0.00706819 0.988394 1.3301
0.984268 0.00979906 -0.176407 -0.42318 -0.0113107 0.999907 -0.00756667 -0.00908485 0.176317 0.0094429 0.984288 1.4877
0.979145 0.0130853 -0.20275 -0.501374 -0.0150299 0.999855 -0.0080537 -0.0158943 0.202615 0.0109331 0.9792 1.65385
0.973266 0.0142629 -0.229239 -0.623264 -0.0165757 0.99983 -0.00816718 -0.0119809 0.229083 0.0117486 0.973336 1.82289
0.965988 0.0164668 -0.25807 -0.739974 -0.0191927 0.999783 -0.00804605 -0.00621822 0.257882 0.0127255 0.966095 1.99431
0.957558 0.0184327 -0.287653 -0.868325 -0.0213424 0.999749 -0.00698299 -0.00204184 0.287452 0.0128259 0.957709 2.15003
0.947499 0.0213891 -0.319048 -1.00926 -0.0246088 0.999679 -0.00606284 0.00210928 0.318816 0.0135959 0.947722 2.31316
0.935479 0.0236796 -0.35259 -1.1174 -0.0274841 0.999607 -0.00578752 0.00764872 0.352314 0.0151046 0.935761 2.49404
0.922549 0.0268552 -0.384951 -1.24608 -0.0312564 0.999498 -0.0051786 0.0150705 0.384618 0.0168095 0.922926 2.65557
0.907064 0.0270273 -0.420128 -1.37784 -0.0320761 0.999474 -0.00495587 0.027676 0.419773 0.0179713 0.907453 2.83991
0.889253 0.0222377 -0.456881 -1.51063 -0.0279083 0.999595 -0.00566559 0.0293018 0.45657 0.0177886 0.889514 3.02841
0.868766 0.0170891 -0.494934 -1.64608 -0.0231356 0.999715 -0.00609226 0.030875 0.494689 0.0167433 0.868912 3.20728
0.844817 0.0178404 -0.534764 -1.81422 -0.0229599 0.999733 -0.00291915 0.0292461 0.534568 0.0147441 0.845001 3.39299
0.816299 0.0237289 -0.577148 -1.99756 -0.0282833 0.999601 0.00109455 0.0273178 0.576943 0.0154301 0.816643 3.56863
0.784412 0.0267845 -0.619668 -2.20018 -0.0314462 0.999501 0.00339642 0.0220202 0.619449 0.0168217 0.784862 3.74175
0.749122 0.0260376 -0.661927 -2.40606 -0.0309764 0.999512 0.00425995 0.0257344 0.661714 0.0173129 0.749562 3.91507
0.710328 0.0212113 -0.703557 -2.62599 -0.0250844 0.999675 0.0048133 0.0336884 0.703429 0.014229 0.710629 4.07805
0.669461 0.0172861 -0.742652 -2.87827 -0.0202869 0.999783 0.00498359 0.0446509 0.742577 0.0117298 0.669665 4.23254
0.625773 0.0166379 -0.779834 -3.15058 -0.0183891 0.99981 0.00657526 0.052012 0.779794 0.0102255 0.62596 4.39056
0.578755 0.0169265 -0.815332 -3.43125 -0.0157665 0.999832 0.00956502 0.0578386 0.815356 0.00731917 0.578923 4.52679
0.528925 0.017793 -0.848488 -3.72546 -0.0154822 0.999817 0.0113154 0.0655198 0.848533 0.00715101 0.529104 4.64569
0.477435 0.0181835 -0.878485 -4.04409 -0.0171832 0.999791 0.0113558 0.096725 0.878505 0.00967353 0.477646 4.75311
0.423638 0.0190013 -0.905639 -4.36965 -0.0166465 0.999776 0.0131898 0.116219 0.905684 0.00948766 0.42386 4.85582
0.367797 0.0204788 -0.929686 -4.70314 -0.0151179 0.999759 0.0160417 0.116354 0.92979 0.00815461 0.368018 4.9574
0.314178 0.02241 -0.949106 -5.0501 -0.0133338 0.999728 0.0191918 0.131622 0.949276 0.00662518 0.314392 5.01507
0.264058 0.0226363 -0.964248 -5.43478 -0.0110607 0.999733 0.0204404 0.155818 0.964451 0.0052676 0.264237 5.03717
0.213402 0.0227718 -0.976705 -5.83273 -0.0100156 0.999728 0.0211206 0.161714 0.976919 0.00527473 0.213572 5.08548
0.16599 0.0231739 -0.985862 -6.25163 -0.0135278 0.999687 0.0212212 0.170929 0.986042 0.00981375 0.166251 5.11327
0.123374 0.0233896 -0.992091 -6.66816 -0.0156667 0.999644 0.0216198 0.180809 0.992243 0.012875 0.123697 5.13
0.0852218 0.0218513 -0.99613 -7.09937 -0.0179518 0.999635 0.0203924 0.191766 0.996208 0.0161442 0.0855828 5.13255
0.0501181 0.0185944 -0.998577 -7.57951 -0.016716 0.999702 0.0177768 0.210258 0.998611 0.0158008 0.0504146 5.13833
0.0187204 0.0149659 -0.99972 -8.05615 -0.0176993 0.999741 0.0146347 0.227518 0.999676 0.0174201 0.0189804 5.12177
-0.00863651 0.0121424 -0.999897 -8.55393 -0.0184378 0.999755 0.0123002 0.247503 0.999801 0.0185416 -0.00840985 5.10893
-0.0291511 0.00961803 -0.999537 -9.06967 -0.0204002 0.999744 0.0102149 0.256841 0.999376 0.0206882 -0.0289473 5.07006
-0.0454574 0.00844189 -0.998938 -9.60328 -0.0216286 0.999722 0.00943304 0.269653 0.998741 0.022034 -0.0452615 5.02681
-0.0580042 0.00849533 -0.998289 -10.1443 -0.0200746 0.999754 0.00967417 0.281117 0.998125 0.020601 -0.0578191 4.97802
-0.0668778 0.00875609 -0.99773 -10.701 -0.0216733 0.999713 0.0102265 0.294281 0.997535 0.0223075 -0.0666682 4.9146
-0.0738525 0.00995125 -0.997229 -11.2814 -0.0236409 0.999656 0.0117261 0.293301 0.997 0.0244411 -0.0735913 4.86706
-0.0787067 0.0110769 -0.996844 -11.8776 -0.0236455 0.999636 0.0129752 0.294061 0.996627 0.0245915 -0.0784155 4.81294
-0.0803285 0.0123592 -0.996701 -12.4617 -0.0216203 0.99967 0.0141383 0.290938 0.996546 0.0226843 -0.0800342 4.76849
-0.0790503 0.0133189 -0.99679 -13.1013 -0.0200751 0.999687 0.0149498 0.312108 0.996679 0.021192 -0.0787576 4.71136
-0.0781103 0.0152364 -0.996838 -13.7552 -0.0205362 0.999651 0.0168883 0.317591 0.996745 0.0217898 -0.0777694 4.66181
-0.0765224 0.0145193 -0.996971 -14.4165 -0.0224992 0.999615 0.0162849 0.326975 0.996825 0.0236768 -0.0761657 4.6029
-0.0753259 0.0110124 -0.997109 -15.1075 -0.0234765 0.999648 0.0128137 0.342172 0.996895 0.0243733 -0.0750401 4.54568
-0.0740796 0.0107782 -0.997203 -15.7833 -0.0231897 0.999653 0.0125276 0.35047 0.996994 0.0240526 -0.0738034 4.49555
-0.0720311 0.012632 -0.997334 -16.493 -0.0228158 0.999643 0.0143088 0.362889 0.997154 0.023785 -0.0717165 4.43689
-0.0704166 0.0148831 -0.997416 -17.2147 -0.0234302 0.999589 0.0165698 0.380783 0.997254 0.0245361 -0.0700383 4.38203
-0.0685042 0.0151949 -0.997548 -17.9468 -0.0229496 0.999601 0.0168018 0.40487 0.997401 0.0240436 -0.0681274 4.32361
-0.0685678 0.0154061 -0.997538 -18.6851 -0.0230087 0.999591 0.0170195 0.395722 0.997393 0.0241187 -0.0681848 4.29471
-0.0678516 0.011867 -0.997638 -19.4397 -0.0250701 0.999599 0.013595 0.405429 0.997396 0.0259325 -0.0675262 4.2499
-0.0671294 0.0099202 -0.997706 -20.2216 -0.025887 0.999598 0.0116809 0.429404 0.99742 0.0266114 -0.066845 4.20149
-0.0663129 0.0105542 -0.997757 -20.9736 -0.0236688 0.999652 0.0121469 0.457677 0.997535 0.0244205 -0.0660391 4.15631
-0.0660047 0.0122468 -0.997756 -21.7712 -0.0213137 0.999682 0.0136805 0.458458 0.997605 0.0221684 -0.0657219 4.11006
-0.0654412 0.0136612 -0.997777 -22.5907 -0.0201058 0.999691 0.0150056 0.4623 0.99767 0.0210424 -0.0651454 4.0658
-0.0652022 0.00811227 -0.997851 -23.4024 -0.019812 0.999762 0.0094224 0.468189 0.997688 0.0203834 -0.0650251 4.01267
-0.064948 0.00134799 -0.997902 -24.213 -0.0180771 0.99984 0.00252671 0.459302 0.997742 0.0182027 -0.0649122 3.95715
-0.0663497 -0.00463204 -0.997799 -25.0352 -0.0149254 0.999886 -0.00364922 0.469615 0.997698 0.0146501 -0.0664103 3.9258
-0.0652452 -0.00598088 -0.997867 -25.8618 -0.0145399 0.999887 -0.00504285 0.487778 0.997782 0.0141792 -0.0653237 3.84772
-0.0663507 -0.000548821 -0.99781 -26.6521 -0.0108868 0.999945 0.000173959 0.484658 0.99775 0.0108741 -0.0663522 3.82747
-0.0668497 0.0065866 -0.997757 -27.5046 -0.0118462 0.999908 0.00739394 0.475539 0.997712 0.0123133 -0.0667647 3.76823
-0.0684052 0.0125136 -0.997594 -28.3273 -0.0124815 0.999837 0.0133975 0.460087 0.997593 0.0133675 -0.0682371 3.72782
-0.0681227 0.0120249 -0.997622 -29.1873 -0.0146159 0.999814 0.0130489 0.460083 0.997589 0.0154695 -0.0679334 3.64782
-0.0714317 0.00422314 -0.997453 -30.046 -0.00687385 0.99997 0.00472599 0.550438 0.997437 0.00719338 -0.0713998 3.61074
-0.0728235 0.0010935 -0.997363 -30.8849 -0.00706984 0.999979 0.0016118 0.546475 0.997341 0.00716796 -0.0728136 3.55847
-0.0735245 0.00154667 -0.99731 -31.7296 -0.00740705 0.999976 0.00209676 0.545721 0.997281 0.0075406 -0.0735107 3.4977
-0.0737406 0.00379743 -0.997289 -32.5726 -0.00871141 0.999958 0.00445093 0.528032 0.99726 0.00901545 -0.0737038 3.42894
-0.0737649 0.00170824 -0.997291 -33.4132 -0.00921159 0.999959 0.00239404 0.521981 0.997249 0.00936256 -0.0737457 3.36496
-0.0737916 -0.00334332 -0.997286 -34.251 -0.00969037 0.999955 -0.00263611 0.509195 0.997248 0.00946909 -0.0738202 3.29934
-0.0730684 -0.00740415 -0.997318 -35.0868 -0.0109931 0.999923 -0.0066182 0.492572 0.997284 0.0104794 -0.0731436 3.21484
-0.0723643 -0.00679611 -0.997373 -35.9004 -0.0103385 0.999933 -0.0060643 0.484861 0.997346 0.00987209 -0.0724294 3.14929
-0.0733212 -0.0058635 -0.997311 -36.726 -0.00776997 0.999962 -0.0053081 0.494325 0.997295 0.00735921 -0.0733635 3.10788
-0.0708832 0.000102468 -0.997505 -37.5424 -0.00749486 0.999978 0.000634375 0.457234 0.997479 0.00752061 -0.0708805 3.0063
-0.0698254 0.0064552 -0.997558 -38.4157 -0.00692544 0.999958 0.00695508 0.433519 0.997552 0.00739348 -0.0697774 2.92628
-0.0696787 0.0112995 -0.997527 -39.2445 -0.0082226 0.999901 0.0118998 0.391481 0.99756 0.00903089 -0.0695788 2.8577
-0.0693463 0.0119799 -0.997541 -40.094 -0.00813137 0.999893 0.0125728 0.37247 0.997577 0.00898254 -0.0692413 2.78392
-0.0706285 0.00877814 -0.997487 -40.8872 -0.00857952 0.999925 0.00940614 0.345391 0.997491 0.0092218 -0.0705478 2.7583
-0.0700021 0.00466322 -0.997557 -41.7459 -0.00975193 0.999944 0.00535811 0.335748 0.997517 0.0101025 -0.0699525 2.67652
-0.0720436 0.00192745 -0.997423 -42.5509 -0.0133744 0.999913 0.00289719 0.322283 0.997337 0.0135481 -0.0720112 2.65181
-0.0741252 0.00055529 -0.99727 -43.4146 -0.0161046 0.999875 0.00175313 0.308759 0.997137 0.0161899 -0.0741068 2.59695
-0.0763287 -0.00137222 -0.997106 -44.2362 -0.0137411 0.999912 -0.000325341 0.291203 0.997013 0.0136761 -0.0763407 2.5588
-0.0785831 -0.00531961 -0.996916 -45.0751 -0.0103643 0.999943 -0.00451942 0.284842 0.996872 0.00997645 -0.0786336 2.50294
-0.0800777 -0.00710892 -0.996789 -45.9148 -0.00595048 0.999967 -0.00665476 0.272337 0.996796 0.00539818 -0.0801172 2.43998
-0.0832537 -0.00414035 -0.996542 -46.7517 -0.00535378 0.999985 -0.00370806 0.264464 0.996533 0.00502585 -0.0832745 2.37946
-0.086 0.000305546 -0.996321 -47.5695 -0.0027522 1 0.000543056 0.263228 0.996316 0.00278854 -0.0859994 2.32415
-0.0901654 0.00376069 -0.995944 -48.391 -0.0013267 0.999998 0.00389544 0.248233 0.995945 0.00167197 -0.0901602 2.27921
-0.0919178 0.00238455 -0.99579 -49.2216 -0.0018702 1 0.00256605 0.234956 0.995791 0.00209796 -0.0919133 2.19948
-0.0923942 -0.00248814 -0.995744 -50.0234 -0.00537607 0.999992 -0.00200054 0.227348 0.995727 0.00516769 -0.0924068 2.10612
-0.0934228 -0.00712179 -0.995627 -50.8274 -0.010004 0.999939 -0.00621518 0.221349 0.995602 0.00937938 -0.0934879 2.01303
-0.096807 -0.0100963 -0.995276 -51.6334 -0.0137413 0.999874 -0.00880708 0.219754 0.995228 0.0128231 -0.0969333 1.94468
-0.0981061 -0.0098083 -0.995155 -52.4442 -0.0149733 0.999861 -0.0083799 0.205747 0.99509 0.0140785 -0.098239 1.85323
-0.099444 -0.00928854 -0.995025 -53.2382 -0.0141106 0.999877 -0.00792441 0.19671 0.994964 0.0132516 -0.0995626 1.77318
-0.100458 -0.0106796 -0.994912 -54.0267 -0.0146171 0.999859 -0.00925823 0.18641 0.994861 0.0136123 -0.100599 1.68225
-0.10007 -0.0121417 -0.994933 -54.805 -0.015354 0.999833 -0.010658 0.179127 0.994883 0.0142089 -0.10024 1.58919
-0.101472 -0.0101987 -0.994818 -55.5774 -0.0138838 0.999874 -0.00883621 0.156276 0.994773 0.0129149 -0.1016 1.52647
-0.102249 -0.00915185 -0.994743 -56.2322 -0.0213463 0.999755 -0.0070047 0.168044 0.994551 0.0205173 -0.102419 1.44954
-0.103177 -0.00550925 -0.99468 -57.0147 -0.0219343 0.999764 -0.00326407 0.152293 0.994454 0.0214802 -0.103272 1.37242
-0.105198 -0.00749093 -0.99445 -57.7414 -0.0137623 0.999895 -0.0060771 0.199019 0.994378 0.013046 -0.10529 1.30098
-0.106067 -0.00845516 -0.994356 -58.4839 -0.0125286 0.999906 -0.00716773 0.186264 0.994315 0.011697 -0.106161 1.21765
-0.106933 -0.0117745 -0.994224 -59.2241 -0.011098 0.99989 -0.0106489 0.180753 0.994226 0.00989473 -0.107051 1.14053
-0.107125 -0.016236 -0.994146 -59.9594 -0.00966228 0.999847 -0.0152899 0.171965 0.994234 0.00796722 -0.107264 1.0524
-0.106465 -0.0207905 -0.994127 -60.6771 -0.0114176 0.999749 -0.0196863 0.16462 0.994272 0.00925423 -0.106675 0.957951
-0.105046 -0.0226499 -0.994244 -61.4151 -0.0116819 0.99971 -0.0215421 0.129966 0.994435 0.00935128 -0.105279 0.86727
-0.102777 -0.0243851 -0.994434 -62.1101 -0.0138191 0.999646 -0.0230858 0.113005 0.994631 0.011369 -0.103077 0.786939
-0.0983762 -0.0238073 -0.9949 -62.813 -0.0133697 0.999665 -0.0226014 0.084448 0.995097 0.0110776 -0.0986607 0.699659
-0.0926344 -0.0221182 -0.995484 -63.4856 -0.0115085 0.999719 -0.0211425 0.0568409 0.995656 0.00949744 -0.0928626 0.637446
-0.0856961 -0.0214454 -0.996126 -64.1465 -0.00931434 0.999752 -0.0207242 0.0376339 0.996316 0.00750189 -0.0858738 0.5784
-0.0770197 -0.0210237 -0.996839 -64.7726 -0.00891429 0.999761 -0.0203978 0.0238467 0.997013 0.00731458 -0.0771887 0.519806
-0.0664283 -0.0213069 -0.997601 -65.4033 -0.00866263 0.999756 -0.0207786 0.021615 0.997792 0.00726095 -0.0665965 0.483966
-0.0524224 -0.0201217 -0.998453 -66.0223 -0.00976545 0.999769 -0.0196368 0.00206234 0.998601 0.0087204 -0.0526068 0.454831
-0.0344596 -0.0190127 -0.999263 -66.6071 -0.0101965 0.999783 -0.0186735 -0.0219538 0.999393 0.0095449 -0.0346464 0.447543
-0.0128441 -0.0190487 -0.999769 -67.1733 -0.0094091 0.999787 -0.0189294 -0.0329447 0.999898 0.00916317 -0.0130209 0.453532
0.0131772 -0.0186795 -0.999777 -67.7001 -0.0071527 0.999808 -0.0187771 -0.0570159 0.999928 0.00739792 0.0130397 0.460485
0.0410092 -0.0203481 -0.998986 -68.245 -0.00336885 0.999795 -0.0205042 -0.0578945 0.999179 0.00420568 0.0409314 0.520124
0.0741495 -0.0205531 -0.997076 -68.7544 -0.000167817 0.999797 -0.0206245 -0.0785117 0.997289 0.00169611 0.0741284 0.593526
0.110284 -0.0206117 -0.99372 -69.2041 0.0025935 0.999798 -0.0204512 -0.0928175 0.993922 -0.000322226 0.110314 0.705931
0.148353 -0.0207135 -0.988759 -69.7116 0.00548345 0.999792 -0.0201248 -0.120813 0.988962 -0.00243657 0.148432 0.86553
0.193214 -0.0202145 -0.980983 -70.1838 0.00889582 0.999793 -0.0188512 -0.131163 0.981143 -0.00508464 0.193352 0.994391
0.239457 -0.0225235 -0.970689 -70.6108 0.0149013 0.999708 -0.0195239 -0.138965 0.970837 -0.00978951 0.239717 1.1776
0.287682 -0.0268107 -0.957387 -71.0411 0.0261703 0.999465 -0.0201266 -0.167752 0.957397 -0.0192655 0.288227 1.38154
0.338078 -0.0314735 -0.940635 -71.4593 0.0350885 0.999177 -0.0208243 -0.198654 0.94051 -0.0259652 0.338896 1.58774
0.388556 -0.0359508 -0.920763 -71.8607 0.0436477 0.998845 -0.0205818 -0.218788 0.920421 -0.0321922 0.389673 1.8317
0.439034 -0.036447 -0.897779 -72.2683 0.0465247 0.998769 -0.0177989 -0.229668 0.897315 -0.0339543 0.440179 2.08895
0.486515 -0.0371999 -0.872921 -72.6542 0.0503825 0.998635 -0.0144784 -0.242787 0.87225 -0.0369361 0.487722 2.36753
0.531721 -0.0410576 -0.845975 -73.0005 0.0602104 0.99814 -0.0106027 -0.25645 0.84483 -0.0452982 0.533192 2.64215
0.574335 -0.0477977 -0.817268 -73.3012 0.0735417 0.99728 -0.00664532 -0.27053 0.815345 -0.0562866 0.576284 2.9538
0.61709 -0.0527216 -0.785181 -73.6279 0.0775366 0.996981 -0.00601032 -0.284844 0.783122 -0.0571705 0.619301 3.27255
0.659851 -0.057087 -0.749273 -73.9504 0.0763353 0.997054 -0.00874147 -0.302012 0.747549 -0.0514277 0.66226 3.58305
0.700519 -0.0645115 -0.710777 -74.2346 0.0743277 0.997095 -0.017249 -0.296731 0.709819 -0.0407468 0.703263 3.93492
0.741184 -0.0658615 -0.668117 -74.5209 0.0698576 0.99735 -0.0208208 -0.309266 0.667704 -0.0312405 0.743816 4.30081
0.778724 -0.0706555 -0.623452 -74.7719 0.0725011 0.997125 -0.022453 -0.282383 0.623241 -0.027716 0.781591 4.69617
0.814157 -0.0752715 -0.575808 -75.0173 0.0759997 0.996855 -0.0228555 -0.252695 0.575707 -0.0251528 0.817311 5.10816
0.84626 -0.0747442 -0.527592 -75.2815 0.0745045 0.996994 -0.0217471 -0.253169 0.527627 -0.0209041 0.849266 5.5771
0.873031 -0.0743833 -0.482034 -75.4817 0.0752375 0.99702 -0.0175888 -0.25412 0.481896 -0.0209109 0.876019 6.05383
0.895698 -0.0704992 -0.439152 -75.6977 0.0712509 0.997359 -0.0147966 -0.240211 0.439031 -0.0180366 0.898336 6.5615
0.914501 -0.0656205 -0.399316 -75.8963 0.0650895 0.997778 -0.0149047 -0.225285 0.399399 -0.0123603 0.916734 7.12916
0.929285 -0.0615387 -0.364342 -76.0883 0.0616061 0.998047 -0.0114537 -0.223167 0.364331 -0.0118019 0.93124 7.67434
0.940647 -0.0609031 -0.333985 -76.2892 0.0620374 0.998058 -0.00727797 -0.236226 0.333773 -0.0138731 0.942592 8.25213
0.948232 -0.0621213 -0.31161 -76.4412 0.0636789 0.997969 -0.00518926 -0.224519 0.311296 -0.0149225 0.95024 8.84752
0.954917 -0.0612981 -0.290605 -76.6175 0.0637354 0.997978 -0.0010787 -0.245494 0.290076 -0.0174913 0.956886 9.42046
0.959863 -0.0592333 -0.274338 -76.7671 0.0626886 0.998038 0.00383161 -0.261218 0.273568 -0.0208756 0.961671 10.0454
0.964341 -0.0541437 -0.259215 -76.9416 0.0578666 0.998314 0.00674822 -0.269314 0.258406 -0.021507 0.96584 10.6863
0.967578 -0.0508417 -0.24762 -77.0994 0.0549163 0.998459 0.00956411 -0.277824 0.246747 -0.0228523 0.968855 11.3505
0.970885 -0.0511503 -0.234188 -77.2485 0.0551973 0.99843 0.0107553 -0.287906 0.233265 -0.0233682 0.972175 11.9886
0.973869 -0.0508829 -0.221583 -77.3798 0.0547573 0.998449 0.0113651 -0.288552 0.220657 -0.0232013 0.975121 12.6523
0.976588 -0.050913 -0.209194 -77.5068 0.0548536 0.998422 0.0130755 -0.285468 0.208192 -0.0242439 0.977831 13.3655
0.979393 -0.0485876 -0.196311 -77.627 0.0525222 0.998524 0.0148739 -0.286225 0.195294 -0.024878 0.980475 14.0696
0.981675 -0.0485671 -0.184489 -77.7446 0.0518992 0.998578 0.0132734 -0.291769 0.183577 -0.0226044 0.98279 14.7905
0.983747 -0.0482436 -0.173275 -77.8845 0.0506049 0.998692 0.00922233 -0.29411 0.1726 -0.0178412 0.984877 15.5428
0.985256 -0.0504904 -0.163718 -77.9917 0.0517352 0.998668 0.00334621 -0.289954 0.163326 -0.0117663 0.986547 16.2727
0.986549 -0.0500564 -0.15597 -78.0991 0.0512292 0.998695 0.00349383 -0.287117 0.155588 -0.0114373 0.987804 17.0168
0.987643 -0.0477431 -0.149555 -78.2197 0.0496199 0.998742 0.00884077 -0.275234 0.14894 -0.0161518 0.988759 17.7933
0.988564 -0.0428594 -0.144966 -78.3379 0.0457723 0.998825 0.0168042 -0.270753 0.144072 -0.0232475 0.989342 18.5519
0.98904 -0.042219 -0.141785 -78.4476 0.0456368 0.998752 0.02094 -0.274424 0.14072 -0.0271804 0.989722 19.348
0.989419 -0.0450331 -0.138331 -78.5491 0.0480923 0.99868 0.0188409 -0.253483 0.137295 -0.0252943 0.990255 20.0855
0.989744 -0.0457882 -0.135641 -78.6505 0.0486 0.998679 0.0174916 -0.244551 0.134656 -0.0239038 0.990651 20.8559
0.990175 -0.0467724 -0.132205 -78.7563 0.0497569 0.998589 0.01935 -0.236182 0.131108 -0.025738 0.991083 21.6101
0.99033 -0.0478104 -0.13057 -78.8453 0.051138 0.998458 0.022254 -0.241968 0.1293 -0.0287152 0.991237 22.3732
0.990492 -0.0504865 -0.128424 -78.9298 0.0539385 0.998282 0.0235319 -0.234269 0.127011 -0.0302351 0.991489 23.1349
0.990712 -0.0509383 -0.126432 -79.0141 0.0539288 0.998351 0.0203461 -0.23606 0.125182 -0.0269747 0.991815 23.9014
0.991276 -0.0483482 -0.123088 -79.1338 0.0502775 0.998671 0.0126033 -0.230363 0.122311 -0.0186823 0.992366 24.6634
0.99149 -0.049103 -0.120937 -79.2322 0.0499541 0.998757 0.00401967 -0.214655 0.120584 -0.0100262 0.992701 25.4229
0.991524 -0.0488243 -0.120894 -79.3175 0.0490353 0.998812 -0.00124175 -0.206832 0.120806 -0.00469772 0.992715 26.2034
0.991718 -0.0475016 -0.119704 -79.4019 0.0478688 0.998868 0.000195271 -0.214316 0.119554 -0.00592317 0.992859 26.9606
0.991895 -0.044782 -0.119409 -79.4818 0.0455914 0.998968 0.00404212 -0.222989 0.1191 -0.00945426 0.992889 27.7172
0.992097 -0.0416027 -0.118762 -79.5682 0.0429828 0.999049 0.00908355 -0.230792 0.118266 -0.0141158 0.992931 28.4931
0.992098 -0.0444934 -0.117829 -79.6454 0.0460257 0.998903 0.0103032 -0.231131 0.117236 -0.0156456 0.993033 29.2589
0.991865 -0.0479723 -0.118292 -79.7144 0.0494767 0.998742 0.00981572 -0.236688 0.117668 -0.0155878 0.99298 29.9918
0.991714 -0.0501908 -0.118763 -79.792 0.0517202 0.998629 0.00981932 -0.241285 0.118102 -0.015881 0.992926 30.7601
0.991753 -0.0504439 -0.118205 -79.8799 0.0516685 0.998652 0.00732066 -0.236778 0.117671 -0.0133672 0.993012 31.5338
0.991655 -0.0527062 -0.118185 -79.9704 0.0537015 0.998561 0.00523869 -0.22971 0.117734 -0.0115426 0.993032 32.2861
0.991754 -0.0533396 -0.116925 -80.0724 0.0543415 0.998522 0.0054001 -0.23217 0.116459 -0.011709 0.993177 33.0564
0.992052 -0.0509051 -0.115635 -80.1786 0.05189 0.998655 0.00550729 -0.226492 0.115195 -0.0114649 0.993331 33.8305
0.991937 -0.0517047 -0.116105 -80.273 0.0525674 0.998622 0.00438424 -0.230536 0.115713 -0.0104518 0.99328 34.6089
0.991746 -0.051999 -0.11777 -80.3711 0.0529247 0.998606 0.00473161 -0.250069 0.117355 -0.0109268 0.993086 35.3749
0.991504 -0.0530762 -0.119144 -80.4756 0.0540239 0.998543 0.00474266 -0.25321 0.118713 -0.0111386 0.992919 36.1512
0.991137 -0.0524491 -0.122595 -80.58 0.0533477 0.998586 0.00404497 -0.253292 0.122205 -0.0105507 0.992505 36.9606
0.991045 -0.04739 -0.125212 -80.6949 0.048069 0.998856 0.00240875 -0.249471 0.124949 -0.00840577 0.992181 37.7399
0.990879 -0.0461497 -0.12714 -80.8104 0.0460219 0.998952 -0.00395735 -0.246806 0.127184 -0.00193162 0.991935 38.5272
0.990679 -0.0454684 -0.128776 -80.9287 0.044876 0.998981 -0.00749716 -0.26179 0.12898 0.0016484 0.9917 39.3216
0.990141 -0.0468705 -0.13251 -81.0147 0.0460238 0.998915 -0.00945978 -0.272873 0.132804 0.00326604 0.991195 40.1496
0.989852 -0.047127 -0.134416 -81.147 0.0466898 0.998905 -0.00640237 -0.314263 0.134565 6.16015e-05 0.990958 40.9978
0.98925 -0.0484395 -0.138475 -81.2413 0.0481127 0.998845 -0.00572032 -0.33601 0.138587 -0.00100539 0.990409 41.8471
0.989073 -0.0485264 -0.139555 -81.371 0.0484321 0.998834 -0.00407114 -0.353924 0.139583 -0.00273227 0.990261 42.6857
0.989086 -0.047461 -0.139986 -81.5057 0.0479994 0.998868 0.000457786 -0.383485 0.1398 -0.00717354 0.990215 43.5211
0.988702 -0.0482503 -0.14225 -81.6169 0.0493228 0.998791 0.00402501 -0.378593 0.141878 -0.0109957 0.989877 44.3605
0.98845 -0.0480418 -0.144221 -81.7089 0.0493899 0.998783 0.00576868 -0.384386 0.143763 -0.0128264 0.989591 45.2182
0.988867 -0.0456448 -0.141973 -81.845 0.0467599 0.998914 0.00452955 -0.373917 0.141606 -0.0111179 0.989916 46.0871
0.989151 -0.0463447 -0.139909 -81.9752 0.0472458 0.998899 0.00311099 -0.376717 0.139605 -0.00968875 0.990222 46.9366
0.989093 -0.0494041 -0.139116 -82.0832 0.0499659 0.998769 0.000552367 -0.380478 0.138911 -0.00749762 0.990333 47.809
0.98912 -0.0532281 -0.137662 -82.2034 0.0535802 0.998583 -0.00116188 -0.390092 0.137523 -0.00622823 0.990541 48.6804
0.989212 -0.054865 -0.136197 -82.3211 0.0552127 0.998492 -0.001219 -0.403227 0.136052 -0.00631413 0.990738 49.5549
0.989372 -0.0565688 -0.13448 -82.454 0.0571925 0.998384 0.000764745 -0.408046 0.134214 -0.00844936 0.990978 50.4293
0.989435 -0.0577878 -0.133345 -82.5782 0.0586918 0.998291 0.00286445 -0.420609 0.132945 -0.0106606 0.991124 51.2952
0.989612 -0.0585144 -0.131853 -82.7046 0.0594095 0.99825 0.00285112 -0.429831 0.131449 -0.0106563 0.991329 52.1642
0.989744 -0.057811 -0.131025 -82.8265 0.0582864 0.998318 -0.000198465 -0.442289 0.13081 -0.00744079 0.991437 53.0531
0.990174 -0.0558178 -0.128774 -82.9689 0.0554984 0.99846 -0.00608189 -0.461083 0.128909 -0.00112639 0.991719 53.9169
0.990616 -0.0534044 -0.126221 -83.1102 0.0523144 0.998579 -0.0119318 -0.471465 0.126673 0.00521621 0.991989 54.7443
0.990885 -0.0491676 -0.12598 -83.2165 0.0471938 0.998734 -0.0186207 -0.48685 0.12673 0.0125032 0.991924 55.624
0.991097 -0.0487584 -0.124316 -83.3369 0.0465756 0.998725 -0.020404 -0.505798 0.125147 0.0144316 0.992091 56.4657
0.991226 -0.051282 -0.122414 -83.4729 0.04985 0.998669 -0.0147482 -0.532582 0.123002 0.00851422 0.992434 57.332
0.991107 -0.0512742 -0.123226 -83.5865 0.0509908 0.998703 -0.00545066 -0.559545 0.12334 -0.000881785 0.992423 58.2152
0.990752 -0.0518782 -0.125955 -83.6777 0.052632 0.998633 0.00264801 -0.592775 0.125639 -0.00925445 0.992098 59.0471
0.990095 -0.054838 -0.129655 -83.7666 0.0552442 0.998493 -0.000456936 -0.599947 0.129479 -0.00671088 0.991619 59.8852
0.989567 -0.0597444 -0.131653 -83.8722 0.0595949 0.998232 -0.00509101 -0.607551 0.131719 -0.00280983 0.991347 60.7227
0.988914 -0.0610082 -0.135771 -83.9653 0.0605768 0.998158 -0.00730244 -0.625196 0.135959 -0.00100366 0.990774 61.549
0.98871 -0.0591407 -0.138206 -84.0917 0.058296 0.99827 -0.0101669 -0.648214 0.138562 0.00199316 0.990417 62.382
0.988234 -0.0582116 -0.14182 -84.2122 0.0567737 0.998307 -0.0141609 -0.672221 0.142397 0.00594195 0.989852 63.2222
0.987707 -0.0577709 -0.145751 -84.3381 0.0557213 0.998304 -0.0181218 -0.695496 0.146544 0.0097752 0.989221 64.0369
0.987316 -0.0566895 -0.148665 -84.467 0.0537541 0.998294 -0.0236888 -0.710124 0.149747 0.0153962 0.988666 64.8443
0.987083 -0.0512201 -0.152289 -84.6 0.0481196 0.998576 -0.0239911 -0.743187 0.153294 0.0163506 0.988111 65.6427
0.986808 -0.0483714 -0.154848 -84.7557 0.0450614 0.998697 -0.0248146 -0.754275 0.155839 0.0175087 0.987689 66.4538
0.986205 -0.0450701 -0.159741 -84.8933 0.0424386 0.998924 -0.019862 -0.780713 0.160458 0.0128063 0.987026 67.2652
0.985574 -0.043351 -0.163933 -85.039 0.0415232 0.999052 -0.0145612 -0.815423 0.164401 0.00754328 0.986427 68.0495
0.984612 -0.0439218 -0.169585 -85.1768 0.0424581 0.999046 -0.0122624 -0.831334 0.169956 0.00487105 0.985506 68.8623
0.983516 -0.043654 -0.17578 -85.3295 0.0417145 0.99904 -0.0147158 -0.827072 0.176247 0.00713967 0.984383 69.6498
0.982525 -0.0441249 -0.181242 -85.4853 0.0420217 0.99902 -0.0154416 -0.817844 0.181739 0.00755292 0.983386 70.4273
0.981251 -0.0434864 -0.188057 -85.6347 0.0408353 0.999024 -0.0179527 -0.833051 0.188646 0.00993576 0.982058 71.2151
0.980252 -0.0386394 -0.194337 -85.7993 0.0354642 0.999198 -0.0198047 -0.863036 0.194939 0.0125186 0.980806 71.9854
0.979341 -0.0378625 -0.198914 -85.9769 0.0328837 0.999078 -0.0282796 -0.853028 0.199793 0.0211532 0.979673 72.7453
0.978226 -0.0379923 -0.20441 -86.1395 0.0324742 0.999036 -0.0302966 -0.896294 0.205357 0.0229955 0.978489 73.4742
0.977214 -0.0374144 -0.209202 -86.3201 0.0309846 0.998964 -0.0339349 -0.91247 0.210246 0.0266784 0.97735 74.2341
0.976225 -0.0349611 -0.214279 -86.4988 0.0292356 0.99915 -0.0298452 -0.942241 0.215133 0.0228676 0.976391 74.9993
0.975032 -0.0343185 -0.219653 -86.6903 0.0291943 0.999242 -0.0265387 -0.972199 0.220389 0.0194621 0.975285 75.7534
0.973874 -0.0341856 -0.22485 -86.8838 0.0290828 0.999262 -0.0259811 -1.00104 0.225565 0.0187596 0.974122 76.486
0.972331 -0.0365833 -0.230975 -87.0804 0.030638 0.999121 -0.0292801 -1.05143 0.231834 0.0213919 0.972588 77.2357
0.970547 -0.0370681 -0.23837 -87.2789 0.0293564 0.99895 -0.0358344 -1.10365 0.239439 0.0277776 0.97059 77.9738
0.968123 -0.0389316 -0.247668 -87.4729 0.030373 0.998825 -0.0382902 -1.13727 0.248858 0.0295457 0.968158 78.7111
0.965976 -0.0394846 -0.255903 -87.7156 0.0308578 0.998837 -0.0376527 -1.15698 0.257083 0.0284712 0.966046 79.4187
0.96316 -0.039845 -0.266184 -87.9456 0.0324534 0.998978 -0.0321143 -1.19452 0.267182 0.0222909 0.963459 80.1332
0.960298 -0.0379809 -0.276666 -88.1899 0.0319271 0.999165 -0.0263653 -1.21375 0.277428 0.0164818 0.960683 80.8489
0.957583 -0.0363684 -0.28606 -88.4452 0.0313548 0.999286 -0.0220909 -1.27586 0.286648 0.0121827 0.95803 81.5488
0.954146 -0.0336964 -0.297709 -88.6763 0.0267454 0.999291 -0.0274027 -1.31768 0.298412 0.0181801 0.954345 82.2736
0.950215 -0.0346026 -0.309862 -88.9089 0.0243983 0.999048 -0.0367512 -1.361 0.310826 0.0273595 0.950145 82.9894
0.946452 -0.0372604 -0.320937 -89.1665 0.024694 0.998789 -0.0431491 -1.38617 0.322146 0.0329092 0.9462 83.6827
0.942147 -0.0377853 -0.333247 -89.4206 0.0257806 0.998874 -0.0403768 -1.40399 0.334384 0.0294474 0.94205 84.3836
0.938646 -0.0360671 -0.343228 -89.7139 0.0262239 0.999128 -0.033288 -1.45124 0.344118 0.0222411 0.938748 85.0776
0.933888 -0.0354792 -0.355973 -89.9797 0.0273571 0.999261 -0.0278289 -1.50377 0.356684 0.0162486 0.93416 85.7747
0.929895 -0.0371304 -0.366168 -90.2947 0.0283702 0.999195 -0.0292869 -1.55686 0.366949 0.0168418 0.930175 86.475
0.92598 -0.0391841 -0.375698 -90.6047 0.0288564 0.999059 -0.0330813 -1.60714 0.376627 0.0197891 0.92623 87.1536
0.922603 -0.0433471 -0.383522 -90.9103 0.0304186 0.998775 -0.0397227 -1.65725 0.384762 0.0249779 0.922767 87.8362
0.91963 -0.047933 -0.390011 -91.2221 0.0327808 0.998453 -0.0454204 -1.70793 0.391569 0.0289827 0.91977 88.5325
0.916999 -0.0483561 -0.396159 -91.5415 0.0315805 0.998337 -0.048772 -1.74206 0.397846 0.0322088 0.916976 89.2005
0.914521 -0.0429116 -0.402412 -91.8822 0.0249819 0.998475 -0.0497046 -1.78781 0.403916 0.0354004 0.91419 89.8849
0.910868 -0.0422254 -0.410737 -92.1972 0.0245015 0.998558 -0.0483323 -1.83575 0.412173 0.0339564 0.910563 90.5644
0.906845 -0.0419781 -0.419518 -92.5194 0.0262328 0.998744 -0.043236 -1.8668 0.420791 0.0282008 0.906798 91.2684
0.90383 -0.0377208 -0.426425 -92.8506 0.0252483 0.9991 -0.0348753 -1.92168 0.427344 0.0207509 0.903943 91.9489
0.901519 -0.0266138 -0.432068 -93.2104 0.0164414 0.999517 -0.027267 -1.98445 0.432569 0.0174755 0.901512 92.6268
0.89911 -0.0165418 -0.437607 -93.5601 0.00453282 0.999612 -0.0284833 -2.05449 0.437895 0.0236217 0.898812 93.2956
0.896861 -0.0212555 -0.441949 -93.9228 0.00534399 0.999317 -0.0372232 -2.08024 0.442421 0.0310197 0.896354 93.98
0.894152 -0.0295068 -0.446985 -94.2514 0.0104284 0.998956 -0.0450942 -2.11876 0.447835 0.0356552 0.893503 94.6605
0.89233 -0.0273222 -0.450705 -94.614 0.00823729 0.999012 -0.0442587 -2.18255 0.45145 0.0357782 0.891664 95.3535
0.889431 -0.0218448 -0.456737 -94.9757 0.00450577 0.999257 -0.0390288 -2.233 0.457235 0.032651 0.888845 96.0721
0.886205 -0.018943 -0.463051 -95.3163 0.00311933 0.999411 -0.0349212 -2.2754 0.463421 0.0295004 0.885733 96.7393
0.883389 -0.0225249 -0.468286 -95.6818 0.00599871 0.999335 -0.0367631 -2.33052 0.468788 0.0296627 0.882912 97.4284
0.879816 -0.0256047 -0.47477 -96.0386 0.00530928 0.999041 -0.0440466 -2.36517 0.475423 0.0362297 0.879099 98.1284
0.878013 -0.0284221 -0.477976 -96.4308 0.0047758 0.998735 -0.0506263 -2.40739 0.478795 0.0421632 0.877015 98.7819
0.875313 -0.0276998 -0.482908 -96.8087 0.00248909 0.99863 -0.0527765 -2.44772 0.483687 0.0449912 0.874174 99.4541
0.872141 -0.0245804 -0.488817 -97.1697 0.000833114 0.99884 -0.0487513 -2.50181 0.489431 0.0421061 0.871128 100.144
0.870713 -0.0229031 -0.491402 -97.5788 -0.000422882 0.998908 -0.0473124 -2.54635 0.491928 0.0414006 0.869743 100.793
0.867987 -0.0221746 -0.496268 -97.957 -0.00168058 0.998896 -0.047583 -2.58911 0.496758 0.0421309 0.866969 101.455
0.865871 -0.0241403 -0.499828 -98.3427 -0.000624087 0.99881 -0.0493269 -2.63344 0.500403 0.0430197 0.864817 102.098
0.863171 -0.0261907 -0.504408 -98.7334 0.000976351 0.998769 -0.0501993 -2.68483 0.505084 0.0428334 0.862112 102.762
0.860653 -0.0276266 -0.508584 -99.1329 0.00254434 0.998776 -0.0499544 -2.73357 0.50932 0.0416964 0.859661 103.416
0.85879 -0.0259938 -0.511841 -99.556 0.000427338 0.998779 -0.0500158 -2.78636 0.512499 0.0427296 0.857731 104.074
0.856339 -0.0256677 -0.515919 -99.9437 -0.000780196 0.998726 -0.0509893 -2.82888 0.51655 0.0440635 0.855218 104.708
0.853325 -0.0295651 -0.520714 -100.345 0.000485972 0.998466 -0.0559045 -2.87308 0.52155 0.0474466 0.852009 105.369
0.851183 -0.0324749 -0.524004 -100.742 0.000320513 0.998144 -0.0613449 -2.92685 0.525003 0.0520446 0.849604 105.987
0.847748 -0.0352294 -0.529399 -101.121 0.00112786 0.997942 -0.0646128 -2.97285 0.530566 0.0541731 0.846021 106.636
0.845644 -0.0333276 -0.532844 -101.517 0.000720642 0.998147 -0.0612928 -3.0223 0.533878 0.0514446 0.844092 107.242
0.843283 -0.0310499 -0.536742 -101.918 0.00297688 0.998616 -0.0531014 -3.08293 0.53763 0.0431767 0.842186 107.88
0.841089 -0.029055 -0.540255 -102.318 0.00654162 0.999059 -0.043551 -3.14138 0.540989 0.0330928 0.840477 108.512
0.840085 -0.028867 -0.541856 -102.73 0.00964171 0.999251 -0.0382959 -3.1979 0.542538 0.0269429 0.839712 109.093
0.837036 -0.0316166 -0.546372 -103.091 0.0126684 0.999211 -0.0384185 -3.26136 0.547132 0.0252327 0.836767 109.714
0.835721 -0.0330668 -0.548326 -103.488 0.0117026 0.999063 -0.0424217 -3.30212 0.549196 0.0290312 0.835302 110.29
0.833864 -0.034595 -0.551023 -103.855 0.011553 0.998939 -0.0452389 -3.3483 0.551979 0.0313538 0.83337 110.839
0.831984 -0.03589 -0.553807 -104.206 0.0124031 0.99889 -0.0461104 -3.40084 0.554829 0.0314893 0.831483 111.378
0.830639 -0.0380002 -0.55565 -104.559 0.0142612 0.998824 -0.0469947 -3.43577 0.556757 0.0311081 0.830195 111.885
0.829527 -0.0371551 -0.557397 -104.913 0.0135447 0.99886 -0.0464344 -3.47242 0.55847 0.030964 0.829063 112.392
0.82825 -0.0361102 -0.559331 -105.243 0.0137184 0.99896 -0.0441838 -3.5263 0.560318 0.0289187 0.827875 112.866
0.827056 -0.0366312 -0.561095 -105.574 0.0156336 0.999018 -0.0421872 -3.59077 0.562071 0.0261145 0.826795 113.331
0.827256 -0.0351471 -0.560861 -105.896 0.0147897 0.999089 -0.0408 -3.65732 0.561758 0.0254537 0.827013 113.728
0.826273 -0.035 -0.562352 -106.198 0.0154232 0.999131 -0.0395327 -3.73978 0.563227 0.0239868 0.826074 114.14
0.825305 -0.0341355 -0.563791 -106.487 0.0131124 0.999092 -0.0413021 -3.80341 0.564662 0.0266909 0.824996 114.524
0.823876 -0.0360312 -0.565793 -106.764 0.01329 0.998964 -0.0442744 -3.85461 0.566782 0.0289524 0.82348 114.894
0.821869 -0.0393045 -0.568454 -107.042 0.0158596 0.998841 -0.0461377 -3.89266 0.569581 0.0289003 0.821532 115.256
0.819535 -0.043021 -0.571581 -107.304 0.0205653 0.998777 -0.0456982 -3.92307 0.572827 0.0256919 0.819396 115.574
0.816099 -0.0414776 -0.576555 -107.559 0.0195186 0.998862 -0.0442354 -3.95099 0.577707 0.0248436 0.815972 115.918
0.81242 -0.0376641 -0.582021 -107.82 0.0158393 0.999002 -0.0425485 -3.97625 0.583022 0.0253438 0.812184 116.252
0.809025 -0.0320868 -0.587029 -108.07 0.0114822 0.999213 -0.0387974 -3.99209 0.587784 0.0246443 0.808749 116.559
0.804867 -0.0271721 -0.592995 -108.29 0.00937657 0.999442 -0.0330786 -4.00012 0.593543 0.021059 0.804652 116.851
0.79961 -0.0248991 -0.600133 -108.485 0.00931388 0.999567 -0.0290668 -4.02389 0.600567 0.0176491 0.799487 117.119
0.793856 -0.0275733 -0.607639 -108.683 0.0131296 0.99955 -0.0282133 -4.03845 0.608122 0.0144149 0.79384 117.369
0.786282 -0.0298412 -0.617273 -108.878 0.0161437 0.999517 -0.0277614 -4.05448 0.617773 0.0118599 0.786376 117.619
0.777738 -0.0316145 -0.627947 -109.074 0.0182512 0.999483 -0.0277241 -4.05837 0.628477 0.0100972 0.777893 117.823
0.767447 -0.0318014 -0.640444 -109.272 0.0179306 0.999475 -0.0281476 -4.06462 0.640973 0.010115 0.767608 118.022
0.75536 -0.0311744 -0.654715 -109.458 0.0153585 0.99947 -0.0298793 -4.06671 0.655278 0.0125099 0.75542 118.185
0.741691 -0.0332928 -0.670032 -109.633 0.0145532 0.999363 -0.0335516 -4.0741 0.670691 0.0151305 0.741698 118.322
0.727333 -0.0358411 -0.685488 -109.819 0.0122288 0.999188 -0.039276 -4.08601 0.686317 0.0201795 0.727164 118.46
0.711846 -0.0396761 -0.701327 -109.968 0.0110715 0.998946 -0.0452801 -4.09348 0.702352 0.0244642 0.71153 118.584
0.696175 -0.0396958 -0.716908 -110.145 0.00548497 0.99877 -0.0499841 -4.09891 0.717988 0.0308604 0.69552 118.722
0.680561 -0.0364465 -0.731893 -110.338 -0.00329302 0.998633 -0.0527961 -4.10314 0.732783 0.0383374 0.679507 118.856
0.663421 -0.0351914 -0.747548 -110.528 -0.00762387 0.998559 -0.0537811 -4.10352 0.74834 0.0413733 0.662182 118.981
0.643772 -0.036714 -0.764442 -110.678 -0.00591596 0.998613 -0.052947 -4.10954 0.765291 0.0386041 0.642659 119.089
0.62365 -0.0377102 -0.780918 -110.861 -0.00432062 0.998689 -0.0516839 -4.11825 0.78182 0.0356016 0.622657 119.199
0.602364 -0.0358626 -0.797518 -111.049 -0.00621925 0.998782 -0.0496148 -4.12928 0.798291 0.034842 0.601406 119.281
0.579336 -0.0321243 -0.814574 -111.259 -0.011782 0.998824 -0.0477767 -4.12252 0.815127 0.0372707 0.578265 119.366
0.555949 -0.0283818 -0.830831 -111.454 -0.0152804 0.998932 -0.0443534 -4.13042 0.831167 0.0373494 0.554922 119.428
0.532125 -0.0257236 -0.84639 -111.651 -0.0186198 0.998977 -0.0420737 -4.13458 0.846581 0.0381428 0.531093 119.475
0.508233 -0.019729 -0.861091 -111.841 -0.0229404 0.999107 -0.0364353 -4.19146 0.861004 0.0382667 0.507327 119.504
0.484675 -0.017093 -0.874639 -112.076 -0.0287278 0.998996 -0.0354486 -4.17689 0.87434 0.0423019 0.48369 119.539
0.458941 -0.0129728 -0.888466 -112.284 -0.0322431 0.999025 -0.0312468 -4.20551 0.88797 0.0429823 0.458077 119.571
0.430615 -0.0137888 -0.90254 -112.481 -0.0337493 0.998974 -0.0313704 -4.20788 0.902019 0.0439629 0.429705 119.615
0.399571 -0.0169409 -0.916636 -112.713 -0.0358897 0.998807 -0.0341084 -4.21681 0.916085 0.0465215 0.39849 119.665
0.365345 -0.0209774 -0.930742 -112.938 -0.0376878 0.998629 -0.037307 -4.23037 0.930221 0.0487016 0.364053 119.715
0.325837 -0.0246983 -0.945192 -113.17 -0.0397725 0.998449 -0.0398048 -4.21744 0.944674 0.0505575 0.324355 119.773
0.283786 -0.0261753 -0.958633 -113.42 -0.0431884 0.998299 -0.0400493 -4.21595 0.958025 0.0527613 0.282176 119.828
0.239126 -0.0306592 -0.970591 -113.713 -0.0457692 0.998068 -0.0428073 -4.19186 0.969994 0.0546544 0.237268 119.884
0.190987 -0.0322632 -0.981162 -114.009 -0.0477927 0.998004 -0.0421257 -4.21147 0.980538 0.054932 0.18907 119.92
0.140963 -0.0353052 -0.98947 -114.331 -0.0505458 0.997838 -0.0428084 -4.20439 0.988808 0.0560428 0.138883 119.943
0.0896536 -0.0373864 -0.99537 -114.65 -0.0537537 0.997692 -0.0423209 -4.19261 0.994631 0.0572932 0.0874472 119.954
0.0370989 -0.0370618 -0.998708 -115.001 -0.0562518 0.997684 -0.0391171 -4.19203 0.997813 0.0576251 0.0349404 119.936
-0.0164364 -0.0370099 -0.999279 -115.358 -0.0571381 0.997751 -0.0360191 -4.17569 0.998342 0.0564991 -0.0185004 119.903
-0.070182 -0.0369887 -0.996933 -115.724 -0.0575774 0.997831 -0.0329725 -4.15989 0.995959 0.0550814 -0.0721448 119.841
-0.123259 -0.0355073 -0.991839 -116.087 -0.0571677 0.99799 -0.0286287 -4.16974 0.990839 0.0531669 -0.125024 119.755
-0.177101 -0.0345772 -0.983671 -116.496 -0.0577677 0.99806 -0.0246863 -4.1726 0.982586 0.0524471 -0.178737 119.661
-0.227923 -0.0330357 -0.973221 -116.898 -0.0581932 0.998136 -0.0202585 -4.18305 0.972055 0.052012 -0.2294 119.527
-0.277589 -0.0309759 -0.960288 -117.299 -0.0562596 0.998324 -0.0159441 -4.19761 0.959145 0.049594 -0.278847 119.377
-0.325364 -0.0288218 -0.945256 -117.71 -0.0526862 0.998571 -0.0123181 -4.20692 0.944241 0.0457887 -0.326395 119.194
-0.371866 -0.0269719 -0.927985 -118.137 -0.049536 0.998765 -0.0091832 -4.21988 0.927062 0.0425483 -0.372722 118.989
-0.4151 -0.0255191 -0.909529 -118.553 -0.0472632 0.998897 -0.00646207 -4.22166 0.908674 0.0402995 -0.415823 118.747
-0.456773 -0.023966 -0.889355 -118.993 -0.0451096 0.99901 -0.00375725 -4.2292 0.888543 0.0383966 -0.457379 118.489
-0.495114 -0.0227313 -0.868648 -119.425 -0.0441393 0.999061 -0.000991396 -4.24303 0.867839 0.0378453 -0.495625 118.211
-0.526383 -0.0231398 -0.850031 -119.834 -0.047106 0.998923 0.00197262 -4.28514 0.84905 0.0410745 -0.526882 117.888
-0.555082 -0.0232709 -0.831594 -120.294 -0.04785 0.998884 0.00398096 -4.29079 0.830558 0.0419962 -0.555547 117.571
-0.576074 -0.0249601 -0.81712 -120.768 -0.0503699 0.998754 0.00499767 -4.2862 0.815957 0.0440317 -0.576589 117.174
-0.592471 -0.0274144 -0.805254 -121.226 -0.0546764 0.998522 0.0062277 -4.30909 0.803879 0.0477124 -0.593064 116.789
