0.999999 -0.00192932 0.000186344 -0.0274492 0.00192866 0.999994 0.00304454 -0.0211286 -0.000192148 -0.00304446 0.999997 1.60785
0.999999 -0.000567812 0.000304538 -0.0428674 0.000567851 1 -3.06762e-05 -0.00688074 -0.000304529 3.10461e-05 1 1.66112
0.999999 0.000634181 -0.00161788 0.00319434 -0.000635571 1 -0.000951553 -0.0152992 0.00161759 0.000952241 1 1.57183
0.999996 0.000243845 0.00282487 -0.092081 -0.000236857 0.999998 -0.00251409 0.0212404 -0.00282549 0.00251366 0.999991 1.60552
0.999999 0.000234151 -0.00102612 -0.0249244 -0.000234295 0.999998 -0.000193043 -0.0140511 0.00102618 0.000193 1 1.53917
0.999989 -0.00211454 -0.00431524 0.0648774 0.00211325 0.999999 -0.000345692 -0.00748166 0.00431599 0.000336831 0.999989 1.60389
0.999995 -0.00302422 0.000291175 -0.0422157 0.00302512 0.99999 -0.00273342 0.00889471 -0.000282919 0.00273392 0.999998 1.53613
1 -0.00139071 0.000821698 -0.0466013 0.00139127 1 -0.000779879 -0.00212584 -0.000820658 0.000781364 0.999998 1.58373
0.999999 0.00104232 -0.000836069 0.0120907 -0.00104259 0.999996 -0.000387066 -0.0256939 0.000835822 0.000387516 1 1.51945
0.999996 -0.000112342 0.00343618 -0.0738618 0.00011498 1 -0.000775129 -0.0121033 -0.0034361 0.000775903 0.999994 1.52199
0.999924 0.00893989 0.00842075 -0.179093 -0.00895772 0.999961 0.00209773 -0.0356019 -0.00840164 -0.00217336 0.999964 1.45165
0.999924 0.00585407 0.010957 -0.188616 -0.00585682 0.999978 0.000200221 -0.00726216 -0.0109557 -0.000263854 0.99994 1.67714
0.999998 0.000779674 -0.000970414 -0.0159931 -0.000780225 1 -0.000884248 0.0201835 0.00096977 0.000884519 1 1.56223
0.999995 -0.000260315 0.00376457 -0.0783528 0.000262621 0.999997 -0.000661785 -0.0126885 -0.00376466 0.000663245 0.999992 1.50615
0.999989 0.00157721 0.00371833 -0.0798055 -0.00157398 1 -0.000771875 -0.00236898 -0.00371934 0.000765514 0.999994 1.60747
1 0.00212981 0.000775725 -0.0356768 -0.002131 0.999993 0.00105712 -0.0272612 -0.000773728 -0.00105826 0.999998 1.49676
0.999994 -0.000196748 0.00258526 -0.067448 0.000194972 1 0.000832045 -0.0125863 -0.00258518 -0.000832103 0.999997 1.50362
1 0.000211331 0.00144947 -0.0243572 -0.000209469 0.999995 -0.00156355 -0.0191657 -0.00145009 0.00156383 0.999996 1.52573
0.999976 0.0018204 0.00529381 -0.105913 -0.00180173 0.999997 -0.00343952 0.0091968 -0.00529993 0.00342942 0.999979 1.62182
1.00001 -0.00125403 0.00266265 -0.0941259 0.00125284 0.999995 0.00029476 -0.0221418 -0.00266312 -0.000290951 0.999998 1.44105
0.999986 -0.00125001 0.00250959 -0.0943364 0.00124285 0.999998 0.00301529 -0.0180414 -0.00251324 -0.00301264 0.99999 1.44109
1.00001 -0.000992962 0.00194869 -0.0377554 0.000989431 0.999995 0.00165509 -0.0310428 -0.0019505 -0.00165265 0.999998 1.43713
0.999982 0.000125066 0.00437198 -0.090677 -0.000117366 1 -0.00167204 -0.00544428 -0.00437211 0.0016711 0.99999 1.50697
1.00001 -0.000718274 -0.00107091 0.0159128 0.000716219 0.999996 -0.00150317 -0.0282685 0.001072 0.00150278 0.999999 1.42296
0.999984 0.00167239 0.00341888 -0.0599503 -0.00166861 1 -0.00102108 -0.0152933 -0.00342069 0.00101498 0.999994 1.45056
0.999999 0.0016309 0.00408973 -0.0684824 -0.00162585 0.999997 -0.00131157 -0.0134622 -0.00409175 0.0013053 0.99999 1.44127
0.999987 0.000427308 0.0025538 -0.0273936 -0.000429797 1 0.00106781 -0.0220449 -0.00255346 -0.00106921 0.999997 1.37757
1.00001 0.00113585 0.00279015 -0.0379944 -0.00114127 0.999998 0.00185555 -0.0205258 -0.00278783 -0.00185842 0.999995 1.35097
0.999979 -3.86792e-05 0.00362309 -0.0339618 3.06325e-05 0.999998 0.00234039 -0.0411205 -0.0036233 -0.00234059 0.999989 1.34823
1.00002 -1.23685e-06 0.00102283 0.0245794 6.76358e-07 1 5.90675e-05 -0.0161986 -0.0010227 -5.88083e-05 1 1.36093
0.999964 0.000340631 0.00648778 -0.0633092 -0.000330562 1 -0.00146961 -0.00996183 -0.00648831 0.00146728 0.999976 1.33925
0.999979 0.000409772 0.00841816 -0.0718159 -0.00038465 0.999994 -0.00305042 -0.00472673 -0.00841942 0.0030472 0.999962 1.35946
0.999962 0.000699341 0.00680696 -0.0553595 -0.000686236 1 -0.00184869 -0.018407 -0.0068082 0.00184377 0.999974 1.28171
0.999983 -0.000240571 0.00767177 -0.0445253 0.000241976 0.999996 -0.000237142 -0.00605652 -0.00767185 0.000239253 0.99997 1.31662
0.999977 1.32045e-05 0.00437139 0.0133953 -1.38717e-05 1 0.000249121 -0.026829 -0.00437138 -0.000249385 0.999991 1.23154
0.999941 0.0025049 0.0112917 -0.0736841 -0.00248799 0.999996 -0.00153316 -0.00954301 -0.0112957 0.00150521 0.99993 1.27484
0.999965 0.00161151 0.00702068 0.0016326 -0.00161421 0.999999 0.000435841 -0.0239265 -0.00701983 -0.000447429 0.99998 1.21858
0.999985 -0.000952362 0.0068007 0.0394187 0.000952666 1 -0.000106511 -0.00180319 -0.00680086 0.000113279 0.999973 1.25196
0.999907 0.00230273 0.0129046 -0.0352232 -0.00230415 0.999997 0.000140329 -0.00886131 -0.0129044 -0.000170232 0.999922 1.27295
0.999927 0.00131 0.0124487 0.0182089 -0.00131752 1 0.000553641 -0.0258113 -0.012448 -0.000569787 0.999915 1.18839
0.999822 0.00198672 0.0185999 -0.0516396 -0.00198186 0.999998 -0.000250059 -0.00665581 -0.0186005 0.000212908 0.999838 1.20345
0.999871 0.00149512 0.0162502 0.0141281 -0.00151403 0.999998 0.00111424 -0.0118584 -0.0162485 -0.00113844 0.999859 1.20073
0.999865 -0.000197644 0.0162234 0.0223418 0.000188322 1 0.00060785 -0.0166146 -0.0162236 -0.000604947 0.999877 1.10533
0.999697 0.00034689 0.0246301 -0.0911298 -0.000335132 1 -0.000512544 -0.0129186 -0.0246305 0.000504441 0.999687 1.20699
0.999863 -0.00170836 0.0165459 0.0686439 0.00170915 1 -5.57856e-07 -0.0292125 -0.016546 2.86302e-05 0.999874 1.0642
0.999837 -0.00313437 0.0177025 0.080941 0.00311574 0.999993 0.00105158 -0.0334251 -0.0177057 -0.00099606 0.999831 1.05357
0.999682 -0.00306337 0.0248735 -0.0379065 0.00299886 0.999995 0.00265014 -0.0250091 -0.0248821 -0.00257484 0.999696 1.0486
0.999766 -0.0064104 0.0212114 0.0715134 0.00638083 0.99998 0.00142894 -0.0185232 -0.0212198 -0.0012931 0.99977 1.07707
0.999632 -0.00563347 0.0261417 0.00560631 0.00567347 0.999981 -0.00142979 -0.00728442 -0.0261335 0.00157743 0.999663 1.08374
0.999703 -0.00583518 0.0240624 0.0400767 0.00588012 0.999984 -0.00182422 -0.0143905 -0.0240509 0.00196536 0.999702 1.0798
0.999621 -0.00327518 0.026974 0.0406453 0.00326279 0.999992 0.000529924 -0.0165507 -0.0269759 -0.000441848 0.999643 1.04691
0.999599 -0.00437654 0.0283393 0.0340713 0.00437237 0.999995 0.000181143 0.00592763 -0.0283395 -5.6971e-05 0.999592 1.08136
0.999561 -0.00374165 0.0290682 0.0321098 0.0036839 0.999988 0.00207101 -0.0151518 -0.0290758 -0.0019632 0.999584 0.988346
0.999583 -0.00429884 0.0288717 0.0572837 0.00436814 0.999991 -0.0023702 -0.00379014 -0.028861 0.00249551 0.999571 0.998471
0.999416 -0.00684388 0.0332047 -0.0022299 0.00700476 0.999962 -0.00470421 -0.0411801 -0.0331713 0.00493389 0.999448 0.973854
0.999543 -0.00736624 0.029612 0.0531038 0.00755304 0.999955 -0.00623029 -0.0270136 -0.0295646 0.00645123 0.999531 0.982744
0.999537 -0.0055677 0.0296376 0.0477368 0.00565881 0.999978 -0.00296023 -0.0211698 -0.0296204 0.00312637 0.999568 0.872811
0.999455 0.000889184 0.0332861 0.0301371 -0.000944118 1 0.00160436 0.00109124 -0.0332846 -0.00163473 0.999435 0.979656
0.999429 0.00229734 0.0334578 0.0897679 -0.00243919 0.999985 0.00422989 -0.00269804 -0.0334476 -0.00430924 0.999441 1.0067
0.999288 0.000264328 0.0379738 -0.00819231 -0.000423784 0.999995 0.00416576 -0.0513272 -0.0379725 -0.00417888 0.999262 0.843501
0.999176 0.00479683 0.0400841 -0.0255156 -0.00455097 0.999968 -0.00619861 -0.0122776 -0.0401127 0.00601098 0.999187 0.975352
0.999237 0.00364394 0.0391217 -0.0240112 -0.00333821 0.999967 -0.00790058 -0.0134917 -0.039149 0.00776407 0.999194 0.929896
0.999339 0.00106967 0.0361113 0.0376646 -0.000951825 0.999992 -0.00325596 0.00382346 -0.0361147 0.00321934 0.999352 0.97459
0.999378 -0.00180033 0.0354916 0.0457005 0.00171523 0.999998 0.00240308 -0.00465631 -0.0354956 -0.00234068 0.999358 0.943361
0.999341 -0.000694285 0.036089 0.0400968 0.000661899 0.999998 0.000931606 -0.0395035 -0.0360901 -0.000907213 0.999359 0.926366
0.999313 -0.000358963 0.0373117 0.00441298 0.000455974 0.999997 -0.00261287 -0.0257773 -0.0373101 0.00262821 0.99929 0.935751
0.999373 0.00016633 0.0351862 0.0592267 -4.7233e-05 0.999994 -0.00336256 -0.00548186 -0.035187 0.00335869 0.999387 0.953344
0.999327 0.00172372 0.0368821 0.0165832 -0.00167555 0.999999 -0.0013631 -0.0143465 -0.036884 0.00130045 0.999308 0.91841
0.999401 -0.000503275 0.0343664 0.0703742 0.000574757 0.999996 -0.00204341 -0.0023904 -0.0343659 0.00206187 0.999419 0.992316
0.999311 0.00252197 0.0372703 0.00657931 -0.00226203 0.999972 -0.00703878 -0.0107966 -0.0372863 0.00694971 0.99927 0.931388
0.99936 0.000956783 0.035526 0.0593178 -0.000606782 0.999952 -0.00984016 -0.0146279 -0.0355345 0.00981219 0.999332 0.892553
0.999429 0.00185897 0.0339828 0.0902746 -0.00152836 0.999951 -0.0097747 0.016115 -0.0339983 0.00971719 0.999365 0.990702
0.999305 0.00326655 0.0369287 0.0334839 -0.00317356 0.999993 -0.00255047 -0.0269529 -0.0369379 0.00243142 0.999325 0.915296
0.999383 0.0024918 0.0352547 0.0638219 -0.00256223 0.999994 0.00192498 -0.000824772 -0.0352486 -0.00201404 0.999366 0.95486
0.999293 0.00558261 0.036923 0.0306033 -0.00572371 0.999978 0.00374424 0.00146393 -0.0369025 -0.00395302 0.999321 0.9849
0.999334 0.00541939 0.0363629 0.0613085 -0.00543338 0.999984 0.000255032 0.0020571 -0.0363597 -0.000452395 0.99933 0.902389
0.999332 0.00755213 0.0354859 0.0866415 -0.00751827 0.999972 -0.00105487 0.00910215 -0.0354942 0.000787303 0.999379 0.957314
0.999341 0.00580062 0.0361161 0.0662361 -0.00582218 0.999983 0.000454239 -0.0159587 -0.0361117 -0.000664167 0.999339 1.01964
0.999355 0.00343942 0.0354816 0.0880464 -0.00350238 0.999994 0.00175721 -0.00686562 -0.0354764 -0.00188051 0.999379 0.948806
0.999316 0.00133229 0.0372266 0.0461498 -0.00136667 0.999999 0.000856714 -0.00828217 -0.0372243 -0.000906828 0.999297 0.978241
0.999369 -0.000137923 0.0352075 0.0442403 0.000100033 0.999999 0.00112143 -0.00856587 -0.0352087 -0.00111738 0.999388 0.97559
0.999396 -0.00286299 0.0349602 0.0528122 0.00282538 0.999996 0.00108272 -0.0132603 -0.0349621 -0.000983109 0.99938 0.896021
0.999364 -0.0077345 0.0345203 0.0543388 0.0077394 0.999969 3.71036e-05 -0.0128322 -0.0345207 0.000229934 0.999414 0.987392
0.999451 -0.00161092 0.0333988 0.0517665 0.00173042 0.999993 -0.00359774 -0.016862 -0.0333915 0.00365372 0.999425 0.988837
0.999478 0.000333755 0.0319829 0.0542742 -0.000209532 0.999992 -0.00383474 -0.0202711 -0.0319851 0.00382582 0.999493 1.01183
0.999603 -0.00588433 0.0279313 0.0552422 0.00598145 0.999977 -0.00345586 -0.0204623 -0.027909 0.00362172 0.999593 0.9597
0.999647 -0.000935802 0.0262028 0.0140659 0.00088875 0.999998 0.00187141 -0.00812125 -0.0262058 -0.00184763 0.999667 0.965883
0.999745 -0.00102245 0.0229916 0.0148494 0.000953958 0.999996 0.00292557 -0.0048226 -0.0229929 -0.00290274 0.99972 1.03303
0.99977 0.00121137 0.020985 -0.0124341 -0.00122828 0.999999 0.000860043 0.0114823 -0.0209853 -0.000885743 0.999792 1.0324
0.99987 -0.00155762 0.0166438 0.0193262 0.00160314 0.999995 -0.00280555 -0.0161343 -0.0166379 0.00283198 0.999846 1.00036
0.999872 -0.002779 0.0150782 0.0184574 0.00282898 0.999991 -0.00320896 -0.0226476 -0.0150708 0.00325114 0.999893 1.00677
0.999923 -0.00418873 0.0125943 0.00794897 0.00424533 0.999981 -0.00457358 -0.016056 -0.0125731 0.00462674 0.9999 1.01346
0.999949 -0.00645498 0.00617107 0.07896 0.00644519 0.999978 0.00178722 -0.0814487 -0.00618438 -0.0017474 0.999991 0.992045
0.99998 -0.00456482 0.00640852 0.00653953 0.00458991 0.999982 -0.00404865 -0.0255001 -0.00638795 0.00407789 0.99996 1.00307
0.999979 -0.00193381 0.00423762 0.000230342 0.00195263 0.999989 -0.00421311 -0.0150374 -0.00423153 0.00422149 0.999993 1.03339
1.00001 -0.00144908 0.00280965 0.0157015 0.00145708 0.999994 -0.0032115 -0.0176909 -0.00280282 0.00321541 0.99998 1.01499
0.999984 0.0011189 0.00312059 -0.0182779 -0.00111052 0.999997 -0.00237633 -0.0228707 -0.00312545 0.002373 1 1.03137
1 -0.00103267 0.00303991 0.0015367 0.00103787 0.999996 -0.00195699 -0.0352212 -0.00303562 0.00196005 0.999983 1.00839
0.999985 -0.00309259 -0.00123561 0.0578947 0.00309513 0.999996 0.00143364 -0.101041 0.00122878 -0.00143733 1.00001 1.01504
0.999996 -0.00235662 0.00464957 -0.0267251 0.00235443 0.999996 0.00034086 -0.0354448 -0.0046482 -0.000330094 0.999979 0.945487
0.999988 0.000359769 0.00233968 -0.00559562 -0.000360701 1 0.000619821 0.00331202 -0.00234193 -0.000620551 1.00001 1.07697
1.00001 0.00136775 0.000600956 0.0334065 -0.00136926 0.999996 0.00158449 -0.02784 -0.00059631 -0.00158544 0.999987 1.04583
0.999986 0.000737983 0.00388685 -0.0347486 -0.000713874 0.999985 -0.0060398 0.0670241 -0.00389353 0.00603688 0.999989 1.09516
0.999992 0.00316435 0.00425307 -0.0414894 -0.00312566 0.99995 -0.00923349 0.11099 -0.00427983 0.00922022 0.999935 1.13194
0.999984 0.00278197 0.00374833 -0.0253055 -0.00276528 0.99999 -0.0042205 0.0239122 -0.0037623 0.00420995 0.999999 1.09252
1 0.00224827 0.000480061 0.0332005 -0.0022477 0.999992 -0.0026887 -0.0286092 -0.000483637 0.00268758 0.999982 1.05689
0.999988 0.00344522 0.00259785 -0.0185115 -0.00343394 0.999989 -0.00398716 -0.0202886 -0.00261389 0.00397814 1.00001 1.05324
0.999995 0.00373931 0.0016038 0.0289065 -0.00373249 0.999979 -0.00480461 0.0344424 -0.00161926 0.00479867 0.999974 1.16273
0.999995 0.00132716 0.00158103 0.0187886 -0.00132858 1 0.00151937 -0.00691014 -0.00158156 -0.0015215 1.00001 1.10005
0.999991 0.00369021 0.0031592 -0.00346443 -0.00369942 0.999988 0.00261814 0.0121135 -0.00314702 -0.00262976 0.999978 1.10474
0.999986 0.00301653 0.00344799 0.00158527 -0.0030143 0.999997 -0.000398918 0.012435 -0.00345163 0.000388448 1.00001 1.08729
0.999998 0.00126656 0.00265247 -0.0228997 -0.00126373 0.999996 -0.00139233 0.00550269 -0.00265178 0.00138914 0.999982 1.09863
0.999995 -0.00106027 0.0020581 -0.0145528 0.00106786 0.999996 -0.00325851 0.00680626 -0.00205712 0.00326052 1 1.1284
1 -0.000663804 0.000737888 -0.0119047 0.000665806 0.999991 -0.00375259 0.00950844 -0.000732964 0.00375327 0.999982 1.0605
0.999996 0.000744649 0.000336214 -0.00132765 -0.000743637 1 -0.000728798 -0.00589597 -0.000339206 0.000728338 1.00001 1.0975
0.999997 0.00338334 -0.000368897 -0.000447431 -0.00338401 0.999993 0.000186768 0.00113233 0.000371944 -0.000185286 0.999989 1.07673
0.999987 0.0040125 -0.00106087 0.0251721 -0.00401133 0.999992 0.000345016 -0.0163499 0.00105973 -0.000341077 1.00001 1.0831
0.999993 0.00470829 -0.000277784 -0.0032691 -0.00470974 0.999988 -0.0024632 0.0122366 0.000268557 0.0024648 0.999986 1.21655
0.999988 0.00404143 -0.000537548 0.011302 -0.00404063 0.99999 -8.60401e-05 -0.0149822 0.000534667 8.77996e-05 1.00001 1.11249
1 0.00254243 -0.00134577 0.0198841 -0.00254221 1 0.000674119 -0.0147312 0.00135006 -0.000670392 0.999989 1.13414
0.999995 0.0009484 0.00119535 -0.0161086 -0.00095236 0.999989 0.00388163 0.0230032 -0.0011941 -0.003883 1 1.17578
1 -0.00262862 0.00165767 -0.0130182 0.00261282 0.999961 0.00902525 -0.0053061 -0.00167875 -0.00902073 0.999947 1.11224
0.999984 -0.00506737 0.000713797 -0.003844 0.00506436 0.999968 0.00573831 -0.00391772 -0.00074541 -0.00573497 0.999996 1.16188
0.999962 -0.00888045 0.00189106 -0.0119541 0.00888125 0.999962 -0.00101804 -0.017354 -0.00187942 0.00103523 0.999985 1.03545
0.999985 -0.0052802 -0.000781632 0.0119135 0.00527721 0.999971 -0.00530846 -0.000567507 0.000807115 0.00530365 1 1.16922
0.999997 -0.00339805 -0.00110431 0.0141113 0.00339113 0.999986 -0.00507595 -0.0113405 0.00112401 0.00507275 0.999976 1.15978
0.999996 -0.00128927 0.000781644 -0.00728836 0.00129332 0.999991 -0.00315142 -0.0219616 -0.000779979 0.00315183 1.00001 1.03601
0.999998 0.00316543 0.000353641 -0.0170479 -0.00316735 0.999998 0.00193718 0.00659012 -0.000345043 -0.00193791 0.999987 1.18134
0.999996 0.0013199 0.00158209 -0.0456625 -0.00132477 0.999988 0.00416391 -0.00800756 -0.00157853 -0.00416647 1 1.11823
1 0.00267729 -0.000170185 -0.00294216 -0.00267771 1 0.0013657 0.00638963 0.000177054 -0.00136527 0.999992 1.22357
0.999984 0.00429215 0.00293236 -0.0152877 -0.0042909 0.999983 -0.000223117 -0.0206765 -0.00293642 0.000210447 1 1.03141
1 0.000549463 0.00195895 -0.0313536 -0.000536693 0.999984 -0.00675506 0.0186235 -0.00195905 0.00675416 0.999967 1.20153
0.999998 0.00103719 -0.000265314 -0.00826292 -0.00103722 0.999988 -0.00285965 -0.00579216 0.000259356 0.00285964 1.00001 1.17071
1 -0.000684797 -0.00109426 0.0164784 0.00068575 1.00001 0.00131973 -0.00737785 0.00109671 -0.00132035 0.999991 1.19995
0.999995 -0.000971982 0.00183632 -0.0439227 0.000960094 0.999969 0.0068489 -0.00208739 -0.00184552 -0.00684738 0.999984 1.18127
1 0.000123498 0.000293901 -0.00255737 -0.000124021 1 0.0019872 -0.019009 -0.000289822 -0.0019873 0.999991 1.18704
0.999992 0.00327912 3.03405e-05 -0.0116136 -0.00327856 0.999985 -0.00347204 -0.00599603 -4.50448e-05 0.00347186 1 1.20756
1 0.0004099 -0.000398538 -0.00283582 -0.000411614 0.999997 -0.00330726 -0.000278522 0.000400486 0.00330742 0.999987 1.23743
0.999997 0.00123356 -0.0013819 0.0307376 -0.00123267 0.999997 0.000363268 -0.0059298 0.00137904 -0.000361549 1.00001 1.24207
0.999999 -2.48271e-07 -0.00201912 0.0273266 8.33172e-06 0.999994 0.00415315 -0.0213287 0.00202227 -0.00415312 0.999982 1.19787
0.999998 -0.000438066 -0.00105725 0.00301333 0.000439328 0.999997 0.000803404 -0.00210698 0.00105365 -0.000803844 1.00001 1.23809
0.999998 -0.00208818 -0.00145043 -5.2763e-05 0.00208725 1 -0.000374151 -0.00305599 0.0014544 0.000371101 0.999991 1.22858
0.999995 -0.00272236 -0.000718217 0.00302791 0.00272248 0.999994 -0.000401167 -0.00288197 0.000716061 0.000399224 1.00001 1.21686
1 0.000184482 -0.00131295 -0.00167403 -0.000184204 1 0.000510533 -0.00761439 0.00131627 -0.000510333 0.999991 1.20769
0.999998 -0.00113651 -0.000261948 -0.0165377 0.00113684 0.999997 -0.000486826 -0.0051254 0.000259256 0.000486559 1.00001 1.25227
1 6.45312e-07 -0.000946975 -0.00307401 7.18684e-07 1 0.00181436 -0.00651106 0.000950221 -0.00181446 0.99999 1.24612
0.999998 0.00101903 -0.0011938 -0.0242956 -0.00101982 0.999998 -0.00095071 0.00435444 0.00118957 0.000951932 1.00001 1.28494
1 -0.00132053 -0.000645106 0.0128154 0.00132157 0.999997 0.00205112 -0.0293819 0.000645549 -0.00205194 0.999989 1.15865
0.999995 0.00274483 8.69351e-05 -0.049874 -0.00274446 0.999996 -0.00146693 -0.0005006 -9.41544e-05 0.00146664 1.00001 1.28554
0.999999 -0.00173844 -0.00148529 -0.000518014 0.00173607 0.999998 -0.00143414 -0.0274297 0.00149093 0.00143156 0.99999 1.23145
0.999995 0.00288016 -0.000664172 -0.0180201 -0.00287994 0.999997 -0.00042029 0.0141076 0.000659758 0.000422171 1.00001 1.27197
0.999977 0.00594083 0.00356017 -0.0771892 -0.00593787 0.999982 -0.000999442 0.0163235 -0.00356302 0.000978216 0.999985 1.20869
0.999993 0.00355041 0.000289644 -0.0243909 -0.00354849 0.999985 -0.00431794 0.0385371 -0.000308038 0.0043169 0.999999 1.24113
0.999998 0.00232403 -0.00162751 0.0187691 -0.002325 0.999997 -0.000241992 0.0106181 0.00163006 0.000245733 0.999991 1.26007
0.999995 0.00273416 0.00107306 -0.00640578 -0.00273382 0.999997 0.000299517 0.025501 -0.0010754 -0.000302353 1.00001 1.28344
0.999995 0.00307209 0.00197119 -0.0189403 -0.00307385 0.999995 0.000545946 -0.00625199 -0.00196636 -0.000552086 0.99999 1.29117
0.999995 0.00208584 0.000973 -3.36625e-05 -0.00208504 0.999999 -0.000113374 -0.000590455 -0.000976412 0.000111378 1.00001 1.30405
1 -0.000131217 0.00115131 0.000920755 0.000131721 0.999998 -0.000909557 -0.000531072 -0.001148 0.00090966 0.999993 1.30292
0.999997 0.000267728 0.00143113 -0.00221453 -0.000268669 1 0.00105499 0.000963626 -0.00143403 -0.0010553 1 1.28932
0.999982 0.00462013 0.00448388 -0.011256 -0.00464281 0.999976 0.00493061 -0.0178377 -0.00445794 -0.00495133 0.999973 1.22946
0.999992 0.000339551 0.00323615 0.0140766 -0.000337194 1 -0.000567682 -0.00242829 -0.00323954 0.000566504 1 1.27469
0.999975 0.00591756 0.00451338 0.00702627 -0.00589205 0.999967 -0.00576199 -0.034487 -0.00454419 0.00573534 0.999968 1.23527
0.999969 -0.00105311 0.00755353 -0.0144958 0.00108407 0.999991 -0.00402045 0.00325267 -0.00755225 0.00402844 0.999969 1.29389
0.999957 -0.00153348 0.00942789 0.00324109 0.00149287 0.99999 0.00427033 -0.00232618 -0.00943116 -0.0042561 0.999941 1.32032
0.999917 0.000324017 0.0127417 0.00957883 -0.00036169 0.999996 0.00300032 -0.0247483 -0.0127437 -0.00300455 0.99992 1.21026
0.999914 0.00127151 0.0133511 0.0149972 -0.00126052 1 -0.000876616 -0.0208723 -0.0133491 0.000859635 0.999906 1.21265
0.999896 -0.00116723 0.0141853 0.0135456 0.00117335 0.999998 -0.000378458 -0.0066984 -0.0141879 0.000395125 0.999904 1.24188
0.999878 0.00220442 0.0156621 0.0126592 -0.00223988 0.999996 0.00221435 -0.00553173 -0.0156541 -0.00224928 0.999871 1.22557
0.999838 -6.17123e-05 0.0178927 -0.0174411 0.000113205 0.999995 -0.00283444 0.0164253 -0.0178953 0.00283611 0.99984 1.22844
0.999883 0.00379931 0.0150032 0.0486725 -0.00370057 0.999974 -0.00665154 0.0409405 -0.0150252 0.00659515 0.999862 1.08073
0.999911 0.00141985 0.0130711 0.061203 -0.00130875 0.999961 -0.00845759 0.0602606 -0.0130855 0.00843983 0.999882 1.21079
0.999861 0.00330152 0.0165069 -0.00607941 -0.00330575 0.999998 0.000184748 0.00636593 -0.0165034 -0.000239564 0.99986 1.30472
0.999851 0.00526783 0.016316 -0.0123214 -0.00531639 0.999979 0.00298027 0.0127945 -0.0163029 -0.00306627 0.999866 1.29852
0.99989 0.00464481 0.0143872 0.0382109 -0.00467699 0.99999 0.00213979 -0.00431555 -0.0143742 -0.00220719 0.999892 1.25581
0.999874 0.00200222 0.0154875 0.000381962 -0.00195523 0.999992 -0.00298464 -0.000364643 -0.0154962 0.00295428 0.999877 1.27778
0.999922 -0.000535727 0.0129127 0.0488796 0.000581903 0.999995 -0.00364325 0.00608511 -0.0129078 0.00365015 0.999909 1.23127
0.999873 0.000494773 0.0155728 -0.0125632 -0.000451541 0.999994 -0.00272638 -0.00202069 -0.0155769 0.00271936 0.999876 1.23828
0.999905 -0.0010526 0.014137 0.0181141 0.00104337 1 0.000605053 -0.0143134 -0.0141348 -0.000590557 0.9999 1.23301
0.999876 0.0012645 0.0154444 0.00630436 -0.00127794 0.999997 0.000911356 -3.63018e-05 -0.015446 -0.000930668 0.999881 1.25192
0.999901 0.000929301 0.0143755 0.031347 -0.000952674 1 0.00158522 -0.0239456 -0.0143711 -0.00159909 0.999896 1.20862
0.999867 0.0027784 0.015787 0.0118168 -0.00273063 0.99999 -0.00301496 -0.00258806 -0.015798 0.00297181 0.999872 1.27696
0.999844 0.00124692 0.0178849 -0.00989033 -0.00119904 0.999997 -0.00271852 -0.00196262 -0.0178855 0.00269606 0.999836 1.17683
0.999876 0.000103422 0.0155005 0.029465 -7.57809e-05 0.999997 -0.0017479 -0.014108 -0.0155033 0.00174704 0.999879 1.19219
0.999841 -0.00138158 0.018025 -0.0343734 0.00141777 0.999999 -0.00201999 -0.014263 -0.0180195 0.00204463 0.999836 1.229
0.999902 0.00165494 0.0136358 0.0587356 -0.00158079 0.999984 -0.00540534 -0.00029468 -0.0136472 0.0053838 0.999893 1.22075
0.999895 0.000384298 0.0147645 0.0663146 -0.000335395 0.999995 -0.00335387 -0.000241751 -0.014763 0.003348 0.999885 1.20692
0.999894 0.00244399 0.0140477 0.0577979 -0.00245839 0.999996 0.00104771 0.00156743 -0.0140478 -0.00108161 0.999902 1.2153
0.999871 0.00303407 0.0160479 0.0561515 -0.00306014 0.999994 0.00156693 0.00165921 -0.0160404 -0.00161632 0.999869 1.22863
0.999808 0.00236213 0.0192614 -0.00323448 -0.0023292 0.999996 -0.00170122 0.00180845 -0.0192679 0.00165656 0.999815 1.25121
0.999786 0.0028475 0.0206485 -0.0416371 -0.00281343 0.999995 -0.00170086 0.0141841 -0.0206506 0.00164185 0.999784 1.31285
0.999844 0.00216385 0.017305 0.0457296 -0.0021723 0.999998 0.000499174 -0.0191084 -0.0173065 -0.000536125 0.999852 1.20861
0.999838 0.00308632 0.0181744 0.0128897 -0.00306489 0.999994 -0.00124142 -0.00897241 -0.0181757 0.00118499 0.999837 1.27419
0.999833 0.00202663 0.0177479 0.0181978 -0.00201265 0.999998 -0.000774466 0.00256037 -0.0177519 0.000739161 0.99984 1.30155
0.999835 0.00185206 0.0185961 0.00595442 -0.00188334 0.999998 0.00163021 -6.54201e-05 -0.0185905 -0.00166551 0.999829 1.28299
0.99983 0.000590768 0.0179718 0.0164886 -0.00063343 0.999996 0.00240683 0.00580988 -0.017973 -0.00241721 0.999833 1.27761
0.999836 0.00534501 0.0178072 0.029145 -0.00535261 0.999987 0.000346208 -0.00602813 -0.0178025 -0.000442042 0.999843 1.20418
0.999847 0.000803709 0.0170175 0.0318656 -0.00079297 0.999996 -0.000610569 0.00555854 -0.0170206 0.000597496 0.999852 1.30165
0.999874 0.00385113 0.0159481 0.0489061 -0.00376698 0.999982 -0.00534131 0.0317646 -0.0159657 0.00528001 0.999862 1.24147
0.999816 0.00202656 0.0186528 0.00843009 -0.00193555 0.999984 -0.00486224 0.0232143 -0.0186651 0.00482581 0.999812 1.25946
0.999807 0.00333925 0.0198127 0.0310257 -0.00334792 0.999998 0.000366589 -0.0068033 -0.0198088 -0.000433398 0.999807 1.31208
0.999781 0.00235972 0.020399 0.0318258 -0.00245778 0.999982 0.00481031 -0.00659027 -0.02039 -0.00485893 0.999778 1.26489
0.999797 0.00235565 0.020521 0.07316 -0.00238111 1 0.00118954 -0.0196881 -0.0205154 -0.0012387 0.999792 1.26333
0.999588 0.00272857 0.0282372 -0.0793213 -0.00268742 0.999993 -0.0014793 0.0290061 -0.0282439 0.00140324 0.999598 1.3558
0.999823 0.0021823 0.0192555 0.127259 -0.00221481 1 0.00163755 -0.0210513 -0.0192491 -0.00168044 0.999816 1.25599
0.999704 0.000342713 0.0239384 0.0398746 -0.000351177 0.999996 0.000374164 0.00525251 -0.0239411 -0.000381947 0.999712 1.29585
0.999707 -0.00129859 0.0245223 0.0201553 0.00137478 0.999998 -0.00311246 -0.0110761 -0.0245154 0.0031447 0.999697 1.27059
0.999697 -0.00100587 0.0242216 0.0343402 0.000942414 0.999993 0.00264941 -0.00740909 -0.0242268 -0.00262528 0.999701 1.325
0.999709 -0.00217377 0.0244013 0.0170002 0.00221501 1 -0.00168442 0.0197129 -0.0243948 0.00173746 0.999704 1.31495
0.999772 -0.00179609 0.0208888 0.0937498 0.00184694 0.999992 -0.00239027 -0.0075015 -0.0208871 0.00242883 0.999778 1.30745
0.999669 0.00189013 0.0259052 -0.0103018 -0.00177611 0.999993 -0.00445543 0.000446331 -0.0259106 0.00440741 0.999653 1.27883
0.999736 -0.000915145 0.0226836 0.0502795 0.000920817 0.999995 -0.000209331 -0.00241354 -0.0226863 0.000230635 0.999745 1.3143
0.999786 -0.000393509 0.0210064 0.0441273 0.000348046 1 0.00213493 0.00161624 -0.0210042 -0.00212769 0.999777 1.2924
0.999785 -1.57896e-05 0.0204542 0.0443849 4.97207e-05 0.999996 -0.00162213 -0.0149936 -0.020457 0.00162332 0.999792 1.33479
0.999876 -0.00115178 0.0160842 0.0671627 0.00121528 0.999994 -0.00400013 -0.00142812 -0.0160764 0.00401872 0.999861 1.27484
0.99981 0.00261151 0.0190096 0.0155642 -0.00258597 0.999994 -0.00131775 -0.0171699 -0.0190159 0.00126878 0.999822 1.29992
0.999896 0.00666175 0.0133401 0.160954 -0.00666743 0.99998 0.00029182 -0.00812488 -0.0133349 -0.000381168 0.99991 1.27788
0.999896 0.00257048 0.0137678 0.0776093 -0.0026357 0.999983 0.00481191 -0.138533 -0.0137581 -0.00484733 0.999895 1.35015
0.999916 0.00179919 0.0132779 0.0530939 -0.0018761 0.999984 0.00568619 -0.130523 -0.0132645 -0.00571096 0.999895 1.34847
0.999908 0.00316253 0.0128251 0.0798031 -0.00322461 0.999982 0.00491443 -0.103318 -0.0128122 -0.004955 0.999906 1.28081
0.999904 0.00342163 0.0133691 0.0236818 -0.00348841 0.999994 0.00487363 -0.027811 -0.0133494 -0.00492022 0.9999 1.29536
0.999901 0.00220915 0.014003 -0.00841979 -0.00226965 0.999976 0.00439458 -0.0282398 -0.013996 -0.00442554 0.999892 1.33614
0.999922 -0.0016487 0.0124191 0.00846166 0.00158956 0.999999 0.00467282 -0.0295685 -0.0124239 -0.00465303 0.999915 1.264
0.99994 -0.00347592 0.0105931 -0.0296386 0.00349453 0.999983 -0.00161496 -0.0154401 -0.0105903 0.00165214 0.999942 1.36387
0.999962 -0.00476637 0.00671345 0.022393 0.00477365 0.999996 -0.00125517 -0.0139279 -0.00670449 0.00128692 0.999977 1.25873
0.999989 -0.00322234 0.00494057 0.022147 0.00323184 0.999985 -0.00168444 -0.0246465 -0.00493807 0.00170054 0.999987 1.41215
0.999971 0.00301022 0.00611681 -0.0203327 -0.00301272 1 0.000211379 0.00486581 -0.00611328 -0.000230015 0.999981 1.32964
0.999971 0.00655549 0.0051573 -0.0167195 -0.00657177 0.999965 0.00336319 -0.000660492 -0.00513795 -0.00339671 0.999981 1.33416
0.999971 0.00574081 0.00397494 0.00808592 -0.00575088 0.999988 0.00223132 -0.0158781 -0.00395933 -0.00225439 0.99999 1.32893
0.999971 0.00734391 0.00372009 0.00522449 -0.00733992 0.999966 -0.00079367 -0.0172961 -0.00372853 0.000766562 0.999994 1.32687
0.999985 0.00369266 0.00278626 0.010053 -0.00368701 0.999998 -0.00242081 -0.0141234 -0.00279243 0.00241027 0.999992 1.31522
1 -0.000390889 0.00172562 -0.000759442 0.000394896 0.999991 -0.0017777 -0.0211652 -0.00172766 0.00177848 0.999998 1.28808
0.999996 -1.90387e-05 0.000503689 -0.00104867 1.87796e-05 1.00001 -0.00137645 -0.0192965 -0.00050093 0.00137632 0.999999 1.33398
1 -0.00255919 -0.000423291 0.00483169 0.00255906 0.999987 -0.00213431 -0.00512662 0.000426076 0.00213335 0.999999 1.31012
0.999991 0.0026506 -0.00159404 -0.0104355 -0.00265854 0.999994 -0.00459607 0.00947763 0.00158453 0.0046002 0.999988 1.26631
1.00001 0.00031448 -0.000558078 -0.0119894 -0.000315005 0.999991 -0.00215906 -0.0136325 0.000554522 0.00215925 1 1.31734
0.999991 -0.00118076 -0.00229324 0.00175123 0.00117888 1.00001 -0.000523506 -0.000305146 0.00229649 0.00052061 0.999996 1.30839
0.999999 -0.000543361 -0.00367766 0.0131375 0.000547874 0.999994 0.00108263 -0.0221314 0.00367361 -0.00108452 0.999997 1.33017
0.99998 0.0012087 -0.00537468 0.0080187 -0.00121222 1 -0.000560358 0.000450963 0.00537709 0.000566659 0.999982 1.31352
0.999977 -0.00294725 -0.00699054 0.0373064 0.00295398 0.99999 0.000898142 0.0404225 0.00698455 -0.000918525 0.999978 1.29523
0.999977 0.000947807 -0.00600637 -0.0138416 -0.000936564 1 0.0019074 0.00652803 0.0060111 -0.00190192 0.99998 1.29542
0.999974 0.000869593 -0.00788782 -0.0045058 -0.000846719 0.999992 0.0028782 -0.00773315 0.00788742 -0.00287125 0.999966 1.32501
0.999964 -0.0024353 -0.00747384 -0.0245449 0.0024352 1 8.91768e-06 -0.011613 0.00747667 -2.73391e-05 0.999971 1.34437
0.999965 -0.000704446 -0.00905728 -0.00871896 0.000705333 0.999998 9.45277e-05 -0.0156157 0.00905368 -0.000100818 0.999962 1.30538
0.999944 -0.00266263 -0.00956669 -0.0451081 0.00263635 0.999994 -0.00275325 -0.00292868 0.00957736 0.00272778 0.999947 1.33418
0.999956 -0.0010097 -0.010074 -0.0223442 0.00101258 0.999998 0.00027517 -0.00790834 0.0100702 -0.00028525 0.999953 1.28774
0.999914 -0.00214951 -0.0122692 -0.0124696 0.00215437 1 0.000386128 -0.0351793 0.0122721 -0.000412626 0.99992 1.27089
0.999915 -0.00170773 -0.0137151 -0.0346848 0.00168552 0.999996 -0.00162945 -0.00749224 0.0137139 0.00160622 0.999908 1.32424
0.9999 -0.0020417 -0.0131603 -0.0260541 0.00202702 0.999999 -0.0011357 0.00168743 0.0131663 0.00110872 0.999909 1.2663
0.999884 -0.000416244 -0.0163563 0.0180843 0.000458092 0.999995 0.00256244 -0.0133259 0.0163512 -0.00256927 0.999875 1.30898
0.999895 -0.00267978 -0.012294 -0.062609 0.00266687 0.999999 -0.00106599 -0.00103859 0.0123003 0.0010328 0.999912 1.2863
0.999911 -0.00292323 -0.0154143 -0.00898311 0.00295323 0.999993 0.00192813 -0.0245009 0.0154049 -0.0019731 0.999899 1.30329
0.99985 -0.000109628 -0.0151807 -0.00263354 0.000130908 1 0.00139153 -0.032656 0.0151839 -0.00139361 0.999865 1.23694
0.999935 0.00200269 -0.014014 -0.0808286 -0.00198628 0.999998 0.00119277 -0.0359533 0.0140127 -0.00116452 0.999921 1.26112
0.999841 -0.00457823 -0.0156198 -0.0486148 0.00459258 0.999988 0.000880113 0.000736811 0.0156187 -0.000952046 0.999866 1.3456
0.999903 -0.000163416 -0.0157331 -0.0484829 0.000140859 1 -0.00142306 -0.0108607 0.0157299 0.00142097 0.999888 1.27111
0.999697 -0.0120764 -0.0202197 -0.0195979 0.0122311 0.999896 0.00755552 -0.0650541 0.0201295 -0.00780121 0.999756 1.19447
0.999828 -0.00245753 -0.0197396 -0.0191793 0.00243424 0.999998 -0.00119841 0.00659543 0.0197391 0.00115043 0.999816 1.26243
0.999755 -0.00883462 -0.0191117 -0.0586044 0.00883167 0.99996 -0.000233979 0.0454547 0.0191162 6.47796e-05 0.999806 1.23163
0.999855 -0.000802814 -0.0183367 -0.089603 0.000791365 1 -0.000620143 -0.0291877 0.0183333 0.000605455 0.999851 1.3326
0.999648 -0.0172545 -0.0190722 -0.174241 0.0173914 0.999826 0.00703896 -0.0643215 0.0189507 -0.00736853 0.999775 1.1201
0.99983 -0.00649088 -0.0184976 -0.0835679 0.00652093 0.999975 0.00157474 0.0246148 0.018483 -0.00169515 0.999848 1.2457
0.999793 -0.00895677 -0.0170395 -0.136104 0.00890013 0.999957 -0.00339133 0.095576 0.0170729 0.00323914 0.99983 1.20037
0.999927 0.00413765 -0.013392 -0.237741 -0.00413493 0.999991 0.000275972 -0.0684279 0.0133884 -0.000220642 0.999932 1.15571
0.99932 -0.00389671 -0.036024 0.0705447 0.00381247 0.999991 -0.00241728 -0.00488441 0.036038 0.00227849 0.999328 1.23571
0.999552 -0.00846907 -0.0295573 0.0469148 0.00857693 0.999956 0.00353733 -0.0425203 0.0295212 -0.00378917 0.999576 1.12507
0.999614 3.12696e-05 -0.026904 -0.025651 -1.71201e-05 1 0.000511597 -0.00885159 0.0269089 -0.000510897 0.99962 1.23809
0.999652 -0.00129744 -0.0272983 -0.0337574 0.00131756 0.999998 0.000727623 -0.0152386 0.0272927 -0.000763459 0.999646 1.20099
0.999644 0.0039578 -0.025372 -0.0265773 -0.00404088 0.999988 -0.00323841 0.00321828 0.0253635 0.0033401 0.999654 1.082
0.999775 0.00296152 -0.0223294 -0.0792923 -0.00281705 0.999973 0.00651814 -0.0886464 0.0223433 -0.00645362 0.99975 1.17634
0.999553 -0.00110889 -0.0289826 -0.00633049 0.0011597 0.999999 0.00172236 -0.0234124 0.0289854 -0.00175509 0.99956 1.20612
0.999584 -0.00257948 -0.0296846 -0.0112894 0.00267698 0.999989 0.00325475 -0.0296765 0.0296712 -0.00333298 0.999573 1.19975
0.999518 -0.00311688 -0.0300037 -0.0261672 0.0031677 0.999996 0.00163528 -0.0281303 0.0300032 -0.00172933 0.99953 1.19715
0.99956 -0.00318648 -0.0304276 -0.0271875 0.0031192 0.999989 -0.00225097 -0.00245273 0.0304299 0.00215475 0.999553 1.20485
0.999489 -0.00220255 -0.0310032 -0.0322395 0.0022087 1 0.000158025 -0.00507835 0.0310074 -0.000226238 0.999501 1.19359
0.999499 -0.000917895 -0.0325464 -0.0194652 0.000996696 0.999993 0.0024155 -0.0222186 0.0325395 -0.0024468 0.999488 1.23354
0.999428 -0.00789263 -0.0320507 0.0750328 0.00767102 0.99995 -0.00703645 0.24438 0.0321096 0.00678709 0.999445 1.11531
0.999323 -0.000953321 -0.0375756 0.0113016 0.000906744 0.999996 -0.00125035 -0.00908989 0.0375716 0.00121531 0.999312 1.12869
0.998889 -0.0304803 -0.0351518 -0.0042399 0.0307838 0.999505 0.00812247 -0.164819 0.034892 -0.00919633 0.999345 1.21624
0.99923 -0.0150094 -0.0370848 0.000224678 0.0153202 0.99984 0.00813005 -0.116125 0.0369518 -0.00869132 0.999285 1.18535
0.999439 -0.0054798 -0.0321549 -0.0949587 0.00496557 0.999867 -0.0160795 0.217272 0.0322441 0.0159113 0.999347 1.22622
0.999437 0.00125634 -0.0344191 -0.0254656 -0.00129406 0.999988 -0.00105101 0.014259 0.0344127 0.00109491 0.999415 1.2226
0.999318 -0.00267976 -0.0359981 -0.0284903 0.00274251 1.00001 0.00167188 -0.00490463 0.0359988 -0.00176954 0.999344 1.18221
0.999404 -0.00291965 -0.035295 -0.0306801 0.00302967 0.999981 0.00308801 -0.0191406 0.0352806 -0.0031929 0.999381 1.20766
0.999302 -0.00324799 -0.0363908 -0.016294 0.00332268 1 0.00195055 -0.0111149 0.0363894 -0.00207039 0.999328 1.18682
0.999487 -0.000574598 -0.0329863 -0.0568951 0.000562626 0.999992 -0.000328774 0.00934982 0.0329815 0.000310192 0.999464 1.19868
0.999445 0.00570262 -0.0318563 -0.0304906 -0.00565938 0.999989 0.00139004 -0.0364284 0.0318689 -0.0012092 0.999483 1.09021
0.999367 -0.00278292 -0.0363098 -0.0247075 0.00279509 0.999989 0.000309169 -0.00768282 0.0363038 -0.000410373 0.99935 1.18388
0.999375 0.000274511 -0.034482 -0.0414679 -0.000338551 1 -0.00188056 0.00883459 0.0344865 0.00189099 0.999396 1.21292
0.999447 -0.0014187 -0.0341357 -0.0398513 0.00143294 0.999994 0.000416573 -0.00436976 0.0341301 -0.000465065 0.999426 1.20866
0.999366 -0.000881364 -0.0347367 -0.00946653 0.000916588 1 0.000971473 -0.0128868 0.0347409 -0.00100293 0.999387 1.1941
0.999384 -0.0014894 -0.0359215 0.00576057 0.00148769 0.999995 -4.8862e-05 -0.0157785 0.0359166 -4.39658e-06 0.999364 1.18891
0.999371 -0.00410514 -0.0343437 -0.00803736 0.00412317 0.999997 0.000428665 -0.0137466 0.0343466 -0.000570207 0.999401 1.21499
0.99947 -0.00380891 -0.0332712 -0.0191093 0.00389689 0.999983 0.00260638 -0.0171689 0.033256 -0.00273434 0.999452 1.18476
0.999517 -0.00265415 -0.0299965 -0.0372614 0.00263623 1 -0.000673146 0.0119532 0.0300035 0.000593483 0.999544 1.19593
0.99963 -0.000240165 -0.0282331 -0.0594346 0.000208986 0.999991 -0.00106603 -0.0103548 0.028228 0.00105993 0.999607 1.21106
0.999474 -0.00481389 -0.0311824 -0.026837 0.00484479 0.999996 0.000879023 -0.027447 0.0311833 -0.00103014 0.999509 1.19192
0.999588 -0.00393881 -0.0294225 -0.0434147 0.00399452 0.999983 0.00187245 -0.0312683 0.0294093 -0.00198862 0.999572 1.20013
0.999567 -0.00355332 -0.0281833 -0.063843 0.00365303 1 0.00344776 -0.0490875 0.0281761 -0.00354988 0.999591 1.20607
0.999499 -0.00382557 -0.0323349 -0.00920183 0.00384033 0.999979 0.000431112 -0.0130878 0.0323275 -0.000554469 0.999484 1.22291
0.999488 -0.00435526 -0.0307489 -0.0209287 0.00435268 1.00001 -0.000192188 -0.0140732 0.030755 5.76201e-05 0.99952 1.21614
0.999531 -0.00345687 -0.0313807 -0.0185411 0.00352635 0.999976 0.00219571 -0.0357126 0.0313674 -0.00230447 0.999514 1.2021
0.999583 0.000728503 -0.0278187 -0.038943 -0.000686449 1.00001 0.00147593 -0.0272461 0.0278253 -0.00145704 0.999603 1.18301
0.999603 -0.000664677 -0.0292675 -0.0467751 0.000615928 0.999986 -0.0016414 0.00976537 0.0292632 0.00162325 0.999581 1.21972
0.999428 -0.0038014 -0.0326688 0.00142484 0.00373118 1.00001 -0.00224103 -0.015517 0.0326824 0.00211725 0.999454 1.21994
0.999484 -0.00313104 -0.0329581 -0.00170873 0.00304502 0.999976 -0.00263266 -0.00850465 0.0329608 0.00253145 0.999464 1.22664
0.99945 0.00515165 -0.0318032 0.0503154 -0.00492902 0.999981 0.00702986 -0.212903 0.0318432 -0.00687055 0.999461 1.1516
0.999578 -0.00297929 -0.0299752 -0.0122354 0.00305417 0.999978 0.00248722 -0.0309969 0.0299622 -0.0025768 0.999559 1.18625
0.999543 -0.00311313 -0.0289852 -0.0599315 0.00317822 1.00001 0.00216343 -0.00294063 0.0289837 -0.00225554 0.999566 1.24019
0.999693 -9.19034e-05 -0.0260419 -0.0478829 5.52621e-05 0.999986 -0.0013596 0.0111454 0.0260364 0.00135849 0.999671 1.22141
0.999668 -0.000395607 -0.024495 -0.067641 0.000386894 1.00001 -0.000413162 0.000269038 0.0245003 0.000402649 0.999691 1.27478
0.999706 -0.00113138 -0.0254906 0.00116881 0.00115571 0.999986 0.000989703 -0.00243442 0.0254844 -0.00101791 0.999683 1.23618
0.999636 -0.00162529 -0.0257319 0.0251328 0.0016927 1.00001 0.00254941 -0.00289515 0.0257326 -0.00259309 0.999658 1.2518
0.999731 -0.00312721 -0.0242813 0.0133577 0.00317592 0.999982 0.00201553 -0.00167337 0.0242698 -0.0020911 0.999712 1.29568
0.999747 -0.00163348 -0.0210235 -0.0406298 0.00166498 1.00001 0.00142353 0.00250197 0.0210262 -0.00145922 0.99977 1.26357
0.999888 -0.000483306 -0.0169766 -0.0858142 0.000507381 0.999987 0.00146895 -0.0388414 0.0169708 -0.00147637 0.999865 1.22413
0.999736 -0.00198854 -0.0215094 -0.00736392 0.00195711 1.00001 -0.00152485 0.0254863 0.0215171 0.00148148 0.999757 1.27168
0.999798 -0.00339953 -0.0212782 -0.0189534 0.00338305 0.999984 -0.000775096 0.0225689 0.021276 0.000703841 0.999784 1.19101
0.999776 0.000106156 -0.0197383 -0.0455608 -4.60028e-05 1 0.00300469 -0.00740869 0.0197432 -0.00300423 0.999791 1.25409
0.99989 -0.000821609 -0.0167068 -0.1129 0.000864524 0.99999 0.00262286 -0.0150453 0.0166999 -0.00263605 0.99987 1.26621
0.999699 -0.00208009 -0.0233045 0.0331034 0.00212003 1.00001 0.00165338 -0.0142197 0.0233056 -0.00170324 0.999716 1.2631
0.99986 -0.00191072 -0.018272 -0.0674693 0.00190894 0.999991 -7.86041e-05 -0.0369169 0.0182673 4.46209e-05 0.999847 1.2201
0.999754 -0.00192763 -0.0207597 0.0101162 0.00194446 1 0.000761632 -0.0256724 0.0207629 -0.000802815 0.999772 1.33203
0.999836 8.73757e-05 -0.0196461 -0.000558402 -5.31548e-05 0.999993 0.00177905 -0.0314242 0.0196415 -0.00177676 0.999819 1.29684
0.999844 -0.00144752 -0.0158856 -0.0513016 0.00150081 1 0.00330039 -0.0162565 0.0158853 -0.00332477 0.999855 1.28004
0.999934 -0.0021802 -0.013681 -0.0772908 0.00221121 0.99999 0.00229881 -0.0275699 0.0136713 -0.00232786 0.99992 1.27957
