0.999989 -0.00256847 -0.00393683 0.0106878 0.00255648 0.999992 -0.00307182 0.00825438 0.00394462 0.0030618 0.999987 0.717113
0.999967 -0.000764312 -0.00817557 0.004867 0.00072098 0.999986 -0.00529618 0.0140734 0.00817951 0.00529017 0.999953 1.42646
0.999927 -0.000639508 -0.0120729 -0.00490519 0.000548137 0.999971 -0.00757549 0.0205123 0.0120773 0.00756833 0.999898 2.1361
0.999842 0.000347761 -0.0178366 -0.00799903 -0.000514492 0.999957 -0.00932849 0.0314309 0.0178326 0.00933629 0.999798 2.90271
0.999758 -0.000363529 -0.022011 -0.0273077 0.000147426 0.999952 -0.00981649 0.0197609 0.0220134 0.00981091 0.99971 3.64164
0.999644 0.00110315 -0.0266935 -0.0584975 -0.00138777 0.999944 -0.0106303 0.00421939 0.0266802 0.0106636 0.999589 4.44178
0.999482 0.00320012 -0.0320238 -0.0811338 -0.00356342 0.999931 -0.0112922 -0.00677191 0.0319852 0.0114004 0.999424 5.2494
0.999346 0.00429898 -0.035947 -0.122761 -0.00466324 0.99994 -0.0100409 -0.0153224 0.0359016 0.0102019 0.999305 6.03789
0.999215 0.0031037 -0.0394913 -0.174286 -0.00340611 0.999966 -0.00758943 -0.0199257 0.0394662 0.00771797 0.999192 6.87339
0.999063 0.00299351 -0.0432135 -0.211701 -0.00323454 0.999981 -0.00549652 -0.0230322 0.0431961 0.00563113 0.999053 7.70574
0.998959 0.00526865 -0.0453209 -0.262196 -0.00556812 0.999964 -0.00648074 -0.0316691 0.0452849 0.00672626 0.998953 8.55219
0.998856 0.00481174 -0.0476223 -0.302952 -0.0051655 0.999961 -0.0072981 -0.0363919 0.0475851 0.00753575 0.998841 9.38918
0.9988 0.00185141 -0.0489554 -0.350163 -0.00224335 0.999967 -0.00795035 -0.0446514 0.0489389 0.00805056 0.998771 10.242
0.998699 0.00133147 -0.0510301 -0.391684 -0.00165059 0.999981 -0.00620402 -0.0691038 0.0510206 0.00628011 0.998681 11.1034
0.998557 -0.00105219 -0.0537066 -0.41053 0.000744289 0.999985 -0.00575068 -0.0928481 0.0537116 0.00570238 0.998542 11.9723
0.998427 0.00118638 -0.0561001 -0.454392 -0.00162335 0.999971 -0.00773535 -0.111792 0.0560888 0.00781415 0.998399 12.8524
0.998401 0.00134219 -0.0565259 -0.527296 -0.00191948 0.999948 -0.0101573 -0.126631 0.056509 0.0102494 0.998352 13.7719
0.998233 0.00460625 -0.0593049 -0.571803 -0.00528805 0.999924 -0.0113341 -0.146453 0.0592479 0.0116275 0.99818 14.6783
0.998162 0.0053485 -0.0603949 -0.62938 -0.00599887 0.999928 -0.0105908 -0.169757 0.0603336 0.0109335 0.998121 15.5904
0.998093 0.00426244 -0.0616417 -0.6894 -0.00481352 0.999952 -0.00878222 -0.192136 0.061601 0.00906194 0.998064 16.4836
0.997955 0.00502876 -0.0637542 -0.73968 -0.00550055 0.99996 -0.00722483 -0.208631 0.063715 0.00756051 0.997943 17.4171
0.99792 0.00499429 -0.0643259 -0.805891 -0.00541694 0.999967 -0.00638727 -0.238333 0.0642915 0.00672208 0.997914 18.3445
0.997856 0.00485453 -0.065314 -0.871453 -0.00534821 0.99996 -0.00738344 -0.25135 0.0652751 0.00771678 0.997842 19.2476
0.997878 0.00359623 -0.0650744 -0.959789 -0.0041166 0.999963 -0.00785188 -0.268398 0.0650434 0.0081027 0.997855 20.2146
0.997931 0.00369998 -0.0642451 -1.04867 -0.00414387 0.999971 -0.00677238 -0.273205 0.0642178 0.00702437 0.997916 21.1458
0.997954 0.00518312 -0.0637942 -1.11902 -0.0054231 0.999981 -0.00357424 -0.286656 0.0637741 0.00391245 0.997962 22.1072
0.998035 0.00577935 -0.0624393 -1.19204 -0.00579532 0.999986 -6.99459e-05 -0.297979 0.0624376 0.000431477 0.998053 23.0801
0.998143 0.00484613 -0.0608005 -1.25292 -0.0046842 0.999988 0.00281976 -0.307294 0.0608131 -0.00253017 0.998152 24.0448
0.998225 0.00543462 -0.0593885 -1.30676 -0.00520585 0.999981 0.004011 -0.324576 0.0594088 -0.0036949 0.998232 25.0025
0.998283 0.00626824 -0.0583338 -1.35623 -0.00622456 0.999983 0.00094643 -0.333628 0.0583383 -0.000582167 0.998303 25.9753
0.998345 0.00751457 -0.0570998 -1.41311 -0.00772586 0.999967 -0.00347602 -0.355821 0.0570714 0.00391124 0.998368 26.9521
0.998451 0.00676453 -0.0553237 -1.47496 -0.00710748 0.99996 -0.00598837 -0.376479 0.0552804 0.00637181 0.998459 27.9164
0.998506 0.0033135 -0.0546356 -1.52365 -0.00354797 0.999988 -0.00418944 -0.397752 0.0546206 0.00437682 0.998504 28.907
0.998458 0.00191922 -0.0555746 -1.57052 -0.00183542 1 0.00157371 -0.4217 0.0555771 -0.00146976 0.998461 29.9131
0.998467 -0.000613229 -0.055444 -1.63993 0.000904951 0.999989 0.00524013 -0.442921 0.0554397 -0.0052825 0.998455 30.9193
0.998359 -0.00840568 -0.0567547 -1.67996 0.00876683 0.999948 0.00613047 -0.472022 0.0566995 -0.00661839 0.998379 31.9192
0.998172 -0.0104111 -0.0596442 -1.71178 0.0106752 0.999939 0.00411246 -0.507288 0.0595972 -0.00474188 0.998219 32.9318
0.998028 -0.0104831 -0.0620006 -1.76086 0.0105462 0.99995 0.000703891 -0.523527 0.0619894 -0.00135678 0.998087 33.9363
0.997961 -0.00925147 -0.0632575 -1.83782 0.00927459 0.999962 7.52278e-05 -0.528725 0.0632539 -0.000661978 0.998006 34.9411
0.997877 -0.00903841 -0.0646041 -1.89972 0.00913133 0.999963 0.00115901 -0.534702 0.0645904 -0.0017469 0.997921 36.0104
0.997724 -0.00795832 -0.0670574 -1.94929 0.00812252 0.99997 0.00217887 -0.503452 0.0670374 -0.00271876 0.997756 37.0385
0.997615 -0.00796531 -0.0686675 -2.0149 0.0081828 0.999967 0.00290147 -0.50134 0.0686412 -0.00345685 0.997646 38.0797
0.997609 -0.00578805 -0.068954 -2.09747 0.00617425 0.999971 0.00539275 -0.515108 0.0689201 -0.00580582 0.997615 39.094
0.997855 -0.00608543 -0.0653002 -2.23976 0.00657695 0.999958 0.00732905 -0.501908 0.0652516 -0.00774321 0.997851 40.0769
0.997729 0.000196724 -0.0674392 -2.28629 0.000503815 0.999952 0.0103733 -0.517732 0.067437 -0.010384 0.997681 41.1322
0.997829 0.000873787 -0.0659951 -2.38685 -0.000250951 0.999962 0.00945784 -0.517774 0.0659994 -0.00942106 0.99779 42.1486
0.997718 0.000961673 -0.0676203 -2.4314 -0.000482453 0.999981 0.0071084 -0.511527 0.0676247 -0.00705978 0.997698 43.2399
0.997771 0.00324951 -0.0668045 -2.51606 -0.00294128 0.999991 0.00472577 -0.512877 0.0668177 -0.0045191 0.99777 44.2588
0.997646 0.00266023 -0.0686192 -2.57127 -0.00232752 0.999992 0.00493282 -0.5254 0.0686306 -0.00476171 0.997643 45.2909
0.997703 0.00156614 -0.0678782 -2.67401 -0.00114445 0.999987 0.00626432 -0.540701 0.0678855 -0.00617272 0.997689 46.2946
0.997597 0.0025437 -0.0693383 -2.73336 -0.00195377 0.999967 0.00857927 -0.573751 0.0693567 -0.0084234 0.997569 47.3113
0.997647 0.00528026 -0.068533 -2.82491 -0.00495243 0.999984 0.00496416 -0.582615 0.0685561 -0.0046136 0.997653 48.3204
0.997573 0.00622531 -0.0694653 -2.90545 -0.00615335 0.999987 0.00125325 -0.597864 0.0694708 -0.000822969 0.997598 49.3017
0.997467 0.00716804 -0.0709489 -2.96028 -0.00721248 0.999982 -0.000357203 -0.603647 0.0709431 0.00086741 0.997497 50.3164
0.997455 0.00583353 -0.071179 -3.02761 -0.00562677 0.999986 0.00310755 -0.61804 0.0711948 -0.00269931 0.997473 51.3072
0.997411 0.00411659 -0.0719759 -3.089 -0.0036943 0.999983 0.00601141 -0.627885 0.0719974 -0.00573053 0.997406 52.3059
0.997345 0.00199275 -0.0729097 -3.14743 -0.00151384 0.999984 0.00662527 -0.636121 0.0729204 -0.00649757 0.997331 53.3074
0.997347 -0.00128653 -0.0729617 -3.21324 0.00160256 0.999998 0.0042857 -0.628986 0.0729539 -0.0043918 0.997344 54.3222
0.997233 -0.00441414 -0.0743219 -3.27194 0.00461867 0.999994 0.00258265 -0.634236 0.0743086 -0.00291901 0.997246 55.3154
0.997147 -0.00577734 -0.0754671 -3.34328 0.0060048 0.999986 0.00280191 -0.629524 0.0754478 -0.00324768 0.997164 56.2889
0.996997 -0.00868456 -0.0770656 -3.40728 0.00916567 0.999949 0.00589368 -0.625434 0.077009 -0.00658256 0.997024 57.2404
0.996925 -0.00881586 -0.07806 -3.47819 0.00955883 0.999921 0.00916364 -0.611343 0.0779709 -0.00988223 0.996927 58.2317
0.996927 -0.00635134 -0.0781777 -3.56258 0.00710663 0.999939 0.00938819 -0.597465 0.0781118 -0.00991518 0.99691 59.2047
0.996827 -0.00455447 -0.0796809 -3.64465 0.00491831 0.999987 0.00438106 -0.596981 0.0796577 -0.00475976 0.996831 60.1152
0.996713 -0.00305262 -0.0810711 -3.72195 0.00278535 0.999998 -0.00340864 -0.606467 0.0810799 0.00317152 0.996717 61.1031
0.996669 -0.001228 -0.0817444 -3.8138 0.0005077 0.99997 -0.00882264 -0.615959 0.0817505 0.00875093 0.996635 62.0376
0.996573 0.00419359 -0.0827199 -3.90168 -0.0048628 0.999965 -0.0078906 -0.636899 0.0826823 0.00826564 0.996558 62.9789
0.996522 0.00735289 -0.0832089 -4.00176 -0.00780445 0.999966 -0.00509276 -0.661833 0.0831661 0.00572362 0.996542 63.8987
0.996526 0.0111522 -0.0826469 -4.09977 -0.0115341 0.999933 -0.0041467 -0.681361 0.0825934 0.00508536 0.996587 64.7669
0.996505 0.0123129 -0.0828223 -4.20219 -0.0127527 0.999916 -0.00477459 -0.690826 0.0827542 0.00581323 0.996575 65.6772
0.996224 0.0125861 -0.0860281 -4.25187 -0.0130945 0.999909 -0.00534731 -0.682898 0.0859511 0.00645337 0.996296 66.5383
0.996123 0.0133409 -0.0871484 -4.33723 -0.013894 0.999896 -0.00573488 -0.689997 0.0870603 0.0069225 0.996202 67.4072
0.996005 0.0150591 -0.0881375 -4.41111 -0.0154989 0.999879 -0.00430938 -0.731237 0.08806 0.00565796 0.996118 68.218
0.995902 0.0149379 -0.0893874 -4.49729 -0.0152616 0.999889 -0.00293148 -0.749211 0.089331 0.00428272 0.996015 69.0688
0.995663 0.0175856 -0.0914715 -4.56571 -0.0176446 0.999853 0.000162067 -0.767834 0.0914589 0.00145235 0.995827 69.895
0.995659 0.0198621 -0.0911126 -4.67741 -0.0195831 0.99981 0.00396443 -0.775141 0.0911714 -0.00216388 0.995856 70.7188
0.995424 0.0233273 -0.0927774 -4.76092 -0.022939 0.999732 0.00524545 -0.781148 0.0928727 -0.00309342 0.995693 71.5066
0.995274 0.0259504 -0.093754 -4.84038 -0.0259473 0.999671 0.00126084 -0.79823 0.093753 0.00117681 0.995618 72.2503
0.995136 0.0257255 -0.0951975 -4.92675 -0.0263925 0.999644 -0.00575865 -0.816832 0.0950133 0.00824297 0.995461 73.0129
0.995044 0.0252333 -0.0963509 -5.00218 -0.0264307 0.999597 -0.0111608 -0.836799 0.0960274 0.013651 0.995309 73.6962
0.994928 0.0271511 -0.0969628 -5.07444 -0.0285293 0.99952 -0.0128606 -0.83844 0.0965648 0.0155615 0.995225 74.4317
0.99471 0.0299309 -0.098439 -5.13047 -0.0309514 0.999492 -0.00884935 -0.866203 0.0981207 0.0118483 0.99513 75.0899
0.994525 0.0304202 -0.100088 -5.19922 -0.0312901 0.999495 -0.00713599 -0.876615 0.0998182 0.0102286 0.994974 75.7652
0.994449 0.0275541 -0.101732 -5.24918 -0.0287882 0.99954 -0.0106793 -0.890546 0.101387 0.0135475 0.994782 76.385
0.994609 0.019579 -0.101937 -5.29837 -0.0213189 0.999655 -0.0160095 -0.909251 0.101586 0.0180963 0.994682 77.0097
0.99458 0.0156384 -0.102973 -5.32126 -0.0178573 0.999638 -0.0206585 -0.932268 0.102609 0.0223839 0.994498 77.7189
0.994742 0.0184233 -0.100851 -5.35826 -0.0205796 0.999591 -0.020384 -0.955863 0.100432 0.0223521 0.994714 78.3456
0.994863 0.0233404 -0.0987035 -5.37721 -0.0252327 0.999532 -0.0179634 -0.966323 0.0982343 0.0203602 0.994984 79.0131
0.995276 0.0215652 -0.0947814 -5.41695 -0.0231431 0.999621 -0.0155819 -0.973488 0.0944072 0.0177016 0.995397 79.614
0.995845 0.0176919 -0.0895535 -5.44362 -0.0188598 0.999759 -0.0122079 -0.978746 0.0893124 0.0138449 0.995936 80.2114
0.996605 0.01354 -0.0813617 -5.47879 -0.014331 0.999866 -0.00914728 -0.996084 0.0812247 0.010282 0.996664 80.7681
0.997344 0.0171138 -0.0710825 -5.50592 -0.0178327 0.999807 -0.00948562 -1.0086 0.0709028 0.0107267 0.997455 81.3316
0.998103 0.0222426 -0.0576415 -5.50268 -0.0228205 0.999705 -0.00938882 -1.03295 0.0574134 0.0106862 0.998315 81.8617
0.998832 0.0274787 -0.0402281 -5.50738 -0.0278377 0.999589 -0.00837749 -1.05503 0.0399779 0.00948624 0.999185 82.3739
0.99949 0.0256848 -0.0196297 -5.47513 -0.025844 0.999646 -0.00790899 -1.06902 0.0194173 0.00841201 0.999797 82.8772
0.999761 0.0220895 0.00540547 -5.42505 -0.0220503 0.999742 -0.0073257 -1.08272 -0.00556927 0.0072035 0.999988 83.394
0.999178 0.0214405 0.0347553 -5.37672 -0.0212314 0.999766 -0.00636899 -1.09297 -0.0348859 0.00562559 0.999397 83.8581
0.997699 0.0206387 0.0649034 -5.26892 -0.0203607 0.999793 -0.0049485 -1.11216 -0.0649951 0.00361433 0.99791 84.3276
0.994689 0.0203711 0.101023 -5.16826 -0.0199875 0.9998 -0.00480638 -1.12116 -0.101102 0.00276134 0.994895 84.818
0.989836 0.0200027 0.140949 -5.04448 -0.0194912 0.99981 -0.00501235 -1.13569 -0.141025 0.00221287 0.990034 85.2581
0.982472 0.0196929 0.185443 -4.91434 -0.018938 0.999815 -0.00584026 -1.14269 -0.185526 0.00222562 0.98266 85.7088
0.972348 0.0212116 0.232662 -4.74432 -0.0199668 0.999783 -0.00770672 -1.16559 -0.232777 0.00284682 0.972557 86.1448
0.958193 0.0208039 0.285413 -4.55725 -0.0190582 0.99979 -0.00889202 -1.20888 -0.28554 0.0030804 0.958385 86.5982
0.940257 0.0193397 0.339977 -4.34757 -0.0171932 0.999821 -0.00932705 -1.2443 -0.340098 0.00292325 0.940418 86.9882
0.91838 0.0187429 0.395292 -4.11357 -0.0162818 0.999833 -0.00957931 -1.27707 -0.395407 0.00236094 0.918527 87.347
0.892222 0.0176639 0.451299 -3.87662 -0.0142974 0.999852 -0.0108701 -1.29728 -0.451425 0.00324472 0.892338 87.6535
0.861247 0.0146194 0.508003 -3.62033 -0.0100307 0.999892 -0.0117688 -1.32194 -0.508121 0.00503973 0.861296 87.961
0.8262 0.0140558 0.563241 -3.34561 -0.00874285 0.999901 -0.0121298 -1.34221 -0.563356 0.00509593 0.826236 88.2772
0.787913 0.0123826 0.615685 -3.07062 -0.00771692 0.99993 -0.0102344 -1.36495 -0.615768 0.00331209 0.787949 88.5599
0.747942 0.0114101 0.6637 -2.75954 -0.00815997 0.999948 -0.00799638 -1.37711 -0.663755 0.000563856 0.747992 88.8152
0.705501 0.0106145 0.70865 -2.43351 -0.00626284 0.999954 -0.00874234 -1.37331 -0.708709 0.00172906 0.70553 89.0571
0.661587 0.00965777 0.749837 -2.10168 -0.00173636 0.999948 -0.0113483 -1.3691 -0.749905 0.00620461 0.661564 89.2701
0.617129 0.00759294 0.786843 -1.76815 0.00430634 0.999918 -0.0130262 -1.36976 -0.786876 0.0114268 0.617042 89.4501
0.572253 0.0103195 0.82004 -1.42043 0.00231946 0.999911 -0.0142028 -1.37813 -0.82011 0.0100284 0.572173 89.638
0.527475 0.0137096 0.849477 -1.06753 -0.00146183 0.999895 -0.0152289 -1.38572 -0.849595 0.00679041 0.527435 89.805
0.48396 0.0161246 0.874969 -0.721752 -0.00169315 0.999861 -0.0174908 -1.39431 -0.875124 0.00698223 0.483915 89.9458
0.44364 0.0121164 0.89614 -0.361259 0.00595355 0.999859 -0.0164656 -1.41703 -0.896211 0.0126393 0.443501 90.062
0.405082 0.00277533 0.914302 0.000804484 0.0214743 0.999706 -0.0125497 -1.43522 -0.914063 0.0247164 0.4049 90.1595
0.37175 -0.00187911 0.928347 0.376661 0.0251516 0.999664 -0.0080479 -1.45147 -0.928018 0.0263404 0.371668 90.255
0.340155 0.00324798 0.94039 0.7454 0.0221842 0.999704 -0.0114783 -1.45261 -0.940142 0.0247649 0.339979 90.3542
0.309702 0.0114349 0.950781 1.12844 0.0129471 0.999797 -0.0162413 -1.4581 -0.950771 0.0173388 0.309487 90.4792
0.281955 0.0149861 0.959337 1.51013 0.00847364 0.999817 -0.01811 -1.48617 -0.959425 0.0132342 0.281773 90.5788
0.257156 0.017671 0.966224 1.91045 0.0101649 0.999741 -0.0209888 -1.4865 -0.966342 0.0152179 0.256906 90.6636
0.233941 0.0209811 0.972051 2.30364 0.0158916 0.999568 -0.0254008 -1.48298 -0.972155 0.0213885 0.233504 90.7249
0.214018 0.0272318 0.976466 2.71938 0.0239518 0.999177 -0.0331142 -1.48124 -0.976561 0.0304741 0.213186 90.7916
0.195361 0.0343803 0.980154 3.15088 0.0263182 0.998859 -0.0402833 -1.48289 -0.980413 0.0336643 0.19423 90.854
0.177602 0.0351209 0.983492 3.59134 0.0243123 0.998915 -0.0400615 -1.49781 -0.983827 0.0310247 0.176552 90.9277
0.162849 0.031639 0.98617 4.04454 0.023196 0.999104 -0.0358857 -1.51361 -0.986413 0.0287179 0.161966 90.9882
0.147717 0.0270083 0.988678 4.51571 0.0237661 0.999255 -0.0308477 -1.55451 -0.98877 0.0280524 0.146962 91.0596
0.135213 0.0239914 0.990553 5.01624 0.0263164 0.999285 -0.0277964 -1.58222 -0.990503 0.0298251 0.134482 91.109
0.123699 0.0219768 0.992096 5.51043 0.0308837 0.9992 -0.0259846 -1.61067 -0.991867 0.0338521 0.122918 91.1548
0.113849 0.0221844 0.993277 6.03786 0.0343601 0.999082 -0.0262537 -1.6333 -0.99294 0.0371167 0.11298 91.2009
0.105617 0.0219714 0.994185 6.57755 0.0366881 0.999004 -0.0259751 -1.65838 -0.993758 0.0392163 0.104703 91.256
0.100359 0.021665 0.994742 7.1395 0.0383777 0.998952 -0.0256299 -1.68439 -0.994247 0.0407469 0.0994208 91.3046
0.0946407 0.0224658 0.995279 7.71323 0.0396848 0.998881 -0.0263204 -1.70653 -0.994749 0.0419866 0.0936407 91.3577
0.088827 0.0226523 0.995818 8.29009 0.040025 0.998871 -0.0262935 -1.73121 -0.99528 0.0421919 0.0878184 91.404
0.0837171 0.0212327 0.996285 8.9173 0.0422453 0.998815 -0.024836 -1.76275 -0.995624 0.0441656 0.0827184 91.4653
0.0799029 0.0205887 0.996619 9.55828 0.0434746 0.998781 -0.0241204 -1.78481 -0.995891 0.0452536 0.0789089 91.5304
0.0773698 0.0198952 0.996827 10.1983 0.0436827 0.99879 -0.0233245 -1.8026 -0.996076 0.0453467 0.0764047 91.5731
0.0743699 0.0190748 0.997077 10.8265 0.0465365 0.998679 -0.022578 -1.82058 -0.996181 0.0480783 0.0733826 91.6413
0.0730284 0.0197595 0.997158 11.4744 0.0504504 0.998469 -0.0234798 -1.82276 -0.996084 0.0520199 0.0719173 91.6992
0.0745215 0.0190177 0.997068 12.1576 0.0541861 0.998282 -0.0230924 -1.84441 -0.995783 0.0557467 0.0733615 91.7417
0.0769385 0.019577 0.996868 12.8697 0.0550237 0.998219 -0.0238499 -1.85535 -0.995549 0.0566844 0.0757217 91.8022
0.0800472 0.0210089 0.9966 13.5825 0.0568697 0.998072 -0.0256094 -1.85201 -0.995205 0.0587249 0.0786964 91.8669
0.0840209 0.020942 0.996269 14.3345 0.0571321 0.998052 -0.0257974 -1.86536 -0.994858 0.0590848 0.0826581 91.9358
0.0853163 0.0201898 0.996181 15.12 0.0585779 0.997983 -0.025245 -1.87547 -0.99467 0.0605067 0.0839599 92.0587
0.0897261 0.0191413 0.995809 15.9043 0.0586477 0.997998 -0.0244675 -1.88953 -0.994272 0.0605954 0.0884213 92.1216
0.0930628 0.0180932 0.995527 16.7583 0.0555018 0.998205 -0.023332 -1.90283 -0.994152 0.0574238 0.0918898 92.2254
0.095983 0.017102 0.995264 17.5531 0.0550826 0.998248 -0.0224653 -1.92796 -0.993891 0.0569763 0.0948703 92.3301
0.098692 0.0181405 0.994984 18.3354 0.0525997 0.99836 -0.0234212 -1.95261 -0.993768 0.0546462 0.0975741 92.4375
0.101109 0.0229387 0.994638 19.1411 0.0503724 0.998353 -0.0281446 -1.97192 -0.993634 0.0529462 0.0997841 92.5324
0.102408 0.0280815 0.994378 19.9873 0.0449497 0.998469 -0.0328282 -2.00271 -0.993768 0.0480578 0.100987 92.6376
0.100733 0.0318925 0.99443 20.8202 0.0412224 0.998514 -0.0361988 -2.02983 -0.994094 0.0446375 0.0992653 92.7549
0.100218 0.0311859 0.99451 21.6753 0.0398363 0.998601 -0.0353304 -2.07363 -0.994209 0.0431573 0.0988341 92.8657
0.0981122 0.0289791 0.994781 22.5188 0.0371282 0.998794 -0.0327575 -2.12363 -0.994517 0.0401466 0.096915 92.9958
0.0976341 0.026968 0.994892 23.3551 0.0384499 0.998804 -0.0308494 -2.17279 -0.994522 0.0412644 0.0964787 93.0928
0.0967409 0.0261306 0.994995 24.1747 0.0364619 0.998912 -0.0297784 -2.21651 -0.994676 0.0391584 0.09568 93.2008
0.0961679 0.0256836 0.99507 25.0366 0.0358427 0.998949 -0.0292498 -2.26231 -0.994762 0.0384779 0.0951447 93.3028
0.0955567 0.0259763 0.995113 25.873 0.033224 0.99904 -0.029269 -2.30504 -0.994904 0.0358568 0.094599 93.4042
0.0933375 0.027322 0.995297 26.6961 0.0307147 0.999089 -0.0303086 -2.34456 -0.995204 0.0333982 0.0924117 93.502
0.0922056 0.0271941 0.995397 27.5364 0.0282316 0.999174 -0.0299124 -2.37789 -0.995375 0.030858 0.0913589 93.5649
0.0895077 0.0276083 0.995642 28.3771 0.0258972 0.999233 -0.0300383 -2.39295 -0.995694 0.0284722 0.0887226 93.6287
0.0853579 0.0258112 0.996045 29.2041 0.0240352 0.999341 -0.0279564 -2.42155 -0.996096 0.026325 0.0846786 93.6961
0.080075 0.0241718 0.996535 30.0363 0.0217151 0.999447 -0.0259896 -2.45012 -0.996597 0.0237206 0.0795047 93.755
0.0725218 0.0250554 0.997083 30.8579 0.0214854 0.999434 -0.0266774 -2.47725 -0.997172 0.0233557 0.0719402 93.8262
0.0639855 0.0263083 0.997644 31.6611 0.0228776 0.999371 -0.0278235 -2.5049 -0.997735 0.0246035 0.0633426 93.8742
0.0547347 0.0268749 0.99817 32.4681 0.0234659 0.999347 -0.0281937 -2.53424 -0.998261 0.0249646 0.0540664 93.9046
0.0449877 0.025904 0.998692 33.2895 0.0244946 0.999355 -0.0270269 -2.5685 -0.998734 0.025678 0.0443237 93.933
0.0336827 0.0243706 0.999167 34.0943 0.022814 0.999444 -0.0251469 -2.60593 -0.999209 0.0236401 0.0331063 93.9673
0.0239807 0.0245151 0.999453 34.9002 0.0244167 0.999407 -0.0251021 -2.62397 -0.999461 0.0250048 0.0233678 93.9649
0.0130179 0.0271816 0.999578 35.6979 0.0275629 0.999262 -0.0275323 -2.62328 -0.999573 0.0279077 0.0122577 93.9815
0.00337487 0.0297205 0.999594 36.4133 0.028396 0.999172 -0.0298062 -2.60028 -0.999638 0.0284844 0.00252842 93.9397
-0.00685516 0.0310709 0.999527 37.1937 0.0286545 0.999134 -0.0308627 -2.62758 -0.999604 0.0284275 -0.0077407 93.935
-0.0169619 0.0314736 0.999402 37.9698 0.0290473 0.999118 -0.0309741 -2.66865 -0.99948 0.0285039 -0.0178606 93.9179
-0.0254212 0.0334088 0.999152 38.727 0.0296973 0.999046 -0.0326505 -2.68352 -0.999274 0.0288403 -0.0263901 93.8778
-0.0361833 0.0325111 0.998858 39.4785 0.0309161 0.999048 -0.0313998 -2.73826 -0.998914 0.029744 -0.0371531 93.8612
-0.0438648 0.0321549 0.998554 40.242 0.0315094 0.999049 -0.0307877 -2.78247 -0.998579 0.0301114 -0.0448369 93.7989
-0.0532118 0.0320015 0.998112 40.9884 0.0332196 0.99901 -0.0302617 -2.81244 -0.998078 0.0315459 -0.0542208 93.7681
-0.0607098 0.0296846 0.997749 41.7091 0.0348168 0.999033 -0.0276053 -2.86022 -0.997587 0.0330607 -0.0616849 93.7114
-0.0655075 0.0269422 0.997532 42.4677 0.0372553 0.999026 -0.0245385 -2.90925 -0.997204 0.0355551 -0.0664459 93.6489
-0.0705958 0.0254389 0.997217 43.1709 0.0396505 0.998976 -0.022678 -2.93291 -0.996757 0.0379373 -0.0715325 93.6236
-0.0751185 0.0241483 0.996927 43.8943 0.0413983 0.998942 -0.0210804 -2.96061 -0.996364 0.0396868 -0.0760368 93.6011
-0.0774104 0.02333 0.996763 44.6105 0.0415171 0.998954 -0.0201582 -2.98651 -0.996176 0.0398205 -0.0782982 93.5583
-0.0769968 0.0235793 0.996799 45.3127 0.0423657 0.998916 -0.0203598 -3.01245 -0.996181 0.0406615 -0.0779104 93.4682
-0.077775 0.0254216 0.996684 46.0093 0.0428455 0.998857 -0.0221349 -3.02391 -0.996091 0.0409802 -0.0787753 93.4512
-0.0759017 0.0281408 0.996765 46.6938 0.0430143 0.998785 -0.0249253 -3.03823 -0.996238 0.0409822 -0.0770179 93.4234
-0.0715111 0.029157 0.997052 47.3201 0.0425748 0.998771 -0.026155 -3.05663 -0.996573 0.0405771 -0.0726647 93.3958
-0.0647551 0.0305799 0.997479 47.9537 0.0412599 0.998779 -0.0279443 -3.07825 -0.997099 0.0393452 -0.065936 93.3828
-0.0538631 0.0320369 0.998073 48.5596 0.0403059 0.998761 -0.0298851 -3.08927 -0.997777 0.0386168 -0.055088 93.3593
-0.0403824 0.0327152 0.998695 49.1419 0.0394191 0.998759 -0.0311265 -3.11165 -0.998457 0.0381096 -0.0416205 93.3473
-0.0233443 0.0347412 0.999162 49.712 0.038361 0.998712 -0.0338305 -3.13703 -0.999034 0.0375375 -0.0246478 93.3572
-0.00145865 0.037817 0.99933 50.2593 0.0359924 0.998661 -0.0377423 -3.1584 -0.999402 0.0359123 -0.00281721 93.3559
0.0216157 0.041924 0.998926 50.7962 0.0328247 0.998573 -0.0426207 -3.17929 -0.99927 0.0337093 0.0202073 93.4144
0.0491977 0.0439538 0.997868 51.3285 0.0314208 0.99849 -0.0455335 -3.20465 -0.998347 0.0335931 0.047742 93.4816
0.0834871 0.0438408 0.995584 51.8513 0.0284467 0.998541 -0.0463578 -3.23078 -0.996146 0.0321899 0.0821157 93.5257
0.12081 0.0417391 0.991845 52.3751 0.0278866 0.998601 -0.0454233 -3.25377 -0.992336 0.0331457 0.119476 93.6245
0.164236 0.0364716 0.985787 52.8987 0.0239886 0.998895 -0.0409544 -3.30967 -0.986174 0.0303725 0.163176 93.7076
0.207511 0.0305148 0.977804 53.4009 0.0203556 0.999185 -0.0355052 -3.36759 -0.978074 0.0272705 0.206717 93.864
0.256208 0.0268237 0.96629 53.9097 0.0141703 0.999424 -0.0315019 -3.40736 -0.966563 0.0217623 0.255675 94.0177
0.307485 0.0239923 0.9513 54.4006 0.00990901 0.99957 -0.0284159 -3.45044 -0.951556 0.018163 0.30711 94.2021
0.36192 0.0234437 0.931956 54.858 0.00745647 0.999601 -0.0280423 -3.47874 -0.932226 0.0170971 0.361593 94.4094
0.419371 0.0231462 0.907571 55.2941 0.00913886 0.99954 -0.0297181 -3.51063 -0.907826 0.0207559 0.418959 94.6405
0.47626 0.0263426 0.878955 55.6921 0.00858242 0.999387 -0.0346036 -3.53793 -0.879312 0.0240227 0.475733 94.9234
0.532389 0.0301484 0.84602 56.0686 0.00894943 0.999132 -0.0412402 -3.55391 -0.846514 0.0295257 0.531648 95.2325
0.588517 0.0347797 0.807786 56.4203 0.00360105 0.998975 -0.0456361 -3.57573 -0.80853 0.0297653 0.587777 95.557
0.640036 0.0353231 0.767596 56.7588 0.000898593 0.998931 -0.0467221 -3.61189 -0.768411 0.0305919 0.639309 95.9688
0.689948 0.0350755 0.723065 57.0584 -0.000419858 0.99887 -0.048055 -3.63764 -0.723918 0.0328507 0.689168 96.3461
0.738939 0.0304084 0.673158 57.3641 0.000341011 0.998988 -0.045506 -3.6844 -0.673848 0.0338538 0.738168 96.7142
0.782529 0.0266444 0.62211 57.6428 -0.00236987 0.999229 -0.0398162 -3.71112 -0.622679 0.0296819 0.781971 97.1313
0.822984 0.0214571 0.567746 57.8733 -0.00334844 0.999476 -0.0329252 -3.73232 -0.568144 0.025194 0.82261 97.5362
0.85861 0.0185945 0.512373 58.0917 -0.00608518 0.999667 -0.0260832 -3.75706 -0.512676 0.0192764 0.858418 97.9684
0.887833 0.0158004 0.459999 58.2436 -0.00770494 0.999805 -0.0194772 -3.76964 -0.460209 0.0137467 0.887766 98.3982
0.911807 0.0226909 0.410094 58.3915 -0.016948 0.999726 -0.0176354 -3.75409 -0.410373 0.00912904 0.911922 98.8929
0.931028 0.0266147 0.36411 58.5227 -0.0226989 0.999654 -0.0150374 -3.75924 -0.364377 0.00573394 0.931294 99.3515
0.944799 0.033521 0.326062 58.6066 -0.0307995 0.999459 -0.0135073 -3.75387 -0.326331 0.00271854 0.9453 99.858
0.955373 0.03886 0.293006 58.6797 -0.0358528 0.999259 -0.0156369 -3.74988 -0.293391 0.00443247 0.956041 100.331
0.964054 0.0415164 0.262607 58.7707 -0.0385983 0.999148 -0.0162632 -3.74597 -0.263052 0.00554161 0.964813 100.858
0.970182 0.0366571 0.239803 58.8903 -0.0336272 0.99932 -0.0167256 -3.74856 -0.240249 0.00816126 0.970736 101.335
0.973925 0.0338468 0.224527 58.9917 -0.0310817 0.999416 -0.0158408 -3.76377 -0.224926 0.00844817 0.974388 101.817
0.976095 0.0381098 0.214218 59.0455 -0.0355854 0.99927 -0.0156408 -3.78192 -0.214653 0.00764215 0.976719 102.353
0.977884 0.0438867 0.20471 59.1318 -0.0417234 0.999043 -0.0148748 -3.79164 -0.205162 0.00600374 0.978758 102.875
0.978823 0.0516512 0.198341 59.2247 -0.0493475 0.99867 -0.0165547 -3.79134 -0.198928 0.00641483 0.980052 103.404
0.978574 0.0568509 0.198118 59.2758 -0.0537338 0.998358 -0.0210777 -3.79353 -0.198986 0.0099796 0.979999 103.965
0.978699 0.0585859 0.197026 59.3842 -0.0550989 0.998239 -0.0231492 -3.82062 -0.198031 0.0117983 0.980185 104.494
0.978422 0.0571127 0.198796 59.5069 -0.0529136 0.998277 -0.0263749 -3.84349 -0.199955 0.0152858 0.979735 105.03
0.978067 0.0549471 0.201172 59.6482 -0.0490141 0.998234 -0.0343703 -3.84056 -0.202702 0.0237537 0.979013 105.579
0.977587 0.0553993 0.203337 59.7997 -0.0481712 0.998052 -0.0403294 -3.83991 -0.20517 0.0296292 0.978328 106.137
0.976239 0.0599684 0.208493 59.9034 -0.0529428 0.99786 -0.0391314 -3.87797 -0.210388 0.0271608 0.977304 106.729
0.974697 0.0633075 0.214589 60.0194 -0.0572574 0.997797 -0.0342981 -3.91321 -0.216281 0.0211423 0.976153 107.344
0.97453 0.0596719 0.216429 60.2019 -0.0541449 0.99807 -0.0313932 -3.92301 -0.217879 0.0188727 0.975857 107.947
0.974533 0.0542313 0.217798 60.3892 -0.0494103 0.998426 -0.0275241 -3.93022 -0.218942 0.0160605 0.975657 108.582
0.973459 0.0518058 0.223171 60.5085 -0.0478496 0.998618 -0.0231132 -3.95358 -0.224054 0.0118189 0.97457 109.224
0.973009 0.0471882 0.226093 60.658 -0.043561 0.998857 -0.0210078 -3.98987 -0.22682 0.0105909 0.973931 109.848
0.973249 0.0437871 0.225791 60.8258 -0.0395472 0.998978 -0.0232806 -4.02237 -0.226573 0.013726 0.973963 110.507
0.973447 0.043128 0.225018 60.9756 -0.037371 0.998886 -0.0297844 -4.05142 -0.226045 0.0205833 0.973952 111.155
0.973338 0.0473452 0.224692 61.1163 -0.0397571 0.99851 -0.0381912 -4.0442 -0.226159 0.0282369 0.973748 111.835
0.973902 0.0495883 0.221698 61.2895 -0.0415068 0.998325 -0.040969 -4.08087 -0.223352 0.0306966 0.974307 112.549
0.974486 0.0474967 0.219631 61.4182 -0.0402998 0.998529 -0.0371477 -4.10295 -0.221066 0.0273459 0.974944 113.238
0.975078 0.0435836 0.217757 61.5914 -0.0379052 0.998853 -0.0301909 -4.12288 -0.218816 0.0211832 0.975589 113.964
0.975948 0.0439124 0.213808 61.7731 -0.0396191 0.998951 -0.0243382 -4.15566 -0.214646 0.0152794 0.976642 114.704
0.976171 0.0475882 0.211948 61.9267 -0.0433371 0.998784 -0.024662 -4.18879 -0.212857 0.0148881 0.977023 115.444
0.976259 0.0551169 0.209764 62.0689 -0.0497285 0.998317 -0.030892 -4.18602 -0.211107 0.0197244 0.977334 116.183
0.977187 0.0563577 0.204999 62.2397 -0.0498721 0.99811 -0.0366745 -4.20138 -0.206671 0.025613 0.978129 116.958
0.978337 0.0549582 0.199896 62.4055 -0.047975 0.998094 -0.0396287 -4.23232 -0.201686 0.0291768 0.979086 117.708
0.979384 0.0522382 0.195385 62.5673 -0.0456138 0.998253 -0.0382588 -4.26372 -0.197036 0.0285565 0.980035 118.497
0.979646 0.0505588 0.194576 62.6816 -0.0442761 0.998383 -0.036521 -4.29616 -0.196102 0.0271591 0.980278 119.337
0.980177 0.0492326 0.192167 62.8559 -0.0434404 0.998497 -0.0342455 -4.32763 -0.193557 0.0252174 0.98082 120.183
0.980741 0.0453001 0.190319 63.0255 -0.0398759 0.998716 -0.0322514 -4.35504 -0.191529 0.0240379 0.981263 120.998
0.981398 0.0400276 0.188029 63.2287 -0.0347277 0.998931 -0.0314039 -4.37896 -0.189079 0.0242884 0.981717 121.83
0.981913 0.0416881 0.185023 63.4373 -0.03653 0.998877 -0.0312175 -4.39203 -0.186111 0.0238907 0.982309 122.654
0.980415 0.0492056 0.19097 63.4674 -0.044429 0.998615 -0.02922 -4.50034 -0.192135 0.0201612 0.981219 123.499
0.979865 0.0552732 0.192189 63.6113 -0.0500346 0.998267 -0.0320234 -4.54479 -0.193619 0.021759 0.980909 124.373
0.979035 0.0640745 0.193622 63.7495 -0.0586828 0.997747 -0.0334614 -4.57613 -0.195322 0.0213958 0.980565 125.231
0.978045 0.0700977 0.196576 63.9053 -0.0649013 0.997386 -0.0327745 -4.60979 -0.198353 0.0192936 0.980015 126.078
0.977433 0.0724767 0.198695 64.0829 -0.0675127 0.997248 -0.0316545 -4.63515 -0.200433 0.017524 0.979611 126.974
0.977001 0.0730861 0.200657 64.2529 -0.0678779 0.997188 -0.0327381 -4.665 -0.202478 0.0183614 0.97919 127.737
0.976446 0.0715059 0.203833 64.419 -0.0655032 0.997233 -0.0360547 -4.69364 -0.205839 0.0218519 0.978403 128.65
0.977197 0.0655457 0.202299 64.6435 -0.0599389 0.997664 -0.0337406 -4.7507 -0.204031 0.0208419 0.97882 129.46
0.97707 0.059959 0.204567 64.7997 -0.0537234 0.997941 -0.0359091 -4.78464 -0.206291 0.0240939 0.978255 130.358
0.976675 0.0598951 0.206536 64.9722 -0.053217 0.997902 -0.0377612 -4.80451 -0.208357 0.0258853 0.977791 131.252
0.976653 0.0615518 0.206077 65.1706 -0.0554739 0.997872 -0.0351504 -4.84199 -0.207794 0.0228959 0.977964 132.077
0.976495 0.0641309 0.206106 65.356 -0.0595328 0.997855 -0.0284558 -4.89711 -0.20748 0.0155137 0.978196 132.939
0.976351 0.0669785 0.20582 65.5526 -0.0633982 0.997732 -0.0239501 -4.94134 -0.206949 0.0103334 0.978357 133.767
0.97646 0.0650626 0.205986 65.7331 -0.0602691 0.997782 -0.0294823 -4.99723 -0.20744 0.0163701 0.978191 134.635
0.977854 0.0577699 0.201445 65.949 -0.0497276 0.997793 -0.0447662 -5.03204 -0.203578 0.0337554 0.978541 135.436
0.978429 0.0551986 0.199417 66.1465 -0.0453408 0.997564 -0.0536882 -5.07763 -0.201887 0.0434837 0.978525 136.297
0.978902 0.0518655 0.197937 66.319 -0.0437972 0.998064 -0.0449327 -5.11446 -0.199876 0.0353131 0.979249 137.121
0.979349 0.0471924 0.196944 66.4935 -0.0432296 0.998803 -0.024394 -5.15466 -0.197851 0.0153731 0.980193 138.013
0.980332 0.0414113 0.193271 66.6997 -0.0402994 0.999175 -0.00968936 -5.19216 -0.193504 0.00170809 0.981164 138.868
0.981388 0.0432611 0.187479 66.9149 -0.0407357 0.999056 -0.0173247 -5.19063 -0.188044 0.00936152 0.9822 139.626
0.98149 0.0518394 0.184696 67.0614 -0.0462598 0.998372 -0.0344003 -5.2059 -0.18617 0.0252171 0.982261 140.452
0.981739 0.0494104 0.184102 67.1982 -0.0419616 0.99818 -0.0441623 -5.20294 -0.185941 0.035626 0.981999 141.3
0.982531 0.045395 0.180821 67.3704 -0.0378459 0.998305 -0.0449924 -5.25076 -0.182548 0.0373601 0.982555 142.123
0.983048 0.0447181 0.178218 67.5145 -0.0373797 0.998353 -0.0443478 -5.29353 -0.1799 0.0369296 0.983075 142.968
0.983694 0.0438175 0.174795 67.6544 -0.0363354 0.998325 -0.0457887 -5.334 -0.1765 0.0386878 0.98361 143.821
0.984585 0.0449098 0.169468 67.7968 -0.0372712 0.998189 -0.0480149 -5.36941 -0.171309 0.0409536 0.98445 144.611
0.985028 0.0496548 0.165478 67.9329 -0.0421071 0.997954 -0.0488225 -5.40118 -0.167555 0.0411206 0.985075 145.423
0.984897 0.0553297 0.1645 68.0214 -0.0473301 0.997553 -0.0521831 -5.41311 -0.166977 0.0436042 0.985081 146.258
0.985167 0.0565028 0.162433 68.1541 -0.0489514 0.997579 -0.0501347 -5.46616 -0.164864 0.0414366 0.985518 147.044
0.985461 0.054693 0.161315 68.278 -0.0478957 0.997842 -0.0457544 -5.51486 -0.163462 0.037358 0.985927 147.861
0.986234 0.0517776 0.157454 68.438 -0.0451355 0.997981 -0.0454857 -5.55974 -0.159483 0.0377497 0.986551 148.684
0.986795 0.049508 0.154705 68.5658 -0.0424344 0.997948 -0.0487234 -5.60835 -0.156793 0.0415099 0.986845 149.511
0.987845 0.0444158 0.149398 68.6941 -0.036861 0.99795 -0.05298 -5.64666 -0.151436 0.0468258 0.98743 150.324
0.989097 0.0402635 0.142183 68.8133 -0.0326882 0.997975 -0.0552518 -5.67184 -0.144113 0.0499959 0.988384 151.133
0.990109 0.0391231 0.135223 68.9291 -0.0325858 0.99824 -0.0502439 -5.70914 -0.136943 0.0453372 0.989613 151.934
0.99126 0.0367477 0.1273 69.0648 -0.0315432 0.998628 -0.0426975 -5.74437 -0.128688 0.0383034 0.991032 152.749
0.991664 0.0339369 0.124834 69.1454 -0.0298115 0.998986 -0.0347883 -5.76418 -0.12588 0.0307735 0.991641 153.6
0.991812 0.0408926 0.121612 69.2095 -0.0371198 0.998798 -0.0331657 -5.79095 -0.122816 0.0283748 0.992112 154.437
0.99213 0.0439675 0.117813 69.2831 -0.0396391 0.998494 -0.038853 -5.81876 -0.119336 0.0338739 0.992348 155.299
0.992793 0.0444799 0.111959 69.3414 -0.0392172 0.998076 -0.0488164 -5.86394 -0.113909 0.044068 0.992602 156.105
0.993444 0.041449 0.107172 69.3883 -0.0358014 0.997929 -0.0541169 -5.90181 -0.109186 0.0499215 0.992839 156.911
0.99431 0.0408122 0.099173 69.4846 -0.0356746 0.997992 -0.0530829 -5.94908 -0.101135 0.0492369 0.993743 157.734
0.994851 0.0479962 0.0900127 69.5709 -0.0435978 0.997822 -0.0502324 -5.99386 -0.0922207 0.0460459 0.994745 158.554
0.995331 0.054017 0.0809413 69.6396 -0.0498927 0.997429 -0.0521891 -6.04119 -0.0835472 0.0479011 0.995441 159.408
0.996014 0.0562635 0.0701769 69.6975 -0.0522517 0.996998 -0.0577745 -6.09267 -0.0732103 0.0538738 0.995932 160.243
0.996706 0.0546046 0.0612278 69.7514 -0.0509299 0.99693 -0.0601148 -6.14728 -0.0643179 0.056792 0.996401 161.11
0.997116 0.0551458 0.0534097 69.7822 -0.0520645 0.997023 -0.0574909 -6.19565 -0.056415 0.0545408 0.996988 161.954
0.997247 0.0585467 0.0471633 69.7859 -0.056082 0.997106 -0.0520654 -6.2303 -0.050071 0.0492711 0.997619 162.78
0.997328 0.0626532 0.0393228 69.807 -0.0607546 0.997044 -0.0477855 -6.264 -0.0421947 0.0452653 0.998155 163.639
0.997627 0.0622956 0.0318427 69.8235 -0.060801 0.997127 -0.0460314 -6.2966 -0.0346151 0.0439802 0.998523 164.474
0.997914 0.0594216 0.0277691 69.874 -0.0581458 0.997341 -0.0447357 -6.32944 -0.030348 0.0430243 0.998685 165.267
0.998054 0.0587335 0.0243922 69.8813 -0.0575016 0.997201 -0.0485924 -6.35698 -0.0271746 0.0470892 0.998611 166.094
0.99792 0.0626447 0.0192067 69.8945 -0.0614879 0.996578 -0.0558918 -6.38402 -0.0226367 0.0545909 0.998326 166.943
0.997598 0.0686818 0.0155101 69.8895 -0.0675341 0.995611 -0.065394 -6.40931 -0.0199304 0.0641825 0.99783 167.762
0.997771 0.0668355 0.0111422 69.9105 -0.0659351 0.995563 -0.0676645 -6.45348 -0.0156098 0.066775 0.99772 168.622
0.99766 0.0689279 0.00921002 69.8945 -0.0682318 0.995783 -0.0619783 -6.51002 -0.0134404 0.0611981 0.998127 169.451
0.997503 0.0712404 0.00716463 69.8957 -0.070772 0.996158 -0.0522771 -6.56194 -0.0108561 0.0516358 0.998682 170.321
0.997468 0.0721975 0.00288395 69.8992 -0.0719971 0.996422 -0.0451604 -6.61514 -0.00613159 0.0448323 0.999068 171.152
0.997765 0.0678392 -0.00177701 69.8854 -0.0678453 0.996522 -0.0491237 -6.65869 -0.00155668 0.0491307 0.998867 171.999
0.998693 0.052136 -0.00771612 69.9006 -0.0525197 0.996716 -0.0622933 -6.67658 0.004445 0.0626097 0.998122 172.779
0.99891 0.0453963 -0.0160943 69.8891 -0.0464367 0.9964 -0.0714731 -6.66407 0.0127963 0.0721383 0.99739 173.617
0.998535 0.0509499 -0.0223839 69.8474 -0.0524055 0.996215 -0.0699588 -6.73322 0.0187363 0.0710215 0.997396 174.417
0.99843 0.0502684 -0.0274128 69.7801 -0.051908 0.996718 -0.0627469 -6.81323 0.0241729 0.0640671 0.997731 175.255
0.998397 0.0457406 -0.0357949 69.7769 -0.0477699 0.997219 -0.0579502 -6.89066 0.0330458 0.0595598 0.997775 176.074
0.998599 0.0372271 -0.0394721 69.7123 -0.0392982 0.997861 -0.0530131 -6.96051 0.0374179 0.0544857 0.997893 176.864
0.998505 0.031938 -0.0462405 69.6703 -0.0343881 0.998041 -0.0531097 -7.01952 0.0444543 0.0546128 0.997617 177.759
0.998273 0.0286863 -0.0526493 69.6204 -0.0318704 0.997692 -0.0606285 -7.07457 0.050792 0.0621975 0.99685 178.616
0.9981 0.0194627 -0.0599158 69.5675 -0.023705 0.997249 -0.0708595 -7.13297 0.0583719 0.0721366 0.995785 179.464
0.997612 0.00629437 -0.0698007 69.5928 -0.011587 0.997109 -0.0756405 -7.17734 0.0691254 0.0762641 0.994768 180.269
0.9973 0.0105548 -0.0738628 69.4768 -0.0156461 0.997565 -0.0686347 -7.23972 0.0729576 0.0695966 0.995006 181.162
0.996753 0.0224735 -0.0782372 69.3559 -0.0267888 0.998195 -0.0545271 -7.31717 0.076873 0.0564416 0.995523 182.073
0.99626 0.0285794 -0.0826117 69.275 -0.0325562 0.998406 -0.0471503 -7.375 0.081131 0.049656 0.99557 182.913
0.995955 0.0283103 -0.0861228 69.1927 -0.0326781 0.998271 -0.049715 -7.43764 0.0845686 0.0523239 0.995125 183.762
0.995766 0.0292528 -0.0881361 69.1034 -0.0347034 0.997588 -0.0609165 -7.48622 0.0861399 0.0637088 0.994348 184.612
0.995133 0.0390552 -0.0912699 68.9959 -0.0454903 0.996586 -0.0695102 -7.55456 0.0882456 0.0733191 0.99348 185.479
0.995015 0.0369015 -0.0935821 68.9105 -0.0439114 0.996343 -0.0739533 -7.61159 0.090509 0.0776849 0.992966 186.332
0.995016 0.0319196 -0.0952312 68.8351 -0.0386141 0.996893 -0.0692889 -7.67651 0.0927254 0.0726161 0.993125 187.168
0.994952 0.0317204 -0.096119 68.769 -0.0376587 0.997502 -0.0605733 -7.74582 0.0939555 0.0638789 0.99363 188.051
0.994939 0.0349866 -0.0949653 68.6647 -0.0402758 0.997754 -0.0543499 -7.82407 0.0928521 0.0578951 0.99408 188.899
0.9947 0.0345999 -0.0977192 68.5831 -0.0402238 0.997661 -0.0561458 -7.87298 0.0955457 0.0597705 0.993736 189.783
0.994503 0.0325626 -0.100267 68.5006 -0.0391267 0.997214 -0.0641979 -7.95485 0.0978985 0.0677633 0.992972 190.631
0.994373 0.0203468 -0.104778 68.4535 -0.0284887 0.996692 -0.0767757 -8.00198 0.102866 0.0793195 0.991636 191.489
0.994117 0.00763685 -0.108731 68.398 -0.0165335 0.99661 -0.0811399 -8.0598 0.107744 0.0824548 0.99084 192.352
0.993892 0.0105871 -0.110631 68.2894 -0.019063 0.996993 -0.0758056 -8.1483 0.109493 0.0774425 0.991075 193.278
0.993546 0.0171084 -0.112801 68.193 -0.0245634 0.997626 -0.0650224 -8.22452 0.111422 0.0673683 0.991574 194.134
0.993292 0.0183182 -0.114923 68.0999 -0.0255322 0.997828 -0.0615862 -8.29702 0.113542 0.0640987 0.991571 194.987
0.993079 0.0170885 -0.116849 68.0131 -0.0247944 0.997635 -0.064803 -8.37202 0.115466 0.0672465 0.99112 195.838
0.992943 0.0171407 -0.118079 67.926 -0.0256253 0.997221 -0.0706865 -8.43902 0.116535 0.0732044 0.990593 196.68
0.992796 0.0236957 -0.1181 67.802 -0.0322775 0.996979 -0.0712814 -8.50144 0.116055 0.0745745 0.990527 197.537
0.992656 0.0252253 -0.119041 67.6935 -0.0336729 0.997068 -0.0694674 -8.56086 0.116936 0.0729566 0.990565 198.376
0.992491 0.0295047 -0.119358 67.5723 -0.0374484 0.997237 -0.0648609 -8.64623 0.117115 0.068838 0.99082 199.22
0.992436 0.0333131 -0.118888 67.4543 -0.0410511 0.997208 -0.0632145 -8.70002 0.116447 0.067608 0.991003 200.052
0.992097 0.0359147 -0.120873 67.3543 -0.0439079 0.997022 -0.0641216 -8.75889 0.118211 0.0689165 0.990685 200.884
0.992076 0.0337772 -0.121731 67.2566 -0.0424142 0.996765 -0.0690471 -8.82104 0.119001 0.0736539 0.990267 201.687
0.991609 0.0354618 -0.124949 67.1639 -0.0450549 0.996228 -0.0748009 -8.88215 0.121826 0.0797966 0.989431 202.51
0.991455 0.0372255 -0.125712 67.0519 -0.0469602 0.996104 -0.0753581 -8.93913 0.122413 0.0806083 0.989309 203.315
0.991443 0.0387979 -0.125278 66.9182 -0.0475058 0.99665 -0.0672806 -8.986 0.122249 0.07265 0.98993 204.116
0.991139 0.0392373 -0.127587 66.8257 -0.0469435 0.997271 -0.05794 -9.05973 0.124961 0.0634074 0.990243 204.958
0.991165 0.0341265 -0.128796 66.7385 -0.041735 0.997559 -0.056838 -9.11376 0.126543 0.0617052 0.990134 205.725
