0.999992 -0.00191271 -0.00388493 0.011974 0.00189891 0.999993 -0.00354868 0.0126116 0.00389166 0.00354119 0.999987 0.713165
0.999989 0.00147307 -0.00432816 -0.00336725 -0.00148191 0.999997 -0.00203514 0.0059003 0.0043252 0.0020416 0.999989 0.708716
0.999994 7.51254e-05 -0.00391704 -0.0031274 -8.42335e-05 0.999996 -0.00233323 0.0117904 0.00391688 0.00233343 0.99999 0.710426
0.999986 0.00028701 -0.00501323 -0.00768503 -0.000301858 0.999996 -0.00294745 0.0350306 0.00501224 0.00294897 0.999983 0.785745
0.999993 -0.000704729 -0.00416392 -0.00813277 0.000703354 1 -0.0003081 -0.00742985 0.00416432 0.000305107 0.999992 0.741312
0.999989 0.00196363 -0.00402153 -0.0208052 -0.00196637 0.999997 -0.000669425 -0.0110831 0.00402005 0.000677279 0.999991 0.790925
0.999984 0.00204052 -0.0054585 -0.000327729 -0.00204474 0.999998 -0.000765126 -0.0014087 0.00545711 0.000776242 0.999986 0.812581
0.999994 0.0002188 -0.0031652 -0.0322608 -0.000214645 0.999999 0.00130956 -0.000405734 0.00316525 -0.00130879 0.999993 0.791528
0.999994 -0.00104415 -0.00333242 -0.0250823 0.00105192 0.999998 0.00232933 0.00329937 0.00333022 -0.00233296 0.999994 0.836724
0.999998 -0.000266425 -0.00216741 -0.0322266 0.000271278 0.999996 0.00225231 0.00314872 0.0021666 -0.00225272 0.999993 0.838297
0.999995 0.00273964 -0.00115519 -0.0288294 -0.00274076 0.999997 -0.000979587 -0.0024263 0.00115273 0.000982558 1 0.850175
0.999998 -0.000175682 -0.00220428 -0.00382751 0.000173747 0.999998 -0.000841078 -0.000276157 0.00220417 0.000840945 0.999996 0.839071
0.999995 -0.00285233 -0.00127674 -0.00727202 0.00285165 0.999998 -0.000592965 -0.00367729 0.00127878 0.000589063 1 0.854779
0.999998 -0.000833226 -0.00194959 1.31718e-05 0.000836735 0.999996 0.00187899 -0.018528 0.00194761 -0.00188036 0.999996 0.862309
0.999994 -0.00242305 -0.00298349 0.0295775 0.00242405 0.999999 0.000272343 -0.0165432 0.00298322 -0.000279816 0.999998 0.868094
0.999995 0.00220981 -0.0022643 -0.000847375 -0.00221503 0.999994 -0.00219957 -0.0105173 0.00225891 0.00220468 0.999994 0.884798
1 0.000485021 0.000167268 -0.0293864 -0.0004844 0.999998 -0.00275826 -0.00323701 -0.000168089 0.00275801 0.999998 0.91718
0.99999 0.00349856 -0.00266948 0.00816873 -0.00350213 0.999991 -0.00126916 -0.0125045 0.00266448 0.00127858 0.999994 0.898509
0.999999 0.000486754 -0.000931436 -0.00681681 -0.000485656 1 0.00103901 -0.0144078 0.000932531 -0.00103863 1 0.915256
0.999999 -0.00120736 -0.00160558 0.000394692 0.00120959 0.999997 0.00157153 -0.0144756 0.00160318 -0.00157339 0.999997 0.894191
0.999998 0.000790721 -0.00190921 0.00447136 -0.000787788 0.999999 0.0013823 -0.007192 0.00191081 -0.00138087 0.999997 0.935094
1 -0.000373746 -0.000412022 -0.00936869 0.000373745 1 0.000670854 -0.0196734 0.000411231 -0.000670937 1 0.933843
1 -1.57744e-05 -0.00127429 -0.00515532 1.46818e-05 1 -0.000811228 -0.00997298 0.00127488 0.000810988 1 0.904982
0.999998 -0.00123702 -0.000131765 -0.0161311 0.0012369 1 -0.000380713 -0.0124247 0.00013169 0.000380754 0.999999 0.973776
1 -5.17582e-05 0.000999738 -0.0313263 5.07841e-05 0.999999 0.000975114 0.00529912 -0.000999321 -0.000975339 1 0.936016
0.999998 0.00149522 0.000401213 -0.00740535 -0.00149661 0.999994 0.00341905 -0.00953617 -0.000396548 -0.00341938 0.999994 0.961136
1 0.000435777 0.00136128 -0.0102845 -0.000440523 0.999993 0.00347791 -0.00644875 -0.00135927 -0.00347876 0.999993 0.979594
0.999998 -0.00107856 0.00160589 -0.000859671 0.00107363 0.999997 0.00301915 -0.0117542 -0.0016097 -0.00301715 0.999995 0.965222
1 0.000503673 0.000714249 0.0154127 -0.000504648 0.999997 0.00137135 -0.0212637 -0.000713025 -0.00137205 0.999999 0.963874
0.999999 0.000894268 0.00118457 0.00669435 -0.000890767 0.999996 -0.00297302 -0.0125246 -0.00118768 0.00297232 0.999995 0.979464
0.999996 0.0018821 0.0020666 -0.0142329 -0.00187282 0.999989 -0.00446087 -0.0203091 -0.00207455 0.00445656 0.999989 0.975751
0.999997 -0.000737781 0.00207121 -0.0106795 0.000743476 0.999996 -0.0027542 -0.0141783 -0.0020696 0.00275618 0.999993 0.968879
0.999993 -0.00386453 0.000422253 0.00889278 0.00386406 0.999993 0.00113634 -0.00771496 -0.000426187 -0.00113516 1 0.998691
0.999997 -0.00219299 -0.00101236 0.00896576 0.00219924 0.999976 0.00622775 -0.0221001 0.000998228 -0.00622952 0.999979 1.0112
0.999995 -0.00322357 0.000242021 -0.0141886 0.0032227 0.999991 0.00350494 -0.017669 -0.00025291 -0.00350457 0.999995 1.00728
0.99997 -0.00774603 -0.00100285 0.0107129 0.00774659 0.999966 0.000618568 -0.0312604 0.000997557 -0.000625891 0.999998 1.00118
0.99999 -0.00293983 -0.00333562 0.0300586 0.00292969 0.999994 -0.00306863 -0.0241733 0.00334516 0.00305836 0.999992 1.01372
0.999996 0.00136432 -0.00263817 -0.00301939 -0.00137207 0.999992 -0.00295491 -0.0329932 0.00263361 0.00295894 0.99999 1.01414
0.999999 0.001311 -0.00118875 -0.0137303 -0.00131183 1 -0.000691414 -0.0048044 0.00118832 0.000692501 1 1.01224
1 0.00028154 -0.0010251 0.00200874 -0.000280502 0.999997 0.00113276 -0.00474087 0.00102484 -0.00113214 0.999998 1.07564
0.999997 0.000739819 -0.0024018 0.01872 -0.000738192 1 0.000659642 0.0369353 0.00240275 -0.000658341 0.999998 1.03416
0.999998 2.8725e-05 -0.00272777 0.0160738 -2.72537e-05 0.999998 0.000531373 -8.47121e-05 0.00272739 -0.000530903 0.999995 1.05522
0.999998 0.00148685 -0.000325895 -0.00938604 -0.00148611 0.999996 0.00302234 -0.0225385 0.000330684 -0.00302236 0.999996 1.01357
0.999992 -0.00101452 0.00429716 -0.0915794 0.0010079 0.999997 0.00159819 0.017973 -0.00429912 -0.0015933 0.999988 0.98922
0.99998 0.00591453 -0.002581 0.0321031 -0.00590465 0.999977 0.00373303 -0.0342829 0.00260343 -0.00371825 0.999992 1.05522
0.999999 -0.000856843 0.00148961 -0.0427421 0.000857176 0.999998 -0.000466021 -0.0118878 -0.00148971 0.000467735 0.999998 0.991042
0.999999 0.0006321 -0.00141797 0.0250671 -0.000635272 0.999999 -0.00238428 0.00116228 0.00141683 0.0023847 0.999999 1.08628
0.999997 0.00247458 0.00130407 -0.0263736 -0.00247165 0.999993 -0.00235998 -0.0103582 -0.00131041 0.00235741 0.999994 1.02071
0.999997 -0.000679003 -0.00174934 0.0144225 0.000678731 1 -0.000238532 -0.0109492 0.00175 0.000236707 1 1.0429
0.999997 -0.00182337 0.0024774 -0.065538 0.00181514 0.999992 0.00322963 -0.0479241 -0.00248385 -0.00322448 0.999991 1.01399
0.999997 0.00127197 -0.00060895 -0.00582503 -0.0012707 0.999998 0.00177496 -0.0325948 0.000611724 -0.00177494 1 1.01473
0.999997 0.0032563 0.000341665 -0.0158196 -0.00325529 0.999987 -0.00416945 -0.00869548 -0.000355864 0.00416905 0.999992 1.02513
0.999999 0.00131388 -0.000382044 -0.015709 -0.00131478 0.999993 -0.00354672 -0.0248179 0.000377915 0.00354641 0.999995 0.957257
1 0.00103934 -0.00141074 0.0118446 -0.00104222 0.999999 -0.00164419 -0.00494606 0.00140844 0.00164641 0.999997 1.02367
0.999998 -0.00151215 -0.000553292 0.00572191 0.00151483 0.999992 0.00382216 -0.0187176 0.00054815 -0.00382377 0.999994 1.00339
0.999998 -0.00217097 -0.00102209 0.0125659 0.00217352 0.999992 0.00309744 -0.0138235 0.00101472 -0.00309884 0.999993 1.0083
0.999997 -0.00204689 -0.00103879 0.0154827 0.00204799 0.999999 0.000421028 -0.013991 0.00103864 -0.00042403 1 1.00595
0.999997 -0.00313773 -5.22931e-05 0.0104747 0.00313701 0.999994 -0.00182991 -0.00657241 5.73954e-05 0.00183031 0.999999 1.01661
0.999993 -0.00289239 -0.00150053 0.0161066 0.00289051 0.999994 -0.00168034 -0.00934235 0.00150607 0.00167539 0.999996 0.991572
1 -0.00120277 -0.00074758 -0.00464182 0.00120219 1 3.38581e-06 0.00553129 0.000746823 -3.72076e-06 1 0.980235
0.999992 -0.00323916 -0.00175741 0.00882959 0.00324524 0.99999 0.0031605 0.00134468 0.0017479 -0.00316685 0.999993 0.956817
1 -0.000166454 -0.000856385 0.00511742 0.000168386 0.999995 0.00290417 0.0111742 0.000855151 -0.00290371 0.999996 0.998807
0.999992 0.00327934 -0.000845443 -0.00628644 -0.00327901 0.999995 -0.000216897 0.00676209 0.000845443 0.000219026 1 0.982149
0.999999 0.00233693 -0.00150046 -0.010023 -0.00234465 0.999987 -0.00480442 -0.0110881 0.00148857 0.00480853 0.999988 0.912247
0.999994 0.00225825 -0.00171299 0.00527633 -0.00227049 0.999969 -0.00747753 -0.018677 0.0016966 0.00748078 0.99997 0.990584
0.999994 0.00305431 0.00300148 -0.0803883 -0.0030352 0.999975 -0.00652357 0.00424488 -0.00302197 0.00651505 0.999975 0.904989
0.999982 0.00548293 -0.000907711 -0.013537 -0.00548154 0.999984 0.00102858 -0.0127862 0.000913812 -0.00102426 0.999999 0.949044
0.999994 0.00435346 -0.000357515 -0.0181242 -0.0043522 0.999979 0.00492979 -0.0532322 0.000378516 -0.00492748 0.99999 0.913946
0.999994 0.00315167 0.00132219 -0.0441736 -0.00315144 0.999996 0.000165409 -0.00094989 -0.00132136 -0.000170381 0.999999 0.873298
1 0.00144655 -0.000374264 -0.0230019 -0.00144727 0.999998 -0.000264459 -0.0116484 0.000373563 0.000265694 1 0.913569
0.999993 2.61987e-07 -0.00371912 0.0254524 -5.24235e-06 0.999999 -0.0014262 0.0233458 0.00371933 0.00142542 0.999992 0.861822
0.999999 0.00118353 -0.000895614 -0.0128228 -0.00118431 0.999998 -0.000611706 0.000187765 0.000894612 0.000613573 0.999999 0.87432
0.999999 0.0007792 -0.00100138 -0.00797188 -0.000779142 1 -0.000244184 -0.00608196 0.00100134 0.000244108 1 0.816681
0.999999 -0.00081865 -0.0012874 -0.0118929 0.000820836 0.999996 0.0019603 -0.0256978 0.00128564 -0.00196049 0.999997 0.827169
0.999995 0.00241174 -0.00239002 0.0112945 -0.00240347 0.999991 0.00330175 -0.0206413 0.00239806 -0.00329682 0.999993 0.824165
0.999997 0.00235478 0.000760052 -0.0540427 -0.00235802 0.999992 0.00368645 -0.0123369 -0.000751481 -0.00368741 0.999993 0.826622
0.999991 0.00402632 -0.00169267 -0.0123579 -0.00402457 0.999991 0.000801156 -0.00277192 0.00169595 -0.000795135 0.999999 0.801405
0.999993 0.0034252 -0.00123937 -0.00483471 -0.0034304 0.99999 -0.00393799 -0.0218262 0.00122567 0.00394297 0.999993 0.750876
0.999999 0.000159256 -0.00177179 -0.0157168 -0.000170959 0.999973 -0.00681043 -0.0214749 0.00177083 0.00680996 0.999973 0.752076
1 -3.43108e-05 -0.00098496 -0.00838994 2.87267e-05 0.999991 -0.00530467 -0.0195258 0.000985016 0.0053054 0.999989 0.68674
0.999997 0.00186117 -0.000797658 0.00351417 -0.00186204 0.999992 -0.00157624 0.00585236 0.000794808 0.00157693 0.999995 0.751523
0.999997 0.00214234 -0.00154733 0.00597577 -0.00213616 0.999994 0.00408652 -0.0212442 0.00155593 -0.0040825 0.999992 0.656744
0.999997 0.000439345 -0.00171721 -0.000717583 -0.000437905 0.999995 0.000783246 0.0116393 0.00171772 -0.000783178 0.999996 0.666644
0.999995 -0.00259373 -0.00279968 0.0382909 0.00258335 0.999994 -0.00362003 -0.00920006 0.00280885 0.00361334 0.999995 0.605551
0.999968 -0.00769776 -0.000927031 0.0356624 0.00769325 0.999954 -0.0050496 -0.0139189 0.000966074 0.00504168 0.999982 0.631137
0.999994 -0.00372308 -0.0017251 0.0632505 0.00371468 0.999987 -0.00460273 -0.0138036 0.001742 0.00459682 0.999994 0.710526
0.999993 0.00218484 0.00243615 0.0190955 -0.00218584 0.999994 0.000477006 -0.0145829 -0.00243491 -0.0004829 0.999991 0.60643
0.99999 0.00455984 0.00157187 0.0573472 -0.00456354 0.999991 0.00212708 0.00919954 -0.00156225 -0.00213376 1 0.656641
0.99999 -0.00186017 0.00392636 0.0165665 0.00185069 0.999992 0.00248242 0.00555706 -0.00393074 -0.00247567 0.999985 0.600385
0.999986 -0.00410816 0.00392698 0.0572838 0.00409521 0.999991 0.00322352 0.00647845 -0.00394035 -0.00320678 0.999992 0.60207
0.999955 -0.00451784 0.00820097 0.0111802 0.00448962 0.99998 0.0034854 -0.013338 -0.00821639 -0.00344913 0.999957 0.552436
0.999938 0.00363831 0.0105971 0.014558 -0.0036352 0.999996 -0.00033347 -0.00478588 -0.0105984 0.000295627 0.999948 0.561858
0.999898 0.00494117 0.013341 0.0431091 -0.00494991 0.999985 0.000638117 -0.022595 -0.0133376 -0.000704749 0.999907 0.526102
0.999831 0.00508544 0.0177555 0.0165414 -0.00511418 0.999989 0.00156438 -0.0193509 -0.0177473 -0.00165432 0.999846 0.505165
0.999772 -0.00186875 0.0211993 0.0398149 0.00184855 0.999995 0.000978863 -0.00634652 -0.0212011 -0.000940058 0.99977 0.492259
0.999674 -0.00401556 0.0252739 0.0529652 0.00398535 0.999995 0.00124567 -0.00746976 -0.0252787 -0.00114397 0.999686 0.507
0.999552 -0.00046355 0.0298609 0.0359737 0.000413693 0.999996 0.00167177 -0.00674069 -0.0298616 -0.00165931 0.999547 0.449104
0.999549 -0.000728871 0.0300888 0.0941066 0.000667463 1 0.00205424 -0.0130863 -0.0300901 -0.00203263 0.99955 0.47778
0.999343 -1.54455e-05 0.0362368 0.0721485 -8.38289e-08 0.999999 0.000427132 2.89121e-05 -0.0362371 -0.000427415 0.99934 0.490323
0.999242 -0.000249896 0.038934 0.105775 0.000217353 1 0.000840219 -0.0124123 -0.0389339 -0.00083052 0.999245 0.461459
0.998992 -0.000444015 0.0449041 0.0700139 0.000448367 0.999999 -9.01498e-05 -0.00143947 -0.0449044 0.000109552 0.998989 0.470753
0.998858 0.00172151 0.0477288 0.093706 -0.00169282 1 -0.000637889 -0.0223646 -0.0477295 0.000556962 0.998864 0.45396
0.998496 -0.000345212 0.0548539 0.073896 0.000341848 0.999998 6.84204e-05 -0.0407331 -0.0548541 -5.0212e-05 0.998491 0.490457
0.998342 -0.00125817 0.0575286 0.0869516 0.00119897 1 0.00106503 -0.0344079 -0.0575296 -0.000993655 0.998347 0.433157
0.998249 -0.000573194 0.059172 0.104602 0.000529881 0.999997 0.000746528 -0.0273809 -0.0591728 -0.000714473 0.998244 0.41971
0.998107 -0.00144851 0.0614637 0.102837 0.00147219 1 -0.000339914 -0.0152975 -0.0614627 0.000430409 0.998113 0.374574
0.997943 -0.00360089 0.0640238 0.0998893 0.00361197 0.999992 -5.912e-05 -0.0183471 -0.0640236 0.000289578 0.997944 0.387428
0.997832 -0.000355853 0.0658049 0.0723618 0.000329821 1 0.000407255 -0.0158911 -0.0658045 -0.0003841 0.997837 0.409891
0.997876 -0.00013073 0.0651534 0.0658313 -4.31826e-05 0.999996 0.00266537 -0.0187444 -0.065154 -0.00266303 0.997868 0.388822
0.998032 0.00123451 0.0626954 0.0857954 -0.00139444 0.999996 0.00250834 -0.00477981 -0.0626915 -0.00259033 0.998034 0.394508
0.998097 -0.000775152 0.0616684 0.0856193 0.000760164 1 0.000266024 0.00292531 -0.0616692 -0.000219116 0.998092 0.394121
0.9982 -0.00369762 0.0598489 0.0886703 0.00380453 0.999991 -0.00167201 0.00219969 -0.0598417 0.00189721 0.998211 0.381679
0.998303 -0.00485609 0.0580466 0.083835 0.00492596 0.999987 -0.0010622 -0.000895741 -0.0580413 0.00134588 0.998309 0.368197
0.998444 0.00279483 0.055683 0.0674285 -0.00274103 0.999997 -0.00104055 -0.00755648 -0.0556851 0.000886715 0.998452 0.386432
0.998563 0.00462359 0.0534092 0.0667407 -0.00459426 0.999988 -0.000673277 -0.00821393 -0.0534124 0.000426551 0.998568 0.384169
0.998715 0.00131191 0.0506641 0.0600786 -0.00120537 0.999999 -0.0021363 -0.00331156 -0.050666 0.00207284 0.998719 0.368066
0.998942 -0.00671918 0.0455034 0.0739994 0.00666196 0.999975 0.00141408 -0.0193638 -0.0455126 -0.00110981 0.998958 0.372164
0.99896 -0.0152254 0.0429694 0.0682509 0.015093 0.999882 0.00339666 -0.0104196 -0.0430152 -0.00274421 0.999075 0.36909
0.999332 -0.00367554 0.0363713 0.0635836 0.0035431 0.999986 0.00371207 -0.0136573 -0.0363851 -0.003581 0.999328 0.383674
0.999413 0.00323939 0.0341168 0.0415077 -0.003088 0.999987 -0.00450185 0.00273218 -0.0341304 0.0043941 0.999412 0.379585
0.999435 0.00993306 0.0321187 0.0118885 -0.00975453 0.999934 -0.00569947 -0.00139665 -0.0321738 0.00538266 0.999465 0.401871
0.999567 0.00490961 0.0290266 0.022714 -0.00484255 0.999988 -0.00239214 -0.0207024 -0.0290373 0.00225076 0.99958 0.394284
0.999663 -0.00128009 0.0259433 0.0301949 0.001353 0.999994 -0.002781 0.00260891 -0.0259403 0.00281491 0.999657 0.4089
0.999692 -0.00552691 0.0241574 0.0404735 0.00563726 0.999975 -0.00451934 0.00985579 -0.0241311 0.0046543 0.999702 0.397548
0.99976 -0.00737114 0.0206943 0.0318761 0.00754043 0.999938 -0.00808926 0.0106949 -0.020634 0.0082432 0.99975 0.420867
0.999814 -0.00193916 0.0191103 0.0314665 0.0020874 0.999969 -0.00777308 0.0136616 -0.0190941 0.00781167 0.99979 0.434688
0.999831 0.00253883 0.0182662 0.0108241 -0.00253239 0.999996 -0.000335971 0.00264633 -0.0182675 0.000289499 0.999831 0.445433
0.999885 0.00172043 0.0150211 0.0196063 -0.00178047 0.999993 0.00393526 0.000701548 -0.0150137 -0.00396141 0.999883 0.454851
0.999887 0.000186815 0.0152134 0.00826337 -0.000261144 0.999986 0.00493704 -0.0263114 -0.015213 -0.00494057 0.99987 0.479501
0.999921 -0.00152451 0.0123561 0.0258537 0.00148726 0.999998 0.00296073 -0.0142463 -0.0123601 -0.00294211 0.999923 0.50347
0.999928 -0.00290823 0.0119591 0.00215662 0.00283998 0.999976 0.00579752 -0.078192 -0.0119764 -0.00576311 0.999909 0.473581
0.999947 -0.00285185 0.00960641 0.0222568 0.00285416 1 -0.000331908 -0.012067 -0.00960489 0.000359239 0.999958 0.53198
0.99997 -0.00182862 0.00797938 0.00870989 0.00183152 0.999995 -0.000226063 -0.0104781 -0.00797947 0.000240744 0.999965 0.542456
0.999983 -0.00184876 0.00505071 0.0117959 0.00184979 1 -0.00039887 -0.00518313 -0.00504942 0.000408149 0.999991 0.565037
0.999989 -0.000698518 0.00543558 0.0099944 0.000706465 0.999995 -0.00125744 -0.00232043 -0.00543535 0.00126135 0.999981 0.577489
0.999981 -0.000326102 0.00558472 0.0106983 0.000326713 1 -0.000317269 -0.00736946 -0.00558408 0.000318908 0.999989 0.579727
0.999989 -0.00226172 0.00502647 -0.00514355 0.00225682 0.999994 0.00120442 -0.0145373 -0.00502969 -0.00119287 0.999984 0.631371
0.999988 -0.00100875 0.0038454 -0.0116332 0.00100626 1 0.000364403 -0.00425018 -0.00384533 -0.000360715 0.999996 0.644522
1 -2.10365e-05 0.00234398 0.0102748 2.0464e-05 0.999997 0.000693977 -0.00287215 -0.0023445 -0.000693737 0.999995 0.641327
0.999986 -0.00394091 0.00258953 -0.0257144 0.00393854 0.999995 0.000478837 -0.00305452 -0.0025909 -0.000468756 0.999999 0.644094
0.999984 -0.00628115 -0.000175149 0.0273485 0.00628202 0.999977 -0.00103186 0.0240617 0.000181177 0.0010309 0.999997 0.639971
0.999988 -0.00410664 -0.00151094 0.00774721 0.00410639 0.999994 0.000540748 -0.00697381 0.00150914 -0.000547201 1 0.690406
0.999999 -0.00138264 -0.00227809 -0.00897848 0.00138184 0.999997 -0.000776495 0.00529293 0.00227875 0.000773579 0.999994 0.714594
0.999991 -0.00205175 -0.00316045 -0.00819629 0.00204604 0.999998 -0.00147224 0.0195556 0.00316402 0.0014655 0.999998 0.715421
0.999996 -0.000293698 -0.00383136 -0.0122606 0.000295062 0.999999 0.000109222 0.00543752 0.00383087 -0.000110151 0.99999 0.752858
0.999996 -0.00149493 -0.000691413 -0.070053 0.00149387 1 0.000265151 0.0191037 0.000691459 -0.000266381 1 0.798691
0.999994 1.6775e-05 -0.00449342 0.00416245 -1.21124e-05 0.999999 0.00076358 0.00843531 0.00449306 -0.000763368 0.999986 0.792535
0.999986 0.00276844 -0.00360097 -0.0243194 -0.00276443 0.999996 0.00143406 0.00874498 0.00360524 -0.00142423 0.999996 0.859698
0.999998 0.000116795 -0.00327034 -0.0267158 -0.000111344 0.999998 0.00136119 -0.010014 0.00327006 -0.00136066 0.999991 0.805616
0.999989 0.00146072 -0.0035472 -0.0256396 -0.00146282 0.999999 -0.000298569 -0.0104334 0.00354723 0.000303619 0.999997 0.834925
0.999999 0.00210301 -0.00237077 -0.0180796 -0.00211347 0.999986 -0.00483759 0.00224363 0.0023599 0.00484275 0.999985 0.817106
0.999979 0.00568973 -0.00152243 -0.028837 -0.0056979 0.999972 -0.00488372 -0.00278009 0.00149508 0.00489214 0.999989 0.864562
0.999994 0.00393973 0.00213324 -0.0452383 -0.00393064 0.999984 -0.0038676 0.00652636 -0.00214892 0.00385932 0.999988 0.83617
0.999994 0.00152993 0.000803206 -0.0322986 -0.00153202 0.999999 0.00149926 -0.0232305 -0.000800474 -0.00150063 1 0.863256
0.999997 0.00276042 0.00230399 -0.0521505 -0.00276753 0.999988 0.00346141 -0.0318886 -0.00229488 -0.00346762 0.999987 0.849864
0.999996 -0.00148036 0.000522084 -0.0157686 0.00147839 0.999999 0.00202122 -0.0234712 -0.000524675 -0.00202061 1 0.84731
1 0.00202172 0.00100592 -0.0311075 -0.00202183 0.999996 0.000955503 -0.0150917 -0.00100447 -0.000957465 0.999995 0.824157
0.999996 0.000779855 0.000563517 -0.0205354 -0.000781029 1 0.000656204 -0.0210248 -0.000562563 -0.000656736 1 0.87061
1 0.00264506 0.000679045 -0.0244387 -0.0026444 0.999995 8.28121e-05 -0.0177051 -0.00067941 -8.45456e-05 0.999996 0.842049
0.999988 0.00319185 0.00245941 -0.0234511 -0.00319032 0.999996 -0.000954717 -0.0146774 -0.00246189 0.000946811 1 0.816788
1 0.00257247 0.00147516 0.00982271 -0.00257253 0.999996 0.000615339 -0.0100698 -0.00147426 -0.000619096 0.999995 0.841176
0.99999 0.00266771 0.00258021 0.0144063 -0.00266511 0.999996 -0.00141002 0.019752 -0.00258329 0.00140309 1 0.842648
0.999994 0.00201041 0.00405249 0.00675317 -0.00201725 0.999996 0.00192857 -0.00357373 -0.00404948 -0.00193676 0.999987 0.833227
0.999979 0.00256086 0.00538547 0.0108345 -0.00256807 0.999997 0.00113383 0.00137012 -0.00538172 -0.00114769 0.999988 0.835963
0.999973 0.000567989 0.0078596 -0.00843796 -0.000559494 0.999999 -0.000941826 -0.00534516 -0.00786114 0.000937432 0.999966 0.827203
0.999957 -0.00102746 0.00878605 0.00702356 0.00103891 0.999998 -0.00142345 -0.00703675 -0.0087835 0.00143254 0.999962 0.805765
0.999964 -0.000257666 0.00902121 0.0235611 0.000262756 1 -0.000445695 -0.00846224 -0.00902221 0.000448005 0.999958 0.809864
0.999948 -0.000788243 0.00980767 0.0154615 0.000776028 0.999998 0.00113966 -0.013287 -0.00980755 -0.00113199 0.999953 0.823878
0.999937 0.00187656 0.0114867 -0.000855843 -0.00189427 0.999998 0.00162438 -0.0159989 -0.0114847 -0.00164601 0.999932 0.806437
0.99995 -0.00128304 0.00948192 0.0308358 0.00128544 0.999999 -0.000362979 0.000800314 -0.00948052 0.000375257 0.999955 0.805766
0.999942 -0.00260378 0.0110082 0.00443735 0.00263958 0.999993 -0.00312627 0.0202803 -0.0110009 0.00315498 0.999935 0.796833
0.999944 -0.00199127 0.00984214 0.0480914 0.002021 0.999991 -0.00313152 0.0401282 -0.00983496 0.00315138 0.999946 0.713692
0.999953 -5.14579e-05 0.0103546 0.00664414 6.63043e-05 1 -0.00133474 -0.00571662 -0.0103554 0.00133514 0.999947 0.781442
0.999943 1.3224e-05 0.0101979 0.0095274 -1.3162e-05 0.999997 -0.000115215 -0.0222861 -0.0101972 0.0001151 0.999947 0.77832
0.999977 -0.0010947 0.00748308 0.0407228 0.00111856 0.999998 -0.00304186 0.0187617 -0.00748049 0.00305002 0.999968 0.757588
0.999936 -0.000708264 0.0109426 -0.00698358 0.000696656 0.999997 0.000969693 -0.0313004 -0.0109424 -0.000961935 0.999941 0.758418
0.999978 -0.000205597 0.00733758 0.037096 0.000202929 1 0.00049983 -0.0209171 -0.00733842 -0.000498504 0.999973 0.763626
0.999951 -0.00107753 0.0092826 -0.00120971 0.00107194 0.999999 0.000494545 -0.0115414 -0.00928248 -0.000484379 0.999956 0.749867
0.999976 -0.00129178 0.00752133 0.0161266 0.00127232 0.999996 0.00272835 -0.0309502 -0.00752556 -0.0027189 0.999968 0.71805
0.999983 -0.00248864 0.00481088 0.0165601 0.0024735 0.999994 0.00290437 -0.0273746 -0.00481752 -0.00289213 0.999987 0.764356
0.999985 -0.00254257 0.00590407 -0.0337718 0.00253507 0.999995 0.00149022 -0.00283276 -0.00590827 -0.00147577 0.99998 0.711811
0.999981 -0.00152858 0.00530913 -0.0406588 0.00152253 0.999999 0.000883353 -0.00101456 -0.00531005 -0.000874843 0.999988 0.730049
1 -0.00185418 0.00128676 0.0346854 0.00185237 0.999996 0.00260334 -0.0349005 -0.00129198 -0.0026014 0.999995 0.664467
0.999993 -0.000404834 -0.00146566 0.0562295 0.000403269 1 -0.000181311 -0.0108065 0.00146574 0.000181045 1 0.706657
1.00001 9.65003e-05 0.000434621 -0.0299491 -9.39236e-05 0.999996 -0.00271516 0.0164855 -0.000435017 0.00271465 0.999995 0.699202
0.999992 -8.25221e-05 -0.00181665 -0.0249948 7.46994e-05 0.999994 -0.00355213 0.0135929 0.00181695 0.00355247 0.999993 0.679827
0.999995 0.000896592 -0.00459245 -0.0188162 -0.000899797 0.999999 -0.000981192 -0.00357713 0.00459157 0.000984919 0.999989 0.618145
0.999977 -1.49597e-05 -0.00584922 -0.047143 4.89026e-06 0.999999 -0.00148153 -0.00349312 0.00584927 0.00148184 0.999982 0.633234
0.99994 0.00165411 -0.0113328 -0.00462394 -0.00167793 0.999997 -0.00222486 0.0148213 0.011329 0.00224331 0.999933 0.616208
0.999906 0.000717124 -0.0132133 -0.0228865 -0.000728328 0.999999 -0.000719994 -0.00621584 0.0132129 0.00072986 0.999912 0.587098
0.999851 0.000279242 -0.01764 -0.0230664 -0.000313321 0.999999 -0.00202286 -0.00958208 0.0176395 0.00202777 0.999843 0.567308
0.999748 0.0012627 -0.0221154 -0.0112284 -0.00132909 0.999995 -0.00290715 -0.00397734 0.0221115 0.00293606 0.999751 0.547359
0.99971 0.00164659 -0.0243157 -0.0408394 -0.00172907 0.999993 -0.00344643 -0.00525716 0.0243099 0.00348716 0.9997 0.538023
0.999593 0.000213147 -0.0283308 -0.0447818 -0.000263581 0.999999 -0.0017131 -0.00635617 0.0283304 0.00172016 0.999596 0.531939
0.999408 0.00257595 -0.0344738 -0.0202449 -0.00257473 0.999997 3.13284e-05 0.000152548 0.0344739 5.71325e-05 0.999406 0.526193
0.999327 -0.00087201 -0.0364839 -0.0745639 0.000912508 0.999999 0.00114039 0.0102268 0.0364827 -0.0011726 0.999333 0.524447
0.999013 0.00171979 -0.0444932 -0.0120953 -0.00148655 0.999987 0.00523899 -0.0248981 0.0445019 -0.00516797 0.998997 0.535587
0.999079 0.002384 -0.0427366 -0.0898668 -0.00206857 0.999968 0.00745978 -0.0463258 0.0427529 -0.00736422 0.99906 0.514814
0.998702 0.00436393 -0.0508536 -0.0340567 -0.00415349 0.999983 0.00421299 -0.0106751 0.0508714 -0.00399655 0.998698 0.536357
0.998463 0.00426374 -0.0551567 -0.0405732 -0.00407616 0.999985 0.00354267 -0.0287318 0.0551708 -0.00331221 0.998472 0.512099
0.998339 0.00102912 -0.0576867 -0.0582722 -0.00099136 0.999999 0.000654699 -0.0104616 0.0576875 -0.000596604 0.998333 0.50417
0.998073 -0.00343051 -0.0618852 -0.0617889 0.00340836 0.999996 -0.000437121 -0.0262236 0.0618861 0.000225529 0.998085 0.494441
0.997995 -0.00142797 -0.0633765 -0.0934948 0.0011741 0.999989 -0.00406681 -0.0158282 0.063382 0.00398399 0.997979 0.479246
0.997919 -0.00330322 -0.0643333 -0.100022 0.00297523 0.999986 -0.00516466 -0.00826095 0.064349 0.00496274 0.997921 0.478524
0.997682 0.00108646 -0.0681102 -0.0643178 -0.00146986 0.99998 -0.00560439 0.00672195 0.0681031 0.00569128 0.997658 0.440468
0.997531 -0.00186975 -0.0701492 -0.0538837 0.00204407 1 0.00243784 -0.0555501 0.0701442 -0.00257499 0.997539 0.510329
0.99779 -0.00142361 -0.0664906 -0.101361 0.00126005 0.999992 -0.00252965 0.00659565 0.0664944 0.00244008 0.997778 0.469166
0.997525 -0.00465542 -0.0701191 -0.0543424 0.0048803 0.999988 0.00306061 -0.0300715 0.0701033 -0.00339508 0.99754 0.478682
0.99772 0.000159855 -0.0675494 -0.0713117 0.000206847 0.999981 0.0053957 -0.00320816 0.0675496 -0.00539748 0.997696 0.494228
0.997688 -0.00313897 -0.0678308 -0.0668172 0.00367082 0.999968 0.0077445 -0.00537795 0.0678035 -0.00797553 0.997672 0.460306
0.997785 -0.000379782 -0.0665731 -0.0474375 0.000860064 0.999969 0.00715958 -0.0132777 0.0665689 -0.00720108 0.997751 0.471467
0.998164 0.000303642 -0.0605184 -0.0835612 7.49326e-05 0.999985 0.00628158 -0.00248601 0.060519 -0.00627442 0.998152 0.445269
0.99838 0.00904625 -0.0562383 -0.0827723 -0.00900987 0.999954 0.00087353 0.029172 0.056244 -0.000365707 0.998412 0.498292
0.998741 0.00460085 -0.0499216 -0.0668777 -0.00453794 0.999994 0.00140562 0.00575891 0.0499274 -0.00117702 0.998758 0.469559
0.999164 0.00804102 -0.0401404 -0.111862 -0.00803834 0.999962 0.000188208 0.0144246 0.0401406 0.000134228 0.999189 0.50392
0.999395 0.00436388 -0.0344398 -0.088182 -0.00447318 0.99999 -0.00305018 0.00656381 0.034426 0.00320276 0.999408 0.468652
0.999495 0.00197384 -0.0317811 -0.0645562 -0.00203287 0.999991 -0.00187798 0.0106343 0.0317772 0.00194126 0.999488 0.531372
0.99971 -0.00519334 -0.0234626 -0.0108957 0.00516258 0.999992 -0.00129618 0.00375596 0.023469 0.00117508 0.99973 0.491439
0.999876 -0.00286292 -0.0156166 -0.0177435 0.00286937 0.99999 0.00028226 -0.00792432 0.0156156 -0.000327528 0.999872 0.492555
0.999935 0.00444167 -0.010421 -0.0693175 -0.00444462 0.999996 -0.000112392 -0.0125301 0.0104205 0.000159222 0.999953 0.533857
0.999937 0.00583484 -0.00973735 -0.0277494 -0.00583359 0.999978 8.11307e-06 0.00146258 0.00973716 4.80779e-05 0.999947 0.529282
0.999949 0.0079026 -0.00597205 -0.023307 -0.00791746 0.999971 -0.00223189 0.00928437 0.0059543 0.00227969 0.999985 0.537184
0.99999 0.00495217 0.000751058 -0.0691074 -0.00494781 0.999975 -0.00393253 -0.00408994 -0.000770679 0.00392814 0.999987 0.557784
0.999996 0.00151633 -0.000978953 0.00219965 -0.00151971 1 -0.00208485 -0.0163339 0.000975866 0.00208688 1 0.539722
0.999997 -0.00239479 0.00191318 0.0162247 0.00240231 0.999987 -0.00325735 -0.00755417 -0.00190549 0.00326141 0.999988 0.551036
0.999988 -0.00346379 0.00287172 0.0287952 0.00348416 0.999969 -0.00754947 0.0157511 -0.00284532 0.0075599 0.999973 0.564567
0.999999 -0.00100708 0.00216629 0.038772 0.00102122 0.999979 -0.0059681 0.0240705 -0.00216034 0.00596981 0.999975 0.579715
0.999972 0.00518866 0.00548787 -0.022279 -0.00519985 0.99999 0.00181723 -0.0192716 -0.00547822 -0.00184518 0.999989 0.602598
0.999971 0.00481373 0.00603028 -0.0155474 -0.00484572 0.99997 0.00547938 -0.0151038 -0.00600378 -0.00550897 0.999963 0.626664
0.999994 -0.00312598 0.00166307 0.0481328 0.00312036 0.999995 0.00271961 0.0187695 -0.00167139 -0.0027139 1 0.630927
0.999989 -0.00459253 -0.000273991 0.0722927 0.00459451 0.99998 0.00345801 0.0236099 0.000258082 -0.00345975 0.99999 0.646415
0.999988 -0.00150778 0.00502855 -0.0206379 0.00148381 0.999992 0.00456898 -0.00452777 -0.00503522 -0.00456103 0.999982 0.651762
0.999985 -0.00419984 0.00314324 0.00364603 0.00419339 0.999985 0.00237557 -0.0220018 -0.0031532 -0.00236281 0.999988 0.64313
0.999993 -0.00412269 -0.000310747 0.0155275 0.00412102 0.999992 -0.00234251 -0.0175768 0.000320464 0.00234157 1 0.680679
0.999995 -0.00255977 -0.000408892 -0.00147897 0.00255795 0.999972 -0.00659299 -0.0121243 0.00042577 0.0065916 0.999974 0.665311
0.999999 0.00261283 1.30934e-05 -0.0173528 -0.00261372 0.999965 -0.00841373 0.0249241 -3.49076e-05 0.00841398 0.999969 0.694215
0.999994 0.00124347 -0.00325858 0.0100276 -0.0012514 0.999993 -0.00276215 -0.0107427 0.00325513 0.00276582 0.999988 0.732576
0.999999 -0.000926606 -0.00227142 -0.0281751 0.000933698 0.999996 0.00371703 0.00622658 0.00226842 -0.00371863 0.999995 0.701798
0.999991 -0.00312361 -0.00230683 0.00968602 0.00314114 0.999969 0.00699606 0.00497639 0.0022847 -0.0070038 0.999971 0.741903
0.999994 0.00172632 -0.00362852 0.0240165 -0.00170759 0.999985 0.00555737 -0.00748845 0.00363831 -0.00555067 0.999981 0.771347
0.999989 0.00366356 -0.00191211 -0.00896891 -0.00366301 0.999992 -0.00050582 -0.0129817 0.00190995 0.000512364 0.999996 0.757605
0.999982 0.0062331 -0.00192122 -0.0182973 -0.00624711 0.999962 -0.00651618 0.0212146 0.00188082 0.00652841 0.999981 0.753402
0.999988 -0.000161435 -0.00433625 -0.000978922 0.000136168 0.999978 -0.00619571 0.0112721 0.00433694 0.00619462 0.999969 0.794423
0.999988 -0.00233267 -0.00500093 0.00796423 0.00231583 0.999996 -0.00304869 -0.00484874 0.00500835 0.0030374 0.999985 0.765813
0.999982 -0.00273389 -0.00486856 0.00089112 0.0027416 0.999992 0.00123427 -0.000158299 0.00486484 -0.00124797 0.999986 0.806856
1 -0.000965147 0.000759343 -0.0801933 0.000962099 1 0.00170809 0.0017172 -0.000760477 -0.00170708 1 0.862261
0.999992 -0.00117232 -0.0030538 0.0108867 0.00118016 0.999995 0.00213807 -0.00182343 0.00305102 -0.00214195 0.999992 0.862692
0.999999 -0.00330242 -0.0015131 0.00434754 0.0033038 0.999996 0.00190123 0.00451795 0.00150715 -0.00190594 0.999997 0.833563
0.999973 -0.00568491 -0.00338539 0.0605683 0.00569526 0.999977 0.00264667 -0.0222984 0.00337004 -0.00266616 0.999992 0.84406
0.999997 0.000858144 -0.00401275 0.0672065 -0.000864696 1 -0.00127965 0.0303533 0.00401192 0.00128342 0.99999 0.873445
0.999959 0.00641685 0.00563972 -0.128836 -0.00642371 0.999977 0.00144141 -0.0818784 -0.00563013 -0.0014782 0.999987 0.832045
0.999991 0.00553576 -0.00123441 0.029736 -0.0055396 0.999986 -0.00202898 -0.0378105 0.00122318 0.00203609 0.999996 0.893643
0.999954 0.00861745 0.00245264 -0.057915 -0.00861515 0.999959 -0.000374112 -0.0190407 -0.00245562 0.000352483 0.999998 0.891274
0.999981 0.00602509 0.003996 -0.0333859 -0.00602806 0.999987 0.000384211 0.00355634 -0.00399378 -0.000407806 0.999991 0.881652
0.99999 0.00288544 0.000621037 0.0286486 -0.00288498 0.999992 0.00135843 0.00100543 -0.000616833 -0.00136083 1 0.894316
1 0.000553845 0.00338319 -0.0188501 -0.000552076 1 -0.000945839 1.83206e-06 -0.00338384 0.000944561 0.999992 0.780071
0.999984 -0.00283363 0.00388893 -0.0302237 0.00284887 0.999988 -0.00358394 0.00289143 -0.00387857 0.0035943 0.999989 0.945763
0.999984 -0.00635565 -0.00183178 0.0559698 0.00635932 0.99998 0.00264892 -0.028709 0.00181463 -0.00265991 0.999992 0.843291
0.999974 -0.0057785 0.00303518 -0.0402997 0.00578456 0.999979 -0.00156374 -0.0113571 -0.00302553 0.00158055 0.999998 0.9306
1 -0.00158237 0.000490085 0.0110772 0.00158204 1 -0.00199836 0.0190657 -0.000487382 0.00199983 0.999995 0.906522
0.999991 0.00250072 -0.00125069 0.02568 -0.00249527 0.99999 0.00325926 -0.0143531 0.00125942 -0.00325687 0.999996 0.843626
1.00001 0.00108881 -0.000735604 -0.00236936 -0.00108478 0.999976 0.00709876 -0.0462302 0.000742742 -0.00709724 0.999973 0.850468
0.999989 0.00335139 -0.00104948 0.0310418 -0.00334587 0.999985 0.00399979 -0.0143172 0.00106335 -0.00399687 0.999995 0.85016
1 -0.00316399 0.000736049 -0.00285132 0.0031666 0.999983 -0.00539728 -0.0363822 -0.000719724 0.00540018 0.999985 0.892049
0.999887 -0.0134795 -0.00588699 0.0729574 0.0133816 0.999771 -0.0165782 -0.00363998 0.0061099 0.016497 0.999847 0.80124
0.999994 -0.00441801 -0.00154017 0.0171917 0.00440277 0.999954 -0.00891752 -0.00444793 0.00157878 0.00891124 0.999958 0.882114
0.999991 -0.00204812 -0.00216336 0.00567785 0.00206803 0.999958 0.00858606 0.0100086 0.0021464 -0.008591 0.999962 0.841
1 -0.000440388 -0.00236197 -0.003782 0.000486763 0.999796 0.0203435 0.00276521 0.00235213 -0.0203443 0.99979 0.909703
0.999981 -0.00337032 -0.00422399 0.0310504 0.00343313 0.999886 0.0145103 -0.0157925 0.00417493 -0.0145251 0.999887 0.880025
0.999981 0.000658066 -0.00721664 0.0917684 -0.000719718 0.999968 -0.00826988 0.0150443 0.00721073 0.00827528 0.99994 0.760167
0.999988 0.00280813 -0.00125049 -0.0236358 -0.00282897 0.999823 -0.0186475 0.0333387 0.00119821 0.0186504 0.999826 0.83324
1 -0.00314642 -0.000216484 -0.0243284 0.00314227 0.999949 -0.009599 0.0277135 0.000246418 0.00959885 0.999954 0.848401
0.999983 -0.00381153 -0.00331425 0.0218733 0.00381137 0.999993 -0.000617634 -0.0155733 0.00331675 0.000604309 0.999995 0.841436
1 -0.000894443 -0.00277521 -0.0123297 0.000894084 0.999999 0.000500967 -0.00327203 0.00277462 -0.000502769 0.999995 0.860256
0.999986 -0.000883941 -0.00412232 -0.00867359 0.000876632 0.999998 -0.00221092 0.00793812 0.0041244 0.00220658 0.999989 0.857911
0.99999 0.000943518 -0.00520288 0.00103621 -0.000957103 0.999997 -0.00227244 -0.000652168 0.0052007 0.00227811 0.999985 0.805821
0.999977 0.00522724 -0.00330444 -0.0123386 -0.00522665 0.999987 -0.000357088 -0.00383638 0.0033026 0.000373687 0.999996 0.839517
0.999986 0.00521732 -0.00255445 -0.0156783 -0.00522229 0.999986 -0.00119554 0.000255415 0.00254807 0.00120948 0.999995 0.840212
0.999994 0.00166502 -0.00230546 0.00377609 -0.00165849 0.999998 0.00202835 -0.0128046 0.00230896 -0.00202515 0.999999 0.800026
1 -0.00104041 -0.00146965 -0.00719695 0.0010451 0.999989 0.00440714 -0.00810759 0.00146494 -0.00440811 0.999988 0.828315
0.999986 -0.00283463 -0.00391662 0.0270687 0.00283478 0.999998 -0.000428129 0.00062917 0.00391794 0.000416412 0.999994 0.839171
0.999994 -0.00324096 -0.00265927 -0.00385875 0.00322857 0.999985 -0.00393036 -0.00743816 0.00267183 0.0039224 0.999986 0.836577
0.999968 -0.00567464 -0.00523003 0.00293033 0.00565466 0.999978 -0.00418197 -0.000968639 0.00525374 0.0041515 0.999981 0.823749
0.999971 -0.00368415 -0.00685613 -0.00850727 0.00366862 0.999989 -0.00199207 0.0107192 0.00686337 0.00196755 0.999972 0.818896
0.999965 -0.00102211 -0.00808617 0.0114213 0.00103778 1 0.00169953 0.0573638 0.00808448 -0.00170858 0.999969 0.805424
0.999966 -0.00152176 -0.00831155 0.0234964 0.00157968 0.999968 0.00718948 0.00971555 0.00830043 -0.00720176 0.999936 0.825892
0.999993 -0.00199409 -0.00260979 -0.0327389 0.00201543 0.999977 0.00752162 0.0225932 0.00259475 -0.00752751 0.999973 0.862463
0.99997 0.00731682 -0.00327057 -0.0403182 -0.00731325 0.999965 0.00167002 5.9786e-05 0.00328274 -0.00164536 0.99999 0.833799
0.99999 0.00237513 -0.00339353 -0.0363364 -0.00239273 0.999987 -0.00571317 -0.00279661 0.00337995 0.00572058 0.999981 0.869954
0.999991 -0.0011136 -0.00446693 -0.0562944 0.00106621 0.999941 -0.0102004 -0.0161942 0.00447809 0.0101963 0.999934 0.804723
0.99998 -0.00381545 -0.00476549 -0.0386302 0.00379013 0.999983 -0.00568599 0.00127542 0.00478706 0.00566713 0.999978 0.823034
0.999968 -0.000702712 -0.00828075 0.0101563 0.000707893 0.999993 0.000839583 -0.0030906 0.00828032 -0.00084474 0.999961 0.827906
0.999921 0.00732676 -0.00996936 0.0110237 -0.00730014 0.999977 0.00251613 -0.000430108 0.00998736 -0.00244381 0.999952 0.819067
0.999939 0.005562 -0.0097561 0.00432521 -0.00558507 0.999975 -0.00214081 -0.00750605 0.00974423 0.00219583 0.999945 0.861488
0.999942 0.00179251 -0.010519 -0.0103274 -0.00185572 0.999986 -0.0061772 -0.00911465 0.0105076 0.00619572 0.999931 0.835358
0.999961 -0.00192716 -0.00881079 -0.00695717 0.00190119 0.999987 -0.00275306 -0.00668816 0.00881618 0.00273684 0.999952 0.869799
0.999967 0.000697051 -0.00798344 -0.0214725 -0.000676949 1 0.00228979 0.000530208 0.00798487 -0.00228497 0.999971 0.844914
0.999972 0.00375983 -0.00655546 -0.0410613 -0.00372814 0.999973 0.00512755 0.0106453 0.00657476 -0.00510226 0.999959 0.825092
0.99996 0.00428647 -0.00783623 -0.0226253 -0.00425273 0.99999 0.00407249 0.00701801 0.00785346 -0.00403969 0.999967 0.861562
0.999971 -0.00042743 -0.00757676 -0.0161076 0.000436343 0.999992 0.00143695 0.00512276 0.0075763 -0.0014395 0.999964 0.838581
0.999988 -0.00287833 -0.00395334 0.0153148 0.00288338 1 0.000791793 0.00127259 0.00395096 -0.000803896 0.999999 0.815924
0.999996 -0.000972009 -0.00303049 -0.0165947 0.000958542 0.999984 -0.00391752 0.00759491 0.00303427 0.00391528 0.999981 0.826062
0.999981 0.00411138 -0.00483788 -0.00684156 -0.00414613 0.999972 -0.00754498 0.0123184 0.00480686 0.00756429 0.999969 0.846742
0.999978 0.0058335 -0.00308556 -0.0205143 -0.00586706 0.999919 -0.0105734 0.026189 0.00302347 0.0105919 0.999933 0.818361
0.999988 -0.00236082 -0.00451698 0.0111509 0.00235106 1 -0.00243715 0.0109583 0.00452294 0.00242588 0.999994 0.860013
0.999995 0.00210426 -0.00257683 -0.0218456 -0.00209068 0.999974 0.00567318 -0.00237271 0.00258853 -0.00566712 0.999974 0.831516
0.999994 0.00237639 -0.002538 -0.00829767 -0.00235011 0.999956 0.00984622 4.26775e-05 0.00256143 -0.00984077 0.999956 0.871173
0.999987 0.000920265 -0.00492154 -0.000278233 -0.000888034 0.99997 0.00678768 -0.0106026 0.00492755 -0.00678272 0.999959 0.834959
0.999982 -0.00434929 -0.00447895 -0.014238 0.0043321 0.999989 -0.00415554 -0.00830045 0.0044969 0.0041355 0.999989 0.84802
0.99987 -0.0151292 -0.00560523 0.021158 0.0150551 0.999796 -0.0127999 0.0125668 0.00579769 0.0127141 0.999897 0.783685
0.999946 -0.00726758 -0.00755032 -0.0147112 0.00718113 0.999919 -0.011595 0.0911777 0.00763417 0.0115397 0.999911 0.844975
0.999976 0.00528954 -0.00446191 -0.0748273 -0.00528955 0.999975 0.00033679 -0.00191791 0.00446333 -0.000312895 0.999985 0.798708
0.999991 0.000110506 -0.00451116 -0.056172 -7.65775e-05 0.999985 0.00721346 -0.0273644 0.0045121 -0.00721356 0.999968 0.83847
0.999949 -0.00469208 -0.00875552 0.0201791 0.00473182 0.999967 0.0046782 -0.0258388 0.00873316 -0.00471905 0.999946 0.820743
0.999953 -0.00859562 -0.00499641 -0.0241776 0.00861643 0.999966 0.00388489 -0.0109222 0.00496304 -0.00392808 0.999986 0.769019
0.999958 -0.00557845 -0.00702987 -0.00244484 0.00557097 0.999974 -0.000909175 -0.0064428 0.00703471 0.00087017 0.999971 0.891871
0.999971 -0.0033275 -0.00714239 0.00417589 0.00327064 0.999972 -0.00814977 -0.00310303 0.0071694 0.00812597 0.999947 0.853616
0.999933 -0.00866626 -0.0075798 -0.000449332 0.0085886 0.999902 -0.0100538 -0.0134076 0.00766613 0.00998818 0.999916 0.85271
0.999875 -0.0128045 -0.00963228 0.0691976 0.0127554 0.999914 -0.00525785 0.0151489 0.00969879 0.00513417 0.999944 0.802613
0.999977 0.00349335 -0.00533225 -0.0397431 -0.00345771 0.999962 0.00693337 0.00477838 0.00535617 -0.00691459 0.999958 0.903324
0.99993 0.010667 -0.00559045 -0.0351889 -0.0105882 0.999858 0.0137066 -0.00814894 0.00573599 -0.0136467 0.999894 0.910865
