1 0.000689438 0.000845976 0.00246228 -0.000685899 0.999991 -0.0041453 -0.00741351 -0.00084874 0.00414478 0.999991 0.988006
0.999998 -0.00205474 0.00103005 0.0161894 0.00205993 0.999986 -0.0051413 -0.0061958 -0.00101945 0.00514337 0.999987 1.93095
0.999994 -0.0033847 0.0010849 0.0191651 0.0033863 0.999993 -0.00155422 -0.000597563 -0.00107951 0.00155795 0.999999 2.89406
0.999978 -0.00698537 -0.00100056 0.0422312 0.0069895 0.999969 0.00410504 0.00255061 0.000971868 -0.00411206 0.999993 3.84615
0.999947 -0.0100921 -0.00243398 0.0426916 0.0101023 0.99994 0.00427749 0.00329691 0.0023909 -0.0043018 0.999989 4.81866
0.999909 -0.0130504 -0.00448685 0.049342 0.0130563 0.999916 0.00128951 0.0168149 0.00446969 -0.00134821 0.999992 5.77777
0.999891 -0.0138332 -0.00533866 0.0488865 0.0138205 0.999902 -0.00235178 0.0186425 0.00537086 0.00227773 0.999985 6.71173
0.999888 -0.013977 -0.00600987 0.0348545 0.0139567 0.999899 -0.00339853 0.031417 0.00605677 0.00331398 0.99998 7.64961
0.999874 -0.0138291 -0.00804196 0.0331594 0.0138179 0.999905 -0.00140091 0.030748 0.00806074 0.00128955 0.999969 8.59363
0.999868 -0.0133675 -0.00954592 0.0300838 0.013382 0.999912 0.00145521 0.0330353 0.00952559 -0.00158304 0.999957 9.53482
0.999842 -0.014176 -0.010871 0.0192171 0.0142088 0.999896 0.00298316 0.037045 0.0108278 -0.00313718 0.999939 10.4859
0.999825 -0.0153921 -0.011011 0.00574544 0.0154309 0.999878 0.00345778 0.0461349 0.0109563 -0.00362737 0.999938 11.417
0.999795 -0.0161926 -0.012287 -0.00422628 0.0162304 0.999865 0.00301225 0.0602417 0.0122368 -0.00321115 0.999923 12.3438
0.99978 -0.0167079 -0.0130157 -0.015418 0.0167268 0.999863 0.00136445 0.0685483 0.0129908 -0.00158218 0.99992 13.268
0.999743 -0.017226 -0.0148947 -0.0275057 0.0172159 0.999853 -0.000778935 0.072758 0.0149062 0.000522222 0.999893 14.2331
0.999685 -0.0185131 -0.0171918 -0.0332949 0.0184786 0.999831 -0.00215224 0.0724356 0.0172285 0.00183353 0.999856 15.1582
0.999645 -0.018195 -0.0196046 -0.0442747 0.018141 0.999832 -0.00290602 0.0704998 0.0196544 0.00254926 0.999808 16.0849
0.999628 -0.0167083 -0.021756 -0.0589315 0.0166276 0.999858 -0.00386768 0.0705289 0.0218172 0.00350416 0.999762 16.9868
0.999601 -0.0150028 -0.0240453 -0.0767954 0.0149121 0.999882 -0.00392995 0.0711068 0.0241018 0.00356973 0.999707 17.8854
0.999536 -0.0158579 -0.0261655 -0.0929969 0.0157882 0.999874 -0.00285065 0.0643981 0.026207 0.00243585 0.999661 18.7859
0.999491 -0.0153231 -0.0280714 -0.11929 0.0152878 0.999883 -0.00145878 0.0606166 0.0280908 0.00102873 0.999609 19.7154
0.999449 -0.0151281 -0.0296764 -0.147879 0.0151292 0.999889 -0.000173277 0.0524656 0.0296754 -0.000276167 0.999567 20.6167
0.999379 -0.016068 -0.0314605 -0.175823 0.0160776 0.999872 6.31474e-05 0.0473807 0.0314558 -0.0005691 0.99951 21.5122
0.999344 -0.0161964 -0.0325395 -0.218301 0.0162139 0.999871 0.000287316 0.038707 0.0325304 -0.000815096 0.999479 22.4094
0.999355 -0.01604 -0.0322226 -0.275718 0.0160744 0.999872 0.000826597 0.0367562 0.0322056 -0.00134416 0.999486 23.2822
0.999342 -0.0158503 -0.0327963 -0.315481 0.0159435 0.999873 0.00259976 0.0396394 0.0327507 -0.0031214 0.999467 24.1551
0.999286 -0.0168066 -0.0339317 -0.340359 0.0169973 0.999843 0.00536039 0.0409096 0.0338365 -0.00593359 0.999416 25.0258
0.999239 -0.0164297 -0.0355399 -0.362932 0.0166944 0.999838 0.00717961 0.0374846 0.035416 -0.00776789 0.999352 25.8932
0.999184 -0.0162961 -0.0370671 -0.387293 0.0165168 0.999849 0.00567058 0.046533 0.0369693 -0.00627837 0.999303 26.7514
0.999093 -0.0146603 -0.0401349 -0.400063 0.0148147 0.999888 0.0035638 0.0445193 0.0400778 -0.00415565 0.999198 27.5905
0.999032 -0.014624 -0.0415875 -0.431834 0.0147151 0.999891 0.0018969 0.0478358 0.0415555 -0.00250726 0.99914 28.4143
0.999002 -0.0137654 -0.0426521 -0.466189 0.0138539 0.999906 0.00179035 0.0463441 0.0426233 -0.00237998 0.999099 29.2425
0.998958 -0.0143703 -0.0434244 -0.513324 0.0144719 0.999894 0.00203298 0.0343643 0.043391 -0.00265963 0.999062 30.0428
0.998904 -0.014185 -0.0447616 -0.55514 0.0142834 0.999899 0.00189027 0.0220188 0.0447302 -0.00252803 0.999007 30.8369
0.998846 -0.0138211 -0.0461051 -0.603137 0.0138951 0.999905 0.00129301 0.0335701 0.0460833 -0.00193238 0.998943 31.6184
0.998545 -0.0158829 -0.051667 -0.578826 0.0161041 0.999866 0.00388146 0.0123121 0.0515984 -0.0047083 0.998669 32.3797
0.998444 -0.0164324 -0.0533984 -0.628451 0.0167928 0.999842 0.00631659 0.0141167 0.0532866 -0.00720375 0.998562 33.1269
0.998336 -0.0152502 -0.0557562 -0.670217 0.0156843 0.999853 0.00736647 0.0249936 0.0556358 -0.00822919 0.998429 33.8912
0.998236 -0.0140788 -0.0577862 -0.709984 0.014512 0.999874 0.00708916 0.0364144 0.0576796 -0.00791552 0.998313 34.6366
0.998122 -0.0112424 -0.060356 -0.750852 0.0116256 0.999918 0.00601194 0.0448164 0.0602836 -0.00670286 0.998171 35.3788
0.998024 -0.00957219 -0.0622122 -0.800404 0.00991146 0.999942 0.00515465 0.0517901 0.0621599 -0.00576139 0.99806 36.0961
0.997936 -0.00893938 -0.0637214 -0.850451 0.00934752 0.999941 0.00611969 0.0605151 0.0636631 -0.00670324 0.997963 36.8107
0.997898 -0.00763138 -0.0644569 -0.906447 0.00815771 0.999939 0.00791315 0.0664714 0.0643933 -0.0084227 0.997899 37.5239
0.997931 -0.00488332 -0.0642466 -0.962943 0.00542857 0.999955 0.00832326 0.0708971 0.0642031 -0.00865537 0.997913 38.2109
0.998026 -0.00150643 -0.0628981 -1.01722 0.00188877 0.999984 0.00602402 0.076688 0.0628887 -0.00613131 0.998012 38.8936
0.998098 -0.000326552 -0.0617892 -1.05106 0.000544997 0.999997 0.00352719 0.0716771 0.061788 -0.00355473 0.998096 39.5784
0.998247 7.51504e-05 -0.0593204 -1.10008 4.86262e-05 1 0.00208995 0.0729671 0.0593214 -0.00208956 0.998248 40.2455
0.998406 0.00113955 -0.056586 -1.13409 -0.000991601 1 0.00265084 0.0855184 0.0565891 -0.00259108 0.998408 40.9274
0.998551 0.00594019 -0.0536222 -1.17366 -0.00567923 0.999974 0.00502338 0.0917423 0.0536515 -0.004712 0.99856 41.5962
0.998739 0.0101147 -0.0493897 -1.22244 -0.00969863 0.999919 0.00866717 0.0911352 0.0494734 -0.0081778 0.998757 42.2056
0.998919 0.0149273 -0.04422 -1.26776 -0.0145296 0.999854 0.00930647 0.10365 0.0443533 -0.00865444 0.998989 42.8463
0.999122 0.0183943 -0.0379216 -1.31071 -0.0180688 0.999801 0.00892292 0.122699 0.0380782 -0.00823044 0.999256 43.4472
0.999267 0.0221448 -0.0315106 -1.34682 -0.0218116 0.999706 0.0108859 0.129249 0.0317431 -0.0101912 0.999455 44.0089
0.999335 0.0274312 -0.0244646 -1.37341 -0.0271447 0.999564 0.0119861 0.133005 0.0247827 -0.0113146 0.999644 44.5765
0.999388 0.0312762 -0.0161814 -1.4071 -0.0310892 0.999452 0.0116918 0.13551 0.0165389 -0.0111821 0.999812 45.1219
0.999379 0.0341325 -0.00991435 -1.39497 -0.0340124 0.999353 0.0120764 0.135423 0.0103201 -0.0117322 0.999894 45.6418
0.99926 0.0386846 -0.000297392 -1.45176 -0.0386793 0.999198 0.0107518 0.154195 0.000713619 -0.0107329 0.999954 46.1595
0.999072 0.0426226 0.00772618 -1.46588 -0.0426786 0.999069 0.00715235 0.172169 -0.00741419 -0.00747612 0.999963 46.6421
0.998879 0.0445799 0.0164823 -1.47344 -0.0446494 0.998998 0.00386258 0.177877 -0.016293 -0.00459462 0.999869 47.1156
0.998719 0.0448168 0.023946 -1.45585 -0.0449089 0.998991 0.00329503 0.190617 -0.0237743 -0.00436691 0.999726 47.537
0.998512 0.0440596 0.0324531 -1.45099 -0.0442234 0.999015 0.004341 0.196204 -0.0322294 -0.00577011 0.999477 47.9278
0.998112 0.045977 0.0410144 -1.44736 -0.046193 0.99893 0.00431983 0.211043 -0.0407721 -0.0062069 0.999169 48.2974
0.997476 0.0496396 0.0509689 -1.45727 -0.0499204 0.998747 0.00424992 0.221607 -0.050694 -0.00678408 0.998705 48.6259
0.996755 0.0538252 0.0600629 -1.45248 -0.0541339 0.998535 0.00351288 0.225831 -0.0597862 -0.0067536 0.998208 48.9217
0.995904 0.057201 0.0701863 -1.46289 -0.0574306 0.998353 0.00125182 0.275428 -0.0699992 -0.00527829 0.997548 49.2424
0.995248 0.0563117 0.0796062 -1.43318 -0.0566112 0.998402 0.00150078 0.28616 -0.0793951 -0.00600106 0.996846 49.509
0.993749 0.0556472 0.0969028 -1.57002 -0.0560298 0.998432 0.00122421 0.24541 -0.0966831 -0.00664697 0.995309 49.779
0.992884 0.0521424 0.107196 -1.4855 -0.0519761 0.998648 -0.00435238 0.284036 -0.107278 -0.00125123 0.99425 49.9515
0.991052 0.0504053 0.123692 -1.54205 -0.049433 0.998721 -0.0109242 0.351799 -0.124086 0.00471104 0.992277 50.181
0.9889 0.0496798 0.140142 -1.53977 -0.0479733 0.998737 -0.0155352 0.415408 -0.140737 0.00863848 0.990033 50.3741
0.986241 0.0513528 0.157216 -1.51506 -0.0494165 0.99865 -0.0162076 0.401981 -0.157837 0.00821459 0.987449 50.6021
0.983205 0.0515796 0.175156 -1.48227 -0.0491869 0.998635 -0.0179806 0.41765 -0.175845 0.00906196 0.984402 50.8803
0.979995 0.0502866 0.192634 -1.41003 -0.0473358 0.998684 -0.0198973 0.435207 -0.193381 0.0103798 0.981088 51.0887
0.976255 0.0491748 0.21105 -1.32577 -0.0459472 0.998746 -0.0201757 0.433204 -0.211778 0.00999819 0.977292 51.2849
0.971949 0.0489812 0.230094 -1.23358 -0.0454624 0.998757 -0.0205761 0.417962 -0.230817 0.0095373 0.97297 51.4935
0.966681 0.0511364 0.250895 -1.14589 -0.0467988 0.998641 -0.0232313 0.430461 -0.251742 0.0107144 0.967762 51.7711
0.960756 0.05228 0.272474 -1.02741 -0.0472544 0.998573 -0.0249812 0.425402 -0.273393 0.0111243 0.961857 52.0104
0.953672 0.0530814 0.296187 -0.920257 -0.0477741 0.99855 -0.0251348 0.409894 -0.297092 0.00981904 0.954826 52.2444
0.945612 0.0548489 0.320682 -0.78376 -0.0495438 0.998469 -0.0246887 0.387275 -0.321547 0.00745723 0.946884 52.4972
0.93613 0.056564 0.34713 -0.653408 -0.0509131 0.998387 -0.0253879 0.381296 -0.348006 0.00609163 0.937501 52.7464
0.925599 0.0568369 0.374252 -0.491985 -0.0507529 0.998373 -0.0261035 0.372996 -0.375129 0.00516602 0.926979 53.0049
0.913745 0.0548086 0.402622 -0.302764 -0.0477406 0.998485 -0.02758 0.361661 -0.403524 0.00597831 0.914979 53.2664
0.899859 0.051954 0.433108 -0.096164 -0.043396 0.998622 -0.0296318 0.349734 -0.434053 0.00786828 0.900875 53.5022
0.883689 0.0502108 0.465416 0.131903 -0.0397585 0.998695 -0.0322568 0.322524 -0.466429 0.0099993 0.884534 53.7517
0.865792 0.0510263 0.497824 0.379744 -0.0385624 0.998636 -0.0352964 0.29365 -0.498949 0.011361 0.866581 54.0023
0.846029 0.0520602 0.530628 0.633947 -0.037613 0.998576 -0.0380044 0.269458 -0.53185 0.0121929 0.846784 54.2226
0.824386 0.054182 0.563455 0.914921 -0.0385623 0.998475 -0.0395966 0.237147 -0.564744 0.0109137 0.825219 54.4052
0.800251 0.0575872 0.596928 1.21463 -0.041061 0.99831 -0.0412659 0.224746 -0.598294 0.00851117 0.801268 54.6115
0.773917 0.0613652 0.63033 1.54288 -0.0443365 0.998106 -0.0427363 0.203128 -0.631762 0.00512662 0.775174 54.8233
0.744581 0.0625328 0.664629 1.86594 -0.044365 0.998044 -0.0442038 0.187568 -0.66609 0.00342573 0.745902 55.0034
0.711205 0.0588683 0.700535 2.15266 -0.0400202 0.998265 -0.0432604 0.154237 -0.701871 0.00273027 0.712329 55.18
0.674242 0.0575291 0.736296 2.47207 -0.0380252 0.998349 -0.0431865 0.12914 -0.737563 0.00111898 0.675321 55.3896
0.633943 0.0559681 0.771371 2.76542 -0.0355024 0.998436 -0.0432684 0.102423 -0.772591 4.2964e-05 0.634939 55.5902
0.58971 0.0565273 0.805664 3.17166 -0.0333 0.998407 -0.0456795 0.0938453 -0.806961 0.000107584 0.590656 55.8163
0.541966 0.0557107 0.838568 3.56158 -0.0306163 0.998451 -0.0465475 0.0812611 -0.839867 -0.000447797 0.542833 56.0612
0.494546 0.0526207 0.867585 4.00213 -0.0285357 0.998616 -0.044305 0.0478705 -0.868714 -0.0028475 0.495367 56.2759
0.446056 0.0499638 0.893625 4.45525 -0.0296254 0.998722 -0.0410544 0.0160177 -0.894539 -0.00816264 0.446967 56.468
0.397182 0.050057 0.916401 4.91086 -0.0327177 0.998655 -0.0403726 0.00855699 -0.917189 -0.0139484 0.398288 56.6367
0.349047 0.0503432 0.935767 5.42594 -0.031481 0.998627 -0.0419842 -0.00281273 -0.9366 -0.0148057 0.350153 56.7991
0.303416 0.0465736 0.951747 5.88821 -0.0202654 0.998901 -0.0424233 -0.0171777 -0.952675 -0.00641673 0.304029 56.8853
0.260502 0.0398943 0.964663 6.37376 -0.00774987 0.999204 -0.0392319 -0.0397527 -0.965466 0.00274287 0.260605 56.9491
0.219886 0.0390107 0.974772 6.9062 0.000203706 0.999206 -0.0400373 -0.0504059 -0.975558 0.00900112 0.219704 57.0038
0.18364 0.0405676 0.98217 7.49488 0.00155465 0.999139 -0.0415611 -0.0687375 -0.983016 0.0091581 0.183419 57.0745
0.15268 0.0408615 0.987457 8.01706 0.00918013 0.999051 -0.0427634 -0.0877681 -0.988265 0.015593 0.152161 57.0923
0.125334 0.039144 0.991357 8.56618 0.0151142 0.999034 -0.04136 -0.108097 -0.992023 0.0201664 0.124622 57.1049
0.101167 0.0369985 0.994208 9.16804 0.0224896 0.998976 -0.0394671 -0.124235 -0.994647 0.026351 0.100233 57.14
0.0815389 0.0358526 0.99604 9.75872 0.0266033 0.998923 -0.0381362 -0.14032 -0.996339 0.0296066 0.0804981 57.1694
0.0662048 0.0370136 0.997146 10.3611 0.0288325 0.998832 -0.0389933 -0.165246 -0.997421 0.0313306 0.0650615 57.1893
0.0540559 0.0362599 0.997895 10.9507 0.0284561 0.998884 -0.0378393 -0.192671 -0.998156 0.0304408 0.0529647 57.1884
0.042708 0.0366742 0.998442 11.6034 0.0288954 0.99887 -0.0379288 -0.21582 -0.998701 0.030469 0.0416015 57.2169
0.0349752 0.0392808 0.998632 12.242 0.033297 0.998632 -0.0404489 -0.234725 -0.998857 0.0346653 0.0336203 57.2129
0.0285018 0.0407071 0.998793 12.8778 0.0374863 0.998433 -0.041765 -0.255938 -0.998922 0.0386303 0.0269328 57.2226
0.0247037 0.0396365 0.998925 13.5324 0.037689 0.998472 -0.0405526 -0.282594 -0.999009 0.0386495 0.023173 57.223
0.020053 0.0370362 0.999141 14.2162 0.0351957 0.998677 -0.0377282 -0.299851 -0.999211 0.0359209 0.0187246 57.2686
0.0179056 0.0294531 0.999422 14.9072 0.033491 0.998994 -0.0300427 -0.325173 -0.999304 0.0340087 0.0169021 57.2806
0.0173861 0.0232867 0.999606 15.5737 0.0349775 0.999112 -0.0238863 -0.349841 -0.999268 0.0353781 0.0165579 57.2735
0.0177362 0.0199787 0.99966 16.3124 0.0382215 0.999063 -0.0206471 -0.372963 -0.999138 0.038574 0.0169568 57.2686
0.0181512 0.0213135 0.999636 17.0256 0.0415369 0.998904 -0.0220548 -0.397906 -0.999004 0.0419212 0.0172478 57.2762
0.018461 0.0279683 0.999456 17.77 0.0425714 0.998687 -0.0287352 -0.417165 -0.998949 0.043078 0.017247 57.2992
0.0205869 0.0354437 0.999189 18.5213 0.0436772 0.998397 -0.0363183 -0.434273 -0.998867 0.0443885 0.0190075 57.318
0.0214316 0.0356652 0.999152 19.2186 0.045196 0.998314 -0.0366069 -0.455756 -0.998775 0.0459416 0.0197845 57.3533
0.022665 0.0313564 0.999282 19.9852 0.044247 0.998508 -0.0323386 -0.472512 -0.998797 0.0449472 0.0212456 57.3913
0.0241571 0.025107 0.999412 20.7424 0.0436229 0.998713 -0.0261461 -0.491769 -0.998783 0.044228 0.0230318 57.4307
0.0261745 0.0239455 0.999401 21.5574 0.0412634 0.998846 -0.0250157 -0.504521 -0.99884 0.0418922 0.0251582 57.4798
0.0285422 0.0289326 0.999194 22.2518 0.0489305 0.99835 -0.030308 -0.523285 -0.998422 0.0497552 0.0270804 57.4994
0.0318304 0.0341742 0.998939 22.9813 0.0515574 0.998039 -0.0357891 -0.538715 -0.998197 0.0526406 0.030008 57.5126
0.0336314 0.034698 0.998853 23.7372 0.0456773 0.998307 -0.0362192 -0.561811 -0.998418 0.0468421 0.0319906 57.5664
0.0375327 0.0310055 0.998844 24.5221 0.0413199 0.998625 -0.0325543 -0.588645 -0.998476 0.0424928 0.036202 57.6002
0.0410436 0.0271289 0.99881 25.2827 0.0453285 0.998559 -0.028987 -0.617439 -0.998157 0.0464633 0.039756 57.6473
0.0445114 0.0281169 0.998644 25.9528 0.0504278 0.998276 -0.0303571 -0.631224 -0.997771 0.0517092 0.043019 57.647
0.0467783 0.0322732 0.998406 26.7612 0.0498814 0.998163 -0.0346047 -0.665241 -0.997688 0.0514196 0.045084 57.7054
0.0484791 0.032586 0.998323 27.5206 0.0469609 0.998298 -0.0348686 -0.692996 -0.997756 0.0485713 0.0468687 57.8011
0.0522887 0.0318648 0.998146 28.3414 0.0461021 0.998357 -0.0342888 -0.719024 -0.997597 0.0478085 0.0507352 57.8472
0.0564932 0.0283757 0.998031 29.0432 0.0504184 0.99825 -0.0312388 -0.741963 -0.997166 0.0520825 0.0549661 57.8602
0.0597341 0.0279388 0.997846 29.7849 0.0548733 0.998014 -0.0312306 -0.772396 -0.996734 0.0566197 0.058084 57.9042
0.062607 0.0279286 0.997679 30.6336 0.057696 0.997846 -0.0315568 -0.806457 -0.996406 0.0595362 0.0608633 57.9771
0.0656565 0.0280203 0.997472 31.3814 0.0584589 0.99779 -0.0318794 -0.82092 -0.996158 0.0604032 0.0638751 58.0184
0.0694092 0.0269105 0.997257 32.1475 0.0600823 0.99772 -0.0311075 -0.837659 -0.995814 0.0620751 0.0676366 58.0668
0.0729599 0.0255721 0.99703 32.9253 0.0625245 0.997598 -0.0301642 -0.861021 -0.995403 0.0645387 0.0711874 58.1196
0.0765689 0.0266381 0.996741 33.7561 0.0605773 0.997684 -0.0313195 -0.867604 -0.995259 0.0627764 0.0747804 58.1752
0.0801053 0.0287562 0.996395 34.5239 0.0580139 0.997765 -0.0334619 -0.881067 -0.995127 0.0604843 0.0782597 58.236
0.0827552 0.0280462 0.996208 35.2981 0.0597244 0.99768 -0.0330517 -0.910972 -0.994815 0.0622316 0.0808906 58.3116
0.0860448 0.0274485 0.995937 36.0336 0.057662 0.997817 -0.0324843 -0.935668 -0.994652 0.0602219 0.0842759 58.3667
0.0896722 0.0277385 0.995618 36.8237 0.055798 0.997914 -0.0328308 -0.956161 -0.994443 0.0584958 0.0879399 58.4242
0.0932327 0.0278289 0.995279 37.603 0.0527584 0.998077 -0.0328515 -0.980617 -0.994276 0.0555712 0.0915868 58.4951
0.097284 0.0296265 0.994849 38.3745 0.051479 0.99808 -0.0347595 -1.00447 -0.993961 0.0545937 0.0955747 58.5643
0.100033 0.0327141 0.99447 39.2046 0.0501558 0.998034 -0.0378787 -1.03629 -0.99375 0.0536667 0.0981965 58.6709
0.104572 0.0340873 0.993966 39.9452 0.0498621 0.997988 -0.0394738 -1.07264 -0.993303 0.0536873 0.102665 58.7252
0.107506 0.0357994 0.993584 40.7552 0.0439536 0.998214 -0.0407242 -1.10813 -0.993264 0.0480487 0.105742 58.8253
0.110775 0.0346949 0.993273 41.54 0.0400962 0.998433 -0.0393497 -1.1402 -0.993073 0.0441837 0.109212 58.9138
0.114094 0.0349875 0.992879 42.3033 0.0423663 0.998311 -0.0400497 -1.16917 -0.992599 0.046633 0.11242 59.0038
0.118122 0.0360343 0.992379 43.1156 0.0419709 0.998279 -0.0412472 -1.19988 -0.992149 0.0465212 0.116409 59.1037
0.121808 0.0367072 0.9919 43.9264 0.0381954 0.998414 -0.0416411 -1.22927 -0.991851 0.0429571 0.120214 59.2161
0.126354 0.0343727 0.991424 44.7241 0.0372287 0.998544 -0.0393672 -1.25665 -0.991324 0.0418816 0.124893 59.318
0.131649 0.0344356 0.990724 45.5132 0.0376915 0.998512 -0.0397171 -1.28508 -0.990613 0.0425692 0.130156 59.4132
0.137369 0.0379072 0.989831 46.303 0.0344884 0.998491 -0.0430283 -1.31683 -0.989957 0.040046 0.135857 59.5239
0.142581 0.0468103 0.988702 47.1107 0.0326775 0.998127 -0.051971 -1.34796 -0.989278 0.0397168 0.140785 59.6646
0.149565 0.0517718 0.987433 47.878 0.0310753 0.997903 -0.0570309 -1.37329 -0.988302 0.039212 0.147644 59.8029
0.155707 0.0547845 0.98631 48.7219 0.0264056 0.997886 -0.0595983 -1.41689 -0.987485 0.0353222 0.153932 59.9696
0.160878 0.0535039 0.985561 49.5329 0.0228191 0.998075 -0.0579115 -1.45495 -0.986749 0.0318039 0.15935 60.1567
0.167741 0.0520843 0.984482 50.338 0.0227338 0.998147 -0.056683 -1.49077 -0.985604 0.0318873 0.166246 60.3145
0.174233 0.0493485 0.983505 51.1311 0.0221577 0.998308 -0.0540198 -1.5227 -0.984494 0.0312017 0.172847 60.4712
0.18312 0.044022 0.982133 51.9705 0.0206407 0.998618 -0.0486118 -1.55831 -0.982909 0.0291719 0.181959 60.6141
0.190059 0.0371755 0.981106 52.7999 0.018262 0.99899 -0.0413939 -1.58786 -0.981642 0.0257818 0.18919 60.7869
0.196851 0.0344324 0.979857 53.6464 0.0179682 0.999103 -0.0387208 -1.63296 -0.980304 0.0252267 0.196056 60.9732
0.204093 0.0361936 0.97832 54.4319 0.0168653 0.999052 -0.0404821 -1.67158 -0.978846 0.0247593 0.20329 61.1274
0.209178 0.0417661 0.977014 55.2524 0.0175057 0.998781 -0.0464469 -1.71645 -0.977757 0.0268173 0.208192 61.3316
0.213947 0.0447027 0.97586 56.066 0.0162435 0.998666 -0.0493117 -1.75943 -0.97675 0.0263989 0.212937 61.5326
0.218682 0.0475833 0.974664 56.8583 0.0148974 0.998545 -0.052094 -1.80249 -0.975719 0.0259103 0.217655 61.7204
0.225521 0.0478783 0.9731 57.6364 0.0124994 0.998582 -0.0520321 -1.83351 -0.974198 0.023895 0.224604 61.8851
0.231773 0.0453027 0.971744 58.3913 0.0168195 0.998593 -0.0505684 -1.86119 -0.972661 0.0280629 0.230685 62.0414
0.237189 0.0389825 0.97072 59.1589 0.0180551 0.99886 -0.0445271 -1.88945 -0.971336 0.0280851 0.236216 62.2207
0.24089 0.0326591 0.970032 59.9455 0.0163684 0.999169 -0.0377075 -1.92559 -0.970451 0.0249596 0.240155 62.4295
0.245199 0.0292791 0.969069 60.7088 0.0127283 0.999375 -0.0334181 -1.95992 -0.96943 0.0205262 0.244675 62.6311
0.249292 0.0290563 0.968022 61.4282 0.0114957 0.999405 -0.0329617 -1.99077 -0.968397 0.0193434 0.248809 62.8113
0.252933 0.0309236 0.967027 62.163 0.0102264 0.999362 -0.0346352 -2.01781 -0.967469 0.0186473 0.252458 62.9932
0.255118 0.0346484 0.96632 62.8839 0.00604196 0.999296 -0.0374289 -2.05507 -0.966928 0.0153854 0.254729 63.1904
0.258346 0.0383081 0.965331 63.5742 0.00538117 0.999156 -0.0410933 -2.08969 -0.966077 0.0158086 0.257924 63.3636
0.261691 0.0429268 0.964228 64.2657 0.00578372 0.998937 -0.0460446 -2.12132 -0.965172 0.0176243 0.261164 63.5477
0.263861 0.0451187 0.963543 64.9496 0.00706396 0.998803 -0.048707 -2.14591 -0.964575 0.019656 0.263228 63.7287
0.265459 0.0452609 0.963091 65.6423 0.00499879 0.998834 -0.0483214 -2.17072 -0.964148 0.0176395 0.264923 63.9337
0.265485 0.0429638 0.963197 66.2838 0.00643409 0.998921 -0.0463335 -2.18293 -0.964135 0.0184955 0.264924 64.1131
0.265366 0.0419026 0.963269 66.9444 0.00456545 0.999004 -0.0447178 -2.21224 -0.964176 0.0162621 0.26491 64.3068
0.265879 0.0407798 0.963184 67.582 0.00623586 0.999026 -0.0440216 -2.23471 -0.964028 0.0177081 0.265367 64.4679
0.264752 0.0395575 0.963538 68.2297 0.00673251 0.999073 -0.0428693 -2.26395 -0.964332 0.0178346 0.26424 64.647
0.264685 0.0406278 0.963519 68.8574 0.00574163 0.999043 -0.0437059 -2.29021 -0.96436 0.0170979 0.2642 64.7978
0.262329 0.0433815 0.964036 69.481 0.00463801 0.998936 -0.0462171 -2.32187 -0.965007 0.0165932 0.261848 64.9758
0.259821 0.0470587 0.96455 70.0751 0.00681282 0.998713 -0.0505637 -2.34916 -0.965675 0.0197062 0.259168 65.136
0.25801 0.0483531 0.964965 70.6785 0.0100898 0.998573 -0.052738 -2.35737 -0.966129 0.023341 0.257154 65.2931
0.255096 0.0473155 0.965799 71.2679 0.00952684 0.998646 -0.0514442 -2.38346 -0.966911 0.0223217 0.254302 65.4619
0.252036 0.044494 0.966727 71.8464 0.00917437 0.998803 -0.0483654 -2.41043 -0.967714 0.0210567 0.251326 65.622
0.249253 0.0405865 0.96763 72.4211 0.00955514 0.998986 -0.0443659 -2.44022 -0.968434 0.0203016 0.248615 65.7796
0.24718 0.0393241 0.968205 72.9635 0.0138864 0.998946 -0.044121 -2.46328 -0.968911 0.0243484 0.246374 65.9128
0.246213 0.0400809 0.96843 73.5147 0.0181217 0.998796 -0.0459478 -2.48734 -0.96909 0.0288597 0.245192 66.0297
0.243184 0.0415909 0.969123 74.0528 0.0214369 0.998623 -0.0482393 -2.51924 -0.969785 0.0325037 0.241958 66.1634
0.241385 0.0428826 0.969527 74.5939 0.0202743 0.998601 -0.0492192 -2.55578 -0.970261 0.0315342 0.24018 66.2952
0.238544 0.0447154 0.970137 75.1207 0.0191337 0.998547 -0.0507326 -2.59719 -0.970985 0.0306619 0.237343 66.4524
0.23709 0.042303 0.970613 75.6781 0.020479 0.99863 -0.0485295 -2.63899 -0.971316 0.0313799 0.235902 66.5872
0.237598 0.0390789 0.970613 76.247 0.026927 0.99856 -0.0467986 -2.67882 -0.971033 0.0372524 0.236204 66.7185
0.240388 0.0363216 0.970045 76.8063 0.0318595 0.998486 -0.0452849 -2.70852 -0.970198 0.0417878 0.23887 66.8254
0.24315 0.0349155 0.969397 77.3673 0.03451 0.998427 -0.0446202 -2.73921 -0.969417 0.0443006 0.241563 66.9414
0.247066 0.0341241 0.968446 77.9444 0.0324261 0.998548 -0.0434604 -2.77035 -0.968501 0.0421372 0.245604 67.0906
0.251465 0.0346655 0.967282 78.528 0.0313669 0.998561 -0.043944 -2.79687 -0.967401 0.0413883 0.250015 67.2759
0.257905 0.0330274 0.965654 79.0898 0.0332818 0.998538 -0.0430441 -2.81652 -0.965642 0.0432366 0.256432 67.4258
0.264781 0.0331679 0.963776 79.6862 0.0320996 0.998571 -0.0431875 -2.83675 -0.963818 0.0423693 0.263337 67.621
0.273566 0.0312266 0.961394 80.2572 0.0325126 0.998622 -0.0416905 -2.85574 -0.961349 0.0426592 0.272177 67.7709
0.282368 0.031634 0.958823 80.8599 0.0285152 0.998758 -0.0413525 -2.88415 -0.958926 0.039015 0.281114 67.9639
0.292067 0.0312672 0.955935 81.4323 0.0273766 0.998803 -0.0410369 -2.91014 -0.956052 0.0381526 0.290863 68.1357
0.301785 0.034821 0.952779 82.0348 0.0222394 0.998824 -0.0435513 -2.94029 -0.953161 0.0343297 0.300654 68.3406
0.310317 0.0370536 0.94996 82.5969 0.0187766 0.998827 -0.0450965 -2.96344 -0.950493 0.0318283 0.309259 68.5407
0.319788 0.0405204 0.946663 83.2874 0.0137106 0.998803 -0.0473874 -2.99977 -0.947434 0.0281307 0.318848 68.8601
0.330627 0.0424724 0.942855 83.8773 0.0131015 0.998705 -0.049586 -3.01494 -0.943717 0.0287446 0.329644 69.0424
0.340596 0.044066 0.939218 84.5296 0.0100234 0.998695 -0.0504951 -3.03308 -0.9402 0.0266099 0.339709 69.2973
0.350971 0.0441774 0.935394 85.1599 0.00930728 0.998693 -0.0506626 -3.06569 -0.936388 0.0264843 0.350102 69.5383
0.361686 0.0450045 0.931256 85.8206 0.00507682 0.998745 -0.0502417 -3.09866 -0.932331 0.0228969 0.361003 69.8016
0.371711 0.0398934 0.927542 86.4811 0.00627445 0.998966 -0.0454833 -3.12377 -0.928376 0.0227238 0.371077 70.0858
0.383521 0.0324467 0.923006 87.1401 0.0106419 0.999182 -0.0395505 -3.14897 -0.923517 0.0249881 0.38286 70.32
0.393219 0.0278126 0.919076 87.7932 0.0127731 0.999302 -0.0357087 -3.1733 -0.919406 0.0257778 0.392589 70.6163
0.40428 0.0246749 0.914347 88.525 0.0121528 0.999424 -0.0323484 -3.19749 -0.914602 0.0241867 0.403744 70.9385
0.413483 0.0212624 0.910316 89.2113 0.0191293 0.999325 -0.0320339 -3.22037 -0.910361 0.0306559 0.412797 71.2381
0.421817 0.0166143 0.906575 89.904 0.0252167 0.999253 -0.0300501 -3.21929 -0.906378 0.0355333 0.42108 71.5525
0.429046 0.00608132 0.903316 90.6214 0.0358141 0.999098 -0.0237402 -3.23261 -0.902623 0.0425335 0.428441 71.8687
0.435645 0.00236088 0.900163 91.3487 0.0403893 0.998961 -0.0221714 -3.2429 -0.89926 0.0460123 0.435094 72.2081
0.441954 0.00111609 0.897092 92.0495 0.0431375 0.998837 -0.0224982 -3.27996 -0.896053 0.0486377 0.441391 72.5656
0.451032 0.00595762 0.892538 92.8434 0.0448032 0.99859 -0.0293108 -3.32361 -0.891433 0.0532052 0.450125 72.9363
0.455906 0.00913078 0.890037 93.5116 0.0489234 0.9982 -0.0353042 -3.35457 -0.888737 0.0596348 0.454637 73.3209
0.460569 0.0118173 0.887597 94.2479 0.0469604 0.99821 -0.0376621 -3.37887 -0.886434 0.0590242 0.459186 73.7284
0.466257 0.014895 0.884581 94.9309 0.0393797 0.99854 -0.0375747 -3.38531 -0.883827 0.05235 0.464988 74.0635
0.469985 0.0186662 0.882531 95.661 0.0324831 0.998759 -0.0384282 -3.42838 -0.882129 0.0467247 0.468792 74.4917
0.473023 0.0214211 0.880848 96.3882 0.0315326 0.998675 -0.0412238 -3.47632 -0.880542 0.0472714 0.471718 74.9282
0.477103 0.0249588 0.878547 97.1427 0.0281959 0.998675 -0.0436884 -3.53758 -0.878447 0.045612 0.475763 75.3879
0.480584 0.0283667 0.876548 97.8434 0.0246143 0.99867 -0.0458181 -3.5754 -0.876661 0.0435913 0.479243 75.7956
0.484789 0.0273106 0.874259 98.4942 0.023211 0.998785 -0.0440762 -3.60405 -0.874374 0.0416567 0.483563 76.1494
0.489214 0.0243169 0.871884 99.1747 0.02454 0.998855 -0.0416314 -3.63529 -0.871877 0.0417589 0.488053 76.5323
0.493405 0.0219866 0.869577 99.7868 0.0246 0.998953 -0.0392209 -3.65324 -0.869505 0.0407399 0.492344 76.8472
0.498587 0.0220844 0.866618 100.449 0.0238595 0.99897 -0.0391883 -3.66704 -0.86657 0.0402121 0.497543 77.2124
0.502183 0.0250934 0.864453 101.084 0.0217694 0.998921 -0.041648 -3.67852 -0.864541 0.0397299 0.501091 77.5891
0.506158 0.0258546 0.862114 101.687 0.0226369 0.998832 -0.0432493 -3.70223 -0.862203 0.0414027 0.504977 77.9155
0.504518 0.0250161 0.863097 102.255 0.0248599 0.998771 -0.0434851 -3.71748 -0.863099 0.0433918 0.503272 78.3307
0.507707 0.0241496 0.861253 102.882 0.0270048 0.998694 -0.0439269 -3.73778 -0.861166 0.045556 0.506388 78.671
0.511001 0.0240264 0.859303 103.487 0.0267541 0.998706 -0.043839 -3.75632 -0.85922 0.0453878 0.509693 79.0112
0.514503 0.0240569 0.857213 104.065 0.0282534 0.998613 -0.0449872 -3.77298 -0.857083 0.0473613 0.513105 79.3199
0.51708 0.026191 0.855595 104.625 0.0278542 0.998514 -0.0474047 -3.7949 -0.85554 0.0483401 0.515578 79.6514
0.519682 0.0260492 0.854025 105.168 0.0314977 0.998296 -0.0496205 -3.81598 -0.853839 0.0526824 0.517972 79.9698
0.521807 0.0254254 0.852744 105.716 0.0329993 0.998233 -0.0499613 -3.85088 -0.852481 0.054206 0.520042 80.3344
0.524206 0.023467 0.851331 106.246 0.0363318 0.998118 -0.0498886 -3.88022 -0.850876 0.0570779 0.522363 80.6695
0.528376 0.022286 0.848778 106.768 0.0377858 0.998074 -0.0497335 -3.90858 -0.848225 0.0583456 0.526513 80.9624
0.531573 0.0217757 0.846797 107.302 0.0386767 0.998027 -0.0499479 -3.94416 -0.846191 0.0592975 0.529677 81.3174
0.534861 0.0219118 0.844716 107.789 0.0382294 0.998038 -0.0501005 -3.96983 -0.844131 0.0590856 0.53297 81.5979
0.538117 0.0215851 0.84266 108.297 0.0392148 0.997974 -0.05061 -4.00555 -0.842021 0.0602739 0.536175 81.9262
0.542081 0.0224251 0.840088 108.791 0.0387988 0.997936 -0.0516797 -4.04063 -0.839487 0.0606048 0.540088 82.2499
0.546394 0.0221574 0.837301 109.297 0.0411007 0.997762 -0.0532286 -4.07043 -0.836583 0.0634924 0.544255 82.5859
0.551693 0.025701 0.833712 109.781 0.0383022 0.997717 -0.0561079 -4.10914 -0.833224 0.062883 0.549444 82.8932
0.557471 0.0312994 0.829673 110.263 0.034593 0.997571 -0.0608812 -4.14854 -0.82954 0.0626353 0.555029 83.2212
0.563586 0.0383033 0.825231 110.737 0.029045 0.997415 -0.0661369 -4.18895 -0.825604 0.0612385 0.561012 83.5564
0.569301 0.0444168 0.820996 111.198 0.0245456 0.997202 -0.0709747 -4.22234 -0.821828 0.060553 0.566611 83.8972
0.575235 0.0489383 0.816586 111.669 0.0208399 0.997036 -0.0744388 -4.26347 -0.817781 0.0598334 0.572504 84.2579
0.580912 0.0497883 0.812511 112.154 0.0166761 0.997216 -0.0730338 -4.29704 -0.813862 0.055971 0.578458 84.6193
0.586334 0.0496049 0.808613 112.638 0.0106421 0.997594 -0.0689202 -4.33015 -0.810059 0.0490118 0.584389 84.9955
0.592056 0.047964 0.804538 113.124 0.00439403 0.998046 -0.0627386 -4.36516 -0.805952 0.0406757 0.590682 85.3759
0.597489 0.0467288 0.800579 113.618 -0.00160688 0.998396 -0.0570814 -4.40073 -0.801935 0.0328155 0.5966 85.7828
0.604275 0.0450836 0.795569 114.11 -0.00389442 0.998579 -0.0536345 -4.43072 -0.796833 0.0293078 0.603585 86.1407
0.610673 0.0486427 0.790453 114.61 -0.00884886 0.998496 -0.0546143 -4.46434 -0.791894 0.0263533 0.610179 86.5476
0.616996 0.052611 0.785277 115.12 -0.0119175 0.998299 -0.0575241 -4.48765 -0.786944 0.0261299 0.616567 86.9726
0.622739 0.0555922 0.78052 115.619 -0.0151218 0.998169 -0.0590347 -4.5337 -0.782346 0.0249567 0.622433 87.382
0.62933 0.0577754 0.775061 116.146 -0.0172516 0.998052 -0.0603952 -4.56673 -0.777016 0.0246339 0.629093 87.814
0.636197 0.0586336 0.769364 116.675 -0.0201471 0.998059 -0.0594081 -4.60218 -0.771327 0.0222913 0.636136 88.2545
0.642433 0.060653 0.764013 117.212 -0.0256997 0.998033 -0.0576266 -4.64327 -0.765982 0.017383 0.64272 88.7408
0.649452 0.0586575 0.758208 117.736 -0.0281957 0.99822 -0.05308 -4.70624 -0.759945 0.0130913 0.649942 89.1709
0.656174 0.0564181 0.752575 118.283 -0.0296148 0.998385 -0.0490296 -4.7631 -0.754101 0.00988124 0.656777 89.6797
0.66387 0.0559247 0.745826 118.845 -0.0299059 0.998415 -0.048251 -4.80164 -0.747316 0.00972435 0.664483 90.1862
0.672086 0.0581488 0.738265 119.416 -0.0344902 0.998315 -0.0472384 -4.8388 -0.739744 0.00628209 0.672949 90.7085
0.680508 0.0584629 0.730479 119.976 -0.0348572 0.998293 -0.0474308 -4.86458 -0.73198 0.00681129 0.681377 91.21
0.68728 0.0592147 0.724056 120.535 -0.0367343 0.998257 -0.0467766 -4.89298 -0.72554 0.00554793 0.688247 91.7578
0.691987 0.0580577 0.719649 121.095 -0.0365286 0.998326 -0.0454221 -4.92278 -0.721057 0.00514046 0.692942 92.3223
0.696015 0.0563663 0.715893 121.68 -0.0347663 0.998417 -0.0448158 -4.94897 -0.717262 0.00630035 0.696864 92.8903
0.699979 0.0539582 0.712202 122.262 -0.0311511 0.998527 -0.0450411 -4.96868 -0.713558 0.00933843 0.70062 93.4512
0.703617 0.0498294 0.708914 122.868 -0.025235 0.998689 -0.0451571 -4.9909 -0.71021 0.0138805 0.703941 94.0606
0.707315 0.0420569 0.705728 123.463 -0.01727 0.998987 -0.0422312 -5.04227 -0.706762 0.0176789 0.707316 94.6344
0.710946 0.0350232 0.702459 124.073 -0.0115316 0.999233 -0.0381549 -5.08883 -0.703232 0.019022 0.710795 95.2388
0.713847 0.0292852 0.699771 124.673 -0.00607774 0.999376 -0.0356303 -5.11874 -0.70035 0.0211774 0.713571 95.8432
0.716303 0.0279424 0.697316 125.258 -0.00607771 0.999437 -0.0338118 -5.14732 -0.697844 0.0199777 0.71606 96.4648
0.718593 0.0287611 0.694919 125.853 -0.00642514 0.999405 -0.0347259 -5.17807 -0.695477 0.0204847 0.718342 97.1026
0.721538 0.0331498 0.691668 126.461 -0.0120216 0.99933 -0.0353606 -5.21051 -0.692352 0.0171954 0.721443 97.7709
0.72427 0.0364485 0.688638 127.083 -0.0180251 0.99929 -0.0339398 -5.23697 -0.689359 0.0121649 0.724403 98.4629
0.726507 0.0327839 0.686464 127.661 -0.0180619 0.999455 -0.0286224 -5.27288 -0.687004 0.00839207 0.726693 99.0942
0.730561 0.030175 0.682266 128.289 -0.0212119 0.999572 -0.0215022 -5.29603 -0.682597 0.00123277 0.73088 99.762
0.733615 0.0247919 0.679202 128.898 -0.0203276 0.999716 -0.0145413 -5.31058 -0.679345 -0.00314206 0.7339 100.425
0.737632 0.0200925 0.674992 129.52 -0.017691 0.999818 -0.0104359 -5.32757 -0.675052 -0.00424722 0.737843 101.116
0.741273 0.0160993 0.671102 130.115 -0.0114071 0.999898 -0.0113933 -5.34327 -0.671191 0.000786791 0.741371 101.782
0.745241 0.0124848 0.666768 130.706 -0.00101606 0.999874 -0.0175934 -5.34864 -0.666877 0.0124296 0.745149 102.437
0.748507 0.0129659 0.663093 131.32 0.0050183 0.999698 -0.0252187 -5.36688 -0.663194 0.0221998 0.748205 103.192
0.753566 0.0122554 0.657351 131.954 0.00890797 0.999573 -0.0288548 -5.38321 -0.657397 0.027595 0.753124 103.928
0.758691 0.00806192 0.651496 132.559 0.0115458 0.999628 -0.0258216 -5.39529 -0.651437 0.0271083 0.758305 104.638
0.762688 0.00260789 0.646855 133.174 0.0165185 0.999617 -0.023514 -5.40898 -0.646642 0.0286141 0.762342 105.425
0.767875 -0.00110238 0.640696 133.755 0.0212231 0.999522 -0.0237223 -5.43257 -0.640339 0.0318087 0.767519 106.054
0.770404 -0.000545732 0.637651 134.344 0.0236589 0.999365 -0.0277368 -5.47911 -0.637205 0.0364497 0.769916 106.864
0.774567 0.000441474 0.632591 134.947 0.0236148 0.999311 -0.0296181 -5.48955 -0.632144 0.0378749 0.774011 107.569
0.776674 -0.00317552 0.629992 135.535 0.0264037 0.999303 -0.0275218 -5.52906 -0.629439 0.0380045 0.776203 108.329
0.779687 -0.00919388 0.626205 136.157 0.031345 0.999242 -0.0243628 -5.52865 -0.625481 0.0386187 0.779371 109.037
0.781254 -0.013719 0.624162 136.774 0.0352874 0.999161 -0.0222148 -5.53646 -0.623307 0.0393751 0.781069 109.796
0.782324 -0.0183403 0.622705 137.393 0.0393223 0.999058 -0.0199828 -5.54159 -0.621726 0.0401141 0.782295 110.534
0.782769 -0.0195239 0.622106 137.998 0.0398719 0.999058 -0.0188226 -5.55468 -0.621126 0.0395329 0.782797 111.309
0.782637 -0.0188578 0.622297 138.59 0.0384697 0.999128 -0.0181104 -5.56721 -0.621386 0.0381084 0.782666 112.058
0.782759 -0.0168009 0.622198 139.195 0.0367591 0.999169 -0.0192723 -5.58692 -0.621331 0.0379516 0.782713 112.815
0.781743 -0.0125798 0.623578 139.777 0.0322247 0.999308 -0.0202444 -5.60736 -0.622865 0.0359155 0.781594 113.555
0.780199 -0.0080646 0.625578 140.368 0.0270631 0.999446 -0.0208751 -5.64252 -0.625037 0.0332117 0.779973 114.288
0.779283 -0.00623752 0.626745 140.986 0.023956 0.999548 -0.0198444 -5.65717 -0.626312 0.030474 0.779067 115.061
0.777678 -0.00470871 0.628744 141.592 0.0216143 0.999612 -0.0192552 -5.67268 -0.628383 0.0285592 0.777465 115.8
0.775829 -0.00553418 0.631023 142.191 0.0206842 0.999679 -0.0166687 -5.69099 -0.630702 0.0259797 0.775681 116.521
0.773908 -0.00639951 0.633364 142.803 0.0185313 0.999781 -0.0125487 -5.71479 -0.633118 0.0214439 0.773844 117.271
0.771629 -0.0110425 0.636083 143.405 0.0230877 0.99971 -0.0106575 -5.7222 -0.635754 0.0229047 0.771645 117.976
0.769707 -0.00710816 0.638456 144.01 0.0225537 0.999648 -0.0160678 -5.7315 -0.63809 0.0267623 0.769583 118.67
0.767422 0.00258438 0.641243 144.617 0.0165183 0.999613 -0.0238026 -5.75895 -0.64103 0.0288543 0.767069 119.399
0.76417 0.00688285 0.645074 145.251 0.0150557 0.999511 -0.0285066 -5.79633 -0.644928 0.0314911 0.763681 120.227
0.761981 0.00610766 0.647676 145.813 0.0126266 0.999659 -0.024287 -5.81342 -0.647576 0.0266796 0.761631 120.847
0.758573 0.00469007 0.651667 146.468 0.00950308 0.999819 -0.0182639 -5.83591 -0.651608 0.0200427 0.758379 121.63
0.755524 0.00282032 0.655219 147.08 0.00745559 0.999923 -0.012906 -5.85948 -0.655177 0.0146317 0.755432 122.349
0.752318 0.00244117 0.65889 147.701 0.007679 0.999924 -0.0124787 -5.8741 -0.658844 0.014443 0.75223 123.075
0.750188 -0.000129776 0.661328 148.32 0.00995267 0.999924 -0.0110988 -5.8867 -0.661247 0.0149039 0.750118 123.728
0.748435 -0.00148055 0.663301 148.957 0.0136384 0.999852 -0.0131633 -5.89815 -0.663156 0.0188936 0.748332 124.398
0.746292 -0.00319427 0.665714 149.597 0.0174583 0.999773 -0.0147794 -5.91095 -0.665487 0.0226475 0.746165 125.062
0.742862 -0.00356055 0.669531 150.225 0.0205476 0.999667 -0.0174881 -5.92071 -0.669219 0.0267436 0.742676 125.742
0.739588 -0.0031412 0.673154 150.863 0.0202578 0.999675 -0.0175973 -5.92327 -0.672851 0.0266468 0.739398 126.431
0.734696 -0.000674893 0.678492 151.489 0.0172104 0.999729 -0.0176478 -5.92927 -0.678267 0.0246379 0.734497 127.144
0.729644 -0.000245293 0.683928 152.094 0.0173884 0.999718 -0.0181972 -5.9349 -0.683701 0.0251653 0.72943 127.789
0.72392 0.00266359 0.689973 152.713 0.0134264 0.999782 -0.0179524 -5.96227 -0.689841 0.0222551 0.723715 128.451
0.717695 0.00938634 0.696393 153.35 0.00916201 0.999729 -0.022922 -5.98374 -0.696391 0.022827 0.717402 129.151
0.713188 0.0144559 0.700918 154.016 0.00699256 0.999623 -0.0277372 -5.98848 -0.701026 0.0246782 0.712807 129.811
0.707364 0.016596 0.706752 154.674 0.00715748 0.999539 -0.0306396 -5.99948 -0.706906 0.0267275 0.706908 130.474
0.701501 0.0120763 0.712659 155.343 0.00522376 0.999775 -0.0220891 -6.02248 -0.712737 0.0192135 0.70127 131.118
0.695796 0.00835635 0.718288 156.021 0.000240137 0.999964 -0.0118702 -6.02242 -0.718333 0.00842776 0.695757 131.786
0.688263 0.00354588 0.725545 156.656 0.000586431 1.00002 -0.00544878 -6.03294 -0.725549 0.00417109 0.688263 132.433
0.680661 0.00636556 0.732665 157.338 -0.0064468 1.00001 -0.00270343 -6.03869 -0.732662 -0.00288698 0.680697 133.123
0.672181 0.00853118 0.740429 157.979 -0.00645309 0.999995 -0.00566873 -6.03855 -0.740445 -0.000972124 0.672224 133.738
0.666052 0.00797854 0.745956 158.662 -0.00157607 0.99999 -0.00929262 -6.0523 -0.745996 0.00500963 0.666046 134.307
0.659416 0.015625 0.751705 159.394 -0.00148272 0.999841 -0.0194874 -6.07423 -0.751861 0.0117309 0.659327 134.945
0.651627 0.0174349 0.758432 160.171 0.00119007 0.999746 -0.024009 -6.0653 -0.75863 0.016543 0.65143 135.635
0.645237 0.0133125 0.763955 160.898 0.00345694 0.99982 -0.0203474 -6.07923 -0.764059 0.0157647 0.645068 136.234
0.637838 0.00758707 0.770225 161.624 0.00693144 0.99989 -0.0155936 -6.09216 -0.770229 0.0152804 0.637704 136.823
0.630709 0.00707934 0.776075 162.369 0.00662122 0.999906 -0.0145072 -6.10521 -0.776073 0.0142832 0.630597 137.458
0.623559 0.00851313 0.78182 163.076 0.00473884 0.999918 -0.0146715 -6.12433 -0.78185 0.0128489 0.623457 138.036
0.616663 0.00672114 0.787286 163.863 0.00869785 0.999878 -0.0153541 -6.12466 -0.787261 0.0163109 0.616523 138.7
0.610822 0.00190686 0.791854 164.611 0.0128047 0.999879 -0.0122889 -6.11995 -0.791752 0.0176408 0.610714 139.297
0.605509 -0.00111231 0.795924 165.336 0.0134904 0.999904 -0.00887077 -6.13373 -0.795805 0.0161034 0.60546 139.863
0.600841 -0.00211401 0.799454 166.08 0.0114943 0.999953 -0.00599822 -6.14988 -0.799374 0.0127883 0.600826 140.449
0.596246 -0.000144548 0.802887 166.855 0.0109971 0.999942 -0.00799191 -6.15379 -0.802807 0.0135894 0.596208 141.049
0.593086 0.00258144 0.805222 167.527 0.0121257 0.99989 -0.0121401 -6.14917 -0.805135 0.016959 0.59298 141.505
0.590198 0.00859519 0.807298 168.247 0.0111216 0.999796 -0.018781 -6.1543 -0.807262 0.0200578 0.589978 142.03
0.587023 0.0114329 0.809577 168.996 0.00899896 0.999783 -0.0206475 -6.15951 -0.809607 0.0194008 0.586784 142.605
0.584851 0.00739062 0.811192 169.704 0.00914769 0.999869 -0.0157104 -6.1645 -0.811169 0.0166037 0.584702 143.093
0.582936 -0.000720809 0.812605 170.421 0.0131146 0.999915 -0.0085242 -6.16688 -0.8125 0.0156209 0.582886 143.601
