0.999999 -0.00192932 0.000186344 -0.0274492 0.00192866 0.999994 0.00304454 -0.0211286 -0.000192148 -0.00304446 0.999997 1.60785
0.999997 -0.00249712 0.000490942 -0.0699937 0.00249558 0.999993 0.00301445 -0.0230347 -0.000498405 -0.0030133 0.999997 3.26899
0.999999 -0.00186248 -0.00112456 -0.0659895 0.00186488 0.999997 0.00205887 -0.0335876 0.00112109 -0.00206138 1 4.84086
0.999999 -0.00162146 0.001705 -0.159915 0.0016222 1 -0.000449965 -0.00921339 -0.00170392 0.000452557 1 6.44623
1 -0.00138697 0.000679192 -0.182193 0.00138744 0.999999 -0.000644673 -0.0239975 -0.000677848 0.000645157 1 7.98545
0.999989 -0.00350128 -0.00363558 -0.116216 0.00349789 0.999995 -0.000996345 -0.0324231 0.00363953 0.000983422 0.999996 9.58929
0.999975 -0.00653537 -0.00333483 -0.164047 0.00652327 0.999972 -0.00372873 -0.0252066 0.00335957 0.00370631 0.999993 11.1253
0.999968 -0.00792866 -0.00250805 -0.215914 0.00791756 0.999962 -0.00450322 -0.0335417 0.00254407 0.00448301 0.99999 12.7088
0.999973 -0.00688732 -0.00334102 -0.207431 0.00687123 0.999965 -0.0048969 -0.0659813 0.00337521 0.00487316 0.999987 14.2282
0.99998 -0.00700227 0.000100422 -0.286293 0.007003 0.999962 -0.00564836 -0.0860448 -6.03061e-05 0.00564868 0.999989 15.7498
0.999965 0.0019375 0.00850631 -0.464987 -0.00190746 0.999998 -0.00349153 -0.131099 -0.00851245 0.00347458 0.999964 17.2013
0.999784 0.00778908 0.0194628 -0.639344 -0.00772586 0.999965 -0.003312 -0.143857 -0.0194874 0.00316082 0.999811 18.88
0.999795 0.00858583 0.0184858 -0.624771 -0.00850926 0.99996 -0.00418873 -0.128725 -0.0185203 0.00402999 0.99983 20.4423
0.999723 0.0083378 0.0222438 -0.675375 -0.00823084 0.999956 -0.00488249 -0.147055 -0.0222831 0.00469793 0.99975 21.9496
0.999616 0.00993162 0.0259545 -0.719421 -0.0097865 0.999942 -0.00568491 -0.156616 -0.0260087 0.00542813 0.999658 23.5584
0.999575 0.0120331 0.0267404 -0.716508 -0.011913 0.99992 -0.00463543 -0.192035 -0.0267937 0.0043148 0.999642 25.0554
0.999503 0.0118142 0.0293345 -0.743871 -0.011706 0.99993 -0.00383423 -0.210787 -0.029377 0.00348828 0.999573 26.5603
0.999458 0.0120712 0.0307646 -0.723686 -0.0119099 0.999916 -0.00541463 -0.235516 -0.0308272 0.00504521 0.999521 28.086
0.999249 0.0139961 0.0360134 -0.779536 -0.0136825 0.999873 -0.0089168 -0.23384 -0.036133 0.00841686 0.999319 29.7103
0.999176 0.0127325 0.0386781 -0.822004 -0.0124061 0.999888 -0.00865849 -0.267541 -0.0387839 0.00817138 0.999224 31.1536
0.999081 0.011367 0.0412236 -0.860754 -0.0111415 0.999928 -0.00567459 -0.296887 -0.0412845 0.00520955 0.999142 32.5971
0.999019 0.0103067 0.0431893 -0.839584 -0.0101411 0.999943 -0.00404132 -0.335662 -0.0432285 0.00359928 0.999068 34.0344
0.998811 0.0105039 0.0475393 -0.865143 -0.0102406 0.999938 -0.00575756 -0.346277 -0.0475961 0.00526343 0.998863 35.5439
0.998878 0.00985785 0.0464538 -0.7819 -0.00953072 0.999933 -0.00724967 -0.382899 -0.046522 0.00679867 0.998905 36.9643
0.998687 0.0115755 0.0498585 -0.77455 -0.0111743 0.99991 -0.00830322 -0.408136 -0.0499496 0.00773474 0.998733 38.416
0.998463 0.0132693 0.0539272 -0.771238 -0.012766 0.999878 -0.00966029 -0.432799 -0.0540486 0.0089569 0.998508 39.8587
0.998307 0.0136383 0.0564911 -0.724594 -0.0131709 0.999883 -0.00862519 -0.4678 -0.0566014 0.00786619 0.998377 41.2355
0.998141 0.0146672 0.0593015 -0.686486 -0.0142881 0.999881 -0.00680656 -0.499475 -0.0593942 0.00594647 0.998229 42.5863
0.997906 0.0144898 0.0629516 -0.641035 -0.0142325 0.999896 -0.00451814 -0.549282 -0.0630096 0.00361232 0.998017 43.9339
0.997857 0.0144849 0.0639733 -0.531069 -0.0142274 0.999897 -0.00447365 -0.571978 -0.0640312 0.0035537 0.997956 45.2905
0.997401 0.0149186 0.0704244 -0.50871 -0.0145284 0.999885 -0.00603531 -0.587029 -0.0705052 0.00499617 0.997511 46.6311
0.996782 0.0155418 0.0787724 -0.484671 -0.0148619 0.999854 -0.00920744 -0.598917 -0.0789041 0.00800685 0.996864 47.9922
0.996197 0.0163842 0.0855267 -0.439175 -0.0154848 0.999829 -0.0111568 -0.6283 -0.0856934 0.00978968 0.996286 49.2741
0.995528 0.0161649 0.0931628 -0.371024 -0.015157 0.999826 -0.0115123 -0.648355 -0.093333 0.0100486 0.995596 50.5896
0.995098 0.0161549 0.0975178 -0.243389 -0.0151202 0.999831 -0.0113294 -0.68956 -0.0976831 0.00979912 0.995182 51.8142
0.993898 0.0187942 0.108723 -0.192546 -0.0174789 0.999771 -0.0130323 -0.712431 -0.108943 0.0110524 0.993995 53.09
0.99307 0.0203472 0.115707 -0.0588858 -0.0190006 0.999748 -0.012719 -0.752261 -0.115935 0.010432 0.993214 54.3008
0.992287 0.0194146 0.122455 0.125083 -0.0179614 0.999766 -0.0129543 -0.770736 -0.122678 0.010655 0.992398 55.5397
0.99057 0.0216787 0.135253 0.245838 -0.0200962 0.999723 -0.0130448 -0.795453 -0.135497 0.0102035 0.990739 56.8072
0.988785 0.0228993 0.147585 0.424049 -0.0212495 0.999705 -0.0127404 -0.837126 -0.147833 0.00946149 0.988974 57.9818
0.985818 0.0248951 0.165946 0.550448 -0.02299 0.999658 -0.0133835 -0.858014 -0.166221 0.00937833 0.986062 59.1796
0.982957 0.02618 0.181971 0.763338 -0.0242831 0.999637 -0.0126414 -0.886264 -0.182236 0.00800722 0.983232 60.3611
0.979877 0.0258757 0.197911 0.986001 -0.0238865 0.99965 -0.0124262 -0.917388 -0.198161 0.00744844 0.98016 61.4437
0.974697 0.0263154 0.22197 1.13525 -0.0239082 0.999636 -0.013523 -0.943123 -0.222246 0.00787413 0.974968 62.6447
0.970936 0.0246566 0.238069 1.43761 -0.0219726 0.999676 -0.0139174 -0.988357 -0.238334 0.00828172 0.971168 63.6668
0.966639 0.0213761 0.255243 1.76619 -0.0186079 0.999752 -0.0132528 -1.03821 -0.255464 0.00806135 0.966794 64.6704
0.960045 0.0177576 0.279266 1.99667 -0.0152741 0.999837 -0.0110621 -1.07641 -0.279415 0.00635454 0.960167 65.6937
0.954007 0.0112418 0.299591 2.36578 -0.00865602 0.99993 -0.00995484 -1.10793 -0.299683 0.00690399 0.954028 66.7077
0.94589 0.00633983 0.324413 2.69573 -0.00271961 0.999944 -0.0116075 -1.12606 -0.324466 0.010097 0.945862 67.7399
0.937845 0.00145788 0.347065 3.08385 0.00344016 0.999921 -0.0134936 -1.15309 -0.347059 0.0138491 0.937755 68.7481
0.928132 -0.0017671 0.37224 3.48529 0.00706539 0.999908 -0.0128661 -1.18362 -0.372179 0.0145714 0.928065 69.7155
0.917203 -0.0058503 0.39839 3.91942 0.0117991 0.999872 -0.0124795 -1.19137 -0.398267 0.0161473 0.917142 70.7065
0.905195 -0.0100642 0.424873 4.34271 0.0158402 0.99984 -0.0100605 -1.21847 -0.424699 0.0158367 0.905217 71.5999
0.892512 -0.0128951 0.45085 4.81883 0.0204914 0.999738 -0.0119687 -1.2314 -0.450579 0.0199213 0.892529 72.4794
0.876945 -0.0167784 0.480297 5.25643 0.0278794 0.999501 -0.0159847 -1.28427 -0.479783 0.0274079 0.876982 73.3488
0.862218 -0.020139 0.506145 5.77546 0.0358885 0.999147 -0.0213788 -1.3255 -0.505284 0.0365984 0.862193 74.1844
0.846713 -0.0233567 0.53154 6.25882 0.0421592 0.998858 -0.0232636 -1.3636 -0.530381 0.0421064 0.846737 74.912
0.828581 -0.0234727 0.559386 6.80503 0.0419675 0.998935 -0.0202446 -1.38403 -0.558316 0.0402507 0.828672 75.7256
0.809455 -0.0239794 0.586696 7.44261 0.0401841 0.999103 -0.0146038 -1.40334 -0.585812 0.0353965 0.809699 76.5096
0.786611 -0.026217 0.616902 7.93209 0.0402866 0.99917 -0.00890506 -1.46727 -0.616156 0.0318578 0.787003 77.1956
0.761337 -0.0187348 0.648093 8.51404 0.0360634 0.999277 -0.0134764 -1.48925 -0.647362 0.0336318 0.761468 77.9785
0.735446 -0.010928 0.677503 9.09867 0.0332277 0.99927 -0.0199496 -1.51613 -0.676791 0.0371838 0.735262 78.7017
0.710502 -0.00796013 0.703658 9.78662 0.032975 0.999233 -0.0219903 -1.5305 -0.702933 0.0388267 0.710225 79.3929
0.68507 -0.0108863 0.728404 10.4829 0.035449 0.999223 -0.0184046 -1.55439 -0.727639 0.0384297 0.684914 80.0306
0.658322 -0.0120227 0.75265 11.1856 0.0367512 0.999214 -0.0161826 -1.60949 -0.751852 0.0383134 0.658251 80.6344
0.629783 -0.0102809 0.77671 11.8931 0.0377854 0.999155 -0.0174107 -1.65023 -0.775877 0.0403132 0.629631 81.2461
0.602058 -0.00756734 0.798429 12.6709 0.0383271 0.999097 -0.0194302 -1.67006 -0.797547 0.0422987 0.601809 81.8001
0.572217 -0.00549123 0.820092 13.4143 0.0373439 0.999136 -0.0193651 -1.70161 -0.819279 0.0417065 0.57192 82.339
0.543688 -0.00408828 0.839291 14.2684 0.0385613 0.999074 -0.0201121 -1.72058 -0.838419 0.0432979 0.543347 82.8488
0.512028 0.00311583 0.858971 15.0537 0.0370247 0.999004 -0.0256925 -1.74985 -0.858198 0.0449583 0.511397 83.3489
0.481176 0.012034 0.876556 15.8507 0.0373078 0.99874 -0.0341903 -1.7852 -0.875849 0.049153 0.480125 83.7537
0.451081 0.0214455 0.892233 16.7628 0.0369225 0.998428 -0.0426632 -1.79961 -0.891748 0.0521879 0.449575 84.1511
0.417742 0.0250883 0.908234 17.5939 0.0353042 0.998438 -0.0438173 -1.86433 -0.9079 0.0503677 0.416207 84.5313
0.385406 0.0242998 0.922434 18.4878 0.0342687 0.998608 -0.0406229 -1.90474 -0.922139 0.0472668 0.384033 84.8708
0.350955 0.0228044 0.936129 19.4081 0.0300278 0.998938 -0.035591 -1.94224 -0.93593 0.0405997 0.349901 85.2209
0.31656 0.0242825 0.948269 20.2745 0.0258743 0.9991 -0.0342205 -1.97046 -0.948249 0.0353686 0.315643 85.4793
0.282508 0.0274191 0.958888 21.2099 0.0195601 0.999241 -0.034335 -1.99188 -0.959085 0.0284548 0.281761 85.6997
0.247535 0.0284205 0.968469 22.2059 0.0149694 0.99936 -0.033152 -2.04155 -0.968794 0.0227039 0.246949 85.923
0.212918 0.0274505 0.9767 23.1464 0.0126357 0.999468 -0.0308441 -2.07854 -0.97701 0.0189073 0.212461 86.0718
0.176378 0.0268484 0.983964 24.1114 0.0124092 0.999511 -0.0294958 -2.11641 -0.984276 0.0174129 0.175957 86.2344
0.141625 0.0257246 0.989602 25.079 0.0135399 0.999542 -0.02792 -2.1532 -0.989849 0.0173521 0.141215 86.3624
0.107014 0.0243462 0.993967 25.9728 0.017332 0.999526 -0.0263471 -2.19076 -0.994139 0.0200471 0.106541 86.4364
0.0728216 0.0237462 0.997081 26.9597 0.0259662 0.999355 -0.0256963 -2.22865 -0.99703 0.0277601 0.0721614 86.4873
0.0395287 0.0272718 0.998854 27.9491 0.0285393 0.999212 -0.0284097 -2.26957 -0.998844 0.0296297 0.0387205 86.5066
0.00755393 0.0311062 0.999506 28.9613 0.0292237 0.999105 -0.0313142 -2.31702 -0.999567 0.0294443 0.00664132 86.491
-0.0201583 0.034681 0.999203 29.9203 0.0360621 0.998797 -0.033938 -2.3659 -0.999179 0.0353494 -0.0213824 86.4416
-0.0463053 0.0328536 0.998407 30.8849 0.0378265 0.998824 -0.0311126 -2.40629 -0.998235 0.0363239 -0.0474904 86.4066
-0.0692184 0.0300027 0.997159 31.9154 0.039485 0.998871 -0.027312 -2.44268 -0.996854 0.0374822 -0.0703218 86.3425
-0.0901651 0.0290356 0.995524 32.9461 0.0388222 0.998942 -0.0256187 -2.4599 -0.995195 0.0363369 -0.0911939 86.2827
-0.10667 0.0319952 0.993789 33.9398 0.0408449 0.998805 -0.0277712 -2.5009 -0.99349 0.0376286 -0.107846 86.1717
-0.121543 0.0355223 0.991971 34.9376 0.0440837 0.998592 -0.0303575 -2.55072 -0.991631 0.0400386 -0.122935 86.0439
-0.133855 0.0406203 0.990179 35.9414 0.0487014 0.998247 -0.0343664 -2.59717 -0.989839 0.0436227 -0.135595 85.9108
-0.13971 0.0397532 0.989416 36.9098 0.0553453 0.997971 -0.0322814 -2.70873 -0.988669 0.0502481 -0.141624 85.6946
-0.145845 0.044425 0.988321 37.9003 0.060131 0.997569 -0.0359659 -2.76619 -0.987514 0.0541827 -0.148157 85.5448
-0.149938 0.0488787 0.987508 38.9209 0.0622298 0.99729 -0.0399137 -2.81835 -0.98676 0.0554663 -0.152569 85.3906
-0.152635 0.0522709 0.98691 39.92 0.0637952 0.997065 -0.0429408 -2.87552 -0.986257 0.0564053 -0.155517 85.2193
-0.155775 0.054442 0.986313 40.9395 0.0628211 0.997032 -0.0451113 -2.94378 -0.985818 0.0549326 -0.158729 85.0756
-0.158713 0.0565358 0.985716 41.9319 0.0639931 0.996875 -0.0468707 -3.02429 -0.985283 0.0556393 -0.161831 84.9121
-0.157325 0.0556096 0.986003 42.9176 0.06702 0.99674 -0.0455211 -3.16889 -0.985295 0.0589187 -0.160535 84.6852
-0.161776 0.0556547 0.98527 43.8521 0.0695781 0.996593 -0.0448688 -3.24905 -0.984406 0.0612935 -0.165093 84.5577
-0.164102 0.0549852 0.984935 44.9142 0.0693229 0.996648 -0.0440887 -3.29446 -0.98403 0.0610419 -0.16736 84.3856
-0.164766 0.053199 0.98491 45.9373 0.067985 0.996809 -0.0424673 -3.366 -0.984021 0.0599611 -0.167852 84.176
-0.168636 0.0590223 0.983937 47.0252 0.0674378 0.996587 -0.048223 -3.34806 -0.983397 0.0582207 -0.172037 84.0303
-0.173031 0.0675579 0.982611 48.1525 0.0645287 0.996306 -0.0571351 -3.29483 -0.982835 0.0535197 -0.176746 83.8829
-0.176912 0.0712126 0.981677 49.232 0.0619875 0.996235 -0.0610981 -3.33506 -0.982302 0.0500409 -0.180656 83.7159
-0.177547 0.0734526 0.981382 50.2616 0.059778 0.996202 -0.0637458 -3.42608 -0.982329 0.0473464 -0.181258 83.4909
-0.180362 0.0767442 0.980633 51.2971 0.056523 0.996143 -0.0675628 -3.51454 -0.982006 0.0432405 -0.184 83.3173
-0.182235 0.0807739 0.979949 52.4347 0.052914 0.99601 -0.0722565 -3.55715 -0.981864 0.0386846 -0.185778 83.0764
-0.183892 0.079041 0.979795 53.5087 0.0517047 0.99619 -0.0706603 -3.64252 -0.981616 0.0376642 -0.187274 82.8533
-0.187266 0.0757849 0.9794 54.5927 0.0482413 0.996555 -0.0678873 -3.7087 -0.981158 0.0345339 -0.190272 82.6503
-0.190872 0.0756002 0.978731 55.6583 0.045471 0.996671 -0.068119 -3.77004 -0.980592 0.0315002 -0.19367 82.4423
-0.193563 0.0767178 0.978103 56.7383 0.0443921 0.99663 -0.0693849 -3.84044 -0.980117 0.029989 -0.196312 82.2522
-0.195492 0.0801118 0.977459 57.8453 0.0455988 0.996353 -0.0725414 -3.91259 -0.979676 0.030388 -0.198428 82.0451
-0.196156 0.0839096 0.976996 58.885 0.0463155 0.996042 -0.0762453 -3.98059 -0.979513 0.0302933 -0.199261 81.8466
-0.196549 0.0844751 0.97688 59.9571 0.0456005 0.996021 -0.0769565 -4.07021 -0.979464 0.0294188 -0.199615 81.6291
-0.196471 0.0836285 0.976957 61.0091 0.0422012 0.996183 -0.0767865 -4.15196 -0.979635 0.0261417 -0.199245 81.4146
-0.195768 0.0825062 0.977206 62.0609 0.0381233 0.99637 -0.0764884 -4.25035 -0.979938 0.0222787 -0.198199 81.1737
-0.195893 0.0839922 0.977044 63.2514 0.0334098 0.996349 -0.0789522 -4.33134 -0.98009 0.0171761 -0.197979 80.9361
-0.195708 0.0832854 0.977153 64.3348 0.0293413 0.996467 -0.0790568 -4.43372 -0.980253 0.0131975 -0.197456 80.7045
-0.1946 0.0821328 0.977461 65.4379 0.0267014 0.996595 -0.0784237 -4.53748 -0.980554 0.0108377 -0.196126 80.4608
-0.195845 0.0781518 0.977551 66.5922 0.0258458 0.996914 -0.0745236 -4.60719 -0.980325 0.0106692 -0.197257 80.2463
-0.197282 0.0698454 0.97788 67.6816 0.0285756 0.997479 -0.0654794 -4.6957 -0.979966 0.0150251 -0.198775 80.0396
-0.197654 0.0652347 0.978136 68.8183 0.0336756 0.997678 -0.0597349 -4.7758 -0.979725 0.0211304 -0.199387 79.8124
-0.198905 0.0680001 0.977681 69.8324 0.0426472 0.997279 -0.060686 -4.85537 -0.979126 0.0296236 -0.201259 79.6172
-0.197754 0.0742336 0.977475 70.9731 0.0478604 0.996703 -0.0660133 -4.92638 -0.979117 0.0337253 -0.200651 79.3703
-0.196403 0.079863 0.977293 72.1031 0.051166 0.996191 -0.0711238 -5.01357 -0.979225 0.0360341 -0.199736 79.1234
-0.197061 0.0831958 0.976893 73.1153 0.0525097 0.995892 -0.0742236 -5.10951 -0.979019 0.0366667 -0.200616 78.9228
-0.197661 0.0806787 0.976972 74.2732 0.0493808 0.9962 -0.0722749 -5.19152 -0.979064 0.0339564 -0.200888 78.7027
-0.19931 0.0763463 0.976997 75.3741 0.048175 0.996554 -0.0680488 -5.28258 -0.978788 0.0335007 -0.202296 78.5225
-0.199341 0.074479 0.977127 76.5706 0.0454945 0.996779 -0.0666955 -5.35961 -0.978913 0.0311564 -0.202082 78.2781
-0.202527 0.0738278 0.97653 77.5799 0.0414125 0.996943 -0.0667847 -5.44971 -0.978438 0.0269118 -0.204961 78.084
-0.204479 0.080311 0.975603 78.761 0.0410083 0.996499 -0.0734358 -5.51269 -0.978051 0.0249894 -0.207052 77.8689
-0.204309 0.0828878 0.975433 79.9043 0.0399556 0.99632 -0.0762968 -5.60477 -0.978128 0.0233826 -0.206866 77.6344
-0.203183 0.0817404 0.975757 81.0708 0.0405552 0.9964 -0.0750249 -5.70301 -0.978342 0.0243257 -0.205763 77.3699
-0.204904 0.075254 0.975928 82.2322 0.0416501 0.996844 -0.068125 -5.7955 -0.977934 0.0266848 -0.207389 77.1698
-0.205197 0.0732896 0.976009 83.3898 0.0415464 0.996989 -0.0661312 -5.89542 -0.977881 0.0269763 -0.207622 76.9256
-0.20548 0.0760042 0.97575 84.5703 0.0382804 0.99688 -0.0695917 -5.98174 -0.977952 0.0230485 -0.207746 76.6861
-0.205121 0.0791469 0.975569 85.7783 0.0378422 0.996663 -0.072903 -6.06824 -0.978047 0.0219604 -0.207429 76.4318
-0.203873 0.0785409 0.975887 86.9832 0.0365131 0.996732 -0.0725937 -6.16354 -0.978357 0.0208289 -0.206071 76.1439
-0.201898 0.0744875 0.976607 88.145 0.0363745 0.997028 -0.0685266 -6.27076 -0.978773 0.0216848 -0.204006 75.8699
-0.200836 0.0737907 0.976888 89.3533 0.0367403 0.997064 -0.0677645 -6.35759 -0.978977 0.0222775 -0.202955 75.6143
-0.199261 0.0745726 0.977143 90.5533 0.0387228 0.996963 -0.0681902 -6.44389 -0.979223 0.0242465 -0.201541 75.365
-0.198357 0.0755047 0.977263 91.7415 0.041388 0.996824 -0.0686185 -6.52963 -0.979297 0.0268317 -0.200849 75.1167
-0.197085 0.0749696 0.977554 92.9215 0.041114 0.996869 -0.0681634 -6.62016 -0.979566 0.0267536 -0.199548 74.8756
-0.196746 0.075669 0.977577 94.1486 0.0422296 0.996786 -0.06866 -6.7113 -0.979586 0.0277697 -0.199306 74.6417
-0.195817 0.0738951 0.97789 95.3669 0.0421651 0.99691 -0.0668907 -6.80348 -0.979776 0.0281307 -0.198326 74.3962
-0.194729 0.0746262 0.97806 96.6285 0.0410687 0.996888 -0.0678893 -6.88612 -0.980038 0.0269434 -0.197185 74.1653
-0.193999 0.0728762 0.978329 97.757 0.0423424 0.996969 -0.0658703 -6.99354 -0.980131 0.0286421 -0.196495 73.9235
-0.19429 0.0737783 0.978213 99.0243 0.0396122 0.996985 -0.0673297 -7.08083 -0.980186 0.0256635 -0.196624 73.7197
-0.192703 0.0755162 0.978386 100.227 0.0412426 0.996817 -0.0688176 -7.19111 -0.980433 0.0270859 -0.195203 73.4774
-0.192274 0.075374 0.97849 101.476 0.0383263 0.996903 -0.0692646 -7.26533 -0.980636 0.0241796 -0.194565 73.2472
-0.196204 0.0751875 0.977716 102.675 0.0326527 0.997045 -0.0701234 -7.33573 -0.980063 0.0181631 -0.198077 73.0881
-0.19677 0.0787105 0.977334 103.896 0.0291361 0.996843 -0.0744191 -7.38514 -0.98006 0.0138281 -0.198439 72.8669
-0.19536 0.0784931 0.977626 105.125 0.026697 0.996889 -0.0747071 -7.46778 -0.980413 0.0115016 -0.196846 72.5986
-0.196625 0.0776631 0.977447 106.383 0.0240519 0.996982 -0.0743804 -7.53841 -0.980228 0.00888048 -0.197896 72.3525
-0.198784 0.0765191 0.977092 107.648 0.0211335 0.997092 -0.0737879 -7.64114 -0.97986 0.00597834 -0.199821 72.1155
-0.199897 0.0762132 0.976896 108.922 0.0191264 0.997127 -0.0738809 -7.73795 -0.979673 0.00391224 -0.200776 71.8549
-0.201009 0.0771279 0.97659 110.195 0.0193426 0.997055 -0.0747653 -7.83472 -0.979444 0.00385815 -0.201907 71.5925
-0.202429 0.0760436 0.976388 111.454 0.0191819 0.99714 -0.0736861 -7.9302 -0.979152 0.003809 -0.203305 71.3343
-0.207131 0.0702721 0.975828 112.656 0.0148805 0.99757 -0.0686815 -8.0388 -0.978246 0.000291727 -0.207671 71.0953
-0.210315 0.0707546 0.97512 113.896 0.0147665 0.997536 -0.0691998 -8.12855 -0.977566 -0.000158084 -0.210837 70.8168
-0.215157 0.0751003 0.973731 115.097 0.00920306 0.997194 -0.0748787 -8.24834 -0.976582 -0.00715211 -0.215242 70.5495
-0.222423 0.0792489 0.971774 116.36 0.0108493 0.996873 -0.078816 -8.34211 -0.974935 -0.00699069 -0.222583 70.2851
-0.23146 0.0754532 0.969958 117.642 0.0130804 0.997182 -0.0744521 -8.44846 -0.972804 -0.00454824 -0.231791 69.9881
-0.243829 0.0724636 0.967158 118.812 0.0136674 0.997406 -0.0712877 -8.56312 -0.969767 -0.00416699 -0.244182 69.6984
-0.25681 0.072985 0.963748 119.98 0.0133606 0.997362 -0.0719728 -8.67018 -0.966419 -0.00560997 -0.257102 69.3878
-0.270371 0.0736654 0.959985 121.173 0.0155506 0.997317 -0.0721539 -8.76606 -0.962677 -0.00458352 -0.270785 69.0555
-0.285531 0.0709098 0.95579 122.346 0.0144444 0.997509 -0.0696926 -8.85981 -0.95831 -0.00609657 -0.285837 68.7115
-0.302581 0.0736378 0.950327 123.526 0.0158021 0.997306 -0.0722504 -8.92929 -0.95304 -0.00684807 -0.302921 68.3769
-0.317097 0.0787538 0.945167 124.541 0.0131952 0.996863 -0.078637 -8.96578 -0.948352 -0.0124666 -0.317133 68.0029
-0.32954 0.0862776 0.940245 125.671 0.0129184 0.996179 -0.0868863 -9.00011 -0.944102 -0.0164892 -0.329386 67.5601
-0.345296 0.0849642 0.934689 126.9 0.0110574 0.99624 -0.0864768 -9.10721 -0.93848 -0.0195272 -0.344927 67.136
-0.360935 0.0802774 0.929183 128.119 0.0071692 0.996542 -0.0833158 -9.20689 -0.932612 -0.0234129 -0.360251 66.6994
-0.374627 0.0765492 0.924062 129.272 0.00370519 0.996749 -0.0810713 -9.31555 -0.927222 -0.0269493 -0.37368 66.2115
-0.389049 0.0785284 0.917918 130.453 0.00301215 0.996509 -0.0839789 -9.4195 -0.921262 -0.0299096 -0.387914 65.7336
-0.400821 0.082087 0.912526 131.564 0.00467576 0.996196 -0.0875629 -9.51669 -0.9162 -0.0308318 -0.399666 65.2108
-0.415021 0.0843697 0.905946 132.699 0.00558931 0.995955 -0.0901952 -9.62719 -0.909844 -0.0323718 -0.4138 64.7275
-0.427699 0.0842717 0.900039 133.807 0.00790282 0.996003 -0.0895045 -9.75256 -0.903943 -0.0311697 -0.426641 64.2013
-0.441656 0.082893 0.893404 134.931 0.0080115 0.996094 -0.0884641 -9.86459 -0.897201 -0.0319156 -0.440579 63.6614
-0.454531 0.0810539 0.887094 135.996 0.00833308 0.996243 -0.0867608 -9.99512 -0.89075 -0.0320449 -0.453482 63.1016
-0.468706 0.0824265 0.87956 137.123 0.00698225 0.995998 -0.0896217 -10.1084 -0.88338 -0.0358671 -0.467389 62.5121
-0.484463 0.0842132 0.870808 138.162 0.00738985 0.995763 -0.0921898 -10.2159 -0.87484 -0.0382286 -0.483014 61.9709
-0.497909 0.0856842 0.863046 139.185 0.00874272 0.995599 -0.0938046 -10.3396 -0.86724 -0.0391628 -0.49645 61.3697
-0.51326 0.0881366 0.853757 140.262 0.0118432 0.995394 -0.0956427 -10.4694 -0.858212 -0.0389796 -0.511921 60.79
-0.525001 0.0918822 0.84619 141.274 0.0115738 0.994883 -0.100851 -10.5858 -0.851079 -0.0431554 -0.523358 60.1147
-0.537469 0.094513 0.838034 142.26 0.0127277 0.994544 -0.104006 -10.707 -0.843249 -0.0452344 -0.535719 59.4266
-0.549417 0.0922926 0.8305 143.248 0.0117425 0.994684 -0.102775 -10.831 -0.835523 -0.0467157 -0.547559 58.7267
-0.56295 0.0892827 0.821719 144.237 0.0103456 0.994879 -0.101014 -10.955 -0.826489 -0.0483654 -0.560969 58.007
-0.578882 0.0893138 0.810571 145.267 0.00997267 0.994732 -0.102489 -11.0796 -0.815409 -0.0512468 -0.576702 57.3077
-0.595748 0.0889958 0.798291 146.357 0.00928838 0.994587 -0.103952 -11.2005 -0.803181 -0.0545152 -0.593327 56.5838
-0.609664 0.0872785 0.787908 147.293 0.00892544 0.994661 -0.10328 -11.3447 -0.792669 -0.055935 -0.607165 55.831
-0.624153 0.0863301 0.776591 148.288 0.00775265 0.99456 -0.104336 -11.4851 -0.781333 -0.0591006 -0.621403 55.0477
-0.638009 0.085639 0.765323 149.288 0.00760181 0.994497 -0.104952 -11.6182 -0.770052 -0.0611433 -0.635125 54.2245
-0.652292 0.0831826 0.753467 150.266 0.00767868 0.994684 -0.103171 -11.7529 -0.758002 -0.0615115 -0.649437 53.4051
-0.665776 0.0809756 0.741819 151.218 0.0089016 0.994934 -0.100622 -11.8788 -0.746162 -0.0603893 -0.663099 52.5625
-0.679306 0.0770881 0.729875 152.092 0.00536597 0.995013 -0.100103 -12.0057 -0.733911 -0.0640836 -0.676303 51.7426
-0.691686 0.0769779 0.71816 153.02 0.00627995 0.994954 -0.100605 -12.1303 -0.722237 -0.0650773 -0.688654 50.8385
-0.703355 0.0781046 0.706619 153.881 0.0041374 0.994429 -0.105805 -12.2233 -0.710906 -0.0714936 -0.69973 49.9462
-0.716566 0.080088 0.692987 154.766 0.00418673 0.993911 -0.110543 -12.3334 -0.697576 -0.0763099 -0.71251 49.0573
-0.730422 0.0773947 0.678685 155.653 0.00304811 0.993971 -0.110074 -12.4851 -0.683072 -0.0783304 -0.726222 48.1013
-0.744291 0.072372 0.664007 156.488 0.00284889 0.994495 -0.105206 -12.6308 -0.667922 -0.0764122 -0.740371 47.1615
-0.757934 0.0697962 0.648681 157.271 0.00263866 0.994632 -0.103943 -12.7831 -0.652415 -0.0770684 -0.754015 46.1788
-0.776131 0.0686379 0.626915 158.212 0.00290034 0.994486 -0.105298 -12.8954 -0.630643 -0.0799061 -0.77202 45.206
-0.788212 0.0658908 0.611968 158.899 0.00272413 0.994671 -0.103594 -13.0482 -0.615493 -0.0799851 -0.784152 44.1578
-0.802654 0.0653866 0.592948 159.661 0.00485418 0.994707 -0.103127 -13.1771 -0.596509 -0.0798962 -0.79869 43.1167
-0.816865 0.0682934 0.572882 160.398 0.00874846 0.994374 -0.106073 -13.319 -0.576864 -0.0816331 -0.812827 42.0907
-0.830432 0.0676106 0.553106 161.128 0.0122527 0.994637 -0.103195 -13.4667 -0.557074 -0.0789183 -0.826774 40.9945
-0.843534 0.0703769 0.532564 161.843 0.0169697 0.994432 -0.104541 -13.5825 -0.536918 -0.0791439 -0.839989 39.8964
-0.854335 0.0731849 0.514657 162.46 0.0209861 0.99414 -0.10654 -13.7251 -0.519397 -0.0802192 -0.850829 38.7483
-0.867518 0.0738379 0.492021 163.127 0.0219739 0.993703 -0.110388 -13.8611 -0.497037 -0.0849503 -0.863631 37.6656
-0.878383 0.0747449 0.472201 163.729 0.0253874 0.993652 -0.11007 -14.0075 -0.477391 -0.0846942 -0.874668 36.5057
-0.888087 0.074086 0.453804 164.301 0.0280398 0.993878 -0.107391 -14.147 -0.458947 -0.0826455 -0.884681 35.3541
-0.897176 0.0748363 0.435424 164.866 0.0302801 0.993699 -0.108407 -14.304 -0.440754 -0.084074 -0.89375 34.1541
-0.903974 0.0776191 0.420634 165.361 0.0332267 0.993222 -0.11188 -14.4416 -0.426434 -0.0871575 -0.900379 32.9853
-0.912002 0.0757916 0.403272 165.892 0.0327795 0.993161 -0.112537 -14.6036 -0.409006 -0.089413 -0.90821 31.8097
-0.91779 0.0695608 0.391092 166.26 0.0276549 0.993402 -0.1118 -14.7502 -0.396256 -0.0917897 -0.913611 30.584
-0.923259 0.0653047 0.37875 166.707 0.0265719 0.993998 -0.106627 -15.0366 -0.383404 -0.0883781 -0.919412 29.3325
-0.928327 0.0614795 0.366823 167.161 0.0261191 0.994639 -0.100611 -15.3087 -0.37101 -0.0838158 -0.924909 28.0839
-0.93314 0.0567249 0.355184 167.55 0.0241985 0.995202 -0.0953786 -15.5382 -0.358855 -0.0804047 -0.929992 26.8783
-0.937989 0.0517842 0.34295 167.987 0.0219977 0.995749 -0.0901953 -15.6889 -0.346126 -0.0770564 -0.935088 25.6673
-0.942814 0.048193 0.330006 168.451 0.0209979 0.996173 -0.0855016 -15.8377 -0.332829 -0.0736809 -0.940172 24.423
-0.946764 0.0482119 0.318494 168.859 0.023642 0.996535 -0.0805786 -15.9751 -0.32124 -0.0687574 -0.944571 23.234
-0.949911 0.0520281 0.308369 169.321 0.0279763 0.996303 -0.0819329 -16.101 -0.311457 -0.0692002 -0.947808 21.9563
-0.951694 0.0569524 0.301919 169.687 0.0332806 0.99606 -0.0829937 -16.2174 -0.305421 -0.0689352 -0.94979 20.7573
-0.95299 0.0605316 0.297117 170.091 0.0369092 0.995797 -0.0845061 -16.3584 -0.30095 -0.0695651 -0.951171 19.411
-0.954961 0.0575948 0.291295 170.505 0.0344246 0.995931 -0.0840682 -16.4667 -0.294917 -0.0702525 -0.953009 18.152
-0.956809 0.0503431 0.286559 170.91 0.0283106 0.996407 -0.0805396 -16.5801 -0.28955 -0.0689463 -0.954748 16.8855
-0.958205 0.0442036 0.282865 171.282 0.0228984 0.99674 -0.0782029 -16.7027 -0.285365 -0.0684554 -0.956043 15.6155
-0.959556 0.037382 0.279263 171.652 0.0158733 0.996814 -0.0789083 -16.8236 -0.28129 -0.0712816 -0.957044 14.3466
-0.960459 0.0345117 0.276497 172.009 0.0124182 0.99668 -0.0812766 -16.9413 -0.27835 -0.0746269 -0.957648 13.0861
-0.960926 0.0353786 0.274778 172.365 0.0129522 0.996522 -0.0830268 -17.0671 -0.276726 -0.0762206 -0.957994 11.8543
-0.961059 0.0357753 0.274245 172.732 0.0130124 0.996413 -0.0843919 -17.1971 -0.276246 -0.0775343 -0.958028 10.5782
-0.960851 0.0388194 0.274575 173.086 0.0155264 0.996187 -0.0865239 -17.3127 -0.276853 -0.0788701 -0.957744 9.3221
-0.96051 0.0375354 0.275925 173.444 0.0127407 0.995824 -0.0911262 -17.413 -0.278159 -0.0840093 -0.956928 8.11145
-0.960375 0.0378288 0.27638 173.819 0.0123766 0.995622 -0.0932833 -17.5468 -0.278664 -0.0861623 -0.956592 6.85532
-0.959687 0.0391069 0.278561 174.179 0.013336 0.995565 -0.0938326 -17.6691 -0.28096 -0.0863317 -0.955904 5.60327
-0.958642 0.039326 0.282132 174.536 0.0135367 0.995654 -0.0928035 -17.8158 -0.284519 -0.0851419 -0.954961 4.32998
-0.957153 0.0383274 0.287258 174.899 0.0118305 0.995622 -0.0934325 -17.9371 -0.289545 -0.0860273 -0.953368 3.0733
-0.955012 0.0408841 0.293977 175.237 0.0141187 0.995663 -0.092619 -18.0174 -0.296451 -0.0842974 -0.9514 1.82419
-0.953261 0.0394199 0.299785 175.631 0.0126291 0.995856 -0.0908028 -18.1311 -0.302085 -0.0827691 -0.949761 0.595281
-0.950905 0.0377299 0.307407 176.032 0.0110693 0.996119 -0.0880331 -18.2592 -0.309498 -0.0803042 -0.947584 -0.66116
-0.948481 0.0400372 0.314506 176.468 0.0128365 0.996095 -0.0881044 -18.3894 -0.316767 -0.0795245 -0.945245 -1.92653
-0.945572 0.0406736 0.323088 176.886 0.012741 0.996092 -0.0881232 -18.5201 -0.32537 -0.0792059 -0.942347 -3.15643
-0.942317 0.0440724 0.332005 177.36 0.0145223 0.995812 -0.0909828 -18.6411 -0.334586 -0.0809096 -0.938966 -4.39879
-0.938888 0.0449291 0.341494 177.808 0.0146138 0.995822 -0.0908508 -18.7665 -0.344109 -0.0803038 -0.935574 -5.59981
-0.934519 0.0468063 0.353004 178.253 0.015643 0.995827 -0.0906384 -18.9172 -0.355733 -0.0791781 -0.931308 -6.78171
-0.92952 0.048969 0.365712 178.752 0.0160771 0.995652 -0.0924673 -19.0452 -0.368609 -0.0800662 -0.926215 -8.00205
-0.924513 0.0512723 0.377856 179.24 0.0168763 0.995515 -0.0938012 -19.161 -0.380929 -0.0803404 -0.921189 -9.16545
-0.918204 0.050686 0.393062 179.717 0.0157966 0.995745 -0.0915146 -19.2968 -0.395984 -0.0778147 -0.915049 -10.3771
-0.913138 0.0535525 0.404262 180.28 0.0173248 0.995606 -0.0927622 -19.4165 -0.407406 -0.0776985 -0.910017 -11.5292
-0.906671 0.0554238 0.4184 180.813 0.0188345 0.995731 -0.0911002 -19.562 -0.421618 -0.0747115 -0.903795 -12.7097
-0.900175 0.0549401 0.432185 181.332 0.0175788 0.995856 -0.0899883 -19.7072 -0.435287 -0.0734057 -0.897377 -13.8241
-0.89417 0.0526339 0.444831 181.947 0.0143386 0.995994 -0.0890397 -19.8579 -0.447688 -0.0732323 -0.891294 -14.918
-0.886838 0.0563035 0.458784 182.59 0.0175199 0.996001 -0.0883751 -19.9777 -0.461874 -0.0703332 -0.884245 -16.0956
-0.879527 0.0571003 0.472605 183.215 0.0162683 0.995873 -0.0900582 -20.1017 -0.475748 -0.0715142 -0.87678 -17.1964
-0.86905 0.0640291 0.490705 183.793 0.0266312 0.996275 -0.0828408 -20.2744 -0.494128 -0.0589215 -0.867486 -18.2297
-0.859058 0.0667292 0.507693 184.43 0.0274165 0.996113 -0.0845452 -20.3729 -0.51131 -0.0587051 -0.857502 -19.3157
-0.848553 0.0743489 0.523997 185.108 0.034591 0.995826 -0.0852858 -20.4334 -0.528095 -0.0542411 -0.84755 -20.3446
-0.838764 0.0753474 0.539432 185.88 0.0338105 0.995747 -0.0865249 -20.5792 -0.5436 -0.0543303 -0.837706 -21.4251
-0.826936 0.0858319 0.555838 186.626 0.0494763 0.995628 -0.0801413 -20.746 -0.560228 -0.0387686 -0.827533 -22.2652
-0.815962 0.0902551 0.571185 187.39 0.0544791 0.995418 -0.0794765 -20.8255 -0.575681 -0.0337285 -0.817105 -23.2502
-0.805238 0.0994098 0.584686 188.195 0.0619702 0.99463 -0.083767 -20.8332 -0.589812 -0.0312175 -0.807043 -24.1559
-0.797762 0.0959481 0.595457 189.055 0.0567315 0.994895 -0.0843168 -21.0128 -0.600445 -0.0334796 -0.799098 -24.9463
-0.775394 0.100413 0.623564 189.734 0.0574473 0.994473 -0.0887088 -21.1178 -0.628962 -0.0329602 -0.77685 -25.9759
-0.755778 0.104612 0.646573 190.395 0.0633323 0.994279 -0.0868514 -21.2572 -0.651897 -0.0246884 -0.758046 -26.878
-0.738089 0.104258 0.666714 191.214 0.0609538 0.994326 -0.0880136 -21.3752 -0.672043 -0.0243216 -0.740232 -27.7996
-0.719499 0.104707 0.686703 192.038 0.0598405 0.994312 -0.0889229 -21.4981 -0.692044 -0.0228844 -0.721642 -28.6656
-0.702249 0.104152 0.704381 192.801 0.0535459 0.99424 -0.0936304 -21.5927 -0.710009 -0.0280335 -0.70376 -29.4281
-0.686646 0.0975232 0.720565 193.676 0.048641 0.994976 -0.088322 -21.7952 -0.725494 -0.0255936 -0.687913 -30.1971
-0.66534 0.0970199 0.740317 194.547 0.0472131 0.995077 -0.0879792 -21.9253 -0.745139 -0.0235818 -0.666627 -31.0217
-0.642837 0.0962677 0.760067 195.44 0.0472468 0.995238 -0.0861044 -22.0609 -0.764672 -0.0194376 -0.6443 -31.8123
-0.619417 0.0969566 0.779155 196.364 0.0477932 0.995236 -0.0858541 -22.1933 -0.783695 -0.0159399 -0.621086 -32.5631
-0.595133 0.100608 0.797436 197.319 0.048264 0.994887 -0.0895102 -22.3004 -0.8023 -0.0147808 -0.596927 -33.2901
-0.56988 0.101739 0.815505 198.29 0.0476613 0.994803 -0.0908046 -22.4139 -0.820431 -0.0128787 -0.571758 -33.9766
-0.542957 0.100266 0.83388 199.304 0.0456741 0.994975 -0.0899064 -22.5489 -0.838637 -0.0107266 -0.544794 -34.6656
-0.515101 0.110206 0.850114 200.218 0.0503936 0.993954 -0.0983214 -22.4026 -0.855733 -0.00780455 -0.517537 -35.3388
-0.482713 0.11173 0.868747 201.171 0.0475667 0.993783 -0.10139 -22.5221 -0.874606 -0.0076177 -0.485017 -35.9325
-0.448424 0.118398 0.886053 202.211 0.0745685 0.992774 -0.0949238 -22.8094 -0.890791 0.0235047 -0.454017 -36.5175
-0.413524 0.117409 0.903012 203.248 0.086213 0.992321 -0.08955 -23.0372 -0.906522 0.0408172 -0.420466 -37.0586
-0.383592 0.134027 0.913832 204.42 0.0882046 0.990291 -0.10822 -22.9396 -0.919368 0.0390892 -0.391699 -37.4792
-0.352102 0.134544 0.926359 205.549 0.0831494 0.990272 -0.112233 -23.06 -0.932381 0.0375048 -0.359867 -37.9341
-0.318145 0.133849 0.938651 206.653 0.0817682 0.990253 -0.113497 -23.1999 -0.944597 0.0406403 -0.326004 -38.3332
-0.284434 0.131779 0.949712 207.794 0.0807154 0.990358 -0.113255 -23.3584 -0.955413 0.0444384 -0.292337 -38.6987
-0.249238 0.130736 0.959682 208.924 0.0798284 0.990331 -0.114184 -23.5052 -0.965236 0.0481468 -0.257286 -39.0306
-0.217385 0.131176 0.967346 210.09 0.0765787 0.990242 -0.117082 -23.6373 -0.973199 0.0486212 -0.225324 -39.2836
-0.187179 0.128765 0.973954 211.146 0.0672008 0.990809 -0.118085 -23.8034 -0.980116 0.0433434 -0.194138 -39.5014
-0.151342 0.128885 0.980157 212.303 0.0656407 0.99066 -0.120142 -23.9524 -0.986422 0.0461502 -0.15841 -39.7073
-0.117489 0.130698 0.984541 213.499 0.0611211 0.990454 -0.124195 -24.0921 -0.991285 0.04558 -0.124388 -39.8582
-0.0836343 0.130406 0.988041 214.693 0.0582677 0.990419 -0.125798 -24.249 -0.994916 0.0470439 -0.0904591 -39.9692
-0.0491363 0.129489 0.990467 215.872 0.0547682 0.990498 -0.126783 -24.4125 -0.997385 0.0480117 -0.0557978 -40.0684
-0.0133392 0.129557 0.991596 217.048 0.0516545 0.990411 -0.128718 -24.5786 -0.998703 0.0494972 -0.0199372 -40.1412
0.0212613 0.129046 0.991516 218.251 0.0512846 0.99027 -0.12999 -24.749 -0.998556 0.0536083 0.0143951 -40.1581
0.0547267 0.126252 0.990601 219.423 0.0507935 0.990414 -0.129044 -24.921 -0.997339 0.0573714 0.0477501 -40.1229
0.0847546 0.126695 0.988422 220.607 0.0495081 0.990207 -0.131176 -25.0654 -0.995274 0.0600471 0.0776064 -40.028
0.112651 0.127721 0.985506 221.798 0.0459939 0.990047 -0.133577 -25.2374 -0.992702 0.0603678 0.105612 -39.8754
0.143942 0.126163 0.981621 222.966 0.0466009 0.989959 -0.134076 -25.4251 -0.988594 0.0650376 0.136568 -39.7246
0.173255 0.123642 0.977202 224.134 0.0465931 0.990026 -0.133536 -25.6189 -0.983911 0.0686588 0.165718 -39.5198
0.201166 0.119557 0.972346 225.295 0.046427 0.990334 -0.131381 -25.8316 -0.978565 0.0715667 0.193617 -39.2605
0.232958 0.118246 0.96539 226.481 0.0459597 0.990209 -0.132387 -26.0056 -0.971541 0.0752014 0.225189 -39.0156
0.263044 0.117288 0.957741 227.648 0.0461747 0.990007 -0.133927 -26.1815 -0.963791 0.0794461 0.25494 -38.7225
0.293376 0.114169 0.949279 228.791 0.0454432 0.990133 -0.133137 -26.3787 -0.955062 0.0821884 0.285235 -38.401
0.319589 0.113001 0.940909 229.899 0.04104 0.990373 -0.132887 -26.565 -0.946784 0.0810782 0.311812 -38.0286
0.347066 0.114314 0.930976 231.033 0.037745 0.990116 -0.135659 -26.7193 -0.937233 0.0822125 0.339259 -37.6032
0.37772 0.114967 0.918874 232.167 0.036984 0.989692 -0.139036 -26.9001 -0.925302 0.0864942 0.369507 -37.1919
0.408162 0.116107 0.905629 233.293 0.0353958 0.989201 -0.142786 -27.0791 -0.912382 0.0903246 0.399578 -36.7378
0.436204 0.111986 0.892977 234.332 0.0259538 0.990345 -0.136881 -27.4524 -0.899602 0.0828773 0.429014 -36.3428
0.463117 0.108383 0.879786 235.382 0.0248662 0.990599 -0.135136 -27.6458 -0.886115 0.0844502 0.455997 -35.8255
0.48875 0.104957 0.866215 236.445 0.0240865 0.990831 -0.133655 -27.8178 -0.872225 0.0861807 0.481666 -35.2071
0.511158 0.106088 0.85306 237.481 0.020654 0.990634 -0.135585 -27.9711 -0.859412 0.086914 0.504105 -34.576
0.53193 0.10623 0.840231 238.534 0.0177085 0.990584 -0.136458 -28.1451 -0.846742 0.0874581 0.524964 -33.8753
0.55331 0.104772 0.826511 239.573 0.0153706 0.990689 -0.135886 -28.3162 -0.833014 0.0878805 0.546468 -33.2275
0.574554 0.10173 0.812257 240.621 0.0135452 0.991025 -0.133709 -28.4888 -0.818501 0.0878181 0.56794 -32.5647
0.594436 0.0982329 0.798277 241.681 0.0134439 0.991244 -0.132002 -28.6635 -0.804218 0.0891885 0.587828 -31.8398
0.611234 0.096098 0.785736 242.666 0.0123154 0.991424 -0.130844 -28.8284 -0.791506 0.0896453 0.604727 -31.0642
0.624549 0.0946413 0.775395 243.571 0.0105965 0.991599 -0.129579 -29.0281 -0.781109 0.0891339 0.618214 -30.2595
0.641253 0.0945487 0.761629 244.555 0.00974623 0.991393 -0.131287 -29.1677 -0.767426 0.0916036 0.634729 -29.4653
0.657648 0.0929033 0.747746 245.452 0.0103049 0.991251 -0.132235 -29.3019 -0.753457 0.0946578 0.650851 -28.6927
0.672259 0.0907272 0.734887 246.36 0.00764628 0.991655 -0.129432 -29.4755 -0.740442 0.092623 0.665871 -27.8429
0.684536 0.0882367 0.723798 247.213 0.00634125 0.991979 -0.126942 -29.6552 -0.729161 0.0914751 0.678397 -26.9175
0.701386 0.0855805 0.707786 248.148 0.00548392 0.992188 -0.125413 -29.8294 -0.712937 0.0918368 0.695349 -26.0861
0.714381 0.0842711 0.694855 248.961 0.00508622 0.992162 -0.125572 -30.0194 -0.69996 0.0932292 0.708262 -25.193
0.728796 0.0823366 0.679931 249.892 0.00440694 0.992257 -0.124894 -30.2121 -0.684901 0.0940103 0.722702 -24.259
0.742027 0.0811916 0.665636 250.771 0.00190038 0.992472 -0.123192 -30.4053 -0.670599 0.0926657 0.736194 -23.3244
0.752607 0.0779044 0.65402 251.584 0.00143264 0.992879 -0.119929 -30.5792 -0.658661 0.0911887 0.747046 -22.3491
0.761671 0.0747403 0.64385 252.36 0.00198842 0.993145 -0.117657 -30.7601 -0.648203 0.0908847 0.756207 -21.3448
0.771469 0.0771056 0.631761 253.212 -0.000673978 0.992827 -0.120363 -30.8979 -0.636469 0.0924222 0.765896 -20.2947
0.782544 0.074819 0.618306 254.057 0.00183169 0.992568 -0.122443 -31.065 -0.622844 0.0969374 0.776496 -19.2881
0.791865 0.0722356 0.606598 254.836 0.00176391 0.992803 -0.120543 -31.2385 -0.610903 0.0965148 0.785947 -18.2858
0.800096 0.0676508 0.596277 255.596 0.00485085 0.992954 -0.119183 -31.4022 -0.600116 0.0982378 0.794034 -17.244
0.806998 0.0673993 0.586891 256.354 0.00359691 0.992984 -0.118996 -31.5898 -0.590759 0.0981317 0.801001 -16.183
0.811965 0.0656981 0.580236 257.099 0.00414698 0.993068 -0.118263 -31.754 -0.583962 0.0984193 0.805966 -15.0799
0.816884 0.0643368 0.573405 257.891 0.00331767 0.993316 -0.116193 -31.9265 -0.577016 0.0968098 0.811118 -13.9864
0.819923 0.063309 0.569209 258.633 0.00259033 0.993543 -0.114255 -32.0942 -0.572747 0.0951425 0.814364 -12.9149
0.822526 0.0614925 0.565597 259.369 0.0044065 0.993516 -0.11444 -32.2262 -0.568936 0.0966138 0.816829 -11.84
0.824905 0.0608141 0.562239 260.116 0.00412547 0.99362 -0.113545 -32.3966 -0.565538 0.0959717 0.81929 -10.742
0.82765 0.0589543 0.558348 260.875 0.00521274 0.993716 -0.112666 -32.5294 -0.561451 0.0961501 0.822046 -9.63758
0.83074 0.0586673 0.553812 261.649 0.00550801 0.993614 -0.113538 -32.6685 -0.556918 0.0973591 0.82501 -8.56079
0.832755 0.0599174 0.550607 262.409 0.00565695 0.993251 -0.116659 -32.7906 -0.553853 0.100253 0.826701 -7.38187
0.835794 0.0594939 0.546067 263.176 0.00532126 0.993286 -0.116382 -32.9557 -0.549308 0.100165 0.829764 -6.27582
0.837276 0.0609928 0.543591 263.911 0.00364825 0.993212 -0.117078 -33.115 -0.547016 0.0999996 0.831273 -5.10485
0.838418 0.06186 0.541767 264.612 0.0032468 0.99305 -0.118433 -33.2516 -0.545314 0.101042 0.832288 -3.96568
0.84077 0.0638261 0.537847 265.374 0.000738347 0.992988 -0.119009 -33.4257 -0.541647 0.100445 0.834731 -2.80511
0.840201 0.0691821 0.538105 266.076 -0.00300703 0.992502 -0.122928 -33.5554 -0.542561 0.101652 0.834011 -1.63073
0.839381 0.0805639 0.537772 266.801 -0.0138684 0.991905 -0.126967 -33.7458 -0.543623 0.0991039 0.833607 -0.420157
0.839693 0.0811946 0.53722 267.599 -0.0140119 0.991765 -0.128014 -33.9432 -0.543175 0.0999507 0.83382 0.881947
0.839602 0.0839835 0.536903 268.348 -0.0153462 0.991348 -0.131086 -34.1221 -0.543242 0.101809 0.83353 2.11394
0.84207 0.084521 0.532968 269.124 -0.0142832 0.990891 -0.134595 -34.2777 -0.539474 0.105711 0.83551 3.2302
0.845466 0.0823993 0.527873 269.934 -0.0107186 0.990545 -0.137469 -34.4328 -0.534185 0.110555 0.838258 4.42095
0.845131 0.085223 0.527988 270.655 -0.014078 0.990515 -0.137367 -34.6482 -0.534671 0.108645 0.838216 5.55888
0.845311 0.0861178 0.527528 271.336 -0.0153333 0.99053 -0.137147 -34.8411 -0.534318 0.107831 0.838529 6.64248
0.843726 0.0836668 0.530481 271.976 -0.0134835 0.990869 -0.134854 -35.0542 -0.536905 0.106612 0.837051 7.80412
0.843296 0.0794409 0.531785 272.683 -0.00955458 0.991176 -0.132932 -35.2589 -0.537628 0.107007 0.836517 9.00459
