0.999992 -0.00191271 -0.00388493 0.011974 0.00189891 0.999993 -0.00354868 0.0126116 0.00389166 0.00354119 0.999987 0.713165
0.999967 -0.000447585 -0.00820911 0.00584222 0.000401646 0.999985 -0.00559199 0.0159904 0.00821151 0.00558849 0.999952 1.42188
0.999928 -0.000391616 -0.0121249 -0.00312233 0.000295508 0.999969 -0.00792669 0.0238067 0.0121277 0.0079224 0.999897 2.13231
0.999854 -0.000140381 -0.0171364 -0.0203476 -4.60751e-05 0.999942 -0.0108754 0.0526056 0.0171369 0.0108745 0.999796 2.91816
0.999775 -0.000850236 -0.0212995 -0.0411816 0.00061195 0.999938 -0.0111832 0.0371144 0.0213078 0.0111675 0.999713 3.6591
0.999681 0.00109853 -0.0253194 -0.078819 -0.00139926 0.999929 -0.0118549 0.0171743 0.0253045 0.0118864 0.999611 4.44923
0.999524 0.00311875 -0.0307767 -0.0997223 -0.00350853 0.999916 -0.0126122 0.006133 0.0307348 0.0127139 0.99945 5.26147
0.999421 0.00337772 -0.033936 -0.15633 -0.00376306 0.99993 -0.0112916 -0.00414243 0.0338954 0.0114126 0.999362 6.05157
0.999305 0.00241334 -0.0372585 -0.209781 -0.00274879 0.999958 -0.0089498 -0.0101968 0.0372353 0.00904568 0.99927 6.88695
0.999223 0.00223103 -0.0394187 -0.273212 -0.00249691 0.999975 -0.00669157 -0.0144623 0.0394027 0.00678464 0.999203 7.72346
0.999167 0.0049298 -0.0405752 -0.335537 -0.0052453 0.999959 -0.00766825 -0.0225055 0.0405358 0.00787435 0.999151 8.5718
0.999076 0.00472013 -0.0427816 -0.373408 -0.00508846 0.999952 -0.0084977 -0.0291958 0.0427394 0.00870744 0.999051 9.41001
0.99903 0.00184523 -0.04406 -0.417259 -0.00224779 0.999959 -0.00908414 -0.0400996 0.0440415 0.00917402 0.998991 10.2636
0.998944 0.00109565 -0.046004 -0.455274 -0.00142878 0.999974 -0.00720081 -0.0664602 0.0459948 0.00725883 0.998918 11.1249
0.998803 -0.00131197 -0.048984 -0.465681 0.000973734 0.999978 -0.00692419 -0.0892962 0.0489921 0.00686786 0.998781 11.9933
0.99869 0.000787212 -0.0512423 -0.509855 -0.00125689 0.999959 -0.00912587 -0.105941 0.0512328 0.00917807 0.998649 12.8769
0.998699 0.00113027 -0.0510774 -0.586204 -0.00173974 0.999931 -0.0118842 -0.117511 0.0510605 0.0119572 0.99863 13.7913
0.998549 0.00455896 -0.0537445 -0.623953 -0.00527327 0.999901 -0.0131486 -0.140707 0.0536789 0.0134125 0.998473 14.6889
0.998495 0.00510083 -0.0546699 -0.680016 -0.00577114 0.999913 -0.0121048 -0.167111 0.0546035 0.0124016 0.998437 15.6022
0.998413 0.0039813 -0.0562649 -0.728581 -0.00458105 0.999936 -0.0105241 -0.192412 0.056219 0.0107648 0.998366 16.4948
0.9983 0.00484845 -0.0581654 -0.776758 -0.00538888 0.999946 -0.00913308 -0.209465 0.0581181 0.00943058 0.998271 17.4285
0.998277 0.00451437 -0.0585735 -0.840524 -0.00501891 0.999954 -0.00846005 -0.237616 0.0585321 0.00873908 0.998254 18.36
0.998204 0.00445112 -0.0598492 -0.898723 -0.00501502 0.999947 -0.00926484 -0.255218 0.059805 0.00954773 0.998172 19.263
0.998199 0.00319353 -0.0599824 -0.97316 -0.00377939 0.99995 -0.00964486 -0.276583 0.0599481 0.00985381 0.998159 20.234
0.99826 0.00320036 -0.0589813 -1.06056 -0.00371898 0.999959 -0.00867358 -0.280194 0.0589512 0.00887715 0.998229 21.1664
0.998277 0.00489465 -0.0585695 -1.12467 -0.00521208 0.999977 -0.00525611 -0.298039 0.058542 0.00555192 0.998277 22.1253
0.998355 0.00553339 -0.0571932 -1.19234 -0.00564545 0.999987 -0.00178534 -0.309583 0.0571826 0.00210463 0.998369 23.1026
0.998451 0.00462914 -0.055573 -1.24847 -0.00456894 0.999995 0.00122471 -0.323055 0.0555777 -0.00096928 0.998463 24.0662
0.998488 0.00520827 -0.0548534 -1.28674 -0.00507446 0.999988 0.00259279 -0.343209 0.0548662 -0.00231122 0.9985 25.0294
0.998547 0.00593813 -0.0536858 -1.33385 -0.00596829 0.999988 -0.000386215 -0.353227 0.0536823 0.000705718 0.998567 26.0078
0.998643 0.00757817 -0.0516481 -1.40057 -0.00784026 0.999964 -0.00485936 -0.373828 0.0516092 0.00525691 0.998663 26.9814
0.998753 0.006699 -0.0496002 -1.46138 -0.00708673 0.999952 -0.00762966 -0.39263 0.0495461 0.00797131 0.998749 27.9484
0.998793 0.00289555 -0.0491709 -1.50209 -0.00321955 0.999981 -0.00649637 -0.408028 0.0491509 0.00664605 0.998779 28.9462
0.998748 0.00101145 -0.050163 -1.54292 -0.00102683 1 -0.000265338 -0.436725 0.0501624 0.000316194 0.99875 29.9564
0.998759 -0.00203229 -0.0499175 -1.60764 0.00219595 1 0.00323937 -0.454647 0.0499106 -0.0033457 0.998758 30.9618
0.998663 -0.00973739 -0.0509202 -1.64685 0.00994571 0.999946 0.00385573 -0.482641 0.0508795 -0.00435731 0.998704 31.9623
0.998454 -0.012829 -0.0542211 -1.66821 0.012888 0.999923 0.000754059 -0.502605 0.054207 -0.00145246 0.99854 32.9764
0.998325 -0.0116271 -0.0568168 -1.72579 0.011518 0.999935 -0.00223463 -0.53487 0.0568386 0.00157612 0.998391 33.9889
0.998271 -0.0103577 -0.0579956 -1.79696 0.0102036 0.99995 -0.0029397 -0.542094 0.0580228 0.00234203 0.998324 34.9987
0.998215 -0.0100109 -0.0590305 -1.85729 0.0099201 0.999953 -0.00181745 -0.549977 0.0590453 0.00122811 0.998266 36.0727
0.998077 -0.00923357 -0.0614346 -1.90001 0.00917754 0.999964 -0.00118166 -0.514737 0.0614428 0.000614598 0.998123 37.1062
0.997908 -0.00917226 -0.0641617 -1.9488 0.00914705 0.999962 -0.000675333 -0.515921 0.0641649 8.64549e-05 0.997951 38.1604
0.997898 -0.00749457 -0.0645144 -2.02299 0.00766075 0.999974 0.00234391 -0.539229 0.0644947 -0.0028343 0.997926 39.1713
0.998159 -0.00840414 -0.0602374 -2.17833 0.00865848 0.99996 0.00397495 -0.519639 0.0602011 -0.00448972 0.998187 40.1525
0.998032 -0.00227632 -0.0628446 -2.20956 0.00276424 0.999974 0.00768545 -0.549448 0.0628251 -0.00784507 0.998007 41.2079
0.998123 -0.00316087 -0.0613567 -2.31447 0.00360994 0.999972 0.00722355 -0.553837 0.0613316 -0.00743208 0.998102 42.1944
0.998037 -0.00267627 -0.0627644 -2.35611 0.00298492 0.999991 0.0048342 -0.544738 0.0627504 -0.00501312 0.998032 43.2801
0.998123 -0.000354488 -0.0614562 -2.44647 0.000506943 1 0.0024781 -0.55024 0.0614547 -0.00250504 0.998119 44.2972
0.998012 -0.00104676 -0.0632022 -2.49616 0.00119001 1 0.00223869 -0.558598 0.0631996 -0.00231051 0.998013 45.3391
0.998164 -0.0026627 -0.0607325 -2.62561 0.00299959 0.999986 0.00547125 -0.60433 0.0607163 -0.0056438 0.998152 46.347
0.998128 -0.00128527 -0.0613451 -2.69296 0.00173225 0.999978 0.00724436 -0.63139 0.0613339 -0.00733822 0.998105 47.3597
0.99815 0.0017092 -0.0609982 -2.77163 -0.00152555 1 0.00307554 -0.632686 0.0610023 -0.00297725 0.998149 48.382
0.998124 0.00280432 -0.0613853 -2.84574 -0.00283917 1 -0.000470614 -0.654536 0.0613834 0.000642765 0.998131 49.3366
0.998034 0.00374064 -0.0627978 -2.89677 -0.00388205 0.999997 -0.0021108 -0.659998 0.0627885 0.0023499 0.998041 50.3591
0.998003 0.00247156 -0.0633354 -2.95414 -0.00236837 1 0.0017135 -0.680855 0.063339 -0.00156135 0.998009 51.3608
0.997942 0.000501169 -0.0643473 -3.00549 -0.000193103 0.999995 0.00481336 -0.692981 0.0643482 -0.00479152 0.997933 52.3679
0.997873 -0.00151422 -0.0653839 -3.05478 0.00185988 0.999993 0.0052346 -0.702133 0.0653747 -0.00534638 0.997866 53.3728
0.997861 -0.00476494 -0.0654332 -3.11079 0.00499716 0.999991 0.0034046 -0.703364 0.065415 -0.00372507 0.997871 54.388
0.997742 -0.00776074 -0.0669222 -3.15955 0.00789274 0.999977 0.00171675 -0.70925 0.0669066 -0.00224243 0.997775 55.3786
0.997683 -0.00896054 -0.0676682 -3.22983 0.00909619 0.999967 0.00171424 -0.702073 0.0676491 -0.00232662 0.997726 56.3563
0.997528 -0.0119778 -0.0694494 -3.28577 0.0123442 0.999922 0.00485864 -0.699007 0.0693849 -0.00570537 0.997593 57.3115
0.997468 -0.0119421 -0.0703382 -3.35017 0.0125168 0.999901 0.007752 -0.682918 0.0702372 -0.0086136 0.997512 58.3083
0.99744 -0.00868644 -0.0711789 -3.4256 0.00924455 0.999939 0.00752454 -0.668622 0.0711082 -0.00816475 0.997455 59.2874
0.997353 -0.00669765 -0.0726329 -3.50044 0.00691123 0.999983 0.00270645 -0.672938 0.072612 -0.00320218 0.997375 60.1968
0.997239 -0.00498852 -0.0742891 -3.567 0.00464533 0.999988 -0.00478288 -0.688897 0.074311 0.00442304 0.997245 61.1851
0.997472 -0.00242651 -0.0712615 -3.71442 0.00162459 0.999946 -0.0112923 -0.689354 0.0712835 0.011147 0.997415 62.0817
0.997403 0.00311559 -0.0721694 -3.79552 -0.00386701 0.999951 -0.0102652 -0.712878 0.0721325 0.0105161 0.99736 63.0272
0.997355 0.00781329 -0.0725098 -3.87972 -0.00822286 0.999964 -0.00533421 -0.77542 0.0724638 0.0059154 0.997375 63.9369
0.99742 0.0109689 -0.0711898 -3.98711 -0.0113671 0.999935 -0.00517967 -0.780664 0.0711268 0.00597382 0.997472 64.8046
0.997377 0.0123928 -0.071566 -4.07522 -0.0128162 0.999915 -0.00543986 -0.796783 0.0714908 0.00634172 0.997443 65.7142
0.997104 0.0122911 -0.0752925 -4.11122 -0.0128416 0.999906 -0.00681823 -0.778453 0.0752001 0.00776351 0.997161 66.5758
0.997021 0.0134249 -0.076193 -4.18983 -0.0140319 0.999885 -0.00741838 -0.784063 0.0760829 0.00846433 0.997088 67.4467
0.996934 0.0141832 -0.0771947 -4.26008 -0.0148183 0.999873 -0.00764848 -0.79609 0.0770746 0.00876702 0.99701 68.2603
0.996845 0.0135184 -0.0784501 -4.33616 -0.0140074 0.999896 -0.00566933 -0.827936 0.0783636 0.00674926 0.996925 69.0839
0.996619 0.016181 -0.0807874 -4.38983 -0.0164242 0.999873 -0.00233441 -0.853405 0.0807376 0.00365151 0.996753 69.9062
0.996639 0.0188256 -0.0799697 -4.51068 -0.0187801 0.999834 0.00133911 -0.866783 0.0799797 0.000166161 0.996821 70.7258
0.996418 0.0229018 -0.0816415 -4.58713 -0.0228015 0.999748 0.00217192 -0.868248 0.0816689 -0.000304424 0.996684 71.5236
0.996233 0.0259926 -0.082966 -4.65376 -0.0262282 0.999668 -0.00173684 -0.888329 0.082891 0.00390521 0.996577 72.2717
0.99608 0.0255856 -0.0849059 -4.73236 -0.0264022 0.999625 -0.00849849 -0.91069 0.0846549 0.010705 0.996377 73.0197
0.995997 0.0251007 -0.0860218 -4.79953 -0.0263818 0.999572 -0.0137751 -0.935824 0.0856367 0.0159881 0.996225 73.7031
0.99588 0.0268185 -0.0868554 -4.86053 -0.028254 0.999493 -0.0153295 -0.940418 0.0863985 0.0177184 0.996127 74.4521
0.995685 0.0293065 -0.0882861 -4.91219 -0.0304128 0.999489 -0.0112012 -0.971889 0.0879104 0.0138367 0.996059 75.1066
0.995518 0.0298129 -0.0899726 -4.97142 -0.0308697 0.99948 -0.0103661 -0.9677 0.089615 0.0130951 0.995914 75.7706
0.995337 0.0269056 -0.0928672 -4.98806 -0.0283166 0.999516 -0.0138978 -0.984356 0.0924458 0.0164612 0.995611 76.3771
0.995422 0.0187743 -0.0939241 -5.01155 -0.0206396 0.999618 -0.0189185 -1.00805 0.0935313 0.0207684 0.995424 77.0084
0.995322 0.0146362 -0.0957271 -5.01558 -0.0169592 0.999595 -0.0234837 -1.03659 0.0953419 0.0249957 0.995161 77.7214
0.995516 0.016857 -0.0932946 -5.05484 -0.0190868 0.999564 -0.023048 -1.06574 0.0928634 0.0247233 0.995397 78.3263
0.995575 0.0215953 -0.091694 -5.05886 -0.0236122 0.999517 -0.0209519 -1.07277 0.0911947 0.0230225 0.995596 78.9855
0.995966 0.0199702 -0.08773 -5.09729 -0.0216798 0.999604 -0.018563 -1.08019 0.0873229 0.0203879 0.995996 79.5848
0.996379 0.0161597 -0.0837538 -5.09294 -0.0175127 0.999744 -0.0154258 -1.08613 0.0834806 0.0168351 0.996397 80.1897
0.997094 0.0119468 -0.0755226 -5.12828 -0.0128967 0.999856 -0.0120843 -1.10818 0.0753656 0.0130209 0.997097 80.7408
0.99779 0.0155522 -0.0649563 -5.15625 -0.0164025 0.999802 -0.0125537 -1.11994 0.064746 0.0135898 0.99784 81.3021
0.998478 0.020528 -0.0516289 -5.14776 -0.0211824 0.999715 -0.0121334 -1.14984 0.0513633 0.0132063 0.998619 81.8295
0.99912 0.0256909 -0.0338604 -5.15773 -0.0260762 0.999616 -0.0109437 -1.17567 0.0335643 0.0118153 0.999398 82.3346
0.999658 0.0238555 -0.0126468 -5.13477 -0.0239904 0.99967 -0.0105155 -1.18844 0.0123902 0.0108131 0.999892 82.8278
0.999747 0.0198557 0.0126522 -5.08842 -0.0197327 0.999774 -0.00987325 -1.20251 -0.0128466 0.00961941 0.999905 83.3354
0.99893 0.0193712 0.0425329 -5.0469 -0.0190154 0.999796 -0.00878662 -1.21439 -0.0426957 0.00796618 0.999085 83.7838
0.997212 0.0185566 0.0726102 -4.93284 -0.0180751 0.999827 -0.00730099 -1.23346 -0.0727336 0.00596652 0.997366 84.2571
0.993925 0.0185101 0.108706 -4.82528 -0.0177988 0.999829 -0.0075241 -1.23832 -0.108827 0.00554135 0.994075 84.7408
0.988944 0.0181715 0.147337 -4.67022 -0.017275 0.999841 -0.00737133 -1.25608 -0.147447 0.00474295 0.989093 85.1881
0.981339 0.0177485 0.191594 -4.53164 -0.0164783 0.999846 -0.00822973 -1.2622 -0.191711 0.00491677 0.981471 85.6433
0.971044 0.0195446 0.238203 -4.35311 -0.0177593 0.999814 -0.00964466 -1.28984 -0.238345 0.00513338 0.971203 86.0708
0.956524 0.0191974 0.291111 -4.16532 -0.0168617 0.999818 -0.0105359 -1.33661 -0.29126 0.00516688 0.956663 86.5293
0.938213 0.0177047 0.345677 -3.95671 -0.0150289 0.999851 -0.0104236 -1.37704 -0.345807 0.00458275 0.938332 86.9182
0.916125 0.0169199 0.4006 -3.71397 -0.013856 0.999864 -0.0105482 -1.41037 -0.400723 0.00411054 0.916226 87.2757
0.889794 0.0157653 0.456146 -3.46997 -0.0117094 0.999881 -0.0117198 -1.43104 -0.456272 0.00508535 0.889865 87.5777
0.858816 0.0126932 0.512176 -3.20465 -0.00732346 0.999912 -0.0125045 -1.45509 -0.512287 0.00698598 0.858823 87.8767
0.823255 0.0121909 0.567587 -2.93277 -0.00615494 0.999919 -0.0125522 -1.47664 -0.567689 0.00683841 0.823257 88.1916
0.784525 0.0105717 0.620047 -2.65811 -0.00536722 0.99995 -0.0102613 -1.50067 -0.620122 0.00472023 0.784533 88.4741
0.744094 0.00993403 0.668041 -2.34624 -0.00610773 0.999966 -0.00806936 -1.50996 -0.668091 0.00192247 0.744124 88.7305
0.701488 0.00921086 0.712656 -2.01921 -0.00483833 0.999972 -0.0081646 -1.51073 -0.712708 0.00227729 0.701504 88.9665
0.657614 0.007969 0.753348 -1.68499 -0.00053662 0.999966 -0.0101115 -1.51208 -0.753396 0.0062435 0.657591 89.1711
0.612812 0.00578938 0.790238 -1.35248 0.00497698 0.999942 -0.0111877 -1.51674 -0.790253 0.010787 0.61274 89.35
0.567838 0.00820279 0.823133 -1.00583 0.00285136 0.999943 -0.0119338 -1.52829 -0.823174 0.00912168 0.567777 89.5335
0.523019 0.0111793 0.852276 -0.65178 -0.00110933 0.999939 -0.0124377 -1.54089 -0.852359 0.00555773 0.522993 89.6965
0.479152 0.013632 0.877659 -0.306702 -0.00168304 0.999911 -0.0146141 -1.54885 -0.877769 0.00552359 0.479127 89.8379
0.438791 0.00943813 0.898566 0.0551244 0.00564524 0.999913 -0.0132615 -1.57377 -0.898609 0.0108896 0.438694 89.951
0.399825 0.000290398 0.916622 0.416625 0.0213015 0.999745 -0.00961029 -1.5887 -0.916381 0.0233661 0.399712 90.0516
0.366208 -0.0044616 0.93055 0.793727 0.0251791 0.999687 -0.00511795 -1.60469 -0.93023 0.0253026 0.366201 90.1463
0.334247 0.000813673 0.942516 1.16214 0.022252 0.999733 -0.00875635 -1.60286 -0.94226 0.023898 0.334135 90.2469
0.303725 0.00920696 0.952743 1.54488 0.0127692 0.999841 -0.0137349 -1.60751 -0.952711 0.0163355 0.303556 90.3698
0.275884 0.0128424 0.961136 1.92724 0.00832068 0.999861 -0.0157502 -1.63333 -0.961191 0.012341 0.275735 90.4676
0.250877 0.0151947 0.967928 2.32861 0.0100793 0.9998 -0.0183096 -1.63691 -0.968004 0.0143476 0.25067 90.5513
0.227528 0.0183128 0.973631 2.72372 0.0161541 0.999634 -0.0225791 -1.63393 -0.973674 0.020864 0.227146 90.612
0.207521 0.0246603 0.977948 3.14093 0.0241538 0.999266 -0.0303254 -1.63223 -0.97797 0.0299122 0.20677 90.6767
0.188861 0.0318965 0.981517 3.5729 0.0268142 0.998951 -0.0376249 -1.631 -0.981674 0.0334229 0.187805 90.7363
0.170819 0.03266 0.984789 4.01223 0.0249673 0.999004 -0.0374643 -1.64482 -0.985023 0.0309848 0.169831 90.8093
0.155956 0.0290525 0.987369 4.46354 0.0237482 0.999189 -0.0331535 -1.66067 -0.987515 0.0286172 0.155137 90.8674
0.14091 0.0242031 0.989756 4.9375 0.0239889 0.999343 -0.0278549 -1.70266 -0.989771 0.0276658 0.140234 90.9327
0.128701 0.0210763 0.991492 5.43912 0.0258176 0.999386 -0.0245976 -1.73031 -0.991384 0.0287621 0.128076 90.9775
0.116877 0.0149874 0.993063 5.90729 0.0289486 0.999428 -0.0184926 -1.82004 -0.992765 0.0309064 0.116375 91.0336
0.107375 0.0150108 0.994139 6.43801 0.0319772 0.99934 -0.0185455 -1.8413 -0.993742 0.0337795 0.106823 91.0732
0.099467 0.0150537 0.994958 6.97806 0.0339545 0.999271 -0.0185156 -1.86155 -0.994503 0.0356222 0.0988817 91.122
0.0944691 0.015276 0.995445 7.54135 0.0358959 0.999204 -0.0187425 -1.87679 -0.994919 0.0375013 0.0938437 91.1661
0.0890683 0.0164655 0.995921 8.1171 0.0367032 0.99915 -0.0198035 -1.88957 -0.995392 0.0383144 0.0883869 91.2101
0.0835107 0.0167541 0.996402 8.69531 0.0371396 0.999137 -0.0199153 -1.90803 -0.995854 0.0386674 0.0828147 91.2505
0.078536 0.0153766 0.996826 9.32372 0.0394942 0.99907 -0.0185249 -1.93531 -0.996172 0.0408207 0.0778543 91.3072
0.0747174 0.0149378 0.997129 9.96524 0.0405703 0.999039 -0.0180089 -1.95196 -0.996419 0.0417976 0.0740382 91.369
0.07238 0.0142445 0.99731 10.6054 0.040633 0.999048 -0.0172204 -1.96596 -0.996592 0.0417671 0.0717312 91.406
0.0698511 0.0134917 0.997503 11.2459 0.0446118 0.998891 -0.0166367 -1.98115 -0.996599 0.0456607 0.0691705 91.4778
0.0701155 0.0140809 0.997474 11.8865 0.0508831 0.998571 -0.0176752 -1.96654 -0.996283 0.0519908 0.0692977 91.4958
0.0716778 0.0132471 0.997379 12.5756 0.0549564 0.998366 -0.0172122 -1.98532 -0.995954 0.0560439 0.0708314 91.5357
0.0739688 0.0139195 0.997199 13.2877 0.0562967 0.998273 -0.0181125 -1.99282 -0.995714 0.0574756 0.0730563 91.5954
0.0771518 0.0152291 0.996943 14.0009 0.0582814 0.998129 -0.0197601 -1.98672 -0.995357 0.0596255 0.0761184 91.6571
0.0809752 0.0150966 0.996639 14.7505 0.0585 0.998113 -0.0198742 -1.99688 -0.995044 0.0599094 0.0799378 91.7268
0.0816865 0.0147101 0.99659 15.5412 0.059977 0.998031 -0.01965 -1.99779 -0.994895 0.0613756 0.0806419 91.8617
0.0861636 0.0139506 0.996221 16.3314 0.0598763 0.998046 -0.0191572 -2.00469 -0.994527 0.0612973 0.0851581 91.9217
0.0897154 0.0127703 0.995927 17.1859 0.0570473 0.998235 -0.0179415 -2.01389 -0.994376 0.0584224 0.088827 92.0199
0.0929706 0.0114256 0.995642 17.9857 0.0568774 0.998264 -0.0167691 -2.03986 -0.99409 0.0581854 0.0921576 92.1172
0.0964846 0.0118637 0.995305 18.8145 0.055357 0.998342 -0.0172688 -2.06574 -0.993837 0.0567612 0.0956662 92.2193
0.0988083 0.0168865 0.995004 19.6261 0.0532063 0.998361 -0.0222294 -2.07861 -0.99373 0.0551337 0.0977463 92.3153
0.100198 0.0223159 0.99476 20.4834 0.0474834 0.998527 -0.0271858 -2.10214 -0.993877 0.0499563 0.0989888 92.4285
0.0979716 0.0265494 0.994875 21.3108 0.0436167 0.998594 -0.0309461 -2.1205 -0.994281 0.0464219 0.0966742 92.5564
0.097134 0.0252063 0.994997 22.1659 0.0421113 0.998705 -0.029414 -2.17183 -0.994423 0.0447556 0.0959455 92.6711
0.0947806 0.0220239 0.995294 23.0056 0.0394148 0.998912 -0.0258597 -2.23086 -0.994765 0.0416773 0.093808 92.8028
0.0942906 0.0198724 0.995391 23.847 0.0409049 0.998905 -0.0238202 -2.27685 -0.994748 0.0429604 0.0933731 92.8972
0.0932507 0.0191099 0.9955 24.664 0.0389093 0.999007 -0.0228244 -2.31282 -0.994931 0.0408597 0.0924131 93.0043
0.0926754 0.0185289 0.995569 25.5285 0.0381417 0.999053 -0.022147 -2.3545 -0.99501 0.0400231 0.0918796 93.1045
0.09195 0.0186898 0.995629 26.3641 0.0355149 0.999151 -0.0220383 -2.39176 -0.995179 0.0373833 0.0912069 93.2053
0.0894381 0.0199258 0.995839 27.175 0.0323811 0.999239 -0.0229049 -2.42527 -0.995511 0.0342931 0.0887238 93.3028
0.0879187 0.0195393 0.995978 28.0133 0.0298443 0.999333 -0.0222422 -2.45427 -0.99573 0.0316771 0.0872759 93.3671
0.0852929 0.0211712 0.996177 28.8542 0.0272381 0.999377 -0.0235742 -2.45285 -0.996029 0.0291431 0.084662 93.4271
0.0812156 0.0194133 0.996551 29.6847 0.0253174 0.999474 -0.0215362 -2.47588 -0.996425 0.0269766 0.0806807 93.4906
0.0758009 0.0184774 0.996999 30.5188 0.0228661 0.99956 -0.0202663 -2.49224 -0.996907 0.0243322 0.0753442 93.5475
0.067951 0.0194551 0.997544 31.3427 0.0224655 0.999553 -0.0210273 -2.51454 -0.997486 0.0238366 0.0674834 93.6179
0.0592063 0.0208143 0.998075 32.1469 0.0236877 0.999498 -0.022252 -2.53836 -0.998011 0.0249581 0.058683 93.6653
0.0502048 0.0212462 0.998558 32.9563 0.0241502 0.999482 -0.0224828 -2.56428 -0.998498 0.0252415 0.0496661 93.6889
0.0404253 0.0200762 0.999027 33.7796 0.0251451 0.999487 -0.0211058 -2.59571 -0.998913 0.0259723 0.0398996 93.7143
0.0289112 0.0185076 0.999457 34.5848 0.0234926 0.999567 -0.019192 -2.62874 -0.999357 0.0240321 0.0284648 93.7467
0.0194582 0.0188455 0.99968 35.3911 0.0249583 0.999528 -0.0193312 -2.64268 -0.999546 0.0253249 0.018979 93.739
0.00850943 0.0219487 0.99977 36.1881 0.0278078 0.999395 -0.02218 -2.6377 -0.99963 0.0279872 0.00789541 93.75
-0.00127938 0.0250822 0.999731 36.903 0.0300442 0.999261 -0.0250348 -2.61209 -0.999595 0.0300024 -0.00203115 93.7089
-0.0116302 0.0264171 0.999631 37.684 0.0303682 0.999227 -0.0260561 -2.63717 -0.999525 0.0300511 -0.0124215 93.7003
-0.0218233 0.0265319 0.999456 38.4614 0.0306191 0.999221 -0.0258601 -2.67943 -0.999342 0.0300364 -0.0226174 93.6806
-0.0292696 0.0296041 0.999181 39.2181 0.0319295 0.999107 -0.0286697 -2.67902 -0.999116 0.0310613 -0.0301862 93.6232
-0.0401805 0.0286636 0.99883 39.9753 0.0329372 0.999109 -0.0273498 -2.73227 -0.9987 0.0317979 -0.0410872 93.6065
-0.0475037 0.028174 0.998522 40.7358 0.0333399 0.999116 -0.026608 -2.77282 -0.99837 0.0320238 -0.0483982 93.5372
-0.0567399 0.0277414 0.998051 41.4844 0.0346563 0.999092 -0.0258032 -2.80435 -0.997837 0.0331229 -0.0576477 93.5019
-0.0642141 0.025101 0.997668 42.1992 0.0361208 0.999113 -0.0228159 -2.85324 -0.997337 0.0345685 -0.0650606 93.4432
-0.0689572 0.0223753 0.997419 42.9601 0.0387014 0.999083 -0.01974 -2.89744 -0.996921 0.0372385 -0.0697574 93.3762
-0.0747924 0.0210786 0.997025 43.6722 0.0413501 0.999009 -0.0180222 -2.91562 -0.996399 0.039876 -0.0755864 93.3599
-0.0800532 0.0203206 0.996635 44.4032 0.0429661 0.998961 -0.01692 -2.93148 -0.995917 0.0414652 -0.0808403 93.3454
-0.0813034 0.0178763 0.996579 45.0619 0.0448385 0.998921 -0.014264 -2.97609 -0.99574 0.0435219 -0.0820134 93.2555
-0.0798349 0.0180897 0.996695 45.7615 0.0452201 0.998901 -0.0145108 -2.99445 -0.995835 0.0439102 -0.0805619 93.1413
-0.0802707 0.0207876 0.996607 46.4609 0.0451329 0.998861 -0.0172033 -2.98947 -0.995811 0.0435952 -0.0811135 93.1153
-0.0784577 0.0243345 0.996672 47.1408 0.0451759 0.998791 -0.0208332 -2.98873 -0.995947 0.0433889 -0.0794588 93.0859
-0.073903 0.0252457 0.996997 47.7582 0.0441813 0.998809 -0.0220205 -3.00602 -0.996346 0.0424177 -0.0749266 93.0551
-0.0680694 0.0267242 0.997374 48.3931 0.0440564 0.998775 -0.0237583 -3.02554 -0.996761 0.0423215 -0.0691603 93.0548
-0.056811 0.028849 0.99802 49.0082 0.0421087 0.998792 -0.0264781 -3.02557 -0.997556 0.0405175 -0.0579538 93.0171
-0.04364 0.0295366 0.998662 49.5954 0.0410275 0.998801 -0.0277513 -3.0483 -0.998258 0.0397598 -0.0447968 93.0059
-0.0260269 0.0315494 0.999215 50.1626 0.0402189 0.998755 -0.0304911 -3.07455 -0.998912 0.0393901 -0.0272609 93.0029
-0.00396808 0.0344502 0.99945 50.7098 0.0382071 0.998711 -0.0342765 -3.09567 -0.999315 0.0380485 -0.00527729 92.9993
0.02027 0.0379286 0.999128 51.2474 0.0356359 0.998647 -0.0386372 -3.12092 -0.999219 0.0363844 0.0188922 93.0368
0.0485574 0.0396515 0.998085 51.7778 0.0342636 0.998587 -0.041342 -3.14942 -0.998287 0.0362039 0.0471309 93.0916
0.0828344 0.0398335 0.99582 52.3019 0.030247 0.99867 -0.0424674 -3.17171 -0.996164 0.0336349 0.0815187 93.1364
0.119145 0.0385935 0.992178 52.8185 0.0295886 0.998692 -0.0424037 -3.18603 -0.99249 0.0344079 0.117847 93.254
0.163124 0.0336704 0.986084 53.3474 0.0261878 0.998949 -0.0384455 -3.23396 -0.986317 0.0320916 0.162068 93.328
0.205062 0.0267965 0.978437 53.839 0.0224536 0.999263 -0.0320766 -3.30239 -0.978546 0.0285457 0.204307 93.4989
0.254459 0.0237805 0.966847 54.3563 0.0166423 0.999472 -0.0289668 -3.33102 -0.967002 0.0234584 0.253923 93.6412
0.307313 0.0216627 0.951418 54.8406 0.0109446 0.999624 -0.0262996 -3.37525 -0.951602 0.0184939 0.306955 93.8101
0.361666 0.0214113 0.932119 55.302 0.00841825 0.99965 -0.0262327 -3.3996 -0.932332 0.0173315 0.36135 94.0198
0.418727 0.0203808 0.907943 55.7401 0.0101858 0.999611 -0.0271404 -3.43931 -0.908113 0.0206113 0.418348 94.2559
0.475458 0.0233998 0.879488 56.1356 0.00961876 0.999477 -0.0317963 -3.46908 -0.879752 0.0235745 0.474972 94.5407
0.531133 0.0261936 0.84695 56.5089 0.0105264 0.999274 -0.037511 -3.49353 -0.847287 0.0288373 0.53046 94.8561
0.587543 0.0315904 0.808644 56.8478 0.00647855 0.999052 -0.0437404 -3.504 -0.80924 0.0309352 0.586765 95.1441
0.642878 0.0284096 0.765516 57.2272 0.00543656 0.999152 -0.0416517 -3.58218 -0.76602 0.0309374 0.642164 95.4858
0.692396 0.0293621 0.720997 57.5212 0.00391392 0.999035 -0.0444481 -3.59567 -0.721588 0.0335946 0.691592 95.8646
0.74137 0.0236905 0.670763 57.828 0.00566387 0.999156 -0.0415555 -3.64721 -0.671155 0.0346054 0.74059 96.2342
0.784994 0.0201881 0.619267 58.1064 0.00305057 0.999362 -0.0364512 -3.67135 -0.619591 0.0305002 0.784407 96.6476
0.825242 0.0127844 0.564734 58.3391 0.00424047 0.999611 -0.0288337 -3.69372 -0.564861 0.026188 0.824844 97.0502
0.861018 0.00840393 0.508617 58.5658 0.00317138 0.999786 -0.0218944 -3.72077 -0.508678 0.020462 0.860781 97.4652
0.890219 0.00547397 0.455622 58.7205 0.00191544 0.99991 -0.0157656 -3.73329 -0.455649 0.0149063 0.890103 97.8913
0.914353 0.0133602 0.404839 58.8738 -0.00798344 0.999887 -0.0149749 -3.71212 -0.404982 0.0104582 0.914328 98.3727
0.933354 0.0170905 0.358709 59.0031 -0.0132585 0.999862 -0.0131523 -3.71287 -0.358869 0.00751868 0.933424 98.8295
0.946835 0.0246431 0.320956 59.0794 -0.0218126 0.999715 -0.0124212 -3.70358 -0.321162 0.00475801 0.947074 99.3398
0.957201 0.0298026 0.288083 59.1468 -0.0266989 0.99957 -0.014712 -3.70093 -0.288385 0.00638969 0.95756 99.8123
0.965812 0.032251 0.257458 59.2381 -0.0291849 0.99948 -0.0157331 -3.69638 -0.257824 0.00767928 0.966222 100.339
0.971741 0.0275375 0.234686 59.3545 -0.0243858 0.999605 -0.0163396 -3.70005 -0.235033 0.0101536 0.972001 100.818
0.975364 0.0246783 0.219489 59.4524 -0.0217697 0.99967 -0.0156745 -3.71558 -0.219796 0.010508 0.975549 101.3
0.977478 0.0290454 0.209311 59.5019 -0.0263747 0.999567 -0.0155593 -3.73498 -0.209663 0.00968701 0.977793 101.836
0.979285 0.0347582 0.199783 59.5854 -0.0323557 0.99939 -0.0152935 -3.741 -0.200185 0.00851046 0.979782 102.359
0.98015 0.0429516 0.193854 59.6704 -0.0403577 0.999071 -0.0173306 -3.7392 -0.194409 0.00916183 0.980945 102.891
0.979779 0.0485658 0.194418 59.7104 -0.0452872 0.998778 -0.0212895 -3.75015 -0.195208 0.0120521 0.980749 103.451
0.979891 0.0504574 0.193359 59.8169 -0.0468256 0.998667 -0.0233276 -3.77807 -0.194269 0.0138029 0.980919 103.98
0.979641 0.0487407 0.195067 59.9388 -0.044382 0.99869 -0.0266699 -3.79921 -0.196104 0.0174671 0.98049 104.517
0.979245 0.0468206 0.197507 60.0781 -0.040826 0.998611 -0.0343362 -3.79983 -0.198831 0.0255582 0.979768 105.065
0.978865 0.0470125 0.199343 60.2314 -0.039732 0.998426 -0.0403836 -3.79727 -0.200921 0.031607 0.979161 105.626
0.977501 0.0517232 0.204799 60.3291 -0.0447013 0.998284 -0.0387868 -3.83997 -0.206444 0.0287574 0.978105 106.22
0.975992 0.0552988 0.210969 60.4412 -0.0493045 0.998253 -0.033585 -3.87865 -0.21245 0.0223744 0.976981 106.836
0.975806 0.0516751 0.212743 60.6226 -0.0461332 0.998494 -0.0309521 -3.88349 -0.214011 0.020387 0.976688 107.443
0.976088 0.0464566 0.212652 60.8316 -0.0415531 0.998793 -0.0274863 -3.88324 -0.213663 0.0179904 0.976808 108.058
0.975074 0.0440146 0.217768 60.9501 -0.0399322 0.998973 -0.0231313 -3.90484 -0.218553 0.0138571 0.975798 108.7
0.974558 0.0394043 0.220935 61.0925 -0.0356695 0.99918 -0.0208834 -3.94182 -0.221568 0.0124692 0.975132 109.326
0.974784 0.0359035 0.220541 61.2576 -0.0315583 0.999271 -0.023213 -3.97417 -0.221203 0.0156659 0.975174 109.986
0.974965 0.034861 0.2199 61.4022 -0.029012 0.99917 -0.0297877 -4.00166 -0.220746 0.0226596 0.975136 110.635
0.974865 0.0392574 0.219612 61.5391 -0.0316225 0.998809 -0.0381939 -3.99695 -0.220839 0.0302868 0.974912 111.317
0.975524 0.0410768 0.216324 61.709 -0.0329965 0.998657 -0.0408492 -4.03596 -0.217702 0.0327084 0.975536 112.028
0.976052 0.0393682 0.21426 61.8339 -0.0321567 0.998835 -0.037062 -4.0575 -0.215459 0.0292824 0.976147 112.719
0.976656 0.0348176 0.212278 62.0022 -0.0291036 0.999164 -0.0299988 -4.08032 -0.213134 0.0231177 0.97682 113.441
0.977364 0.0353248 0.208923 62.1894 -0.0309187 0.999265 -0.0243399 -4.11166 -0.209619 0.0173274 0.977703 114.19
0.977623 0.0390122 0.207036 62.3382 -0.0346252 0.999131 -0.0247862 -4.14278 -0.207813 0.0170603 0.978091 114.932
0.977751 0.0464559 0.204899 62.4774 -0.0409129 0.998715 -0.0312297 -4.13964 -0.206076 0.0221497 0.97836 115.673
0.978634 0.0475663 0.200365 62.6395 -0.0409118 0.998507 -0.037239 -4.15313 -0.201827 0.028243 0.979086 116.45
0.979737 0.0458919 0.195323 62.8008 -0.0387855 0.998485 -0.040078 -4.18684 -0.196856 0.0316876 0.979995 117.199
0.980795 0.0429693 0.190607 62.9589 -0.0362423 0.998633 -0.0386562 -4.21935 -0.191998 0.0310025 0.980979 117.989
0.980694 0.0416973 0.191426 63.045 -0.0352522 0.998735 -0.036978 -4.24808 -0.192715 0.0295132 0.980887 118.851
0.981319 0.0401374 0.188518 63.2204 -0.0341861 0.99885 -0.0347347 -4.28216 -0.189685 0.027638 0.981531 119.694
0.981735 0.0365372 0.187109 63.3823 -0.0309384 0.999025 -0.0327839 -4.30677 -0.188115 0.0263936 0.981867 120.512
0.982547 0.0304564 0.183881 63.5986 -0.0253583 0.999266 -0.0300348 -4.35857 -0.18465 0.0248446 0.982566 121.329
0.983256 0.0315357 0.179897 63.8265 -0.0263428 0.999209 -0.0312114 -4.3562 -0.180729 0.0259472 0.983266 122.176
0.982 0.0375784 0.185486 63.8466 -0.0325847 0.999063 -0.0299193 -4.46057 -0.186425 0.0233335 0.982271 123.014
0.98201 0.0433917 0.184197 64.0404 -0.0381554 0.998808 -0.0319061 -4.52607 -0.185351 0.0243011 0.98245 123.886
0.981139 0.0519173 0.186589 64.1466 -0.0466801 0.998426 -0.0323732 -4.5713 -0.187964 0.0230492 0.981984 124.772
0.980062 0.0577519 0.190528 64.2788 -0.0525686 0.998145 -0.0321759 -4.59475 -0.192021 0.0215159 0.981233 125.644
0.979768 0.0603201 0.191215 64.4771 -0.0554278 0.998029 -0.0308527 -4.62401 -0.192687 0.0196264 0.981144 126.516
0.979087 0.0610434 0.194471 64.6081 -0.0558744 0.99797 -0.0319839 -4.64705 -0.196017 0.0204464 0.980466 127.285
0.978491 0.0589673 0.198058 64.7623 -0.0529063 0.998002 -0.0357775 -4.6727 -0.199759 0.0245257 0.97962 128.218
0.97921 0.0522203 0.19642 64.9827 -0.0466238 0.998413 -0.0330367 -4.73451 -0.197822 0.0231891 0.980043 129.033
0.978892 0.0468713 0.19931 65.1251 -0.0407473 0.99861 -0.0347394 -4.77469 -0.200648 0.0258808 0.979405 129.952
0.978872 0.045721 0.199695 65.3178 -0.0391506 0.998605 -0.0367548 -4.78761 -0.201085 0.0281569 0.97925 130.839
0.979001 0.047518 0.198619 65.5105 -0.0416883 0.998616 -0.033451 -4.83394 -0.19992 0.0244645 0.979589 131.659
0.979102 0.0471732 0.198231 65.6751 -0.0427967 0.998784 -0.0263304 -4.90848 -0.19922 0.0172938 0.979883 132.492
0.979144 0.0496615 0.197391 65.8731 -0.046166 0.998731 -0.0222905 -4.94647 -0.198234 0.0127094 0.980156 133.318
0.979161 0.0476286 0.197841 66.0449 -0.0429874 0.99874 -0.0277145 -5.00258 -0.198899 0.0186294 0.979926 134.193
0.980896 0.0376829 0.191256 66.2744 -0.0297872 0.998633 -0.0440145 -5.03153 -0.19264 0.0374721 0.980639 134.963
0.981359 0.0350519 0.189402 66.4601 -0.0254597 0.998327 -0.0528721 -5.07534 -0.190926 0.0470602 0.98056 135.825
0.981829 0.0314133 0.187572 66.625 -0.0235084 0.998791 -0.0442434 -5.10993 -0.188722 0.0390252 0.98134 136.649
0.982288 0.0271585 0.185853 66.7923 -0.0231264 0.999498 -0.0238597 -5.14735 -0.186396 0.0191357 0.982374 137.543
0.983138 0.0211452 0.182077 66.9856 -0.0197941 0.999809 -0.00925626 -5.18483 -0.182225 0.00549274 0.983328 138.4
0.984417 0.0232983 0.174796 67.2149 -0.0205801 0.999687 -0.0173812 -5.17866 -0.175135 0.01351 0.984538 139.132
0.984549 0.0293185 0.1731 67.3377 -0.0234287 0.999128 -0.0359941 -5.15931 -0.173991 0.0313778 0.984334 139.956
0.984686 0.0278808 0.172598 67.4617 -0.0202981 0.998806 -0.045578 -5.16161 -0.17365 0.0413721 0.984025 140.797
0.985347 0.0242317 0.169316 67.6278 -0.0166421 0.998848 -0.0461274 -5.21594 -0.170226 0.0426284 0.98457 141.62
0.985839 0.0232653 0.166593 67.7615 -0.0158771 0.998885 -0.0455806 -5.2587 -0.167456 0.0422856 0.985059 142.47
0.986533 0.0227614 0.162476 67.8958 -0.0151892 0.998797 -0.0477231 -5.28972 -0.163354 0.0446071 0.985645 143.316
0.987347 0.0240623 0.157289 68.028 -0.0163932 0.998671 -0.0499131 -5.32887 -0.158269 0.0466983 0.986379 144.111
0.987718 0.0292818 0.154017 68.1474 -0.0217774 0.998554 -0.0502153 -5.37437 -0.155252 0.046239 0.986881 144.94
0.987943 0.0346209 0.151458 68.2617 -0.0271197 0.998365 -0.0513532 -5.41599 -0.152977 0.0466219 0.987218 145.772
0.988229 0.0359591 0.14925 68.3858 -0.0288939 0.998422 -0.0492656 -5.46994 -0.150773 0.0443679 0.987664 146.56
0.988487 0.0342726 0.147955 68.5024 -0.0279227 0.998658 -0.0448224 -5.51866 -0.14928 0.0401705 0.988068 147.379
0.98915 0.0315322 0.144068 68.653 -0.0252669 0.998717 -0.0451403 -5.55637 -0.145293 0.041005 0.98863 148.204
0.98963 0.028891 0.141311 68.7698 -0.0221629 0.998607 -0.0489978 -5.60149 -0.142519 0.0453531 0.988842 149.032
0.990505 0.0238612 0.136012 68.8887 -0.0167729 0.998507 -0.0530571 -5.64286 -0.137062 0.050266 0.989379 149.845
0.991498 0.0204794 0.12917 68.9923 -0.0134734 0.998453 -0.0549297 -5.67549 -0.130084 0.0527171 0.990191 150.658
0.992529 0.0192453 0.121183 69.1085 -0.0128808 0.998564 -0.0531222 -5.66258 -0.122019 0.0511584 0.991301 151.456
0.993532 0.0168616 0.113064 69.2324 -0.0117439 0.998934 -0.0458325 -5.69708 -0.113706 0.0442033 0.99262 152.273
0.993852 0.0140289 0.110595 69.2974 -0.00984949 0.999279 -0.038287 -5.71363 -0.111041 0.0369571 0.993222 153.133
0.994083 0.0211183 0.107367 69.3499 -0.0172829 0.999236 -0.0365856 -5.74513 -0.108047 0.0345091 0.993637 153.967
0.994385 0.0240933 0.103871 69.4068 -0.0197972 0.998972 -0.0422351 -5.77909 -0.10477 0.0399362 0.993788 154.834
0.994867 0.0240436 0.0991762 69.4343 -0.0189211 0.998505 -0.0523338 -5.82817 -0.100276 0.0501835 0.993783 155.64
0.995413 0.0208094 0.0942962 69.4772 -0.0153868 0.998264 -0.05792 -5.86921 -0.0953268 0.0561971 0.993953 156.461
0.996177 0.0200301 0.0860673 69.5657 -0.0151592 0.998317 -0.0569522 -5.92043 -0.0870537 0.0554241 0.994751 157.284
0.996812 0.0271181 0.0761823 69.6468 -0.0230147 0.998322 -0.0542864 -5.96765 -0.0775165 0.052354 0.99571 158.097
0.997342 0.032829 0.066395 69.7169 -0.0291179 0.99805 -0.0561961 -6.02204 -0.0681018 0.054108 0.996299 158.954
0.99792 0.0350276 0.0556966 69.7614 -0.0315588 0.997636 -0.0620511 -6.07775 -0.0577295 0.0601579 0.996613 159.786
0.998439 0.0332564 0.0468051 69.803 -0.0302079 0.997514 -0.0645166 -6.1382 -0.0488266 0.062996 0.996908 160.654
0.998757 0.0338456 0.0389089 69.8208 -0.0313974 0.997645 -0.0619895 -6.19151 -0.0409074 0.0606843 0.997413 161.496
0.998859 0.0374013 0.0325336 69.8126 -0.0355234 0.997816 -0.0566657 -6.23077 -0.0345748 0.0554398 0.997952 162.322
0.998915 0.0415511 0.0248575 69.818 -0.0402105 0.997882 -0.0523218 -6.27176 -0.0269718 0.0512596 0.998416 163.183
0.999092 0.041088 0.0173478 69.8232 -0.0401703 0.997968 -0.0505814 -6.3099 -0.0193843 0.0498335 0.998658 164.021
0.999268 0.0381985 0.0134305 69.8524 -0.0374921 0.998126 -0.0496323 -6.35049 -0.0152948 0.0490867 0.998773 164.835
0.999341 0.0372791 0.0102524 69.8475 -0.0366858 0.997953 -0.0534279 -6.38332 -0.0122171 0.0530112 0.998608 165.662
0.999216 0.0414643 0.0051361 69.8496 -0.0410796 0.997369 -0.0607783 -6.41599 -0.00763647 0.0605133 0.998236 166.507
0.998966 0.0473443 0.0016142 69.8346 -0.047114 0.996406 -0.0711931 -6.43879 -0.0049732 0.071037 0.997553 167.327
0.999073 0.04499 -0.00301351 69.8474 -0.0450929 0.996347 -0.0734083 -6.48959 -0.000294247 0.0734689 0.997396 168.185
0.998966 0.0471082 -0.00533263 69.8232 -0.0473657 0.996643 -0.0676377 -6.55204 0.00213394 0.0678141 0.997788 169.014
0.998835 0.0495326 -0.00740393 69.81 -0.0498809 0.997152 -0.0577013 -6.6105 0.00453032 0.0579971 0.998406 169.883
0.998742 0.0505005 -0.0119832 69.8033 -0.0510501 0.997468 -0.0506851 -6.66927 0.00939845 0.0512277 0.998736 170.717
0.998889 0.0461066 -0.0166663 69.7782 -0.0469559 0.997469 -0.054601 -6.71977 0.0141114 0.0553165 0.998471 171.562
0.999357 0.0307729 -0.0228537 69.7872 -0.0322494 0.997282 -0.0670996 -6.75105 0.0207312 0.0677864 0.99758 172.347
0.99935 0.0232438 -0.0307539 69.7557 -0.0255983 0.996662 -0.0784137 -6.71631 0.0288326 0.0791421 0.996549 173.195
0.999065 0.0285389 -0.0352047 69.6566 -0.0312196 0.996526 -0.0779626 -6.77897 0.0328612 0.0789808 0.996432 173.989
0.998895 0.0289029 -0.0395046 69.5699 -0.0316474 0.99707 -0.0706309 -6.86982 0.0373508 0.0717954 0.996822 174.82
0.998636 0.0244015 -0.0481131 69.5572 -0.0275446 0.997519 -0.0656855 -6.95423 0.0463941 0.0669137 0.996777 175.638
0.998561 0.0160057 -0.0530073 69.4955 -0.0192743 0.99798 -0.0616717 -7.01494 0.0519155 0.0625973 0.996792 176.401
0.998236 0.0103888 -0.06004 69.4459 -0.0141476 0.998008 -0.0624418 -7.07635 0.0592742 0.0631734 0.996341 177.291
0.99781 0.00657897 -0.0672513 69.3985 -0.0113308 0.99752 -0.070471 -7.13278 0.0666222 0.0710707 0.995349 178.14
0.997284 -0.00274068 -0.074875 69.3409 -0.00330294 0.996816 -0.0804081 -7.20627 0.0748586 0.0804281 0.994047 178.989
0.996398 -0.0158945 -0.0844625 69.3495 0.00863244 0.99636 -0.0856129 -7.25591 0.0855162 0.0845662 0.992847 179.792
0.995977 -0.0118291 -0.0898822 69.2338 0.00472856 0.996944 -0.0787472 -7.32886 0.0905397 0.0779966 0.992936 180.687
0.995517 2.31726e-05 -0.0956028 69.1167 -0.00627929 0.997928 -0.0651005 -7.40884 0.095403 0.065401 0.993393 181.587
0.99506 0.00630247 -0.100018 69.0211 -0.012154 0.998309 -0.0579557 -7.47317 0.0994836 0.0588775 0.9934 182.425
0.995019 0.00519521 -0.100515 68.8946 -0.0114936 0.998069 -0.0621497 -7.51419 0.099998 0.0629876 0.993097 183.242
0.994891 0.00383706 -0.101808 68.7781 -0.0113175 0.997335 -0.0729547 -7.56593 0.101257 0.0737258 0.99223 184.081
0.994531 0.0130602 -0.104555 68.6592 -0.0216207 0.996537 -0.0811379 -7.65627 0.103133 0.0829458 0.991309 184.944
0.994307 0.0106364 -0.106912 68.5646 -0.0198599 0.996201 -0.0855417 -7.72404 0.105595 0.0871686 0.990687 185.795
0.994285 0.00551242 -0.107525 68.4613 -0.014274 0.996692 -0.0808547 -7.80167 0.106723 0.0819184 0.991015 186.59
0.994173 0.00549463 -0.108542 68.3825 -0.0133984 0.997366 -0.0721814 -7.88221 0.107858 0.0732065 0.991574 187.47
0.994337 0.00944768 -0.106774 68.2594 -0.0165457 0.997769 -0.0657562 -7.97393 0.105914 0.0671423 0.992214 188.308
0.994016 0.00874584 -0.10977 68.1713 -0.016265 0.997635 -0.067751 -8.03194 0.108916 0.0691225 0.991753 189.195
0.993872 0.00642972 -0.111241 68.066 -0.0149303 0.997088 -0.075722 -8.12452 0.110429 0.07691 0.991012 190.037
0.993283 -0.00617835 -0.116401 68.0243 -0.00423503 0.9961 -0.0889645 -8.17436 0.116494 0.0888503 0.989321 190.899
0.992643 -0.0191813 -0.120365 67.9586 0.00790141 0.995661 -0.0934706 -8.24045 0.121633 0.0918221 0.988428 191.763
0.992468 -0.0155063 -0.12234 67.8379 0.00480715 0.99625 -0.0872303 -8.35374 0.123231 0.0859754 0.988759 192.683
0.992301 -0.00810998 -0.124372 67.7266 -0.00135276 0.997193 -0.0757826 -8.44873 0.124635 0.0753586 0.989446 193.535
0.992061 -0.00632683 -0.12639 67.6212 -0.00279142 0.997489 -0.0717996 -8.53825 0.126524 0.0715735 0.989491 194.385
0.99181 -0.00746716 -0.128273 67.5252 -0.00220304 0.997247 -0.0750527 -8.62325 0.128478 0.0747119 0.989003 195.234
0.991686 -0.00749329 -0.129239 67.4274 -0.00300822 0.996797 -0.0808354 -8.70052 0.129427 0.0805427 0.988426 196.077
0.991734 -0.000789522 -0.129069 67.2927 -0.00979759 0.996708 -0.0813458 -8.77373 0.128706 0.0819287 0.988402 196.931
0.991598 0.000473169 -0.130137 67.1744 -0.0109116 0.996852 -0.0794757 -8.84376 0.129685 0.0802186 0.988419 197.769
0.99151 0.00491998 -0.130687 67.0458 -0.0148448 0.99714 -0.0750565 -8.93606 0.129941 0.0763503 0.988689 198.61
0.991509 0.0090168 -0.1305 66.9208 -0.0186942 0.997226 -0.0730897 -9.00128 0.129475 0.0748996 0.988865 199.441
0.991214 0.0116011 -0.132509 66.81 -0.0215517 0.997106 -0.0738879 -9.06993 0.131266 0.0760854 0.988536 200.272
0.991147 0.00984475 -0.133167 66.7019 -0.0204635 0.996774 -0.078574 -9.14089 0.13196 0.0805939 0.98809 201.075
0.990752 0.0114895 -0.135939 66.599 -0.0231209 0.996249 -0.0842779 -9.20931 0.134458 0.0866315 0.987242 201.895
0.990672 0.0133534 -0.136362 66.4743 -0.025101 0.996161 -0.0847651 -9.2751 0.134703 0.0873872 0.987142 202.701
0.990669 0.0149132 -0.136213 66.3311 -0.0256018 0.996774 -0.0770399 -9.3266 0.134621 0.0797986 0.987797 203.498
0.990323 0.0150703 -0.138703 66.2312 -0.0246865 0.997468 -0.0678408 -9.40772 0.137326 0.0705994 0.988123 204.338
0.990376 0.00965909 -0.138798 66.1239 -0.0191032 0.997655 -0.0668523 -9.46915 0.137823 0.0688514 0.988178 205.105
