0.999875 -0.000972166 -0.01583 0.165703 0.000994031 1 0.00138778 -0.0134742 0.0158289 -0.00140329 0.999875 0.975266
1 -0.00130273 -0.00167416 0.0117344 0.00130376 0.999999 0.000577843 -0.0278959 0.00167458 -0.000580333 1 1.39179
0.999997 -0.000773976 0.00158679 -0.0300277 0.000779313 0.999996 -0.0033505 0.0116622 -0.00158527 0.00335215 0.999992 1.31866
0.999999 7.15192e-05 -0.000598778 -0.00131348 -7.11771e-05 0.999997 0.000503026 -0.0226071 0.000599958 -0.000503367 1 1.35369
0.999994 0.002857 -0.00216049 0.0385446 -0.00285788 0.999999 -0.000381392 -0.0188769 0.00215833 0.000388035 0.999998 1.30099
0.999992 -0.00215281 -0.00338468 0.0860221 0.0021567 0.999993 0.00110425 -0.0203394 0.00338336 -0.00111204 0.999994 1.34426
1 0.000778477 -0.00111602 0.0125259 -0.000778906 1 -0.000258181 -0.00781777 0.00111471 0.000259581 1 1.37038
0.999998 0.00103093 -0.0015141 0.0177447 -0.00103439 0.999993 -0.00237671 -0.0129 0.00151275 0.00237774 0.999996 1.37355
0.999997 0.00233783 -0.00185374 0.0234733 -0.00234225 0.999999 -0.00231298 -0.0208149 0.00184722 0.00231785 0.999996 1.3911
0.999992 0.00363031 0.00123616 -0.0382046 -0.00362865 0.999989 -0.0011865 -0.017334 -0.00123945 0.00118152 1 1.34116
0.999997 0.00244827 0.000556425 -0.0174118 -0.00244863 1 0.000297025 -0.0264079 -0.000556656 -0.000297979 0.999999 1.39622
0.999998 0.00056361 0.00164144 -0.0356934 -0.000565469 0.999996 0.00126884 -0.0234821 -0.00163976 -0.00127027 0.999999 1.37498
0.999997 -0.00209585 0.00175356 -0.0318345 0.00209052 0.999997 0.00291803 -0.0226843 -0.00176063 -0.00291383 0.999994 1.37995
0.99999 -0.0041668 0.00190319 -0.0335964 0.00416372 0.999988 0.00174873 -0.019626 -0.0019095 -0.00174128 0.999998 1.36595
0.999997 -0.00236808 0.000780092 -0.0140908 0.00236889 0.999999 -0.00142289 -0.0373791 -0.000777706 0.00142524 0.999998 1.38053
0.999999 -0.00109903 0.000928805 -0.0270691 0.00110023 0.999997 -0.00106281 -0.0311595 -0.000926595 0.00106315 1 1.33818
0.999997 0.00232608 0.00210247 -0.0319754 -0.0023257 1 -0.000391105 -0.0421541 -0.00210419 0.000386698 0.999998 1.38937
0.99999 0.0035719 0.00187752 -0.0289802 -0.00357692 0.999984 0.00293826 -0.0389514 -0.00186625 -0.00294545 0.999994 1.41175
1 0.000605568 0.00162794 -0.0223681 -0.000614154 0.999994 0.00492919 -0.0449574 -0.00162564 -0.00492968 0.999988 1.44426
0.999992 -0.00255236 0.00215769 -0.0279585 0.00254825 0.999989 0.00224082 -0.0277235 -0.00216254 -0.00223592 0.999995 1.38007
0.999991 -0.0047084 3.84191e-05 -0.00491434 0.00470778 0.999994 -0.000655832 -0.0403391 -3.59872e-05 0.000656563 1 1.41255
0.999998 -0.00092194 0.000876047 -0.0241883 0.000923508 0.999994 -0.00104605 -0.0407679 -0.000874312 0.00104627 1 1.39146
0.999996 -0.00117441 0.00309641 -0.0431206 0.00118075 1 -0.00230977 -0.0252144 -0.00309419 0.00231392 0.999993 1.38096
0.999989 0.00336759 0.00255092 -0.0289245 -0.0033633 0.999989 -0.00136622 -0.019509 -0.00255486 0.00135711 0.999996 1.39723
1 0.0013889 0.00116502 -0.0315384 -0.00138808 1 -0.00145441 -0.0271829 -0.00116772 0.00145318 0.999999 1.39297
0.999996 6.63277e-05 0.00175252 -0.0291314 -6.58291e-05 0.999995 0.000226193 -0.0255587 -0.00175177 -0.000226665 0.999998 1.3864
1 -0.00135919 0.00138894 -0.0504755 0.00135453 1 0.00271453 -0.0365865 -0.00139327 -0.00271238 0.999996 1.43276
0.999997 0.000919486 -0.000486479 -0.00054249 -0.000918083 0.999997 0.000973223 -0.0168288 0.00048791 -0.000972911 1 1.43039
1 0.00206472 -0.00133998 0.0194016 -0.00206472 1 0.000690635 -0.0287262 0.00134087 -0.000687746 0.999999 1.44822
0.999994 0.0024368 0.000555471 -0.0152522 -0.00243563 0.999994 -0.000588902 -0.0204697 -0.000556331 0.00058744 1 1.44038
1 0.00171747 -0.00105234 0.0096298 -0.00171857 1 -0.000173925 -0.0179022 0.0010515 0.000175848 0.999999 1.48814
0.999998 0.000613494 -0.000354332 -0.00398708 -0.000612494 0.999997 -0.00019341 -0.0214373 0.000354803 0.000193584 1 1.44517
1 -0.00123049 -0.00151766 0.017335 0.00122887 1 -0.000354777 -0.0237027 0.0015175 0.000352945 0.999999 1.45221
0.999998 2.69626e-05 -0.000753395 0.000794821 -2.61814e-05 0.999997 0.000223426 -0.0305548 0.000754361 -0.000223443 1 1.43639
0.999993 0.00212494 0.00377069 -0.114397 -0.00214079 0.999993 0.00403656 -0.103911 -0.00376303 -0.00404476 0.999986 1.35827
0.999997 -0.000360919 -0.00164159 0.00559982 0.000364425 0.999995 0.00177363 -0.0307217 0.00164208 -0.00177401 0.999998 1.48095
0.999999 0.000132706 -0.00250477 0.0420946 -0.000132656 1 0.00022879 -0.0402072 0.00250371 -0.000228689 0.999995 1.46735
0.999996 0.000685656 -0.00183812 0.0032015 -0.000686017 0.999997 -0.000407977 -0.0108114 0.00183894 0.000409438 1 1.46624
1 0.000243279 -0.00100018 -0.0112833 -0.000242995 1 0.000691066 -0.0240687 0.000999333 -0.000691041 0.999999 1.42847
0.999998 -0.000957953 -0.000402921 -0.00562732 0.000958781 0.999998 0.00128737 -0.0303693 0.000402804 -0.00128759 1 1.47275
1 -0.00145663 0.000214764 -0.00764801 0.00145613 1 0.000523197 -0.0307868 -0.000216599 -0.00052299 0.999998 1.46308
0.999997 -0.00233691 -6.88097e-05 -0.0154089 0.00233722 0.999996 -0.00032575 -0.0252357 7.05917e-05 0.000325748 1 1.45015
0.999995 -0.00125541 0.00253568 -0.0356444 0.00125274 0.999999 0.000910247 -0.0326965 -0.00253773 -0.000907209 0.999992 1.4465
1 -0.00188208 0.000641228 -0.0143231 0.00188033 0.999999 0.00321516 -0.0459428 -0.000646429 -0.00321377 1 1.43667
0.999995 -0.00256978 0.000922697 -0.0144512 0.0025674 0.999989 0.00231432 -0.040217 -0.000929912 -0.00231213 0.999994 1.44691
1 -0.00223703 -0.000386428 0.0241496 0.00223716 1 -0.000564423 -0.030722 0.000388244 0.000563703 1 1.42989
0.999995 -0.00205862 0.000651199 -0.00839151 0.00205893 0.999994 -0.00083628 -0.0239993 -0.00065043 0.000837473 0.999996 1.45279
1 0.000845099 0.0019767 -0.0194881 -0.000843906 1 -0.000437003 -0.0299759 -0.00197624 0.000435485 1 1.40843
0.999996 0.000346238 0.000418818 0.00142929 -0.000346672 0.999996 0.000214213 -0.0281759 -0.000419564 -0.00021454 0.999996 1.46542
0.999989 0.00439152 0.00356203 -0.0518374 -0.00439481 0.999995 0.00111975 -0.0314631 -0.00355647 -0.00113515 0.999999 1.36887
0.99998 0.00540117 0.000430759 0.0193363 -0.00540175 0.999981 -0.000236973 -0.0140179 -0.000432729 0.000234381 0.999994 1.45517
0.99999 0.00548925 0.00117769 -0.0143152 -0.00548648 0.999989 -0.00173079 -0.00152261 -0.00118655 0.00172453 1 1.43438
0.999978 0.00503179 0.00321215 -0.08394 -0.0050258 0.999981 -0.00210632 0.00801151 -0.00322353 0.00208999 0.999987 1.45584
1 0.00308774 0.000890466 -0.0226905 -0.00308579 1 -0.00140634 -0.0105229 -0.00089405 0.00140385 1 1.42806
0.999995 0.00135607 0.000242267 0.013903 -0.0013571 0.999993 0.0013191 -0.053301 -0.000241259 -0.00131967 0.999996 1.41936
1 0.000661381 0.00266557 -0.04613 -0.000657293 1 -0.0013554 -0.00416598 -0.00266605 0.00135391 0.999999 1.47195
0.999994 -0.00115912 -0.00135473 0.0417092 0.00115811 0.999995 -0.000513973 -0.0310758 0.00135475 0.000512125 0.999995 1.37042
1 -0.00120084 0.000998675 -0.0205284 0.00120417 0.999999 -0.00296376 0.00465581 -0.000994829 0.00296524 1 1.37754
0.999992 0.000343028 0.00227879 -0.0587195 -0.000338622 0.999995 -0.00200598 0.00508951 -0.00228024 0.00200497 0.99999 1.42098
0.999986 -0.00244421 -0.00573316 0.0912818 0.00246235 0.999993 0.00315425 -0.0731405 0.00572588 -0.0031681 0.999985 1.31881
0.999994 0.000931243 3.94555e-05 -0.0230343 -0.000930802 0.999996 -0.00215586 -0.00405529 -4.28083e-05 0.00215582 0.999994 1.43992
1 0.000208723 0.00269615 -0.071293 -0.000206645 1 -0.000759152 -0.0102511 -0.00269579 0.000758787 1 1.40971
0.999965 -0.000951543 0.00793268 -0.215419 0.000967321 0.999996 -0.00197949 0.0324345 -0.00793164 0.00198687 0.999965 1.38295
0.999999 -0.00262055 -0.0020957 0.0558838 0.00262768 0.999992 0.00346516 -0.0855771 0.002087 -0.00347046 0.999994 1.09171
0.999994 -0.00236 0.000711389 -0.0795215 0.00236102 0.999995 -0.00124656 0.0147954 -0.000709165 0.00124814 0.999998 1.44703
1 -0.00194113 -0.00119007 0.0209647 0.00194266 1 0.00109127 -0.0482222 0.0011883 -0.00109343 1 1.32249
0.999989 -0.000965658 0.00347779 -0.0918093 0.000972933 0.999996 -0.00213984 0.00330566 -0.0034763 0.00214306 0.99999 1.36896
0.999999 -0.00189738 -0.00357343 0.0778244 0.00189696 1 -0.00020619 -0.0408705 0.00357404 0.000199447 0.999998 1.40634
0.999993 0.000464449 0.00123792 -0.0402485 -0.000462843 0.999997 -0.00132576 -0.00810952 -0.0012389 0.00132508 0.999996 1.45666
0.999997 0.00021815 0.0040722 -0.0919315 -0.000207863 0.999999 -0.00252096 0.0104362 -0.00407242 0.00252017 0.999992 1.40024
0.999995 0.000527209 -0.00169474 0.036825 -0.000524524 0.999996 0.00153506 -0.0680777 0.00169522 -0.00153434 0.999996 1.34067
0.999995 0.0025417 0.00330438 -0.0723669 -0.00253658 0.999999 -0.00147441 0.0071386 -0.00330804 0.00146627 0.999996 1.37699
0.999988 -0.00125898 -0.00347081 0.0552527 0.0012668 0.999994 0.00216678 -0.0377249 0.00346767 -0.00217136 0.999988 1.36292
0.999979 0.00268359 -0.00667531 0.105264 -0.00264646 0.999983 0.00563229 -0.0967286 0.00669061 -0.00561431 0.999965 1.28112
0.999995 -0.000436366 -0.000650204 -0.0132411 0.000435285 0.999994 -0.00255133 -0.00817698 0.00065093 0.00255099 0.999995 1.37856
0.99997 -0.00159841 -0.00823298 0.116257 0.00159599 1 -0.00024226 -0.0631973 0.00823374 0.000229131 0.999969 1.2646
0.999993 0.00137964 0.00162794 -0.0532719 -0.00137492 0.999994 -0.0024455 0.00392275 -0.00163152 0.0024432 0.999993 1.33875
0.99998 0.000726522 0.00729758 -0.161233 -0.00074207 0.999999 0.00200414 -0.0524081 -0.00729615 -0.00200952 0.999977 1.02558
0.999983 -8.40332e-05 0.00422221 -0.0631155 8.36773e-05 1 0.000482239 -0.000864944 -0.00422279 -0.000481759 0.999987 1.40367
1.00001 -0.000695162 0.00126504 -0.0169654 0.000693946 0.999996 -0.000312103 -0.00950484 -0.00126433 0.000312779 1 1.37047
0.999986 -0.00241789 0.00164184 -0.00233034 0.00242107 1 -0.000812716 -0.0347472 -0.00164049 0.000816936 0.999994 1.22893
1.00001 0.000222148 0.00134011 -0.010275 -0.000224666 0.999998 0.000679328 -0.0750503 -0.00133972 -0.000679887 1.00001 1.36336
0.999974 0.00432645 0.00340833 -0.0523684 -0.00431007 0.999986 -0.00438674 0.0142765 -0.00342769 0.00437227 0.99998 1.38755
1 0.00278188 0.00230649 -0.0139197 -0.00278436 0.999992 0.000465695 -0.0293139 -0.00230478 -0.000472243 1 1.3232
0.999987 0.00131682 0.00175312 -0.0022136 -0.00132073 0.999999 0.00301569 -0.041385 -0.00174953 -0.00301787 0.99999 1.3326
1.00001 -0.000188854 0.000587027 0.0110042 0.000185914 0.999996 0.00266096 -0.0320684 -0.000587168 -0.00266101 1 1.37438
0.999988 -0.000150396 0.00222075 -0.042281 0.000151073 0.999999 0.000242178 -0.0187738 -0.00222131 -0.000241624 0.999994 1.3352
1 0.001587 0.0030412 -0.0344226 -0.00157942 0.999997 -0.00290165 0.0100309 -0.0030453 0.00289662 0.999996 1.35521
0.999984 0.00295377 0.00205026 -0.023241 -0.00294805 0.999991 -0.00220279 -0.00102606 -0.00205729 0.00219698 0.999991 1.36504
0.999997 0.00191152 0.00446994 -0.0858283 -0.00190015 0.999996 -0.00283605 0.0189131 -0.00447488 0.00282724 0.99999 1.35398
0.99999 0.0012068 0.00152669 0.0337479 -0.00120517 0.999998 -6.12186e-05 -0.0518828 -0.00152766 5.97559e-05 0.999995 1.26841
1.00001 0.000424947 0.00166456 -0.00607806 -0.000425551 1 -0.000638089 -0.0244617 -0.0016646 0.000636994 1 1.35352
0.999991 -0.00143521 0.000991096 0.0282164 0.00143521 0.999998 0.00133258 -0.0552737 -0.000993606 -0.00133089 0.999998 1.31828
1 0.000246172 0.00313033 -0.0652665 -0.000244992 1 -0.000841218 0.0108798 -0.00313015 0.000840175 0.999996 1.36269
0.999986 -0.00194265 0.00357539 -0.0355703 0.00194723 0.999997 -0.000883174 0.00571969 -0.00357427 0.000890305 0.999993 1.29814
1 -0.00183366 -0.00166331 0.0440758 0.00183388 0.999999 0.000926111 -0.0312166 0.00166197 -0.000929415 0.999999 1.34748
0.999991 -0.00237736 0.000135835 -0.00129427 0.00237866 0.999997 0.000176101 -0.023944 -0.000136621 -0.000175589 1 1.35386
1.00001 -0.00189198 -0.000171253 0.00180776 0.00189087 0.999998 0.00122355 -0.0311724 0.000169384 -0.00122402 0.999999 1.37729
0.999992 -0.00171735 0.000561645 -0.0343865 0.00171923 0.999999 -0.000780246 -0.0132142 -0.000560856 0.000781377 1 1.41328
1.00001 -0.00139729 0.000465572 -0.0300034 0.00139615 0.999998 -0.000387356 -0.0209617 -0.000464459 0.000387797 1 1.35493
0.999993 -0.00147462 -0.000371537 -0.0249822 0.00147653 0.999998 0.00163562 -0.02721 0.000368472 -0.00163594 0.999998 1.37649
1.00001 -0.00157162 -0.000817449 -0.00978956 0.00156972 0.999999 -0.000753555 -0.0140327 0.000819249 0.00075204 1 1.38965
0.999992 -0.000327941 0.000463611 -0.0371361 0.000330042 0.999999 -0.000376696 -0.0207236 -0.000464135 0.000377044 1 1.36708
1.00001 0.000619955 0.000407761 -0.0331682 -0.00062156 1 -0.000731155 -0.0233556 -0.00040761 0.000730697 1 1.38346
0.999994 -0.0002381 0.00145932 -0.0482749 0.000240525 0.999999 -0.000340018 -0.0213932 -0.00145987 0.000340563 1 1.38028
1 -0.0021945 0.00113837 -0.0393456 0.00219621 0.999995 -0.00321906 -0.0149603 -0.00113058 0.00322132 0.999995 1.38776
0.999982 -0.00494333 0.000389891 -0.0302588 0.00494574 0.999984 -0.00122086 -0.0061191 -0.0003846 0.00122297 0.999998 1.38703
0.999971 -0.00833574 -0.0019538 0.0179332 0.00833766 0.999968 0.00181887 -0.0201924 0.00193954 -0.00183534 0.999999 1.3179
0.999976 -0.00579767 0.000600329 -0.0370963 0.00579927 0.999981 0.000332871 -0.0072931 -0.000602906 -0.000329253 1 1.37726
0.999996 -0.000357622 -0.00459133 0.0911704 0.000344248 0.999999 -0.00250976 -0.0482638 0.00459283 0.00250801 0.999986 1.39527
0.999994 0.00100955 0.000825409 -0.0143392 -0.00100512 0.999994 -0.00317006 -0.0282558 -0.000829012 0.00316928 0.999997 1.34215
0.999995 0.00379351 0.00274615 -0.0476501 -0.00379267 0.999993 -0.000986272 -0.048609 -0.00274945 0.000975722 0.999994 1.34769
0.999994 0.000170945 0.00113132 -0.00971279 -0.000169368 0.999999 0.000329917 -0.0257199 -0.00113163 -0.00033003 1 1.38559
0.999998 -0.00345204 0.00173957 -0.0309116 0.00344376 0.99999 0.00369914 -0.0256277 -0.00175188 -0.0036932 0.999991 1.30648
0.999977 -0.00604706 -8.64483e-05 0.0240684 0.00604928 0.999977 0.00228122 -0.0196814 7.22881e-05 -0.00228178 0.999999 1.41617
1 -0.00337454 0.000943708 -0.0098899 0.00337127 0.999996 0.00142217 -0.0290513 -0.000948109 -0.0014189 0.999998 1.36156
0.999988 -0.00169323 0.00261343 -0.0532235 0.00169669 0.999997 -0.000613557 -0.0120391 -0.00261276 0.000617846 0.999997 1.36238
1 0.00232707 0.00293651 -0.0361172 -0.00232941 1 0.000183699 -0.0187935 -0.0029357 -0.000190303 0.999996 1.3878
0.999983 0.00394155 0.00190698 -0.0213727 -0.00394211 0.999987 0.00134197 -0.0530697 -0.00190205 -0.00134974 0.999997 1.38558
1 0.00369492 0.00170901 -0.0143671 -0.00369243 0.999996 -0.0025359 -0.0248584 -0.00171809 0.00252982 0.999998 1.37369
0.999988 0.00188782 -0.000197175 -0.024887 -0.00188578 0.999992 0.000638632 -0.0246484 0.000198194 -0.000638535 0.999998 1.35763
1 0.00192094 0.00424631 -0.0623529 -0.00192509 1 0.000561874 -0.0120276 -0.00424513 -0.000569835 0.999993 1.37415
0.999988 0.00169029 0.000494789 -0.030069 -0.00168806 0.999992 -0.000917153 -0.00692649 -0.000496486 0.00091612 0.999997 1.37774
1.00001 0.00244826 0.000538496 -0.0236685 -0.0024489 1 -0.00214699 -0.0294706 -0.000543551 0.00214584 1 1.39196
0.999989 0.00132816 -0.00136482 -0.0114894 -0.00132736 0.999993 -0.000664514 -0.0452224 0.00136358 0.000666169 0.999997 1.36707
1.00001 0.00062988 0.00146954 -0.0462883 -0.000634669 1 0.0021148 -0.0569966 -0.00146789 -0.00211557 0.999999 1.34602
0.999973 0.00574807 0.00164967 -0.0499979 -0.00574865 0.999977 0.00144127 -0.0192134 -0.00164191 -0.00145096 0.999996 1.36824
1 0.0026942 -0.00157772 0.0232234 -0.00269054 0.999999 0.00350343 -0.0417181 0.00158768 -0.00349884 0.999996 1.43356
0.999987 0.000893546 0.00366501 -0.0619042 -0.000897303 0.999991 0.00155663 -0.0144735 -0.00366418 -0.00156017 0.99999 1.37542
1 -0.00289054 -0.000656564 -0.00417856 0.0028889 1 0.000449639 -0.0155409 0.000655817 -0.000451314 1 1.40109
0.999986 -0.00428834 -0.00125347 -0.00972105 0.00429592 0.999977 0.00443612 -0.0722568 0.00123387 -0.00444173 0.999989 1.42031
1 0.000244416 0.00024036 -0.0268889 -0.00024528 0.999992 -0.0043585 -0.0268195 -0.000240854 0.00435872 0.999989 1.42666
0.999995 0.00213272 0.000414694 -0.0375754 -0.00212885 0.999984 -0.0046849 -0.0186083 -0.000425264 0.00468363 0.999988 1.39476
0.999996 0.00427088 0.000451257 -0.0193006 -0.0042725 0.999993 -0.000392175 -0.0189408 -0.000452425 0.000390623 1 1.41379
0.999989 0.00364385 -8.07017e-05 0.0220682 -0.0036416 0.999992 0.000890245 -0.027065 8.30913e-05 -0.000890149 1 1.28333
1 0.00194262 0.00145836 -0.0243305 -0.00195038 0.999996 0.00386737 -0.0271646 -0.00144998 -0.00386996 0.999992 1.3687
0.999989 0.000409653 0.00268071 -0.0500007 -0.000414816 0.999989 0.00274378 -0.0283682 -0.00268041 -0.00274507 0.999991 1.38664
1.00001 -0.00032691 -0.000445258 0.0213307 0.000325239 1.00001 0.00104479 -0.0349161 0.000445725 -0.00104466 1 1.37559
0.999989 -0.00240256 1.78716e-05 -0.00679276 0.00240482 0.999988 0.00121551 -0.0286932 -2.16085e-05 -0.0012157 0.999998 1.47572
1 -0.00260755 0.000330123 -0.00999187 0.002605 1.00001 0.000484115 -0.030201 -0.000330624 -0.000483001 1 1.45798
0.999989 -0.0028618 0.000283278 -0.00800858 0.00286395 0.999988 0.000801699 -0.031353 -0.000286304 -0.000801106 0.999999 1.44272
1 -0.00255833 0.000563441 0.00129301 0.00255532 1 0.00134702 -0.0259065 -0.00056612 -0.00134539 0.999999 1.49733
0.999984 -0.00405531 0.00178551 -0.0330672 0.00405492 0.999986 0.00145852 -0.0230465 -0.0017921 -0.00145149 0.999996 1.40213
1 -0.00227989 0.00132619 -0.0172227 0.00227795 1 -0.000188771 -0.0205551 -0.00132501 0.000192011 1 1.45636
0.999992 0.00163527 0.00102834 -0.0218886 -0.00162843 0.999985 -0.00437997 -0.0259733 -0.00103621 0.004378 0.999989 1.44886
0.999976 0.00777716 0.00101279 -0.0382908 -0.00777423 0.999962 -0.00494018 -0.0227725 -0.0010503 0.00493239 0.999989 1.4386
0.999962 0.00797048 0.00138517 -0.0220044 -0.00796903 0.999965 0.000369181 -0.0249441 -0.00138317 -0.000380437 0.999999 1.44542
0.999957 0.008412 0.00528366 -0.121447 -0.00844714 0.999951 0.00627699 -0.0600109 -0.00522958 -0.00632118 0.99997 1.51565
0.999994 -0.000754478 -0.000698405 0.0130367 0.00076118 0.999972 0.00678777 -0.0934643 0.000692428 -0.0067886 0.999975 1.45423
1 -0.00186187 -6.72588e-05 -0.0115198 0.00185999 1 0.0010583 -0.0314399 6.63249e-05 -0.00105816 1 1.49412
0.99999 -0.00347131 0.000856525 -0.0441589 0.00347308 0.999992 0.000261027 -0.0295353 -0.000858336 -0.000258362 0.999998 1.43
1 -0.00252423 -0.000158252 -0.0193584 0.00252234 1 -4.96788e-05 -0.0282713 0.000159413 4.96487e-05 1 1.47509
0.999995 -0.000694477 0.000935694 -0.0341776 0.000695287 0.999996 0.00116935 -0.043299 -0.00093744 -0.00116901 0.999995 1.46185
1 0.0014175 0.00250396 -0.0578518 -0.00141935 0.999999 -4.70323e-05 -0.0174858 -0.00250243 4.3409e-05 1 1.46008
0.999986 0.000627879 -0.00342759 0.0523844 -0.000617969 0.999998 0.00230883 -0.0554446 0.00342751 -0.0023067 0.999985 1.42962
1.00001 8.95349e-05 -2.27399e-05 -0.00302808 -9.14887e-05 0.999999 0.00109884 -0.0502996 2.45091e-05 -0.00109885 1.00001 1.51645
0.999993 -0.00084971 -0.000358436 0.00303094 0.000851173 1 -0.000875618 -0.023735 0.00035764 0.000875383 0.999995 1.53995
1.00001 -0.000937964 -0.00103313 0.00172844 0.000937874 0.999996 0.00137443 -0.0484214 0.00103378 -0.0013756 1.00001 1.48938
0.999991 0.000561594 -0.00104571 -0.0029014 -0.000559501 1 0.000585485 -0.0346064 0.0010443 -0.000584589 0.999995 1.49996
1.00001 -8.33993e-05 -0.000558937 0.00313733 8.25583e-05 0.999998 0.00114022 -0.0469537 0.000560803 -0.0011406 1.00001 1.5091
0.999993 -0.00037813 -0.000262133 -0.0236899 0.000379769 1 0.000438959 -0.0321864 0.000260071 -0.000438612 0.999994 1.43887
1.00001 0.000243285 -0.00111534 0.014523 -0.000244563 1 0.000437148 -0.0399924 0.00111742 -0.000437181 1 1.54573
0.999992 0.000248388 -0.00155878 0.018933 -0.000245987 0.999999 0.000442903 -0.0394669 0.00155695 -0.000442191 0.999995 1.58741
1.00001 0.000166193 -0.000469884 -0.00242745 -0.000167801 1 9.25444e-05 -0.027655 0.000471895 -9.28144e-05 1 1.50002
0.999992 -0.00117062 -0.000784454 0.00389742 0.00117223 1 4.60166e-05 -0.029223 0.000782494 -4.66821e-05 0.999996 1.5328
1.00001 -0.0013779 0.00032916 -0.0167167 0.00137636 0.999999 2.2901e-05 -0.0220067 -0.000327287 -2.27001e-05 1 1.51278
0.999993 -0.00087832 0.000589929 -0.0221246 0.000879737 1 0.00017762 -0.023435 -0.000591907 -0.000176802 0.999996 1.53269
1 -0.00156942 0.00119435 -0.0329984 0.00156707 0.999999 0.000691933 -0.020919 -0.00119357 -0.000690388 1 1.51539
0.999994 -0.000662763 0.000456479 -0.0137827 0.000663775 0.999999 0.00129607 -0.0402647 -0.000459062 -0.00129546 0.999996 1.5407
1.00001 0.00124245 4.41183e-06 0.00600945 -0.00124449 1 -0.000366886 -0.0362087 -3.39946e-06 0.000366367 1 1.53034
0.999989 0.000724234 0.00229981 -0.0429527 -0.000721569 0.999998 -0.000281684 -0.0346146 -0.00230147 0.000280541 0.999993 1.48777
1.00001 0.00101473 0.0012531 0.0244129 -0.00101646 1 -0.000230819 -0.0105483 -0.00125195 0.000229089 1 1.45791
0.999991 -0.00118869 0.00161976 0.0367853 0.00118656 0.999995 0.002513 -0.0262462 -0.00162412 -0.00251057 0.999992 1.42446
1.00001 -0.00149341 0.000893665 0.0608843 0.00149097 1 0.000645421 -0.0266684 -0.000893333 -0.000644547 1 1.36521
0.999993 0.000112306 0.00129534 -0.0760724 -0.000109341 0.999999 -0.000910172 -0.0326746 -0.00129708 0.000910317 0.999996 1.65913
1.00001 3.73098e-05 -0.000869643 0.0356107 -3.99832e-05 1 -0.00100755 -0.0446538 0.000870786 0.0010073 1 1.51843
0.999989 0.000856145 -0.00360425 0.0958426 -0.000848071 0.999998 0.00175933 -0.0674099 0.00360451 -0.00175595 0.999989 1.62331
0.999999 -0.000546842 -0.00374211 0.0960567 0.000554611 0.999998 0.0025357 -0.0579725 0.00374183 -0.0025381 0.999995 1.5307
0.999993 -0.000155131 -0.000928746 0.0102582 0.000157767 0.999998 0.000991748 -0.0366383 0.00092739 -0.000991552 0.999996 1.55159
1.00001 0.000239295 -0.00089237 0.0232669 -0.000240774 1 0.000376867 -0.0378608 0.000893646 -0.000377101 1 1.50497
0.999994 0.00140721 0.00024855 -0.0149066 -0.00140562 0.999999 0.000613982 -0.0340019 -0.000249001 -0.00061406 0.999998 1.58684
1 0.0009436 0.000759677 -0.0160869 -0.000945605 0.999999 0.000331082 -0.0304037 -0.000758122 -0.000332164 1 1.51697
0.999995 -0.000488189 -0.00118644 0.0181173 0.000491661 0.999999 0.00150312 -0.0487038 0.00118443 -0.00150339 0.999997 1.55174
1 -0.00183309 0.000226881 -0.00915931 0.00183126 0.999999 0.00107809 -0.041929 -0.000227699 -0.00107803 1 1.52652
0.999994 -0.00236306 -0.000215538 -0.00293089 0.00236507 0.999994 0.00214501 -0.0512319 0.000209123 -0.00214516 0.999997 1.59615
1 -0.00277089 0.000956007 -0.0167158 0.00276894 0.999996 0.000495858 -0.0224389 -0.000955926 -0.000493536 1 1.54239
0.999996 -0.00129218 -0.000420812 -0.00116182 0.00129305 0.999998 -0.00139596 -0.0173809 0.000421177 0.00139577 0.999997 1.57038
1 0.00140374 -0.000974438 -0.00946762 -0.00140876 0.999992 -0.0036626 -0.0192433 0.000970678 0.00366356 0.999996 1.54782
0.999991 -0.00277299 0.00231907 -0.0260012 0.00276281 0.999987 0.00493095 -0.103192 -0.00233416 -0.00492413 0.999984 1.47153
0.999988 -0.00525897 0.00102994 -0.0323252 0.00525093 0.999963 0.00636566 -0.122768 -0.0010621 -0.00636067 0.999981 1.53177
0.999995 -0.00154837 -0.000375366 -0.0108811 0.00155061 1 0.00237794 -0.0829885 0.000370398 -0.00237808 0.999998 1.61347
1 -0.000644157 -0.00152968 0.0305262 0.000645734 0.999994 0.00188578 -0.0776912 0.00152967 -0.00188716 0.999996 1.60442
0.999993 -0.00190444 0.00166429 -0.024387 0.00190277 1 0.0018928 -0.0508615 -0.00166917 -0.00188925 0.999998 1.53459
1 0.00137795 -0.000606045 0.0172706 -0.00137921 0.999994 0.000508048 -0.0355232 0.000608057 -0.000507611 0.999998 1.59873
0.999996 0.000885107 0.00119942 -0.0108584 -0.000884712 1 0.000888854 -0.043997 -0.00120009 -0.000889576 1 1.56031
1 -0.000523693 2.31537e-05 0.00525885 0.000522247 0.999993 0.00193595 -0.0751484 -2.27664e-05 -0.00193626 0.999996 1.5465
0.999996 0.00208468 0.0013319 -0.00806713 -0.00208006 1 -0.00239597 -1.48573e-05 -0.00133847 0.00239349 0.999999 1.55652
0.999995 -0.0015297 0.00350118 0.0214049 0.00152646 1 0.00048211 -0.0219927 -0.00350217 -0.000477334 0.999998 1.37318
0.999998 -0.000978183 7.7451e-05 -0.014775 0.000980054 1 -0.000924691 -0.0232639 -7.69068e-05 0.000925305 0.999997 1.63843
1 -0.00198428 0.000968188 0.0628068 0.00198281 0.999999 -0.000396806 -0.0112809 -0.000967933 0.000398061 1 1.44973
0.999997 -0.00150761 -0.000494859 0.0159077 0.00150993 1 0.00103207 -0.0284861 0.000493151 -0.00103227 0.999998 1.64281
1 -0.000211199 0.000923311 -0.016638 0.000210464 0.999999 -0.0010309 -0.0123427 -0.000923191 0.00103049 1 1.52994
0.999996 -0.00205837 0.000258831 -0.0130778 0.00206055 0.999995 -0.00215496 -0.0225736 -0.00025426 0.00215613 0.999994 1.56406
1 -6.3055e-05 -0.000999082 0.0189427 5.84827e-05 0.999995 -0.00298553 -0.0232878 0.000999147 0.00298475 0.999999 1.60006
0.999997 -0.00096665 -3.75142e-05 -0.0205642 0.000968318 0.999999 0.000581089 -0.0274218 3.70538e-05 -0.000580402 0.999996 1.58613
1 -0.00114243 -0.000165353 -0.0133967 0.00114046 1 -0.00138214 0.000284405 0.000166345 0.00138108 1.00001 1.57298
0.999996 0.000773301 0.00104249 -0.0309936 -0.000769654 0.999995 -0.0019714 -0.00691356 -0.00104368 0.00197144 0.99999 1.56204
0.999999 0.00314073 -0.000317228 -0.010887 -0.00314334 0.999992 -0.00339995 0.00402235 0.000306287 0.00340005 1 1.58725
0.999997 0.000631162 -0.00109878 -0.00317627 -0.000629968 0.999996 -0.000314812 -0.0252974 0.00109886 0.000316387 0.999991 1.65028
1 -0.000998242 9.93474e-05 -0.0337186 0.000996496 1 0.00161329 -0.0425902 -0.000101418 -0.00161409 1.00001 1.57249
0.999998 -0.00105848 -0.00157714 0.0189716 0.00106163 0.999997 0.000905677 -0.0157299 0.00157657 -0.000906408 0.99999 1.58816
0.999999 0.0021277 8.97438e-06 -0.0233497 -0.00212945 1 0.000312461 -0.0100245 -8.81178e-06 -0.000313477 1.00001 1.62437
0.999998 0.000710306 0.00161248 0.0035097 -0.000705703 0.999996 -0.00181921 -0.00535531 -0.00161353 0.00181898 0.999989 1.54966
0.999999 -0.00139291 0.000406473 -0.00540339 0.00139191 1 -0.00103108 -0.0102383 -0.000405644 0.00103073 1.00001 1.65346
0.999995 -0.00242543 -0.00168314 0.0579688 0.00242738 0.999997 0.000362881 -0.0262717 0.00168273 -0.000366116 0.99999 1.59279
0.999993 -0.00363777 -0.00111475 -0.00810393 0.00363527 0.999994 -0.000925259 -0.0249936 0.00111751 0.000920348 1.00001 1.62856
0.999995 -0.00326622 -0.00052424 -0.0112199 0.00326689 0.999993 -0.00155053 -0.0252891 0.000529709 0.00154967 0.99999 1.58803
0.999996 -0.00217742 -0.00179207 0.00181571 0.00217306 0.999997 -0.0015838 -0.0116327 0.00179513 0.00157896 1.00001 1.55038
0.999992 0.000551707 -0.00376757 0.0278205 -0.000546777 0.999999 0.000922821 -0.0638687 0.00376841 -0.000919908 0.999983 1.58635
0.999999 0.00115808 -0.00227187 -0.00462723 -0.00115723 0.999999 0.00113621 -0.0297533 0.00227309 -0.00113441 1.00001 1.69774
0.999995 0.00133979 -0.00281654 0.0553227 -0.00132412 0.999987 0.00487217 -0.0518292 0.0028232 -0.00486754 0.999977 1.60078
1 -0.00112356 0.000228 -0.0068736 0.00112061 0.999991 0.00416121 -0.0419425 -0.000232802 -0.00416184 0.999998 1.65631
0.999999 -7.10483e-05 -0.000295327 -0.0225755 7.36391e-05 0.999998 0.00187575 -0.0382389 0.000295413 -0.00187494 0.999992 1.60409
0.999984 -0.000855109 -0.00594139 0.0770366 0.000837074 0.999996 -0.00268871 -0.0100377 0.00594363 0.0026828 0.999986 1.4884
0.999995 -0.00177342 -0.00177921 0.0303845 0.00177461 1 -0.000355485 -0.0233549 0.00178022 0.000353185 0.99999 1.60933
0.999998 0.000281404 -0.00235323 0.0281319 -0.000277801 0.999997 0.00228721 -0.0633442 0.00235354 -0.00228736 1 1.62394
0.999999 -0.000389004 0.00118736 -0.0168986 0.0003923 1 -0.00138992 -0.00638786 -0.00118638 0.00139112 0.999991 1.68977
0.999994 0.00302021 0.00175793 -0.0493964 -0.00301978 0.999994 -0.00121555 -0.0260612 -0.00176199 0.00120957 1 1.67011
0.999999 0.0011424 0.000672262 -0.0141233 -0.00113941 0.999998 -0.00201209 -0.00720822 -0.000673995 0.00201197 0.999991 1.6737
0.999996 -0.00127057 -0.00288654 0.0253303 0.0012751 0.999996 0.00218226 -0.0274484 0.00288329 -0.00218655 1 1.56248
0.999992 8.98058e-05 -0.00376213 0.0449921 -8.32005e-05 1 0.00126217 -0.0422468 0.00376274 -0.00126124 0.999984 1.57526
0.999997 -0.00130396 -0.00222597 0.0228276 0.0013016 0.999998 -0.000228417 -0.0453379 0.00222583 0.00022491 1.00001 1.60541
0.999993 0.000961226 -0.00357092 0.0348135 -0.000951015 0.999998 0.00235843 -0.0598935 0.00357365 -0.00235436 0.999981 1.63721
0.999991 0.00379048 -0.00183472 -0.00743396 -0.00379362 0.999991 -0.000755641 -0.0552792 0.00183135 0.000761868 1.00001 1.60817
0.999999 -0.00142639 -0.000162812 -0.009163 0.00142687 0.999956 -0.00955746 0.0828585 0.000176802 0.0095582 0.999946 1.63682
0.999973 0.00169883 -0.00735695 0.0709035 -0.00170372 0.999997 -0.000369083 -0.0102272 0.00735548 0.000380896 0.999984 1.66922
0.999992 -0.000733911 -0.00278579 0.0247552 0.000745763 0.999994 0.0034985 -0.0315091 0.00278379 -0.00349987 0.999977 1.60438
1 0.00124334 -0.00236312 -0.0112889 -0.00123797 0.999995 0.00315175 -0.026477 0.00236644 -0.00314958 1.00001 1.60495
0.999992 -0.00108118 -0.00199189 -0.0172557 0.00107699 0.999996 -0.00313133 0.0123412 0.00199582 0.00313002 0.999978 1.6153
1 -0.001915 -0.00202348 -0.0246032 0.00190623 0.999992 -0.00339213 0.00611163 0.00202935 0.00338747 1.00001 1.59094
0.999995 -0.00103401 -0.000976003 0.0104728 0.00103531 1 -0.000857616 -0.00911659 0.000977112 0.00085752 0.999985 1.45066
1 -0.00025891 -0.00119613 -0.0246647 0.000256531 1 -0.000404112 -0.0238391 0.00119578 0.000402948 1.00002 1.65951
0.999995 0.000753171 -0.00139875 0.0140751 -0.000751757 0.999999 -0.000381815 -0.0357627 0.00139881 0.000383665 0.999983 1.60599
1 -0.00273871 -0.000494986 -0.0034529 0.00273591 0.999995 -0.00165257 -0.00288361 0.000499119 0.00165041 1.00002 1.61389
0.999996 -0.000886348 -0.000702632 0.00964932 0.000887704 0.999999 -0.000840042 -0.0105633 0.000703797 0.000840218 0.999983 1.60392
1 -0.00192645 -0.000741035 0.00222329 0.00192417 0.999998 -0.000455164 -0.0165278 0.000741475 0.000452943 1.00002 1.56049
0.999995 -0.00113253 0.00124055 -0.0339701 0.00113911 0.999993 -0.00367549 0.04089 -0.00123619 0.00367767 0.999977 1.63432
1 -0.000633097 -0.00073988 0.00642634 0.000631274 1 0.000368378 -0.0492698 0.000739512 -0.000369491 1.00002 1.6678
0.999996 -0.00162795 -0.000184598 0.00608484 0.00163012 1 0.000381442 -0.0297178 0.000184018 -0.000381083 0.999984 1.61516
1 0.00118985 8.59022e-05 -0.0319204 -0.00119179 0.999999 -0.00131591 -0.015707 -8.76719e-05 0.00131509 1.00002 1.70363
0.999997 -0.00137904 -0.000687352 0.000714407 0.00138002 0.999997 -0.00164363 -0.0160669 0.000689787 0.00164336 0.999982 1.60132
0.999999 -0.00243741 -0.00114263 0.0291488 0.0024378 0.999995 0.00220284 -0.0333076 0.00113709 -0.00220627 1.00001 1.64495
0.999996 -0.00151934 0.00100451 -0.0328081 0.00152105 0.999999 0.00046253 -0.0182118 -0.001005 -0.000460342 0.999982 1.61588
0.999997 0.000410783 0.00310923 -0.0657979 -0.000407867 0.999998 -0.00158453 -0.0167558 -0.00311014 0.00158252 1.00001 1.55289
0.999998 0.00113895 -4.88312e-05 0.0311181 -0.00113684 1 0.000993687 -0.0507038 5.00931e-05 -0.000992904 0.999983 1.51972
1 0.00179757 0.000654194 -0.0171181 -0.00180002 0.999999 0.000533281 -0.02422 -0.000653575 -0.000535323 1.00002 1.64352
0.999997 0.000818461 -0.00108482 0.0253534 -0.000814061 0.999997 0.0021234 -0.0481241 0.00108697 -0.00212167 0.999982 1.62403
0.999999 0.00264176 -0.000593076 0.0217494 -0.00264365 0.999997 0.000338403 -0.0474838 0.000593559 -0.000337695 1.00001 1.61303
0.999994 -0.0023284 -0.000879739 0.00784145 0.0023322 0.999996 0.00197823 -0.0704566 0.000875531 -0.00197941 0.999985 1.60478
1 -0.000565389 0.000556307 -0.012203 0.00056255 0.999998 0.000981539 -0.0445195 -0.000557289 -0.000982247 1.00002 1.60276
0.999997 0.000157133 0.00139711 -0.0120283 -0.000154472 1 -0.00025338 -0.0252569 -0.00139677 0.000254188 0.999984 1.63241
1 0.00125814 0.000326613 -0.00852657 -0.00126069 0.999998 0.000628177 -0.0353334 -0.000326265 -0.000629571 1.00001 1.64475
0.999997 0.000989374 0.00103967 -0.0138669 -0.000990175 0.999995 0.00302315 -0.062952 -0.00103643 -0.00302327 0.99998 1.61611
1 -0.00024704 -0.000259967 0.0223457 0.000244894 0.999998 0.000683739 -0.0349209 0.000259364 -0.000684721 1.00001 1.60126
0.999998 -0.000357475 -0.000475616 -0.00874373 0.000359751 1 -0.000124564 -0.0451477 0.000475974 0.000125345 0.999986 1.56803
0.999968 -0.00824265 0.00067601 -0.00795383 0.00823855 0.999961 0.00250374 -0.0477679 -0.000697007 -0.00249905 1.00001 1.5213
0.999986 -0.00316236 -0.00414715 0.134038 0.00318045 0.999992 0.00377932 -0.0798053 0.0041353 -0.00379148 0.999972 1.54714
1 0.00174872 0.000382141 -0.0285777 -0.00175066 0.999999 -0.000142631 -0.0153089 -0.000383287 0.000141009 1.00001 1.69729
0.999997 -0.00179868 0.000557859 -0.00744516 0.00180073 0.999998 -4.91308e-05 -0.0225197 -0.000557004 5.11041e-05 0.999989 1.62506
1 0.00167945 0.00135128 -0.0192516 -0.00168073 0.999999 -0.000735564 -0.0181683 -0.00135338 0.000732298 1.00001 1.60459
