0.999989 0.000914726 -0.00499231 -0.0397198 -0.00092117 0.999999 -0.00125317 0.0246167 0.0049912 0.00125768 0.999988 0.0857073
0.999947 0.00216837 -0.0101042 -0.08263 -0.00218645 0.999996 -0.00177895 0.0303921 0.0101003 0.00180099 0.999948 0.144997
0.999856 0.00271546 -0.0168487 -0.105833 -0.00275652 0.999993 -0.00240993 0.0293019 0.0168421 0.00245593 0.999857 0.217434
0.999662 0.00368128 -0.0258043 -0.123275 -0.00377717 0.999987 -0.00366761 0.0291834 0.0257906 0.00376385 0.999661 0.322312
0.99928 0.00366387 -0.0378098 -0.136502 -0.00386837 0.999978 -0.00533628 0.0270194 0.0377894 0.00547853 0.999273 0.459038
0.998713 0.0031332 -0.050658 -0.168975 -0.0034844 0.999971 -0.00684666 0.0337557 0.0506352 0.00701437 0.998694 0.557436
0.997778 0.00357192 -0.0665677 -0.193101 -0.0040582 0.999966 -0.00716955 0.0379572 0.0665398 0.00742359 0.997759 0.678064
0.996409 0.00240321 -0.0846653 -0.231844 -0.00302458 0.99997 -0.00721108 0.0366043 0.0846455 0.00744127 0.996385 0.818609
0.994543 0.00206714 -0.104344 -0.268597 -0.00286798 0.999968 -0.00752434 0.0372308 0.104325 0.0077823 0.994517 0.972266
0.991934 0.00218927 -0.126754 -0.317533 -0.00322863 0.999963 -0.00799466 0.0395959 0.126732 0.00833946 0.991903 1.16006
0.988624 0.00603085 -0.150311 -0.383148 -0.00745095 0.999933 -0.00888548 0.0305142 0.150247 0.0099041 0.988603 1.32952
0.984588 0.0106705 -0.174581 -0.469905 -0.0126286 0.99987 -0.0101089 0.0245886 0.174451 0.0121578 0.984593 1.49674
0.979561 0.0137506 -0.200694 -0.554329 -0.0162433 0.99981 -0.0107784 0.0188253 0.200508 0.0138178 0.979598 1.66963
0.973779 0.0149001 -0.227019 -0.680772 -0.0177722 0.999788 -0.0106128 0.0186292 0.226813 0.0143691 0.973835 1.83513
0.966725 0.0167238 -0.255284 -0.808303 -0.0200979 0.999742 -0.0106141 0.0259026 0.255041 0.0153913 0.966811 2.00076
0.958568 0.0187759 -0.284255 -0.9469 -0.0224111 0.999706 -0.0095415 0.0273484 0.283992 0.0155166 0.958703 2.15358
0.948908 0.0215211 -0.314831 -1.10462 -0.0255352 0.999637 -0.00863069 0.032598 0.314531 0.0162287 0.949113 2.31293
0.937264 0.0237818 -0.347821 -1.223 -0.0285447 0.999559 -0.00857563 0.0381766 0.347463 0.0179661 0.937525 2.49219
0.924541 0.0269221 -0.380144 -1.35421 -0.0323654 0.999446 -0.00793356 0.0456734 0.379719 0.019638 0.924899 2.65459
0.909148 0.0271005 -0.415601 -1.4855 -0.0329496 0.999435 -0.00690791 0.0448836 0.415179 0.0199743 0.909524 2.85193
0.891395 0.0221143 -0.4527 -1.61435 -0.0285243 0.999569 -0.00733755 0.0433583 0.452341 0.0194532 0.89164 3.04435
0.871438 0.0171995 -0.490212 -1.76005 -0.0238977 0.999688 -0.00740769 0.0402262 0.489932 0.0181704 0.871574 3.22195
0.847764 0.0187283 -0.530055 -1.92834 -0.0244862 0.999696 -0.003841 0.0352993 0.52982 0.0162349 0.847963 3.40708
0.819462 0.0248372 -0.572602 -2.11001 -0.02985 0.999554 0.000637671 0.029182 0.572363 0.0165697 0.819836 3.58318
0.787855 0.0276967 -0.61525 -2.31139 -0.0329153 0.999456 0.00284312 0.0246716 0.614992 0.0180108 0.788337 3.76257
0.752993 0.0271214 -0.657476 -2.52154 -0.0326269 0.99946 0.00386135 0.0273765 0.657226 0.0185439 0.75347 3.93359
0.714296 0.022688 -0.699488 -2.73759 -0.0270358 0.999625 0.00481499 0.0327555 0.699333 0.0154715 0.71464 4.09902
0.673728 0.0187723 -0.738747 -2.987 -0.0220884 0.999742 0.00526003 0.0429565 0.738656 0.012774 0.673968 4.24956
0.630354 0.0183763 -0.776101 -3.25699 -0.0199204 0.999777 0.00749301 0.043623 0.776062 0.0107366 0.630578 4.40419
0.583322 0.0188179 -0.812029 -3.53589 -0.0168934 0.999797 0.0110339 0.0451649 0.812072 0.00728165 0.58352 4.54743
0.533312 0.019825 -0.845697 -3.82791 -0.0166449 0.99978 0.0129405 0.0521505 0.845765 0.00717478 0.533523 4.67351
0.481928 0.0202378 -0.875983 -4.14989 -0.0174267 0.999758 0.01351 0.0793166 0.876044 0.00875474 0.482162 4.78484
0.428756 0.0209921 -0.903187 -4.4793 -0.017726 0.999735 0.0148214 0.107467 0.903257 0.00965473 0.429013 4.8813
0.372555 0.0232071 -0.927726 -4.81745 -0.0153741 0.999705 0.018834 0.0954715 0.927889 0.00724639 0.372801 4.9934
0.319391 0.0250034 -0.947304 -5.1751 -0.0136371 0.999672 0.021788 0.114821 0.947536 0.00595922 0.319626 5.04442
0.26666 0.024054 -0.963497 -5.48513 -0.00639634 0.999712 0.0231882 0.151378 0.963775 -2.04133e-05 0.266736 5.10049
0.216466 0.0238252 -0.976011 -5.87651 -0.00517204 0.999718 0.0232572 0.160189 0.976287 1.32802e-05 0.216527 5.14468
0.168081 0.0251069 -0.985459 -6.29009 -0.0077788 0.99968 0.0241427 0.162015 0.985748 0.00360776 0.168222 5.18673
0.125448 0.026165 -0.991767 -6.68754 -0.0116026 0.999624 0.024905 0.163397 0.992043 0.00838239 0.125704 5.20101
0.086922 0.0242219 -0.995927 -7.13162 -0.0129408 0.99965 0.0231832 0.181042 0.996137 0.0108731 0.0872042 5.21275
0.0517757 0.02077 -0.998454 -7.60796 -0.0113753 0.999732 0.020207 0.200441 0.998605 0.010311 0.051998 5.21725
0.0200107 0.0175135 -0.999653 -8.05366 -0.0103449 0.999799 0.0173092 0.223648 0.999753 0.00999491 0.0201872 5.19661
-0.00718351 0.0150706 -0.999873 -8.55171 -0.0106641 0.999829 0.0151469 0.239051 0.999929 0.0107709 -0.00702151 5.18399
-0.0278686 0.012334 -0.999543 -9.06658 -0.0124339 0.999845 0.0126846 0.249535 0.999541 0.0127817 -0.0277114 5.14507
-0.0447739 0.0109817 -0.998948 -9.60604 -0.0127207 0.999853 0.011562 0.266086 0.998927 0.0132243 -0.0446275 5.10992
-0.0574626 0.00818415 -0.998322 -10.1333 -0.0111615 0.999902 0.00883979 0.33632 0.998292 0.0116507 -0.0573658 5.06295
-0.0665345 0.00879708 -0.997757 -10.6763 -0.012578 0.999875 0.00965463 0.352641 0.997716 0.0131915 -0.0664153 5.00348
-0.0738815 0.00959232 -0.99723 -11.2684 -0.0146031 0.99984 0.0106995 0.357422 0.997168 0.0153531 -0.0737298 4.95929
-0.0783838 0.0108541 -0.996877 -11.8646 -0.0157594 0.999805 0.0121251 0.354793 0.99681 0.01666 -0.078197 4.90248
-0.0785726 0.0125466 -0.996838 -12.41 -0.0154228 0.999789 0.0137996 0.333305 0.996796 0.0164583 -0.0783627 4.82247
-0.0795639 0.0147444 -0.996735 -13.046 -0.0138701 0.999781 0.0158967 0.347806 0.996745 0.015089 -0.0793414 4.79698
-0.0781462 0.0164862 -0.996817 -13.7033 -0.0141636 0.999748 0.0176453 0.355896 0.99685 0.0154974 -0.0778932 4.73917
-0.0770171 0.0157127 -0.99692 -14.3677 -0.0163156 0.999726 0.0170174 0.365845 0.996909 0.0175754 -0.076739 4.68835
-0.0760639 0.0122652 -0.997041 -15.0549 -0.0173766 0.999761 0.0136247 0.379878 0.996959 0.0183615 -0.0758329 4.63116
-0.0747903 0.0121713 -0.997139 -15.7315 -0.0166053 0.999776 0.013449 0.387096 0.997074 0.0175631 -0.0745708 4.58093
-0.0729303 0.0145815 -0.997246 -16.4412 -0.0162228 0.999749 0.0158048 0.394405 0.997214 0.0173307 -0.0726757 4.52382
-0.0707924 0.0163932 -0.997373 -17.1597 -0.0170151 0.999704 0.0176393 0.416021 0.997361 0.0182185 -0.0704919 4.46483
-0.0691158 0.0176835 -0.99747 -17.8978 -0.0177444 0.999669 0.0189522 0.426678 0.997462 0.0190091 -0.0687797 4.40966
-0.069222 0.0172518 -0.997469 -18.6086 -0.0204395 0.999621 0.0187075 0.423752 0.997407 0.0216821 -0.0688425 4.38471
-0.0682894 0.013747 -0.99759 -19.3636 -0.0223633 0.99964 0.0153063 0.436212 0.997427 0.0233544 -0.0679579 4.33794
-0.0676929 0.0132372 -0.997636 -20.139 -0.0220625 0.999653 0.014761 0.440593 0.997477 0.0230089 -0.0673767 4.29217
-0.0652923 0.0153531 -0.997767 -20.9296 -0.0200776 0.999665 0.0166963 0.448539 0.997676 0.0211226 -0.0649628 4.22805
-0.0648226 0.0166 -0.997777 -21.7278 -0.0175654 0.999695 0.0177731 0.457939 0.997758 0.0186778 -0.0645104 4.18373
-0.0641835 0.0183099 -0.99779 -22.5536 -0.0162326 0.999686 0.0193891 0.460605 0.997818 0.0174408 -0.0638669 4.1371
-0.0638937 0.0124729 -0.997896 -23.3602 -0.0164831 0.999779 0.0135518 0.474265 0.997835 0.0173137 -0.0636733 4.08382
-0.0628005 0.00547609 -0.998032 -24.1777 -0.015295 0.999869 0.00644874 0.473959 0.997921 0.0156695 -0.0627093 4.02077
-0.0638761 -0.000390328 -0.997976 -25.0041 -0.0125057 0.999929 0.000409488 0.487342 0.997896 0.0125059 -0.0638756 3.9869
-0.0632856 -0.000898502 -0.998017 -25.829 -0.0116313 0.99994 -0.00016239 0.499873 0.99794 0.0115974 -0.0632928 3.91354
-0.0649882 0.00410473 -0.997896 -26.6199 -0.00900311 0.999955 0.00469965 0.505847 0.997862 0.00928903 -0.0649474 3.90248
-0.0656976 0.011233 -0.9978 -27.475 -0.0104201 0.999882 0.0119428 0.4977 0.997799 0.0111813 -0.0655733 3.84618
-0.0679463 0.0170412 -0.997563 -28.3036 -0.011426 0.999782 0.0178574 0.484173 0.997641 0.0126107 -0.0677362 3.81561
-0.0674684 0.0167415 -0.997607 -29.1634 -0.0136609 0.999758 0.0177018 0.485503 0.997642 0.0148219 -0.067224 3.73454
-0.0682588 0.0113771 -0.997622 -30.0249 -0.0111014 0.999871 0.0121624 0.529979 0.997625 0.0119043 -0.068123 3.66427
-0.0702447 0.00774213 -0.997526 -30.8654 -0.0108414 0.999913 0.00852443 0.539227 0.997487 0.0114127 -0.0701553 3.62229
-0.0708643 0.00878671 -0.997469 -31.708 -0.0121395 0.999888 0.00967058 0.534368 0.997431 0.0127931 -0.0707492 3.56416
-0.069036 0.0118295 -0.997573 -32.4579 -0.0135509 0.999835 0.0127944 0.504203 0.997539 0.0144006 -0.0688651 3.47911
-0.0692709 0.00975748 -0.997572 -33.3037 -0.0142764 0.999849 0.0107713 0.501365 0.997514 0.014987 -0.0691207 3.41897
-0.0688753 0.00493271 -0.997642 -34.1342 -0.0155838 0.999869 0.00601995 0.488228 0.997521 0.0159609 -0.0687901 3.35717
-0.0682657 0.000892986 -0.997692 -34.9741 -0.0172244 0.999858 0.00207367 0.479642 0.997537 0.0173253 -0.0682405 3.28062
-0.0685167 0.000840273 -0.997679 -35.762 -0.0156591 0.999885 0.00191784 0.490088 0.997545 0.0157535 -0.0684962 3.23115
-0.0685489 0.000139931 -0.997674 -36.5904 -0.0106999 0.999951 0.000875552 0.533478 0.99761 0.0107341 -0.068544 3.17075
-0.0657251 0.00508045 -0.997855 -37.3693 -0.0102598 0.99994 0.00576709 0.512814 0.997805 0.0106163 -0.0656696 3.06486
-0.0651114 0.0113164 -0.997841 -38.2393 -0.00945133 0.999892 0.0119565 0.496175 0.997855 0.0102087 -0.0649975 2.994
-0.0654422 0.0168094 -0.997744 -39.0721 -0.0105066 0.999797 0.0175331 0.45226 0.997823 0.0116297 -0.0652534 2.93765
-0.0648096 0.0178356 -0.997767 -39.9206 -0.010637 0.999779 0.0185625 0.433215 0.997863 0.0118154 -0.0646059 2.86429
-0.0644478 0.0138866 -0.997855 -40.6654 -0.01065 0.999843 0.0146021 0.413804 0.997886 0.0115676 -0.0642908 2.81298
-0.0649057 0.0119634 -0.997849 -41.5268 -0.0108158 0.99987 0.0126912 0.367623 0.997855 0.0116153 -0.0647682 2.75203
-0.0674267 0.0105586 -0.997697 -42.3082 -0.0151924 0.999824 0.0116077 0.338935 0.99763 0.0159395 -0.0672553 2.74869
-0.0688791 0.0093299 -0.997612 -43.1651 -0.0183809 0.999784 0.0106193 0.329917 0.997479 0.0190673 -0.0686931 2.68459
-0.0716444 0.00764272 -0.997431 -43.9881 -0.0162184 0.999836 0.00882586 0.318038 0.997321 0.0168084 -0.0715097 2.65989
-0.073829 0.00373066 -0.997296 -44.8311 -0.0126513 0.999919 0.00467705 0.316397 0.997214 0.0129613 -0.0737761 2.60839
-0.0749754 0.00342963 -0.997209 -45.6671 -0.00921991 0.999956 0.00413194 0.290603 0.997166 0.00950335 -0.0749413 2.54851
-0.0776053 0.00691928 -0.996992 -46.5108 -0.00853459 0.999943 0.00760413 0.282372 0.996972 0.00909801 -0.0775421 2.48588
-0.080044 0.0110282 -0.996759 -47.3352 -0.00624037 0.999921 0.011564 0.291872 0.996795 0.0071451 -0.0799695 2.42775
-0.082029 0.0125976 -0.996582 -48.1463 -0.00278459 0.999921 0.0128691 0.30392 0.99665 0.00382983 -0.0819877 2.36431
-0.0841826 0.0120611 -0.996407 -48.9784 -0.00320784 0.999925 0.0123744 0.286739 0.996468 0.00423749 -0.0841381 2.29302
-0.0842253 0.00729358 -0.996452 -49.7854 -0.00698954 0.999952 0.00790988 0.281563 0.996447 0.00763002 -0.0841705 2.19921
-0.0855559 0.00308173 -0.996358 -50.5934 -0.0116754 0.99993 0.0040951 0.28049 0.996288 0.0119826 -0.0855145 2.11535
-0.0891236 0.000148279 -0.996052 -51.4019 -0.0155863 0.999885 0.00154336 0.285213 0.995923 0.0156613 -0.0891112 2.0543
-0.090292 0.000727259 -0.995945 -52.2097 -0.0165014 0.999868 0.00222583 0.279216 0.995803 0.0166346 -0.0902685 1.9698
-0.0918732 0.00132962 -0.995801 -53.0063 -0.0156045 0.999882 0.00277461 0.277471 0.995674 0.0157929 -0.0918416 1.89726
-0.0930814 0.000179856 -0.995689 -53.7988 -0.016042 0.999877 0.00167994 0.273199 0.995554 0.0161284 -0.0930675 1.81261
-0.0929784 -0.000795472 -0.9957 -54.5811 -0.0169118 0.999864 0.000780185 0.268792 0.995551 0.0169105 -0.0929793 1.73039
-0.0934617 0.00143144 -0.995655 -55.3581 -0.0142299 0.999903 0.0027728 0.252751 0.995548 0.0144262 -0.0934326 1.64976
-0.0931805 0.00446823 -0.995675 -56.1343 -0.0132857 0.999905 0.00573013 0.242778 0.995588 0.0137611 -0.0931123 1.56963
-0.0945775 0.00837838 -0.995517 -56.9201 -0.0123501 0.999887 0.00958782 0.235878 0.995468 0.0132005 -0.0944635 1.49975
-0.0965493 0.00777767 -0.995333 -57.6773 -0.00638264 0.999954 0.00843252 0.268379 0.995335 0.00716609 -0.0964952 1.43141
-0.0969993 0.00712533 -0.995295 -58.4275 -0.00563682 0.999964 0.00770748 0.261021 0.995296 0.00635699 -0.0969559 1.35127
-0.0991068 0.00334566 -0.995107 -59.1623 -0.00423768 0.999994 0.00378373 0.278388 0.995095 0.00459108 -0.0990919 1.29417
-0.100186 -0.00304815 -0.995001 -59.8578 -0.00214647 1 -0.00284798 0.303763 0.994995 0.00184958 -0.100193 1.22302
-0.100455 -0.00760829 -0.994948 -60.5895 -0.00240689 0.99998 -0.00740414 0.308185 0.994966 0.00164986 -0.100471 1.13747
-0.0986703 -0.00968385 -0.99511 -61.3189 -0.00341805 0.999961 -0.00939281 0.282854 0.995144 0.00247368 -0.0986995 1.04986
-0.0969637 -0.0114896 -0.995258 -62.0173 -0.00524392 0.999936 -0.0110331 0.276388 0.995302 0.00414811 -0.0970177 0.979153
-0.0926509 -0.0106611 -0.995679 -62.7295 -0.00437783 0.999947 -0.0103002 0.24731 0.995718 0.00340368 -0.092693 0.893034
-0.0870918 -0.00897237 -0.996197 -63.4013 -0.0033233 0.999967 -0.00871628 0.225647 0.996223 0.00255047 -0.0871189 0.840398
-0.0823765 -0.012845 -0.996556 -64.0642 0.00244285 0.999921 -0.0130911 0.281188 0.996628 -0.00351382 -0.082339 0.800877
-0.0737657 -0.0119972 -0.997242 -64.6869 0.00224466 0.999934 -0.0121965 0.2636 0.997302 -0.00313946 -0.0737347 0.746245
-0.0632203 -0.0123702 -0.997963 -65.3151 0.00272572 0.999928 -0.0125684 0.269487 0.998026 -0.00351572 -0.063183 0.71458
-0.0498776 -0.0129019 -0.998711 -65.9204 0.0022845 0.999923 -0.0130325 0.274575 0.998782 -0.00293301 -0.0498456 0.69224
-0.031873 -0.0119439 -0.999461 -66.5054 0.00188676 0.999937 -0.0120109 0.254646 0.99952 -0.0022696 -0.0318501 0.686001
-0.0106328 -0.0143193 -0.99988 -67.0644 0.0048273 0.999895 -0.0143717 0.287326 0.999962 -0.00498104 -0.0105647 0.695152
0.0146843 -0.0140082 -0.999836 -67.592 0.00707128 0.99989 -0.0139063 0.264314 0.999898 -0.00686671 0.0147791 0.717778
0.0432486 -0.0154888 -0.998985 -68.1325 0.0106428 0.999841 -0.0150422 0.262355 0.999038 -0.00998276 0.0434033 0.767121
0.0751559 -0.0164862 -0.997079 -68.6518 0.0145738 0.999786 -0.0154338 0.256086 0.997097 -0.0133719 0.0753762 0.856098
0.111284 -0.0160387 -0.993701 -69.1068 0.017415 0.999759 -0.0141871 0.236149 0.993667 -0.0157277 0.111532 0.967955
0.148723 -0.0161593 -0.988791 -69.6348 0.0207944 0.999709 -0.0132114 0.214286 0.988693 -0.0185971 0.14901 1.14057
0.194444 -0.0154748 -0.980834 -70.11 0.0239815 0.999664 -0.0110187 0.204602 0.980653 -0.0213804 0.194743 1.25566
0.240811 -0.0171774 -0.970466 -70.5204 0.0311835 0.999477 -0.00995448 0.186844 0.970105 -0.0278657 0.241213 1.42936
0.289464 -0.0210094 -0.957002 -70.9381 0.0422861 0.999077 -0.00914385 0.155875 0.956288 -0.0378217 0.290076 1.62223
0.339987 -0.0258417 -0.940123 -71.3659 0.0501298 0.998711 -0.00932463 0.134478 0.939129 -0.0439579 0.340835 1.83353
0.391045 -0.0304223 -0.919914 -71.7684 0.0579292 0.998299 -0.00839053 0.124139 0.918584 -0.0500092 0.39213 2.07175
0.441442 -0.0299118 -0.896842 -72.2052 0.0589713 0.998262 -0.00426921 0.111479 0.895389 -0.0510032 0.442428 2.35447
0.489029 -0.0298682 -0.871806 -72.5907 0.0615549 0.998118 0.000331702 0.0955441 0.870134 -0.0538263 0.489932 2.6324
0.533532 -0.0339646 -0.845152 -72.9315 0.0713741 0.99745 0.00497067 0.0872284 0.842805 -0.0629735 0.534583 2.9189
0.576077 -0.0401506 -0.816463 -73.2281 0.0836478 0.99646 0.0100165 0.0768695 0.813151 -0.0740652 0.577379 3.23415
0.619189 -0.0445427 -0.784038 -73.5603 0.0863234 0.996213 0.0115749 0.0660676 0.78053 -0.0748471 0.620675 3.5503
0.66142 -0.0489104 -0.74848 -73.876 0.0839749 0.996441 0.00909203 0.0594387 0.745354 -0.0688667 0.663152 3.86946
0.701872 -0.0569779 -0.710086 -74.1582 0.0815757 0.996679 0.00065575 0.077494 0.707671 -0.0583858 0.704173 4.21796
0.742042 -0.0595255 -0.667775 -74.4408 0.077125 0.99703 -0.00317505 0.0812465 0.665967 -0.0491459 0.744406 4.59108
0.780056 -0.063443 -0.62256 -74.696 0.0776252 0.996985 -0.00433897 0.114822 0.620943 -0.0449418 0.782611 4.9785
0.814211 -0.0693472 -0.576494 -74.9027 0.0810139 0.996712 -0.00547818 0.165137 0.574966 -0.0422435 0.817127 5.41111
0.845918 -0.0686221 -0.52897 -75.1556 0.0786153 0.996911 -0.00361027 0.169288 0.52757 -0.0385312 0.848679 5.88167
0.873249 -0.0680369 -0.4826 -75.3727 0.0782394 0.996947 0.00101885 0.173548 0.481048 -0.038648 0.87588 6.35389
0.895968 -0.0628106 -0.439762 -75.5875 0.0721064 0.9974 0.0044479 0.190282 0.438328 -0.035695 0.898146 6.84966
0.91565 -0.0577624 -0.397925 -75.8161 0.0654981 0.997849 0.00586401 0.189154 0.396722 -0.0314327 0.917437 7.39911
0.93026 -0.0543399 -0.362985 -76.0081 0.0618098 0.99806 0.00898947 0.208585 0.361783 -0.030799 0.931794 7.94818
0.941248 -0.0538002 -0.333548 -76.1913 0.0617558 0.998017 0.0132883 0.20615 0.332165 -0.0331061 0.942677 8.53132
0.948873 -0.0542022 -0.311123 -76.3392 0.0621007 0.997962 0.0155315 0.229257 0.309639 -0.0340587 0.950284 9.13272
0.95559 -0.0539499 -0.289888 -76.5236 0.0622199 0.997889 0.0193834 0.225223 0.288224 -0.0365593 0.956902 9.71026
0.960518 -0.0517982 -0.273531 -76.6738 0.0606267 0.997887 0.0239187 0.22694 0.271707 -0.0395578 0.961607 10.3373
0.964982 -0.0466516 -0.258324 -76.847 0.0555059 0.998106 0.0270867 0.231011 0.256565 -0.0404766 0.965716 10.981
0.968113 -0.0434694 -0.246911 -77.0028 0.0524499 0.998189 0.0299101 0.234934 0.245157 -0.0419068 0.968618 11.6512
0.971301 -0.0442477 -0.233919 -77.1495 0.0528591 0.998146 0.0306706 0.243443 0.232122 -0.0421549 0.971811 12.2966
0.974328 -0.0437801 -0.221058 -77.284 0.0519197 0.998179 0.0311446 0.257853 0.219286 -0.0418223 0.974804 12.9606
0.97704 -0.0435481 -0.208799 -77.4093 0.0515937 0.99813 0.0332392 0.270633 0.206956 -0.0432484 0.977433 13.6769
0.979851 -0.0411086 -0.195711 -77.5307 0.0489165 0.998197 0.0352293 0.281216 0.193904 -0.044093 0.980069 14.3816
0.982183 -0.0409485 -0.183697 -77.651 0.0478442 0.998316 0.0332612 0.297034 0.182021 -0.0414568 0.98246 15.1031
0.984296 -0.0402943 -0.172162 -77.7894 0.0459401 0.998542 0.0289352 0.307987 0.17074 -0.0363901 0.984686 15.848
0.985843 -0.0423491 -0.162559 -77.8946 0.0466541 0.998667 0.0227535 0.328531 0.161375 -0.0300152 0.986478 16.5786
0.987104 -0.0422153 -0.154754 -78.0055 0.0463017 0.99868 0.0228962 0.346486 0.153578 -0.0297664 0.987731 17.3268
0.988194 -0.0398917 -0.148289 -78.125 0.0444672 0.998642 0.0276639 0.379797 0.14698 -0.0339308 0.988599 18.1009
0.989072 -0.0349277 -0.143606 -78.2385 0.0405346 0.998535 0.0363025 0.385096 0.142123 -0.0417266 0.989012 18.865
0.989633 -0.0345341 -0.139797 -78.3547 0.0404934 0.998393 0.0400056 0.403341 0.138187 -0.0452509 0.989415 19.6535
0.99006 -0.0371373 -0.136043 -78.4559 0.0426276 0.998398 0.0376675 0.440401 0.134421 -0.0430921 0.990031 20.3895
0.990409 -0.0375523 -0.133384 -78.556 0.0427831 0.998429 0.0365635 0.459984 0.131798 -0.0419186 0.990433 21.163
0.990814 -0.038108 -0.130167 -78.6596 0.0434994 0.998315 0.0388281 0.477687 0.128463 -0.0441333 0.990777 21.9187
0.991087 -0.039426 -0.127684 -78.7553 0.0450989 0.99812 0.0418421 0.485295 0.125791 -0.0472266 0.990975 22.68
0.991182 -0.0444601 -0.125259 -78.8366 0.0503761 0.997756 0.0444645 0.485223 0.122997 -0.0503819 0.991173 23.4344
0.991412 -0.0444001 -0.123464 -78.9186 0.0498644 0.997906 0.0415222 0.494284 0.121359 -0.0473212 0.991522 24.1995
0.991876 -0.0417489 -0.120609 -79.0302 0.0461984 0.99836 0.0343343 0.509187 0.118973 -0.0396271 0.992152 24.9598
0.992246 -0.0420758 -0.11744 -79.1365 0.0453696 0.998659 0.0255114 0.538926 0.116206 -0.0306413 0.992796 25.715
0.992064 -0.0437821 -0.11832 -79.2123 0.0465772 0.998712 0.0209627 0.560025 0.117245 -0.0263076 0.992799 26.4821
0.992246 -0.0431081 -0.117082 -79.2934 0.0460553 0.998699 0.0225786 0.569747 0.115953 -0.0277953 0.992911 27.2358
0.992066 -0.046914 -0.117094 -79.3926 0.0505704 0.998331 0.0284555 0.545527 0.115559 -0.0341514 0.992758 27.9802
0.992402 -0.0430455 -0.11578 -79.4851 0.0472287 0.998333 0.033629 0.55306 0.114136 -0.0388407 0.99275 28.7531
0.99232 -0.0456098 -0.115447 -79.549 0.049919 0.998166 0.0347155 0.574375 0.113648 -0.040212 0.992752 29.5181
0.992082 -0.0488854 -0.116215 -79.6086 0.0532737 0.997984 0.0349569 0.581039 0.114269 -0.0408703 0.992655 30.2636
0.991828 -0.0513477 -0.117255 -79.678 0.0558324 0.997833 0.0352933 0.589299 0.115184 -0.0415516 0.99252 31.0325
0.991806 -0.0515674 -0.117406 -79.7621 0.0559486 0.997859 0.0343336 0.600252 0.11538 -0.04062 0.992537 31.7895
0.991696 -0.0532712 -0.117532 -79.845 0.0573974 0.997857 0.0320126 0.635216 0.11557 -0.0384933 0.9926 32.5518
0.991585 -0.0573346 -0.116629 -79.9439 0.061954 0.99743 0.0363756 0.585521 0.11424 -0.043294 0.992557 33.3539
0.99167 -0.0562688 -0.116348 -80.0348 0.0610385 0.997437 0.0378554 0.594949 0.113915 -0.0446421 0.992539 34.1438
0.991459 -0.0590024 -0.116875 -80.1248 0.0637699 0.997275 0.0374793 0.603099 0.114341 -0.0446111 0.992487 34.9145
0.991294 -0.0591839 -0.118109 -80.2344 0.0639779 0.997275 0.0372253 0.618854 0.115579 -0.0444577 0.992355 35.6559
0.991062 -0.0602002 -0.11961 -80.3402 0.0649972 0.997228 0.0366144 0.651685 0.117071 -0.0440602 0.992195 36.4263
0.990731 -0.0574513 -0.123575 -80.4252 0.0623313 0.997423 0.0359957 0.670307 0.121184 -0.0433647 0.991734 37.2647
0.990681 -0.0524757 -0.126222 -80.542 0.057438 0.997715 0.0359968 0.674828 0.124041 -0.0429101 0.991398 38.0426
0.990421 -0.0520999 -0.128329 -80.6575 0.0563811 0.997978 0.0299589 0.700968 0.126504 -0.0369077 0.99133 38.8471
0.990347 -0.0514453 -0.129249 -80.7881 0.0553628 0.998121 0.0268965 0.706924 0.127619 -0.0337916 0.991298 39.6322
0.989862 -0.0517176 -0.132726 -80.8733 0.0555261 0.998158 0.0251551 0.719078 0.131175 -0.0322703 0.990886 40.4476
0.989647 -0.0521953 -0.1342 -81.0145 0.0563585 0.998051 0.0274079 0.720492 0.132504 -0.0346866 0.990626 41.3023
0.989026 -0.0529736 -0.138344 -81.1081 0.0574151 0.997967 0.0283146 0.722649 0.136557 -0.0359474 0.990032 42.146
0.98898 -0.0530085 -0.138722 -81.2473 0.0576906 0.997901 0.0299464 0.73375 0.136839 -0.0376184 0.98993 42.9817
0.988905 -0.0522722 -0.139474 -81.3811 0.0576028 0.997764 0.0344612 0.737363 0.137355 -0.0421134 0.98968 43.8209
0.988555 -0.0534215 -0.141557 -81.4974 0.0594117 0.997509 0.0384291 0.767315 0.139147 -0.0463981 0.989235 44.6612
0.988375 -0.053163 -0.142862 -81.5993 0.0594137 0.997456 0.0398515 0.793105 0.140374 -0.0478762 0.988996 45.5155
0.988819 -0.050819 -0.140678 -81.7339 0.0567185 0.997673 0.0382436 0.836541 0.138403 -0.0457939 0.989367 46.3875
0.989117 -0.0511321 -0.138399 -81.8664 0.0566927 0.997742 0.0365394 0.86562 0.136212 -0.0439881 0.989761 47.2398
0.989043 -0.0543299 -0.137763 -81.9728 0.0595401 0.997663 0.0339798 0.891001 0.135591 -0.0418088 0.989933 48.1116
0.988973 -0.0581297 -0.136663 -82.0867 0.0630716 0.997511 0.032117 0.913674 0.134449 -0.0403825 0.990156 48.9812
0.989005 -0.0599228 -0.135702 -82.1959 0.0648014 0.997407 0.0318187 0.932432 0.133439 -0.0402614 0.99029 49.8608
0.98922 -0.0610029 -0.133603 -82.3347 0.0660508 0.997266 0.0336853 0.957381 0.131176 -0.0421467 0.990523 50.729
0.989277 -0.0623037 -0.132609 -82.4572 0.0675702 0.997095 0.0355875 0.9751 0.130002 -0.044165 0.990582 51.5947
0.989414 -0.062985 -0.13123 -82.5811 0.0682176 0.997047 0.0357689 0.991443 0.128583 -0.0443423 0.990767 52.4649
0.98958 -0.0624456 -0.130256 -82.7047 0.067234 0.997217 0.0326897 1.00929 0.127848 -0.0411055 0.990994 53.3487
0.990016 -0.0596656 -0.128212 -82.8488 0.063517 0.997656 0.0261634 1.02369 0.126344 -0.034046 0.991463 54.219
0.990464 -0.057461 -0.125759 -82.9871 0.0605373 0.997967 0.0207714 1.03452 0.124306 -0.0281856 0.991896 55.0471
0.990808 -0.0530161 -0.12497 -83.1027 0.0553203 0.998373 0.0150383 1.03218 0.123963 -0.0218142 0.992108 55.9154
0.9911 -0.0523537 -0.122953 -83.229 0.0544491 0.998439 0.0137362 1.03541 0.122038 -0.0203082 0.992371 56.7592
0.991018 -0.0552942 -0.122301 -83.3482 0.0582206 0.998112 0.020484 1.02938 0.120932 -0.027421 0.992344 57.6312
0.990866 -0.0551118 -0.123638 -83.4557 0.0591874 0.997828 0.0295299 1.03522 0.121738 -0.0365771 0.991943 58.5132
0.990488 -0.0560808 -0.126179 -83.5551 0.061265 0.997433 0.0375888 1.03271 0.123741 -0.0449618 0.991359 59.3479
0.989972 -0.0589575 -0.128928 -83.6571 0.0636926 0.997446 0.0329121 1.07206 0.126654 -0.0407927 0.991165 60.1882
0.989572 -0.0638993 -0.129602 -83.7796 0.068006 0.997325 0.0275156 1.10153 0.127491 -0.0360428 0.991249 61.0197
0.988764 -0.0653846 -0.134962 -83.8556 0.0693861 0.997292 0.0251565 1.1124 0.132947 -0.0342374 0.99059 61.8538
0.988355 -0.0638846 -0.138581 -83.9693 0.0676528 0.997471 0.0226543 1.11371 0.136777 -0.0317664 0.990157 62.6854
0.987972 -0.0629146 -0.141769 -84.0942 0.0661848 0.997657 0.0184665 1.1206 0.14027 -0.0276266 0.989786 63.5297
0.987321 -0.0626849 -0.14629 -84.2142 0.0654863 0.997769 0.0144142 1.12451 0.145053 -0.0238122 0.989202 64.3419
0.986981 -0.0619034 -0.148942 -84.3475 0.0638649 0.997944 0.00841692 1.13955 0.14811 -0.0178189 0.98887 65.1487
0.98669 -0.0566045 -0.152877 -84.4772 0.0585607 0.998269 0.00832314 1.12955 0.152134 -0.0171659 0.988275 65.949
0.986377 -0.0533173 -0.156098 -84.6264 0.0552022 0.998466 0.00775798 1.14307 0.155439 -0.0162687 0.987772 66.7566
0.985778 -0.0502551 -0.160779 -84.7667 0.0529415 0.998541 0.012468 1.14078 0.15991 -0.0208033 0.986978 67.5716
0.985169 -0.0487474 -0.164976 -84.9148 0.0524699 0.998477 0.0182748 1.12669 0.163828 -0.0266591 0.98619 68.3559
0.984045 -0.0497099 -0.17123 -85.0495 0.0539622 0.99836 0.020269 1.13735 0.169933 -0.0291861 0.985091 69.1719
0.983027 -0.0493159 -0.177133 -85.204 0.0533877 0.998427 0.0182874 1.16302 0.175947 -0.0274327 0.984079 69.9576
0.982041 -0.0499378 -0.182318 -85.3617 0.0541532 0.998389 0.0182159 1.19196 0.181107 -0.0277625 0.98314 70.7356
0.980469 -0.0573362 -0.188529 -85.5246 0.0595113 0.998231 0.00588864 1.31813 0.187851 -0.0169924 0.982112 71.5159
0.979551 -0.0525667 -0.194571 -85.69 0.0543949 0.998535 0.00406296 1.30697 0.194064 -0.0145648 0.980951 72.2889
0.978673 -0.0522962 -0.199041 -85.8679 0.0526666 0.998628 -0.00344264 1.32796 0.198941 -0.007113 0.98005 73.0492
0.977464 -0.0527265 -0.204767 -86.0261 0.0527474 0.998618 -0.00536037 1.29916 0.204757 -0.00556281 0.978869 73.7713
0.976352 -0.0525022 -0.210078 -86.1986 0.0516558 0.998643 -0.00952371 1.31001 0.210285 -0.00155285 0.977704 74.5338
0.975417 -0.049986 -0.214966 -86.3775 0.0500691 0.998759 -0.00506237 1.29751 0.214942 -0.00582657 0.976683 75.2918
0.973988 -0.0497768 -0.221409 -86.5633 0.0501733 0.998756 -0.00384216 1.30482 0.221317 -0.00736601 0.97524 76.0585
0.972784 -0.0504003 -0.226494 -86.7538 0.0505998 0.99873 -0.0049279 1.30627 0.226445 -0.00666825 0.974074 76.7904
0.97117 -0.0532718 -0.232689 -86.952 0.0526685 0.998596 -0.00881444 1.27538 0.232824 -0.00369446 0.972577 77.542
0.969234 -0.0537226 -0.240518 -87.143 0.0512936 0.998572 -0.016353 1.25291 0.241042 0.00351099 0.970582 78.2827
0.966348 -0.0576097 -0.251008 -87.3227 0.0535418 0.998324 -0.0230153 1.29483 0.251904 0.00880157 0.967778 79.0235
0.964055 -0.0581325 -0.259557 -87.5633 0.0541713 0.998304 -0.0223938 1.27983 0.260408 0.00752628 0.965545 79.7335
0.961316 -0.0574252 -0.269683 -87.798 0.0550287 0.998374 -0.0164479 1.25386 0.27018 0.000971767 0.962877 80.443
0.958104 -0.056394 -0.281085 -88.0329 0.0554675 0.998422 -0.0112562 1.24951 0.281263 -0.00480818 0.959696 81.1575
0.955225 -0.053796 -0.291216 -88.2936 0.054102 0.998536 -0.00701024 1.19305 0.291157 -0.00905838 0.956701 81.8705
0.951585 -0.0516293 -0.303271 -88.5309 0.0504207 0.998683 -0.0118189 1.14717 0.303468 -0.00404626 0.952911 82.5974
0.947616 -0.0526246 -0.315294 -88.7676 0.0482511 0.998626 -0.0216703 1.11597 0.315991 0.00532216 0.948817 83.308
0.943652 -0.055815 -0.326437 -89.0287 0.0492597 0.99841 -0.0283204 1.09964 0.327483 0.0106421 0.944877 84.0003
0.939069 -0.0561019 -0.33935 -89.2757 0.050606 0.998432 -0.0250331 1.08219 0.34021 0.00633481 0.940399 84.6973
0.935214 -0.0541378 -0.350144 -89.5669 0.0512693 0.998558 -0.0174631 1.03421 0.350569 -0.00162176 0.936616 85.4003
0.930334 -0.0533257 -0.36303 -89.8365 0.0526269 0.998572 -0.0118241 0.990537 0.36313 -0.00810424 0.931775 86.098
0.926396 -0.0551668 -0.372697 -90.1669 0.0539243 0.998475 -0.0137648 0.949749 0.372872 -0.0073475 0.927936 86.7944
0.92218 -0.0572509 -0.382709 -90.4756 0.0544892 0.99838 -0.0180628 0.911372 0.383109 -0.004196 0.923767 87.4818
0.918374 -0.0612222 -0.391153 -90.7752 0.0556436 0.998148 -0.0255915 0.881176 0.391978 0.00173531 0.920057 88.1667
0.915319 -0.0654681 -0.397574 -91.0949 0.0574813 0.997863 -0.0319887 0.847679 0.398804 0.00642691 0.917088 88.8629
0.911881 -0.0694057 -0.404743 -91.4042 0.0614507 0.997602 -0.0326301 0.793073 0.406019 0.00488082 0.913937 89.4925
0.909782 -0.0642988 -0.410271 -91.7581 0.0559357 0.997938 -0.0323696 0.740543 0.411492 0.00650071 0.911464 90.1633
0.906321 -0.0621105 -0.418195 -92.0805 0.0549735 0.998087 -0.0291051 0.676634 0.419185 0.00338666 0.90798 90.8287
0.902206 -0.0613214 -0.427111 -92.4054 0.0568081 0.998142 -0.0233155 0.647998 0.427733 -0.00322771 0.903975 91.5251
0.899324 -0.0567394 -0.433773 -92.7505 0.0559002 0.998351 -0.0147017 0.603239 0.433874 -0.011028 0.900991 92.2052
0.897392 -0.0430873 -0.43931 -93.1162 0.0443821 0.999017 -0.00733121 0.555376 0.43918 -0.0129179 0.898383 92.8758
0.892367 -0.0283014 -0.450605 -93.3884 0.0319365 0.999513 0.000461213 0.356071 0.450355 -0.014804 0.892813 93.4886
0.889594 -0.0343442 -0.455642 -93.7468 0.0344272 0.999405 -0.00812319 0.352196 0.455633 -0.00845932 0.890207 94.167
0.886559 -0.0422692 -0.46086 -94.0797 0.0395456 0.99912 -0.0155714 0.32986 0.461094 -0.00442194 0.887427 94.8401
0.884611 -0.0395869 -0.464828 -94.4488 0.0369852 0.999239 -0.0147216 0.286137 0.465041 -0.00416826 0.885361 95.5377
0.881884 -0.0342323 -0.470399 -94.8246 0.033313 0.999417 -0.0102843 0.265325 0.470457 -0.00660268 0.882486 96.2404
0.878802 -0.0311927 -0.476346 -95.175 0.0321296 0.999497 -0.00618299 0.240986 0.476281 -0.00987024 0.879322 96.8915
0.875692 -0.0348848 -0.481783 -95.547 0.0352429 0.999369 -0.00831218 0.212316 0.481749 -0.00970222 0.876344 97.5764
0.872013 -0.0373277 -0.488233 -95.9133 0.0339966 0.999331 -0.0156912 0.197537 0.488473 -0.00291454 0.872659 98.2805
0.869156 -0.0404948 -0.493049 -96.3038 0.0336328 0.999201 -0.0227854 0.177069 0.493556 0.00321939 0.869798 98.9609
0.86605 -0.0400089 -0.498527 -96.6857 0.0321448 0.99922 -0.0243561 0.149613 0.499092 0.00506898 0.866621 99.6298
0.862724 -0.0369959 -0.504491 -97.0629 0.0309832 0.999341 -0.0203089 0.115069 0.504888 0.0018882 0.863275 100.316
0.861572 -0.0348711 -0.506607 -97.4885 0.0294935 0.999424 -0.0186417 0.0867402 0.506945 0.00112006 0.862066 100.949
0.85837 -0.0329815 -0.512139 -97.8685 0.0262442 0.999475 -0.020387 0.0903821 0.512521 0.00405688 0.858759 101.615
0.855856 -0.035083 -0.516193 -98.2618 0.0277494 0.999407 -0.0219229 0.0623875 0.516635 0.00443915 0.856284 102.257
0.852985 -0.0371897 -0.520776 -98.6609 0.0294137 0.999326 -0.0231948 0.0345052 0.521265 0.00446481 0.853477 102.917
0.849703 -0.0422295 -0.525733 -99.0493 0.035277 0.99914 -0.0232474 0.00471936 0.526242 0.0012075 0.850425 103.544
0.847352 -0.0411242 -0.529601 -99.4821 0.0340106 0.999179 -0.023179 -0.0271273 0.530098 0.00162675 0.84803 104.212
0.844956 -0.0406504 -0.533454 -99.8873 0.0327373 0.999201 -0.0242952 -0.0518953 0.533993 0.00306494 0.845577 104.835
0.842223 -0.0440769 -0.537487 -100.308 0.0334731 0.999031 -0.029483 -0.0761672 0.538244 0.00683763 0.842857 105.48
0.839699 -0.0497349 -0.540935 -100.724 0.033772 0.998684 -0.0394049 -0.0457576 0.542161 0.0148197 0.84024 106.105
0.835452 -0.0542415 -0.547043 -101.108 0.0357033 0.998399 -0.0444767 -0.0505466 0.548556 0.0176241 0.836026 106.769
0.832836 -0.0540938 -0.551032 -101.493 0.0369819 0.998457 -0.0421302 -0.0698293 0.552439 0.0147092 0.83352 107.359
0.830412 -0.0512722 -0.554947 -101.906 0.0392395 0.998693 -0.0335616 -0.121039 0.55592 0.00609186 0.831312 107.985
0.828835 -0.0495009 -0.55746 -102.319 0.0429429 0.998798 -0.0248509 -0.162056 0.557999 -0.00334129 0.829932 108.585
0.827205 -0.0494434 -0.559883 -102.729 0.0464061 0.998757 -0.0196456 -0.212628 0.560135 -0.00973281 0.828444 109.159
0.82472 -0.0523536 -0.563275 -103.119 0.0493783 0.998598 -0.0205259 -0.252151 0.56354 -0.0108848 0.826116 109.76
0.823285 -0.0531035 -0.565299 -103.525 0.0472131 0.998598 -0.0250557 -0.276129 0.565814 -0.00606338 0.824611 110.338
0.821331 -0.0549872 -0.567957 -103.901 0.0475797 0.998507 -0.027874 -0.311066 0.568622 -0.00412893 0.822689 110.878
0.819446 -0.0555356 -0.570619 -104.267 0.046928 0.998482 -0.0297941 -0.34301 0.571382 -0.0023653 0.820783 111.418
0.818568 -0.0577065 -0.571666 -104.608 0.0481982 0.998361 -0.031773 -0.364011 0.572543 -0.0015444 0.819975 111.874
0.817305 -0.0570118 -0.573536 -104.975 0.0480125 0.998399 -0.0308338 -0.398444 0.574351 -0.00233826 0.818709 112.377
0.815854 -0.0550074 -0.5758 -105.305 0.0472487 0.998507 -0.0284521 -0.44782 0.576487 -0.0039922 0.8172 112.845
0.814498 -0.0543656 -0.577771 -105.632 0.0480509 0.998529 -0.0262265 -0.50528 0.578321 -0.00640283 0.815887 113.293
0.814334 -0.0532604 -0.578113 -105.948 0.0477346 0.998583 -0.0247675 -0.562204 0.578593 -0.00742618 0.815687 113.68
0.813029 -0.0538001 -0.57989 -106.256 0.048742 0.998545 -0.0243112 -0.621054 0.580328 -0.00850107 0.814443 114.09
0.81199 -0.0538936 -0.581344 -106.552 0.0468678 0.998563 -0.0271189 -0.654425 0.581951 -0.00522541 0.813313 114.47
0.810435 -0.0562863 -0.583278 -106.837 0.0472551 0.998441 -0.0306991 -0.690264 0.584069 -0.00268526 0.811806 114.84
0.808196 -0.0595555 -0.58606 -107.12 0.0496753 0.998252 -0.0329478 -0.719684 0.586977 -0.00248393 0.809706 115.198
0.805633 -0.0631684 -0.589196 -107.393 0.0544859 0.998016 -0.0325052 -0.751496 0.590053 -0.00591764 0.807451 115.523
0.802315 -0.061524 -0.593885 -107.655 0.0534803 0.998113 -0.0311595 -0.771453 0.594661 -0.00676077 0.804056 115.848
0.798648 -0.0577749 -0.599175 -107.931 0.0499319 0.998341 -0.0297169 -0.791112 0.59987 -0.00618662 0.800183 116.171
0.795432 -0.0523846 -0.603937 -108.185 0.0458519 0.998635 -0.0262382 -0.801988 0.604466 -0.0068204 0.796713 116.457
0.791001 -0.0473941 -0.610134 -108.401 0.043921 0.998853 -0.0206558 -0.804932 0.610384 -0.0104606 0.792149 116.738
0.785881 -0.0453694 -0.61687 -108.614 0.0441732 0.998907 -0.0172001 -0.820485 0.616954 -0.0137309 0.786991 116.999
0.780346 -0.0484886 -0.62362 -108.825 0.0482349 0.998718 -0.0173042 -0.823785 0.62363 -0.0165786 0.781659 117.227
0.77209 -0.0501219 -0.633688 -109.009 0.0511524 0.998583 -0.0166672 -0.843295 0.633603 -0.0195451 0.773526 117.473
0.762718 -0.0519895 -0.644788 -109.198 0.0536398 0.998447 -0.017062 -0.845031 0.644642 -0.0215742 0.764297 117.68
0.751764 -0.0522558 -0.657507 -109.394 0.0537129 0.998426 -0.0179455 -0.850101 0.657386 -0.0218246 0.753356 117.881
0.73893 -0.0514531 -0.671958 -109.573 0.0509869 0.998524 -0.0203973 -0.850315 0.671982 -0.0191904 0.740439 118.043
0.724841 -0.0530844 -0.687009 -109.75 0.0500856 0.99848 -0.0243149 -0.863436 0.687231 -0.016784 0.726368 118.18
0.710449 -0.0558298 -0.701668 -109.946 0.0486476 0.998393 -0.0301898 -0.881743 0.70219 -0.0126879 0.712001 118.321
0.695086 -0.059731 -0.716576 -110.107 0.0476168 0.998211 -0.037025 -0.888504 0.717479 -0.00838495 0.696658 118.436
0.67919 -0.0598738 -0.731648 -110.283 0.042217 0.998237 -0.0425066 -0.892609 0.732866 -0.00202008 0.680499 118.567
0.663853 -0.0566432 -0.745845 -110.483 0.033493 0.998411 -0.0460195 -0.8983 0.747239 0.00556961 0.664668 118.688
0.646506 -0.0554952 -0.761016 -110.673 0.0293263 0.998456 -0.0479029 -0.897114 0.76246 0.00864916 0.647114 118.805
0.626216 -0.0566848 -0.77771 -110.82 0.0314127 0.998411 -0.0474829 -0.909581 0.779136 0.00530449 0.626975 118.911
0.605966 -0.0576138 -0.793526 -111.01 0.0332128 0.998372 -0.0471303 -0.920026 0.794907 0.00220179 0.606873 119.011
0.586408 -0.054855 -0.808275 -111.222 0.0316109 0.998527 -0.0448384 -0.944719 0.809515 0.000743286 0.587253 119.056
0.56335 -0.0516154 -0.824725 -111.44 0.0261691 0.998696 -0.0446343 -0.933356 0.82591 0.00356002 0.563949 119.135
0.539905 -0.0472731 -0.840511 -111.634 0.0225839 0.998908 -0.0416803 -0.949586 0.841534 0.00352129 0.540361 119.187
0.51626 -0.0454099 -0.855344 -111.844 0.0194228 0.998993 -0.0413195 -0.946001 0.856314 0.00471596 0.516606 119.229
0.492291 -0.0389767 -0.86967 -112.036 0.0149901 0.999263 -0.0363044 -1.01025 0.87041 0.00483562 0.492493 119.258
0.468354 -0.0349373 -0.882964 -112.264 0.00902204 0.999393 -0.0347649 -1.01706 0.883594 0.00831354 0.46837 119.29
0.442278 -0.0318366 -0.896422 -112.475 0.00538634 0.999483 -0.0328439 -1.0338 0.896969 0.00969722 0.442201 119.324
0.414499 -0.0318849 -0.909602 -112.669 0.00395983 0.999477 -0.0332372 -1.05107 0.910137 0.0101722 0.414396 119.35
0.382381 -0.0345208 -0.923465 -112.896 0.00187049 0.999366 -0.0365881 -1.07022 0.924107 0.0122628 0.382187 119.407
0.34824 -0.0381828 -0.936736 -113.122 -3.01636e-05 0.999207 -0.0407467 -1.09018 0.937498 0.0142151 0.347953 119.45
0.309098 -0.0427157 -0.950173 -113.354 -0.00185628 0.998999 -0.0455188 -1.06582 0.951129 0.0158329 0.308697 119.495
0.2667 -0.0427075 -0.96294 -113.601 -0.0056432 0.998971 -0.0458749 -1.0886 0.963854 0.0176661 0.266177 119.548
0.221478 -0.0474173 -0.974113 -113.895 -0.00894162 0.998715 -0.0506519 -1.06406 0.975224 0.0199274 0.220761 119.604
0.171498 -0.0497875 -0.984032 -114.193 -0.0118391 0.998585 -0.0525938 -1.0784 0.985202 0.0206669 0.170663 119.66
0.122252 -0.0537492 -0.991142 -114.512 -0.0159461 0.998336 -0.0561101 -1.06332 0.992469 0.0226633 0.12119 119.668
0.0705233 -0.0559838 -0.996043 -114.835 -0.020043 0.998182 -0.0575297 -1.05301 0.997398 0.024018 0.0692741 119.684
0.01937 -0.0551486 -0.998391 -115.186 -0.0232596 0.998221 -0.0555946 -1.06759 0.999641 0.0242977 0.0180567 119.639
-0.0338414 -0.0539997 -0.998072 -115.544 -0.0249347 0.998313 -0.0531739 -1.07197 0.999206 0.0230844 -0.0351256 119.594
-0.0874385 -0.0529007 -0.994866 -115.904 -0.0259312 0.99841 -0.0508142 -1.07786 0.995933 0.0213536 -0.0886616 119.524
-0.140492 -0.0508511 -0.988881 -116.267 -0.0260003 0.998566 -0.0476618 -1.10237 0.989832 0.0190127 -0.141603 119.429
-0.194358 -0.0507099 -0.979724 -116.675 -0.0282287 0.998578 -0.0460901 -1.10706 0.980628 0.0186971 -0.195498 119.333
-0.245015 -0.0492585 -0.968377 -117.072 -0.02975 0.998661 -0.0432786 -1.12722 0.969157 0.0182029 -0.246138 119.194
-0.294373 -0.0472411 -0.954631 -117.469 -0.0291344 0.998797 -0.0404471 -1.15313 0.955354 0.0159048 -0.295374 119.035
-0.341715 -0.0449183 -0.938843 -117.876 -0.0266343 0.99896 -0.0381074 -1.17511 0.939524 0.0119816 -0.342538 118.841
-0.387875 -0.0422371 -0.920858 -118.296 -0.023864 0.999115 -0.0357793 -1.20858 0.921516 0.00809653 -0.388514 118.626
-0.430766 -0.0409078 -0.901653 -118.707 -0.0229819 0.999187 -0.0343606 -1.22257 0.902275 0.00591871 -0.431334 118.377
-0.472128 -0.0388941 -0.880793 -119.139 -0.0218062 0.999277 -0.0324423 -1.24906 0.88138 0.00388903 -0.472604 118.111
-0.509677 -0.0372064 -0.859684 -119.56 -0.02178 0.999343 -0.0303459 -1.28198 0.860201 0.00325604 -0.510127 117.822
-0.540784 -0.0382513 -0.840418 -119.971 -0.0260784 0.999288 -0.0287067 -1.33377 0.840883 0.00639162 -0.541362 117.495
-0.56879 -0.0384212 -0.821717 -120.42 -0.0282043 0.999273 -0.0272087 -1.35989 0.822119 0.00769853 -0.569433 117.17
-0.590301 -0.0403823 -0.806307 -120.9 -0.030949 0.999187 -0.02739 -1.36113 0.806723 0.00878508 -0.591034 116.773
-0.606158 -0.0433625 -0.794299 -121.349 -0.0365623 0.999017 -0.0266453 -1.40783 0.79463 0.0128885 -0.607118 116.383
-0.621183 -0.0427543 -0.782639 -121.864 -0.0363118 0.999051 -0.0257614 -1.41504 0.782962 0.0124155 -0.622107 115.996
