0.999999 -0.00206091 -4.09764e-05 -0.0275233 0.00206112 0.999994 0.0034113 -0.0256366 3.40039e-05 -0.00341157 0.999997 1.58322
0.999998 -0.00228724 -0.000455978 -0.0549387 0.0022892 0.999987 0.00434084 -0.0422759 0.000446018 -0.00434191 0.99999 3.21674
0.999997 -0.00159534 -0.00227617 -0.0443727 0.00160253 0.999997 0.00308786 -0.0481294 0.0022714 -0.00309172 0.999998 4.79491
1 -0.00116046 0.000124856 -0.114318 0.00116032 0.999999 4.9058e-05 -0.0193174 -0.000124864 -4.89848e-05 1 6.43884
1 -0.000995537 -6.34854e-05 -0.151459 0.000995714 1 -1.81735e-05 -0.0327118 6.3747e-05 1.78139e-05 1 7.96405
0.999993 -0.00284783 -0.00328785 -0.104636 0.00284715 0.999996 -0.000116102 -0.0486229 0.00328827 0.000106601 0.999996 9.5554
0.99998 -0.005775 -0.00331487 -0.144841 0.00576655 0.999982 -0.00258242 -0.0440243 0.00333002 0.00256292 0.999997 11.0877
0.999981 -0.00631506 -0.00178809 -0.208809 0.00630898 0.999976 -0.00325567 -0.0540115 0.00180872 0.00324421 0.999995 12.6504
0.999981 -0.006493 -0.00156065 -0.233721 0.00648797 0.999975 -0.00312297 -0.0836254 0.00158118 0.00311245 1 14.1691
0.99998 -0.00638621 0.00249948 -0.313427 0.00639348 0.999976 -0.00305167 -0.112358 -0.00247973 0.00306751 0.999996 15.6887
0.9999 -0.0019724 0.0142741 -0.551051 0.00198908 1 -0.00116098 -0.154101 -0.0142716 0.00118903 0.999906 17.0846
0.999728 0.00165782 0.0229864 -0.672631 -0.00165682 1 -7.87233e-05 -0.175129 -0.0229864 4.05394e-05 0.999733 18.7266
0.999717 0.00258841 0.0236602 -0.688159 -0.00256224 0.999997 -0.0011398 -0.151472 -0.0236629 0.00107869 0.99973 20.263
0.999643 0.00266117 0.0263259 -0.703819 -0.00261436 0.999995 -0.0018265 -0.16478 -0.0263305 0.00175696 0.999649 21.7932
0.999584 0.00402385 0.0286467 -0.718232 -0.00395951 0.999991 -0.00230486 -0.172946 -0.0286556 0.00219029 0.999599 23.3891
0.999504 0.00456276 0.0309638 -0.719204 -0.00450178 0.999989 -0.00204664 -0.190501 -0.0309728 0.00190622 0.999517 24.9221
0.999441 0.00581832 0.0330035 -0.715094 -0.00578896 0.999984 -0.000986038 -0.212048 -0.0330086 0.000794309 0.999467 26.4203
0.9994 0.00564528 0.0339666 -0.678686 -0.00554514 0.999981 -0.00304823 -0.22468 -0.0339832 0.0028581 0.999417 27.9427
0.999228 0.00694402 0.038701 -0.722076 -0.00669229 0.99996 -0.00662764 -0.218795 -0.0387457 0.00636333 0.999243 29.5638
0.999158 0.00587126 0.0403865 -0.704027 -0.0056102 0.999964 -0.00658251 -0.250629 -0.0404238 0.00635049 0.99916 31.0418
0.999111 0.00479139 0.0419245 -0.692279 -0.00462934 0.999986 -0.00395741 -0.27551 -0.0419431 0.00375966 0.999127 32.5082
0.999045 0.0033727 0.0433458 -0.662991 -0.00325934 0.999993 -0.00269333 -0.306362 -0.0433548 0.0025496 0.999054 33.9382
0.998921 0.00317851 0.0463907 -0.662802 -0.00298945 0.999992 -0.00413704 -0.318688 -0.0464038 0.00399361 0.998931 35.4382
0.998925 0.00266444 0.0460859 -0.587604 -0.00239201 0.999982 -0.0059725 -0.349086 -0.0461014 0.00585614 0.998919 36.8651
0.998765 0.00414606 0.0496395 -0.580905 -0.00379317 0.999974 -0.00719721 -0.370504 -0.0496682 0.0069996 0.998762 38.3157
0.998545 0.00575055 0.0534497 -0.575252 -0.00529605 0.999952 -0.0086466 -0.391984 -0.0534973 0.00835138 0.998532 39.7571
0.998412 0.00619713 0.0560799 -0.534127 -0.00578371 0.99996 -0.00752757 -0.426235 -0.0561246 0.00719086 0.998419 41.1276
0.998277 0.00661481 0.0581565 -0.486718 -0.00628312 0.999967 -0.00589126 -0.454652 -0.0581939 0.00551605 0.99829 42.4681
0.998041 0.00648 0.0622929 -0.451019 -0.00625672 0.999978 -0.00377873 -0.50002 -0.0623163 0.00338112 0.998073 43.8144
0.99796 0.00656784 0.0633758 -0.345116 -0.00635289 0.999977 -0.00360063 -0.523476 -0.0633985 0.00319102 0.997984 45.1679
0.997563 0.00715489 0.0695049 -0.319485 -0.00682225 0.99997 -0.00502242 -0.539003 -0.0695389 0.0045356 0.997596 46.5066
0.997016 0.0079379 0.0766647 -0.290207 -0.00735723 0.999946 -0.00785958 -0.552603 -0.0767236 0.00727258 0.997026 47.8598
0.996539 0.00888053 0.082743 -0.257114 -0.0080884 0.999924 -0.00990457 -0.577136 -0.0828248 0.00920059 0.996549 49.1337
0.995834 0.00868825 0.0906711 -0.19198 -0.00778256 0.99992 -0.0103429 -0.594281 -0.0907547 0.00959474 0.995828 50.4607
0.995449 0.00879753 0.0949285 -0.0645822 -0.00786449 0.999921 -0.0101992 -0.633535 -0.0950111 0.00940585 0.995455 51.6885
0.994315 0.0114806 0.105773 -0.0154337 -0.0102918 0.999883 -0.0117788 -0.654959 -0.105897 0.010624 0.994322 52.9637
0.993533 0.0130109 0.112827 0.112375 -0.0117616 0.999866 -0.011732 -0.689891 -0.112965 0.0103288 0.993569 54.1741
0.992726 0.0121827 0.119707 0.288169 -0.0108522 0.999878 -0.0117599 -0.708924 -0.119837 0.0103761 0.992742 55.4037
0.991154 0.0143752 0.131967 0.409429 -0.0129666 0.999856 -0.0115265 -0.733676 -0.132114 0.00971329 0.991214 56.6688
0.989476 0.0157098 0.143761 0.592359 -0.0142096 0.99984 -0.0114555 -0.770352 -0.14392 0.00929302 0.989545 57.8463
0.986692 0.0176639 0.161687 0.718487 -0.01597 0.999811 -0.0117694 -0.791585 -0.161864 0.00903041 0.986804 59.0489
0.983897 0.018877 0.177653 0.925858 -0.0172447 0.9998 -0.0107272 -0.819294 -0.177822 0.00749176 0.984032 60.2338
0.980768 0.0188175 0.194312 1.13952 -0.0170894 0.999805 -0.0105674 -0.846431 -0.194473 0.00704327 0.980916 61.3259
0.975682 0.0191647 0.218281 1.28558 -0.0169545 0.999792 -0.011993 -0.864615 -0.218469 0.00800153 0.97581 62.529
0.971874 0.0175088 0.234883 1.57933 -0.0149975 0.999819 -0.0124745 -0.90584 -0.235059 0.00860082 0.971977 63.5478
0.967479 0.0142263 0.252496 1.90556 -0.0114313 0.999865 -0.0125316 -0.941709 -0.252643 0.00923879 0.967516 64.5792
0.961147 0.0104631 0.275893 2.14426 -0.00791866 0.999924 -0.0103347 -0.977194 -0.275981 0.00774827 0.961175 65.6004
0.954874 0.00413254 0.296965 2.4998 -0.00146127 0.99997 -0.00921635 -1.00535 -0.296997 0.00836763 0.954851 66.6197
0.947181 -0.00087584 0.320746 2.84295 0.00454257 0.999943 -0.0106838 -1.02256 -0.320718 0.0115761 0.947148 67.6592
0.939216 -0.005568 0.343262 3.22557 0.0106174 0.999875 -0.012832 -1.04225 -0.343151 0.0156981 0.939156 68.6672
0.9293 -0.00890693 0.369252 3.60523 0.0143035 0.999836 -0.0118798 -1.0739 -0.369086 0.0163213 0.929292 69.6343
0.917836 -0.0111817 0.396785 4.01417 0.0165984 0.999822 -0.0102198 -1.09126 -0.396605 0.0159675 0.917859 70.6325
0.906082 -0.0155163 0.422844 4.44243 0.0208087 0.999763 -0.0079027 -1.11389 -0.422621 0.0159593 0.906206 71.5222
0.893584 -0.0183181 0.448508 4.91685 0.0252764 0.999648 -0.00953158 -1.12535 -0.44818 0.0198556 0.893733 72.4046
0.879102 -0.018287 0.476311 5.39509 0.028234 0.99952 -0.0137352 -1.15013 -0.47583 0.0255224 0.87921 73.2726
0.86411 -0.0201394 0.502887 5.90893 0.0343072 0.999244 -0.0189331 -1.18132 -0.502132 0.0336151 0.86415 74.1159
0.848968 -0.0238507 0.527934 6.37974 0.0410385 0.998953 -0.0208633 -1.218 -0.526882 0.0393772 0.849071 74.8173
0.83106 -0.0242433 0.555643 6.92727 0.0408872 0.999023 -0.0175658 -1.23993 -0.55468 0.037319 0.831241 75.6322
0.811795 -0.0246643 0.583448 7.53857 0.0387647 0.999193 -0.0116967 -1.26436 -0.582687 0.0321119 0.812109 76.4284
0.789223 -0.0260832 0.613545 8.0634 0.0382366 0.99926 -0.00670483 -1.31489 -0.612923 0.0287532 0.789637 77.1426
0.764825 -0.0186876 0.643991 8.66189 0.0340151 0.999371 -0.0113976 -1.33219 -0.64337 0.0306218 0.764992 77.9088
0.739339 -0.0110175 0.673235 9.25807 0.0311491 0.999369 -0.0178529 -1.35747 -0.672621 0.0341719 0.739217 78.6349
0.714544 -0.00812771 0.699567 9.93869 0.0308654 0.999341 -0.0199161 -1.3715 -0.69894 0.0358227 0.714334 79.3281
0.68909 -0.0109926 0.724583 10.6269 0.0331524 0.99933 -0.0163679 -1.39625 -0.723928 0.0353025 0.688994 79.9759
0.662697 -0.0122241 0.748813 11.3149 0.0345323 0.999317 -0.014248 -1.44791 -0.748124 0.0352996 0.662677 80.5605
0.634507 -0.0100685 0.772843 12.0307 0.0355523 0.999252 -0.0161704 -1.47985 -0.772112 0.0377385 0.634391 81.1704
0.606845 -0.0073552 0.794811 12.8046 0.0360391 0.999198 -0.0182704 -1.4969 -0.794036 0.0397307 0.606634 81.7331
0.578245 -0.00426848 0.815845 13.5264 0.0349724 0.999212 -0.0195592 -1.50939 -0.815128 0.0398438 0.57794 82.2106
0.549669 -0.0029246 0.835404 14.37 0.0362819 0.99915 -0.0203754 -1.52971 -0.83463 0.0415089 0.549317 82.7264
0.518279 0.00415413 0.855193 15.1571 0.0348888 0.99907 -0.0259962 -1.55907 -0.854515 0.043312 0.517653 83.2335
0.487157 0.013429 0.873237 15.9422 0.034548 0.99882 -0.0346354 -1.59503 -0.872666 0.0470406 0.486126 83.6511
0.455797 0.022739 0.889786 16.8248 0.034097 0.998512 -0.0429825 -1.61496 -0.889447 0.0499325 0.454344 84.0783
0.422926 0.027061 0.905786 17.6645 0.0325298 0.998474 -0.0450207 -1.66497 -0.905616 0.0485048 0.421408 84.4584
0.390151 0.0262894 0.92037 18.547 0.0315984 0.998639 -0.0419187 -1.70676 -0.920227 0.0454386 0.38879 84.8124
0.355864 0.0247963 0.934235 19.4622 0.027446 0.998957 -0.0369705 -1.74436 -0.934171 0.0387971 0.354819 85.1652
0.321473 0.026509 0.946542 20.3368 0.0236017 0.999091 -0.0359953 -1.77204 -0.946644 0.0339131 0.320557 85.4355
0.286626 0.0296425 0.95761 21.2692 0.0166184 0.999236 -0.035907 -1.79898 -0.957935 0.0262058 0.285921 85.6846
0.251285 0.0309472 0.967413 22.2534 0.0123364 0.999323 -0.0351713 -1.84042 -0.967855 0.0207737 0.250735 85.9141
0.216161 0.0300738 0.975922 23.1878 0.0102076 0.999421 -0.0330607 -1.8774 -0.976342 0.0171084 0.215735 86.0789
0.180188 0.0296079 0.983181 24.1516 0.0100979 0.999457 -0.0319477 -1.91546 -0.983602 0.0156858 0.179794 86.2318
0.144131 0.0291719 0.989156 25.1271 0.0114053 0.99947 -0.0311398 -1.95024 -0.989531 0.01577 0.143727 86.3669
0.108606 0.0273517 0.993704 26.0572 0.0146853 0.999489 -0.029115 -1.99528 -0.993999 0.0177559 0.108153 86.4582
0.0745287 0.0264706 0.996895 27.0403 0.0235493 0.999342 -0.0282979 -2.03933 -0.99698 0.0255851 0.0738611 86.5094
0.0413358 0.0294926 0.998706 28.0335 0.0260754 0.999212 -0.0305858 -2.08531 -0.998828 0.0273071 0.0405383 86.5282
0.0089876 0.034283 0.999399 29.0401 0.0271699 0.999054 -0.0345176 -2.12584 -0.99963 0.0274637 0.00805195 86.5232
-0.0197553 0.0383639 0.999065 30.0058 0.0342211 0.998725 -0.037673 -2.17031 -0.999243 0.0334463 -0.0210385 86.4905
-0.0453999 0.0367796 0.998319 30.9665 0.0361869 0.998746 -0.0351517 -2.21111 -0.998354 0.0345299 -0.04667 86.4473
-0.0682002 0.0336225 0.997104 31.9952 0.037959 0.998818 -0.031083 -2.25485 -0.996974 0.0357305 -0.0693912 86.3818
-0.0892536 0.0324983 0.995508 33.0219 0.0375059 0.998889 -0.0292481 -2.27773 -0.995344 0.0347268 -0.0903695 86.3263
-0.105691 0.0357434 0.993756 34.0204 0.0393479 0.998744 -0.0317369 -2.31783 -0.993645 0.0357492 -0.106959 86.2124
-0.12065 0.0393927 0.991943 35.0165 0.0425703 0.998519 -0.0344784 -2.37004 -0.991823 0.0380674 -0.122145 86.0863
-0.132775 0.0441569 0.990162 36.0202 0.0472734 0.998175 -0.038174 -2.42494 -0.990043 0.0417414 -0.134615 85.9525
-0.14097 0.0467462 0.988942 37.0224 0.0531532 0.997822 -0.0395918 -2.49021 -0.988628 0.0469835 -0.143144 85.7807
-0.146355 0.0513929 0.987897 37.9891 0.0589934 0.997348 -0.0431434 -2.55565 -0.987496 0.0519669 -0.148994 85.6101
-0.150157 0.0555695 0.987134 39.0046 0.0611635 0.99705 -0.0468269 -2.61914 -0.986811 0.0533441 -0.15311 85.4516
-0.152871 0.0595814 0.986449 40.0102 0.0632401 0.996748 -0.0504013 -2.68123 -0.986246 0.0546801 -0.156136 85.2895
-0.155437 0.0624122 0.985906 41.0287 0.0632925 0.996602 -0.0531139 -2.74594 -0.98586 0.0541436 -0.158856 85.1157
-0.157662 0.0656371 0.98531 42.0136 0.0640686 0.996389 -0.0561214 -2.81548 -0.985438 0.0542812 -0.161293 84.9424
-0.159012 0.0678868 0.984978 43.0146 0.0658586 0.996162 -0.0580296 -2.90605 -0.985123 0.0556404 -0.162869 84.7599
-0.163573 0.0685665 0.984149 43.9647 0.0683919 0.995993 -0.0580228 -2.99105 -0.984184 0.0578188 -0.167602 84.6406
-0.166489 0.0676762 0.983759 45.0206 0.0685755 0.996044 -0.0569199 -3.05525 -0.983703 0.0579835 -0.170468 84.4807
-0.167985 0.0675657 0.983475 46.0487 0.0667985 0.996159 -0.0570259 -3.10996 -0.98355 0.0561171 -0.171848 84.2878
-0.171207 0.0717863 0.982661 47.1113 0.066442 0.995934 -0.0611852 -3.13101 -0.983041 0.0548127 -0.175279 84.1271
-0.175065 0.0763144 0.981599 48.1953 0.0647517 0.99575 -0.0658644 -3.16297 -0.982453 0.0520313 -0.179256 83.9697
-0.178942 0.0798514 0.980657 49.2661 0.0622509 0.995646 -0.0697181 -3.21422 -0.981935 0.04857 -0.183131 83.797
-0.179597 0.0823263 0.980295 50.2995 0.0602243 0.995568 -0.0725735 -3.31112 -0.981923 0.0460047 -0.183753 83.5717
-0.181899 0.0854666 0.979641 51.3327 0.057219 0.995471 -0.0762291 -3.41023 -0.981699 0.0421869 -0.185963 83.3848
-0.183918 0.0885462 0.978951 52.4424 0.0542151 0.995356 -0.0798427 -3.47877 -0.981474 0.0383901 -0.187858 83.1565
-0.186052 0.0874398 0.978687 53.5196 0.0525607 0.995516 -0.078957 -3.56147 -0.981181 0.0367493 -0.189811 82.9346
-0.189044 0.0837379 0.978397 54.6042 0.048834 0.99595 -0.075803 -3.63757 -0.980783 0.0334495 -0.192361 82.7201
-0.194603 0.0834304 0.977374 55.6972 0.0470227 0.996049 -0.0756676 -3.70376 -0.979804 0.0312326 -0.197755 82.555
-0.197243 0.08474 0.976692 56.7745 0.04582 0.995989 -0.0771596 -3.77922 -0.979312 0.0295333 -0.200328 82.3649
-0.199688 0.0882623 0.975924 57.8824 0.0469067 0.995678 -0.0804573 -3.85819 -0.978786 0.02971 -0.202962 82.1601
-0.200361 0.0917153 0.975427 58.9651 0.0472219 0.995379 -0.0838899 -3.94174 -0.978613 0.0292537 -0.203761 81.9343
-0.201137 0.0923481 0.975248 60.0401 0.0462126 0.995357 -0.0847275 -4.03954 -0.978522 0.028026 -0.204468 81.7194
-0.20069 0.0913306 0.975396 61.1209 0.0433352 0.995522 -0.0842974 -4.13147 -0.978726 0.0253517 -0.203743 81.4965
-0.199892 0.0903398 0.975693 62.1873 0.0395954 0.995696 -0.0840864 -4.23558 -0.979065 0.0218242 -0.202607 81.2596
-0.199936 0.0918263 0.975505 63.3476 0.0353574 0.995651 -0.0864745 -4.32484 -0.979201 0.017202 -0.202307 81.0264
-0.200591 0.0912718 0.975463 64.4482 0.031025 0.995767 -0.0867983 -4.43139 -0.979231 0.0128525 -0.202572 80.8089
-0.200026 0.0903397 0.975627 65.5494 0.0279951 0.995886 -0.0864745 -4.53762 -0.979421 0.0100154 -0.201727 80.568
-0.201022 0.0859734 0.975855 66.6865 0.0276867 0.996266 -0.0820743 -4.62255 -0.979243 0.0105193 -0.20265 80.3494
-0.202335 0.0777814 0.976233 67.7842 0.0303772 0.996887 -0.07313 -4.71882 -0.978877 0.0148583 -0.204062 80.1357
-0.202558 0.0730268 0.976593 68.9152 0.0355258 0.997132 -0.0671998 -4.80977 -0.978674 0.0210815 -0.20457 79.8993
-0.203743 0.0758902 0.97609 69.9217 0.0447438 0.996699 -0.068152 -4.89633 -0.978034 0.0297883 -0.20646 79.7068
-0.202565 0.0821914 0.975866 71.0611 0.0498597 0.996071 -0.0735502 -4.97484 -0.978048 0.0337558 -0.205865 79.4541
-0.201281 0.0880111 0.975583 72.1886 0.0530517 0.995502 -0.0788608 -5.06785 -0.978129 0.0358828 -0.205038 79.2049
-0.19969 0.0921716 0.975568 73.2881 0.0540837 0.995113 -0.082955 -5.17071 -0.978418 0.0361948 -0.203697 78.9539
-0.199598 0.0893278 0.975811 74.4401 0.0510711 0.99546 -0.080679 -5.26782 -0.978579 0.0337319 -0.203248 78.7184
-0.200814 0.0847747 0.976009 75.5245 0.0499558 0.995867 -0.0762281 -5.37125 -0.978408 0.0334474 -0.204217 78.528
-0.200314 0.0824585 0.976271 76.7112 0.0471774 0.996139 -0.0744563 -5.46397 -0.978629 0.0311417 -0.203426 78.271
-0.201006 0.0826949 0.976147 77.8428 0.0449715 0.996188 -0.0751397 -5.5594 -0.978613 0.0287921 -0.203957 78.0573
-0.202067 0.0885211 0.97538 79.0048 0.0443035 0.995747 -0.0811907 -5.63851 -0.978403 0.0268045 -0.205125 77.8311
-0.201971 0.091011 0.975208 80.1468 0.0432451 0.995561 -0.0839621 -5.74007 -0.978493 0.0252114 -0.205009 77.6
-0.201022 0.0898624 0.975473 81.3138 0.0437932 0.995647 -0.0826956 -5.8467 -0.978642 0.0260932 -0.204078 77.3424
-0.202573 0.0832528 0.97578 82.4738 0.0450485 0.996148 -0.0756465 -5.95025 -0.978288 0.0286293 -0.205543 77.1455
-0.202427 0.0811696 0.975946 83.6221 0.0447168 0.996321 -0.0735896 -6.0594 -0.978312 0.0287416 -0.205309 76.8961
-0.202753 0.0836825 0.975707 84.8029 0.0415049 0.996212 -0.076825 -6.15766 -0.97841 0.0249157 -0.205458 76.6564
-0.204189 0.0853572 0.975222 85.9565 0.0401345 0.996119 -0.0787833 -6.26548 -0.978144 0.0230502 -0.20682 76.4168
-0.204967 0.0850393 0.975128 87.1655 0.0390383 0.996169 -0.078677 -6.36195 -0.978051 0.021937 -0.207501 76.1782
-0.204234 0.0810716 0.975579 88.3353 0.039066 0.996481 -0.0746311 -6.47046 -0.978179 0.0228666 -0.206679 75.9246
-0.203615 0.0802439 0.975818 89.539 0.0402414 0.996513 -0.0735573 -6.56854 -0.978285 0.0242866 -0.206134 75.6801
-0.202885 0.0808291 0.975881 90.7557 0.0419486 0.996425 -0.0738105 -6.66497 -0.978341 0.0259586 -0.205547 75.43
-0.202504 0.081559 0.97594 91.9643 0.0442829 0.996303 -0.0740805 -6.75848 -0.978341 0.0282114 -0.205367 75.1859
-0.201604 0.0808489 0.976146 93.1442 0.0440882 0.996361 -0.0734189 -6.86061 -0.978512 0.0282316 -0.204432 74.939
-0.200843 0.0815199 0.976287 94.3614 0.0453051 0.996272 -0.073877 -6.95927 -0.978638 0.0293884 -0.203787 74.6948
-0.199786 0.0795942 0.976623 95.5701 0.045472 0.996409 -0.0719061 -7.05997 -0.978823 0.0300397 -0.202685 74.4447
-0.199119 0.0782758 0.976905 96.7717 0.0432264 0.996569 -0.0710493 -7.1601 -0.979084 0.0280764 -0.201819 74.1958
-0.198264 0.0771972 0.977126 97.9578 0.0442645 0.996617 -0.0697574 -7.26313 -0.979188 0.029418 -0.201008 73.9557
-0.196791 0.0780279 0.977398 99.2122 0.0425066 0.996602 -0.0710117 -7.35597 -0.979585 0.0275668 -0.19944 73.7143
-0.195481 0.0800576 0.977457 100.413 0.0441326 0.996408 -0.0727852 -7.46671 -0.979754 0.0289061 -0.198309 73.4731
-0.195895 0.0794308 0.977465 101.656 0.040692 0.996546 -0.0728353 -7.55126 -0.979843 0.0255024 -0.198451 73.2503
-0.197526 0.077895 0.977221 102.902 0.0370955 0.996756 -0.0719557 -7.65184 -0.979636 0.0220336 -0.199772 73.043
-0.198787 0.0808315 0.976765 104.112 0.0331769 0.996608 -0.0757308 -7.71016 -0.979543 0.0173479 -0.200795 72.8252
-0.197346 0.0801471 0.977077 105.363 0.0310651 0.996701 -0.0754843 -7.80559 -0.979883 0.0154527 -0.199181 72.5454
-0.198167 0.0789373 0.977047 106.616 0.0284469 0.996827 -0.0747749 -7.88829 -0.979817 0.0129725 -0.199784 72.2859
-0.199713 0.0778178 0.976784 107.88 0.0266252 0.996941 -0.0739821 -7.9891 -0.979534 0.011228 -0.20117 72.0413
-0.200557 0.0775206 0.976672 109.152 0.0245121 0.99698 -0.0741083 -8.08462 -0.979437 0.009074 -0.201852 71.7756
-0.201841 0.0783268 0.976306 110.419 0.024358 0.996926 -0.0749476 -8.18221 -0.979157 0.00864945 -0.203126 71.515
-0.203826 0.0774117 0.976005 111.694 0.0243493 0.996993 -0.0740007 -8.28047 -0.978766 0.00867851 -0.205098 71.2528
-0.207974 0.0717886 0.975522 112.913 0.0204741 0.997439 -0.0690396 -8.39162 -0.977963 0.00561049 -0.208908 71.0035
-0.211126 0.0724627 0.974835 114.152 0.020198 0.99739 -0.0697747 -8.47948 -0.977312 0.00495528 -0.21204 70.7241
-0.216845 0.0768891 0.973201 115.365 0.0146857 0.997073 -0.0755058 -8.595 -0.976139 -0.00208498 -0.217336 70.4587
-0.223227 0.0805211 0.971501 116.618 0.0161241 0.996782 -0.0789218 -8.69506 -0.974696 -0.00195592 -0.223807 70.1709
-0.231809 0.0767674 0.969756 117.907 0.0184164 0.997085 -0.074532 -8.8019 -0.97263 0.000578049 -0.232543 69.8598
-0.241998 0.0744202 0.967485 119.11 0.0205964 0.997256 -0.0715684 -8.91547 -0.970121 0.00260387 -0.242867 69.5513
-0.255444 0.0754554 0.963905 120.281 0.0207018 0.997183 -0.072578 -9.01945 -0.966646 0.0014106 -0.256283 69.2542
-0.269209 0.0760277 0.960143 121.474 0.0227544 0.997136 -0.072587 -9.11612 -0.962876 0.00230277 -0.270168 68.9266
-0.283819 0.0739908 0.95605 122.679 0.022821 0.997292 -0.0704119 -9.21434 -0.95865 0.00182933 -0.284735 68.581
-0.298315 0.0770689 0.951421 123.889 0.0268582 0.997055 -0.0723539 -9.30728 -0.954155 0.00396548 -0.299505 68.2014
-0.313277 0.0822772 0.946124 124.922 0.0249596 0.996643 -0.0784098 -9.34615 -0.949378 -0.000953488 -0.314273 67.8396
-0.328014 0.0861323 0.94081 126.09 0.0247672 0.996313 -0.0825891 -9.45178 -0.944416 -0.00379241 -0.328936 67.4383
-0.343317 0.0836297 0.935523 127.296 0.021928 0.996504 -0.0810381 -9.56778 -0.939009 -0.0073119 -0.343944 67.005
-0.359093 0.0782076 0.930092 128.503 0.0167398 0.996899 -0.0773725 -9.66934 -0.93322 -0.0122171 -0.359286 66.5686
-0.372993 0.0746907 0.924858 129.653 0.0137912 0.997125 -0.0749694 -9.77019 -0.927778 -0.0152123 -0.372942 66.0892
-0.387205 0.0763104 0.918904 130.827 0.0127171 0.996953 -0.0774438 -9.87128 -0.921974 -0.0183031 -0.386992 65.6092
-0.399761 0.078916 0.913253 131.951 0.0134116 0.996719 -0.0802622 -9.96971 -0.916569 -0.0198416 -0.399498 65.0981
-0.413645 0.0814098 0.906868 133.093 0.0152548 0.996512 -0.0825103 -10.0752 -0.910381 -0.020298 -0.41344 64.6062
-0.426701 0.0812886 0.900769 134.199 0.0174932 0.996542 -0.0816495 -10.1891 -0.904272 -0.0190866 -0.426637 64.0746
-0.440207 0.0796497 0.894435 135.304 0.0174489 0.996667 -0.0801769 -10.2958 -0.897798 -0.0196896 -0.440125 63.5323
-0.453956 0.0780494 0.887638 136.391 0.017467 0.996778 -0.0787181 -10.4097 -0.890902 -0.0202342 -0.453846 62.9789
-0.46809 0.0790921 0.880214 137.517 0.0162839 0.996629 -0.0809045 -10.5185 -0.883603 -0.023539 -0.467794 62.3906
-0.482614 0.0814109 0.872082 138.581 0.0175552 0.996405 -0.0833064 -10.625 -0.875707 -0.0248993 -0.482295 61.8216
-0.49649 0.0830371 0.864143 139.621 0.0191266 0.996258 -0.0847551 -10.7385 -0.867905 -0.0255536 -0.496213 61.2252
-0.510496 0.0853971 0.855671 140.681 0.0219353 0.996062 -0.0863262 -10.8561 -0.859651 -0.0253039 -0.510344 60.6076
-0.523136 0.0892606 0.847645 141.735 0.0220894 0.995626 -0.0912232 -10.9624 -0.852037 -0.0289996 -0.522812 59.9315
-0.536514 0.0916326 0.838945 142.769 0.0232593 0.995352 -0.0938458 -11.0768 -0.843622 -0.0308403 -0.536135 59.2546
-0.550166 0.0892673 0.830356 143.787 0.0225061 0.995534 -0.0921255 -11.195 -0.834828 -0.0319974 -0.549709 58.5678
-0.563959 0.0851584 0.821447 144.784 0.0202782 0.995835 -0.0893202 -11.3149 -0.825607 -0.0337193 -0.563319 57.8489
-0.579966 0.0852648 0.810255 145.817 0.0199321 0.995736 -0.0905293 -11.4262 -0.814475 -0.0363545 -0.579183 57.1494
-0.596254 0.0845746 0.798377 146.891 0.0189074 0.995678 -0.0913597 -11.5358 -0.802628 -0.0393821 -0.595256 56.4147
-0.609998 0.0828936 0.788147 147.818 0.0185294 0.995775 -0.0904031 -11.6651 -0.792267 -0.0405424 -0.608947 55.6612
-0.624067 0.0820774 0.7771 148.803 0.0174162 0.995721 -0.0911874 -11.7896 -0.781232 -0.0433765 -0.622806 54.8758
-0.638152 0.0817799 0.76565 149.798 0.0172546 0.995654 -0.0919793 -11.9026 -0.769801 -0.045486 -0.636778 54.0611
-0.652439 0.0801507 0.753645 150.758 0.0176538 0.995769 -0.0906235 -12.0119 -0.757694 -0.0458251 -0.651071 53.2475
-0.666083 0.0780579 0.741879 151.711 0.0186911 0.995987 -0.0880264 -12.12 -0.745729 -0.0447666 -0.664856 52.4022
-0.679452 0.0753265 0.729901 152.585 0.0169744 0.996103 -0.0870041 -12.2258 -0.733584 -0.0467288 -0.678058 51.5822
-0.691935 0.0748206 0.718174 153.517 0.0172085 0.996085 -0.0872083 -12.3339 -0.721844 -0.0479838 -0.6905 50.6753
-0.704215 0.0762915 0.705935 154.419 0.0159569 0.995697 -0.0916955 -12.4342 -0.709869 -0.0533122 -0.702379 49.7548
-0.716807 0.0770159 0.693111 155.289 0.014216 0.995332 -0.0959107 -12.5271 -0.697219 -0.0588955 -0.714542 48.8338
-0.731021 0.0742876 0.678366 156.188 0.0131231 0.995442 -0.0948768 -12.652 -0.682296 -0.0604576 -0.728638 47.8808
-0.74565 0.0693074 0.662834 157.042 0.0123333 0.995884 -0.0902731 -12.7718 -0.66632 -0.0591364 -0.74342 46.9343
-0.759656 0.067117 0.646925 157.85 0.0121345 0.995989 -0.0890916 -12.9007 -0.650284 -0.0598316 -0.757397 45.9465
-0.777271 0.0641829 0.626006 158.731 0.0104378 0.996007 -0.089175 -13.0139 -0.629188 -0.0627776 -0.774819 44.9767
-0.790674 0.0609458 0.609278 159.481 0.00838321 0.996058 -0.0887663 -13.1406 -0.61226 -0.0650799 -0.788039 43.9079
-0.804733 0.0600604 0.59072 160.247 0.00978755 0.996122 -0.0879628 -13.2542 -0.593672 -0.0650034 -0.802179 42.8414
-0.818872 0.0621753 0.570689 160.987 0.0125361 0.995857 -0.0905195 -13.3818 -0.573927 -0.0669719 -0.816228 41.789
-0.83228 0.0626792 0.550937 161.69 0.0171211 0.996066 -0.0874749 -13.505 -0.554214 -0.0633698 -0.830057 40.7294
-0.844688 0.0650206 0.531392 162.377 0.0217445 0.995985 -0.0873146 -13.6187 -0.534911 -0.0622011 -0.842677 39.6177
-0.85521 0.0668906 0.514094 162.985 0.0239955 0.995729 -0.0896608 -13.7344 -0.51786 -0.0643414 -0.85314 38.4737
-0.868436 0.0684266 0.491166 163.661 0.0252428 0.995292 -0.0940392 -13.8492 -0.495263 -0.069271 -0.866039 37.3716
-0.879208 0.0695088 0.471507 164.26 0.0285488 0.995255 -0.0935074 -13.975 -0.475735 -0.0687493 -0.876997 36.2126
-0.888631 0.0689928 0.453524 164.824 0.0308389 0.995416 -0.0910168 -14.0956 -0.457699 -0.0668965 -0.886648 35.0498
-0.897781 0.0698151 0.435056 165.391 0.0329967 0.995291 -0.0916511 -14.2329 -0.439372 -0.0679248 -0.895832 33.8588
-0.904702 0.0735998 0.419772 165.901 0.0369708 0.994856 -0.0947655 -14.354 -0.424565 -0.0702174 -0.90273 32.694
-0.912917 0.0715672 0.402021 166.436 0.03599 0.994833 -0.0953993 -14.4884 -0.40674 -0.0726199 -0.910751 31.5182
-0.919597 0.0685463 0.386985 166.837 0.0347263 0.995036 -0.0937462 -14.6039 -0.391467 -0.0727722 -0.917369 30.4259
-0.925331 0.0628287 0.374138 167.287 0.0332704 0.995873 -0.084979 -14.9564 -0.377902 -0.0661831 -0.923578 29.182
-0.930692 0.058673 0.361241 167.746 0.0327946 0.996501 -0.0773822 -15.2333 -0.364502 -0.060174 -0.929311 27.9583
-0.935725 0.0542825 0.348774 168.155 0.0310228 0.996975 -0.0719663 -15.4326 -0.351593 -0.0565179 -0.934553 26.749
-0.94053 0.049206 0.336315 168.572 0.0284271 0.997419 -0.0664575 -15.5582 -0.338707 -0.0529468 -0.939447 25.5507
-0.945173 0.0456235 0.323588 169.018 0.0270767 0.99778 -0.0616181 -15.6731 -0.325656 -0.0494776 -0.944275 24.3124
-0.948975 0.0454734 0.312258 169.415 0.0292301 0.998009 -0.0565315 -15.7815 -0.314197 -0.0445218 -0.948359 23.1098
-0.951952 0.0489327 0.302552 169.867 0.0329702 0.99784 -0.0576753 -15.8815 -0.304696 -0.0449286 -0.951471 21.8111
-0.953221 0.0536923 0.297683 170.181 0.0380365 0.997619 -0.0581679 -15.9773 -0.300087 -0.0441263 -0.952936 20.6086
-0.954125 0.0570947 0.294166 170.553 0.0414586 0.997435 -0.0591526 -16.0887 -0.296765 -0.0442429 -0.954008 19.2549
-0.956191 0.0541486 0.287916 170.972 0.0388436 0.99756 -0.0586385 -16.1639 -0.290378 -0.0448879 -0.955905 18.0049
-0.958051 0.0468381 0.283006 171.378 0.0325623 0.998004 -0.0549721 -16.2462 -0.284992 -0.0434505 -0.957627 16.7284
-0.959639 0.0406656 0.278515 171.76 0.02696 0.998273 -0.0528948 -16.3309 -0.280175 -0.0432531 -0.959021 15.4539
-0.961133 0.0337001 0.27429 172.131 0.0196827 0.99841 -0.0537313 -16.4163 -0.275642 -0.0462437 -0.96023 14.1827
-0.962004 0.0310021 0.271513 172.483 0.0162991 0.99832 -0.056272 -16.4966 -0.272792 -0.0497102 -0.960835 12.914
-0.962295 0.0319268 0.270404 172.819 0.0168061 0.998219 -0.0580865 -16.5886 -0.271753 -0.0513509 -0.961082 11.6776
-0.96241 0.0321796 0.269936 173.181 0.0166401 0.998116 -0.0596901 -16.6828 -0.271338 -0.052956 -0.961074 10.3966
-0.962336 0.0349596 0.269884 173.536 0.0189433 0.997959 -0.0617596 -16.7667 -0.271469 -0.0543196 -0.961 9.13655
-0.962131 0.0361674 0.270429 173.89 0.019234 0.997736 -0.0650373 -16.8393 -0.272158 -0.0573741 -0.96059 7.91317
-0.962008 0.0364592 0.270851 174.256 0.0189548 0.997621 -0.0670008 -16.9416 -0.272625 -0.0593196 -0.960378 6.65324
-0.961252 0.0376865 0.273333 174.607 0.0198775 0.997549 -0.0676655 -17.0283 -0.275203 -0.0596115 -0.959586 5.39666
-0.960348 0.0379007 0.276492 174.954 0.0200892 0.997599 -0.0670062 -17.1384 -0.278343 -0.0587931 -0.95877 4.11899
-0.958939 0.0372382 0.281404 175.317 0.0189479 0.997581 -0.0674709 -17.2255 -0.283225 -0.0593696 -0.957265 2.85908
-0.957563 0.0368634 0.286126 175.694 0.0187578 0.997707 -0.0657992 -17.3064 -0.287868 -0.0576382 -0.956026 1.61291
-0.955815 0.0357997 0.29202 176.058 0.0178614 0.997837 -0.0638947 -17.3808 -0.293664 -0.0558568 -0.954327 0.412623
-0.953669 0.0340212 0.299188 176.458 0.0163247 0.998023 -0.0614845 -17.4707 -0.300661 -0.0537503 -0.952306 -0.841497
-0.951454 0.0359591 0.305909 176.88 0.0179379 0.997984 -0.0615471 -17.5666 -0.307493 -0.0530733 -0.950122 -2.09984
-0.948612 0.0366738 0.314558 177.28 0.0181985 0.997985 -0.0615049 -17.6629 -0.316152 -0.0526183 -0.94734 -3.32796
-0.945402 0.0400513 0.323645 177.746 0.0199934 0.997719 -0.0650911 -17.7412 -0.3255 -0.055068 -0.94399 -4.57882
-0.941992 0.0407659 0.333391 178.178 0.0202029 0.997728 -0.0649476 -17.8328 -0.335251 -0.054443 -0.940648 -5.79256
-0.937666 0.0426717 0.345106 178.61 0.0212131 0.997652 -0.0657448 -17.9399 -0.347087 -0.0543272 -0.936314 -6.98864
-0.932873 0.0447179 0.357647 179.095 0.0218177 0.997502 -0.0678429 -18.0318 -0.359756 -0.0554839 -0.93149 -8.20813
-0.927884 0.047925 0.369965 179.58 0.0239666 0.997363 -0.0691107 -18.1155 -0.372287 -0.0552612 -0.926529 -9.39627
-0.921399 0.0475135 0.385935 180.031 0.0235693 0.997543 -0.0665699 -18.2205 -0.388121 -0.0522391 -0.920223 -10.612
-0.916382 0.049872 0.397353 180.579 0.0249801 0.997443 -0.067599 -18.3157 -0.39969 -0.0520224 -0.91523 -11.776
-0.909898 0.0521349 0.411776 181.108 0.0272085 0.997475 -0.0661976 -18.4244 -0.414158 -0.0490269 -0.908986 -12.9723
-0.903334 0.0524868 0.42587 181.624 0.0271897 0.997538 -0.0652871 -18.5324 -0.42823 -0.0473987 -0.902483 -14.0987
-0.895779 0.0505512 0.441835 182.19 0.0244846 0.997655 -0.064531 -18.6501 -0.444029 -0.0469852 -0.894885 -15.2537
-0.888122 0.0540387 0.456571 182.81 0.0279057 0.997615 -0.0638096 -18.7397 -0.458911 -0.0439316 -0.887456 -16.4396
-0.879968 0.0576503 0.471728 183.421 0.0307835 0.997482 -0.0645056 -18.8195 -0.474226 -0.0422394 -0.879496 -17.5577
-0.868522 0.0626129 0.491823 183.995 0.0389398 0.997586 -0.0582508 -18.9636 -0.494262 -0.0314422 -0.868809 -18.6695
-0.858259 0.0658177 0.509174 184.628 0.0419217 0.997459 -0.0582973 -19.0466 -0.511681 -0.0286876 -0.858806 -19.7639
-0.847167 0.0724927 0.52649 185.279 0.0492762 0.997142 -0.0580208 -19.0922 -0.529168 -0.0232116 -0.848265 -20.7985
-0.836842 0.0737452 0.542636 186.023 0.049361 0.997053 -0.0594013 -19.1969 -0.545381 -0.0229235 -0.837983 -21.8822
-0.826929 0.07465 0.557453 186.779 0.0503197 0.997047 -0.0588832 -19.324 -0.560171 -0.0206425 -0.828189 -22.8839
-0.816266 0.07911 0.572407 187.549 0.0556663 0.99678 -0.0584024 -19.3784 -0.575144 -0.0158079 -0.818011 -23.8682
-0.802776 0.0836542 0.590502 188.298 0.0602438 0.996475 -0.0592758 -19.4314 -0.593342 -0.0120124 -0.804934 -24.8567
-0.795815 0.0805018 0.600336 189.177 0.0550312 0.99668 -0.0607208 -19.5745 -0.603186 -0.0152843 -0.797571 -25.6562
-0.775024 0.0850447 0.626295 189.884 0.0579219 0.996343 -0.0636254 -19.664 -0.629377 -0.0130362 -0.777068 -26.6824
-0.75532 0.0877726 0.649616 190.576 0.0620234 0.996161 -0.0625008 -19.7723 -0.652558 -0.00691673 -0.757834 -27.608
-0.737541 0.0872843 0.669744 191.399 0.0605187 0.996214 -0.0631956 -19.8635 -0.672685 -0.00607889 -0.739989 -28.5283
-0.718565 0.0877969 0.69005 192.22 0.0601075 0.996172 -0.064174 -19.9558 -0.692991 -0.00463616 -0.721063 -29.392
-0.701536 0.0847162 0.70768 193.001 0.0520051 0.996396 -0.0677335 -20.0474 -0.710827 -0.0107162 -0.703375 -30.1634
-0.684966 0.0783843 0.724498 193.872 0.0474326 0.996929 -0.0630332 -20.2125 -0.727159 -0.008811 -0.686555 -30.9416
-0.663614 0.0778948 0.744106 194.749 0.0467243 0.996986 -0.0627059 -20.3118 -0.746705 -0.00684611 -0.665219 -31.7661
-0.640689 0.0769944 0.764075 195.638 0.0472007 0.997072 -0.0609121 -20.4148 -0.766471 -0.00296161 -0.642425 -32.5565
-0.617082 0.077736 0.783144 196.561 0.0486418 0.997022 -0.0606468 -20.5142 -0.78548 0.000667903 -0.618996 -33.3036
-0.592776 0.0812325 0.801399 197.52 0.0492545 0.996739 -0.0646178 -20.5888 -0.803977 0.00116735 -0.594824 -34.0283
-0.56757 0.0823599 0.819285 198.497 0.0489473 0.996647 -0.0662888 -20.6693 -0.821951 0.00247671 -0.569673 -34.7132
-0.540526 0.0803455 0.837618 199.518 0.0475845 0.996802 -0.0649243 -20.7771 -0.840094 0.00476272 -0.542603 -35.3979
-0.514784 0.088868 0.852791 200.483 0.0518581 0.996068 -0.0725021 -20.643 -0.855831 0.00689913 -0.517347 -36.0456
-0.483218 0.0901164 0.870984 201.436 0.0503016 0.99595 -0.0751558 -20.7418 -0.874165 0.00749301 -0.48578 -36.6258
-0.451649 0.0924394 0.887483 202.501 0.0520503 0.9957 -0.0772308 -20.8524 -0.890758 0.0113101 -0.454504 -37.2141
-0.418142 0.0921238 0.903829 203.549 0.0554031 0.995626 -0.0758653 -20.9925 -0.906798 0.0183489 -0.421406 -37.7543
-0.38737 0.107615 0.915711 204.742 0.0573491 0.9941 -0.0925738 -20.8967 -0.92022 0.0166521 -0.391246 -38.1834
-0.35566 0.107933 0.928492 205.87 0.0534399 0.99408 -0.0951036 -21.0001 -0.933192 0.0157899 -0.359316 -38.6364
-0.321839 0.107566 0.940752 206.979 0.0528591 0.994065 -0.0955854 -21.1153 -0.945398 0.0189614 -0.32561 -39.0331
-0.287903 0.105521 0.951955 208.12 0.0521476 0.994212 -0.0944499 -21.2486 -0.956343 0.0224453 -0.291736 -39.3999
-0.252633 0.104645 0.961972 209.252 0.0517849 0.99422 -0.0945598 -21.3706 -0.966254 0.0259237 -0.256592 -39.7324
-0.220771 0.10515 0.969765 210.42 0.0492736 0.994152 -0.0965926 -21.4768 -0.974182 0.0264535 -0.224662 -39.9838
-0.188278 0.105263 0.976544 211.513 0.0466292 0.994125 -0.0981749 -21.5827 -0.981087 0.0270478 -0.192085 -40.2045
-0.152415 0.106119 0.982725 212.669 0.0456178 0.993963 -0.100273 -21.6969 -0.987364 0.0295405 -0.156341 -40.4071
-0.118212 0.107632 0.987224 213.867 0.0416345 0.99382 -0.103373 -21.8141 -0.992196 0.0288785 -0.121972 -40.5589
-0.0850248 0.108352 0.990592 215.063 0.038686 0.993727 -0.105391 -21.929 -0.995729 0.0293549 -0.0886916 -40.6565
-0.0504766 0.107949 0.99296 216.261 0.0361897 0.993735 -0.1062 -22.0593 -0.998151 0.03057 -0.0540815 -40.7393
-0.0153296 0.108605 0.994089 217.44 0.0332686 0.993637 -0.108059 -22.1919 -0.999431 0.0314089 -0.0188572 -40.803
0.0190857 0.1082 0.994033 218.643 0.0337135 0.99354 -0.108801 -22.3361 -0.999333 0.0355843 0.0152954 -40.8157
0.0525631 0.105644 0.993136 219.818 0.0337718 0.99368 -0.107506 -22.4804 -0.99815 0.0391837 0.0486474 -40.7804
0.0827278 0.106017 0.991006 221.009 0.0329296 0.993543 -0.109045 -22.5995 -0.996114 0.0416492 0.0786787 -40.6845
0.112579 0.105863 0.988111 222.201 0.0323298 0.993442 -0.110133 -22.7469 -0.993223 0.0443363 0.108399 -40.5575
0.14411 0.104516 0.984119 223.373 0.0334801 0.993374 -0.11041 -22.9048 -0.989085 0.048854 0.139628 -40.4093
0.173854 0.103246 0.979468 224.545 0.0334398 0.993347 -0.11066 -23.0534 -0.984312 0.0519837 0.169222 -40.2061
0.203059 0.10055 0.974083 225.74 0.0348728 0.993391 -0.109821 -23.2139 -0.978637 0.0562632 0.198178 -39.9574
0.23459 0.0992339 0.967142 226.924 0.0349333 0.993324 -0.11041 -23.3602 -0.971578 0.0596774 0.229531 -39.7042
0.264409 0.0982565 0.959487 228.095 0.035449 0.993185 -0.111485 -23.5107 -0.963854 0.0634843 0.259088 -39.4037
0.293139 0.0949592 0.951472 229.229 0.03579 0.99332 -0.110179 -23.6802 -0.955515 0.0663412 0.287753 -39.0599
0.317955 0.0957349 0.943359 230.289 0.0324337 0.99326 -0.111739 -23.7977 -0.94765 0.0661182 0.312667 -38.6852
0.346462 0.0961772 0.933252 231.42 0.0304757 0.993104 -0.113675 -23.9316 -0.937687 0.0678157 0.34111 -38.2752
0.376568 0.0978587 0.921309 232.559 0.0292062 0.992709 -0.117389 -24.0772 -0.926031 0.0711062 0.370921 -37.8573
0.406954 0.0992723 0.908176 233.689 0.0281631 0.992295 -0.121104 -24.2294 -0.91314 0.0748496 0.400987 -37.4018
0.435437 0.0969853 0.895087 234.739 0.0181257 0.993086 -0.116431 -24.5486 -0.900144 0.0669157 0.430621 -36.9996
0.462262 0.0943443 0.881854 235.808 0.018014 0.993175 -0.115715 -24.6985 -0.886692 0.0693656 0.45737 -36.4454
0.48799 0.0919642 0.868103 236.871 0.0156643 0.993403 -0.114054 -24.8563 -0.872821 0.0692485 0.48328 -35.8523
0.510232 0.0923818 0.855209 237.906 0.0130546 0.993322 -0.115109 -24.9952 -0.860076 0.0698857 0.505579 -35.223
0.531612 0.0925786 0.842031 238.985 0.0100364 0.993302 -0.115558 -25.1529 -0.847046 0.0698758 0.52707 -34.5244
0.552259 0.0911637 0.828828 240.007 0.00804458 0.993431 -0.114649 -25.3037 -0.833779 0.0699722 0.547855 -33.8675
0.572991 0.0889287 0.814844 241.056 0.00624691 0.993645 -0.112847 -25.4491 -0.81966 0.0697434 0.568739 -33.1786
0.592931 0.0855582 0.800855 242.126 0.00625361 0.993877 -0.11083 -25.5997 -0.80538 0.0707117 0.588721 -32.452
0.610108 0.0831708 0.788068 243.13 0.00560463 0.99405 -0.109261 -25.7484 -0.792427 0.0710708 0.605955 -31.6946
0.624897 0.0811004 0.776648 244.068 0.00705548 0.994019 -0.109497 -25.8836 -0.780833 0.0738927 0.620541 -30.9071
0.641832 0.0808673 0.762702 245.055 0.00554686 0.993962 -0.110068 -26.0223 -0.766958 0.0748685 0.63745 -30.12
0.658016 0.0786448 0.749056 245.952 0.00649878 0.993958 -0.110088 -26.1569 -0.75314 0.077296 0.653481 -29.3417
0.67344 0.0764001 0.735423 246.879 0.00511701 0.994193 -0.107982 -26.2879 -0.739365 0.0764751 0.669077 -28.5134
0.686719 0.0733133 0.723393 247.75 0.00486237 0.994473 -0.105425 -26.4336 -0.727078 0.0759029 0.682518 -27.5917
0.70325 0.0705413 0.70758 248.686 0.00480261 0.994625 -0.103946 -26.5802 -0.711075 0.0764905 0.699068 -26.7389
0.717072 0.0699678 0.693662 249.52 0.00433454 0.994539 -0.104821 -26.7341 -0.697163 0.0781585 0.712804 -25.8696
0.730923 0.0683266 0.679184 250.433 0.00385919 0.994601 -0.104227 -26.8948 -0.682605 0.078795 0.726648 -24.9268
0.74416 0.0671055 0.664814 251.318 0.00217927 0.994749 -0.102872 -27.0541 -0.668184 0.0779902 0.740056 -23.9719
0.754826 0.0637623 0.652979 252.136 0.00203011 0.995088 -0.0995321 -27.2033 -0.656086 0.0764473 0.750922 -22.9936
0.763634 0.0607512 0.642982 252.905 0.00284737 0.995293 -0.0974452 -27.3554 -0.645836 0.0762313 0.759816 -21.9865
0.772551 0.0627721 0.63201 253.74 0.00100227 0.995035 -0.10007 -27.4672 -0.635125 0.0779349 0.768583 -20.9147
0.783244 0.0600554 0.619013 254.574 0.00427051 0.994838 -0.101947 -27.609 -0.6219 0.0824798 0.778894 -19.9023
0.79219 0.0582069 0.607668 255.353 0.00386538 0.994998 -0.100366 -27.7532 -0.610443 0.0818491 0.787932 -18.889
0.80028 0.0538806 0.597415 256.118 0.00691769 0.995117 -0.0990429 -27.8932 -0.599796 0.0833816 0.795948 -17.8456
0.807017 0.0542214 0.588215 256.879 0.00568488 0.995071 -0.0995437 -28.0397 -0.590687 0.083669 0.802661 -16.7834
0.812245 0.0525312 0.581166 257.63 0.00629084 0.99515 -0.0987703 -28.1791 -0.5835 0.0838687 0.80792 -15.6855
0.816488 0.0513254 0.575258 258.409 0.0057067 0.995331 -0.0969237 -28.3219 -0.577521 0.0824121 0.812311 -14.571
0.81941 0.0504781 0.571206 259.151 0.00506572 0.995498 -0.0952681 -28.463 -0.573408 0.0809443 0.815411 -13.4963
0.821563 0.0508436 0.568029 259.893 0.00437043 0.99548 -0.0954446 -28.5875 -0.570289 0.0808886 0.817556 -12.4178
0.823918 0.0504869 0.564685 260.643 0.0038752 0.995557 -0.0946932 -28.7312 -0.566922 0.0801946 0.820009 -11.3181
0.826247 0.0486738 0.561388 261.379 0.00420323 0.995755 -0.0925406 -28.8653 -0.563484 0.0788133 0.822463 -10.2347
0.829225 0.0471127 0.557156 262.146 0.00545541 0.995769 -0.0923502 -28.9946 -0.559116 0.0796057 0.825407 -9.16094
0.83088 0.0483351 0.554534 262.902 0.00577874 0.995469 -0.0954468 -29.089 -0.556614 0.0825016 0.826764 -7.96689
0.833803 0.0479785 0.550211 263.67 0.00556782 0.995493 -0.0952747 -29.2227 -0.552269 0.0824901 0.829726 -6.85294
0.835354 0.0495053 0.547669 264.414 0.00403359 0.995411 -0.0961503 -29.3518 -0.549896 0.0825205 0.831247 -5.68217
0.836322 0.0505357 0.546146 265.12 0.00388818 0.995228 -0.0980744 -29.4563 -0.548464 0.0841312 0.832082 -4.53266
0.838371 0.0537545 0.542638 265.889 0.000777214 0.995058 -0.0997934 -29.5904 -0.545303 0.0840769 0.834113 -3.36088
0.837668 0.0600339 0.543113 266.599 -0.00358191 0.994583 -0.104445 -29.6888 -0.546405 0.0855302 0.833295 -2.18114
0.836236 0.0720841 0.543806 267.339 -0.0152278 0.994046 -0.108369 -29.8517 -0.548361 0.0823319 0.832281 -0.939157
0.83723 0.0719125 0.542352 268.165 -0.0146353 0.99397 -0.109234 -30.0247 -0.546899 0.0835012 0.833183 0.370289
0.836928 0.0755199 0.542276 268.924 -0.016614 0.993538 -0.112743 -30.175 -0.547267 0.0853391 0.832699 1.61477
0.838804 0.0762491 0.539322 269.683 -0.0157824 0.993199 -0.115904 -30.3101 -0.544452 0.0886931 0.834252 2.71682
0.840862 0.0762732 0.536049 270.482 -0.0144875 0.992898 -0.118571 -30.4538 -0.54126 0.0919266 0.835921 3.91861
0.84081 0.0787404 0.535828 271.21 -0.0169856 0.992779 -0.11927 -30.6293 -0.541312 0.0911657 0.836027 5.06415
0.840873 0.0788108 0.535663 271.888 -0.0174971 0.992843 -0.118627 -30.8008 -0.541153 0.0903685 0.83616 6.14182
0.839688 0.0765183 0.537908 272.567 -0.01585 0.993119 -0.116563 -30.9903 -0.543089 0.089335 0.835072 7.30765
