0.999887 0.00118082 0.015089 0.025628 -0.00116094 0.999999 -0.00130844 0.0116839 -0.0150908 0.00129071 0.999886 0.156182
0.999777 0.00251672 0.0209851 0.0263896 -0.00253288 0.999997 0.000729481 -0.00533603 -0.0209827 -0.000782519 0.99978 0.166119
0.999635 0.00158176 0.0269705 0.0335272 -0.00165228 0.999995 0.00260397 -0.023179 -0.0269668 -0.00264758 0.999633 0.160617
0.9994 0.000171158 0.0346689 0.0241367 -0.000304723 0.999993 0.00383784 -0.0388253 -0.0346676 -0.00384615 0.999392 0.203914
0.999275 -0.00301788 0.0379618 0.0639547 0.00292183 0.999994 0.00260135 -0.000792812 -0.0379701 -0.00248852 0.999277 0.178252
0.99917 -0.00225473 0.0406886 0.0469737 0.00220663 0.999997 0.00120993 -0.0208242 -0.0406904 -0.00111945 0.999173 0.224463
0.999019 -1.09753e-05 0.0443125 0.0516794 -1.00618e-05 1 0.000488283 0.0110774 -0.0443134 -0.000488082 0.999017 0.225796
0.998791 0.00192601 0.0491309 0.054923 -0.00206486 0.999996 0.00276443 -0.00217666 -0.0491241 -0.00286283 0.998791 0.263592
0.998832 -0.00182314 0.0483039 0.0845676 0.00146162 0.999971 0.00753023 -0.00717326 -0.0483169 -0.00745058 0.998804 0.23857
0.998742 -0.00644755 0.049716 0.0692039 0.00607094 0.999961 0.00770974 -0.00362052 -0.0497625 -0.0073985 0.998741 0.277204
0.998587 -0.00603702 0.0528323 0.15659 0.00587258 0.999968 0.00328171 0.0043704 -0.0528516 -0.00296668 0.998592 0.416864
0.99844 -0.000692226 0.0558003 0.157658 0.000568502 1 0.00222015 0.00785452 -0.0558011 -0.00218509 0.998446 0.416692
0.99833 0.00273684 0.057704 0.0848448 -0.00297291 0.999979 0.00401634 0.0297437 -0.0576927 -0.00418099 0.998318 0.358643
0.998263 -0.00202467 0.0588896 0.0923114 0.00177035 1 0.00435592 -0.00479373 -0.0588973 -0.00424438 0.998265 0.344627
0.998181 -0.00518287 0.0600521 0.0928253 0.00501063 0.999972 0.00303257 -0.00489075 -0.0600673 -0.00272588 0.998181 0.344526
0.998353 -0.00587819 0.057092 0.10498 0.00573944 0.999994 0.00258201 -0.0206 -0.0571056 -0.00225039 0.998376 0.31069
0.998327 -0.00554697 0.0575248 0.0923303 0.00556319 0.999969 -0.000109278 -0.000263559 -0.0575239 0.000429357 0.998334 0.363776
0.998345 -0.00276278 0.0574768 0.0793439 0.00276721 1.00001 -7.06819e-06 0.00626817 -0.0574759 0.000165875 0.998359 0.435625
0.9984 0.00150613 0.0564985 0.04879 -0.00152446 0.999985 0.000289298 0.0271816 -0.0564987 -0.000374677 0.998391 0.432152
0.998652 0.000120014 0.0519093 0.0740098 -0.000158235 1.00001 0.000722917 -0.00295788 -0.0519087 -0.000730506 0.998663 0.442348
0.998873 -0.00185085 0.0474114 0.0800965 0.00181425 0.999984 0.00082604 -0.00461316 -0.0474133 -0.000738703 0.998864 0.42867
0.998979 -0.00126266 0.0451687 0.0534908 0.00118429 1.00001 0.00174926 0.00104395 -0.0451703 -0.00169435 0.99899 0.490061
0.999098 0.000630732 0.0424686 0.0534713 -0.000633718 0.999986 6.96067e-05 -0.0028798 -0.0424691 -9.60068e-05 0.999086 0.495612
0.999164 -0.00169415 0.04085 0.0468974 0.00175025 1.00001 -0.00135285 -0.00645451 -0.0408472 0.00142279 0.999178 0.521721
0.999361 -0.00286082 0.0356388 0.0663132 0.00296388 0.999978 -0.00282086 -0.0046472 -0.0356307 0.00292509 0.999347 0.519665
0.999489 -0.00404564 0.0317289 0.0430017 0.00416897 0.999997 -0.00384642 0.00712256 -0.0317127 0.00397624 0.999504 0.580099
0.999647 -0.00216567 0.0264454 0.0412687 0.0022598 0.999978 -0.00350415 0.00601925 -0.0264376 0.00356313 0.99963 0.53797
0.999791 -0.00218278 0.0203775 0.0451916 0.00223112 1.00001 -0.00238164 0.0159702 -0.020372 0.00242618 0.999804 0.630787
0.999889 -0.00138787 0.0146986 0.0301041 0.00140012 0.999988 -0.000781001 0.0115203 -0.0146977 0.000801909 0.999878 0.651481
0.999942 -0.00251768 0.0107054 0.0277376 0.00251803 1.00001 -8.72642e-05 0.0122705 -0.0107051 0.000113749 0.999957 0.634654
0.99994 -0.000960434 0.0107087 0.0273787 0.000953551 0.999989 0.000714501 0.0129252 -0.0107094 -0.000703779 0.999928 0.633245
0.999958 0.000887374 0.00958495 0.0340847 -0.000897206 1.00001 0.000946905 0.0174993 -0.00958394 -0.000955893 0.99997 0.745186
0.999957 0.000123499 0.00884622 0.0451385 -0.00012885 0.999989 0.000686816 0.0130013 -0.00884635 -0.000687491 0.999945 0.752367
0.999963 0.00061805 0.00914136 0.0353049 -0.000627591 1.00001 0.000963492 0.0104867 -0.00914052 -0.000969627 0.999974 0.739674
0.999956 -0.00122404 0.00877272 0.0341045 0.00121895 0.999989 0.000671158 0.00959328 -0.00877369 -0.000659982 0.999945 0.726689
0.999966 0.000102679 0.00881132 0.0411876 -0.000108042 1.00001 0.000526637 0.00279626 -0.00881115 -0.000527939 0.999977 0.772598
0.999948 0.000217991 0.00977026 0.033372 -0.000238392 0.999989 0.00216086 0.00589563 -0.0097699 -0.00216272 0.999934 0.777633
0.999949 0.000641613 0.0106092 0.0199008 -0.000678851 1 0.00344034 -0.00431902 -0.0106067 -0.0034477 0.999954 0.817995
0.999922 -0.000403581 0.0121212 0.0175501 0.000365396 0.999985 0.00321036 -0.00327827 -0.0121226 -0.00320534 0.999905 0.804622
0.999931 -5.77089e-05 0.0121477 0.0193665 3.53897e-05 1.00001 0.00177869 -0.00827133 -0.0121477 -0.00177851 0.999942 0.804494
0.999904 -0.000529616 0.0135577 0.0205106 0.000526584 0.99999 0.00027951 -0.0146626 -0.013558 -0.00027198 0.999892 0.848176
0.999897 0.00012814 0.0147593 0.00871035 -0.00011733 1.00001 -0.00076746 -0.0205685 -0.0147593 0.000765249 0.999909 0.824358
0.999858 0.00108928 0.016523 -0.00969788 -0.00106393 0.99999 -0.00151099 0.00196216 -0.0165247 0.00149356 0.999845 0.808517
0.999821 5.42558e-06 0.0191804 0.0453772 -3.533e-06 1.00001 -0.000128836 -0.0408043 -0.0191802 0.00012842 0.999834 0.848573
0.999714 0.00258121 0.0236561 0.0630416 -0.00257299 0.999989 -0.000353233 -0.0261877 -0.0236573 0.000292593 0.999703 0.867054
0.999518 0.00204409 0.0311803 0.028039 -0.00203102 1.00001 -0.000468136 -0.0132173 -0.0311806 0.000404229 0.999534 0.872183
0.999439 0.000764796 0.0332953 0.0386904 -0.000765061 0.999991 1.22683e-05 -0.018498 -0.0332959 -3.73917e-05 0.999426 0.861038
0.999437 -0.000742235 0.0337269 0.0396242 0.000774646 1.00001 -0.000962062 -0.0155972 -0.0337256 0.000987232 0.999451 0.838558
0.999536 -0.000911502 0.0302175 0.0747465 0.000936586 0.999991 -0.000797421 -0.0195053 -0.0302174 0.00082573 0.999523 0.847089
0.999515 0.000925056 0.0313649 0.0557262 -0.00087139 1 -0.00174345 -0.0190563 -0.0313659 0.00171487 0.999527 0.848305
0.999509 0.000327472 0.0311184 0.0491691 -0.000301985 0.999994 -0.000810345 -0.0401895 -0.0311189 0.000800999 0.999496 0.853787
0.999474 -0.00354161 0.0324672 0.0409088 0.00364416 0.999995 -0.00311473 -0.0293329 -0.0324554 0.00323092 0.999488 0.853746
0.999503 -0.00672195 0.030566 0.0506179 0.0068126 0.999967 -0.00284325 -0.0397908 -0.0305464 0.00305053 0.99951 0.853934
0.999458 -0.00832455 0.0320702 0.0218033 0.00851616 0.999953 -0.00586686 -0.00592092 -0.0320192 0.00613628 0.999487 0.848527
0.999564 -0.00586876 0.0287177 0.0472619 0.0059753 0.99997 -0.00360369 -0.025492 -0.0286962 0.00377418 0.999562 0.873345
0.999583 -0.00882213 0.0277989 0.0522354 0.00896385 0.999956 -0.00499641 -0.00221137 -0.0277529 0.00524299 0.999622 0.823262
0.999673 -0.0072399 0.0241796 0.0808484 0.00744376 0.99993 -0.00832959 -0.0363285 -0.0241182 0.00850751 0.999654 0.845296
0.999669 -0.00432736 0.0257437 0.0476022 0.00470428 0.999892 -0.0146243 -0.0220765 -0.0256766 0.0147399 0.999582 0.84258
0.999667 0.000965375 0.0254651 0.0364362 -0.000477407 0.999808 -0.0191431 -0.00465832 -0.0254794 0.0191254 0.999474 0.846289
0.999724 0.00201023 0.0237766 0.0637729 -0.00164719 0.99989 -0.015297 -0.0291757 -0.0238041 0.0152529 0.999619 0.846034
0.999624 -0.00179088 0.0270267 0.024418 0.00203718 0.999949 -0.00907409 -0.0252783 -0.0270097 0.00912618 0.999573 0.856765
0.999711 -0.00177883 0.0243813 0.0474085 0.00189503 0.999994 -0.00476208 -0.00281416 -0.0243721 0.00480645 0.999713 0.846534
0.999709 -0.00187324 0.0236327 0.0424319 0.00187869 0.999992 -0.000192589 0.00284891 -0.0236327 0.000237258 0.999699 0.842656
0.999784 -0.00139139 0.021218 0.0382171 0.00127985 0.999992 0.00525331 -0.000209094 -0.0212246 -0.00522523 0.999783 0.837587
0.999772 -0.00633815 0.0198817 0.0267183 0.00625661 0.999965 0.00417384 -0.0132287 -0.0199078 -0.0040483 0.999772 0.821605
0.999882 -0.00205642 0.0159062 0.0198374 0.00204918 1 0.000448388 -0.0205458 -0.0159067 -0.000415999 0.999896 0.826531
0.999895 -0.00422566 0.0130274 0.0133869 0.00426487 0.999981 -0.002961 -0.0194883 -0.0130148 0.0030165 0.999888 0.806107
0.999952 0.000406239 0.0109023 0.01323 -0.000375997 1 -0.00283423 -0.0072338 -0.0109027 0.0028299 0.999959 0.791798
0.999911 0.00570714 0.011032 0.0206611 -0.0056658 0.999974 -0.00370631 -0.00155233 -0.0110534 0.00364348 0.999912 0.798507
0.99994 0.00206175 0.0118245 0.00174633 -0.00208079 0.999999 0.00153506 -0.00217534 -0.0118208 -0.00155942 0.999949 0.70052
0.999938 -0.000989195 0.00998898 0.0191531 0.00100864 0.999995 -0.00192676 0.010534 -0.0099874 0.00193681 0.999929 0.811304
0.999977 -0.00292446 0.00817539 0.0105879 0.00294716 0.999995 -0.00278721 0.00174097 -0.00816629 0.00281096 0.999983 0.795146
0.999982 -0.00225905 0.00179014 0.0201408 0.00226879 0.999979 -0.00533795 0.0310179 -0.00177874 0.00534229 0.999963 0.762549
1.00001 -0.000436864 -0.000241031 0.001078 0.000435731 0.999999 -0.00317742 -0.00165781 0.000243294 0.00317713 1.00002 0.882131
0.999984 -0.00108962 -0.00231494 -0.036632 0.0010917 0.999993 0.000736482 0.00514199 0.00231335 -0.000738895 0.999977 0.864916
0.999997 0.00213156 -0.00518587 -0.0584395 -0.00213425 1 -0.000445953 0.00669052 0.00518567 0.000456841 1.00001 0.877511
0.99996 0.00260951 -0.00690749 -0.0373609 -0.00260531 0.999993 0.000587505 -0.00688376 0.00690847 -0.000569344 0.999956 0.910706
0.99998 0.00204561 -0.00812049 -0.0320381 -0.00205224 1 -0.000784058 0.00219989 0.00811987 0.000800465 0.99999 0.897063
0.999951 0.00276805 -0.00792012 -0.0128185 -0.00277107 0.999993 -0.000398867 0.00325673 0.00791813 0.000420941 0.999946 0.944645
1 0.00335426 -0.00342848 -0.0397913 -0.00335186 0.999997 0.000768976 -0.0164999 0.00343192 -0.000757626 1.00002 0.971845
0.999973 0.00522691 -0.000864347 -0.0328289 -0.00522747 0.999982 -0.00110834 0.0172256 0.000858065 0.00111297 0.999978 0.959768
1.00001 0.00369311 -0.000207118 -0.00766011 -0.00369361 0.999997 -0.00127869 0.0173036 0.000203031 0.00127936 1.00002 0.9834
0.999985 0.00197827 -2.69024e-05 0.00239989 -0.00197809 0.999994 -0.000181471 -0.0012046 2.60577e-05 0.000181596 0.999982 0.998306
1.00001 0.000934837 -0.000882255 0.00862617 -0.000934842 1 0.000192393 -0.00418179 0.000882959 -0.000191513 1.00002 1.00384
0.999984 -0.001468 -0.00111651 0.0110864 0.0014702 0.999995 0.00174776 -0.0198557 0.00111361 -0.00174959 0.999979 1.0107
0.999844 -0.0157141 -0.00973929 0.130613 0.0159584 0.999551 0.0255218 -0.165757 0.00933419 -0.0256725 0.999646 0.704081
0.999986 0.000140501 -0.0013052 0.0076296 -0.000139453 0.999997 0.000185382 -0.0165348 0.00130531 -0.000185474 0.999982 1.02877
0.999877 -0.0151157 -0.00705731 0.064577 0.0158816 0.991975 0.125456 -0.822581 0.00510482 -0.125549 0.992093 0.900017
0.999983 0.00198118 9.53769e-05 -0.0045792 -0.00198058 0.999996 -0.000567836 -0.0101052 -9.6816e-05 0.000568005 0.99998 1.04761
1.00001 0.00136034 -0.000822932 0.00564652 -0.00135989 1 0.00149826 -0.0284588 0.000825572 -0.00149738 1.00002 1.03185
0.999984 0.000982632 -0.00034567 -0.0150783 -0.000981841 0.999996 0.00116304 -0.0120627 0.000346285 -0.00116258 0.999977 1.02928
0.999629 -0.0276243 0.00373032 -0.0320801 0.0275242 0.999325 0.0245574 -0.179872 -0.00440463 -0.0244447 0.999717 -0.104541
0.999966 -0.00557828 -0.00332958 0.00991314 0.00558447 0.999984 0.00162485 -0.00294429 0.00331594 -0.00164289 0.999973 0.984502
1.00001 0.00137942 -0.00325109 -6.5086e-05 -0.00137952 0.999999 0.0002175 -0.0204694 0.00325587 -0.000213565 1.00002 1.02351
0.999981 -0.0013088 -0.00260851 -0.00703343 0.00131029 1 0.000245571 -0.0212776 0.00260371 -0.000248488 0.999976 1.04957
1.00001 0.000614875 -0.00074686 -0.00907973 -0.000615317 1 0.000823969 -0.0414384 0.000751792 -0.000823988 1.00002 1.00386
0.999978 -0.00333559 -0.00165831 0.0428845 0.00333879 0.999993 0.00138669 -0.03772 0.00164894 -0.00139172 0.999978 0.936001
1.00001 0.00186551 0.000893327 0.0455354 -0.00186298 0.999992 -0.00391282 -0.00204455 -0.000896047 0.00391053 1.00001 1.00531
0.999967 0.00164873 0.00597242 -0.00778644 -0.00164085 0.999997 -0.00114965 -0.0228947 -0.00597902 0.00114032 0.999966 1.00982
0.999931 0.00565492 0.0116163 0.00287431 -0.00563309 0.999985 -0.00199625 0.0334706 -0.0116228 0.00193007 0.999946 0.784845
0.999895 0.00344223 0.0130812 -0.0348413 -0.00346148 0.99999 0.0015225 -0.0106989 -0.0130806 -0.00156713 0.999898 0.910886
0.99997 -0.0035286 0.00863759 -0.0201181 0.00356406 0.999987 -0.00417789 0.0848804 -0.00861822 0.00420789 0.999969 0.943372
0.99996 -0.00154129 0.00726625 -0.004701 0.001563 0.999993 -0.00288951 -0.0178952 -0.00726652 0.00290137 0.999955 0.983445
0.999996 0.000350002 0.00578596 0.0103379 -0.000333514 0.999996 -0.00295954 -0.00332181 -0.0057822 0.00295702 0.999995 1.00482
0.999964 0.00150969 0.00673767 -0.0150925 -0.00149311 0.999996 -0.00239205 -0.0193172 -0.00674608 0.00238246 0.999959 0.947998
0.999994 0.000946144 0.00602437 -0.0322638 -0.000935466 0.999999 -0.00185825 -0.00324192 -0.00602133 0.001852 0.999996 1.02077
0.999983 -0.00082454 0.00253174 0.0256438 0.000819943 0.999997 0.00211972 -0.0240574 -0.00253829 -0.00211712 0.999977 0.995501
1.00001 -0.00112298 0.00290659 -0.00410356 0.0010994 0.999969 0.00792486 -0.00018791 -0.00291043 -0.00792222 0.999982 0.995452
0.999981 0.00183715 0.00321603 -0.00953148 -0.0018646 0.999959 0.00875985 -0.00262604 -0.0032043 -0.00876535 0.999939 0.973668
1.00001 0.000153632 0.00202619 0.00279678 -0.000155707 1 0.000642108 0.00459543 -0.00202176 -0.00064302 1.00002 0.987544
0.999979 0.00400623 0.00147479 0.00837119 -0.00399232 0.999953 -0.00864764 0.0267862 -0.00151365 0.00864234 0.999943 0.97146
1.00001 -0.000831307 0.00310859 -0.0195124 0.00085271 0.999976 -0.00720119 -0.00488863 -0.00309818 0.00720315 0.99999 0.968213
0.999966 -0.00628898 -0.00146107 0.0297778 0.00628071 0.999958 -0.00622855 0.0821484 0.00149574 0.00621981 0.999959 0.960892
1.00001 -0.0034349 -0.00107242 0.015468 0.00343301 0.999997 -0.00101778 0.0120597 0.00108034 0.00101364 1.00002 0.9103
0.999988 0.00108426 -0.000185644 -0.00737073 -0.00108249 0.99999 0.00395536 -0.0314754 0.000185742 -0.00395483 0.999973 1.01461
1.00001 0.00207791 -0.00045205 -0.0178096 -0.00207643 0.999983 0.00575788 -0.0327323 0.000468192 -0.00575733 1 0.882787
0.999982 0.00399118 -0.00113437 0.00448953 -0.00398307 0.999972 0.00606185 -0.0181026 0.00115451 -0.00605697 0.999963 0.990336
0.999984 0.00717768 -0.000403065 -0.0217139 -0.00717801 0.999975 0.00213084 -0.0315367 0.000422388 -0.00212825 1.00001 0.96271
0.999969 0.00663071 -0.000749409 -0.0268394 -0.00662797 0.999972 0.00198113 -0.0206421 0.000758477 -0.00197582 0.999981 0.974003
1.00001 -0.0021417 -0.00158376 -0.0196784 0.00214159 1 0.000651932 -0.00618451 0.00158658 -0.000655654 1.00001 0.941946
0.999978 -0.00334461 -0.00383775 -0.00259959 0.00333777 0.99999 -0.00207128 -0.0134058 0.00384064 0.00205882 0.999974 0.945826
0.99999 -0.0012225 -0.0061103 -0.00112195 0.00120555 0.999998 -0.00265433 -0.00773321 0.0061177 0.00264633 0.999994 0.95672
0.999936 -0.00439642 -0.00951691 0.00157919 0.00439788 0.999989 5.08046e-05 -0.00807567 0.00951258 -9.23427e-05 0.99994 0.934171
0.999948 -0.00359834 -0.0104179 0.0228244 0.00359569 0.999995 -0.000197892 -0.0219004 0.0104225 0.000160099 0.999961 0.950518
0.999924 0.00517261 -0.0104117 -0.02182 -0.00518655 0.999984 -0.00137868 0.00523261 0.0104006 0.00143299 0.999931 0.960252
0.999925 0.00401355 -0.0122434 -0.0210831 -0.00401417 0.999993 2.30638e-05 0.00638776 0.0122475 2.5586e-05 0.999941 0.944755
0.999886 0.000428732 -0.0146082 -0.000354255 -0.000370878 0.999992 0.00391417 -0.0174293 0.0146059 -0.00390793 0.999871 0.921759
0.99984 0.00787002 -0.0165291 0.0312326 -0.00770717 0.999922 0.00992316 -0.149117 0.0166098 -0.00979449 0.999831 0.85781
0.999919 -0.000860811 -0.012296 -0.0246599 0.000875983 0.999997 0.00121135 -0.015266 0.0122916 -0.00122145 0.999909 0.926032
0.999904 -0.00199149 -0.0141353 -0.00673941 0.00194386 0.999994 -0.00334533 0.0168258 0.0141452 0.00331668 0.999911 0.94515
0.999896 -0.000138361 -0.0141176 -0.0134221 1.54251e-05 0.999961 -0.00873539 0.0271451 0.0141148 0.00873515 0.999848 0.91776
0.999909 -0.00332178 -0.013402 -0.00759248 0.00316024 0.999924 -0.01202 0.0168714 0.0134444 0.0119756 0.999854 0.939018
0.999904 0.000716843 -0.013478 -0.0192526 -0.000815306 0.99997 -0.00734231 0.011933 0.0134689 0.00735354 0.999866 0.939565
0.99991 0.0016765 -0.0137298 -0.000522233 -0.00163655 0.999998 0.00296922 -0.0081823 0.0137384 -0.0029474 0.999919 0.92218
0.999883 -0.00175177 -0.0148993 0.0021508 0.00182512 0.999983 0.0048782 -0.0370704 0.0148869 -0.00490396 0.99986 0.895966
0.999939 0.00319098 -0.0110826 -0.0140525 -0.0032085 1 -0.00150623 -0.0208084 0.0110817 0.00154066 0.999957 0.915806
0.999954 0.00380607 -0.00820587 -0.0134485 -0.00385976 0.999964 -0.00657746 -0.0217204 0.00817674 0.00660996 0.999926 0.91393
0.999962 0.00686697 -0.00626111 -0.00962499 -0.00691613 0.999952 -0.00773532 -0.00862766 0.00621165 0.00777709 0.99997 0.905588
0.999972 0.00628489 -0.00261546 -0.00797796 -0.0062985 0.999959 -0.00555265 0.0149363 0.00257645 0.00557011 0.999962 0.91088
0.999992 0.00117464 -0.00516192 0.00187929 -0.00117652 1.00001 -0.000155059 -0.0131984 0.00516597 0.000159906 1.00001 0.909281
0.999991 -0.000378056 -0.00314898 -0.0319721 0.000381312 0.999993 0.000913533 -0.0270944 0.00314454 -0.000913662 0.999977 0.917128
0.999977 -0.00275968 -0.00676674 -0.0151101 0.0028245 0.999953 0.00962171 -0.0816536 0.00674411 -0.00964166 0.99995 0.908166
0.999966 0.00201753 -0.00757037 0.0133682 -0.00199597 0.999992 0.00282964 -0.00461703 0.00757176 -0.00281338 0.999949 0.916014
0.999968 0.00592095 -0.00586723 -0.00813492 -0.00592861 0.999984 -0.00125933 0.0124345 0.00586398 0.00129295 1 0.916207
0.999932 0.00889573 -0.00718866 -0.0096637 -0.00890749 0.999956 -0.00162931 -0.0110391 0.00716947 0.0016942 0.999953 0.902111
0.999968 0.00606333 -0.0059071 -0.036367 -0.00607449 0.999984 -0.00185164 -0.022504 0.00590007 0.0018863 1 0.921827
0.999976 -0.00222356 -0.00616007 -0.0201385 0.0022028 0.999988 -0.00338852 -0.0221827 0.00616307 0.00337599 0.999957 0.903899
0.999992 -0.00164653 -0.00430768 -0.0466209 0.00162905 0.999995 -0.00402239 -0.00236114 0.00431873 0.00401421 1 0.877375
0.999968 0.000570478 -0.00770672 -0.00206392 -0.000552742 0.999993 0.00228496 -0.0175797 0.00770355 -0.00227973 0.999951 0.914972
0.999971 0.000688166 -0.0079612 -0.00874019 -0.000656579 0.999996 0.00397604 -0.00246815 0.00796852 -0.00397154 0.999978 0.909012
0.999973 0.0025078 -0.0066031 -0.0230197 -0.00248884 0.999988 0.00286397 -0.0377366 0.00660548 -0.00284662 0.999956 0.884599
0.999988 0.000913942 -0.00544171 -0.0215305 -0.000930985 1 -0.00314246 -0.0260763 0.00544372 0.00314641 1 0.912909
0.999967 0.00205776 -0.00766579 0.0039299 -0.00206621 0.999993 -0.00107078 -0.0293209 0.00765874 0.00108756 0.999953 0.880753
0.999963 0.00575609 -0.00710063 -0.00600596 -0.0057759 0.999983 -0.00281282 0.00638432 0.00708933 0.00285282 0.999991 0.908888
0.99954 -0.027615 -0.0121092 0.0430849 0.0275726 0.999611 -0.00362965 0.0376833 0.0121999 0.00329519 0.9999 -0.0613471
0.993057 0.0184615 0.116242 -0.658651 -0.0277282 0.996521 0.0786161 -0.337402 -0.114379 -0.0812921 0.990128 -0.438141
0.99996 -0.00199143 -0.00782855 -0.00270354 0.00198486 0.999997 -0.000948118 -0.00636588 0.00782519 0.000933622 0.999946 0.913322
0.997778 -0.0239842 0.0623757 -0.2824 0.0296312 0.995389 -0.091274 0.456709 -0.0598916 0.0929158 0.993901 0.683619
0.999921 0.0113579 -0.00229143 -0.0393712 -0.0113542 0.999934 0.00078535 -0.0249735 0.00229415 -0.000759301 0.999969 0.696184
0.999986 0.0053619 -0.00492866 -0.00803051 -0.00536051 0.999988 0.000674901 0.00885635 0.00493812 -0.000648507 1.00002 0.746193
0.999971 -0.00219441 -0.00542977 -0.00960575 0.00219079 0.999996 -0.00100041 0.0105365 0.00542602 0.000988573 0.999957 0.849439
1.00001 0.00205402 -0.0027531 -0.0207974 -0.00206019 0.999997 -0.00157268 0.0062594 0.00275587 0.00157822 1.00002 0.914723
0.999972 0.00172141 -0.00502547 -0.0235475 -0.00172779 0.999996 -0.00164461 -0.00173687 0.00501661 0.00165337 0.999958 0.895061
0.999984 -0.00618814 -0.00441719 -0.0171319 0.00619077 0.999981 0.000985517 0.000998863 0.00441698 -0.00101287 1.00002 0.903481
0.999965 -0.00624957 -0.00308438 -0.0193782 0.00625741 0.999978 0.00191866 -0.00314389 0.00306665 -0.00193805 0.999965 0.883255
1.00001 -0.000410425 0.00308453 -0.0857368 0.0004097 1 -0.000433369 0.0115246 -0.00307854 0.000434708 1.00002 0.70561
0.999985 0.00109216 -0.00236152 -0.0259868 -0.0011014 0.999988 -0.00493179 0.0287118 0.00235047 0.00493433 0.999956 0.882516
1.00001 0.000682833 -0.00381714 0.00326324 -0.000696792 0.999997 -0.00304919 -0.0147129 0.00382065 0.00305196 1.00002 0.901818
0.999983 0.00122933 -0.00248704 -0.0249521 -0.00122646 0.999998 0.000279979 -0.0249309 0.00248178 -0.00027711 0.999969 0.842652
1.00001 0.000323927 9.70038e-05 -0.0113662 -0.000326262 1 0.00139013 -0.0185001 -9.07746e-05 -0.00139001 1.00003 0.918962
0.999975 0.00409311 -0.00307623 0.0226461 -0.00408177 0.999985 0.00294192 0.0278329 0.00308256 -0.00292957 0.999962 0.887797
1.00001 0.00104615 0.00186287 -0.0380359 -0.00105646 0.999994 0.00432219 -0.00548508 -0.00185255 -0.00432382 1.00002 0.899395
0.999984 -0.00302271 -0.00174135 0.0134026 0.00302324 0.999993 -0.00100237 0.0143584 0.00173893 0.00099696 0.99997 0.873872
1 -0.00099695 -0.00381094 0.0345855 0.000968868 0.999979 -0.00674876 0.00269832 0.00382308 0.00674505 0.999998 0.880596
0.999988 -0.00193025 -9.06501e-05 -0.019511 0.00193216 0.999992 -0.00280956 -0.0325272 9.0479e-05 0.00280922 0.999968 0.852701
1 0.0029955 0.00176929 -0.032146 -0.00300014 0.999998 0.00137733 -0.0255443 -0.00175952 -0.00138232 1.00003 0.892927
0.999989 0.000958843 0.000993727 -0.0332117 -0.000958634 0.999996 0.00194383 -0.0368212 -0.000997206 -0.00194515 0.99997 0.877752
1.00001 -0.0014898 -0.00039157 0.00699142 0.00148671 0.999998 -0.00283303 0.0263054 0.000401383 0.00283246 1.00002 0.895228
0.999981 0.00368784 8.84938e-05 -0.013543 -0.00368528 0.999976 -0.0049953 0.00973708 -0.000112414 0.00499492 0.999963 0.880946
0.999948 0.0113969 0.000405483 -0.0215845 -0.0113969 0.999927 -0.00501763 0.0128217 -0.000457119 0.00501264 1.00001 0.865463
0.999977 0.00470162 -0.000136005 -0.0225333 -0.00469977 0.999981 -0.00254699 -0.0205111 0.000118566 0.00254754 0.999973 0.865969
0.999992 -0.00644804 0.000657446 -0.00464513 0.00644679 0.999983 -0.00152177 -0.0364967 -0.000641702 0.00152607 1.00002 0.861885
0.999981 0.00369032 -0.00157867 0.00592032 -0.00369098 0.999987 -0.00184076 -0.000691121 0.00156654 0.00184636 0.999976 0.853422
0.999878 -0.0162354 -0.00195866 0.000484521 0.0162338 0.999873 0.000237511 -0.0525036 0.00196027 -0.000268706 1.00002 0.836986
0.992186 0.100368 -0.074044 0.312352 -0.0899954 0.987135 0.132127 -0.514384 0.08635 -0.124434 0.988446 0.14586
0.999889 -0.00935244 0.0124374 -0.0842981 0.00882528 0.999101 0.0416314 -0.39875 -0.012811 -0.0415147 0.999077 -0.236825
0.999981 0.00375129 0.00146897 0.00912376 -0.00375238 0.99999 0.00238266 0.098977 -0.00146426 -0.00238917 0.999976 0.282229
0.999498 -0.0228966 0.022459 -0.146281 0.0224033 0.999513 0.0218581 -0.23214 -0.0229438 -0.0213423 0.999531 -0.498963
0.999585 0.00530532 0.0278311 -0.194292 -0.00592736 0.999729 0.0224235 -0.251718 -0.0277093 -0.0225809 0.999339 -0.136289
0.999985 -0.00340161 -0.00737893 -0.00258497 0.00337062 0.999997 -0.00362886 -0.00832234 0.00739584 0.00360499 0.999992 0.823003
0.999947 0.00240177 -0.00821618 -0.00841169 -0.00241251 0.999989 -0.00167889 0.0121427 0.00820761 0.00169756 0.999943 0.806611
0.999967 -0.00196843 -0.00971366 -0.0107965 0.00201238 0.999994 0.0048608 -0.0114478 0.00970856 -0.00487909 0.999966 0.814365
0.999955 0.000731378 -0.00776976 -0.000808993 -0.000774312 0.999977 -0.00582881 0.0654031 0.00776115 0.00583409 0.999931 0.519581
0.999902 0.00394763 -0.0146495 0.0808807 -0.00505766 0.997087 -0.0762466 0.491936 0.0143106 0.0763123 0.997008 -0.0330603
0.999969 0.00417022 -0.00443306 -0.00765689 -0.00410294 0.999873 0.0144472 -0.110014 0.0044884 -0.01443 0.999864 0.0536825
0.999939 -0.0114667 -0.00415356 -0.0124938 0.0114667 0.99995 0.00077498 -0.0255805 0.00414907 -0.000821394 1.00002 0.0606034
0.999982 -0.00190339 0.00307325 -0.023599 0.00194307 0.999913 -0.0120659 0.0306573 -0.00305452 0.0120709 0.999899 -0.489358
0.99988 0.00920366 -0.0133629 0.0163639 -0.00930479 0.999944 -0.00730933 0.0243892 0.013299 0.00743379 0.999907 0.273615
0.999928 0.00533614 -0.00969109 0.00268324 -0.00545643 0.999891 -0.0127276 0.0228897 0.00961782 0.0127788 0.99985 0.0409925
0.999236 0.0339019 -0.0199191 0.0590822 -0.0340108 0.999424 -0.00500803 0.0571003 0.0197421 0.00568267 0.999812 -0.455643
0.999919 0.00349979 -0.0115465 -0.0151429 -0.0034956 0.999979 0.000138535 -0.00633348 0.0115423 -9.91323e-05 0.99991 0.429761
0.999845 0.00277889 -0.0179803 0.0170213 -0.00291472 0.999985 -0.00734864 0.0351327 0.0179639 0.00740082 0.999835 0.0190927
0.999974 0.00398145 -0.00437995 -0.0629325 -0.00402 0.99993 -0.00955516 0.0106534 0.00433714 0.0095717 0.999922 -0.115018
0.999709 0.0243923 -0.0029876 -0.0535433 -0.0244387 0.999599 -0.0154457 0.0919797 0.00261461 0.0155149 0.9999 -0.0836263
0.999598 0.0274013 -0.00574333 -0.00770106 -0.0275074 0.999409 -0.0198355 0.211468 0.00519143 0.0199848 0.999764 0.0549547
0.999963 0.00926534 -0.00335809 -0.0116923 -0.00933714 0.999752 -0.0210709 0.115408 0.00316757 0.0211021 0.999797 0.0613286
0.999983 0.00394972 0.00138214 -0.0329876 -0.00395576 0.999954 0.00627628 -0.0232184 -0.00136249 -0.00628262 0.999957 0.109935
1.00001 0.000320145 0.00261837 -0.030631 -0.000344338 0.999986 0.00807403 -0.0667333 -0.00260968 -0.00807363 0.99999 -0.0852812
0.999987 -0.00091391 0.00286811 0.00418201 0.00090909 0.999979 0.00260192 -0.00776588 -0.00287606 -0.00260027 0.999971 0.76235
1.00001 -0.00136083 0.000445123 0.0358598 0.00135835 1.00001 -0.000632715 -0.00315202 -0.00043859 0.000634283 1.00002 0.758669
0.999984 -0.00279841 0.00289823 0.0119738 0.00279685 0.999982 0.0014609 -0.048898 -0.00290787 -0.00145375 0.999973 0.762419
1 0.000341519 0.00417452 0.00599326 -0.000350038 1.00001 0.00139141 -0.0138731 -0.0041684 -0.00139189 1.00001 0.752775
0.999978 0.00128909 0.00506889 0.00698892 -0.00128435 0.999987 -0.000413717 -0.00312979 -0.00507493 0.000406176 0.999968 0.75074
0.999986 0.00243185 0.0064548 -0.00196582 -0.00244665 1.00001 0.00184411 -0.0103004 -0.00644458 -0.00185865 0.999998 0.743973
0.999761 -0.0203957 0.00652928 0.0395906 0.0204639 0.999728 -0.0100807 0.0387641 -0.0063272 0.0102106 0.999908 -0.176701
1 -0.000225697 -0.00397586 0.0851268 0.000118158 0.999667 -0.0262403 0.177888 0.00398625 0.0262407 0.999671 0.0691199
0.999919 0.00960486 0.00673361 0.0138029 -0.00956718 0.999929 -0.00514844 0.0589364 -0.00678851 0.00508233 0.999941 0.316182
0.999826 0.00898902 0.0171338 -0.0342358 -0.00922503 0.999879 0.0135657 -0.0857117 -0.0170032 -0.0137195 0.999787 0.0925904
0.999622 -0.0196543 0.0186033 -0.0267009 0.0196676 0.999792 -0.000373441 -0.0628108 -0.0185986 0.000737477 0.999802 0.00488632
0.999966 -0.00245279 0.00973521 0.0119335 0.00299013 0.998446 -0.0559122 0.289584 -0.00957626 0.0559396 0.998416 0.108515
0.999976 0.00336314 -0.00268066 0.0575104 -0.00349889 0.99854 -0.0536353 0.272838 0.00248986 0.0536432 0.998529 0.141033
0.999839 0.00276737 0.0186458 -0.0413435 -0.00289873 0.999987 0.00686032 -0.0678568 -0.0186191 -0.00691096 0.999835 -0.0938461
0.999778 0.0137489 0.0148931 -0.0376263 -0.0139199 0.99982 0.0116529 -0.0327398 -0.0147377 -0.0118602 0.99979 0.032761
0.999815 -0.00298692 0.0199631 -0.0474203 0.00341507 0.999774 -0.0216235 0.134129 -0.0198861 0.0216891 0.9996 -0.160867
0.999854 -0.0017445 0.0161302 -0.0453952 0.000863905 0.998494 0.0545932 -0.292662 -0.016208 -0.0545751 0.998349 0.0294761
0.999989 -0.00682876 -0.00279742 0.0420776 0.00692375 0.999323 0.0366091 -0.123131 0.00255253 -0.036625 0.999358 -0.0596037
0.999938 0.00419148 -0.00852203 -0.0208368 -0.00403512 0.999816 0.0179385 -0.0935876 0.00858896 -0.0179055 0.999772 0.425313
0.999617 0.0282254 -0.00241794 0.0185774 -0.0282547 0.999551 -0.0114897 0.216157 0.00210011 0.0115552 0.999961 -0.0166143
0.99973 0.0214163 -0.00690199 0.0518994 -0.0211293 0.999003 0.0389217 -0.125547 0.00772206 -0.0387687 0.999192 -0.192323
0.999635 0.0270469 -0.00567835 -0.00750519 -0.0268117 0.998915 0.038484 -0.155213 0.00671983 -0.0383143 0.99927 0.110471
0.99981 -1.46353e-05 -0.0185958 -0.0160751 9.38193e-05 0.999976 0.00409833 0.000522986 0.018589 -0.00410174 0.999792 0.671482
0.999991 -0.000300072 -0.0077708 0.0337242 -5.26723e-05 0.999007 -0.0449205 0.22687 0.00778389 0.0449216 0.99899 -0.32
0.999571 -0.0177853 -0.0225415 0.0768995 0.0194439 0.996944 0.0755067 -0.397111 0.0211237 -0.0759181 0.996865 -0.117584
0.993387 0.113909 -0.0157183 0.105022 -0.114381 0.992901 -0.0329878 0.544474 0.0118554 0.0345696 0.999364 -0.836516
0.999809 0.00464273 -0.017868 -0.0143728 -0.00461481 0.999979 0.00141523 -0.00591573 0.0178677 -0.00133589 0.99981 0.65124
0.999902 0.00194728 -0.0152827 -0.0203265 -0.00189132 1 0.00387632 -0.0107121 0.0152968 -0.00384359 0.999907 0.642592
0.999895 -0.0036171 -0.0124964 -0.0124374 0.00365858 0.99998 0.00306809 -0.00817666 0.0124785 -0.00311693 0.999886 0.634503
0.998873 -0.0381244 0.0289824 -0.182611 0.0390496 0.998729 -0.0321547 0.284712 -0.0277124 0.0332522 0.999095 0.0612576
0.999849 0.00882107 -0.0136105 0.0265629 -0.00885281 0.999949 -0.00253716 -0.00593522 0.013581 0.00265417 0.999872 0.580745
0.999966 0.00432781 -0.00951902 -0.0236443 -0.00439278 0.999978 -0.00644815 -0.00958814 0.00949742 0.00649271 0.999968 0.636759
0.999944 -0.00103461 -0.0083195 -0.0319914 0.000945596 0.999931 -0.0111303 -0.00186508 0.00832389 0.0111191 0.999872 0.621849
0.999672 -0.0148282 -0.0218908 0.185484 0.0146968 0.99988 -0.00600161 -0.0641863 0.0219838 0.00568085 0.999774 0.538224
0.999957 -0.000362947 -0.00657778 -0.0107845 0.000377083 0.999994 0.00161307 0.00151861 0.00657057 -0.00161886 0.999946 0.623054
0.999994 0.00217495 -0.00706962 -0.00300442 -0.00212013 0.999969 0.00824048 -0.00105823 0.00709399 -0.00822176 0.999972 0.648649
0.999938 0.00486597 -0.00765894 0.0386216 -0.00477012 0.999913 0.0120269 -0.00863383 0.0077105 -0.0119935 0.999861 0.661187
1.00002 -0.000261675 -0.00175569 -0.0205853 0.000273101 0.999967 0.00852637 -0.0171514 0.00175985 -0.00852337 0.999997 0.611624
0.999975 -0.0027296 -0.000933148 0.0106564 0.00273268 0.999992 -0.000511318 -0.0117653 0.000928324 0.000505614 0.999965 0.668654
1.00001 -0.00333502 -0.00111676 0.00199578 0.00332785 0.999994 -0.00327573 -0.00919339 0.00113389 0.00327513 1.00003 0.64657
0.99998 -0.0019413 -0.00131853 -0.00979864 0.001942 0.999992 -0.00193291 0.0187627 0.00131605 0.0019272 0.999962 0.607693
1 0.005635 -0.00175059 -0.000887787 -0.00563796 0.999989 0.000196803 0.0324416 0.00175802 -0.000183784 1.00003 0.648969
0.99998 0.00130552 -0.00283612 -0.0073221 -0.00129509 0.99999 0.00255873 0.0107546 0.00283317 -0.00255822 0.999957 0.640708
1.00001 0.00101604 -0.00372543 0.00733455 -0.00100782 1 0.00304766 0.015497 0.00373492 -0.00304071 1.00003 0.65958
0.999976 -0.000690007 -0.00428311 -0.011432 0.000702359 0.999993 0.00211629 -0.00333242 0.00427552 -0.00212239 0.999953 0.661494
0.999994 -0.00251671 -0.00630183 -0.012974 0.00253191 0.999998 0.00291246 -0.0240375 0.00630065 -0.0029253 1.00001 0.630361
0.999952 -0.00140063 -0.00788037 -0.0169749 0.0014338 0.999984 0.00381308 -0.0295841 0.0078687 -0.0038274 0.999925 0.646268
0.999967 -0.00178284 -0.0101314 -0.0109161 0.00178914 1.00001 0.000947654 -0.0142225 0.0101341 -0.000963066 0.999992 0.669391
0.999918 0.00071531 -0.0111782 -0.0398141 -0.00073648 0.999988 -0.00219528 -0.00207153 0.0111722 0.00220084 0.999892 0.639233
0.999962 0.0047673 -0.0095445 -0.0996351 -0.0048233 0.999982 -0.00548914 -0.0182339 0.00952246 0.00553723 0.999983 0.606229
0.999892 0.00288777 -0.0129822 -0.0179296 -0.00291629 0.999982 -0.00242988 -0.0306678 0.0129707 0.00246497 0.999871 0.711241
0.999939 -0.000886236 -0.0126506 -0.00929698 0.000905367 1.00001 0.00176289 -0.0816986 0.0126533 -0.00177153 0.999961 0.686653
0.99992 -9.02166e-05 -0.0111412 -0.0376109 0.000132376 0.999982 0.00349825 -0.00971155 0.0111364 -0.00350237 0.99989 0.620593
0.999945 0.00181937 -0.0120083 -0.013117 -0.00180328 1.00001 0.00162028 -0.0109477 0.0120156 -0.00159574 0.99997 0.672006
0.999917 0.00291977 -0.0110176 -0.0560733 -0.00289209 0.999981 0.00223606 -0.0310023 0.0110196 -0.00220696 0.999894 0.69389
0.999944 0.00468807 -0.0112364 -0.00866218 -0.00467278 1 0.00167775 0.0101754 0.0112485 -0.00162222 0.999979 0.703914
0.999941 0.00304682 -0.00850886 -0.00511703 -0.00303232 0.999983 0.00132616 -0.0227772 0.00850838 -0.00130324 0.999921 0.705716
1 0.000629929 -0.00526704 0.00219097 -0.000616518 1.00001 0.00317015 -0.0101166 0.0052735 -0.00316389 1.00003 0.718272
0.999972 -0.00314573 -0.00291406 0.00648006 0.00316051 0.999974 0.00396761 -0.0250971 0.00289694 -0.00397986 0.999943 0.714514
1.00001 -0.00421176 0.000930741 -0.0105776 0.00421078 1 -0.00240104 -0.0142447 -0.000915968 0.00240775 1.00004 0.716939
0.999981 -0.00127837 0.000603544 0.0104696 0.00128154 0.999985 -2.83882e-05 -0.0279727 -0.000608232 2.61232e-05 0.999955 0.741378
1.00001 -0.00181297 0.00151654 -0.00708806 0.00181857 0.999996 -0.00577741 0.0273698 -0.00150137 0.00578295 1.00003 0.749236
0.99998 -0.00269346 -0.000707418 0.0150357 0.00269588 0.999982 -0.00110375 0.0184048 0.000705878 0.00109888 0.999957 0.74802
1 -0.00487241 0.000310138 0.00524503 0.00486781 0.999988 0.00520409 -0.0145912 -0.00033081 -0.00519944 1.00003 0.724764
0.999974 0.00178666 0.0043845 -0.0503704 -0.00178689 0.999986 0.00078673 0.0176412 -0.00438777 -0.000797588 0.999946 0.740929
1 -0.00228148 0.00414721 -0.00914879 0.00226536 1 0.00308398 -0.00733185 -0.00414952 -0.0030715 1.00003 0.604386
0.999984 -0.000314165 0.00208177 -0.00917437 0.000315753 0.999989 0.000851189 -0.015735 -0.00208666 -0.000853692 0.999953 0.769044
1 0.00162544 0.00415252 -0.014363 -0.00163103 1.00001 0.000533633 -0.0184124 -0.00414695 -0.000537251 1.00004 0.765496
0.999987 0.00217565 -0.000596548 0.0249523 -0.0021747 0.999983 -0.00408705 0.0218115 0.000583244 0.00408538 0.999951 0.790284
1.00001 -0.00213213 0.00293409 -0.0178563 0.00213293 1 -0.00141547 -0.0456251 -0.00292662 0.00142462 1.00004 0.741036
0.999988 -0.000458305 -0.000361389 0.013719 0.000459995 0.999983 -0.00494348 -0.0243739 0.00035931 0.0049406 0.999945 0.746005
0.999985 -0.00340542 0.00704934 -0.0789034 0.00339519 0.999997 0.000892987 -0.0283657 -0.00704759 -0.000866208 1.00002 0.739713
0.999978 0.00331026 0.00253016 -0.00940473 -0.00332248 0.999969 0.00644882 -0.048456 -0.00251347 -0.00646028 0.999931 0.758027
1.00001 0.00021027 0.00132616 -0.0147442 -0.000219953 0.999994 0.00429057 -0.014676 -0.00132063 -0.00428786 1.00004 0.752178
0.999978 0.00308913 0.00309762 -0.0122352 -0.00308666 0.999992 0.00052311 -0.0108856 -0.00310067 -0.000535546 0.99995 0.780866
0.999996 0.00339794 0.00456923 0.00613073 -0.00341461 0.999992 0.00274111 -0.0374973 -0.00455509 -0.00275369 1.00003 0.767774
0.999949 -0.000507074 0.00872143 -0.00627229 0.000508804 0.999998 0.00026765 -0.000868277 -0.0087266 -0.000266116 0.999915 0.743646
0.999962 0.000736943 0.0102481 0.000914168 -0.000737318 1 -0.000354166 -0.00777388 -0.0102433 0.000349442 0.999995 0.751674
0.999914 -0.00257152 0.0116366 -8.74678e-06 0.0026141 0.999991 -0.00332656 -0.0116876 -0.0116331 0.00335397 0.99988 0.744868
0.999941 0.00151375 0.0119623 0.00519455 -0.00149567 0.999998 -0.00184056 -0.0299037 -0.0119599 0.00182543 0.999973 0.760892
0.999922 0.00497714 0.010299 0.0295958 -0.00500586 0.999982 0.00311749 -0.0263114 -0.0102886 -0.00317208 0.999895 0.745569
0.999924 -0.00638483 0.0117937 0.0103162 0.00631929 0.999969 0.00530403 -3.31365e-05 -0.0118219 -0.00522569 0.999962 0.757686
0.999916 -0.00278515 0.0115283 -0.0149209 0.00269022 0.999961 0.00847622 -0.0199634 -0.011556 -0.00844811 0.999855 0.734332
1 -0.000880031 0.00564444 0.0204715 0.000850651 0.99999 0.00471944 0.000186129 -0.00564397 -0.00471145 1.00001 0.777225
0.999585 0.0282494 0.000237818 0.0710648 -0.028241 0.999517 -0.0128463 0.274098 -0.000604157 0.0128318 0.999878 0.712323
1.00002 -0.00215298 0.000211682 0.0402904 0.00214962 0.999999 0.00312622 -0.0420113 -0.000213981 -0.00312276 1.00004 0.788335
0.999977 0.000538334 -0.00293972 0.103904 -0.000520298 0.999981 0.00516411 -0.0734423 0.00293842 -0.00516568 0.999941 0.553725
1.00001 0.0018892 0.00248075 -0.023913 -0.00187952 0.999992 -0.00519169 0.0203574 -0.00248645 0.00518963 1.00003 0.827718
0.999973 0.00502896 -0.000893544 0.00841971 -0.00502559 0.999981 -0.000306254 -0.0248798 0.000888237 0.000307833 0.999957 0.790266
1.00001 0.00303681 -0.00282411 0.0374916 -0.00303543 1 0.00189129 -0.0276811 0.00283363 -0.00187981 1.00004 0.744897
0.99998 0.000951839 -0.00235684 0.00774571 -0.000943973 0.999991 0.00175048 -0.0171149 0.00235458 -0.00175121 0.999953 0.763123
1.00001 -0.00205659 -0.00100852 -0.0171002 0.00205358 1 0.000792066 -0.00634029 0.00101078 -0.000791184 1.00004 0.804453
0.999954 -0.00489176 -0.00621036 0.071428 0.00488303 0.99998 -0.00205918 0.0135907 0.00621647 0.00202596 0.999935 0.780809
1 -0.00131951 -0.00470854 0.0112401 0.00131622 1 0.000126713 -0.000302299 0.0047122 -0.000129975 1.00003 0.759911
0.999977 0.00268858 -0.00371353 -0.0233897 -0.00268184 0.999995 0.00081331 -0.00144736 0.00371167 -0.000806397 0.999954 0.815151
1 0.00220699 -0.00351022 -0.0366728 -0.00219622 0.999991 0.00413813 -0.00957706 0.00352344 -0.00412731 1.00002 0.717891
0.999966 0.000913281 -0.00650608 -0.00130262 -0.00087535 0.999983 0.00522793 -0.0235286 0.00650659 -0.00522523 0.999927 0.778033
1 0.00124305 -0.00393309 -0.0165907 -0.00124374 1 0.00082509 -0.0181022 0.00393837 -0.000817257 1.00003 0.809371
0.999958 0.00486561 -0.00639862 0.00220387 -0.00487752 0.999985 -0.00245469 -0.0286756 0.00638241 0.00248309 0.999941 0.786142
0.999981 0.00622035 -0.00441229 -0.0217977 -0.00624674 0.99997 -0.00515473 0.00236593 0.00438451 0.00518477 1.00002 0.778112
0.999968 0.0041286 -0.00528536 -0.00500638 -0.00413331 0.999988 -0.00155722 -0.0153686 0.00527453 0.0015762 0.999947 0.828708
1 0.00213654 -0.00374911 -0.0265888 -0.00213955 1 0.000136692 -0.00391434 0.00375387 -0.000125868 1.00003 0.799408
0.999982 0.00112576 -0.00403304 -0.012032 -0.00112656 0.999996 -0.00103523 -0.0276143 0.00402767 0.00103683 0.999955 0.78018
1.00001 0.00186664 -0.00377732 -0.00983529 -0.00187317 1 -0.000610833 -0.0390632 0.00378138 0.000620658 1.00004 0.807674
0.999982 -0.000259682 -0.00293356 -0.0195414 0.000268627 0.999995 0.00162287 -0.049023 0.00292801 -0.00162652 0.999952 0.783968
0.999993 -0.0015522 -0.00620131 0.00725443 0.00155641 1 0.00136947 -0.0189539 0.0062043 -0.00137622 1.00002 0.81275
0.999965 -0.00422357 -0.00503958 -0.0158309 0.00423632 0.999985 0.00167921 -0.0400506 0.00502734 -0.00170343 0.999944 0.788621
0.999995 -0.00283286 -0.00500027 -0.00371297 0.00282085 1 -0.00155458 -0.0113463 0.0050097 0.00154329 1.00003 0.789284
0.999976 0.0010869 -0.00503349 -0.0071825 -0.00108921 0.999991 -0.00131681 -0.0207183 0.00502709 0.00131944 0.999944 0.810902
0.999995 0.0047563 -0.00369439 -0.0265283 -0.00474912 0.999992 0.00306883 -0.0154153 0.0037144 -0.00304847 1.00003 0.801663
0.999965 0.00363849 -0.00573962 -0.0271089 -0.00362222 0.999982 0.00214682 -0.0187066 0.005742 -0.00212853 0.999936 0.771222
1.00001 -0.000946257 -0.0029303 -0.0261473 0.000936322 1 -0.00230214 -0.0318585 0.00294026 0.00230116 1.00004 0.821389
0.999791 0.000464577 -0.0198619 0.182165 -0.000686565 0.999928 -0.0113521 0.0847433 0.0198491 0.0113618 0.999691 0.640131
1 0.00512203 -0.0025092 -0.0300152 -0.00513626 0.999985 -0.00481102 0.00414635 0.00249383 0.00482499 1.00003 0.801988
