0.999995 -0.00148649 -0.00296578 0.0288953 0.00148085 0.999998 -0.0018865 0.0116946 0.00296867 0.00188217 0.999993 0.626992
0.999994 -0.00182247 -0.00316944 0.00211658 0.0018128 0.999994 -0.00300323 -0.00880856 0.00317464 0.00299731 0.999991 1.15249
0.999985 -0.00219729 -0.00526535 -0.00336676 0.00217271 0.999987 -0.00461526 -0.0152119 0.00527527 0.00460367 0.999977 1.72986
0.999972 -0.00400725 -0.00638491 -0.037383 0.00396372 0.99997 -0.00678489 -0.0168578 0.00641146 0.00675913 0.999958 2.34788
0.99996 -0.00641044 -0.00667779 -0.0706964 0.00635133 0.999941 -0.00880426 -0.0280292 0.00673354 0.00876141 0.99994 2.87761
0.999956 -0.00747722 -0.00587923 -0.137464 0.00741897 0.999925 -0.00987129 -0.0273768 0.00595191 0.00982701 0.999936 3.48849
0.999953 -0.00726699 -0.00678432 -0.154892 0.00719817 0.999923 -0.0101048 -0.0303585 0.00685672 0.0100553 0.999927 4.06454
0.999951 -0.00757836 -0.0066191 -0.196899 0.00750708 0.999915 -0.0107328 -0.0432954 0.00669906 0.0106824 0.999922 4.67324
0.999958 -0.00687066 -0.00647192 -0.2368 0.00678047 0.999881 -0.0138398 -0.0588645 0.00656572 0.0137952 0.999885 5.27475
0.999966 -0.0050196 -0.00687008 -0.270413 0.00489674 0.999831 -0.0177779 -0.0708973 0.0069573 0.0177434 0.999821 5.89352
0.999978 -0.00350822 -0.00611098 -0.333548 0.0033729 0.999752 -0.022002 -0.0783388 0.00618609 0.0219807 0.99974 6.5499
0.999987 -0.00110528 -0.00543259 -0.385734 0.000982067 0.999745 -0.022627 -0.0877388 0.00545536 0.0226211 0.999732 7.20261
0.999978 0.000814152 -0.00698411 -0.392481 -0.000921803 0.999881 -0.0154072 -0.106281 0.0069701 0.0154131 0.99986 7.8845
0.999967 0.00172955 -0.00818191 -0.380447 -0.001773 0.999987 -0.00529844 -0.115615 0.00817172 0.0053125 0.999956 8.51443
0.999953 0.00305998 -0.00950899 -0.371458 -0.00304647 0.999994 0.00144225 -0.136618 0.00951268 -0.00141347 0.999956 9.17204
0.999927 0.00537775 -0.0110992 -0.373328 -0.00536488 0.999988 0.00118347 -0.165207 0.0111045 -0.00112412 0.999941 9.8645
0.999898 0.00780534 -0.0121888 -0.379114 -0.0078622 0.999958 -0.00461918 -0.198555 0.0121515 0.00471423 0.999916 10.539
0.999858 0.00707924 -0.015423 -0.357585 -0.00726096 0.999908 -0.0117634 -0.180221 0.0153373 0.0118734 0.999816 11.2634
0.999844 0.00523305 -0.0170314 -0.354427 -0.00541439 0.999929 -0.0106209 -0.184416 0.0169739 0.0107111 0.9998 11.9978
0.999846 0.00420096 -0.0171838 -0.369986 -0.00422102 0.999993 -0.00113857 -0.200856 0.017178 0.00121054 0.999855 12.7561
0.999834 0.00393045 -0.0179658 -0.381963 -0.00383755 0.999978 0.00519963 -0.195407 0.0179849 -0.00513018 0.999827 13.5633
0.99983 0.0028493 -0.0183672 -0.395108 -0.00272291 0.999976 0.00689225 -0.190973 0.0183854 -0.00684145 0.999811 14.3552
0.999839 0.00113513 -0.0181238 -0.408478 -0.00103505 0.999984 0.00552748 -0.192087 0.0181289 -0.00550815 0.999822 15.1501
0.999844 -3.96742e-05 -0.0178254 -0.416962 9.83405e-05 0.999998 0.00328099 -0.193469 0.0178242 -0.00328263 0.999839 15.9518
0.999869 0.00219919 -0.0163383 -0.45562 -0.00219653 0.999998 0.000182951 -0.20408 0.0163376 -0.000147384 0.999869 16.7989
0.99989 -0.000724412 -0.015035 -0.470495 0.000644438 0.999989 -0.00533503 -0.213251 0.0150376 0.00532436 0.999876 17.6321
0.999885 -0.00419039 -0.0149871 -0.472315 0.00400579 0.999917 -0.0123195 -0.215345 0.0150363 0.0122576 0.999815 18.5152
0.999908 -0.00359451 -0.0133582 -0.503841 0.00335362 0.999836 -0.0180183 -0.224269 0.0134196 0.0179713 0.999753 19.4387
0.99992 -0.00282227 -0.0127812 -0.525726 0.00258083 0.999819 -0.0188603 -0.244864 0.012831 0.0188254 0.999743 20.3689
0.999919 -0.00257336 -0.012763 -0.545055 0.00233239 0.999823 -0.0188706 -0.261776 0.012808 0.0188388 0.999745 21.292
0.99994 -0.000975578 -0.0114509 -0.576646 0.000744137 0.999796 -0.0201967 -0.291046 0.011467 0.0201866 0.999734 22.2285
0.999947 0.000882369 -0.0107964 -0.600386 -0.00112474 0.99975 -0.022479 -0.311898 0.0107725 0.0224893 0.999696 23.1712
0.999935 0.00471882 -0.0109908 -0.616309 -0.0049724 0.99972 -0.0231614 -0.342039 0.0108771 0.0232141 0.999675 24.1485
0.999919 0.00636095 -0.0115614 -0.625019 -0.00663274 0.999703 -0.0236471 -0.371446 0.0114061 0.0237212 0.999662 25.1052
0.999915 0.0069069 -0.0115737 -0.645008 -0.00717125 0.999711 -0.0229709 -0.414773 0.0114104 0.0230515 0.999673 26.0747
0.999912 0.00677156 -0.0120114 -0.65936 -0.00704132 0.999725 -0.0225864 -0.453635 0.0118535 0.0226684 0.99968 27.0811
0.999893 0.00791057 -0.0129364 -0.6762 -0.0081843 0.99974 -0.0212662 -0.49175 0.0127635 0.0213694 0.999695 28.0853
0.999874 0.00827725 -0.0141155 -0.684366 -0.00855832 0.999768 -0.0199851 -0.513034 0.0139452 0.0201027 0.999709 29.0933
0.999856 0.00797604 -0.0154588 -0.692841 -0.00826888 0.999786 -0.0189917 -0.544011 0.0153027 0.0191164 0.999705 30.1064
0.999851 0.00762427 -0.015977 -0.711681 -0.00794889 0.999765 -0.0203691 -0.571492 0.0158161 0.0204923 0.999674 31.1278
0.999832 0.00864385 -0.0166347 -0.729548 -0.0090052 0.999723 -0.0217902 -0.598443 0.0164403 0.0219358 0.99963 32.1688
0.999831 0.00827753 -0.0168796 -0.756855 -0.00863701 0.999738 -0.0213508 -0.624689 0.0166966 0.0214922 0.999638 33.2141
0.999833 0.00747159 -0.0171543 -0.781941 -0.00780039 0.999786 -0.0191925 -0.652308 0.0170058 0.0193226 0.999674 34.252
0.999826 0.00740505 -0.0175496 -0.808802 -0.00767161 0.999859 -0.0151805 -0.686632 0.0174329 0.0153116 0.99974 35.3347
0.999826 0.00799598 -0.0173265 -0.852234 -0.00822167 0.999884 -0.0129998 -0.716365 0.017219 0.0131395 0.999772 36.3983
0.999825 0.00794735 -0.0173768 -0.886958 -0.00816094 0.999894 -0.0122713 -0.74869 0.0172757 0.0124101 0.999783 37.4295
0.999833 0.00780034 -0.0170166 -0.933206 -0.00805218 0.999861 -0.0147849 -0.763189 0.0168973 0.0149189 0.999754 38.4996
0.999842 0.00797009 -0.0163901 -0.97797 -0.00823188 0.999841 -0.0159834 -0.784284 0.0162583 0.016115 0.999747 39.5877
0.999827 0.00785562 -0.0173404 -1.00111 -0.00811851 0.999856 -0.0151335 -0.816327 0.0172175 0.0152711 0.999744 40.6876
0.99981 0.00751222 -0.0184318 -1.02949 -0.00776303 0.999881 -0.0135889 -0.840765 0.0183258 0.0137285 0.999747 41.7752
0.999795 0.00789179 -0.0191037 -1.05131 -0.00811606 0.999902 -0.011684 -0.867785 0.0190082 0.0118361 0.999758 42.8623
0.999759 0.0096481 -0.0201379 -1.07457 -0.00989002 0.999883 -0.0119625 -0.901468 0.0200183 0.0121579 0.999735 43.9597
0.999738 0.0112611 -0.0203607 -1.09458 -0.0115764 0.999817 -0.0154269 -0.940911 0.0201819 0.0156582 0.999683 45.0709
0.999724 0.0124291 -0.020348 -1.12462 -0.0128079 0.999748 -0.0186051 -0.985777 0.0201099 0.0188597 0.99963 46.1709
0.999716 0.0135548 -0.0200548 -1.15964 -0.013933 0.999729 -0.0188349 -1.02728 0.0197927 0.0191085 0.999631 47.234
0.999721 0.0150612 -0.0186254 -1.20569 -0.015362 0.999755 -0.0161252 -1.06978 0.0183761 0.0164058 0.999706 48.3121
0.999702 0.0164657 -0.0185173 -1.23288 -0.0167195 0.999771 -0.013623 -1.11625 0.0182875 0.0139282 0.999746 49.3976
0.999754 0.0143194 -0.0174295 -1.27307 -0.0145052 0.999843 -0.0105733 -1.16739 0.0172737 0.0108225 0.999804 50.477
0.999734 0.0172949 -0.0158492 -1.21327 -0.0173766 0.999839 -0.00503838 -1.29893 0.0157583 0.00531207 0.999871 51.5048
0.999743 0.0171219 -0.0154774 -1.21906 -0.0172038 0.999843 -0.00516271 -1.35146 0.0153846 0.00542664 0.999879 52.553
0.999774 0.0175959 -0.012756 -1.29505 -0.0176926 0.99982 -0.00750197 -1.37458 0.0126202 0.00772548 0.999902 53.6703
0.999795 0.0164096 -0.0125771 -1.2881 -0.0165404 0.999814 -0.010357 -1.39793 0.0124027 0.0105619 0.99988 54.6864
0.999811 0.0151308 -0.0131259 -1.28652 -0.0153053 0.999799 -0.0133015 -1.43743 0.0129204 0.0134992 0.999838 55.7586
0.999811 0.013535 -0.014639 -1.27565 -0.0137512 0.999802 -0.0147721 -1.47357 0.014434 0.0149696 0.999798 56.8609
0.999821 0.0120011 -0.0154188 -1.27925 -0.0121894 0.999857 -0.0121901 -1.51109 0.0152686 0.0123752 0.99982 57.9695
0.999833 0.0103265 -0.0157126 -1.28472 -0.0104174 0.999935 -0.00570969 -1.54592 0.0156505 0.00587146 0.999874 59.0687
0.99986 0.00832757 -0.0152891 -1.29753 -0.0083269 0.999971 9.27958e-05 -1.56704 0.0152876 3.3976e-05 0.999896 60.1197
0.999874 0.00678234 -0.0150268 -1.32649 -0.00675635 0.999983 0.00179032 -1.6006 0.0150365 -0.00168961 0.9999 61.2386
0.999908 0.00232709 -0.0142907 -1.34587 -0.00235184 1 -0.00171912 -1.60604 0.0142849 0.00175194 0.999909 62.3201
0.999932 0.000930435 -0.012474 -1.38943 -0.000995473 0.999994 -0.00515446 -1.62023 0.0124668 0.00516537 0.999925 63.3856
0.999923 0.00277439 -0.0131419 -1.40436 -0.00289965 0.999957 -0.00954647 -1.63819 0.013113 0.0095832 0.999882 64.5096
0.999934 0.0024716 -0.0122119 -1.43939 -0.00264793 0.999901 -0.0143913 -1.65446 0.0121729 0.0144215 0.999839 65.5942
0.999951 0.0047804 -0.0101024 -1.48182 -0.00496432 0.999828 -0.0182986 -1.63459 0.0100112 0.0183471 0.999796 66.6667
0.999932 0.00875145 -0.0090656 -1.50545 -0.00889502 0.999843 -0.0158589 -1.65417 0.00892313 0.0159373 0.999852 67.7769
0.999925 0.0102983 -0.00844832 -1.53838 -0.0104238 0.999842 -0.0150234 -1.6679 0.00829024 0.0151096 0.999867 68.8687
0.999918 0.00983899 -0.00953569 -1.54272 -0.00999778 0.999819 -0.0167199 -1.67096 0.00936713 0.0168127 0.999834 69.9841
0.999947 0.00766482 -0.00883375 -1.57478 -0.00781414 0.999833 -0.0170797 -1.6885 0.0086992 0.017147 0.999832 71.0823
0.999985 0.00609428 -0.00415594 -1.63471 -0.00616821 0.99983 -0.0179255 -1.68575 0.00404383 0.0179497 0.99985 72.1175
1 0.0030288 -0.00500691 -1.63544 -0.00311455 0.999855 -0.0173158 -1.69697 0.00495155 0.0173305 0.999856 73.2085
0.999998 0.0010419 -0.00536584 -1.65844 -0.00113727 0.999851 -0.0177432 -1.70192 0.00534435 0.0177481 0.999848 74.3067
1.00001 -7.63043e-05 -0.0045132 -1.6869 -9.50406e-06 0.999828 -0.0191023 -1.73674 0.00451167 0.0191015 0.999826 75.3793
0.999994 7.46525e-05 -0.00626038 -1.68701 -0.000219516 0.999743 -0.0230799 -1.7766 0.00625478 0.0230799 0.999733 76.5117
0.999982 0.000390473 -0.0085164 -1.67837 -0.000605508 0.99969 -0.0253102 -1.81585 0.00850179 0.0253138 0.999663 77.5793
0.999978 0.00199669 -0.0082272 -1.71493 -0.00219368 0.999721 -0.0239449 -1.85363 0.00817479 0.0239612 0.999699 78.634
0.999963 0.00302122 -0.0101771 -1.70739 -0.00322386 0.999806 -0.0200006 -1.89061 0.0101126 0.0200316 0.999769 79.714
0.999945 0.00416398 -0.0111347 -1.72814 -0.00435089 0.999862 -0.0167485 -1.91651 0.0110612 0.0167948 0.99982 80.7881
0.999946 0.0050032 -0.0111696 -1.75943 -0.00519597 0.999847 -0.0173627 -1.93639 0.011079 0.0174187 0.999809 81.879
0.999942 0.00445614 -0.0112792 -1.79307 -0.00468064 0.999803 -0.0198898 -1.94877 0.0111861 0.0199401 0.999761 82.9244
0.999946 0.00455509 -0.011347 -1.82354 -0.00479673 0.99977 -0.0214245 -1.97628 0.0112448 0.0214766 0.999728 83.9707
0.999939 0.0032854 -0.0120133 -1.84647 -0.00354924 0.999764 -0.0219562 -2.01041 0.011936 0.0219962 0.99971 85.0183
0.999949 0.00177903 -0.011904 -1.88145 -0.00204741 0.999752 -0.0226397 -2.03667 0.0118587 0.0226617 0.999695 86.0533
0.999952 0.000519417 -0.0114556 -1.91959 -0.000769951 0.999774 -0.0218172 -2.06722 0.0114395 0.0218237 0.99972 87.0615
0.999955 1.76222e-05 -0.0114502 -1.95096 -0.000259548 0.999786 -0.0211914 -2.07284 0.0114453 0.0211922 0.999733 88.0413
0.999949 -0.00134971 -0.0116372 -1.98243 0.00109886 0.99978 -0.0214851 -2.09495 0.0116614 0.02147 0.999725 89.0347
0.999933 -0.00291558 -0.0129388 -2.01378 0.00263206 0.999767 -0.0219293 -2.125 0.0129977 0.0218926 0.999699 89.986
0.999886 -0.0044499 -0.0156465 -2.04611 0.0040847 0.999733 -0.0232623 -2.15959 0.0157437 0.0231944 0.99963 90.9353
0.999843 -0.00463083 -0.0183278 -2.08171 0.00417845 0.999699 -0.0246773 -2.19203 0.0184344 0.0245955 0.999552 91.8472
0.999799 -0.00520642 -0.020339 -2.12783 0.00470374 0.999697 -0.024651 -2.2291 0.020459 0.0245489 0.999514 92.7275
0.999767 -0.00438281 -0.0221734 -2.17194 0.00385932 0.999726 -0.023624 -2.2688 0.0222686 0.0235315 0.9995 93.6108
0.99972 -0.00375778 -0.0241835 -2.21925 0.00321922 0.99976 -0.0222413 -2.31169 0.0242589 0.0221558 0.999485 94.4604
0.999667 -0.00290745 -0.0265223 -2.25653 0.00237664 0.999808 -0.0200466 -2.35868 0.0265733 0.0199754 0.999472 95.2632
0.999611 -0.00161853 -0.0285345 -2.29968 0.00107506 0.999831 -0.0190221 -2.39465 0.0285581 0.0189826 0.999437 96.0577
0.999543 0.000686663 -0.0309932 -2.33009 -0.00126094 0.99984 -0.0185292 -2.43097 0.0309732 0.0185582 0.999374 96.817
0.99944 0.00273385 -0.0339339 -2.35996 -0.00339851 0.999817 -0.0195229 -2.46945 0.0338719 0.0196259 0.999259 97.5478
0.999357 0.00428272 -0.036278 -2.39887 -0.00512731 0.999729 -0.0232332 -2.5009 0.0361664 0.0234026 0.999097 98.2429
0.999229 0.00731128 -0.0390899 -2.43587 -0.00836789 0.999616 -0.0269192 -2.53754 0.0388755 0.0272241 0.998898 98.9451
0.999118 0.00867761 -0.0416792 -2.47491 -0.00990699 0.999532 -0.0293935 -2.57658 0.0414023 0.0297787 0.998725 99.6481
0.99902 0.0110546 -0.0433487 -2.49487 -0.0123788 0.999474 -0.0303872 -2.6092 0.0429875 0.0308925 0.998623 100.294
0.998951 0.0135172 -0.0443337 -2.49059 -0.0148593 0.99945 -0.0300983 -2.64226 0.0439003 0.0307236 0.99859 100.92
0.998972 0.0173086 -0.0423969 -2.50564 -0.0185216 0.999439 -0.0283739 -2.68262 0.0418795 0.0291284 0.998725 101.541
0.999109 0.0195517 -0.0380985 -2.51098 -0.0205843 0.999439 -0.0269185 -2.717 0.0375486 0.0276769 0.998938 102.13
0.999273 0.0201649 -0.032993 -2.4809 -0.0209857 0.999488 -0.0247071 -2.75083 0.0324755 0.0253799 0.999177 102.681
0.999499 0.0198439 -0.0256798 -2.44386 -0.0204168 0.999557 -0.0222651 -2.77795 0.0252245 0.0227764 0.999449 103.192
0.999699 0.0197958 -0.01586 -2.4106 -0.0201352 0.99958 -0.0214899 -2.79722 0.0154257 0.0218012 0.999669 103.709
0.999834 0.0192176 -0.00408083 -2.37045 -0.0193013 0.999591 -0.021737 -2.81224 0.00365951 0.0218104 0.999782 104.19
0.999798 0.0192377 0.00852596 -2.31168 -0.0190376 0.999567 -0.0230308 -2.82934 -0.00896717 0.0228624 0.999724 104.653
0.999587 0.0182329 0.0233509 -2.2314 -0.01759 0.999483 -0.027422 -2.83387 -0.0238405 0.0269981 0.999377 105.103
0.998999 0.0181999 0.0413352 -2.1367 -0.0168298 0.999319 -0.0332703 -2.83835 -0.0419139 0.0325397 0.998617 105.532
0.997982 0.0160097 0.0618738 -2.02756 -0.0135817 0.999142 -0.0394547 -2.83925 -0.0624538 0.0385327 0.99733 105.937
0.996288 0.0138794 0.0851927 -1.89989 -0.0101624 0.998998 -0.0439199 -2.84238 -0.0857176 0.0428894 0.995423 106.367
0.993784 0.0113085 0.110995 -1.76643 -0.0061719 0.998912 -0.0465089 -2.84661 -0.111402 0.0455326 0.992758 106.759
0.990205 0.00895 0.139481 -1.6127 -0.00201398 0.998773 -0.0497955 -2.85103 -0.139755 0.0490252 0.988999 107.151
0.985033 0.00667942 0.172393 -1.46438 0.00234194 0.998655 -0.0520725 -2.86515 -0.17251 0.0516946 0.983677 107.544
0.977874 0.00395111 0.209258 -1.30932 0.00744135 0.998549 -0.0536322 -2.87744 -0.209165 0.054001 0.976416 107.953
0.968913 0.00173981 0.2475 -1.14634 0.0124112 0.99839 -0.0556035 -2.88956 -0.247198 0.0569444 0.967317 108.327
0.957907 0.00241709 0.287141 -0.969521 0.0146876 0.998259 -0.0574043 -2.90504 -0.286777 0.0592037 0.956195 108.684
0.943614 0.00505137 0.331088 -0.806005 0.0150894 0.998203 -0.0582336 -2.92003 -0.330786 0.0599436 0.941828 109.037
0.927038 0.00529727 0.374987 -0.625051 0.0171308 0.998275 -0.056455 -2.94194 -0.374635 0.0587581 0.925339 109.364
0.908421 0.00449917 0.418095 -0.417096 0.0201525 0.998322 -0.0545288 -2.96554 -0.417637 0.0579583 0.906792 109.678
0.88617 0.00300642 0.463398 -0.221212 0.0245025 0.998293 -0.0533358 -2.99919 -0.462761 0.0586174 0.884574 109.982
0.861868 0.00295376 0.507175 -0.00232444 0.0281292 0.99818 -0.0536139 -3.03374 -0.506408 0.060472 0.860202 110.282
0.835037 0.0045861 0.550216 0.218738 0.0309715 0.998004 -0.0553243 -3.06372 -0.549364 0.0632372 0.83322 110.565
0.80526 0.00914482 0.592894 0.453487 0.0311119 0.997867 -0.0576462 -3.09667 -0.592153 0.0648637 0.803245 110.837
0.772642 0.0156389 0.634686 0.709 0.0293404 0.997764 -0.0603046 -3.11273 -0.634202 0.065214 0.770447 111.097
0.737789 0.0200358 0.674772 0.995296 0.0283506 0.997773 -0.0606244 -3.14044 -0.674479 0.0638555 0.735565 111.331
0.7004 0.0204506 0.713491 1.29191 0.0314801 0.997746 -0.0595017 -3.16526 -0.713091 0.064134 0.69817 111.55
0.661978 0.0177663 0.749347 1.62358 0.0385135 0.997608 -0.0576747 -3.16653 -0.748574 0.0670366 0.659697 111.758
0.619555 0.0157474 0.784826 1.9451 0.0415959 0.99775 -0.0528569 -3.18098 -0.783883 0.0653916 0.617499 111.952
0.575428 0.0142776 0.81776 2.28729 0.0445923 0.99783 -0.048799 -3.18851 -0.816675 0.0645433 0.57353 112.135
0.529519 0.0122589 0.848241 2.64893 0.0466492 0.997977 -0.0435447 -3.20714 -0.847047 0.0626257 0.527869 112.299
0.481185 0.00814034 0.876611 3.03227 0.0510466 0.998017 -0.0372877 -3.22574 -0.875169 0.0626876 0.479804 112.435
0.430418 0.0092007 0.902615 3.40914 0.0489825 0.998254 -0.0335338 -3.23566 -0.901331 0.0586441 0.42921 112.583
0.380716 0.0138708 0.924615 3.81062 0.0483475 0.998238 -0.0348825 -3.24091 -0.923463 0.0579806 0.379366 112.706
0.333091 0.0208268 0.942696 4.21982 0.0489599 0.998042 -0.0393496 -3.22429 -0.941653 0.0592593 0.331414 112.801
0.288066 0.0228305 0.957365 4.62181 0.0533958 0.997796 -0.0398611 -3.22082 -0.956155 0.062599 0.286204 112.875
0.247509 0.0256921 0.968574 5.0356 0.0593683 0.997384 -0.0416278 -3.18715 -0.967095 0.0678037 0.245332 112.945
0.214098 0.0244141 0.976532 5.46934 0.0677875 0.996925 -0.0397858 -3.21536 -0.974492 0.0747117 0.211777 112.983
0.18385 0.0254826 0.982653 5.91888 0.0737012 0.996509 -0.0396316 -3.22114 -0.980217 0.0797068 0.181326 113.036
0.157339 0.0246366 0.987263 6.4066 0.0712357 0.99682 -0.036228 -3.23827 -0.985006 0.0760255 0.155078 113.092
0.132043 0.0215424 0.991039 6.90218 0.0647886 0.997456 -0.0303145 -3.26098 -0.989154 0.0682089 0.130308 113.162
0.108728 0.0183385 0.993928 7.4049 0.0604434 0.997877 -0.0250237 -3.27005 -0.992266 0.0627943 0.107384 113.209
0.08626 0.0165143 0.996166 7.91267 0.06395 0.997727 -0.0220783 -3.28469 -0.994247 0.0656075 0.0850047 113.233
0.0657067 0.0182238 0.997698 8.44549 0.072929 0.99709 -0.0230159 -3.28531 -0.995204 0.0742704 0.0641825 113.254
0.048107 0.0200555 0.998672 8.98698 0.0804221 0.996493 -0.0238864 -3.29554 -0.995629 0.0814622 0.0463228 113.262
0.0342084 0.0274492 0.999065 9.55955 0.0784914 0.996481 -0.030066 -3.29744 -0.996362 0.0794433 0.0319304 113.271
0.0226103 0.0330896 0.999228 10.1658 0.0748371 0.99661 -0.034697 -3.30719 -0.996969 0.0755616 0.0200553 113.3
0.0156632 0.0332084 0.999353 10.7681 0.0764819 0.9965 -0.0343126 -3.32748 -0.996983 0.0769666 0.013066 113.306
0.0124436 0.0309323 0.999478 11.3912 0.0824584 0.996105 -0.0318553 -3.34156 -0.996549 0.0828092 0.00984268 113.306
0.0123553 0.0302371 0.999495 12.0417 0.0838874 0.996008 -0.0311689 -3.35532 -0.996434 0.0842268 0.00976729 113.321
0.0140811 0.0307278 0.999462 12.7388 0.0837789 0.995996 -0.0318024 -3.36723 -0.996418 0.0841789 0.0114485 113.346
0.0151313 0.031614 0.999415 13.4684 0.0795833 0.996312 -0.0327211 -3.39342 -0.99675 0.0800284 0.0125574 113.382
0.0157107 0.0349079 0.999302 14.1722 0.077852 0.996335 -0.0360289 -3.38913 -0.996876 0.0783609 0.0129336 113.406
0.0167837 0.0360151 0.999241 14.8974 0.0774294 0.996324 -0.0372109 -3.41746 -0.996894 0.0779918 0.0139313 113.422
0.0178771 0.036393 0.999212 15.6406 0.0768956 0.996348 -0.0376652 -3.44073 -0.996914 0.0775055 0.0150114 113.438
0.0182687 0.0346825 0.999262 16.4009 0.0761979 0.996464 -0.0359788 -3.48239 -0.996964 0.0767955 0.0155592 113.459
0.0185927 0.034861 0.999254 17.1804 0.0761222 0.996463 -0.0361809 -3.49262 -0.996961 0.0767352 0.0158714 113.482
0.0178124 0.0331975 0.999322 17.9521 0.0769595 0.996459 -0.0344746 -3.52185 -0.996914 0.0775178 0.0151925 113.5
0.0167938 0.0325278 0.999366 18.7377 0.0745829 0.996667 -0.0336941 -3.54203 -0.997109 0.0750984 0.0143101 113.515
0.0157765 0.0340638 0.999329 19.5242 0.0728217 0.996749 -0.0351261 -3.53344 -0.997261 0.0733236 0.0132432 113.526
0.0144819 0.0339716 0.999356 20.3274 0.0748632 0.996603 -0.0349639 -3.52723 -0.997126 0.0753182 0.0118879 113.542
0.0126726 0.0330214 0.999411 21.0935 0.0776129 0.996431 -0.0339078 -3.54519 -0.996946 0.0779932 0.0100634 113.561
0.0106257 0.0341091 0.999401 21.9388 0.075013 0.996597 -0.0348121 -3.55867 -0.997164 0.0753348 0.00802958 113.581
0.0100295 0.0407641 0.999156 22.7643 0.0723702 0.996543 -0.0413847 -3.56669 -0.997372 0.0727205 0.00704384 113.592
0.0081177 0.0544997 0.998522 23.542 0.0716364 0.99594 -0.0549425 -3.48018 -0.997437 0.0719732 0.00417942 113.618
0.00663884 0.0559818 0.998448 24.3664 0.0717728 0.995855 -0.0563143 -3.53698 -0.997445 0.0720315 0.00259283 113.625
0.00486199 0.0541343 0.998562 25.2134 0.0682591 0.99621 -0.0543404 -3.58971 -0.997695 0.068422 0.0011473 113.637
0.00445539 0.0505386 0.998751 26.0778 0.065202 0.996607 -0.0507218 -3.63949 -0.997907 0.0653429 0.00114453 113.641
0.00408173 0.0454738 0.998999 26.9061 0.0634235 0.996967 -0.0456417 -3.69197 -0.998019 0.0635431 0.00118425 113.644
0.00413836 0.0413501 0.999176 27.7466 0.0596727 0.997379 -0.0415238 -3.72348 -0.998256 0.059792 0.00165965 113.647
0.00445366 0.0432078 0.999101 28.5636 0.0551528 0.997561 -0.0433886 -3.72508 -0.99851 0.0552926 0.00205888 113.657
0.00604982 0.0522635 0.998655 29.3942 0.0577608 0.996973 -0.0525263 -3.75123 -0.998358 0.0579974 0.00301242 113.656
0.00591286 0.064523 0.997944 30.2174 0.0594575 0.996155 -0.0647613 -3.79016 -0.998257 0.0597141 0.00205301 113.679
0.00518775 0.0695971 0.997603 31.0381 0.0604162 0.995758 -0.0697835 -3.85368 -0.998206 0.0606298 0.000960792 113.702
0.0063876 0.0648789 0.997918 31.8821 0.0625642 0.995939 -0.0651523 -3.90677 -0.998064 0.0628458 0.00230191 113.71
0.00802509 0.0585003 0.998298 32.7075 0.06715 0.99603 -0.0589083 -3.95234 -0.997757 0.0675044 0.00406478 113.71
0.00958617 0.0563982 0.998408 33.5368 0.0690974 0.996012 -0.0569279 -4.00621 -0.997608 0.0695288 0.00565021 113.708
0.0098744 0.0579415 0.998314 34.3674 0.0694021 0.995901 -0.058489 -4.05787 -0.997587 0.0698585 0.00581249 113.719
0.00870064 0.0578881 0.998334 35.193 0.0654682 0.996176 -0.0583356 -4.14295 -0.997861 0.0658624 0.0048769 113.731
0.00773566 0.0584518 0.998305 36.0116 0.0641811 0.996231 -0.0588291 -4.19295 -0.997956 0.0645232 0.00395487 113.732
0.005801 0.0572002 0.998395 36.8091 0.0632234 0.996372 -0.0574538 -4.27582 -0.998027 0.063451 0.00216306 113.734
0.00467461 0.0564477 0.99844 37.6115 0.0625146 0.996464 -0.0566303 -4.35612 -0.998081 0.0626775 0.00112919 113.727
0.00219424 0.0578253 0.998373 38.4135 0.0596198 0.996572 -0.057854 -4.40099 -0.998264 0.0596457 -0.0012612 113.737
0.000247798 0.0570488 0.998419 39.2035 0.0577356 0.996733 -0.0569688 -4.4581 -0.998381 0.0576542 -0.00304671 113.742
-0.00251514 0.0573752 0.9984 39.9909 0.0581583 0.996701 -0.0571332 -4.49802 -0.99835 0.0579174 -0.00584395 113.754
-0.00403366 0.0582381 0.998343 40.7673 0.0578151 0.996675 -0.0579094 -4.54783 -0.99837 0.0574814 -0.007387 113.751
-0.00518862 0.0605934 0.9982 41.5441 0.057883 0.996537 -0.0601939 -4.58752 -0.998357 0.0574623 -0.00867815 113.744
-0.00621252 0.0612358 0.998153 42.3249 0.0588963 0.996441 -0.0607665 -4.64768 -0.998296 0.0584056 -0.00979649 113.74
-0.00703751 0.0602239 0.998213 43.1107 0.0611119 0.996376 -0.0596845 -4.70994 -0.998153 0.0605783 -0.0106925 113.732
-0.00781679 0.0605403 0.998185 43.8854 0.0625525 0.996269 -0.0599365 -4.75566 -0.998062 0.0619658 -0.011574 113.72
-0.00961627 0.0617273 0.9981 44.6659 0.0616155 0.996263 -0.0610225 -4.80485 -0.998101 0.0609072 -0.0133836 113.721
-0.0103388 0.0623943 0.998047 45.4164 0.0604877 0.996292 -0.0616602 -4.85276 -0.998167 0.0597275 -0.0140737 113.71
-0.0112832 0.0612854 0.99811 46.1595 0.0589449 0.996456 -0.0605199 -4.91201 -0.998245 0.0581463 -0.0148555 113.708
-0.0109976 0.0613682 0.998104 46.8767 0.0598544 0.996395 -0.0606059 -4.97009 -0.998199 0.0590698 -0.0146303 113.693
-0.00990864 0.0644186 0.997928 47.5848 0.0607794 0.996148 -0.0637026 -5.02586 -0.99815 0.0600177 -0.0137857 113.68
-0.00972583 0.0672431 0.997739 48.2703 0.0605797 0.995972 -0.066536 -5.08379 -0.998168 0.059791 -0.0137594 113.679
-0.00859991 0.0693588 0.997609 48.979 0.0585677 0.995946 -0.0687408 -5.14072 -0.998295 0.0578317 -0.0126274 113.668
-0.0081561 0.0742654 0.997255 49.672 0.0602392 0.995493 -0.073644 -5.15378 -0.998204 0.0594686 -0.0125923 113.661
-0.00726589 0.0773225 0.997035 50.3784 0.0624017 0.99513 -0.0767228 -5.17607 -0.998075 0.0616544 -0.0120559 113.652
-0.00600069 0.0790598 0.996902 51.062 0.0645169 0.994853 -0.0785114 -5.21435 -0.997952 0.0638412 -0.0110699 113.639
-0.00781226 0.0797312 0.996842 51.7394 0.0595061 0.995119 -0.07913 -5.27593 -0.998249 0.0586951 -0.012519 113.649
-0.00708237 0.0808252 0.996754 52.4333 0.0578833 0.99512 -0.080284 -5.34079 -0.998353 0.0571223 -0.0117255 113.651
-0.00696841 0.0784936 0.996948 53.0996 0.0572581 0.995343 -0.0779699 -5.41762 -0.998387 0.0565347 -0.0114308 113.643
-0.00665204 0.0765582 0.997096 53.7167 0.0570585 0.995501 -0.0760577 -5.49496 -0.998403 0.0563822 -0.0109897 113.63
-0.0113442 0.07567 0.997126 54.3897 0.0534445 0.995785 -0.0749634 -5.5655 -0.998558 0.0524355 -0.015341 113.647
-0.0167591 0.0747573 0.997114 55.0645 0.0494965 0.996072 -0.0738499 -5.63984 -0.998689 0.0481117 -0.0203925 113.639
-0.0222378 0.0789118 0.996692 55.7148 0.053639 0.99557 -0.0776295 -5.69385 -0.998366 0.0517304 -0.0263722 113.621
-0.0286144 0.0815864 0.996311 56.3716 0.0572878 0.995193 -0.0798523 -5.75605 -0.998004 0.0547872 -0.0331493 113.601
-0.0348681 0.0848494 0.995842 57.0476 0.0573153 0.99495 -0.0827699 -5.79504 -0.9978 0.054186 -0.0395549 113.566
-0.0410803 0.0861904 0.995487 57.7336 0.0548911 0.994996 -0.0838857 -5.83278 -0.997704 0.051193 -0.0456039 113.544
-0.0462662 0.0863628 0.995248 58.4113 0.0550886 0.994991 -0.083783 -5.88485 -0.997462 0.0509456 -0.0507915 113.511
-0.0507766 0.087825 0.994898 59.1265 0.053077 0.99499 -0.0851271 -5.94499 -0.997356 0.0484795 -0.0551814 113.478
-0.0542344 0.0899561 0.994527 59.8299 0.0522668 0.994855 -0.087139 -5.97725 -0.997213 0.04725 -0.0586562 113.44
-0.056426 0.0900644 0.994393 60.5358 0.0541139 0.994768 -0.0870308 -6.00852 -0.996997 0.0488954 -0.061002 113.399
-0.0575802 0.089998 0.994336 61.2463 0.0571818 0.994621 -0.0867162 -6.04491 -0.996755 0.0518597 -0.0624159 113.355
-0.0582856 0.0910522 0.994196 61.9522 0.0577868 0.994501 -0.0876959 -6.07489 -0.996684 0.0523353 -0.0632243 113.311
-0.0592105 0.0930864 0.993957 62.7069 0.0582049 0.994302 -0.0896552 -6.12612 -0.996601 0.0525396 -0.0642902 113.27
-0.0583456 0.0994914 0.993385 63.4216 0.0603498 0.993585 -0.0959705 -6.17215 -0.99653 0.0543463 -0.0639732 113.218
-0.0572784 0.104846 0.992899 64.1668 0.0674016 0.992638 -0.100934 -6.24106 -0.996135 0.0611363 -0.0639226 113.164
-0.056774 0.110029 0.992364 64.9029 0.075732 0.991553 -0.10561 -6.32249 -0.995569 0.0691525 -0.0646246 113.108
-0.0571707 0.111316 0.992202 65.6683 0.0765291 0.99136 -0.106816 -6.41072 -0.995481 0.0698199 -0.0651948 113.061
-0.0567611 0.109351 0.99244 66.4164 0.0749844 0.991676 -0.104982 -6.50057 -0.995627 0.0684533 -0.0644857 113.014
-0.0565516 0.10236 0.993201 67.1473 0.0741599 0.992444 -0.0980631 -6.60596 -0.995696 0.0681045 -0.0637145 112.976
-0.0546383 0.100586 0.993489 67.9068 0.076788 0.992424 -0.0962598 -6.69257 -0.995609 0.0710227 -0.0619462 112.911
-0.0537935 0.101548 0.993438 68.6661 0.0779397 0.992238 -0.0972094 -6.76733 -0.995561 0.0721932 -0.0612901 112.848
-0.0549615 0.10218 0.993309 69.4113 0.0765733 0.992286 -0.0978417 -6.85535 -0.995609 0.0706773 -0.0623597 112.805
-0.0568285 0.104344 0.99298 70.1677 0.0767916 0.992065 -0.0998576 -6.91046 -0.995481 0.070572 -0.0643898 112.758
-0.0591699 0.104136 0.992865 70.9031 0.0768708 0.9921 -0.099479 -7.00026 -0.995345 0.0704301 -0.0667053 112.711
-0.0584594 0.105365 0.992779 71.655 0.0800411 0.991738 -0.100546 -7.07767 -0.995132 0.0735794 -0.0664095 112.639
-0.0610293 0.104168 0.992752 72.3876 0.0791533 0.991945 -0.0992232 -7.17381 -0.995055 0.0725175 -0.068781 112.597
-0.0619656 0.106769 0.992417 73.0782 0.0795375 0.991658 -0.101727 -7.21943 -0.994962 0.0726247 -0.0699404 112.57
-0.0619596 0.109263 0.992147 73.8419 0.080586 0.991326 -0.104146 -7.29889 -0.994881 0.073494 -0.0702253 112.507
-0.0621333 0.109576 0.992102 74.602 0.0782511 0.99146 -0.10461 -7.3869 -0.995054 0.0711271 -0.0701767 112.452
-0.0639634 0.109986 0.99194 75.3582 0.0762745 0.991574 -0.105033 -7.47055 -0.995095 0.0689352 -0.0718115 112.408
-0.063681 0.111229 0.99182 76.1141 0.0772016 0.991371 -0.106227 -7.51085 -0.995039 0.0697993 -0.0717179 112.356
-0.0647524 0.109792 0.991911 76.893 0.0751451 0.991678 -0.104867 -7.59664 -0.995132 0.0677405 -0.0724616 112.308
-0.0663453 0.108247 0.991976 77.6755 0.0728702 0.992001 -0.103381 -7.68424 -0.995192 0.0654207 -0.0737017 112.256
-0.0677827 0.109312 0.991762 78.4815 0.0746146 0.991786 -0.104221 -7.75583 -0.994969 0.0669292 -0.0753798 112.195
-0.0686959 0.112568 0.991335 79.2647 0.0754578 0.991386 -0.107351 -7.81002 -0.994841 0.0674235 -0.0765972 112.128
-0.0702428 0.117419 0.990664 80.0518 0.0748419 0.990904 -0.112147 -7.85229 -0.994784 0.0662592 -0.0783891 112.063
-0.0722374 0.125903 0.989478 80.8862 0.0777159 0.989727 -0.120267 -7.88928 -0.994417 0.0682044 -0.0812787 112.025
-0.0714323 0.132394 0.98869 81.6863 0.0801857 0.988741 -0.126614 -7.95918 -0.994283 0.0702279 -0.0812413 111.952
-0.0716912 0.138032 0.987899 82.5093 0.0810391 0.987942 -0.132163 -8.0534 -0.994192 0.0705774 -0.0820114 111.874
-0.0710751 0.139529 0.987734 83.3537 0.0835078 0.98756 -0.133501 -8.17098 -0.994035 0.0729881 -0.0818397 111.814
-0.0690674 0.139876 0.987827 84.1705 0.0870956 0.987218 -0.133706 -8.27607 -0.993866 0.0767942 -0.0803658 111.729
-0.0688863 0.138241 0.988072 85.0232 0.0877941 0.987386 -0.13203 -8.40319 -0.99382 0.0776448 -0.0801511 111.666
-0.067531 0.136569 0.988396 85.8375 0.0870973 0.987645 -0.13052 -8.52537 -0.993972 0.0772659 -0.0785901 111.601
-0.0661821 0.13501 0.988704 86.6801 0.0852953 0.987979 -0.129208 -8.64088 -0.994223 0.0757736 -0.0768994 111.549
-0.0643005 0.132479 0.989169 87.5306 0.085728 0.988251 -0.12679 -8.75642 -0.994306 0.0766401 -0.0749011 111.491
-0.0615048 0.131355 0.989499 88.3823 0.0873808 0.988241 -0.125764 -8.85211 -0.994342 0.078721 -0.0722569 111.427
-0.0595733 0.132258 0.989495 89.2435 0.0860591 0.988207 -0.126911 -8.96889 -0.994572 0.0775878 -0.0702517 111.372
-0.0582157 0.136341 0.989026 90.0901 0.0864812 0.987632 -0.131065 -9.099 -0.994618 0.0778947 -0.0692842 111.323
-0.0560492 0.141161 0.98847 90.9099 0.0865436 0.986949 -0.136043 -9.23939 -0.994735 0.077914 -0.0675333 111.262
-0.0539429 0.144001 0.988183 91.7901 0.0845689 0.986689 -0.139174 -9.37986 -0.995024 0.0760548 -0.0654006 111.212
-0.0520665 0.139749 0.988889 92.624 0.0827615 0.987391 -0.135187 -9.52956 -0.995273 0.0747966 -0.0629749 111.152
-0.0505385 0.138144 0.989201 93.4989 0.0827601 0.9876 -0.1337 -9.6528 -0.995356 0.075102 -0.0613424 111.103
-0.0485686 0.136783 0.989483 94.3642 0.0843246 0.987638 -0.132396 -9.77963 -0.99532 0.0770006 -0.0595015 111.043
-0.0470945 0.136397 0.989615 95.2308 0.0845202 0.987663 -0.132114 -9.91426 -0.995377 0.0774131 -0.05804 110.995
-0.0472027 0.135836 0.989681 96.0307 0.0839467 0.987781 -0.131579 -10.0466 -0.995419 0.0768631 -0.0580278 110.969
-0.0454352 0.133594 0.990074 96.8588 0.0870736 0.987813 -0.129301 -10.1723 -0.995235 0.080327 -0.0565121 110.914
-0.0433547 0.133767 0.99014 97.7188 0.0893198 0.987583 -0.129518 -10.2858 -0.995127 0.0828172 -0.0547632 110.86
-0.0425823 0.136167 0.989853 98.5622 0.0913849 0.987086 -0.131864 -10.3936 -0.994976 0.0848348 -0.054474 110.822
-0.0418628 0.14 0.989343 99.3647 0.0926374 0.986449 -0.135678 -10.4902 -0.994888 0.0859632 -0.0542636 110.784
-0.0415417 0.143905 0.988802 100.223 0.0903382 0.986101 -0.139725 -10.5914 -0.995117 0.0835144 -0.0539625 110.754
-0.0406533 0.141261 0.989214 101.067 0.0876313 0.986682 -0.137306 -10.6855 -0.995392 0.0810974 -0.0524897 110.723
-0.0419974 0.141013 0.989202 101.934 0.0813335 0.987226 -0.137288 -10.8006 -0.995875 0.0746819 -0.0529283 110.705
-0.043978 0.142032 0.988963 102.773 0.0776962 0.987369 -0.138356 -10.9247 -0.996077 0.0707477 -0.0544566 110.673
-0.0455235 0.146076 0.988312 103.619 0.0748738 0.987008 -0.142444 -11.0724 -0.996227 0.0675067 -0.0558675 110.636
-0.0450921 0.148799 0.987918 104.439 0.0738535 0.986673 -0.145248 -11.193 -0.99632 0.0664054 -0.0554793 110.573
-0.0434663 0.151051 0.987658 105.287 0.0738017 0.98633 -0.14761 -11.3034 -0.996399 0.0664675 -0.0540181 110.504
-0.0425961 0.151787 0.987575 106.105 0.0755304 0.986091 -0.148309 -11.421 -0.996304 0.0682683 -0.053467 110.452
-0.0427227 0.154302 0.987188 106.962 0.0764799 0.98565 -0.150762 -11.5376 -0.996231 0.0690516 -0.0539087 110.406
-0.0443417 0.157264 0.986641 107.78 0.0770449 0.985168 -0.153574 -11.6819 -0.996113 0.0691994 -0.0557991 110.373
-0.0461886 0.161743 0.985841 108.605 0.078151 0.984407 -0.157857 -11.7725 -0.995948 0.0697457 -0.0581067 110.358
-0.0470857 0.163976 0.985423 109.408 0.0789484 0.983999 -0.159976 -11.8803 -0.995838 0.0702582 -0.0592764 110.318
-0.0476686 0.164453 0.985322 110.194 0.0783769 0.98397 -0.160446 -12.002 -0.995863 0.0695706 -0.0597914 110.25
-0.0491254 0.166288 0.984936 110.988 0.0801151 0.983562 -0.162069 -12.1356 -0.995647 0.0709397 -0.0616383 110.185
-0.0517054 0.16948 0.984266 111.785 0.0803401 0.983048 -0.165061 -12.2738 -0.995504 0.0705338 -0.0644424 110.128
-0.0548847 0.17083 0.983854 112.57 0.0787919 0.982964 -0.166289 -12.4181 -0.995452 0.0683863 -0.0674077 110.079
-0.0577457 0.170929 0.983679 113.346 0.0797704 0.982915 -0.166124 -12.5637 -0.995218 0.0688681 -0.0703913 110.022
-0.0596517 0.17014 0.983697 114.121 0.0815128 0.982948 -0.165076 -12.7017 -0.994958 0.07033 -0.0725006 109.957
-0.0617404 0.171359 0.983362 114.891 0.0835358 0.982624 -0.165997 -12.839 -0.99467 0.0718897 -0.0749789 109.898
-0.0633785 0.17753 0.982158 115.674 0.0799455 0.981833 -0.172321 -12.9717 -0.994857 0.0675909 -0.0764169 109.843
-0.0644844 0.185478 0.98062 116.441 0.0778147 0.98056 -0.180361 -13.1123 -0.994961 0.064669 -0.0776602 109.784
-0.0642053 0.188438 0.980071 117.175 0.0836309 0.979615 -0.182881 -13.2434 -0.994502 0.0702152 -0.0786525 109.692
-0.06626 0.186734 0.980264 117.951 0.0864278 0.979757 -0.180807 -13.3892 -0.994132 0.0727342 -0.0810539 109.625
-0.0693275 0.179811 0.981342 118.712 0.0857994 0.981095 -0.173713 -13.5332 -0.993973 0.0721482 -0.0834411 109.561
-0.070543 0.178758 0.981452 119.486 0.0852815 0.981333 -0.172618 -13.6781 -0.993937 0.071515 -0.0844671 109.491
-0.070565 0.183065 0.980653 120.249 0.0845672 0.980618 -0.176982 -13.8085 -0.993992 0.0704353 -0.0846752 109.405
-0.0728323 0.187056 0.979737 120.997 0.0834118 0.979998 -0.180917 -13.9493 -0.993931 0.0685375 -0.0869741 109.337
-0.0738184 0.192072 0.978689 121.753 0.0851938 0.978949 -0.185706 -14.0633 -0.993704 0.0696626 -0.0886241 109.266
-0.074319 0.196668 0.977741 122.468 0.0906724 0.977675 -0.189774 -14.2001 -0.993185 0.0745423 -0.0904878 109.188
-0.0766254 0.20184 0.976506 123.203 0.0914917 0.976631 -0.194697 -14.3408 -0.992931 0.074416 -0.0932975 109.123
-0.0794428 0.205156 0.975593 123.943 0.0907798 0.976059 -0.197873 -14.4844 -0.992779 0.0728367 -0.0961601 109.058
-0.0815892 0.203325 0.975796 124.68 0.0914173 0.976414 -0.195819 -14.6374 -0.992543 0.0732204 -0.0982479 108.987
-0.0838808 0.200402 0.97621 125.39 0.0961722 0.976668 -0.192244 -14.7797 -0.991906 0.0777505 -0.101192 108.889
-0.088685 0.198851 0.976099 126.122 0.098988 0.976823 -0.190015 -14.9399 -0.991208 0.0797629 -0.106309 108.802
-0.094369 0.197528 0.975839 126.854 0.0987391 0.977187 -0.188265 -15.0953 -0.990711 0.0785788 -0.111714 108.711
-0.103495 0.197236 0.974969 127.588 0.0992347 0.977343 -0.187193 -15.2602 -0.989747 0.0773697 -0.120717 108.634
-0.114557 0.197702 0.97364 128.298 0.0999747 0.97736 -0.186706 -15.4128 -0.988456 0.0759426 -0.131722 108.542
-0.123642 0.199598 0.972137 129.027 0.101999 0.976975 -0.187629 -15.5488 -0.987151 0.0759501 -0.141147 108.393
-0.136277 0.200606 0.970243 129.723 0.104879 0.976746 -0.187232 -15.6904 -0.985187 0.0762341 -0.154139 108.284
-0.14723 0.201381 0.968477 130.434 0.109966 0.976362 -0.186313 -15.8214 -0.983052 0.0790611 -0.165887 108.151
-0.158015 0.202718 0.9665 131.148 0.115389 0.975829 -0.185822 -15.9438 -0.980755 0.0821524 -0.177578 108.022
-0.168212 0.204269 0.964447 131.834 0.121684 0.97516 -0.185324 -16.0599 -0.978293 0.0861759 -0.18888 107.891
-0.175628 0.204644 0.96305 132.538 0.128944 0.974555 -0.183587 -16.2028 -0.976061 0.0919267 -0.197537 107.73
-0.182188 0.202375 0.962305 133.231 0.133861 0.974629 -0.179634 -16.3779 -0.974192 0.0960788 -0.204645 107.56
-0.188595 0.203478 0.960844 133.941 0.135198 0.974409 -0.179827 -16.51 -0.972791 0.0959801 -0.211267 107.407
-0.192749 0.200491 0.960641 134.637 0.137876 0.974771 -0.175786 -16.6598 -0.971597 0.0985574 -0.215518 107.241
-0.192227 0.198281 0.961211 135.312 0.143767 0.974544 -0.172294 -16.7797 -0.97085 0.105061 -0.215828 107.057
-0.192574 0.196125 0.961577 136.001 0.149137 0.974337 -0.16887 -16.9192 -0.969967 0.110877 -0.216869 106.891
-0.192957 0.194659 0.961805 136.667 0.151759 0.974297 -0.166755 -17.0489 -0.969489 0.113775 -0.217527 106.732
-0.191351 0.200575 0.960904 137.36 0.154003 0.972955 -0.172433 -17.1757 -0.969449 0.114978 -0.217053 106.57
-0.189863 0.204897 0.960294 138.031 0.152947 0.972261 -0.177224 -17.2935 -0.969913 0.113215 -0.215923 106.419
-0.187737 0.204991 0.960685 138.701 0.15518 0.971934 -0.177076 -17.4188 -0.969968 0.115825 -0.214267 106.257
-0.184984 0.20372 0.961496 139.361 0.156703 0.971923 -0.175795 -17.5431 -0.970256 0.118139 -0.211701 106.102
-0.18136 0.201003 0.962751 140.009 0.157521 0.972234 -0.17332 -17.6716 -0.970803 0.12021 -0.207975 105.933
-0.180366 0.201606 0.962816 140.682 0.158144 0.972026 -0.173922 -17.8077 -0.970889 0.120884 -0.207191 105.803
-0.178291 0.204883 0.962507 141.316 0.158073 0.97139 -0.177503 -17.9259 -0.971283 0.12049 -0.205565 105.674
-0.174369 0.20675 0.96283 141.964 0.158707 0.970875 -0.179747 -18.0536 -0.971893 0.121455 -0.202092 105.549
-0.168919 0.205883 0.963985 142.586 0.159237 0.970844 -0.179455 -18.1785 -0.972768 0.123179 -0.196767 105.417
-0.160738 0.203647 0.96586 143.237 0.1612 0.97081 -0.177876 -18.3075 -0.973831 0.127094 -0.188863 105.273
-0.155843 0.201961 0.967013 143.861 0.159587 0.971213 -0.17713 -18.4362 -0.974892 0.126708 -0.183576 105.152
-0.151822 0.201708 0.967708 144.492 0.158507 0.971303 -0.177602 -18.5611 -0.975703 0.126414 -0.179426 105.042
-0.148145 0.200402 0.968546 145.118 0.158493 0.971458 -0.176773 -18.6875 -0.976269 0.127309 -0.175669 104.939
-0.143024 0.198498 0.969711 145.725 0.162308 0.971172 -0.17487 -18.8044 -0.976408 0.132369 -0.171109 104.827
-0.139152 0.197151 0.970545 146.331 0.162673 0.97127 -0.173986 -18.9208 -0.976904 0.13366 -0.167215 104.721
-0.136158 0.196319 0.971142 146.933 0.159813 0.971734 -0.174044 -19.04 -0.977801 0.131492 -0.163673 104.624
-0.132228 0.197809 0.97138 147.545 0.15673 0.971782 -0.176568 -19.1646 -0.978837 0.128887 -0.159489 104.524
-0.125427 0.201534 0.971519 148.134 0.157239 0.970863 -0.18111 -19.2733 -0.979652 0.130034 -0.153452 104.41
-0.118712 0.205375 0.971557 148.725 0.15814 0.96985 -0.185702 -19.3845 -0.980341 0.131586 -0.147601 104.31
-0.112198 0.207144 0.971956 149.3 0.15654 0.969553 -0.188574 -19.4951 -0.981367 0.130981 -0.1412 104.236
-0.10318 0.205414 0.973321 149.878 0.151752 0.970294 -0.188698 -19.6268 -0.983105 0.128223 -0.131278 104.156
-0.0944774 0.203612 0.974584 150.47 0.149541 0.970708 -0.188318 -19.7579 -0.984321 0.127937 -0.122151 104.125
-0.0843246 0.202406 0.975765 151.035 0.148472 0.970827 -0.188561 -19.8811 -0.985401 0.128963 -0.111909 104.103
-0.0723878 0.200841 0.977047 151.594 0.145316 0.971238 -0.188893 -20.0104 -0.986823 0.128296 -0.0994851 104.075
-0.0581696 0.200467 0.978073 152.157 0.142126 0.971368 -0.190652 -20.1303 -0.988225 0.127909 -0.0849907 104.055
-0.0393446 0.199801 0.979148 152.732 0.137805 0.971578 -0.192732 -20.2566 -0.989767 0.127337 -0.0657559 104.024
-0.0197647 0.198169 0.980069 153.278 0.132833 0.972043 -0.193879 -20.39 -0.991028 0.126343 -0.0455331 104.026
0.00129929 0.197752 0.980353 153.828 0.126287 0.972423 -0.196332 -20.5171 -0.992082 0.12405 -0.0237087 104.037
