0.999997 -0.00120767 -0.0022026 0.00772387 0.00120345 0.999999 -0.0017504 0.00736768 0.00220441 0.00174752 0.999997 0.569951
0.999994 -0.00128132 -0.00304397 -0.000590817 0.00127082 0.999994 -0.00344045 -0.0036301 0.00304839 0.00343656 0.99999 1.12102
0.999986 -0.00133306 -0.00559088 0.00823891 0.00130245 0.999986 -0.00546421 -0.00393488 0.00559749 0.00545657 0.999973 1.69883
0.99997 -0.0029878 -0.00719309 -0.00524299 0.00292924 0.999964 -0.00814851 0.00242124 0.00721702 0.00812705 0.999943 2.29876
0.999937 -0.00610433 -0.00962198 0.0163963 0.00600598 0.999932 -0.0102114 -0.0106597 0.00968279 0.0101526 0.999906 2.81182
0.999938 -0.0068374 -0.00889815 -0.0500313 0.00673449 0.999912 -0.0115637 -0.00903296 0.008976 0.0115029 0.999896 3.42079
0.999934 -0.00678275 -0.0095875 -0.0800272 0.00667861 0.999921 -0.0108402 -0.0318092 0.00965907 0.0107749 0.999901 3.99841
0.999943 -0.00705519 -0.0081952 -0.152411 0.00696882 0.999922 -0.0105448 -0.0636855 0.00826829 0.0104869 0.999914 4.59437
0.99995 -0.00605498 -0.00824049 -0.19112 0.0059471 0.999901 -0.0130391 -0.0880472 0.00831739 0.012989 0.999886 5.20478
0.999949 -0.00460483 -0.00920267 -0.212817 0.00445298 0.999857 -0.0164647 -0.11014 0.00927644 0.0164226 0.999825 5.81702
0.999955 -0.00334682 -0.0092353 -0.26634 0.00316083 0.999797 -0.020069 -0.12723 0.00929916 0.0200383 0.999761 6.4857
0.999964 -0.000736014 -0.00876335 -0.315898 0.000558525 0.999798 -0.0202486 -0.143204 0.00877571 0.0202426 0.99976 7.14318
0.999965 0.00189623 -0.0086084 -0.356788 -0.00201058 0.999914 -0.0132776 -0.161131 0.00858101 0.0132939 0.999881 7.80173
0.999947 0.0026577 -0.0102986 -0.332916 -0.00269156 0.999994 -0.00328686 -0.165964 0.0102889 0.00331401 0.999946 8.43462
0.999916 0.00368109 -0.0128583 -0.303407 -0.00364806 0.999995 0.00259617 -0.166744 0.0128663 -0.00254951 0.999921 9.1097
0.999869 0.00638439 -0.0151531 -0.29654 -0.00636731 0.999983 0.00116132 -0.175672 0.0151592 -0.00106504 0.99989 9.81346
0.999833 0.00889048 -0.0163231 -0.299929 -0.00897543 0.999952 -0.00513646 -0.201379 0.0162751 0.00528155 0.999861 10.4909
0.999757 0.00793664 -0.0206301 -0.262727 -0.00818421 0.999901 -0.011952 -0.186997 0.020532 0.0121176 0.99972 11.217
0.999749 0.00634875 -0.0216837 -0.270243 -0.00658435 0.999926 -0.0108111 -0.193974 0.0216118 0.0109506 0.999713 11.9577
0.999741 0.00534515 -0.0221902 -0.283251 -0.00538683 0.999989 -0.00182453 -0.201389 0.022179 0.00194328 0.999756 12.7193
0.999714 0.0048653 -0.0236229 -0.290306 -0.00475786 0.999985 0.00460318 -0.198181 0.023643 -0.00448999 0.999718 13.5219
0.999699 0.00393204 -0.0242814 -0.299723 -0.00377151 0.999977 0.00664989 -0.200937 0.0243057 -0.00655673 0.999687 14.313
0.999721 0.00225987 -0.0237222 -0.320615 -0.00211988 0.999988 0.00592162 -0.209924 0.0237332 -0.00587013 0.999708 15.1006
0.999741 0.00156161 -0.0228015 -0.338295 -0.00146935 0.999997 0.00405768 -0.217682 0.0228064 -0.0040235 0.999737 15.9014
0.999766 0.00376346 -0.0215505 -0.378557 -0.0037401 1 0.00112118 -0.230166 0.0215525 -0.00104092 0.999776 16.7564
0.999799 0.000786986 -0.0201374 -0.402033 -0.00087543 0.999997 -0.00439116 -0.236253 0.0201323 0.00440743 0.999793 17.6016
0.999803 -0.0028758 -0.0199406 -0.410603 0.00266187 0.999948 -0.0107514 -0.245863 0.0199681 0.0106954 0.999753 18.4764
0.999837 -0.00236181 -0.0179965 -0.449016 0.00207362 0.999877 -0.0160267 -0.258764 0.0180305 0.0159863 0.999715 19.4034
0.999851 -0.00158541 -0.0175759 -0.473215 0.00128886 0.999865 -0.0168776 -0.27908 0.0175979 0.0168517 0.999711 20.3336
0.999849 -0.00163115 -0.0174321 -0.503502 0.0013291 0.999857 -0.0173272 -0.290473 0.017456 0.0173009 0.999704 21.2659
0.999887 -0.00070054 -0.0155572 -0.546526 0.000419045 0.999845 -0.0180934 -0.323429 0.015565 0.0180839 0.999725 22.2037
0.999936 0.00341641 -0.0114878 -0.558589 -0.00362904 0.999833 -0.0186338 -0.330166 0.0114219 0.0186724 0.999779 22.51
0.999913 0.00760242 -0.0116997 -0.575878 -0.00782896 0.999788 -0.0194901 -0.355304 0.0115467 0.0195789 0.99975 23.4874
0.999895 0.00894509 -0.0121006 -0.590727 -0.00917921 0.999782 -0.0195262 -0.383372 0.011923 0.0196333 0.999754 24.4412
0.999887 0.00989004 -0.0123323 -0.610355 -0.0101261 0.999773 -0.0192487 -0.417495 0.0121369 0.0193702 0.999748 25.4118
0.999901 0.0112407 -0.00945737 -0.658802 -0.0114246 0.999754 -0.0197614 -0.428013 0.00923265 0.0198655 0.999778 26.3689
0.999882 0.0125285 -0.010008 -0.677158 -0.0127108 0.999759 -0.0183837 -0.463311 0.00977292 0.0185075 0.999791 27.3612
0.999854 0.0142928 -0.010219 -0.706289 -0.0144557 0.999779 -0.0161768 -0.492699 0.0099851 0.0163202 0.999835 28.3808
0.999854 0.0132589 -0.0116882 -0.705485 -0.0134371 0.999802 -0.0153202 -0.517361 0.0114804 0.0154737 0.999825 29.3901
0.999856 0.0127007 -0.0120621 -0.721417 -0.0129024 0.999789 -0.0168925 -0.53734 0.0118445 0.0170436 0.999805 30.4239
0.999835 0.0137245 -0.0127693 -0.732574 -0.013953 0.999751 -0.0179956 -0.563635 0.0125169 0.0181694 0.999768 31.4596
0.999833 0.0128289 -0.0137311 -0.750756 -0.013063 0.999783 -0.0171762 -0.591673 0.0135073 0.0173506 0.999779 32.545
0.999837 0.0121655 -0.0140954 -0.771642 -0.0123708 0.999828 -0.0145829 -0.620165 0.0139134 0.0147535 0.999807 33.5891
0.999834 0.0124979 -0.0139631 -0.80226 -0.012645 0.999879 -0.0105772 -0.653697 0.0138287 0.01075 0.999867 34.6844
0.999829 0.0130404 -0.0138349 -0.840035 -0.0131503 0.999893 -0.00789469 -0.684838 0.0137282 0.00807391 0.999886 35.752
0.999828 0.0129252 -0.0140422 -0.869758 -0.0130167 0.999907 -0.00652861 -0.721659 0.013956 0.0067083 0.999901 36.7816
0.999837 0.0131006 -0.0132165 -0.915594 -0.0132274 0.999878 -0.00956049 -0.722206 0.0130874 0.00973239 0.999881 37.8502
0.999834 0.0134134 -0.013121 -0.950947 -0.0135556 0.999861 -0.0108916 -0.736252 0.0129727 0.0110657 0.999875 38.9376
0.999818 0.0131281 -0.0145977 -0.963846 -0.013271 0.999877 -0.00973273 -0.766555 0.0144657 0.00992323 0.999861 40.0318
0.999787 0.0134467 -0.0163022 -0.975933 -0.0135759 0.999888 -0.00790162 -0.792072 0.0161937 0.00811927 0.999857 41.1254
0.999761 0.013876 -0.0175325 -0.990962 -0.0139794 0.999898 -0.00579514 -0.815272 0.0174479 0.00603732 0.999845 42.2149
0.999717 0.0154757 -0.0186414 -1.00951 -0.015588 0.999872 -0.00595228 -0.843053 0.0185464 0.0062392 0.999829 43.3147
0.999687 0.0169242 -0.0190427 -1.02796 -0.0171054 0.999823 -0.00939327 -0.877443 0.018878 0.00971464 0.99979 44.4261
0.999656 0.0184657 -0.019172 -1.05511 -0.0187086 0.999757 -0.0126202 -0.915813 0.0189339 0.0129725 0.999757 45.5255
0.999647 0.019396 -0.0187918 -1.08865 -0.0196393 0.999739 -0.0128482 -0.950662 0.0185354 0.0132112 0.999757 46.5909
0.999649 0.0204189 -0.0175185 -1.13344 -0.0205948 0.999751 -0.00996466 -0.986106 0.0173105 0.0103202 0.999818 47.6666
0.999631 0.0213124 -0.0175264 -1.15951 -0.0214403 0.999759 -0.00713093 -1.02921 0.0173682 0.00750265 0.999838 48.752
0.999713 0.0184145 -0.0161048 -1.2043 -0.0184784 0.999835 -0.00387123 -1.07437 0.0160309 0.00416583 0.999885 49.8325
0.999711 0.019786 -0.014504 -1.12049 -0.0198058 0.99982 -0.00120639 -1.15556 0.0144754 0.00149176 0.999912 50.8469
0.999737 0.0192027 -0.0135163 -1.13404 -0.0192272 0.999826 -0.00172918 -1.19717 0.0134807 0.00198676 0.999931 51.9024
0.999756 0.0194078 -0.011646 -1.19608 -0.0194455 0.999823 -0.00310474 -1.22702 0.0115815 0.00332895 0.999946 53.0281
0.999782 0.0183012 -0.0112655 -1.20772 -0.0183747 0.999822 -0.00649794 -1.24385 0.0111443 0.00670155 0.999939 54.0288
0.999812 0.01682 -0.0109181 -1.22048 -0.0169273 0.999826 -0.00977079 -1.27267 0.0107495 0.00995216 0.999913 55.1019
0.999826 0.0153519 -0.011739 -1.21649 -0.0154872 0.999826 -0.0115725 -1.30012 0.011559 0.0117503 0.999889 56.1924
0.999848 0.0135176 -0.0121089 -1.22195 -0.0136241 0.999887 -0.00872877 -1.33466 0.0119872 0.0088908 0.99991 57.2919
0.999875 0.0114285 -0.0120242 -1.23044 -0.0114652 0.999943 -0.00303283 -1.35229 0.0119885 0.00316846 0.999949 58.3891
0.999913 0.00876256 -0.0111003 -1.24112 -0.0087375 0.999977 0.00233656 -1.36559 0.011118 -0.00224099 0.999957 59.4264
0.999929 0.00740318 -0.0105254 -1.26733 -0.00736131 0.999978 0.00395601 -1.39635 0.010554 -0.00388009 0.999963 60.5397
0.999966 0.00338301 -0.00909031 -1.28707 -0.0033749 1.00001 0.000947943 -1.40627 0.00909103 -0.000918863 0.999981 61.6102
0.999979 0.0018635 -0.00800822 -1.319 -0.00187641 1.00001 -0.00167974 -1.4277 0.00800465 0.00169275 0.999993 62.6859
0.999964 0.00330067 -0.00930549 -1.32101 -0.0033562 0.999997 -0.00593932 -1.44499 0.00928327 0.00596871 0.999963 63.8087
0.999977 0.00326551 -0.00788864 -1.36 -0.00335254 0.999946 -0.0111243 -1.45315 0.0078514 0.0111485 0.999936 64.8952
0.999978 0.00605878 -0.00572173 -1.39953 -0.00614397 0.999887 -0.0149789 -1.43099 0.00562778 0.015012 0.999896 65.9668
0.999952 0.00998022 -0.00496887 -1.41555 -0.0100333 0.999903 -0.010881 -1.46754 0.0048594 0.0109284 0.999958 67.0616
0.999939 0.0115618 -0.00384764 -1.44905 -0.0115966 0.999908 -0.00914587 -1.48967 0.00373896 0.00918817 0.999976 68.1561
0.999943 0.0110241 -0.00465111 -1.45099 -0.0110721 0.999897 -0.0105016 -1.48995 0.00453442 0.0105505 0.999964 69.2678
0.999966 0.00916286 -0.0038586 -1.47814 -0.00920287 0.99992 -0.0104818 -1.50604 0.00375958 0.0105151 0.999964 70.3664
0.999985 0.0078411 -0.000243402 -1.52238 -0.00784323 0.999912 -0.0120343 -1.4885 0.000148391 0.0120338 0.999961 71.4161
0.999997 0.00590611 -0.00162264 -1.50205 -0.00592366 0.999941 -0.0109199 -1.49933 0.00155536 0.0109275 0.999967 72.51
1.00001 0.00424436 -0.000885288 -1.53032 -0.00425359 0.999945 -0.0110624 -1.50356 0.000837686 0.0110641 0.999973 73.5966
1.00001 0.00328738 -0.0002141 -1.55517 -0.00329001 0.999935 -0.0125522 -1.53116 0.000170087 0.0125512 0.999949 74.6674
1.00001 0.00383736 -0.000768412 -1.5719 -0.00384931 0.999881 -0.0160381 -1.56859 0.00070618 0.0160389 0.999907 75.8006
0.999999 0.00391842 -0.00468383 -1.5323 -0.00400573 0.999834 -0.0187713 -1.59365 0.00460688 0.0187881 0.999842 76.8718
0.999994 0.00540489 -0.00439523 -1.56429 -0.00547925 0.999857 -0.0170533 -1.62839 0.0043018 0.017075 0.999882 77.9303
0.999987 0.00568972 -0.00553316 -1.56868 -0.00576322 0.999913 -0.0133496 -1.65488 0.00545416 0.0133793 0.999926 79.0192
0.999974 0.00705551 -0.00620956 -1.58758 -0.00711624 0.999945 -0.00983111 -1.67854 0.00613926 0.00987272 0.99997 80.0915
0.99997 0.00790334 -0.005991 -1.61755 -0.00796211 0.999939 -0.00987306 -1.69837 0.00591032 0.0099183 0.999967 81.1841
0.999967 0.00731453 -0.00709877 -1.62455 -0.00739735 0.999923 -0.011738 -1.714 0.00701169 0.0117878 0.999944 82.2081
0.999972 0.00698405 -0.00678026 -1.65548 -0.00706757 0.999917 -0.0123956 -1.74605 0.00669095 0.012441 0.999935 83.2557
0.999978 0.00612977 -0.00674736 -1.68389 -0.00622242 0.999905 -0.0137988 -1.75721 0.00666146 0.0138381 0.999921 84.303
0.999983 0.00527548 -0.00682482 -1.70844 -0.00536997 0.999908 -0.0139721 -1.78289 0.00674832 0.0140062 0.999916 85.3434
0.999992 0.00393393 -0.00626447 -1.74251 -0.00401413 0.999929 -0.0128463 -1.81004 0.00621281 0.0128689 0.999936 86.3534
0.999994 0.00225979 -0.00702426 -1.7497 -0.00232612 0.999973 -0.00948528 -1.82721 0.00700058 0.00949916 0.999968 87.2422
0.999992 0.000810493 -0.00754826 -1.76992 -0.000874925 0.999983 -0.00856337 -1.85688 0.00754053 0.0085673 0.999973 88.2384
0.999968 -0.00147807 -0.0101789 -1.7832 0.00140977 0.999997 -0.00673446 -1.90772 0.0101868 0.00671754 0.999963 89.1887
0.999934 -0.00267334 -0.0129345 -1.81334 0.00257928 0.999991 -0.00729415 -1.94135 0.0129533 0.00725766 0.999929 90.139
0.999893 -0.00283331 -0.0157001 -1.84424 0.00271429 0.999989 -0.00761147 -1.97441 0.0157194 0.00756564 0.999886 91.0548
0.999856 -0.00329316 -0.0178587 -1.88552 0.00316614 0.999991 -0.00714367 -2.00227 0.0178815 0.0070835 0.999854 91.9349
0.999822 -0.00238843 -0.0198097 -1.92716 0.00227014 1 -0.00599608 -2.02794 0.019822 0.00594771 0.999825 92.8216
0.999781 -0.00190912 -0.0218887 -1.97366 0.00181172 1.00001 -0.00447344 -2.05667 0.0218969 0.00443014 0.99979 93.6737
0.999732 -0.000864966 -0.0240395 -2.01177 0.000806504 1.00002 -0.00244466 -2.08634 0.02404 0.00242226 0.999747 94.4779
0.999678 0.000436312 -0.0262562 -2.05083 -0.000468975 1.00002 -0.00124184 -2.10984 0.0262555 0.00125107 0.999694 95.2706
0.999566 0.00267795 -0.0300722 -2.05478 -0.00273387 1.00001 -0.00182146 -2.12603 0.0300658 0.0019005 0.999584 96.0291
0.999479 0.0048721 -0.0326384 -2.09147 -0.00496358 1.00001 -0.002725 -2.15566 0.0326245 0.00288281 0.999504 96.7718
0.999388 0.00648718 -0.0350209 -2.12825 -0.0067038 0.99998 -0.00606979 -2.1833 0.0349786 0.00629837 0.999408 97.4685
0.999243 0.00964113 -0.0383018 -2.16186 -0.0100073 0.999929 -0.00938331 -2.21436 0.0382078 0.0097567 0.999263 98.1795
0.999106 0.0113676 -0.0412668 -2.18244 -0.0118859 0.999876 -0.0123326 -2.2311 0.0411192 0.0128096 0.999112 98.8745
0.998963 0.0138453 -0.0439192 -2.17964 -0.0144471 0.999828 -0.013418 -2.25247 0.043725 0.0140357 0.998987 99.5127
0.99887 0.0162891 -0.0451426 -2.17256 -0.0169011 0.999793 -0.0132065 -2.2735 0.0449159 0.013952 0.998932 100.141
0.998885 0.0202845 -0.0431806 -2.18853 -0.020805 0.999739 -0.0116414 -2.29857 0.0429322 0.012524 0.999043 100.757
0.999015 0.0226664 -0.0387343 -2.19493 -0.0230876 0.999702 -0.01046 -2.3208 0.0384834 0.0113414 0.999234 101.35
0.999171 0.023552 -0.0339333 -2.16199 -0.0238457 0.999704 -0.00827696 -2.34464 0.0337276 0.00907646 0.999433 101.899
0.999401 0.0232038 -0.0265747 -2.128 -0.0233759 0.999732 -0.00617212 -2.35701 0.026422 0.00678708 0.999668 102.414
0.999621 0.0229302 -0.0167687 -2.09474 -0.0230234 0.999743 -0.00538915 -2.3691 0.0166401 0.00577034 0.999888 102.928
0.99976 0.0221854 -0.00580577 -2.04097 -0.0222218 0.999758 -0.00623139 -2.3718 0.00566388 0.00635632 1 103.422
0.999753 0.0223266 0.00662427 -1.97898 -0.0222694 0.999739 -0.00857985 -2.36766 -0.00681462 0.00842729 0.999985 103.898
0.999572 0.0214849 0.0209854 -1.89001 -0.0212065 0.999709 -0.0134143 -2.35973 -0.0212696 0.0129609 0.99973 104.346
0.999058 0.0216105 0.0382843 -1.78543 -0.0208762 0.999617 -0.0194698 -2.35619 -0.0386907 0.0186492 0.999122 104.77
0.998098 0.0192298 0.0589581 -1.67972 -0.0177291 0.999532 -0.0258775 -2.35198 -0.0594301 0.0247805 0.997967 105.179
0.996483 0.0168632 0.0823822 -1.55642 -0.0143636 0.999447 -0.0308387 -2.34372 -0.0828565 0.0295438 0.996168 105.614
0.994074 0.0145327 0.107952 -1.41636 -0.0109517 0.999397 -0.0336943 -2.34252 -0.108378 0.0323098 0.993628 106.01
0.990572 0.0123993 0.136618 -1.26693 -0.00737891 0.999307 -0.0371929 -2.3418 -0.136984 0.0358309 0.989971 106.398
0.985523 0.00998492 0.169386 -1.11624 -0.0032718 0.999226 -0.039868 -2.34874 -0.169654 0.0387342 0.984786 106.788
0.978603 0.00728902 0.205754 -0.95586 0.00131269 0.999158 -0.0416388 -2.35592 -0.205883 0.0410146 0.977764 107.195
0.96959 0.00542696 0.244773 -0.804352 0.00556873 0.999033 -0.0442099 -2.35808 -0.244776 0.0442259 0.968616 107.573
0.958633 0.00626327 0.284668 -0.633187 0.00728641 0.998917 -0.0465152 -2.36646 -0.28465 0.0466618 0.957544 107.93
0.944845 0.00802365 0.32749 -0.457283 0.00802806 0.99886 -0.047635 -2.37982 -0.327498 0.0476342 0.943697 108.274
0.928842 0.00796305 0.37046 -0.264412 0.00997182 0.998895 -0.0464733 -2.39641 -0.370419 0.0468571 0.927732 108.597
0.910715 0.00737027 0.413026 -0.0511214 0.0123407 0.998936 -0.045037 -2.41494 -0.412918 0.0461103 0.909648 108.909
0.88871 0.00566334 0.458491 0.143251 0.0166568 0.998891 -0.0446251 -2.44079 -0.458233 0.0472923 0.887625 109.218
0.864406 0.00557656 0.502809 0.351747 0.0197535 0.998817 -0.0450373 -2.47524 -0.502464 0.0488601 0.863268 109.519
0.837813 0.00754173 0.545954 0.571353 0.0213559 0.998713 -0.0465688 -2.50953 -0.545599 0.0506718 0.836569 109.802
0.808204 0.0116473 0.588826 0.803801 0.0213931 0.998591 -0.0491163 -2.53907 -0.588566 0.0522902 0.806812 110.077
0.77523 0.0182173 0.631458 1.05009 0.0182736 0.998545 -0.0512422 -2.56502 -0.631469 0.0512599 0.773764 110.338
0.740748 0.0231367 0.671419 1.33985 0.0157346 0.998563 -0.0517692 -2.59679 -0.671648 0.0489098 0.739316 110.572
0.703485 0.0233527 0.710364 1.63752 0.0185212 0.998544 -0.0511685 -2.62181 -0.710521 0.0491495 0.702023 110.795
0.665317 0.0207232 0.746306 1.96914 0.0246658 0.998488 -0.0497149 -2.62676 -0.746201 0.0514819 0.663796 111.004
0.623316 0.0189463 0.781774 2.29394 0.0265985 0.998641 -0.0454099 -2.64431 -0.781568 0.0490953 0.62196 111.199
0.579113 0.0176889 0.815087 2.63476 0.0279316 0.998776 -0.0415208 -2.66129 -0.814817 0.0468091 0.577908 111.382
0.534001 0.0156321 0.845371 2.99595 0.0306537 0.99884 -0.037834 -2.66666 -0.844978 0.0461137 0.532899 111.543
0.485104 0.00889784 0.874442 3.34539 0.0379811 0.998819 -0.0312342 -2.70506 -0.87368 0.0483613 0.484192 111.687
0.433946 0.00571728 0.900952 3.67987 0.0375657 0.999022 -0.0244339 -2.77076 -0.900205 0.0444443 0.433304 111.844
0.384406 0.00998763 0.92314 4.0725 0.035173 0.999085 -0.0254562 -2.79366 -0.922542 0.0422521 0.383703 111.957
0.335523 0.0163406 0.94192 4.47941 0.0354604 0.99895 -0.0299622 -2.78297 -0.941414 0.0434504 0.334589 112.067
0.290387 0.0169424 0.956789 4.88243 0.0389741 0.998834 -0.0295161 -2.80242 -0.956165 0.045858 0.289387 112.141
0.251541 0.0200865 0.967669 5.28848 0.0475875 0.998347 -0.0330944 -2.74656 -0.966727 0.0543698 0.250167 112.193
0.217204 0.0185551 0.97598 5.71585 0.0544334 0.998065 -0.0310897 -2.78233 -0.974657 0.0598758 0.215774 112.241
0.187267 0.0197793 0.982141 6.16212 0.0613819 0.997637 -0.0317962 -2.76997 -0.980441 0.0662361 0.185609 112.285
0.1611 0.0184225 0.986796 6.65679 0.0580008 0.997953 -0.0281002 -2.79757 -0.985282 0.0617587 0.159703 112.342
0.137874 0.0145751 0.990373 7.15899 0.0506005 0.998512 -0.0217402 -2.83646 -0.989207 0.0531071 0.13693 112.4
0.114754 0.0110908 0.993363 7.66245 0.0453394 0.99887 -0.0163905 -2.85018 -0.992409 0.0469164 0.114124 112.445
0.0936484 0.00874743 0.995601 8.17432 0.0497385 0.998703 -0.0134545 -2.86043 -0.994415 0.0507759 0.0930916 112.455
0.0747419 0.00959842 0.997188 8.7023 0.0579311 0.998257 -0.0139513 -2.86894 -0.99557 0.0588078 0.0740578 112.456
0.0559374 0.0135091 0.998378 9.21759 0.0636811 0.997856 -0.0170713 -2.84338 -0.996455 0.0645288 0.0549576 112.479
0.0422842 0.0208535 0.998919 9.79197 0.0625199 0.997801 -0.0234772 -2.83738 -0.997199 0.0634418 0.0408904 112.492
0.0307584 0.0269818 0.9992 10.4002 0.05887 0.997886 -0.0287599 -2.83768 -0.997845 0.0597037 0.0291058 112.529
0.0243552 0.0264941 0.999383 11.0092 0.0603959 0.997818 -0.0279251 -2.86293 -0.99793 0.0610358 0.0227055 112.534
0.0212113 0.024124 0.999523 11.6341 0.0661649 0.997519 -0.0254811 -2.8741 -0.997638 0.0666697 0.0195636 112.537
0.0203353 0.0236248 0.999546 12.279 0.067296 0.997455 -0.0249451 -2.88319 -0.997578 0.0677695 0.0186975 112.57
0.0238034 0.0269664 0.999393 13.0098 0.067648 0.997336 -0.0285236 -2.84247 -0.99748 0.0682817 0.0219169 112.593
0.0240929 0.0271861 0.999375 13.7216 0.0632919 0.997619 -0.0286648 -2.87725 -0.997758 0.0639397 0.0223186 112.644
0.024546 0.0300241 0.999287 14.4154 0.0614019 0.997653 -0.0314847 -2.87341 -0.997866 0.0621268 0.0226459 112.677
0.0257539 0.0311478 0.999218 15.1474 0.0612658 0.997623 -0.0326778 -2.89692 -0.997845 0.0620562 0.0237881 112.7
0.0274878 0.0313616 0.99917 15.893 0.0608073 0.997641 -0.0329881 -2.91964 -0.997827 0.0616596 0.025517 112.715
0.0289282 0.0295674 0.99918 16.6532 0.061215 0.99767 -0.0312957 -2.95274 -0.997761 0.0620668 0.0270545 112.737
0.0285876 0.0300955 0.999179 17.4392 0.0605974 0.997693 -0.0317861 -2.95864 -0.997809 0.0614523 0.0266989 112.776
0.0280174 0.0279301 0.999254 18.2075 0.0610264 0.997733 -0.0295995 -2.99168 -0.997799 0.0618069 0.026253 112.8
0.0270305 0.0306629 0.999205 19.0027 0.0570989 0.997887 -0.0321687 -2.94892 -0.998059 0.0579191 0.0252236 112.825
0.0268584 0.0334453 0.999117 19.6393 0.0564742 0.99783 -0.0349212 -2.87225 -0.9981 0.057359 0.0249151 112.838
0.0255961 0.0335836 0.999151 20.4456 0.0581123 0.997733 -0.0350264 -2.86485 -0.998039 0.0589558 0.0235879 112.862
0.0236039 0.0340167 0.999181 21.1946 0.0598468 0.997617 -0.0353783 -2.85329 -0.997987 0.0606295 0.0215156 112.889
0.0216928 0.0350986 0.999192 22.0369 0.0572644 0.997738 -0.0362925 -2.86786 -0.998181 0.0580016 0.0196353 112.918
0.0212821 0.0418117 0.998938 22.863 0.055153 0.997592 -0.0429313 -2.88233 -0.998309 0.0560048 0.0189287 112.926
0.0197868 0.0583425 0.998146 23.6723 0.0534485 0.996847 -0.0593282 -2.7772 -0.998433 0.0545201 0.016608 112.958
0.0184275 0.0604097 0.998045 24.4865 0.0533793 0.996729 -0.0613167 -2.82635 -0.998464 0.0544015 0.0151469 112.972
0.0165687 0.0587373 0.998182 25.3291 0.0499845 0.997017 -0.0595006 -2.88355 -0.998671 0.0508763 0.0135854 113
0.01608 0.0551131 0.998394 26.1937 0.0471548 0.997368 -0.055817 -2.93927 -0.998819 0.0479734 0.0134432 113.011
0.0161144 0.0499507 0.998668 27.0348 0.0457045 0.997712 -0.0506425 -2.99644 -0.998884 0.0464565 0.0137968 113.019
0.0164976 0.0456612 0.998866 27.8848 0.0425947 0.99806 -0.0463289 -3.03484 -0.999018 0.0433073 0.0145252 113.029
0.0173068 0.0486061 0.998715 28.6882 0.0375646 0.998123 -0.0492303 -3.01641 -0.999205 0.0383651 0.0154509 113.046
0.0188827 0.0573997 0.998218 29.5206 0.0403527 0.997536 -0.0581247 -3.05124 -0.99907 0.0413747 0.0165245 113.054
0.0191956 0.069595 0.997439 30.3502 0.042172 0.996674 -0.0703553 -3.09928 -0.998988 0.0434113 0.0161993 113.084
0.0182139 0.0740622 0.997134 31.1569 0.0432262 0.996305 -0.0747911 -3.17275 -0.998962 0.0444609 0.0149499 113.119
0.0195844 0.0693333 0.997451 31.9967 0.0448348 0.996572 -0.0701547 -3.2313 -0.998865 0.046091 0.0164113 113.139
0.0211743 0.0614807 0.997931 32.8209 0.0476434 0.996957 -0.0624325 -3.30152 -0.998704 0.048863 0.0181853 113.147
0.0237658 0.0589861 0.998024 33.6676 0.0503837 0.996962 -0.0601251 -3.36299 -0.998511 0.0517097 0.0207241 113.148
0.0245071 0.0603355 0.997925 34.4975 0.0509237 0.996851 -0.0615222 -3.42138 -0.998466 0.0523217 0.021362 113.168
0.0229563 0.0602709 0.997966 35.3264 0.047101 0.99705 -0.0613012 -3.51061 -0.99869 0.0484091 0.0200524 113.197
0.0223912 0.0615482 0.997901 36.1434 0.0464031 0.997007 -0.0625356 -3.55618 -0.998737 0.0477018 0.0194727 113.207
0.0207249 0.0609384 0.997975 36.9428 0.0465861 0.997041 -0.0618513 -3.63448 -0.998765 0.04777 0.0178273 113.22
0.019479 0.0612063 0.997985 37.7456 0.0459779 0.997057 -0.0620484 -3.7063 -0.998818 0.0470893 0.0166122 113.227
0.0172409 0.0621293 0.997969 38.5542 0.0437397 0.99711 -0.0628339 -3.76427 -0.998961 0.0447305 0.0144761 113.245
0.0150576 0.0601939 0.998125 39.3498 0.0415524 0.99733 -0.0607747 -3.83953 -0.999089 0.042385 0.0125211 113.263
0.0121383 0.060426 0.99815 40.1381 0.0420102 0.997306 -0.0608884 -3.88315 -0.999112 0.0426679 0.00956996 113.29
0.0109082 0.0611776 0.99812 40.9204 0.0420163 0.997261 -0.0615862 -3.94036 -0.999125 0.0426043 0.00831276 113.296
0.00903279 0.0668223 0.997776 41.6939 0.0436817 0.996832 -0.0671571 -3.93708 -0.999074 0.0441875 0.00608824 113.315
0.00832254 0.0673779 0.997746 42.4731 0.0448239 0.996744 -0.0676862 -3.99986 -0.999029 0.0452811 0.00528041 113.321
0.00724139 0.0668859 0.997787 43.2552 0.0466257 0.996699 -0.0671541 -4.06323 -0.998955 0.0470052 0.00410185 113.326
0.00720164 0.0684915 0.997678 44.0343 0.0493268 0.996456 -0.0687659 -4.10066 -0.998824 0.0497023 0.00380276 113.32
0.00518581 0.0694051 0.997629 44.8167 0.0488151 0.996427 -0.0695783 -4.1604 -0.998864 0.0490563 0.00178237 113.338
0.0042747 0.0709419 0.997523 45.5588 0.048731 0.996323 -0.0710677 -4.2168 -0.99887 0.0489089 0.000807107 113.344
0.00321622 0.0703404 0.997572 46.2984 0.0479402 0.996411 -0.0704162 -4.27808 -0.998915 0.0480464 -0.000164262 113.357
0.00363562 0.0704993 0.997558 47.0173 0.0482389 0.996382 -0.0705942 -4.34479 -0.998897 0.0483726 0.000226882 113.349
0.00493886 0.0734749 0.997338 47.7265 0.0492961 0.996112 -0.0736316 -4.40811 -0.998842 0.0495245 0.00130078 113.345
0.00488879 0.076745 0.997092 48.4188 0.0488521 0.995886 -0.0768941 -4.46865 -0.998863 0.0490809 0.00112465 113.353
0.00718302 0.0786356 0.996936 49.1127 0.0474349 0.995801 -0.0788916 -4.53259 -0.998921 0.0478519 0.00342543 113.347
0.00702684 0.0848531 0.996423 49.7867 0.0470603 0.995306 -0.0850923 -4.51766 -0.998936 0.0474848 0.00300569 113.367
0.00793558 0.0879699 0.996149 50.4958 0.0494908 0.994913 -0.0882589 -4.5504 -0.998816 0.0499961 0.00354419 113.367
0.00965098 0.0900264 0.995947 51.1456 0.0500893 0.99469 -0.0904005 -4.5784 -0.998767 0.0507536 0.00509537 113.373
0.00847096 0.0908146 0.995891 51.8227 0.0459331 0.994828 -0.0911123 -4.64485 -0.998984 0.0465119 0.00425847 113.391
0.00868615 0.0913274 0.995837 52.5121 0.0435918 0.994884 -0.0916226 -4.72142 -0.999081 0.0442012 0.00466558 113.408
0.00918406 0.0895944 0.995999 53.1842 0.0454219 0.994962 -0.0899243 -4.79761 -0.999003 0.0460614 0.00507106 113.41
0.0101625 0.0856139 0.996331 53.7945 0.0414175 0.995483 -0.0859658 -4.9056 -0.99916 0.0421343 0.00657559 113.374
0.0058048 0.085229 0.996408 54.4706 0.038531 0.995652 -0.0853933 -4.97788 -0.999318 0.0388842 0.00249845 113.4
0.0016215 0.0846629 0.996463 55.1251 0.0351208 0.995836 -0.0846692 -5.06059 -0.999452 0.035129 -0.00135361 113.375
-0.0037159 0.0879283 0.996185 55.7724 0.0387076 0.995442 -0.0877234 -5.13074 -0.999322 0.0382299 -0.00709943 113.369
-0.0104606 0.0905421 0.995895 56.4286 0.0414666 0.995123 -0.0900388 -5.20084 -0.999157 0.0403495 -0.0141586 113.365
-0.0158243 0.0944914 0.995465 57.1023 0.0424008 0.994742 -0.0937538 -5.23612 -0.999054 0.0407209 -0.019744 113.341
-0.0225136 0.0953663 0.995246 57.7845 0.0388184 0.994822 -0.0944501 -5.28882 -0.999065 0.0365025 -0.026093 113.335
-0.0280977 0.0959447 0.995055 58.4622 0.0403277 0.994731 -0.0947797 -5.34435 -0.99887 0.0374612 -0.0318148 113.329
-0.033522 0.097961 0.994684 59.1692 0.0384167 0.994625 -0.0966629 -5.41765 -0.998772 0.0349671 -0.0370989 113.321
-0.0369471 0.0988035 0.994487 59.8756 0.0373625 0.994591 -0.097431 -5.47783 -0.998697 0.0335528 -0.0404346 113.293
-0.0391857 0.0977356 0.994501 60.5786 0.0378933 0.994684 -0.0962633 -5.52777 -0.998588 0.0339077 -0.0426744 113.265
-0.0404847 0.097044 0.994524 61.2868 0.0407913 0.994651 -0.0954017 -5.57817 -0.998426 0.0367016 -0.0442225 113.237
-0.0408638 0.0984316 0.994365 61.9956 0.0419382 0.994477 -0.0967223 -5.6111 -0.99836 0.0377442 -0.0447596 113.201
-0.0420337 0.100207 0.994147 62.7449 0.0418813 0.994308 -0.098459 -5.67246 -0.998319 0.0374935 -0.0459869 113.176
-0.0409722 0.107581 0.993413 63.4652 0.0448452 0.993431 -0.105736 -5.71716 -0.99823 0.0402124 -0.045521 113.137
-0.0402804 0.111821 0.992981 64.2088 0.0511028 0.992696 -0.109722 -5.80433 -0.997961 0.0463202 -0.0456963 113.101
-0.0395452 0.116142 0.992506 64.9437 0.0588006 0.99182 -0.113722 -5.89825 -0.997563 0.0538572 -0.0460443 113.055
-0.0398403 0.117516 0.992342 65.7077 0.0593239 0.991635 -0.115057 -5.99319 -0.997524 0.054281 -0.0464742 113.021
-0.0397337 0.114892 0.992645 66.4562 0.0573338 0.992042 -0.11253 -6.09512 -0.997641 0.0524352 -0.0459978 112.991
-0.039015 0.108743 0.993376 67.1954 0.0572368 0.992721 -0.10643 -6.20199 -0.99768 0.0527005 -0.0449509 112.963
-0.0370577 0.106204 0.993715 67.9571 0.0596274 0.992849 -0.103891 -6.3023 -0.99761 0.0553969 -0.0431185 112.909
-0.0362194 0.106901 0.993683 68.7118 0.060238 0.992738 -0.10461 -6.38157 -0.99761 0.0560636 -0.0423917 112.863
-0.0375508 0.106978 0.993614 69.4575 0.0586995 0.992822 -0.104678 -6.4835 -0.997647 0.0543881 -0.043554 112.835
-0.0399733 0.109028 0.99331 70.2129 0.0579898 0.992657 -0.106629 -6.54263 -0.997601 0.0533346 -0.0459982 112.812
-0.0413634 0.109264 0.993215 70.9531 0.0592277 0.992572 -0.10673 -6.63354 -0.997465 0.0544052 -0.0475207 112.773
-0.0413521 0.111006 0.993036 71.7084 0.0615482 0.992256 -0.108363 -6.70923 -0.997332 0.0566332 -0.0478601 112.725
-0.0442141 0.109269 0.993091 72.4215 0.0609351 0.992494 -0.106494 -6.81361 -0.997239 0.0557995 -0.0505334 112.703
-0.0445878 0.112777 0.992699 73.0989 0.0630197 0.991997 -0.109875 -6.84922 -0.997099 0.0576551 -0.0513342 112.695
-0.0448268 0.115376 0.992373 73.8637 0.063527 0.991677 -0.112429 -6.93681 -0.997049 0.0579966 -0.0517762 112.647
-0.0445547 0.117409 0.992168 74.6191 0.0614698 0.991562 -0.114587 -7.00781 -0.997197 0.0558774 -0.0513922 112.605
-0.045981 0.117926 0.992021 75.3761 0.0605545 0.99156 -0.115069 -7.09617 -0.997183 0.0547744 -0.0527266 112.573
-0.045199 0.119418 0.991899 76.1372 0.0616389 0.991322 -0.116549 -7.14081 -0.997157 0.0558662 -0.0521638 112.53
-0.0461172 0.117685 0.992045 76.9182 0.059727 0.991635 -0.114864 -7.24083 -0.997227 0.0539488 -0.0527532 112.496
-0.0473193 0.116266 0.992176 77.7015 0.0575258 0.991924 -0.113502 -7.33492 -0.997307 0.0516995 -0.0536215 112.452
-0.048928 0.117516 0.991931 78.5091 0.058696 0.991728 -0.1146 -7.41466 -0.997156 0.0526093 -0.0554135 112.411
-0.0497839 0.120655 0.991532 79.2939 0.059726 0.991311 -0.117639 -7.47901 -0.997058 0.0533583 -0.0565536 112.358
-0.0512773 0.126102 0.990759 80.0815 0.059276 0.990683 -0.123029 -7.52208 -0.997005 0.0524138 -0.0582668 112.31
-0.0528661 0.137462 0.989182 80.9107 0.0622251 0.98906 -0.13413 -7.52802 -0.996748 0.0544556 -0.0608371 112.288
-0.0532168 0.143519 0.988285 81.7048 0.0644021 0.988103 -0.140029 -7.61227 -0.996588 0.0561897 -0.0618186 112.245
-0.0530741 0.148311 0.987603 82.5268 0.0656636 0.987339 -0.144754 -7.72734 -0.996516 0.0571615 -0.0621365 112.176
-0.0521893 0.149033 0.987524 83.3712 0.0679427 0.987093 -0.145382 -7.86678 -0.996407 0.0595015 -0.0616333 112.13
-0.0499775 0.149214 0.98763 84.1892 0.07123 0.986844 -0.145503 -7.98254 -0.996296 0.0630711 -0.0599442 112.056
-0.0498078 0.148121 0.987785 85.0383 0.0720334 0.986952 -0.144368 -8.1115 -0.996243 0.0639565 -0.0598196 112.013
-0.0484728 0.146076 0.988174 85.8544 0.0707533 0.987318 -0.14249 -8.25083 -0.996404 0.0630039 -0.0581892 111.964
-0.0470883 0.144503 0.988456 86.6976 0.0688367 0.987652 -0.141112 -8.377 -0.996601 0.0613908 -0.0564463 111.927
-0.0447832 0.142721 0.988839 87.5545 0.0693316 0.987853 -0.139451 -8.49608 -0.996678 0.0623069 -0.0541302 111.883
-0.0415402 0.14172 0.989108 88.409 0.0711093 0.987853 -0.138559 -8.5984 -0.99669 0.0645724 -0.0511058 111.834
-0.0402804 0.142249 0.989101 89.2641 0.0693285 0.987881 -0.139262 -8.73037 -0.996871 0.0629574 -0.0496502 111.802
-0.0389803 0.146118 0.988574 90.1101 0.0702364 0.987261 -0.14316 -8.86979 -0.996856 0.0638468 -0.0487391 111.773
-0.0365711 0.150828 0.987975 90.9318 0.0696013 0.986584 -0.148051 -9.02079 -0.996995 0.0633439 -0.0465743 111.724
-0.0351746 0.153385 0.987615 91.8067 0.067171 0.986336 -0.150799 -9.17589 -0.99721 0.0610281 -0.0449898 111.695
-0.0331862 0.149751 0.988257 92.6386 0.0652603 0.986982 -0.147377 -9.32952 -0.997407 0.0595974 -0.042523 111.655
-0.0311064 0.146692 0.988769 93.5166 0.0658774 0.987378 -0.144419 -9.48024 -0.997432 0.0606385 -0.0403704 111.618
-0.0293646 0.14567 0.988989 94.3787 0.0669048 0.987448 -0.143468 -9.61401 -0.997418 0.0619494 -0.0387383 111.578
-0.0266425 0.145301 0.989105 95.2526 0.0676566 0.98743 -0.143238 -9.75983 -0.997443 0.0630964 -0.0361313 111.54
-0.0267806 0.145006 0.989163 95.9719 0.0673568 0.987494 -0.14295 -9.87969 -0.99746 0.0627928 -0.0362092 111.541
-0.0247812 0.143984 0.989347 96.7927 0.0698437 0.987462 -0.141966 -9.99792 -0.99734 0.0655744 -0.0345201 111.507
-0.0231065 0.144329 0.989355 97.6493 0.0719571 0.987256 -0.142354 -10.1221 -0.997232 0.0678959 -0.0331937 111.476
-0.0220474 0.146726 0.989012 98.4969 0.0737012 0.986779 -0.144758 -10.2417 -0.997129 0.0696927 -0.0325629 111.453
-0.0222089 0.150226 0.988497 99.2602 0.0761025 0.98609 -0.148162 -10.3488 -0.996945 0.0719305 -0.0333287 111.444
-0.0212834 0.152692 0.988126 100.135 0.074007 0.985858 -0.150754 -10.4852 -0.997124 0.0699126 -0.0322759 111.429
-0.0198447 0.15104 0.988423 101.012 0.0690804 0.986427 -0.14936 -10.5882 -0.997507 0.065311 -0.0300055 111.4
-0.0227412 0.150485 0.988434 101.83 0.0637172 0.986876 -0.148788 -10.7183 -0.997802 0.0595898 -0.0320243 111.451
-0.0227846 0.152029 0.988208 102.654 0.0607776 0.986813 -0.150425 -10.8392 -0.997986 0.0566283 -0.0317199 111.412
-0.0250219 0.156252 0.987486 103.494 0.0576519 0.986354 -0.154618 -10.9932 -0.998117 0.0530551 -0.0336817 111.4
-0.0239848 0.159129 0.987062 104.323 0.057367 0.985903 -0.15756 -11.1236 -0.99816 0.0528406 -0.0327712 111.349
-0.0220113 0.161596 0.986698 105.168 0.0570307 0.985509 -0.160135 -11.2386 -0.998223 0.0527407 -0.0309013 111.293
-0.0212274 0.161466 0.986745 105.996 0.0581955 0.985458 -0.160015 -11.3822 -0.998173 0.0540224 -0.0303112 111.258
-0.0212007 0.163588 0.986389 106.849 0.059101 0.985064 -0.162105 -11.5138 -0.998121 0.0548529 -0.0305456 111.227
-0.0227967 0.166149 0.985932 107.664 0.0594796 0.98463 -0.164567 -11.6707 -0.998063 0.0548862 -0.0323247 111.213
-0.0247603 0.169323 0.985338 108.48 0.0600986 0.984083 -0.167605 -11.7909 -0.99798 0.0550606 -0.0345352 111.212
-0.0260713 0.171416 0.984951 109.293 0.0607954 0.983698 -0.169601 -11.9139 -0.997905 0.0554538 -0.0360632 111.196
-0.0269614 0.174477 0.98438 110.051 0.0653254 0.982914 -0.172436 -12.003 -0.997594 0.0596487 -0.0378912 111.175
-0.0287001 0.176146 0.984044 110.848 0.0663552 0.982576 -0.173961 -12.1511 -0.997479 0.0602983 -0.0398837 111.13
-0.0315605 0.179273 0.983382 111.643 0.0660921 0.982066 -0.17692 -12.2995 -0.997409 0.0594028 -0.0428354 111.092
-0.0349295 0.180788 0.983003 112.431 0.0643098 0.981932 -0.17832 -12.4534 -0.997415 0.0569827 -0.04592 111.058
-0.0370367 0.180632 0.982942 113.208 0.0657463 0.9819 -0.177971 -12.6101 -0.997244 0.0580262 -0.0482342 111.016
-0.0394158 0.179815 0.983011 113.98 0.06719 0.981988 -0.176946 -12.7562 -0.997059 0.0590684 -0.0507824 110.973
-0.0412492 0.180413 0.982814 114.758 0.0693045 0.981772 -0.177321 -12.9134 -0.996837 0.0607917 -0.0529925 110.926
-0.0435223 0.185981 0.98169 115.537 0.0656045 0.980994 -0.182953 -13.0656 -0.996995 0.0564353 -0.0548909 110.899
-0.0453389 0.193065 0.980227 116.299 0.0632467 0.979797 -0.190062 -13.2249 -0.997062 0.0533721 -0.0566251 110.863
-0.0452705 0.195251 0.979809 117.033 0.0682368 0.979091 -0.191968 -13.3711 -0.996741 0.058163 -0.0576416 110.786
-0.0445648 0.193694 0.98014 117.815 0.0695606 0.979309 -0.190375 -13.5317 -0.996676 0.0596879 -0.0571077 110.686
-0.0481398 0.186453 0.981384 118.591 0.0689031 0.980767 -0.182968 -13.6916 -0.99656 0.0588069 -0.0600554 110.649
-0.049582 0.184896 0.981598 119.35 0.0679866 0.981126 -0.18138 -13.8453 -0.996549 0.0577353 -0.0612078 110.596
-0.0493296 0.189122 0.980816 120.115 0.0672512 0.980374 -0.185668 -13.983 -0.996617 0.0567966 -0.0610744 110.524
-0.0514337 0.193232 0.979895 120.86 0.0655437 0.979706 -0.189761 -14.1309 -0.996618 0.054459 -0.0630461 110.471
-0.0522359 0.198292 0.978853 121.617 0.0668466 0.978648 -0.194697 -14.2488 -0.996495 0.0552571 -0.06437 110.414
-0.052134 0.202703 0.977943 122.346 0.0717755 0.977477 -0.198787 -14.3982 -0.996152 0.0598217 -0.0654998 110.342
-0.0543193 0.207883 0.976748 123.08 0.0724196 0.976396 -0.203795 -14.5449 -0.995995 0.0596595 -0.068086 110.295
-0.0583512 0.213314 0.975332 123.82 0.0721126 0.975319 -0.209004 -14.6609 -0.995783 0.0581312 -0.072284 110.269
-0.0606548 0.21131 0.97564 124.549 0.072488 0.97575 -0.206842 -14.8238 -0.995625 0.0581701 -0.0744951 110.217
-0.0639997 0.208668 0.975984 125.23 0.0778415 0.976026 -0.20358 -14.9692 -0.995005 0.0629358 -0.0786983 110.158
-0.0692219 0.20757 0.975873 125.953 0.0805833 0.976145 -0.201927 -15.1326 -0.994444 0.0646547 -0.0842904 110.092
-0.0752962 0.206158 0.975712 126.689 0.0802451 0.976541 -0.200148 -15.3033 -0.994023 0.0632184 -0.0900622 110.027
-0.0847552 0.205724 0.975038 127.422 0.080602 0.976726 -0.199089 -15.4794 -0.993239 0.06171 -0.0993566 109.968
-0.0957432 0.206543 0.973836 128.134 0.0813195 0.976655 -0.199154 -15.637 -0.992175 0.0601172 -0.110292 109.892
-0.105181 0.207929 0.972578 128.854 0.0835463 0.976351 -0.199716 -15.7857 -0.99104 0.060243 -0.120056 109.762
-0.117913 0.2087 0.970941 129.546 0.0862783 0.976187 -0.199358 -15.9383 -0.989367 0.0602567 -0.133098 109.666
-0.129375 0.20907 0.969411 130.248 0.0911691 0.975951 -0.198329 -16.0835 -0.987499 0.0627151 -0.145314 109.553
-0.140285 0.210659 0.967537 130.951 0.09658 0.975422 -0.198381 -16.2066 -0.985488 0.0656072 -0.157167 109.44
-0.149917 0.21115 0.965994 131.649 0.102182 0.975069 -0.197291 -16.3512 -0.983508 0.069123 -0.167743 109.315
-0.157013 0.2104 0.965021 132.354 0.109522 0.974791 -0.19472 -16.5192 -0.981604 0.0751091 -0.176082 109.167
-0.163204 0.208441 0.96443 133.057 0.115722 0.974787 -0.191113 -16.6973 -0.979889 0.0804073 -0.183198 109.011
-0.169828 0.209083 0.963136 133.769 0.116918 0.974671 -0.190981 -16.845 -0.978614 0.0801654 -0.189955 108.874
-0.177007 0.205544 0.962616 134.433 0.119527 0.975264 -0.186282 -17.0119 -0.977032 0.0820774 -0.197183 108.769
-0.176756 0.202162 0.963368 135.098 0.125763 0.97536 -0.181614 -17.1521 -0.976288 0.0890452 -0.197808 108.598
-0.175704 0.200561 0.963903 135.796 0.132198 0.975032 -0.178793 -17.2866 -0.975634 0.0960029 -0.197816 108.43
-0.175658 0.198729 0.964283 136.428 0.135218 0.975064 -0.176329 -17.4199 -0.975222 0.0994044 -0.198132 108.298
-0.174396 0.204763 0.963259 137.13 0.137683 0.973667 -0.182063 -17.5525 -0.97511 0.100864 -0.197982 108.156
-0.172796 0.208829 0.962665 137.8 0.136564 0.97297 -0.186562 -17.6789 -0.975545 0.0992183 -0.196627 108.017
-0.170618 0.209062 0.963014 138.472 0.13858 0.972676 -0.186623 -17.8093 -0.975652 0.101604 -0.194913 107.866
-0.168071 0.207732 0.963739 139.134 0.140157 0.972713 -0.185235 -17.9418 -0.975861 0.103932 -0.192583 107.725
-0.164503 0.204217 0.965116 139.783 0.140766 0.973246 -0.18196 -18.0894 -0.97639 0.105912 -0.188835 107.569
-0.157467 0.204205 0.96628 140.494 0.143117 0.97284 -0.18228 -18.2327 -0.977199 0.109577 -0.182399 107.427
-0.159131 0.207531 0.965311 141.093 0.142893 0.972269 -0.185488 -18.3554 -0.976971 0.108409 -0.184359 107.369
-0.155445 0.209421 0.965492 141.745 0.143645 0.971739 -0.18766 -18.4897 -0.977447 0.109506 -0.181117 107.264
-0.151976 0.207733 0.966424 142.349 0.142855 0.97208 -0.186503 -18.6293 -0.978115 0.109704 -0.177396 107.155
-0.145654 0.2053 0.967901 142.989 0.142086 0.972497 -0.184904 -18.7734 -0.979182 0.110582 -0.170802 107.034
-0.141563 0.202616 0.969087 143.61 0.139417 0.973221 -0.183132 -18.9207 -0.980173 0.109172 -0.166007 106.931
-0.137025 0.202643 0.96972 144.242 0.138979 0.973168 -0.183737 -19.0466 -0.980872 0.109583 -0.161496 106.828
-0.133837 0.20114 0.970491 144.867 0.138905 0.973392 -0.182604 -19.1791 -0.98133 0.110356 -0.158203 106.741
-0.128888 0.198629 0.971665 145.469 0.14194 0.973407 -0.180169 -19.3056 -0.981552 0.114685 -0.153639 106.637
-0.124905 0.197115 0.972506 146.079 0.142709 0.973511 -0.179007 -19.4278 -0.981962 0.116415 -0.149715 106.542
-0.122174 0.196384 0.972988 146.678 0.140348 0.973864 -0.178949 -19.5473 -0.98264 0.114682 -0.146529 106.459
-0.116973 0.197647 0.973385 147.305 0.137758 0.973819 -0.181199 -19.6833 -0.983646 0.112886 -0.141127 106.356
-0.111301 0.201496 0.973247 147.896 0.138561 0.972878 -0.185585 -19.7945 -0.984185 0.114188 -0.136188 106.271
-0.104787 0.205448 0.973157 148.487 0.139867 0.971815 -0.190122 -19.905 -0.984721 0.116179 -0.130558 106.187
-0.0980902 0.207402 0.973428 149.064 0.137882 0.971509 -0.193111 -20.0153 -0.985684 0.115265 -0.123879 106.119
-0.0889088 0.205462 0.974734 149.644 0.133142 0.972232 -0.192808 -20.1528 -0.987212 0.112625 -0.113786 106.047
-0.0803588 0.203595 0.975855 150.234 0.130975 0.972653 -0.192154 -20.2854 -0.988229 0.11236 -0.104815 106.031
-0.0712441 0.20235 0.976834 150.804 0.129904 0.972817 -0.192062 -20.4137 -0.989075 0.113201 -0.0955853 106.034
-0.0598253 0.199147 0.978246 151.361 0.12618 0.973612 -0.1905 -20.5694 -0.990308 0.112028 -0.0833649 106.019
-0.0460711 0.19855 0.979123 151.926 0.123531 0.973725 -0.191662 -20.6952 -0.991382 0.112111 -0.069381 106.019
-0.0271142 0.198043 0.979923 152.502 0.119185 0.973894 -0.19354 -20.8204 -0.992609 0.111533 -0.0500023 105.996
-0.00672152 0.195497 0.980798 153.046 0.113455 0.974588 -0.1935 -20.9644 -0.993631 0.109965 -0.0287267 105.992
0.014547 0.194319 0.980934 153.597 0.106234 0.975148 -0.194761 -21.0998 -0.994341 0.10703 -0.00645302 106.007
