0.999999 0.000695279 0.00119154 0.00614928 -0.000694481 0.999999 -0.000713862 -0.0238233 -0.00119212 0.000712988 0.999998 1.23672
0.999997 0.000386224 0.00213323 0.0107911 -0.000385509 0.999999 -0.000340301 -0.0461689 -0.00213336 0.000339495 0.999997 2.47655
0.999996 -0.000399973 0.00248409 0.0139154 0.000398285 1 0.000648776 -0.0768105 -0.00248442 -0.000647804 0.999997 3.69767
0.999994 -0.000758581 0.00340235 0.0104902 0.000757954 0.999999 0.000200763 -0.0935118 -0.00340249 -0.000198108 0.999994 4.92986
0.99999 -0.00117804 0.00431842 0.00078445 0.00117614 0.999999 0.000426577 -0.115909 -0.00431911 -0.000421536 0.99999 6.14311
0.999989 -0.000561687 0.00460609 -0.00150634 0.000563355 0.999999 -0.000336098 -0.140823 -0.00460582 0.0003388 0.999989 7.33854
0.999991 -0.00127166 0.00406792 0.0117689 0.00127495 0.999999 -0.000763645 -0.162365 -0.00406681 0.000768682 0.999992 8.54365
0.999979 -0.00400501 0.00499224 0.005307 0.00401329 0.999991 -0.00164142 -0.157124 -0.00498547 0.00166154 0.999987 9.72814
0.999976 -0.00507748 0.0048915 -0.0128719 0.00508232 0.999987 -0.000936444 -0.178932 -0.00488656 0.000961122 0.999988 10.9404
0.999973 -0.00671789 0.00339684 -0.034286 0.00672667 0.999974 -0.00252284 -0.186373 -0.00337962 0.00254566 0.999992 12.1684
0.999981 -0.00621916 0.00134856 -0.0427814 0.00622645 0.999968 -0.0053146 -0.174447 -0.00131545 0.00532271 0.999986 13.3929
0.999984 -0.00603605 6.79034e-05 -0.0544547 0.0060365 0.999971 -0.00468145 -0.22096 -3.93868e-05 0.00468184 0.999991 14.6107
0.999991 -0.00451341 0.000188182 -0.0780109 0.00451446 0.999981 -0.00462695 -0.251796 -0.000167283 0.00462759 0.999991 15.8351
0.999982 -0.00623535 -7.94014e-05 -0.101912 0.0062351 0.999967 -0.0052085 -0.283047 0.00011215 0.00520795 0.999989 17.0371
0.999981 -0.00629686 -0.000512968 -0.112011 0.00629483 0.999973 -0.00424039 -0.316985 0.000539681 0.00423685 0.999993 18.2666
0.999982 -0.00621712 -0.00117745 -0.118042 0.00621218 0.999971 -0.00433774 -0.339164 0.00120462 0.00433034 0.999992 19.5029
0.999984 -0.00606228 -0.000437939 -0.151924 0.00606069 0.999977 -0.00412753 -0.381932 0.000462939 0.00412452 0.999996 20.7081
0.999985 -0.00586405 -0.00114544 -0.162746 0.00585891 0.999972 -0.00479639 -0.411735 0.00117385 0.00478934 0.999992 21.9124
0.999981 -0.00634926 0.0017611 -0.320018 0.00633871 0.999965 0.00613786 -0.610719 -0.00179998 -0.00612706 0.999985 23.0084
0.999979 -0.00711746 -6.86976e-05 -0.300812 0.00711783 0.999949 0.00735393 -0.643145 1.70348e-05 -0.00735457 0.99998 24.2192
0.999979 -0.00692615 -7.51471e-05 -0.333398 0.00692688 0.999953 0.00727373 -0.665613 2.47492e-05 -0.00727452 0.999979 25.4245
0.999982 -0.00656202 0.000278859 -0.361465 0.00655941 0.999942 0.00854371 -0.685109 -0.000334285 -0.00854206 0.999971 26.6525
0.99997 -0.00810372 -0.00141812 -0.351059 0.00811866 0.999917 0.0106587 -0.69958 0.00133164 -0.0106703 0.99995 27.9012
0.999967 -0.00825506 -0.00194595 -0.386813 0.0082754 0.999909 0.0107238 -0.710994 0.00185792 -0.0107399 0.999948 29.0947
0.999959 -0.0088274 -0.00368703 -0.383959 0.00886427 0.999917 0.0100085 -0.719037 0.0035984 -0.0100413 0.999951 30.3159
0.99994 -0.0101206 -0.00520837 -0.388562 0.0101626 0.999915 0.0081024 -0.712785 0.00512665 -0.00815514 0.999961 31.5442
0.999946 -0.00915757 -0.00578176 -0.409371 0.00920475 0.999929 0.00810593 -0.72576 0.00570712 -0.00815917 0.999958 32.7481
0.999925 -0.0104252 -0.00711584 -0.420349 0.0104764 0.999919 0.00720622 -0.721729 0.00704089 -0.00728049 0.999957 33.9688
0.999913 -0.010876 -0.00816156 -0.43327 0.0109429 0.99991 0.0081488 -0.742381 0.00807215 -0.0082379 0.999941 35.1865
0.999898 -0.0110484 -0.00968857 -0.437251 0.0111542 0.999878 0.0109507 -0.842711 0.00956721 -0.011058 0.999902 36.3667
0.999882 -0.0112112 -0.0111735 -0.45322 0.0113436 0.999868 0.0118172 -0.872983 0.0110396 -0.011943 0.999876 37.5509
0.999846 -0.0108394 -0.014213 -0.405455 0.0110393 0.99984 0.0140775 -0.925702 0.0140589 -0.0142326 0.999808 38.8366
0.999837 -0.010113 -0.0155075 -0.409002 0.0103698 0.999812 0.0165421 -0.952642 0.0153375 -0.0167007 0.999754 40.0492
0.999828 -0.00971487 -0.0161476 -0.425137 0.0100105 0.999781 0.0183362 -0.971109 0.0159668 -0.0184951 0.999709 41.3082
0.999833 -0.00891704 -0.0164516 -0.453125 0.00922906 0.99978 0.0189596 -0.990651 0.0162791 -0.0191087 0.999696 42.5193
0.999836 -0.00796042 -0.0166067 -0.486779 0.00829362 0.999764 0.0201029 -1.00714 0.0164436 -0.0202377 0.999668 43.7389
0.999847 -0.00560707 -0.0170575 -0.508509 0.00599002 0.999732 0.0224489 -1.01152 0.0169271 -0.022548 0.999616 44.9635
0.999861 -0.00514452 -0.0162829 -0.529684 0.00557385 0.999635 0.0264393 -1.01901 0.0161418 -0.0265268 0.999527 46.1819
0.999884 -0.00497974 -0.0149172 -0.555329 0.00542386 0.999542 0.0298384 -1.01511 0.0147618 -0.0299163 0.999456 47.405
0.999905 -0.00496471 -0.0133918 -0.584983 0.00542252 0.999395 0.0343826 -1.01404 0.0132138 -0.0344526 0.999328 48.6429
0.99992 -0.00485871 -0.0124009 -0.6094 0.00531085 0.999316 0.0366413 -1.00371 0.0122143 -0.0367046 0.999265 49.8466
0.999934 -0.00651801 -0.0103771 -0.64285 0.00688876 0.999324 0.0361433 -0.992168 0.0101355 -0.0362129 0.999304 51.0627
0.999892 -0.0102929 -0.0113674 -0.669529 0.0107229 0.999209 0.0384012 -1.0623 0.0109631 -0.0385192 0.999213 52.2116
0.999923 -0.00914457 -0.00931337 -0.725454 0.00950075 0.999194 0.0390035 -1.04955 0.00895017 -0.0390896 0.999205 53.3812
0.999929 -0.00937197 -0.00857035 -0.756529 0.00969903 0.999199 0.0389148 -1.03964 0.00819886 -0.0389955 0.99922 54.6241
0.999921 -0.0105966 -0.0079111 -0.792321 0.0108899 0.999216 0.0380695 -1.0396 0.00750251 -0.0381533 0.999253 55.8242
0.999907 -0.0108815 -0.00923625 -0.814638 0.0112376 0.999164 0.039392 -1.02551 0.00880002 -0.0394925 0.999198 57.0565
0.99984 -0.0150542 -0.0105453 -0.84958 0.0154583 0.999104 0.0394093 -1.00623 0.00994369 -0.0395665 0.999178 58.2517
0.999846 -0.0150482 -0.0100223 -0.900613 0.0154394 0.999078 0.0401394 -0.98882 0.00940908 -0.0402882 0.999159 59.4683
0.999836 -0.014898 -0.0112128 -0.913205 0.0153227 0.999129 0.0388384 -0.949816 0.0106255 -0.0390043 0.999194 60.7352
0.999841 -0.0140421 -0.0118747 -0.936474 0.0145087 0.999091 0.0401385 -0.944123 0.0113004 -0.0403046 0.999138 61.9402
0.999825 -0.0145158 -0.0126259 -0.95114 0.0149999 0.99912 0.0391686 -0.914468 0.0120474 -0.0393515 0.999164 63.1618
0.999786 -0.0163799 -0.0134372 -0.96588 0.0168683 0.999175 0.03706 -0.87698 0.0128192 -0.0372789 0.99924 64.3879
0.999646 -0.0215188 -0.0163321 -0.977753 0.022105 0.999084 0.0366428 -0.868201 0.0155297 -0.0369912 0.999206 65.5854
0.99963 -0.0224575 -0.0160371 -1.0248 0.0230495 0.999025 0.0377273 -0.843477 0.0151745 -0.0380831 0.999177 66.7975
0.999667 -0.0218018 -0.0146462 -1.07303 0.0223142 0.99911 0.035821 -0.824532 0.0138532 -0.0361362 0.999264 68.0136
0.999716 -0.0218098 -0.0108459 -1.16404 0.0221325 0.999291 0.0305637 -0.740835 0.010172 -0.0307951 0.999494 69.2471
0.99976 -0.0198275 -0.0104971 -1.20463 0.0201435 0.999319 0.0309593 -0.72393 0.00987707 -0.0311636 0.999479 70.4557
0.99972 -0.0215115 -0.0109961 -1.22569 0.0218748 0.999185 0.0340501 -0.769489 0.0102549 -0.0342814 0.999382 71.6472
0.999704 -0.0228191 -0.009758 -1.26151 0.0231758 0.999003 0.0382106 -0.817286 0.00887731 -0.0384258 0.999236 72.8733
0.999729 -0.0223895 -0.00814905 -1.2953 0.0227007 0.998932 0.0403234 -0.806998 0.00723791 -0.0404977 0.999176 74.0799
0.999788 -0.020199 -0.00629277 -1.31041 0.0204429 0.998931 0.0415691 -0.786773 0.00544727 -0.0416893 0.999131 75.2805
0.99976 -0.0221579 -0.0041084 -1.31621 0.0223031 0.998977 0.0394699 -0.764323 0.00322996 -0.0395522 0.999234 76.488
0.999689 -0.0253318 -0.00289791 -1.30717 0.0254151 0.999104 0.034001 -0.73937 0.0020349 -0.0340644 0.999434 77.7026
0.999727 -0.0239888 -0.000851197 -1.31313 0.024004 0.999104 0.0350219 -0.730617 1.04776e-05 -0.035033 0.999407 78.8896
0.99968 -0.0257925 0.00175558 -1.31385 0.0257045 0.998923 0.0387658 -0.709968 -0.00275261 -0.0387085 0.999263 80.0726
0.999778 -0.0202587 0.00815528 -1.34912 0.0199352 0.999085 0.037972 -0.670983 -0.00891606 -0.0378008 0.999268 81.2595
0.999812 -0.0167669 0.0111244 -1.31949 0.0163831 0.999305 0.0336827 -0.618501 -0.0116804 -0.0334944 0.999388 82.4621
0.999806 -0.0141994 0.0149601 -1.30374 0.0137724 0.999512 0.0282832 -0.578783 -0.0153532 -0.0280713 0.999512 83.6384
0.999683 -0.0146036 0.0211872 -1.30921 0.0141707 0.999696 0.0204158 -0.518597 -0.0214779 -0.0201093 0.999584 84.7882
0.999496 -0.0220707 0.023649 -1.2791 0.0215764 0.999555 0.0209673 -0.520341 -0.0241 -0.0204461 0.999525 85.9539
0.999373 -0.0228541 0.0275847 -1.25666 0.0222441 0.999513 0.0221909 -0.505533 -0.0280776 -0.0215637 0.999391 87.1269
0.999195 -0.0196911 0.0355314 -1.27668 0.0187779 0.999498 0.0258672 -0.555053 -0.0360217 -0.0251787 0.999059 88.2909
0.999128 -0.0203112 0.036909 -1.2098 0.0194865 0.999564 0.0225431 -0.530824 -0.0373497 -0.0218045 0.999086 89.4728
0.999092 -0.0194093 0.0384491 -1.15031 0.0185479 0.99958 0.0226476 -0.555506 -0.0388713 -0.0219135 0.99903 90.6221
0.998773 -0.0310017 0.0390036 -1.1156 0.0301181 0.99929 0.0230175 -0.578028 -0.0396883 -0.0218149 0.998996 91.7534
0.998488 -0.0359062 0.0421289 -1.17554 0.0349105 0.999107 0.0241458 -0.637575 -0.0429568 -0.0226381 0.998847 92.8489
0.998444 -0.0376934 0.0414815 -1.07027 0.0367315 0.999054 0.0236908 -0.603909 -0.0423339 -0.0221307 0.99888 94.0016
0.998333 -0.0393948 0.0426684 -1.01144 0.0383169 0.998942 0.0257975 -0.606716 -0.0436377 -0.0241191 0.998786 95.1816
0.997954 -0.0479749 0.0426916 -0.947423 0.0471813 0.998706 0.0193826 -0.497389 -0.0435649 -0.017329 0.998921 96.4031
0.99802 -0.0467971 0.0425559 -0.867762 0.0459595 0.998745 0.0204557 -0.549576 -0.0434576 -0.0184591 0.998916 97.5369
0.997891 -0.0483752 0.0437013 -0.811522 0.0477221 0.998743 0.015848 -0.523726 -0.0444115 -0.0137293 0.99894 98.7167
0.997906 -0.0480072 0.043855 -0.751823 0.0474777 0.998799 0.013039 -0.52102 -0.0444261 -0.0109295 0.998982 99.8974
0.998036 -0.0434183 0.0455692 -0.642086 0.0429158 0.999017 0.0119302 -0.45617 -0.0460404 -0.00995145 0.998912 101.154
0.99809 -0.0449884 0.0428792 -0.612754 0.0446894 0.99898 0.00791087 -0.384765 -0.0431884 -0.00597956 0.999079 102.233
0.998231 -0.0468771 0.0371169 -0.493576 0.0466047 0.998892 0.00813941 -0.375605 -0.0374544 -0.00639589 0.999304 103.4
0.998298 -0.0472297 0.0348742 -0.351718 0.046955 0.998872 0.00866597 -0.356002 -0.0352402 -0.00701423 0.999389 104.81
0.998433 -0.046571 0.0317522 -0.302043 0.046306 0.998899 0.00900434 -0.347513 -0.0321328 -0.00752096 0.999485 106.004
0.998502 -0.0471361 0.0286292 -0.248613 0.0469057 0.998874 0.00867884 -0.346448 -0.0290018 -0.00732354 0.99959 107.267
0.998654 -0.0475551 0.0218832 -0.232115 0.0474092 0.998863 0.00711378 -0.336147 -0.0221922 -0.00606809 0.999767 108.348
0.998774 -0.0475539 0.0154798 -0.192929 0.0474329 0.998855 0.00811926 -0.382132 -0.0158434 -0.00737579 0.999887 109.536
0.998883 -0.0465462 0.0107541 -0.156252 0.046444 0.99889 0.00950892 -0.39971 -0.0111802 -0.00900025 0.99993 110.796
0.999007 -0.0443989 0.00809723 -0.177747 0.0443053 0.998967 0.0114504 -0.439733 -0.00859251 -0.011081 0.999941 112.085
0.999038 -0.0444068 0.0019072 -0.185066 0.0443771 0.998942 0.0132518 -0.476397 -0.00248892 -0.0131559 0.999945 113.293
0.999033 -0.0444607 -0.00317726 -0.222369 0.0444857 0.998991 0.00823277 -0.353665 0.00281326 -0.00836708 1 114.484
0.999134 -0.0414375 -0.00797109 -0.302176 0.0414893 0.999133 0.00654266 -0.295708 0.00769795 -0.00686923 0.999979 115.731
0.999134 -0.0403869 -0.0125117 -0.405005 0.0404769 0.999171 0.00698851 -0.308668 0.0122246 -0.00748995 0.999939 116.929
0.99908 -0.0398993 -0.0172622 -0.435964 0.0400149 0.999194 0.00644612 -0.324069 0.0169966 -0.00713252 0.999863 118.332
0.999033 -0.0394675 -0.0208804 -0.512877 0.0395667 0.999224 0.0043236 -0.294466 0.0206991 -0.0051469 0.999818 119.54
0.999065 -0.0351246 -0.0262523 -0.499355 0.0352759 0.99938 0.00533698 -0.324324 0.026054 -0.00625979 0.999676 120.803
0.998991 -0.0329672 -0.0314892 -0.502892 0.0331412 0.999454 0.00500315 -0.353907 0.0313128 -0.00604295 0.999538 121.997
0.998929 -0.0326594 -0.0335989 -0.520471 0.0328181 0.999469 0.00418808 -0.353911 0.0334497 -0.00528802 0.999464 123.304
0.998945 -0.0308964 -0.0348949 -0.586535 0.0310665 0.999525 0.00432256 -0.360574 0.0347506 -0.0054033 0.999429 124.619
0.999054 -0.0282924 -0.0338709 -0.700959 0.0284892 0.999598 0.00534689 -0.380514 0.0337114 -0.00630848 0.999451 125.924
0.999115 -0.0282735 -0.0321636 -0.809189 0.0284632 0.999597 0.00542935 -0.384936 0.0320028 -0.00634133 0.999516 127.166
0.999226 -0.0238061 -0.0321781 -0.876684 0.0240314 0.999707 0.00664084 -0.382716 0.0320159 -0.00741071 0.9995 128.383
0.99912 -0.0236542 -0.0355579 -0.890733 0.0239734 0.999694 0.00855471 -0.3704 0.0353502 -0.00940083 0.999381 129.588
0.999046 -0.0254582 -0.036289 -0.948596 0.0257339 0.999663 0.00715765 -0.369763 0.0361 -0.00808652 0.999357 130.907
0.999048 -0.0257628 -0.0360982 -1.02539 0.0259901 0.999662 0.00581944 -0.385247 0.0359417 -0.00675339 0.999378 132.213
0.998872 -0.0297298 -0.0378364 -1.07401 0.0299792 0.999553 0.00604858 -0.382676 0.037645 -0.00717788 0.999307 133.511
0.998672 -0.0321954 -0.040976 -1.10259 0.0325597 0.999453 0.00823716 -0.400354 0.0406938 -0.00956165 0.999176 134.784
0.998529 -0.0351356 -0.042046 -1.15242 0.035618 0.999329 0.0107891 -0.421575 0.0416441 -0.0122727 0.999099 136.07
0.998398 -0.0364847 -0.0439807 -1.18906 0.0370692 0.999252 0.0125321 -0.442247 0.0434959 -0.0141435 0.999005 137.352
0.998217 -0.0403248 -0.0446935 -1.23859 0.0409023 0.999111 0.012095 -0.470099 0.0441714 -0.0139034 0.998968 138.636
0.998026 -0.0432987 -0.0461845 -1.28608 0.0438455 0.998998 0.0108768 -0.474794 0.0456725 -0.0128816 0.998927 139.942
0.997916 -0.0444007 -0.0474878 -1.335 0.0449498 0.998954 0.0105675 -0.481252 0.0469743 -0.0126819 0.998857 141.234
0.997923 -0.0440848 -0.0476719 -1.39814 0.0446542 0.998961 0.0109257 -0.485546 0.047146 -0.013033 0.998857 142.516
0.997821 -0.0442918 -0.0495352 -1.44131 0.0449835 0.998926 0.0129532 -0.4935 0.0489138 -0.0151556 0.99873 143.81
0.997603 -0.0425882 -0.055157 -1.44087 0.0434432 0.998972 0.0143829 -0.50143 0.054493 -0.0167459 0.998427 145.038
0.997707 -0.0424401 -0.0533737 -1.54262 0.0431979 0.999002 0.0131389 -0.509387 0.0527683 -0.0154166 0.998533 146.336
0.997704 -0.0408332 -0.0546717 -1.57621 0.0415189 0.999092 0.0114525 -0.515931 0.0541597 -0.0136975 0.998494 147.561
0.99768 -0.0412555 -0.0548003 -1.65004 0.0418007 0.999108 0.00885289 -0.527864 0.0543919 -0.0111252 0.998503 148.883
0.997606 -0.0426607 -0.0550806 -1.7189 0.0429956 0.999083 0.00489678 -0.543995 0.0548265 -0.00725475 0.998527 150.176
0.997601 -0.0432345 -0.0546972 -1.79434 0.0433411 0.999081 0.000777196 -0.564783 0.054619 -0.00314807 0.998547 151.466
0.997554 -0.0435101 -0.0553394 -1.86986 0.0435896 0.999069 0.00021531 -0.595013 0.0552838 -0.00262848 0.998523 152.769
0.997473 -0.0436293 -0.0566926 -1.93294 0.0437222 0.999064 0.000409131 -0.615713 0.0566274 -0.00288888 0.998437 154.049
0.997364 -0.0434516 -0.0587142 -1.98764 0.0436239 0.999067 0.00164243 -0.662056 0.0585931 -0.00420088 0.99833 155.355
0.997325 -0.0431923 -0.059556 -2.06094 0.0434157 0.999074 0.0024697 -0.679081 0.0593999 -0.00505088 0.998267 156.631
0.997229 -0.043075 -0.0612576 -2.12972 0.043334 0.999076 0.00289252 -0.698138 0.0610815 -0.00554049 0.998174 157.918
0.997043 -0.0440575 -0.0635247 -2.19844 0.044499 0.999014 0.00555843 -0.809573 0.0632229 -0.00837095 0.998011 159.171
0.996909 -0.0440685 -0.065594 -2.27723 0.0446775 0.998993 0.00783827 -0.863722 0.0651873 -0.010746 0.997873 160.396
0.996703 -0.0444167 -0.0684408 -2.34401 0.0451758 0.998953 0.00958992 -0.888539 0.067949 -0.0126522 0.997657 161.695
0.996753 -0.0438379 -0.0680766 -2.46447 0.0446927 0.998961 0.0110787 -0.924159 0.0675249 -0.0140865 0.997678 163.042
0.996572 -0.0434564 -0.0709166 -2.53319 0.0442503 0.998995 0.00966994 -0.928745 0.070431 -0.0127769 0.997482 164.299
0.996604 -0.0436556 -0.0703443 -2.65187 0.0443623 0.999001 0.00851076 -0.941015 0.0699071 -0.0116039 0.997547 165.581
0.996887 -0.0484859 -0.062758 -2.79687 0.0491725 0.998767 0.00945391 -0.981218 0.0622278 -0.0125125 0.998031 166.758
0.996518 -0.0505335 -0.0668816 -2.83332 0.05114 0.998686 0.0073875 -0.973741 0.0664249 -0.0107836 0.997796 168.088
0.99642 -0.0508708 -0.0680705 -2.92697 0.0513919 0.998683 0.00593401 -0.982228 0.0676846 -0.00941315 0.997711 169.394
0.996222 -0.0506687 -0.0710633 -2.99308 0.0512566 0.998687 0.00647408 -1.00223 0.0706461 -0.0100936 0.997514 170.666
0.996133 -0.0506225 -0.072344 -3.08844 0.0513396 0.998671 0.00809404 -1.02391 0.0718436 -0.0117789 0.997396 171.96
0.99601 -0.0514407 -0.0734554 -3.18875 0.0521011 0.998641 0.00709993 -1.01852 0.0729947 -0.0109003 0.997338 173.245
0.995954 -0.0505386 -0.074825 -3.29214 0.051291 0.998673 0.00817629 -1.04673 0.0743183 -0.0119832 0.997214 174.528
0.995968 -0.0493055 -0.0754414 -3.41135 0.0500893 0.998731 0.00853007 -1.06704 0.0749294 -0.0122761 0.997178 175.795
0.996151 -0.0471947 -0.0744051 -3.55451 0.0479048 0.998845 0.00779506 -1.07886 0.0739572 -0.0113315 0.99725 177.113
0.995885 -0.0472173 -0.077848 -3.60028 0.0479673 0.998842 0.0077903 -1.10171 0.0773944 -0.011494 0.996999 178.386
0.99588 -0.0464984 -0.0783676 -3.7143 0.0473078 0.998868 0.00850971 -1.1216 0.0778892 -0.0121842 0.996941 179.68
0.995811 -0.0468757 -0.0789924 -3.82058 0.0476419 0.998857 0.00784017 -1.14641 0.0785391 -0.0115724 0.996908 180.982
0.995598 -0.0484488 -0.0807461 -3.90772 0.049184 0.998789 0.00714526 -1.17187 0.0803082 -0.0110874 0.996763 182.277
0.99535 -0.0515177 -0.0818624 -4.00083 0.0522455 0.998635 0.00677241 -1.17824 0.0814062 -0.0110197 0.996686 183.556
0.995227 -0.0505453 -0.0839748 -4.09082 0.0515915 0.998639 0.0103406 -1.19162 0.0833438 -0.0146258 0.996468 184.871
0.995119 -0.0509234 -0.0849976 -4.19214 0.0523253 0.998551 0.0143472 -1.19919 0.0841482 -0.0187265 0.996343 186.169
0.995176 -0.0494578 -0.0852342 -4.30316 0.0508015 0.998639 0.0136758 -1.20404 0.0844481 -0.017942 0.996322 187.423
0.995242 -0.047763 -0.0853921 -4.42001 0.0488545 0.998772 0.0107377 -1.2119 0.0847785 -0.0148601 0.996358 188.691
0.995171 -0.0481592 -0.0860592 -4.52543 0.0492136 0.998761 0.0101761 -1.24148 0.0854692 -0.0143643 0.996294 189.923
0.99537 -0.0468036 -0.0844537 -4.65317 0.0478184 0.998831 0.0100312 -1.24745 0.0838895 -0.0140248 0.996451 191.159
0.995492 -0.0458756 -0.0835692 -4.77093 0.0469413 0.998865 0.0108356 -1.25138 0.0829839 -0.0147116 0.9965 192.408
0.995693 -0.0454808 -0.0813293 -4.90299 0.0467179 0.998847 0.0133688 -1.26914 0.0806317 -0.0171124 0.996673 193.665
0.995574 -0.0461345 -0.0824487 -4.99687 0.047466 0.998797 0.0142641 -1.27954 0.0816982 -0.0181164 0.996551 194.953
0.995667 -0.0450949 -0.0818618 -5.09862 0.0462412 0.998884 0.0121557 -1.26062 0.0812265 -0.0158902 0.996645 196.207
0.9958 -0.0460533 -0.0797643 -5.21093 0.0470774 0.998857 0.0110079 -1.2719 0.0791731 -0.0147186 0.996811 197.449
0.99593 -0.0459452 -0.0781217 -5.3114 0.0469116 0.998871 0.0105748 -1.2968 0.077552 -0.0141983 0.996963 198.687
0.995946 -0.0467557 -0.0774728 -5.40546 0.0476722 0.998839 0.0100242 -1.30864 0.0769209 -0.0136788 0.997002 199.937
0.996083 -0.0464121 -0.0758733 -5.5054 0.0474151 0.998838 0.0114656 -1.32969 0.0752574 -0.0150199 0.997127 201.156
0.996194 -0.0478784 -0.0735221 -5.61251 0.0489995 0.998733 0.0135221 -1.33751 0.0727884 -0.0170751 0.997261 202.378
0.99619 -0.0473442 -0.0738631 -5.69795 0.0485232 0.998751 0.0142465 -1.34533 0.0731005 -0.017778 0.997244 203.6
0.996068 -0.0486714 -0.0746831 -5.79083 0.0503545 0.99854 0.0208198 -1.4732 0.0735674 -0.0245006 0.99705 204.734
0.996114 -0.0498465 -0.0732513 -5.88087 0.0519026 0.998332 0.026429 -1.58357 0.071816 -0.0301299 0.997042 205.965
0.996228 -0.0521333 -0.0701549 -6.02285 0.0543411 0.998096 0.0299324 -1.64034 0.0684681 -0.0336336 0.997146 207.144
0.996343 -0.0523199 -0.0682532 -6.13312 0.0545246 0.998064 0.0308383 -1.64796 0.0665121 -0.0344485 0.997269 208.392
0.99644 -0.0522984 -0.0669249 -6.2268 0.0544646 0.998058 0.0309561 -1.63542 0.0651831 -0.0344927 0.997337 209.591
0.996365 -0.0537516 -0.0667908 -6.30992 0.0558811 0.998 0.0304215 -1.61723 0.0650265 -0.0340448 0.997382 210.776
0.996286 -0.0537753 -0.0680506 -6.37129 0.0560098 0.99796 0.0313602 -1.60866 0.0662325 -0.0350571 0.99725 211.937
0.996189 -0.0548405 -0.0685135 -6.44766 0.0571517 0.997871 0.0322298 -1.60365 0.0666046 -0.0360242 0.997209 213.091
0.996003 -0.0556369 -0.0706459 -6.51483 0.0580232 0.997818 0.0321817 -1.5928 0.0687086 -0.0361541 0.997043 214.238
0.996016 -0.0550373 -0.0708413 -6.60441 0.0574307 0.997857 0.0321904 -1.59433 0.0689223 -0.0361321 0.997047 215.348
0.995929 -0.0555092 -0.0717942 -6.68816 0.0578167 0.997884 0.0304658 -1.57189 0.0699586 -0.0344945 0.997015 216.462
0.995963 -0.0545366 -0.0719724 -6.77268 0.0569305 0.997905 0.0316241 -1.57735 0.0701012 -0.0355954 0.996986 217.536
0.995769 -0.0554054 -0.0740596 -6.84771 0.0578181 0.997873 0.0308318 -1.5588 0.0722014 -0.0349851 0.996839 218.617
0.995561 -0.0560259 -0.0762891 -6.93235 0.05855 0.997824 0.031242 -1.54405 0.0743767 -0.0355714 0.996679 219.673
0.995981 -0.054853 -0.0715932 -7.19278 0.0578156 0.997549 0.0399766 -1.66958 0.0692323 -0.0439569 0.996696 220.584
0.995808 -0.0546103 -0.0740783 -7.27586 0.0578269 0.997474 0.0419713 -1.65525 0.0716031 -0.0460805 0.996454 221.673
0.995441 -0.0549813 -0.078673 -7.32127 0.0582811 0.99751 0.0402707 -1.61294 0.0762706 -0.0446738 0.996151 222.662
0.995149 -0.0549647 -0.0822261 -7.40332 0.0582371 0.997609 0.0379183 -1.56586 0.0799497 -0.0425246 0.995974 223.724
0.994873 -0.0548291 -0.0856796 -7.48589 0.0581202 0.997669 0.0363893 -1.52568 0.0834926 -0.041184 0.995721 224.712
0.994624 -0.0551867 -0.0882231 -7.58089 0.058769 0.997556 0.0385172 -1.54416 0.0858859 -0.0434963 0.995441 225.652
0.99432 -0.0548993 -0.0918399 -7.66556 0.0586259 0.997566 0.0383734 -1.5372 0.0895176 -0.0435411 0.995097 226.59
0.993947 -0.0552068 -0.0955431 -7.75055 0.0590008 0.997587 0.037333 -1.52049 0.0932553 -0.0427455 0.994812 227.499
0.993774 -0.0552479 -0.0973766 -7.85857 0.0590857 0.997592 0.0369669 -1.51519 0.0951078 -0.0424917 0.994624 228.379
0.993585 -0.0544449 -0.0996681 -7.95881 0.0584022 0.997627 0.037204 -1.51383 0.0974097 -0.0427873 0.994413 229.247
0.993369 -0.0546574 -0.101741 -8.06273 0.058648 0.997629 0.0366421 -1.50958 0.0995047 -0.0423674 0.994198 230.088
0.993177 -0.0534196 -0.104181 -8.1603 0.0575248 0.997694 0.0367831 -1.50267 0.101979 -0.0425263 0.993966 230.921
0.993227 -0.0524487 -0.104246 -8.25662 0.0565473 0.997747 0.0367468 -1.48696 0.102092 -0.0423942 0.993935 231.715
0.99328 -0.0523451 -0.103747 -8.35101 0.0565295 0.997712 0.0377868 -1.47721 0.101535 -0.0433988 0.993975 232.51
0.993381 -0.052153 -0.102927 -8.43789 0.0564506 0.997655 0.0392809 -1.47311 0.100645 -0.0448327 0.993976 233.263
0.993459 -0.0522137 -0.102087 -8.52328 0.0564758 0.997656 0.0392893 -1.46703 0.0997998 -0.0447988 0.994089 234.015
0.993529 -0.0537743 -0.100663 -8.61285 0.0579422 0.997584 0.0389362 -1.47795 0.0983342 -0.0445182 0.994223 234.749
0.993402 -0.0555217 -0.100883 -8.67763 0.0596109 0.997523 0.0379541 -1.4792 0.0985301 -0.0437186 0.994262 235.486
0.993717 -0.0581061 -0.0963077 -8.81735 0.0621649 0.9973 0.0396808 -1.51902 0.0937501 -0.04542 0.994625 236.164
0.993888 -0.0574042 -0.0948694 -8.89324 0.0615309 0.99728 0.0411335 -1.52188 0.0922546 -0.0467207 0.994725 236.888
0.994246 -0.0584156 -0.0904727 -9.0064 0.0624401 0.997176 0.0422997 -1.51742 0.0877541 -0.047707 0.995065 237.608
0.994199 -0.0585948 -0.090808 -9.0303 0.0624194 0.997278 0.0398384 -1.45314 0.0882309 -0.0452767 0.995158 238.326
0.994343 -0.0592428 -0.088861 -9.11047 0.0625017 0.997478 0.0343403 -1.3507 0.0866102 -0.0397015 0.995517 239.036
0.994296 -0.0598673 -0.0888769 -9.14411 0.0629288 0.997527 0.0320267 -1.3107 0.0867443 -0.0374384 0.995612 239.728
0.994461 -0.0595886 -0.0873007 -9.19684 0.062632 0.99753 0.0325331 -1.30175 0.0851543 -0.0378222 0.995715 240.441
0.994585 -0.0593627 -0.085953 -9.23 0.0625208 0.997471 0.0345011 -1.30794 0.0836922 -0.0396894 0.995787 241.188
0.994719 -0.0593317 -0.0844771 -9.26857 0.0626762 0.997352 0.0374925 -1.3366 0.0820365 -0.0425909 0.995785 241.903
0.995084 -0.0582427 -0.0807849 -9.33388 0.0615974 0.997336 0.0396441 -1.34716 0.0782658 -0.0444267 0.996027 242.612
0.995349 -0.0586627 -0.0772181 -9.39881 0.0619263 0.997279 0.0405589 -1.34662 0.0746363 -0.0451536 0.996255 243.297
0.995535 -0.0588397 -0.0745692 -9.44786 0.0620113 0.997259 0.0409246 -1.34151 0.0719618 -0.0453673 0.996461 244.03
0.995754 -0.0581263 -0.0722458 -9.49561 0.0610658 0.997389 0.0391514 -1.318 0.069789 -0.0433984 0.996684 244.719
0.995874 -0.0588329 -0.0698925 -9.54145 0.0616619 0.997357 0.0389986 -1.30448 0.0674186 -0.0431487 0.996876 245.441
0.996036 -0.057889 -0.0684594 -9.57976 0.0606994 0.99739 0.0396929 -1.28648 0.0659904 -0.0436924 0.99693 246.146
0.996183 -0.0577326 -0.0663216 -9.62602 0.0605241 0.997353 0.040845 -1.27252 0.0637932 -0.0447043 0.997046 246.854
0.996297 -0.0583756 -0.0641278 -9.67139 0.0610859 0.997308 0.0411288 -1.26109 0.0615618 -0.0448951 0.997161 247.579
0.996367 -0.058981 -0.0623351 -9.71373 0.0615035 0.997355 0.0393149 -1.24384 0.0598566 -0.0430072 0.997366 248.295
0.996502 -0.0586148 -0.0606545 -9.76022 0.0609499 0.997464 0.0373677 -1.22447 0.058318 -0.040935 0.997526 249.016
0.996402 -0.0616889 -0.0590798 -9.80641 0.0639206 0.997305 0.0366267 -1.21365 0.0566664 -0.0402725 0.997668 249.74
0.996172 -0.0654904 -0.0590185 -9.84884 0.0677073 0.997066 0.0363577 -1.20088 0.0564719 -0.0402158 0.997662 250.473
0.99295 -0.0951266 -0.0715402 -9.76541 0.0981042 0.994422 0.039315 -1.22693 0.067406 -0.0460573 0.996751 251.203
0.992895 -0.0976596 -0.0689448 -9.83815 0.100724 0.994031 0.0424535 -1.24463 0.0643947 -0.0490976 0.996784 251.876
0.992813 -0.0980934 -0.0694182 -9.88685 0.101107 0.99404 0.0412987 -1.2074 0.0649579 -0.0480216 0.996822 252.619
0.993011 -0.0971715 -0.0680016 -9.94343 0.0998773 0.994313 0.0375808 -1.16045 0.0639706 -0.0441111 0.997046 253.369
0.99323 -0.0977513 -0.063697 -9.99238 0.100739 0.993894 0.0454929 -1.32439 0.0588661 -0.0516026 0.99702 253.939
0.993195 -0.0988489 -0.0626882 -10.0509 0.10158 0.993964 0.0419748 -1.25002 0.0581681 -0.0480581 0.997219 254.72
0.993423 -0.0961042 -0.063217 -10.0986 0.0990933 0.994039 0.0459656 -1.22349 0.0584276 -0.0519284 0.99703 255.501
0.993618 -0.0944726 -0.0627403 -10.1669 0.0979775 0.993671 0.0553489 -1.25168 0.0571217 -0.0611439 0.996562 256.324
0.993356 -0.0966175 -0.0634895 -10.2067 0.100552 0.993021 0.0620023 -1.26234 0.0570607 -0.0679749 0.996144 257.126
0.993326 -0.0975091 -0.0627168 -10.2366 0.101279 0.993067 0.0600374 -1.22887 0.0564352 -0.0659896 0.996294 257.905
0.993879 -0.0963861 -0.0551126 -10.319 0.099421 0.993534 0.0552527 -1.20228 0.0494359 -0.0603946 0.997041 258.705
0.994343 -0.0942751 -0.0503193 -10.378 0.0968741 0.993961 0.0519771 -1.16881 0.0451227 -0.0565586 0.99745 259.524
0.994566 -0.0936062 -0.0469252 -10.4194 0.0960635 0.993979 0.053146 -1.14268 0.0416733 -0.0573658 0.997576 260.359
0.994512 -0.0968091 -0.0413997 -10.4924 0.0990321 0.993557 0.0555073 -1.11405 0.0357667 -0.0593034 0.997671 261.212
0.994357 -0.0994138 -0.0387194 -10.5256 0.101583 0.993114 0.058764 -1.07516 0.0326163 -0.0623663 0.997614 262.049
0.994242 -0.101352 -0.0367752 -10.5483 0.103445 0.992825 0.0603472 -1.04026 0.0304022 -0.0638049 0.997571 262.894
0.994393 -0.101331 -0.0323445 -10.6 0.103164 0.992807 0.061166 -1.00182 0.0259195 -0.0641603 0.997698 263.736
0.994668 -0.0997883 -0.0287407 -10.6472 0.101398 0.992972 0.0614027 -0.994843 0.0224185 -0.0639903 0.997771 264.574
0.994677 -0.0997482 -0.0283167 -10.6466 0.101286 0.993113 0.0593309 -0.958646 0.0222093 -0.0618837 0.997933 265.423
0.994987 -0.0978331 -0.0240454 -10.704 0.0990977 0.993371 0.0586538 -0.906647 0.0181547 -0.0607434 0.998061 266.252
0.995163 -0.0967212 -0.0207578 -10.7298 0.09781 0.993417 0.0600909 -0.857868 0.0148151 -0.061831 0.998074 267.107
0.9955 -0.0941767 -0.016132 -10.7705 0.0949944 0.993631 0.0610069 -0.814145 0.0102908 -0.0622655 0.99808 267.951
0.995667 -0.0924619 -0.0152899 -10.7688 0.0932158 0.993897 0.0594619 -0.758987 0.00970463 -0.0606301 0.99821 268.801
0.995766 -0.0922358 -0.00959764 -10.8082 0.0926419 0.994006 0.0584662 -0.715061 0.00415422 -0.0591085 0.998316 269.66
0.995702 -0.0930786 -0.00710666 -10.8116 0.0933337 0.994048 0.0566854 -0.654564 0.00179447 -0.0571056 0.998465 270.536
0.995491 -0.0954909 -0.00561809 -10.8092 0.0956569 0.99384 0.0564141 -0.607801 0.000203241 -0.0566979 0.998465 271.39
0.995312 -0.0972838 -0.0052117 -10.8094 0.0974244 0.993759 0.0548356 -0.556349 -0.000149071 -0.0550871 0.998579 272.264
0.995207 -0.0984727 -0.00410281 -10.8204 0.0985524 0.993751 0.0528789 -0.50008 -0.00112315 -0.0530306 0.998666 273.138
0.995151 -0.0990269 -0.00253807 -10.8381 0.099027 0.993781 0.051463 -0.453175 -0.00256746 -0.0514654 0.998771 274.003
0.995137 -0.0992609 -0.00132181 -10.8614 0.0992007 0.993799 0.0507233 -0.411079 -0.00371436 -0.0506085 0.998786 274.886
0.995112 -0.0994532 0.000770309 -10.8944 0.0992955 0.993863 0.0493178 -0.367758 -0.00566383 -0.0490009 0.998883 275.757
0.995071 -0.099937 0.000773986 -10.9178 0.0997909 0.99392 0.0470662 -0.329896 -0.00546604 -0.0467578 0.998966 276.624
0.995044 -0.100127 -0.000158004 -10.9264 0.10003 0.993967 0.045651 -0.306533 -0.0044073 -0.0454414 0.999062 277.492
0.994774 -0.102827 -0.00234338 -10.9307 0.102812 0.99339 0.0515142 -0.357764 -0.00296223 -0.0514869 0.998744 278.368
0.994746 -0.103031 -0.00233911 -10.9505 0.10301 0.993279 0.0533266 -0.355169 -0.00316403 -0.0532881 0.998678 279.228
0.994885 -0.101741 -0.00289234 -10.9908 0.101754 0.993473 0.0520509 -0.312804 -0.00241512 -0.0520798 0.998716 280.056
0.99483 -0.101483 -0.0125235 -10.8947 0.101967 0.993696 0.0471867 -0.230331 0.00766228 -0.0482203 0.998913 280.867
0.99488 -0.10093 -0.0136754 -10.9255 0.10144 0.993901 0.0438339 -0.150975 0.0091748 -0.0449974 0.999021 281.763
0.994713 -0.101863 -0.0177278 -10.9532 0.102584 0.993684 0.0460761 -0.133197 0.0129285 -0.0476515 0.998887 282.627
0.994371 -0.103941 -0.0241888 -10.955 0.10501 0.993332 0.0481148 -0.125804 0.0190336 -0.0503848 0.998626 283.476
0.99424 -0.103798 -0.0292829 -10.9847 0.105135 0.9933 0.0485213 -0.101102 0.0240562 -0.0513207 0.998499 284.317
0.994122 -0.103159 -0.0352602 -11.0014 0.104792 0.993355 0.0480916 -0.0712362 0.0300722 -0.0515046 0.998297 285.163
0.993708 -0.104991 -0.0407997 -11.0257 0.106964 0.993054 0.0495921 -0.071907 0.035315 -0.0536444 0.998045 285.992
0.993516 -0.105402 -0.0445091 -11.0803 0.107508 0.993075 0.0478924 -0.0326687 0.0391604 -0.0523675 0.997937 286.776
0.993336 -0.105078 -0.0488512 -11.1176 0.10734 0.993175 0.0462254 -0.00655134 0.0436656 -0.0511613 0.997845 287.57
0.994049 -0.0970326 -0.0511334 -11.1623 0.0992881 0.99413 0.0435513 0.01381 0.0466149 -0.0483695 0.997818 288.331
0.993763 -0.0977808 -0.0549416 -11.2218 0.100204 0.994056 0.0431955 0.0336499 0.0503963 -0.0484315 0.997664 289.056
0.993514 -0.0983217 -0.0585821 -11.2711 0.100874 0.994024 0.0422982 0.0575358 0.0540809 -0.0479336 0.997464 289.783
0.99315 -0.100153 -0.061397 -11.3603 0.102889 0.993786 0.0431326 0.0324538 0.0567002 -0.049154 0.997293 290.467
0.993139 -0.0977042 -0.0655579 -11.4213 0.100424 0.994184 0.0395239 0.0706301 0.0613229 -0.0458366 0.997143 291.152
0.993142 -0.0936628 -0.0710147 -11.4874 0.0962203 0.994828 0.0334666 0.157592 0.0675168 -0.0400703 0.997024 291.83
0.992688 -0.0920265 -0.0791754 -11.5337 0.094555 0.995128 0.0287669 0.209419 0.0761506 -0.0360435 0.996522 292.448
0.991551 -0.0936779 -0.090592 -11.5761 0.0965974 0.994953 0.0283695 0.183255 0.0874785 -0.0368814 0.995602 293.081
0.990503 -0.0934365 -0.101704 -11.677 0.096164 0.995142 0.0222218 0.293646 0.0991419 -0.0317913 0.994645 293.662
0.988727 -0.0924535 -0.118447 -11.761 0.095658 0.995213 0.0216311 0.282839 0.11588 -0.0327182 0.992845 294.27
0.987326 -0.0895732 -0.131668 -12.0071 0.0929385 0.995505 0.0196096 0.315383 0.129328 -0.0315984 0.991181 294.638
0.985089 -0.0893654 -0.147563 -12.3175 0.0929352 0.995553 0.0174492 0.301409 0.145345 -0.0309035 0.989023 295.21
0.981661 -0.0892498 -0.168967 -12.5553 0.0930476 0.99558 0.0146631 0.300978 0.16692 -0.0301165 0.985593 295.766
0.977187 -0.0901626 -0.192722 -12.7704 0.0942692 0.995505 0.0122167 0.306666 0.190751 -0.0301065 0.981303 296.209
0.971782 -0.0904291 -0.218259 -13.0878 0.094892 0.995464 0.0100216 0.294932 0.216373 -0.0304502 0.975922 296.812
0.963571 -0.0905132 -0.252015 -13.2369 0.0956441 0.995416 0.00815012 0.285332 0.250115 -0.0319574 0.967819 297.302
0.953948 -0.0887691 -0.286843 -13.3829 0.0944889 0.995535 0.00612334 0.274451 0.285029 -0.0329452 0.958043 297.687
0.942441 -0.0883458 -0.322763 -13.5783 0.0948803 0.995511 0.00452941 0.26037 0.320905 -0.0348929 0.9466 298.076
0.929492 -0.0882144 -0.358377 -13.8373 0.0958761 0.995413 0.00362199 0.237969 0.356426 -0.037727 0.933654 298.482
0.914953 -0.0878171 -0.394108 -14.1366 0.0963926 0.995376 0.0019705 0.208176 0.392099 -0.0397925 0.919193 298.881
0.897272 -0.0880647 -0.432789 -14.3998 0.097158 0.995296 -0.00111072 0.20034 0.430863 -0.0410532 0.901574 299.299
0.876938 -0.0886813 -0.472538 -14.7211 0.0982503 0.995187 -0.00444925 0.177002 0.470641 -0.0425256 0.881435 299.737
0.854401 -0.0890816 -0.512074 -15.1095 0.0990416 0.99508 -0.00786909 0.137958 0.51027 -0.0439943 0.858987 300.148
0.829577 -0.0878065 -0.551611 -15.5642 0.098218 0.995143 -0.0107109 0.0869083 0.549851 -0.0452926 0.834175 300.586
0.801204 -0.0875529 -0.592084 -15.9083 0.0982691 0.995087 -0.0141813 0.0759051 0.590431 -0.0468224 0.805841 300.919
0.770877 -0.0856092 -0.631354 -16.3491 0.0955327 0.995293 -0.0183263 0.0473848 0.629927 -0.0461875 0.775429 301.259
0.736369 -0.086242 -0.671175 -16.742 0.0959291 0.99516 -0.0226354 0.00732696 0.669892 -0.0477182 0.74105 301.561
0.699084 -0.0876017 -0.709787 -17.1664 0.0976446 0.994902 -0.0266295 -0.00618385 0.708472 -0.0506907 0.704073 301.792
0.659178 -0.088471 -0.746863 -17.6488 0.100395 0.99455 -0.0292112 -0.0274918 0.74539 -0.0557274 0.664441 301.975
0.613908 -0.0891987 -0.784448 -18.1083 0.102275 0.994245 -0.0330247 -0.0416535 0.782846 -0.0599554 0.619497 302.15
0.568052 -0.0858403 -0.818593 -18.5549 0.0975935 0.994583 -0.0365795 -0.0594351 0.817315 -0.0591114 0.573328 302.224
0.520313 -0.0779478 -0.850533 -19.0578 0.0865598 0.995549 -0.0382958 -0.124582 0.849693 -0.0536958 0.524742 302.304
0.47021 -0.0739594 -0.87953 -19.4897 0.0794135 0.996018 -0.0413054 -0.155109 0.879095 -0.0504254 0.47419 302.341
0.418226 -0.0714634 -0.90564 -19.9392 0.0735782 0.996328 -0.0446511 -0.195453 0.905465 -0.0479613 0.421945 302.361
0.365772 -0.0701527 -0.928129 -20.4244 0.0705975 0.996406 -0.0474965 -0.217171 0.928139 -0.0481518 0.369392 302.366
0.31425 -0.0678746 -0.947021 -20.8676 0.0673399 0.996558 -0.0490899 -0.237116 0.947052 -0.0483456 0.317736 302.309
0.259846 -0.0639363 -0.963599 -21.3465 0.0637592 0.996796 -0.0489506 -0.27196 0.963656 -0.0487199 0.263076 302.276
0.203514 -0.0610644 -0.977275 -21.7707 0.059625 0.99701 -0.0498912 -0.304325 0.977355 -0.0481162 0.206542 302.212
0.144805 -0.0568469 -0.987892 -22.2411 0.0537925 0.997356 -0.0495115 -0.34479 0.988108 -0.0459733 0.147472 302.129
0.0805695 -0.0519939 -0.995501 -22.702 0.0494904 0.997651 -0.0481113 -0.363111 0.995619 -0.045391 0.0829474 302.096
0.0167986 -0.0451561 -0.998905 -23.1281 0.0439491 0.998082 -0.0443848 -0.396548 0.999003 -0.0431569 0.0187472 302.006
-0.0502477 -0.0394281 -0.998069 -23.6196 0.039217 0.998408 -0.0414263 -0.410513 0.998065 -0.0412218 -0.0486289 301.93
-0.11627 -0.0331568 -0.992731 -24.0631 0.0342652 0.998746 -0.0373765 -0.436307 0.992738 -0.0383632 -0.114986 301.811
-0.182238 -0.0261192 -0.983018 -24.5158 0.0314793 0.999015 -0.0323901 -0.479775 0.982849 -0.0368461 -0.181245 301.672
-0.246245 -0.0237436 -0.968987 -24.9815 0.0284433 0.999124 -0.0317161 -0.481022 0.968904 -0.0353724 -0.245346 301.497
-0.309822 -0.0199473 -0.950699 -25.4658 0.0259957 0.999263 -0.0294481 -0.518224 0.95054 -0.0338364 -0.309086 301.307
-0.368771 -0.0181416 -0.92942 -25.9174 0.0241575 0.999317 -0.0290974 -0.553635 0.929323 -0.0331841 -0.368068 301.059
-0.424273 -0.0182413 -0.905467 -26.3754 0.0214559 0.99935 -0.0301967 -0.564248 0.905385 -0.0322377 -0.423616 300.77
-0.476754 -0.0188692 -0.878917 -26.8615 0.0170419 0.999415 -0.0307071 -0.576066 0.878992 -0.0296196 -0.476136 300.46
-0.525308 -0.0196494 -0.850807 -27.3412 0.0132757 0.999458 -0.0312902 -0.579954 0.850919 -0.0277304 -0.524773 300.14
-0.567042 -0.0195065 -0.82355 -27.8313 0.00939572 0.999533 -0.0301517 -0.593204 0.823762 -0.0248365 -0.566573 299.762
-0.605866 -0.0156707 -0.79554 -28.3041 0.0109688 0.999582 -0.0280549 -0.598318 0.795607 -0.0257221 -0.605452 299.381
-0.643225 -0.0106233 -0.765708 -28.7427 0.0121212 0.99967 -0.0240605 -0.610666 0.765716 -0.0247588 -0.642859 298.943
-0.681227 -0.00894939 -0.732153 -29.2301 0.0108453 0.999729 -0.0223229 -0.591828 0.732116 -0.0231456 -0.680957 298.48
-0.716269 -0.0086872 -0.69789 -29.7112 0.00787127 0.999792 -0.0205341 -0.602741 0.697927 -0.0202023 -0.716022 297.965
-0.749195 -0.0121919 -0.662386 -30.1804 0.00367986 0.999776 -0.0225769 -0.616313 0.662476 -0.01935 -0.748993 297.431
-0.777564 -0.0134562 -0.628797 -30.6037 0.00262975 0.999726 -0.0246576 -0.650521 0.628959 -0.0208274 -0.777285 296.83
-0.802638 -0.017738 -0.596364 -30.9978 -0.00130198 0.999645 -0.0279947 -0.666383 0.596616 -0.0216911 -0.802387 296.17
-0.825543 -0.0208063 -0.564113 -31.4066 -0.00411707 0.99955 -0.0308545 -0.680892 0.564502 -0.02315 -0.825223 295.461
-0.846779 -0.0220108 -0.531668 -31.7662 -0.00712433 0.99956 -0.03005 -0.698695 0.532065 -0.0216561 -0.846574 294.753
-0.867589 -0.0244027 -0.496866 -32.1688 -0.0122143 0.999574 -0.0277798 -0.746738 0.497332 -0.0180332 -0.867481 293.964
-0.886089 -0.0247065 -0.46306 -32.502 -0.0131789 0.999554 -0.0281304 -0.755902 0.463521 -0.0188215 -0.886032 293.169
-0.904833 -0.0221738 -0.425411 -32.8766 -0.0127453 0.999641 -0.0250141 -0.791948 0.425811 -0.017212 -0.90475 292.345
-0.920855 -0.0191279 -0.389674 -33.1538 -0.0115019 0.999732 -0.0219136 -0.826053 0.389964 -0.0156954 -0.920838 291.55
-0.934552 -0.0167062 -0.355698 -33.4261 -0.0115287 0.999833 -0.0166925 -0.860279 0.355911 -0.0114997 -0.934547 290.641
-0.946912 -0.0127882 -0.321525 -33.6992 -0.00940643 0.999922 -0.0120912 -0.902775 0.321632 -0.00842308 -0.946967 289.686
-0.958341 -0.0134012 -0.285646 -33.9197 -0.0110399 0.99993 -0.00990287 -0.934983 0.285752 -0.00633736 -0.958378 288.854
-0.967335 -0.0151027 -0.253411 -34.1789 -0.0127869 0.999899 -0.0108097 -0.960856 0.253528 -0.00721435 -0.96744 287.777
-0.974941 -0.016365 -0.222295 -34.3772 -0.0141644 0.999873 -0.0115257 -0.987885 0.222448 -0.00808861 -0.975004 286.733
-0.981067 -0.0179917 -0.193298 -34.5184 -0.0164957 0.999859 -0.00937961 -1.00685 0.193422 -0.00601167 -0.981236 285.713
-0.986364 -0.0197562 -0.163983 -34.6463 -0.0186911 0.999832 -0.0080811 -1.01023 0.164107 -0.00490617 -0.98652 284.659
-0.990713 -0.0210187 -0.135022 -34.812 -0.0199692 0.999797 -0.00917104 -0.999967 0.135173 -0.0063877 -0.990938 283.487
-0.994134 -0.0215696 -0.106904 -34.9613 -0.0208047 0.999788 -0.00833372 -1.01232 0.107053 -0.00606094 -0.994324 282.337
-0.996269 -0.02454 -0.0838427 -35.0116 -0.0241343 0.99973 -0.00592042 -1.01765 0.0839529 -0.00387315 -0.996599 281.205
-0.997909 -0.025876 -0.0608647 -35.0712 -0.025692 0.999702 -0.0039159 -1.02718 0.060939 -0.00234415 -0.998228 280.021
-0.998865 -0.0282961 -0.0406552 -35.1082 -0.028193 0.999638 -0.0032438 -1.04446 0.0407217 -0.0020923 -0.999306 278.791
-0.999231 -0.0339474 -0.0241189 -35.1141 -0.0338635 0.999459 -0.00414317 -1.06865 0.0242377 -0.00332357 -0.99979 277.578
-0.999272 -0.0385943 -0.0123272 -35.1127 -0.0385484 0.999288 -0.00434192 -1.08012 0.0124765 -0.00386192 -1.00005 276.345
-0.999142 -0.0435396 -0.00460555 -35.1096 -0.0435401 0.999091 -0.00124559 -1.10127 0.00464692 -0.0010441 -1.00008 275.12
