0.999997 0.00253629 0.000128394 -0.0106302 -0.0025366 0.999993 0.00277729 -0.0483701 -0.000121308 -0.0027776 0.999997 0.792833
0.999987 0.00416056 0.00283142 -0.0821382 -0.00416373 0.999992 0.00113318 -0.04435 -0.00282693 -0.00114492 0.999995 0.807827
1 -0.000554019 -0.00167271 0.0137462 0.000540205 0.999967 -0.00825192 0.143553 0.00167752 0.00825081 0.999968 0.967668
0.999996 1.50296e-06 -0.00191461 0.0338587 -1.35921e-05 0.999979 -0.00644284 0.1164 0.00191435 0.00644283 0.999974 0.782371
1 2.22559e-05 0.000745323 -0.0281727 -2.22879e-05 1 -0.000292662 -0.0136948 -0.000745215 0.000292609 1 0.735393
0.999998 -0.000196129 -6.47405e-05 -0.00352738 0.000196483 1 0.00155199 -0.0272599 6.43024e-05 -0.00155202 1 0.703646
1 0.000799941 -0.000183715 0.00982043 -0.000799744 0.999996 0.00250397 -0.00981272 0.000185837 -0.00250391 0.999996 0.725357
0.999998 -0.000949814 -1.07515e-05 0.0316915 0.000950107 0.999995 0.00334734 -0.00323048 7.51528e-06 -0.00334731 0.999996 0.693772
1 -0.000878808 0.00058048 0.00626711 0.000877223 0.999996 0.00222884 0.00430031 -0.000582321 -0.00222843 0.999997 0.63079
0.999998 -0.000647395 0.00197272 -0.0216794 0.000645165 1 0.00127839 -0.00451928 -0.00197373 -0.00127703 0.999999 0.640474
0.999998 5.37608e-05 0.0017691 -0.0199481 -5.17134e-05 0.999997 -0.00127432 -0.00129207 -0.00176899 0.0012742 0.999996 0.610184
0.999996 0.00093724 0.00281027 -0.0217872 -0.00092498 0.999993 -0.00428 0.0103816 -0.0028144 0.00427733 0.999988 0.639295
0.999999 -0.000349894 0.000957774 -0.00899136 0.000352444 0.999994 -0.00306852 -0.011302 -0.000956463 0.00306887 0.999995 0.516997
0.999973 -0.000584659 0.0074281 -0.105458 0.00061557 0.999994 -0.00411239 0.0380428 -0.00742566 0.00411683 0.999964 0.599207
0.999991 -0.00355396 0.00200516 0.00427608 0.00355994 0.999988 -0.00293679 -0.00137994 -0.00199432 0.0029438 0.999996 0.491019
0.999996 -0.00108536 0.00266688 -0.00418569 0.00109085 0.999998 -0.00214899 -0.00111097 -0.00266478 0.00215202 0.999992 0.44466
0.999988 0.00404752 0.00224272 -0.00526519 -0.0040418 0.999988 -0.00244609 -0.00105288 -0.00225234 0.00243686 0.999996 0.445378
0.999979 0.00489822 0.00431629 -0.0274798 -0.00489406 0.999989 -0.00102796 -0.0016596 -0.00432141 0.00100689 0.999989 0.408727
0.999997 0.000102039 0.00251917 0.00930959 -0.000103169 0.999998 0.000609948 -0.00311754 -0.0025189 -0.000610405 0.999999 0.343136
0.99999 -0.00326816 0.00353935 0.00486837 0.00326762 0.999995 3.62839e-05 -9.90157e-05 -0.00353962 -2.45813e-05 0.999992 0.335941
0.999984 -0.00409383 0.00361998 -0.00853303 0.00409941 0.99999 -0.00140728 0.0174245 -0.00361388 0.00142195 0.999994 0.299436
0.999988 -0.0042789 0.00234736 0.000269379 0.00427534 0.999991 0.00128545 -0.00991558 -0.00235312 -0.0012753 0.999996 0.26439
0.999997 -9.18697e-05 0.00246931 0.00403859 8.99662e-05 0.999999 0.00102406 -0.00687506 -0.00246901 -0.00102396 0.999998 0.232316
0.999998 0.000739266 0.00186812 0.00633475 -0.000737753 1 -0.00114865 -0.00210742 -0.00186941 0.00114739 0.999996 0.223415
0.999997 0.00180559 0.00184638 0.00737359 -0.00180207 0.999997 -0.00156224 0.00124417 -0.00184871 0.00155879 0.999998 0.200686
0.999997 0.00197586 0.0019732 0.01031 -0.00197403 0.999997 -0.0012723 -0.00235696 -0.00197613 0.0012685 0.999996 0.17764
0.999996 0.00250742 0.0012387 0.00536692 -0.00250646 0.999997 -0.000187808 -0.0135596 -0.0012387 0.000184628 1 0.175387
1 0.00116383 0.00116738 0.000825282 -0.00116299 0.999999 -0.001344 -0.00831401 -0.00116935 0.00134271 0.999997 0.162447
0.999995 0.000506874 0.0024739 0.000945108 -0.000502243 0.999998 -0.00157962 -0.00811994 -0.0024743 0.00157828 0.999997 0.162309
1 -0.00122161 0.00159768 0.00631009 0.00122333 0.999999 -0.00149298 -0.00277456 -0.00159622 0.00149501 0.999997 0.152949
0.999997 -0.000485533 0.0013408 5.42924e-05 0.000488442 0.999997 -0.00166317 0.00780317 -0.00133963 0.00166374 0.999998 0.143523
1 0.00122405 0.000663828 0.0135736 -0.00122382 1 -0.00142023 -0.00358217 -0.00066592 0.00141935 0.999999 0.124599
0.999995 0.000593514 0.00179671 0.01727 -0.000589799 0.999997 -0.00167854 -0.00372317 -0.00179738 0.00167748 0.999996 0.133926
1 -0.00161921 -0.000677956 0.0190542 0.00161717 0.999998 -0.0019364 -0.0123361 0.000680854 0.00193525 0.999999 0.11486
0.999997 -0.000144518 0.000822946 0.00128769 0.000147508 0.999995 -0.00289065 0.00742406 -0.000822034 0.00289083 0.999996 0.125065
1 -0.00119166 -0.000777693 0.00295149 0.00118977 0.999999 -0.00168462 -0.00246258 0.000779246 0.0016837 0.999998 0.117487
0.999996 -0.000387338 -0.00168847 -0.00901929 0.000385343 0.999997 -0.00151968 0.00252641 0.00168953 0.00151908 0.999997 0.126857
0.999998 0.00018342 -0.00338209 -0.00275386 -0.000189147 1 -0.00151928 0.00625172 0.00338136 0.00151985 0.999994 0.113573
0.999988 0.000846726 -0.00424496 -0.000410887 -0.000853541 0.999995 -0.00174017 0.00974636 0.00424391 0.00174384 0.999989 0.136614
0.999983 0.000982577 -0.00629452 1.35563e-05 -0.000991452 1 -0.00131003 0.00253566 0.00629283 0.00131602 0.99998 0.089252
0.99998 -0.000229134 -0.00583455 -0.0158565 0.000219617 0.999996 -0.00173919 0.0181299 0.00583538 0.00173807 0.999981 0.108977
0.999977 0.000662511 -0.00732348 -0.00521251 -0.000674493 1 -0.00157459 0.0119616 0.00732216 0.00157914 0.999974 0.132083
0.999964 0.000744899 -0.00806763 -0.00755934 -0.000755715 0.999997 -0.00139305 0.0100774 0.00806682 0.00139931 0.999965 0.129592
0.999956 0.000191809 -0.00956323 -0.0143698 -0.000214877 0.999999 -0.00235651 0.019687 0.00956255 0.00235825 0.999952 0.158433
0.999901 -0.00154533 -0.0139044 0.00806183 0.00152502 0.999996 -0.00151587 -0.00457918 0.0139068 0.00149465 0.999902 0.143514
0.999873 -0.000834322 -0.0160759 -0.0198266 0.000804145 0.999999 -0.00185367 -0.00141326 0.0160774 0.00184034 0.999869 0.152662
0.999828 0.000186308 -0.0184822 -0.0380822 -0.00020112 0.999998 -0.000823095 -0.00360511 0.0184821 0.000826821 0.99983 0.160688
0.999837 0.00195422 -0.0180709 -0.0858831 -0.00196906 0.999999 -0.000784244 0.0212995 0.0180691 0.000819542 0.999836 0.167536
0.999756 0.000157104 -0.0220738 -0.064063 -0.000127898 0.999998 0.00130408 -0.00664929 0.0220742 -0.00130089 0.999758 0.183028
0.999647 0.000865503 -0.0265962 -0.040231 -0.000832887 1 0.00125515 0.00318464 0.026597 -0.00123263 0.999644 0.217312
0.999588 0.000587841 -0.0286898 -0.0695297 -0.00054825 0.999998 0.00137088 0.0027767 0.0286909 -0.00135451 0.99959 0.223783
0.999494 -0.000858419 -0.0318349 -0.080996 0.000955784 0.999997 0.00306033 -0.00274255 0.0318317 -0.00308934 0.999486 0.206982
0.999323 0.000639078 -0.0367614 -0.0561815 -0.000467403 0.999988 0.00466102 -0.0227864 0.0367645 -0.00464065 0.999316 0.263669
0.99919 0.00065926 -0.0402367 -0.0661331 -0.000480886 0.999991 0.00445284 0.00869383 0.0402389 -0.00443002 0.999176 0.271473
0.999352 0.00426906 -0.0357832 -0.204892 -0.00412772 0.999982 0.00401039 0.000971723 0.0358 -0.00386006 0.999357 0.262896
0.999317 0.00477009 -0.0365962 -0.198721 -0.00465908 0.999986 0.00312736 0.00101171 0.0366102 -0.00295476 0.999321 0.214422
0.998952 0.00108914 -0.045808 -0.0614225 -0.000872677 0.999986 0.00473646 0.00185418 0.0458127 -0.0046916 0.998942 0.313548
0.998925 0.00100511 -0.0463021 -0.0777899 -0.00072065 0.999984 0.00616766 0.0081751 0.0463074 -0.00612762 0.998906 0.335521
0.999081 0.00564346 -0.0425459 -0.143577 -0.00532809 0.999955 0.00751278 -0.0473056 0.0425864 -0.0072793 0.99907 0.27598
0.998773 0.00418785 -0.0492993 -0.0901284 -0.00396239 0.999985 0.00467921 -0.0233219 0.049318 -0.00447804 0.998771 0.392666
0.998694 0.00328524 -0.0510313 -0.0898981 -0.00318107 0.999989 0.00211401 0.000504042 0.0510378 -0.00194915 0.998699 0.302413
0.998694 0.0026507 -0.050992 -0.122775 -0.00264784 1 0.000133047 -0.00513526 0.0509921 2.34143e-06 0.998696 0.40572
0.998698 0.00185861 -0.0509962 -0.130752 -0.00176336 0.999993 0.0019032 -0.00478486 0.0509997 -0.00181097 0.998701 0.430685
0.998506 0.00377494 -0.0545011 -0.0887186 -0.0037062 0.999996 0.00137123 0.0145704 0.0545056 -0.00116701 0.99851 0.416716
0.998454 0.000259748 -0.0556404 -0.0604125 -0.000161007 0.999995 0.00177049 -0.00552158 0.0556411 -0.00175898 0.998454 0.430018
0.998464 -0.000716125 -0.0553644 -0.0596172 0.000736718 1 0.000362934 -0.00827039 0.0553639 -0.000402915 0.998462 0.46123
0.998705 -0.00227899 -0.0508725 -0.113333 0.00226978 0.999994 -0.000252893 0.012842 0.0508733 0.000136716 0.998711 0.431932
0.998519 -0.00141958 -0.0543492 -0.0748043 0.0014853 1 0.00118081 -0.00987409 0.0543471 -0.00125946 0.998516 0.457055
0.99849 0.000814561 -0.0549788 -0.0631057 -0.000815419 0.999996 -3.85946e-07 0.00393171 0.0549791 4.48323e-05 0.998493 0.496686
0.99844 0.00326459 -0.0557053 -0.0840891 -0.00329151 0.999998 -0.000383305 -0.0205808 0.0557036 0.000566351 0.998442 0.489129
0.998231 -0.000311256 -0.0595031 -0.0509661 0.000333108 0.999996 0.000348964 -0.00556142 0.0595031 -0.000368372 0.998234 0.510364
0.998366 -0.00256772 -0.05703 -0.0844893 0.00257089 1 -1.00928e-05 -0.00431245 0.0570296 -0.000136371 0.998367 0.514071
0.998284 0.000528487 -0.0586231 -0.0415786 -0.000621963 0.999995 -0.00158312 0.0103266 0.0586222 0.00161663 0.998285 0.588313
0.998523 0.00352414 -0.0541555 -0.065907 -0.00325525 0.999986 0.00505893 0.00836265 0.0541722 -0.00487502 0.998515 0.541456
0.998697 0.00224143 -0.051063 -0.089979 -0.0020596 0.999988 0.0036061 0.0148742 0.0510707 -0.00349639 0.998695 0.582289
0.998912 0.000280632 -0.0465495 -0.107118 -0.000287731 1 -0.000143647 0.0123016 0.0465493 0.000157114 0.998911 0.64179
0.998893 -0.00173955 -0.0471095 -0.00938828 0.00186735 0.999994 0.00266857 -0.0271301 0.0471043 -0.00275379 0.998894 0.586229
0.99912 0.00264052 -0.0417659 -0.0344005 -0.00273601 0.999995 -0.00223383 -0.00469189 0.0417598 0.00234643 0.999118 0.670051
0.999339 0.00496639 -0.0361498 -0.0441037 -0.00517955 0.99997 -0.00580089 0.0222034 0.0361198 0.00598395 0.999337 0.684921
0.999556 0.0033255 -0.0294796 -0.0250014 -0.00334326 0.999994 -0.000557996 0.0072226 0.0294777 0.000656514 0.999557 0.701187
0.999741 0.00378437 -0.0226579 -0.0183229 -0.00373171 0.99999 0.00236813 0.0120975 0.0226665 -0.00228319 0.999749 0.667264
0.999911 -0.000402779 -0.0130716 -0.0204547 0.000476951 0.999983 0.00567925 -0.00931466 0.0130691 -0.0056849 0.99989 0.725088
0.999968 0.000467801 -0.00850522 -0.00855969 -0.000455143 1 0.00148045 0.0123279 0.00850589 -0.00147675 0.999973 0.742408
0.999995 -0.000177707 -0.00225128 -0.0442119 0.000174966 0.999999 -0.00119737 -0.0355896 0.00225143 0.00119721 0.999989 0.775686
0.999968 -0.00800718 0.00251881 -0.0433759 0.00801823 0.999959 -0.00438616 -0.0050109 -0.00248349 0.00440591 0.999996 0.772328
0.999921 -0.0119185 0.00335861 0.0155958 0.011926 0.999925 -0.00226075 0.0031081 -0.00333154 0.00230091 0.999983 0.821431
0.999992 1.14294e-05 0.0053091 0.00924411 -9.18543e-06 1 -0.000362798 0.00231633 -0.00530901 0.000362351 0.999999 0.859259
0.999988 0.00176326 0.00375741 0.0346863 -0.00175222 0.999996 -0.00286408 0.0084508 -0.0037621 0.00285773 0.999977 0.896914
0.999907 -0.00625299 0.0125424 -0.044523 0.0063743 0.999934 -0.00967373 0.0235732 -0.012481 0.0097522 0.999889 1.32589
0.999991 0.00226409 0.00208126 0.0069862 -0.00223641 0.999913 -0.0129426 0.0257034 -0.00211018 0.0129383 0.999902 0.898657
0.999978 0.00712838 -0.00110675 0.0271133 -0.00713841 0.999938 -0.00875038 0.00235281 0.00104396 0.00875777 0.999974 0.98584
0.99998 0.00572494 0.000878019 -0.0579598 -0.00572159 0.999977 -0.00300989 0.00455492 -0.00089485 0.00300492 0.999983 1.00811
0.999959 0.0094355 -0.000198581 -0.0847396 -0.009435 0.999941 0.00581732 0.00842381 0.000253114 -0.00581512 0.999996 0.945875
0.999975 0.00602724 -0.00295981 -0.0604167 -0.00600219 0.999948 0.00806374 -0.00320099 0.00300865 -0.00804601 0.999952 0.894481
0.999985 0.00157025 -0.00584615 0.00908628 -0.0015157 0.999956 0.00951559 -0.00310144 0.00586043 -0.00950634 0.999949 1.02896
0.999992 0.00153738 -0.00277578 0.00639807 -0.00151093 0.999955 0.00912776 0.00549762 0.00279004 -0.00912385 0.999943 1.01255
0.999993 -0.00201848 -0.00370803 0.0387156 0.0020407 0.999983 0.00628419 0.00245139 0.00369487 -0.00629151 0.999985 0.978955
0.999989 -0.00110633 -0.00405316 0.0232443 0.00110912 0.999995 0.000422946 -0.00641715 0.00405312 -0.000427588 0.999981 1.07856
0.999997 0.000579062 -0.00324169 0.0219599 -0.000591538 0.999998 -0.00350259 -0.0102628 0.00323918 0.00350465 0.999999 0.98265
0.99999 0.00131112 -0.00358762 0.00384151 -0.00131978 0.999992 -0.00272502 -0.0454655 0.0035845 0.00272954 0.999979 1.17734
0.99999 0.000188411 -0.00506507 -0.00746347 -0.000212598 0.999993 -0.00453586 -0.0281245 0.00506368 0.00453704 0.999989 1.0228
0.999978 -0.000848815 -0.00608585 -0.00522369 0.00081887 0.999982 -0.00513202 -0.00869516 0.00609067 0.0051268 0.999956 1.01721
0.999995 0.00101505 -0.00409338 -0.0572445 -0.00102444 1 -0.00197669 -0.0117454 0.00409097 0.00198106 1 1.05139
0.999994 -0.00148696 -0.00088435 -0.0870814 0.00149008 0.999992 0.00218756 -0.0171202 0.000881494 -0.00218903 0.999985 1.0009
0.999994 0.00191112 -0.0045582 -0.0433797 -0.00189284 0.999994 0.00427012 -0.00396768 0.0045659 -0.00426136 0.999995 1.08563
0.999976 0.000834504 -0.00594016 -0.0471593 -0.000826872 0.999994 0.00107851 -0.00394078 0.00594146 -0.00107363 0.999968 1.00495
0.999995 0.00379453 -0.00354757 -0.0304343 -0.00378871 0.999997 0.00196466 -0.00617905 0.00355479 -0.0019512 1.00001 1.09893
0.999974 0.00477118 -0.003875 -0.000116355 -0.00477051 0.999983 -0.000103703 0.00806549 0.00387459 0.000122203 0.999976 1.08803
1 0.00246548 -0.00183654 -0.00823012 -0.00246486 1 0.00092157 -0.0154786 0.00183869 -0.000917012 1.00001 1.08138
0.999988 0.00266596 0.000736778 -0.0486149 -0.00266505 0.999991 9.00563e-05 -0.0203932 -0.000736171 -9.20152e-05 0.999986 1.14781
1.00001 0.000675755 -0.000568111 -0.0368846 -0.00067716 1 -0.000537693 -0.0233698 0.00056739 0.000538091 1.00001 1.06432
0.999991 0.00142971 -0.00102356 -0.0121598 -0.00142871 0.999994 -0.000235784 -0.0204027 0.00102359 0.000237099 0.999986 1.12348
1.00001 0.0019687 -0.00038109 -0.0351654 -0.00197017 1 -0.000695559 -0.0163885 0.000379475 0.000696382 1.00001 1.05972
0.999978 0.00502218 -0.0020125 0.00422578 -0.00502688 0.999978 -0.00301942 -0.000238885 0.00199774 0.00302943 0.999982 1.05576
0.999992 0.00572046 0.00098404 -0.0275749 -0.00571842 0.999982 -0.00366854 -0.0301031 -0.00100534 0.00366291 1 1.17571
0.999992 0.000743846 0.00121125 -0.0230822 -0.000742072 0.999994 -0.000182327 -0.0236455 -0.00121098 0.000181425 0.999988 1.10087
1 0.000711574 0.00328645 -0.0564895 -0.000730528 0.999991 0.00523906 -0.0269054 -0.00328299 -0.00524135 0.999991 1.08737
0.999993 -0.00121305 0.00125643 0.0188691 0.0012108 0.99999 0.00318597 -0.0202442 -0.00125982 -0.00318457 0.999985 1.20744
1 -0.00159025 0.00135226 -0.0255534 0.00158853 1 -0.000158356 -0.0233145 -0.00135224 0.000160625 1.00001 1.06158
0.99999 -0.0011704 0.0028618 -0.00606302 0.00117526 0.999994 -0.00102646 -0.0267199 -0.00286018 0.00102965 0.999988 1.14219
0.999993 0.00303006 0.00391415 -0.0307568 -0.00303818 1 0.00162246 -0.0350632 -0.00390953 -0.00163418 0.999999 1.10564
0.999978 0.00369901 0.00446348 0.0197613 -0.00370192 0.999986 0.00102246 -0.012557 -0.00445928 -0.0010391 0.999982 1.17183
0.999984 0.00280849 0.00592976 -0.00606847 -0.00280681 1 -0.000585127 -0.0120757 -0.0059315 0.000568535 0.999992 1.18859
0.999982 0.000970846 0.00472107 0.00884776 -0.000963736 0.999993 -0.00111874 -0.0127739 -0.00472197 0.00111405 0.99998 1.13657
0.999995 -0.00114085 0.00475601 0.00698827 0.00114342 1 -0.000933616 -0.0118881 -0.00475506 0.000939154 0.999997 1.12698
0.999979 -0.004111 0.00346028 0.0292894 0.00411918 0.999985 -0.00182336 -0.00861699 -0.00345254 0.0018374 0.999984 1.16369
0.999996 -0.00154379 0.00437356 0.0136116 0.00154181 1 5.86814e-05 -0.0102378 -0.00437368 -5.18447e-05 0.999999 1.14717
0.999978 -0.00213943 0.00533446 -0.00724478 0.00214355 0.999994 -0.000435033 0.00754173 -0.0053332 0.000446304 0.999978 1.1404
0.999987 0.000694711 0.00609697 -0.00932327 -0.000699052 1 0.000412548 -0.00330845 -0.00609691 -0.000416662 0.99999 1.17452
0.999983 -0.000924682 0.00483747 0.00146656 0.000932158 0.999996 -0.00120812 -0.0148889 -0.00483579 0.00121252 0.99998 1.16195
0.999999 -0.000296298 0.00354569 0.0196635 0.000310329 0.999993 -0.00438988 -0.0242678 -0.00354488 0.00439093 0.999992 1.19051
0.999986 -0.000479699 0.00404312 0.0017847 0.000504712 0.999982 -0.00581161 -0.012192 -0.00403974 0.00581364 0.999968 1.16754
0.999995 0.000403462 0.00470254 -0.0352033 -0.000397856 1 -0.00152935 0.00286115 -0.00470361 0.00152742 0.999996 1.13351
0.999989 -0.000570019 0.00324328 -0.0130625 0.000567682 0.999998 0.00116433 -0.000966012 -0.0032434 -0.00116242 0.999987 1.19078
0.999998 -0.000362186 0.00348492 -0.0395565 0.000361388 1 -0.000230436 -0.0185593 -0.00348541 0.000231584 1 1.15175
0.99999 0.00171614 0.00276809 -0.0404621 -0.00171491 0.999997 0.000125615 -0.0220771 -0.00276734 -0.000130227 0.99999 1.17979
1 0.000305606 0.00156833 -0.026637 -0.000311342 0.999999 0.0025347 -0.0411638 -0.00156818 -0.00253525 1 1.17177
0.999996 0.000145913 -0.000631375 0.020003 -0.000143256 0.999997 0.000912374 -0.0604463 0.000631954 -0.00091221 0.999992 1.09686
1 -0.000179381 0.00113182 -0.00660922 0.000178144 1 -0.000799848 -0.0407657 -0.00113214 0.00079992 1.00001 1.21291
0.999995 -0.00165134 0.0020483 -0.0237732 0.00165513 0.999997 -0.000778316 -0.0250092 -0.00204655 0.000781736 0.999992 1.21291
0.999996 -0.00343678 0.000378147 -0.0044154 0.00343451 0.999995 0.000140753 -0.0218995 -0.000379161 -0.000139452 1 1.19682
0.999996 -0.00193347 0.000717334 -0.0100563 0.00193524 0.999997 0.000601392 -0.0183057 -0.00071791 -0.000599988 0.999994 1.20035
1 0.000258331 0.00104359 -0.0234087 -0.000262772 0.999998 0.00212997 -0.0111827 -0.00104363 -0.0021303 1.00001 1.17738
0.999995 0.00257329 0.000724385 -0.00740768 -0.00257316 0.999993 0.00280418 -0.00923117 -0.000716691 -0.00280593 0.999989 1.18874
1 0.00262406 1.52732e-06 0.00755819 -0.00262612 0.999996 -0.00085438 -0.00980997 -4.24852e-06 0.000854178 1.00001 1.19633
0.999997 0.000883715 0.000676036 -0.00971147 -0.000880168 0.999998 -0.00225847 -0.0168488 -0.000677526 0.00225813 0.999991 1.19555
1 0.00127203 0.00173592 -0.0247368 -0.00126495 0.999987 -0.00512436 0.00781627 -0.00174294 0.0051219 0.999993 1.19425
0.999995 -0.00226252 -0.000235905 0.00311519 0.00226408 0.999996 -0.00145456 -0.0122718 0.00023975 0.00145425 0.999991 1.20378
1 -0.000455331 -0.000655781 0.00277119 0.000452891 1 -0.000769796 0.00235543 0.000655499 0.000769213 1.00001 1.18823
0.999998 -0.000225555 -0.000389739 0.0067744 0.000228125 0.999999 0.00152916 -0.00483546 0.000390047 -0.001529 0.999992 1.20877
1 0.000724089 -0.000287261 0.00907106 -0.000725382 0.999998 0.00176518 -0.0145707 0.000287929 -0.00176517 1.00001 1.18501
0.999997 0.00138264 -6.6783e-05 -0.00454411 -0.00138088 0.999999 2.88488e-05 -0.0192291 6.74819e-05 -2.8625e-05 0.999992 1.18234
1 -0.000288767 0.000322879 -0.00140844 0.000288211 0.999995 -0.00334851 -0.0113698 -0.000322574 0.00334835 1 1.17481
0.999977 -0.00581719 -0.00304929 0.020824 0.00580879 0.999976 -0.00345267 0.0108703 0.00307005 0.00343499 0.999983 1.06882
1 -0.00191623 -0.000361657 -0.000505213 0.00191429 1 0.000457918 -0.0148069 0.000360338 -0.000458708 1.00001 1.1783
0.999993 -0.0026632 -0.00122168 0.0121957 0.00266853 0.99999 0.00251594 -0.0130297 0.00121563 -0.00251909 0.99999 1.17507
1 -0.00159967 0.00016114 -0.0198353 0.00159738 1 -0.000143233 0.0240668 -0.000161513 0.000143419 1.00001 1.11955
0.999998 0.000556766 -0.000236071 -0.00510004 -0.000554148 0.999997 0.000957764 -0.00791255 0.000237253 -0.000957672 0.999988 1.18513
1 0.00238562 0.00145442 -0.0376275 -0.00239034 0.999999 0.00170903 -0.0192172 -0.00145086 -0.0017125 1.00001 1.15526
0.999994 0.00165582 0.000446092 -0.0026189 -0.00165293 0.999995 -0.000627137 -0.0269578 -0.000446407 0.000626202 0.999987 1.23573
1 0.000741655 -0.000795398 0.0078875 -0.000747013 0.999996 -0.00365423 -0.0348446 0.000791988 0.00365501 1 1.18288
0.999991 0.00202419 0.00218543 -0.0376731 -0.00201866 0.999994 -0.00139983 -0.0271073 -0.00218747 0.0013952 0.999986 1.17664
1 8.35012e-05 -0.000460333 -0.00594429 -8.68673e-05 1 -0.00236414 -0.0130163 0.000459525 0.00236434 1.00001 1.13384
0.999992 -0.00221448 -0.00128874 0.0113395 0.00221653 0.999996 -7.68716e-05 -0.013048 0.00128949 7.38426e-05 0.999989 1.17474
1 -0.000614567 -0.000768897 0.000332341 0.00061361 1 0.00143998 -0.00885053 0.000767423 -0.00144031 1.00001 1.1785
0.999995 -0.00176703 -0.000442017 0.00268194 0.0017694 0.999997 0.000699796 -0.00101262 0.000441402 -0.000700778 0.999989 1.20363
0.999998 0.00353025 -0.00011018 -0.0187975 -0.00353271 0.999993 -0.00237917 -0.00313967 0.000101174 0.00237975 1.00001 1.16423
0.999989 0.00322736 -0.00193535 -0.00741816 -0.00322481 0.999993 0.000248192 -0.00250075 0.00193684 -0.000242132 0.999987 1.19096
0.999999 0.00337149 -0.000251514 -0.0148143 -0.00337374 0.999996 -0.000580104 -0.0257681 0.000248789 0.000581094 1.00001 1.16976
0.999996 0.000288759 -0.00125612 0.000288353 -0.000292776 0.999984 -0.00499197 -0.00594975 0.00125548 0.00499227 0.999976 1.20335
1 -8.02555e-05 -6.19667e-05 -0.0251006 7.7566e-05 0.999995 -0.00393884 -0.0192129 6.14955e-05 0.00393895 1.00001 1.20124
0.999986 -0.00458438 -0.00166519 0.00395958 0.00458457 0.999986 -0.00132273 -0.0169194 0.00167203 0.00131488 0.999985 1.18771
0.999981 -0.0062549 -0.00207932 0.0163317 0.00625286 0.999984 0.000158186 -0.0479254 0.00207753 -0.000170992 1.00001 1.21191
0.999996 0.000153288 -0.00126695 -0.0126648 -0.000146455 0.999991 0.00352894 -0.0402482 0.00126824 -0.00352899 0.999979 1.19364
1 -0.00123782 -0.00212047 0.00515076 0.00124243 0.999998 0.00331421 -0.00390771 0.00211561 -0.00331663 1.00001 1.22288
0.999996 -0.00138742 0.00116815 -0.0484395 0.0013893 0.999995 0.000428242 -0.0230801 -0.00116786 -0.000426828 0.999987 1.23152
1 0.000835767 0.000921057 -0.0487329 -0.000834786 0.999997 -0.00358966 -0.0323456 -0.000924905 0.00358906 1.00001 1.21751
0.999994 0.00037529 -0.00298806 0.0189116 -0.000381824 0.999992 -0.0029074 -0.0284476 0.00298797 0.00290832 0.999979 1.25617
1 -0.000629455 -0.000621952 -0.0193756 0.000627176 1 -8.64582e-05 -0.0375449 0.000620991 8.62513e-05 1.00001 1.28002
0.999995 0.00231006 -6.03345e-05 -0.0249727 -0.00230776 0.999992 0.00150368 -0.0198635 6.48073e-05 -0.00150376 0.999987 1.25493
0.999989 0.00498017 -0.000409678 -0.0179613 -0.00497989 0.999977 0.00566723 -0.0307017 0.000436977 -0.00566481 0.999996 1.25116
0.999981 0.00579258 -9.34087e-06 -0.0204799 -0.00579035 0.999972 0.00352343 -0.0237503 3.06556e-05 -0.00352364 0.999981 1.26864
0.999976 0.00723123 0.000706317 -0.0322232 -0.00723362 0.99998 0.000287043 -0.0297772 -0.000705125 -0.000291844 1.00001 1.29086
0.999992 0.00331297 -0.000622582 -0.00305568 -0.00331182 0.999988 -0.00159126 -0.0247367 0.000618224 0.00159303 0.999986 1.29093
0.999996 0.00223904 -0.00238774 0.00758353 -0.0022446 1 -0.00140072 -0.0221977 0.00238363 0.00140629 1.00001 1.25745
0.999996 -0.000604005 -0.00269815 0.0154292 0.00060398 0.999994 -0.000855727 -0.0199258 0.00269973 0.000853757 0.999986 1.27594
0.999994 -0.0034806 -0.00187972 0.000612907 0.00347411 0.999999 -0.00222362 -0.00867075 0.00188652 0.00221746 1.00001 1.2651
0.999995 -0.000379862 0.00238335 -0.103611 0.000392083 0.999984 -0.00416182 0.0636013 -0.0023807 0.00416241 0.999977 1.22689
0.999995 0.000154123 -0.00351861 0.0365701 -0.000141034 0.999997 0.00434954 -0.0106344 0.00351821 -0.00434875 0.999998 1.24677
0.999996 -0.00203348 -0.00127829 0.000246938 0.00204092 0.999983 0.00402723 -0.0230547 0.00127123 -0.00403017 0.999978 1.30204
1 0.000295291 -0.00118527 0.00284015 -0.000299988 1 -0.00184776 -0.0174165 0.00118362 0.00184844 1.00001 1.26765
1 -0.000210936 -0.000785584 0.00350974 0.000212647 0.999994 -0.000931018 -0.0279145 0.000787021 0.000930621 0.999987 1.26175
0.999996 -0.00253769 0.000119751 -4.55983e-05 0.00253535 1 -0.00166291 -0.0127495 -0.000116748 0.00166339 1.00001 1.28444
1 0.000555074 -0.000709786 0.00443508 -0.000552692 0.999993 -0.000216241 -0.0325262 0.000711039 0.000216371 0.999987 1.26132
0.999998 0.00118716 0.00200982 -0.0579284 -0.00119469 1 0.00255287 -0.0173363 -0.00200809 -0.00255512 1.00001 1.24836
0.999999 0.00174751 0.000155979 -0.0316649 -0.00174577 0.999985 0.00414056 -0.0368709 -0.000147423 -0.00414101 0.99998 1.18669
0.999999 0.00113219 -2.69685e-05 -0.0308234 -0.00113467 1 0.00255725 -0.0490415 2.87815e-05 -0.002557 1.00001 1.13683
0.999999 0.00156704 -0.000317539 0.00574884 -0.00156557 0.999988 -0.00345902 -0.0161453 0.000313402 0.00345925 0.999982 1.26812
0.999998 -0.00115499 0.00140066 -0.044451 0.00115629 1 -0.00278898 -0.0257178 -0.00139858 0.00279083 1.00001 1.24942
0.999991 -0.00400203 -0.00189962 0.027455 0.00399784 0.99998 -0.00350968 0.00451601 0.00191506 0.00350192 0.999979 1.21541
0.999996 -0.00244595 -0.000913852 -0.010736 0.00244176 1 -0.00166216 -0.0111501 0.000916665 0.00166011 1.00001 1.23492
0.999999 -0.00202642 -0.000910434 -0.0137125 0.00202898 0.999992 -0.000121885 -0.00886044 0.000911927 0.000119833 0.999987 1.2288
0.999996 -0.00216297 -0.00101965 0.000418778 0.0021583 1 -0.00195424 -0.020509 0.00102263 0.00195222 1.00001 1.26934
1 -0.000718336 0.000952129 -0.0344528 0.000720799 0.999993 9.3044e-05 -0.0234548 -0.000950564 -9.25882e-05 0.999985 1.27074
0.999994 -0.00316978 -0.00121179 -0.00489959 0.00316916 1 0.00178127 -0.00987489 0.00120472 -0.00178484 1.00001 1.21995
0.999989 -0.00459248 -0.00134485 0.00138152 0.00459516 0.999981 -9.29708e-05 -0.00498438 0.00134676 8.65179e-05 0.999982 1.24659
0.999989 -0.00452609 -0.000828199 0.00324467 0.00452069 0.999994 -0.00310222 -0.00647497 0.00084072 0.00309868 1.00001 1.24069
0.999998 0.000243677 -0.00232313 0.0100975 -0.000239367 0.999991 0.000684732 -0.0316056 0.00232484 -0.000684431 0.99998 1.24369
0.999999 0.00129305 -0.00101653 -6.02213e-05 -0.00129068 0.999996 0.00501303 -0.0218391 0.00102149 -0.00501153 1 1.22719
0.999989 0.0045701 0.000185816 0.00954216 -0.00456839 0.999964 0.00573583 -0.0164426 -0.00015814 -0.00573684 0.999968 1.26006
0.999988 0.00433862 0.0024024 -0.0580772 -0.00434226 0.999999 0.000394019 -0.028782 -0.00240214 -0.000404348 1.00001 1.21024
0.999991 0.00384494 0.0019571 -0.0281153 -0.00383587 0.99998 -0.00325285 -0.0327317 -0.00196802 0.00324529 0.999978 1.25588
0.999997 0.00220636 0.0005176 -0.0100737 -0.00220643 0.999994 -0.00483507 -0.0335349 -0.000529604 0.00483382 1 1.23144
0.999996 0.00290146 -0.000413473 0.0163394 -0.00289881 0.999988 0.000112581 -0.0477392 0.000415192 -0.000111272 0.999987 1.24277
0.999989 -0.00462372 0.00151415 -0.0327586 0.00462478 0.999997 -0.00241054 -0.0431863 -0.00150434 0.00241745 1.00001 1.15198
0.999998 0.000156182 -0.00106393 0.0238004 -0.000154701 0.999989 -0.00088591 -0.0763637 0.00106524 0.000886159 0.999986 1.28958
0.99999 -0.00487419 -0.000967429 -0.0152135 0.00486918 0.999999 -0.00252211 -0.038822 0.00097827 0.0025172 1.00001 1.18316
0.999995 -0.00185518 -0.00227984 0.00778571 0.00186676 0.999977 0.00391338 -0.0258081 0.00227411 -0.00391762 0.999975 1.24739
0.999999 -0.00115302 -0.00216643 0.0574685 0.00116409 0.999991 0.00639069 -0.0240086 0.00215753 -0.00639323 0.999993 1.30046
0.999997 0.00187749 0.000158058 -0.0021399 -0.00187528 0.999982 0.00285756 -0.0139286 -0.000151073 -0.00285775 0.99998 1.21799
0.999995 0.00269126 0.00230335 -0.0279848 -0.00268572 1 -0.0035863 -0.0199439 -0.00231448 0.00357999 1.00001 1.21141
0.999995 0.00225737 -3.67558e-05 0.00434838 -0.00225466 0.999986 0.000519463 -0.022999 3.9379e-05 -0.000519283 0.999985 1.2552
0.999997 -0.00325507 0.000684175 -0.0083189 0.00325171 1.00001 0.000820036 -0.0207477 -0.000688254 -0.000817853 1.00001 1.20956
0.99999 -0.00221671 -0.00346683 0.0559626 0.00221067 0.999984 -0.00253353 -0.0180398 0.003474 0.00252587 0.999976 1.22146
1 -0.000831172 0.00107903 -0.000205126 0.000830044 1.00001 -0.00141156 -0.0213563 -0.00107923 0.00141253 1.00001 1.17602
0.999995 0.00122843 0.00277786 -0.0257614 -0.0012294 0.999989 0.00143987 -0.0161256 -0.00277472 -0.0014435 0.999982 1.17628
1 0.000229524 0.000662094 0.000407678 -0.00023306 1.00001 0.000901267 -0.0167583 -0.000662872 -0.000901221 1.00001 1.1313
1 0.000931752 0.000961646 -0.0148337 -0.000930243 0.999991 0.00162631 -0.0282235 -0.000958981 -0.00162744 0.999985 1.10257
0.999998 -0.000668283 0.000466244 -0.00914767 0.000665134 1 0.000964026 -0.0269979 -0.000467949 -0.000963565 1.00001 1.02236
1 -0.000508846 -0.000327002 -0.0120919 0.000511919 0.999994 0.00106174 -0.0272999 0.000327671 -0.00106213 0.999987 1.03778
1 0.000292271 -0.000118804 0.00125119 -0.00029495 1 -0.000634706 -0.028492 0.000117481 0.00063495 1.00001 1.00629
1 0.000402733 0.00129586 -0.00745473 -0.000399598 0.999995 -0.000425181 -0.0223714 -0.00129467 0.000424454 0.999988 0.985748
0.999996 -0.00236391 -0.00108237 0.075504 0.00236336 1 0.00186524 -0.0562797 0.00107674 -0.00186764 1.00001 0.978725
1 -0.00133584 -0.00025986 -0.0123611 0.00133797 0.999995 -0.00176988 -0.0175707 0.000263627 0.00176933 0.999987 0.939277
0.999988 -0.00243344 -0.00414246 0.0126568 0.00241725 0.999995 -0.0032977 -0.021477 0.00414903 0.0032878 0.999998 0.96312
0.999988 0.000525442 -0.00499473 -0.00413927 -0.000540018 0.999991 -0.00342873 -0.0187096 0.00499438 0.00343121 0.99997 0.935114
0.999983 0.00188894 -0.00554227 -0.00729691 -0.00190371 1 -0.00219329 -0.0341944 0.0055366 0.00220404 0.999995 0.91755
0.999994 0.00183994 -0.00384726 -0.0114763 -0.00183836 0.999995 -0.000212185 -0.0282036 0.00384853 0.000218984 0.999982 0.975133
0.999991 0.0022644 -0.00296718 -0.0167582 -0.00226197 0.999999 0.00160157 -0.0344014 0.00296945 -0.00159456 1 0.935967
1 -0.000951582 -0.00227296 -0.0158379 0.00095904 0.999994 0.00224205 -0.0342172 0.00227217 -0.00224452 0.999986 0.936243
0.99999 -0.00288891 -0.00256349 0.0049983 0.00289145 0.999998 0.00190978 -0.0255523 0.00255663 -0.00191688 1 0.9172
0.999998 -0.00172715 -0.0025225 0.0145335 0.00173204 0.999994 0.000990697 -0.0315607 0.0025222 -0.00099534 0.999987 0.940754
0.999996 0.000255607 -0.00178674 0.000496133 -0.000259685 1 -0.000961112 -0.0215706 0.00178505 0.000961867 1.00001 0.911642
0.999999 0.00185506 -0.00176317 0.00315017 -0.00185422 0.999994 -0.000826175 -0.0218673 0.00176307 0.000829136 0.99999 0.914575
0.999991 0.00370939 -0.000118983 -0.010744 -0.00371171 0.999997 -0.000423588 -0.0185451 0.000116044 0.000424312 1.00001 0.921918
0.999999 0.0027128 0.000686431 -0.0100742 -0.00270932 0.999991 -0.00156228 -0.0191136 -0.000689364 0.00156019 0.999991 0.942879
0.999997 0.000129072 0.000462574 -0.00595956 -0.000130775 1 -0.00176632 -0.0291699 -0.000464046 0.00176648 1.00001 0.903658
1 -4.62977e-05 0.000603882 -0.010101 4.9797e-05 0.999996 -0.00177417 -0.0282908 -0.000602435 0.00177397 0.999991 0.909087
0.999998 0.000283054 0.000965503 -0.00905662 -0.000286488 1 0.00099094 -0.0340532 -0.000966538 -0.000991 1.00001 0.955945
0.999998 -0.00281048 -0.00041983 0.00996931 0.00281422 0.999991 0.0030706 -0.0169003 0.000412478 -0.003072 0.999988 0.940066
0.999998 -0.000865043 -0.000241391 -0.00662336 0.000862954 0.999999 0.00160299 -0.021181 0.000238651 -0.001603 1.00001 0.948658
0.999989 -0.00506865 0.000914684 -0.000665819 0.00507406 0.999982 -0.0031878 -0.0242463 -0.000897098 0.00319227 0.999985 0.965986
0.999995 -0.00169917 0.00158964 -0.0238292 0.00170204 0.999994 -0.00340303 -0.0125356 -0.00158517 0.00340585 1 0.913846
0.999996 0.00371617 0.00142219 -0.0217909 -0.00371565 0.999992 0.00156089 -0.0200835 -0.00141499 -0.00156637 0.999988 0.95598
0.999994 0.00128155 0.0019646 -0.0161169 -0.00129299 0.99999 0.00440611 -0.0201528 -0.00196031 -0.00440829 0.999999 0.973
0.999998 -0.00287953 0.00155763 0.000237616 0.00288222 0.999998 9.86961e-05 -0.0190844 -0.00155652 -9.45432e-05 0.999989 0.987343
0.999994 -0.0017076 0.00218149 -0.0062862 0.00170087 0.999997 0.00178344 -0.0153805 -0.00218587 -0.00177934 1.00001 0.979756
1 0.000245155 0.00193827 -0.0096914 -0.000253534 0.999984 0.00583128 -0.0234076 -0.00193533 -0.00583214 0.999971 0.982306
0.999989 -0.00314936 0.00286971 -0.0202452 0.00313418 0.999985 0.0042475 -0.0205479 -0.00288432 -0.00423816 0.999998 0.997853
1 -0.000136027 0.000967708 -0.00382308 0.000138436 1 0.000644713 -0.018507 -0.000966486 -0.000644809 0.999989 0.986207
0.999992 0.0035382 0.00103642 0.0324158 -0.00354437 0.99999 0.00299757 -0.0403043 -0.0010271 -0.00300104 1.00001 1.01745
0.999989 0.00201913 0.00462542 -0.0341863 -0.00202329 0.999998 0.00155755 -0.0210465 -0.00462086 -0.00156706 0.999979 1.03376
0.99999 0.00103334 0.00405535 -0.0211988 -0.00103846 0.999999 0.000500009 -0.0208545 -0.00405621 -0.000504104 1 1.00596
0.999997 0.00286367 -0.000888445 0.0736938 -0.00286042 0.999997 0.000168695 -0.0535504 0.000890436 -0.000166381 0.99999 1.03551
0.999996 -1.64407e-05 0.00272539 -0.00332752 2.1853e-05 0.999995 -0.00317035 -0.0137876 -0.0027267 0.00317054 0.999999 1.05674
0.999999 -0.00128686 0.00099902 0.00470775 0.00129212 0.999997 -0.00190051 -0.00306528 -0.000995162 0.00190166 0.99999 1.04465
0.999998 2.87638e-05 0.00194635 -0.0139248 -3.5321e-05 0.999999 0.00156846 -0.00869954 -0.00194765 -0.00156832 1.00001 1.06065
1 0.00121878 0.000887929 0.00215587 -0.00121778 0.999996 0.00283824 -0.00795128 -0.000883101 -0.00283954 0.999986 1.09326
0.999992 0.000259234 0.00362737 -0.0420058 -0.000260198 1 -0.000703889 -0.0127138 -0.00362872 0.000703293 1 1.07418
1 -0.00206844 -3.90862e-05 0.000361367 0.00207171 0.999993 -0.00334271 -0.00682798 4.74362e-05 0.00334244 0.999986 1.06005
0.999993 -0.0025936 0.00125576 -0.0336067 0.00259477 0.999989 -0.00349262 -0.00953344 -0.00124783 0.00349616 1 1.07235
1 -0.00176378 0.0014239 -0.0320518 0.00176959 1 -0.00166162 -0.00608581 -0.00141924 0.00166377 0.999988 1.08984
0.999997 -0.000942557 0.000307406 -0.0114666 0.000938846 0.999997 0.000519024 -0.0229671 -0.000309501 -0.00051826 1.00001 1.0171
0.999998 -0.00320359 -0.000813658 0.00466812 0.0032062 0.999997 -0.00109852 0.00877365 0.000818999 0.00109536 0.999991 1.12695
0.999995 0.00154567 0.000142425 -0.0243115 -0.00154896 0.999995 0.000182897 0.00567741 -0.000143758 -0.000182635 1.00001 1.07602
1 0.000229935 -0.000908105 -0.00600359 -0.00022543 1 0.00136443 0.0065076 0.000910093 -0.00136476 0.999991 1.17638
0.999995 0.000426158 -0.00187417 0.0087135 -0.00042431 0.999994 0.0027118 -0.0284031 0.00187366 -0.00271038 1 1.14537
1 0.00203912 -0.000816446 -0.0221618 -0.00203409 0.999999 0.00191707 -0.0107778 0.000822032 -0.00191612 0.999991 1.09342
0.999992 0.00310148 -0.000285139 -0.0374164 -0.00310436 0.999991 0.00162941 -0.0278675 0.000288583 -0.00162787 1.00001 1.1412
1 0.00186191 -0.000172745 -0.0360543 -0.00185879 1 -0.00127638 -0.0187521 0.000171994 0.00127609 0.999993 1.16246
0.999994 -0.00286901 7.75008e-05 -0.0455206 0.00286586 0.999987 -0.00386447 -0.0206896 -6.80355e-05 0.00386526 0.999999 1.09032
0.999996 -0.00359597 -0.00103154 0.00229717 0.00359373 0.999982 -0.00533368 -0.0330612 0.00105244 0.00532933 0.99998 1.21231
0.999984 -0.00513501 -0.000810044 -0.039629 0.00512894 0.999978 -0.00362924 -0.0293356 0.000826889 0.00362555 0.999999 1.14631
0.999983 -0.0063463 -0.000107397 -0.0433851 0.00634957 0.999983 4.75227e-05 -0.0061312 0.000108883 -4.8801e-05 0.999994 1.20092
0.999987 -0.00470559 -0.000573414 -0.0485417 0.00470443 0.999981 0.00359532 -0.0134724 0.000554794 -0.00359746 1 1.1606
1 -0.00232236 -0.00128812 -0.0259032 0.00232958 0.999996 0.00314715 -0.0272723 0.00128246 -0.00315063 0.999989 1.2195
0.99999 -0.00360068 -0.000908171 -0.0317453 0.00359759 0.999991 0.0002487 -0.0346623 0.000905628 -0.000251481 1.00001 1.17345
1 -0.000254079 0.000334786 -0.0558947 0.000257208 1 0.000734449 -0.0117617 -0.000333275 -0.000734832 0.999996 1.22078
0.999997 -0.00104757 -0.00123718 -0.028817 0.00104627 0.999996 0.00177066 -0.0216499 0.0012336 -0.00177159 1 1.22035
1 -0.000830087 -0.00132875 -0.0277446 0.000832983 1 -0.000509397 -0.0170596 0.00133107 0.000507906 0.999996 1.20921
0.999997 -0.00145976 -0.000545138 0.0203547 0.00145536 0.999996 -0.00157631 0.00349045 0.000545539 0.00157577 1 1.21335
0.999996 -0.00126236 -0.00326472 0.0231857 0.0012654 1 -0.000155192 -0.0133103 0.00326683 0.000150773 0.999991 1.23768
0.999992 0.000203658 -0.0040206 0.0164007 -0.000201271 0.999998 0.00149183 -0.0238514 0.00401901 -0.00149069 0.999998 1.2514
0.999992 0.00032288 -0.00416169 0.0171375 -0.000319379 1 -3.25884e-05 -0.0122791 0.00416356 3.3625e-05 0.999983 1.25902
0.999995 0.00126337 -0.00300196 0.00437984 -0.00126633 0.999999 0.000212062 -0.00759863 0.00300035 -0.000207924 1 1.26814
0.999995 0.00207692 -0.00200844 -0.0174426 -0.00207022 0.999998 0.00153632 -0.0167137 0.00201354 -0.00153252 0.99999 1.27863
0.999998 0.00152946 -0.00213963 -0.0096562 -0.00152974 0.999998 0.00156794 -0.030021 0.00214007 -0.00156444 1 1.27043
0.999992 0.00355064 -0.000647864 -0.0196067 -0.00354723 0.999994 -0.000330809 -0.0132609 0.00064872 0.000332914 0.999992 1.29427
1 0.000932986 -0.00137142 0.00709434 -0.000937106 1 -0.000427727 -0.0112482 0.00136905 0.000429106 1.00001 1.2708
0.999996 -0.00193904 -0.00076064 -0.00203219 0.0019409 0.999996 -0.00225447 -0.00536143 0.00076718 0.00225285 0.999992 1.26701
1 6.95218e-05 -0.000738399 -0.0412799 -7.25509e-05 0.999999 0.000876165 -0.0616574 0.000736373 -0.000875944 1.00001 1.17066
0.999998 -0.000864523 -0.000595619 -0.0136792 0.000867741 0.999999 -0.000472488 -0.0226441 0.000598138 0.00047185 0.999995 1.2624
1 0.00177378 -0.000918035 -0.0324483 -0.00177698 0.999999 0.000293101 -0.0199794 0.000916482 -0.000291316 1.00001 1.19927
0.999998 -0.00036695 -0.000210418 0.0006835 0.000370261 1 -0.000151112 -0.0241706 0.000212621 0.000150874 0.999994 1.31106
1 -0.000633959 2.83074e-05 -0.0152308 0.000630586 1 0.000657381 -0.0215973 -3.07568e-05 -0.000657198 1.00001 1.2416
0.999995 -0.0028102 0.000361767 -0.0173082 0.00281289 0.999995 0.00143698 -0.0337863 -0.00036367 -0.00143609 0.999993 1.26832
0.999991 -0.00442773 -0.0012241 0.00308137 0.00442583 0.999991 0.00110536 -0.00751939 0.00121719 -0.00111069 1 1.28872
0.999991 -0.00375538 -0.00169451 0.01112 0.00376343 0.999988 0.00278115 -0.0190181 0.00168607 -0.00278756 0.999989 1.25261
0.999997 -0.00212956 -0.00168807 0.0128573 0.00212859 0.999998 0.00140577 -0.0125855 0.00168307 -0.0014093 1 1.27341
0.999999 0.000242679 -0.00174166 0.0123395 -0.000242177 0.999998 -0.00166104 -0.0253822 0.00174329 0.00166144 0.999991 1.25206
0.999998 0.00204425 -0.000859307 -0.00829432 -0.00204901 0.999998 -0.00144401 -0.0215487 0.000854358 0.00144583 1 1.23745
0.999995 0.00330469 -0.00158769 0.0170821 -0.0032999 0.999995 0.000942712 0.0203079 0.00159278 -0.00093752 0.999994 1.24406
0.999982 0.00468611 -0.00361006 0.0415956 -0.00466639 0.999968 0.00635684 -0.0232101 0.00363784 -0.00633979 0.999979 1.18865
0.999998 0.00291207 -0.000788061 -0.000866698 -0.00290912 0.999997 -0.000472644 -0.0209513 0.000788662 0.000474796 0.999995 1.26163
0.999997 -0.000240338 -0.000869361 0.0215108 0.000230524 0.999972 -0.0074712 -0.00293862 0.000869229 0.00747104 0.999978 1.19207
0.999991 -0.00399819 -0.00241752 0.0125572 0.00398443 0.999968 -0.00701628 0.000204821 0.00244739 0.00700658 0.999967 1.20057
0.999987 -0.00513022 -0.000651396 0.00694733 0.00512588 0.999986 -0.00181523 -0.00957162 0.000658878 0.00181183 1 1.26243
0.999996 -0.00304026 0.00115369 -0.00418841 0.00304266 0.999995 0.000699278 -0.0128118 -0.00115405 -0.000695731 0.999994 1.24298
0.999998 -0.000527349 0.00125431 -0.00450552 0.000521952 1 0.00187609 -0.0167673 -0.00125698 -0.00187549 1.00001 1.23393
0.999997 0.00261599 0.000925554 -0.0163651 -0.0026142 0.999994 0.00138002 -0.0037844 -0.00092027 -0.0013824 0.99999 1.20789
0.999992 0.00149942 0.00365927 -0.0699288 -0.00150546 1 0.00079559 -0.00518524 -0.00365976 -0.000801135 1 1.22384
0.999999 0.000437315 0.0012419 -0.0193756 -0.000435332 0.999997 0.000880526 -0.0194223 -0.00123969 -0.000881109 0.999992 1.26851
0.999999 -0.000232252 0.00218323 -0.0370168 0.000231598 1 -0.00111454 -0.0173145 -0.00218469 0.00111507 1 1.24199
