0.999882 -0.00117942 -0.0153655 0.162999 0.0011916 1 0.000776479 -0.000541652 0.0153648 -0.000794824 0.999883 0.980219
0.999861 -0.00254846 -0.0166069 0.142721 0.0025684 0.999998 0.00117979 -0.025675 0.0166053 -0.00122228 0.999864 2.36267
0.999888 -0.00363426 -0.0145407 0.0727228 0.00360991 0.999994 -0.00170263 -0.0160802 0.0145472 0.00164985 0.999894 3.66574
0.999898 -0.00314935 -0.0140454 0.03342 0.0031158 0.999994 -0.00241095 -0.0272568 0.0140544 0.00236692 0.999901 5.01386
0.999882 -0.00352427 -0.0149502 0.032613 0.00348434 0.999992 -0.00269541 -0.042 0.0149599 0.00264286 0.999887 6.36578
0.999845 -0.00576978 -0.0167353 0.0561265 0.00573523 0.999984 -0.00211267 -0.0596779 0.0167487 0.00201634 0.999861 7.7122
0.999828 -0.0051859 -0.0177968 0.0470162 0.00515061 0.999987 -0.00202959 -0.0751591 0.0178074 0.00193738 0.999842 9.1032
0.999826 -0.00420395 -0.018261 0.016879 0.00412932 0.999987 -0.00412341 -0.0945649 0.0182796 0.00404729 0.999828 10.4687
0.999825 -0.00167492 -0.018649 -0.00366869 0.00155092 0.999979 -0.00666235 -0.118723 0.01866 0.00663206 0.999807 11.8592
0.999854 0.00223413 -0.0170925 -0.0674001 -0.00236496 0.999972 -0.00763878 -0.146487 0.0170765 0.00767808 0.999829 13.2039
0.999859 0.00491786 -0.0161175 -0.117627 -0.0050377 0.999963 -0.00740384 -0.181163 0.0160808 0.00748372 0.999846 14.5853
0.99988 0.00574143 -0.0145763 -0.176566 -0.00583356 0.999967 -0.00628454 -0.212114 0.0145412 0.00636882 0.999879 15.9473
0.999912 0.00348025 -0.0128571 -0.226849 -0.00352567 0.999992 -0.00351154 -0.242244 0.0128451 0.00355633 0.999915 17.3231
0.999944 -0.000415524 -0.0108357 -0.281353 0.00039819 1 -0.00160247 -0.267544 0.010838 0.0015981 0.999945 18.6859
0.999949 -0.0031875 -0.0097202 -0.318699 0.00315359 0.999993 -0.00351315 -0.299329 0.00973167 0.00348202 0.999951 20.0659
0.999959 -0.0037411 -0.00876384 -0.360246 0.00369364 0.999983 -0.00542328 -0.325775 0.00878561 0.00539074 0.999952 21.4048
0.999897 -0.00303623 -0.0141901 -0.258922 0.00305808 0.999999 0.00149547 -0.520782 0.0141858 -0.00153915 0.999903 22.7245
0.99993 -0.000960743 -0.0122621 -0.306238 0.00102982 0.999989 0.00562463 -0.57111 0.0122582 -0.00563699 0.999915 24.1202
0.999943 -0.00114272 -0.010951 -0.346115 0.0012654 0.999942 0.0111695 -0.615361 0.0109378 -0.0111832 0.999883 25.5403
0.99997 -0.00312154 -0.00790864 -0.403361 0.00322048 0.999921 0.0125147 -0.613907 0.00787063 -0.0125399 0.999897 26.9224
0.999953 -0.00713745 -0.0072304 -0.430413 0.0072209 0.999912 0.0115549 -0.631549 0.00714759 -0.011607 0.999912 28.3308
0.999958 -0.00775267 -0.00621627 -0.466417 0.00781563 0.999923 0.0101513 -0.650836 0.00613891 -0.0101995 0.999936 29.7204
0.999957 -0.00887019 -0.00399567 -0.508263 0.00890063 0.999937 0.0076357 -0.66114 0.00392806 -0.00767132 0.999968 31.0942
0.999994 -0.00521846 -0.00123474 -0.552912 0.00522602 0.999973 0.00644629 -0.667442 0.00120297 -0.00645281 0.999988 32.4872
0.999997 -0.00420071 -0.00026353 -0.575864 0.0042021 0.999987 0.00465986 -0.683999 0.000244125 -0.00466124 0.999996 33.8853
1 -0.00321956 0.000876581 -0.592245 0.00321481 0.999991 0.00492955 -0.699594 -0.000890701 -0.00492669 0.999998 35.3
0.999998 -0.00333799 0.00205835 -0.625193 0.00332509 0.999981 0.0063354 -0.713849 -0.00207931 -0.0063288 0.999986 36.7179
1 -0.00278448 0.00185345 -0.630578 0.00277053 0.999978 0.00726504 -0.719431 -0.00187185 -0.00725982 0.999983 38.1396
1.00001 -0.000423742 0.00112429 -0.614369 0.000414975 0.999976 0.00789313 -0.733968 -0.00112741 -0.00789291 0.999977 39.5731
1.00001 0.00219226 0.0017173 -0.631497 -0.00220478 0.999982 0.00706011 -0.739915 -0.00170003 -0.00706375 0.999985 41.0215
0.999994 0.00484286 0.00144068 -0.630547 -0.00485267 0.999971 0.00697915 -0.747773 -0.00140658 -0.0069863 0.999984 42.5022
0.99999 0.00599923 0.00209671 -0.645311 -0.00601404 0.999967 0.00689104 -0.757054 -0.00205347 -0.00690345 0.999986 43.9457
0.999995 0.00484703 0.00113802 -0.630978 -0.00485393 0.999977 0.00618111 -0.765655 -0.00110774 -0.00618675 0.99999 45.4077
1 0.00432722 0.00159397 -0.645449 -0.00433815 0.999979 0.00648214 -0.789017 -0.00156385 -0.00648889 0.99999 46.8453
1 0.003917 0.000671881 -0.649118 -0.00392162 0.999977 0.00681802 -0.804851 -0.000644863 -0.00682071 0.999988 48.2664
1 0.00334946 -0.00241717 -0.612621 -0.00332955 0.999967 0.00851642 -0.826911 0.00244755 -0.00850831 0.999974 49.755
0.999993 0.00360305 -0.00438636 -0.597999 -0.00356729 0.999968 0.00816181 -0.839496 0.00441592 -0.00814617 0.999969 51.2226
0.999982 0.00428931 -0.00602088 -0.6078 -0.00424111 0.999967 0.00812333 -0.844071 0.00605748 -0.0080976 0.999962 52.6835
0.99997 0.00472177 -0.00746048 -0.61724 -0.00465879 0.999961 0.00845766 -0.851805 0.0075004 -0.00842271 0.999949 54.1218
0.999971 0.00406464 -0.00773823 -0.636465 -0.00399861 0.999964 0.00861154 -0.854749 0.00777491 -0.00858032 0.999947 55.5994
0.999978 0.00311492 -0.00717161 -0.656453 -0.00305834 0.999972 0.00792144 -0.859007 0.00719636 -0.00789941 0.999955 57.0711
0.999979 0.000932961 -0.007584 -0.67257 -0.000880932 0.999986 0.00695036 -0.867884 0.00759236 -0.00694343 0.999962 58.5196
0.999992 0.00056986 -0.00573885 -0.711662 -0.000530619 0.999984 0.00689996 -0.878916 0.00574296 -0.00689682 0.999972 59.9617
1 -0.00161271 -0.00413901 -0.739519 0.00165098 0.999963 0.0094553 -0.911623 0.00412569 -0.00946199 0.999962 61.4047
1 -0.00327777 -0.002989 -0.761241 0.00331043 0.99994 0.0111984 -0.931688 0.00295199 -0.0112084 0.999946 62.8604
0.999996 -0.00478149 -0.00267821 -0.751458 0.00480729 0.99995 0.0100536 -0.934071 0.00263159 -0.0100664 0.999961 64.3019
0.999978 -0.00784572 -0.00205375 -0.753727 0.00786394 0.999934 0.00935879 -0.944663 0.00197958 -0.00937494 0.999969 65.7425
0.999985 -0.00720422 -0.00058585 -0.759679 0.00720832 0.999945 0.00894495 -0.959023 0.000522986 -0.00894901 0.999975 67.1773
0.99999 -0.00645555 -0.000241598 -0.764102 0.00645668 0.99995 0.00871207 -0.969976 0.000184757 -0.00871379 0.999977 68.6332
1.00001 -0.00222117 0.0027471 -0.805799 0.00219378 0.999962 0.00965743 -0.983754 -0.00276708 -0.00965149 0.999966 70.0236
1 0.0016739 0.00359767 -0.808813 -0.00171471 0.999945 0.011191 -0.999949 -0.00357943 -0.0111974 0.999946 71.501
0.999973 0.00690354 0.00563364 -0.821232 -0.00696682 0.999926 0.0111571 -1.01516 -0.00555506 -0.011196 0.999941 72.9029
0.999906 0.012185 0.00791582 -0.864187 -0.0122482 0.999903 0.00790299 -0.967851 -0.00781981 -0.0079994 0.999951 74.3694
0.999846 0.0156545 0.00942082 -0.875744 -0.0157238 0.999862 0.00724805 -0.982411 -0.00930505 -0.00739505 0.999949 75.7945
0.999806 0.0180308 0.0093411 -0.844615 -0.0180955 0.999823 0.00683445 -1.00451 -0.00921715 -0.00700244 0.999948 77.2477
0.999769 0.0192035 0.0108986 -0.864432 -0.0192703 0.999809 0.00602589 -1.00485 -0.0107799 -0.00623448 0.999945 78.6986
0.999788 0.0185301 0.0103683 -0.838946 -0.0185773 0.999828 0.00445767 -1.00883 -0.0102852 -0.00464955 0.999953 80.1078
0.999823 0.016706 0.0101203 -0.805572 -0.0167188 0.999871 0.00114771 -0.998873 -0.0100992 -0.0013167 0.99997 81.4888
0.999765 0.0176889 0.0136314 -0.891313 -0.0176747 0.999855 -0.00117282 -0.98669 -0.0136517 0.000931381 0.999924 82.8912
0.999808 0.0157405 0.0129111 -0.812035 -0.0157643 0.999887 0.00171425 -1.06385 -0.0128821 -0.00191739 0.999935 84.1422
0.999813 0.0159954 0.0121715 -0.787264 -0.0159996 0.999885 0.00027453 -1.07293 -0.0121682 -0.000469251 0.999947 85.564
0.99973 0.0156901 0.0184053 -0.934382 -0.0156736 0.99989 -0.00106638 -1.0615 -0.0184197 0.000777742 0.999859 86.8468
0.999583 0.0164184 0.0243594 -1.05879 -0.0163594 0.999875 -0.00260222 -1.0489 -0.0244016 0.00220262 0.999719 88.1921
0.999618 0.0141769 0.024684 -1.03295 -0.0141532 0.999913 -0.00115266 -1.09246 -0.0246984 0.000802995 0.999726 89.5592
0.999611 0.0129129 0.025354 -1.07289 -0.012824 0.999924 -0.00364762 -1.06254 -0.0254022 0.00332115 0.999691 91.0478
0.999635 0.0107542 0.0257057 -1.0472 -0.0106718 0.999952 -0.00334739 -1.09975 -0.0257408 0.00307205 0.999695 92.3968
0.999615 0.0087335 0.0269895 -1.04048 -0.00863948 0.99997 -0.00358343 -1.13459 -0.0270229 0.00334899 0.999649 93.7453
0.999572 0.00812009 0.0289162 -1.05663 -0.00794049 0.999964 -0.00632195 -1.12681 -0.0289673 0.00608982 0.999596 95.1981
0.999646 0.00765835 0.0261638 -0.960709 -0.00752218 0.999973 -0.00527515 -1.18869 -0.0262063 0.00507667 0.999665 96.5934
0.999584 0.00793772 0.0286257 -0.977842 -0.0077604 0.999966 -0.00629998 -1.212 -0.0286756 0.00607543 0.999607 97.9823
0.999508 0.00917226 0.0305752 -0.975312 -0.008947 0.999947 -0.00747487 -1.24179 -0.0306451 0.00719787 0.999525 99.3607
0.999445 0.0107199 0.0323617 -0.968996 -0.0104625 0.999929 -0.00810539 -1.26354 -0.0324473 0.00776248 0.999481 100.725
0.99945 0.00996296 0.0321576 -0.914205 -0.00974216 0.999944 -0.00700049 -1.29377 -0.0322287 0.00668355 0.99948 102.09
0.999482 0.010921 0.0311608 -0.863396 -0.0107419 0.999942 -0.00589908 -1.32935 -0.0312245 0.00556155 0.999536 103.433
0.999439 0.0099276 0.0325273 -0.859727 -0.0096218 0.999925 -0.00952725 -1.32905 -0.0326225 0.00920921 0.999449 104.833
0.999495 0.00942457 0.0312681 -0.79531 -0.00906448 0.999908 -0.0116217 -1.37248 -0.0313759 0.0113325 0.999485 106.151
0.999464 0.00918243 0.0319763 -0.79265 -0.00875459 0.999888 -0.0134691 -1.39936 -0.0320995 0.0131822 0.999424 107.479
0.999369 0.0061573 0.0357664 -0.799156 -0.00573741 0.99993 -0.0118239 -1.45955 -0.0358377 0.0116112 0.999333 108.599
0.999238 0.0055798 0.0390623 -0.810293 -0.00516881 0.999949 -0.0105968 -1.48327 -0.0391227 0.010387 0.999208 109.997
0.999241 0.00503674 0.0393601 -0.749245 -0.00460997 0.999947 -0.0109184 -1.50919 -0.0394142 0.0107286 0.999208 111.362
0.999172 0.00488207 0.0408124 -0.703448 -0.00432017 0.999914 -0.0138245 -1.53449 -0.0408796 0.0136369 0.999099 112.705
0.999192 0.00500228 0.040598 -0.618219 -0.00447827 0.999925 -0.0129743 -1.63526 -0.0406614 0.0127819 0.999133 114.072
0.998974 0.00914684 0.044727 -0.644468 -0.00838004 0.999837 -0.0172762 -1.63365 -0.0448809 0.016884 0.998881 115.439
0.99886 0.0113832 0.0469731 -0.599977 -0.0106116 0.999825 -0.0166295 -1.69064 -0.0471557 0.0161121 0.9988 116.769
0.99866 0.013744 0.0502216 -0.549687 -0.0130009 0.999824 -0.0150702 -1.74687 -0.0504231 0.0143973 0.998656 118.098
0.998623 0.0124482 0.0515076 -0.49404 -0.0118637 0.999882 -0.0116235 -1.8047 -0.0516478 0.0109965 0.998646 119.45
0.998483 0.012851 0.0538619 -0.461409 -0.0122015 0.999873 -0.0123467 -1.82318 -0.054017 0.0116712 0.998504 120.818
0.998326 0.013618 0.0567308 -0.416845 -0.0128457 0.99984 -0.0139473 -1.8446 -0.0569132 0.0131952 0.998335 122.159
0.998138 0.0173509 0.0587749 -0.352406 -0.0164397 0.999762 -0.0159273 -1.87155 -0.0590403 0.0149319 0.998177 123.519
0.997768 0.0202432 0.064114 -0.371435 -0.0190789 0.999662 -0.0187131 -1.87563 -0.0644732 0.017448 0.997808 124.892
0.997665 0.0209891 0.0652618 -0.270433 -0.0197412 0.999635 -0.0196885 -1.93274 -0.0656546 0.0183546 0.997706 126.214
0.997559 0.0217713 0.0668242 -0.176644 -0.0204871 0.999613 -0.0198352 -1.99712 -0.0672327 0.0184175 0.99761 127.53
0.997542 0.020346 0.0673197 -0.0642871 -0.019117 0.999665 -0.018831 -2.07269 -0.0676836 0.0174981 0.997588 128.854
0.997416 0.0205671 0.0693096 0.00317546 -0.0193145 0.999658 -0.0186869 -2.10986 -0.0696733 0.0172997 0.997462 130.174
0.997288 0.0190514 0.0713517 0.0851207 -0.0177656 0.999694 -0.0185951 -2.1482 -0.0716875 0.0172774 0.997312 131.516
0.997387 0.0174465 0.0705869 0.206919 -0.0162531 0.999736 -0.0174371 -2.21282 -0.0708755 0.0162441 0.997397 132.847
0.997405 0.0149153 0.0706991 0.300627 -0.0137069 0.999778 -0.0175308 -2.25467 -0.0709482 0.0165167 0.997379 134.202
0.997493 0.0130156 0.070058 0.410048 -0.0118393 0.999803 -0.0171699 -2.2971 -0.0702709 0.0162973 0.997439 135.591
0.997466 0.0112686 0.070516 0.478811 -0.0100213 0.999813 -0.0180007 -2.33269 -0.0707091 0.0172488 0.997384 137.011
0.997389 0.0101736 0.0719857 0.520169 -0.00888881 0.999818 -0.0181349 -2.383 -0.0721601 0.0174475 0.997286 138.352
0.997371 0.00907513 0.0721659 0.591892 -0.00788907 0.999853 -0.0166903 -2.43824 -0.0723104 0.0160773 0.997289 139.738
0.997436 0.00717067 0.0716999 0.675091 -0.00597281 0.999862 -0.0168959 -2.48012 -0.0718142 0.0164242 0.997328 141.122
0.997374 0.00735523 0.0723292 0.733321 -0.00612287 0.999856 -0.0172347 -2.52409 -0.0724491 0.0167467 0.997268 142.491
0.997372 0.00719825 0.0725748 0.80201 -0.00591901 0.999845 -0.0178153 -2.56927 -0.0726949 0.0173387 0.997248 143.884
0.99724 0.0068556 0.0742053 0.851269 -0.00552402 0.999843 -0.0181245 -2.61631 -0.0743215 0.0176647 0.997115 145.263
0.997183 0.0051195 0.0753036 0.918224 -0.00350204 0.999782 -0.0215849 -2.65188 -0.0754007 0.0212602 0.996973 146.651
0.997209 0.000572538 0.0749317 1.00633 0.00118951 0.999747 -0.0234576 -2.67877 -0.0749296 0.0234814 0.99695 148.038
0.997293 -0.00760747 0.0736182 1.11968 0.00927051 0.999732 -0.022262 -2.72061 -0.0734318 0.0228838 0.997086 149.357
0.997179 -0.0135238 0.074133 1.18704 0.0152185 0.999658 -0.0223324 -2.75527 -0.0738088 0.0233973 0.997038 150.732
0.997259 -0.016489 0.0726625 1.30897 0.018418 0.999516 -0.0259452 -2.8062 -0.0722025 0.0272119 0.997069 152.119
0.997155 -0.015183 0.0741414 1.37885 0.0174323 0.999428 -0.0297756 -2.85944 -0.0736501 0.0309829 0.996843 153.459
0.997093 -0.0115865 0.075797 1.4715 0.0139443 0.999456 -0.0306439 -2.94272 -0.0754036 0.0316112 0.996701 154.842
0.996918 -0.0115476 0.0778866 1.55157 0.0140305 0.999432 -0.0313981 -2.99472 -0.0774829 0.0323937 0.996509 156.23
0.996698 -0.0148033 0.0803028 1.616 0.0171502 0.999467 -0.0286032 -3.049 -0.0798393 0.0298855 0.996409 157.543
0.996492 -0.0203226 0.0814712 1.73082 0.0225301 0.999424 -0.0262636 -3.10668 -0.0808937 0.0280067 0.996371 158.942
0.996384 -0.0236694 0.0820713 1.83902 0.0258722 0.999355 -0.0258708 -3.15728 -0.0814087 0.0279001 0.99634 160.301
0.996219 -0.0250615 0.0834802 1.91412 0.0273644 0.999296 -0.0265528 -3.20478 -0.0827591 0.0287364 0.996197 161.654
0.996137 -0.0229276 0.0852237 2.00523 0.0252986 0.999344 -0.0268362 -3.25272 -0.0845551 0.028888 0.99605 163.011
0.996029 -0.0190884 0.0872471 2.10328 0.0215139 0.999429 -0.0269393 -3.32121 -0.0866861 0.028709 0.995865 164.382
0.995889 -0.0156962 0.0896797 2.19604 0.0184469 0.999407 -0.0299157 -3.37284 -0.08916 0.0314463 0.99557 165.738
0.995784 -0.0135209 0.0910177 2.28459 0.0163552 0.999426 -0.0304599 -3.42708 -0.0905566 0.0318196 0.995426 167.102
0.995483 -0.0120844 0.0946148 2.35342 0.0149005 0.99949 -0.0291058 -3.48956 -0.0942178 0.0303834 0.995138 168.466
0.995311 -0.010864 0.0963863 2.43924 0.0137836 0.999489 -0.029671 -3.53863 -0.0960175 0.03086 0.994944 169.847
0.995344 -0.00839778 0.0964604 2.55489 0.0115605 0.999438 -0.0322656 -3.60417 -0.0961381 0.0332296 0.994865 171.235
0.995385 -0.00569842 0.096066 2.67343 0.00906905 0.999381 -0.0346813 -3.67432 -0.0958118 0.0353921 0.994813 172.592
0.995329 -0.00031139 0.0969835 2.78676 0.00375165 0.999396 -0.0352819 -3.76037 -0.0969174 0.03548 0.99471 174.002
0.995109 0.00486937 0.0989272 2.85608 -0.00148882 0.999439 -0.0342125 -3.81844 -0.0990414 0.0338974 0.994551 175.386
0.995145 0.00741998 0.0986215 3.01875 -0.00432408 0.99952 -0.0315604 -3.90343 -0.098812 0.0309795 0.994679 176.801
0.994719 0.00864565 0.102523 3.08988 -0.00568713 0.999588 -0.0291067 -3.97268 -0.102735 0.0283695 0.994349 178.173
0.994735 0.00558421 0.102788 3.22172 -0.00261798 0.999604 -0.0289626 -4.02666 -0.102913 0.0285398 0.994336 179.578
0.994863 0.00297623 0.101449 3.36082 -0.000161022 0.999645 -0.0277392 -4.10982 -0.101498 0.02758 0.9945 180.992
0.994939 0.00295379 0.10091 3.48161 0.000200216 0.99954 -0.0312237 -4.18533 -0.100959 0.0310846 0.994461 182.4
0.994843 0.00542522 0.101553 3.58315 -0.00181208 0.999396 -0.0356311 -4.24996 -0.101687 0.035263 0.994239 183.787
0.994737 0.0100898 0.102431 3.69475 -0.00643062 0.99936 -0.0359842 -4.32032 -0.102732 0.0351348 0.994146 185.203
0.994451 0.0142186 0.10451 3.80844 -0.0106849 0.999389 -0.0342888 -4.39593 -0.104936 0.0329814 0.993983 186.465
0.994246 0.0161816 0.106346 3.92335 -0.0129959 0.999477 -0.0305739 -4.46769 -0.106789 0.0290147 0.993916 187.825
0.994045 0.0175817 0.10782 4.04655 -0.014594 0.999524 -0.0284307 -4.53535 -0.10827 0.0266874 0.993815 189.218
0.994214 0.0168137 0.106559 4.21213 -0.0139633 0.999555 -0.0274316 -4.60299 -0.106977 0.0257838 0.993986 190.58
0.994214 0.0142089 0.106745 4.35593 -0.0114978 0.999631 -0.0259642 -4.67617 -0.107077 0.0245861 0.994 192.028
0.994243 0.0111892 0.107029 4.52078 -0.00860155 0.999689 -0.0245987 -4.75652 -0.107275 0.0235353 0.994011 193.506
0.9942 0.00763369 0.107547 4.67223 -0.00512642 0.999745 -0.0235659 -4.8288 -0.107701 0.0228775 0.993974 194.956
0.994285 0.00458666 0.107125 4.85397 -0.00219039 0.999774 -0.0224671 -4.88635 -0.107207 0.022103 0.994052 196.441
0.994012 0.000325328 0.109545 4.97221 0.00204518 0.999802 -0.0215235 -4.93563 -0.109532 0.0216182 0.993803 197.849
0.993876 -0.00193171 0.110932 5.1121 0.00438805 0.99978 -0.021894 -4.98593 -0.110869 0.0222456 0.993648 199.291
0.993759 0.000561878 0.111818 5.26495 0.00239702 0.999686 -0.0263222 -5.04146 -0.111799 0.0264256 0.993434 200.742
0.993568 0.00934635 0.113298 5.38504 -0.00575051 0.999501 -0.0320189 -5.09256 -0.113544 0.0311599 0.993107 202.18
0.993259 0.0170972 0.114917 5.52434 -0.0135635 0.99945 -0.0314588 -5.16925 -0.115392 0.0296873 0.992932 203.62
0.992546 0.025378 0.119626 5.58708 -0.0225172 0.999461 -0.0252037 -5.27308 -0.120204 0.0223209 0.992563 205.171
0.992257 0.0254503 0.121827 5.72541 -0.0229638 0.999537 -0.021767 -5.34826 -0.122325 0.0188002 0.992369 206.622
0.992373 0.0236363 0.121401 5.90663 -0.0212453 0.999587 -0.0209493 -5.40646 -0.121849 0.0182092 0.992446 208.115
0.992337 0.020588 0.122099 6.04324 -0.0181546 0.99965 -0.0210077 -5.461 -0.122489 0.0186294 0.992352 209.544
0.992489 0.0182759 0.121391 6.21311 -0.0157653 0.999675 -0.0216086 -5.5133 -0.121749 0.0195315 0.992435 211.004
0.992329 0.0186208 0.122479 6.35952 -0.0160702 0.999669 -0.0217771 -5.57424 -0.122844 0.0196411 0.992289 212.46
0.992075 0.0198211 0.12449 6.4875 -0.0172509 0.999651 -0.0216868 -5.62963 -0.124878 0.0193661 0.99205 213.904
0.99207 0.0212167 0.124154 6.68588 -0.0187676 0.999643 -0.020859 -5.69204 -0.124553 0.0183628 0.992103 215.379
0.992062 0.0215273 0.124299 6.86921 -0.0190945 0.999637 -0.0207269 -5.75705 -0.124702 0.0181877 0.992093 216.856
0.992154 0.019478 0.123761 7.0649 -0.0170813 0.999682 -0.0203931 -5.82491 -0.124119 0.0181183 0.992162 218.373
0.992231 0.0169303 0.123671 7.24424 -0.0144678 0.999713 -0.0207807 -5.8781 -0.12399 0.0188288 0.992172 219.859
0.992159 0.0171662 0.124071 7.4092 -0.0147176 0.999716 -0.0206241 -5.93928 -0.12439 0.0186356 0.99212 221.347
0.992166 0.016403 0.12427 7.58154 -0.0141517 0.999756 -0.0189757 -6.02492 -0.124552 0.0170672 0.992136 222.835
0.992104 0.016168 0.124645 7.73628 -0.0139754 0.999768 -0.0184453 -6.0867 -0.124915 0.0165569 0.992093 224.278
0.992189 0.016366 0.124095 7.94307 -0.0142354 0.999772 -0.0180359 -6.1515 -0.124363 0.0161275 0.992175 225.803
0.992379 0.0162582 0.122428 8.15842 -0.0142114 0.99978 -0.0175727 -6.21863 -0.122687 0.015698 0.992385 227.358
0.992446 0.0168045 0.121963 8.33689 -0.0147841 0.999774 -0.017451 -6.27201 -0.12223 0.015515 0.992451 228.84
0.992445 0.0163842 0.12187 8.51461 -0.0143382 0.999777 -0.0176466 -6.32337 -0.122131 0.0157649 0.992452 230.367
0.992279 0.0151645 0.123535 8.67007 -0.0129884 0.999782 -0.0184015 -6.36521 -0.123788 0.0166538 0.99224 231.888
0.992144 0.0146615 0.124519 8.83126 -0.0124202 0.999782 -0.0187578 -6.40878 -0.124767 0.017063 0.992102 233.415
0.99199 0.0136656 0.126001 8.98615 -0.0114135 0.999798 -0.0185776 -6.45043 -0.126231 0.0169897 0.991926 234.923
0.991957 0.0130214 0.126187 9.17141 -0.0108744 0.99982 -0.0176894 -6.51318 -0.126394 0.016174 0.991912 236.451
0.991855 0.0132384 0.127117 9.35705 -0.0110628 0.999816 -0.017805 -6.57521 -0.12733 0.0162526 0.9918 237.964
0.991484 0.0140367 0.129735 9.50316 -0.0116995 0.999792 -0.018761 -6.62149 -0.129971 0.0170825 0.991436 239.449
0.991214 0.0145273 0.131889 9.68629 -0.012109 0.999781 -0.0191187 -6.65122 -0.132139 0.0173525 0.991154 240.879
0.991164 0.0123964 0.132331 9.93453 -0.0103409 0.999853 -0.0162106 -6.70844 -0.132512 0.014698 0.991139 242.258
0.990865 0.0113639 0.134786 10.1204 -0.00943527 0.999881 -0.0149382 -6.76755 -0.134941 0.0135289 0.990838 243.669
0.990533 0.0123183 0.136985 10.268 -0.0101163 0.999847 -0.0167625 -6.81336 -0.13717 0.015217 0.990499 245.271
0.990615 0.0125903 0.136506 10.5199 -0.0102391 0.999825 -0.0179116 -6.86505 -0.136709 0.0163445 0.990553 246.746
0.990856 0.0127985 0.13459 10.787 -0.0106605 0.999844 -0.0165979 -6.94043 -0.134781 0.0150102 0.99083 248.318
0.99123 0.0123083 0.131998 11.0596 -0.0104607 0.999875 -0.0146803 -7.01209 -0.132163 0.0131697 0.991218 249.84
0.991189 0.0123146 0.13217 11.2482 -0.0105385 0.999883 -0.0141342 -7.06523 -0.132328 0.0126156 0.991195 251.388
0.991273 0.0122201 0.131682 11.4519 -0.0105042 0.999889 -0.0137163 -7.12494 -0.131836 0.0122124 0.991275 252.931
0.991264 0.0138176 0.131452 11.6514 -0.0121418 0.999873 -0.0135461 -7.17344 -0.131622 0.0118304 0.991299 254.518
0.991173 0.0148753 0.132161 11.8343 -0.0131974 0.999859 -0.0135621 -7.21892 -0.132345 0.0116971 0.991213 256.057
0.991252 0.0148974 0.131423 12.0451 -0.0133172 0.999867 -0.0128986 -7.27378 -0.131597 0.0110343 0.991312 257.589
0.991409 0.0135363 0.130525 12.2669 -0.0119608 0.999883 -0.0128459 -7.31703 -0.130686 0.0111732 0.991439 259.11
0.991608 0.0120604 0.129006 12.5014 -0.0105321 0.999904 -0.012527 -7.35984 -0.129144 0.0110618 0.991634 260.698
0.991504 0.00984774 0.130148 12.6827 -0.00824428 0.999922 -0.0128516 -7.39148 -0.130265 0.0116682 0.99149 262.236
0.991541 0.00901609 0.129769 12.8828 -0.0071617 0.999904 -0.0147551 -7.42278 -0.129889 0.0136994 0.991504 263.794
0.991607 0.0110831 0.129262 13.0771 -0.00874755 0.999827 -0.0186213 -7.45978 -0.129447 0.0173329 0.991515 265.327
0.991239 0.00580551 0.132253 13.2183 -0.00409117 0.999944 -0.0132374 -7.56012 -0.132322 0.0125787 0.991198 266.843
0.991113 -0.000580981 0.133466 13.3796 0.00154456 1.00001 -0.00711457 -7.70416 -0.133465 0.00725636 0.991107 268.361
0.991159 -0.00198894 0.132962 13.5982 0.00284403 1.00001 -0.00624765 -7.77417 -0.132952 0.00656869 0.991172 269.971
0.99139 -0.00322091 0.131365 13.8352 0.00399776 1.00002 -0.00564853 -7.83996 -0.13135 0.00612391 0.991397 271.589
0.990959 -0.0046719 0.134377 13.9879 0.00520131 1.00002 -0.00359496 -7.90434 -0.134362 0.00425953 0.990995 273.085
0.991032 -0.00229432 0.134069 14.2238 0.00292277 1.00003 -0.00448932 -7.93195 -0.134064 0.00483977 0.99104 274.669
0.990894 -0.000519833 0.134942 14.4299 0.00119167 1.00003 -0.00490369 -7.96956 -0.134942 0.00501789 0.990913 276.219
0.990745 -0.00238774 0.136186 14.6321 0.0028133 1.00003 -0.00293115 -8.02913 -0.136185 0.00328603 0.990759 277.764
0.990515 -0.0025587 0.137678 14.8308 0.00285188 1.00003 -0.00193754 -8.07551 -0.137678 0.00230981 0.990548 279.308
0.990178 -0.00277485 0.140265 15.0223 0.00315246 1.00004 -0.00247323 -8.10243 -0.140266 0.00288964 0.990197 280.786
0.990021 -0.00462152 0.141132 15.219 0.00506156 1.00002 -0.00276633 -8.13063 -0.141123 0.00345093 0.99006 282.426
0.98985 -0.00622392 0.142458 15.4703 0.00665772 1.00002 -0.00257494 -8.1615 -0.142448 0.00349564 0.989883 283.903
0.989812 -0.00703448 0.1425 15.6948 0.00732374 1.00001 -0.00151332 -8.19571 -0.142492 0.00253939 0.989868 285.515
0.989701 -0.00720162 0.143437 15.8963 0.00760793 1.00001 -0.00229091 -8.21486 -0.143426 0.00335682 0.989744 287.089
0.989597 -0.00936429 0.143851 16.1005 0.0101499 0.999978 -0.00473706 -8.23655 -0.143804 0.00614577 0.989662 288.651
0.989651 -0.00963555 0.143643 16.3313 0.0108368 0.999957 -0.00759006 -8.26388 -0.143567 0.00906625 0.989689 290.229
0.989674 -0.0104454 0.143244 16.5466 0.0116154 0.999946 -0.00734339 -8.29742 -0.143161 0.00892928 0.989734 291.803
0.989756 -0.0115976 0.142771 16.7654 0.0129683 0.999923 -0.00868201 -8.30743 -0.142663 0.0104425 0.989807 293.357
0.989578 -0.00974761 0.14396 16.9559 0.0115769 0.999902 -0.0118831 -8.31582 -0.143831 0.0134238 0.989586 294.919
0.989559 -0.00716035 0.1444 17.1592 0.00925985 0.999905 -0.013881 -8.34017 -0.144289 0.015071 0.98951 296.487
0.989594 -0.00701529 0.144012 17.3864 0.00906759 0.999907 -0.0136073 -8.39305 -0.143904 0.0147695 0.989557 298.128
0.989596 -0.00791043 0.144107 17.5806 0.00982631 0.999917 -0.0125966 -8.44745 -0.143998 0.0138795 0.989571 299.651
0.989808 -0.00992867 0.142368 17.827 0.0116207 0.999914 -0.0110677 -8.48921 -0.142247 0.0126071 0.989829 301.286
0.989898 -0.00828019 0.141989 18.055 0.00983028 0.999944 -0.0102283 -8.52395 -0.141899 0.0115187 0.989904 302.897
0.989636 -0.00791487 0.143681 18.266 0.00951647 0.999943 -0.0104712 -8.56359 -0.143591 0.0117278 0.989648 304.503
0.989596 -0.00806005 0.144097 18.5001 0.00978863 0.999933 -0.0113004 -8.5958 -0.143999 0.0125912 0.989588 306.133
0.989546 -0.0101995 0.144169 18.7385 0.0119941 0.999904 -0.0115939 -8.63462 -0.144038 0.0131995 0.989564 307.725
0.989702 -0.0132525 0.142978 18.9867 0.0154736 0.99982 -0.0144438 -8.64044 -0.142764 0.0165053 0.989711 309.34
0.9897 -0.0154217 0.142651 19.2206 0.0180181 0.999738 -0.0169382 -8.68049 -0.142354 0.0193316 0.989708 310.941
0.990104 -0.0166542 0.139799 19.4791 0.0196288 0.999653 -0.019937 -8.69706 -0.139421 0.0224814 0.99007 312.527
0.990546 -0.0162938 0.136553 19.7183 0.0192419 0.999653 -0.020309 -8.77234 -0.136175 0.022742 0.990505 314.117
0.990971 -0.0154663 0.133659 19.9544 0.0181869 0.999695 -0.0191704 -8.83834 -0.133325 0.0214257 0.990934 315.778
0.991243 -0.0151855 0.131534 20.2063 0.0173535 0.999776 -0.0153636 -8.90649 -0.131273 0.0175092 0.991274 317.41
0.991235 -0.0174143 0.131439 20.4334 0.0192027 0.999784 -0.0123629 -8.95539 -0.131198 0.0147763 0.991338 319.063
0.991227 -0.0177718 0.131329 20.6118 0.0193468 0.9998 -0.0107387 -9.01178 -0.131113 0.0131828 0.991362 320.659
0.991599 -0.0172437 0.128694 20.8406 0.0189054 0.999798 -0.0117143 -9.06226 -0.128468 0.0140466 0.991707 322.189
0.991908 -0.0191682 0.125892 21.0822 0.0210033 0.999737 -0.0132786 -9.08706 -0.125605 0.0158128 0.99204 323.76
0.992355 -0.0194533 0.1224 21.3152 0.0212048 0.999735 -0.0130374 -9.13862 -0.122116 0.015531 0.992486 325.337
0.992313 -0.0197041 0.12259 21.5235 0.0215875 0.999714 -0.0140701 -9.17357 -0.122279 0.0166058 0.992444 327.028
0.992197 -0.0160882 0.124169 21.6701 0.0179747 0.999785 -0.0140994 -9.23521 -0.123918 0.0162189 0.992253 328.662
0.992024 -0.0151283 0.12555 21.8468 0.0171921 0.99978 -0.015386 -9.27249 -0.12529 0.0174192 0.992055 330.298
0.991967 -0.0166948 0.125916 22.0578 0.0185221 0.999785 -0.0133675 -9.33162 -0.125667 0.01559 0.992043 331.947
0.992026 -0.0181939 0.125131 22.256 0.019912 0.99977 -0.0125084 -9.38811 -0.124876 0.0148977 0.992149 333.542
0.992035 -0.0195935 0.124946 22.4548 0.0214315 0.999726 -0.0133958 -9.44182 -0.124651 0.0159646 0.992166 335.163
0.992268 -0.0190471 0.123076 22.6739 0.0206877 0.99976 -0.0120807 -9.50567 -0.122816 0.0145308 0.992413 336.785
0.992404 -0.0173992 0.122331 22.8651 0.0192469 0.999764 -0.0139519 -9.55616 -0.122061 0.0161981 0.992486 338.408
0.992397 -0.0165395 0.122397 23.0533 0.0186869 0.999737 -0.0164328 -9.61041 -0.122094 0.0185925 0.992435 340.039
0.992266 -0.0109506 0.124186 23.1927 0.0135064 0.999761 -0.0197722 -9.62262 -0.123942 0.0212941 0.992158 341.675
0.992284 -0.0109197 0.123937 23.381 0.0131359 0.999816 -0.0170929 -9.67667 -0.123727 0.0185863 0.992235 343.28
0.992606 -0.0110909 0.121434 23.5782 0.012895 0.999865 -0.0140958 -9.72486 -0.121263 0.0155551 0.992596 344.893
0.992907 -0.0112275 0.118816 23.7833 0.0134213 0.999802 -0.0176937 -9.73616 -0.118594 0.0191601 0.992851 346.524
0.993181 -0.0122302 0.116535 23.9744 0.0147065 0.999732 -0.0204283 -9.77437 -0.116255 0.0220003 0.993075 348.126
0.993329 -0.0144363 0.11489 24.1669 0.016799 0.999717 -0.0196355 -9.83407 -0.114575 0.021432 0.993282 349.698
0.993293 -0.0144603 0.115318 24.325 0.0167747 0.999726 -0.0191409 -9.9063 -0.115011 0.0209445 0.993243 351.318
0.993393 -0.014863 0.114287 24.5248 0.0171997 0.999713 -0.019499 -9.96795 -0.113965 0.0213334 0.993355 352.962
0.993349 -0.0154022 0.114712 24.6923 0.0179923 0.999654 -0.0215939 -10.0096 -0.114341 0.0235117 0.993263 354.587
0.993308 -0.0154477 0.114946 24.8659 0.0181802 0.999626 -0.022773 -10.0486 -0.114552 0.0247078 0.99321 356.19
0.993328 -0.0164364 0.114736 25.0541 0.0192236 0.999593 -0.0232441 -10.1069 -0.114309 0.0252922 0.993223 357.806
0.993227 -0.0158708 0.115586 25.2182 0.0190927 0.999508 -0.026833 -10.1095 -0.115105 0.0288556 0.993035 359.416
0.993191 -0.0162726 0.115945 25.4041 0.0196284 0.999467 -0.0278779 -10.1832 -0.115431 0.0299614 0.992963 361.042
0.993228 -0.0181556 0.115246 25.6167 0.0214342 0.999448 -0.0272861 -10.2643 -0.114688 0.0295689 0.993062 362.639
0.993295 -0.0175643 0.11485 25.8113 0.0209213 0.999435 -0.0281092 -10.3374 -0.114293 0.0303211 0.993084 364.267
0.99326 -0.0171378 0.115133 25.9837 0.0206651 0.999401 -0.0295257 -10.4105 -0.114559 0.0317032 0.993012 365.849
0.993254 -0.020162 0.114786 26.1784 0.0234437 0.9994 -0.0273309 -10.484 -0.114168 0.0298352 0.993113 367.433
0.993127 -0.0217199 0.115512 26.3403 0.024984 0.999377 -0.0268978 -10.5487 -0.114857 0.0295963 0.993043 369.054
0.99278 -0.0218769 0.118508 26.463 0.0254208 0.999319 -0.0284949 -10.6104 -0.117805 0.0312992 0.992642 370.621
0.992676 -0.0218466 0.119305 26.6399 0.0253994 0.999326 -0.028352 -10.6905 -0.118607 0.0311719 0.992552 372.182
0.992678 -0.0207846 0.119561 26.8284 0.0242348 0.999377 -0.0274965 -10.7628 -0.118917 0.0301901 0.992545 373.824
0.992693 -0.0200109 0.119488 27.025 0.0234431 0.999399 -0.0274004 -10.8234 -0.118869 0.0299985 0.992557 375.443
0.992705 -0.0172863 0.119896 27.2154 0.0208926 0.999413 -0.0289077 -10.8818 -0.119328 0.0311991 0.992465 377.051
0.992564 -0.0189401 0.120732 27.3784 0.02253 0.999391 -0.0284523 -10.9734 -0.120121 0.030958 0.992377 378.639
0.992372 -0.0196022 0.122281 27.5422 0.0231992 0.999386 -0.028082 -11.0531 -0.121657 0.030702 0.992198 380.238
0.99224 -0.0184055 0.123454 27.74 0.0221864 0.999373 -0.0293337 -11.1137 -0.122838 0.0318421 0.992017 381.869
0.99218 -0.0166523 0.124258 27.926 0.0205679 0.999378 -0.0303163 -11.1706 -0.123677 0.0326323 0.991887 383.499
0.992058 -0.0151755 0.125348 28.1137 0.0188336 0.999478 -0.0280606 -11.2743 -0.124858 0.0301954 0.991817 385.099
0.992164 -0.0145366 0.124652 28.3429 0.0182043 0.999482 -0.0283534 -11.3468 -0.124177 0.0303978 0.991896 386.691
0.992132 -0.0134097 0.124945 28.5376 0.0171659 0.99948 -0.0290443 -11.4154 -0.124493 0.0309575 0.991838 388.314
0.99181 -0.0205021 0.126611 28.7041 0.0243896 0.999325 -0.0292487 -11.466 -0.125927 0.0320945 0.991623 389.816
0.99251 -0.023527 0.120378 29.0503 0.0270159 0.99931 -0.027444 -11.558 -0.11965 0.0304872 0.992452 391.396
0.992628 -0.0233022 0.11951 29.2574 0.0265873 0.999361 -0.0259883 -11.6421 -0.11883 0.0289715 0.992598 393.052
0.992563 -0.0216682 0.120295 29.4393 0.0251024 0.999368 -0.0271164 -11.7046 -0.119633 0.0299309 0.992472 394.666
0.992669 -0.0191427 0.119913 29.6421 0.022803 0.999365 -0.0292472 -11.7495 -0.119279 0.0317645 0.992458 396.306
