1 0.000794311 0.00107438 6.95587e-05 -0.000790218 0.999992 -0.00400679 -0.0108441 -0.00107749 0.00400598 0.999992 0.990313
0.999997 -0.00267094 0.00039687 0.0107001 0.00267139 0.999996 -0.00125209 0.00757184 -0.00039357 0.00125296 0.999999 0.941611
0.999999 0.000826941 -0.000596065 0.00974365 -0.000824924 0.999994 0.00332726 0.0115002 0.000598862 -0.00332657 0.999995 0.938325
0.999993 -0.00369468 -0.00192301 0.021399 0.00370596 0.999978 0.00585021 0.00278566 0.00190133 -0.00585753 0.999983 0.9519
0.999992 -0.00342406 -0.000860433 -0.00316673 0.00342406 0.999992 0.000143051 -0.00303298 0.000859867 -0.000145692 0.999997 0.976467
0.999995 -0.00305457 -0.00189756 0.00735142 0.00304886 0.999994 -0.00304291 0.00781571 0.00190695 0.00303673 0.999996 0.961315
0.999999 -0.000681665 -0.000936768 0.00506227 0.000678326 0.99999 -0.00347489 -0.000179109 0.0009389 0.00347451 0.999991 0.935274
1 -0.000108039 6.93368e-05 -0.0147638 0.00010801 1 -0.000984972 0.0185397 -6.90186e-05 0.000984653 1 0.90418
0.999998 0.000300023 -0.00199312 0.00497853 -0.000295357 0.999995 0.00229352 -0.0024919 0.00199356 -0.0022926 0.999994 0.944988
0.999999 0.00111463 -0.00121517 0.00572718 -0.00111089 0.999997 0.00313822 -0.001629 0.00121889 -0.00313718 0.999995 0.943659
1 -0.000531085 -0.00108101 -0.00780589 0.000533251 0.999995 0.00190991 -0.00360231 0.0010798 -0.00191018 0.999998 0.951558
0.999999 -0.00145345 0.000249958 -0.00947804 0.00145322 1 0.000833599 0.000967633 -0.000250982 -0.000833546 1 0.900283
1 -0.000227119 -0.00118703 -0.000186737 0.000227239 0.999996 9.44698e-05 0.00185858 0.00118677 -9.44474e-05 1 0.931794
0.999996 -0.000893805 -0.00227195 0.0147829 0.000891523 1 -0.00104093 0.00246637 0.00227308 0.00103866 0.999996 0.912897
0.999998 -0.000437968 -0.00199086 -0.000200354 0.000433515 0.999994 -0.00221797 0.0025157 0.00199154 0.00221732 0.999996 0.96147
0.999996 -0.00122363 -0.00233515 0.00800661 0.001221 1 -0.00116063 -0.000578534 0.00233684 0.00115749 0.999995 0.922955
0.999998 0.000117925 -0.00238449 0.00614122 -0.000119958 0.999996 -0.000822354 0.000941793 0.00238411 0.000822891 0.999998 0.929727
0.999997 0.00156376 -0.00207253 0.00180146 -0.00156582 1 -0.000984659 0.00404835 0.00207127 0.000987608 0.999997 0.903422
0.999997 0.00162623 -0.00205424 -0.00282571 -0.00162648 0.999995 -0.000121012 0.00634987 0.00205377 0.000124636 0.999998 0.895758
0.999997 -0.000871137 -0.00245122 0.00999171 0.000873965 1 0.00115818 -0.00254442 0.00245043 -0.00116054 0.999996 0.900716
0.999998 0.000402072 -0.00205555 0.00131809 -0.000399293 0.999996 0.00136372 -0.000369667 0.00205591 -0.00136266 0.999997 0.930664
0.999998 0.000277241 -0.00203907 0.00318193 -0.000274222 1 0.0014044 -0.00783536 0.00203967 -0.00140413 0.999997 0.901847
0.999998 -0.000950434 -0.00205402 0.00299241 0.00095013 0.999996 -4.53142e-05 -0.000421504 0.00205387 4.36745e-05 0.999998 0.89943
0.999999 -0.000190966 -0.00134983 -0.00870278 0.000190975 1 -0.000165652 -0.00417547 0.00135008 0.000165131 0.999999 0.904074
1 6.96655e-05 0.000459276 -0.0315687 -7.01424e-05 0.999998 0.000426938 0.000222908 -0.000459413 -0.000426729 1 0.877199
1 0.000196445 -0.000491556 -0.0126926 -0.000195638 1 0.00121351 0.00807622 0.000491975 -0.00121374 1 0.875343
0.999999 -0.000981831 -0.00123162 0.00431482 0.000984857 0.999993 0.00278125 -0.000182774 0.00122863 -0.00278222 0.999996 0.871633
0.999998 0.000356246 -0.00124781 0.00546863 -0.000352973 1 0.00226931 -0.011466 0.00124875 -0.00226913 0.999998 0.867224
0.999998 0.000124639 -0.00214472 0.0107327 -0.000128619 0.999995 -0.0016622 0.00339963 0.00214431 0.00166264 0.999994 0.860722
0.999995 0.00129576 -0.00286408 0.0137998 -0.00130195 0.999999 -0.00233913 -0.0030226 0.00286124 0.00234266 0.999997 0.836296
0.999996 0.00222147 -0.00176107 0.000273454 -0.00222369 0.999994 -0.00100588 -0.0144007 0.00175873 0.00100995 0.999995 0.81642
0.999999 0.00141864 -0.00116241 0.000958429 -0.00141855 1 -0.000260678 0.000274027 0.00116219 0.000262231 1 0.825818
0.999999 -0.000569747 -0.00118835 -0.00201433 0.000569789 0.999996 0.000193045 -0.0114423 0.00118819 -0.000193602 0.999995 0.80021
0.999999 0.000396222 -0.00143613 -0.00763613 -0.000396687 1 -0.000511121 -0.0079048 0.00143612 0.000511503 1 0.795528
1 0.000743913 -0.00104469 -0.0147342 -0.000744611 0.999997 -0.000341662 0.00606979 0.00104432 0.000342658 0.999995 0.780841
0.999978 -0.00164527 -0.00645317 0.0743604 0.00166644 0.999996 0.00322133 -0.0369319 0.00644796 -0.00323222 0.999979 0.767522
0.999999 -0.000589003 -0.00165741 -0.0092804 0.000592472 0.999994 0.00243279 -0.000989742 0.00165607 -0.00243358 0.999991 0.752173
0.999996 0.000522243 -0.00277519 0.00367424 -0.000518771 1 0.00105482 0.00408068 0.00277566 -0.00105358 1 0.763742
0.999997 0.00110112 -0.00227719 0.00444244 -0.00110194 0.999997 -8.02388e-05 0.00456887 0.00227729 8.28423e-05 0.999992 0.74457
0.999992 0.00257924 -0.0031096 0.0141391 -0.00258134 0.999999 -0.000896407 0.00710818 0.00310709 0.000904404 1 0.714075
0.999997 0.00161379 -0.00192831 -0.00460929 -0.00161542 0.999998 -0.000567631 -0.000235017 0.00192765 0.000570788 0.999994 0.721456
0.999999 0.00053487 -0.00161097 -0.00539696 -0.000532635 1 0.000974348 0.00558275 0.00161137 -0.000973543 1 0.715547
1 0.000922081 -0.00125199 -0.00696444 -0.000920009 0.999997 0.00226548 -0.00423034 0.00125421 -0.00226422 0.999993 0.707422
0.999993 0.00353317 0.000102285 -0.0101684 -0.00353254 0.999994 0.000261367 -0.00563456 -0.000101467 -0.000261847 1 0.662609
0.999994 0.00330309 0.00112711 -0.00794468 -0.0033009 0.999992 -0.00246104 0.00251227 -0.00113515 0.00245751 0.999992 0.685031
0.999997 0.0017493 0.00114899 0.00990511 -0.00174609 0.999995 -0.00237334 -0.0113427 -0.00115322 0.00237103 1 0.686284
0.999999 -0.000831504 0.00212459 0.00576582 0.000832685 1 -0.000776744 -0.00760123 -0.00212387 0.000778816 0.999994 0.659331
0.999995 0.000973397 0.0027244 0.0046077 -0.000974985 0.999999 0.000725873 0.00673471 -0.00272368 -0.000728832 1 0.681056
0.999987 0.00435399 0.00289 0.000455097 -0.00436236 0.999987 0.00273954 -0.000631388 -0.00287805 -0.00275182 0.999989 0.671736
0.999985 0.00361335 0.00384854 -0.0107998 -0.00362845 0.999985 0.00406407 -0.00949474 -0.00383382 -0.00407824 0.999986 0.610419
0.999973 0.00502031 0.00550002 -0.017942 -0.00502367 0.999987 0.000523966 0.00812943 -0.00549739 -0.000551364 0.999984 0.645036
0.99997 0.00373285 0.00677377 -0.0252279 -0.0037292 0.999994 -0.000482995 0.0146656 -0.00677553 0.000457475 0.999978 0.604202
0.999971 0.00366844 0.00669762 -0.0170536 -0.00368312 0.999991 0.00209851 0.00122628 -0.00668992 -0.00212292 0.999975 0.567604
0.999963 0.00472423 0.00712118 -0.00869859 -0.00473647 0.999988 0.0017817 -0.00758779 -0.00711271 -0.00181561 0.999975 0.567686
0.999959 0.00363769 0.00835142 -0.0198248 -0.00363809 0.999993 -2.50067e-05 -0.00476531 -0.00835142 -5.16343e-06 0.999963 0.547129
0.999971 0.00303411 0.00684152 0.0101316 -0.00304021 0.999997 0.000928934 -0.0104806 -0.00683871 -0.0009499 0.99998 0.522783
0.999944 0.004682 0.00967555 -0.0471144 -0.0046716 0.999986 -0.00112164 0.010827 -0.00968064 0.0010766 0.99995 0.525262
0.999964 0.00376134 0.00762346 -0.00184065 -0.00373407 0.999991 -0.0035699 0.0161774 -0.00763711 0.00354102 0.999969 0.48686
0.999953 0.00222623 0.00947863 -0.0263592 -0.00219898 0.99999 -0.0028824 0.00140103 -0.00948477 0.00286161 0.999948 0.472484
0.999972 0.000403183 0.00756026 0.00969222 -0.000403491 1 4.66139e-05 0.00475674 -0.00756051 -4.98456e-05 0.999974 0.40537
0.999964 -0.000344592 0.00833317 -0.00420411 0.000332652 0.999997 0.00142151 0.00288659 -0.00833347 -0.00141852 0.999964 0.379392
0.99997 0.00183893 0.00804874 -0.0037189 -0.00184163 1 0.000372801 0.0169493 -0.00804834 -0.000388093 0.99997 0.376368
0.99992 0.00427879 0.0117009 -0.0519962 -0.00428846 0.99999 0.000777958 -0.000732669 -0.0116975 -0.000827701 0.999932 0.298181
0.99994 0.0028061 0.0108316 -0.0598476 -0.00279673 0.999998 -0.000857553 0.0182721 -0.0108339 0.000826801 0.99994 0.278581
0.999803 0.00477868 0.019221 -0.24113 -0.00472809 0.999983 -0.00269688 0.06385 -0.019234 0.0026056 0.999814 0.244877
0.999958 -0.000647966 0.0096211 0.00196787 0.000640551 1 0.000825514 0.00888442 -0.00962138 -0.000819707 0.999954 0.2596
0.999788 -0.00066522 0.0203748 -0.222817 0.000650683 0.999998 0.000691474 -0.0480773 -0.0203759 -0.000677725 0.999793 0.22778
0.9999 -0.00208675 0.0143683 -0.0201053 0.00210756 0.999999 -0.00139745 -0.0443605 -0.0143649 0.00142696 0.999897 0.151246
0.99981 -0.00421584 0.0188037 -0.136657 0.00436333 0.99996 -0.0078244 0.126618 -0.0187708 0.00790542 0.999795 0.214865
0.999882 -0.00225531 0.0156 0.00902813 0.00235516 0.999979 -0.00636309 0.135201 -0.0155845 0.00639853 0.999858 0.17102
0.999892 0.00249259 0.0140322 0.0818845 -0.0025067 0.999995 0.000967899 -0.0323396 -0.0140305 -0.00100246 0.999904 0.224777
0.999801 9.61231e-05 0.0203015 -0.0703637 -7.16965e-05 1 -0.00119491 0.0256479 -0.020301 0.00119251 0.999793 0.253715
0.999834 -0.00142851 0.0178353 0.0374211 0.00147575 0.999995 -0.00264052 0.058191 -0.0178322 0.00266704 0.999841 0.237033
0.999842 -0.00153559 0.0181102 0.0623756 0.00153421 0.999999 9.02282e-05 0.0146844 -0.0181096 -6.30843e-05 0.999834 0.211405
0.999816 0.000163177 0.0188371 0.0664847 -0.000177168 1 0.000741362 -0.0123352 -0.0188376 -0.000743916 0.999825 0.222025
0.999752 0.00176314 0.0225523 -0.00272126 -0.00171648 0.999997 -0.00208871 0.0262316 -0.0225553 0.00204871 0.999742 0.309088
0.999743 0.000635151 0.0223481 0.0526223 -0.000615657 0.999999 -0.000876939 0.00760559 -0.0223492 0.000863749 0.999752 0.265068
0.999692 0.00119439 0.0250772 0.0302679 -0.00122433 1 0.00117208 -0.0105883 -0.0250752 -0.00120317 0.999685 0.253987
0.999641 0.0031075 0.0262916 0.0407377 -0.00314648 0.999994 0.00145013 -0.00825852 -0.0262874 -0.00153177 0.999652 0.294118
0.999647 0.00193665 0.0268052 0.0700729 -0.00196117 0.999999 0.000873355 0.00176985 -0.0268029 -0.000926228 0.999642 0.260702
0.999583 0.000949703 0.0285933 0.0793105 -0.000966055 0.999998 0.000572963 0.00457466 -0.0285932 -0.00059975 0.999589 0.295638
0.999554 -0.00211939 0.0300589 0.0959821 0.00211966 0.999999 6.05967e-06 0.00445642 -0.0300583 5.70654e-05 0.999551 0.307071
0.999457 -0.00342055 0.0325277 0.122794 0.00344269 0.999994 -0.000613197 0.0023879 -0.0325258 0.000725443 0.999468 0.291791
0.999385 -0.00222229 0.0351881 0.122071 0.00226931 0.999997 -0.00131293 -0.00890355 -0.0351844 0.00139118 0.999383 0.317555
0.999337 0.000589073 0.0362176 0.13209 -0.000508693 0.999997 -0.00221225 -0.00877497 -0.0362195 0.00219309 0.999339 0.357575
0.999321 0.00116621 0.0370839 0.15247 -0.0011255 1 -0.00113127 -0.0112553 -0.0370844 0.00108795 0.999316 0.315189
0.999252 0.00242363 0.0383581 0.163938 -0.00240534 0.999996 -0.00050962 -0.0101253 -0.0383599 0.000417742 0.999259 0.321435
0.999262 0.00413286 0.0384247 0.188375 -0.00415114 0.999993 0.000383259 -0.00944781 -0.0384219 -0.00054323 0.999267 0.345348
0.999093 0.00581246 0.0419876 0.154182 -0.00580846 0.999982 -0.000206147 0.0074482 -0.0419888 -3.71519e-05 0.999115 0.370408
0.99899 0.00157165 0.045073 0.131931 -0.00158392 1 0.000224609 0.00576317 -0.0450718 -0.000296505 0.998986 0.350031
0.998855 -0.00147959 0.0476632 0.133707 0.00136956 0.999996 0.00235181 0.00281864 -0.0476673 -0.00228307 0.998857 0.330686
0.998709 0.000268792 0.050977 0.0860056 -0.000351063 1 0.0015911 0.00306095 -0.0509757 -0.0016077 0.998704 0.368039
0.998586 0.000761321 0.0529914 0.0645154 -0.000837313 0.999998 0.00142519 0.00377545 -0.052991 -0.00146679 0.998588 0.350089
0.99842 -0.000144617 0.0563505 0.0695773 0.000134944 1 0.000162432 -0.000397318 -0.0563498 -0.000155306 0.998417 0.441418
0.998423 -0.00273205 0.0559043 0.069504 0.00268159 0.999996 0.000990408 0.00020888 -0.0559075 -0.000838196 0.998429 0.441329
0.998502 -0.000168182 0.0548899 0.0734092 -2.9998e-05 0.999993 0.00359663 -0.00689778 -0.0548894 -0.00359355 0.998492 0.494877
0.998517 0.00234731 0.0542186 0.0725856 -0.00256485 0.999989 0.00395697 -0.00664569 -0.0542095 -0.00408953 0.998515 0.497711
0.998564 0.00569205 0.0534628 0.0556931 -0.00583189 0.999981 0.00244544 0.0103925 -0.0534471 -0.00275438 0.998576 0.476152
0.998656 0.000582672 0.051637 0.0571245 -0.000606078 0.999999 0.000452199 0.00548228 -0.0516374 -0.000482123 0.998658 0.539959
0.998865 -0.00902779 0.0470139 0.109368 0.00897128 0.999959 0.00139898 0.00208539 -0.0470239 -0.00097638 0.998903 0.468679
0.998961 -0.0104012 0.0440851 0.103502 0.0102269 0.999939 0.00419608 -0.00443062 -0.0441267 -0.00374019 0.99901 0.485057
0.999139 -0.00640548 0.0413066 0.0933979 0.00640116 0.99998 0.000215506 0.00134089 -0.0413065 4.82531e-05 0.999156 0.532402
0.999294 5.09366e-05 0.0372245 0.0578684 3.23787e-08 0.999999 -0.00134411 -0.00017631 -0.0372253 0.00134399 0.999297 0.590341
0.999492 -0.00634687 0.0316706 0.0707013 0.00638881 0.999979 -0.0012494 0.000488401 -0.0316612 0.00145025 0.999507 0.513054
0.999573 -0.00512586 0.0283007 0.0599187 0.00508495 0.999986 0.00154462 -0.00436272 -0.0283091 -0.0013993 0.99959 0.544598
0.99969 -0.00551987 0.0248535 0.0404589 0.00547349 0.999983 0.00190443 -0.00181148 -0.0248627 -0.00176864 0.999697 0.604283
0.999783 -0.00390949 0.0198085 0.0278026 0.00388841 0.999993 0.00114206 0.00575111 -0.0198139 -0.00106399 0.999795 0.593088
0.999892 -0.00126189 0.0156188 0.0245823 0.00127465 0.999998 -0.000860383 -0.00920625 -0.0156167 0.000879418 0.999887 0.600786
0.999915 9.47122e-05 0.0118467 0.0324812 -9.0706e-05 1 -0.000248885 0.00928468 -0.0118479 0.000248518 0.999921 0.594181
0.999951 0.000213754 0.0113604 0.0095838 -0.000212968 0.999999 -0.000165459 -0.00716834 -0.0113595 0.0001624 0.999945 0.648537
0.999948 -0.0038216 0.00763054 0.0343676 0.00384551 0.99999 -0.00299576 0.00878445 -0.00762003 0.0030257 0.999958 0.633673
0.999978 -0.00476901 0.00728828 -0.0329025 0.00476265 0.999987 0.000760335 -0.0330441 -0.00729074 -0.000726356 0.999982 0.597564
0.999979 -0.000293771 0.00362114 0.021783 0.000290006 1 0.00133667 -0.00178343 -0.00362272 -0.00133488 0.999985 0.667265
1 0.00232627 0.00424405 -0.0242906 -0.00234026 0.999992 0.00300835 0.0055464 -0.00423592 -0.00301907 0.999995 0.686235
0.999982 0.00175595 0.00241879 -0.000821394 -0.001774 0.999968 0.00797961 -0.00630858 -0.00240591 -0.0079831 0.999958 0.687671
1.00001 -0.00142143 0.000661123 0.0144213 0.0014159 0.999981 0.00624755 -0.00487972 -0.000668806 -0.00624739 0.99999 0.664145
0.999983 -0.00289387 -0.000623699 0.0266577 0.00289698 0.999991 0.00290511 0.00172224 0.000614003 -0.00290615 0.999986 0.740274
1.00001 -0.00330081 0.000617292 -0.00888846 0.00330034 0.999995 -0.00144813 -0.00879611 -0.000611254 0.0014493 1.00001 0.706376
0.999985 -0.00152571 -0.000401161 -0.00942 0.00152419 0.999976 -0.00660912 -0.00351583 0.000409826 0.00660932 0.99997 0.745902
1.00001 -0.00117018 -0.00214861 -0.00129977 0.00115341 0.999973 -0.00726898 0.00281275 0.00215849 0.00726567 0.99998 0.745325
0.999985 -0.00121936 -0.000259953 -0.0319048 0.00122022 1 2.70239e-05 0.0012878 0.000258535 -2.66409e-05 0.999992 0.711307
1.00001 0.000838288 -0.00101726 -0.0274821 -0.000834668 0.999991 0.00430055 0.0133716 0.0010222 -0.00430033 0.999999 0.766339
0.999985 0.000841138 -0.00155176 -0.0201676 -0.000830968 0.999981 0.00616849 0.00744025 0.00155556 -0.00616655 0.999972 0.757006
1.00001 0.00227975 -0.00113316 -0.0431278 -0.00227811 0.999995 0.00207768 -0.000877952 0.00113911 -0.00207574 1.00001 0.796642
0.999951 -0.00799992 -0.0025175 0.00363249 0.00798795 0.999956 -0.00496459 -0.00359497 0.00255587 0.0049449 0.999977 0.697917
1.00001 -0.00231429 -0.00315421 0.00626556 0.0022968 0.999984 -0.00532073 0.00558773 0.00316769 0.00531284 0.99999 0.733212
0.999968 0.00589913 -0.00197753 -0.0298459 -0.00589934 0.999984 -0.000535838 0.00866947 0.00197312 0.000548125 0.999991 0.750645
0.999998 0.00403804 -0.00425573 -0.00774059 -0.00402234 0.999985 0.00387879 0.00214481 0.00427254 -0.00386221 0.999992 0.785551
0.999971 -0.0037772 -0.00370051 -0.0139199 0.00379273 0.999985 0.00395078 -0.00522671 0.00368421 -0.00396412 0.999978 0.75936
0.999996 -0.00548979 -0.00281075 0.0158757 0.00548562 0.999985 -0.00115127 0.00217041 0.00281814 0.00113505 1 0.67092
0.999984 -6.38653e-06 -0.00177582 -0.038027 4.55416e-07 0.999992 -0.00401204 -0.00798171 0.00177463 0.00401278 0.999982 0.819616
1.00001 0.00286081 -0.000896261 -0.0739608 -0.00286208 0.999996 1.94413e-05 -0.00280334 0.000897304 -1.76463e-05 1.00001 0.760412
0.999979 0.000630077 -0.00346647 -0.0165878 -0.000627216 0.999999 0.000474865 0.0047758 0.00346566 -0.000472037 0.999985 0.8281
0.999996 -0.00450091 -0.00414225 0.0246134 0.0045144 0.999986 0.00348787 -0.00418949 0.00412724 -0.00350715 0.999995 0.70375
0.999963 -0.00545094 -0.00383058 0.0121835 0.00545413 0.999983 0.000560362 -0.010832 0.00382665 -0.000580551 0.999983 0.725128
1.00001 -0.00281023 -0.0030994 -0.0229644 0.00280957 0.999999 8.88859e-05 -0.0115804 0.0030999 -9.83256e-05 1.00001 0.837235
0.999982 -0.000489092 -0.00221131 -0.014057 0.000491217 0.999997 0.000450294 0.0025903 0.00221025 -0.000450666 0.999986 0.72415
1.00001 -0.00180501 -0.00379035 0.00234812 0.00180763 1 0.000955553 0.0116191 0.00378932 -0.000963101 1 0.778599
0.999978 -0.0021325 -0.0033157 -0.00678064 0.00213576 0.999996 0.000633758 0.0105638 0.00331361 -0.000640153 0.999983 0.795473
1.00001 0.00163476 -0.00396813 0.0102817 -0.00164117 0.999999 -0.00131067 0.0243448 0.00396671 0.00131653 1 0.844126
0.999979 0.00257559 -0.00276542 -0.0228471 -0.00257935 0.999994 -0.00178994 0.0074575 0.00276003 0.00179773 0.999983 0.765091
1.00001 -0.00190951 -0.00282145 -0.00725204 0.00190843 0.999999 3.4543e-05 0.00582092 0.00282212 -4.05032e-05 1.00001 0.791542
0.999981 0.00174883 -0.00283536 -0.00710608 -0.00174645 0.999997 0.000405376 0.00540003 0.00283524 -0.000399813 0.999985 0.721219
1.00001 0.00152878 -0.00338593 0.0092739 -0.00153122 1 -0.000329167 0.00726021 0.00338622 0.000333771 1 0.791418
0.999977 0.00260467 -0.00364866 0.00113999 -0.00260321 0.999996 3.79051e-05 0.00271224 0.00364793 -2.78293e-05 0.999983 0.789885
1 0.00101497 -0.00475707 0.0121141 -0.00102496 0.999999 -0.00183127 0.00314787 0.00475594 0.00183554 0.999998 0.774114
0.999981 0.00111609 -0.00317914 -0.0232497 -0.00112387 0.999994 -0.00285821 -0.00377451 0.0031752 0.00286238 0.999981 0.840705
1 6.30128e-05 -0.00469519 0.0199835 -6.99634e-05 1 -0.00122452 -0.0097593 0.00469579 0.00122422 0.999999 0.741313
0.999965 0.00593635 -0.00315763 -0.0170478 -0.00593805 0.999982 -0.000925135 -0.00398424 0.00315137 0.000944497 0.999984 0.815936
0.999996 0.00384455 -0.0041115 0.00340233 -0.00383946 0.999992 0.00152734 -4.68207e-05 0.004118 -0.00151215 1 0.794338
0.999979 -0.00248596 -0.00345918 8.96054e-05 0.00248504 0.999997 -0.000589541 0.00118038 0.0034599 0.000581657 0.999983 0.769307
1.00001 0.000592931 -0.00371908 -0.0124033 -0.000597404 1 -0.000991633 0.000701075 0.00371914 0.000993264 1 0.822199
0.999976 0.00375599 -0.00340073 -0.0256315 -0.00375535 0.999992 -5.49773e-05 0.00179558 0.0033997 6.82741e-05 0.999983 0.809386
1 0.000762983 -0.00442692 -0.00619453 -0.000753027 0.999998 0.0024322 0.00720447 0.00442956 -0.00242938 0.999999 0.799484
0.999975 -0.000547641 -0.00516187 0.00391533 0.000547153 0.999999 -0.000191167 0.00361455 0.00516104 0.000188763 0.999976 0.798883
0.999989 0.0031092 -0.00596886 -0.00385601 -0.00312389 0.999995 -0.00236766 -0.00967181 0.00596229 0.00238568 0.999991 0.797312
0.999971 0.00126051 -0.00575223 -0.0242687 -0.00130879 0.999961 -0.0084955 -0.000374379 0.00574047 0.00850337 0.999936 0.822516
0.999988 0.00120184 -0.00697002 -0.0290889 -0.00123359 0.999991 -0.00445435 0.00880826 0.00696557 0.00446256 0.999979 0.787527
0.999958 0.00409505 -0.00669049 -0.0393481 -0.0041162 0.999985 -0.00323592 0.0177294 0.0066761 0.00326361 0.99996 0.879384
0.999984 0.00296348 -0.00684188 -0.0362615 -0.00294671 0.999995 0.00253995 0.00284992 0.0068504 -0.00251982 0.999987 0.837467
0.999961 -0.000552566 -0.00747737 -0.0207579 0.000566475 0.999996 0.00179591 0.0049468 0.00747518 -0.00180009 0.999957 0.834484
0.999993 -8.39185e-05 -0.00615439 -0.0289192 0.000104126 0.999997 0.00335766 0.00562516 0.00615524 -0.00335825 0.999989 0.806701
0.999948 0.00133105 -0.00890617 0.00163285 -0.00127947 0.99998 0.00573803 0.0071255 0.00891254 -0.00572636 0.99993 0.862533
0.999984 0.00215703 -0.00713065 -0.018794 -0.00210329 0.999972 0.00761029 0.00713157 0.00714789 -0.00759508 0.99996 0.851133
0.999964 -0.000274116 -0.00704671 -0.0258393 0.00029273 0.999992 0.00256146 -0.00484112 0.00704488 -0.00256344 0.999957 0.873784
0.999984 0.00046223 -0.0073077 0.000961333 -0.000475062 1 -0.00167489 -0.00526782 0.00730805 0.00167827 0.999987 0.802646
0.999972 -0.00086371 -0.00584294 -0.0238734 0.000830896 0.99998 -0.00571719 -0.0138231 0.00584666 0.00571234 0.999951 0.85324
0.999996 0.00114578 -0.00532636 -0.0192329 -0.00115989 0.999999 -0.00254803 -0.00813468 0.00532455 0.00255408 0.999998 0.840398
0.999974 0.00114817 -0.00529511 -0.00962796 -0.00115978 0.999993 -0.00229918 -0.00567386 0.00529117 0.00230537 0.999968 0.817415
0.999987 0.00228988 -0.006593 0.00299595 -0.0022856 1 0.00074164 0.0026318 0.00659594 -0.000726555 0.999993 0.792059
0.999963 -0.0043406 -0.0056719 0.0136109 0.00435421 0.999984 0.00229916 0.00461075 0.0056606 -0.00232381 0.999966 0.766368
0.999999 -0.00157567 -0.00500327 -0.00128735 0.00160895 0.99998 0.00669222 0.00677468 0.00499368 -0.00670001 0.999981 0.788203
0.999981 0.00174685 -0.00324846 -0.02407 -0.0017246 0.999972 0.00673612 0.00204547 0.00325895 -0.00673069 0.999957 0.807007
0.999998 0.00353024 -0.004032 -0.0158113 -0.00351254 0.999988 0.00447173 -0.00565901 0.00404878 -0.00445737 0.999997 0.789323
0.99998 0.000967161 -0.00399062 -0.000875545 -0.000964834 0.999997 0.000515346 -0.00563106 0.00398984 -0.00051172 0.999978 0.743328
1 0.0011867 -0.00444986 0.0132632 -0.001194 1 -0.00177085 0.000429727 0.00444867 0.00177655 1 0.761527
0.999978 0.00393218 -0.00187865 -0.0152199 -0.00393775 0.999986 -0.00280092 -0.00844148 0.00186637 0.00280795 0.999979 0.746832
1.00001 0.000754346 -0.00336313 0.00983854 -0.000766017 0.999996 -0.00370755 -0.0084119 0.00336148 0.00371051 1 0.711911
0.999981 -0.000327532 -0.00356096 0.00196574 0.000309867 0.999986 -0.00477772 -0.00361104 0.00356111 0.00477624 0.999968 0.718508
1.00001 -0.00115516 -0.00228046 0.00410963 0.00114954 0.999998 -0.00275498 0.00853905 0.00228502 0.00275277 1.00001 0.707187
0.999984 0.00212556 -0.00150898 -0.0165795 -0.00212564 0.999996 0.000271343 0.00922831 0.00150811 -0.00026854 0.999985 0.720907
1.00001 -0.00117998 0.00031277 -0.00637796 0.00118002 0.999998 0.00254489 0.0138421 -0.000314575 -0.00254402 1.00001 0.666042
0.999984 0.00126784 -0.000773131 -0.000330417 -0.00126782 0.999997 0.00108842 0.0138697 0.000773288 -0.00108794 0.999985 0.681133
1.00001 -0.00138186 -0.000376328 0.0125301 0.00138297 1 0.000466613 0.00727261 0.000376786 -0.000466633 1.00001 0.656731
0.999984 -0.000320626 0.00132195 -0.00233543 0.000318308 0.999999 0.00108784 0.00178526 -0.00132341 -0.00108786 0.999985 0.673136
1.00001 0.000909857 -2.73044e-05 0.0211865 -0.000909056 0.999999 -0.0007409 0.00252708 2.77905e-05 0.000741368 1.00001 0.644092
0.999981 0.00136667 0.00274282 -0.00918436 -0.00135997 0.999996 -0.00276421 -4.68484e-05 -0.00274779 0.00276015 0.999981 0.647866
1.00001 -0.00183727 0.00285781 6.72924e-05 0.00185105 0.999987 -0.00449306 0.00303154 -0.00284838 0.0044987 0.999997 0.613999
0.999979 -0.00297642 0.0017874 0.00851799 0.00297923 0.999994 -0.0021444 0.0215163 -0.00178223 0.00214922 0.999985 0.628203
1.00001 0.000777726 0.00280597 -0.00940626 -0.00078074 0.999999 0.00141991 0.00341149 -0.00280386 -0.00142157 1.00001 0.611095
0.999981 0.000703447 0.00289198 -0.00322034 -0.000713442 0.999995 0.00309936 0.00195346 -0.00289081 -0.00310197 0.999981 0.605744
1.00001 0.000114772 0.00333063 -0.0117226 -0.00012699 0.999992 0.00400895 -0.00219216 -0.00332915 -0.00400872 0.999997 0.595313
0.999974 -0.00413859 0.00257257 0.00388267 0.00413554 0.999993 0.000771937 -0.00649736 -0.00257701 -0.000761853 0.999987 0.559379
1.00001 -0.0028994 4.15613e-05 0.0333486 0.00290049 0.999994 -0.00097264 -0.00449991 -3.74458e-05 0.000973257 1.00001 0.502206
0.999975 -0.00348516 0.00343644 0.00100579 0.00349072 0.999995 -0.00183799 -0.011536 -0.00343156 0.0018496 0.999986 0.553108
1.00001 0.00144961 0.00154543 0.00279286 -0.00144771 0.999998 -0.000836395 -0.0126528 -0.00154531 0.000834508 1.00001 0.561539
0.999985 0.00105262 0.00179982 -0.0109361 -0.00104926 0.999999 -0.00225208 -0.00374961 -0.00180358 0.0022498 0.999988 0.562515
1.00001 -0.000726323 0.00290014 -0.019542 0.000719583 0.999994 0.00260329 -0.0211922 -0.00290073 -0.00260076 1 0.556853
0.999966 -0.00632011 -0.000547244 0.0127365 0.00632003 0.999981 0.00146349 -0.00519136 0.000536606 -0.00146732 0.999992 0.583133
0.999996 -0.00533444 -0.00290692 0.0293478 0.00533854 0.999983 0.00110109 0.00336465 0.00290235 -0.00111621 1 0.575197
0.999977 -0.00327086 -0.00279414 0.0215655 0.00327143 0.999997 0.000530189 0.00129039 0.00279093 -0.000539621 0.999987 0.570417
1 0.00188601 -0.00391332 -0.0098292 -0.00188162 0.999995 0.000909263 -0.000652373 0.00391644 -0.000901604 1 0.594572
0.999978 0.000928875 -0.00401027 -0.0439266 -0.000931068 1 -0.000360088 0.00173072 0.00400854 0.000363584 0.999984 0.610116
0.999986 -0.00249818 -0.00696726 -0.000507081 0.00250441 0.999995 0.000757547 0.0107347 0.00696675 -0.000774766 0.999984 0.585076
0.99996 0.000871355 -0.00721141 -0.0359899 -0.000872906 1 -9.13629e-05 0.0113393 0.00720974 9.74864e-05 0.999966 0.626682
0.999969 -0.00116155 -0.00936026 0.00849295 0.00117905 0.999998 0.00179102 0.00909829 0.00935955 -0.00180194 0.999963 0.591239
0.999938 0.00332326 -0.00930885 -0.0212873 -0.00331642 0.999994 0.000822943 -0.00210213 0.00931011 -0.000792106 0.999948 0.629236
0.999956 0.00061169 -0.0106655 0.00295391 -0.000604296 1 0.000619116 -0.00136947 0.0106671 -0.000612548 0.999952 0.601453
0.999926 0.004634 -0.0102173 -0.0238417 -0.00466134 0.999986 -0.00258826 8.28339e-05 0.0102038 0.0026357 0.999937 0.636141
0.999968 0.0029546 -0.00892746 -0.0239132 -0.00296975 0.999995 -0.00177366 0.00994865 0.00892338 0.00180022 0.999967 0.599917
0.999938 0.00360299 -0.00937424 -0.102009 -0.00362575 0.99999 -0.00235705 0.0083359 0.0093641 0.00239092 0.999945 0.754155
0.999937 0.000636142 -0.0122337 0.0244547 -0.000658355 0.999999 -0.00185814 0.00802935 0.012234 0.00186593 0.999932 0.627646
0.999931 0.00211319 -0.0105064 -0.0279341 -0.00211871 0.999996 -0.000470998 0.0152294 0.0105038 0.000493397 0.999936 0.700617
0.99995 -3.60551e-06 -0.0111048 -0.0162242 6.29166e-06 1 0.000206613 -0.00201339 0.0111063 -0.000206809 0.999946 0.676379
0.999914 0.00343425 -0.0117725 -0.0130262 -0.00342922 0.999994 0.000478619 0.00458965 0.0117726 -0.000438141 0.999923 0.717179
0.999954 -0.000910234 -0.0106094 -0.0268199 0.000962389 0.999988 0.0048673 0.00559207 0.0106064 -0.00487721 0.99994 0.719129
0.999906 -0.00457309 -0.0121847 0.0223254 0.00464491 0.999972 0.0059107 0.00851473 0.0121555 -0.00596699 0.999902 0.695796
0.999947 -0.00305938 -0.0107563 -0.0190597 0.00310471 0.999987 0.00416404 -6.77673e-06 0.0107451 -0.00419697 0.99994 0.719794
0.999925 0.000533026 -0.0114699 -0.0161336 -0.000490645 0.999993 0.00372535 0.00115373 0.01147 -0.00371975 0.999921 0.795214
0.999935 -0.00741321 -0.0097129 0.00208472 0.00741632 0.999973 0.000259411 0.00516142 0.00971261 -0.000331113 0.99996 0.747777
0.999932 -0.00635031 -0.00870979 -0.00474595 0.00636922 0.999977 0.00215596 0.0284646 0.00869399 -0.00221173 0.999954 0.760639
0.999911 -0.0109143 -0.00894031 0.0292029 0.0109701 0.999921 0.00620057 0.0123559 0.00887385 -0.00629757 0.999947 0.770035
0.999954 -0.00452046 -0.00731986 0.00730507 0.004532 0.99999 0.00155206 0.0135035 0.00731082 -0.00158563 0.999968 0.804593
0.99998 -0.00316338 -0.00712337 -0.0161183 0.00316081 0.999993 -0.000387627 -0.00952572 0.00712632 0.000365488 0.999981 0.787747
0.999943 -5.93933e-05 -0.00965201 0.0189722 -2.39371e-05 0.999965 -0.00863446 0.00858256 0.00964998 0.008634 0.99991 0.876698
0.99999 -0.00413171 -0.00520374 -0.0472039 0.00410377 0.999975 -0.00541648 -0.011375 0.00522801 0.00539529 0.999978 0.770318
0.999973 0.00156826 -0.00543022 -0.0257503 -0.00158201 0.999999 -0.00248484 0.0154953 0.0054243 0.00249307 0.999979 0.84833
0.999965 0.00714401 -0.00651432 0.0199014 -0.00714382 0.999972 5.6664e-05 0.0330658 0.00651623 -9.86249e-06 0.999983 0.759866
0.999957 0.00686005 -0.0037474 -0.0800909 -0.00686369 0.999979 -0.000908398 -0.0149928 0.00373941 0.000933806 0.999989 0.946912
1.00001 0.000689382 -0.00259573 -0.0719967 -0.000696929 0.999992 -0.00292499 -0.0121431 0.00259523 0.00292697 0.999996 0.876944
0.99997 0.00375065 -0.00463473 -0.0510949 -0.0037628 0.999994 -0.00261263 -0.023468 0.00462337 0.00262983 0.999983 0.885235
0.999998 0.00332605 -0.00408986 -0.027545 -0.00333599 0.999987 -0.0024265 0.00524027 0.00408319 0.00244021 0.999993 0.812045
0.999977 0.00130027 -0.00485005 0.00688934 -0.0012936 1 0.00139201 0.0145269 0.00485026 -0.00138582 0.999984 0.743706
0.999998 -0.00121751 -0.00506444 -0.00514416 0.00122868 0.999993 0.00218522 0.0060921 0.00506328 -0.00219138 0.999988 0.77799
0.999977 -0.000291479 -0.00490635 0.0261927 0.000304341 1 0.00259239 0.00964703 0.00490384 -0.00259392 0.999983 0.692396
0.999993 0.000218439 -0.00594357 0.0116207 -0.000213505 0.999996 0.000853878 0.00731005 0.00594561 -0.000852627 0.999985 0.750917
0.999979 0.00139836 -0.00431843 -0.0121083 -0.00140614 1 -0.00186141 0.0134214 0.004314 0.00186759 0.999987 0.74417
1 -0.00174906 -0.00415498 0.0163534 0.00174885 0.999995 9.96098e-06 -0.0117914 0.00415667 -1.73919e-05 0.999993 0.6728
0.999986 -0.00195203 0.00153879 -0.0637704 0.00195159 1 0.000573236 0.00430515 -0.00154157 -0.00056997 0.999997 0.705704
1 -0.00310656 -0.00343004 0.019655 0.00310648 0.999991 0.000100211 0.00784251 0.00343121 -0.000111226 0.999996 0.706467
0.999981 0.000739596 -0.00324861 0.00493929 -0.000738707 1 0.000117505 0.00731932 0.00324726 -0.000114738 0.999993 0.693134
1 -0.00139345 -0.00462358 0.0387877 0.00139075 0.999995 -0.000505635 0.0045154 0.00462566 0.000498852 0.999991 0.658874
0.999981 0.000406939 -0.00305479 0.00275771 -0.000414103 1 -0.00245736 0.00688709 0.00305227 0.00245889 0.99999 0.651136
1.00001 -0.00308523 -0.00308075 0.00978508 0.00307809 0.999987 -0.00223399 0.00850036 0.00308911 0.00222422 0.999995 0.634224
0.99998 -0.00211681 -0.00259886 -0.0260297 0.00211622 1 -0.000288945 -0.000238987 0.0025978 0.000283613 0.999995 0.660681
1 -0.00427721 -0.00341572 -0.0034581 0.00427806 0.999985 0.000244682 0.00650507 0.00341629 -0.000259434 0.999996 0.629572
0.999973 -0.00195514 -0.00445736 0.0194084 0.00195542 1 4.58393e-05 0.00515324 0.00445557 -5.44177e-05 0.999988 0.597706
1.00001 -0.00117926 -0.00260319 -0.0324838 0.00117883 0.999996 -0.000210053 -0.000911423 0.00260478 0.000206896 0.999999 0.635626
0.999975 2.72096e-06 -0.00377581 0.0213639 -1.96145e-06 1 0.00021438 1.22889e-05 0.00377442 -0.000214329 0.999988 0.557723
1.00001 -0.00149685 -0.00386027 -0.00552092 0.00149639 0.999996 -0.000199236 -0.0055148 0.00386181 0.00019348 0.999997 0.605086
0.99997 0.000555011 -0.00487077 -0.00641398 -0.000560766 1 -0.00115022 -0.00299599 0.00486887 0.00115289 0.999983 0.593563
1 -0.00238041 -0.00480358 -0.0106447 0.00237391 0.999994 -0.00143145 0.0019304 0.00480815 0.00142012 0.999992 0.603962
0.999964 0.00218527 -0.00574466 -0.00237538 -0.00220099 0.999996 -0.00267473 -0.00474486 0.00573737 0.00268715 0.999976 0.57273
0.999987 0.00343258 -0.00708871 -0.00813684 -0.00346538 0.99998 -0.00467669 -0.00794818 0.00707393 0.00470129 0.999969 0.585613
0.999945 0.00458618 -0.00734011 -0.0156863 -0.00462706 0.999977 -0.00550687 0.00229285 0.00731331 0.00554052 0.999954 0.580159
0.999983 0.00409397 -0.00726232 -0.021095 -0.00412709 0.999979 -0.00462701 0.00594013 0.00724447 0.00465699 0.999968 0.575644
0.999949 0.00310535 -0.0075363 -0.0279526 -0.00312878 0.999994 -0.00301384 -0.001888 0.00752559 0.00303727 0.999963 0.594785
0.999987 0.0037911 -0.00689228 -0.0193088 -0.0037789 0.999989 0.00168839 0.0112868 0.0068999 -0.00166231 0.999979 0.601434
0.999944 0.00572107 -0.0067342 -0.0275879 -0.00569209 0.999977 0.00439484 0.00919857 0.0067579 -0.00435632 0.999964 0.60758
0.999965 0.0066519 -0.00790287 -0.0170814 -0.00660114 0.999955 0.00636519 0.00348756 0.00794606 -0.00631272 0.999952 0.619602
0.999937 0.00606925 -0.00729964 -0.0305086 -0.00602582 0.999968 0.00603732 -0.00144113 0.00733486 -0.00599309 0.999952 0.640018
0.99998 0.00238487 -0.00841251 0.00429115 -0.00235241 0.999986 0.00378346 -4.86942e-05 0.00842271 -0.00376355 0.99996 0.609643
0.999933 0.00531844 -0.00831977 -0.0197948 -0.00532429 0.99999 -0.000628747 -0.00408034 0.00831485 0.000673189 0.999963 0.644382
0.999981 0.00381784 -0.00775018 -0.026989 -0.0038353 0.999986 -0.00229618 0.000817644 0.00774267 0.00232561 0.99997 0.661875
0.999943 0.0037495 -0.00812709 -0.00783629 -0.00375858 0.999997 -0.00106747 -0.0163741 0.00812144 0.00109835 0.999965 0.650712
0.999979 0.00189898 -0.00852736 -0.0111289 -0.00191071 0.999993 -0.00139666 0.00420288 0.00852611 0.00141245 0.999965 0.684818
0.999936 0.00257006 -0.00934774 -0.00879901 -0.00256344 1 0.000746797 0.0021291 0.00934817 -0.000722383 0.999955 0.687814
0.999966 0.00546583 -0.00854911 -0.030535 -0.00545027 0.999977 0.00181462 -0.000291447 0.0085603 -0.0017683 0.999963 0.723385
0.999933 0.00271728 -0.00981606 0.0142979 -0.00267059 0.999991 0.00477263 -0.028861 0.00982694 -0.00474596 0.999941 0.684573
0.999976 0.000516312 -0.0088678 -0.0290748 -0.000488373 0.999989 0.00314729 -0.0103206 0.00887123 -0.00314298 0.999955 0.748669
0.999928 -0.000612346 -0.0106327 -0.00774519 0.000610143 1.00001 -0.000203102 0.00855018 0.0106309 0.000196791 0.999944 0.757109
0.999949 0.0033348 -0.0110483 -0.0185376 -0.00332937 0.999989 0.000513657 -0.000498797 0.0110519 -0.000476949 0.999938 0.776026
0.99992 2.53397e-05 -0.0113226 0.00308312 -3.13909e-05 1.00001 -0.000531855 0.0101379 0.0113208 0.000532296 0.999937 0.752871
0.99997 0.00162342 -0.00946762 -0.0193792 -0.00162016 0.999994 0.000357848 0.0087555 0.00946996 -0.000342591 0.999955 0.784536
0.999966 -0.000358544 -0.00620477 -0.0250922 0.000369421 1 0.0017392 -0.0034014 0.00620246 -0.00174127 0.999982 0.791368
0.999996 -0.00123605 -0.00602317 0.0220108 0.00124018 0.999995 0.000695046 0.00911953 0.00602401 -0.000702688 0.99998 0.817716
0.999963 -0.00353841 -0.00573046 0.0146845 0.0035366 0.999999 -0.000294094 0.0169233 0.00572981 0.000274061 0.999987 0.809319
0.99999 -0.00588657 -0.00380763 -0.0197421 0.00588814 0.999978 0.000346189 0.00560776 0.00380712 -0.000368855 0.999989 0.850445
0.999942 -0.00796858 -0.00512184 0.0168114 0.00797897 0.999972 0.00207975 -0.00164068 0.0051037 -0.0021202 0.99999 0.82706
0.99998 -0.00652836 -0.00488524 0.00583233 0.00654455 0.999968 0.00322567 -0.000532889 0.00486555 -0.00325785 0.999978 0.858205
0.999965 -0.0056738 -0.00346168 -0.00602414 0.00568095 0.999987 0.00216992 0.00776169 0.00344767 -0.00218927 0.999996 0.852246
1.00001 -0.000374526 -0.00382996 -0.0132463 0.00037982 0.999994 0.00130404 0.0096905 0.00383109 -0.00130577 0.999988 0.860864
0.999982 1.67466e-05 -0.00315989 -0.0182819 -2.053e-05 1 -0.00110624 0.00229582 0.00315822 0.00110662 0.999998 0.870372
0.999987 0.0052419 -0.00499112 -0.0219501 -0.00524683 0.999982 -0.00102368 0.00339541 0.00498733 0.00104951 0.999983 0.90571
0.999961 0.00614976 -0.00382086 -0.037656 -0.00614448 0.999985 0.0014205 0.00270792 0.00382789 -0.00139661 0.999996 0.925927
1.00001 0.000119856 -0.00350469 -0.0125868 -0.000101131 0.999981 0.00526933 -0.00584623 0.00350684 -0.00526928 0.999976 0.860326
0.99996 0.00313615 -0.00666489 0.00340891 -0.00308759 0.999974 0.00730875 -0.000777618 0.00668595 -0.00728754 0.999955 0.918269
1 -0.000738034 -0.00419379 -0.0121537 0.000768755 0.999969 0.00726757 0.000188434 0.00418991 -0.00727134 0.999962 0.898606
0.999966 -0.00262283 -0.00597612 -0.00929474 0.00264566 0.999995 0.00385153 -0.00229183 0.0059645 -0.00386669 0.999978 0.93209
0.99998 -0.00628146 -0.00540601 -0.00779608 0.0062757 0.999973 -0.00113096 -0.00119353 0.00541444 0.00109642 0.999981 0.893312
0.999918 -0.0104718 -0.00522626 -0.0105379 0.0104395 0.999934 -0.00608514 0.00156237 0.00528822 0.00603074 0.999972 0.88136
0.999986 -0.00570037 -0.00482019 -0.0443055 0.00566396 0.999947 -0.00760827 0.00210646 0.0048646 0.00758014 0.999956 0.991941
0.999958 -0.00334925 -0.006747 -0.0279851 0.00332187 0.999994 -0.00400765 0.00864486 0.00675905 0.00398574 0.999973 0.967168
0.999976 -0.00294166 -0.00816134 -0.00370945 0.00296895 0.999983 0.0032912 0.0109046 0.00815285 -0.00331584 0.999958 0.940132
0.999955 -0.0046312 -0.00632014 -0.0495599 0.00464797 0.999993 0.00268674 0.0036231 0.00630621 -0.00271543 0.99998 1.01108
0.99997 -0.00509937 -0.00778283 0.0361449 0.00509601 0.99998 -0.000483221 0.00238815 0.0077864 0.000442782 0.999966 0.862104
0.999978 -0.00220179 -0.0035984 -0.0752614 0.00218757 0.999997 -0.00392142 -0.0244886 0.00360559 0.00391429 0.99999 0.996217
0.999986 8.47047e-05 -0.00734927 0.0251695 -0.000100054 0.999991 -0.0020934 0.0188196 0.00735058 0.00209334 0.999967 0.931697
0.999974 -0.00294323 -0.00437934 -0.0127849 0.00294813 1 0.00113834 0.0054082 0.00437436 -0.00115057 0.999995 0.974568
1.00001 -0.00276181 -0.000462399 -0.012801 0.00276414 0.999974 0.00531816 -0.0116344 0.000448964 -0.00532008 0.999981 0.898727
0.999971 -0.0047213 -0.00343726 0.0152899 0.00472743 0.999996 0.00174321 0.0256108 0.00342749 -0.0017587 0.999999 0.984896
1 -0.0043143 -0.002347 0.028457 0.00431954 0.99998 0.00237108 0.016082 0.00233812 -0.00238197 0.999988 0.965604
0.999986 -0.000819505 -0.00111229 -0.00429069 0.000820802 1.00001 0.000834425 0.0123514 0.00111018 -0.000834592 1 0.991111
1.00001 0.00219978 0.000559138 -0.00495617 -0.00220091 0.999991 0.00113886 -0.00296239 -0.000555388 -0.0011408 0.999994 0.947666
0.999987 0.000470188 8.3115e-05 -0.000655079 -0.000469585 1 -0.00137866 0.00802963 -8.50548e-05 0.0013794 1.00001 0.966817
1 0.00395199 0.00211496 -0.00904577 -0.00394963 0.999987 -0.00136638 0.00583619 -0.0021191 0.00135727 0.999991 0.939089
0.99998 0.00370197 -0.000258686 0.0470628 -0.00370151 0.999997 -0.000753333 -0.0108859 0.000254569 0.000755058 1.00001 0.96895
1 0.00490119 0.00115755 0.00837331 -0.00490364 0.999982 0.00154527 -0.0107522 -0.00114879 -0.00155176 0.999992 0.983221
0.999979 0.00324397 0.00237177 0.0128488 -0.00324645 1 0.0013488 -0.0108876 -0.00236857 -0.00135564 1 0.95766
1.00001 0.00154126 0.00250562 0.0191004 -0.00154905 0.999988 0.00280117 -0.00579767 -0.00250038 -0.00280591 0.999985 0.939122
0.999981 0.00207232 0.00293805 0.00333004 -0.00208354 0.999996 0.00411699 -0.00833781 -0.00293043 -0.0041222 0.999994 0.965661
0.999997 -0.00453463 0.00347945 0.0216562 0.00452902 0.999983 0.00141322 0.0094016 -0.00348518 -0.00139832 0.999988 0.921353
0.999979 0.000739508 0.00399202 0.0180584 -0.000717819 0.999992 -0.00523534 -0.0054579 -0.00399662 0.00523325 0.999984 0.909373
0.999991 0.00590229 0.00328578 0.00484881 -0.00587644 0.999943 -0.0080979 -0.00631498 -0.00333273 0.00807753 0.999956 0.957974
0.999972 0.00138803 0.00530097 -0.0566717 -0.00136343 0.999997 -0.00448992 -0.0192349 -0.00530782 0.00448353 0.999983 1.0383
1.00001 0.00245304 0.00289337 0.0411636 -0.00246468 0.999981 0.00369062 0.0117501 -0.00288381 -0.00369865 0.999982 0.849328
0.99997 0.00314948 0.00467698 -0.00843586 -0.00317681 0.999988 0.00602521 0.000701502 -0.00465843 -0.00603913 0.999981 1.0275
1 0.00183813 0.00465663 -0.00639928 -0.00186364 0.999973 0.00528241 -0.00423945 -0.00464637 -0.00529187 0.999967 0.955548
0.999974 -0.000103432 0.00500493 -0.0129081 0.000103779 1.00001 0.000102066 0.000289446 -0.00500543 -0.000100688 0.999997 0.957772
1.00001 -0.00185827 0.00237372 0.0508976 0.00185492 0.999988 0.00111839 -0.00127584 -0.0023754 -0.00111488 0.999987 0.903257
