0.999887 0.00118082 0.015089 0.025628 -0.00116094 0.999999 -0.00130844 0.0116839 -0.0150908 0.00129071 0.999886 0.156182
0.999344 0.00368544 0.0360693 0.0545149 -0.0036661 0.999994 -0.000603031 0.00609984 -0.036071 0.000470301 0.999351 0.321877
0.998 0.00517065 0.0630184 0.093728 -0.00530077 0.999985 0.00190227 -0.0172988 -0.0630079 -0.00223262 0.998012 0.481169
0.995215 0.00509905 0.0975996 0.130466 -0.00566826 0.99997 0.00555512 -0.0558635 -0.0975681 -0.00608189 0.995213 0.683244
0.990802 0.00185271 0.135322 0.211508 -0.00295334 0.999967 0.0079372 -0.0560286 -0.135303 -0.00826402 0.990774 0.854407
0.984478 -0.000532778 0.175527 0.288386 -0.00106729 0.999962 0.00902036 -0.0752093 -0.175524 -0.00906804 0.984439 1.07061
0.975733 -0.000629255 0.218979 0.378891 -0.00147603 0.999958 0.00945246 -0.0621507 -0.218976 -0.0095466 0.975689 1.28373
0.963798 0.000623119 0.266651 0.490203 -0.00400337 0.999923 0.0121328 -0.0619167 -0.266621 -0.0127615 0.963724 1.5289
0.949789 -0.00312074 0.312892 0.63532 -0.0031234 0.999811 0.0194546 -0.0665335 -0.312892 -0.0194554 0.949597 1.73636
0.933005 -0.0115594 0.359694 0.787795 0.00198222 0.999649 0.0269831 -0.0649766 -0.359871 -0.0244628 0.932695 1.97801
0.912608 -0.0182587 0.408442 1.08379 0.00642383 0.999526 0.0303304 -0.049049 -0.408801 -0.0250565 0.912289 2.31036
0.888382 -0.019783 0.45869 1.39772 0.00528957 0.999459 0.0328608 -0.027547 -0.459084 -0.0267671 0.888004 2.62586
0.860495 -0.0192689 0.509103 1.63701 0.000413616 0.999315 0.0371249 0.0144147 -0.509469 -0.0317357 0.859912 2.90459
0.828981 -0.023172 0.55881 1.89199 -4.52445e-06 0.999156 0.0414378 0.0224567 -0.559287 -0.034354 0.828279 3.15406
0.793791 -0.0289911 0.607505 2.16158 0.00251283 0.999015 0.0443922 0.0318461 -0.608194 -0.0337121 0.793082 3.38767
0.757626 -0.0350241 0.651763 2.43425 0.00570744 0.998894 0.047043 0.0253224 -0.652676 -0.0319215 0.756984 3.57092
0.718672 -0.0389457 0.694263 2.74131 0.00854883 0.998851 0.0471838 0.0426992 -0.695306 -0.0279751 0.718181 3.78604
0.677471 -0.0408165 0.734431 3.10053 0.00858678 0.998847 0.0475906 0.0701929 -0.735511 -0.0259353 0.677039 4.04356
0.634955 -0.0400707 0.771513 3.44985 0.00436153 0.998827 0.0482882 0.118329 -0.772547 -0.0272964 0.634386 4.29955
0.594058 -0.0405587 0.803413 3.83824 0.00169103 0.998806 0.0491721 0.137057 -0.804432 -0.0278529 0.593416 4.52308
0.555222 -0.042251 0.830632 4.23041 0.0011698 0.99875 0.0500214 0.153663 -0.831711 -0.0268019 0.55458 4.71315
0.517085 -0.0443599 0.854798 4.66713 9.19302e-05 0.998675 0.0517709 0.179282 -0.855945 -0.0266917 0.516405 4.94041
0.480345 -0.0441152 0.875973 5.11855 -0.00273969 0.998657 0.0517969 0.202069 -0.877087 -0.0272808 0.479581 5.15065
0.444085 -0.0436832 0.894935 5.59838 -0.00310527 0.998746 0.0502914 0.222519 -0.895991 -0.0251128 0.443395 5.35991
0.411785 -0.0423349 0.9103 6.0931 -0.00193503 0.998881 0.0473306 0.243806 -0.911292 -0.0212521 0.411244 5.53102
0.38253 -0.0403811 0.923077 6.63857 0.000729277 0.999073 0.0434036 0.278294 -0.923956 -0.01593 0.382207 5.73025
0.357899 -0.0379196 0.932993 7.1507 0.00183923 0.999204 0.0399059 0.307688 -0.933771 -0.0125668 0.357687 5.89764
0.338733 -0.0364374 0.940193 7.75479 0.00325523 0.999302 0.0375558 0.3489 -0.940891 -0.00966088 0.338619 6.08086
0.324826 -0.0361531 0.945086 8.37708 0.00410203 0.999316 0.0368186 0.384977 -0.945777 -0.00808339 0.324755 6.27303
0.314599 -0.0368637 0.948525 8.98545 0.00622395 0.999317 0.0367737 0.42072 -0.949219 -0.00566535 0.314617 6.45281
0.304387 -0.037833 0.9518 9.59424 0.00678265 0.999274 0.0375518 0.457094 -0.952536 -0.00497504 0.304426 6.62597
0.295286 -0.0384731 0.954653 10.3132 0.00552592 0.999255 0.0385619 0.502795 -0.955409 -0.00611135 0.295282 6.82027
0.286833 -0.0390925 0.957186 11.0443 0.00505579 0.999218 0.0392949 0.545049 -0.957979 -0.00643228 0.286809 6.99923
0.278097 -0.0398438 0.959746 11.762 0.00406933 0.999193 0.0403029 0.584771 -0.960562 -0.00730252 0.278039 7.17749
0.269616 -0.0408171 0.962106 12.4686 0.00493351 0.99915 0.041007 0.623783 -0.962967 -0.00631017 0.269592 7.3467
0.261134 -0.0412977 0.964438 13.2229 0.00446407 0.999138 0.0415757 0.658462 -0.965309 -0.00655143 0.261097 7.51531
0.251708 -0.0433262 0.966837 13.9813 0.00381946 0.999038 0.0437756 0.696832 -0.967808 -0.00732647 0.251635 7.68609
0.241469 -0.0464981 0.969314 14.7774 0.00267675 0.998892 0.0472511 0.728402 -0.970423 -0.00881501 0.24133 7.8727
0.229683 -0.0497019 0.971999 15.5617 0.00246873 0.998724 0.0504858 0.763193 -0.973276 -0.00919678 0.229516 8.04988
0.217858 -0.0514442 0.974644 16.3485 0.00189062 0.998643 0.0522893 0.795596 -0.975997 -0.00954888 0.217663 8.21575
0.204595 -0.0518242 0.977478 17.1804 0.00170736 0.998617 0.0525884 0.825342 -0.978859 -0.00909108 0.204405 8.38049
0.190153 -0.0510504 0.980448 17.9891 0.000813855 0.998666 0.0518424 0.848169 -0.981774 -0.00906017 0.189946 8.54066
0.173979 -0.0493784 0.983515 18.7798 -0.00110545 0.998735 0.0503389 0.892036 -0.984763 -0.00984581 0.173708 8.70373
0.155084 -0.0492516 0.986695 19.6243 -0.00207429 0.998749 0.0501806 0.89395 -0.987919 -0.00982893 0.154793 8.80685
0.131824 -0.048562 0.990088 20.4909 -0.00583061 0.998747 0.0497638 0.911173 -0.991273 -0.0123335 0.13138 8.87904
0.100988 -0.0478926 0.993759 21.3588 -0.00940794 0.998762 0.0490913 0.941212 -0.994866 -0.0143068 0.100416 8.966
0.0678794 -0.0478521 0.996551 22.2192 -0.0118013 0.998744 0.0487621 0.964642 -0.997641 -0.0150713 0.0672337 9.01423
0.0341949 -0.0469191 0.998338 23.0584 -0.0126655 0.998809 0.0473764 0.989487 -0.999359 -0.0142645 0.0335639 9.03132
0.00396796 -0.0461255 0.998933 23.9075 -0.0131558 0.99885 0.0461746 1.00919 -0.999923 -0.0133258 0.00336112 8.98533
-0.0273262 -0.0444089 0.998665 24.756 -0.0154681 0.998921 0.0439987 1.02859 -0.999532 -0.014245 -0.0279797 8.93272
-0.0583767 -0.0436177 0.997348 25.6091 -0.0171314 0.998946 0.0426858 1.02525 -0.998166 -0.0145947 -0.059058 8.86025
-0.0908742 -0.0401884 0.995078 26.4595 -0.0148674 0.999139 0.0389963 1.03169 -0.995777 -0.0112503 -0.0913899 8.76943
-0.121499 -0.0365406 0.991927 27.3062 -0.00924449 0.999325 0.0356819 1.02448 -0.992568 -0.00483515 -0.12175 8.64143
-0.153505 -0.0294408 0.987737 28.1454 -0.00187157 0.999574 0.0295043 1.04864 -0.988173 0.00268066 -0.153491 8.51651
-0.181958 -0.0248111 0.983002 29.0016 0.00325533 0.999666 0.0258354 1.04884 -0.983321 0.00790063 -0.181812 8.33568
-0.209386 -0.0180509 0.977696 29.8014 0.0114978 0.999729 0.0209214 1.06807 -0.977794 0.015622 -0.209118 8.13463
-0.233032 -0.00821592 0.972445 30.6116 0.0184312 0.999753 0.0128649 1.05036 -0.972315 0.020921 -0.232818 7.87823
-0.257963 0.00712712 0.96616 31.42 0.0227979 0.999755 -0.00128668 1.04001 -0.965917 0.0216946 -0.258058 7.63532
-0.282497 0.0253549 0.958947 32.2282 0.0223458 0.99956 -0.0198439 1.03509 -0.959031 0.0158225 -0.282935 7.38163
-0.305288 0.039411 0.951477 33.0208 0.0211656 0.999193 -0.0345953 0.990568 -0.952057 0.00957728 -0.305871 7.08064
-0.330792 0.0486391 0.942462 33.8275 0.0241275 0.998789 -0.0430753 0.936187 -0.943418 0.00849037 -0.331559 6.79509
-0.353574 0.0537571 0.933895 34.6095 0.0270631 0.998533 -0.0472309 0.898056 -0.935049 0.00857488 -0.354506 6.46967
-0.375441 0.0546406 0.925247 35.3816 0.0300474 0.998462 -0.0467694 0.862249 -0.926383 0.0102423 -0.376498 6.13129
-0.394928 0.0503279 0.917368 36.1423 0.0323114 0.998657 -0.0408765 0.824015 -0.918178 0.0134984 -0.396019 5.78053
-0.412786 0.0491155 0.909517 36.8847 0.039366 0.998583 -0.0360566 0.778083 -0.910001 0.0209207 -0.414127 5.43045
-0.427104 0.0495861 0.902878 37.6273 0.0419812 0.99852 -0.0349789 0.728546 -0.903263 0.0229644 -0.428549 5.06968
-0.438598 0.0541135 0.897067 38.3484 0.0466906 0.998218 -0.0373847 0.681451 -0.897493 0.0254881 -0.440337 4.71168
-0.448378 0.056474 0.892095 39.0525 0.0467207 0.998132 -0.0397033 0.645247 -0.892659 0.0238774 -0.450176 4.35097
-0.458519 0.0571639 0.886861 39.7555 0.0415002 0.998228 -0.0428838 0.612959 -0.88774 0.0171421 -0.460072 3.97302
-0.469094 0.0548355 0.881481 40.3759 0.0399275 0.99838 -0.0408586 0.58082 -0.882283 0.0160292 -0.47052 3.64914
-0.477813 0.0570065 0.876628 41.0826 0.0413401 0.998256 -0.0423805 0.558952 -0.877513 0.0159906 -0.47933 3.25068
-0.484793 0.0608677 0.872548 41.7747 0.0446272 0.998011 -0.0448241 0.52743 -0.873531 0.0172094 -0.486541 2.86028
-0.486198 0.066623 0.871323 42.4322 0.0469705 0.997649 -0.0500699 0.525104 -0.872611 0.0165831 -0.488178 2.47221
-0.485964 0.0696037 0.871242 43.2002 0.0473936 0.997469 -0.053252 0.479333 -0.872735 0.0154133 -0.488028 2.0406
-0.483865 0.069489 0.872398 43.9719 0.0483586 0.99745 -0.0526258 0.436667 -0.873833 0.0167248 -0.485985 1.65055
-0.479488 0.0688563 0.874882 44.7662 0.0459568 0.997531 -0.0533218 0.394335 -0.876386 0.0146401 -0.481464 1.27527
-0.473604 0.0671064 0.878195 45.5803 0.0429877 0.997674 -0.0530508 0.33719 -0.879716 0.0126272 -0.475381 0.869435
-0.466601 0.0668407 0.88198 46.3835 0.0405086 0.997722 -0.0541816 0.290418 -0.883584 0.0104472 -0.468242 0.471202
-0.45978 0.0659199 0.885601 47.2228 0.0373128 0.997804 -0.0548974 0.241966 -0.887277 0.00780418 -0.461223 0.0402391
-0.456963 0.0637066 0.887243 48.1007 0.03378 0.997968 -0.054259 0.170666 -0.888889 0.00517743 -0.458183 -0.372821
-0.456522 0.0623044 0.887548 48.9683 0.0285157 0.998066 -0.0553931 0.134671 -0.889285 2.12522e-05 -0.45741 -0.7833
-0.456575 0.0617537 0.887579 49.8458 0.0248182 0.998097 -0.0566762 0.0972493 -0.889383 -0.00384817 -0.457234 -1.2263
-0.456667 0.0610113 0.887564 50.7306 0.022842 0.99813 -0.056857 0.0395263 -0.889374 -0.00569062 -0.457202 -1.68489
-0.455946 0.0604146 0.887995 51.6174 0.021859 0.998165 -0.0566862 -0.0215257 -0.889784 -0.00643449 -0.456426 -2.1515
-0.454861 0.05953 0.888591 52.5086 0.023263 0.998227 -0.0549648 -0.0983953 -0.890288 -0.0043297 -0.455435 -2.62254
-0.445546 0.0438386 0.894226 53.065 0.0386764 0.998824 -0.0296954 -0.29952 -0.894469 0.0213545 -0.446713 -3.05877
-0.444379 0.0436101 0.8948 53.9808 0.0384979 0.998832 -0.0295602 -0.34629 -0.895043 0.0213116 -0.445534 -3.52551
-0.439064 -0.0623644 0.896332 54.7216 0.0542052 0.993946 0.0957118 -1.19203 -0.896868 0.0906062 -0.433021 -4.00183
-0.43902 -0.0627249 0.896308 55.6633 0.0522265 0.994103 0.0951506 -1.10205 -0.896991 0.0885831 -0.433149 -4.45228
-0.4382 -0.0646643 0.896593 56.5874 0.0509539 0.994033 0.096599 -1.03187 -0.897482 0.0880115 -0.432287 -4.90681
-0.437819 -0.066137 0.896649 57.5177 0.0500105 0.993967 0.0977352 -0.945198 -0.897704 0.0876319 -0.431864 -5.33928
-0.443427 -0.0759162 0.893138 57.4499 0.0769196 0.989525 0.122303 -1.13581 -0.893057 0.122928 -0.432939 -5.2811
-0.440874 -0.0749087 0.894467 58.325 0.0828486 0.988879 0.123652 -1.01755 -0.893776 0.128619 -0.429754 -5.71655
-0.437862 -0.0757078 0.895898 59.2421 0.0818877 0.988965 0.1236 -0.911238 -0.89536 0.127478 -0.426827 -6.15898
-0.435621 -0.0753573 0.897 60.187 0.0835038 0.988827 0.123626 -0.80313 -0.896287 0.128755 -0.42445 -6.60338
-0.434906 -0.0763643 0.897282 61.0946 0.0829895 0.988777 0.124381 -0.720761 -0.896698 0.128554 -0.423683 -7.02666
-0.433672 -0.0761619 0.897877 61.9187 0.0864941 0.988321 0.125612 -0.638078 -0.896948 0.132134 -0.422009 -7.46653
-0.43434 -0.0734592 0.897798 62.8017 0.0845415 0.988965 0.121823 -0.509882 -0.896828 0.128809 -0.423332 -7.9319
-0.439574 -0.0731513 0.895258 63.7134 0.0821876 0.98924 0.121187 -0.410163 -0.894479 0.126848 -0.428822 -8.35535
-0.449537 -0.073908 0.89025 64.4123 0.0752009 0.989924 0.12016 -0.281704 -0.890147 0.12096 -0.439443 -8.69024
-0.460879 -0.0768498 0.884166 65.2397 0.0701946 0.989985 0.122639 -0.185463 -0.884724 0.118583 -0.450858 -9.06079
-0.468759 -0.071502 0.88048 66.0766 0.0726639 0.99024 0.119106 0.0128497 -0.88039 0.119806 -0.458981 -9.45826
-0.47525 -0.0682245 0.87724 66.9459 0.0733433 0.990467 0.116767 0.111921 -0.876832 0.119831 -0.465704 -9.90765
-0.480298 -0.0657965 0.874688 67.8227 0.0723375 0.990834 0.114259 0.226719 -0.874176 0.118146 -0.47113 -10.3851
-0.486083 -0.0644374 0.871573 68.6604 0.0700847 0.991211 0.112372 0.314805 -0.871143 0.115704 -0.477283 -10.8208
-0.491268 -0.0632831 0.868761 69.566 0.0684804 0.991484 0.110952 0.424036 -0.868372 0.113995 -0.482744 -11.2802
-0.493516 -0.0647171 0.867363 70.4198 0.0690106 0.99119 0.113224 0.512392 -0.867039 0.115733 -0.48469 -11.7858
-0.496116 -0.0710323 0.865401 71.2853 0.0697714 0.990184 0.121278 0.624632 -0.865508 0.120543 -0.486284 -12.2648
-0.498747 -0.0795264 0.86313 72.1327 0.0675351 0.989209 0.130169 0.739451 -0.864158 0.12321 -0.487982 -12.7303
-0.500485 -0.0801581 0.862083 72.9834 0.0671186 0.989137 0.130943 0.872734 -0.8632 0.123391 -0.489662 -13.2141
-0.501459 -0.074709 0.861989 73.8145 0.0629701 0.990491 0.122481 1.027 -0.862933 0.115696 -0.491974 -13.6937
-0.504198 -0.0680813 0.860959 74.6593 0.0634357 0.991298 0.115542 1.13951 -0.861317 0.112867 -0.495485 -14.1538
-0.50332 -0.0595526 0.862085 75.4659 0.0698324 0.991576 0.109271 1.33386 -0.86132 0.115197 -0.494909 -14.6462
-0.502597 -0.0569497 0.862702 76.2422 0.073355 0.991443 0.108189 1.44637 -0.861465 0.117653 -0.494112 -15.1087
-0.502369 -0.0609059 0.862547 77.123 0.072301 0.991085 0.112094 1.52439 -0.861674 0.118672 -0.493474 -15.6074
-0.501843 -0.0669147 0.862425 77.8954 0.0702962 0.990573 0.117768 1.58962 -0.862158 0.119721 -0.492402 -16.0315
-0.500571 -0.0741394 0.862556 78.7484 0.0664853 0.990112 0.123688 1.68863 -0.863187 0.119259 -0.49068 -16.5252
-0.499667 -0.0795663 0.862612 79.5921 0.0594295 0.990301 0.125773 1.77504 -0.864237 0.114104 -0.490085 -16.9826
-0.49847 -0.0845816 0.862813 80.4473 0.0529594 0.99042 0.127688 1.8755 -0.865338 0.109339 -0.489202 -17.4391
-0.497285 -0.0840798 0.86356 81.2704 0.0552833 0.990223 0.128252 1.98861 -0.865885 0.111513 -0.487767 -17.8836
-0.494238 -0.0806378 0.865621 82.0895 0.0590798 0.990292 0.125985 2.0965 -0.867367 0.113404 -0.484663 -18.3442
-0.489034 -0.0777427 0.86885 82.9189 0.0610438 0.990551 0.122995 2.20931 -0.870187 0.113181 -0.479661 -18.8078
-0.48108 -0.0756721 0.873447 83.7304 0.0665663 0.990261 0.122457 2.3163 -0.874197 0.11705 -0.471345 -19.2581
-0.472224 -0.0738008 0.87844 84.5513 0.0713998 0.990036 0.121563 2.41253 -0.878643 0.12012 -0.462242 -19.7287
-0.462669 -0.0749835 0.883398 85.4047 0.0675239 0.990565 0.119446 2.53288 -0.884007 0.114911 -0.453228 -20.1527
-0.451514 -0.0768173 0.889008 86.2486 0.0650054 0.990832 0.118635 2.65064 -0.889953 0.11135 -0.442375 -20.5616
-0.438449 -0.0804844 0.895188 87.0696 0.0663633 0.990388 0.121548 2.7427 -0.896354 0.112697 -0.428881 -20.9709
-0.42289 -0.0926967 0.901485 87.8358 0.0607385 0.989643 0.130259 2.70135 -0.904203 0.109834 -0.412874 -21.3836
-0.411856 -0.0934335 0.90649 88.6824 0.0632015 0.989429 0.130699 2.80537 -0.909108 0.111117 -0.401586 -21.7454
-0.399176 -0.0896063 0.912544 89.5404 0.0669676 0.989731 0.126484 2.94512 -0.914485 0.111595 -0.389071 -22.1169
-0.386255 -0.0815764 0.918824 90.3808 0.0687612 0.990788 0.116874 3.08717 -0.919881 0.108318 -0.377077 -22.4587
-0.374125 -0.0692836 0.924846 91.2452 0.0734574 0.991884 0.104026 3.21311 -0.924524 0.10685 -0.365995 -22.804
-0.361576 -0.0627488 0.930273 92.1205 0.0740428 0.992672 0.0957388 3.32127 -0.929452 0.103493 -0.35427 -23.1288
-0.34866 -0.0660968 0.934976 92.9791 0.0737268 0.992512 0.0976619 3.4014 -0.934405 0.102978 -0.341172 -23.4558
-0.334821 -0.07007 0.939717 93.8185 0.0769835 0.991887 0.101391 3.45227 -0.939187 0.106286 -0.3267 -23.7673
-0.324162 -0.0696907 0.943493 94.6853 0.07492 0.99229 0.0990399 3.5234 -0.943091 0.102786 -0.316438 -24.0555
-0.316164 -0.0646856 0.946542 95.5534 0.0718964 0.993195 0.091891 3.59135 -0.946032 0.0971017 -0.309352 -24.3343
-0.309825 -0.0594922 0.948993 96.4142 0.0655954 0.994356 0.0837554 3.66531 -0.948589 0.0881948 -0.30417 -24.6062
-0.306996 -0.056151 0.950098 97.2802 0.0595464 0.995194 0.0780594 3.75593 -0.949902 0.0805351 -0.302167 -24.8743
-0.30202 -0.05636 0.951698 98.1443 0.0587783 0.995281 0.0775982 3.81388 -0.95155 0.0793714 -0.297279 -25.1519
-0.299046 -0.0571149 0.952575 99.0283 0.0594013 0.995182 0.0783206 3.8562 -0.952446 0.0800023 -0.294203 -25.3963
-0.292776 -0.0654714 0.954002 99.9026 0.062739 0.994216 0.08749 3.84518 -0.954183 0.0854636 -0.286973 -25.6556
-0.285412 -0.0687455 0.955984 100.773 0.061415 0.994088 0.0898239 3.92157 -0.956494 0.0843451 -0.279493 -25.9317
-0.27939 -0.0691983 0.957746 101.65 0.0560462 0.994552 0.0882118 4.01572 -0.958603 0.0783191 -0.273988 -26.1789
-0.271888 -0.070058 0.959823 102.518 0.0478159 0.995157 0.0861843 4.08378 -0.9612 0.069324 -0.267212 -26.4177
-0.265791 -0.069895 0.96156 103.414 0.0422778 0.995593 0.0840593 4.13909 -0.963167 0.0629908 -0.261662 -26.6306
-0.260012 -0.0660569 0.963393 104.29 0.0449879 0.995772 0.0804217 4.19214 -0.964618 0.0642483 -0.255932 -26.8491
-0.255957 -0.0617612 0.964779 105.148 0.046957 0.996016 0.0762226 4.25825 -0.965611 0.0648089 -0.252035 -27.0289
-0.248482 -0.0641063 0.966564 106.032 0.0469922 0.995862 0.0781329 4.31038 -0.967558 0.0648322 -0.244433 -27.2586
-0.240731 -0.0681158 0.968267 106.913 0.0469596 0.99558 0.0817167 4.37854 -0.96952 0.0651369 -0.236467 -27.4725
-0.234159 -0.0714749 0.969619 107.777 0.0450202 0.995454 0.0842543 4.41217 -0.971217 0.0633779 -0.229868 -27.6618
-0.228811 -0.0686381 0.971117 108.67 0.0445516 0.995759 0.0808811 4.46217 -0.972516 0.061767 -0.224782 -27.8524
-0.221224 -0.0680523 0.972899 109.526 0.0431121 0.995932 0.0794696 4.50438 -0.974333 0.0595209 -0.217383 -28.056
-0.213926 -0.0665491 0.974653 110.411 0.0379215 0.996391 0.0763614 4.58271 -0.976182 0.0532914 -0.21063 -28.2474
-0.203772 -0.057404 0.977388 110.34 0.0663088 0.995208 0.072278 4.6172 -0.976833 0.0795339 -0.198981 -28.2745
-0.312558 -0.14042 0.939539 110.065 0.029986 0.987093 0.157512 4.20608 -0.949497 0.077399 -0.304314 -27.5708
-0.305472 -0.13892 0.942068 110.925 0.0331766 0.987178 0.156333 4.34357 -0.951686 0.0790055 -0.296937 -27.8466
-0.365332 -0.0434199 0.929948 111.592 0.0529912 0.996356 0.0673447 4.89193 -0.929447 0.0738765 -0.3617 -27.7448
-0.362676 -0.0482725 0.930722 112.254 0.0418286 0.996841 0.0680037 4.91184 -0.931042 0.0635897 -0.3595 -27.9618
-0.357816 -0.0508201 0.932492 112.951 0.0368203 0.997009 0.0684714 4.97108 -0.933145 0.0588299 -0.354875 -28.222
-0.352858 -0.0491129 0.934445 113.746 0.039375 0.996992 0.0672711 5.03939 -0.934914 0.0605266 -0.349851 -28.5139
-0.350184 -0.0483628 0.935515 114.608 0.0375067 0.997176 0.0655963 5.10635 -0.93601 0.0580539 -0.347381 -28.8141
-0.345398 -0.0474186 0.937315 115.454 0.0361118 0.997345 0.0637651 5.16245 -0.937828 0.0558681 -0.342758 -29.1031
-0.341546 -0.0462297 0.938812 116.307 0.0425672 0.997038 0.0645897 5.22044 -0.938981 0.0620176 -0.338567 -29.3966
-0.338944 -0.0459137 0.939744 117.143 0.0490026 0.996625 0.0663691 5.27352 -0.939598 0.0685406 -0.33554 -29.6777
-0.341858 -0.0453661 0.938742 117.834 0.049207 0.996634 0.06609 5.32764 -0.938543 0.0687804 -0.338476 -29.8331
-0.339596 -0.0411068 0.939731 118.67 0.0482639 0.997001 0.0610556 5.4133 -0.939401 0.0660844 -0.336583 -30.1054
-0.335979 -0.0384705 0.941168 119.517 0.0478027 0.997217 0.0578323 5.45385 -0.940738 0.0644155 -0.333205 -30.413
-0.333591 -0.0391443 0.941963 120.32 0.0467224 0.997258 0.0579908 5.47653 -0.941628 0.0633512 -0.330836 -30.6719
-0.333668 -0.0405618 0.941903 121.19 0.0463924 0.997194 0.0593833 5.51084 -0.941631 0.0635061 -0.330849 -30.9664
-0.33059 -0.0446863 0.942774 122.017 0.0425039 0.997195 0.062172 5.59237 -0.942886 0.0606202 -0.327753 -31.2797
-0.332293 -0.0491082 0.941984 122.878 0.0413356 0.996964 0.0665625 5.6412 -0.942351 0.0610505 -0.329254 -31.539
-0.330798 -0.0471643 0.942584 123.696 0.0444648 0.996898 0.0654892 5.71423 -0.942724 0.0635703 -0.327665 -31.8384
-0.327241 -0.0404758 0.944161 124.515 0.0456811 0.997275 0.0585918 5.77613 -0.943918 0.0622987 -0.3245 -32.1594
-0.32723 -0.0371915 0.944275 125.327 0.0476128 0.997344 0.0557839 5.79276 -0.943816 0.0632087 -0.324579 -32.4197
-0.328781 -0.0394769 0.94367 126.182 0.0445226 0.997408 0.0572433 5.81557 -0.943438 0.0608301 -0.326171 -32.6808
-0.32968 -0.0416276 0.943238 127.023 0.0435089 0.997335 0.0592247 5.82761 -0.943161 0.0605596 -0.326981 -32.938
-0.329367 -0.0384646 0.943505 127.864 0.0450159 0.997436 0.0563834 5.90717 -0.943211 0.0610385 -0.32679 -33.2357
-0.329325 -0.0349656 0.943633 128.699 0.0413329 0.99786 0.0514028 5.96594 -0.943382 0.0559263 -0.327166 -33.5103
-0.329341 -0.0339863 0.943686 129.522 0.0299347 0.998516 0.0464133 6.02233 -0.94382 0.0435307 -0.327833 -33.7723
-0.329061 -0.03313 0.943792 130.348 0.0252467 0.998756 0.0438647 6.04137 -0.944042 0.0382572 -0.327806 -34.0358
-0.329878 -0.0295674 0.943647 131.164 0.0316571 0.998643 0.0423624 6.04261 -0.943577 0.0438435 -0.328493 -34.3154
-0.328284 -0.029042 0.9442 131.967 0.0280369 0.998826 0.0404732 6.07825 -0.944235 0.0397543 -0.327076 -34.6013
-0.326865 -0.0239622 0.944855 132.759 0.0443276 0.998232 0.0406563 6.0597 -0.944116 0.0551672 -0.325224 -34.8776
-0.240566 -0.174033 0.954974 132.807 -0.0423444 0.98478 0.168798 5.566 -0.969787 0.0001671 -0.244271 -35.2484
-0.254309 -0.211272 0.943855 132.67 -0.0358112 0.977284 0.209113 5.13692 -0.966548 0.0193777 -0.2561 -35.1088
-0.254894 -0.214479 0.942955 132.914 -0.0397839 0.97664 0.211384 5.29234 -0.966227 0.0163635 -0.257467 -35.188
-0.281206 -0.228664 0.9321 132.53 -0.0227339 0.972564 0.231739 4.96596 -0.959469 0.0439738 -0.278689 -34.922
-0.305562 -0.251141 0.91853 132.515 -0.0349106 0.966946 0.252761 4.69399 -0.951609 0.0451647 -0.304222 -34.7087
-0.29961 -0.246789 0.921689 133.274 -0.0297815 0.967973 0.249508 4.89405 -0.953693 0.0473048 -0.297362 -34.957
-0.291434 -0.245942 0.924512 134.017 -0.0300673 0.968314 0.248113 5.10731 -0.956197 0.044509 -0.289588 -35.1882
-0.282944 -0.249877 0.926116 134.776 -0.0257089 0.967157 0.253104 5.29861 -0.958888 0.0478038 -0.280074 -35.4142
-0.27555 -0.244676 0.929708 135.241 -0.0244922 0.968593 0.247649 5.49339 -0.961055 0.0454674 -0.272883 -35.5559
-0.260981 -0.174103 0.949618 135.068 -0.0258446 0.984573 0.173414 5.95971 -0.965096 0.0207168 -0.261454 -35.6022
-0.255996 -0.188872 0.94813 135.14 -0.0291051 0.981838 0.18773 5.8609 -0.966325 0.0204623 -0.256841 -35.6111
-0.254213 -0.186706 0.949062 135.205 -0.017066 0.981969 0.188615 5.84752 -0.967097 0.0317528 -0.252816 -35.6151
-0.25747 -0.174749 0.950438 134.741 -0.0157337 0.984192 0.176695 5.78573 -0.966246 0.030539 -0.256145 -35.4676
-0.243173 -0.170044 0.955068 134.993 -0.0225397 0.985306 0.169695 5.85782 -0.969821 0.0197402 -0.243433 -35.5528
-0.233042 -0.159118 0.959445 135.027 -0.0262822 0.987247 0.157347 5.88727 -0.9722 0.0114522 -0.234249 -35.5649
-0.208511 -0.161475 0.964704 134.567 -0.0567329 0.986681 0.152897 5.8704 -0.976471 -0.022845 -0.214897 -35.515
-0.196794 -0.162297 0.967002 134.986 -0.0584126 0.986446 0.153675 5.93072 -0.978792 -0.0262407 -0.203606 -35.5924
-0.17892 -0.155685 0.971574 134.995 -0.0585181 0.987407 0.147451 5.96731 -0.982221 -0.0304671 -0.185781 -35.6138
-0.174075 -0.147087 0.97377 134.893 -0.0618464 0.988516 0.138261 5.96456 -0.982879 -0.0361538 -0.181173 -35.531
-0.167884 -0.136166 0.976465 134.808 -0.085625 0.988756 0.123164 6.04723 -0.982183 -0.0629249 -0.17766 -35.4665
-0.159002 -0.121171 0.9799 134.834 -0.112149 0.988286 0.104014 6.26375 -0.98098 -0.0933513 -0.170729 -35.4821
-0.154761 -0.101936 0.982788 134.882 -0.121044 0.989197 0.0835453 6.38549 -0.980613 -0.10602 -0.165433 -35.4918
-0.155694 -0.108717 0.981893 134.997 -0.125068 0.988148 0.0895829 6.3757 -0.979952 -0.108849 -0.167447 -35.4752
-0.15822 -0.116693 0.980597 134.926 -0.125644 0.987371 0.0972329 6.30595 -0.979486 -0.107809 -0.17089 -35.4236
-0.161144 -0.119096 0.979811 135.673 -0.125024 0.987212 0.0994388 6.37189 -0.979079 -0.106467 -0.173975 -35.5572
-0.161737 -0.118257 0.979836 136.411 -0.123727 0.987458 0.0987607 6.43973 -0.979155 -0.105247 -0.174347 -35.7239
-0.164915 -0.119226 0.979169 137.162 -0.121251 0.987643 0.099842 6.46526 -0.978927 -0.102251 -0.177334 -35.8634
-0.168954 -0.120647 0.978325 137.9 -0.122013 0.987474 0.100711 6.52599 -0.978152 -0.10234 -0.181565 -36.0014
-0.173761 -0.120466 0.977487 138.634 -0.123789 0.987345 0.0996809 6.59766 -0.977077 -0.103673 -0.186475 -36.1442
-0.179763 -0.122706 0.976141 139.362 -0.126846 0.986865 0.100702 6.66189 -0.975608 -0.105703 -0.192972 -36.28
-0.188407 -0.109039 0.976114 139.178 -0.107258 0.990212 0.0899166 6.67733 -0.976317 -0.0877469 -0.198259 -36.2886
-0.18453 -0.0833465 0.979403 139.21 -0.106783 0.992265 0.06433 6.85056 -0.977123 -0.0926998 -0.19201 -36.401
-0.190366 -0.0801353 0.978532 139.512 -0.116704 0.991496 0.0584986 6.92791 -0.974853 -0.103054 -0.198101 -36.4807
-0.206232 -0.0952618 0.973975 139.616 -0.126825 0.989525 0.0699368 6.85233 -0.970364 -0.109087 -0.216159 -36.4568
-0.226142 -0.0904704 0.969981 139.633 -0.108616 0.991864 0.0671941 6.79391 -0.968123 -0.0901518 -0.234128 -36.4251
-0.235694 -0.0355147 0.971302 139.709 -0.10629 0.994347 0.0105731 7.08713 -0.966117 -0.100734 -0.238141 -36.4881
-0.233146 0.0158482 0.97241 139.823 -0.10974 0.993105 -0.0424897 7.35381 -0.966334 -0.116611 -0.229798 -36.6048
-0.251259 0.0084825 0.968011 139.74 -0.11181 0.993082 -0.0377158 7.29494 -0.961562 -0.117695 -0.248578 -36.5353
-0.265588 -0.00645433 0.964164 139.781 -0.125053 0.991814 -0.0278008 7.2654 -0.956046 -0.127946 -0.264218 -36.5035
-0.284734 0.0152523 0.958616 139.637 -0.12109 0.99136 -0.0517327 7.40883 -0.951052 -0.130793 -0.280432 -36.4328
-0.300216 -0.0365905 0.953273 139.674 -0.119377 0.992902 0.00052107 7.12267 -0.94648 -0.113632 -0.30245 -36.3596
-0.298033 -0.0694292 0.952162 139.609 -0.1125 0.993026 0.037204 6.99536 -0.948029 -0.0960145 -0.303768 -36.3674
-0.289557 -0.0877146 0.953239 140.027 -0.116181 0.991705 0.0559676 6.9206 -0.950192 -0.0945313 -0.297342 -36.4679
-0.284966 -0.0848333 0.95491 139.987 -0.144039 0.988628 0.044852 7.13187 -0.947782 -0.124744 -0.293946 -36.501
-0.275722 -0.127872 0.952803 139.799 -0.164543 0.982819 0.0842889 6.99165 -0.94716 -0.133522 -0.292023 -36.478
-0.265791 -0.171697 0.948752 139.926 -0.190267 0.974072 0.122985 6.84965 -0.945197 -0.147806 -0.29157 -36.4824
-0.24812 -0.175581 0.952793 140.567 -0.187853 0.973548 0.130489 6.9358 -0.950451 -0.146593 -0.274538 -36.6631
-0.240692 -0.132531 0.961647 140.214 -0.186887 0.978499 0.088085 7.10858 -0.952572 -0.158495 -0.26029 -36.6406
-0.222852 -0.200851 0.954051 140.135 -0.165921 0.972146 0.165905 6.69528 -0.960744 -0.121308 -0.249969 -36.6203
-0.187094 -0.191829 0.963573 139.205 -0.274051 0.95208 0.136338 7.06838 -0.943479 -0.238526 -0.230707 -36.5781
-0.168957 -0.193981 0.966461 139.836 -0.275957 0.950605 0.142556 7.15548 -0.94632 -0.242593 -0.214143 -36.7134
-0.153789 -0.198025 0.968201 140.462 -0.275547 0.94952 0.150445 7.24251 -0.949045 -0.243612 -0.200601 -36.8292
-0.142416 -0.200482 0.969405 141.08 -0.270167 0.950029 0.156785 7.33363 -0.952339 -0.239549 -0.189466 -36.9427
-0.176949 -0.162563 0.970846 141.109 -0.237109 0.964334 0.118265 7.66305 -0.95537 -0.209238 -0.209193 -36.8485
-0.162298 -0.161539 0.973543 141.669 -0.244004 0.962507 0.11903 7.71972 -0.956214 -0.21821 -0.195632 -36.9942
-0.152337 -0.155917 0.976098 142.294 -0.247093 0.962203 0.115143 7.79204 -0.957081 -0.223613 -0.185116 -37.094
-0.144351 -0.144895 0.978976 142.906 -0.245211 0.963673 0.106474 7.86976 -0.95878 -0.224666 -0.174641 -37.1782
-0.124911 -0.137176 0.982785 143.416 -0.228627 0.967798 0.106034 7.81973 -0.965607 -0.211414 -0.152265 -37.4355
-0.1185 -0.138721 0.983332 144.029 -0.227556 0.967704 0.109094 7.88973 -0.966645 -0.210816 -0.146246 -37.5203
-0.11123 -0.147059 0.982999 144.667 -0.228832 0.966282 0.118674 7.96015 -0.96723 -0.21171 -0.141146 -37.612
-0.102942 -0.159377 0.981946 145.314 -0.232512 0.963661 0.132031 8.02144 -0.967248 -0.214705 -0.136264 -37.7409
-0.101259 -0.167714 0.980765 145.92 -0.232021 0.962565 0.140656 8.09045 -0.967565 -0.213283 -0.136396 -37.8007
-0.100804 -0.16694 0.980911 146.576 -0.229254 0.963262 0.140375 8.1707 -0.968251 -0.210709 -0.13538 -37.8997
-0.100249 -0.163391 0.981599 147.212 -0.225892 0.96448 0.13748 8.25215 -0.969118 -0.207922 -0.133612 -37.9872
-0.0992725 -0.161303 0.98201 147.806 -0.223834 0.965176 0.135908 8.35601 -0.969678 -0.206297 -0.131927 -38.0628
-0.0966367 -0.162041 0.982186 148.439 -0.229037 0.963878 0.136495 8.47571 -0.968747 -0.211734 -0.130275 -38.1542
-0.0936422 -0.164678 0.982003 149.067 -0.229894 0.963221 0.139605 8.57522 -0.968822 -0.212664 -0.128064 -38.2329
-0.0898093 -0.167759 0.981876 149.711 -0.230345 0.962564 0.1434 8.68053 -0.969095 -0.213259 -0.125106 -38.3277
-0.085727 -0.16978 0.981859 150.362 -0.22905 0.962411 0.146417 8.77482 -0.969756 -0.212323 -0.121401 -38.3987
-0.07997 -0.172436 0.981918 150.986 -0.22569 0.962557 0.150666 8.84695 -0.971052 -0.209527 -0.115909 -38.4576
-0.072487 -0.17608 0.981817 151.628 -0.223113 0.962282 0.156103 8.91968 -0.972218 -0.20772 -0.109047 -38.5098
-0.0628498 -0.176898 0.982377 152.288 -0.219802 0.962537 0.159274 9.01291 -0.973663 -0.205883 -0.0993934 -38.5692
-0.0517391 -0.174778 0.983361 152.919 -0.218714 0.962719 0.159601 9.12149 -0.974542 -0.206796 -0.0880468 -38.5936
-0.0415301 -0.169577 0.984798 153.523 -0.221829 0.962542 0.156401 9.22248 -0.974346 -0.211926 -0.0776087 -38.5461
-0.0282575 -0.167266 0.985622 154.23 -0.222583 0.96227 0.156922 9.30818 -0.974629 -0.214927 -0.0644346 -38.5773
-0.0159359 -0.168989 0.985646 154.92 -0.219713 0.962199 0.161428 9.33938 -0.97558 -0.213951 -0.0524813 -38.5949
-0.0049804 -0.172436 0.985124 155.534 -0.21777 0.961636 0.167224 9.43849 -0.976115 -0.213675 -0.0423548 -38.5887
0.00716768 -0.174019 0.984875 156.198 -0.217483 0.960983 0.171392 9.54319 -0.976184 -0.215386 -0.0309782 -38.602
0.0185233 -0.176169 0.984302 156.887 -0.218356 0.959951 0.175919 9.64452 -0.975821 -0.218164 -0.0207014 -38.5621
0.0304173 -0.177679 0.983778 157.578 -0.22085 0.958642 0.17998 9.78001 -0.97498 -0.222705 -0.0101022 -38.5705
0.0393247 -0.178865 0.983205 158.276 -0.222213 0.957719 0.183116 9.88632 -0.974334 -0.225659 -0.00210081 -38.5675
0.0446201 -0.181952 0.982457 158.984 -0.221839 0.957006 0.187327 10.0077 -0.97421 -0.226267 0.00231561 -38.5689
0.0468899 -0.185998 0.981549 159.691 -0.218265 0.956934 0.19176 10.1161 -0.974891 -0.223206 0.00425665 -38.5679
0.0452081 -0.183832 0.982081 160.397 -0.214413 0.958317 0.189267 10.2422 -0.975844 -0.21909 0.00388538 -38.5513
0.0443743 -0.183862 0.98207 161.13 -0.213296 0.958581 0.189102 10.3535 -0.976109 -0.217839 0.00330246 -38.5526
0.0425661 -0.178262 0.983225 161.861 -0.21184 0.960058 0.183246 10.5229 -0.976524 -0.21605 0.00308079 -38.5491
0.0427787 -0.177293 0.983349 162.594 -0.209118 0.960813 0.182328 10.6745 -0.977085 -0.213412 0.00400993 -38.5655
0.0415906 -0.182613 0.982471 163.309 -0.204502 0.960872 0.187269 10.7915 -0.97813 -0.20867 0.00259641 -38.5646
0.037605 -0.183319 0.982457 164.032 -0.207036 0.960344 0.187118 10.9575 -0.977743 -0.210417 -0.0018565 -38.5171
0.0331131 -0.186423 0.982079 164.626 -0.205637 0.960243 0.189227 11.0654 -0.978215 -0.208181 -0.00656038 -38.5077
0.0310044 -0.18727 0.981943 165.384 -0.205726 0.960136 0.189608 11.1978 -0.978252 -0.207865 -0.00877369 -38.5005
0.0272379 -0.187749 0.982007 166.139 -0.208079 0.959709 0.189272 11.3282 -0.977879 -0.209453 -0.0129471 -38.4893
0.0282186 -0.183674 0.98271 166.912 -0.210053 0.960012 0.185465 11.4935 -0.977418 -0.21163 -0.0115071 -38.5285
0.024951 -0.182335 0.98309 167.648 -0.208549 0.960726 0.183497 11.5909 -0.977842 -0.209562 -0.0140758 -38.5099
0.02522 -0.177486 0.983928 168.386 -0.208039 0.961712 0.178813 11.7015 -0.977932 -0.20918 -0.0126857 -38.5288
0.0176827 -0.178424 0.983969 169.117 -0.206031 0.962263 0.178209 11.8229 -0.978537 -0.205838 -0.0197665 -38.455
0.015802 -0.184716 0.982795 169.871 -0.209671 0.9604 0.183881 11.9133 -0.977782 -0.208943 -0.0235685 -38.4508
0.0145449 -0.188926 0.98206 170.613 -0.210128 0.959562 0.18773 12.0406 -0.977717 -0.209047 -0.0257625 -38.4511
0.0120827 -0.189406 0.981957 171.382 -0.213667 0.958805 0.187572 12.1793 -0.976971 -0.212052 -0.0288992 -38.457
0.00825648 -0.192067 0.981525 172.143 -0.217795 0.957555 0.18923 12.2861 -0.976111 -0.21529 -0.0339454 -38.4772
-0.000407042 -0.192332 0.981462 172.873 -0.218948 0.957613 0.187571 12.4273 -0.975875 -0.214786 -0.0425132 -38.4961
-0.0103187 -0.19199 0.981521 173.612 -0.221567 0.957518 0.184987 12.5607 -0.975244 -0.21552 -0.0524378 -38.5273
-0.0222378 -0.188669 0.981922 174.345 -0.221197 0.9587 0.179201 12.6873 -0.975114 -0.213186 -0.0630631 -38.5638
-0.033698 -0.18691 0.981977 175.098 -0.224761 0.95869 0.174786 12.7938 -0.973983 -0.214777 -0.0743336 -38.6105
-0.0428629 -0.190189 0.980944 175.834 -0.231341 0.956999 0.175441 12.8922 -0.972067 -0.219385 -0.0850265 -38.6891
-0.0556581 -0.195036 0.979393 176.577 -0.22735 0.95753 0.177782 13.0228 -0.972375 -0.212727 -0.0976512 -38.7635
-0.067496 -0.203147 0.976956 177.301 -0.226809 0.956623 0.183252 13.1376 -0.971737 -0.209185 -0.11065 -38.8165
-0.0731827 -0.207689 0.975629 178.059 -0.227029 0.95595 0.186489 13.2755 -0.971291 -0.207807 -0.117124 -38.9224
-0.0678764 -0.197137 0.978161 178.692 -0.254045 0.951468 0.174131 13.6543 -0.964948 -0.236648 -0.114671 -39.1318
-0.0685106 -0.200045 0.977565 179.468 -0.252041 0.95147 0.177058 13.7413 -0.965448 -0.234212 -0.115619 -39.2512
-0.0655324 -0.205128 0.976676 180.017 -0.25201 0.950401 0.182702 13.7433 -0.965644 -0.23413 -0.113984 -39.3983
-0.067576 -0.200181 0.977605 180.823 -0.254253 0.950866 0.177148 13.9199 -0.96493 -0.236544 -0.115167 -39.4743
-0.0656998 -0.200216 0.977685 181.6 -0.258868 0.949623 0.177076 14.0341 -0.963818 -0.241427 -0.114227 -39.5676
-0.0623222 -0.202254 0.97753 182.331 -0.26125 0.948506 0.17961 14.13 -0.963416 -0.24414 -0.111966 -39.6821
-0.0598284 -0.204023 0.977276 183.08 -0.261718 0.947934 0.181878 14.2488 -0.96343 -0.244859 -0.110118 -39.7709
-0.0592604 -0.204674 0.977218 183.869 -0.259591 0.948333 0.182901 14.3936 -0.964057 -0.242791 -0.109345 -39.8414
-0.0541822 -0.202401 0.977943 184.625 -0.253811 0.949954 0.182548 14.5308 -0.965878 -0.238292 -0.102851 -39.9989
-0.0498405 -0.202457 0.978204 185.367 -0.251701 0.950268 0.183869 14.6663 -0.966678 -0.237005 -0.0983361 -40.0879
-0.0456656 -0.203379 0.978179 186.166 -0.253561 0.949438 0.185568 14.8207 -0.966386 -0.239523 -0.0949345 -40.1451
-0.0417726 -0.207515 0.977521 186.872 -0.254994 0.948104 0.190392 14.9542 -0.966198 -0.241262 -0.0925357 -40.1755
-0.0352292 -0.212657 0.976636 187.637 -0.254576 0.94686 0.196993 15.0803 -0.966556 -0.241657 -0.0875041 -40.2406
-0.0311185 -0.213499 0.976628 188.432 -0.254979 0.946384 0.198782 15.2268 -0.966604 -0.242787 -0.0839045 -40.291
-0.0238426 -0.211222 0.977293 189.206 -0.258315 0.945622 0.198078 15.3554 -0.965914 -0.247695 -0.0771186 -40.3521
-0.0182377 -0.206297 0.978503 189.967 -0.263349 0.945014 0.194347 15.5174 -0.964687 -0.254096 -0.0715811 -40.3916
-0.0122233 -0.204828 0.978868 190.781 -0.266221 0.944221 0.194257 15.6653 -0.963983 -0.258188 -0.0660829 -40.4422
-0.00811055 -0.204977 0.978917 191.564 -0.267513 0.94363 0.19539 15.8239 -0.96368 -0.26024 -0.0625062 -40.4684
-0.00393673 -0.203971 0.979118 192.334 -0.267784 0.943527 0.195483 15.9535 -0.963622 -0.261388 -0.0583474 -40.4984
0.000147736 -0.203371 0.979292 193.133 -0.268814 0.943151 0.195925 16.0772 -0.963358 -0.263224 -0.05455 -40.5258
0.00296048 -0.204963 0.978915 193.91 -0.267982 0.942897 0.198235 16.1898 -0.963571 -0.262884 -0.0521485 -40.5369
0.00871493 -0.206315 0.978637 194.71 -0.265283 0.943042 0.201193 16.3311 -0.964297 -0.261317 -0.0465342 -40.5813
0.0127606 -0.208016 0.978193 195.49 -0.260267 0.943806 0.204102 16.4562 -0.965604 -0.257161 -0.0421108 -40.5922
0.0170742 -0.206543 0.978481 196.264 -0.256581 0.944862 0.203942 16.6076 -0.966536 -0.254491 -0.036884 -40.619
0.0222176 -0.205232 0.978612 197.062 -0.256579 0.944843 0.203978 16.7552 -0.966421 -0.255588 -0.0316817 -40.6367
0.0268271 -0.208107 0.977933 197.849 -0.260307 0.942994 0.207832 16.911 -0.965319 -0.260086 -0.0288968 -40.6325
0.0331953 -0.210088 0.97727 198.606 -0.26252 0.941588 0.211338 17.0607 -0.964509 -0.263533 -0.0239127 -40.6237
0.0358723 -0.207871 0.977697 199.415 -0.261019 0.942327 0.209948 17.2111 -0.964835 -0.262676 -0.0204807 -40.6098
0.055414 -0.196731 0.979042 200.03 -0.257444 0.944523 0.20437 17.3778 -0.964859 -0.263338 0.00167093 -40.8209
0.058866 -0.191721 0.979881 200.812 -0.261786 0.944176 0.200478 17.5534 -0.963502 -0.268268 0.00535893 -40.7917
0.0597533 -0.194528 0.979228 201.571 -0.267957 0.941793 0.203446 17.7267 -0.961732 -0.274511 0.00412788 -40.714
0.0588604 -0.20428 0.977341 202.384 -0.268063 0.939757 0.212586 17.9054 -0.961775 -0.274449 0.000523777 -40.6651
0.0596303 -0.215997 0.974727 203.175 -0.259396 0.939508 0.224065 18.0562 -0.964083 -0.266165 -2.76891e-05 -40.663
0.0641535 -0.226034 0.972206 203.947 -0.2613 0.93633 0.234954 18.2194 -0.963298 -0.269058 0.000975362 -40.65
0.065863 -0.229655 0.971199 204.765 -0.257904 0.936263 0.238887 18.365 -0.964079 -0.266173 0.00241319 -40.6284
0.0675727 -0.224253 0.972386 205.53 -0.261743 0.936405 0.23416 18.5647 -0.962946 -0.270284 0.00454679 -40.5841
0.0711368 -0.21654 0.973838 206.327 -0.260717 0.938275 0.22768 18.759 -0.962949 -0.270055 0.0102653 -40.5808
0.0750273 -0.211253 0.97475 207.125 -0.258989 0.939741 0.223618 18.9446 -0.963142 -0.269173 0.0157605 -40.5632
0.0789786 -0.208105 0.975073 207.882 -0.258676 0.940287 0.221635 19.1252 -0.962889 -0.269696 0.0204043 -40.5174
0.0827025 -0.206032 0.975249 208.666 -0.25652 0.941133 0.220595 19.2884 -0.963176 -0.26836 0.0249477 -40.4887
0.0873815 -0.208111 0.974355 209.504 -0.254164 0.941008 0.223785 19.4444 -0.963366 -0.267164 0.0293045 -40.4799
0.0934345 -0.213262 0.972722 210.29 -0.251617 0.940133 0.230303 19.614 -0.963489 -0.266218 0.0341439 -40.4438
0.0962409 -0.21858 0.971226 211.067 -0.248103 0.939629 0.236055 19.7816 -0.964103 -0.263645 0.0361713 -40.4333
0.102826 -0.223316 0.969512 211.811 -0.250365 0.937401 0.242489 19.8763 -0.962859 -0.267613 0.0404415 -40.5468
0.105642 -0.229823 0.967649 212.628 -0.247265 0.936399 0.249397 20.0403 -0.963336 -0.265574 0.0420657 -40.5238
0.107266 -0.235524 0.966138 213.394 -0.244371 0.935601 0.255227 20.2382 -0.963915 -0.26342 0.0427647 -40.4972
0.109646 -0.236325 0.965636 214.18 -0.245239 0.934967 0.256667 20.4206 -0.963407 -0.264917 0.0445291 -40.4543
0.114244 -0.227998 0.967142 214.955 -0.253162 0.93461 0.250248 20.5991 -0.960841 -0.273379 0.0490146 -40.3922
0.11584 -0.215636 0.969746 215.702 -0.253155 0.937605 0.238731 20.7644 -0.960632 -0.273112 0.0539912 -40.3384
0.116452 -0.207834 0.971415 216.502 -0.253985 0.939231 0.231409 20.9518 -0.960359 -0.27362 0.0565485 -40.278
0.114828 -0.21101 0.970885 217.281 -0.252234 0.939063 0.233928 21.1347 -0.960997 -0.271713 0.0545751 -40.208
0.113308 -0.216079 0.969988 218.077 -0.253432 0.937609 0.238484 21.3379 -0.960881 -0.272795 0.0514381 -40.1228
0.114689 -0.219526 0.969015 218.843 -0.25085 0.937376 0.24205 21.4773 -0.961375 -0.270798 0.0524066 -40.0825
0.113356 -0.220047 0.969093 219.682 -0.247309 0.93834 0.242007 21.6625 -0.962473 -0.267045 0.0519069 -40.004
0.111779 -0.221381 0.968933 220.416 -0.24466 0.938835 0.242731 21.8287 -0.963312 -0.264153 0.0507465 -39.9282
0.115588 -0.226637 0.96731 221.213 -0.243533 0.937557 0.248782 21.9996 -0.96317 -0.264274 0.053137 -39.9126
0.118197 -0.230348 0.966074 222.003 -0.244456 0.936139 0.253119 22.1734 -0.962598 -0.266042 0.0543065 -39.8701
0.118902 -0.228862 0.966386 222.845 -0.245913 0.936085 0.251959 22.3901 -0.962164 -0.26755 0.054982 -39.7972
0.1206 -0.224324 0.967194 223.641 -0.243149 0.937889 0.247847 22.5893 -0.962631 -0.265024 0.0585323 -39.7528
0.121663 -0.222737 0.967472 224.405 -0.242336 0.938453 0.246549 22.7724 -0.962726 -0.264394 0.0601572 -39.6935
0.122676 -0.223806 0.967052 225.219 -0.241594 0.938303 0.247801 22.987 -0.96276 -0.263994 0.0610039 -39.6287
0.126533 -0.227255 0.965795 226.031 -0.239993 0.937587 0.252077 23.1799 -0.962685 -0.263626 0.0640553 -39.5667
0.130568 -0.228986 0.964805 226.837 -0.239313 0.937019 0.254778 23.3788 -0.962293 -0.264118 0.0675115 -39.5014
