0.999997 -0.00120767 -0.0022026 0.00772387 0.00120345 0.999999 -0.0017504 0.00736768 0.00220441 0.00174752 0.999997 0.569951
0.999999 -6.99276e-05 -0.000843419 -0.00711294 6.88508e-05 0.999998 -0.00168905 -0.0100246 0.000843864 0.00168921 0.999997 0.551106
0.999999 -4.55927e-05 -0.00254952 0.0105907 4.04028e-05 1 -0.00202053 0.00166959 0.00254899 0.00202017 0.999998 0.577778
0.999996 -0.00163979 -0.00160584 -0.010115 0.00163561 0.999994 -0.00268228 0.00964765 0.00161068 0.00267977 0.999994 0.599946
0.999994 -0.00310191 -0.00243513 0.0253032 0.00309676 0.999994 -0.0020559 -0.00897541 0.00244078 0.00204813 0.999997 0.512979
0.999998 -0.000720066 0.000715562 -0.0605164 0.000721278 0.999998 -0.00135669 0.00821504 -0.000714165 0.00135737 0.999996 0.609535
1 4.81768e-05 -0.00068439 -0.0249624 -4.79909e-05 1 0.000728249 -0.0159247 0.000683678 -0.000728449 1 0.578089
0.999998 -0.000275201 0.0013943 -0.0668344 0.000275135 1 0.000286036 -0.024961 -0.00139386 -0.000285417 0.999996 0.596934
1 0.00102069 -6.28957e-05 -0.0338286 -0.00102117 0.999998 -0.00249408 -0.0176853 5.98122e-05 0.0024939 1 0.61092
0.999998 0.00147837 -0.000983018 -0.0167348 -0.0014815 0.999992 -0.00342017 -0.0140064 0.000978415 0.00342177 0.999991 0.612634
1 0.00129122 -4.92601e-05 -0.047393 -0.0012916 0.999993 -0.00360464 -0.00585987 4.39501e-05 0.00360448 0.999996 0.669329
0.999996 0.00261257 0.00047134 -0.0434906 -0.00261228 0.999996 -0.000181163 -0.00262961 -0.00047119 0.000180132 0.999997 0.658101
0.999998 0.00257122 0.000159897 -0.0351183 -0.00257251 0.999974 0.00697181 -0.00456237 -0.000142639 -0.00697239 0.999978 0.659105
0.999998 0.000675625 -0.00170963 0.0293117 -0.000658248 0.999949 0.00998749 0.00362635 0.00171687 -0.00998623 0.999947 0.632666
0.999997 0.000962993 -0.0025757 0.036456 -0.000948024 0.999984 0.00587607 0.00153624 0.00258071 -0.00587369 0.999983 0.67474
0.999993 0.00272218 -0.00228966 0.0159542 -0.00272523 0.999995 -0.00144319 -0.0106961 0.00228621 0.00144955 0.999994 0.703582
0.999997 0.00260215 -0.00113023 0.00704606 -0.00260947 0.999978 -0.00630507 -0.0264495 0.00111325 0.00630782 0.999982 0.677408
0.999987 -0.00084195 -0.00424734 0.0488845 0.000812987 0.999976 -0.00685416 0.0185476 0.00425343 0.00685083 0.999964 0.725313
1 -0.00161166 -0.00106287 0.00775046 0.0016127 0.999999 0.00113229 0.00193797 0.00106051 -0.00113421 1 0.740642
0.999996 -0.00119843 -0.000564563 0.0035069 0.00120357 0.999958 0.00898307 0.000844393 0.000554256 -0.00898354 0.999957 0.761829
1 -0.000622394 -0.00146781 0.0107297 0.000631654 0.999981 0.00641984 0.00473086 0.00146315 -0.006421 0.999982 0.802514
0.999997 -0.000981815 -0.000668803 0.00930441 0.000983283 0.999996 0.00204358 -0.00635396 0.000667369 -0.00204412 0.999994 0.791093
1 -0.00165501 0.000562344 -0.00170739 0.00165541 1 -0.000726183 -0.0142318 -0.000561912 0.000727056 1 0.787785
0.999996 -0.000654257 0.000925043 0.00134746 0.000655996 0.999996 -0.00186197 -0.0124988 -0.000923124 0.00186268 0.999996 0.800916
1 0.00226929 0.00125586 -0.0207312 -0.00226562 0.999995 -0.00293466 -0.0159867 -0.00126335 0.00293158 0.999999 0.855672
0.999991 -0.0028583 0.0014338 -0.00523111 0.00286622 0.999979 -0.00550696 -0.00705411 -0.00141727 0.00551117 0.99998 0.845457
0.999997 -0.00353539 0.000201501 0.00905424 0.00353652 0.999975 -0.00636013 -0.00576085 -0.000179838 0.00636061 0.999984 0.874853
0.999994 0.000619351 0.0019289 -0.0199281 -0.000609032 0.999984 -0.00528092 -0.0028742 -0.00193138 0.00527991 0.999981 0.927628
1 0.000791852 0.000418677 -0.00746469 -0.000791604 1 -0.000851833 -0.00538601 -0.000420182 0.000851387 1 0.930657
0.999996 -3.78346e-05 0.000143108 -0.0138877 3.78554e-05 1 -0.0004499 0.00436822 -0.000142486 0.000450066 0.999997 0.932759
1 0.000944114 0.00187391 -0.0266891 -0.000942694 1 -0.00076879 -0.0166557 -0.00187535 0.000766721 1 0.938847
0.999983 0.00412558 0.00406951 -0.00729568 -0.00412235 0.999996 -0.000542134 -0.00118779 -0.0040694 0.000524512 1 0.306512
0.999994 0.0041962 -0.000209125 -0.00603251 -0.00419685 0.999985 -0.000857414 -0.00694086 0.000203323 0.000858981 0.999989 0.977832
0.999997 0.0013432 -0.000400546 -0.00361342 -0.00134271 1.00001 -3.91003e-05 -0.0094994 0.000402701 3.88545e-05 1.00001 0.954251
1 0.000941782 -0.000234243 -0.00774018 -0.000942497 0.999994 0.000275233 -0.0152342 0.000232393 -0.000274288 0.999992 0.971175
0.999992 0.00135666 0.00288008 -0.0367154 -0.0013543 1 -0.000483556 0.00754671 -0.0028786 0.000478867 1 0.957716
1 0.00127511 -0.000566159 -0.00878915 -0.00127537 0.999993 0.00137136 -0.0157809 0.000565728 -0.00136994 0.999991 0.992908
0.999997 0.00174239 -0.000238586 -0.0187874 -0.00174088 1 0.00220456 -0.0108754 0.000244481 -0.00220483 1.00001 1.02015
1 -0.00104254 -0.0014815 0.0112382 0.00104282 0.999995 0.000835165 -0.00817129 0.00147856 -0.00083614 0.999991 1.00949
0.999999 -0.000539888 -0.000352931 -0.00379016 0.000540185 1 -0.00157715 -0.0041884 0.000355769 0.00157632 1.00001 1.03408
1 0.00103745 -0.000693259 0.00145267 -0.00103911 0.999994 -0.00111245 -0.00877562 0.000690218 0.00111378 0.99999 1.03611
0.999998 -0.000906133 -0.000972979 -0.00420072 0.00090771 1 0.000806187 -0.00855942 0.000974171 -0.000807666 1.00001 1.08578
1 -0.000698922 -0.000397742 -0.00640709 0.000699091 0.999991 0.00258839 -0.0106352 0.000394113 -0.00258807 0.999988 1.0446
0.999999 0.000275958 8.36288e-05 -0.0149556 -0.000275441 0.999996 0.00400744 -0.0177374 -8.07001e-05 -0.00400805 1 1.09602
1 0.000505221 9.45062e-05 -0.0226113 -0.000506294 0.999992 0.00268394 -0.0201296 -9.50508e-05 -0.0026834 0.999989 1.06831
1 -0.000134127 -0.000225029 -0.015097 0.000135334 1 0.00136332 -0.0288905 0.000226728 -0.00136393 1.00001 1.03008
1 0.000217961 0.00086471 -0.0309059 -0.000216383 0.999994 -0.00302097 0.00603165 -0.000867272 0.00302139 0.999988 1.06919
1 0.000330442 0.000112996 -0.0209279 -0.000329297 1 -0.00132977 -0.0039234 -0.000111489 0.00132914 1 1.08778
0.999999 -0.000300248 -0.00149231 0.00170809 0.00030092 0.999999 0.00113876 -0.0183619 0.00148988 -0.0011387 0.999993 1.09451
0.999998 0.0002923 -0.00172845 0.00407673 -0.000288151 0.999998 0.00180843 -0.0148176 0.00173111 -0.00180842 1 1.09388
0.999999 0.000395267 -0.00125886 0.0029328 -0.000393608 0.999999 0.00208955 -0.0145516 0.00125759 -0.00208864 0.999991 1.08974
0.999998 0.00160318 -0.00110665 0.00103352 -0.00160241 0.999997 -0.000172606 -0.0213935 0.00110843 0.000173952 1 1.10009
1 0.00151334 -0.000348303 0.00270959 -0.00151552 0.999995 -0.00344692 -0.0277345 0.000341054 0.003448 0.999989 1.11171
0.999998 0.00160365 -7.46862e-05 -0.00572897 -0.00160287 0.999991 -0.00322875 -0.0281402 7.1518e-05 0.00322832 0.999999 1.09998
1 0.000934809 0.000384352 -0.0127113 -0.000935755 1 -0.000220941 -0.0216364 -0.000386374 0.000221062 0.999996 1.06619
0.999998 0.000968668 0.00121734 -0.0241338 -0.000971353 0.999994 0.00290819 -0.0220905 -0.00121239 -0.00290955 0.999999 1.07671
1 0.000844219 -6.59497e-05 -0.00638726 -0.000845058 0.999997 0.002833 -0.0324193 6.63822e-05 -0.0028327 0.999992 1.08602
0.999995 -0.00295635 0.00135198 -0.0250365 0.00295277 0.999989 0.00328948 -0.0379928 -0.00135949 -0.00328592 0.999999 1.08142
0.999997 0.00132849 0.00155151 0.10155 -0.00133365 1 0.00269392 -0.0754109 -0.0015501 -0.00269568 0.999991 1.01316
1 -0.000576072 0.000998009 0.00255969 0.000577522 0.999995 -0.000503111 -0.0402938 -0.000995716 0.000503392 1.00001 1.05562
0.999998 0.000223205 0.00189639 -0.0462733 -0.000221694 1 -0.00133935 -0.0287953 -0.00189881 0.00133926 0.999993 1.12653
1 -0.0010672 0.000446344 0.000280426 0.00106967 0.999989 -0.00338512 -0.0137151 -0.000440823 0.00338519 0.999999 1.00077
0.999999 -0.00144469 0.000407101 -0.000273373 0.00144499 0.999999 -0.00326601 -0.0218576 -0.000404435 0.00326691 0.999991 1.07329
0.999999 -0.00144853 -0.000790476 0.0161762 0.00144808 0.999992 -0.00181538 -0.0165268 0.000795093 0.00181393 1 1.09055
0.999998 -0.00186786 -0.000413642 0.00778488 0.00186807 0.999999 0.00283773 -0.0216913 0.000406326 -0.0028382 0.999992 1.09984
0.999998 -0.00215812 7.58099e-06 0.00490905 0.00215897 0.999977 0.00569659 -0.00798233 -1.78539e-05 -0.00569679 0.999989 1.09728
0.999996 -0.00273078 0.000862325 0.00191459 0.00272516 0.999986 0.00537953 -0.0101352 -0.000879105 -0.00537694 0.999981 1.03734
0.999998 -0.00137747 0.000560711 -0.0135581 0.00137751 0.999994 0.00162437 -0.0334869 -0.000560973 -0.00162387 1 1.11349
0.999992 -0.00398878 0.00145731 -0.00836964 0.00399217 0.999993 -0.00299737 -0.0142132 -0.0014474 0.00300341 0.999991 1.07051
0.999998 -0.00149566 0.001091 -0.0220787 0.0014995 0.99999 -0.00262397 -0.0225196 -0.001085 0.00262525 1 1.07596
0.999998 0.00147135 -0.00128945 0.00701194 -0.00147763 0.999997 -0.00426198 -0.0153956 0.00128114 0.00426421 0.999987 1.12273
0.999999 1.31116e-05 0.0014339 -0.0288668 -4.8456e-06 0.99998 -0.00518022 -0.0018031 -0.00143188 0.00517996 0.99999 1.08684
0.999993 0.00282367 0.00217942 -0.0311903 -0.00281599 0.999993 -0.00384766 0.033979 -0.00219231 0.00384168 0.999986 1.07153
0.999993 0.00389816 0.000728001 -0.00963026 -0.00390044 0.999979 0.0041028 -0.0202063 -0.00070986 -0.00410565 0.999996 1.09522
0.999998 0.00157294 0.00110381 -0.0279552 -0.00157546 1 0.00174627 -0.0105003 -0.00110326 -0.00174797 0.999994 1.09485
1 -0.000532421 -0.000787717 0.00222229 0.000531752 0.999995 -0.00136492 0.00991574 0.000790596 0.00136439 1 1.11161
0.999999 -0.00186149 0.000792219 -0.02199 0.00186107 1 2.8511e-05 -0.00479558 -0.000794496 -2.69757e-05 0.999997 1.09876
0.999993 -0.00131589 0.00362924 -0.0404499 0.00132168 0.999996 -0.0015192 0.028174 -0.0036252 0.00152372 0.999999 1.04958
0.999997 -0.00193529 -0.00138791 0.0205747 0.00193638 1 0.00110352 0.00249873 0.00138372 -0.00110604 0.999993 1.09392
0.999999 -0.00166151 0.000738181 -0.0265511 0.00166212 0.999996 -0.000138111 0.00747103 -0.00073586 0.000139223 1.00001 1.08658
0.999999 -0.000955658 0.000677488 -0.0238381 0.000956127 1 -0.00148709 -0.0158469 -0.000678196 0.00148791 0.999992 1.07104
1 0.000550749 -0.00054284 -0.0164018 -0.000552515 0.999991 -0.00348789 -0.0232569 0.000543056 0.00348792 1 1.13361
0.999993 8.31749e-05 -0.00390484 0.0404478 -9.38707e-05 0.999998 -0.00274882 -0.00772091 0.00390258 0.00274942 0.999982 1.07141
0.999999 0.00147843 0.000281886 -0.0269698 -0.00147898 0.999996 0.00171945 -0.0149756 -0.00027734 -0.00172012 1.00001 1.05905
1 0.00026861 -0.00115798 0.000438743 -0.000264278 0.999994 0.00369769 -0.00791697 0.00115701 -0.0036972 0.999987 1.08918
0.999999 0.00134641 -0.000696412 -0.0129083 -0.00134375 0.999993 0.0035148 -0.00941496 0.000703142 -0.00351407 1 1.07257
1 0.000848097 0.000218822 -0.0231172 -0.000848078 1 -4.04422e-05 -0.00925288 -0.000220577 4.03658e-05 0.999995 1.09284
0.999999 -0.000577589 -0.00109297 -0.000830195 0.000575595 0.999998 -0.00187377 -0.00551949 0.0010957 0.00187301 1 1.0241
1 -0.000325837 0.000323282 -0.023344 0.000326004 1 -0.000655219 -0.0199274 -0.00032461 0.000655481 0.999996 1.04799
0.999999 -0.000844779 4.27255e-05 -0.0213214 0.000844717 0.999999 -0.00140303 0.00167463 -3.99911e-05 0.00140285 1 1.04749
1 -0.000853144 -7.64118e-05 -0.0174547 0.000853573 1 -0.000173837 -0.0114297 7.50484e-05 0.000173818 0.999998 1.04081
0.999998 -0.00134926 0.0005544 -0.0271022 0.00134821 0.999998 0.0011289 -0.0131742 -0.000554434 -0.00112822 1 1.01043
0.999999 -0.00169517 -0.000773041 -0.00159642 0.00169797 0.999993 0.00335809 -0.00576472 0.00076598 -0.00335936 0.999994 0.88891
0.999999 -0.00145578 -0.000526082 -0.0131734 0.00145622 0.999998 0.000920713 -0.0202391 0.000526137 -0.000921687 1 0.996605
0.999995 -0.00230241 -0.00263223 -0.00607282 0.00230722 0.999997 0.0018266 -0.0427059 0.00262664 -0.00183242 0.999995 0.950746
0.999996 -0.00118969 -0.0027565 -0.0205018 0.00118811 0.999999 -0.000555824 -0.0272067 0.00275862 0.000552271 0.999997 0.950661
0.999996 -0.000155968 -0.00276665 -0.0191239 0.00015519 1 -0.000310227 -0.026325 0.00276524 0.000310019 0.999995 0.916317
0.999998 -0.000467352 -0.00215755 -0.0275122 0.000468291 1 0.000473654 -0.0210761 0.0021588 -0.000474845 0.999999 0.880828
0.999998 0.000884281 -0.00194749 -0.0258609 -0.00088209 0.999999 0.00115375 -0.0192482 0.0019471 -0.00115176 0.999997 0.887363
0.999998 0.000449151 -0.00207582 -0.0296619 -0.000445956 0.999999 0.00152733 -0.0235472 0.00207793 -0.00152674 0.999997 0.853068
0.999997 0.000999923 -0.00214749 -0.02055 -0.000995594 0.999996 0.00203262 -0.0260322 0.00214811 -0.00203018 0.999995 0.804916
0.999998 0.00127272 -0.00221625 -0.0200055 -0.00127003 1 0.00120458 -0.0215527 0.00221916 -0.00120209 0.999998 0.793359
0.999989 0.00225787 -0.00381724 0.0159706 -0.00226012 0.999996 -0.000581405 -0.01524 0.00381453 0.000590325 0.999991 0.758391
0.999996 0.00222266 -0.0025649 -0.0142648 -0.00222501 0.999999 -0.000910545 -0.0283123 0.00256414 0.000915876 0.999998 0.743453
0.999994 0.00172572 -0.00236766 -0.0138907 -0.0017338 0.999991 -0.00335655 -0.0258084 0.00236049 0.00336095 0.999991 0.697647
0.999991 0.00327319 -0.00326166 -0.00851265 -0.00328394 0.999991 -0.00333551 -0.026798 0.00325206 0.00334588 0.999991 0.711832
0.999993 0.00184227 -0.00293886 0.00615567 -0.0018512 0.999994 -0.00297902 -0.0101499 0.00293197 0.00298473 0.99999 0.695383
0.999994 0.00252631 -0.00264217 0.029299 -0.00252907 0.999996 -0.00111693 -0.0131615 0.00264073 0.00112331 0.999998 0.637709
0.999995 0.00243802 -0.00122748 0.0348227 -0.002438 0.999997 0.000193732 -0.0121122 0.00122656 -0.000190445 0.999997 0.627199
0.999991 0.00392752 0.00193822 0.012169 -0.00393038 0.999992 0.00159816 -0.0167236 -0.00193053 -0.00160604 1 0.616849
0.999987 0.00232909 0.00442477 0.0195306 -0.002335 0.999996 0.00127371 -0.0149192 -0.00442324 -0.00128375 0.999985 0.592986
0.99999 0.00079751 0.00475325 0.0545883 -0.000808216 0.999997 0.00229332 -0.0168538 -0.0047499 -0.00229736 0.99999 0.54761
0.999972 -0.00042574 0.00730993 0.0516186 0.000408728 0.999998 0.00227956 -0.00689805 -0.00731245 -0.0022763 0.999968 0.513485
0.999953 -0.000300559 0.0097872 0.0471056 0.000291071 0.999999 0.00101175 -0.00782351 -0.00978592 -0.00100913 0.999954 0.513278
0.999939 -0.000735045 0.0109795 0.0620236 0.0007412 1 -0.000589947 0.0013819 -0.0109807 0.000598277 0.999937 0.49246
0.999924 0.000153267 0.0124786 0.0645749 -0.000127041 0.999998 -0.00207214 0.00854234 -0.0124772 0.00207011 0.999923 0.475327
0.999894 -0.000871699 0.0144663 0.0857121 0.000936674 0.999989 -0.00451447 0.013696 -0.0144639 0.00452786 0.999882 0.44864
0.999849 6.49471e-06 0.017432 0.0954233 9.32685e-05 0.999985 -0.00568972 0.0112796 -0.0174301 0.00569017 0.999836 0.426594
0.999778 -0.00261371 0.0208318 0.089726 0.00273825 0.999978 -0.00597971 0.0141142 -0.0208174 0.00603583 0.999762 0.411716
0.99972 -0.00264351 0.0235733 0.0970128 0.00275215 0.999987 -0.00455283 0.0214276 -0.0235592 0.00461597 0.999714 0.442082
0.999664 -0.00255069 0.0257296 0.106811 0.00261523 0.999993 -0.00249775 0.0152345 -0.0257247 0.00256467 0.999664 0.405041
0.99958 -0.0025012 0.0289299 0.106411 0.00259531 0.999992 -0.00319784 0.015448 -0.0289199 0.0032711 0.999579 0.402258
0.999444 -0.00278856 0.0331874 0.0959718 0.00287086 0.999993 -0.00245268 0.00888194 -0.033182 0.00254707 0.999443 0.406349
0.999311 -0.00304337 0.0370371 0.089012 0.00310833 0.999994 -0.00167809 0.0101999 -0.03703 0.0017916 0.999316 0.428331
0.999192 -0.00248337 0.0400615 0.0704927 0.00259139 0.999994 -0.00265963 0.0144383 -0.0400563 0.00276168 0.999191 0.400567
0.999146 0.000213994 0.0413775 0.07832 -0.000106907 0.999996 -0.00257616 0.00837823 -0.0413762 0.00256908 0.999143 0.388854
0.998984 0.00141027 0.0449806 0.0705824 -0.00134487 0.999999 -0.00149645 0.00381702 -0.0449844 0.00143486 0.998984 0.380154
0.998951 0.000197531 0.0458362 0.0764685 -0.000231392 0.999998 0.000744667 0.000342753 -0.0458342 -0.000754906 0.998951 0.368309
0.998928 -0.000273588 0.0462473 0.0825457 0.000230446 1 0.000926241 -0.00221218 -0.0462493 -0.000914188 0.998927 0.368828
0.998724 -0.00204302 0.0505017 0.049048 0.00205971 0.999997 -0.000268869 -0.0101386 -0.0504992 0.000372129 0.998727 0.362635
0.99872 -0.000796693 0.0505372 0.0468074 0.000863687 1 -0.00131262 -0.0189964 -0.0505381 0.00135499 0.998719 0.364251
0.998717 0.000786353 0.0506764 0.0468387 -0.000655325 0.999996 -0.00259355 -0.0191796 -0.0506763 0.00255657 0.998714 0.356447
0.998637 0.00255399 0.0520971 0.0437985 -0.00236338 0.999991 -0.00372857 -0.0137944 -0.0521081 0.0036008 0.998632 0.358743
0.998533 0.00591501 0.0538567 0.0448503 -0.00574225 0.999977 -0.00335425 -0.00938552 -0.0538733 0.00303954 0.998545 0.356899
0.998593 0.00529764 0.0527192 0.0763038 -0.00522285 0.999987 -0.00156397 -0.0144565 -0.0527289 0.00128698 0.998607 0.365609
0.998549 -1.2719e-06 0.0539015 0.0704319 1.91462e-05 0.999998 -0.000323114 -0.00719211 -0.0538994 0.00032324 0.998547 0.365889
0.998614 -0.00350779 0.052469 0.0848595 0.00349051 0.999997 0.000411953 0.0130563 -0.0524722 -0.000227691 0.998622 0.382371
0.998494 0.000602323 0.0549175 0.0705451 -0.00076138 0.999993 0.00287959 -0.000772921 -0.0549137 -0.00291767 0.998487 0.372344
0.998468 0.00100655 0.0552935 0.068936 -0.00113857 0.999999 0.00235204 -0.00151546 -0.0552931 -0.0024109 0.998469 0.381026
0.998525 -0.000622751 0.0543106 0.0772577 0.000508947 0.999995 0.002111 0.00859365 -0.0543095 -0.00208088 0.998521 0.388059
0.998366 -0.00549547 0.0568781 0.0642119 0.00523064 0.999977 0.00480021 -0.0262775 -0.0569052 -0.00449425 0.998371 0.373272
0.99834 0.00188674 0.0575729 0.0224481 -0.00215278 0.999986 0.00456683 -0.0550407 -0.0575613 -0.00468379 0.99833 0.370611
0.99852 0.00382856 0.054236 0.0679255 -0.00366621 0.99999 -0.00309877 -0.0156149 -0.0542496 0.00289584 0.998524 0.403188
0.998628 0.00133191 0.0523659 0.0554614 -0.000998456 0.999978 -0.00638921 0.0193854 -0.0523711 0.00632752 0.998607 0.41748
0.998867 -0.00206856 0.0475535 0.0643056 0.00213126 0.999998 -0.00127533 -0.00960484 -0.0475528 0.00137583 0.99887 0.405133
0.999154 -0.00724382 0.0405171 0.0706763 0.00746049 0.999958 -0.0051881 0.0650377 -0.0404757 0.0054853 0.999166 0.401783
0.999354 -0.0057209 0.035431 0.0590121 0.00571335 0.999986 0.000298338 -0.0244857 -0.0354345 -9.51161e-05 0.999372 0.426815
0.999513 -0.00595588 0.0306971 0.0547439 0.00603284 0.999977 -0.00239685 0.0232403 -0.03068 0.0025802 0.999527 0.444634
0.999639 0.00415464 0.0264954 0.0351116 -0.00421113 0.999992 0.00206334 -0.0139684 -0.026489 -0.00217346 0.999646 0.497252
0.999697 0.00793607 0.0233804 0.0215422 -0.00805491 0.999952 0.00500608 -0.0259806 -0.0233372 -0.00519367 0.999714 0.505881
0.999713 0.005661 0.0232414 0.0240001 -0.00575994 0.999978 0.0041739 -0.0039587 -0.0232199 -0.00430591 0.999722 0.505075
0.999768 -0.0041063 0.02126 0.0482877 0.00406559 0.999988 0.00197058 -0.00409125 -0.0212655 -0.0018845 0.999774 0.509758
0.999786 -0.00792863 0.0190495 0.0486432 0.00795746 0.99997 -0.00144864 -0.00386321 -0.0190397 0.0016008 0.999816 0.525767
0.999808 -0.00542608 0.0189219 0.0173088 0.00550709 0.999974 -0.00422613 0.0318006 -0.0188962 0.00432864 0.999815 0.515149
0.999904 0.0014904 0.0136382 0.0191434 -0.00139118 0.999974 -0.00729206 0.0146091 -0.0136512 0.00727324 0.999876 0.574033
0.999928 0.00399157 0.011432 -0.0109581 -0.0039229 0.999975 -0.00601254 0.0147181 -0.0114533 0.00596641 0.999923 0.609053
0.999978 -0.001348 0.00644053 0.0115698 0.00134471 0.999999 0.000455914 -0.00841917 -0.00644394 -0.000446519 0.999973 0.60937
0.99998 -0.0056975 0.00328614 0.0120279 0.0056906 0.999983 0.00225039 0.00555796 -0.00329625 -0.0022323 1 0.624811
0.999997 -0.00111187 0.0008999 -0.0198025 0.00111101 0.999998 0.000477478 0.00868845 -0.000903134 -0.000475787 0.999993 0.645393
0.999996 -0.000450947 -0.00345523 -0.00567323 0.000439722 0.999995 -0.00335465 0.0594588 0.00345928 0.00335239 0.999996 0.729918
0.99999 0.00435504 -0.000410598 -0.0359628 -0.00435538 0.999992 -0.000113854 -0.0120217 0.000407493 0.000116418 0.999995 0.713413
0.999999 0.0018791 -0.000507153 -0.0161464 -0.00188001 0.999995 -0.00279448 0.0248061 0.000504497 0.00279461 1 0.693919
1 9.61838e-05 -0.00121455 -0.00639877 -9.81424e-05 0.999999 -0.00112125 -4.50242e-05 0.00121176 0.00112215 0.999995 0.732686
0.999998 0.000402275 -0.00174518 0.00270972 -0.000402259 1 -0.000203779 0.00150013 0.00174781 0.000203598 1 0.74607
0.999999 -0.000453742 -0.00143079 -0.00309147 0.000455918 0.999999 0.00178337 -0.00782641 0.00142728 -0.00178318 0.999993 0.761138
1 0.000629669 0.000324676 -0.0160595 -0.000629165 1 -0.000511273 0.0197443 -0.000322227 0.000510268 1 0.786566
1 -0.000413167 0.000579467 -0.0039989 0.000411381 0.999997 0.00215627 -0.00835904 -0.000583062 -0.00215524 0.999994 0.769309
0.999992 0.00396473 0.000868894 -8.09464e-05 -0.00396191 0.99999 -0.00262819 0.0664145 -0.000876633 0.00262399 1 0.793924
1 0.000630831 0.000148402 0.00880367 -0.00063098 0.999995 -0.00276712 0.0967568 -0.00015289 0.0027677 0.999993 0.633831
0.999998 -0.00159524 0.00131946 -0.00226411 0.00159575 1 -0.000179897 0.0357506 -0.00131677 0.00018123 1 0.805919
0.999997 -0.00166593 0.00204832 -0.00743535 0.00166665 0.999998 -0.00047223 0.0383007 -0.00204991 0.000476309 0.999994 0.748503
0.999994 0.0026551 0.00182189 -0.00963787 -0.0026529 0.999998 -0.00102563 0.0158496 -0.0018222 0.00102005 1 0.84271
0.999998 0.00213018 0.000319515 0.00939645 -0.00212828 0.999974 -0.00667314 0.0150146 -0.000336183 0.00667323 0.999973 0.826067
0.999997 0.00179277 0.00139546 -0.00909443 -0.00176969 0.999865 -0.0165192 0.140506 -0.00142284 0.0165159 0.999869 0.80447
1 0.000153049 0.00135036 -0.000897247 -0.000150034 0.999996 -0.00206766 -0.000710509 -0.001353 0.00206815 0.999993 0.815778
0.999991 0.00350383 0.0016584 -0.0149213 -0.00350692 0.999994 0.00173334 -0.00461706 -0.00165003 -0.00173991 1 0.844823
0.999998 0.0028562 0.000329625 9.47387e-05 -0.00285725 0.999989 0.00367755 -0.00418691 -0.000321389 -0.00367765 0.999991 0.866363
0.999998 0.00144819 -0.000104797 0.00326882 -0.00144764 0.999987 0.00519249 -0.0102998 0.000114321 -0.00519328 0.99999 0.842947
0.999998 0.00309205 -0.000527219 0.00185354 -0.00308953 0.999986 0.00434708 0.00461685 0.000538351 -0.00434439 0.999989 0.850919
0.999986 0.00498805 -0.00105072 -0.00268885 -0.00499108 0.999983 -0.00286232 0.0557998 0.00103849 0.00286653 0.999998 0.80182
0.999997 -0.00287674 -0.00141526 0.00534138 0.00286441 0.999956 -0.00885996 0.00599117 0.00143859 0.00885696 0.999957 0.833038
0.999998 -0.00183884 -0.000183334 -0.0166447 0.00183605 0.999925 -0.0122575 0.000957193 0.000207915 0.0122562 0.999929 0.831326
1 -0.000978202 0.00105513 -0.0225166 0.000983429 0.999989 -0.00449619 -0.0155649 -0.00105281 0.00449825 0.999987 0.810267
0.999998 -0.00170284 -0.00125359 -0.00708804 0.00170824 0.999989 0.00470737 0.00475162 0.00124752 -0.00471054 0.999991 0.842072
0.999996 -0.002905 -0.00141622 0.00468605 0.00291641 0.999967 0.00781011 -0.0124548 0.0013914 -0.0078133 0.999966 0.827005
0.999993 -0.00289531 -0.00242325 0.013969 0.00290053 0.999991 0.00242988 -0.0091649 0.00241826 -0.00243778 0.999995 0.848797
1 -0.000584493 -0.000709636 -0.00278964 0.00058432 1 -0.00136554 -0.00824333 0.000708277 0.00136601 0.999998 0.832105
0.999992 0.00391465 0.00131976 -0.0133491 -0.00391568 0.99999 0.000154256 -0.0374208 -0.00131704 -0.000160357 1 0.83314
1 0.000733626 0.00051915 0.0067703 -0.000732059 1 -0.00126266 0.004289 -0.000522084 0.00126304 0.999999 0.818309
1 -8.02114e-05 0.0016766 0.000796429 7.85083e-05 0.999999 0.000608317 -0.0282187 -0.00167461 -0.000609175 0.999999 0.802784
0.999999 0.000686014 0.00120439 0.00605993 -0.000684802 1 -0.000253979 -0.0223326 -0.00120665 0.000254158 1 0.805663
0.999997 0.00237611 0.00209691 -0.00465655 -0.00237508 0.999998 -0.000884733 -0.00747796 -0.00209691 0.000878657 0.999997 0.810756
0.999994 0.00231907 0.00204543 -0.00740573 -0.00232219 0.999994 0.00197534 -0.0248013 -0.00204299 -0.00197909 0.999998 0.798889
0.999998 -0.000280158 0.00294373 -0.0168786 0.000279946 1 -0.000236918 0.00508918 -0.00294166 0.000236637 0.999995 0.789762
0.999999 7.08106e-05 0.00122624 0.00129444 -6.88356e-05 0.999998 -0.000751312 -0.00954042 -0.00122824 0.000752274 1 0.784262
0.999998 -0.00153804 0.00198448 -0.0104186 0.00154817 0.999984 -0.00567102 0.0513983 -0.00197378 0.00567304 0.999981 0.77193
0.999999 -0.0010913 0.000783595 -0.00130951 0.00109294 0.999998 -0.000565078 -0.0102582 -0.000785012 0.000566881 1 0.781637
0.999999 -0.00172828 0.00120144 -0.00192535 0.00172632 1 0.000479744 -0.0102097 -0.00120016 -0.000478661 0.999999 0.784603
0.999995 -0.00269361 0.000222808 0.00973478 0.00269541 0.999992 -0.00162763 0.0145223 -0.00022049 0.00162919 0.999998 0.779749
1 0.000650309 0.00197732 -0.0148894 -0.000649922 1 -0.000913286 -0.0050526 -0.0019759 0.000910978 0.999999 0.784737
0.999998 0.000150156 0.000900779 -0.00495399 -0.000147313 0.999996 -0.00153905 -0.00440843 -0.00090301 0.00153994 0.999997 0.744125
1 0.000863046 0.00100209 -0.0124243 -0.000865065 1 0.000604951 -0.00796066 -0.000999598 -0.000606815 1 0.742087
0.999998 -0.000326646 -0.000399242 0.006482 0.000327905 0.999998 -0.000159548 -0.0162543 0.000397306 0.000160397 0.999999 0.721751
1 -0.00115268 -0.00121986 0.00354189 0.00114783 0.999997 -0.00298968 -0.0132865 0.00122531 0.00298737 0.999995 0.711925
0.999999 0.00044809 1.3876e-05 -0.0078014 -0.000446879 0.999993 -0.0032763 -0.00902871 -1.72707e-05 0.00327706 0.999994 0.694839
1 0.00123251 -0.00239618 0.00652382 -0.00123812 1 -0.00188822 -0.0107309 0.00239622 0.00189007 1 0.696671
0.999996 0.000387805 0.00012146 -0.0142232 -0.000385906 0.999978 -0.00623446 0.0688143 -0.000126192 0.00623556 0.999976 0.670825
1 -0.00250484 -0.000688776 0.00307166 0.00250158 0.999993 -0.00314912 0.0275915 0.000698959 0.00314625 0.999998 0.709201
0.999994 -0.000751184 -0.0016567 -0.0016928 0.00074877 0.999997 -0.00207083 0.0295824 0.00165595 0.00207072 0.999993 0.649744
0.999997 0.00425045 0.000799578 -0.015047 -0.00425093 0.999993 -0.000755415 -0.00420914 -0.000800538 0.000750813 1 0.680363
0.999991 0.00231489 -0.000430526 -0.0141609 -0.00231402 0.999995 -0.000493546 -0.0128064 0.000427164 0.000495761 0.999995 0.693504
1.00001 -0.00186994 -0.000329629 1.56356e-05 0.00186954 1 0.00172217 -0.0143039 0.000328491 -0.00172412 1.00001 0.676222
0.999985 0.00390973 -0.00131998 0.0362872 -0.00390345 0.999981 0.00403724 -0.0543912 0.00133366 -0.00403075 0.999983 0.6174
0.999994 0.00324999 0.00409763 -0.0214565 -0.00325289 0.999999 0.00040463 -0.0130061 -0.00409418 -0.000419404 1 0.679868
0.999978 0.00375585 0.00387705 0.0253822 -0.00375672 0.999989 0.000575835 -0.0275176 -0.00387692 -0.000588993 0.999984 0.659125
0.999987 -0.00310728 0.00563417 0.00505647 0.00312428 0.999993 -0.00326665 -0.0152911 -0.00562177 0.00328261 0.999989 0.65082
0.999967 -0.00213991 0.00696473 -0.00146625 0.00215946 0.999993 -0.00259998 -0.0122158 -0.00696129 0.00261639 0.999965 0.659777
0.999992 -0.000428051 0.00543043 0.0157131 0.000448099 0.999994 -0.00396074 0.0249108 -0.00542657 0.00396171 0.999986 0.674399
0.999965 0.00420326 0.00631594 -0.00699962 -0.00419569 0.99999 -0.00097185 0.0117981 -0.00632208 0.000946642 0.999972 0.684133
0.99999 -0.000974232 0.00570712 -0.011464 0.000975906 0.999999 -0.000554839 0.0091653 -0.0057045 0.000559101 0.999991 0.679794
0.999977 0.00242999 0.00521173 -0.0152751 -0.00241745 0.999995 -0.00210673 -0.00535965 -0.00521883 0.00209545 0.999977 0.710582
1 0.00138279 0.00330825 0.00206925 -0.00138131 0.999998 -0.000899801 0.00835299 -0.00330738 0.000893754 1 0.709387
0.999993 -0.000311412 0.00227969 0.000630308 0.000310382 1 0.00108751 0.0188337 -0.00228211 -0.00108538 0.999991 0.705076
0.999999 -0.00276369 0.00157735 -0.00224032 0.00276085 0.999995 0.000806731 0.0181514 -0.00157751 -0.000803754 1.00001 0.710184
0.999996 -0.00110413 0.000488792 0.0055105 0.00110629 0.999999 -0.00134851 0.0347218 -0.000489333 0.00135043 0.999992 0.709539
1 0.000170674 0.00116121 -0.00801434 -0.000170172 0.999997 -0.00179474 0.0117862 -0.00115949 0.00179312 1.00001 0.75213
0.999991 -0.00306046 -0.00073892 0.00686616 0.00305642 0.999969 -0.00729145 0.0262658 0.000759293 0.00729063 0.999965 0.722178
0.999984 -0.0063027 1.3918e-05 0.00212365 0.0063012 0.999971 -0.00401228 -0.00807826 1.33611e-05 0.00401092 1 0.749412
0.999967 -0.00773926 0.000161928 0.010869 0.00774139 0.999963 -0.00403967 -0.0131473 -0.000132788 0.00404212 0.999984 0.742062
1 -0.000487874 0.000356863 -0.00137644 0.000486881 0.999999 -0.00136587 -0.00728878 -0.000354111 0.00136473 1.00001 0.770536
0.999995 0.0019696 -0.000337412 -0.00605113 -0.00196711 0.999995 0.00256624 -0.0147336 0.000340143 -0.00256422 0.999988 0.755814
1 1.85591e-05 -0.000723538 -0.00726293 -1.56992e-05 0.999981 0.00619041 -0.0225765 0.000725996 -0.00619169 0.999992 0.747036
0.999991 -0.00258332 -0.00169576 0.0176664 0.00258948 0.999993 0.0026538 -0.0195479 0.00168659 -0.00265693 0.999984 0.7696
1.00001 -0.000697439 -0.000766664 0.0136056 0.000695173 1 -0.000677315 -0.00112779 0.000769467 0.000675489 1.00001 0.760088
0.999992 0.00167346 0.00115769 -0.00562063 -0.00167162 0.999998 -0.000139907 -0.0230236 -0.00116027 0.000139231 0.999987 0.752692
1 0.000964267 0.00233496 -0.00885496 -0.000961072 0.999999 -0.0021029 0.0208494 -0.00233456 0.00209935 1.00001 0.757669
0.999992 -0.0010823 0.00151654 0.00422868 0.00108437 0.999998 -0.000191404 -0.0116233 -0.00151875 0.000194139 0.999987 0.746592
1 -0.00231278 0.000249221 0.0123838 0.00231148 0.999997 -0.00165858 0.00477833 -0.000242798 0.00165794 1.00001 0.760526
0.999988 0.000917841 0.0027785 -0.0139442 -0.000920718 0.999996 0.00170945 -0.0256669 -0.00277956 -0.00171082 0.99998 0.720316
1 -0.00203554 0.000609801 -0.0246352 0.00203578 0.999994 -0.00344275 0.0382654 -0.000600167 0.00344255 1.00001 0.676899
0.999993 -0.000476538 0.000294161 0.00894557 0.000479134 0.999995 -0.00259604 -0.00345204 -0.00029555 0.00259758 0.99998 0.771175
1 0.00201419 -0.000510563 0.0029709 -0.00201708 0.999998 -0.00214089 0.0143455 0.0005089 0.00214039 1.00002 0.759713
0.999993 0.00107661 0.00130733 -0.0074977 -0.00107415 0.999998 -0.00056963 -0.000508955 -0.00131067 0.000569723 0.999979 0.762698
1 -0.00117147 -0.000645112 0.00506805 0.00116877 1 -0.00145134 0.0431332 0.000649476 0.00144901 1.00002 0.762259
0.999993 0.00200925 0.00068486 -0.00670367 -0.00200864 0.999996 0.00165478 -0.00783081 -0.000684197 -0.00165466 0.999979 0.788046
1 0.00232539 0.000941063 0.00147054 -0.00232836 0.999998 0.00131864 -0.00345123 -0.000935257 -0.0013224 1.00002 0.790047
0.999993 -0.000977586 0.0017352 -0.00119624 0.000981402 0.999998 -0.00120992 0.0126445 -0.00173676 0.0012131 0.999978 0.812494
1 -0.000924829 0.000977897 0.0101586 0.000925981 0.999995 -0.00312056 0.02564 -0.000972348 0.00311982 1.00002 0.788618
0.999995 0.000632962 0.00142445 0.00611621 -0.000623415 0.999984 -0.00552682 0.0497694 -0.00143061 0.00552753 0.999965 0.788602
1 -0.00271387 0.0019852 -0.0206246 0.00273443 0.999932 -0.01133 0.0974965 -0.00195163 0.0113336 0.999952 0.823462
0.999994 -0.00210789 0.000658542 -0.00437984 0.00211355 0.99998 -0.00601055 0.0234878 -0.000648571 0.00601349 0.999964 0.799233
1 -0.00127245 4.88408e-05 0.0169709 0.00127083 0.999988 -0.00478382 0.000423884 -4.00113e-05 0.0047822 1.00001 0.832599
0.999994 -0.00238602 -0.000538404 -0.00748172 0.0023875 0.999997 -0.000603105 -0.0151014 0.000537095 0.00060333 0.999981 0.856854
0.999997 -0.00358254 -0.00169652 0.0226069 0.00358071 0.999994 -3.13658e-06 0.00327254 0.00169919 -4.50589e-06 1.00002 0.82905
0.999996 -0.000819646 -5.1083e-05 -0.00833967 0.000821467 0.999999 0.00115029 -0.0032962 4.7461e-05 -0.00114874 0.999981 0.859819
1 0.00107709 -0.00150807 -0.0018498 -0.00107589 0.999998 0.00201588 -0.0197774 0.00151294 -0.00201588 1.00002 0.829033
0.999994 0.00170678 -0.00165246 -0.0132565 -0.00170236 0.999998 0.00151141 -0.00370707 0.00165241 -0.00150703 0.999981 0.853201
1 -0.000815014 -0.00221154 -0.00454795 0.00081714 0.999998 0.00183778 0.0035053 0.00221269 -0.00184114 1.00001 0.866185
0.99999 -0.00221281 -0.00296413 0.0037271 0.00221803 0.999998 0.00110712 0.0178007 0.00295904 -0.00111223 0.999979 0.861685
1 0.00158943 -0.00150023 -0.0131168 -0.00159221 0.999998 -0.000600593 -0.011231 0.00150187 0.000601557 1.00002 0.86564
0.999996 -0.00108525 -0.00115697 -0.0145816 0.00108268 0.999995 -0.0038681 -0.0192316 0.00115853 0.00386843 0.999976 0.857464
1 0.000270082 -0.00247776 0.00624621 -0.000283861 0.999987 -0.00477789 -0.0321362 0.00247901 0.00477679 1 0.836174
0.999994 0.00219771 -0.0017576 -0.0145567 -0.00220043 0.999995 -0.00266473 -0.0228551 0.00174915 0.00267027 0.999978 0.888509
0.999999 0.00159767 -0.00225219 0.00106882 -0.00159145 0.999993 0.00362397 -0.0264052 0.00226052 -0.00362195 1.00001 0.846538
0.999996 -0.000910821 -0.0019706 -0.00267414 0.00091896 0.999995 0.00312453 -0.0194409 0.00196506 -0.00312477 0.999978 0.891267
1 -0.00127097 -0.00157184 0.00430042 0.00127064 0.999998 0.00106969 -0.0080585 0.00157313 -0.00107336 1.00002 0.873183
0.999995 -0.0011342 -0.0025878 0.00243031 0.00113721 0.999999 0.000405225 -0.0190315 0.0025847 -0.000406419 0.99998 0.886491
1 0.000314909 9.55633e-05 -0.0278565 -0.000317249 1 0.000288243 -0.0137996 -9.29864e-05 -0.000290177 1.00002 0.728541
0.999994 -0.00274884 -0.0016231 0.00389641 0.002753 0.999995 0.00110391 0.000146103 0.00161757 -0.00110661 0.999979 0.829862
0.999998 -0.00233773 -0.00134993 0.00109983 0.00233494 0.999999 -0.000294953 -0.00131432 0.00135289 0.000289909 1.00002 0.866039
0.999999 -0.00188123 -0.000793944 -0.00541203 0.00188141 0.999997 -0.00237941 0.00271499 0.000796026 0.00237969 0.999982 0.856212
0.999997 -0.00235887 0.000523941 -0.0159521 0.00235848 0.99999 -0.00348774 0.00562896 -0.00051334 0.00348714 1.00001 0.770584
0.999998 0.00193891 -0.00123837 -0.0150477 -0.00194 0.999996 -0.00253533 -0.00408718 0.00123105 0.00253955 0.999982 0.885145
0.999987 0.00466479 -0.00216665 0.00338374 -0.00466346 0.999987 0.00157779 0.0303787 0.00217637 -0.00156942 1.00001 0.883479
0.999981 0.00574797 0.00205272 -0.0759793 -0.00574655 0.999986 0.000434462 -0.00154384 -0.0020527 -0.000444491 0.999986 0.825979
0.999997 0.00291522 -0.000402788 0.0124277 -0.00291809 0.999993 -0.00163105 0.00226234 0.000400373 0.00163047 1.00001 0.833028
0.999992 0.00344133 0.00171904 -0.0170314 -0.00343164 0.999987 -0.00435849 -0.0247749 -0.00173631 0.00435427 0.999979 0.854081
1 0.000116063 -0.0010676 0.0227507 -0.000121292 0.999994 -0.0029196 -0.00189355 0.00106948 0.00291794 1.00001 0.839977
0.999996 1.7968e-05 -0.00200502 0.02874 -2.07807e-05 0.999998 -0.00249775 0.0181206 0.00200261 0.00249946 0.999985 0.853828
1 -0.00127927 -0.000583178 0.00893078 0.00127705 0.999997 0.000157082 -0.00959441 0.000585266 -0.000159417 1.00001 0.840978
1 -0.000896736 0.000119859 0.00460631 0.000899337 0.999999 -0.00212948 0.00642619 -0.000120084 0.00213112 0.99999 0.863368
0.999999 -0.000113201 0.00163963 -0.0119883 0.000115054 0.999994 -0.00259716 -0.0218682 -0.00163714 0.00259574 1 0.830429
0.999998 -0.000278864 0.0020388 -0.0251786 0.000287805 0.999998 -0.00321059 0.0170761 -0.00204014 0.00321276 0.999985 0.823401
1 -0.000467286 0.00141425 -0.0115627 0.000467778 0.999998 -0.00211389 0.0156531 -0.00141092 0.0021131 1.00001 0.822197
0.999988 -0.00431274 0.00166636 -0.00435103 0.00432023 0.999986 -0.00298749 0.0411304 -0.00165582 0.00299607 0.999985 0.762118
1 -0.000714935 0.00189673 0.0140476 0.00071562 0.999997 -0.00167626 -0.00910681 -0.00189318 0.00167622 1.00001 0.812143
0.999994 0.000769449 0.00276646 0.00590593 -0.000758036 0.999996 -0.0032017 -0.00822209 -0.00277125 0.00320105 0.999981 0.808987
0.999995 0.0023567 0.00299545 -0.0020644 -0.00235442 0.999996 -0.00162553 -0.0116543 -0.00299686 0.00161711 1.00001 0.80429
0.999995 -0.00103713 0.00233233 0.00560818 0.00103924 1 0.000199792 -0.0158895 -0.00233496 -0.000195971 0.999985 0.793122
0.999999 -0.00100315 0.00260553 0.00415898 0.000998393 0.999999 0.000870211 -0.00658981 -0.0026039 -0.000869084 1.00001 0.786615
0.999993 -0.00175597 0.00218569 0.00558429 0.00175964 0.999998 -0.000533582 -0.0172887 -0.00218727 0.000538933 0.999985 0.794571
0.999995 0.00405833 0.00154809 -0.0155882 -0.00405173 0.999976 -0.00584756 -0.0104227 -0.0015693 0.00583958 0.999995 0.794418
0.999991 0.0026666 0.00132605 -0.00750514 -0.00265425 0.99997 -0.00734264 -0.0166658 -0.001348 0.00734069 0.99996 0.778401
0.999993 -0.00491965 0.000911744 0.0338107 0.00491902 0.999986 -0.00200195 -0.00565177 -0.000899371 0.00200466 1.00001 0.751682
0.999994 -0.00143429 -0.000438282 0.0535089 0.00143741 0.999998 0.00165542 -0.0102144 0.000433446 -0.00165436 0.999988 0.803223
0.999998 0.00130195 0.00339704 -0.00945187 -0.00132922 0.999972 0.00731725 -0.00847152 -0.00338487 -0.00732335 0.999977 0.792919
0.999995 0.00116741 0.00124728 0.00666755 -0.00116688 0.999999 0.00152936 -0.0125049 -0.00124805 -0.00152915 0.999989 0.775802
1.00001 0.000674661 -0.000385573 0.0235684 -0.00067875 0.999989 -0.00434303 0.00222588 0.000385207 0.00434161 1 0.77976
0.999991 0.0020816 0.00173479 0.00665134 -0.00207174 0.99999 -0.00429856 -0.00706767 -0.00174623 0.00429668 0.999978 0.761512
1 -0.00112482 0.00104931 0.00967575 0.00112804 0.999984 -0.00510856 0.0276647 -0.00104095 0.00510788 0.999998 0.767997
0.999982 -0.00485629 0.000899781 0.0237121 0.00486216 0.999981 -0.00424439 -0.00564446 -0.000881757 0.00425052 0.999979 0.746711
1 -0.000185996 0.00227871 -0.00194972 0.000196037 0.999984 -0.00529168 0.00256949 -0.00227502 0.00529021 0.999996 0.750016
0.999986 0.00114898 0.00388005 -0.0226645 -0.00112512 0.999986 -0.00562991 0.0390495 -0.00388923 0.00562736 0.999965 0.748402
1 0.000109237 0.00233928 -0.00241162 -0.000116093 0.999995 0.00204522 -0.00645423 -0.00233623 -0.0020473 1.00001 0.748334
0.999973 -0.00456371 0.00439948 0.00686526 0.00455242 0.999988 0.00301063 -0.00136294 -0.00441607 -0.00298883 0.999973 0.698677
0.999989 -0.00163052 0.00569892 0.00653914 0.00162154 0.999995 0.00123824 -0.0127956 -0.00569808 -0.00123066 0.999996 0.743903
0.999975 0.00155774 0.00589292 0.000661635 -0.00156364 1 0.00132962 -0.0181586 -0.00589366 -0.00133708 0.999971 0.758166
0.999961 0.00154659 0.00937285 -0.0111627 -0.00155162 0.999996 0.000307948 -0.0245863 -0.00936956 -0.000324273 0.999967 0.755217
0.999933 0.00150659 0.0109558 0.00235814 -0.00149385 1 -0.000985267 -0.0119788 -0.0109601 0.000970599 0.999928 0.733529
0.999959 -0.000282185 0.00976053 0.0483968 0.000293794 0.999997 -0.00139561 -0.00446816 -0.00975737 0.00139666 0.999963 0.744792
0.999909 -0.000108325 0.0131244 0.00923333 0.000120744 1 -0.000777127 -0.0107795 -0.013127 0.000780369 0.999903 0.715343
0.999925 -0.00249583 0.012353 0.0162635 0.00249451 0.999995 -5.03195e-05 -0.00205477 -0.0123502 7.9391e-05 0.999935 0.725486
0.999919 -0.00310905 0.0119403 0.00942455 0.00312557 0.999997 -0.00118552 0.0196571 -0.0119393 0.0012244 0.999917 0.721651
0.999941 -0.00356713 0.0107423 0.0111297 0.0035647 0.99999 4.3647e-05 -0.00215106 -0.0107397 -6.98707e-06 0.999953 0.723706
0.999941 -0.00580213 0.00860794 0.0233443 0.00578943 0.999984 0.00172541 -0.0252644 -0.00862043 -0.00167379 0.999951 0.738701
0.999967 -0.00489257 0.0074713 0.0233254 0.00486934 0.999983 0.00285676 -0.0373047 -0.00748254 -0.00282197 0.99998 0.740796
0.99997 0.000118893 0.0068463 0.000579995 -0.000112204 1 -0.000684106 -0.00665152 -0.00684893 0.000685009 0.999965 0.739506
0.999977 -0.00120063 0.0077098 -0.0293517 0.00116862 0.999991 0.00389133 -0.0323309 -0.00771196 -0.00388381 0.999975 0.690879
0.999973 -0.00619631 0.00103487 0.0328569 0.00619338 0.99997 0.00465495 -0.0139829 -0.00106623 -0.0046469 0.999978 0.700373
0.999986 -0.00654975 0.000268678 0.023191 0.00654704 0.999975 0.00285844 -0.00504719 -0.000284849 -0.00285824 1 0.729687
0.999988 -0.00299185 0.000567192 0.000161879 0.00299233 0.999991 0.00244763 -0.0159219 -0.000577216 -0.00244421 0.999988 0.658798
1 -0.00267204 -0.000741854 -0.00249987 0.00266586 0.999982 -0.00577883 -0.0040049 0.000759877 0.0057751 0.999995 0.728192
0.999991 0.0007999 -0.00183715 0.00178202 -0.000805895 0.999988 -0.00436476 8.85515e-05 0.00183103 0.00436797 0.999978 0.695803
