0.999996 0.00261933 -0.000273104 -0.00189752 -0.00261887 0.999995 0.00158937 -0.0223924 0.000277344 -0.00158877 0.999999 0.798884
0.999988 0.00488769 -0.000459828 -0.00814481 -0.00488668 0.999986 0.00238085 -0.0488888 0.000471459 -0.00237851 0.999997 1.56869
0.999981 0.00619608 -0.000287685 -0.02192 -0.00619517 0.999978 0.00231801 -0.0640787 0.000302343 -0.00231648 0.999999 2.31275
0.99997 0.00529298 -0.00590602 0.123265 -0.00530841 0.999983 -0.00254192 0.0362485 0.00589257 0.0025732 0.99998 2.97538
0.999969 0.00535915 -0.00593402 0.112907 -0.00537612 0.999983 -0.00287311 0.0195068 0.00591902 0.00290453 0.99998 3.70971
0.99997 0.00515697 -0.00599342 0.105569 -0.00516744 0.999986 -0.00168566 -0.00320849 0.00598484 0.00171658 0.999982 4.42044
0.999966 0.00596426 -0.00583899 0.104708 -0.00595776 0.999982 0.0011042 -0.0201284 0.00584597 -0.00106977 0.999984 5.1496
0.999975 0.0053013 -0.00503665 0.113775 -0.00527686 0.999974 0.00491832 -0.0291223 0.00506293 -0.00489166 0.999976 5.84377
0.999984 0.00428382 -0.00416911 0.112939 -0.00425181 0.999962 0.00764141 -0.0310019 0.0042022 -0.00762402 0.999963 6.47885
0.999992 0.00349666 -0.0026774 0.100777 -0.0034727 0.999954 0.00903074 -0.0319515 0.00270918 -0.0090214 0.999958 7.11943
0.999993 0.00393943 -0.00136428 0.0903214 -0.00392811 0.99996 0.0080235 -0.0329221 0.00139647 -0.00801864 0.999968 7.72738
0.999992 0.00441765 0.000256188 0.0797324 -0.00441908 0.999982 0.00434817 -0.0276057 -0.000236576 -0.00434932 0.999993 8.35285
0.999992 0.00430948 0.00128086 0.0726182 -0.004311 0.99999 0.00137311 -0.0374763 -0.00127423 -0.00137932 1 8.87219
0.99999 0.00274983 0.00418652 0.0418579 -0.00274434 0.999997 -0.00143464 -0.0244344 -0.00418992 0.00142299 0.999993 9.40495
0.999969 0.000101554 0.0081327 0.00346053 -5.64937e-05 0.999986 -0.00551727 -0.00307933 -0.00813229 0.0055159 0.999954 9.90347
0.999945 -0.00129845 0.0107036 -0.00440661 0.00137546 0.999975 -0.00723922 -0.00508574 -0.0106933 0.00725311 0.999919 10.3568
0.999907 0.00334477 0.0133985 -0.0110423 -0.00321492 0.999949 -0.009687 -0.00818285 -0.0134294 0.00964227 0.999866 10.81
0.999826 0.00745263 0.017288 -0.0302562 -0.00726945 0.999919 -0.0106684 -0.017291 -0.0173653 0.0105404 0.999797 11.2087
0.999756 0.00753648 0.0209123 -0.0375076 -0.0073289 0.999925 -0.00998724 -0.0240451 -0.0209851 0.00983079 0.999735 11.5538
0.999702 0.00395023 0.0242475 -0.0269068 -0.00371593 0.999947 -0.00972482 -0.0311325 -0.0242839 0.00963132 0.999663 11.8835
0.999621 -0.000588365 0.0276652 -0.0250039 0.000879608 0.999946 -0.0105225 -0.0274089 -0.0276565 0.010542 0.999565 12.1809
0.999533 -0.00443832 0.0303768 -0.018535 0.00473444 0.999944 -0.00970608 -0.0318756 -0.0303312 0.00984485 0.999496 12.4462
0.999443 -0.00455988 0.0331889 -0.0124561 0.00485782 0.99995 -0.00890358 -0.0358679 -0.0331456 0.00905913 0.999414 12.6797
0.99939 -0.00389962 0.0348542 0.00496713 0.00425146 0.999943 -0.0100466 -0.0399187 -0.0348122 0.0101882 0.999348 12.9011
0.999329 -0.00224628 0.0366763 0.0177965 0.00267668 0.99993 -0.0116908 -0.0400858 -0.0366464 0.0117804 0.999263 13.0912
0.999249 -0.000325292 0.038875 0.0294325 0.000835176 0.999916 -0.0131197 -0.0409659 -0.0388666 0.0131418 0.999164 13.2676
0.9992 0.00235356 0.0400422 0.0416526 -0.00181275 0.999909 -0.0135381 -0.0546609 -0.0400693 0.0134539 0.999111 13.434
0.999149 0.00358902 0.041211 0.0519037 -0.00298071 0.999889 -0.0148306 -0.0648085 -0.0412586 0.0146946 0.999047 13.5991
0.999081 0.00224984 0.0429142 0.0686869 -0.00155256 0.999869 -0.0162732 -0.0749737 -0.0429439 0.0161908 0.998951 13.7524
0.999022 0.00089487 0.0443219 0.0826147 -0.000118715 0.99985 -0.0175278 -0.0840462 -0.0443299 0.0175049 0.998871 13.899
0.998971 -4.19806e-05 0.0454671 0.0919517 0.000901001 0.999824 -0.0188713 -0.0853046 -0.0454571 0.018892 0.998793 14.0389
0.998942 0.000798855 0.0461018 0.111876 0.000125421 0.999802 -0.0200578 -0.0943367 -0.0461076 0.0200418 0.998743 14.1636
0.99891 0.0012487 0.0467768 0.127428 -0.000236483 0.999768 -0.0216365 -0.103001 -0.0467918 0.0216011 0.998676 14.2916
0.998912 0.00100321 0.0467262 0.142427 0.000107843 0.99972 -0.0237839 -0.108682 -0.0467359 0.0237625 0.998632 14.4092
0.998874 0.000303842 0.0475673 0.145218 0.000952077 0.999654 -0.0263752 -0.108449 -0.0475577 0.0263899 0.998525 14.5325
0.998901 -0.000604574 0.0469734 0.15324 0.00194208 0.999597 -0.0284479 -0.108365 -0.0469362 0.0285074 0.998499 14.6464
0.998987 -0.000789795 0.0451233 0.156713 0.00216969 0.999533 -0.0305364 -0.0992245 -0.0450771 0.0306024 0.99852 14.7805
0.999119 -0.000956892 0.0420828 0.154909 0.00230092 0.999493 -0.031918 -0.0994418 -0.0420298 0.0319863 0.998612 14.8983
0.999295 -0.000323187 0.037749 0.162181 0.00158791 0.99944 -0.0334721 -0.0974522 -0.037716 0.0335074 0.998733 15.0364
0.999509 -9.71239e-05 0.0315498 0.162549 0.00119056 0.999403 -0.0346609 -0.101241 -0.0315264 0.0346808 0.998909 15.141
0.999703 0.000401235 0.0247064 0.160309 0.000483207 0.999363 -0.0357663 -0.0990675 -0.0247038 0.0357665 0.999062 15.2586
0.999855 0.00107897 0.0174378 0.157198 -0.000427261 0.999305 -0.0373715 -0.0908061 -0.017465 0.0373579 0.999159 15.395
0.999962 0.00200366 0.00963888 0.14906 -0.0016259 0.99924 -0.0390292 -0.0835723 -0.00970849 0.0390109 0.999201 15.5262
1.00001 0.00149832 0.00013986 0.136396 -0.00149185 0.999147 -0.0413444 -0.0713111 -0.000200729 0.0413437 0.999154 15.681
0.999916 5.58893e-05 -0.0136943 0.141408 -0.000643608 0.999082 -0.0429317 -0.0803185 0.0136805 0.0429357 0.998994 15.8226
0.999561 -0.000736864 -0.0298658 0.120519 -0.000601781 0.999001 -0.0447712 -0.0893009 0.0298698 0.0447686 0.99856 15.9741
0.998827 -0.000514779 -0.0486427 0.0827635 -0.00169935 0.998968 -0.045471 -0.101342 0.0486171 0.0454991 0.997791 16.1337
0.997698 0.000717672 -0.0679325 0.00172051 -0.00382485 0.998956 -0.0456132 -0.0997066 0.0678296 0.045767 0.996656 16.3146
0.996018 0.00117189 -0.0892624 -0.0884318 -0.00516088 0.999002 -0.0444731 -0.110432 0.0891223 0.0447554 0.995025 16.5014
0.993429 0.00239049 -0.114498 -0.169984 -0.00739258 0.99904 -0.0432787 -0.114546 0.114285 0.0438397 0.992491 16.7064
0.989875 0.00336219 -0.14197 -0.287067 -0.00942118 0.999077 -0.0420296 -0.119192 0.141699 0.0429404 0.988989 16.9213
0.985025 0.00317197 -0.172437 -0.417595 -0.0100369 0.999196 -0.0389502 -0.125768 0.172175 0.0400965 0.984261 17.1135
0.978221 0.00416145 -0.207575 -0.549734 -0.0115256 0.999351 -0.0342805 -0.145142 0.207298 0.0359252 0.977629 17.3571
0.969271 0.00574343 -0.245974 -0.680191 -0.0134076 0.999481 -0.0294952 -0.144424 0.245677 0.0318854 0.968841 17.6017
0.958613 0.010395 -0.284563 -0.854139 -0.0181821 0.999534 -0.0247376 -0.155843 0.284173 0.0288866 0.95835 17.8509
0.946633 0.0151233 -0.321995 -1.08227 -0.022913 0.999536 -0.0204161 -0.162088 0.321536 0.0267031 0.946534 18.0866
0.931117 0.0181613 -0.364297 -1.25653 -0.0250895 0.999588 -0.0142943 -0.176025 0.363888 0.0224485 0.931184 18.3588
0.913112 0.0213781 -0.407177 -1.4542 -0.0262744 0.999639 -0.00643715 -0.182471 0.406891 0.016575 0.913341 18.6438
0.894374 0.0289591 -0.446406 -1.69809 -0.0319543 0.999494 0.000818588 -0.202629 0.446204 0.0135313 0.894842 18.8762
0.871301 0.0330752 -0.489659 -1.94008 -0.0343276 0.999395 0.00642425 -0.209799 0.489574 0.0112102 0.871906 19.154
0.845514 0.0369344 -0.532696 -2.1816 -0.0370325 0.999264 0.0105048 -0.213097 0.532692 0.010844 0.846254 19.4041
0.816592 0.0403268 -0.575829 -2.4742 -0.0403091 0.99911 0.0128077 -0.210348 0.575831 0.0127513 0.817487 19.6888
0.784043 0.0420561 -0.6193 -2.76869 -0.0409282 0.999039 0.0160284 -0.199853 0.619378 0.0127785 0.785006 19.9854
0.748342 0.0456757 -0.661759 -3.07347 -0.0432027 0.99887 0.0200886 -0.181725 0.661926 0.0135555 0.749466 20.2661
0.71033 0.0465246 -0.702347 -3.39296 -0.0419138 0.998843 0.023775 -0.168795 0.70264 0.0125486 0.711454 20.542
0.670257 0.0458993 -0.740728 -3.75283 -0.0396521 0.99888 0.0260165 -0.156448 0.74109 0.0119324 0.671322 20.8265
0.628618 0.044769 -0.776441 -4.11533 -0.0360033 0.998952 0.0284502 -0.140745 0.776898 0.0100687 0.629567 21.08
0.584837 0.0440469 -0.809972 -4.51785 -0.0306863 0.999018 0.0321707 -0.133092 0.810589 0.00603915 0.58561 21.3287
0.537967 0.0446084 -0.8418 -4.949 -0.0290761 0.998992 0.0343568 -0.11029 0.842481 0.00599204 0.538719 21.577
0.488072 0.0440651 -0.871707 -5.40361 -0.0290021 0.998998 0.0342617 -0.0897497 0.872339 0.00855788 0.488858 21.8032
0.436985 0.0427115 -0.898469 -5.88585 -0.0248422 0.99907 0.0354114 -0.0680205 0.899141 0.00684427 0.437637 21.9953
0.385766 0.0418075 -0.921666 -6.38933 -0.0204803 0.999122 0.0367491 -0.0501092 0.922387 0.0046982 0.38628 22.1404
0.332254 0.0404592 -0.942337 -6.94376 -0.0189521 0.999171 0.036217 -0.0203563 0.943015 0.00582482 0.332743 22.3069
0.279296 0.045946 -0.959122 -7.50306 -0.0193997 0.998928 0.042204 0.0117955 0.960026 0.00681803 0.279886 22.4289
0.228395 0.0503005 -0.972284 -8.09692 -0.0181219 0.998718 0.0474111 0.0459457 0.973415 0.00678994 0.229012 22.5321
0.180994 0.0508762 -0.982184 -8.70567 -0.0141425 0.9987 0.0491259 0.0792918 0.983399 0.00499778 0.181477 22.6047
0.138198 0.0517131 -0.989069 -9.32498 -0.0125661 0.998654 0.0504584 0.105465 0.99034 0.00545441 0.138661 22.6442
0.0977335 0.0492103 -0.994012 -9.99051 -0.0129425 0.998762 0.0481733 0.143798 0.995145 0.00815559 0.0982489 22.69
0.0618896 0.0440978 -0.997123 -10.6706 -0.0160422 0.998947 0.0431826 0.196039 0.99797 0.0133223 0.0625314 22.71
0.0329139 0.0432311 -0.998539 -11.3747 -0.0184335 0.998927 0.0426407 0.241971 0.999305 0.0170018 0.0336753 22.7213
0.0123333 0.046976 -0.998835 -12.0782 -0.0201239 0.998714 0.0467217 0.275225 0.999738 0.0195231 0.0132626 22.7027
4.34829e-05 0.0525052 -0.998637 -12.8084 -0.0189157 0.998448 0.0524949 0.307954 0.999838 0.0188864 0.00103673 22.6837
-0.00843542 0.0543994 -0.9985 -13.5491 -0.0193156 0.998334 0.0545536 0.351848 0.999796 0.0197457 -0.00737066 22.6728
-0.0113195 0.0520208 -0.9986 -14.3255 -0.018587 0.998469 0.0522252 0.38188 0.999782 0.0191508 -0.0103351 22.6397
-0.009919 0.0481996 -0.998805 -15.1339 -0.0114795 0.998777 0.0483122 0.412325 0.999904 0.0119439 -0.00935359 22.6271
-0.00400353 0.0459673 -0.998953 -15.9491 -0.000470799 0.998949 0.0459696 0.447079 1.00001 0.000653142 -0.00397753 22.6205
0.00169351 0.0456305 -0.998975 -16.8064 -0.00116141 0.998968 0.0456283 0.491877 1.00002 0.00108206 0.00174469 22.6172
0.0063853 0.0430038 -0.999074 -17.6858 -0.00384017 0.999076 0.0429798 0.541764 0.999991 0.00356087 0.00654478 22.6304
0.0179051 0.0326613 -0.999327 -19.0209 0.00172188 0.999474 0.0326974 0.628007 0.99986 -0.00230675 0.0178394 22.6097
0.0191227 0.0187511 -0.999664 -19.9237 -0.00056671 0.999834 0.018744 0.705602 0.999839 0.000206463 0.0191305 22.6415
0.017652 0.00989019 -0.999819 -20.9041 -0.00767951 0.999935 0.00975614 0.732929 0.999838 0.00750546 0.0177269 22.6929
0.0175573 0.00681631 -0.999848 -21.9026 -0.0134055 0.9999 0.0065816 0.750088 0.999781 0.0132864 0.0176476 22.6681
0.0169679 0.0127734 -0.9998 -22.8551 -0.0227258 0.999678 0.0123865 0.765158 0.999621 0.0225104 0.017253 22.6084
0.0138257 0.020686 -0.999716 -23.7444 -0.0290184 0.999385 0.0202782 0.778514 0.999507 0.0287281 0.0144183 22.5617
0.00765609 0.0301308 -0.999543 -24.7713 -0.0301504 0.999111 0.0298872 0.797113 0.99954 0.029907 0.00855809 22.5925
0.00468872 0.0391247 -0.999249 -25.7846 -0.0315189 0.998756 0.0389578 0.833766 0.999517 0.0313107 0.00591686 22.6104
0.00114093 0.0454622 -0.998993 -26.7639 -0.0292295 0.998555 0.0454092 0.872575 0.999597 0.0291474 0.00246858 22.6518
-0.00286582 0.0456803 -0.998978 -27.8372 -0.0277438 0.998581 0.045742 0.916017 0.999635 0.0278448 -0.00159356 22.6777
-0.00620565 0.0421237 -0.999121 -28.8177 -0.0279347 0.998729 0.042281 0.950024 0.999615 0.0281719 -0.00502045 22.7015
-0.00862673 0.0394062 -0.999212 -29.9969 -0.0284684 0.998822 0.0396369 0.95524 0.999582 0.0287863 -0.00749381 22.6801
-0.0136443 0.0347252 -0.999333 -31.0191 -0.028399 0.998995 0.0351015 0.970719 0.999529 0.0288583 -0.0126437 22.6634
-0.0195685 0.0292494 -0.999407 -32.0374 -0.0272575 0.999198 0.0297773 1.00239 0.999461 0.0278224 -0.0187545 22.6427
-0.0239613 0.0273089 -0.999369 -33.0823 -0.0281636 0.999226 0.0279804 1.02209 0.999341 0.0288156 -0.0231727 22.5691
-0.0270193 0.0297781 -0.999219 -34.1091 -0.0269447 0.999186 0.0305059 1.0341 0.999296 0.0277462 -0.0261937 22.4819
-0.0316378 0.0341374 -0.998946 -35.189 -0.0286472 0.99899 0.0350465 1.06196 0.999114 0.029725 -0.0306267 22.4109
-0.0369682 0.0366677 -0.998672 -36.2238 -0.0317905 0.998793 0.0378491 1.08693 0.998835 0.0331456 -0.0357564 22.3427
-0.0408045 0.0389064 -0.998439 -37.3201 -0.0354871 0.99857 0.0403621 1.11928 0.998563 0.0370778 -0.039364 22.2742
-0.0444353 0.0392583 -0.99827 -38.4152 -0.0396728 0.998386 0.0410288 1.16325 0.998249 0.0414252 -0.0428044 22.2263
-0.0465621 0.0399299 -0.998147 -39.4944 -0.0428946 0.998215 0.0419337 1.19681 0.99802 0.0447667 -0.0447646 22.177
-0.0471026 0.039631 -0.998133 -40.6245 -0.0451355 0.998124 0.0417606 1.22539 0.997895 0.0470159 -0.0452236 22.0969
-0.0479575 0.0389407 -0.99812 -41.6849 -0.0458112 0.998119 0.0411419 1.24965 0.997824 0.047697 -0.0460817 22.0119
-0.0494231 0.0384681 -0.998066 -42.8108 -0.0469701 0.99808 0.0407944 1.27671 0.997698 0.0488932 -0.0475194 21.9563
-0.0486498 0.0381117 -0.99812 -43.8659 -0.0494867 0.99797 0.0405182 1.29912 0.997617 0.0513635 -0.0466632 21.8478
-0.0508871 0.0349425 -0.998124 -44.9463 -0.0547305 0.997807 0.0377215 1.3423 0.997229 0.056545 -0.0488608 21.7978
-0.0501112 0.0308225 -0.9983 -46.1168 -0.0605803 0.997607 0.0338421 1.36186 0.996932 0.0621716 -0.0481221 21.7103
-0.0496113 0.0304595 -0.998335 -47.2056 -0.0616224 0.997555 0.0334977 1.38088 0.996892 0.0631792 -0.0476107 21.6474
-0.0471483 0.0352796 -0.998297 -48.2818 -0.0625353 0.997328 0.038199 1.39723 0.996957 0.0642282 -0.0448142 21.5506
-0.0453929 0.0393206 -0.998226 -49.5137 -0.0626749 0.997162 0.0421285 1.4098 0.997027 0.0644736 -0.0427974 21.5275
-0.0438985 0.0392209 -0.998298 -50.5662 -0.0612652 0.99726 0.0418742 1.43315 0.997184 0.0629976 -0.0413734 21.4538
-0.0415367 0.0387562 -0.998417 -51.7139 -0.0606753 0.997322 0.0412377 1.45757 0.99732 0.0622894 -0.0390717 21.4021
-0.0372465 0.039982 -0.998539 -52.8358 -0.065348 0.996981 0.0423572 1.4789 0.997196 0.0668286 -0.0345193 21.3357
-0.0328891 0.0410114 -0.99865 -54.0093 -0.0692319 0.996682 0.0432103 1.51249 0.997085 0.0705568 -0.0299386 21.3125
-0.0273006 0.0403835 -0.998845 -55.1943 -0.0725518 0.996487 0.042271 1.55292 0.997021 0.0736202 -0.0242726 21.275
-0.0224868 0.0389905 -0.999019 -56.3335 -0.0736115 0.996479 0.0405479 1.59204 0.99706 0.0744482 -0.0195356 21.2522
-0.0176763 0.0377811 -0.999164 -57.4578 -0.0725668 0.99662 0.0389686 1.62869 0.997237 0.0731931 -0.0148729 21.2373
-0.0135152 0.0363424 -0.99928 -58.6104 -0.0696313 0.996896 0.037197 1.66581 0.997508 0.0700811 -0.0109409 21.2335
-0.0093006 0.0363448 -0.999331 -59.756 -0.0681685 0.997009 0.0368948 1.6987 0.99766 0.0684641 -0.00679343 21.2358
-0.00392995 0.0361555 -0.999371 -60.8925 -0.0662958 0.997155 0.0363356 1.74772 0.99782 0.0663941 -0.00152023 21.2204
0.0014237 0.0363312 -0.999375 -62.063 -0.0668778 0.997124 0.0361541 1.78999 0.99779 0.0667825 0.00385095 21.2189
0.00633509 0.0351122 -0.999397 -63.2243 -0.0661101 0.997229 0.0346164 1.81836 0.997821 0.0658481 0.00864049 21.2236
0.00963488 0.0307374 -0.999518 -64.4195 -0.0658023 0.997399 0.0300379 1.8343 0.997817 0.0654793 0.0116339 21.2571
0.0133555 0.0251427 -0.999629 -65.5879 -0.0652615 0.997591 0.024219 1.85313 0.997808 0.0649109 0.0149658 21.2764
0.0181481 0.0236551 -0.999593 -66.7181 -0.0657992 0.997599 0.0224134 1.88349 0.997699 0.0653636 0.0196624 21.2589
0.0212664 0.024959 -0.999497 -67.9059 -0.0651796 0.997614 0.0235246 1.90814 0.997676 0.0646435 0.022844 21.2709
0.0248721 0.0246899 -0.999424 -69.0558 -0.0649136 0.997644 0.0230305 1.91921 0.997612 0.0643013 0.0264174 21.2553
0.0276549 0.0246862 -0.999347 -70.2381 -0.0668891 0.997517 0.0227896 1.92924 0.997406 0.0662122 0.0292387 21.2436
0.0291197 0.0266858 -0.99926 -71.4134 -0.0675146 0.997432 0.0246697 1.92546 0.997326 0.0667441 0.0308477 21.2523
0.0273447 0.0273552 -0.999286 -72.4971 -0.0673145 0.997424 0.0254618 1.88815 0.997386 0.066567 0.0291169 21.3255
0.0282988 0.0265291 -0.999289 -73.7122 -0.0670719 0.997463 0.0245814 1.87863 0.99738 0.0663262 0.0300075 21.355
0.0302036 0.0256907 -0.999249 -74.9275 -0.0655832 0.997584 0.0236652 1.88396 0.99742 0.064816 0.0318167 21.3691
0.0305237 0.0254499 -0.999251 -76.1217 -0.0622593 0.9978 0.0235112 1.8936 0.997627 0.0614927 0.0320421 21.4033
0.0311326 0.0261857 -0.999207 -77.3193 -0.0602322 0.997907 0.0242746 1.90141 0.997729 0.0594256 0.0326458 21.4324
0.0320776 0.0282768 -0.999127 -78.4951 -0.0605339 0.997837 0.0262971 1.92085 0.997686 0.059635 0.033721 21.446
0.032838 0.031206 -0.999009 -79.6795 -0.0632722 0.997591 0.0290814 1.94113 0.997486 0.0622515 0.0347344 21.4776
0.0328036 0.0304778 -0.99904 -80.8719 -0.065862 0.997446 0.028267 1.96645 0.997325 0.0648684 0.0347283 21.5257
0.0333454 0.0283475 -0.999078 -82.0676 -0.0667493 0.997447 0.026073 1.98396 0.997243 0.0658152 0.0351536 21.5575
0.0350844 0.0235278 -0.999151 -83.2649 -0.068037 0.997478 0.0210995 2.0238 0.997103 0.0672357 0.0365976 21.5745
0.0349883 0.0223168 -0.999176 -84.4698 -0.0662162 0.997624 0.0199632 2.03654 0.997222 0.06546 0.0363839 21.6171
0.0343077 0.0221373 -0.999209 -85.658 -0.0650226 0.997704 0.0198716 2.05986 0.997332 0.0642862 0.0356693 21.6629
0.0338559 0.0236167 -0.999186 -86.8657 -0.0648886 0.997682 0.0213823 2.07822 0.997349 0.0641085 0.0353109 21.7141
0.0334839 0.0253856 -0.999161 -88.0493 -0.0657785 0.997585 0.0231414 2.09006 0.997311 0.0649454 0.0350738 21.7663
0.0331868 0.0253568 -0.999165 -89.2278 -0.0671543 0.997494 0.0230836 2.09887 0.997222 0.0663287 0.0348076 21.8031
0.0333175 0.0221937 -0.999244 -90.3992 -0.066811 0.997585 0.0199293 2.1132 0.99725 0.0660935 0.0347207 21.8458
0.0322503 0.0184903 -0.999347 -91.4845 -0.0621628 0.997949 0.0164582 2.15072 0.997575 0.0615883 0.0333349 21.8913
0.0319382 0.0186624 -0.999362 -92.6558 -0.0601463 0.998069 0.0167161 2.15805 0.997719 0.0595713 0.0329999 21.9292
0.0306243 0.0210469 -0.99935 -93.8292 -0.0573969 0.998185 0.019263 2.1649 0.997912 0.0567668 0.0317783 21.9806
0.0309208 0.0212883 -0.999343 -94.9607 -0.0559497 0.998263 0.0195342 2.20628 0.997996 0.055306 0.0320594 21.9944
0.0305846 0.0220095 -0.99933 -96.1425 -0.0566744 0.998207 0.0202498 2.22503 0.997955 0.0560142 0.0317787 22.0317
0.0323849 0.0237524 -0.999243 -97.2843 -0.0595298 0.99801 0.0217938 2.23252 0.997742 0.058776 0.0337359 22.017
0.032911 0.0231176 -0.999231 -98.5143 -0.0612586 0.997919 0.0210692 2.23439 0.997611 0.060515 0.0342602 22.0527
0.0324813 0.0198533 -0.999324 -99.6956 -0.0626531 0.997899 0.0177885 2.22168 0.997548 0.0620301 0.0336583 22.0827
0.0344619 0.0182596 -0.99928 -100.87 -0.0647053 0.997796 0.0160005 2.22269 0.997341 0.0641044 0.0355689 22.0876
0.0340159 0.0157724 -0.999346 -102.007 -0.0651121 0.997809 0.0135317 2.23037 0.997341 0.0646063 0.0349698 22.1206
0.032698 0.0154547 -0.999387 -103.182 -0.0626308 0.997967 0.013383 2.2355 0.997533 0.0621522 0.0336011 22.1745
0.0318957 0.016725 -0.999403 -104.36 -0.0618503 0.998001 0.0147273 2.24498 0.997617 0.0613407 0.0328681 22.2136
0.0314734 0.0171921 -0.999398 -105.563 -0.059879 0.998109 0.0152836 2.26361 0.997742 0.059359 0.0324449 22.2557
0.0311397 0.0149206 -0.999455 -106.726 -0.0632407 0.997938 0.0129273 2.27961 0.997555 0.0628005 0.0320208 22.2761
0.0288162 0.0150713 -0.999513 -107.914 -0.0662513 0.997737 0.0131338 2.29458 0.99742 0.0658374 0.0297512 22.3149
0.0285167 0.0141935 -0.999544 -109.08 -0.0695265 0.997529 0.012181 2.28995 0.997215 0.0691443 0.0294348 22.3325
0.0272411 0.0089473 -0.999632 -110.28 -0.0698131 0.997556 0.00702576 2.30179 0.997221 0.0695925 0.0278011 22.3685
0.0265881 0.00518807 -0.999685 -111.482 -0.0695859 0.997595 0.0033261 2.29168 0.997264 0.0694725 0.0268871 22.3795
0.0251271 0.0041321 -0.999719 -112.683 -0.0653926 0.997877 0.00248048 2.27701 0.997576 0.0653085 0.0253461 22.4087
0.0236404 0.00383479 -0.999766 -113.905 -0.0608744 0.998168 0.00238882 2.25106 0.997909 0.060801 0.0238325 22.4466
0.0219853 0.00675539 -0.999778 -115.096 -0.0610154 0.998142 0.00540214 2.22572 0.997927 0.0608798 0.0223588 22.4773
0.0199084 0.0105604 -0.999799 -116.312 -0.0599758 0.998182 0.00934863 2.22068 0.998045 0.059775 0.0205076 22.5061
0.0208281 0.0109577 -0.999768 -117.531 -0.058417 0.998266 0.00972386 2.21135 0.998109 0.0581974 0.0214347 22.4824
0.0210377 0.00720999 -0.999804 -118.769 -0.0588353 0.998276 0.00596048 2.19705 0.998089 0.058696 0.0214276 22.4796
0.0178188 0.00417869 -0.999877 -120.026 -0.0592131 0.998262 0.00311626 2.1762 0.99812 0.0591467 0.018038 22.5283
0.0169376 0.00358462 -0.999901 -121.3 -0.058401 0.998315 0.00258917 2.14994 0.998193 0.0583491 0.0171207 22.535
0.0169611 0.00534538 -0.999887 -122.555 -0.0610338 0.998148 0.00430019 2.13243 0.998026 0.0609504 0.017259 22.529
0.0168096 0.0107746 -0.999852 -123.804 -0.0660101 0.997799 0.00964225 2.11211 0.997722 0.0658357 0.0174861 22.5255
0.0166283 0.0146045 -0.9998 -125.071 -0.07193 0.997342 0.0133717 2.09951 0.997305 0.0716894 0.0176376 22.5257
0.0168301 0.01541 -0.999791 -126.37 -0.0796605 0.99675 0.0140217 2.08971 0.996725 0.0794048 0.0180052 22.5234
0.0159858 0.0137977 -0.999822 -127.659 -0.0828122 0.99651 0.0124274 2.0844 0.996472 0.0825945 0.0170756 22.5439
0.0138615 0.0122528 -0.99988 -128.916 -0.0853313 0.996318 0.0110257 2.0796 0.996301 0.0851649 0.0148585 22.569
0.0114032 0.0109346 -0.999922 -130.191 -0.0848706 0.996365 0.00992725 2.07864 0.996362 0.0847463 0.0122929 22.6002
0.00973257 0.0085093 -0.999968 -131.456 -0.0813246 0.996685 0.00768922 2.08486 0.996686 0.0812439 0.0103949 22.6139
0.0122011 0.00377291 -0.999967 -132.688 -0.0808691 0.996744 0.00277343 2.16798 0.996686 0.0808278 0.0124698 22.5363
0.00850904 0.00799756 -0.999984 -133.931 -0.0800474 0.996792 0.00729024 2.15781 0.996803 0.0799806 0.00912464 22.5894
0.00742553 0.0117438 -0.999953 -135.23 -0.0785696 0.99687 0.0111236 2.14767 0.996918 0.0784785 0.00832848 22.5937
0.00636683 0.0104244 -0.999978 -136.498 -0.079437 0.996817 0.00988506 2.13666 0.996868 0.0793687 0.00717752 22.6031
0.00602932 0.00953506 -0.999987 -137.758 -0.0793714 0.996828 0.00902583 2.11964 0.996865 0.0793111 0.00677075 22.6059
0.00635782 0.00893497 -0.999992 -139.041 -0.0777783 0.996963 0.00841272 2.10702 0.997 0.0777208 0.00703644 22.6127
0.00678288 0.00884249 -0.999989 -140.295 -0.0807048 0.996728 0.00826568 2.09922 0.996753 0.080643 0.00747814 22.6165
0.00671827 0.01072 -0.999973 -141.561 -0.0804921 0.996731 0.0101438 2.09191 0.996782 0.080418 0.00756238 22.6212
0.00532205 0.0142212 -0.999936 -142.731 -0.0816631 0.996589 0.0137384 2.07827 0.996684 0.0815796 0.00646932 22.6191
0.00484801 0.0161128 -0.999912 -143.921 -0.0824874 0.996495 0.0156571 2.05504 0.99663 0.0824003 0.00616356 22.6146
0.00436722 0.0131 -0.999958 -145.185 -0.0845682 0.996362 0.0126829 2.05281 0.996447 0.0845037 0.00546362 22.6308
0.00476748 0.0101019 -0.999992 -146.428 -0.0830803 0.996523 0.0096701 2.04562 0.996582 0.0830295 0.00559383 22.6029
0.00327354 0.00846176 -1.00001 -147.629 -0.0809424 0.99671 0.00816817 2.03816 0.996754 0.0809111 0.00395238 22.6204
0.00261892 0.00769191 -1.00002 -148.864 -0.0790951 0.996865 0.00745978 2.02686 0.996914 0.0790732 0.00322296 22.6111
0.00176065 0.00797165 -1.00002 -150.085 -0.0769183 0.997032 0.00781177 2.02136 0.997077 0.0769007 0.00237325 22.6001
0.000988288 0.00657194 -1.00003 -151.346 -0.0750933 0.997182 0.00647831 2.00632 0.997227 0.0750854 0.00148306 22.5997
0.00176859 0.00703831 -1.00003 -152.605 -0.074707 0.997207 0.00688559 1.99005 0.997246 0.0746916 0.00229442 22.5675
0.000828286 0.00961612 -1.00001 -153.818 -0.0718268 0.997399 0.00953089 1.97761 0.997468 0.0718157 0.00152089 22.556
-0.000649917 0.011157 -0.999992 -155.061 -0.0690556 0.997576 0.0111742 1.96249 0.997654 0.0690572 0.000127134 22.5634
-0.00132027 0.00995998 -1.00001 -156.307 -0.0664835 0.997764 0.0100248 1.94931 0.997838 0.0664933 -0.00065086 22.5566
-0.00311751 0.0101309 -0.999998 -157.559 -0.0673017 0.997706 0.0103166 1.93969 0.997772 0.0673286 -0.00242343 22.5559
-0.00411999 0.0153606 -0.999931 -158.781 -0.0685228 0.997556 0.0156057 1.92645 0.997694 0.0685785 -0.00305272 22.5468
-0.00481897 0.0220792 -0.9998 -160.064 -0.0732502 0.99709 0.0223714 1.92463 0.997346 0.0733381 -0.0031825 22.5582
-0.00338403 0.0231078 -0.999786 -161.27 -0.0777895 0.996726 0.0232996 1.9178 0.997017 0.0778472 -0.00157061 22.5085
-0.00161012 0.0203569 -0.999849 -162.522 -0.0818869 0.996461 0.0204188 1.90967 0.996686 0.0819016 6.79677e-05 22.4772
-0.000655591 0.0157334 -0.999935 -163.752 -0.0840154 0.996369 0.0157316 1.90024 0.996518 0.0840157 0.000673629 22.4567
-0.000473302 0.014846 -0.999947 -164.996 -0.0867662 0.996147 0.0148297 1.89002 0.996275 0.0867627 0.000822033 22.4477
0.000480809 0.0122066 -0.999985 -166.173 -0.0821239 0.996579 0.0121247 1.87178 0.996675 0.0821124 0.00148672 22.4251
-0.000208545 0.0087466 -1.00002 -167.427 -0.0794691 0.996831 0.00873426 1.85538 0.996884 0.079467 0.000492842 22.429
-0.00088402 0.0061346 -1.00004 -168.607 -0.0743371 0.997244 0.00618228 1.83177 0.997287 0.0743415 -0.000420299 22.4027
-0.00347925 0.00961309 -1.00001 -169.852 -0.072445 0.997356 0.00983854 1.82019 0.997412 0.0724744 -0.00276772 22.4173
-0.00622467 0.0161046 -0.999912 -171.14 -0.0728041 0.997241 0.0165139 1.81005 0.997384 0.072896 -0.00502939 22.4703
-0.00613665 0.0189664 -0.999863 -172.348 -0.0750121 0.997028 0.019372 1.81633 0.99721 0.0751151 -0.00468943 22.4581
-0.00435134 0.0156326 -0.999929 -173.562 -0.076361 0.996984 0.0159178 1.81689 0.997128 0.0764202 -0.00313893 22.4283
-0.00422459 0.0160821 -0.999923 -174.817 -0.0790582 0.996769 0.0163644 1.81475 0.996908 0.0791155 -0.0029333 22.4251
-0.00396434 0.0166191 -0.999914 -176.035 -0.0774098 0.996887 0.0168748 1.81515 0.997048 0.0774654 -0.00265984 22.4148
-0.00484097 0.0137518 -0.999955 -177.26 -0.0775671 0.996921 0.0140845 1.82131 0.997023 0.0776261 -0.00375293 22.4206
-0.00378041 0.0122911 -0.99998 -178.435 -0.0767827 0.997001 0.0125438 1.81752 0.997098 0.0768239 -0.00281938 22.4162
-0.00117034 0.0136633 -0.999969 -179.612 -0.0780482 0.99689 0.0137114 1.81862 0.996999 0.078056 -9.36985e-05 22.3872
-0.000243502 0.0147187 -0.999957 -180.743 -0.0782196 0.996861 0.0146911 1.81719 0.996994 0.0782151 0.000914829 22.3827
0.000789764 0.016341 -0.999931 -181.844 -0.0790152 0.996776 0.0162259 1.80647 0.996923 0.0789908 0.00208507 22.3672
0.00149597 0.0172173 -0.999916 -182.903 -0.0789034 0.996769 0.0170439 1.80113 0.996938 0.0788666 0.00285585 22.3477
0.00132631 0.0181347 -0.9999 -183.94 -0.0785589 0.996782 0.0179726 1.79435 0.996958 0.078521 0.00275362 22.3338
0.00152108 0.0174673 -0.999912 -184.946 -0.0790132 0.996757 0.0172908 1.78556 0.996928 0.0789755 0.00290279 22.331
0.00279933 0.017145 -0.999916 -185.928 -0.0794734 0.996728 0.0168665 1.77837 0.996883 0.0794131 0.0041598 22.3267
0.00253743 0.0178275 -0.999905 -186.936 -0.0791882 0.996738 0.0175688 1.77198 0.996913 0.0791316 0.00394737 22.3555
0.00239091 0.0158506 -0.99994 -187.868 -0.0779684 0.996868 0.0156141 1.77693 0.997003 0.0779199 0.00362656 22.345
-0.00189574 0.0124508 -0.999989 -188.835 -0.0753056 0.997114 0.0125565 1.77015 0.997216 0.0753244 -0.000945517 22.3649
-0.00784759 0.00871822 -1 -189.785 -0.0754188 0.997143 0.00928381 1.76267 0.997172 0.0754853 -0.00715984 22.3679
-0.0135314 0.00626021 -0.999956 -190.701 -0.0771736 0.997023 0.00728494 1.74078 0.996983 0.0772646 -0.0130002 22.3549
-0.0178314 0.00593819 -0.999895 -191.679 -0.07887 0.996892 0.00732545 1.72089 0.996778 0.0789856 -0.0172991 22.3369
-0.0205533 0.00908413 -0.999816 -192.601 -0.081537 0.996646 0.0107302 1.66267 0.996516 0.0817378 -0.0197354 22.2939
-0.0226129 0.0120846 -0.999742 -193.543 -0.080449 0.996696 0.013866 1.63449 0.996555 0.0807348 -0.0215572 22.2584
-0.0251838 0.0141286 -0.99965 -194.458 -0.0778011 0.996873 0.0160481 1.62023 0.996707 0.0781737 -0.0239973 22.2426
-0.0274977 0.0151545 -0.999578 -195.396 -0.0762846 0.996971 0.0172121 1.60769 0.99676 0.0767187 -0.0262494 22.228
-0.0293682 0.0141359 -0.999536 -196.307 -0.0764916 0.99697 0.0163458 1.60348 0.996693 0.0769319 -0.0281892 22.2025
-0.0309915 0.0133692 -0.999501 -197.216 -0.0784314 0.996828 0.015764 1.594 0.996491 0.0788738 -0.0298355 22.1768
-0.0315919 0.0129594 -0.999485 -198.127 -0.0820897 0.996538 0.0155147 1.58848 0.99618 0.082533 -0.0304098 22.143
-0.0310018 0.0114444 -0.999526 -199.063 -0.0847424 0.996338 0.014035 1.58402 0.995974 0.0851298 -0.0299092 22.1032
-0.0304632 0.00961625 -0.999558 -199.962 -0.084936 0.996345 0.0121727 1.56885 0.995976 0.0852646 -0.0295263 22.0663
-0.029916 0.00780289 -0.999594 -200.866 -0.0848591 0.996373 0.010316 1.55305 0.995997 0.0851257 -0.0291361 22.0257
-0.0289955 0.00870178 -0.999611 -201.819 -0.0848811 0.996363 0.0111344 1.53164 0.996024 0.0851662 -0.0281427 21.9873
-0.0293786 0.0118813 -0.99957 -202.761 -0.0822058 0.996548 0.0142601 1.52361 0.996235 0.082582 -0.0282912 21.9685
-0.029246 0.0135878 -0.99955 -203.705 -0.0814297 0.996586 0.0159288 1.51547 0.996305 0.0818542 -0.028031 21.9266
-0.0283425 0.01045 -0.999617 -204.672 -0.0764157 0.997032 0.0125882 1.50813 0.996727 0.0767361 -0.0274505 21.898
-0.0269131 0.00704624 -0.999684 -205.583 -0.0748245 0.997191 0.00904186 1.50892 0.996889 0.0750397 -0.0263016 21.85
-0.0255941 0.00829584 -0.999712 -206.538 -0.0785683 0.996892 0.0102825 1.49942 0.996635 0.0788014 -0.0248534 21.8015
-0.0234304 0.0126224 -0.999718 -207.51 -0.0797364 0.996746 0.0144525 1.49175 0.996597 0.0800478 -0.0223393 21.7578
-0.0218835 0.0129689 -0.99975 -208.496 -0.0772078 0.996946 0.014621 1.4844 0.99683 0.0775011 -0.0208061 21.7351
-0.019509 0.0146631 -0.999776 -209.475 -0.0755325 0.99705 0.0160961 1.48565 0.997009 0.0758247 -0.0183355 21.7054
-0.0173643 0.0204088 -0.999716 -210.456 -0.0760743 0.996905 0.0216713 1.47951 0.997007 0.0764217 -0.0157489 21.6747
-0.0155443 0.0243843 -0.999657 -211.459 -0.0729611 0.997048 0.0254541 1.48604 0.99727 0.0733271 -0.013711 21.6498
-0.0146928 0.0248941 -0.999658 -212.444 -0.0726339 0.997061 0.0258955 1.49451 0.997307 0.0729825 -0.0128327 21.6305
-0.0136386 0.0263647 -0.999635 -213.484 -0.0760816 0.996766 0.0273262 1.49909 0.997066 0.0764215 -0.0115804 21.6281
-0.0095813 0.0283605 -0.999629 -214.516 -0.0791576 0.996478 0.0290284 1.51063 0.996873 0.0793987 -0.0072939 21.5874
-0.00617099 0.0287259 -0.999646 -215.525 -0.0799747 0.99641 0.0291258 1.52203 0.996836 0.0801208 -0.00384347 21.5653
-0.00466718 0.0266666 -0.999711 -216.58 -0.0824955 0.996265 0.0269584 1.52956 0.996638 0.0825894 -0.00244131 21.5764
-0.00228118 0.0232617 -0.999805 -217.636 -0.0824839 0.996357 0.0233687 1.54674 0.996649 0.0825156 -0.000346349 21.5749
-0.00144625 0.0214415 -0.999847 -218.686 -0.0816923 0.996464 0.0214857 1.56901 0.996715 0.0817029 0.000319022 21.5811
0.000269004 0.0229914 -0.999815 -219.746 -0.0816635 0.996436 0.0228909 1.58403 0.996719 0.0816367 0.0021535 21.5691
0.00144667 0.0258786 -0.999743 -220.835 -0.083069 0.996252 0.0256667 1.60155 0.996601 0.0830024 0.00359953 21.569
0.00535654 0.0254298 -0.999743 -221.908 -0.0834286 0.996242 0.0248929 1.61728 0.996559 0.0832681 0.00746569 21.5265
0.00760122 0.0220317 -0.999808 -222.974 -0.0819815 0.996444 0.021333 1.64046 0.996664 0.0817959 0.00938869 21.5009
0.00853119 0.0187798 -0.999869 -224.048 -0.079547 0.996709 0.0180409 1.65279 0.996856 0.0793768 0.010005 21.4793
0.00999714 0.0173392 -0.999881 -225.143 -0.0786168 0.996808 0.0164986 1.66681 0.996914 0.0784352 0.0113369 21.4551
0.0104603 0.0164226 -0.999895 -226.243 -0.0785055 0.996833 0.0155505 1.67108 0.99692 0.0783285 0.0117249 21.4474
0.0132118 0.0166776 -0.999855 -227.331 -0.0797325 0.996735 0.0155706 1.67667 0.996786 0.0795081 0.0145068 21.3911
0.0137957 0.0173775 -0.999839 -228.444 -0.0820414 0.996539 0.0161874 1.68689 0.996596 0.0817986 0.0151823 21.3731
0.0151232 0.0198264 -0.999771 -229.567 -0.0831761 0.996404 0.0185001 1.69475 0.996479 0.0828697 0.0167263 21.3406
0.0137909 0.0229417 -0.999727 -230.731 -0.0840186 0.99627 0.0217026 1.68 0.996432 0.0836899 0.0156756 21.3579
0.0130326 0.0248033 -0.999689 -231.845 -0.0855942 0.996091 0.0235967 1.69219 0.996304 0.0852523 0.0151132 21.3534
0.0120742 0.0256781 -0.999683 -233.006 -0.08784 0.995875 0.0245186 1.70568 0.996124 0.0875093 0.0142887 21.355
0.0116162 0.0243095 -0.99972 -234.16 -0.08968 0.995742 0.0231693 1.72123 0.995962 0.0893776 0.0137555 21.3367
0.0117006 0.0201854 -0.999814 -235.246 -0.0875826 0.996017 0.0190829 1.731 0.996151 0.0873364 0.0134308 21.3035
0.0101295 0.0144531 -0.999928 -236.454 -0.0843762 0.996383 0.0135457 1.72721 0.996441 0.0842251 0.0113213 21.3251
0.00924574 0.0106847 -0.999987 -237.599 -0.079298 0.996844 0.00991712 1.71815 0.996871 0.0791992 0.010073 21.3
0.00852716 0.0109849 -0.999987 -238.798 -0.0732488 0.997302 0.0103294 1.71925 0.997337 0.0731527 0.00931784 21.278
0.00787012 0.0145263 -0.999951 -239.957 -0.0686952 0.997583 0.0139505 1.72149 0.997671 0.0685766 0.00885836 21.2419
0.00648929 0.0175761 -0.999909 -241.18 -0.0664649 0.997685 0.0171041 1.71451 0.997828 0.066341 0.00765164 21.2271
0.00570649 0.0174772 -0.999918 -242.378 -0.0642359 0.997831 0.0170734 1.71411 0.997983 0.064128 0.00682635 21.201
0.00574999 0.018144 -0.999903 -243.601 -0.0642111 0.997821 0.0177354 1.72568 0.99798 0.0640961 0.00691177 21.1568
0.00429506 0.0198306 -0.999882 -244.821 -0.0631599 0.997856 0.0195183 1.72767 0.99806 0.0630632 0.00554813 21.1403
0.00298705 0.019236 -0.999896 -246.034 -0.0624303 0.99791 0.0190098 1.73621 0.998106 0.0623603 0.00419112 21.1182
0.00285933 0.0174229 -0.999934 -247.301 -0.062436 0.997943 0.0172089 1.75075 0.998109 0.0623774 0.00395104 21.0826
-0.000227581 0.017264 -0.999938 -248.554 -0.0619444 0.997973 0.0172426 1.75353 0.998142 0.0619375 0.000851728 21.093
-0.00431329 0.0184069 -0.999912 -249.803 -0.0621773 0.997934 0.018638 1.75673 0.998121 0.0622468 -0.00314966 21.1075
-0.0085029 0.0184674 -0.999881 -251.063 -0.0623935 0.997914 0.0189602 1.76587 0.998079 0.0625402 -0.00732292 21.1195
-0.0119253 0.0187063 -0.999845 -252.323 -0.0636755 0.997824 0.0194272 1.77631 0.997965 0.0638918 -0.0106975 21.1274
-0.0145256 0.0203043 -0.999777 -253.604 -0.0654122 0.997676 0.0212106 1.78525 0.997817 0.0656985 -0.0131533 21.1031
-0.0165479 0.0215151 -0.999724 -254.865 -0.0667327 0.99756 0.0225723 1.78676 0.9977 0.0670819 -0.0150607 21.0726
-0.0177122 0.0216482 -0.999698 -256.166 -0.0703352 0.997305 0.0228411 1.79599 0.99743 0.070711 -0.0161311 21.0382
-0.0191111 0.0210758 -0.99969 -257.435 -0.0712353 0.997253 0.0223854 1.81464 0.997342 0.0716348 -0.017546 21.0241
-0.0197492 0.0185023 -0.999725 -258.704 -0.0691642 0.997452 0.0198251 1.84376 0.997475 0.0695295 -0.0184082 20.9977
-0.0193347 0.019264 -0.999723 -259.902 -0.0676453 0.997544 0.0205294 1.82053 0.997588 0.0680175 -0.0179727 20.9326
-0.0199627 0.0191086 -0.99971 -261.165 -0.0667614 0.997605 0.0204 1.82052 0.997636 0.0671422 -0.0186281 20.8939
-0.0209441 0.0195972 -0.999685 -262.364 -0.0683636 0.997485 0.0209854 1.82479 0.997507 0.0687754 -0.0195402 20.8407
-0.0211778 0.0196362 -0.999675 -263.665 -0.0676799 0.99753 0.0210264 1.82691 0.997549 0.0680957 -0.0197852 20.8072
-0.0210394 0.0203629 -0.999668 -264.907 -0.0672242 0.997546 0.0217337 1.83237 0.997583 0.067653 -0.0196074 20.7659
-0.0205542 0.0217621 -0.999644 -266.17 -0.0645281 0.997694 0.0230452 1.82766 0.997771 0.0649711 -0.0190912 20.7211
-0.0219938 0.0233174 -0.999584 -267.459 -0.0600157 0.99794 0.0245986 1.84579 0.998023 0.0605261 -0.0205373 20.7089
-0.0236188 0.0262114 -0.99947 -268.707 -0.0563533 0.998077 0.0275052 1.85594 0.998198 0.0569658 -0.0220847 20.6915
-0.0250132 0.027577 -0.999404 -269.979 -0.0543514 0.998149 0.0289016 1.87864 0.998277 0.0550367 -0.0234561 20.6736
-0.0266071 0.0257348 -0.999407 -271.23 -0.0545636 0.998186 0.0271545 1.89153 0.998222 0.0552468 -0.0251428 20.6545
-0.0269204 0.0241913 -0.999444 -272.471 -0.0570506 0.998089 0.0256942 1.90294 0.998078 0.0577051 -0.0254766 20.6107
-0.0288895 0.0258885 -0.999341 -273.719 -0.0605457 0.997832 0.027598 1.94134 0.997813 0.0612958 -0.0272474 20.5998
-0.0320497 0.0318293 -0.999079 -274.927 -0.0643861 0.997399 0.0338404 1.95638 0.997482 0.065405 -0.0299042 20.5948
-0.032791 0.0310563 -0.999074 -276.182 -0.0673048 0.997228 0.0332063 1.9823 0.997259 0.0683236 -0.0305974 20.5545
-0.0331121 0.0236786 -0.999269 -277.42 -0.0666115 0.997491 0.025843 2.00489 0.997303 0.0674123 -0.0314388 20.514
-0.0348172 0.0175287 -0.999335 -278.651 -0.0635766 0.997831 0.0197157 2.02058 0.997436 0.0642133 -0.0336144 20.486
-0.03526 0.0158189 -0.999353 -279.917 -0.0587377 0.998161 0.0178718 2.03632 0.997725 0.0593242 -0.0342527 20.449
-0.0340679 0.0165331 -0.999378 -281.156 -0.0555991 0.998332 0.0184093 2.04754 0.997939 0.056185 -0.0330791 20.4003
-0.0329162 0.018309 -0.999393 -282.388 -0.0552409 0.998319 0.0201081 2.05622 0.998006 0.0558636 -0.0318363 20.3541
-0.0317582 0.0202105 -0.999387 -283.604 -0.0575212 0.998151 0.0220115 2.07534 0.997905 0.0581782 -0.0305243 20.2991
-0.0287619 0.0214069 -0.999461 -284.82 -0.0589153 0.998045 0.0230714 2.09117 0.997926 0.0595409 -0.0274316 20.2026
-0.0278024 0.0224396 -0.999457 -286.086 -0.0597405 0.997973 0.0240661 2.09864 0.997894 0.0603703 -0.0263931 20.1538
-0.0259549 0.0213541 -0.999539 -287.326 -0.0596067 0.998009 0.0228685 2.11255 0.997962 0.0601666 -0.0246177 20.0904
-0.0238991 0.0199722 -0.999612 -288.545 -0.0602083 0.998006 0.0213777 2.11868 0.997967 0.0606889 -0.0226368 20.0112
-0.0229799 0.020337 -0.999635 -289.777 -0.0600607 0.998008 0.0216839 2.09955 0.998007 0.060531 -0.0217 19.9552
-0.0230542 0.0209248 -0.999613 -291.003 -0.0609367 0.997942 0.0222932 2.09418 0.997943 0.0614204 -0.0217194 19.9109
-0.0220205 0.0212414 -0.999637 -292.231 -0.0611615 0.997923 0.0225516 2.0923 0.997961 0.0616298 -0.0206629 19.8629
-0.0210603 0.0210093 -0.999656 -293.485 -0.0628099 0.997827 0.0222921 2.11357 0.997871 0.063251 -0.0196826 19.8032
-0.0180418 0.0226639 -0.999686 -294.697 -0.062286 0.997826 0.0237451 2.09698 0.997972 0.0626886 -0.0165785 19.7241
-0.0177384 0.0216166 -0.999709 -295.958 -0.0625912 0.997832 0.0226846 2.09918 0.99795 0.0629684 -0.0163348 19.6806
-0.0184387 0.0197424 -0.99974 -297.199 -0.0625488 0.997874 0.0208584 2.09727 0.997948 0.0629111 -0.0171522 19.6573
-0.0191638 0.01703 -0.999771 -298.417 -0.0635925 0.99786 0.0182144 2.09988 0.997861 0.0639202 -0.0180275 19.6275
-0.0198784 0.016605 -0.99977 -299.646 -0.0654781 0.997744 0.0178724 2.09068 0.997734 0.065812 -0.0187335 19.5929
-0.0201093 0.0168727 -0.999755 -300.89 -0.0684782 0.997538 0.0182107 2.09199 0.99752 0.0688205 -0.0188921 19.5494
-0.0210214 0.0183556 -0.999718 -302.114 -0.0712596 0.997312 0.019809 2.08911 0.997316 0.0716491 -0.0196439 19.5149
-0.0217421 0.0196344 -0.999672 -303.313 -0.0747156 0.997032 0.0212056 2.0816 0.997037 0.0751444 -0.0201981 19.4991
-0.0210096 0.0194688 -0.999698 -304.527 -0.0773287 0.996835 0.0210373 2.09414 0.996867 0.0777397 -0.0194245 19.4332
-0.0207436 0.0182615 -0.999718 -305.713 -0.0785901 0.99676 0.0198362 2.08472 0.99676 0.0789714 -0.0192289 19.3504
-0.0211759 0.0164905 -0.99975 -307.001 -0.0762037 0.996981 0.018058 2.08274 0.996951 0.0765594 -0.0198421 19.3109
-0.0213968 0.0164174 -0.999736 -308.257 -0.073554 0.997181 0.0179477 2.07963 0.997131 0.073911 -0.0201165 19.2509
-0.0214871 0.0183602 -0.999712 -309.505 -0.0720743 0.997255 0.0198631 2.08676 0.997252 0.0724731 -0.0200915 19.1939
-0.0214067 0.0193962 -0.999683 -310.771 -0.0704891 0.997346 0.0208583 2.09578 0.997352 0.0709058 -0.0199702 19.1367
-0.0223657 0.0190145 -0.999681 -312.075 -0.0713013 0.997296 0.0205632 2.09771 0.997289 0.0717312 -0.0209361 19.1118
-0.0213926 0.0172863 -0.999723 -313.327 -0.0726277 0.997235 0.0187955 2.10748 0.997201 0.073002 -0.0200655 19.0539
-0.0184996 0.0170859 -0.999794 -314.539 -0.0726357 0.997242 0.0183851 2.11402 0.997272 0.0729535 -0.0171944 18.9631
