0.999931 -0.00372101 0.011317 0.0184433 0.00372623 0.999995 -0.000454689 0.01733 -0.0113152 0.00049674 0.999937 0.326395
0.999978 -0.00177288 0.00593587 0.0160415 0.00176428 0.999996 0.0014418 -0.0243325 -0.00593847 -0.00143115 0.999981 0.270948
0.999997 -0.00429534 0.00219016 -0.00223441 0.00430755 0.999974 -0.00551694 0.0593845 -0.00216602 0.00552617 0.999984 0.320447
0.999986 -0.00139149 -0.00329904 0.00675447 0.00138963 1 -0.000481069 -0.0208919 0.0032994 0.000476623 0.999995 0.276115
0.999982 -0.000686116 -0.00708236 0.0200816 0.00068803 0.999998 0.000226959 -0.0398143 0.00708263 -0.000232103 0.999975 0.314121
0.999947 -0.00178539 -0.00957073 -0.0748182 0.00175298 0.999994 -0.00333499 0.0284459 0.00957641 0.00331826 0.99995 0.344894
0.999878 0.000181062 -0.0160179 -0.0443148 -0.000159677 0.999998 0.00130333 -0.0378817 0.0160182 -0.0013008 0.99987 0.308113
0.999789 0.00248083 -0.020121 -0.0477233 -0.0024649 0.999998 0.000843379 -0.0368875 0.0201228 -0.000793382 0.999798 0.303657
0.999836 0.00304838 -0.0182025 -0.0644318 -0.00312481 0.999984 -0.00419888 0.0393251 0.0181897 0.00425467 0.999825 0.368737
0.999848 -0.000110078 -0.0171197 -0.0912319 7.77437e-05 1 -0.00185979 0.0201081 0.0171198 0.00185849 0.999852 0.347704
0.999842 0.0015241 -0.0180571 -0.0804946 -0.00145534 0.999992 0.00378115 -0.0514912 0.0180629 -0.00375454 0.999831 0.404223
0.99981 -0.000343825 -0.0192474 -0.0186772 0.000335758 1 -0.000392473 0.01161 0.0192472 0.000386224 0.999815 0.366217
0.999884 0.00166591 -0.0155122 -0.0586127 -0.00165327 1 0.000782983 -0.0109568 0.0155136 -0.00075747 0.999882 0.390915
0.999855 0.000344712 -0.0166631 -0.00609228 -0.000338193 0.999998 0.000438664 0.0040647 0.0166631 -0.000432701 0.999859 0.41379
0.999923 0.00227547 -0.012769 -0.0294554 -0.00228502 1 -0.000788367 -0.00796245 0.0127673 0.000817226 0.999921 0.385492
0.999884 -0.00190492 -0.0146687 0.00358886 0.00190729 0.999994 0.000194221 -0.011464 0.0146682 -0.000221984 0.999889 0.445327
0.999967 -0.00336643 -0.00833552 -0.0367446 0.00335372 0.999998 -0.00162768 -0.0120556 0.00834111 0.00159958 0.999969 0.459103
0.999971 0.00137878 -0.0064199 -0.034067 -0.00139799 0.999991 -0.00289518 -0.00521886 0.00641564 0.00290429 0.999971 0.423275
0.999949 -0.00366369 -0.0101938 0.04398 0.0036494 0.999998 -0.00149772 0.000969984 0.0101994 0.0014601 0.999953 0.440091
0.999974 0.00013801 -0.00587396 -0.0369048 -0.000151708 0.999993 -0.00223142 -0.0144896 0.00587354 0.00223249 0.999977 0.489556
1 0.000799864 -0.00275614 -0.0567914 -0.000806229 1 -0.0025564 0.0122071 0.0027541 0.00255842 0.999998 0.498302
0.999814 -0.0141189 -0.0125465 0.0675683 0.0141223 0.999894 0.000236161 0.00539457 0.0125418 -0.000413166 0.999918 0.512173
0.999983 0.000460311 -0.00711224 -0.0357943 -0.000477504 1.00001 -0.00251812 -0.00362481 0.00711103 0.0025213 0.999978 0.537646
0.999932 0.00398387 -0.0102412 0.0073712 -0.0040327 0.999974 -0.00466348 -0.000416328 0.0102221 0.00470458 0.999931 0.594863
0.999933 0.00247285 -0.0119639 0.00700298 -0.00249993 1 -0.00231912 -0.00438558 0.0119584 0.00234869 0.999931 0.563604
0.999938 -0.00273187 -0.0101286 0.00514757 0.00272805 0.999987 -0.000308196 -0.0183682 0.010129 0.000280738 0.999943 0.561837
0.999976 -0.00193708 -0.00784895 -0.018338 0.00191633 1 -0.00276371 0.00698648 0.00785447 0.00274836 0.999973 0.569487
0.999942 0.000246266 -0.00995065 0.00342352 -0.000263388 0.99999 -0.001645 -0.0116164 0.00994977 0.00164778 0.999944 0.651248
0.999983 0.00417454 -0.00588041 -0.0435509 -0.00420906 0.999984 -0.00598654 0.0215041 0.00585578 0.00601092 0.999972 0.553506
0.999946 -0.00174609 -0.00935196 0.00875045 0.00170757 0.999981 -0.00407919 -0.0126981 0.00935833 0.00406328 0.999942 0.6534
0.999991 0.00346867 -0.00510465 -0.0252711 -0.00351206 0.999967 -0.0085893 -0.000481682 0.0050753 0.00860673 0.999958 0.618946
0.999975 0.00292008 -0.00483647 0.00222636 -0.00296518 0.999943 -0.00929351 0.0181819 0.00480838 0.00930798 0.999938 0.647008
0.999976 -0.000190705 -0.0083186 0.0389658 0.000125264 0.999979 -0.00784547 -0.0130388 0.0083203 0.00784381 0.999944 0.655906
0.999972 0.00458821 -0.00377079 -0.0222715 -0.00462211 0.99994 -0.00908801 0.000677604 0.00372849 0.00910562 0.999944 0.690736
0.999993 0.00278178 -0.00530967 0.0056553 -0.00281311 0.99999 -0.0058699 -0.0231994 0.00529362 0.00588441 0.999977 0.712154
0.999958 0.00470932 -0.0063333 -0.000553381 -0.00474987 0.99996 -0.00643142 -0.00445917 0.00630241 0.00646159 0.999952 0.714222
0.999988 0.00414013 -0.00530448 -0.0179653 -0.00416929 0.999985 -0.00545949 -0.0133571 0.00528214 0.00548115 0.999978 0.722274
0.999963 0.00525387 -0.00528221 -0.0216212 -0.00528572 0.999959 -0.00606594 0.00687492 0.00524987 0.00609401 0.999962 0.748196
0.999997 0.00337326 -0.00389722 -0.0377953 -0.00339297 0.999991 -0.00501692 0.0387014 0.00388056 0.00502975 0.999986 0.742786
0.999963 0.00173311 -0.00720875 0.017612 -0.00174522 0.999986 -0.00170965 -0.00110712 0.00720538 0.00172252 0.999966 0.737598
0.999994 0.000434804 -0.00549405 -0.0277369 -0.000432939 1.00001 0.000389944 -0.0010159 0.00549465 -0.000387902 0.999991 0.733513
0.999973 -0.000131619 -0.00601582 -0.0271195 0.000135108 0.999991 0.000532998 0.00823167 0.00601525 -0.000533443 0.999977 0.784431
0.999992 -4.76779e-05 -0.00591302 -0.042633 4.60602e-05 1.00001 -0.000223435 0.0227366 0.00591356 0.000222756 0.999988 0.804029
0.999965 -0.000655812 -0.00762236 -0.0392146 0.000682878 0.999986 0.00352019 -0.0123847 0.00761936 -0.00352476 0.999963 0.785064
0.999958 -0.000749134 -0.00980461 -0.0039737 0.000794457 0.999997 0.00462661 0.0116443 0.0098016 -0.00463477 0.999943 0.817543
0.999957 0.00215938 -0.00844873 -0.0302324 -0.00211109 0.999974 0.00571523 -0.0155864 0.00846036 -0.00569658 0.999947 0.829314
0.999967 0.00251249 -0.00852868 -0.0281864 -0.00247152 0.999992 0.00480834 -0.0240964 0.00854111 -0.00478767 0.999953 0.837006
0.999945 0.0012569 -0.00991255 -0.00648928 -0.00125536 0.999992 0.000161769 0.0167023 0.00991236 -0.000148782 0.99995 0.843193
0.999968 0.000960662 -0.00882005 -0.0341882 -0.000966493 1 -0.000662823 0.0102403 0.00881973 0.000670799 0.999964 0.867887
0.999954 0.000639547 -0.00878947 -0.00855674 -0.000639474 0.999994 1.03322e-05 0.012602 0.00878907 -4.24191e-06 0.999959 0.847144
0.999983 0.00253575 -0.00657319 -0.037249 -0.00250699 0.999994 0.00437157 -0.0642017 0.00658421 -0.0043555 0.999972 0.801668
0.999928 -0.00224886 -0.0112323 0.0247071 0.00228407 0.999988 0.00311941 -0.0199819 0.0112251 -0.00314426 0.999931 0.890371
0.999986 0.00100092 -0.00617302 -0.0506311 -0.000986428 1 0.00237026 0.0123572 0.00617538 -0.00236484 0.999979 0.871651
0.999937 0.00203219 -0.0105996 0.025971 -0.00196313 0.999973 0.00653248 -0.0334073 0.0106124 -0.00651062 0.999922 0.942917
0.999938 -0.0025186 -0.0113213 0.0145951 0.00254866 0.999998 0.00263196 0.0136855 0.0113148 -0.00266124 0.999933 0.971153
0.999903 -0.00486616 -0.0126424 0.047859 0.00487947 0.999983 0.00102165 0.0117882 0.012637 -0.00108265 0.99992 0.888578
0.999945 -0.00316786 -0.0105361 0.0357127 0.0031789 1 0.00104984 0.00487131 0.0105329 -0.00108388 0.999945 0.974029
0.999904 -0.0011889 -0.0135366 0.0727005 0.00121173 0.999994 0.00166725 -0.000600459 0.0135343 -0.00168289 0.999907 1.00703
0.999857 -0.00153625 -0.0173575 0.108561 0.0015603 1 0.0013781 -0.0144914 0.0173556 -0.00140561 0.999855 1.05732
0.999834 -0.00253624 -0.0175231 0.113167 0.00249087 0.999988 -0.00261531 0.0181657 0.0175294 0.00257188 0.999837 1.08232
0.999894 -0.00576095 -0.0141769 0.0767842 0.00578362 0.999989 0.00157188 -0.00108018 0.0141679 -0.00165435 0.999904 1.09483
0.999948 -0.000952247 -0.00920828 0.0379207 0.000918762 0.999987 -0.00366385 0.0445804 0.00921134 0.00365581 0.999947 1.09516
0.999992 -0.00113508 -0.00594934 0.0511752 0.00112477 1 -0.00170354 0.0209685 0.00595145 0.00169625 0.999986 1.03344
0.999984 -0.00241002 -0.00235954 0.0249093 0.00241238 0.999993 0.000940871 0.0148645 0.00235706 -0.000945877 0.999994 1.03611
1.00001 -0.000555574 -0.00100185 0.00610171 0.000557683 1 0.00224216 -0.0377461 0.00100076 -0.00224346 1 1.05027
0.999984 0.00130229 -0.00329835 0.0125585 -0.00130642 0.999994 -0.0012903 0.000232832 0.0032965 0.00129533 0.99999 1.03204
0.999997 -0.00472238 -0.00225526 -0.00124582 0.00471568 0.99999 -0.00290124 0.0426764 0.00226905 0.00288985 0.999998 1.05404
0.999985 -0.00219964 -0.00173707 0.0139309 0.00220407 0.99999 0.00239084 -0.0100002 0.00173165 -0.00239389 0.999991 1.08529
0.999997 -0.0006401 -0.00541253 0.0147909 0.000665151 0.999995 0.00467232 -0.0320958 0.00540957 -0.00467659 0.999982 1.05296
0.999976 -0.00265883 -0.0045206 -0.0259861 0.00268148 0.999978 0.00496431 -0.0279712 0.00450736 -0.00497566 0.999971 1.08875
0.99998 -0.00048527 -0.00787257 0.00256297 0.000503496 1 0.00234435 -0.0122599 0.00787141 -0.00234896 0.999973 1.06741
0.999941 -0.00257494 -0.00943175 -0.0286811 0.00255712 0.999993 -0.00192913 -0.0227527 0.00943664 0.00190566 0.999948 1.05261
0.999929 -0.00281613 -0.012781 0.00343421 0.00277644 0.999994 -0.00310725 -0.0139723 0.0127898 0.00307064 0.999921 1.11397
0.999909 -0.0006822 -0.0123957 0.00480048 0.000702086 0.999995 0.00157743 -0.0311898 0.0123945 -0.00158523 0.999916 0.992909
0.999946 0.000797572 -0.0117418 0.00903214 -0.000734048 0.999989 0.00543565 -0.0132006 0.011746 -0.00542743 0.999924 1.07382
0.999931 0.00287654 -0.0101571 -0.0167866 -0.00284225 0.999989 0.00336574 0.0018877 0.0101665 -0.00333598 0.999937 1.09524
0.999972 0.00139154 -0.00912546 0.0184766 -0.00139107 0.999998 5.33346e-05 -0.0434895 0.00912557 -4.13756e-05 0.999965 1.02561
0.999957 8.81603e-05 -0.00772718 0.00854321 -0.000120221 0.999992 -0.00414523 -0.020668 0.00772673 0.00414674 0.999958 1.07977
1 0.00367042 -0.00257064 -0.051051 -0.00368975 0.999965 -0.00756588 0.00283315 0.00254277 0.00757447 0.999974 1.17203
0.999967 -0.000851732 -0.00647072 0.00451046 0.000842482 0.999998 -0.00141638 -0.020743 0.00647191 0.00141163 0.999973 1.00692
0.999988 -0.000949714 -0.00709332 0.000772039 0.000974186 0.999994 0.00346781 -0.0052392 0.00709009 -0.00347538 0.999976 1.07937
0.999986 0.000473127 -0.000726677 -0.0817721 -0.00047036 0.999991 0.00374705 0.0133807 0.000728393 -0.00374603 0.999984 1.09124
0.999993 -0.000652875 -0.00663911 -0.00861618 0.000682124 0.999992 0.00446522 -0.0371836 0.00663632 -0.00447035 0.999979 1.06495
0.999957 0.00146081 -0.00747528 0.00986987 -0.00147189 0.999996 -0.0015657 0.00249228 0.00747304 0.00157735 0.999961 1.07049
0.999968 -0.00195535 -0.00937343 0.0198698 0.00194234 1 -0.00132557 0.0144881 0.00937589 0.00130662 0.999965 1.04939
0.999971 -0.000552407 -0.00591778 -0.0227183 0.000546222 0.999997 -0.00112695 -0.0356751 0.00591829 0.00112437 0.999975 1.03287
0.999975 -0.00240828 -0.00828953 0.00847812 0.00240083 0.999999 -0.000855315 -0.0108208 0.00829163 0.000834668 0.999972 1.09902
0.99997 0.00183912 -0.00588682 -0.0495199 -0.00184382 0.999995 -0.00087588 -0.00653143 0.0058853 0.000887388 0.999976 1.08039
0.999967 -1.35477e-05 -0.00950113 0.00766562 1.84689e-05 1 0.000582634 -0.0125683 0.00950102 -0.000583468 0.999963 1.133
0.99996 7.3291e-05 -0.00768311 -0.0283584 -8.89122e-05 0.999995 -0.00211103 -0.0031936 0.00768303 0.00211239 0.99996 1.10253
0.99995 -0.000670233 -0.0110176 0.0202968 0.00065992 1 -0.000901793 -0.0154371 0.0110181 0.000893689 0.999948 1.1093
0.999946 -0.000856884 -0.00926617 -0.0111548 0.000847907 0.999996 -0.00102842 -0.0113391 0.00926721 0.00102127 0.999948 1.098
0.999959 0.00350238 -0.00955963 -0.0473609 -0.00351392 0.999996 -0.00112996 -0.0206502 0.00955538 0.00116279 0.999963 1.05295
0.999897 -0.00119783 -0.0135473 0.0869068 0.00117731 0.999996 -0.00155925 -0.00329626 0.0135492 0.00154383 0.9999 1.11851
0.999942 -0.00223718 -0.0118824 0.026367 0.00223663 0.999999 -1.57866e-05 -0.0101958 0.011882 -1.14897e-05 0.999944 1.14423
0.999926 -0.00108202 -0.0108142 0.0162263 0.00108349 0.999998 7.73339e-05 0.00562506 0.0108146 -8.83647e-05 0.999927 1.16067
0.999955 -0.00156614 -0.010873 -0.0019844 0.00158428 1 0.00171613 -0.0250139 0.0108697 -0.00173395 0.999955 1.15531
0.999942 -0.00149272 -0.00908909 -0.0391829 0.00148853 0.999997 -0.000541985 -0.0198734 0.00909055 0.000529178 0.999944 1.16658
0.999964 -0.00532885 -0.00864972 0.00799526 0.00533713 0.999989 0.000979659 -0.0367609 0.00864337 -0.00102651 0.999977 1.09919
0.999954 0.00133079 -0.00782422 -0.0453746 -0.0013333 0.999994 -0.00037066 -0.00783879 0.00782441 0.000381824 0.999955 1.15279
0.999943 -0.00689363 -0.00981239 0.0407443 0.0068987 0.999981 0.000517975 0.0071393 0.00980767 -0.000586354 0.999966 0.962568
0.999969 -0.000211309 -0.00601427 -0.0335231 0.000206916 0.999996 -0.000811474 -0.00695117 0.00601471 0.000810964 0.999969 1.11567
0.999974 -0.00519373 -0.00730855 -0.0053501 0.00517503 0.999988 -0.00252416 0.0354418 0.00732128 0.0024855 0.999985 1.13695
0.999976 -0.000319686 -0.00461076 -0.0606808 0.000308608 0.999993 -0.00250404 -0.0258302 0.0046117 0.00250333 0.999971 1.12532
0.999992 -0.000742174 -0.00665919 -0.0183655 0.000719978 0.999999 -0.00326723 -0.00600004 0.00666141 0.00326161 0.999987 1.16913
0.999971 0.00132705 -0.00538445 -0.0247797 -0.00133024 0.999994 -0.000670848 -0.018509 0.00538364 0.000678707 0.999971 1.13126
0.999985 -0.0024844 -0.00723641 -0.0154177 0.00249253 1 0.00117527 -0.000615643 0.00723314 -0.00119394 0.999988 1.20687
0.99995 -0.00385503 -0.00755147 -0.00460785 0.00384591 0.999988 -0.00128867 0.0331132 0.00755655 0.00126026 0.999957 1.19646
0.999985 -0.00052871 -0.00768936 0.0195542 0.000527203 1 -0.000128159 -0.0279068 0.00768917 0.000123397 0.999985 1.13021
0.999957 0.00143875 -0.00746676 0.00236911 -0.00143847 0.999997 -3.23701e-05 -0.0230933 0.00746696 4.38136e-05 0.999958 1.13914
1 -4.52827e-05 -0.00498591 -0.0396557 4.48325e-05 1 2.56724e-06 -0.00997294 0.0049854 -3.52095e-06 1 1.16979
0.999967 -0.00022948 -0.00624695 -0.00411357 0.00022954 0.999998 -6.48979e-05 -0.0204331 0.00624743 6.42011e-05 0.999968 1.18949
0.999991 -0.00403786 -0.00547427 -0.0105594 0.00403339 0.999994 -0.000763508 -0.0127196 0.00547689 0.000740669 0.999998 1.26611
0.999966 -0.00311952 -0.00572157 -0.0279331 0.00309828 0.999986 -0.00376859 -0.0216528 0.0057337 0.00375152 0.999964 1.14947
0.999969 -0.00487152 -0.00818117 0.0288962 0.00486212 0.99999 -0.00114416 -0.00965616 0.00818626 0.00110361 0.999981 1.21598
0.999936 -0.0061971 -0.0079111 -0.0111827 0.00618671 0.999978 -0.00136712 0.00848826 0.0079196 0.00131884 0.999955 1.20998
0.99994 -0.00535519 -0.0108329 0.0104661 0.00533912 0.999987 -0.00148768 0.00620771 0.0108405 0.001429 0.999954 1.22253
0.999928 -0.00415151 -0.0101003 -0.0368591 0.00419258 0.999983 0.00404823 -0.0521573 0.0100834 -0.00408972 0.999927 1.1553
0.999947 0.000263597 -0.0115574 -0.00793283 -0.00026054 1 0.000288104 0.0254995 0.0115572 -0.000285755 0.999948 1.30972
0.999926 0.000557255 -0.0111203 -0.0227662 -0.000556357 0.999999 6.1759e-05 -0.0154945 0.0111206 -5.48722e-05 0.999926 1.21238
0.999919 0.000402531 -0.0136875 0.00482554 -0.000425986 1 -0.00167263 -0.00704586 0.0136864 0.00167752 0.999918 1.31413
0.999892 -0.000876313 -0.0137866 0.0128235 0.000849987 0.999997 -0.00195223 -0.00818734 0.0137886 0.00194108 0.99989 1.26214
0.999943 -0.000966825 -0.011739 -0.0238485 0.000944008 0.999998 -0.0019065 -0.00243114 0.0117406 0.00189454 0.999942 1.2765
0.999906 -0.00359934 -0.0123577 -0.00617082 0.00361656 0.999992 0.00133284 -0.00924776 0.0123531 -0.0013768 0.999912 1.25571
0.999959 -0.00136614 -0.010253 -0.0543472 0.00135578 1 -0.000952256 0.0170253 0.0102539 0.000937628 0.999959 1.25537
0.999922 0.000534124 -0.0114158 -0.0400793 -0.00054883 0.999998 -0.00133287 -0.00423713 0.0114155 0.00133961 0.999922 1.25151
0.99993 0.00418335 -0.0122211 0.040228 -0.00423275 0.999985 -0.00395826 0.0216329 0.0122038 0.00400899 0.999931 1.19605
0.999939 0.00215717 -0.00957452 -0.0555216 -0.00219219 0.999988 -0.00373868 0.017977 0.00956685 0.00376002 0.999934 1.21505
0.999969 0.000709862 -0.00934453 -0.0545807 -0.000719421 1 -0.000922974 -0.0203857 0.00934332 0.000929122 0.99997 1.24352
0.999908 0.00112876 -0.0126277 0.00495213 -0.00113312 0.999999 -0.000414732 -0.00782229 0.0126277 0.000429553 0.999908 1.29281
0.999946 -0.000689833 -0.0114164 -0.00362887 0.000711801 0.999997 0.00200744 -0.00134804 0.0114145 -0.00201599 0.999945 1.30614
0.999916 -0.0050552 -0.0109165 0.0115576 0.0050785 0.999986 0.00204109 -0.00884847 0.0109063 -0.0020959 0.999927 1.25117
0.999955 -0.00024568 -0.0106067 0.0289047 0.000237489 0.999998 -0.000705135 -0.00255471 0.0106065 0.000702041 0.999954 1.29178
0.999925 -0.00276761 -0.010972 0.0160036 0.00274161 0.999995 -0.00244864 -0.0134409 0.0109789 0.00241889 0.999927 1.26211
0.999961 -0.00342275 -0.00946528 0.0141323 0.00341365 0.999992 -0.000903663 -0.0451462 0.00946806 0.000870806 0.999966 1.23408
0.999957 0.00209295 -0.00766733 0.00806385 -0.00214461 0.999977 -0.00683035 0.0623979 0.00765304 0.00684711 0.999937 1.25559
0.999988 -0.00303987 -0.00635621 -0.00430988 0.00302682 0.999994 -0.00194523 -0.0311173 0.00636191 0.00192539 0.99999 1.29739
0.999975 -0.00326338 -0.0038705 -0.0403214 0.00326112 0.999995 -0.000748587 0.00045378 0.00387291 0.000736428 0.999981 1.28705
0.999998 -0.00297442 -0.00406729 -0.011158 0.00298935 0.999989 0.00378466 -0.0078244 0.00405588 -0.00379715 0.999999 1.29603
0.999971 -0.00425509 -0.00426118 0.00828844 0.00427353 0.999982 0.00422825 -0.0261054 0.00424312 -0.00424604 0.999969 1.25582
1.00001 -0.00199646 -0.000670801 -0.0545463 0.00199656 0.999998 0.00119381 -0.0117029 0.000668136 -0.00119556 1.00001 1.25784
0.99996 -0.00602332 -0.00486427 0.0182651 0.00603479 0.999979 0.00219829 -0.0275428 0.00485101 -0.00222718 0.999974 1.28007
1.00001 -2.18731e-05 -0.000856987 -0.0131128 2.14694e-05 1 0.000553009 -0.00703186 0.000856814 -0.000553489 1.00001 1.2135
0.999984 -0.00282423 -0.00258571 -0.0129712 0.00283084 0.999993 0.00223303 -0.0198063 0.0025795 -0.0022399 0.999984 1.27834
0.999998 -0.00439354 -0.00205219 -0.0095003 0.00439213 0.999991 -0.000311392 -0.00576718 0.0020532 0.000301809 1.00001 1.20112
0.999982 -0.00335185 -0.0026597 -0.0273651 0.00335343 0.999994 0.000252473 -0.0171403 0.00265913 -0.000260742 0.999986 1.25308
0.999808 -0.0198649 -0.00303047 -0.0243042 0.0198753 0.999796 0.00373297 -0.00867902 0.0029554 -0.0037931 1 1.06215
0.999984 0.000304916 0.00363559 -0.134875 -0.000306888 1 0.000887191 -0.0175001 -0.00363521 -0.000887562 0.999982 1.19283
0.999999 -0.00451822 -0.000351544 -0.0327262 0.00451684 0.999988 -0.00100887 -0.0124162 0.000355803 0.00100647 1.00001 1.24798
0.999988 -0.000445637 -0.00222402 0.019082 0.000444529 1 -0.000892868 -0.0178848 0.00222461 0.000892565 0.999988 1.21467
1.00001 -0.00131437 -0.000695567 -0.00866652 0.00131288 1 -0.00070962 -0.0397398 0.000695652 0.000708029 1.00001 1.19271
0.99997 -0.00303927 -0.0051128 0.0862197 0.0030365 0.999995 -0.000733582 -0.016321 0.00511568 0.000718726 0.999974 1.17708
1.00001 0.000682851 0.00371277 -0.0391737 -0.000681676 1 -0.000493847 -0.02332 -0.00371399 0.000490842 1.00001 1.1028
0.999978 0.00206131 0.00369433 0.00787531 -0.00205943 0.999999 -0.000326435 -0.0361436 -0.00369423 0.000319239 0.999983 1.16096
1 -0.00299524 0.00369271 0.0235673 0.00301299 0.999985 -0.00494278 0.0464198 -0.00367882 0.00495339 0.999992 1.13311
0.999972 0.000380297 0.00547823 0.019488 -0.000373895 0.999996 -0.00105677 -0.0096962 -0.00547759 0.00105513 0.999974 1.1204
0.999984 0.00188749 0.00746392 -0.0069441 -0.00188745 1 -8.52115e-05 -0.00205218 -0.00746514 7.06928e-05 0.999982 1.1715
0.999955 0.00306483 0.00736953 0.0222921 -0.00308342 0.999991 0.00259136 -0.0647898 -0.00736052 -0.00261353 0.99996 1.11748
0.999966 0.00145244 0.00948928 0.0102389 -0.00145659 0.999998 0.000364522 -0.0171941 -0.0094899 -0.000378887 0.999962 1.09548
0.999951 0.00145698 0.00869449 0.0382897 -0.00146208 1 0.000658311 -0.0288906 -0.00869246 -0.000670441 0.999957 1.08216
0.999965 -0.000107539 0.00965167 0.0209011 0.000119156 1 -0.00126416 -0.0225815 -0.00965287 0.0012647 0.99996 1.11409
0.999923 0.0021722 0.0113177 0.00958269 -0.0021103 0.999983 -0.00542621 0.0311309 -0.011328 0.00540252 0.999916 1.11506
0.999918 0.000917921 0.0136555 -0.015789 -0.000887722 0.999997 -0.00224784 -0.0162658 -0.0136589 0.00223492 0.999911 1.07114
0.999896 0.00262011 0.0133645 0.0156036 -0.00261735 0.999996 -0.000194482 -0.00961076 -0.0133637 0.000160081 0.999904 1.06742
0.999904 0.0030658 0.0143049 0.0166729 -0.00308463 0.999995 0.00126818 -0.00700996 -0.0143022 -0.00131275 0.999904 1.06681
0.999865 0.00348942 0.0153289 -0.0127163 -0.00350145 0.999994 0.000780761 -0.00276539 -0.0153249 -0.000833828 0.999876 1.15299
0.999926 0.000805615 0.012988 0.027335 -0.000797262 0.999999 -0.000667723 -6.20755e-05 -0.0129896 0.00065679 0.999922 1.03917
0.999889 0.00133486 0.0141734 -0.00916299 -0.00134291 1 0.000583549 -0.0381719 -0.0141715 -0.000601985 0.999894 1.10418
0.999932 -0.000526208 0.0126993 0.010159 0.000566043 0.999995 -0.00314585 0.00269935 -0.0126988 0.00315216 0.999923 1.09288
0.999922 -0.0011063 0.0113823 0.0450174 0.00112588 0.999998 -0.00170707 -0.00443273 -0.0113793 0.00172037 0.999925 1.06213
0.999955 9.02846e-05 0.0111553 0.0377601 -0.000102621 1 0.00109476 -0.0295857 -0.0111564 -0.00109639 0.999951 1.04687
0.999918 0.00131101 0.0113102 0.0352028 -0.00133412 0.999997 0.00204601 -0.0260154 -0.0113061 -0.0020604 0.99992 1.04325
0.999965 0.000312872 0.0103271 0.05198 -0.000347066 0.999995 0.00330306 -0.0192066 -0.0103274 -0.00330709 0.999957 0.997938
0.999869 0.00784144 0.0127692 -0.0174164 -0.00786451 0.999967 0.00177265 -0.0442718 -0.0127536 -0.00187232 0.999901 1.04379
0.999924 9.83601e-05 0.0138691 -0.013155 -0.000115038 0.999997 0.00120424 -0.0499819 -0.0138703 -0.0012065 0.999919 1.00061
0.999912 0.00258641 0.0113809 0.0128742 -0.00258506 1 -0.000134804 -0.0373714 -0.0113799 0.000106257 0.999919 1.00381
0.999913 0.00189168 0.0148508 -0.0279553 -0.00187005 0.999996 -0.00143187 0.00224468 -0.0148556 0.00140314 0.99991 1.00159
0.999851 -0.00791715 0.0137063 -0.0596174 0.00788267 0.999969 0.00251374 -0.0445187 -0.0137237 -0.00240474 0.999882 0.893631
0.999997 -0.000553976 0.00755638 0.0678078 0.000548597 0.999997 0.000773709 0.00158645 -0.0075592 -0.000770492 0.999995 0.994817
0.999937 -0.00117933 0.00859986 0.0398518 0.00116617 1 0.00148352 -0.0233395 -0.00859961 -0.00147241 0.99994 0.980256
0.999943 0.00336734 0.012423 -0.022998 -0.00333929 0.999989 -0.00225538 0.00259074 -0.0124329 0.00221259 0.999942 0.974702
0.999939 -3.54656e-05 0.00862869 0.0303154 2.62372e-05 1 0.00103955 -0.0275149 -0.00862654 -0.00103833 0.999942 0.97503
0.999967 0.00161807 0.010703 -0.0010546 -0.00164784 0.999992 0.00281399 -0.0205734 -0.010701 -0.00283236 0.999961 0.941754
0.999911 0.00146245 0.0111933 -0.00582578 -0.00150355 0.999994 0.00363502 -0.0259445 -0.0111856 -0.00365078 0.999908 0.91618
0.999995 -0.000255745 0.00801105 0.0406353 0.000239661 0.999996 0.00207549 -0.0268277 -0.00801389 -0.00207446 0.99999 0.924749
0.999908 0.00115219 0.0113951 -0.00851908 -0.00116084 1 0.000710658 -0.0200968 -0.0113921 -0.000722731 0.999911 0.92265
0.999943 0.00349418 0.0125964 -0.0148816 -0.00349673 0.999993 0.000241258 -0.00611719 -0.0125988 -0.000286358 0.999952 0.890751
0.999887 -0.000847001 0.0129687 -0.0126818 0.000799236 0.999995 0.00361545 -0.0179222 -0.0129686 -0.00360381 0.999879 0.914349
0.999907 0.000576527 0.0155852 -0.0100699 -0.000613677 0.999995 0.00243726 -0.00326869 -0.0155871 -0.00244758 0.999907 0.847673
0.999825 0.0029676 0.0168687 -0.0135246 -0.00293347 0.999995 -0.00210207 0.0454439 -0.0168716 0.0020535 0.999825 0.858462
0.999856 0.00294108 0.0183382 -0.0483615 -0.00290234 0.999994 -0.00208928 0.0110121 -0.0183475 0.00203444 0.99986 0.845134
0.999788 0.00167416 0.0191464 0.006297 -0.00166608 0.999999 -0.000481119 -0.0484969 -0.0191445 0.000450171 0.999787 0.691688
0.999879 0.00121011 0.0173129 0.0118492 -0.00120839 0.999999 -3.68228e-05 -0.00361779 -0.0173159 1.49122e-05 0.999881 0.835537
0.999865 0.00105785 0.0145084 0.0697658 -0.00110929 0.999994 0.00345094 -0.0329364 -0.0145017 -0.00346575 0.999859 0.886068
0.999802 0.00184718 0.0213083 -0.091257 -0.0019058 0.999996 0.00278037 -0.0236917 -0.0213064 -0.00282144 0.999802 0.735706
0.99986 -0.000723932 0.0148815 0.0317211 0.000694637 0.999997 0.00189493 -0.0211185 -0.0148798 -0.00188375 0.999856 1.01293
0.999924 -0.00108064 0.0145322 0.0522745 0.00104209 0.999997 0.00274893 -0.0117343 -0.0145382 -0.00273418 0.999924 0.933469
0.999893 -0.00112288 0.0124008 0.0612728 0.00109738 0.999996 0.0019534 -0.0100707 -0.0123999 -0.00193896 0.999889 0.923938
0.999941 -0.00238355 0.0134582 0.0181785 0.00235556 0.999998 0.002202 -0.0219904 -0.0134664 -0.00217088 0.999943 0.77402
0.999898 0.000561192 0.011939 0.0251806 -0.00056492 0.999996 0.000217025 -0.0136841 -0.0119357 -0.000223024 0.999896 0.920324
0.999968 0.000374911 0.0113333 0.0404493 -0.0003657 1 -0.0007098 -5.32633e-05 -0.0113367 0.000704738 0.999969 0.843817
0.9999 0.00135475 0.0117434 0.0332126 -0.00135743 0.999997 0.000125503 0.00957098 -0.0117402 -0.000140572 0.999899 0.839377
0.999951 0.00364684 0.0120366 0.0270112 -0.00363893 0.999995 -0.000591956 0.00817181 -0.0120418 0.000547214 0.99996 0.832938
0.999898 -0.00164079 0.0119797 0.0111276 0.00163725 0.999997 0.000203116 -0.0131781 -0.011977 -0.000182645 0.999897 0.860141
0.999985 -0.000825083 0.00940277 0.0320041 0.000840535 1 -0.00151139 -0.00430625 -0.00940445 0.00151832 0.999987 0.877962
0.999934 -7.45102e-05 0.00854234 0.0177113 8.24656e-05 0.999998 -0.00107772 -0.00234788 -0.00853925 0.00107932 0.999932 0.890587
1 -0.000554526 0.00725892 0.0116158 0.000552176 1 0.00050125 0.00190996 -0.00726221 -0.000498042 1 0.876116
0.999945 -0.00218003 0.00716822 0.00403441 0.00215139 0.999989 0.00381865 -0.000985425 -0.00717346 -0.00380241 0.999937 0.877405
1.00001 0.000193408 0.0062768 0.00202082 -0.000233614 0.99998 0.00659657 -0.0449364 -0.00627842 -0.00659853 0.999989 0.900035
0.999951 0.0013129 0.00668459 0.0247917 -0.00133344 0.999994 0.00289363 -0.0116519 -0.00667797 -0.00290177 0.999944 0.90373
1 0.0016754 0.00665994 0.0219731 -0.00169087 0.999996 0.00250563 -0.0114031 -0.00665841 -0.00251762 1 0.914065
0.999942 -0.00107839 0.00788869 -0.00276245 0.00104312 0.999991 0.00431642 -0.0505407 -0.00789054 -0.0043073 0.999931 0.939268
0.999989 -0.0026674 0.00832248 -0.0115124 0.00262645 0.999981 0.00507784 -0.0378469 -0.00833852 -0.00505649 0.99998 0.959608
0.999932 -0.00230008 0.00877854 -0.0104073 0.0022737 0.999995 0.00287948 -0.0189599 -0.0087827 -0.00285872 0.99993 0.96346
0.999985 -0.00142178 0.00907249 -0.0145933 0.00141039 0.999996 0.00138254 -0.0139014 -0.00907701 -0.00137052 0.999984 1.00517
0.999927 -0.00139346 0.0095351 -0.0150829 0.00139211 1 3.46584e-05 -0.015617 -0.00953269 -2.04964e-05 0.999928 1.00646
0.999966 -0.00191243 0.0108713 0.0075423 0.00192338 0.999996 -0.00089614 -0.0124227 -0.0108721 0.000916028 0.999967 0.970479
0.999896 -0.00196024 0.0122266 -0.0156216 0.00196885 1 -0.000787742 -0.00702093 -0.0122226 0.000812724 0.999899 0.981383
0.999934 -0.000123198 0.0137075 -0.0353821 0.000150271 0.999996 -0.00189298 -0.0210914 -0.0137101 0.00189375 0.999931 1.05211
0.999823 0.00251524 0.0170701 -0.0246258 -0.00250814 1 -0.000491715 -0.0137966 -0.0170686 0.000449934 0.999827 1.01319
0.99984 0.00374329 0.0188641 -0.00628239 -0.00376962 0.99999 0.00140751 -0.0139133 -0.0188615 -0.00147945 0.999846 1.0375
0.999748 0.00236033 0.0211842 0.00268696 -0.00243265 0.999994 0.00334858 -0.0123495 -0.0211732 -0.00339834 0.999745 1.03514
0.999878 0.00281459 0.016961 0.0685675 -0.00283301 0.999994 0.00112029 -0.00241592 -0.0169609 -0.00116927 0.999888 1.07934
0.999775 0.0026486 0.0197606 0.0700651 -0.00266296 0.999998 0.000652019 -0.0107616 -0.0197559 -0.000703488 0.999774 1.04922
0.999802 -0.00080664 0.0212064 0.0427529 0.000762892 0.999997 0.00213746 -0.00487081 -0.0212115 -0.00212179 0.999808 1.07211
0.99972 0.000284266 0.0224506 0.0405487 -0.000321589 1 0.00164692 0.000176987 -0.0224482 -0.00165237 0.999715 1.07765
0.999749 -0.00010633 0.0237348 -0.0574108 7.08362e-05 1 0.00153366 0.0388002 -0.0237373 -0.0015327 0.999755 1.07438
0.999616 0.00298363 0.0266147 -0.0580063 -0.00306616 0.999991 0.00304443 0.0144617 -0.0266036 -0.00312356 0.999607 1.16165
0.999791 0.00021562 0.0217165 0.0349585 -0.000288398 0.999996 0.00338639 -0.00872056 -0.0217182 -0.00339298 0.999796 1.15853
0.999783 -1.5592e-05 0.0194231 0.0794531 2.88172e-05 0.999998 -0.000724182 0.002817 -0.0194205 0.000725976 0.999773 1.12025
0.999818 -0.000609935 0.0206399 0.0532869 0.00065825 1 -0.00221984 -0.015064 -0.0206432 0.00223209 0.999827 1.14363
0.999784 -0.00133077 0.0192777 0.0273831 0.00132233 0.999994 0.000325813 -0.014104 -0.0192735 -0.000299515 0.999772 1.17284
0.999921 -0.00528571 0.0138185 0.0698375 0.00525306 0.999989 0.00258698 0.00201358 -0.0138368 -0.00251465 0.999943 1.15447
0.999734 -0.00517684 0.0209229 0.0406964 0.00517334 0.99998 9.91036e-05 0.00753967 -0.0209185 9.78092e-06 0.999735 1.14442
0.999881 0.00135875 0.0174026 0.063164 -0.00136303 1 0.000372439 -0.00670696 -0.0174071 -0.000396784 0.999894 1.20568
0.999751 0.00235703 0.0207035 0.0507845 -0.00238938 0.99999 0.00144034 -0.0363769 -0.0206954 -0.00148856 0.99974 1.14959
0.999739 -8.6854e-05 0.0242925 -0.0573328 0.000104356 1.00001 -0.000614502 0.0150704 -0.0242978 0.000616163 0.999751 1.27773
0.999763 0.000519801 0.0201291 0.0153439 -0.000508648 0.999995 -0.000667327 -0.0030911 -0.0201249 0.000657803 0.999754 1.27618
0.999826 -0.000389599 0.0198238 0.0321861 0.000430344 1 -0.00184827 0.00209445 -0.0198302 0.00185626 0.999834 1.18861
0.999857 -0.00202245 0.0151272 0.0838957 0.00205087 0.999998 -0.00204409 -0.0119393 -0.0151167 0.00207531 0.999853 1.28053
0.999679 0.004871 0.0258465 -0.0806034 -0.00478677 0.999983 -0.00315455 -0.00758142 -0.025869 0.00302966 0.999694 1.29805
0.999788 -0.00121324 0.0195143 0.0162891 0.00123525 1 -0.0012451 -0.011739 -0.0195074 0.00126954 0.999778 1.29394
0.999877 -0.000902715 0.0170685 0.0158845 0.000929937 0.999997 -0.00137343 -0.0159604 -0.0170742 0.00138895 0.999884 1.35413
0.999771 4.12357e-05 0.0202525 0.00969204 6.47073e-05 0.999987 -0.00535597 -0.0153913 -0.0202466 0.00535679 0.999751 1.28848
0.999717 0.00333856 0.02456 -0.123147 -0.00316051 0.999972 -0.00711103 0.00435404 -0.0245906 0.00703102 0.999708 1.37239
0.99968 0.0130297 0.0204583 0.0241654 -0.0129945 0.999907 -0.00200169 -0.113873 -0.0204765 0.00173557 0.999782 0.973596
0.993276 -0.00844611 -0.115837 0.855603 0.0125753 0.999347 0.0348158 -0.215549 0.115439 -0.0360306 0.992693 0.973069
0.997949 -0.0631039 -0.00618332 0.240528 0.0630861 0.997976 5.97899e-05 -0.203814 0.00619212 -0.000453852 0.999947 1.30775
0.999866 -0.00205564 0.0185593 0.00664618 0.00208415 1.00003 -0.000503934 -0.00299382 -0.0185831 0.00054627 0.999862 1.39656
0.9998 -0.00101652 0.0178901 -0.0138478 0.000994932 0.999968 0.000158338 -0.00212559 -0.0178654 -0.000144262 0.999806 1.50664
0.999407 0.00120451 0.0354385 -0.208968 -0.000850045 0.999988 -0.00948289 0.0256448 -0.0354733 0.00945038 0.999361 1.28005
0.999819 0.000695205 0.0170398 0.0100616 -0.000665513 0.999965 -0.00280153 -0.0302131 -0.017018 0.00278635 0.999821 1.40956
0.999996 -0.0019261 0.00861276 0.108626 0.00194276 1.00003 0.000181764 0.003575 -0.00863704 -0.00016133 0.999993 1.39901
0.999931 -0.00790619 0.00132925 0.144925 0.00788848 0.999909 6.50127e-05 0.0384096 -0.00130622 -5.80663e-05 0.99997 1.50153
0.999892 0.00196408 0.0168583 -0.00250625 -0.00191156 1.00004 -0.00206568 -0.0158995 -0.0168855 0.00203649 0.999888 1.25952
0.99987 -0.00432057 0.0131034 0.0186133 0.00434298 0.999942 -0.00298823 -0.0232746 -0.013067 0.00304144 0.999879 1.0458
0.999228 0.00284765 0.0401538 -0.377915 -0.00254871 1.00001 -0.00686419 0.071235 -0.0401985 0.00675983 0.999215 1.47358
0.99955 -0.00381647 0.0285622 -0.120315 0.00400236 0.999943 -0.00730022 0.0200509 -0.028507 0.00740773 0.999526 1.39189
0.999723 0.00343317 0.0247832 -0.122993 -0.0032322 0.999997 -0.00709231 0.0166987 -0.0248336 0.00701395 0.999715 1.27059
0.999748 0.00453272 0.0205401 -0.0737696 -0.00448727 0.999967 -0.00324601 -0.00108091 -0.0205317 0.00314999 0.999752 1.00946
0.999932 0.00570681 0.0130416 0.108738 -0.00568538 0.999992 -6.92804e-05 -0.00855613 -0.0130646 -1.52016e-06 0.999948 1.42672
0.998875 -0.00504642 0.0464719 -0.099312 0.00524079 0.999979 -0.00446908 -0.0129715 -0.0464248 0.00470521 0.998889 1.59317
0.999735 0.00614682 0.0236906 0.0325464 -0.00607733 0.999977 -0.00219757 -0.018791 -0.0237268 0.0020561 0.99974 1.47132
0.999609 -0.00674683 0.0258279 0.0142715 0.00689114 0.999962 -0.00623572 0.0686236 -0.0257619 0.00640858 0.999626 1.47702
0.999586 0.00434156 0.029954 -0.0444303 -0.00429116 0.99999 -0.00108319 -0.0164058 -0.0299824 0.000957327 0.999587 1.64854
0.999566 0.00175841 0.0280402 -0.0159499 -0.0017254 0.999997 -0.00190673 -0.00843354 -0.0280197 0.00185445 0.999573 1.61917
0.999497 0.000651916 0.033043 -0.0604525 -0.000461679 0.999989 -0.00514235 -0.00487772 -0.0330703 0.00512731 0.99948 1.61331
0.999494 -0.000640575 0.0306153 -0.0541698 0.000777301 0.999988 -0.00511674 -0.00257243 -0.0305879 0.00513523 0.999489 1.50161
0.9996 0.00198912 0.029465 -0.0631456 -0.0018687 0.999993 -0.00342072 -0.000285218 -0.0294959 0.00336725 0.999589 1.54748
0.999674 -0.00208565 0.0241305 -0.0131331 0.00214331 0.999992 -0.0031891 0.00380947 -0.0241002 0.00323698 0.999678 1.54742
0.999887 -0.00813369 0.0142832 0.0887941 0.00818134 0.999969 -0.00184741 0.0329484 -0.0142921 0.00196734 0.999925 1.51901
0.9997 6.84428e-05 0.0237257 0.00234242 -4.03348e-05 0.999998 -0.0019467 -0.00814522 -0.0237042 0.00194274 0.999695 1.60143
0.999785 -0.00190284 0.0215333 -0.0173144 0.00197972 0.999998 -0.00266818 0.00148276 -0.0215511 0.00271289 0.999791 1.53895
0.999802 -0.00295152 0.0188127 -0.0275045 0.00298982 0.99999 -0.00301114 0.0035418 -0.0187808 0.00306411 0.999794 1.41377
0.999844 -0.00121378 0.0188808 -0.0157868 0.00131537 0.999994 -0.00431758 0.000279437 -0.0188989 0.00434455 0.999846 1.59155
0.999769 -0.000765374 0.0206776 0.0173353 0.000837165 0.999986 -0.00435796 0.00512946 -0.0206509 0.00437161 0.99975 1.5223
0.999862 0.000347781 0.0176418 0.000753861 -0.000289319 1 -0.00227312 0.0151923 -0.0176658 0.00227053 0.999869 1.56424
0.999802 -0.00437065 0.018496 0.0415535 0.00444163 0.999981 -0.00481879 0.0724187 -0.0184513 0.00489724 0.999793 1.50222
0.999758 0.00446713 0.0223873 -0.0471619 -0.00445947 0.99999 0.000415993 0.00390359 -0.0224084 -0.000512863 0.999777 1.59651
0.999743 0.00282492 0.0216873 -0.0133291 -0.00288992 0.999996 0.00212658 -0.0234925 -0.021658 -0.00219158 0.999738 1.51
0.999775 0.00419846 0.0216431 -0.0147041 -0.00419597 0.999989 0.000682389 -0.0254527 -0.0216631 -0.000770228 0.99979 1.50791
0.999777 0.00165729 0.0202418 0.000286813 -0.00162625 0.999997 -0.00246166 -0.0119971 -0.0202227 0.00242552 0.999767 1.54349
0.999817 0.00380027 0.0196736 0.0162649 -0.00375186 0.999993 -0.00157307 -0.028177 -0.0197026 0.00150147 0.999833 1.48418
0.99976 0.000400406 0.0211044 0.0136064 -0.000404649 0.999998 -0.00067605 -0.000913016 -0.0210818 0.00066474 0.99975 1.48165
0.999832 0.00209064 0.0191342 0.065548 -0.00212548 0.999996 0.00274983 -0.0203392 -0.0191514 -0.00278735 0.999841 1.49762
0.999781 0.00109601 0.0201247 0.0584757 -0.00118236 0.999993 0.00338629 -0.0275441 -0.020098 -0.00341206 0.999765 1.46891
0.99977 0.00143488 0.0222066 0.02787 -0.00149816 0.999994 0.00364367 -0.0311507 -0.0222242 -0.00367335 0.999774 1.44063
0.999777 0.000477084 0.0203148 0.0530805 -0.000515155 0.999998 0.000961235 -0.0205468 -0.0202917 -0.000974308 0.999766 1.4507
0.999747 0.00129333 0.0231506 0.0038551 -0.0013244 1 0.00211123 -0.0442866 -0.0231704 -0.0021385 0.999758 1.42417
0.999791 -0.00184271 0.0195544 0.0403466 0.0018383 0.999996 -0.000694393 -0.0125846 -0.0195303 0.000727319 0.999781 1.38028
0.999359 -0.00648589 -0.0357849 0.428488 0.00724299 0.99977 0.0205815 -0.17189 0.0356177 -0.0208231 0.999178 1.14192
0.999761 -0.00205764 0.020944 0.0200475 0.00204064 0.999994 -1.23634e-05 -0.023965 -0.02092 5.26262e-05 0.999752 1.38421
0.999852 -0.00226151 0.0181549 0.0864993 0.00223508 0.999998 0.00248742 -0.0511943 -0.0181843 -0.00244414 0.999863 1.3579
0.999791 0.00110095 0.0194802 0.00492068 -0.00113221 0.999996 0.000672145 -0.0212101 -0.0194554 -0.000696285 0.99978 1.35987
0.999379 -0.00690047 0.0351279 -0.154596 0.00720912 0.999943 -0.00810619 0.0494073 -0.0350939 0.008356 0.999382 0.846014
0.999741 0.00398439 0.0215421 -0.0510125 -0.00382664 0.999959 -0.00818878 -0.033703 -0.0215506 0.00810286 0.999707 1.33338
0.999795 0.00360768 0.0209119 -0.0159179 -0.0034343 0.999966 -0.00745803 -0.0148743 -0.0209616 0.00738613 0.999783 1.28008
0.999738 0.00435694 0.0216503 -0.0264305 -0.00426656 0.999982 -0.00503498 0.00587138 -0.0216484 0.00493976 0.999729 1.32163
0.999779 0.00357104 0.0215919 -0.0448146 -0.00351657 0.999988 -0.00174808 0.00980448 -0.0216216 0.00167334 0.999789 1.25643
0.999798 0.00267486 0.0189919 -0.00862182 -0.00263347 0.999997 -0.00313504 0.0483402 -0.0189765 0.00308275 0.999792 1.16388
0.999773 0.00308484 0.0219693 -0.0552359 -0.00304409 0.999991 -0.00107628 0.00308767 -0.0219962 0.00101089 0.999783 1.26386
0.999794 0.00163486 0.0192958 -0.00991733 -0.00167846 1 0.00132959 -0.0109111 -0.0192698 -0.00136363 0.999789 1.27093
0.999866 0.00139314 0.0174409 0.0282966 -0.00138642 0.999994 0.000609733 -0.0200046 -0.0174639 -0.000631866 0.999873 1.18154
0.999817 -0.000942389 0.0180667 0.00166134 0.000972233 1 -0.00262215 0.0154127 -0.0180404 0.0026375 0.999808 1.17867
0.999818 0.00639247 0.0190663 -0.00902916 -0.0063037 0.999967 -0.00379242 -0.00795228 -0.0191136 0.00367315 0.999837 1.25113
0.999807 0.00160581 0.0185491 0.0186969 -0.00156843 1 -0.0029859 -0.0061757 -0.0185301 0.00295457 0.999798 1.28356
0.999883 -9.10063e-05 0.0165545 -0.0190579 0.000100385 0.999994 0.000505393 0.0227576 -0.0165783 -0.000501795 0.999888 1.1569
0.99988 -0.00186955 0.0142379 0.0364468 0.00178399 0.999993 0.00477505 -0.0242237 -0.0142226 -0.00475127 0.999864 1.20696
0.999941 -0.00155232 0.0124309 0.0238151 0.00155483 0.999994 0.00126305 0.0215783 -0.0124566 -0.00124177 0.999947 1.16819
0.999898 -0.000523603 0.013157 -0.00527928 0.000483592 1 0.00170036 0.00619906 -0.0131338 -0.0016958 0.99989 1.14952
0.999975 0.00478455 0.00791047 0.0839766 -0.0049182 0.999799 0.0192153 -0.408381 -0.00784107 -0.0192512 0.999808 1.11068
0.999952 0.00147263 0.0077726 -0.0200457 -0.00148137 1.00001 -0.00112608 -0.0387304 -0.00774855 0.0011124 0.99995 1.04091
0.999994 0.00192542 0.00663556 -0.000771406 -0.00190629 0.999989 -0.000264122 -0.0468237 -0.00666153 0.000253606 0.999998 1.16828
0.999955 0.00269046 0.00685907 -0.0177569 -0.0026824 0.999999 -0.00373251 -0.0384156 -0.00684352 0.00371186 0.99995 1.10736
1 0.000533493 0.0052666 -0.00217915 -0.000471216 0.999955 -0.00846127 -0.0212659 -0.00529618 0.00846068 0.99997 1.12528
0.999971 0.00256766 0.00396038 0.00942166 -0.0025771 1 -0.00204637 -0.0170117 -0.00394011 0.00203385 0.999972 1.12669
1.00001 -0.000867444 0.00421408 -0.0319388 0.000849725 0.999959 0.00829386 -0.00633906 -0.00424678 -0.00828769 0.999976 1.06935
0.999968 -0.000314567 0.00533439 -0.0590939 0.00024514 0.999959 0.00975633 -0.0182305 -0.00531151 -0.00975741 0.999918 1.08985
1.00001 -0.000386675 0.00356588 -0.0586869 0.000389958 0.999985 0.0039911 -0.0210705 -0.00359296 -0.00398735 1.00001 1.06273
0.999972 0.00276234 0.00340072 -0.0607058 -0.00277557 1 -0.00129265 -0.0273971 -0.00337879 0.00128102 0.999972 1.05155
1.00002 0.000510986 0.00190118 -0.0642422 -0.00048802 0.99999 -0.0027489 -0.0219572 -0.00192797 0.00275003 1.00002 1.00194
0.999977 0.00246207 -0.0015474 -0.0184256 -0.00248341 1 -0.00226532 -0.0251393 0.00156727 0.00226689 0.999976 1.05202
1.00001 0.00391342 -0.00101887 -0.0390344 -0.0038968 0.999984 -0.0012233 -0.0196513 0.0009887 0.00122948 1.00002 1.02348
0.999976 0.000777096 -0.00298352 -0.0134204 -0.000802374 1 -0.00246578 -0.00896514 0.00300708 0.00246586 0.999973 1.04615
