0.999875 -0.000972166 -0.01583 0.165703 0.000994031 1 0.00138778 -0.0134742 0.0158289 -0.00140329 0.999875 0.975266
0.999848 -0.00226555 -0.0175045 0.155431 0.00230011 0.999997 0.00196396 -0.039427 0.0175014 -0.00200417 0.999849 2.3671
0.999871 -0.00309807 -0.0159102 0.102299 0.00307631 0.999998 -0.00138289 -0.0252441 0.0159148 0.00133394 0.999876 3.68502
0.999861 -0.00301854 -0.0165105 0.0795179 0.0030043 0.999996 -0.000881706 -0.0497273 0.0165146 0.000831767 0.999867 5.03849
0.999828 -0.000168341 -0.0186695 0.0966342 0.000144505 1 -0.00126959 -0.0696354 0.0186701 0.00126693 0.999828 6.33993
0.999756 -0.00230002 -0.0220536 0.157548 0.00229691 0.999998 -0.00016581 -0.0916691 0.0220555 0.00011488 0.99976 7.68554
0.999733 -0.00152747 -0.0231688 0.139867 0.00151782 1 -0.000426553 -0.0996853 0.0231698 0.000391568 0.999735 9.05586
0.999698 -0.000551896 -0.0246788 0.125804 0.000482784 0.999996 -0.00280557 -0.113144 0.0246817 0.00279256 0.999696 10.4295
0.99965 0.00172802 -0.0265306 0.114951 -0.00186464 0.99999 -0.00511942 -0.137851 0.0265218 0.0051674 0.999639 11.8207
0.999669 0.0053257 -0.0252969 0.0411477 -0.0054869 0.999966 -0.00630822 -0.161979 0.0252638 0.00644472 0.999666 13.1602
0.999668 0.00778069 -0.0247391 -0.011719 -0.00793192 0.999955 -0.00601425 -0.197098 0.0246915 0.00620869 0.999682 14.5554
0.999702 0.00837551 -0.0230883 -0.081599 -0.00848749 0.999954 -0.00475848 -0.228566 0.0230487 0.00495271 0.999729 15.9289
0.999757 0.00634753 -0.0213107 -0.145475 -0.00638865 0.999982 -0.00185545 -0.257545 0.0212988 0.00199135 0.999778 17.3076
0.999814 0.00221878 -0.0193968 -0.208297 -0.0022214 1 -0.000118905 -0.279491 0.0193978 0.000161683 0.99982 18.6725
0.999831 -0.000176511 -0.01862 -0.249246 0.000147597 1 -0.00154353 -0.317003 0.0186206 0.00154073 0.999833 20.0525
0.999848 -0.00129515 -0.0176912 -0.301222 0.00124926 0.999999 -0.00260621 -0.350232 0.0176958 0.00258323 0.999851 21.3899
0.999885 0.00102373 -0.0155885 -0.357717 -0.00107096 1 -0.00299468 -0.396047 0.0155859 0.00301104 0.999885 22.7784
0.9999 0.00464112 -0.0137081 -0.408741 -0.0046423 0.999992 -5.8403e-05 -0.439195 0.0137089 0.000121555 0.999917 24.1894
0.999921 0.00531417 -0.0120572 -0.451113 -0.00525636 0.999984 0.0048632 -0.484133 0.0120834 -0.00479942 0.999928 25.6332
0.999953 0.00278891 -0.00988775 -0.495857 -0.00271862 0.999975 0.00709261 -0.504997 0.00990865 -0.00706596 0.999938 27.013
0.999957 -0.00192577 -0.00985116 -0.51485 0.00198881 0.999986 0.00643669 -0.535303 0.00983931 -0.00645604 0.999943 28.4257
0.999962 -0.00285797 -0.00897313 -0.552666 0.00290667 0.999986 0.0053924 -0.567162 0.00895907 -0.00541887 0.999958 29.8171
0.999982 -0.0040531 -0.00587018 -0.608105 0.0040707 0.999997 0.00309163 -0.585055 0.00585857 -0.00311558 0.999991 31.1978
1 -0.000693488 -0.00331374 -0.645152 0.000699469 1 0.00173579 -0.600362 0.00331415 -0.00173873 1.00001 32.5949
1.00001 0.000690593 -0.0021477 -0.681287 -0.000690643 1.00001 0.000282186 -0.625149 0.00214883 -0.000280938 1.00001 33.9878
1.00001 0.000757404 -0.000395009 -0.713414 -0.000756965 1.00001 0.00050717 -0.650297 0.000397052 -0.000507461 1.00001 35.3741
1.00001 -0.000600726 0.000995993 -0.764484 0.000596864 1 0.00322066 -0.686119 -0.00099692 -0.00322042 1.00001 36.8069
1.00001 0.000317801 0.000508925 -0.763591 -0.000319653 0.999998 0.00419359 -0.698341 -0.000506046 -0.00419424 1.00001 38.2374
1.00001 0.00238219 -0.000830844 -0.743462 -0.00237875 0.999995 0.00488465 -0.721 0.00084349 -0.00488304 1 39.6857
0.999996 0.0048185 -0.000276772 -0.759959 -0.00481708 0.999987 0.00429443 -0.734398 0.000299046 -0.00429352 1.00001 41.1262
0.999988 0.00653592 -0.00132994 -0.750828 -0.0065311 0.99998 0.00412557 -0.745955 0.00135793 -0.00411716 1.00001 42.6144
0.999981 0.00714913 -0.00168554 -0.756877 -0.00714211 0.999974 0.00393448 -0.761404 0.00171526 -0.00392273 1.00001 44.0597
0.999988 0.00591808 -0.0032057 -0.742159 -0.0059073 0.999985 0.00359055 -0.779516 0.00322795 -0.00357189 1.00001 45.512
0.999983 0.00594574 -0.00395777 -0.74615 -0.00593076 0.999982 0.00381843 -0.804918 0.0039824 -0.00379524 1 46.9485
0.999978 0.00808661 -0.00016308 -0.866539 -0.00808584 0.999947 0.00783249 -0.902962 0.000227465 -0.00783153 0.999987 48.3068
0.999978 0.00772595 -0.00179029 -0.861429 -0.00770855 0.999931 0.00961928 -0.922128 0.00186667 -0.00960556 0.999971 49.7879
0.999972 0.00785908 -0.00429323 -0.822273 -0.0078171 0.999931 0.00986731 -0.948542 0.00437158 -0.00983402 0.999959 51.2557
0.999955 0.00854294 -0.0061345 -0.825452 -0.0084849 0.999927 0.00947373 -0.94491 0.00621717 -0.00942158 0.999955 52.722
0.999948 0.00879046 -0.00712873 -0.845703 -0.00871842 0.99992 0.0101732 -0.955348 0.00721876 -0.0101111 0.999941 54.1506
0.999951 0.00784172 -0.00752031 -0.862096 -0.0077556 0.999913 0.011464 -0.970683 0.00761183 -0.0114055 0.999926 55.6235
0.999965 0.0063891 -0.00730144 -0.880988 -0.00630208 0.999919 0.0119855 -0.984635 0.00737864 -0.0119395 0.99992 57.0868
0.999976 0.00404987 -0.00737236 -0.907146 -0.00396418 0.999934 0.0116602 -0.992391 0.00742129 -0.011631 0.999927 58.537
0.999995 0.00280117 -0.00483299 -0.953586 -0.0027411 0.999927 0.0125603 -1.00808 0.00486914 -0.0125475 0.999927 59.9835
1 0.000934635 -0.00418277 -0.974981 -0.000869026 0.99989 0.0157734 -1.03593 0.00419916 -0.0157701 0.999891 61.4206
1 -0.00162549 -0.00325788 -0.995522 0.00168343 0.999846 0.0180866 -1.05331 0.00322885 -0.0180926 0.999852 62.8679
1 -0.00386437 -0.00364341 -0.97598 0.00392727 0.999854 0.0175217 -1.05812 0.00357656 -0.0175363 0.999866 64.2982
0.99999 -0.00592602 -0.00298896 -0.989572 0.00597448 0.999855 0.016688 -1.0567 0.00289009 -0.0167062 0.999879 65.7512
1 -0.00508225 -0.00100969 -1.01309 0.00509772 0.99987 0.0162629 -1.06328 0.000928198 -0.0162684 0.999893 67.1599
1 -0.00473577 -0.000591957 -1.013 0.00474425 0.999864 0.0164792 -1.06761 0.000514315 -0.0164825 0.999886 68.6256
1.00001 -0.000343554 0.00296477 -1.0655 0.000291378 0.999861 0.0176157 -1.07676 -0.00296932 -0.0176152 0.999869 69.9948
0.999994 0.00505839 0.0033956 -1.04184 -0.00511725 0.999847 0.0173788 -1.06514 -0.00330678 -0.0173965 0.999866 71.45
0.999952 0.0105534 0.00456455 -1.05129 -0.0106235 0.999838 0.0156423 -1.04166 -0.0043977 -0.0156902 0.999897 72.8843
0.999862 0.0155943 0.00775425 -1.1285 -0.0156986 0.999799 0.013502 -1.00998 -0.00754194 -0.0136222 0.999902 74.3402
0.999807 0.0186925 0.00862269 -1.14028 -0.0187959 0.999769 0.012082 -1.00087 -0.00839386 -0.0122418 0.999918 75.7684
0.999774 0.0200368 0.00888953 -1.11514 -0.0201555 0.999721 0.0133962 -1.03727 -0.00861845 -0.0135727 0.999896 77.1882
0.999738 0.0207102 0.0115273 -1.14825 -0.0208483 0.99973 0.0119874 -1.02079 -0.0112753 -0.0122246 0.99989 78.6605
0.999772 0.0195571 0.0101622 -1.0914 -0.0196741 0.999755 0.0115018 -1.03629 -0.00993479 -0.0116995 0.999907 80.0306
0.999789 0.0183867 0.0111027 -1.09784 -0.0184818 0.999812 0.00851912 -1.01539 -0.0109437 -0.00872255 0.999933 81.4082
0.99975 0.0187518 0.0133441 -1.14067 -0.0188396 0.999818 0.00647131 -0.997113 -0.0132207 -0.00672143 0.999916 82.8297
0.999859 0.0162658 0.00767129 -1.03319 -0.0163404 0.999837 0.00973291 -1.06343 -0.00751168 -0.0098569 0.999956 84.1477
0.999838 0.0172134 0.00767562 -1.04524 -0.0172714 0.999839 0.00757669 -1.05309 -0.00754527 -0.00770814 0.999971 85.5877
0.999815 0.017428 0.0103583 -1.10588 -0.0174985 0.999844 0.0067711 -1.05143 -0.0102394 -0.00695097 0.999956 86.998
0.999715 0.0164971 0.0182546 -1.30636 -0.0165844 0.999869 0.00465287 -1.00586 -0.0181771 -0.00495441 0.999853 88.3829
0.999795 0.0138138 0.0162166 -1.23198 -0.0139473 0.999889 0.00815231 -1.08728 -0.0161034 -0.00837669 0.999869 89.4738
0.99981 0.0114745 0.0169106 -1.28781 -0.0115923 0.999927 0.00689595 -1.05958 -0.0168321 -0.00709067 0.999866 90.9218
0.999855 0.00951522 0.0157333 -1.24504 -0.00964157 0.999941 0.00800094 -1.09892 -0.0156578 -0.00815127 0.99988 92.2441
0.999798 0.00858338 0.0191901 -1.31527 -0.00869639 0.999964 0.00582763 -1.08378 -0.0191414 -0.00599332 0.999833 93.6143
0.999882 0.00669022 0.0156155 -1.21082 -0.00677867 0.999983 0.00565251 -1.11713 -0.0155793 -0.00575759 0.999901 95.0192
0.999853 0.00717529 0.0168444 -1.22838 -0.00724846 0.999984 0.00431836 -1.11673 -0.0168153 -0.00443986 0.999886 96.4764
0.99978 0.00743585 0.0208978 -1.29663 -0.00747389 0.999993 0.00176788 -1.09958 -0.0208863 -0.00192365 0.99982 97.878
0.999806 0.00793085 0.0192147 -1.23231 -0.00799537 0.999982 0.00331559 -1.16556 -0.0191903 -0.00346872 0.999849 99.2178
0.999718 0.0105002 0.0225067 -1.27814 -0.0105428 0.999966 0.00181478 -1.15328 -0.022489 -0.00205145 0.999787 100.596
0.999797 0.00919268 0.0190593 -1.19263 -0.00926966 0.99997 0.00401806 -1.18911 -0.0190244 -0.00419402 0.999849 101.957
0.99988 0.0117686 0.0124365 -1.06386 -0.011889 0.999905 0.00971192 -1.28167 -0.0123233 -0.00985846 0.999918 103.237
0.999888 0.0113639 0.0117563 -1.06005 -0.0114473 0.999929 0.00716852 -1.2763 -0.0116766 -0.00730225 0.999946 104.615
0.999974 0.00976839 0.00352112 -0.929655 -0.0097921 0.999951 0.0070203 -1.33175 -0.00345463 -0.00705448 1.00001 105.879
0.999947 0.0111565 0.0051251 -0.978173 -0.0111783 0.999948 0.00455893 -1.31791 -0.00507645 -0.00461597 1.00002 107.218
0.999882 0.0118727 0.0124445 -1.13473 -0.0119534 0.99993 0.00648128 -1.36384 -0.0123692 -0.0066292 0.999948 108.245
0.999813 0.0117827 0.0166718 -1.18038 -0.0118969 0.99993 0.00691293 -1.35485 -0.0165921 -0.00710991 0.99988 109.649
0.999809 0.0110929 0.017933 -1.1746 -0.0112118 0.999937 0.00658583 -1.35468 -0.0178614 -0.00678561 0.999865 111.02
0.999792 0.00869009 0.0195654 -1.15528 -0.00880158 0.99997 0.00575472 -1.38131 -0.0195178 -0.0059256 0.999835 112.249
0.999776 0.00889887 0.0209113 -1.13953 -0.00903405 0.999962 0.00642226 -1.44842 -0.0208562 -0.0066097 0.999811 113.612
0.99964 0.0133157 0.0242794 -1.16274 -0.0133657 0.999937 0.00200477 -1.42476 -0.0242542 -0.00232839 0.999749 115.001
0.999552 0.016085 0.0265913 -1.14492 -0.0161546 0.999891 0.00243961 -1.45123 -0.0265521 -0.00286797 0.999693 116.324
0.999471 0.0173209 0.0283919 -1.11237 -0.0174792 0.999861 0.00542663 -1.48932 -0.0282969 -0.00591988 0.999628 117.656
0.999468 0.0170565 0.0290247 -1.0629 -0.0172967 0.999846 0.00807696 -1.51412 -0.0288853 -0.00857453 0.999596 119.03
0.999393 0.0168992 0.0312482 -1.06673 -0.0171634 0.999846 0.00828064 -1.52138 -0.0311066 -0.0088117 0.999523 120.366
0.999276 0.0185757 0.0342384 -1.05861 -0.0187679 0.999839 0.00532721 -1.49953 -0.0341367 -0.00596581 0.99945 121.722
0.999135 0.0216024 0.0362459 -1.03512 -0.0217261 0.999786 0.00308625 -1.49285 -0.0361747 -0.00387082 0.999384 123.087
0.998928 0.0236146 0.0406503 -1.07139 -0.0236396 0.999749 0.000153659 -1.4679 -0.0406394 -0.00111446 0.999223 124.443
0.998828 0.0248225 0.0421738 -0.987339 -0.0248445 0.999719 5.63642e-05 -1.52037 -0.0421641 -0.00110379 0.999156 125.709
0.998756 0.0252739 0.0438206 -0.936934 -0.0252702 0.999709 -0.000622901 -1.5446 -0.0438272 -0.000485252 0.999088 127.062
0.998739 0.0237821 0.0448441 -0.852382 -0.0238345 0.999744 0.000684244 -1.60139 -0.0448201 -0.00175203 0.999043 128.378
0.998594 0.0240656 0.0479503 -0.856199 -0.0240816 0.999739 -0.000231371 -1.58803 -0.0479469 -0.000923688 0.998899 129.742
0.998455 0.0221683 0.051499 -0.829336 -0.0221338 0.999783 -0.00120041 -1.58175 -0.0515184 5.87842e-05 0.998722 131.04
0.998585 0.0202896 0.0498588 -0.716625 -0.0203024 0.999823 -0.000237688 -1.61556 -0.0498586 -0.000774975 0.998806 132.384
0.998617 0.0179068 0.049998 -0.650902 -0.0179239 0.999868 -6.43757e-05 -1.63979 -0.0499965 -0.00083182 0.998799 133.736
0.998665 0.0159562 0.0498488 -0.580793 -0.0160334 0.9999 0.00116208 -1.67108 -0.0498291 -0.00195978 0.998806 135.112
0.998656 0.01428 0.0503973 -0.544894 -0.0143148 0.999927 0.000372908 -1.6821 -0.0503923 -0.00109376 0.99878 136.525
0.998659 0.0129041 0.0508567 -0.506872 -0.0129191 0.999946 -2.10844e-05 -1.70212 -0.050858 -0.000636019 0.998757 137.88
0.998689 0.0113483 0.0505067 -0.462168 -0.0114425 0.999963 0.00161925 -1.72904 -0.0504905 -0.00219493 0.998773 139.256
0.998754 0.00981667 0.0496817 -0.401918 -0.0098716 0.999981 0.000875075 -1.74071 -0.049676 -0.00136446 0.998816 140.644
0.998727 0.00950786 0.0501411 -0.371293 -0.00954189 0.999984 0.000493809 -1.75987 -0.0501397 -0.000971571 0.998793 142.012
0.998706 0.0101637 0.0505413 -0.335272 -0.0101637 0.999978 -0.000241225 -1.78223 -0.0505465 -0.00027284 0.998773 143.395
0.998628 0.00994307 0.0519953 -0.313941 -0.00992276 0.999979 -0.000596067 -1.80346 -0.0520043 7.93409e-05 0.998699 144.776
0.998594 0.00791902 0.0530999 -0.281224 -0.00772595 0.999994 -0.00382635 -1.81886 -0.0531334 0.00341059 0.998635 146.164
0.998595 0.00304746 0.0534794 -0.237838 -0.00277863 1.00001 -0.0050502 -1.83005 -0.0534996 0.0048945 0.998608 147.551
0.998695 -0.00537481 0.0515339 -0.149511 0.00554941 1.00001 -0.00322587 -1.85695 -0.0515204 0.00350752 0.99872 148.866
0.998609 -0.0111818 0.0521316 -0.115544 0.0113506 0.999962 -0.00288967 -1.86889 -0.052101 0.00347732 0.998691 150.243
0.998841 -0.0114082 0.047574 0.0487766 0.0116815 0.99995 -0.0054514 -1.92015 -0.0475128 0.00600067 0.998908 151.632
0.998806 -0.0102489 0.0484345 0.0986279 0.0106809 0.999938 -0.00861165 -1.95589 -0.0483466 0.00911849 0.998846 152.973
0.998707 -0.00641262 0.0511872 0.116807 0.00691205 0.999963 -0.00956848 -2.01661 -0.0511273 0.00990961 0.998698 154.321
0.998644 -0.00625878 0.052315 0.178197 0.00675348 0.999967 -0.00923076 -2.05565 -0.0522588 0.00957126 0.998645 155.705
0.998528 -0.00989928 0.0540286 0.215836 0.0102133 0.999967 -0.00551992 -2.09355 -0.0539752 0.00606337 0.99858 157.011
0.99845 -0.0160605 0.0539196 0.316578 0.0162617 0.999895 -0.00323964 -2.1208 -0.0538651 0.00411108 0.998598 158.424
0.998344 -0.0195062 0.0548389 0.380584 0.0196357 0.999841 -0.00180227 -2.15442 -0.054798 0.00287592 0.998551 159.784
0.998156 -0.0211627 0.0574598 0.402395 0.0213366 0.999803 -0.00236441 -2.16996 -0.0574015 0.00358565 0.998403 161.147
0.998038 -0.0188509 0.0603868 0.446485 0.0190146 0.999854 -0.00211808 -2.1928 -0.0603409 0.00326208 0.998231 162.535
0.99798 -0.0149983 0.0622646 0.509826 0.0150768 0.999919 -0.000740042 -2.2492 -0.0622514 0.00167685 0.998117 163.919
0.99793 -0.0111533 0.064008 0.581392 0.011386 0.999969 -0.00324996 -2.27529 -0.0639726 0.00397189 0.998004 165.291
0.997952 -0.00931019 0.063804 0.643731 0.00949945 0.999985 -0.00261359 -2.30464 -0.0637815 0.00321383 0.998017 166.648
0.997699 -0.00742958 0.0680359 0.669294 0.00758548 1.00001 -0.00201137 -2.32085 -0.0680244 0.00252262 0.997741 168.023
0.997665 -0.00568079 0.0685362 0.733082 0.00589832 1.00001 -0.00292477 -2.33077 -0.0685232 0.00332167 0.997703 169.4
0.997649 -0.00309118 0.0690856 0.805036 0.00345102 1.00002 -0.00506861 -2.36445 -0.0690741 0.00529482 0.997659 170.79
0.997736 -0.00172011 0.0677259 0.888158 0.00211669 1.00001 -0.00573784 -2.41665 -0.06772 0.00586765 0.997747 172.154
0.997647 -0.00123494 0.0691884 0.933232 0.00149045 1.00003 -0.00361989 -2.48146 -0.0691889 0.00371421 0.997659 173.5
0.997514 0.00439925 0.0708322 0.978043 -0.00425248 1.00002 -0.00217611 -2.50571 -0.0708465 0.00186886 0.997547 174.868
0.997618 0.00683892 0.0692735 1.10257 -0.00694656 1.00002 0.00133413 -2.55064 -0.069268 -0.00181227 0.997661 176.297
0.997345 0.0076222 0.0729398 1.13599 -0.00784867 1 0.00286531 -2.56285 -0.072921 -0.00343067 0.997395 177.673
0.997417 0.00470642 0.0722885 1.2339 -0.0049579 1.00002 0.00332011 -2.57435 -0.072277 -0.00367003 0.997444 179.071
0.997512 0.000107974 0.0710584 1.32654 -0.000657717 1.00001 0.00776251 -2.64184 -0.071061 -0.00779038 0.997507 180.489
0.997499 0.000661505 0.0712969 1.40109 -0.000904872 1.00003 0.00340374 -2.65757 -0.0712996 -0.00345983 0.997513 181.914
0.997462 0.00312281 0.0717067 1.46304 -0.00303524 1.00003 -0.00128172 -2.6714 -0.0717161 0.00106015 0.997488 183.308
0.997412 0.00741084 0.0721556 1.5451 -0.00730727 1.00001 -0.00167528 -2.69209 -0.0721716 0.00114349 0.997456 184.72
0.99738 0.010981 0.0720817 1.65951 -0.010949 0.999977 -0.000784438 -2.72147 -0.0720921 -7.38376e-06 0.997464 185.998
0.997258 0.0126395 0.0735782 1.7336 -0.0128982 0.999955 0.00306688 -2.74944 -0.0735387 -0.00400757 0.997351 187.365
0.997045 0.0128459 0.0762856 1.78541 -0.0133211 0.99993 0.00577593 -2.77291 -0.0762095 -0.00677546 0.997134 188.752
0.99709 0.0124404 0.0758552 1.91117 -0.0129934 0.999936 0.00682658 -2.80016 -0.0757678 -0.00779226 0.997162 190.122
0.997108 0.00995242 0.075888 2.01598 -0.0105887 0.999946 0.00804177 -2.81869 -0.0758073 -0.00882238 0.997149 191.594
0.997113 0.00731582 0.076222 2.11636 -0.00798658 0.999975 0.00852237 -2.83706 -0.0761603 -0.00910638 0.997121 193.049
0.997101 0.00440112 0.0765103 2.21811 -0.00512505 0.999979 0.00932177 -2.85605 -0.076471 -0.00968711 0.997091 194.489
0.997071 0.00174728 0.0770779 2.33385 -0.00257508 0.999981 0.0106659 -2.86801 -0.0770604 -0.010833 0.997034 195.982
0.996924 -0.00240806 0.0788605 2.40891 0.00146069 0.999961 0.0121197 -2.87601 -0.0788899 -0.0119675 0.996877 197.382
0.996818 -0.0046658 0.0801831 2.50664 0.00372249 0.999962 0.0119329 -2.87894 -0.0802383 -0.0115962 0.996775 198.836
0.996734 -0.00268462 0.0812277 2.60111 0.00208173 1.00001 0.0075568 -2.88771 -0.0812516 -0.00736339 0.996732 200.282
0.996646 0.00546789 0.0822496 2.67986 -0.00570053 1.00002 0.00261863 -2.89969 -0.0822393 -0.00307875 0.996676 201.719
0.99645 0.0133801 0.083632 2.77668 -0.0136731 0.999939 0.00297992 -2.92072 -0.0835902 -0.0041133 0.996559 203.162
0.995857 0.021233 0.0889784 2.78162 -0.0221347 0.999756 0.00918419 -2.97455 -0.0887634 -0.0111157 0.996062 204.683
0.995928 0.019877 0.0884247 2.92201 -0.0213673 0.999682 0.0159855 -3.05492 -0.0880816 -0.0178103 0.996023 206.131
0.995973 0.0179291 0.0883789 3.04203 -0.0195068 0.999706 0.017045 -3.06222 -0.0880488 -0.0187002 0.996011 207.621
0.995949 0.0144488 0.0892364 3.1239 -0.0160492 0.999761 0.0172892 -3.06651 -0.0889678 -0.0186518 0.995929 209.05
0.996002 0.0119393 0.0890784 3.23585 -0.0135247 0.999802 0.0172421 -3.06896 -0.0888563 -0.0183777 0.995947 210.521
0.995921 0.0111434 0.0900239 3.33151 -0.0128457 0.999788 0.0183985 -3.08659 -0.0898022 -0.0194802 0.995838 211.981
0.995683 0.012559 0.0925175 3.40514 -0.0143108 0.999769 0.0183194 -3.07646 -0.0922669 -0.0195643 0.995618 213.44
0.995979 0.0129707 0.0891323 3.58887 -0.0148657 0.999716 0.0206764 -3.10646 -0.088841 -0.0219188 0.995875 214.86
0.995988 0.012962 0.0891244 3.72036 -0.0149567 0.999692 0.0217754 -3.12534 -0.0888153 -0.023021 0.995858 216.371
0.996023 0.0121937 0.0887557 3.86032 -0.0140979 0.999724 0.0209053 -3.11558 -0.0884781 -0.0220738 0.995905 217.905
0.996134 0.0111373 0.0877438 3.99364 -0.0131388 0.999705 0.0222941 -3.13288 -0.08747 -0.0233607 0.995971 219.389
0.996211 0.0116455 0.0867083 4.12198 -0.0136747 0.999687 0.022893 -3.134 -0.086416 -0.0239921 0.996044 220.884
0.996269 0.0114635 0.0861652 4.25541 -0.0135795 0.99966 0.0240406 -3.14643 -0.0858602 -0.025121 0.996071 222.388
0.996288 0.0110489 0.0859086 4.35542 -0.0131935 0.999655 0.0244829 -3.14369 -0.08561 -0.0255254 0.996077 223.824
0.996388 0.0112538 0.0848026 4.50224 -0.0134107 0.999641 0.0249347 -3.14602 -0.0844912 -0.0259817 0.996165 225.364
0.99651 0.0114638 0.083254 4.65528 -0.0136177 0.999626 0.0253982 -3.14614 -0.0829332 -0.0264432 0.99628 226.945
0.996553 0.0116216 0.0827871 4.77742 -0.0137735 0.999621 0.0254972 -3.13566 -0.0824592 -0.0265494 0.99632 228.44
0.996624 0.0104512 0.0820055 4.90786 -0.0125817 0.999636 0.0255539 -3.12584 -0.0817101 -0.0264994 0.99638 229.968
0.996618 0.00907606 0.0823341 5.01503 -0.0112142 0.999652 0.0255728 -3.10897 -0.0820731 -0.0264094 0.996356 231.477
0.99657 0.00818615 0.0829233 5.11896 -0.0103499 0.999657 0.0257436 -3.09296 -0.0826856 -0.0265135 0.996299 233.006
0.996488 0.00656486 0.0841196 5.21156 -0.00881412 0.999654 0.026423 -3.07451 -0.0839166 -0.0270715 0.996185 234.519
0.996448 0.00579544 0.0845826 5.32717 -0.00816266 0.999624 0.0277145 -3.07393 -0.0843914 -0.0283064 0.996108 236.056
0.996446 0.00706447 0.0845852 5.46238 -0.00940682 0.999624 0.0273478 -3.06776 -0.08436 -0.0280463 0.996122 237.581
0.996236 0.00780984 0.0868743 5.54518 -0.010191 0.999623 0.0270444 -3.06128 -0.0866314 -0.0278278 0.995929 239.068
0.996125 0.00884066 0.0881211 5.69608 -0.0112409 0.999619 0.026801 -3.03264 -0.0878505 -0.0276876 0.995829 240.518
0.995983 0.0074353 0.0897561 5.85801 -0.0100983 0.999561 0.0292946 -3.02111 -0.0894999 -0.0300832 0.995609 241.934
0.99592 0.00589004 0.0906513 6.04099 -0.00863418 0.999557 0.0299308 -3.00839 -0.0904347 -0.0305912 0.995513 243.289
0.995795 0.0060844 0.0919356 6.11544 -0.00878223 0.999582 0.0290098 -2.99074 -0.091722 -0.0296951 0.99542 244.948
0.99588 0.00621416 0.0910636 6.29023 -0.00879698 0.999611 0.0280103 -2.99163 -0.0908545 -0.0286958 0.995531 246.458
0.996192 0.00690686 0.0874842 6.53308 -0.00954366 0.999552 0.0298004 -3.01439 -0.0872408 -0.0305217 0.995798 248.067
0.996523 0.00614004 0.0837734 6.76228 -0.00887778 0.99948 0.0323705 -3.02764 -0.0835315 -0.0330013 0.996042 249.585
0.996594 0.00590238 0.0828537 6.90226 -0.00869002 0.999447 0.0333698 -3.01412 -0.0826124 -0.0339759 0.996083 251.131
0.996673 0.00610962 0.0819667 7.04992 -0.00890089 0.999433 0.0337543 -3.00194 -0.0817146 -0.0343714 0.996146 252.629
0.996637 0.00746181 0.0822181 7.16492 -0.0103141 0.999399 0.0343657 -2.98223 -0.0819138 -0.035098 0.996103 254.212
0.996572 0.00837492 0.0829777 7.27338 -0.0112852 0.999377 0.0346888 -2.96032 -0.0826361 -0.0355061 0.99603 255.725
0.99667 0.00776364 0.0818078 7.41979 -0.0107527 0.999329 0.0362043 -2.95537 -0.0814735 -0.0369632 0.996072 257.271
0.996668 0.00584846 0.0820423 7.53522 -0.00893095 0.999309 0.0372792 -2.9419 -0.0817682 -0.0378876 0.996015 258.794
0.996693 0.00331725 0.0818398 7.66295 -0.00655966 0.999245 0.0394245 -2.93357 -0.081649 -0.0398308 0.995948 260.386
0.996623 0.00051512 0.0827944 7.77244 -0.0038305 0.99924 0.0399138 -2.89508 -0.0827113 -0.0400959 0.995852 261.924
0.996655 -0.000657134 0.082374 7.9013 -0.0025216 0.999299 0.0385204 -2.84976 -0.0823433 -0.038599 0.995939 263.489
0.996738 0.0010437 0.0814049 8.01937 -0.00389199 0.999429 0.0348627 -2.80934 -0.0813224 -0.0350656 0.996157 265.032
0.996541 -0.00212111 0.0837203 8.11314 -0.0012121 0.999255 0.0397812 -2.86107 -0.0837437 -0.0397449 0.995779 266.504
0.996429 -0.00789433 0.0847315 8.20942 0.00399268 0.998971 0.0461401 -2.92278 -0.0850091 -0.0456368 0.995421 268.037
0.996444 -0.00963867 0.0843386 8.33595 0.00555877 0.998855 0.048514 -2.93128 -0.0847107 -0.0478724 0.995342 269.648
0.996569 -0.0104396 0.0827958 8.50243 0.00627799 0.998754 0.050389 -2.93087 -0.0832193 -0.0496959 0.995378 271.246
0.996404 -0.012494 0.0844345 8.60572 0.00809423 0.998648 0.0522898 -2.9045 -0.0849747 -0.051418 0.995144 272.778
0.996475 -0.0111638 0.0838242 8.75835 0.00674871 0.998627 0.0527921 -2.85623 -0.0842989 -0.0520399 0.995167 274.369
0.996381 -0.0103564 0.0850096 8.87882 0.00580183 0.99859 0.0536879 -2.81787 -0.0854469 -0.053 0.995022 275.925
0.996375 -0.0110427 0.0850122 9.0163 0.00632213 0.998476 0.0556211 -2.80986 -0.0854973 -0.0548815 0.994913 277.467
0.99628 -0.00876213 0.0863657 9.14059 0.00417077 0.998623 0.0532371 -2.72335 -0.0867145 -0.0526785 0.994929 279.017
0.99596 -0.0103274 0.0898495 9.2807 0.00550866 0.998591 0.0537331 -2.67212 -0.0902789 -0.0530207 0.994599 280.382
0.995941 -0.0112185 0.0899358 9.41344 0.00648319 0.998635 0.0528099 -2.60739 -0.0904072 -0.0520121 0.994637 282.014
0.995832 -0.0131589 0.090905 9.6065 0.00841218 0.998642 0.0524202 -2.54169 -0.0914732 -0.0514367 0.994575 283.451
0.995854 -0.014754 0.0903984 9.77206 0.00994588 0.998575 0.0534466 -2.48389 -0.09106 -0.0523255 0.994565 285.085
0.995769 -0.0148712 0.0913332 9.89397 0.0101067 0.998627 0.0524264 -2.41461 -0.0919894 -0.0512813 0.994537 286.609
0.995711 -0.0167239 0.0916225 10.0241 0.0121511 0.998715 0.0502768 -2.35528 -0.0923475 -0.0489474 0.994618 288.167
0.995804 -0.0165131 0.0906775 10.19 0.0122597 0.998859 0.0472829 -2.29786 -0.0913569 -0.0459726 0.994855 289.758
0.995788 -0.0175283 0.0906302 10.3138 0.0132287 0.998819 0.0478626 -2.25051 -0.0913642 -0.0464617 0.994828 291.339
0.995786 -0.0185407 0.0904904 10.443 0.0143758 0.99887 0.0464803 -2.17512 -0.091252 -0.0449834 0.994914 292.905
0.995702 -0.0175922 0.0915641 10.5536 0.0135584 0.998968 0.0445256 -2.10986 -0.0922554 -0.0430923 0.994897 294.462
0.995784 -0.0141535 0.0913082 10.688 0.010432 0.999154 0.0411249 -2.03532 -0.0918151 -0.039999 0.995075 296.042
0.995891 -0.0134961 0.0902177 10.8359 0.00984768 0.99917 0.0407985 -1.99276 -0.0906962 -0.039742 0.995179 297.685
0.995868 -0.0146359 0.0902956 10.9448 0.0108392 0.999096 0.0424118 -1.97149 -0.0908367 -0.0412578 0.995114 299.255
0.995993 -0.0157718 0.0887108 11.1073 0.0119667 0.999043 0.0432991 -1.91965 -0.0893115 -0.0420635 0.99521 300.834
0.996024 -0.0136804 0.0887156 11.2283 0.00983891 0.999055 0.0436118 -1.85961 -0.0892305 -0.0425655 0.995205 302.453
0.995889 -0.0128115 0.0903456 11.3694 0.00906349 0.999138 0.0418097 -1.79734 -0.0908061 -0.0408185 0.995127 303.996
0.995834 -0.0141056 0.0907643 11.5135 0.0104372 0.999168 0.0407835 -1.73849 -0.0912666 -0.0396663 0.995141 305.642
0.995948 -0.0165541 0.0890822 11.7162 0.0129312 0.999124 0.0411282 -1.69917 -0.0896879 -0.0398092 0.99527 307.223
0.99598 -0.020095 0.0879881 11.8536 0.0166091 0.999109 0.0401896 -1.65727 -0.0887198 -0.0385667 0.995416 308.845
0.995956 -0.0232116 0.0874962 11.9826 0.0198943 0.99911 0.0386314 -1.6189 -0.088318 -0.0367341 0.995512 310.428
0.996059 -0.025242 0.0857487 12.1204 0.0221347 0.999125 0.0370136 -1.57059 -0.0866104 -0.0349698 0.995735 311.972
0.996388 -0.0247713 0.0819712 12.2857 0.0217277 0.999102 0.0378516 -1.57507 -0.0828383 -0.0359335 0.996012 313.551
0.996602 -0.0237104 0.0796799 12.421 0.0206575 0.999084 0.0389376 -1.54064 -0.0805326 -0.0371593 0.996165 315.243
0.996853 -0.0227627 0.0767556 12.6049 0.0194444 0.998909 0.0437462 -1.52895 -0.0776706 -0.0421156 0.996187 316.836
0.996809 -0.024202 0.076888 12.7262 0.0205536 0.998696 0.0479072 -1.49852 -0.0779497 -0.0461739 0.995992 318.488
0.996829 -0.0244169 0.0765476 12.8279 0.0206413 0.998603 0.0497741 -1.46033 -0.0776588 -0.0480357 0.995921 320.089
0.997248 -0.0250639 0.0706896 13.0189 0.0217727 0.998715 0.0469658 -1.39467 -0.0717783 -0.0452973 0.996497 321.566
0.997324 -0.0268074 0.0689235 13.1635 0.0236286 0.998693 0.0465716 -1.34176 -0.0700844 -0.044818 0.996632 323.169
0.997493 -0.0266843 0.0665155 13.3052 0.0234607 0.99859 0.0488004 -1.32872 -0.0677262 -0.0471172 0.996698 324.788
0.997402 -0.0269798 0.0677364 13.4009 0.0237945 0.998649 0.0474398 -1.25304 -0.0689271 -0.0457044 0.996674 326.474
0.997358 -0.0238854 0.0695229 13.4655 0.0206951 0.998772 0.046268 -1.20101 -0.0705448 -0.0447067 0.996613 328.143
0.997338 -0.0226061 0.0702408 13.5679 0.0195259 0.998887 0.0442719 -1.13106 -0.0711655 -0.0427821 0.996646 329.812
0.997507 -0.0240268 0.0673127 13.7036 0.0209271 0.998761 0.0463954 -1.08881 -0.0683461 -0.0448707 0.99676 331.369
0.997755 -0.0240221 0.0635286 13.8555 0.0210184 0.998705 0.0475765 -1.05698 -0.0645913 -0.046134 0.996945 332.938
0.997862 -0.0253088 0.0613136 13.9814 0.0224242 0.998687 0.047302 -1.0254 -0.0624322 -0.0458255 0.997107 334.539
0.998098 -0.0244939 0.0576895 14.118 0.0216433 0.998595 0.0495764 -1.00699 -0.0588249 -0.048233 0.997203 336.172
0.998288 -0.0206665 0.0558772 14.2047 0.0179456 0.998706 0.0487825 -0.982623 -0.0568151 -0.0476958 0.997355 337.779
0.998268 -0.0215554 0.0559092 14.2853 0.0193793 0.999102 0.0392318 -0.820188 -0.0567068 -0.0380797 0.997766 339.408
0.998689 -0.0198382 0.048572 14.4496 0.0179651 0.999147 0.0387198 -0.763545 -0.0493014 -0.0377959 0.998181 341.069
0.998801 -0.020741 0.0457193 14.5529 0.0188179 0.998993 0.0421644 -0.732462 -0.0465504 -0.041253 0.998163 342.671
0.998937 -0.019643 0.043294 14.6156 0.017681 0.998878 0.0452688 -0.691452 -0.0441373 -0.0444544 0.99815 344.274
0.998994 -0.0205875 0.0413648 14.668 0.018847 0.998996 0.0421048 -0.606307 -0.0421927 -0.0412823 0.998356 345.887
0.99904 -0.0223603 0.0394135 14.7091 0.0208368 0.999095 0.0386783 -0.533679 -0.0402455 -0.0378192 0.998589 347.476
0.999051 -0.0233595 0.038457 14.777 0.0219088 0.999106 0.0378005 -0.48646 -0.0393087 -0.0369213 0.998645 348.925
0.999094 -0.0236027 0.037272 14.8167 0.0222104 0.999116 0.0373711 -0.448088 -0.0381242 -0.0365088 0.998722 350.584
0.999159 -0.0228358 0.0358829 14.8915 0.0215115 0.999146 0.0369579 -0.423489 -0.0366995 -0.0361543 0.998773 352.189
0.999115 -0.0255129 0.0354267 14.946 0.0242635 0.999143 0.0352967 -0.366798 -0.0362999 -0.0344052 0.998866 353.801
0.999113 -0.0263687 0.0347455 15.0127 0.0251752 0.999151 0.0344397 -0.320505 -0.0356273 -0.0335337 0.998904 355.403
0.99909 -0.0282777 0.0340177 15.0696 0.0271233 0.999117 0.0339669 -0.28322 -0.0349512 -0.0330126 0.998962 356.962
0.999011 -0.0292839 0.0353602 15.0901 0.0282193 0.999204 0.0303275 -0.187775 -0.0362236 -0.0292989 0.999017 358.595
0.999022 -0.0299294 0.0346108 15.1569 0.0288726 0.999175 0.0306752 -0.186244 -0.0355034 -0.0296451 0.999048 360.262
0.998975 -0.0315689 0.0344145 15.2198 0.0305069 0.999116 0.0310505 -0.166216 -0.0353678 -0.029968 0.999027 361.876
0.999012 -0.030335 0.0345424 15.247 0.0293135 0.999192 0.0297388 -0.129984 -0.0354197 -0.0286963 0.99908 363.58
0.998991 -0.0316558 0.0339049 15.3036 0.0307128 0.999198 0.0280759 -0.0983959 -0.03477 -0.0270055 0.999133 365.18
0.998951 -0.0341655 0.0326942 15.3895 0.0331806 0.999056 0.0302423 -0.0845981 -0.0336997 -0.029125 0.999128 366.823
0.998863 -0.0356982 0.0336813 15.4102 0.0346697 0.998991 0.0307371 -0.0550134 -0.034748 -0.0295337 0.999063 368.44
0.998769 -0.0352345 0.0368439 15.3974 0.0341665 0.999052 0.0292624 -0.026302 -0.0378431 -0.0279669 0.999013 369.994
0.998809 -0.0341336 0.0367595 15.4862 0.0330321 0.999062 0.0302529 -0.0314238 -0.0377612 -0.0290019 0.998971 371.512
0.998847 -0.0323578 0.0373953 15.5304 0.031214 0.999104 0.0308078 -0.00646529 -0.0383619 -0.0296046 0.998946 373.155
0.99891 -0.0316195 0.0362424 15.618 0.0304341 0.999061 0.0328949 -0.00372196 -0.0372518 -0.0317553 0.998907 374.778
0.999014 -0.0289928 0.0356398 15.6997 0.0278124 0.999127 0.0332154 0.00256132 -0.0365749 -0.0321909 0.998933 376.39
0.998972 -0.0313893 0.034703 15.7667 0.0301715 0.998993 0.0351669 -0.0143122 -0.0357752 -0.0340829 0.998886 377.995
0.998938 -0.0319882 0.0352285 15.8116 0.030714 0.99894 0.0361648 -0.00279093 -0.0363511 -0.0350438 0.998848 379.598
0.99889 -0.0318223 0.0366316 15.8579 0.030509 0.998954 0.035954 0.0306453 -0.0377408 -0.0347956 0.99879 381.23
0.99892 -0.0305885 0.0369384 15.9107 0.029238 0.998968 0.036592 0.0542241 -0.0380228 -0.0354719 0.99877 382.874
0.998909 -0.0297117 0.0378838 15.9585 0.0282108 0.998882 0.0396417 0.0500685 -0.0390227 -0.0385289 0.998604 384.491
0.998913 -0.0299844 0.0376043 16.0425 0.0284657 0.998846 0.0403179 0.0792939 -0.0387732 -0.0392029 0.998601 386.091
0.998918 -0.0303368 0.0371324 16.0941 0.0288442 0.998843 0.0401794 0.0971692 -0.0383119 -0.039064 0.998611 387.659
0.99861 -0.0386622 0.0377321 16.1441 0.0370443 0.998466 0.0427001 0.110352 -0.0393286 -0.0412422 0.998497 389.18
0.998629 -0.0419629 0.0334435 16.3394 0.0403959 0.998178 0.0463188 0.101698 -0.0353301 -0.0449033 0.998476 390.723
0.998689 -0.0402118 0.0338315 16.3683 0.0386307 0.998254 0.0461924 0.163879 -0.0356342 -0.0448242 0.998481 392.419
0.998595 -0.0420063 0.0343902 16.4167 0.0404024 0.998185 0.0461644 0.216177 -0.036271 -0.044709 0.998452 394.043
0.998619 -0.040304 0.0357709 16.4534 0.0386623 0.998285 0.0454853 0.271338 -0.0375471 -0.0440387 0.998446 395.647
