0.999997 0.00253629 0.000128394 -0.0106302 -0.0025366 0.999993 0.00277729 -0.0483701 -0.000121308 -0.0027776 0.999997 0.792833
0.999973 0.00669667 0.00296268 -0.0927769 -0.00670812 0.999971 0.00390326 -0.090268 -0.00293666 -0.003923 0.999988 1.60079
0.999983 0.00616689 0.00123466 -0.0752028 -0.0061614 0.999974 -0.00433732 0.0569657 -0.00126128 0.00432947 0.999994 2.56784
0.999982 0.00617621 -0.000719678 -0.0396609 -0.00618327 0.999924 -0.0107681 0.169761 0.000653004 0.0107722 0.999943 3.35067
0.999984 0.00619826 2.38235e-05 -0.068447 -0.00619754 0.999921 -0.0110653 0.148322 -9.24073e-05 0.0110648 0.999941 4.08586
0.999983 0.00600209 -3.12963e-05 -0.0721265 -0.00600177 0.999939 -0.00951307 0.1133 -2.59345e-05 0.00951286 0.999958 4.78916
0.99998 0.00680207 -0.000199979 -0.0623878 -0.00680324 0.999954 -0.00700812 0.0965289 0.000152287 0.007009 0.999978 5.51439
0.999984 0.00585292 -0.00018796 -0.0308577 -0.00585322 0.999979 -0.00366083 0.0882209 0.000166461 0.00366159 0.999997 6.20813
0.99999 0.00497452 0.000405556 -0.024684 -0.00497389 0.999989 -0.00143542 0.0901752 -0.000412646 0.00143301 1 6.83894
0.999991 0.00432662 0.00238461 -0.046126 -0.00432589 0.999995 -0.00016686 0.0848445 -0.00238545 0.000156238 1 7.47941
0.999985 0.00438341 0.00414818 -0.0646245 -0.0043773 0.999992 -0.00144882 0.0835369 -0.00415445 0.00143031 0.999995 8.08965
0.999965 0.00533835 0.0069396 -0.0837139 -0.00529817 0.999975 -0.00574107 0.0930876 -0.00697014 0.00570372 0.999965 8.72904
0.999959 0.00500973 0.00788092 -0.0891776 -0.00494024 0.999952 -0.00881456 0.0788654 -0.00792455 0.00877488 0.999936 9.24602
0.999876 0.0044575 0.0152878 -0.189718 -0.00425911 0.999913 -0.0129631 0.112146 -0.0153441 0.012896 0.999805 9.84636
0.999853 0.000948939 0.0172796 -0.177942 -0.000673594 0.999878 -0.0159082 0.104383 -0.017292 0.0158936 0.999732 10.3372
0.999804 -9.90812e-05 0.0199439 -0.174445 0.000459519 0.999843 -0.0180586 0.0962008 -0.0199387 0.0180638 0.999644 10.7818
0.999748 0.00399625 0.0221864 -0.170826 -0.00354097 0.999788 -0.0205032 0.0871028 -0.022263 0.0204189 0.999551 11.2271
0.999612 0.00891554 0.0264972 -0.189238 -0.00834532 0.999739 -0.021546 0.0771606 -0.0266819 0.021316 0.999423 11.6362
0.999542 0.00900135 0.0290208 -0.170867 -0.00839416 0.99975 -0.0209572 0.066573 -0.0292015 0.0207032 0.999367 11.9788
0.999458 0.00573393 0.0325586 -0.156253 -0.0050531 0.999773 -0.0209504 0.0593928 -0.0326709 0.020774 0.999257 12.3144
0.999348 0.00168855 0.0361684 -0.154932 -0.00087882 0.999754 -0.0223756 0.0705832 -0.0361964 0.0223284 0.999103 12.6143
0.999258 -0.00263369 0.0385162 -0.145117 0.00344813 0.999778 -0.0210924 0.0547539 -0.0384516 0.021209 0.999043 12.8782
0.99916 -0.00276493 0.0409809 -0.132115 0.00359014 0.999798 -0.02006 0.0429942 -0.0409162 0.0201895 0.998967 13.11
0.999084 -0.00197926 0.0428505 -0.116624 0.00289003 0.999777 -0.0212016 0.0364283 -0.0427985 0.0213054 0.998864 13.3329
0.999005 -0.000108529 0.0446982 -0.100661 0.00112755 0.999746 -0.0227582 0.0334386 -0.0446833 0.0227851 0.99875 13.533
0.998913 0.00192207 0.0466694 -0.0824203 -0.000801009 0.999717 -0.0240278 0.0270511 -0.0467018 0.0239637 0.998629 13.7099
0.998846 0.00443537 0.0479064 -0.0689001 -0.00327699 0.999708 -0.0242166 0.00927684 -0.0479987 0.0240309 0.998567 13.8845
0.998785 0.00566217 0.0490664 -0.0603304 -0.00441133 0.99967 -0.0255639 -0.00297135 -0.0491943 0.0253158 0.998476 14.0465
0.998656 0.00624586 0.0515282 -0.0514685 -0.00485013 0.999625 -0.0271539 -0.015242 -0.0516773 0.0268667 0.998311 14.2083
0.998581 0.00510293 0.0531142 -0.0373031 -0.00358392 0.99959 -0.028654 -0.0221993 -0.053238 0.0284223 0.998186 14.3606
0.99851 0.00470644 0.0544445 -0.0295859 -0.00305728 0.999541 -0.0303212 -0.0185121 -0.0545612 0.0301088 0.998065 14.5041
0.99847 0.00600594 0.0551006 -0.00926573 -0.00426036 0.999494 -0.0317428 -0.0259121 -0.0552627 0.0314586 0.997985 14.6276
0.998362 0.00669096 0.0568843 0.0153349 -0.00479278 0.999435 -0.033428 -0.0339581 -0.0570748 0.0330998 0.997829 14.7602
0.998414 0.00518447 0.0561944 0.0408091 -0.00319929 0.999377 -0.03536 -0.0502182 -0.056342 0.0351232 0.997803 14.8733
0.998366 0.00520261 0.0570009 0.0491612 -0.0030228 0.99927 -0.0382514 -0.0472251 -0.0571569 0.0380156 0.997651 14.9983
0.998418 0.00410886 0.0562155 0.0587919 -0.00186372 0.999208 -0.0399323 -0.0541889 -0.0563343 0.0397634 0.997629 15.1152
0.99851 0.00380752 0.0545233 0.0569286 -0.00154614 0.999145 -0.0414476 -0.0567133 -0.0546332 0.0413006 0.997661 15.2424
0.998692 0.00407353 0.0511402 0.060395 -0.00187527 0.999083 -0.0429601 -0.05517 -0.0512675 0.0428069 0.997777 15.3561
0.998893 0.00500831 0.0468931 0.0670108 -0.00291032 0.999001 -0.0446902 -0.0513008 -0.0470689 0.0445033 0.997909 15.4928
0.999166 0.00605152 0.0405981 0.0712223 -0.00418196 0.998941 -0.0459797 -0.0527564 -0.0408326 0.0457704 0.998127 15.582
0.999384 0.00589312 0.0347571 0.059913 -0.0042308 0.998858 -0.0476918 -0.0395901 -0.0349972 0.0475144 0.998267 15.6923
0.999612 0.00661011 0.027428 0.059365 -0.00525364 0.99878 -0.0492324 -0.0339193 -0.027719 0.0490676 0.998423 15.8249
0.999793 0.00739308 0.0193533 0.0554296 -0.00640539 0.998704 -0.0505796 -0.0301946 -0.019701 0.0504439 0.998543 15.955
0.999933 0.00763048 0.00977369 0.0442746 -0.00710338 0.998582 -0.0528694 -0.0184545 -0.0101624 0.0527948 0.998565 16.1144
0.999981 0.00609983 -0.00414227 0.0537036 -0.00631506 0.99851 -0.0542792 -0.0306719 0.003806 0.0543029 0.998529 16.2574
0.999792 0.00525789 -0.0202287 0.0332364 -0.00638398 0.998415 -0.0560215 -0.0402442 0.0199029 0.0561373 0.998236 16.4097
0.999245 0.00542743 -0.0387079 -0.00810735 -0.00761908 0.998366 -0.0567157 -0.0526025 0.0383377 0.0569663 0.997652 16.5692
0.998372 0.00734844 -0.056763 -0.100295 -0.0106085 0.998303 -0.0573517 -0.0401854 0.056246 0.0578587 0.996751 16.7342
0.996875 0.00757912 -0.0787776 -0.174692 -0.0119996 0.998375 -0.0558018 -0.0566407 0.0782274 0.0565708 0.995344 16.9127
0.994421 0.00853902 -0.105253 -0.231892 -0.014311 0.998433 -0.0542097 -0.0651049 0.104626 0.0554116 0.99298 17.126
0.990987 0.00926614 -0.133728 -0.324564 -0.0164078 0.998496 -0.0524081 -0.0734687 0.133042 0.054128 0.989647 17.3411
0.986237 0.00882855 -0.165179 -0.432535 -0.0171134 0.998669 -0.0488031 -0.0857258 0.164528 0.0509563 0.985069 17.535
0.979493 0.0102253 -0.20128 -0.531697 -0.0193628 0.998872 -0.0434858 -0.120388 0.200609 0.0464894 0.978585 17.7843
0.970595 0.0117626 -0.24048 -0.651027 -0.0215773 0.999043 -0.0382231 -0.122229 0.239801 0.0422861 0.969914 18.0371
0.961308 0.0168342 -0.27501 -0.913105 -0.0270555 0.99908 -0.0334199 -0.126886 0.274194 0.0395652 0.960879 18.243
0.950505 0.0222321 -0.30995 -1.16309 -0.0329153 0.999037 -0.0292826 -0.127664 0.309 0.0380334 0.950315 18.3946
0.93529 0.0247211 -0.353058 -1.31861 -0.0350942 0.999124 -0.0230119 -0.132972 0.35218 0.0339109 0.935335 18.6737
0.917918 0.0278242 -0.395825 -1.50963 -0.0368421 0.999213 -0.0151995 -0.129795 0.39509 0.0285329 0.918214 18.9604
0.900069 0.0358845 -0.434302 -1.75197 -0.0427794 0.999071 -0.00611105 -0.175968 0.433678 0.0240774 0.900766 19.1557
0.877404 0.0415982 -0.477973 -2.00447 -0.046987 0.998905 0.000680317 -0.197812 0.477475 0.0218595 0.878391 19.4698
0.851731 0.0454118 -0.522038 -2.22787 -0.0500685 0.998738 0.00518893 -0.192879 0.521613 0.0217158 0.852928 19.6925
0.823878 0.0476683 -0.564783 -2.54447 -0.052383 0.998605 0.00786814 -0.189756 0.564366 0.0231004 0.825221 19.9744
0.793918 0.050222 -0.605973 -2.89567 -0.0536745 0.998486 0.0124298 -0.184296 0.605677 0.0226548 0.795412 20.2559
0.759517 0.053926 -0.64827 -3.21789 -0.0566174 0.998265 0.0167058 -0.159806 0.648043 0.0240128 0.761248 20.5339
0.722263 0.0552633 -0.689433 -3.54284 -0.055761 0.998216 0.0215976 -0.154714 0.689393 0.022842 0.724056 20.822
0.683025 0.055024 -0.72834 -3.90435 -0.0537443 0.99825 0.0250138 -0.149684 0.728438 0.0220566 0.684783 21.1147
0.645213 0.0533675 -0.762162 -4.29564 -0.0501364 0.998371 0.0274632 -0.119969 0.762382 0.02049 0.646837 21.3282
0.602915 0.0534116 -0.796035 -4.69278 -0.0470867 0.998409 0.0313262 -0.113524 0.796437 0.0185931 0.604467 21.5666
0.558196 0.0538668 -0.827983 -5.126 -0.0461074 0.998368 0.0338674 -0.0910681 0.828452 0.0192689 0.559769 21.8166
0.511026 0.0552201 -0.857808 -5.57904 -0.0474351 0.998235 0.0360004 -0.0911727 0.858277 0.0222904 0.51274 22.0204
0.459098 0.0553768 -0.886681 -6.04318 -0.0448765 0.998233 0.0391077 -0.0759334 0.887276 0.0218343 0.460773 22.2382
0.407923 0.0543189 -0.911416 -6.53803 -0.0400065 0.998343 0.041593 -0.0563425 0.91216 0.0194932 0.409418 22.4
0.35376 0.0530608 -0.933853 -7.09063 -0.0381205 0.998384 0.0422865 -0.0198999 0.934584 0.0206371 0.355212 22.6032
0.302476 0.0588593 -0.951355 -7.61914 -0.0390235 0.998029 0.0493389 0.013858 0.952378 0.0221987 0.304176 22.7341
0.253374 0.0628629 -0.965347 -8.19944 -0.0385084 0.997758 0.0548662 0.0609437 0.966627 0.0232696 0.255228 22.8258
0.208144 0.0627824 -0.976099 -8.84536 -0.0361996 0.997758 0.0564556 0.112555 0.977449 0.0235811 0.20995 22.8864
0.162053 0.0651079 -0.984657 -9.42124 -0.0316371 0.997659 0.0607611 0.118922 0.986301 0.0213024 0.163734 22.9996
0.120613 0.0632251 -0.990703 -10.0869 -0.0318015 0.997713 0.0598003 0.156042 0.992212 0.0242909 0.122348 23.0753
0.0844215 0.0578939 -0.994773 -10.7694 -0.0347882 0.997883 0.0551226 0.220556 0.99585 0.02995 0.0862579 23.1159
0.0548669 0.0575212 -0.996854 -11.4686 -0.036484 0.997798 0.055567 0.267284 0.99785 0.0333181 0.0568457 23.1517
0.0320428 0.0600043 -0.99771 -12.134 -0.0389386 0.997523 0.0587426 0.317101 0.998755 0.0369642 0.0343012 23.1717
0.0190293 0.0656622 -0.997679 -12.8587 -0.0376916 0.997188 0.0649103 0.3512 0.999132 0.0363663 0.021452 23.1758
0.0105127 0.0671445 -0.997716 -13.5987 -0.0375921 0.997075 0.0667054 0.412005 0.999267 0.0368021 0.0130074 23.1837
0.00827811 0.0659481 -0.997809 -14.3755 -0.0372673 0.99716 0.0655954 0.429924 0.999297 0.03664 0.0107136 23.1483
0.0112847 0.0614829 -0.998073 -15.1468 -0.0294335 0.997707 0.0611276 0.477205 0.999532 0.0286842 0.0130698 23.113
0.0153422 0.0590473 -0.998158 -15.9663 -0.0177362 0.998124 0.0587721 0.530059 0.999752 0.0167992 0.0163618 23.1394
0.0206407 0.0586858 -0.998097 -16.8237 -0.0180572 0.998145 0.0583158 0.582708 0.999656 0.0168166 0.0216635 23.1628
0.0242926 0.0558696 -0.998164 -17.7177 -0.0200254 0.998275 0.0553878 0.642821 0.999534 0.0186411 0.0253709 23.217
0.0371046 0.0459798 -0.998289 -19.0409 -0.0143515 0.998875 0.0454735 0.740683 0.999243 0.0126372 0.0377243 23.2066
0.039108 0.0331436 -0.998709 -19.9366 -0.0166812 0.999344 0.0325111 0.807122 0.999126 0.0153866 0.0396368 23.2478
0.0378279 0.0246739 -0.999016 -20.92 -0.0237807 0.999449 0.0237841 0.841072 0.999035 0.0228549 0.0383953 23.314
0.0385799 0.0218879 -0.99904 -21.9292 -0.0295199 0.999361 0.0207545 0.87098 0.99885 0.0286892 0.039203 23.2949
0.0381189 0.0280602 -0.998916 -22.8773 -0.0389424 0.998903 0.0265739 0.901531 0.998548 0.0378842 0.0391714 23.2476
0.0349442 0.0363257 -0.998755 -23.7732 -0.0448571 0.998402 0.0347428 0.924456 0.998413 0.0435855 0.0365195 23.2222
0.0290355 0.0458735 -0.998563 -24.8006 -0.046166 0.997958 0.0445037 0.956701 0.998546 0.0448042 0.0310955 23.2687
0.0261799 0.0550268 -0.998168 -25.8113 -0.0475494 0.997436 0.0537384 1.00695 0.998557 0.0460536 0.028731 23.3068
0.0226039 0.061253 -0.997904 -26.7873 -0.045315 0.997176 0.060182 1.06017 0.998751 0.0438565 0.0253173 23.3737
0.018627 0.0616544 -0.997951 -27.8635 -0.0439646 0.997196 0.0607863 1.11762 0.998891 0.0427405 0.0212873 23.4239
0.0153579 0.0581676 -0.998227 -28.8444 -0.0443574 0.997381 0.057436 1.16616 0.998932 0.0433934 0.0178994 23.4664
0.0117028 0.0554626 -0.998419 -30.0222 -0.0454674 0.997472 0.054876 1.18826 0.998928 0.0447517 0.014197 23.4893
0.00663522 0.0509346 -0.998719 -31.045 -0.0454012 0.997706 0.0505813 1.21667 0.998981 0.045004 0.00893425 23.4951
0.000593904 0.0458078 -0.998977 -32.0614 -0.0442751 0.997986 0.0457352 1.25969 0.99905 0.044201 0.00262325 23.4986
-0.00353981 0.0438295 -0.999074 -33.1123 -0.0451102 0.998035 0.0439439 1.29859 0.99901 0.0452204 -0.0015536 23.4436
-0.00435516 0.0460214 -0.99896 -34.1127 -0.043584 0.997997 0.0461663 1.32941 0.99907 0.043738 -0.00233812 23.3543
-0.0090034 0.0502697 -0.998738 -35.1972 -0.045262 0.997712 0.0506263 1.37746 0.998971 0.045657 -0.00670531 23.3082
-0.0149787 0.0513342 -0.998598 -36.2006 -0.0457851 0.997614 0.0519696 1.42654 0.998869 0.0464976 -0.0125899 23.2542
-0.0187229 0.0532257 -0.998452 -37.2979 -0.0493798 0.997335 0.0540924 1.47888 0.998643 0.0503123 -0.0160422 23.2097
-0.0228449 0.0530134 -0.998362 -38.3838 -0.0539267 0.99709 0.0541791 1.54578 0.998314 0.0550742 -0.0199168 23.1925
-0.0248114 0.0538728 -0.998284 -39.4641 -0.056285 0.99691 0.0551977 1.58938 0.998146 0.0575539 -0.0216997 23.1619
-0.0242197 0.053898 -0.998283 -40.6098 -0.0589817 0.996746 0.0552452 1.63515 0.997996 0.0602164 -0.0209588 23.0873
-0.0248228 0.0533447 -0.998313 -41.6727 -0.0596258 0.99674 0.0547436 1.67283 0.997952 0.0608798 -0.0215585 23.0268
-0.0259207 0.0530722 -0.998286 -42.795 -0.0609933 0.996663 0.0545688 1.71472 0.997834 0.0623012 -0.022594 22.9892
-0.0264043 0.0523261 -0.998325 -43.8529 -0.0629366 0.996583 0.0538995 1.75836 0.997709 0.06425 -0.0230179 22.9291
-0.0286611 0.049168 -0.998412 -44.907 -0.0678372 0.996408 0.0510161 1.81476 0.997318 0.0691895 -0.0252193 22.909
-0.0279383 0.0453461 -0.998625 -46.0815 -0.0735859 0.996189 0.0472942 1.84661 0.99694 0.0748011 -0.0244919 22.8498
-0.0267624 0.0451439 -0.998655 -47.1813 -0.0743818 0.996137 0.0470228 1.87682 0.996906 0.0755377 -0.0232977 22.7981
-0.0235168 0.0503587 -0.998498 -48.2669 -0.0752639 0.995829 0.0519968 1.90535 0.996927 0.0763686 -0.0196254 22.7144
-0.0221977 0.0535665 -0.998352 -49.474 -0.0741231 0.995745 0.0550741 1.94656 0.997037 0.0752209 -0.0181293 22.7079
-0.0207627 0.0534416 -0.998397 -50.5345 -0.0726161 0.995874 0.0548166 1.9837 0.997185 0.0736327 -0.0167931 22.6615
-0.0178441 0.0524376 -0.9985 -51.6762 -0.0716017 0.99601 0.0535859 2.02014 0.99731 0.0724479 -0.0140147 22.6343
-0.0140996 0.0540154 -0.998484 -52.7815 -0.0748368 0.995706 0.0549216 2.04667 0.997137 0.0754928 -0.00999352 22.5856
-0.00984675 0.055 -0.998473 -53.9525 -0.0787661 0.995359 0.0556046 2.09704 0.99688 0.0791905 -0.00546545 22.5926
-0.00407853 0.0544048 -0.998556 -55.1399 -0.0818884 0.995172 0.0545547 2.15159 0.996675 0.0819874 0.000399515 22.5791
0.000584258 0.053288 -0.998615 -56.2755 -0.0831037 0.995146 0.0530536 2.20016 0.996576 0.0829549 0.00501315 22.5873
0.00539366 0.0523497 -0.998659 -57.4016 -0.0822176 0.995295 0.0517291 2.24754 0.996642 0.081823 0.00967542 22.599
0.0090571 0.0504918 -0.99872 -58.564 -0.0782947 0.995712 0.049629 2.29675 0.996925 0.0777423 0.0129747 22.6387
0.013503 0.0505297 -0.998676 -59.7101 -0.0769763 0.995833 0.049345 2.34243 0.996984 0.0762028 0.0173394 22.6664
0.0189371 0.0500548 -0.998604 -60.8487 -0.0751031 0.996014 0.0485001 2.40677 0.997033 0.0740771 0.0226242 22.6795
0.0249903 0.0504842 -0.998458 -62.0219 -0.0760941 0.995945 0.0484526 2.46114 0.99683 0.0747605 0.0287334 22.6965
0.0298653 0.0492502 -0.998377 -63.1828 -0.0753987 0.996069 0.0468802 2.5025 0.996743 0.0738733 0.0334647 22.7303
0.0334197 0.0448572 -0.99848 -64.372 -0.0752557 0.99629 0.0422399 2.53265 0.996647 0.0737243 0.0366742 22.7879
0.0374754 0.0390356 -0.998573 -65.5382 -0.0749225 0.996554 0.0361442 2.56969 0.996523 0.0734581 0.0402742 22.8316
0.0421566 0.0375254 -0.998452 -66.6713 -0.0754887 0.996579 0.0342677 2.61615 0.996299 0.0739217 0.0448478 22.8424
0.0454158 0.038662 -0.998259 -67.8608 -0.0750332 0.99658 0.0351827 2.65697 0.996185 0.0733015 0.0481646 22.8827
0.0489091 0.0384144 -0.998109 -69.0131 -0.0747956 0.996616 0.0346916 2.68197 0.996042 0.0729519 0.0516193 22.8974
0.0516048 0.0386281 -0.997959 -70.1935 -0.0765999 0.99648 0.0346094 2.70392 0.995764 0.0746543 0.0543851 22.9164
0.053158 0.041174 -0.997785 -71.3658 -0.0769647 0.996368 0.0370152 2.7055 0.995659 0.0748207 0.0561363 22.9505
0.0525213 0.0420918 -0.997773 -72.4617 -0.0770837 0.99632 0.0379725 2.68433 0.995679 0.0749145 0.0555754 23.0275
0.0536585 0.0412842 -0.997753 -73.674 -0.0769494 0.996365 0.0370886 2.69028 0.995632 0.0747804 0.0566428 23.0853
0.0557685 0.0404156 -0.997666 -74.8864 -0.0753758 0.996518 0.0361552 2.71218 0.995635 0.0731804 0.0586234 23.1284
0.0562854 0.0403628 -0.997644 -76.0816 -0.0719667 0.996768 0.0362671 2.73396 0.99586 0.0697501 0.0590105 23.1926
0.0570795 0.0408524 -0.997574 -77.2804 -0.0700634 0.996882 0.0368147 2.75997 0.995949 0.067789 0.0597665 23.2521
0.0581099 0.0429923 -0.997433 -78.4568 -0.0703639 0.996784 0.0388651 2.79381 0.99587 0.0679188 0.0609506 23.2984
0.0587139 0.0459402 -0.997259 -79.6433 -0.0729563 0.996487 0.0416089 2.83133 0.995646 0.07031 0.0618618 23.3629
0.0585974 0.0452423 -0.997306 -80.8363 -0.0755733 0.996327 0.0407577 2.87078 0.995461 0.0729753 0.0618036 23.4437
0.0592332 0.043042 -0.997359 -82.03 -0.0764777 0.996351 0.0384561 2.90345 0.995352 0.0739944 0.0623113 23.5067
0.0609171 0.0380084 -0.99747 -83.2222 -0.0778051 0.996437 0.0332174 2.95906 0.995151 0.0755787 0.0636595 23.5571
0.0607637 0.0364198 -0.997531 -84.4232 -0.0755408 0.996658 0.0317861 2.98658 0.995333 0.0734194 0.0633143 23.6359
0.0601264 0.0356248 -0.997607 -85.6083 -0.0750686 0.996717 0.0310687 3.02648 0.995409 0.0730149 0.0626055 23.7141
0.0597453 0.0371366 -0.997567 -86.8139 -0.074829 0.996685 0.0326218 3.05871 0.995448 0.0726946 0.0623287 23.7961
0.0594312 0.0389406 -0.997526 -87.996 -0.0755427 0.996571 0.0344028 3.08217 0.995414 0.0733052 0.0621714 23.878
0.05931 0.0390513 -0.99752 -89.1764 -0.0769163 0.996465 0.0344363 3.10402 0.995315 0.0746797 0.0621066 23.9455
0.0596431 0.035694 -0.997633 -90.3489 -0.0766403 0.996597 0.0310749 3.13326 0.995317 0.0745998 0.0621779 24.0162
0.0567863 0.0319193 -0.997921 -91.4135 -0.0707541 0.997126 0.0278671 3.17571 0.995919 0.0690217 0.0588843 24.1042
0.0564878 0.0322683 -0.997934 -92.5899 -0.0688354 0.99725 0.0283495 3.19382 0.996073 0.0670864 0.0585561 24.1721
0.0553604 0.0346314 -0.997911 -93.7623 -0.0661393 0.997352 0.0309423 3.21329 0.996317 0.0642855 0.0575074 24.2522
0.055577 0.0343998 -0.997917 -94.8797 -0.0645511 0.997463 0.0307891 3.27325 0.99641 0.0627 0.0576593 24.2983
0.055321 0.0353863 -0.997885 -96.063 -0.0650964 0.997394 0.0317593 3.30218 0.996387 0.0631993 0.0574835 24.3611
0.0566842 0.0372271 -0.997754 -97.2185 -0.0675266 0.997184 0.0333695 3.32215 0.996152 0.0654778 0.0590412 24.3888
0.0570677 0.036696 -0.997739 -98.4526 -0.0691893 0.997088 0.0327136 3.33668 0.996011 0.0671639 0.0594437 24.4574
0.0562504 0.0330914 -0.997923 -99.6337 -0.0699086 0.997153 0.0291252 3.34009 0.996013 0.0681196 0.0584063 24.5332
0.058366 0.0318128 -0.997832 -100.811 -0.0719846 0.997046 0.0275761 3.34996 0.995739 0.0702169 0.0604869 24.5626
0.0579049 0.0294584 -0.997943 -101.943 -0.0720588 0.997105 0.0252524 3.36868 0.995764 0.070443 0.059863 24.6243
0.056683 0.0292564 -0.998008 -103.115 -0.0698156 0.997262 0.0252683 3.38452 0.99599 0.068242 0.0585736 24.705
0.0559352 0.030659 -0.99802 -104.291 -0.0691845 0.99727 0.0267583 3.40545 0.99608 0.0675456 0.0579067 24.7738
0.0555486 0.0312595 -0.998013 -105.493 -0.0674078 0.997371 0.0274865 3.43646 0.99622 0.0657448 0.0575131 24.8461
0.0553371 0.0290803 -0.998101 -106.656 -0.0709283 0.997191 0.0251212 3.46659 0.995992 0.0693981 0.0572474 24.8941
0.0533096 0.0295004 -0.998189 -107.845 -0.0740946 0.996949 0.0255056 3.49454 0.995868 0.0725982 0.0553363 24.9547
0.0529616 0.0291 -0.99823 -109.014 -0.0774516 0.99671 0.0249462 3.49979 0.995635 0.0759876 0.0550442 25.0028
0.0516996 0.0241314 -0.998417 -110.215 -0.0777118 0.996797 0.0200673 3.52385 0.995678 0.0765487 0.0534129 25.0689
0.0516403 0.0201944 -0.998521 -111.417 -0.0776334 0.996877 0.016146 3.53076 0.99569 0.0766788 0.05305 25.1066
0.0500626 0.0186444 -0.998618 -112.603 -0.0730351 0.99724 0.0149565 3.53276 0.996117 0.0721828 0.0512898 25.1722
0.0481035 0.0185018 -0.998731 -113.813 -0.0667671 0.997678 0.0152663 3.5019 0.996656 0.0659422 0.0492305 25.2472
0.046834 0.0220335 -0.998706 -115.006 -0.0668936 0.997604 0.0188713 3.48081 0.996705 0.0659207 0.0481995 25.2907
0.0447485 0.0252878 -0.998738 -116.228 -0.0656142 0.997622 0.0223195 3.49965 0.996889 0.0645269 0.0463048 25.3545
0.0459499 0.0256519 -0.998662 -117.46 -0.064254 0.997699 0.0226698 3.50729 0.99692 0.0631237 0.0474963 25.3618
0.0468522 0.0221059 -0.998717 -118.679 -0.0651079 0.997724 0.0190293 3.50575 0.996826 0.0641272 0.0481882 25.369
0.0438593 0.0192187 -0.9989 -119.934 -0.0654316 0.997746 0.0163227 3.50004 0.996939 0.0646409 0.0450222 25.4465
0.0432512 0.0191051 -0.998942 -121.214 -0.0647959 0.997793 0.0162773 3.48474 0.997009 0.0640175 0.0443971 25.4824
0.0431421 0.020707 -0.998903 -122.469 -0.0670972 0.997611 0.0177814 3.48697 0.996859 0.0662534 0.0444326 25.512
0.0426021 0.02658 -0.998799 -123.72 -0.0720567 0.997153 0.0234625 3.47979 0.996538 0.0709647 0.0443995 25.5476
0.0424167 0.0303454 -0.998687 -124.989 -0.0778284 0.996624 0.0269761 3.48735 0.99611 0.0765788 0.0446394 25.5818
0.0429004 0.0309429 -0.998661 -126.28 -0.0850548 0.996033 0.0272076 3.495 0.995501 0.0837673 0.0453655 25.6051
0.0421802 0.0294938 -0.998723 -127.57 -0.088336 0.995783 0.0256752 3.50575 0.995243 0.0871366 0.0446118 25.6585
0.0397332 0.0281838 -0.998872 -128.826 -0.0905096 0.995623 0.0244915 3.51526 0.99515 0.0894279 0.0421137 25.7203
0.0370534 0.0273068 -0.998989 -130.101 -0.0898417 0.995692 0.0238834 3.52527 0.995313 0.0888622 0.0393515 25.7876
0.0352634 0.0249626 -0.999127 -131.365 -0.0863369 0.996057 0.0218384 3.5468 0.99569 0.0854851 0.0372833 25.8372
0.0376517 0.0207901 -0.999123 -132.593 -0.085998 0.996165 0.0174867 3.64589 0.99563 0.0852607 0.0392997 25.7852
0.0341334 0.0251407 -0.999163 -133.837 -0.0860766 0.996073 0.0221221 3.65395 0.995752 0.085243 0.0361673 25.8697
0.0329144 0.0290977 -0.999084 -135.139 -0.0840152 0.996142 0.026243 3.65977 0.995968 0.083071 0.0352369 25.9151
0.0317232 0.0272608 -0.999188 -136.406 -0.084283 0.99617 0.0245023 3.67545 0.995985 0.0834306 0.0339033 25.9611
0.0309426 0.0263241 -0.999225 -137.667 -0.0840519 0.996205 0.0236407 3.67826 0.99603 0.0832515 0.0330428 26.0051
0.0311259 0.0245835 -0.999277 -138.951 -0.0815286 0.99646 0.0219743 3.69593 0.996233 0.0807791 0.033024 26.0464
0.0304018 0.0243844 -0.999291 -140.212 -0.0820638 0.996412 0.0218165 3.69087 0.996213 0.0813386 0.032299 26.0898
0.0323792 0.0269739 -0.999174 -141.462 -0.0832978 0.99626 0.0241954 3.70559 0.996048 0.0824389 0.034509 26.0711
0.0324794 0.0311676 -0.999038 -142.649 -0.0850405 0.995999 0.028307 3.7002 0.995898 0.0840353 0.0350051 26.0774
0.0324153 0.033759 -0.998968 -143.788 -0.0861698 0.995832 0.0308566 3.68616 0.995803 0.0850735 0.0351934 26.0824
0.0320493 0.0303537 -0.999077 -145.055 -0.087719 0.995792 0.0274387 3.70872 0.995679 0.0867547 0.0345823 26.1314
0.0334816 0.0275284 -0.999125 -146.305 -0.0866059 0.995971 0.0245389 3.72129 0.99573 0.0857012 0.0357353 26.1281
0.031678 0.0238951 -0.999264 -147.518 -0.0825763 0.996384 0.0212073 3.75323 0.996131 0.0818398 0.0335422 26.1992
0.0308202 0.0221587 -0.999344 -148.753 -0.0801236 0.996623 0.0196269 3.7692 0.996358 0.0794591 0.0324962 26.2291
0.0299538 0.0219763 -0.999362 -149.982 -0.0780835 0.99678 0.0195781 3.78559 0.996547 0.0774433 0.031579 26.2546
0.0289791 0.0199606 -0.999447 -151.251 -0.0759118 0.996989 0.01771 3.78996 0.996743 0.0753497 0.0304119 26.2936
0.0299436 0.0200322 -0.999403 -152.522 -0.0752101 0.997035 0.0177302 3.7917 0.99677 0.0746304 0.0313675 26.2961
0.0288029 0.0217211 -0.999419 -153.742 -0.0720285 0.997244 0.0195976 3.80385 0.997038 0.071415 0.030293 26.3287
0.0275564 0.021502 -0.999442 -154.988 -0.0674188 0.997558 0.0196014 3.82321 0.997396 0.0668374 0.028945 26.3675
0.0268131 0.0182802 -0.999544 -156.228 -0.0628919 0.997917 0.0165629 3.84085 0.997711 0.0624123 0.027912 26.4062
0.0244849 0.0189706 -0.999574 -157.471 -0.0630922 0.997882 0.017392 3.82928 0.997759 0.0626358 0.0256364 26.449
0.0234393 0.0240116 -0.999506 -158.698 -0.0643623 0.997709 0.0224585 3.82883 0.997704 0.0637972 0.0249362 26.4791
0.0234874 0.0298519 -0.999332 -159.958 -0.0689231 0.99725 0.0281686 3.84011 0.997397 0.0682115 0.0254867 26.519
0.0257581 0.0303578 -0.999277 -161.17 -0.0733202 0.996938 0.0283963 3.8495 0.997029 0.0725284 0.0279101 26.4899
0.027608 0.0272133 -0.999304 -162.426 -0.0771996 0.996729 0.0250093 3.85459 0.996686 0.0764511 0.0296248 26.4946
0.0280771 0.0224436 -0.999422 -163.658 -0.0794118 0.996673 0.0201501 3.85275 0.996499 0.0787929 0.0297711 26.5185
0.027597 0.022636 -0.999419 -164.901 -0.0822923 0.996428 0.0202949 3.82891 0.996279 0.0816799 0.0293675 26.568
0.0292048 0.0200923 -0.99944 -166.054 -0.0777137 0.996854 0.0177685 3.81195 0.996601 0.0771441 0.0306794 26.5656
0.028137 0.019211 -0.999476 -167.344 -0.0778488 0.996847 0.0169679 3.75689 0.996621 0.0773261 0.0295504 26.623
0.0272525 0.0165579 -0.999564 -168.527 -0.0729776 0.997268 0.0145292 3.73945 0.997016 0.0725427 0.0283916 26.6398
0.0250102 0.0204229 -0.999536 -169.774 -0.0710825 0.997324 0.0185979 3.73127 0.997211 0.0705802 0.0264017 26.6811
0.0228774 0.0267842 -0.999452 -171.073 -0.0698813 0.997278 0.0251254 3.72743 0.997349 0.0692609 0.0246922 26.7711
0.0229781 0.0296828 -0.999352 -172.291 -0.0717551 0.997058 0.0279636 3.74429 0.997212 0.0710617 0.0250472 26.7981
0.0252112 0.026167 -0.999411 -173.503 -0.0744973 0.996966 0.0242227 3.76029 0.996959 0.0738352 0.0270894 26.7991
0.0251128 0.0267425 -0.999383 -174.758 -0.0767438 0.996771 0.024743 3.76744 0.996789 0.0760706 0.0270907 26.8357
0.0258875 0.0274783 -0.999359 -175.967 -0.0735194 0.997006 0.0255082 3.77732 0.997014 0.0728042 0.0278355 26.8586
0.0224762 0.0248962 -0.999494 -177.187 -0.071226 0.997217 0.0232366 3.78638 0.997261 0.0706632 0.0241939 26.9471
0.0235755 0.0234659 -0.999519 -178.363 -0.0704234 0.997318 0.0217524 3.79243 0.997295 0.0698691 0.0251706 26.9738
0.0263199 0.0249374 -0.999402 -179.54 -0.0717095 0.997189 0.0229924 3.80374 0.997134 0.0710571 0.0280411 26.9766
0.0269766 0.0258443 -0.999376 -180.671 -0.0719571 0.997159 0.023844 3.81301 0.997099 0.0712613 0.0287657 27.0076
0.0279109 0.0274957 -0.999293 -181.774 -0.0729076 0.997045 0.0253961 3.81223 0.997005 0.0721429 0.02984 27.0225
0.0283968 0.02844 -0.999265 -182.796 -0.0722562 0.997073 0.0263236 3.81194 0.997038 0.0714481 0.0303748 27.0419
0.0280839 0.0294867 -0.999231 -183.835 -0.0717372 0.997076 0.0274055 3.81291 0.997084 0.0709081 0.0301242 27.0594
0.0279579 0.0288606 -0.999265 -184.841 -0.072028 0.997077 0.0267815 3.81199 0.997067 0.071219 0.0299611 27.089
0.02924 0.0284476 -0.999229 -185.827 -0.0724611 0.997055 0.0262639 3.81662 0.997 0.0716329 0.0312225 27.1095
0.0282313 0.0302447 -0.999218 -186.804 -0.0700762 0.997177 0.0282023 3.78074 0.997199 0.0692178 0.0302773 27.2113
0.0280083 0.0284389 -0.999266 -187.744 -0.0687346 0.997315 0.0264553 3.79058 0.997299 0.0679389 0.0298953 27.2262
0.0239307 0.0250852 -0.999473 -188.706 -0.0662132 0.997564 0.0234511 3.79377 0.997576 0.06561 0.0255399 27.2661
0.0189251 0.0216681 -0.999649 -189.641 -0.066634 0.997601 0.0203608 3.79731 0.997656 0.0662212 0.0203315 27.2847
0.0133489 0.0195006 -0.999796 -190.56 -0.0684193 0.997521 0.0185419 3.78236 0.997626 0.0681505 0.0146569 27.2938
0.00946523 0.0193062 -0.999834 -191.535 -0.0701813 0.997394 0.0185932 3.7731 0.99755 0.069989 0.0108041 27.2947
0.00645252 0.0209219 -0.999835 -192.472 -0.0723815 0.997204 0.0203989 3.75736 0.997415 0.0722305 0.00795629 27.2857
0.00420078 0.0231598 -0.999788 -193.409 -0.0713788 0.997221 0.0227989 3.74349 0.997502 0.0712631 0.00585103 27.2749
0.00171162 0.025064 -0.999759 -194.326 -0.0684363 0.997382 0.0248864 3.73856 0.997712 0.0683701 0.00343006 27.2834
-0.000766563 0.026056 -0.999726 -195.268 -0.0666459 0.997469 0.0260469 3.7295 0.997838 0.066643 0.000981023 27.299
-0.00255789 0.0250943 -0.999755 -196.18 -0.0668582 0.99748 0.0252074 3.73169 0.997818 0.0668992 -0.000865904 27.2989
-0.00436706 0.0242605 -0.999762 -197.094 -0.0686633 0.997371 0.0245009 3.73273 0.997692 0.0687491 -0.00268049 27.2998
-0.00457308 0.02382 -0.999779 -198.017 -0.0723617 0.997124 0.0240868 3.73756 0.997427 0.0724486 -0.00282834 27.2853
-0.0039484 0.0222475 -0.99981 -198.96 -0.0750798 0.996956 0.0224791 3.74194 0.997232 0.0751494 -0.00225683 27.2712
-0.00348734 0.0204809 -0.999858 -199.864 -0.0752204 0.996987 0.0206836 3.73362 0.99722 0.0752742 -0.00192829 27.2611
-0.00288397 0.0187073 -0.999887 -200.773 -0.0751833 0.997024 0.0188692 3.72498 0.997226 0.0752243 -0.00145961 27.2471
-0.0019229 0.0196973 -0.999879 -201.73 -0.075487 0.996985 0.0197847 3.70974 0.997204 0.0755081 -0.000422258 27.2341
-0.00227989 0.0227742 -0.999806 -202.67 -0.072673 0.997127 0.0228775 3.71074 0.997415 0.0727061 -0.000609055 27.2424
-0.00249884 0.0243788 -0.999777 -203.619 -0.0718069 0.997152 0.0244936 3.7118 0.997475 0.0718441 -0.000733279 27.2337
-0.00147821 0.0211995 -0.999842 -204.585 -0.0667685 0.997576 0.0212489 3.71134 0.99783 0.0667847 -4.99181e-05 27.2306
0.000142797 0.0177966 -0.999921 -205.499 -0.0651039 0.997756 0.0177481 3.71984 0.997938 0.0650886 0.001309 27.2059
0.00149155 0.0193632 -0.999881 -206.456 -0.0688361 0.997478 0.0192126 3.71819 0.99769 0.0687945 0.00282983 27.1841
0.00342658 0.0237727 -0.999791 -207.429 -0.0701631 0.997294 0.0234724 3.71789 0.99759 0.0700599 0.00509301 27.1694
0.00505128 0.0238573 -0.999773 -208.416 -0.067325 0.997492 0.0234613 3.72201 0.997782 0.0671867 0.00665375 27.1733
0.0072772 0.0256275 -0.999726 -209.396 -0.0656793 0.997562 0.0250935 3.73008 0.997876 0.0654708 0.00895026 27.1725
0.00920551 0.0314594 -0.999533 -210.379 -0.0659809 0.997383 0.0307825 3.73202 0.997843 0.0656622 0.0112659 27.1701
0.012187 0.0356661 -0.999371 -211.377 -0.0629429 0.997446 0.0348295 3.74357 0.998005 0.0624709 0.0144083 27.1598
0.0131578 0.0363089 -0.999325 -212.364 -0.0628386 0.997432 0.0354113 3.7597 0.998001 0.0623258 0.0154142 27.169
0.0140554 0.0393541 -0.999208 -213.381 -0.0664097 0.997093 0.0383362 3.75349 0.997756 0.0658101 0.0166355 27.2145
0.0185928 0.0409482 -0.999061 -214.416 -0.0686035 0.996896 0.0395813 3.77441 0.997535 0.0677984 0.0213527 27.1963
0.0226025 0.041471 -0.998967 -215.422 -0.0697986 0.996804 0.0398016 3.79489 0.997368 0.0688184 0.025432 27.1952
0.0215943 0.0417018 -0.998969 -216.457 -0.0726143 0.996594 0.0400313 3.77759 0.997191 0.07167 0.0245572 27.2913
0.024319 0.038534 -0.999042 -217.513 -0.0727014 0.996718 0.0366738 3.80639 0.997122 0.0717312 0.0270477 27.313
0.025363 0.0366027 -0.999081 -218.557 -0.07145 0.996879 0.0347066 3.8413 0.997187 0.0704993 0.0279073 27.3457
0.0273075 0.0381703 -0.998981 -219.617 -0.0715526 0.996821 0.0361313 3.87043 0.997127 0.0704841 0.0299589 27.3608
0.0281433 0.0410401 -0.998835 -220.71 -0.0727985 0.996627 0.0388965 3.90186 0.997016 0.071614 0.0310439 27.3952
0.0317568 0.0403449 -0.998764 -221.784 -0.0731983 0.996636 0.037931 3.93402 0.996876 0.0718943 0.0346101 27.3857
0.0317931 0.0369406 -0.998886 -222.843 -0.0711319 0.996907 0.0346019 3.9674 0.997028 0.0699475 0.0343304 27.4223
0.0331352 0.0333655 -0.998979 -223.916 -0.0685878 0.997202 0.0310309 3.99739 0.99716 0.0674809 0.0353382 27.4249
0.034612 0.031645 -0.998976 -225.006 -0.0668673 0.997374 0.0292759 4.02734 0.99723 0.0657809 0.0366455 27.431
0.0349508 0.03213 -0.998958 -226.023 -0.0659397 0.997419 0.0297733 4.03498 0.997277 0.0648218 0.0369865 27.4554
0.0342356 0.0309237 -0.999013 -227.148 -0.0627173 0.99766 0.028731 4.07698 0.997513 0.0616672 0.0361036 27.5023
0.0343312 0.0311589 -0.99901 -228.224 -0.0642665 0.997553 0.0289047 4.11508 0.997407 0.0632022 0.0362572 27.5172
0.0334151 0.0325302 -0.99899 -229.399 -0.0644652 0.9975 0.0303239 4.15596 0.99743 0.0633821 0.0354374 27.5543
0.0315293 0.0352519 -0.998966 -230.544 -0.0648314 0.997385 0.0331498 4.1618 0.997464 0.0637108 0.03374 27.6018
0.0306365 0.0372303 -0.998916 -231.637 -0.066833 0.997187 0.0351145 4.18873 0.997364 0.06568 0.0330474 27.6159
0.0302324 0.0389511 -0.998869 -232.779 -0.0699179 0.996914 0.0367586 4.20351 0.997161 0.0687189 0.0328703 27.6144
0.0299882 0.0377328 -0.998917 -233.943 -0.0717647 0.996831 0.035498 4.23008 0.997039 0.0706174 0.0326101 27.6154
0.0301641 0.0337852 -0.99906 -235.034 -0.0689099 0.997161 0.0316402 4.25142 0.997234 0.0678821 0.0324144 27.6041
0.0292339 0.0283517 -0.999251 -236.246 -0.0652928 0.997559 0.0263921 4.25665 0.997507 0.0644675 0.031023 27.6435
0.0285526 0.0245782 -0.999377 -237.393 -0.0601535 0.997968 0.0228246 4.26023 0.997848 0.0594564 0.029981 27.6376
0.0285994 0.0244453 -0.999373 -238.595 -0.0538133 0.998331 0.0228783 4.28413 0.998211 0.0531212 0.0298765 27.63
0.0281596 0.0279054 -0.999301 -239.756 -0.0491033 0.998482 0.0264985 4.29984 0.998464 0.0483155 0.0294951 27.6154
0.026943 0.0309884 -0.999239 -240.977 -0.0467433 0.998509 0.0297038 4.3062 0.998615 0.0459036 0.0283607 27.6243
0.0261493 0.0311423 -0.999261 -242.151 -0.0431237 0.99866 0.0299948 4.30793 0.998796 0.0423004 0.0274653 27.6242
0.0264904 0.03187 -0.999226 -243.373 -0.042877 0.998651 0.0307137 4.33521 0.998801 0.0420265 0.0278307 27.6014
0.025291 0.0336124 -0.999203 -244.594 -0.0417941 0.998637 0.032535 4.35231 0.998876 0.0409307 0.0266694 27.6057
0.023989 0.0330839 -0.999249 -245.803 -0.040919 0.998689 0.0320817 4.37578 0.998946 0.0401151 0.0253212 27.6096
0.023492 0.0314742 -0.999317 -247.015 -0.0394479 0.998796 0.0305299 4.41735 0.999015 0.0386966 0.0247134 27.6607
0.0202671 0.0312939 -0.99939 -248.252 -0.0380841 0.998851 0.0305034 4.44093 0.999142 0.0374393 0.0214457 27.714
0.0162441 0.0327877 -0.999423 -249.503 -0.0381623 0.998796 0.0321466 4.45465 0.999212 0.0376107 0.0174844 27.7563
0.0120723 0.0327594 -0.999475 -250.761 -0.0383471 0.998785 0.0322723 4.48221 0.999265 0.0379339 0.0133244 27.795
0.009032 0.0329824 -0.999507 -252.029 -0.0395149 0.998729 0.0325993 4.51538 0.999251 0.0391936 0.0103328 27.816
0.00695113 0.0345328 -0.999464 -253.308 -0.0415166 0.998594 0.0342127 4.54106 0.999186 0.041253 0.00838593 27.8111
0.00475936 0.036107 -0.99943 -254.578 -0.0429709 0.998476 0.0358674 4.55494 0.999139 0.042768 0.00631277 27.8108
0.0039829 0.035791 -0.999436 -255.873 -0.0464891 0.998329 0.0355647 4.58897 0.998984 0.0463174 0.00565126 27.7989
0.00258108 0.0353659 -0.999463 -257.143 -0.0473761 0.998302 0.0352016 4.6226 0.998949 0.047252 0.00426146 27.8126
0.00188294 0.0331091 -0.999537 -258.41 -0.0454113 0.998469 0.0329867 4.66195 0.999041 0.0453244 0.00339505 27.8158
0.00114451 0.0339847 -0.999515 -259.582 -0.0454595 0.998436 0.0338953 4.64087 0.999041 0.0453908 0.00269709 27.7757
0.000576151 0.0335121 -0.999526 -260.845 -0.0445727 0.998491 0.0334504 4.66168 0.99908 0.0445284 0.00208058 27.7644
-0.000399447 0.0338042 -0.999522 -262.044 -0.0463163 0.998401 0.0337842 4.68329 0.999002 0.0462998 0.00117646 27.7336
-0.000599449 0.0336536 -0.999521 -263.355 -0.0459394 0.998423 0.0336429 4.70342 0.999018 0.0459334 0.000959244 27.7347
-0.000547487 0.0343109 -0.999506 -264.597 -0.0453109 0.99843 0.0342981 4.72433 0.999049 0.0452995 0.00101773 27.7197
-8.74811e-05 0.0357476 -0.99945 -265.866 -0.0425147 0.998503 0.0357162 4.73488 0.999171 0.0424903 0.00144424 27.7021
-0.00114579 0.0368578 -0.999415 -267.154 -0.0380516 0.998642 0.0368721 4.77327 0.999352 0.0380642 0.000268128 27.7067
-0.00269215 0.0396475 -0.999299 -268.407 -0.0342308 0.99867 0.0397136 4.80004 0.999486 0.0343101 -0.00131942 27.7175
-0.00428964 0.0410615 -0.999243 -269.679 -0.0320381 0.998685 0.0411754 4.8376 0.999554 0.0321834 -0.0029584 27.7282
-0.00604155 0.0394002 -0.999295 -270.932 -0.0322081 0.998744 0.039572 4.86342 0.99954 0.032421 -0.00475272 27.736
-0.00697602 0.037943 -0.999351 -272.169 -0.0342207 0.998733 0.0381577 4.89113 0.999467 0.0344574 -0.00565846 27.7211
-0.00869294 0.0388566 -0.999298 -273.412 -0.0374555 0.99858 0.0391533 4.9583 0.99934 0.0377654 -0.00721279 27.7319
-0.0125094 0.04515 -0.998999 -274.601 -0.0419721 0.998124 0.0456355 4.9801 0.999119 0.0424929 -0.0105803 27.764
-0.0134286 0.0446391 -0.999006 -275.862 -0.0448397 0.99802 0.0451966 5.0168 0.998985 0.0453973 -0.0113876 27.7489
-0.0142866 0.0371775 -0.999305 -277.053 -0.0445703 0.99834 0.0377782 5.06678 0.998983 0.0450709 -0.012595 27.7567
-0.0165841 0.0302317 -0.999499 -278.253 -0.0404996 0.998752 0.03088 5.11178 0.999123 0.040987 -0.0153259 27.7541
-0.0170874 0.0285054 -0.999546 -279.515 -0.0353592 0.999002 0.0290935 5.14092 0.999309 0.035833 -0.0160512 27.7413
-0.0158471 0.0292526 -0.99954 -280.758 -0.032353 0.999084 0.0297512 5.16444 0.999433 0.0328058 -0.0148731 27.7167
-0.0145754 0.0311356 -0.999511 -281.992 -0.0318689 0.999044 0.0315851 5.18454 0.999467 0.0323066 -0.0135581 27.6933
-0.0137369 0.032479 -0.999471 -283.199 -0.0345095 0.998911 0.032934 5.21944 0.999391 0.0349398 -0.0125883 27.6605
-0.0101279 0.0332592 -0.999498 -284.421 -0.0361336 0.998834 0.0336025 5.25697 0.999377 0.0364484 -0.0089035 27.575
-0.00890328 0.0341353 -0.999473 -285.69 -0.0366101 0.998785 0.0344369 5.2809 0.999371 0.0368932 -0.00763021 27.5436
-0.00671183 0.033023 -0.999534 -286.931 -0.0364539 0.998835 0.0332439 5.30773 0.999395 0.0366527 -0.00548949 27.4965
-0.00428011 0.0317265 -0.999583 -288.164 -0.0373739 0.998843 0.0318619 5.32306 0.999375 0.0374904 -0.00307716 27.4368
-0.00323885 0.0320722 -0.999584 -289.401 -0.0371984 0.998842 0.0321683 5.31462 0.999386 0.0372796 -0.00203162 27.405
-0.00188241 0.0327856 -0.999557 -290.581 -0.0365267 0.998843 0.0328298 5.31252 0.999414 0.0365683 -0.000670548 27.3617
-0.00093982 0.0333696 -0.999547 -291.806 -0.0366134 0.998824 0.0333793 5.31875 0.999412 0.0366207 0.000293501 27.3385
0.000198852 0.0330382 -0.999552 -293.064 -0.0380603 0.998781 0.0330041 5.35341 0.999359 0.0380323 0.00146811 27.3026
0.00324831 0.0349821 -0.999487 -294.278 -0.0376707 0.998733 0.0348328 5.345 0.99937 0.0375308 0.00457239 27.2497
0.00377232 0.0339326 -0.999516 -295.54 -0.0379177 0.998762 0.0337628 5.36109 0.999359 0.0377678 0.00506619 27.2312
0.00304767 0.0318382 -0.999594 -296.783 -0.0379294 0.998828 0.0316977 5.37465 0.999361 0.03781 0.00426219 27.2344
0.00222699 0.0291778 -0.999671 -298.001 -0.0388458 0.998875 0.0290669 5.39018 0.999328 0.0387643 0.00337002 27.2321
0.00135929 0.028725 -0.999694 -299.232 -0.0406535 0.998815 0.0286439 5.39494 0.999258 0.0405948 0.00253636 27.2266
0.00245119 0.0292486 -0.999669 -300.451 -0.0436176 0.998677 0.0291114 5.39876 0.99913 0.0435275 0.00373572 27.2245
0.00162605 0.0307846 -0.999634 -301.675 -0.0462871 0.998511 0.0306742 5.4085 0.999013 0.0462124 0.00305945 27.2166
0.000711178 0.0324286 -0.999573 -302.878 -0.0489287 0.998332 0.0323522 5.41425 0.998887 0.0488801 0.00230876 27.2335
0.00219705 0.0323712 -0.999584 -304.104 -0.0516464 0.9982 0.0322124 5.43993 0.998751 0.0515458 0.00387587 27.1791
0.0031889 0.0314729 -0.999599 -305.31 -0.0540041 0.998105 0.0312523 5.43824 0.998622 0.0538778 0.00489437 27.1056
0.00414683 0.0312223 -0.999615 -306.742 -0.0525589 0.998193 0.0309593 5.41575 0.998698 0.0524019 0.00579125 27.1126
0.0051548 0.0321953 -0.999568 -307.995 -0.050052 0.998291 0.0318946 5.41054 0.99882 0.0498614 0.00676917 27.0582
0.00537651 0.0341687 -0.999517 -309.242 -0.0483978 0.99831 0.0338669 5.43265 0.998905 0.0481839 0.00703209 27.0324
0.00559521 0.0351245 -0.999467 -310.523 -0.046888 0.998348 0.0348212 5.4569 0.998971 0.0466637 0.00724462 27.0066
0.0074544 0.034971 -0.999476 -311.848 -0.0477837 0.998315 0.0345738 5.472 0.998921 0.0474924 0.00912376 26.979
0.00891188 0.0333813 -0.999504 -313.107 -0.0491306 0.998306 0.0329017 5.49783 0.99884 0.0488083 0.0105484 26.9474
0.0104164 0.0327245 -0.999525 -314.295 -0.0494224 0.998315 0.0321697 5.52701 0.998814 0.0490551 0.0120269 26.9199
0.0118578 0.0316982 -0.999528 -315.548 -0.0477422 0.998432 0.0310954 5.55213 0.998878 0.0473466 0.0133639 26.9157
0.0130057 0.0318228 -0.999524 -316.817 -0.0452827 0.998542 0.0312022 5.58125 0.99898 0.0448469 0.0144383 26.9144
0.0135642 0.0323713 -0.999486 -318.066 -0.0419975 0.998669 0.0317731 5.59917 0.999115 0.041541 0.0149168 26.9241
0.0145608 0.0325498 -0.999479 -319.347 -0.039881 0.998749 0.0319448 5.62832 0.999189 0.0393871 0.0158511 26.9373
