0.999999 0.000697731 0.00159386 -0.000379386 -0.000696975 1 -0.00056534 -0.0249848 -0.00159419 0.000564232 1 1.22688
0.999993 0.000701749 0.00378637 -0.015566 -0.000700573 1 -0.000306185 -0.0453322 -0.0037865 0.000303502 0.999994 2.4789
0.999992 0.000195247 0.00415884 -0.0124745 -0.000198637 1 0.000752536 -0.0763671 -0.00415857 -0.000753451 0.999993 3.68927
0.999992 -0.000572889 0.00415011 -0.00350739 0.00056931 1 0.000884041 -0.0977763 -0.00415051 -0.000881675 0.999992 4.90854
0.999989 -0.000654258 0.00493847 -0.00874306 0.000648559 1 0.0011066 -0.119737 -0.00493923 -0.00110345 0.99999 6.11924
0.999983 -0.000291778 0.00599523 -0.0186552 0.000293786 1 -0.00034754 -0.131948 -0.00599491 0.000349339 0.999983 7.32282
0.999961 -0.00680713 0.00593172 -0.0104266 0.00682906 0.999971 -0.0037224 -0.135841 -0.0059062 0.00376281 0.999978 8.52746
0.999933 -0.0090006 0.0074167 -0.0348682 0.00902443 0.999956 -0.00318115 -0.152074 -0.0073875 0.00324794 0.999969 9.74035
0.999937 -0.00826923 0.00777442 -0.0567807 0.00829088 0.999964 -0.00278895 -0.16686 -0.00775106 0.00285326 0.999969 10.9403
0.999933 -0.00975554 0.00641119 -0.0733197 0.00978268 0.999945 -0.0042087 -0.180553 -0.00636956 0.00427117 0.999972 12.1694
0.999953 -0.0088539 0.00455133 -0.0788494 0.00887851 0.999948 -0.00545377 -0.190245 -0.00450281 0.00549386 0.999979 13.379
0.999957 -0.0089984 0.00303793 -0.0846586 0.00901293 0.99995 -0.0047938 -0.238606 -0.00299437 0.00482096 0.999986 14.5924
0.999978 -0.0065588 0.00261691 -0.0951863 0.0065709 0.999969 -0.00474202 -0.264148 -0.0025857 0.00475903 0.99999 15.8165
0.999974 -0.00715963 0.00192316 -0.0972546 0.00716796 0.999966 -0.00434847 -0.299379 -0.00189169 0.00436208 0.999992 17.0172
0.999972 -0.00763235 0.0017145 -0.1102 0.00763856 0.999965 -0.00381717 -0.326944 -0.00168524 0.00383007 0.999996 18.254
0.99997 -0.00781325 0.00162507 -0.120523 0.00781861 0.999965 -0.00334293 -0.356639 -0.00159864 0.00335555 0.999996 19.4786
0.999973 -0.00768901 0.00121146 -0.13408 0.00769379 0.999963 -0.00424426 -0.382324 -0.00117879 0.00425339 0.999995 20.6941
0.999977 -0.00714108 -0.000283818 -0.131797 0.00713982 0.999967 -0.0045413 -0.41112 0.000316486 0.00453915 0.999993 21.8973
0.999986 -0.00364658 0.00475958 -0.318693 0.0036519 0.999995 -0.00115446 -0.475696 -0.00475519 0.00117178 0.999993 23.0118
0.999988 -0.00417992 0.00382083 -0.317803 0.00418447 0.999994 -0.0011349 -0.50143 -0.00381562 0.00115064 0.999998 24.2207
0.999991 -0.00328624 0.00388944 -0.341904 0.0032915 0.999997 -0.00139998 -0.531331 -0.00388461 0.00141276 0.999997 25.4558
0.999992 -0.00207122 0.00456422 -0.374527 0.00207219 1 -0.000168736 -0.554942 -0.00456346 0.000177969 0.999996 26.6844
0.999993 -0.00332695 0.00368678 -0.3728 0.00331905 0.999996 0.00208934 -0.581305 -0.00369341 -0.00207704 0.999997 27.9296
0.999995 -0.00314139 0.0028825 -0.384783 0.00313476 0.999996 0.00232778 -0.601639 -0.00288939 -0.00231896 0.999999 29.1236
0.999998 -0.00333202 0.00166419 -0.382183 0.00332897 0.999997 0.00170717 -0.620357 -0.00166953 -0.00170155 1 30.3431
0.999996 -0.00426978 0.000636059 -0.385775 0.00427031 0.999995 -0.000613308 -0.620851 -0.000632952 0.000615669 1.00001 31.573
1 -0.00325451 -6.47514e-05 -0.401878 0.00325432 0.999999 -6.08219e-05 -0.649625 6.53202e-05 6.05938e-05 1.00001 32.7655
0.999997 -0.00396709 -0.00136263 -0.406471 0.00396694 0.999996 -0.000241347 -0.663615 0.00136412 0.000235601 1.00001 33.982
0.999992 -0.00457704 -0.0025384 -0.41272 0.00457682 0.999994 1.84494e-05 -0.683152 0.00253868 -3.00963e-05 1 35.2016
0.999991 -0.00335751 -0.0042659 -0.411453 0.00336042 0.999999 0.000636687 -0.705262 0.00426432 -0.000651483 0.999998 36.4187
0.999989 -0.00287655 -0.00530097 -0.423142 0.00288056 1 0.000809446 -0.731383 0.00529933 -0.000825105 0.999994 37.6082
0.999982 -0.00360839 -0.00595583 -0.4224 0.00361647 0.999997 0.0013425 -0.764766 0.00595142 -0.00136447 0.999989 38.8834
0.99998 -0.00320248 -0.00652483 -0.430221 0.00321886 0.999996 0.00255113 -0.783275 0.00651733 -0.00257252 0.999984 40.0979
0.99997 -0.00324236 -0.00795313 -0.425339 0.00327169 0.999993 0.00367924 -0.808873 0.00794161 -0.00370574 0.99997 41.332
0.999966 -0.00221256 -0.00867449 -0.436305 0.00224265 0.999995 0.00350169 -0.831794 0.00866736 -0.00352149 0.999965 42.5526
0.999964 -0.00201734 -0.00903598 -0.455474 0.00205143 0.999996 0.00376623 -0.857584 0.00902887 -0.00378525 0.999961 43.7717
0.999958 0.000646761 -0.00989677 -0.461495 -0.000589088 0.999987 0.00586599 -0.878859 0.00990106 -0.00586035 0.999943 44.9952
0.999961 0.00105682 -0.00946288 -0.46824 -0.000965618 0.999958 0.00964394 -0.901509 0.00947316 -0.00963503 0.999918 46.2107
0.999972 0.00127976 -0.00831353 -0.481232 -0.00117238 0.99992 0.0129566 -0.918397 0.00832989 -0.012947 0.999891 47.4341
0.99998 0.000907983 -0.00719102 -0.49599 -0.000787284 0.999864 0.0168212 -0.93129 0.0072058 -0.0168159 0.999842 48.6765
0.999989 0.000950892 -0.00597949 -0.511265 -0.000838618 0.999827 0.0188166 -0.941629 0.00599671 -0.0188118 0.999815 49.8874
1 0.000181307 -0.00395335 -0.533789 -0.000112022 0.99985 0.0176345 -0.940365 0.00395654 -0.0176347 0.999846 51.1016
1 0.000193944 -0.00327659 -0.568088 -0.000129354 0.999809 0.0198099 -1.01345 0.00328035 -0.01981 0.999809 52.2774
1.00001 0.00100759 -0.000666229 -0.623218 -0.000994741 0.999812 0.0197188 -1.0105 0.000686822 -0.019719 0.999815 53.4725
1.00001 0.000998233 0.00128773 -0.653543 -0.00102276 0.999826 0.0189297 -1.01227 -0.00126809 -0.0189316 0.999831 54.6746
1 6.12685e-05 0.00232313 -0.683563 -0.000102147 0.999855 0.0174025 -1.01532 -0.00232088 -0.0174035 0.999856 55.8753
1.00001 -3.17203e-05 0.00123345 -0.695552 8.9275e-06 0.999842 0.0181491 -1.01918 -0.00123324 -0.0181498 0.999847 57.1036
1 -0.00110808 -0.00174336 -0.680502 0.00114077 0.999823 0.0191425 -1.02389 0.00172269 -0.0191452 0.999825 58.3044
1 -0.00167995 -0.00288743 -0.695651 0.00173518 0.999817 0.0193644 -1.02452 0.00285496 -0.01937 0.999821 59.5328
0.999998 -0.00120086 -0.00382789 -0.706229 0.001272 0.99983 0.0187684 -1.02082 0.00380555 -0.0187739 0.999827 60.7889
0.999998 -0.00059526 -0.00477954 -0.717946 0.000687954 0.999817 0.0194652 -1.03087 0.00476763 -0.019469 0.999813 61.9918
0.999991 -0.00154572 -0.0053897 -0.726256 0.00164304 0.999841 0.0181869 -1.02362 0.00536161 -0.0181962 0.999832 63.2157
0.999987 -0.0026994 -0.00642761 -0.731416 0.00280379 0.99987 0.016336 -1.01097 0.00638314 -0.0163541 0.999862 64.4386
0.999956 -0.00746741 -0.00684959 -0.791015 0.0075692 0.999866 0.0150347 -1.0019 0.00673737 -0.0150864 0.999875 65.6315
0.999949 -0.00850314 -0.00729794 -0.814966 0.00862324 0.999833 0.0166214 -1.00932 0.00715584 -0.0166838 0.999852 66.8376
0.999969 -0.00735812 -0.00494097 -0.865739 0.00742846 0.999877 0.0144502 -1.00641 0.0048352 -0.0144872 0.999897 68.0614
0.999987 -0.00518026 -0.00522597 -0.876283 0.00524162 0.999924 0.0118605 -0.989337 0.00516469 -0.011888 0.999934 69.2886
0.999987 -0.00356242 -0.00536386 -0.902628 0.00362464 0.999933 0.0117247 -0.991752 0.00532291 -0.0117448 0.99993 70.4913
0.999994 -0.00202993 -0.00625817 -0.908893 0.0020965 0.999949 0.0107053 -0.987365 0.00623666 -0.0107188 0.999944 71.702
0.999991 -0.00130259 -0.00572616 -0.930864 0.00137556 0.999925 0.0128434 -1.02134 0.00571022 -0.012852 0.999915 72.9181
1 -0.00113103 -0.00483715 -0.947401 0.0012048 0.999891 0.0153382 -1.04419 0.00481977 -0.0153445 0.999892 74.1299
1 0.00140274 -0.00304588 -0.96006 -0.00134946 0.999854 0.0175626 -1.06593 0.00307127 -0.0175594 0.999855 75.3241
1.00002 -0.000262008 -0.000642952 -0.967451 0.000271857 0.999885 0.0157768 -1.07661 0.000639184 -0.0157776 0.999898 76.5291
1 -0.00347117 0.0007664 -0.958299 0.00346306 0.999956 0.00977733 -1.07595 -0.000799135 -0.00977541 0.999967 77.7422
1 -0.00485647 0.00315293 -0.958134 0.00482634 0.999955 0.00933183 -1.07407 -0.00319756 -0.00931715 0.999975 78.9282
0.999968 -0.00713423 0.00590804 -0.957205 0.00705876 0.999905 0.0126315 -1.08139 -0.0059962 -0.01259 0.99992 80.116
0.999937 -0.00503256 0.011624 -0.977525 0.00488776 0.999921 0.0123859 -1.07358 -0.0116844 -0.0123285 0.99988 81.2984
0.999861 -0.000479476 0.0173682 -0.995612 0.000394171 0.999999 0.00489255 -1.00101 -0.0173691 -0.00488561 0.999855 82.4919
0.999801 -0.000383185 0.0207765 -0.975295 0.000357929 1.00001 0.0011846 -1.01428 -0.020776 -0.00117729 0.999809 83.6727
0.999703 -0.00165234 0.0248545 -0.954086 0.00167655 1.00001 -0.000970915 -1.0451 -0.0248517 0.00101152 0.999712 84.8405
0.99962 -0.003415 0.0279698 -0.918584 0.00339746 1 0.000652333 -1.10139 -0.027971 -0.000557416 0.999634 86.0095
0.999492 -0.00483488 0.0319633 -0.890106 0.00476334 0.999997 0.00230113 -1.11622 -0.0319729 -0.00214851 0.999507 87.1644
0.999284 -0.0101917 0.0369683 -0.868178 0.00981866 0.99991 0.0102415 -1.27391 -0.0370682 -0.00987151 0.99929 88.32
0.999261 -0.0113372 0.037171 -0.7864 0.010996 0.999907 0.00936454 -1.29512 -0.0372722 -0.00894964 0.999289 89.5035
0.999167 -0.0108011 0.0398592 -0.741189 0.010476 0.999922 0.0083395 -1.32429 -0.0399451 -0.00791537 0.999197 90.6559
0.999004 -0.0122233 0.0433332 -0.70703 0.0118467 0.999901 0.00893254 -1.34213 -0.0434367 -0.0084111 0.999044 91.8115
0.99872 -0.0134426 0.0491733 -0.772125 0.0128396 0.99985 0.0125436 -1.41024 -0.0493334 -0.0118965 0.998738 92.9193
0.998632 -0.0148548 0.0505003 -0.691699 0.0141735 0.999816 0.0138184 -1.41718 -0.0506947 -0.0130846 0.998652 94.0998
0.998577 -0.0165681 0.0510881 -0.607118 0.0158179 0.999772 0.015038 -1.42189 -0.0513245 -0.0142088 0.998608 95.2692
0.998286 -0.0186739 0.0557956 -0.591098 0.0178041 0.999725 0.0160414 -1.42196 -0.0560781 -0.0150214 0.998338 96.4324
0.998275 -0.0187356 0.0560187 -0.494272 0.0179281 0.99974 0.0148684 -1.45132 -0.0562815 -0.0138387 0.998346 97.5721
0.998171 -0.0206194 0.0571736 -0.42753 0.0200151 0.99975 0.0111198 -1.45088 -0.0573867 -0.00995608 0.998328 98.7442
0.998177 -0.0200007 0.057316 -0.350014 0.0195486 0.999785 0.00842309 -1.45738 -0.0574708 -0.00728769 0.998348 99.9158
0.998196 -0.0212008 0.0565664 -0.248826 0.0212273 0.999788 0.000131566 -1.30608 -0.0565549 0.00106843 0.998426 101.121
0.998427 -0.0224403 0.0519239 -0.144918 0.0226205 0.999747 -0.00290847 -1.25114 -0.0518436 0.00407783 0.998675 102.181
0.998624 -0.0242514 0.0468773 -0.0316614 0.0243957 0.999713 -0.00251173 -1.25239 -0.0468003 0.00365077 0.998921 103.32
0.998784 -0.025987 0.0425477 0.0747679 0.0260862 0.999666 -0.0018062 -1.26058 -0.0424843 0.0029133 0.999122 104.515
0.998924 -0.0255045 0.0392123 0.127289 0.025591 0.999683 -0.00171227 -1.25959 -0.0391535 0.00271279 0.999253 105.7
0.999072 -0.0251951 0.0357226 0.184196 0.0252637 0.999688 -0.00150831 -1.2743 -0.035671 0.00240882 0.99939 106.944
0.999232 -0.0255819 0.0303304 0.211674 0.0256709 0.99968 -0.00256286 -1.28303 -0.0302521 0.00333855 0.999561 108.111
0.999436 -0.0232937 0.0253459 0.246181 0.0233831 0.999729 -0.0032868 -1.29903 -0.0252597 0.00387698 0.999703 109.321
0.999547 -0.0228443 0.0205294 0.285071 0.0229005 0.999746 -0.00252757 -1.32315 -0.0204634 0.00299565 0.999812 110.568
0.99966 -0.0219331 0.015924 0.305015 0.0219567 0.999767 -0.00138719 -1.35161 -0.015887 0.00173574 0.999902 111.815
0.999716 -0.0216684 0.0116404 0.285472 0.0216702 0.999777 -6.48709e-05 -1.37233 -0.0116335 0.000316234 0.999957 113.023
0.999773 -0.0214611 0.00708402 0.279522 0.0214584 0.99978 0.000307481 -1.38946 -0.00708593 -0.000156157 1.00001 114.246
0.999798 -0.0208613 0.000470853 0.302342 0.0208608 0.999794 0.00040591 -1.40866 -0.000476109 -0.000396908 1.00002 115.484
0.99983 -0.0194299 -0.00370312 0.234338 0.0194322 0.99982 0.00095772 -1.4416 0.00368725 -0.00103013 1.00002 116.724
0.999832 -0.0181064 -0.0062696 0.141443 0.0181109 0.999848 0.000746333 -1.45632 0.00625844 -0.000860773 1.00001 118.127
0.999806 -0.0186119 -0.00964458 0.0701745 0.0185971 0.999837 -0.00145645 -1.42886 0.00967357 0.0012759 0.999981 119.385
0.999787 -0.0165479 -0.013497 0.0538347 0.0165076 0.999871 -0.00306239 -1.40006 0.0135492 0.00283798 0.999931 120.642
0.999716 -0.0154461 -0.0195547 0.0749505 0.0153948 0.999889 -0.00268069 -1.44345 0.0195975 0.00237786 0.999832 121.851
0.999693 -0.0148729 -0.0206202 0.0452722 0.014803 0.999897 -0.00352295 -1.45625 0.0206736 0.00321575 0.999809 123.11
0.999719 -0.0126184 -0.0213219 -0.00404511 0.0125221 0.999924 -0.00456127 -1.45662 0.0213814 0.00429197 0.999791 124.391
0.999712 -0.0112098 -0.0219811 -0.0485991 0.0111502 0.999947 -0.00282735 -1.49992 0.0220149 0.00258049 0.999784 125.677
0.999786 -0.0113367 -0.0187824 -0.170602 0.0112808 0.999945 -0.0029746 -1.51227 0.0188186 0.00276116 0.999849 126.93
0.999816 -0.0068785 -0.0188953 -0.225081 0.00687343 0.99999 -0.0003325 -1.54238 0.0189006 0.000201653 0.999853 128.185
0.999758 -0.00685544 -0.0221729 -0.224249 0.00689111 0.999989 0.00161831 -1.54349 0.0221652 -0.00177157 0.999784 129.4
0.999718 -0.00938166 -0.0226477 -0.283127 0.00937136 0.999971 -0.000558268 -1.53408 0.0226556 0.000344762 0.999777 130.699
0.999692 -0.00998232 -0.0239438 -0.318361 0.00991804 0.999961 -0.00272398 -1.54546 0.0239735 0.00248477 0.999742 132.015
0.99962 -0.0129313 -0.0251076 -0.362655 0.0128582 0.999928 -0.00306959 -1.55246 0.0251487 0.00274447 0.999714 133.298
0.999529 -0.0153429 -0.0276387 -0.381696 0.0152893 0.999895 -0.00208008 -1.5631 0.0276712 0.00165559 0.999649 134.569
0.999392 -0.0194841 -0.0295651 -0.406924 0.0194514 0.999825 -0.00138383 -1.57272 0.02959 0.000806776 0.999596 135.854
0.999306 -0.0217396 -0.0311994 -0.442615 0.0217019 0.999778 -0.00149073 -1.57522 0.0312283 0.00081174 0.999546 137.121
0.999194 -0.0263771 -0.0308751 -0.491594 0.0262728 0.999663 -0.00376661 -1.59535 0.0309672 0.00295121 0.99955 138.415
0.999091 -0.0296897 -0.0315654 -0.533257 0.0295293 0.999564 -0.00548069 -1.61795 0.0317177 0.00454267 0.999521 139.718
0.999014 -0.0309584 -0.0324128 -0.568833 0.0307743 0.999523 -0.00615174 -1.64123 0.0325908 0.005147 0.99949 141.008
0.999038 -0.0306608 -0.0323104 -0.615408 0.0304791 0.999532 -0.00604528 -1.66291 0.032484 0.00505367 0.999494 142.284
0.999011 -0.029948 -0.0334796 -0.649268 0.0297963 0.999559 -0.00500573 -1.67501 0.0336176 0.00400198 0.999462 143.572
0.998991 -0.0280954 -0.0359511 -0.657659 0.0279455 0.999614 -0.00461505 -1.68387 0.0360707 0.00360465 0.999379 144.843
0.999075 -0.0274552 -0.0337146 -0.743597 0.0272574 0.999625 -0.00630046 -1.71348 0.033878 0.00537439 0.999448 146.142
0.999096 -0.0265998 -0.0341059 -0.782064 0.0263334 0.999635 -0.00818723 -1.73807 0.034315 0.00728059 0.999421 147.454
0.999085 -0.0268363 -0.0339114 -0.832855 0.0264691 0.999603 -0.011219 -1.76782 0.0342021 0.0103098 0.999398 148.768
0.999076 -0.0280752 -0.0335088 -0.884972 0.027572 0.999517 -0.0153358 -1.81088 0.0339271 0.0143965 0.999357 150.049
0.999088 -0.027751 -0.0330635 -0.937396 0.0271496 0.999476 -0.0184892 -1.86026 0.0335624 0.0175734 0.999317 151.335
0.999127 -0.0280538 -0.031993 -1.01396 0.027464 0.999463 -0.0186767 -1.92249 0.0325035 0.0177805 0.999351 152.638
0.999121 -0.0277977 -0.0320091 -1.06109 0.0272394 0.999488 -0.0177328 -1.97825 0.0324886 0.0168441 0.999366 153.896
0.999109 -0.0273182 -0.0331723 -1.10637 0.0267794 0.999519 -0.0165225 -2.03496 0.0336114 0.0156182 0.999353 155.204
0.999102 -0.0263629 -0.0337615 -1.14905 0.0258683 0.999569 -0.0149889 -2.08671 0.034145 0.0141008 0.999353 156.472
0.999071 -0.0262768 -0.0351378 -1.18979 0.0257656 0.999571 -0.0148677 -2.12039 0.035517 0.0139473 0.999311 157.758
0.99903 -0.0261496 -0.036013 -1.25541 0.0256146 0.999571 -0.0152283 -2.17705 0.0363987 0.0142897 0.999272 159.016
0.998944 -0.0260312 -0.0387431 -1.28254 0.0255284 0.999599 -0.0133676 -2.24943 0.0390791 0.0123632 0.9992 160.24
0.998831 -0.0263542 -0.0410582 -1.32252 0.025899 0.999612 -0.011576 -2.30229 0.0413502 0.0104977 0.999126 161.551
0.998897 -0.0252709 -0.0404423 -1.40745 0.0248693 0.999652 -0.0103519 -2.359 0.0406934 0.00933345 0.99917 162.893
0.998845 -0.0243842 -0.0419333 -1.46017 0.0239657 0.999673 -0.0104537 -2.41019 0.0421774 0.00943529 0.999103 164.138
0.998854 -0.025101 -0.0416126 -1.5365 0.0246892 0.999657 -0.0103287 -2.46408 0.041861 0.00928819 0.999123 165.413
0.99882 -0.0249728 -0.0421867 -1.59736 0.0246304 0.999675 -0.00861573 -2.52867 0.0423909 0.00756504 0.999111 166.669
0.998679 -0.0263073 -0.0449374 -1.63086 0.0259437 0.999641 -0.0086134 -2.57669 0.0451514 0.00743489 0.998995 167.982
0.998658 -0.0255568 -0.0455562 -1.704 0.0251634 0.999657 -0.00918683 -2.61767 0.0457781 0.00802668 0.998959 169.267
0.998593 -0.0252535 -0.047399 -1.75749 0.0248752 0.99967 -0.00851347 -2.65977 0.0476016 0.0073211 0.998884 170.543
0.998595 -0.024214 -0.0476407 -1.8346 0.0239366 0.999709 -0.00638162 -2.70767 0.0477842 0.00523063 0.998884 171.821
0.998548 -0.0237255 -0.0491143 -1.89609 0.0234338 0.99972 -0.00646312 -2.73046 0.0492574 0.00530154 0.998817 173.1
0.998659 -0.0221832 -0.0472962 -2.02548 0.0219166 0.999757 -0.00614734 -2.75228 0.0474239 0.00510084 0.998902 174.375
0.998641 -0.021286 -0.0483341 -2.10557 0.0210843 0.999784 -0.00463349 -2.80211 0.0484257 0.00360683 0.998866 175.625
0.998666 -0.0212146 -0.0476032 -2.20608 0.0210459 0.999786 -0.00404279 -2.85052 0.0476817 0.00303389 0.998899 176.911
0.998672 -0.020642 -0.0479803 -2.28176 0.0204517 0.999798 -0.00440905 -2.88219 0.0480651 0.00342062 0.998884 178.191
0.99869 -0.0196187 -0.0477886 -2.3675 0.0194709 0.999821 -0.00355459 -2.91599 0.0478526 0.00261784 0.998892 179.47
0.998778 -0.0199563 -0.0460369 -2.4744 0.0197602 0.99981 -0.00466723 -2.94986 0.0461248 0.00375056 0.998976 180.76
0.998758 -0.021232 -0.0456312 -2.55105 0.021004 0.999782 -0.00546959 -2.98939 0.0457402 0.00450268 0.998984 182.035
0.998584 -0.0242164 -0.048158 -2.58679 0.0239912 0.999715 -0.00520644 -3.02283 0.048274 0.00404228 0.998873 183.299
0.998466 -0.0237576 -0.0505224 -2.63175 0.0237199 0.999735 -0.00134418 -3.05422 0.0505438 0.000141944 0.998763 184.618
0.998396 -0.024642 -0.0517058 -2.69176 0.0248351 0.999703 0.00313759 -3.08118 0.0516167 -0.004418 0.998705 185.92
0.998396 -0.0232852 -0.0521165 -2.75694 0.0234315 0.999741 0.00220044 -3.09793 0.0520546 -0.0034198 0.998681 187.176
0.998443 -0.0206633 -0.0525379 -2.83011 0.0206041 0.999803 -0.00162837 -3.10892 0.0525648 0.000541943 0.998665 188.445
0.998502 -0.0182081 -0.0521069 -2.90555 0.0180231 0.999846 -0.00401957 -3.13105 0.0521754 0.00307286 0.998675 189.674
0.998582 -0.0173577 -0.0510666 -2.98912 0.017167 0.999861 -0.00413248 -3.15501 0.051135 0.00324858 0.998738 190.925
0.998588 -0.0170063 -0.0508674 -3.06343 0.01687 0.99987 -0.00311096 -3.1798 0.0509173 0.00224677 0.998744 192.175
0.999135 -0.0174283 -0.0387511 -3.23154 0.0175478 0.999861 0.00279676 -3.24769 0.0387006 -0.00347558 0.999297 193.29
0.999093 -0.0183371 -0.039133 -3.28067 0.0185146 0.999838 0.00417971 -3.28136 0.0390535 -0.00490223 0.99927 194.562
0.999104 -0.0173409 -0.0395945 -3.31625 0.017463 0.999863 0.00279191 -3.28301 0.0395443 -0.00348215 0.999266 195.82
0.999158 -0.0181173 -0.0375609 -3.37762 0.018167 0.999853 0.00098374 -3.29751 0.0375412 -0.00166694 0.999339 197.057
0.999277 -0.0179927 -0.0346843 -3.44279 0.0180049 0.999857 9.93002e-05 -3.33134 0.0346813 -0.000724989 0.999451 198.311
0.999259 -0.0189996 -0.0343098 -3.48011 0.0190205 0.999838 0.000286749 -3.3645 0.0343024 -0.00094076 0.999457 199.554
0.999286 -0.0191047 -0.0337873 -3.52129 0.0191457 0.999835 0.000950747 -3.38619 0.0337672 -0.00159821 0.999482 200.796
0.999334 -0.019474 -0.0317927 -3.57184 0.0195749 0.999823 0.00287023 -3.40671 0.0317348 -0.00349222 0.999537 202.02
0.999366 -0.0186299 -0.0316071 -3.61095 0.018762 0.999835 0.00395477 -3.43154 0.0315317 -0.0045464 0.999546 203.245
0.999313 -0.0194773 -0.0324494 -3.69198 0.0197695 0.999786 0.00871508 -3.5146 0.0322765 -0.00935223 0.999482 204.341
0.999369 -0.0199853 -0.0306757 -3.75088 0.0203251 0.999753 0.0108836 -3.57009 0.0304541 -0.0115013 0.999525 205.557
0.99942 -0.0208892 -0.0279674 -3.84051 0.021258 0.99971 0.0129626 -3.61576 0.0276923 -0.0135513 0.999573 206.74
0.999512 -0.0206299 -0.0250805 -3.91777 0.0209591 0.999715 0.0130285 -3.62939 0.0248083 -0.013549 0.999655 207.978
0.999552 -0.0205654 -0.0230661 -3.97575 0.0208625 0.999721 0.0127213 -3.63355 0.022802 -0.0131984 0.999701 209.178
0.999531 -0.0223646 -0.02272 -4.0108 0.0226354 0.999693 0.0118329 -3.63492 0.0224521 -0.0123429 0.999726 210.363
0.99951 -0.0220161 -0.0235648 -4.02837 0.0223291 0.999685 0.0131057 -3.65183 0.0232728 -0.0136271 0.999685 211.496
0.99949 -0.0226708 -0.0241382 -4.0577 0.0230204 0.99965 0.0144005 -3.66581 0.0238069 -0.01495 0.99966 212.659
0.999449 -0.0235814 -0.0246226 -4.09966 0.0239295 0.999636 0.0139465 -3.67389 0.0242888 -0.0145297 0.999648 213.824
0.999447 -0.0228314 -0.0257218 -4.12589 0.0231881 0.999656 0.0137443 -3.69074 0.0254028 -0.0143343 0.999629 214.932
0.999389 -0.0236078 -0.0269616 -4.15958 0.0239596 0.999651 0.0128042 -3.69731 0.0266539 -0.0134441 0.999604 216.048
0.999378 -0.0232336 -0.0279623 -4.19016 0.0236019 0.999656 0.0129943 -3.71147 0.0276544 -0.0136473 0.999579 217.131
0.999294 -0.0240127 -0.0299732 -4.21941 0.0244148 0.999636 0.0131255 -3.72151 0.0296508 -0.0138497 0.999514 218.207
0.999202 -0.0248025 -0.0325267 -4.25519 0.0252429 0.999612 0.0132649 -3.71761 0.0321888 -0.0140765 0.999438 219.265
0.999223 -0.0282301 -0.0286601 -4.46439 0.0287905 0.999419 0.0193437 -3.83439 0.0281012 -0.0201556 0.999452 220.166
0.999198 -0.0270729 -0.0308175 -4.50366 0.0277522 0.999395 0.0219121 -3.84217 0.0302096 -0.0227508 0.999341 221.229
0.999046 -0.0262881 -0.0358529 -4.50506 0.0271156 0.999393 0.0227929 -3.85958 0.0352358 -0.0237451 0.999149 222.192
0.998916 -0.0259036 -0.039707 -4.53983 0.0267649 0.999434 0.0213735 -3.84235 0.0391348 -0.0224141 0.99904 223.259
0.99874 -0.0256333 -0.0439486 -4.56872 0.026561 0.999455 0.0206553 -3.82914 0.0433989 -0.0217984 0.998872 224.251
0.998647 -0.0255125 -0.0462108 -4.62823 0.0265442 0.99943 0.0218995 -3.84964 0.0456297 -0.0230975 0.99875 225.195
0.998484 -0.024662 -0.0499084 -4.67133 0.0257583 0.99946 0.0214426 -3.85015 0.0493563 -0.0226974 0.998576 226.136
0.998275 -0.0252372 -0.0537776 -4.71596 0.0263601 0.999468 0.0203165 -3.84791 0.0532401 -0.0216999 0.998405 227.051
0.998182 -0.0251994 -0.0553989 -4.78951 0.0263364 0.999477 0.0198882 -3.85626 0.0548724 -0.0213128 0.998319 227.936
0.998073 -0.0242744 -0.0578138 -4.85242 0.0254462 0.999505 0.0196565 -3.86135 0.0573118 -0.0210907 0.998193 228.812
0.997895 -0.0243905 -0.0606885 -4.91327 0.0255778 0.999517 0.0188619 -3.86859 0.0602027 -0.0203761 0.998032 229.654
0.997797 -0.0227664 -0.0629709 -4.97822 0.0240154 0.99955 0.0191851 -3.87776 0.0625095 -0.0206561 0.99789 230.491
0.997808 -0.0217255 -0.0630806 -5.03985 0.022986 0.999571 0.0193217 -3.8762 0.0626374 -0.0207309 0.997875 231.288
0.997819 -0.0216779 -0.0630163 -5.09757 0.022983 0.999557 0.0200944 -3.8781 0.0625565 -0.0214997 0.99787 232.084
0.997864 -0.0216422 -0.0622227 -5.15343 0.0229619 0.999546 0.0205689 -3.88043 0.0617529 -0.0219553 0.997904 232.846
0.997957 -0.0206765 -0.0611381 -5.21061 0.02194 0.99958 0.0201018 -3.87894 0.0607005 -0.0214029 0.997987 233.6
0.998018 -0.020372 -0.0601499 -5.26557 0.0215566 0.999607 0.0191084 -3.89184 0.0597405 -0.0203688 0.99806 234.339
0.998054 -0.0206696 -0.0595507 -5.30896 0.0217596 0.999629 0.017744 -3.90145 0.0591655 -0.019006 0.998129 235.081
0.998152 -0.019561 -0.0581732 -5.35814 0.0205366 0.99968 0.0162193 -3.89827 0.0578409 -0.0173854 0.99823 235.806
0.99829 -0.019341 -0.055941 -5.41626 0.0202489 0.999694 0.015736 -3.90099 0.0556234 -0.0168427 0.998373 236.548
0.998417 -0.0195319 -0.0534526 -5.46897 0.0204219 0.999683 0.0161498 -3.90569 0.0531239 -0.0172173 0.998495 237.282
0.998536 -0.0185146 -0.0516878 -5.50808 0.0192448 0.999744 0.0136904 -3.87217 0.0514251 -0.014666 0.998632 238.003
0.998626 -0.018052 -0.0499486 -5.55193 0.0186173 0.999789 0.0108696 -3.8331 0.0497456 -0.011786 0.998748 238.721
0.998632 -0.0181665 -0.0499265 -5.5567 0.0186513 0.999806 0.00929081 -3.82341 0.049752 -0.0102102 0.998773 239.436
0.998723 -0.0175935 -0.0481593 -5.57664 0.0180793 0.999812 0.009664 -3.83103 0.047984 -0.0105238 0.998849 240.154
0.998804 -0.0189292 -0.0460486 -5.59478 0.0194784 0.999767 0.0115408 -3.85295 0.0458235 -0.0124249 0.998936 240.871
0.998876 -0.0197576 -0.0439677 -5.61528 0.0203734 0.999722 0.0135976 -3.88151 0.0436906 -0.0144797 0.998996 241.58
0.999085 -0.0190715 -0.0394163 -5.66565 0.0196878 0.999713 0.0153465 -3.90453 0.0391165 -0.0161094 0.999169 242.287
0.999112 -0.0204472 -0.0378518 -5.67647 0.0209126 0.999732 0.0119335 -3.86824 0.0376015 -0.0127161 0.999268 242.99
0.999177 -0.0218344 -0.0354197 -5.69582 0.0222284 0.999718 0.0108116 -3.86261 0.035178 -0.0115909 0.999377 243.704
0.999273 -0.0212815 -0.0327918 -5.71859 0.0215482 0.999759 0.00779195 -3.84543 0.0326219 -0.00849439 0.999487 244.396
0.999337 -0.0218513 -0.0305919 -5.736 0.0220541 0.99976 0.00635508 -3.84075 0.03045 -0.00702639 0.999575 245.118
0.999385 -0.0212877 -0.0292016 -5.74617 0.0214817 0.999771 0.00633458 -3.84159 0.0290638 -0.0069595 0.999609 245.822
0.999462 -0.0207694 -0.0270618 -5.76571 0.0209602 0.99978 0.00683858 -3.84765 0.0269181 -0.00740294 0.999673 246.534
0.99949 -0.021678 -0.0250273 -5.783 0.0218433 0.999764 0.00633804 -3.85531 0.0248877 -0.00688299 0.999722 247.259
0.999566 -0.0218539 -0.0218614 -5.80812 0.0219396 0.999775 0.00375192 -3.85613 0.0217788 -0.00423072 0.999816 247.974
0.999619 -0.0206173 -0.0203367 -5.82311 0.0206528 0.999808 0.00151643 -3.8618 0.0203052 -0.00193736 0.999848 248.695
0.999634 -0.020639 -0.0198766 -5.83485 0.0206306 0.999809 -0.000553904 -3.86409 0.0198886 0.000142949 0.999866 249.423
0.999594 -0.0219669 -0.0201347 -5.84777 0.021948 0.999781 -0.00118315 -3.87124 0.02016 0.000739329 0.999853 250.155
0.998739 -0.041341 -0.0300329 -5.75825 0.0413932 0.999165 0.00118394 -3.90764 0.0299634 -0.00242645 0.999613 250.887
0.998686 -0.0432829 -0.0287995 -5.79261 0.0433755 0.999076 0.00258898 -3.92875 0.0286646 -0.00383628 0.999639 251.62
0.998743 -0.0415557 -0.0296426 -5.80881 0.0416214 0.999155 0.00166932 -3.92908 0.0295526 -0.00290187 0.999625 252.36
0.998708 -0.0427921 -0.0288526 -5.83381 0.0427888 0.999105 -0.000729329 -3.92802 0.0288618 -0.000507754 0.999644 253.108
0.999072 -0.0380739 -0.022362 -5.87866 0.0382526 0.999261 0.00770502 -4.11325 0.0220568 -0.00855408 0.999787 253.677
0.998962 -0.0412644 -0.021289 -5.90764 0.0412904 0.999169 0.000771229 -4.02378 0.0212432 -0.00165092 0.999834 254.463
0.999074 -0.0386037 -0.0213274 -5.9235 0.0386889 0.999267 0.00368301 -4.01441 0.0211742 -0.00450556 0.999834 255.247
0.999155 -0.0364282 -0.0210846 -5.94964 0.0366881 0.999277 0.0120612 -4.05765 0.0206338 -0.0128263 0.999766 256.061
0.99903 -0.0397709 -0.021239 -5.96093 0.0401709 0.999037 0.0188398 -4.10404 0.0204739 -0.0196755 0.999665 256.859
0.998995 -0.0413423 -0.0196031 -5.97699 0.0417016 0.998985 0.0182822 -4.12421 0.0188311 -0.019083 0.999702 257.637
0.999181 -0.0395686 -0.0128965 -6.01798 0.0397327 0.99915 0.0128827 -4.1251 0.0123804 -0.0133854 0.999902 258.439
0.99931 -0.0374488 -0.00790462 -6.04573 0.0375197 0.999278 0.00900729 -4.12359 0.00756539 -0.00929931 0.99999 259.264
0.99934 -0.0372565 -0.0049006 -6.04854 0.0373035 0.999274 0.0102935 -4.13621 0.00451814 -0.0104705 1.00001 260.097
0.999297 -0.0386024 0.000330626 -6.07649 0.0385945 0.999185 0.0136021 -4.15021 -0.000851599 -0.0135815 0.99997 260.94
0.999167 -0.0418133 0.00337427 -6.07757 0.0417508 0.999018 0.0163622 -4.14574 -0.00405066 -0.0162088 0.999931 261.783
0.999034 -0.0445887 0.00543541 -6.06481 0.0444874 0.99888 0.0175203 -4.14448 -0.00620675 -0.0172633 0.999895 262.625
0.99901 -0.0446417 0.00899616 -6.06892 0.0444677 0.998864 0.0184627 -4.14492 -0.00980558 -0.0180453 0.99986 263.465
0.999057 -0.0427261 0.0121368 -6.07436 0.0425135 0.99897 0.0172831 -4.15338 -0.0128593 -0.0167525 0.999842 264.313
0.999334 -0.0340707 0.0163047 -6.16949 0.0338721 0.999378 0.0121628 -4.0862 -0.0167042 -0.0116033 0.999864 264.933
0.999298 -0.0328017 0.0203325 -6.18347 0.0325831 0.999429 0.0110239 -4.0684 -0.0206791 -0.0103553 0.999796 265.769
0.999257 -0.0316188 0.0240793 -6.17425 0.0313445 0.999468 0.0115904 -4.0526 -0.0244281 -0.0108279 0.999714 266.63
0.999191 -0.0304157 0.0279051 -6.16729 0.0300957 0.999498 0.0118519 -4.03627 -0.0282482 -0.0110042 0.999604 267.464
0.999229 -0.0283653 0.0288671 -6.127 0.0280807 0.99958 0.0101441 -4.01882 -0.0291378 -0.00932659 0.999603 268.32
0.999074 -0.0271304 0.0347059 -6.13346 0.0268487 0.999625 0.0085892 -4.00809 -0.0349224 -0.00765105 0.999426 269.182
0.998969 -0.0283421 0.0368141 -6.09645 0.0281194 0.999609 0.00649469 -3.9922 -0.0369787 -0.00545375 0.999372 270.051
0.998858 -0.030202 0.0382265 -6.05477 0.0300058 0.999555 0.00572268 -3.983 -0.0383789 -0.00457073 0.999318 270.909
0.998778 -0.0321228 0.0388444 -6.01775 0.0319487 0.999502 0.00503553 -3.98471 -0.0389817 -0.00378936 0.999304 271.781
0.99874 -0.0332122 0.0388077 -5.97976 0.0330816 0.999467 0.00402648 -3.9837 -0.0389172 -0.00273917 0.999305 272.637
0.998687 -0.0335542 0.0399725 -5.95751 0.0334672 0.999462 0.00278564 -3.9776 -0.0400392 -0.00144529 0.99927 273.505
0.998676 -0.0332523 0.0403719 -5.93698 0.0331695 0.999468 0.00274272 -3.98271 -0.0404381 -0.00140161 0.999247 274.38
0.998607 -0.0332773 0.0421651 -5.93262 0.0332197 0.999473 0.00201328 -3.98591 -0.0422045 -0.000610868 0.999183 275.253
0.998644 -0.0330831 0.0413346 -5.9123 0.0330856 0.999475 0.000648976 -3.99303 -0.0413309 0.000717844 0.999213 276.114
0.99869 -0.0326428 0.0406618 -5.89007 0.0326867 0.999492 -0.000470347 -4.01156 -0.0406205 0.00179778 0.999248 276.982
0.998827 -0.0324936 0.0371885 -5.84339 0.0325289 0.999493 -0.000322679 -4.03704 -0.0371558 0.00153036 0.999377 277.846
0.998661 -0.0348452 0.0395338 -5.86531 0.0347043 0.999415 0.00418313 -4.11254 -0.0396511 -0.00280652 0.999285 278.715
0.99871 -0.0328818 0.0399028 -5.87119 0.0327668 0.999481 0.00355144 -4.11777 -0.0399952 -0.00224103 0.999267 279.548
0.99893 -0.0333578 0.033598 -5.78761 0.033261 0.999466 0.0033616 -4.12386 -0.033687 -0.00224139 0.999505 280.408
0.999021 -0.0334397 0.0305765 -5.76048 0.0333908 0.999466 0.00212686 -4.10554 -0.0306274 -0.00110535 0.999602 281.294
0.999105 -0.0344894 0.0265107 -5.74843 0.0343994 0.999427 0.00374147 -4.10639 -0.0266193 -0.00282719 0.999718 282.149
0.999179 -0.0361144 0.0208727 -5.72335 0.0360068 0.999363 0.00552877 -4.12662 -0.0210554 -0.00477423 0.99984 283.003
0.999267 -0.0372135 0.0135843 -5.69216 0.0371299 0.999318 0.00615175 -4.14108 -0.0137986 -0.00564389 0.999965 283.823
0.999383 -0.0355348 0.00835836 -5.68057 0.0354955 0.999386 0.0048461 -4.12818 -0.00852166 -0.0045481 1.00003 284.676
0.999352 -0.0373395 0.00260092 -5.67156 0.0373192 0.99931 0.00646435 -4.16495 -0.00283503 -0.00636416 1.00005 285.504
0.999327 -0.0380141 -0.00174275 -5.69051 0.0380235 0.999289 0.00559998 -4.16506 0.00153236 -0.00566421 1.00006 286.288
0.999324 -0.0377537 -0.00566356 -5.69817 0.0377767 0.999304 0.00453317 -4.17399 0.005494 -0.00474514 1.00005 287.091
0.99933 -0.0368587 -0.00912727 -5.71334 0.0368978 0.99934 0.00412442 -4.18502 0.00897309 -0.00446014 1.00003 287.859
0.999313 -0.0365145 -0.0120704 -5.73795 0.0365666 0.999349 0.00435468 -4.20132 0.0119091 -0.00479413 0.999996 288.603
0.999243 -0.0370855 -0.015602 -5.7564 0.0371517 0.99933 0.00395067 -4.20285 0.015449 -0.00452899 0.999948 289.328
0.999108 -0.0389511 -0.019273 -5.80178 0.0390598 0.999251 0.00545466 -4.26286 0.0190516 -0.00620373 0.999879 290.02
0.999075 -0.0372567 -0.0238521 -5.83187 0.0373301 0.999329 0.00262445 -4.25375 0.0237423 -0.00351413 0.999792 290.703
0.999009 -0.0347861 -0.0295995 -5.86569 0.0347733 0.999422 -0.000849827 -4.24201 0.0296174 -0.00018148 0.99964 291.374
0.998777 -0.0333431 -0.0379264 -5.88746 0.0331904 0.99947 -0.00465652 -4.21333 0.0380653 0.00339026 0.99935 291.988
0.998333 -0.0332831 -0.0483053 -5.91993 0.0330351 0.999468 -0.00587431 -4.23478 0.0484799 0.00426721 0.998897 292.629
0.997675 -0.0332512 -0.0603788 -5.99469 0.0327132 0.999448 -0.00988444 -4.17773 0.0606778 0.00788451 0.998208 293.213
0.996572 -0.0318872 -0.0770797 -6.06152 0.0312049 0.999495 -0.0100081 -4.19305 0.0773646 0.00756688 0.997058 293.819
0.994972 -0.0295348 -0.0962676 -6.16048 0.0286463 0.999566 -0.0106043 -4.17783 0.0965423 0.00779135 0.995382 294.298
0.99277 -0.0282808 -0.11714 -6.32121 0.027044 0.999593 -0.0121144 -4.18011 0.11744 0.00885711 0.993125 294.868
0.98962 -0.0271245 -0.141528 -6.45935 0.0254537 0.999617 -0.0136088 -4.1797 0.141846 0.0098633 0.989925 295.411
0.985485 -0.0268277 -0.167971 -6.60992 0.0246929 0.999619 -0.0147713 -4.17532 0.168308 0.0104073 0.985766 295.903
0.980278 -0.0266826 -0.196118 -6.83167 0.0242308 0.999628 -0.0148957 -4.19526 0.196445 0.00984809 0.980553 296.515
0.973483 -0.0269848 -0.227497 -7.02234 0.0243668 0.999634 -0.0143003 -4.21459 0.227804 0.00837514 0.973778 296.95
0.964508 -0.0270181 -0.262896 -7.18016 0.0243435 0.999648 -0.0134292 -4.23625 0.263168 0.00655097 0.964819 297.401
0.953916 -0.0253301 -0.299262 -7.36534 0.0228147 0.999702 -0.0118908 -4.25668 0.299477 0.00451279 0.954202 297.809
0.941945 -0.0245926 -0.335044 -7.61487 0.0223687 0.999729 -0.0104979 -4.27556 0.335212 0.00239229 0.942233 298.197
0.928341 -0.0229471 -0.37123 -7.91078 0.0210229 0.99977 -0.0092248 -4.3014 0.371359 0.000756883 0.928601 298.577
0.911926 -0.0233218 -0.409898 -8.17331 0.021408 0.999762 -0.009262 -4.30746 0.410016 -0.000330377 0.912201 298.969
0.892894 -0.0241399 -0.44979 -8.46525 0.0223273 0.999742 -0.00933075 -4.31909 0.449901 -0.00171392 0.893194 299.355
0.871538 -0.0243942 -0.489893 -8.80766 0.0225375 0.999734 -0.00969191 -4.33614 0.489998 -0.00259553 0.871848 299.735
0.846406 -0.0247982 -0.532108 -9.14396 0.0235574 0.999717 -0.00911667 -4.36729 0.532183 -0.0048217 0.846742 300.161
0.819093 -0.0246556 -0.573279 -9.49929 0.0240708 0.999708 -0.00860782 -4.38148 0.573322 -0.00674983 0.81944 300.521
0.789164 -0.0225157 -0.613896 -9.89774 0.0215925 0.999763 -0.00890937 -4.39722 0.61395 -0.00622777 0.789456 300.868
0.755302 -0.0230619 -0.655103 -10.2611 0.0219888 0.999745 -0.00984618 -4.41119 0.655161 -0.00696906 0.755608 301.167
0.71882 -0.0242186 -0.694887 -10.6521 0.0246315 0.999689 -0.00936085 -4.41598 0.694895 -0.0103907 0.719185 301.397
0.679473 -0.0254543 -0.733378 -11.1114 0.0290363 0.999582 -0.00779529 -4.41424 0.733268 -0.0159984 0.67992 301.584
0.636574 -0.0249712 -0.770913 -11.5762 0.0303505 0.999549 -0.00731486 -4.40997 0.770744 -0.0187446 0.637038 301.725
0.590212 -0.0213858 -0.807073 -11.9902 0.0268596 0.99965 -0.00684912 -4.40092 0.806935 -0.0176358 0.590572 301.824
0.542497 -0.0150372 -0.840018 -12.4865 0.0194396 0.999833 -0.0053435 -4.40843 0.839953 -0.0134342 0.542691 301.919
0.49295 -0.0106569 -0.870092 -12.93 0.0140375 0.999927 -0.00429658 -4.41723 0.870072 -0.0100965 0.493054 301.959
0.442371 -0.00790069 -0.896889 -13.3837 0.00932724 0.999982 -0.00420862 -4.42771 0.8969 -0.00650712 0.442432 301.969
0.390573 -0.00665271 -0.920642 -13.8514 0.00893448 0.999988 -0.00343775 -4.41809 0.920652 -0.00688308 0.39062 301.969
0.336482 -0.00557518 -0.941761 -14.2853 0.0100922 0.999982 -0.00231445 -4.39451 0.94175 -0.00872909 0.336526 301.989
0.281083 -0.00253597 -0.959772 -14.7397 0.0097012 0.999988 0.000197134 -4.38171 0.959755 -0.00936652 0.281096 301.992
0.223266 -0.00036056 -0.974843 -15.1643 0.00897645 0.999995 0.00168534 -4.37093 0.974828 -0.00913021 0.223263 301.963
0.163493 0.0034001 -0.986627 -15.6402 0.00644929 1 0.00451338 -4.369 0.986641 -0.00710117 0.163465 301.901
0.0993186 0.00850837 -0.995104 -16.0916 0.0053148 0.999981 0.0090797 -4.36097 0.995153 -0.00619376 0.0992664 301.878
0.0349566 0.0156025 -0.999356 -16.5123 0.0034884 0.999905 0.0157318 -4.3665 0.999501 -0.00403609 0.034893 301.799
-0.0319688 0.0219673 -0.999332 -17.0107 0.00306947 0.999792 0.0218782 -4.35581 0.999595 -0.00237137 -0.0320338 301.733
-0.0976316 0.0283644 -0.994908 -17.4478 0.00260266 0.999633 0.0282427 -4.34895 0.995337 0.000167827 -0.0976742 301.611
-0.164502 0.0357131 -0.985817 -17.9148 0.00457153 0.999398 0.0354408 -4.35938 0.986477 0.0013197 -0.164569 301.488
-0.22936 0.0391166 -0.972646 -18.3739 0.00633907 0.999266 0.0386914 -4.33567 0.973439 0.00270855 -0.229443 301.332
-0.293971 0.0426546 -0.954954 -18.865 0.00941233 0.999121 0.0417283 -4.3294 0.955883 0.00327497 -0.294116 301.162
-0.35351 0.0445907 -0.934462 -19.3198 0.0120997 0.999033 0.0430937 -4.32752 0.935472 0.00392724 -0.35371 300.924
-0.40987 0.0445207 -0.911153 -19.7871 0.01341 0.999031 0.0427804 -4.30059 0.912163 0.0053123 -0.410071 300.652
-0.462595 0.0436916 -0.885593 -20.2675 0.0131643 0.999048 0.0424121 -4.26796 0.886595 0.00796113 -0.462731 300.345
-0.510546 0.0428437 -0.858885 -20.7366 0.013576 0.999072 0.0417644 -4.22726 0.859866 0.00965904 -0.510653 300.016
-0.553227 0.0427234 -0.832042 -21.234 0.012759 0.999035 0.0428144 -4.19165 0.833061 0.0130697 -0.553239 299.648
-0.592422 0.0469817 -0.804367 -21.7044 0.0171136 0.998844 0.0457339 -4.16875 0.805574 0.0133247 -0.59254 299.264
-0.630714 0.0537352 -0.77427 -22.1552 0.0240718 0.998509 0.0496889 -4.14317 0.775776 0.0127011 -0.631067 298.844
-0.670175 0.0560029 -0.740209 -22.6582 0.027152 0.998368 0.0509492 -4.07833 0.741841 0.0140438 -0.670601 298.409
-0.705886 0.055845 -0.70625 -23.1443 0.0275853 0.998332 0.05137 -4.03155 0.707933 0.0167789 -0.706248 297.908
-0.738917 0.051707 -0.671944 -23.6066 0.0258503 0.998529 0.0484084 -3.99392 0.673447 0.0183968 -0.739165 297.372
-0.767194 0.0507709 -0.639545 -23.992 0.0281265 0.998601 0.045535 -3.98006 0.640954 0.0169455 -0.767547 296.793
-0.791574 0.0454432 -0.609533 -24.3692 0.0259444 0.998869 0.0407739 -3.93902 0.610682 0.0164587 -0.791855 296.122
-0.815989 0.0426082 -0.576655 -24.8003 0.0260267 0.999011 0.0369876 -3.9024 0.577653 0.0151725 -0.816288 295.436
-0.838423 0.0413508 -0.543619 -25.188 0.0254056 0.999037 0.0368057 -3.87704 0.544604 0.017045 -0.838663 294.753
-0.859876 0.0383489 -0.509242 -25.6029 0.022978 0.999106 0.0364407 -3.85119 0.510176 0.0196324 -0.859984 293.956
-0.879072 0.0382284 -0.475349 -25.9432 0.024129 0.999108 0.0357234 -3.81888 0.476277 0.0199311 -0.879206 293.187
-0.897615 0.0406539 -0.439118 -26.2977 0.0269934 0.998974 0.0373098 -3.79975 0.440176 0.0216358 -0.897786 292.371
-0.913859 0.0446298 -0.4038 -26.6001 0.0317216 0.99879 0.0385947 -3.77835 0.40502 0.0224585 -0.914164 291.544
-0.928244 0.0471869 -0.369224 -26.8974 0.0339927 0.998568 0.0421611 -3.75711 0.370676 0.0265841 -0.928513 290.641
-0.941137 0.0511345 -0.334414 -27.1905 0.0382432 0.998293 0.0450123 -3.74518 0.33613 0.0295715 -0.941482 289.706
-0.95199 0.0521078 -0.301981 -27.3582 0.0404002 0.998211 0.0448875 -3.71177 0.30377 0.0305316 -0.952384 288.836
-0.961547 0.0500927 -0.270366 -27.6301 0.0403 0.998358 0.0416381 -3.67486 0.271995 0.0291395 -0.961982 287.759
-0.969623 0.0484495 -0.240161 -27.8382 0.0402488 0.998467 0.0389329 -3.64082 0.241669 0.0280832 -0.970078 286.714
-0.976351 0.0483333 -0.211146 -28.0029 0.0410444 0.998443 0.0387492 -3.60683 0.212678 0.0291648 -0.97681 285.688
-0.982734 0.0478952 -0.179262 -28.2008 0.0414342 0.998393 0.03961 -3.58143 0.180861 0.0314975 -0.983129 284.645
-0.98777 0.0469331 -0.1493 -28.3965 0.0417188 0.99845 0.0378392 -3.53319 0.150833 0.0311462 -0.988192 283.49
-0.991628 0.0463833 -0.121323 -28.5584 0.0421526 0.998456 0.0372 -3.49229 0.122852 0.0317733 -0.992041 282.344
-0.994263 0.0439133 -0.0984588 -28.6274 0.0403077 0.998492 0.0382726 -3.45297 0.09998 0.034083 -0.994528 281.209
-0.996326 0.042863 -0.0754516 -28.708 0.0399967 0.998473 0.0390841 -3.41391 0.0770025 0.0359214 -0.996507 280.032
-0.997778 0.0404204 -0.054665 -28.772 0.038347 0.998564 0.0383847 -3.38104 0.0561275 0.0362018 -0.997889 278.812
-0.998737 0.0355271 -0.0381901 -28.8007 0.0341365 0.998791 0.0364456 -3.35022 0.0394298 0.0350946 -0.998729 277.593
-0.999288 0.0314365 -0.0248822 -28.8385 0.030544 0.998947 0.0353184 -3.31243 0.0259561 0.0345319 -0.999189 276.346
-0.999606 0.0265452 -0.0167771 -28.859 0.0259027 0.999004 0.0373882 -3.28118 0.0177442 0.0369375 -0.999284 275.126
