0.999999 0.000695279 0.00119154 0.00614928 -0.000694481 0.999999 -0.000713862 -0.0238233 -0.00119212 0.000712988 0.999998 1.23672
1 -0.000308609 0.000941424 0.00317942 0.0003083 0.999999 0.000374214 -0.0214583 -0.000941467 -0.000373861 1 1.23985
0.999999 -0.000784089 0.00035048 0.000530978 0.000783675 1 0.000989214 -0.0302259 -0.000351328 -0.000988975 1 1.22114
1 -0.000359725 0.000918087 -0.006493 0.000360265 0.999999 -0.000448379 -0.0174981 -0.00091784 0.000448804 0.999999 1.23217
0.999999 -0.0004187 0.000916246 -0.0138508 0.000418376 1 0.00022512 -0.0226301 -0.000916545 -0.000224854 1 1.21321
1 0.000613068 0.000286781 -0.00748302 -0.000612668 1 -0.000763014 -0.0254151 -0.00028697 0.000762991 1 1.1954
1 -0.000711947 -0.000538424 0.0077123 0.000711777 1 -0.000427245 -0.0211419 0.000538781 0.000426607 1 1.20517
0.999995 -0.00273697 0.000923216 -0.0112724 0.00273765 0.999996 -0.000878952 0.00616008 -0.00092079 0.000881736 0.999999 1.18445
1 -0.00106897 -9.79173e-05 -0.0243099 0.00106919 1 0.000705374 -0.0197208 9.7135e-05 -0.000705754 1 1.21219
0.999998 -0.00164817 -0.0015027 -0.0274525 0.0016458 0.999997 -0.00157878 -0.00615152 0.00150536 0.00157651 0.999998 1.22793
0.999998 0.000489281 -0.00206698 -0.0125532 -0.000495007 0.999997 -0.00277794 0.0150991 0.00206545 0.00277873 0.999994 1.22436
1 0.000183979 -0.00127669 -0.0135647 -0.000183172 0.999999 0.000641115 -0.0399556 0.00127705 -0.000640632 1 1.21805
0.999998 0.00152266 0.000120605 -0.0237904 -0.00152264 1 5.37753e-05 -0.0249611 -0.000120768 -5.41927e-05 0.999999 1.22448
0.999999 -0.00172208 -0.000270205 -0.0242428 0.00172193 0.999996 -0.000580344 -0.0255792 0.000271467 0.000580092 1 1.20216
0.999999 -6.15779e-05 -0.000427521 -0.0101726 6.19647e-05 1 0.000970804 -0.027471 0.000427214 -0.00097111 0.999999 1.22965
1 7.97802e-05 -0.000665079 -0.00550355 -7.98329e-05 0.999998 -9.31641e-05 -0.0169028 0.000665284 9.34577e-05 1 1.23639
1 0.000154621 0.000740803 -0.0326958 -0.000154715 1 0.00020562 -0.0373365 -0.000741019 -0.000206024 1 1.20543
1 0.000198507 -0.000711543 -0.0104444 -0.000198838 0.999996 -0.000664564 -0.0247694 0.000711734 0.000664743 1 1.20443
0.999996 -0.000498055 0.00297053 -0.157149 0.000465555 0.999944 0.0109169 -0.192806 -0.00297607 -0.0109156 0.999937 1.09713
1 -0.000766078 -0.00182204 0.0168202 0.000767975 0.999996 0.00122767 -0.0399643 0.00182174 -0.00122893 1 1.21055
0.999998 0.000191343 -7.02018e-06 -0.0327249 -0.000191 1 -8.01458e-05 -0.0310988 6.30986e-06 8.00703e-05 0.999998 1.20508
1 0.000364017 0.000362793 -0.0281708 -0.000364854 0.999996 0.00126752 -0.028234 -0.000361696 -0.00126761 1 1.22785
0.999998 -0.00154112 -0.00168306 0.00989296 0.001545 1 0.00212615 -0.0252034 0.00167917 -0.00212878 0.999996 1.24849
0.999999 -0.000151491 -0.000527287 -0.0342562 0.00015113 0.999994 6.94214e-05 -0.0238578 0.000527923 -6.94768e-05 1 1.19334
0.999999 -0.000570962 -0.00174692 0.0050551 0.000570196 1.00001 -0.000700855 -0.0211806 0.00174669 0.000699765 0.999998 1.22104
0.999998 -0.00128641 -0.00153813 -0.00012725 0.001283 0.99999 -0.00189263 -0.00604048 0.00154122 0.00189077 0.999997 1.22828
0.999999 0.00096313 -0.000573329 -0.0147688 -0.000962532 1 9.36258e-06 -0.0225817 0.000572643 -8.92939e-06 1 1.2039
0.999999 -0.00126258 -0.00134227 -0.00397316 0.00126084 0.999995 -0.000887418 -0.00582825 0.00134412 0.00088588 1 1.22073
1 -0.000457635 -0.00103587 -0.00456346 0.000459132 1 0.000953517 -0.0293804 0.00103464 -0.000954214 0.999999 1.21757
0.999999 -0.000195498 -0.00149651 0.00444826 0.000199145 0.999994 0.00281858 -0.109999 0.0014968 -0.00281872 0.999996 1.17934
1 -0.000171322 -0.00147534 -0.00497745 0.000173245 1 0.000883085 -0.0431853 0.00147447 -0.000883496 0.999998 1.18383
0.999993 0.000346074 -0.00301425 0.0613544 -0.000339895 0.999995 0.00229487 -0.0686024 0.0030157 -0.0022937 0.999992 1.28436
1 0.000691342 -0.00126784 0.0132027 -0.000687553 0.999999 0.00247906 -0.0441554 0.00126903 -0.00247832 0.999999 1.21206
0.999997 0.000370197 -0.000622067 0.00298638 -0.000369677 0.999996 0.00180088 -0.0393255 0.000623322 -0.00180058 0.999995 1.25862
1 0.000787873 -0.000297829 -0.00884361 -0.000787044 1 0.000626459 -0.0416635 0.000297715 -0.0006263 1 1.21075
0.999997 0.000937921 -0.000145061 -0.0139449 -0.000938407 0.999997 0.00114496 -0.039487 0.000146689 -0.00114472 0.999997 1.21953
1 0.00231468 -0.000432025 -0.00162778 -0.00231292 0.999996 0.0023501 -0.0289954 0.000436888 -0.00234919 1 1.22445
0.999998 0.00039455 0.000796759 -0.000592628 -0.000398429 0.99999 0.00398702 -0.0348344 -0.000794552 -0.00398724 0.999987 1.2181
1 0.00010952 0.00138331 -0.00587754 -0.00011346 0.999996 0.00339269 -0.0284141 -0.00138367 -0.00339294 0.999997 1.22299
0.999998 -5.27309e-05 0.00154798 -0.0113709 4.48759e-05 0.999988 0.00453836 -0.0358188 -0.00154755 -0.00453834 0.999985 1.23767
1 7.58102e-05 0.00100225 -0.00845431 -7.72418e-05 0.999999 0.00225462 -0.0310271 -0.00100283 -0.00225463 1 1.20358
0.999997 -0.0016531 0.00202141 -0.0185324 0.00165306 0.999998 -0.000508956 -0.0329317 -0.00201951 0.000512192 0.999996 1.21596
0.999993 -0.00379878 -0.000975569 -0.0155169 0.00380184 0.999993 0.00226612 -0.111509 0.000965956 -0.0022696 1 1.14581
0.999996 0.00114181 0.00206011 -0.042959 -0.00114396 0.999996 0.000580939 -0.0317339 -0.00205855 -0.00058352 0.999992 1.16975
1 -0.000226498 0.000742244 -0.019855 0.000227437 1 -9.60188e-05 -0.0383985 -0.000743019 9.62801e-05 1 1.24259
0.999998 -0.00121745 0.000651266 -0.0259491 0.00121718 0.999996 -0.000852007 -0.0464244 -0.000649374 0.00085273 0.999994 1.19945
1 -0.000295431 -0.00131104 -0.0129171 0.000298056 1 0.00133758 -0.0326994 0.00130986 -0.00133796 1.00001 1.23206
0.99999 -0.00417365 -0.00130891 -0.0242048 0.00417272 0.999989 3.23524e-05 -0.0275515 0.0013096 -3.77727e-05 0.999992 1.19524
1 -1.5339e-06 0.000534051 -0.0386584 2.13437e-06 1 0.00072223 -0.0299785 -0.000534972 -0.000722202 1 1.21685
1 0.000163005 -0.00121007 -6.8631e-05 -0.000165464 0.999997 -0.0012832 -0.0118797 0.00121079 0.00128338 0.999994 1.26742
0.999999 0.00084139 -0.000642504 -0.0103749 -0.000839662 1 0.00131096 -0.0409643 0.000642667 -0.00131034 1 1.20448
1 -0.000462433 -0.000764786 -0.000429007 0.000460826 0.999997 -0.000959503 -0.0194018 0.000766185 0.000959076 0.999996 1.22191
0.999999 -0.00183799 -0.00084191 0.000595586 0.00183699 1 -0.00209801 -0.0105796 0.000844835 0.00209647 1 1.22673
0.999982 -0.00513545 -0.00290165 0.00362741 0.00513357 0.999983 -0.000368148 -0.0356704 0.00290436 0.000353242 0.999989 1.19696
1 -0.000956619 0.000318367 -0.0276657 0.000957085 1 0.00107828 -0.0191234 -0.000320112 -0.00107793 1.00001 1.21281
0.999999 0.00068693 0.00134776 -0.0293122 -0.000685076 0.999996 -0.00193903 -0.0263014 -0.00134845 0.00193792 0.999993 1.21654
0.999994 7.0008e-05 0.00368487 -0.0720305 -4.95623e-05 0.999988 -0.00534381 0.0410332 -0.00368565 0.00534366 0.999987 1.23691
0.999997 0.00197855 0.000357305 -0.0279044 -0.00197941 0.999996 0.000388207 -0.0194375 -0.00035604 -0.000388916 0.999993 1.20885
0.999998 -0.00171708 -0.000437572 -0.0102134 0.00171913 0.999996 0.00310166 -0.0822424 0.000431656 -0.00310254 1 1.1897
0.999999 -0.00135368 0.00132721 -0.0242738 0.00134742 0.999989 0.00413544 -0.0890163 -0.00133221 -0.0041335 0.999982 1.22403
0.999999 0.000409448 0.00165686 -0.0228357 -0.000412119 0.999998 0.00207629 -0.0353167 -0.00165649 -0.00207713 1 1.20643
0.999996 0.00218124 0.00188368 -0.00595433 -0.00218423 0.999998 0.00120459 -0.0280756 -0.00188062 -0.00120853 0.999991 1.20046
0.999997 -0.00194587 0.0021415 0.00124021 0.00195124 0.999997 -0.00214539 -0.0277967 -0.00213781 0.00214942 1 1.20742
0.999995 -0.0031525 0.00108884 0.0135148 0.00315759 0.99998 -0.00549791 -0.0233094 -0.00107097 0.00550143 0.999979 1.21453
0.999998 0.00134052 0.00207191 -0.00332082 -0.0013418 0.999999 0.000969014 -0.0315367 -0.0020713 -0.0009719 1 1.18658
0.999994 -0.00180752 0.00269585 -0.000216288 0.00179681 0.999991 0.003683 -0.0207933 -0.00270174 -0.003678 0.999986 1.18296
0.999967 0.00553353 0.00637705 -0.0375207 -0.00552693 0.999985 -0.000958127 -0.00609222 -0.00638219 0.000923062 0.999985 1.18751
0.999988 0.00345696 0.00288179 0.0199454 -0.00344499 0.999986 -0.00435005 0.00638029 -0.00289681 0.00433979 0.999982 1.20378
0.999993 0.00250696 0.00374491 0.00265415 -0.00248577 0.999982 -0.00546419 2.66901e-05 -0.00375844 0.00545517 0.999985 1.1771
0.999977 -0.000523868 0.00611619 -0.0222961 0.000571749 0.999966 -0.00795388 0.0279586 -0.00611191 0.00795687 0.999943 1.15081
0.999974 -0.00745926 0.0024701 0.00504577 0.00745887 0.999975 0.000516612 -0.0256243 -0.00247375 -0.00049771 1 1.16579
0.999987 -0.000756987 0.00396319 -0.00553079 0.000751387 0.999998 0.00113887 -0.00967675 -0.00396437 -0.00113641 0.999985 1.17325
0.999968 0.00326212 0.00803257 -0.0537876 -0.00328911 0.999991 0.00350001 -0.0741368 -0.00802082 -0.00352576 0.999969 1.16161
0.999994 -0.000739811 0.00131304 0.0247054 0.000743075 0.999994 -0.00335014 -0.0068574 -0.00131079 0.00335053 0.99999 1.18369
1 0.000905385 0.00154287 0.0160275 -0.000904314 1 7.44141e-05 -0.0509367 -0.00154261 -7.52405e-05 1 1.14982
0.999928 -0.0115906 0.000562116 -0.00971321 0.0115892 0.999933 0.000359666 -0.0479752 -0.000566401 -0.0003537 0.999996 1.13094
0.999989 -0.00487123 0.00316132 -0.105128 0.00486907 0.999987 0.00103383 -0.0815429 -0.0031658 -0.00101784 0.999999 1.09063
0.999993 -0.00180803 -0.000663771 0.056765 0.00180683 0.999999 -0.00043207 0.00376093 0.000664176 0.000430155 0.999995 1.15663
1 -0.00161863 0.00126641 0.00868068 0.00161694 0.999997 0.00206201 -0.0311339 -0.00126927 -0.00205927 1.00001 1.18098
0.999958 -0.00887075 -0.00022854 0.0147893 0.00886804 0.999939 -0.00641212 0.0772265 0.000285217 0.00640928 0.99997 1.2255
1 0.00122637 -8.4562e-05 0.0276422 -0.00122524 1 0.00107829 -0.075585 8.63461e-05 -0.00107782 1.00001 1.13486
0.999993 -0.00178058 0.000930341 0.00604129 0.00178404 0.999985 -0.00465588 0.00140682 -0.000922267 0.00465716 0.999978 1.18142
1 0.000245621 1.73908e-05 0.00726629 -0.000244653 1 -0.00281341 -0.0163941 -1.78363e-05 0.00281376 1 1.182
0.999984 0.00454593 0.00166097 0.0567509 -0.00454491 0.999986 -0.001189 0.0457689 -0.00166637 0.00118101 0.999991 1.26102
0.999999 -0.00175136 -0.0028648 -0.017336 0.00174113 0.999992 -0.00390016 0.0593233 0.00287246 0.00389542 0.999996 1.07989
0.999979 -0.00187094 -0.00575046 0.0689578 0.00187263 0.999999 0.000486184 -0.00318713 0.00574958 -0.000497594 0.999979 1.17093
1 -0.000329806 -0.00221728 0.0897098 0.000332616 1 0.000630547 0.00391493 0.00221786 -0.000631134 1.00001 1.4142
0.999995 0.000676696 -0.00310403 0.00789817 -0.000676415 0.999999 0.000484761 -0.00224167 0.0031043 -0.000483181 0.99999 1.19526
0.999996 -0.000571709 -0.00313649 0.0128193 0.000572249 1 -0.000180488 -0.0109195 0.00313686 0.000179144 1 1.26361
0.999978 -0.000455321 -0.00681409 -0.0144206 0.000445895 0.999999 -0.00124659 0.00159072 0.006815 0.00124275 0.99997 1.08184
0.99998 2.99296e-05 -0.00634946 0.0105829 -2.05666e-05 1 0.00130808 -0.0550025 0.00634967 -0.00130734 0.999988 1.18818
0.999988 0.00103374 -0.00465441 0.0158373 -0.00102729 0.999998 0.00161244 -0.0285898 0.00465595 -0.00160828 0.999981 1.25972
0.999996 0.0021717 -0.00256374 -0.0377419 -0.00216531 0.999996 0.0020628 -0.0505727 0.00256838 -0.00205661 1 1.28792
0.999981 8.79925e-06 -0.00610378 -0.0193274 2.70696e-06 0.999998 0.00207431 -0.0496927 0.00610382 -0.00207501 0.999974 1.20814
0.999987 -6.35409e-05 -0.00530218 -0.034787 3.90051e-05 0.999989 -0.00478857 0.108597 0.00530295 0.00478878 0.999982 1.19182
0.999981 0.00303062 -0.00486419 -0.0736466 -0.00303863 0.999994 -0.00147502 0.0510156 0.00485931 0.00148927 0.999977 1.24728
0.999994 0.00104647 -0.00451828 -0.09405 -0.00104263 0.999999 0.000633854 -0.0169203 0.00451961 -0.000628795 1 1.19956
0.999985 0.000492395 -0.00476898 -0.014424 -0.000495148 1 -0.000349504 -0.0246368 0.0047688 0.00035143 0.99998 1.40211
0.999998 0.000466302 -0.00370041 -0.0551219 -0.000472382 0.999999 -0.00197606 0.0240304 0.0036997 0.00197795 1 1.20972
0.999973 0.00432152 -0.00532915 0.0384528 -0.00431615 0.99999 0.0012253 -0.0368639 0.00533416 -0.0012026 0.999975 1.26187
0.999988 0.00216361 -0.00524718 0.026522 -0.00216362 0.999997 -0.00014881 -0.0369109 0.00524732 0.000160502 0.999998 1.19346
0.999994 0.000331573 -0.0021367 0.023358 -0.000333724 1 -0.0007446 -0.00732074 0.002136 0.000744891 0.999988 1.30694
1 0.00175901 -0.00129136 -0.0222155 -0.001758 0.999999 0.000176912 -0.011455 0.00129219 -0.000174219 1.00001 1.3169
0.999992 0.00257191 0.00105545 -0.069594 -0.00257375 0.999997 0.000992052 -0.0234416 -0.00105343 -0.000995133 0.999991 1.30758
1 1.77146e-05 0.0017101 -0.0663943 -1.69758e-05 0.999999 3.37204e-05 -0.00918902 -0.00170972 -3.34721e-05 1.00001 1.2447
0.999984 0.00443211 1.94655e-05 -0.0284117 -0.00443309 0.99999 0.00121147 -0.00359197 -1.44794e-05 -0.00121187 0.999991 1.21905
1 8.7756e-05 -0.00333479 0.0248138 -8.01565e-05 0.999998 0.00199457 0.00372322 0.00333531 -0.00199395 1 1.20439
0.999994 -0.00175656 -0.000764726 -0.011175 0.00175461 1 -0.00137906 -0.0103922 0.000767003 0.00137726 0.99999 1.32019
1 -0.000256226 0.000156918 -0.0299693 0.000257343 0.999996 -0.00134273 -0.0240842 -0.000156414 0.00134321 1 1.30808
0.999988 -0.00398109 -0.00173297 -0.00185179 0.00398067 0.999996 0.000274307 -0.00494234 0.00173167 -0.000281603 0.999993 1.29913
0.999993 -0.00255534 -0.00307522 0.0188106 0.0025633 0.99999 0.00228179 -0.0259502 0.00306956 -0.00228922 1 1.27242
0.999995 -0.00305049 -0.000988562 0.00186348 0.00305203 0.999996 0.00258565 -0.0318963 0.000980515 -0.00258906 0.999989 1.2865
0.999998 -0.00142764 -0.00187355 0.0160604 0.00143206 0.999994 0.00181086 -0.035101 0.0018711 -0.00181314 1.00001 1.28221
0.999991 -0.00382847 -0.000729441 0.00535544 0.00382714 0.999996 -0.000410234 -0.0441784 0.000730827 0.000407046 0.999989 1.28429
0.999996 -0.00292793 -0.00153992 0.0100995 0.0029273 0.999992 -0.00115638 -0.0209373 0.00154351 0.00115214 1.00001 1.30716
0.999997 -0.0010926 -0.00131738 0.00988542 0.00109113 1 -0.000251646 -0.0209691 0.00131735 0.000249918 0.999987 1.29238
1 0.000299097 -0.000167617 -0.00299113 -0.000297789 0.999998 0.000365968 -0.0177402 0.000168016 -0.00036563 1.00001 1.2834
0.999996 -0.000308133 -0.0017747 0.0175425 0.000310418 1 0.00210918 -0.0228991 0.0017741 -0.00211038 0.999985 1.29399
0.999986 0.00162403 -0.0055597 0.0601498 -0.00161341 0.999994 0.00168165 -0.0265512 0.00556244 -0.00167199 0.999994 1.22644
0.999999 0.000221439 0.00173063 -0.0311442 -0.000220641 1 -0.00132038 -0.0253407 -0.00173098 0.00131934 0.999989 1.30095
0.999998 0.00169775 -0.00136982 0.030834 -0.00169857 0.999996 -0.00162897 -0.0239939 0.00136722 0.00163188 1.00001 1.22485
1 -0.000281334 -0.000235794 -0.00252629 0.000279372 0.999998 -0.00259202 -0.0270201 0.000236412 0.00259139 0.999986 1.32443
1 -0.00119244 -0.000443659 0.000943897 0.00119206 0.99999 -0.00394111 -0.0276562 0.000448539 0.00394109 1 1.2946
0.999999 -0.000347358 0.00020648 -0.00546032 0.000346831 0.999993 -0.00413215 -0.0269023 -0.00020524 0.00413175 0.999979 1.29153
1 -0.000247135 -0.000666295 -0.00549875 0.000248223 0.999998 -0.000533507 -0.0310342 0.000666566 0.000533856 1.00001 1.30502
0.999999 -0.000133453 -0.00134615 0.00693956 0.000132387 1 0.000252737 -0.0212983 0.00134601 -0.000253393 0.999989 1.28161
0.999998 0.000103025 -0.00196844 0.0173526 -9.91011e-05 0.999999 0.00132059 -0.047681 0.00196858 -0.0013199 1.00001 1.30687
1 0.000209131 -0.000807129 0.000894278 -0.000209683 0.999999 0.000863305 -0.019181 0.000807237 -0.000863703 0.999988 1.27787
1 8.80013e-05 -0.00168409 0.007034 -8.59146e-05 1 0.00049638 -0.0225666 0.00168413 -0.000495697 1.00001 1.28911
0.999996 -0.00115524 -0.00215515 0.00314499 0.00116001 0.999995 0.00276189 -0.115305 0.00215195 -0.00276496 0.999984 1.25407
0.999998 -0.00016201 -0.00197027 -0.00347851 0.000167722 0.999999 0.00236983 -0.0608803 0.00196985 -0.00236954 1.00001 1.22789
0.999997 -0.000473126 -0.0027737 0.0169788 0.000477237 0.999996 0.00187757 -0.035802 0.00277287 -0.00187937 0.999985 1.30014
0.999999 0.000479807 0.000431752 -0.0301457 -0.000479432 1 0.00147069 -0.0472712 -0.000431024 -0.00147039 1.00001 1.35172
0.999995 0.000470162 -0.00290684 0.0161056 -0.000474932 0.999998 -0.00127995 -0.0192576 0.00290643 0.00128084 0.999982 1.25766
1 -0.00011563 0.000523667 -0.028493 0.000117265 1 -0.00118367 -0.0234846 -0.000523669 0.00118417 1.00001 1.28756
0.999959 -0.00488748 0.00763568 -0.0640243 0.00488189 0.999987 0.000605381 -0.0474837 -0.00763854 -0.000568507 0.999957 1.18374
0.999991 -0.00193742 -0.00422676 0.046762 0.00193032 0.999997 -0.0018609 -0.00739965 0.00423013 0.00185306 1 1.32931
0.999999 -0.000245281 -0.00126464 -0.00700673 0.000242908 0.999999 -0.00139053 -0.0178226 0.00126522 0.00138981 0.999985 1.30921
0.999996 0.00015554 -0.00296738 0.0191703 -0.000152834 1 0.000693423 -0.0285822 0.00296715 -0.000692517 1.00001 1.27324
1 -7.38609e-05 -0.00120109 -0.00466207 7.52393e-05 0.999998 0.00168384 -0.0298759 0.00120119 -0.00168436 0.999984 1.29776
1 -0.00075342 -0.00116226 -0.0073424 0.000753151 1 -0.000935804 -0.00468215 0.00116301 0.000935229 1.00001 1.28888
0.999999 0.000821076 -0.00131698 -0.0108462 -0.000820552 0.999998 0.00114665 -0.0368204 0.00131828 -0.00114594 0.999985 1.2862
0.999998 0.00120919 -0.000598356 -0.0255822 -0.001208 0.999999 0.000384874 -0.0294406 0.000598481 -0.000383784 1.00001 1.27251
1 0.00217859 0.00100051 -0.0444045 -0.00217874 0.999997 -0.00078601 -0.0209254 -0.00100174 0.000783452 0.999987 1.32508
0.999992 -3.46044e-05 -0.00344814 0.0474516 3.60468e-05 1 0.000160557 -0.035092 0.0034477 -0.000160386 1.00001 1.27274
1 0.000663698 -0.000487355 -0.014404 -0.000664207 1 0.000743736 -0.0293426 0.000488381 -0.000743757 0.999989 1.29812
0.999998 -0.00032859 -0.000656424 -0.00557151 0.000328994 0.999999 -0.000639292 -0.0357088 0.000656157 0.000639367 1.00001 1.30667
1 -0.00153161 -0.00179068 0.0136485 0.00152978 1 -0.000610205 -0.0363146 0.00179224 0.000607151 0.999989 1.29662
0.999991 -0.00305717 -0.00113591 0.00969985 0.00305756 0.999994 -0.000317442 -0.0160301 0.00113631 0.000314164 1.00001 1.28244
1 0.000674424 -0.00193368 0.0167925 -0.000668058 0.999994 0.00367436 -0.0232146 0.00193663 -0.00367329 0.999981 1.31795
0.999997 -0.000722439 -0.000821577 0.00697121 0.000726456 0.999992 0.00405445 -0.0214192 0.000818107 -0.00405485 1 1.30213
1 0.00152895 -0.000272357 -0.00531714 -0.00153006 0.999998 -0.000657904 -0.0226461 0.000272057 0.000658221 0.999989 1.25747
0.999995 0.00195346 -0.000303262 -0.00959394 -0.00195345 0.999994 -0.00292687 -0.0248268 0.000296862 0.00292754 1.00001 1.27334
1.00001 -0.000352818 -0.000696774 -0.00193993 0.000351748 1 -0.000528062 -0.0428041 0.000698039 0.000527678 0.999986 1.23587
0.999995 0.00138139 0.00160392 -0.021731 -0.00138031 1 -0.000224204 -0.0175721 -0.00160499 0.000222193 1.00002 1.24293
1 0.000867608 0.00092293 -0.0126914 -0.000868984 1 0.000761273 -0.0159106 -0.000921398 -0.000762264 0.999982 1.25354
0.999995 0.00019293 0.00236281 -0.0279703 -0.000197842 0.999999 0.00242496 -0.0301742 -0.00236296 -0.00242531 1.00001 1.26366
1 -0.000734109 -0.00108248 0.00989804 0.000734338 0.999997 0.000947132 -0.0281583 0.00108251 -0.00094804 0.999982 1.29114
0.999996 0.00122091 0.000491867 0.00201602 -0.00121899 0.999999 -0.00213446 0.000877251 -0.000495196 0.00213383 1.00002 1.25807
1 -0.000860236 0.00204862 -0.0114803 0.000861946 0.999998 -0.00124371 -0.0259286 -0.00204688 0.0012456 0.99998 1.24654
0.999994 0.000149415 0.00162712 -0.00319173 -0.000147757 1 -0.000510479 -0.0384639 -0.00162789 0.000510174 1.00002 1.24201
1 -0.000768338 0.000623492 0.00269288 0.000767879 0.999998 -0.000580249 -0.0252486 -0.000622389 0.000580817 0.999983 1.2531
0.999996 0.000238977 0.00167117 -0.00674622 -0.000240453 1 0.00136312 -0.0330294 -0.00167143 -0.00136362 1.00002 1.22333
1 -0.00161999 0.00244927 -0.0151561 0.00161442 0.999994 0.00194291 -0.0211768 -0.0024518 -0.00193893 0.999978 1.2255
0.999996 0.000481849 -0.00030533 0.00342319 -0.000480893 1 0.00074001 -0.024579 0.000304975 -0.000739931 1.00002 1.2247
1 -0.00182363 -0.000512101 -0.015859 0.00182643 0.999972 0.00660701 -0.143451 0.00050075 -0.00660797 0.999961 1.13527
0.999995 -0.00159484 0.00170785 -0.00464795 0.00158639 0.999988 0.00553125 -0.135998 -0.00171725 -0.00552857 1 1.2324
1 -0.00254148 0.00327345 -0.0597062 0.00252948 0.999984 0.00333987 -0.0851014 -0.00328138 -0.00333156 0.99997 1.18417
0.99999 -0.000243398 0.00195195 -0.0248578 0.000242998 1.00001 0.000800796 -0.0438208 -0.00195272 -0.000800351 1.00002 1.2515
1.00001 1.80753e-05 0.00133429 -0.0129093 -1.92761e-05 0.999994 4.57615e-05 -0.0238714 -0.00133372 -4.57183e-05 0.999981 1.20228
0.999992 -0.00142178 0.00010738 -0.00458111 0.00142305 1 -0.000542082 -0.0183886 -0.000107206 0.000542132 1.00002 1.18825
1.00001 -9.1618e-05 -0.0012113 0.0148146 9.16301e-05 0.999996 0.00100897 -0.0276589 0.00121181 -0.00100914 0.999981 1.16197
0.999991 -0.00113021 -0.00041513 0.00061974 0.00113171 1 0.000894133 -0.0313513 0.000413504 -0.000894602 1.00002 1.15634
1.00001 -0.000804948 -0.00213789 0.0101001 0.00080395 0.999995 7.49258e-05 -0.0267963 0.00213854 -7.6634e-05 0.999979 1.14843
0.999992 0.000600878 -0.000193782 -0.0130789 -0.000599549 1 1.9343e-05 -0.0366588 0.000193158 -1.92582e-05 1.00002 1.11271
1.00001 -0.000355536 -0.00105022 -0.00536572 0.000352496 0.999993 -0.00166714 -0.0132304 0.00105158 0.0016668 0.99998 1.11681
0.999992 0.00089272 -0.000112569 -0.00934988 -0.00089108 1.00001 0.00116664 -0.0378123 0.000112776 -0.00116662 1.00002 1.07705
1 -0.000824268 -0.00213392 0.00212721 0.000821493 0.999993 -0.00067152 -0.0158717 0.00213548 0.000669839 0.999979 1.08366
0.999992 -0.000662958 -0.00220768 -0.00718824 0.000665743 1.00001 0.000538413 -0.0175422 0.00220613 -0.000539929 1.00002 1.05955
0.999992 0.000528004 0.00518718 -0.198865 -0.000573321 0.999958 0.00845146 -0.14305 -0.00518142 -0.00845428 0.999931 0.923465
0.999993 9.02844e-05 -0.00237628 -0.00653012 -8.33886e-05 1 0.00213658 -0.0290195 0.00237554 -0.00213669 1.00002 1.092
0.999994 -0.000266522 -0.004695 0.0279679 0.000257968 0.999992 -0.00143132 -0.000829433 0.00469639 0.0014305 0.999967 0.989383
0.999988 0.000186105 -0.00368706 0.00213882 -0.000192153 1 -0.00214317 0.00396945 0.00368571 0.00214331 1.00001 1.06742
1 0.000245545 -0.00354568 -0.000924692 -0.000252033 0.999995 -0.00132466 0.00267001 0.00354628 0.00132609 0.999973 0.991082
0.99999 -0.000555268 -0.0024298 -0.0170916 0.000562384 1 0.00227383 -0.0519552 0.00242774 -0.00227563 1.00002 0.943744
1 0.000282575 -0.00363502 -0.00324168 -0.000283938 0.999996 7.10496e-05 -0.0291729 0.00363586 -6.95465e-05 0.999971 0.941167
0.999986 -0.00023325 -0.00376818 -0.0021143 0.000231747 1 -0.000822083 -0.018272 0.00376752 0.000820683 1.00002 0.913629
1.00001 -1.69129e-05 -0.00186138 -0.0250441 1.49992e-05 0.999996 -0.000255972 -0.0263264 0.00186216 0.000256472 0.999974 0.885126
0.99999 0.000771871 -0.00228292 -0.0169347 -0.0007691 1 0.000372028 -0.0300136 0.00228248 -0.000370859 1.00002 0.873779
1 -0.000170166 -0.00211268 -0.0211589 0.000167325 0.999996 -0.000438517 -0.0260428 0.00211355 0.000438809 0.999972 0.845804
0.99999 0.00121746 -0.00243865 -0.013634 -0.00121484 1 0.000283888 -0.023063 0.00243818 -0.000281536 1.00002 0.838386
1.00001 0.000980727 -7.0193e-05 -0.0137743 -0.000982679 0.999995 -3.13938e-05 -0.0129439 7.09846e-05 3.20988e-05 0.999974 0.799709
0.999994 -1.58155e-06 0.000558687 -0.0120706 3.09744e-06 1 0.00100975 -0.0190176 -0.000559517 -0.00101043 1.00003 0.800234
1.00001 4.196e-05 0.000899193 -0.009582 -4.5395e-05 0.999995 0.00144765 -0.0240424 -0.000898354 -0.00144709 0.999972 0.757578
0.999994 -5.68145e-05 0.000846128 -0.00877163 5.8995e-05 1 -4.05556e-05 -0.0232148 -0.000846919 3.99383e-05 1.00003 0.756936
1.00001 -0.00152637 0.00140783 -0.0164336 0.00152488 0.999997 -0.000432593 -0.0390477 -0.00140615 0.000435383 0.999974 0.737248
0.999991 -0.00166071 -0.000271849 0.00803422 0.00166261 0.999998 -0.000969519 -0.0305762 0.000272422 0.000968366 1.00002 0.73937
0.999993 -0.00274794 0.00468343 -0.0743425 0.00273907 0.999995 0.0014524 -0.0616022 -0.0046865 -0.00143903 0.999965 0.686648
0.999991 0.000574228 0.0015288 -0.00772809 -0.000574333 0.999998 0.00136065 -0.0313236 -0.00152894 -0.00136202 1.00002 0.727296
0.999996 -0.00110248 0.00447241 -0.0458036 0.00109645 1 0.000894675 -0.0226661 -0.00447256 -0.000889276 0.999969 0.726487
0.999993 4.13983e-05 -0.000478844 0.0432815 -4.07002e-05 0.999996 -0.00243908 0.0312131 0.000477866 0.00243851 1.00002 0.71982
1.00001 -0.000139856 0.00162409 -0.0106366 0.000147071 0.999986 -0.00561323 0.0747113 -0.00162243 0.00561413 0.999961 0.717997
0.999992 -0.000421959 -0.000152204 0.0289697 0.000423425 0.999995 -0.00231051 0.014409 0.000152267 0.00230984 1.00002 0.693397
1.00001 0.000244019 0.00160784 0.00997932 -0.000246447 1 0.000406933 -0.014594 -0.0016069 -0.000406763 0.999979 0.714434
0.999992 6.20124e-05 0.00146941 0.030183 -6.29626e-05 0.999998 0.00188003 -0.0324313 -0.00147008 -0.00188063 1.00002 0.746141
1 -0.000219398 0.0016547 0.0197244 0.000212728 0.999995 0.00289621 -0.0546813 -0.00165463 -0.0028955 0.999975 0.714376
0.999986 0.000931512 0.00382682 -0.00746539 -0.000937051 0.999998 0.00191648 -0.036868 -0.00382562 -0.00192042 1.00001 0.711469
0.999999 -0.000478238 0.00362309 -0.0110362 0.000473923 1 0.000694414 -0.026044 -0.00362277 -0.000692256 0.999975 0.686187
0.999991 -0.000193383 0.00267423 0.00627411 0.000194585 0.999999 0.000200037 -0.0251901 -0.002675 -0.000199971 1.00002 0.735559
1 0.000859848 0.00221895 0.00345969 -0.000857271 0.999998 -0.00191508 -0.00495014 -0.00221988 0.0019137 0.999976 0.690045
0.99999 -0.000688003 0.00234704 0.00558989 0.000690339 0.999999 -0.00029755 -0.0152207 -0.00234751 0.000298676 1.00002 0.72424
1.00001 0.000905262 0.0014735 0.0104506 -0.000907706 1 0.000605841 -0.0101659 -0.00147229 -0.00060665 0.999981 0.705155
0.999991 8.67632e-05 0.00220663 0.00150662 -8.74393e-05 0.999998 0.00102021 -0.014362 -0.00220723 -0.00102087 1.00001 0.710178
1.00001 -0.000655407 0.00220969 0.00173961 0.000653467 1 0.000151281 -0.0183603 -0.00220909 -0.000149361 0.99998 0.725789
0.99999 -0.000484009 0.00168756 0.00293401 0.00048887 0.999997 -0.00192276 -0.0124881 -0.00168741 0.00192308 1.00001 0.717736
1.00001 0.000495614 0.00156417 -0.00202127 -0.000493869 0.999998 -0.00204806 -0.0088948 -0.00156445 0.00204784 0.999979 0.721484
0.999986 -0.00303401 0.00153211 -0.00312132 0.00303649 0.999995 -0.000837141 -0.0161676 -0.00153023 0.000841282 1.00002 0.726186
1 -0.0037995 4.35529e-05 7.95236e-05 0.00379832 0.999994 -0.000271771 -0.0141506 -4.16913e-05 0.000272386 0.999981 0.733901
0.999466 -0.0300276 -0.0123234 0.122561 0.0300777 0.99954 0.00380505 -0.060817 0.0122023 -0.00417405 0.999938 0.72306
1 -0.00275822 0.00288695 -0.0286453 0.00274864 0.999992 0.00287241 -0.0416272 -0.00289402 -0.00286406 0.999971 0.674118
0.999994 -0.000360425 -0.000583866 0.00323807 0.000361142 0.999999 -0.00110344 0.00526617 0.000583213 0.0011027 1.00002 0.745891
1.00001 0.00119679 0.00104497 -0.00274385 -0.00119407 0.999994 -0.00384528 0.0162439 -0.00104855 0.00384462 0.999972 0.752614
0.999977 -0.00109664 0.00506239 -0.0285115 0.00106032 0.99997 0.00744968 -0.183402 -0.00507124 -0.00744465 0.999979 0.565923
1.00001 -0.000874437 0.000659229 -0.00465416 0.000875131 0.999994 -0.00360542 0.039353 -0.000655242 0.00360644 0.999974 0.785341
0.999989 0.00250826 -0.000130816 0.000779769 -0.00250613 0.999989 0.00402793 -0.00647482 0.000140047 -0.00402793 1.00001 0.783365
1.00001 0.00104583 0.00137598 -0.0225989 -0.0010601 0.999956 0.00930539 -0.0641476 -0.00136541 -0.00930658 0.999935 0.822796
0.999988 -0.00258474 -0.000116407 0.00526439 0.00258692 0.999974 0.00670734 -0.0559124 9.82203e-05 -0.00670796 0.999998 0.801928
1.00001 -0.00076755 0.000578432 0.0180958 0.000767392 0.999998 -0.00203583 -0.016775 -0.000576062 0.00203679 0.999978 0.779107
0.999967 0.00147825 0.00711003 -0.034005 -0.00143759 0.999984 -0.0055421 -0.0183761 -0.00711863 0.00553097 0.99998 0.804246
0.999994 0.00232986 0.00445792 -0.0148268 -0.0023146 0.99999 -0.00374096 -0.0104742 -0.00446594 0.00373127 0.999963 0.820813
0.999988 0.000630313 0.00349333 -0.00102169 -0.000631638 1 0.000834702 -0.0173828 -0.00349345 -0.00083773 1.00002 0.837009
0.999985 -0.0033063 0.00572554 -0.0343046 0.00329444 0.999991 0.00182441 -0.0135914 -0.00573092 -0.00180474 0.99996 0.854839
0.999986 -0.00274345 0.00298568 0.000736487 0.002736 0.999994 0.00297948 -0.00781469 -0.00299459 -0.00297206 1.00001 0.839261
1 -0.00200339 0.00209236 0.00856592 0.00199897 0.999995 0.00138169 -0.0157434 -0.00209448 -0.00137681 0.999975 0.845114
0.999984 8.71112e-06 0.00449319 -0.0218335 -8.61339e-06 1 0.000355728 -0.0103524 -0.00449372 -0.000356431 1.00001 0.844632
1 0.00155494 0.00360942 -0.0245055 -0.00155599 0.999997 -0.000134861 -0.0419758 -0.00360917 0.000129855 0.999971 0.836843
0.999993 0.000101424 0.000215199 0.0232532 -9.9665e-05 1 -0.00210981 -0.0184807 -0.000215901 0.00210914 1.00002 0.849903
0.999996 0.00195604 0.00418233 -0.0333315 -0.00195265 0.999995 -0.00110636 0.00611429 -0.00418397 0.00109881 0.999967 0.831042
0.999987 0.00109097 0.00341323 -0.00541795 -0.00109355 1 0.00110517 -0.00101905 -0.00341245 -0.00110948 1.00002 0.858006
0.999993 0.00254633 0.00469252 -0.0236595 -0.00254979 0.999994 0.000462147 -0.00473467 -0.00469089 -0.000473482 0.999965 0.844435
0.999991 0.00174887 0.000692736 0.0156138 -0.00174643 1 -0.00162245 0.00168389 -0.000696145 0.00162057 1.00002 0.85235
0.999992 0.00025013 0.00557503 -0.0267151 -0.000243008 0.999996 -0.00152234 -0.00475134 -0.00557504 0.00152165 0.99996 0.860058
0.99999 -0.000826976 0.00231571 0.00580362 0.000832975 1 -0.00200855 0.00863666 -0.00231437 0.00200973 1.00002 0.87866
1 -0.00242036 0.00145666 0.00825844 0.00241967 0.999994 -0.00040819 -0.00246725 -0.0014553 0.000412386 0.999974 0.854676
0.999991 -0.00179186 0.00025354 0.00488701 0.00179366 1 -0.00161392 0.00155091 -0.000250998 0.00161365 1.00002 0.876399
1.00001 -0.00118431 0.000912916 -0.00552284 0.00118469 0.999995 -0.00205714 0.00891903 -0.000910109 0.00205896 0.999974 0.874343
0.999992 -0.000550205 0.00141737 -0.0140457 0.000553836 1 -0.00156655 0.00243542 -0.00141684 0.00156664 1.00002 0.867402
1.00001 -0.000233364 0.00113691 -0.0212642 0.000232862 0.999996 -0.000856304 -0.00124172 -0.0011363 0.000857214 0.999973 0.882914
0.999991 -0.000190907 0.00194186 -0.031771 0.000195456 1 -0.00160924 0.00218638 -0.00194197 0.00160895 1.00002 0.873333
1.00001 -0.000488516 -0.000220366 -0.0244544 0.000486615 0.999994 -0.00224213 -0.00245933 0.000221927 0.00224257 0.999972 0.866531
0.999991 -0.000191202 -0.00106898 -0.0109716 0.000191337 1 -0.00131784 -0.0165283 0.00106875 0.00131697 1.00003 0.868664
1 -0.00271764 -0.0015864 -0.0132234 0.0027257 0.999972 0.00606073 -0.09027 0.00157041 -0.00606449 0.999951 0.872238
0.999992 -0.000209224 0.000190759 -0.0220532 0.000210278 1 0.00180332 -0.0396774 -0.00019124 -0.00180394 1.00003 0.859485
1.00001 0.00129974 -0.000681771 -0.0382753 -0.00130197 0.999996 -0.00121217 0.00213649 0.000680452 0.00121376 0.999972 0.828615
0.999942 0.000269897 -0.0100758 0.101947 -0.000307579 0.999994 -0.00386268 0.0298848 0.0100742 0.00386481 0.999971 0.814754
1.00001 0.000595552 -0.00148677 -0.0156706 -0.000601581 0.999992 -0.00321977 0.0388154 0.00148507 0.00322143 0.999964 0.898228
0.999984 -0.000974121 -0.00380484 -0.017824 0.000985484 0.999998 0.00264342 -0.0184289 0.0038019 -0.00264777 1.00002 0.86467
0.999987 -0.00213847 -0.00622013 0.00997582 0.00215407 0.999992 0.00269627 -0.0328599 0.00621484 -0.00270909 0.999947 0.846911
0.999978 0.00012135 -0.00502435 -0.0109194 -0.000115463 1 0.000939567 -0.0147902 0.00502409 -0.000939482 1.00002 0.84256
0.999991 0.000636774 -0.00599208 0.006821 -0.000636638 0.999999 0.000203931 -0.0119547 0.00599257 -0.000199569 0.999952 0.845477
0.999974 -0.00191775 -0.00535635 0.000704454 0.00192998 0.999999 0.00207485 -0.0409283 0.00535202 -0.0020857 1.00002 0.829907
1 -0.000360453 -0.00387109 -0.0223242 0.000354408 0.999995 -0.00129258 0.0026838 0.00387189 0.00129185 0.999959 0.785633
0.99998 0.000379727 -0.00449602 -0.0032345 -0.000384044 1 -0.00119292 -0.0117248 0.00449521 0.001194 1.00002 0.795712
0.999973 0.00821489 -0.00255485 -0.00897107 -0.00822222 0.99996 -0.00241464 -0.013967 0.00253521 0.0024362 0.999962 0.7614
0.999983 -0.000753858 -0.00382749 -0.0233878 0.000754899 1 2.32835e-05 -0.00960013 0.00382716 -2.67335e-05 1.00003 0.72801
1 -0.000515509 -0.00371719 -0.0100009 0.000512607 0.999997 -0.000526275 -0.00658292 0.0037178 0.000524946 0.999961 0.727662
0.999983 -0.00190882 -0.00272132 -0.054079 0.00191287 1 0.00111429 -0.0490301 0.00271879 -0.00111997 1.00003 0.68822
0.999998 0.00266036 -0.00451154 -0.017873 -0.00267569 0.999987 -0.00316199 0.0104518 0.00450358 0.00317455 0.99995 0.686912
0.999961 0.00443105 -0.00603387 -0.0153075 -0.00446306 0.999981 -0.00548325 0.06181 0.0060089 0.00550943 1 0.684375
0.999972 0.00192559 -0.00858961 0.000778953 -0.00196002 0.999985 -0.00389071 0.0311357 0.00858265 0.00390787 0.999922 0.620809
0.999926 -0.00171928 -0.0114388 0.00364369 0.00172889 1.00001 0.000688238 -0.0449756 0.0114356 -0.000709186 0.999976 0.634353
0.999939 0.000702722 -0.0116938 -0.0386107 -0.000763131 0.999978 -0.0050401 0.0978961 0.011692 0.00504998 0.999879 0.589295
0.999852 0.000888445 -0.0168166 -0.0239325 -0.000869635 1.00001 0.00103367 -0.0222477 0.0168152 -0.00102014 0.9999 0.613629
0.999912 0.00300505 -0.0134558 -0.197614 -0.00301669 0.999988 -0.000735 0.0431145 0.0134556 0.000776669 0.99987 0.394681
0.999863 0.000299396 -0.0161702 -0.233674 -0.000308921 1.00001 -0.000658799 -0.00419998 0.0161679 0.000662331 0.999912 0.608189
0.999769 0.000230675 -0.0218387 -0.153571 -0.000248328 0.999992 -0.00075496 0.00366842 0.021841 0.000761559 0.999719 0.583867
0.9997 -0.000901157 -0.0242596 -0.13654 0.000897857 1.00001 -0.000186256 0.0114922 0.0242572 0.000162937 0.99975 0.474134
0.999663 -0.000329788 -0.0261832 -0.19636 0.000336127 0.999994 0.000279143 -0.00118595 0.0261856 -0.000286335 0.999614 0.651219
0.999393 -0.000412337 -0.0347277 -0.0395089 0.00046375 1.00001 0.00143596 -0.0110319 0.0347239 -0.00145283 0.999442 0.512131
0.999349 0.00144465 -0.0361917 -0.0456444 -0.00139435 0.999992 0.00144709 -0.00988844 0.0361969 -0.00139422 0.999299 0.408113
0.999285 -0.000153519 -0.0376713 -0.076782 0.000229346 1 0.00197851 -0.00949409 0.0376677 -0.00198718 0.999332 0.428949
0.999289 -0.000794732 -0.0377982 -0.116045 0.00089609 0.99999 0.00269444 -0.0135682 0.0377991 -0.00272495 0.999236 0.46723
0.99925 -0.000370389 -0.0385169 -0.138523 0.000450927 1.00001 0.00205331 -0.0183363 0.0385126 -0.00207069 0.999298 0.480552
0.999095 -0.000728433 -0.0425889 -0.077943 0.000772311 0.999992 0.00103068 -0.00128891 0.0425915 -0.00106107 0.999044 0.486972
0.999 -0.00119808 -0.0446596 -0.101851 0.00124488 1.00001 0.00100419 -0.0129091 0.0446549 -0.00106031 0.99905 0.53406
0.998964 -0.00105258 -0.0455634 -0.150982 0.00110116 0.999991 0.00105703 -0.0218881 0.0455657 -0.00110468 0.998913 0.545692
0.998905 0.000433154 -0.0467137 -0.169809 -0.000349325 1.00001 0.00178531 -0.0295768 0.0467108 -0.0017684 0.998956 0.609925
0.99878 -0.000636064 -0.0494871 -0.103753 0.00070445 0.999992 0.00138324 0.00420914 0.0494897 -0.00141515 0.998728 0.46698
0.998752 0.00195201 -0.0498169 -0.154641 -0.00191672 1 0.000737109 -0.005748 0.0498147 -0.000642025 0.998804 0.53618
0.998611 -0.00146442 -0.0527552 -0.11725 0.00150301 0.999993 0.000707783 -0.020121 0.0527578 -0.000784795 0.998562 0.481847
0.998553 -0.00301667 -0.0535758 -0.158539 0.00308183 1 0.00111926 0.0120959 0.0535686 -0.00128405 0.998606 0.456793
0.998526 -0.00420964 -0.0542404 -0.21028 0.00436102 0.999981 0.00268782 0.0118278 0.0542318 -0.00291914 0.998482 0.471011
0.998267 -0.00366103 -0.0586462 -0.173188 0.00378762 0.999997 0.00203634 0.0167693 0.0586344 -0.00225645 0.99832 0.46052
0.998352 0.0027566 -0.0574575 -0.218918 -0.00263082 0.999986 0.00227879 0.0177861 0.0574669 -0.00212238 0.998303 0.395925
0.998268 0.00900195 -0.0580092 -0.225378 -0.00878921 0.999962 0.00390595 -0.0264397 0.0580382 -0.0033908 0.998353 0.460774
0.998295 0.00489368 -0.0582904 -0.196866 -0.00478729 0.999981 0.00197792 0.00134437 0.0583028 -0.00169383 0.998254 0.387095
0.998274 0.00336377 -0.0584586 -0.19595 -0.00329659 1 0.00123261 -0.00800026 0.0584588 -0.00103951 0.998329 0.407108
0.998373 0.000381327 -0.0571886 -0.201429 -0.000308527 0.999993 0.00129212 0.0128707 0.0571926 -0.00127067 0.99832 0.441649
0.998479 0.000664075 -0.0549547 -0.214613 -0.000542019 1 0.0022244 0.0138755 0.0549525 -0.00219288 0.998529 0.392019
0.998388 0.000898951 -0.056955 -0.185534 -0.000678269 0.999988 0.00390598 -0.000554573 0.0569618 -0.00385943 0.998327 0.444011
0.9983 0.00134136 -0.0580802 -0.172419 -0.00118651 1 0.00269045 -0.00209347 0.0580796 -0.00261868 0.998352 0.393991
0.998214 0.00297283 -0.0598592 -0.180354 -0.00274707 0.999985 0.00386841 -0.00757207 0.0598738 -0.00369552 0.998157 0.444199
0.997888 0.00129372 -0.0647691 -0.0990389 -0.000984241 0.999991 0.00479469 0.00938724 0.0647703 -0.00472239 0.997932 0.451555
0.997958 0.00279591 -0.0639961 -0.127554 -0.00236584 0.999973 0.00680786 -0.00703009 0.0640173 -0.00664099 0.997884 0.417964
0.99773 0.0020433 -0.06715 -0.0827795 -0.00165469 0.999983 0.00582189 0.0114501 0.0671564 -0.0056991 0.99777 0.490193
0.997807 0.00255063 -0.0663249 -0.0987552 -0.0021209 0.999972 0.00656738 -0.00330853 0.066344 -0.0064108 0.997732 0.449367
0.997759 0.000696832 -0.0667214 -0.0859487 -0.000215538 0.999978 0.00719899 -0.0230984 0.0667208 -0.00716995 0.99779 0.467024
0.997864 0.00101869 -0.0655252 -0.0886536 -0.000847019 0.999992 0.00266815 0.0174199 0.0655313 -0.00260535 0.997803 0.489557
0.997795 0.000557246 -0.0661815 -0.064099 -0.000286143 0.999995 0.00408568 -0.0190107 0.0661798 -0.00405925 0.997845 0.516667
0.99805 6.19695e-05 -0.0626368 -0.0983781 5.71182e-05 0.999995 0.00192116 -0.0179251 0.06264 -0.00191942 0.99799 0.507311
0.998157 0.000916796 -0.0604679 -0.0983864 -0.000898267 1 0.000309756 0.00724045 0.0604652 -0.000256542 0.998215 0.531804
0.998278 0.00263775 -0.0588158 -0.0764135 -0.00260255 0.999993 0.000698327 0.00711297 0.0588203 -0.000542369 0.998222 0.572412
0.998409 0.00203279 -0.0561507 -0.0508996 -0.00201615 1 0.000326997 0.0145873 0.0561485 -0.000214963 0.998469 0.573212
0.998764 0.00238791 -0.0498621 -0.0652973 -0.00230443 0.999992 0.00176097 0.00690038 0.0498683 -0.00164222 0.998709 0.616085
0.998838 -0.00290356 -0.0478807 -0.0453041 0.00302884 0.999996 0.00251459 0.0135591 0.0478709 -0.00265835 0.998896 0.605048
0.998867 -0.00229031 -0.047783 -0.0836537 0.00250617 0.999984 0.0044868 0.00582414 0.0477743 -0.00459999 0.998803 0.614842
0.998701 0.00015924 -0.0507239 -0.0399908 -3.98211e-05 1 0.00232332 0.0354464 0.0507216 -0.00231989 0.998756 0.669764
0.99881 0.00197646 -0.0489847 -0.050461 -0.00186799 0.999993 0.00229272 0.00534998 0.0489915 -0.002197 0.998751 0.703853
0.99881 0.00310442 -0.0484479 -0.03549 -0.00318804 0.999997 -0.00168491 0.00126158 0.04844 0.00183569 0.998872 0.70887
0.999047 -3.16935e-05 -0.0439064 -0.0821701 -5.5295e-05 0.999994 -0.00194245 -0.0173788 0.0439084 0.00194466 0.998988 0.7321
0.999144 0.00278543 -0.0410079 -0.107517 -0.0029194 0.999994 -0.00324988 0.00315739 0.0409967 0.0033652 0.999199 0.759934
0.999229 0.00159225 -0.0394992 -0.0960477 -0.00171102 0.999991 -0.0029355 0.00816402 0.039496 0.00300238 0.99917 0.814163
0.999233 0.00183721 -0.0388333 -0.1017 -0.00181308 1 0.000622999 0.0060389 0.0388327 -0.000553576 0.999292 0.786308
0.999179 0.0039522 -0.0406018 -0.0791254 -0.00387717 0.999988 0.00195567 -0.0220481 0.0406112 -0.00179522 0.999128 0.884045
0.999248 -0.000128155 -0.0385438 -0.105491 9.69863e-05 1 -0.000841107 0.0132836 0.0385423 0.000835206 0.999305 0.854348
0.999124 -0.00149912 -0.04207 -0.0503024 0.00160609 0.999994 0.00253661 -0.0112393 0.042068 -0.00260063 0.999063 0.905474
