0.999889 0.00106527 0.0149725 0.0291655 -0.00104277 0.999998 -0.00150215 0.0213886 -0.0149743 0.00148624 0.999888 0.14719
0.999349 0.00348938 0.0359152 0.0606218 -0.00345809 0.999994 -0.000932 0.0220392 -0.0359182 0.000807225 0.999355 0.312732
0.997991 0.00457 0.0632133 0.0874238 -0.00466472 0.999989 0.00135143 0.00734112 -0.0632068 -0.00164373 0.998 0.466163
0.99522 0.00434259 0.0975642 0.129719 -0.00480381 0.999979 0.00449349 -0.0175159 -0.0975428 -0.00494077 0.99522 0.674424
0.990733 0.00151219 0.135832 0.196531 -0.00244849 0.999976 0.00672592 -0.0252919 -0.135819 -0.00699643 0.990711 0.855081
0.984383 -0.000941423 0.176041 0.268064 -0.000484021 0.999968 0.00805448 -0.0464686 -0.176043 -0.00801407 0.984352 1.06906
0.975781 -0.00153373 0.218757 0.370395 -0.000356376 0.999966 0.00860013 -0.0401093 -0.218764 -0.00847005 0.975745 1.27807
0.963737 0.00013017 0.266862 0.472103 -0.00347488 0.999923 0.0120617 -0.0527618 -0.26684 -0.0125519 0.963663 1.52544
0.949667 -0.0035458 0.313254 0.616219 -0.00292284 0.999796 0.0201773 -0.0723483 -0.313261 -0.0200774 0.94946 1.73591
0.932859 -0.0140245 0.359974 0.769897 0.00391974 0.99958 0.0287859 -0.104881 -0.360226 -0.0254426 0.932522 1.97683
0.912627 -0.0205901 0.408284 1.07382 0.00828741 0.999461 0.0318784 -0.0743039 -0.408719 -0.0257095 0.912306 2.28705
0.888623 -0.0225278 0.458087 1.36354 0.00819124 0.999415 0.0332598 -0.0264924 -0.458568 -0.0258037 0.888288 2.57178
0.86089 -0.0223852 0.508309 1.59039 0.00361996 0.999279 0.0378754 0.0108802 -0.508789 -0.0307664 0.86035 2.82949
0.829507 -0.0267044 0.55786 1.84366 0.00382214 0.999107 0.0421433 0.0227443 -0.558487 -0.0328266 0.828867 3.076
0.794549 -0.0327866 0.606325 2.11316 0.00698548 0.998972 0.0448645 0.0365778 -0.60717 -0.0314114 0.793961 3.30218
0.75859 -0.0381194 0.650454 2.41791 0.0093976 0.99883 0.0475754 0.0347385 -0.651503 -0.0299783 0.758057 3.4932
0.719126 -0.0414325 0.693652 2.7151 0.0115076 0.998794 0.047729 0.0604983 -0.694795 -0.0263408 0.718736 3.73065
0.678024 -0.0442907 0.733706 3.0633 0.0126906 0.998747 0.0485621 0.0808284 -0.734933 -0.0236159 0.677732 3.97744
0.636046 -0.0438249 0.770415 3.41842 0.00841402 0.998721 0.0498659 0.123739 -0.771616 -0.0252346 0.635602 4.21949
0.594873 -0.0442699 0.802603 3.79111 0.00570597 0.998696 0.0508566 0.149633 -0.803803 -0.0256744 0.594347 4.43643
0.555424 -0.0454287 0.830333 4.18135 0.00406611 0.998643 0.0519177 0.1719 -0.831567 -0.02546 0.554857 4.64434
0.51729 -0.0471235 0.854514 4.61666 0.00270991 0.998574 0.0534271 0.203874 -0.85581 -0.0253224 0.516678 4.87072
0.480865 -0.0466748 0.875561 5.06945 -7.09097e-05 0.99858 0.0532724 0.231915 -0.876805 -0.0256787 0.48018 5.07298
0.444884 -0.0462341 0.894397 5.54901 -0.000424056 0.998661 0.0518345 0.2537 -0.895592 -0.0234405 0.444267 5.27302
0.412522 -0.0449953 0.909845 6.03679 0.000865829 0.998799 0.0490025 0.276964 -0.910958 -0.0194267 0.412067 5.44248
0.383389 -0.0429549 0.922592 6.58683 0.00345046 0.998984 0.0450776 0.312458 -0.923586 -0.0140997 0.383146 5.64368
0.358826 -0.041159 0.932506 7.1265 0.00471824 0.999096 0.0422832 0.3348 -0.933403 -0.0107724 0.358696 5.82356
0.338881 -0.0401254 0.939977 7.71386 0.00624207 0.999171 0.0404015 0.372409 -0.940814 -0.0078248 0.338849 6.02101
0.324648 -0.0398799 0.945003 8.33421 0.00695032 0.999186 0.0397793 0.411611 -0.94582 -0.00634605 0.324662 6.22196
0.313302 -0.0406289 0.948788 8.94853 0.00835676 0.99917 0.0400267 0.450328 -0.949623 -0.00461248 0.31338 6.42086
0.302102 -0.0416789 0.952374 9.58823 0.00700533 0.999117 0.0415029 0.483406 -0.953261 -0.0058662 0.302127 6.63425
0.29279 -0.0425327 0.955236 10.3114 0.00599227 0.999079 0.0426481 0.530646 -0.956164 -0.00676361 0.292774 6.83004
0.284023 -0.0431508 0.957857 11.0318 0.00525472 0.999045 0.0434488 0.575952 -0.958813 -0.00730698 0.283979 7.01532
0.275082 -0.0440632 0.960417 11.7469 0.00466202 0.999005 0.0444983 0.616934 -0.961416 -0.00776386 0.275012 7.19552
0.265992 -0.0452101 0.962926 12.4799 0.00558591 0.99896 0.0453595 0.65068 -0.963969 -0.00668638 0.265968 7.36632
0.256888 -0.0460667 0.96535 13.2542 0.00532588 0.998922 0.0462515 0.685962 -0.966434 -0.00674087 0.256856 7.5484
0.247068 -0.0483547 0.967802 14.0142 0.00469217 0.998807 0.0487066 0.724421 -0.968997 -0.00749267 0.247001 7.72278
0.236984 -0.0515541 0.970153 14.8175 0.00355154 0.998638 0.0522001 0.760414 -0.971515 -0.00892579 0.236843 7.90463
0.225453 -0.0548068 0.972723 15.6043 0.00334791 0.998458 0.0554816 0.797834 -0.974259 -0.00925183 0.22529 8.07377
0.213208 -0.0564314 0.975384 16.4129 0.00242513 0.998365 0.0572308 0.836797 -0.977011 -0.00983739 0.212996 8.24458
0.199998 -0.0565823 0.978173 17.2388 0.0018004 0.998355 0.0573824 0.874297 -0.979805 -0.00971522 0.199772 8.40057
0.186096 -0.0555997 0.980965 18.0463 0.00123507 0.998416 0.0563546 0.90357 -0.982539 -0.00927654 0.18587 8.54854
0.170224 -0.0544194 0.983915 18.8709 0.000683118 0.998486 0.0551079 0.93878 -0.985416 -0.00870862 0.170004 8.68657
0.150681 -0.0531011 0.987164 19.6925 -0.00165012 0.998547 0.0539655 0.966189 -0.988589 -0.00976115 0.150374 8.79697
0.126599 -0.0516309 0.990623 20.5545 -0.00546517 0.998599 0.0527458 0.998764 -0.99195 -0.0120915 0.126141 8.88276
0.0959109 -0.051218 0.994081 21.4105 -0.00901431 0.998596 0.0523206 1.02742 -0.995357 -0.0139797 0.0953153 8.96751
0.0625955 -0.0511129 0.996742 22.2705 -0.0114337 0.998591 0.0519265 1.05456 -0.997984 -0.0146468 0.0619247 9.01358
0.0284262 -0.0501449 0.998347 23.1183 -0.012369 0.998653 0.0505127 1.08202 -0.999528 -0.013785 0.0277689 9.03156
-0.00318358 -0.0491134 0.998801 23.9724 -0.0127883 0.998719 0.0490693 1.107 -0.999924 -0.0126167 -0.00380542 8.99842
-0.0345005 -0.047355 0.998292 24.8228 -0.0148237 0.998797 0.0468669 1.13002 -0.999303 -0.013182 -0.0351592 8.94429
-0.0659175 -0.0459935 0.996778 25.6772 -0.0168219 0.998853 0.0449774 1.13497 -0.997694 -0.0138029 -0.0666132 8.87166
-0.0987402 -0.0432116 0.994184 26.5273 -0.0145588 0.999019 0.0419759 1.13649 -0.995016 -0.0103299 -0.0992702 8.77951
-0.129335 -0.0395257 0.990828 27.3729 -0.00907501 0.999218 0.0386764 1.1323 -0.991571 -0.00398974 -0.129589 8.64327
-0.161156 -0.0335446 0.98637 28.2152 -0.00206959 0.999439 0.0336512 1.14534 -0.986937 0.00338134 -0.161132 8.50458
-0.189438 -0.0287362 0.981486 29.0733 0.00337169 0.999555 0.0299165 1.15128 -0.981899 0.00897647 -0.189253 8.31406
-0.217135 -0.0218764 0.975911 29.8909 0.0117065 0.999627 0.025013 1.17024 -0.976083 0.0168553 -0.216795 8.10913
-0.241506 -0.011917 0.970341 30.7006 0.0189658 0.999685 0.0169984 1.1568 -0.970227 0.0225085 -0.2412 7.85711
-0.267 0.00417983 0.963703 31.5146 0.0236995 0.999726 0.00223059 1.15633 -0.963417 0.0234345 -0.267023 7.61194
-0.291402 0.0229003 0.956343 32.3165 0.023055 0.9996 -0.0169105 1.16449 -0.956336 0.0171209 -0.291809 7.35167
-0.315293 0.041835 0.948088 33.1224 0.0236355 0.999073 -0.0362241 1.18323 -0.948712 0.0109871 -0.315986 7.06143
-0.340472 0.0517004 0.93885 33.9211 0.0268254 0.998624 -0.0452631 1.13516 -0.939886 0.00977461 -0.341386 6.76653
-0.363406 0.0563714 0.92994 34.6978 0.0297713 0.99837 -0.0488849 1.09199 -0.931168 0.00992034 -0.364487 6.4378
-0.385209 0.056632 0.921108 35.4662 0.032513 0.998338 -0.0477825 1.0497 -0.922271 0.0115421 -0.386405 6.09111
-0.404671 0.0524631 0.912973 36.222 0.0346965 0.998525 -0.0419998 1.013 -0.913817 0.0146807 -0.405889 5.73316
-0.422788 0.0514022 0.904788 36.9643 0.0414114 0.998453 -0.037372 0.969098 -0.905297 0.0216682 -0.424257 5.37632
-0.436984 0.0519607 0.897984 37.7017 0.0441954 0.998375 -0.0362623 0.91968 -0.898396 0.0238405 -0.438565 5.00717
-0.448345 0.0564679 0.892094 38.417 0.0486259 0.998075 -0.0387376 0.874778 -0.892553 0.026011 -0.450222 4.64044
-0.458221 0.0586813 0.886917 39.1142 0.0480142 0.998006 -0.0412248 0.842574 -0.887555 0.0236943 -0.460119 4.27333
-0.468177 0.0598033 0.881627 39.8118 0.0432756 0.998072 -0.0447204 0.816185 -0.88259 0.0172159 -0.469856 3.88607
-0.479642 0.0613424 0.875334 40.5181 0.0418573 0.998028 -0.0470043 0.826077 -0.876482 0.0140938 -0.481256 3.50846
-0.488193 0.0651731 0.870318 41.2175 0.0434234 0.997799 -0.050361 0.828298 -0.871671 0.0132062 -0.489941 3.10655
-0.494909 0.0702431 0.866119 41.9001 0.0468423 0.997446 -0.054127 0.812275 -0.867699 0.0137832 -0.496928 2.70683
-0.497058 0.0761604 0.86439 42.5732 0.0487493 0.997032 -0.0598139 0.805843 -0.866365 0.0124073 -0.499287 2.31
-0.497021 0.0786616 0.864183 43.3395 0.0485421 0.996855 -0.062819 0.750709 -0.866398 0.0107271 -0.499269 1.86661
-0.494999 0.0785358 0.86536 44.1058 0.0495119 0.996852 -0.0621474 0.700129 -0.867501 0.0120825 -0.497322 1.46789
-0.4906 0.0779212 0.867912 44.8959 0.0469197 0.996923 -0.0629811 0.649774 -0.870139 0.00982388 -0.492738 1.07707
-0.484538 0.076346 0.871455 45.6973 0.0436567 0.997067 -0.0630764 0.590095 -0.8737 0.00748191 -0.486442 0.658536
-0.477594 0.0766689 0.875248 46.4988 0.0411281 0.997057 -0.0648962 0.543127 -0.877637 0.0050033 -0.479333 0.245649
-0.471131 0.075623 0.878839 47.3354 0.0379826 0.997148 -0.0654408 0.48147 -0.881265 0.0025495 -0.472653 -0.192853
-0.468076 0.0737811 0.880622 48.205 0.0345059 0.997287 -0.0652143 0.406226 -0.883035 -0.000138487 -0.469344 -0.620838
-0.46717 0.072428 0.881221 49.0612 0.0292288 0.997374 -0.0664789 0.361978 -0.883705 -0.00529993 -0.468054 -1.04773
-0.466383 0.0732168 0.881567 49.9245 0.0254623 0.99728 -0.0693564 0.331139 -0.884237 -0.00989975 -0.466971 -1.50825
-0.467077 0.0729752 0.881225 50.8082 0.0232415 0.997272 -0.0702662 0.269107 -0.883933 -0.0123386 -0.467492 -1.97375
-0.46588 0.0727947 0.881869 51.6801 0.0225678 0.997277 -0.0703987 0.19838 -0.884582 -0.0128954 -0.466246 -2.45126
-0.464759 0.0726834 0.882474 52.561 0.0241332 0.997309 -0.0694314 0.118692 -0.88513 -0.0109718 -0.465256 -2.93022
-0.457089 0.069001 0.886761 53.0951 0.0424849 0.997555 -0.0557232 0.0217243 -0.888428 0.0122031 -0.458895 -3.35119
-0.454786 0.0690736 0.887944 53.9944 0.0418811 0.997558 -0.0561499 -0.0465836 -0.889638 0.0116517 -0.456562 -3.83899
-0.460352 0.0565541 0.88596 54.8274 0.0373777 0.998333 -0.0443074 -0.216311 -0.886976 0.0127181 -0.461692 -4.24988
-0.460854 0.0560718 0.88573 55.758 0.0354048 0.998385 -0.0447821 -0.268453 -0.886794 0.0107211 -0.462088 -4.7296
-0.460231 0.0541985 0.88617 56.6678 0.0334689 0.998499 -0.0436885 -0.341666 -0.887194 0.00955241 -0.461347 -5.21112
-0.460016 0.0531516 0.886345 57.5853 0.0319864 0.998566 -0.0432801 -0.391983 -0.88736 0.00844163 -0.461049 -5.67159
-0.454175 0.05074 0.889498 57.4732 0.0382523 0.998582 -0.0374314 -0.442928 -0.890122 0.0170262 -0.455465 -5.62051
-0.451291 0.0517017 0.890917 58.338 0.043532 0.998432 -0.0358897 -0.48642 -0.891345 0.0225857 -0.452822 -6.07216
-0.448181 0.0512363 0.892506 59.2489 0.0429301 0.998454 -0.0357612 -0.538959 -0.892943 0.0222893 -0.449681 -6.53903
-0.446021 0.0519405 0.893553 60.1872 0.043669 0.998415 -0.0362379 -0.592351 -0.893987 0.0228568 -0.447571 -7.00255
-0.445249 0.0505238 0.894014 61.0804 0.0426286 0.998489 -0.0351979 -0.674936 -0.894424 0.0224401 -0.446723 -7.44463
-0.442423 0.0505397 0.895422 61.8778 0.0449679 0.99843 -0.0341351 -0.736732 -0.89571 0.0251622 -0.44399 -7.93526
-0.444096 0.0533175 0.894426 62.7746 0.042998 0.998364 -0.0381646 -0.77165 -0.89498 0.021511 -0.445655 -8.40915
-0.449301 0.0546086 0.891753 63.6722 0.0414585 0.998354 -0.0402483 -0.813714 -0.89245 0.0188863 -0.450815 -8.85354
-0.456643 0.0574942 0.887828 64.5379 0.0414238 0.998222 -0.0433378 -0.782314 -0.888719 0.0169883 -0.458204 -9.27105
-0.464566 0.0547737 0.883889 65.4281 0.0398874 0.998391 -0.0409052 -0.837264 -0.884672 0.016252 -0.465993 -9.71897
-0.470267 0.055759 0.880803 66.3049 0.0388103 0.998365 -0.0424809 -0.858493 -0.881708 0.0142077 -0.471653 -10.1773
-0.476756 0.0586288 0.877125 67.1782 0.0406089 0.998202 -0.0446496 -0.922507 -0.87813 0.0143312 -0.478269 -10.635
-0.482288 0.061635 0.873884 68.0595 0.0410098 0.998038 -0.0477595 -0.964491 -0.87509 0.0128051 -0.48386 -11.1156
-0.487773 0.0642004 0.870654 68.8956 0.0401556 0.997912 -0.051088 -1.014 -0.87208 0.0100413 -0.489322 -11.5686
-0.492772 0.0656271 0.867724 69.7959 0.0399166 0.99783 -0.0527996 -1.06704 -0.869281 0.00861994 -0.494312 -12.044
-0.494693 0.0646114 0.866711 70.6399 0.0408804 0.997883 -0.0510575 -1.13447 -0.86814 0.0101726 -0.496277 -12.5553
-0.497276 0.0588182 0.865641 71.5088 0.0424188 0.998177 -0.0434565 -1.17971 -0.866595 0.0151111 -0.498854 -13.0455
-0.500053 0.0507192 0.864558 72.3545 0.0407386 0.99858 -0.0350196 -1.22011 -0.865071 0.0177078 -0.501398 -13.5222
-0.501734 0.05014 0.863613 73.2041 0.0395943 0.998627 -0.0349761 -1.23829 -0.864155 0.0166471 -0.50302 -14.0204
-0.502628 0.0553206 0.862781 74.0432 0.0383071 0.998419 -0.0417021 -1.27373 -0.863689 0.0120888 -0.503942 -14.5124
-0.505393 0.0623151 0.860682 74.8879 0.0392448 0.998041 -0.0492162 -1.31436 -0.862037 0.00890547 -0.506838 -14.9824
-0.503734 0.0728668 0.860831 75.6903 0.0467649 0.997299 -0.0570545 -1.2533 -0.862628 0.0115151 -0.505771 -15.4837
-0.501667 0.0749309 0.861857 76.4681 0.0507072 0.997103 -0.0571743 -1.31541 -0.863615 0.0150212 -0.504001 -15.9769
-0.502441 0.0712064 0.861725 77.3531 0.0493078 0.997365 -0.0536668 -1.39755 -0.86324 0.0155238 -0.504619 -16.4679
-0.501562 0.0661619 0.862636 78.157 0.0486281 0.997679 -0.0482461 -1.46804 -0.863795 0.0177511 -0.503603 -16.9267
-0.500953 0.0590677 0.863508 79.0088 0.0438475 0.998143 -0.0428416 -1.5222 -0.864399 0.0163996 -0.502603 -17.4245
-0.501582 0.0535892 0.863497 79.8512 0.0336217 0.99856 -0.042442 -1.56442 -0.864498 0.00774565 -0.50265 -17.8836
-0.501725 0.0487849 0.863702 80.7078 0.025846 0.998832 -0.0414054 -1.61201 -0.864678 0.0015483 -0.50239 -18.3457
-0.500317 0.0495949 0.86447 81.5333 0.0274526 0.998792 -0.0414134 -1.65255 -0.865449 0.00301385 -0.501063 -18.8034
-0.496726 0.0532796 0.866322 82.3487 0.0307026 0.998593 -0.0438121 -1.70239 -0.867401 0.00483466 -0.497653 -19.274
-0.491246 0.0562114 0.869255 83.175 0.0313116 0.998438 -0.0468707 -1.74736 -0.8705 0.00419392 -0.492228 -19.7496
-0.482883 0.0583872 0.873788 83.9834 0.0348576 0.998292 -0.0474451 -1.79348 -0.875027 0.00754634 -0.484084 -20.2077
-0.47322 0.0597944 0.878961 84.7995 0.0383157 0.998178 -0.0472762 -1.86871 -0.880151 0.011307 -0.474638 -20.6904
-0.464438 0.0588269 0.883702 85.6559 0.032786 0.998277 -0.0492251 -1.90804 -0.885036 0.00610974 -0.465556 -21.1258
-0.454058 0.0571364 0.889187 86.5015 0.0275178 0.998395 -0.0501027 -1.94177 -0.890588 0.00172035 -0.454892 -21.5441
-0.440939 0.0533059 0.896005 87.3164 0.0257548 0.998603 -0.0467375 -2.00357 -0.897205 0.00246677 -0.441686 -21.9647
-0.429993 0.0517368 0.901399 88.1544 0.0240102 0.998689 -0.0458688 -2.07078 -0.902557 0.00192072 -0.430663 -22.3524
-0.41863 0.050958 0.906776 88.9935 0.0248107 0.998721 -0.0446726 -2.13228 -0.907854 0.00379533 -0.419351 -22.7285
-0.405498 0.0556617 0.912449 89.853 0.0268398 0.998468 -0.0489829 -2.14838 -0.913746 0.00462873 -0.406363 -23.1206
-0.392613 0.0667984 0.917325 90.6999 0.0263275 0.997794 -0.061392 -2.12832 -0.919362 4.65195e-05 -0.393499 -23.48
-0.380211 0.0796026 0.921519 91.5667 0.0287592 0.996855 -0.0742463 -2.16085 -0.924497 -0.00172564 -0.381298 -23.8414
-0.36762 0.0863733 0.926007 92.4384 0.0273364 0.996279 -0.0820775 -2.21562 -0.92961 -0.00486064 -0.368607 -24.1816
-0.355487 0.083584 0.930988 93.2956 0.0248507 0.996516 -0.0799802 -2.29564 -0.934395 -0.0052945 -0.35632 -24.5199
-0.34399 0.0797894 0.935629 94.1581 0.0239933 0.996833 -0.0761897 -2.39143 -0.938704 -0.00376075 -0.34481 -24.8301
-0.333705 0.0806572 0.939273 95.017 0.0201646 0.996747 -0.0784305 -2.47882 -0.942506 -0.00723076 -0.334242 -25.1341
-0.326378 0.0858651 0.941384 95.8786 0.0154622 0.996246 -0.0855109 -2.56771 -0.94515 -0.0133537 -0.326476 -25.4268
-0.320988 0.0909885 0.942755 96.7283 0.00759473 0.995622 -0.093507 -2.65162 -0.947098 -0.0228521 -0.32027 -25.7143
-0.318077 0.0935803 0.943491 97.6028 0.00318998 0.995247 -0.097641 -2.74516 -0.948099 -0.0280478 -0.316859 -25.9988
-0.311959 0.0916189 0.945723 98.4312 0.00509357 0.995518 -0.0947654 -2.8787 -0.950128 -0.0247434 -0.311025 -26.2915
-0.308323 0.0916193 0.946916 99.3071 0.00475301 0.995518 -0.0947768 -2.98135 -0.951311 -0.0247212 -0.307372 -26.5538
-0.302143 0.0836821 0.94964 100.167 0.00314141 0.996255 -0.0867933 -3.13299 -0.953306 -0.0232385 -0.301272 -26.8201
-0.295054 0.0802366 0.952163 101.03 0.000605374 0.996513 -0.0837893 -3.21892 -0.955522 -0.0241458 -0.294071 -27.1089
-0.290026 0.0804722 0.953687 101.91 -0.00662206 0.996299 -0.0860848 -3.26777 -0.957044 -0.0312795 -0.288418 -27.3684
-0.284146 0.0795489 0.955532 102.774 -0.0163245 0.996037 -0.0877783 -3.35483 -0.958684 -0.0405398 -0.281719 -27.6175
-0.278935 0.0794618 0.957075 103.658 -0.0232481 0.995754 -0.089452 -3.45685 -0.960077 -0.0471983 -0.275901 -27.8415
-0.273091 0.0835016 0.958416 104.529 -0.0220667 0.995452 -0.0930191 -3.55645 -0.961777 -0.0465503 -0.270004 -28.0687
-0.26869 0.0879084 0.959266 105.381 -0.0204725 0.995116 -0.0969313 -3.63908 -0.963057 -0.0456801 -0.265577 -28.26
-0.264636 0.0862387 0.960544 106.208 -0.0207963 0.995284 -0.0950902 -3.73796 -0.964167 -0.0451386 -0.261592 -28.4522
-0.257135 0.0833907 0.96283 107.082 -0.0226012 0.995513 -0.0922606 -3.81385 -0.96616 -0.0454813 -0.254096 -28.6824
-0.253045 0.0822128 0.964015 107.917 -0.0218059 0.995678 -0.0906399 -3.8924 -0.967252 -0.0439554 -0.250156 -28.8618
-0.247868 0.0852626 0.965094 108.801 -0.0236782 0.995324 -0.094018 -3.9945 -0.968553 -0.0461523 -0.244691 -29.0672
-0.240415 0.0882226 0.966713 109.662 -0.0249368 0.995005 -0.097009 -4.08427 -0.970394 -0.0474274 -0.237013 -29.286
-0.233785 0.0896422 0.968207 110.542 -0.0306442 0.994601 -0.0994887 -4.16403 -0.971855 -0.0529249 -0.229777 -29.4963
-0.221624 0.104324 0.969597 110.436 0.0251166 0.994577 -0.101274 -4.22045 -0.974853 0.00190825 -0.223042 -29.4876
-0.264663 0.0746951 0.961505 109.898 0.00475536 0.99712 -0.0761565 -4.28975 -0.96438 -0.0155803 -0.264256 -29.0557
-0.256715 0.0764652 0.96352 110.774 0.0063131 0.997012 -0.0774439 -4.35976 -0.966511 -0.013797 -0.256428 -29.294
-0.312774 0.149181 0.938105 111.513 0.0421216 0.988831 -0.143207 -4.02924 -0.948948 -0.00527494 -0.315561 -29.1897
-0.310053 0.147518 0.939272 112.259 0.0347216 0.989022 -0.143874 -4.14778 -0.950132 -0.0119954 -0.311766 -29.4059
-0.305018 0.146999 0.941002 113.089 0.0308461 0.98906 -0.144512 -4.27103 -0.951902 -0.0150501 -0.306213 -29.668
-0.299779 0.148231 0.94249 113.909 0.0332572 0.988916 -0.144958 -4.39692 -0.953476 -0.0121108 -0.30138 -29.9219
-0.296212 0.149718 0.943384 114.768 0.0337146 0.988699 -0.146327 -4.5273 -0.954582 -0.0115357 -0.29791 -30.18
-0.291278 0.151323 0.944662 115.612 0.0334731 0.988455 -0.148021 -4.65667 -0.956099 -0.0114945 -0.292976 -30.4231
-0.285737 0.1517 0.946294 116.463 0.0392958 0.988454 -0.146596 -4.79647 -0.957557 -0.00470091 -0.288397 -30.6712
-0.281542 0.151763 0.947541 117.311 0.0448732 0.988453 -0.144987 -4.93012 -0.958547 0.00169848 -0.285097 -30.9128
-0.280382 0.152778 0.947723 118.117 0.0460243 0.988296 -0.145706 -5.05166 -0.958841 0.00276585 -0.284131 -31.0967
-0.27716 0.155434 0.948238 118.991 0.0430893 0.987884 -0.149343 -5.18209 -0.959904 -0.000533551 -0.280496 -31.3429
-0.273857 0.157074 0.94893 119.853 0.0408394 0.987624 -0.151697 -5.33272 -0.96096 -0.00278832 -0.276882 -31.5943
-0.276377 0.160681 0.947591 120.621 0.0395689 0.987029 -0.155832 -5.41307 -0.960281 -0.00557356 -0.279147 -31.7508
-0.277279 0.159581 0.94752 121.495 0.0386127 0.987205 -0.154971 -5.56688 -0.960072 -0.00638253 -0.279894 -31.9907
-0.275383 0.156077 0.94865 122.338 0.0398196 0.987778 -0.150959 -5.70878 -0.960558 -0.00379718 -0.278228 -32.2426
-0.277012 0.151528 0.948921 123.198 0.0388539 0.988487 -0.146509 -5.85453 -0.96014 -0.00371418 -0.279711 -32.4579
-0.276745 0.150048 0.949229 124.028 0.0387311 0.988714 -0.145002 -5.99191 -0.960212 -0.00336432 -0.27943 -32.6921
-0.275944 0.155801 0.94854 124.867 0.0370202 0.987807 -0.151487 -6.11538 -0.960521 -0.00668524 -0.278347 -32.9321
-0.275956 0.159654 0.947891 125.679 0.0357107 0.987172 -0.155878 -6.24673 -0.960556 -0.00916567 -0.278114 -33.1545
-0.27778 0.157848 0.947665 126.529 0.0313955 0.987415 -0.155272 -6.39939 -0.960191 -0.0133772 -0.27924 -33.3809
-0.279378 0.156343 0.94744 127.373 0.028228 0.987607 -0.154652 -6.54884 -0.959815 -0.0164619 -0.280326 -33.6012
-0.278642 0.157844 0.947413 128.211 0.0312648 0.987412 -0.155319 -6.68706 -0.959946 -0.0136559 -0.280069 -33.8477
-0.279136 0.160738 0.946776 129.05 0.0262709 0.986841 -0.159799 -6.81325 -0.959941 -0.019733 -0.279683 -34.0877
-0.281478 0.162209 0.945836 129.878 0.0141965 0.986247 -0.164921 -6.93391 -0.959522 -0.0329909 -0.27991 -34.3083
-0.282173 0.163805 0.945349 130.703 0.00491416 0.985592 -0.169316 -7.06692 -0.959401 -0.0431295 -0.278909 -34.5363
-0.281143 0.167181 0.94507 131.511 0.00538156 0.98501 -0.172652 -7.21822 -0.959711 -0.0434502 -0.277829 -34.7798
-0.281048 0.166958 0.945134 132.317 -0.00680881 0.984423 -0.175927 -7.34077 -0.95972 -0.0558774 -0.27553 -35.027
-0.27931 0.166546 0.945726 133.104 -0.0148156 0.984021 -0.177671 -7.4821 -0.960147 -0.0636317 -0.27238 -35.2673
-0.236095 -0.00297224 0.971803 133.103 -0.0539817 0.998535 -0.0100684 -8.28536 -0.970287 -0.0548306 -0.235909 -35.4385
-0.249594 -0.0387408 0.967651 132.917 -0.0403066 0.99879 0.0295853 -8.67278 -0.96757 -0.0316121 -0.250856 -35.282
-0.252973 -0.0443343 0.966536 133.115 -0.038379 0.998665 0.0357555 -8.64971 -0.966772 -0.0280443 -0.254335 -35.3215
-0.276598 -0.0591574 0.95924 132.672 -0.0184646 0.99829 0.0562356 -8.87544 -0.960866 -0.00215206 -0.277217 -35.0451
-0.30059 -0.070523 0.951225 132.577 -0.0291229 0.997521 0.0647448 -8.999 -0.953368 -0.00823602 -0.301894 -34.8363
-0.293735 -0.0662221 0.95367 133.358 -0.0252746 0.997834 0.0614992 -8.95567 -0.955615 -0.00603215 -0.29477 -35.0814
-0.285839 -0.0648494 0.956164 134.144 -0.0245631 0.997921 0.0603312 -8.90372 -0.958021 -0.00623689 -0.286835 -35.3148
-0.276648 -0.068941 0.958576 134.92 -0.0218235 0.997665 0.0654493 -8.86532 -0.960784 -0.00280586 -0.277507 -35.5369
-0.265035 -0.0687038 0.961875 135.683 -0.0162614 0.997685 0.0667742 -8.81868 -0.964163 0.0020606 -0.265537 -35.7547
-0.254198 -0.0506272 0.965909 135.984 -0.0149606 0.998764 0.048408 -8.65315 -0.967099 -0.00213801 -0.254642 -35.8683
-0.249989 -0.0653951 0.966126 136.032 -0.0172168 0.997907 0.0630853 -8.75965 -0.968159 -0.000858043 -0.250592 -35.8719
-0.244988 -0.0646658 0.96745 136.102 -0.00967566 0.997935 0.0642495 -8.76265 -0.96954 0.00638689 -0.245111 -35.8846
-0.247993 -0.0636085 0.966764 135.622 -0.0126734 0.99802 0.0624085 -8.79425 -0.968745 0.00323002 -0.248309 -35.7391
-0.234418 -0.0577817 0.9705 135.898 -0.0181487 0.998365 0.0550537 -8.74944 -0.97203 -0.00469948 -0.235087 -35.8285
-0.22382 -0.0515518 0.97336 135.914 -0.0260498 0.99861 0.0468939 -8.7334 -0.97435 -0.0148535 -0.224854 -35.8403
-0.201293 -0.0380376 0.978872 135.489 -0.0509508 0.998346 0.0283137 -8.61317 -0.978267 -0.0441647 -0.202904 -35.8229
-0.189135 -0.0361588 0.981378 135.924 -0.0539518 0.998246 0.0263778 -8.56391 -0.980536 -0.0479492 -0.190759 -35.9093
-0.17529 -0.0419761 0.983703 135.944 -0.0549404 0.997996 0.0327932 -8.57623 -0.983047 -0.0482854 -0.177253 -35.9158
-0.171407 -0.0416063 0.984415 135.856 -0.0597754 0.997756 0.0317576 -8.58322 -0.983455 -0.0533907 -0.173515 -35.8351
-0.168626 -0.0301423 0.985302 135.784 -0.0784644 0.996817 0.0170636 -8.50038 -0.982616 -0.0744208 -0.170464 -35.7708
-0.162032 -0.0153409 0.986763 135.829 -0.102521 0.99478 -0.00137319 -8.2983 -0.981518 -0.101373 -0.162766 -35.7874
-0.159235 -0.0196463 0.987128 135.767 -0.108312 0.994162 0.00231187 -8.35355 -0.981348 -0.106534 -0.160444 -35.7432
-0.160687 -0.0277352 0.986715 135.876 -0.108948 0.994044 0.010195 -8.41568 -0.981048 -0.105847 -0.16276 -35.7166
-0.163226 -0.028466 0.986262 135.843 -0.0900361 0.995891 0.0138402 -8.45687 -0.982539 -0.0865257 -0.165128 -35.6763
-0.166017 -0.0304014 0.985756 136.591 -0.0893767 0.995924 0.0156588 -8.44555 -0.98214 -0.0854905 -0.168066 -35.8064
-0.166796 -0.0294377 0.985638 137.331 -0.0876307 0.996092 0.0149179 -8.43978 -0.982158 -0.0838696 -0.168733 -35.9631
-0.170263 -0.0299936 0.985044 138.085 -0.087379 0.996108 0.0152235 -8.4504 -0.981594 -0.0834666 -0.172229 -36.101
-0.174416 -0.0317494 0.984247 138.826 -0.088122 0.996023 0.0165108 -8.45727 -0.980789 -0.0838396 -0.176529 -36.2341
-0.179461 -0.0316774 0.983358 139.56 -0.0893593 0.995924 0.0157706 -8.4485 -0.979777 -0.085028 -0.181568 -36.3722
-0.185714 -0.0329098 0.982139 140.285 -0.0916841 0.995709 0.0160252 -8.43399 -0.978385 -0.0870557 -0.187943 -36.5052
-0.193816 -0.0224296 0.980885 140.104 -0.074865 0.997212 0.00800609 -8.39541 -0.978255 -0.0718698 -0.194961 -36.5105
-0.195375 -0.0106265 0.98076 140.174 -0.0726717 0.997398 -0.00367176 -8.29758 -0.978101 -0.0719774 -0.195647 -36.5947
-0.201981 -0.00742552 0.979465 140.477 -0.0820634 0.996633 -0.00937124 -8.23863 -0.976024 -0.0822578 -0.201917 -36.6732
-0.218529 -0.016855 0.975776 140.58 -0.0897237 0.996013 -0.00289119 -8.30655 -0.971769 -0.0881672 -0.219177 -36.6537
-0.235837 -0.0125291 0.971816 140.615 -0.0732738 0.99735 -0.00492794 -8.35181 -0.969106 -0.0723584 -0.236133 -36.6333
-0.247654 0.011487 0.968874 140.71 -0.0751581 0.996739 -0.0310295 -8.17265 -0.966002 -0.0804893 -0.245988 -36.6737
-0.249416 0.0266659 0.968134 140.827 -0.0849574 0.995214 -0.0493036 -8.02198 -0.964744 -0.0945337 -0.24596 -36.7619
-0.268096 0.0186434 0.963309 140.73 -0.0889454 0.995114 -0.0440141 -8.07701 -0.959353 -0.0974667 -0.265132 -36.6872
-0.281533 0.0137426 0.95956 140.764 -0.102154 0.993835 -0.0442097 -8.06706 -0.954181 -0.110454 -0.278395 -36.6627
-0.300043 0.0348731 0.953388 140.622 -0.0975129 0.993025 -0.0670122 -7.92751 -0.949005 -0.113058 -0.294552 -36.5879
-0.307389 0.0170019 0.95154 140.668 -0.100412 0.993726 -0.050197 -8.06382 -0.946357 -0.110959 -0.303753 -36.5688
-0.301559 0.0179169 0.95338 140.615 -0.094362 0.994403 -0.0485356 -8.07975 -0.948844 -0.104583 -0.298184 -36.6024
-0.287092 0.0116144 0.957943 141.276 -0.100526 0.994091 -0.0421839 -8.1216 -0.952703 -0.108392 -0.284228 -36.7778
-0.283564 0.0254238 0.958719 141.26 -0.130709 0.989343 -0.0648967 -7.87622 -0.950082 -0.143696 -0.277224 -36.8246
-0.277887 -0.0186683 0.960548 141.049 -0.151279 0.988239 -0.024563 -7.99816 -0.948718 -0.152116 -0.277444 -36.7962
-0.270605 -0.0585103 0.961014 141.169 -0.180738 0.98354 0.00898792 -8.13554 -0.945653 -0.171236 -0.27673 -36.8002
-0.256096 -0.0586805 0.964985 141.598 -0.179586 0.983719 0.0121561 -8.05897 -0.949916 -0.17016 -0.262467 -36.9342
-0.249706 -0.0382032 0.967672 141.296 -0.179778 0.983728 -0.00755511 -7.93579 -0.951568 -0.175829 -0.252518 -36.9043
-0.24065 -0.16242 0.957052 141.225 -0.135901 0.981883 0.132461 -8.60226 -0.961152 -0.098165 -0.258365 -36.8217
-0.209611 -0.159632 0.96477 140.314 -0.242122 0.964385 0.106961 -8.2189 -0.947414 -0.211147 -0.240803 -36.7539
-0.192095 -0.162415 0.96797 140.945 -0.244637 0.963059 0.113042 -8.15441 -0.950499 -0.215055 -0.224737 -36.8921
-0.177028 -0.16618 0.970179 141.568 -0.244809 0.962153 0.120133 -8.0845 -0.953354 -0.216217 -0.211019 -37.0148
-0.16621 -0.168201 0.971765 142.186 -0.239509 0.962782 0.125681 -8.00998 -0.956665 -0.211826 -0.200316 -37.1336
-0.201691 -0.131236 0.970722 142.264 -0.211832 0.973427 0.0875883 -7.64672 -0.956349 -0.187941 -0.224139 -37.0285
-0.190881 -0.128727 0.973263 142.869 -0.215239 0.972785 0.0864497 -7.60037 -0.957828 -0.192953 -0.2134 -37.1591
-0.181034 -0.123257 0.975826 143.492 -0.218188 0.972479 0.0823556 -7.55084 -0.95905 -0.197981 -0.202955 -37.2706
-0.172702 -0.112451 0.978662 144.098 -0.216762 0.973505 0.0736062 -7.49769 -0.960932 -0.199396 -0.192509 -37.3676
-0.149098 -0.105251 0.983309 144.562 -0.20305 0.976443 0.0737281 -7.57297 -0.967832 -0.188645 -0.16697 -37.6785
-0.142547 -0.106614 0.984158 145.173 -0.202106 0.976431 0.0765028 -7.52101 -0.969039 -0.18797 -0.160746 -37.7732
-0.13527 -0.11505 0.98421 145.807 -0.203981 0.975247 0.0859664 -7.47267 -0.969666 -0.189108 -0.155403 -37.873
-0.126919 -0.12764 0.983803 146.458 -0.206498 0.973423 0.099653 -7.44051 -0.970285 -0.190476 -0.149916 -38.0134
-0.124778 -0.135904 0.982937 147.066 -0.206481 0.972499 0.108248 -7.39348 -0.970543 -0.189427 -0.149422 -38.0919
-0.123799 -0.134415 0.983299 147.718 -0.204629 0.97301 0.107246 -7.32491 -0.971083 -0.187905 -0.147976 -38.2041
-0.122609 -0.130567 0.983933 148.338 -0.202003 0.973895 0.104063 -7.26017 -0.971761 -0.185975 -0.145798 -38.3026
-0.121823 -0.127975 0.984406 148.94 -0.200722 0.974402 0.101835 -7.16938 -0.972149 -0.185157 -0.144406 -38.3848
-0.119098 -0.128944 0.984579 149.57 -0.205381 0.973342 0.102627 -7.07473 -0.97149 -0.189967 -0.142421 -38.4846
-0.115904 -0.132021 0.984587 150.2 -0.205471 0.972936 0.106272 -7.00501 -0.971882 -0.189956 -0.139908 -38.5735
-0.112379 -0.135673 0.984466 150.845 -0.205462 0.972455 0.110562 -6.92651 -0.972274 -0.189821 -0.137174 -38.6701
-0.107706 -0.138205 0.984671 151.493 -0.203984 0.972356 0.114166 -6.86512 -0.973138 -0.188529 -0.132936 -38.7566
-0.101544 -0.14017 0.985014 152.127 -0.201618 0.972436 0.117594 -6.80634 -0.974269 -0.186631 -0.127022 -38.8287
-0.0941106 -0.143385 0.985324 152.764 -0.199586 0.972264 0.122424 -6.74847 -0.975458 -0.185104 -0.120134 -38.8884
-0.0843443 -0.144705 0.985982 153.417 -0.196217 0.972496 0.12594 -6.68626 -0.977011 -0.18282 -0.110436 -38.9588
-0.0743641 -0.14257 0.98713 154.062 -0.197588 0.972275 0.125542 -6.60573 -0.977569 -0.185678 -0.10049 -38.9784
-0.0622041 -0.139072 0.988437 154.711 -0.197691 0.972401 0.124374 -6.53578 -0.978375 -0.187645 -0.0880001 -39.0153
-0.0494414 -0.136203 0.989589 155.408 -0.197674 0.972459 0.123972 -6.44992 -0.97913 -0.189455 -0.0750236 -39.0536
-0.0370955 -0.136951 0.989995 156.086 -0.19484 0.972606 0.127244 -6.40146 -0.980221 -0.188146 -0.0627843 -39.0808
-0.0257947 -0.140375 0.989905 156.73 -0.192776 0.972269 0.132854 -6.32298 -0.981015 -0.187371 -0.0521621 -39.0986
-0.014055 -0.142055 0.989872 157.4 -0.193118 0.971667 0.1367 -6.24026 -0.981164 -0.189216 -0.0411136 -39.1109
-0.00266978 -0.14385 0.989738 158.095 -0.19301 0.971129 0.140627 -6.152 -0.981305 -0.190622 -0.0303806 -39.0976
0.00789813 -0.14666 0.989269 158.782 -0.195819 0.969871 0.145346 -6.05638 -0.980699 -0.19484 -0.0210835 -39.093
0.0167923 -0.147348 0.989086 159.484 -0.197684 0.969132 0.147734 -5.96793 -0.980235 -0.197974 -0.0128791 -39.1025
0.0218946 -0.150604 0.988468 160.187 -0.197578 0.968504 0.151937 -5.87448 -0.980134 -0.1986 -0.00857672 -39.1064
0.0239417 -0.154179 0.987898 160.897 -0.193757 0.968649 0.155875 -5.78465 -0.980872 -0.19511 -0.00670746 -39.1086
0.0227255 -0.152221 0.988203 161.606 -0.189772 0.969779 0.153746 -5.68998 -0.981657 -0.191002 -0.00687438 -39.1024
0.0221944 -0.152115 0.988259 162.343 -0.188221 0.970111 0.153552 -5.60288 -0.981991 -0.189386 -0.00712537 -39.1155
0.0202558 -0.146493 0.989124 163.078 -0.187187 0.971225 0.147675 -5.45768 -0.982208 -0.188117 -0.00777453 -39.1164
0.0201833 -0.146194 0.989198 163.819 -0.184428 0.971796 0.147389 -5.33926 -0.982755 -0.185378 -0.0073735 -39.1365
0.0192594 -0.151263 0.988427 164.533 -0.179526 0.971967 0.152241 -5.24762 -0.983658 -0.180355 -0.00846181 -39.1474
0.0135493 -0.151378 0.988533 165.244 -0.181241 0.971795 0.151303 -5.0952 -0.983465 -0.18118 -0.0142932 -39.083
0.00896599 -0.153795 0.988185 165.894 -0.180108 0.971761 0.152872 -4.99894 -0.9837 -0.179325 -0.0190115 -39.0708
0.00715522 -0.154442 0.988128 166.65 -0.18003 0.971725 0.153187 -4.89258 -0.983756 -0.178956 -0.0208754 -39.0769
0.00288825 -0.156734 0.98776 167.417 -0.181226 0.971272 0.154647 -4.81015 -0.983531 -0.179428 -0.0256229 -39.0609
0.00361942 -0.151897 0.988544 168.192 -0.183047 0.971665 0.149978 -4.66746 -0.983219 -0.18146 -0.0243111 -39.1052
0.000733805 -0.152187 0.988475 168.935 -0.179441 0.972353 0.149839 -4.61565 -0.983863 -0.177457 -0.0266191 -39.0996
0.000645099 -0.144902 0.989601 169.672 -0.181165 0.973125 0.142611 -4.5082 -0.983574 -0.17934 -0.0256471 -39.1263
-0.00541709 -0.144689 0.989588 170.414 -0.182048 0.973148 0.14129 -4.40346 -0.983371 -0.179359 -0.0316354 -39.074
-0.00861203 -0.148506 0.98903 171.17 -0.187332 0.971713 0.144279 -4.30647 -0.982382 -0.184 -0.0362107 -39.0653
-0.0100381 -0.152786 0.988335 171.929 -0.188162 0.970957 0.14819 -4.20881 -0.982184 -0.184451 -0.0385175 -39.0794
-0.0127048 -0.152942 0.988312 172.701 -0.19211 0.970267 0.147684 -4.09679 -0.981415 -0.187953 -0.0417303 -39.0947
-0.0171287 -0.155559 0.987806 173.463 -0.195722 0.969298 0.149252 -4.01749 -0.980608 -0.19075 -0.0470707 -39.1231
-0.0248767 -0.15632 0.98755 174.198 -0.197328 0.969106 0.148434 -3.91394 -0.980146 -0.191144 -0.0549749 -39.1587
-0.0352999 -0.156068 0.987244 174.942 -0.199224 0.969069 0.146073 -3.80872 -0.979416 -0.191497 -0.0653204 -39.1947
-0.0472119 -0.152509 0.987331 175.679 -0.197589 0.970246 0.140426 -3.70959 -0.979272 -0.18842 -0.0759596 -39.2462
-0.0596682 -0.14939 0.987105 176.425 -0.199766 0.970587 0.134817 -3.61867 -0.978123 -0.189117 -0.0877742 -39.3005
-0.0690961 -0.152762 0.986002 177.161 -0.206297 0.969106 0.135692 -3.55275 -0.976171 -0.193998 -0.0984921 -39.3937
-0.0822882 -0.157003 0.984294 177.908 -0.202609 0.969591 0.137722 -3.43833 -0.975894 -0.188064 -0.111612 -39.4694
-0.0928962 -0.164688 0.982121 178.634 -0.201365 0.969027 0.14345 -3.35366 -0.975225 -0.184403 -0.123195 -39.5444
-0.0990678 -0.169294 0.980706 179.399 -0.201725 0.968443 0.146802 -3.245 -0.974517 -0.18326 -0.130106 -39.6567
-0.09631 -0.161903 0.982256 180.041 -0.22547 0.964656 0.136899 -2.9407 -0.969603 -0.208245 -0.129424 -39.8556
-0.0987251 -0.163009 0.981806 180.825 -0.223436 0.965001 0.137753 -2.85212 -0.969805 -0.20574 -0.131706 -39.9621
-0.0998866 -0.163124 0.981697 181.526 -0.223794 0.964949 0.137575 -2.76416 -0.969633 -0.205916 -0.132905 -40.0684
-0.0999238 -0.160919 0.982029 182.286 -0.223377 0.96534 0.135456 -2.67448 -0.969697 -0.205796 -0.13242 -40.172
-0.0982731 -0.160946 0.982221 183.067 -0.228371 0.96422 0.135152 -2.58679 -0.968731 -0.210988 -0.131526 -40.2794
-0.093834 -0.162866 0.98231 183.797 -0.230186 0.963415 0.137746 -2.5207 -0.968714 -0.213156 -0.127905 -40.4242
-0.091559 -0.164258 0.982324 184.549 -0.230746 0.963031 0.13953 -2.42782 -0.968826 -0.21385 -0.12609 -40.524
-0.090469 -0.165174 0.982241 185.346 -0.229192 0.963202 0.140864 -2.32105 -0.969271 -0.212345 -0.125011 -40.611
-0.0881296 -0.164665 0.98257 186.094 -0.225258 0.964063 0.141364 -2.22896 -0.970435 -0.208831 -0.122069 -40.7201
-0.0839821 -0.164632 0.982908 186.845 -0.223054 0.964405 0.142476 -2.12438 -0.971285 -0.207243 -0.11773 -40.8225
-0.0799226 -0.165521 0.98313 187.644 -0.224842 0.963775 0.143989 -2.0016 -0.971243 -0.209499 -0.114258 -40.8975
-0.0752596 -0.16987 0.982726 188.407 -0.225722 0.962777 0.149137 -1.8931 -0.971385 -0.210565 -0.110818 -40.967
-0.0692275 -0.174969 0.982307 189.181 -0.225375 0.961868 0.155451 -1.79836 -0.971941 -0.210583 -0.106037 -41.0433
-0.0645065 -0.175803 0.982447 189.979 -0.22667 0.961281 0.157134 -1.68714 -0.971938 -0.21252 -0.101875 -41.1149
-0.0580205 -0.173082 0.983367 190.757 -0.231287 0.960471 0.155411 -1.58062 -0.971287 -0.218378 -0.095775 -41.1838
-0.0529616 -0.168391 0.984435 191.526 -0.236217 0.959888 0.151486 -1.45564 -0.970361 -0.224482 -0.0906325 -41.2326
-0.0480315 -0.166612 0.985022 192.326 -0.239779 0.959161 0.15055 -1.33767 -0.969772 -0.228911 -0.0860376 -41.2854
-0.0443049 -0.167188 0.985067 193.115 -0.241891 0.958427 0.15179 -1.21703 -0.969398 -0.231517 -0.0829234 -41.3214
-0.0405399 -0.165239 0.985589 193.896 -0.243137 0.958296 0.150668 -1.10717 -0.969278 -0.233479 -0.0790436 -41.3646
-0.035873 -0.165679 0.985668 194.69 -0.245506 0.957473 0.152007 -1.02864 -0.968839 -0.236498 -0.0750431 -41.4108
-0.0326175 -0.165259 0.98588 195.47 -0.241934 0.958288 0.152635 -0.929705 -0.969881 -0.233492 -0.071258 -41.4487
-0.0262733 -0.16667 0.985804 196.268 -0.239826 0.95833 0.155635 -0.825414 -0.970569 -0.232295 -0.0651716 -41.51
-0.0216881 -0.166744 0.985931 197.053 -0.236833 0.958862 0.156963 -0.72131 -0.971445 -0.23005 -0.060307 -41.5481
-0.0178903 -0.164982 0.986276 197.834 -0.233159 0.959861 0.156336 -0.606698 -0.972384 -0.227125 -0.0556617 -41.5823
-0.0122268 -0.163604 0.98662 198.634 -0.233427 0.95981 0.156271 -0.496831 -0.972435 -0.228347 -0.0499469 -41.6209
-0.00703272 -0.1665 0.986159 199.423 -0.237668 0.958137 0.160076 -0.382187 -0.971432 -0.233216 -0.0463336 -41.6373
-0.00127771 -0.167974 0.985962 200.194 -0.239811 0.957155 0.162762 -0.264833 -0.970958 -0.236189 -0.0415278 -41.642
0.00194236 -0.165495 0.986357 201.012 -0.237831 0.957912 0.161193 -0.153626 -0.971419 -0.234861 -0.0375252 -41.6488
0.0211041 -0.1533 0.988127 201.673 -0.232335 0.960448 0.153973 -0.0213765 -0.972549 -0.232779 -0.0153743 -41.8499
0.0245195 -0.14856 0.988749 202.466 -0.236944 0.959932 0.150108 0.10827 -0.971331 -0.237921 -0.0116934 -41.8344
0.0269911 -0.151345 0.988284 203.247 -0.244275 0.957586 0.15332 0.243438 -0.969472 -0.245503 -0.011151 -41.7949
0.0281779 -0.160686 0.986754 204.05 -0.243991 0.956113 0.162665 0.383572 -0.969485 -0.245304 -0.0122946 -41.7801
0.0293949 -0.173605 0.984549 204.859 -0.236567 0.955695 0.175586 0.487549 -0.971312 -0.238025 -0.0130041 -41.7831
0.0319463 -0.182874 0.982768 205.651 -0.238521 0.953397 0.185163 0.619203 -0.97073 -0.240287 -0.0131916 -41.7761
0.0340161 -0.187062 0.981931 206.469 -0.236463 0.95301 0.189749 0.724535 -0.971187 -0.238597 -0.0118432 -41.7697
0.0357667 -0.181232 0.982942 207.241 -0.239584 0.953264 0.184479 0.884676 -0.970336 -0.242056 -0.00935597 -41.7414
0.0398131 -0.174045 0.984106 208.036 -0.238056 0.954788 0.178495 1.02728 -0.970579 -0.241331 -0.00344871 -41.7456
0.0444557 -0.168957 0.984773 208.84 -0.236692 0.95583 0.174677 1.16945 -0.970687 -0.240815 0.0024692 -41.7425
0.0491978 -0.165218 0.985203 209.614 -0.236697 0.956281 0.172192 1.31115 -0.970482 -0.241618 0.00790951 -41.7219
0.0531219 -0.161005 0.985677 210.416 -0.235653 0.957101 0.169039 1.46892 -0.970505 -0.241219 0.012868 -41.7132
0.0559844 -0.162983 0.985214 211.231 -0.232725 0.957362 0.171604 1.58653 -0.971075 -0.238844 0.0156352 -41.6893
0.0623272 -0.166178 0.984279 212.036 -0.231036 0.956936 0.176193 1.73922 -0.971068 -0.238347 0.0212154 -41.6748
0.065258 -0.171308 0.98323 212.816 -0.227356 0.956773 0.181793 1.86792 -0.97177 -0.23536 0.0234557 -41.6727
0.0706782 -0.17366 0.982423 213.579 -0.232498 0.954821 0.185508 1.99177 -0.970147 -0.241484 0.0270742 -41.7602
0.0733533 -0.179127 0.981266 214.409 -0.229991 0.954268 0.191396 2.12749 -0.970572 -0.239674 0.0287672 -41.7445
0.0747985 -0.18504 0.980037 215.198 -0.227486 0.953639 0.197419 2.27971 -0.971026 -0.237673 0.0292011 -41.7234
0.0765287 -0.185567 0.979826 216 -0.228471 0.953208 0.198376 2.42226 -0.970686 -0.238996 0.030517 -41.6874
0.0811397 -0.176874 0.98104 216.769 -0.237866 0.952338 0.191374 2.55402 -0.968025 -0.248845 0.0351637 -41.6399
0.0823621 -0.163892 0.983212 217.535 -0.2389 0.954464 0.179116 2.67787 -0.967693 -0.249593 0.0394226 -41.5963
0.0838324 -0.155575 0.984416 218.341 -0.239939 0.955606 0.171457 2.81894 -0.967284 -0.250535 0.0427447 -41.5613
0.0830482 -0.157598 0.984184 219.132 -0.239112 0.955506 0.173186 2.9655 -0.967583 -0.249665 0.0416339 -41.5136
0.0813469 -0.162854 0.983448 219.945 -0.240727 0.954225 0.177928 3.11962 -0.967301 -0.251178 0.0383828 -41.4378
0.0851566 -0.164807 0.982821 220.722 -0.23836 0.954303 0.180682 3.22472 -0.967585 -0.249603 0.041946 -41.4351
0.0736716 -0.166619 0.983425 221.553 -0.238784 0.954403 0.179591 3.32275 -0.968398 -0.248019 0.0304902 -41.315
0.074001 -0.167067 0.983343 222.341 -0.233908 0.955545 0.17995 3.46256 -0.969589 -0.243281 0.0315983 -41.2812
0.0778255 -0.171487 0.982267 223.151 -0.233196 0.954723 0.185155 3.59235 -0.969434 -0.243433 0.0342752 -41.2799
0.0801581 -0.17392 0.981671 223.951 -0.234149 0.953911 0.188125 3.72923 -0.969042 -0.244889 0.0357054 -41.2563
0.0821677 -0.172999 0.981649 224.806 -0.235877 0.953548 0.187791 3.88043 -0.968427 -0.24694 0.0375077 -41.2127
