1 0 0 0 0 1 0 0 0 0 1 0
0.99998 -0.00269449 -0.0056684 0.0870158 0.00267517 0.999991 -0.00341375 0.0168612 0.00567755 0.00339852 0.999978 0.66135
0.99995 -0.00156818 -0.00985338 0.0816724 0.00151741 0.999986 -0.00515759 0.0161951 0.00986133 0.00514238 0.999938 1.39251
0.999906 -0.00183591 -0.0136115 0.0693807 0.00174634 0.999977 -0.00658962 0.00996389 0.0136233 0.00656523 0.999886 2.10696
0.999823 -0.000487149 -0.0188001 0.0541984 0.000351227 0.999974 -0.00723254 0.00654245 0.0188031 0.00722465 0.999797 2.88363
0.999733 -0.00116357 -0.0231012 0.0398174 0.000986113 0.99997 -0.00769168 -0.00350849 0.0231095 0.00766684 0.999704 3.62734
0.999609 0.0006344 -0.0279486 0.0105839 -0.000880569 0.999961 -0.00879649 -0.016054 0.027942 0.00881767 0.999571 4.45496
0.999454 0.00331139 -0.0328827 -0.0225914 -0.00361877 0.99995 -0.0092926 -0.0275138 0.0328503 0.00940652 0.999416 5.27164
0.999317 0.00433309 -0.0366904 -0.0573204 -0.00462639 0.999958 -0.00791292 -0.0401873 0.0366546 0.00807726 0.999295 6.06147
0.999169 0.00399092 -0.0405614 -0.109729 -0.00421525 0.999976 -0.00544668 -0.0511843 0.0405387 0.00561313 0.999162 6.9105
0.999035 0.00394481 -0.0437528 -0.154121 -0.00407742 0.999987 -0.00294204 -0.0635002 0.0437406 0.00311759 0.999038 7.74448
0.998944 0.00578677 -0.045589 -0.224051 -0.00594665 0.999977 -0.00337209 -0.0754156 0.0455685 0.00363963 0.998955 8.61533
0.998866 0.00525238 -0.0473121 -0.266544 -0.00542445 0.999979 -0.00350918 -0.0905692 0.0472927 0.00376185 0.998874 9.43473
0.998817 0.00235961 -0.0485689 -0.322158 -0.00256559 0.999988 -0.00417915 -0.0958726 0.0485585 0.00429882 0.998811 10.3014
0.998693 0.00274888 -0.0510434 -0.356586 -0.00290122 0.999992 -0.00291066 -0.116544 0.051035 0.00305494 0.998692 11.1646
0.998609 0.00133911 -0.0527112 -0.395692 -0.00148475 0.999995 -0.00272382 -0.137097 0.0527073 0.00279829 0.998606 12.0321
0.998573 0.00387324 -0.053263 -0.465456 -0.00417282 0.999976 -0.0055145 -0.139511 0.0532404 0.00572889 0.998565 12.8938
0.998553 0.0044708 -0.0535933 -0.554164 -0.00493683 0.999951 -0.0085664 -0.141322 0.0535524 0.00881859 0.998526 13.8294
0.998456 0.00782715 -0.0549995 -0.61068 -0.00838733 0.999915 -0.00996194 -0.159545 0.0549168 0.0104079 0.998437 14.7152
0.998412 0.00858595 -0.0556706 -0.67021 -0.00912677 0.999913 -0.00946768 -0.178691 0.0555845 0.00996074 0.998404 15.6303
0.998322 0.00684331 -0.0574953 -0.679046 -0.00730219 0.999943 -0.00777491 -0.196953 0.0574388 0.00818171 0.998315 16.4925
0.998213 0.00734608 -0.0593113 -0.732757 -0.00773964 0.999949 -0.00640858 -0.208862 0.0592613 0.00685617 0.998219 17.4484
0.998157 0.00660843 -0.0603192 -0.793127 -0.00698939 0.999957 -0.00610701 -0.226667 0.0602763 0.00651735 0.99816 18.3779
0.998073 0.00621827 -0.0617426 -0.846359 -0.0066501 0.999955 -0.00679109 -0.244809 0.0616976 0.00718859 0.998069 19.2888
0.998069 0.00479313 -0.0619313 -0.94731 -0.00528846 0.999955 -0.00783663 -0.254146 0.0618909 0.00814901 0.99805 20.2811
0.998062 0.00557275 -0.0619812 -1.01507 -0.00597218 0.999962 -0.00626099 -0.26875 0.061944 0.00661901 0.998058 21.2273
0.998071 0.00625679 -0.0617649 -1.07619 -0.00645054 0.999975 -0.00293796 -0.28068 0.0617449 0.0033307 0.998086 22.1774
0.998135 0.00716922 -0.0606186 -1.15272 -0.00713421 0.999974 0.00079399 -0.291015 0.0606228 -0.000360047 0.998161 23.1567
0.998265 0.00611263 -0.0585569 -1.21676 -0.00590343 0.999975 0.00374502 -0.304001 0.0585783 -0.00339284 0.998277 24.1253
0.998366 0.00581362 -0.0568509 -1.26255 -0.0055516 0.999973 0.00476575 -0.317162 0.0568771 -0.00444236 0.998371 25.0754
0.998442 0.00626092 -0.0554423 -1.31187 -0.00618826 0.99998 0.00148218 -0.316912 0.0554504 -0.00113678 0.998461 26.0427
0.998511 0.00715203 -0.0540841 -1.38828 -0.00736096 0.999966 -0.00366489 -0.319784 0.0540561 0.00405754 0.99853 27.0563
0.998573 0.00563393 -0.0530986 -1.42262 -0.00598373 0.999961 -0.00643106 -0.331915 0.0530603 0.00673961 0.998568 28.0103
0.99863 0.00279683 -0.0522511 -1.46563 -0.00307962 0.999981 -0.00533241 -0.34609 0.0522352 0.00548601 0.99862 28.9878
0.998596 -2.18739e-05 -0.0529642 -1.50461 5.25709e-06 1 -0.000313819 -0.35677 0.0529643 0.000313093 0.998596 29.9858
0.998523 -0.00580531 -0.0540237 -1.54611 0.00607611 0.99997 0.00484974 -0.398 0.0539939 -0.00517084 0.998528 31.0009
0.998432 -0.0138882 -0.0542322 -1.59872 0.0141574 0.999889 0.00458382 -0.412684 0.0541625 -0.00534443 0.998518 32.0038
0.998308 -0.0162551 -0.0558221 -1.63894 0.0163399 0.999866 0.00106287 -0.426892 0.0557973 -0.00197321 0.99844 32.9991
0.998203 -0.0165058 -0.0576153 -1.68372 0.0163945 0.999862 -0.00240313 -0.441975 0.057647 0.00145423 0.998336 34.003
0.99811 -0.01492 -0.0596239 -1.74945 0.0147586 0.999886 -0.00314572 -0.453918 0.059664 0.0022598 0.998216 35.0303
0.998039 -0.0149478 -0.060785 -1.81642 0.0148428 0.999887 -0.00217887 -0.455637 0.0608107 0.00127237 0.998148 36.1022
0.998052 -0.0117548 -0.0612666 -1.91759 0.0117675 0.999931 -0.00015378 -0.452646 0.0612641 -0.000567484 0.998121 37.1556
0.997995 -0.0117314 -0.0622018 -1.99059 0.0118317 0.999929 0.00124564 -0.466783 0.0621828 -0.00197911 0.998063 38.1978
0.997957 -0.0101781 -0.0630785 -2.06403 0.0104326 0.999938 0.00370619 -0.478736 0.0630369 -0.0043567 0.998002 39.2386
0.997942 -0.0110565 -0.063157 -2.10044 0.0115083 0.99991 0.00679559 -0.489254 0.0630762 -0.00750845 0.99798 40.1982
0.997983 -0.00486292 -0.0633012 -2.20281 0.00542829 0.999947 0.00876268 -0.488682 0.0632552 -0.00908863 0.997956 41.2795
0.997965 -0.00532637 -0.0635449 -2.2597 0.00583641 0.999952 0.00784368 -0.489337 0.0635 -0.0081986 0.997948 42.2938
0.997941 -0.00523873 -0.063922 -2.33419 0.00563564 0.999966 0.0060307 -0.491493 0.0638883 -0.00637854 0.997936 43.3807
0.997988 -0.00351598 -0.0633108 -2.40988 0.00374624 0.999986 0.00351863 -0.492469 0.0632976 -0.00374873 0.997987 44.3961
0.997804 -0.00474643 -0.0660596 -2.4395 0.00504303 0.999978 0.00432392 -0.516343 0.0660376 -0.00464757 0.997806 45.4327
0.997855 -0.0067205 -0.0651197 -2.56802 0.00716266 0.999952 0.00655894 -0.549715 0.0650726 -0.00701131 0.997856 46.4887
0.997854 -0.00612557 -0.0651919 -2.63718 0.00667222 0.999944 0.00817098 -0.574195 0.0651382 -0.00858843 0.997839 47.4553
0.997807 -0.00432797 -0.0660452 -2.71976 0.00464401 0.999978 0.00463247 -0.579648 0.0660237 -0.00492904 0.997806 48.5468
0.997861 -0.00382508 -0.065263 -2.79899 0.00387007 0.999992 0.000563099 -0.594976 0.0652603 -0.000814476 0.997868 49.4766
0.997724 -0.00414181 -0.0673014 -2.83825 0.0041058 0.999991 -0.000673304 -0.604534 0.0673035 0.000395436 0.997732 50.4879
0.997645 -0.00606098 -0.0683255 -2.88221 0.00626623 0.999976 0.00279009 -0.619196 0.068307 -0.00321167 0.997659 51.4857
0.997558 -0.00877844 -0.0692861 -2.93188 0.00922656 0.999938 0.00615043 -0.635303 0.0692278 -0.00677469 0.997577 52.4765
0.997483 -0.0111536 -0.0700197 -2.98409 0.0116833 0.999906 0.00716032 -0.649201 0.0699333 -0.00796037 0.99752 53.4673
0.997479 -0.0141093 -0.0695405 -3.07144 0.0145715 0.999875 0.00614351 -0.658078 0.0694451 -0.00714134 0.99756 54.492
0.997376 -0.0175141 -0.070247 -3.13958 0.0179241 0.999826 0.00521119 -0.670198 0.0701434 -0.00645664 0.997516 55.4917
0.99727 -0.0188823 -0.0713792 -3.20193 0.0193896 0.999791 0.00642082 -0.679371 0.0712431 -0.00778732 0.997428 56.4619
0.997133 -0.0221303 -0.0723551 -3.25417 0.0229245 0.999685 0.0101643 -0.680885 0.0721074 -0.0117939 0.997327 57.3985
0.996928 -0.0238704 -0.0745945 -3.29806 0.0250747 0.999569 0.0152499 -0.679699 0.0741983 -0.0170735 0.997097 58.3878
0.997015 -0.0210128 -0.0742928 -3.39901 0.022344 0.999603 0.017133 -0.678322 0.0739034 -0.0187419 0.997089 59.3694
0.996807 -0.0203475 -0.0772098 -3.43555 0.0214578 0.999677 0.0135784 -0.68863 0.0769086 -0.0151918 0.996922 60.2931
0.996833 -0.0186595 -0.0772979 -3.54388 0.0191403 0.999802 0.00548439 -0.683218 0.0771803 -0.00694654 0.996993 61.2681
0.996832 -0.0162981 -0.0778438 -3.62826 0.0163764 0.999866 0.000367481 -0.685968 0.0778274 -0.00164113 0.996965 62.214
0.99679 -0.0119755 -0.07916 -3.70214 0.0121136 0.999926 0.00126504 -0.693714 0.079139 -0.00221991 0.996861 63.1416
0.996712 -0.00978866 -0.0804316 -3.78013 0.0100902 0.999943 0.00334351 -0.700652 0.0803943 -0.0041441 0.996754 64.0726
0.996682 -0.0076426 -0.0810333 -3.85276 0.00804979 0.999956 0.00469965 -0.713482 0.0809939 -0.00533637 0.9967 64.9483
0.996646 -0.00693051 -0.081535 -3.95626 0.00731276 0.999963 0.0043908 -0.717086 0.0815016 -0.00497233 0.99666 65.8708
0.996529 -0.00530814 -0.083072 -4.0298 0.00575506 0.99997 0.00514163 -0.727004 0.0830422 -0.00560188 0.99653 66.731
0.996452 -0.00460132 -0.0840399 -4.11618 0.00509172 0.999971 0.00562203 -0.736783 0.0840116 -0.00603001 0.996446 67.6
0.99632 -0.00471718 -0.085579 -4.18621 0.00524238 0.999969 0.00591354 -0.745538 0.0855485 -0.00634043 0.996313 68.4423
0.996201 -0.0052335 -0.0869243 -4.26024 0.00586795 0.999958 0.00704521 -0.753551 0.0868838 -0.00752853 0.99619 69.2816
0.996097 -0.00272199 -0.0882196 -4.34323 0.00358598 0.999947 0.00963679 -0.756369 0.0881887 -0.00991555 0.996054 70.1192
0.996105 -0.0017812 -0.0881571 -4.45545 0.00300517 0.999901 0.0137534 -0.76164 0.0881239 -0.0139647 0.996011 70.9365
0.995913 0.00117948 -0.0903032 -4.52875 0.000201675 0.999883 0.0152841 -0.761465 0.0903107 -0.0152399 0.995797 71.748
0.995825 0.00394836 -0.0911993 -4.60542 -0.00293287 0.999932 0.0112664 -0.772103 0.0912376 -0.0109519 0.995769 72.499
0.995711 0.00390446 -0.0924296 -4.6913 -0.00351725 0.999984 0.00435198 -0.784006 0.0924452 -0.00400824 0.995709 73.2716
0.995574 0.00341611 -0.0939186 -4.74646 -0.00355325 0.999993 -0.00129283 -0.798638 0.0939135 0.00162081 0.995579 73.9613
0.995552 0.00462242 -0.0940931 -4.83261 -0.00490457 0.999984 -0.00276743 -0.799541 0.0940788 0.00321659 0.995559 74.6969
0.995462 0.0074722 -0.0948588 -4.89857 -0.00744355 0.999972 0.000656077 -0.810214 0.094861 5.29676e-05 0.99549 75.372
0.995299 0.00729926 -0.096567 -4.96587 -0.00705196 0.999971 0.00290208 -0.821653 0.0965853 -0.00220747 0.995322 76.0776
0.995216 0.00436159 -0.097597 -5.02111 -0.00442926 0.99999 -0.000476501 -0.835399 0.097594 0.000906487 0.995225 76.7071
0.995171 -0.00390949 -0.0980747 -5.06217 0.00339031 0.999979 -0.00545961 -0.851061 0.098094 0.00510072 0.995164 77.3652
0.995133 -0.00810562 -0.0982045 -5.10045 0.00717525 0.999926 -0.00982304 -0.868022 0.0982769 0.00907058 0.995117 78.0566
0.995343 -0.00547806 -0.0962405 -5.13387 0.00456242 0.999942 -0.0097313 -0.885486 0.0962883 0.00924688 0.99531 78.6716
0.995564 -0.000656023 -0.0940801 -5.16623 2.42022e-05 0.999977 -0.00671656 -0.89535 0.0940824 0.00668448 0.995542 79.3575
0.995922 -0.00235008 -0.090189 -5.20133 0.0020176 0.999991 -0.00377727 -0.902658 0.090197 0.00357989 0.995917 79.9541
0.996367 -0.00630794 -0.0849275 -5.22955 0.0063539 0.99998 0.000271165 -0.911151 0.084924 -0.000809817 0.996387 80.5296
0.996957 -0.0104417 -0.0772401 -5.24775 0.0107509 0.999936 0.00358879 -0.92131 0.0771976 -0.00440828 0.997006 81.0653
0.997689 -0.00689069 -0.0675929 -5.26115 0.00714528 0.999968 0.00352581 -0.928562 0.0675665 -0.00400065 0.997706 81.6363
0.99853 -0.00220535 -0.054156 -5.25187 0.00239736 0.999991 0.00348131 -0.940297 0.0541478 -0.00360604 0.998526 82.16
0.999362 0.00283483 -0.0355955 -5.27896 -0.00268128 0.999987 0.00436149 -0.94561 0.0356074 -0.00426328 0.999356 82.6694
0.99988 0.00107823 -0.015427 -5.23292 -0.000998399 0.999986 0.00518321 -0.950532 0.0154324 -0.0051672 0.999867 83.1839
0.999951 -0.0028435 0.00949865 -5.17634 0.00278167 0.999975 0.0065144 -0.955147 -0.00951692 -0.00648767 0.999933 83.6925
0.999268 -0.00396626 0.0380465 -5.11517 0.00364563 0.999957 0.00849255 -0.963187 -0.0380785 -0.00834765 0.999239 84.1438
0.997528 -0.00456687 0.070117 -5.03577 0.00384158 0.999937 0.010475 -0.972345 -0.0701605 -0.0101798 0.997483 84.6092
0.99442 -0.00513268 0.105367 -4.9062 0.00392693 0.999924 0.0116475 -0.977383 -0.105419 -0.0111687 0.994365 85.1074
0.98942 -0.00551984 0.144976 -4.76356 0.00372183 0.999913 0.0126703 -0.985421 -0.145033 -0.0119967 0.989354 85.5384
0.98195 -0.00591682 0.189049 -4.62009 0.0034037 0.999901 0.0136153 -0.996514 -0.189111 -0.0127261 0.981873 85.9854
0.971392 -0.00450335 0.237438 -4.46148 0.00148575 0.999916 0.0128863 -1.009 -0.237476 -0.0121649 0.971317 86.4187
0.957197 -0.00395282 0.289411 -4.26333 0.000663279 0.999934 0.0114635 -1.0246 -0.289437 -0.0107809 0.957136 86.8401
0.938843 -0.00517124 0.344306 -4.0552 0.00140514 0.999936 0.0111868 -1.03952 -0.344342 -0.0100189 0.93879 87.2302
0.916505 -0.0056623 0.399981 -3.81247 0.0013285 0.999937 0.0111114 -1.05286 -0.400019 -0.00965229 0.916455 87.5968
0.889263 -0.00671927 0.457347 -3.57397 0.00208886 0.999941 0.0106294 -1.06205 -0.457391 -0.00849697 0.889224 87.9307
0.857173 -0.00871738 0.514954 -3.33923 0.00431822 0.999943 0.0097395 -1.06717 -0.51501 -0.00612476 0.857162 88.2392
0.822399 -0.00964233 0.568829 -3.0444 0.00520798 0.999942 0.0094206 -1.06856 -0.568886 -0.00478507 0.822402 88.5502
0.784199 -0.0106041 0.620418 -2.76652 0.00425089 0.999922 0.0117175 -1.07686 -0.620494 -0.00655151 0.784183 88.8199
0.743229 -0.0116419 0.668936 -2.45586 0.0021252 0.999884 0.0150403 -1.08307 -0.669033 -0.00975679 0.743168 89.0901
0.699011 -0.013115 0.71499 -2.14211 0.00175209 0.99986 0.0166274 -1.08811 -0.715108 -0.0103701 0.698936 89.3458
0.653581 -0.015269 0.756702 -1.81328 0.00482775 0.99986 0.0160057 -1.09128 -0.756841 -0.00680785 0.653563 89.5692
0.608694 -0.0187826 0.793182 -1.47619 0.0100437 0.999822 0.0159682 -1.0951 -0.793341 -0.00175333 0.608774 89.7427
0.564245 -0.0164434 0.825444 -1.12024 0.0064809 0.999859 0.0154878 -1.09617 -0.825582 -0.00338929 0.564272 89.9191
0.519776 -0.0138738 0.85419 -0.756369 0.00185865 0.999884 0.0151092 -1.09678 -0.8543 -0.00626575 0.519741 90.0763
0.475416 -0.0117823 0.879682 -0.416305 0.000474269 0.999913 0.0131363 -1.09264 -0.87976 -0.00582803 0.475381 90.2189
0.434422 -0.0148401 0.900587 -0.0452836 0.00702074 0.999889 0.0130898 -1.09287 -0.900682 0.000636276 0.434478 90.3409
0.396419 -0.0231144 0.917779 0.331435 0.0214159 0.999644 0.0159259 -1.08982 -0.91782 0.0133417 0.396772 90.4193
0.363099 -0.0271051 0.931356 0.713944 0.0256038 0.999489 0.019106 -1.08357 -0.931399 0.0169089 0.363607 90.5119
0.331229 -0.0230204 0.943269 1.07336 0.0227112 0.999607 0.0164202 -1.07595 -0.943277 0.0159839 0.331622 90.6006
0.301441 -0.0148394 0.953369 1.45837 0.0114377 0.999863 0.0119466 -1.07152 -0.953416 0.00730314 0.301569 90.7087
0.27408 -0.0112288 0.961641 1.82174 0.00883417 0.999919 0.00915785 -1.07734 -0.961666 0.00598529 0.274157 90.8142
0.248861 -0.0112215 0.968474 2.21364 0.00729616 0.999926 0.00971108 -1.1253 -0.968511 0.00464941 0.248925 90.899
0.22578 -0.00992075 0.974128 2.60928 0.0137955 0.99988 0.00698554 -1.12468 -0.97408 0.0118613 0.22589 90.954
0.205779 -0.00398867 0.97859 3.02244 0.0206458 0.999786 -0.000266369 -1.11547 -0.97838 0.0202586 0.205817 91.0133
0.186651 0.00259328 0.982423 3.45728 0.0218841 0.999737 -0.00679676 -1.10883 -0.982182 0.022768 0.186545 91.0782
0.169599 0.0037566 0.985506 3.89867 0.0199327 0.999775 -0.00724128 -1.10371 -0.985311 0.0208718 0.169485 91.1433
0.154148 -0.00064189 0.988047 4.34586 0.0182162 0.999831 -0.00219242 -1.11929 -0.987879 0.0183364 0.154134 91.2138
0.13923 -0.00514957 0.990246 4.80881 0.0199496 0.999798 0.00239426 -1.14639 -0.990058 0.0194217 0.139305 91.2789
0.125241 -0.00848333 0.99209 5.29724 0.0220331 0.99974 0.00576728 -1.17398 -0.991881 0.0211365 0.125395 91.344
0.112598 -0.0108862 0.993581 5.78802 0.0263614 0.99962 0.00796491 -1.19865 -0.99329 0.0252953 0.112842 91.4005
0.102174 -0.0106537 0.994709 6.31429 0.0292462 0.999542 0.00770137 -1.20287 -0.994336 0.0283046 0.102438 91.4483
0.0934167 -0.0104144 0.995572 6.85749 0.031178 0.999485 0.00752979 -1.20791 -0.995138 0.0303366 0.0936933 91.5121
0.087715 -0.0103605 0.996092 7.40774 0.0329745 0.999428 0.00749144 -1.21259 -0.995599 0.0321885 0.0880064 91.5591
0.0828082 -0.00950501 0.99652 7.98067 0.0346097 0.999378 0.00665629 -1.21245 -0.995964 0.033938 0.0830856 91.5913
0.0769497 -0.00924054 0.996992 8.55035 0.0349266 0.999368 0.00656684 -1.22031 -0.996422 0.0343162 0.0772238 91.6239
0.0726683 -0.00932672 0.997312 9.1737 0.0358347 0.999335 0.00673455 -1.22641 -0.996711 0.035249 0.0729542 91.663
0.0693079 -0.00929082 0.997552 9.80092 0.0368422 0.999298 0.00674734 -1.22655 -0.996914 0.0362843 0.0696015 91.7167
0.0660517 -0.00987022 0.997767 10.4376 0.0372504 0.999278 0.00741919 -1.23124 -0.99712 0.0366772 0.0663716 91.7574
0.0619757 -0.0111037 0.998016 11.0964 0.0386073 0.999216 0.00871954 -1.24928 -0.99733 0.0379903 0.0623558 91.851
0.0609424 -0.0117615 0.998072 11.7807 0.0450228 0.998945 0.00902262 -1.24584 -0.997125 0.0443862 0.0614076 91.8933
0.0617851 -0.0121829 0.998015 12.4604 0.049025 0.998755 0.00915692 -1.24321 -0.996884 0.0483619 0.0623054 91.9273
0.0646046 -0.0117425 0.997842 13.1825 0.0507242 0.998677 0.00846825 -1.22768 -0.99662 0.0500677 0.0651147 91.9628
0.0682518 -0.0112853 0.997604 13.9152 0.0530089 0.998564 0.00766947 -1.21202 -0.996258 0.0523585 0.0687519 92.0167
0.072345 -0.0111296 0.997317 14.6599 0.053397 0.998547 0.00726986 -1.19853 -0.995949 0.0527278 0.072834 92.0697
0.0756942 -0.0126559 0.99705 15.4553 0.0547601 0.998463 0.00851649 -1.19367 -0.995626 0.0539539 0.0762708 92.1508
0.0807851 -0.0141086 0.996631 16.2851 0.0553989 0.998417 0.00964333 -1.18593 -0.99519 0.0544332 0.0814388 92.1977
0.0846463 -0.0158778 0.996284 17.132 0.0527215 0.998544 0.0114344 -1.17792 -0.995015 0.0515577 0.08536 92.2877
0.0876046 -0.0170598 0.996009 17.9669 0.0513965 0.998599 0.0125836 -1.18048 -0.994828 0.050089 0.0883586 92.3954
0.0918271 -0.0160406 0.995645 18.8093 0.0488829 0.998737 0.011582 -1.18001 -0.994574 0.0476065 0.0924952 92.4848
0.0951887 -0.0120827 0.995386 19.5973 0.0464453 0.998891 0.00768371 -1.18402 -0.994374 0.0454995 0.0956443 92.5529
0.0969717 -0.00685503 0.995263 20.4591 0.0410032 0.999155 0.00288673 -1.18448 -0.994441 0.0405291 0.0971708 92.6593
0.0965417 -0.00363335 0.995322 21.2849 0.0374845 0.999297 1.20162e-05 -1.18558 -0.994622 0.0373079 0.09661 92.7549
0.0979539 -0.00453987 0.99518 22.1713 0.0363934 0.999337 0.000976674 -1.20249 -0.994525 0.0361223 0.0980541 92.8324
0.097445 -0.00633679 0.99522 23.065 0.0336834 0.999428 0.00306552 -1.21699 -0.99467 0.0332236 0.0976027 92.9457
0.0992307 -0.00793213 0.995033 23.9007 0.0350076 0.999377 0.00447557 -1.23167 -0.994448 0.0343896 0.0994465 92.9903
0.100716 -0.00869635 0.994877 24.7239 0.0329216 0.999443 0.00540342 -1.24226 -0.99437 0.0322087 0.100947 93.0596
0.102101 -0.00850117 0.994737 25.5751 0.0317025 0.999483 0.00528773 -1.25048 -0.994268 0.0309957 0.102318 93.1385
0.103547 -0.00793499 0.994593 26.4097 0.0291696 0.999562 0.00493778 -1.25937 -0.994196 0.0285005 0.103733 93.2134
0.103388 -0.00662175 0.994619 27.2437 0.0264579 0.999642 0.00390493 -1.2707 -0.994288 0.0259117 0.103527 93.292
0.101664 -0.00666177 0.994796 28.0715 0.022823 0.99973 0.00436236 -1.28179 -0.994556 0.0222607 0.101789 93.3645
0.0985246 -0.00778448 0.995104 28.9089 0.0193043 0.999796 0.00590986 -1.29076 -0.994947 0.0186274 0.0986547 93.45
0.0942454 -0.0103864 0.995495 29.7191 0.0172069 0.999813 0.00880242 -1.30597 -0.9954 0.0162998 0.0944065 93.5219
0.0888741 -0.0125214 0.995964 30.5388 0.0152394 0.999821 0.01121 -1.31153 -0.995925 0.0141816 0.0890489 93.5891
0.0804685 -0.0140162 0.996658 31.3526 0.0173873 0.999769 0.0126561 -1.33166 -0.996605 0.0163107 0.0806936 93.6739
0.0716812 -0.0136938 0.997333 32.1386 0.0184338 0.999753 0.0124021 -1.33815 -0.997257 0.0174956 0.0719159 93.7311
0.0623505 -0.0135369 0.997962 32.934 0.0190145 0.999743 0.012373 -1.34098 -0.997872 0.0182043 0.0625917 93.7637
0.0531205 -0.0145389 0.998482 33.7393 0.019704 0.999714 0.0135086 -1.34004 -0.998393 0.0189565 0.0533917 93.7936
0.043336 -0.0154356 0.998941 34.5373 0.018471 0.999722 0.0146464 -1.33807 -0.998889 0.0178167 0.043609 93.8213
0.0350189 -0.0165598 0.999249 35.3232 0.0203077 0.999668 0.015855 -1.33993 -0.99918 0.0197372 0.0353435 93.8108
0.0233509 -0.0166794 0.999588 36.1331 0.0194052 0.99968 0.0162276 -1.3555 -0.999538 0.0190182 0.023667 93.86
0.0108728 -0.0163895 0.999806 36.9234 0.0185887 0.999696 0.0161855 -1.36483 -0.999767 0.0184091 0.0111741 93.8997
0.000396914 -0.0155818 0.999878 37.7053 0.0175343 0.999725 0.0155724 -1.37044 -0.999846 0.0175259 0.000669971 93.9009
-0.00936731 -0.014289 0.999854 38.4744 0.0199212 0.999697 0.0144734 -1.36955 -0.999757 0.0200538 -0.00907986 93.8855
-0.0184294 -0.0140088 0.999732 39.2506 0.0240744 0.999605 0.0144509 -1.3821 -0.99954 0.0243342 -0.0180849 93.8566
-0.0271433 -0.0141276 0.999531 40.0008 0.0270158 0.999524 0.0148612 -1.40146 -0.999266 0.0274065 -0.0267488 93.8091
-0.0353109 -0.0144873 0.999271 40.7573 0.025253 0.999563 0.0153839 -1.41971 -0.999056 0.0257778 -0.0349297 93.7629
-0.0461151 -0.0154605 0.998816 41.5111 0.026351 0.999513 0.0166879 -1.43029 -0.998588 0.0270893 -0.0456853 93.7581
-0.0539805 -0.0172601 0.998393 42.1761 0.0271899 0.999454 0.0187486 -1.44084 -0.998171 0.0281582 -0.0534818 93.7056
-0.0603207 -0.0192441 0.997993 42.8694 0.0300111 0.999327 0.0210838 -1.4455 -0.997727 0.0312226 -0.0597026 93.6743
-0.0658526 -0.0211423 0.997605 43.5158 0.0319759 0.999217 0.0232872 -1.44769 -0.997316 0.0334328 -0.065125 93.6483
-0.0701773 -0.0226512 0.997277 44.2001 0.0341458 0.999102 0.0250955 -1.45032 -0.996949 0.0358139 -0.0693408 93.6316
-0.073676 -0.0243669 0.996984 44.8909 0.034048 0.999057 0.0269336 -1.46686 -0.9967 0.0359297 -0.0727769 93.628
-0.0751791 -0.0241205 0.996878 45.5854 0.0358255 0.998996 0.0268735 -1.46181 -0.996525 0.037734 -0.0742396 93.6002
-0.0751222 -0.0228793 0.996912 46.3034 0.0356076 0.999037 0.0256113 -1.45066 -0.996538 0.0374216 -0.0742353 93.5638
-0.072304 -0.0209609 0.997162 46.9885 0.0370796 0.999031 0.0236889 -1.44078 -0.996692 0.0386872 -0.0714567 93.5233
-0.0677639 -0.020355 0.997494 47.6096 0.0373316 0.99904 0.0229227 -1.43662 -0.997002 0.0387914 -0.066939 93.4965
-0.0618269 -0.0197095 0.997892 48.2292 0.0374109 0.999056 0.0220504 -1.43891 -0.997385 0.0386953 -0.0610313 93.5116
-0.0501518 -0.019107 0.998559 48.809 0.0370816 0.999092 0.0209796 -1.43041 -0.998052 0.0380803 -0.0493978 93.4817
-0.0369166 -0.0189093 0.999139 49.3962 0.0364443 0.99913 0.0202557 -1.42945 -0.998653 0.0371607 -0.0361954 93.4793
-0.0198969 -0.0176378 0.999646 49.9673 0.0355806 0.999198 0.018338 -1.43403 -0.999168 0.0359329 -0.0192534 93.4857
0.00261394 -0.0149313 0.999885 50.5149 0.0348066 0.999284 0.0148313 -1.43358 -0.99939 0.0347638 0.00313172 93.476
0.0277371 -0.0121528 0.999541 51.0568 0.0333459 0.999381 0.0112254 -1.43966 -0.999058 0.0330192 0.0281251 93.4999
0.0564551 -0.0106309 0.998348 51.5986 0.0319384 0.999451 0.00883655 -1.44706 -0.997894 0.0313867 0.0567636 93.5436
0.0901158 -0.0111059 0.995869 52.1212 0.0302841 0.999506 0.00840604 -1.45101 -0.99547 0.0294015 0.0904076 93.604
0.128439 -0.0133729 0.991627 52.6368 0.0300374 0.999503 0.00958856 -1.45323 -0.991262 0.0285543 0.128776 93.6846
0.170381 -0.0172587 0.985227 53.184 0.028785 0.999507 0.0125308 -1.45906 -0.984957 0.0262247 0.170794 93.8029
0.215368 -0.0217121 0.976291 53.6799 0.0274626 0.999492 0.0161699 -1.46687 -0.976146 0.023329 0.215855 93.9401
0.263564 -0.0251511 0.964314 54.1811 0.0238932 0.999523 0.0195389 -1.47601 -0.964345 0.0178908 0.264039 94.1073
0.314863 -0.0267333 0.94876 54.6763 0.0222078 0.999537 0.020794 -1.48257 -0.948877 0.0145226 0.315311 94.2972
0.368975 -0.0271943 0.929041 55.1275 0.0225511 0.999539 0.0203015 -1.48588 -0.929165 0.0134601 0.369419 94.5099
0.425394 -0.0275693 0.904588 55.5681 0.0261261 0.999493 0.0181756 -1.50065 -0.90463 0.0159015 0.425899 94.7582
0.482953 -0.0237057 0.875325 55.9697 0.0289213 0.99952 0.0111121 -1.49716 -0.875168 0.0199489 0.483407 95.0382
0.538385 -0.0200118 0.842461 56.3351 0.0309053 0.999514 0.003992 -1.50744 -0.842132 0.0238872 0.538741 95.3646
0.592654 -0.0159459 0.805299 56.6705 0.0287673 0.999585 -0.00137806 -1.5105 -0.804943 0.0239829 0.592867 95.7241
0.644704 -0.0126758 0.764327 56.997 0.0270316 0.999615 -0.00622306 -1.50307 -0.763954 0.024673 0.644798 96.1129
0.694278 -0.011347 0.719617 57.2821 0.0265237 0.9996 -0.0098279 -1.51291 -0.719218 0.0259101 0.694301 96.4968
0.74293 -0.0151309 0.669198 57.5936 0.0292927 0.999521 -0.0099205 -1.53476 -0.668728 0.0269728 0.743017 96.8625
0.785952 -0.0171495 0.618049 57.8545 0.0279623 0.999578 -0.00782266 -1.52664 -0.617654 0.0234303 0.7861 97.3043
0.82595 -0.0236317 0.563248 58.0846 0.0301394 0.999543 -0.00225976 -1.54334 -0.562937 0.0188424 0.826284 97.7043
0.861292 -0.0278605 0.507346 58.3103 0.0307773 0.999523 0.00263918 -1.55646 -0.507177 0.0133416 0.861738 98.1396
0.89003 -0.0306532 0.45487 58.4507 0.0307512 0.999501 0.00718526 -1.56321 -0.454864 0.00759269 0.890528 98.5675
0.914114 -0.0303479 0.40432 58.5999 0.0286262 0.999537 0.0103043 -1.56467 -0.404446 0.00215482 0.914559 99.0448
0.932776 -0.0276322 0.359395 58.7107 0.0252737 0.999617 0.0112604 -1.5671 -0.359569 -0.0014202 0.933117 99.5183
0.946882 -0.0228051 0.320771 58.8094 0.0202796 0.999731 0.0112124 -1.55124 -0.32094 -0.00411173 0.94709 99.9984
0.957741 -0.018195 0.287055 58.8874 0.0163995 0.999828 0.00865817 -1.55409 -0.287163 -0.00358476 0.957875 100.475
0.966424 -0.0159417 0.256457 58.9874 0.0146174 0.999868 0.00706968 -1.54781 -0.256536 -0.00308361 0.966529 100.996
0.971916 -0.020893 0.234395 59.0956 0.0200423 0.999781 0.0060113 -1.54996 -0.23447 -0.0011447 0.972122 101.49
0.975483 -0.0232285 0.218845 59.1938 0.0225605 0.99973 0.00555101 -1.55416 -0.218915 -0.000477699 0.975743 101.972
0.978249 -0.0192763 0.206535 59.28 0.0187341 0.999814 0.00458088 -1.55172 -0.206585 -0.000612031 0.978428 102.502
0.980351 -0.0147316 0.196709 59.3647 0.0141718 0.99989 0.00425293 -1.54418 -0.19675 -0.00138166 0.980452 103.028
0.981801 -0.00415012 0.189867 59.4649 0.0030735 0.999977 0.00596444 -1.60207 -0.189887 -0.00527237 0.981791 103.563
0.982427 -0.000131629 0.186647 59.561 -6.95758e-05 0.999999 0.00107136 -1.58357 -0.186647 -0.00106556 0.982426 104.089
0.982644 0.00186402 0.185488 59.6671 -0.00174764 0.999998 -0.00079102 -1.60392 -0.185489 0.000453092 0.982646 104.641
0.982459 -0.000440013 0.186478 59.7976 0.00144302 0.999985 -0.00524304 -1.59943 -0.186473 0.00542013 0.982445 105.174
0.981844 -0.00198848 0.189677 59.9272 0.00442371 0.999913 -0.0124164 -1.59319 -0.189636 0.01303 0.981767 105.743
0.981283 -0.00144428 0.192567 60.0688 0.00494597 0.999831 -0.0177049 -1.59058 -0.192509 0.0183259 0.981124 106.335
0.980468 0.00423687 0.196633 60.1733 -0.00087408 0.999852 -0.0171856 -1.60626 -0.196676 0.016678 0.980326 106.905
0.979097 0.00797755 0.203235 60.2748 -0.00600638 0.999928 -0.010314 -1.64582 -0.203303 0.00887766 0.979075 107.531
0.978485 0.00523363 0.206252 60.437 -0.00401908 0.999972 -0.00630731 -1.65201 -0.20628 0.00534262 0.978478 108.165
0.977989 0.00139346 0.208652 60.6058 -0.00113137 0.999998 -0.0013755 -1.65548 -0.208653 0.00110913 0.977989 108.807
0.977102 -0.0010799 0.212767 60.7338 0.000324788 0.999993 0.00358384 -1.66516 -0.212769 -0.00343271 0.977096 109.442
0.976391 -0.00601903 0.215927 60.8667 0.00507107 0.999975 0.00494391 -1.67475 -0.215951 -0.00373224 0.976397 110.066
0.976215 -0.0102306 0.216561 61.0187 0.0101295 0.999947 0.00157691 -1.67927 -0.216566 0.000654219 0.976267 110.73
0.976124 -0.0103483 0.216969 61.1562 0.0111983 0.999933 -0.00268889 -1.73045 -0.216926 0.00505434 0.976174 111.389
0.975966 -0.00664705 0.217822 61.2845 0.00921519 0.999899 -0.0107765 -1.71026 -0.217728 0.0125247 0.975929 112.063
0.976681 -0.0015583 0.21469 61.4631 0.00376876 0.999944 -0.00988723 -1.79261 -0.214662 0.0104658 0.976632 112.796
0.976976 -0.00339663 0.213321 61.5974 0.00424512 0.999984 -0.0035197 -1.83554 -0.213306 0.0043442 0.976975 113.516
0.977483 -0.00676499 0.210905 61.7769 0.00621545 0.999975 0.00326836 -1.82958 -0.210922 -0.00188393 0.9775 114.23
0.978354 -0.00586381 0.206856 61.9571 0.00418555 0.999954 0.00854977 -1.83277 -0.206897 -0.00749892 0.978334 114.959
0.978741 -0.00314794 0.205073 62.1096 0.0017063 0.999972 0.00720622 -1.82844 -0.205091 -0.00670314 0.97872 115.693
0.978697 0.00209773 0.2053 62.2061 -0.0026499 0.999993 0.00241461 -1.82955 -0.205294 -0.00290723 0.978696 116.449
0.979454 0.0030833 0.201642 62.3718 -0.00249883 0.999991 -0.00315316 -1.82417 -0.20165 0.00258447 0.979454 117.235
0.980161 0.00244557 0.198185 62.5067 -0.00135252 0.999983 -0.00565061 -1.84493 -0.198195 0.00527043 0.980148 118.002
0.980966 0.000719731 0.194177 62.6687 0.00014584 0.99999 -0.00444341 -1.85086 -0.194178 0.00438712 0.980956 118.792
0.98173 -0.00285602 0.190256 62.8331 0.00344813 0.99999 -0.00278132 -1.85504 -0.190246 0.0033865 0.98173 119.597
0.982143 -0.00383785 0.188097 63.0067 0.00405831 0.999991 -0.000787063 -1.84158 -0.188092 0.00153633 0.98215 120.439
0.982525 -0.00760612 0.185975 63.1736 0.00761372 0.99997 0.000673251 -1.83699 -0.185975 0.000754444 0.982554 121.24
0.982418 -0.0120071 0.186308 63.3171 0.0116051 0.999927 0.00324794 -1.86918 -0.186334 -0.00102873 0.982485 122.054
0.982649 -0.0110693 0.185143 63.4822 0.010318 0.999934 0.0050209 -1.87639 -0.185187 -0.00302351 0.982698 122.888
0.982634 -0.00501525 0.185483 63.6387 0.00453516 0.999985 0.00301242 -1.87944 -0.185495 -0.00211895 0.982642 123.75
0.982488 0.00104216 0.186319 63.7859 -0.00101784 0.999999 -0.000226286 -1.88337 -0.186319 3.26459e-05 0.982489 124.632
0.982281 0.0106003 0.187111 63.9354 -0.0104739 0.999943 -0.00166446 -1.8874 -0.187118 -0.00032485 0.982337 125.495
0.981643 0.0171294 0.189957 64.0916 -0.0172338 0.99985 -0.00110264 -1.89644 -0.189947 -0.00219132 0.981791 126.331
0.980931 0.0199054 0.193335 64.2354 -0.0203554 0.999792 0.000341499 -1.89811 -0.193288 -0.00427044 0.981132 127.234
0.981391 0.0196494 0.191012 64.494 -0.0197997 0.999803 -0.00112222 -1.90647 -0.190996 -0.00268066 0.981587 127.986
0.981096 0.0172778 0.192748 64.6673 -0.0167429 0.99985 -0.0044035 -1.90042 -0.192795 0.00109305 0.981238 128.895
0.98123 0.0106663 0.192545 64.8748 -0.010198 0.999942 -0.00342317 -1.91194 -0.19257 0.00139532 0.981282 129.701
0.98116 0.00294833 0.193174 65.0499 -0.00208467 0.999986 -0.00467412 -1.93061 -0.193185 0.00418332 0.981153 130.578
0.980673 0.0023379 0.195636 65.2012 -0.00142308 0.999987 -0.00481663 -1.93609 -0.195645 0.00444511 0.980664 131.494
0.980388 0.00477702 0.19702 65.3683 -0.00441146 0.999987 -0.00229437 -1.94604 -0.197029 0.00138019 0.980396 132.354
0.980206 0.00693727 0.197859 65.5344 -0.00777345 0.999963 0.00344966 -1.95886 -0.197829 -0.00491946 0.980224 133.199
0.980051 0.0107364 0.198453 65.7006 -0.012493 0.999893 0.00760169 -1.97059 -0.198351 -0.00992937 0.98008 134.037
0.979799 0.00950502 0.199757 65.875 -0.00990771 0.99995 0.00101626 -1.9791 -0.199738 -0.0029749 0.979844 134.921
0.979758 0.00512108 0.200117 66.0464 -0.00252494 0.999909 -0.0132263 -1.99447 -0.200167 0.0124533 0.979682 135.765
0.979844 0.00246797 0.199746 66.2294 0.0020617 0.999745 -0.022466 -2.00247 -0.199751 0.022425 0.97959 136.632
0.980163 -0.00197659 0.198182 66.3995 0.0049151 0.999885 -0.0143366 -2.00543 -0.198131 0.0150263 0.98006 137.437
0.980458 -0.00852796 0.196541 66.5809 0.00737329 0.99995 0.00660581 -2.02853 -0.196588 -0.0050276 0.980473 138.332
0.981207 -0.0105043 0.192671 66.7928 0.00631442 0.99973 0.0223473 -2.06005 -0.192854 -0.0207108 0.981008 139.2
0.981376 -0.00620415 0.191997 66.9481 0.0030788 0.999857 0.0165721 -2.06208 -0.192073 -0.0156723 0.981255 140.048
0.981474 0.00153987 0.191587 67.0852 -0.00135224 0.999998 -0.0011102 -2.03567 -0.191588 0.000830526 0.981474 140.892
0.98153 -0.000366626 0.191307 67.2254 0.00238043 0.999944 -0.0102969 -2.0178 -0.191293 0.0105621 0.981476 141.724
0.981962 -0.00406093 0.189033 67.3866 0.00624642 0.99992 -0.0109672 -2.0389 -0.188974 0.0119501 0.981909 142.547
0.982463 -0.00486702 0.186391 67.5423 0.00675224 0.999932 -0.00948091 -2.06531 -0.186333 0.0105732 0.982429 143.397
0.983132 -0.00524055 0.182822 67.6909 0.00742699 0.999908 -0.0112768 -2.07217 -0.182747 0.0124444 0.983081 144.249
0.984092 -0.00594633 0.177559 67.8415 0.0086086 0.999861 -0.0142272 -2.07535 -0.17745 0.0155293 0.984007 145.037
0.984703 -0.00100149 0.174238 67.9748 0.00362076 0.999885 -0.0147156 -2.09097 -0.174203 0.0151213 0.984593 145.853
0.98504 0.00498099 0.172254 68.0986 -0.00229574 0.999872 -0.0157848 -2.09949 -0.172311 0.0151531 0.984925 146.679
0.985566 0.00675156 0.169154 68.2423 -0.0043854 0.999887 -0.014358 -2.11515 -0.169232 0.0134089 0.985484 147.486
0.985813 0.00420657 0.167795 68.3794 -0.00252426 0.999944 -0.0102381 -2.13267 -0.167829 0.00966926 0.985768 148.307
0.986172 0.00302977 0.165697 68.5182 -0.00131405 0.999944 -0.0104633 -2.15256 -0.16572 0.0101008 0.986121 149.138
0.986659 0.00195813 0.162789 68.6555 0.000171502 0.999914 -0.0130672 -2.17414 -0.162801 0.0129207 0.986574 149.964
0.987539 -0.00291994 0.157346 68.798 0.00564846 0.999841 -0.0168966 -2.19179 -0.157272 0.0175748 0.987398 150.772
0.988629 -0.0056923 0.150267 68.925 0.008608 0.999786 -0.0187603 -2.19855 -0.150128 0.0198404 0.988467 151.579
0.989791 -0.00764986 0.142321 69.0631 0.00978238 0.999849 -0.0142903 -2.20994 -0.142191 0.0155366 0.989717 152.386
0.990931 -0.0095359 0.134027 69.215 0.0104969 0.999923 -0.00646534 -2.21918 -0.133955 0.00781354 0.990956 153.22
0.991422 -0.0117982 0.130165 69.3192 0.0115058 0.999929 0.00299783 -2.24608 -0.130191 -0.00147449 0.991487 154.032
0.99179 -0.00478182 0.127786 69.3711 0.00401297 0.999972 0.00627327 -2.27472 -0.127813 -0.005709 0.991781 154.894
0.992208 -0.00223277 0.124569 69.442 0.00197313 0.999995 0.00220746 -2.30169 -0.124574 -0.0019445 0.992208 155.776
0.992684 -0.00252485 0.120709 69.4684 0.00341913 0.999968 -0.00720214 -2.32312 -0.120688 0.00756214 0.992661 156.576
0.993287 -0.00458035 0.115585 69.5338 0.0061342 0.999895 -0.0130915 -2.3247 -0.115513 0.0137126 0.993211 157.391
0.994007 -0.00558305 0.109166 69.614 0.00702755 0.999892 -0.0128521 -2.33207 -0.109083 0.0135422 0.99394 158.221
0.995247 0.00225485 0.0973482 69.7433 -0.00126224 0.999946 -0.0102571 -2.34957 -0.0973664 0.0100855 0.995197 159.026
0.996062 0.00760446 0.08833 69.8216 -0.00651775 0.999899 -0.0125849 -2.36557 -0.0884171 0.0119596 0.996011 159.886
0.997133 0.00932306 0.0750807 69.926 -0.00795255 0.999796 -0.0185323 -2.38767 -0.0752385 0.0178821 0.997005 160.711
0.997586 0.00794283 0.0689811 69.9501 -0.00654859 0.999769 -0.0204148 -2.42898 -0.0691277 0.0199137 0.997408 161.61
0.998065 0.00823662 0.0616178 69.9803 -0.007131 0.999809 -0.0181419 -2.44909 -0.0617558 0.0176674 0.997934 162.45
0.998339 0.0124347 0.0562434 69.9713 -0.0117419 0.999851 -0.0126318 -2.46064 -0.0563924 0.0119504 0.998337 163.274
0.998647 0.0171544 0.049072 69.9911 -0.0167843 0.999827 -0.0079428 -2.47178 -0.0492 0.00710837 0.998763 164.129
0.999 0.0172822 0.0412142 70.0269 -0.0170944 0.999841 -0.00490486 -2.49657 -0.0412927 0.00419538 0.999138 164.965
0.999215 0.0189386 0.0347793 70.0555 -0.0188578 0.999818 -0.00265029 -2.52121 -0.0348235 0.00199231 0.999391 165.824
0.999391 0.0170032 0.0304391 70.0777 -0.0168539 0.999844 -0.00515627 -2.52379 -0.0305224 0.00464007 0.999523 166.659
0.999435 0.021666 0.0256793 70.0881 -0.0213875 0.999709 -0.0110686 -2.53476 -0.0259119 0.0105131 0.999608 167.524
0.999388 0.0272788 0.0218792 70.097 -0.0268916 0.999479 -0.017802 -2.5575 -0.0223537 0.0172026 0.999602 168.356
0.999434 0.027845 0.0188446 70.1055 -0.0274697 0.999424 -0.0198909 -2.57089 -0.019388 0.019362 0.999624 169.213
0.999466 0.0288346 0.0153094 70.1155 -0.0286083 0.99948 -0.0148004 -2.57652 -0.0157285 0.0143545 0.999773 170.049
0.999479 0.0298428 0.0122815 70.1316 -0.0297867 0.999544 -0.00473306 -2.59044 -0.0124174 0.00436471 0.999913 170.912
0.999473 0.0313989 0.00812494 70.1384 -0.0314207 0.999502 0.00255883 -2.61047 -0.00804085 -0.00281283 0.999963 171.751
0.999647 0.0262825 0.00378125 70.1258 -0.0262777 0.999653 -0.00131 -2.61523 -0.00381466 0.00121013 0.999991 172.595
0.999911 0.0132183 -0.0014569 70.1336 -0.0132343 0.999845 -0.0115599 -2.62797 0.00130358 0.0115781 0.999932 173.402
0.999897 0.0113016 -0.00872348 70.1271 -0.0114428 0.999801 -0.0163028 -2.638 0.0085372 0.016401 0.999828 174.239
0.999764 0.0155337 -0.0151176 70.0939 -0.0157541 0.999769 -0.014575 -2.67534 0.0148874 0.0148097 0.999779 175.062
0.999646 0.0144044 -0.022339 70.055 -0.0145995 0.999856 -0.00859533 -2.69816 0.0222117 0.00891839 0.999713 175.931
0.999515 0.00985573 -0.0295063 70.0283 -0.010011 0.999936 -0.00511935 -2.72036 0.0294537 0.00541222 0.999551 176.761
0.999414 0.00113811 -0.0341954 69.9949 -0.00116933 0.999998 -0.000892357 -2.73938 0.034194 0.000931779 0.999414 177.567
0.999223 -0.00325711 -0.0392595 69.9256 0.0032291 0.999994 -0.000776528 -2.75725 0.0392615 0.000649112 0.999228 178.473
0.999005 -0.00700437 -0.0440255 69.8636 0.00663581 0.999941 -0.00851146 -2.76628 0.0440823 0.00821081 0.998994 179.343
0.998539 -0.017821 -0.0509933 69.8219 0.0168731 0.999677 -0.0189573 -2.7792 0.0513145 0.0180692 0.998518 180.186
0.997806 -0.0301743 -0.0589131 69.8277 0.0288068 0.999298 -0.0239237 -2.78536 0.0595934 0.0221741 0.997976 180.991
0.997436 -0.0278387 -0.0659171 69.7455 0.0267733 0.999496 -0.0169906 -2.79778 0.0663566 0.0151822 0.99768 181.909
0.997245 -0.0178154 -0.0720041 69.6577 0.017571 0.999837 -0.00402715 -2.81655 0.0720639 0.00275084 0.997396 182.81
0.997071 -0.0125897 -0.0754299 69.5628 0.0128674 0.999911 0.00319648 -2.83423 0.0753827 -0.00415774 0.997145 183.656
0.996792 -0.0127489 -0.0790024 69.4885 0.0128282 0.999917 0.000497432 -2.85517 0.0789892 -0.00150934 0.996874 184.51
0.996644 -0.0109273 -0.0811158 69.4099 0.0101508 0.999898 -0.00997792 -2.87897 0.0812163 0.00912101 0.996654 185.384
0.996394 -0.00162795 -0.0848241 69.3213 1.56933e-05 0.999818 -0.019004 -2.89587 0.0848394 0.0189341 0.996214 186.279
0.996267 -0.00438223 -0.0862114 69.223 0.00241129 0.999733 -0.0229523 -2.91179 0.0862887 0.0226587 0.996012 187.156
0.996178 -0.00982469 -0.0867849 69.1387 0.00828317 0.999801 -0.0181046 -2.94215 0.0869452 0.0173165 0.996062 187.962
0.996077 -0.0101119 -0.0878992 69.0691 0.00937451 0.999916 -0.00879782 -2.97161 0.0879807 0.00793926 0.99609 188.857
0.996122 -0.0088245 -0.0875349 68.986 0.00858484 0.999957 -0.00311364 -2.99823 0.0875585 0.00235005 0.996156 189.697
0.995996 -0.00891352 -0.0889422 68.8969 0.00863294 0.999955 -0.0035385 -3.01989 0.0889696 0.00275646 0.99603 190.572
0.995795 -0.0119729 -0.090821 68.8198 0.0108775 0.999861 -0.0125461 -3.04284 0.0909584 0.0115055 0.995788 191.418
0.995345 -0.0229979 -0.0935803 68.763 0.0207584 0.999475 -0.024835 -3.0523 0.0941021 0.0227768 0.995301 192.28
0.994618 -0.0344635 -0.0977046 68.7251 0.0316876 0.999052 -0.0298215 -3.06494 0.0986396 0.0265649 0.994768 193.146
0.994502 -0.0321749 -0.0996459 68.6172 0.0297686 0.999229 -0.0255418 -3.09134 0.100391 0.0224351 0.994695 194.082
0.994424 -0.0261221 -0.102161 68.5373 0.0247233 0.999582 -0.0149344 -3.123 0.102508 0.0123253 0.994655 194.938
0.994216 -0.0253441 -0.104357 68.4577 0.0242841 0.999639 -0.011415 -3.15234 0.104609 0.00881472 0.994474 195.791
0.994009 -0.0270475 -0.105891 68.386 0.0255842 0.999557 -0.0151533 -3.18007 0.106254 0.0123534 0.994262 196.638
0.993897 -0.0267045 -0.107022 68.3123 0.0246301 0.999482 -0.0206571 -3.21183 0.107519 0.0178951 0.994042 197.487
0.994087 -0.0233609 -0.106037 68.1841 0.0212074 0.999545 -0.0213917 -3.23738 0.106488 0.0190165 0.994132 198.351
0.994177 -0.0160793 -0.106545 68.0761 0.0142594 0.999739 -0.0178204 -3.27978 0.106804 0.0161974 0.994148 199.188
0.994172 -0.0110493 -0.10723 67.9713 0.00957445 0.999852 -0.014259 -3.31 0.107372 0.0131492 0.994132 200.045
0.994334 -0.00644602 -0.106098 67.8598 0.00522466 0.999916 -0.0117853 -3.33645 0.106165 0.0111641 0.994285 200.877
0.994273 -0.00357306 -0.106802 67.7654 0.00222227 0.999915 -0.0127636 -3.3504 0.106838 0.0124532 0.994198 201.705
0.994196 -0.00645934 -0.107385 67.68 0.00461978 0.999837 -0.0173702 -3.36729 0.107479 0.0167733 0.994065 202.509
0.994158 -0.00598713 -0.107762 67.5815 0.00348454 0.999719 -0.0233964 -3.38155 0.107871 0.0228842 0.993901 203.335
