1 0 0 0 0 1 0 0 0 0 1 0
0.999019 -0.000489881 0.0442718 0.0282081 0.000634832 0.999994 -0.00326013 -0.00853055 -0.0442699 0.00328504 0.999014 1.02553
0.995989 -0.00488494 0.0893388 0.111024 0.00565575 0.999949 -0.00837687 -0.0254755 -0.0892934 0.00884855 0.995966 2.05558
0.990935 -0.00438835 0.134268 0.239117 0.00609684 0.999906 -0.0123159 -0.0415602 -0.134202 0.0130229 0.990869 3.11258
0.983795 -0.00205856 0.179287 0.423582 0.00475197 0.999882 -0.0145947 -0.071721 -0.179236 0.0152102 0.983689 4.11707
0.974679 -0.00495197 0.223554 0.674846 0.00859979 0.999845 -0.0153467 -0.0870813 -0.223444 0.0168807 0.974571 5.1399
0.963797 -0.00611979 0.266565 0.978009 0.0110391 0.999795 -0.0169598 -0.113258 -0.266406 0.0192885 0.963668 6.10525
0.951203 -0.00786911 0.308466 1.33258 0.0146988 0.999695 -0.0198235 -0.135627 -0.308216 0.0233902 0.951029 7.08903
0.936938 -0.00952637 0.349366 1.71578 0.0182528 0.999598 -0.0216943 -0.163996 -0.349019 0.0267031 0.936735 8.05887
0.919965 -0.00973231 0.39188 2.10596 0.0204417 0.999523 -0.0231651 -0.191211 -0.391468 0.0293217 0.919725 8.97007
0.900569 -0.00935743 0.434611 2.54171 0.0208671 0.999546 -0.0217184 -0.223856 -0.434211 0.028628 0.900357 9.90853
0.878716 -0.0094913 0.47725 3.04991 0.0219613 0.999547 -0.0205568 -0.254585 -0.476839 0.0285446 0.878527 10.8824
0.855824 -0.00959325 0.517178 3.55025 0.0232287 0.999532 -0.0198983 -0.291458 -0.516745 0.0290428 0.855647 11.6654
0.831488 -0.0100717 0.555451 4.13702 0.0252565 0.999487 -0.0196848 -0.328125 -0.554968 0.0303965 0.831316 12.4886
0.806173 -0.0120983 0.591556 4.75628 0.0288241 0.999407 -0.0188419 -0.364521 -0.590977 0.032241 0.806044 13.2623
0.778073 -0.011206 0.628074 5.41146 0.0301996 0.999352 -0.0195818 -0.388604 -0.627448 0.0342036 0.777907 14.0665
0.747052 -0.0132969 0.664632 6.08934 0.0337749 0.999268 -0.0179716 -0.413562 -0.663907 0.0358736 0.746955 14.8589
0.715542 -0.0126564 0.698454 6.79122 0.0348075 0.99924 -0.0175522 -0.444075 -0.697702 0.0368708 0.715439 15.5682
0.682459 -0.0114744 0.730833 7.50985 0.0362432 0.999178 -0.0181568 -0.478251 -0.730025 0.038879 0.682314 16.2312
0.647485 -0.0129776 0.761968 8.26337 0.0413981 0.998978 -0.0181639 -0.510051 -0.760953 0.0433049 0.64736 16.869
0.611748 -0.0115689 0.790968 9.06993 0.0401484 0.999058 -0.016439 -0.555043 -0.790033 0.0418126 0.611637 17.496
0.573723 -0.0104801 0.818982 9.89628 0.0434495 0.9989 -0.0176554 -0.582752 -0.817897 0.0457137 0.573547 18.0948
0.536029 -0.0105592 0.844133 10.7345 0.0477145 0.998702 -0.0178063 -0.636326 -0.84285 0.0498221 0.535838 18.6083
0.495314 -0.00862466 0.868671 11.5607 0.0486937 0.998654 -0.0178498 -0.655869 -0.867349 0.0511401 0.495067 19.1277
0.45965 -0.00944498 0.88805 12.4501 0.0569976 0.998196 -0.0188852 -0.650006 -0.886269 0.0592973 0.45936 19.5306
0.424495 -0.0105561 0.905368 13.351 0.0626189 0.99788 -0.0177251 -0.671396 -0.903262 0.0642174 0.424257 19.9106
0.389378 -0.00828845 0.921041 14.2655 0.065021 0.997712 -0.0185098 -0.694995 -0.91878 0.0670943 0.389026 20.2956
0.358776 -0.00906762 0.933379 15.2118 0.0663159 0.997674 -0.0157986 -0.714133 -0.931065 0.0675661 0.358543 20.6034
0.32505 -0.0105429 0.945638 16.143 0.0678977 0.997617 -0.0122165 -0.737554 -0.943256 0.0681776 0.324992 20.9376
0.298834 -0.0103532 0.954249 17.1669 0.0717699 0.997353 -0.0116547 -0.733294 -0.951603 0.0719692 0.298786 21.1591
0.266235 -0.00704572 0.963882 18.1423 0.0695104 0.99751 -0.0119081 -0.750516 -0.961399 0.0701702 0.266062 21.4657
0.236781 -0.00543967 0.971548 19.1312 0.0689571 0.997557 -0.0112206 -0.770903 -0.969113 0.0696519 0.236577 21.6706
0.207267 -0.00486649 0.978272 20.1739 0.0707351 0.997445 -0.0100248 -0.787187 -0.975724 0.071276 0.207081 21.8831
0.178127 -0.00502675 0.983994 21.229 0.0732046 0.997284 -0.00815721 -0.801367 -0.981281 0.0734859 0.178012 22.0456
0.148642 -0.00546973 0.988876 22.2854 0.0723972 0.997361 -0.00536565 -0.814164 -0.986237 0.0723894 0.148646 22.199
0.120413 -0.00554753 0.992708 23.3345 0.073337 0.997302 -0.00332238 -0.825781 -0.990011 0.0732023 0.120495 22.3221
0.0939064 -0.0052615 0.995567 24.4246 0.0764221 0.997074 -0.00193903 -0.827637 -0.992644 0.0762655 0.0940337 22.4215
0.0693691 -0.00424822 0.997582 25.5292 0.0810605 0.996708 -0.00139222 -0.822437 -0.994292 0.0809611 0.0694851 22.4926
0.0477049 -0.00336769 0.998856 26.6244 0.0856052 0.996329 -0.000729296 -0.820401 -0.995186 0.0855421 0.047818 22.5291
0.0283629 -0.00310159 0.999593 27.752 0.0916965 0.995787 0.000487944 -0.820159 -0.995383 0.0916454 0.0285278 22.5439
0.0120279 -0.00376334 0.999921 28.8609 0.0961008 0.995368 0.00259023 -0.825309 -0.995299 0.096062 0.0123338 22.534
-0.00133347 -0.00334556 0.999994 29.9922 0.100804 0.9949 0.00346294 -0.834291 -0.994905 0.100808 -0.000989409 22.4892
-0.0156521 -0.00391436 0.99987 31.1848 0.102937 0.994673 0.0055054 -0.828826 -0.994565 0.10301 -0.0151658 22.4801
-0.0282967 -0.0042203 0.999591 32.4308 0.103448 0.994609 0.00712772 -0.81242 -0.994232 0.103608 -0.0277076 22.4211
-0.0397017 -0.00328662 0.999206 33.6753 0.10304 0.99465 0.00736573 -0.797095 -0.993885 0.10325 -0.0391507 22.3568
-0.0503641 -0.000581718 0.998731 34.9515 0.102982 0.994667 0.00577254 -0.798081 -0.993407 0.103142 -0.0500355 22.2602
-0.0601349 0.00349001 0.998184 36.3474 0.103455 0.99463 0.00275501 -0.776487 -0.992815 0.103433 -0.060173 22.1004
-0.068394 0.00647892 0.997637 37.5238 0.103837 0.994594 0.000659461 -0.770192 -0.99224 0.103636 -0.068697 22.0428
-0.0752422 0.00718454 0.997139 38.801 0.102912 0.99469 0.000598644 -0.769274 -0.991841 0.102663 -0.0755821 21.9316
-0.0799557 0.00803083 0.996766 40.0709 0.102934 0.994688 0.000242734 -0.768446 -0.99147 0.10262 -0.0803576 21.8158
-0.0838225 0.00930132 0.996437 41.3716 0.103729 0.994605 -0.000558265 -0.770331 -0.991067 0.103313 -0.0843351 21.679
-0.0875462 0.0116138 0.996093 42.6657 0.102229 0.994758 -0.00261338 -0.762508 -0.990901 0.101601 -0.0882745 21.574
-0.0914158 0.0133025 0.995724 44.0515 0.102483 0.994727 -0.00388037 -0.746494 -0.990525 0.10169 -0.0922971 21.43
-0.0945107 0.0124835 0.995446 45.3569 0.101436 0.994838 -0.00284522 -0.751594 -0.990343 0.100705 -0.0952891 21.36
-0.0970215 0.0109318 0.995222 46.7198 0.101327 0.994853 -0.00104965 -0.749681 -0.990111 0.100741 -0.0976297 21.2547
-0.100073 0.00793702 0.994948 48.1493 0.0994668 0.995039 0.00206676 -0.764094 -0.989996 0.0991712 -0.100366 21.1255
-0.102802 0.00778089 0.994671 49.5855 0.101007 0.994882 0.00265674 -0.774457 -0.98956 0.100742 -0.103061 20.9887
-0.10453 0.00727359 0.994495 50.9778 0.10056 0.994926 0.00329298 -0.783778 -0.989425 0.10035 -0.104731 20.8912
-0.105412 0.00829882 0.994394 52.4093 0.102206 0.99476 0.00253257 -0.796401 -0.989162 0.1019 -0.105708 20.7736
-0.105822 0.00757041 0.994356 53.8724 0.101009 0.99488 0.00317522 -0.81121 -0.989242 0.100775 -0.106045 20.6558
-0.105123 0.00804689 0.994427 55.3991 0.101237 0.994859 0.00265158 -0.832854 -0.989293 0.100952 -0.105397 20.4907
-0.1053 0.00815184 0.994407 56.906 0.100745 0.994909 0.00251216 -0.830645 -0.989324 0.100446 -0.105585 20.395
-0.105617 0.00574955 0.99439 58.4875 0.0985087 0.995125 0.00470907 -0.845982 -0.989516 0.0984535 -0.105668 20.2617
-0.106145 0.00400521 0.994343 59.9663 0.097174 0.995247 0.00636439 -0.878207 -0.989591 0.0972998 -0.10603 20.2035
-0.106376 0.00291105 0.994322 61.5774 0.0959073 0.995363 0.00734638 -0.896652 -0.98969 0.0961442 -0.106162 20.0707
-0.105993 0.00268934 0.994363 63.1951 0.0973911 0.995217 0.00768961 -0.913643 -0.989586 0.0976572 -0.105748 19.9254
-0.105 0.00156418 0.994471 64.784 0.0963301 0.995312 0.00860535 -0.929549 -0.989796 0.0967011 -0.104658 19.8162
-0.104922 -0.000905799 0.99448 66.4066 0.0977239 0.99515 0.0112167 -0.9388 -0.989667 0.0983614 -0.104324 19.7066
-0.105131 -0.00345205 0.994452 68.1272 0.0985288 0.995038 0.0138703 -0.934384 -0.989565 0.0994404 -0.104269 19.5409
-0.105137 -0.00325759 0.994452 69.8093 0.0991333 0.994979 0.0137401 -0.934891 -0.989504 0.100028 -0.104286 19.4118
-0.105254 -0.00256282 0.994442 71.4351 0.100837 0.994815 0.0132366 -0.950018 -0.98932 0.10167 -0.10445 19.3303
-0.104923 -0.00358183 0.994474 73.2363 0.0989935 0.994989 0.0140281 -0.935883 -0.989541 0.0999183 -0.104043 19.1207
-0.105819 -0.00458831 0.994375 74.8656 0.0987181 0.995001 0.0150965 -0.953732 -0.989473 0.0997603 -0.104837 19.0693
-0.106226 -0.00695307 0.994318 76.4938 0.0972412 0.99511 0.0173471 -0.96567 -0.989576 0.0985314 -0.10503 19.0243
-0.10561 -0.00771172 0.994378 78.2608 0.0982897 0.994992 0.0181556 -0.96513 -0.989538 0.0996545 -0.104323 18.8605
-0.106368 -0.0091493 0.994285 80.0366 0.0984215 0.99495 0.0196845 -0.973821 -0.989444 0.0999528 -0.10493 18.7568
-0.108116 -0.00923825 0.994095 81.9164 0.0978827 0.994999 0.0198922 -0.971536 -0.989307 0.0994554 -0.106671 18.6144
-0.110355 -0.00879912 0.993853 83.8534 0.0969568 0.995096 0.0195759 -0.954946 -0.989152 0.0985211 -0.10896 18.4128
-0.112533 -0.00847015 0.993612 85.5707 0.0952501 0.995267 0.0192719 -0.940021 -0.989072 0.0968103 -0.111193 18.3457
-0.1144 -0.00826935 0.9934 87.3053 0.0936938 0.995418 0.0190759 -0.924806 -0.989006 0.0952578 -0.113101 18.2667
-0.115438 -0.00892392 0.993274 89.226 0.0928731 0.995482 0.0197374 -0.897301 -0.988963 0.0945269 -0.114087 18.0381
-0.118065 -0.00911914 0.992964 91.0178 0.0932471 0.995437 0.0202291 -0.884037 -0.988618 0.0949794 -0.116676 17.957
-0.12029 -0.0102813 0.992685 92.7939 0.0898703 0.995728 0.021203 -0.867687 -0.988662 0.0917635 -0.118852 17.8951
-0.122464 -0.00960394 0.992426 94.7707 0.0891535 0.995804 0.020638 -0.832513 -0.98846 0.0910056 -0.121094 17.6456
-0.129816 -0.00774277 0.991508 96.5053 0.0898935 0.995759 0.0195455 -0.834272 -0.987455 0.0916674 -0.128569 17.754
-0.135746 -0.00672521 0.990721 98.5009 0.0897834 0.995779 0.0190615 -0.800175 -0.986667 0.0915378 -0.13457 17.5477
-0.140199 -0.00731723 0.990096 100.572 0.0879589 0.995927 0.0198154 -0.76355 -0.986208 0.0898658 -0.138984 17.2157
-0.147711 -0.00862423 0.988993 102.285 0.0863337 0.996032 0.0215799 -0.773118 -0.985255 0.088571 -0.14638 17.2415
-0.153851 -0.00795709 0.988062 104.313 0.0852082 0.996135 0.0212899 -0.753122 -0.984413 0.0874664 -0.152579 16.977
-0.160099 -0.00662156 0.987079 106.325 0.0849772 0.996172 0.0204654 -0.732283 -0.983436 0.0871556 -0.158923 16.6977
-0.165463 -0.00474738 0.986204 108.294 0.0839883 0.996288 0.0188873 -0.709279 -0.982633 0.0859548 -0.16445 16.4236
-0.170727 -0.00444924 0.985308 110.354 0.0819639 0.99646 0.0187017 -0.683144 -0.981903 0.0839526 -0.169758 16.0775
-0.178563 -0.00433544 0.983919 112.247 0.0806779 0.996558 0.0190326 -0.675799 -0.980615 0.082779 -0.177598 15.9383
-0.186618 -0.00480392 0.982421 114.345 0.0783722 0.996728 0.0197612 -0.645596 -0.979301 0.0806822 -0.185631 15.6034
-0.194392 -0.00548684 0.980908 116.375 0.0771872 0.996798 0.0208723 -0.627102 -0.977882 0.0797709 -0.193346 15.298
-0.202176 -0.00567356 0.979333 118.393 0.0771601 0.996782 0.0217038 -0.605245 -0.976305 0.0799534 -0.201088 14.9776
-0.208395 -0.00407476 0.978036 120.401 0.0772382 0.996799 0.0206104 -0.586178 -0.97499 0.0798368 -0.207413 14.6143
-0.213724 -0.00382621 0.976887 122.405 0.0758718 0.996906 0.0205039 -0.576017 -0.973943 0.0785003 -0.212772 14.2198
-0.220103 -0.00439745 0.975467 124.455 0.0769371 0.996796 0.0218536 -0.569418 -0.972438 0.0798595 -0.21906 13.8031
-0.226287 -0.00572822 0.974044 126.463 0.0749461 0.996916 0.023274 -0.559475 -0.971173 0.0782673 -0.22516 13.37
-0.229156 -0.00307339 0.973385 128.405 0.0747704 0.996985 0.0207505 -0.500339 -0.970514 0.0775355 -0.228235 12.8814
-0.232598 -0.00244293 0.97257 130.469 0.0758754 0.996903 0.0206503 -0.454027 -0.969609 0.0785973 -0.231693 12.3733
-0.235769 -0.00278454 0.971805 132.638 0.0770021 0.996798 0.0215376 -0.406079 -0.968754 0.0799089 -0.2348 11.7825
-0.238972 -0.00280758 0.971022 134.461 0.0779395 0.996714 0.0220631 -0.374299 -0.967893 0.0809534 -0.237968 11.4921
-0.241521 -0.00207815 0.970393 136.423 0.0785547 0.996674 0.0216859 -0.34295 -0.967211 0.0814665 -0.240554 11.0808
-0.243787 -0.00130561 0.969828 138.534 0.0778789 0.996743 0.0209183 -0.304557 -0.966697 0.0806286 -0.242891 10.5471
-0.246589 -0.00132757 0.969119 140.716 0.0768915 0.996819 0.0209303 -0.264604 -0.966065 0.0796782 -0.245703 9.9649
-0.251683 -0.00125155 0.967809 142.868 0.0747755 0.996984 0.020735 -0.2402 -0.964917 0.077587 -0.250831 9.44554
-0.256318 -0.00557519 0.966576 144.949 0.0717319 0.997116 0.0247733 -0.275912 -0.963927 0.0756841 -0.255179 8.93648
-0.261721 -0.00936515 0.965098 147.013 0.0692269 0.997195 0.02845 -0.285666 -0.962657 0.0742566 -0.260339 8.45216
-0.267196 -0.0098111 0.963592 149.091 0.0681165 0.997254 0.029042 -0.248322 -0.961231 0.0733963 -0.265795 7.93437
-0.274118 -0.0105962 0.961638 151.264 0.0679043 0.99723 0.0303448 -0.20404 -0.959295 0.0736173 -0.27264 7.35674
-0.279594 -0.0142503 0.960013 153.263 0.0630778 0.997457 0.0331769 -0.221874 -0.958044 0.0698315 -0.277984 6.88073
-0.283161 -0.0160011 0.958939 155.42 0.0622881 0.997443 0.0350363 -0.188437 -0.957047 0.0696513 -0.28144 6.26734
-0.285883 -0.016693 0.958119 157.523 0.0616452 0.997456 0.0357721 -0.129958 -0.956279 0.06929 -0.284127 5.65113
-0.287259 -0.0153576 0.95773 159.638 0.0629365 0.997408 0.0348709 -0.060549 -0.955783 0.070293 -0.285548 4.9966
-0.287606 -0.0142653 0.957643 161.698 0.06304 0.997438 0.0337908 -0.00579153 -0.955672 0.0700881 -0.28597 4.35329
-0.289691 -0.0129752 0.957032 163.883 0.0630573 0.997477 0.0326109 0.0402778 -0.95504 0.0697949 -0.288142 3.69089
-0.293833 -0.0125052 0.955775 166.088 0.0620719 0.997554 0.0321345 0.103735 -0.953839 0.0687689 -0.292338 3.088
-0.294813 -0.0148937 0.955439 168.203 0.0574481 0.997793 0.0332803 0.127922 -0.953826 0.0646995 -0.293307 2.4249
-0.297008 -0.0178813 0.954708 170.409 0.0551532 0.997834 0.0358471 0.147663 -0.953281 0.063302 -0.295379 1.74554
-0.300345 -0.0191498 0.953638 172.652 0.0544719 0.997822 0.0371929 0.178592 -0.952274 0.0631171 -0.298648 1.05121
-0.303057 -0.0198533 0.952766 174.811 0.0553348 0.997729 0.0383912 0.218188 -0.951365 0.0643557 -0.30127 0.379705
-0.304339 -0.0195053 0.952364 176.991 0.0572316 0.997609 0.038721 0.296903 -0.950843 0.0662896 -0.302496 -0.333006
-0.305 -0.0203478 0.952135 179.147 0.0567653 0.997605 0.0395033 0.366664 -0.950659 0.0660967 -0.303115 -1.02251
-0.305691 -0.0206596 0.951907 181.37 0.0564219 0.997614 0.0397707 0.45614 -0.950458 0.0658658 -0.303796 -1.77201
-0.306616 -0.0209576 0.951603 183.558 0.054127 0.997756 0.0394143 0.532795 -0.950293 0.0635924 -0.304794 -2.45211
-0.308147 -0.0195285 0.951138 185.881 0.0527692 0.997899 0.0375846 0.609682 -0.949874 0.0617723 -0.306469 -3.25164
-0.309838 -0.0183179 0.950613 188.056 0.0514126 0.998029 0.0359888 0.672789 -0.949398 0.0600241 -0.308286 -3.90638
-0.31103 -0.0175542 0.950238 190.25 0.0501512 0.998133 0.0348544 0.731966 -0.949076 0.0584963 -0.309569 -4.5943
-0.313115 -0.0174759 0.949554 192.708 0.0474748 0.998292 0.0340277 0.812048 -0.948528 0.0557344 -0.311751 -5.52244
-0.317832 -0.0186739 0.947963 195.327 0.0444383 0.998414 0.034567 0.946309 -0.947105 0.0531123 -0.316498 -6.59455
-0.305663 -0.0159536 0.952006 197.918 0.0400718 0.998758 0.0296031 1.06823 -0.951296 0.0471971 -0.304644 -7.56933
-0.308117 -0.016823 0.9512 200.098 0.0395637 0.998752 0.0304796 1.11096 -0.950525 0.0470242 -0.307067 -8.17778
-0.310628 -0.0158967 0.950399 202.287 0.0413442 0.998688 0.0302174 1.15308 -0.949632 0.0486797 -0.309563 -8.78813
-0.310475 -0.0166996 0.950435 204.418 0.0393314 0.998764 0.030397 1.19 -0.949767 0.0468193 -0.309435 -9.44055
-0.312102 -0.0163993 0.949907 206.756 0.0384021 0.998816 0.0298611 1.23708 -0.949272 0.045798 -0.311103 -10.2376
-0.314129 -0.015901 0.949247 209.092 0.0383267 0.998832 0.0294149 1.28293 -0.948606 0.0456215 -0.313153 -11.0396
-0.31605 -0.0162773 0.948603 211.412 0.0377154 0.998847 0.0297052 1.32246 -0.947992 0.0451652 -0.315072 -11.8004
-0.318556 -0.0166119 0.947759 213.734 0.0389632 0.998772 0.0306021 1.37275 -0.947103 0.0466761 -0.317517 -12.524
-0.320592 -0.0177946 0.94705 216.038 0.0393184 0.998712 0.0320753 1.42065 -0.946401 0.0475195 -0.31948 -13.2895
-0.322214 -0.0175002 0.946505 218.352 0.0399599 0.998686 0.0320684 1.47244 -0.945823 0.048155 -0.321091 -14.064
-0.324512 -0.0172278 0.945725 220.833 0.0392739 0.998726 0.0316697 1.53224 -0.945066 0.0474194 -0.323423 -14.9757
-0.327225 -0.0185668 0.944764 223.076 0.0368092 0.998797 0.0323778 1.57559 -0.944229 0.0453707 -0.326148 -15.6389
-0.327746 -0.0188935 0.944577 225.314 0.0346167 0.998888 0.031991 1.61748 -0.944131 0.043183 -0.326727 -16.4316
-0.327801 -0.0182606 0.94457 227.577 0.0339247 0.998941 0.0310848 1.67148 -0.944137 0.0422338 -0.326834 -17.2568
-0.327611 -0.0167892 0.944664 229.639 0.0341318 0.998979 0.0295916 1.68179 -0.944196 0.0419375 -0.326704 -17.7607
-0.32868 -0.0172692 0.944283 231.91 0.034689 0.998937 0.030343 1.69695 -0.943804 0.0427294 -0.327732 -18.5107
-0.330448 -0.0181771 0.943649 234.225 0.0358289 0.998852 0.0317871 1.74799 -0.943144 0.0443138 -0.329417 -19.2708
-0.338544 -0.0178593 0.940781 236.324 0.0368469 0.998801 0.0322202 1.8207 -0.940229 0.0455727 -0.33748 -19.3448
-0.343284 -0.0209264 0.938999 238.261 0.0382243 0.998612 0.0362292 1.78674 -0.938453 0.0483294 -0.342008 -19.3211
-0.355043 -0.0205391 0.934625 240.459 0.0359226 0.99872 0.0355938 1.83277 -0.93416 0.0462114 -0.353851 -19.853
-0.359004 -0.0208946 0.933102 242.797 0.033489 0.998817 0.0352507 1.90952 -0.932735 0.0439037 -0.357879 -20.7203
-0.362358 -0.0211895 0.931798 245.133 0.0319702 0.99887 0.0351474 1.98682 -0.93149 0.0425256 -0.361271 -21.6137
-0.365956 -0.021037 0.930395 247.477 0.0311386 0.998908 0.034834 2.04905 -0.930111 0.0417188 -0.364901 -22.5237
-0.370914 -0.0213089 0.928423 249.781 0.0300201 0.998939 0.0349207 2.11507 -0.928182 0.0408239 -0.369881 -23.3969
-0.377335 -0.0222514 0.92581 252.018 0.0281264 0.998974 0.0354735 2.16708 -0.92565 0.039425 -0.376322 -24.1939
-0.389682 -0.0217843 0.920692 254.274 0.0250707 0.999098 0.0342506 2.23752 -0.920608 0.0364291 -0.388785 -24.737
-0.394413 -0.0209215 0.918695 256.592 0.0247997 0.999134 0.0334004 2.30802 -0.918599 0.0359568 -0.393553 -25.687
-0.397819 -0.0200484 0.917245 258.921 0.024859 0.999158 0.0326204 2.37749 -0.917127 0.0357787 -0.396986 -26.7066
-0.402149 -0.0206053 0.915343 261.251 0.0245665 0.999144 0.0332849 2.41997 -0.915245 0.0358722 -0.401298 -27.7082
-0.406552 -0.0198717 0.913412 263.605 0.0229029 0.999227 0.0319326 2.50247 -0.91334 0.033902 -0.405783 -28.7048
-0.412289 -0.0191721 0.910852 265.918 0.0234168 0.999225 0.0316317 2.57204 -0.910752 0.0343706 -0.411521 -29.6883
-0.419002 -0.0184201 0.907799 268.226 0.023609 0.999235 0.0311724 2.63896 -0.907678 0.0344934 -0.418246 -30.6517
-0.421437 -0.0175169 0.906689 270.568 0.0240186 0.999247 0.0304692 2.71203 -0.906539 0.0346181 -0.420699 -31.7887
-0.423241 -0.0156601 0.905882 272.969 0.0254994 0.999248 0.0291879 2.78177 -0.905658 0.0354528 -0.422523 -33.0004
-0.426261 -0.0141753 0.904489 275.244 0.024198 0.99934 0.0270657 2.88861 -0.904276 0.0334238 -0.425637 -34.0622
-0.43269 -0.0103204 0.901484 277.467 0.0234096 0.999468 0.0226781 2.98946 -0.901239 0.0309159 -0.432218 -34.9511
-0.436512 -0.00753745 0.899667 279.766 0.0239743 0.999512 0.0200061 3.06095 -0.899379 0.0303017 -0.436118 -36.0467
-0.440103 -0.00692638 0.897921 282.179 0.0235293 0.999537 0.0192428 3.1528 -0.897639 0.0295962 -0.439737 -37.2307
-0.441291 -0.00568586 0.897346 284.311 0.0242536 0.999539 0.0182607 3.18317 -0.897036 0.0298221 -0.44095 -38.3013
-0.442116 -0.00541401 0.896941 286.532 0.0233608 0.999573 0.0175484 3.22995 -0.896653 0.0287116 -0.441801 -39.4638
-0.444734 -0.00296423 0.895658 288.733 0.0245388 0.999578 0.0154928 3.28333 -0.895326 0.0288685 -0.444474 -40.5406
-0.446704 -0.0025509 0.894678 290.995 0.0237179 0.99961 0.0146923 3.31332 -0.894367 0.0277829 -0.44647 -41.6624
-0.448338 -0.00275385 0.89386 293.269 0.0220459 0.999657 0.0141375 3.33937 -0.893592 0.0260443 -0.448124 -42.7874
-0.449941 -0.00229641 0.893056 295.684 0.0232175 0.999628 0.014268 3.37285 -0.892757 0.0271542 -0.44972 -44.1016
-0.449045 -0.00291618 0.893505 297.76 0.0241334 0.99959 0.0153911 3.38771 -0.893183 0.0284745 -0.44879 -45.0966
-0.448414 -0.00331103 0.89382 300.051 0.0248509 0.99956 0.01617 3.41101 -0.893481 0.029463 -0.448134 -46.2832
-0.448366 -0.00290129 0.893845 302.424 0.0256334 0.999541 0.0161025 3.4501 -0.893482 0.030132 -0.448086 -47.5765
-0.449478 -0.00454477 0.89328 304.653 0.0239235 0.999567 0.0171233 3.4897 -0.892971 0.0290669 -0.449174 -48.6086
-0.450588 -0.00375983 0.892724 306.881 0.0257142 0.999521 0.0171885 3.52922 -0.892361 0.0307005 -0.450276 -49.6433
-0.451772 -0.00513092 0.892119 309.252 0.024706 0.999527 0.0182599 3.5626 -0.891791 0.03029 -0.451432 -50.8458
-0.453228 -0.00613055 0.891374 311.566 0.0219163 0.999597 0.0180185 3.59504 -0.891125 0.027702 -0.452911 -51.9272
-0.455924 -0.00512284 0.890004 313.972 0.0195853 0.999683 0.0157872 3.62828 -0.889803 0.0246286 -0.45568 -53.122
-0.458995 -0.00687254 0.888412 316.33 0.0161116 0.999741 0.0160578 3.66531 -0.888293 0.0216841 -0.458766 -54.2755
-0.463742 -0.00934688 0.885921 318.682 0.0125574 0.999774 0.0171214 3.70428 -0.885881 0.0190647 -0.46352 -55.4408
-0.471712 -0.0106719 0.881688 321.367 0.00918502 0.999812 0.0170157 3.77783 -0.881705 0.0161247 -0.471525 -56.9351
-0.477443 -0.0111066 0.878592 323.43 0.01121 0.999761 0.01873 3.76748 -0.878591 0.0187914 -0.477205 -57.6402
-0.481491 -0.0127579 0.876358 325.802 0.0120563 0.999702 0.0211776 3.74186 -0.876368 0.0207624 -0.481194 -58.9008
-0.487252 -0.0129761 0.873165 328.245 0.0134393 0.999659 0.0223555 3.76872 -0.873158 0.0226274 -0.486912 -60.1997
-0.494829 -0.0114205 0.868915 330.525 0.0150329 0.999651 0.0216997 3.81036 -0.868861 0.0237999 -0.494484 -61.1579
-0.503273 -0.0139141 0.864015 333.083 0.0133935 0.999624 0.0238995 3.83753 -0.864023 0.0236001 -0.502898 -62.6083
-0.508453 -0.0146432 0.860965 335.397 0.0138388 0.999587 0.0251736 3.88828 -0.860979 0.0247142 -0.50804 -63.814
-0.513892 -0.0167216 0.857692 337.757 0.0115249 0.999584 0.0263933 3.93075 -0.857777 0.023448 -0.513486 -65.0988
-0.519035 -0.0172452 0.854579 340.158 0.0105286 0.999591 0.0265662 3.97649 -0.854688 0.0227862 -0.518641 -66.5059
-0.528376 -0.0190552 0.848797 342.443 0.00894772 0.999567 0.0280099 4.01334 -0.848964 0.0223945 -0.527976 -67.5482
-0.536071 -0.0200551 0.843935 344.939 0.00873808 0.999532 0.0293032 4.06253 -0.844128 0.0230829 -0.535645 -69.0768
-0.541258 -0.0226644 0.840551 347.256 0.00580044 0.999512 0.0306857 4.1347 -0.840837 0.0214843 -0.540862 -70.4768
-0.547403 -0.024442 0.836512 349.56 0.00358673 0.999495 0.0315514 4.18374 -0.836861 0.0202716 -0.54704 -71.7931
-0.551865 -0.0270772 0.833494 351.878 0.0020176 0.999426 0.0338037 4.23172 -0.833931 0.0203366 -0.551494 -73.2342
-0.556213 -0.0294285 0.830518 354.179 0.000290842 0.999365 0.0356062 4.28815 -0.83104 0.0200461 -0.555852 -74.622
-0.562601 -0.0319891 0.826109 356.552 -0.00432581 0.999351 0.0357515 4.34943 -0.826717 0.0165402 -0.562374 -76.1019
-0.569499 -0.0337759 0.821298 358.851 -0.00868726 0.999346 0.0350743 4.40638 -0.821946 0.0128398 -0.56942 -77.4603
-0.575417 -0.0365703 0.817043 361.261 -0.0144042 0.999297 0.0345835 4.46819 -0.817734 0.00813093 -0.575539 -79.0669
-0.580782 -0.0398668 0.813082 363.633 -0.0179379 0.999183 0.0361787 4.54729 -0.813861 0.00642688 -0.581024 -80.7369
-0.589553 -0.0403902 0.806719 365.912 -0.0179967 0.999157 0.0368731 4.62871 -0.807529 0.0072203 -0.589784 -82.0637
-0.595828 -0.040158 0.802108 368.279 -0.0199087 0.99918 0.0352359 4.72958 -0.802865 0.00502547 -0.596139 -83.7941
-0.603334 -0.0393377 0.796518 370.521 -0.0221045 0.999223 0.0326055 4.83136 -0.797182 0.00206529 -0.603736 -85.3078
-0.61415 -0.0426648 0.788035 372.773 -0.0262583 0.999089 0.0336272 4.9205 -0.788752 -4.04532e-05 -0.614711 -86.6694
-0.613566 -0.0443747 0.788396 374.92 -0.0283421 0.999013 0.0341721 4.99272 -0.789135 -0.00137811 -0.614218 -88.4488
-0.61533 -0.0445787 0.787008 377.144 -0.0295818 0.999001 0.033458 5.08269 -0.787714 -0.00269352 -0.616035 -90.2068
-0.621253 -0.0447759 0.782329 379.332 -0.0302233 0.998991 0.0331759 5.14378 -0.783027 -0.00303411 -0.621981 -91.8066
-0.626737 -0.0456619 0.777892 381.565 -0.0316117 0.998949 0.0331688 5.21856 -0.778589 -0.00380243 -0.627523 -93.4954
-0.631359 -0.0451501 0.774175 383.736 -0.0305646 0.998976 0.0333344 5.27324 -0.774888 -0.00261651 -0.632093 -95.1943
-0.635285 -0.0467104 0.770863 385.917 -0.0341659 0.998891 0.0323709 5.34085 -0.771521 -0.00577263 -0.636177 -96.9438
-0.636054 -0.0481695 0.770139 387.969 -0.0445386 0.998676 0.0256796 5.44312 -0.770358 -0.0179674 -0.637359 -98.6531
-0.639547 -0.0460565 0.767371 390.167 -0.0524714 0.99849 0.016197 5.49021 -0.766959 -0.0299065 -0.640998 -100.405
-0.640886 -0.035459 0.766817 392.267 -0.0433554 0.999009 0.00996074 5.5138 -0.766411 -0.0268621 -0.641789 -102.2
-0.642312 -0.0336335 0.765705 394.375 -0.0357401 0.999263 0.013912 5.52693 -0.76561 -0.0184307 -0.643041 -103.942
-0.644168 -0.042727 0.763689 396.47 -0.0371624 0.999007 0.0245464 5.55469 -0.76398 -0.0125686 -0.645117 -105.692
-0.647608 -0.0531789 0.760116 398.609 -0.0438863 0.998508 0.0324668 5.62178 -0.760709 -0.012333 -0.648976 -107.459
-0.64993 -0.0582346 0.75776 400.681 -0.048347 0.998208 0.0352461 5.68312 -0.758455 -0.013728 -0.651581 -109.21
-0.65374 -0.0596479 0.754365 402.826 -0.0507913 0.998098 0.0349038 5.75784 -0.755013 -0.0154973 -0.655527 -110.976
-0.656294 -0.0539443 0.752574 404.875 -0.0451294 0.998461 0.0322135 5.81601 -0.753154 -0.0128219 -0.657719 -112.741
-0.656126 -0.0477956 0.753136 406.946 -0.0408581 0.998777 0.0277894 5.87765 -0.753545 -0.0125385 -0.657277 -114.633
-0.660214 -0.0441335 0.74978 408.985 -0.038819 0.998942 0.0246179 5.91227 -0.750074 -0.0128527 -0.661229 -116.327
-0.662041 -0.043369 0.748212 411.029 -0.0389207 0.998966 0.0234655 5.96174 -0.748456 -0.0135859 -0.663045 -118.143
-0.664058 -0.042748 0.746458 413.073 -0.0375337 0.99901 0.0238208 6.0127 -0.746738 -0.0121991 -0.665006 -119.966
-0.667561 -0.0427753 0.743325 415.107 -0.0368362 0.999022 0.024408 6.05679 -0.743643 -0.0110876 -0.668485 -121.722
-0.668823 -0.0410659 0.742286 417.161 -0.0351772 0.999102 0.0235781 6.11006 -0.742588 -0.0103421 -0.669668 -123.591
-0.668962 -0.0399012 0.742224 419.189 -0.0342448 0.999151 0.0228487 6.15084 -0.742507 -0.0101326 -0.669762 -125.442
-0.669971 -0.0388236 0.741371 421.197 -0.0331492 0.999199 0.0223688 6.18457 -0.741646 -0.00958952 -0.670723 -127.259
-0.67133 -0.0394081 0.74011 423.241 -0.0317797 0.999197 0.0243772 6.21772 -0.740477 -0.00715546 -0.672044 -129.096
-0.672562 -0.0406771 0.738922 425.27 -0.0307023 0.999161 0.027058 6.25306 -0.739403 -0.00448856 -0.673248 -130.912
-0.67345 -0.0409781 0.738096 427.278 -0.0290628 0.999157 0.0289546 6.30182 -0.738661 -0.00195176 -0.674074 -132.747
-0.673152 -0.0381711 0.738518 429.192 -0.0263606 0.99927 0.0276209 6.32816 -0.739034 -0.000874818 -0.673668 -134.538
-0.674589 -0.0372641 0.737252 431.202 -0.028703 0.999293 0.0242455 6.36476 -0.737635 -0.0048057 -0.675182 -136.37
-0.676852 -0.0386014 0.735106 433.242 -0.0319946 0.999222 0.0230114 6.39858 -0.735423 -0.00794423 -0.677561 -138.174
-0.676484 -0.0379225 0.73548 435.261 -0.0303262 0.99926 0.0236299 6.44261 -0.735832 -0.00631921 -0.677135 -140.086
-0.679851 -0.0387836 0.732323 437.251 -0.0317096 0.99922 0.023481 6.45678 -0.732664 -0.00725823 -0.680552 -141.805
-0.680668 -0.0397423 0.731514 439.295 -0.0346603 0.999155 0.0220319 6.50787 -0.731772 -0.0103583 -0.681471 -143.714
-0.681695 -0.0392271 0.730584 441.254 -0.0350966 0.999164 0.0209 6.53896 -0.730793 -0.0113937 -0.682504 -145.508
-0.68283 -0.0391848 0.729525 443.211 -0.0331014 0.999193 0.0226867 6.56098 -0.729827 -0.00865726 -0.683577 -147.331
-0.6859 -0.039897 0.726601 445.261 -0.0308067 0.999192 0.0257837 6.60712 -0.727043 -0.00469933 -0.686575 -149.163
-0.685232 -0.0405487 0.727195 447.255 -0.0261585 0.999174 0.0310654 6.65159 -0.727854 0.00226457 -0.685728 -151.064
-0.689436 -0.0424674 0.7231 449.392 -0.0249772 0.999079 0.0348611 6.73763 -0.723915 0.00597335 -0.689863 -152.938
-0.688788 -0.044942 0.723569 451.34 -0.0304067 0.998988 0.0331037 6.79012 -0.724325 0.000799972 -0.689458 -154.771
-0.686655 -0.042535 0.725738 453.235 -0.0363408 0.999046 0.0241697 6.87847 -0.726074 -0.00977777 -0.687547 -156.622
-0.685989 -0.0442853 0.726263 455.142 -0.0424277 0.998881 0.0208339 6.92703 -0.726374 -0.016522 -0.687101 -158.367
-0.682853 -0.0452277 0.729154 457.136 -0.0461385 0.998758 0.0187419 6.97978 -0.729097 -0.0208443 -0.684093 -160.2
-0.680011 -0.0439964 0.731881 459.077 -0.04259 0.998882 0.0204754 6.98212 -0.731964 -0.0172474 -0.681125 -162.035
-0.673679 -0.046653 0.73755 461.116 -0.0452655 0.998735 0.0218286 7.00977 -0.737636 -0.0186802 -0.67494 -163.995
-0.672434 -0.0445 0.738818 463.079 -0.045305 0.998793 0.0189245 7.0276 -0.738769 -0.0207468 -0.673639 -165.753
-0.66798 -0.0485927 0.742591 465.053 -0.0502317 0.998533 0.020156 7.03547 -0.742481 -0.023838 -0.669442 -167.62
-0.667312 -0.0547541 0.742763 467.083 -0.0582567 0.998075 0.0212361 7.05263 -0.742497 -0.0291 -0.669217 -169.399
-0.666242 -0.057287 0.743533 469.076 -0.0642997 0.997744 0.0192576 7.08758 -0.742959 -0.0349789 -0.668423 -171.196
-0.664462 -0.0580695 0.745062 471.066 -0.0667972 0.9976 0.018181 7.10914 -0.74433 -0.0376876 -0.666747 -172.98
-0.663053 -0.0540603 0.746618 473.014 -0.0591968 0.998051 0.0196947 7.12301 -0.746228 -0.0311389 -0.664962 -174.772
-0.661283 -0.0550258 0.748115 475.055 -0.0577354 0.99808 0.0223772 7.15554 -0.747911 -0.0283952 -0.663192 -176.585
-0.656026 -0.0560618 0.752653 477.096 -0.0587543 0.998003 0.0231256 7.21256 -0.752447 -0.0290508 -0.658011 -178.501
-0.651953 -0.0546779 0.756286 478.992 -0.0583163 0.998057 0.0218863 7.22844 -0.756014 -0.029835 -0.653876 -180.268
-0.651263 -0.0540202 0.756927 480.98 -0.058989 0.998048 0.0204741 7.24155 -0.756555 -0.0313165 -0.653179 -181.996
-0.650943 -0.0517554 0.757361 482.969 -0.0563863 0.998213 0.0197511 7.24473 -0.757029 -0.029848 -0.652699 -183.725
-0.651423 -0.0540661 0.756786 485.105 -0.0562665 0.998153 0.022877 7.24221 -0.756625 -0.0276792 -0.653263 -185.487
-0.652107 -0.0552063 0.756115 487.098 -0.0528862 0.998227 0.0272724 7.21293 -0.75628 -0.0222036 -0.653871 -187.161
-0.651436 -0.0538325 0.756791 489.216 -0.0526863 0.99828 0.0256586 7.3149 -0.756872 -0.0231577 -0.653153 -188.979
-0.65098 -0.0500391 0.757444 491.336 -0.0506481 0.998464 0.0224325 7.42865 -0.757403 -0.0237602 -0.652516 -190.754
-0.649304 -0.0487446 0.758965 493.377 -0.0474709 0.998595 0.0235228 7.4548 -0.759045 -0.0207554 -0.650707 -192.559
-0.645313 -0.0491005 0.762339 495.494 -0.0495952 0.998519 0.0223304 7.52648 -0.762307 -0.0233984 -0.646793 -194.391
-0.64263 -0.0471262 0.764726 497.617 -0.049819 0.998563 0.0196717 7.57902 -0.764555 -0.0254564 -0.644055 -196.209
-0.639371 -0.0428132 0.767706 499.583 -0.0452355 0.998813 0.018028 7.58165 -0.767567 -0.0232011 -0.640549 -197.957
-0.630832 -0.0446062 0.774637 501.589 -0.0480835 0.998674 0.0183499 7.62593 -0.774428 -0.0256716 -0.632141 -199.743
-0.627121 -0.0422524 0.777775 503.5 -0.0445596 0.998837 0.0183331 7.65011 -0.777646 -0.0231605 -0.628276 -201.442
-0.626924 -0.0425531 0.777918 505.539 -0.0474893 0.998737 0.0163606 7.68981 -0.777631 -0.0266861 -0.628154 -202.987
-0.624914 -0.0397509 0.779681 507.646 -0.0449447 0.998877 0.0149032 7.73427 -0.779399 -0.0257295 -0.626 -204.741
-0.625695 -0.0377068 0.779156 509.77 -0.0442601 0.998937 0.0128003 7.76932 -0.778811 -0.0264766 -0.6267 -206.388
-0.624489 -0.0362784 0.780191 511.95 -0.043052 0.999 0.0119927 7.80871 -0.779846 -0.0260996 -0.625427 -208.178
-0.621641 -0.0371025 0.782423 514.034 -0.0426648 0.998998 0.013475 7.8281 -0.782139 -0.0250055 -0.622601 -209.871
-0.620625 -0.0365216 0.783257 516.034 -0.0409465 0.99906 0.0141395 7.83129 -0.783038 -0.0232965 -0.621538 -211.542
-0.629006 -0.034756 0.776623 518.117 -0.035312 0.999245 0.016119 7.79748 -0.776598 -0.0172853 -0.629759 -213.043
-0.62732 -0.0362054 0.77792 520.281 -0.0376725 0.999159 0.0161228 7.81054 -0.77785 -0.0191921 -0.628157 -214.784
-0.627948 -0.0364151 0.777403 522.504 -0.0395797 0.999105 0.0148295 7.83663 -0.777248 -0.0214574 -0.628828 -216.491
-0.63114 -0.0342913 0.774911 524.539 -0.0370333 0.999214 0.0140548 7.84414 -0.774784 -0.0198271 -0.631914 -218.067
-0.6299 -0.0319008 0.776021 526.618 -0.0341669 0.999326 0.0133471 7.87548 -0.775924 -0.018107 -0.630566 -219.822
-0.631867 -0.0338201 0.774339 528.781 -0.0375593 0.999209 0.0129929 7.87989 -0.774166 -0.020874 -0.632638 -221.466
-0.629262 -0.0311165 0.77657 530.733 -0.0351712 0.999314 0.0115421 7.88511 -0.776396 -0.02005 -0.629926 -223.154
-0.625588 -0.0307338 0.779549 532.86 -0.0328419 0.999374 0.013045 7.89426 -0.779462 -0.0174412 -0.626206 -224.983
-0.623189 -0.0298406 0.781502 534.957 -0.031166 0.999425 0.0133092 7.9178 -0.781449 -0.0160622 -0.623761 -226.707
-0.625473 -0.0323142 0.779577 537.132 -0.032413 0.999355 0.0154186 7.91509 -0.779572 -0.0156246 -0.626117 -228.327
-0.62573 -0.0306747 0.779436 539.244 -0.0305323 0.999423 0.014821 7.92739 -0.779442 -0.0145241 -0.626306 -230.016
-0.624907 -0.0270556 0.780231 541.26 -0.0244273 0.999587 0.0150977 7.92666 -0.780317 -0.00962442 -0.62531 -231.686
-0.624522 -0.024207 0.780632 543.398 -0.0220526 0.999667 0.0133566 7.99598 -0.780695 -0.00887359 -0.624848 -233.423
-0.622964 -0.0220215 0.78194 545.547 -0.0205257 0.999719 0.0118021 8.05469 -0.781981 -0.0086977 -0.623242 -235.162
-0.624028 -0.0207659 0.781126 547.644 -0.0182461 0.99976 0.0120018 8.05679 -0.781189 -0.00676325 -0.624258 -236.819
-0.623311 -0.020024 0.781718 549.756 -0.0186407 0.999767 0.0107461 8.07344 -0.781752 -0.00787372 -0.62354 -238.48
-0.617244 -0.0179424 0.786567 551.751 -0.0138271 0.999832 0.0119566 8.06651 -0.78665 -0.00349594 -0.617389 -240.247
-0.617618 -0.0183924 0.786263 553.864 -0.0125738 0.999829 0.0135113 8.07809 -0.786378 -0.00154164 -0.617744 -241.913
-0.616785 -0.017576 0.786936 555.983 -0.0115928 0.999844 0.0132451 8.10999 -0.787046 -0.000953506 -0.616893 -243.595
-0.617526 -0.0138491 0.786429 558.014 -0.00764361 0.999902 0.0116064 8.10657 -0.786513 0.00115598 -0.617572 -245.234
-0.620236 -0.0123807 0.784318 560.237 -0.00989904 0.999918 0.00795599 8.11572 -0.784353 -0.00282954 -0.620309 -246.891
-0.620546 -0.00933347 0.784114 562.376 -0.0122425 0.999922 0.00221364 8.20338 -0.784074 -0.00822599 -0.620612 -248.489
-0.621161 -0.00992751 0.78362 564.385 -0.00941169 0.999941 0.0052076 8.17232 -0.783626 -0.00414057 -0.621219 -250.098
-0.620475 -0.0107142 0.784153 566.555 -0.00868386 0.999938 0.00679129 8.16956 -0.784178 -0.00259579 -0.62053 -251.803
-0.615434 -0.00372956 0.78818 568.435 -0.00147203 0.999991 0.00358246 8.1781 -0.788187 0.00104441 -0.615435 -253.466
-0.616998 -0.00264933 0.78696 570.604 -0.00424431 0.99999 3.89032e-05 8.19097 -0.786953 -0.00331624 -0.617004 -255.094
-0.617024 -0.000390454 0.786944 572.73 -0.00188922 0.999997 -0.000985085 8.16472 -0.786941 -0.00209467 -0.617024 -256.793
-0.616548 0.000984389 0.787317 574.877 -0.000977349 0.999996 -0.00201562 8.16307 -0.787316 -0.00201235 -0.616545 -258.481
-0.611256 0.00103737 0.791432 577.032 -0.00306518 0.999988 -0.00367805 8.1922 -0.791427 -0.00467425 -0.611246 -260.258
-0.612346 0.000976679 0.79059 579.162 -0.000583314 0.999997 -0.00168713 8.12082 -0.79059 -0.00149441 -0.612344 -261.865
-0.613644 0.00126725 0.789582 581.38 -0.00304302 0.999987 -0.00396984 8.14408 -0.789577 -0.00483892 -0.613632 -263.536
-0.611237 0.00266776 0.791443 583.451 -0.000864348 0.999991 -0.00403822 8.09746 -0.791447 -0.00315253 -0.61123 -265.184
-0.60668 0.00262854 0.794942 585.644 -0.000858225 0.999991 -0.00396148 8.077 -0.794946 -0.00308573 -0.606672 -266.926
-0.605687 0.00387194 0.795694 587.636 0.00412178 0.999989 -0.0017285 7.99542 -0.795692 0.00223261 -0.605697 -268.499
-0.60365 0.00491805 0.797234 589.713 0.00708428 0.999974 -0.000804599 7.94711 -0.797217 0.005162 -0.60367 -270.153
-0.603169 0.00519341 0.797597 591.99 0.00539543 0.999982 -0.00243095 7.92766 -0.797595 0.00283697 -0.603186 -271.837
-0.608505 0.00627374 0.793525 594.209 0.00569941 0.999977 -0.00353541 7.8925 -0.793529 0.00237117 -0.608527 -273.343
-0.59985 0.00896969 0.800063 596.305 0.0098071 0.999943 -0.00385765 7.85105 -0.800052 0.00553214 -0.599904 -275.147
-0.601357 0.00615017 0.798957 598.57 0.00780948 0.999967 -0.00181943 7.79486 -0.798942 0.00514517 -0.601386 -276.74
-0.600914 0.00663268 0.799286 600.691 0.00896988 0.999958 -0.00155418 7.7685 -0.799263 0.00623544 -0.600949 -278.305
-0.596422 0.0146043 0.802539 602.696 0.0167432 0.999842 -0.00575169 7.69714 -0.802496 0.0100065 -0.596573 -279.786
-0.602719 0.0125069 0.797855 604.907 0.0133339 0.999894 -0.00560125 7.65217 -0.797841 0.00726241 -0.602823 -281.231
-0.604072 0.0116263 0.796845 607.082 0.0126039 0.999907 -0.00503422 7.59463 -0.796829 0.00700222 -0.604163 -282.827
-0.60366 0.0108716 0.797168 609.232 0.0128182 0.999909 -0.00392989 7.5362 -0.797138 0.00784579 -0.603745 -284.431
-0.601285 0.00942448 0.798979 611.453 0.0108973 0.999933 -0.00359384 7.4993 -0.79896 0.00654567 -0.601349 -286.113
-0.600804 0.00948395 0.79934 613.582 0.0112414 0.99993 -0.00341456 7.47176 -0.799317 0.00693404 -0.60087 -287.734
-0.601769 0.0110974 0.798594 615.654 0.0120996 0.999914 -0.00477746 7.44374 -0.798578 0.0067876 -0.601852 -289.275
-0.602068 0.0144867 0.798314 617.71 0.0155703 0.999857 -0.00640122 7.40055 -0.798293 0.00857592 -0.602208 -290.858
-0.601115 0.0159447 0.799004 619.908 0.0153488 0.999846 -0.00840523 7.38731 -0.799015 0.00721107 -0.601268 -292.527
-0.600202 0.0155801 0.799697 622.128 0.0158509 0.999845 -0.00758273 7.35281 -0.799691 0.00812457 -0.600357 -294.184
-0.599181 0.0156964 0.80046 624.208 0.0168029 0.999833 -0.00702815 7.31083 -0.800437 0.00923875 -0.599346 -295.808
-0.598751 0.017873 0.800736 626.291 0.0173433 0.999805 -0.00934788 7.26626 -0.800747 0.0082902 -0.598945 -297.378
-0.597588 0.02151 0.801515 628.434 0.0197014 0.999731 -0.0121406 7.22601 -0.801561 0.00853574 -0.597852 -299.031
-0.60152 0.0225523 0.798539 630.614 0.0192322 0.999719 -0.0137468 7.15438 -0.798626 0.00708854 -0.601786 -300.534
-0.603269 0.0228276 0.797212 632.801 0.0201101 0.999707 -0.013408 7.08337 -0.797284 0.00794323 -0.603551 -302.144
-0.604005 0.0222421 0.79667 634.98 0.0210048 0.999706 -0.0119856 7.01182 -0.796704 0.00949433 -0.604295 -303.768
-0.607093 0.0210639 0.794351 637.234 0.0188893 0.999748 -0.0120739 6.97386 -0.794406 0.00767465 -0.607339 -305.33
-0.602772 0.0260822 0.797487 639.231 0.0248292 0.999594 -0.0139253 6.95209 -0.797526 0.011407 -0.603176 -307.031
-0.601746 0.0285085 0.798179 641.359 0.0265324 0.999524 -0.0156972 6.90806 -0.798247 0.0117318 -0.602216 -308.671
-0.602631 0.0284223 0.797514 643.591 0.0247873 0.999549 -0.0168924 6.84184 -0.797635 0.00958818 -0.603064 -310.266
-0.60086 0.0300621 0.798789 645.646 0.0276539 0.999475 -0.0168132 6.77392 -0.798876 0.0119872 -0.601376 -311.888
-0.600599 0.0319207 0.798913 647.777 0.0298223 0.999401 -0.0175116 6.71065 -0.798994 0.0133078 -0.601192 -313.494
-0.600479 0.034224 0.798908 649.855 0.0324658 0.999302 -0.0184065 6.64647 -0.798981 0.0148843 -0.601171 -315.089
-0.605892 0.0353974 0.794759 652.059 0.0304519 0.999308 -0.0212924 6.59777 -0.794964 0.0113009 -0.606552 -316.58
-0.600474 0.0388323 0.798701 654.245 0.0319617 0.999186 -0.0245505 6.54015 -0.799005 0.0107857 -0.601227 -318.378
-0.604082 0.0390935 0.795963 656.457 0.0307021 0.999195 -0.0257743 6.45692 -0.79633 0.00886782 -0.604797 -319.92
-0.604059 0.0393453 0.795968 658.64 0.0283635 0.999208 -0.0278665 6.41012 -0.796434 0.00574321 -0.604697 -321.539
-0.604424 0.0406324 0.795626 660.707 0.0315282 0.999135 -0.027074 6.29615 -0.796038 0.00872039 -0.605183 -323.098
-0.600681 0.0418541 0.798393 662.817 0.0313318 0.999093 -0.0288024 6.1932 -0.798875 0.00771392 -0.601448 -324.809
-0.602482 0.0430869 0.796969 665.054 0.0323112 0.999039 -0.0295853 6.08601 -0.797478 0.00792624 -0.603296 -326.421
-0.604152 0.0432953 0.795693 667.17 0.0336176 0.999018 -0.0288334 5.96927 -0.79616 0.00932942 -0.605014 -327.965
