1 0 0 0 0 1 0 0 0 0 1 0
0.999998 0.000622452 -0.00179124 0.0173871 -0.000617319 0.999996 0.00286447 -0.0451781 0.00179302 -0.00286335 0.999994 1.6552
0.999995 0.000706647 -0.00321637 0.00514056 -0.000695638 0.999994 0.00342261 -0.0588077 0.00321877 -0.00342035 0.999989 3.26098
0.999986 0.00233595 -0.00467475 0.00092924 -0.00232329 0.999994 0.00271267 -0.0717468 0.00468106 -0.00270177 0.999985 4.8447
0.999978 0.00183081 -0.00633916 -0.0104432 -0.00181553 0.999995 0.00241462 -0.0857725 0.00634356 -0.00240306 0.999977 6.41752
0.99997 0.00375484 -0.00681299 -0.0467346 -0.00374404 0.999992 0.00159639 -0.0896058 0.00681892 -0.00157083 0.999976 7.98343
0.999924 0.00226356 -0.0121111 0.0317559 -0.00225028 0.999997 0.00110983 -0.0988569 0.0121136 -0.00108249 0.999926 9.57244
0.999917 0.00112947 -0.0128799 -0.00434342 -0.00112863 0.999999 7.24831e-05 -0.121851 0.0128799 -5.794e-05 0.999917 11.122
0.999924 -0.000892314 -0.0122745 -0.0747909 0.000898417 0.999999 0.000491831 -0.142815 0.0122741 -0.000502821 0.999924 12.6663
0.99993 -0.000712731 -0.0117895 -0.128042 0.000713982 0.999999 0.000101981 -0.156151 0.0117894 -0.000110391 0.99993 14.1594
0.999937 -0.000175596 -0.0112806 -0.184882 0.000177379 1 0.000157198 -0.177665 0.0112806 -0.000159188 0.999936 15.7291
0.999941 0.000613091 -0.0108916 -0.238304 -0.000602731 0.999999 0.000954487 -0.198972 0.0108922 -0.000947865 0.99994 17.3147
0.999945 0.00260615 -0.0102189 -0.290188 -0.00259101 0.999995 0.00149472 -0.211308 0.0102228 -0.00146816 0.999947 18.8944
0.999932 0.0034209 -0.0111331 -0.303251 -0.00339865 0.999992 0.00201613 -0.216408 0.0111399 -0.00197816 0.999936 20.4384
0.999925 0.00364168 -0.0116676 -0.316791 -0.00362055 0.999991 0.00183186 -0.229553 0.0116742 -0.00178948 0.99993 21.9722
0.999918 0.00445824 -0.0120077 -0.332194 -0.00443854 0.999988 0.00166676 -0.237808 0.012015 -0.00161332 0.999927 23.5144
0.999913 0.00551429 -0.0119748 -0.352784 -0.00549375 0.999983 0.0017475 -0.246606 0.0119842 -0.00168156 0.999927 25.0433
0.999929 0.0062983 -0.0100923 -0.400343 -0.00626649 0.999975 0.00318034 -0.270169 0.0101121 -0.00311687 0.999944 26.5201
0.999938 0.00599403 -0.00936943 -0.426019 -0.00598095 0.999981 0.00142348 -0.279058 0.00937778 -0.00136736 0.999955 28.0289
0.999938 0.00759851 -0.00810828 -0.471506 -0.00760758 0.99997 -0.00108808 -0.283797 0.00809977 0.0011497 0.999967 29.5572
0.999943 0.00693576 -0.00808374 -0.492577 -0.00694408 0.999975 -0.00100158 -0.312701 0.0080766 0.00105766 0.999967 31.0057
0.999938 0.00563245 -0.00965428 -0.475881 -0.00561227 0.999982 0.00211542 -0.341329 0.00966601 -0.00206111 0.999951 32.4902
0.999942 0.00485289 -0.00968464 -0.490559 -0.00481937 0.999982 0.00348167 -0.363863 0.00970137 -0.00343479 0.999947 33.9072
0.999947 0.00484031 -0.00909269 -0.517441 -0.00481916 0.999985 0.00234539 -0.37956 0.00910391 -0.00230145 0.999956 35.3353
0.99995 0.00430398 -0.00908231 -0.522321 -0.00429665 0.99999 0.000826654 -0.401769 0.00908578 -0.000787589 0.999958 36.7894
0.99995 0.00576752 -0.00816085 -0.553237 -0.0057671 0.999983 7.4179e-05 -0.419966 0.00816114 -2.71103e-05 0.999967 38.2225
0.999951 0.0069687 -0.00704529 -0.575531 -0.00697476 0.999975 -0.000836613 -0.438498 0.00703929 0.000885712 0.999975 39.6556
0.999949 0.00844568 -0.00567402 -0.599541 -0.00844405 0.999964 0.000311359 -0.462783 0.00567645 -0.000263431 0.999984 41.0252
0.999953 0.00834705 -0.00492573 -0.60526 -0.00833783 0.999963 0.00188834 -0.480381 0.00494131 -0.00184719 0.999986 42.3694
0.999961 0.00795222 -0.0037645 -0.609586 -0.00794184 0.999964 0.00276344 -0.498144 0.00378634 -0.00273343 0.999989 43.707
0.99996 0.00852932 -0.00262367 -0.59141 -0.00852059 0.999958 0.00331807 -0.512528 0.00265186 -0.00329558 0.999991 45.1015
0.999961 0.00880782 0.000638256 -0.592781 -0.00880938 0.999958 0.00249186 -0.532866 -0.000616281 -0.00249739 0.999997 46.4109
0.999957 0.00850804 0.00374538 -0.58666 -0.00851128 0.999963 0.000851206 -0.553223 -0.003738 -0.000883047 0.999993 47.7667
0.999937 0.00852806 0.00736197 -0.592117 -0.00852121 0.999963 -0.000961251 -0.574746 -0.0073699 0.000898458 0.999972 49.051
0.999879 0.00938569 0.0124494 -0.601926 -0.00937873 0.999955 -0.000617303 -0.591517 -0.0124546 0.000500469 0.999922 50.3233
0.9998 0.00930549 0.0176968 -0.58252 -0.00929315 0.999956 -0.000779367 -0.613377 -0.0177033 0.000614753 0.999843 51.5778
0.999648 0.0108901 0.0242239 -0.562549 -0.010838 0.999938 -0.0022812 -0.624872 -0.0242473 0.00201786 0.999704 52.8351
0.999426 0.0121175 0.0316537 -0.529218 -0.0120466 0.999924 -0.00243123 -0.642666 -0.0316808 0.00204852 0.999496 54.0663
0.999128 0.0131642 0.0396314 -0.484441 -0.0131035 0.999912 -0.00179162 -0.659113 -0.0396515 0.00127075 0.999213 55.2873
0.998617 0.0153929 0.0502873 -0.43158 -0.0153316 0.999881 -0.00160524 -0.673802 -0.050306 0.000832035 0.998733 56.5066
0.997825 0.0185971 0.0632406 -0.366455 -0.0185093 0.999826 -0.00197489 -0.689739 -0.0632663 0.000800061 0.997996 57.6988
0.996709 0.0210281 0.0782957 -0.296332 -0.0209359 0.999779 -0.00199792 -0.707145 -0.0783203 0.000352156 0.996928 58.8456
0.995291 0.0229172 0.0941836 -0.188187 -0.0229406 0.999736 -0.000833769 -0.723311 -0.0941779 -0.00133079 0.995555 60.025
0.993461 0.0229967 0.111836 -0.0672535 -0.0231272 0.999732 -0.000130255 -0.744873 -0.111809 -0.00245706 0.993727 61.1576
0.991173 0.0226351 0.130632 0.0819537 -0.0226629 0.999742 -0.00127389 -0.759294 -0.130627 -0.00169786 0.99143 62.3177
0.98833 0.0217337 0.150769 0.239159 -0.0216255 0.999763 -0.00235739 -0.781804 -0.150785 -0.000930584 0.988566 63.3872
0.984969 0.0188983 0.171695 0.416859 -0.0187265 0.999821 -0.00262052 -0.80455 -0.171713 -0.000634102 0.985147 64.4607
0.980937 0.0139555 0.193824 0.614133 -0.0140869 0.9999 -0.000700083 -0.829316 -0.193815 -0.00204365 0.981036 65.5174
0.976166 0.0084801 0.21686 0.852192 -0.0088008 0.999961 0.000513096 -0.849569 -0.216847 -0.00240941 0.976203 66.5824
0.970659 0.0035545 0.240437 1.1159 -0.00363773 0.999993 -9.77088e-05 -0.869394 -0.240436 -0.000779801 0.970665 67.6396
0.964149 -0.0016269 0.265358 1.40541 0.00220586 0.999995 -0.00188384 -0.885501 -0.265354 0.00240165 0.964148 68.6975
0.956536 -0.00505832 0.291573 1.70784 0.00567496 0.999983 -0.00126927 -0.905395 -0.291561 0.00286877 0.956548 69.6895
0.947717 -0.0074174 0.319026 2.03969 0.00762636 0.99997 0.000594102 -0.914498 -0.319021 0.00186997 0.947746 70.7057
0.937785 -0.0116677 0.347021 2.38454 0.0112097 0.999931 0.00332697 -0.932192 -0.347036 0.000770038 0.937851 71.6415
0.926817 -0.0145455 0.375233 2.76467 0.0146102 0.999889 0.0026729 -0.944902 -0.37523 0.00300494 0.926927 72.5719
0.914687 -0.0137809 0.403929 3.1742 0.0156574 0.999876 -0.00134294 -0.959239 -0.403861 0.00755286 0.914789 73.489
0.901679 -0.0151644 0.432141 3.61562 0.0201833 0.999771 -0.00702997 -0.973566 -0.431935 0.0150608 0.901779 74.3809
0.887512 -0.0170672 0.460469 4.07608 0.0241902 0.999661 -0.00957205 -0.993624 -0.46015 0.0196341 0.887624 75.2447
0.87177 -0.0175986 0.4896 4.56885 0.0239345 0.999691 -0.00668342 -1.00787 -0.489331 0.0175447 0.871921 76.1106
0.85427 -0.0170143 0.519552 5.09392 0.020898 0.99978 -0.00162064 -1.01956 -0.51941 0.0122421 0.854437 76.9525
0.834255 -0.0177558 0.551094 5.58748 0.0198317 0.9998 0.00219112 -1.0513 -0.551022 0.00910118 0.834441 77.7231
0.812611 -0.0115208 0.582694 6.1393 0.0161829 0.999865 -0.0027994 -1.06643 -0.582582 0.0117045 0.812687 78.528
0.790217 -0.0045763 0.61281 6.72496 0.01362 0.999856 -0.0100963 -1.07932 -0.612676 0.0163247 0.790166 79.309
0.767402 -0.00230578 0.641163 7.33113 0.0132901 0.999835 -0.0123112 -1.096 -0.641029 0.0179688 0.767306 80.0494
0.744124 -0.00501922 0.668024 7.9638 0.0150143 0.999844 -0.00921235 -1.11867 -0.667873 0.016885 0.744083 80.7341
0.719767 -0.00565298 0.694194 8.60463 0.0159221 0.999838 -0.00836673 -1.15153 -0.694034 0.0170751 0.71974 81.3618
0.694186 -0.00396549 0.719786 9.28008 0.0169527 0.999797 -0.0108416 -1.18298 -0.719596 0.0197284 0.694112 82.0162
0.667813 -0.00194199 0.744327 9.9895 0.0175967 0.999758 -0.0131794 -1.20604 -0.744121 0.0218991 0.667685 82.6489
0.641177 0.000316672 0.767393 10.7002 0.016535 0.999761 -0.014228 -1.22538 -0.767215 0.0218115 0.641019 83.2097
0.613772 0.0016807 0.789482 11.4649 0.0171572 0.999732 -0.015467 -1.24589 -0.789297 0.0230385 0.613579 83.771
0.58536 0.00817697 0.810733 12.2381 0.0162125 0.99963 -0.0217878 -1.27102 -0.810611 0.0258977 0.585011 84.3087
0.556399 0.0168913 0.830744 13.0004 0.0160086 0.999389 -0.0310423 -1.30428 -0.830761 0.0305709 0.555789 84.7675
0.526796 0.0250335 0.849623 13.8307 0.0159863 0.999097 -0.0393497 -1.32995 -0.849841 0.0343116 0.52592 85.2408
0.495499 0.0299868 0.868091 14.6466 0.0138903 0.999002 -0.0424373 -1.36761 -0.868498 0.0330857 0.494587 85.6933
0.46363 0.0296113 0.885534 15.495 0.012859 0.999111 -0.0401416 -1.404 -0.885936 0.0299979 0.462837 86.122
0.431105 0.028536 0.901851 16.3811 0.00888416 0.999316 -0.0358668 -1.43993 -0.902258 0.0234745 0.430557 86.538
0.398074 0.0303213 0.916852 17.2402 0.00515941 0.999363 -0.0352901 -1.4712 -0.917339 0.0187785 0.397664 86.867
0.364421 0.0335742 0.930629 18.1272 -0.00126156 0.999366 -0.03556 -1.50155 -0.931233 0.0117848 0.364232 87.1705
0.33018 0.0358267 0.943238 19.0829 -0.00547645 0.999334 -0.0360403 -1.53268 -0.943902 0.00673418 0.330156 87.4762
0.296764 0.0356253 0.954286 19.984 -0.0074632 0.999359 -0.034987 -1.56582 -0.954921 0.00326088 0.29684 87.6768
0.262413 0.0352686 0.964311 20.9281 -0.00728881 0.999375 -0.0345675 -1.60299 -0.964928 0.00204226 0.262506 87.8887
0.227527 0.0350109 0.973142 21.8807 -0.00611549 0.999384 -0.0345252 -1.63962 -0.973752 0.00190417 0.227601 88.0876
0.193117 0.0338101 0.980593 22.8195 -0.00348336 0.999422 -0.0337733 -1.68011 -0.981169 0.00310645 0.193123 88.2476
0.15954 0.0327156 0.98665 23.7783 0.0057674 0.999402 -0.0340711 -1.72305 -0.987174 0.0111261 0.159256 88.3669
0.126943 0.0360539 0.991255 24.7429 0.0088311 0.999258 -0.037476 -1.76801 -0.991871 0.0135112 0.12653 88.453
0.0954925 0.0406877 0.994599 25.7545 0.0108271 0.999062 -0.0419099 -1.81406 -0.995371 0.0147707 0.0949624 88.5285
0.0669776 0.0443726 0.996768 26.7252 0.0186102 0.99878 -0.0457127 -1.86684 -0.997581 0.0216118 0.0660702 88.5712
0.0421052 0.0426821 0.998201 27.6741 0.0213675 0.998819 -0.0436098 -1.91749 -0.998884 0.0231652 0.0411435 88.5903
0.0199619 0.0392888 0.999029 28.714 0.0236021 0.99893 -0.0397566 -1.96825 -0.999522 0.0243728 0.0190133 88.608
0.000698607 0.0371446 0.99931 29.7344 0.0238289 0.999024 -0.0371506 -2.01314 -0.999716 0.0238384 -0.000187157 88.6132
-0.0156394 0.0401176 0.999073 30.7633 0.026296 0.998865 -0.0396976 -2.06452 -0.999532 0.0256507 -0.0166766 88.5903
-0.0306606 0.0444844 0.99854 31.7693 0.0294775 0.998614 -0.0435826 -2.11163 -0.999095 0.0280982 -0.0319293 88.5561
-0.0425829 0.0495741 0.997863 32.7836 0.0342703 0.998252 -0.048131 -2.16505 -0.998505 0.0321475 -0.0442073 88.5101
-0.0514812 0.0529826 0.997268 33.8343 0.0396678 0.997911 -0.050969 -2.21942 -0.997886 0.0369355 -0.0534753 88.4482
-0.0581911 0.0587067 0.996578 34.8204 0.0438474 0.997455 -0.0561981 -2.27941 -0.997342 0.0404271 -0.0606172 88.3931
-0.0622319 0.0635551 0.996036 35.8458 0.0460567 0.997089 -0.0607447 -2.34266 -0.996998 0.0420939 -0.0649779 88.3319
-0.0655555 0.068109 0.995522 36.8457 0.0478666 0.996733 -0.0650398 -2.40575 -0.9967 0.0433886 -0.0686015 88.2637
-0.0687889 0.0710115 0.995101 37.8641 0.0480621 0.99654 -0.0677918 -2.47894 -0.996473 0.0431634 -0.0719639 88.1995
-0.0719015 0.074804 0.994603 38.8376 0.0491884 0.996235 -0.0713709 -2.55087 -0.996198 0.0437913 -0.0753103 88.1227
-0.0746906 0.0783668 0.994123 39.8788 0.0510069 0.995901 -0.0746747 -2.63276 -0.995901 0.0451297 -0.0783817 88.0659
-0.0782193 0.0801662 0.993708 40.8955 0.0533385 0.995669 -0.076126 -2.71163 -0.995508 0.0470484 -0.0821565 88.0027
-0.0814415 0.0786622 0.993569 41.9176 0.0532577 0.995799 -0.0744733 -2.80419 -0.995254 0.0468501 -0.0852887 87.9347
-0.0841361 0.0791771 0.993304 42.9904 0.0526808 0.995797 -0.0749135 -2.87256 -0.99506 0.0460251 -0.0879535 87.8524
-0.0858765 0.0819896 0.992927 44.0338 0.0526955 0.995586 -0.0776517 -2.93167 -0.994911 0.0456543 -0.0898179 87.7453
-0.088194 0.0847108 0.992495 45.1168 0.0511602 0.995446 -0.0804166 -3.01066 -0.994788 0.0436841 -0.0921263 87.6454
-0.0908471 0.0876718 0.991999 46.1695 0.0497576 0.995272 -0.0834043 -3.09454 -0.994621 0.0417824 -0.0947799 87.5444
-0.0930193 0.0914594 0.991455 47.2109 0.047206 0.995056 -0.0873627 -3.18655 -0.994544 0.0386763 -0.0968769 87.4402
-0.0962776 0.0952159 0.99079 48.2849 0.0439349 0.994849 -0.0913367 -3.29443 -0.994384 0.0347367 -0.099965 87.3588
-0.0984624 0.0980488 0.990299 49.3944 0.0413594 0.994677 -0.09437 -3.39123 -0.99428 0.0316663 -0.101994 87.2352
-0.100956 0.0969462 0.990157 50.4901 0.0388968 0.994864 -0.0934412 -3.48864 -0.99413 0.0290806 -0.104208 87.1122
-0.103902 0.092999 0.99023 51.6035 0.035377 0.995333 -0.0897662 -3.58884 -0.993958 0.0257045 -0.106707 86.9929
-0.10696 0.0916937 0.990026 52.6774 0.0349549 0.995468 -0.0884213 -3.68513 -0.993648 0.0251488 -0.109681 86.8918
-0.109359 0.092441 0.989695 53.7745 0.0335229 0.995442 -0.0892736 -3.78226 -0.993436 0.0234147 -0.111959 86.7789
-0.110363 0.0955614 0.989287 54.8955 0.0346547 0.995131 -0.0922599 -3.87904 -0.993287 0.0241014 -0.113137 86.6463
-0.110768 0.0985496 0.988948 55.9997 0.035477 0.994828 -0.0951619 -3.98287 -0.993212 0.024544 -0.113692 86.5179
-0.111125 0.0995423 0.988809 57.1121 0.0338302 0.994772 -0.0963408 -4.08912 -0.99323 0.0227458 -0.113912 86.39
-0.11119 0.0986056 0.988896 58.2419 0.0308564 0.994927 -0.0957377 -4.19682 -0.99332 0.0198688 -0.113668 86.2704
-0.111247 0.0981764 0.988932 59.3359 0.0267977 0.995042 -0.0957684 -4.30908 -0.993431 0.0158471 -0.113326 86.1374
-0.11091 0.0994864 0.988839 60.4859 0.0228354 0.994968 -0.0975419 -4.41998 -0.993568 0.0117622 -0.112624 85.9939
-0.111366 0.0996414 0.988772 61.5919 0.0186172 0.994994 -0.0981716 -4.53631 -0.993605 0.00747524 -0.112663 85.874
-0.111385 0.099105 0.988824 62.7196 0.0151556 0.995068 -0.0980236 -4.65203 -0.993661 0.00406781 -0.112338 85.7361
-0.111828 0.0940501 0.989267 63.8475 0.0154256 0.995554 -0.0929041 -4.76398 -0.993607 0.0048708 -0.112781 85.6091
-0.112779 0.0855087 0.989934 64.9585 0.0185176 0.996297 -0.0839486 -4.87108 -0.993447 0.00886356 -0.113945 85.4924
-0.112622 0.079955 0.990416 66.0907 0.023752 0.996688 -0.0777605 -4.97523 -0.993354 0.0147669 -0.114148 85.354
-0.112099 0.0819884 0.990309 67.1887 0.0319496 0.996371 -0.0788737 -5.07633 -0.993183 0.0227983 -0.114312 85.2193
-0.110813 0.0874223 0.989989 68.3376 0.0376471 0.995777 -0.0837194 -5.17491 -0.993128 0.027993 -0.113636 85.0714
-0.109773 0.0930126 0.989595 69.4856 0.0408849 0.995191 -0.0890033 -5.28034 -0.993115 0.0306893 -0.113048 84.9254
-0.109236 0.0971501 0.989257 70.6164 0.0414398 0.994791 -0.0931177 -5.39168 -0.993151 0.0308229 -0.112693 84.7912
-0.109269 0.0943889 0.989521 71.7654 0.0379111 0.995152 -0.0907397 -5.49911 -0.993289 0.0275989 -0.112317 84.6583
-0.109516 0.0904318 0.989863 72.8646 0.0366703 0.995541 -0.0868934 -5.60682 -0.993308 0.0267824 -0.112344 84.5497
-0.108669 0.0881488 0.990162 74.0659 0.0337893 0.995812 -0.0849434 -5.71302 -0.993503 0.0242262 -0.111192 84.3927
-0.108651 0.0885813 0.990126 75.214 0.0315622 0.995826 -0.0856278 -5.82047 -0.993578 0.0219471 -0.110993 84.2692
-0.108771 0.093527 0.989657 76.3805 0.0316571 0.995384 -0.0905888 -5.92826 -0.993562 0.0214763 -0.11123 84.138
-0.109131 0.0962285 0.989359 77.541 0.030362 0.99516 -0.0934437 -6.03631 -0.993563 0.0198414 -0.111524 84.0259
-0.108729 0.0952816 0.989495 78.7427 0.0299872 0.995256 -0.0925413 -6.1426 -0.993619 0.0196103 -0.11107 83.8847
-0.109474 0.0888602 0.99001 79.9005 0.0305567 0.995825 -0.0860032 -6.25284 -0.99352 0.0208364 -0.111733 83.7837
-0.109558 0.087362 0.990134 81.0769 0.0298179 0.995969 -0.0845775 -6.36333 -0.993533 0.0202576 -0.111721 83.6482
-0.109408 0.0900645 0.989908 82.2548 0.0269389 0.995788 -0.0876221 -6.47623 -0.993631 0.0170805 -0.111374 83.511
-0.109012 0.0928633 0.989694 83.4597 0.0263914 0.995545 -0.0905054 -6.59009 -0.99369 0.0162532 -0.110978 83.3679
-0.109704 0.0921735 0.989682 84.6691 0.025895 0.995617 -0.0898559 -6.70445 -0.993627 0.0157703 -0.11161 83.2458
-0.109416 0.0886461 0.990036 85.8652 0.025441 0.995938 -0.0863629 -6.81982 -0.99367 0.0157381 -0.111227 83.1076
-0.109188 0.0875742 0.990156 87.066 0.0262975 0.996016 -0.0851926 -6.93146 -0.993673 0.0167367 -0.111056 82.9826
-0.107923 0.0882138 0.990238 88.3 0.0280282 0.995928 -0.085666 -7.04147 -0.993764 0.0185093 -0.109956 82.8416
-0.106971 0.0886798 0.9903 89.5213 0.0302583 0.995842 -0.0859077 -7.14957 -0.993801 0.0207752 -0.109209 82.7069
-0.106301 0.0882802 0.990408 90.7251 0.0297063 0.995887 -0.0855802 -7.26133 -0.99389 0.0203242 -0.108487 82.5792
-0.105576 0.0891102 0.990411 91.9381 0.0310534 0.995785 -0.0862836 -7.3731 -0.993926 0.0216462 -0.107898 82.449
-0.103973 0.0870613 0.990763 93.1504 0.0308525 0.995963 -0.0842806 -7.49084 -0.994101 0.0218047 -0.10624 82.296
-0.103657 0.0861378 0.990876 94.4 0.0293099 0.996073 -0.0835235 -7.60205 -0.994181 0.0203847 -0.105775 82.1797
-0.10204 0.0853946 0.991108 95.5937 0.0301852 0.996114 -0.0827182 -7.71424 -0.994322 0.0214762 -0.104222 82.0425
-0.101263 0.0862051 0.991118 96.8522 0.028361 0.996083 -0.0837393 -7.82432 -0.994455 0.0196295 -0.103311 81.9257
-0.100178 0.088806 0.990999 98.0878 0.0288467 0.995848 -0.0863245 -7.93659 -0.994551 0.0199393 -0.102324 81.8038
-0.0993973 0.0877523 0.991171 99.3396 0.0264522 0.995983 -0.0855256 -8.04916 -0.994696 0.0177177 -0.101319 81.6865
-0.10171 0.0875498 0.990954 100.603 0.0214349 0.99608 -0.0858026 -8.14784 -0.994583 0.012514 -0.103188 81.6173
-0.101904 0.0881244 0.990884 101.848 0.0186698 0.996061 -0.0866649 -8.27265 -0.994619 0.00966811 -0.103148 81.4912
-0.101425 0.0885499 0.990895 103.11 0.0158952 0.996047 -0.0873833 -8.36488 -0.994716 0.00688757 -0.102432 81.345
-0.102018 0.0869179 0.990978 104.36 0.0138612 0.996202 -0.0859491 -8.4673 -0.994685 0.00496782 -0.102835 81.2016
-0.103304 0.0858575 0.990938 105.645 0.0117183 0.996302 -0.0851007 -8.58078 -0.99458 0.00282089 -0.103928 81.0727
-0.104389 0.0854966 0.990855 106.933 0.010023 0.996336 -0.0849136 -8.69474 -0.994485 0.00106732 -0.104863 80.9389
-0.10566 0.0859378 0.990682 108.217 0.0102912 0.996298 -0.0853274 -8.81065 -0.994348 0.00117965 -0.106153 80.7999
-0.107505 0.0848023 0.990581 109.511 0.00966913 0.996396 -0.0842508 -8.92031 -0.994157 0.000520684 -0.107938 80.656
-0.110413 0.0800651 0.990656 110.752 0.00728383 0.996787 -0.0797488 -9.03724 -0.993859 -0.00158948 -0.110641 80.5161
-0.11336 0.0816081 0.990197 112.025 0.00609299 0.996658 -0.0814431 -9.11957 -0.993535 -0.00319906 -0.113478 80.3521
-0.118967 0.0875306 0.989033 113.286 0.000960514 0.996115 -0.0880419 -9.23579 -0.992897 -0.00952406 -0.118589 80.2128
-0.125811 0.0905098 0.987917 114.551 0.00228868 0.995852 -0.0909454 -9.35975 -0.992051 -0.00918087 -0.125496 80.0547
-0.134712 0.0862558 0.987124 115.869 0.00416435 0.996243 -0.0864844 -9.48372 -0.990875 -0.0075397 -0.134565 79.8691
-0.145147 0.0840035 0.985838 117.098 0.00578424 0.996443 -0.0840555 -9.60636 -0.989393 -0.00649802 -0.145116 79.6825
-0.158348 0.0848354 0.983732 118.277 0.00520121 0.996358 -0.0850871 -9.72446 -0.987369 -0.00835675 -0.158213 79.496
-0.172055 0.0851527 0.9814 119.499 0.00749261 0.99634 -0.0851354 -9.84115 -0.985058 -0.00729468 -0.172063 79.2865
-0.187169 0.0829923 0.978816 120.717 0.00777142 0.996517 -0.0830072 -9.95842 -0.982296 -0.00792957 -0.187162 79.0656
-0.202341 0.0855394 0.975572 121.954 0.00950375 0.996301 -0.0853858 -10.0546 -0.979268 -0.00800542 -0.202406 78.797
-0.217229 0.0892446 0.972033 123.133 0.0102409 0.995964 -0.0891532 -10.168 -0.976066 -0.00941216 -0.217266 78.527
-0.231644 0.093241 0.968322 124.318 0.0106847 0.995578 -0.0933096 -10.2878 -0.972741 -0.0112683 -0.231616 78.2321
-0.246905 0.0914099 0.964719 125.537 0.00814985 0.9957 -0.0922597 -10.4125 -0.969005 -0.0149171 -0.246589 77.9135
-0.263585 0.0855685 0.960834 126.772 0.00292375 0.996123 -0.0879092 -10.5396 -0.964631 -0.0203623 -0.262813 77.6104
-0.278333 0.0815654 0.957015 127.954 -0.000600027 0.996371 -0.0850942 -10.6608 -0.960484 -0.0242587 -0.277274 77.259
-0.292852 0.0831201 0.952538 129.154 -0.00175626 0.996164 -0.087467 -10.7787 -0.956156 -0.0272878 -0.291583 76.8901
-0.306094 0.0853292 0.94817 130.326 -0.00132783 0.995934 -0.0900564 -10.8962 -0.952 -0.0288247 -0.304736 76.498
-0.319462 0.0878475 0.943518 131.496 0.000777912 0.995716 -0.0924441 -11.0169 -0.947598 -0.0287984 -0.318162 76.0966
-0.332934 0.0880081 0.938834 132.663 0.00358809 0.995745 -0.0920706 -11.1384 -0.942943 -0.0272848 -0.331834 75.6757
-0.346914 0.0860664 0.93394 133.804 0.00351906 0.995892 -0.0904684 -11.2623 -0.93789 -0.0280981 -0.345792 75.2587
-0.361116 0.084826 0.928655 134.955 0.00344108 0.995967 -0.0896364 -11.383 -0.932514 -0.0291735 -0.359952 74.8128
-0.375512 0.0862173 0.922799 136.109 0.00249185 0.995753 -0.0920195 -11.5048 -0.926814 -0.0322549 -0.374132 74.3431
-0.390235 0.0883697 0.916465 137.222 0.00381443 0.995529 -0.0943693 -11.628 -0.920707 -0.0333304 -0.388828 73.8731
-0.404753 0.0902384 0.909963 138.305 0.00557226 0.995342 -0.0962267 -11.752 -0.914408 -0.0338775 -0.403371 73.3987
-0.419292 0.0925636 0.90312 139.418 0.0081448 0.995131 -0.0982126 -11.8815 -0.907814 -0.033824 -0.418005 72.8879
-0.434221 0.0959719 0.895679 140.538 0.00812223 0.994684 -0.102643 -12.0104 -0.900769 -0.0372947 -0.432693 72.3613
-0.448858 0.0983177 0.888178 141.65 0.0094925 0.994396 -0.105278 -12.1417 -0.893552 -0.038824 -0.447276 71.795
-0.463483 0.0960335 0.880887 142.721 0.00892385 0.994564 -0.103731 -12.2741 -0.88606 -0.0402167 -0.46182 71.2232
-0.478804 0.0921113 0.873077 143.785 0.00678286 0.994838 -0.101238 -12.4049 -0.877895 -0.0425509 -0.476957 70.6329
-0.494693 0.0923558 0.864147 144.89 0.00688006 0.994721 -0.102372 -12.5381 -0.86904 -0.0446976 -0.492718 70.0115
-0.510995 0.0918084 0.854667 146.031 0.00630384 0.994652 -0.103077 -12.6698 -0.85956 -0.047284 -0.508841 69.3698
-0.525685 0.0907978 0.84582 147.038 0.0063823 0.994679 -0.102811 -12.8077 -0.850655 -0.0486479 -0.523468 68.715
-0.540393 0.0905503 0.836526 148.076 0.00585137 0.994571 -0.103878 -12.9452 -0.841392 -0.0512402 -0.53799 68.0284
-0.555173 0.0902073 0.826828 149.14 0.00618403 0.99452 -0.10435 -13.0816 -0.831711 -0.0528194 -0.552689 67.3145
-0.569796 0.0879027 0.817071 150.186 0.00642342 0.994707 -0.102534 -13.2171 -0.82176 -0.053175 -0.567346 66.5813
-0.584262 0.0848477 0.807117 151.226 0.00740066 0.995034 -0.099245 -13.3528 -0.811531 -0.0520119 -0.581989 65.8286
-0.598701 0.083403 0.796619 152.213 0.00869688 0.995181 -0.0976555 -13.4855 -0.800925 -0.0515383 -0.596541 65.0896
-0.612832 0.0820888 0.785938 153.234 0.00846183 0.995213 -0.0973488 -13.6142 -0.790168 -0.053008 -0.610593 64.2901
-0.627031 0.0835039 0.774505 154.246 0.00786981 0.994865 -0.100891 -13.746 -0.778954 -0.0571665 -0.624469 63.4634
-0.642135 0.0834359 0.762037 155.249 0.0065741 0.994621 -0.103362 -13.8777 -0.766562 -0.0613627 -0.63923 62.6221
-0.657755 0.0806228 0.748905 156.219 0.00544375 0.994737 -0.102306 -14.0117 -0.753212 -0.0632157 -0.654732 61.7837
-0.67374 0.0737141 0.735283 157.169 0.00286636 0.995264 -0.0971515 -14.1458 -0.738963 -0.0633473 -0.670761 60.9206
-0.689698 0.0723505 0.720473 158.076 0.00363855 0.995328 -0.0964685 -14.2798 -0.724087 -0.0639127 -0.68674 60.0286
-0.707065 0.0692403 0.70375 158.99 0.00195118 0.995381 -0.0959728 -14.411 -0.707145 -0.0664859 -0.703935 59.1222
-0.724493 0.0661567 0.6861 159.896 4.75978e-05 0.995387 -0.0959291 -14.5433 -0.689282 -0.0694673 -0.721154 58.1737
-0.741432 0.0647226 0.667899 160.779 0.00114075 0.995456 -0.0951981 -14.6717 -0.671027 -0.0698211 -0.738138 57.2135
-0.7577 0.0668696 0.649168 161.623 0.00385687 0.995176 -0.0980097 -14.8083 -0.652591 -0.0717582 -0.754304 56.2507
-0.772491 0.0664006 0.631544 162.458 0.00788499 0.995443 -0.0950162 -14.9457 -0.634976 -0.0684195 -0.769495 55.2128
-0.786875 0.0679136 0.613365 163.242 0.0124727 0.995472 -0.0942206 -15.0815 -0.616987 -0.0664895 -0.784159 54.1931
-0.800958 0.0695447 0.594667 164.026 0.0154001 0.995294 -0.0956543 -15.2243 -0.598522 -0.0674572 -0.798261 53.108
-0.81532 0.071471 0.574583 164.774 0.0171788 0.9949 -0.099377 -15.3585 -0.578756 -0.0711534 -0.81239 52.0764
-0.827855 0.0722086 0.556275 165.481 0.0207339 0.99494 -0.0982942 -15.5029 -0.560558 -0.0698396 -0.825164 50.9872
-0.839723 0.0715569 0.53828 166.168 0.0238281 0.995179 -0.0951232 -15.634 -0.542492 -0.0670509 -0.83738 49.9062
-0.850339 0.0738385 0.521029 166.832 0.0273617 0.99497 -0.0963486 -15.7653 -0.525523 -0.0676728 -0.848083 48.8051
-0.85974 0.0767241 0.504937 167.441 0.0301591 0.994552 -0.0997691 -15.8736 -0.509841 -0.070547 -0.85737 47.6886
-0.869734 0.0745865 0.487852 168.08 0.0291032 0.994543 -0.100169 -16.0251 -0.492662 -0.0729221 -0.86716 46.6026
-0.878152 0.0722394 0.472896 168.638 0.0278895 0.994581 -0.100142 -16.1175 -0.477568 -0.074751 -0.875408 45.4831
-0.886014 0.071076 0.458178 169.317 0.0277288 0.994533 -0.100658 -16.2458 -0.462828 -0.0764799 -0.883142 44.2333
-0.892992 0.0699892 0.444598 169.945 0.0279951 0.994558 -0.100336 -16.3801 -0.449201 -0.0771522 -0.890092 43.0096
-0.899475 0.0677982 0.431681 170.504 0.0271181 0.994645 -0.0997105 -16.5074 -0.43613 -0.0779808 -0.896498 41.831
-0.90569 0.0635477 0.419152 171.041 0.0254011 0.995058 -0.0959753 -16.6309 -0.42318 -0.0762769 -0.902829 40.6787
-0.911727 0.0596862 0.406438 171.626 0.0238349 0.995406 -0.0927106 -16.7656 -0.410105 -0.0748393 -0.908962 39.4728
-0.916727 0.058696 0.395179 172.155 0.0250589 0.995647 -0.0897527 -16.8838 -0.398727 -0.072376 -0.914208 38.3169
-0.92028 0.0614827 0.386399 172.685 0.0280739 0.995406 -0.0915228 -17.0217 -0.390252 -0.073379 -0.917779 37.0899
-0.921372 0.0668954 0.382882 173.079 0.033788 0.995132 -0.0925572 -17.1542 -0.387211 -0.0723428 -0.919148 35.9093
-0.922586 0.0698204 0.379422 173.601 0.0367855 0.994925 -0.0936381 -17.3202 -0.384034 -0.072432 -0.920473 34.5802
-0.924743 0.0665218 0.374733 174.085 0.0340826 0.995123 -0.0925452 -17.4499 -0.379062 -0.0728088 -0.922502 33.3944
-0.927074 0.0582794 0.370321 174.592 0.0270071 0.995657 -0.0890813 -17.5782 -0.373905 -0.0725836 -0.924622 32.1781
-0.929066 0.0526965 0.366142 175.083 0.0220969 0.995938 -0.0872695 -17.7072 -0.369254 -0.0729885 -0.926457 30.9427
-0.930849 0.0466673 0.362412 175.568 0.0156329 0.995987 -0.0880992 -17.8387 -0.36507 -0.0763415 -0.927844 29.7031
-0.931625 0.0449431 0.360631 176.023 0.0129477 0.995797 -0.0906516 -17.9663 -0.36319 -0.079784 -0.928292 28.464
-0.932265 0.0461224 0.358824 176.475 0.0134754 0.995577 -0.0929586 -18.0953 -0.361525 -0.0818268 -0.928764 27.2795
-0.932749 0.0464565 0.357521 176.958 0.0131876 0.995394 -0.0949366 -18.2298 -0.360285 -0.0838372 -0.929066 26.0536
-0.933053 0.0478642 0.356541 177.428 0.0141691 0.995228 -0.0965252 -18.3707 -0.35946 -0.0850113 -0.929279 24.8546
-0.932774 0.0499046 0.35699 177.894 0.0156806 0.995049 -0.098129 -18.5026 -0.36012 -0.0859345 -0.928939 23.6711
-0.93304 0.0493753 0.356367 178.387 0.0141956 0.994817 -0.100666 -18.6488 -0.359491 -0.0888671 -0.928906 22.4744
-0.932278 0.0508492 0.358152 178.855 0.0155105 0.994778 -0.100861 -18.7839 -0.36141 -0.0884756 -0.928199 21.2589
-0.93115 0.0524782 0.360839 179.336 0.0169292 0.994743 -0.100983 -18.9191 -0.364242 -0.087922 -0.927144 20.0302
-0.92961 0.0519365 0.364866 179.803 0.0155641 0.994668 -0.101931 -19.0459 -0.368215 -0.0890772 -0.925463 18.8245
-0.927946 0.0521511 0.369049 180.281 0.0160488 0.994833 -0.100229 -19.17 -0.37237 -0.087084 -0.923989 17.6206
-0.925513 0.0508995 0.375281 180.766 0.0146582 0.994998 -0.0988023 -19.2928 -0.378433 -0.0859419 -0.92163 16.4202
-0.922947 0.0482635 0.38189 181.295 0.011923 0.995215 -0.0969607 -19.425 -0.384743 -0.0849363 -0.919107 15.1995
-0.920038 0.0504678 0.388565 181.846 0.0134399 0.99515 -0.0974299 -19.5592 -0.391598 -0.084417 -0.916255 13.9776
-0.916594 0.0511672 0.396532 182.354 0.0132849 0.995126 -0.0976993 -19.6961 -0.399599 -0.0842827 -0.912806 12.8036
-0.912111 0.0548729 0.406254 182.902 0.0146777 0.994735 -0.101405 -19.8194 -0.40968 -0.0865301 -0.908115 11.5892
-0.907246 0.0575386 0.416645 183.429 0.0165028 0.994704 -0.101433 -19.9452 -0.420275 -0.0851493 -0.903392 10.4085
-0.901815 0.0593988 0.428019 183.983 0.0165283 0.994523 -0.103192 -20.0893 -0.431805 -0.0859854 -0.897858 9.22922
-0.895641 0.0618978 0.440449 184.572 0.0170945 0.994326 -0.104975 -20.2308 -0.444448 -0.0864907 -0.891619 8.0468
-0.889225 0.0641455 0.45295 185.162 0.0176215 0.994187 -0.1062 -20.3656 -0.45713 -0.0864537 -0.885187 6.89437
-0.88228 0.0639633 0.466358 185.785 0.0170256 0.994411 -0.104178 -20.5078 -0.470416 -0.0839744 -0.878439 5.72996
-0.875749 0.0655939 0.478289 186.394 0.0163843 0.994193 -0.106347 -20.6454 -0.482487 -0.0852967 -0.871739 4.62642
-0.868464 0.0682004 0.491039 187.042 0.0182751 0.994222 -0.105766 -20.7909 -0.495416 -0.0828799 -0.864692 3.49491
-0.860317 0.0706561 0.504839 187.681 0.0206288 0.99436 -0.104014 -20.9389 -0.509341 -0.0790709 -0.856924 2.38178
-0.852478 0.071423 0.517861 188.401 0.0214094 0.99456 -0.101926 -21.0944 -0.522324 -0.0758025 -0.84937 1.25882
-0.843774 0.0748411 0.531455 189.137 0.0250382 0.994639 -0.100316 -21.2394 -0.536114 -0.0713372 -0.841125 0.14412
-0.833685 0.0791038 0.546545 189.842 0.0290276 0.994595 -0.0996741 -21.3714 -0.551476 -0.0672319 -0.831476 -0.928633
-0.826094 0.076546 0.55831 190.474 0.024691 0.994695 -0.0998423 -21.5299 -0.562991 -0.0686939 -0.823602 -1.78516
-0.815609 0.0795856 0.573103 191.223 0.0265874 0.994602 -0.100281 -21.6597 -0.577991 -0.0665525 -0.813324 -2.8145
-0.784442 0.0794744 0.615089 191.815 0.0247311 0.994974 -0.0970182 -21.8232 -0.619708 -0.0608933 -0.782465 -4.07641
-0.770307 0.0815582 0.632435 192.651 0.026543 0.995027 -0.0959882 -21.9837 -0.637119 -0.0571537 -0.768642 -5.10588
-0.755899 0.0855496 0.649074 193.445 0.0286714 0.994799 -0.0977268 -22.11 -0.654059 -0.0552618 -0.754421 -6.06045
-0.743109 0.0874176 0.663435 194.293 0.0316109 0.994908 -0.095687 -22.2415 -0.668422 -0.0501342 -0.742089 -6.95788
-0.727577 0.0897229 0.680134 195.114 0.0338169 0.994894 -0.0950703 -22.3598 -0.685192 -0.0461709 -0.726897 -7.84967
-0.716064 0.0896014 0.69226 196.044 0.0284689 0.994649 -0.0992928 -22.4992 -0.697453 -0.0513921 -0.714784 -8.64271
-0.693513 0.0911651 0.714653 196.872 0.0276403 0.994596 -0.100054 -22.6577 -0.719913 -0.0496352 -0.692286 -9.54858
-0.674439 0.0915257 0.732636 197.738 0.0262158 0.994628 -0.100122 -22.8074 -0.737864 -0.0483196 -0.673216 -10.3743
-0.65473 0.089035 0.7506 198.636 0.0222029 0.994874 -0.0986433 -22.9638 -0.755536 -0.0479193 -0.653351 -11.1759
-0.634541 0.0876652 0.767902 199.54 0.0188549 0.995005 -0.0980114 -23.1107 -0.772659 -0.0477135 -0.633025 -11.9222
-0.614095 0.0889741 0.784201 200.484 0.0154477 0.994788 -0.10077 -23.2286 -0.78908 -0.0497683 -0.612269 -12.6558
-0.595055 0.0891401 0.798726 201.47 0.0110185 0.99464 -0.102796 -23.3431 -0.803609 -0.0523685 -0.592848 -13.3475
-0.572186 0.0889003 0.815291 202.454 0.00876044 0.994712 -0.102316 -23.4848 -0.820076 -0.0514017 -0.56994 -14.0606
-0.545829 0.0879871 0.833264 203.414 0.00746408 0.994941 -0.10017 -23.6303 -0.837863 -0.048456 -0.543725 -14.7495
-0.519905 0.0887611 0.8496 204.41 0.00802065 0.995049 -0.0990486 -23.7757 -0.854186 -0.0446815 -0.518043 -15.3748
-0.492304 0.0909464 0.865659 205.441 0.00891558 0.995 -0.0994647 -23.9211 -0.870377 -0.041249 -0.490654 -15.9894
-0.465124 0.0908497 0.880571 206.491 0.00916708 0.995159 -0.0978298 -24.0666 -0.885197 -0.0374308 -0.463706 -16.5507
-0.434641 0.0877565 0.896318 207.591 0.0127347 0.995739 -0.0913153 -24.2819 -0.900513 -0.0282749 -0.433906 -17.1198
-0.403824 0.0821297 0.911143 208.638 0.0177266 0.996476 -0.0819651 -24.4816 -0.914664 -0.0169479 -0.403857 -17.6652
-0.371893 0.0834873 0.924513 209.712 0.0151939 0.99636 -0.0838635 -24.5931 -0.92815 -0.0171413 -0.371808 -18.1156
-0.337039 0.0851005 0.937637 210.82 0.0198043 0.996325 -0.0833084 -24.742 -0.941282 -0.00950888 -0.337486 -18.5777
-0.304325 0.0840982 0.948848 211.926 0.02375 0.996454 -0.0807002 -24.9045 -0.952271 -0.00202392 -0.305244 -18.9609
-0.274359 0.0857776 0.957794 213.094 0.0254941 0.996311 -0.0819244 -24.9908 -0.961289 0.00194144 -0.275534 -19.255
-0.241027 0.0863547 0.966669 214.276 0.0228465 0.996261 -0.0833018 -25.0835 -0.970249 0.00200713 -0.242099 -19.5721
-0.205962 0.0848394 0.974875 215.416 0.0235827 0.996374 -0.0817281 -25.1987 -0.978275 0.00615739 -0.207216 -19.8336
-0.170323 0.0826551 0.981916 216.589 0.0232007 0.996534 -0.0798613 -25.3105 -0.985114 0.00917898 -0.17165 -20.0643
-0.13392 0.0815549 0.987631 217.755 0.023609 0.996586 -0.0790931 -25.4121 -0.99071 0.0127249 -0.135388 -20.2577
-0.0997318 0.0811683 0.991698 218.959 0.0225034 0.996595 -0.079306 -25.5154 -0.994759 0.0144073 -0.101219 -20.3846
-0.0645294 0.0811099 0.994614 220.134 0.0223689 0.996557 -0.0798172 -25.6086 -0.997664 0.0170979 -0.0661217 -20.4718
-0.0282597 0.0823926 0.996199 221.302 0.0202376 0.996439 -0.0818383 -25.6902 -0.999395 0.017848 -0.0298266 -20.5265
0.00607203 0.0839271 0.996453 222.51 0.0165655 0.996325 -0.0840173 -25.7806 -0.999844 0.017017 0.00465941 -20.5231
0.0401037 0.0846608 0.995602 223.699 0.0138422 0.99626 -0.0852743 -25.8692 -0.999099 0.0172012 0.0387818 -20.4799
0.0732972 0.0850743 0.993675 224.902 0.00967902 0.996246 -0.0860084 -25.967 -0.997262 0.015922 0.0721987 -20.4036
0.107115 0.0865933 0.990469 226.085 0.00672559 0.996112 -0.0878142 -26.0571 -0.994223 0.0160677 0.106116 -20.3003
0.140656 0.086562 0.986267 227.29 0.00632751 0.99607 -0.0883248 -26.1656 -0.990038 0.0186641 0.139555 -20.1647
0.172411 0.0850209 0.981349 228.447 0.00544302 0.996169 -0.0872611 -26.273 -0.985009 0.0203863 0.171287 -19.9715
0.20231 0.0867476 0.975472 229.585 0.00438813 0.995977 -0.0894812 -26.324 -0.979311 0.0223835 0.201116 -19.7392
0.23169 0.0862038 0.968963 230.777 0.00395337 0.995972 -0.089552 -26.454 -0.972781 0.024579 0.230416 -19.4591
0.262237 0.0851909 0.961236 231.931 0.00484916 0.995965 -0.0895918 -26.5791 -0.964991 0.0281556 0.260766 -19.1799
0.292007 0.0841777 0.952704 233.092 0.00567704 0.995947 -0.0897386 -26.6977 -0.956398 0.0316129 0.290346 -18.8394
0.321777 0.0817009 0.943284 234.243 0.00720537 0.996028 -0.0887272 -26.8259 -0.946787 0.0353472 0.319911 -18.4683
0.351659 0.0802147 0.932685 235.39 0.00803786 0.996025 -0.0886928 -26.9425 -0.936093 0.0386865 0.349616 -18.064
0.380817 0.0794259 0.921233 236.524 0.00944938 0.995916 -0.0897711 -27.0605 -0.924601 0.0428915 0.378512 -17.6221
0.409127 0.0781825 0.909122 237.627 0.00920621 0.995916 -0.0897897 -27.1846 -0.91243 0.0451051 0.406737 -17.1491
0.436322 0.0760534 0.89657 238.723 0.00894251 0.996004 -0.08884 -27.306 -0.899745 0.0467806 0.433899 -16.6237
0.463137 0.075097 0.883099 239.785 0.00778769 0.996018 -0.0887836 -27.4197 -0.886252 0.0479963 0.460708 -16.0775
0.490481 0.0762148 0.868112 240.863 0.00775598 0.995745 -0.0918024 -27.5355 -0.871417 0.0517605 0.487804 -15.4859
0.517513 0.0770882 0.852195 241.921 0.00769451 0.995472 -0.0947214 -27.6602 -0.85564 0.0555769 0.514578 -14.8623
0.543898 0.0749747 0.835795 242.96 0.00813671 0.995481 -0.0945943 -27.7843 -0.839112 0.0582503 0.54083 -14.1988
0.568781 0.0718939 0.81934 243.92 0.00825381 0.995621 -0.0930917 -27.9054 -0.822447 0.0597116 0.565698 -13.53
0.591913 0.0693285 0.803014 244.899 0.00694039 0.995816 -0.0910901 -28.038 -0.805971 0.0594908 0.588957 -12.7831
0.613621 0.0689026 0.786588 245.907 0.005409 0.995793 -0.0914479 -28.1617 -0.789582 0.0603691 0.610668 -11.9759
0.633164 0.0688208 0.770952 246.907 0.00357986 0.995766 -0.0918296 -28.2876 -0.774009 0.0609032 0.630238 -11.1288
0.651546 0.0673332 0.755615 247.844 0.0022737 0.995873 -0.0907033 -28.4076 -0.758606 0.0608155 0.648705 -10.3297
0.669244 0.0646461 0.740225 248.781 0.00167658 0.996072 -0.0885059 -28.5265 -0.74304 0.0604732 0.666508 -9.499
0.685935 0.0610485 0.725098 249.736 0.00261705 0.996259 -0.0863543 -28.654 -0.727658 0.0611311 0.68321 -8.62824
0.701291 0.0582566 0.710491 250.645 0.0031746 0.996388 -0.0848323 -28.7712 -0.712868 0.0617477 0.698574 -7.74491
0.71611 0.0556748 0.695764 251.509 0.00448225 0.996424 -0.084347 -28.8887 -0.697973 0.0635204 0.713301 -6.87211
0.730421 0.0549203 0.680785 252.375 0.0036255 0.996434 -0.0842743 -29.0083 -0.682987 0.064024 0.727618 -5.95928
0.743587 0.0537563 0.666475 253.16 0.00356886 0.996428 -0.0843514 -29.1141 -0.668629 0.0651012 0.74074 -5.04054
0.756709 0.0516154 0.651711 253.96 0.00255737 0.996635 -0.0819027 -29.221 -0.653747 0.0636433 0.754031 -4.10076
0.77212 0.049204 0.633569 254.889 0.00229339 0.996773 -0.080206 -29.3259 -0.635472 0.0633818 0.769517 -3.12206
0.785524 0.0469019 0.617052 255.716 0.00243923 0.996879 -0.0788778 -29.445 -0.618827 0.0634656 0.782959 -2.10277
0.796411 0.0458978 0.603012 256.379 0.00309623 0.996791 -0.0799594 -29.5598 -0.604748 0.0655477 0.793714 -1.14436
0.807848 0.0448299 0.587684 257.149 0.00313214 0.99676 -0.0803409 -29.671 -0.589383 0.066744 0.805091 -0.0940393
0.81847 0.0442684 0.572842 257.901 0.00200785 0.996799 -0.0799001 -29.7827 -0.574546 0.0665461 0.815762 0.974569
0.827918 0.041982 0.559276 258.597 0.00191778 0.996974 -0.0776769 -29.891 -0.560846 0.0653828 0.825334 2.04206
0.836577 0.0397268 0.546407 259.242 0.00276561 0.997046 -0.0767252 -29.9993 -0.547842 0.0656978 0.833997 3.1175
0.845222 0.0387903 0.533005 259.936 0.00268566 0.997039 -0.0768201 -30.1138 -0.534408 0.0663616 0.842617 4.27572
0.853053 0.0355075 0.520615 260.604 0.00637253 0.996897 -0.0784331 -30.2263 -0.521785 0.0702253 0.850181 5.40027
0.860254 0.0343031 0.508711 261.245 0.00625356 0.996947 -0.0778009 -30.3338 -0.509827 0.0701099 0.857415 6.4967
0.866824 0.0315746 0.497613 261.887 0.00800561 0.996981 -0.0772062 -30.4451 -0.498549 0.070908 0.863956 7.6178
0.872536 0.0304033 0.487602 262.515 0.00859412 0.99695 -0.0775414 -30.5519 -0.488473 0.0718483 0.869615 8.76196
0.877089 0.0284216 0.479486 263.147 0.00941674 0.997036 -0.076325 -30.6725 -0.480235 0.0714592 0.874223 9.97081
0.880264 0.0268827 0.473721 263.769 0.00947868 0.997196 -0.0742021 -30.7861 -0.474388 0.0698079 0.877543 11.1705
0.882598 0.0253675 0.469444 264.387 0.00995057 0.997309 -0.0726002 -30.8952 -0.470023 0.0687482 0.879972 12.3329
0.884312 0.0252086 0.466215 264.986 0.00988432 0.997304 -0.0726736 -30.9978 -0.466791 0.0688745 0.881681 13.5171
0.886134 0.0251138 0.462748 265.59 0.00949438 0.997335 -0.0723076 -31.104 -0.463332 0.0684678 0.883535 14.6932
0.887764 0.0236599 0.459691 266.196 0.00970145 0.997492 -0.0700759 -31.2206 -0.460197 0.0666706 0.885309 15.8733
0.889901 0.0217862 0.455634 266.83 0.0111976 0.997512 -0.0695664 -31.3213 -0.456017 0.0670093 0.887444 17.051
0.892116 0.0220071 0.45127 267.475 0.0111327 0.997437 -0.0706504 -31.4215 -0.451669 0.0680524 0.889586 18.321
0.894292 0.0211333 0.446984 268.126 0.0115764 0.997455 -0.0703209 -31.5269 -0.447334 0.0680621 0.891773 19.6285
0.896581 0.0227416 0.442296 268.789 0.00966383 0.997436 -0.0708752 -31.6362 -0.442775 0.0678197 0.894064 21.0014
0.899089 0.0239808 0.437109 269.458 0.00813668 0.997408 -0.0714565 -31.7466 -0.437691 0.0678025 0.896565 22.346
0.901507 0.0248619 0.432049 270.148 0.00683735 0.997403 -0.0716616 -31.8754 -0.43271 0.0675576 0.898998 23.8283
0.903237 0.0245846 0.428438 270.829 0.00684352 0.997403 -0.0716607 -31.9927 -0.429088 0.0676587 0.900725 25.2827
0.904671 0.0264311 0.42529 271.489 0.00455818 0.997415 -0.071684 -32.1021 -0.426086 0.0667891 0.902213 26.7239
0.905333 0.026245 0.423891 272.12 0.00467225 0.997411 -0.0717332 -32.224 -0.424677 0.066923 0.902867 28.0951
0.906118 0.0277129 0.422116 272.736 0.00331685 0.997353 -0.0725988 -32.3427 -0.423011 0.0671833 0.90363 29.4443
0.906806 0.0278359 0.420628 273.314 0.00364831 0.99726 -0.073861 -32.4556 -0.421532 0.0685123 0.904221 30.6179
0.907215 0.0279753 0.419736 273.898 0.00391703 0.997179 -0.0749281 -32.5669 -0.420649 0.0696201 0.904548 31.8768
