1 0 0 0 0 1 0 0 0 0 1 0
0.99999 -0.00208642 -0.00395865 0.0479959 0.00206728 0.999986 -0.00483414 0.0232083 0.00396868 0.00482591 0.999981 0.858258
0.999971 -0.00550862 -0.00520523 0.0780076 0.00547622 0.999966 -0.00622015 0.0259486 0.00523932 0.00619146 0.999967 1.8023
0.999952 -0.00647873 -0.00732803 0.090665 0.0064639 0.999977 -0.00204567 0.0207084 0.00734111 0.0019982 0.999971 2.77512
0.999899 -0.00886761 -0.011138 0.123553 0.00891653 0.999951 0.00434989 0.0102319 0.0110989 -0.00444877 0.999929 3.7229
0.999824 -0.0132591 -0.0133174 0.12155 0.0133227 0.9999 0.00469421 0.0113327 0.0132538 -0.0048708 0.9999 4.69643
0.99974 -0.016363 -0.0158629 0.121127 0.0163968 0.999864 0.00200223 0.0173099 0.015828 -0.00226182 0.999872 5.70698
0.999739 -0.0166057 -0.0157036 0.0956452 0.0165676 0.99986 -0.00255052 0.0323646 0.0157438 0.00228968 0.999873 6.62811
0.999755 -0.0161544 -0.0151364 0.0572581 0.0160949 0.999862 -0.00404482 0.0439793 0.0151997 0.00380021 0.999877 7.58849
0.999736 -0.0162189 -0.0162598 0.0352145 0.0161617 0.999863 -0.0036451 0.0663788 0.0163167 0.00338135 0.999861 8.53169
0.999712 -0.0154444 -0.0183918 0.0293788 0.0154197 0.99988 -0.00148665 0.074274 0.0184126 0.00120262 0.99983 9.47349
0.999703 -0.0152606 -0.0190107 0.00550988 0.0152532 0.999883 -0.000535973 0.0788477 0.0190167 0.00024584 0.999819 10.4284
0.999713 -0.0152694 -0.018481 -0.0223222 0.015265 0.999883 -0.000383473 0.080335 0.0184847 0.000101251 0.999829 11.3561
0.999716 -0.0149436 -0.0185847 -0.0503707 0.0149408 0.999888 -0.000291031 0.0747912 0.018587 1.32784e-05 0.999827 12.2867
0.999694 -0.0156961 -0.0191348 -0.070293 0.0156641 0.999876 -0.00182378 0.0800943 0.019161 0.0015235 0.999815 13.2206
0.999655 -0.0161387 -0.0207393 -0.0922029 0.0160595 0.999863 -0.00397985 0.0813119 0.0208007 0.00364541 0.999777 14.2014
0.999602 -0.0171067 -0.0224311 -0.111405 0.0169887 0.999841 -0.0054429 0.0753001 0.0225206 0.00505966 0.999734 15.1287
0.999565 -0.0168958 -0.0241694 -0.134621 0.0167531 0.999841 -0.00609647 0.0703261 0.0242686 0.0056889 0.999689 16.0576
0.999544 -0.0151495 -0.0261314 -0.159277 0.0149676 0.999862 -0.00714174 0.0633396 0.026236 0.00674736 0.999633 16.9521
0.999524 -0.0134133 -0.0278021 -0.18564 0.0132146 0.999886 -0.00731926 0.0578372 0.0278971 0.00694838 0.999587 17.8433
0.999476 -0.0140503 -0.0291701 -0.213126 0.0138583 0.999881 -0.00677661 0.049999 0.0292618 0.00636881 0.999551 18.7402
0.999438 -0.013763 -0.0305717 -0.250542 0.0136032 0.999893 -0.00542984 0.0451432 0.0306431 0.00501091 0.999518 19.6646
0.999393 -0.013744 -0.0320296 -0.285791 0.0136005 0.999896 -0.00469297 0.0381504 0.0320908 0.00425449 0.999476 20.5571
0.999349 -0.0144162 -0.0330708 -0.324583 0.0142808 0.999889 -0.00432917 0.0152867 0.0331295 0.00385408 0.999444 21.446
0.999352 -0.0149598 -0.0327519 -0.387979 0.0148324 0.999881 -0.00412789 -0.00159277 0.0328097 0.00363942 0.999455 22.3505
0.999382 -0.0139827 -0.0322435 -0.457073 0.0138734 0.999897 -0.00361185 -0.0130611 0.0322906 0.00316229 0.999474 23.2091
0.999401 -0.0136298 -0.0318206 -0.503926 0.0135856 0.999906 -0.00160527 -0.0269792 0.0318395 0.00117201 0.999492 24.0805
0.999397 -0.0135285 -0.0319737 -0.540045 0.0135734 0.999907 0.0011877 -0.0343985 0.0319546 -0.00162098 0.999488 24.9466
0.999394 -0.0129462 -0.0323125 -0.57627 0.0130309 0.999912 0.00240956 -0.0317312 0.0322785 -0.00282916 0.999475 25.8126
0.999322 -0.0129248 -0.0344788 -0.586842 0.0129912 0.999914 0.001704 -0.0397781 0.0344538 -0.00215077 0.999404 26.6751
0.999262 -0.0115623 -0.0366423 -0.606509 0.0115508 0.999933 -0.000523867 -0.0444297 0.0366459 0.000100228 0.999328 27.5103
0.999223 -0.0112121 -0.0377882 -0.642095 0.0111361 0.999935 -0.00222094 -0.0455211 0.0378106 0.0017984 0.999283 28.3338
0.999182 -0.010299 -0.0391041 -0.668814 0.0102037 0.999944 -0.00263743 -0.0446643 0.0391291 0.00223627 0.999232 29.1626
0.999133 -0.00995833 -0.040439 -0.705362 0.0098326 0.999946 -0.00330703 -0.0504155 0.0404698 0.00290654 0.999177 29.9618
0.999044 -0.00987393 -0.0425822 -0.736106 0.00972589 0.999946 -0.00368267 -0.0652871 0.0426163 0.003265 0.999086 30.7576
0.998971 -0.00928422 -0.0443991 -0.773888 0.00919533 0.999955 -0.00220614 -0.0995488 0.0444176 0.00179561 0.999011 31.5374
0.998826 -0.0105362 -0.0472848 -0.791408 0.0105134 0.999944 -0.000732127 -0.104478 0.0472899 0.000234143 0.998881 32.3167
0.99877 -0.0104429 -0.0484676 -0.853021 0.01053 0.999943 0.00154257 -0.106761 0.0484488 -0.00205104 0.998824 33.0639
0.998716 -0.00881009 -0.0498933 -0.908699 0.0089743 0.999955 0.00306805 -0.106803 0.0498641 -0.00351187 0.99875 33.8297
0.998671 -0.00834068 -0.0508678 -0.965783 0.00851145 0.999959 0.00314124 -0.0990188 0.0508395 -0.00357003 0.9987 34.5699
0.998617 -0.00566381 -0.0522737 -1.01444 0.00578617 0.999981 0.00218951 -0.0932068 0.0522603 -0.00248895 0.99863 35.3278
0.998569 -0.00364047 -0.053356 -1.07379 0.00370111 0.999992 0.00103746 -0.0865568 0.0533518 -0.00123345 0.998575 36.0443
0.998532 -0.00323406 -0.0540769 -1.13394 0.00334542 0.999992 0.00196863 -0.0790617 0.0540701 -0.00214665 0.998535 36.7602
0.998538 -0.00136336 -0.0540501 -1.19574 0.00154972 0.999993 0.00340581 -0.0698008 0.054045 -0.00348459 0.998532 37.4753
0.998599 0.00274546 -0.0528452 -1.26872 -0.00258414 0.999992 0.0031207 -0.0603848 0.0528533 -0.00297977 0.998598 38.1543
0.998653 0.00569498 -0.0515826 -1.30991 -0.00566731 0.999983 0.000682505 -0.0547569 0.0515856 -0.000389254 0.998668 38.8477
0.998722 0.00715716 -0.0500325 -1.3416 -0.00728154 0.999971 -0.00230452 -0.0557555 0.0500145 0.00266588 0.998745 39.5363
0.998832 0.00751888 -0.0477343 -1.37582 -0.00772707 0.999961 -0.00417861 -0.0557335 0.047701 0.00454258 0.998851 40.2104
0.998941 0.00868851 -0.0451833 -1.3909 -0.00885958 0.999954 -0.00358754 -0.0494783 0.0451501 0.00398405 0.998972 40.8969
0.999019 0.0133252 -0.0422447 -1.41827 -0.0133828 0.99991 -0.00108182 -0.0485824 0.0422265 0.0016461 0.999107 41.5593
0.999101 0.0175269 -0.0386002 -1.44997 -0.0174545 0.999845 0.00221211 -0.0498279 0.038633 -0.00153637 0.999252 42.1781
0.999167 0.0229641 -0.0337479 -1.48401 -0.0228793 0.999734 0.00289602 -0.0432777 0.0338054 -0.00212148 0.999426 42.8064
0.999243 0.0267969 -0.0282246 -1.50299 -0.02672 0.999638 0.00309654 -0.0427294 0.0282973 -0.00234003 0.999597 43.4074
0.999282 0.0307782 -0.0221252 -1.51773 -0.0306776 0.999517 0.00487214 -0.0356015 0.0222645 -0.00418989 0.999743 43.9671
0.999268 0.0350924 -0.0152741 -1.53647 -0.0350183 0.999373 0.00508987 -0.0119686 0.0154432 -0.00455127 0.99987 44.515
0.999229 0.0385342 -0.00751335 -1.55638 -0.0385049 0.99925 0.00400019 0.00248901 0.00766187 -0.00370781 0.999964 45.0537
0.999166 0.0408251 -0.0010682 -1.54269 -0.0408205 0.999158 0.00403643 0.000543343 0.0012321 -0.00398946 0.999991 45.5671
0.998953 0.0452082 0.00707683 -1.55809 -0.0452337 0.99897 0.00349278 0.00436541 -0.00691162 -0.00380924 0.999969 46.1026
0.998724 0.0485082 0.0140631 -1.5456 -0.0485229 0.998821 0.000706597 0.00401754 -0.0140122 -0.00138808 0.999901 46.5853
0.99846 0.0507359 0.0224482 -1.54617 -0.0506947 0.998711 -0.00240117 0.00739057 -0.0225411 0.00125946 0.999745 47.0653
0.998251 0.0509001 0.0300837 -1.53222 -0.0508401 0.998703 -0.00275548 0.00713461 -0.0301849 0.0012212 0.999544 47.48
0.998008 0.0501198 0.0383159 -1.52307 -0.0500889 0.998743 -0.00176622 0.0109115 -0.0383562 -0.0001565 0.999264 47.8808
0.997613 0.0515079 0.0459909 -1.50282 -0.0514997 0.998672 -0.00136518 0.0170131 -0.0460001 -0.00100659 0.998941 48.2619
0.996897 0.0555567 0.0557774 -1.51794 -0.0555416 0.998454 -0.00182001 0.0339621 -0.0557922 -0.0012836 0.998442 48.6169
0.996126 0.0594115 0.064837 -1.52452 -0.0593049 0.998233 -0.00356785 0.0608792 -0.0649344 -0.000291123 0.99789 48.912
0.995171 0.0630304 0.0752528 -1.54494 -0.0628819 0.998011 -0.00434269 0.0840866 -0.0753768 -0.000410323 0.997155 49.256
0.994422 0.0620466 0.0852976 -1.54199 -0.0619209 0.998072 -0.00412064 0.0918385 -0.0853889 -0.00118405 0.996347 49.5032
0.993348 0.0612706 0.0975017 -1.56137 -0.0610115 0.998121 -0.00563915 0.0766352 -0.0976639 -0.000347091 0.995219 49.7775
0.992622 0.0593034 0.105757 -1.38083 -0.0585551 0.998232 -0.0101694 0.0746235 -0.106173 0.00390172 0.99434 49.8916
0.991008 0.0603091 0.119439 -1.35755 -0.05904 0.998155 -0.0141388 0.0702806 -0.120071 0.00696003 0.992741 50.1498
0.988931 0.061915 0.134846 -1.31448 -0.0602483 0.998048 -0.0164097 0.0675639 -0.135599 0.00810378 0.990731 50.3848
0.98652 0.0633401 0.150888 -1.26281 -0.061353 0.997957 -0.0177932 0.0663681 -0.151707 0.0082959 0.988391 50.6114
0.983758 0.0641029 0.167668 -1.20765 -0.0617934 0.997908 -0.0189613 0.0651423 -0.168533 0.00829258 0.985661 50.8424
0.980573 0.063046 0.185747 -1.15629 -0.0603494 0.997974 -0.0201413 0.0567885 -0.186641 0.00854033 0.982391 51.0491
0.976826 0.0622873 0.204775 -1.08438 -0.0593906 0.998029 -0.0202676 0.045898 -0.205634 0.00763616 0.978599 51.2386
0.972453 0.0621966 0.224649 -1.00546 -0.0588865 0.998035 -0.0214113 0.0370898 -0.225539 0.00759265 0.974205 51.4336
0.967398 0.0636707 0.245129 -0.909538 -0.0596498 0.997935 -0.0238006 0.0408553 -0.246138 0.00840276 0.969198 51.6754
0.961393 0.0652958 0.267321 -0.809824 -0.0605964 0.997828 -0.0258005 0.0351392 -0.268425 0.0086057 0.963262 51.8839
0.954269 0.0665137 0.291458 -0.7051 -0.0612935 0.997754 -0.0270154 0.0328491 -0.292601 0.00791547 0.956202 52.1182
0.945951 0.0692616 0.31683 -0.601133 -0.0636772 0.997578 -0.0279595 0.0266589 -0.317999 0.00627349 0.94807 52.3215
0.93656 0.0710261 0.343236 -0.477193 -0.0650086 0.997462 -0.029022 0.0210149 -0.344426 0.00486754 0.938801 52.5311
0.92588 0.0715615 0.37098 -0.339385 -0.0649583 0.997428 -0.0302817 0.0109505 -0.372193 0.00393896 0.928147 52.749
0.914006 0.0692043 0.399756 -0.161768 -0.0614795 0.99759 -0.032132 -0.00245214 -0.401017 0.00479203 0.916058 52.9765
0.900057 0.0654921 0.430824 0.0515069 -0.0562238 0.997831 -0.0342262 -0.0247611 -0.432131 0.00658293 0.901787 53.2256
0.883954 0.0639944 0.463174 0.287655 -0.0524572 0.997908 -0.0377629 -0.0479398 -0.464622 0.00908387 0.885463 53.4648
0.865673 0.0651414 0.496353 0.529383 -0.0509411 0.997813 -0.0421084 -0.0711551 -0.498011 0.0111673 0.867099 53.7255
0.845207 0.0666016 0.530273 0.777703 -0.0497958 0.997702 -0.0459401 -0.0937807 -0.532114 0.0124236 0.846582 53.9651
0.822495 0.0690319 0.564569 1.04945 -0.0503086 0.997546 -0.0486814 -0.119096 -0.566544 0.0116376 0.823949 54.1789
0.79686 0.0722484 0.599829 1.33925 -0.0522693 0.997345 -0.05069 -0.14953 -0.601899 0.00904027 0.798521 54.4304
0.768881 0.0761891 0.634836 1.66297 -0.0554366 0.997079 -0.0525213 -0.184185 -0.636984 0.00518948 0.77086 54.6876
0.737321 0.077051 0.671135 1.95692 -0.0549056 0.997022 -0.0541448 -0.215394 -0.673308 0.003073 0.739356 54.9096
0.701693 0.0741831 0.708608 2.2229 -0.0508067 0.997242 -0.054089 -0.24566 -0.710666 0.00195183 0.703527 55.1205
0.663452 0.0728359 0.744666 2.56921 -0.0477831 0.997343 -0.0549784 -0.268006 -0.746692 0.000893126 0.66517 55.3701
0.622038 0.0719717 0.779673 2.90727 -0.0454121 0.997406 -0.0558401 -0.299137 -0.781669 -0.000671999 0.623693 55.5907
0.576003 0.0715897 0.814307 3.26347 -0.0414701 0.997434 -0.0583552 -0.316066 -0.816395 -0.000156598 0.577494 55.8302
0.527702 0.0710143 0.846456 3.66 -0.0385281 0.997474 -0.0596647 -0.33297 -0.848556 -0.00112722 0.529105 56.0648
0.479419 0.0681306 0.874938 4.13213 -0.0364278 0.997667 -0.057727 -0.397015 -0.87683 -0.00419667 0.480783 56.2947
0.430311 0.0655626 0.900297 4.58319 -0.0365196 0.997806 -0.0552085 -0.434094 -0.901942 -0.00912168 0.431762 56.4788
0.381103 0.0650865 0.922239 5.04053 -0.0377341 0.997782 -0.0548248 -0.4452 -0.923763 -0.0139061 0.382714 56.6351
0.33237 0.0652614 0.940889 5.54851 -0.034647 0.997774 -0.0569679 -0.458939 -0.942513 -0.0136646 0.333892 56.7927
0.286587 0.0616316 0.95607 6.02018 -0.0233514 0.998081 -0.0573401 -0.492046 -0.95777 -0.00589267 0.287476 56.8677
0.243882 0.0545457 0.96827 6.51041 -0.00898598 0.998501 -0.0539853 -0.532842 -0.969764 0.00446517 0.244006 56.9164
0.202624 0.0530394 0.977819 7.04022 -0.000792796 0.99854 -0.053999 -0.566301 -0.979256 0.0101663 0.20237 56.9709
0.16502 0.05432 0.984793 7.60697 0.00349433 0.998443 -0.0556584 -0.575417 -0.986284 0.012626 0.164574 57.0418
0.132195 0.0550672 0.989693 8.10286 0.0119894 0.998293 -0.0571472 -0.599359 -0.991151 0.0194203 0.131309 57.077
0.10242 0.0533643 0.993309 8.62063 0.0193656 0.998263 -0.0556272 -0.626392 -0.994553 0.0249334 0.101209 57.1188
0.0774739 0.0514122 0.995668 9.20386 0.0268552 0.998199 -0.0536326 -0.651838 -0.996633 0.030894 0.0759538 57.1489
0.057419 0.0506199 0.997066 9.78329 0.0312917 0.998131 -0.052476 -0.667879 -0.99786 0.0342131 0.0557278 57.1658
0.0416104 0.0521738 0.997771 10.3645 0.034186 0.997976 -0.0536102 -0.690982 -0.998549 0.0363405 0.0397427 57.1685
0.0294648 0.0513932 0.998244 10.94 0.0349077 0.998015 -0.0524118 -0.725804 -0.998956 0.0363907 0.0276124 57.1429
0.0179583 0.052331 0.998469 11.5991 0.0357469 0.997957 -0.0529471 -0.747858 -0.9992 0.036643 0.0160511 57.1574
0.00933769 0.0553223 0.998425 12.2419 0.0401243 0.997643 -0.0556543 -0.770899 -0.999151 0.0405808 0.00709602 57.1469
0.00341618 0.0569983 0.998369 12.8751 0.0444257 0.997379 -0.0570939 -0.799755 -0.999007 0.0445483 0.000875143 57.1223
-0.000735156 0.0562887 0.998415 13.504 0.045038 0.997403 -0.0561985 -0.829037 -0.998985 0.0449253 -0.00326828 57.1029
-0.00451163 0.053541 0.998556 14.2135 0.0427243 0.997663 -0.0533002 -0.86152 -0.999077 0.0424222 -0.0067885 57.1169
-0.00708958 0.0465935 0.998889 14.9107 0.0408052 0.998095 -0.0462668 -0.886498 -0.999142 0.0404319 -0.00897724 57.1193
-0.00839731 0.0396094 0.99918 15.5559 0.0431659 0.998297 -0.0392116 -0.941459 -0.999033 0.0428013 -0.0100927 57.1117
-0.00792744 0.0365762 0.9993 16.2741 0.0463119 0.998271 -0.0361712 -0.970174 -0.998896 0.0459927 -0.00960756 57.0806
-0.00739468 0.0383429 0.999238 16.9832 0.0500803 0.998024 -0.0379258 -1.00356 -0.998718 0.0497617 -0.0093002 57.0586
-0.00683749 0.0448565 0.99897 17.7205 0.051285 0.997694 -0.0444482 -1.0339 -0.998661 0.0509283 -0.00912209 57.0566
-0.00509171 0.0525679 0.998605 18.4558 0.0518848 0.997285 -0.052234 -1.06036 -0.99864 0.0515465 -0.00780527 57.0558
-0.0035572 0.0531868 0.998578 19.1398 0.0534638 0.997166 -0.0529211 -1.09114 -0.998564 0.0531995 -0.00639059 57.0715
-0.00221901 0.0489493 0.998799 19.8945 0.0528277 0.997412 -0.048764 -1.11554 -0.998601 0.052656 -0.00479905 57.0814
-0.00166178 0.0425898 0.999091 20.637 0.052772 0.997703 -0.0424429 -1.15053 -0.998605 0.0526535 -0.00390541 57.1151
-0.000150361 0.0416528 0.999132 21.4374 0.0502147 0.997871 -0.0415927 -1.17698 -0.998739 0.0501649 -0.00224152 57.1383
0.0027008 0.0469164 0.998895 22.1264 0.0585597 0.997176 -0.046994 -1.2001 -0.99828 0.058622 -5.41368e-05 57.1265
0.00515309 0.0529104 0.998586 22.8441 0.0605915 0.996747 -0.0531257 -1.22306 -0.99815 0.0607796 0.00193051 57.1344
0.00765634 0.0530247 0.998564 23.6004 0.0552991 0.997042 -0.0533679 -1.26024 -0.998441 0.0556283 0.00470158 57.1546
0.0108084 0.0500233 0.99869 24.3663 0.051013 0.997419 -0.0505118 -1.28833 -0.99864 0.0514921 0.00822879 57.1734
0.0155137 0.0461235 0.998815 25.1108 0.0559653 0.997329 -0.0469241 -1.32936 -0.998312 0.056627 0.012891 57.1753
0.0195157 0.0468709 0.99871 25.7792 0.0605379 0.997012 -0.0479742 -1.36583 -0.997975 0.0613961 0.01662 57.1172
0.0222625 0.0510045 0.99845 26.6112 0.0599445 0.996832 -0.0522584 -1.41636 -0.997954 0.0610151 0.0191346 57.1711
0.0248096 0.0515403 0.998363 27.3795 0.0564194 0.997005 -0.0528723 -1.45548 -0.998099 0.0576388 0.0218276 57.2316
0.0283645 0.0505311 0.99832 28.2071 0.0564953 0.997043 -0.0520716 -1.5111 -0.998 0.0578774 0.0254259 57.2847
0.0332525 0.0467777 0.998352 28.8974 0.0609986 0.996946 -0.0487436 -1.54992 -0.997584 0.0625189 0.0302977 57.2516
0.0379755 0.047478 0.99815 29.6473 0.0656683 0.996592 -0.0499023 -1.58013 -0.997119 0.0674419 0.0347284 57.2427
0.0417157 0.0484664 0.997953 30.5326 0.0696903 0.996248 -0.0512967 -1.61569 -0.996696 0.0716876 0.0381817 57.3168
0.0419482 0.0490226 0.997916 31.3153 0.0695847 0.996226 -0.0518647 -1.6477 -0.996694 0.0716154 0.0383788 57.402
0.0425856 0.0480059 0.997939 32.1345 0.070262 0.996227 -0.050922 -1.6816 -0.996619 0.0722858 0.0390521 57.4919
0.0448148 0.0471637 0.997881 32.9484 0.0726303 0.996087 -0.0503407 -1.71911 -0.996352 0.0747325 0.041214 57.5523
0.0466108 0.0478254 0.997768 33.7658 0.0707916 0.996183 -0.0510565 -1.75929 -0.996402 0.0730134 0.0430473 57.6275
0.0486439 0.0495344 0.997587 34.5204 0.0680493 0.996284 -0.0527879 -1.79926 -0.996496 0.070453 0.0450925 57.6861
0.0556496 0.0490036 0.997247 35.3449 0.0705557 0.996104 -0.0528847 -1.83729 -0.995954 0.0733045 0.0519755 57.6614
0.0593105 0.0484921 0.997061 36.0624 0.0682946 0.996281 -0.0525168 -1.87862 -0.995901 0.0712088 0.0557784 57.6839
0.0640138 0.0489854 0.996746 36.8338 0.0668584 0.996339 -0.0532593 -1.90441 -0.995707 0.0700503 0.0605045 57.6993
0.0678045 0.0497395 0.996458 37.6362 0.0637762 0.996497 -0.0540812 -1.93685 -0.995658 0.0672173 0.064395 57.7453
0.0721641 0.0522425 0.996024 38.4156 0.0623867 0.996434 -0.0567842 -1.97284 -0.99544 0.0662365 0.0686477 57.785
0.0738426 0.0555954 0.995719 39.2495 0.0615016 0.99629 -0.0601883 -2.02033 -0.995372 0.0656828 0.0701495 57.8951
0.0772449 0.0579285 0.995328 39.9716 0.0612391 0.996149 -0.062729 -2.06207 -0.99513 0.0657985 0.0734001 57.931
0.079574 0.0602341 0.995007 40.7731 0.0547629 0.9964 -0.064698 -2.11001 -0.995324 0.0596378 0.075989 58.0196
0.0825488 0.0596607 0.994799 41.5473 0.0507494 0.996659 -0.0639834 -2.15495 -0.995294 0.0557673 0.0792454 58.0905
0.0862972 0.06023 0.994447 42.2986 0.0529034 0.996485 -0.0649443 -2.19987 -0.994864 0.0582142 0.0828076 58.1421
0.091014 0.0616947 0.993937 43.0916 0.0524551 0.996396 -0.0666507 -2.24337 -0.994467 0.0582032 0.0874499 58.2183
0.0939131 0.0625873 0.993611 43.8901 0.0488105 0.996531 -0.0673847 -2.29291 -0.994383 0.054827 0.0905326 58.3239
0.09838 0.0607421 0.993293 44.6713 0.0483624 0.996663 -0.0657383 -2.33517 -0.993973 0.0545054 0.0951142 58.4034
0.10394 0.0607012 0.992729 45.4427 0.0493737 0.996589 -0.0661067 -2.38648 -0.993357 0.0558859 0.100588 58.4647
0.110294 0.0651563 0.991761 46.2032 0.0453435 0.996479 -0.070509 -2.42608 -0.992864 0.0527467 0.106952 58.5473
0.113933 0.0728199 0.990816 47.0101 0.0443955 0.99594 -0.0783015 -2.49298 -0.992496 0.0529089 0.110237 58.6976
0.12104 0.0775451 0.989614 47.7804 0.0443389 0.995526 -0.0834315 -2.53914 -0.991657 0.053977 0.117061 58.7895
0.126564 0.0808534 0.988658 48.6152 0.0385252 0.995519 -0.0863464 -2.60037 -0.99121 0.0490166 0.122882 58.9464
0.1324 0.0796594 0.98799 49.4306 0.034503 0.99579 -0.0849121 -2.66023 -0.990596 0.0453311 0.129094 59.0864
0.13873 0.0773418 0.987306 50.2179 0.0353783 0.995921 -0.0829879 -2.7287 -0.989698 0.0464422 0.135428 59.2164
0.14524 0.0743318 0.9866 51.0228 0.0343656 0.996192 -0.0801136 -2.78803 -0.9888 0.0455409 0.142133 59.3514
0.153017 0.0683681 0.985856 51.8434 0.0320229 0.996736 -0.0740931 -2.86038 -0.987705 0.0429075 0.150328 59.4797
0.160047 0.0613668 0.9852 52.661 0.0289032 0.997346 -0.0668187 -2.91746 -0.986686 0.0391696 0.157849 59.6228
0.167473 0.0583271 0.98415 53.4772 0.0300031 0.997483 -0.0642231 -2.97768 -0.98542 0.0402832 0.165302 59.7672
0.174538 0.0598254 0.982831 54.2468 0.0290877 0.997403 -0.065878 -3.03858 -0.984221 0.0400866 0.172345 59.8949
0.180031 0.0650108 0.98151 55.0699 0.0292092 0.997019 -0.0713957 -3.112 -0.983227 0.0415226 0.177596 60.0678
0.185183 0.0681483 0.980338 55.9004 0.0270357 0.996861 -0.0744039 -3.18086 -0.982332 0.0402825 0.18276 60.244
0.190627 0.0706548 0.979117 56.6864 0.0255741 0.99671 -0.0769035 -3.24868 -0.98133 0.0396999 0.188193 60.3987
0.197225 0.0701408 0.977846 57.4662 0.0237535 0.996802 -0.0762915 -3.30914 -0.980071 0.0382738 0.194928 60.5403
0.203754 0.0669123 0.976733 58.2263 0.0281278 0.996849 -0.0741581 -3.36619 -0.978618 0.0425834 0.20123 60.673
0.210251 0.0588639 0.975874 59.0089 0.029716 0.997339 -0.066561 -3.44015 -0.977196 0.0429937 0.207943 60.8143
0.213345 0.0509329 0.975648 59.7913 0.0284388 0.997892 -0.0583129 -3.51652 -0.976563 0.040187 0.211447 60.9998
0.217848 0.0456358 0.974915 60.5705 0.0252195 0.998309 -0.0523662 -3.59108 -0.975657 0.0359947 0.216329 61.1724
0.222154 0.0449514 0.973975 61.2838 0.0238027 0.998388 -0.0515073 -3.64544 -0.974721 0.0346258 0.220726 61.3229
0.226003 0.0467884 0.973002 62.0375 0.0221096 0.998341 -0.0531424 -3.69 -0.973876 0.033523 0.224594 61.4856
0.228135 0.0499914 0.972345 62.7672 0.0182271 0.998286 -0.0556017 -3.74481 -0.973459 0.0304078 0.226833 61.6612
0.230938 0.0531967 0.971513 63.4575 0.0175994 0.998112 -0.0588368 -3.79617 -0.972809 0.0306857 0.229566 61.8123
0.234012 0.0585887 0.970467 64.1569 0.0169853 0.997783 -0.0643336 -3.83632 -0.972086 0.0315385 0.232498 61.9711
0.235789 0.060046 0.969948 64.8502 0.0182339 0.997639 -0.066193 -3.8826 -0.971633 0.0332935 0.234138 62.1398
0.235503 0.0602903 0.970002 65.5685 0.0153244 0.997719 -0.0657336 -3.92346 -0.971753 0.0303452 0.234042 62.3709
0.237462 0.0571105 0.969717 66.2085 0.0159966 0.997904 -0.0626879 -3.96669 -0.971265 0.0303982 0.236051 62.4886
0.238649 0.0544074 0.969581 66.8949 0.017027 0.99804 -0.0601955 -4.00585 -0.970957 0.0308746 0.237255 62.6565
0.239402 0.0530335 0.969471 67.5388 0.0187444 0.998068 -0.0592267 -4.04354 -0.970739 0.0323512 0.237946 62.7905
0.239164 0.052081 0.969581 68.1982 0.0188298 0.998123 -0.0582589 -4.08204 -0.970797 0.0321905 0.237735 62.9462
0.238981 0.0526618 0.969595 68.8236 0.0185743 0.998097 -0.0587879 -4.11994 -0.970847 0.0320587 0.237548 63.0781
0.237734 0.055285 0.969756 69.4642 0.0184045 0.997942 -0.0614038 -4.15785 -0.971156 0.0324457 0.236228 63.2423
0.235174 0.058369 0.970199 70.0577 0.0204335 0.997677 -0.0649753 -4.20441 -0.971739 0.0351051 0.233435 63.3778
0.232881 0.058508 0.970744 70.6646 0.0233211 0.997565 -0.0657193 -4.23756 -0.972226 0.0379436 0.230949 63.532
0.229824 0.056331 0.971601 71.2524 0.0237619 0.9977 -0.063465 -4.2854 -0.972942 0.0376729 0.227957 63.6873
0.226445 0.0531343 0.972574 71.8298 0.0224177 0.997961 -0.0597409 -4.33032 -0.973766 0.0353309 0.224793 63.8287
0.2236 0.0486494 0.973466 72.4025 0.0234865 0.998194 -0.05528 -4.37136 -0.974398 0.0352239 0.222054 63.9694
0.217813 0.0468221 0.974867 72.8966 0.0276496 0.998151 -0.0541181 -4.41289 -0.975599 0.0387424 0.216116 64.1194
0.215553 0.0476973 0.975327 73.4288 0.0313893 0.997951 -0.055741 -4.44725 -0.975988 0.04263 0.213615 64.2276
0.211227 0.050036 0.976156 73.9252 0.0349062 0.997665 -0.0586917 -4.47262 -0.976814 0.0464711 0.208987 64.3432
0.209537 0.0519557 0.97642 74.4569 0.034372 0.997578 -0.0604577 -4.49912 -0.977197 0.0462296 0.207243 64.4444
0.203932 0.0555062 0.97741 74.9544 0.0334874 0.997411 -0.063629 -4.52161 -0.978412 0.045707 0.201546 64.6063
0.202325 0.0540992 0.977823 75.5112 0.0352409 0.997423 -0.0624754 -4.55405 -0.978684 0.0470997 0.199897 64.7159
0.202402 0.0519004 0.977926 76.0721 0.0417109 0.99723 -0.0615579 -4.58988 -0.978414 0.0532497 0.199677 64.8289
0.204044 0.0495525 0.977707 76.6173 0.0470921 0.997064 -0.0603616 -4.62125 -0.977828 0.0583588 0.201112 64.9227
0.204291 0.049377 0.977664 77.1389 0.0489465 0.996961 -0.0605795 -4.65255 -0.977686 0.0602291 0.201254 65.0468
0.206842 0.0486066 0.977166 77.6988 0.0470963 0.997111 -0.0595679 -4.6891 -0.97724 0.0583421 0.203956 65.1888
0.21059 0.049689 0.976311 78.2634 0.0455472 0.997123 -0.0605729 -4.72526 -0.976513 0.0572243 0.207722 65.3653
0.215772 0.0489897 0.975214 78.7922 0.04593 0.997125 -0.0602527 -4.7569 -0.975363 0.0577925 0.212902 65.4896
0.221954 0.0491636 0.973817 79.38 0.0444926 0.997176 -0.0604838 -4.78796 -0.974042 0.0567523 0.21914 65.6752
0.229366 0.0455664 0.972273 79.9232 0.0475925 0.997183 -0.0579612 -4.81131 -0.972176 0.0595672 0.226551 65.8099
0.237344 0.0451076 0.970378 80.506 0.0453057 0.997319 -0.0574413 -4.84022 -0.970369 0.057597 0.234665 65.9895
0.245784 0.045354 0.968263 81.0655 0.0440641 0.997348 -0.0579017 -4.86892 -0.968323 0.056897 0.243134 66.1447
0.25464 0.0486885 0.96581 81.6677 0.0395014 0.997373 -0.0606945 -4.90544 -0.966229 0.0536061 0.252048 66.338
0.262953 0.0515027 0.963433 82.2384 0.0356757 0.997371 -0.0630541 -4.936 -0.964149 0.0509515 0.260425 66.5009
0.272157 0.0538396 0.960746 82.951 0.0326452 0.997341 -0.0651381 -4.98045 -0.961699 0.0490916 0.269676 66.825
0.282091 0.0549353 0.957814 83.532 0.0323198 0.997247 -0.0667158 -5.01561 -0.958843 0.0497763 0.279539 66.9811
0.290836 0.0559933 0.955133 84.1574 0.0286731 0.997326 -0.0671978 -5.05835 -0.956343 0.0469302 0.288453 67.2111
0.300501 0.0566764 0.952096 84.778 0.0279882 0.997278 -0.0681997 -5.09273 -0.953371 0.0471416 0.298097 67.4101
0.310548 0.0568952 0.948854 85.4404 0.0253239 0.997356 -0.0680918 -5.13001 -0.950221 0.0451745 0.308287 67.6543
0.320565 0.0516845 0.945816 86.1198 0.0265665 0.997626 -0.06352 -5.16987 -0.946854 0.0454893 0.318431 67.9227
0.33182 0.0446773 0.942284 86.7517 0.0307051 0.997836 -0.058124 -5.19867 -0.942843 0.0482197 0.329731 68.0894
0.341577 0.0406392 0.938975 87.4269 0.0328405 0.997937 -0.0551378 -5.23019 -0.93928 0.0496703 0.339538 68.3537
0.351149 0.0367533 0.935598 88.1392 0.0335725 0.998091 -0.0518088 -5.2631 -0.935718 0.049603 0.349246 68.6724
0.360116 0.0346168 0.932265 88.8203 0.039694 0.997837 -0.0523847 -5.28947 -0.932063 0.05587 0.357964 68.9244
0.368235 0.0305038 0.929232 89.5046 0.045766 0.997654 -0.050886 -5.30185 -0.928606 0.0612653 0.365975 69.1869
0.37473 0.0210835 0.926894 90.2051 0.0557122 0.997422 -0.0452115 -5.33081 -0.925459 0.0685815 0.37259 69.4501
0.38101 0.0176863 0.924402 90.9151 0.0606976 0.997181 -0.0440966 -5.34768 -0.922577 0.0729103 0.378863 69.7484
0.387321 0.0161775 0.921803 91.6169 0.0643754 0.99693 -0.0445451 -5.39643 -0.919695 0.0765948 0.385091 70.0411
0.395337 0.0221894 0.918268 92.4187 0.0666348 0.99638 -0.052765 -5.4316 -0.916116 0.0820486 0.392428 70.408
0.401895 0.0258261 0.915321 93.1274 0.0712373 0.99569 -0.0593724 -5.47067 -0.91291 0.0890666 0.398324 70.7129
0.406556 0.0283905 0.913185 93.8599 0.0689796 0.995709 -0.0616664 -5.5128 -0.911018 0.088062 0.402854 71.053
0.410293 0.0311472 0.911422 94.5631 0.0615236 0.996193 -0.0617402 -5.53891 -0.909876 0.0814056 0.406815 71.3906
0.413608 0.0335261 0.909838 95.3653 0.0547066 0.9966 -0.0615926 -5.63245 -0.90881 0.0752494 0.410368 71.8362
0.416049 0.0354778 0.90865 96.1343 0.0538972 0.996519 -0.0635869 -5.72185 -0.907744 0.075429 0.412689 72.2609
0.419674 0.0386676 0.906851 96.918 0.0501298 0.996579 -0.0656928 -5.81876 -0.906289 0.0730299 0.416301 72.6861
0.423173 0.0435043 0.905004 97.6245 0.0449834 0.996605 -0.0689416 -5.85592 -0.904932 0.0698844 0.41978 73.0312
0.427573 0.042991 0.902958 98.2946 0.0427167 0.996791 -0.067686 -5.90043 -0.902971 0.0675121 0.424365 73.3255
0.432417 0.0399839 0.900787 99.0033 0.0441652 0.996877 -0.0654504 -5.94845 -0.900592 0.0680853 0.429301 73.6642
0.43603 0.0380593 0.899127 99.6483 0.0434709 0.997047 -0.0632853 -5.98722 -0.898882 0.0666802 0.433088 73.951
0.440366 0.0377805 0.897023 100.314 0.0423309 0.997128 -0.0627778 -6.0301 -0.89682 0.065617 0.437503 74.2698
0.443692 0.0395841 0.895305 100.972 0.0399483 0.997156 -0.0638847 -6.08473 -0.895289 0.0641111 0.440849 74.6213
0.446347 0.0402856 0.893953 101.582 0.0405833 0.997046 -0.0651946 -6.12872 -0.893939 0.065379 0.443394 74.9161
0.447843 0.0382686 0.893293 102.224 0.0432736 0.996984 -0.0644056 -6.17231 -0.893065 0.0674997 0.444836 75.2654
0.449954 0.0370186 0.892284 102.831 0.0455609 0.996887 -0.0643334 -6.2162 -0.891889 0.0696004 0.446867 75.5635
0.451736 0.0366793 0.891398 103.451 0.0449432 0.996949 -0.0637986 -6.26037 -0.891019 0.0688824 0.448709 75.8854
0.45463 0.0358038 0.889961 104.029 0.046931 0.996839 -0.064078 -6.29944 -0.889443 0.0708986 0.451514 76.1502
0.457709 0.0374916 0.888312 104.61 0.0467985 0.996708 -0.0661799 -6.34089 -0.88787 0.0718628 0.454449 76.4381
0.460873 0.0373623 0.88668 105.184 0.0498999 0.996441 -0.0679241 -6.38289 -0.886062 0.0755496 0.457369 76.7154
0.464171 0.0365694 0.88499 105.766 0.051908 0.996306 -0.0683947 -6.42806 -0.884223 0.077685 0.460559 77.0272
0.467598 0.0345231 0.883267 106.329 0.0556428 0.996104 -0.0683906 -6.46849 -0.882188 0.0811268 0.463856 77.3131
0.471496 0.0330238 0.88125 106.867 0.0579423 0.995978 -0.0683241 -6.50656 -0.879963 0.0832762 0.467687 77.5792
0.474796 0.0323991 0.879499 107.413 0.0594709 0.995856 -0.0687908 -6.54951 -0.878084 0.0849662 0.470903 77.8967
0.47891 0.0315541 0.877297 107.91 0.0602596 0.995814 -0.0687123 -6.58389 -0.875793 0.0857726 0.475005 78.1258
0.482693 0.0311274 0.875236 108.434 0.0616868 0.995676 -0.0694312 -6.62394 -0.873614 0.0875046 0.478687 78.4101
0.486552 0.0326378 0.873042 108.942 0.0609222 0.9956 -0.0711719 -6.66585 -0.871525 0.0878165 0.482424 78.7077
0.490474 0.0326234 0.870845 109.448 0.0634079 0.995313 -0.0729986 -6.70792 -0.869146 0.0910224 0.486107 79.0027
0.49539 0.0359826 0.867925 109.943 0.0610742 0.995225 -0.0761199 -6.75096 -0.866521 0.0907169 0.490828 79.2791
0.501165 0.0416559 0.864349 110.44 0.0575735 0.995021 -0.0813357 -6.79721 -0.863435 0.0905262 0.496272 79.5748
0.507034 0.0485812 0.860556 110.918 0.0523455 0.99483 -0.0870031 -6.84262 -0.860335 0.0891597 0.50187 79.8806
0.512461 0.0546909 0.856968 111.358 0.0470922 0.994676 -0.0916402 -6.88992 -0.857419 0.0873185 0.507158 80.178
0.518433 0.0592138 0.853066 111.857 0.0434098 0.994489 -0.0954119 -6.94389 -0.854016 0.0864961 0.513006 80.5163
0.524178 0.0595161 0.849527 112.362 0.0390387 0.994825 -0.0937833 -6.99632 -0.850714 0.0823235 0.519143 80.8412
0.530054 0.0585466 0.845941 112.87 0.032789 0.995451 -0.0894393 -7.04871 -0.84733 0.0751453 0.525724 81.1772
0.536048 0.0561277 0.84232 113.378 0.0259739 0.996217 -0.0829123 -7.11436 -0.843788 0.0663233 0.532563 81.5216
0.541179 0.0545708 0.839135 113.894 0.0180086 0.99691 -0.0764456 -7.18916 -0.840715 0.0564824 0.538525 81.9023
0.547783 0.0524075 0.834978 114.391 0.0146836 0.997279 -0.0722275 -7.2488 -0.836492 0.0518255 0.545524 82.218
0.553869 0.0559356 0.830723 114.903 0.00918433 0.997268 -0.0732733 -7.29501 -0.832554 0.0482134 0.551843 82.5872
0.559778 0.0597416 0.826487 115.431 0.00523867 0.997121 -0.075624 -7.34356 -0.828626 0.0466623 0.557854 82.9857
0.566335 0.0628984 0.821772 115.955 0.00222812 0.996962 -0.0778431 -7.39624 -0.824172 0.0459162 0.564475 83.3403
0.572642 0.0648192 0.81724 116.506 -0.000242053 0.996881 -0.078898 -7.44881 -0.819806 0.0449824 0.570872 83.7487
0.579187 0.0652846 0.812577 117.051 -0.00342542 0.996973 -0.077658 -7.50681 -0.815188 0.0421951 0.577658 84.158
0.585657 0.0665846 0.80782 117.627 -0.00907532 0.997095 -0.0756063 -7.57043 -0.810508 0.0369481 0.584561 84.6253
0.593577 0.0640112 0.802228 118.173 -0.0105126 0.997362 -0.071803 -7.63779 -0.804709 0.034187 0.592685 84.9896
0.601186 0.0619086 0.796708 118.772 -0.0112551 0.99755 -0.0690223 -7.69335 -0.79903 0.0325282 0.600411 85.466
0.610601 0.061753 0.789527 119.396 -0.0112633 0.99753 -0.0693113 -7.73662 -0.791858 0.0334288 0.60979 85.9275
0.620425 0.0632667 0.781711 120.03 -0.0150754 0.997517 -0.0687679 -7.79109 -0.784121 0.0308806 0.619839 86.4115
0.629595 0.0635643 0.774319 120.627 -0.0161072 0.9975 -0.0687889 -7.84477 -0.776756 0.030837 0.629046 86.8705
0.636342 0.0639671 0.768751 121.217 -0.017493 0.997495 -0.0685208 -7.8913 -0.771209 0.0301549 0.635868 87.3895
0.640674 0.0628411 0.765238 121.801 -0.0170137 0.997561 -0.0676754 -7.93428 -0.767624 0.0303383 0.640182 87.9213
0.644267 0.0610871 0.762358 122.416 -0.015508 0.997642 -0.0668347 -7.9794 -0.764644 0.0312366 0.643696 88.4583
0.648289 0.0587371 0.759126 123.027 -0.0123196 0.997697 -0.0666758 -8.02411 -0.761295 0.033873 0.647521 88.9795
0.652047 0.054809 0.756195 123.685 -0.00661491 0.997755 -0.0666136 -8.06711 -0.75815 0.038433 0.650947 89.5534
0.655222 0.0475419 0.75394 124.301 0.00130323 0.997944 -0.0640611 -8.13756 -0.755436 0.0429567 0.653814 90.0916
0.658449 0.0409399 0.751512 124.94 0.0067206 0.998158 -0.0602649 -8.20225 -0.752596 0.0447319 0.656962 90.6572
0.660884 0.0355007 0.749649 125.569 0.0118342 0.998262 -0.0577073 -8.25433 -0.750396 0.0470092 0.659316 91.2237
0.663725 0.0338623 0.74721 126.197 0.0119456 0.998366 -0.0558553 -8.30492 -0.747882 0.0459984 0.662237 91.7931
0.665245 0.0347949 0.745815 126.816 0.0117142 0.998303 -0.0570233 -8.35383 -0.746534 0.0466711 0.663709 92.3913
0.668532 0.0393651 0.742642 127.472 0.00634645 0.998258 -0.0586278 -8.40094 -0.743657 0.0439076 0.667118 93.0141
0.671367 0.0425704 0.739902 128.139 0.00031054 0.998331 -0.0577212 -8.45046 -0.741125 0.0389818 0.670234 93.6635
0.67376 0.0389379 0.737924 128.772 0.00023005 0.998598 -0.0529031 -8.50583 -0.73895 0.0358137 0.672808 94.2443
0.677892 0.0356664 0.734296 129.437 -0.00298936 0.998946 -0.0457614 -8.55741 -0.735156 0.0288262 0.677286 94.855
0.681032 0.0298005 0.731648 130.076 -0.00253191 0.99926 -0.038344 -8.61182 -0.732249 0.0242609 0.680605 95.4602
0.685333 0.025246 0.727793 130.73 -0.000678813 0.999419 -0.0340293 -8.66312 -0.72823 0.0228272 0.684953 96.0961
0.689111 0.021592 0.724335 131.364 0.00540477 0.999374 -0.0349329 -8.70345 -0.724637 0.0279874 0.688563 96.7134
0.693838 0.0195419 0.719867 132.011 0.0149035 0.999026 -0.0414848 -8.72847 -0.719978 0.0395122 0.692872 97.2998
0.698325 0.0210574 0.715472 132.697 0.0206367 0.998558 -0.0495315 -8.76686 -0.715483 0.049354 0.696885 98.0104
0.703178 0.0215735 0.710687 133.367 0.0235736 0.998281 -0.0536284 -8.80779 -0.710623 0.0544637 0.701462 98.7012
0.708306 0.0183414 0.705668 134.019 0.0249661 0.998385 -0.0510091 -8.84594 -0.705465 0.0537478 0.706705 99.3557
0.713746 0.0126736 0.700291 134.706 0.0299985 0.998364 -0.0486432 -8.89168 -0.699762 0.0557264 0.712199 100.108
0.718617 0.00884229 0.695351 135.326 0.0353067 0.998164 -0.0491812 -8.92996 -0.69451 0.0598929 0.716986 100.675
0.723094 0.010762 0.690667 135.999 0.0372188 0.997817 -0.0545145 -8.98657 -0.689747 0.0651248 0.721116 101.432
0.726824 0.0117476 0.686724 136.644 0.0366812 0.997761 -0.0558918 -9.03457 -0.685844 0.0658133 0.724767 102.092
0.730188 0.00920081 0.683186 137.291 0.0387068 0.997745 -0.0548071 -9.08536 -0.68215 0.0664633 0.728186 102.79
0.732271 0.00310362 0.681007 137.926 0.0427329 0.997808 -0.0504974 -9.13225 -0.679671 0.0660792 0.730535 103.447
0.733353 -0.00112149 0.679849 138.58 0.0458628 0.997801 -0.0478265 -9.17856 -0.6783 0.0662534 0.731792 104.161
0.734593 -0.00577476 0.678484 139.244 0.0488955 0.997813 -0.0444467 -9.23134 -0.676744 0.065825 0.73327 104.838
0.734919 -0.00698258 0.67812 139.9 0.0488992 0.997888 -0.0427199 -9.28491 -0.676391 0.0645551 0.733709 105.57
0.734673 -0.00534574 0.678401 140.538 0.0441136 0.998228 -0.0399071 -9.37497 -0.676986 0.0592453 0.733608 106.273
0.734576 -0.00264499 0.678522 141.187 0.0402921 0.998396 -0.0397291 -9.45014 -0.677329 0.0565231 0.733506 106.976
0.733518 0.00124086 0.67967 141.821 0.0350629 0.998596 -0.0396642 -9.5083 -0.678765 0.0529255 0.732446 107.66
0.731486 0.00559904 0.681834 142.465 0.0298353 0.998744 -0.0402096 -9.56668 -0.681204 0.0497554 0.730402 108.354
0.729841 0.00846118 0.683566 143.125 0.0251531 0.998912 -0.0392207 -9.60944 -0.683155 0.0458186 0.728835 109.076
0.727824 0.00973676 0.685697 143.785 0.0227914 0.999002 -0.0383775 -9.65154 -0.685386 0.0435599 0.726876 109.773
0.72659 0.00811467 0.687024 144.447 0.023034 0.999079 -0.0361613 -9.68727 -0.686685 0.0420993 0.725735 110.432
0.72498 0.00630907 0.688742 145.108 0.0225372 0.999204 -0.0328763 -9.71841 -0.688401 0.0393569 0.724262 111.123
0.722562 0.00171875 0.691305 145.765 0.0272462 0.999147 -0.0309626 -9.74653 -0.690769 0.0412077 0.721901 111.789
0.719956 0.00593452 0.693995 146.409 0.0266159 0.99899 -0.0361545 -9.7719 -0.693509 0.0445009 0.719073 112.427
0.717805 0.0151348 0.696081 147.075 0.0219585 0.998773 -0.0443602 -9.80826 -0.695899 0.0471268 0.716592 113.104
0.715146 0.0221678 0.698625 147.763 0.0186918 0.998531 -0.050818 -9.83974 -0.698726 0.0494008 0.713683 113.838
0.713373 0.0204523 0.700487 148.387 0.0178126 0.99872 -0.0473004 -9.86308 -0.700559 0.0462202 0.712097 114.359
0.710527 0.0187538 0.703421 149.137 0.0147384 0.999027 -0.0415225 -9.9086 -0.703516 0.0398701 0.709561 115.14
0.707225 0.017068 0.706783 149.809 0.0124419 0.999251 -0.0365807 -9.94941 -0.706879 0.0346644 0.706485 115.816
0.703782 0.0167789 0.710219 150.484 0.0129002 0.999252 -0.036391 -9.98712 -0.710299 0.0347732 0.703041 116.508
0.702931 0.0142146 0.711117 151.18 0.0152637 0.999267 -0.0350627 -10.0236 -0.711095 0.0355009 0.7022 117.086
0.70156 0.0129257 0.712494 151.876 0.019721 0.999098 -0.0375438 -10.0478 -0.712337 0.0403902 0.700674 117.698
0.697945 0.0118533 0.716054 152.541 0.0233995 0.99895 -0.0393442 -10.0823 -0.715769 0.0442153 0.696936 118.327
0.694294 0.0117854 0.719595 153.213 0.0266395 0.998758 -0.0420606 -10.1151 -0.719198 0.048372 0.69312 118.956
0.690972 0.0118968 0.722784 153.89 0.0263737 0.998782 -0.0416528 -10.1481 -0.7224 0.0478434 0.689818 119.581
0.685844 0.0132021 0.727629 154.567 0.024318 0.99886 -0.041045 -10.186 -0.727342 0.0458448 0.684743 120.284
0.681654 0.0117492 0.731581 155.231 0.026477 0.998818 -0.0407114 -10.2098 -0.731195 0.0471211 0.680539 120.834
0.676792 0.014172 0.736038 155.92 0.0240198 0.998855 -0.041319 -10.2391 -0.735782 0.0456438 0.675679 121.442
0.671406 0.0210101 0.740793 156.631 0.0203603 0.998696 -0.0467781 -10.2725 -0.74081 0.0464897 0.670104 122.093
0.666341 0.0258168 0.745201 157.332 0.0183809 0.998526 -0.051029 -10.3045 -0.745421 0.0477001 0.664886 122.708
0.660839 0.0278487 0.750012 158.034 0.018665 0.998391 -0.0535173 -10.34 -0.750296 0.0493652 0.659257 123.318
0.653921 0.0226747 0.756224 158.724 0.0179677 0.998802 -0.0454854 -10.3682 -0.75635 0.0433313 0.652731 123.923
0.647277 0.0192736 0.762012 159.432 0.0116568 0.999311 -0.0351775 -10.4062 -0.762166 0.0316521 0.646608 124.551
0.640035 0.0145706 0.768208 160.133 0.0117633 0.999515 -0.0287586 -10.4379 -0.768256 0.027443 0.639555 125.147
0.63206 0.0169207 0.774735 160.887 0.00523801 0.999644 -0.0261064 -10.465 -0.774902 0.0205588 0.631748 125.841
0.625578 0.0179859 0.779955 161.638 0.00604964 0.999591 -0.0279032 -10.4983 -0.780138 0.022174 0.625214 126.333
0.620414 0.0174395 0.784082 162.377 0.0112244 0.999451 -0.0311115 -10.5345 -0.784195 0.0281027 0.619879 126.778
0.613634 0.0257564 0.789171 163.145 0.0120543 0.999044 -0.0419793 -10.5579 -0.789499 0.0352727 0.612738 127.369
0.606416 0.0269138 0.794693 163.974 0.0156434 0.998828 -0.0457646 -10.5772 -0.794994 0.040184 0.605285 128.031
0.598792 0.0221727 0.800599 164.707 0.0190376 0.998938 -0.0419048 -10.6156 -0.800679 0.0403336 0.597735 128.587
0.591738 0.0157306 0.805978 165.485 0.0237105 0.999036 -0.0369068 -10.6477 -0.805782 0.0409492 0.590795 129.122
0.585183 0.0145757 0.810771 166.289 0.0245264 0.999061 -0.035663 -10.6801 -0.81053 0.0407546 0.584277 129.69
0.57792 0.0163393 0.81593 167 0.0230837 0.99907 -0.0363571 -10.7082 -0.815767 0.0398461 0.577007 130.176
0.570459 0.0138541 0.82121 167.837 0.02794 0.99895 -0.0362615 -10.7438 -0.820851 0.0436302 0.569474 130.849
0.564146 0.00734276 0.825643 168.638 0.0337253 0.998919 -0.0319279 -10.778 -0.824986 0.045857 0.56329 131.452
0.558709 0.00455521 0.829352 169.382 0.0341391 0.999009 -0.0284857 -10.8115 -0.828661 0.0442285 0.558001 131.957
0.554176 0.00292909 0.832395 170.171 0.0329757 0.99913 -0.0254699 -10.8434 -0.831746 0.0415635 0.553599 132.508
0.54954 0.00469458 0.835455 170.981 0.0326337 0.999099 -0.0270799 -10.8721 -0.83483 0.0421454 0.548893 133.074
0.546294 0.0074456 0.837561 171.652 0.0336844 0.998954 -0.030851 -10.8876 -0.836916 0.0450664 0.545473 133.441
0.543766 0.013327 0.839132 172.406 0.033028 0.998758 -0.0372648 -10.9101 -0.838587 0.0479781 0.542651 133.923
0.540969 0.0160924 0.840889 173.208 0.0309485 0.998757 -0.0390239 -10.935 -0.840473 0.0471349 0.5398 134.472
0.538938 0.0114821 0.842268 173.938 0.0318931 0.99891 -0.034025 -10.9541 -0.841741 0.0451998 0.537986 134.908
0.537272 0.00332457 0.843403 174.698 0.0361062 0.998983 -0.0269388 -10.9713 -0.842636 0.0449254 0.536607 135.385
