1 0 0 0 0 1 0 0 0 0 1 0
0.999996 0.00249501 0.00111275 -0.0368727 -0.00249392 0.999996 -0.000978355 0.00600025 -0.00111518 0.000975577 0.999999 1.3536
0.999997 0.00174903 0.00178262 -0.0615596 -0.00174613 0.999997 -0.00162703 -0.00140727 -0.00178546 0.00162391 0.999997 2.71436
0.999995 0.000575975 0.0031582 -0.0967814 -0.000565932 0.999995 -0.00317986 -0.0170422 -0.00316001 0.00317806 0.99999 4.04961
0.999992 0.000221017 0.00387261 -0.10115 -0.00020874 0.999995 -0.00317047 -0.0387067 -0.00387329 0.00316964 0.999988 5.458
0.999989 -0.000298254 0.00465471 -0.111738 0.000311208 0.999996 -0.00278265 -0.0590301 -0.00465386 0.00278407 0.999985 6.80725
0.999977 -0.00176062 0.00647414 -0.142132 0.0017726 0.999997 -0.00184409 -0.0792004 -0.00647087 0.00185553 0.999977 8.15485
0.999977 -0.000865218 0.00668196 -0.136907 0.000879404 0.999997 -0.00212038 -0.0906322 -0.0066801 0.0021262 0.999976 9.55316
0.999973 0.000446343 0.00730179 -0.149426 -0.000415272 0.999991 -0.00425623 -0.110464 -0.00730363 0.00425308 0.999964 10.9311
0.999966 0.0034298 0.0074792 -0.139007 -0.00338161 0.999974 -0.00644706 -0.1376 -0.00750111 0.00642155 0.999951 12.3366
0.999938 0.00693719 0.00867834 -0.154588 -0.00687161 0.999948 -0.00756432 -0.169546 -0.00873037 0.00750422 0.999934 13.6898
0.999902 0.00932745 0.0104018 -0.185268 -0.00925172 0.999931 -0.00730578 -0.207474 -0.0104692 0.00720883 0.999919 15.0462
0.999882 0.00970869 0.0118828 -0.209029 -0.00963386 0.999933 -0.00633874 -0.241709 -0.0119436 0.00622351 0.99991 16.4103
0.999877 0.00702634 0.0140157 -0.225737 -0.00697662 0.999969 -0.00359302 -0.272728 -0.0140405 0.00349479 0.999896 17.791
0.999854 0.00316759 0.0167933 -0.260268 -0.00313521 0.999993 -0.00195439 -0.298594 -0.0167993 0.00190146 0.999857 19.1525
0.999834 0.00109401 0.0181692 -0.267139 -0.00101602 0.99999 -0.00430131 -0.328212 -0.0181737 0.00428214 0.999826 20.5414
0.999811 7.08299e-05 0.0194375 -0.264726 3.35732e-05 0.999986 -0.005371 -0.386291 -0.0194376 0.00537064 0.999797 21.8646
0.999796 0.00191121 0.0200953 -0.240301 -0.00179123 0.99998 -0.00598682 -0.437643 -0.0201064 0.0059496 0.99978 23.2788
0.999719 0.00507438 0.0231728 -0.26512 -0.00498482 0.99998 -0.00392112 -0.471876 -0.0231923 0.0038045 0.999724 24.6559
0.999716 0.00514608 0.023289 -0.226995 -0.00515822 0.999987 0.000461201 -0.51702 -0.0232863 -0.000581202 0.999729 26.0887
0.999672 0.00285422 0.025435 -0.236697 -0.00292394 0.999992 0.00270416 -0.54419 -0.0254271 -0.00277765 0.999673 27.4708
0.999648 -0.00104943 0.0264938 -0.22532 0.00101208 0.999998 0.00142316 -0.576522 -0.0264953 -0.00139585 0.999648 28.8679
0.999619 -0.00182807 0.0275438 -0.220769 0.00184231 0.999998 -0.000491882 -0.607802 -0.0275428 0.000542437 0.999621 30.2659
0.999555 -0.00271235 0.0297017 -0.220097 0.00278534 0.999993 -0.0024163 -0.642036 -0.0296949 0.00249795 0.999556 31.6363
0.999511 0.000474681 0.0312687 -0.186566 -0.000357826 0.999993 -0.00374272 -0.661785 -0.0312703 0.0037297 0.999504 32.9999
0.999489 0.00242926 0.0318805 -0.153728 -0.00223298 0.999978 -0.00619119 -0.686632 -0.0318949 0.00611683 0.999473 34.4049
0.999471 0.00317739 0.0323753 -0.117294 -0.00298438 0.999977 -0.00600815 -0.709311 -0.0323937 0.00590835 0.999458 35.839
0.999459 0.00430832 0.0325985 -0.0851089 -0.00412736 0.999976 -0.00561626 -0.727581 -0.0326219 0.00547868 0.999453 37.2635
0.999452 0.00541259 0.0326661 -0.0553506 -0.00527134 0.999976 -0.00440872 -0.750682 -0.0326892 0.00423411 0.999457 38.7155
0.999412 0.00846929 0.033234 -0.0265617 -0.00832085 0.999955 -0.00460239 -0.775204 -0.0332715 0.00432315 0.999437 40.1713
0.999354 0.0114995 0.0340398 0.00447082 -0.0113234 0.999922 -0.00536224 -0.802067 -0.0340988 0.00497334 0.999407 41.6124
0.999291 0.014106 0.034909 0.0366065 -0.0139252 0.999888 -0.00541554 -0.828964 -0.0349815 0.00492558 0.999376 43.0536
0.99927 0.0151279 0.0350701 0.0780448 -0.014953 0.999874 -0.00524441 -0.862191 -0.035145 0.00471618 0.999372 44.5441
0.999283 0.0143012 0.0350521 0.121335 -0.0141229 0.999886 -0.0053307 -0.895075 -0.0351243 0.00483184 0.999372 46.0273
0.999302 0.0138236 0.0347047 0.163742 -0.0136139 0.999888 -0.00627063 -0.910975 -0.0347875 0.00579379 0.999378 47.4678
0.99929 0.0151142 0.0345207 0.201759 -0.0148769 0.999864 -0.00712094 -0.932254 -0.0346236 0.00660232 0.999379 48.8729
0.9993 0.0169005 0.0333769 0.25387 -0.0166802 0.999837 -0.00686995 -0.953409 -0.0334876 0.00630841 0.99942 50.3302
0.999356 0.0179969 0.0310419 0.336636 -0.017788 0.999817 -0.0069931 -1.00838 -0.0311621 0.00643643 0.999494 51.827
0.999334 0.0198112 0.0306399 0.37003 -0.0195688 0.999775 -0.00818929 -1.0212 -0.0307952 0.00758425 0.999497 53.277
0.999318 0.0214886 0.0300439 0.40013 -0.0212503 0.99974 -0.0082286 -1.05483 -0.0302129 0.00758455 0.999515 54.7155
0.99934 0.0208055 0.0297995 0.437794 -0.0205811 0.999758 -0.00781591 -1.08663 -0.0299548 0.00719744 0.999526 56.1891
0.999335 0.0196793 0.0306979 0.458656 -0.0194235 0.999774 -0.00860706 -1.10203 -0.0308604 0.00800508 0.999492 57.6442
0.999369 0.0174163 0.0309628 0.494072 -0.0171193 0.999805 -0.00982924 -1.12844 -0.031128 0.00929298 0.999473 59.0891
0.999289 0.0193451 0.0323594 0.504424 -0.0189851 0.999755 -0.0113935 -1.15644 -0.0325718 0.010771 0.999412 60.5304
0.999195 0.0210648 0.0341415 0.53752 -0.0206494 0.999709 -0.0124743 -1.18897 -0.0343944 0.0117592 0.99934 61.9687
0.999155 0.0207329 0.0355082 0.572982 -0.0202837 0.99971 -0.0129635 -1.21843 -0.0357667 0.0122323 0.999286 63.4154
0.999222 0.0187804 0.0346962 0.660647 -0.0183106 0.999737 -0.0138073 -1.2586 -0.0349464 0.0131613 0.999303 64.8772
0.999282 0.0145417 0.0350022 0.739464 -0.0140623 0.999804 -0.013903 -1.30516 -0.0351975 0.0134008 0.999291 66.2934
0.999255 0.014178 0.035898 0.798865 -0.0136865 0.99981 -0.0139002 -1.35342 -0.0360883 0.0133985 0.999259 67.7305
0.999253 0.0149235 0.0356521 0.855428 -0.0144556 0.999806 -0.013347 -1.41365 -0.0358444 0.0128217 0.999276 69.2615
0.999139 0.0177647 0.0374998 0.89031 -0.0173203 0.999776 -0.0121425 -1.46203 -0.0377071 0.0114825 0.999223 70.6625
0.999006 0.0208428 0.0394216 0.92427 -0.0204281 0.999732 -0.0108939 -1.50136 -0.0396381 0.0100777 0.999164 72.0821
0.998836 0.024543 0.0415317 0.964487 -0.024133 0.999655 -0.0103446 -1.55137 -0.0417713 0.0093303 0.999084 73.4701
0.998689 0.0284634 0.0425419 0.993427 -0.0280232 0.999548 -0.0109082 -1.58471 -0.0428332 0.00970176 0.999036 74.9627
0.998571 0.0311614 0.0434289 1.0428 -0.0306868 0.999462 -0.0115532 -1.62266 -0.0437655 0.010204 0.99899 76.4021
0.998456 0.033469 0.0443424 1.09688 -0.0329606 0.999383 -0.012147 -1.66219 -0.0447215 0.0106667 0.998943 77.8317
0.998431 0.0332281 0.045079 1.14863 -0.0327255 0.999394 -0.0118415 -1.70225 -0.0454452 0.0103477 0.998914 79.2646
0.9984 0.0329805 0.0459336 1.19186 -0.0324868 0.999407 -0.0114538 -1.77138 -0.0462841 0.00994327 0.998879 80.6858
0.998453 0.0317526 0.0456557 1.27708 -0.0311779 0.999426 -0.0132447 -1.79484 -0.04605 0.0118008 0.99887 82.0739
0.998433 0.0321082 0.0458368 1.33685 -0.0314992 0.999406 -0.013948 -1.82908 -0.0462574 0.0124824 0.998852 83.4862
0.998437 0.0315116 0.0461691 1.38357 -0.0308951 0.999424 -0.0140084 -1.8695 -0.046584 0.0125601 0.998836 84.9188
0.998491 0.0311013 0.0452588 1.45697 -0.030457 0.999426 -0.0148574 -1.90259 -0.0456949 0.0134565 0.998865 86.3503
0.998535 0.0311248 0.0442585 1.55411 -0.0304902 0.999423 -0.0149417 -1.93921 -0.044698 0.0135704 0.998909 87.7412
0.998647 0.0297475 0.0426701 1.62275 -0.0291562 0.999471 -0.0144143 -1.97949 -0.0430763 0.0131507 0.998986 89.1967
0.998741 0.0277515 0.0417869 1.69163 -0.0271977 0.999535 -0.0137624 -2.02746 -0.0421494 0.0126086 0.999032 90.6054
0.998855 0.0254505 0.0405236 1.74915 -0.0249263 0.9996 -0.0133897 -2.0719 -0.0408482 0.0123643 0.999089 92.0494
0.998944 0.0225433 0.0400509 1.81491 -0.022032 0.999671 -0.0131624 -2.11708 -0.0403344 0.0122661 0.999112 93.4368
0.998938 0.0212918 0.0408656 1.84211 -0.0207614 0.999695 -0.013359 -2.17085 -0.0411376 0.0124964 0.999076 94.8178
0.998986 0.0198606 0.0404152 1.90592 -0.0193199 0.999719 -0.0137245 -2.21826 -0.0406764 0.0129298 0.999089 96.2645
0.999001 0.0200688 0.0399335 1.96617 -0.01953 0.999713 -0.013836 -2.27192 -0.0401997 0.0130423 0.999107 97.6925
0.998975 0.019936 0.0406453 2.01255 -0.0193801 0.999714 -0.0140256 -2.3248 -0.0409133 0.0132235 0.999076 99.0806
0.99891 0.0213115 0.0415483 2.04396 -0.0207217 0.999679 -0.0145737 -2.37961 -0.0418456 0.0136969 0.999031 100.482
0.998805 0.0229041 0.0431721 2.08129 -0.0223036 0.999648 -0.0143409 -2.42744 -0.0434854 0.0133608 0.998965 101.828
0.998758 0.0248336 0.0432085 2.14464 -0.0242838 0.999618 -0.0132043 -2.47139 -0.0435199 0.0121387 0.998979 103.183
0.998718 0.0264827 0.0431587 2.20495 -0.0259791 0.999588 -0.0121878 -2.5129 -0.0434637 0.011051 0.998994 104.536
0.99872 0.0256423 0.0436178 2.25871 -0.025048 0.999587 -0.014117 -2.54556 -0.0439618 0.0130063 0.998949 105.926
0.998742 0.0253531 0.0432665 2.32445 -0.0246567 0.999559 -0.0165559 -2.58493 -0.0436672 0.0154683 0.998927 107.312
0.998766 0.0243681 0.0432798 2.3795 -0.023626 0.999566 -0.0175762 -2.63517 -0.0436894 0.016532 0.998909 108.666
0.998824 0.0211581 0.0436416 2.43655 -0.0204747 0.999662 -0.0160485 -2.68392 -0.0439664 0.0151361 0.998919 110.024
0.998813 0.0189122 0.0448914 2.48659 -0.0182913 0.999732 -0.0142025 -2.73336 -0.045148 0.0133645 0.998891 111.393
0.998815 0.0173246 0.0454912 2.55859 -0.0166896 0.999758 -0.0143008 -2.75885 -0.045728 0.0135246 0.998863 112.774
0.998756 0.017027 0.0468713 2.61283 -0.0162721 0.999732 -0.0164412 -2.79253 -0.0471387 0.0156581 0.998766 114.103
0.998635 0.0198286 0.0483393 2.65753 -0.0189146 0.999635 -0.0192928 -2.83779 -0.0487042 0.0183521 0.998645 115.459
0.9985 0.0217521 0.0502507 2.70482 -0.0207004 0.999557 -0.0213548 -2.88363 -0.050693 0.0202826 0.998509 116.82
0.998313 0.0249955 0.0524196 2.76007 -0.0238961 0.999483 -0.021496 -2.93303 -0.0529298 0.0202071 0.998394 118.171
0.998182 0.0258728 0.0544492 2.8146 -0.0248358 0.999498 -0.0196379 -2.98263 -0.05493 0.0182499 0.998324 119.55
0.998064 0.0257736 0.0566073 2.85979 -0.0248089 0.999536 -0.0176791 -3.03171 -0.0570367 0.0162406 0.99824 120.903
0.997984 0.025334 0.0581961 2.93231 -0.0243603 0.999552 -0.0173802 -3.07708 -0.0586103 0.0159275 0.998154 122.26
0.997932 0.0258429 0.0588631 3.0339 -0.0247982 0.999523 -0.0184103 -3.11565 -0.0593108 0.0169126 0.998097 123.595
0.997855 0.0270005 0.0596505 3.14442 -0.0258993 0.999481 -0.0191563 -3.15379 -0.0601368 0.0175703 0.998036 124.924
0.997753 0.0288707 0.0604715 3.23922 -0.0277192 0.99942 -0.0197952 -3.19711 -0.061008 0.0180745 0.997974 126.293
0.997692 0.0290973 0.0613586 3.34083 -0.0278478 0.999389 -0.0211218 -3.2407 -0.0619357 0.0193644 0.997893 127.64
0.997621 0.0303227 0.0619177 3.42512 -0.0290113 0.999337 -0.0219696 -3.28971 -0.0625429 0.020121 0.99784 129.001
0.997565 0.0297032 0.0631156 3.51125 -0.0283383 0.999347 -0.0224111 -3.3392 -0.0637401 0.020568 0.997755 130.361
0.997531 0.0286964 0.0641022 3.60839 -0.0273605 0.999392 -0.0216216 -3.39021 -0.0646837 0.0198143 0.99771 131.687
0.997503 0.0262238 0.0655838 3.70578 -0.0249185 0.999476 -0.0206427 -3.44097 -0.0660908 0.0189569 0.997634 133.024
0.997519 0.0251589 0.0657512 3.80391 -0.0238655 0.999507 -0.020384 -3.4921 -0.0662316 0.0187643 0.997628 134.363
0.99755 0.022495 0.0662546 3.90247 -0.0211736 0.999564 -0.0205808 -3.54089 -0.0666887 0.0191275 0.997591 135.699
0.997554 0.0217526 0.0664348 3.98809 -0.0204619 0.999589 -0.020046 -3.59364 -0.0668436 0.0186376 0.99759 137.057
0.997562 0.0203331 0.0667649 4.0516 -0.0189712 0.9996 -0.0209688 -3.63556 -0.0671645 0.0196511 0.997549 138.467
0.997574 0.0194653 0.0668465 4.1302 -0.0180802 0.99961 -0.0212634 -3.68773 -0.0672343 0.0200032 0.997537 139.806
0.997674 0.0174764 0.0658893 4.20932 -0.0161715 0.999663 -0.0202856 -3.73624 -0.0662216 0.0191729 0.997621 141.215
0.99776 0.0158917 0.0649822 4.29202 -0.0145982 0.999686 -0.0203318 -3.78629 -0.0652849 0.0193376 0.99768 142.612
0.997703 0.0160487 0.0658193 4.34302 -0.0147157 0.999677 -0.020687 -3.83446 -0.0661301 0.0196709 0.997617 143.957
0.997755 0.0159311 0.0650472 4.42352 -0.0145646 0.999664 -0.0214278 -3.88744 -0.0653668 0.0204324 0.997652 145.347
0.997769 0.0155641 0.0649226 4.4954 -0.0141781 0.999663 -0.0217544 -3.94297 -0.0652393 0.0207854 0.997654 146.731
0.997823 0.0133897 0.0645799 4.56954 -0.0118497 0.999637 -0.0241718 -3.99976 -0.0648802 0.023354 0.99762 148.124
0.997897 0.00879402 0.064227 4.64566 -0.00721018 0.999665 -0.0248503 -4.05714 -0.064424 0.024335 0.997626 149.52
0.997984 0.000664598 0.0634658 4.74183 0.000742681 0.999754 -0.0221477 -4.12176 -0.063465 0.0221502 0.997739 150.838
0.997955 -0.00455634 0.0637619 4.81768 0.00589978 0.999764 -0.0208973 -4.18003 -0.0636517 0.0212308 0.997747 152.206
0.998012 -0.00698152 0.0626396 4.92067 0.00849309 0.999678 -0.0238976 -4.24896 -0.0624527 0.0243821 0.99775 153.596
0.99787 -0.00541813 0.0650143 4.96332 0.00717336 0.999615 -0.0267948 -4.3127 -0.0648441 0.0272041 0.997525 154.948
0.997801 -0.00191255 0.0662656 5.0497 0.00381331 0.999584 -0.0285695 -4.38193 -0.0661835 0.0287594 0.997393 156.314
0.99775 -0.00248379 0.0670049 5.14632 0.00439519 0.999587 -0.028394 -4.45088 -0.0669067 0.0286246 0.997349 157.697
0.997561 -0.00569389 0.0695805 5.19788 0.00744653 0.999661 -0.0249554 -4.50917 -0.0694148 0.0254126 0.997265 159.003
0.997538 -0.0110111 0.0692713 5.3317 0.0125987 0.999667 -0.0225235 -4.55969 -0.0690003 0.0233407 0.997344 160.428
0.997499 -0.0154839 0.0689653 5.44336 0.0169432 0.999643 -0.0206255 -4.6337 -0.0686214 0.0217424 0.997406 161.781
0.99738 -0.0178112 0.0701181 5.51783 0.0192836 0.999606 -0.0203775 -4.69212 -0.0697276 0.0216763 0.997331 163.135
0.997248 -0.0144369 0.0727241 5.57777 0.0159496 0.999667 -0.0202631 -4.75427 -0.0724074 0.0213672 0.997147 164.489
0.997041 -0.00962883 0.0762742 5.62038 0.0112454 0.99972 -0.0207938 -4.82385 -0.0760527 0.02159 0.99687 165.841
0.996969 -0.00627953 0.0775545 5.73146 0.00815764 0.99968 -0.0239237 -4.85095 -0.0773795 0.0244839 0.996701 167.163
0.996864 -0.00283369 0.0790818 5.82422 0.00483401 0.999673 -0.0251144 -4.89718 -0.0789847 0.025418 0.996552 168.55
0.996737 -0.000676292 0.0807154 5.91306 0.00269127 0.999687 -0.0248578 -4.95058 -0.0806734 0.024994 0.996428 169.918
0.996649 0.00110961 0.0817989 5.9959 0.000959973 0.99968 -0.0252573 -5.00903 -0.0818008 0.0252512 0.996329 171.314
0.996612 0.00372565 0.0821622 6.08669 -0.00142866 0.999607 -0.0279978 -5.06874 -0.0822342 0.0277856 0.996226 172.703
0.996562 0.007506 0.0825121 6.19519 -0.00499578 0.999519 -0.0305868 -5.12906 -0.0827021 0.0300695 0.996121 174.055
0.996514 0.012334 0.0825145 6.29823 -0.00975097 0.999452 -0.031634 -5.20182 -0.0828594 0.0307192 0.996088 175.487
0.996271 0.0173752 0.0845088 6.36667 -0.0148034 0.999411 -0.0309644 -5.26031 -0.084997 0.0295979 0.995942 176.86
0.996367 0.0195131 0.0828996 6.52017 -0.0172021 0.999445 -0.0284997 -5.33727 -0.0834097 0.0269701 0.996151 178.386
0.996213 0.0205147 0.0844991 6.60456 -0.0183348 0.999481 -0.0264934 -5.40052 -0.0849987 0.0248438 0.996072 179.761
0.996274 0.01704 0.0845504 6.71164 -0.0149231 0.99956 -0.025606 -5.45957 -0.0849496 0.0242489 0.996091 181.161
0.996427 0.0144172 0.0832165 6.82878 -0.0123523 0.999604 -0.0252753 -5.51899 -0.0835479 0.0241571 0.996211 182.585
0.996565 0.0141137 0.0816076 6.93539 -0.0117783 0.999509 -0.0290284 -5.5885 -0.0819772 0.0279675 0.996242 183.99
0.996616 0.0157681 0.0806705 7.03814 -0.0131411 0.999369 -0.0329924 -5.65481 -0.0811399 0.0318207 0.996195 185.404
0.996516 0.0198888 0.0809923 7.12648 -0.0172259 0.999292 -0.0334455 -5.72219 -0.0816001 0.0319339 0.996154 186.827
0.996397 0.0226384 0.0817365 7.22081 -0.0200699 0.999282 -0.032111 -5.79649 -0.0824048 0.0303549 0.996137 188.228
0.996286 0.0234478 0.0828529 7.32191 -0.0211831 0.99938 -0.0281082 -5.86828 -0.0834607 0.0262488 0.996166 189.619
0.996184 0.0236037 0.0840322 7.42465 -0.0215051 0.999436 -0.0257914 -5.9369 -0.0845936 0.0238858 0.99613 191.008
0.996115 0.0228435 0.0850427 7.51532 -0.020823 0.999481 -0.0245706 -6.00561 -0.0855599 0.0227043 0.996075 192.419
0.996109 0.0204726 0.0857138 7.62503 -0.0185355 0.999555 -0.0233348 -6.07006 -0.0861534 0.0216553 0.996047 193.871
0.99615 0.0180885 0.0857785 7.75727 -0.0161979 0.999611 -0.022685 -6.1372 -0.0861556 0.0212083 0.996056 195.31
0.996147 0.0154621 0.0863268 7.87793 -0.0135791 0.999657 -0.0223573 -6.20083 -0.0866429 0.0210989 0.996016 196.757
0.996166 0.0123791 0.0866046 8.01571 -0.0105702 0.999717 -0.021315 -6.25992 -0.086844 0.0203179 0.996015 198.244
0.996017 0.00788347 0.0888158 8.0937 -0.00613113 0.999781 -0.0199857 -6.31376 -0.0889539 0.0193615 0.995848 199.651
0.99591 0.00523561 0.090196 8.20477 -0.00340863 0.999786 -0.0203978 -6.36301 -0.0902835 0.020007 0.995715 201.095
0.995806 0.00718373 0.0912049 8.31413 -0.00498816 0.999692 -0.024278 -6.42923 -0.0913513 0.0237213 0.995537 202.548
0.995516 0.0155224 0.0933117 8.3953 -0.0127208 0.999452 -0.0305448 -6.46333 -0.0937347 0.0292209 0.995169 203.964
0.995139 0.0249923 0.0952602 8.51141 -0.0221141 0.99927 -0.0311503 -6.5228 -0.0959691 0.0288923 0.994965 205.427
0.99473 0.0323754 0.0972793 8.61889 -0.0297978 0.999168 -0.0278338 -6.58329 -0.0980996 0.0247885 0.994868 206.92
0.994473 0.0333696 0.0995503 8.72462 -0.0309134 0.99918 -0.0261141 -6.63815 -0.10034 0.0228923 0.99469 208.378
0.994579 0.0317561 0.0990165 8.87401 -0.0293183 0.999232 -0.025979 -6.69381 -0.0997655 0.0229352 0.994747 209.871
0.994576 0.0298216 0.0996466 8.97995 -0.0272378 0.999259 -0.0271906 -6.7497 -0.100384 0.024329 0.994652 211.293
0.994645 0.0285394 0.0993332 9.12011 -0.0258576 0.999268 -0.0281812 -6.80786 -0.100065 0.0254618 0.994655 212.777
0.994418 0.0290802 0.101427 9.21016 -0.0262627 0.999234 -0.0290041 -6.87007 -0.102193 0.0261785 0.99442 214.241
0.994256 0.0305041 0.102587 9.3342 -0.0276342 0.999189 -0.0292817 -6.93347 -0.103397 0.0262787 0.994293 215.663
0.994228 0.0314166 0.102579 9.47943 -0.0286313 0.999183 -0.0285134 -6.99764 -0.103391 0.0254119 0.994316 217.144
0.994278 0.0305348 0.102368 9.63035 -0.0277048 0.999196 -0.0289537 -7.06422 -0.10317 0.025952 0.994326 218.63
0.994321 0.0301328 0.102069 9.78468 -0.0271642 0.99917 -0.0303498 -7.12409 -0.102899 0.0274049 0.994315 220.138
0.994319 0.0279866 0.102691 9.91375 -0.0249712 0.999221 -0.0305329 -7.18907 -0.103466 0.0277952 0.994245 221.595
0.994361 0.0287501 0.102074 10.0735 -0.0257575 0.999202 -0.0305158 -7.26602 -0.10287 0.0277146 0.994309 223.132
0.994392 0.0291527 0.101654 10.223 -0.0261832 0.999194 -0.0304247 -7.33838 -0.102459 0.0275925 0.994355 224.656
0.994287 0.0292782 0.102643 10.339 -0.026228 0.999177 -0.0309413 -7.40361 -0.103465 0.0280724 0.994237 226.101
0.994237 0.0312246 0.102556 10.4884 -0.0280701 0.999091 -0.0320602 -7.46263 -0.103464 0.0289967 0.994211 227.618
0.994359 0.030984 0.101435 10.6592 -0.0278462 0.999093 -0.0322046 -7.53917 -0.102341 0.0291984 0.994321 229.178
0.994323 0.0324528 0.101333 10.8027 -0.0292694 0.999035 -0.032746 -7.60505 -0.102298 0.0295942 0.994314 230.691
0.994382 0.0317494 0.100976 10.955 -0.0285431 0.999046 -0.0330408 -7.67657 -0.101928 0.029973 0.99434 232.242
0.994274 0.0318632 0.102 11.0785 -0.0284997 0.999006 -0.0342649 -7.73907 -0.10299 0.0311618 0.994194 233.753
0.99421 0.0317305 0.10266 11.224 -0.028296 0.998995 -0.0347409 -7.80783 -0.10366 0.031635 0.99411 235.281
0.994098 0.0319635 0.103672 11.3578 -0.0284842 0.998985 -0.0348704 -7.87722 -0.104681 0.0317116 0.994 236.795
0.993991 0.0332844 0.104272 11.4967 -0.0297445 0.998933 -0.035322 -7.95117 -0.105336 0.0320083 0.993922 238.325
0.993862 0.0341878 0.105206 11.6518 -0.0305601 0.998887 -0.0359023 -8.03072 -0.106317 0.0324669 0.993802 239.806
0.993739 0.0345654 0.106246 11.8132 -0.0308324 0.998855 -0.0365803 -8.10858 -0.107389 0.0330755 0.993667 241.285
0.993568 0.0358592 0.107408 11.9936 -0.0321456 0.99883 -0.0361091 -8.18799 -0.108577 0.0324242 0.993559 242.728
0.993641 0.0345335 0.107166 12.2454 -0.031084 0.998948 -0.0336942 -8.26413 -0.108217 0.0301489 0.99367 244.136
0.993839 0.0352613 0.105074 12.6089 -0.0319687 0.998948 -0.0328583 -8.36324 -0.106122 0.0292968 0.993922 245.467
0.993681 0.0364617 0.106155 12.7249 -0.0329183 0.998847 -0.034942 -8.43771 -0.107307 0.0312268 0.993735 247.132
0.993781 0.0376531 0.104786 12.969 -0.0340102 0.99876 -0.0363382 -8.52426 -0.106024 0.0325485 0.993831 248.641
0.993953 0.0387226 0.102749 13.185 -0.0351907 0.998733 -0.035967 -8.61486 -0.104011 0.0321338 0.994057 250.241
0.994119 0.0384097 0.101245 13.3928 -0.0350779 0.998789 -0.0344861 -8.70804 -0.102448 0.0307318 0.994264 251.743
0.994224 0.0385611 0.10016 13.5679 -0.0353435 0.998806 -0.0337035 -8.79689 -0.10134 0.0299688 0.9944 253.303
0.994246 0.0390106 0.0997655 13.743 -0.0358164 0.998792 -0.0336105 -8.88332 -0.100956 0.0298439 0.994443 254.812
0.994078 0.0415049 0.100422 13.8718 -0.0382647 0.998689 -0.0339806 -8.96143 -0.101701 0.0299368 0.994365 256.403
0.993801 0.0428721 0.102571 13.9734 -0.0395165 0.998622 -0.0345268 -9.03236 -0.10391 0.0302596 0.994126 257.927
0.993742 0.0437743 0.102765 14.1304 -0.0403347 0.998561 -0.0353137 -9.09855 -0.104164 0.0309477 0.994079 259.457
0.994015 0.0441245 0.0999364 14.4221 -0.0406185 0.998494 -0.0368504 -9.16176 -0.101412 0.0325706 0.994311 260.903
0.994346 0.0429559 0.0971041 14.6562 -0.0396065 0.99856 -0.0361626 -9.25783 -0.0985178 0.0321122 0.994617 262.449
0.994536 0.041815 0.0956438 14.9039 -0.0385644 0.998622 -0.0355862 -9.36177 -0.0970001 0.0317034 0.994779 263.955
0.994633 0.0414198 0.0948129 15.0861 -0.038152 0.998622 -0.0360235 -9.4693 -0.0961744 0.0322129 0.994843 265.468
0.994588 0.040381 0.0957223 15.1965 -0.0370889 0.998665 -0.035926 -9.58111 -0.0970453 0.0321814 0.99476 267.072
0.994375 0.0380531 0.0988379 15.2767 -0.0348589 0.998818 -0.0338468 -9.66881 -0.100009 0.0302111 0.994528 268.577
0.994104 0.0363055 0.102164 15.3698 -0.0331731 0.99893 -0.0321938 -9.75281 -0.103224 0.028615 0.994247 270.052
0.9942 0.0350519 0.101669 15.5265 -0.0318604 0.998952 -0.0328469 -9.83252 -0.102714 0.0294173 0.994276 271.695
0.9944 0.0333487 0.100281 15.7214 -0.0301841 0.999002 -0.0329107 -9.92629 -0.101279 0.0296995 0.994415 273.307
0.994219 0.0334438 0.102023 15.8559 -0.0302216 0.998999 -0.0329666 -10.0129 -0.103024 0.0296928 0.994236 274.791
0.994141 0.0355165 0.102088 16.0283 -0.0322917 0.998931 -0.033069 -10.0944 -0.103154 0.0295787 0.994226 276.383
0.994016 0.0370784 0.102744 16.1879 -0.033788 0.998864 -0.0335834 -10.1726 -0.103872 0.029911 0.994141 277.938
0.993897 0.0383804 0.10342 16.3501 -0.0350601 0.998815 -0.0337343 -10.2591 -0.104592 0.0299026 0.994066 279.5
0.993774 0.0380557 0.104706 16.502 -0.0347157 0.998834 -0.033539 -10.3479 -0.105861 0.0296953 0.993938 281.049
0.993629 0.0376902 0.106205 16.6476 -0.0342451 0.998832 -0.0340774 -10.4286 -0.107366 0.0302233 0.99376 282.622
0.993636 0.0360321 0.106714 16.8074 -0.0325255 0.998878 -0.0344201 -10.5047 -0.107834 0.0307302 0.993694 284.233
0.993499 0.0346336 0.108443 16.9844 -0.0311015 0.998934 -0.034095 -10.5883 -0.109508 0.0305007 0.993518 285.742
0.993509 0.0331314 0.108815 17.1482 -0.0297182 0.999018 -0.0328406 -10.6713 -0.109796 0.0293937 0.99352 287.352
0.993495 0.0316248 0.10939 17.3105 -0.0282251 0.999073 -0.0324888 -10.7514 -0.110316 0.02919 0.993468 288.916
0.993511 0.0304315 0.109581 17.4733 -0.026766 0.999036 -0.0347668 -10.8353 -0.110533 0.0316083 0.99337 290.48
0.993602 0.0294962 0.10901 17.6474 -0.0255735 0.99898 -0.037209 -10.916 -0.109996 0.0341833 0.993344 292.066
0.993685 0.0295774 0.108232 17.8168 -0.0256825 0.998977 -0.0372052 -11.0009 -0.109221 0.0341907 0.993429 293.634
0.993777 0.028283 0.107733 17.9984 -0.0243736 0.999001 -0.0374329 -11.0805 -0.108684 0.0345742 0.993475 295.17
0.993914 0.0275508 0.106655 18.186 -0.0235944 0.998992 -0.0381807 -11.1555 -0.1076 0.0354319 0.993563 296.699
0.993985 0.0275206 0.105996 18.3568 -0.0235384 0.998976 -0.0386389 -11.2335 -0.106951 0.0359116 0.993616 298.301
0.99407 0.0267948 0.105384 18.5244 -0.0228579 0.999001 -0.0383895 -11.3135 -0.106308 0.035753 0.99369 299.912
0.994016 0.0267325 0.105905 18.6476 -0.0227723 0.999001 -0.0384282 -11.3916 -0.106826 0.0357866 0.993634 301.457
0.994207 0.0261182 0.104255 18.8379 -0.0223373 0.999055 -0.0372691 -11.4743 -0.10513 0.0347245 0.993852 303.084
0.994154 0.0279149 0.104298 18.986 -0.0242626 0.999052 -0.0361244 -11.5552 -0.105207 0.0333827 0.99389 304.665
0.994178 0.0281726 0.103999 19.1822 -0.0245015 0.999036 -0.0364091 -11.6378 -0.104924 0.0336491 0.993911 306.326
0.994119 0.0282148 0.104551 19.3532 -0.0244671 0.999017 -0.0369558 -11.7171 -0.105491 0.0341805 0.993833 307.936
0.994236 0.0267717 0.103814 19.5412 -0.0229773 0.999029 -0.0375744 -11.7883 -0.104719 0.0349726 0.993887 309.566
0.994356 0.0245368 0.103214 19.7203 -0.0205725 0.999015 -0.0392982 -11.8638 -0.104077 0.0369531 0.993883 311.19
0.994439 0.0231763 0.102731 19.8942 -0.0190239 0.998969 -0.0412161 -11.9569 -0.10358 0.0390326 0.993855 312.808
0.994594 0.0223915 0.101392 20.0743 -0.0181189 0.998916 -0.0428647 -12.0422 -0.102242 0.040796 0.993923 314.436
0.99491 0.0228943 0.0981296 20.2398 -0.0186132 0.998843 -0.0443216 -12.1345 -0.0990309 0.0422696 0.994186 316.015
0.995148 0.024277 0.0953426 20.4038 -0.0201725 0.998837 -0.0437803 -12.234 -0.0962947 0.0416447 0.994481 317.67
0.995153 0.0251679 0.0950564 20.5423 -0.0213367 0.998926 -0.0411076 -12.3259 -0.095989 0.0388803 0.994623 319.282
0.995164 0.0229112 0.095507 20.6946 -0.019326 0.999079 -0.0382955 -12.4152 -0.0962965 0.0362646 0.994692 320.955
0.994841 0.0221894 0.0989791 20.7349 -0.0185243 0.999113 -0.0377946 -12.5012 -0.0997301 0.0357662 0.994372 322.569
0.994765 0.0214922 0.0998959 20.8767 -0.0176532 0.999077 -0.0391556 -12.5902 -0.100645 0.0371872 0.994227 324.218
0.994687 0.0204818 0.100877 21.0275 -0.016561 0.99908 -0.0395517 -12.678 -0.101594 0.037671 0.994113 325.866
0.994434 0.0206654 0.103306 21.1347 -0.0166661 0.999083 -0.0394264 -12.7721 -0.104026 0.0374854 0.993868 327.492
0.994374 0.0208581 0.103848 21.3159 -0.0167247 0.999038 -0.0405157 -12.8414 -0.104593 0.038551 0.993768 329.195
0.994175 0.023281 0.105221 21.4662 -0.0189475 0.998937 -0.0419973 -12.9353 -0.106088 0.0397591 0.993562 330.872
0.994038 0.0238489 0.106382 21.6363 -0.0194182 0.998908 -0.0424914 -13.0338 -0.107279 0.0401724 0.993417 332.525
0.993873 0.0226391 0.108177 21.7756 -0.018272 0.998984 -0.041191 -13.1196 -0.109 0.0389621 0.993278 334.128
0.993805 0.0224333 0.108842 21.9305 -0.0180402 0.998988 -0.0411791 -13.2053 -0.109656 0.0389605 0.993206 335.745
0.993678 0.0211949 0.110237 22.0731 -0.0165373 0.998938 -0.042995 -13.2906 -0.111031 0.0409003 0.992975 337.355
0.993465 0.0226673 0.111853 22.2219 -0.017884 0.998889 -0.043584 -13.378 -0.112716 0.0412989 0.992769 338.97
0.993322 0.0246099 0.112712 22.3706 -0.0195284 0.998751 -0.0459676 -13.4715 -0.113703 0.0434597 0.992564 340.583
0.993293 0.0266758 0.112495 22.5411 -0.0212384 0.99856 -0.0492583 -13.5747 -0.113647 0.0465389 0.992431 342.246
0.993388 0.0272417 0.111516 22.7236 -0.0218807 0.998558 -0.0490178 -13.6759 -0.112691 0.0462537 0.992553 343.947
0.993485 0.0267334 0.110773 22.896 -0.0218037 0.998727 -0.0454774 -13.7911 -0.111848 0.0427659 0.992805 345.548
0.993591 0.0271553 0.109717 23.0767 -0.0226263 0.998848 -0.0423141 -13.9041 -0.11074 0.0395605 0.993062 347.155
0.99382 0.0264713 0.107789 23.2629 -0.0219544 0.998838 -0.042878 -14.0121 -0.108799 0.0402467 0.993249 348.8
0.993985 0.0256466 0.106458 23.4233 -0.0208332 0.99872 -0.0460822 -14.0666 -0.107504 0.0435872 0.993249 350.399
0.994098 0.0243622 0.105704 23.5621 -0.019653 0.998776 -0.0453653 -14.1594 -0.10668 0.0430203 0.993362 351.993
0.994224 0.023397 0.104739 23.7327 -0.0187767 0.998815 -0.0448829 -14.2703 -0.105665 0.0426571 0.993486 353.609
0.99429 0.0224296 0.104322 23.9018 -0.0177791 0.998815 -0.045297 -14.3755 -0.105214 0.0431837 0.993512 355.238
0.994297 0.022103 0.104325 24.0646 -0.0173678 0.998786 -0.0460812 -14.4835 -0.105217 0.0440066 0.993475 356.873
0.994213 0.0220661 0.105126 24.2139 -0.017095 0.998703 -0.047955 -14.5401 -0.106048 0.0458805 0.993302 358.462
0.994111 0.0226259 0.105974 24.3639 -0.017465 0.998627 -0.0493764 -14.6252 -0.106946 0.0472349 0.993142 360.08
0.994055 0.0228503 0.106443 24.5274 -0.0175529 0.998572 -0.0504402 -14.7311 -0.107444 0.0482721 0.993039 361.695
0.994014 0.0227107 0.106861 24.6903 -0.0173173 0.998541 -0.0511312 -14.8406 -0.107866 0.0489747 0.992958 363.314
0.99397 0.0218618 0.107446 24.8549 -0.0164415 0.998559 -0.0510762 -14.9503 -0.108408 0.0490017 0.992898 364.929
0.993926 0.022317 0.107753 25.0232 -0.0167707 0.9985 -0.0521066 -15.0577 -0.108755 0.0499831 0.992811 366.563
0.993898 0.0210553 0.108268 25.1824 -0.0153194 0.998448 -0.0535394 -15.1674 -0.109227 0.0515542 0.992679 368.161
0.993926 0.0188853 0.108412 25.3564 -0.0132955 0.998555 -0.0520527 -15.274 -0.109239 0.0502953 0.992742 369.781
0.994189 0.0173431 0.106239 25.586 -0.011868 0.998579 -0.051952 -15.3719 -0.106989 0.0503893 0.992983 371.445
0.994191 0.0163359 0.106376 25.7753 -0.0107617 0.998548 -0.0527643 -15.4907 -0.107084 0.0513131 0.992925 373.007
0.993894 0.0179958 0.108852 25.907 -0.0120866 0.998429 -0.0547034 -15.5782 -0.109666 0.0530538 0.992552 374.586
0.993677 0.0196415 0.110537 26.045 -0.013615 0.998392 -0.055013 -15.6772 -0.11144 0.0531603 0.992348 376.207
0.99347 0.0204989 0.11223 26.2034 -0.01436 0.99837 -0.0552355 -15.7709 -0.11318 0.0532633 0.992146 377.824
0.993262 0.0212392 0.113922 26.3541 -0.0149911 0.99835 -0.0554238 -15.8997 -0.114911 0.0533426 0.991942 379.436
0.993158 0.0203416 0.114985 26.5067 -0.0139931 0.998346 -0.0557508 -16.0243 -0.115929 0.0537605 0.991801 381.022
0.993138 0.0194751 0.115304 26.6946 -0.0132644 0.998431 -0.0543875 -16.1801 -0.116183 0.0524849 0.99184 382.582
0.993094 0.0190339 0.115763 26.8873 -0.0128137 0.998445 -0.0542409 -16.2997 -0.116615 0.052383 0.991795 384.164
0.992657 0.0202706 0.119243 27.0014 -0.0137955 0.998397 -0.0548784 -16.3986 -0.120164 0.0528305 0.991347 385.795
0.992447 0.0216237 0.120743 27.174 -0.0151183 0.998397 -0.0545362 -16.5229 -0.121728 0.052299 0.991185 387.391
0.992534 0.0206237 0.120209 27.3868 -0.014198 0.998436 -0.0540675 -16.6615 -0.121136 0.0519571 0.991275 389.038
0.992416 0.0222417 0.120887 27.5676 -0.0157033 0.998375 -0.0547728 -16.7797 -0.121909 0.0524592 0.991154 390.672
0.992455 0.0211676 0.120763 27.7668 -0.0145697 0.998365 -0.055258 -16.8856 -0.121736 0.0530817 0.991142 392.268
0.992338 0.0234361 0.121306 27.9495 -0.0167804 0.998311 -0.0556006 -16.983 -0.122404 0.0531391 0.991057 393.905
0.992242 0.0253465 0.121706 28.1365 -0.0185802 0.998234 -0.0564116 -17.0882 -0.122921 0.0537127 0.990962 395.547
0.992145 0.0275421 0.122013 28.3246 -0.020618 0.998123 -0.0576522 -17.1987 -0.123372 0.0546838 0.990853 397.182
0.992091 0.0265933 0.122668 28.5056 -0.0196486 0.998153 -0.05748 -17.3151 -0.12397 0.0546152 0.990782 398.806
