1 0 0 0 0 1 0 0 0 0 1 0
0.999986 0.00529934 9.14171e-05 -0.0184643 -0.00529933 0.999986 -0.000165013 0.15864 -9.22903e-05 0.000164527 1 0.543883
0.999984 0.00570452 -2.72593e-05 -0.0340637 -0.00570458 0.99998 -0.00270533 0.162321 1.18261e-05 0.00270544 0.999996 1.07329
0.999985 0.00483588 -0.00247471 -0.00799328 -0.00484676 0.999978 -0.00440812 0.157695 0.00245334 0.00442005 0.999987 1.58812
0.999987 0.00310554 -0.00402794 -0.0488982 -0.00313365 0.999971 -0.00699174 0.163709 0.00400611 0.00700427 0.999967 2.24619
0.999983 0.00076106 -0.00576831 -0.00958065 -0.000814578 0.999957 -0.00928122 0.157887 0.005761 0.00928576 0.99994 2.72084
0.999972 -0.000323142 -0.00746334 -0.0200622 0.000244157 0.999944 -0.0105815 0.155226 0.00746634 0.0105794 0.999916 3.3488
0.999957 -0.000456594 -0.00930405 0.00309333 0.000360708 0.999947 -0.0103049 0.150727 0.00930826 0.0103011 0.999904 3.8814
0.999953 -0.00129249 -0.00958168 -0.0601153 0.00118664 0.999938 -0.0110444 0.139263 0.00959536 0.0110325 0.999893 4.57125
0.999952 -0.00101261 -0.00974478 -0.0865631 0.00087597 0.999901 -0.0140154 0.12298 0.00975801 0.0140062 0.999854 5.1656
0.999946 0.000239086 -0.0103794 -0.110173 -0.000423535 0.999842 -0.0177721 0.103052 0.0103735 0.0177756 0.999788 5.76327
0.999942 0.00162958 -0.0106454 -0.169283 -0.00185696 0.99977 -0.0213845 0.081509 0.0106081 0.021403 0.999715 6.46348
0.999932 0.00381124 -0.0110438 -0.215274 -0.00404515 0.999766 -0.0212359 0.062115 0.0109603 0.0212791 0.999714 7.13832
0.999917 0.00566376 -0.0116116 -0.248444 -0.00583164 0.999878 -0.0144757 0.0480527 0.0115282 0.0145422 0.999828 7.7927
0.999913 0.00601088 -0.0117869 -0.245811 -0.0060652 0.999971 -0.0045783 0.0402672 0.011759 0.00464938 0.99992 8.4075
0.999888 0.00640257 -0.0135139 -0.218243 -0.00637435 0.999977 0.00212984 0.0210595 0.0135272 -0.00204346 0.999906 9.0569
0.999866 0.00889878 -0.013719 -0.264522 -0.00887786 0.999959 0.00158462 -0.00455595 0.0137326 -0.00146262 0.999905 9.74631
0.999822 0.0108358 -0.0154695 -0.258611 -0.0109191 0.999926 -0.00531166 -0.0197315 0.0154108 0.00547963 0.999866 10.4351
0.999793 0.0114054 -0.0168614 -0.25939 -0.0115885 0.999874 -0.010803 -0.0352869 0.0167361 0.0109961 0.999799 11.1285
0.999804 0.00960893 -0.0172927 -0.287544 -0.00976307 0.999913 -0.00885157 -0.0492185 0.0172062 0.00901867 0.999811 11.8839
0.999802 0.00839111 -0.018069 -0.283608 -0.00838512 0.999965 0.000406968 -0.0649423 0.0180718 -0.000255377 0.999837 12.6383
0.999811 0.00655924 -0.0182894 -0.301835 -0.00641074 0.999946 0.00816595 -0.0806748 0.018342 -0.00804716 0.999799 13.4249
0.999811 0.004055 -0.0190007 -0.30705 -0.00384439 0.999931 0.0111076 -0.0962231 0.0190444 -0.0110325 0.999758 14.2
0.999811 0.00244888 -0.0192896 -0.316328 -0.00224372 0.999941 0.0106505 -0.107174 0.0193146 -0.0106052 0.999757 14.9884
0.999811 0.00221612 -0.0193316 -0.313817 -0.00205408 0.999962 0.00839814 -0.112797 0.0193495 -0.00835684 0.999778 15.7976
0.999817 0.00377179 -0.0187927 -0.341748 -0.00366934 0.999978 0.00548265 -0.121385 0.018813 -0.00541268 0.999808 16.6396
0.999855 0.000267898 -0.0170465 -0.375163 -0.000268915 1 -5.72782e-05 -0.12577 0.0170464 6.18552e-05 0.999855 17.4947
0.999835 -0.00238529 -0.0180433 -0.360532 0.00227068 0.999977 -0.00636946 -0.137173 0.0180581 0.00632744 0.999817 18.3679
0.999848 -0.00169951 -0.0173836 -0.371825 0.00150192 0.999934 -0.0113731 -0.154796 0.0174018 0.0113453 0.999784 19.2918
0.999842 -0.000933884 -0.0177542 -0.381821 0.000723513 0.999929 -0.0118517 -0.178737 0.017764 0.011837 0.999772 20.2225
0.999826 -1.14326e-05 -0.0186453 -0.378856 -0.000179209 0.999948 -0.0102229 -0.225594 0.0186444 0.0102244 0.999774 21.1315
0.99983 0.00232655 -0.0182979 -0.397929 -0.00251607 0.999943 -0.010341 -0.268277 0.0182728 0.0103853 0.999779 22.073
0.999817 0.00519384 -0.0184138 -0.414546 -0.00540355 0.999921 -0.0113576 -0.305253 0.0183533 0.011455 0.999766 23.0263
0.999772 0.00941323 -0.0191924 -0.429502 -0.00963564 0.999887 -0.0115289 -0.337264 0.0190818 0.0117112 0.999749 23.9984
0.999764 0.0104898 -0.0190152 -0.452553 -0.0107049 0.999879 -0.0112467 -0.367532 0.018895 0.0114476 0.999756 24.9616
0.999731 0.0123133 -0.0196535 -0.464119 -0.0125132 0.999871 -0.0100795 -0.41784 0.0195269 0.0103227 0.999756 25.9245
0.999736 0.011985 -0.0195991 -0.486267 -0.0121641 0.999885 -0.00904372 -0.45486 0.0194885 0.00927974 0.999767 26.9185
0.9997 0.0134487 -0.020495 -0.507129 -0.0135993 0.999881 -0.0072266 -0.491011 0.0203954 0.00750316 0.999764 27.935
0.999685 0.01377 -0.0210097 -0.532925 -0.0138891 0.999888 -0.00553167 -0.506664 0.0209312 0.00582174 0.999764 28.9325
0.999649 0.0140925 -0.0224394 -0.539031 -0.0141948 0.999889 -0.00440838 -0.52495 0.0223748 0.00472536 0.999739 29.9755
0.999661 0.0137591 -0.0221232 -0.572062 -0.0138961 0.999885 -0.00604932 -0.535827 0.0220375 0.00635469 0.999737 30.9759
0.999625 0.014533 -0.0232003 -0.588293 -0.0147051 0.999865 -0.00726494 -0.551688 0.0230916 0.00760339 0.999705 32.0228
0.999632 0.0133818 -0.023611 -0.615091 -0.0135389 0.999887 -0.00650519 -0.568461 0.0235213 0.00682247 0.9997 33.0698
0.999662 0.0120103 -0.0230507 -0.658902 -0.0121082 0.999918 -0.00411232 -0.58124 0.0229995 0.00439004 0.999726 34.0836
0.999663 0.0123774 -0.0228093 -0.702738 -0.0123832 0.999923 -0.000111159 -0.605197 0.0228062 0.000393576 0.99974 35.1417
0.999674 0.0121978 -0.0224509 -0.748878 -0.0121443 0.999923 0.00251692 -0.627316 0.0224798 -0.00224344 0.999745 36.1968
0.99969 0.0123234 -0.021667 -0.789361 -0.0122598 0.99992 0.00306331 -0.641775 0.021703 -0.00279672 0.999761 37.2223
0.999701 0.0118038 -0.0214404 -0.826763 -0.0117741 0.999929 0.00151153 -0.65624 0.0214567 -0.00125863 0.999769 38.2972
0.999718 0.0117825 -0.0206424 -0.878767 -0.0117698 0.99993 0.000737192 -0.668347 0.0206497 -0.000494024 0.999787 39.4011
0.999691 0.0110021 -0.0222967 -0.897398 -0.0109583 0.999938 0.00208778 -0.693139 0.0223183 -0.0018428 0.999749 40.5129
0.999678 0.00985526 -0.0233759 -0.930315 -0.00975275 0.999942 0.0044953 -0.714415 0.0234188 -0.00426588 0.999717 41.592
0.999652 0.0102791 -0.024289 -0.95751 -0.0101145 0.999925 0.00689292 -0.732977 0.024358 -0.00664485 0.999681 42.6865
0.999602 0.0110589 -0.0259656 -0.975688 -0.0108566 0.99991 0.00791685 -0.765411 0.0260508 -0.0076318 0.999632 43.7748
0.999579 0.0129572 -0.0259465 -1.01048 -0.0128618 0.99991 0.00384233 -0.779716 0.0259939 -0.00350699 0.999656 44.8856
0.999547 0.0153688 -0.0258709 -1.04559 -0.0153875 0.999882 -0.000525968 -0.799308 0.0258598 0.000923822 0.999665 45.9956
0.999502 0.0175955 -0.0261804 -1.07768 -0.0176332 0.999844 -0.00120662 -0.823522 0.0261551 0.00166767 0.999657 47.0586
0.99944 0.0210059 -0.0260546 -1.11177 -0.0209915 0.999779 0.000823586 -0.850669 0.0260662 -0.000276196 0.99966 48.1255
0.999352 0.0238642 -0.0269433 -1.12994 -0.023811 0.999714 0.00229201 -0.878806 0.0269903 -0.00164898 0.999634 49.1977
0.99943 0.0232607 -0.0244904 -1.19177 -0.0231687 0.999724 0.00403352 -0.91239 0.0245774 -0.00346381 0.999692 50.2724
0.999473 0.0226682 -0.0232559 -1.20651 -0.0225874 0.999738 0.00372906 -0.939108 0.0233343 -0.0032018 0.999723 51.3609
0.999466 0.0221233 -0.0240424 -1.19832 -0.0220789 0.999754 0.00211238 -0.961901 0.0240832 -0.00158043 0.999709 52.4149
0.999536 0.0219575 -0.0210914 -1.28375 -0.0219652 0.999759 -0.000131722 -0.97561 0.0210834 0.000594941 0.999778 53.5367
0.999559 0.0207633 -0.0212313 -1.29195 -0.0208302 0.999779 -0.00293399 -0.995554 0.0211657 0.00337495 0.99977 54.5762
0.999571 0.0195445 -0.0218277 -1.30144 -0.0196845 0.999787 -0.00621939 -1.02533 0.0217015 0.00664639 0.999742 55.6489
0.999578 0.0182012 -0.0226416 -1.30865 -0.0183875 0.999799 -0.00804917 -1.05069 0.0224905 0.0084621 0.999711 56.7377
0.999623 0.0160837 -0.0222731 -1.339 -0.0162168 0.999852 -0.00580823 -1.07475 0.0221763 0.00616723 0.999735 57.8388
0.999622 0.0142886 -0.0234815 -1.34147 -0.0142802 0.999898 0.000525896 -1.10398 0.0234866 -0.000190375 0.999724 58.9346
0.999658 0.012675 -0.0228989 -1.36605 -0.0125237 0.999899 0.00673865 -1.1274 0.022982 -0.00644956 0.999715 60.0082
0.999707 0.0109395 -0.0216029 -1.42375 -0.010782 0.999915 0.00739737 -1.14422 0.021682 -0.00716228 0.999739 61.1316
0.999754 0.00709505 -0.0210358 -1.45613 -0.00700049 0.999965 0.00456542 -1.15528 0.0210674 -0.00441704 0.999768 62.2134
0.999784 0.00558148 -0.020049 -1.49152 -0.00555416 0.999984 0.00141778 -1.1735 0.0200565 -0.00130612 0.999798 63.271
0.999762 0.00645244 -0.0208441 -1.52312 -0.00649675 0.999977 -0.00205904 -1.2026 0.0208303 0.00219397 0.999781 64.403
0.999756 0.00613028 -0.0212379 -1.54336 -0.0062671 0.99996 -0.00638176 -1.22254 0.0211979 0.0065133 0.999754 65.4742
0.999786 0.00830342 -0.0189473 -1.59516 -0.00842678 0.999944 -0.00644052 -1.24965 0.0188928 0.00659881 0.9998 66.5323
0.999776 0.0124626 -0.0170834 -1.64336 -0.012508 0.999919 -0.00255288 -1.28412 0.0170502 0.00276599 0.999851 67.6333
0.999773 0.0131203 -0.0168046 -1.66572 -0.0131211 0.999914 6.04589e-05 -1.31198 0.0168039 0.000160052 0.999859 68.7024
0.999783 0.0118576 -0.0171464 -1.68197 -0.0118419 0.999929 0.00102005 -1.3307 0.0171572 -0.00081678 0.999853 69.7852
0.999831 0.00881042 -0.0161516 -1.72159 -0.00878687 0.99996 0.00152773 -1.34374 0.0161644 -0.00138555 0.999869 70.877
0.999867 0.00640729 -0.0149788 -1.75476 -0.00636881 0.999976 0.00261493 -1.35819 0.0149952 -0.00251918 0.999885 71.9227
0.999865 0.00437941 -0.0158707 -1.75857 -0.00430454 0.99998 0.00474866 -1.37075 0.0158912 -0.0046797 0.999863 73.0013
0.99983 0.00276765 -0.018252 -1.76547 -0.00266336 0.99998 0.00573548 -1.38133 0.0182675 -0.00568588 0.999817 74.1248
0.999844 0.000879598 -0.017622 -1.80414 -0.000788122 0.999986 0.00519697 -1.40867 0.0176263 -0.00518227 0.999831 75.1967
0.999835 0.00127155 -0.018126 -1.83574 -0.00124321 0.999998 0.00157422 -1.42706 0.0181279 -0.00155142 0.999835 76.3152
0.999798 0.00134712 -0.0200763 -1.83784 -0.00135987 0.999999 -0.000621739 -1.44495 0.0200754 0.000648916 0.999798 77.3871
0.999759 0.00203949 -0.0218554 -1.85052 -0.00201118 0.999997 0.00131724 -1.47202 0.021858 -0.00127296 0.99976 78.4858
0.99974 0.00337279 -0.0225477 -1.87788 -0.00323705 0.999977 0.00605342 -1.49592 0.0225676 -0.00597886 0.999728 79.5831
0.999733 0.00484149 -0.0226012 -1.92078 -0.00460942 0.999936 0.0103086 -1.51325 0.0226497 -0.0102017 0.999692 80.6863
0.999713 0.0063408 -0.0231014 -1.95464 -0.00609028 0.999922 0.0108981 -1.52948 0.0231687 -0.0107543 0.999674 81.8
0.999696 0.00585291 -0.0239375 -1.98665 -0.00564481 0.999946 0.00875164 -1.53349 0.0239874 -0.00861386 0.999675 82.8911
0.999688 0.00546141 -0.0243564 -2.02292 -0.00527362 0.999956 0.0077678 -1.54044 0.0243977 -0.00763693 0.999673 83.9043
0.999661 0.00468416 -0.0256031 -2.04652 -0.00448205 0.999959 0.00794532 -1.55758 0.0256392 -0.00782787 0.999641 84.9507
0.999682 0.00349997 -0.0249771 -2.10694 -0.0032843 0.999957 0.00867035 -1.5771 0.0250063 -0.00858556 0.99965 85.9819
0.99968 0.00161073 -0.0252531 -2.14278 -0.00135539 0.999948 0.0101249 -1.58965 0.0252681 -0.0100874 0.99963 87.0099
0.999667 0.000718461 -0.0257879 -2.17589 -0.000391465 0.99992 0.0126828 -1.5972 0.025795 -0.0126685 0.999587 87.965
0.999647 9.6967e-05 -0.0265666 -2.20909 0.000261911 0.999909 0.0135046 -1.61262 0.0265655 -0.0135068 0.999556 88.9721
0.999595 -0.00110792 -0.0284206 -2.24736 0.001501 0.999904 0.0138131 -1.62203 0.0284026 -0.0138501 0.999501 89.9225
0.999477 -0.00173967 -0.0322973 -2.27185 0.00217042 0.999909 0.0133068 -1.64209 0.0322712 -0.0133699 0.99939 90.8844
0.999341 -0.00152815 -0.0362693 -2.30177 0.00199766 0.999915 0.0129123 -1.66348 0.0362465 -0.0129762 0.999259 91.7978
0.999241 -0.00164068 -0.0389166 -2.35325 0.00216516 0.999907 0.0134386 -1.67655 0.0388909 -0.0135127 0.999152 92.682
0.999138 -0.000450333 -0.0415146 -2.40632 0.00105802 0.999893 0.0146169 -1.68868 0.0415035 -0.0146482 0.999031 93.5666
0.999044 0.000629169 -0.0437114 -2.46604 6.56954e-05 0.999874 0.0158932 -1.70005 0.0437158 -0.0158809 0.998918 94.4137
0.998891 0.00138942 -0.0470701 -2.49438 -0.000563452 0.999846 0.0175563 -1.71313 0.0470872 -0.0175103 0.998737 95.2118
0.998761 0.00295675 -0.0496753 -2.54401 -0.0020492 0.99983 0.0183105 -1.71687 0.049721 -0.018186 0.998598 96.0279
0.998605 0.00369847 -0.0526775 -2.58958 -0.0027013 0.999816 0.0189881 -1.72524 0.0527381 -0.0188193 0.998431 96.8105
0.998465 0.00511208 -0.0551477 -2.6529 -0.0041376 0.999834 0.01777 -1.73061 0.0552293 -0.0175146 0.99832 97.5441
0.998322 0.00596921 -0.0575897 -2.71479 -0.00514389 0.999882 0.0144685 -1.74493 0.0576692 -0.014148 0.998235 98.2502
0.998019 0.00866964 -0.06231 -2.72651 -0.00800085 0.999908 0.0109747 -1.75364 0.0623994 -0.0104544 0.997996 98.9723
0.997773 0.0103315 -0.0659008 -2.75715 -0.00979463 0.999916 0.00846394 -1.7628 0.0659827 -0.00779962 0.99779 99.6739
0.997629 0.0121105 -0.0677532 -2.78758 -0.0116303 0.999904 0.00747828 -1.77257 0.0678373 -0.00667256 0.997674 100.347
0.997543 0.0142298 -0.0685972 -2.79603 -0.0137286 0.999876 0.00777343 -1.78482 0.0686993 -0.00681259 0.997614 100.954
0.99758 0.0182776 -0.067082 -2.81734 -0.0176768 0.999798 0.00953908 -1.80464 0.0672429 -0.00833021 0.997702 101.595
0.997723 0.020959 -0.0641064 -2.80526 -0.0202708 0.99973 0.0113679 -1.82644 0.0643274 -0.0100425 0.997878 102.203
0.998074 0.0214829 -0.0581986 -2.80176 -0.0207168 0.999691 0.0137357 -1.84515 0.0584758 -0.0125036 0.99821 102.754
0.99857 0.0213031 -0.0490236 -2.81647 -0.0205216 0.999655 0.0163889 -1.85398 0.0493559 -0.0153594 0.998663 103.27
0.999018 0.021084 -0.038966 -2.8043 -0.0204065 0.999635 0.0177021 -1.86397 0.039325 -0.0168896 0.999084 103.814
0.999395 0.0200989 -0.0283794 -2.75332 -0.0196086 0.999655 0.0174507 -1.86272 0.0287204 -0.0168837 0.999445 104.297
0.999676 0.0197194 -0.0160932 -2.69717 -0.0194598 0.99968 0.0161304 -1.86202 0.0164062 -0.015812 0.99974 104.775
0.999814 0.0192745 -0.00101269 -2.6324 -0.0192605 0.999738 0.0123718 -1.85148 0.0012509 -0.01235 0.999923 105.241
0.999677 0.0184781 0.0174469 -2.55549 -0.018604 0.999802 0.00708752 -1.84533 -0.0173125 -0.00740982 0.999822 105.667
0.999142 0.016092 0.038156 -2.45678 -0.0161658 0.999868 0.00162665 -1.83904 -0.0381247 -0.00224209 0.99927 106.074
0.998042 0.014182 0.0609102 -2.33712 -0.0140761 0.999899 -0.00216695 -1.83247 -0.0609348 0.00130532 0.998141 106.518
0.996105 0.011426 0.0874261 -2.21201 -0.0110949 0.999929 -0.00427186 -1.82862 -0.0874687 0.00328523 0.996162 106.891
0.993171 0.00923043 0.116303 -2.07075 -0.00850025 0.999941 -0.00677257 -1.82766 -0.116358 0.00573771 0.99319 107.277
0.988699 0.00662164 0.149767 -1.94049 -0.00534194 0.999946 -0.00894524 -1.82958 -0.149818 0.0080441 0.988681 107.663
0.982167 0.00352466 0.187977 -1.82342 -0.00176874 0.999953 -0.00950799 -1.84091 -0.188002 0.00900594 0.982127 108.061
0.973708 0.0010954 0.227795 -1.69516 0.00132665 0.999944 -0.0104791 -1.85106 -0.227794 0.0105058 0.973652 108.448
0.962978 0.00214272 0.269572 -1.56032 0.00102843 0.999932 -0.0116218 -1.86226 -0.269579 0.0114688 0.96291 108.812
0.949308 0.00433586 0.314316 -1.41878 -0.000536717 0.999926 -0.0121725 -1.87326 -0.314345 0.0113868 0.94924 109.166
0.933372 0.00393582 0.358887 -1.24613 -0.000121979 0.999943 -0.0106488 -1.88831 -0.358909 0.00989555 0.93332 109.504
0.915121 0.00255877 0.40317 -1.05003 0.00112625 0.99996 -0.00890271 -1.90439 -0.403177 0.00860112 0.915081 109.829
0.894144 0.000942687 0.447777 -0.845581 0.00336853 0.999955 -0.0088316 -1.9213 -0.447766 0.00940507 0.894101 110.132
0.870877 0.00111739 0.491499 -0.623395 0.00461308 0.999935 -0.0104471 -1.93958 -0.491479 0.0113654 0.870815 110.431
0.845551 0.00291625 0.533887 -0.391512 0.00489616 0.999901 -0.0132161 -1.95888 -0.533872 0.0137889 0.845452 110.711
0.81678 0.00711831 0.576906 -0.158596 0.00307389 0.999856 -0.016689 -1.97952 -0.576941 0.0154046 0.81664 110.99
0.784886 0.0130255 0.619503 0.0894191 -0.000101196 0.999782 -0.020893 -1.98458 -0.61964 0.0163359 0.784716 111.257
0.751113 0.0175859 0.659939 0.375115 -0.00323749 0.999731 -0.0229558 -2.00049 -0.660166 0.0151059 0.750968 111.499
0.714832 0.0170308 0.699088 0.671582 -0.00187742 0.999747 -0.0224355 -2.02708 -0.699293 0.0147251 0.714683 111.73
0.676777 0.014276 0.73605 0.996186 0.000925846 0.999795 -0.0202427 -2.0485 -0.736187 0.0143812 0.676625 111.949
0.635408 0.012086 0.772082 1.31326 0.00160715 0.999855 -0.0169741 -2.0626 -0.772174 0.0120263 0.635296 112.149
0.59064 0.0108235 0.806862 1.62019 0.00721621 0.999799 -0.018694 -2.02259 -0.806903 0.0168639 0.590443 112.346
0.545304 0.00835026 0.838196 1.97405 0.0120026 0.99977 -0.0177684 -2.00749 -0.838152 0.0197497 0.545079 112.513
0.498259 0.00349691 0.867021 2.34746 0.0179744 0.999735 -0.0143617 -2.01633 -0.866842 0.02274 0.498064 112.635
0.448895 0.00419946 0.893574 2.70437 0.0157568 0.999796 -0.0126142 -2.02063 -0.893445 0.0197423 0.448737 112.778
0.399609 0.00945043 0.916637 3.08585 0.0126884 0.999794 -0.0158393 -2.02164 -0.916598 0.0179602 0.399407 112.908
0.351131 0.0150678 0.936205 3.46177 0.0123765 0.999708 -0.0207318 -2.01187 -0.936244 0.0188665 0.350842 113.014
0.305344 0.0165843 0.952097 3.82107 0.0148826 0.999643 -0.0221854 -2.02365 -0.952125 0.0209438 0.304988 113.101
0.265962 0.0162697 0.963846 4.23185 0.0227221 0.999474 -0.023141 -2.01978 -0.963715 0.0280552 0.265452 113.156
0.23146 0.0160296 0.972712 4.65782 0.0316044 0.999213 -0.0239867 -2.0196 -0.972331 0.036294 0.230771 113.221
0.201584 0.017453 0.979315 5.11468 0.0365036 0.999013 -0.025318 -2.0198 -0.97879 0.0408522 0.200748 113.286
0.174267 0.0158202 0.984571 5.58617 0.034284 0.999167 -0.0221229 -2.04189 -0.984101 0.0376103 0.17358 113.351
0.149948 0.0120449 0.98862 6.08418 0.0291244 0.999438 -0.0165941 -2.06265 -0.988265 0.0312812 0.149513 113.403
0.126298 0.00882279 0.991953 6.57048 0.0242174 0.999635 -0.0119745 -2.06725 -0.991696 0.0255348 0.126038 113.459
0.103948 0.00638286 0.994562 7.06889 0.0277745 0.999571 -0.00931789 -2.08176 -0.994195 0.028592 0.103726 113.487
0.0836626 0.00680464 0.996471 7.59498 0.0366254 0.99928 -0.00989884 -2.08496 -0.99582 0.0373243 0.0833531 113.504
0.0669887 0.00872249 0.997715 8.15269 0.0422787 0.999039 -0.0115727 -2.09667 -0.996857 0.0429574 0.0665554 113.511
0.0524665 0.0156114 0.9985 8.71122 0.0411293 0.998995 -0.0177803 -2.07654 -0.997775 0.0420004 0.0517716 113.537
0.0411444 0.0211699 0.998929 9.29346 0.0375732 0.999035 -0.0227197 -2.06981 -0.998446 0.0384677 0.0403092 113.568
0.0343094 0.0209671 0.999191 9.86107 0.0405701 0.998926 -0.0223546 -2.07853 -0.998587 0.0413043 0.0334219 113.586
0.031037 0.0180344 0.999355 10.4265 0.0462794 0.998739 -0.0194605 -2.08558 -0.998446 0.0468535 0.0301632 113.594
0.0312769 0.0162214 0.999379 11.0809 0.0494576 0.998618 -0.0177569 -2.09753 -0.998286 0.0499822 0.0304313 113.611
0.0332548 0.0167197 0.999307 11.7605 0.0477076 0.998694 -0.0182971 -2.09903 -0.998307 0.0482829 0.0324136 113.634
0.0354969 0.0174339 0.999217 12.508 0.0435263 0.998872 -0.0189742 -2.11249 -0.998421 0.0441658 0.034698 113.668
0.03638 0.0198193 0.999141 13.2073 0.0414884 0.998911 -0.0213254 -2.10867 -0.998476 0.0422286 0.0355181 113.701
0.0377352 0.020531 0.999077 13.9131 0.042426 0.998854 -0.0221289 -2.12779 -0.998387 0.0432219 0.0368209 113.714
0.0386035 0.0201175 0.999052 14.6414 0.0426548 0.998853 -0.0217617 -2.1437 -0.998344 0.0434544 0.037701 113.743
0.039005 0.018682 0.999064 15.4116 0.0423669 0.998895 -0.0203329 -2.16969 -0.99834 0.0431203 0.0381703 113.783
0.0388915 0.0180663 0.99908 16.198 0.0422105 0.998914 -0.0197065 -2.18102 -0.998351 0.0429381 0.0380866 113.828
0.0384233 0.0160639 0.999132 16.9569 0.0434285 0.998899 -0.0177303 -2.19938 -0.998317 0.0440721 0.0376833 113.853
0.0375549 0.0148162 0.999184 17.7243 0.0414825 0.999005 -0.0163727 -2.21415 -0.998433 0.0420636 0.0369029 113.878
0.0366 0.014605 0.999223 18.5014 0.0400242 0.999069 -0.0160687 -2.21755 -0.998528 0.0405812 0.0359813 113.903
0.0350742 0.0131124 0.999298 19.2833 0.042935 0.998971 -0.0146151 -2.21465 -0.998462 0.0434175 0.0344751 113.936
0.033485 0.0120024 0.999367 20.0492 0.0454034 0.998877 -0.0135178 -2.21801 -0.998407 0.0458273 0.0329024 113.969
0.0311037 0.012317 0.99944 20.8607 0.0432415 0.998971 -0.0136569 -2.21788 -0.99858 0.043642 0.030539 114.019
0.0302203 0.0176896 0.999386 21.6718 0.0409521 0.998982 -0.0189208 -2.22805 -0.998704 0.0414987 0.029465 114.046
0.029319 0.0244068 0.999272 22.4498 0.0431238 0.99874 -0.0256591 -2.21196 -0.998639 0.0438447 0.0282295 114.072
0.0272883 0.026675 0.999271 23.261 0.0442751 0.99863 -0.0278669 -2.23261 -0.998646 0.0450033 0.0260698 114.107
0.0253198 0.0250025 0.999366 24.1118 0.0405091 0.99884 -0.0260156 -2.26028 -0.998858 0.0411421 0.0242775 114.139
0.0245915 0.0211378 0.999474 24.9694 0.0377207 0.999045 -0.0220568 -2.29334 -0.998985 0.0382432 0.0237706 114.175
0.0237785 0.0160597 0.999588 25.7666 0.0365982 0.999186 -0.0169238 -2.32161 -0.999047 0.0369855 0.0231714 114.206
0.0229773 0.0111857 0.999673 26.5403 0.0331718 0.999378 -0.0119448 -2.33453 -0.999185 0.0334354 0.0225919 114.247
0.0239123 0.00972061 0.999666 27.3486 0.0317235 0.999441 -0.0104773 -2.36226 -0.99921 0.0319634 0.0235905 114.276
0.0255877 0.0165944 0.999534 28.1865 0.0348728 0.999238 -0.0174823 -2.39119 -0.999064 0.0353039 0.0249895 114.292
0.0262058 0.0271153 0.999288 29.0177 0.0373234 0.998908 -0.0280838 -2.42014 -0.998959 0.0380328 0.0251651 114.325
0.0234435 0.032043 0.999211 29.8254 0.0388444 0.998702 -0.032938 -2.45519 -0.99897 0.0395859 0.0221683 114.388
0.025758 0.0273386 0.999294 30.6812 0.0422059 0.998705 -0.0284104 -2.47781 -0.998776 0.0429079 0.0245707 114.393
0.0262906 0.0206997 0.99944 31.4892 0.0495539 0.998529 -0.0219844 -2.47645 -0.998425 0.0501041 0.0252262 114.415
0.027696 0.0184693 0.999445 32.3168 0.0518074 0.998459 -0.0198867 -2.5057 -0.998273 0.0523294 0.0266964 114.431
0.027654 0.0196634 0.999424 33.1406 0.0544706 0.998291 -0.0211483 -2.52761 -0.998132 0.055024 0.0265356 114.463
0.0268319 0.01967 0.999446 33.9355 0.0500385 0.998526 -0.0209952 -2.58441 -0.998387 0.0505742 0.0258081 114.491
0.0245144 0.019591 0.999507 34.722 0.0472619 0.998667 -0.0207337 -2.62256 -0.998581 0.0477469 0.0235557 114.526
0.0225753 0.01679 0.999604 35.4528 0.0495961 0.998609 -0.0178933 -2.69928 -0.998514 0.0499804 0.0217111 114.55
0.020448 0.0164914 0.999654 36.202 0.0471875 0.998733 -0.0174414 -2.74029 -0.998676 0.0475278 0.0196438 114.57
0.0183047 0.0176672 0.999676 37.017 0.0450553 0.998813 -0.0184769 -2.75613 -0.998816 0.0453789 0.0174869 114.595
0.0163935 0.0156372 0.999743 37.8141 0.0420419 0.998982 -0.0163146 -2.80253 -0.998981 0.0422985 0.0157194 114.614
0.0135313 0.0141461 0.999808 38.5766 0.0416194 0.999025 -0.0146983 -2.83919 -0.999042 0.0418103 0.0129292 114.64
0.0119712 0.0136361 0.999835 39.3597 0.0412225 0.99905 -0.0141189 -2.87772 -0.999078 0.0413847 0.0113977 114.645
0.010855 0.0152063 0.999825 40.1419 0.0417292 0.999006 -0.0156469 -2.89214 -0.99907 0.0418918 0.0102096 114.645
0.0100676 0.0140323 0.99985 40.9244 0.0427403 0.998981 -0.0144504 -2.94204 -0.999035 0.0428794 0.00945757 114.655
0.00833251 0.0120102 0.999893 41.703 0.0420942 0.999037 -0.0123507 -2.9825 -0.999079 0.0421926 0.00781885 114.673
0.00537654 0.00779931 0.999955 42.4332 0.0417103 0.999097 -0.00801688 -3.06638 -0.999115 0.0417515 0.00504629 114.701
0.00329207 0.00704308 0.999969 43.21 0.0403728 0.999159 -0.00717027 -3.09714 -0.999179 0.0403952 0.00300487 114.718
0.00160989 0.00661517 0.999976 43.9601 0.0381023 0.999251 -0.0066717 -3.11415 -0.999272 0.0381122 0.00135655 114.726
0.000622281 0.00519518 0.999986 44.7054 0.0361017 0.999334 -0.00521425 -3.13795 -0.999348 0.0361045 0.000434232 114.736
1.63113e-05 0.00379801 0.999992 45.4196 0.036261 0.999335 -0.0037961 -3.1754 -0.999342 0.0362608 -0.0001215 114.737
-0.000247218 0.00655151 0.999978 46.1166 0.0364167 0.999315 -0.00653815 -3.19292 -0.999336 0.0364143 -0.000485714 114.746
-0.00200811 0.00565513 0.999982 46.7011 0.0322542 0.999464 -0.00558741 -3.26782 -0.999477 0.0322424 -0.00218952 114.782
-0.00138212 0.00891275 0.999959 47.3831 0.0303867 0.999498 -0.00886663 -3.2631 -0.999537 0.0303732 -0.00165234 114.784
-0.00125891 0.0105765 0.999943 48.0774 0.0327351 0.999408 -0.0105296 -3.27369 -0.999463 0.03272 -0.00160447 114.785
-0.000966118 0.0106313 0.999942 48.7968 0.0343553 0.999353 -0.0105918 -3.29176 -0.999409 0.0343431 -0.00133082 114.789
-0.000621812 0.00994953 0.99995 49.4761 0.0333878 0.999393 -0.00992321 -3.31663 -0.999442 0.0333799 -0.000953709 114.779
-0.00084149 0.00963613 0.999953 50.1585 0.0283183 0.999552 -0.00960843 -3.34552 -0.999598 0.0283088 -0.00111407 114.792
-0.00168507 0.00933924 0.999954 50.8551 0.0237717 0.999674 -0.00929654 -3.38299 -0.999715 0.0237549 -0.00190661 114.818
-0.000472903 0.00945146 0.999955 51.5169 0.028122 0.99956 -0.00943441 -3.37919 -0.999604 0.0281163 -0.00073857 114.807
-0.000239002 0.00980847 0.999951 52.1818 0.0301287 0.999498 -0.0097968 -3.38072 -0.999545 0.0301249 -0.00053448 114.79
-0.00389577 0.00817749 0.999958 52.8602 0.024921 0.999656 -0.00807792 -3.42206 -0.999681 0.0248885 -0.00409831 114.802
-0.00889757 0.00646898 0.999939 53.5337 0.0206451 0.999767 -0.00628415 -3.46647 -0.999747 0.0205879 -0.00902913 114.803
-0.015431 0.00970155 0.999833 54.1846 0.022559 0.999701 -0.00935209 -3.4855 -0.999626 0.022411 -0.0156454 114.805
-0.0228768 0.0109429 0.999678 54.8259 0.0235819 0.999667 -0.0104031 -3.53051 -0.99946 0.0233363 -0.0231273 114.805
-0.0296136 0.0110548 0.9995 55.4966 0.0222405 0.999698 -0.010398 -3.57338 -0.999313 0.0219215 -0.0298506 114.786
-0.035988 0.00939939 0.999308 56.1872 0.0188431 0.999784 -0.00872527 -3.61106 -0.999174 0.0185161 -0.0361575 114.771
-0.0405848 0.0101017 0.999124 56.8711 0.0216584 0.999722 -0.00922792 -3.59979 -0.998941 0.0212649 -0.0407924 114.733
-0.0437165 0.012785 0.998962 57.5784 0.0217613 0.999693 -0.0118421 -3.58828 -0.998806 0.021221 -0.0439813 114.694
-0.0478722 0.0141104 0.998753 58.2848 0.0232849 0.999644 -0.0130069 -3.58751 -0.998581 0.0226332 -0.0481838 114.671
-0.0484224 0.015239 0.99871 58.9661 0.0281179 0.999508 -0.0138879 -3.54453 -0.99843 0.0274091 -0.0488271 114.612
-0.0490845 0.0162011 0.998663 59.656 0.0321599 0.999375 -0.014632 -3.50514 -0.998276 0.0313987 -0.0495749 114.568
-0.0492732 0.0173808 0.998634 60.3352 0.0329718 0.999331 -0.0157661 -3.46665 -0.99824 0.0321499 -0.0498134 114.527
-0.0485812 0.0249765 0.998506 61.0603 0.0329931 0.999181 -0.0233881 -3.37718 -0.998273 0.0318076 -0.0493656 114.485
-0.0477915 0.0277886 0.99847 61.7587 0.0349107 0.999048 -0.0261337 -3.42096 -0.998246 0.0336084 -0.0487162 114.443
-0.0474785 0.0314208 0.998377 62.5029 0.0410725 0.998721 -0.0294783 -3.45207 -0.998027 0.0396063 -0.0487084 114.4
-0.048172 0.0368196 0.99816 63.2441 0.0502463 0.998144 -0.0343941 -3.47478 -0.997574 0.048497 -0.0499328 114.359
-0.0486613 0.0384233 0.998075 64.0142 0.0520055 0.998001 -0.0358849 -3.5048 -0.99746 0.0501593 -0.0505624 114.326
-0.0487755 0.0368913 0.998128 64.7649 0.0498133 0.998163 -0.0344583 -3.5329 -0.997566 0.0480394 -0.0505237 114.288
-0.0500176 0.032711 0.998212 65.4841 0.0500068 0.998291 -0.0302079 -3.56276 -0.997495 0.0484064 -0.051568 114.281
-0.0497023 0.0308041 0.998288 66.2484 0.0528396 0.998205 -0.0281708 -3.59967 -0.997365 0.051349 -0.0512409 114.24
-0.0503562 0.0302732 0.998272 67.0018 0.0530968 0.998208 -0.0275929 -3.64195 -0.997318 0.0516156 -0.0518735 114.199
-0.0529058 0.0304495 0.998134 67.7605 0.0521512 0.998255 -0.0276889 -3.69198 -0.997236 0.0505891 -0.0544015 114.173
-0.0563808 0.0303284 0.997948 68.5297 0.0499972 0.99837 -0.0275166 -3.7383 -0.997156 0.0483432 -0.0578053 114.15
-0.0597344 0.0314101 0.997719 69.2638 0.0508389 0.998303 -0.0283847 -3.76019 -0.996918 0.0490274 -0.06123 114.126
-0.0582452 0.0300627 0.997849 69.9858 0.05936 0.997882 -0.0265988 -3.81476 -0.996535 0.0576831 -0.0599064 114.041
-0.0619059 0.0285814 0.997672 70.7405 0.0573813 0.998038 -0.0250314 -3.87307 -0.99643 0.0556982 -0.0634246 114.02
-0.0634191 0.0286638 0.997575 71.4752 0.054833 0.998177 -0.0251951 -3.91302 -0.996479 0.0531022 -0.0648753 113.981
-0.0651612 0.0295157 0.997437 72.2336 0.0566104 0.998061 -0.0258359 -3.95722 -0.996267 0.0547819 -0.0667058 113.951
-0.0657225 0.0290162 0.997415 72.9655 0.0552599 0.998148 -0.0253963 -4.00557 -0.996306 0.053448 -0.0672043 113.905
-0.066946 0.0297207 0.997313 73.7404 0.0545542 0.998169 -0.0260842 -4.028 -0.996263 0.0526614 -0.0684449 113.85
-0.067715 0.0283044 0.997302 74.5044 0.0554179 0.99816 -0.024566 -4.05366 -0.996164 0.0536049 -0.0691592 113.795
-0.0685894 0.0257277 0.997312 75.2877 0.0532938 0.998334 -0.0220888 -4.09028 -0.99622 0.0516355 -0.0698463 113.747
-0.0709864 0.0237389 0.997194 76.0812 0.0509134 0.998499 -0.0201456 -4.12226 -0.996176 0.0493405 -0.0720886 113.709
-0.0721418 0.0229536 0.997129 76.8864 0.0533259 0.998393 -0.0191246 -4.15497 -0.995967 0.0517932 -0.07325 113.636
-0.0753732 0.0249704 0.996842 77.6043 0.053177 0.998364 -0.0209878 -4.15508 -0.995736 0.0514272 -0.0765778 113.607
-0.077164 0.027563 0.996636 78.3745 0.0533033 0.998302 -0.0234821 -4.16483 -0.995592 0.0513121 -0.0785023 113.541
-0.0788035 0.0320128 0.996375 79.2245 0.0560422 0.998045 -0.0276341 -4.18579 -0.995313 0.0536614 -0.0804437 113.49
-0.0795233 0.0365741 0.996161 80.0088 0.059614 0.997712 -0.031872 -4.20957 -0.995048 0.0568506 -0.0815218 113.428
-0.0800576 0.0411096 0.995941 80.8458 0.0618941 0.997425 -0.0361956 -4.23666 -0.994866 0.0587452 -0.0823961 113.355
-0.079941 0.0424639 0.995894 81.6909 0.0636786 0.997268 -0.037411 -4.27695 -0.994763 0.0604265 -0.0824268 113.288
-0.0796272 0.0425059 0.995917 82.5194 0.067299 0.997039 -0.037173 -4.30835 -0.99455 0.0640643 -0.0822522 113.219
-0.0800702 0.0424537 0.995884 83.3713 0.0685432 0.996962 -0.0369887 -4.3222 -0.994429 0.0652994 -0.082737 113.17
-0.0782276 0.0402376 0.996122 84.1967 0.0687261 0.997025 -0.0348768 -4.38021 -0.994563 0.0657313 -0.0807604 113.089
-0.0760337 0.0394118 0.996325 85.029 0.0679947 0.997097 -0.0342533 -4.39884 -0.994783 0.0651405 -0.0784928 113.024
-0.0741624 0.0372244 0.99655 85.8711 0.0694493 0.997069 -0.0320754 -4.42395 -0.994824 0.066831 -0.0765304 112.958
-0.0723884 0.03333 0.996819 86.7013 0.0687808 0.997228 -0.0283488 -4.47338 -0.995001 0.0665099 -0.0744803 112.89
-0.0715454 0.0326628 0.996902 87.5585 0.0662234 0.997413 -0.0279269 -4.51999 -0.995236 0.0640203 -0.0735235 112.842
-0.0695446 0.0371379 0.996887 88.4158 0.067834 0.997169 -0.0324162 -4.55937 -0.995269 0.0653685 -0.0718671 112.774
-0.0673649 0.0433168 0.996787 89.2424 0.0683134 0.996912 -0.0387055 -4.60385 -0.995386 0.0654866 -0.0701161 112.707
-0.0654031 0.0474154 0.996731 90.1367 0.0671222 0.996816 -0.043015 -4.64113 -0.995598 0.0640896 -0.0683777 112.663
-0.0633859 0.0435982 0.997036 90.9817 0.0679927 0.996912 -0.0392702 -4.72191 -0.995669 0.0653021 -0.0661546 112.598
-0.0621352 0.0411918 0.997217 91.853 0.0692347 0.996918 -0.0368656 -4.76855 -0.995663 0.0667514 -0.0647957 112.542
-0.0612715 0.0396398 0.997333 92.7274 0.0708184 0.996865 -0.0352704 -4.81557 -0.995605 0.0684685 -0.0638867 112.487
-0.0602032 0.0393542 0.997409 93.5779 0.0696895 0.996949 -0.0351296 -4.86253 -0.99575 0.0673941 -0.0627622 112.439
-0.0598901 0.0392492 0.997432 94.4392 0.0681589 0.997055 -0.0351418 -4.90789 -0.995874 0.0658794 -0.062389 112.396
-0.0588287 0.0372749 0.997571 95.2618 0.0715572 0.996889 -0.0330295 -4.9495 -0.995699 0.0694404 -0.061313 112.339
-0.0569455 0.0366477 0.997704 96.1217 0.0739987 0.996732 -0.0323883 -4.99008 -0.99563 0.0719845 -0.0594714 112.272
-0.0578436 0.0375802 0.997617 96.9053 0.0754564 0.996597 -0.0331666 -5.03983 -0.995469 0.0733583 -0.0604825 112.264
-0.0582648 0.040499 0.997479 97.7159 0.0762465 0.996438 -0.036003 -5.06579 -0.995384 0.0739566 -0.0611453 112.22
-0.0592459 0.0424631 0.997339 98.5539 0.0735586 0.996564 -0.0380604 -5.09858 -0.995529 0.071108 -0.0621659 112.196
-0.0594635 0.0378178 0.997513 99.4329 0.0692592 0.99703 -0.0336708 -5.1553 -0.995824 0.0670849 -0.0619062 112.163
-0.0595918 0.0354458 0.997593 100.281 0.0640398 0.997446 -0.0316151 -5.21499 -0.996166 0.0620017 -0.0617096 112.151
-0.0608171 0.0363572 0.997486 101.117 0.0605296 0.997631 -0.032672 -5.25354 -0.996311 0.0583906 -0.0628738 112.106
-0.0624331 0.041303 0.997193 101.981 0.057538 0.99763 -0.0377186 -5.29856 -0.996388 0.0550218 -0.0646617 112.063
-0.0639897 0.0444337 0.99696 102.803 0.055945 0.997596 -0.0408712 -5.33636 -0.99638 0.0531597 -0.0663219 112.024
-0.0628027 0.045577 0.996984 103.643 0.0560901 0.997538 -0.0420691 -5.36741 -0.996448 0.053279 -0.0652047 111.947
-0.0637226 0.0457826 0.996916 104.456 0.0571956 0.997472 -0.0421522 -5.40663 -0.996326 0.0543333 -0.0661802 111.905
-0.064656 0.0472729 0.996787 105.316 0.0583266 0.997348 -0.0435162 -5.44369 -0.996201 0.0553257 -0.0672419 111.855
-0.0651879 0.0499194 0.996623 106.125 0.0591108 0.997187 -0.0460812 -5.50776 -0.99612 0.0559074 -0.0679554 111.801
-0.0666528 0.0513055 0.996456 106.954 0.0620306 0.996958 -0.0471821 -5.55014 -0.995845 0.058666 -0.0696326 111.765
-0.0696697 0.0520547 0.99621 107.732 0.0604319 0.997023 -0.0478709 -5.59093 -0.995737 0.0568678 -0.0726081 111.733
-0.0715132 0.0512546 0.996121 108.524 0.0594306 0.997123 -0.0470395 -5.64119 -0.995667 0.0558362 -0.0743537 111.667
-0.0742377 0.0527168 0.995845 109.315 0.0593231 0.997066 -0.048359 -5.69023 -0.995473 0.0554867 -0.0771474 111.6
-0.0770742 0.0557271 0.995466 110.115 0.0594165 0.996918 -0.0512081 -5.74067 -0.995252 0.0552003 -0.0801479 111.534
-0.0793205 0.057466 0.995191 110.913 0.0592826 0.996841 -0.0528363 -5.78617 -0.995084 0.0548065 -0.0824768 111.462
-0.0816408 0.0579709 0.994974 111.7 0.0604574 0.996756 -0.053114 -5.83603 -0.994825 0.0558174 -0.0848808 111.387
-0.083891 0.0569094 0.994848 112.478 0.0619062 0.996736 -0.0517971 -5.88715 -0.994549 0.057242 -0.0871403 111.309
-0.086373 0.0578625 0.99458 113.258 0.0645175 0.996541 -0.0523736 -5.94017 -0.99417 0.0596443 -0.0898074 111.24
-0.0876514 0.0636119 0.994117 114.041 0.0604867 0.996457 -0.0584285 -5.98237 -0.994312 0.0550096 -0.0911886 111.172
-0.0897053 0.0711292 0.993424 114.804 0.0588121 0.996084 -0.0660089 -6.03754 -0.994229 0.0525041 -0.0935374 111.114
-0.0916418 0.0743686 0.99301 115.537 0.0634836 0.995614 -0.0687049 -6.09038 -0.993765 0.0567437 -0.0959612 111.025
-0.0940354 0.0728131 0.992902 116.318 0.0662418 0.995569 -0.066735 -6.14522 -0.993361 0.0594962 -0.0984421 110.946
-0.0976387 0.0653397 0.993074 117.09 0.0653991 0.996106 -0.0591092 -6.20998 -0.99307 0.0591749 -0.101532 110.884
-0.100098 0.0631016 0.992974 117.871 0.0658246 0.99622 -0.0566723 -6.27998 -0.992796 0.0596894 -0.103874 110.818
-0.101093 0.0664281 0.992656 118.626 0.0670233 0.995956 -0.0598233 -6.33492 -0.992616 0.0604835 -0.105136 110.737
-0.103281 0.0703048 0.992164 119.386 0.0652031 0.995831 -0.0637773 -6.39401 -0.992512 0.0581052 -0.107434 110.661
-0.104835 0.0728039 0.991821 120.156 0.0667003 0.995585 -0.0660301 -6.46134 -0.992249 0.0592326 -0.109228 110.569
-0.105695 0.0782165 0.991317 120.887 0.0744045 0.994728 -0.0705526 -6.50156 -0.99161 0.0663015 -0.110958 110.47
-0.10772 0.0841399 0.990614 121.625 0.0747162 0.994279 -0.0763265 -6.54123 -0.991368 0.0657931 -0.113391 110.385
-0.110599 0.087134 0.990038 122.39 0.0750185 0.994039 -0.0791057 -6.59718 -0.991028 0.0655222 -0.116476 110.301
-0.112196 0.084855 0.990056 123.156 0.0758086 0.994174 -0.0766171 -6.66246 -0.990789 0.0664587 -0.117975 110.205
-0.11497 0.081875 0.989988 123.866 0.0807845 0.994066 -0.0728306 -6.7187 -0.990077 0.0716024 -0.120902 110.08
-0.120596 0.0807738 0.989409 124.611 0.0837368 0.993959 -0.0709388 -6.78256 -0.989162 0.0742952 -0.126631 109.985
-0.126088 0.0795749 0.988822 125.354 0.0825291 0.994163 -0.0694811 -6.8498 -0.988579 0.0728459 -0.13192 109.872
-0.133676 0.0797507 0.98781 126.086 0.0821906 0.994214 -0.0691452 -6.91425 -0.98761 0.0719457 -0.139458 109.758
-0.143974 0.0803838 0.986311 126.816 0.0817433 0.994254 -0.069099 -6.97851 -0.986198 0.0706759 -0.149718 109.637
-0.155274 0.0810551 0.98454 127.544 0.0826678 0.994198 -0.0688125 -7.04386 -0.984405 0.070705 -0.161074 109.507
-0.168038 0.0823971 0.98233 128.233 0.0845529 0.994032 -0.068915 -7.09613 -0.982146 0.0714786 -0.174002 109.384
-0.178804 0.0824498 0.980423 128.945 0.0882905 0.993806 -0.0674734 -7.15514 -0.979914 0.0744976 -0.184976 109.222
-0.19005 0.0820529 0.978339 129.683 0.0918174 0.993618 -0.0654982 -7.22556 -0.97747 0.0773807 -0.196371 109.072
-0.199582 0.0820657 0.976438 130.382 0.0959004 0.993338 -0.0638844 -7.28179 -0.975176 0.0808907 -0.206122 108.9
-0.206781 0.0825574 0.974897 131.082 0.102511 0.992776 -0.0623285 -7.33669 -0.973001 0.087049 -0.21375 108.706
-0.213214 0.0821878 0.973542 131.773 0.107058 0.992419 -0.0603349 -7.39378 -0.971121 0.0913614 -0.220397 108.509
-0.219216 0.0828128 0.972155 132.508 0.10838 0.992291 -0.060089 -7.44271 -0.969637 0.0921901 -0.226501 108.336
-0.223547 0.080997 0.971322 133.248 0.112117 0.992062 -0.0569231 -7.49287 -0.968222 0.0961772 -0.230853 108.16
-0.223921 0.0784964 0.971441 133.91 0.117942 0.991607 -0.05294 -7.53244 -0.967443 0.102719 -0.2313 107.963
-0.224151 0.0768887 0.971516 134.609 0.124741 0.990946 -0.049646 -7.5798 -0.966537 0.11006 -0.231712 107.778
-0.223864 0.0752536 0.97171 135.281 0.125873 0.990896 -0.0477408 -7.62615 -0.966457 0.111624 -0.231298 107.595
-0.223074 0.079996 0.971513 135.967 0.128298 0.990366 -0.0520892 -7.68412 -0.96632 0.113024 -0.231188 107.428
-0.222288 0.0829972 0.971442 136.634 0.128962 0.990117 -0.0550833 -7.73783 -0.966413 0.113035 -0.230795 107.279
-0.220182 0.0826076 0.971954 137.312 0.13151 0.989824 -0.0543346 -7.78561 -0.966552 0.115859 -0.228806 107.103
-0.216967 0.0809811 0.972814 137.977 0.132666 0.989752 -0.0528026 -7.8328 -0.96712 0.117603 -0.225488 106.925
-0.21392 0.0783863 0.973701 138.638 0.133814 0.989729 -0.050278 -7.88099 -0.967641 0.11954 -0.222213 106.749
-0.211377 0.0784117 0.974254 139.326 0.133662 0.98973 -0.0506576 -7.93519 -0.968221 0.119513 -0.219687 106.596
-0.209259 0.0804459 0.974545 139.96 0.135846 0.989337 -0.0524975 -7.98545 -0.968377 0.121402 -0.217957 106.454
-0.206207 0.0817462 0.975087 140.61 0.134832 0.989371 -0.05443 -8.0404 -0.969173 0.120249 -0.215038 106.329
-0.202487 0.0806609 0.975957 141.229 0.131609 0.989801 -0.0544996 -8.0982 -0.9704 0.11741 -0.211037 106.2
-0.195003 0.0785595 0.977651 141.876 0.136403 0.989272 -0.0522863 -8.14443 -0.97127 0.123159 -0.203627 106.049
-0.189674 0.075756 0.97892 142.506 0.135395 0.989511 -0.0503418 -8.20648 -0.972466 0.122992 -0.197942 105.916
-0.185229 0.0745487 0.979863 143.126 0.136134 0.98945 -0.049544 -8.26088 -0.973219 0.124216 -0.193423 105.792
-0.182114 0.0721408 0.980627 143.749 0.135985 0.989568 -0.0475448 -8.32247 -0.973827 0.124692 -0.190024 105.687
-0.178631 0.0698059 0.981436 144.358 0.138462 0.989336 -0.0451666 -8.37456 -0.974123 0.127823 -0.186391 105.57
-0.174213 0.0675946 0.982385 144.957 0.14111 0.989057 -0.0430298 -8.4197 -0.974543 0.131128 -0.181845 105.442
-0.171162 0.0669808 0.982963 145.565 0.139401 0.989295 -0.0431386 -8.45555 -0.97533 0.129642 -0.178667 105.337
-0.166982 0.0677749 0.983627 146.185 0.137698 0.98946 -0.044801 -8.50246 -0.976296 0.127962 -0.174555 105.239
-0.162187 0.0710024 0.984202 146.756 0.139712 0.989011 -0.0483261 -8.54605 -0.976818 0.129667 -0.170325 105.141
-0.155867 0.0751291 0.984916 147.339 0.141946 0.988457 -0.0529357 -8.5706 -0.977524 0.131554 -0.164732 105.037
-0.148898 0.0768449 0.985862 147.913 0.141303 0.988397 -0.0557011 -8.60188 -0.978703 0.131012 -0.158029 104.946
-0.139876 0.0747907 0.98734 148.494 0.138432 0.988826 -0.0552918 -8.65737 -0.980443 0.128945 -0.148666 104.86
-0.130162 0.0722707 0.988855 149.085 0.138087 0.98894 -0.0541007 -8.71642 -0.981828 0.129506 -0.138703 104.807
-0.118911 0.0694544 0.990472 149.663 0.139315 0.988848 -0.0526152 -8.77757 -0.983081 0.131731 -0.127261 104.748
-0.106189 0.0684099 0.991989 150.233 0.138726 0.988892 -0.0533462 -8.82384 -0.98462 0.13195 -0.1145 104.702
-0.0906771 0.0680381 0.993553 150.815 0.137331 0.988985 -0.0551918 -8.86891 -0.986364 0.131441 -0.0990223 104.658
