1 0 0 0 0 1 0 0 0 0 1 0
0.999997 0.00227929 -0.00102581 0.092503 -0.00227772 0.999996 0.00152912 -0.100807 0.00102929 -0.00152678 0.999998 1.17689
0.999997 0.00228406 -0.000496018 0.101831 -0.00228292 0.999995 0.00228486 -0.121221 0.000501234 -0.00228372 0.999997 2.40212
0.999998 0.00143824 0.00115356 0.0806759 -0.00144186 0.999994 0.00313606 -0.151801 -0.00114904 -0.00313772 0.999994 3.63039
0.999998 0.000649618 0.00202477 0.0746428 -0.000655295 0.999996 0.00280407 -0.167272 -0.00202294 -0.00280539 0.999994 4.8716
0.999993 -0.00143134 0.00344354 0.0543803 0.00142069 0.999994 0.00309373 -0.197681 -0.00344795 -0.00308882 0.999989 6.08007
0.999992 -0.00143564 0.0037966 0.04741 0.00142688 0.999996 0.00230858 -0.224329 -0.0037999 -0.00230314 0.99999 7.28558
0.999992 -0.00188748 0.00355059 0.0625964 0.0018825 0.999997 0.00140553 -0.231194 -0.00355324 -0.00139883 0.999993 8.48807
0.999993 -0.00200614 0.00328946 0.0654212 0.00199858 0.999995 0.00229999 -0.237683 -0.00329406 -0.0022934 0.999992 9.68021
0.999993 -0.00229761 0.00279626 0.0482177 0.0022919 0.999995 0.00204292 -0.227235 -0.00280094 -0.0020365 0.999994 10.9146
0.999993 -0.00366188 0.000656607 0.0321965 0.00366102 0.999992 0.00130045 -0.250705 -0.000661364 -0.00129804 0.999999 12.1385
0.999994 -0.00313646 -0.00113255 0.0112916 0.00313754 0.999995 0.0009562 -0.277796 0.00112955 -0.000959749 0.999999 13.3468
0.999991 -0.00336192 -0.0024425 -0.0071987 0.00336434 0.999994 0.000987193 -0.306222 0.00243916 -0.000995402 0.999997 14.5637
0.999995 -0.00216646 -0.00223745 -0.0418715 0.00216834 0.999997 0.000841548 -0.332198 0.00223562 -0.000846396 0.999997 15.8044
0.999989 -0.00441343 -0.00181477 -0.085692 0.00441474 0.99999 0.000720227 -0.364519 0.00181158 -0.000728231 0.999998 17.0074
0.999977 -0.00639105 -0.00204392 -0.107375 0.00639497 0.999978 0.00191592 -0.409239 0.00203163 -0.00192895 0.999996 18.2473
0.999972 -0.0070895 -0.0024647 -0.119638 0.00709668 0.99997 0.00291878 -0.455775 0.00244393 -0.00293619 0.999993 19.4767
0.999964 -0.00789527 -0.00293784 -0.134533 0.0079049 0.999963 0.00328381 -0.508114 0.00291181 -0.00330692 0.99999 20.6998
0.999945 -0.0101065 -0.00293563 -0.167334 0.0101165 0.999943 0.0034169 -0.558966 0.00290093 -0.00344641 0.99999 21.924
0.99995 -0.00963654 -0.00255911 -0.21969 0.00964727 0.999945 0.00421319 -0.586105 0.00251837 -0.00423767 0.999988 23.1166
0.999946 -0.0100126 -0.00276922 -0.244301 0.0100239 0.999941 0.00410832 -0.607537 0.00272792 -0.00413586 0.999988 24.3315
0.999944 -0.0103857 -0.00204654 -0.304962 0.0103931 0.999939 0.0036281 -0.637301 0.00200874 -0.00364917 0.999991 25.5375
0.999945 -0.0104163 -0.00117552 -0.357884 0.0104217 0.999935 0.00467596 -0.662516 0.00112673 -0.00468796 0.999988 26.7631
0.999922 -0.0123824 -0.0017523 -0.365445 0.0123936 0.999902 0.00652406 -0.682633 0.00167134 -0.00654527 0.999977 28.0105
0.999913 -0.0130195 -0.00226871 -0.395952 0.0130343 0.999893 0.00663242 -0.706239 0.00218211 -0.00666142 0.999976 29.1939
0.9999 -0.0138465 -0.0029402 -0.410364 0.0138633 0.999887 0.0057864 -0.726452 0.00285975 -0.00582658 0.999979 30.4221
0.999874 -0.0152535 -0.00436496 -0.408762 0.0152744 0.999872 0.00480595 -0.750435 0.0042911 -0.00487202 0.999979 31.6431
0.999873 -0.0148124 -0.00586252 -0.41514 0.0148407 0.999878 0.00480304 -0.771661 0.00579066 -0.00488944 0.999972 32.8396
0.999861 -0.0153148 -0.00648982 -0.436726 0.0153413 0.999874 0.00404469 -0.762169 0.00642706 -0.00414369 0.999971 34.0478
0.999848 -0.0156073 -0.0077016 -0.438801 0.0156374 0.99987 0.00385858 -0.772206 0.00764038 -0.00397843 0.999963 35.3015
0.999818 -0.0167835 -0.0089865 -0.443368 0.0168167 0.999852 0.00362685 -0.786783 0.0089243 -0.00377731 0.999953 36.5552
0.999772 -0.0179743 -0.0114984 -0.429607 0.0180039 0.999835 0.00247591 -0.786987 0.011452 -0.00268236 0.999931 37.7249
0.999754 -0.0189279 -0.0115422 -0.443552 0.018968 0.999814 0.00336931 -0.817756 0.0114763 -0.00358741 0.999928 39.0323
0.999742 -0.0189956 -0.0124293 -0.453821 0.0190558 0.999807 0.00474125 -0.84532 0.0123368 -0.00497688 0.999912 40.2496
0.999734 -0.0187623 -0.0133564 -0.459148 0.0188419 0.999805 0.00586093 -0.874279 0.0132439 -0.00611104 0.999894 41.4895
0.99974 -0.0181702 -0.0137211 -0.485162 0.0182479 0.999818 0.00555644 -0.89372 0.0136176 -0.00580538 0.999891 42.7024
0.999771 -0.0174357 -0.0124092 -0.54221 0.0175091 0.999829 0.00583231 -0.914673 0.0123054 -0.00604825 0.999906 43.9283
0.999831 -0.0148512 -0.0108349 -0.5944 0.0149341 0.999859 0.00760973 -0.936897 0.0107204 -0.00777026 0.999913 45.1764
0.999823 -0.0161619 -0.00963964 -0.616332 0.0162753 0.999798 0.0117961 -0.981726 0.00944705 -0.0119509 0.999884 46.3996
0.999813 -0.0178607 -0.00733669 -0.643873 0.017981 0.999699 0.0166711 -1.041 0.00703673 -0.0167999 0.999834 47.6428
0.999815 -0.0181101 -0.00639956 -0.646868 0.0182391 0.999619 0.0207042 -1.06082 0.00602217 -0.0208171 0.999765 48.9006
0.999804 -0.0189549 -0.00562126 -0.66239 0.0190775 0.999561 0.0226356 -1.07898 0.00518975 -0.0227384 0.999728 50.0982
0.999747 -0.0219232 -0.00506427 -0.664636 0.0220267 0.999529 0.0213724 -1.08058 0.00459334 -0.0214786 0.999759 51.3086
0.999759 -0.0217277 -0.0029483 -0.700804 0.0217823 0.999563 0.0199761 -1.08295 0.00251298 -0.0200355 0.999796 52.5388
0.999755 -0.022089 -0.000762169 -0.756205 0.0220998 0.999563 0.0196268 -1.08224 0.000328297 -0.0196389 0.999807 53.7061
0.999727 -0.0233356 -0.000184062 -0.767614 0.0233347 0.999529 0.0199209 -1.10311 -0.000280894 -0.0199198 0.999802 54.9506
0.999714 -0.0238906 0.000803018 -0.815116 0.0238711 0.999534 0.0190086 -1.10504 -0.00125677 -0.018984 0.999819 56.1471
0.99974 -0.0227735 0.00115198 -0.855208 0.0227471 0.999556 0.0192468 -1.09509 -0.00158978 -0.0192156 0.999814 57.3944
0.999713 -0.0239076 0.00118464 -0.892105 0.0238789 0.999512 0.0201349 -1.0939 -0.00166544 -0.0201009 0.999797 58.5962
0.999657 -0.0261797 0.000782777 -0.916792 0.026158 0.999445 0.0205974 -1.09796 -0.00132158 -0.0205699 0.999788 59.8228
0.999678 -0.0253432 0.000245784 -0.928299 0.0253322 0.999453 0.0212542 -1.11103 -0.000784301 -0.0212411 0.999774 61.0706
0.999651 -0.0264037 -0.000345209 -0.942417 0.0264049 0.999411 0.0218945 -1.12515 -0.000233091 -0.021896 0.999761 62.2896
0.999598 -0.0283471 -0.000282822 -0.954184 0.0283468 0.999377 0.020987 -1.12269 -0.000312277 -0.0209866 0.99978 63.5112
0.999543 -0.0301924 -0.00116475 -0.959134 0.0302095 0.999349 0.0197052 -1.1206 0.000569044 -0.0197314 0.999806 64.7375
0.999525 -0.0306041 -0.0034505 -0.935288 0.0306694 0.999313 0.0207956 -1.12277 0.0028117 -0.0208916 0.999778 65.9612
0.999494 -0.031732 -0.00211348 -0.976534 0.0317712 0.999247 0.0222442 -1.13332 0.00140603 -0.0223001 0.999751 67.1748
0.999508 -0.0312696 -0.00223414 -0.987061 0.0313086 0.999303 0.0203258 -1.12776 0.00159701 -0.0203857 0.999791 68.3829
0.999519 -0.0309147 -0.00229115 -0.993263 0.0309518 0.99935 0.0184782 -1.11963 0.00171841 -0.0185402 0.999827 69.5994
0.999582 -0.0287574 -0.00272265 -1.00686 0.0288017 0.999423 0.0179536 -1.11024 0.00220479 -0.0180245 0.999835 70.7996
0.999599 -0.0282396 -0.00176746 -1.03347 0.0282678 0.999424 0.0187368 -1.12884 0.00123732 -0.0187793 0.999823 71.9965
0.999592 -0.0285693 0.000263431 -1.07028 0.0285588 0.999403 0.0194359 -1.13776 -0.000818547 -0.0194205 0.999811 73.2039
0.999592 -0.0282835 0.00401903 -1.11758 0.0281931 0.999382 0.0209898 -1.15345 -0.00461021 -0.0208679 0.999772 74.4266
0.999608 -0.0271885 0.00670834 -1.13529 0.0270303 0.999378 0.0226496 -1.16977 -0.00731998 -0.0224594 0.999721 75.6477
0.999517 -0.029217 0.0106027 -1.15137 0.0289858 0.999352 0.0213372 -1.18376 -0.0112193 -0.0210195 0.999716 76.852
0.999377 -0.0326128 0.0135001 -1.13987 0.0323885 0.999338 0.0165132 -1.18606 -0.0140297 -0.0160656 0.999773 78.0721
0.999301 -0.0344059 0.0145719 -1.11491 0.0341727 0.999288 0.0159595 -1.18839 -0.0151106 -0.0154504 0.999767 79.2518
0.99924 -0.0350117 0.0171199 -1.10079 0.0346835 0.999215 0.0191036 -1.18898 -0.0177753 -0.0184953 0.999671 80.4236
0.999221 -0.0330624 0.0215394 -1.09153 0.0326667 0.999295 0.0184738 -1.17092 -0.022135 -0.0177558 0.999598 81.6013
0.999122 -0.0331135 0.0256401 -1.0613 0.0326817 0.999319 0.0170808 -1.17321 -0.0261883 -0.0162278 0.999526 82.8067
0.998979 -0.034711 0.028884 -1.026 0.0342998 0.999304 0.0146128 -1.17788 -0.0293711 -0.0136072 0.999476 83.9866
0.998868 -0.0353606 0.0318059 -0.982005 0.0350422 0.99933 0.0105144 -1.17925 -0.0321564 -0.00938794 0.999439 85.1659
0.998694 -0.0371354 0.0350722 -0.940735 0.0368217 0.999276 0.00954713 -1.18625 -0.0354014 -0.00824325 0.999339 86.3503
0.998515 -0.0389814 0.0380498 -0.904552 0.0386455 0.999207 0.009524 -1.17565 -0.038391 -0.0080394 0.999231 87.5149
0.998416 -0.0384766 0.0410321 -0.852605 0.0380645 0.999217 0.0107774 -1.20637 -0.0414147 -0.00919849 0.9991 88.6888
0.998264 -0.0393365 0.0438352 -0.790175 0.038992 0.999201 0.00868661 -1.21282 -0.044142 -0.0069623 0.999001 89.8977
0.998118 -0.0401549 0.046344 -0.734712 0.0398815 0.999181 0.00681068 -1.23357 -0.0465796 -0.0049496 0.998903 91.0417
0.997979 -0.0404591 0.0489857 -0.667995 0.0402178 0.999173 0.00589977 -1.22708 -0.049184 -0.00391775 0.998782 92.2354
0.997813 -0.0420943 0.0509549 -0.612005 0.0417667 0.999099 0.00747846 -1.24774 -0.0512239 -0.00533389 0.998673 93.3835
0.997692 -0.0427701 0.0527247 -0.53762 0.0423407 0.99906 0.00923436 -1.25802 -0.0530701 -0.00698066 0.998567 94.5635
0.997573 -0.0435946 0.0542774 -0.46999 0.04304 0.999008 0.0113457 -1.27169 -0.0547182 -0.00898204 0.998462 95.7232
0.997348 -0.044474 0.0575943 -0.438265 0.0438038 0.998957 0.0128481 -1.28353 -0.0581057 -0.0102912 0.998258 96.8766
0.997264 -0.0447951 0.0587899 -0.361635 0.0442103 0.998959 0.011211 -1.30338 -0.059231 -0.0085812 0.998208 98.0191
0.997165 -0.0460022 0.0595361 -0.265414 0.0456073 0.998927 0.00797438 -1.30873 -0.0598391 -0.00523649 0.998194 99.206
0.9972 -0.046317 0.0586976 -0.153519 0.0460679 0.998922 0.00559175 -1.3235 -0.0588934 -0.00287202 0.99826 100.365
0.997171 -0.0467412 0.0588577 -0.0345558 0.0465711 0.998905 0.00425899 -1.32045 -0.0589924 -0.00150588 0.998257 101.608
0.997214 -0.0459636 0.0587321 0.0411745 0.0457699 0.998941 0.00463992 -1.32802 -0.0588832 -0.00193884 0.998263 102.802
0.997307 -0.0461144 0.0570153 0.114789 0.0458192 0.998928 0.00647546 -1.33324 -0.0572529 -0.00384563 0.998352 103.997
0.997328 -0.0463769 0.0564365 0.147059 0.0460164 0.998911 0.00767155 -1.33458 -0.0567308 -0.00505405 0.998377 105.18
0.997472 -0.0455994 0.0544926 0.201162 0.0452272 0.998944 0.0080437 -1.33718 -0.054802 -0.00555882 0.998482 106.4
0.997612 -0.0454027 0.0520414 0.267755 0.0450378 0.998951 0.00816409 -1.34401 -0.0523575 -0.00580076 0.998612 107.645
0.997776 -0.0453426 0.0488497 0.314252 0.045008 0.998955 0.00792915 -1.35258 -0.0491583 -0.00571289 0.998775 108.859
0.998024 -0.0437907 0.0450345 0.350468 0.0435147 0.999027 0.00709052 -1.35846 -0.0453012 -0.00511685 0.99896 110.083
0.998213 -0.0433219 0.0411441 0.408133 0.0430472 0.999044 0.00753999 -1.3805 -0.0414314 -0.00575539 0.999125 111.329
0.998385 -0.0422683 0.0379459 0.420705 0.0419591 0.999079 0.00890967 -1.40609 -0.0382876 -0.0073031 0.99924 112.57
0.998474 -0.0431815 0.0344121 0.425296 0.0428588 0.99903 0.0100616 -1.42873 -0.0348132 -0.00857143 0.999357 113.795
0.998552 -0.0436493 0.0314287 0.386695 0.0433424 0.999006 0.010381 -1.43458 -0.0318506 -0.00900383 0.999452 115.003
0.998709 -0.0435717 0.0260859 0.42706 0.043314 0.999007 0.0103666 -1.44805 -0.0265117 -0.00922336 0.999606 116.261
0.998869 -0.042373 0.0215097 0.420622 0.0421632 0.999059 0.0101148 -1.46303 -0.021918 -0.00919647 0.999717 117.48
0.99899 -0.0419821 0.0159901 0.465607 0.0418413 0.999083 0.00904215 -1.45763 -0.016355 -0.00836398 0.999831 118.856
0.999099 -0.041255 0.00991755 0.51461 0.0411762 0.999119 0.00802577 -1.46387 -0.0102399 -0.00761017 0.999919 120.124
0.999203 -0.0395755 0.00506305 0.551688 0.0395362 0.999188 0.00762861 -1.46603 -0.00536085 -0.00742236 0.999958 121.42
0.999296 -0.0374462 0.0020419 0.558832 0.0374302 0.999272 0.00737056 -1.48115 -0.00231641 -0.00728895 0.999971 122.634
0.999321 -0.0368059 0.000391381 0.569986 0.0368024 0.999299 0.00679719 -1.49179 -0.000641282 -0.00677818 0.999977 123.914
0.999379 -0.0351937 -0.000824976 0.568279 0.0351983 0.999358 0.00653907 -1.48517 0.000594316 -0.00656405 0.999978 125.174
0.99941 -0.0342843 -0.00128497 0.550154 0.0342926 0.999387 0.00704664 -1.49857 0.0010426 -0.00708655 0.999974 126.443
0.9994 -0.0345927 0.00114117 0.459152 0.0345839 0.999377 0.00699919 -1.49583 -0.00138258 -0.00695553 0.999975 127.704
0.999543 -0.0301884 -0.000111536 0.452009 0.0301881 0.999498 0.00957258 -1.5224 -0.000177499 -0.00957159 0.999954 128.926
0.999574 -0.0290225 -0.00267662 0.471422 0.0290544 0.999496 0.0127684 -1.53136 0.0023047 -0.0128408 0.999915 130.126
0.999512 -0.0308541 -0.00463718 0.475011 0.0309083 0.999449 0.012094 -1.54181 0.00426149 -0.0122314 0.999916 131.371
0.999502 -0.0309563 -0.00599028 0.471308 0.0310174 0.999464 0.0104062 -1.54277 0.00566495 -0.0105868 0.999928 132.727
0.999398 -0.033786 -0.0077572 0.464845 0.0338704 0.999365 0.0110231 -1.54843 0.00737986 -0.0112792 0.999909 134.021
0.999276 -0.0364298 -0.0109184 0.479088 0.0365634 0.999255 0.0123008 -1.55442 0.0104621 -0.0126911 0.999865 135.321
0.999123 -0.0399656 -0.01244 0.478449 0.0401345 0.999101 0.013634 -1.56396 0.0118839 -0.0141214 0.99983 136.62
0.99899 -0.0421982 -0.0153716 0.491564 0.0424373 0.998977 0.0155729 -1.59124 0.0146988 -0.0162095 0.99976 137.882
0.998767 -0.0470177 -0.0158823 0.489799 0.047256 0.99877 0.0149764 -1.61741 0.0151586 -0.0157084 0.999762 139.198
0.998564 -0.050851 -0.0167724 0.486627 0.051104 0.99858 0.0150181 -1.64424 0.0159849 -0.0158537 0.999746 140.513
0.99845 -0.0533896 -0.0156438 0.446061 0.0536236 0.998449 0.0149388 -1.66063 0.014822 -0.0157545 0.999766 141.818
0.998331 -0.0556686 -0.0153204 0.418495 0.0559153 0.998304 0.0161791 -1.68228 0.0143938 -0.0170088 0.999752 143.088
0.998324 -0.055855 -0.0150843 0.384656 0.0561335 0.998247 0.018721 -1.712 0.0140122 -0.0195363 0.999711 144.35
0.998379 -0.0538842 -0.0182824 0.415074 0.05424 0.998336 0.0195534 -1.69665 0.0171984 -0.0205134 0.999641 145.577
0.998386 -0.0544276 -0.0161509 0.346458 0.0547173 0.998338 0.0180759 -1.7072 0.0151402 -0.0189304 0.999706 146.903
0.998413 -0.0541622 -0.0153605 0.305497 0.0544144 0.998381 0.0165051 -1.71418 0.0144417 -0.0173147 0.999746 148.197
0.998394 -0.0548801 -0.0139614 0.256754 0.0550769 0.998382 0.0141213 -1.72486 0.0131638 -0.0148676 0.999803 149.512
0.998368 -0.0558023 -0.0120512 0.190481 0.0559284 0.99838 0.0103857 -1.74557 0.0114521 -0.0110427 0.999873 150.781
0.998418 -0.0554257 -0.00938299 0.124999 0.0554971 0.99843 0.00752149 -1.7753 0.00895139 -0.00803033 0.999928 152.072
0.998399 -0.0561114 -0.00701495 0.0515289 0.0561631 0.998394 0.00739292 -1.81309 0.00658887 -0.00777508 0.999948 153.354
0.998349 -0.0569607 -0.00720247 0.026381 0.0570201 0.998338 0.00831876 -1.85461 0.00671667 -0.00871573 0.999939 154.607
0.99836 -0.0567481 -0.00744819 0.00378686 0.0568175 0.998339 0.00946319 -1.88911 0.00689881 -0.00987087 0.999927 155.927
0.998388 -0.0561167 -0.00834854 -0.00254382 0.0562067 0.998358 0.0109679 -1.91291 0.00771936 -0.0114195 0.999905 157.206
0.998378 -0.0561713 -0.00913646 -0.0190372 0.0562708 0.998354 0.0110248 -1.91627 0.00850216 -0.011521 0.999897 158.499
0.998352 -0.0564529 -0.0101875 -0.0365253 0.0565575 0.998346 0.010292 -1.92088 0.00958967 -0.0108513 0.999895 159.791
0.998336 -0.0562867 -0.0124319 -0.0315103 0.0564137 0.998356 0.0101129 -1.93006 0.0118422 -0.0107975 0.999871 161.097
0.99828 -0.0567918 -0.0144607 -0.0295653 0.0569612 0.998309 0.0115801 -1.95381 0.0137786 -0.0123839 0.999828 162.44
0.998291 -0.0561878 -0.0159633 -0.0338696 0.0563891 0.998331 0.0124521 -1.97284 0.015237 -0.013331 0.999795 163.761
0.998339 -0.0552282 -0.0163087 -0.0760856 0.0554166 0.998399 0.0113325 -1.98389 0.0156567 -0.0122174 0.999803 165.014
0.998293 -0.0557268 -0.0174427 -0.107432 0.0559152 0.99838 0.0105083 -2.00274 0.0168289 -0.0114656 0.999792 166.309
0.99832 -0.0557157 -0.0158292 -0.210023 0.0558957 0.998374 0.0111627 -2.03123 0.0151816 -0.0120287 0.999812 167.541
0.998301 -0.0558749 -0.0164578 -0.228846 0.0560519 0.998372 0.0104985 -2.05096 0.0158444 -0.0114032 0.999809 168.877
0.998324 -0.0563481 -0.0131187 -0.368657 0.0564822 0.998352 0.0100859 -2.07548 0.0125287 -0.01081 0.999863 170.107
0.998348 -0.0557206 -0.013948 -0.393415 0.0558739 0.998378 0.0108554 -2.1025 0.0133205 -0.0116168 0.999844 171.404
0.998324 -0.0567256 -0.0114007 -0.510415 0.0568786 0.998288 0.013578 -2.14838 0.0106109 -0.0142037 0.999843 172.661
0.998275 -0.0575864 -0.0113444 -0.555632 0.0577488 0.998225 0.0145436 -2.17201 0.0104867 -0.0151737 0.99983 173.942
0.998276 -0.057485 -0.0117187 -0.591619 0.0576611 0.998219 0.0152802 -2.18607 0.0108195 -0.0159296 0.999814 175.238
0.998345 -0.0565744 -0.0102209 -0.666213 0.056734 0.99826 0.0160574 -2.2038 0.0092947 -0.0166107 0.999819 176.512
0.998357 -0.0565284 -0.00922536 -0.718626 0.0566657 0.998274 0.0153649 -2.21265 0.00834089 -0.0158625 0.999839 177.826
0.998412 -0.0557223 -0.00813951 -0.784491 0.0558425 0.998321 0.015359 -2.22937 0.00727002 -0.0157891 0.999849 179.087
0.998413 -0.0559127 -0.00652977 -0.842155 0.0560109 0.998302 0.0159715 -2.24175 0.00562568 -0.0163119 0.999851 180.389
0.998447 -0.0556083 -0.00289799 -0.928307 0.0556468 0.998329 0.0155649 -2.25596 0.00202761 -0.0157021 0.999874 181.681
0.998397 -0.0565688 0.000601325 -1.00377 0.0565543 0.998295 0.0144003 -2.27004 -0.00141491 -0.0143433 0.999896 182.971
0.99823 -0.0594447 0.000170288 -1.0117 0.0594361 0.998129 0.0143216 -2.27595 -0.00102132 -0.0142862 0.999897 184.247
0.998203 -0.0599078 -6.4316e-06 -1.01106 0.0598981 0.998039 0.0181622 -2.28841 -0.00108164 -0.0181299 0.999835 185.579
0.998148 -0.0608108 -0.000203931 -1.01441 0.0607997 0.99789 0.0227666 -2.29544 -0.00118096 -0.0227369 0.999741 186.876
0.998199 -0.0599715 0.000301255 -1.02427 0.0599505 0.99796 0.0219117 -2.29312 -0.00161472 -0.0218542 0.99976 188.143
0.998299 -0.0582696 0.000924537 -1.02747 0.0582435 0.998138 0.0180709 -2.28122 -0.0019758 -0.0179863 0.999836 189.432
0.998285 -0.0585174 0.000690746 -1.03236 0.0584999 0.998168 0.0154227 -2.27692 -0.00159198 -0.0153559 0.999881 190.689
0.998251 -0.0590829 0.00106106 -1.04405 0.0590604 0.998141 0.0149947 -2.27466 -0.00194502 -0.0149059 0.999887 191.942
0.998255 -0.0590088 0.00159384 -1.05204 0.0589774 0.99814 0.0154013 -2.26937 -0.0024997 -0.0152804 0.99988 193.202
0.998245 -0.0591645 0.00184378 -1.05943 0.0591237 0.998099 0.0173676 -2.28209 -0.00286783 -0.0172282 0.999847 194.457
0.998151 -0.060724 0.00192538 -1.05538 0.060679 0.99799 0.0182187 -2.29097 -0.00302783 -0.0180682 0.999832 195.744
0.998074 -0.0619632 0.00258504 -1.05094 0.0619082 0.997925 0.0176728 -2.30097 -0.00367474 -0.0174787 0.99984 197.004
0.99798 -0.063357 0.00429831 -1.05619 0.0632772 0.997856 0.0166808 -2.31437 -0.00534595 -0.0163751 0.999851 198.256
0.997959 -0.0636239 0.00530969 -1.04782 0.0635347 0.997858 0.0155665 -2.32787 -0.00628873 -0.0151974 0.999864 199.5
0.997856 -0.0650763 0.00673431 -1.04345 0.064968 0.997771 0.0152221 -2.34075 -0.00770991 -0.014752 0.999861 200.737
0.997795 -0.0658862 0.00790046 -1.03967 0.0657533 0.997706 0.0160495 -2.35413 -0.0089398 -0.0154947 0.99984 201.977
0.997769 -0.0660091 0.0098804 -1.0465 0.0658256 0.997671 0.0178738 -2.36042 -0.0110372 -0.0171835 0.999791 203.205
0.997773 -0.0660476 0.00916749 -1.00883 0.0658692 0.997655 0.0185662 -2.36897 -0.0103723 -0.017921 0.999785 204.441
0.99782 -0.0652754 0.00958705 -1.00845 0.0650898 0.997707 0.0185419 -2.36875 -0.0107754 -0.0178775 0.999782 205.622
0.99782 -0.0650627 0.010884 -1.02233 0.0648511 0.997717 0.0187863 -2.37692 -0.0120815 -0.0180395 0.999764 206.852
0.997748 -0.0656902 0.0134501 -1.06802 0.0654239 0.997669 0.0193637 -2.39257 -0.0146908 -0.0184402 0.999722 208.042
0.997703 -0.0659034 0.0155654 -1.09225 0.0655966 0.997656 0.0194658 -2.40506 -0.0168118 -0.0184001 0.999689 209.246
0.997662 -0.0661566 0.0170749 -1.1029 0.0658165 0.997635 0.0197677 -2.41415 -0.0183423 -0.0185977 0.999658 210.432
0.997563 -0.0674804 0.0176473 -1.08724 0.0671235 0.997542 0.0200912 -2.42633 -0.0189597 -0.0188577 0.999642 211.643
0.997571 -0.0675183 0.0170543 -1.0624 0.0671539 0.997519 0.0211081 -2.43449 -0.0184372 -0.0199116 0.999631 212.801
0.997526 -0.0683349 0.0164341 -1.03935 0.0679637 0.997441 0.0221761 -2.44244 -0.0179075 -0.0210044 0.999619 213.967
0.997544 -0.0682838 0.0155202 -1.02422 0.0679298 0.99744 0.0223011 -2.45163 -0.0170033 -0.0211921 0.999631 215.122
0.99756 -0.068152 0.0150653 -1.01095 0.0678177 0.997461 0.0216954 -2.46369 -0.0165056 -0.0206208 0.999651 216.249
0.997529 -0.0685755 0.0151701 -1.00871 0.0682428 0.997437 0.021461 -2.47771 -0.0166029 -0.0203727 0.999654 217.366
0.997534 -0.0687123 0.0142138 -0.994163 0.0683956 0.997422 0.0216863 -2.48836 -0.0156673 -0.0206607 0.999663 218.445
0.997499 -0.0693655 0.0134528 -0.993646 0.0690559 0.997364 0.022259 -2.50247 -0.0149613 -0.0212744 0.999661 219.535
0.997424 -0.0707218 0.0119105 -0.990771 0.0704392 0.997258 0.0226804 -2.50148 -0.0134818 -0.0217831 0.999671 220.605
0.997396 -0.0713544 0.0103229 -1.01508 0.0710869 0.997173 0.0243079 -2.50422 -0.0120282 -0.0235109 0.999651 221.61
0.997431 -0.0710154 0.00924806 -1.04452 0.0707553 0.997156 0.025946 -2.50685 -0.0110643 -0.025225 0.99962 222.654
0.997431 -0.0714319 0.00500864 -1.01377 0.0712849 0.997139 0.0251037 -2.49509 -0.00678753 -0.0246822 0.999672 223.656
0.997475 -0.0709845 0.0011842 -0.986231 0.0709362 0.997194 0.023877 -2.48088 -0.00287578 -0.0237328 0.999714 224.713
0.997505 -0.070529 -0.0025722 -0.973222 0.0705699 0.997234 0.0233106 -2.47429 0.000921024 -0.023434 0.999725 225.723
0.997523 -0.0701132 -0.00545839 -0.990722 0.0702236 0.99725 0.023656 -2.47739 0.0037848 -0.0239807 0.999705 226.648
0.997551 -0.0693166 -0.00916585 -0.987911 0.0695102 0.997319 0.0228221 -2.47384 0.00755935 -0.0234034 0.999697 227.62
0.99747 -0.0700104 -0.0122378 -1.00427 0.0702664 0.997287 0.0219112 -2.47613 0.0106706 -0.0227157 0.999685 228.539
0.997426 -0.0702086 -0.0144512 -1.03535 0.0705051 0.997287 0.0211391 -2.48135 0.0129279 -0.0221036 0.999672 229.421
0.997397 -0.0697877 -0.018037 -1.0487 0.0701617 0.997314 0.0210039 -2.49042 0.0165228 -0.0222148 0.999616 230.308
0.997391 -0.0692117 -0.020422 -1.07939 0.0696298 0.997361 0.0205251 -2.50015 0.0189476 -0.0218936 0.99958 231.147
0.997425 -0.0678777 -0.0230722 -1.09945 0.0683521 0.997451 0.020432 -2.50327 0.0216266 -0.0219565 0.999525 231.992
0.997486 -0.0675324 -0.0214278 -1.15465 0.0679858 0.997461 0.0211864 -2.51183 0.0199427 -0.02259 0.999546 232.796
0.99737 -0.0693004 -0.0211723 -1.17914 0.0697651 0.997319 0.0220547 -2.51894 0.0195872 -0.0234738 0.999532 233.596
0.997377 -0.0696875 -0.019493 -1.21245 0.0701296 0.997272 0.0229953 -2.5272 0.0178374 -0.0243021 0.999545 234.351
0.997476 -0.0685352 -0.0184694 -1.23635 0.0689467 0.997362 0.0226472 -2.52476 0.0168686 -0.0238635 0.999573 235.105
0.997561 -0.0676284 -0.0172142 -1.25858 0.0679821 0.997468 0.0208577 -2.52838 0.0157601 -0.0219772 0.999634 235.858
0.997532 -0.0684862 -0.0153539 -1.28053 0.0687721 0.997452 0.0189388 -2.53413 0.0140177 -0.019948 0.999702 236.63
0.997605 -0.0679341 -0.0129123 -1.30772 0.068167 0.997501 0.018541 -2.54604 0.0116205 -0.0193769 0.999744 237.371
0.997645 -0.067636 -0.0112338 -1.32692 0.0678325 0.997531 0.0181361 -2.5465 0.00997945 -0.0188554 0.999772 238.118
0.997637 -0.0680821 -0.0090595 -1.34142 0.0682379 0.997503 0.0181578 -2.54892 0.00780068 -0.0187332 0.999794 238.864
0.997633 -0.0683352 -0.00746311 -1.34921 0.0684651 0.997476 0.018798 -2.56192 0.00615973 -0.0192646 0.999795 239.585
0.997656 -0.0680357 -0.00708107 -1.33264 0.0681525 0.997515 0.0178246 -2.54978 0.00585078 -0.0182654 0.999816 240.299
0.997643 -0.0683179 -0.00617398 -1.31348 0.0684165 0.997503 0.0174653 -2.54982 0.00496539 -0.0178466 0.999828 241.027
0.997651 -0.068296 -0.00510095 -1.29004 0.0683762 0.997503 0.0176505 -2.55305 0.00388277 -0.0179579 0.999831 241.729
0.997599 -0.0691556 -0.00319707 -1.26473 0.0692053 0.997409 0.0196173 -2.56762 0.00183215 -0.0197915 0.999802 242.456
0.997524 -0.0702836 -0.0016839 -1.2438 0.0703037 0.99727 0.0225643 -2.60539 9.34136e-05 -0.0226268 0.999744 243.165
0.997474 -0.0709655 0.00251963 -1.259 0.0708879 0.997211 0.0233329 -2.6146 -0.00416844 -0.0230954 0.999724 243.86
0.997379 -0.0722057 0.00418552 -1.24058 0.0720983 0.997159 0.0217888 -2.59385 -0.00574691 -0.02143 0.999754 244.56
0.99724 -0.073925 0.00666505 -1.22089 0.0737627 0.997033 0.0219799 -2.5968 -0.00827015 -0.0214276 0.999736 245.289
0.997229 -0.0738558 0.0087557 -1.20237 0.0736674 0.997078 0.0201883 -2.58574 -0.0102212 -0.0194874 0.999758 245.977
0.997135 -0.0746176 0.012293 -1.1957 0.0743592 0.997024 0.0202878 -2.59144 -0.0137703 -0.0193156 0.999718 246.706
0.996955 -0.0764465 0.0152582 -1.18376 0.0761015 0.996856 0.0220432 -2.60038 -0.0168954 -0.0208149 0.99964 247.419
0.996903 -0.0765514 0.0179137 -1.17421 0.0761306 0.996829 0.0231029 -2.60715 -0.0196255 -0.0216676 0.999572 248.137
0.996784 -0.0774864 0.0203328 -1.15839 0.077004 0.996752 0.0235248 -2.61025 -0.0220897 -0.0218835 0.999516 248.861
0.996659 -0.0782498 0.0233234 -1.15254 0.0777289 0.996721 0.0224661 -2.61424 -0.025005 -0.0205782 0.999475 249.581
0.996671 -0.0770056 0.0267065 -1.14533 0.0764853 0.99687 0.0199915 -2.60662 -0.0281624 -0.0178823 0.999443 250.301
0.996584 -0.077769 0.0277107 -1.11776 0.0772731 0.996837 0.0185415 -2.60311 -0.0290651 -0.0163369 0.999444 251.032
0.996337 -0.0806265 0.0284285 -1.10085 0.0801477 0.996627 0.0176017 -2.59225 -0.0297519 -0.0152588 0.999441 251.761
0.996391 -0.0801146 0.0279598 -1.07133 0.0796795 0.996686 0.016347 -2.58215 -0.0291768 -0.0140603 0.999475 252.501
0.996595 -0.0772492 0.028765 -1.05984 0.0768045 0.996913 0.0162609 -2.58535 -0.0299324 -0.0139963 0.999454 253.226
0.996775 -0.075458 0.0272342 -1.02945 0.0751285 0.997089 0.0129271 -2.55778 -0.0281305 -0.0108394 0.999545 253.964
0.996694 -0.0763502 0.0276987 -1.00845 0.0760991 0.997049 0.0100131 -2.53328 -0.0283816 -0.0078722 0.999566 254.707
0.996256 -0.0815007 0.0287642 -0.986319 0.0811532 0.996615 0.0130545 -2.65067 -0.0297309 -0.0106713 0.999501 255.317
0.995892 -0.0848298 0.0316036 -1.01024 0.0844467 0.996339 0.0132717 -2.66933 -0.0326138 -0.0105484 0.999412 256.07
0.996035 -0.0836114 0.0303298 -0.963593 0.0831147 0.996389 0.0172884 -2.66601 -0.0316658 -0.014699 0.99939 256.88
0.99625 -0.0813757 0.0293367 -0.929057 0.0807003 0.99646 0.0235201 -2.66694 -0.0311469 -0.0210644 0.999292 257.701
0.996147 -0.0825957 0.0293975 -0.901273 0.081799 0.996273 0.0273465 -2.66633 -0.0315467 -0.0248365 0.999193 258.5
0.995942 -0.0838918 0.0325285 -0.898133 0.0830795 0.996214 0.025572 -2.66703 -0.0345507 -0.0227659 0.999143 259.291
0.995913 -0.0827865 0.0360379 -0.861943 0.082111 0.996425 0.0198397 -2.66164 -0.0375516 -0.0167995 0.999153 260.095
0.99596 -0.0801541 0.0404265 -0.833573 0.0795192 0.996686 0.0170822 -2.65986 -0.0416619 -0.0137986 0.999036 260.916
0.995875 -0.0796127 0.0434883 -0.793118 0.0788657 0.99671 0.0186353 -2.67797 -0.044829 -0.0151288 0.99888 261.756
0.995464 -0.0815939 0.0488752 -0.79107 0.080573 0.996493 0.0225104 -2.68776 -0.0505407 -0.0184703 0.998551 262.611
0.994982 -0.0852732 0.0522952 -0.757097 0.0840148 0.996129 0.0258131 -2.68425 -0.0542941 -0.02129 0.998298 263.451
0.994562 -0.0883795 0.055052 -0.710959 0.0869461 0.995821 0.0279157 -2.68563 -0.0572892 -0.0229774 0.998093 264.299
0.994296 -0.0890929 0.0585929 -0.67203 0.0875169 0.995742 0.028941 -2.68194 -0.060922 -0.0236481 0.997862 265.143
0.993997 -0.0887964 0.0638839 -0.669461 0.0870711 0.99577 0.0293077 -2.72354 -0.0662162 -0.0235694 0.997527 266.002
0.994067 -0.0857371 0.0669032 -0.63243 0.0840693 0.996083 0.0273648 -2.69961 -0.0689876 -0.021578 0.997384 266.842
0.99402 -0.0839841 0.0697649 -0.58498 0.0822679 0.99624 0.0271244 -2.67587 -0.0717808 -0.0212229 0.997194 267.702
0.993916 -0.0826853 0.0727257 -0.533842 0.0807568 0.996309 0.029076 -2.65821 -0.0748616 -0.0230261 0.996928 268.546
0.993859 -0.0803219 0.0760834 -0.475224 0.0781058 0.996441 0.0316736 -2.66292 -0.0783569 -0.0255366 0.996598 269.39
0.993614 -0.0807161 0.0788138 -0.425312 0.0784368 0.996417 0.0316054 -2.65486 -0.0810827 -0.0252217 0.996388 270.215
0.993254 -0.0803473 0.0835842 -0.386482 0.0780216 0.996477 0.030734 -2.62354 -0.0857593 -0.0240053 0.996026 271.062
0.992895 -0.0829274 0.0853139 -0.304895 0.0805998 0.996282 0.030381 -2.61618 -0.0875164 -0.023289 0.995891 271.923
0.992462 -0.0852573 0.0880168 -0.252171 0.0828174 0.996081 0.0310165 -2.59901 -0.0903165 -0.0234934 0.995636 272.759
0.992141 -0.0870458 0.0898618 -0.189731 0.0844328 0.995898 0.0324887 -2.61121 -0.0923215 -0.0246461 0.995424 273.61
0.991869 -0.0878402 0.0920596 -0.145509 0.085117 0.99582 0.0331092 -2.60792 -0.0945833 -0.0250043 0.995203 274.46
0.991872 -0.0862995 0.093478 -0.0771873 0.0835766 0.995965 0.0326698 -2.5752 -0.0959204 -0.0245917 0.995085 275.304
0.99197 -0.0845523 0.0940266 -0.0192767 0.0817835 0.996105 0.0329285 -2.56081 -0.0964448 -0.0249743 0.995025 276.175
0.991905 -0.0846532 0.0946229 0.0382578 0.0818451 0.996091 0.0331818 -2.54589 -0.0970623 -0.0251688 0.99496 277.023
0.991997 -0.0849047 0.093431 0.117906 0.082225 0.996093 0.0321745 -2.53228 -0.095798 -0.0242347 0.995105 277.878
0.991996 -0.0852066 0.0931645 0.175594 0.0826557 0.996097 0.0309128 -2.51813 -0.0954351 -0.0229649 0.99517 278.739
0.992436 -0.0831853 0.0902619 0.277496 0.0808012 0.996285 0.0297609 -2.50144 -0.0924025 -0.0222426 0.995473 279.618
0.9926 -0.0820521 0.0894863 0.33964 0.0797175 0.996384 0.029365 -2.49257 -0.0915724 -0.0220142 0.995555 280.485
0.992923 -0.0800231 0.0877274 0.399104 0.0778027 0.996562 0.0284503 -2.47199 -0.0897026 -0.0214236 0.995738 281.317
0.993088 -0.0794674 0.0863481 0.454278 0.077299 0.996608 0.0281781 -2.44846 -0.0882948 -0.0213088 0.995866 282.173
0.993275 -0.0800477 0.0836228 0.523475 0.0778271 0.996529 0.0294925 -2.44396 -0.0856936 -0.0227861 0.996061 283.033
0.993532 -0.0810845 0.0794605 0.586968 0.0788311 0.996401 0.0311026 -2.42782 -0.0816967 -0.0246376 0.996352 283.876
0.993852 -0.0818566 0.0745243 0.641693 0.0796652 0.996309 0.031924 -2.41082 -0.0768626 -0.0257908 0.996708 284.701
0.994116 -0.082404 0.0702765 0.673421 0.080249 0.996229 0.0329618 -2.40551 -0.0727278 -0.0271283 0.996982 285.504
0.994361 -0.0835897 0.0652202 0.725096 0.0815479 0.996109 0.0333708 -2.38968 -0.0677561 -0.0278642 0.997312 286.346
0.994643 -0.0839924 0.0602134 0.77441 0.0821143 0.996075 0.0330207 -2.37516 -0.0627506 -0.0278995 0.997639 287.176
0.994273 -0.0903005 0.0571174 0.761552 0.0883446 0.995442 0.0358952 -2.41566 -0.0600986 -0.0306437 0.997722 287.909
0.994296 -0.092238 0.0535016 0.789403 0.0903892 0.995254 0.0360096 -2.41775 -0.0565692 -0.0309683 0.997918 288.69
0.994493 -0.0923527 0.049491 0.830396 0.0906122 0.995222 0.0363349 -2.42089 -0.0526103 -0.0316504 0.998113 289.465
0.994654 -0.092455 0.0459376 0.856256 0.0908174 0.995196 0.0365462 -2.42204 -0.0490959 -0.032179 0.998275 290.224
0.994857 -0.0920761 0.0421607 0.881418 0.090624 0.995263 0.0351537 -2.38984 -0.0451979 -0.0311523 0.998492 290.951
0.994855 -0.0937195 0.0384047 0.888274 0.0923873 0.995103 0.0351154 -2.40841 -0.0415077 -0.0313868 0.998645 291.679
0.995161 -0.0922195 0.0338338 0.896905 0.0911222 0.995303 0.0326613 -2.38561 -0.036687 -0.0294204 0.998893 292.373
0.995513 -0.0903122 0.0281706 0.891273 0.089407 0.995483 0.0318941 -2.43601 -0.0309239 -0.0292325 0.999094 293.07
0.995906 -0.0881158 0.020076 0.90131 0.0875038 0.995724 0.029567 -2.43914 -0.0225955 -0.0276893 0.999361 293.681
0.996112 -0.087415 0.0107039 0.867276 0.0870836 0.995798 0.028277 -2.46132 -0.0131308 -0.0272351 0.999542 294.313
0.99617 -0.0873917 -0.00157327 0.818952 0.0874025 0.995812 0.0267701 -2.45946 -0.000772763 -0.0268052 0.99964 294.901
0.996149 -0.0858782 -0.0175591 0.770126 0.0863118 0.995937 0.0256336 -2.45458 0.0152865 -0.0270505 0.999517 295.499
0.995809 -0.0835318 -0.037173 0.709424 0.0844717 0.996124 0.0244705 -2.45035 0.034985 -0.0275081 0.999009 296.095
0.994907 -0.08208 -0.0584589 0.605423 0.0835215 0.996247 0.0226505 -2.46043 0.0563806 -0.0274178 0.998032 296.683
0.993395 -0.0807226 -0.0815222 0.458302 0.0826704 0.996359 0.0207998 -2.47015 0.0795466 -0.027402 0.996454 297.265
0.990984 -0.0795809 -0.107762 0.319606 0.0820644 0.996448 0.018803 -2.47892 0.105883 -0.027477 0.993998 297.785
0.987324 -0.0782779 -0.138057 0.194459 0.0814555 0.996522 0.0175095 -2.48693 0.136207 -0.0285331 0.990269 298.33
0.982169 -0.0780447 -0.171025 0.0479285 0.0819295 0.996512 0.0157646 -2.48304 0.169199 -0.0294956 0.98514 298.841
0.975343 -0.0778211 -0.206506 -0.110226 0.0824585 0.996496 0.0139314 -2.48504 0.204699 -0.0306162 0.978345 299.309
0.967288 -0.0760044 -0.242018 -0.328755 0.0815771 0.99658 0.0130738 -2.50217 0.240197 -0.0323894 0.970183 299.688
0.958551 -0.0746559 -0.274958 -0.70228 0.0813918 0.996594 0.013153 -2.54725 0.27304 -0.0349873 0.961366 300.012
0.947376 -0.0739113 -0.311468 -0.99777 0.08181 0.99657 0.0123511 -2.58149 0.309487 -0.0371824 0.950176 300.377
0.934436 -0.0737167 -0.348413 -1.34115 0.0826339 0.99652 0.01078 -2.62065 0.346407 -0.038864 0.937278 300.744
0.91801 -0.0738179 -0.38962 -1.62137 0.0840605 0.996416 0.0092784 -2.6646 0.38754 -0.0412695 0.920928 301.188
0.899208 -0.0743936 -0.431146 -1.90107 0.0854134 0.996325 0.00622569 -2.68469 0.4291 -0.042424 0.90226 301.512
0.877275 -0.0749516 -0.474096 -2.26701 0.0872899 0.996173 0.0040337 -2.72631 0.471981 -0.0449226 0.880463 301.998
0.852579 -0.0745202 -0.517254 -2.61249 0.0880562 0.996113 0.00163233 -2.75677 0.515123 -0.0469392 0.855829 302.397
0.825017 -0.0726654 -0.560413 -2.9803 0.086464 0.996252 -0.00188939 -2.78951 0.558452 -0.0468969 0.82821 302.782
0.793827 -0.0732122 -0.603717 -3.357 0.0875623 0.996142 -0.00566556 -2.8293 0.601804 -0.0483656 0.797177 303.168
0.759626 -0.0741052 -0.646121 -3.72949 0.0900808 0.995898 -0.00831673 -2.86164 0.644089 -0.0518857 0.763188 303.429
0.722079 -0.0745652 -0.687777 -4.17228 0.0936973 0.995553 -0.00956238 -2.89773 0.685434 -0.0575382 0.725857 303.663
0.681121 -0.0735966 -0.72846 -4.62768 0.0945919 0.995441 -0.0121251 -2.92518 0.726033 -0.060648 0.684979 303.853
0.637074 -0.0698914 -0.767625 -5.04142 0.0915025 0.995695 -0.0147163 -2.95142 0.765351 -0.0608644 0.640728 303.974
0.592874 -0.0632253 -0.802807 -5.53478 0.083841 0.99634 -0.0165504 -2.98019 0.800917 -0.0574959 0.596007 304.059
0.545667 -0.0584243 -0.83596 -5.97037 0.0775345 0.996806 -0.0190555 -3.01204 0.834406 -0.054418 0.548456 304.123
0.495225 -0.054672 -0.86704 -6.40428 0.0730024 0.997105 -0.0211768 -3.05889 0.865691 -0.052809 0.497784 304.202
0.44409 -0.0516317 -0.894491 -6.86477 0.0705797 0.99725 -0.0225223 -3.10156 0.893197 -0.0531311 0.446514 304.257
0.391927 -0.0477763 -0.918753 -7.30626 0.0683148 0.997404 -0.0227242 -3.13919 0.917456 -0.0538584 0.394174 304.294
0.33766 -0.0432879 -0.94027 -7.7968 0.0659428 0.997574 -0.0222453 -3.17264 0.938954 -0.0544929 0.339696 304.328
0.281016 -0.0397374 -0.958878 -8.22479 0.0637322 0.997708 -0.0226688 -3.20242 0.957584 -0.0547413 0.282905 304.32
0.222734 -0.0343445 -0.974272 -8.66382 0.0592561 0.998007 -0.0216343 -3.24539 0.973076 -0.052913 0.224326 304.283
0.163155 -0.0285866 -0.986184 -9.12304 0.0560629 0.998232 -0.0196608 -3.2706 0.985006 -0.0520808 0.164469 304.226
0.100147 -0.0202077 -0.994765 -9.54813 0.0523164 0.998516 -0.0150171 -3.31276 0.993596 -0.0505388 0.101055 304.164
0.0316252 -0.0133631 -0.999408 -10.0323 0.0501407 0.998671 -0.0117666 -3.32279 0.998241 -0.0497391 0.0322533 304.158
-0.0338856 -0.00700566 -0.999399 -10.4729 0.0477271 0.998822 -0.00861985 -3.33566 0.998285 -0.0479907 -0.0335114 304.065
-0.101378 -0.000445636 -0.994846 -10.9482 0.0479839 0.998832 -0.00533715 -3.35254 0.993689 -0.0482778 -0.101239 303.981
-0.165434 0.00256749 -0.986215 -11.4103 0.0467394 0.998892 -0.00523989 -3.34894 0.985112 -0.0469621 -0.165371 303.822
-0.228185 0.0041341 -0.973607 -11.8817 0.0446584 0.998981 -0.00622479 -3.34703 0.972592 -0.0449003 -0.228138 303.648
-0.288835 0.00499398 -0.957364 -12.3553 0.042996 0.999044 -0.00776041 -3.3614 0.956412 -0.0434044 -0.288774 303.44
-0.346754 0.005969 -0.937935 -12.8162 0.0411283 0.999113 -0.00884678 -3.37608 0.937053 -0.0416435 -0.346693 303.202
-0.402131 0.00623163 -0.915558 -13.3357 0.0385813 0.999202 -0.0101447 -3.37875 0.914768 -0.0394031 -0.402052 302.941
-0.452049 0.00548069 -0.891974 -13.8239 0.0350455 0.999317 -0.0116207 -3.37792 0.891304 -0.036513 -0.451933 302.655
-0.496385 0.0064768 -0.868076 -14.3509 0.0327506 0.999399 -0.0112709 -3.38149 0.867483 -0.0340249 -0.4963 302.317
-0.537163 0.00917503 -0.843426 -14.8593 0.0331681 0.999396 -0.0102525 -3.3818 0.842825 -0.0334822 -0.537145 301.954
-0.578629 0.0153337 -0.815444 -15.3685 0.0373725 0.99927 -0.00772867 -3.38227 0.814733 -0.0349474 -0.578781 301.57
-0.618699 0.0215123 -0.785331 -15.8841 0.0404386 0.99917 -0.00448836 -3.40182 0.784585 -0.0345347 -0.619058 301.142
-0.655525 0.0198089 -0.754911 -16.371 0.03707 0.999293 -0.00596807 -3.3729 0.754262 -0.0318969 -0.655798 300.672
-0.689612 0.018708 -0.723934 -16.84 0.0349725 0.999359 -0.00748886 -3.41126 0.723332 -0.0304823 -0.689826 300.185
-0.719648 0.0159842 -0.694153 -17.2617 0.0332461 0.99938 -0.0114545 -3.42703 0.693541 -0.0313212 -0.719735 299.621
-0.749072 0.0138158 -0.662342 -17.7515 0.0312915 0.999403 -0.0145424 -3.46994 0.661748 -0.0316191 -0.749059 299.019
-0.776979 0.0106887 -0.629433 -18.2589 0.0284503 0.999429 -0.0181477 -3.4795 0.628881 -0.032008 -0.776842 298.387
-0.80128 0.00983474 -0.598205 -18.6736 0.0254981 0.999516 -0.0177216 -3.50526 0.597743 -0.0294531 -0.801146 297.739
-0.824219 0.00640921 -0.566231 -19.1067 0.0201774 0.999632 -0.0180558 -3.53026 0.565909 -0.0263071 -0.824047 296.978
-0.845613 0.00612305 -0.533758 -19.5016 0.0190056 0.999644 -0.0186423 -3.5469 0.533456 -0.0259086 -0.84543 296.217
-0.866429 0.00859863 -0.499223 -19.8695 0.0199923 0.999646 -0.0174799 -3.57255 0.498897 -0.0251258 -0.866296 295.461
-0.884744 0.0132735 -0.465883 -20.1936 0.023356 0.9996 -0.015875 -3.60477 0.465487 -0.0249265 -0.884703 294.651
-0.902539 0.0163578 -0.430292 -20.5839 0.0240666 0.999631 -0.0124782 -3.63425 0.429931 -0.0216178 -0.902602 293.795
-0.917591 0.0200229 -0.397016 -20.9407 0.0258347 0.999622 -0.00929531 -3.67259 0.396681 -0.0187862 -0.917764 292.8
-0.93122 0.0208842 -0.363855 -21.2068 0.0258542 0.999626 -0.00879343 -3.68287 0.363536 -0.0175958 -0.931413 292.009
-0.943139 0.0188209 -0.33186 -21.5332 0.0239159 0.999649 -0.0112752 -3.70788 0.331532 -0.0185708 -0.943261 290.932
-0.953382 0.0171688 -0.301271 -21.8069 0.0221588 0.999667 -0.0131534 -3.73043 0.300945 -0.0192161 -0.953447 289.872
-0.962257 0.0165355 -0.271632 -22.052 0.0207318 0.999704 -0.0125857 -3.74958 0.271344 -0.0177421 -0.962318 288.871
-0.970217 0.0149313 -0.241769 -22.2981 0.0183036 0.999762 -0.0117086 -3.76996 0.241537 -0.0157852 -0.970262 287.87
-0.976578 0.0150853 -0.214623 -22.4954 0.0179929 0.999769 -0.0116001 -3.80338 0.214399 -0.0151901 -0.976627 286.759
-0.98176 0.0145435 -0.189559 -22.6837 0.0169643 0.999792 -0.0111543 -3.82913 0.189358 -0.0141666 -0.981805 285.669
-0.986204 0.0128294 -0.165026 -22.8695 0.0145174 0.999852 -0.00902647 -3.85136 0.164886 -0.0112977 -0.986247 284.527
-0.989843 0.0113845 -0.141694 -23.0451 0.0125204 0.999895 -0.0071282 -3.87562 0.141598 -0.0088299 -0.989884 283.344
-0.992656 0.00895777 -0.12062 -23.1947 0.00984202 0.999927 -0.00673712 -3.90934 0.120551 -0.00787482 -0.992675 282.1
-0.994526 0.00446323 -0.104374 -23.302 0.00527517 0.999956 -0.00750447 -3.95196 0.104337 -0.00801401 -0.994509 280.886
-0.995771 -0.000178645 -0.0918524 -23.4182 0.000532418 0.999969 -0.00771691 -3.97806 0.0918513 -0.0077332 -0.995742 279.626
-0.996349 -0.00399368 -0.0852598 -23.5002 -0.0036036 0.999981 -0.00472871 -4.02377 0.0852774 -0.00440422 -0.996347 278.409
