1 0 0 0 0 1 0 0 0 0 1 0
0.999984 0.000855439 -0.00564992 -0.0208925 -0.000862903 0.999999 -0.00131864 0.0378681 0.00564878 0.00132349 0.999983 0.106467
0.999928 0.001603 -0.0118605 -0.040551 -0.00162705 0.999997 -0.00201825 0.0473821 0.0118573 0.00203741 0.999928 0.192343
0.999821 0.0022239 -0.0187904 -0.0612603 -0.00227921 0.999993 -0.00292245 0.0494708 0.0187838 0.00296476 0.999819 0.279938
0.999601 0.00304953 -0.0280649 -0.0741046 -0.00317796 0.999985 -0.00453284 0.0491857 0.0280507 0.00462022 0.999596 0.386121
0.999214 0.00320412 -0.0395027 -0.0909871 -0.00344259 0.999976 -0.00597042 0.0487559 0.0394826 0.00610172 0.999202 0.507204
0.998609 0.00323626 -0.0526231 -0.115853 -0.00361813 0.999968 -0.00716293 0.0504044 0.0525982 0.00734336 0.998589 0.615099
0.997662 0.00293034 -0.0682799 -0.151099 -0.00344168 0.999967 -0.00737256 0.0525254 0.068256 0.00759032 0.997639 0.748655
0.996283 0.00102239 -0.08613 -0.191147 -0.00167068 0.999971 -0.0074552 0.0520672 0.0861199 0.00757138 0.996256 0.884452
0.994439 0.000399333 -0.105316 -0.23417 -0.00124184 0.999968 -0.0079344 0.0507583 0.105309 0.00802106 0.994407 1.03417
0.991898 -1.34679e-05 -0.127035 -0.292979 -0.00106941 0.999964 -0.00845604 0.0511196 0.127031 0.00852338 0.991862 1.20717
0.988773 0.004101 -0.149371 -0.377467 -0.00565392 0.999934 -0.00997324 0.0464144 0.14932 0.0107058 0.988731 1.36812
0.984863 0.00861811 -0.173123 -0.466277 -0.0107756 0.999875 -0.011526 0.0402739 0.173002 0.013217 0.984833 1.53054
0.98002 0.012411 -0.198511 -0.561273 -0.015162 0.999809 -0.0123441 0.033498 0.198319 0.0151073 0.980021 1.69344
0.974042 0.014194 -0.225924 -0.667771 -0.0174438 0.999771 -0.0123945 0.0260687 0.225696 0.0160137 0.974066 1.87486
0.966802 0.0165206 -0.254992 -0.774542 -0.0201561 0.999729 -0.0116506 0.0195799 0.254731 0.0164034 0.966873 2.04636
0.958258 0.0187746 -0.285289 -0.888038 -0.0227261 0.999686 -0.0105463 0.0151377 0.285001 0.0165896 0.958384 2.21803
0.947987 0.0218134 -0.317562 -1.00631 -0.0259739 0.999623 -0.00887308 0.0046073 0.317248 0.0166599 0.948196 2.38602
0.936399 0.0245011 -0.350082 -1.12839 -0.0292181 0.999539 -0.00819827 0.00131212 0.349719 0.0179056 0.936683 2.56389
0.923317 0.0274314 -0.383059 -1.24865 -0.0327078 0.999438 -0.00726704 0.000388926 0.382644 0.0192388 0.923695 2.73783
0.908095 0.0284297 -0.4178 -1.37955 -0.0341932 0.999395 -0.00631422 -0.00225452 0.417367 0.0200198 0.908517 2.92233
0.890572 0.0244752 -0.454184 -1.51396 -0.030976 0.999496 -0.00687713 -0.000895356 0.453787 0.0201934 0.890882 3.10896
0.870252 0.0194519 -0.492223 -1.64726 -0.0265511 0.99962 -0.00743891 0.000943345 0.491891 0.0195428 0.870438 3.27732
0.845998 0.0212272 -0.532763 -1.80689 -0.0277655 0.999605 -0.00426213 0.00268694 0.532463 0.0183982 0.846254 3.46464
0.817544 0.0267328 -0.575245 -1.98713 -0.0328292 0.999461 -0.000210213 0.00154968 0.574929 0.0190567 0.817981 3.64138
0.785788 0.0301619 -0.617761 -2.1886 -0.0366243 0.999326 0.0022058 -0.00352248 0.617411 0.0208918 0.786363 3.8209
0.750765 0.0298879 -0.659893 -2.40072 -0.0364308 0.999329 0.00381404 -0.00713215 0.659564 0.021177 0.75135 3.98837
0.712046 0.026072 -0.701649 -2.61836 -0.0313089 0.999495 0.0053666 -0.00810145 0.701435 0.0181466 0.712503 4.1444
0.671536 0.0227673 -0.740623 -2.87349 -0.026935 0.999617 0.00630655 -0.00235702 0.740483 0.0157136 0.671892 4.28765
0.629168 0.0231314 -0.776925 -3.15461 -0.0254951 0.999633 0.00911563 -0.00559443 0.776851 0.0140725 0.629527 4.42385
0.583122 0.0244018 -0.812018 -3.44371 -0.0236599 0.999635 0.0130493 -0.00594956 0.81204 0.0116029 0.583486 4.55285
0.533293 0.0254401 -0.845549 -3.72873 -0.0227873 0.999617 0.0157034 -0.00084642 0.845624 0.0108933 0.533668 4.67529
0.481147 0.0258776 -0.876258 -4.04536 -0.0213973 0.999613 0.0177714 0.0183897 0.876379 0.0101989 0.481514 4.79399
0.427063 0.0274804 -0.903804 -4.35441 -0.0201233 0.999579 0.0208838 0.0334807 0.903998 0.00926884 0.427437 4.90099
0.370471 0.029795 -0.928367 -4.6831 -0.0182173 0.999526 0.024809 0.0302055 0.928666 0.00772135 0.370838 5.0157
0.317236 0.0322441 -0.947799 -5.00984 -0.0137942 0.999473 0.029385 0.0423735 0.948246 0.00375219 0.317514 5.05756
0.26779 0.0332414 -0.962904 -5.36375 -0.00841792 0.999447 0.0321618 0.0601768 0.963441 -0.000506981 0.267922 5.07111
0.21921 0.0341528 -0.97508 -5.74632 -0.00724426 0.999416 0.0333766 0.0576903 0.975651 -0.00025277 0.21933 5.08842
0.172185 0.0351404 -0.984438 -6.16468 -0.00964975 0.999375 0.0339858 0.0683367 0.985018 0.00364774 0.172416 5.11401
0.129869 0.0357038 -0.990889 -6.58828 -0.0123667 0.999332 0.0343872 0.0829957 0.991454 0.00778821 0.130224 5.1283
0.0912807 0.0347457 -0.995219 -7.037 -0.01448 0.999332 0.0335612 0.0900709 0.99572 0.0113473 0.0917229 5.14354
0.0562966 0.0319238 -0.997904 -7.51263 -0.0125328 0.999432 0.0312657 0.110206 0.998336 0.0107464 0.0566648 5.15212
0.0243829 0.0292898 -0.999274 -7.98805 -0.0123253 0.999503 0.0289957 0.117184 0.999627 0.0116093 0.0247319 5.14544
-0.00267678 0.0263892 -0.999649 -8.47818 -0.0120576 0.999578 0.0264197 0.146861 0.999924 0.0121241 -0.00235735 5.13045
-0.0244813 0.024007 -0.999412 -9.00457 -0.0149372 0.999591 0.0243772 0.165446 0.999589 0.0155252 -0.0241126 5.11468
-0.0401759 0.0227267 -0.998934 -9.51935 -0.0140816 0.999629 0.0233089 0.186874 0.999094 0.0150031 -0.0398408 5.06616
-0.0538568 0.0226849 -0.998291 -10.0731 -0.0118951 0.999656 0.0233577 0.209199 0.998478 0.0131327 -0.0535683 5.03644
-0.0628914 0.0231418 -0.997752 -10.6255 -0.0139037 0.999614 0.0240613 0.22513 0.997924 0.0153857 -0.0625452 4.9786
-0.0697644 0.0242897 -0.997268 -11.2098 -0.0150696 0.999564 0.0253998 0.239946 0.99745 0.0168004 -0.0693678 4.92984
-0.0745354 0.0251588 -0.996901 -11.8081 -0.0159734 0.999523 0.0264193 0.250618 0.997091 0.0178931 -0.0740979 4.87137
-0.0755009 0.0258053 -0.996812 -12.3884 -0.014282 0.999534 0.0269575 0.256701 0.997044 0.0162717 -0.0750971 4.81776
-0.0748219 0.027639 -0.996814 -13.0337 -0.0121756 0.999516 0.0286279 0.276997 0.997123 0.0142788 -0.074449 4.77055
-0.0735728 0.030352 -0.996828 -13.6861 -0.0124152 0.999431 0.0313476 0.28264 0.997213 0.0146822 -0.073154 4.71771
-0.0723928 0.0299151 -0.996928 -14.342 -0.0146431 0.99941 0.0310529 0.296498 0.997269 0.0168461 -0.0719119 4.66885
-0.0715644 0.0284448 -0.997031 -15.04 -0.0170576 0.999412 0.0297371 0.293924 0.99729 0.019135 -0.071037 4.61691
-0.0716059 0.0282028 -0.997034 -15.7228 -0.0160468 0.999438 0.0294233 0.313561 0.997304 0.0181061 -0.071113 4.58695
-0.0698001 0.0303039 -0.997101 -16.4242 -0.015213 0.99939 0.0314384 0.340155 0.997445 0.0173633 -0.0692963 4.54012
-0.0686292 0.0329067 -0.9971 -17.154 -0.0146412 0.999315 0.0339875 0.373733 0.997535 0.0169312 -0.0681003 4.49257
-0.0673385 0.0343344 -0.997139 -17.9046 -0.0142613 0.999272 0.035371 0.399946 0.997628 0.0166024 -0.0667997 4.44228
-0.066202 0.0332952 -0.997251 -18.6685 -0.0162928 0.999274 0.0344443 0.424342 0.997673 0.0185283 -0.0656113 4.3969
-0.0649517 0.0299514 -0.997439 -19.4242 -0.017647 0.999359 0.0311581 0.449342 0.997733 0.0196256 -0.0643813 4.34771
-0.0627638 0.0290053 -0.997607 -20.1997 -0.0175201 0.999391 0.0301595 0.474594 0.997875 0.0193711 -0.0622173 4.27451
-0.0610275 0.0307897 -0.997661 -20.9779 -0.0160801 0.999364 0.0318259 0.495696 0.998007 0.0179848 -0.0604935 4.21795
-0.0607837 0.0328048 -0.997612 -21.7768 -0.0141763 0.99933 0.033725 0.508171 0.998051 0.0161924 -0.0602778 4.17197
-0.05983 0.0340871 -0.997627 -22.5969 -0.0120079 0.99932 0.034865 0.529574 0.998137 0.0140653 -0.0593798 4.1249
-0.0598694 0.0293692 -0.997774 -23.4132 -0.0128426 0.999462 0.0301895 0.540332 0.998124 0.0146214 -0.0594599 4.07683
-0.0588361 0.0216374 -0.998033 -24.2198 -0.0115638 0.999683 0.0223548 0.563984 0.998201 0.0128564 -0.0585671 4.02356
-0.0582449 0.0161931 -0.998171 -25.0502 -0.00881583 0.999821 0.0167342 0.585077 0.998264 0.00977439 -0.0580916 3.97808
-0.0579495 0.0153432 -0.998202 -25.8561 -0.004314 0.999869 0.0156192 0.626865 0.99831 0.00521137 -0.0578756 3.93468
-0.0593162 0.0225377 -0.997985 -26.6696 -0.00428603 0.99973 0.0228318 0.626999 0.99823 0.0056317 -0.0592035 3.92665
-0.0597962 0.0295006 -0.997775 -27.52 -0.00422518 0.999547 0.0298062 0.640323 0.998202 0.00599808 -0.0596443 3.87621
-0.0607862 0.0346066 -0.997551 -28.3373 -0.00569591 0.99937 0.0350168 0.651599 0.998135 0.0078105 -0.0605507 3.83329
-0.0605444 0.0344654 -0.99757 -29.1958 -0.007086 0.999363 0.0349574 0.673687 0.998141 0.00918526 -0.0602615 3.76201
-0.0609861 0.0307159 -0.997666 -30.0497 -0.00713492 0.999487 0.0312081 0.691392 0.998113 0.00902152 -0.0607355 3.70304
-0.0624292 0.0281444 -0.997652 -30.8936 -0.00734139 0.999562 0.0286576 0.70014 0.998023 0.00911323 -0.0621951 3.66035
-0.0631972 0.0290922 -0.997577 -31.7405 -0.00771439 0.999531 0.0296378 0.718037 0.997971 0.00956873 -0.062943 3.6137
-0.0631064 0.0314162 -0.997512 -32.5837 -0.00881819 0.999448 0.032035 0.725399 0.997968 0.0108179 -0.0627944 3.55465
-0.063068 0.0297004 -0.997567 -33.4253 -0.00969344 0.999492 0.0303705 0.735288 0.997962 0.0115853 -0.0627479 3.49712
-0.0633338 0.0241146 -0.997701 -34.2701 -0.00994525 0.999643 0.0247928 0.754909 0.997943 0.0114926 -0.0630712 3.44555
-0.062162 0.0203721 -0.997858 -35.0979 -0.0108815 0.999718 0.0210879 0.755981 0.998007 0.012169 -0.0619226 3.35872
-0.0625333 0.0208711 -0.997825 -35.9343 -0.0101128 0.999717 0.0215444 0.766206 0.997992 0.011438 -0.0623044 3.3185
-0.0638193 0.0240083 -0.997673 -36.7836 -0.00993551 0.999646 0.0246913 0.752963 0.997912 0.0114882 -0.063558 3.30106
-0.0656254 0.0290435 -0.997422 -37.6093 -0.00995971 0.999507 0.0297595 0.754278 0.997795 0.011887 -0.0653037 3.29164
-0.0664183 0.0346866 -0.997189 -38.4763 -0.00916729 0.999332 0.0353717 0.764941 0.99775 0.0114908 -0.0660558 3.25396
-0.0677615 0.037788 -0.996986 -39.3173 -0.0092663 0.999215 0.0385022 0.776267 0.997659 0.0118473 -0.0673581 3.21481
-0.0673026 0.0376532 -0.997022 -40.1773 -0.00921887 0.999221 0.0383586 0.790582 0.99769 0.011773 -0.0669029 3.14441
-0.0676411 0.033346 -0.997152 -40.9518 -0.00946807 0.999375 0.0340625 0.800774 0.997665 0.0117451 -0.0672829 3.10174
-0.0676447 0.0292864 -0.99728 -41.8172 -0.010897 0.999488 0.0300904 0.811275 0.99765 0.0129028 -0.0672908 3.03744
-0.0689548 0.0266637 -0.997263 -42.6343 -0.0142828 0.999514 0.0277114 0.821829 0.997518 0.0161545 -0.0685404 3.00392
-0.0711889 0.024761 -0.997155 -43.4841 -0.0174234 0.999508 0.0260633 0.834889 0.997311 0.0192292 -0.0707223 2.95929
-0.0728833 0.0224328 -0.997088 -44.3054 -0.0145704 0.999616 0.0235547 0.84349 0.997234 0.0162448 -0.0725284 2.92557
-0.0755933 0.0186079 -0.996965 -45.1408 -0.0110135 0.999749 0.0194949 0.850102 0.997078 0.0124538 -0.0753693 2.88211
-0.0757412 0.0171745 -0.99698 -45.9585 -0.00699761 0.999818 0.017755 0.856014 0.997103 0.00832126 -0.0756071 2.81018
-0.0769403 0.0202838 -0.996829 -46.7776 -0.0063262 0.999763 0.0208317 0.863506 0.997016 0.00790894 -0.0767936 2.72097
-0.0800496 0.0265763 -0.996437 -47.617 -0.00351663 0.999631 0.026944 0.864271 0.996785 0.00566095 -0.0799265 2.67152
-0.0842055 0.0304297 -0.995984 -48.4382 -0.00130898 0.999529 0.0306487 0.866649 0.996448 0.00388451 -0.0841259 2.63736
-0.0857736 0.0297231 -0.995871 -49.2772 -0.000884867 0.999552 0.0299092 0.877561 0.996314 0.00344662 -0.0857087 2.5598
-0.0864875 0.0257849 -0.995919 -50.0833 -0.0044606 0.999645 0.0262687 0.8801 0.996243 0.00671431 -0.0863416 2.47079
-0.0866609 0.0223636 -0.995987 -50.8761 -0.00895523 0.99969 0.0232259 0.886779 0.996198 0.0109321 -0.0864337 2.37493
-0.0889785 0.0208166 -0.995816 -51.6935 -0.0127936 0.999675 0.0220404 0.895355 0.995951 0.0147012 -0.0886832 2.29883
-0.090437 0.0216239 -0.995667 -52.5095 -0.0141409 0.999635 0.0229945 0.903563 0.995802 0.0161592 -0.0900981 2.21966
-0.0918916 0.0235081 -0.995491 -53.3031 -0.0135729 0.999599 0.024858 0.902038 0.995677 0.015796 -0.0915356 2.14494
-0.0924791 0.0226207 -0.995457 -54.0922 -0.0140144 0.999613 0.024017 0.915604 0.995616 0.0161718 -0.0921262 2.06113
-0.0917459 0.0224466 -0.995529 -54.8656 -0.0152097 0.999597 0.0239399 0.914576 0.995666 0.0173381 -0.0913675 1.96036
-0.0919678 0.023999 -0.995473 -55.6329 -0.00935642 0.999644 0.0249639 0.92358 0.995718 0.0116099 -0.0917104 1.91469
-0.0916429 0.0274332 -0.995414 -56.4077 -0.00804368 0.999567 0.0282882 0.916586 0.99576 0.0105992 -0.0913825 1.82626
-0.0917012 0.0325223 -0.995255 -57.1905 -0.00869085 0.999402 0.0334585 0.903626 0.995749 0.0117178 -0.0913636 1.74155
-0.0919621 0.0343572 -0.995169 -57.965 -0.00805038 0.999346 0.0352453 0.914707 0.99573 0.0112527 -0.0916253 1.65523
-0.0929255 0.0342387 -0.995084 -58.7186 -0.00740536 0.999357 0.0350772 0.925315 0.995646 0.0106285 -0.0926121 1.58957
-0.0942288 0.0320662 -0.995034 -59.4687 -0.0072311 0.999432 0.0328927 0.937736 0.995524 0.0102946 -0.0939434 1.52592
-0.094466 0.0276664 -0.995143 -60.1953 -0.00671504 0.999573 0.028427 0.964174 0.995506 0.00936781 -0.0942398 1.44786
-0.094125 0.0241163 -0.995268 -60.9144 -0.007319 0.999663 0.0249149 0.979374 0.995534 0.00962949 -0.0939167 1.3672
-0.0940694 0.0219925 -0.995323 -61.6673 -0.00672311 0.999719 0.0227251 0.981498 0.995543 0.00882939 -0.093895 1.30136
-0.0917526 0.0208133 -0.995564 -62.3628 -0.00950608 0.999717 0.0217762 0.987711 0.995737 0.0114619 -0.0915287 1.22614
-0.0876718 0.0217291 -0.995912 -63.0641 -0.0094067 0.999699 0.0226398 0.988004 0.996105 0.0113531 -0.087441 1.15723
-0.0828411 0.0233618 -0.996289 -63.7357 -0.00803694 0.999677 0.0241095 0.98695 0.99653 0.0100044 -0.0826265 1.11057
-0.0757258 0.0246044 -0.996825 -64.4056 -0.00683124 0.999659 0.0251933 0.992687 0.997105 0.00871734 -0.0755319 1.05806
-0.0668213 0.0253638 -0.997443 -65.0377 -0.00781534 0.999633 0.0259431 0.999159 0.997734 0.0095289 -0.0665984 1.00933
-0.05619 0.0268657 -0.998059 -65.7011 -0.00882378 0.999585 0.0274035 1.00455 0.998381 0.0103464 -0.0559295 0.976796
-0.0425568 0.0273038 -0.998721 -66.3199 -0.0119283 0.999541 0.0278345 1.02935 0.999023 0.0130976 -0.0422115 0.966626
-0.0249402 0.0275978 -0.999308 -66.9061 -0.0133452 0.99952 0.0279367 1.04508 0.9996 0.0140327 -0.0245598 0.971112
-0.00391421 0.0276379 -0.99961 -67.4899 -0.0135675 0.999524 0.0276887 1.06103 0.9999 0.0136706 -0.00353726 0.996587
0.0208627 0.0274834 -0.999405 -68.0253 -0.0123741 0.999552 0.0272291 1.06881 0.999706 0.0117987 0.0211936 1.03437
0.0469822 0.0260549 -0.998556 -68.5957 -0.0104959 0.999617 0.0255887 1.08817 0.998841 0.00927851 0.0472378 1.14007
0.0785294 0.025444 -0.996587 -69.1184 -0.00798047 0.999658 0.0248936 1.09951 0.99688 0.00599836 0.0787057 1.2566
0.113952 0.0250693 -0.99317 -69.5691 -0.00663304 0.999678 0.0244726 1.10679 0.993464 0.00379903 0.114082 1.38254
0.151703 0.0249925 -0.98811 -70.0859 -0.00566426 0.999686 0.0244156 1.10521 0.98841 0.00189298 0.151797 1.55848
0.19657 0.0259342 -0.980147 -70.5539 -0.00403906 0.999663 0.0256405 1.10488 0.980482 -0.0010813 0.196609 1.69543
0.243931 0.0244654 -0.969484 -70.9994 0.000422108 0.999679 0.0253336 1.10154 0.969793 -0.00658888 0.243842 1.86688
0.292631 0.0197339 -0.956022 -71.4503 0.00909829 0.999684 0.0234201 1.09828 0.956182 -0.0155516 0.292359 2.08348
0.342253 0.0148488 -0.93949 -71.8706 0.0150413 0.99966 0.0212792 1.09016 0.939488 -0.021414 0.341913 2.31712
0.392628 0.0106558 -0.919635 -72.2821 0.0215082 0.999553 0.0207644 1.08174 0.919446 -0.0279324 0.392224 2.57833
0.443004 0.0110275 -0.896452 -72.6971 0.0216151 0.999502 0.0229767 1.07807 0.896259 -0.0295557 0.442545 2.843
0.489992 0.0106755 -0.871661 -73.0863 0.023343 0.999406 0.0253619 1.07678 0.871415 -0.0327744 0.489452 3.13342
0.535549 0.00696288 -0.844475 -73.4354 0.0311437 0.999123 0.0279887 1.07399 0.84393 -0.0412894 0.534863 3.41118
0.579239 -0.000939083 -0.815157 -73.7315 0.042758 0.998657 0.0292327 1.0848 0.814036 -0.0517873 0.578502 3.70733
0.620009 -0.00743697 -0.784559 -74.046 0.046045 0.998576 0.026922 1.1001 0.783242 -0.052817 0.619469 4.05623
0.660466 -0.0132176 -0.750739 -74.3496 0.0450142 0.998743 0.0220174 1.09638 0.749506 -0.0483357 0.660232 4.40493
0.701462 -0.0188819 -0.712456 -74.6355 0.0403921 0.999095 0.0132902 1.08822 0.711562 -0.0381002 0.701591 4.75594
0.741921 -0.0233751 -0.670079 -74.9135 0.0369827 0.999297 0.00608813 1.0995 0.669467 -0.0292983 0.742265 5.10884
0.77968 -0.0247961 -0.625687 -75.1774 0.0352467 0.999369 0.00431624 1.11225 0.625186 -0.0254187 0.780062 5.50775
0.815112 -0.0296381 -0.578545 -75.4215 0.0376454 0.999289 0.00184633 1.14924 0.578079 -0.0232845 0.815649 5.92448
0.846676 -0.0294635 -0.531292 -75.6857 0.0351629 0.999381 0.000614049 1.16489 0.530946 -0.0192017 0.847189 6.4262
0.873618 -0.028715 -0.485764 -75.8876 0.0345302 0.999399 0.00302299 1.16675 0.485386 -0.0194145 0.874085 6.93143
0.896245 -0.0237677 -0.442922 -76.1046 0.0289795 0.999567 0.00500146 1.17075 0.442612 -0.0173182 0.896547 7.4196
0.915048 -0.0194532 -0.402875 -76.305 0.0232802 0.999718 0.00460375 1.1701 0.402673 -0.0135917 0.915244 7.94806
0.930006 -0.014003 -0.367276 -76.5005 0.0180708 0.999807 0.00763893 1.15346 0.367099 -0.0137412 0.930081 8.47021
0.94148 -0.0144646 -0.336758 -76.7047 0.0191559 0.99976 0.0106123 1.1449 0.336524 -0.0164422 0.941532 9.03477
0.949675 -0.0164181 -0.312807 -76.8874 0.0216214 0.999679 0.0131725 1.13732 0.312491 -0.0192729 0.949726 9.64267
0.956091 -0.0169441 -0.292579 -77.0377 0.0227249 0.999607 0.0163703 1.12636 0.292187 -0.0223003 0.956101 10.232
0.961301 -0.0141735 -0.275135 -77.1931 0.0207016 0.999568 0.0208374 1.10953 0.274721 -0.0257268 0.96118 10.8428
0.965599 -0.00850818 -0.259896 -77.3718 0.0151785 0.999604 0.0236691 1.0999 0.259593 -0.0267997 0.965347 11.4617
0.969162 -0.00353888 -0.246396 -77.5438 0.0102788 0.999607 0.026073 1.09111 0.246207 -0.0278017 0.968819 12.0849
0.972518 -0.00393466 -0.232795 -77.6886 0.0105903 0.99957 0.027347 1.08241 0.232588 -0.0290609 0.972141 12.7106
0.975623 -0.00231638 -0.219441 -77.8191 0.00871767 0.999564 0.028207 1.07544 0.21928 -0.0294324 0.975218 13.3609
0.978722 -0.00157306 -0.205183 -77.9584 0.0079221 0.999514 0.0301253 1.07341 0.205037 -0.0311098 0.97826 14.0461
0.981529 0.00108286 -0.191311 -78.0792 0.0050555 0.999488 0.0315947 1.07389 0.191247 -0.0319783 0.981021 14.7303
0.983657 0.000986524 -0.180047 -78.1896 0.00440064 0.999554 0.0295188 1.08234 0.179996 -0.0298287 0.983215 15.4215
0.985613 0.00166194 -0.16901 -78.3295 0.00260156 0.999684 0.0250016 1.08932 0.168998 -0.0250816 0.985298 16.1692
0.987067 -0.000333264 -0.160306 -78.4235 0.00347641 0.999807 0.0193269 1.0973 0.160269 -0.0196342 0.986878 16.8726
0.988165 0.000470675 -0.153394 -78.5136 0.0024823 0.999815 0.0190586 1.11217 0.153375 -0.0192138 0.987981 17.5887
0.989138 0.00355797 -0.146945 -78.6292 0.000272954 0.99966 0.0260419 1.108 0.146988 -0.0257991 0.988802 18.3365
0.989828 0.0076459 -0.142063 -78.7377 -0.00280137 0.999408 0.0342698 1.12153 0.142241 -0.0335233 0.989264 19.075
0.990411 0.00844928 -0.137892 -78.8538 -0.00326342 0.99928 0.0377908 1.13767 0.138112 -0.0369785 0.989726 19.8549
0.990768 0.00707968 -0.135384 -78.9394 -0.00209171 0.999314 0.0369497 1.14919 0.135553 -0.0363254 0.990104 20.5924
0.991147 0.00704573 -0.132579 -79.0443 -0.00226321 0.999342 0.0361889 1.16503 0.132747 -0.0355685 0.990512 21.3574
0.991454 0.00551609 -0.130337 -79.1294 -0.000443891 0.999242 0.0389127 1.16819 0.130453 -0.0385224 0.990706 22.1218
0.991563 0.00352634 -0.129578 -79.2084 0.00195756 0.999108 0.0421692 1.17415 0.129612 -0.0420671 0.990672 22.8764
0.991794 -0.000360205 -0.127842 -79.281 0.00609673 0.998991 0.0444832 1.18059 0.127698 -0.0448976 0.990797 23.6291
0.992029 0.00019922 -0.126008 -79.3668 0.00503112 0.999138 0.0411882 1.19418 0.125908 -0.0414939 0.991174 24.3995
0.992205 0.00296676 -0.124582 -79.477 0.00132587 0.999408 0.0343589 1.20562 0.124611 -0.0342563 0.991615 25.1735
0.992415 0.00353797 -0.122877 -79.5782 -0.000201294 0.999631 0.0271562 1.21583 0.122928 -0.0269255 0.992051 25.9346
0.992412 0.00381927 -0.122898 -79.6585 -0.00098939 0.999733 0.0230787 1.2256 0.122954 -0.022782 0.992151 26.6896
0.992531 0.0029761 -0.121954 -79.7303 3.31171e-06 0.999701 0.024423 1.23632 0.12199 -0.024241 0.992236 27.436
0.992666 0.00442476 -0.120806 -79.8194 -0.00104676 0.999606 0.0280109 1.24612 0.120883 -0.0276791 0.992281 28.2074
0.992804 0.00771769 -0.119502 -79.9123 -0.00378518 0.999444 0.0330993 1.24932 0.119691 -0.0324088 0.992283 28.982
0.992929 0.00328032 -0.11866 -79.9841 0.000833831 0.9994 0.0346052 1.26284 0.118703 -0.0344595 0.992332 29.7511
0.99278 -0.000798377 -0.119945 -80.0503 0.00492816 0.999404 0.0341377 1.27483 0.119847 -0.0344824 0.992194 30.504
0.992787 -0.00508635 -0.119782 -80.1369 0.00927708 0.999363 0.0344544 1.28444 0.119531 -0.0353171 0.992203 31.2817
0.992766 -0.00823392 -0.119783 -80.2193 0.0121146 0.999423 0.0317053 1.32224 0.119453 -0.0329271 0.992294 32.0579
0.992748 -0.010322 -0.119766 -80.2996 0.0140621 0.999437 0.0304248 1.33334 0.119385 -0.0318884 0.992336 32.8277
0.992885 -0.00752866 -0.118833 -80.4086 0.0113415 0.999441 0.0314422 1.33166 0.118531 -0.0325662 0.992417 33.6078
0.993179 -0.00476656 -0.116497 -80.5197 0.00862685 0.999429 0.0326545 1.33927 0.116275 -0.0334368 0.992654 34.3581
0.993122 -0.00786378 -0.116815 -80.6119 0.0116576 0.999425 0.0318293 1.35442 0.116498 -0.0329722 0.992644 35.132
0.993026 -0.0102874 -0.11744 -80.7271 0.0140997 0.999398 0.031677 1.36624 0.117043 -0.033112 0.992575 35.8807
0.992925 -0.00843325 -0.118442 -80.8412 0.0122717 0.999421 0.0317157 1.37389 0.118106 -0.0329448 0.992455 36.6578
0.992585 -0.00669296 -0.121366 -80.9578 0.0105797 0.99945 0.031409 1.3868 0.121089 -0.0324601 0.992111 37.4811
0.992205 -0.00363749 -0.124564 -81.0515 0.00749716 0.999505 0.0305305 1.40442 0.124391 -0.0312264 0.991742 38.2444
0.99191 -0.0049398 -0.126845 -81.1668 0.00818363 0.999652 0.0250646 1.42973 0.126677 -0.0258999 0.991606 39.0467
0.991507 -0.00286329 -0.130017 -81.2592 0.0057123 0.999751 0.0215448 1.42683 0.129923 -0.0221046 0.991278 39.8391
0.991036 -0.00437989 -0.13352 -81.3352 0.00710467 0.999775 0.0199375 1.43646 0.133403 -0.0207074 0.990846 40.6441
0.990756 -0.00517781 -0.135552 -81.4798 0.00826477 0.999718 0.0222202 1.42606 0.135399 -0.0231351 0.990521 41.5042
0.990399 -0.00650107 -0.138085 -81.5927 0.00984226 0.999674 0.0235275 1.41761 0.137887 -0.0246607 0.990142 42.3236
0.990101 -0.00726883 -0.140165 -81.7169 0.0108929 0.999625 0.0251058 1.42847 0.13993 -0.0263841 0.98981 43.1688
0.989871 -0.00812973 -0.141731 -81.8385 0.0123797 0.999498 0.0291302 1.43248 0.141424 -0.0305898 0.989477 44.0181
0.989549 -0.00940144 -0.143891 -81.9502 0.0144542 0.999313 0.0341104 1.44116 0.143471 -0.0358338 0.989006 44.8698
0.98945 -0.00934064 -0.144568 -82.0541 0.0147533 0.999227 0.0364132 1.44877 0.144117 -0.038162 0.988825 45.7081
0.98969 -0.00602675 -0.143098 -82.1893 0.0113956 0.99926 0.0367289 1.46341 0.142771 -0.037981 0.989027 46.5889
0.989941 -0.00647096 -0.14133 -82.3089 0.0115832 0.999306 0.0353796 1.48541 0.141003 -0.0366609 0.989331 47.4365
0.99018 -0.00821628 -0.139552 -82.4326 0.0129215 0.999376 0.0328439 1.50473 0.139196 -0.0343246 0.989671 48.2945
0.990441 -0.0122826 -0.137387 -82.5604 0.0167198 0.999373 0.0311896 1.52082 0.136918 -0.0331886 0.990027 49.1706
0.990676 -0.0145177 -0.135463 -82.6832 0.0188829 0.999341 0.0309948 1.5363 0.134924 -0.0332638 0.990298 50.0391
0.990842 -0.0161406 -0.134052 -82.8247 0.0209912 0.999171 0.0348501 1.52387 0.133379 -0.037345 0.990362 50.9239
0.990951 -0.0186706 -0.132919 -82.9342 0.0238648 0.999008 0.0375927 1.53177 0.132085 -0.0404247 0.990414 51.7664
0.991037 -0.0194682 -0.132155 -83.0473 0.0246649 0.99898 0.0377999 1.54739 0.131285 -0.0407208 0.990509 52.6338
0.991181 -0.0187704 -0.131173 -83.1682 0.0235134 0.99912 0.034703 1.56332 0.130407 -0.0374814 0.990753 53.515
0.991406 -0.0161186 -0.129822 -83.3073 0.020073 0.999371 0.0292088 1.57048 0.12927 -0.0315637 0.991108 54.3859
0.991473 -0.0145046 -0.129499 -83.3885 0.0177464 0.999556 0.023914 1.57853 0.129095 -0.0260083 0.991292 55.1899
0.991606 -0.0105516 -0.128864 -83.5172 0.0130097 0.999748 0.018248 1.58174 0.128639 -0.0197714 0.991495 56.0752
0.991616 -0.0104047 -0.1288 -83.6129 0.0127452 0.999768 0.0173606 1.58203 0.128589 -0.0188567 0.991519 56.9159
0.991641 -0.0138411 -0.128282 -83.7366 0.0169483 0.999588 0.0231612 1.58994 0.127909 -0.0251418 0.991468 57.7891
0.991754 -0.0141541 -0.127369 -83.8914 0.0183637 0.999321 0.0319375 1.59739 0.126831 -0.0340132 0.991342 58.6855
0.991478 -0.0144451 -0.129468 -83.968 0.0198352 0.998984 0.0404403 1.58553 0.128753 -0.0426638 0.990759 59.4893
0.990885 -0.0177871 -0.133531 -84.0579 0.0231156 0.998992 0.0384609 1.59715 0.132712 -0.041197 0.990299 60.3323
0.990141 -0.0231049 -0.13815 -84.1328 0.0281558 0.999 0.034719 1.61677 0.13721 -0.0382665 0.989803 61.1798
0.989466 -0.0246072 -0.142656 -84.2178 0.0295889 0.99902 0.0329052 1.62799 0.141707 -0.0367797 0.989226 62.0018
0.989103 -0.0235815 -0.145319 -84.3513 0.0283165 0.99913 0.0306014 1.63355 0.144472 -0.034383 0.988912 62.8336
0.988585 -0.023465 -0.14882 -84.4875 0.0278355 0.999238 0.0273522 1.63585 0.148065 -0.0311826 0.988487 63.6642
0.987907 -0.0234011 -0.15327 -84.6078 0.0274631 0.999323 0.0244383 1.6338 0.152595 -0.0283521 0.987883 64.4624
0.98755 -0.0207792 -0.155926 -84.7633 0.024235 0.9995 0.0202942 1.64303 0.155427 -0.0238205 0.987561 65.2761
0.987094 -0.016758 -0.159258 -84.8876 0.0202168 0.999593 0.020123 1.6429 0.158856 -0.023083 0.987033 66.0749
0.986496 -0.0132252 -0.163248 -85.0241 0.0170297 0.999614 0.0219276 1.64611 0.162895 -0.0244116 0.986342 66.8816
0.985806 -0.0100023 -0.167589 -85.172 0.0148644 0.999503 0.0277822 1.64823 0.167228 -0.029879 0.985466 67.6953
0.985125 -0.00991272 -0.171551 -85.3119 0.0158255 0.999325 0.0331332 1.6518 0.171107 -0.0353552 0.984619 68.4719
0.984281 -0.0112668 -0.176249 -85.4674 0.0180442 0.999155 0.0368984 1.65548 0.175685 -0.0394988 0.983654 69.2927
0.983018 -0.0129887 -0.183047 -85.6146 0.0201038 0.99911 0.0370678 1.67737 0.182403 -0.0401183 0.982406 70.0687
0.981856 -0.0160962 -0.188941 -85.7667 0.0240686 0.99891 0.0399765 1.69829 0.188092 -0.0437987 0.981175 70.8457
0.980478 -0.0172776 -0.195863 -85.9313 0.0252865 0.998939 0.0384634 1.72527 0.194991 -0.0426653 0.979877 71.6399
0.979703 -0.0133065 -0.200008 -86.1074 0.0211574 0.999084 0.037167 1.73858 0.199331 -0.0406444 0.97909 72.372
0.978744 -0.0114753 -0.204762 -86.285 0.0185355 0.999296 0.0325951 1.76039 0.204244 -0.0356977 0.97827 73.1106
0.977366 -0.0128203 -0.211162 -86.4392 0.0193472 0.999395 0.0288724 1.78426 0.210664 -0.0323043 0.977025 73.8422
0.976074 -0.0118542 -0.217111 -86.6031 0.0181615 0.999468 0.0270787 1.7977 0.216675 -0.030374 0.975772 74.6043
0.97497 -0.00981375 -0.222118 -86.7897 0.0172312 0.999355 0.031481 1.80846 0.221666 -0.0345204 0.974512 75.3573
0.973538 -0.0103143 -0.22829 -86.9763 0.0188706 0.999197 0.0353291 1.81554 0.227743 -0.0387023 0.972953 76.1076
0.971775 -0.0114323 -0.23563 -87.1405 0.0207187 0.999101 0.0369726 1.82108 0.234996 -0.0408111 0.97114 76.8463
0.97 -0.0136495 -0.24272 -87.3381 0.0224112 0.999191 0.0333735 1.8235 0.242069 -0.037812 0.969523 77.6056
0.967992 -0.0143715 -0.250565 -87.5448 0.0215833 0.999427 0.0260577 1.82963 0.250048 -0.0306318 0.96775 78.3458
0.965696 -0.0175936 -0.259074 -87.7585 0.0246025 0.999412 0.023836 1.8346 0.258503 -0.0293923 0.965564 79.0833
0.963177 -0.0180699 -0.268258 -87.9877 0.0260259 0.999319 0.0261313 1.83875 0.267604 -0.0321508 0.962993 79.7902
0.960382 -0.0154585 -0.278254 -88.2325 0.0252837 0.999175 0.0317563 1.83342 0.277534 -0.0375335 0.959983 80.4965
0.95774 -0.0121754 -0.287374 -88.4824 0.0242671 0.998961 0.0385519 1.84439 0.286606 -0.0438966 0.957043 81.1785
0.954578 -0.0127891 -0.297682 -88.7305 0.0264817 0.998766 0.0420096 1.84357 0.296778 -0.0479847 0.953741 81.8869
0.950942 -0.0105013 -0.309189 -88.9755 0.0231619 0.999035 0.0373053 1.84361 0.3085 -0.0426367 0.950269 82.6157
0.946884 -0.0121559 -0.321342 -89.2174 0.0224741 0.999343 0.0284198 1.84701 0.320786 -0.0341323 0.946537 83.3279
0.942791 -0.0159974 -0.332998 -89.4786 0.0250744 0.999421 0.0229784 1.86024 0.332438 -0.0300136 0.942648 84.0238
0.938267 -0.0177585 -0.345454 -89.7185 0.0288781 0.999216 0.0270681 1.87043 0.344703 -0.0353732 0.938046 84.7102
0.933928 -0.0167743 -0.357066 -89.9896 0.0308526 0.998953 0.0337679 1.88262 0.356126 -0.0425533 0.933469 85.4051
0.929291 -0.0165706 -0.368974 -90.2639 0.0328765 0.998738 0.0379487 1.89642 0.36788 -0.0473961 0.928665 86.0903
0.924695 -0.0184475 -0.380258 -90.5861 0.0345684 0.998767 0.0356085 1.90705 0.379133 -0.046072 0.924195 86.801
0.920546 -0.0200689 -0.390117 -90.8954 0.034859 0.998915 0.0308681 1.91023 0.389075 -0.0420147 0.920248 87.4717
0.916925 -0.0249067 -0.39828 -91.1964 0.0374824 0.999013 0.0238184 1.91078 0.397294 -0.0367682 0.916955 88.1444
0.913534 -0.0288335 -0.405738 -91.5125 0.0395576 0.999053 0.0180681 1.90658 0.404834 -0.032556 0.913811 88.8406
0.91016 -0.0292554 -0.41322 -91.8024 0.0394154 0.999093 0.0160821 1.90292 0.412376 -0.0309247 0.910489 89.5118
0.906647 -0.0250002 -0.421148 -92.1419 0.0349453 0.999262 0.015912 1.90024 0.42044 -0.0291438 0.906853 90.2038
0.903107 -0.0255948 -0.42865 -92.4497 0.0368579 0.999158 0.0179946 1.89452 0.427829 -0.0320503 0.903292 90.8539
0.899876 -0.0235476 -0.435507 -92.796 0.0376991 0.999003 0.0238812 1.89843 0.434512 -0.0379085 0.899869 91.5239
0.89685 -0.0222862 -0.441772 -93.1237 0.0403726 0.998685 0.0315803 1.90455 0.440488 -0.0461584 0.896572 92.186
0.894013 -0.0142525 -0.447812 -93.4932 0.0353473 0.998622 0.0387843 1.90055 0.446643 -0.0505028 0.893286 92.8674
0.891465 -0.00732025 -0.453029 -93.8286 0.0266386 0.998986 0.036277 1.89424 0.452305 -0.0444078 0.890757 93.4966
0.888838 -0.0120803 -0.45806 -94.1863 0.0277073 0.99924 0.0274116 1.91911 0.457381 -0.0370562 0.888499 94.1624
0.88641 -0.0206333 -0.46244 -94.5226 0.0335324 0.999243 0.0196907 1.93088 0.461685 -0.0329608 0.886432 94.8192
0.884258 -0.0203989 -0.466551 -94.8819 0.0330193 0.999276 0.0188906 1.93676 0.465829 -0.0321095 0.884293 95.491
0.881641 -0.0148765 -0.471684 -95.2641 0.029511 0.999284 0.0236435 1.94382 0.470996 -0.0347651 0.881451 96.1836
0.879002 -0.0119313 -0.476666 -95.6109 0.0286969 0.999198 0.0279083 1.9381 0.475952 -0.0382104 0.878641 96.8351
0.876462 -0.015626 -0.481216 -95.9868 0.0323426 0.999126 0.0264637 1.92714 0.480383 -0.0387583 0.876203 97.5049
0.873891 -0.0168232 -0.485829 -96.3654 0.0303985 0.999336 0.0200748 1.927 0.48517 -0.0323117 0.873823 98.1761
0.871274 -0.0199743 -0.490389 -96.7541 0.030362 0.999451 0.013235 1.93289 0.489856 -0.0264206 0.871404 98.8419
0.868884 -0.0190783 -0.494646 -97.1441 0.0284981 0.999527 0.0115076 1.9368 0.494194 -0.0240954 0.869018 99.5015
0.865804 -0.0160562 -0.500124 -97.506 0.0274835 0.999502 0.0154904 1.93518 0.499627 -0.0271569 0.865815 100.173
0.863121 -0.0148262 -0.504777 -97.8936 0.0270802 0.999489 0.0169477 1.93267 0.504269 -0.0282975 0.863083 100.838
0.859649 -0.0138701 -0.510695 -98.2698 0.0261212 0.999517 0.0168235 1.93613 0.510216 -0.0278023 0.859597 101.505
0.857744 -0.0147752 -0.513863 -98.6795 0.0266491 0.99952 0.0157435 1.93072 0.513385 -0.0271979 0.857728 102.131
0.855266 -0.0161572 -0.517935 -99.069 0.0276547 0.999512 0.0144861 1.93222 0.517449 -0.0267129 0.855297 102.775
0.852756 -0.0170004 -0.52203 -99.4681 0.0287489 0.999482 0.0144132 1.9367 0.521516 -0.0272989 0.852805 103.417
0.850698 -0.015705 -0.525419 -99.9077 0.0273685 0.999521 0.0144357 1.93752 0.524941 -0.0266604 0.850721 104.068
0.847798 -0.0155412 -0.530089 -100.295 0.0269098 0.999543 0.0137336 1.93427 0.529635 -0.025908 0.847831 104.701
0.844249 -0.0188644 -0.535617 -100.699 0.0283274 0.999553 0.00944587 1.92874 0.535201 -0.0231474 0.844408 105.362
0.841401 -0.0232066 -0.53991 -101.091 0.0304849 0.999524 0.00454606 1.92349 0.539549 -0.0202842 0.84171 105.983
0.838228 -0.0272297 -0.544638 -101.487 0.0326759 0.999465 0.000320763 1.94404 0.544339 -0.0180655 0.838671 106.615
0.835604 -0.0254739 -0.54874 -101.872 0.0329031 0.999451 0.0037067 1.93672 0.548346 -0.0211527 0.835985 107.221
0.833071 -0.0212619 -0.552755 -102.262 0.0333123 0.999375 0.0117645 1.93555 0.55216 -0.0282143 0.833261 107.826
0.831146 -0.0211379 -0.555651 -102.664 0.0390355 0.999029 0.0203848 1.93587 0.554682 -0.038633 0.831166 108.429
0.829608 -0.0233725 -0.557855 -103.072 0.0445407 0.998709 0.0243954 1.92186 0.556566 -0.045086 0.82958 108.995
0.8275 -0.0261264 -0.560856 -103.476 0.047569 0.998587 0.0236671 1.9169 0.559446 -0.046264 0.827575 109.585
0.825415 -0.0284241 -0.563809 -103.879 0.0480682 0.998643 0.0200257 1.91723 0.562475 -0.0436309 0.825662 110.165
0.824021 -0.0304679 -0.565737 -104.26 0.0485102 0.998679 0.0168733 1.9181 0.564477 -0.0413481 0.824413 110.695
0.822013 -0.0323704 -0.568545 -104.623 0.0500202 0.998628 0.0154626 1.9179 0.567266 -0.0411494 0.822506 111.23
0.820582 -0.0340925 -0.570509 -104.974 0.0515991 0.998561 0.0145446 1.92094 0.569194 -0.0413729 0.821162 111.738
0.819327 -0.0340321 -0.572314 -105.324 0.0521922 0.998518 0.0153426 1.91731 0.570945 -0.042441 0.819891 112.221
0.817851 -0.0333565 -0.574461 -105.664 0.0522696 0.998497 0.0164368 1.91688 0.57305 -0.0434698 0.818367 112.698
0.816353 -0.0336539 -0.57657 -106.005 0.0536681 0.998401 0.0177117 1.89526 0.575053 -0.0454026 0.816856 113.171
0.815847 -0.0352867 -0.577188 -106.342 0.0563219 0.998239 0.0185824 1.8763 0.575517 -0.0476688 0.8164 113.586
0.815046 -0.035228 -0.578322 -106.643 0.0562599 0.998244 0.0184815 1.84685 0.576657 -0.0475998 0.815599 113.985
0.813528 -0.0358815 -0.580415 -106.936 0.0543816 0.998414 0.0145006 1.85385 0.578976 -0.0433607 0.814191 114.387
0.812766 -0.0385992 -0.581308 -107.23 0.0547568 0.998446 0.0102617 1.84981 0.58001 -0.0401711 0.813619 114.73
0.810341 -0.0419835 -0.584451 -107.512 0.0575765 0.998307 0.00811732 1.8443 0.583122 -0.0402285 0.811389 115.108
0.809108 -0.0458427 -0.585868 -107.811 0.062083 0.998041 0.00764502 1.84812 0.584371 -0.0425582 0.81037 115.414
0.806089 -0.045659 -0.590029 -108.083 0.0624548 0.998014 0.00809409 1.85236 0.588489 -0.0433748 0.807341 115.742
0.802265 -0.0425394 -0.595448 -108.343 0.0593696 0.998197 0.00867832 1.85792 0.594007 -0.042314 0.803347 116.065
0.799613 -0.0366087 -0.599397 -108.606 0.0548012 0.998423 0.0121268 1.86119 0.598009 -0.0425445 0.80036 116.352
0.796368 -0.0328011 -0.60392 -108.844 0.0536454 0.998423 0.0165124 1.88248 0.602427 -0.0455476 0.796874 116.607
0.791284 -0.0317206 -0.610624 -109.059 0.0547289 0.998318 0.0190604 1.88755 0.608994 -0.0485011 0.791691 116.872
0.785485 -0.0347864 -0.6179 -109.257 0.0588952 0.998089 0.0186784 1.89706 0.616071 -0.0510631 0.786034 117.112
0.778194 -0.0369275 -0.626936 -109.463 0.0621947 0.997893 0.0184226 1.89829 0.624936 -0.0533286 0.778853 117.352
0.769745 -0.0386403 -0.63718 -109.669 0.0648359 0.997736 0.0178196 1.90378 0.63505 -0.0550288 0.770509 117.556
0.759308 -0.038552 -0.649587 -109.861 0.065071 0.997738 0.0168478 1.90491 0.647469 -0.0550621 0.7601 117.749
0.745867 -0.0369618 -0.665067 -110.04 0.0633184 0.997871 0.0155534 1.89938 0.663078 -0.0537119 0.746622 117.943
0.732293 -0.0385764 -0.679895 -110.226 0.063097 0.997942 0.0113376 1.89348 0.67806 -0.0512019 0.733221 118.089
0.716489 -0.0406931 -0.696409 -110.398 0.0618189 0.998072 0.00528116 1.88366 0.694853 -0.0468352 0.717625 118.249
0.700523 -0.0439948 -0.712271 -110.554 0.0619391 0.998079 -0.000730861 1.87011 0.710936 -0.0436055 0.701904 118.384
0.685011 -0.0431798 -0.72725 -110.741 0.0574334 0.998335 -0.00517763 1.85873 0.726265 -0.0382218 0.686352 118.523
0.669633 -0.0393407 -0.741648 -110.947 0.0498151 0.998725 -0.00799947 1.84959 0.741019 -0.0315886 0.670741 118.662
0.652618 -0.0371479 -0.756774 -111.143 0.0465052 0.998877 -0.00892741 1.84663 0.756258 -0.0293678 0.653615 118.791
0.633518 -0.0383275 -0.772777 -111.309 0.0490674 0.998751 -0.00931008 1.84339 0.772171 -0.0320201 0.634608 118.891
0.613094 -0.0391126 -0.78904 -111.492 0.0513545 0.998633 -0.00959901 1.84144 0.788339 -0.0346357 0.614266 119.003
0.591307 -0.0376217 -0.805567 -111.681 0.0503828 0.998682 -0.00965836 1.84286 0.804871 -0.0348758 0.592424 119.094
0.567992 -0.0340864 -0.822327 -111.897 0.0462416 0.998884 -0.00946522 1.8521 0.821734 -0.0326496 0.568936 119.182
0.544789 -0.0316629 -0.837974 -112.096 0.0431906 0.999019 -0.00966872 1.86373 0.83746 -0.0309252 0.545624 119.237
0.522211 -0.0303409 -0.852275 -112.305 0.040757 0.999112 -0.0105954 1.87847 0.851842 -0.0292032 0.522985 119.268
0.4996 -0.0258613 -0.865869 -112.51 0.0362704 0.999301 -0.00891886 1.84762 0.865497 -0.0269496 0.500189 119.279
0.474848 -0.0250707 -0.879709 -112.734 0.0310645 0.999448 -0.0117152 1.8807 0.879519 -0.0217649 0.475365 119.335
0.447946 -0.0207204 -0.893819 -112.94 0.0277545 0.999571 -0.00926249 1.84778 0.89363 -0.0206585 0.448329 119.385
0.417624 -0.0218456 -0.908356 -113.142 0.0284477 0.999534 -0.0109594 1.84175 0.908175 -0.0212638 0.418052 119.452
0.384756 -0.0246125 -0.922689 -113.361 0.0272283 0.999511 -0.0153076 1.83161 0.922617 -0.0192336 0.385239 119.518
0.35084 -0.0273559 -0.936035 -113.587 0.0250824 0.999488 -0.0198091 1.81084 0.9361 -0.0165283 0.351347 119.565
0.309587 -0.0307675 -0.950372 -113.831 0.0239739 0.99941 -0.0245455 1.82136 0.950569 -0.0151852 0.310142 119.638
0.269679 -0.0321143 -0.962413 -114.098 0.0227476 0.999376 -0.0269736 1.81781 0.962682 -0.0146184 0.270242 119.655
0.224636 -0.0361318 -0.973772 -114.38 0.0201377 0.99927 -0.0324325 1.84085 0.974235 -0.0123241 0.225199 119.704
0.179487 -0.0381025 -0.983021 -114.66 0.0164648 0.999225 -0.0357244 1.82486 0.983623 -0.00977329 0.179975 119.703
0.127951 -0.0403261 -0.990959 -114.978 0.0154156 0.999132 -0.0386682 1.82215 0.991661 -0.0103287 0.128462 119.739
0.0759329 -0.0431756 -0.996176 -115.295 0.0124439 0.999024 -0.0423505 1.8434 0.997036 -0.00918061 0.076396 119.751
0.0235196 -0.0409994 -0.998881 -115.653 0.0113247 0.999104 -0.0407419 1.81383 0.999659 -0.0103539 0.0239626 119.725
-0.0298104 -0.038628 -0.998808 -116.013 0.0115496 0.999172 -0.0389868 1.796 0.999489 -0.0126981 -0.0293399 119.685
-0.0829461 -0.0380951 -0.995824 -116.374 0.0101764 0.999184 -0.0390712 1.79277 0.996502 -0.0133748 -0.0824912 119.609
-0.13589 -0.0355326 -0.990085 -116.733 0.0111245 0.999238 -0.037388 1.75364 0.990662 -0.0160949 -0.135392 119.515
-0.189017 -0.0359635 -0.981314 -117.15 0.00895217 0.999223 -0.0383442 1.7623 0.981933 -0.0160326 -0.188549 119.41
-0.239188 -0.0349689 -0.970342 -117.553 0.0070727 0.999261 -0.0377545 1.74405 0.970948 -0.0158934 -0.238764 119.261
-0.288816 -0.0327735 -0.956822 -117.963 0.00755103 0.999304 -0.0365078 1.70646 0.957355 -0.0177691 -0.288368 119.112
-0.337128 -0.0306089 -0.94096 -118.406 0.00967198 0.999305 -0.0359722 1.67617 0.941409 -0.0212283 -0.336599 118.927
-0.383344 -0.028983 -0.923149 -118.828 0.0110794 0.99929 -0.0359743 1.64764 0.923539 -0.0240186 -0.382752 118.722
-0.427056 -0.0293361 -0.903748 -119.238 0.0103596 0.999248 -0.0373314 1.64831 0.904166 -0.0253051 -0.426432 118.495
-0.46771 -0.0279607 -0.883438 -119.65 0.00998431 0.999268 -0.0369126 1.61322 0.883825 -0.026085 -0.46709 118.227
-0.505184 -0.0266027 -0.8626 -120.055 0.00903959 0.999306 -0.0361127 1.57083 0.862964 -0.0260412 -0.504594 117.946
-0.538455 -0.0259661 -0.842252 -120.489 0.00804341 0.99932 -0.0359505 1.55343 0.842615 -0.0261324 -0.537882 117.645
-0.566274 -0.0252258 -0.823829 -120.937 0.00623235 0.999371 -0.0348848 1.505 0.824193 -0.0248888 -0.565762 117.323
-0.585728 -0.0286873 -0.809998 -121.304 -0.000346743 0.999381 -0.0351439 1.47933 0.810507 -0.020304 -0.585378 116.965
-0.603784 -0.0305756 -0.79656 -121.805 -0.00257703 0.999333 -0.0364056 1.46932 0.797143 -0.0199284 -0.603461 116.596
-0.616918 -0.0320956 -0.786371 -122.274 -0.00642211 0.999339 -0.0357496 1.43035 0.787001 -0.0170045 -0.616718 116.206
-0.628964 -0.0296217 -0.776868 -122.763 -0.00201932 0.999332 -0.0364693 1.44727 0.777431 -0.0213692 -0.628605 115.858
-0.636507 -0.0302493 -0.770676 -123.206 -0.00432768 0.999354 -0.0356507 1.41102 0.771258 -0.0193567 -0.636228 115.417
-0.645249 -0.0282337 -0.763449 -123.766 -0.00261873 0.999392 -0.034746 1.38634 0.763967 -0.0204206 -0.644932 114.971
