1 0 0 0 0 1 0 0 0 0 1 0
0.999995 0.00269401 -0.0013952 0.0322543 -0.00269397 0.999996 2.82825e-05 0.0134717 0.00139527 -2.45237e-05 0.999999 0.751085
0.999985 0.00521764 -0.00169705 0.02679 -0.00521674 0.999986 0.00053177 -0.00783099 0.00169981 -0.000522909 0.999998 1.50831
0.999975 0.00637022 -0.00312776 0.0662179 -0.00636967 0.99998 0.000183596 -0.0216987 0.00312887 -0.000163669 0.999995 2.22551
0.99996 0.00771368 -0.00462607 0.0927956 -0.00771927 0.999969 -0.00119048 -0.00904217 0.00461674 0.00122614 0.999989 2.97165
0.999954 0.00780305 -0.00554685 0.108149 -0.00781456 0.999967 -0.00205568 -0.0139123 0.00553063 0.00209893 0.999983 3.69944
0.999953 0.00777515 -0.00582515 0.11484 -0.00778427 0.999969 -0.00154484 -0.0226595 0.00581296 0.00159012 0.999982 4.43505
0.999939 0.00861661 -0.00688301 0.153435 -0.00860954 0.999962 0.00105676 -0.0388405 0.00689186 -0.000997433 0.999976 5.13525
0.999945 0.00856576 -0.00609943 0.163168 -0.00853528 0.999951 0.00500572 -0.0514219 0.00614201 -0.00495338 0.999969 5.80253
0.999954 0.00770716 -0.00577892 0.187456 -0.00765716 0.999934 0.00862444 -0.0700437 0.00584501 -0.00857978 0.999946 6.41463
0.999969 0.0072026 -0.0030681 0.141423 -0.00717054 0.999921 0.0103331 -0.0694588 0.00314229 -0.0103108 0.999942 7.05213
0.999967 0.00803249 -0.00130968 0.122924 -0.00801933 0.99992 0.00975646 -0.0730325 0.00138794 -0.00974563 0.999952 7.63547
0.99996 0.00900071 -0.000170682 0.117175 -0.00899932 0.999936 0.00688083 -0.0807857 0.000232605 -0.00687901 0.999976 8.24048
0.999957 0.00928479 0.000939212 0.11524 -0.00928843 0.999949 0.00394362 -0.0897914 -0.000902547 -0.00395217 0.999992 8.76328
0.999968 0.00751914 0.00292379 0.112936 -0.0075262 0.999969 0.00241022 -0.0974592 -0.00290558 -0.00243214 0.999993 9.25465
0.999977 0.00373739 0.00574514 0.0968392 -0.00373629 0.999993 -0.000202174 -0.100403 -0.00574586 0.000180707 0.999983 9.77939
0.99997 0.00209324 0.0074863 0.100799 -0.00208522 0.999997 -0.00107972 -0.12035 -0.00748853 0.00106408 0.999971 10.2048
0.999928 0.00635898 0.0101786 0.0888345 -0.00632862 0.999975 -0.00301196 -0.135808 -0.0101975 0.00294733 0.999944 10.6418
0.999856 0.0109891 0.0129349 0.0948112 -0.0109394 0.999932 -0.00390393 -0.143512 -0.0129769 0.00376187 0.999909 11.0348
0.999806 0.0112694 0.016184 0.10414 -0.0112241 0.999933 -0.00288707 -0.15213 -0.0162154 0.00270486 0.999865 11.3882
0.999794 0.0077758 0.0187657 0.130634 -0.00773911 0.999968 -0.00202656 -0.173339 -0.0187809 0.00188091 0.999822 11.689
0.999758 0.00315205 0.0217592 0.136772 -0.00310099 0.999992 -0.00237995 -0.177065 -0.0217665 0.0023119 0.99976 11.9843
0.999705 -0.000382739 0.0243103 0.148178 0.000410086 0.999999 -0.00111984 -0.184092 -0.0243098 0.00112948 0.999704 12.2319
0.999641 -0.000668918 0.02679 0.158261 0.000671166 1 -7.48108e-05 -0.191247 -0.0267899 9.27665e-05 0.999641 12.4571
0.999601 0.000269849 0.0282398 0.175434 -0.000245212 0.999999 -0.000875782 -0.201123 -0.02824 0.00086851 0.999601 12.6465
0.999519 0.00145801 0.0309753 0.170866 -0.00137507 0.999995 -0.00269842 -0.197302 -0.0309791 0.00265453 0.999516 12.8329
0.999428 0.00420421 0.0335554 0.170402 -0.00407594 0.999984 -0.00388988 -0.197122 -0.0335712 0.00375089 0.999429 13.004
0.999381 0.00709034 0.0344703 0.188305 -0.0069403 0.999966 -0.00447037 -0.205986 -0.0345008 0.00422837 0.999396 13.167
0.999314 0.00853693 0.0360411 0.192767 -0.00832833 0.999948 -0.00593371 -0.210872 -0.0360898 0.00562948 0.999333 13.3308
0.999257 0.0076412 0.0377712 0.20581 -0.00735518 0.999943 -0.00770545 -0.21566 -0.0378279 0.00742191 0.999257 13.4614
0.999219 0.00624672 0.0390232 0.218904 -0.00589618 0.999941 -0.00909138 -0.22086 -0.0390777 0.00885419 0.999197 13.5939
0.999173 0.00574524 0.0402563 0.22956 -0.0053324 0.999932 -0.0103552 -0.221505 -0.040313 0.010132 0.999136 13.7355
0.999107 0.0064553 0.0417513 0.235247 -0.00596558 0.999912 -0.0118433 -0.221798 -0.041824 0.0115837 0.999058 13.8629
0.99905 0.00760166 0.0429138 0.243809 -0.00700827 0.999878 -0.0139609 -0.226077 -0.0430147 0.0136469 0.998981 13.9956
0.999 0.00779058 0.0440343 0.242136 -0.00708706 0.999845 -0.0161102 -0.229907 -0.044153 0.015782 0.9989 14.1031
0.99898 0.00678699 0.0446562 0.249763 -0.00596137 0.999809 -0.0185954 -0.230368 -0.0447739 0.0183102 0.998829 14.2396
0.999004 0.00630253 0.0441734 0.255919 -0.0053933 0.999772 -0.0206723 -0.232305 -0.0442936 0.0204135 0.99881 14.3565
0.999096 0.00564249 0.0421314 0.258656 -0.00472002 0.999747 -0.0219623 -0.231187 -0.0422447 0.0217436 0.998871 14.488
0.9992 0.00604198 0.0395308 0.252013 -0.00513522 0.999722 -0.0229995 -0.233082 -0.0396588 0.0227781 0.998954 14.6031
0.999346 0.00696876 0.0354773 0.252961 -0.00610671 0.999685 -0.0243492 -0.233934 -0.0356357 0.0241167 0.999074 14.732
0.999522 0.00782511 0.0299088 0.248113 -0.00705965 0.999647 -0.0256134 -0.234438 -0.0300987 0.02539 0.999224 14.8284
0.999692 0.00793059 0.0235038 0.241649 -0.00730983 0.999625 -0.02638 -0.23758 -0.0237042 0.0262001 0.999376 14.9295
0.999824 0.00879987 0.0165558 0.233383 -0.00833714 0.999578 -0.0278135 -0.224147 -0.0167936 0.0276706 0.999476 15.0945
0.999924 0.00897423 0.00841339 0.226915 -0.00872741 0.999543 -0.028927 -0.224085 -0.00866913 0.0288514 0.999546 15.2463
0.999965 0.00826482 -0.0015635 0.221096 -0.00830886 0.999496 -0.0306508 -0.217747 0.0013094 0.0306627 0.999529 15.4131
0.999865 0.00670386 -0.0150059 0.225466 -0.00718577 0.999452 -0.0322951 -0.221275 0.0147812 0.0323985 0.999366 15.5538
0.999502 0.00629217 -0.030912 0.19752 -0.00734159 0.999396 -0.0339534 -0.229015 0.0306797 0.0341634 0.998945 15.7183
0.998735 0.00642859 -0.0498766 0.162711 -0.00816356 0.999366 -0.0346599 -0.238093 0.0496221 0.0350233 0.998154 15.8832
0.997443 0.00766443 -0.0710533 0.108884 -0.0101235 0.99936 -0.0343143 -0.242634 0.0707448 0.0349459 0.996882 16.0883
0.995616 0.00859596 -0.0931389 0.0277265 -0.0116902 0.999396 -0.0327277 -0.255319 0.0928013 0.0336731 0.995115 16.2788
0.992914 0.00974954 -0.118431 -0.0535598 -0.0135143 0.999427 -0.0310277 -0.260545 0.11806 0.0324084 0.992477 16.4846
0.989015 0.0106709 -0.147428 -0.152949 -0.0151009 0.999466 -0.0289623 -0.264028 0.14704 0.0308705 0.988649 16.7272
0.983676 0.0111048 -0.179603 -0.240441 -0.0159029 0.999553 -0.0252974 -0.270551 0.179242 0.0277406 0.983414 16.9449
0.976378 0.0117457 -0.215752 -0.347298 -0.0167262 0.999634 -0.0212732 -0.270822 0.215423 0.0243794 0.976216 17.1981
0.966974 0.0132786 -0.254531 -0.472761 -0.0178934 0.999715 -0.0158241 -0.275077 0.254248 0.0198559 0.966935 17.4581
0.955264 0.0168497 -0.295274 -0.628242 -0.0209372 0.999724 -0.010687 -0.275542 0.295012 0.0163911 0.955353 17.7409
0.941658 0.0207325 -0.335933 -0.831308 -0.0241719 0.999689 -0.0060594 -0.278576 0.335703 0.013826 0.941866 18.0256
0.925447 0.0236774 -0.378138 -0.995613 -0.025369 0.999678 0.000508189 -0.296033 0.378028 0.00912266 0.925749 18.283
0.906691 0.0272451 -0.420916 -1.19561 -0.0260205 0.999624 0.00865335 -0.303677 0.420993 0.00310653 0.907058 18.5687
0.885439 0.0321097 -0.463645 -1.41285 -0.0278471 0.999484 0.0160386 -0.313685 0.46392 -0.00129007 0.885876 18.8534
0.861102 0.0372234 -0.507069 -1.6408 -0.0308781 0.999304 0.0209209 -0.308739 0.507495 -0.00235773 0.861652 19.1332
0.833615 0.0402936 -0.550874 -1.87824 -0.0320589 0.999184 0.0245718 -0.303556 0.551415 -0.002823 0.834226 19.4073
0.803389 0.0438611 -0.593837 -2.15753 -0.0349226 0.999038 0.0265435 -0.290999 0.594429 -0.000586444 0.804148 19.6847
0.770455 0.0466718 -0.635784 -2.46544 -0.0357941 0.99891 0.0299523 -0.280399 0.636489 -0.000319624 0.771286 19.9604
0.733954 0.0501104 -0.677349 -2.7806 -0.0368747 0.998744 0.033931 -0.258574 0.678198 7.32141e-05 0.734879 20.2366
0.695782 0.0511741 -0.716428 -3.11636 -0.0350829 0.998689 0.037264 -0.240544 0.717395 -0.000793257 0.696666 20.4979
0.655212 0.0508174 -0.753734 -3.48531 -0.0324823 0.998707 0.0390973 -0.223112 0.754746 -0.00113404 0.656016 20.7751
0.612988 0.0496711 -0.78853 -3.8559 -0.0279264 0.99876 0.0412046 -0.205952 0.789598 -0.00323713 0.613615 21.019
0.568568 0.0495176 -0.821145 -4.24948 -0.023317 0.998756 0.0440832 -0.188368 0.822305 -0.00591771 0.569015 21.255
0.521843 0.0508245 -0.851527 -4.68577 -0.0216778 0.998691 0.0463233 -0.165279 0.852766 -0.00571425 0.522261 21.4887
0.472395 0.0505304 -0.879938 -5.15494 -0.0206042 0.998715 0.0462899 -0.143453 0.881146 -0.00373672 0.472829 21.6957
0.420428 0.0493234 -0.905984 -5.65499 -0.0151604 0.998764 0.0473392 -0.122082 0.907199 -0.00616763 0.420656 21.8884
0.367254 0.0484001 -0.928861 -6.15366 -0.00985379 0.998792 0.048148 -0.0998506 0.930068 -0.00852975 0.367287 22.0441
0.313306 0.0476241 -0.948457 -6.71497 -0.0076892 0.998836 0.0476137 -0.0704285 0.949621 -0.00762479 0.313308 22.203
0.259746 0.053264 -0.964207 -7.28094 -0.00759179 0.998559 0.0531165 -0.0382059 0.965647 -0.00647672 0.259776 22.3267
0.208844 0.0582287 -0.976214 -7.8805 -0.00523448 0.998278 0.058425 -0.00622256 0.977935 -0.00709175 0.208789 22.4186
0.161313 0.0595371 -0.985106 -8.49371 -0.000721651 0.998185 0.0602094 0.0249453 0.986903 -0.00900168 0.161064 22.4787
0.117438 0.0604615 -0.991238 -9.10875 0.00188406 0.998129 0.0611051 0.0547099 0.993078 -0.00904358 0.117104 22.5217
0.0770949 0.0584839 -0.995307 -9.7676 0.00182228 0.998268 0.058799 0.0932322 0.997022 -0.00634683 0.0768547 22.5452
0.0407816 0.0541452 -0.9977 -10.4578 -0.000439117 0.998531 0.0541724 0.137986 0.999168 -0.00177112 0.0407455 22.5611
0.0121207 0.0536546 -0.998486 -11.1536 -0.0024473 0.998558 0.0536287 0.183894 0.999923 0.00179359 0.0122344 22.5468
-0.00858719 0.0579236 -0.998284 -11.8439 -0.00384049 0.998311 0.0579583 0.213347 0.999956 0.00433161 -0.00835027 22.516
-0.0208598 0.0640338 -0.99773 -12.5794 -0.00209553 0.997942 0.0640912 0.248782 0.99978 0.00342771 -0.0206827 22.4776
-0.0292622 0.0671471 -0.997314 -13.3384 -0.00312723 0.99773 0.0672669 0.283346 0.999567 0.00508721 -0.0289858 22.4557
-0.0326866 0.0642473 -0.997399 -14.1551 -0.00183355 0.997926 0.0643414 0.330318 0.999464 0.00393188 -0.032501 22.4219
-0.0309269 0.0603954 -0.997695 -14.9635 0.0050422 0.998169 0.0602678 0.37507 0.999509 -0.00316668 -0.0311748 22.3876
-0.0256636 0.058828 -0.997938 -15.7848 0.0163815 0.998157 0.0584197 0.419992 0.999536 -0.0148484 -0.02658 22.3624
-0.0198791 0.058964 -0.998062 -16.6389 0.0163585 0.998145 0.058643 0.466685 0.999668 -0.015161 -0.0208068 22.3397
-0.0140404 0.0573943 -0.998253 -17.5574 0.0151256 0.998249 0.0571814 0.5116 0.999787 -0.0142963 -0.014884 22.3132
-0.00965378 0.0499546 -0.998705 -18.4328 0.0173747 0.998609 0.0497818 0.56813 0.999802 -0.0168716 -0.0105083 22.2867
-0.00813795 0.0391727 -0.999199 -19.3404 0.0156072 0.999115 0.0390424 0.607546 0.999845 -0.015277 -0.00874216 22.2861
-0.00934113 0.0306778 -0.999486 -20.3408 0.00768383 0.999502 0.0306065 0.65623 0.999926 -0.00739397 -0.00957224 22.3089
-0.0112259 0.0261552 -0.999595 -21.3133 -0.000167217 0.999657 0.0261587 0.735687 0.999937 0.000460809 -0.0112177 22.2949
-0.0108259 0.0313132 -0.999451 -22.2775 -0.0100789 0.999455 0.0314225 0.781484 0.99989 0.0104135 -0.0105045 22.1686
-0.0153466 0.0382902 -0.999149 -23.1482 -0.0150157 0.999145 0.0385207 0.818446 0.999769 0.0155941 -0.0147586 22.1256
-0.0206658 0.0472148 -0.998671 -24.137 -0.0160918 0.998739 0.047551 0.862363 0.999657 0.0170531 -0.01988 22.1061
-0.0243853 0.0561918 -0.998122 -25.1597 -0.0171053 0.998249 0.0566168 0.916768 0.999556 0.0184538 -0.0233815 22.1082
-0.0274825 0.0628443 -0.997645 -26.1533 -0.0143708 0.997894 0.0632558 0.971124 0.999519 0.0160754 -0.0265215 22.1203
-0.0321061 0.0634475 -0.997469 -27.2241 -0.011839 0.997889 0.0638553 1.03385 0.999414 0.0138591 -0.0312872 22.1236
-0.0355631 0.0604523 -0.997537 -28.2085 -0.0123274 0.998066 0.0609239 1.076 0.999291 0.0144637 -0.0347492 22.127
-0.0399687 0.0554485 -0.997661 -29.348 -0.0118864 0.998362 0.0559637 1.13788 0.99913 0.0140954 -0.0392442 22.1154
-0.0451812 0.0501712 -0.997718 -30.3798 -0.0112543 0.998649 0.0507277 1.17995 0.998915 0.0135205 -0.0445555 22.0713
-0.0507762 0.0455481 -0.997671 -31.405 -0.0101472 0.998884 0.04612 1.21541 0.998658 0.0124654 -0.0502574 22.0143
-0.0550518 0.0429436 -0.997559 -32.4543 -0.0114584 0.998981 0.0436372 1.26678 0.998417 0.0138328 -0.0545037 21.9074
-0.0611296 0.0459421 -0.997072 -33.4944 -0.0116788 0.998838 0.0467395 1.29094 0.998061 0.0145018 -0.0605221 21.8258
-0.0668503 0.0507111 -0.996473 -34.5705 -0.0133361 0.998573 0.0517127 1.32963 0.997673 0.0167461 -0.0660786 21.7325
-0.072934 0.053591 -0.995896 -35.631 -0.016414 0.998355 0.0549254 1.36617 0.997201 0.0203525 -0.0719344 21.6317
-0.0779146 0.0556013 -0.995408 -36.7463 -0.0191097 0.998177 0.0572517 1.42113 0.996776 0.0234827 -0.07671 21.5386
-0.0803945 0.0568856 -0.995138 -37.858 -0.0231161 0.997995 0.0589164 1.47315 0.996495 0.0277403 -0.0789184 21.4369
-0.0819583 0.0583111 -0.994928 -38.9372 -0.0273087 0.99778 0.0607278 1.51633 0.996261 0.0321473 -0.080184 21.325
-0.084019 0.0582686 -0.994759 -40.0627 -0.0290503 0.997721 0.0608958 1.56145 0.99604 0.0340145 -0.0821348 21.2306
-0.0853006 0.0576939 -0.994683 -41.1119 -0.0303495 0.997708 0.060472 1.60383 0.995893 0.0353464 -0.0833541 21.1023
-0.0863341 0.0571315 -0.994626 -42.2392 -0.0315988 0.997695 0.0600506 1.65536 0.995765 0.0366134 -0.0843298 21.0006
-0.0868443 0.0563542 -0.994626 -43.3293 -0.0342177 0.997641 0.0595127 1.70343 0.995634 0.0392022 -0.0847111 20.8793
-0.0874007 0.054071 -0.994704 -44.3775 -0.0393317 0.99756 0.0576821 1.74725 0.995396 0.0441649 -0.0850608 20.7528
-0.0868818 0.048774 -0.995024 -45.5654 -0.045968 0.99754 0.0529112 1.81177 0.995157 0.0503362 -0.0844261 20.632
-0.0853792 0.0480145 -0.995191 -46.6322 -0.0472292 0.99752 0.0521788 1.85957 0.995228 0.051457 -0.0828998 20.4993
-0.0819316 0.0518363 -0.995289 -47.6923 -0.04779 0.997293 0.0558747 1.91487 0.995491 0.0521428 -0.0792326 20.3316
-0.0805444 0.0546795 -0.99525 -48.8897 -0.048359 0.997104 0.058695 1.96993 0.995577 0.0528568 -0.0776669 20.2582
-0.0782062 0.0541612 -0.995465 -49.9431 -0.0468202 0.997221 0.0579352 2.01767 0.995837 0.0511388 -0.0754531 20.1273
-0.0753179 0.0532672 -0.995736 -51.0828 -0.0468472 0.99728 0.0568934 2.06766 0.996058 0.0509325 -0.0726177 20.0263
-0.071139 0.053674 -0.996021 -52.2173 -0.0515834 0.997017 0.057412 2.1175 0.996131 0.0554624 -0.0681581 19.9296
-0.0655915 0.054731 -0.996344 -53.3943 -0.0561803 0.996708 0.0584495 2.16701 0.996263 0.0598087 -0.0623008 19.8457
-0.0605188 0.0542559 -0.996691 -54.5955 -0.0597731 0.996532 0.0578767 2.22175 0.996375 0.0630779 -0.0570659 19.7874
-0.0549953 0.0534157 -0.997057 -55.7401 -0.061468 0.996492 0.0567759 2.26836 0.996592 0.0644094 -0.0515191 19.7194
-0.0489583 0.0526649 -0.997411 -56.8607 -0.0614952 0.996555 0.0556382 2.31635 0.996906 0.06406 -0.045551 19.6441
-0.0444406 0.0524443 -0.997634 -58.0505 -0.0594771 0.99671 0.0550453 2.35947 0.99724 0.0617826 -0.0411752 19.6098
-0.0394252 0.0531162 -0.997809 -59.2191 -0.0583381 0.99676 0.0553654 2.40538 0.997518 0.0603931 -0.0361988 19.5727
-0.0332881 0.0546168 -0.997952 -60.3469 -0.057678 0.996736 0.0564742 2.45183 0.99778 0.0594398 -0.0300293 19.5108
-0.02799 0.055914 -0.998043 -61.5457 -0.0585307 0.996629 0.0574763 2.49841 0.997893 0.0600249 -0.024623 19.4825
-0.0200692 0.0544838 -0.998313 -62.6324 -0.0587997 0.996721 0.055579 2.55544 0.998068 0.0598159 -0.0167997 19.388
-0.0172125 0.0502284 -0.998589 -63.8938 -0.0587746 0.996959 0.0511595 2.59551 0.998123 0.0595723 -0.014208 19.4199
-0.0127683 0.0451198 -0.9989 -65.0691 -0.0585451 0.997233 0.0457929 2.63112 0.998203 0.0590654 -0.0100914 19.3987
-0.00668291 0.0440493 -0.999007 -66.1876 -0.0595711 0.997237 0.0443698 2.67482 0.998201 0.0598085 -0.00404038 19.3279
-0.00259127 0.0457075 -0.998951 -67.3844 -0.0607315 0.997103 0.0457805 2.71592 0.998151 0.0607864 0.000192134 19.2986
0.00176011 0.0452761 -0.998973 -68.528 -0.0613276 0.997098 0.0450832 2.75342 0.998116 0.0611852 0.00453169 19.2456
0.00431872 0.0450837 -0.998973 -69.7059 -0.0633151 0.99699 0.0447205 2.7932 0.997984 0.063057 0.00716021 19.2168
0.00627813 0.0457519 -0.998933 -70.8808 -0.0661045 0.996786 0.0452381 2.82806 0.997793 0.06575 0.00928237 19.1994
0.00980008 0.0449724 -0.99894 -72.0136 -0.067424 0.996744 0.0442121 2.86558 0.997676 0.0669192 0.0128004 19.145
0.0121082 0.0430549 -0.998999 -73.2367 -0.0682497 0.996777 0.042132 2.8965 0.997595 0.0676712 0.0150077 19.1332
0.0141453 0.041866 -0.999023 -74.4588 -0.0675212 0.996882 0.0408202 2.9232 0.997617 0.0668777 0.0169281 19.1281
0.0149974 0.0415868 -0.999022 -75.655 -0.0651015 0.997055 0.0405277 2.94849 0.997766 0.06443 0.0176606 19.1391
0.0162487 0.0424514 -0.998966 -76.8615 -0.0626922 0.997175 0.0413556 2.9709 0.9979 0.0619553 0.0188642 19.1423
0.0172093 0.0446807 -0.998853 -78.0359 -0.0646507 0.996959 0.0434822 2.99217 0.997759 0.0638281 0.0200456 19.141
0.0184928 0.0482199 -0.998665 -79.2056 -0.067207 0.996636 0.0468775 3.02187 0.997567 0.0662504 0.0216713 19.1496
0.0170699 0.0480035 -0.998701 -80.3874 -0.0688919 0.996529 0.0467217 3.0585 0.997478 0.0680049 0.0203177 19.2096
0.0166169 0.045496 -0.998826 -81.5641 -0.0699621 0.996568 0.0442292 3.09424 0.997411 0.069145 0.0197429 19.2495
0.0163349 0.0427421 -0.998952 -82.7648 -0.0701755 0.99667 0.041497 3.12483 0.997401 0.0694241 0.01928 19.2787
0.0170052 0.0417739 -0.998982 -83.972 -0.0680693 0.996856 0.0405263 3.15784 0.997535 0.0673108 0.0197953 19.2858
0.0176798 0.0436777 -0.998889 -85.1662 -0.0673168 0.99683 0.0423962 3.17536 0.997575 0.0664924 0.020564 19.2938
0.0160076 0.0465078 -0.998789 -86.3839 -0.0660439 0.996784 0.045356 3.20263 0.997688 0.0652378 0.0190277 19.3487
0.0144363 0.0488396 -0.998702 -87.5785 -0.0664021 0.996647 0.0477793 3.23404 0.997688 0.0656261 0.017631 19.3989
0.014071 0.0491736 -0.998691 -88.743 -0.0674693 0.996559 0.0481181 3.25955 0.997622 0.0667039 0.0173403 19.42
0.0140914 0.0474693 -0.998773 -89.9286 -0.0666791 0.996693 0.0464297 3.285 0.997675 0.065943 0.01721 19.4355
0.0138379 0.0458249 -0.998853 -91.0523 -0.0649101 0.996882 0.0448353 3.31598 0.997795 0.0642152 0.0167693 19.453
0.0138868 0.0464532 -0.998823 -92.2279 -0.0632142 0.996962 0.0454878 3.3503 0.997903 0.0625082 0.0167812 19.4608
0.0133589 0.0490958 -0.998704 -93.4387 -0.0606484 0.996994 0.0482005 3.38558 0.998069 0.0599258 0.0162963 19.4877
0.0148162 0.0512427 -0.998576 -94.5777 -0.0598067 0.996942 0.0502716 3.42874 0.9981 0.0589766 0.0178356 19.4492
0.0162211 0.0526885 -0.998479 -95.7724 -0.0611142 0.996795 0.0516069 3.47317 0.997999 0.0601841 0.0193892 19.4391
0.0180822 0.0546475 -0.998342 -96.8967 -0.0636762 0.99654 0.0533956 3.50966 0.997806 0.062605 0.0214994 19.3985
0.0172961 0.0542332 -0.998378 -98.0956 -0.064932 0.99648 0.0530052 3.5437 0.997739 0.0639098 0.0207567 19.4381
0.0182482 0.0502822 -0.998568 -99.2702 -0.0673108 0.99653 0.0489496 3.58493 0.997565 0.0663211 0.0215695 19.4338
0.0195738 0.048611 -0.998626 -100.44 -0.0702665 0.996413 0.0471261 3.62436 0.997336 0.0692474 0.0229193 19.4233
0.0210015 0.046894 -0.998679 -101.59 -0.0722453 0.996358 0.0452659 3.65843 0.997165 0.0711991 0.0243129 19.4108
0.0213248 0.0474482 -0.998646 -102.777 -0.0710629 0.996418 0.0458249 3.69222 0.997243 0.0699894 0.0246203 19.4382
0.021364 0.0491717 -0.998561 -103.955 -0.0704648 0.996379 0.0475567 3.73579 0.997285 0.0693474 0.0247516 19.4587
0.0210984 0.0507399 -0.998489 -105.172 -0.0684956 0.996437 0.0491884 3.78409 0.997428 0.0673542 0.0244987 19.4894
0.0196892 0.0495794 -0.998576 -106.347 -0.0714356 0.996286 0.0480572 3.82614 0.99725 0.0703875 0.0231578 19.5174
0.0190142 0.0506418 -0.998535 -107.545 -0.0754083 0.995943 0.0490745 3.87248 0.996971 0.0743646 0.0227559 19.5333
0.0183014 0.0496642 -0.998598 -108.708 -0.0788323 0.995727 0.0480767 3.90991 0.996719 0.0778419 0.0221384 19.5468
0.0176881 0.0458199 -0.998793 -109.912 -0.0798055 0.995826 0.0442705 3.95058 0.996653 0.078926 0.021271 19.5613
0.0167257 0.0419548 -0.998979 -111.108 -0.079806 0.995986 0.040493 3.98408 0.99667 0.0790472 0.0200068 19.5737
0.0159487 0.0408517 -0.999038 -112.315 -0.075946 0.996327 0.0395285 4.01825 0.996984 0.0752424 0.0189926 19.59
0.0148028 0.0399753 -0.999091 -113.571 -0.0715147 0.996683 0.0388194 4.05199 0.997329 0.0708749 0.0176126 19.625
0.0140001 0.0420974 -0.999015 -114.822 -0.0708956 0.996639 0.0410038 4.08311 0.997385 0.0702516 0.0169376 19.6454
0.0128421 0.0458397 -0.998866 -116.034 -0.0699928 0.996538 0.044833 4.11937 0.997464 0.0693376 0.0160061 19.6529
0.0136554 0.0465389 -0.998823 -117.223 -0.0689024 0.996584 0.0454927 4.14435 0.997529 0.0682 0.0168155 19.6152
0.0145583 0.0428323 -0.998976 -118.46 -0.0690205 0.996741 0.0417307 4.17377 0.997508 0.0683423 0.0174672 19.5917
0.0109707 0.0396953 -0.999151 -119.758 -0.0689423 0.996863 0.0388475 4.19934 0.99756 0.0684576 0.013673 19.6496
0.0103743 0.0384687 -0.999206 -121.021 -0.0680937 0.996966 0.0376756 4.22839 0.997624 0.0676487 0.0129623 19.6519
0.0121255 0.0393441 -0.999152 -122.266 -0.0704699 0.996773 0.0383953 4.26527 0.99744 0.0699445 0.0148589 19.6104
0.0130946 0.0440656 -0.998942 -123.499 -0.0753853 0.996227 0.0429577 4.30008 0.997068 0.074743 0.0163671 19.5671
0.0139727 0.0473971 -0.998778 -124.762 -0.0812673 0.995624 0.0461106 4.3358 0.996594 0.0805237 0.0177635 19.5507
0.0144949 0.0476139 -0.99876 -126.069 -0.0887118 0.994986 0.0461466 4.3769 0.995951 0.0879329 0.0186462 19.5449
0.0154382 0.0459095 -0.998826 -127.344 -0.0925238 0.994724 0.044291 4.41449 0.99559 0.0917313 0.0196045 19.535
0.0152197 0.0448326 -0.998878 -128.587 -0.0954422 0.994497 0.0431818 4.44449 0.995318 0.0946779 0.0194148 19.5279
0.0144749 0.0438354 -0.998933 -129.866 -0.0951279 0.994566 0.0422654 4.48466 0.995359 0.0944146 0.0185663 19.532
0.0136829 0.0424114 -0.999006 -131.13 -0.0927864 0.994842 0.0409638 4.52198 0.995591 0.0921337 0.0175476 19.547
0.0138165 0.0427715 -0.998989 -132.417 -0.0929148 0.994815 0.0413078 4.5603 0.995578 0.09225 0.017719 19.5399
0.01148 0.047176 -0.99882 -133.673 -0.0914244 0.994751 0.0459331 4.59895 0.995745 0.0907891 0.0157328 19.5781
0.0103654 0.0507175 -0.998659 -134.969 -0.0899854 0.994707 0.0495828 4.6424 0.995889 0.0893507 0.0148744 19.5899
0.00939902 0.0495717 -0.998726 -136.238 -0.0907097 0.994693 0.048518 4.67979 0.995832 0.0901381 0.0138458 19.6071
0.00992109 0.0480712 -0.998794 -137.491 -0.0904058 0.994795 0.0469808 4.71944 0.995855 0.0898307 0.0142154 19.6101
0.0106699 0.0472451 -0.998826 -138.77 -0.0892979 0.994936 0.0461072 4.75889 0.995947 0.088701 0.0148348 19.6213
0.01075 0.0467209 -0.99885 -140.028 -0.0899959 0.994898 0.0455676 4.79437 0.995884 0.0894024 0.0148998 19.6346
0.0112453 0.0489579 -0.998737 -141.3 -0.0905228 0.994748 0.0477432 4.83249 0.99583 0.0898716 0.015618 19.6423
0.0117482 0.0521192 -0.998571 -142.562 -0.090264 0.994617 0.050851 4.87576 0.995848 0.0895375 0.0163895 19.6483
0.0141059 0.0534725 -0.998469 -143.75 -0.0927339 0.994334 0.051941 4.9126 0.99559 0.0918593 0.0189847 19.6024
0.0146916 0.0508511 -0.998598 -145.018 -0.0952934 0.99423 0.0492268 4.95506 0.99534 0.0944365 0.0194526 19.6106
0.0157384 0.047939 -0.998726 -146.243 -0.0941575 0.994481 0.0462516 4.99361 0.995432 0.0933095 0.0201654 19.5873
0.0161222 0.0466575 -0.99878 -147.47 -0.0923017 0.994713 0.0449777 5.02482 0.9956 0.091464 0.0203436 19.5869
0.0166772 0.0459416 -0.998804 -148.711 -0.0905929 0.994903 0.0442496 5.06255 0.995748 0.0897465 0.0207542 19.5736
0.016726 0.0464592 -0.99878 -149.975 -0.0885786 0.99506 0.0448029 5.09241 0.995928 0.0877211 0.0207587 19.5819
0.0162116 0.0448567 -0.998861 -151.237 -0.0867607 0.995287 0.0432881 5.12679 0.996097 0.0859601 0.020027 19.6036
0.0173499 0.0451265 -0.99883 -152.501 -0.0858862 0.995354 0.0434777 5.16141 0.996153 0.0850313 0.0211451 19.5866
0.0176035 0.0481702 -0.998684 -153.709 -0.0834097 0.995426 0.0465429 5.18037 0.996359 0.0824805 0.0215409 19.5718
0.0173649 0.0497344 -0.998611 -154.945 -0.0805642 0.995583 0.0481828 5.2111 0.996598 0.0796156 0.0212951 19.5716
0.0171481 0.0481938 -0.99869 -156.179 -0.0777094 0.995879 0.046724 5.25017 0.996828 0.0768063 0.0208226 19.5894
0.0159353 0.0482311 -0.998709 -157.426 -0.0785166 0.99581 0.0468385 5.2939 0.996785 0.0776687 0.0196555 19.6077
0.0152123 0.0528779 -0.998485 -158.643 -0.0792976 0.995518 0.0515127 5.33472 0.996735 0.0783937 0.0193373 19.6222
0.0152755 0.0589929 -0.998141 -159.944 -0.084068 0.994798 0.0575088 5.393 0.996343 0.0830332 0.0201555 19.6427
0.0166486 0.0591771 -0.998108 -161.137 -0.0891593 0.994357 0.0574676 5.44025 0.995878 0.0880339 0.0218309 19.6256
0.0185337 0.0560734 -0.998254 -162.366 -0.0935232 0.994144 0.0541062 5.48136 0.995444 0.0923571 0.0236694 19.6088
0.0205762 0.0513704 -0.998467 -163.605 -0.0957914 0.994184 0.0491761 5.51632 0.995188 0.0946327 0.0253774 19.5987
0.0219067 0.0502534 -0.998496 -164.849 -0.0989049 0.993944 0.0478544 5.55257 0.994855 0.0977078 0.0267444 19.5923
0.0234175 0.0471596 -0.998612 -166.016 -0.094036 0.99456 0.0447632 5.57991 0.995293 0.0928572 0.0277248 19.5931
0.0234439 0.0425148 -0.99882 -167.319 -0.0906882 0.995065 0.0402264 5.62079 0.995603 0.0896381 0.0271838 19.6366
0.0245691 0.0395634 -0.998914 -168.494 -0.0861774 0.995579 0.0373118 5.6417 0.995976 0.0851671 0.02787 19.6116
0.0233737 0.0424948 -0.998823 -169.753 -0.0842846 0.995621 0.0403863 5.67526 0.996167 0.0832414 0.0268531 19.6419
0.0229762 0.0487182 -0.998548 -171.046 -0.0846456 0.995319 0.0466131 5.71046 0.996146 0.0834516 0.0269925 19.6973
0.024114 0.0522575 -0.998342 -172.262 -0.0863201 0.99501 0.0499982 5.74198 0.995975 0.0849713 0.0285046 19.7102
0.0268083 0.0493489 -0.998421 -173.471 -0.0880411 0.995014 0.0468167 5.78029 0.995756 0.086647 0.0310194 19.7035
0.0272414 0.0493404 -0.99841 -174.721 -0.0906103 0.99479 0.0466893 5.82457 0.995513 0.0891943 0.0315703 19.7332
0.0281507 0.050393 -0.998332 -175.927 -0.088908 0.994895 0.0477125 5.85753 0.995641 0.0874165 0.0324873 19.7469
0.0288135 0.0485465 -0.998405 -177.15 -0.0893577 0.994944 0.0457995 5.89293 0.995582 0.0878954 0.0330059 19.7739
0.030056 0.0468106 -0.998451 -178.322 -0.0891944 0.995042 0.0439658 5.92963 0.99556 0.0877348 0.0340823 19.8101
0.0310803 0.0485122 -0.998338 -179.508 -0.0905833 0.994846 0.0455226 5.9622 0.995403 0.0890179 0.0353146 19.851
0.0319825 0.0504273 -0.998215 -180.647 -0.0909244 0.99473 0.0473381 5.98898 0.995344 0.0892481 0.0363991 19.883
0.0319334 0.0518541 -0.998143 -181.788 -0.0910839 0.994647 0.0487585 6.01478 0.995331 0.0893577 0.0364856 19.9289
0.0325408 0.0532058 -0.998052 -182.858 -0.0909142 0.994598 0.0500575 6.03922 0.995327 0.0891082 0.0372022 19.9459
0.0327747 0.0542359 -0.997989 -183.896 -0.090461 0.994587 0.0510803 6.06397 0.99536 0.0886049 0.0375036 19.955
0.0337081 0.0533813 -0.998004 -184.908 -0.0900628 0.99467 0.0501611 6.09131 0.995365 0.0881922 0.0383362 19.9658
0.0355844 0.0533874 -0.997939 -185.871 -0.0908043 0.994612 0.0499716 6.11779 0.995232 0.0888389 0.0402405 19.9682
0.036643 0.0542121 -0.997856 -186.897 -0.0912149 0.994539 0.0506824 6.14689 0.995156 0.0891622 0.0413879 20.0199
0.0360062 0.0525634 -0.997967 -187.854 -0.0898686 0.994738 0.049151 6.17009 0.995302 0.0879161 0.0405407 20.05
0.0325881 0.0494995 -0.998241 -188.807 -0.0877742 0.995054 0.0464761 6.19203 0.995607 0.0861052 0.0367717 20.0855
0.027151 0.0459835 -0.998572 -189.755 -0.0870922 0.99525 0.0434626 6.21116 0.99583 0.0857878 0.0310269 20.1186
0.0221355 0.043366 -0.998813 -190.7 -0.0883565 0.995233 0.0412524 6.22908 0.995843 0.0873384 0.0258617 20.1395
0.018088 0.0424302 -0.998935 -191.739 -0.09029 0.995085 0.0406318 6.25654 0.995751 0.0894589 0.0218302 20.1716
0.0154363 0.0432533 -0.998944 -192.704 -0.0919521 0.99489 0.0416569 6.27679 0.995643 0.091212 0.0193346 20.1793
0.0134375 0.0452001 -0.998887 -193.653 -0.090524 0.994929 0.0438033 6.2923 0.995803 0.0898346 0.0174611 20.1942
0.0114859 0.0468818 -0.998834 -194.581 -0.0873943 0.995123 0.0457027 6.30839 0.996107 0.0867674 0.0155271 20.2049
0.00962001 0.0471416 -0.998841 -195.54 -0.085767 0.995244 0.0461458 6.33422 0.996268 0.0852236 0.0136175 20.2214
0.00891105 0.0459609 -0.998903 -196.445 -0.0862527 0.995254 0.0450237 6.35988 0.996233 0.0857567 0.012833 20.2138
0.00734869 0.0446869 -0.998973 -197.348 -0.0878437 0.995166 0.0438704 6.38595 0.996107 0.0874311 0.0112386 20.2271
0.00652518 0.043815 -0.999017 -198.251 -0.0909812 0.99492 0.0430411 6.41296 0.995831 0.0906109 0.0104784 20.2381
0.00710392 0.0421632 -0.999085 -199.209 -0.0933926 0.99477 0.0413172 6.43591 0.995604 0.0930135 0.0110045 20.2429
0.00763759 0.0398644 -0.999175 -200.119 -0.0933374 0.994869 0.0389792 6.45378 0.995605 0.0929626 0.0113193 20.2452
0.00802855 0.0375103 -0.999263 -201.02 -0.0930845 0.994983 0.0366018 6.46765 0.995625 0.092722 0.0114799 20.2445
0.00967009 0.0372404 -0.999259 -201.988 -0.0933799 0.994971 0.036177 6.48588 0.995583 0.0929608 0.013099 20.2346
0.0100424 0.0402483 -0.999138 -202.929 -0.0905616 0.995118 0.0391762 6.49703 0.99584 0.0900901 0.0136383 20.247
0.0101597 0.0419574 -0.999067 -203.877 -0.0896647 0.995131 0.0408803 6.50531 0.99592 0.0891656 0.0138724 20.2516
0.0115922 0.039092 -0.999167 -204.857 -0.0847544 0.995676 0.0379722 6.51283 0.996334 0.0842435 0.0148553 20.2589
0.0124779 0.0364609 -0.999256 -205.777 -0.0831236 0.995912 0.035301 6.52207 0.996461 0.0826212 0.0154576 20.2531
0.0139782 0.0384856 -0.99916 -206.727 -0.0859387 0.995606 0.0371465 6.52164 0.996202 0.0853473 0.0172242 20.2396
0.0161512 0.0433215 -0.99893 -207.69 -0.087455 0.995291 0.0417497 6.52203 0.996037 0.086687 0.0198639 20.2414
0.0192132 0.0429185 -0.998893 -208.671 -0.085852 0.995457 0.0411197 6.54234 0.996122 0.0849669 0.0228106 20.2433
0.0222157 0.0443823 -0.998767 -209.65 -0.085409 0.995444 0.0423349 6.56497 0.996098 0.0843631 0.0259052 20.255
0.0245221 0.0493167 -0.998481 -210.635 -0.0859875 0.995183 0.047042 6.59322 0.995994 0.0847032 0.0286447 20.2675
0.0274868 0.0529763 -0.998216 -211.62 -0.0827165 0.995288 0.0505433 6.62673 0.996193 0.0811797 0.0317394 20.2698
0.0275074 0.0525028 -0.998241 -212.591 -0.0812698 0.995429 0.0501155 6.66675 0.996312 0.0797482 0.0316486 20.3247
0.0287422 0.0528526 -0.998187 -213.632 -0.0839317 0.9952 0.0502777 6.71085 0.996056 0.0823345 0.0330403 20.3678
0.0311843 0.0539576 -0.998055 -214.657 -0.085959 0.994985 0.0511059 6.75453 0.99581 0.0841981 0.0356662 20.3997
0.0342097 0.0536989 -0.99797 -215.671 -0.0866033 0.994956 0.0505682 6.7953 0.995655 0.0846975 0.0386877 20.4344
0.0368284 0.0509902 -0.998019 -216.723 -0.0890289 0.994891 0.0475452 6.83709 0.995347 0.0871014 0.04118 20.4748
0.0394607 0.0475528 -0.998088 -217.777 -0.0891974 0.995045 0.0438813 6.87676 0.995231 0.0872952 0.0435068 20.5185
0.0412344 0.0464233 -0.998069 -218.841 -0.0882074 0.995187 0.0426451 6.91565 0.995247 0.0862786 0.0451309 20.5632
0.0429741 0.0480826 -0.997917 -219.892 -0.088016 0.995137 0.0441584 6.95363 0.995191 0.085935 0.0469973 20.6057
0.0438851 0.050898 -0.997738 -220.976 -0.090254 0.994817 0.0467793 6.99624 0.994951 0.0879969 0.0482516 20.6578
0.0446768 0.0504839 -0.997724 -222.061 -0.0899862 0.994863 0.0463097 7.03198 0.99494 0.0877124 0.0489903 20.7134
0.0446961 0.0474166 -0.997873 -223.147 -0.0880804 0.995168 0.0433428 7.068 0.995109 0.0859558 0.0486567 20.7791
0.0444924 0.0442491 -0.998028 -224.226 -0.0851233 0.995551 0.0403445 7.09955 0.995376 0.0831603 0.0480612 20.8321
0.0442553 0.0430502 -0.998091 -225.324 -0.0838889 0.9957 0.0392275 7.13168 0.995491 0.0819927 0.0476766 20.882
0.0438643 0.0421203 -0.998148 -226.451 -0.0837713 0.995745 0.0383376 7.16246 0.995518 0.0819345 0.0472063 20.9396
0.0436087 0.0419945 -0.998164 -227.58 -0.0838166 0.995745 0.0382309 7.19342 0.995526 0.0819955 0.0469431 20.9957
0.0431664 0.0428102 -0.998149 -228.693 -0.0858711 0.995541 0.0389848 7.22341 0.99537 0.0840293 0.0466502 21.0385
0.0428669 0.0451555 -0.998059 -229.839 -0.0865285 0.99539 0.0413184 7.2561 0.995326 0.0845893 0.0465766 21.0784
0.0412874 0.0470523 -0.998038 -231.053 -0.0867739 0.995283 0.0433328 7.28666 0.995371 0.0848144 0.0451757 21.154
0.0419535 0.0490294 -0.997915 -232.158 -0.0880814 0.995085 0.0451874 7.32188 0.995229 0.0860019 0.046066 21.1473
0.0421683 0.0499648 -0.997859 -233.317 -0.0895952 0.994912 0.0460311 7.36932 0.995084 0.0874623 0.0464304 21.1609
0.0417788 0.0487182 -0.997937 -234.476 -0.0915623 0.994792 0.0447315 7.41303 0.994922 0.0895045 0.0460221 21.1801
0.0414788 0.0441112 -0.998164 -235.608 -0.0895641 0.995165 0.0402569 7.44971 0.995116 0.0877298 0.0452291 21.1892
0.0398236 0.0379693 -0.998484 -236.813 -0.0860195 0.995696 0.0344325 7.4804 0.995496 0.0845178 0.0429184 21.2525
0.0390948 0.0339644 -0.998657 -237.946 -0.0806941 0.996263 0.0307241 7.49431 0.995971 0.0793845 0.0416895 21.2602
0.0379629 0.0341863 -0.998693 -239.151 -0.074232 0.996747 0.031298 7.51546 0.996517 0.0729467 0.0403772 21.2848
0.0375499 0.0382835 -0.99856 -240.32 -0.0694934 0.996944 0.0356084 7.53323 0.996875 0.0680561 0.0400958 21.2831
0.0351171 0.0409863 -0.998541 -241.539 -0.0676054 0.996965 0.0385441 7.5553 0.997093 0.0661532 0.0377815 21.3295
0.0332992 0.0404904 -0.998624 -242.749 -0.0652224 0.997135 0.0382553 7.57913 0.997314 0.0638587 0.0358448 21.3574
0.034138 0.0410343 -0.998573 -243.989 -0.0654534 0.997101 0.0387363 7.61777 0.997271 0.0640375 0.0367249 21.3355
0.0327063 0.0424381 -0.998562 -245.226 -0.0649151 0.997076 0.0402488 7.6501 0.997354 0.0635053 0.0353656 21.3584
0.0292881 0.0417887 -0.998696 -246.422 -0.0642821 0.997134 0.0398382 7.68152 0.997501 0.0630313 0.0318905 21.4126
0.0286446 0.0402904 -0.998776 -247.691 -0.064251 0.997193 0.0383838 7.71766 0.997522 0.0630727 0.031153 21.4183
0.0255887 0.0399766 -0.998872 -248.94 -0.0632193 0.997262 0.0382927 7.75099 0.997671 0.062168 0.0280461 21.4602
0.0221284 0.0406366 -0.998928 -250.187 -0.0632829 0.997224 0.0391655 7.78279 0.997749 0.0623482 0.0246386 21.5002
0.0178793 0.0401972 -0.99903 -251.443 -0.0632845 0.997231 0.0389922 7.82463 0.997834 0.0625258 0.0203737 21.5537
0.0143856 0.0412564 -0.999044 -252.727 -0.0637732 0.99715 0.04026 7.8578 0.99786 0.0631329 0.0169757 21.5825
0.010984 0.0430016 -0.999013 -254.021 -0.0652535 0.996974 0.0421964 7.89259 0.997807 0.0647255 0.0137568 21.6059
0.00992113 0.0439479 -0.998983 -255.278 -0.0669569 0.996818 0.0431878 7.92108 0.997705 0.0664602 0.0128322 21.6034
0.00868808 0.0441298 -0.998987 -256.575 -0.0696686 0.996622 0.0434196 7.95696 0.997531 0.0692207 0.0117332 21.6113
0.00797345 0.0439825 -0.998999 -257.85 -0.0706307 0.996559 0.0433114 7.98882 0.997469 0.0702145 0.0110526 21.6269
0.00792601 0.0429342 -0.999045 -259.148 -0.0705238 0.996612 0.0422701 8.02015 0.997477 0.0701213 0.0109271 21.6367
0.00974988 0.0423579 -0.999054 -260.359 -0.0691573 0.996736 0.0415848 8.03554 0.997557 0.0686863 0.0126475 21.598
0.0107891 0.0427172 -0.999028 -261.62 -0.0684294 0.996774 0.0418819 8.05218 0.997596 0.0679109 0.0136774 21.5783
0.0104891 0.0434105 -0.999001 -262.892 -0.0678609 0.996782 0.0426017 8.07893 0.997638 0.0673462 0.0134012 21.5883
0.0112923 0.0434742 -0.998989 -264.193 -0.0665117 0.996872 0.0426303 8.10929 0.997721 0.065963 0.0141486 21.5839
0.0112434 0.0442642 -0.998955 -265.43 -0.0655184 0.996903 0.0434359 8.1371 0.997787 0.0649614 0.0141088 21.5912
0.0135822 0.045309 -0.998879 -266.698 -0.0628113 0.997036 0.0443714 8.16788 0.997932 0.0621381 0.0163879 21.5564
0.013438 0.0475676 -0.998776 -267.976 -0.0585583 0.997188 0.0467042 8.19998 0.998192 0.0578589 0.0161858 21.5689
0.0127498 0.0505595 -0.998638 -269.22 -0.0547538 0.997255 0.0497905 8.23854 0.998417 0.0540443 0.0154832 21.5942
0.012278 0.0526123 -0.998538 -270.494 -0.0524497 0.997271 0.0519008 8.28128 0.998547 0.0517356 0.0150041 21.6132
0.0115377 0.0511026 -0.998625 -271.755 -0.0519646 0.997372 0.0504381 8.32094 0.998581 0.0513111 0.014163 21.6399
0.0116758 0.0496556 -0.998697 -272.993 -0.0544155 0.997315 0.0489509 8.36079 0.998449 0.0537729 0.0143465 21.6441
0.0107138 0.0528457 -0.998544 -274.264 -0.0594985 0.996864 0.0521185 8.40864 0.99817 0.0588533 0.0138244 21.6549
0.0100821 0.0588278 -0.998216 -275.506 -0.0645311 0.996223 0.0580587 8.45406 0.997863 0.0638305 0.0138403 21.6689
0.010349 0.0583575 -0.998241 -276.761 -0.0688228 0.995967 0.0575112 8.50567 0.997574 0.0681064 0.0143237 21.6698
0.0106403 0.0516322 -0.998608 -278.01 -0.0686326 0.996346 0.0507841 8.54937 0.997584 0.0679967 0.0141451 21.674
0.00976076 0.0460717 -0.998889 -279.254 -0.0654506 0.996823 0.0453369 8.58611 0.997807 0.0649352 0.0127452 21.6907
0.00930969 0.0450259 -0.998941 -280.513 -0.0591723 0.997258 0.0443986 8.62165 0.998203 0.0586961 0.0119485 21.7122
0.0107941 0.0463938 -0.998864 -281.752 -0.0558659 0.997388 0.0457217 8.65908 0.998379 0.0553087 0.0133578 21.7171
0.0123318 0.0481896 -0.998761 -282.992 -0.0554797 0.99733 0.0474356 8.69798 0.998382 0.0548259 0.0149725 21.7243
0.0140661 0.0508936 -0.998604 -284.221 -0.0576127 0.997083 0.0500047 8.72705 0.998239 0.0568287 0.0169572 21.7151
0.0161644 0.0528287 -0.998471 -285.43 -0.059365 0.99689 0.051784 8.75621 0.998104 0.0584371 0.0192504 21.687
0.0176638 0.0545303 -0.998354 -286.706 -0.0608081 0.996719 0.0533652 8.79395 0.997992 0.0597653 0.0209218 21.6932
0.0193553 0.0539893 -0.998352 -287.943 -0.060086 0.996796 0.0527403 8.83382 0.998004 0.0589661 0.0225374 21.6842
0.0208671 0.0528532 -0.998383 -289.176 -0.0606683 0.996826 0.0515028 8.86835 0.997939 0.0594954 0.0240075 21.6706
0.0217827 0.0521728 -0.998399 -290.415 -0.0602159 0.99689 0.0507802 8.89901 0.997946 0.0590133 0.0248567 21.6615
0.0228532 0.0524775 -0.998359 -291.636 -0.0607076 0.996849 0.0510085 8.92828 0.997893 0.0594422 0.025967 21.6495
0.0245734 0.0527841 -0.998302 -292.869 -0.0609683 0.996823 0.0512052 8.95987 0.997836 0.0596064 0.0277136 21.6409
0.0259572 0.0530442 -0.998253 -294.111 -0.0630421 0.996688 0.0513218 9.01357 0.997672 0.0615997 0.0292154 21.6361
0.0273095 0.0533274 -0.998202 -295.299 -0.0627261 0.996697 0.0515309 9.0471 0.997656 0.0612059 0.0305644 21.6255
0.0274438 0.0519301 -0.998272 -296.56 -0.0628918 0.996758 0.0501225 9.08915 0.997642 0.0614074 0.0306209 21.6466
0.0265789 0.0497455 -0.998407 -297.811 -0.0633373 0.996836 0.0479812 9.12391 0.997637 0.0619611 0.0296456 21.6802
0.0259153 0.0470204 -0.998556 -299.022 -0.0653785 0.996832 0.0452425 9.16072 0.997523 0.0641115 0.0289074 21.6988
0.0268466 0.0457323 -0.998591 -300.227 -0.0681116 0.996713 0.0438152 9.20296 0.997315 0.0668393 0.0298733 21.6809
0.0275601 0.0460298 -0.998558 -301.466 -0.0719476 0.996437 0.0439463 9.23998 0.997026 0.0706327 0.0307737 21.6755
0.0282323 0.0474667 -0.998472 -302.712 -0.0761994 0.996065 0.0451977 9.27596 0.996691 0.074807 0.0317382 21.6745
0.0284176 0.0486481 -0.99841 -303.956 -0.0803072 0.995695 0.0462301 9.31541 0.996364 0.0788658 0.0322021 21.6767
0.0289759 0.0487044 -0.998391 -305.183 -0.0824302 0.995524 0.0461723 9.35831 0.996174 0.0809598 0.0328611 21.6771
0.0290937 0.0468156 -0.998478 -306.422 -0.0826221 0.995595 0.044273 9.39326 0.996155 0.0812083 0.0328337 21.6859
0.0285447 0.0445294 -0.998599 -307.753 -0.0801198 0.995893 0.0421186 9.43134 0.996375 0.0788053 0.0319952 21.734
0.0274032 0.0439652 -0.998656 -309.031 -0.0774086 0.996123 0.0417297 9.46673 0.996621 0.076161 0.0307003 21.7679
0.0289693 0.0455951 -0.998538 -310.265 -0.0754949 0.996203 0.0432983 9.5102 0.996724 0.0741302 0.0323016 21.7346
0.0287368 0.0468356 -0.998488 -311.587 -0.0740218 0.996256 0.0446006 9.54179 0.996841 0.0726281 0.0320961 21.7587
0.0290777 0.0466077 -0.998488 -312.91 -0.0754344 0.996164 0.0443025 9.57408 0.996725 0.0740321 0.032482 21.7849
0.0315193 0.0452576 -0.998476 -314.149 -0.0772569 0.996093 0.0427108 9.60976 0.996511 0.0757929 0.0348927 21.7625
0.034245 0.0445931 -0.998417 -315.352 -0.0775065 0.996111 0.0418318 9.64561 0.996402 0.0759513 0.0375682 21.7405
0.0362878 0.0439057 -0.998375 -316.602 -0.0761186 0.996251 0.0410457 9.6792 0.996437 0.0745054 0.0394939 21.763
0.0362777 0.0444963 -0.998349 -317.862 -0.073201 0.99644 0.0417514 9.71023 0.996656 0.0715655 0.0394058 21.8163
0.0363121 0.0449312 -0.998328 -319.105 -0.0699182 0.996652 0.0423128 9.74005 0.99689 0.0682648 0.0393321 21.8659
0.0363573 0.0453246 -0.998309 -320.39 -0.0686945 0.996719 0.0427507 9.77019 0.996974 0.067024 0.0393517 21.9186
