1 0 0 0 0 1 0 0 0 0 1 0
0.999862 -0.00561173 0.0156403 -0.225498 0.00576514 0.999936 -0.00978096 0.173304 -0.0155844 0.00986978 0.99983 0.225701
0.999734 -0.00804494 0.0216345 -0.207541 0.00826526 0.999915 -0.0101135 0.169652 -0.0215513 0.0102896 0.999715 0.501393
0.999686 -0.0109175 0.0225372 -0.178207 0.0111816 0.99987 -0.0116268 0.167311 -0.0224073 0.0118751 0.999678 0.801641
0.999713 -0.0122517 0.0205682 -0.178841 0.0125264 0.999833 -0.0132838 0.162268 -0.020402 0.0135377 0.9997 1.12452
0.999799 -0.0142878 0.0140959 -0.181448 0.0144933 0.999789 -0.0145834 0.155658 -0.0138845 0.0147847 0.999794 1.44267
0.999854 -0.0169724 0.00180626 -0.183899 0.0170033 0.999679 -0.0188012 0.179181 -0.00148657 0.0188292 0.999821 1.77037
0.999766 -0.0163027 -0.0142494 -0.214597 0.0160143 0.999669 -0.02013 0.18572 0.0145729 0.0198971 0.999696 2.08502
0.999355 -0.012842 -0.0335406 -0.24979 0.0121098 0.999686 -0.021942 0.194951 0.0338118 0.0215217 0.999196 2.42948
0.998677 -0.00874832 -0.0506638 -0.344475 0.00752641 0.999677 -0.0242588 0.199692 0.0508596 0.0238454 0.998421 2.81361
0.997482 -0.00904699 -0.0703422 -0.393718 0.00724705 0.999641 -0.0258016 0.201337 0.0705504 0.0252269 0.997189 3.17072
0.996165 -0.00948102 -0.0869746 -0.525112 0.00735814 0.999668 -0.0246963 0.1788 0.0871799 0.0239616 0.995904 3.56625
0.994284 -0.0114614 -0.106147 -0.584906 0.00896994 0.999674 -0.0239201 0.164249 0.106386 0.0228312 0.994063 3.9206
0.992634 -0.0102349 -0.120716 -0.698891 0.00757217 0.999718 -0.0224957 0.13308 0.120913 0.0214159 0.992432 4.31328
0.990661 -0.00898881 -0.136055 -0.766068 0.00622923 0.999766 -0.0206951 0.099794 0.136209 0.0196543 0.990485 4.69734
0.988861 -0.00897661 -0.14857 -0.857417 0.00606107 0.99978 -0.0200651 0.0755443 0.148718 0.0189411 0.988698 5.11147
0.987083 -0.0102633 -0.15988 -0.951232 0.00702512 0.999759 -0.0208057 0.0555715 0.160055 0.0194138 0.986917 5.5417
0.985309 -0.0143026 -0.170179 -1.0358 0.010673 0.999696 -0.0222237 0.0317166 0.170445 0.0200809 0.985162 6.01148
0.983732 -0.0131286 -0.179161 -1.1198 0.00901742 0.999677 -0.023742 0.01549 0.179415 0.0217402 0.983533 6.46391
0.982184 -0.0140048 -0.1874 -1.19231 0.00957888 0.999654 -0.0245023 -0.0149842 0.187679 0.0222706 0.981978 6.93456
0.980807 -0.0133351 -0.194524 -1.31815 0.00799407 0.99957 -0.0282161 -0.0192124 0.194817 0.0261195 0.980492 7.4228
0.979228 -0.0134755 -0.202316 -1.39792 0.00763173 0.999532 -0.0296369 -0.0635897 0.202621 0.0274773 0.978872 7.935
0.977345 -0.019424 -0.210758 -1.48186 0.0132444 0.999441 -0.0306931 -0.0849076 0.211236 0.0272064 0.977056 8.44641
0.975535 -0.0203756 -0.218897 -1.59325 0.0136407 0.999387 -0.032235 -0.117877 0.219419 0.0284604 0.975215 8.92978
0.973866 -0.0173177 -0.226463 -1.76996 0.00932656 0.999297 -0.0363092 -0.142476 0.226932 0.0332482 0.973343 9.49277
0.97111 -0.0153479 -0.238137 -1.87015 0.00624985 0.999223 -0.0389134 -0.170273 0.238549 0.0363009 0.970452 10.0503
0.968578 -0.0205933 -0.247855 -2.00384 0.0108048 0.999109 -0.0407886 -0.20209 0.248474 0.0368289 0.967938 10.6173
0.967112 -0.0216358 -0.253429 -2.21583 0.0111772 0.999028 -0.0426359 -0.233164 0.254105 0.0384011 0.966414 11.228
0.964791 -0.0219044 -0.262104 -2.38524 0.0104064 0.998925 -0.0451761 -0.264771 0.262812 0.040858 0.963982 11.8388
0.962329 -0.0225898 -0.270948 -2.5457 0.0099179 0.998796 -0.0480474 -0.300723 0.271707 0.0435502 0.961394 12.4304
0.96007 -0.0234778 -0.278772 -2.72736 0.00906589 0.99856 -0.0528752 -0.336698 0.279612 0.0482366 0.958901 13.0316
0.958856 -0.022918 -0.282966 -2.94177 0.00616537 0.998182 -0.059953 -0.401192 0.283826 0.0557417 0.957254 13.6196
0.957112 -0.0244033 -0.288688 -3.1079 0.00512404 0.997716 -0.0673505 -0.441345 0.289672 0.0629827 0.955051 14.2684
0.955387 -0.0245352 -0.294335 -3.29164 0.00241958 0.99716 -0.0752675 -0.504704 0.295346 0.0711975 0.952734 14.9414
0.953861 -0.025165 -0.299193 -3.49679 2.98124e-05 0.996489 -0.0837193 -0.556846 0.300249 0.0798476 0.950513 15.5963
0.952147 -0.0234434 -0.304741 -3.68094 -0.00485299 0.995768 -0.0917665 -0.603679 0.305603 0.088854 0.948004 16.2419
0.94988 -0.0212575 -0.31189 -3.88034 -0.0101227 0.99507 -0.0986505 -0.663393 0.31245 0.0968634 0.944983 16.9329
0.947978 -0.0203011 -0.317689 -4.0811 -0.0139313 0.994362 -0.105113 -0.721667 0.318032 0.104071 0.942351 17.5815
0.946059 -0.0170632 -0.323545 -4.3226 -0.0199953 0.993634 -0.110869 -0.793744 0.323377 0.111358 0.939695 18.2728
0.943682 -0.0160741 -0.330463 -4.55803 -0.0233128 0.993106 -0.114878 -0.865737 0.330032 0.116113 0.936801 19.0177
0.941389 -0.0150546 -0.336986 -4.76591 -0.0260837 0.992763 -0.117217 -0.932125 0.336313 0.119137 0.934184 19.6962
0.939574 -0.0148328 -0.342025 -5.03948 -0.0268932 0.992775 -0.116932 -1.01979 0.341288 0.119065 0.932387 20.3752
0.937628 -0.0144837 -0.347338 -5.33947 -0.0276001 0.992876 -0.115908 -1.11376 0.346543 0.118265 0.930549 21.0844
0.935342 -0.014923 -0.353431 -5.64494 -0.0274179 0.993046 -0.11449 -1.20995 0.352682 0.116778 0.928428 21.8115
0.933145 -0.013691 -0.359241 -5.99733 -0.0286217 0.993273 -0.112201 -1.2981 0.35836 0.114982 0.926476 22.5235
0.929978 -0.0111341 -0.367446 -6.31801 -0.0305456 0.993744 -0.107421 -1.38967 0.366343 0.111123 0.923821 23.2875
0.927193 -0.00849596 -0.374487 -6.67796 -0.0316253 0.994398 -0.100861 -1.50017 0.373246 0.105361 0.92173 24.0383
0.923815 -0.00227104 -0.382832 -7.01786 -0.0381585 0.994456 -0.0979799 -1.58453 0.380932 0.105124 0.918607 24.7807
0.920394 -0.0024782 -0.390985 -7.37448 -0.0382201 0.994621 -0.0962759 -1.67118 0.389121 0.103555 0.915348 25.5686
0.916481 -0.00235615 -0.400071 -7.71977 -0.0391488 0.994655 -0.0955396 -1.75796 0.398158 0.103223 0.911491 26.3313
0.912433 -0.0025641 -0.409218 -8.0479 -0.0394353 0.994775 -0.0941619 -1.83981 0.407322 0.102054 0.907565 27.0955
0.908943 -0.000880963 -0.416918 -8.41451 -0.0414545 0.994851 -0.0924791 -1.93253 0.414853 0.101341 0.904227 27.8639
0.904868 -0.00289456 -0.425683 -8.77707 -0.0388105 0.995251 -0.0892663 -2.02317 0.42392 0.0972952 0.900459 28.6552
0.900925 -0.00156243 -0.433972 -9.1511 -0.0395571 0.995535 -0.0857048 -2.10553 0.432168 0.0943803 0.896841 29.4475
0.892233 0.00345989 -0.451561 -9.48204 -0.0447339 0.995729 -0.0807597 -2.20937 0.449353 0.0922566 0.888578 30.4008
0.887319 0.00297176 -0.461146 -9.93783 -0.0430033 0.996155 -0.0763258 -2.29571 0.459146 0.0875562 0.884035 31.2883
0.881552 -0.00034618 -0.472087 -10.315 -0.0391322 0.996505 -0.0738043 -2.36833 0.470462 0.0835361 0.878457 32.1356
0.872175 -0.00343554 -0.489182 -10.6773 -0.0365193 0.996728 -0.0721113 -2.43564 0.487829 0.0807583 0.869196 33.0944
0.861834 -0.00407511 -0.507173 -11.0424 -0.0378992 0.996655 -0.0724099 -2.50362 0.505771 0.0816269 0.858797 34.0613
0.850865 -0.00524114 -0.525357 -11.452 -0.0392701 0.996519 -0.0735432 -2.57432 0.523914 0.0832063 0.847697 35.0407
0.839671 -0.00676813 -0.543053 -11.9132 -0.0398786 0.996455 -0.0740795 -2.65917 0.541629 0.0838587 0.836424 36.0209
0.829325 -0.0115566 -0.558647 -12.3914 -0.0362825 0.996562 -0.0744779 -2.72568 0.557588 0.0820355 0.826055 36.9779
0.823433 -0.0164018 -0.567176 -12.9505 -0.0323481 0.996599 -0.0757834 -2.77834 0.56649 0.0807497 0.820102 37.9067
0.820814 -0.0145798 -0.57101 -13.5436 -0.0347487 0.996548 -0.0753958 -2.87741 0.570138 0.0817278 0.817474 38.8113
0.81761 -0.0146488 -0.575585 -13.9487 -0.0330275 0.996837 -0.0722849 -2.98106 0.574824 0.0781111 0.814541 39.6509
0.816995 -0.0155229 -0.576436 -14.553 -0.0318518 0.996897 -0.0719898 -3.06388 0.575764 0.0771759 0.813965 40.5104
0.81703 -0.0176034 -0.576326 -15.1644 -0.030467 0.996819 -0.0736387 -3.14073 0.575789 0.077724 0.813896 41.3398
0.814978 -0.0203109 -0.579135 -15.7802 -0.0279416 0.996846 -0.0742808 -3.21765 0.578817 0.0767192 0.811841 42.2176
0.812934 -0.0209872 -0.581976 -16.3864 -0.0265585 0.996974 -0.0730512 -3.29508 0.581749 0.0748424 0.809918 43.0895
0.809963 -0.02037 -0.586126 -16.982 -0.0248693 0.997305 -0.0690268 -3.38987 0.585952 0.0704858 0.807274 43.9571
0.806078 -0.0204379 -0.591456 -17.5835 -0.0222004 0.997656 -0.0647306 -3.48009 0.591392 0.0653086 0.803735 44.8212
0.800786 -0.0201002 -0.598613 -18.2266 -0.021576 0.99782 -0.0623679 -3.56932 0.598561 0.0628591 0.798607 45.7179
0.795041 -0.0232608 -0.606109 -18.8726 -0.0196387 0.997753 -0.0640514 -3.66393 0.606237 0.0628268 0.792798 46.562
0.787839 -0.0275191 -0.615266 -19.5384 -0.0180963 0.997535 -0.067789 -3.73203 0.615615 0.0645409 0.785399 47.4172
0.778774 -0.0272512 -0.626713 -20.141 -0.0192222 0.99755 -0.0672625 -3.81126 0.62701 0.0644291 0.776342 48.2894
0.772811 -0.0238252 -0.634189 -20.8301 -0.0196408 0.997918 -0.0614238 -3.90433 0.634332 0.059925 0.770735 49.101
0.766509 -0.0181237 -0.641977 -21.5615 -0.0236511 0.998127 -0.0564172 -3.99143 0.641797 0.0584278 0.764645 49.9634
0.760543 -0.0170654 -0.649063 -22.1848 -0.0260878 0.998044 -0.0568094 -4.08108 0.648763 0.0601386 0.758611 50.7653
0.756283 -0.0213534 -0.653896 -22.8781 -0.0247696 0.997816 -0.0612324 -4.16092 0.653775 0.0625058 0.754103 51.5705
0.753178 -0.0222042 -0.657442 -23.6628 -0.0281338 0.997428 -0.0659173 -4.27054 0.657215 0.0681438 0.750616 52.4245
0.75022 -0.0228435 -0.660793 -24.3539 -0.0275027 0.99746 -0.0657067 -4.37136 0.660616 0.0674681 0.747686 53.1235
0.745671 -0.0218239 -0.665957 -25.0497 -0.0254882 0.997798 -0.0612377 -4.47065 0.665827 0.0626373 0.743472 53.9175
0.746601 -0.0184669 -0.665015 -25.8707 -0.0265106 0.997995 -0.0574765 -4.51874 0.664743 0.060542 0.744615 54.6424
0.743273 -0.0158819 -0.668799 -26.596 -0.0266488 0.998222 -0.0533209 -4.61679 0.668457 0.0574547 0.741528 55.4191
0.738478 -0.0149033 -0.674112 -27.285 -0.0283294 0.998187 -0.0531023 -4.70563 0.673682 0.0583121 0.736717 56.2322
0.735079 -0.0152131 -0.677811 -28.0284 -0.0293084 0.998101 -0.0541865 -4.77659 0.677348 0.0596969 0.733237 57.0009
0.731437 -0.0167954 -0.681702 -28.7535 -0.0295536 0.997976 -0.0562974 -4.8585 0.681268 0.0613248 0.729461 57.7424
0.726992 -0.0190078 -0.686383 -29.4868 -0.0268352 0.998067 -0.0560621 -4.94576 0.686121 0.059176 0.725077 58.5071
0.722398 -0.0180903 -0.691241 -30.2615 -0.0285864 0.998022 -0.0559939 -5.01107 0.690886 0.06021 0.720452 59.2781
0.716725 -0.0179179 -0.697126 -31.0275 -0.0287711 0.998059 -0.0552327 -5.0822 0.696762 0.0596437 0.714818 60.0657
0.709891 -0.0204729 -0.704014 -31.7838 -0.0270583 0.998047 -0.0563076 -5.15695 0.703792 0.0590217 0.70795 60.8549
0.703 -0.0224117 -0.710836 -32.5566 -0.0255371 0.998063 -0.0567232 -5.2364 0.710731 0.0580291 0.701067 61.6441
0.697274 -0.0236379 -0.716414 -33.3466 -0.025775 0.997983 -0.0580146 -5.29991 0.71634 0.0589177 0.695259 62.3716
0.692791 -0.0238249 -0.720744 -34.245 -0.0270292 0.997894 -0.0589673 -5.38572 0.720631 0.0603332 0.690689 63.1128
0.685139 -0.0257833 -0.727956 -35.0132 -0.0259633 0.997874 -0.0597796 -5.46217 0.727949 0.0598575 0.683013 63.8681
0.67814 -0.0267863 -0.734445 -35.8375 -0.0251234 0.997906 -0.0595926 -5.53927 0.734503 0.0588639 0.676047 64.6323
0.670939 -0.0273947 -0.741007 -36.6948 -0.0229813 0.998069 -0.0577065 -5.6162 0.741156 0.0557469 0.669014 65.4003
0.663416 -0.0278872 -0.747731 -37.5126 -0.0215431 0.998179 -0.0563418 -5.69959 0.74794 0.0534865 0.661608 66.1466
0.656554 -0.0303294 -0.753669 -38.3709 -0.0180586 0.998273 -0.0559045 -5.78743 0.754062 0.0503146 0.654873 66.8739
0.649714 -0.032525 -0.759483 -39.2267 -0.0165181 0.998244 -0.0568808 -5.87756 0.759999 0.0495015 0.648037 67.5944
0.643121 -0.0316616 -0.76511 -40.1318 -0.0185434 0.998208 -0.0568945 -5.95773 0.765539 0.0507778 0.641382 68.3233
0.636036 -0.0303049 -0.771064 -40.9312 -0.0195109 0.998277 -0.0553291 -6.04378 0.771412 0.0502355 0.63435 69.0469
0.631697 -0.0294947 -0.774654 -41.8034 -0.021131 0.998249 -0.0552395 -6.12255 0.774927 0.0512639 0.629969 69.7212
0.625688 -0.0322725 -0.779405 -42.6628 -0.0191019 0.99821 -0.056667 -6.18166 0.779839 0.050344 0.623953 70.4363
0.620368 -0.0345299 -0.783551 -43.5715 -0.0193217 0.998054 -0.0592805 -6.26347 0.784073 0.0519153 0.618494 71.139
0.614964 -0.0372275 -0.787676 -44.5104 -0.0188872 0.997903 -0.0619093 -6.33998 0.788329 0.052949 0.612972 71.8543
0.60909 -0.0374863 -0.792215 -45.3826 -0.0193945 0.99788 -0.0621294 -6.43658 0.792864 0.053207 0.607072 72.5556
0.605253 -0.0370488 -0.79517 -46.3361 -0.01852 0.99799 -0.0605954 -6.5187 0.795817 0.0514022 0.603351 73.2337
0.599449 -0.0377509 -0.799522 -47.2338 -0.0167261 0.998078 -0.0596667 -6.59292 0.800238 0.0491401 0.597666 73.9281
0.593836 -0.0387727 -0.803651 -48.1567 -0.0166637 0.998031 -0.060464 -6.67092 0.804413 0.0492975 0.592022 74.622
0.588274 -0.0405623 -0.807644 -49.0685 -0.014564 0.998048 -0.0607332 -6.74955 0.80853 0.0474903 0.586535 75.3113
0.583247 -0.041588 -0.81123 -50.0308 -0.0131621 0.998073 -0.0606298 -6.83201 0.812188 0.0460396 0.581576 76.0015
0.57904 -0.0427168 -0.814179 -51.0287 -0.0113419 0.998108 -0.0604332 -6.91913 0.81522 0.0442276 0.577461 76.6849
0.57412 -0.045623 -0.817499 -52.0301 -0.00799922 0.998086 -0.061319 -7.00915 0.818732 0.0417439 0.572657 77.3898
0.568957 -0.0505375 -0.820813 -53.0136 -0.00464285 0.997896 -0.0646588 -7.10312 0.822354 0.040599 0.567526 78.0819
0.563662 -0.0542747 -0.82422 -54.031 -0.000457514 0.997818 -0.066019 -7.1951 0.826005 0.0375896 0.562408 78.7676
0.556496 -0.057335 -0.828869 -55.0067 0.00511028 0.997833 -0.0655916 -7.29809 0.830834 0.0322658 0.555584 79.4268
0.547553 -0.0621194 -0.834462 -56.0258 0.0095957 0.997641 -0.0679705 -7.34923 0.836716 0.0292103 0.546858 80.0978
0.53877 -0.0619448 -0.840172 -57.0284 0.0120838 0.997759 -0.0658146 -7.45625 0.842366 0.0253065 0.538312 80.7248
0.529112 -0.0607083 -0.846377 -58.1288 0.0126265 0.99789 -0.0636824 -7.54261 0.848458 0.0230084 0.528763 81.394
0.519739 -0.0600239 -0.852214 -59.1651 0.0118209 0.997938 -0.0630785 -7.63925 0.854243 0.0227105 0.519378 82.0191
0.509746 -0.0611612 -0.858148 -60.2526 0.0106647 0.997842 -0.0647825 -7.73409 0.860259 0.0238707 0.509298 82.6428
0.498981 -0.0630864 -0.864313 -61.3049 0.0111022 0.99773 -0.066415 -7.83277 0.866542 0.0235441 0.498549 83.2616
0.488227 -0.0643417 -0.870342 -62.3814 0.0113276 0.997662 -0.0673998 -7.9331 0.872643 0.0230475 0.487814 83.8737
0.477484 -0.0647809 -0.876249 -63.458 0.0145439 0.997724 -0.0658364 -8.03095 0.87852 0.0186918 0.47734 84.4726
0.466592 -0.064584 -0.882111 -64.5312 0.0158788 0.997781 -0.0646537 -8.12618 0.88433 0.0161601 0.466583 85.0607
0.455436 -0.0650285 -0.88789 -65.6099 0.0151207 0.99775 -0.0653186 -8.223 0.89014 0.0163229 0.455395 85.6348
0.445055 -0.0659838 -0.893068 -66.7375 0.0142309 0.997677 -0.0666209 -8.32166 0.89539 0.0169408 0.444961 86.1868
0.434907 -0.0667022 -0.898001 -67.8807 0.0132572 0.997619 -0.0676811 -8.42105 0.900378 0.01753 0.434756 86.724
0.424871 -0.0679192 -0.902702 -69.0427 0.0128075 0.997532 -0.0690262 -8.52162 0.905163 0.0177659 0.424693 87.2544
0.413675 -0.0675163 -0.907917 -70.142 0.0114621 0.997553 -0.0689595 -8.62219 0.910352 0.0181202 0.413437 87.8085
0.404197 -0.0658352 -0.912299 -71.3242 0.010847 0.997681 -0.0671909 -8.71458 0.914607 0.0172626 0.403974 88.3184
0.395792 -0.0648788 -0.916045 -72.4919 0.012685 0.997792 -0.0651877 -8.8061 0.918252 0.0141808 0.395742 88.8242
0.387174 -0.0656309 -0.919667 -73.6601 0.0133121 0.997757 -0.0655994 -8.89842 0.92191 0.0131557 0.38718 89.3283
0.378581 -0.0690655 -0.922987 -74.8399 0.0158409 0.997549 -0.0681474 -8.99514 0.925432 0.0111784 0.378748 89.8245
0.370698 -0.0724113 -0.925926 -76.0048 0.0187217 0.997336 -0.0705005 -9.1001 0.928564 0.00879956 0.371067 90.3042
0.363383 -0.075237 -0.928596 -77.1877 0.0195727 0.99713 -0.0731305 -9.19809 0.931434 0.00839929 0.363814 90.7859
0.357232 -0.0785578 -0.930706 -78.3687 0.0211217 0.996881 -0.0760363 -9.30898 0.933777 0.0075045 0.357777 91.2547
0.354313 -0.0799791 -0.9317 -79.6025 0.0219448 0.996772 -0.0772198 -9.39811 0.934869 0.00691407 0.354925 91.6649
0.348832 -0.0780262 -0.933931 -80.7793 0.0253878 0.996949 -0.0738085 -9.50135 0.936841 0.00203638 0.349749 92.1305
0.343665 -0.0759278 -0.936017 -81.9189 0.0297653 0.997106 -0.0699546 -9.61624 0.93862 -0.00381987 0.344931 92.6085
0.340269 -0.0755976 -0.937284 -83.1067 0.0314077 0.99712 -0.0690216 -9.71945 0.939803 -0.00595205 0.341664 93.0284
0.337342 -0.0750224 -0.938388 -84.2853 0.0353194 0.997126 -0.0670214 -9.84931 0.940719 -0.0105342 0.339022 93.4577
0.335041 -0.0736517 -0.93932 -85.4514 0.0362269 0.997209 -0.0652692 -9.95139 0.941507 -0.0121608 0.336774 93.8733
0.332409 -0.0737833 -0.940244 -86.6004 0.0384397 0.997166 -0.0646603 -10.0295 0.942351 -0.014649 0.334304 94.2965
0.330306 -0.0757644 -0.940828 -87.7801 0.0422979 0.99696 -0.0654347 -10.1099 0.942925 -0.0181816 0.332507 94.7043
0.327357 -0.0760131 -0.941838 -88.9202 0.0443396 0.996896 -0.0650455 -10.2098 0.94386 -0.0204676 0.329712 95.1312
0.324473 -0.0762513 -0.942816 -90.0587 0.0500739 0.996732 -0.0633787 -10.2962 0.944568 -0.0266458 0.327232 95.5414
0.322438 -0.0768645 -0.943464 -91.2215 0.0533174 0.99659 -0.062971 -10.3655 0.945088 -0.0299989 0.325437 95.9252
0.319891 -0.0788616 -0.944166 -92.3096 0.0578028 0.996297 -0.0636319 -10.4519 0.945689 -0.0342202 0.323266 96.3227
0.317848 -0.0804069 -0.944726 -93.4464 0.0594042 0.996128 -0.0647957 -10.546 0.946279 -0.0355255 0.321394 96.7286
0.316379 -0.0821761 -0.945067 -94.5643 0.0593827 0.996002 -0.0667256 -10.6401 0.946772 -0.03501 0.319994 97.1317
0.314161 -0.0831984 -0.945717 -95.6404 0.0600759 0.995898 -0.0676563 -10.7337 0.947467 -0.0355599 0.317871 97.5512
0.313458 -0.0837244 -0.945904 -96.7404 0.0596316 0.995875 -0.0683865 -10.8264 0.947728 -0.0349695 0.317158 97.9668
0.316233 -0.0830326 -0.945041 -97.8055 0.0564443 0.996044 -0.0686262 -10.9426 0.947001 -0.0316404 0.319669 98.3616
0.32102 -0.0844907 -0.943296 -98.8613 0.056635 0.995942 -0.0699324 -11.0333 0.945378 -0.0309739 0.324503 98.7312
0.327015 -0.084793 -0.941207 -99.948 0.0571839 0.995916 -0.0698537 -11.1386 0.943288 -0.0309787 0.330529 99.1033
0.334044 -0.0840651 -0.938801 -101.032 0.0578642 0.995965 -0.0685947 -11.2426 0.94078 -0.0314093 0.337561 99.4835
0.341022 -0.0853225 -0.936175 -102.071 0.0595805 0.995831 -0.0690561 -11.3159 0.938165 -0.0322282 0.344685 99.8851
0.348684 -0.0864956 -0.93324 -103.091 0.0607187 0.995725 -0.0696007 -11.3914 0.935271 -0.0323965 0.352446 100.293
0.35597 -0.0862752 -0.930506 -104.097 0.0606093 0.995764 -0.0691394 -11.4879 0.93253 -0.0317857 0.359692 100.735
0.364769 -0.0856392 -0.927151 -105.111 0.0611818 0.995813 -0.0679107 -11.6182 0.929086 -0.031953 0.368482 101.166
0.375866 -0.0876458 -0.92252 -106.154 0.0583859 0.995778 -0.0708175 -11.6998 0.924833 -0.0272442 0.379397 101.574
0.387019 -0.0886668 -0.917798 -107.152 0.0566447 0.995771 -0.0723137 -11.7925 0.92033 -0.0240016 0.390406 102.017
0.399103 -0.0866565 -0.912802 -108.12 0.0534071 0.99603 -0.0712067 -11.885 0.915349 -0.0203313 0.402148 102.458
0.412735 -0.0842575 -0.906946 -109.07 0.050939 0.996289 -0.0693763 -11.9727 0.909426 -0.0175649 0.415496 102.905
0.432183 -0.0814548 -0.8981 -110.088 0.0465673 0.996599 -0.0679794 -12.0521 0.900583 -0.0124426 0.434507 103.259
0.442279 -0.0802521 -0.89328 -111.035 0.0440193 0.99673 -0.0677514 -12.1519 0.895796 -0.00935646 0.444366 103.785
0.456174 -0.0799904 -0.886288 -112.041 0.0437237 0.996763 -0.0674565 -12.2543 0.888816 -0.0079799 0.458196 104.256
0.469362 -0.0813078 -0.879254 -112.999 0.0444017 0.996664 -0.0684628 -12.3492 0.881888 -0.00690647 0.471408 104.729
0.480406 -0.082101 -0.873195 -113.897 0.04482 0.996605 -0.069046 -12.4508 0.8759 -0.00596638 0.482456 105.246
0.490922 -0.0787646 -0.867636 -114.811 0.0439131 0.996875 -0.0656504 -12.596 0.870096 -0.0058713 0.492847 105.787
0.501524 -0.0750724 -0.86188 -115.687 0.0415914 0.997167 -0.0626546 -12.6964 0.864143 -0.00442397 0.503227 106.319
0.511349 -0.0704019 -0.856484 -116.536 0.039341 0.997511 -0.0585063 -12.793 0.858472 -0.00377778 0.512847 106.841
0.523768 -0.067127 -0.849212 -117.434 0.0368834 0.997742 -0.0561192 -12.899 0.851062 -0.00192839 0.525062 107.345
0.534072 -0.0670775 -0.842774 -118.246 0.0359275 0.997747 -0.0566446 -12.9807 0.844675 -2.65003e-05 0.535279 107.878
0.54348 -0.0666126 -0.836775 -119.07 0.0341328 0.997775 -0.0572603 -13.0585 0.838728 0.00255833 0.544545 108.423
0.554167 -0.0655509 -0.82982 -119.922 0.0333584 0.997842 -0.0565465 -13.142 0.831737 0.00365471 0.555158 108.967
0.56327 -0.0640342 -0.823788 -120.728 0.0346245 0.997945 -0.0538971 -13.2157 0.825547 0.00183537 0.56433 109.534
0.571394 -0.0626661 -0.81828 -121.517 0.036546 0.998033 -0.0509127 -13.2932 0.819861 -0.000813619 0.572561 110.125
0.579898 -0.0621879 -0.812312 -122.279 0.0381147 0.998061 -0.0491988 -13.3748 0.813797 -0.00243083 0.581144 110.677
0.588314 -0.0606747 -0.806353 -123.071 0.0358961 0.998157 -0.0489176 -13.4409 0.807835 -0.000165955 0.589409 111.25
0.595997 -0.0599383 -0.800746 -123.839 0.0357149 0.998201 -0.0481358 -13.506 0.802191 9.03124e-05 0.597067 111.827
0.603358 -0.0571177 -0.795422 -124.581 0.0358051 0.998365 -0.0445312 -13.5812 0.796666 -0.00161196 0.604417 112.405
0.611326 -0.0536039 -0.789561 -125.316 0.035639 0.998555 -0.0401989 -13.6575 0.790576 -0.00356452 0.612354 112.974
0.618221 -0.0520946 -0.784276 -126.014 0.0352791 0.998634 -0.0385237 -13.7175 0.785212 -0.00385237 0.619215 113.567
0.626319 -0.0521141 -0.777823 -126.705 0.0351101 0.998635 -0.0386372 -13.7592 0.778775 -0.00311022 0.627295 114.136
0.635276 -0.049945 -0.770669 -127.389 0.0334114 0.998749 -0.0371848 -13.8066 0.771562 -0.00212652 0.63615 114.683
0.645466 -0.0474198 -0.762316 -128.088 0.0340514 0.998864 -0.0333025 -13.8623 0.76303 -0.00446226 0.646348 115.265
0.656593 -0.0440074 -0.75296 -128.748 0.0330945 0.999015 -0.0295295 -13.9066 0.753518 -0.00552997 0.657404 115.828
0.668264 -0.0432661 -0.742665 -129.395 0.0321549 0.999053 -0.0292694 -13.9234 0.743228 -0.0043206 0.669024 116.406
0.680248 -0.0435535 -0.731687 -130.036 0.0316338 0.999047 -0.0300583 -13.9567 0.732299 -0.00269897 0.680978 116.981
0.691715 -0.0450136 -0.720767 -130.639 0.0321127 0.998985 -0.0315707 -13.9915 0.721456 -0.00130785 0.692459 117.563
0.703557 -0.043906 -0.709282 -131.233 0.0315153 0.999034 -0.0305816 -14.0244 0.70994 -0.00083736 0.704262 118.162
0.715514 -0.0415826 -0.69736 -131.815 0.030555 0.999134 -0.0282266 -14.0688 0.69793 -0.00111128 0.716166 118.758
0.72746 -0.038742 -0.685056 -132.362 0.0297319 0.999246 -0.0249382 -14.1083 0.685505 -0.00222646 0.728064 119.354
0.739048 -0.0375171 -0.672607 -133.022 0.0305007 0.999287 -0.0222253 -14.1475 0.672962 -0.0040894 0.739666 120.032
0.749632 -0.0363245 -0.660857 -133.61 0.0315771 0.999318 -0.0191093 -14.1754 0.661101 -0.00654301 0.750269 120.708
0.75919 -0.0353768 -0.649907 -134.195 0.032109 0.999341 -0.0168896 -14.2042 0.650077 -0.00804547 0.759826 121.382
0.767787 -0.0357147 -0.639709 -134.648 0.0336067 0.999315 -0.0154563 -14.2222 0.639823 -0.00963136 0.768462 121.959
0.775863 -0.0360602 -0.62987 -135.223 0.0346006 0.999294 -0.0145896 -14.251 0.629952 -0.0104743 0.776564 122.647
0.783788 -0.0352454 -0.620028 -135.755 0.033438 0.999334 -0.0145376 -14.2726 0.620128 -0.0093381 0.784445 123.317
0.792043 -0.0339891 -0.609518 -136.299 0.032696 0.999377 -0.0132421 -14.2977 0.609589 -0.00944052 0.792662 124.001
0.799224 -0.0338391 -0.60008 -136.814 0.0329957 0.999378 -0.0124103 -14.3193 0.600127 -0.00988148 0.799844 124.713
0.805867 -0.0349249 -0.591065 -137.306 0.0344785 0.999332 -0.0120402 -14.3423 0.591091 -0.0106762 0.806534 125.415
0.811622 -0.037223 -0.582995 -137.794 0.036659 0.999246 -0.0127646 -14.3599 0.583031 -0.011012 0.812375 126.133
0.816795 -0.0383413 -0.575652 -138.29 0.03786 0.9992 -0.0128321 -14.3727 0.575683 -0.011313 0.817594 126.867
0.820217 -0.039399 -0.570694 -138.767 0.0398314 0.999137 -0.0117309 -14.3882 0.570664 -0.0131097 0.821079 127.601
0.824054 -0.0379872 -0.565236 -139.246 0.0406922 0.999141 -0.00782342 -14.4112 0.565047 -0.0165538 0.824893 128.332
0.826931 -0.0330995 -0.561329 -139.692 0.0384926 0.999256 -0.00221652 -14.4565 0.560984 -0.0197741 0.82759 129.1
0.830503 -0.0305798 -0.556174 -140.142 0.0378104 0.999283 0.00151701 -14.4802 0.555729 -0.022289 0.831065 129.859
0.834212 -0.0275542 -0.550754 -140.675 0.0364448 0.999322 0.00520566 -14.5175 0.550237 -0.0244148 0.834651 130.676
0.838556 -0.0251637 -0.544234 -141.235 0.0358521 0.999316 0.00903539 -14.5577 0.543634 -0.0270886 0.838885 131.506
0.842766 -0.0230216 -0.537788 -141.787 0.0357899 0.99927 0.0133092 -14.593 0.537089 -0.0304639 0.842975 132.339
0.847238 -0.0228583 -0.530721 -142.26 0.0373524 0.999164 0.0165946 -14.6123 0.529898 -0.0338832 0.847384 133.116
0.852017 -0.0236263 -0.522981 -142.818 0.0385071 0.999103 0.017598 -14.5987 0.522096 -0.0351323 0.852163 133.973
0.857219 -0.0252029 -0.514335 -143.36 0.0399977 0.999042 0.0177082 -14.5851 0.513396 -0.0357521 0.857407 134.826
0.862546 -0.0277231 -0.505219 -143.87 0.0420347 0.998972 0.0169474 -14.5709 0.50423 -0.0358547 0.862825 135.679
0.869003 -0.0301583 -0.493888 -144.375 0.0436456 0.998922 0.0157976 -14.5536 0.492879 -0.0352842 0.869382 136.506
0.876003 -0.0320239 -0.481241 -144.937 0.0441506 0.998928 0.013894 -14.5402 0.48028 -0.0334183 0.876478 137.395
0.883031 -0.0305714 -0.468319 -145.434 0.0414507 0.999056 0.0129392 -14.5247 0.467481 -0.0308379 0.883465 138.313
0.891071 -0.0282288 -0.452985 -145.907 0.0388786 0.999142 0.0142145 -14.5097 0.452195 -0.0302776 0.891405 139.234
0.900215 -0.0264732 -0.434641 -146.385 0.0377037 0.99914 0.0172348 -14.495 0.433811 -0.0319026 0.900439 140.183
0.907896 -0.0213654 -0.418651 -146.784 0.0328176 0.999257 0.0201727 -14.5095 0.417909 -0.0320538 0.907923 141.182
0.915796 -0.0211729 -0.401086 -147.148 0.0330055 0.999199 0.0226143 -14.5121 0.400286 -0.0339481 0.915761 142.164
0.922886 -0.0230492 -0.384383 -147.515 0.0348442 0.99911 0.0237484 -14.4736 0.383493 -0.0353106 0.922868 143.205
0.935262 -0.0194002 -0.353423 -148.081 0.0300741 0.999241 0.0247342 -14.43 0.352675 -0.0337619 0.935137 144.078
0.94297 -0.0175525 -0.332413 -148.465 0.0287814 0.999168 0.0288856 -14.4032 0.33163 -0.0368056 0.942691 145.144
0.950805 -0.0132706 -0.309507 -148.842 0.0238845 0.999248 0.0305283 -14.3383 0.308869 -0.0364189 0.950407 146.178
0.957912 -0.0102869 -0.286878 -149.172 0.02092 0.999202 0.0340242 -14.3152 0.286298 -0.0385937 0.957363 147.25
0.962917 -0.00915086 -0.269642 -149.413 0.0188477 0.999264 0.0333946 -14.2653 0.269137 -0.0372384 0.962382 148.372
0.967489 -0.00891812 -0.252755 -149.617 0.0176432 0.999323 0.0322742 -14.2552 0.252296 -0.0356845 0.966992 149.504
0.972305 -0.0100663 -0.233498 -149.891 0.0182025 0.999299 0.0327158 -14.2239 0.233005 -0.0360601 0.971807 150.664
0.975723 -0.0150214 -0.218492 -150.054 0.0230292 0.999151 0.0341493 -14.177 0.217793 -0.038352 0.975241 151.784
0.980101 -0.0126589 -0.198095 -150.304 0.020447 0.999094 0.0373184 -14.1661 0.197443 -0.0406263 0.979472 152.981
0.983296 -0.0109144 -0.181685 -150.48 0.0184964 0.999025 0.0400894 -14.1474 0.18107 -0.0427803 0.982539 154.193
0.986282 -0.00919622 -0.164815 -150.62 0.0164012 0.998966 0.0424077 -14.1239 0.164255 -0.0445292 0.985412 155.383
0.989772 -0.00730807 -0.142469 -150.857 0.0136046 0.998971 0.0432711 -14.0768 0.142006 -0.0447669 0.988853 156.644
0.992322 -0.00523796 -0.123568 -151.014 0.0106498 0.99901 0.043176 -14.0303 0.12322 -0.0441606 0.991396 157.902
0.993818 -0.00684991 -0.11081 -151.023 0.011549 0.999058 0.0418197 -13.9771 0.110419 -0.042841 0.992961 159.144
0.994806 -0.0101684 -0.101284 -151.032 0.0142547 0.99911 0.039702 -13.9207 0.10079 -0.0409396 0.994065 160.472
0.996577 -0.00716277 -0.0823585 -151.151 0.0104186 0.999178 0.0391698 -13.8987 0.0820101 -0.0398939 0.995833 161.761
0.997884 -0.00795376 -0.064537 -151.224 0.0104139 0.999228 0.0378721 -13.8593 0.0641858 -0.0384641 0.997196 163.062
0.998842 -0.00986003 -0.0470878 -151.279 0.0115378 0.999303 0.0354906 -13.8179 0.0467049 -0.0359928 0.99826 164.39
0.999541 -0.00918887 -0.0288602 -151.311 0.0100697 0.999483 0.0305231 -13.7919 0.0285646 -0.0307998 0.999117 165.685
0.99994 -0.00651292 -0.00879598 -151.368 0.00672181 0.999691 0.0239217 -13.7731 0.00863728 -0.0239795 0.999675 167.005
0.999949 -0.00564836 0.00838857 -151.367 0.00548347 0.999793 0.0195605 -13.7559 -0.0084975 -0.0195136 0.999774 168.37
0.999659 -0.00323124 0.0259269 -151.337 0.00280338 0.999859 0.0165249 -13.7465 -0.0259769 -0.0164466 0.999527 169.757
0.999134 0.00169517 0.041586 -151.21 -0.002314 0.999887 0.014839 -13.7279 -0.0415563 -0.0149224 0.999025 171.301
0.998194 -0.00158694 0.0600608 -151.152 0.000707239 0.999892 0.0146666 -13.7013 -0.0600778 -0.0145976 0.998087 172.672
0.997077 -0.00239566 0.0763734 -151.016 0.00147997 0.999926 0.012045 -13.6573 -0.0763968 -0.0118968 0.997007 174.017
0.995807 -0.0039801 0.091397 -150.87 0.00349132 0.999978 0.00550801 -13.6284 -0.0914172 -0.00516586 0.995799 175.434
0.994008 -0.00402479 0.10923 -150.746 0.0037613 0.999989 0.00261892 -13.651 -0.109239 -0.00219243 0.994013 176.83
0.992036 1.81726e-05 0.125957 -150.582 -0.000548011 0.999991 0.00417249 -13.68 -0.125956 -0.00420833 0.992027 178.218
0.989832 -0.000586147 0.142238 -150.366 -0.000223923 0.999983 0.00567965 -13.6885 -0.142239 -0.0056538 0.989816 179.662
0.987005 0.00139196 0.160684 -150.203 -0.00221087 0.999985 0.00491824 -13.7339 -0.160675 -0.00520963 0.986994 180.975
0.983925 -0.000728991 0.17858 -149.941 0.000759978 0.999999 -0.000104662 -13.7282 -0.17858 0.00023865 0.983925 182.41
0.981435 -0.0052636 0.191725 -149.738 0.00921084 0.999763 -0.0197022 -13.6119 -0.191576 0.0211023 0.981251 183.552
0.978187 -0.0208234 0.20668 -149.308 0.0277518 0.999144 -0.0306796 -13.6455 -0.205864 0.0357461 0.977927 185.095
0.974199 -0.0237777 0.224434 -148.889 0.0328728 0.998779 -0.0368745 -13.6953 -0.223284 0.0433008 0.973791 186.637
0.969062 -0.0185495 0.246119 -148.515 0.0288074 0.998857 -0.0381433 -13.7646 -0.24513 0.0440533 0.968489 188.098
0.962534 -0.0157072 0.270706 -148.129 0.0270666 0.9989 -0.0382797 -13.8288 -0.269807 0.0441726 0.961901 189.509
0.954993 -0.0119568 0.296389 -147.689 0.0247433 0.998916 -0.0394273 -13.9068 -0.295596 0.0449863 0.954253 190.935
0.946664 -0.0110683 0.322033 -147.196 0.0261218 0.998756 -0.0424613 -13.9419 -0.321163 0.0486086 0.945776 192.327
0.937882 -0.0137758 0.346682 -146.658 0.0319805 0.99839 -0.0468448 -13.9495 -0.345478 0.0550219 0.936812 193.688
0.928238 -0.0134528 0.371744 -146.1 0.0332558 0.998345 -0.0469107 -14.0393 -0.370498 0.055907 0.927149 195.108
0.917944 -0.0126561 0.396509 -145.469 0.0345053 0.99825 -0.0480188 -14.1012 -0.395207 0.0577602 0.916774 196.566
0.907706 -0.0118646 0.419438 -144.81 0.0372887 0.997926 -0.0524681 -14.1515 -0.417946 0.063266 0.906266 197.901
0.89664 -0.0119108 0.4426 -144.165 0.0413584 0.99752 -0.0569413 -14.2217 -0.440824 0.069361 0.894909 199.174
0.885604 -0.0102382 0.464329 -143.454 0.0427807 0.997305 -0.0596045 -14.2941 -0.462468 0.0726503 0.883655 200.523
0.874894 -0.0102158 0.484206 -142.695 0.0456061 0.997072 -0.0613678 -14.3856 -0.482162 0.0757731 0.872799 201.85
0.863991 -0.0101232 0.503406 -141.914 0.0476763 0.99695 -0.0617783 -14.4846 -0.501245 0.0773764 0.861838 203.159
0.853501 -0.0100261 0.520995 -141.105 0.0500774 0.996765 -0.0628555 -14.5846 -0.51868 0.0797373 0.851242 204.447
0.841871 -0.0101695 0.539582 -140.274 0.0534711 0.996474 -0.0646464 -14.6973 -0.537023 0.083276 0.839447 205.777
0.830715 -0.00908025 0.556625 -139.416 0.0556406 0.996214 -0.0667875 -14.8084 -0.553911 0.0864523 0.828075 207.079
0.819444 -0.00701083 0.573117 -138.509 0.0575386 0.99588 -0.0700863 -14.9208 -0.570264 0.0904081 0.816471 208.394
0.807247 -0.00520671 0.590191 -137.642 0.0584829 0.995745 -0.0712067 -15.0181 -0.587309 0.0919975 0.804117 209.634
0.794538 -0.00453078 0.607198 -136.718 0.0596483 0.995718 -0.0706217 -15.1392 -0.604278 0.0923299 0.791405 210.933
0.779507 -0.00206729 0.62639 -135.827 0.0588193 0.995817 -0.0699106 -15.2472 -0.623626 0.0913397 0.776368 212.223
0.766132 -0.000578707 0.642683 -134.824 0.0575734 0.99604 -0.0677354 -15.3569 -0.640099 0.0888957 0.763132 213.444
0.752189 0.00163615 0.658945 -133.795 0.0540603 0.996472 -0.0641843 -15.4895 -0.656726 0.0839015 0.749447 214.641
0.737625 0.00423319 0.675197 -132.8 0.0513625 0.996731 -0.0623604 -15.5928 -0.673254 0.0806784 0.734996 215.78
0.725722 0.00690885 0.687953 -131.723 0.0505035 0.996716 -0.0632857 -15.7076 -0.686131 0.0806719 0.722991 216.859
0.714281 0.00965258 0.699792 -130.644 0.049433 0.996711 -0.0642045 -15.8252 -0.698111 0.0804529 0.711455 217.875
0.699997 0.0112033 0.714058 -129.593 0.0490392 0.996762 -0.0637123 -15.926 -0.71246 0.0796152 0.697181 218.866
0.685815 0.0114718 0.727686 -128.488 0.0468247 0.997108 -0.0598495 -16.0432 -0.726268 0.0751193 0.683294 219.846
0.670411 0.00913149 0.741934 -127.391 0.048417 0.997255 -0.0560234 -16.1464 -0.740409 0.0734809 0.668128 220.783
0.654031 0.00899644 0.756414 -126.299 0.0444788 0.997742 -0.0503251 -16.2873 -0.755158 0.0665586 0.652154 221.718
0.640399 0.00819356 0.767998 -125.143 0.0441319 0.997898 -0.0474458 -16.3928 -0.766773 0.0642775 0.638692 222.598
0.626117 0.00613233 0.779705 -124.038 0.0453882 0.997987 -0.0442965 -16.4998 -0.778407 0.0631242 0.624578 223.458
0.610889 0.00446253 0.791704 -122.93 0.045915 0.998101 -0.0410544 -16.6243 -0.790384 0.0614308 0.609524 224.26
0.596427 0.00653254 0.802641 -121.776 0.0471076 0.997958 -0.0431268 -16.6765 -0.801284 0.0635324 0.594901 225.055
0.581698 0.00602156 0.813383 -120.643 0.0508846 0.997744 -0.0437769 -16.7456 -0.811812 0.0668535 0.580079 225.811
0.567976 0.00650158 0.823019 -119.48 0.0508273 0.997783 -0.0429586 -16.8087 -0.821474 0.0662313 0.566386 226.524
0.554678 0.00538675 0.832048 -118.32 0.0526046 0.997751 -0.0415278 -16.9002 -0.830401 0.0668041 0.553147 227.212
0.535913 0.00964723 0.844218 -117.292 0.0521514 0.997647 -0.0445063 -16.9791 -0.842661 0.0678787 0.534148 227.942
0.520194 0.0172069 0.853875 -116.12 0.049239 0.997529 -0.0500988 -17.1242 -0.852627 0.068105 0.518061 228.624
0.503204 0.0233973 0.863851 -115.04 0.044644 0.997594 -0.0530253 -17.2916 -0.863013 0.0652483 0.500949 229.258
0.486817 0.0288405 0.873028 -113.831 0.0432083 0.997436 -0.057044 -17.3363 -0.872434 0.065492 0.484323 229.923
0.470099 0.031584 0.882048 -112.702 0.0403156 0.997548 -0.0572064 -17.4173 -0.881692 0.0624529 0.467673 230.516
0.452475 0.0334259 0.891151 -111.552 0.0358181 0.997809 -0.0556128 -17.5055 -0.891057 0.0570827 0.450286 231.121
0.434327 0.0353223 0.900062 -110.472 0.0316036 0.998018 -0.0544168 -17.6068 -0.9002 0.0520799 0.432349 231.684
0.417422 0.0345219 0.908057 -109.32 0.0325304 0.99807 -0.0528976 -17.677 -0.90813 0.0516201 0.415493 232.233
0.400221 0.0351418 0.915745 -108.168 0.0312735 0.998158 -0.0519723 -17.7687 -0.915885 0.049439 0.398385 232.742
0.38411 0.0364747 0.922567 -107.011 0.0349427 0.997929 -0.0540025 -17.8038 -0.922626 0.0529798 0.38204 233.209
0.367885 0.0410148 0.928966 -105.837 0.031532 0.997902 -0.0565454 -17.8796 -0.929336 0.0500944 0.36582 233.66
0.351287 0.0428169 0.935288 -104.648 0.0319851 0.997822 -0.0576929 -17.9586 -0.935721 0.0501821 0.349152 234.114
0.335545 0.0408889 0.941136 -103.53 0.0318321 0.997995 -0.0547082 -18.0366 -0.941486 0.0483154 0.333571 234.529
0.324251 0.0370302 0.945246 -102.377 0.035791 0.998038 -0.0513757 -18.0914 -0.945293 0.0504899 0.322289 234.846
0.310608 0.0342025 0.949923 -101.262 0.0382821 0.998091 -0.0484544 -18.1384 -0.949767 0.0514153 0.308706 235.238
0.297144 0.0301937 0.954355 -100.391 0.0383161 0.998317 -0.0435144 -18.2236 -0.954063 0.0494973 0.295487 235.548
0.286412 0.027952 0.957699 -99.2709 0.0363866 0.998536 -0.0400256 -18.371 -0.957415 0.0463112 0.284975 235.906
0.276909 0.0287578 0.960466 -98.2687 0.035113 0.998581 -0.0400222 -18.4858 -0.960254 0.0448073 0.275506 236.254
0.271152 0.0311394 0.962033 -97.136 0.0337392 0.998555 -0.041831 -18.5472 -0.961945 0.0438008 0.26971 236.558
0.264705 0.0349424 0.963696 -96.0565 0.0311854 0.99851 -0.0447705 -18.6415 -0.963825 0.0419042 0.263221 236.884
0.259872 0.0428759 0.964691 -94.965 0.0316058 0.998101 -0.0528748 -18.7245 -0.965125 0.0442305 0.258023 237.174
0.255725 0.0451601 0.965694 -93.8722 0.0290561 0.998098 -0.0543697 -18.8088 -0.966312 0.041963 0.253926 237.459
0.252427 0.0381387 0.966864 -92.8194 0.0297285 0.998445 -0.0471458 -18.8604 -0.967158 0.0406443 0.250901 237.742
0.245726 0.0277292 0.968943 -91.825 0.0308689 0.99886 -0.0364137 -18.9464 -0.968847 0.038858 0.24459 238.102
0.242525 0.0234263 0.969862 -90.7863 0.0315069 0.99899 -0.0320084 -19.0161 -0.969633 0.0383202 0.241542 238.41
0.241009 0.0252169 0.970195 -89.7258 0.0305633 0.998969 -0.0335571 -19.0755 -0.970041 0.03774 0.23999 238.706
0.241886 0.0279848 0.969901 -88.7318 0.0311471 0.998845 -0.0365877 -19.1345 -0.969804 0.0390597 0.240735 238.953
0.243434 0.0304426 0.96944 -87.7014 0.0288744 0.998836 -0.0386163 -19.1943 -0.969487 0.0373925 0.242271 239.221
0.246177 0.0314538 0.968714 -86.6983 0.026989 0.998863 -0.0392912 -19.2548 -0.968848 0.0358172 0.245048 239.479
0.250868 0.0330089 0.967458 -85.6859 0.0272869 0.99878 -0.0411532 -19.3096 -0.967636 0.036723 0.249661 239.723
0.254946 0.0348421 0.966327 -84.6935 0.0261291 0.998737 -0.0429042 -19.3575 -0.966602 0.0361875 0.253713 239.996
0.259078 0.0369204 0.96515 -83.7322 0.022765 0.998758 -0.0443168 -19.4224 -0.965587 0.0334532 0.257916 240.275
0.26507 0.0358188 0.963563 -82.7235 0.022844 0.998796 -0.0434126 -19.4759 -0.963958 0.0335191 0.263933 240.556
0.269682 0.0342097 0.962341 -81.8282 0.0248265 0.998789 -0.0424626 -19.5263 -0.962629 0.035343 0.268507 240.836
0.274477 0.0324949 0.961044 -80.9526 0.0251149 0.998845 -0.0409458 -19.607 -0.961265 0.0353752 0.273344 241.119
0.282893 0.0320189 0.958617 -79.9831 0.0280629 0.998738 -0.0416404 -19.6707 -0.95874 0.0386813 0.281637 241.382
0.289858 0.0326212 0.956514 -78.9968 0.0272784 0.998731 -0.0423272 -19.7196 -0.95668 0.0383611 0.2886 241.69
0.297688 0.0319771 0.954127 -78.0635 0.0267391 0.998767 -0.0418157 -19.7643 -0.954288 0.0379606 0.296466 241.963
0.304771 0.0310307 0.95192 -77.103 0.0268548 0.998791 -0.0411565 -19.805 -0.952046 0.038107 0.303569 242.264
0.311867 0.0297173 0.949661 -76.1467 0.0271614 0.998823 -0.0401754 -19.8563 -0.949737 0.0383235 0.310693 242.57
0.318814 0.0300231 0.947342 -75.2093 0.0275172 0.998783 -0.0409138 -19.9103 -0.947417 0.0391121 0.3176 242.882
0.325559 0.0319747 0.944981 -74.2928 0.0283186 0.998649 -0.0435468 -19.9679 -0.945097 0.0409376 0.324214 243.201
0.331353 0.0325728 0.942944 -73.3866 0.0302961 0.998521 -0.0451387 -20.0212 -0.94302 0.0435244 0.329876 243.531
0.338133 0.0345587 0.940463 -72.4472 0.030024 0.99842 -0.0474831 -20.0681 -0.940618 0.0442921 0.336561 243.871
0.343004 0.0351286 0.938677 -71.5558 0.0286372 0.998444 -0.0478296 -20.1338 -0.938896 0.0432868 0.341465 244.237
0.350775 0.034998 0.935805 -70.6392 0.0294305 0.998395 -0.0483704 -20.1845 -0.935996 0.0445084 0.349182 244.561
0.357908 0.0328922 0.933177 -69.7068 0.0290944 0.998501 -0.0463534 -20.2399 -0.933303 0.0437405 0.356414 244.901
0.364453 0.0311605 0.9307 -68.7948 0.0295173 0.998551 -0.0449908 -20.2981 -0.930753 0.0438688 0.363005 245.26
0.372112 0.0296808 0.927713 -67.914 0.0306673 0.998549 -0.0442479 -20.3631 -0.92768 0.0449156 0.370661 245.598
0.378886 0.029938 0.924959 -67.0281 0.0300915 0.998549 -0.044646 -20.4312 -0.924953 0.0447492 0.377435 245.962
0.386718 0.02963 0.921722 -66.1408 0.0328959 0.998404 -0.0458968 -20.4781 -0.92161 0.04807 0.385126 246.319
0.39358 0.0323712 0.91872 -65.2903 0.0374607 0.997984 -0.0512122 -20.4784 -0.918526 0.054572 0.391574 246.712
0.401994 0.0357553 0.914944 -64.4263 0.0375866 0.99775 -0.0555054 -20.5191 -0.91487 0.0567024 0.399745 247.108
0.411113 0.0373974 0.910817 -63.5426 0.0382815 0.997568 -0.0582383 -20.5659 -0.91078 0.0588099 0.408681 247.504
0.418226 0.037442 0.907571 -62.6635 0.0361346 0.997673 -0.0578106 -20.6267 -0.907623 0.0569726 0.415899 247.909
0.42283 0.0374602 0.905434 -61.7961 0.0334999 0.997816 -0.0569264 -20.6896 -0.905589 0.0544022 0.420652 248.324
0.426758 0.0376363 0.903582 -60.9113 0.0309852 0.997938 -0.0562006 -20.7791 -0.903834 0.0519818 0.424712 248.741
