1 0 0 0 0 1 0 0 0 0 1 0
0.999946 -0.00441114 0.00940012 0.195718 0.00436477 0.999978 0.00494792 -0.0161009 -0.00942174 -0.00490662 0.999944 0.0907416
0.999637 -0.00222035 0.0268406 0.393295 0.00204111 0.999975 0.00670372 -0.0325265 -0.0268549 -0.0066465 0.999617 0.178063
0.998577 -0.00117909 0.0533132 0.470421 0.000680963 0.999956 0.0093607 -0.0416266 -0.0533219 -0.00931108 0.998534 0.27396
0.996155 -0.00199102 0.0875824 0.527215 0.000806164 0.999908 0.0135617 -0.0788902 -0.0876013 -0.013439 0.996065 0.422124
0.992177 -0.00515049 0.124731 0.643345 0.00302179 0.999847 0.0172494 -0.107768 -0.124801 -0.0167376 0.992041 0.599804
0.986679 -0.00821551 0.162472 0.783749 0.00528242 0.999815 0.0184766 -0.123212 -0.162594 -0.0173722 0.98654 0.837508
0.978798 -0.00911241 0.204626 0.934213 0.00498336 0.999774 0.0206849 -0.141597 -0.204768 -0.0192266 0.978622 1.09319
0.968076 -0.00854462 0.250512 1.08743 0.00257363 0.999705 0.024153 -0.142213 -0.250644 -0.0227372 0.967812 1.33924
0.954956 -0.0124241 0.296489 1.25476 0.00315139 0.999491 0.0317324 -0.136222 -0.296732 -0.0293687 0.954509 1.58533
0.938964 -0.020608 0.343397 1.40599 0.00768144 0.999211 0.0389611 -0.119078 -0.34393 -0.0339453 0.938382 1.81556
0.919065 -0.0265284 0.393212 1.66035 0.0103895 0.999016 0.0431159 -0.104946 -0.393969 -0.035541 0.918436 2.12199
0.895738 -0.0277004 0.443719 1.91884 0.00780632 0.998883 0.0465995 -0.081766 -0.444515 -0.0382771 0.894953 2.39193
0.868796 -0.0290144 0.49432 2.13768 0.00476455 0.998726 0.0502469 -0.0429299 -0.495148 -0.041299 0.867827 2.64566
0.838166 -0.0334947 0.544385 2.38395 0.00433215 0.99849 0.0547645 -0.0328518 -0.545398 -0.0435434 0.837046 2.89259
0.80359 -0.0386151 0.59393 2.6716 0.00533066 0.99832 0.0576946 -0.0102607 -0.59516 -0.0431967 0.802446 3.14948
0.767332 -0.0436359 0.639764 2.99756 0.0066271 0.998168 0.0601329 -0.00473433 -0.641216 -0.0419021 0.766216 3.40763
0.728892 -0.0472609 0.682996 3.25875 0.00738983 0.9981 0.0611786 0.00751455 -0.684589 -0.0395454 0.727856 3.59723
0.687817 -0.049403 0.724202 3.5801 0.00694444 0.998084 0.061491 0.0470106 -0.725851 -0.0372653 0.686841 3.84774
0.646066 -0.0494074 0.761681 3.92837 0.00215187 0.998017 0.0629123 0.088563 -0.763279 -0.0390064 0.644891 4.09718
0.60537 -0.0502393 0.794357 4.28222 -0.00147577 0.997934 0.0642392 0.103654 -0.795943 -0.0400607 0.604045 4.31099
0.566415 -0.0515729 0.822505 4.65304 -0.00425373 0.997844 0.0654964 0.117727 -0.824109 -0.0405969 0.564975 4.51092
0.528453 -0.053639 0.847266 5.07361 -0.00596125 0.997743 0.0668836 0.147674 -0.848941 -0.0403956 0.526941 4.7433
0.492627 -0.0534522 0.868598 5.52737 -0.0091557 0.997738 0.0665921 0.169082 -0.870192 -0.0407576 0.491023 4.93562
0.457344 -0.0526601 0.887729 6.03136 -0.0101482 0.997871 0.064422 0.20318 -0.889232 -0.0384719 0.455836 5.14711
0.424843 -0.0513758 0.903808 6.54279 -0.00911712 0.998095 0.061021 0.235274 -0.905221 -0.0341645 0.423566 5.34051
0.396607 -0.0493419 0.916661 7.08567 -0.0072171 0.998356 0.0568619 0.272731 -0.91796 -0.0291675 0.395599 5.52098
0.371472 -0.0476349 0.927221 7.62525 -0.00671525 0.998519 0.053988 0.29668 -0.92842 -0.0262815 0.370602 5.72708
0.352803 -0.0466501 0.934534 8.24745 -0.00554332 0.998635 0.0519426 0.340253 -0.935681 -0.0235059 0.352063 5.9021
0.338328 -0.047284 0.93984 8.8758 -0.00481329 0.998637 0.0519749 0.372619 -0.941016 -0.0221083 0.337639 6.11457
0.327214 -0.0489897 0.94368 9.48041 -0.00276746 0.998601 0.0528005 0.400697 -0.944946 -0.0198887 0.326621 6.31616
0.31707 -0.0506428 0.947049 10.1114 -0.00415042 0.99849 0.0547831 0.429778 -0.948393 -0.0213007 0.316381 6.51427
0.307248 -0.0515327 0.950233 10.8139 -0.00519798 0.998427 0.055827 0.48599 -0.951615 -0.022092 0.306497 6.72294
0.298977 -0.052643 0.952807 11.5441 -0.00568013 0.998361 0.0569422 0.534091 -0.954243 -0.0224365 0.298189 6.91141
0.290664 -0.0537422 0.955315 12.2607 -0.00593061 0.998301 0.0579649 0.58648 -0.956807 -0.0225139 0.289851 7.08932
0.281207 -0.0552843 0.958053 12.9718 -0.00521986 0.998236 0.0591352 0.62295 -0.959633 -0.0216301 0.280423 7.27283
0.271311 -0.0558694 0.960869 13.7495 -0.0053546 0.998211 0.0595526 0.673253 -0.962477 -0.0213023 0.270527 7.48754
0.261641 -0.0578435 0.96343 14.5116 -0.00561098 0.998094 0.0614485 0.725361 -0.965149 -0.0214832 0.260818 7.67684
0.251534 -0.0614105 0.965898 15.3061 -0.00674735 0.997849 0.065199 0.766095 -0.967825 -0.0229171 0.250579 7.86502
0.239973 -0.0652454 0.968584 16.0798 -0.00678473 0.997602 0.0688811 0.804923 -0.970756 -0.0231012 0.238955 8.04787
0.227394 -0.0671511 0.971485 16.8947 -0.0076993 0.997464 0.070749 0.852519 -0.973772 -0.0235676 0.2263 8.23937
0.21361 -0.0673017 0.974598 17.6999 -0.00837282 0.997461 0.0707157 0.898032 -0.976883 -0.0232657 0.212505 8.41557
0.199701 -0.0662891 0.977612 18.5049 -0.00923866 0.997537 0.0695274 0.939533 -0.979813 -0.0229165 0.198597 8.57431
0.18376 -0.0652051 0.980806 19.3196 -0.00992287 0.997623 0.0681822 0.984441 -0.982921 -0.0222616 0.182677 8.71605
0.164596 -0.0639477 0.984286 20.1511 -0.0121881 0.997688 0.0668566 1.01969 -0.986286 -0.0230009 0.163437 8.83654
0.140787 -0.0630271 0.988032 21.0069 -0.015747 0.997703 0.0658878 1.05762 -0.989915 -0.0248346 0.139471 8.9305
0.109902 -0.0626386 0.991966 21.8608 -0.0197092 0.997678 0.0651829 1.09464 -0.993747 -0.0267146 0.108413 9.03312
0.0774661 -0.0625972 0.995028 22.7292 -0.0221457 0.997672 0.0644877 1.1355 -0.996749 -0.0270312 0.0758997 9.07718
0.0446813 -0.0620416 0.997073 23.5907 -0.0239582 0.997716 0.0631553 1.16817 -0.998714 -0.0267099 0.0430931 9.08766
0.012061 -0.0612437 0.99805 24.4561 -0.0245131 0.997804 0.0615248 1.19987 -0.999627 -0.0252073 0.0105334 9.07004
-0.0206213 -0.0588769 0.998052 25.3023 -0.0267619 0.997939 0.0583173 1.23911 -0.999429 -0.0255072 -0.0221543 9.0411
-0.0517638 -0.055785 0.9971 26.1624 -0.0280845 0.998125 0.0543843 1.27379 -0.998264 -0.025188 -0.0532332 8.97402
-0.0845846 -0.0512629 0.995097 27.0169 -0.0254842 0.99846 0.04927 1.30469 -0.99609 -0.0211917 -0.0857606 8.895
-0.115021 -0.0449755 0.992344 27.8727 -0.0184644 0.998899 0.0431324 1.33616 -0.993191 -0.0133619 -0.115724 8.76767
-0.145983 -0.0378598 0.988562 28.7039 -0.0111026 0.999267 0.0366302 1.3665 -0.989225 -0.00562816 -0.146296 8.63322
-0.173957 -0.0332937 0.98419 29.5712 -0.00661599 0.999445 0.0326404 1.37342 -0.984731 -0.000833361 -0.174081 8.46579
-0.202823 -0.0263633 0.97886 30.3581 0.0014632 0.999628 0.0272258 1.39868 -0.979214 0.0069543 -0.202709 8.27237
-0.226647 -0.0165042 0.973837 31.1764 0.00866473 0.999783 0.0189605 1.37974 -0.973938 0.0127354 -0.226454 8.02597
-0.251632 -0.000178244 0.967823 31.9737 0.0151097 0.999877 0.00411263 1.38347 -0.967705 0.0156584 -0.251598 7.77654
-0.274976 0.0184028 0.961275 32.7536 0.0163719 0.999761 -0.0144564 1.39288 -0.961312 0.0117628 -0.275211 7.5307
-0.299336 0.0353562 0.953492 33.5609 0.0181867 0.999343 -0.0313469 1.3849 -0.953974 0.00795768 -0.299782 7.24861
-0.32453 0.0483733 0.944637 34.3462 0.0238697 0.998792 -0.042946 1.37625 -0.945574 0.008611 -0.325292 6.96859
-0.347024 0.0564006 0.936158 35.1176 0.0297311 0.99835 -0.0491265 1.36788 -0.937385 0.0107849 -0.348128 6.64409
-0.369032 0.0601775 0.927466 35.8948 0.0359583 0.998079 -0.0504515 1.3572 -0.928721 0.014732 -0.370487 6.31377
-0.389434 0.0553371 0.91939 36.6461 0.0373537 0.998321 -0.0442656 1.31196 -0.920296 0.0171041 -0.390848 5.98014
-0.407222 0.0527287 0.911806 37.3712 0.0434139 0.998321 -0.0383427 1.25382 -0.912297 0.023971 -0.408827 5.63799
-0.421151 0.0533167 0.905422 38.0928 0.0460396 0.99824 -0.0373674 1.21146 -0.905821 0.0259479 -0.422865 5.28287
-0.432192 0.0572763 0.899961 38.7799 0.0501872 0.997962 -0.0394117 1.16977 -0.900384 0.0281331 -0.434186 4.93906
-0.442386 0.0625737 0.894639 39.4088 0.0529607 0.997644 -0.04359 1.17892 -0.895259 0.0280971 -0.444658 4.62706
-0.453586 0.0664539 0.888731 40.1025 0.0504297 0.997532 -0.0488513 1.19365 -0.889785 0.0226602 -0.455817 4.27837
-0.464705 0.0669032 0.882934 40.7705 0.0499273 0.997535 -0.0493092 1.17905 -0.884057 0.0211683 -0.466899 3.93087
-0.473679 0.0715399 0.877787 41.4768 0.049836 0.997275 -0.0543853 1.21745 -0.879286 0.0179842 -0.475954 3.54611
-0.480735 0.0757244 0.87359 42.1551 0.0533767 0.996943 -0.0570439 1.18472 -0.87524 0.0192064 -0.483307 3.16002
-0.482886 0.0807875 0.871948 42.8154 0.0554587 0.996557 -0.0616196 1.15927 -0.873925 0.0186019 -0.485704 2.78571
-0.482251 0.0860202 0.871799 43.5772 0.053702 0.996198 -0.0685884 1.16726 -0.874386 0.0137406 -0.485037 2.35439
-0.480029 0.0871581 0.872912 44.3445 0.0530215 0.996115 -0.0703022 1.14733 -0.875649 0.012536 -0.482785 1.97612
-0.475282 0.0864112 0.87558 45.1367 0.0493448 0.996217 -0.0715315 1.09193 -0.878449 0.00920775 -0.477748 1.58432
-0.469213 0.0851284 0.878972 45.9431 0.0461174 0.996346 -0.0718777 1.02592 -0.88188 0.00680997 -0.471425 1.18733
-0.462571 0.0853925 0.88246 46.7531 0.0433017 0.996338 -0.073714 0.966409 -0.885524 0.00411405 -0.464575 0.781584
-0.456645 0.0841889 0.885656 47.605 0.039409 0.996449 -0.0744014 0.897628 -0.888776 0.000927799 -0.458342 0.35937
-0.45285 0.0834058 0.887676 48.4657 0.0359207 0.996513 -0.075307 0.831696 -0.890863 -0.00221676 -0.454267 -0.0557581
-0.451189 0.0821087 0.888643 49.3244 0.0316892 0.996604 -0.0759946 0.770471 -0.891866 -0.00612756 -0.452259 -0.486433
-0.450606 0.0806065 0.889076 50.1993 0.0277156 0.996698 -0.0763168 0.700408 -0.892293 -0.00974746 -0.451352 -0.940095
-0.450098 0.0783604 0.889534 51.0801 0.0266519 0.996877 -0.0743308 0.600073 -0.892582 -0.00974824 -0.45078 -1.40108
-0.449191 0.0794831 0.889893 51.9566 0.0278256 0.996796 -0.074986 0.529218 -0.893002 -0.0089212 -0.449964 -1.86175
-0.446542 0.0823507 0.890965 52.8162 0.0365166 0.996603 -0.073813 0.424894 -0.894017 -0.000425533 -0.448032 -2.32716
-0.445857 0.0816543 0.891372 53.7018 0.0342036 0.996657 -0.0741906 0.339004 -0.89445 -0.00259028 -0.44716 -2.78933
-0.443007 0.0813641 0.892818 54.5845 0.0351509 0.996683 -0.0733881 0.243402 -0.895829 -0.00112806 -0.444398 -3.27052
-0.44466 0.0804761 0.892077 55.5219 0.0332459 0.996752 -0.0733475 0.161812 -0.895083 -0.0029568 -0.445891 -3.71786
-0.443371 0.0813112 0.892642 56.4497 0.0339368 0.996685 -0.0739323 0.0813126 -0.895696 -0.002486 -0.44466 -4.19005
-0.442542 0.0796866 0.8932 57.3723 0.0300704 0.996802 -0.0740309 -0.0131575 -0.896244 -0.00590283 -0.443523 -4.65559
-0.44192 0.0801357 0.893467 58.2994 0.0297768 0.996763 -0.0746724 -0.0748223 -0.89656 -0.00639461 -0.442876 -5.10405
-0.44136 0.077832 0.893948 59.1679 0.0303195 0.996955 -0.0718311 -0.173672 -0.896818 -0.00459928 -0.442377 -5.50686
-0.438092 0.0798903 0.895372 60.029 0.0368938 0.996801 -0.0708887 -0.236151 -0.898172 0.00197795 -0.439639 -5.94796
-0.434942 0.0826558 0.896657 60.9506 0.0408482 0.996564 -0.0720512 -0.292886 -0.899532 0.0052888 -0.436823 -6.40529
-0.431265 0.0848745 0.898224 61.8903 0.0440127 0.996359 -0.0730155 -0.36557 -0.901151 0.00804423 -0.43343 -6.87075
-0.429906 0.0836073 0.898994 62.7542 0.0438489 0.996461 -0.071703 -0.48305 -0.901808 0.00859434 -0.432051 -7.30249
-0.431018 0.0847376 0.898355 63.6567 0.0440258 0.996369 -0.0728599 -0.58037 -0.901268 0.00814691 -0.433184 -7.73262
-0.433766 0.0903513 0.896484 64.5455 0.0461575 0.995881 -0.0780355 -0.622587 -0.899842 0.00753031 -0.43615 -8.16426
-0.438166 0.0952541 0.893833 65.4365 0.0458224 0.995443 -0.0836199 -0.64914 -0.897725 0.00431817 -0.440534 -8.60906
-0.445371 0.0937012 0.890429 66.3261 0.0474204 0.995581 -0.081048 -0.750586 -0.894089 0.00612815 -0.447846 -9.03535
-0.452352 0.0922806 0.887052 67.234 0.0478268 0.995711 -0.0791952 -0.824744 -0.890556 0.00660081 -0.454825 -9.48384
-0.458985 0.0947463 0.883377 68.0974 0.0484221 0.995487 -0.0816115 -0.865804 -0.887123 0.00531661 -0.461501 -9.91247
-0.463744 0.0985342 0.880473 68.9681 0.0513595 0.995114 -0.0843128 -0.95851 -0.884479 0.00612113 -0.466539 -10.3748
-0.469152 0.100704 0.877357 69.8485 0.0518281 0.994904 -0.0864819 -1.05332 -0.881595 0.00489861 -0.471981 -10.8485
-0.475805 0.106311 0.873102 70.6826 0.0515954 0.994332 -0.0929552 -1.10222 -0.878036 0.000819467 -0.478593 -11.2675
-0.479233 0.104957 0.871389 71.5859 0.0489381 0.994474 -0.0928686 -1.22198 -0.876322 -0.00186157 -0.481722 -11.7577
-0.481523 0.103674 0.87028 72.4391 0.0497501 0.994611 -0.0909583 -1.33308 -0.87502 -0.000502022 -0.484086 -12.2421
-0.482792 0.101463 0.869837 73.3024 0.0550491 0.994817 -0.0854874 -1.38209 -0.874003 0.00661111 -0.485875 -12.7254
-0.485082 0.0934436 0.869461 74.1483 0.0536803 0.995581 -0.0770492 -1.47209 -0.872819 0.00929773 -0.487955 -13.1942
-0.486354 0.0990909 0.868125 75.001 0.0590489 0.995004 -0.0804921 -1.50324 -0.871764 0.0121142 -0.489775 -13.6774
-0.48726 0.102641 0.867204 75.8318 0.0503361 0.994718 -0.0894503 -1.52917 -0.871805 6.61244e-05 -0.489853 -14.1513
-0.490368 0.106822 0.864944 76.6825 0.0409856 0.994188 -0.0995482 -1.55375 -0.870551 -0.013365 -0.491896 -14.6171
-0.490394 0.110095 0.864518 77.5148 0.0461269 0.993876 -0.100403 -1.67085 -0.870279 -0.00935971 -0.49247 -15.0997
-0.488961 0.111209 0.865187 78.3148 0.0474135 0.993762 -0.100939 -1.76297 -0.871016 -0.0083339 -0.491184 -15.5697
-0.490014 0.107606 0.865047 79.1968 0.0502981 0.994188 -0.0951787 -1.92778 -0.870262 -0.00312869 -0.492579 -16.0414
-0.488695 0.10282 0.866374 79.9977 0.0505677 0.994699 -0.0895257 -2.04607 -0.870988 5.98184e-05 -0.491304 -16.4876
-0.488298 0.0960085 0.86738 80.8736 0.0487059 0.995378 -0.0827572 -2.16848 -0.871317 0.00183634 -0.490717 -16.991
-0.489815 0.0924733 0.866908 81.7245 0.0337334 0.995624 -0.0871437 -2.18215 -0.871173 -0.0134406 -0.490791 -17.435
-0.490136 0.0875954 0.867233 82.5928 0.0240563 0.995917 -0.0869974 -2.26167 -0.871314 -0.0217782 -0.490243 -17.8951
-0.488203 0.0886926 0.868211 83.4154 0.0254317 0.995845 -0.0874306 -2.34171 -0.872359 -0.0206038 -0.488431 -18.3475
-0.483987 0.0932481 0.870092 84.2282 0.029914 0.995487 -0.0900471 -2.43547 -0.874563 -0.0175538 -0.484593 -18.8117
-0.477981 0.0953481 0.873179 85.0491 0.0286111 0.995253 -0.0930163 -2.53102 -0.877904 -0.0194775 -0.478441 -19.2866
-0.468117 0.0974351 0.878278 85.8456 0.0321584 0.995122 -0.0932574 -2.62756 -0.883081 -0.0154114 -0.468967 -19.7417
-0.460021 0.0989478 0.882377 86.6765 0.0335437 0.994998 -0.0940891 -2.72418 -0.887274 -0.0136848 -0.46104 -20.1804
-0.451657 0.096153 0.886995 87.5139 0.0191783 0.994992 -0.0980946 -2.78033 -0.891985 -0.0272941 -0.45124 -20.5975
-0.440189 0.0940856 0.892962 88.3498 0.0123464 0.995035 -0.0987541 -2.86525 -0.89782 -0.0324457 -0.439166 -21.0145
-0.426516 0.089956 0.899996 89.1597 0.00726263 0.99535 -0.096045 -2.95613 -0.904451 -0.0344284 -0.425186 -21.4182
-0.414433 0.0883124 0.905784 89.983 1.40952e-05 0.995281 -0.0970317 -3.04527 -0.910079 -0.0402005 -0.412479 -21.7983
-0.404032 0.0855079 0.910739 90.8278 -0.00629757 0.995337 -0.0962445 -3.13935 -0.914723 -0.0446214 -0.40161 -22.1527
-0.39064 0.0873881 0.916386 91.6673 -0.00442399 0.995293 -0.0967987 -3.24836 -0.920533 -0.0418676 -0.388415 -22.5207
-0.377829 0.0978931 0.920686 92.4887 -0.00462281 0.994182 -0.107605 -3.27583 -0.925864 -0.0449124 -0.375179 -22.8557
-0.36568 0.109881 0.924231 93.3422 -0.00452116 0.992785 -0.11982 -3.34333 -0.930729 -0.0479945 -0.362545 -23.1951
-0.353872 0.115482 0.928137 94.2109 -0.0118752 0.991713 -0.12792 -3.41944 -0.935218 -0.0562892 -0.349568 -23.5187
-0.343437 0.113106 0.93234 95.0779 -0.022706 0.991431 -0.128639 -3.49419 -0.938901 -0.0653492 -0.337926 -23.828
-0.333592 0.109225 0.936368 95.9495 -0.0313201 0.991432 -0.126807 -3.59995 -0.942197 -0.0716289 -0.327314 -24.1093
-0.323689 0.110187 0.939725 96.8104 -0.0381199 0.99087 -0.129315 -3.71883 -0.945395 -0.0776799 -0.316533 -24.3984
-0.317549 0.114789 0.941268 97.6723 -0.0474287 0.98948 -0.136669 -3.83792 -0.947055 -0.0880421 -0.308764 -24.6685
-0.313104 0.120252 0.942075 98.5263 -0.0557829 0.987909 -0.144642 -3.96356 -0.948079 -0.0978398 -0.302611 -24.934
-0.311705 0.122549 0.942243 99.4067 -0.0628767 0.986813 -0.149146 -4.09367 -0.948096 -0.105735 -0.29989 -25.1938
-0.306927 0.120993 0.94401 100.263 -0.0622915 0.987205 -0.146782 -4.27693 -0.949692 -0.103855 -0.295464 -25.4639
-0.306355 0.119393 0.9444 101.131 -0.0696734 0.986629 -0.147333 -4.41676 -0.949364 -0.110936 -0.293941 -25.6797
-0.30183 0.113304 0.946604 102.004 -0.074299 0.987096 -0.141841 -4.58404 -0.950462 -0.113144 -0.289517 -25.9179
-0.294393 0.110683 0.949253 102.848 -0.0749151 0.987541 -0.138381 -4.71555 -0.952743 -0.111852 -0.282434 -26.1979
-0.288996 0.109105 0.951092 103.722 -0.0804701 0.987199 -0.137699 -4.83326 -0.953942 -0.116329 -0.276517 -26.4463
-0.284123 0.108227 0.952659 104.582 -0.0898486 0.98623 -0.138837 -4.96271 -0.954568 -0.125042 -0.270488 -26.6692
-0.281287 0.107334 0.953602 105.45 -0.0963937 0.985538 -0.139362 -5.11067 -0.95477 -0.131122 -0.266873 -26.8484
-0.27648 0.111111 0.954574 106.309 -0.0958316 0.985154 -0.142427 -5.25478 -0.956229 -0.130857 -0.261728 -27.0476
-0.269752 0.114558 0.956091 107.14 -0.0943503 0.984975 -0.144639 -5.39406 -0.958296 -0.129224 -0.254891 -27.2542
-0.262697 0.113192 0.958216 108.012 -0.0960097 0.985099 -0.142689 -5.53061 -0.960089 -0.129482 -0.247915 -27.4805
-0.254745 0.110218 0.960706 108.885 -0.0967808 0.985588 -0.138735 -5.65228 -0.962152 -0.12832 -0.240407 -27.7048
-0.246061 0.105676 0.963476 109.753 -0.101322 0.985787 -0.133999 -5.82976 -0.963944 -0.130593 -0.231857 -27.9282
-0.241404 0.109993 0.964171 110.631 -0.103708 0.984941 -0.138328 -5.95438 -0.964867 -0.133385 -0.226362 -28.1103
-0.235553 0.113071 0.965261 111.487 -0.106479 0.984226 -0.141276 -6.07915 -0.966011 -0.136058 -0.219798 -28.2968
-0.226668 0.113205 0.967371 112.376 -0.108962 0.984039 -0.140687 -6.23374 -0.967857 -0.137296 -0.210715 -28.5117
-0.217392 0.113229 0.969494 113.214 -0.108793 0.984248 -0.139347 -6.36977 -0.970002 -0.135767 -0.20165 -28.7064
-0.209128 0.114239 0.971192 114.088 -0.10242 0.985131 -0.137933 -6.49961 -0.972509 -0.128315 -0.194319 -28.871
-0.201158 0.115162 0.972765 114.957 -0.101991 0.985204 -0.137725 -6.63407 -0.974234 -0.126918 -0.186437 -29.0459
-0.197371 0.115114 0.973547 115.835 -0.103624 0.985068 -0.137484 -6.77203 -0.974836 -0.128018 -0.182495 -29.1575
-0.189826 0.119265 0.974547 116.671 -0.10046 0.985025 -0.140115 -6.84473 -0.976664 -0.124501 -0.175002 -29.3179
-0.183635 0.121872 0.97541 117.462 -0.102222 0.984536 -0.142258 -6.90785 -0.977664 -0.125832 -0.168337 -29.4556
-0.177587 0.127566 0.975802 118.306 -0.098664 0.984258 -0.146627 -6.97066 -0.979146 -0.122316 -0.162206 -29.6084
-0.172288 0.130045 0.976424 119.206 -0.0982377 0.984036 -0.148393 -7.09166 -0.980135 -0.121488 -0.156763 -29.7551
-0.166761 0.133653 0.976897 120.067 -0.0970318 0.983736 -0.151153 -7.20856 -0.981211 -0.119997 -0.15108 -29.8864
-0.160679 0.134128 0.97785 120.941 -0.0932586 0.984227 -0.150327 -7.33335 -0.98259 -0.115347 -0.145637 -30.0205
-0.155692 0.134571 0.978596 121.809 -0.088183 0.984827 -0.149457 -7.4529 -0.983861 -0.109565 -0.141463 -30.1506
-0.152277 0.135919 0.978947 122.638 -0.0901449 0.984459 -0.150707 -7.56527 -0.984218 -0.111196 -0.137658 -30.2368
-0.148227 0.139598 0.979051 123.53 -0.0926694 0.98367 -0.154286 -7.69543 -0.984602 -0.113598 -0.13287 -30.3552
-0.143904 0.142523 0.979274 124.417 -0.0939854 0.983132 -0.156896 -7.83741 -0.985118 -0.114616 -0.128082 -30.4938
-0.142628 0.142448 0.979472 125.241 -0.0956838 0.982969 -0.15689 -7.98903 -0.98514 -0.116097 -0.126569 -30.5714
-0.142517 0.141574 0.979615 126.12 -0.0955249 0.983129 -0.155979 -8.14152 -0.985172 -0.115808 -0.12659 -30.6755
-0.140714 0.139417 0.980184 126.999 -0.100009 0.982969 -0.15417 -8.24642 -0.984986 -0.119721 -0.124375 -30.8175
-0.137631 0.13808 0.980811 127.927 -0.106483 0.982432 -0.15325 -8.34857 -0.984743 -0.125532 -0.120511 -30.982
-0.136666 0.137465 0.981033 128.795 -0.107922 0.982363 -0.152686 -8.47941 -0.984721 -0.126742 -0.11942 -31.0911
-0.13446 0.146842 0.979978 129.652 -0.112156 0.980348 -0.162286 -8.55738 -0.984551 -0.131732 -0.115349 -31.2258
-0.134835 0.15239 0.979079 130.488 -0.116093 0.978867 -0.168345 -8.66456 -0.984043 -0.136363 -0.114294 -31.3181
-0.136256 0.150044 0.979245 131.382 -0.1231 0.978238 -0.167019 -8.84757 -0.982995 -0.143303 -0.114821 -31.4068
-0.137349 0.148967 0.979256 132.234 -0.122787 0.978439 -0.166064 -9.01798 -0.982882 -0.143049 -0.116097 -31.4688
-0.135656 0.149807 0.979364 133.098 -0.118243 0.978988 -0.166128 -9.18019 -0.983674 -0.13834 -0.115093 -31.5807
-0.134759 0.152338 0.979098 133.957 -0.120312 0.978284 -0.16877 -9.34412 -0.983547 -0.14054 -0.113505 -31.6815
-0.13655 0.153634 0.978647 134.81 -0.130473 0.976505 -0.171502 -9.50225 -0.982003 -0.151106 -0.113298 -31.7595
-0.137618 0.155555 0.978194 135.662 -0.138491 0.974866 -0.174509 -9.6631 -0.980755 -0.159487 -0.112616 -31.8385
-0.137162 0.158573 0.977773 136.484 -0.135623 0.9748 -0.177116 -9.83411 -0.98122 -0.156902 -0.1122 -31.9258
-0.136313 0.157969 0.97799 137.315 -0.134563 0.975102 -0.176258 -10.0281 -0.981484 -0.155628 -0.111663 -32.0134
-0.134011 0.159919 0.977991 138.143 -0.13353 0.974978 -0.177723 -10.1907 -0.981942 -0.154408 -0.109305 -32.1054
-0.130576 0.157671 0.97882 138.95 -0.124038 0.976917 -0.173911 -10.3653 -0.983648 -0.14412 -0.108005 -32.1981
-0.12695 0.152077 0.980181 139.758 -0.120799 0.97845 -0.167454 -10.5586 -0.984526 -0.139663 -0.105844 -32.2853
-0.124037 0.146333 0.981428 140.577 -0.113356 0.9805 -0.160522 -10.7357 -0.985781 -0.131161 -0.105031 -32.3717
-0.118857 0.145776 0.982151 141.374 -0.110938 0.981019 -0.159033 -10.8866 -0.986694 -0.12786 -0.100429 -32.4561
-0.115002 0.149617 0.982033 142.188 -0.11347 0.980142 -0.162617 -11.048 -0.986863 -0.130133 -0.095742 -32.5305
-0.106056 0.153782 0.982396 142.995 -0.106363 0.980545 -0.164974 -11.1944 -0.988655 -0.121987 -0.0876362 -32.6108
-0.0996022 0.154673 0.982932 143.808 -0.11534 0.979389 -0.165804 -11.3177 -0.988319 -0.129886 -0.0797096 -32.6711
-0.0893197 0.149974 0.984646 144.598 -0.113984 0.980563 -0.159692 -11.4698 -0.989459 -0.126498 -0.0704893 -32.7229
-0.0770942 0.148418 0.985915 145.361 -0.112814 0.981208 -0.156531 -11.6148 -0.99062 -0.123293 -0.0589021 -32.7662
-0.0632571 0.150375 0.986603 146.142 -0.112273 0.981234 -0.156755 -11.7579 -0.991661 -0.120685 -0.0451872 -32.8003
-0.0501108 0.14981 0.987444 146.908 -0.115662 0.981162 -0.154727 -11.9212 -0.992023 -0.121963 -0.0318397 -32.812
-0.0353663 0.148888 0.988221 147.669 -0.114279 0.98175 -0.152003 -12.066 -0.992818 -0.118309 -0.0177064 -32.8226
-0.0221747 0.149032 0.988583 148.449 -0.115809 0.981786 -0.150605 -12.2342 -0.993024 -0.117827 -0.00451184 -32.8107
-0.00764045 0.155251 0.987845 149.196 -0.11855 0.980766 -0.155055 -12.3707 -0.992918 -0.118294 0.0109112 -32.7986
0.00401322 0.167981 0.985782 149.955 -0.12853 0.977699 -0.16608 -12.4549 -0.991697 -0.126036 0.0255141 -32.78
0.0174371 0.176134 0.984211 150.708 -0.133914 0.975903 -0.172275 -12.5869 -0.990839 -0.128796 0.0406036 -32.7389
0.0300021 0.176778 0.983793 151.461 -0.136904 0.975686 -0.171147 -12.7246 -0.990129 -0.129551 0.0534742 -32.691
0.0413018 0.17336 0.983992 152.174 -0.142968 0.975722 -0.165902 -12.8589 -0.988865 -0.133828 0.0650839 -32.629
0.0510984 0.171531 0.983852 152.924 -0.14894 0.97543 -0.162328 -12.9995 -0.987525 -0.13824 0.0753907 -32.5561
0.059882 0.178098 0.982189 153.662 -0.152737 0.974002 -0.167301 -13.1445 -0.986451 -0.139998 0.085527 -32.4789
0.0655694 0.186823 0.980202 154.411 -0.158658 0.971771 -0.174603 -13.2696 -0.985154 -0.144068 0.0933593 -32.4017
0.0670353 0.190252 0.979443 155.134 -0.16506 0.970239 -0.177167 -13.3947 -0.984002 -0.149791 0.0964432 -32.3207
0.0659556 0.185836 0.980364 155.828 -0.168759 0.970427 -0.172598 -13.5361 -0.983448 -0.154061 0.0953663 -32.2344
0.0629337 0.181763 0.981326 156.517 -0.171022 0.970694 -0.168826 -13.6716 -0.983255 -0.157203 0.0921746 -32.1476
0.0596118 0.179056 0.982031 157.276 -0.171045 0.971062 -0.166673 -13.8103 -0.983458 -0.158036 0.0885131 -32.0755
0.0585904 0.179787 0.981959 158.013 -0.16625 0.971668 -0.167984 -13.939 -0.984341 -0.153409 0.08682 -32.0233
0.0556631 0.17961 0.982161 158.766 -0.164009 0.971968 -0.168451 -14.0874 -0.984887 -0.151707 0.0835604 -31.9649
0.0509452 0.177168 0.982861 159.506 -0.165102 0.97209 -0.166669 -14.2461 -0.984959 -0.153781 0.0787741 -31.9001
0.0459829 0.176428 0.983238 160.243 -0.165086 0.972087 -0.166707 -14.3956 -0.985206 -0.154653 0.0738249 -31.844
0.0389296 0.174769 0.983839 160.967 -0.165098 0.972178 -0.166165 -14.5244 -0.985508 -0.155961 0.0667003 -31.7855
0.033228 0.171662 0.984595 161.665 -0.162613 0.97294 -0.164142 -14.6673 -0.98613 -0.154654 0.0602431 -31.7374
0.0275081 0.171541 0.984792 162.381 -0.162959 0.972755 -0.164892 -14.7984 -0.986249 -0.155945 0.0547125 -31.6951
0.0209806 0.174541 0.984426 163.061 -0.163411 0.971999 -0.168855 -14.9009 -0.986335 -0.157324 0.0489149 -31.6577
0.0156174 0.179601 0.983615 163.748 -0.165138 0.970688 -0.174619 -14.9958 -0.986146 -0.159706 0.0448185 -31.6287
0.0117301 0.185304 0.982611 164.434 -0.165528 0.96948 -0.180852 -15.0842 -0.986135 -0.160529 0.042045 -31.6042
0.00959783 0.18726 0.982263 165.092 -0.163622 0.969362 -0.183202 -15.2116 -0.986476 -0.158962 0.0399435 -31.5752
0.0101168 0.185379 0.982615 165.756 -0.160942 0.970154 -0.181371 -15.3507 -0.986912 -0.156309 0.0396499 -31.5485
0.0129963 0.181378 0.983327 166.425 -0.159954 0.971122 -0.177013 -15.4969 -0.987038 -0.154987 0.0416329 -31.5114
0.019475 0.182193 0.983069 167.094 -0.160133 0.97113 -0.176808 -15.6193 -0.986903 -0.153978 0.0480876 -31.475
0.0293125 0.184288 0.982435 167.742 -0.158259 0.971315 -0.17748 -15.7296 -0.986962 -0.150277 0.0576367 -31.4337
0.0438867 0.184622 0.981829 168.391 -0.156405 0.971926 -0.175769 -15.8545 -0.986717 -0.145849 0.0715302 -31.3899
0.0587825 0.180425 0.98183 169.03 -0.159254 0.972629 -0.169199 -16.0034 -0.985486 -0.146414 0.0859068 -31.3235
0.0725264 0.176403 0.981642 169.669 -0.168303 0.972283 -0.162286 -16.1222 -0.983063 -0.153443 0.100205 -31.2413
0.0867828 0.169246 0.981745 170.297 -0.174207 0.972856 -0.152314 -16.2538 -0.980877 -0.157808 0.113911 -31.1469
0.102894 0.162084 0.981397 170.949 -0.178893 0.973561 -0.142034 -16.3734 -0.978473 -0.160951 0.129169 -31.0506
0.12037 0.153435 0.9808 171.588 -0.183379 0.974416 -0.129931 -16.4963 -0.975645 -0.164219 0.145427 -30.9447
0.137342 0.148185 0.979376 172.219 -0.18716 0.974816 -0.121249 -16.5868 -0.972681 -0.166647 0.161618 -30.8303
0.154951 0.145403 0.977163 172.838 -0.191021 0.974852 -0.114768 -16.6954 -0.969278 -0.168875 0.178829 -30.7015
0.172473 0.142837 0.974602 173.441 -0.195664 0.97468 -0.108222 -16.8047 -0.965385 -0.172029 0.196054 -30.5666
0.188363 0.143369 0.971578 174.074 -0.201198 0.973936 -0.104711 -16.8802 -0.961269 -0.175756 0.2123 -30.4164
0.205283 0.141551 0.968412 174.689 -0.20868 0.97306 -0.0979945 -16.9706 -0.956196 -0.181972 0.229292 -30.2599
0.220181 0.137281 0.96575 175.283 -0.212604 0.972998 -0.0898396 -17.0624 -0.952008 -0.185542 0.243422 -30.0898
0.231594 0.133142 0.963658 175.862 -0.210779 0.973925 -0.0839041 -17.1332 -0.949703 -0.183688 0.253619 -29.9201
0.241158 0.13164 0.961516 176.45 -0.211903 0.973993 -0.0802008 -17.212 -0.947069 -0.184407 0.262781 -29.731
0.251636 0.135793 0.958248 177.024 -0.216313 0.97295 -0.0810728 -17.2646 -0.943339 -0.186881 0.274203 -29.5735
0.261097 0.144136 0.954491 177.635 -0.219124 0.971826 -0.0868132 -17.295 -0.940113 -0.186486 0.285324 -29.3869
0.268967 0.152861 0.950941 178.225 -0.219311 0.971108 -0.0940719 -17.3662 -0.937848 -0.18325 0.294721 -29.1611
0.278689 0.157335 0.947406 178.791 -0.213902 0.971877 -0.0984775 -17.4455 -0.936258 -0.175207 0.304506 -28.9942
0.285017 0.156177 0.945713 179.367 -0.214562 0.971994 -0.0958532 -17.4956 -0.934199 -0.175594 0.310545 -28.807
0.290476 0.148521 0.945285 179.969 -0.216947 0.972376 -0.0861119 -17.5605 -0.931964 -0.180063 0.314673 -28.5894
0.294076 0.138833 0.945645 180.589 -0.221671 0.972322 -0.073815 -17.6219 -0.929721 -0.187915 0.316712 -28.3704
0.295481 0.131741 0.946221 181.166 -0.222424 0.972714 -0.0659719 -17.6791 -0.929095 -0.190969 0.316722 -28.1685
0.295884 0.131316 0.946154 181.791 -0.22044 0.973155 -0.0661268 -17.7348 -0.92944 -0.189005 0.316888 -27.9629
0.297864 0.132837 0.94532 182.407 -0.217124 0.973742 -0.0684165 -17.7922 -0.929588 -0.184873 0.318885 -27.7591
0.298616 0.132736 0.945097 182.968 -0.214966 0.974187 -0.0689 -17.8346 -0.929848 -0.182589 0.319442 -27.5447
0.299415 0.132257 0.944911 183.583 -0.219077 0.973415 -0.0668273 -17.8678 -0.928631 -0.187 0.32043 -27.3337
0.301083 0.13084 0.944579 184.182 -0.221439 0.973057 -0.064201 -17.8983 -0.927531 -0.189837 0.321944 -27.1213
0.303261 0.127512 0.944337 184.807 -0.222494 0.973088 -0.0599431 -17.9326 -0.926568 -0.191931 0.32347 -26.8964
0.307145 0.125579 0.94334 185.422 -0.224277 0.972885 -0.0564892 -17.9811 -0.924857 -0.19422 0.326982 -26.6782
0.312258 0.123632 0.941918 186.025 -0.223482 0.973229 -0.0536551 -18.0224 -0.923337 -0.193748 0.331528 -26.4455
0.320104 0.121451 0.939565 186.626 -0.224094 0.97331 -0.0494652 -18.0678 -0.920497 -0.194717 0.338778 -26.214
0.324357 0.11942 0.938365 187.165 -0.234275 0.971234 -0.0426234 -18.214 -0.916465 -0.20601 0.343005 -25.9086
0.332419 0.121149 0.935318 187.743 -0.236521 0.970731 -0.0416741 -18.2451 -0.912992 -0.20737 0.351344 -25.6229
0.342048 0.127427 0.931002 188.321 -0.243654 0.968903 -0.043097 -18.294 -0.907544 -0.212102 0.36246 -25.3395
0.354339 0.132207 0.925723 188.967 -0.258434 0.965242 -0.0389296 -18.4228 -0.898696 -0.225445 0.37619 -25.0719
0.366071 0.131501 0.921248 189.579 -0.25669 0.965827 -0.0358648 -18.4529 -0.894484 -0.223346 0.387316 -24.7954
0.375885 0.129908 0.917514 190.111 -0.257782 0.9657 -0.031123 -18.4646 -0.890089 -0.22482 0.396481 -24.5359
0.387226 0.128045 0.913049 190.727 -0.257886 0.965822 -0.0260756 -18.4898 -0.885184 -0.225366 0.407013 -24.2511
0.396231 0.127703 0.909226 191.341 -0.260501 0.96522 -0.022044 -18.5062 -0.880421 -0.22812 0.415717 -23.9162
0.405122 0.126936 0.905407 191.958 -0.263677 0.964455 -0.0172323 -18.5156 -0.875414 -0.231754 0.424193 -23.6035
0.412415 0.127865 0.901977 192.57 -0.265717 0.96393 -0.0151524 -18.5356 -0.871383 -0.233422 0.431515 -23.3105
0.417022 0.125234 0.900226 193.195 -0.26819 0.963315 -0.00977341 -18.567 -0.868427 -0.237357 0.435311 -22.9977
0.42087 0.122027 0.898875 193.824 -0.267472 0.963548 -0.00557113 -18.5952 -0.866791 -0.23808 0.438168 -22.6968
0.423781 0.120803 0.897672 194.44 -0.259652 0.965672 -0.00737529 -18.613 -0.86775 -0.229957 0.440601 -22.4046
0.425851 0.120506 0.896732 195.108 -0.257702 0.966194 -0.00745988 -18.6473 -0.867318 -0.227914 0.44251 -22.1057
0.424481 0.123766 0.896937 195.755 -0.255953 0.96661 -0.012249 -18.6336 -0.868507 -0.224374 0.441987 -21.7718
0.424951 0.122958 0.896826 196.434 -0.252162 0.967594 -0.0131762 -18.6271 -0.869385 -0.220547 0.442186 -21.4483
0.424335 0.116046 0.898038 197.061 -0.245637 0.969317 -0.00919031 -18.6409 -0.871551 -0.216692 0.439821 -21.1226
0.419927 0.114419 0.900316 197.692 -0.246107 0.969205 -0.00838465 -18.6316 -0.873552 -0.218053 0.435155 -20.7597
0.418383 0.110858 0.901479 198.315 -0.247953 0.968762 -0.00405501 -18.711 -0.87377 -0.221828 0.432802 -20.4663
0.415484 0.110452 0.902869 198.967 -0.247417 0.968896 -0.00467255 -18.7054 -0.875305 -0.221444 0.429889 -20.1142
0.412341 0.10996 0.904368 199.651 -0.25001 0.968235 -0.0037355 -18.7367 -0.876054 -0.224561 0.426734 -19.7575
0.411609 0.11208 0.904442 200.356 -0.251293 0.967893 -0.00558018 -18.757 -0.876031 -0.224983 0.426559 -19.4469
0.409824 0.115154 0.904866 201.036 -0.250699 0.968015 -0.00964656 -18.7787 -0.877037 -0.222896 0.425586 -19.0996
0.410162 0.12124 0.903917 201.711 -0.250732 0.967922 -0.0160528 -18.803 -0.87687 -0.220058 0.427404 -18.7936
0.403565 0.12388 0.906525 202.361 -0.25249 0.967395 -0.0197946 -18.799 -0.879422 -0.220901 0.421686 -18.3941
0.39858 0.122391 0.908929 203.021 -0.253377 0.967177 -0.0191248 -18.792 -0.881438 -0.222679 0.416509 -18.0298
0.396438 0.120007 0.910183 203.695 -0.255578 0.966652 -0.0161329 -18.8161 -0.881769 -0.226228 0.413889 -17.6977
0.393878 0.120576 0.911219 204.423 -0.25738 0.966166 -0.0165934 -18.84 -0.882392 -0.227994 0.411587 -17.3539
0.388994 0.119812 0.913415 205.122 -0.258591 0.965843 -0.0165631 -18.87 -0.884202 -0.229759 0.40669 -17.0319
0.382013 0.119658 0.916377 205.804 -0.260819 0.965231 -0.0173085 -18.9047 -0.886588 -0.232397 0.399941 -16.7332
0.371745 0.119521 0.920608 206.486 -0.261855 0.964907 -0.0195337 -18.9373 -0.890639 -0.233805 0.389998 -16.4164
0.361868 0.120266 0.924438 207.167 -0.260932 0.965071 -0.0234117 -18.9905 -0.894967 -0.232744 0.38061 -16.1206
0.352874 0.122518 0.927614 207.861 -0.259928 0.965202 -0.0286031 -19.0319 -0.898842 -0.23102 0.372441 -15.8531
0.342393 0.122575 0.931526 208.554 -0.261249 0.964774 -0.0309252 -19.0637 -0.902506 -0.232772 0.362355 -15.6023
0.332343 0.114551 0.936176 209.252 -0.255621 0.966384 -0.0275017 -19.1014 -0.907858 -0.230166 0.350453 -15.3494
0.316666 0.102881 0.94294 209.87 -0.25063 0.967844 -0.0214289 -19.1756 -0.914826 -0.229544 0.332269 -14.9344
0.309397 0.0981063 0.945858 210.611 -0.249985 0.968068 -0.0186381 -19.1917 -0.917486 -0.230684 0.324043 -14.6751
0.304501 0.100237 0.947222 211.311 -0.257482 0.966085 -0.0194613 -19.1644 -0.917051 -0.237968 0.319984 -14.4483
0.302332 0.09592 0.948364 212.016 -0.25358 0.967163 -0.0169819 -19.2245 -0.918854 -0.235352 0.316728 -14.2004
0.302893 0.0943744 0.94834 212.719 -0.250375 0.968009 -0.0163639 -19.2589 -0.919548 -0.232484 0.316832 -14.0053
0.30008 0.0989853 0.948764 213.443 -0.252303 0.967416 -0.0211318 -19.2426 -0.919943 -0.233035 0.315276 -13.7316
0.299288 0.101188 0.948782 214.214 -0.253011 0.96718 -0.023339 -19.2509 -0.920007 -0.233068 0.315067 -13.4683
0.303787 0.102548 0.947204 214.934 -0.257139 0.966119 -0.0221265 -19.29 -0.917384 -0.236842 0.319864 -13.307
0.306797 0.101274 0.946371 215.658 -0.257228 0.966142 -0.0200004 -19.3252 -0.916357 -0.237297 0.322461 -13.0794
0.308034 0.0989845 0.946211 216.436 -0.255215 0.966714 -0.0180456 -19.3547 -0.916505 -0.235929 0.323044 -12.7976
0.310949 0.0978992 0.94537 217.169 -0.25107 0.967806 -0.0176411 -19.3816 -0.916665 -0.23187 0.325518 -12.564
0.314999 0.0973596 0.944084 217.899 -0.246326 0.969023 -0.0177433 -19.3857 -0.916569 -0.226964 0.329224 -12.3344
0.31626 0.101448 0.943232 218.626 -0.250445 0.96792 -0.0201305 -19.3329 -0.915018 -0.229861 0.331522 -12.017
0.321678 0.0965119 0.941917 219.342 -0.250961 0.967901 -0.0134675 -19.3723 -0.912985 -0.232053 0.335574 -11.7532
0.325566 0.0925914 0.940974 220.052 -0.25359 0.967281 -0.00744076 -19.4068 -0.910878 -0.2362 0.338394 -11.4596
0.328022 0.092298 0.94015 220.796 -0.255849 0.966698 -0.00563768 -19.4331 -0.909364 -0.238687 0.340713 -11.143
0.332775 0.0981812 0.937881 221.515 -0.263265 0.964692 -0.00757735 -19.4484 -0.905512 -0.24439 0.346873 -10.8777
0.33689 0.104243 0.935755 222.225 -0.269395 0.962973 -0.0102878 -19.4651 -0.902182 -0.248623 0.352499 -10.5913
0.341754 0.107309 0.933642 222.981 -0.274825 0.961441 -0.00990639 -19.4922 -0.898708 -0.253204 0.358068 -10.2976
0.343329 0.107092 0.933089 223.693 -0.280038 0.95996 -0.00713629 -19.5159 -0.896495 -0.258851 0.359573 -9.96294
0.346597 0.109691 0.931578 224.435 -0.28431 0.958704 -0.00710637 -19.542 -0.893889 -0.262394 0.363471 -9.65998
0.351171 0.112479 0.92953 225.2 -0.285807 0.958252 -0.00797819 -19.5662 -0.891624 -0.262866 0.368658 -9.35979
0.356093 0.112337 0.927673 225.925 -0.284374 0.958687 -0.00693436 -19.5818 -0.890129 -0.261337 0.373328 -9.06538
0.362162 0.111265 0.92545 226.697 -0.284278 0.958732 -0.00401799 -19.6011 -0.887708 -0.26163 0.378847 -8.75924
0.367061 0.110242 0.92364 227.421 -0.28002 0.959987 -0.0032984 -19.6215 -0.887048 -0.257428 0.383245 -8.45127
0.371902 0.109892 0.921744 228.142 -0.278352 0.960475 -0.00220078 -19.6547 -0.885556 -0.255751 0.387792 -8.1333
0.377189 0.110827 0.91948 228.885 -0.275079 0.961415 -0.0030385 -19.6585 -0.884341 -0.251785 0.393122 -7.82284
0.381808 0.110628 0.917596 229.612 -0.279641 0.960102 0.000604592 -19.6724 -0.880922 -0.256829 0.397512 -7.50252
0.386745 0.108725 0.915754 230.266 -0.292579 0.956187 0.0100384 -19.731 -0.874543 -0.271814 0.401612 -7.1743
0.409319 0.117094 0.904845 230.982 -0.28239 0.959291 0.00360337 -19.7122 -0.86759 -0.256995 0.425723 -7.12217
0.431973 0.132031 0.892169 231.701 -0.279492 0.960122 -0.00676261 -19.6795 -0.857487 -0.246433 0.451649 -7.02643
0.433039 0.139183 0.890564 232.4 -0.285219 0.958396 -0.0110959 -19.6728 -0.85506 -0.249202 0.454722 -6.63967
0.432994 0.140618 0.89036 233.079 -0.293965 0.955781 -0.00799096 -19.6579 -0.852115 -0.258275 0.455185 -6.2375
0.43523 0.131786 0.890621 233.793 -0.294793 0.955556 0.00266566 -19.6622 -0.850689 -0.26371 0.454736 -5.85902
0.437113 0.119725 0.891402 234.513 -0.291511 0.956456 0.0144849 -19.6648 -0.850855 -0.266185 0.452981 -5.48191
0.437746 0.114699 0.891752 235.218 -0.296396 0.954794 0.022689 -19.6622 -0.848839 -0.274245 0.451954 -5.10742
0.439644 0.112585 0.891087 235.942 -0.296717 0.954616 0.0257824 -19.6575 -0.847745 -0.275737 0.453098 -4.7218
0.442813 0.116755 0.888979 236.656 -0.29612 0.954893 0.0220899 -19.6595 -0.846303 -0.273027 0.457413 -4.35741
0.447798 0.120991 0.88591 237.361 -0.293751 0.955712 0.0179572 -19.667 -0.844504 -0.268279 0.463508 -3.99852
0.452493 0.125542 0.882886 238.084 -0.293811 0.955749 0.0146796 -19.6613 -0.841977 -0.266045 0.469356 -3.61971
0.458471 0.12744 0.879524 238.802 -0.292565 0.956142 0.0139642 -19.6657 -0.839172 -0.263721 0.475649 -3.25873
0.463196 0.129502 0.876743 239.507 -0.291542 0.956471 0.0127481 -19.6648 -0.83693 -0.261513 0.480789 -2.88681
0.467075 0.127987 0.874905 240.206 -0.2908 0.95666 0.015299 -19.6636 -0.83503 -0.261569 0.484051 -2.49354
0.473063 0.121793 0.872569 240.98 -0.286105 0.957957 0.0214009 -19.649 -0.83328 -0.259771 0.48802 -2.07608
0.476323 0.11483 0.871739 241.615 -0.283736 0.958468 0.02878 -19.6746 -0.832232 -0.261053 0.489123 -1.73787
0.47955 0.109002 0.870717 242.34 -0.282494 0.958607 0.0355795 -19.6747 -0.8308 -0.263036 0.490494 -1.33026
0.481456 0.104137 0.870261 243.043 -0.280382 0.959038 0.0403558 -19.6507 -0.830413 -0.263436 0.490934 -0.927084
0.483602 0.0973233 0.86986 243.752 -0.277719 0.959508 0.0470455 -19.6254 -0.830061 -0.264329 0.491049 -0.529988
0.486064 0.0971304 0.868508 244.452 -0.278066 0.959343 0.0483321 -19.6066 -0.828505 -0.264996 0.493312 -0.142612
0.487424 0.107923 0.866469 245.145 -0.285508 0.957482 0.0413512 -19.5909 -0.825168 -0.26754 0.497514 0.274117
0.489428 0.121187 0.863581 245.833 -0.286924 0.957535 0.0282405 -19.5723 -0.823489 -0.261605 0.503416 0.656611
0.490966 0.12878 0.861607 246.546 -0.287547 0.95754 0.0207326 -19.558 -0.822356 -0.257932 0.50715 1.06119
0.491982 0.127454 0.861225 247.248 -0.287727 0.957442 0.0226737 -19.5402 -0.821685 -0.258953 0.507717 1.45797
0.489806 0.12496 0.862828 247.941 -0.287532 0.957454 0.02456 -19.4672 -0.823052 -0.260121 0.504898 1.907
0.520924 0.126636 0.844156 248.93 -0.283472 0.958473 0.0311434 -19.54 -0.80516 -0.255519 0.53519 1.9194
0.520833 0.126399 0.844248 249.656 -0.280883 0.959282 0.0296605 -19.5141 -0.806125 -0.252583 0.53513 2.42432
0.524066 0.123269 0.842709 250.344 -0.276572 0.960475 0.0315005 -19.5198 -0.80552 -0.249579 0.537445 2.84772
0.526078 0.119199 0.84204 251.033 -0.276528 0.960298 0.0368261 -19.5109 -0.804222 -0.252222 0.538155 3.29
0.527696 0.118012 0.841195 251.709 -0.278765 0.959513 0.0402631 -19.5035 -0.802388 -0.255743 0.539229 3.72141
0.52872 0.119205 0.840383 252.439 -0.280066 0.959139 0.0401506 -19.4788 -0.80126 -0.256592 0.540502 4.20915
0.531387 0.121441 0.838378 253.138 -0.277236 0.960101 0.0366463 -19.4653 -0.80048 -0.251902 0.543854 4.64912
0.533782 0.122141 0.836754 253.814 -0.275899 0.960518 0.0357948 -19.4533 -0.799347 -0.249967 0.546407 5.08369
0.536652 0.118872 0.835387 254.521 -0.272749 0.961316 0.038423 -19.4368 -0.798506 -0.248472 0.548315 5.54652
0.540547 0.116084 0.833266 255.228 -0.272144 0.96131 0.0426195 -19.4198 -0.796082 -0.249807 0.551226 6.00887
0.545226 0.112825 0.830661 255.929 -0.270415 0.9616 0.0468845 -19.4112 -0.793476 -0.250186 0.554799 6.47521
