1 0 0 0 0 1 0 0 0 0 1 0
1 -3.5795e-05 -0.000110653 -0.00472795 3.60003e-05 1 0.00106594 -0.00589152 0.000110628 -0.00106584 1 1.30905
1 -0.000244824 0.000579931 -0.0101371 0.000243939 0.999999 0.00151174 -0.005255 -0.000580293 -0.00151159 0.999999 2.60178
1 -0.000151756 -0.000715585 -0.0127701 0.000153717 0.999997 0.00254013 -0.0114545 0.000715197 -0.00254014 0.999997 3.9198
1 -2.49489e-05 0.000857922 -0.011845 2.25744e-05 0.999996 0.00280284 -0.0049055 -0.000857981 -0.0028028 0.999997 5.21952
1 -2.05969e-05 7.88483e-05 -0.0153894 2.04078e-05 0.999994 0.00360901 -0.000396952 -7.88937e-05 -0.00360883 0.999995 6.54474
1 -0.000139872 0.00014955 -0.0173254 0.0001392 0.99999 0.00461235 -0.00406184 -0.000150232 -0.00461233 0.999991 7.87098
1 6.69974e-05 0.000928149 -0.0238868 -7.17104e-05 0.999987 0.00519493 0.00448873 -0.000927792 -0.00519483 0.999988 9.18956
1 0.000395971 -0.000539716 -0.0287648 -0.000392781 0.999983 0.00590251 0.00777856 0.000541923 -0.00590232 0.999984 10.5244
1 0.000743537 0.000742263 -0.0353059 -0.000748718 0.999975 0.00713694 0.022394 -0.000736896 -0.00713724 0.999977 11.8476
1 0.000971462 0.000126807 -0.0401011 -0.000972459 0.99997 0.00767087 0.035109 -0.000119445 -0.00767091 0.999971 13.1836
1 0.000984833 3.07119e-05 -0.0511215 -0.000985019 0.999963 0.0086709 0.0401044 -2.20539e-05 -0.00867063 0.999965 14.5207
1 0.000809591 0.00146285 -0.0571764 -0.00082405 0.999951 0.00991786 0.0468279 -0.0014548 -0.00991899 0.999951 15.8578
1 3.7109e-05 0.00101416 -0.0542794 -4.91942e-05 0.99993 0.0119808 0.0568288 -0.00101352 -0.0119805 0.999931 17.209
0.999999 -0.000548533 0.00250212 -0.0501906 0.00051401 0.999905 0.0137703 0.0700524 -0.00250946 -0.0137689 0.999904 18.5516
1 -0.000706132 0.000887094 -0.0424602 0.000692813 0.999889 0.0149433 0.0929134 -0.000897573 -0.0149423 0.999891 19.9032
0.999998 -0.000812896 0.00275778 -0.0368444 0.00076702 0.999862 0.016609 0.12893 -0.00277087 -0.0166067 0.99986 21.2425
1 -0.000712129 0.00233003 -0.031471 0.000671256 0.999847 0.0175108 0.176511 -0.00234218 -0.0175088 0.999848 22.6052
0.999996 -0.000566932 0.00329274 -0.0347792 0.000505794 0.999829 0.0185388 0.211045 -0.0033026 -0.0185371 0.999824 23.9606
0.999987 -0.000648285 0.00560259 -0.0408435 0.000524537 0.999758 0.0220471 0.224848 -0.00561551 -0.0220435 0.999746 25.3118
0.999992 -0.000943499 0.00446041 -0.03638 0.000832521 0.999693 0.024806 0.245681 -0.00448229 -0.0248021 0.999685 26.6916
0.999986 -0.00085814 0.00583824 -0.0367308 0.00070494 0.999658 0.0261862 0.254165 -0.00585876 -0.0261812 0.999645 28.0392
0.999993 0.000956399 0.00450661 -0.0436235 -0.00107455 0.999656 0.0262633 0.265675 -0.00447977 -0.0262679 0.999647 29.4289
0.99998 0.00179561 0.00667481 -0.0440567 -0.00197235 0.999646 0.0265707 0.280053 -0.00662481 -0.0265828 0.99963 30.7865
0.999971 0.00490694 0.00641958 -0.0511592 -0.00505953 0.999702 0.0239654 0.317632 -0.00629979 -0.0239971 0.999695 32.185
0.99997 0.00493088 0.00671431 -0.0498678 -0.00509904 0.999669 0.0252659 0.333192 -0.00658747 -0.0252987 0.999664 33.567
0.999957 0.00515784 0.00811564 -0.0510058 -0.00537134 0.999637 0.026504 0.360497 -0.00797579 -0.0265465 0.999618 34.9331
0.99997 0.00516604 0.0065683 -0.0446245 -0.00535169 0.999579 0.0285505 0.387994 -0.00641815 -0.0285843 0.999576 36.334
0.999953 0.00587991 0.00826602 -0.0501055 -0.00612709 0.999528 0.0302043 0.42057 -0.00808431 -0.0302535 0.999513 37.7128
0.999958 0.00710248 0.00669865 -0.0468551 -0.00730449 0.999506 0.0306132 0.450389 -0.00647793 -0.0306603 0.999515 39.1145
0.999948 0.00794772 0.00704411 -0.0487992 -0.00816601 0.999472 0.0315244 0.475432 -0.00678963 -0.0315803 0.999482 40.511
0.999934 0.00891448 0.00801352 -0.0494335 -0.00916797 0.999442 0.0321586 0.501733 -0.00772237 -0.0322295 0.999457 41.9076
0.999942 0.00911516 0.00650402 -0.0500615 -0.00932501 0.999414 0.0329911 0.539823 -0.00619932 -0.0330498 0.999438 43.3074
0.999937 0.00895008 0.00756044 -0.0475168 -0.009197 0.999406 0.0332581 0.573431 -0.00725829 -0.0333248 0.999425 44.7216
0.999944 0.00936166 0.00577517 -0.0468691 -0.00955289 0.999378 0.0340151 0.607819 -0.00545302 -0.0340683 0.999408 46.1221
0.999939 0.00955734 0.00660484 -0.0421523 -0.00978313 0.999341 0.0350035 0.64298 -0.00626595 -0.0350653 0.999372 47.5258
0.999946 0.0100465 0.00400708 -0.0432074 -0.0101853 0.999292 0.0362695 0.682313 -0.00363973 -0.0363082 0.999338 48.9511
0.999945 0.0107217 0.00292021 -0.0455251 -0.0108211 0.999283 0.0363373 0.718493 -0.0025285 -0.0363663 0.999342 50.3695
0.999936 0.0111338 0.00360745 -0.0483688 -0.0112609 0.99924 0.0373747 0.754922 -0.0031885 -0.0374127 0.999298 51.775
0.999938 0.0116281 0.00161481 -0.0516386 -0.0116826 0.999172 0.0390163 0.795229 -0.0011598 -0.039032 0.999245 53.1974
0.999935 0.0115686 0.00218583 -0.0541412 -0.011647 0.99913 0.040099 0.834762 -0.00171996 -0.0401217 0.999197 54.6203
0.999938 0.0117121 0.000638457 -0.0530553 -0.0117286 0.999118 0.0403582 0.87605 -0.000165235 -0.0403626 0.999192 56.0463
0.999942 0.0112369 0.000548992 -0.0612869 -0.01125 0.999078 0.0414874 0.930439 -8.22661e-05 -0.0414909 0.999143 57.4679
0.999938 0.0115518 0.00238073 -0.0597234 -0.0116419 0.999054 0.0419515 0.973377 -0.00189393 -0.0419759 0.999124 58.8761
0.999936 0.0117137 0.00133091 -0.0600405 -0.0117596 0.999038 0.0423131 1.01861 -0.000833949 -0.0423258 0.999108 60.303
0.999931 0.0118588 0.00360161 -0.0622526 -0.012001 0.999033 0.042342 1.06956 -0.00309606 -0.0423815 0.999105 61.7024
0.999935 0.0115683 0.00292997 -0.0614185 -0.0116817 0.999045 0.0421559 1.11592 -0.00243934 -0.0421872 0.999112 63.1262
0.999955 0.00981083 0.00302711 -0.060571 -0.00992949 0.999074 0.0419174 1.1704 -0.00261315 -0.0419447 0.999125 64.5484
0.99994 0.0103836 0.00514572 -0.0654144 -0.0105882 0.999087 0.0414354 1.20686 -0.00471057 -0.0414871 0.999134 65.9508
0.999932 0.0113825 0.00479027 -0.0614449 -0.0115712 0.99908 0.0413433 1.24884 -0.00431535 -0.0413951 0.999142 67.3607
0.999901 0.0126578 0.00729309 -0.0617595 -0.0129491 0.999062 0.0413648 1.28058 -0.00676245 -0.0414547 0.999124 68.7606
0.999857 0.0160308 0.00681466 -0.0630393 -0.0163113 0.998931 0.0432979 1.32125 -0.0061133 -0.0434021 0.999048 70.1722
0.999777 0.0196465 0.0086907 -0.0651761 -0.0200166 0.998799 0.044761 1.3584 -0.00780057 -0.0449246 0.998966 71.577
0.99965 0.0254297 0.00835086 -0.0602902 -0.0257763 0.998684 0.0444083 1.42193 -0.00721045 -0.0446073 0.998988 72.9865
0.999665 0.02464 0.00891951 -0.0555423 -0.0250125 0.998704 0.0443612 1.44782 -0.00781458 -0.0445689 0.998983 74.3871
0.999648 0.0249534 0.0100099 -0.0576016 -0.0253727 0.998704 0.04419 1.48422 -0.00889398 -0.0444277 0.998982 75.7637
0.999656 0.024775 0.00958438 -0.0480287 -0.0251743 0.998715 0.0440306 1.52833 -0.00848085 -0.0442562 0.998992 77.1672
0.99965 0.0248105 0.0102053 -0.0446656 -0.025234 0.998729 0.0436815 1.57214 -0.0091082 -0.043923 0.999003 78.526
0.999658 0.024913 0.0089331 -0.0296203 -0.0252744 0.998761 0.0429031 1.62184 -0.00785259 -0.0431137 0.999048 79.9237
0.999673 0.0244743 0.00854123 -0.0202641 -0.0248203 0.998768 0.04303 1.66633 -0.00747721 -0.0432272 0.999047 81.3104
0.999678 0.0242585 0.00852006 -0.00907548 -0.0246017 0.998785 0.0427594 1.71203 -0.00747165 -0.0429548 0.999058 82.6646
0.999692 0.0239466 0.00773244 -0.00152346 -0.0242519 0.998823 0.0420826 1.75991 -0.00671518 -0.0422563 0.999094 84.0597
0.999661 0.0248627 0.00880157 -0.000422849 -0.0252126 0.998797 0.042107 1.8109 -0.00774325 -0.0423142 0.999084 85.4143
0.999673 0.025044 0.00664572 0.00487213 -0.0253065 0.998766 0.042819 1.85986 -0.00556465 -0.0429724 0.99907 86.7944
0.999672 0.0253184 0.00569257 0.00691739 -0.0255455 0.998703 0.0441059 1.9089 -0.00456767 -0.0442364 0.999021 88.1594
0.999722 0.0233779 0.00517766 0.00551462 -0.023585 0.998743 0.0442986 1.95188 -0.00413507 -0.0444076 0.999014 89.5
0.999723 0.0236244 0.00365589 0.00837101 -0.0237657 0.998703 0.0451059 2.00797 -0.00258471 -0.0451798 0.998986 90.8774
0.99973 0.0233675 0.00356454 0.00264032 -0.0235059 0.998696 0.0453976 2.06368 -0.00249851 -0.0454683 0.998973 92.2051
0.999734 0.0233216 0.00256745 -2.07419e-05 -0.0234153 0.998667 0.0460602 2.11832 -0.00148902 -0.0461077 0.998945 93.5767
0.99977 0.0217705 0.0027849 -0.00663309 -0.0218762 0.998704 0.0460274 2.15733 -0.00177862 -0.0460768 0.998946 94.9098
0.99977 0.0218201 0.00175581 -0.00841489 -0.0218781 0.998696 0.0461962 2.21041 -0.000744645 -0.0462236 0.998941 96.2662
0.999761 0.0222843 0.00218654 -0.0132021 -0.022362 0.998688 0.0461465 2.26255 -0.00115466 -0.0461833 0.998943 97.6172
0.999721 0.0237748 0.00356551 -0.0208394 -0.0239149 0.998639 0.0464103 2.3145 -0.00245633 -0.0464822 0.998927 98.956
0.999736 0.023159 0.00390228 -0.0237184 -0.023318 0.998617 0.0471948 2.35458 -0.00280321 -0.0472722 0.998888 100.319
0.999726 0.0233078 0.0048802 -0.0283034 -0.0235134 0.998601 0.0474271 2.40775 -0.00376696 -0.0475285 0.998874 101.641
0.999734 0.0230623 0.00502552 -0.030732 -0.0232777 0.99858 0.0479868 2.45724 -0.00391094 -0.0480898 0.998846 103.005
0.999712 0.0238303 0.00534324 -0.0303377 -0.0240558 0.998607 0.0470503 2.50638 -0.00421352 -0.0471649 0.998889 104.336
0.999709 0.023782 0.00658503 -0.0313997 -0.0240631 0.998636 0.0464147 2.55922 -0.00547138 -0.0465584 0.998911 105.644
0.999719 0.0231491 0.006852 -0.0254982 -0.0234476 0.998612 0.0472418 2.61306 -0.00574781 -0.0473888 0.998871 106.999
0.999779 0.0201081 0.00797747 -0.0218313 -0.0204716 0.998623 0.0483683 2.65477 -0.00699299 -0.0485196 0.998809 108.3
0.999812 0.0177327 0.00915018 -0.0132409 -0.0181624 0.998626 0.0492299 2.69641 -0.00826362 -0.0493865 0.998757 109.659
0.999823 0.0166189 0.0102215 -0.00712866 -0.0171044 0.998639 0.0493494 2.73577 -0.00938643 -0.0495141 0.998741 110.987
0.999782 0.018594 0.0105698 -0.00647841 -0.0190798 0.998675 0.0478791 2.79058 -0.00966457 -0.04807 0.998809 112.268
0.999731 0.0209514 0.0113112 -0.00547392 -0.0214638 0.998658 0.0472153 2.83647 -0.0103058 -0.0474439 0.998833 113.611
0.999639 0.0234963 0.0138974 -0.0105387 -0.0241234 0.998617 0.046812 2.88664 -0.0127773 -0.0471299 0.998819 114.917
0.999597 0.0249562 0.0146002 -0.000464948 -0.0256395 0.998492 0.0486193 2.93907 -0.0133639 -0.0489725 0.998723 116.264
0.99954 0.0254631 0.0172167 0.00796977 -0.0263155 0.998345 0.0512377 2.99515 -0.0158824 -0.0516669 0.99855 117.575
0.999536 0.0256429 0.017325 0.0243264 -0.0265232 0.998266 0.0526203 3.04972 -0.0159447 -0.0530539 0.998477 118.923
0.999488 0.0264394 0.0187052 0.0388602 -0.0273851 0.998264 0.0522473 3.11213 -0.0172901 -0.0527325 0.998471 120.254
0.999399 0.028158 0.0209525 0.0540175 -0.0292103 0.998239 0.051714 3.16941 -0.0194583 -0.0522935 0.998455 121.558
0.999317 0.0304643 0.0215113 0.068744 -0.0315351 0.998189 0.0513309 3.22699 -0.0199074 -0.0519738 0.998462 122.911
0.999327 0.0293429 0.0227504 0.0865703 -0.0304798 0.998221 0.0513304 3.27014 -0.0212027 -0.0519876 0.998435 124.205
0.999326 0.0285859 0.0236227 0.106693 -0.0297574 0.998269 0.050825 3.31951 -0.0221277 -0.0514933 0.998441 125.567
0.999307 0.0284207 0.0247673 0.132082 -0.0296479 0.998281 0.0506593 3.37441 -0.0232838 -0.0513568 0.998422 126.896
0.999206 0.0289039 0.0279291 0.162401 -0.030331 0.998186 0.0521051 3.42869 -0.0263712 -0.0529103 0.998264 128.215
0.999219 0.0281661 0.0283243 0.189678 -0.0296126 0.998212 0.0520034 3.48788 -0.0268078 -0.0527998 0.998258 129.582
0.999242 0.0262089 0.0293026 0.21505 -0.0277249 0.998237 0.0525917 3.52776 -0.0278714 -0.0533636 0.998199 130.887
0.999306 0.023324 0.0297187 0.252656 -0.0248949 0.998256 0.0536215 3.56863 -0.0284151 -0.0543223 0.998132 132.262
0.999377 0.0200564 0.0296061 0.283822 -0.0216501 0.998284 0.0545285 3.61416 -0.0284605 -0.0551348 0.998087 133.601
0.999456 0.0172621 0.0288275 0.315344 -0.0188327 0.998308 0.0551181 3.65703 -0.0278262 -0.055629 0.998077 134.893
0.999522 0.0168361 0.0265769 0.339232 -0.0182948 0.99829 0.0556282 3.71909 -0.0255938 -0.056087 0.998112 136.243
0.999614 0.0135828 0.0251724 0.369715 -0.0150004 0.998268 0.0569918 3.7637 -0.0243536 -0.0573454 0.998071 137.549
0.999668 0.0128742 0.0231271 0.391403 -0.0141832 0.998259 0.0573526 3.82711 -0.0223475 -0.0576606 0.998101 138.906
0.999692 0.0131605 0.022182 0.411751 -0.0144125 0.998263 0.0572359 3.89781 -0.0213893 -0.0575359 0.998129 140.209
0.999719 0.0144326 0.0197761 0.427085 -0.0155459 0.99824 0.0573432 3.97361 -0.018913 -0.0576336 0.998174 141.567
0.999732 0.0151968 0.0188373 0.448538 -0.0162407 0.998275 0.0565353 4.04595 -0.0179448 -0.0568241 0.998237 142.907
0.999704 0.0143982 0.0205676 0.482536 -0.0155051 0.998389 0.0547048 4.09844 -0.0197462 -0.0550066 0.998306 144.223
0.999824 0.00741836 0.0185861 0.503694 -0.0084262 0.998473 0.05471 4.1373 -0.0181509 -0.054855 0.998344 145.587
0.999852 0.00092751 0.0182679 0.533322 -0.00197753 0.998348 0.0575267 4.19717 -0.0181838 -0.0575534 0.998192 146.92
0.999883 -0.00217116 0.0167377 0.56869 0.00118457 0.998283 0.0586838 4.27476 -0.0168353 -0.0586551 0.998152 148.283
0.999889 -0.00244775 0.0159992 0.592634 0.0015088 0.998298 0.0584116 4.34789 -0.0161144 -0.05838 0.998181 149.619
0.999879 -0.000300783 0.0171711 0.613071 -0.000670044 0.998413 0.0564527 4.40563 -0.0171599 -0.0564553 0.998274 150.966
0.999881 0.000602833 0.0166688 0.623409 -0.00151913 0.998493 0.0549815 4.48084 -0.0166099 -0.0549993 0.998365 152.317
0.999861 0.000630185 0.018165 0.639647 -0.00163702 0.99847 0.0554114 4.54146 -0.0181013 -0.0554314 0.998315 153.662
0.999859 -0.00175791 0.0178921 0.669216 0.000755814 0.998447 0.0558281 4.59688 -0.0179617 -0.0558058 0.998297 154.995
0.99983 -0.00733927 0.0184341 0.702122 0.00625287 0.99829 0.0582567 4.65811 -0.0188292 -0.0581294 0.998149 156.344
0.999758 -0.0115267 0.0198327 0.727314 0.0103278 0.998183 0.0594948 4.71698 -0.0204817 -0.0592747 0.998049 157.671
0.999756 -0.0135276 0.0188956 0.752369 0.0123843 0.998171 0.0593033 4.78509 -0.0196621 -0.0590526 0.998079 159.015
0.999719 -0.0121903 0.0213738 0.774308 0.0109068 0.998198 0.0591357 4.85444 -0.0220555 -0.0588851 0.998039 160.334
0.999763 -0.00866777 0.0212851 0.789704 0.00738924 0.998217 0.0593672 4.91435 -0.0217605 -0.0591935 0.998028 161.689
0.999748 -0.00639198 0.0225706 0.805774 0.00506436 0.998289 0.0583739 4.96166 -0.0229044 -0.0582438 0.998059 162.998
0.999777 -0.00435252 0.0219249 0.824752 0.00306082 0.998288 0.0585503 5.02081 -0.022141 -0.0584678 0.998063 164.359
0.99976 -0.00418679 0.022534 0.842992 0.00285471 0.998273 0.0588026 5.0828 -0.0227406 -0.0587231 0.998035 165.716
0.999761 -0.00398651 0.0227464 0.860092 0.0026492 0.998295 0.0584579 5.13803 -0.0229395 -0.0583814 0.99805 167.034
0.999795 -0.00263129 0.0212495 0.879721 0.0014116 0.99837 0.0571834 5.20321 -0.0213646 -0.0571405 0.998158 168.412
0.999794 -0.000644081 0.0216007 0.891367 -0.000561569 0.998456 0.0556936 5.25677 -0.0216022 -0.055692 0.998234 169.738
0.999815 0.00156021 0.0204047 0.8955 -0.00268924 0.998469 0.0553954 5.3158 -0.0202864 -0.0554389 0.998277 171.121
0.999801 0.00476488 0.020756 0.905255 -0.00593195 0.998395 0.0564657 5.3835 -0.0204527 -0.0565753 0.998209 172.489
0.999747 0.00824918 0.0220871 0.924347 -0.00953116 0.998247 0.0585576 5.45084 -0.0215646 -0.058752 0.998061 173.845
0.999783 0.0067805 0.0210626 0.945895 -0.00804346 0.99815 0.0604016 5.51602 -0.0206131 -0.0605555 0.997972 175.224
0.999799 0.00280025 0.0211239 0.974123 -0.0041071 0.998073 0.0620498 5.581 -0.0209087 -0.0621227 0.997871 176.59
0.999856 0.00392219 0.0181306 1.00998 -0.00502404 0.998131 0.0610532 5.66963 -0.0178561 -0.0611332 0.997991 177.969
0.999854 0.00344137 0.0182375 1.02457 -0.00446494 0.99841 0.0563562 5.74134 -0.0180137 -0.0564281 0.998267 179.331
0.999901 0.00553447 0.0150455 1.04572 -0.00634792 0.998504 0.0544727 5.80703 -0.0147205 -0.0545606 0.998424 180.721
0.999912 0.00403828 0.0146123 1.05797 -0.0047852 0.998676 0.0514056 5.85113 -0.0143845 -0.0514696 0.998594 182.106
0.99988 0.00861211 0.0150781 1.06534 -0.00939965 0.998567 0.0528642 5.90567 -0.0146001 -0.0529974 0.99851 183.477
0.999868 0.0109691 0.0140399 1.0778 -0.0117208 0.99845 0.0545943 5.97942 -0.0134185 -0.0547502 0.998434 184.877
0.99984 0.0120098 0.0154854 1.08458 -0.0128695 0.998325 0.0565772 6.04831 -0.0147789 -0.0567651 0.998301 186.259
0.999798 0.0141582 0.0160915 1.10139 -0.0150673 0.998223 0.0578373 6.12673 -0.0152431 -0.0580664 0.998222 187.695
0.999836 0.0111517 0.0164039 1.12253 -0.012102 0.998198 0.0589421 6.1871 -0.015716 -0.0591285 0.998149 189.098
0.999858 0.00727546 0.0169997 1.13878 -0.00828028 0.998188 0.0597811 6.24267 -0.016533 -0.0599117 0.998092 190.466
0.999879 0.00289223 0.0172564 1.16675 -0.00392794 0.998188 0.0602108 6.30395 -0.0170497 -0.060269 0.998059 191.899
0.999853 0.000752387 0.0186919 1.18874 -0.00189901 0.998125 0.0613711 6.3784 -0.0186096 -0.0613959 0.997965 193.288
0.99986 -0.00390956 0.0181759 1.21379 0.00275609 0.998021 0.0629792 6.44549 -0.0183849 -0.0629178 0.997872 194.719
0.999823 -0.00683675 0.0190907 1.23896 0.00560072 0.997945 0.0640203 6.50846 -0.0194879 -0.0639002 0.997791 196.1
0.99986 -0.00446437 0.0180803 1.25771 0.00336244 0.998177 0.0604382 6.58589 -0.0183159 -0.0603664 0.998032 197.529
0.999849 0.00300168 0.0187373 1.26786 -0.00402236 0.99851 0.0546407 6.66143 -0.018544 -0.0547061 0.998356 198.948
0.999721 0.0128347 0.0214492 1.27051 -0.0139977 0.998403 0.0549203 6.72722 -0.0207087 -0.0552029 0.998284 200.347
0.99972 0.0144565 0.0202777 1.26937 -0.0156191 0.998184 0.058379 6.76623 -0.0193956 -0.0586776 0.998114 201.805
0.999669 0.0151908 0.0222742 1.28657 -0.0165272 0.998009 0.0610384 6.8251 -0.0213013 -0.0613841 0.997911 203.222
0.999725 0.0143793 0.0201522 1.31255 -0.0156213 0.99791 0.0628712 6.90426 -0.0192049 -0.0631668 0.997843 204.67
0.999752 0.0143368 0.0189493 1.33716 -0.0154932 0.997949 0.0622839 6.98927 -0.0180162 -0.0625596 0.997903 206.105
0.999768 0.0132005 0.0187653 1.36518 -0.0143461 0.997968 0.0622598 7.05874 -0.0179043 -0.0625128 0.997908 207.513
0.99978 0.0142893 0.0174049 1.38314 -0.0153604 0.997908 0.0629663 7.15569 -0.0164674 -0.0632176 0.997888 208.981
0.999768 0.0153897 0.0170585 1.39797 -0.0164433 0.997862 0.0634259 7.23828 -0.0160451 -0.0636897 0.997866 210.388
0.999707 0.0193862 0.0166516 1.41683 -0.0204176 0.997746 0.0641027 7.33159 -0.01537 -0.0644216 0.99783 211.876
0.999694 0.020188 0.0164592 1.43282 -0.0212269 0.997632 0.0655854 7.43251 -0.0150953 -0.0659127 0.997737 213.336
0.999673 0.0200722 0.0178462 1.45372 -0.0211923 0.997679 0.0648916 7.51551 -0.016501 -0.0652462 0.997758 214.769
0.999688 0.0205825 0.0163748 1.46913 -0.0215952 0.997711 0.0642654 7.5973 -0.0150137 -0.0645969 0.997825 216.262
0.999643 0.0215548 0.0178273 1.48898 -0.022644 0.997751 0.0632732 7.67623 -0.0164219 -0.0636518 0.997863 217.698
0.999634 0.0239379 0.0150505 1.49886 -0.024843 0.997708 0.0631418 7.75721 -0.0135037 -0.0634905 0.997918 219.18
0.999583 0.0254412 0.0160082 1.5132 -0.026398 0.997699 0.0626307 7.8382 -0.0143765 -0.0630246 0.997935 220.635
0.99958 0.0271194 0.013207 1.5241 -0.0278962 0.997654 0.0627041 7.91465 -0.0114747 -0.063044 0.997972 222.124
0.999555 0.0281256 0.0129578 1.53629 -0.0288881 0.997613 0.062904 7.98794 -0.0111563 -0.0632478 0.997962 223.607
0.999514 0.029224 0.0136935 1.5427 -0.0300274 0.997593 0.0626954 8.06669 -0.0118275 -0.0630738 0.997966 225.083
0.999551 0.0286863 0.012037 1.55101 -0.0293906 0.997592 0.0630124 8.14165 -0.0101991 -0.0633353 0.997968 226.58
0.999621 0.0257224 0.0129035 1.55822 -0.0264937 0.997631 0.0636755 8.21194 -0.0112343 -0.063991 0.997915 228.059
0.999611 0.026351 0.0124377 1.58001 -0.02709 0.997628 0.063469 8.30569 -0.0107343 -0.0637787 0.997934 229.556
0.999595 0.0267574 0.0128287 1.59035 -0.027519 0.997619 0.0634281 8.39049 -0.0111003 -0.0637532 0.997932 231.045
0.999569 0.0270254 0.0143006 1.59358 -0.0278749 0.997643 0.0628983 8.48421 -0.0125656 -0.0632671 0.997947 232.541
0.999575 0.0273347 0.0132051 1.61383 -0.0281085 0.997662 0.0624929 8.5679 -0.0114652 -0.0628353 0.997987 234.037
0.999544 0.0277892 0.0145843 1.6221 -0.0286442 0.997675 0.0620401 8.648 -0.0128249 -0.0624268 0.997996 235.534
0.999567 0.0276933 0.0131095 1.63887 -0.0284544 0.997683 0.0619819 8.73282 -0.0113619 -0.0623258 0.998021 237.033
0.99958 0.0268669 0.0137878 1.64783 -0.027679 0.997676 0.0624565 8.80979 -0.0120763 -0.0628092 0.997982 238.539
0.999556 0.0265333 0.0160346 1.66065 -0.0274865 0.997678 0.0625042 8.88729 -0.0143382 -0.0629148 0.997946 240.042
0.999548 0.0270283 0.0157068 1.67987 -0.0279504 0.997715 0.0617237 8.97298 -0.0140012 -0.0621321 0.997999 241.567
0.999511 0.0273822 0.0173962 1.69021 -0.028394 0.997754 0.0608666 9.05818 -0.0156897 -0.0613284 0.998025 243.071
0.999517 0.027631 0.0166415 1.71031 -0.0285993 0.99774 0.0610083 9.13652 -0.0149167 -0.0614519 0.998028 244.586
0.999538 0.0267284 0.0168523 1.73158 -0.0277257 0.997702 0.0620356 9.2075 -0.0151547 -0.0624718 0.997963 246.108
0.999518 0.0267332 0.0180069 1.74755 -0.0278101 0.997675 0.0624178 9.28766 -0.016295 -0.0628857 0.997918 247.619
0.999543 0.0267498 0.0165015 1.77541 -0.0277198 0.997724 0.0616776 9.37564 -0.0148133 -0.0621045 0.997991 249.147
0.999537 0.0259746 0.0180809 1.78332 -0.0270655 0.997666 0.0629026 9.4528 -0.0164034 -0.06336 0.997887 250.659
0.999564 0.0257746 0.0168484 1.80843 -0.0267922 0.997649 0.0632671 9.53888 -0.0151774 -0.0636884 0.997885 252.194
0.999543 0.0253029 0.0187147 1.82258 -0.0264536 0.997613 0.0639736 9.62577 -0.0170499 -0.0644366 0.997808 253.705
0.999579 0.0251938 0.0168373 1.84527 -0.0262177 0.99764 0.0636514 9.71182 -0.0151932 -0.0640635 0.997861 255.251
0.999587 0.0247234 0.0170412 1.86738 -0.0257672 0.997633 0.0639518 9.80548 -0.0154185 -0.0643617 0.997839 256.775
0.999565 0.0246648 0.0183671 1.89068 -0.0257932 0.99763 0.0639714 9.89749 -0.016745 -0.0644148 0.997813 258.288
0.999586 0.0254355 0.0160571 1.92205 -0.0264046 0.997661 0.0632641 9.98955 -0.0144092 -0.0636589 0.9979 259.812
0.999543 0.0264806 0.0170356 1.9404 -0.0275058 0.997643 0.0630714 10.0692 -0.0153246 -0.0635088 0.997894 261.337
0.999547 0.0267341 0.0163903 1.97483 -0.0277291 0.997594 0.0637539 10.156 -0.0146453 -0.0641765 0.997864 262.869
0.999546 0.0266892 0.0165218 2.00209 -0.0276901 0.997601 0.063658 10.2538 -0.0147824 -0.0640842 0.997866 264.409
0.999527 0.0266971 0.0177126 2.01857 -0.027764 0.997645 0.0629303 10.3416 -0.0159896 -0.0633892 0.997895 265.946
0.999533 0.0269315 0.0169446 2.04454 -0.0279431 0.99766 0.0626145 10.4294 -0.0152181 -0.0630562 0.997925 267.464
0.999465 0.0280488 0.0190964 2.0569 -0.0291964 0.997621 0.0626547 10.5139 -0.0172924 -0.0631757 0.997887 268.999
0.999443 0.0291821 0.018462 2.08096 -0.0302811 0.997607 0.0623615 10.5948 -0.0165974 -0.0628834 0.997914 270.531
0.999396 0.0301655 0.0194918 2.10137 -0.0313241 0.997593 0.0620784 10.675 -0.0175712 -0.0626483 0.997916 272.065
0.999293 0.0312135 0.0228052 2.11851 -0.0325786 0.997547 0.062175 10.7527 -0.0208079 -0.0628716 0.997836 273.593
0.999304 0.0314149 0.0220708 2.15152 -0.0327301 0.997557 0.0619357 10.8376 -0.0200701 -0.0626119 0.997872 275.13
0.999206 0.0319268 0.0255011 2.17248 -0.03345 0.997546 0.061736 10.919 -0.0234666 -0.0625375 0.997799 276.652
0.999227 0.031861 0.024756 2.20802 -0.0333388 0.99755 0.0617208 11.001 -0.0227278 -0.0624954 0.997822 278.19
0.999197 0.0320789 0.0256688 2.24357 -0.0336241 0.99751 0.0622277 11.0834 -0.0236078 -0.0630382 0.997765 279.726
0.999102 0.0317364 0.029508 2.28117 -0.0335442 0.99747 0.0628933 11.1685 -0.027436 -0.0638236 0.99762 281.249
0.999154 0.0320591 0.0273153 2.31845 -0.0337593 0.997377 0.0642483 11.2552 -0.0251829 -0.0651135 0.997593 282.794
0.999048 0.0320079 0.0310166 2.3645 -0.0339282 0.997422 0.0634617 11.3421 -0.0289039 -0.0644504 0.997538 284.313
0.999149 0.0321059 0.0274679 2.39124 -0.0338178 0.997371 0.0643196 11.4386 -0.0253296 -0.0651912 0.997584 285.866
0.999172 0.0320123 0.0267353 2.42781 -0.0336963 0.997327 0.0650584 11.5316 -0.0245798 -0.0659023 0.997559 287.408
0.999128 0.0312656 0.0291842 2.47471 -0.0331448 0.997265 0.0663011 11.6208 -0.0270302 -0.067208 0.997407 288.937
0.999199 0.0317667 0.0260092 2.51121 -0.0334405 0.997233 0.0666164 11.7144 -0.0238197 -0.0674296 0.997476 290.493
0.999121 0.0317739 0.0288852 2.55022 -0.0336231 0.99727 0.0659645 11.8039 -0.0267093 -0.0668751 0.997438 292.027
0.999184 0.0322982 0.0259382 2.58538 -0.033983 0.997167 0.0673258 11.8999 -0.0236889 -0.0681491 0.99743 293.591
0.99921 0.0320303 0.0252615 2.61729 -0.0336814 0.997138 0.0679006 11.9889 -0.0230132 -0.0686951 0.997406 295.151
0.999151 0.032129 0.0273834 2.66307 -0.0339537 0.997057 0.0689545 12.0853 -0.025086 -0.0698223 0.997282 296.7
0.999166 0.033338 0.0253333 2.69824 -0.0350554 0.996897 0.0706877 12.1809 -0.022897 -0.0715142 0.997211 298.275
0.999075 0.0337176 0.0283002 2.73502 -0.035647 0.996879 0.0706486 12.2825 -0.0258284 -0.0715887 0.997138 299.845
0.999061 0.0343841 0.0279805 2.77552 -0.0363103 0.996793 0.0715289 12.3813 -0.02543 -0.0724749 0.997081 301.433
0.99906 0.034106 0.028365 2.81778 -0.0360625 0.9968 0.071547 12.4802 -0.0258327 -0.0724993 0.997071 303.015
0.999047 0.0323073 0.0308259 2.8593 -0.034381 0.997019 0.0693011 12.5736 -0.0284938 -0.0702921 0.997155 304.588
0.999054 0.0324738 0.0304024 2.91235 -0.0345056 0.997046 0.0688367 12.6683 -0.0280758 -0.0698174 0.997202 306.187
0.999013 0.0329215 0.0312593 2.95668 -0.0349929 0.997072 0.0682093 12.7595 -0.0289209 -0.069233 0.997217 307.8
0.999077 0.0336195 0.0283425 3.00971 -0.0354893 0.997053 0.068232 12.8517 -0.0259637 -0.0691716 0.997305 309.396
0.999112 0.0342303 0.0262932 3.04667 -0.0359621 0.997018 0.0684995 12.9531 -0.0238688 -0.0693813 0.99734 310.998
0.99906 0.0349148 0.0273703 3.07287 -0.0367769 0.996833 0.0707276 13.053 -0.0248129 -0.0716643 0.997159 312.607
0.999131 0.0337032 0.0262945 3.12135 -0.0355887 0.996573 0.0748872 13.1555 -0.0236791 -0.0757547 0.996882 314.234
0.99909 0.0333186 0.0282477 3.14812 -0.0353559 0.996577 0.0749355 13.2765 -0.0256529 -0.0758625 0.996826 315.839
0.999117 0.0328848 0.0277903 3.19362 -0.0349122 0.996517 0.0759371 13.3845 -0.0251949 -0.0768371 0.996762 317.474
0.999079 0.0325691 0.0294922 3.22658 -0.0347348 0.996509 0.0761221 13.501 -0.0269087 -0.0770727 0.996701 319.079
0.999115 0.0324728 0.0283837 3.2799 -0.0345745 0.996447 0.0769997 13.6188 -0.025781 -0.0779096 0.996664 320.701
0.999103 0.0322065 0.0290924 3.32474 -0.0343957 0.996365 0.0781343 13.7353 -0.0264689 -0.0790611 0.996558 322.321
0.999017 0.0325153 0.0315834 3.35911 -0.0349099 0.996318 0.078498 13.8604 -0.0289132 -0.0795201 0.996452 323.928
0.999025 0.0330194 0.0308068 3.4088 -0.03537 0.996253 0.0791221 13.98 -0.0280774 -0.0801308 0.996428 325.547
0.998938 0.0329681 0.0335573 3.45044 -0.0356103 0.996056 0.0814627 14.098 -0.0307377 -0.0825677 0.99615 327.151
0.998995 0.0326766 0.0321184 3.51026 -0.0352614 0.995902 0.0834722 14.2293 -0.0292578 -0.0845168 0.996032 328.767
0.998992 0.0330083 0.0318995 3.55871 -0.0355853 0.995852 0.0839282 14.357 -0.0289954 -0.0849751 0.996 330.372
0.998954 0.0320971 0.033954 3.60098 -0.034955 0.995594 0.0871912 14.5022 -0.0310044 -0.0882827 0.995653 331.975
0.99899 0.0327562 0.0322156 3.65438 -0.0354737 0.995525 0.0877628 14.6503 -0.0291951 -0.0888132 0.995659 333.581
0.998919 0.0334434 0.033681 3.69217 -0.0363558 0.995304 0.0898964 14.779 -0.0305147 -0.0910195 0.995422 335.175
0.99897 0.034163 0.0313624 3.7438 -0.0368834 0.995209 0.0907175 14.9185 -0.0281115 -0.0917771 0.99542 336.784
0.998989 0.0343012 0.0306187 3.78709 -0.0370299 0.994949 0.0934795 15.0503 -0.027256 -0.0945144 0.995191 338.392
0.998964 0.0344847 0.0312606 3.8229 -0.0373264 0.994752 0.095423 15.1949 -0.0278044 -0.0964869 0.994984 339.978
0.999036 0.0344295 0.0288987 3.87208 -0.0370967 0.994566 0.097449 15.3373 -0.0253849 -0.0984226 0.994862 341.583
0.999045 0.034621 0.0283831 3.90496 -0.0372405 0.994538 0.0976667 15.485 -0.0248453 -0.0986264 0.994854 343.162
0.999131 0.0340718 0.025872 3.94875 -0.0364632 0.994499 0.0983625 15.6335 -0.0223767 -0.0992159 0.994855 344.766
0.999175 0.0335256 0.0249224 3.98607 -0.0358416 0.994439 0.0991857 15.7781 -0.0214571 -0.099993 0.994796 346.353
0.999184 0.0329276 0.0252872 4.01732 -0.0353071 0.994355 0.100216 15.9231 -0.021843 -0.101022 0.994687 347.908
0.999219 0.0328597 0.0240292 4.05943 -0.0351235 0.9943 0.100823 16.0781 -0.0205778 -0.101584 0.994654 349.501
0.999182 0.0328994 0.0254322 4.08746 -0.035309 0.994285 0.100904 16.2404 -0.0219656 -0.101715 0.994614 351.07
0.999199 0.0329469 0.0247682 4.12719 -0.0352987 0.994231 0.101443 16.3955 -0.0212816 -0.102232 0.994573 352.669
0.999192 0.0330282 0.0249062 4.16244 -0.0353937 0.994235 0.101372 16.5531 -0.0214129 -0.102167 0.99458 354.249
0.999156 0.033228 0.0260826 4.18997 -0.0357181 0.994193 0.101671 16.7171 -0.0225514 -0.102513 0.994516 355.805
0.999167 0.0334482 0.0253522 4.22848 -0.0358752 0.994133 0.102195 16.878 -0.0217836 -0.103014 0.994484 357.4
0.999133 0.033462 0.0266376 4.26365 -0.0360293 0.994086 0.102593 17.042 -0.0230457 -0.10346 0.994407 358.958
0.999174 0.0332994 0.0252801 4.30295 -0.0357512 0.993988 0.103635 17.1979 -0.0216756 -0.104448 0.994338 360.547
0.999187 0.0327368 0.0254896 4.34222 -0.0352462 0.993843 0.105191 17.3653 -0.0218876 -0.106 0.994165 362.124
0.999152 0.0325712 0.0270442 4.37852 -0.0352803 0.993695 0.106567 17.5272 -0.0234012 -0.107426 0.993982 363.692
0.999181 0.0327489 0.0257485 4.42208 -0.0353367 0.993593 0.107491 17.7025 -0.0220619 -0.108309 0.993913 365.276
0.999134 0.0325736 0.0276975 4.45759 -0.0354015 0.993474 0.108575 17.8833 -0.0239785 -0.109456 0.993747 366.852
0.999144 0.0330501 0.0267746 4.49905 -0.0358034 0.993312 0.109908 18.0593 -0.0229616 -0.110768 0.993621 368.439
0.999076 0.0330108 0.0292418 4.53208 -0.0360778 0.993135 0.11141 18.2303 -0.0253618 -0.112356 0.993389 370.013
0.999093 0.0332861 0.0283451 4.57974 -0.0362513 0.993119 0.111497 18.3976 -0.0244372 -0.112419 0.993401 371.603
0.999084 0.0332041 0.0287595 4.6203 -0.0362579 0.992938 0.113096 18.5696 -0.0247997 -0.114029 0.993213 373.191
0.999019 0.0333648 0.0307677 4.6592 -0.0366655 0.992837 0.113842 18.745 -0.0267474 -0.114854 0.993063 374.771
0.999058 0.0333153 0.0295157 4.70337 -0.0365308 0.992586 0.11606 18.926 -0.0254287 -0.117022 0.992849 376.37
0.998993 0.033691 0.0312626 4.74237 -0.0371299 0.992466 0.116893 19.096 -0.0270872 -0.117932 0.992693 377.944
0.998993 0.034479 0.0303906 4.78629 -0.0378322 0.992347 0.117683 19.2801 -0.0260988 -0.118709 0.992632 379.553
0.998944 0.0355466 0.0307944 4.82689 -0.0389452 0.992276 0.11791 19.458 -0.0263634 -0.11898 0.992588 381.148
0.998841 0.0361734 0.0332822 4.87058 -0.0398585 0.99227 0.117664 19.6311 -0.028767 -0.118847 0.992542 382.736
0.998891 0.0363735 0.0315306 4.9137 -0.0399366 0.991873 0.120943 19.8153 -0.0268734 -0.122063 0.992201 384.348
0.998791 0.0368423 0.0340455 4.95638 -0.040748 0.991686 0.122195 19.9895 -0.0292589 -0.123428 0.991969 385.933
0.998809 0.037466 0.0328264 5.00117 -0.0412413 0.991551 0.123125 20.1603 -0.0279341 -0.124327 0.991891 387.548
0.998764 0.0382761 0.0332667 5.04601 -0.0421101 0.991478 0.123415 20.3366 -0.0282577 -0.124657 0.991844 389.155
0.99871 0.0380924 0.0350492 5.08675 -0.0421734 0.991374 0.12423 20.5158 -0.0300127 -0.125543 0.991678 390.744
