1 0 0 0 0 1 0 0 0 0 1 0
0.999999 0.00037115 0.00165371 -0.00347327 -0.000371962 1 0.000452891 -0.0229249 -0.00165359 -0.000453434 0.999999 1.1878
0.999996 0.000476212 0.00308671 -0.00261193 -0.000480243 0.999999 0.00129846 -0.032939 -0.00308612 -0.00129993 0.999995 2.38522
0.999992 0.000279415 0.00414685 -0.00132153 -0.000288207 0.999997 0.00211951 -0.0415144 -0.00414637 -0.00212061 0.99999 3.58455
0.999988 0.00012216 0.00494395 -0.000401218 -0.000135737 0.999996 0.00275023 -0.0489072 -0.0049436 -0.00275086 0.999984 4.78399
0.999983 -6.84829e-05 0.00600594 0.00410378 4.70717e-05 0.999993 0.00357136 -0.0473943 -0.00600623 -0.0035709 0.999977 5.98012
0.999978 -9.07393e-05 0.00668406 0.00775246 6.44036e-05 0.999993 0.00394603 -0.0523034 -0.00668429 -0.00394551 0.99997 7.17911
0.999973 7.71161e-05 0.00751929 0.0120773 -0.000111841 0.999989 0.00462259 -0.0546551 -0.00751893 -0.00462319 0.999962 8.3747
0.999972 0.000175806 0.00769169 0.0166605 -0.000220193 0.999984 0.0057709 -0.0550087 -0.00769045 -0.00577238 0.999955 9.57414
0.99998 0.000230631 0.00662627 0.021166 -0.000275894 0.999977 0.00684323 -0.0469616 -0.0066246 -0.00684483 0.999956 10.7755
0.999992 0.00015395 0.00440902 0.0229285 -0.000186845 0.999973 0.00746674 -0.0416931 -0.00440771 -0.00746745 0.999963 11.9699
0.999999 0.000325446 0.00238033 0.0237811 -0.000344527 0.999968 0.00803818 -0.0384842 -0.00237768 -0.00803887 0.999967 13.1597
1 0.000459128 0.00105536 0.0185699 -0.000468326 0.999962 0.00872979 -0.0339021 -0.00105131 -0.00873025 0.999962 14.345
1 0.00117201 -0.000283437 0.0176344 -0.00116924 0.999955 0.00948129 -0.0357684 0.000294554 -0.00948083 0.999958 15.5301
1 0.00104492 0.000257626 0.0117997 -0.0010476 0.999945 0.0104183 -0.0360112 -0.000246763 -0.0104185 0.999947 16.731
1 0.00118715 0.00038646 0.00920461 -0.00119149 0.999933 0.0115839 -0.0352113 -0.000372692 -0.0115842 0.999936 17.9352
1 0.00132981 -0.000872638 0.00796505 -0.00131866 0.999919 0.0126617 -0.0299236 0.000889421 -0.0126606 0.999921 19.1238
1 0.00141094 -0.000727872 0.00293249 -0.00140142 0.999916 0.0128832 -0.0242648 0.000745954 -0.012882 0.999919 20.3273
1 0.00144148 -0.00203816 -0.00101123 -0.00141279 0.999901 0.0140097 -0.0170663 0.00205816 -0.0140068 0.999902 21.5121
0.999997 0.00169662 -0.00287753 -0.00628917 -0.00165362 0.999888 0.0148718 -0.0132688 0.00290239 -0.0148668 0.999889 22.7112
0.999998 0.00192208 -0.00262392 -0.0176867 -0.00188098 0.999877 0.0155763 -0.00288442 0.00265356 -0.0155713 0.999877 23.9125
0.999991 0.00252409 -0.00438154 -0.0231224 -0.00245303 0.999867 0.0161456 -0.000461201 0.00442166 -0.0161345 0.999864 25.1003
0.999989 0.00283838 -0.00438098 -0.037873 -0.00276117 0.999842 0.0175288 0.0146753 0.00443006 -0.0175165 0.999839 26.2999
0.999982 0.00232295 -0.00612753 -0.0452323 -0.0022059 0.999816 0.0190406 0.0342268 0.00617061 -0.0190265 0.999804 27.4846
0.999976 0.00223066 -0.00710342 -0.0543753 -0.00209067 0.999805 0.019644 0.0432522 0.00714591 -0.0196286 0.999784 28.6753
0.99998 0.00209886 -0.00674275 -0.062354 -0.00196267 0.999795 0.0201572 0.0573454 0.00678367 -0.0201432 0.999778 29.8796
0.999967 0.00197274 -0.00839643 -0.0741873 -0.00179751 0.999782 0.0208148 0.0678728 0.00843571 -0.0207989 0.99975 31.0667
0.999971 0.00215653 -0.00805504 -0.0894153 -0.00198543 0.999773 0.0212076 0.079843 0.00809894 -0.0211906 0.999747 32.2701
0.999956 0.00193565 -0.00961228 -0.102209 -0.00172404 0.999757 0.0219642 0.0930685 0.00965255 -0.0219466 0.999715 33.4623
0.999951 0.00195659 -0.0102253 -0.118232 -0.00172618 0.999745 0.0225095 0.107084 0.0102667 -0.0224905 0.999699 34.6606
0.999954 0.00206426 -0.00985174 -0.138677 -0.00183281 0.999724 0.0234355 0.114724 0.00989751 -0.0234163 0.99968 35.8625
0.999941 0.00223463 -0.0111507 -0.155451 -0.00196706 0.999711 0.0239638 0.135556 0.0112009 -0.0239401 0.999656 37.058
0.999944 0.00247427 -0.0106994 -0.173042 -0.00220599 0.999685 0.0250076 0.144723 0.010758 -0.0249826 0.999633 38.2573
0.999935 0.0032604 -0.0114763 -0.188191 -0.00295869 0.999652 0.0262238 0.167771 0.0115576 -0.0261878 0.999597 39.4558
0.999935 0.00386612 -0.011181 -0.210032 -0.00355919 0.999621 0.0273428 0.189267 0.0112826 -0.0273012 0.999567 40.6551
0.999943 0.00437964 -0.0103676 -0.232698 -0.0040894 0.999604 0.0278652 0.222677 0.0104854 -0.0278208 0.999565 41.8515
0.999934 0.00485619 -0.0109688 -0.244456 -0.00453831 0.999575 0.0288266 0.243655 0.0111043 -0.0287748 0.999528 43.0325
0.999943 0.00575504 -0.0096711 -0.26465 -0.00545865 0.999524 0.0304141 0.267528 0.00984139 -0.0303591 0.999498 44.2384
0.999946 0.00589354 -0.00913265 -0.27575 -0.00559152 0.999449 0.0327507 0.284312 0.00932093 -0.0326979 0.999426 45.4364
0.99996 0.00631263 -0.00740995 -0.291471 -0.00605215 0.999381 0.034684 0.309354 0.0076242 -0.0346372 0.999379 46.638
0.99997 0.00687235 -0.00494499 -0.308968 -0.00668584 0.999302 0.0367961 0.34245 0.00519468 -0.0367619 0.999314 47.8438
0.999975 0.00678763 -0.00432451 -0.314179 -0.00661732 0.999247 0.0382681 0.370105 0.00458095 -0.038238 0.999266 49.0427
0.999981 0.0065419 -0.00274678 -0.320082 -0.00643067 0.999229 0.0387535 0.401441 0.0029984 -0.0387351 0.999249 50.2428
0.999985 0.00675345 -0.000640507 -0.331239 -0.00672264 0.999186 0.0397876 0.446773 0.000908746 -0.0397821 0.999216 51.4452
0.999979 0.00728411 -0.000583246 -0.331317 -0.00725531 0.999188 0.0396538 0.503162 0.000871743 -0.0396488 0.999217 52.6456
0.999979 0.00759987 0.000526713 -0.337535 -0.00761489 0.999171 0.0400102 0.54872 -0.000222134 -0.0400128 0.999208 53.8488
0.999977 0.00762272 -0.00120675 -0.338379 -0.00756835 0.999167 0.0401199 0.598219 0.0015117 -0.0401099 0.999199 55.0475
0.999976 0.00753953 -0.00285684 -0.345807 -0.00741747 0.99915 0.0405744 0.642795 0.00316045 -0.0405516 0.999182 56.2421
0.999977 0.00714383 -0.0029276 -0.353931 -0.00701651 0.999115 0.0415008 0.684573 0.00322155 -0.0414793 0.999139 57.4477
0.999974 0.00687108 -0.00474931 -0.360159 -0.00666646 0.999103 0.0418556 0.72903 0.00503266 -0.0418223 0.999122 58.6517
0.999975 0.00687636 -0.00418612 -0.371669 -0.00669347 0.999084 0.0423032 0.775158 0.0044732 -0.0422741 0.999101 59.8508
0.999969 0.00691986 -0.00581788 -0.381364 -0.00666591 0.999071 0.042612 0.815662 0.0061074 -0.0425713 0.999085 61.0562
0.999966 0.00677988 -0.00608598 -0.392282 -0.00651123 0.999048 0.0431754 0.853035 0.00637289 -0.0431344 0.999054 62.2607
0.999975 0.00637224 -0.00538027 -0.404506 -0.00613094 0.999025 0.0437587 0.893415 0.00565396 -0.0437241 0.999039 63.4611
0.999965 0.00626005 -0.00671764 -0.412253 -0.00595605 0.998997 0.0444043 0.938625 0.00698886 -0.0443629 0.998997 64.664
0.999974 0.00605126 -0.00607116 -0.426127 -0.00577009 0.998957 0.0453344 0.98777 0.00633926 -0.0452976 0.998965 65.851
0.999962 0.00619037 -0.00724163 -0.436615 -0.00585591 0.998955 0.0453711 1.03821 0.00751492 -0.0453271 0.99895 67.0489
0.999962 0.00674162 -0.00721869 -0.454146 -0.00640295 0.998924 0.0459754 1.08922 0.00752097 -0.0459269 0.998928 68.2414
0.999962 0.00732815 -0.00621443 -0.475804 -0.0070342 0.998913 0.0461212 1.14996 0.00654567 -0.0460759 0.998923 69.4226
0.999957 0.00748924 -0.00728935 -0.489762 -0.00713948 0.998876 0.0468981 1.19844 0.00763242 -0.0468434 0.998884 70.617
0.999962 0.00777304 -0.00564283 -0.509396 -0.00749588 0.998839 0.0476286 1.24776 0.00600652 -0.0475844 0.998857 71.7938
0.999965 0.00773296 -0.00578266 -0.519787 -0.00744368 0.998798 0.0485075 1.29432 0.00615085 -0.0484622 0.998817 72.9866
0.999971 0.00786368 -0.00369994 -0.534725 -0.00767226 0.998759 0.0492577 1.34584 0.00408264 -0.0492278 0.998788 74.1699
0.999981 0.00782983 0.000131837 -0.541651 -0.00782702 0.998752 0.0493796 1.39772 0.000255024 -0.0493791 0.998791 75.3454
0.999978 0.00764401 0.00188931 -0.538751 -0.0077304 0.99869 0.0506347 1.43983 -0.00149976 -0.0506482 0.998725 76.5276
0.999962 0.00807319 0.00595056 -0.538616 -0.00836413 0.998689 0.050554 1.50891 -0.00553454 -0.0506012 0.998716 77.6866
0.99995 0.00805786 0.00735808 -0.532858 -0.00844468 0.998504 0.0540743 1.55875 -0.00691134 -0.0541338 0.998519 78.8679
0.999922 0.00802831 0.0108231 -0.527831 -0.00861531 0.998435 0.0552983 1.61718 -0.010362 -0.0553866 0.998424 80.0361
0.999837 0.00822486 0.0166463 -0.517254 -0.00915045 0.998375 0.0562818 1.68168 -0.0161563 -0.0564249 0.998286 81.1911
0.999808 0.00817134 0.0185518 -0.503839 -0.00924817 0.998235 0.0587025 1.74939 -0.0180393 -0.058862 0.998116 82.3509
0.999694 0.00801565 0.0238252 -0.481622 -0.00944929 0.998116 0.0606576 1.82283 -0.0232941 -0.0608642 0.997884 83.503
0.999606 0.00849506 0.0272171 -0.44849 -0.0101851 0.997992 0.0625597 1.87266 -0.0266309 -0.0628115 0.997683 84.626
0.999505 0.0076737 0.0308624 -0.414985 -0.00967315 0.997831 0.0651466 1.94737 -0.0302954 -0.0654127 0.997409 85.7827
0.999341 -0.000602172 0.0366585 -0.37067 -0.00221105 0.997058 0.0766406 2.15429 -0.0365969 -0.0766702 0.996398 86.9324
0.999119 -0.0130082 0.0401677 -0.327127 0.00981653 0.996857 0.0786356 2.3801 -0.0410643 -0.078172 0.996105 88.0421
0.998936 -0.0136268 0.0443566 -0.283861 0.0100784 0.996806 0.0792461 2.48777 -0.0452948 -0.0787138 0.995881 89.1889
0.998851 -0.0133512 0.0462646 -0.232539 0.00955216 0.99664 0.0813663 2.57319 -0.0471954 -0.0808308 0.995622 90.3337
0.998705 -0.0137033 0.0492549 -0.177724 0.00957669 0.996501 0.0830508 2.65346 -0.0502206 -0.0824707 0.995341 91.4844
0.998507 -0.0135054 0.053153 -0.120815 0.0089784 0.996386 0.0844906 2.74313 -0.0541019 -0.083887 0.995018 92.6378
0.99842 -0.01333 0.0548187 -0.0581616 0.00858137 0.996264 0.0859546 2.83907 -0.0557596 -0.0853475 0.994803 93.7892
0.998201 -0.0133143 0.0586615 0.00716721 0.00818916 0.996199 0.0867445 2.93598 -0.0595934 -0.0861078 0.994514 94.9274
0.998141 -0.0131717 0.0597278 0.0726488 0.00793764 0.996176 0.087028 3.03806 -0.0606455 -0.0863912 0.994427 96.0742
0.997985 -0.0130523 0.0622981 0.143023 0.00760371 0.99619 0.0868964 3.13918 -0.0631949 -0.0862473 0.99428 97.2207
0.997752 -0.0130253 0.0659435 0.219289 0.00726357 0.996195 0.0868642 3.22966 -0.0668239 -0.086189 0.994048 98.3776
0.997716 -0.0130943 0.0664564 0.289899 0.00726584 0.996168 0.0871862 3.323 -0.0673432 -0.0865038 0.993986 99.5456
0.997599 -0.0131084 0.0682061 0.365803 0.00709828 0.996131 0.0876191 3.4214 -0.0690905 -0.0869235 0.993829 100.71
0.997713 -0.0131496 0.0665101 0.439318 0.00722727 0.996051 0.0885002 3.51798 -0.0674111 -0.0878166 0.993867 101.882
0.997801 -0.0132457 0.0651496 0.510731 0.00739302 0.995983 0.0892623 3.60887 -0.0660701 -0.0885833 0.993888 103.062
0.997838 -0.0132265 0.0645993 0.582899 0.00737959 0.995924 0.0899122 3.7122 -0.0655252 -0.0892406 0.993866 104.236
0.998046 -0.013289 0.061298 0.651625 0.00771026 0.995881 0.0903589 3.81187 -0.0622462 -0.0897084 0.994035 105.434
0.998163 -0.0133769 0.0593394 0.717809 0.0079548 0.99585 0.090673 3.91642 -0.0603061 -0.0900338 0.994125 106.62
0.998403 -0.013394 0.0551527 0.779288 0.00832517 0.995807 0.0911221 4.02121 -0.0561419 -0.0905163 0.994325 107.819
0.998607 -0.0136057 0.0512592 0.837396 0.00886629 0.995761 0.0915612 4.12018 -0.0522878 -0.0909786 0.994493 109.023
0.998769 -0.0134161 0.0480736 0.902178 0.00892808 0.995686 0.0923765 4.22881 -0.0491055 -0.0918323 0.994577 110.227
0.999012 -0.0137356 0.0426048 0.949285 0.00971107 0.995597 0.0932484 4.33176 -0.043698 -0.092742 0.994745 111.442
0.99916 -0.0138453 0.0389626 0.994754 0.0101534 0.995579 0.0933961 4.43906 -0.0400834 -0.0929208 0.994881 112.642
0.999362 -0.0138355 0.0333572 1.03104 0.0106594 0.995559 0.0935531 4.54755 -0.0345034 -0.0931373 0.995069 113.867
0.999514 -0.0137491 0.0285054 1.06281 0.011029 0.995564 0.0934662 4.65702 -0.029664 -0.0931053 0.995229 115.086
0.999629 -0.0136037 0.0242303 1.0884 0.0112774 0.995543 0.0936485 4.75648 -0.0253963 -0.0933398 0.995325 116.299
0.999746 -0.0133688 0.0190002 1.1103 0.0115327 0.995541 0.0936447 4.8618 -0.0201671 -0.0934005 0.995439 117.536
0.999795 -0.0130234 0.0163685 1.12474 0.0114348 0.995545 0.0936101 4.97094 -0.0175147 -0.0934032 0.995489 118.744
0.999842 -0.0127085 0.0136804 1.13226 0.0113721 0.995541 0.0936596 5.08218 -0.0148095 -0.0934878 0.995525 119.986
0.999857 -0.0125615 0.012544 1.14227 0.0113295 0.995528 0.093803 5.18105 -0.0136662 -0.0936468 0.995526 121.224
0.99987 -0.0122094 0.0119873 1.14494 0.0110321 0.995535 0.0937651 5.28946 -0.0130784 -0.0936193 0.995537 122.441
0.999887 -0.0119975 0.010485 1.15061 0.0109569 0.995499 0.0941523 5.39689 -0.0115674 -0.0940262 0.995517 123.689
0.999892 -0.0120084 0.0101752 1.16116 0.0109889 0.995428 0.0948999 5.49603 -0.0112681 -0.0947765 0.99545 124.914
0.999912 -0.0114551 0.00858978 1.16244 0.0105881 0.995435 0.0948716 5.61685 -0.00963745 -0.0947715 0.995467 126.17
0.999943 -0.00918763 0.00788312 1.16721 0.00837788 0.995232 0.097197 5.74154 -0.0087383 -0.0971242 0.995249 127.43
0.99994 -0.00919298 0.00807348 1.17001 0.00835762 0.99516 0.0979304 5.85026 -0.00893461 -0.0978563 0.995175 128.665
0.999954 -0.00893533 0.00665856 1.17159 0.00823555 0.9951 0.0985451 5.96413 -0.00750621 -0.0984844 0.995126 129.926
0.999946 -0.00979217 0.00653264 1.17308 0.00909644 0.995045 0.099032 6.08882 -0.00746988 -0.0989663 0.995078 131.153
0.999956 -0.00979358 0.00517772 1.1796 0.00923191 0.995034 0.0991247 6.21269 -0.00612244 -0.0990711 0.995077 132.424
0.999955 -0.00992098 0.00481524 1.18153 0.00939023 0.994966 0.0997933 6.33106 -0.00578094 -0.0997426 0.995012 133.677
0.999958 -0.00972578 0.00500259 1.18462 0.00917539 0.994928 0.100188 6.4524 -0.00595125 -0.100137 0.994972 134.909
0.999962 -0.009495 0.0040953 1.19574 0.00902968 0.994798 0.101491 6.56644 -0.00503752 -0.10145 0.994844 136.184
0.999961 -0.00923172 0.00527 1.19108 0.00864756 0.994779 0.101704 6.69057 -0.00618105 -0.101653 0.994817 137.436
0.999957 -0.00965954 0.00488758 1.20016 0.00911305 0.994797 0.101488 6.81302 -0.00584241 -0.101438 0.99484 138.707
0.999959 -0.00947841 0.00526252 1.20227 0.00889343 0.994772 0.101748 6.93866 -0.00619909 -0.101696 0.994812 139.976
0.99995 -0.00917021 0.00696836 1.20023 0.00840389 0.994656 0.102926 7.06174 -0.00787493 -0.102861 0.994681 141.248
0.999956 -0.00894139 0.00664169 1.20419 0.00820715 0.994617 0.103309 7.19325 -0.00752941 -0.103248 0.994644 142.515
0.999951 -0.00882749 0.00732243 1.20805 0.00802008 0.994578 0.103713 7.31192 -0.00819815 -0.103648 0.994597 143.781
0.999938 -0.00867515 0.00912556 1.20912 0.00768408 0.994603 0.103488 7.44234 -0.00997372 -0.10341 0.994605 145.046
0.999945 -0.00848179 0.008525 1.221 0.00755741 0.994644 0.103106 7.57378 -0.00935378 -0.103034 0.994651 146.314
0.999929 -0.00827222 0.0104538 1.22688 0.00715036 0.994649 0.103091 7.69558 -0.0112504 -0.103008 0.994634 147.571
0.999936 -0.00823223 0.009732 1.236 0.00718644 0.994663 0.102949 7.82502 -0.0105275 -0.102871 0.994656 148.826
0.999937 -0.00828354 0.00970251 1.24672 0.00723928 0.994651 0.103066 7.94454 -0.010504 -0.102987 0.994644 150.086
0.999923 -0.00837447 0.0109665 1.24856 0.00719011 0.994568 0.103864 8.06762 -0.0117767 -0.103776 0.994548 151.343
0.999937 -0.00813672 0.00978442 1.26303 0.00707303 0.994536 0.104178 8.20209 -0.0105782 -0.104101 0.994528 152.605
0.999927 -0.00809152 0.0107803 1.26623 0.00691319 0.994436 0.105136 8.32973 -0.0115708 -0.105052 0.994417 153.866
0.999941 -0.00799897 0.00954953 1.27366 0.00694763 0.994407 0.105419 8.45835 -0.010339 -0.105345 0.9944 155.127
0.999948 -0.00787057 0.00889346 1.27959 0.00688594 0.994374 0.105727 8.58472 -0.00967535 -0.105659 0.994373 156.383
0.999948 -0.00755176 0.00928951 1.27997 0.00652512 0.994355 0.105932 8.71452 -0.0100366 -0.105864 0.994348 157.635
0.999961 -0.00752431 0.00763165 1.28805 0.00666921 0.994301 0.106413 8.84119 -0.00838865 -0.106357 0.994311 158.896
0.99996 -0.00720912 0.00814068 1.28965 0.00629517 0.994225 0.107157 8.97024 -0.00886579 -0.107099 0.994227 160.146
0.999974 -0.00699369 0.00645867 1.29468 0.00625966 0.994205 0.107335 9.09983 -0.00717172 -0.10729 0.99422 161.399
0.99998 -0.00674674 0.00590709 1.2961 0.00606956 0.994142 0.107935 9.22743 -0.00660034 -0.107895 0.994158 162.648
0.999977 -0.00679938 0.00618677 1.29735 0.00609009 0.99412 0.108126 9.35725 -0.00688536 -0.108084 0.994136 163.916
0.999988 -0.00695087 0.0041871 1.29999 0.0064557 0.994088 0.10841 9.47726 -0.0049155 -0.108379 0.994115 165.166
0.999985 -0.00705035 0.00450076 1.29337 0.00651943 0.994069 0.108569 9.60945 -0.00523931 -0.108537 0.994097 166.42
0.999992 -0.00694849 0.00299743 1.29721 0.0065801 0.994025 0.108977 9.74206 -0.00373635 -0.108954 0.994058 167.678
0.999993 -0.00693355 0.00212129 1.29627 0.00665762 0.993918 0.109938 9.87442 -0.00287052 -0.109922 0.993955 168.936
0.999994 -0.00689503 0.00220839 1.29134 0.00660812 0.993847 0.110582 10.0016 -0.00295689 -0.110564 0.993884 170.193
0.999998 -0.00662952 0.00032438 1.29098 0.00655154 0.993774 0.111238 10.1317 -0.00105977 -0.111234 0.993813 171.454
1 -0.00636533 0.000835917 1.28245 0.00623066 0.993653 0.112329 10.2616 -0.00154525 -0.112321 0.99369 172.708
1 -0.00615183 -0.000654942 1.27791 0.00618568 0.993573 0.113044 10.3973 -4.4608e-05 -0.113046 0.993609 173.968
1 -0.00596314 -0.0013029 1.27046 0.00607209 0.993508 0.113619 10.5391 0.000617337 -0.113625 0.993543 175.224
1 -0.00590392 -0.000745225 1.25911 0.00594971 0.993443 0.114193 10.6754 6.62081e-05 -0.114195 0.993479 176.481
1 -0.00589315 -0.00218649 1.25619 0.00610445 0.993394 0.114608 10.8124 0.00149704 -0.114619 0.993428 177.726
1 -0.0058065 -0.000780913 1.24838 0.00585708 0.99333 0.115176 10.9479 0.000106969 -0.115179 0.993365 178.981
1 -0.00598682 -0.00199242 1.25172 0.00617772 0.993179 0.116456 11.0838 0.00128199 -0.116466 0.993214 180.232
1 -0.00549088 -0.00237146 1.24651 0.00573328 0.992893 0.118892 11.2262 0.00170187 -0.118904 0.992925 181.488
1 -0.00568608 -0.00176698 1.24082 0.0058575 0.992666 0.12076 11.3716 0.00106766 -0.120769 0.9927 182.75
1 -0.00529444 -0.0028359 1.23417 0.00559887 0.992592 0.121384 11.5188 0.00217227 -0.121398 0.992622 183.992
1.00001 -0.0050293 -0.0014033 1.22321 0.00516226 0.992574 0.121546 11.6761 0.000781892 -0.121552 0.992605 185.239
1.00001 -0.00493157 -0.00257075 1.21363 0.00520774 0.992523 0.121958 11.8189 0.00195014 -0.12197 0.992553 186.47
1.00001 -0.00491118 -0.00281198 1.20447 0.0052191 0.992418 0.122819 11.9622 0.00218774 -0.122831 0.992446 187.71
1.00001 -0.00476126 -0.00145014 1.19487 0.0049038 0.992281 0.123925 12.111 0.000848915 -0.123931 0.992312 188.947
1.00001 -0.0046933 -0.00209211 1.1871 0.00491765 0.992156 0.124925 12.2572 0.00148961 -0.124933 0.992185 190.166
1.00001 -0.00498346 -0.00046687 1.18353 0.00500213 0.992012 0.126061 12.4153 -0.000165118 -0.126062 0.992044 191.394
1.00001 -0.0047502 0.000341813 1.17937 0.00466902 0.992023 0.125989 12.5588 -0.000937362 -0.125986 0.992052 192.596
1.00001 -0.0046193 0.00168934 1.18319 0.0043686 0.991987 0.126278 12.6943 -0.00225913 -0.12627 0.992015 193.821
1.00001 -0.00383367 0.00338922 1.18159 0.00337211 0.991905 0.126951 12.8366 -0.00384826 -0.126938 0.991925 195.054
1.00001 -0.0036756 0.00439165 1.18031 0.00308367 0.991795 0.127818 12.9772 -0.00482548 -0.127803 0.99181 196.253
0.999997 -0.00336375 0.00658389 1.17873 0.00248865 0.99169 0.128647 13.1301 -0.00696169 -0.128627 0.991691 197.463
0.999997 -0.00336563 0.00650518 1.1828 0.0024902 0.991498 0.130115 13.2753 -0.00688779 -0.130095 0.9915 198.665
0.999991 -0.00273368 0.00766665 1.18773 0.00170706 0.991408 0.130816 13.4195 -0.00795818 -0.130798 0.9914 199.865
0.999975 -0.00250284 0.00966984 1.19302 0.00120958 0.991324 0.131454 13.5658 -0.00991495 -0.131436 0.991298 201.053
0.999974 -0.00201147 0.00981344 1.20165 0.000697244 0.991238 0.132103 13.7138 -0.00999298 -0.132089 0.991211 202.239
0.999956 -0.00186891 0.0116484 1.20956 0.000304998 0.991145 0.132804 13.8641 -0.0117934 -0.132791 0.991098 203.42
0.999955 -0.00175538 0.0117049 1.21782 0.000180631 0.991094 0.133181 14.0158 -0.0118341 -0.133169 0.991046 204.585
0.999948 -0.0016468 0.0123417 1.22425 -1.8608e-05 0.991024 0.133704 14.1698 -0.0124511 -0.133694 0.990968 205.739
0.999929 -0.0016732 0.0137363 1.23673 -0.000190638 0.990908 0.134559 14.3156 -0.0138363 -0.134548 0.990834 206.884
0.99994 -0.00155232 0.0129851 1.2543 -0.000218531 0.990816 0.135236 14.4658 -0.0130756 -0.135228 0.990752 208.015
0.999932 -0.00146269 0.0136535 1.26029 -0.000414715 0.990646 0.136475 14.6096 -0.0137251 -0.136467 0.990574 209.132
0.999951 -0.00129183 0.0121862 1.27196 -0.000389875 0.99058 0.136961 14.7575 -0.0122482 -0.136956 0.990526 210.229
0.999958 -0.00110303 0.0115627 1.28005 -0.000499439 0.990483 0.137651 14.9004 -0.0116041 -0.137647 0.990438 211.318
0.999951 -0.00103921 0.0122531 1.28511 -0.000665692 0.990396 0.138284 15.0464 -0.012279 -0.138282 0.990342 212.396
0.999968 -0.000980999 0.0106918 1.29311 -0.000515343 0.990291 0.139027 15.1863 -0.010724 -0.139024 0.990255 213.457
0.99997 -0.00098332 0.0105858 1.29764 -0.000509715 0.990144 0.140081 15.326 -0.0106191 -0.140079 0.990109 214.502
0.999993 -0.000941877 0.00803957 1.30184 -0.000200662 0.990026 0.140905 15.4685 -0.00809166 -0.140901 0.990015 215.54
1.00001 -0.00108518 0.00607196 1.30352 0.000209765 0.989831 0.142273 15.605 -0.00616452 -0.14227 0.989834 216.57
1.00002 -0.000783938 0.00468413 1.30046 0.000103682 0.989665 0.143419 15.7476 -0.00474766 -0.143416 0.989675 217.583
1.00003 -0.000528698 0.00161892 1.29798 0.000289345 0.989568 0.144088 15.8847 -0.00167813 -0.144088 0.989589 218.577
1.00003 -0.000430394 -0.000451233 1.29009 0.000490772 0.989491 0.144607 16.0233 0.000384852 -0.144607 0.989513 219.554
1.00002 -0.000384662 -0.00411974 1.28019 0.000979121 0.98937 0.145436 16.1629 0.00402006 -0.145439 0.989384 220.495
1 -0.000352161 -0.00700168 1.27147 0.00137109 0.989269 0.146114 16.2951 0.0068757 -0.14612 0.989267 221.428
0.999985 -0.000366436 -0.00931022 1.26017 0.00172741 0.989187 0.146665 16.417 0.00915572 -0.146675 0.989169 222.342
0.999943 -0.000299646 -0.0129235 1.24273 0.00219835 0.989109 0.147187 16.5397 0.0127392 -0.147203 0.989049 223.235
0.999916 -0.000315183 -0.0150238 1.2269 0.00253048 0.989031 0.147704 16.6602 0.0148124 -0.147726 0.988944 224.094
0.999847 -0.000134049 -0.0190067 1.20601 0.0029476 0.988971 0.148099 16.7838 0.0187779 -0.148128 0.988815 224.94
0.999789 -0.00011602 -0.0219065 1.1835 0.00336725 0.988914 0.148466 16.898 0.0216464 -0.148504 0.988702 225.766
0.999747 8.61724e-05 -0.023703 1.15731 0.00344077 0.988874 0.148735 17.0169 0.0234527 -0.148774 0.988619 226.571
0.99971 0.000102505 -0.0252888 1.13457 0.00368126 0.988749 0.14956 17.1238 0.0250195 -0.149605 0.988457 227.358
0.999733 4.6323e-05 -0.0242833 1.11133 0.00360545 0.988631 0.150335 17.2302 0.0240148 -0.150377 0.988363 228.131
0.999736 0.000106297 -0.0242385 1.09021 0.00355337 0.988541 0.150927 17.3388 0.0239768 -0.150969 0.988276 228.886
0.999745 0.000222492 -0.0237881 1.07074 0.00338062 0.98848 0.151336 17.4438 0.0235484 -0.151373 0.988222 229.622
0.999774 0.000475771 -0.0226179 1.04941 0.00295795 0.988445 0.151574 17.5517 0.0224286 -0.151602 0.988216 230.35
0.999779 0.000536556 -0.0223264 1.0305 0.00286542 0.988367 0.152081 17.6564 0.0221489 -0.152106 0.988143 231.071
0.999824 0.000521492 -0.020333 1.01432 0.00258325 0.988317 0.152409 17.7601 0.0201749 -0.15243 0.988138 231.793
0.999839 0.000564707 -0.0194431 0.996773 0.00241156 0.988269 0.152729 17.8674 0.019302 -0.152747 0.988104 232.51
0.999871 0.000480711 -0.0178271 0.981683 0.00225677 0.988186 0.153266 17.9703 0.0176901 -0.153282 0.988054 233.223
0.999908 0.000429911 -0.015532 0.968102 0.001963 0.988113 0.153743 18.0794 0.0154141 -0.153754 0.988016 233.931
0.999932 0.000401685 -0.0140308 0.953565 0.00176383 0.988065 0.15405 18.1874 0.0139253 -0.154059 0.987993 234.63
0.999964 0.000365346 -0.0113832 0.943109 0.00139675 0.988006 0.154433 18.2929 0.0113038 -0.154439 0.987966 235.33
0.999989 0.000237409 -0.00902725 0.937263 0.00116362 0.98792 0.154982 18.3935 0.008955 -0.154986 0.987906 236.011
1.00001 -4.29767e-05 -0.00608819 0.935015 0.000989024 0.987835 0.155528 18.4907 0.00600817 -0.155531 0.987841 236.703
1.00003 -0.000229348 -0.00250377 0.935959 0.00061674 0.987728 0.156205 18.5936 0.0024373 -0.156207 0.987752 237.399
1.00003 -0.000206107 -2.77776e-05 0.936049 0.00020754 0.987663 0.156617 18.6974 -4.05044e-06 -0.156617 0.987688 238.083
1.00002 -0.000280911 0.00335271 0.938678 -0.000250115 0.987592 0.157066 18.7987 -0.00335515 -0.157066 0.987613 238.771
1.00001 -0.000273262 0.00592462 0.942548 -0.000663686 0.98752 0.157514 18.9019 -0.00589287 -0.157515 0.987528 239.451
0.999991 -0.000186172 0.00890611 0.944743 -0.0012223 0.987478 0.157778 19.0101 -0.00882381 -0.157783 0.987465 240.132
0.999953 -0.000305416 0.0124337 0.949896 -0.00166916 0.987368 0.158458 19.1125 -0.0123242 -0.158466 0.987317 240.823
0.999918 -0.000287026 0.0150368 0.957307 -0.00211689 0.987192 0.159549 19.2157 -0.0148898 -0.159563 0.987106 241.511
0.999869 -0.000281518 0.0180013 0.965981 -0.00260336 0.987115 0.160015 19.3275 -0.0178136 -0.160035 0.98698 242.205
0.999834 -0.000365482 0.0198513 0.977551 -0.00282915 0.987017 0.160616 19.4349 -0.0196521 -0.160641 0.986848 242.898
0.999772 -0.000273517 0.0227428 0.991408 -0.00337275 0.987096 0.16012 19.5435 -0.0224923 -0.160155 0.986866 243.6
0.999738 -0.000108081 0.0242152 1.00489 -0.0037842 0.987017 0.160596 19.6544 -0.023918 -0.160641 0.986754 244.3
0.99971 -0.000306342 0.0253281 1.02181 -0.00378434 0.986904 0.161287 19.7671 -0.025045 -0.161331 0.986613 245.004
0.999681 -0.000421597 0.0264621 1.03798 -0.0038691 0.986812 0.161849 19.8857 -0.0261811 -0.161895 0.986491 245.714
0.999686 -0.000548084 0.026252 1.05568 -0.00372801 0.986698 0.162546 20.0022 -0.025991 -0.162588 0.986382 246.431
0.999662 -0.00020171 0.0271777 1.0724 -0.00423353 0.98662 0.163004 20.1235 -0.0268467 -0.163059 0.986282 247.152
0.999664 -0.000136001 0.0271029 1.08973 -0.00430007 0.986532 0.163537 20.2435 -0.0267592 -0.163594 0.986195 247.882
0.999653 -0.000252064 0.0275218 1.10873 -0.00427083 0.986435 0.164123 20.3641 -0.0271897 -0.164179 0.986087 248.615
0.999622 -0.00118809 0.0285859 1.12948 -0.00355976 0.986215 0.165455 20.4898 -0.0283876 -0.165489 0.985834 249.357
0.999618 -0.00115925 0.0287347 1.15405 -0.00363341 0.986099 0.166144 20.615 -0.0285278 -0.16618 0.985714 250.095
0.999588 0.00036441 0.029816 1.17327 -0.00537444 0.985758 0.168114 20.7302 -0.0293291 -0.168199 0.985349 250.862
0.999545 0.00735002 0.0303913 1.1941 -0.0125251 0.984715 0.173756 20.8272 -0.0286494 -0.174053 0.984351 251.612
0.999522 0.00708504 0.031172 1.21778 -0.0124441 0.984451 0.175247 20.9445 -0.0294447 -0.175545 0.984064 252.393
0.999441 0.00705318 0.0337298 1.24665 -0.0128666 0.984425 0.175365 21.0792 -0.0319674 -0.175696 0.983957 253.178
0.999311 0.00755768 0.0372505 1.27459 -0.0139939 0.984353 0.175681 21.2212 -0.0353389 -0.176075 0.983776 253.954
0.999108 0.00788375 0.0423073 1.29685 -0.0152333 0.984222 0.176312 21.3629 -0.0402495 -0.176793 0.983456 254.751
0.999003 0.00787101 0.0447015 1.33387 -0.0156883 0.984033 0.177325 21.5005 -0.0425909 -0.177843 0.983171 255.554
0.998851 0.00726512 0.0480979 1.37483 -0.0157713 0.983745 0.178909 21.6374 -0.046016 -0.179456 0.982721 256.371
0.998653 0.00695655 0.0520626 1.41734 -0.0162391 0.983526 0.180063 21.7805 -0.049951 -0.18066 0.98231 257.194
0.998542 0.00719518 0.0541413 1.46597 -0.0168931 0.98337 0.180858 21.9283 -0.0519392 -0.181504 0.98205 258.017
0.998315 0.00755364 0.0581105 1.51013 -0.0180147 0.9832 0.181668 22.0657 -0.0557606 -0.182403 0.981676 258.84
0.998198 0.00830659 0.0600218 1.55579 -0.0191299 0.983106 0.182068 22.2149 -0.0574951 -0.182883 0.981485 259.665
0.998063 0.00834635 0.0621889 1.60274 -0.0196271 0.98291 0.183066 22.3577 -0.0595967 -0.183926 0.981167 260.492
0.997868 0.00848708 0.065266 1.64978 -0.0203902 0.982732 0.183941 22.5076 -0.0625775 -0.184874 0.980801 261.319
0.997711 0.00888797 0.0675486 1.70357 -0.0212991 0.982454 0.185313 22.6535 -0.0647149 -0.186321 0.980391 262.143
0.997465 0.00910088 0.0710917 1.75599 -0.0222412 0.982248 0.186298 22.8086 -0.0681339 -0.187401 0.979952 262.976
0.997303 0.00911907 0.073307 1.81322 -0.0227208 0.982117 0.186923 22.9593 -0.0702901 -0.188078 0.979671 263.799
0.997108 0.0087329 0.0759738 1.87555 -0.0228769 0.982034 0.187348 23.1216 -0.0729724 -0.188538 0.979385 264.619
0.996875 0.00835327 0.0790025 1.94329 -0.0231288 0.981899 0.188016 23.2725 -0.0760005 -0.189248 0.979019 265.456
0.996763 0.00833233 0.0804185 2.01405 -0.0234632 0.981686 0.189089 23.4136 -0.0773697 -0.190357 0.978696 266.276
0.996634 0.00873405 0.0819567 2.08414 -0.0242355 0.981469 0.190112 23.5634 -0.0787762 -0.191451 0.978372 267.119
0.996632 0.00892062 0.0819734 2.15372 -0.0244798 0.981326 0.190819 23.7169 -0.07874 -0.192176 0.978231 267.949
0.996592 0.00936857 0.0824009 2.21991 -0.0250722 0.981144 0.191673 23.867 -0.0790501 -0.193078 0.97803 268.791
0.996555 0.00938952 0.0828486 2.28541 -0.0252559 0.980958 0.192603 24.0244 -0.0794621 -0.194025 0.977808 269.634
0.996635 0.00954456 0.0818581 2.3549 -0.0252881 0.980776 0.19352 24.1826 -0.078436 -0.194931 0.977713 270.47
0.996668 0.00949558 0.0814749 2.41764 -0.0252343 0.980607 0.194385 24.3399 -0.0780486 -0.195786 0.977571 271.31
0.996832 0.00985059 0.079385 2.48162 -0.0252413 0.980427 0.195287 24.497 -0.0759063 -0.196664 0.977565 272.15
0.996946 0.0101611 0.07792 2.54419 -0.0252956 0.980325 0.195789 24.6574 -0.0743971 -0.197155 0.977581 272.991
0.997024 0.0100521 0.0769018 2.60353 -0.025061 0.980131 0.196786 24.8262 -0.0733945 -0.198121 0.977463 273.832
0.997194 0.0101718 0.0746726 2.66142 -0.0248119 0.979925 0.197841 24.9876 -0.0711608 -0.199132 0.977422 274.663
0.997323 0.00981707 0.0729648 2.71784 -0.0241946 0.979732 0.198875 25.1594 -0.0695323 -0.2001 0.977342 275.497
0.997558 0.00944192 0.0697466 2.7735 -0.023286 0.979434 0.200441 25.3308 -0.0664193 -0.201569 0.977256 276.326
0.997825 0.00880654 0.0658761 2.82976 -0.0219733 0.979161 0.201919 25.5034 -0.062724 -0.20292 0.977221 277.151
0.998084 0.00843036 0.0619263 2.87846 -0.0208754 0.978927 0.203163 25.6795 -0.0589083 -0.204059 0.977221 277.967
0.998392 0.00824565 0.0567377 2.92342 -0.0196843 0.978753 0.204119 25.8519 -0.0538479 -0.2049 0.977338 278.777
0.998618 0.00809232 0.0526732 2.96458 -0.0187422 0.978597 0.204955 26.0155 -0.0498871 -0.205651 0.97739 279.581
0.99887 0.008024 0.0476315 3.00069 -0.0176783 0.978422 0.205883 26.1752 -0.0449506 -0.206485 0.977454 280.377
0.999084 0.00773599 0.0430219 3.03107 -0.0164782 0.978265 0.206726 26.3332 -0.0404875 -0.207238 0.977489 281.156
0.999222 0.00780289 0.0396018 3.05935 -0.0158542 0.978159 0.207275 26.4887 -0.0371185 -0.207734 0.977518 281.921
0.999398 0.0078279 0.0349754 3.07989 -0.0149436 0.978005 0.20807 26.6459 -0.0325773 -0.208459 0.977526 282.674
0.999506 0.00771074 0.0316508 3.09906 -0.0141605 0.977834 0.208925 26.7982 -0.0293373 -0.209262 0.977457 283.408
0.999642 0.00706879 0.0273412 3.11631 -0.0126515 0.977682 0.209734 26.9548 -0.0252484 -0.209997 0.977415 284.121
0.999743 0.00678553 0.0233152 3.13231 -0.0115418 0.977563 0.210352 27.0997 -0.0213638 -0.210559 0.977386 284.817
0.999836 0.00707723 0.019036 3.14042 -0.0109307 0.977513 0.210614 27.2453 -0.0171173 -0.210778 0.977423 285.485
0.999941 0.00695626 0.0120797 3.14543 -0.00935345 0.977375 0.211332 27.3906 -0.0103354 -0.211424 0.977378 286.142
1.00001 0.0067241 0.00452628 3.14283 -0.00753154 0.977296 0.211768 27.5284 -0.00299961 -0.211795 0.97735 286.774
0.999998 0.00642855 -0.00623566 3.13346 -0.00495802 0.977159 0.212476 27.66 0.0074599 -0.212437 0.977185 287.403
0.999832 0.00627715 -0.019544 3.11651 -0.00197296 0.977063 0.212969 27.7932 0.0204324 -0.212885 0.976904 288.016
0.999382 0.00627407 -0.0356857 3.08533 0.00148901 0.976948 0.213497 27.9227 0.0362031 -0.21341 0.976331 288.61
0.998471 0.00656766 -0.0556683 3.04202 0.00550367 0.976826 0.213988 28.0502 0.0557834 -0.213958 0.975289 289.2
0.997003 0.00653882 -0.0775726 2.98398 0.0102614 0.976734 0.214234 28.1712 0.0771688 -0.21438 0.973736 289.764
0.994692 0.00663655 -0.103103 2.91244 0.0157054 0.976626 0.214398 28.2885 0.102116 -0.214869 0.971331 290.33
0.991434 0.00670389 -0.130733 2.83051 0.0216553 0.97653 0.214314 28.4062 0.129101 -0.2153 0.968015 290.874
0.987025 0.00680297 -0.160694 2.72679 0.0281265 0.976411 0.214106 28.516 0.158359 -0.215838 0.963544 291.393
0.980888 0.00677653 -0.194655 2.60893 0.0356507 0.976267 0.213642 28.6234 0.191483 -0.21649 0.957362 291.92
0.973077 0.00682792 -0.230572 2.47088 0.0435457 0.976155 0.212688 28.7281 0.226525 -0.216992 0.949569 292.419
0.963589 0.00699012 -0.26744 2.31887 0.0516208 0.976018 0.211506 28.8277 0.262503 -0.217602 0.940115 292.888
0.951841 0.00725196 -0.306649 2.14244 0.0601492 0.975901 0.209787 28.9302 0.300779 -0.218119 0.92846 293.368
0.938318 0.00739391 -0.345807 1.95449 0.0688764 0.975758 0.207758 29.0205 0.338959 -0.218752 0.915057 293.807
0.922203 0.0076764 -0.386743 1.74537 0.0779764 0.975593 0.205306 29.114 0.378878 -0.21948 0.89909 294.261
0.903584 0.00809735 -0.428425 1.52143 0.0870758 0.975494 0.202091 29.2016 0.41956 -0.219903 0.880731 294.684
0.881969 0.00841445 -0.471326 1.28322 0.0966788 0.975363 0.198326 29.2825 0.46138 -0.220474 0.85942 295.082
0.857301 0.00877183 -0.514817 1.01698 0.106438 0.975243 0.193865 29.3666 0.503769 -0.220988 0.835138 295.491
0.829777 0.00905305 -0.558103 0.734775 0.116259 0.975141 0.188672 29.4476 0.545934 -0.22143 0.80809 295.865
0.799258 0.00988899 -0.600972 0.444314 0.125438 0.975107 0.182873 29.5225 0.587817 -0.221539 0.778117 296.201
0.765262 0.010401 -0.643707 0.123102 0.135235 0.974968 0.176528 29.5882 0.629426 -0.222131 0.744693 296.554
0.727857 0.0109642 -0.685699 -0.194695 0.144969 0.974821 0.169471 29.6431 0.670288 -0.222747 0.707936 296.852
0.685066 0.00880024 -0.728493 -0.549191 0.160744 0.973464 0.162923 29.7045 0.710591 -0.228703 0.665466 297.165
0.638374 0.00943403 -0.76972 -0.905549 0.170303 0.973419 0.153175 29.7648 0.750702 -0.228859 0.619796 297.424
0.588423 0.0109665 -0.808538 -1.26173 0.178493 0.973486 0.143105 29.8162 0.788665 -0.228513 0.570858 297.636
0.536416 0.0174502 -0.843823 -1.65878 0.182101 0.973849 0.135903 29.888 0.824122 -0.226552 0.519208 297.837
0.482094 0.0183638 -0.875982 -2.04638 0.189962 0.973814 0.124961 29.9257 0.855332 -0.226635 0.465977 298.005
0.426477 0.0192981 -0.904339 -2.423 0.197103 0.97377 0.113733 29.9497 0.882807 -0.226743 0.411484 298.136
0.369495 0.020409 -0.929061 -2.83004 0.203709 0.973668 0.102407 29.975 0.906681 -0.227085 0.355604 298.254
0.311369 0.0216102 -0.950089 -3.21236 0.209612 0.973562 0.0908411 29.998 0.926927 -0.227425 0.298605 298.353
0.252959 0.0226643 -0.967262 -3.62047 0.214525 0.973533 0.0789155 30.0209 0.943443 -0.227452 0.241399 298.417
0.19127 0.0235257 -0.9813 -4.03029 0.21901 0.973492 0.0660286 30.0366 0.956834 -0.227534 0.181046 298.464
0.126378 0.0245606 -0.991727 -4.44397 0.222422 0.973546 0.0524556 30.0562 0.966774 -0.227199 0.117571 298.494
0.0631629 0.0259655 -0.99771 -4.87368 0.225284 0.973495 0.0395993 30.0542 0.972286 -0.227259 0.0556388 298.479
-0.00329797 0.0313543 -0.999552 -5.31447 0.225744 0.973738 0.0298013 30.0702 0.97423 -0.225531 -0.0102896 298.441
-0.071631 0.0325538 -0.996944 -5.75935 0.226958 0.973788 0.0154924 30.0663 0.971309 -0.225144 -0.0771412 298.393
-0.137658 0.0379031 -0.989804 -6.21935 0.225703 0.974185 0.0059168 30.0552 0.964471 -0.222574 -0.142658 298.286
-0.204622 0.0389713 -0.97811 -6.67755 0.225711 0.974165 -0.00840344 30.0408 0.952505 -0.22248 -0.208131 298.17
-0.268821 0.0396781 -0.962423 -7.14146 0.2246 0.974196 -0.0225692 30.0201 0.936689 -0.222214 -0.270794 298.005
-0.331072 0.0402626 -0.942793 -7.60163 0.222596 0.974232 -0.0365603 29.9944 0.91702 -0.221956 -0.331501 297.815
-0.391406 0.0406412 -0.919374 -8.06403 0.219619 0.974288 -0.050428 29.9609 0.893681 -0.221637 -0.390266 297.6
-0.447111 0.0411511 -0.893582 -8.52749 0.216022 0.974347 -0.063216 29.9204 0.86805 -0.221287 -0.444528 297.336
-0.499491 0.0417728 -0.865369 -8.98685 0.21177 0.974429 -0.0751942 29.8721 0.840095 -0.220805 -0.495561 297.049
-0.546196 0.0425565 -0.83663 -9.44754 0.207344 0.974506 -0.0857933 29.8157 0.811644 -0.22032 -0.541091 296.719
-0.587855 0.0435018 -0.807857 -9.91437 0.202895 0.974572 -0.0951594 29.7546 0.783171 -0.219837 -0.58173 296.361
-0.625827 0.0451378 -0.778714 -10.3853 0.198754 0.974604 -0.103237 29.6798 0.754272 -0.219369 -0.6189 295.971
-0.662803 0.0529958 -0.746982 -10.8488 0.201147 0.97344 -0.109415 29.6215 0.721339 -0.222761 -0.655853 295.553
-0.699946 0.0598338 -0.711749 -11.3303 0.196775 0.974081 -0.111622 29.5348 0.686618 -0.218173 -0.693573 295.091
-0.733777 0.0599156 -0.676817 -11.7882 0.190545 0.974284 -0.120329 29.4485 0.652199 -0.217246 -0.726317 294.588
-0.764509 0.059316 -0.641949 -12.2306 0.184013 0.974415 -0.129106 29.3581 0.617863 -0.216819 -0.755859 294.043
-0.792781 0.0600362 -0.606626 -12.6742 0.178037 0.974557 -0.136218 29.242 0.583011 -0.21598 -0.783292 293.459
-0.81859 0.0598963 -0.571328 -13.0953 0.171466 0.974692 -0.143487 29.1335 0.548271 -0.215408 -0.808137 292.843
-0.841654 0.0602482 -0.53674 -13.4938 0.165357 0.974787 -0.149871 29.0068 0.514177 -0.21488 -0.830389 292.2
-0.863594 0.0602011 -0.500674 -13.9015 0.158672 0.974862 -0.156465 28.8878 0.478666 -0.214554 -0.851431 291.497
-0.883735 0.0601642 -0.464216 -14.275 0.151758 0.974969 -0.16254 28.7561 0.442816 -0.214077 -0.870737 290.767
-0.902585 0.0607681 -0.42631 -14.6435 0.144963 0.975091 -0.16792 28.5985 0.405485 -0.21335 -0.888906 289.997
-0.91944 0.0617217 -0.388488 -14.9784 0.138441 0.975203 -0.172707 28.4445 0.368195 -0.212563 -0.905177 289.205
-0.935021 0.0622583 -0.34922 -15.307 0.13121 0.975357 -0.177418 28.2781 0.329568 -0.211699 -0.920142 288.369
-0.948327 0.0622711 -0.311291 -15.5949 0.123738 0.975526 -0.181806 28.123 0.292352 -0.210917 -0.932814 287.501
-0.959351 0.0631744 -0.275228 -15.8525 0.117277 0.975759 -0.184809 27.9413 0.25688 -0.209563 -0.943499 286.612
-0.969236 0.0628224 -0.238197 -16.0937 0.10959 0.975943 -0.188522 27.7639 0.220624 -0.208813 -0.952795 285.672
-0.976855 0.0626596 -0.204753 -16.2873 0.10273 0.976132 -0.191384 27.5696 0.187874 -0.207976 -0.959971 284.729
-0.983383 0.0625424 -0.170736 -16.4692 0.0958303 0.976252 -0.194327 27.369 0.154529 -0.207446 -0.966014 283.737
-0.988354 0.0625848 -0.139049 -16.6168 0.0894218 0.976511 -0.196074 27.1635 0.123512 -0.206213 -0.97073 282.721
-0.992137 0.0625418 -0.108892 -16.7296 0.083273 0.976723 -0.19772 26.9574 0.0939927 -0.205219 -0.974242 281.684
-0.994943 0.0627527 -0.0790339 -16.8234 0.0774404 0.976902 -0.199201 26.7409 0.0647088 -0.204302 -0.976816 280.612
-0.99668 0.0626305 -0.0530092 -16.8832 0.0720508 0.977109 -0.200204 26.5106 0.0392587 -0.203345 -0.97837 279.518
-0.997736 0.0622063 -0.0274186 -16.9147 0.0664516 0.977468 -0.200389 26.2867 0.0143365 -0.201745 -0.979383 278.406
-0.998098 0.0623289 -0.00465037 -16.9201 0.0619967 0.977808 -0.200162 26.0467 -0.00792658 -0.200056 -0.979803 277.267
-0.997997 0.0618073 0.0166866 -16.9074 0.0572294 0.978092 -0.200188 25.8011 -0.0286925 -0.19882 -0.979665 276.115
-0.997636 0.0608941 0.0334579 -16.8646 0.0530101 0.978357 -0.200061 25.5517 -0.0449139 -0.1978 -0.979263 274.949
-0.997184 0.0606403 0.0452165 -16.7991 0.0504833 0.978664 -0.199207 25.3098 -0.0563299 -0.196351 -0.978964 273.762
-0.996744 0.0606568 0.0541174 -16.7296 0.0488529 0.979066 -0.197632 25.0613 -0.0649698 -0.194331 -0.978833 272.563
-0.996591 0.0605435 0.0569202 -16.6442 0.0483314 0.979487 -0.195661 24.8151 -0.0675967 -0.19223 -0.979069 271.346
-0.996507 0.0604049 0.0585713 -16.5649 0.0479633 0.97975 -0.194433 24.5626 -0.0691275 -0.19093 -0.979216 270.109
-0.996695 0.0597489 0.0559318 -16.4801 0.0479051 0.979988 -0.193245 24.3069 -0.0663567 -0.189914 -0.979606 268.847
-0.996782 0.0597631 0.0544123 -16.4032 0.0483199 0.980298 -0.191563 24.0544 -0.0647862 -0.188304 -0.980022 267.566
-0.996928 0.0595411 0.0518537 -16.325 0.0486784 0.980566 -0.190096 23.8051 -0.0621626 -0.186975 -0.980446 266.275
-0.997181 0.0594591 0.0469025 -16.2481 0.0496154 0.980812 -0.188579 23.5559 -0.0572129 -0.185707 -0.980989 264.978
