1 0 0 0 0 1 0 0 0 0 1 0
0.999999 0.00131153 0.00138384 -0.00872698 -0.00130479 0.999987 -0.00485525 -0.00753502 -0.00139009 0.00485334 0.999988 0.955897
0.999997 0.000721108 0.00235491 -0.0110563 -0.000710021 0.999989 -0.00469613 -0.0214038 -0.00235827 0.00469438 0.999986 1.90903
0.999994 -0.000190848 0.00368144 -0.0140937 0.000199228 0.999998 -0.00227944 -0.0248499 -0.00368085 0.00228003 0.999992 2.85672
0.999998 -0.00106471 0.00181462 -0.0119349 0.0010648 0.999999 -5.3626e-05 -0.0283651 -0.00181464 5.54747e-05 0.999998 3.81213
1 -0.00190117 0.000417255 -0.01315 0.0019009 0.999998 0.000584946 -0.043933 -0.000418144 -0.000584305 1 4.74982
0.999997 -0.00233846 0.00052868 -0.0180542 0.00233811 0.999997 0.000692126 -0.0492905 -0.000530576 -0.000690953 1 5.68777
1 -0.00143724 -0.000944348 -0.0165202 0.00143659 0.999998 -0.000654242 -0.0558693 0.000945513 0.000652722 1 6.61731
0.999998 -0.0018129 -0.00151162 -0.0221339 0.00181234 0.999998 -0.000319608 -0.060447 0.00151184 0.000316796 1 7.54488
0.999999 -0.00159183 -0.00149392 -0.0327503 0.00159321 0.999998 0.000949641 -0.0655375 0.0014927 -0.000952178 1 8.47433
0.999994 -0.00141866 -0.00318302 -0.0335885 0.00142671 0.999996 0.00256002 -0.0712526 0.00317905 -0.0025646 0.999993 9.39928
0.999993 -0.0010384 -0.00410339 -0.0383606 0.00105451 0.999992 0.00393922 -0.0768867 0.0040996 -0.00394369 0.999986 10.3149
0.999994 -0.00123747 -0.00365401 -0.0442118 0.00125545 0.999987 0.00496856 -0.0818989 0.00364755 -0.00497314 0.999983 11.2275
0.999987 -0.00138545 -0.00525089 -0.0441244 0.00141407 0.999984 0.00545274 -0.0803297 0.0052436 -0.00546032 0.999973 12.1385
0.999983 -0.00128911 -0.00599048 -0.0501928 0.00132279 0.999984 0.00564575 -0.077086 0.00598286 -0.00565355 0.999969 13.0421
0.999982 -0.00132792 -0.00614343 -0.0581952 0.00136403 0.999982 0.00588026 -0.0727945 0.00613581 -0.00588875 0.999966 13.9412
0.999962 -0.00111224 -0.00881518 -0.0629813 0.00116561 0.999982 0.00606151 -0.0691702 0.00880799 -0.00607152 0.999945 14.8428
0.999951 -0.000855604 -0.0101269 -0.0744693 0.000918417 0.999981 0.00619956 -0.0658577 0.0101218 -0.00620878 0.999933 15.7361
0.999947 -0.000491922 -0.0104959 -0.086555 0.000560414 0.999979 0.0065337 -0.0627643 0.0104921 -0.00653921 0.999926 16.609
0.999928 0.000328223 -0.012326 -0.104001 -0.000244951 0.999977 0.00675935 -0.0580015 0.0123282 -0.00675607 0.999905 17.5001
0.999908 0.000280468 -0.0137088 -0.12469 -0.000177974 0.999972 0.00748893 -0.0569603 0.0137103 -0.00748585 0.999881 18.3808
0.999905 0.000164202 -0.0141001 -0.147052 -4.53149e-05 0.999965 0.008418 -0.0543184 0.0141011 -0.00841669 0.99987 19.2594
0.999873 0.000331601 -0.0161031 -0.165764 -0.000184446 0.999959 0.0091469 -0.0529643 0.0161051 -0.00914274 0.999832 20.1423
0.999846 0.000300461 -0.0178036 -0.183082 -0.000126622 0.999953 0.00975375 -0.0559105 0.0178058 -0.00975007 0.999799 21.0132
0.999831 0.000565841 -0.0185624 -0.206716 -0.000375485 0.999949 0.0102628 -0.0546701 0.0185669 -0.010254 0.999779 21.8714
0.99979 0.000744267 -0.0206918 -0.227019 -0.000522225 0.999942 0.0107252 -0.050119 0.0206987 -0.0107122 0.999734 22.7374
0.99979 0.000671579 -0.0206655 -0.25053 -0.000419988 0.999926 0.0121848 -0.0480151 0.0206718 -0.0121735 0.999716 23.5827
0.99976 0.000184493 -0.022136 -0.274405 0.000132387 0.999898 0.0143015 -0.0461416 0.0221364 -0.0143011 0.999658 24.4439
0.999748 0.000485049 -0.0226376 -0.296896 -0.000135674 0.999881 0.0154394 -0.0418079 0.022642 -0.0154322 0.999629 25.2843
0.999759 0.000755178 -0.0221846 -0.320889 -0.000403728 0.999874 0.0158296 -0.0353859 0.0221938 -0.0158169 0.999635 26.1035
0.999731 0.0013633 -0.023381 -0.343886 -0.000987883 0.999871 0.0160691 -0.0300554 0.0233995 -0.0160414 0.999602 26.9266
0.999716 0.00146872 -0.0239994 -0.367242 -0.00107038 0.999862 0.0165917 -0.0254801 0.0240205 -0.0165615 0.999581 27.7262
0.99971 0.00176257 -0.024244 -0.391424 -0.00134924 0.999854 0.017063 -0.0174814 0.0242702 -0.0170252 0.999565 28.5113
0.999664 0.00199655 -0.0260763 -0.413416 -0.00153883 0.999845 0.0175516 -0.0127291 0.0261072 -0.0175057 0.999513 29.2987
0.999613 0.00245498 -0.0278999 -0.437633 -0.00195385 0.999837 0.0179807 -0.00463335 0.0279392 -0.0179191 0.999454 30.0683
0.999586 0.00281537 -0.0288276 -0.464597 -0.00227998 0.999825 0.0185784 0.000945663 0.0288749 -0.0185051 0.999419 30.8312
0.999506 0.00294036 -0.0314622 -0.491889 -0.00232827 0.999808 0.019479 0.00808409 0.0315132 -0.0193959 0.99932 31.5885
0.999444 0.00316939 -0.0333672 -0.518953 -0.00248306 0.999786 0.0205824 0.0147311 0.0334253 -0.0204882 0.999238 32.3368
0.999399 0.00348418 -0.0346674 -0.549591 -0.00274562 0.999769 0.0213327 0.0262584 0.0347333 -0.0212245 0.999176 33.0724
0.99931 0.00396959 -0.0370846 -0.579875 -0.00315899 0.999757 0.0218836 0.036067 0.0371624 -0.0217515 0.99908 33.7961
0.999271 0.00463651 -0.0380423 -0.61049 -0.00379646 0.999749 0.0221262 0.0504797 0.0381349 -0.0219654 0.999036 34.5084
0.999184 0.00490649 -0.0402362 -0.644708 -0.00400101 0.999738 0.0225464 0.0589361 0.0403362 -0.0223671 0.998944 35.2098
0.999113 0.00502525 -0.04196 -0.679222 -0.00405239 0.999722 0.0232399 0.0685345 0.0420647 -0.0230489 0.998855 35.9053
0.999083 0.00525205 -0.0426301 -0.7177 -0.00423704 0.999707 0.0238592 0.0833583 0.0427428 -0.0236567 0.998814 36.594
0.999062 0.00574481 -0.0430681 -0.753277 -0.00470837 0.999698 0.0241279 0.0979688 0.0431932 -0.0239021 0.998787 37.2646
0.999107 0.00617346 -0.041945 -0.790331 -0.00516631 0.999698 0.0240683 0.112305 0.0420807 -0.0238302 0.998838 37.9237
0.999214 0.00640841 -0.0392693 -0.821737 -0.00546108 0.999693 0.0241854 0.125662 0.0394117 -0.0239515 0.998942 38.5738
0.999276 0.00632981 -0.0377065 -0.8475 -0.00540231 0.999682 0.0246402 0.136305 0.0378502 -0.0244187 0.998994 39.2127
0.999391 0.00653276 -0.0344649 -0.872869 -0.00565578 0.99966 0.0254816 0.149148 0.0346191 -0.0252708 0.999087 39.8526
0.999513 0.00700118 -0.0306291 -0.903277 -0.00619559 0.999635 0.0263089 0.170041 0.0308018 -0.0261063 0.999194 40.492
0.999584 0.00893286 -0.0276451 -0.928455 -0.00802678 0.999433 0.0327141 0.193638 0.0279212 -0.0324783 0.999089 41.1046
0.999694 0.00935108 -0.0232145 -0.952915 -0.00858669 0.999426 0.0327998 0.214532 0.0235076 -0.0325905 0.999202 41.7048
0.999815 0.00961417 -0.0170699 -0.969729 -0.00904756 0.999416 0.0329659 0.230425 0.0173763 -0.032805 0.999317 42.2919
0.999891 0.00957161 -0.0119541 -0.985853 -0.00916353 0.99939 0.0337151 0.248345 0.0122692 -0.0336019 0.99937 42.8551
0.999945 0.00988916 -0.00516246 -0.997784 -0.00970896 0.999381 0.0338297 0.267739 0.00549331 -0.0337772 0.999421 43.4028
0.999953 0.0102899 0.00245708 -1.00463 -0.0103669 0.999374 0.0338323 0.279441 -0.00210773 -0.0338562 0.999435 43.93
0.999908 0.0106792 0.00921997 -1.00468 -0.0109874 0.99936 0.0340513 0.287852 -0.00885102 -0.034149 0.999384 44.4361
0.999802 0.011362 0.0168916 -1.00374 -0.0119305 0.999353 0.0339585 0.300553 -0.0164951 -0.0341532 0.999291 44.9255
0.999619 0.011969 0.0251988 -0.999386 -0.0128121 0.999355 0.0335679 0.313314 -0.0247814 -0.0338774 0.999126 45.385
0.999397 0.0120611 0.0328543 -0.989252 -0.0131674 0.999346 0.0336747 0.315915 -0.032427 -0.0340869 0.998904 45.8293
0.999085 0.0120419 0.0412317 -0.972083 -0.0134303 0.999347 0.0335639 0.326134 -0.0408013 -0.0340864 0.998593 46.2485
0.998751 0.0120671 0.0486747 -0.949745 -0.0137215 0.999335 0.0338017 0.328635 -0.0482348 -0.0344273 0.998254 46.65
0.998325 0.0125173 0.0566401 -0.929882 -0.0144474 0.999325 0.0337972 0.340815 -0.0561796 -0.0345582 0.99783 47.0244
0.997741 0.0129583 0.0660573 -0.90958 -0.0151977 0.999323 0.0335131 0.34994 -0.0655786 -0.0344412 0.997265 47.38
0.997147 0.0132771 0.0744383 -0.89245 -0.0157966 0.999319 0.0333618 0.35751 -0.0739454 -0.0344417 0.996676 47.7014
0.996437 0.0133909 0.0833834 -0.874748 -0.0162249 0.99931 0.033403 0.358687 -0.0828788 -0.0346367 0.995969 48.0059
0.995593 0.012964 0.0929908 -0.840441 -0.0161626 0.9993 0.0337275 0.353229 -0.0924893 -0.0350811 0.995105 48.2892
0.994571 0.0131375 0.103327 -0.809292 -0.0166837 0.999298 0.0335316 0.359294 -0.102815 -0.0350732 0.994094 48.552
0.993251 0.0132524 0.115317 -0.770545 -0.017179 0.999303 0.033124 0.368831 -0.114799 -0.0348807 0.992786 48.8151
0.991586 0.013408 0.128838 -0.73047 -0.0177742 0.999304 0.0327994 0.382585 -0.128309 -0.0348132 0.991135 49.0753
0.989484 0.0137227 0.144065 -0.694197 -0.0185797 0.999301 0.032423 0.394984 -0.14352 -0.0347579 0.989047 49.3386
0.986892 0.0137981 0.160854 -0.646036 -0.0192283 0.999295 0.0322509 0.40119 -0.160295 -0.034921 0.986463 49.5993
0.98404 0.0137794 0.177472 -0.595222 -0.0197776 0.999289 0.0320741 0.402392 -0.176904 -0.0350713 0.983613 49.8449
0.98059 0.0134163 0.195663 -0.534303 -0.0200591 0.999286 0.032008 0.405974 -0.195094 -0.0353114 0.980161 50.0944
0.976482 0.0133087 0.21524 -0.468036 -0.0206344 0.99928 0.0318245 0.409875 -0.214663 -0.0355165 0.976053 50.3415
0.971927 0.013487 0.234942 -0.399498 -0.0214706 0.999274 0.0314568 0.417677 -0.234347 -0.0356178 0.971513 50.5785
0.96649 0.0147471 0.256322 -0.326672 -0.0234536 0.999246 0.0309437 0.427538 -0.255674 -0.0359175 0.966106 50.8186
0.960126 0.0147686 0.279219 -0.242554 -0.0242449 0.99924 0.0305156 0.429257 -0.278556 -0.0360682 0.959756 51.0613
0.952847 0.0147302 0.30313 -0.158302 -0.0250233 0.999233 0.0301007 0.430768 -0.302455 -0.0362657 0.952484 51.2963
0.944312 0.0153746 0.328727 -0.0637818 -0.0266014 0.999205 0.0296824 0.440266 -0.328009 -0.0367738 0.943972 51.5419
0.934271 0.0171645 0.356183 0.0362124 -0.0297515 0.99911 0.0298911 0.446587 -0.355354 -0.0385225 0.933949 51.7998
0.923104 0.0171026 0.384202 0.144822 -0.0306718 0.999102 0.0292184 0.444031 -0.383357 -0.0387555 0.9228 52.0322
0.910117 0.0170042 0.41403 0.272289 -0.0316022 0.999096 0.0284347 0.439396 -0.413173 -0.0389622 0.90983 52.2621
0.894425 0.0169732 0.446925 0.413156 -0.032579 0.999097 0.0272559 0.441934 -0.446059 -0.0389384 0.894171 52.4976
0.877023 0.0171883 0.480165 0.561382 -0.0337562 0.999095 0.0258914 0.453689 -0.479286 -0.0389149 0.876808 52.7162
0.857106 0.0174411 0.51487 0.725501 -0.0350719 0.999084 0.02454 0.465815 -0.51397 -0.0390905 0.856933 52.9492
0.835306 0.0174108 0.549531 0.893124 -0.0360398 0.999083 0.0231277 0.472135 -0.548625 -0.0391227 0.835166 53.1713
0.81065 0.0175155 0.58529 1.08321 -0.0371113 0.99908 0.0215017 0.478998 -0.584374 -0.039151 0.810555 53.4026
0.783014 0.0176284 0.621774 1.28879 -0.0382378 0.999072 0.0198281 0.486035 -0.620848 -0.0392999 0.78296 53.6516
0.753828 0.0176544 0.656855 1.50529 -0.0392786 0.999062 0.018225 0.486508 -0.655916 -0.0395387 0.753815 53.8836
0.720829 0.0178669 0.692899 1.7555 -0.0411745 0.999006 0.017074 0.486732 -0.691907 -0.0408364 0.720847 54.1237
0.683328 0.0171854 0.729928 2.03725 -0.0417567 0.999007 0.0155699 0.479819 -0.728934 -0.0411185 0.683367 54.3644
0.644589 0.0172503 0.76435 2.33164 -0.0427666 0.998994 0.01352 0.486424 -0.763348 -0.0414025 0.644678 54.5786
0.602373 0.0170971 0.798049 2.65743 -0.0434278 0.998992 0.0113772 0.494272 -0.797049 -0.0415107 0.602508 54.8006
0.556465 0.0169831 0.830711 2.99963 -0.0440988 0.998986 0.00911709 0.496095 -0.829715 -0.0417058 0.556649 55.0042
0.508132 0.016456 0.861139 3.37694 -0.0441252 0.999002 0.006946 0.499189 -0.860163 -0.0415272 0.508352 55.202
0.45895 0.0159218 0.888332 3.77869 -0.0441907 0.999011 0.00492542 0.501684 -0.887377 -0.0415156 0.459199 55.3937
0.409971 0.0123839 0.912031 4.18919 -0.0480813 0.998813 0.00805062 0.516905 -0.910845 -0.0471519 0.410079 55.5601
0.359776 0.0125194 0.932967 4.62697 -0.0485672 0.998805 0.00532607 0.524259 -0.931788 -0.0472269 0.359953 55.7215
0.311944 0.0109363 0.950054 5.06272 -0.0502751 0.998725 0.00501038 0.527336 -0.948784 -0.0493267 0.312096 55.849
0.265548 0.00889052 0.964069 5.53166 -0.0478163 0.998848 0.00395973 0.525055 -0.962925 -0.0471489 0.265667 55.9407
0.220787 0.00340334 0.975333 6.02486 -0.036346 0.999333 0.0047401 0.520384 -0.97466 -0.0364956 0.220762 56.0176
0.178814 0.00148925 0.983894 6.52781 -0.0339257 0.999413 0.00465325 0.51555 -0.983312 -0.0342105 0.178759 56.0774
0.140778 0.00251698 0.990055 7.03552 -0.0339916 0.999424 0.00229203 0.546512 -0.989473 -0.0339758 0.140782 56.1305
0.107202 0.00141996 0.99425 7.56312 -0.031823 0.999491 0.00200417 0.554167 -0.993743 -0.0318542 0.107192 56.1729
0.0771569 0.0010125 0.997035 8.10878 -0.0303552 0.999542 0.00133354 0.575633 -0.996572 -0.0303676 0.0771518 56.2038
0.0524553 0.000395172 0.998637 8.66769 -0.0294579 0.999565 0.00115226 0.592086 -0.998204 -0.0294775 0.0524441 56.2154
0.0321307 0.000231128 0.999501 9.23821 -0.0285528 0.999596 0.000686247 0.610601 -0.999092 -0.0285601 0.0321238 56.2202
0.0155366 0.000385501 0.999893 9.82133 -0.0286841 0.999588 6.08285e-05 0.620631 -0.999483 -0.0286813 0.0155412 56.226
0.00227477 0.000301614 1.00001 10.4062 -0.0284547 0.999599 -0.000237249 0.627504 -0.999609 -0.0284541 0.00228203 56.2223
-0.00984792 0.000288487 0.999966 11.0105 -0.0284829 0.999594 -0.000568345 0.631649 -0.999562 -0.0284869 -0.00983577 56.2169
-0.0192484 0.000619604 0.999832 11.6202 -0.0271151 0.999635 -0.00114203 0.640296 -0.999464 -0.0271319 -0.0192249 56.2006
-0.0268329 0.000295427 0.999655 12.2436 -0.0262389 0.999655 -0.000999127 0.649219 -0.999312 -0.026256 -0.0268159 56.1789
-0.0311075 0.000229674 0.999534 12.8826 -0.0265641 0.99965 -0.00105697 0.659466 -0.99918 -0.026584 -0.0310908 56.1565
-0.0352649 -0.000412263 0.999394 13.531 -0.0267716 0.999641 -0.000531621 0.665414 -0.999037 -0.0267734 -0.0352633 56.1411
-0.0369998 -0.00677532 0.99931 14.1999 -0.0283426 0.999586 0.00572725 0.676629 -0.998931 -0.0281106 -0.0371768 56.119
-0.0383868 -0.0133329 0.99919 14.8743 -0.0267955 0.999565 0.0123091 0.678793 -0.998921 -0.0263005 -0.0387274 56.0944
-0.0388338 -0.0147524 0.999154 15.5554 -0.0265822 0.999556 0.0137246 0.687126 -0.998909 -0.0260262 -0.0392091 56.0646
-0.0393412 -0.0138763 0.999146 16.2374 -0.0263483 0.99957 0.0128454 0.701039 -0.998897 -0.0258197 -0.0396899 56.0378
-0.0379629 -0.0124691 0.999219 16.9326 -0.0268813 0.999577 0.0114517 0.716516 -0.998935 -0.0264249 -0.0382824 56.0102
-0.0356416 -0.00623066 0.999362 17.6335 -0.0285319 0.999579 0.00521518 0.72415 -0.998976 -0.0283271 -0.0358044 55.9868
-0.0340339 -0.00535363 0.999424 18.3426 -0.0284028 0.999591 0.00438681 0.743885 -0.999035 -0.0282364 -0.0341724 55.969
-0.0310317 -0.00801816 0.999503 19.0783 -0.0285258 0.999567 0.00713374 0.74417 -0.99913 -0.0282896 -0.031247 55.9489
-0.0286477 -0.0157501 0.999484 19.8131 -0.0281116 0.999497 0.014944 0.743008 -0.999213 -0.0276683 -0.0290765 55.9333
-0.0266058 -0.0185874 0.99949 20.5365 -0.0264209 0.999491 0.0178847 0.740496 -0.999316 -0.0259309 -0.0270832 55.9191
-0.0234694 -0.0145434 0.999637 21.2595 -0.0205473 0.999694 0.0140613 0.7311 -0.999532 -0.0202092 -0.0237616 55.8989
-0.020403 -0.0108081 0.99975 21.9856 -0.0177569 0.999788 0.0104468 0.724805 -0.999653 -0.0175387 -0.0205904 55.884
-0.0188749 -0.0112436 0.999777 22.7116 -0.0196165 0.999752 0.0108727 0.733993 -0.999648 -0.0194063 -0.0190913 55.8809
-0.014236 -0.0164178 0.999781 23.4534 -0.0236812 0.999591 0.0160781 0.742133 -0.999639 -0.0234465 -0.0146187 55.8825
-0.00992282 -0.0184459 0.999799 24.1842 -0.0217291 0.999601 0.0182263 0.747706 -0.999734 -0.0215433 -0.0103202 55.8736
-0.00768112 -0.0180769 0.999825 24.9139 -0.0161635 0.999709 0.0179512 0.734321 -0.999861 -0.0160222 -0.00797082 55.8697
-0.00408482 -0.0175124 0.999857 25.6532 -0.0172746 0.999701 0.0174388 0.753224 -0.999861 -0.0172002 -0.00438657 55.8695
-0.000548141 -0.0178442 0.999859 26.3867 -0.0175511 0.999688 0.0178321 0.772198 -0.999867 -0.0175383 -0.000860911 55.8766
0.00245081 -0.0190244 0.999835 27.1233 -0.0171784 0.999673 0.0190631 0.774726 -0.999869 -0.0172216 0.0021227 55.8855
0.00688886 -0.0201522 0.999792 27.8672 -0.0158407 0.99967 0.0202595 0.781489 -0.999872 -0.0159764 0.0065676 55.891
0.00999776 -0.0212968 0.999743 28.6078 -0.0109869 0.999713 0.0214057 0.774673 -0.999909 -0.0111973 0.00976038 55.8963
0.0125941 -0.0212822 0.999713 29.3405 -0.0112342 0.999708 0.0214242 0.795246 -0.999879 -0.0115004 0.0123515 55.904
0.0159368 -0.0214712 0.999663 30.0841 -0.0115094 0.999701 0.0216554 0.813398 -0.999827 -0.0118499 0.0156845 55.9161
0.0191228 -0.0222979 0.999588 30.8274 -0.0108855 0.999689 0.022509 0.829371 -0.999779 -0.011311 0.0188743 55.9298
0.021974 -0.0227972 0.999519 31.5691 -0.0106849 0.99968 0.0230355 0.842535 -0.999722 -0.0111852 0.0217229 55.9456
0.0253366 -0.0224166 0.999447 32.3237 -0.011604 0.999676 0.0227165 0.85722 -0.999633 -0.0121727 0.0250685 55.9621
0.0282505 -0.0224534 0.99937 33.0718 -0.0121514 0.999668 0.0228034 0.877111 -0.999547 -0.0127872 0.0279678 55.9898
0.0305105 -0.0232048 0.999285 33.8197 -0.0111133 0.999663 0.0235535 0.885383 -0.999495 -0.0118234 0.0302426 56.0134
0.0338054 -0.0235431 0.999173 34.566 -0.0117334 0.999646 0.0239511 0.912285 -0.999381 -0.0125327 0.0335167 56.0441
0.0352172 -0.0235192 0.999123 35.3423 -0.0116135 0.999648 0.0239415 0.936003 -0.999335 -0.0124459 0.0349318 56.0847
0.0416934 -0.0235801 0.998874 36.0745 -0.0115943 0.999645 0.0240822 0.961229 -0.999085 -0.0125845 0.0414045 56.0946
0.043434 -0.0240637 0.998787 36.8289 -0.0118002 0.99963 0.0245979 0.974999 -0.99901 -0.0128536 0.0431341 56.1355
0.0455658 -0.0236335 0.998703 37.5895 -0.0119895 0.999637 0.0242027 0.989028 -0.998912 -0.0130759 0.0452651 56.175
0.049747 -0.0234012 0.998509 38.3535 -0.0115368 0.999647 0.0240033 1.01194 -0.998719 -0.0127131 0.0494597 56.2135
0.0528609 -0.0231937 0.998354 39.1212 -0.0128945 0.999632 0.0239063 1.03476 -0.998542 -0.0141362 0.0525415 56.2628
0.0551405 -0.0223346 0.998251 39.8937 -0.0164466 0.999595 0.023274 1.08764 -0.998368 -0.0177005 0.054751 56.3207
0.0590313 -0.023095 0.998012 40.6725 -0.0154972 0.999592 0.0240485 1.09261 -0.998159 -0.0168853 0.0586485 56.3714
0.0628515 -0.0229927 0.997781 41.456 -0.0158865 0.999587 0.0240359 1.11165 -0.997921 -0.0173613 0.0624605 56.4227
0.065832 -0.0229659 0.997589 42.248 -0.0170376 0.999565 0.0241359 1.13207 -0.997709 -0.0185848 0.0654113 56.4835
0.0706476 -0.0236062 0.997245 43.042 -0.015852 0.999569 0.024785 1.15195 -0.9974 -0.0175587 0.0702432 56.5465
0.075446 -0.0237769 0.996889 43.8382 -0.0153908 0.999571 0.0250059 1.16487 -0.997055 -0.0172288 0.0750467 56.6072
0.0795122 -0.0211064 0.996634 44.6359 -0.0164923 0.999613 0.0224861 1.18477 -0.996723 -0.0182241 0.0791337 56.6791
0.0860842 -0.0200139 0.99611 45.4309 -0.0164295 0.999635 0.0215049 1.19271 -0.996177 -0.0182161 0.0857231 56.7608
0.0933883 -0.0156828 0.99553 46.2291 -0.0158273 0.999729 0.0172345 1.21059 -0.995529 -0.0173654 0.0931149 56.8361
0.10006 -0.0161051 0.994875 47.0314 -0.0159876 0.999716 0.0177918 1.22657 -0.994878 -0.0176852 0.0997729 56.9319
0.108397 -0.0175311 0.993977 47.8423 -0.0158805 0.999689 0.0193645 1.23834 -0.994006 -0.0178833 0.108085 57.0304
0.116062 -0.0183552 0.993096 48.655 -0.0157533 0.999672 0.0203182 1.24684 -0.993143 -0.018002 0.115734 57.1293
0.122882 -0.0194127 0.992256 49.4706 -0.0156929 0.999648 0.0215016 1.26256 -0.992323 -0.0182128 0.122534 57.2343
0.131749 -0.0246035 0.991002 50.2885 -0.0156542 0.999518 0.0268965 1.2921 -0.991186 -0.0190562 0.131299 57.3503
0.139135 -0.0309979 0.989813 51.0976 -0.0158443 0.999315 0.0335235 1.32748 -0.990173 -0.0203465 0.138548 57.4765
0.145887 -0.0325648 0.98879 51.9064 -0.0156805 0.999259 0.0352236 1.34912 -0.989204 -0.0206426 0.145267 57.6029
0.154068 -0.0323569 0.987555 52.6968 -0.0158545 0.999257 0.0352146 1.37479 -0.98796 -0.0210819 0.15344 57.7246
0.159846 -0.0309019 0.986683 53.4846 -0.015678 0.999307 0.0338377 1.38734 -0.987045 -0.0208772 0.15925 57.8568
0.164009 -0.0309323 0.985999 54.2645 -0.0153182 0.99931 0.0338987 1.41399 -0.986367 -0.0206627 0.163422 57.9916
0.169994 -0.031015 0.984982 55.0423 -0.0148044 0.999314 0.0340218 1.44001 -0.985362 -0.0203647 0.169417 58.1317
0.175273 -0.0321396 0.984022 55.8114 -0.0145857 0.999275 0.0352367 1.46679 -0.98444 -0.020528 0.174677 58.2773
0.179667 -0.0342321 0.983157 56.5713 -0.0136262 0.999214 0.0372818 1.47694 -0.983662 -0.0200941 0.179058 58.4183
0.184879 -0.0401496 0.981968 57.3303 -0.0114263 0.999013 0.0429988 1.50967 -0.982723 -0.0191691 0.184237 58.5616
0.188201 -0.0467358 0.981045 58.0837 -0.00909673 0.998744 0.0493247 1.54576 -0.982118 -0.0182062 0.187538 58.7074
0.190716 -0.0487555 0.980461 58.8127 -0.00941107 0.998632 0.0514906 1.59077 -0.981629 -0.0190465 0.189996 58.8604
0.194689 -0.0499674 0.979619 59.5467 -0.00992446 0.998553 0.0529062 1.61762 -0.980844 -0.0200215 0.19391 59.0094
0.196091 -0.0502589 0.979325 60.2573 -0.010545 0.998523 0.0533567 1.65935 -0.980559 -0.020789 0.195271 59.1579
0.198694 -0.0504332 0.97879 60.9677 -0.0110619 0.998499 0.0536949 1.6997 -0.980029 -0.0214952 0.197837 59.3117
0.200345 -0.0455881 0.978693 61.6591 -0.0122264 0.998727 0.0490252 1.73535 -0.979679 -0.021787 0.199532 59.4634
0.201921 -0.0404527 0.978595 62.3355 -0.0137145 0.998936 0.044124 1.77036 -0.979336 -0.0223295 0.20115 59.6135
0.20451 -0.0401341 0.97807 63.0169 -0.0128709 0.998967 0.0436839 1.79746 -0.97881 -0.0215216 0.203782 59.7578
0.206177 -0.0401602 0.977719 63.6852 -0.0135386 0.998949 0.0438878 1.83954 -0.978451 -0.0222846 0.205415 59.9055
0.206381 -0.0411431 0.977635 64.3459 -0.0138028 0.998898 0.0449528 1.86642 -0.978405 -0.0227708 0.205586 60.0489
0.207793 -0.0417447 0.977311 64.9971 -0.0148304 0.998844 0.0458183 1.89604 -0.978091 -0.0240136 0.206932 60.1906
0.207622 -0.0422095 0.977327 65.6409 -0.0159677 0.998794 0.0465299 1.91884 -0.97811 -0.0252655 0.206698 60.3298
0.205894 -0.0425122 0.97768 66.2758 -0.0166083 0.998765 0.0469272 1.94488 -0.978464 -0.0258987 0.204932 60.4666
0.204817 -0.042447 0.977909 66.8942 -0.0174989 0.998745 0.0470175 1.97086 -0.978675 -0.0267416 0.203817 60.5992
0.20199 -0.042934 0.978476 67.5093 -0.0184055 0.998701 0.0476215 1.99272 -0.979246 -0.0276274 0.200936 60.731
0.201235 -0.0372271 0.978866 68.1113 -0.0207215 0.998897 0.04225 2.00204 -0.979355 -0.0287851 0.200242 60.8611
0.199148 -0.0370473 0.979299 68.7029 -0.0203787 0.998918 0.0419343 2.02365 -0.979789 -0.0283069 0.198176 60.9816
0.196295 -0.0377545 0.979849 69.2939 -0.0205074 0.998887 0.0425975 2.05387 -0.980362 -0.028455 0.195302 61.1036
0.194992 -0.0390967 0.980057 69.8709 -0.020743 0.998823 0.0439729 2.08024 -0.980618 -0.0289024 0.19395 61.2189
0.192771 -0.0407911 0.980427 70.4383 -0.020712 0.998749 0.0456271 2.09773 -0.981057 -0.0291014 0.191685 61.333
0.190163 -0.042447 0.980867 70.9998 -0.0201884 0.99869 0.0471329 2.10643 -0.981578 -0.0287638 0.189056 61.4391
0.188677 -0.0409025 0.981219 71.5404 -0.0165974 0.998863 0.0448309 2.13089 -0.981931 -0.0247434 0.187783 61.539
0.186161 -0.041406 0.981679 72.0856 -0.0151766 0.998877 0.0450102 2.14806 -0.982435 -0.0232765 0.185323 61.6391
0.183776 -0.0414275 0.982127 72.6261 -0.0151684 0.998879 0.0449739 2.17826 -0.982883 -0.0231616 0.182942 61.7385
0.183238 -0.0417459 0.982214 73.1638 -0.0149262 0.99887 0.0452391 2.20221 -0.982989 -0.0229489 0.182406 61.8386
0.181935 -0.0423884 0.982429 73.7113 -0.0138244 0.998867 0.0456592 2.22571 -0.983245 -0.0218877 0.181143 61.9384
0.18139 -0.0440947 0.982455 74.2614 -0.011646 0.998833 0.0469807 2.23158 -0.983376 -0.0199621 0.180664 62.033
0.184067 -0.0458799 0.981875 74.8017 -0.0071412 0.998827 0.0480121 2.24922 -0.98292 -0.0158484 0.183523 62.1284
0.185984 -0.0467505 0.981473 75.3559 -0.00448853 0.998822 0.0484281 2.27031 -0.982577 -0.0134109 0.185554 62.2315
0.189084 -0.0471947 0.98086 75.9113 -0.00439663 0.998799 0.048907 2.30245 -0.981983 -0.0135592 0.18865 62.346
0.195001 -0.0479814 0.979662 76.4603 -0.00403275 0.998761 0.0497203 2.32664 -0.98083 -0.0136448 0.194565 62.46
0.201498 -0.0487943 0.978307 77.019 -0.00216013 0.99874 0.0502598 2.34812 -0.979519 -0.0122397 0.201139 62.5728
0.208997 -0.0493177 0.976706 77.5845 -0.00160519 0.998715 0.0507732 2.37754 -0.977951 -0.0121778 0.208647 62.7004
0.217638 -0.0500568 0.97478 78.1563 -0.000421663 0.998685 0.05138 2.40675 -0.976063 -0.0115924 0.217331 62.8368
0.227353 -0.0510471 0.972509 78.7311 -0.000284336 0.998628 0.0524853 2.4312 -0.973848 -0.0122079 0.227025 62.9822
0.237027 -0.0517943 0.970157 79.3129 7.42076e-05 0.998585 0.0532953 2.45286 -0.971537 -0.0125596 0.236695 63.1361
0.247449 -0.0518852 0.967547 79.892 8.78394e-06 0.998571 0.0535475 2.49227 -0.968938 -0.0132404 0.247094 63.2983
0.256688 -0.0520523 0.965128 80.481 0.000115858 0.998557 0.0538258 2.52373 -0.966529 -0.0137038 0.256324 63.4708
0.268499 -0.0512198 0.961954 81.0827 -0.000377688 0.998586 0.0532765 2.56763 -0.963317 -0.0146665 0.268098 63.6514
0.279388 -0.0514279 0.958837 81.6965 -0.000113712 0.998569 0.0535936 2.59495 -0.960214 -0.0150816 0.278982 63.8388
0.28955 -0.05155 0.955811 82.3126 -0.000201498 0.998551 0.0539171 2.62997 -0.9572 -0.0158028 0.289119 64.0373
0.299394 -0.0516021 0.952771 82.9427 0.000176351 0.998545 0.0540275 2.66013 -0.954165 -0.0160066 0.298967 64.2451
0.309023 -0.0520739 0.949666 83.577 3.28891e-06 0.998506 0.054752 2.70183 -0.951093 -0.016915 0.308559 64.4676
0.324582 -0.0543979 0.944331 84.2131 0.00125074 0.998376 0.0570831 2.73372 -0.945894 -0.017346 0.324122 64.6914
0.333645 -0.0621775 0.940685 84.8823 0.00475053 0.997926 0.0642772 2.76048 -0.942725 -0.0169755 0.333246 64.9391
0.345415 -0.0659857 0.936168 85.5593 0.00739323 0.997693 0.0675965 2.80278 -0.938459 -0.0164264 0.345105 65.186
0.355803 -0.067436 0.932164 86.2379 0.00871966 0.997595 0.0688424 2.85505 -0.934559 -0.0163648 0.355533 65.4512
0.364126 -0.0697064 0.928778 86.9331 0.0120555 0.997472 0.0701376 2.89947 -0.93131 -0.0143409 0.364045 65.7249
0.37233 -0.0737984 0.925202 87.6251 0.0193335 0.99724 0.0717654 2.96486 -0.927939 -0.00883167 0.372727 65.9988
0.379271 -0.0861432 0.921308 88.3421 0.0344586 0.99629 0.0789706 3.04657 -0.924683 0.00179668 0.380831 66.2624
0.385338 -0.0917049 0.918248 89.0678 0.041876 0.995767 0.0818752 3.10629 -0.921865 0.00690425 0.387545 66.5717
0.392642 -0.0923387 0.915087 89.7673 0.0431963 0.995709 0.0819416 3.17168 -0.918716 0.00735547 0.394944 66.8748
0.399098 -0.0883703 0.91268 90.4832 0.0443912 0.996045 0.0770321 3.23474 -0.915873 0.00977284 0.40144 67.1858
0.406709 -0.0839071 0.909739 91.1811 0.0469932 0.996385 0.070892 3.29621 -0.912389 0.0139199 0.40918 67.4922
0.412576 -0.0837726 0.907104 91.8925 0.0467148 0.996403 0.0707738 3.35749 -0.909765 0.0131769 0.415003 67.8174
0.417361 -0.0843331 0.904863 92.5922 0.0454396 0.996384 0.0719065 3.42298 -0.907646 0.0111064 0.419682 68.1562
0.422727 -0.0816967 0.902609 93.2786 0.0416749 0.996633 0.0706905 3.4834 -0.90534 0.0077347 0.424706 68.4915
0.427024 -0.0819314 0.900564 93.9616 0.04138 0.996621 0.0710515 3.51811 -0.903335 0.00692542 0.42897 68.8187
0.430865 -0.0820798 0.898719 94.6358 0.0415112 0.996609 0.0711204 3.57679 -0.901503 0.00666504 0.432809 69.1551
0.43508 -0.0814673 0.896743 95.295 0.0412304 0.996664 0.0705432 3.63682 -0.89949 0.00628197 0.436985 69.4857
0.439196 -0.0830759 0.894584 95.949 0.0422264 0.996529 0.0718137 3.69287 -0.89744 0.00623614 0.441178 69.8143
0.442858 -0.0852941 0.89257 96.6081 0.043362 0.996345 0.0736987 3.7393 -0.895586 0.00606644 0.444935 70.143
0.446899 -0.0865077 0.890435 97.2418 0.0441017 0.996239 0.0746545 3.79443 -0.893539 0.00590807 0.449031 70.4612
0.449791 -0.0874818 0.888884 97.8713 0.0445991 0.996158 0.0754739 3.84711 -0.892062 0.00569683 0.451962 70.7858
0.45402 -0.0875914 0.886719 98.4801 0.0445551 0.996149 0.0755896 3.89649 -0.889919 0.00519014 0.456172 71.1065
0.456788 -0.0881994 0.885237 99.0874 0.0451005 0.996097 0.0759749 3.94073 -0.888474 0.00522104 0.458981 71.4208
0.45862 -0.0894645 0.884161 99.6884 0.046324 0.995979 0.0767521 3.99248 -0.887467 0.0057593 0.460918 71.7321
0.45993 -0.0899808 0.88343 100.282 0.0467492 0.995935 0.0771037 4.03393 -0.886767 0.00583821 0.462265 72.0447
0.46213 -0.0901553 0.882262 100.853 0.0466291 0.995919 0.077347 4.08905 -0.885629 0.00539626 0.464445 72.3501
0.464347 -0.0911993 0.880991 101.422 0.0475969 0.995824 0.0780021 4.13299 -0.884416 0.00571327 0.466747 72.6526
0.466554 -0.0916425 0.879777 101.984 0.0475734 0.995784 0.0784998 4.17958 -0.883256 0.00523112 0.468944 72.9566
0.469775 -0.0929664 0.877924 102.532 0.0485993 0.995663 0.0794315 4.22165 -0.881491 0.00535249 0.472254 73.2506
0.472881 -0.0933241 0.876215 103.076 0.0493479 0.995625 0.0794117 4.26088 -0.879787 0.00568869 0.475414 73.5466
0.475149 -0.0939288 0.874925 103.614 0.0501367 0.995569 0.0796555 4.30041 -0.87852 0.0060185 0.477751 73.8363
0.478954 -0.0946748 0.872765 104.13 0.0503541 0.995499 0.0803572 4.34084 -0.876439 0.00546143 0.481563 74.1236
0.481928 -0.0950621 0.871086 104.645 0.050512 0.995467 0.0806928 4.37974 -0.874798 0.00511298 0.484543 74.41
0.484806 -0.0957739 0.869408 105.156 0.0509016 0.995398 0.0812705 4.42008 -0.873184 0.00485548 0.487446 74.6976
0.488737 -0.0964248 0.867133 105.653 0.0515696 0.995337 0.0816178 4.45795 -0.87095 0.00482893 0.491429 74.9843
0.492227 -0.0964484 0.865153 106.154 0.0514437 0.995335 0.0816942 4.50265 -0.868991 0.00429618 0.494889 75.2736
0.496666 -0.0973044 0.862518 106.642 0.0526547 0.995252 0.0819612 4.54272 -0.866388 0.0047092 0.499429 75.5581
0.501622 -0.0971809 0.859658 107.126 0.0524762 0.995265 0.081892 4.59162 -0.86354 0.00403437 0.504343 75.8537
0.507725 -0.0914676 0.856698 107.61 0.0507367 0.995805 0.0762532 4.63505 -0.860069 0.00475123 0.510234 76.1492
0.513802 -0.0845231 0.853782 108.089 0.0470108 0.99642 0.070355 4.67399 -0.856667 0.00399018 0.515932 76.4551
0.521506 -0.0786383 0.849664 108.563 0.0446782 0.996903 0.0648458 4.7019 -0.852122 0.00414474 0.523402 76.7657
0.527942 -0.0733988 0.846151 109.057 0.0432927 0.997295 0.0595 4.72428 -0.848223 0.00522127 0.529688 77.0779
0.533907 -0.0741854 0.842331 109.534 0.0429546 0.997246 0.0606053 4.75031 -0.844498 0.00382526 0.53562 77.3923
0.539988 -0.0751643 0.838358 110.024 0.0375714 0.99717 0.0652049 4.77573 -0.840881 -0.00370988 0.54128 77.7245
0.545765 -0.0764483 0.834493 110.529 0.0374009 0.997068 0.0668842 4.80777 -0.83715 -0.00529146 0.547021 78.0652
0.552754 -0.077878 0.829746 111.019 0.0317736 0.996877 0.0723993 4.82805 -0.832787 -0.0136532 0.553497 78.4087
0.558635 -0.0788666 0.825705 111.521 0.0322902 0.996791 0.0733645 4.8631 -0.828832 -0.0143208 0.559386 78.7598
0.565029 -0.0783196 0.821395 112.03 0.0317785 0.996818 0.0731877 4.91143 -0.824509 -0.0152487 0.565715 79.1224
0.572096 -0.0736837 0.816921 112.538 0.0282411 0.997145 0.0701647 4.95874 -0.819749 -0.0170693 0.57254 79.4985
0.578327 -0.0740105 0.812492 113.054 0.0291383 0.997121 0.0700898 5.00352 -0.815335 -0.0168584 0.578814 79.8819
0.58384 -0.074048 0.808537 113.579 0.0300839 0.997131 0.0695994 5.05021 -0.811361 -0.01631 0.584389 80.2721
0.590612 -0.0748246 0.803531 114.108 0.0314296 0.997076 0.069748 5.09897 -0.806395 -0.0159375 0.591231 80.6762
0.597576 -0.0753045 0.798321 114.648 0.0327094 0.99705 0.0695691 5.15423 -0.801195 -0.0154593 0.598273 81.102
0.603898 -0.0768828 0.793399 115.209 0.0339941 0.996923 0.0707322 5.19247 -0.79639 -0.0157423 0.604647 81.5343
0.612025 -0.0778515 0.787052 115.771 0.0350576 0.996844 0.071345 5.24385 -0.790113 -0.0160717 0.612819 81.9819
0.619461 -0.0784818 0.78115 116.339 0.0358672 0.996788 0.0717057 5.294 -0.784262 -0.0163993 0.62028 82.4418
0.626717 -0.0790261 0.775285 116.909 0.0372875 0.996755 0.071462 5.36035 -0.778408 -0.015877 0.627626 82.9187
0.634836 -0.079071 0.768647 117.488 0.0372911 0.996733 0.0717372 5.41225 -0.771802 -0.0168758 0.635706 83.4156
0.641575 -0.0795398 0.762983 118.065 0.0384215 0.996702 0.0716002 5.47228 -0.766153 -0.0166209 0.642511 83.917
0.646216 -0.0804387 0.758961 118.652 0.0394722 0.996629 0.0720217 5.52627 -0.762189 -0.0165818 0.647207 84.4245
0.650297 -0.0811997 0.755386 119.252 0.0405497 0.996572 0.0722208 5.58383 -0.758653 -0.0163332 0.651357 84.951
0.653092 -0.0818444 0.752901 119.861 0.0413416 0.99652 0.0724684 5.63383 -0.756206 -0.0162005 0.654198 85.4775
0.656363 -0.083012 0.749923 120.482 0.0434183 0.996446 0.0723026 5.68325 -0.753251 -0.0148953 0.65763 86.0121
0.658904 -0.0873796 0.747193 121.106 0.0493986 0.99612 0.0729308 5.74662 -0.750659 -0.0111423 0.66066 86.5594
0.661569 -0.0929537 0.74416 121.73 0.0557151 0.995646 0.074839 5.81864 -0.747869 -0.00804914 0.663864 87.1134
0.664436 -0.0926304 0.741642 122.365 0.0562694 0.99568 0.0739503 5.87695 -0.745282 -0.00740185 0.666772 87.6734
0.668043 -0.0935881 0.738274 122.995 0.0579401 0.995598 0.0737832 5.94658 -0.741921 -0.00651347 0.670521 88.2497
0.669899 -0.0941825 0.736515 123.614 0.0588433 0.995543 0.0737875 6.00004 -0.740176 -0.00608952 0.67245 88.8282
0.676202 -0.0882658 0.731472 124.25 0.0538508 0.996072 0.0704165 6.06913 -0.734805 -0.0082241 0.678295 89.4127
0.679843 -0.0850055 0.728475 124.871 0.0482161 0.996297 0.0712631 6.12753 -0.73183 -0.0133218 0.681421 90.0213
0.683061 -0.0866501 0.725267 125.508 0.0477933 0.996121 0.0740018 6.18561 -0.728857 -0.0158834 0.684548 90.6282
0.687066 -0.0901368 0.721044 126.139 0.0467217 0.995709 0.079955 6.26677 -0.725151 -0.0212441 0.688325 91.2411
0.690332 -0.0951035 0.717279 126.768 0.0481925 0.995176 0.0855715 6.33278 -0.721948 -0.0245037 0.691581 91.8573
0.694836 -0.096049 0.712788 127.423 0.0485022 0.995049 0.0868062 6.40454 -0.717592 -0.0257424 0.69605 92.4986
0.698757 -0.0975682 0.70874 128.063 0.0493944 0.994882 0.0882651 6.45856 -0.713715 -0.0266665 0.699995 93.1242
0.703098 -0.100735 0.703986 128.698 0.0608514 0.994812 0.0815778 6.52222 -0.708547 -0.0145168 0.705576 93.7415
0.706592 -0.0990122 0.700727 129.339 0.0649859 0.995069 0.0750767 6.58805 -0.704695 -0.00750991 0.709537 94.3819
0.71343 -0.0969867 0.694047 129.962 0.0664243 0.995282 0.070805 6.64795 -0.697635 -0.00441099 0.716501 95.0379
0.718841 -0.100177 0.687987 130.595 0.0688902 0.994967 0.0729012 6.71799 -0.691819 -0.00500758 0.722119 95.7
0.72402 -0.105636 0.681708 131.226 0.0730449 0.994395 0.0765137 6.76433 -0.685965 -0.00560038 0.727673 96.3668
0.728669 -0.107984 0.676369 131.871 0.0770536 0.994157 0.0757124 6.83681 -0.680585 -0.00305132 0.732728 97.0569
0.733797 -0.106091 0.671102 132.481 0.0800131 0.994359 0.0697084 6.89301 -0.674707 0.00254688 0.738141 97.7298
0.736727 -0.105498 0.667981 133.097 0.0806617 0.994422 0.0680956 6.96971 -0.671431 0.0037138 0.741122 98.4218
0.740155 -0.107528 0.663852 133.706 0.0826856 0.9942 0.0688495 7.02882 -0.6674 0.00393344 0.744749 99.1067
0.742055 -0.112634 0.660881 134.325 0.0862327 0.99364 0.0725266 7.08499 -0.66484 0.00317217 0.747043 99.8
0.742647 -0.115565 0.659706 134.951 0.0884815 0.993302 0.0744009 7.14511 -0.66388 0.00311997 0.747893 100.501
0.74347 -0.119165 0.65814 135.562 0.0914743 0.992877 0.076444 7.2055 -0.662556 0.00337033 0.749069 101.198
0.743493 -0.121296 0.657723 136.177 0.0927975 0.992619 0.0781617 7.27328 -0.662343 0.00292408 0.749255 101.902
0.742619 -0.121947 0.658593 136.788 0.0932011 0.992541 0.0786949 7.35014 -0.663271 0.00294235 0.74844 102.612
0.74288 -0.121864 0.65831 137.395 0.0925874 0.992552 0.0792598 7.42018 -0.66306 0.00207241 0.748625 103.318
0.741534 -0.120475 0.660086 138.002 0.0910152 0.992724 0.0789472 7.4962 -0.664787 0.00153671 0.747098 104.019
0.740394 -0.118708 0.66168 138.614 0.0892127 0.992936 0.0783137 7.57508 -0.666295 0.00104897 0.745749 104.721
0.738777 -0.11728 0.663743 139.226 0.087724 0.993107 0.0778422 7.6563 -0.66829 0.000719138 0.743968 105.427
0.736744 -0.116119 0.666198 139.841 0.0855082 0.993243 0.0785633 7.72465 -0.670812 -0.000913938 0.741689 106.132
0.733975 -0.116676 0.669155 140.469 0.0843234 0.993175 0.080687 7.79116 -0.673995 -0.00279577 0.738799 106.838
0.732824 -0.117785 0.670218 141.09 0.0827538 0.993028 0.084036 7.86234 -0.675436 -0.00611876 0.737456 107.529
0.729744 -0.120143 0.673156 141.712 0.0844396 0.992749 0.0856514 7.93082 -0.678558 -0.00566162 0.734593 108.214
0.727921 -0.117929 0.675514 142.325 0.0834436 0.993019 0.0834443 7.98561 -0.680632 -0.00437175 0.732675 108.881
0.721921 -0.109662 0.683304 142.943 0.0796712 0.993978 0.0753541 8.07502 -0.687445 4.09217e-05 0.726306 109.564
0.720582 -0.104434 0.68553 143.562 0.0776745 0.994534 0.0698653 8.14252 -0.689073 0.00290621 0.724751 110.223
0.716708 -0.107586 0.689098 144.185 0.0779686 0.994205 0.0741338 8.20803 -0.693072 0.000596668 0.720938 110.889
0.712991 -0.11037 0.692503 144.807 0.0746501 0.993877 0.0815478 8.26896 -0.697255 -0.00644566 0.71686 111.555
0.709476 -0.113231 0.695646 145.432 0.0736806 0.993526 0.0865777 8.33873 -0.700938 -0.0101682 0.713221 112.215
0.706801 -0.113334 0.698346 146.053 0.0730493 0.993507 0.087306 8.41127 -0.703698 -0.0106925 0.710486 112.852
0.70363 -0.114435 0.701365 146.682 0.0736505 0.993386 0.0881987 8.48134 -0.70681 -0.0104023 0.707399 113.496
0.699418 -0.114825 0.7055 147.323 0.075276 0.993363 0.0870538 8.54774 -0.710804 -0.00777803 0.703415 114.133
0.696379 -0.114713 0.70852 147.951 0.0766391 0.993394 0.0855151 8.60679 -0.713641 -0.00524947 0.700565 114.759
0.692544 -0.114707 0.712268 148.585 0.076605 0.993397 0.0855014 8.67757 -0.717362 -0.00464859 0.696754 115.387
0.687845 -0.1148 0.716794 149.223 0.07612 0.993387 0.0860586 8.75903 -0.721925 -0.00463158 0.692031 116.012
0.684641 -0.114699 0.719869 149.864 0.0749754 0.993393 0.0869773 8.84339 -0.725079 -0.00557428 0.688714 116.633
0.679695 -0.115144 0.724473 150.519 0.0744584 0.99334 0.0880254 8.91421 -0.729775 -0.00588629 0.683738 117.254
0.673704 -0.114736 0.73011 151.166 0.0728471 0.993382 0.0888926 9.00165 -0.735467 -0.00669936 0.6776 117.869
0.66912 -0.110141 0.735019 151.818 0.0699289 0.993909 0.0852816 9.07667 -0.739927 -0.00566342 0.672742 118.485
0.663721 -0.104753 0.740677 152.476 0.0666577 0.994497 0.0809212 9.15055 -0.745068 -0.0043357 0.667047 119.091
0.656685 -0.103645 0.747079 153.144 0.0647606 0.994611 0.081067 9.22293 -0.751448 -0.00485305 0.659854 119.69
0.651154 -0.108733 0.751184 153.841 0.0631023 0.994023 0.0891872 9.29203 -0.75638 -0.0106717 0.65412 120.294
0.645122 -0.112996 0.755748 154.528 0.0569534 0.993374 0.0999137 9.38822 -0.762022 -0.0214128 0.647279 120.912
0.636877 -0.117155 0.762079 155.231 0.0558734 0.992811 0.105935 9.46136 -0.769 -0.0248857 0.63884 121.513
0.631081 -0.116671 0.766962 155.938 0.0507361 0.992725 0.109272 9.56231 -0.774124 -0.0300456 0.632405 122.106
0.623306 -0.115941 0.773402 156.656 0.0493389 0.992817 0.109073 9.65728 -0.780482 -0.0298254 0.624545 122.7
0.615251 -0.116508 0.779743 157.384 0.052474 0.992886 0.106958 9.742 -0.786651 -0.0248881 0.616984 123.272
0.609851 -0.109817 0.784936 158.109 0.0517593 0.993767 0.0988228 9.84229 -0.790885 -0.0196376 0.61173 123.845
0.601911 -0.108577 0.791215 158.845 0.0543698 0.993995 0.0950485 9.93318 -0.796777 -0.0141913 0.604196 124.419
0.594578 -0.112757 0.796159 159.613 0.0553904 0.99352 0.099346 10.0296 -0.80219 -0.0149676 0.596966 124.994
0.587676 -0.114206 0.801062 160.37 0.0553196 0.993351 0.101042 10.1172 -0.80727 -0.0150644 0.590082 125.545
0.580665 -0.114776 0.806078 161.115 0.054078 0.993274 0.102478 10.2086 -0.812406 -0.0159127 0.582962 126.087
0.573971 -0.115131 0.810808 161.857 0.0534965 0.993232 0.10317 10.3084 -0.817193 -0.0158397 0.576241 126.627
0.567626 -0.115912 0.815152 162.601 0.0534934 0.993149 0.103977 10.3996 -0.821608 -0.015413 0.569934 127.15
0.561711 -0.123438 0.818139 163.349 0.0582436 0.992261 0.109726 10.4691 -0.825348 -0.013982 0.56455 127.652
0.556131 -0.124595 0.821768 164.09 0.056751 0.992093 0.112017 10.558 -0.829215 -0.0156585 0.558802 128.164
0.552787 -0.124985 0.823963 164.819 0.0559405 0.992032 0.112955 10.6581 -0.83151 -0.0163461 0.55537 128.657
0.548158 -0.125216 0.827015 165.542 0.0551586 0.991998 0.113639 10.7532 -0.834615 -0.0166735 0.550676 129.145
0.54326 -0.125105 0.830257 166.268 0.0545283 0.992014 0.113806 10.8484 -0.837859 -0.0165523 0.545739 129.624
0.540751 -0.12115 0.832479 166.973 0.054668 0.992553 0.108939 10.9541 -0.839466 -0.0133971 0.543344 130.088
0.537686 -0.119294 0.834729 167.684 0.0535137 0.992781 0.107417 11.0615 -0.841512 -0.013086 0.540185 130.555
0.534063 -0.123086 0.836503 168.4 0.052507 0.992274 0.112488 11.1334 -0.843874 -0.0161519 0.536397 131.02
