1 0 0 0 0 1 0 0 0 0 1 0
0.999999 -7.14876e-05 -0.00141847 -0.000874957 7.19018e-05 1 0.000262788 -0.00417552 0.00141838 -0.000262868 0.999999 0.555673
0.999999 8.07516e-05 -0.00183899 -0.00477365 -8.02193e-05 1 0.000309016 -0.00416376 0.00183901 -0.000308887 0.999998 1.10854
0.999993 1.80171e-05 -0.00394109 -0.00783876 -1.61147e-05 1 0.000487972 -0.0042845 0.00394099 -0.000487906 0.999992 1.6643
0.999982 -0.000201661 -0.00603644 -0.00954684 0.000206904 1 0.000869978 -0.0100021 0.00603624 -0.000871236 0.999981 2.21574
0.999977 -0.000215096 -0.00682704 -0.0107256 0.000223158 0.999999 0.00118476 -0.0147049 0.00682674 -0.00118622 0.999976 2.76834
0.999962 -0.000158595 -0.00872844 -0.0142179 0.000172188 0.999999 0.00155605 -0.0140215 0.00872815 -0.00155756 0.999961 3.33838
0.999955 -5.50045e-05 -0.00956213 -0.021744 7.57705e-05 0.999998 0.00217296 -0.0168282 0.00956196 -0.00217362 0.999953 3.90738
0.999936 4.20568e-05 -0.0113201 -0.0285435 -1.36339e-05 0.999997 0.0025152 -0.021177 0.0113201 -0.00251504 0.999934 4.49286
0.999933 0.000497558 -0.0115607 -0.036198 -0.000474988 0.999998 0.00195686 -0.0226238 0.0115617 -0.00195124 0.999932 5.07967
0.999911 0.000761368 -0.0133685 -0.0507223 -0.000730904 0.999997 0.00228775 -0.0221296 0.0133701 -0.00227796 0.999909 5.67954
0.999893 0.00110825 -0.0145944 -0.0646893 -0.00106903 0.999996 0.00269888 -0.0262877 0.0145972 -0.00268296 0.999891 6.28331
0.999886 0.00143758 -0.0150667 -0.0823804 -0.00138026 0.999992 0.00381367 -0.0317104 0.015072 -0.0037926 0.999881 6.89983
0.999853 0.00184105 -0.0170945 -0.103752 -0.00172209 0.999974 0.00697653 -0.037511 0.0171069 -0.00694601 0.999831 7.54575
0.999857 0.00166234 -0.0168731 -0.122521 -0.0014994 0.999952 0.00966524 -0.0447517 0.0168882 -0.00963871 0.999812 8.19303
0.999826 0.00242377 -0.018568 -0.144281 -0.00222913 0.999943 0.010501 -0.0579556 0.0185923 -0.0104578 0.999774 8.87321
0.999801 0.00405283 -0.0196062 -0.16438 -0.00384922 0.999939 0.010415 -0.071263 0.019647 -0.0103376 0.999755 9.54916
0.999802 0.00505769 -0.0193495 -0.188161 -0.00487685 0.999945 0.00939225 -0.0733532 0.019396 -0.00929599 0.999771 10.2354
0.999774 0.00510296 -0.0206956 -0.212526 -0.0050268 0.999981 0.00373445 -0.0814168 0.0207141 -0.00362965 0.999781 10.952
0.999778 0.00407173 -0.0207399 -0.228489 -0.00397215 0.999982 0.00485316 -0.0877121 0.0207593 -0.00476964 0.999776 11.666
0.999758 0.00150041 -0.0220326 -0.250036 -0.00118115 0.999896 0.0144987 -0.0736917 0.0220519 -0.0144693 0.999654 12.4371
0.999778 0.000218823 -0.0211712 -0.268197 0.000247661 0.999758 0.0220478 -0.0639337 0.0211708 -0.022048 0.999535 13.2
0.999743 0.00117332 -0.02273 -0.288278 -0.000649198 0.999736 0.0230556 -0.0652636 0.022751 -0.0230351 0.999478 13.9915
0.999738 0.00154536 -0.0229445 -0.308348 -0.00100592 0.999724 0.023521 -0.058528 0.0229745 -0.0234916 0.999463 14.7932
0.999768 0.00216247 -0.0215652 -0.317772 -0.00168805 0.999759 0.0219972 -0.0585365 0.0216075 -0.0219558 0.999528 15.6
0.999761 0.00231733 -0.0218653 -0.340215 -0.0018305 0.999752 0.0222775 -0.0224116 0.0219115 -0.022232 0.999516 16.4369
0.999808 0.00156157 -0.0196932 -0.356739 -0.00122493 0.999856 0.0171016 -0.0108673 0.0197168 -0.0170743 0.999663 17.2801
0.999786 -0.00388048 -0.0204736 -0.387433 0.00414477 0.999909 0.0129018 0.00321055 0.0204217 -0.0129838 0.999709 18.1567
0.999832 -0.00390146 -0.0180622 -0.404244 0.00414138 0.999906 0.0132714 0.0374424 0.0180086 -0.0133441 0.999752 19.0419
0.999813 -0.00444693 -0.0190329 -0.427169 0.00473761 0.999873 0.0152685 0.0635284 0.0189626 -0.0153556 0.999704 19.9511
0.999809 -0.0048281 -0.0190801 -0.449744 0.00514555 0.999851 0.0166304 0.0808624 0.0189967 -0.0167255 0.999683 20.8703
0.999835 -0.00415611 -0.0178847 -0.465094 0.00445754 0.999849 0.0168614 0.0889444 0.0178121 -0.0169382 0.9997 21.803
0.999817 -0.00330644 -0.0189805 -0.492652 0.00363667 0.999845 0.017393 0.0975261 0.0189197 -0.017459 0.999672 22.7494
0.999837 -0.00278135 -0.0180367 -0.516786 0.00311567 0.999824 0.0185479 0.112659 0.0179821 -0.0186009 0.999668 23.7062
0.999829 -0.00312659 -0.0183708 -0.544939 0.00348461 0.999807 0.0194927 0.124495 0.0183061 -0.0195534 0.999645 24.6562
0.999836 -0.00317942 -0.0180354 -0.56741 0.00354156 0.999792 0.0201 0.138826 0.0179679 -0.0201603 0.999638 25.6423
0.999824 -0.00339439 -0.0186046 -0.591767 0.00377556 0.999786 0.0204947 0.151845 0.0185309 -0.0205615 0.99962 26.6105
0.999819 -0.00322862 -0.0189698 -0.617766 0.00363423 0.999765 0.0214046 0.166579 0.0188963 -0.0214695 0.999594 27.6039
0.999825 -0.00346069 -0.0185476 -0.642912 0.00387383 0.999748 0.0222892 0.184702 0.0184656 -0.0223573 0.999583 28.6168
0.999807 -0.00393501 -0.0194425 -0.668699 0.00437687 0.999732 0.0227585 0.209449 0.0193479 -0.0228391 0.999555 29.6102
0.999817 -0.00483864 -0.0186992 -0.68806 0.00525461 0.999742 0.0222626 0.232512 0.0185866 -0.0223569 0.999581 30.6404
0.999805 -0.00493192 -0.0193506 -0.715718 0.0053653 0.999735 0.0224304 0.256359 0.0192351 -0.0225297 0.999565 31.6523
0.999786 -0.00626411 -0.0198776 -0.738378 0.00672447 0.999711 0.0231788 0.284089 0.0197265 -0.0233076 0.999538 32.6831
0.999788 -0.00709714 -0.0195576 -0.759767 0.00757389 0.999674 0.0244377 0.310931 0.019378 -0.0245804 0.999514 33.7272
0.999754 -0.00730427 -0.0211051 -0.78584 0.00785552 0.99963 0.0261562 0.332759 0.0209062 -0.0263157 0.999439 34.7712
0.999768 -0.0072828 -0.0204762 -0.816587 0.0078296 0.999612 0.0267802 0.358456 0.0202735 -0.0269341 0.999436 35.8322
0.999743 -0.0071509 -0.021695 -0.843837 0.00773384 0.99961 0.0269059 0.382954 0.0214941 -0.0270668 0.999407 36.88
0.999773 -0.00663267 -0.0205003 -0.871845 0.0071725 0.999627 0.0264013 0.407526 0.0203178 -0.0265421 0.999446 37.9455
0.999737 -0.00592061 -0.0223609 -0.892976 0.00651635 0.999626 0.0266637 0.429913 0.0221945 -0.0268025 0.9994 39.0152
0.999719 -0.00594761 -0.0231734 -0.91932 0.00658576 0.999599 0.0275863 0.452249 0.0230003 -0.0277309 0.999356 40.0877
0.999745 -0.00538479 -0.0221419 -0.951963 0.0060259 0.999564 0.0289891 0.469876 0.021976 -0.0291151 0.99934 41.1505
0.999715 -0.00435701 -0.0236798 -0.984979 0.00505655 0.999552 0.0295883 0.484103 0.0235405 -0.0296992 0.999288 42.2342
0.999742 -0.00332 -0.0227475 -1.02009 0.00399853 0.999549 0.0298459 0.502156 0.0226379 -0.0299292 0.999302 43.3002
0.999705 -0.0017881 -0.0244662 -1.05509 0.00247102 0.999609 0.0279377 0.515554 0.0244069 -0.0279895 0.999317 44.3678
0.999733 1.72299e-05 -0.023385 -1.08506 0.000623347 0.999627 0.0273816 0.527789 0.0233765 -0.0273888 0.999358 45.4385
0.999716 0.000321754 -0.0240666 -1.11222 0.000344316 0.999618 0.0276878 0.548913 0.0240665 -0.0276879 0.999334 46.5112
0.999718 0.000353832 -0.0240004 -1.14498 0.000352347 0.99957 0.029408 0.565594 0.0240003 -0.0294081 0.999286 47.5931
0.999747 0.00061657 -0.0227622 -1.17892 7.48586e-05 0.99954 0.0303844 0.590398 0.0227706 -0.0303781 0.999286 48.6697
0.999727 0.000235096 -0.0236457 -1.2072 0.000499841 0.999519 0.0310673 0.60938 0.0236414 -0.0310707 0.999245 49.7548
0.999757 0.000741555 -0.0223383 -1.23809 -5.24743e-05 0.999526 0.030856 0.641744 0.0223507 -0.030847 0.999282 50.8284
0.999744 0.000921313 -0.0228912 -1.26639 -0.000216411 0.999529 0.0307738 0.661373 0.0229086 -0.030761 0.999272 51.9065
0.999746 0.00142691 -0.0228102 -1.29726 -0.000729952 0.999535 0.03056 0.696028 0.0228434 -0.0305352 0.999281 52.9833
0.999784 0.00127822 -0.0210831 -1.32491 -0.000626071 0.999524 0.030903 0.719535 0.0211124 -0.0308832 0.999308 54.0529
0.999757 0.00153608 -0.0222918 -1.3514 -0.000840978 0.999516 0.0311829 0.743725 0.0223292 -0.0311563 0.999273 55.1282
0.999789 0.00159145 -0.0208197 -1.37795 -0.000935891 0.999507 0.0314525 0.769398 0.0208593 -0.0314264 0.999297 56.1938
0.99977 0.000963097 -0.0217396 -1.40074 -0.000238509 0.999447 0.0333317 0.802675 0.0217599 -0.0333186 0.999216 57.2746
0.999816 0.000807922 -0.0195303 -1.42811 -9.4978e-05 0.999337 0.0364755 0.834666 0.0195466 -0.036467 0.999152 58.3401
0.999798 -4.13644e-05 -0.0204671 -1.44991 0.000935977 0.999046 0.0437259 0.871043 0.020446 -0.0437359 0.998843 59.4317
0.999802 -0.000396299 -0.0202311 -1.4754 0.00129565 0.999013 0.0444588 0.913959 0.0201932 -0.0444763 0.998815 60.5113
0.999827 -0.000786593 -0.0190259 -1.50164 0.00163061 0.999015 0.0444158 0.958691 0.0189724 -0.0444387 0.998842 61.5794
0.999805 -0.000684786 -0.0201083 -1.52407 0.00158668 0.998994 0.0448712 1.00402 0.020057 -0.0448943 0.998799 62.6601
0.999832 -0.000166605 -0.0188011 -1.55414 0.0010091 0.998997 0.0448417 1.05675 0.0187753 -0.0448527 0.998827 63.728
0.999807 -4.61104e-05 -0.0200568 -1.57543 0.000956104 0.998973 0.0453667 1.09793 0.0200338 -0.045377 0.998778 64.8129
0.999818 0.00089157 -0.0195049 -1.60679 1.42529e-05 0.998926 0.0464203 1.14354 0.0195258 -0.0464117 0.998742 65.8969
0.999852 0.00191743 -0.0175498 -1.63961 -0.00105626 0.998804 0.0489474 1.18599 0.0176225 -0.0489214 0.998657 66.9818
0.999831 0.00209169 -0.0187889 -1.66381 -0.00113158 0.998702 0.0510003 1.22612 0.0188718 -0.0509697 0.998533 68.0758
0.999843 0.00248321 -0.0180025 -1.69403 -0.00150029 0.998521 0.0544092 1.28691 0.0181107 -0.0543735 0.998366 69.1485
0.999832 0.00235216 -0.0187756 -1.71618 -0.00130256 0.998448 0.0557563 1.34162 0.0188784 -0.0557216 0.998279 70.2462
0.999845 0.00216027 -0.0179692 -1.74178 -0.00112796 0.998362 0.0572604 1.39423 0.0180633 -0.057231 0.998208 71.32
0.999819 0.0019473 -0.0195007 -1.76337 -0.000796362 0.998269 0.0588845 1.44823 0.0195823 -0.0588576 0.998086 72.4143
0.999807 0.00188131 -0.0199993 -1.7886 -0.000675636 0.998194 0.0601221 1.50391 0.0200761 -0.0600967 0.998001 73.4966
0.999825 0.00207989 -0.0191708 -1.8129 -0.000915805 0.998168 0.0605644 1.56394 0.0192624 -0.0605355 0.997992 74.5623
0.999783 0.00268303 -0.0210547 -1.83954 -0.00140401 0.998169 0.0605237 1.62065 0.0211784 -0.0604808 0.997956 75.643
0.999804 0.00349918 -0.0199884 -1.87114 -0.00226482 0.99811 0.0614765 1.67014 0.0201665 -0.0614183 0.99792 76.7053
0.999755 0.00496568 -0.0220148 -1.90438 -0.00356347 0.997994 0.0632784 1.71541 0.0222847 -0.063184 0.997765 77.7843
0.999737 0.00661144 -0.0224339 -1.938 -0.00511912 0.997813 0.0659655 1.75306 0.0228216 -0.0658326 0.997582 78.8567
0.999752 0.00782599 -0.021308 -1.971 -0.00634354 0.997616 0.0687694 1.80682 0.0217952 -0.0686168 0.997417 79.9204
0.999719 0.00886219 -0.0224727 -2.00728 -0.00728881 0.997582 0.0691792 1.86044 0.0230322 -0.0689952 0.997364 80.9687
0.999738 0.00923543 -0.0214553 -2.03803 -0.00772339 0.997555 0.0695201 1.9243 0.0220447 -0.0693359 0.997362 82.0192
0.999703 0.00912307 -0.0230968 -2.06661 -0.00748121 0.997508 0.0702253 1.99383 0.0236808 -0.0700309 0.997277 83.067
0.999721 0.00888649 -0.022397 -2.09262 -0.00727907 0.997465 0.0708581 2.06535 0.0229696 -0.0706749 0.997248 84.0979
0.9997 0.00749399 -0.0238081 -2.12113 -0.00574305 0.997335 0.0728051 2.13282 0.0242912 -0.0726458 0.997075 85.1177
0.999686 0.00731566 -0.0244526 -2.14714 -0.00548367 0.997236 0.0741661 2.19683 0.0249271 -0.0740083 0.99696 86.1269
0.999702 0.00715746 -0.0238177 -2.17743 -0.00533226 0.997109 0.0758567 2.26339 0.0242927 -0.0757063 0.996847 87.1121
0.999654 0.00706191 -0.0257918 -2.20595 -0.00505453 0.997017 0.0770818 2.32376 0.0262588 -0.0769243 0.996705 88.0889
0.999625 0.0069201 -0.0269396 -2.23521 -0.00480122 0.996949 0.0779645 2.38583 0.0273978 -0.0778049 0.996606 89.026
0.999504 0.00696734 -0.031095 -2.27107 -0.00449271 0.996874 0.0789546 2.44939 0.0315474 -0.0787753 0.996408 89.9605
0.999395 0.00714537 -0.0344206 -2.30768 -0.00439023 0.996831 0.0794862 2.51358 0.0348803 -0.0792858 0.996255 90.8624
0.999322 0.00751193 -0.0363846 -2.34676 -0.00456487 0.996757 0.0804163 2.56851 0.0368703 -0.0801953 0.996111 91.7338
0.999146 0.00877964 -0.0407161 -2.38952 -0.00541239 0.996615 0.0821057 2.61953 0.0413 -0.081814 0.995806 92.6006
0.999063 0.0101122 -0.0423933 -2.4332 -0.00656418 0.996532 0.0830147 2.66359 0.0430853 -0.0826581 0.995661 93.4283
0.998871 0.0112638 -0.0464611 -2.47823 -0.00731015 0.996409 0.0844232 2.7103 0.047246 -0.0839871 0.995361 94.2476
0.998793 0.012484 -0.0477884 -2.52269 -0.00838118 0.996341 0.0851124 2.75726 0.0486757 -0.0846085 0.995239 95.022
0.998616 0.0132633 -0.051183 -2.56871 -0.00883407 0.996277 0.0858261 2.80947 0.0521316 -0.0852541 0.995009 95.7837
0.998469 0.0140741 -0.0537522 -2.61779 -0.0094017 0.996239 0.0862124 2.85845 0.0547628 -0.0855744 0.994841 96.5062
0.998381 0.0148432 -0.0551769 -2.66139 -0.0100228 0.996195 0.0866483 2.90667 0.0562539 -0.0859538 0.994725 97.1911
0.998185 0.0154319 -0.0584645 -2.70913 -0.0102944 0.996146 0.08718 2.95589 0.0595838 -0.0864192 0.994491 97.8579
0.998116 0.0157101 -0.0595662 -2.75527 -0.0104362 0.996086 0.0878516 2.99891 0.060714 -0.0870633 0.994366 98.4801
0.998038 0.0162846 -0.0606924 -2.80203 -0.010888 0.996049 0.0882127 3.03521 0.0618884 -0.0873781 0.994267 99.0806
0.998088 0.0167885 -0.0597363 -2.84628 -0.0114236 0.995968 0.0890564 3.07652 0.0609914 -0.0882026 0.994248 99.6577
0.998268 0.0182572 -0.0561933 -2.88691 -0.0131175 0.995815 0.090516 3.11237 0.0576102 -0.0896213 0.994325 100.208
0.998519 0.0189071 -0.0513045 -2.92369 -0.014152 0.995709 0.0915274 3.14809 0.0528156 -0.0906647 0.994495 100.745
0.998895 0.0190778 -0.0433021 -2.94686 -0.0149984 0.995592 0.0926564 3.18337 0.0448784 -0.0919037 0.994773 101.254
0.999247 0.0191423 -0.0341796 -2.96814 -0.0158705 0.995493 0.0935732 3.22054 0.0358175 -0.0929593 0.995041 101.749
0.999593 0.019011 -0.021981 -2.97512 -0.0168578 0.995407 0.094316 3.25979 0.0236727 -0.093906 0.995317 102.218
0.999792 0.0191109 -0.0090228 -2.97808 -0.0181713 0.995339 0.0947832 3.29898 0.0107932 -0.0945983 0.995473 102.665
0.999813 0.0190137 0.00654846 -2.97264 -0.0195501 0.995298 0.0949452 3.33844 -0.00471255 -0.0950545 0.995478 103.096
0.999544 0.0192279 0.023959 -2.95718 -0.0214265 0.995241 0.0951375 3.37426 -0.0220144 -0.0956061 0.995192 103.51
0.998812 0.0190187 0.0452052 -2.92875 -0.0230937 0.995554 0.091399 3.40146 -0.0432659 -0.0923334 0.994805 103.916
0.997374 0.0189511 0.0701433 -2.89142 -0.0253649 0.995471 0.0917003 3.43756 -0.0680863 -0.0932372 0.99333 104.32
0.995155 0.0186796 0.0966888 -2.8388 -0.0276342 0.995372 0.0921189 3.47089 -0.0945201 -0.0943435 0.99106 104.709
0.991764 0.0168175 0.127104 -2.77137 -0.0286087 0.9954 0.091516 3.50186 -0.124978 -0.0943971 0.987676 105.097
0.987166 0.0164365 0.158948 -2.69239 -0.0312337 0.995364 0.0910495 3.53885 -0.156714 -0.0948445 0.983098 105.463
0.980641 0.0159067 0.195253 -2.60057 -0.0341446 0.995328 0.0903963 3.57502 -0.192901 -0.0953117 0.976596 105.834
0.972371 0.015174 0.233018 -2.48983 -0.0370522 0.995278 0.0898034 3.6079 -0.230553 -0.0959549 0.968336 106.187
0.961796 0.0148375 0.273431 -2.36842 -0.0405447 0.995249 0.0886067 3.64213 -0.270815 -0.0963061 0.957821 106.541
0.94942 0.0147287 0.313717 -2.23406 -0.0442192 0.995226 0.0870973 3.6783 -0.310934 -0.0965631 0.945534 106.868
0.933742 0.0146042 0.357699 -2.08805 -0.0482861 0.995183 0.0854123 3.71371 -0.354726 -0.0970233 0.929942 107.194
0.915081 0.0136993 0.403079 -1.92765 -0.0519939 0.995098 0.0842171 3.74024 -0.399946 -0.0980221 0.911303 107.523
0.894924 0.0130629 0.446068 -1.75119 -0.0556511 0.995044 0.0825085 3.7688 -0.442776 -0.0986613 0.891208 107.818
0.870902 0.0122487 0.49134 -1.56011 -0.0593372 0.995005 0.0803701 3.79664 -0.487898 -0.0991481 0.867275 108.117
0.84588 0.0121187 0.533271 -1.35697 -0.0632133 0.994983 0.0776563 3.82576 -0.52965 -0.0993957 0.842395 108.385
0.817493 0.011766 0.57585 -1.14127 -0.0671146 0.994934 0.074948 3.85699 -0.572047 -0.0999163 0.814138 108.657
0.787234 0.0117181 0.616575 -0.913517 -0.0711102 0.994884 0.071883 3.88648 -0.612573 -0.100431 0.784033 108.911
0.752631 0.011606 0.658369 -0.669083 -0.0753256 0.994807 0.0685727 3.91735 -0.654148 -0.101201 0.749593 109.171
0.715532 0.015512 0.698436 -0.413369 -0.0839339 0.99443 0.0639012 3.96821 -0.693549 -0.104343 0.712843 109.404
0.676025 0.0139494 0.736772 -0.137229 -0.0865549 0.994412 0.0605903 3.98823 -0.731803 -0.104731 0.673452 109.631
0.633775 0.0117585 0.773454 0.161438 -0.0891622 0.99434 0.0579427 4.01038 -0.768388 -0.105683 0.631231 109.846
0.590562 0.0104997 0.806948 0.471713 -0.0927613 0.99418 0.0549504 4.03786 -0.801668 -0.107304 0.588096 110.035
0.542631 0.00899956 0.839946 0.796164 -0.0958972 0.994078 0.0513006 4.06277 -0.834504 -0.108384 0.540275 110.228
0.495951 0.00747692 0.868341 1.132 -0.0986045 0.993989 0.0477582 4.08517 -0.862756 -0.109307 0.493705 110.384
0.443947 0.0054522 0.896058 1.48566 -0.101419 0.993871 0.0441996 4.10271 -0.890318 -0.110498 0.441775 110.536
0.392957 0.00552726 0.919562 1.84337 -0.105363 0.993676 0.0390513 4.12496 -0.913522 -0.112232 0.391053 110.662
0.341644 0.0060394 0.939831 2.21426 -0.108809 0.993519 0.0331688 4.14048 -0.933532 -0.113591 0.340084 110.777
0.290515 0.0046142 0.956881 2.60273 -0.11125 0.993379 0.0289853 4.15094 -0.950403 -0.114873 0.289105 110.879
0.243684 0.0039715 0.969867 2.99733 -0.111806 0.99345 0.0240232 4.16643 -0.963411 -0.114288 0.242529 110.962
0.200808 0.00270536 0.979649 3.41563 -0.110902 0.993641 0.019988 4.17891 -0.973354 -0.112658 0.199832 111.033
0.165605 0.00154108 0.986211 3.84166 -0.105415 0.994308 0.0161473 4.20294 -0.980565 -0.106633 0.164823 111.077
0.134351 0.00138368 0.990955 4.28794 -0.106299 0.99426 0.0130226 4.21998 -0.985237 -0.107086 0.133728 111.123
0.10733 -0.000351722 0.994243 4.74553 -0.108857 0.993995 0.0121026 4.22979 -0.988269 -0.109527 0.106646 111.164
0.0816019 -0.00414544 0.996679 5.22559 -0.113898 0.993413 0.0134564 4.24378 -0.990157 -0.114617 0.0805933 111.209
0.0566551 -0.00898531 0.998373 5.7283 -0.118868 0.992797 0.0156803 4.25517 -0.991315 -0.119561 0.0551785 111.238
0.0345139 -0.0107966 0.999369 6.24388 -0.118686 0.992832 0.014824 4.252 -0.992354 -0.119121 0.0329867 111.25
0.0140174 -0.0105596 0.999866 6.77549 -0.117688 0.992988 0.0121365 4.26074 -0.992975 -0.11784 0.0126765 111.244
-0.0043831 -0.00699366 0.99999 7.33015 -0.1147 0.993391 0.00644387 4.25495 -0.993413 -0.114669 -0.00515442 111.223
-0.0185905 -0.00618681 0.999828 7.88885 -0.115555 0.993304 0.00399761 4.26401 -0.993151 -0.115459 -0.0191804 111.213
-0.0301258 -0.00616588 0.999552 8.48858 -0.116362 0.993215 0.00261871 4.27264 -0.992773 -0.11623 -0.0306367 111.2
-0.0362102 -0.00641721 0.999344 9.10231 -0.115038 0.993371 0.00221031 4.27199 -0.992725 -0.11488 -0.0367076 111.174
-0.0392 -0.00866704 0.999219 9.73814 -0.109489 0.99399 0.00432537 4.26202 -0.993238 -0.109233 -0.0399111 111.14
-0.0395944 -0.0100568 0.999186 10.3874 -0.109555 0.993976 0.00566276 4.26264 -0.993216 -0.109239 -0.0404569 111.113
-0.037245 -0.0102098 0.999279 11.057 -0.110553 0.993864 0.00603305 4.26516 -0.993196 -0.110247 -0.0381429 111.093
-0.0364268 -0.0102659 0.999304 11.7454 -0.112331 0.993664 0.00611279 4.27544 -0.993028 -0.112028 -0.0373484 111.078
-0.0344516 -0.0105651 0.999375 12.4391 -0.113377 0.993542 0.00659391 4.27077 -0.992978 -0.113078 -0.0354248 111.058
-0.033456 -0.0107356 0.999403 13.1561 -0.112849 0.9936 0.00689511 4.27336 -0.993074 -0.112548 -0.0344526 111.035
-0.0335993 -0.0112396 0.999398 13.8973 -0.112744 0.993608 0.00738316 4.26493 -0.99308 -0.112426 -0.0346497 111.013
-0.0323694 -0.0118854 0.999427 14.6409 -0.113048 0.993568 0.00815384 4.26297 -0.993088 -0.112716 -0.0335041 110.993
-0.032366 -0.0125348 0.999424 15.412 -0.112698 0.993602 0.00881131 4.26604 -0.993127 -0.112346 -0.0335695 110.972
-0.0324127 -0.0137572 0.999402 16.1806 -0.112978 0.993558 0.0100122 4.26004 -0.993094 -0.112584 -0.0337574 110.947
-0.0334287 -0.0142869 0.999366 16.9695 -0.113939 0.993446 0.0103902 4.26755 -0.99295 -0.113518 -0.0348353 110.923
-0.034957 -0.0148339 0.999301 17.7752 -0.114198 0.993411 0.0107512 4.27361 -0.992868 -0.11374 -0.0364198 110.9
-0.0359946 -0.0162235 0.999247 18.5702 -0.112926 0.993543 0.0120622 4.27412 -0.992977 -0.112405 -0.037592 110.869
-0.037764 -0.0172406 0.99916 19.3755 -0.1123 0.993602 0.0128998 4.27559 -0.992982 -0.111716 -0.0394576 110.841
-0.0389213 -0.017599 0.999114 20.1878 -0.112401 0.993589 0.0131221 4.29183 -0.992926 -0.111789 -0.0406477 110.815
-0.0398742 -0.0154289 0.999109 21.0052 -0.113406 0.993501 0.0108159 4.30361 -0.992775 -0.112871 -0.0413639 110.793
-0.0419837 -0.0153651 0.999028 21.8383 -0.11318 0.993531 0.0105233 4.30923 -0.992714 -0.112626 -0.0434491 110.763
-0.0424159 -0.0158992 0.998997 22.6663 -0.112918 0.993555 0.0110179 4.31746 -0.992725 -0.112334 -0.0439368 110.735
-0.0448559 -0.0176861 0.998865 23.512 -0.114838 0.993319 0.0124299 4.33671 -0.992398 -0.114148 -0.0465851 110.713
-0.0450278 -0.0201081 0.998806 24.3478 -0.115535 0.993204 0.0147864 4.35506 -0.992309 -0.114728 -0.047044 110.686
-0.045987 -0.0234117 0.998695 25.1977 -0.115951 0.993106 0.0179405 4.36751 -0.992217 -0.114973 -0.0483824 110.658
-0.0460947 -0.0288202 0.998544 26.039 -0.120684 0.992434 0.0230724 4.38047 -0.991647 -0.119442 -0.0492231 110.631
-0.0461309 -0.0309973 0.998482 26.8822 -0.1205 0.992406 0.0252405 4.3989 -0.991669 -0.119151 -0.0495135 110.598
-0.0462503 -0.0250767 0.998639 27.7157 -0.119359 0.992673 0.0193986 4.38986 -0.9918 -0.118296 -0.0489035 110.563
-0.0444494 -0.0159983 0.998912 28.5343 -0.11729 0.993054 0.0106843 4.38971 -0.992131 -0.116685 -0.0460149 110.523
-0.0448253 -0.0161167 0.998888 29.36 -0.117418 0.993036 0.0107527 4.39913 -0.992097 -0.116802 -0.0464045 110.489
-0.0425204 -0.0207813 0.998908 30.1954 -0.116243 0.99311 0.0157116 4.41246 -0.992339 -0.115446 -0.044641 110.453
-0.0414099 -0.0281121 0.998771 31.0264 -0.113712 0.993254 0.0232418 4.41311 -0.992678 -0.112606 -0.0443261 110.42
-0.0419087 -0.0322445 0.99863 31.8501 -0.112064 0.993338 0.0273697 4.41821 -0.992846 -0.110761 -0.0452406 110.39
-0.0411371 -0.0326514 0.998645 32.668 -0.11268 0.993254 0.027833 4.43115 -0.992808 -0.111379 -0.0445378 110.362
-0.0430727 -0.0327133 0.998565 33.4761 -0.113895 0.993123 0.0276213 4.44714 -0.992588 -0.11254 -0.0465001 110.338
-0.0443466 -0.0331315 0.998492 34.2853 -0.114498 0.993045 0.0278651 4.45912 -0.992462 -0.113086 -0.0478305 110.306
-0.0474439 -0.0335469 0.99834 35.0938 -0.114556 0.993039 0.027924 4.47139 -0.992313 -0.113039 -0.0509543 110.272
-0.0486298 -0.0340593 0.998261 35.8973 -0.115212 0.992952 0.0282651 4.47829 -0.992179 -0.113634 -0.0522099 110.235
-0.0504832 -0.0342503 0.998167 36.698 -0.115852 0.99288 0.0282088 4.49409 -0.992013 -0.114214 -0.0540895 110.198
-0.0536402 -0.0349872 0.997973 37.4892 -0.116065 0.992844 0.0285685 4.51178 -0.991822 -0.114293 -0.0573159 110.163
-0.054846 -0.0356922 0.997886 38.2788 -0.115951 0.992842 0.0291381 4.52158 -0.99177 -0.114105 -0.0585896 110.123
-0.0576527 -0.0360233 0.997712 39.0544 -0.115793 0.992859 0.0291564 4.53813 -0.991629 -0.113843 -0.0614109 110.081
-0.0583848 -0.0366655 0.99765 39.8225 -0.115822 0.99284 0.0297098 4.54236 -0.991583 -0.113813 -0.0622111 110.044
-0.0603536 -0.0369023 0.997521 40.595 -0.116059 0.992811 0.0297056 4.55621 -0.991437 -0.113975 -0.0642013 110
-0.0606655 -0.0378006 0.997472 41.3639 -0.116053 0.992787 0.0305639 4.56535 -0.991419 -0.113903 -0.0646125 109.95
-0.0620756 -0.0381701 0.997368 42.1313 -0.115935 0.992794 0.0307788 4.58634 -0.991346 -0.113715 -0.0660522 109.902
-0.0642973 -0.038457 0.997219 42.8935 -0.115924 0.992794 0.030811 4.60663 -0.991206 -0.113618 -0.0682897 109.856
-0.0651739 -0.0389759 0.99714 43.6387 -0.115905 0.992783 0.0312293 4.62418 -0.991152 -0.113534 -0.0692197 109.812
-0.0669896 -0.0397413 0.996992 44.364 -0.116314 0.992719 0.0317547 4.64089 -0.990983 -0.113834 -0.0711218 109.768
-0.0667586 -0.0401853 0.996987 45.0768 -0.116546 0.992677 0.032207 4.6577 -0.990971 -0.114041 -0.0709518 109.724
-0.068035 -0.0406508 0.996884 45.772 -0.116762 0.992642 0.0325082 4.66959 -0.990859 -0.114184 -0.0722784 109.681
-0.0674113 -0.0405713 0.996927 46.4759 -0.117067 0.992607 0.0324789 4.68036 -0.990866 -0.114515 -0.0716611 109.636
-0.0674867 -0.0404367 0.99693 47.172 -0.117251 0.99259 0.0323225 4.7009 -0.990839 -0.114707 -0.0717253 109.594
-0.06842 -0.0406304 0.996857 47.8607 -0.11707 0.992609 0.0324215 4.71527 -0.990797 -0.11448 -0.0726695 109.551
-0.0677516 -0.0409126 0.996893 48.5493 -0.116617 0.992649 0.0328118 4.73585 -0.990896 -0.11403 -0.072022 109.503
-0.069507 -0.0457612 0.996559 49.2318 -0.118215 0.992301 0.0373198 4.74088 -0.990586 -0.11521 -0.0743801 109.458
-0.0681246 -0.0488981 0.996509 49.9259 -0.12158 0.991776 0.0403533 4.74565 -0.990275 -0.118404 -0.0735067 109.425
-0.0689184 -0.0492426 0.996434 50.6031 -0.121589 0.991764 0.0406014 4.76629 -0.990218 -0.118354 -0.0743368 109.385
-0.0676886 -0.0503399 0.996467 51.2774 -0.120765 0.991813 0.0419005 4.77778 -0.990405 -0.117499 -0.073211 109.345
-0.0686456 -0.0514222 0.996343 51.9484 -0.121297 0.991707 0.0428251 4.78847 -0.990273 -0.11791 -0.0743123 109.303
-0.0725404 -0.054308 0.995918 52.6098 -0.125228 0.991126 0.0449245 4.80193 -0.989507 -0.121456 -0.0786948 109.266
-0.076846 -0.0545215 0.995579 53.2702 -0.125608 0.991093 0.0445798 4.82742 -0.989133 -0.121623 -0.0830084 109.226
-0.0836861 -0.052526 0.995139 53.9314 -0.124785 0.991318 0.0418298 4.84807 -0.988683 -0.120675 -0.089511 109.168
-0.0892425 -0.0520335 0.994679 54.5853 -0.123976 0.991463 0.0407416 4.87026 -0.988298 -0.119677 -0.0949301 109.097
-0.0969308 -0.0514971 0.993991 55.2532 -0.123561 0.991574 0.0393219 4.89672 -0.987626 -0.119004 -0.102474 109.033
-0.102462 -0.0520857 0.993402 55.9243 -0.124693 0.991439 0.0391211 4.92123 -0.986925 -0.119858 -0.108078 108.965
-0.107709 -0.0532393 0.992788 56.6047 -0.125463 0.991327 0.0395485 4.94241 -0.986269 -0.120295 -0.113451 108.891
-0.112906 -0.0537111 0.992182 57.2869 -0.12709 0.991132 0.0391914 4.95898 -0.985478 -0.121668 -0.118729 108.818
-0.116194 -0.0544285 0.991767 57.9707 -0.129055 0.990877 0.0392588 4.98381 -0.984841 -0.123428 -0.122155 108.74
-0.119874 -0.0574521 0.991155 58.6718 -0.129419 0.990725 0.0417743 5.00715 -0.984352 -0.123263 -0.126196 108.657
-0.120747 -0.0634506 0.990687 59.372 -0.128912 0.990524 0.0477271 5.02838 -0.984313 -0.121946 -0.127779 108.567
-0.123437 -0.0683306 0.990027 60.0876 -0.13103 0.99003 0.0519932 5.05169 -0.983699 -0.123302 -0.131158 108.48
-0.12403 -0.0691929 0.989897 60.8056 -0.131737 0.9899 0.0526862 5.08642 -0.98353 -0.123868 -0.13189 108.388
-0.124418 -0.0692101 0.989844 61.5312 -0.132126 0.989852 0.0526026 5.12258 -0.983429 -0.124236 -0.132298 108.296
-0.126138 -0.0659724 0.98985 62.254 -0.126733 0.990699 0.0498782 5.16092 -0.98392 -0.119152 -0.133323 108.196
-0.126832 -0.0623801 0.989992 62.9881 -0.119282 0.991754 0.0472087 5.17569 -0.984762 -0.112097 -0.133226 108.089
-0.128832 -0.0623081 0.989741 63.72 -0.119313 0.991765 0.046904 5.21864 -0.984499 -0.112044 -0.135202 107.994
-0.128477 -0.0654405 0.989583 64.4589 -0.120922 0.991426 0.0498624 5.253 -0.984349 -0.113252 -0.135287 107.9
-0.12862 -0.0717831 0.989126 65.1997 -0.120935 0.991085 0.0561988 5.28522 -0.984328 -0.112389 -0.136151 107.804
-0.129073 -0.0751673 0.988814 65.9305 -0.119376 0.991066 0.0597553 5.3268 -0.984459 -0.110324 -0.136891 107.701
-0.129544 -0.0754767 0.988731 66.6646 -0.118575 0.991141 0.0601238 5.36776 -0.984495 -0.109447 -0.137343 107.6
-0.132036 -0.075973 0.98836 67.3968 -0.120373 0.990925 0.0600884 5.40633 -0.983945 -0.111035 -0.139981 107.509
-0.13339 -0.0763451 0.988153 68.1308 -0.120615 0.990886 0.0602734 5.44003 -0.983733 -0.111144 -0.141379 107.412
-0.135983 -0.0768182 0.98776 68.8658 -0.120858 0.990847 0.0604191 5.47705 -0.983348 -0.111159 -0.144021 107.314
-0.137552 -0.0771988 0.987516 69.6058 -0.120694 0.990853 0.0606471 5.51315 -0.983151 -0.110842 -0.145607 107.211
-0.139526 -0.0775913 0.987206 70.3452 -0.12092 0.990817 0.0607841 5.55312 -0.982844 -0.110888 -0.147625 107.108
-0.141735 -0.0778789 0.986872 71.0889 -0.12144 0.990756 0.0607432 5.59815 -0.982465 -0.111233 -0.149878 107.004
-0.142033 -0.0782753 0.986794 71.8263 -0.122023 0.990668 0.0610184 5.63577 -0.982349 -0.111741 -0.150256 106.899
-0.143705 -0.0785039 0.986538 72.5798 -0.121747 0.990697 0.0610995 5.68142 -0.982141 -0.111325 -0.151921 106.792
-0.144223 -0.0789594 0.986423 73.3332 -0.122359 0.990602 0.0614031 5.72772 -0.981988 -0.111838 -0.152527 106.684
-0.145861 -0.0798804 0.986111 74.0933 -0.122374 0.990555 0.0621386 5.77135 -0.981745 -0.111608 -0.154255 106.573
-0.146341 -0.0808555 0.985958 74.8615 -0.123676 0.990347 0.0628578 5.81946 -0.98151 -0.112737 -0.154926 106.459
-0.147711 -0.08206 0.985658 75.631 -0.124834 0.990147 0.0637254 5.86902 -0.981159 -0.113627 -0.156496 106.345
-0.150611 -0.0828544 0.985149 76.4097 -0.124586 0.990145 0.064227 5.90826 -0.980749 -0.113059 -0.159447 106.227
-0.150864 -0.0831181 0.985092 77.1815 -0.124688 0.990119 0.0644461 5.9533 -0.980698 -0.113103 -0.159733 106.102
-0.153845 -0.0832467 0.984616 77.9684 -0.12503 0.990093 0.0641732 6.00677 -0.980191 -0.11323 -0.162726 105.978
-0.153571 -0.083468 0.984644 78.741 -0.125035 0.990077 0.0644268 6.05173 -0.980234 -0.113218 -0.162479 105.851
-0.155296 -0.083374 0.984378 79.5351 -0.124972 0.990102 0.0641425 6.09518 -0.97997 -0.113055 -0.164176 105.721
-0.154785 -0.0833128 0.984467 80.3315 -0.124662 0.990139 0.064192 6.14361 -0.980091 -0.112787 -0.16364 105.586
-0.154487 -0.083329 0.984509 81.1392 -0.12448 0.990156 0.0642733 6.19529 -0.98016 -0.112618 -0.163336 105.451
-0.155241 -0.0842953 0.984312 81.9585 -0.124191 0.990132 0.0652063 6.23518 -0.980079 -0.112117 -0.164174 105.323
-0.154191 -0.085258 0.98439 82.7769 -0.123424 0.990146 0.0664233 6.28731 -0.980341 -0.111251 -0.163192 105.188
-0.154327 -0.0861077 0.984299 83.6115 -0.123554 0.990075 0.0672408 6.33858 -0.980304 -0.111234 -0.16343 105.058
-0.151522 -0.0873474 0.984622 84.441 -0.123583 0.989964 0.0688027 6.39033 -0.980737 -0.111253 -0.160794 104.926
-0.151222 -0.0895104 0.984477 85.2808 -0.123332 0.989836 0.0710527 6.43792 -0.980816 -0.11067 -0.160721 104.794
-0.147894 -0.0921661 0.984735 86.1208 -0.123724 0.989569 0.0740363 6.48835 -0.981273 -0.110882 -0.157752 104.663
-0.146151 -0.0926433 0.984953 86.9619 -0.124187 0.989465 0.07464 6.54564 -0.981477 -0.111407 -0.156112 104.535
-0.14557 -0.0927013 0.985031 87.8118 -0.123932 0.989486 0.0748052 6.60183 -0.981595 -0.111183 -0.155526 104.406
-0.142621 -0.0885189 0.98585 88.6489 -0.123421 0.989828 0.0710208 6.66562 -0.982093 -0.111542 -0.152091 104.276
-0.141972 -0.0884496 0.985948 89.4937 -0.124091 0.989752 0.070922 6.72375 -0.982102 -0.112274 -0.151491 104.154
-0.138731 -0.0894248 0.986323 90.3472 -0.123586 0.989711 0.0723487 6.78113 -0.98263 -0.111855 -0.148351 104.036
-0.13893 -0.0922431 0.986034 91.2134 -0.124268 0.989425 0.0750509 6.82915 -0.982515 -0.112101 -0.148922 103.914
-0.136944 -0.0934867 0.986196 92.0649 -0.124353 0.989301 0.0765131 6.89064 -0.982784 -0.112155 -0.1471 103.793
-0.135996 -0.0940903 0.986268 92.9251 -0.125161 0.989155 0.0771069 6.94838 -0.982812 -0.112952 -0.146295 103.673
-0.13637 -0.094489 0.98618 93.7852 -0.12512 0.98913 0.0774697 7.00974 -0.982767 -0.112823 -0.146706 103.554
-0.134766 -0.0955711 0.986295 94.6459 -0.123926 0.989168 0.0789161 7.06934 -0.983139 -0.111588 -0.145147 103.432
-0.134571 -0.0969216 0.986192 95.5011 -0.120978 0.989384 0.0807273 7.12915 -0.983533 -0.108441 -0.144864 103.308
-0.133144 -0.0971102 0.986366 96.3596 -0.120708 0.989388 0.0811139 7.18673 -0.983761 -0.108258 -0.14345 103.187
-0.133337 -0.0967696 0.986374 97.21 -0.120552 0.989433 0.0807734 7.25327 -0.983754 -0.108136 -0.14359 103.069
-0.131477 -0.096669 0.986633 98.0547 -0.120442 0.989438 0.0808939 7.32453 -0.984018 -0.108192 -0.141729 102.953
-0.130668 -0.10056 0.986353 98.9064 -0.123705 0.988739 0.0844159 7.39429 -0.98372 -0.110983 -0.141633 102.842
-0.131383 -0.100986 0.986213 99.7377 -0.123544 0.988729 0.0847855 7.45967 -0.983646 -0.110696 -0.142377 102.735
-0.13155 -0.100671 0.986225 100.581 -0.127431 0.988311 0.0838868 7.51398 -0.983127 -0.114637 -0.142838 102.621
-0.133323 -0.099514 0.986102 101.414 -0.131562 0.987937 0.0819117 7.57158 -0.982345 -0.118808 -0.144805 102.512
-0.133769 -0.0993171 0.986064 102.244 -0.131673 0.987943 0.0816441 7.6391 -0.982269 -0.118912 -0.14523 102.394
-0.13443 -0.099366 0.985967 103.067 -0.130978 0.98803 0.0817162 7.6967 -0.982273 -0.11815 -0.145833 102.277
-0.135461 -0.0997291 0.985793 103.883 -0.130042 0.988122 0.0820957 7.7579 -0.982254 -0.11707 -0.146817 102.16
-0.135883 -0.09996 0.985708 104.702 -0.129236 0.988203 0.0823975 7.81318 -0.982305 -0.116188 -0.147196 102.04
-0.137041 -0.100245 0.985523 105.508 -0.128785 0.988244 0.0826139 7.87108 -0.982202 -0.115594 -0.148336 101.929
-0.137188 -0.100185 0.985505 106.314 -0.128028 0.988339 0.0826514 7.93579 -0.982281 -0.114828 -0.148412 101.812
-0.13908 -0.10034 0.985228 107.111 -0.127774 0.988374 0.082624 7.99952 -0.982048 -0.11439 -0.15028 101.7
-0.140614 -0.100716 0.984968 107.907 -0.127769 0.988358 0.082823 8.06167 -0.981831 -0.114197 -0.151843 101.588
-0.143726 -0.101017 0.984492 108.695 -0.128024 0.988334 0.0827212 8.11871 -0.981347 -0.114145 -0.154978 101.471
-0.147649 -0.101795 0.983828 109.47 -0.128325 0.988271 0.082997 8.17252 -0.980726 -0.113989 -0.158978 101.353
-0.150581 -0.10176 0.98339 110.251 -0.128475 0.988285 0.0825946 8.23531 -0.980259 -0.1139 -0.161886 101.229
-0.154338 -0.101867 0.982793 111.02 -0.128748 0.988282 0.0822181 8.29552 -0.97964 -0.113837 -0.165642 101.105
-0.156784 -0.102111 0.982384 111.795 -0.128985 0.988257 0.0821366 8.35492 -0.97922 -0.113831 -0.16811 100.978
-0.160171 -0.10256 0.981787 112.562 -0.129245 0.988223 0.082147 8.41486 -0.978637 -0.113728 -0.171537 100.849
-0.161007 -0.0984654 0.982073 113.321 -0.132165 0.988218 0.0774144 8.47536 -0.97811 -0.117327 -0.172119 100.724
-0.163083 -0.0987155 0.981702 114.074 -0.1325 0.988178 0.0773561 8.53232 -0.977721 -0.117454 -0.174232 100.602
-0.166653 -0.0986172 0.981116 114.829 -0.130923 0.988408 0.0771122 8.59031 -0.977331 -0.115595 -0.177628 100.463
-0.168894 -0.0991398 0.980677 115.584 -0.13094 0.988385 0.0773689 8.65082 -0.976945 -0.115337 -0.179911 100.321
-0.172979 -0.106682 0.979176 116.351 -0.131865 0.987695 0.084316 8.70486 -0.976106 -0.114529 -0.184913 100.186
-0.1745 -0.108471 0.978706 117.106 -0.132076 0.987529 0.0859009 8.76163 -0.975807 -0.114268 -0.186647 100.054
-0.176987 -0.109504 0.978148 117.846 -0.132805 0.98738 0.0865088 8.81487 -0.975259 -0.114587 -0.189292 99.916
-0.178991 -0.109154 0.977819 118.592 -0.132983 0.987409 0.0858827 8.88381 -0.974869 -0.114655 -0.19125 99.779
-0.181334 -0.109285 0.977376 119.33 -0.133502 0.987362 0.0856339 8.94441 -0.974365 -0.114949 -0.193628 99.6387
-0.184676 -0.105827 0.977127 120.068 -0.1301 0.988087 0.0824265 8.99384 -0.974198 -0.111896 -0.196242 99.4913
-0.186112 -0.101903 0.977277 120.785 -0.129998 0.988438 0.0783113 9.0423 -0.973939 -0.112464 -0.197203 99.35
-0.189121 -0.101986 0.976686 121.513 -0.130304 0.988422 0.0779804 9.10134 -0.973318 -0.112513 -0.200217 99.2071
-0.191379 -0.102943 0.97615 122.247 -0.129948 0.98841 0.0787596 9.15489 -0.972924 -0.111771 -0.202533 99.0626
-0.195813 -0.103961 0.975158 122.968 -0.130368 0.988318 0.0791868 9.20334 -0.971986 -0.111618 -0.207075 98.9089
-0.201155 -0.105395 0.97392 123.702 -0.130159 0.988277 0.0800662 9.25023 -0.970922 -0.110655 -0.21251 98.7483
-0.207737 -0.105932 0.972475 124.421 -0.13093 0.988204 0.0796774 9.31491 -0.969432 -0.110768 -0.219153 98.5955
-0.216243 -0.106331 0.97058 125.137 -0.132548 0.988068 0.0787166 9.36935 -0.967349 -0.111622 -0.227751 98.4337
-0.225774 -0.106691 0.968364 125.843 -0.134254 0.987927 0.077546 9.42859 -0.964935 -0.112493 -0.237368 98.2663
-0.237981 -0.107049 0.965401 126.554 -0.136118 0.987797 0.0759787 9.48064 -0.961734 -0.113323 -0.249642 98.0861
-0.249598 -0.107395 0.962421 127.246 -0.137314 0.987733 0.074609 9.53445 -0.958615 -0.113526 -0.261279 97.8984
-0.262065 -0.10809 0.959027 127.952 -0.137995 0.987715 0.0736155 9.58585 -0.955183 -0.113044 -0.273756 97.6999
-0.272874 -0.108721 0.955932 128.638 -0.13872 0.987677 0.0727342 9.6347 -0.952047 -0.112754 -0.284588 97.4911
-0.28312 -0.109313 0.952885 129.327 -0.138923 0.987702 0.0720313 9.68618 -0.949021 -0.111979 -0.294818 97.277
-0.292696 -0.110003 0.949902 130.015 -0.139367 0.98768 0.0714359 9.73516 -0.946047 -0.11147 -0.304416 97.0523
-0.300004 -0.110736 0.947539 130.69 -0.139336 0.987696 0.0713145 9.78544 -0.943758 -0.110627 -0.311736 96.8202
-0.306716 -0.111135 0.945337 131.369 -0.140576 0.987577 0.0704922 9.837 -0.941415 -0.111265 -0.318522 96.5962
-0.311339 -0.112333 0.943688 132.044 -0.139444 0.987662 0.0715638 9.88639 -0.940064 -0.109307 -0.323155 96.3638
-0.314475 -0.113775 0.94247 132.713 -0.137597 0.98779 0.0733356 9.93948 -0.939294 -0.106612 -0.326284 96.1255
-0.315832 -0.115928 0.941758 133.379 -0.133938 0.988039 0.076708 9.97851 -0.939366 -0.101906 -0.327575 95.8891
-0.316951 -0.116235 0.94134 134.043 -0.13327 0.988095 0.0771372 10.0389 -0.939086 -0.100997 -0.328662 95.6573
-0.317588 -0.111124 0.941748 134.703 -0.130644 0.988789 0.0726179 10.0844 -0.939238 -0.0999668 -0.328539 95.4286
-0.315942 -0.111001 0.942311 135.349 -0.130363 0.988813 0.072772 10.1333 -0.939834 -0.0998446 -0.326872 95.2063
-0.315733 -0.111564 0.94232 135.996 -0.128957 0.988918 0.0738736 10.1768 -0.940097 -0.0981896 -0.326614 94.9842
-0.313908 -0.112326 0.942834 136.642 -0.127781 0.988963 0.0752793 10.2302 -0.94087 -0.0968392 -0.32479 94.7632
-0.312847 -0.113267 0.943079 137.28 -0.126764 0.988984 0.0767305 10.2794 -0.94136 -0.095539 -0.323752 94.5469
-0.310854 -0.114383 0.943598 137.913 -0.12706 0.988844 0.078011 10.3254 -0.941981 -0.0956372 -0.321913 94.3352
-0.308838 -0.114558 0.944244 138.543 -0.127481 0.988771 0.0782654 10.3781 -0.942586 -0.096197 -0.319967 94.1262
-0.305752 -0.115001 0.94519 139.159 -0.126925 0.988764 0.0792458 10.4278 -0.943668 -0.0957322 -0.316906 93.9271
-0.299937 -0.116004 0.946934 139.78 -0.126334 0.988689 0.0811053 10.477 -0.945611 -0.095298 -0.311193 93.7204
-0.295257 -0.117321 0.948237 140.388 -0.125814 0.988586 0.0831391 10.5271 -0.947153 -0.094748 -0.306641 93.5287
-0.289966 -0.118545 0.949721 141.005 -0.126002 0.988413 0.0849061 10.5763 -0.948761 -0.0950421 -0.301536 93.3372
-0.286007 -0.119637 0.950779 141.612 -0.125832 0.988294 0.0865074 10.6254 -0.949985 -0.0948905 -0.297707 93.1554
-0.28295 -0.12099 0.951528 142.21 -0.125653 0.988161 0.0882852 10.6744 -0.950924 -0.0945768 -0.294796 92.973
-0.278948 -0.12207 0.952565 142.816 -0.124646 0.988121 0.0901269 10.7298 -0.952238 -0.0935865 -0.290844 92.7869
-0.276058 -0.123836 0.953185 143.407 -0.12396 0.987993 0.09246 10.7755 -0.953169 -0.0926271 -0.288088 92.6125
-0.272113 -0.124895 0.954175 144 -0.124376 0.987811 0.0938288 10.8332 -0.95425 -0.0931382 -0.284324 92.4409
-0.268453 -0.125098 0.95519 144.586 -0.125705 0.987625 0.0940193 10.8838 -0.955111 -0.0948265 -0.28085 92.2776
-0.264866 -0.125448 0.956141 145.161 -0.125128 0.987612 0.0949165 10.9366 -0.956189 -0.0944934 -0.277276 92.1165
-0.258993 -0.126123 0.957665 145.735 -0.12407 0.987592 0.0965134 10.9936 -0.957933 -0.0938152 -0.271422 91.9549
-0.253199 -0.127236 0.95906 146.304 -0.124254 0.987402 0.098194 11.0514 -0.959458 -0.0942976 -0.265813 91.8055
-0.244309 -0.128836 0.961157 146.88 -0.124301 0.987142 0.100727 11.1069 -0.961754 -0.0948583 -0.257176 91.663
-0.234216 -0.130192 0.963478 147.445 -0.123366 0.986984 0.10338 11.1602 -0.964382 -0.0946403 -0.247223 91.5284
-0.221587 -0.131501 0.966289 148.012 -0.121829 0.986859 0.106365 11.215 -0.967556 -0.0941477 -0.234691 91.3948
-0.208629 -0.132758 0.968992 148.578 -0.120329 0.986724 0.109281 11.2744 -0.970621 -0.0937918 -0.221828 91.2734
-0.193656 -0.13356 0.971992 149.141 -0.118918 0.986605 0.111878 11.333 -0.973892 -0.0939156 -0.206939 91.1621
-0.175225 -0.134196 0.97539 149.706 -0.116484 0.986557 0.114808 11.3955 -0.97767 -0.0934934 -0.188497 91.0652
-0.154862 -0.134943 0.978732 150.267 -0.113942 0.986481 0.117985 11.4581 -0.981399 -0.0932422 -0.16814 90.9768
-0.13261 -0.13541 0.981925 150.827 -0.111539 0.986393 0.120965 11.5286 -0.984929 -0.0934748 -0.145905 90.9065
-0.110549 -0.135781 0.984607 151.383 -0.109083 0.98632 0.123773 11.606 -0.987922 -0.0937149 -0.123844 90.8539
