1 0 0 0 0 1 0 0 0 0 1 0
0.999998 -0.00118124 -0.000978117 -0.00393169 0.00118355 0.999996 0.00251554 -0.0112632 0.000975067 -0.00251672 0.999996 1.53099
0.999999 -0.00121242 -0.000347734 -0.0163823 0.00121451 0.999983 0.00569829 -0.00996038 0.000340745 -0.00569867 0.999984 3.04051
0.999994 -9.34096e-05 -0.0034891 -0.0218842 0.000116753 0.999977 0.00675589 -0.00622342 0.00348818 -0.0067563 0.999972 4.56208
0.999996 0.000775622 -0.00294198 -0.04086 -0.000751324 0.999966 0.00819803 -0.00233144 0.00294821 -0.0081958 0.999963 6.05871
0.999982 0.00127318 -0.0059395 -0.0482736 -0.00121666 0.999954 0.00955622 0.00748223 0.00595111 -0.00954884 0.999937 7.56888
0.999969 0.00167107 -0.00783465 -0.067945 -0.00159228 0.999948 0.0100372 0.0182737 0.00785099 -0.0100245 0.99992 9.06837
0.99997 0.00183099 -0.00760555 -0.088683 -0.00174334 0.999932 0.0115455 0.0254734 0.00762581 -0.0115318 0.999905 10.5522
0.999945 0.00209583 -0.0103579 -0.105684 -0.0019752 0.99993 0.011627 0.0402836 0.0103815 -0.0116059 0.99988 12.0525
0.999933 0.00276501 -0.0113412 -0.12863 -0.00261907 0.999913 0.0128932 0.0454563 0.0113755 -0.0128625 0.999853 13.544
0.999944 0.00355108 -0.0101452 -0.154569 -0.00339316 0.999873 0.0155346 0.0525519 0.010199 -0.0154993 0.999829 15.0194
0.999917 0.00380188 -0.0125168 -0.177071 -0.00356736 0.999818 0.0187318 0.073171 0.0125853 -0.0186856 0.999746 16.5057
0.999909 0.00428465 -0.0128866 -0.206718 -0.00401663 0.999777 0.0207455 0.0940616 0.0129725 -0.020692 0.999703 17.9812
0.999929 0.00437007 -0.0113309 -0.235992 -0.00410923 0.999727 0.0229701 0.120028 0.0114278 -0.0229219 0.999672 19.4425
0.999899 0.00443855 -0.0136428 -0.263348 -0.0040913 0.99967 0.0253651 0.144766 0.0137508 -0.0253068 0.999587 20.9155
0.999919 0.00457891 -0.012109 -0.285815 -0.00425922 0.999644 0.0263215 0.174656 0.0122247 -0.0262677 0.999581 22.3679
0.999894 0.00530986 -0.0137234 -0.318805 -0.00493296 0.999615 0.027342 0.197332 0.0138632 -0.0272716 0.999534 23.8314
0.999898 0.00564292 -0.0133287 -0.346076 -0.00525991 0.999576 0.0286172 0.227983 0.0134841 -0.0285441 0.999502 25.2797
0.999921 0.0056726 -0.011415 -0.375723 -0.00533754 0.999561 0.0291562 0.261681 0.0115753 -0.0290931 0.999512 26.7147
0.999906 0.00564995 -0.0126979 -0.402226 -0.00527528 0.999555 0.0293703 0.300725 0.0128577 -0.0293005 0.999489 28.1499
0.999913 0.00533732 -0.0122622 -0.426466 -0.00496051 0.999522 0.0305425 0.328259 0.0124194 -0.0304791 0.999461 29.5796
0.999937 0.00493744 -0.0103887 -0.448463 -0.00459776 0.999461 0.0324982 0.364663 0.0105431 -0.0324482 0.999419 30.993
0.999921 0.00461735 -0.0118832 -0.470524 -0.00420698 0.999404 0.0343115 0.405267 0.0120346 -0.0342589 0.999343 32.4095
0.999946 0.00445334 -0.00972957 -0.483505 -0.00411055 0.99938 0.0349949 0.448938 0.00987886 -0.034953 0.999342 33.7999
0.999938 0.00439193 -0.0104952 -0.509552 -0.00401844 0.999369 0.0353197 0.496439 0.0106437 -0.0352754 0.999323 35.1755
0.999945 0.00449639 -0.00986196 -0.533488 -0.00413546 0.999331 0.0363431 0.542292 0.0100183 -0.0363002 0.999293 36.5464
0.999968 0.00443251 -0.00724114 -0.545849 -0.00415653 0.999283 0.0376527 0.589931 0.00740285 -0.0376215 0.999267 37.8909
0.999967 0.00457 -0.00726092 -0.570291 -0.00428697 0.999247 0.0385621 0.63631 0.00743119 -0.0385296 0.999232 39.2266
0.999978 0.00459662 -0.00554411 -0.58709 -0.00436853 0.999174 0.0404239 0.681704 0.00572533 -0.0403989 0.999169 40.5503
0.999989 0.00466819 -0.00273947 -0.595608 -0.00454992 0.999117 0.0417854 0.728553 0.00293166 -0.0417723 0.999125 41.8463
0.999989 0.0052551 -0.00140472 -0.60369 -0.00519007 0.999076 0.0426734 0.781922 0.00162766 -0.0426657 0.99909 43.124
0.999984 0.00548666 0.00312675 -0.60797 -0.00561678 0.999053 0.0431721 0.834749 -0.00288744 -0.0431888 0.999065 44.3893
0.999971 0.00583471 0.00566434 -0.612465 -0.00607827 0.999012 0.0440442 0.887184 -0.00540176 -0.0440773 0.999016 45.6352
0.999922 0.00608128 0.011292 -0.611889 -0.00657712 0.998994 0.0443828 0.946018 -0.0110113 -0.0444534 0.998953 46.8637
0.999907 0.00648588 0.0123813 -0.612649 -0.00702815 0.998995 0.0442971 0.998447 -0.0120815 -0.0443799 0.998944 48.0955
0.999802 0.00670407 0.0189893 -0.594736 -0.00755543 0.998954 0.0451067 1.0473 -0.0186675 -0.045241 0.998804 49.2947
0.999653 0.00751957 0.0254321 -0.57529 -0.00865791 0.998952 0.0449645 1.09537 -0.0250673 -0.045169 0.998667 50.4937
0.999402 0.00766313 0.0338634 -0.550717 -0.00918407 0.998946 0.0449807 1.14487 -0.0334834 -0.0452645 0.998416 51.677
0.999128 0.00798316 0.0410986 -0.517123 -0.00986669 0.998901 0.045842 1.18434 -0.0406874 -0.0462075 0.998106 52.8483
0.998582 0.00831993 0.0526771 -0.460141 -0.0107529 0.998881 0.046066 1.2351 -0.0522353 -0.0465668 0.997551 54.0062
0.997877 0.00844242 0.0646509 -0.404974 -0.0114353 0.998874 0.0460691 1.28155 -0.064189 -0.0467107 0.996847 55.1534
0.996816 0.00832848 0.079365 -0.330503 -0.0120284 0.998858 0.0462518 1.32636 -0.0788895 -0.0470587 0.995775 56.2881
0.995249 0.00831238 0.0970549 -0.234667 -0.0128904 0.99883 0.0466415 1.37584 -0.0965533 -0.0476711 0.994189 57.4109
0.993527 0.00823785 0.113349 -0.127041 -0.013685 0.998785 0.0473606 1.41534 -0.112821 -0.0486049 0.992429 58.5135
0.991164 0.00828986 0.13242 0.00791955 -0.0147058 0.998762 0.0475504 1.45697 -0.131862 -0.0490777 0.990056 59.6076
0.988101 0.00829592 0.153621 0.16841 -0.0157725 0.998747 0.0475128 1.50178 -0.153034 -0.0493701 0.986991 60.6891
0.984845 0.00772289 0.173292 0.336818 -0.0162214 0.998733 0.0476811 1.54113 -0.172703 -0.0497698 0.983719 61.7495
0.980529 0.000921982 0.196406 0.540645 -0.0110206 0.998673 0.0503288 1.5718 -0.196099 -0.0515129 0.979234 62.7926
0.975634 -0.00540779 0.219361 0.763785 -0.00641586 0.998568 0.0531538 1.61601 -0.219333 -0.0532663 0.974199 63.8328
0.969905 -0.00555121 0.243452 1.01304 -0.00779794 0.998521 0.0538337 1.65955 -0.243391 -0.0541114 0.968423 64.8431
0.962907 -0.0114879 0.269607 1.28177 -0.00260748 0.998654 0.0518657 1.67695 -0.269838 -0.050645 0.961578 65.8331
0.955593 -0.0128415 0.294435 1.56995 -0.00259779 0.998646 0.0519853 1.72376 -0.294703 -0.0504411 0.954262 66.799
0.946495 -0.0150606 0.322385 1.88946 -0.00195123 0.998629 0.0523815 1.77014 -0.32273 -0.0502081 0.945164 67.7579
0.936726 -0.0156522 0.349735 2.2344 -0.002964 0.998611 0.0526303 1.80855 -0.350072 -0.0503362 0.935375 68.6982
0.925593 -0.0160582 0.378195 2.60107 -0.00440147 0.998579 0.0531724 1.84427 -0.378509 -0.0508808 0.924204 69.6118
0.913033 -0.0157314 0.4076 2.98762 -0.00613029 0.998616 0.0522731 1.90938 -0.407858 -0.0502252 0.911669 70.5106
0.899727 -0.0166922 0.43615 3.4019 -0.00466239 0.998848 0.0478457 1.95613 -0.436443 -0.0450816 0.898609 71.3799
0.885401 -0.0170663 0.464531 3.84615 -0.00563641 0.99886 0.0474393 1.99638 -0.46481 -0.0446206 0.884292 72.2243
0.868833 -0.0173853 0.494815 4.31564 -0.00837676 0.998729 0.0497992 2.02109 -0.495047 -0.0474122 0.867579 73.0716
0.851305 -0.0167592 0.524418 4.80398 -0.0126515 0.998546 0.0524483 2.05336 -0.524534 -0.0512836 0.84985 73.881
0.831364 -0.01736 0.555472 5.32114 -0.0143178 0.998516 0.0526356 2.09179 -0.555557 -0.0517125 0.829877 74.667
0.809607 -0.0190131 0.586679 5.85365 -0.0163433 0.99836 0.0549081 2.12732 -0.58676 -0.0540416 0.807963 75.4457
0.787423 -0.0143658 0.616259 6.40661 -0.0191268 0.998682 0.0477201 2.16547 -0.616128 -0.049363 0.786106 76.1751
0.764491 -0.014126 0.644494 7.00016 -0.0210195 0.998685 0.0468219 2.21402 -0.644307 -0.0493411 0.763183 76.8859
0.741276 -0.0149824 0.671046 7.61047 -0.0222948 0.998654 0.0469253 2.25556 -0.670841 -0.0497454 0.739941 77.568
0.716379 -0.0155161 0.697553 8.2436 -0.0237435 0.998635 0.0465973 2.30187 -0.697322 -0.0499428 0.715027 78.2239
0.690228 -0.0163821 0.72342 8.89329 -0.02509 0.998605 0.0465529 2.32381 -0.723167 -0.0502826 0.68885 78.8593
0.663699 -0.0164644 0.747832 9.55849 -0.0268025 0.998595 0.0457723 2.3741 -0.747534 -0.0504219 0.662319 79.4607
0.636001 -0.0166988 0.77152 10.2495 -0.0283083 0.998592 0.0449497 2.42938 -0.771179 -0.0504284 0.634629 80.0383
0.608111 -0.0169896 0.793683 10.9534 -0.0298972 0.998574 0.0442822 2.46147 -0.793303 -0.0506565 0.606731 80.5889
0.578994 -0.0102253 0.81528 11.6844 -0.0346867 0.998711 0.03716 2.49389 -0.814603 -0.0497947 0.577889 81.1177
0.547627 -0.00370741 0.836727 12.4419 -0.0365675 0.998932 0.028359 2.52517 -0.835936 -0.0461262 0.546902 81.6316
0.517167 -0.00132184 0.855895 13.203 -0.0385814 0.99895 0.0248555 2.55129 -0.855023 -0.0458759 0.51657 82.1069
0.485038 8.85289e-06 0.874506 13.9974 -0.0397187 0.998971 0.0220197 2.59552 -0.873604 -0.0454137 0.484536 82.5612
0.451253 0.000330671 0.892408 14.8187 -0.0407693 0.998967 0.0202454 2.62549 -0.891473 -0.0455185 0.450798 82.9988
0.419169 -0.00765601 0.907894 15.6529 -0.0458188 0.99852 0.0295748 2.63391 -0.906765 -0.0539944 0.418194 83.3901
0.383516 -0.0114907 0.923475 16.5138 -0.0521324 0.998063 0.0340694 2.6477 -0.92207 -0.0612089 0.382172 83.7756
0.348818 -0.00997402 0.937155 17.3716 -0.0601649 0.99765 0.0330122 2.66425 -0.935271 -0.0678979 0.347396 84.1127
0.312638 -0.00835212 0.949848 18.2581 -0.0676645 0.997229 0.0310404 2.6909 -0.947468 -0.0739751 0.311205 84.4272
0.275452 -0.00907195 0.961291 19.1681 -0.0687806 0.997214 0.02912 2.71048 -0.958866 -0.0741377 0.27406 84.7074
0.239241 -0.0104579 0.970917 20.0824 -0.0698668 0.997169 0.0279564 2.72911 -0.968453 -0.0745227 0.237831 84.9533
0.202975 -0.0111114 0.979139 21.0118 -0.0706198 0.997173 0.0259558 2.74404 -0.976648 -0.0744133 0.201616 85.1587
0.166767 -0.0115632 0.985941 21.9609 -0.0715382 0.997158 0.0237952 2.76115 -0.983407 -0.0745002 0.165466 85.3225
0.132654 -0.0120933 0.991107 22.8999 -0.0674744 0.997504 0.0212028 2.76491 -0.988878 -0.0696854 0.131507 85.4414
0.0980576 -0.0117731 0.995124 23.8574 -0.0681711 0.997506 0.0185188 2.79631 -0.992853 -0.0696541 0.0970105 85.5448
0.0661738 -0.0112467 0.997763 24.814 -0.0695938 0.997458 0.0158592 2.82146 -0.995393 -0.070486 0.0652238 85.6088
0.0363876 -0.0123229 0.999275 25.7812 -0.0690773 0.997505 0.0148165 2.82256 -0.996958 -0.0695656 0.0354462 85.6456
0.00981817 -0.0131643 0.999884 26.7529 -0.0659896 0.997733 0.013784 2.8308 -0.997787 -0.0661158 0.00892871 85.6578
-0.0120535 -0.0131118 0.999855 27.7362 -0.0658115 0.99776 0.012291 2.85528 -0.99777 -0.0656531 -0.0128884 85.6492
-0.0314895 -0.0141443 0.999423 28.7213 -0.066183 0.997743 0.0120354 2.86513 -0.997326 -0.0657644 -0.0323526 85.6263
-0.0493492 -0.0141735 0.998694 29.7046 -0.0668427 0.997708 0.0108565 2.87277 -0.996553 -0.0662191 -0.0501823 85.5833
-0.0637273 -0.0140198 0.997888 30.6887 -0.0676705 0.997667 0.00969528 2.88283 -0.995686 -0.0669082 -0.0645251 85.5235
-0.0758546 -0.0139926 0.997035 31.6727 -0.0678573 0.99766 0.00883883 2.88187 -0.994818 -0.066985 -0.0766251 85.4503
-0.0864975 -0.0100416 0.99622 32.66 -0.062539 0.998039 0.00463015 2.88613 -0.994303 -0.0619007 -0.0869533 85.3622
-0.0922047 -0.00974047 0.995707 33.6567 -0.0623999 0.998047 0.00398495 2.89643 -0.993794 -0.0617639 -0.0926308 85.2635
-0.0963239 -0.00951129 0.995324 34.6484 -0.06238 0.998053 0.00350067 2.90504 -0.99341 -0.0617496 -0.0967269 85.1672
-0.100063 -0.00968399 0.994949 35.6464 -0.0622783 0.998057 0.00345087 2.9053 -0.993042 -0.0616177 -0.10047 85.0657
-0.101992 -0.00943856 0.99476 36.644 -0.0621744 0.998067 0.00309544 2.91255 -0.992857 -0.0615314 -0.102379 84.9624
-0.105236 -0.0093297 0.994419 37.642 -0.0622604 0.99806 0.00277511 2.91419 -0.992508 -0.0616201 -0.105611 84.8594
-0.106538 -0.00921693 0.994287 38.642 -0.0625165 0.998048 0.00255338 2.91655 -0.992359 -0.0618856 -0.106903 84.7525
-0.10878 -0.0096449 0.994035 39.6536 -0.0620484 0.998072 0.00289408 2.90993 -0.99214 -0.0613626 -0.109167 84.6365
-0.111938 -0.0102865 0.993683 40.6604 -0.0616518 0.998099 0.00338747 2.92398 -0.991819 -0.0608814 -0.112357 84.529
-0.113594 -0.0105165 0.993488 41.6774 -0.061705 0.998092 0.00351004 2.92743 -0.991622 -0.0609037 -0.114024 84.4127
-0.115666 -0.0104293 0.993255 42.694 -0.0624635 0.998049 0.00320603 2.92696 -0.99134 -0.0616695 -0.116089 84.2972
-0.11878 -0.0103382 0.992884 43.6926 -0.0622824 0.998058 0.00294125 2.93463 -0.990979 -0.0614889 -0.119192 84.1778
-0.120474 -0.0103081 0.992684 44.7305 -0.0623313 0.998057 0.00279962 2.92868 -0.990776 -0.0615362 -0.12088 84.0601
-0.123569 -0.0102927 0.9923 45.7416 -0.0627638 0.998029 0.00253639 2.93727 -0.990363 -0.061966 -0.12397 83.9457
-0.125138 -0.0105054 0.992105 46.7873 -0.063009 0.998015 0.00262083 2.94072 -0.990155 -0.0621818 -0.125548 83.8239
-0.127639 -0.0109813 0.991778 47.8261 -0.063547 0.997979 0.00287183 2.94299 -0.989797 -0.0626569 -0.128077 83.7024
-0.130771 -0.0120023 0.991361 48.8776 -0.064788 0.997899 0.0035356 2.94097 -0.989312 -0.0637642 -0.131271 83.5763
-0.132325 -0.0116308 0.991157 49.9342 -0.066141 0.997811 0.0028789 2.96694 -0.989013 -0.065174 -0.132803 83.4355
-0.134877 -0.01237 0.990807 50.9922 -0.066695 0.997774 0.00337831 2.95911 -0.988634 -0.0656244 -0.135399 83.2974
-0.13747 -0.0124833 0.990447 52.0378 -0.067212 0.997739 0.00324676 2.96236 -0.988239 -0.0661224 -0.137996 83.1624
-0.138483 -0.0129598 0.990302 53.0968 -0.0679245 0.99769 0.00355853 2.96053 -0.988052 -0.0667712 -0.139041 83.0126
-0.139322 -0.0130584 0.99018 54.1597 -0.0682808 0.997665 0.00354999 2.963 -0.987906 -0.0671144 -0.139886 82.8637
-0.140404 -0.0133644 0.990027 55.2264 -0.068626 0.997642 0.00373536 2.96733 -0.987732 -0.0674153 -0.140987 82.7223
-0.139439 -0.0141071 0.99015 56.3028 -0.0693939 0.997585 0.00444081 2.97276 -0.987812 -0.0680899 -0.140079 82.5748
-0.139689 -0.0144661 0.990112 57.3797 -0.0699834 0.997543 0.00470174 2.98531 -0.987739 -0.0686328 -0.140355 82.4357
-0.138879 -0.0150265 0.990215 58.4569 -0.0706073 0.997495 0.00523451 2.99088 -0.987806 -0.0691881 -0.13959 82.294
-0.138829 -0.0154061 0.990219 59.5357 -0.0709355 0.997471 0.00557444 2.99842 -0.987792 -0.069466 -0.139567 82.1521
-0.139396 -0.0157918 0.990131 60.6139 -0.0717703 0.997409 0.00580402 3.00628 -0.987649 -0.0702517 -0.140166 82.0171
-0.138888 -0.0179679 0.990166 61.7126 -0.07165 0.997403 0.0080495 3.00175 -0.987732 -0.0698257 -0.139812 81.8648
-0.139144 -0.0240599 0.99 62.8134 -0.0699239 0.997453 0.0144137 2.9999 -0.987817 -0.0672178 -0.14047 81.7102
-0.140189 -0.0253764 0.989821 63.9085 -0.070158 0.997419 0.0156354 3.00485 -0.987656 -0.0672503 -0.141604 81.5588
-0.139327 -0.0247955 0.989957 65.0229 -0.0641612 0.997817 0.0159627 3.00369 -0.988183 -0.0612916 -0.140612 81.3932
-0.140116 -0.0205649 0.989944 66.1177 -0.0604379 0.998104 0.0121807 3.00781 -0.988309 -0.0581217 -0.14109 81.2362
-0.138075 -0.0152533 0.990325 67.2297 -0.0584194 0.998271 0.00723096 3.0116 -0.988715 -0.0568545 -0.138725 81.0771
-0.137489 -0.0156487 0.990402 68.3418 -0.0592501 0.99822 0.00754764 3.02953 -0.98875 -0.0576419 -0.138168 80.9173
-0.138308 -0.0165037 0.990274 69.4626 -0.0602953 0.998152 0.00821416 3.05833 -0.988571 -0.0585714 -0.139045 80.777
-0.136843 -0.0206256 0.990401 70.5914 -0.061575 0.998034 0.0122774 3.04782 -0.9887 -0.059302 -0.13784 80.6204
-0.13667 -0.022043 0.990394 71.7248 -0.0626496 0.997949 0.0135662 3.05418 -0.988652 -0.0601922 -0.137768 80.4745
-0.137034 -0.0224243 0.990336 72.8657 -0.0639482 0.997865 0.0137468 3.06646 -0.988522 -0.0614445 -0.138172 80.3242
-0.136045 -0.0224483 0.990471 73.9935 -0.0642496 0.997844 0.0137909 3.08128 -0.988636 -0.0617596 -0.137191 80.1614
-0.136198 -0.0223029 0.990454 75.1287 -0.0645733 0.997827 0.0135901 3.10532 -0.988597 -0.062104 -0.137339 80.0122
-0.135014 -0.0237564 0.990582 76.2686 -0.0660386 0.997713 0.0149268 3.10503 -0.988661 -0.0633998 -0.136272 79.8557
-0.134573 -0.0249361 0.990614 77.4244 -0.0664347 0.997667 0.0160894 3.11791 -0.988697 -0.0636441 -0.135912 79.7001
-0.135131 -0.025537 0.990522 78.5865 -0.067435 0.997594 0.0165199 3.13047 -0.988551 -0.0645619 -0.136525 79.5474
-0.134248 -0.0258286 0.990635 79.7409 -0.0685859 0.997512 0.016714 3.14461 -0.988594 -0.0656979 -0.135682 79.3942
-0.134146 -0.0257588 0.99065 80.9043 -0.068503 0.997519 0.0166618 3.16462 -0.988612 -0.065626 -0.135575 79.245
-0.134834 -0.0264551 0.990539 82.087 -0.0691906 0.997461 0.0172223 3.17724 -0.988471 -0.066212 -0.136319 79.0944
-0.133122 -0.0265498 0.990768 83.2627 -0.0688037 0.997484 0.0174857 3.20505 -0.98873 -0.0658392 -0.13461 78.9341
-0.132362 -0.0267723 0.990864 84.4421 -0.0686057 0.997492 0.0177875 3.22512 -0.988846 -0.0656228 -0.133863 78.7763
-0.131809 -0.0267915 0.990937 85.6319 -0.068533 0.997496 0.0178537 3.24336 -0.988924 -0.0655571 -0.133312 78.6201
-0.130354 -0.026756 0.991131 86.814 -0.0680062 0.997529 0.0179852 3.26433 -0.989154 -0.0650568 -0.131848 78.4629
-0.130048 -0.0268129 0.991169 88.0139 -0.0684269 0.9975 0.0180068 3.2848 -0.989165 -0.0654792 -0.131555 78.3066
-0.127895 -0.0269879 0.991445 89.1994 -0.0679946 0.997523 0.0183828 3.30276 -0.989476 -0.06506 -0.12941 78.1491
-0.126658 -0.0274223 0.991592 90.4059 -0.0678113 0.997525 0.0189253 3.3238 -0.989647 -0.0648425 -0.128201 77.9982
-0.126236 -0.0279336 0.991632 91.6196 -0.0691608 0.997425 0.0192932 3.33809 -0.989609 -0.0661447 -0.127839 77.8493
-0.124065 -0.0284582 0.991891 92.8262 -0.0692197 0.997408 0.0199593 3.35403 -0.989879 -0.0661806 -0.12571 77.6951
-0.122386 -0.0281798 0.992108 94.0428 -0.0702022 0.997345 0.0196691 3.37906 -0.99002 -0.067239 -0.124036 77.5491
-0.122335 -0.0279626 0.99212 95.2682 -0.07053 0.997328 0.0194132 3.3973 -0.990002 -0.0675977 -0.123978 77.4138
-0.120089 -0.0287664 0.992372 96.49 -0.0717163 0.997226 0.0202293 3.41826 -0.990193 -0.0687379 -0.121816 77.2644
-0.12021 -0.0298074 0.992326 97.7302 -0.0735317 0.997079 0.0210432 3.43779 -0.990044 -0.0704362 -0.122048 77.1311
-0.119123 -0.029839 0.992457 98.9627 -0.0748236 0.996982 0.0209949 3.45801 -0.99008 -0.0717562 -0.120993 76.9865
-0.11924 -0.0304068 0.992426 100.208 -0.0758832 0.996894 0.0214271 3.48574 -0.989984 -0.0727517 -0.121174 76.8464
-0.121078 -0.0321314 0.992149 101.471 -0.0768492 0.996786 0.022904 3.5099 -0.989688 -0.0734706 -0.123154 76.7077
-0.121033 -0.0329095 0.992129 102.721 -0.0776265 0.996711 0.0235923 3.53239 -0.989631 -0.0741583 -0.123187 76.5569
-0.122673 -0.0333869 0.991911 103.972 -0.0784225 0.996641 0.0238482 3.55714 -0.989368 -0.0748606 -0.124876 76.4111
-0.12505 -0.0337545 0.991602 105.225 -0.0789719 0.996596 0.0239662 3.58543 -0.989026 -0.07531 -0.127287 76.2607
-0.126451 -0.0351918 0.991375 106.467 -0.079565 0.996516 0.0252266 3.60119 -0.988801 -0.0756867 -0.128807 76.1031
-0.129724 -0.035979 0.990924 107.733 -0.0813798 0.996364 0.0255236 3.6307 -0.988228 -0.0773283 -0.132178 75.9522
-0.13328 -0.0365439 0.990432 108.96 -0.0819789 0.996308 0.02573 3.65012 -0.987707 -0.077763 -0.135781 75.7906
-0.138722 -0.0365446 0.989685 110.194 -0.0835903 0.996192 0.025069 3.69134 -0.986821 -0.0792484 -0.141245 75.6297
-0.147008 -0.0366772 0.988484 111.429 -0.0834504 0.996216 0.0245544 3.71377 -0.985634 -0.0788773 -0.149509 75.459
-0.15531 -0.0409711 0.987045 112.653 -0.0822389 0.996216 0.0284125 3.75286 -0.984461 -0.0767588 -0.158089 75.2636
-0.166315 -0.0407287 0.985261 113.883 -0.0825966 0.996217 0.0272402 3.80084 -0.982633 -0.0768463 -0.169047 75.0609
-0.180387 -0.0399655 0.982813 115.122 -0.0830929 0.99623 0.0252608 3.82218 -0.980105 -0.077106 -0.183025 74.8381
-0.193788 -0.0405108 0.980237 116.321 -0.0838223 0.996184 0.0245998 3.84803 -0.977483 -0.0773959 -0.196441 74.6018
-0.209121 -0.0409686 0.977061 117.549 -0.084574 0.996144 0.023668 3.87453 -0.974251 -0.0776824 -0.211776 74.3583
-0.22387 -0.0415889 0.973762 118.737 -0.0849143 0.996129 0.0230234 3.88683 -0.970941 -0.0775295 -0.226531 74.0855
-0.239165 -0.0409532 0.970145 119.916 -0.0855318 0.996123 0.0209649 3.92825 -0.96723 -0.0779621 -0.241737 73.8025
-0.255202 -0.0417102 0.96602 121.084 -0.0863766 0.996065 0.02019 3.95711 -0.963051 -0.0782864 -0.257796 73.5079
-0.269907 -0.0437421 0.961923 122.245 -0.0893147 0.995807 0.0202228 3.96591 -0.958761 -0.0804536 -0.272678 73.1936
-0.285514 -0.0483528 0.957187 123.42 -0.0955468 0.995194 0.021774 3.98082 -0.95363 -0.0852366 -0.288757 72.8622
-0.301964 -0.0490201 0.95209 124.599 -0.0973982 0.995046 0.020342 4.01017 -0.948358 -0.086587 -0.305238 72.5192
-0.316108 -0.0499771 0.94744 125.738 -0.0992048 0.994886 0.0193821 4.02965 -0.943553 -0.0878609 -0.319444 72.1524
-0.331062 -0.0498759 0.942321 126.876 -0.0996058 0.994878 0.0176645 4.0534 -0.938365 -0.0880104 -0.33433 71.7683
-0.343817 -0.0501063 0.937734 127.995 -0.0999011 0.994867 0.0165322 4.0684 -0.933739 -0.0879938 -0.347052 71.3605
-0.357721 -0.0503045 0.932505 129.119 -0.0996565 0.99491 0.0154425 4.08144 -0.928524 -0.0874038 -0.360909 70.9378
-0.372812 -0.0511006 0.926534 130.246 -0.0998748 0.994899 0.0146857 4.10245 -0.922549 -0.0870596 -0.376008 70.5019
-0.3861 -0.052269 0.921008 131.347 -0.100138 0.994876 0.014483 4.11563 -0.917035 -0.0866334 -0.38935 70.0457
-0.400796 -0.0523046 0.91471 132.442 -0.101006 0.994813 0.012629 4.13931 -0.910617 -0.0873268 -0.403993 69.5815
-0.416657 -0.0526007 0.907574 133.528 -0.101616 0.99477 0.0110047 4.14912 -0.903397 -0.0876364 -0.419817 69.0968
-0.429921 -0.0524254 0.901381 134.6 -0.101304 0.994817 0.0095437 4.16224 -0.8972 -0.0872071 -0.432997 68.5944
-0.44455 -0.0523232 0.894259 135.671 -0.101263 0.994835 0.0078697 4.16546 -0.890043 -0.0870542 -0.447547 68.0708
-0.460606 -0.051883 0.886126 136.739 -0.100911 0.994886 0.00579934 4.17856 -0.881886 -0.0867455 -0.463478 67.5301
-0.474523 -0.0514956 0.878771 137.797 -0.10071 0.994915 0.00392126 4.17982 -0.874495 -0.0866373 -0.47729 66.9694
-0.49077 -0.0531533 0.869706 138.866 -0.101695 0.994817 0.00341529 4.17989 -0.865371 -0.086766 -0.493624 66.3916
-0.505603 -0.0531536 0.861163 139.913 -0.101378 0.994853 0.00188583 4.19045 -0.856822 -0.086347 -0.508384 65.7908
-0.521368 -0.0541071 0.851656 140.964 -0.101653 0.994827 0.000974637 4.1828 -0.847295 -0.0860625 -0.524163 65.1707
-0.538042 -0.0545161 0.841191 142.005 -0.102124 0.994779 -0.000849147 4.19043 -0.836744 -0.08636 -0.540793 64.5327
-0.552995 -0.0548937 0.831418 143.031 -0.102425 0.994745 -0.00244604 4.19023 -0.826906 -0.0865077 -0.555703 63.8636
-0.568334 -0.0552396 0.82098 144.05 -0.102607 0.994721 -0.00409986 4.19125 -0.816411 -0.0865658 -0.570994 63.1778
-0.584289 -0.0553258 0.809703 145.071 -0.102835 0.994686 -0.00623897 4.18382 -0.805047 -0.086908 -0.586864 62.4684
-0.598259 -0.0564069 0.799356 146.058 -0.103212 0.994642 -0.00705762 4.1768 -0.794666 -0.0867227 -0.600867 61.7349
-0.614401 -0.0573021 0.786957 147.057 -0.102952 0.994661 -0.00794961 4.16778 -0.782293 -0.0859001 -0.617012 60.9862
-0.628338 -0.0578356 0.775829 148.028 -0.102659 0.994683 -0.00899001 4.1516 -0.771177 -0.0852915 -0.630926 60.2114
-0.642764 -0.0584223 0.763883 148.998 -0.103021 0.994629 -0.0106136 4.13644 -0.759153 -0.0855144 -0.645322 59.4191
-0.658072 -0.0587076 0.750704 149.955 -0.102759 0.994637 -0.0122931 4.12247 -0.745951 -0.0852287 -0.660567 58.6149
-0.672415 -0.0600002 0.73779 150.905 -0.105883 0.994262 -0.0156409 4.09901 -0.732612 -0.0886334 -0.674901 57.7797
-0.687703 -0.0613514 0.723439 151.837 -0.10593 0.994246 -0.0163781 4.07236 -0.718265 -0.0878947 -0.690236 56.9254
-0.704382 -0.0622043 0.707144 152.762 -0.105668 0.994249 -0.0177932 4.0546 -0.701964 -0.0872525 -0.706895 56.0492
-0.720054 -0.0625411 0.691139 153.654 -0.105696 0.994201 -0.0201506 4.02805 -0.685867 -0.0875579 -0.722479 55.1471
-0.737298 -0.0635805 0.672626 154.534 -0.105982 0.994127 -0.0221985 3.99564 -0.667259 -0.0876498 -0.739697 54.22
-0.753743 -0.067274 0.653765 155.383 -0.110753 0.993531 -0.0254512 3.97528 -0.647818 -0.091588 -0.756305 53.2823
-0.769604 -0.0678826 0.634964 156.216 -0.110422 0.993507 -0.0276194 3.93542 -0.628962 -0.0913665 -0.772093 52.3107
-0.785466 -0.0679957 0.615208 157.014 -0.108957 0.993623 -0.0292885 3.87309 -0.60929 -0.0900344 -0.787854 51.3294
-0.799678 -0.0681117 0.596619 157.779 -0.10734 0.993763 -0.0304192 3.83657 -0.590822 -0.0883629 -0.801993 50.3189
-0.814074 -0.068129 0.576805 158.531 -0.106053 0.993845 -0.0322883 3.79077 -0.571051 -0.0874549 -0.816276 49.2809
-0.828741 -0.0680158 0.555555 159.261 -0.105724 0.993749 -0.036045 3.75223 -0.549627 -0.0886035 -0.830742 48.2331
-0.841618 -0.0684192 0.53578 159.962 -0.106044 0.993578 -0.0396946 3.71255 -0.52962 -0.0902219 -0.843456 47.1666
-0.854278 -0.0685121 0.515359 160.636 -0.105349 0.993532 -0.0425458 3.66808 -0.509107 -0.0906347 -0.85596 46.084
-0.866444 -0.0690872 0.494537 161.289 -0.104147 0.993613 -0.0436584 3.61164 -0.488359 -0.0893299 -0.868091 44.9817
-0.876116 -0.0689782 0.477224 161.907 -0.103348 0.993583 -0.046115 3.55684 -0.470977 -0.0897183 -0.877612 43.8716
-0.886028 -0.0694486 0.458473 162.508 -0.102342 0.993635 -0.0472657 3.49045 -0.45227 -0.0887974 -0.887483 42.7584
-0.894242 -0.0700681 0.442156 163.083 -0.102127 0.993567 -0.0490922 3.43927 -0.435868 -0.0890521 -0.895635 41.6284
-0.902052 -0.0704385 0.425919 163.644 -0.101488 0.993557 -0.0506242 3.37932 -0.419607 -0.088889 -0.903376 40.4835
-0.909638 -0.0706069 0.409456 164.189 -0.100672 0.993551 -0.052317 3.31007 -0.403118 -0.0888061 -0.91087 39.3225
-0.915352 -0.0711178 0.396408 164.706 -0.100361 0.99352 -0.0534983 3.23332 -0.390034 -0.0887512 -0.916545 38.1615
-0.921135 -0.071373 0.382751 165.209 -0.0998079 0.993497 -0.0549322 3.16441 -0.376339 -0.0887972 -0.922258 36.987
-0.926645 -0.0778325 0.367884 165.693 -0.103905 0.993258 -0.0515754 3.11241 -0.361389 -0.0860144 -0.928471 35.8234
-0.930615 -0.081471 0.356934 166.156 -0.105094 0.993346 -0.0472663 3.03291 -0.350706 -0.0814941 -0.932975 34.6342
-0.934778 -0.0818061 0.345784 166.613 -0.10446 0.993409 -0.0473651 2.96836 -0.339629 -0.0803936 -0.937149 33.4352
-0.938471 -0.0819197 0.335627 167.049 -0.103971 0.993418 -0.0482407 2.89757 -0.329463 -0.0801637 -0.940801 32.2318
-0.940139 -0.0826431 0.330724 167.468 -0.103797 0.993506 -0.0467932 2.83249 -0.324709 -0.0783174 -0.942598 31.03
-0.941929 -0.0824255 0.325671 167.889 -0.103252 0.993544 -0.0471647 2.77191 -0.319679 -0.0780477 -0.944348 29.8217
-0.943735 -0.0844901 0.319839 168.317 -0.104973 0.993358 -0.0473245 2.69876 -0.313716 -0.0782333 -0.946321 28.5942
-0.944666 -0.0889246 0.315886 168.737 -0.108318 0.993135 -0.0443448 2.61899 -0.309772 -0.0761029 -0.947804 27.384
-0.945933 -0.0963125 0.309847 169.145 -0.115451 0.99235 -0.0439962 2.58219 -0.303238 -0.0773869 -0.9498 26.1866
-0.946402 -0.102538 0.306424 169.556 -0.122434 0.991403 -0.0463844 2.51162 -0.299031 -0.0814105 -0.950808 24.9828
-0.947636 -0.103058 0.302385 169.959 -0.12286 0.991314 -0.0471693 2.43293 -0.294896 -0.0818476 -0.952051 23.7609
-0.948871 -0.10316 0.298479 170.354 -0.12289 0.991266 -0.0480611 2.3624 -0.290911 -0.0822793 -0.953251 22.5448
-0.948809 -0.102376 0.298918 170.757 -0.122537 0.991243 -0.0494573 2.28827 -0.291236 -0.0835513 -0.953029 21.321
-0.948699 -0.102392 0.299291 171.145 -0.122603 0.991231 -0.0495043 2.2135 -0.291594 -0.0836538 -0.952923 20.0961
-0.948702 -0.102036 0.299375 171.531 -0.122593 0.991174 -0.0506651 2.15013 -0.291562 -0.0847646 -0.952822 18.8762
-0.947692 -0.101731 0.302688 171.928 -0.12252 0.991193 -0.0504627 2.08539 -0.294885 -0.0849036 -0.9518 17.6578
-0.947764 -0.101409 0.30254 172.307 -0.121888 0.991317 -0.0495521 2.01406 -0.294887 -0.0838367 -0.95188 16.4293
-0.946867 -0.101481 0.305347 172.702 -0.122192 0.991285 -0.0494535 1.94811 -0.297665 -0.0841319 -0.951004 15.2505
-0.945475 -0.102664 0.309204 173.107 -0.123649 0.991126 -0.0490059 1.88264 -0.301428 -0.0845637 -0.949765 14.037
-0.94436 -0.103749 0.31227 173.507 -0.124448 0.991121 -0.0470524 1.80975 -0.304613 -0.0832907 -0.948876 12.8143
-0.94166 -0.106806 0.319284 173.921 -0.126152 0.991196 -0.0404831 1.74311 -0.312147 -0.0783965 -0.946827 11.6154
-0.939295 -0.108038 0.3258 174.341 -0.127567 0.991069 -0.0391251 1.68689 -0.31866 -0.0783064 -0.944678 10.4197
-0.936676 -0.108182 0.333177 174.76 -0.12797 0.991062 -0.0379705 1.62077 -0.32609 -0.0781997 -0.942134 9.19995
-0.933259 -0.10787 0.342762 175.186 -0.128456 0.991003 -0.0378712 1.57381 -0.335589 -0.0793685 -0.938708 8.02375
-0.929808 -0.107484 0.352104 175.633 -0.128372 0.991067 -0.0364552 1.5179 -0.345039 -0.0790935 -0.935285 6.83737
-0.926048 -0.106308 0.362253 176.09 -0.127725 0.991181 -0.0356293 1.46091 -0.355266 -0.0792584 -0.931449 5.61732
-0.921621 -0.105823 0.373483 176.553 -0.127817 0.991207 -0.0345557 1.4093 -0.36654 -0.0795816 -0.927029 4.47217
-0.916148 -0.105419 0.38685 177.05 -0.128098 0.991216 -0.033245 1.34681 -0.379942 -0.0800068 -0.921596 3.25914
-0.909742 -0.104152 0.401991 177.566 -0.127074 0.991429 -0.0307085 1.28594 -0.395344 -0.079016 -0.915166 2.10348
-0.903791 -0.102651 0.415596 178.094 -0.125727 0.99167 -0.0284718 1.25911 -0.409205 -0.0779792 -0.909158 0.941826
-0.897849 -0.102469 0.428302 178.646 -0.126083 0.991662 -0.0270561 1.21055 -0.421956 -0.0782905 -0.903269 -0.227775
-0.890916 -0.101969 0.442681 179.207 -0.126251 0.99168 -0.0256535 1.15859 -0.436376 -0.078739 -0.896368 -1.35873
-0.883743 -0.101419 0.456934 179.777 -0.125422 0.991862 -0.0224253 1.12311 -0.450937 -0.0771244 -0.889258 -2.49195
-0.876703 -0.102506 0.470085 180.373 -0.126422 0.991798 -0.0194996 1.08352 -0.464223 -0.0765191 -0.882463 -3.61918
-0.868572 -0.102547 0.484916 180.967 -0.126849 0.99178 -0.0174727 1.04392 -0.479134 -0.076684 -0.874428 -4.72512
-0.860099 -0.101785 0.499966 181.585 -0.126139 0.991912 -0.0150547 1.01797 -0.494381 -0.0760082 -0.865973 -5.80766
-0.850445 -0.100421 0.516466 182.221 -0.124784 0.992116 -0.012569 0.992089 -0.511129 -0.0751322 -0.856258 -6.88218
-0.840149 -0.100352 0.533083 182.869 -0.12491 0.99213 -0.0100885 0.963953 -0.527867 -0.075058 -0.846064 -7.92269
-0.82926 -0.099524 0.55 183.553 -0.123993 0.992268 -0.00739504 0.943723 -0.545007 -0.0743251 -0.835175 -8.98447
-0.818171 -0.0987019 0.566529 184.241 -0.122997 0.992409 -0.0047253 0.935856 -0.561753 -0.0735419 -0.824092 -9.98768
-0.805971 -0.0978588 0.583877 184.953 -0.12173 0.992574 -0.00167475 0.926921 -0.579373 -0.0724214 -0.811886 -10.9966
-0.792888 -0.0970071 0.60168 185.688 -0.118959 0.992908 0.00332574 0.923783 -0.597726 -0.0689327 -0.798796 -11.9964
-0.778057 -0.0958486 0.620902 186.436 -0.116929 0.99313 0.00678596 0.931857 -0.617282 -0.0673179 -0.783907 -12.9527
-0.761897 -0.0958806 0.640642 187.2 -0.117123 0.993087 0.00934241 0.933027 -0.637098 -0.0679103 -0.767852 -13.8971
-0.745222 -0.0934236 0.660299 187.991 -0.114674 0.993354 0.011126 0.939129 -0.656945 -0.0674237 -0.75097 -14.831
-0.728292 -0.0929009 0.679015 188.79 -0.113282 0.993473 0.0144247 0.954829 -0.675912 -0.0664097 -0.734054 -15.6887
-0.709455 -0.0923549 0.69873 189.632 -0.111463 0.993617 0.0181591 0.972331 -0.695941 -0.0649957 -0.715207 -16.57
-0.690093 -0.0927464 0.717826 190.457 -0.111005 0.993598 0.0216653 0.991872 -0.715227 -0.0647253 -0.695963 -17.3832
-0.67 -0.0923318 0.736651 191.321 -0.109904 0.993652 0.0245856 1.01508 -0.734239 -0.0644848 -0.675882 -18.1883
-0.649529 -0.0923234 0.75478 192.222 -0.109667 0.993611 0.0271667 1.04038 -0.752453 -0.0651231 -0.655497 -18.985
-0.628721 -0.0917982 0.772247 193.117 -0.107769 0.993726 0.0303882 1.0748 -0.770184 -0.0641141 -0.634657 -19.7267
-0.606584 -0.0918898 0.789758 194.044 -0.105425 0.993836 0.0346659 1.10527 -0.788063 -0.0622269 -0.612526 -20.4606
-0.583452 -0.0916256 0.807014 194.989 -0.103391 0.993925 0.0380998 1.1424 -0.805595 -0.0612039 -0.58937 -21.1639
-0.559108 -0.0908037 0.824172 195.941 -0.101326 0.99403 0.0407838 1.1786 -0.822941 -0.0607018 -0.564965 -21.8217
-0.532227 -0.0908994 0.841757 196.916 -0.0997453 0.994042 0.0442789 1.22215 -0.840759 -0.0603906 -0.538112 -22.4696
-0.505931 -0.0914283 0.857777 197.902 -0.0974917 0.994069 0.0484572 1.28671 -0.857106 -0.0591047 -0.511838 -23.0623
-0.478216 -0.0923299 0.873423 198.921 -0.0945401 0.994106 0.0533265 1.35219 -0.873191 -0.0570674 -0.484117 -23.6438
-0.4491 -0.0919689 0.888797 199.966 -0.0927546 0.994126 0.0560042 1.40248 -0.888712 -0.0572832 -0.454988 -24.1936
-0.418658 -0.0914285 0.903576 201.013 -0.0912161 0.994136 0.0583298 1.46149 -0.903602 -0.057996 -0.424535 -24.6902
-0.387271 -0.091978 0.917426 202.08 -0.0891279 0.9941 0.0620458 1.52628 -0.917705 -0.0577344 -0.393179 -25.1606
-0.357367 -0.0909255 0.929573 203.169 -0.0811061 0.994527 0.0660999 1.59498 -0.930486 -0.0517677 -0.362778 -25.589
-0.324776 -0.090629 0.941497 204.261 -0.07923 0.99452 0.0684062 1.67378 -0.942522 -0.0523727 -0.330173 -25.9867
-0.291627 -0.0904921 0.952286 205.38 -0.0757188 0.994591 0.0713254 1.75918 -0.953579 -0.0513011 -0.296896 -26.3589
-0.257072 -0.09076 0.962178 206.491 -0.073324 0.994555 0.0742278 1.84701 -0.963661 -0.0514636 -0.262324 -26.6792
-0.222001 -0.090724 0.97086 207.617 -0.0699294 0.994594 0.0769531 1.9373 -0.972584 -0.0508035 -0.227141 -26.9623
-0.187214 -0.0907009 0.978179 208.76 -0.0671651 0.994593 0.0793724 2.02201 -0.980074 -0.0508346 -0.192291 -27.2034
-0.152187 -0.0904882 0.984244 209.896 -0.0643312 0.994609 0.0814958 2.11506 -0.986304 -0.0509105 -0.157185 -27.4043
-0.117288 -0.0904017 0.989031 211.041 -0.0608545 0.994645 0.0837023 2.20961 -0.991285 -0.0503644 -0.122158 -27.5605
-0.081778 -0.0899714 0.992624 212.206 -0.0578568 0.99468 0.0853928 2.31012 -0.995018 -0.0504422 -0.0865459 -27.6767
-0.047627 -0.0899872 0.99486 213.348 -0.0547027 0.994688 0.0873571 2.4127 -0.997419 -0.0502556 -0.0522945 -27.7461
-0.0147753 -0.0899984 0.995875 214.512 -0.0514647 0.994703 0.0891305 2.52337 -0.998614 -0.0499308 -0.0193274 -27.7744
0.0184516 -0.0895529 0.995868 215.658 -0.0489452 0.994719 0.0903608 2.62082 -0.998684 -0.0504048 0.0139724 -27.7707
0.0506032 -0.0898161 0.994715 216.814 -0.0456565 0.994712 0.0921401 2.71997 -0.997723 -0.0500731 0.0462352 -27.7316
0.0825562 -0.090473 0.992529 217.987 -0.041895 0.994689 0.0941591 2.83183 -0.99576 -0.04935 0.0783284 -27.6573
0.11378 -0.090763 0.989395 219.14 -0.0381286 0.994699 0.0956359 2.9388 -0.992823 -0.048601 0.109716 -27.5503
0.144082 -0.0904496 0.985482 220.295 -0.0352438 0.994727 0.0964557 3.04812 -0.988992 -0.0486244 0.140135 -27.4014
0.173618 -0.0905342 0.980687 221.451 -0.0322386 0.994723 0.0975391 3.15207 -0.984335 -0.0485458 0.169781 -27.2146
0.203523 -0.0907102 0.974918 222.592 -0.0284746 0.994743 0.0985039 3.25833 -0.978711 -0.047803 0.19987 -26.9959
0.232732 -0.0922176 0.968205 223.739 -0.0205978 0.994818 0.0997052 3.36494 -0.972374 -0.0431429 0.229623 -26.7307
0.263074 -0.092789 0.960363 224.87 -0.0164786 0.994801 0.100635 3.46852 -0.964691 -0.0422948 0.260177 -26.4441
0.292303 -0.094071 0.951735 226.001 -0.00826855 0.994879 0.100877 3.57544 -0.956341 -0.0373514 0.290025 -26.1167
0.320736 -0.0940583 0.942548 227.127 -0.00554173 0.994868 0.10117 3.68285 -0.94721 -0.0376672 0.318568 -25.7516
0.349411 -0.0950952 0.93218 228.234 -0.00190794 0.994778 0.102198 3.79278 -0.93702 -0.037483 0.347399 -25.3564
0.377916 -0.0960026 0.920911 229.338 0.00116548 0.994673 0.103219 3.90826 -0.925897 -0.0379297 0.376013 -24.9185
0.406052 -0.0955695 0.908889 230.44 0.008277 0.994876 0.100915 4.02455 -0.913866 -0.0334492 0.404756 -24.4364
0.434018 -0.0944516 0.896004 231.497 0.0150727 0.995127 0.0976042 4.14614 -0.900839 -0.0288519 0.433323 -23.9389
0.460795 -0.0960478 0.882346 232.561 0.0224043 0.995085 0.0966212 4.26235 -0.88728 -0.0247497 0.460675 -23.3935
0.488523 -0.096256 0.867292 233.618 0.0245089 0.995035 0.096633 4.3684 -0.87227 -0.0259462 0.488452 -22.8308
0.5145 -0.096822 0.852062 234.653 0.0268587 0.994953 0.0968429 4.4762 -0.857128 -0.0269359 0.514495 -22.2212
0.537652 -0.0962175 0.837728 235.665 0.0286527 0.994995 0.0958962 4.5845 -0.842746 -0.0275508 0.537713 -21.5773
0.55922 -0.0961014 0.823487 236.661 0.03074 0.994995 0.0952433 4.69055 -0.828509 -0.0279434 0.559366 -20.9179
0.579232 -0.0965243 0.809499 237.649 0.0325685 0.994929 0.0953357 4.79365 -0.81458 -0.0288524 0.579432 -20.2235
0.597396 -0.0980068 0.795994 238.622 0.0347971 0.994754 0.0963658 4.89822 -0.801253 -0.0298657 0.597662 -19.5011
0.615589 -0.101345 0.781597 239.578 0.0374465 0.994355 0.0994448 5.01448 -0.787248 -0.0319439 0.615903 -18.7593
0.631174 -0.102688 0.768876 240.518 0.0396517 0.99419 0.100231 5.12976 -0.774691 -0.0327717 0.631568 -17.9921
0.647241 -0.103928 0.755243 241.446 0.0417806 0.994027 0.100986 5.23847 -0.761213 -0.0338028 0.64771 -17.2184
0.662645 -0.103949 0.741749 242.358 0.0432764 0.993997 0.100641 5.34798 -0.747748 -0.0345843 0.663155 -16.4122
0.677615 -0.104393 0.728048 243.262 0.0451382 0.993928 0.100511 5.4498 -0.734106 -0.03524 0.678206 -15.5752
0.692877 -0.106217 0.713259 244.142 0.0473423 0.993675 0.10199 5.56267 -0.719571 -0.0368943 0.693511 -14.7294
0.707366 -0.109112 0.698457 245.009 0.0499592 0.993278 0.104579 5.68414 -0.705159 -0.0390758 0.708054 -13.8559
0.721231 -0.11102 0.683811 245.865 0.0522306 0.992996 0.106132 5.80999 -0.690796 -0.0408248 0.721966 -12.9672
0.735639 -0.111638 0.668197 246.694 0.0545906 0.992905 0.105794 5.93467 -0.675253 -0.0413432 0.736506 -12.0701
0.748459 -0.112302 0.653679 247.509 0.0565084 0.99279 0.105862 6.06609 -0.660846 -0.04229 0.749396 -11.1426
0.75979 -0.113131 0.64034 248.311 0.0581431 0.99264 0.106391 6.19651 -0.64765 -0.0435976 0.760767 -10.1986
0.771673 -0.115206 0.625578 249.106 0.0605275 0.992314 0.108083 6.32671 -0.633213 -0.0455355 0.772703 -9.23084
0.781857 -0.116638 0.612544 249.881 0.0628298 0.992102 0.108721 6.45361 -0.620375 -0.046513 0.783001 -8.24435
0.793005 -0.117155 0.597929 250.65 0.0646432 0.991995 0.108636 6.58674 -0.605861 -0.0474918 0.794215 -7.24446
0.802111 -0.118593 0.585379 251.4 0.067669 0.991838 0.108223 6.72212 -0.593424 -0.0471889 0.80358 -6.23024
0.810188 -0.120649 0.573707 252.138 0.069212 0.991451 0.110761 6.85959 -0.582158 -0.0500249 0.811598 -5.20011
0.818433 -0.122877 0.561412 252.86 0.0708934 0.991015 0.113563 6.99128 -0.570311 -0.0531373 0.819781 -4.16462
0.825577 -0.124371 0.550504 253.579 0.0722582 0.990698 0.11546 7.13343 -0.559735 -0.055538 0.82687 -3.10361
0.831051 -0.125671 0.541918 254.291 0.0736787 0.990447 0.116704 7.27893 -0.551396 -0.0570536 0.832362 -2.02082
0.835754 -0.126739 0.534372 254.983 0.0747651 0.990221 0.117926 7.4302 -0.544084 -0.0585994 0.837042 -0.93683
0.838193 -0.129168 0.529964 255.681 0.0756772 0.989714 0.12154 7.58747 -0.540202 -0.0617623 0.839337 0.176265
0.841468 -0.130288 0.524459 256.365 0.076797 0.989498 0.122601 7.74183 -0.534917 -0.062883 0.842621 1.27684
0.843837 -0.131753 0.520284 257.048 0.0780456 0.989233 0.123934 7.89958 -0.531 -0.0639679 0.845025 2.38498
0.845898 -0.134192 0.516288 257.746 0.078982 0.988697 0.127577 8.07097 -0.527564 -0.0671344 0.84692 3.52445
0.848171 -0.136084 0.512057 258.415 0.0797228 0.988244 0.13059 8.22689 -0.523797 -0.0699339 0.849039 4.62622
0.850371 -0.136852 0.508178 259.087 0.0804755 0.988072 0.131426 8.39231 -0.520094 -0.0708593 0.851226 5.75499
0.852125 -0.138143 0.504892 259.77 0.0804351 0.987664 0.134489 8.55463 -0.51723 -0.0739847 0.852714 6.90917
0.854712 -0.138116 0.500496 260.43 0.0803083 0.987552 0.135382 8.72341 -0.512956 -0.0755127 0.855149 8.03397
0.856886 -0.139754 0.496319 261.093 0.0807896 0.987085 0.138472 8.89456 -0.509249 -0.0785513 0.857099 9.18327
0.85876 -0.140385 0.492879 261.767 0.0808471 0.986833 0.140219 9.07621 -0.506066 -0.0805607 0.858786 10.3465
0.860151 -0.141004 0.49028 262.402 0.0809403 0.986606 0.141754 9.26159 -0.50369 -0.0822399 0.860033 11.4692
0.860941 -0.141586 0.488713 263.057 0.0809706 0.986404 0.143137 9.45751 -0.502326 -0.0836551 0.860684 12.6452
0.861198 -0.14321 0.4878 263.689 0.0816581 0.986028 0.145327 9.65119 -0.501785 -0.0853155 0.860847 13.7612
0.86172 -0.143973 0.486639 264.328 0.0819411 0.985821 0.146564 9.85074 -0.500831 -0.0864155 0.861283 14.9108
0.861888 -0.144994 0.486052 264.993 0.0823342 0.985571 0.148017 10.0577 -0.500489 -0.0875481 0.861378 16.0745
0.862349 -0.146032 0.484912 265.617 0.0831957 0.98538 0.148801 10.2408 -0.499543 -0.0879698 0.861875 17.202
0.862434 -0.143211 0.485613 266.247 0.0798623 0.985649 0.148853 10.4283 -0.49995 -0.0895864 0.861482 18.3413
0.862615 -0.144704 0.484837 266.905 0.0800023 0.985201 0.151709 10.6249 -0.499607 -0.0920723 0.86141 19.52
0.862805 -0.146877 0.483856 267.527 0.0805855 0.984612 0.155196 10.8196 -0.499194 -0.0949049 0.861351 20.6445
