1 0 0 0 0 1 0 0 0 0 1 0
0.999981 1.90343e-05 -0.00614163 -0.00993775 -1.82859e-05 1 0.000154486 -0.00166425 0.00614157 -0.000154348 0.999981 0.0939801
0.999915 7.41406e-05 -0.0130434 -0.0159393 -7.08121e-05 1 0.000254003 -0.00241625 0.0130434 -0.000253064 0.999915 0.188524
0.999793 0.000132267 -0.0203404 -0.0268684 -0.000124598 1 0.000386849 -0.00449454 0.0203405 -0.000384251 0.999794 0.285622
0.999572 0.000175141 -0.0292809 -0.0384605 -0.000162682 1 0.000427551 -0.00238084 0.029281 -0.000422632 0.999572 0.390245
0.999176 0.000175036 -0.0406041 -0.0516876 -0.000150917 1 0.000601809 -0.00222318 0.0406042 -0.000595188 0.999176 0.506515
0.998531 0.000206799 -0.0542082 -0.0728723 -0.000154088 1 0.000975493 -0.00578651 0.0542084 -0.000965729 0.998531 0.634182
0.997528 0.000159667 -0.0702849 -0.0941367 -7.00274e-05 0.999999 0.00128085 -0.00861875 0.0702851 -0.00127276 0.997527 0.772207
0.996066 -0.000463419 -0.0886302 -0.120228 0.000583079 0.999999 0.00132446 -0.00851441 0.0886295 -0.00137091 0.996065 0.916499
0.994098 -0.00067347 -0.108495 -0.147606 0.000843831 0.999998 0.00152594 -0.0124164 0.108494 -0.00160852 0.994097 1.08095
0.99144 -0.000760331 -0.130575 -0.18222 0.000974585 0.999998 0.00157736 -0.0115958 0.130574 -0.00169112 0.991439 1.24744
0.98799 -0.000483911 -0.15452 -0.232404 0.000723608 0.999998 0.00149601 -0.00636415 0.15452 -0.00158988 0.98799 1.41908
0.983679 -0.000409092 -0.17995 -0.287236 0.000709438 0.999999 0.00160489 -0.00371798 0.179949 -0.00170635 0.983676 1.59868
0.978369 -0.000481209 -0.206873 -0.349096 0.000910532 0.999998 0.00198105 -0.00553502 0.206872 -0.00212661 0.978368 1.78239
0.971696 -0.000275109 -0.236248 -0.41831 0.000896395 0.999996 0.00252266 -0.0135564 0.236247 -0.002663 0.971691 1.97515
0.963745 -0.00019647 -0.26683 -0.490789 0.000994086 0.999995 0.00285503 -0.0129852 0.266829 -0.00301682 0.963741 2.16597
0.954419 -0.000191917 -0.29848 -0.582607 0.00118853 0.999994 0.00315806 -0.0140228 0.298478 -0.00336879 0.954412 2.36595
0.943247 -6.32401e-05 -0.332097 -0.680525 0.00126416 0.999993 0.00340077 -0.0161818 0.332095 -0.00362764 0.943242 2.56264
0.930782 6.00922e-06 -0.365584 -0.779405 0.00134292 0.999993 0.00343612 -0.0125725 0.365583 -0.00368913 0.930774 2.75438
0.916969 0.000190506 -0.398962 -0.901168 0.00140269 0.999992 0.00370194 -0.0114824 0.39896 -0.00395416 0.916962 2.95567
0.901067 0.000482865 -0.433687 -1.02193 0.00146575 0.99999 0.00415923 -0.0163583 0.433685 -0.00438331 0.901056 3.15033
0.882844 0.00101251 -0.46967 -1.14542 0.00152747 0.999986 0.0050275 -0.0273506 0.469669 -0.00515589 0.88283 3.34253
0.86166 0.000893561 -0.507494 -1.28847 0.0020693 0.999984 0.0052745 -0.0348285 0.50749 -0.00559485 0.861643 3.54001
0.837104 0.000892341 -0.547047 -1.43882 0.00243714 0.999982 0.00536108 -0.0274095 0.547042 -0.00582104 0.837088 3.72507
0.808274 0.000776596 -0.588813 -1.62364 0.00274723 0.999983 0.00509016 -0.0164286 0.588808 -0.00573181 0.808257 3.90943
0.776139 0.00171515 -0.630564 -1.81476 0.00246777 0.999981 0.00575801 -0.0187902 0.630561 -0.00602518 0.77612 4.08736
0.740942 0.00225464 -0.671572 -2.01067 0.00263203 0.999977 0.00626126 -0.0241804 0.671571 -0.00640683 0.740918 4.25569
0.701282 0.0030668 -0.712882 -2.23591 0.00291577 0.99997 0.00717064 -0.0414106 0.712882 -0.00710742 0.701252 4.43699
0.659167 0.00305399 -0.751997 -2.46283 0.00341076 0.999969 0.00705099 -0.0422927 0.751996 -0.00721253 0.659135 4.60468
0.615312 0.00282166 -0.788283 -2.70661 0.00401226 0.999969 0.00671163 -0.035229 0.788277 -0.00729276 0.615282 4.7559
0.567009 0.00302455 -0.823712 -2.98567 0.00444669 0.999968 0.00673282 -0.0310582 0.823706 -0.00748026 0.566977 4.9191
0.516325 0.00350492 -0.85639 -3.27101 0.00467654 0.999965 0.00691228 -0.0290311 0.856384 -0.00757416 0.51629 5.05261
0.464513 0.00380188 -0.885564 -3.56451 0.00502706 0.999964 0.00693009 -0.024518 0.885558 -0.00767078 0.464476 5.17075
0.409194 0.00450375 -0.912441 -3.90017 0.00529752 0.99996 0.00731171 -0.0224897 0.912435 -0.00782579 0.409153 5.29234
0.355308 0.00524928 -0.93474 -4.23064 0.00559018 0.999955 0.00774052 -0.0169268 0.934738 -0.00797557 0.355262 5.37749
0.298967 0.00598783 -0.954249 -4.60407 0.00610833 0.999948 0.00818837 -0.0182947 0.954247 -0.00827723 0.298915 5.46991
0.245375 0.00657105 -0.969411 -4.98048 0.00657613 0.999943 0.00844271 -0.0205206 0.969412 -0.00844653 0.245317 5.5411
0.195443 0.00743342 -0.980692 -5.36312 0.00690711 0.999937 0.00895589 -0.0178308 0.980694 -0.00852439 0.195379 5.5924
0.146914 0.00754122 -0.989125 -5.78432 0.00697386 0.999939 0.00865976 -0.00400835 0.989131 -0.00817027 0.146852 5.63069
0.105095 0.00793637 -0.994436 -6.20294 0.00687814 0.999939 0.00870721 0.00111189 0.994441 -0.00775527 0.105034 5.64627
0.0655238 0.00875813 -0.997817 -6.65875 0.0068364 0.999935 0.0092259 0.00111797 0.997834 -0.007426 0.0654595 5.6558
0.0309482 0.00926006 -0.999485 -7.11848 0.00703388 0.999931 0.00948204 -0.00209069 0.9995 -0.00732398 0.030881 5.6546
0.000491868 0.00933596 -0.999961 -7.58175 0.00722354 0.999931 0.0093395 -0.00224244 0.99998 -0.00722788 0.000424436 5.64273
-0.0271391 0.00951955 -0.999593 -8.07966 0.0076538 0.999928 0.00931503 0.0043032 0.999606 -0.00739826 -0.0272099 5.61137
-0.0473695 0.00980345 -0.998835 -8.57929 0.00750703 0.999928 0.00945838 0.00672477 0.998856 -0.0070503 -0.0474394 5.57902
-0.0647047 0.0101638 -0.997859 -9.11539 0.00789019 0.999923 0.00967333 0.0106454 0.997877 -0.00724791 -0.0647799 5.53223
-0.0780746 0.0106946 -0.996896 -9.65312 0.00887258 0.999911 0.0100323 0.0115612 0.996915 -0.00806186 -0.0781622 5.48028
-0.0873141 0.0108952 -0.996127 -10.2029 0.0102751 0.999897 0.0100359 0.0114308 0.996131 -0.00935959 -0.0874172 5.42603
-0.0949015 0.0113012 -0.995428 -10.7839 0.0108094 0.999889 0.0103216 0.0102217 0.995435 -0.00978046 -0.0950128 5.36548
-0.0989138 0.0118863 -0.995031 -11.3609 0.010287 0.999888 0.0109218 0.0090526 0.995047 -0.00915618 -0.099025 5.3041
-0.100824 0.012565 -0.99483 -11.9708 0.00978772 0.999885 0.0116371 0.010558 0.994863 -0.0085638 -0.100935 5.24168
-0.0999828 0.0131495 -0.994909 -12.582 0.0110963 0.999866 0.0121001 0.0127183 0.994931 -0.00983058 -0.100115 5.18171
-0.0989343 0.0138026 -0.995004 -13.2306 0.012855 0.99984 0.0125917 0.0148827 0.995019 -0.011545 -0.0990955 5.11218
-0.0974161 0.0145077 -0.995145 -13.8776 0.0133345 0.999824 0.0132707 0.0134779 0.995158 -0.0119775 -0.0975923 5.04334
-0.0955595 0.0162097 -0.995299 -14.5285 0.014558 0.999786 0.0148852 -0.0079854 0.995326 -0.0130669 -0.0957746 4.97485
-0.0942543 0.0161716 -0.995424 -15.2163 0.0146506 0.999784 0.0148553 -0.00100292 0.995444 -0.013184 -0.0944708 4.90345
-0.0923172 0.0167687 -0.995595 -15.9072 0.0156469 0.999761 0.0153881 0.00833105 0.995616 -0.014157 -0.0925572 4.83981
-0.0905539 0.0173071 -0.995749 -16.6373 0.015912 0.999748 0.0159298 0.022448 0.995769 -0.0144025 -0.0908063 4.76646
-0.0885922 0.0179918 -0.995913 -17.3528 0.0160347 0.999736 0.0166346 0.0286071 0.995948 -0.0144952 -0.0888569 4.70464
-0.0869033 0.0194303 -0.996035 -18.0955 0.0155519 0.999716 0.0181453 0.0314745 0.996102 -0.013914 -0.0871806 4.63212
-0.0853383 0.0203919 -0.996151 -18.8526 0.0159276 0.999693 0.0191001 0.0335084 0.996234 -0.0142359 -0.0856366 4.56171
-0.0837293 0.0203119 -0.996289 -19.6058 0.015445 0.9997 0.0190835 0.0487653 0.996375 -0.0137904 -0.0840177 4.49553
-0.082585 0.0203221 -0.996386 -20.398 0.0143497 0.999715 0.0192007 0.0721236 0.996491 -0.0127118 -0.0828528 4.43037
-0.0813368 0.0211311 -0.996471 -21.1749 0.014529 0.999695 0.0200136 0.0861665 0.996588 -0.0128504 -0.0816189 4.3682
-0.0803583 0.021571 -0.996542 -21.9861 0.0142822 0.99969 0.0204875 0.105512 0.996674 -0.0125861 -0.0806413 4.3028
-0.0791525 0.020189 -0.996667 -22.7866 0.0139111 0.999721 0.0191463 0.138795 0.996773 -0.0123499 -0.0794113 4.23245
-0.0779056 0.0163569 -0.996837 -23.6007 0.0170217 0.999744 0.0150745 0.13306 0.996826 -0.0157932 -0.0781637 4.15844
-0.0786367 0.0156323 -0.996791 -24.4164 0.014872 0.999788 0.0145061 0.167303 0.996801 -0.0136845 -0.0788523 4.0976
-0.0786613 0.0148209 -0.996802 -25.2357 0.0136636 0.999815 0.0137877 0.201353 0.996819 -0.012535 -0.0788489 4.02492
-0.0798913 0.0216385 -0.996579 -26.0698 0.0123297 0.999713 0.0207182 0.221362 0.996736 -0.0106334 -0.080135 3.95535
-0.080243 0.0287879 -0.99637 -26.9103 0.0121649 0.99954 0.0279 0.239673 0.996712 -0.00988168 -0.080556 3.88451
-0.0794415 0.0347081 -0.996245 -27.75 0.0118636 0.999359 0.0338705 0.259086 0.996778 -0.00912948 -0.0798022 3.80658
-0.0802618 0.0350303 -0.996169 -28.5789 0.0109392 0.999357 0.0342613 0.285187 0.996725 -0.00814706 -0.080593 3.73129
-0.0798726 0.034515 -0.996218 -29.416 0.0107699 0.999376 0.0337609 0.312482 0.996756 -0.00803374 -0.0801941 3.65978
-0.0809581 0.0345628 -0.996129 -30.2405 0.0104465 0.999377 0.0338267 0.335646 0.996674 -0.0076671 -0.0812683 3.59197
-0.0810386 0.0352094 -0.9961 -31.0777 0.0104787 0.999354 0.034472 0.356874 0.996665 -0.00764544 -0.0813549 3.51676
-0.079844 0.0354866 -0.996187 -31.9138 0.0106531 0.999343 0.0347454 0.381981 0.996762 -0.00783793 -0.0801692 3.44193
-0.0808489 0.0355715 -0.996103 -32.7377 0.0104942 0.999342 0.0348355 0.404254 0.996681 -0.00763796 -0.0811687 3.37266
-0.0788214 0.0353102 -0.996275 -33.5632 0.0102794 0.999352 0.0346062 0.427546 0.996848 -0.00751298 -0.079133 3.30086
-0.0797228 0.0350841 -0.996212 -34.3875 0.0105471 0.999358 0.0343511 0.449466 0.996772 -0.0077698 -0.0800414 3.22852
-0.0793171 0.035812 -0.996217 -35.2131 0.0117783 0.999322 0.034986 0.462588 0.996792 -0.00895831 -0.0796849 3.15912
-0.0774324 0.0372468 -0.996315 -36.0454 0.0138655 0.99925 0.0362791 0.475543 0.996912 -0.0110063 -0.0778904 3.09117
-0.0787976 0.0434094 -0.995957 -36.8649 0.0136044 0.999009 0.0424662 0.494799 0.99681 -0.0102027 -0.0793098 3.02089
-0.0769308 0.0458886 -0.995993 -37.7112 0.0171565 0.998858 0.0446957 0.504366 0.9969 -0.0136503 -0.0776299 2.95814
-0.0779515 0.0475972 -0.995832 -38.5342 0.0195022 0.998746 0.0462099 0.520832 0.996779 -0.0158183 -0.0787816 2.89423
-0.0778528 0.0484159 -0.995802 -39.3598 0.0211215 0.998681 0.046905 0.53452 0.996753 -0.0173821 -0.0787724 2.82777
-0.0767515 0.0481541 -0.995899 -40.1823 0.0204966 0.998703 0.0467101 0.574851 0.996852 -0.0168269 -0.0776385 2.75599
-0.0771175 0.0480215 -0.995878 -41.0114 0.0195988 0.998724 0.0466414 0.614867 0.996841 -0.0159223 -0.0779599 2.67919
-0.0761627 0.0475396 -0.995975 -41.8287 0.020119 0.998738 0.046133 0.647021 0.996905 -0.0165238 -0.0770226 2.60714
-0.0767857 0.0473144 -0.995938 -42.6643 0.0199163 0.998751 0.045913 0.680108 0.996861 -0.016311 -0.0776318 2.53052
-0.0775204 0.0475577 -0.995869 -43.4885 0.0196971 0.998744 0.0461619 0.710033 0.996809 -0.0160367 -0.0783594 2.46163
-0.077865 0.0479378 -0.995825 -44.3009 0.0192364 0.998733 0.0465743 0.736733 0.99679 -0.0155307 -0.0786883 2.39423
-0.0792123 0.0477028 -0.99573 -45.124 0.0198386 0.998736 0.0462688 0.775086 0.996674 -0.0160882 -0.0800582 2.33413
-0.0802723 0.0501549 -0.995524 -45.944 0.0208115 0.998604 0.0486325 0.810042 0.996568 -0.0168157 -0.0812037 2.26183
-0.0820517 0.056068 -0.995064 -46.7699 0.0231253 0.998259 0.0543414 0.839859 0.996374 -0.0185516 -0.083205 2.19311
-0.0839281 0.0577743 -0.994809 -47.5836 0.0237765 0.998152 0.0559632 0.8847 0.996201 -0.0189573 -0.0851464 2.12418
-0.0848444 0.0586989 -0.994678 -48.3826 0.0241754 0.998094 0.0568387 0.920387 0.996115 -0.0192236 -0.0861013 2.0508
-0.086526 0.0577441 -0.994588 -49.1784 0.0248512 0.998135 0.0557887 0.962548 0.995952 -0.0198906 -0.0877995 1.97659
-0.0876929 0.0559562 -0.994589 -49.9763 0.0209959 0.998306 0.0543146 0.98687 0.99594 -0.0161186 -0.0887189 1.8937
-0.0885091 0.055403 -0.994547 -50.7615 0.0211392 0.998334 0.0537334 1.02546 0.995864 -0.0162691 -0.0895325 1.81438
-0.0901793 0.0555946 -0.994387 -51.5561 0.0209326 0.998329 0.0539173 1.06457 0.995719 -0.0159522 -0.091192 1.73457
-0.0903104 0.0562582 -0.994337 -52.3376 0.0207834 0.998295 0.0545951 1.10025 0.99571 -0.0157363 -0.0913252 1.65975
-0.09207 0.0562871 -0.994175 -53.1212 0.0210093 0.998291 0.0545751 1.13905 0.995545 -0.0158614 -0.093095 1.5782
-0.0926639 0.0565822 -0.994103 -53.8967 0.0208415 0.998278 0.0548779 1.18055 0.995493 -0.0156344 -0.0936832 1.50056
-0.0923099 0.0571555 -0.994104 -54.6689 0.0212661 0.99824 0.0554194 1.21809 0.995517 -0.0160242 -0.0933626 1.42804
-0.0934322 0.0573986 -0.993984 -55.4421 0.0214184 0.998224 0.0556309 1.26261 0.995409 -0.0160928 -0.0944952 1.35473
-0.0925535 0.0579585 -0.994035 -56.2073 0.0215093 0.99819 0.0561989 1.30818 0.995489 -0.0161788 -0.0936323 1.27738
-0.0938528 0.0589795 -0.993853 -56.9745 0.0215826 0.998132 0.0571962 1.34493 0.995367 -0.0160828 -0.0949499 1.20237
-0.0944237 0.0591113 -0.993792 -57.7237 0.021443 0.998127 0.0573327 1.38292 0.995315 -0.0158955 -0.0955141 1.12628
-0.0935519 0.0591371 -0.993872 -58.4607 0.0216754 0.99812 0.0573507 1.4178 0.995393 -0.0161781 -0.0946575 1.05095
-0.0951408 0.0592206 -0.993717 -59.1897 0.0222998 0.998107 0.0573481 1.45118 0.995229 -0.0167027 -0.0962811 0.980889
-0.0936177 0.0589935 -0.993875 -59.906 0.0237828 0.998092 0.0570046 1.47711 0.995339 -0.0183012 -0.0948417 0.908178
-0.0928061 0.0589365 -0.993955 -60.6135 0.0239886 0.998092 0.0569429 1.50916 0.99541 -0.0185581 -0.0940424 0.83923
-0.0905414 0.0589309 -0.994164 -61.2989 0.0250582 0.998068 0.0568812 1.53461 0.995592 -0.0197626 -0.0918429 0.768986
-0.0859618 0.0595602 -0.994533 -61.9633 0.0253612 0.998021 0.0575779 1.5609 0.99599 -0.0202721 -0.0873019 0.703823
-0.0807775 0.0604054 -0.994917 -62.6323 0.0250424 0.997972 0.0585586 1.59156 0.996433 -0.0201855 -0.0821261 0.649173
-0.0734046 0.0610637 -0.995448 -63.2698 0.0248464 0.997928 0.0593846 1.6227 0.997008 -0.0203733 -0.0747695 0.595605
-0.0649286 0.0621007 -0.995973 -63.9082 0.0245291 0.997861 0.0606204 1.64897 0.997604 -0.0204949 -0.0663129 0.548476
-0.0531572 0.0627689 -0.996629 -64.5255 0.0242185 0.997812 0.0615527 1.67595 0.998308 -0.0208639 -0.0545609 0.509106
-0.037892 0.0635668 -0.997276 -65.1222 0.0232537 0.997763 0.0627153 1.70501 0.999027 -0.0208145 -0.0392853 0.480176
-0.0197127 0.0644531 -0.997743 -65.7096 0.0221875 0.997705 0.0640132 1.72976 0.999574 -0.0208746 -0.0210975 0.463706
0.00205011 0.0651446 -0.997892 -66.2627 0.0208776 0.997658 0.0651733 1.76011 0.999796 -0.0209678 0.000685085 0.465092
0.0274634 0.0656979 -0.99748 -66.8077 0.0192842 0.99762 0.0662391 1.79278 0.999452 -0.0210536 0.026131 0.483138
0.0566987 0.0663548 -0.996202 -67.3201 0.0174925 0.997572 0.0674427 1.81891 0.998254 -0.0212504 0.0553999 0.519658
0.0903752 0.0666418 -0.993694 -67.815 0.0157289 0.997541 0.0683313 1.851 0.995799 -0.0218041 0.0891044 0.573762
0.12763 0.06721 -0.989562 -68.2903 0.0138229 0.997486 0.0695323 1.87904 0.991742 -0.0225533 0.126379 0.647431
0.167869 0.0677696 -0.983496 -68.7422 0.0117995 0.997427 0.0707443 1.90333 0.985754 -0.0234793 0.166636 0.74158
0.212511 0.0684226 -0.97478 -69.1868 0.00897372 0.997369 0.0719659 1.93493 0.977135 -0.0240412 0.211336 0.852742
0.259608 0.0681731 -0.963324 -69.6135 0.00898 0.997294 0.0729979 1.96672 0.965689 -0.0276002 0.258292 1.00062
0.308914 0.067301 -0.948726 -70.0247 0.00721732 0.997301 0.0730983 2.01157 0.951081 -0.0294286 0.307593 1.16455
0.35921 0.067865 -0.930807 -70.424 0.00335806 0.997255 0.0740064 2.04856 0.933268 -0.0297083 0.357994 1.35655
0.410774 0.0680964 -0.909213 -70.806 -0.000623708 0.99723 0.0744084 2.0851 0.911757 -0.029998 0.409676 1.55999
0.46098 0.0680934 -0.884817 -71.1827 -0.00436347 0.997217 0.0744709 2.12857 0.887419 -0.0304676 0.459992 1.79089
0.50889 0.0685601 -0.858121 -71.542 -0.00838304 0.997173 0.0747003 2.16522 0.860813 -0.0308206 0.508023 2.02965
0.553589 0.0695853 -0.829902 -71.8862 -0.0120672 0.997072 0.0755534 2.19252 0.832724 -0.0318098 0.552805 2.29598
0.597968 0.0663136 -0.798798 -72.2095 -0.00728915 0.996983 0.0773119 2.21058 0.801511 -0.0404074 0.596644 2.59016
0.639659 0.0656123 -0.765881 -72.5047 -0.0116917 0.997069 0.0756538 2.26604 0.768595 -0.0394369 0.638548 2.87778
0.681186 0.0653918 -0.729213 -72.8052 -0.0165911 0.997129 0.0739209 2.31191 0.73195 -0.0382554 0.680311 3.18308
0.721107 0.0594314 -0.690302 -73.0763 -0.0239658 0.997862 0.0608761 2.33993 0.692438 -0.0273534 0.720985 3.49382
0.760662 0.0595429 -0.646446 -73.3576 -0.0278349 0.997864 0.0591611 2.37772 0.648583 -0.0270078 0.76069 3.85246
0.797533 0.0599943 -0.600322 -73.6166 -0.0308562 0.997802 0.058725 2.4048 0.60252 -0.0283104 0.797625 4.22511
0.831574 0.060246 -0.552178 -73.8645 -0.0343622 0.997779 0.057118 2.43232 0.554389 -0.0285236 0.831792 4.63448
0.862415 0.0608798 -0.502572 -74.1069 -0.0389168 0.997782 0.0540872 2.47229 0.504745 -0.0270861 0.862866 5.08127
0.888264 0.061421 -0.455258 -74.3239 -0.0415004 0.997701 0.0536364 2.49687 0.457503 -0.0287495 0.888765 5.53963
0.909778 0.0660417 -0.409862 -74.5459 -0.0487807 0.997438 0.0524396 2.52471 0.41227 -0.0277142 0.910662 6.03342
0.927102 0.0674307 -0.368757 -74.7408 -0.0526628 0.997363 0.0499821 2.55825 0.371153 -0.0269183 0.928202 6.53147
0.940739 0.0698621 -0.331927 -74.9304 -0.0567221 0.997187 0.0491223 2.5853 0.334421 -0.0273827 0.942047 7.06433
0.951175 0.0707049 -0.300523 -75.1025 -0.0588372 0.997098 0.0483739 2.61142 0.303069 -0.0283296 0.952568 7.62838
0.958382 0.0716078 -0.276447 -75.2603 -0.0608749 0.997034 0.0472211 2.63765 0.279004 -0.0284263 0.95989 8.19087
0.96447 0.0720854 -0.254262 -75.4139 -0.0623688 0.996992 0.0460862 2.66768 0.256817 -0.0285901 0.966058 8.79065
0.968895 0.072797 -0.236629 -75.563 -0.06387 0.996941 0.0451817 2.69676 0.239191 -0.0286619 0.970572 9.39048
0.972473 0.0743811 -0.220935 -75.7108 -0.0662446 0.996835 0.0440265 2.72433 0.223509 -0.0281782 0.974315 10.0137
0.975637 0.0750056 -0.206291 -75.8537 -0.0674749 0.996787 0.043307 2.7483 0.208873 -0.0283317 0.977554 10.6596
0.978284 0.0742835 -0.193627 -75.9796 -0.0673432 0.996841 0.0421957 2.77151 0.196148 -0.0282392 0.980188 11.3032
0.980922 0.0743893 -0.179741 -76.1004 -0.0680639 0.99684 0.0411092 2.79764 0.182228 -0.0280902 0.982877 11.9753
0.983605 0.0744005 -0.164427 -76.2196 -0.0686735 0.99683 0.0402572 2.82282 0.1669 -0.0283045 0.985589 12.6764
0.985753 0.0747099 -0.150861 -76.3323 -0.0695193 0.996809 0.0393925 2.85032 0.15332 -0.0283426 0.987792 13.3769
0.987672 0.0752705 -0.137438 -76.4367 -0.0707504 0.996792 0.0374939 2.87516 0.139818 -0.0273071 0.989822 14.1056
0.989002 0.0758089 -0.12719 -76.5326 -0.0717852 0.996779 0.0359241 2.90434 0.129501 -0.0263978 0.991249 14.8168
0.990165 0.0760601 -0.117644 -76.6223 -0.0727035 0.996825 0.0325762 2.90684 0.119747 -0.0237019 0.992543 15.5567
0.991126 0.0760769 -0.109232 -76.7106 -0.0728719 0.9968 0.0330354 2.92638 0.111394 -0.0247814 0.993489 16.3219
0.991851 0.0759246 -0.102568 -76.7917 -0.0726107 0.996725 0.0356793 2.94557 0.10494 -0.0279401 0.994107 17.0736
0.992239 0.0783007 -0.096864 -76.8724 -0.0744102 0.996301 0.0431381 2.97435 0.0998814 -0.0355946 0.994385 17.8434
0.992692 0.0782571 -0.092154 -76.9537 -0.0744561 0.996257 0.0439984 3.00207 0.0952518 -0.0368144 0.994794 18.6145
0.993003 0.077861 -0.0890781 -77.0235 -0.0741635 0.996278 0.0440831 3.02795 0.0921771 -0.0371672 0.995072 19.3714
0.993273 0.0781556 -0.0857586 -77.0955 -0.074587 0.996244 0.0440699 3.05636 0.0888804 -0.0373759 0.995362 20.143
0.99352 0.077775 -0.0832029 -77.1621 -0.0742145 0.996231 0.0450535 3.07864 0.0863917 -0.0385855 0.995537 20.9008
0.9938 0.0766867 -0.0808368 -77.223 -0.0731786 0.996283 0.0455149 3.10618 0.0840264 -0.0393161 0.995709 21.6705
0.994174 0.075646 -0.0771336 -77.2849 -0.0722434 0.996333 0.0459794 3.13318 0.0803274 -0.0401378 0.995983 22.4423
0.994308 0.0757847 -0.0752619 -77.3426 -0.0725009 0.996336 0.0454616 3.16211 0.0784312 -0.0397451 0.996149 23.2001
0.99416 0.0792462 -0.0736242 -77.4098 -0.0766054 0.996343 0.0380143 3.1892 0.076366 -0.032151 0.996585 23.9489
0.99422 0.0801764 -0.0717873 -77.472 -0.0780301 0.996434 0.0322344 3.21564 0.0741154 -0.0264454 0.996921 24.7059
0.994246 0.0806422 -0.0709049 -77.5272 -0.07866 0.996447 0.0303069 3.23849 0.0730957 -0.024554 0.997047 25.4568
0.994371 0.0815977 -0.0680009 -77.5894 -0.0795398 0.996308 0.0324543 3.25112 0.0703977 -0.0268618 0.99718 26.223
0.994514 0.081367 -0.0661597 -77.6447 -0.0793065 0.996304 0.0331834 3.2745 0.0686141 -0.0277531 0.997281 26.9747
0.994661 0.0815595 -0.0636832 -77.7045 -0.0795106 0.996256 0.0340852 3.29981 0.0662244 -0.0288387 0.997411 27.7355
0.994896 0.0808158 -0.0608867 -77.75 -0.078743 0.996262 0.0356917 3.31907 0.0635425 -0.0307137 0.99753 28.4901
0.994975 0.0804468 -0.0600853 -77.7918 -0.0783361 0.996256 0.0367085 3.34814 0.0628131 -0.0318161 0.997541 29.2387
0.995194 0.0791837 -0.0581079 -77.8385 -0.0771486 0.996359 0.0364522 3.3723 0.0607817 -0.0317926 0.997669 29.9886
0.995227 0.0788577 -0.0579922 -77.8823 -0.0768416 0.99639 0.0362252 3.40332 0.0606392 -0.031595 0.997683 30.7385
0.995336 0.078265 -0.0569072 -77.9268 -0.0762858 0.996437 0.0361414 3.4267 0.0595321 -0.0316301 0.99775 31.4932
0.995487 0.0774401 -0.0553872 -77.9756 -0.0754803 0.996479 0.0366576 3.44662 0.0580306 -0.0323103 0.997816 32.2506
0.995469 0.0776504 -0.0553955 -78.0216 -0.0756866 0.996462 0.0366948 3.47445 0.058048 -0.0323343 0.997815 33.0225
0.99546 0.0778795 -0.0552605 -78.0705 -0.0759003 0.996432 0.0370689 3.49527 0.0579499 -0.0327052 0.997808 33.7952
0.995467 0.0772906 -0.0559484 -78.1161 -0.0752808 0.996475 0.0371673 3.52052 0.0586231 -0.0327853 0.997767 34.5671
0.99533 0.0771086 -0.0585859 -78.1628 -0.0749746 0.996474 0.0378076 3.54161 0.0612942 -0.0332375 0.997591 35.3567
0.995212 0.0768819 -0.0608288 -78.216 -0.0746535 0.996488 0.0380836 3.5683 0.0635422 -0.0333584 0.997447 36.1337
0.994979 0.0769765 -0.0644331 -78.2803 -0.074603 0.996476 0.038484 3.5935 0.067168 -0.0334825 0.997205 36.9284
0.994823 0.0769117 -0.0668549 -78.3439 -0.074326 0.996424 0.0403301 3.60959 0.0697167 -0.0351505 0.996973 37.7236
0.994672 0.0772849 -0.0686708 -78.4083 -0.0746403 0.996402 0.0402928 3.6352 0.0715373 -0.0349512 0.996851 38.5143
0.994511 0.0769499 -0.0713202 -78.4742 -0.0741197 0.996391 0.0415051 3.65413 0.0742555 -0.0359892 0.996615 39.3325
0.994447 0.0762874 -0.0729173 -78.5409 -0.0733285 0.996409 0.0424466 3.68288 0.075893 -0.0368626 0.99646 40.1398
0.994227 0.0765711 -0.075563 -78.6069 -0.0734663 0.996374 0.043039 3.71029 0.0785835 -0.0372373 0.996238 40.9765
0.994079 0.0769621 -0.0771053 -78.6776 -0.0737631 0.99633 0.0435284 3.73419 0.0801718 -0.0375817 0.996099 41.8071
0.994093 0.0768937 -0.0769945 -78.7487 -0.0735534 0.996267 0.0453107 3.76765 0.0801899 -0.039378 0.996028 42.633
0.993987 0.0766603 -0.0785828 -78.8225 -0.0728602 0.996085 0.0501536 3.79672 0.0821193 -0.044125 0.995672 43.4912
0.994087 0.076519 -0.0774394 -78.8986 -0.0725745 0.995985 0.0525211 3.82559 0.081146 -0.0465884 0.99564 44.3416
0.994211 0.0776627 -0.0746666 -78.9732 -0.0738439 0.995885 0.0526295 3.86848 0.078446 -0.0468097 0.995845 45.1923
0.994241 0.0781455 -0.0737639 -79.048 -0.0743599 0.995842 0.0527346 3.89898 0.0775766 -0.0469439 0.995908 46.0593
0.994469 0.0780453 -0.0707372 -79.1154 -0.0744134 0.995844 0.0526183 3.93476 0.074549 -0.047062 0.996132 46.9138
0.994594 0.0776524 -0.0694046 -79.1792 -0.074071 0.995862 0.0527578 3.97039 0.0732127 -0.0473296 0.99622 47.7922
0.99469 0.0780456 -0.0675604 -79.2414 -0.0745509 0.995824 0.0528064 4.01213 0.0713986 -0.0474878 0.996343 48.6633
0.994856 0.0776553 -0.0655543 -79.3034 -0.0741893 0.995801 0.0537404 4.05469 0.0694508 -0.0485985 0.996428 49.5275
0.995017 0.0754524 -0.0656658 -79.3609 -0.0718211 0.995848 0.056025 4.08901 0.0696196 -0.0510282 0.996294 50.4031
0.995076 0.076065 -0.0640593 -79.4247 -0.0724965 0.995785 0.0562936 4.12199 0.0680697 -0.0513702 0.996386 51.2734
0.994961 0.0775232 -0.0640929 -79.4864 -0.0740331 0.995735 0.0551606 4.16876 0.0680949 -0.0501362 0.996445 52.1295
0.994852 0.0795055 -0.063366 -79.5518 -0.0761016 0.99562 0.0544251 4.21082 0.0674141 -0.0493206 0.996534 52.9864
0.994911 0.0806525 -0.0609342 -79.6102 -0.0774044 0.995545 0.0539243 4.25444 0.0650111 -0.0489317 0.996711 53.8417
0.994711 0.0827171 -0.0614176 -79.6714 -0.0796986 0.995568 0.0500592 4.30508 0.0652846 -0.0448975 0.996886 54.6898
0.994793 0.0828988 -0.0598322 -79.7294 -0.0799854 0.995568 0.0495641 4.34683 0.0636751 -0.0445188 0.997004 55.5395
0.994992 0.0804478 -0.0598554 -79.7812 -0.0771217 0.995458 0.055934 4.38094 0.0640818 -0.0510356 0.996669 56.3885
0.994948 0.0811371 -0.0596798 -79.8372 -0.0773011 0.994956 0.0640162 4.42209 0.064572 -0.0590778 0.99619 57.2485
0.994958 0.0810472 -0.0595999 -79.9021 -0.0767226 0.994486 0.0715698 4.46466 0.0650703 -0.0666339 0.995684 58.1041
0.994776 0.0808409 -0.0628649 -79.9556 -0.0763037 0.994522 0.0715194 4.51271 0.0683013 -0.0663471 0.995484 58.9327
0.994691 0.080691 -0.0643425 -80.0076 -0.0760187 0.994508 0.0720161 4.56243 0.0697986 -0.0667402 0.995357 59.7666
0.99446 0.0811583 -0.0673108 -80.067 -0.0762455 0.994447 0.0726125 4.62112 0.0728293 -0.0670762 0.995114 60.5849
0.994161 0.0826134 -0.0698575 -80.1328 -0.077525 0.994346 0.0726472 4.67627 0.0754624 -0.066805 0.994939 61.4081
0.993779 0.0845822 -0.0729168 -80.2052 -0.0794205 0.994315 0.0710115 4.73304 0.0785076 -0.0647767 0.994835 62.2276
0.993371 0.0847589 -0.0780549 -80.2732 -0.0792291 0.994302 0.0713986 4.78926 0.0836598 -0.0647386 0.994421 63.0297
0.993154 0.0849566 -0.0806008 -80.3465 -0.0792361 0.994279 0.0717121 4.84645 0.0862312 -0.0648327 0.994192 63.8426
0.992802 0.0853618 -0.084376 -80.4246 -0.0793258 0.994215 0.0724668 4.90728 0.090072 -0.0652494 0.993828 64.6367
0.99249 0.0855917 -0.087796 -80.5053 -0.0792287 0.994143 0.0735797 4.95809 0.0935787 -0.0660691 0.993446 65.4408
0.99216 0.0864211 -0.0906303 -80.5877 -0.0795795 0.993889 0.0765591 5.00346 0.0966909 -0.0687439 0.99297 66.2523
0.99167 0.0869778 -0.0953658 -80.672 -0.0790749 0.993351 0.083744 5.0543 0.102015 -0.0755034 0.991942 67.0462
0.991256 0.0880111 -0.0986322 -80.7551 -0.0795573 0.993067 0.0865881 5.09656 0.105567 -0.0779813 0.991382 67.8449
0.990422 0.0891743 -0.105744 -80.8439 -0.0800361 0.992929 0.0877349 5.15515 0.112819 -0.0784292 0.990545 68.6181
0.989933 0.0876392 -0.111424 -80.9366 -0.0777844 0.992913 0.0899083 5.2054 0.118511 -0.0803333 0.989731 69.4056
0.989093 0.0892678 -0.117454 -81.0353 -0.0788127 0.992746 0.0908487 5.26641 0.124711 -0.0805991 0.988943 70.19
0.988146 0.0907481 -0.124078 -81.1448 -0.0797052 0.992639 0.0912399 5.33954 0.131442 -0.0802658 0.988103 70.9543
0.987279 0.092115 -0.129866 -81.2584 -0.0805623 0.992539 0.0915826 5.40543 0.137333 -0.0799533 0.987322 71.7203
0.986559 0.0925076 -0.134933 -81.371 -0.0804741 0.9925 0.092065 5.46906 0.142435 -0.0799661 0.986602 72.4826
0.985494 0.0941878 -0.141429 -81.4902 -0.0814351 0.992296 0.0934164 5.53271 0.149137 -0.0805419 0.985561 73.2425
0.984851 0.0960372 -0.144603 -81.6124 -0.0825266 0.991891 0.0967008 5.59162 0.152715 -0.0832993 0.984788 74.007
0.983661 0.0978703 -0.151342 -81.7387 -0.0832633 0.9915 0.100031 5.65171 0.159845 -0.0857933 0.983438 74.7737
0.982712 0.0975163 -0.157586 -81.8658 -0.082165 0.991476 0.101164 5.72379 0.166105 -0.0864639 0.982345 75.5272
0.981752 0.0970523 -0.163754 -81.9939 -0.081516 0.99174 0.0990857 5.79156 0.172017 -0.0839268 0.981544 76.2736
0.980004 0.0972262 -0.173802 -82.128 -0.0811838 0.991958 0.0971533 5.85935 0.181848 -0.0810975 0.980013 77.0136
0.978586 0.0963193 -0.182115 -82.2727 -0.079784 0.992179 0.0960603 5.93585 0.189941 -0.0794711 0.978607 77.7435
0.976399 0.0968899 -0.193198 -82.4171 -0.0787904 0.99194 0.0992763 6.00228 0.201257 -0.0817079 0.976161 78.48
0.974264 0.0965274 -0.203882 -82.572 -0.0758446 0.991374 0.106952 6.07955 0.212446 -0.0887335 0.973169 79.2134
0.97208 0.09644 -0.21408 -82.7376 -0.072903 0.990663 0.115255 6.17222 0.223193 -0.0964269 0.97003 79.9395
0.969456 0.0954546 -0.226097 -82.9085 -0.0698793 0.990491 0.118558 6.24536 0.235262 -0.0991351 0.966897 80.6669
0.966743 0.0964796 -0.237005 -83.0942 -0.0705112 0.990783 0.115719 6.32674 0.245981 -0.0951551 0.964629 81.366
0.963554 0.0943736 -0.250467 -83.2837 -0.0691931 0.991797 0.107526 6.40023 0.258559 -0.0862746 0.962169 82.0666
0.960276 0.0934003 -0.263096 -83.4814 -0.0673435 0.992048 0.10639 6.47749 0.270937 -0.0844428 0.958923 82.7668
0.957227 0.0936517 -0.273902 -83.6891 -0.0650774 0.991623 0.111634 6.55809 0.28206 -0.0890317 0.955291 83.469
0.953727 0.0934864 -0.285897 -83.9095 -0.0615573 0.991025 0.118715 6.63604 0.294426 -0.095619 0.950917 84.1879
0.950049 0.0940515 -0.297722 -84.1396 -0.0588741 0.990413 0.125016 6.71308 0.306623 -0.10124 0.946467 84.8975
0.946454 0.0953578 -0.308551 -84.3722 -0.0575438 0.989924 0.129432 6.7969 0.31778 -0.104742 0.9424 85.5893
0.942195 0.0949752 -0.321448 -84.6155 -0.0552697 0.989915 0.13049 6.88873 0.330598 -0.105178 0.93793 86.2885
0.939438 0.0926762 -0.330063 -84.8617 -0.0536308 0.990648 0.125517 6.98484 0.338604 -0.10021 0.935617 86.9709
0.936209 0.090829 -0.339622 -85.1171 -0.0522401 0.991272 0.12111 7.07318 0.347655 -0.0956402 0.93277 87.6658
0.933532 0.0907711 -0.346919 -85.3835 -0.0513399 0.991304 0.121228 7.16107 0.354901 -0.0953553 0.930068 88.3602
0.930935 0.091506 -0.353651 -85.6619 -0.0511463 0.991238 0.121853 7.25592 0.361699 -0.0953469 0.927445 89.0478
0.927473 0.093192 -0.362195 -85.9421 -0.050968 0.990924 0.124454 7.33797 0.370501 -0.0969633 0.923797 89.748
0.924734 0.0952549 -0.368614 -86.2223 -0.0495384 0.990075 0.131582 7.43135 0.377486 -0.103415 0.920262 90.4363
0.921453 0.0977358 -0.376097 -86.519 -0.0476786 0.988984 0.140197 7.52081 0.38565 -0.111249 0.915954 91.1412
0.918558 0.10363 -0.381571 -86.8227 -0.0517044 0.988243 0.143936 7.61798 0.391998 -0.112481 0.913105 91.836
0.916086 0.109716 -0.38578 -87.1307 -0.0566671 0.987622 0.146322 7.7207 0.397052 -0.112178 0.910956 92.5177
0.913061 0.109778 -0.392879 -87.4342 -0.0590635 0.988543 0.138962 7.82545 0.403629 -0.103673 0.909071 93.2054
0.911908 0.105964 -0.396577 -87.7316 -0.0563046 0.989272 0.134865 7.9161 0.406607 -0.100651 0.908084 93.8902
0.909781 0.106659 -0.401258 -88.0444 -0.0562607 0.989203 0.135388 8.02053 0.411362 -0.100595 0.905946 94.5838
0.907529 0.11008 -0.405404 -88.3682 -0.0576574 0.988571 0.139362 8.13218 0.416105 -0.103097 0.903496 95.2772
0.905558 0.111295 -0.409471 -88.6909 -0.0569815 0.988152 0.142573 8.22718 0.420483 -0.105772 0.901157 95.9672
0.903088 0.109267 -0.415419 -89.011 -0.0540867 0.988342 0.142387 8.33574 0.426128 -0.106115 0.898462 96.6639
0.901284 0.108737 -0.419468 -89.3393 -0.0548634 0.988856 0.138465 8.44161 0.429845 -0.10178 0.897192 97.3422
0.898759 0.105931 -0.42555 -89.672 -0.0536761 0.989671 0.132998 8.54149 0.435236 -0.096687 0.895155 98.0291
0.896594 0.105459 -0.430219 -90.0111 -0.0524505 0.989696 0.133302 8.65187 0.439839 -0.0969495 0.892873 98.7142
0.895211 0.106458 -0.432835 -90.3543 -0.0512198 0.989204 0.137371 8.75038 0.44278 -0.100801 0.890992 99.4019
0.892873 0.107071 -0.437499 -90.7005 -0.0500527 0.988912 0.139879 8.84907 0.447621 -0.102993 0.888318 100.091
0.890823 0.106479 -0.441791 -91.0431 -0.0482684 0.988841 0.141004 8.94893 0.451869 -0.10428 0.886015 100.759
0.888392 0.106957 -0.446555 -91.377 -0.0478947 0.988781 0.141553 9.04884 0.456681 -0.104363 0.883534 101.422
0.886301 0.106668 -0.450751 -91.7204 -0.0467023 0.988751 0.142159 9.14968 0.460837 -0.104939 0.881305 102.091
0.884531 0.10627 -0.454316 -92.0633 -0.0454696 0.988723 0.142756 9.25556 0.464359 -0.10561 0.879374 102.743
0.882188 0.106012 -0.458901 -92.4175 -0.0440286 0.988643 0.143755 9.35781 0.468923 -0.106609 0.876829 103.413
0.880048 0.106273 -0.462939 -92.7687 -0.0434787 0.988588 0.144297 9.4605 0.472987 -0.106857 0.874613 104.057
0.877413 0.106868 -0.467773 -93.1264 -0.0430031 0.988481 0.145173 9.56247 0.477892 -0.107256 0.871894 104.713
0.875046 0.107367 -0.472079 -93.4814 -0.0426242 0.988405 0.145797 9.67248 0.482255 -0.107453 0.869464 105.352
0.873144 0.108046 -0.475427 -93.8309 -0.0428555 0.988378 0.145919 9.77832 0.48566 -0.107028 0.867619 105.976
0.871224 0.108169 -0.478917 -94.1965 -0.0410118 0.988062 0.148566 9.87308 0.489265 -0.109789 0.865245 106.627
0.869626 0.110366 -0.481308 -94.5547 -0.0387157 0.986951 0.156366 9.96884 0.492277 -0.117341 0.862542 107.256
0.868946 0.108962 -0.482858 -94.9029 -0.033333 0.986148 0.162557 10.0511 0.493877 -0.125154 0.860527 107.875
0.867197 0.108514 -0.486089 -95.2589 -0.0308805 0.985823 0.164987 10.144 0.497094 -0.12806 0.858244 108.497
0.865838 0.108296 -0.488559 -95.5943 -0.0292291 0.98559 0.166676 10.2425 0.499563 -0.13003 0.856512 109.08
0.863687 0.108048 -0.492403 -95.9302 -0.02805 0.985557 0.167067 10.3617 0.503335 -0.130476 0.854234 109.658
0.861902 0.10822 -0.495487 -96.2611 -0.0273892 0.985485 0.167606 10.4673 0.506428 -0.130885 0.852341 110.219
0.860912 0.108473 -0.497147 -96.5872 -0.026754 0.985321 0.168664 10.5638 0.508137 -0.131898 0.851167 110.765
0.859447 0.108566 -0.499659 -96.9039 -0.0261891 0.985272 0.16904 10.6622 0.510647 -0.132191 0.849618 111.302
0.858476 0.108199 -0.501401 -97.2113 -0.025023 0.985179 0.169759 10.7587 0.512329 -0.133181 0.848451 111.81
0.857098 0.108348 -0.503725 -97.5119 -0.0241571 0.985025 0.170776 10.85 0.51468 -0.134199 0.846865 112.308
0.85586 0.108592 -0.505769 -97.8014 -0.0234654 0.98487 0.171755 10.933 0.516761 -0.135124 0.845451 112.787
0.854869 0.108577 -0.50745 -98.076 -0.0226149 0.984742 0.172612 11.0147 0.518444 -0.13608 0.844266 113.236
0.853361 0.109127 -0.509862 -98.3428 -0.0224022 0.984633 0.173255 11.104 0.520925 -0.136421 0.842683 113.672
0.852418 0.11009 -0.511237 -98.5972 -0.0231958 0.984598 0.173356 11.1911 0.522442 -0.135908 0.841827 114.077
0.850302 0.11285 -0.514145 -98.8449 -0.0250886 0.984337 0.174566 11.2801 0.525784 -0.135529 0.839805 114.471
0.848039 0.113879 -0.517649 -99.0761 -0.0252586 0.98423 0.175151 11.3611 0.529426 -0.135456 0.837527 114.848
0.845732 0.113764 -0.521431 -99.2969 -0.0240869 0.984167 0.175661 11.4366 0.533151 -0.135996 0.835072 115.207
0.842462 0.113805 -0.526694 -99.5172 -0.0228049 0.984107 0.17617 11.5186 0.538366 -0.136401 0.831654 115.549
0.838791 0.114247 -0.532422 -99.7325 -0.0218203 0.98402 0.176781 11.5969 0.544102 -0.136658 0.82787 115.869
0.835534 0.117845 -0.536746 -99.9423 -0.0215243 0.983015 0.182326 11.6778 0.549109 -0.140782 0.823864 116.168
0.83157 0.122424 -0.541849 -100.146 -0.0213998 0.981759 0.188979 11.7474 0.555092 -0.145547 0.819012 116.463
0.827293 0.123743 -0.548064 -100.336 -0.019005 0.981061 0.192826 11.8039 0.561539 -0.149103 0.813962 116.739
0.821842 0.124071 -0.556129 -100.517 -0.01646 0.980778 0.19449 11.8497 0.56956 -0.15068 0.808077 117.004
0.815371 0.124201 -0.565549 -100.687 -0.0139895 0.980675 0.195205 11.905 0.578857 -0.151247 0.801337 117.244
0.807323 0.124257 -0.576965 -100.854 -0.0110358 0.980604 0.195749 11.9597 0.590087 -0.151658 0.793026 117.462
0.797595 0.124512 -0.590287 -101.017 -0.00784784 0.980538 0.196232 12.0135 0.603225 -0.151876 0.783036 117.667
0.786225 0.124683 -0.605313 -101.182 -0.00422935 0.98051 0.19648 12.0645 0.618003 -0.15191 0.77142 117.85
0.773088 0.124653 -0.622011 -101.34 2.51007e-05 0.980509 0.196535 12.1062 0.634379 -0.15195 0.758003 118.025
0.75872 0.122952 -0.639786 -101.49 0.00241354 0.981503 0.191491 12.147 0.651486 -0.146825 0.74438 118.182
0.744746 0.118334 -0.65685 -101.64 0.00787289 0.982541 0.185941 12.1803 0.667378 -0.143645 0.730798 118.325
0.729325 0.119576 -0.673711 -101.8 0.00795073 0.983074 0.183097 12.2066 0.684192 -0.138886 0.71602 118.469
0.714187 0.119798 -0.689701 -101.96 0.0119957 0.983019 0.183173 12.2489 0.699925 -0.139088 0.700609 118.6
0.698226 0.120109 -0.7058 -102.124 0.0157631 0.983019 0.182885 12.2863 0.715771 -0.138813 0.684468 118.724
0.680185 0.120459 -0.723146 -102.288 0.020461 0.982915 0.182981 12.3167 0.732824 -0.139252 0.666087 118.863
0.661115 0.120645 -0.74059 -102.453 0.0253258 0.982849 0.182724 12.3536 0.749922 -0.13955 0.646712 118.991
0.640315 0.120906 -0.758604 -102.622 0.0304458 0.982776 0.182338 12.3934 0.767575 -0.139845 0.625594 119.105
0.617066 0.121093 -0.777604 -102.801 0.0360139 0.982721 0.181619 12.4373 0.786149 -0.140068 0.602034 119.218
0.593149 0.124155 -0.795526 -102.985 0.0392184 0.982422 0.182569 12.4794 0.8042 -0.139485 0.577843 119.326
0.568827 0.124392 -0.813059 -103.172 0.0447282 0.982367 0.181593 12.5193 0.821299 -0.139654 0.553226 119.424
0.544018 0.125812 -0.829649 -103.365 0.0483729 0.982361 0.180693 12.5643 0.837738 -0.138428 0.528326 119.517
0.517821 0.12609 -0.846207 -103.551 0.0540478 0.982294 0.179447 12.6014 0.853836 -0.138649 0.501831 119.603
0.491284 0.126418 -0.861836 -103.749 0.059632 0.98222 0.178074 12.6358 0.869015 -0.138873 0.475001 119.684
0.462704 0.126535 -0.877495 -103.948 0.0654831 0.982192 0.176167 12.6645 0.884145 -0.138967 0.446172 119.762
0.431091 0.126093 -0.893512 -104.149 0.0714528 0.98232 0.173103 12.7019 0.899532 -0.138462 0.414451 119.83
0.397939 0.126268 -0.908739 -104.39 0.0777561 0.982289 0.170543 12.7423 0.914164 -0.138518 0.381068 119.903
0.36062 0.126692 -0.924124 -104.627 0.0847851 0.98219 0.167742 12.7795 0.928907 -0.138838 0.343448 119.964
0.320448 0.127125 -0.938754 -104.9 0.092136 0.982085 0.164449 12.8193 0.942827 -0.139183 0.302989 120.026
0.278212 0.127304 -0.9521 -105.189 0.09942 0.98205 0.160364 12.863 0.955414 -0.139267 0.260556 120.079
0.232349 0.127542 -0.96429 -105.484 0.106787 0.982039 0.155626 12.9046 0.966803 -0.139125 0.214552 120.114
0.184066 0.127905 -0.97461 -105.805 0.114598 0.981955 0.150516 12.9491 0.976263 -0.139387 0.166083 120.142
0.134926 0.128068 -0.982599 -106.139 0.122205 0.981903 0.144763 12.9931 0.98334 -0.139604 0.116831 120.153
0.0843903 0.128604 -0.988152 -106.478 0.12986 0.981771 0.138868 13.0351 0.987986 -0.140035 0.0661488 120.146
0.0318294 0.129213 -0.991161 -106.847 0.137469 0.98163 0.132391 13.0784 0.990043 -0.14046 0.0134803 120.134
-0.0202113 0.129806 -0.991385 -107.208 0.144673 0.981492 0.125564 13.1172 0.989323 -0.140884 -0.0386174 120.092
-0.0737107 0.130486 -0.988762 -107.599 0.151928 0.981312 0.118183 13.1559 0.985688 -0.141501 -0.092158 120.04
-0.126228 0.130913 -0.983377 -107.988 0.158327 0.981218 0.110306 13.1966 0.979335 -0.141766 -0.144584 119.961
-0.176237 0.131299 -0.975608 -108.381 0.164129 0.981121 0.102398 13.2349 0.970618 -0.142071 -0.194458 119.852
-0.22575 0.131929 -0.965264 -108.802 0.169476 0.98101 0.094448 13.2695 0.959382 -0.142261 -0.243819 119.727
-0.273945 0.132472 -0.952636 -109.229 0.174403 0.980901 0.0862569 13.3018 0.945851 -0.142504 -0.291814 119.583
-0.320825 0.132942 -0.937817 -109.661 0.178855 0.980802 0.0778532 13.3326 0.930151 -0.142751 -0.338439 119.418
-0.365207 0.133633 -0.921344 -110.109 0.182815 0.98068 0.0697805 13.3613 0.912852 -0.142943 -0.382578 119.217
-0.406383 0.134908 -0.903746 -110.554 0.187635 0.980294 0.0619657 13.3843 0.894285 -0.144386 -0.423682 118.993
-0.445956 0.135271 -0.884836 -111.017 0.1904 0.980238 0.0539007 13.4104 0.874625 -0.144427 -0.462894 118.738
-0.480122 0.135779 -0.86669 -111.479 0.192704 0.980152 0.0468054 13.4303 0.855831 -0.144537 -0.49675 118.456
-0.508195 0.136 -0.850501 -111.944 0.193938 0.980175 0.0408592 13.4484 0.83918 -0.144172 -0.52449 118.149
-0.531859 0.135913 -0.835918 -112.429 0.194638 0.980243 0.0355432 13.4644 0.824222 -0.143791 -0.547796 117.815
-0.549208 0.135936 -0.824623 -112.918 0.195019 0.980298 0.0317212 13.4758 0.812673 -0.143388 -0.564892 117.466
-0.563721 0.136284 -0.814709 -113.425 0.195567 0.980283 0.0286666 13.4875 0.802541 -0.143164 -0.57925 117.097
-0.574506 0.136998 -0.807022 -113.938 0.195993 0.980249 0.026888 13.4994 0.794751 -0.142715 -0.590003 116.718
-0.584815 0.137531 -0.79949 -114.464 0.196394 0.980219 0.024965 13.5156 0.787098 -0.142409 -0.600248 116.318
-0.592714 0.138357 -0.79351 -114.998 0.196886 0.980149 0.0238435 13.5296 0.781042 -0.14209 -0.608181 115.905
-0.598739 0.138717 -0.788909 -115.538 0.197062 0.980138 0.0227868 13.5432 0.77639 -0.141814 -0.614173 115.474
-0.604778 0.138934 -0.784252 -116.092 0.19698 0.980178 0.021749 13.5551 0.771714 -0.141321 -0.62015 115.031
-0.608543 0.139386 -0.781253 -116.66 0.19715 0.980154 0.0213113 13.5664 0.768707 -0.141048 -0.623936 114.58
