1 0 0 0 0 1 0 0 0 0 1 0
0.999035 -0.000181359 0.0439331 0.0339843 0.000143378 1 0.000867807 -0.00572066 -0.0439331 -0.000860662 0.999035 0.999401
0.995895 -0.000258253 0.0905166 0.114822 7.42972e-05 0.999998 0.00203542 -0.0194618 -0.090517 -0.0020202 0.995893 2.02263
0.990861 -0.000742834 0.13489 0.237856 0.00108584 0.999997 -0.00246925 -0.0399862 -0.134887 0.00259304 0.990859 2.98141
0.983157 0.00433301 0.182714 0.390711 -0.00314151 0.999973 -0.00681008 -0.0712598 -0.182739 0.00612154 0.983144 3.98081
0.973714 0.00329258 0.227762 0.601317 -0.00219179 0.999985 -0.00508592 -0.108935 -0.227775 0.00445279 0.973705 4.93087
0.961879 0.00317404 0.273461 0.857785 -0.00176159 0.999985 -0.0054107 -0.122232 -0.273474 0.00472286 0.961869 5.88129
0.947757 0.00300369 0.318982 1.17325 -0.00109419 0.999982 -0.00616556 -0.148061 -0.318994 0.0054942 0.947742 6.855
0.932819 0.0026568 0.360342 1.50556 -0.000446461 0.999982 -0.00621714 -0.167191 -0.360351 0.00563862 0.932803 7.75407
0.91521 0.00269162 0.402972 1.8829 -0.000231973 0.999982 -0.00615259 -0.149908 -0.40298 0.00553707 0.915193 8.66364
0.895054 0.00211241 0.445958 2.32304 0.00018088 0.999988 -0.00509981 -0.165249 -0.445963 0.00464531 0.895043 9.57537
0.87367 0.00162054 0.486522 2.77226 0.000602458 0.999992 -0.00441302 -0.18398 -0.486523 0.0041484 0.87366 10.4231
0.849852 0.00149958 0.527026 3.26532 0.000720618 0.999993 -0.00400743 -0.184909 -0.527026 0.00378533 0.849845 11.2494
0.824553 0.00137105 0.565789 3.79479 0.00082065 0.999995 -0.00361955 -0.199705 -0.565789 0.00344856 0.824546 12.0498
0.797047 0.000910555 0.603923 4.37423 0.00120579 0.999996 -0.00309922 -0.222842 -0.603921 0.00319824 0.797043 12.8304
0.767169 0.00109865 0.641451 4.99521 0.00141754 0.999994 -0.00340852 -0.208989 -0.64145 0.00352382 0.767162 13.6011
0.73693 5.36081e-05 0.675971 5.62877 0.0015633 0.999996 -0.0017837 -0.239706 -0.675969 0.0023708 0.736927 14.3084
0.704573 -0.000191442 0.709637 6.29704 0.0018465 0.999997 -0.001564 -0.22778 -0.709634 0.002412 0.704571 14.9974
0.670325 -0.000565991 0.742069 7.0062 0.00172397 0.999998 -0.00079468 -0.223597 -0.742067 0.00181157 0.670324 15.6537
0.634481 0.00266545 0.77294 7.74379 0.00147578 0.999988 -0.00466023 -0.247638 -0.772942 0.00409714 0.634469 16.2697
0.597735 0.00156682 0.801693 8.50791 0.00301995 0.999987 -0.00420597 -0.259076 -0.801692 0.00493463 0.597719 16.8453
0.560028 -0.0014997 0.828478 9.28353 0.00887072 0.999952 -0.00418634 -0.266343 -0.828432 0.00969334 0.560014 17.3978
0.520923 0.00258222 0.8536 10.0854 0.00939692 0.999917 -0.0087594 -0.289186 -0.853556 0.0125838 0.520852 17.9029
0.481816 0.00311012 0.876273 10.916 0.011092 0.999892 -0.0096479 -0.305929 -0.876208 0.0143678 0.481729 18.3793
0.443088 -0.000825108 0.896478 11.7666 0.0169004 0.999829 -0.00743292 -0.321118 -0.896322 0.018444 0.443023 18.818
0.406087 -0.00106868 0.91384 12.6404 0.0184176 0.999806 -0.0070152 -0.349887 -0.913654 0.0196792 0.406027 19.217
0.369801 -0.001942 0.92911 13.5594 0.0189091 0.999807 -0.00543667 -0.353016 -0.928924 0.0195786 0.369762 19.5975
0.335906 -0.00240707 0.9419 14.4793 0.0189089 0.999813 -0.00418829 -0.354391 -0.941712 0.0192167 0.335887 19.9304
0.302318 -0.00305954 0.953204 15.4166 0.0190477 0.999816 -0.00283234 -0.355338 -0.953023 0.0190119 0.302317 20.236
0.270245 -0.00315386 0.962794 16.367 0.0193817 0.999811 -0.002165 -0.365169 -0.962602 0.0192452 0.270253 20.5135
0.237653 -0.00330292 0.971347 17.3376 0.0192838 0.999814 -0.00131823 -0.353927 -0.971164 0.0190438 0.237668 20.7674
0.20594 -0.00263626 0.978568 18.3354 0.0190121 0.99982 -0.00130745 -0.352868 -0.978386 0.0188735 0.205951 20.9868
0.176473 -0.00310163 0.984303 19.3165 0.0193017 0.999814 -0.000310017 -0.371682 -0.984122 0.0190527 0.176496 21.1731
0.145654 -0.00382559 0.989336 20.3229 0.0196461 0.999807 0.000973864 -0.381829 -0.989147 0.0192942 0.145699 21.329
0.114356 -0.0049921 0.99343 21.3755 0.0197083 0.999803 0.00275516 -0.368273 -0.993251 0.019263 0.114428 21.4648
0.0854516 -0.00548865 0.996335 22.4237 0.0195649 0.999802 0.0038299 -0.37366 -0.996157 0.0191654 0.0855396 21.564
0.0575335 -0.00617917 0.998328 23.5019 0.0195098 0.999797 0.00506357 -0.385894 -0.99816 0.0191852 0.0576386 21.6373
0.0334812 -0.00672281 0.999424 24.5721 0.0195456 0.999791 0.0060708 -0.398777 -0.999255 0.0193305 0.0336031 21.6758
0.0110355 -0.00751045 0.999915 25.659 0.0196325 0.999782 0.00729246 -0.400912 -0.999754 0.0195497 0.0111768 21.6913
-0.0104094 -0.00869685 0.999916 26.7744 0.0257746 0.999629 0.00896289 -0.406166 -0.999621 0.0258651 -0.0101839 21.6846
-0.0276982 -0.0094635 0.999577 27.886 0.0317558 0.999443 0.0103418 -0.390502 -0.99912 0.0320282 -0.027386 21.646
-0.0436971 -0.00981523 0.999005 29.0108 0.0319192 0.999429 0.0112157 -0.385933 -0.998542 0.0323769 -0.0433615 21.5974
-0.0592096 -0.0105731 0.998195 30.1528 0.0324099 0.999398 0.0125079 -0.386733 -0.997727 0.0330915 -0.0588349 21.5294
-0.0715603 -0.0112982 0.99738 31.2879 0.0323343 0.999385 0.0136409 -0.366281 -0.99692 0.033225 -0.0711535 21.4492
-0.0837692 -0.0111695 0.996429 32.4329 0.0321567 0.999387 0.0139056 -0.355989 -0.995975 0.0332061 -0.0833623 21.3617
-0.0963119 -0.0106423 0.995302 33.5877 0.0318443 0.999399 0.0137678 -0.343844 -0.99485 0.03302 -0.0959176 21.2682
-0.105779 -0.0107423 0.994338 34.7461 0.0316434 0.9994 0.0141626 -0.332853 -0.993895 0.0329618 -0.105379 21.1565
-0.116053 -0.010062 0.9932 35.9517 0.0314874 0.99941 0.0138044 -0.318767 -0.992753 0.0328747 -0.115671 21.0384
-0.122806 -0.00980206 0.992389 37.1643 0.0311063 0.999423 0.0137201 -0.301328 -0.991952 0.0325539 -0.122433 20.8877
-0.128984 -0.00963914 0.991608 38.4043 0.0307894 0.999433 0.0137203 -0.283984 -0.991178 0.0323001 -0.128617 20.7351
-0.135241 -0.00972032 0.990773 39.6769 0.0306226 0.999435 0.0139846 -0.278642 -0.990349 0.0322307 -0.134871 20.5741
-0.138666 -0.00892222 0.990308 40.95 0.0303356 0.999454 0.0132525 -0.254641 -0.989884 0.0318786 -0.138322 20.3937
-0.142725 -0.00882156 0.989732 42.2612 0.0303502 0.999453 0.0132842 -0.244255 -0.989307 0.0319338 -0.142383 20.2101
-0.146826 -0.00895382 0.989131 43.5905 0.0303309 0.99945 0.0135497 -0.225949 -0.988707 0.03199 -0.146476 20.025
-0.148536 -0.0110455 0.988854 44.9368 0.0305835 0.999409 0.0157566 -0.200646 -0.988445 0.0325822 -0.148114 19.829
-0.150771 -0.0115873 0.988511 46.3092 0.0304666 0.999403 0.0163621 -0.178221 -0.98811 0.0325828 -0.150331 19.6288
-0.154284 -0.0144959 0.987929 47.706 0.0306936 0.999341 0.0194561 -0.163485 -0.987561 0.033324 -0.153741 19.4284
-0.154047 -0.0146484 0.987965 49.1147 0.030526 0.999344 0.019577 -0.127009 -0.987603 0.0331737 -0.153501 19.211
-0.155726 -0.0158366 0.987683 50.551 0.0306908 0.999313 0.0208614 -0.113539 -0.987335 0.0335605 -0.155136 18.9823
-0.154558 -0.0153786 0.987874 52.0091 0.0299942 0.999347 0.0202501 -0.0824953 -0.987539 0.0327596 -0.153999 18.7594
-0.154321 -0.0151348 0.987915 53.4822 0.0298651 0.999356 0.0199747 -0.0579889 -0.987581 0.0325857 -0.153773 18.537
-0.154795 -0.015525 0.987835 54.9671 0.0299539 0.999345 0.0203999 -0.0290588 -0.987504 0.0327466 -0.154231 18.3156
-0.152105 -0.0163972 0.988238 56.4877 0.0297743 0.999335 0.0211634 0.00702123 -0.987927 0.0326424 -0.151519 18.0823
-0.15102 -0.0158274 0.988415 58.0239 0.0304211 0.999326 0.0206503 0.0319338 -0.988074 0.0331864 -0.150439 17.8459
-0.151828 -0.0152914 0.988298 59.5687 0.0302889 0.999341 0.0201147 0.063466 -0.987954 0.0329877 -0.151268 17.6052
-0.149595 -0.014984 0.988644 61.1573 0.0308797 0.999329 0.0198186 0.0900946 -0.988277 0.0334929 -0.149035 17.3657
-0.150923 -0.0147135 0.988446 62.7406 0.0306287 0.999342 0.0195516 0.123926 -0.988082 0.033225 -0.150376 17.132
-0.149709 -0.0170897 0.988593 64.3724 0.0314504 0.999265 0.0220371 0.155605 -0.988242 0.03439 -0.149064 16.8843
-0.148951 -0.0186632 0.988679 66.0041 0.0336354 0.99915 0.0239276 0.192022 -0.988284 0.036818 -0.1482 16.6383
-0.150111 -0.0183288 0.98851 67.6368 0.0345306 0.999124 0.0237695 0.221008 -0.988078 0.0377011 -0.14935 16.3995
-0.147971 -0.0178912 0.98884 69.3033 0.0352143 0.99911 0.023346 0.254959 -0.988377 0.0382751 -0.147213 16.1552
-0.147536 -0.0182124 0.9889 70.9781 0.0349806 0.999112 0.0236195 0.298588 -0.98845 0.0380763 -0.14677 15.9157
-0.149149 -0.018895 0.988644 72.65 0.0356259 0.999068 0.0244683 0.329163 -0.988185 0.0388701 -0.14834 15.6756
-0.147219 -0.0201095 0.988911 74.3587 0.0352848 0.999053 0.0255688 0.376937 -0.988487 0.038657 -0.146373 15.4201
-0.148435 -0.0206431 0.988717 76.0573 0.036527 0.998988 0.0263408 0.401876 -0.98826 0.0400241 -0.147534 15.1751
-0.14668 -0.0206478 0.98898 77.8059 0.0371387 0.998966 0.0263647 0.450244 -0.9885 0.0405957 -0.145764 14.921
-0.147257 -0.0204201 0.988898 79.5607 0.0377114 0.998947 0.0262426 0.488944 -0.988393 0.0411565 -0.146336 14.6697
-0.149302 -0.0199163 0.988603 81.309 0.0375261 0.998966 0.0257926 0.531138 -0.988093 0.0409483 -0.148402 14.4259
-0.149284 -0.0196757 0.988609 83.1036 0.036957 0.998996 0.0254625 0.57281 -0.988117 0.0403365 -0.148411 14.1549
-0.150173 -0.01984 0.988472 84.9059 0.0363702 0.999015 0.0255773 0.609226 -0.988005 0.039791 -0.149306 13.879
-0.153363 -0.020483 0.987969 86.7026 0.0356029 0.999025 0.0262384 0.649794 -0.987543 0.0391979 -0.152487 13.621
-0.152633 -0.0211014 0.98807 88.528 0.0356159 0.999009 0.026837 0.686564 -0.987655 0.0392862 -0.151732 13.3406
-0.152952 -0.0214238 0.988013 90.3624 0.034644 0.999038 0.0270254 0.744277 -0.98764 0.0383616 -0.152066 13.0689
-0.157013 -0.0207354 0.987391 92.21 0.0345513 0.999056 0.0264749 0.783827 -0.987007 0.0382715 -0.156151 12.7976
-0.158207 -0.019848 0.987218 94.0786 0.0343121 0.999087 0.0255846 0.836585 -0.986824 0.0379205 -0.157386 12.5033
-0.163944 -0.0195335 0.986289 95.9477 0.0343458 0.999089 0.0254962 0.875129 -0.985887 0.0380537 -0.163126 12.2095
-0.166414 -0.0206577 0.985851 97.8438 0.0324817 0.999127 0.0264181 0.915591 -0.985535 0.0364179 -0.165602 11.9011
-0.171404 -0.0208858 0.984993 99.7401 0.0318145 0.99914 0.0267222 0.963754 -0.984702 0.0359161 -0.170594 11.5865
-0.177856 -0.0201618 0.983862 101.646 0.0312799 0.999173 0.0261294 1.0071 -0.983574 0.0354217 -0.177081 11.2617
-0.180732 -0.0194351 0.983353 103.561 0.0312812 0.999189 0.0254976 1.04898 -0.98305 0.0353674 -0.17998 10.9203
-0.185552 -0.0179271 0.982484 105.478 0.0308932 0.999237 0.0240666 1.09147 -0.982164 0.0348169 -0.18486 10.5756
-0.192519 -0.0169333 0.98116 107.412 0.0304745 0.999269 0.0232256 1.13629 -0.980836 0.0343705 -0.191864 10.2191
-0.195715 -0.0164692 0.980536 109.354 0.0296023 0.999308 0.0226924 1.1749 -0.98023 0.0334666 -0.195096 9.84712
-0.202922 -0.01779 0.979047 111.302 0.0290667 0.999289 0.0241825 1.20925 -0.978779 0.0333635 -0.202262 9.46585
-0.206946 -0.01869 0.978188 113.256 0.0285818 0.99928 0.0251391 1.24811 -0.97795 0.0331601 -0.206266 9.06396
-0.21253 -0.0183699 0.976996 115.224 0.0284526 0.999288 0.0249788 1.29087 -0.976757 0.0331055 -0.211858 8.65442
-0.219758 -0.0179724 0.975403 117.19 0.0284227 0.999293 0.0248155 1.33277 -0.975156 0.0331762 -0.219096 8.23282
-0.223749 -0.0172864 0.974508 119.176 0.0281263 0.999317 0.0241847 1.38453 -0.974258 0.0328193 -0.223112 7.77818
-0.229714 -0.0174835 0.973115 121.166 0.028366 0.999299 0.0246494 1.42489 -0.972861 0.0332649 -0.229061 7.32319
-0.237889 -0.0178604 0.971143 123.157 0.0275945 0.999308 0.0251383 1.47265 -0.970917 0.0327769 -0.237234 6.86099
-0.240875 -0.0181 0.970402 125.158 0.0267696 0.999327 0.0252836 1.51842 -0.970204 0.0320666 -0.240231 6.36652
-0.248014 -0.0181314 0.968602 127.147 0.0258371 0.99935 0.0253231 1.5675 -0.968429 0.0313049 -0.247386 5.88673
-0.250986 -0.0199066 0.967802 129.162 0.0263613 0.999282 0.0273898 1.61876 -0.967649 0.0323861 -0.250285 5.36651
-0.255658 -0.0236643 0.966492 131.176 0.0267199 0.999149 0.0315322 1.66563 -0.966415 0.0338846 -0.25481 4.84947
-0.26171 -0.024056 0.964863 133.183 0.026327 0.999144 0.032051 1.71952 -0.964806 0.033789 -0.260857 4.33897
-0.262647 -0.0247462 0.96459 135.226 0.0255632 0.999146 0.0325936 1.7789 -0.964572 0.0332171 -0.261792 3.79437
-0.265751 -0.0251727 0.96373 137.263 0.0245575 0.999162 0.0328694 1.84117 -0.963748 0.0324009 -0.264914 3.25447
-0.272144 -0.0260965 0.961918 139.291 0.0234815 0.999159 0.0337503 1.89719 -0.961988 0.0317708 -0.271304 2.70336
-0.27354 -0.0262591 0.96152 141.357 0.0224716 0.999184 0.03368 1.95988 -0.961618 0.0308186 -0.27273 2.1305
-0.279422 -0.0266249 0.959815 143.411 0.0216309 0.999192 0.0340147 2.03083 -0.959944 0.0302647 -0.278622 1.56865
-0.283053 -0.0300123 0.958653 145.458 0.0214166 0.999068 0.0376005 2.0942 -0.958886 0.0311729 -0.282149 0.982685
-0.288498 -0.0328122 0.956934 147.526 0.0204937 0.998977 0.0404325 2.16105 -0.95728 0.0312745 -0.287532 0.378713
-0.295735 -0.0311528 0.954781 149.597 0.0217371 0.998995 0.0393276 2.23191 -0.955044 0.0323836 -0.294763 -0.250384
-0.29817 -0.0323028 0.953983 151.664 0.0212734 0.998959 0.0404751 2.30928 -0.954295 0.0323615 -0.297173 -0.877221
-0.302657 -0.032056 0.95258 153.745 0.0213421 0.99896 0.0403971 2.3869 -0.952882 0.0325554 -0.301661 -1.53682
-0.307836 -0.0315035 0.950934 155.868 0.0217662 0.998962 0.040141 2.45852 -0.95121 0.0330537 -0.306832 -2.21616
-0.309373 -0.030042 0.950487 157.938 0.0216339 0.999025 0.0386169 2.53353 -0.950717 0.0325087 -0.308424 -2.88131
-0.313084 -0.028489 0.949315 160.046 0.0220338 0.999068 0.0372492 2.60748 -0.949491 0.0325778 -0.312166 -3.56003
-0.318841 -0.0281428 0.947412 162.16 0.022489 0.999058 0.0372444 2.682 -0.947564 0.0331802 -0.31791 -4.2588
-0.321102 -0.0271511 0.946672 164.242 0.022573 0.99909 0.0363113 2.75774 -0.946797 0.0330275 -0.320198 -4.93802
-0.326771 -0.0273422 0.94473 166.361 0.0218737 0.9991 0.0364807 2.83337 -0.944874 0.0325844 -0.325882 -5.63808
-0.328875 -0.0274724 0.943991 168.471 0.0216881 0.999099 0.0366323 2.90743 -0.944147 0.0325194 -0.327983 -6.36614
-0.332825 -0.0270753 0.942622 170.597 0.0223276 0.999087 0.0365799 2.97769 -0.942748 0.0332201 -0.33192 -7.10033
-0.337297 -0.0269945 0.941029 172.747 0.023961 0.999024 0.0372468 3.04206 -0.941116 0.0351098 -0.336322 -7.84546
-0.337686 -0.0268373 0.940899 174.881 0.0246025 0.999006 0.0373236 3.11481 -0.940961 0.035751 -0.336693 -8.60648
-0.3404 -0.0279798 0.939882 177.029 0.0237953 0.998986 0.0383575 3.18401 -0.940003 0.0354203 -0.33939 -9.36128
-0.345813 -0.0284691 0.937894 179.191 0.0229313 0.998991 0.0387777 3.26074 -0.938047 0.0349158 -0.344814 -10.1398
-0.346247 -0.0278237 0.93775 181.339 0.0224059 0.999036 0.0379155 3.34643 -0.9379 0.0341379 -0.34529 -10.9044
-0.349512 -0.0271665 0.936561 183.507 0.0219653 0.999073 0.0371761 3.41959 -0.936699 0.0335641 -0.348595 -11.687
-0.356095 -0.0283043 0.93404 185.672 0.0210675 0.999051 0.0383066 3.5129 -0.934237 0.0333174 -0.35516 -12.4933
-0.358612 -0.0285142 0.933075 187.806 0.0201592 0.99907 0.0382779 3.59438 -0.933294 0.0325358 -0.357706 -13.2977
-0.365234 -0.0283204 0.930505 189.984 0.0197323 0.999084 0.0381532 3.67112 -0.930732 0.0322946 -0.36434 -14.1231
-0.366723 -0.0296782 0.92988 192.139 0.0193479 0.999037 0.0395148 3.76136 -0.930154 0.032481 -0.365799 -14.9598
-0.370274 -0.0306448 0.928438 194.325 0.0191946 0.998996 0.0406294 3.84888 -0.92875 0.0328635 -0.369314 -15.8128
-0.373953 -0.0319406 0.92692 196.558 0.0193124 0.998928 0.0422122 3.93506 -0.927272 0.0336852 -0.372938 -16.6902
-0.377398 -0.0327768 0.925493 198.712 0.0187083 0.998906 0.0430065 4.03062 -0.925889 0.0335435 -0.376372 -17.5475
-0.381215 -0.0326391 0.923934 200.899 0.0183314 0.99892 0.0428505 4.12814 -0.92433 0.0332709 -0.380207 -18.423
-0.386027 -0.0327218 0.92193 203.105 0.0179774 0.99892 0.0429828 4.21941 -0.92234 0.0331648 -0.385022 -19.3154
-0.386721 -0.0316 0.921679 205.292 0.0182526 0.998961 0.0419071 4.30138 -0.922043 0.033028 -0.385744 -20.217
-0.39141 -0.0317263 0.919692 207.492 0.0182884 0.998946 0.0422446 4.39378 -0.920063 0.033353 -0.390417 -21.1171
-0.391761 -0.0308263 0.919576 209.678 0.018624 0.998975 0.0414214 4.48988 -0.919905 0.0333521 -0.390787 -22.0349
-0.394268 -0.0305606 0.91851 211.868 0.018694 0.99898 0.0412632 4.57958 -0.918834 0.0334378 -0.393294 -22.9608
-0.399547 -0.0312612 0.916205 214.052 0.0178898 0.998969 0.041886 4.66245 -0.916564 0.0331248 -0.398578 -23.912
-0.399553 -0.0319724 0.916176 216.241 0.0173776 0.998954 0.0424407 4.75768 -0.916573 0.0328766 -0.39858 -24.8498
-0.402553 -0.0315557 0.914878 218.425 0.0166671 0.998994 0.0417899 4.84571 -0.915271 0.0320698 -0.401625 -25.7967
-0.408022 -0.0303992 0.912489 220.624 0.0164493 0.999045 0.0406391 4.92956 -0.912852 0.0315899 -0.407132 -26.7722
-0.410329 -0.0306221 0.911449 222.772 0.0149314 0.999084 0.0402874 5.01551 -0.911843 0.030139 -0.409497 -27.7123
-0.413208 -0.030221 0.910159 224.96 0.0148712 0.999099 0.0399265 5.09569 -0.910544 0.0300315 -0.412386 -28.6938
-0.419031 -0.033675 0.907373 227.153 0.0151225 0.998923 0.0440554 5.17921 -0.907874 0.0321812 -0.418072 -29.7089
-0.42083 -0.037173 0.906403 229.292 0.0139027 0.998786 0.0474176 5.26559 -0.907065 0.0325545 -0.419802 -30.6845
-0.426022 -0.038261 0.903927 231.484 0.0132938 0.99874 0.0485387 5.37203 -0.904642 0.0326941 -0.424977 -31.7108
-0.426957 -0.0375308 0.90352 233.669 0.0124135 0.998808 0.0473559 5.47183 -0.90422 0.031433 -0.425981 -32.7106
-0.430049 -0.0375762 0.902046 235.85 0.0113496 0.998837 0.0470181 5.57236 -0.902761 0.0304569 -0.429124 -33.7256
-0.435835 -0.0392506 0.899198 238.036 0.0109426 0.998751 0.0489012 5.68292 -0.899994 0.0311506 -0.43486 -34.7606
-0.436937 -0.0390107 0.89867 240.203 0.0105493 0.998775 0.0484844 5.78668 -0.899458 0.0306639 -0.435991 -35.7855
-0.440721 -0.0397545 0.896791 242.369 0.0100387 0.998745 0.0492088 5.89411 -0.897622 0.0306882 -0.439768 -36.8276
-0.447822 -0.0423215 0.893144 244.537 0.00867389 0.998633 0.0516682 5.99515 -0.894109 0.0308841 -0.446844 -37.8895
-0.449691 -0.0426616 0.892194 246.695 0.00717576 0.998661 0.0513705 6.10634 -0.893191 0.0295011 -0.448782 -38.9434
-0.453602 -0.0427297 0.890204 248.848 0.00674402 0.998664 0.0513712 6.21065 -0.891207 0.0293046 -0.452709 -40.0118
-0.458554 -0.0426288 0.887673 250.998 0.00673707 0.99866 0.0514402 6.31649 -0.888677 0.0295665 -0.457651 -41.0977
-0.460997 -0.0432856 0.886371 253.112 0.00515841 0.998669 0.0514516 6.41693 -0.887416 0.0282904 -0.460161 -42.1899
-0.465731 -0.0435627 0.883884 255.279 0.00395725 0.998682 0.051307 6.52515 -0.884954 0.0273912 -0.464944 -43.2878
-0.467381 -0.0428932 0.88304 257.408 0.00417929 0.998711 0.0507231 6.63465 -0.884076 0.0273965 -0.4666 -44.4091
-0.470868 -0.0427861 0.881196 259.547 0.00383765 0.998721 0.0505445 6.74153 -0.882232 0.0271797 -0.470101 -45.5319
-0.47521 -0.0420005 0.878895 261.7 0.00406164 0.998752 0.0499236 6.83909 -0.879893 0.027293 -0.474447 -46.66
-0.477379 -0.0408726 0.877779 263.814 0.0047326 0.99879 0.0490826 6.94351 -0.878723 0.0275834 -0.476607 -47.8003
-0.479964 -0.0409367 0.876359 265.939 0.00468625 0.998784 0.0492214 7.0626 -0.877307 0.0277303 -0.479189 -48.9527
-0.484264 -0.0406268 0.874012 268.084 0.00422518 0.998808 0.0487703 7.19065 -0.874951 0.0273088 -0.483514 -50.1085
-0.484777 -0.0433959 0.873589 270.188 0.00317264 0.998683 0.0513703 7.30541 -0.874664 0.0276735 -0.484001 -51.2679
-0.489368 -0.0432124 0.87104 272.341 0.00245121 0.998707 0.0509248 7.42173 -0.872113 0.0270543 -0.488629 -52.461
-0.49068 -0.0421953 0.870346 274.474 0.00269045 0.998756 0.0499372 7.53461 -0.871369 0.0268435 -0.489957 -53.6354
-0.49399 -0.0419196 0.86849 276.625 0.00235921 0.998776 0.0495517 7.65262 -0.869504 0.0265252 -0.493286 -54.8405
-0.500755 -0.0419189 0.864603 278.768 0.00241004 0.998763 0.049819 7.75911 -0.86562 0.0270296 -0.500035 -56.0558
-0.502129 -0.0420542 0.863806 280.928 0.00182169 0.998771 0.0496858 7.88115 -0.864833 0.0265204 -0.501434 -57.2928
-0.505036 -0.0422266 0.862095 283.09 0.00156368 0.998764 0.0498366 8.00845 -0.863131 0.0265161 -0.504346 -58.5396
-0.510916 -0.0426239 0.85861 285.259 0.00161009 0.998729 0.0505398 8.11846 -0.859672 0.0272021 -0.510197 -59.7911
-0.511356 -0.0424945 0.858348 287.434 0.00246728 0.998708 0.0509129 8.2294 -0.8594 0.0281512 -0.51059 -61.0714
-0.513294 -0.0432559 0.857159 289.608 0.00273779 0.998649 0.0520376 8.34903 -0.858252 0.0290553 -0.51248 -62.3542
-0.519628 -0.0437634 0.853302 291.751 0.00241155 0.998616 0.0526844 8.48173 -0.854425 0.0294327 -0.518803 -63.6458
-0.520032 -0.0444043 0.853029 293.939 0.0022739 0.99858 0.0533692 8.61725 -0.854188 0.0296914 -0.519191 -64.9446
-0.525961 -0.0454798 0.849323 296.115 0.00201968 0.998508 0.0547187 8.74962 -0.850543 0.030494 -0.525084 -66.2819
-0.526095 -0.0459064 0.849223 298.297 0.00231232 0.998469 0.0554087 8.87617 -0.850467 0.031112 -0.525181 -67.639
-0.527806 -0.0455631 0.848174 300.497 0.00196963 0.9985 0.0548641 9.01534 -0.8494 0.0306268 -0.526924 -68.988
-0.532128 -0.0453046 0.845489 302.707 0.00147346 0.998524 0.0544345 9.15911 -0.846708 0.03021 -0.531274 -70.3737
-0.53265 -0.0451986 0.845161 304.89 0.00145438 0.998531 0.0543169 9.29995 -0.846373 0.0301597 -0.531801 -71.7113
-0.536872 -0.0458685 0.842455 307.116 0.000566489 0.998509 0.0547287 9.44121 -0.84371 0.0298576 -0.536044 -73.0891
-0.543317 -0.0461648 0.838291 309.358 -0.000522554 0.998514 0.0546492 9.58747 -0.839567 0.0292523 -0.542533 -74.4945
-0.545635 -0.0469381 0.836747 311.577 -0.00094455 0.998472 0.0553971 9.7235 -0.838069 0.0294342 -0.544845 -75.8932
-0.549743 -0.0465583 0.834069 313.8 -0.00111723 0.998494 0.0549999 9.86728 -0.835373 0.0293025 -0.548966 -77.3273
-0.556789 -0.0462149 0.829408 316.044 -0.000556671 0.99848 0.0552646 9.99496 -0.830702 0.030307 -0.555967 -78.7713
-0.55758 -0.0459985 0.828881 318.252 0.000298598 0.998461 0.0556097 10.135 -0.830164 0.031253 -0.556708 -80.2473
-0.564201 -0.0461182 0.824389 320.473 0.000752487 0.998418 0.0563714 10.2772 -0.825686 0.0324231 -0.563272 -81.7259
-0.564729 -0.0462414 0.824014 322.685 0.00150758 0.998379 0.057059 10.4151 -0.825317 0.0334638 -0.563742 -83.2239
-0.568293 -0.0472188 0.821512 324.904 0.000712699 0.998332 0.0578779 10.5535 -0.822875 0.033475 -0.567309 -84.7292
-0.577361 -0.0487547 0.815067 327.106 0.00018739 0.998217 0.0598422 10.6956 -0.816533 0.0347019 -0.57632 -86.2736
-0.57915 -0.0491194 0.813783 329.3 0.000135074 0.998186 0.060349 10.8517 -0.815272 0.0350589 -0.57809 -87.8009
-0.583071 -0.0492135 0.810966 331.502 0.000869327 0.998135 0.0611963 11.0006 -0.812465 0.0363853 -0.581938 -89.3364
-0.590061 -0.0493538 0.805892 333.669 0.000503779 0.998115 0.0614978 11.1498 -0.80741 0.0366912 -0.588922 -90.9054
-0.590477 -0.0517752 0.805429 335.896 -0.00132166 0.998011 0.0631853 11.3019 -0.8071 0.0362435 -0.589368 -92.4794
-0.593887 -0.0531774 0.802834 338.091 -0.00228824 0.997929 0.0644104 11.4607 -0.804597 0.0364131 -0.592777 -94.0751
-0.599508 -0.0546314 0.798541 340.271 -0.00273781 0.997812 0.0662084 11.6229 -0.800412 0.0375048 -0.598343 -95.671
-0.598963 -0.0552291 0.798916 342.449 -0.00402104 0.997822 0.065968 11.7901 -0.800821 0.0362976 -0.597878 -97.2878
-0.603714 -0.0548569 0.795353 344.627 -0.00553879 0.997905 0.0646229 11.9602 -0.797232 0.034607 -0.602749 -98.9027
-0.605053 -0.0525097 0.794498 346.797 -0.00600514 0.998104 0.0613961 12.1143 -0.796217 0.0323746 -0.604218 -100.526
-0.607978 -0.054379 0.792131 348.97 -0.00681342 0.997983 0.063281 12.2724 -0.793975 0.0330748 -0.607119 -102.156
-0.614602 -0.056579 0.786852 351.119 -0.00764278 0.997814 0.0657816 12.4168 -0.788855 0.0344134 -0.613687 -103.793
-0.616808 -0.0580656 0.785011 353.269 -0.00947942 0.997761 0.0663541 12.5646 -0.787108 0.0334848 -0.615975 -105.449
-0.619887 -0.0606632 0.78239 355.408 -0.0116445 0.997617 0.0681281 12.7277 -0.78466 0.0331188 -0.619113 -107.112
-0.624922 -0.0632729 0.778163 357.551 -0.0136118 0.997452 0.0701724 12.9057 -0.780621 0.0332584 -0.624188 -108.769
-0.626981 -0.0661291 0.77627 359.673 -0.0156966 0.99727 0.0722807 13.0868 -0.778932 0.0331313 -0.626304 -110.46
-0.62984 -0.0668596 0.773887 361.796 -0.0170756 0.997249 0.07226 13.2665 -0.77659 0.032296 -0.629247 -112.144
-0.634684 -0.0666617 0.769939 363.896 -0.0179057 0.997282 0.071588 13.4452 -0.77262 0.0316471 -0.63415 -113.82
-0.635348 -0.0681357 0.76926 366.007 -0.0188613 0.997182 0.0727459 13.6264 -0.77205 0.0317081 -0.634841 -115.539
-0.642098 -0.0690919 0.763551 368.08 -0.0195573 0.997091 0.073781 13.8134 -0.766429 0.0324395 -0.641579 -117.237
-0.641308 -0.0699119 0.764139 370.193 -0.0214097 0.997094 0.0732575 13.9757 -0.76704 0.030619 -0.640939 -118.966
-0.643671 -0.0747611 0.761692 372.283 -0.0322322 0.996992 0.0706212 14.1261 -0.764681 0.0209036 -0.644141 -120.678
-0.646763 -0.0708984 0.759438 374.377 -0.0389128 0.997453 0.0599794 14.3221 -0.761754 0.00923916 -0.647871 -122.401
-0.641836 -0.06398 0.764218 376.452 -0.0292356 0.997841 0.0589878 14.458 -0.766343 0.015516 -0.642316 -124.085
-0.64326 -0.0639274 0.763024 378.515 -0.0216383 0.997641 0.0653423 14.59 -0.765399 0.0255201 -0.643121 -125.804
-0.646912 -0.0719594 0.759213 380.54 -0.0194118 0.996779 0.077938 14.7637 -0.762378 0.0356797 -0.64622 -127.504
-0.648058 -0.0824888 0.75716 382.585 -0.024513 0.995874 0.0875149 14.9729 -0.761253 0.038153 -0.647403 -129.204
-0.654097 -0.0923134 0.750808 384.616 -0.0302384 0.994932 0.0959879 15.2427 -0.755867 0.0400804 -0.653569 -130.943
-0.654831 -0.0948335 0.749853 386.653 -0.0315886 0.994677 0.098211 15.4816 -0.755172 0.040623 -0.654338 -132.669
-0.657372 -0.0911953 0.74808 388.682 -0.0281702 0.99494 0.0965369 15.709 -0.7531 0.0423852 -0.65661 -134.424
-0.663012 -0.0865903 0.743636 390.681 -0.0243302 0.99527 0.0941989 15.9189 -0.748272 0.0443605 -0.661979 -136.18
-0.665265 -0.0856153 0.741735 392.674 -0.0255577 0.995443 0.0919792 16.1399 -0.746231 0.0422316 -0.664417 -137.94
-0.668083 -0.0859147 0.739164 394.68 -0.0258071 0.995403 0.0923732 16.3635 -0.743699 0.0426356 -0.667225 -139.719
-0.672593 -0.0864213 0.735003 396.685 -0.0252697 0.995271 0.0939018 16.5944 -0.739643 0.0445825 -0.67159 -141.5
-0.674052 -0.0869124 0.733607 398.654 -0.0246978 0.995164 0.0952077 16.8281 -0.73833 0.0460548 -0.672935 -143.283
-0.675931 -0.0873454 0.731824 400.634 -0.0246343 0.995085 0.0960157 17.0622 -0.736616 0.0468703 -0.674755 -145.082
-0.682048 -0.0876871 0.726086 402.598 -0.0240007 0.994947 0.0976127 17.3158 -0.730974 0.0491481 -0.680702 -146.877
-0.680634 -0.0884301 0.727323 404.56 -0.0234787 0.994823 0.098984 17.5659 -0.732312 0.0502936 -0.67918 -148.706
-0.685343 -0.0960209 0.721916 406.507 -0.0241864 0.993735 0.109215 17.8449 -0.727881 0.0573873 -0.683367 -150.516
-0.683214 -0.10362 0.722887 408.469 -0.0243083 0.992573 0.119304 18.1471 -0.729879 0.0639365 -0.680651 -152.347
-0.684555 -0.10986 0.720689 410.422 -0.0246893 0.991518 0.127694 18.4819 -0.728605 0.0696185 -0.681456 -154.17
-0.688905 -0.114269 0.715848 412.335 -0.0264424 0.990814 0.132716 18.8187 -0.724437 0.0724979 -0.685591 -155.985
-0.687274 -0.115136 0.717271 414.273 -0.0295661 0.990987 0.130744 19.1584 -0.72586 0.0686479 -0.684478 -157.817
-0.688992 -0.115329 0.715595 416.198 -0.0318388 0.991135 0.129083 19.4866 -0.724138 0.0661516 -0.686549 -159.635
-0.690956 -0.113839 0.713934 418.068 -0.0311833 0.991311 0.127889 19.8183 -0.72229 0.066101 -0.688496 -161.419
-0.691542 -0.115279 0.713139 419.95 -0.0324408 0.991157 0.128764 20.1299 -0.721677 0.0659091 -0.68916 -163.215
-0.692777 -0.115214 0.711947 421.87 -0.0336621 0.99126 0.12766 20.4467 -0.720433 0.064472 -0.690594 -165.046
-0.696942 -0.116126 0.707726 423.757 -0.033978 0.991055 0.129159 20.7695 -0.716393 0.0659667 -0.694647 -166.872
-0.697125 -0.120009 0.706894 425.624 -0.0349739 0.990425 0.133654 21.06 -0.716165 0.0684482 -0.694639 -168.68
-0.69726 -0.122156 0.706397 427.473 -0.0341814 0.989933 0.137451 21.3821 -0.716074 0.0716914 -0.694409 -170.489
-0.695766 -0.125043 0.707359 429.35 -0.0284839 0.988774 0.146773 21.7094 -0.717772 0.0819692 -0.69151 -172.305
-0.695082 -0.126223 0.707828 431.241 -0.0244536 0.988065 0.152186 22.0626 -0.718587 0.0884702 -0.689865 -174.164
-0.694727 -0.1279 0.707869 433.134 -0.0285502 0.988207 0.150533 22.4448 -0.718774 0.0843672 -0.690179 -176.015
-0.692015 -0.131493 0.709872 435.064 -0.0376718 0.988526 0.146389 22.8246 -0.720973 0.0745586 -0.68902 -177.861
-0.690306 -0.133464 0.71116 436.984 -0.0410889 0.9885 0.14563 23.1811 -0.722417 0.0713063 -0.687845 -179.684
-0.688365 -0.135571 0.712648 438.856 -0.039714 0.987969 0.149588 23.5443 -0.724352 0.0746665 -0.685457 -181.483
-0.683663 -0.137172 0.71685 440.775 -0.0372906 0.987476 0.153394 23.9248 -0.728912 0.0781359 -0.680211 -183.282
-0.68157 -0.137051 0.71887 442.691 -0.0358958 0.987403 0.154215 24.3118 -0.730947 0.0793013 -0.677894 -185.092
-0.68212 -0.13829 0.718104 444.591 -0.0374769 0.987292 0.154531 24.6902 -0.730346 0.0784939 -0.678629 -186.873
-0.676642 -0.143041 0.72235 446.53 -0.0427626 0.986947 0.155382 25.0846 -0.735144 0.0742457 -0.673917 -188.663
-0.679001 -0.148752 0.71897 448.417 -0.0502055 0.98639 0.156667 25.4897 -0.732488 0.0702779 -0.677221 -190.437
-0.675605 -0.153677 0.721135 450.362 -0.0570084 0.986016 0.156718 25.8765 -0.735131 0.0647661 -0.674909 -192.222
-0.675239 -0.154485 0.721301 452.313 -0.0585718 0.98598 0.156342 26.2675 -0.735339 0.0633175 -0.674814 -194.007
-0.676003 -0.15489 0.720502 454.242 -0.0564976 0.985698 0.158894 26.6559 -0.734804 0.0667037 -0.675076 -195.788
-0.674451 -0.156352 0.721636 456.196 -0.0542677 0.985191 0.162737 27.0553 -0.736393 0.0705931 -0.672941 -197.594
-0.673176 -0.159202 0.722208 458.137 -0.0549502 0.984641 0.165835 27.4814 -0.737512 0.0719479 -0.671575 -199.375
-0.674677 -0.160237 0.720572 460.067 -0.0581408 0.984673 0.16453 27.8954 -0.735889 0.0691069 -0.673646 -201.143
-0.672139 -0.159315 0.723149 461.98 -0.0581631 0.984941 0.162932 28.3162 -0.738212 0.0674498 -0.671273 -202.924
-0.670388 -0.160472 0.724513 463.92 -0.0586658 0.984758 0.163832 28.7247 -0.739758 0.0673239 -0.669578 -204.704
-0.674356 -0.158724 0.721213 465.861 -0.056299 0.984855 0.164108 29.1486 -0.736333 0.0700606 -0.673068 -206.51
-0.670515 -0.159359 0.724642 467.793 -0.0518015 0.984348 0.168541 29.5674 -0.740156 0.0754685 -0.668269 -208.269
-0.669409 -0.16218 0.725043 469.773 -0.0538765 0.98393 0.170349 29.9942 -0.741014 0.0749674 -0.66738 -210.069
-0.666241 -0.16356 0.727643 471.731 -0.0536467 0.983653 0.171988 30.4284 -0.743876 0.0755462 -0.664118 -211.837
-0.664949 -0.167188 0.728004 473.696 -0.0546432 0.982923 0.175824 30.8729 -0.744964 0.0771302 -0.66272 -213.601
-0.664907 -0.168471 0.727743 475.657 -0.0560395 0.982755 0.176307 31.3183 -0.744892 0.0764419 -0.662875 -215.351
-0.663515 -0.16855 0.728999 477.611 -0.0576776 0.982937 0.17477 31.7773 -0.746015 0.0739119 -0.661905 -217.116
-0.662945 -0.167946 0.729652 479.57 -0.0578195 0.983106 0.173753 32.2248 -0.746504 0.0729971 -0.661449 -218.881
-0.663064 -0.169512 0.729186 481.526 -0.0584657 0.982794 0.175307 32.6687 -0.746354 0.0736038 -0.661557 -220.636
-0.661512 -0.170907 0.730265 483.476 -0.0597101 0.982616 0.175879 33.1168 -0.747626 0.0727382 -0.660211 -222.385
-0.661414 -0.171321 0.730261 485.432 -0.0610363 0.982648 0.175253 33.5635 -0.747612 0.071339 -0.660384 -224.137
-0.663917 -0.172428 0.727722 487.375 -0.0621362 0.982428 0.176092 34.0099 -0.745294 0.0716895 -0.662957 -225.87
-0.663299 -0.174341 0.727833 489.328 -0.0632896 0.982089 0.17757 34.4569 -0.745753 0.0717139 -0.662443 -227.618
-0.664457 -0.174504 0.726734 491.279 -0.0639587 0.982086 0.177343 34.9065 -0.744659 0.0713525 -0.663707 -229.369
-0.663909 -0.176283 0.726809 493.23 -0.0645243 0.981717 0.179173 35.3617 -0.745105 0.0720539 -0.663136 -231.122
-0.664391 -0.177825 0.725988 495.18 -0.0651547 0.981385 0.180757 35.8212 -0.744613 0.0727883 -0.663602 -232.878
-0.665325 -0.179842 0.72464 497.127 -0.0670539 0.981043 0.181915 36.2787 -0.743618 0.0724388 -0.664762 -234.627
-0.664067 -0.179193 0.725949 499.074 -0.0665348 0.981186 0.181333 36.7374 -0.74478 0.0721134 -0.663489 -236.387
-0.663658 -0.178667 0.726459 501.022 -0.0666658 0.98134 0.180455 37.2001 -0.745143 0.0713266 -0.663175 -238.146
-0.665118 -0.181598 0.724388 502.963 -0.06894 0.980789 0.182577 37.6618 -0.743624 0.0714926 -0.664852 -239.905
-0.662554 -0.184583 0.725987 504.884 -0.0702968 0.980226 0.185074 38.14 -0.745791 0.0715827 -0.662418 -241.657
-0.662324 -0.184892 0.726114 506.815 -0.0711305 0.980232 0.184718 38.6094 -0.745909 0.0706907 -0.662375 -243.399
-0.660601 -0.186025 0.727399 508.758 -0.072008 0.980068 0.185251 39.0786 -0.747359 0.0699943 -0.660819 -245.138
-0.660563 -0.185831 0.727477 510.707 -0.0725752 0.98017 0.184483 39.5493 -0.74733 0.069062 -0.660943 -246.886
-0.661437 -0.186117 0.726617 512.603 -0.0725935 0.98008 0.184962 40.0031 -0.746564 0.0695889 -0.661762 -248.565
-0.659357 -0.188005 0.728014 514.544 -0.0744458 0.979818 0.185608 40.4815 -0.748212 0.0681805 -0.660038 -250.3
-0.65867 -0.187786 0.728697 516.478 -0.074586 0.979903 0.185108 40.9592 -0.748811 0.0675702 -0.659429 -252.037
-0.661172 -0.187217 0.726569 518.419 -0.0745115 0.979983 0.184712 41.4344 -0.746602 0.0679847 -0.66188 -253.793
-0.658646 -0.186123 0.729146 520.378 -0.0735866 0.980234 0.183749 41.9095 -0.748931 0.0673659 -0.659313 -255.541
-0.658937 -0.188372 0.728301 522.315 -0.0762817 0.9799 0.184433 42.3898 -0.748398 0.0659691 -0.660054 -257.273
-0.659729 -0.18873 0.727496 524.238 -0.0759637 0.979762 0.185292 42.8595 -0.747741 0.0669742 -0.660704 -258.993
-0.658598 -0.188651 0.728535 526.189 -0.0764259 0.97985 0.18464 43.3217 -0.748681 0.0659203 -0.659737 -260.743
-0.658445 -0.188507 0.728716 528.135 -0.0750293 0.979765 0.18566 43.8016 -0.748966 0.0675667 -0.659254 -262.491
-0.660839 -0.18801 0.726669 530.073 -0.0742369 0.979764 0.185982 44.2679 -0.746925 0.0689543 -0.661416 -264.231
-0.660425 -0.190801 0.726323 532.04 -0.0763655 0.979252 0.187812 44.7367 -0.747086 0.0685645 -0.661282 -265.987
-0.663376 -0.190482 0.723709 533.971 -0.0779659 0.979411 0.186319 45.1996 -0.744292 0.0671703 -0.66456 -267.722
-0.662046 -0.189846 0.725098 535.922 -0.0790145 0.979697 0.184366 45.6766 -0.745374 0.0647603 -0.663594 -269.48
-0.662323 -0.189135 0.725024 537.851 -0.0782181 0.979802 0.184146 46.1422 -0.745202 0.0652495 -0.663731 -271.217
-0.664924 -0.192388 0.721788 539.787 -0.0782249 0.978904 0.188862 46.6285 -0.742892 0.0691122 -0.665935 -272.979
-0.661936 -0.194505 0.723957 541.724 -0.07794 0.978393 0.191603 47.1135 -0.745576 0.0703987 -0.662785 -274.728
-0.662329 -0.193404 0.7239 543.682 -0.076394 0.978528 0.191541 47.5989 -0.745397 0.0715561 -0.662872 -276.492
-0.663967 -0.192998 0.722499 545.62 -0.0764037 0.978595 0.191194 48.0958 -0.743927 0.0717401 -0.664492 -278.239
-0.66208 -0.193295 0.724159 547.572 -0.0766915 0.978592 0.191097 48.5759 -0.745589 0.070979 -0.66272 -279.993
-0.662929 -0.193743 0.723252 549.499 -0.0755657 0.978341 0.192815 49.0552 -0.744938 0.0731643 -0.663202 -281.712
-0.662479 -0.193923 0.723627 551.451 -0.0742821 0.978179 0.19414 49.5508 -0.745479 0.0748553 -0.662418 -283.489
-0.661556 -0.195501 0.724037 553.398 -0.0749888 0.977849 0.195519 50.0437 -0.746216 0.0750467 -0.661554 -285.239
-0.662189 -0.196505 0.723196 555.339 -0.0765366 0.977716 0.195588 50.5586 -0.745509 0.0741594 -0.662463 -286.995
-0.659674 -0.198481 0.724943 557.285 -0.0786811 0.977458 0.196021 51.0611 -0.747501 0.0722656 -0.660413 -288.751
-0.659473 -0.199702 0.724801 559.21 -0.0802594 0.977285 0.196248 51.5621 -0.747522 0.0712425 -0.660512 -290.482
-0.659219 -0.201651 0.724482 561.116 -0.0828628 0.977007 0.196543 52.0481 -0.74745 0.0695266 -0.660764 -292.178
-0.658012 -0.204364 0.724831 563.065 -0.0842918 0.976431 0.198787 52.5503 -0.748367 0.069701 -0.659721 -293.926
-0.658542 -0.204292 0.724359 564.989 -0.0841257 0.976422 0.198902 53.0483 -0.747907 0.0700424 -0.660194 -295.663
-0.657114 -0.202564 0.72615 566.94 -0.0822324 0.976754 0.198063 53.5499 -0.749384 0.0704307 -0.658488 -297.409
-0.656665 -0.202167 0.726655 568.87 -0.0817407 0.976827 0.197904 54.0534 -0.74982 0.0705539 -0.657967 -299.141
-0.656878 -0.203651 0.72606 570.785 -0.0819451 0.976436 0.199748 54.5607 -0.749623 0.0717063 -0.658079 -300.853
-0.655319 -0.203273 0.727562 572.74 -0.0816842 0.976555 0.199268 55.0617 -0.751003 0.0711479 -0.656552 -302.594
-0.654017 -0.202933 0.728838 574.635 -0.0814182 0.976656 0.198881 55.5445 -0.752179 0.0707244 -0.655264 -304.282
-0.653133 -0.20309 0.729576 576.6 -0.0820055 0.976691 0.198469 56.0569 -0.75287 0.0697914 -0.654556 -306.023
-0.65271 -0.203313 0.729903 578.561 -0.0819522 0.976637 0.198762 56.5641 -0.753256 0.0699098 -0.654113 -307.743
-0.651804 -0.204631 0.730334 580.516 -0.0820467 0.976308 0.200328 57.073 -0.754016 0.0706476 -0.653144 -309.481
-0.651407 -0.204914 0.730619 582.421 -0.0811578 0.976156 0.201427 57.5741 -0.754469 0.071909 -0.652497 -311.165
-0.651322 -0.206937 0.730115 584.399 -0.0826234 0.975738 0.202851 58.1031 -0.75437 0.0717906 -0.65261 -312.913
-0.652795 -0.207438 0.728666 586.349 -0.0830583 0.975602 0.203332 58.6022 -0.753061 0.0722055 -0.654088 -314.612
-0.653422 -0.206338 0.728406 588.325 -0.0822437 0.975814 0.202647 59.1226 -0.752593 0.0725012 -0.65458 -316.367
-0.654295 -0.206747 0.727517 590.284 -0.0817355 0.975626 0.203753 59.6438 -0.751903 0.0738434 -0.655236 -318.105
-0.654698 -0.207194 0.727016 592.196 -0.0811818 0.975435 0.204887 60.1524 -0.7516 0.0751124 -0.655427 -319.809
-0.65316 -0.207756 0.728247 594.159 -0.0809087 0.975292 0.205674 60.6893 -0.752978 0.0754094 -0.653822 -321.554
-0.652312 -0.207625 0.729036 596.103 -0.0810454 0.975367 0.205265 61.2005 -0.753687 0.0748053 -0.653062 -323.259
-0.65227 -0.206604 0.729372 598.025 -0.0811821 0.975667 0.203777 61.7119 -0.753719 0.0736987 -0.653162 -324.952
-0.650872 -0.206064 0.730764 599.991 -0.0808471 0.975824 0.203161 62.233 -0.754953 0.073145 -0.651787 -326.673
-0.65084 -0.20632 0.730729 601.902 -0.0809483 0.975762 0.203414 62.7508 -0.75498 0.0732313 -0.651757 -328.374
-0.650255 -0.207263 0.730973 603.893 -0.0800584 0.975428 0.20536 63.2706 -0.755568 0.0750097 -0.650862 -330.11
-0.650388 -0.208653 0.730468 605.873 -0.0799114 0.975016 0.207362 63.7945 -0.755479 0.076486 -0.650803 -331.843
-0.651297 -0.209564 0.729388 607.823 -0.0802215 0.974763 0.208433 64.3221 -0.754654 0.0772327 -0.651663 -333.56
-0.650303 -0.210124 0.730123 609.779 -0.0797908 0.974587 0.209418 64.8562 -0.755565 0.0779205 -0.650535 -335.279
-0.649564 -0.21069 0.730609 611.719 -0.079873 0.974455 0.209998 65.387 -0.756183 0.0780448 -0.64979 -336.974
-0.64893 -0.211453 0.730961 613.651 -0.0800891 0.974276 0.210746 65.9177 -0.756713 0.0782097 -0.649165 -338.665
-0.647007 -0.213183 0.732155 615.609 -0.0800997 0.973835 0.212771 66.4583 -0.75835 0.0790125 -0.647144 -340.375
-0.647029 -0.213707 0.731992 617.566 -0.0801838 0.97369 0.213402 67.0002 -0.758331 0.0793751 -0.647133 -342.083
-0.647399 -0.214392 0.731455 619.5 -0.080173 0.973478 0.214372 67.534 -0.758008 0.0801349 -0.647408 -343.766
-0.646648 -0.214536 0.732086 621.476 -0.0791931 0.973355 0.215296 68.0783 -0.75876 0.0812359 -0.646399 -345.497
-0.646782 -0.214782 0.731886 623.421 -0.0788314 0.973239 0.215948 68.6195 -0.758675 0.0819689 -0.646395 -347.182
-0.645479 -0.215809 0.732745 625.394 -0.0782061 0.972909 0.217659 69.1648 -0.759858 0.0831803 -0.644862 -348.895
-0.645395 -0.215731 0.732831 627.361 -0.0776723 0.972877 0.217993 69.7106 -0.759975 0.083764 -0.644636 -350.601
-0.645358 -0.215082 0.733066 629.307 -0.0776962 0.973073 0.217109 70.2455 -0.760014 0.0831476 -0.644684 -352.282
-0.644128 -0.213493 0.734599 631.266 -0.0753002 0.97332 0.216847 70.784 -0.761288 0.0843546 -0.643009 -353.98
-0.644233 -0.213634 0.734478 633.232 -0.0741953 0.973151 0.217984 71.3306 -0.761317 0.085929 -0.642779 -355.665
-0.644273 -0.214468 0.73419 635.176 -0.0735251 0.972825 0.219659 71.883 -0.761341 0.0875314 -0.642523 -357.345
-0.643147 -0.214805 0.735089 637.146 -0.0721754 0.972607 0.221072 72.4417 -0.76243 0.0891169 -0.641024 -359.04
-0.643656 -0.215444 0.734445 639.077 -0.0716266 0.972331 0.222456 72.9934 -0.762043 0.0905716 -0.641267 -360.712
-0.643092 -0.215667 0.734885 641.086 -0.070775 0.972183 0.22338 73.5703 -0.762607 0.0916329 -0.640458 -362.435
