1 0.000750205 0.00130385 0.00157063 -0.000749955 0.999999 -0.000114518 -0.0322702 -0.00130387 0.000113527 1 1.23344
0.999994 0.00131327 0.00355905 -0.0153886 -0.00131445 0.999999 0.000338739 -0.0530328 -0.00355856 -0.000343427 0.999995 2.48
0.999993 0.000827664 0.00414505 -0.0121779 -0.000832825 0.999999 0.00126192 -0.0819024 -0.00414399 -0.00126538 0.999994 3.70148
0.999987 0.000513911 0.0052897 -0.0178898 -0.000522594 0.999998 0.00162805 -0.105235 -0.00528884 -0.00163085 0.999985 4.9249
0.999986 0.000439783 0.00573218 -0.0149373 -0.000450127 0.999998 0.00181927 -0.125495 -0.00573152 -0.00182183 0.999986 6.139
0.99998 0.000779669 0.00657864 -0.016966 -0.000784408 0.999999 0.00070533 -0.145005 -0.00657797 -0.000710591 0.99998 7.34194
0.999987 0.000619113 0.00567831 0.00409535 -0.000621631 1 0.000445235 -0.16463 -0.00567795 -0.000448756 0.999988 8.54457
0.999988 -4.01987e-05 0.00525821 0.00698136 2.825e-05 0.999999 0.00224016 -0.192361 -0.0052582 -0.00224013 0.999987 9.73929
0.999994 -0.000804895 0.00443841 -0.0041141 0.000789211 0.999994 0.0035396 -0.217903 -0.00444106 -0.00353599 0.999989 10.9499
0.999997 -0.00215812 0.00239932 -0.0141528 0.0021511 0.999995 0.00287543 -0.232867 -0.00240534 -0.00287045 0.999997 12.174
1 -0.00144224 0.000284492 -0.0216808 0.00144193 0.999999 0.00126107 -0.23075 -0.000286126 -0.00126055 1.00001 13.3991
1 -0.00147029 -0.0012045 -0.0355858 0.00147212 0.999998 0.0016542 -0.262547 0.00120236 -0.00165624 1 14.6109
1 0.000162964 -0.00138135 -0.0579538 -0.000161245 1 0.00123524 -0.277669 0.00138173 -0.00123493 1.00001 15.8305
0.999999 -1.66019e-05 -0.00284626 -0.0559498 1.95862e-05 1 0.00104902 -0.295588 0.00284658 -0.00104937 1 17.0391
0.999997 -0.0007379 -0.00303187 -0.0717041 0.000743939 0.999997 0.00200299 -0.327829 0.00303059 -0.00200507 1 18.2687
0.999999 -0.0009456 -0.00332439 -0.0860644 0.000955179 0.999995 0.00288701 -0.355376 0.00332197 -0.0028906 0.999995 19.4851
0.999999 -0.000247627 -0.00311605 -0.110072 0.000256607 0.999996 0.00290402 -0.383189 0.00311543 -0.00290453 0.999999 20.6956
0.999997 0.000111694 -0.00428212 -0.113728 -9.91013e-05 0.999995 0.00293027 -0.408991 0.00428279 -0.0029301 0.999992 21.9027
0.999985 0.00136798 -0.00597136 -0.117031 -0.00134839 0.999995 0.00332479 -0.42291 0.00597614 -0.00331653 0.999987 23.1151
0.999976 0.0012579 -0.00770553 -0.117623 -0.00123664 0.999995 0.00275827 -0.435617 0.00770935 -0.00274891 0.999972 24.3403
0.999969 0.00149935 -0.0082337 -0.142979 -0.00148428 0.999999 0.00185418 -0.453832 0.00823674 -0.00184183 0.999976 25.5743
0.999968 0.00205233 -0.00858438 -0.169892 -0.00202947 0.999993 0.00266849 -0.471144 0.00859018 -0.00265126 0.999965 26.8104
0.999957 0.000392768 -0.00979715 -0.176369 -0.000349881 0.999992 0.0043887 -0.486992 0.00979907 -0.00438505 0.999956 28.0551
0.999949 -0.000246875 -0.0106837 -0.201193 0.000293634 0.999989 0.00438315 -0.505211 0.0106829 -0.00438641 0.999939 29.2549
0.999936 -0.000533377 -0.0118519 -0.216578 0.000579938 0.999993 0.00393699 -0.522578 0.01185 -0.00394356 0.999935 30.4771
0.99992 -0.000986478 -0.0131649 -0.233166 0.00101943 0.999995 0.00250633 -0.531483 0.0131629 -0.00251997 0.999916 31.6959
0.999907 -0.000282397 -0.0141599 -0.257196 0.000325363 0.999996 0.00304835 -0.556747 0.0141594 -0.00305257 0.999908 32.9032
0.999882 -0.00123517 -0.0157763 -0.273798 0.00128501 0.999992 0.0031625 -0.570264 0.0157729 -0.00318283 0.999877 34.1155
0.99987 -0.00139745 -0.016539 -0.30072 0.00146587 0.999991 0.00414154 -0.594534 0.0165335 -0.00416515 0.999869 35.3316
0.999835 -0.00144515 -0.0184841 -0.315526 0.00152848 0.999988 0.00451171 -0.616103 0.0184779 -0.0045397 0.999825 36.5479
0.999821 -0.00170167 -0.0193602 -0.341388 0.00178787 0.999989 0.00444467 -0.631912 0.0193532 -0.00447856 0.999816 37.7422
0.9998 -0.00255232 -0.0202162 -0.362431 0.00266164 0.999982 0.00539151 -0.652341 0.0202028 -0.00544481 0.999789 38.9726
0.999792 -0.00236413 -0.0207146 -0.385564 0.00250244 0.999975 0.00666183 -0.669845 0.0206991 -0.00671237 0.999778 40.1907
0.999766 -0.00205571 -0.0219452 -0.403671 0.00222883 0.999967 0.00787828 -0.691531 0.021929 -0.00792589 0.999736 41.4278
0.999756 -0.0014756 -0.0224216 -0.436307 0.00164639 0.99997 0.00761038 -0.708612 0.0224106 -0.00764555 0.999734 42.6458
0.999751 -0.000600662 -0.0226988 -0.473008 0.000782028 0.999968 0.00799077 -0.728431 0.022694 -0.00800705 0.999719 43.8648
0.999731 0.00182181 -0.023513 -0.499104 -0.00159255 0.999952 0.00977502 -0.738968 0.0235305 -0.00973508 0.999692 45.0768
0.999743 0.00253541 -0.0228847 -0.524878 -0.0022214 0.999903 0.0137431 -0.760266 0.022918 -0.0136893 0.999652 46.2926
0.999766 0.00319809 -0.0218093 -0.553851 -0.00281711 0.999844 0.0174856 -0.775382 0.0218626 -0.0174202 0.999625 47.5165
0.999809 0.00377006 -0.0196956 -0.599644 -0.00334581 0.999763 0.0215407 -0.784797 0.0197728 -0.0214713 0.999585 48.7585
0.999819 0.00357427 -0.0192265 -0.621655 -0.0031242 0.999722 0.0234072 -0.784946 0.0193057 -0.023343 0.999555 49.973
0.999841 0.00203353 -0.0183445 -0.646433 -0.0016266 0.999753 0.0221917 -0.776996 0.0183859 -0.022159 0.999598 51.1911
0.999843 0.00372094 -0.0179317 -0.673212 -0.003333 0.999762 0.0216322 -0.782528 0.0180089 -0.0215692 0.99962 52.4064
0.999888 0.00387428 -0.0152962 -0.74487 -0.00354561 0.999764 0.0214799 -0.780207 0.015377 -0.0214239 0.999664 53.6145
0.999905 0.0035387 -0.0141982 -0.784432 -0.00324727 0.999786 0.02052 -0.768461 0.0142688 -0.0204721 0.999703 54.8489
0.999914 0.00324082 -0.0136875 -0.829485 -0.00297845 0.999812 0.0191768 -0.760951 0.0137482 -0.0191351 0.999733 56.0582
0.9999 0.00362476 -0.0145294 -0.864924 -0.00333662 0.9998 0.0198223 -0.760283 0.0145994 -0.019772 0.999713 57.2983
0.999868 0.00384874 -0.0165706 -0.886401 -0.00349017 0.999761 0.0216462 -0.762788 0.016651 -0.0215862 0.99964 58.4878
0.999857 0.00328672 -0.0173537 -0.921449 -0.00290659 0.999757 0.0218997 -0.760638 0.0174225 -0.0218463 0.999624 59.7161
0.999834 0.00428999 -0.0184818 -0.949881 -0.00389362 0.999763 0.021458 -0.753017 0.0185706 -0.021383 0.999612 60.966
0.999804 0.00525851 -0.0197667 -0.973702 -0.00481545 0.999739 0.0224143 -0.760383 0.0198805 -0.022315 0.999568 62.1704
0.9998 0.00357916 -0.0204005 -1.00181 -0.00314266 0.999767 0.0214174 -0.753347 0.0204734 -0.0213496 0.999576 63.3959
0.999785 0.00226216 -0.0212623 -1.02773 -0.0018378 0.999801 0.0199835 -0.745506 0.0213044 -0.0199404 0.999591 64.6142
0.999764 0.00149653 -0.022343 -1.05646 -0.00103857 0.99979 0.020524 -0.734096 0.0223702 -0.0204966 0.999554 65.8345
0.999753 0.00100645 -0.022836 -1.09792 -0.000503871 0.99976 0.0220326 -0.733045 0.0228538 -0.0220159 0.999514 67.0281
0.999763 0.00224011 -0.0223248 -1.14045 -0.00179396 0.9998 0.0200234 -0.725428 0.0223664 -0.0199792 0.999566 68.2583
0.999743 0.00389532 -0.0230162 -1.16777 -0.00347346 0.999828 0.0183722 -0.71482 0.023085 -0.0182877 0.999585 69.4799
0.999738 0.00591914 -0.0228093 -1.2172 -0.0055004 0.999818 0.0184127 -0.711171 0.0229154 -0.0182831 0.999587 70.6955
0.999707 0.00775115 -0.0235853 -1.24672 -0.00731849 0.999805 0.0184047 -0.708981 0.0237247 -0.0182269 0.999571 71.9024
0.999705 0.00902558 -0.0232533 -1.28947 -0.0085332 0.999741 0.0212219 -0.73803 0.0234401 -0.0210179 0.999521 73.1119
0.999734 0.00935329 -0.02183 -1.33337 -0.00883772 0.999682 0.0236288 -0.75206 0.0220454 -0.0234297 0.9995 74.3247
0.999759 0.0117456 -0.0194302 -1.37544 -0.0112622 0.999632 0.0248431 -0.750669 0.0197161 -0.024619 0.99952 75.5212
0.999806 0.0103446 -0.0177231 -1.39594 -0.00993551 0.999686 0.0230573 -0.753243 0.0179573 -0.0228768 0.999594 76.7307
0.999861 0.00730337 -0.0161217 -1.41016 -0.00701756 0.999822 0.0177662 -0.748588 0.0162498 -0.0176513 0.99973 77.9394
0.999873 0.00820702 -0.0148867 -1.42397 -0.00793471 0.999802 0.0183151 -0.751572 0.0150353 -0.0181949 0.999739 79.1299
0.999914 0.00684699 -0.0126516 -1.4376 -0.00657601 0.999753 0.0214063 -0.746297 0.0127964 -0.021322 0.999708 80.3212
0.999954 0.00817445 -0.00782023 -1.47027 -0.00799804 0.999716 0.022458 -0.745944 0.0080034 -0.0223946 0.999738 81.5025
0.999954 0.0103858 -0.00429462 -1.47001 -0.0103017 0.999763 0.0193759 -0.72716 0.00449618 -0.0193313 0.999821 82.7029
0.99996 0.0107767 -0.00121285 -1.47128 -0.0107577 0.999822 0.0155158 -0.722787 0.00138175 -0.0155025 0.9999 83.8843
0.99997 0.00950596 0.00257494 -1.47561 -0.00953749 0.999883 0.01226 -0.727772 -0.00245663 -0.0122848 0.999942 85.0575
0.999967 0.00825819 0.00597993 -1.47163 -0.00832695 0.999901 0.0113689 -0.737165 -0.00588352 -0.0114186 0.99994 86.2374
0.999947 0.00697855 0.00978752 -1.46998 -0.00710545 0.999895 0.0129244 -0.742366 -0.00969489 -0.0129938 0.999889 87.4039
0.999894 0.00822777 0.0136567 -1.46239 -0.00841598 0.999871 0.0136972 -0.755521 -0.0135403 -0.013811 0.999838 88.5924
0.999881 0.0071126 0.0151169 -1.42636 -0.00728528 0.999914 0.0113599 -0.75974 -0.0150335 -0.0114693 0.999843 89.7604
0.999849 0.0071836 0.0171702 -1.39987 -0.00734425 0.999931 0.00923808 -0.774729 -0.0171008 -0.00936311 0.999836 90.9196
0.999793 0.00730459 0.0200237 -1.38243 -0.00750682 0.999927 0.0100097 -0.7917 -0.0199479 -0.0101586 0.999771 92.0853
0.999759 0.00617761 0.0221698 -1.35319 -0.00642908 0.999917 0.0112361 -0.793988 -0.0220967 -0.0113761 0.999718 93.2558
0.999722 0.00566292 0.0237827 -1.31259 -0.00596476 0.999908 0.0126035 -0.797852 -0.023708 -0.0127424 0.999661 94.4347
0.999705 0.00379007 0.0249838 -1.27038 -0.00415306 0.999888 0.014442 -0.80775 -0.0249244 -0.0145417 0.999612 95.6025
0.999554 0.00207388 0.030531 -1.28156 -0.00253438 0.99989 0.015015 -0.804573 -0.0304952 -0.0150863 0.999447 96.7684
0.99953 0.00158491 0.0314321 -1.23598 -0.00201628 0.999908 0.0136636 -0.823092 -0.0314049 -0.0137211 0.999443 97.9368
0.999489 -9.33797e-05 0.0326893 -1.19705 -0.000226727 0.999959 0.00975112 -0.823689 -0.0326874 -0.00975419 0.999445 99.1209
0.999484 0.000743419 0.0329075 -1.14802 -0.000982072 0.999977 0.00720316 -0.835249 -0.0328986 -0.00723225 0.999463 100.299
0.999469 0.000297785 0.0332954 -1.10029 -0.000498447 0.999989 0.00598031 -0.834862 -0.0332916 -0.00599463 0.999456 101.487
0.999498 0.00175569 0.0324731 -1.06323 -0.00197757 0.999978 0.00677061 -0.836776 -0.0324574 -0.00683187 0.99948 102.634
0.99961 0.000674716 0.0287234 -0.977663 -0.00091941 0.999971 0.00847549 -0.853983 -0.0287149 -0.00849972 0.999575 103.84
0.999691 -0.000741497 0.0259124 -0.90267 0.000482448 0.999953 0.00996317 -0.86435 -0.0259155 -0.00994803 0.999644 105.062
0.999771 -0.00142357 0.0223509 -0.861497 0.00118276 0.999947 0.010739 -0.876016 -0.0223632 -0.0107112 0.999715 106.26
0.999847 -0.00156962 0.0189025 -0.830764 0.00135788 0.99994 0.0111542 -0.886129 -0.0189158 -0.0111274 0.999788 107.484
0.999924 -0.00466315 0.0130806 -0.797928 0.00454128 0.999955 0.00925328 -0.89518 -0.0131205 -0.0091943 0.9999 108.681
0.999996 -0.00305612 0.00729835 -0.777073 0.00298743 0.999956 0.00924543 -0.911849 -0.0073231 -0.00922401 0.999964 109.886
1.00001 -0.00374268 0.00194718 -0.747851 0.00372366 0.999958 0.00914044 -0.92062 -0.00197852 -0.0091344 0.999986 111.148
1.00002 -0.00264207 -0.00213093 -0.763087 0.00266351 0.999942 0.0107134 -0.935383 0.0021059 -0.0107197 0.999975 112.393
0.999993 -0.00299998 -0.00688289 -0.80178 0.00307679 0.999936 0.0113478 -0.942318 0.00685133 -0.01137 0.99994 113.598
0.999953 -0.00268035 -0.0119201 -0.826873 0.00281584 0.999934 0.0114557 -0.942428 0.0118925 -0.0114892 0.999899 114.827
0.999867 0.000130655 -0.0175967 -0.86046 9.82829e-05 0.99992 0.0130708 -0.94007 0.0175998 -0.0130718 0.999789 116.053
0.999732 0.00088836 -0.0243135 -0.933278 -0.00054253 0.999902 0.0142587 -0.962551 0.0243281 -0.0142422 0.999637 117.226
0.999608 0.000661182 -0.0287011 -1.01485 -0.0002292 0.999891 0.0150925 -0.992085 0.0287109 -0.0150813 0.999502 118.623
0.999463 0.000647908 -0.0337171 -1.07238 -0.000155213 0.999897 0.0146381 -1.00753 0.0337275 -0.0146256 0.999362 119.916
0.999323 0.00225046 -0.037245 -1.11774 -0.0016623 0.99988 0.0158443 -1.02567 0.0372791 -0.015773 0.999208 121.194
0.999193 0.00321794 -0.0408975 -1.16252 -0.00257643 0.999878 0.0157515 -1.04233 0.0409476 -0.015634 0.99908 122.419
0.999209 0.00421014 -0.0400752 -1.25274 -0.00358976 0.999878 0.0155798 -1.04602 0.040139 -0.015425 0.999104 123.675
0.999204 0.00628556 -0.0402534 -1.33219 -0.00566218 0.999867 0.0156066 -1.04389 0.0403505 -0.0153668 0.999108 124.962
0.999187 0.00806049 -0.0400083 -1.42194 -0.00740075 0.99984 0.0166482 -1.0415 0.0401392 -0.01634 0.99909 126.243
0.999288 0.0079424 -0.0377994 -1.53171 -0.00728215 0.999823 0.0175973 -1.05064 0.0379368 -0.0173101 0.99917 127.485
0.999252 0.0125163 -0.0371524 -1.62383 -0.0117875 0.999741 0.0198037 -1.04965 0.0373935 -0.0193524 0.999144 128.762
0.999198 0.0135699 -0.038602 -1.66783 -0.0126926 0.999662 0.022909 -1.0445 0.0389041 -0.0224013 0.999033 130.018
0.999169 0.0119319 -0.03949 -1.7404 -0.0110708 0.999704 0.0219826 -1.021 0.0397436 -0.0215285 0.999009 131.317
0.999155 0.0115428 -0.0403418 -1.80581 -0.0107486 0.99975 0.0198739 -1.00421 0.0405654 -0.0194241 0.999029 132.622
0.999085 0.00790111 -0.0425201 -1.85454 -0.00705234 0.99978 0.0201065 -0.98429 0.0426726 -0.0197896 0.998924 133.92
0.998987 0.00536873 -0.0454591 -1.89723 -0.00439399 0.999763 0.0215386 -0.97575 0.0455683 -0.0213178 0.998776 135.2
0.998915 0.00147935 -0.0469911 -1.95029 -0.000417782 0.99975 0.0226257 -0.961297 0.0470158 -0.022583 0.998671 136.481
0.998904 -0.000703302 -0.0475429 -2.01655 0.00179588 0.999739 0.0229663 -0.945756 0.0475185 -0.0230274 0.998648 137.753
0.998888 -0.00473815 -0.0473527 -2.08247 0.0057451 0.999765 0.0211862 -0.940753 0.0472443 -0.0214362 0.998685 139.045
0.998804 -0.00770263 -0.0490301 -2.1347 0.00870754 0.999759 0.0203394 -0.936907 0.0488659 -0.0207429 0.998633 140.344
0.998713 -0.00889225 -0.0503527 -2.18648 0.00993425 0.999746 0.0205157 -0.936671 0.0501605 -0.0209911 0.998552 141.625
0.998693 -0.00897073 -0.0510492 -2.24716 0.0100392 0.999739 0.020735 -0.927645 0.0508542 -0.0212213 0.998524 142.905
0.998626 -0.0089457 -0.0520514 -2.3048 0.0100972 0.999713 0.0219301 -0.907266 0.0518433 -0.0224271 0.998436 144.194
0.998617 -0.00651505 -0.052907 -2.36432 0.00772545 0.999718 0.0227283 -0.889286 0.0527484 -0.0231065 0.998386 145.484
0.998683 -0.00620217 -0.0513727 -2.45713 0.00726457 0.999768 0.0205489 -0.874915 0.0512362 -0.0208966 0.998502 146.78
0.998642 -0.00560789 -0.0525391 -2.51231 0.00659431 0.999811 0.0186443 -0.868629 0.052429 -0.0189664 0.998491 148.058
0.998672 -0.00596363 -0.0516023 -2.60258 0.00676908 0.999864 0.0154777 -0.860936 0.0515059 -0.0158078 0.998583 149.379
0.998733 -0.00735406 -0.0505965 -2.6878 0.0079244 0.999914 0.0111053 -0.863135 0.0505149 -0.0114932 0.998704 150.662
0.998797 -0.007034 -0.0489976 -2.7757 0.00738994 0.999954 0.00711823 -0.875792 0.0489483 -0.00747289 0.998809 151.936
0.998824 -0.00712378 -0.0487967 -2.85433 0.00744288 0.999959 0.00638534 -0.895208 0.0487536 -0.00674207 0.998835 153.228
0.998805 -0.00667369 -0.048886 -2.92442 0.00706251 0.99995 0.00781584 -0.924995 0.0488346 -0.00815293 0.998809 154.488
0.99878 -0.00585599 -0.0498323 -2.99491 0.00630361 0.999948 0.00885607 -0.946874 0.049782 -0.00916046 0.998767 155.795
0.998761 -0.00504613 -0.0499673 -3.06397 0.00556259 0.999937 0.0102309 -0.962649 0.0499157 -0.0104973 0.998733 157.068
0.998703 -0.00472369 -0.0514579 -3.12389 0.00527337 0.999937 0.0105779 -0.968849 0.0514088 -0.0108366 0.998669 158.353
0.998586 -0.0045195 -0.0534035 -3.18072 0.00507452 0.999939 0.0102865 -0.980079 0.0533568 -0.0105442 0.998555 159.616
0.998528 -0.00345796 -0.0548442 -3.24869 0.00409041 0.999932 0.0114518 -1.00108 0.054805 -0.0116603 0.99848 160.881
0.998389 -0.00376103 -0.0570195 -3.31406 0.0045182 0.999908 0.0131787 -1.02263 0.0569676 -0.0134163 0.998321 162.202
0.998413 -0.0031316 -0.056929 -3.41551 0.00391624 0.999904 0.0137036 -1.03548 0.0568848 -0.0139059 0.998335 163.542
0.998254 -0.00259954 -0.0593829 -3.47197 0.00335702 0.999919 0.012683 -1.04149 0.0593482 -0.0128615 0.998188 164.799
0.998293 -0.00241508 -0.0590407 -3.57193 0.00312405 0.99993 0.0119461 -1.05643 0.0590119 -0.0121112 0.998236 166.078
0.998214 -0.00153402 -0.0601089 -3.64866 0.00228232 0.999927 0.0124091 -1.07169 0.0600886 -0.0125254 0.99815 167.337
0.998145 -0.00201264 -0.0615007 -3.73037 0.00271769 0.999938 0.0114075 -1.07855 0.0614781 -0.0115545 0.998094 168.662
0.998123 -0.00144256 -0.0616184 -3.82904 0.00208258 0.999952 0.010351 -1.08744 0.0616036 -0.0104609 0.998082 169.939
0.997977 -0.000806352 -0.0642229 -3.89651 0.00155769 0.999938 0.0116739 -1.10897 0.0642137 -0.0117514 0.99792 171.222
0.997921 0.000150154 -0.0648411 -3.99317 0.000728754 0.999915 0.0135566 -1.12459 0.0648408 -0.0135768 0.99784 172.504
0.997775 0.000608135 -0.0672819 -4.06698 0.000330676 0.99991 0.0139612 -1.12717 0.0672888 -0.0139533 0.997688 173.779
0.997632 0.00127579 -0.0691351 -4.15857 -0.000311315 0.99991 0.0139842 -1.12668 0.0691498 -0.0139306 0.997546 175.053
0.997597 0.00239483 -0.0698403 -4.26401 -0.00138284 0.999901 0.0145536 -1.13421 0.0698728 -0.0144229 0.997504 176.314
0.997612 0.0026458 -0.0693968 -4.38687 -0.00167465 0.999907 0.0140727 -1.14572 0.0694306 -0.013924 0.997528 177.602
0.997541 0.00361773 -0.0706023 -4.47984 -0.00268784 0.999916 0.0132798 -1.14594 0.0706489 -0.0130583 0.997469 178.889
0.997521 0.00422453 -0.070611 -4.59275 -0.00327746 0.999911 0.013546 -1.14935 0.0706649 -0.0132821 0.99745 180.171
0.997594 0.0040387 -0.0698286 -4.70937 -0.00318462 0.999927 0.0123565 -1.15616 0.0698779 -0.0121053 0.997536 181.465
0.997562 0.00265602 -0.0701275 -4.80794 -0.00184903 0.999939 0.0115936 -1.17296 0.0701572 -0.0114367 0.997508 182.739
0.997491 -0.000334912 -0.0714059 -4.89011 0.00120887 0.999933 0.0122146 -1.1864 0.0714017 -0.0122712 0.997427 184.014
0.997346 0.000148874 -0.0731862 -4.97208 0.00106073 0.999871 0.016511 -1.19731 0.0731823 -0.0165459 0.997219 185.322
0.997351 -0.000726454 -0.0733356 -5.0703 0.00227019 0.999787 0.0209885 -1.20066 0.0733093 -0.0211002 0.997141 186.616
0.99731 0.000620426 -0.0736701 -5.16839 0.000867213 0.999804 0.0201826 -1.19627 0.0736713 -0.020193 0.997117 187.873
0.997342 0.0024454 -0.073434 -5.27444 -0.0012044 0.999866 0.0169596 -1.1947 0.0734704 -0.0168268 0.99721 189.135
0.997271 0.00236867 -0.0741731 -5.37276 -0.00124101 0.999891 0.0152704 -1.19981 0.0742042 -0.0151374 0.997168 190.377
0.997345 0.00318615 -0.0733579 -5.48493 -0.00210904 0.999897 0.0147765 -1.19543 0.0734022 -0.0145834 0.997252 191.63
0.997364 0.00456046 -0.0727978 -5.58989 -0.0034557 0.999885 0.0153157 -1.18911 0.0728624 -0.0150246 0.997269 192.879
0.997482 0.00503639 -0.0713967 -5.7028 -0.00383391 0.999857 0.0169904 -1.19021 0.0714769 -0.0166746 0.99736 194.143
0.997523 0.00554914 -0.0705286 -5.80625 -0.0043331 0.999848 0.0174049 -1.18566 0.0706175 -0.017057 0.997399 195.429
0.99757 0.00698661 -0.0699447 -5.89341 -0.00593633 0.999869 0.0152337 -1.16445 0.0700475 -0.0147822 0.997487 196.678
0.997787 0.00779584 -0.0664746 -6.00676 -0.00705724 0.999918 0.0113581 -1.12641 0.0665609 -0.0108645 0.997765 197.908
0.997916 0.00815664 -0.0646957 -6.09823 -0.00756004 0.99993 0.0094827 -1.13281 0.0647738 -0.00897468 0.997914 199.149
0.99796 0.0074533 -0.063875 -6.17793 -0.00688969 0.999941 0.00905976 -1.14527 0.063942 -0.00860184 0.997959 200.391
0.998022 0.00775717 -0.0631024 -6.25585 -0.00715941 0.999931 0.00971483 -1.15987 0.0631786 -0.00924476 0.998016 201.621
0.998135 0.00757954 -0.0610641 -6.34677 -0.00687174 0.999912 0.0118206 -1.17336 0.0611516 -0.0113797 0.998106 202.843
0.99819 0.00883643 -0.0602281 -6.42954 -0.00807926 0.99989 0.0128238 -1.18899 0.0603399 -0.0123149 0.998158 204.066
0.998155 0.00924557 -0.0605174 -6.50116 -0.00847126 0.999884 0.0130619 -1.19821 0.0606347 -0.0125259 0.998125 205.27
0.998123 0.00930337 -0.0612638 -6.56478 -0.00852504 0.999884 0.0129744 -1.20545 0.0613826 -0.0124287 0.998093 206.495
0.99825 0.00890818 -0.0589944 -6.67946 -0.00811424 0.999879 0.0137093 -1.22519 0.0591129 -0.0132074 0.998209 207.684
0.99834 0.00915553 -0.0576149 -6.77062 -0.00837068 0.999873 0.0138711 -1.23808 0.0577398 -0.0133667 0.998296 208.898
0.998444 0.00908856 -0.0555833 -6.86091 -0.00831373 0.99987 0.0141845 -1.24685 0.0557084 -0.0137011 0.998399 210.068
0.998534 0.00844629 -0.0542321 -6.94303 -0.00769894 0.999876 0.0139977 -1.25518 0.0543488 -0.0135606 0.998484 211.24
0.998457 0.00866665 -0.0554281 -6.99372 -0.00782317 0.999855 0.0154427 -1.27012 0.0555573 -0.0149861 0.998389 212.386
0.99844 0.00786508 -0.05602 -7.06181 -0.00694132 0.999842 0.0166881 -1.27998 0.0561473 -0.0162741 0.998345 213.55
0.998385 0.00772207 -0.0568754 -7.13598 -0.00679039 0.999844 0.0165824 -1.28648 0.0569981 -0.0161703 0.99829 214.708
0.998343 0.00848326 -0.0576356 -7.20089 -0.00755157 0.999843 0.0163854 -1.30128 0.0577704 -0.0159239 0.998259 215.806
0.998326 0.00844793 -0.0577915 -7.27856 -0.00755211 0.999853 0.0157267 -1.30852 0.0579192 -0.0152647 0.998252 216.907
0.998285 0.00885872 -0.0585799 -7.34644 -0.00791916 0.999842 0.0162709 -1.32223 0.0587196 -0.0157799 0.998205 217.985
0.998206 0.00858919 -0.0598311 -7.41776 -0.00763003 0.999844 0.0162697 -1.32923 0.0599649 -0.015785 0.998124 219.059
0.998064 0.00845657 -0.062323 -7.48123 -0.00737432 0.999822 0.0175966 -1.338 0.0624657 -0.0171039 0.997956 220.119
0.997899 0.00789426 -0.064858 -7.54744 -0.00663197 0.99979 0.0196864 -1.3459 0.0650033 -0.019216 0.997749 221.158
0.997752 0.0093864 -0.0670077 -7.62985 -0.00794525 0.999738 0.0217587 -1.34752 0.0671995 -0.0211784 0.99757 222.257
0.997353 0.00955609 -0.072591 -7.65591 -0.00801596 0.999743 0.0215074 -1.34369 0.0727817 -0.0208697 0.997181 223.219
0.997152 0.00946075 -0.0753807 -7.74201 -0.00799099 0.999778 0.0197914 -1.32638 0.0755565 -0.0191338 0.997012 224.284
0.996866 0.0094213 -0.0790099 -7.81682 -0.00793677 0.999792 0.0191103 -1.31362 0.0791774 -0.0184244 0.996741 225.268
0.99667 0.0102647 -0.0814128 -7.90731 -0.0086418 0.999764 0.0202767 -1.33095 0.0816071 -0.0195068 0.996528 226.213
0.996408 0.0105437 -0.0844671 -7.99142 -0.008897 0.99977 0.0198727 -1.33403 0.084661 -0.0190509 0.99628 227.142
0.996086 0.010685 -0.0882251 -8.06183 -0.00911798 0.999801 0.0181584 -1.32091 0.088407 -0.0172841 0.99599 228.058
0.995929 0.0110717 -0.0898745 -8.16864 -0.00955894 0.999812 0.0172659 -1.32379 0.0900526 -0.0163376 0.995855 228.938
0.995787 0.0122957 -0.0913449 -8.27553 -0.0107757 0.999803 0.017127 -1.33073 0.0915429 -0.0160718 0.995727 229.808
0.995524 0.0123919 -0.0940964 -8.36599 -0.0108636 0.999807 0.0167575 -1.34112 0.0942898 -0.0156613 0.995474 230.644
0.995328 0.0140015 -0.0959902 -8.46395 -0.0124085 0.999783 0.0171819 -1.35145 0.0962154 -0.0159118 0.99529 231.479
0.995285 0.0149538 -0.0962239 -8.55363 -0.0133038 0.999762 0.0177863 -1.35652 0.0964705 -0.0164234 0.995255 232.275
0.99536 0.0148375 -0.0955253 -8.64257 -0.0130764 0.999741 0.0190467 -1.3644 0.0957884 -0.0177104 0.995303 233.064
0.995425 0.014972 -0.0947708 -8.72467 -0.013149 0.999724 0.019853 -1.37041 0.0950456 -0.0185171 0.995355 233.821
0.995483 0.0155134 -0.0941422 -8.80422 -0.0137844 0.999732 0.0189987 -1.36738 0.094417 -0.0176164 0.995436 234.574
0.995536 0.0154165 -0.093532 -8.88218 -0.0138205 0.999755 0.01771 -1.37865 0.0937858 -0.0163392 0.995513 235.31
0.995603 0.0155545 -0.0928633 -8.9522 -0.0141391 0.999782 0.015889 -1.3838 0.0930953 -0.0145073 0.995612 236.049
0.995695 0.0156951 -0.0917841 -9.02466 -0.0144446 0.999802 0.0142981 -1.38447 0.0919942 -0.0129116 0.995731 236.772
0.99585 0.0162088 -0.0900459 -9.09982 -0.0149986 0.999796 0.0141084 -1.39001 0.0902612 -0.0127005 0.995896 237.501
0.99608 0.0161537 -0.087435 -9.17863 -0.015026 0.999804 0.0135664 -1.38746 0.0876409 -0.0122002 0.996134 238.239
0.996251 0.0174969 -0.0852327 -9.24661 -0.016523 0.999796 0.0121255 -1.37271 0.0854329 -0.010673 0.996345 238.957
0.996319 0.0178645 -0.0843257 -9.29834 -0.0169791 0.9998 0.0112315 -1.36855 0.0845137 -0.00975922 0.996431 239.676
0.996356 0.0166645 -0.0841724 -9.33512 -0.0158609 0.999828 0.0102126 -1.3697 0.0843335 -0.00884166 0.996456 240.398
0.996497 0.0166908 -0.0824368 -9.38162 -0.0157939 0.999816 0.0115487 -1.38663 0.0826187 -0.0102071 0.996586 241.114
0.996644 0.0156465 -0.0808935 -9.42029 -0.0146431 0.999816 0.0129891 -1.40169 0.0810872 -0.0117623 0.996697 241.821
0.996785 0.0145391 -0.079305 -9.46076 -0.0133874 0.999805 0.0150654 -1.43034 0.0795128 -0.0139563 0.996793 242.529
0.997055 0.0142846 -0.0759323 -9.52086 -0.0131932 0.99981 0.0148613 -1.43143 0.0761356 -0.0138171 0.997061 243.238
0.997212 0.0139138 -0.0738597 -9.56494 -0.0129762 0.999837 0.0131922 -1.41988 0.0740355 -0.0121981 0.997239 243.935
0.997363 0.0131302 -0.0719993 -9.60575 -0.0122945 0.999859 0.0120441 -1.41605 0.0721528 -0.0111284 0.997391 244.643
0.997587 0.0141386 -0.0685762 -9.66364 -0.0134999 0.999866 0.00980222 -1.4067 0.0687102 -0.00885387 0.997654 245.333
0.997696 0.0134956 -0.0671748 -9.69952 -0.0129463 0.999885 0.00861258 -1.40642 0.0672889 -0.00772439 0.997763 246.055
0.99777 0.0138019 -0.0659407 -9.73425 -0.0132034 0.999872 0.00953879 -1.41264 0.0660683 -0.00864792 0.997835 246.76
0.997921 0.0139571 -0.0636625 -9.78166 -0.0133088 0.999863 0.0106047 -1.42154 0.0638072 -0.00973672 0.997974 247.467
0.998043 0.0132076 -0.0618037 -9.824 -0.0125651 0.999867 0.0108122 -1.43081 0.0619427 -0.0100155 0.998087 248.189
0.998216 0.0128371 -0.0591105 -9.87308 -0.012351 0.999893 0.00859217 -1.4326 0.0592201 -0.00784807 0.998273 248.904
0.998321 0.0131938 -0.0571512 -9.91977 -0.0128557 0.999902 0.00632229 -1.43702 0.0572334 -0.0055779 0.998403 249.623
0.998413 0.0114784 -0.0559948 -9.96279 -0.0112011 0.999929 0.00527936 -1.44514 0.0560569 -0.00464492 0.998478 250.347
0.998398 0.0122082 -0.0560181 -10.0035 -0.0120103 0.999924 0.00391155 -1.44547 0.0560662 -0.00323342 0.99848 251.078
0.998402 0.0105915 -0.0563393 -10.0415 -0.0104197 0.999946 0.00335636 -1.45184 0.0563771 -0.00276499 0.998466 251.813
0.998401 0.0118332 -0.0560551 -10.0874 -0.0116882 0.999933 0.00295756 -1.45755 0.0560909 -0.0022984 0.998482 252.563
0.998374 0.0117792 -0.0566031 -10.1289 -0.0116466 0.999933 0.00268433 -1.46484 0.0566365 -0.00202182 0.998453 253.31
0.998378 0.0110865 -0.0566269 -10.171 -0.0110715 0.999944 0.000622878 -1.47082 0.0566353 4.23519e-06 0.998454 254.065
0.99842 0.00679226 -0.0565859 -10.2078 -0.00691976 0.999978 -0.00203889 -1.47631 0.0565763 0.0024259 0.998455 254.825
0.998466 0.00362307 -0.0560656 -10.2487 -0.00382435 0.999994 -0.00343272 -1.48015 0.0560574 0.00364093 0.998481 255.601
0.998475 0.00694138 -0.0556049 -10.2958 -0.0069388 0.99998 0.000257316 -1.48211 0.055611 0.000127684 0.998513 256.381
0.998474 0.0110018 -0.0549958 -10.3492 -0.0106285 0.999928 0.00711867 -1.50442 0.0550746 -0.00652447 0.998523 257.191
0.99848 0.00941091 -0.0551611 -10.3836 -0.00873847 0.999888 0.0124353 -1.53846 0.0552774 -0.0119357 0.99846 257.99
0.998586 0.00841156 -0.0534023 -10.4244 -0.00786623 0.999925 0.0104618 -1.54526 0.0534906 -0.0100281 0.998582 258.779
0.998852 0.00931292 -0.0479878 -10.4843 -0.00909491 0.999951 0.00477798 -1.55297 0.0480353 -0.00433738 0.998897 259.57
0.999042 0.0112968 -0.0434266 -10.5375 -0.0112958 0.999947 0.000327551 -1.55099 0.0434323 0.000162193 0.999121 260.387
0.999174 0.012611 -0.0398758 -10.5808 -0.0125797 0.999924 0.00106957 -1.56546 0.0398916 -0.000568483 0.999266 261.221
0.999347 0.0113301 -0.0357199 -10.626 -0.0112316 0.999944 0.00302373 -1.57334 0.0357564 -0.0026217 0.999422 262.067
0.999496 0.00882761 -0.0321185 -10.661 -0.00860756 0.999943 0.00702597 -1.59116 0.0321839 -0.00674749 0.999524 262.906
0.999577 0.00669569 -0.0300115 -10.6793 -0.00643868 0.999952 0.00874748 -1.60054 0.030073 -0.00855174 0.999576 263.756
0.999686 0.00716003 -0.026075 -10.7172 -0.00691651 0.999936 0.00946864 -1.60912 0.0261463 -0.00928696 0.99968 264.601
0.999726 0.0095156 -0.0236327 -10.7451 -0.00932606 0.999934 0.00821109 -1.62145 0.0237135 -0.00798997 0.999755 265.446
0.999747 0.00990798 -0.0225824 -10.7526 -0.00977195 0.999938 0.00617203 -1.63064 0.0226474 -0.0059514 0.99979 266.291
0.999801 0.0109187 -0.0195205 -10.7864 -0.0108133 0.999936 0.00560633 -1.62777 0.0195847 -0.00539566 0.999862 267.124
0.99984 0.0121718 -0.016607 -10.8013 -0.0120708 0.999914 0.00623761 -1.61971 0.0166868 -0.00603779 0.999909 267.993
0.999867 0.0146608 -0.012398 -10.8334 -0.0145735 0.999878 0.00725938 -1.6246 0.0125073 -0.00707924 0.999967 268.835
0.999876 0.0156776 -0.0103483 -10.8415 -0.0156074 0.99986 0.0069218 -1.62972 0.0104606 -0.00676111 0.999989 269.692
0.999907 0.0158224 -0.00679602 -10.8606 -0.0157859 0.99987 0.00570706 -1.63121 0.00688996 -0.00560066 1.00003 270.554
0.999937 0.0144554 -0.00457862 -10.8595 -0.0144375 0.999894 0.00409047 -1.62505 0.00464248 -0.00402577 1.00005 271.432
0.999981 0.0118012 -0.00315595 -10.8569 -0.0117925 0.999934 0.00354508 -1.61973 0.00320218 -0.00350921 1.00006 272.292
0.999998 0.0100467 -0.00308237 -10.8513 -0.0100376 0.999952 0.00328294 -1.6297 0.00312044 -0.00325362 1.00006 273.152
1.00001 0.00916021 -0.00415149 -10.8368 -0.00915398 0.999966 0.00216026 -1.62777 0.00417577 -0.00212371 1.00006 274.032
1.00001 0.0085844 -0.00301182 -10.8512 -0.00858301 0.999971 0.000874714 -1.62772 0.00302443 -0.000850369 1.00006 274.908
1.00002 0.0087811 -0.00249126 -10.8669 -0.00878173 0.99997 0.000806403 -1.63377 0.00250291 -0.00078593 1.00007 275.786
1.00001 0.00906143 -0.000848604 -10.902 -0.0090629 0.999967 -0.000343495 -1.63461 0.000850626 0.000349704 1.00007 276.662
1.00001 0.00915472 -0.00115539 -10.9228 -0.00915872 0.999966 -0.00134419 -1.64804 0.00114759 0.00135337 1.00007 277.518
1.00001 0.00927649 -0.00296944 -10.927 -0.00928639 0.999961 -0.00298662 -1.65959 0.00294684 0.00301271 1.00006 278.385
0.999985 0.010035 -0.00694052 -10.9137 -0.0100653 0.999952 -0.00399878 -1.67244 0.00690454 0.00406712 1.00004 279.255
0.999968 0.0108894 -0.00755965 -10.9354 -0.0109204 0.999941 -0.00388958 -1.69657 0.0075222 0.00397052 1.00003 280.114
0.999946 0.0126844 -0.0080795 -10.9744 -0.0127187 0.99992 -0.0039223 -1.71223 0.00803365 0.00402338 1.00004 280.944
0.99991 0.0127534 -0.0114565 -10.9748 -0.0127823 0.999925 -0.00232797 -1.74331 0.0114314 0.00247275 1 281.819
0.99987 0.013038 -0.0144721 -10.9872 -0.0130864 0.999919 -0.00309249 -1.73516 0.0144352 0.00328013 0.999967 282.696
0.999814 0.0128837 -0.0179806 -11.0154 -0.0129226 0.999925 -0.00196586 -1.73215 0.0179594 0.00219633 0.99991 283.547
0.999708 0.0120053 -0.0236016 -11.0285 -0.012027 0.999937 -0.000684416 -1.74652 0.0235966 0.000966759 0.999798 284.41
0.999526 0.0117724 -0.0305039 -11.0377 -0.0117847 0.99994 -0.000172684 -1.75598 0.0305056 0.000530578 0.999609 285.244
0.999317 0.0126341 -0.0363686 -11.0606 -0.0126731 0.999929 -0.000783504 -1.75767 0.0363609 0.00124251 0.999414 286.085
0.999105 0.011312 -0.0422253 -11.0839 -0.0112716 0.999946 0.00123146 -1.79332 0.0422425 -0.000755905 0.999183 286.915
0.998951 0.0106215 -0.0458636 -11.1412 -0.0105832 0.999953 0.00112925 -1.8042 0.0458785 -0.000644079 0.999024 287.708
0.998744 0.010908 -0.0501336 -11.1829 -0.0108858 0.999951 0.000749627 -1.81675 0.050145 -0.000204474 0.998819 288.508
0.998503 0.0115759 -0.0545585 -11.2259 -0.0115701 0.999943 0.000463855 -1.82891 0.0545659 0.000166781 0.998588 289.28
0.998317 0.0130929 -0.0575839 -11.2806 -0.0130589 0.999924 0.000994096 -1.8445 0.0575983 -0.000241871 0.998418 290.032
0.998103 0.0130506 -0.0611591 -11.3351 -0.0130425 0.999925 0.000571743 -1.85237 0.0611673 0.000225625 0.998206 290.761
0.997872 0.0110548 -0.0652392 -11.3939 -0.0110749 0.99995 7.58606e-05 -1.87106 0.0652425 0.000645335 0.997948 291.468
0.997526 0.0123293 -0.0700784 -11.453 -0.0124904 0.999931 -0.00182842 -1.8778 0.0700563 0.00269783 0.997618 292.157
0.997036 0.0147347 -0.0763624 -11.5167 -0.0151462 0.999884 -0.00479581 -1.87571 0.0762888 0.00593673 0.997147 292.839
0.996337 0.014938 -0.084939 -11.5885 -0.0155349 0.99987 -0.006343 -1.89893 0.0848383 0.0076376 0.996446 293.475
0.995427 0.0140358 -0.0951826 -11.6657 -0.0147924 0.999871 -0.00723403 -1.91542 0.0950752 0.00860728 0.995513 294.114
0.994218 0.0141192 -0.107036 -11.7762 -0.0150953 0.999862 -0.00829211 -1.90615 0.10691 0.00985807 0.994302 294.705
0.9923 0.0153493 -0.123445 -11.8828 -0.0163525 0.999848 -0.00710757 -1.92832 0.123323 0.00906971 0.992407 295.309
0.989656 0.0180837 -0.142763 -12.0044 -0.0191477 0.999808 -0.00606756 -1.94156 0.142631 0.00873636 0.98982 295.87
0.986399 0.019564 -0.16361 -12.1812 -0.0207793 0.999775 -0.00571468 -1.95641 0.163469 0.00903488 0.98659 296.431
0.982289 0.0205854 -0.186588 -12.3853 -0.0219918 0.999754 -0.00545851 -1.96854 0.186435 0.00946309 0.982508 297.005
0.977226 0.0214837 -0.21143 -12.5811 -0.0230852 0.999728 -0.00510601 -1.96528 0.211271 0.0098689 0.977462 297.502
0.970835 0.0215633 -0.23906 -12.8015 -0.0231625 0.999735 -0.00387267 -1.96418 0.238919 0.0092946 0.971085 298.018
0.961917 0.0217514 -0.272724 -12.9685 -0.0229859 0.999743 -0.00132959 -1.97998 0.272633 0.00754602 0.962177 298.511
0.951442 0.0227481 -0.307207 -13.1421 -0.0234372 0.999735 0.00145403 -1.99224 0.307164 0.00581411 0.951731 298.935
0.938718 0.0238628 -0.344054 -13.3512 -0.0237266 0.999716 0.00460874 -2.00685 0.344075 0.00383522 0.939024 299.418
0.924277 0.0251593 -0.381077 -13.5878 -0.0239304 0.999693 0.00796967 -2.0169 0.381166 0.00175046 0.924604 299.857
0.908113 0.0253865 -0.418115 -13.8601 -0.0229658 0.999684 0.0108231 -2.02741 0.418268 -0.000227888 0.908417 300.279
0.889289 0.0246275 -0.456834 -14.117 -0.0209326 0.999704 0.0131535 -2.02986 0.457029 -0.00213749 0.889549 300.683
0.866837 0.0241545 -0.498132 -14.3932 -0.0187349 0.999707 0.0158779 -2.05823 0.498379 -0.0044328 0.867042 301.162
0.841735 0.0241535 -0.539478 -14.72 -0.01683 0.999697 0.0185062 -2.08713 0.539769 -0.00650092 0.841894 301.613
0.814137 0.0236162 -0.580299 -15.0498 -0.0140202 0.99969 0.0210177 -2.10556 0.580624 -0.00897721 0.814222 302.001
0.783207 0.0234697 -0.621433 -15.3711 -0.0111313 0.999667 0.0237316 -2.11259 0.62179 -0.0116726 0.783213 302.345
0.749725 0.0248435 -0.661375 -15.7628 -0.010688 0.999629 0.0254367 -2.11873 0.661771 -0.0120034 0.749718 302.687
0.713326 0.024278 -0.700517 -16.151 -0.00780827 0.999623 0.0266986 -2.12388 0.700909 -0.0135781 0.713252 302.98
0.674392 0.0227992 -0.738105 -16.5667 -0.00231356 0.999594 0.0287652 -2.11352 0.738471 -0.0176931 0.674174 303.204
0.631413 0.0211683 -0.775254 -17.0027 0.00504647 0.999503 0.0314064 -2.08891 0.775543 -0.0237461 0.630996 303.417
0.584395 0.0210171 -0.811271 -17.4414 0.0103151 0.999403 0.0333239 -2.0656 0.811496 -0.0278447 0.58383 303.581
0.535289 0.0251234 -0.844385 -17.8647 0.00896878 0.999341 0.0354241 -2.04465 0.844729 -0.0265386 0.534713 303.669
0.484653 0.0314495 -0.874211 -18.3455 0.00427016 0.999267 0.0383181 -2.02918 0.874785 -0.0223059 0.484165 303.746
0.432294 0.035328 -0.901125 -18.7878 0.00109383 0.99922 0.0397027 -2.01103 0.901835 -0.0181523 0.431919 303.768
0.379656 0.0367043 -0.924466 -19.2951 0.00090616 0.999207 0.0400463 -1.98549 0.925213 -0.016043 0.379322 303.751
0.327349 0.0384207 -0.944203 -19.7564 0.00316447 0.999132 0.0417568 -1.96028 0.944998 -0.0166603 0.326943 303.689
0.272944 0.0399243 -0.961266 -20.1669 0.00452166 0.999082 0.0427814 -1.92783 0.962103 -0.0160247 0.272513 303.662
0.216548 0.0430543 -0.975403 -20.6333 0.00717312 0.998939 0.0456896 -1.89725 0.976345 -0.0168939 0.216008 303.631
0.157028 0.0458317 -0.986595 -21.0266 0.00979397 0.99881 0.0479607 -1.87847 0.987629 -0.017195 0.156391 303.593
0.0962579 0.0496304 -0.994198 -21.4863 0.00956722 0.998674 0.050784 -1.86067 0.995409 -0.0144031 0.0956525 303.513
0.0314312 0.0549602 -0.998058 -21.9372 0.0119244 0.998407 0.0553575 -1.83462 0.999517 -0.0136424 0.0307227 303.465
-0.0343114 0.0617716 -0.997582 -22.3602 0.0139482 0.998032 0.0613238 -1.81772 0.999411 -0.0118131 -0.0351097 303.38
-0.101154 0.0675358 -0.992641 -22.8476 0.0167347 0.997678 0.0661759 -1.77624 0.994814 -0.00991828 -0.102053 303.276
-0.16753 0.0734512 -0.983211 -23.2902 0.0194094 0.997285 0.0711998 -1.74737 0.985774 -0.007158 -0.168506 303.141
-0.232551 0.0797653 -0.969375 -23.7433 0.0237625 0.996809 0.076325 -1.72992 0.972379 -0.00528581 -0.23371 302.977
-0.296517 0.0823092 -0.951561 -24.193 0.0277579 0.996613 0.0775609 -1.68108 0.954724 -0.00341758 -0.297803 302.79
-0.359251 0.0852977 -0.929401 -24.6636 0.032377 0.996361 0.078931 -1.65582 0.932765 -0.00173561 -0.360711 302.583
-0.416631 0.0865125 -0.905041 -25.1039 0.0370463 0.996261 0.0781828 -1.6306 0.908425 -0.000957285 -0.418285 302.305
-0.471476 0.0860254 -0.877745 -25.5519 0.0401417 0.996301 0.0760861 -1.58398 0.881055 0.000638195 -0.473191 302.004
-0.523037 0.0859275 -0.848066 -26.0226 0.0429519 0.996309 0.0744626 -1.54028 0.851335 0.0025187 -0.524807 301.673
-0.569714 0.085322 -0.817481 -26.4749 0.0449193 0.99635 0.0726901 -1.49381 0.82071 0.00469151 -0.571473 301.324
-0.610237 0.0850515 -0.787746 -26.9392 0.0459042 0.996356 0.07202 -1.44556 0.791003 0.00778631 -0.611928 300.923
-0.647578 0.0877627 -0.757015 -27.3972 0.0501764 0.996109 0.0725633 -1.3984 0.760446 0.00900566 -0.649468 300.501
-0.683171 0.0949207 -0.724179 -27.8293 0.058758 0.995457 0.0750539 -1.36272 0.728012 0.00872172 -0.685656 300.039
-0.718831 0.0980156 -0.688338 -28.2899 0.0632134 0.995133 0.0756927 -1.30019 0.692413 0.0108975 -0.721536 299.537
-0.751891 0.0986982 -0.651988 -28.7421 0.0653804 0.995031 0.0752367 -1.2494 0.656171 0.0139408 -0.75462 298.991
-0.782544 0.0955234 -0.615338 -29.1749 0.065992 0.995329 0.0705941 -1.20229 0.61921 0.0146347 -0.785199 298.421
-0.808854 0.093751 -0.580636 -29.5439 0.0682651 0.995516 0.0656503 -1.17304 0.584183 0.0134627 -0.81164 297.813
-0.833525 0.089456 -0.545324 -29.9418 0.0677761 0.99592 0.0597844 -1.13039 0.548444 0.012871 -0.836195 297.138
-0.855833 0.0871827 -0.51002 -30.3221 0.0686174 0.996129 0.0551446 -1.09152 0.512848 0.0121967 -0.858515 296.433
-0.875807 0.0861313 -0.475068 -30.6645 0.0688507 0.996194 0.0536923 -1.05791 0.477879 0.0143145 -0.878411 295.712
-0.894603 0.0829577 -0.43929 -31.0099 0.0668065 0.996415 0.0521283 -1.0295 0.442033 0.0172852 -0.896949 294.898
-0.911774 0.0826044 -0.402481 -31.3251 0.0684079 0.99644 0.0495473 -0.987165 0.405134 0.0176423 -0.914186 294.095
-0.927903 0.0852048 -0.363194 -31.6407 0.07216 0.996183 0.0493591 -0.958374 0.366006 0.0195909 -0.930521 293.255
-0.941451 0.0889193 -0.325443 -31.9061 0.077285 0.995842 0.0485283 -0.928054 0.328396 0.0205343 -0.944415 292.399
-0.952867 0.0910912 -0.289693 -32.1261 0.0798339 0.995544 0.0504634 -0.905124 0.29299 0.0249561 -0.955903 291.478
-0.962642 0.0943527 -0.254098 -32.3362 0.0839836 0.995157 0.051371 -0.883251 0.257704 0.0281115 -0.965912 290.516
-0.9697 0.0946752 -0.225637 -32.3407 0.085797 0.995129 0.0488527 -0.831296 0.229153 0.0280119 -0.973106 289.609
-0.97691 0.0928395 -0.192804 -32.5233 0.0860603 0.995368 0.0432548 -0.781058 0.195914 0.025663 -0.980383 288.566
-0.982923 0.0910244 -0.160541 -32.6748 0.0858379 0.995562 0.0389621 -0.746092 0.163365 0.0245146 -0.98638 287.516
-0.987274 0.0903417 -0.131442 -32.7532 0.0861647 0.995606 0.0371298 -0.709257 0.134206 0.0253312 -0.990727 286.466
-0.991006 0.0896644 -0.100288 -32.8589 0.0864006 0.995611 0.0364257 -0.684373 0.103103 0.0274318 -0.994408 285.382
-0.993568 0.0898955 -0.0699162 -32.9641 0.0877151 0.995594 0.0336439 -0.645964 0.0726194 0.0272946 -0.997083 284.209
-0.995045 0.0913514 -0.0416204 -33.0345 0.0900549 0.99544 0.0320064 -0.612544 0.0443426 0.0280984 -0.998737 283.073
-0.995979 0.0883148 -0.0193139 -33.0029 0.0876711 0.995656 0.0319023 -0.582483 0.022034 0.0300806 -0.999403 281.943
-0.996335 0.086551 0.00438381 -32.9923 0.0866457 0.995756 0.0315707 -0.55264 -0.00164487 0.0318335 -0.999608 280.765
-0.996214 0.0843124 0.024436 -32.9487 0.085024 0.995952 0.029761 -0.527898 -0.0218413 0.0317257 -0.999356 279.546
-0.996061 0.0799427 0.0408413 -32.8816 0.0810997 0.996344 0.0275196 -0.514884 -0.0385044 0.030722 -0.998904 278.328
-0.995827 0.0749429 0.0534763 -32.8109 0.0764103 0.996756 0.025948 -0.491562 -0.0513717 0.0299254 -0.998331 277.089
