0.999998 -0.00160372 -0.00147162 -0.00511056 0.00160197 0.999999 -0.000939767 -0.00930827 0.00147239 0.000937237 0.999998 0.572444
0.999996 -0.00149162 -0.00249285 -0.00888288 0.00148565 0.999996 -0.00241872 -0.0225926 0.0024964 0.002415 0.999995 1.12841
0.999986 -0.00193812 -0.00536623 0.00592204 0.00191403 0.999989 -0.0044048 -0.0221575 0.00537345 0.00439417 0.999976 1.71019
0.999968 -0.00354621 -0.00732384 -0.00256455 0.0034963 0.999971 -0.00683828 -0.0208846 0.00734766 0.00681249 0.999951 2.32709
0.999945 -0.00631001 -0.00842426 -0.0250364 0.00623647 0.999949 -0.00862304 -0.0363164 0.00847641 0.00856954 0.999932 2.88788
0.999942 -0.00723905 -0.00808197 -0.084368 0.00715671 0.999924 -0.0101909 -0.0329605 0.0081547 0.0101325 0.999918 3.49808
0.999944 -0.00734035 -0.00778219 -0.14058 0.00726463 0.999932 -0.00963995 -0.0496844 0.00784999 0.00958243 0.999928 4.09876
0.999953 -0.00771679 -0.00596732 -0.220602 0.0076582 0.999924 -0.00980937 -0.0724179 0.00604208 0.0097633 0.999936 4.70336
0.999958 -0.00589036 -0.007227 -0.225174 0.00579681 0.999905 -0.012821 -0.0903236 0.00729934 0.0127781 0.999896 5.29231
0.999958 -0.00417196 -0.00831258 -0.242451 0.00403478 0.999859 -0.0164826 -0.109094 0.0083794 0.0164485 0.999833 5.90377
0.999959 -0.00292725 -0.00882756 -0.284175 0.00274276 0.999784 -0.0208009 -0.116132 0.00888397 0.0207753 0.99975 6.57355
0.99996 -0.00089733 -0.00905125 -0.320708 0.000708024 0.999784 -0.0209322 -0.13019 0.00906722 0.0209251 0.999743 7.22574
0.999957 0.00168984 -0.00939405 -0.34841 -0.00181213 0.999919 -0.0129784 -0.165449 0.00936857 0.0129944 0.999877 7.88051
0.999945 0.0027311 -0.0104366 -0.341112 -0.0027516 0.999998 -0.00198556 -0.188784 0.01043 0.00201434 0.999947 8.51148
0.999926 0.00416651 -0.0116514 -0.335408 -0.00411093 0.999986 0.00482378 -0.205891 0.0116683 -0.00477589 0.999927 9.17122
0.999899 0.00635615 -0.0129517 -0.349889 -0.00630011 0.999974 0.00433056 -0.227972 0.0129777 -0.00424831 0.999911 9.87078
0.999871 0.008803 -0.0135835 -0.364698 -0.00882284 0.999966 -0.00137388 -0.260135 0.013568 0.0014931 0.999913 10.549
0.999838 0.00833253 -0.0161664 -0.355004 -0.00845727 0.999939 -0.00768857 -0.252965 0.0161 0.00782421 0.999845 11.2736
0.999839 0.00654635 -0.0168733 -0.368043 -0.00664698 0.999967 -0.00589606 -0.2633 0.0168313 0.0060069 0.999846 12.0135
0.99983 0.00557104 -0.0178559 -0.36632 -0.00551772 0.999986 0.00300342 -0.267559 0.0178709 -0.00290418 0.999843 12.7727
0.999804 0.0052112 -0.0192612 -0.368309 -0.00502185 0.999945 0.00988477 -0.265238 0.0193086 -0.0097865 0.999772 13.5654
0.99979 0.00429888 -0.0202849 -0.372304 -0.00405368 0.999925 0.0120837 -0.264216 0.0203336 -0.0119987 0.999729 14.3521
0.999791 0.00246202 -0.0204773 -0.38211 -0.00223429 0.999941 0.0111629 -0.266634 0.0205004 -0.0111153 0.999734 15.1498
0.999812 0.00185988 -0.0195738 -0.397504 -0.00168212 0.999964 0.00906205 -0.268597 0.0195881 -0.0090273 0.999776 15.9547
0.999839 0.00446229 -0.0175709 -0.44164 -0.00436017 0.999978 0.00588309 -0.274046 0.0175934 -0.00580613 0.999835 16.8102
0.999879 0.00133345 -0.0158243 -0.469406 -0.0013312 1 0.000104144 -0.276016 0.0158225 -8.29353e-05 0.999883 17.6775
0.999885 -0.00171911 -0.0153948 -0.478267 0.00161844 0.999983 -0.00650496 -0.280209 0.0154022 0.00647864 0.999867 18.5612
0.999906 -0.000878096 -0.0141061 -0.504534 0.000708458 0.999933 -0.0120746 -0.286416 0.0141138 0.0120636 0.999836 19.487
0.99991 0.000250133 -0.0137572 -0.524539 -0.000430863 0.999919 -0.0130872 -0.300192 0.0137493 0.0130913 0.999826 20.4099
0.99992 0.000239817 -0.0130998 -0.551175 -0.000407491 0.999923 -0.0128644 -0.316028 0.0130937 0.0128688 0.99984 21.3392
0.999935 0.00169407 -0.0117163 -0.584618 -0.00186125 0.999903 -0.014214 -0.340051 0.0116875 0.0142342 0.999838 22.2762
0.99993 0.00444987 -0.0115893 -0.602935 -0.00463827 0.999862 -0.0163416 -0.360648 0.0115128 0.0163943 0.999809 23.2299
0.999906 0.00783249 -0.0117459 -0.622718 -0.00803226 0.99983 -0.0170037 -0.385813 0.011607 0.0170956 0.999795 24.2077
0.999889 0.00947643 -0.0121154 -0.634445 -0.00968128 0.999815 -0.0170277 -0.411334 0.0119497 0.0171431 0.999791 25.1668
0.999879 0.0103867 -0.0120741 -0.657277 -0.0105915 0.999807 -0.016959 -0.441859 0.011892 0.017084 0.999792 26.1504
0.999876 0.0105168 -0.0123016 -0.671894 -0.0107209 0.99981 -0.0167051 -0.473525 0.0121215 0.016835 0.999794 27.1507
0.999858 0.0117051 -0.012674 -0.692938 -0.0119026 0.999816 -0.0155651 -0.502727 0.0124857 0.0157129 0.999808 28.1516
0.999843 0.0121474 -0.0134085 -0.707567 -0.0123323 0.999835 -0.0138556 -0.527014 0.0132358 0.0140189 0.999824 29.1598
0.999827 0.0121822 -0.0145197 -0.715243 -0.0123633 0.999856 -0.0124009 -0.558065 0.0143628 0.0125774 0.999827 30.1771
0.999825 0.0118676 -0.0149101 -0.732466 -0.0120732 0.999839 -0.013831 -0.581882 0.0147412 0.0140086 0.999804 31.2118
0.999801 0.013088 -0.0154729 -0.748281 -0.0133214 0.999808 -0.0150276 -0.606637 0.0152695 0.0152299 0.999777 32.2502
0.999798 0.0127225 -0.0160243 -0.770146 -0.0129532 0.999819 -0.0144276 -0.629368 0.0158356 0.0146323 0.999778 33.2961
0.999803 0.0123783 -0.0159326 -0.800202 -0.0125706 0.999859 -0.0119762 -0.653678 0.0157784 0.0121733 0.999812 34.3449
0.9998 0.0125055 -0.0161223 -0.82715 -0.0126378 0.999894 -0.00818526 -0.680535 0.016016 0.00838742 0.999848 35.4146
0.999802 0.012917 -0.0156475 -0.869777 -0.0130055 0.99991 -0.00550888 -0.708316 0.0155711 0.00571043 0.999874 36.4832
0.999808 0.0128977 -0.0152831 -0.909605 -0.0129709 0.999913 -0.00476661 -0.732764 0.0152181 0.00496395 0.999884 37.528
0.999817 0.0129144 -0.0146643 -0.9539 -0.0130124 0.999904 -0.00654201 -0.750162 0.0145746 0.00673071 0.999883 38.6124
0.999806 0.013455 -0.0149553 -0.983328 -0.0135622 0.999891 -0.00715272 -0.770372 0.0148552 0.00735419 0.999875 39.7055
0.99979 0.0133109 -0.0160751 -1.00046 -0.01341 0.999902 -0.00601961 -0.793675 0.0159897 0.00623307 0.999865 40.7995
0.999776 0.0134892 -0.0168515 -1.02755 -0.0135609 0.999909 -0.0042054 -0.814562 0.0167912 0.00443306 0.999862 41.891
0.999749 0.013842 -0.0180492 -1.0464 -0.0138805 0.999912 -0.00195349 -0.834724 0.0180169 0.00220274 0.999847 42.9732
0.999714 0.0152232 -0.0189346 -1.069 -0.0152655 0.999889 -0.00213648 -0.857572 0.018898 0.00242496 0.999831 44.0687
0.999679 0.0167091 -0.0194686 -1.08973 -0.0168247 0.999852 -0.00573614 -0.886238 0.0193663 0.00606103 0.999806 45.179
0.999664 0.0178919 -0.0192158 -1.12231 -0.018067 0.999804 -0.00902797 -0.918714 0.0190485 0.00937211 0.999788 46.2712
0.999679 0.0182968 -0.0180496 -1.16693 -0.0184677 0.999797 -0.00928342 -0.946663 0.0178728 0.00961304 0.999807 47.3456
0.9997 0.0189648 -0.0160614 -1.22083 -0.0190708 0.999804 -0.00651998 -0.974255 0.015933 0.0068245 0.999862 48.4256
0.999705 0.01925 -0.0154458 -1.25373 -0.0193123 0.999817 -0.00381231 -1.00692 0.0153664 0.00410876 0.999887 49.5168
0.999764 0.0168704 -0.0143836 -1.29448 -0.0168892 0.999864 -0.00124205 -1.0413 0.0143589 0.0014848 0.999908 50.5977
0.999791 0.0162345 -0.0131955 -1.32226 -0.0162501 0.999877 -0.000991169 -1.07523 0.0131747 0.00120464 0.999927 51.6931
0.999816 0.0150908 -0.012699 -1.33612 -0.0151137 0.999892 -0.0017649 -1.10599 0.012669 0.00195655 0.999931 52.7624
0.999838 0.0152039 -0.0106049 -1.3938 -0.0152454 0.999888 -0.00374777 -1.12749 0.0105435 0.00390806 0.999951 53.8768
0.999861 0.0140892 -0.00991922 -1.39716 -0.0141489 0.999888 -0.00603173 -1.15438 0.00983101 0.0061713 0.999944 54.9055
0.999874 0.0130152 -0.0100825 -1.39899 -0.0131052 0.999886 -0.00882956 -1.18881 0.00996294 0.00895975 0.999925 55.9762
0.999891 0.0111574 -0.0106984 -1.39831 -0.0112688 0.999889 -0.0104635 -1.21842 0.0105783 0.0105829 0.999901 57.0728
0.999903 0.00945178 -0.0111162 -1.40024 -0.00954159 0.999933 -0.00797627 -1.2482 0.0110365 0.00808072 0.999922 58.1627
0.999917 0.0078153 -0.0112772 -1.40611 -0.00783819 0.999975 -0.00204315 -1.27222 0.0112587 0.00213132 0.999948 59.2673
0.99993 0.00599642 -0.0111005 -1.41462 -0.00595074 0.999985 0.00422168 -1.29383 0.011122 -0.00415611 0.999946 60.3397
0.999941 0.00441033 -0.0110441 -1.43455 -0.00434923 0.999984 0.00549626 -1.31825 0.0110659 -0.00544794 0.999937 61.4575
0.999956 0.00060227 -0.0103034 -1.44663 -0.000571835 1.00001 0.00305167 -1.33569 0.0103015 -0.00304642 0.999959 62.5356
0.999973 -0.000744228 -0.00875578 -1.48379 0.00074806 1.00001 0.000373172 -1.35494 0.00875325 -0.000379654 0.999976 63.6053
0.999962 0.000923632 -0.00966525 -1.48726 -0.000961363 1 -0.00380064 -1.37027 0.00965798 0.00380888 0.999965 64.7113
0.999973 0.00103642 -0.00879056 -1.52096 -0.00110735 0.999976 -0.00811328 -1.38666 0.00877954 0.00812285 0.999944 65.7769
0.999978 0.00435911 -0.00686181 -1.5612 -0.00442635 0.999956 -0.00974397 -1.39638 0.00681456 0.00977337 0.99995 66.8618
0.999962 0.00809135 -0.00601002 -1.57832 -0.00813047 0.999954 -0.006591 -1.41589 0.00595399 0.00663965 0.999976 67.9839
0.999951 0.00985457 -0.00490226 -1.61349 -0.00987628 0.999955 -0.00432881 -1.44121 0.00485482 0.00437629 1 69.0848
0.999955 0.00932318 -0.00514384 -1.62169 -0.00934611 0.999955 -0.00454343 -1.45017 0.0050987 0.00459136 0.999993 70.1908
0.999975 0.00747498 -0.00432355 -1.64771 -0.00749336 0.999977 -0.00410202 -1.46748 0.00428815 0.00413359 1.00001 71.2856
0.999985 0.0068051 -0.00254753 -1.67582 -0.00681403 0.99998 -0.00371238 -1.47993 0.00251932 0.00372979 1.00001 72.3701
0.999998 0.00447987 -0.00294647 -1.68088 -0.00448649 1 -0.002015 -1.49406 0.00293279 0.00202748 1.00002 73.4658
1.00001 0.0033692 -0.00153023 -1.71478 -0.00337069 1 -0.00131248 -1.50167 0.00152289 0.00131785 1.00002 74.5504
1.00001 0.0027822 4.70565e-05 -1.74657 -0.00278273 1 -0.00296495 -1.52202 -5.99687e-05 0.00296416 1.00002 75.6251
1.00001 0.00301902 -0.00221425 -1.7336 -0.00303342 0.999982 -0.00686389 -1.54284 0.00219052 0.00687084 0.999991 76.7581
1 0.00344996 -0.00346998 -1.73252 -0.00348179 0.999966 -0.00901012 -1.56778 0.00343411 0.00902146 0.999977 77.8285
0.999995 0.00481093 -0.00336894 -1.75325 -0.00483607 0.99997 -0.00771158 -1.58859 0.00332878 0.00772795 0.999983 78.8872
0.999985 0.00559229 -0.00516793 -1.74789 -0.00561184 0.99999 -0.00364873 -1.61197 0.00514296 0.00367699 1 79.9681
0.999972 0.00675063 -0.00599778 -1.76184 -0.00674849 0.999989 0.000260363 -1.63371 0.00599662 -0.000219706 1 81.0407
0.999969 0.00782425 -0.0056759 -1.79282 -0.00781953 0.999983 0.000964417 -1.65517 0.00567922 -0.000920695 1.00001 82.1303
0.999966 0.00786878 -0.00569275 -1.81625 -0.00787513 0.99998 -0.00120358 -1.67298 0.00568036 0.00124848 1 83.2118
0.999971 0.00766066 -0.00554788 -1.84434 -0.00767226 0.999982 -0.00196051 -1.69221 0.00552868 0.00200229 1.00001 84.2596
0.999976 0.00710313 -0.00504324 -1.87527 -0.00711548 0.999985 -0.00256376 -1.7073 0.00502218 0.00259975 1 85.3136
0.999983 0.00638623 -0.00504639 -1.8968 -0.00639913 0.99999 -0.00241631 -1.72876 0.00502685 0.00244783 1.00001 86.3563
0.999993 0.00507447 -0.00426138 -1.93313 -0.00507991 1 -0.00139898 -1.74563 0.00425167 0.00142083 1.00001 87.3756
0.999996 0.00481643 -0.00422337 -1.95454 -0.00481408 1 0.000755511 -1.75874 0.0042231 -0.000735855 1.00002 88.3723
0.999998 0.00381248 -0.00454911 -1.9755 -0.00380499 1.00001 0.00154512 -1.77765 0.00455247 -0.00152761 1.00001 89.3597
0.999995 0.00268508 -0.00604685 -1.9971 -0.00267536 1.00001 0.00177689 -1.79691 0.00604774 -0.00176136 1.00001 90.3243
0.999974 0.00167001 -0.00892837 -2.01779 -0.0016613 1.00001 0.000928082 -1.81772 0.00892756 -0.000913062 0.999983 91.2822
0.999947 0.00192057 -0.0116254 -2.04575 -0.00192153 1.00001 7.40766e-06 -1.83734 0.0116217 1.42715e-05 0.999961 92.2108
0.99992 0.00148178 -0.0137361 -2.08149 -0.00147442 1.00001 0.000523537 -1.85885 0.0137345 -0.000503018 0.999929 93.0984
0.999887 0.00255183 -0.0158954 -2.11713 -0.00252767 1.00001 0.0015952 -1.87744 0.0158957 -0.00155555 0.999902 93.9818
0.999848 0.0034161 -0.0180452 -2.15628 -0.00336552 1.00001 0.00282308 -1.89749 0.0180526 -0.00276166 0.999856 94.8321
0.999807 0.00434813 -0.0200047 -2.19379 -0.00425754 0.999996 0.00460612 -1.91774 0.0200206 -0.00452068 0.999819 95.6435
0.999756 0.00579764 -0.0220781 -2.23053 -0.00567134 0.999982 0.00577173 -1.93544 0.0221088 -0.00564476 0.999763 96.4381
0.999682 0.00780247 -0.0246526 -2.2572 -0.00765138 0.999968 0.00625072 -1.95224 0.0246965 -0.0060607 0.999707 97.2041
0.999596 0.0100612 -0.0272499 -2.28601 -0.00991962 0.999953 0.0053179 -1.97304 0.0272995 -0.00504508 0.999639 97.9455
0.999515 0.0117369 -0.0294091 -2.32136 -0.0116978 0.999947 0.00153539 -1.98736 0.0294214 -0.0011914 0.999597 98.6391
0.999407 0.0145757 -0.0317461 -2.3585 -0.0146502 0.999907 -0.00212465 -2.00438 0.0317095 0.00258878 0.999519 99.3183
0.999284 0.0158057 -0.0348531 -2.39064 -0.0159627 0.99988 -0.00420188 -2.03109 0.0347781 0.00475438 0.999415 100.034
0.999167 0.0180639 -0.0370705 -2.39273 -0.0182573 0.999838 -0.00488247 -2.05346 0.0369735 0.00555546 0.999326 100.666
0.999109 0.0204149 -0.0373922 -2.39607 -0.0206059 0.999793 -0.00470198 -2.07185 0.037284 0.00546736 0.999321 101.255
0.999136 0.0234371 -0.0348236 -2.42298 -0.0235912 0.99973 -0.00401852 -2.09164 0.0347173 0.00483688 0.999411 101.87
0.999227 0.0258801 -0.0301618 -2.43012 -0.0259714 0.999676 -0.0026053 -2.11038 0.0300803 0.00338564 0.999574 102.446
0.999389 0.0242804 -0.0258543 -2.39091 -0.0243187 0.99972 -0.00117127 -2.12958 0.0258158 0.00179956 0.99969 102.978
0.999588 0.0239263 -0.0169819 -2.37933 -0.0239252 0.99973 0.000336265 -2.12937 0.0169811 6.91184e-05 0.999888 103.492
0.999713 0.0240654 -0.00563893 -2.37627 -0.0240545 0.999725 0.00198294 -2.15969 0.00568237 -0.00184648 1.00001 103.975
0.999761 0.0221567 0.00489609 -2.32567 -0.0221637 0.999771 0.00111033 -2.18011 -0.00487444 -0.00121958 1.00002 104.429
0.999641 0.0205183 0.0182483 -2.27088 -0.0205248 0.999806 0.000172639 -2.19995 -0.0182439 -0.000546893 0.999859 104.876
0.999265 0.0195122 0.0335806 -2.195 -0.0194176 0.999824 -0.00317771 -2.2099 -0.0336405 0.00252227 0.999464 105.311
0.998486 0.0193522 0.0518506 -2.1018 -0.0189859 0.999808 -0.00754219 -2.22254 -0.0519891 0.00654648 0.998652 105.724
0.997271 0.0169538 0.0721154 -2.00256 -0.0160868 0.999808 -0.0126049 -2.23361 -0.0723187 0.0114092 0.99735 106.108
0.99525 0.0148344 0.096423 -1.88649 -0.013247 0.999781 -0.0170805 -2.22436 -0.096658 0.015722 0.995218 106.532
0.992482 0.0124987 0.121914 -1.7435 -0.0102408 0.999781 -0.0191418 -2.22422 -0.122129 0.0177482 0.992389 106.901
0.98839 0.0104831 0.151717 -1.60857 -0.0072479 0.99975 -0.0218601 -2.22621 -0.15191 0.0205065 0.988208 107.287
0.982581 0.00825479 0.185762 -1.47488 -0.0039252 0.99973 -0.0236704 -2.23678 -0.185909 0.0225278 0.982342 107.671
0.974976 0.00563858 0.22234 -1.31462 -0.000136556 0.999709 -0.0247533 -2.24585 -0.222417 0.0241034 0.974681 108.073
0.965295 0.00380283 0.261213 -1.15549 0.00322938 0.999661 -0.026493 -2.25291 -0.261226 0.026416 0.964951 108.448
0.953588 0.00454739 0.301156 -0.982675 0.00400266 0.999622 -0.027768 -2.26761 -0.30117 0.0276843 0.953198 108.807
0.939224 0.00599593 0.343311 -0.792736 0.00401437 0.999604 -0.028445 -2.28296 -0.343345 0.0280933 0.938824 109.143
0.922312 0.00567446 0.386462 -0.601636 0.00505009 0.999645 -0.02673 -2.30122 -0.386479 0.0266047 0.921946 109.464
0.903419 0.00503941 0.428776 -0.387503 0.00628645 0.999685 -0.0249987 -2.3179 -0.428765 0.0252789 0.903099 109.769
0.880673 0.00319703 0.473761 -0.18788 0.00947135 0.999674 -0.0243521 -2.34313 -0.473686 0.025933 0.880345 110.073
0.85695 0.0031379 0.515431 0.0631577 0.0110932 0.999654 -0.0245328 -2.38294 -0.515326 0.0267402 0.856615 110.353
0.829576 0.00510185 0.558412 0.28452 0.0113503 0.999613 -0.0259945 -2.41624 -0.55833 0.027902 0.829186 110.637
0.79941 0.00933005 0.600749 0.525169 0.0100599 0.999547 -0.0289133 -2.44213 -0.600743 0.0291562 0.79895 110.909
0.765834 0.015664 0.642882 0.776948 0.00682087 0.999464 -0.0324774 -2.45332 -0.643048 0.0292567 0.765307 111.172
0.731092 0.0201718 0.682014 1.07316 0.00364544 0.999449 -0.0334711 -2.47811 -0.682308 0.0269559 0.730611 111.402
0.69298 0.020257 0.720703 1.37078 0.00554237 0.999441 -0.0334203 -2.49668 -0.720979 0.0271531 0.69247 111.623
0.653722 0.0175958 0.756561 1.69763 0.0102528 0.999448 -0.0321063 -2.50276 -0.756702 0.0287449 0.653177 111.828
0.611326 0.0158543 0.791248 2.02964 0.0114704 0.999532 -0.0288896 -2.51309 -0.791337 0.0267358 0.610849 112.018
0.566762 0.0144418 0.823784 2.37563 0.0124599 0.999598 -0.0260985 -2.52107 -0.823822 0.0250553 0.566351 112.193
0.520262 0.0122938 0.853946 2.73608 0.0141836 0.99965 -0.0230325 -2.52858 -0.85393 0.0240937 0.519897 112.357
0.470832 0.00819664 0.882214 3.1163 0.016867 0.999706 -0.0182919 -2.54611 -0.882096 0.0234923 0.470553 112.503
0.420039 0.00853599 0.907492 3.49687 0.0142028 0.999787 -0.0159778 -2.55844 -0.907434 0.019599 0.419821 112.643
0.369562 0.0135438 0.929135 3.88943 0.0110136 0.999777 -0.018956 -2.56817 -0.929174 0.0172384 0.369328 112.766
0.320841 0.0195431 0.946956 4.30113 0.0105199 0.999667 -0.0241952 -2.5647 -0.947114 0.0177234 0.320522 112.86
0.275509 0.021682 0.961082 4.71 0.0137857 0.999571 -0.0265041 -2.56246 -0.961233 0.0205514 0.27509 112.932
0.234618 0.0218197 0.971866 5.14152 0.0209921 0.999416 -0.027506 -2.56692 -0.9719 0.0268535 0.234018 113.002
0.200949 0.0208638 0.979408 5.58359 0.0294406 0.999211 -0.0273279 -2.58369 -0.979192 0.0343259 0.200174 113.038
0.169779 0.021602 0.98527 6.03983 0.0340302 0.99905 -0.0277683 -2.59679 -0.984934 0.0382418 0.168878 113.099
0.142573 0.020241 0.989606 6.52527 0.0308033 0.999234 -0.0248775 -2.61683 -0.989338 0.03403 0.141839 113.15
0.116583 0.0169759 0.993058 7.01981 0.0247324 0.999509 -0.0199899 -2.6297 -0.992913 0.0268899 0.116101 113.22
0.0929411 0.0136333 0.995608 7.52801 0.0197699 0.999702 -0.0155368 -2.63954 -0.995509 0.0211273 0.0926427 113.261
0.070494 0.0118282 0.997465 8.04192 0.023491 0.999648 -0.0135146 -2.64976 -0.997276 0.0243827 0.0701877 113.279
0.0494953 0.0123998 0.998726 8.57461 0.0309293 0.999444 -0.0139433 -2.6643 -0.998329 0.0315802 0.0490833 113.293
0.0319942 0.0146426 0.999404 9.1313 0.0369887 0.999207 -0.0158242 -2.676 -0.998846 0.0374716 0.0314244 113.292
0.0176574 0.0210884 0.999653 9.70401 0.0354668 0.999155 -0.0217065 -2.6844 -0.99925 0.035838 0.0168944 113.295
0.00548944 0.0268405 0.999648 10.303 0.0323295 0.999129 -0.0270045 -2.68558 -0.999505 0.0324653 0.00461457 113.318
-0.000726797 0.02613 0.999692 10.9201 0.0344168 0.999087 -0.0260914 -2.70747 -0.999444 0.0343873 -0.00162505 113.307
-0.00336786 0.0233767 0.999745 11.5368 0.0404461 0.99893 -0.0232217 -2.72372 -0.99922 0.0403564 -0.00431177 113.286
-0.00465554 0.0228206 0.999765 12.1898 0.0417984 0.998891 -0.0226084 -2.73122 -0.999153 0.0416832 -0.00560356 113.305
-0.00337748 0.0231094 0.999752 12.8773 0.0406344 0.998928 -0.0229535 -2.74453 -0.999212 0.0405457 -0.00431494 113.32
-0.00253681 0.0239048 0.999749 13.5924 0.0365606 0.999069 -0.0237981 -2.76196 -0.999367 0.0364907 -0.00340764 113.343
-0.0014112 0.0262842 0.99968 14.2991 0.0357678 0.999035 -0.0262172 -2.76283 -0.999404 0.0357182 -0.00235189 113.345
1.1982e-05 0.0275044 0.999662 15.0325 0.0357878 0.999002 -0.0274893 -2.78285 -0.999399 0.0357756 -0.000971515 113.347
0.00160303 0.0274006 0.99965 15.7816 0.0355651 0.999009 -0.0274407 -2.80457 -0.999412 0.0355955 0.000625096 113.346
0.00197813 0.025975 0.999701 16.5438 0.034282 0.999094 -0.0260296 -2.83377 -0.99945 0.0343228 0.00108674 113.358
0.00194995 0.025885 0.99969 17.317 0.0344639 0.999088 -0.0259374 -2.84324 -0.99945 0.0345025 0.00105432 113.371
0.001289 0.0237779 0.99976 18.0907 0.0347589 0.999133 -0.0238104 -2.87062 -0.999437 0.0347809 0.000462286 113.375
0.000681732 0.0223522 0.999779 18.8892 0.0328848 0.999228 -0.0223632 -2.89353 -0.999504 0.0328916 -5.54226e-05 113.375
-0.000383014 0.0226406 0.999788 19.6807 0.031756 0.99926 -0.0226193 -2.90039 -0.99954 0.0317404 -0.00110045 113.376
-0.00190033 0.0213478 0.999802 20.5046 0.0337967 0.999223 -0.0212722 -2.90674 -0.999474 0.0337481 -0.00262165 113.38
-0.00360258 0.0206897 0.999826 21.3136 0.0350348 0.999196 -0.0205533 -2.92204 -0.999426 0.0349544 -0.00432306 113.383
-0.00564395 0.0211801 0.999793 22.1548 0.0321772 0.999283 -0.0209887 -2.93453 -0.999515 0.0320508 -0.00632248 113.389
-0.00595536 0.0270467 0.999663 22.9882 0.028979 0.99924 -0.0268657 -2.94967 -0.999609 0.028809 -0.00673306 113.383
-0.00711294 0.040571 0.999187 23.8095 0.0288431 0.998792 -0.0403502 -2.8802 -0.99961 0.0285315 -0.00827504 113.387
-0.00785335 0.0425356 0.99911 24.6402 0.0287535 0.998712 -0.0422957 -2.91854 -0.999603 0.0283954 -0.00906443 113.373
-0.0095048 0.0408845 0.999154 25.4932 0.0250379 0.998884 -0.0406358 -2.95826 -0.999692 0.0246294 -0.0105182 113.376
-0.010464 0.0369956 0.999307 26.3561 0.0222581 0.999097 -0.0367578 -3.00045 -0.999745 0.0218579 -0.0112761 113.374
-0.0102605 0.0316924 0.999481 27.2058 0.0208507 0.999311 -0.0314736 -3.04372 -0.999781 0.0205159 -0.0109146 113.361
-0.0100712 0.0270564 0.99963 28.0522 0.017811 0.999501 -0.0268763 -3.07204 -0.999838 0.0175335 -0.0105462 113.353
-0.00996225 0.0268822 0.999628 28.9036 0.0148263 0.999558 -0.0267334 -3.09935 -0.999893 0.0145537 -0.0103565 113.352
-0.0083555 0.0342163 0.999427 29.7473 0.0179679 0.999279 -0.0340641 -3.13811 -0.999852 0.0176729 -0.00896227 113.338
-0.00738078 0.0455561 0.998974 30.5869 0.0204818 0.998785 -0.045397 -3.17753 -0.999817 0.0201251 -0.00830475 113.339
-0.00710562 0.0506544 0.998739 31.4214 0.0223423 0.998497 -0.0504864 -3.22151 -0.999774 0.0219551 -0.00822469 113.342
-0.00604148 0.0455062 0.998986 32.2665 0.0237878 0.998714 -0.0453509 -3.26775 -0.999754 0.0234891 -0.0071161 113.343
-0.0041136 0.0378857 0.999322 33.0996 0.0273586 0.998936 -0.0377615 -3.3176 -0.999666 0.0271844 -0.00514336 113.326
-0.00263592 0.034812 0.999432 33.9362 0.0283941 0.99902 -0.0347237 -3.36557 -0.999649 0.0282858 -0.00362175 113.316
-0.00230145 0.0362059 0.999391 34.7714 0.0279797 0.99898 -0.0361297 -3.40424 -0.999656 0.0278792 -0.00330974 113.317
-0.00358058 0.0369687 0.999352 35.6008 0.0248166 0.999038 -0.0368692 -3.45593 -0.999741 0.0246679 -0.00449444 113.328
-0.00461574 0.0370923 0.999351 36.4177 0.0230686 0.999074 -0.0369787 -3.49989 -0.999773 0.0228826 -0.00546467 113.321
-0.00620367 0.0365729 0.999354 37.227 0.0234966 0.999086 -0.0364184 -3.55278 -0.99976 0.0232552 -0.00705726 113.315
-0.00774855 0.0363358 0.999359 38.0349 0.0222607 0.999123 -0.0361579 -3.60787 -0.999773 0.021966 -0.00854818 113.306
-0.00984994 0.0366828 0.999322 38.8434 0.0201745 0.999156 -0.0364792 -3.65135 -0.999803 0.0198013 -0.0105815 113.304
-0.0124771 0.0356479 0.999338 39.6409 0.0182722 0.99923 -0.0354194 -3.69508 -0.999806 0.0178177 -0.0131163 113.307
-0.0146928 0.0348411 0.99933 40.441 0.0190631 0.999246 -0.0345593 -3.73514 -0.999765 0.0185425 -0.0153457 113.303
-0.0160547 0.0355651 0.99929 41.2293 0.01914 0.99922 -0.0352585 -3.77221 -0.999739 0.0185599 -0.0167203 113.291
-0.0176192 0.0376594 0.999181 42.0158 0.0190795 0.999146 -0.0373231 -3.80199 -0.999718 0.0184061 -0.0183223 113.279
-0.0186514 0.0377626 0.999164 42.7935 0.0192986 0.999138 -0.0374048 -3.84754 -0.999691 0.0185843 -0.0193614 113.268
-0.0200319 0.0364939 0.99918 43.5797 0.020786 0.999159 -0.036078 -3.89596 -0.999639 0.0200462 -0.0207731 113.256
-0.0212898 0.0362544 0.999167 44.3559 0.0214353 0.999154 -0.0358006 -3.93422 -0.999595 0.0206547 -0.0220461 113.24
-0.0230428 0.0363476 0.99912 45.1393 0.0202724 0.999175 -0.0358837 -3.97255 -0.999585 0.0194277 -0.0237601 113.234
-0.0236765 0.036147 0.999116 45.8925 0.0189034 0.999208 -0.0357057 -4.00826 -0.999593 0.0180407 -0.0243381 113.213
-0.0241019 0.0355271 0.999124 46.6366 0.0179397 0.999248 -0.0351004 -4.04498 -0.999604 0.0170779 -0.0247205 113.2
-0.0239784 0.0355535 0.999132 47.3568 0.0181563 0.999243 -0.0351251 -4.08619 -0.9996 0.0172977 -0.0246028 113.178
-0.0230671 0.0384099 0.999043 48.0668 0.0185763 0.999131 -0.0379861 -4.12616 -0.999619 0.0176822 -0.0237599 113.158
-0.0230659 0.0412799 0.998935 48.7713 0.0185728 0.999018 -0.0408582 -4.1684 -0.999615 0.0176093 -0.0238071 113.145
-0.0223364 0.0430868 0.998869 49.4823 0.0172008 0.998966 -0.0427079 -4.20977 -0.99966 0.0162275 -0.0230538 113.13
-0.021315 0.0467204 0.998735 50.1802 0.019398 0.998764 -0.0463117 -4.22252 -0.999638 0.018385 -0.0221923 113.109
-0.0209901 0.0477378 0.998687 50.887 0.0205687 0.998695 -0.0473075 -4.25529 -0.999624 0.0195487 -0.0219441 113.094
-0.0199408 0.0487511 0.998667 51.5749 0.0227198 0.998599 -0.0482983 -4.28375 -0.999597 0.0217249 -0.0210179 113.072
-0.0203507 0.0490825 0.998636 52.261 0.0190356 0.99866 -0.0486974 -4.32741 -0.999669 0.0180183 -0.0212571 113.067
-0.0196639 0.0493974 0.99864 52.9556 0.0169408 0.998678 -0.0490697 -4.37574 -0.999718 0.0159516 -0.0204721 113.063
-0.0194161 0.0475319 0.998729 53.6342 0.0178569 0.998754 -0.0471877 -4.42764 -0.999711 0.0169182 -0.02024 113.049
-0.0199258 0.0468388 0.998759 54.3031 0.0179867 0.998783 -0.046485 -4.47196 -0.999694 0.0170368 -0.0207414 113.03
-0.023461 0.046176 0.998707 54.99 0.0149003 0.998866 -0.0458353 -4.52046 -0.999673 0.0138061 -0.0241215 113.026
-0.0289687 0.0452961 0.99861 55.672 0.0111374 0.998952 -0.0449925 -4.57337 -0.999574 0.0098177 -0.0294402 113.017
-0.0346478 0.0489005 0.998253 56.3302 0.0149154 0.998745 -0.0484088 -4.61851 -0.999348 0.013213 -0.0353324 112.993
-0.0414087 0.0514053 0.997879 57.0028 0.0173501 0.998591 -0.0507262 -4.66515 -0.999049 0.0152122 -0.0422391 112.966
-0.0474623 0.053503 0.99749 57.6819 0.0165933 0.998497 -0.0527694 -4.70305 -0.998795 0.0140481 -0.0482772 112.923
-0.0540801 0.0536008 0.997157 58.3659 0.0129516 0.998542 -0.0529771 -4.73931 -0.99851 0.0100495 -0.0546921 112.897
-0.0595878 0.0536825 0.99683 59.048 0.013514 0.998533 -0.0529684 -4.77061 -0.998192 0.0103159 -0.0602239 112.862
-0.0644222 0.0553098 0.996449 59.7616 0.011528 0.998468 -0.0546808 -4.806 -0.997914 0.0079641 -0.0649575 112.825
-0.0680737 0.0552259 0.996203 60.4647 0.00992455 0.998485 -0.0546762 -4.8467 -0.997693 0.00616605 -0.0685163 112.78
-0.0704368 0.0534157 0.996147 61.1723 0.0110839 0.998575 -0.0527666 -4.8767 -0.997513 0.00732431 -0.0709248 112.73
-0.0716946 0.0512272 0.996163 61.8852 0.0135186 0.998668 -0.0503853 -4.9133 -0.997397 0.00985546 -0.0722893 112.679
-0.0721094 0.0498681 0.996213 62.5949 0.0140854 0.998731 -0.0489793 -4.94591 -0.997355 0.0104998 -0.0727167 112.619
-0.0732712 0.049629 0.99613 63.3434 0.0133881 0.998748 -0.0487771 -4.99325 -0.997285 0.00976361 -0.0738415 112.574
-0.0728977 0.0544683 0.995915 64.0652 0.0157337 0.998477 -0.0534616 -5.02873 -0.997274 0.0117718 -0.0736399 112.517
-0.0728079 0.0590844 0.995649 64.8112 0.0221807 0.99812 -0.0576117 -5.07449 -0.997163 0.0178906 -0.0739792 112.461
-0.0727109 0.0639907 0.995362 65.5486 0.0295564 0.99767 -0.061985 -5.12862 -0.996974 0.0249114 -0.0744289 112.395
-0.0731054 0.0653463 0.995237 66.3152 0.029787 0.997576 -0.0633146 -5.18191 -0.996943 0.0250174 -0.0748723 112.34
-0.0727828 0.0627059 0.995439 67.0678 0.0272548 0.997804 -0.0608671 -5.2419 -0.997034 0.0226994 -0.0743281 112.285
-0.0717083 0.0565468 0.995878 67.8165 0.0270847 0.998161 -0.0547289 -5.30857 -0.997123 0.0230494 -0.0731057 112.229
-0.0699729 0.0538104 0.99616 68.5778 0.0290705 0.998261 -0.0518868 -5.36888 -0.997185 0.0253271 -0.0714117 112.156
-0.0693063 0.0539638 0.996192 69.3311 0.0294886 0.998237 -0.0520258 -5.41718 -0.997225 0.0257714 -0.0707734 112.091
-0.0706408 0.0543179 0.996086 70.081 0.0278099 0.998265 -0.0524696 -5.47506 -0.997174 0.0239933 -0.072025 112.043
-0.0725851 0.0557382 0.995861 70.8374 0.0274097 0.998199 -0.053874 -5.51879 -0.997051 0.0233867 -0.0739799 111.994
-0.0744402 0.0558716 0.995724 71.5808 0.0285505 0.998168 -0.0538796 -5.57368 -0.996877 0.0244163 -0.0758953 111.938
-0.0753249 0.0566293 0.995608 72.3302 0.0294089 0.998106 -0.0545493 -5.61855 -0.996792 0.0251718 -0.0768454 111.874
-0.0778136 0.0553823 0.995494 73.0761 0.0281698 0.998208 -0.0533369 -5.68259 -0.996631 0.0238914 -0.0792308 111.821
-0.0790509 0.0565778 0.995323 73.8351 0.0264292 0.998184 -0.0546442 -5.72198 -0.996588 0.0219869 -0.0804003 111.765
-0.0791138 0.0582884 0.995227 74.5954 0.0271043 0.998073 -0.0563063 -5.77466 -0.996559 0.0225192 -0.0805379 111.697
-0.0794039 0.0585352 0.995183 75.3612 0.025955 0.998086 -0.056638 -5.83007 -0.996572 0.0213337 -0.0807689 111.638
-0.0809985 0.0585465 0.995063 76.1264 0.0248253 0.998111 -0.0567111 -5.88712 -0.996469 0.020108 -0.0822953 111.583
-0.0812774 0.0576927 0.995082 76.9006 0.02584 0.998139 -0.0557625 -5.92936 -0.996425 0.0211818 -0.0826144 111.517
-0.0819495 0.0559226 0.995136 77.6893 0.0233092 0.998288 -0.0541863 -5.98026 -0.996428 0.0187542 -0.0831091 111.455
-0.0835302 0.0542215 0.995092 78.4786 0.0206556 0.998428 -0.0526727 -6.03099 -0.99636 0.0161559 -0.0845164 111.395
-0.085065 0.0550253 0.994927 79.2925 0.0221667 0.998361 -0.0533264 -6.06874 -0.996193 0.0175171 -0.0861417 111.325
-0.0856497 0.0563469 0.994795 80.0851 0.0234998 0.998265 -0.0545237 -6.11304 -0.996118 0.0187088 -0.0868226 111.245
-0.0871943 0.0590278 0.994515 80.8856 0.0229795 0.998127 -0.0572341 -6.14761 -0.995991 0.0178621 -0.0883835 111.169
-0.0887081 0.064998 0.993998 81.7171 0.0249462 0.997727 -0.0630193 -6.17558 -0.995817 0.0192073 -0.0901251 111.107
-0.0873843 0.0695251 0.993819 82.5282 0.0273391 0.997382 -0.0673773 -6.22868 -0.995865 0.0212814 -0.0890523 111.015
-0.0879397 0.0738354 0.993449 83.3566 0.0288718 0.997045 -0.0715508 -6.29033 -0.995778 0.0223917 -0.0898089 110.938
-0.0873503 0.0750964 0.993417 84.2041 0.0312868 0.996899 -0.0726155 -6.36033 -0.995752 0.0247367 -0.089425 110.868
-0.0853135 0.0747759 0.993609 85.0268 0.0350764 0.996813 -0.0720093 -6.42396 -0.995807 0.0287098 -0.087662 110.772
-0.0851146 0.0730428 0.993766 85.8706 0.0355308 0.996927 -0.0702392 -6.4962 -0.995804 0.0293296 -0.0874443 110.703
-0.0837517 0.0715456 0.99398 86.7026 0.0348588 0.997045 -0.0688331 -6.56603 -0.995948 0.028885 -0.0859957 110.631
-0.0822566 0.0698924 0.994234 87.5527 0.033456 0.997198 -0.0673403 -6.63044 -0.996117 0.0277226 -0.0843606 110.568
-0.080258 0.0674643 0.994554 88.4133 0.0336898 0.997347 -0.0649393 -6.69544 -0.996275 0.0282955 -0.0823156 110.5
-0.0773579 0.0658205 0.994906 89.2737 0.0355388 0.997395 -0.0632296 -6.74284 -0.996438 0.0304649 -0.0794918 110.424
-0.0757216 0.0656743 0.995031 90.1389 0.0339819 0.997446 -0.0632521 -6.81537 -0.996621 0.0290244 -0.0777575 110.366
-0.0742653 0.0694619 0.994895 90.9901 0.0348088 0.997174 -0.0670303 -6.89261 -0.996699 0.0296516 -0.0764693 110.31
-0.0710176 0.0748936 0.994727 91.8287 0.0349744 0.996779 -0.0725553 -6.97287 -0.996933 0.0296382 -0.0734058 110.232
-0.0695646 0.0772528 0.994661 92.7131 0.0323063 0.996678 -0.0751579 -7.05861 -0.997123 0.026904 -0.0718257 110.18
-0.0676362 0.0741685 0.995018 93.5646 0.0305449 0.996948 -0.0722404 -7.14143 -0.997314 0.0255077 -0.0696928 110.118
-0.0659492 0.0714895 0.995341 94.4467 0.0312609 0.997119 -0.0695541 -7.21958 -0.997402 0.0265267 -0.0679906 110.062
-0.0643673 0.0701727 0.995525 95.312 0.0327033 0.997165 -0.0681783 -7.29015 -0.997462 0.0281696 -0.0664775 109.998
-0.0630924 0.0697245 0.995651 96.1856 0.0322644 0.997208 -0.0677969 -7.36626 -0.997555 0.0278448 -0.0651624 109.942
-0.0626288 0.0700918 0.995643 97.0575 0.0318549 0.997192 -0.0682016 -7.43649 -0.997601 0.0274461 -0.0646832 109.893
-0.0606424 0.0688568 0.995864 97.9124 0.0347098 0.99719 -0.0668429 -7.49884 -0.997626 0.0305113 -0.0628585 109.825
-0.0589089 0.0686306 0.995973 98.7826 0.0373968 0.997115 -0.0665019 -7.56511 -0.997636 0.0333299 -0.0613031 109.767
-0.057908 0.0705977 0.995906 99.6446 0.039661 0.996904 -0.0683702 -7.62743 -0.997605 0.0355379 -0.0605247 109.716
-0.0561043 0.073658 0.995777 100.503 0.0407302 0.996645 -0.071432 -7.6908 -0.997667 0.0365519 -0.0589139 109.655
-0.0560616 0.0762868 0.995592 101.361 0.0385502 0.996531 -0.074196 -7.7527 -0.997755 0.0342193 -0.058804 109.621
-0.0557049 0.0724414 0.99589 102.243 0.0343643 0.996945 -0.0706007 -7.82515 -0.99793 0.0302916 -0.0580217 109.583
-0.0559778 0.0709925 0.99599 103.109 0.0302742 0.997163 -0.0693828 -7.89963 -0.998046 0.0262678 -0.0579643 109.547
-0.0571019 0.0719803 0.995845 103.957 0.0269412 0.997178 -0.0705366 -7.97087 -0.998079 0.022803 -0.0588775 109.506
-0.0587805 0.0766323 0.995411 104.808 0.0238679 0.996905 -0.0753463 -8.05 -0.998059 0.0193287 -0.0604237 109.468
-0.0595884 0.0795065 0.995127 105.646 0.0230731 0.996699 -0.0782553 -8.12124 -0.998031 0.0182992 -0.0612236 109.42
-0.0586452 0.0812549 0.995053 106.494 0.0232193 0.996556 -0.0800177 -8.18365 -0.998084 0.0184111 -0.0603259 109.356
-0.058913 0.0810787 0.995041 107.331 0.0242336 0.996552 -0.0797717 -8.25988 -0.998044 0.0194156 -0.0606721 109.309
-0.0588307 0.0826923 0.994924 108.182 0.0255997 0.996394 -0.0813095 -8.33113 -0.998015 0.0206859 -0.0607313 109.252
-0.0598505 0.0856005 0.994607 109.004 0.0264648 0.996136 -0.0841443 -8.41702 -0.997932 0.0212876 -0.0618822 109.209
-0.0615005 0.0882742 0.994286 109.829 0.0263531 0.995911 -0.0867977 -8.48285 -0.997836 0.0208638 -0.0635716 109.175
-0.0629283 0.0893235 0.994092 110.655 0.0254957 0.99584 -0.0878719 -8.55645 -0.997769 0.019817 -0.0649411 109.133
-0.0637715 0.08868 0.994107 111.454 0.0245015 0.995918 -0.0872788 -8.63723 -0.997741 0.0187907 -0.0656798 109.064
-0.0660472 0.0899053 0.993838 112.258 0.0249927 0.995803 -0.0884275 -8.7236 -0.997581 0.0189999 -0.0680142 109.002
-0.0691192 0.0936246 0.993295 113.056 0.0255158 0.995461 -0.0920622 -8.79959 -0.997359 0.0189811 -0.0711901 108.95
-0.0725551 0.0950868 0.992901 113.849 0.0239079 0.995359 -0.0935803 -8.88433 -0.997155 0.01695 -0.0744886 108.899
-0.0751349 0.0950552 0.992724 114.634 0.0247027 0.995353 -0.0934466 -8.97359 -0.996945 0.0175014 -0.0771294 108.835
-0.0771771 0.094062 0.99265 115.418 0.0259755 0.995426 -0.0923108 -9.05846 -0.996756 0.0186619 -0.0792638 108.763
-0.0793246 0.095003 0.992402 116.199 0.0277862 0.995307 -0.0930692 -9.1441 -0.99654 0.0201919 -0.0815872 108.696
-0.0815611 0.100038 0.991716 116.981 0.0233962 0.994904 -0.0984412 -9.22948 -0.996472 0.0151751 -0.0834822 108.646
-0.0831117 0.107288 0.990839 117.749 0.0209776 0.994191 -0.105901 -9.32009 -0.996398 0.0119837 -0.0848744 108.588
-0.0841603 0.11007 0.990437 118.505 0.0264474 0.993813 -0.108203 -9.40472 -0.99618 0.0170895 -0.0865467 108.501
-0.0868399 0.1086 0.990376 119.285 0.0287794 0.993934 -0.106476 -9.49048 -0.995886 0.0192556 -0.0894332 108.43
-0.0895243 0.101561 0.990876 120.064 0.0278651 0.99469 -0.0994401 -9.57955 -0.995674 0.0187101 -0.0918746 108.358
-0.0925281 0.0993072 0.990837 120.838 0.0263967 0.994944 -0.0972635 -9.67533 -0.995441 0.0171547 -0.0946761 108.297
-0.0929265 0.103076 0.990409 121.604 0.026174 0.994574 -0.101059 -9.75572 -0.995409 0.0165335 -0.0951158 108.212
-0.0953215 0.106998 0.989772 122.36 0.023817 0.994202 -0.105193 -9.84183 -0.995243 0.0135458 -0.0973116 108.139
-0.0968163 0.110181 0.989272 123.126 0.0243219 0.993857 -0.108317 -9.92744 -0.995086 0.013576 -0.0988969 108.061
-0.0981946 0.114723 0.988626 123.863 0.0286012 0.993283 -0.112433 -10.0178 -0.994838 0.0172351 -0.10081 107.977
-0.100157 0.119694 0.987835 124.611 0.0292044 0.992702 -0.11733 -10.1066 -0.994625 0.0170994 -0.102917 107.901
-0.102876 0.122291 0.987243 125.36 0.0283812 0.992406 -0.119984 -10.1984 -0.994372 0.0156752 -0.10556 107.827
-0.104906 0.120252 0.987275 126.105 0.0288059 0.992652 -0.117853 -10.296 -0.994148 0.0160777 -0.107595 107.748
-0.108164 0.117203 0.987295 126.827 0.0330697 0.992936 -0.114261 -10.3863 -0.993666 0.0202901 -0.111269 107.649
-0.113028 0.115653 0.986929 127.569 0.0352561 0.993084 -0.112343 -10.4874 -0.99305 0.0220988 -0.116318 107.555
-0.118669 0.114581 0.986396 128.317 0.0341097 0.99324 -0.111283 -10.585 -0.992432 0.0204392 -0.121768 107.458
-0.127927 0.114575 0.985235 129.058 0.0335802 0.993275 -0.111157 -10.6871 -0.9913 0.0188659 -0.130908 107.374
-0.138558 0.115191 0.983729 129.781 0.033434 0.993227 -0.111604 -10.7822 -0.989874 0.0174258 -0.141463 107.271
-0.147453 0.116509 0.982275 130.506 0.034478 0.993078 -0.112622 -10.8701 -0.988553 0.017262 -0.150442 107.113
-0.160537 0.117288 0.980134 131.214 0.0359605 0.992987 -0.112947 -10.9618 -0.98646 0.0171134 -0.163621 107
-0.172071 0.117592 0.978133 131.929 0.0398832 0.992906 -0.11236 -11.0481 -0.984363 0.0196788 -0.175531 106.862
-0.183542 0.117914 0.976013 132.636 0.0438719 0.99281 -0.111704 -11.1342 -0.982119 0.0223165 -0.187386 106.725
-0.193953 0.118336 0.973941 133.332 0.0495807 0.99265 -0.110743 -11.2158 -0.979844 0.0268108 -0.198385 106.586
-0.201571 0.11826 0.972409 134.047 0.0563382 0.992477 -0.109034 -11.314 -0.977939 0.0328046 -0.206707 106.414
-0.208159 0.11699 0.971167 134.759 0.0622881 0.992428 -0.106208 -11.4219 -0.976198 0.0383847 -0.213859 106.238
-0.214299 0.11744 0.969784 135.473 0.0634222 0.992361 -0.106171 -11.5092 -0.974794 0.0387522 -0.2201 106.073
-0.218878 0.115539 0.968982 136.188 0.0672699 0.992426 -0.103147 -11.5937 -0.973519 0.042607 -0.224982 105.911
-0.21908 0.112634 0.969287 136.867 0.0736242 0.992429 -0.0986939 -11.6758 -0.973012 0.049739 -0.225703 105.72
-0.21877 0.11093 0.969545 137.562 0.0803729 0.992227 -0.095398 -11.7577 -0.97255 0.0570545 -0.225974 105.538
-0.219098 0.109135 0.969684 138.233 0.0827184 0.992264 -0.0929973 -11.8421 -0.972277 0.0598326 -0.22642 105.368
-0.21764 0.115105 0.969314 138.93 0.0854249 0.991495 -0.0985664 -11.9164 -0.972372 0.061351 -0.225611 105.199
-0.215898 0.118658 0.969283 139.611 0.085175 0.991132 -0.102373 -11.9935 -0.972781 0.060454 -0.224079 105.041
-0.214372 0.118582 0.969623 140.29 0.0870834 0.991009 -0.101952 -12.0721 -0.972952 0.0625817 -0.22276 104.877
-0.211956 0.117041 0.97035 140.962 0.0882934 0.991075 -0.100267 -12.1506 -0.973371 0.0644205 -0.220388 104.717
-0.208402 0.113989 0.971474 141.618 0.0899368 0.991249 -0.0970242 -12.2361 -0.973989 0.0671502 -0.216819 104.546
-0.206302 0.114245 0.971901 142.295 0.0905603 0.991166 -0.0972989 -12.3207 -0.974379 0.0679397 -0.214814 104.396
-0.204649 0.117035 0.97191 142.941 0.0910074 0.99084 -0.10016 -12.3945 -0.974686 0.0679525 -0.213414 104.265
-0.199926 0.119057 0.972657 143.597 0.0922427 0.990508 -0.102294 -12.469 -0.97555 0.0692662 -0.208999 104.125
-0.19471 0.117868 0.97385 144.232 0.0930997 0.990532 -0.101281 -12.5495 -0.976523 0.0709433 -0.203829 103.995
-0.188338 0.115837 0.975356 144.875 0.094124 0.990618 -0.0994863 -12.631 -0.977675 0.0730637 -0.197464 103.857
-0.183761 0.113394 0.976506 145.506 0.0928994 0.99092 -0.0975939 -12.7161 -0.978662 0.0727811 -0.192616 103.736
-0.179652 0.112749 0.977355 146.142 0.092819 0.990961 -0.0972693 -12.7913 -0.979434 0.0732387 -0.188483 103.619
-0.176532 0.111009 0.978112 146.775 0.0932788 0.991074 -0.0956533 -12.8679 -0.979956 0.0743497 -0.185301 103.515
-0.1723 0.108961 0.979108 147.392 0.0961435 0.991018 -0.0933796 -12.943 -0.980434 0.0780415 -0.181218 103.397
-0.168306 0.107534 0.97995 148.015 0.0976072 0.991004 -0.0919914 -13.0102 -0.980981 0.0801654 -0.177278 103.285
-0.165502 0.106329 0.980569 148.624 0.095098 0.9913 -0.0914546 -13.0835 -0.981707 0.0781103 -0.174164 103.185
-0.162064 0.107428 0.981014 149.241 0.0922067 0.991396 -0.0933413 -13.159 -0.982553 0.0753272 -0.170566 103.09
-0.156457 0.111463 0.981484 149.839 0.0932086 0.990885 -0.0976845 -13.2208 -0.983371 0.0761955 -0.16541 102.983
-0.150438 0.115007 0.982007 150.433 0.0948469 0.990348 -0.101463 -13.2856 -0.984149 0.0778746 -0.159886 102.886
-0.143381 0.116631 0.98288 151.017 0.0935323 0.990225 -0.103871 -13.3478 -0.985332 0.0770339 -0.152878 102.797
-0.134498 0.114814 0.98434 151.611 0.0896134 0.990644 -0.103314 -13.427 -0.986944 0.0743128 -0.143521 102.716
-0.125412 0.112849 0.985774 152.206 0.0884168 0.990868 -0.102196 -13.5032 -0.988251 0.0743385 -0.134236 102.674
-0.115117 0.111653 0.987158 152.791 0.0883973 0.990913 -0.101778 -13.576 -0.989501 0.0755439 -0.123933 102.64
-0.102645 0.110083 0.988717 153.368 0.0868251 0.991097 -0.101347 -13.6539 -0.991016 0.0754386 -0.111282 102.599
-0.0872527 0.109827 0.990214 153.945 0.0852875 0.991119 -0.102421 -13.7208 -0.992619 0.0755146 -0.0958393 102.564
