1 0.000669128 0.00114806 -0.00137115 -0.000664666 0.999991 -0.00410424 -0.00607933 -0.00115069 0.00410356 0.999991 0.987045
0.999997 -0.00206385 0.00132526 0.0100118 0.00207032 0.999986 -0.00497688 -0.00523001 -0.00131503 0.00497965 0.999987 1.9396
0.999994 -0.00382995 0.00144636 0.0100049 0.0038313 0.999992 -0.00109739 -0.00347176 -0.001442 0.00110302 0.999999 2.90947
0.999978 -0.00683007 -0.000476603 0.0315418 0.00683195 0.999967 0.00471004 -0.00145512 0.000444292 -0.00471314 0.99999 3.87145
0.99995 -0.0100053 -0.00183302 0.0303447 0.0100135 0.999939 0.00471873 0.0021177 0.00178591 -0.00473674 0.999988 4.8402
0.999916 -0.0125651 -0.00351281 0.0349338 0.0125721 0.999921 0.00207233 0.00721484 0.00348632 -0.00211635 0.999994 5.80663
0.999902 -0.0133746 -0.00468745 0.0365036 0.0133687 0.99991 -0.00124937 0.00691431 0.00470397 0.00118667 0.99999 6.74846
0.999898 -0.0132444 -0.00567953 0.028354 0.0132335 0.999911 -0.00187636 0.0105876 0.00570368 0.00180091 0.999985 7.69172
0.99989 -0.0129632 -0.00750217 0.0244058 0.0129634 0.999917 -5.74918e-06 0.0109193 0.00750187 -9.14594e-05 0.999974 8.63656
0.999888 -0.0122982 -0.00874818 0.0197817 0.0123237 0.999921 0.00292859 0.0142939 0.00871125 -0.00303617 0.999961 9.57972
0.999868 -0.0127231 -0.0103697 0.01253 0.0127701 0.999909 0.00449041 0.0183343 0.0103118 -0.00462218 0.999938 10.5327
0.99984 -0.0140997 -0.0112997 0.00743354 0.014158 0.999887 0.00515018 0.024127 0.0112255 -0.00530939 0.999927 11.4681
0.99982 -0.0145702 -0.0123933 -0.00271065 0.014631 0.999882 0.00483968 0.0349527 0.0123217 -0.00502006 0.999915 12.3957
0.999806 -0.0149325 -0.013103 -0.0148694 0.0149735 0.999884 0.00308339 0.0438932 0.0130551 -0.00327919 0.999914 13.3184
0.999769 -0.0155219 -0.0150655 -0.0277117 0.0155379 0.99988 0.000959906 0.049568 0.0150491 -0.00119369 0.99989 14.2654
0.999717 -0.01668 -0.0171738 -0.0352767 0.0166766 0.999861 -0.000305845 0.0499198 0.0171762 1.90834e-05 0.999857 15.192
0.999673 -0.016642 -0.0195543 -0.0451401 0.0166178 0.999862 -0.00139304 0.0493111 0.0195751 0.0010677 0.999811 16.1183
0.999645 -0.0151312 -0.0220836 -0.057868 0.0150806 0.999884 -0.00242242 0.0512616 0.0221175 0.00208821 0.999758 17.0107
0.999607 -0.0136685 -0.0246187 -0.0758559 0.0136137 0.999906 -0.00238735 0.0519233 0.0246493 0.0020513 0.999697 17.9184
0.999536 -0.0142478 -0.0270385 -0.0892932 0.0142141 0.999899 -0.00141176 0.0487831 0.0270556 0.00102645 0.999638 18.8226
0.9995 -0.0138045 -0.0285834 -0.118473 0.0138141 0.999906 0.000139941 0.0459417 0.028579 -0.000534665 0.999596 19.7448
0.999462 -0.0135109 -0.0300274 -0.148851 0.0135573 0.999909 0.00135787 0.0395942 0.030006 -0.00176455 0.999553 20.6411
0.999394 -0.014417 -0.0318206 -0.17719 0.0144744 0.999895 0.00157498 0.0364692 0.031795 -0.00203459 0.999497 21.5354
0.999356 -0.0144573 -0.032965 -0.216782 0.0145231 0.999894 0.00178022 0.0298399 0.0329354 -0.00225809 0.999461 22.435
0.999354 -0.0143717 -0.0330861 -0.265719 0.014461 0.999894 0.0024683 0.0287812 0.0330475 -0.00294521 0.999454 23.3154
0.999319 -0.01432 -0.0341481 -0.301268 0.0144685 0.999889 0.00412743 0.034366 0.0340848 -0.00461897 0.999416 24.195
0.999257 -0.0154732 -0.0354255 -0.328979 0.0157198 0.999856 0.00670362 0.0392191 0.0353171 -0.00725563 0.999355 25.0655
0.999205 -0.0150368 -0.0370604 -0.351591 0.0153729 0.999846 0.00882315 0.035687 0.0369216 -0.00938617 0.999282 25.9286
0.999161 -0.0144402 -0.0384571 -0.379578 0.0147527 0.999862 0.00786339 0.0387563 0.0383385 -0.00842413 0.999235 26.7853
0.999074 -0.0129186 -0.0411833 -0.397441 0.0131556 0.999901 0.00550838 0.0412627 0.0411076 -0.00604548 0.999144 27.6221
0.999013 -0.0125259 -0.0427524 -0.427554 0.0127095 0.999913 0.00403236 0.0434663 0.0426985 -0.00457181 0.999084 28.4436
0.998969 -0.0114012 -0.0440875 -0.460551 0.011581 0.999929 0.00384329 0.0452799 0.0440403 -0.00435033 0.999029 29.2671
0.998928 -0.011553 -0.0449701 -0.503461 0.0117389 0.999926 0.00387704 0.0406069 0.0449224 -0.00440076 0.998988 30.0645
0.998856 -0.0113839 -0.0465982 -0.545859 0.0115439 0.999931 0.00318788 0.0382227 0.0465587 -0.00372262 0.998918 30.8588
0.998771 -0.0115524 -0.0483465 -0.592942 0.0117146 0.999928 0.00307502 0.0430546 0.0483081 -0.00363764 0.998834 31.6341
0.998656 -0.0115831 -0.0506741 -0.627964 0.0117909 0.999925 0.0038249 0.0537189 0.0506262 -0.00441763 0.998717 32.4227
0.998585 -0.0115421 -0.0520447 -0.681036 0.0118652 0.999913 0.0059031 0.0589582 0.0519728 -0.0065123 0.998635 33.1763
0.998459 -0.0102601 -0.0546987 -0.717156 0.0106519 0.999921 0.00689552 0.067691 0.054624 -0.00746789 0.998489 33.9399
0.99834 -0.00869464 -0.0570755 -0.754519 0.00909201 0.999938 0.00670337 0.0779322 0.0570145 -0.00721126 0.998356 34.6912
0.998165 -0.00551795 -0.0604359 -0.775245 0.0058702 0.999968 0.00566926 0.0926466 0.0604031 -0.00601399 0.998166 35.4031
0.998058 -0.0038072 -0.0623214 -0.825734 0.00412854 0.999982 0.00502926 0.0958783 0.0623021 -0.00527685 0.998053 36.1228
0.997954 -0.0031759 -0.0639961 -0.874248 0.00357378 0.999976 0.00612101 0.102392 0.0639755 -0.00633763 0.997942 36.8369
0.997934 -0.00187211 -0.064366 -0.933141 0.00239184 0.999968 0.00800008 0.107379 0.0643499 -0.00813748 0.997904 37.5499
0.997947 0.00097223 -0.0641716 -0.988513 -0.000437824 0.999967 0.00835652 0.112484 0.0641779 -0.00831182 0.997915 38.2429
0.998023 0.00409797 -0.0628643 -1.04057 -0.00372487 0.999979 0.00605248 0.119347 0.0628886 -0.00580632 0.998015 38.9291
0.998113 0.00554503 -0.0613026 -1.08088 -0.00536272 0.999982 0.00315254 0.119816 0.0613193 -0.00281832 0.998124 39.6194
0.998252 0.00463234 -0.0590803 -1.11865 -0.0045253 0.999991 0.00195058 0.119134 0.0590895 -0.00167979 0.998262 40.2766
0.998403 0.00573264 -0.0563495 -1.15038 -0.00558636 0.999982 0.00276977 0.124382 0.0563646 -0.00245103 0.998417 40.9604
0.998551 0.0102199 -0.0530098 -1.19256 -0.00990693 0.999934 0.00617032 0.116723 0.0530703 -0.00563615 0.998586 41.6256
0.998719 0.014229 -0.048754 -1.24147 -0.0137579 0.999857 0.0100051 0.113896 0.0488896 -0.00932201 0.998771 42.244
0.998833 0.0194847 -0.0443707 -1.27489 -0.0190382 0.999767 0.0104698 0.126321 0.0445651 -0.00961284 0.998971 42.8742
0.999013 0.0232284 -0.0381137 -1.31677 -0.0228574 0.99969 0.0101638 0.14199 0.0383381 -0.00928319 0.999232 43.4752
0.999143 0.0271356 -0.0315611 -1.35305 -0.0267567 0.99957 0.012366 0.144862 0.0318838 -0.0115109 0.999437 44.0453
0.999216 0.0315911 -0.0242816 -1.38139 -0.0312598 0.999418 0.0139393 0.146911 0.0247078 -0.0131701 0.999619 44.6134
0.999259 0.0352275 -0.0161168 -1.41082 -0.035015 0.999303 0.0132828 0.155033 0.0165742 -0.0127086 0.999795 45.1583
0.999237 0.0382441 -0.00922299 -1.4132 -0.0381158 0.999182 0.0137854 0.152525 0.00974255 -0.013424 0.999874 45.6823
0.999098 0.042639 -0.00137559 -1.42806 -0.0426174 0.999011 0.0131074 0.163267 0.00193366 -0.0130369 0.999925 46.2128
0.998903 0.0466524 0.00603385 -1.4265 -0.0467086 0.998868 0.00940184 0.182133 -0.00558872 -0.009674 0.999949 46.7075
0.998702 0.0490514 0.0143485 -1.42574 -0.049142 0.998781 0.00602514 0.190043 -0.014035 -0.00672248 0.999893 47.173
0.998542 0.0495093 0.0219998 -1.40853 -0.0496516 0.998752 0.00593709 0.19203 -0.0216789 -0.00702144 0.999752 47.5904
0.998352 0.0491202 0.0299377 -1.39088 -0.0493533 0.998763 0.00709764 0.194963 -0.0295516 -0.00856357 0.999541 47.98
0.997998 0.0508238 0.0378892 -1.37538 -0.0511321 0.998668 0.00719344 0.20926 -0.037474 -0.00911704 0.999267 48.3846
0.997403 0.0543234 0.0474505 -1.37093 -0.0547403 0.998478 0.00753708 0.206664 -0.0469685 -0.0101149 0.99886 48.715
0.996702 0.0588427 0.0560306 -1.34602 -0.0593395 0.998214 0.00723333 0.207037 -0.0555058 -0.010535 0.998414 49.0262
0.995902 0.0623384 0.065613 -1.34135 -0.0628852 0.998006 0.0063127 0.227408 -0.0650884 -0.0104129 0.997841 49.349
0.995288 0.0615462 0.0750455 -1.31644 -0.0622251 0.998043 0.00673341 0.233071 -0.0744855 -0.0113721 0.997169 49.6447
0.994302 0.0609481 0.0875318 -1.31903 -0.0616487 0.998088 0.0053273 0.218055 -0.0870393 -0.0106931 0.996165 49.9052
0.993145 0.0607801 0.099921 -1.28109 -0.0613087 0.998121 0.00222092 0.182654 -0.0995998 -0.00833243 0.995005 50.1535
0.991627 0.0613142 0.113713 -1.25581 -0.0614806 0.998112 -0.00204084 0.190595 -0.113623 -0.0049673 0.99353 50.4292
0.989611 0.0628479 0.129369 -1.21984 -0.0628228 0.998022 -0.00428037 0.192741 -0.129384 -0.0038923 0.991601 50.6995
0.987257 0.0643711 0.145583 -1.17768 -0.0642872 0.997923 -0.00528215 0.18734 -0.14562 -0.00414429 0.989351 50.9407
0.984529 0.0648503 0.162826 -1.12891 -0.0646263 0.997893 -0.00667994 0.187931 -0.162918 -0.00394711 0.986646 51.2153
0.981371 0.0643363 0.181069 -1.07102 -0.063834 0.997929 -0.00860238 0.20166 -0.181247 -0.00311633 0.983452 51.476
0.977687 0.0634349 0.200302 -1.00126 -0.0629188 0.997985 -0.00894888 0.197001 -0.200468 -0.00385455 0.979707 51.7053
0.973494 0.063503 0.219757 -0.920725 -0.0629805 0.997977 -0.00938619 0.181208 -0.219908 -0.00470327 0.97553 51.9035
0.968179 0.0656229 0.241536 -0.859869 -0.0646369 0.997844 -0.0120133 0.187406 -0.241805 -0.00398208 0.970333 52.1806
0.962088 0.0668688 0.264451 -0.776221 -0.0653413 0.997763 -0.0145755 0.189718 -0.264833 -0.00325689 0.96431 52.4428
0.955 0.067623 0.288829 -0.681687 -0.0660371 0.997709 -0.0152452 0.177033 -0.2892 -0.00451511 0.957277 52.6886
0.946783 0.0701167 0.314173 -0.567737 -0.0686284 0.997525 -0.0158066 0.16585 -0.314503 -0.00659621 0.949255 52.9447
0.939026 0.071364 0.336389 -0.36575 -0.0694954 0.997435 -0.0176093 0.165651 -0.336785 -0.00684278 0.941577 53.1269
0.930119 0.0710209 0.360351 -0.129467 -0.0690061 0.997453 -0.0184683 0.151279 -0.360744 -0.00768911 0.932655 53.3564
0.918827 0.0692054 0.388573 0.0577279 -0.0663365 0.997589 -0.0208128 0.147301 -0.389077 -0.00665408 0.921202 53.5969
0.905185 0.0664614 0.419813 0.235788 -0.062218 0.997788 -0.0238073 0.142469 -0.420465 -0.00457035 0.90732 53.8235
0.889326 0.0651224 0.452633 0.424934 -0.0589386 0.997885 -0.0277693 0.1316 -0.453485 -0.00198259 0.891282 54.0415
0.871378 0.0673739 0.485987 0.637007 -0.0587086 0.997739 -0.0330522 0.127718 -0.48711 0.000268734 0.873366 54.2745
0.852197 0.0693099 0.518629 0.901142 -0.0586061 0.997605 -0.0370214 0.105197 -0.519953 0.00115378 0.854218 54.4884
0.832122 0.0713626 0.550003 1.2255 -0.0589973 0.99746 -0.0401584 0.0814799 -0.551469 0.000967396 0.834221 54.6669
0.807616 0.0753106 0.584899 1.49571 -0.0617889 0.99717 -0.043078 0.0706327 -0.586487 -0.00135061 0.809985 54.8883
0.780824 0.080119 0.619612 1.80339 -0.0656313 0.996784 -0.0461805 0.0610274 -0.621317 -0.0046079 0.783573 55.1194
0.751993 0.0814579 0.654136 2.12418 -0.0653441 0.99667 -0.0489942 0.0475251 -0.655947 -0.00590138 0.754814 55.3015
0.720561 0.0782708 0.688977 2.4422 -0.0601416 0.996929 -0.0503553 0.0286859 -0.6908 -0.00515297 0.723057 55.4619
0.684365 0.0776675 0.725002 2.76757 -0.0579374 0.99697 -0.0521129 0.0145335 -0.726851 -0.00634116 0.686795 55.6806
0.645398 0.0772049 0.759951 3.07077 -0.055829 0.996996 -0.0538719 -0.000652796 -0.761824 -0.00765931 0.647772 55.8654
0.601529 0.0774882 0.795095 3.45225 -0.053091 0.996972 -0.0569971 -0.022185 -0.797103 -0.0079274 0.603826 56.0994
0.556479 0.0751742 0.827468 3.84637 -0.0467312 0.997164 -0.0591624 -0.0433309 -0.829567 -0.00574683 0.558416 56.311
0.510347 0.0727978 0.856893 4.29989 -0.0439203 0.997328 -0.058571 -0.0744241 -0.858865 -0.00774389 0.512185 56.5255
0.462986 0.0708719 0.883541 4.7645 -0.0431747 0.997429 -0.0573819 -0.104719 -0.885334 -0.0115806 0.464858 56.7148
0.414844 0.0712574 0.907106 5.20937 -0.0453701 0.997321 -0.0575951 -0.115161 -0.908778 -0.0172629 0.416969 56.8874
0.367113 0.0714332 0.927442 5.72148 -0.04303 0.997295 -0.0597793 -0.138322 -0.929202 -0.0179632 0.369196 57.0626
0.32369 0.0677384 0.943745 6.19785 -0.0313893 0.997667 -0.0608427 -0.162199 -0.945661 -0.00992951 0.325065 57.1368
0.282404 0.0610022 0.957367 6.69205 -0.0182213 0.998148 -0.0582247 -0.195592 -0.959145 -0.0010029 0.282995 57.1962
0.242697 0.0597896 0.968267 7.22815 -0.00989011 0.998213 -0.0591597 -0.223142 -0.97007 0.00478156 0.242858 57.2568
0.206739 0.0610538 0.976502 7.81209 -0.00782441 0.998133 -0.0607488 -0.258625 -0.978387 0.00491723 0.206834 57.3403
0.176096 0.0607656 0.982504 8.34006 0.000279063 0.998103 -0.0617803 -0.295227 -0.984392 0.0111535 0.175749 57.3709
0.148878 0.0584912 0.987137 8.89074 0.00728145 0.998168 -0.0602421 -0.331166 -0.988852 0.016155 0.148182 57.3992
0.124403 0.0560989 0.990653 9.49255 0.0137707 0.99822 -0.0582567 -0.369244 -0.992156 0.0208895 0.123413 57.453
0.104266 0.0545882 0.993064 10.081 0.0178961 0.998239 -0.0567508 -0.402013 -0.994412 0.0236874 0.103108 57.5032
0.088723 0.0554999 0.994517 10.6748 0.0201713 0.998156 -0.0575023 -0.438125 -0.995872 0.0251626 0.0874443 57.5377
0.0771017 0.0554242 0.995496 11.2788 0.0204745 0.998167 -0.0571579 -0.467958 -0.996837 0.0247875 0.0758285 57.5483
0.0652562 0.0558157 0.996316 11.9245 0.0210623 0.998149 -0.0572978 -0.506528 -0.997668 0.0247239 0.0639645 57.5959
0.0571291 0.0584886 0.996667 12.5577 0.0258184 0.997875 -0.0600386 -0.53427 -0.998058 0.0291606 0.0555006 57.6104
0.0504234 0.0599514 0.996938 13.1897 0.0304343 0.997657 -0.0615337 -0.565069 -0.998287 0.0334439 0.0484854 57.6393
0.0463592 0.0588927 0.997202 13.8509 0.0308006 0.997714 -0.0603542 -0.60559 -0.998476 0.0335107 0.0444424 57.6562
0.0419362 0.0562781 0.997546 14.528 0.0283719 0.997959 -0.057494 -0.639493 -0.998741 0.0307133 0.0402586 57.7071
0.0393107 0.0487255 0.998055 15.2063 0.026556 0.99842 -0.0497885 -0.681328 -0.9989 0.0284599 0.0379582 57.7375
0.0383439 0.0430157 0.99835 15.8902 0.0279124 0.998654 -0.0441007 -0.711321 -0.998898 0.0295574 0.0370965 57.7593
0.0386143 0.0400208 0.99847 16.6168 0.0307775 0.99869 -0.0412191 -0.742345 -0.998806 0.0323201 0.0373356 57.7722
0.0380552 0.0415703 0.998422 17.3036 0.0341144 0.998514 -0.0428743 -0.77788 -0.998716 0.0356922 0.0365855 57.808
0.0386666 0.0486959 0.998084 18.0337 0.0354152 0.998134 -0.0500697 -0.806128 -0.998652 0.0372815 0.0368735 57.8399
0.0410421 0.0564553 0.997573 18.771 0.0365326 0.997666 -0.0579633 -0.835147 -0.998512 0.0388229 0.0388888 57.8674
0.0415241 0.0570686 0.997527 19.491 0.0376165 0.997587 -0.0586375 -0.868986 -0.998457 0.0399565 0.0392808 57.9274
0.042306 0.0532252 0.997698 20.2588 0.0365986 0.997844 -0.0547847 -0.89699 -0.998458 0.0388321 0.0402718 57.9819
0.0436338 0.0472758 0.997951 21.0146 0.0357326 0.998184 -0.0488489 -0.930793 -0.998437 0.0377887 0.041869 58.0347
0.0443372 0.0459276 0.997974 21.7923 0.0336346 0.998325 -0.0474379 -0.963944 -0.998474 0.0356697 0.0427232 58.1105
0.0466688 0.0510617 0.997629 22.5201 0.0411327 0.997766 -0.0529929 -0.998588 -0.998093 0.0435062 0.0444682 58.1541
0.0501217 0.0567633 0.997143 23.2607 0.0430551 0.997351 -0.058939 -1.02879 -0.997839 0.0458861 0.04755 58.1829
0.0523368 0.0577287 0.996983 24.0143 0.0370174 0.997548 -0.0597045 -1.06393 -0.997974 0.0400286 0.0500754 58.2407
0.0562774 0.0547146 0.996929 24.7908 0.0327698 0.997877 -0.0566162 -1.09786 -0.997902 0.0358553 0.05437 58.2831
0.0606735 0.0507971 0.996888 25.551 0.0372835 0.99791 -0.0531182 -1.13766 -0.997492 0.0403882 0.0586567 58.3279
0.0652483 0.0519207 0.996537 26.2548 0.0422704 0.997622 -0.0547455 -1.16852 -0.997 0.0456958 0.062904 58.3271
0.0681408 0.0560238 0.996126 27.0389 0.0418698 0.9974 -0.0589596 -1.21628 -0.996829 0.0457227 0.0656219 58.3839
0.0707159 0.0565116 0.995915 27.821 0.0380585 0.99753 -0.0593063 -1.26514 -0.996799 0.0420964 0.0683961 58.4789
0.0736347 0.0558377 0.995746 28.6299 0.0372688 0.997598 -0.0586977 -1.31277 -0.996623 0.0414301 0.0713808 58.5609
0.0777478 0.0523596 0.995619 29.3637 0.0413187 0.997611 -0.0556916 -1.35332 -0.996147 0.0454672 0.0754042 58.5959
0.0819575 0.052165 0.995295 30.1134 0.0458341 0.997393 -0.0560493 -1.39851 -0.995615 0.0502096 0.0793568 58.6419
0.0848525 0.0525835 0.995029 30.917 0.0486796 0.997214 -0.056851 -1.4442 -0.995234 0.0532612 0.0820621 58.7295
0.0870271 0.0526304 0.994841 31.6257 0.0488104 0.997197 -0.057025 -1.47731 -0.995044 0.0535188 0.0842181 58.8049
0.0912189 0.0512475 0.994537 32.3934 0.0504413 0.997175 -0.0560108 -1.51328 -0.994583 0.0552745 0.088382 58.8628
0.0953492 0.0503792 0.994196 33.1764 0.0524656 0.997096 -0.0555582 -1.5483 -0.994095 0.0574559 0.0924329 58.9221
0.0987889 0.0513948 0.993806 33.9906 0.050681 0.99713 -0.0566054 -1.57825 -0.993847 0.0559587 0.0959063 58.9992
0.101529 0.0531711 0.993439 34.7461 0.0479033 0.997171 -0.0582668 -1.61798 -0.993713 0.0535022 0.0986983 59.0909
0.105294 0.0531822 0.993044 35.5365 0.0496748 0.997063 -0.0586653 -1.6558 -0.99323 0.0555059 0.102349 59.1582
0.108507 0.0526312 0.992731 36.3113 0.0473908 0.99721 -0.0580488 -1.70471 -0.993 0.0533424 0.105714 59.2379
0.111708 0.0525123 0.992378 37.0994 0.04621 0.99727 -0.0579736 -1.75082 -0.992696 0.0523336 0.108982 59.3158
0.115373 0.0515733 0.992013 37.8718 0.0437472 0.99744 -0.0569436 -1.81013 -0.992393 0.049965 0.112825 59.4156
0.120215 0.0533908 0.991338 38.6441 0.0423618 0.997389 -0.0588546 -1.85137 -0.991874 0.0490696 0.117645 59.4865
0.123083 0.055908 0.990851 39.4591 0.0410915 0.997291 -0.0613761 -1.90956 -0.99158 0.0482674 0.120456 59.6069
0.127776 0.0569592 0.990194 40.211 0.0410557 0.997212 -0.0626616 -1.96628 -0.990984 0.0486593 0.125087 59.6783
0.13002 0.0593485 0.989765 41.0068 0.0349384 0.997337 -0.0643923 -2.01277 -0.990932 0.0429508 0.127603 59.8041
0.133177 0.0589808 0.989364 41.7917 0.0309507 0.997516 -0.0636339 -2.05611 -0.99064 0.0390956 0.131026 59.9091
0.136513 0.059637 0.988873 42.5565 0.0330331 0.997381 -0.0647104 -2.10163 -0.990124 0.041497 0.134188 60.0144
0.140365 0.0610761 0.988243 43.3653 0.0325991 0.997293 -0.0662666 -2.14704 -0.989594 0.0415168 0.137999 60.1331
0.144041 0.0617998 0.987673 44.1666 0.028635 0.997395 -0.0665843 -2.19763 -0.989194 0.0378706 0.141899 60.2602
0.147809 0.0593794 0.987262 44.956 0.0278986 0.997573 -0.0641774 -2.24644 -0.988655 0.0370284 0.145799 60.3862
0.1535 0.0592814 0.986403 45.7534 0.028493 0.997543 -0.0643851 -2.29546 -0.987776 0.0379861 0.151437 60.4943
0.159285 0.0626186 0.985277 46.5535 0.0249768 0.997437 -0.0674306 -2.34966 -0.986949 0.035349 0.157317 60.6208
0.164904 0.0712403 0.983769 47.3656 0.0234051 0.996851 -0.0761111 -2.40294 -0.98607 0.0355739 0.162719 60.7775
0.172264 0.0763053 0.982125 48.1573 0.021834 0.996481 -0.0812518 -2.44884 -0.984842 0.0354395 0.169996 60.9253
0.177831 0.0798785 0.98085 48.9928 0.0171785 0.996323 -0.0842535 -2.50602 -0.983949 0.0318304 0.175808 61.1189
0.183602 0.0785727 0.97989 49.8071 0.0133584 0.996537 -0.0824119 -2.56766 -0.982944 0.0282198 0.18192 61.3082
0.190407 0.0766302 0.978747 50.6153 0.0134729 0.996678 -0.0806556 -2.63099 -0.981651 0.0285418 0.188744 61.4887
0.19708 0.0733903 0.977672 51.4293 0.0131753 0.996934 -0.0774936 -2.6895 -0.980333 0.0281525 0.195513 61.6677
0.204593 0.0680769 0.976514 52.2505 0.0111698 0.997379 -0.0718721 -2.74692 -0.978822 0.02561 0.203298 61.8441
0.211363 0.0606851 0.975559 53.0813 0.00857605 0.997946 -0.0639373 -2.806 -0.977404 0.0218793 0.210412 62.0397
0.218529 0.0580231 0.974141 53.9138 0.00824302 0.998113 -0.0613005 -2.86628 -0.975834 0.0214237 0.217639 62.2394
0.225263 0.0597951 0.972498 54.6947 0.00692701 0.99802 -0.0629705 -2.9254 -0.974307 0.0209205 0.224407 62.4135
0.230906 0.0646672 0.970862 55.5124 0.00730475 0.997673 -0.0681908 -2.99738 -0.972987 0.0228356 0.229897 62.6295
0.235613 0.066948 0.969577 56.3194 0.005731 0.997541 -0.0702733 -3.06758 -0.971865 0.0221129 0.234653 62.8458
0.240326 0.0691067 0.968267 57.1078 0.00430352 0.997405 -0.072255 -3.13388 -0.970721 0.0215297 0.239405 63.0539
0.246517 0.0687989 0.966732 57.8805 0.00188738 0.997471 -0.0714694 -3.18795 -0.969172 0.0194421 0.245767 63.2412
0.25326 0.0654726 0.965218 58.6376 0.00571168 0.997617 -0.0691692 -3.23827 -0.967421 0.0230287 0.252282 63.4049
0.258144 0.0587143 0.96436 59.4039 0.00630302 0.998059 -0.0624545 -3.28943 -0.966122 0.0221993 0.257275 63.6065
0.260674 0.052537 0.964034 60.1745 0.0042299 0.998475 -0.0555579 -3.34222 -0.965457 0.0185581 0.260053 63.8394
0.263456 0.0489758 0.963467 60.925 0.000164224 0.99874 -0.0508147 -3.39463 -0.964708 0.0135443 0.263118 64.0668
0.267004 0.0488989 0.962493 61.647 -0.00138046 0.998759 -0.0503589 -3.43775 -0.963734 0.0121153 0.266739 64.2662
0.270402 0.05131 0.961419 62.375 -0.00315999 0.998652 -0.0524096 -3.47229 -0.96278 0.0111322 0.270201 64.4627
0.271532 0.0554324 0.960871 63.0868 -0.00738008 0.99846 -0.0555158 -3.51723 -0.962441 0.00798101 0.271523 64.6831
0.274954 0.0595766 0.95965 63.7786 -0.00854888 0.998221 -0.0595231 -3.55883 -0.961457 0.008161 0.274976 64.8662
0.277836 0.0644986 0.9585 64.4669 -0.00894335 0.997904 -0.0645579 -3.60242 -0.960627 0.00936212 0.27783 65.0636
0.279775 0.0668872 0.957773 65.1475 -0.00813007 0.99773 -0.067304 -3.63884 -0.960069 0.011042 0.279686 65.2601
0.280878 0.0672818 0.957423 65.8327 -0.0108115 0.997729 -0.0669427 -3.67921 -0.959724 0.00844929 0.280966 65.4753
0.280591 0.0643885 0.957706 66.4735 -0.0106311 0.997925 -0.0639791 -3.72088 -0.959807 0.00776939 0.280696 65.6728
0.280629 0.0624353 0.957824 67.1325 -0.0110382 0.998057 -0.0618241 -3.76284 -0.959795 0.00677481 0.280772 65.876
0.280895 0.0612568 0.957823 67.7665 -0.00975616 0.998123 -0.0609743 -3.79998 -0.959728 0.00778159 0.280968 66.0522
0.279568 0.0603653 0.958268 68.4105 -0.00941051 0.998176 -0.0601343 -3.83734 -0.960122 0.00779151 0.279626 66.2444
0.279239 0.061626 0.958283 69.0366 -0.0104007 0.998105 -0.0611575 -3.8731 -0.960205 0.00710954 0.279353 66.41
0.276882 0.0645318 0.958776 69.6582 -0.0111116 0.997921 -0.063958 -3.91179 -0.960881 0.00705309 0.277023 66.5974
0.274171 0.0682502 0.959298 70.2497 -0.00908079 0.997649 -0.0683847 -3.9501 -0.961678 0.0100367 0.274148 66.769
0.272035 0.069463 0.959819 70.8522 -0.00645558 0.997532 -0.0703632 -3.97631 -0.962308 0.0129428 0.271811 66.9429
0.269404 0.0685816 0.960624 71.4389 -0.00708805 0.997607 -0.0692353 -4.01112 -0.963041 0.011842 0.269248 67.1144
0.266859 0.0657227 0.961534 72.0205 -0.00752614 0.997814 -0.0661144 -4.05179 -0.963748 0.0104044 0.26677 67.2774
0.264155 0.0619101 0.962535 72.5969 -0.0073085 0.998069 -0.0621914 -4.09335 -0.964494 0.00939232 0.2641 67.4451
0.262818 0.060292 0.963003 73.1533 -0.00345218 0.99813 -0.0615495 -4.13536 -0.964881 0.0128494 0.262535 67.5779
0.261741 0.0613652 0.963229 73.7057 0.000633132 0.997997 -0.0637538 -4.16776 -0.96518 0.0172955 0.26118 67.7101
0.259437 0.0626303 0.963772 74.2517 0.00466281 0.997836 -0.0660997 -4.20654 -0.965794 0.0216398 0.258584 67.8471
0.25822 0.0642944 0.96399 74.8022 0.00422077 0.997731 -0.0676772 -4.24195 -0.966121 0.0215431 0.257366 67.9885
0.25678 0.0669514 0.964194 75.3456 0.00368715 0.997556 -0.0702507 -4.27857 -0.966508 0.0215916 0.255907 68.1372
0.25487 0.0646473 0.964857 75.8947 0.00486772 0.997697 -0.0681353 -4.33232 -0.967007 0.022061 0.253972 68.2933
0.256083 0.0616398 0.964733 76.4569 0.0109001 0.997752 -0.0666434 -4.38038 -0.966639 0.0275792 0.254836 68.4241
0.25878 0.0588974 0.964184 77.0146 0.0157796 0.997781 -0.0651867 -4.41992 -0.965852 0.0320819 0.25728 68.5482
0.261172 0.057244 0.96364 77.5645 0.0186866 0.997788 -0.0643378 -4.46095 -0.965158 0.0348073 0.259525 68.6815
0.26453 0.0565302 0.962765 78.1328 0.0163797 0.997907 -0.063096 -4.50627 -0.964283 0.032459 0.263054 68.8494
0.268642 0.0566477 0.96162 78.6985 0.0152156 0.99793 -0.0630381 -4.54782 -0.963167 0.0315633 0.267223 69.0403
0.275318 0.0551004 0.959821 79.2638 0.016822 0.997962 -0.0621172 -4.57915 -0.961252 0.0332462 0.273833 69.2001
0.282103 0.0550312 0.957852 79.8473 0.0152617 0.998005 -0.0618337 -4.61563 -0.959311 0.0320589 0.280699 69.4025
0.290834 0.052828 0.955362 80.4252 0.0159321 0.998105 -0.0600435 -4.64617 -0.956687 0.0326819 0.289443 69.5734
0.299701 0.0527819 0.952621 81.0207 0.0122493 0.998209 -0.0591624 -4.68574 -0.954004 0.0293971 0.298516 69.7727
0.309635 0.0522731 0.949466 81.5966 0.011193 0.998254 -0.0586113 -4.72251 -0.950836 0.0287738 0.308511 69.9528
0.318742 0.0556127 0.946258 82.1961 0.00577495 0.998181 -0.0606103 -4.77065 -0.947874 0.0247809 0.317839 70.1773
0.326285 0.0589001 0.943483 82.7401 0.00200124 0.998048 -0.0630005 -4.79088 -0.945315 0.022443 0.325531 70.4003
0.33566 0.0624033 0.939964 83.4112 -0.00177349 0.997881 -0.0656159 -4.82393 -0.942031 0.0203552 0.335056 70.7285
0.346464 0.0644094 0.935897 84.0014 -0.0027074 0.997741 -0.0676652 -4.85019 -0.938104 0.0209087 0.345856 70.9202
0.356242 0.0652647 0.932163 84.6447 -0.00496931 0.997714 -0.067956 -4.88277 -0.934431 0.0195741 0.355748 71.1908
0.366497 0.0650494 0.92819 85.2631 -0.00536822 0.99772 -0.0678045 -4.92537 -0.930449 0.0198664 0.366011 71.4385
0.377311 0.0660086 0.923783 85.9174 -0.00939364 0.997716 -0.0674557 -4.96489 -0.92609 0.0167718 0.377065 71.7116
0.387284 0.0613067 0.919968 86.5753 -0.00883619 0.998024 -0.0627905 -5.00272 -0.921963 0.0161877 0.38706 72.0059
0.398978 0.0541393 0.915413 87.2418 -0.00484428 0.998405 -0.0569372 -5.03598 -0.917 0.0182796 0.398598 72.2673
0.408932 0.0496283 0.911264 87.8953 -0.00276278 0.998621 -0.053148 -5.07044 -0.912607 0.0192148 0.408503 72.57
0.419367 0.0462536 0.906691 88.5974 -0.00324966 0.99881 -0.0494508 -5.10614 -0.907863 0.017789 0.419012 72.897
0.42818 0.0430157 0.902719 89.2775 0.00335541 0.998822 -0.0491886 -5.13746 -0.903733 0.0240888 0.427528 73.2178
0.436199 0.0377992 0.899112 89.965 0.00968276 0.998902 -0.0466929 -5.15422 -0.899852 0.0290701 0.435347 73.5472
0.443437 0.0273655 0.895938 90.6751 0.0201552 0.999015 -0.0404916 -5.18228 -0.896126 0.0360111 0.442444 73.8772
0.450094 0.0231655 0.892738 91.3976 0.0251688 0.998978 -0.0386126 -5.20525 -0.892681 0.0398446 0.449044 74.2299
0.456345 0.0225589 0.889569 92.0915 0.0276456 0.998874 -0.0395155 -5.24418 -0.889422 0.042623 0.455204 74.5975
0.464197 0.027646 0.885361 92.8212 0.0294542 0.998521 -0.0466236 -5.29004 -0.885297 0.047716 0.462689 74.9606
0.469758 0.0309959 0.882304 93.4916 0.0332626 0.998092 -0.0527759 -5.33083 -0.882217 0.054137 0.467826 75.3463
0.474758 0.0330626 0.879559 94.2204 0.0319768 0.99803 -0.0547774 -5.3646 -0.879593 0.054127 0.472758 75.7541
0.478921 0.0357973 0.877186 94.9091 0.0245322 0.998269 -0.0541362 -5.39799 -0.877563 0.0474438 0.477213 76.1508
0.482133 0.0395245 0.875272 95.6128 0.0178586 0.998374 -0.0549226 -5.45277 -0.875975 0.0421072 0.480637 76.5801
0.485201 0.0421107 0.873447 96.3265 0.0170073 0.998234 -0.0575782 -5.51199 -0.874285 0.0427897 0.483627 77.0253
0.488947 0.0467485 0.871128 97.0716 0.0134243 0.998086 -0.0610986 -5.57116 -0.87227 0.0415646 0.487376 77.5023
0.492008 0.0511548 0.869146 97.7544 0.00991627 0.997916 -0.0643507 -5.60215 -0.870583 0.0402777 0.490474 77.918
0.495872 0.0508375 0.866975 98.3981 0.00833775 0.998005 -0.0632919 -5.62969 -0.868416 0.0386098 0.494451 78.2815
0.500306 0.0443382 0.864773 99.0638 0.0134196 0.998208 -0.0589469 -5.70118 -0.865795 0.0410941 0.498812 78.6795
0.503712 0.0413399 0.862951 99.6548 0.0130902 0.998421 -0.0554725 -5.74626 -0.863834 0.0392348 0.502367 78.9967
0.508128 0.0402481 0.860402 100.301 0.0121835 0.998509 -0.0539073 -5.79277 -0.861247 0.0378721 0.506877 79.3692
0.511708 0.0428177 0.858162 100.925 0.0101771 0.998432 -0.0558872 -5.81986 -0.859162 0.037328 0.51046 79.7473
0.514973 0.0427569 0.856201 101.516 0.01142 0.998361 -0.0567285 -5.86101 -0.857183 0.0389889 0.513638 80.087
0.514089 0.0419813 0.856779 102.09 0.0128101 0.998359 -0.0566074 -5.89376 -0.857704 0.040073 0.512699 80.4932
0.517175 0.0400136 0.855007 102.706 0.0146648 0.998383 -0.0555976 -5.94296 -0.855809 0.0412893 0.515749 80.8391
0.520022 0.0394562 0.853312 103.299 0.0136732 0.998465 -0.0545029 -5.98441 -0.854108 0.0400063 0.518674 81.1892
0.523209 0.0383592 0.851405 103.874 0.0153051 0.99844 -0.0543927 -6.0211 -0.852122 0.0414866 0.521802 81.5098
0.525818 0.0402664 0.849715 104.429 0.014668 0.998346 -0.056389 -6.05495 -0.850535 0.04211 0.524348 81.847
0.528174 0.0399465 0.848261 104.967 0.0182191 0.998168 -0.0583538 -6.08499 -0.848996 0.0462724 0.526474 82.1756
0.530087 0.039247 0.847106 105.508 0.01984 0.998125 -0.0586612 -6.12679 -0.847775 0.0478978 0.528306 82.5451
0.532272 0.0369452 0.845832 106.031 0.0233463 0.998065 -0.0582897 -6.16151 -0.846308 0.0507695 0.530375 82.8863
0.536222 0.0357977 0.843391 106.548 0.0248733 0.998041 -0.0581783 -6.19367 -0.843776 0.0521695 0.534272 83.1868
0.538353 0.0349008 0.842063 107.066 0.0261133 0.99801 -0.0580628 -6.23478 -0.842372 0.0532435 0.536366 83.5572
0.542041 0.0343413 0.839724 107.552 0.0262217 0.998031 -0.0577435 -6.26713 -0.840008 0.0533133 0.540065 83.8347
0.545094 0.0335006 0.837773 108.053 0.0278363 0.997966 -0.0580216 -6.30605 -0.837971 0.0549439 0.543048 84.1675
0.549201 0.0347974 0.835039 108.551 0.0270131 0.997915 -0.0593529 -6.34364 -0.835319 0.0551484 0.547106 84.4955
0.553139 0.0345242 0.832442 109.048 0.029401 0.997749 -0.06092 -6.37763 -0.83263 0.0581677 0.550874 84.8359
0.557855 0.0379307 0.829146 109.528 0.0267965 0.997655 -0.06367 -6.42086 -0.829573 0.0577315 0.55552 85.1562
0.563371 0.0437327 0.825115 110.009 0.0231535 0.99741 -0.0686769 -6.46242 -0.82594 0.0577908 0.560894 85.4943
0.569418 0.0507917 0.820553 110.486 0.0182525 0.997107 -0.0743881 -6.49926 -0.821913 0.0573301 0.566833 85.8372
0.575015 0.0570335 0.816224 110.947 0.0133163 0.996823 -0.0790373 -6.53725 -0.818097 0.0563126 0.572422 86.1827
0.581072 0.061124 0.811631 111.418 0.0098168 0.996622 -0.0820856 -6.58364 -0.813862 0.0556604 0.578497 86.5425
0.586346 0.0617891 0.807773 111.899 0.00568322 0.996789 -0.0803763 -6.62505 -0.810103 0.0517151 0.584106 86.914
0.591847 0.0614616 0.803782 112.38 -0.000259038 0.997148 -0.0760584 -6.66318 -0.80612 0.0448023 0.590163 87.2864
0.597209 0.0600768 0.799906 112.863 -0.00680352 0.997575 -0.0698467 -6.70429 -0.80212 0.0362675 0.596162 87.6746
0.602427 0.0590411 0.796068 113.351 -0.0132908 0.997909 -0.0639548 -6.74786 -0.798135 0.0279439 0.601939 88.0797
0.609106 0.0576448 0.791066 113.844 -0.0162994 0.998096 -0.0601842 -6.78597 -0.792986 0.0237616 0.608878 88.4444
0.615226 0.061234 0.786051 114.341 -0.0215867 0.997959 -0.0608483 -6.82628 -0.788127 0.0204637 0.61528 88.8548
0.620812 0.065153 0.781324 114.842 -0.0253421 0.99773 -0.063066 -6.86451 -0.783615 0.019349 0.621046 89.2865
0.623455 0.0679572 0.778984 115.303 -0.0278126 0.997558 -0.0647675 -6.90199 -0.781437 0.0187106 0.623809 89.71
0.629631 0.0700527 0.773809 115.827 -0.0297957 0.997413 -0.0660552 -6.93799 -0.77639 0.0185314 0.630081 90.1527
0.636073 0.0711156 0.76843 116.353 -0.0329993 0.997385 -0.0649913 -6.97749 -0.770997 0.0159784 0.636743 90.5981
0.642202 0.0733337 0.763101 116.89 -0.0389379 0.997292 -0.0630738 -7.01882 -0.765614 0.0107902 0.64331 91.0808
0.648857 0.0713436 0.757646 117.416 -0.0404717 0.997467 -0.0592681 -7.07384 -0.75991 0.00779047 0.650086 91.5226
0.656233 0.0693666 0.751447 117.972 -0.0412045 0.997617 -0.0561107 -7.11792 -0.753503 0.0058562 0.657518 92.0209
0.663727 0.0690677 0.74487 118.529 -0.0410452 0.997636 -0.0559338 -7.14857 -0.746927 0.00654858 0.664977 92.5243
0.671305 0.0713246 0.737828 119.09 -0.045813 0.997492 -0.0547471 -7.19359 -0.739836 0.00294758 0.672879 93.055
0.679901 0.0716861 0.729883 119.656 -0.0465438 0.997468 -0.0546131 -7.23031 -0.731906 0.00315736 0.681499 93.5594
0.686787 0.0723674 0.723336 120.218 -0.0486605 0.99742 -0.0535903 -7.26644 -0.725302 0.00160502 0.688525 94.1049
0.691362 0.0708526 0.719119 120.782 -0.0483497 0.997532 -0.0518026 -7.30672 -0.720971 0.00104259 0.693063 94.671
0.69552 0.0693597 0.71524 121.366 -0.047011 0.997634 -0.051033 -7.33769 -0.717041 0.00186795 0.697124 95.2353
0.700081 0.0667377 0.711033 121.962 -0.0434387 0.997806 -0.0508869 -7.36645 -0.712824 0.00473573 0.701425 95.7899
0.703199 0.0626782 0.708315 122.557 -0.0376977 0.998036 -0.0508935 -7.39802 -0.710068 0.00908354 0.704169 96.3969
0.70711 0.0553922 0.705027 123.16 -0.029929 0.998425 -0.0484286 -7.44468 -0.706555 0.0131401 0.707635 96.975
0.711108 0.0486986 0.701486 123.77 -0.0240731 0.998744 -0.0449352 -7.48797 -0.702747 0.0150634 0.711375 97.575
0.714396 0.0427918 0.698531 124.381 -0.0184873 0.998981 -0.0422924 -7.52425 -0.699584 0.0172955 0.714439 98.1857
0.717552 0.0411187 0.695383 124.982 -0.0181391 0.999065 -0.0403619 -7.55813 -0.696346 0.0163444 0.717614 98.8089
0.719839 0.0420974 0.692963 125.579 -0.018709 0.99902 -0.0412581 -7.59543 -0.693977 0.0167306 0.719902 99.4528
0.722558 0.0464871 0.68984 126.18 -0.0242193 0.998871 -0.0419479 -7.631 -0.690965 0.0135989 0.722855 100.119
0.724847 0.0500999 0.687188 126.79 -0.0304733 0.998754 -0.0406741 -7.66278 -0.688325 0.00853817 0.725451 100.81
0.727907 0.0469929 0.684159 127.392 -0.0303913 0.998924 -0.0362822 -7.69161 -0.685083 0.00561432 0.728538 101.446
0.73204 0.0447573 0.679895 128.018 -0.033612 0.999044 -0.0295797 -7.71724 -0.680524 -0.00120231 0.732824 102.115
0.73497 0.0392232 0.677062 128.623 -0.0327338 0.999259 -0.0223594 -7.73907 -0.677392 -0.00573228 0.735695 102.783
0.739067 0.0349776 0.67283 129.243 -0.0303871 0.999413 -0.0185794 -7.75815 -0.673039 -0.00671706 0.739676 103.475
0.743093 0.0311688 0.66856 129.846 -0.02421 0.999558 -0.0196954 -7.77535 -0.668832 -0.00155362 0.743506 104.145
0.746639 0.0272591 0.664781 130.432 -0.0136915 0.999628 -0.0256146 -7.79152 -0.665184 0.0100189 0.746712 104.821
0.750472 0.0279235 0.660411 131.045 -0.00757081 0.99945 -0.0336598 -7.81058 -0.660942 0.0202566 0.750256 105.554
0.755045 0.0277576 0.655196 131.658 -0.00423753 0.999339 -0.0374568 -7.83255 -0.655755 0.0255002 0.754641 106.287
0.760421 0.0229064 0.649129 132.281 -0.00116064 0.99947 -0.0339139 -7.85772 -0.649516 0.0250307 0.760029 107.015
0.764328 0.0171975 0.644712 132.883 0.00368609 0.999561 -0.0310357 -7.88628 -0.644916 0.0260928 0.763906 107.797
0.768412 0.013918 0.639908 133.452 0.00787155 0.999529 -0.0311965 -7.91895 -0.639996 0.0290039 0.767923 108.441
0.770766 0.0143767 0.637072 134.032 0.0102775 0.999384 -0.0349899 -7.97147 -0.637137 0.0335109 0.770119 109.248
0.77514 0.0156615 0.631701 134.639 0.00990364 0.999316 -0.0369328 -7.99015 -0.631802 0.0348791 0.774437 109.947
0.778343 0.0127838 0.627828 135.253 0.012573 0.999324 -0.0359379 -8.01723 -0.627818 0.0358597 0.777631 110.704
0.780343 0.00734495 0.625416 135.845 0.0159696 0.999418 -0.0316679 -8.04567 -0.625239 0.0346942 0.779754 111.411
0.781512 0.00311131 0.624003 136.451 0.019122 0.999448 -0.0289342 -8.06915 -0.623703 0.0345383 0.780996 112.166
0.782457 -0.00176771 0.622811 137.061 0.0230139 0.999442 -0.0260819 -8.08819 -0.622371 0.0347358 0.782044 112.905
0.782758 -0.00299555 0.62244 137.666 0.023507 0.999466 -0.0247538 -8.10839 -0.621989 0.0340014 0.782385 113.681
0.783021 -0.00211987 0.6221 138.268 0.0214929 0.999538 -0.0236522 -8.13357 -0.621716 0.0318857 0.782687 114.427
0.782935 5.2825e-05 0.622224 138.867 0.01962 0.99955 -0.0247747 -8.1587 -0.6219 0.0315988 0.782556 115.183
0.781767 0.00400194 0.623668 139.449 0.0154794 0.999596 -0.0258231 -8.18046 -0.623472 0.0298365 0.78137 115.922
0.780369 0.00781442 0.62539 140.045 0.0116375 0.999617 -0.0270144 -8.20789 -0.625316 0.0283532 0.779954 116.661
0.779394 0.0105393 0.626555 140.662 0.00719447 0.999691 -0.0257707 -8.2373 -0.626586 0.0245887 0.779059 117.427
0.777788 0.0127635 0.628518 141.268 0.00365798 0.999735 -0.024831 -8.26918 -0.628623 0.0216068 0.77751 118.165
0.776359 0.0119448 0.630287 141.88 0.00278469 0.999795 -0.022383 -8.29185 -0.630378 0.0191281 0.776148 118.889
0.774666 0.0110083 0.632396 142.492 0.00113476 0.999873 -0.0187972 -8.31531 -0.632476 0.0152739 0.77453 119.634
0.77294 0.00686079 0.634552 143.107 0.00538321 0.999883 -0.0173735 -8.32583 -0.634551 0.0168402 0.772795 120.335
0.770687 0.0108654 0.63724 143.706 0.00435888 0.999792 -0.0223211 -8.34888 -0.637304 0.019975 0.770454 121.031
0.768051 0.0208358 0.640159 144.31 -0.00150626 0.999575 -0.0307323 -8.3719 -0.640482 0.0226355 0.767738 121.759
0.764909 0.0265319 0.643709 144.927 -0.00375031 0.999368 -0.036737 -8.39963 -0.644231 0.025681 0.764501 122.531
0.762572 0.025524 0.646509 145.507 -0.00579546 0.9995 -0.0326296 -8.42487 -0.646973 0.0211313 0.762321 123.182
0.759306 0.0243965 0.650393 146.148 -0.00903059 0.999646 -0.0269566 -8.45102 -0.650775 0.01459 0.759234 123.943
0.756066 0.0225869 0.654215 146.762 -0.0109806 0.999752 -0.0218319 -8.47696 -0.654499 0.00931891 0.756109 124.671
0.752859 0.0222485 0.657921 147.383 -0.0107058 0.99976 -0.02156 -8.50259 -0.658197 0.00918333 0.752894 125.403
0.750992 0.0198187 0.660124 148.006 -0.00847698 0.999808 -0.0203784 -8.52493 -0.660352 0.00970431 0.750998 126.061
0.748592 0.0185425 0.662885 148.632 -0.0045975 0.99978 -0.0227767 -8.54162 -0.663116 0.0139978 0.74849 126.749
0.745316 0.0173404 0.666595 149.252 -0.00128725 0.999749 -0.024573 -8.56343 -0.666805 0.0174523 0.745133 127.424
0.742103 0.0173377 0.670174 149.881 0.00150362 0.999669 -0.0275292 -8.58432 -0.670385 0.0214319 0.741809 128.1
0.738245 0.0183302 0.674391 150.506 0.000586441 0.999666 -0.0278187 -8.5985 -0.674627 0.0209283 0.737969 128.786
0.734062 0.0203131 0.67889 151.14 -0.00199692 0.999663 -0.027754 -8.61881 -0.67918 0.0190121 0.733834 129.49
0.728766 0.0205664 0.684562 151.748 -0.00184072 0.999656 -0.0280788 -8.63648 -0.684856 0.0191985 0.728536 130.149
0.723253 0.0234066 0.690297 152.38 -0.00507008 0.999629 -0.0285856 -8.66328 -0.690663 0.0171695 0.723084 130.823
0.717282 0.030283 0.696232 153.023 -0.00928453 0.999434 -0.0339109 -8.69252 -0.696815 0.0178554 0.717141 131.515
0.714821 0.0356541 0.698507 153.725 -0.0115071 0.999217 -0.0392295 -8.70262 -0.699306 0.0199992 0.714655 132.164
0.709744 0.0384898 0.703515 154.398 -0.0118549 0.999069 -0.0427051 -8.72239 -0.704455 0.0219655 0.709525 132.827
0.703781 0.0340842 0.709707 155.063 -0.0131224 0.999355 -0.0349838 -8.74489 -0.710388 0.0153029 0.703758 133.478
0.697901 0.0311538 0.715622 155.745 -0.0193672 0.999561 -0.0246323 -8.76788 -0.716027 0.00332804 0.698183 134.148
0.690421 0.0269564 0.723012 156.408 -0.0192876 0.99969 -0.0188556 -8.78569 -0.723243 -0.000931258 0.690711 134.809
0.683225 0.0290191 0.729736 157.095 -0.0250395 0.999606 -0.0163123 -8.79758 -0.729871 -0.00713013 0.683669 135.483
0.675742 0.029977 0.736633 157.784 -0.0237731 0.999594 -0.0188718 -8.80992 -0.736844 -0.00476363 0.676165 136.109
0.670359 0.0291402 0.741572 158.498 -0.0182238 0.999628 -0.0228115 -8.82928 -0.741908 0.00177413 0.670628 136.7
0.663705 0.0370084 0.747182 159.235 -0.0177494 0.999327 -0.0337325 -8.85367 -0.747874 0.00912195 0.663901 137.361
0.656658 0.0383331 0.753319 159.984 -0.014406 0.999218 -0.038293 -8.86188 -0.754145 0.0142892 0.656685 138.015
0.65018 0.0343802 0.759105 160.714 -0.0119663 0.99937 -0.0350143 -8.88897 -0.759777 0.013677 0.650167 138.625
0.643802 0.0285944 0.76476 161.491 -0.00796459 0.999552 -0.0306731 -8.91219 -0.765243 0.0136523 0.64373 139.257
0.636909 0.0277267 0.770544 162.219 -0.00785212 0.999589 -0.02948 -8.94261 -0.77099 0.0127206 0.636852 139.871
0.629691 0.0285015 0.776424 162.92 -0.00941834 0.999588 -0.0290599 -8.98531 -0.776879 0.0109823 0.62969 140.464
0.622535 0.0262047 0.782254 163.667 -0.00524371 0.999613 -0.0293146 -9.00896 -0.782662 0.0141422 0.62242 141.12
0.616599 0.0208779 0.7871 164.391 -0.000979093 0.999723 -0.0257556 -9.0263 -0.787367 0.015106 0.616439 141.706
0.611683 0.0179518 0.791 165.11 -0.000385056 0.999805 -0.0223946 -9.05229 -0.79119 0.0133883 0.61156 142.264
0.606746 0.0165503 0.794825 165.842 -0.00186912 0.999866 -0.0193976 -9.08221 -0.794985 0.0102797 0.606686 142.858
0.602499 0.0185168 0.798005 166.61 -0.00185769 0.999817 -0.0217986 -9.09311 -0.798205 0.0116457 0.602414 143.452
0.600258 0.0216919 0.799613 167.287 -0.000401611 0.999696 -0.0268225 -9.08135 -0.799898 0.0157749 0.600076 143.872
0.597339 0.0275746 0.801616 168.003 -0.0011237 0.999493 -0.0335458 -9.09597 -0.802077 0.0191317 0.597058 144.409
0.593733 0.0301373 0.804198 168.744 -0.00333387 0.999439 -0.0349969 -9.12341 -0.804746 0.0180936 0.593493 145.004
0.591071 0.0255694 0.806315 169.437 -0.0030221 0.999617 -0.0294857 -9.14915 -0.806703 0.0149856 0.590914 145.502
