0.999878 0.00195712 0.0156716 0.0149763 -0.0019401 0.999999 -0.00112434 -0.00255443 -0.0156744 0.00109357 0.999878 0.121147
0.999309 0.00515083 0.0368556 0.0382191 -0.00514636 0.999988 -0.00020439 -0.0157577 -0.0368566 1.45256e-05 0.999322 0.285947
0.997977 0.00673223 0.0632603 0.101386 -0.00691654 0.999974 0.00268931 -0.0386434 -0.063241 -0.00312164 0.997995 0.4135
0.995477 0.0071452 0.0947481 0.213635 -0.00779429 0.99995 0.00648811 -0.0587377 -0.0946973 -0.00719736 0.995481 0.601654
0.99105 0.00431726 0.133461 0.268988 -0.00541419 0.999956 0.00785563 -0.056552 -0.133422 -0.00850833 0.991026 0.793344
0.984813 0.00136515 0.173626 0.338815 -0.00286429 0.999964 0.0083871 -0.0646611 -0.173608 -0.00875733 0.984778 1.00872
0.976024 0.000987104 0.217693 0.426914 -0.00288349 0.999963 0.00839229 -0.0486764 -0.217677 -0.00881915 0.975985 1.22364
0.963885 0.00228307 0.266323 0.522106 -0.00560418 0.99992 0.0117132 -0.0550378 -0.266274 -0.0127831 0.963817 1.46502
0.949669 -0.00169089 0.313275 0.659263 -0.00450172 0.999812 0.0190425 -0.0609761 -0.313247 -0.0194948 0.949477 1.67655
0.93262 -0.0109787 0.360702 0.807679 0.00137278 0.999639 0.0268785 -0.0710014 -0.360867 -0.0245728 0.932293 1.91841
0.912551 -0.0161546 0.408665 1.14514 0.00436697 0.999561 0.0297594 -0.0323839 -0.408958 -0.0253724 0.912214 2.21865
0.888756 -0.0159899 0.458111 1.46237 0.00208518 0.999523 0.0308434 0.0362047 -0.458388 -0.0264578 0.888359 2.49333
0.861886 -0.0178374 0.506809 1.73491 0.000877254 0.999446 0.0336828 0.077941 -0.507117 -0.0285862 0.861418 2.72621
0.831305 -0.0238809 0.55531 2.01713 0.00372256 0.999295 0.0374027 0.0862035 -0.555814 -0.0290269 0.830801 2.95773
0.796535 -0.0289931 0.603916 2.31132 0.00633539 0.999209 0.0396135 0.110754 -0.604572 -0.0277277 0.796083 3.20986
0.760205 -0.0345909 0.648765 2.59048 0.00915399 0.999057 0.0425421 0.107428 -0.649628 -0.0264034 0.759794 3.40952
0.721152 -0.0376606 0.691774 2.85999 0.0108076 0.999025 0.0431205 0.124966 -0.692709 -0.0236201 0.720849 3.61531
0.680447 -0.0389382 0.731765 3.18909 0.0104944 0.999008 0.0434005 0.156102 -0.732731 -0.0218537 0.68017 3.84294
0.639341 -0.0393841 0.767934 3.55823 0.00735506 0.998969 0.0451091 0.192066 -0.768902 -0.023192 0.638966 4.07075
0.598126 -0.040316 0.80039 3.93363 0.00508288 0.99891 0.0465173 0.207297 -0.801395 -0.0237564 0.597669 4.30812
0.559903 -0.0413592 0.827545 4.34404 0.00519605 0.998923 0.0464086 0.242823 -0.828555 -0.0216843 0.559509 4.5016
0.52166 -0.0427191 0.852085 4.76625 0.00385504 0.998858 0.0477173 0.274635 -0.853152 -0.0216089 0.521221 4.72823
0.484545 -0.0424004 0.873757 5.21114 0.000992083 0.998864 0.0479213 0.293981 -0.874778 -0.0223532 0.484032 4.94853
0.448467 -0.0419647 0.892815 5.68846 0.000366703 0.99891 0.046767 0.310299 -0.893806 -0.0206473 0.447986 5.16073
0.416711 -0.0405951 0.908151 6.19684 0.00158995 0.999047 0.0439286 0.327154 -0.909049 -0.0168618 0.416375 5.32822
0.391007 -0.0369522 0.919647 6.77415 0.00527449 0.999272 0.0379088 0.398338 -0.92038 -0.00997317 0.390911 5.45813
0.366303 -0.0347151 0.929864 7.31738 0.00688958 0.999392 0.0345964 0.428163 -0.93048 -0.00626674 0.366315 5.6495
0.346476 -0.0335509 0.93746 7.9209 0.0076961 0.999433 0.0329243 0.459204 -0.938034 -0.00419398 0.346533 5.83723
0.333229 -0.0317821 0.942327 8.55851 0.00875013 0.999508 0.030616 0.532177 -0.942816 -0.00195712 0.333339 6.02053
0.322085 -0.03273 0.946149 9.17702 0.0099256 0.999469 0.0311955 0.557603 -0.946667 -0.000657855 0.322233 6.22399
0.310752 -0.0341079 0.949898 9.8206 0.00823023 0.99943 0.0331937 0.577829 -0.950466 -0.00249749 0.310851 6.44809
0.300759 -0.0355932 0.953041 10.5079 0.00735722 0.999365 0.0350014 0.602302 -0.953682 -0.00351671 0.300825 6.65623
0.291986 -0.0372012 0.955717 11.2234 0.00651645 0.999313 0.036907 0.626646 -0.956411 -0.00454878 0.292024 6.85023
0.282147 -0.0391429 0.958577 11.9447 0.00593819 0.999226 0.0390547 0.647004 -0.959362 -0.0053284 0.282157 7.05566
0.272367 -0.0405319 0.961358 12.6749 0.0062096 0.999181 0.040367 0.67022 -0.962184 -0.00502532 0.272391 7.24978
0.262118 -0.0415766 0.964146 13.4437 0.00620917 0.999131 0.0413971 0.696858 -0.965025 -0.00486577 0.262143 7.45902
0.25187 -0.0443111 0.966764 14.2073 0.00479253 0.999011 0.0445403 0.720768 -0.967759 -0.00658548 0.25183 7.65
0.241392 -0.0478968 0.96925 15.0094 0.00328948 0.998823 0.0485386 0.746566 -0.970429 -0.00852996 0.241261 7.83742
0.229597 -0.0516201 0.971934 15.7964 0.00312277 0.998641 0.0523008 0.774656 -0.973291 -0.00897329 0.229443 8.0145
0.218272 -0.0536824 0.974415 16.5851 0.00105639 0.998506 0.0547726 0.804204 -0.975894 -0.0109274 0.217999 8.18324
0.204088 -0.0540416 0.977479 17.4025 0.000556722 0.998495 0.0550874 0.836473 -0.978963 -0.0106987 0.203809 8.35954
0.189632 -0.0529935 0.980428 18.222 -0.000392416 0.998546 0.0540482 0.866342 -0.981862 -0.0106355 0.189331 8.52258
0.174003 -0.0520872 0.983387 19.0362 -0.000507841 0.99861 0.0529835 0.893006 -0.984756 -0.00971886 0.173733 8.65394
0.15457 -0.0506618 0.986685 19.8538 -0.00298361 0.998665 0.0517436 0.918946 -0.987983 -0.0109434 0.154209 8.76713
0.130147 -0.0493168 0.990289 20.7144 -0.00666228 0.998712 0.050612 0.948173 -0.991483 -0.0131846 0.129649 8.86148
0.100412 -0.0491658 0.993734 21.5721 -0.0101591 0.998685 0.0504365 0.970794 -0.9949 -0.0151614 0.0997782 8.93609
0.0685021 -0.0497962 0.996428 22.4375 -0.0117531 0.998659 0.0507158 0.987208 -0.997593 -0.0151853 0.0678238 8.9703
0.0346628 -0.0488439 0.998208 23.285 -0.0127665 0.998711 0.0493111 1.01491 -0.999323 -0.0144544 0.0339936 8.98979
0.00344232 -0.0476918 0.998878 24.1371 -0.0131482 0.998789 0.047733 1.03899 -0.99992 -0.0132978 0.00281069 8.95675
-0.0279073 -0.0457718 0.998566 24.9893 -0.0150397 0.998867 0.0453645 1.06288 -0.999503 -0.0137536 -0.0285638 8.91055
-0.060559 -0.0436827 0.997233 25.8481 -0.0168127 0.998961 0.0427377 1.07464 -0.998037 -0.0141778 -0.0612304 8.85875
-0.0939142 -0.0393446 0.994807 26.7019 -0.014065 0.999183 0.0381892 1.09249 -0.995488 -0.0104068 -0.0943895 8.77622
-0.125557 -0.0337199 0.99154 27.5516 -0.00799987 0.999442 0.032976 1.10615 -0.992069 -0.00379199 -0.125756 8.65619
-0.157928 -0.0277723 0.987066 28.3977 -0.00169795 0.999622 0.0278534 1.11403 -0.987458 0.00272117 -0.157913 8.523
-0.185937 -0.0226877 0.982327 29.2401 0.00465421 0.99972 0.0239706 1.11748 -0.982566 0.0090283 -0.185778 8.33512
-0.214581 -0.0162744 0.976577 30.072 0.0132922 0.999731 0.0195807 1.12645 -0.976627 0.0171805 -0.214302 8.14159
-0.240428 -0.00596416 0.970679 30.8924 0.0205428 0.999744 0.0112312 1.11176 -0.970466 0.0226399 -0.240242 7.91259
-0.266564 0.00983795 0.963776 31.7154 0.0248531 0.999698 -0.00333036 1.10343 -0.963509 0.0230632 -0.266722 7.68125
-0.290865 0.0286584 0.956367 32.5161 0.02509 0.999455 -0.0223189 1.09983 -0.956453 0.0175031 -0.291423 7.42003
-0.315919 0.0442902 0.947762 33.3197 0.0249368 0.998965 -0.03837 1.07458 -0.948472 0.0115106 -0.316689 7.14056
-0.340586 0.054079 0.93869 34.1182 0.0284748 0.998498 -0.0471936 1.02262 -0.939802 0.0106553 -0.341611 6.83696
-0.363314 0.0588248 0.929819 34.9009 0.031774 0.99822 -0.0507361 0.976319 -0.931139 0.0111094 -0.364528 6.50237
-0.384477 0.0587328 0.921299 35.6637 0.0349537 0.998203 -0.049049 0.927038 -0.922494 0.0133445 -0.385835 6.14923
-0.404672 0.0538862 0.912885 36.4266 0.0381118 0.998404 -0.042039 0.874498 -0.913683 0.0177781 -0.406069 5.79643
-0.422692 0.0522153 0.904805 37.1666 0.0457159 0.998315 -0.0362552 0.822938 -0.905143 0.0260388 -0.424363 5.43733
-0.436749 0.0529122 0.898041 37.9074 0.048677 0.998212 -0.0351401 0.775444 -0.898282 0.028365 -0.438533 5.06499
-0.447949 0.056915 0.892285 38.6252 0.0525234 0.997942 -0.0372869 0.728706 -0.892539 0.0301626 -0.450013 4.69868
-0.45841 0.0596687 0.886751 39.3403 0.0525834 0.997834 -0.0399587 0.691451 -0.887201 0.0283097 -0.460544 4.33133
-0.469389 0.059338 0.881037 40.0486 0.0457876 0.998053 -0.042825 0.655101 -0.88183 0.0202392 -0.471188 3.95671
-0.480736 0.0588272 0.874908 40.7474 0.045136 0.998102 -0.042308 0.621786 -0.875722 0.0191501 -0.482467 3.57708
-0.489853 0.0609397 0.869716 41.4483 0.0460629 0.99799 -0.0439835 0.599332 -0.870615 0.0185166 -0.491672 3.17878
-0.496961 0.063413 0.865472 42.1482 0.0485343 0.997816 -0.0452389 0.549396 -0.866436 0.0195226 -0.498941 2.77085
-0.500407 0.0667144 0.863258 42.8544 0.0492692 0.997627 -0.0485385 0.512982 -0.864416 0.0182433 -0.502502 2.36955
-0.499686 0.0696719 0.863421 43.608 0.0491377 0.997455 -0.0520478 0.47108 -0.864834 0.0164183 -0.501825 1.91917
-0.496218 0.0700085 0.865414 44.3662 0.0501723 0.997413 -0.0519182 0.433691 -0.866776 0.0176573 -0.498442 1.48831
-0.490426 0.0693349 0.868741 45.151 0.048006 0.997486 -0.0525072 0.386536 -0.870181 0.0159533 -0.492511 1.06262
-0.483499 0.0681388 0.872732 45.946 0.0451081 0.997603 -0.052898 0.338875 -0.874211 0.0137915 -0.48541 0.634226
-0.476048 0.0678254 0.876822 46.7507 0.0432069 0.997643 -0.053711 0.285103 -0.87838 0.0123152 -0.477846 0.210055
-0.468736 0.0663511 0.880887 47.5801 0.040195 0.997766 -0.0537665 0.226555 -0.882452 0.0102056 -0.470354 -0.23664
-0.464812 0.064226 0.8831 48.4411 0.0357461 0.997935 -0.0537609 0.163899 -0.884711 0.0065782 -0.466138 -0.670328
-0.463034 0.0622614 0.884196 49.2957 0.0316148 0.998078 -0.0537246 0.111961 -0.885808 0.00307831 -0.464109 -1.10581
-0.462179 0.060279 0.88476 50.1651 0.0285248 0.998204 -0.0531054 0.0550429 -0.886353 0.000693054 -0.463059 -1.5668
-0.462523 0.0601338 0.884611 51.0503 0.0268563 0.998214 -0.0538143 0.00276073 -0.886232 -0.00113199 -0.463309 -2.03139
-0.462273 0.0596642 0.884754 51.9433 0.0267158 0.99824 -0.0533571 -0.0579521 -0.886361 -0.00102901 -0.463044 -2.50292
-0.46209 0.0588657 0.884923 52.847 0.0265544 0.998289 -0.0525411 -0.122418 -0.886468 -0.000779276 -0.46286 -2.97611
-0.461992 0.0580888 0.885007 53.7643 0.0268775 0.998335 -0.0514955 -0.18798 -0.886504 -4.44363e-06 -0.462775 -3.45234
-0.46089 0.0578126 0.885618 54.6792 0.0262481 0.998351 -0.0515126 -0.255757 -0.887102 -0.000495206 -0.461645 -3.93462
-0.461719 0.0569374 0.885225 55.6105 0.0240241 0.9984 -0.0516849 -0.31617 -0.886729 -0.00259791 -0.462338 -4.41091
-0.462126 0.0558855 0.885098 56.5413 0.0227035 0.998455 -0.0511898 -0.38503 -0.886556 -0.00356055 -0.462679 -4.89094
-0.461072 0.0544883 0.885717 57.4624 0.0200794 0.998524 -0.0509744 -0.454952 -0.887164 -0.00571899 -0.461475 -5.37426
-0.460066 0.0531386 0.886343 58.3873 0.0201536 0.9986 -0.0494091 -0.524207 -0.88769 -0.0048675 -0.460492 -5.84351
-0.465223 0.0416031 0.884244 58.3158 0.0379063 0.99894 -0.027056 -0.690478 -0.88441 0.0209307 -0.466297 -5.74954
-0.474233 0.0350115 0.879753 58.3217 0.0474605 0.998798 -0.0141659 -0.820376 -0.879155 0.0350349 -0.475322 -5.62978
-0.472011 0.0308683 0.881082 58.4644 0.0497775 0.99875 -0.00832425 -0.875728 -0.880215 0.0399278 -0.472948 -5.68884
-0.470095 0.0314705 0.882104 59.3923 0.0501412 0.998728 -0.00891022 -0.898993 -0.881226 0.0400404 -0.471073 -6.17835
-0.469328 0.0316873 0.882486 60.2889 0.0497377 0.998742 -0.00941035 -0.933018 -0.881652 0.0394748 -0.470304 -6.64927
-0.47053 0.0329613 0.88182 61.2059 0.0483295 0.998793 -0.0115457 -0.962847 -0.881096 0.0371847 -0.471552 -7.13068
-0.473098 0.0351121 0.880342 62.1024 0.0466344 0.998827 -0.0147766 -0.990874 -0.879805 0.0340623 -0.474171 -7.61674
-0.47738 0.0360911 0.878008 62.9874 0.0448291 0.998884 -0.0166864 -1.01533 -0.87759 0.0313942 -0.478461 -8.09899
-0.483571 0.0355769 0.874616 63.8814 0.0456198 0.998866 -0.0154082 -1.03705 -0.874148 0.0324476 -0.484634 -8.57885
-0.48968 0.0335358 0.871311 64.7738 0.0457942 0.998898 -0.0127107 -1.06075 -0.870737 0.0336761 -0.490672 -9.07323
-0.495988 0.0322431 0.867766 65.6486 0.0431222 0.999017 -0.0124728 -1.08106 -0.867292 0.0312322 -0.496878 -9.5502
-0.501717 0.0360406 0.864335 66.5192 0.044605 0.998909 -0.0157611 -1.10389 -0.863919 0.0306454 -0.502774 -10.0474
-0.50708 0.0380772 0.861093 67.3879 0.0446928 0.998866 -0.0178509 -1.13032 -0.860774 0.0294315 -0.508194 -10.5539
-0.512851 0.04037 0.857584 68.2384 0.0438261 0.998851 -0.020812 -1.15704 -0.857398 0.0269105 -0.514026 -11.0359
-0.517417 0.0410031 0.854788 69.1175 0.042229 0.998883 -0.0223533 -1.18761 -0.854726 0.0245294 -0.518557 -11.5438
-0.519539 0.0403267 0.853552 69.9527 0.043124 0.998878 -0.020945 -1.22473 -0.853399 0.0259262 -0.52069 -12.0738
-0.522367 0.0338149 0.85209 70.8054 0.043851 0.998982 -0.0127621 -1.25027 -0.85163 0.0306971 -0.523304 -12.5866
-0.524666 0.0254124 0.850987 71.6397 0.043049 0.999096 -0.00329443 -1.2759 -0.85026 0.0349048 -0.525282 -13.0898
-0.526351 0.02446 0.849956 72.4772 0.0438676 0.999063 -0.00158558 -1.29204 -0.849172 0.0364495 -0.526918 -13.6084
-0.526903 0.0293044 0.84948 73.3041 0.0428943 0.999077 -0.00785989 -1.30148 -0.848884 0.0322959 -0.52767 -14.1302
-0.529205 0.0360881 0.847769 74.1263 0.0444071 0.998933 -0.014803 -1.32214 -0.84737 0.0298114 -0.530229 -14.6243
-0.529298 0.0403089 0.847539 74.9329 0.0496165 0.998663 -0.0165111 -1.34117 -0.847027 0.0333118 -0.530585 -15.135
-0.528022 0.0419069 0.84824 75.7177 0.0534429 0.998473 -0.016062 -1.37238 -0.847589 0.0368493 -0.529439 -15.6479
-0.528547 0.0377961 0.848122 76.5806 0.0510466 0.998647 -0.012693 -1.40445 -0.847412 0.0365838 -0.529756 -16.1722
-0.527256 0.0325746 0.849123 77.38 0.049837 0.998756 -0.00737007 -1.43418 -0.848285 0.03843 -0.528209 -16.6696
-0.526727 0.0255515 0.849711 78.2179 0.0465009 0.998949 -0.00121455 -1.4603 -0.848806 0.0388713 -0.527357 -17.1844
-0.52683 0.0197094 0.849784 79.0482 0.0372999 0.999331 -5.4738e-05 -1.47824 -0.849194 0.0316664 -0.527198 -17.6706
-0.526391 0.0145789 0.85018 79.8868 0.0294269 0.999597 0.00107779 -1.48528 -0.849778 0.0255848 -0.526604 -18.1549
-0.524628 0.0152934 0.851237 80.6996 0.0317543 0.999524 0.00161183 -1.49512 -0.850782 0.0278745 -0.524848 -18.6459
-0.521174 0.0186589 0.85331 81.5062 0.0352244 0.999411 -0.000340676 -1.51059 -0.852768 0.0298789 -0.52152 -19.1444
-0.515091 0.0220074 0.856896 82.3212 0.0372493 0.999331 -0.00327526 -1.52359 -0.856368 0.0302301 -0.515551 -19.6502
-0.507496 0.024405 0.861372 83.1338 0.0413088 0.999171 -0.00397263 -1.53274 -0.860709 0.0335649 -0.50808 -20.1295
-0.499266 0.027924 0.866043 83.949 0.0487002 0.998836 -0.0041313 -1.5505 -0.865123 0.0401117 -0.50003 -20.6086
-0.489782 0.0270157 0.871491 84.7901 0.0449689 0.999005 -0.00569701 -1.5578 -0.870729 0.0363982 -0.490507 -21.0732
-0.479133 0.0249799 0.87743 85.6269 0.0416104 0.999148 -0.00572421 -1.56447 -0.876799 0.0337657 -0.479751 -21.5177
-0.466987 0.0216342 0.884065 86.4525 0.042284 0.999137 -0.00211572 -1.58929 -0.883299 0.0363921 -0.467497 -21.956
-0.456297 0.0208827 0.889626 87.2863 0.0412563 0.999176 -0.00229453 -1.6064 -0.888915 0.0356537 -0.456771 -22.3682
-0.444984 0.0203236 0.895374 88.1268 0.0418733 0.999154 -0.00187034 -1.62067 -0.894605 0.0366581 -0.445458 -22.7717
-0.432374 0.0225538 0.901457 88.9747 0.0432451 0.999088 -0.00425522 -1.62567 -0.900701 0.0371419 -0.432945 -23.186
-0.419757 0.028977 0.907241 89.8118 0.0439148 0.999001 -0.0115912 -1.62746 -0.906621 0.0349742 -0.420611 -23.5714
-0.407611 0.0391205 0.912363 90.6639 0.0459655 0.998728 -0.0222884 -1.64095 -0.912043 0.0328502 -0.408881 -23.9582
-0.39484 0.0447011 0.917729 91.5248 0.0450889 0.998587 -0.0292429 -1.66185 -0.91769 0.0298317 -0.3963 -24.3281
-0.382851 0.0417144 0.922913 92.3842 0.0434364 0.998722 -0.0271225 -1.69779 -0.922834 0.0297028 -0.384166 -24.6849
-0.371586 0.0382161 0.927678 93.2469 0.0428672 0.998826 -0.0239781 -1.74279 -0.927455 0.030856 -0.372791 -25.0209
-0.361301 0.0389403 0.931681 94.1025 0.040276 0.998882 -0.0261305 -1.78753 -0.931624 0.0280818 -0.362459 -25.3514
-0.35407 0.0436675 0.934266 94.959 0.0350955 0.998859 -0.0333884 -1.82947 -0.934607 0.0209662 -0.355202 -25.67
-0.348646 0.0486514 0.936035 95.8144 0.02886 0.998772 -0.0411625 -1.87262 -0.936854 0.0126616 -0.349616 -25.9821
-0.345198 0.0509191 0.937214 96.6828 0.0256629 0.998697 -0.04481 -1.92249 -0.938226 0.00858313 -0.346059 -26.2954
-0.34091 0.0506917 0.938774 97.5414 0.0239654 0.998725 -0.045226 -1.97534 -0.939835 0.007079 -0.341686 -26.6081
-0.336188 0.0504854 0.940508 98.4085 0.0238695 0.998729 -0.0450811 -2.03548 -0.94154 0.00729381 -0.336971 -26.912
-0.330599 0.0457385 0.94271 99.2725 0.0220118 0.998964 -0.0407491 -2.09768 -0.94356 0.00727784 -0.331259 -27.2036
-0.324143 0.0421922 0.945134 100.135 0.0210523 0.999111 -0.0373842 -2.14605 -0.945821 0.00777955 -0.324749 -27.5099
-0.317933 0.0394417 0.947341 101.011 0.0191354 0.999234 -0.0351813 -2.1986 -0.947966 0.00694089 -0.318442 -27.8015
-0.311652 0.0378742 0.949509 101.875 0.0107114 0.999315 -0.0363475 -2.24622 -0.950183 -0.00115633 -0.31185 -28.0771
-0.305069 0.0378274 0.951629 102.749 0.00344221 0.999283 -0.0386193 -2.29868 -0.952371 -0.00850691 -0.304979 -28.3425
-0.298328 0.0421745 0.953598 103.615 0.00516459 0.999113 -0.0425742 -2.34958 -0.954496 -0.00777503 -0.298288 -28.6078
-0.29504 0.0487867 0.954288 104.366 0.00350164 0.99878 -0.0499793 -2.37124 -0.955526 -0.0114055 -0.294849 -28.7976
-0.288943 0.0470337 0.956258 105.241 0.00141302 0.998845 -0.048704 -2.42431 -0.957392 -0.0127201 -0.288683 -29.0519
-0.281942 0.0428084 0.958528 106.114 -2.13827e-05 0.999039 -0.0446253 -2.47491 -0.95948 -0.0126035 -0.281671 -29.3033
-0.275201 0.040824 0.960588 106.989 -0.00213085 0.999102 -0.0430738 -2.52316 -0.961432 -0.0138992 -0.274875 -29.5447
-0.269364 0.0448435 0.962047 107.871 -0.00409204 0.998888 -0.0477079 -2.57267 -0.963078 -0.0167889 -0.268882 -29.7812
-0.262505 0.047891 0.963809 108.742 -0.0040229 0.998737 -0.0507249 -2.62416 -0.964969 -0.0171908 -0.261989 -30.017
-0.255484 0.0486477 0.965643 109.623 -0.00955849 0.998592 -0.0528383 -2.67107 -0.966816 -0.0227308 -0.254662 -30.2495
-0.248208 0.048174 0.967576 110.493 -0.00965092 0.998623 -0.0521983 -2.73136 -0.968707 -0.0222921 -0.24741 -30.4659
-0.24004 0.0483415 0.969614 111.369 -0.00629946 0.998699 -0.0513527 -2.79084 -0.970794 -0.0184361 -0.239426 -30.6832
-0.232287 0.0496957 0.971445 112.256 -0.00491869 0.998656 -0.0522665 -2.84466 -0.972685 -0.0169174 -0.231739 -30.899
-0.281865 0.09137 0.955151 112.886 0.0287026 0.995851 -0.0867939 -2.64253 -0.959077 0.00294845 -0.283318 -30.8119
-0.274811 0.0896232 0.957382 113.74 0.0216927 0.996005 -0.087015 -2.73407 -0.961303 -0.0031441 -0.275664 -31.0572
-0.269481 0.088233 0.959014 114.578 0.0174487 0.996116 -0.0867443 -2.82291 -0.962901 -0.00664468 -0.269974 -31.286
-0.264372 0.08874 0.960401 115.429 0.0201418 0.996084 -0.0864957 -2.90946 -0.96426 -0.00352254 -0.265132 -31.5154
-0.260966 0.0898167 0.961219 116.299 0.0210415 0.995995 -0.0873541 -2.99305 -0.965172 -0.00257357 -0.261811 -31.7369
-0.256328 0.0910776 0.962359 117.161 0.02171 0.995879 -0.08847 -3.08303 -0.966396 -0.00178437 -0.257256 -31.9569
-0.250829 0.0905109 0.963849 118.035 0.0276779 0.995923 -0.0863209 -3.17734 -0.96769 0.00502264 -0.252312 -32.1763
-0.246437 0.0900643 0.965036 118.911 0.0342092 0.995898 -0.0842116 -3.26183 -0.968607 0.0122597 -0.248514 -32.3896
-0.245175 0.0898882 0.965362 119.749 0.0357668 0.995893 -0.0836484 -3.34878 -0.968874 0.0140161 -0.247385 -32.5489
-0.241854 0.0923469 0.965979 120.63 0.0333142 0.995701 -0.0868505 -3.42898 -0.969792 0.0111752 -0.243898 -32.7562
-0.238695 0.0942906 0.966569 121.507 0.0312938 0.995547 -0.0893908 -3.51811 -0.970647 0.00890719 -0.240585 -32.9683
-0.24037 0.0944696 0.966145 122.363 0.0285766 0.995548 -0.0902385 -3.601 -0.970313 0.00591795 -0.242008 -33.1177
-0.240854 0.0934977 0.966111 123.256 0.0281923 0.995645 -0.0893292 -3.69768 -0.97021 0.00571844 -0.242444 -33.3254
-0.23933 0.0903691 0.966797 124.119 0.0289666 0.99592 -0.0859241 -3.77234 -0.970559 0.00744014 -0.240979 -33.5419
-0.241027 0.0854031 0.966818 124.991 0.0270266 0.996368 -0.0812776 -3.85599 -0.970201 0.00653646 -0.242462 -33.7212
-0.240759 0.0838029 0.967036 125.84 0.0259818 0.996505 -0.0798919 -3.93252 -0.970292 0.0058906 -0.242103 -33.925
-0.239714 0.0893327 0.966792 126.689 0.0244518 0.99604 -0.0859747 -4.00425 -0.970595 0.00302728 -0.240952 -34.129
-0.239603 0.0934796 0.966435 127.515 0.0213489 0.995659 -0.0910174 -4.06627 -0.97069 -0.00117544 -0.240567 -34.3216
-0.240518 0.0924257 0.966301 128.376 0.0168995 0.995746 -0.091038 -4.1515 -0.970557 -0.00556901 -0.24106 -34.5192
-0.24167 0.0917189 0.966089 129.235 0.0143828 0.995792 -0.0909448 -4.2422 -0.970306 -0.00808297 -0.24198 -34.7073
-0.241021 0.0934559 0.966078 130.089 0.0187651 0.995658 -0.0916383 -4.33165 -0.970399 -0.0039608 -0.241732 -34.9199
-0.241051 0.0961106 0.965816 130.939 0.0159598 0.995381 -0.0950735 -4.4182 -0.970435 -0.0075029 -0.24148 -35.1242
-0.241494 0.0975729 0.965554 131.779 0.00658593 0.995117 -0.0989157 -4.50366 -0.970441 -0.0175305 -0.240961 -35.3208
-0.24144 0.0995077 0.965374 132.618 7.94422e-05 0.99477 -0.102522 -4.59448 -0.970471 -0.0246749 -0.240193 -35.5166
-0.240267 0.102514 0.965348 133.441 0.00144535 0.994488 -0.105251 -4.69785 -0.970768 -0.023895 -0.239095 -35.7258
-0.239471 0.103999 0.965394 134.266 0.00117661 0.994318 -0.106827 -4.79305 -0.97096 -0.0244451 -0.238241 -35.9305
-0.237277 0.105293 0.965788 135.08 -0.00107923 0.994122 -0.10865 -4.88964 -0.971503 -0.026824 -0.235773 -36.1336
-0.23944 0.0795115 0.967725 135.473 -0.0524262 0.994169 -0.0946599 -5.03843 -0.969551 -0.0733959 -0.233884 -36.2491
-0.24309 0.054093 0.968565 135.896 -0.0548872 0.996121 -0.0694099 -5.30562 -0.968513 -0.0700323 -0.239182 -36.3029
-0.240892 0.0496111 0.96936 136.719 -0.0535504 0.996535 -0.0643135 -5.37121 -0.96913 -0.0673979 -0.237409 -36.5106
-0.238158 0.0501409 0.970002 137.333 -0.0525433 0.996583 -0.0644178 -5.42252 -0.969869 -0.0663066 -0.234713 -36.6548
-0.233201 0.0549285 0.970954 138.152 -0.0523273 0.996292 -0.0689337 -5.49766 -0.971076 -0.0668781 -0.229471 -36.8543
-0.225681 0.0586607 0.972504 138.951 -0.0505093 0.996185 -0.0718121 -5.56673 -0.972955 -0.0653248 -0.221862 -37.0405
-0.217339 0.0598355 0.974339 139.756 -0.0503797 0.996146 -0.0724167 -5.63134 -0.974852 -0.0648212 -0.213497 -37.2167
-0.207724 0.056003 0.976653 140.555 -0.0493986 0.996533 -0.0676509 -5.69818 -0.977003 -0.0622956 -0.204244 -37.3792
-0.195468 0.0554284 0.979224 141.346 -0.0460926 0.996828 -0.0656292 -5.76376 -0.979685 -0.0579584 -0.192304 -37.5365
-0.187687 0.065045 0.980142 141.458 -0.0518839 0.995803 -0.0760202 -5.688 -0.980921 -0.0651192 -0.183532 -37.5806
-0.180772 0.0723799 0.98094 141.381 -0.0597276 0.994687 -0.0844049 -5.59188 -0.981769 -0.0738412 -0.175501 -37.6021
-0.171843 0.0713705 0.982604 141.684 -0.056237 0.995082 -0.0821126 -5.63346 -0.983582 -0.0693664 -0.166993 -37.6496
-0.174404 0.0754191 0.981867 141.304 -0.060589 0.994402 -0.0871482 -5.57574 -0.982869 -0.074683 -0.168872 -37.567
-0.161355 0.0809285 0.983641 141.659 -0.0649732 0.993644 -0.0924105 -5.62199 -0.984819 -0.0788178 -0.155082 -37.6344
-0.149847 0.0984543 0.983881 141.57 -0.0773809 0.99086 -0.110943 -5.50208 -0.985739 -0.0927508 -0.140874 -37.6638
-0.129171 0.124989 0.983781 141.261 -0.0944384 0.986012 -0.137672 -5.24975 -0.987179 -0.110686 -0.115574 -37.7278
-0.113117 0.144855 0.983054 141.746 -0.105341 0.982047 -0.156834 -5.14612 -0.988046 -0.121288 -0.0958444 -37.8269
-0.0983961 0.145162 0.984571 141.774 -0.112772 0.981356 -0.155956 -5.12384 -0.988804 -0.126373 -0.0802067 -37.8434
-0.0930246 0.162656 0.982376 141.708 -0.117358 0.977954 -0.173043 -5.05304 -0.988789 -0.131378 -0.0719034 -37.7912
-0.0943736 0.171916 0.98065 141.615 -0.131019 0.974317 -0.183413 -5.02839 -0.986946 -0.145788 -0.0694418 -37.7126
-0.0931695 0.182728 0.978828 141.695 -0.154783 0.968461 -0.195533 -4.89353 -0.983612 -0.169712 -0.0619669 -37.7236
-0.0915883 0.162596 0.982503 141.596 -0.16555 0.970417 -0.176028 -4.93874 -0.982009 -0.178767 -0.0619776 -37.6857
-0.0936815 0.156898 0.983252 141.761 -0.170448 0.970453 -0.171103 -4.97076 -0.980971 -0.183609 -0.06419 -37.6657
-0.0286803 0.0986949 0.994779 141.604 -0.197402 0.975012 -0.102428 -5.03201 -0.979978 -0.199296 -0.00850196 -37.8516
-0.0315526 0.0958626 0.994985 142.369 -0.196912 0.975341 -0.100221 -5.12039 -0.979983 -0.19907 -0.0119215 -37.8612
-0.0335828 0.0963188 0.99486 143.123 -0.194153 0.975812 -0.101031 -5.20812 -0.980472 -0.196535 -0.0140904 -37.8777
-0.0371359 0.0957848 0.994799 143.883 -0.193002 0.976022 -0.101189 -5.30252 -0.980565 -0.19574 -0.017782 -37.8952
-0.0415808 0.0942767 0.994754 144.637 -0.193391 0.976009 -0.100587 -5.39476 -0.980317 -0.196546 -0.0223709 -37.91
-0.0466497 0.0947153 0.9945 145.387 -0.194321 0.975672 -0.102044 -5.47561 -0.979898 -0.197996 -0.0271324 -37.9327
-0.0530338 0.0933461 0.994297 146.134 -0.196086 0.975321 -0.102027 -5.5552 -0.979228 -0.200365 -0.0334404 -37.9518
-0.0589527 0.0954097 0.99378 145.975 -0.164062 0.981014 -0.103924 -5.598 -0.984758 -0.169153 -0.0422028 -37.9651
-0.0532409 0.11627 0.991873 146.052 -0.163701 0.978802 -0.123529 -5.43579 -0.985154 -0.168934 -0.0331001 -38.0946
-0.0604921 0.12849 0.989955 146.396 -0.17103 0.975735 -0.137103 -5.3761 -0.98348 -0.17759 -0.037072 -38.14
-0.0778736 0.122129 0.98954 146.494 -0.175469 0.975355 -0.134192 -5.42349 -0.981483 -0.184068 -0.0545443 -38.106
-0.0918805 0.127535 0.987661 146.655 -0.163111 0.976495 -0.141274 -5.46287 -0.982394 -0.174063 -0.0689402 -38.0886
-0.105554 0.140806 0.984483 146.683 -0.157647 0.975094 -0.156371 -5.36591 -0.981922 -0.171692 -0.0807462 -38.1068
-0.107714 0.158302 0.981589 146.915 -0.162036 0.971303 -0.174431 -5.2305 -0.98096 -0.177827 -0.0789934 -38.1957
-0.125037 0.150737 0.980725 146.817 -0.155292 0.973297 -0.169399 -5.29634 -0.980009 -0.173465 -0.0983068 -38.1365
-0.142027 0.151088 0.978357 146.843 -0.172294 0.969482 -0.174736 -5.244 -0.974826 -0.193366 -0.111681 -38.1119
-0.148059 0.160321 0.975989 146.997 -0.160105 0.969933 -0.18362 -5.24264 -0.97602 -0.183432 -0.117955 -38.1081
-0.168916 0.157521 0.973058 146.912 -0.154066 0.970855 -0.183917 -5.2927 -0.973589 -0.180965 -0.139742 -38.0226
-0.165047 0.161478 0.97307 146.738 -0.149011 0.971162 -0.186442 -5.27453 -0.975054 -0.175755 -0.136241 -38.0523
-0.160242 0.172977 0.971903 147.172 -0.166306 0.965791 -0.199315 -5.19723 -0.973043 -0.193557 -0.126012 -38.115
-0.158336 0.177445 0.971403 147.262 -0.183592 0.961337 -0.205537 -5.09058 -0.970258 -0.210868 -0.119653 -38.1744
-0.152585 0.147993 0.977248 147.037 -0.190451 0.965853 -0.176013 -5.16255 -0.969846 -0.212955 -0.119209 -38.1773
-0.15363 0.125688 0.980194 147.292 -0.219389 0.962845 -0.157855 -5.30845 -0.963558 -0.239274 -0.120363 -38.1522
-0.138238 0.129043 0.98206 147.735 -0.220847 0.962558 -0.157578 -5.27348 -0.965545 -0.238644 -0.104585 -38.2335
-0.129344 0.163725 0.978083 147.439 -0.2146 0.958343 -0.188805 -5.06307 -0.968193 -0.234297 -0.0888392 -38.2752
-0.114065 0.15562 0.981313 147.551 -0.22958 0.956857 -0.178438 -5.11613 -0.966666 -0.24562 -0.0734403 -38.3071
-0.0992533 0.15736 0.982629 147.843 -0.239629 0.954628 -0.177088 -5.14325 -0.965875 -0.253019 -0.0570633 -38.332
-0.0831114 0.155683 0.98441 148.492 -0.247083 0.953724 -0.171702 -5.26409 -0.965509 -0.257475 -0.0408237 -38.3473
-0.0682548 0.151606 0.986171 149.133 -0.251788 0.953826 -0.164068 -5.38305 -0.965471 -0.259479 -0.0269541 -38.3526
-0.056244 0.149008 0.98734 149.764 -0.249952 0.955273 -0.158418 -5.49218 -0.966709 -0.255671 -0.01651 -38.3507
-0.0459616 0.148449 0.987942 150.384 -0.249747 0.955837 -0.155252 -5.59578 -0.967321 -0.253845 -0.00688193 -38.3365
-0.035475 0.150941 0.988012 150.993 -0.255599 0.954342 -0.154986 -5.70909 -0.966219 -0.258006 0.00469768 -38.3301
-0.0267191 0.156966 0.987335 151.615 -0.26096 0.952308 -0.158467 -5.81673 -0.965082 -0.261862 0.0154904 -38.3004
-0.017698 0.167024 0.985903 152.224 -0.262464 0.950663 -0.165776 -5.92186 -0.964867 -0.261672 0.0269842 -38.2728
-0.00718964 0.173746 0.984857 152.822 -0.257994 0.951181 -0.169697 -6.04401 -0.966224 -0.255281 0.0379579 -38.2667
-0.000956622 0.17193 0.98522 153.441 -0.258042 0.951772 -0.166355 -6.14792 -0.966222 -0.254362 0.0434246 -38.2261
0.00525329 0.164107 0.986523 154.09 -0.261485 0.952401 -0.157047 -6.25296 -0.965299 -0.257109 0.0478853 -38.192
0.0110074 0.152221 0.988397 154.734 -0.266356 0.95315 -0.143838 -6.36996 -0.963901 -0.261656 0.0510064 -38.1718
0.0134975 0.144136 0.989562 155.329 -0.266382 0.954369 -0.135385 -6.47125 -0.963879 -0.261746 0.0512473 -38.1235
0.0155364 0.144201 0.989539 155.978 -0.263368 0.955261 -0.135082 -6.57875 -0.96466 -0.258488 0.0527889 -38.0996
0.0179795 0.146725 0.98911 156.598 -0.259964 0.955895 -0.137082 -6.68136 -0.965557 -0.25464 0.0552998 -38.0726
0.0195775 0.147205 0.989026 157.212 -0.257052 0.956663 -0.137311 -6.76879 -0.96629 -0.251516 0.0565375 -38.0275
0.0216074 0.145255 0.989254 157.853 -0.259831 0.956264 -0.134745 -6.8526 -0.965519 -0.2541 0.058374 -37.9962
0.0252663 0.142555 0.989582 158.495 -0.261012 0.95646 -0.131131 -6.93885 -0.965096 -0.254952 0.0613437 -37.9621
0.028283 0.139631 0.989896 159.151 -0.262682 0.956489 -0.127423 -7.0093 -0.964578 -0.256395 0.0637001 -37.9196
0.0332253 0.137297 0.990092 159.803 -0.262298 0.95707 -0.123928 -7.0968 -0.964508 -0.255554 0.0677799 -37.8705
0.0399546 0.135398 0.990084 160.444 -0.261294 0.957774 -0.120444 -7.18564 -0.964544 -0.253861 0.0736141 -37.816
0.0475018 0.132114 0.990216 161.081 -0.260985 0.958496 -0.115374 -7.27568 -0.964267 -0.252922 0.0799775 -37.7452
0.0578864 0.130744 0.989824 161.736 -0.260291 0.959132 -0.111478 -7.36602 -0.963906 -0.25116 0.089519 -37.6808
0.0682769 0.133014 0.988881 162.389 -0.263693 0.958303 -0.110706 -7.44188 -0.962283 -0.253173 0.100471 -37.5908
0.0804434 0.136337 0.987491 163.038 -0.266035 0.957661 -0.110557 -7.52859 -0.960715 -0.253784 0.113273 -37.505
0.0925189 0.139529 0.986007 163.716 -0.268341 0.957066 -0.110266 -7.59891 -0.958969 -0.254356 0.125953 -37.4018
0.104896 0.139559 0.984745 164.382 -0.267973 0.957507 -0.107165 -7.68055 -0.957816 -0.252613 0.137799 -37.2962
0.11646 0.13592 0.983974 165.02 -0.268035 0.958212 -0.100649 -7.7549 -0.956444 -0.251989 0.147988 -37.181
0.127901 0.134253 0.982762 165.694 -0.270741 0.95795 -0.0956392 -7.83125 -0.954237 -0.253811 0.158832 -37.0597
0.139146 0.133103 0.98141 166.38 -0.273656 0.957579 -0.0910836 -7.901 -0.951812 -0.255865 0.16963 -36.9137
0.148555 0.130711 0.980332 167.059 -0.278874 0.956593 -0.0852982 -7.97138 -0.948889 -0.260686 0.178518 -36.7724
0.156114 0.130737 0.979174 167.75 -0.282919 0.955663 -0.0825021 -8.04041 -0.946458 -0.264116 0.186142 -36.6308
0.161018 0.127908 0.978735 168.442 -0.283009 0.955971 -0.0783849 -8.10118 -0.945628 -0.264337 0.190087 -36.494
0.164085 0.124197 0.978723 169.141 -0.28015 0.957134 -0.0745022 -8.17214 -0.945935 -0.261933 0.191806 -36.3561
0.164085 0.126102 0.978461 169.836 -0.276283 0.958038 -0.0771493 -8.23693 -0.94709 -0.25764 0.191999 -36.2094
0.163312 0.126576 0.978548 170.566 -0.275041 0.95833 -0.0780708 -8.31251 -0.947567 -0.256359 0.191282 -36.0655
0.163145 0.129449 0.978182 171.29 -0.271986 0.958904 -0.081546 -8.37113 -0.948495 -0.252717 0.191608 -35.9261
0.16353 0.128817 0.97822 172.024 -0.269212 0.959707 -0.0813877 -8.43344 -0.949202 -0.250008 0.191582 -35.7922
0.164389 0.122693 0.978845 172.741 -0.265781 0.96111 -0.0758456 -8.51559 -0.95004 -0.247659 0.190564 -35.6641
0.164223 0.12007 0.979218 173.478 -0.265857 0.961294 -0.0732989 -8.58755 -0.95003 -0.248262 0.18975 -35.5298
0.160997 0.11782 0.98001 174.206 -0.265 0.961618 -0.0720859 -8.65209 -0.950841 -0.248064 0.185999 -35.3642
0.159777 0.117067 0.980321 174.956 -0.265522 0.961516 -0.0715599 -8.71969 -0.950882 -0.248829 0.184675 -35.2207
0.156761 0.115706 0.98095 175.702 -0.266009 0.961428 -0.0709053 -8.79106 -0.951269 -0.249792 0.181453 -35.0619
0.156133 0.11874 0.980708 176.468 -0.267401 0.960827 -0.0737769 -8.84384 -0.950961 -0.250688 0.181732 -34.9307
0.15464 0.121051 0.980643 177.199 -0.265325 0.961162 -0.0768185 -8.92915 -0.951807 -0.248276 0.180713 -34.7823
0.154454 0.12752 0.979872 177.932 -0.265568 0.960569 -0.083163 -8.99824 -0.951748 -0.247344 0.182193 -34.6506
0.15158 0.127209 0.980344 178.658 -0.264657 0.960765 -0.0837607 -9.07859 -0.952486 -0.246723 0.17926 -34.4808
0.149893 0.124188 0.981009 179.403 -0.265682 0.96072 -0.08104 -9.15131 -0.952447 -0.248454 0.176963 -34.3446
0.14819 0.120453 0.981716 180.154 -0.26656 0.960752 -0.0776574 -9.22305 -0.95249 -0.250143 0.174444 -34.1958
0.144524 0.120274 0.982303 180.914 -0.269613 0.959885 -0.0778775 -9.29705 -0.952172 -0.25355 0.171119 -34.0448
0.138977 0.118977 0.983244 181.667 -0.272016 0.959224 -0.0776359 -9.37915 -0.952337 -0.256631 0.165637 -33.9076
0.131742 0.117909 0.984385 182.394 -0.270253 0.95963 -0.0787916 -9.44399 -0.953843 -0.255616 0.158254 -33.7822
0.122268 0.118401 0.98553 183.132 -0.269472 0.95959 -0.0818666 -9.51347 -0.955347 -0.255526 0.149198 -33.6679
0.111145 0.120391 0.986624 183.871 -0.265666 0.960179 -0.0872527 -9.59354 -0.957745 -0.252378 0.138669 -33.5546
0.100081 0.123317 0.987429 184.606 -0.265788 0.959612 -0.0929166 -9.67663 -0.958955 -0.253111 0.128781 -33.4613
0.0889528 0.121655 0.988719 185.343 -0.268001 0.958904 -0.0938916 -9.76758 -0.959412 -0.256588 0.117869 -33.3821
0.0780027 0.114542 0.990474 186.092 -0.261771 0.960946 -0.0905247 -9.85247 -0.962105 -0.252179 0.104908 -33.2979
0.0692541 0.10651 0.992039 186.826 -0.256187 0.96291 -0.0855144 -9.94215 -0.964251 -0.248188 0.0939418 -33.2261
0.0634646 0.101449 0.992937 187.595 -0.254767 0.963575 -0.0821785 -10.0185 -0.96505 -0.247715 0.0869687 -33.1679
0.0574248 0.100565 0.993415 188.338 -0.260937 0.961917 -0.0823094 -10.072 -0.963756 -0.254455 0.0814488 -33.0957
0.0567798 0.0979466 0.993695 189.104 -0.258203 0.962833 -0.0801642 -10.1662 -0.964554 -0.251986 0.0799299 -33.0417
0.0554163 0.096735 0.993913 189.818 -0.25826 0.962891 -0.0793336 -10.2453 -0.964598 -0.252255 0.0783118 -32.9874
0.0560206 0.0986178 0.993672 190.581 -0.257648 0.962908 -0.0810521 -10.3275 -0.964745 -0.251441 0.0793218 -32.9297
0.0553107 0.0995518 0.993642 191.347 -0.260778 0.961999 -0.0818831 -10.4014 -0.963927 -0.254554 0.0791387 -32.8584
0.0573793 0.0983231 0.993626 192.094 -0.261659 0.961908 -0.0800876 -10.4847 -0.963585 -0.255359 0.080891 -32.8108
0.060213 0.0964637 0.993663 192.847 -0.261936 0.962045 -0.0775393 -10.5642 -0.963321 -0.255569 0.0831635 -32.7576
0.0615894 0.0951613 0.993682 193.632 -0.261051 0.962405 -0.0759991 -10.6324 -0.963491 -0.254684 0.0840861 -32.6757
0.0644097 0.0952021 0.99352 194.394 -0.257509 0.96339 -0.0756382 -10.7055 -0.964242 -0.250931 0.0865355 -32.6168
0.0688048 0.0949091 0.993233 195.157 -0.256457 0.963768 -0.0743415 -10.7672 -0.964237 -0.249569 0.0906214 -32.5555
0.0712672 0.0928555 0.993277 195.949 -0.258356 0.963479 -0.0715504 -10.8332 -0.963536 -0.251481 0.0926223 -32.4517
0.0764522 0.08826 0.993288 196.72 -0.260638 0.963285 -0.0655468 -10.8984 -0.962538 -0.25384 0.0966181 -32.3656
0.081871 0.0838457 0.993261 197.497 -0.262114 0.963269 -0.059726 -10.9644 -0.961677 -0.255419 0.100809 -32.2784
0.0853297 0.0832593 0.992998 198.298 -0.263578 0.962964 -0.0581054 -11.0269 -0.960992 -0.256736 0.104083 -32.1733
0.0896631 0.0869432 0.992324 199.084 -0.269713 0.96116 -0.0598601 -11.0855 -0.958877 -0.262235 0.109598 -32.0759
0.0937019 0.0928339 0.991395 199.861 -0.274317 0.95959 -0.0639427 -11.1292 -0.9572 -0.265925 0.115348 -31.9714
0.0972512 0.0952303 0.990846 200.654 -0.278504 0.95833 -0.0647875 -11.1834 -0.955619 -0.269614 0.119687 -31.8554
0.100617 0.0945539 0.990555 201.445 -0.280392 0.957897 -0.0629694 -11.2425 -0.954735 -0.271367 0.122859 -31.7321
0.104424 0.0966519 0.98998 202.229 -0.283183 0.957038 -0.0635834 -11.3042 -0.953486 -0.273664 0.127274 -31.6159
0.109026 0.0985177 0.98928 203.036 -0.28416 0.956722 -0.0639737 -11.3785 -0.952697 -0.274098 0.132266 -31.5025
0.114962 0.0990015 0.988582 203.823 -0.284386 0.956736 -0.0627595 -11.4391 -0.951916 -0.273881 0.138108 -31.3985
0.121313 0.0983442 0.987867 204.617 -0.284184 0.956948 -0.0603824 -11.4991 -0.951204 -0.273371 0.144001 -31.2909
0.126474 0.0983668 0.987239 205.401 -0.28141 0.957829 -0.0594038 -11.5647 -0.951341 -0.270263 0.148786 -31.1636
0.132194 0.0989772 0.986407 206.184 -0.27856 0.958695 -0.05888 -11.6303 -0.951419 -0.26695 0.154267 -31.0452
0.13657 0.100978 0.985632 206.982 -0.280132 0.958207 -0.0593716 -11.6874 -0.950324 -0.267955 0.159112 -30.9053
0.140212 0.0988774 0.985311 207.771 -0.28513 0.956966 -0.0554736 -11.7441 -0.948321 -0.273123 0.162331 -30.7512
0.144592 0.0979397 0.984794 208.537 -0.288506 0.956109 -0.0527455 -11.7923 -0.946625 -0.276449 0.166464 -30.5972
0.150086 0.100582 0.983683 209.325 -0.286065 0.95676 -0.0541982 -11.8606 -0.946527 -0.273222 0.172329 -30.4531
0.153811 0.108075 0.982337 210.092 -0.286098 0.956377 -0.060442 -11.9085 -0.945907 -0.271702 0.177981 -30.2939
0.157095 0.113375 0.981195 210.873 -0.292263 0.954312 -0.0634912 -11.959 -0.943491 -0.276752 0.183011 -30.1347
0.159223 0.110703 0.981183 211.651 -0.299274 0.952431 -0.0589137 -12.0072 -0.940922 -0.284215 0.184739 -29.9598
0.162387 0.100077 0.981781 212.446 -0.299044 0.953131 -0.047711 -12.0593 -0.940465 -0.285805 0.184661 -29.7984
0.165855 0.0871019 0.982464 213.238 -0.294383 0.955132 -0.0350017 -12.1165 -0.94132 -0.283367 0.184014 -29.6459
0.168061 0.0781141 0.982819 214.024 -0.296138 0.954896 -0.0252726 -12.1567 -0.940389 -0.28676 0.183571 -29.4838
0.171454 0.0741579 0.982565 214.829 -0.296615 0.954867 -0.0203282 -12.2195 -0.939615 -0.28791 0.185671 -29.3237
0.173043 0.0801531 0.98179 215.604 -0.299086 0.953979 -0.0251849 -12.2335 -0.938552 -0.289238 0.189009 -29.1504
0.178047 0.0863733 0.980394 216.408 -0.298523 0.954022 -0.0298559 -12.2709 -0.937785 -0.287305 0.195603 -28.9956
0.183359 0.0912955 0.978942 217.201 -0.298053 0.954058 -0.0331657 -12.2994 -0.936921 -0.285652 0.202101 -28.8315
0.186517 0.0947907 0.978039 217.97 -0.297724 0.954071 -0.0357106 -12.3215 -0.936393 -0.284476 0.206128 -28.6435
0.191696 0.0975177 0.976742 218.758 -0.296998 0.954247 -0.0370001 -12.3566 -0.935588 -0.282955 0.211841 -28.4737
0.196016 0.0949944 0.976161 219.548 -0.295298 0.9549 -0.0336491 -12.4051 -0.935221 -0.281614 0.215182 -28.2885
0.201043 0.090882 0.975504 220.328 -0.294728 0.95525 -0.0282723 -12.4335 -0.934345 -0.281781 0.218783 -28.1167
0.206147 0.0844891 0.975041 221.122 -0.292467 0.956132 -0.0210364 -12.4769 -0.933932 -0.280782 0.221768 -27.9477
0.210008 0.0787559 0.974669 221.916 -0.291266 0.956618 -0.0145577 -12.5115 -0.933458 -0.280787 0.223788 -27.7687
0.213632 0.0728913 0.974368 222.725 -0.288978 0.957388 -0.00828203 -12.5446 -0.933337 -0.279752 0.225548 -27.5864
0.21622 0.0661892 0.974246 223.528 -0.287575 0.957844 -0.00127055 -12.5648 -0.933187 -0.27985 0.226091 -27.4043
0.216977 0.0655799 0.974147 224.318 -0.288536 0.957557 -0.000215878 -12.579 -0.932702 -0.28098 0.226645 -27.1982
0.218149 0.0757843 0.973117 225.104 -0.297582 0.954754 -0.00766219 -12.6011 -0.929594 -0.287866 0.23078 -26.9948
0.217506 0.0894486 0.972129 225.866 -0.298997 0.954114 -0.0209137 -12.6154 -0.929279 -0.286065 0.234224 -26.7725
0.218523 0.0973761 0.971111 226.656 -0.299425 0.953791 -0.0282797 -12.6401 -0.928915 -0.284551 0.23753 -26.5741
0.218159 0.0949791 0.971459 227.441 -0.298867 0.954026 -0.0261793 -12.6609 -0.929169 -0.284575 0.236469 -26.3679
0.216111 0.089363 0.972422 228.239 -0.299152 0.954061 -0.0212104 -12.6758 -0.929567 -0.286273 0.232865 -26.1298
0.218495 0.0881684 0.972027 229.033 -0.297924 0.95448 -0.0196298 -12.71 -0.929396 -0.28525 0.234769 -25.9378
0.218837 0.0886603 0.971878 229.856 -0.2948 0.955426 -0.0207975 -12.7358 -0.930321 -0.281914 0.235168 -25.7173
0.219885 0.0871584 0.971806 230.64 -0.290702 0.956696 -0.0200489 -12.7614 -0.931354 -0.278047 0.235652 -25.511
0.223778 0.0822133 0.97132 231.447 -0.291113 0.95668 -0.0139238 -12.8035 -0.930303 -0.279605 0.237966 -25.3368
0.225907 0.0793005 0.971098 232.241 -0.291933 0.956477 -0.0102146 -12.8361 -0.929526 -0.281137 0.239178 -25.1436
0.226718 0.0799638 0.970826 233.072 -0.293779 0.955912 -0.0101467 -12.8607 -0.928753 -0.282864 0.240163 -24.9169
0.228831 0.0837341 0.970042 233.87 -0.292133 0.956374 -0.0136616 -12.888 -0.928748 -0.280204 0.243261 -24.7165
0.230845 0.0856053 0.969373 234.651 -0.291734 0.956474 -0.0150109 -12.9125 -0.928381 -0.27929 0.245719 -24.5172
