0.999986 -0.00260212 -0.00457122 -0.0311699 0.00259333 0.999995 -0.00191692 0.0423616 0.00457619 0.001905 0.999988 0.125221
0.999941 -0.00177947 -0.0106436 -0.056143 0.00175531 0.999996 -0.00226712 0.0446417 0.0106477 0.00224829 0.99994 0.201171
0.999845 -0.00134092 -0.0175649 -0.0745653 0.00128916 0.999995 -0.0029523 0.0444707 0.0175687 0.00292917 0.999842 0.282371
0.999663 0.00110122 -0.0259153 -0.0892591 -0.00121754 0.999989 -0.00446968 0.0488058 0.0259102 0.00449962 0.999654 0.38864
0.99929 0.00167055 -0.0376433 -0.102765 -0.00188404 0.999982 -0.00563432 0.042317 0.0376332 0.00570118 0.999276 0.506189
0.998668 0.00152995 -0.051567 -0.117491 -0.00186585 0.999977 -0.00646309 0.0427088 0.0515559 0.00655051 0.998649 0.625596
0.997723 0.0023791 -0.0674105 -0.141806 -0.00285776 0.999972 -0.00700376 0.0469803 0.0673919 0.00718037 0.997701 0.753117
0.996329 0.00109581 -0.0856122 -0.178653 -0.00169107 0.999974 -0.00687879 0.0428563 0.0856026 0.00699808 0.996306 0.894182
0.994439 0.000480271 -0.105307 -0.217023 -0.00124132 0.999973 -0.00716062 0.042779 0.105301 0.00725139 0.994415 1.05126
0.991855 0.000553402 -0.127376 -0.268232 -0.00159781 0.999966 -0.00809618 0.0535456 0.127367 0.00823356 0.991823 1.22421
0.988522 0.00434495 -0.151021 -0.33262 -0.00569524 0.999948 -0.00850968 0.0356686 0.150976 0.00927188 0.988497 1.39476
0.984365 0.00843136 -0.175949 -0.407872 -0.0103945 0.999893 -0.0102378 0.0372145 0.175844 0.0119064 0.984349 1.56211
0.979259 0.0114793 -0.202294 -0.48669 -0.0139921 0.999843 -0.010996 0.0326336 0.202136 0.0135982 0.979266 1.73148
0.973175 0.012584 -0.229733 -0.592805 -0.0155231 0.999819 -0.0109907 0.0311797 0.229553 0.0142618 0.973195 1.9032
0.965867 0.0142818 -0.258655 -0.709588 -0.0177575 0.999782 -0.0111064 0.0378816 0.258439 0.0153201 0.96591 2.08123
0.957698 0.0168975 -0.287287 -0.831601 -0.0201389 0.999762 -0.00833074 0.0159118 0.287078 0.0137637 0.957812 2.23288
0.947383 0.019119 -0.319544 -0.957346 -0.0227786 0.999712 -0.00771807 0.0194226 0.319304 0.0145901 0.947547 2.41159
0.935628 0.0217713 -0.352321 -1.07311 -0.0261281 0.99963 -0.00761471 0.0233986 0.352025 0.0163298 0.935853 2.58803
0.92302 0.0252522 -0.383934 -1.21519 -0.0303288 0.999516 -0.00717263 0.0346123 0.383566 0.0182641 0.92334 2.74376
0.907222 0.0256011 -0.41988 -1.33505 -0.0311324 0.999496 -0.00632488 0.0361078 0.419506 0.0188097 0.907564 2.94175
0.890568 0.0229539 -0.454281 -1.50642 -0.0288514 0.999566 -0.00605313 0.0247608 0.453944 0.0184967 0.890846 3.10573
0.871755 0.0191239 -0.489577 -1.67806 -0.0249532 0.999675 -0.00538257 0.00997372 0.489315 0.0169085 0.87195 3.24358
0.848058 0.0202561 -0.529526 -1.84634 -0.0251743 0.999682 -0.0020757 0.00742692 0.529315 0.0150901 0.848299 3.43212
0.820008 0.0266318 -0.571741 -2.03374 -0.0306116 0.999529 0.00265446 -0.00252592 0.571541 0.0153249 0.820439 3.61086
0.787922 0.029482 -0.615079 -2.22384 -0.0335147 0.999427 0.00497263 -0.00716662 0.614873 0.0166955 0.78846 3.79353
0.752996 0.0290817 -0.65739 -2.43173 -0.0334281 0.999425 0.00592312 -0.00286285 0.657183 0.017515 0.753538 3.96586
0.714265 0.0248768 -0.699444 -2.64714 -0.0276501 0.999594 0.00731655 -0.00133825 0.699342 0.0141132 0.714662 4.13333
0.674824 0.0201806 -0.73771 -2.91191 -0.0238773 0.9997 0.00550587 0.0413179 0.7376 0.0138987 0.675106 4.26681
0.630977 0.0197669 -0.775561 -3.17595 -0.0216006 0.99974 0.00790729 0.0414825 0.775513 0.0117626 0.631239 4.42783
0.58382 0.0197585 -0.81165 -3.4521 -0.0183526 0.999771 0.0111371 0.0465258 0.811683 0.00839345 0.584052 4.57101
0.533994 0.0203914 -0.845253 -3.74521 -0.0178188 0.999763 0.0128622 0.0573163 0.845313 0.00819243 0.53423 4.69488
0.482381 0.0207018 -0.875724 -4.063 -0.0183539 0.999742 0.0135237 0.0828341 0.875777 0.00954903 0.482639 4.80775
0.429002 0.0212039 -0.903066 -4.39423 -0.0183003 0.999728 0.0147803 0.109243 0.90313 0.010185 0.429274 4.90818
0.373476 0.0232932 -0.927355 -4.74255 -0.0167009 0.999694 0.0183843 0.105954 0.927497 0.00862126 0.373753 5.00805
0.319468 0.025972 -0.947252 -5.09996 -0.0147078 0.999645 0.0224485 0.111292 0.947496 0.00675982 0.319738 5.0766
0.267846 0.0274474 -0.963082 -5.48809 -0.011645 0.999619 0.0252503 0.121222 0.9634 0.00445155 0.268066 5.1176
0.217743 0.0271272 -0.975641 -5.88323 -0.0107055 0.999626 0.0254051 0.131878 0.975961 0.00491233 0.217954 5.15766
0.170137 0.0278508 -0.985039 -6.30084 -0.0133863 0.999579 0.02595 0.140887 0.98534 0.00877076 0.170441 5.19026
0.127497 0.0282108 -0.991451 -6.72836 -0.0151795 0.99954 0.0264893 0.14981 0.991738 0.0116717 0.127869 5.21082
0.0894005 0.0266654 -0.995651 -7.17227 -0.0173692 0.999537 0.0252101 0.163208 0.995855 0.0150397 0.0898252 5.21812
0.0541706 0.0235297 -0.99827 -7.64694 -0.0157421 0.999626 0.0227078 0.176542 0.998425 0.014484 0.0545238 5.22446
0.0226354 0.0202505 -0.999553 -8.13472 -0.0149271 0.999698 0.0199156 0.192062 0.999644 0.0144696 0.022934 5.21403
-0.00480543 0.0179088 -0.999845 -8.63368 -0.0146971 0.999739 0.0179777 0.203648 0.999899 0.0147805 -0.00453723 5.20279
-0.0256641 0.0154867 -0.999565 -9.1463 -0.0154933 0.999761 0.0158877 0.212668 0.999563 0.0158942 -0.0254144 5.16809
-0.0429682 0.0140975 -0.998993 -9.68159 -0.0156491 0.999776 0.0147818 0.230118 0.998973 0.0162676 -0.0427337 5.1405
-0.055607 0.0144098 -0.998363 -10.2198 -0.0149377 0.999779 0.0152625 0.238687 0.998354 0.0157618 -0.0553756 5.09349
-0.0646144 0.0149932 -0.997816 -10.784 -0.0161435 0.999749 0.0160679 0.249351 0.997801 0.0171455 -0.0643517 5.03802
-0.0716105 0.0163988 -0.997313 -11.3654 -0.0180327 0.999688 0.0177328 0.250256 0.997283 0.0192541 -0.0712885 4.98758
-0.0764501 0.0173676 -0.996941 -11.9647 -0.01821 0.999667 0.0188117 0.257952 0.996929 0.0195914 -0.0761038 4.93611
-0.0779647 0.0182364 -0.996805 -12.5669 -0.0159746 0.99969 0.0195386 0.262401 0.996841 0.0174468 -0.0776453 4.88918
-0.0769372 0.0196318 -0.996862 -13.2063 -0.0143167 0.999692 0.0207925 0.279184 0.996956 0.0158704 -0.0766277 4.83906
-0.0755793 0.0216439 -0.996922 -13.8574 -0.0151643 0.999633 0.0228524 0.288677 0.997038 0.0168447 -0.0752195 4.78587
-0.0738286 0.0211855 -0.997065 -14.523 -0.0179244 0.999596 0.0225664 0.297593 0.997132 0.0195368 -0.0734143 4.72922
-0.0721901 0.0185461 -0.997237 -15.2063 -0.0195107 0.999621 0.0200026 0.307523 0.997215 0.0209006 -0.0717968 4.67053
-0.0706775 0.018394 -0.997349 -15.8839 -0.0195493 0.999624 0.0198214 0.317675 0.997331 0.0208973 -0.0702866 4.61903
-0.0692577 0.0205175 -0.997407 -16.5929 -0.0190456 0.99959 0.0218845 0.332823 0.997432 0.0205116 -0.0688347 4.57145
-0.0671378 0.0230425 -0.997499 -17.3118 -0.0202879 0.999508 0.0244544 0.350374 0.997562 0.0218779 -0.0666327 4.51598
-0.0654206 0.0244307 -0.99758 -18.046 -0.0209969 0.999457 0.0258532 0.362699 0.997653 0.0226372 -0.0648683 4.4655
-0.0638705 0.0236943 -0.997699 -18.8114 -0.0223245 0.999447 0.0251649 0.376119 0.997734 0.0238794 -0.0633017 4.41067
-0.0628224 0.0205013 -0.997837 -19.5769 -0.0242899 0.999474 0.0220636 0.390469 0.997746 0.0256232 -0.0622876 4.36396
-0.0617337 0.0194391 -0.997926 -20.3593 -0.0249901 0.999479 0.0210152 0.407348 0.997804 0.0262345 -0.0612113 4.31236
-0.0584644 0.0213981 -0.998084 -21.1434 -0.0228925 0.999492 0.0227686 0.420199 0.998043 0.0241795 -0.057941 4.24122
-0.0580086 0.0227993 -0.99808 -21.9444 -0.0202479 0.99952 0.024009 0.434048 0.998136 0.0216006 -0.0575146 4.20086
-0.0574424 0.0244392 -0.998073 -22.764 -0.0186675 0.999513 0.0255482 0.444458 0.998191 0.020099 -0.0569543 4.15937
-0.056849 0.0191298 -0.998224 -23.5705 -0.0183636 0.999641 0.0202026 0.457587 0.998239 0.0194785 -0.0564728 4.10864
-0.0560765 0.0120816 -0.998377 -24.3832 -0.0170041 0.999784 0.0130531 0.462056 0.998298 0.0177084 -0.055855 4.05423
-0.0575755 0.0063877 -0.998346 -25.2069 -0.0142606 0.999886 0.00721978 0.478178 0.998266 0.0146518 -0.0574732 4.02488
-0.0572269 0.0065358 -0.998365 -26.0388 -0.0128704 0.999906 0.00728298 0.486649 0.998296 0.0132659 -0.0571334 3.96481
-0.0572925 0.0136208 -0.998291 -26.8803 -0.0132671 0.999822 0.0144029 0.486379 0.998296 0.0140684 -0.0570971 3.90881
-0.0585096 0.0203328 -0.998105 -27.736 -0.0143486 0.999686 0.0212055 0.493499 0.998202 0.0155618 -0.0581957 3.86695
-0.0600137 0.0258062 -0.997892 -28.5773 -0.0153896 0.999538 0.0267741 0.494688 0.998106 0.0169626 -0.0595844 3.82936
-0.0599558 0.0256605 -0.997897 -29.4321 -0.0173243 0.999507 0.0267419 0.503733 0.99807 0.0188908 -0.0594778 3.76167
-0.0595688 0.0219355 -0.998011 -30.2856 -0.0178535 0.999589 0.0230356 0.509719 0.998091 0.0191889 -0.0591483 3.69407
-0.061207 0.0190563 -0.99797 -31.1296 -0.0178996 0.99965 0.0201855 0.519806 0.997986 0.0190981 -0.0608406 3.65557
-0.0619342 0.0199918 -0.997909 -31.9775 -0.0194524 0.9996 0.0212328 0.526396 0.997917 0.0207257 -0.0615164 3.60527
-0.0613476 0.0224954 -0.99789 -32.8156 -0.0208665 0.999513 0.023814 0.523528 0.99792 0.0222826 -0.0608445 3.54453
-0.0613447 0.0206982 -0.997931 -33.6641 -0.0213837 0.999542 0.0220458 0.527001 0.997913 0.0226908 -0.0608701 3.48683
-0.06098 0.0155294 -0.998046 -34.4987 -0.0220406 0.999629 0.0168999 0.530158 0.997918 0.0230274 -0.0606113 3.4305
-0.0607495 0.0112388 -0.998118 -35.34 -0.023331 0.999662 0.0126757 0.533122 0.997907 0.0240559 -0.0604627 3.36965
-0.0610076 0.0113024 -0.998102 -36.1694 -0.0224258 0.999683 0.0126901 0.545945 0.997908 0.0231568 -0.060731 3.32717
-0.0609652 0.0128257 -0.998088 -37.0093 -0.0204992 0.999704 0.0140982 0.554611 0.997955 0.0213184 -0.0606804 3.27839
-0.0599779 0.0176521 -0.998074 -37.8408 -0.0202365 0.999633 0.0188946 0.55651 0.998018 0.0213302 -0.0595949 3.21446
-0.0589545 0.0234189 -0.998017 -38.7009 -0.0191023 0.99953 0.0245825 0.559387 0.998104 0.0205125 -0.0584757 3.14836
-0.0594367 0.028164 -0.997866 -39.5409 -0.0202153 0.999378 0.0294095 0.538503 0.998052 0.0219193 -0.058827 3.09803
-0.058663 0.028597 -0.9979 -40.3974 -0.0203774 0.99936 0.0298366 0.539638 0.998095 0.0220837 -0.0580393 3.03034
-0.0603814 0.0246971 -0.997903 -41.1992 -0.02071 0.999463 0.0259876 0.53673 0.997986 0.0222348 -0.0598343 3.01588
-0.0600568 0.0206145 -0.998016 -42.0525 -0.0218528 0.999534 0.0219606 0.541102 0.997982 0.0231271 -0.0595749 2.95085
-0.0625181 0.018114 -0.997915 -42.8595 -0.0255561 0.999495 0.0197425 0.536862 0.997742 0.0267362 -0.0620205 2.9435
-0.0643864 0.0164435 -0.997825 -43.7036 -0.0283934 0.999443 0.018302 0.541578 0.997548 0.0295088 -0.0638803 2.89422
-0.0667717 0.014454 -0.997699 -44.5295 -0.0260198 0.999546 0.0162209 0.539052 0.997456 0.027042 -0.066362 2.86556
-0.0688902 0.0104941 -0.997605 -45.3741 -0.0225298 0.999688 0.0120715 0.542018 0.997398 0.0233063 -0.0686288 2.81719
-0.0702523 0.00934268 -0.997522 -46.2178 -0.0181108 0.999795 0.0106382 0.536798 0.997393 0.0188123 -0.0700654 2.76235
-0.0730121 0.0123699 -0.99729 -47.0605 -0.0173033 0.999771 0.0136672 0.540236 0.997209 0.0182533 -0.0727778 2.70563
-0.0755299 0.017315 -0.997029 -47.8766 -0.0145625 0.99974 0.0184639 0.549414 0.997065 0.0159131 -0.0752546 2.65606
-0.0788058 0.0194657 -0.996738 -48.7096 -0.0131414 0.999716 0.0205627 0.564203 0.996832 0.0147181 -0.0785241 2.60562
-0.0802694 0.01813 -0.996645 -49.5329 -0.0135819 0.99974 0.0192788 0.565593 0.996709 0.0150831 -0.0799986 2.53422
-0.0806605 0.0141333 -0.996679 -50.3336 -0.0171407 0.999747 0.0155637 0.561999 0.996623 0.0183383 -0.0803941 2.44954
-0.0824115 0.0100503 -0.996585 -51.1426 -0.0216394 0.999713 0.0118699 0.566318 0.996392 0.0225429 -0.0821664 2.37437
-0.0853261 0.00741465 -0.996365 -51.9566 -0.0256463 0.99964 0.00963496 0.57227 0.996053 0.0263741 -0.0851013 2.30744
-0.0864588 0.00814031 -0.99626 -52.7639 -0.0269851 0.999599 0.010508 0.568329 0.995919 0.0277916 -0.0862004 2.2278
-0.0878438 0.00927082 -0.996133 -53.5617 -0.0266423 0.999594 0.0116522 0.565815 0.995809 0.0275617 -0.0875571 2.15664
-0.088947 0.00836497 -0.99604 -54.357 -0.0275718 0.999578 0.0108554 0.56495 0.995685 0.028427 -0.088675 2.0764
-0.0895733 0.00770379 -0.995992 -55.1418 -0.0286485 0.999553 0.0103073 0.56277 0.9956 0.0294558 -0.0893083 1.99983
-0.0897815 0.0095121 -0.995956 -55.9205 -0.0274697 0.999568 0.0120211 0.556476 0.995614 0.0284365 -0.0894774 1.91998
-0.0900111 0.0127278 -0.995902 -56.6985 -0.0267507 0.999543 0.0151915 0.550498 0.995615 0.0280071 -0.0896254 1.84548
-0.0911171 0.0170662 -0.995736 -57.4788 -0.0260038 0.99949 0.0195082 0.54535 0.995533 0.027669 -0.0906228 1.77558
-0.092147 0.0185556 -0.995617 -58.2513 -0.0256561 0.999468 0.0210014 0.551268 0.995449 0.0274774 -0.0916178 1.70163
-0.0924878 0.0182398 -0.99559 -59.0045 -0.0250363 0.999491 0.0206352 0.55257 0.995432 0.0268328 -0.0919803 1.62451
-0.0925636 0.0156945 -0.995628 -59.7551 -0.0241145 0.999566 0.017998 0.558525 0.995449 0.0256735 -0.0921409 1.54746
-0.0933833 0.011639 -0.995607 -60.4957 -0.0231108 0.999655 0.0138522 0.562591 0.995396 0.0243013 -0.0930783 1.47756
-0.0934579 0.00808369 -0.995636 -61.2293 -0.0231479 0.999697 0.0102888 0.565511 0.995388 0.0240071 -0.0932385 1.4038
-0.0922489 0.0056647 -0.995765 -61.9526 -0.0237863 0.999704 0.00788875 0.560552 0.995486 0.0244116 -0.0920831 1.32837
-0.0902274 0.00400811 -0.99596 -62.6506 -0.0257268 0.999667 0.00635307 0.563305 0.995623 0.0261945 -0.0900904 1.25975
-0.0859548 0.00482526 -0.996333 -63.3512 -0.0256909 0.999663 0.00705582 0.553876 0.996002 0.0262014 -0.0857983 1.18396
-0.0803085 0.00615322 -0.996798 -64.0247 -0.0245602 0.999684 0.00814908 0.547298 0.996502 0.0251343 -0.0801285 1.13429
-0.0739881 0.00663835 -0.997284 -64.689 -0.0229174 0.99972 0.00835263 0.548078 0.997031 0.0234712 -0.0738122 1.09109
-0.0653879 0.00783059 -0.997878 -65.3201 -0.0235329 0.999698 0.00938606 0.540006 0.997619 0.0240951 -0.0651809 1.0448
-0.0539964 0.0081236 -0.998555 -65.9539 -0.0241605 0.999682 0.00943692 0.548279 0.998283 0.0246332 -0.0537807 1.00972
-0.0394734 0.00958874 -0.999225 -66.5722 -0.0263695 0.999616 0.0106333 0.542115 0.998909 0.026767 -0.0392033 0.985098
-0.0212913 0.0103061 -0.999767 -67.1479 -0.0258386 0.999626 0.0108525 0.532252 0.999474 0.0260615 -0.0210159 0.977677
0.00118985 0.0103272 -0.999998 -67.7261 -0.02585 0.999632 0.0102918 0.535314 0.999703 0.0258357 0.00145726 0.976118
0.0267279 0.0110077 -0.99963 -68.2661 -0.024584 0.999664 0.0103485 0.520123 0.999374 0.0242962 0.0269892 1.00266
0.0558118 0.0100875 -0.998442 -68.8004 -0.02251 0.999727 0.00884123 0.52158 0.998226 0.0219798 0.0560226 1.05317
0.0897209 0.00952027 -0.99597 -69.3183 -0.0203539 0.999783 0.00772086 0.524659 0.995793 0.019577 0.0898928 1.12419
0.126754 0.00941837 -0.991945 -69.7994 -0.018654 0.999821 0.00710857 0.520637 0.991798 0.017601 0.126904 1.22355
0.16539 0.00943503 -0.986233 -70.2834 -0.016991 0.999852 0.00671367 0.507143 0.986117 0.0156446 0.165521 1.37383
0.210668 0.00967947 -0.977566 -70.7596 -0.0150022 0.999886 0.00666648 0.510768 0.977482 0.0132598 0.210783 1.50223
0.257508 0.00728234 -0.966299 -71.185 -0.0101369 0.999957 0.00483225 0.512913 0.96626 0.00854888 0.257562 1.6714
0.306751 0.00262137 -0.951844 -71.5806 -3.48676e-05 1.00002 0.00274168 0.493245 0.951833 -0.000808651 0.306747 1.85104
0.357483 -0.00252787 -0.933968 -71.9982 0.00760689 0.999989 0.000202436 0.477391 0.933928 -0.00717857 0.357487 2.05885
0.407941 -0.00770436 -0.913036 -72.3943 0.01532 0.999903 -0.0015937 0.472748 0.912926 -0.0133378 0.408006 2.30633
0.458125 -0.00876786 -0.8889 -72.7917 0.0168316 0.999877 -0.00119053 0.475898 0.888772 -0.0144176 0.458201 2.56617
0.505718 -0.00941801 -0.86271 -73.1722 0.0196892 0.999826 0.000625449 0.464963 0.862525 -0.0173024 0.505798 2.84085
0.549345 -0.0137692 -0.835541 -73.4985 0.0293445 0.999585 0.00281797 0.458559 0.835128 -0.0260678 0.549502 3.12378
0.592167 -0.0201111 -0.805632 -73.8014 0.0413853 0.999148 0.00547605 0.447068 0.804808 -0.0365832 0.592475 3.43586
0.634919 -0.0243914 -0.77226 -74.1231 0.0438905 0.999045 0.00452772 0.432522 0.771386 -0.0367704 0.635362 3.74992
0.676757 -0.0287255 -0.735721 -74.4366 0.0418483 0.999145 -0.000518009 0.423517 0.73508 -0.0304375 0.677358 4.06987
0.716719 -0.0367268 -0.696469 -74.7133 0.0402012 0.999147 -0.0113208 0.431075 0.696266 -0.0198864 0.71756 4.41924
0.756266 -0.0387936 -0.653199 -74.991 0.0362304 0.999213 -0.0173987 0.423721 0.653336 -0.0105075 0.757051 4.79329
0.793999 -0.039991 -0.606691 -75.2573 0.035479 0.999202 -0.0194344 0.424778 0.606962 -0.00609583 0.794755 5.18774
0.828482 -0.0428162 -0.558478 -75.4985 0.0378583 0.999094 -0.0204382 0.42828 0.558827 -0.00421049 0.829326 5.61031
0.85964 -0.0417123 -0.509302 -75.7495 0.0357659 0.999152 -0.0214665 0.424975 0.509746 0.000235781 0.86037 6.078
0.885695 -0.040698 -0.462603 -75.9482 0.0361086 0.999192 -0.0187756 0.413204 0.462976 -7.47692e-05 0.88642 6.55452
0.907487 -0.0355679 -0.418706 -76.1585 0.031259 0.999387 -0.0171502 0.409724 0.419043 0.00247314 0.908008 7.05921
0.925354 -0.0315008 -0.377946 -76.3518 0.0269768 0.999508 -0.0172619 0.398927 0.378289 0.00577699 0.925717 7.59317
0.939209 -0.0269442 -0.342455 -76.533 0.0232806 0.999644 -0.0148078 0.389692 0.342717 0.00593267 0.939465 8.14818
0.949523 -0.0266006 -0.312751 -76.7032 0.0240215 0.99966 -0.0121003 0.378119 0.312954 0.00397624 0.949806 8.7263
0.956693 -0.0278905 -0.289956 -76.8466 0.0258794 0.99963 -0.0107716 0.379627 0.290136 0.00279891 0.957026 9.32676
0.962807 -0.0274754 -0.269008 -77.0047 0.0265759 0.999644 -0.00698891 0.354413 0.269094 -0.000420488 0.963161 9.91149
0.967218 -0.0248631 -0.252959 -77.1363 0.0249089 0.999708 -0.00302572 0.336319 0.252949 -0.00337649 0.967517 10.541
0.971253 -0.0197584 -0.237476 -77.2996 0.0201882 0.999817 -0.000626714 0.325677 0.237435 -0.0041858 0.97144 11.1832
0.97413 -0.0161325 -0.225675 -77.4433 0.0168782 0.99988 0.00136939 0.313027 0.225616 -0.00514499 0.974247 11.8488
0.976963 -0.0170317 -0.213003 -77.5725 0.017833 0.99986 0.00183552 0.299915 0.212934 -0.00559199 0.977097 12.5034
0.979637 -0.0166089 -0.200392 -77.688 0.0173419 0.99987 0.00189708 0.292857 0.200325 -0.00533565 0.979759 13.1724
0.982309 -0.0160969 -0.186893 -77.8086 0.0170054 0.999872 0.00325202 0.285161 0.186809 -0.00637284 0.982423 13.8813
0.984785 -0.0138426 -0.173577 -77.9168 0.0149117 0.9999 0.00485053 0.271351 0.173484 -0.00736698 0.984855 14.5865
0.986827 -0.0140562 -0.161536 -78.0249 0.0147091 0.99991 0.00283732 0.260537 0.161474 -0.00517618 0.986911 15.313
0.98864 -0.0135518 -0.150102 -78.1459 0.0134528 0.999932 -0.00168431 0.247599 0.150106 -0.000356167 0.988717 16.0659
0.989941 -0.0154339 -0.14106 -78.2319 0.0144958 0.999888 -0.00768467 0.237934 0.141156 0.00556193 0.99002 16.7955
0.991018 -0.0153448 -0.133324 -78.3218 0.0144523 0.999889 -0.00767161 0.229445 0.133419 0.00567371 0.991093 17.5472
0.991858 -0.0131668 -0.127145 -78.4188 0.0130413 0.999937 -0.0018305 0.223089 0.127154 0.000157012 0.991933 18.327
0.99254 -0.0082284 -0.122171 -78.517 0.00909728 0.99996 0.00654243 0.206265 0.122105 -0.00760675 0.992539 19.0955
0.992993 -0.00769716 -0.11844 -78.6137 0.00896655 0.999932 0.0101758 0.199263 0.118347 -0.0111664 0.992961 19.8889
0.993404 -0.00959268 -0.114828 -78.6997 0.010614 0.999932 0.00827317 0.205286 0.114734 -0.009439 0.993402 20.6419
0.993715 -0.00983361 -0.112065 -78.7849 0.0107469 0.999939 0.00753658 0.196984 0.111977 -0.00869354 0.993725 21.4169
0.994037 -0.0107927 -0.109106 -78.8692 0.0119118 0.999906 0.00959651 0.191904 0.108985 -0.0108405 0.994035 22.1842
0.99432 -0.012142 -0.106326 -78.9517 0.0135785 0.999851 0.0127864 0.176243 0.106148 -0.0141574 0.994303 22.9492
0.994583 -0.0146085 -0.103544 -79.0233 0.0161966 0.999787 0.0144993 0.169774 0.103303 -0.0160992 0.994571 23.7124
0.994773 -0.0152395 -0.101583 -79.0921 0.0164752 0.999826 0.0113274 0.157863 0.101386 -0.0129417 0.994817 24.4802
0.995059 -0.0124437 -0.0991718 -79.1863 0.0128911 0.999933 0.00385575 0.153959 0.0991095 -0.00511696 0.995116 25.2482
0.99533 -0.0123464 -0.09639 -79.275 0.0119638 0.999945 -0.00455902 0.154403 0.0964339 0.00338406 0.99539 26.0051
0.99544 -0.0119297 -0.0953592 -79.3495 0.0111042 0.99992 -0.00919959 0.148177 0.0954536 0.00809643 0.995455 26.7715
0.995594 -0.0109063 -0.0938096 -79.4183 0.0102265 0.999945 -0.00773908 0.13492 0.0938815 0.00674491 0.995619 27.5279
0.995725 -0.00766694 -0.092787 -79.4835 0.00734221 0.99999 -0.00385841 0.11716 0.092808 0.00315857 0.995734 28.2949
0.995796 -0.00464824 -0.0921724 -79.5492 0.00477195 1.00002 0.00110467 0.101854 0.0921613 -0.00154035 0.995802 29.0676
0.995861 -0.00731051 -0.09135 -79.6048 0.00762499 0.999991 0.00307644 0.0891817 0.091319 -0.00376209 0.995871 29.833
0.995731 -0.0103446 -0.0924123 -79.6493 0.010631 0.999967 0.00259309 0.0778347 0.0923751 -0.00356482 0.995777 30.5757
0.99565 -0.0126248 -0.0930639 -79.7062 0.01294 0.999938 0.00276839 0.062487 0.0930154 -0.00396237 0.995713 31.3412
0.995598 -0.0118951 -0.0936683 -79.7704 0.0122253 0.999947 0.00293799 0.0404081 0.0936205 -0.00407042 0.995659 32.1031
0.995557 -0.0139534 -0.0938498 -79.8375 0.014161 0.999924 0.00153071 0.0335813 0.0938132 -0.00285449 0.995642 32.858
0.995646 -0.0143382 -0.0928042 -79.9173 0.0145601 0.999919 0.00170057 0.0248791 0.0927643 -0.00304467 0.995744 33.6286
0.995733 -0.0127427 -0.0921514 -80.0016 0.0130067 0.999938 0.00224803 0.0230088 0.0921092 -0.00343867 0.9958 34.4056
0.995714 -0.0135121 -0.0922116 -80.0793 0.0136971 0.999931 0.00135989 0.0126395 0.0921789 -0.00261751 0.9958 35.1842
0.995569 -0.0131338 -0.0938638 -80.1579 0.0133605 0.999934 0.0017699 -0.0109243 0.0938264 -0.00301796 0.995643 35.9602
0.995382 -0.0152923 -0.0954596 -80.2406 0.0155474 0.999902 0.00191833 -0.018525 0.0954129 -0.00339394 0.995494 36.7428
0.995083 -0.0137859 -0.0988072 -80.329 0.0139815 0.999927 0.00127169 -0.023869 0.0987742 -0.00264878 0.995166 37.5431
0.994842 -0.0102365 -0.101589 -80.4228 0.0104061 0.99997 0.00112623 -0.0394761 0.101566 -0.00217794 0.994889 38.3352
0.994591 -0.00945956 -0.104132 -80.5151 0.00905989 0.999976 -0.00432648 -0.0421655 0.104162 0.00335751 0.994616 39.1317
0.994373 -0.00902253 -0.106193 -80.6141 0.00822079 0.999961 -0.0079987 -0.0540132 0.106252 0.00707995 0.994378 39.9405
0.993747 -0.0109298 -0.111762 -80.6574 0.0099153 0.999931 -0.00964481 -0.0654586 0.111851 0.00847398 0.993751 40.7572
0.993502 -0.0112291 -0.113858 -80.7701 0.0104946 0.999946 -0.0070589 -0.0960974 0.113922 0.00581742 0.993536 41.6109
0.992998 -0.0122996 -0.118107 -80.8464 0.0116775 0.999941 -0.00597108 -0.121313 0.118165 0.0045478 0.993046 42.4604
0.992792 -0.012349 -0.119793 -80.953 0.0119542 0.999946 -0.00402312 -0.138836 0.119827 0.00256144 0.992856 43.302
0.992803 -0.012381 -0.119726 -81.0767 0.0125057 0.999949 0.000274546 -0.158555 0.119707 -0.00177179 0.992872 44.1398
0.99258 -0.0127095 -0.121502 -81.1735 0.0134281 0.999924 0.00508835 -0.16761 0.121418 -0.00668251 0.992645 44.9873
0.992523 -0.0125047 -0.122025 -81.269 0.0134512 0.999913 0.00692107 -0.175377 0.121918 -0.00851242 0.99257 45.8484
0.992803 -0.00940725 -0.119975 -81.3822 0.0102447 0.999954 0.00635436 -0.175958 0.119901 -0.00753813 0.992824 46.718
0.993067 -0.00967895 -0.117795 -81.4963 0.0103379 0.999962 0.00496622 -0.17966 0.117733 -0.00615121 0.993093 47.5753
0.993169 -0.0120953 -0.116662 -81.5933 0.0124465 0.999948 0.00227251 -0.184992 0.116619 -0.00370958 0.993238 48.4489
0.993274 -0.0161114 -0.115321 -81.6908 0.0163249 0.999895 0.000892048 -0.195708 0.115285 -0.00277046 0.993395 49.3227
0.993303 -0.0175682 -0.114811 -81.7785 0.0177996 0.999869 0.000983107 -0.207972 0.114769 -0.00302068 0.993456 50.207
0.993447 -0.0193352 -0.113329 -81.8897 0.0197793 0.99983 0.00278097 -0.211776 0.113246 -0.00500605 0.993622 51.0851
0.993528 -0.0213898 -0.112194 -81.9948 0.0221718 0.999767 0.00572127 -0.230295 0.112036 -0.00817222 0.99374 51.9597
0.993663 -0.0216908 -0.110995 -82.1002 0.0224774 0.99976 0.00582689 -0.240601 0.110832 -0.00828651 0.993873 52.8377
0.993811 -0.0206518 -0.109812 -82.2081 0.0210682 0.999804 0.0026264 -0.25206 0.109727 -0.00492425 0.994019 53.7141
0.994072 -0.0179882 -0.107961 -82.3283 0.0177659 0.999867 -0.00303674 -0.271549 0.107992 0.00109864 0.99422 54.5797
0.99438 -0.0163787 -0.105288 -82.4584 0.0155836 0.999874 -0.00837956 -0.28801 0.105403 0.00669055 0.994479 55.4152
0.994492 -0.011924 -0.1049 -82.5529 0.0104683 0.999871 -0.0144366 -0.307021 0.105049 0.0132562 0.994447 56.2947
0.994656 -0.0117776 -0.103278 -82.6561 0.0102688 0.999862 -0.0151425 -0.334443 0.103433 0.0139994 0.994609 57.1515
0.994665 -0.014752 -0.102884 -82.7517 0.0138833 0.999892 -0.0091737 -0.358558 0.102999 0.00769373 0.994722 58.0224
0.994587 -0.01475 -0.103573 -82.8463 0.0147864 0.999922 -0.000426148 -0.376265 0.103562 -0.00110882 0.994695 58.9016
0.994367 -0.0155896 -0.105609 -82.9309 0.0164506 0.99987 0.0072649 -0.398694 0.105473 -0.00896333 0.994453 59.7469
0.993956 -0.0175354 -0.109059 -83.007 0.0181773 0.999854 0.00488556 -0.412008 0.108948 -0.00683944 0.994097 60.5843
0.99364 -0.0227748 -0.111013 -83.0977 0.0230566 0.999765 0.00123708 -0.424353 0.110949 -0.00379097 0.993891 61.4166
0.993225 -0.0237545 -0.114408 -83.1807 0.023678 0.999748 -0.00203388 -0.437526 0.114417 -0.000690044 0.993506 62.236
0.992742 -0.0215022 -0.119014 -83.2673 0.0209755 0.999795 -0.00569456 -0.453835 0.119102 0.00315438 0.992949 63.0497
0.992272 -0.0206012 -0.122977 -83.3705 0.0195439 0.999792 -0.00980632 -0.470336 0.123143 0.00732552 0.992436 63.8915
0.991693 -0.0201439 -0.127683 -83.4762 0.018538 0.999765 -0.0137713 -0.489593 0.12792 0.0112871 0.991794 64.7061
0.991421 -0.018391 -0.129999 -83.6005 0.0160591 0.999722 -0.0189741 -0.506738 0.130301 0.0167217 0.991409 65.5196
0.991001 -0.0137175 -0.133768 -83.7184 0.0112787 0.999787 -0.0189933 -0.538447 0.133989 0.0173106 0.990905 66.3257
0.990555 -0.0101217 -0.137316 -83.846 0.00764962 0.999831 -0.0185331 -0.554622 0.13747 0.0173056 0.990432 67.1314
0.989944 -0.007204 -0.141867 -83.9702 0.00541712 0.999934 -0.0130008 -0.582226 0.14194 0.0120984 0.989878 67.9486
0.989316 -0.00603831 -0.146207 -84.1002 0.00504056 0.999993 -0.00720853 -0.611972 0.146238 0.00639284 0.989307 68.738
0.988414 -0.00678932 -0.152187 -84.221 0.0061847 1.00001 -0.00446656 -0.627731 0.152206 0.00347078 0.988421 69.5558
0.987441 -0.00647147 -0.15837 -84.3594 0.00577755 1 -0.00485569 -0.635458 0.158391 0.00387792 0.987449 70.3465
0.986577 -0.00702989 -0.163679 -84.5014 0.00654983 1.00001 -0.00349116 -0.635995 0.163692 0.00236926 0.98659 71.129
0.985435 -0.00643751 -0.170419 -84.6393 0.00570951 1 -0.0047746 -0.649388 0.170439 0.00373001 0.985444 71.9196
0.984365 -0.00142288 -0.176634 -84.792 0.00026093 1.00001 -0.00662164 -0.665447 0.176634 0.00646873 0.984338 72.6937
0.983363 0.000407313 -0.182114 -84.9504 -0.00271078 0.999949 -0.012416 -0.669501 0.182087 0.0127006 0.983285 73.4596
0.982329 -0.000594521 -0.187638 -85.1046 -0.00214942 0.999928 -0.0144398 -0.701217 0.18762 0.0145842 0.982217 74.2068
0.981403 0.000168378 -0.1924 -85.2745 -0.00350588 0.999879 -0.0170219 -0.714037 0.192361 0.0173772 0.981255 74.975
0.980431 0.00246672 -0.197307 -85.4408 -0.00497558 0.999948 -0.012239 -0.733352 0.197253 0.0129773 0.980352 75.7434
0.979314 0.00341365 -0.202736 -85.6176 -0.00517404 0.999984 -0.00816818 -0.755206 0.202692 0.00904574 0.979287 76.503
0.97816 0.00302363 -0.208268 -85.7929 -0.00461156 0.999999 -0.00715576 -0.774679 0.208233 0.00795607 0.978134 77.243
0.976748 0.00131123 -0.214789 -85.9724 -0.00364282 0.99997 -0.0104736 -0.806317 0.214755 0.0110101 0.976693 77.9977
0.974992 -0.000426666 -0.222649 -86.1564 -0.00364497 0.999869 -0.0178912 -0.827141 0.222613 0.0182511 0.974823 78.7419
0.972962 -0.00264288 -0.231326 -86.3419 -0.00201076 0.999831 -0.0198922 -0.85082 0.231325 0.0198166 0.972763 79.4741
0.970949 -0.00314869 -0.239649 -86.5676 -0.00121736 0.999873 -0.0180817 -0.869059 0.23966 0.0178439 0.970783 80.1883
0.968479 -0.0033422 -0.249423 -86.7898 0.000331098 0.999958 -0.0121249 -0.890689 0.249438 0.0116576 0.968409 80.9094
0.965532 -0.00152372 -0.26063 -87.008 0.000147592 1.00002 -0.00531105 -0.905399 0.260628 0.00508557 0.965517 81.6317
0.962489 -0.000818227 -0.271647 -87.2261 0.000324532 1.00003 -0.0018728 -0.931133 0.271641 0.0017121 0.962489 82.3588
0.959073 0.00181022 -0.283476 -87.4483 -0.00376824 1.00001 -0.00637365 -0.956835 0.283449 0.00717695 0.959054 83.0875
0.955364 0.00129673 -0.295729 -87.6754 -0.00621171 0.99989 -0.0156923 -0.980462 0.295659 0.0168259 0.955238 83.8013
0.951589 -0.00186885 -0.307665 -87.9169 -0.00493505 0.999798 -0.0213467 -0.993862 0.307624 0.021827 0.951352 84.503
0.947381 -0.0028754 -0.320374 -88.156 -0.00295029 0.999872 -0.0177072 -1.00275 0.320366 0.0177177 0.947223 85.21
0.944026 -0.00147729 -0.330149 -88.4408 -0.00174168 0.999991 -0.00946391 -1.04158 0.33014 0.0095049 0.94398 85.9116
0.940198 -0.00101293 -0.340895 -88.725 -0.000159117 1.00003 -0.00341875 -1.07528 0.340889 0.00326596 0.940194 86.6089
0.936388 -0.00288965 -0.35122 -89.0314 0.00155871 1.00003 -0.00408073 -1.11126 0.351221 0.00326963 0.936384 87.3131
0.932833 -0.00492861 -0.360532 -89.3367 0.00224888 1 -0.00785968 -1.13977 0.36055 0.00651808 0.932818 87.9989
0.929794 -0.00902626 -0.368224 -89.6381 0.00426978 0.999935 -0.013738 -1.1726 0.368303 0.0111969 0.929738 88.6889
0.927102 -0.0132733 -0.374823 -89.9405 0.00626608 0.999817 -0.0199149 -1.1932 0.374997 0.0161113 0.926987 89.3911
0.924602 -0.0136067 -0.380937 -90.2522 0.00538486 0.999768 -0.0226483 -1.2111 0.381135 0.0188847 0.924427 90.0648
0.922349 -0.00846468 -0.386511 -90.5892 -0.000679153 0.999758 -0.0235232 -1.23394 0.386595 0.0219555 0.922092 90.752
0.91897 -0.00800754 -0.394484 -90.8948 -0.000640947 0.999801 -0.021795 -1.25956 0.394558 0.0202769 0.918748 91.4399
0.915274 -0.00764949 -0.402997 -91.2036 0.00114241 0.999901 -0.0163922 -1.26918 0.40306 0.0145397 0.915163 92.1453
0.912423 -0.00533925 -0.409442 -91.5287 0.00205186 1 -0.00847495 -1.29301 0.409465 0.00688803 0.912403 92.8424
0.910284 0.00514465 -0.414185 -91.8825 -0.00662303 1.00001 -0.00214159 -1.31665 0.414156 0.00468946 0.9103 93.5372
0.907483 0.0136005 -0.420093 -92.2165 -0.0169459 0.999887 -0.00424242 -1.35085 0.419963 0.0109637 0.907579 94.2144
0.905302 0.00927427 -0.424896 -92.5658 -0.0158621 0.99984 -0.0119797 -1.36681 0.424693 0.0175811 0.905274 94.9075
0.902638 0.00193564 -0.430618 -92.8795 -0.0113235 0.999791 -0.0192485 -1.39169 0.430465 0.022245 0.902439 95.5972
0.900876 0.00375615 -0.434287 -93.2293 -0.0132193 0.999773 -0.0187814 -1.42669 0.434094 0.0226565 0.900692 96.2979
0.898588 0.01032 -0.438889 -93.5945 -0.0180549 0.999787 -0.0134642 -1.4556 0.43863 0.0200172 0.898552 97.0058
0.895324 0.0126068 -0.445463 -93.9182 -0.0186312 0.999822 -0.00915727 -1.48072 0.445243 0.0164941 0.895371 97.6924
0.892757 0.0093521 -0.45065 -94.2711 -0.0159539 0.999854 -0.010863 -1.51246 0.450456 0.0168823 0.892747 98.3861
0.889228 0.00724948 -0.457631 -94.6115 -0.0172551 0.999733 -0.0176975 -1.53227 0.457354 0.023629 0.889087 99.0965
0.887594 0.0042074 -0.460814 -94.9986 -0.0174398 0.99959 -0.0244722 -1.55304 0.460494 0.0297523 0.887274 99.7685
0.885249 0.00505461 -0.465311 -95.3684 -0.0194781 0.999506 -0.0262054 -1.57919 0.464922 0.0322569 0.884881 100.446
0.881879 0.00718848 -0.471626 -95.7139 -0.0201853 0.999585 -0.0225154 -1.60503 0.471238 0.0293701 0.881629 101.148
0.880402 0.00856459 -0.47437 -96.109 -0.0211147 0.999593 -0.0211461 -1.62832 0.473968 0.0286284 0.880196 101.813
0.877497 0.00894167 -0.4797 -96.4754 -0.0219386 0.99957 -0.0215065 -1.64704 0.479272 0.0293902 0.877286 102.491
0.874963 0.00706067 -0.484354 -96.8431 -0.0207359 0.999563 -0.022893 -1.67463 0.483952 0.0300692 0.874698 103.159
0.872329 0.00461383 -0.489097 -97.2211 -0.0185299 0.999591 -0.0236263 -1.70515 0.488758 0.0296671 0.872028 103.838
0.870039 0.00375202 -0.49318 -97.6064 -0.0177339 0.999602 -0.023686 -1.73342 0.492866 0.0293489 0.869731 104.498
0.868024 0.00490916 -0.496696 -98.0178 -0.0190421 0.999587 -0.0234051 -1.76388 0.496346 0.0297686 0.86773 105.17
0.865538 0.00492337 -0.501029 -98.3984 -0.0198579 0.999542 -0.0244885 -1.78663 0.500651 0.0311402 0.865212 105.818
0.862874 0.00166589 -0.505613 -98.7921 -0.0189231 0.999442 -0.0290075 -1.81583 0.505252 0.0345917 0.862395 106.484
0.860635 -0.00116035 -0.50943 -99.1812 -0.0184222 0.999312 -0.0334048 -1.85506 0.509088 0.0381288 0.859994 107.125
0.85771 -0.00360187 -0.514318 -99.5581 -0.0176456 0.999223 -0.0364308 -1.88576 0.514019 0.0403162 0.85695 107.779
0.856076 -0.00141478 -0.517054 -99.9552 -0.0180835 0.999343 -0.032681 -1.92126 0.51673 0.0373223 0.855462 108.397
0.85424 0.00267131 -0.520068 -100.348 -0.017866 0.99959 -0.0242177 -1.95457 0.519758 0.0299731 0.853908 109.028
0.852185 0.00499666 -0.523422 -100.729 -0.0149488 0.999821 -0.0147998 -1.99243 0.523221 0.0204319 0.852081 109.67
0.850722 0.00484159 -0.525788 -101.113 -0.0117904 0.999924 -0.00987526 -2.02321 0.52567 0.0145947 0.850684 110.263
0.848737 0.00200127 -0.529016 -101.479 -0.00894269 0.999947 -0.0105707 -2.05051 0.528933 0.0136981 0.848685 110.865
0.847068 0.000448804 -0.531677 -101.855 -0.00961976 0.999891 -0.014488 -2.07118 0.531582 0.0173813 0.846951 111.445
0.845213 -0.00152149 -0.534632 -102.214 -0.00912016 0.999852 -0.0172698 -2.09492 0.534544 0.0194676 0.845051 112.007
0.843521 -0.00306759 -0.537278 -102.56 -0.00815603 0.999838 -0.0185192 -2.122 0.537216 0.0199977 0.84333 112.549
0.842334 -0.0046905 -0.539138 -102.902 -0.00686428 0.999832 -0.0194289 -2.13561 0.539103 0.0200614 0.842135 113.063
0.841048 -0.00395589 -0.541138 -103.246 -0.00724112 0.999844 -0.0185692 -2.15899 0.541095 0.0195303 0.840859 113.577
0.839653 -0.00326596 -0.543315 -103.566 -0.00643272 0.999896 -0.0159576 -2.19918 0.543275 0.0168887 0.83952 114.059
0.838799 -0.00409584 -0.544616 -103.893 -0.00482668 0.99992 -0.0149595 -2.22827 0.544602 0.015171 0.838683 114.527
0.838613 -0.00345708 -0.544917 -104.208 -0.00525992 0.999926 -0.0144448 -2.26222 0.544891 0.0149749 0.838507 114.935
0.837558 -0.0040701 -0.546524 -104.504 -0.00427502 0.999936 -0.0140037 -2.3105 0.546513 0.0140596 0.837459 115.357
0.836676 -0.00369155 -0.547888 -104.786 -0.00686073 0.999873 -0.0172199 -2.33468 0.547846 0.0181611 0.836518 115.745
0.83539 -0.00615247 -0.549814 -105.06 -0.00666807 0.999794 -0.0213243 -2.35287 0.5498 0.0214741 0.835148 116.123
0.833561 -0.0105598 -0.552528 -105.329 -0.00352131 0.999741 -0.0244251 -2.35481 0.552607 0.0223 0.833281 116.487
0.831338 -0.0146037 -0.555763 -105.593 0.00146669 0.999754 -0.0240815 -2.37453 0.555943 0.0191986 0.831126 116.834
0.827877 -0.0136107 -0.560944 -105.837 0.000652864 0.999774 -0.0233006 -2.37564 0.561098 0.0189185 0.827672 117.185
0.825406 -0.0112173 -0.564613 -106.151 -0.00180489 0.99979 -0.0225069 -2.37493 0.564711 0.0195901 0.825186 117.505
0.822551 -0.00625699 -0.568854 -106.406 -0.00576981 0.999842 -0.0193459 -2.37054 0.568848 0.0191895 0.822359 117.802
0.818884 -0.00185977 -0.574139 -106.643 -0.0073085 0.999927 -0.0136679 -2.3675 0.574086 0.0153821 0.818782 118.102
0.814621 0.000804382 -0.580188 -106.856 -0.00710755 0.999983 -0.00859808 -2.39686 0.580134 0.0111227 0.814588 118.363
0.809501 -0.00271824 -0.587293 -107.066 -0.00305415 1 -0.00884268 -2.39009 0.587281 0.0089455 0.809468 118.625
0.801971 -0.0045022 -0.597536 -107.244 -0.000242068 1.00002 -0.00786448 -2.40444 0.597542 0.0064469 0.801956 118.881
0.793274 -0.00675536 -0.609004 -107.427 0.00252113 1.00001 -0.00781313 -2.39988 0.609026 0.00465641 0.793276 119.099
0.78354 -0.00694194 -0.621484 -107.617 0.00204263 1.00001 -0.00859934 -2.39548 0.621509 0.00546372 0.783536 119.32
0.771372 -0.00580986 -0.636527 -107.786 -0.000308317 1 -0.00950548 -2.39988 0.636544 0.00752215 0.771348 119.487
0.757893 -0.007074 -0.652513 -107.958 -0.000954494 0.999975 -0.011954 -2.41347 0.652541 0.00967771 0.757845 119.638
0.743373 -0.00996834 -0.668965 -108.134 -0.00241234 0.99989 -0.0175843 -2.41743 0.669025 0.0146788 0.743245 119.789
0.728473 -0.0141004 -0.685095 -108.294 -0.00296326 0.999761 -0.0237319 -2.41559 0.685225 0.0193128 0.728235 119.924
0.713258 -0.0141531 -0.700913 -108.464 -0.00794948 0.999616 -0.0282781 -2.41416 0.701002 0.0257345 0.712852 120.058
0.697856 -0.0110271 -0.716312 -108.648 -0.0161797 0.999431 -0.0311522 -2.40941 0.716207 0.0333232 0.69726 120.192
0.680803 -0.00985007 -0.732549 -108.828 -0.0197232 0.999348 -0.0317713 -2.40487 0.732342 0.0360708 0.680147 120.32
0.661296 -0.0110842 -0.750196 -108.969 -0.0172572 0.999449 -0.0299829 -2.41478 0.750073 0.0327677 0.660721 120.435
0.641227 -0.0122621 -0.767398 -109.148 -0.0152741 0.999519 -0.0287375 -2.41609 0.767336 0.0301413 0.640715 120.558
0.62125 -0.0101698 -0.783693 -109.347 -0.0163614 0.999577 -0.0259448 -2.42597 0.783583 0.0289346 0.620804 120.629
0.598804 -0.00773339 -0.800998 -109.561 -0.0212673 0.999497 -0.0255522 -2.39235 0.800745 0.0323281 0.598324 120.717
0.57703 -0.00154415 -0.816863 -109.765 -0.0240478 0.99958 -0.0188801 -2.43602 0.816506 0.030532 0.576736 120.752
0.553656 0.00164746 -0.83288 -109.973 -0.0264853 0.999577 -0.0156325 -2.44498 0.832453 0.0307063 0.553453 120.811
0.528834 0.00669132 -0.848836 -110.162 -0.0302759 0.999531 -0.010986 -2.47866 0.848318 0.0315023 0.528777 120.871
0.503869 0.0106555 -0.863847 -110.374 -0.0356815 0.999378 -0.00848904 -2.47453 0.863168 0.0350926 0.503927 120.929
0.477385 0.0130147 -0.878731 -110.582 -0.0389897 0.999269 -0.00638473 -2.47146 0.877959 0.0373024 0.477534 120.984
0.449514 0.0128248 -0.893311 -110.775 -0.0392188 0.999267 -0.00539258 -2.48106 0.892535 0.0374502 0.449681 121.025
0.417555 0.00985507 -0.908727 -110.996 -0.0397719 0.999232 -0.00744114 -2.48925 0.907909 0.0392418 0.41762 121.094
0.383667 0.00624494 -0.923576 -111.22 -0.04048 0.99918 -0.0100635 -2.5012 0.922704 0.0412389 0.383603 121.148
0.344898 0.00214084 -0.938762 -111.454 -0.0415135 0.999104 -0.0129759 -2.47305 0.937848 0.0434395 0.344675 121.206
0.303558 0.00134526 -0.952935 -111.708 -0.0425041 0.999074 -0.0121331 -2.4748 0.951981 0.0441784 0.303336 121.258
0.259972 -0.00218795 -0.965735 -112.005 -0.0437467 0.998995 -0.0140422 -2.45236 0.964749 0.0458909 0.259618 121.306
0.210921 -0.00378784 -0.977616 -112.297 -0.0437388 0.999005 -0.013311 -2.46667 0.97664 0.0455588 0.210552 121.363
0.161411 -0.00669864 -0.986984 -112.615 -0.0449053 0.998943 -0.0141258 -2.45249 0.985989 0.0465933 0.160947 121.387
0.110001 -0.00804653 -0.994017 -112.935 -0.0463058 0.998891 -0.0132139 -2.43965 0.992968 0.0474739 0.109518 121.409
0.0579481 -0.00720975 -0.998412 -113.289 -0.0467283 0.998909 -0.00992768 -2.43542 0.99735 0.0472218 0.0575614 121.39
0.00486513 -0.00616376 -1.00009 -113.656 -0.0453996 0.999 -0.00638152 -2.42138 0.999074 0.0454263 0.00459619 121.357
-0.0484312 -0.00490833 -0.998933 -114.025 -0.0434075 0.999106 -0.00280683 -2.41309 0.998009 0.0432178 -0.048582 121.298
-0.102082 -0.00232721 -0.994891 -114.392 -0.0395218 0.99927 0.00171411 -2.42369 0.994109 0.039487 -0.102079 121.22
-0.156125 -0.00103584 -0.987857 -114.79 -0.0378574 0.999324 0.00493329 -2.41965 0.987141 0.0381607 -0.156034 121.135
-0.207488 0.0015463 -0.978356 -115.194 -0.0355842 0.999379 0.00912251 -2.42976 0.977713 0.0366989 -0.207279 121.013
-0.257338 0.00408407 -0.966435 -115.601 -0.0316924 0.99947 0.0126607 -2.44043 0.965935 0.0338796 -0.257043 120.868
-0.305215 0.00646157 -0.952385 -116.011 -0.0267338 0.999578 0.0153454 -2.44324 0.952037 0.030137 -0.304884 120.693
-0.351764 0.00867207 -0.936176 -116.439 -0.0216873 0.999666 0.0174072 -2.44698 0.935978 0.0264193 -0.351425 120.494
-0.395571 0.0104267 -0.918506 -116.862 -0.0176698 0.999718 0.0189544 -2.43834 0.918402 0.0237202 -0.395241 120.265
-0.437629 0.0124265 -0.899203 -117.307 -0.0142155 0.999737 0.0207325 -2.4359 0.89919 0.0218489 -0.4373 120.017
-0.475723 0.0141238 -0.879618 -117.737 -0.0118693 0.999729 0.0224674 -2.43469 0.879659 0.0211215 -0.47539 119.741
-0.509199 0.014816 -0.860662 -118.181 -0.0108898 0.999713 0.0236506 -2.42709 0.860734 0.0214083 -0.508851 119.433
-0.537711 0.0146487 -0.843146 -118.644 -0.0108911 0.999698 0.0243099 -2.41759 0.843211 0.0222476 -0.53735 119.115
-0.560784 0.0131837 -0.828004 -119.15 -0.011897 0.999694 0.0239729 -2.39441 0.828037 0.0232873 -0.560413 118.755
-0.577587 0.0109162 -0.816406 -119.624 -0.0144174 0.999673 0.023562 -2.38599 0.81636 0.0253725 -0.5772 118.377
