0.999932 -0.00307796 0.0113754 0.0126234 0.00307398 0.999997 0.00033546 0.00730029 -0.0113762 -0.000300506 0.999935 0.315232
0.999834 -0.00537656 0.0174322 0.0278824 0.00537104 0.999985 0.000359031 0.00151358 -0.0174339 -0.000265292 0.999849 0.593522
0.999772 -0.00874331 0.019772 0.0274876 0.00880832 0.999948 -0.00323145 0.0305336 -0.0197424 0.00340492 0.999796 0.921844
0.999793 -0.0100221 0.0178409 0.0273425 0.01011 0.999938 -0.00484608 0.026099 -0.0177907 0.00502554 0.99983 1.23756
0.999872 -0.0123806 0.0107138 0.0348793 0.0124432 0.999897 -0.00584322 0.0177458 -0.01064 0.00597586 0.999922 1.57492
0.999899 -0.0143795 0.00010949 -0.0132111 0.0143798 0.999853 -0.0092059 0.0359984 2.30522e-05 0.00920653 0.999956 1.90341
0.999796 -0.0138041 -0.0152777 -0.0595103 0.0136605 0.999854 -0.00941863 0.0320434 0.0154061 0.0092081 0.999837 2.21482
0.999377 -0.00933028 -0.0341388 -0.108074 0.00901735 0.999915 -0.00930829 0.0231476 0.0342226 0.00899465 0.999374 2.57489
0.998546 -0.00595378 -0.0537093 -0.162145 0.00535157 0.999914 -0.0113366 0.027786 0.0537728 0.0110327 0.998489 2.92812
0.997306 -0.00569771 -0.0731914 -0.223588 0.00480595 0.999912 -0.0123542 0.0298442 0.0732547 0.0119693 0.997243 3.29643
0.995597 -0.00673705 -0.0935693 -0.283029 0.00566367 0.999909 -0.0117252 0.0246025 0.0936403 0.0111437 0.995542 3.66628
0.993558 -0.00770027 -0.113097 -0.334806 0.00641729 0.99991 -0.0117028 0.0297574 0.113176 0.0109017 0.993517 4.03393
0.99157 -0.00601666 -0.12949 -0.426533 0.00459006 0.99992 -0.0113074 0.0209137 0.129548 0.0106177 0.991516 4.41819
0.989212 -0.00509777 -0.146437 -0.488597 0.00367194 0.999941 -0.0100051 0.00614178 0.146478 0.00935945 0.989173 4.84063
0.987018 -0.00465354 -0.160586 -0.563771 0.0030515 0.999938 -0.0102181 -0.00329305 0.160624 0.00959545 0.986969 5.26339
0.984776 -0.00590614 -0.173764 -0.634612 0.00403583 0.999928 -0.0111144 -0.0163161 0.173816 0.0102439 0.984729 5.70507
0.983125 -0.00968657 -0.182719 -0.736894 0.00739468 0.99988 -0.0132174 -0.0270268 0.182825 0.0116432 0.983077 6.14382
0.981484 -0.00893518 -0.191366 -0.822307 0.00611132 0.999862 -0.015341 -0.0357415 0.191475 0.0138873 0.981405 6.60853
0.980087 -0.00830284 -0.198434 -0.934207 0.00481353 0.999821 -0.0180567 -0.0339271 0.198548 0.016742 0.97995 7.10355
0.978537 -0.00900128 -0.205903 -1.04951 0.00479775 0.999768 -0.020905 -0.0444711 0.206042 0.0194683 0.978355 7.58664
0.977222 -0.0127469 -0.211877 -1.18572 0.00811058 0.999707 -0.0227356 -0.0580576 0.212104 0.0204995 0.977036 8.07883
0.975309 -0.0193543 -0.220028 -1.29801 0.014398 0.999605 -0.0241072 -0.0750077 0.220406 0.0203439 0.975203 8.60176
0.973723 -0.019132 -0.226972 -1.44558 0.0134624 0.999557 -0.0264995 -0.0938563 0.227377 0.0227479 0.973547 9.1057
0.9717 -0.0149514 -0.235778 -1.58905 0.00810516 0.999518 -0.0299792 -0.120007 0.236111 0.0272195 0.971353 9.64171
0.969467 -0.0123123 -0.244951 -1.73326 0.00458958 0.999475 -0.0320719 -0.146716 0.245216 0.0299688 0.969012 10.1847
0.967174 -0.0148194 -0.25371 -1.86841 0.00641071 0.999405 -0.0339374 -0.167158 0.254059 0.0311967 0.966693 10.7213
0.965021 -0.0177081 -0.261611 -2.0259 0.00836375 0.999289 -0.0367874 -0.182715 0.262075 0.0333128 0.964481 11.2727
0.962285 -0.0176777 -0.271501 -2.1888 0.00715521 0.999187 -0.0396975 -0.206816 0.27198 0.0362573 0.961628 11.8956
0.959917 -0.0173201 -0.279787 -2.37225 0.00523825 0.999025 -0.0438716 -0.228508 0.280272 0.0406477 0.95907 12.4973
0.957408 -0.0189458 -0.288144 -2.55132 0.00515313 0.998806 -0.0485505 -0.266521 0.288719 0.0449975 0.956362 13.1128
0.956104 -0.0195641 -0.292409 -2.76711 0.00315293 0.9984 -0.0564888 -0.303467 0.293044 0.0530873 0.954635 13.7259
0.954609 -0.0210442 -0.297146 -2.96367 0.00152094 0.997831 -0.0657814 -0.328914 0.297885 0.0623433 0.95257 14.3504
0.953203 -0.0218788 -0.301575 -3.17217 -0.000430378 0.997282 -0.0737099 -0.384386 0.302365 0.0703903 0.950601 15.0036
0.951669 -0.0212781 -0.306418 -3.38114 -0.00435301 0.996561 -0.082722 -0.435743 0.307124 0.0800574 0.948303 15.653
0.950257 -0.0212978 -0.310777 -3.60874 -0.0068958 0.995981 -0.0893392 -0.503785 0.311428 0.0870381 0.946287 16.3308
0.948415 -0.0186436 -0.316514 -3.83383 -0.0124261 0.995318 -0.095861 -0.569166 0.316818 0.0948486 0.943739 17.0047
0.946678 -0.0177426 -0.321732 -4.07356 -0.0160131 0.994663 -0.101969 -0.637722 0.32182 0.101683 0.941336 17.6823
0.944966 -0.0150813 -0.32685 -4.32647 -0.0214688 0.993926 -0.10793 -0.707512 0.326492 0.109007 0.9389 18.3721
0.943499 -0.011857 -0.331204 -4.60088 -0.0263959 0.993498 -0.110759 -0.793825 0.330362 0.113243 0.937048 19.0511
0.94155 -0.0111279 -0.336725 -4.85405 -0.0284936 0.993245 -0.112498 -0.875245 0.3357 0.115516 0.934869 19.7501
0.939314 -0.010634 -0.342936 -5.11429 -0.0295776 0.99329 -0.111814 -0.960756 0.341821 0.11517 0.932694 20.4417
0.937185 -0.0102051 -0.348723 -5.40734 -0.0303818 0.993389 -0.110721 -1.04555 0.347545 0.11436 0.930675 21.1546
0.934985 -0.0103465 -0.354576 -5.71374 -0.0305201 0.993523 -0.109469 -1.1272 0.353409 0.113172 0.92861 21.8821
0.931911 -0.00929212 -0.362619 -6.0216 -0.0313443 0.993871 -0.106021 -1.22466 0.36138 0.110166 0.925904 22.6287
0.928234 -0.00796877 -0.371952 -6.33135 -0.0320631 0.99434 -0.101317 -1.30357 0.370651 0.105971 0.922721 23.4218
0.92468 -0.00423364 -0.380771 -6.65495 -0.0348432 0.994805 -0.0956753 -1.39705 0.379196 0.101734 0.919723 24.1807
0.921421 0.000192708 -0.388614 -7.00703 -0.0387064 0.995078 -0.0912796 -1.48998 0.386678 0.0991471 0.916888 24.9455
0.91777 0.000939494 -0.397153 -7.36172 -0.039852 0.99517 -0.0897383 -1.56718 0.395149 0.0981847 0.913369 25.7223
0.914515 0.00121438 -0.404597 -7.73906 -0.0410687 0.995115 -0.0898394 -1.63758 0.402506 0.0987736 0.910093 26.4869
0.911021 0.000913652 -0.412401 -8.10698 -0.0414158 0.995146 -0.0892851 -1.708 0.410316 0.0984186 0.906631 27.2392
0.906537 0.00198831 -0.422152 -8.48396 -0.0429243 0.995247 -0.0874858 -1.79446 0.419969 0.0974297 0.9023 28.0685
0.902267 0.000757709 -0.431214 -8.86067 -0.0414789 0.995515 -0.0850404 -1.87755 0.429213 0.0946138 0.898248 28.8784
0.898381 0.000597883 -0.439236 -9.25166 -0.0402572 0.995902 -0.0809791 -1.95449 0.437391 0.0904328 0.89471 29.6596
0.894444 0.00388067 -0.447201 -9.66392 -0.0419061 0.996292 -0.0751703 -2.04026 0.445248 0.0859744 0.891284 30.4778
0.889392 0.00290124 -0.457126 -10.1038 -0.0395349 0.996721 -0.070592 -2.11676 0.455421 0.0808588 0.886585 31.365
0.884398 0.00108488 -0.466767 -10.4888 -0.0375331 0.996925 -0.068798 -2.18496 0.465255 0.0783625 0.881716 32.2006
0.879575 -0.00119937 -0.475744 -10.9132 -0.0350879 0.99711 -0.0673838 -2.24747 0.474448 0.0759647 0.876985 33.0672
0.875789 -0.00198277 -0.482724 -11.3303 -0.0335539 0.997324 -0.0649734 -2.30955 0.481552 0.0730984 0.873384 33.8961
0.871319 -0.00500527 -0.490686 -11.7794 -0.0295985 0.99759 -0.0627306 -2.37709 0.489824 0.0691843 0.869053 34.7713
0.868464 -0.00702624 -0.495737 -12.2663 -0.0281002 0.997596 -0.0633682 -2.43545 0.494981 0.0689614 0.866185 35.6298
0.861616 -0.0113042 -0.507432 -12.7656 -0.0235585 0.997784 -0.0622263 -2.49852 0.507016 0.0655718 0.859421 36.6172
0.856233 -0.0135644 -0.51645 -13.3047 -0.0220123 0.997792 -0.062702 -2.55267 0.516149 0.0650532 0.854051 37.5971
0.854841 -0.0116335 -0.518761 -13.893 -0.0240337 0.997789 -0.0619767 -2.64155 0.51834 0.0654501 0.852652 38.5395
0.852463 -0.0123819 -0.522682 -14.3951 -0.0222635 0.997957 -0.0599519 -2.7103 0.522342 0.0627408 0.850453 39.475
0.852093 -0.0133315 -0.523224 -14.9536 -0.0203125 0.998081 -0.0585077 -2.79091 0.523004 0.0604837 0.850168 40.37
0.851104 -0.0160263 -0.524795 -15.5 -0.0176382 0.998102 -0.0590866 -2.86077 0.52473 0.0595427 0.849213 41.2743
0.850029 -0.0184668 -0.526419 -16.0625 -0.0152577 0.998103 -0.0596478 -2.92476 0.526526 0.0587358 0.848116 42.1669
0.848601 -0.0172917 -0.528797 -16.6328 -0.0152207 0.998259 -0.0570702 -3.00863 0.528847 0.0564759 0.846868 43.058
0.845321 -0.0153992 -0.534061 -17.1398 -0.0144946 0.998552 -0.0517328 -3.10361 0.534093 0.0514719 0.843854 43.9458
0.842536 -0.0151391 -0.538476 -17.7255 -0.0122048 0.998817 -0.0471788 -3.17921 0.538536 0.0463193 0.841362 44.8471
0.837804 -0.0155059 -0.545775 -18.3176 -0.0110016 0.998912 -0.0452661 -3.24712 0.545892 0.0439286 0.836701 45.7733
0.833147 -0.0185219 -0.552792 -18.9333 -0.00925263 0.998837 -0.047414 -3.31508 0.553007 0.0446147 0.83202 46.6397
0.826069 -0.0224068 -0.563145 -19.5501 -0.00725481 0.998702 -0.0503771 -3.38506 0.563551 0.0457008 0.824815 47.5649
0.819861 -0.0224706 -0.572179 -20.1644 -0.0069819 0.998768 -0.0492297 -3.46009 0.572559 0.0443533 0.818707 48.4095
0.814123 -0.0188471 -0.580409 -20.7982 -0.00819451 0.998999 -0.0439322 -3.52525 0.580665 0.0405223 0.813133 49.2791
0.809037 -0.0144261 -0.587637 -21.4425 -0.0111541 0.999149 -0.0398862 -3.57928 0.58769 0.038821 0.808199 50.1365
0.804426 -0.0138252 -0.593914 -22.0773 -0.012674 0.999101 -0.0404216 -3.64956 0.593947 0.0400434 0.803508 50.9914
0.800314 -0.0158573 -0.599427 -22.723 -0.0133239 0.99894 -0.0442167 -3.71437 0.599471 0.0433706 0.799265 51.8588
0.798446 -0.017497 -0.601834 -23.4416 -0.0166922 0.99855 -0.0511732 -3.77128 0.601864 0.0509053 0.796978 52.7429
0.795403 -0.019034 -0.605842 -24.0784 -0.0158466 0.998519 -0.0521776 -3.84814 0.605914 0.0510992 0.793936 53.5836
0.789169 -0.0169949 -0.613963 -24.6895 -0.0155102 0.998748 -0.0475799 -3.91869 0.61401 0.0470711 0.787898 54.4196
0.786935 -0.0142853 -0.616934 -25.3869 -0.0155898 0.998959 -0.0430186 -3.97256 0.61688 0.043467 0.785909 55.2519
0.783723 -0.0125106 -0.621007 -26.0742 -0.0156102 0.999086 -0.0398254 -4.03781 0.620944 0.0409056 0.782793 56.0913
0.779787 -0.0126481 -0.625983 -26.7493 -0.0168385 0.999017 -0.0411629 -4.07965 0.625858 0.0426346 0.778828 56.9331
0.776613 -0.013579 -0.629856 -27.4529 -0.0171953 0.99894 -0.0427357 -4.14268 0.629774 0.0440193 0.775539 57.7732
0.773594 -0.0157993 -0.633553 -28.151 -0.0162074 0.998877 -0.0447017 -4.21152 0.633515 0.0448447 0.772491 58.58
0.768837 -0.0173311 -0.639234 -28.8514 -0.0148952 0.998879 -0.0449943 -4.27397 0.639302 0.0441142 0.7677 59.4311
0.765403 -0.0173421 -0.643382 -29.567 -0.014343 0.998937 -0.0439911 -4.33327 0.643427 0.0428947 0.764364 60.2206
0.759438 -0.0170757 -0.650382 -30.2978 -0.014573 0.998962 -0.0432415 -4.39664 0.65045 0.0423164 0.758383 61.0982
0.754019 -0.0186863 -0.656652 -31.0289 -0.0142918 0.998899 -0.0448389 -4.45188 0.656733 0.0431896 0.752944 61.9157
0.747334 -0.0201892 -0.664167 -31.7553 -0.0135161 0.998875 -0.0455692 -4.51763 0.664343 0.0430316 0.746203 62.7562
0.741579 -0.0215293 -0.670585 -32.489 -0.0126981 0.998862 -0.0461135 -4.58204 0.670782 0.0427074 0.740485 63.5613
0.736005 -0.0222256 -0.676634 -33.2289 -0.0131667 0.998807 -0.0471272 -4.65459 0.676879 0.0435941 0.734818 64.3472
0.729131 -0.0242515 -0.684011 -34.0022 -0.0122249 0.99876 -0.048445 -4.71722 0.684299 0.0436802 0.727955 65.1812
0.721975 -0.0257092 -0.691464 -34.7893 -0.0111282 0.998754 -0.0487508 -4.77707 0.69186 0.0428908 0.720773 66.0159
0.714751 -0.0258518 -0.698968 -35.599 -0.010686 0.998804 -0.0478712 -4.83503 0.699336 0.0416807 0.713642 66.8461
0.707309 -0.0265127 -0.70643 -36.3984 -0.00976766 0.998841 -0.0472642 -4.90204 0.706868 0.0403295 0.706215 67.659
0.700708 -0.0282021 -0.71296 -37.2227 -0.00864742 0.998817 -0.0480113 -4.96986 0.713434 0.0398026 0.699658 68.4486
0.693382 -0.0291033 -0.719992 -38.0379 -0.00911182 0.998756 -0.0491432 -5.05329 0.720529 0.0406351 0.692241 69.2467
0.686832 -0.0288837 -0.726311 -38.879 -0.0100072 0.998747 -0.0491846 -5.11485 0.726782 0.0410451 0.685709 70.0287
0.680554 -0.0293098 -0.732121 -39.6478 -0.00905507 0.998793 -0.0483998 -5.17012 0.73266 0.0395675 0.679454 70.7823
0.675642 -0.029362 -0.736712 -40.4654 -0.00974322 0.998771 -0.0487455 -5.2311 0.737198 0.0401078 0.674553 71.5304
0.670535 -0.0310645 -0.741236 -41.307 -0.0092771 0.9987 -0.0502431 -5.29353 0.741837 0.0405659 0.669361 72.2938
0.665042 -0.0328739 -0.74615 -42.1685 -0.0104575 0.998529 -0.0533181 -5.36515 0.746765 0.0432568 0.663748 73.0476
0.659061 -0.0359043 -0.751239 -43.0521 -0.010148 0.998351 -0.0566132 -5.43254 0.752037 0.0449349 0.657596 73.8285
0.653541 -0.0371029 -0.75605 -43.8938 -0.0100486 0.998291 -0.0576813 -5.50579 0.756857 0.0452895 0.652079 74.5633
0.648955 -0.0367356 -0.759946 -44.8078 -0.00942416 0.998376 -0.0563048 -5.58272 0.760784 0.0437007 0.647543 75.3196
0.643607 -0.0381446 -0.764475 -45.7084 -0.00785895 0.998384 -0.0564366 -5.64449 0.765348 0.0423262 0.642294 76.0717
0.638609 -0.038911 -0.768555 -46.5766 -0.00783759 0.998347 -0.0570535 -5.72653 0.769508 0.042458 0.637237 76.8093
0.632991 -0.0396336 -0.773213 -47.466 -0.00703282 0.998361 -0.0569361 -5.80959 0.77416 0.0414731 0.631701 77.5527
0.628169 -0.0403515 -0.777039 -48.4018 -0.00617232 0.998372 -0.056831 -5.88932 0.77807 0.040495 0.626886 78.3065
0.623216 -0.041498 -0.781017 -49.3397 -0.00530074 0.998352 -0.05728 -5.96991 0.782063 0.0398331 0.621996 79.0528
0.618576 -0.0443521 -0.784481 -50.3174 -0.00236623 0.998303 -0.0583025 -6.05046 0.785738 0.0379201 0.617412 79.8274
0.614249 -0.0481907 -0.787708 -51.243 0.000165569 0.99815 -0.0609409 -6.14432 0.789144 0.0372981 0.613147 80.5423
0.607933 -0.0524071 -0.792267 -52.1973 0.00530269 0.998073 -0.0619476 -6.2323 0.793987 0.0334581 0.607031 81.3069
0.601249 -0.0567754 -0.797114 -53.1675 0.0103379 0.997952 -0.0632879 -6.30039 0.799028 0.0298074 0.600631 82.0295
0.591673 -0.0610694 -0.803869 -54.1364 0.0159777 0.997828 -0.0640394 -6.38455 0.806035 0.0250457 0.591355 82.756
0.583356 -0.0608849 -0.810007 -55.097 0.01826 0.997929 -0.0618651 -6.49092 0.812046 0.0212953 0.583286 83.4331
0.574035 -0.0598571 -0.816648 -56.1402 0.018166 0.99802 -0.0603771 -6.56322 0.818646 0.0198222 0.573979 84.1596
0.564404 -0.0600819 -0.823385 -57.1455 0.0179819 0.998017 -0.0605042 -6.64689 0.825338 0.0193394 0.564392 84.858
0.553439 -0.0617437 -0.830606 -58.1985 0.0173565 0.997897 -0.0626098 -6.736 0.832726 0.0202333 0.553341 85.5719
0.542326 -0.0638285 -0.837816 -59.2377 0.0176407 0.997767 -0.0646012 -6.82856 0.840017 0.020252 0.542269 86.2658
0.532713 -0.0655732 -0.843759 -60.3256 0.0177037 0.99765 -0.0663504 -6.91846 0.846128 0.0204072 0.532616 86.9284
0.521305 -0.0657055 -0.850915 -61.3716 0.0203704 0.997718 -0.0645674 -7.02184 0.853162 0.016323 0.521481 87.5991
0.510607 -0.066097 -0.857278 -62.4601 0.0213078 0.997719 -0.0642288 -7.11017 0.859568 0.0145281 0.510846 88.2458
0.501281 -0.0665496 -0.862801 -63.5674 0.0211952 0.997696 -0.0646461 -7.21012 0.86506 0.0141157 0.501565 88.8489
0.49309 -0.0680702 -0.867317 -64.6874 0.0200344 0.997571 -0.0668972 -7.29383 0.869763 0.0156094 0.493253 89.4223
0.484391 -0.0688462 -0.872213 -65.8083 0.0186123 0.997496 -0.0684042 -7.38948 0.874689 0.0168976 0.484485 89.9984
0.476004 -0.0697029 -0.876684 -66.9214 0.0172049 0.997414 -0.0699545 -7.49401 0.879292 0.0182146 0.47597 90.5635
0.46611 -0.069258 -0.882088 -68.0477 0.0155721 0.997432 -0.0700917 -7.5953 0.884625 0.0189315 0.466018 91.1576
0.456939 -0.0674398 -0.886945 -69.1911 0.0149889 0.997577 -0.0681245 -7.69351 0.889389 0.0178335 0.456841 91.742
0.448411 -0.066464 -0.89143 -70.3205 0.0161688 0.997683 -0.0662586 -7.78781 0.893717 0.0152948 0.448473 92.3153
0.439572 -0.0669579 -0.895716 -71.4489 0.0166874 0.997666 -0.0663846 -7.88407 0.898071 0.0142325 0.439663 92.8879
0.43203 -0.0702835 -0.899195 -72.6016 0.0188217 0.997457 -0.0689273 -7.9819 0.901699 0.0128515 0.432281 93.4348
0.424387 -0.0737725 -0.902481 -73.7689 0.0215314 0.99723 -0.0713872 -8.08841 0.905246 0.0108628 0.4248 93.9923
0.41752 -0.0767812 -0.905502 -74.9272 0.0220278 0.996999 -0.0743907 -8.18816 0.908436 0.011111 0.417988 94.5393
0.412126 -0.0799691 -0.907621 -76.101 0.0238409 0.996761 -0.0769916 -8.30629 0.910836 0.0100906 0.412699 95.0646
0.409259 -0.0816153 -0.908846 -77.2742 0.0255942 0.996639 -0.0779821 -8.40301 0.912096 0.00865117 0.410002 95.5502
0.405845 -0.0796953 -0.910471 -78.4557 0.0271947 0.996818 -0.0751258 -8.50536 0.913558 0.00572767 0.406722 96.0591
0.401867 -0.0773894 -0.912508 -79.6081 0.0303601 0.997012 -0.0711936 -8.62119 0.915231 0.000904407 0.403046 96.5708
0.400092 -0.0764688 -0.91329 -80.7786 0.0320495 0.997085 -0.0694397 -8.73654 0.915936 -0.00149022 0.401378 97.0527
0.397497 -0.0768842 -0.914464 -81.9569 0.0333815 0.997047 -0.0693253 -8.83548 0.917033 -0.00297138 0.398921 97.5511
0.3957 -0.076477 -0.915201 -83.1052 0.0341489 0.997077 -0.0685492 -8.93582 0.917766 -0.00413013 0.397156 98.0424
0.393984 -0.0758956 -0.916067 -84.2394 0.0350868 0.997112 -0.067528 -9.03342 0.918485 -0.00553873 0.395539 98.5323
0.392248 -0.0774343 -0.916606 -85.3994 0.037582 0.996982 -0.0681368 -9.12967 0.919114 -0.00772353 0.393975 99.0171
0.389895 -0.0778504 -0.917652 -86.537 0.0401327 0.996922 -0.0675318 -9.23091 0.920023 -0.0104989 0.39185 99.509
0.387959 -0.0770459 -0.918464 -87.6436 0.0425669 0.99695 -0.0656448 -9.32817 0.920717 -0.0136306 0.390056 99.9874
0.386218 -0.0762398 -0.919343 -88.7906 0.0442048 0.996976 -0.0641154 -9.42995 0.921389 -0.0158777 0.38845 100.454
0.385242 -0.0778141 -0.919543 -89.952 0.0457109 0.99684 -0.0651999 -9.52483 0.921707 -0.0169173 0.387582 100.912
0.382923 -0.0786848 -0.920515 -91.0587 0.0467512 0.996753 -0.065762 -9.6289 0.922638 -0.0178543 0.385387 101.393
0.382325 -0.0797875 -0.920591 -92.1653 0.0464839 0.996679 -0.0670725 -9.73114 0.922883 -0.0171509 0.384765 101.848
0.382339 -0.080985 -0.920559 -93.2248 0.0462311 0.996596 -0.0684813 -9.82492 0.922906 -0.0163762 0.38481 102.292
0.384061 -0.0806683 -0.919794 -94.2956 0.0441165 0.996657 -0.068984 -9.92623 0.922281 -0.0140856 0.386335 102.738
0.388143 -0.0807324 -0.918152 -95.3504 0.0423323 0.996682 -0.0697504 -10.0323 0.920669 -0.0117954 0.390301 103.189
0.392267 -0.0818513 -0.916222 -96.3824 0.0412973 0.996613 -0.0713476 -10.1221 0.918952 -0.00985163 0.394317 103.642
0.397825 -0.082139 -0.913871 -97.415 0.0410324 0.996596 -0.0717208 -10.2178 0.916585 -0.0089673 0.39987 104.098
0.404922 -0.0805692 -0.910816 -98.4658 0.039735 0.996737 -0.0705003 -10.3182 0.913518 -0.00764569 0.4068 104.552
0.412231 -0.0789903 -0.907743 -99.4963 0.0382378 0.996873 -0.0693896 -10.4204 0.910319 -0.00610699 0.41399 105.028
0.420549 -0.0781466 -0.903921 -100.475 0.0374489 0.996946 -0.0687619 -10.5126 0.906528 -0.00493475 0.422188 105.497
0.428534 -0.0769538 -0.900341 -101.453 0.0365821 0.997044 -0.0678158 -10.6128 0.902827 -0.00387679 0.430112 105.993
0.437362 -0.0772763 -0.895985 -102.446 0.0358888 0.997025 -0.0684683 -10.7131 0.898602 -0.0022118 0.438828 106.495
0.448808 -0.0805622 -0.890092 -103.447 0.0358282 0.996768 -0.0721615 -10.7814 0.892955 0.000493895 0.450273 106.962
0.461526 -0.0820522 -0.883354 -104.407 0.0351831 0.996642 -0.0741893 -10.8707 0.886463 0.00315995 0.462856 107.43
0.474184 -0.0805383 -0.876838 -105.34 0.0331119 0.996754 -0.0736556 -10.9587 0.879849 0.00588983 0.47534 107.923
0.486905 -0.0785884 -0.869943 -106.26 0.0323334 0.996901 -0.0719571 -11.0413 0.87289 0.00690673 0.487928 108.438
0.499291 -0.0769482 -0.863116 -107.243 0.0322728 0.997028 -0.0702272 -11.128 0.86588 0.00720571 0.500319 108.99
0.510994 -0.0768398 -0.856174 -108.151 0.0331645 0.997035 -0.0696848 -11.217 0.858978 0.00721266 0.512016 109.533
0.522803 -0.0778249 -0.849 -109.098 0.0338317 0.996953 -0.0705638 -11.3064 0.85183 0.00816481 0.523871 110.101
0.533899 -0.0796054 -0.841828 -110.027 0.0341798 0.996795 -0.072579 -11.3894 0.844894 0.0099753 0.534895 110.683
0.544691 -0.0819524 -0.834733 -110.908 0.0363809 0.996606 -0.0741155 -11.4726 0.837902 0.00999868 0.545849 111.261
0.555009 -0.0812862 -0.8279 -111.771 0.0368081 0.996658 -0.073177 -11.5732 0.831067 0.0101394 0.556131 111.852
0.565095 -0.0790238 -0.821344 -112.62 0.0364258 0.996842 -0.0708577 -11.6708 0.824277 0.0101202 0.566215 112.449
0.573925 -0.0758357 -0.815428 -113.438 0.0365145 0.997102 -0.0670293 -11.7639 0.818132 0.00869376 0.575014 113.059
0.585009 -0.0741018 -0.807749 -114.281 0.0356309 0.997225 -0.0656888 -11.853 0.810303 0.00964424 0.586051 113.641
0.595909 -0.0734575 -0.799727 -115.097 0.0348772 0.997256 -0.0656106 -11.9489 0.802334 0.0112047 0.596815 114.223
0.605603 -0.0729674 -0.792531 -115.896 0.0335775 0.997266 -0.0661695 -12.0399 0.795121 0.0134574 0.606419 114.834
0.616682 -0.0731822 -0.783848 -116.7 0.0333021 0.997225 -0.0669014 -12.1068 0.786549 0.0151517 0.617385 115.427
0.627863 -0.0710651 -0.775195 -117.46 0.0330136 0.997383 -0.064705 -12.1884 0.777691 0.0150303 0.628586 116.007
0.637076 -0.0697568 -0.767682 -118.188 0.0335706 0.997484 -0.0627766 -12.2595 0.770109 0.0142204 0.637791 116.62
0.644214 -0.0697473 -0.761787 -118.918 0.0353408 0.997511 -0.0614535 -12.3407 0.764101 0.0126639 0.645094 117.265
0.651522 -0.0688093 -0.755549 -119.646 0.0340674 0.99755 -0.0614694 -12.4184 0.757905 0.0143077 0.652244 117.911
0.658254 -0.0680481 -0.749843 -120.363 0.0337663 0.9976 -0.0609003 -12.4929 0.752113 0.0147651 0.65899 118.562
0.665812 -0.0654965 -0.743287 -121.068 0.032946 0.997772 -0.0584071 -12.5626 0.745433 0.0143982 0.666458 119.19
0.673616 -0.0619745 -0.736611 -121.756 0.0320731 0.998018 -0.0546474 -12.6432 0.738464 0.0131826 0.674284 119.813
0.679658 -0.06052 -0.731078 -122.42 0.0318067 0.998108 -0.0530541 -12.7152 0.732881 0.0128039 0.680268 120.465
0.687932 -0.0590474 -0.723504 -123.092 0.0311006 0.998196 -0.0519039 -12.7863 0.72519 0.0132015 0.688543 121.089
0.696542 -0.0564561 -0.715343 -123.746 0.0287712 0.998319 -0.0507728 -12.8432 0.716983 0.0147824 0.696964 121.709
0.706563 -0.0538407 -0.705736 -124.387 0.028441 0.998484 -0.0477094 -12.9013 0.707163 0.0136344 0.707038 122.327
0.71674 -0.0507322 -0.695548 -125.002 0.0268166 0.998641 -0.0452051 -12.9482 0.696871 0.0137461 0.717093 122.943
0.727436 -0.0497032 -0.684516 -125.607 0.0258665 0.998677 -0.0450361 -12.9879 0.685779 0.0150509 0.727774 123.573
0.738451 -0.0487944 -0.672598 -126.197 0.0241818 0.998676 -0.0459002 -13.0353 0.673921 0.0176286 0.738619 124.199
0.749286 -0.0494111 -0.660549 -126.733 0.0237185 0.998603 -0.0478044 -13.0864 0.661917 0.0201472 0.749425 124.828
0.760388 -0.0476354 -0.647783 -127.273 0.0225303 0.998663 -0.046991 -13.1366 0.64913 0.0211346 0.760408 125.473
0.77067 -0.0462336 -0.635707 -127.808 0.0225969 0.998746 -0.045253 -13.1859 0.636935 0.0205053 0.770762 126.146
0.780366 -0.0435951 -0.623877 -128.306 0.0226706 0.998907 -0.0414457 -13.2399 0.624974 0.0181965 0.780463 126.817
0.790534 -0.0423848 -0.611111 -128.846 0.0236058 0.998994 -0.0387621 -13.2889 0.612074 0.0162123 0.790753 127.529
0.800255 -0.0390622 -0.598468 -129.351 0.0225201 0.999154 -0.0351043 -13.3377 0.599304 0.0146119 0.800416 128.219
0.808291 -0.0388914 -0.587664 -129.862 0.024223 0.999192 -0.0328207 -13.3829 0.588402 0.0122894 0.808592 128.965
0.816587 -0.0390721 -0.575986 -130.311 0.0263705 0.999214 -0.0303992 -13.4289 0.576691 0.0096317 0.816933 129.588
0.823394 -0.0385666 -0.566329 -130.822 0.0261781 0.999232 -0.0299981 -13.4685 0.566991 0.0098705 0.823776 130.349
0.830206 -0.0380624 -0.556248 -131.282 0.0256302 0.999242 -0.0301255 -13.5031 0.556943 0.0107507 0.830508 131.077
0.836885 -0.0357491 -0.546384 -131.73 0.023572 0.999319 -0.0292912 -13.53 0.546994 0.0116293 0.837172 131.797
0.842719 -0.034494 -0.537347 -132.203 0.0223776 0.999352 -0.0290609 -13.5647 0.53797 0.0124625 0.8429 132.585
0.848897 -0.0354575 -0.52755 -132.644 0.0240885 0.999332 -0.0284178 -13.6066 0.52814 0.0114113 0.849198 133.31
0.853735 -0.0371361 -0.519488 -133.083 0.0255725 0.999266 -0.0294113 -13.641 0.520166 0.0118219 0.854011 134.074
0.858323 -0.037357 -0.511935 -133.532 0.0254082 0.999243 -0.0303299 -13.6691 0.512616 0.0130207 0.858635 134.837
0.861973 -0.0366259 -0.50574 -133.974 0.024981 0.999271 -0.0297948 -13.6986 0.506429 0.0130454 0.862211 135.604
0.865724 -0.0353867 -0.49946 -134.412 0.0262851 0.999362 -0.0252569 -13.7508 0.499972 0.00873312 0.866113 136.361
0.869861 -0.0310478 -0.492432 -134.874 0.0237496 0.999522 -0.0210726 -13.7807 0.492817 0.00663201 0.870134 137.135
0.873285 -0.028653 -0.486567 -135.303 0.0227645 0.999605 -0.0180199 -13.8105 0.486827 0.00465617 0.873605 137.93
0.876984 -0.0259863 -0.479933 -135.734 0.0209116 0.99968 -0.0159229 -13.8298 0.48016 0.0039249 0.877198 138.718
0.880808 -0.0246537 -0.473037 -136.184 0.0208436 0.999721 -0.0133047 -13.8574 0.473169 0.00185533 0.881088 139.536
0.884025 -0.0235295 -0.466968 -136.635 0.0211463 0.999749 -0.0103499 -13.8778 0.467061 -0.00072845 0.88425 140.408
0.887297 -0.0272479 -0.460604 -137.034 0.0271143 0.999636 -0.00691601 -13.8867 0.460561 -0.00635511 0.887724 141.221
0.891411 -0.0273134 -0.4525 -137.501 0.0275165 0.999629 -0.00613976 -13.8961 0.452465 -0.00698113 0.89178 142.11
0.895535 -0.0290211 -0.444261 -137.966 0.0293422 0.999578 -0.00616299 -13.9061 0.44419 -0.00751898 0.896019 143.004
0.900024 -0.0312496 -0.434853 -138.38 0.031379 0.999511 -0.00688897 -13.9199 0.43482 -0.00744783 0.900512 143.881
0.905583 -0.0336529 -0.423059 -138.816 0.0325956 0.999449 -0.00974463 -13.8944 0.423093 -0.0049682 0.90619 144.728
0.911755 -0.0350918 -0.409383 -139.294 0.0326335 0.999412 -0.0129964 -13.8958 0.409561 -0.00151257 0.912308 145.655
0.918987 -0.0334782 -0.393101 -139.73 0.0305113 0.999467 -0.0138053 -13.9081 0.393293 0.000689475 0.919528 146.554
0.926959 -0.0301981 -0.374113 -140.155 0.0276388 0.999572 -0.0122118 -13.9265 0.374283 0.000977003 0.92734 147.485
0.935 -0.0262976 -0.353932 -140.554 0.0249941 0.999683 -0.00826506 -13.9537 0.353979 -0.0011216 0.935368 148.451
0.940685 -0.0231799 -0.338669 -140.868 0.0223133 0.999759 -0.00646145 -13.9651 0.338699 -0.00148142 0.940914 149.497
0.947141 -0.020416 -0.320454 -141.156 0.0198074 0.99982 -0.00517207 -13.9829 0.320446 -0.00145203 0.947381 150.512
0.953817 -0.0189224 -0.3 -141.463 0.0189369 0.999846 -0.00287068 -13.9958 0.299969 -0.00294582 0.953965 151.539
0.959751 -0.0181643 -0.280554 -141.744 0.0190324 0.999847 0.000354792 -14.0086 0.280452 -0.00568283 0.959955 152.61
0.966096 -0.016544 -0.257904 -142.064 0.0180535 0.999863 0.00347179 -14.0003 0.257771 -0.00801301 0.966194 153.694
0.97188 -0.0155881 -0.235289 -142.368 0.0178287 0.999842 0.00738089 -13.9898 0.235086 -0.0113704 0.972007 154.846
0.976908 -0.0143759 -0.213495 -142.612 0.0171332 0.999825 0.0110519 -13.9903 0.213258 -0.0144573 0.976913 155.963
0.980655 -0.0142482 -0.195605 -142.769 0.0167395 0.999827 0.011066 -13.9806 0.195365 -0.0141284 0.980725 157.097
0.984413 -0.0159835 -0.175503 -142.955 0.0178511 0.999832 0.00904557 -13.973 0.175287 -0.01204 0.984464 158.257
0.987467 -0.0176977 -0.157305 -143.115 0.0193065 0.999806 0.00867761 -13.9668 0.157074 -0.0116079 0.987616 159.432
0.989948 -0.0195589 -0.140531 -143.235 0.0213235 0.999745 0.011035 -13.9671 0.140237 -0.0139231 0.990042 160.6
0.992236 -0.0204108 -0.123264 -143.329 0.0222125 0.999697 0.0132246 -13.9729 0.122912 -0.0158616 0.992386 161.763
0.994337 -0.0212561 -0.104747 -143.419 0.0230444 0.999642 0.0158572 -13.9798 0.104331 -0.0181836 0.994399 162.951
0.996101 -0.0210246 -0.0865106 -143.466 0.0226675 0.999613 0.0179998 -13.9862 0.0860556 -0.0198918 0.996188 164.115
0.997875 -0.0190633 -0.0633593 -143.618 0.0202919 0.999653 0.0187468 -13.9667 0.0629377 -0.0199948 0.997839 165.401
0.999039 -0.0171799 -0.0420667 -143.697 0.0179656 0.999705 0.0182514 -13.944 0.0417003 -0.0189909 0.999048 166.676
0.999648 -0.0175278 -0.0230451 -143.698 0.017929 0.999727 0.0171392 -13.9276 0.0226956 -0.0175484 0.999611 167.884
0.999871 -0.019036 -0.00606148 -143.676 0.0191322 0.999735 0.0152627 -13.9138 0.00573083 -0.0153783 0.999964 169.192
0.99981 -0.0157652 0.0163946 -143.715 0.0155528 0.999824 0.0133062 -13.908 -0.0166453 -0.0130504 0.999797 170.472
0.999331 -0.0171611 0.0346221 -143.667 0.0167435 0.999816 0.0125026 -13.9022 -0.0348669 -0.011916 0.999422 171.792
0.998619 -0.0175628 0.050841 -143.591 0.0170319 0.999831 0.0109685 -13.9011 -0.0510687 -0.0100889 0.998665 173.126
0.997563 -0.0175135 0.0686548 -143.486 0.0171318 0.999868 0.00624161 -13.9059 -0.0687891 -0.00505258 0.997717 174.435
0.996171 -0.0161944 0.0866719 -143.384 0.016261 0.999907 1.50502e-05 -13.906 -0.0867082 0.00139322 0.996259 175.801
0.994683 -0.0146019 0.102686 -143.229 0.0150866 0.999917 -0.00387197 -13.9318 -0.102653 0.00539741 0.994802 177.131
0.992955 -0.0119419 0.118443 -143.06 0.0129844 0.999923 -0.00797609 -13.9505 -0.118382 0.00945646 0.99295 178.496
0.99118 -0.00858128 0.132824 -142.842 0.00995146 0.999939 -0.0096014 -13.9812 -0.132763 0.010835 0.991189 179.843
0.988127 -0.0124946 0.153556 -142.68 0.0144635 0.999867 -0.011667 -13.9688 -0.153433 0.0137481 0.988092 181.176
0.98547 -0.0139628 0.169747 -142.445 0.0162632 0.999831 -0.0121189 -13.994 -0.169575 0.0146998 0.985513 182.562
0.978951 -0.0124168 0.204033 -142.425 0.0171616 0.999661 -0.0214648 -13.974 -0.203741 0.0245142 0.97875 183.866
0.975087 -0.0118436 0.221867 -142.14 0.0177919 0.999571 -0.024788 -14.0196 -0.221503 0.0281138 0.97486 185.233
0.972169 -0.0109389 0.234294 -141.755 0.0174152 0.999561 -0.0255563 -14.0432 -0.233954 0.0289247 0.971853 186.569
0.96912 -0.0106953 0.246703 -141.349 0.0178583 0.999517 -0.0267777 -14.0731 -0.246322 0.030352 0.96882 187.942
0.965733 -0.0084076 0.259648 -140.959 0.0163986 0.999499 -0.0285905 -14.1214 -0.259316 0.0318677 0.965307 189.242
0.963992 -0.0118986 0.265991 -140.644 0.0206495 0.999368 -0.0300895 -14.1819 -0.265488 0.0344936 0.963608 190.165
0.962313 -0.00838336 0.272044 -140.351 0.017435 0.999414 -0.0308373 -14.2222 -0.271665 0.0344171 0.961818 191.097
0.9602 -0.0118534 0.279372 -140.039 0.0222666 0.999205 -0.034094 -14.269 -0.278767 0.038952 0.95968 192.031
0.957462 -0.00973756 0.288612 -139.742 0.0217778 0.999063 -0.0385027 -14.3104 -0.288004 0.0431492 0.9567 192.967
0.952929 -0.0072538 0.303341 -139.452 0.0205965 0.998994 -0.0407773 -14.3496 -0.302758 0.0451009 0.952095 193.972
0.947277 -0.00527258 0.320563 -139.089 0.0195356 0.998997 -0.0412623 -14.3901 -0.320062 0.0453477 0.946355 195.032
0.939393 -0.00462069 0.343006 -138.644 0.0205957 0.998904 -0.0429168 -14.4566 -0.342447 0.0473754 0.938432 196.224
0.931969 -0.000150807 0.362705 -138.086 0.0176088 0.99888 -0.0447992 -14.5321 -0.362328 0.0481365 0.930853 197.581
0.92196 0.00596937 0.387421 -137.532 0.0137595 0.99878 -0.0481051 -14.59 -0.387249 0.0496756 0.920732 198.982
0.910823 0.00899458 0.412844 -136.919 0.0127907 0.998714 -0.0499491 -14.6681 -0.412796 0.0507735 0.909456 200.413
0.89843 0.011208 0.439144 -136.264 0.0130835 0.998583 -0.0522294 -14.7479 -0.439115 0.0526631 0.896987 201.885
0.885169 0.013627 0.465216 -135.576 0.0145165 0.998322 -0.0568371 -14.8343 -0.465241 0.0570609 0.883406 203.349
0.872785 0.0150687 0.48803 -134.884 0.0174443 0.997959 -0.0619908 -14.9081 -0.487972 0.0626103 0.870715 204.632
0.858288 0.0173264 0.512998 -134.187 0.0189923 0.997717 -0.0654485 -14.9915 -0.512992 0.0659139 0.855923 205.974
0.844729 0.0184583 0.535023 -133.435 0.0213947 0.997479 -0.0681752 -15.0909 -0.534933 0.0690281 0.842176 207.271
0.83346 0.0189871 0.552366 -132.592 0.0234337 0.997341 -0.0696179 -15.1939 -0.552248 0.0709647 0.830723 208.585
0.820196 0.0202581 0.571874 -131.697 0.0247234 0.997223 -0.0707689 -15.3189 -0.571716 0.0721739 0.817387 209.924
0.808085 0.0205094 0.588826 -130.798 0.0277183 0.99701 -0.0727447 -15.4354 -0.588581 0.075101 0.805027 211.204
0.796884 0.0213051 0.603902 -129.911 0.0303609 0.996743 -0.0752128 -15.5516 -0.60353 0.0782612 0.79361 212.421
0.784575 0.0230026 0.619703 -128.944 0.0332703 0.996359 -0.0790833 -15.6746 -0.619284 0.0826616 0.780882 213.721
0.771197 0.0254434 0.636228 -127.994 0.0346787 0.996079 -0.081856 -15.8026 -0.635805 0.0851802 0.767259 214.9
0.764891 0.0272864 0.643677 -126.977 0.0336296 0.996097 -0.0821672 -15.9257 -0.643422 0.0844916 0.760921 216.053
0.752671 0.0116524 0.658431 -125.988 0.0593015 0.994625 -0.0853775 -15.92 -0.655871 0.103296 0.7479 217.162
0.739431 0.0141906 0.673185 -125.03 0.0575521 0.994843 -0.0841661 -16.0334 -0.670917 0.100974 0.734729 218.293
0.723394 0.016324 0.690377 -123.998 0.0552 0.9952 -0.0813579 -16.1801 -0.688371 0.0969512 0.718983 219.464
0.708055 0.0191649 0.705996 -122.949 0.0523287 0.995517 -0.0794859 -16.3259 -0.704361 0.0932192 0.703806 220.56
0.692413 0.0227724 0.721279 -121.863 0.0523742 0.995327 -0.0816904 -16.4536 -0.719744 0.0943273 0.687946 221.682
0.676531 0.0269325 0.736015 -120.792 0.0502082 0.995377 -0.0825543 -16.5962 -0.734841 0.0927992 0.67198 222.717
0.659996 0.0276801 0.750893 -119.69 0.0512655 0.995382 -0.0817406 -16.7248 -0.74966 0.0924306 0.65549 223.726
0.643528 0.0277334 0.765014 -118.552 0.0503897 0.995699 -0.0784658 -16.8603 -0.763901 0.0890376 0.639294 224.672
0.627815 0.0257951 0.778067 -117.392 0.0515167 0.995933 -0.0745749 -16.9923 -0.776794 0.0868904 0.623893 225.572
0.609597 0.0248825 0.792409 -116.255 0.0514711 0.996213 -0.0708615 -17.1211 -0.79117 0.0839773 0.605942 226.459
0.591722 0.0243585 0.805903 -115.084 0.0529202 0.996265 -0.068957 -17.2403 -0.804537 0.0834398 0.588182 227.325
0.572119 0.0245215 0.819889 -113.93 0.0531889 0.996397 -0.0668992 -17.3652 -0.818571 0.0818774 0.56869 228.167
0.554348 0.0238947 0.832069 -112.779 0.0553068 0.996372 -0.0654493 -17.4798 -0.830575 0.0822883 0.550975 228.943
0.538644 0.0232741 0.842301 -111.583 0.0571633 0.996365 -0.0640698 -17.6041 -0.840721 0.0826519 0.535295 229.674
0.520525 0.0222085 0.853682 -110.406 0.0608179 0.996209 -0.0629888 -17.7149 -0.851805 0.0846936 0.51716 230.401
0.501643 0.020698 0.864916 -109.195 0.0626316 0.996282 -0.0601512 -17.8176 -0.862932 0.0843375 0.498423 231.11
0.483633 0.0209962 0.875141 -108.021 0.062259 0.996406 -0.0583015 -17.9231 -0.873177 0.0826694 0.480547 231.782
0.472668 0.0260238 0.880937 -107.175 0.0616819 0.996195 -0.0625073 -17.9824 -0.879197 0.0838755 0.469208 232.204
0.460146 0.0357 0.887244 -106.241 0.0574809 0.995948 -0.0698751 -18.0785 -0.886102 0.0831396 0.456188 232.713
0.440241 0.0441116 0.896873 -105.127 0.0560916 0.995551 -0.0764803 -18.1769 -0.896237 0.0839682 0.435756 233.32
0.421582 0.0494295 0.905561 -103.938 0.0521807 0.99559 -0.0786265 -18.2994 -0.905408 0.0803871 0.417102 233.911
0.40148 0.0523404 0.914447 -102.807 0.0490949 0.995764 -0.0785311 -18.4057 -0.91466 0.0764146 0.397158 234.485
0.381703 0.0544958 0.922795 -101.629 0.0450539 0.99603 -0.0774472 -18.5118 -0.923305 0.0711244 0.377691 235.028
0.362315 0.0562112 0.930433 -100.484 0.0431027 0.996164 -0.0769488 -18.6174 -0.931165 0.0679751 0.358454 235.529
0.343388 0.0554454 0.937673 -99.3291 0.042193 0.996392 -0.0743596 -18.7329 -0.938362 0.0650848 0.339769 235.992
0.325804 0.0555515 0.943879 -98.1536 0.0417055 0.99652 -0.0730281 -18.8525 -0.944621 0.0631489 0.322308 236.409
0.308151 0.0568679 0.949754 -96.9913 0.0426476 0.996437 -0.0734912 -18.9534 -0.950496 0.0631385 0.304589 236.796
0.291783 0.0610636 0.954608 -95.8057 0.0393226 0.996415 -0.0757396 -19.0586 -0.955776 0.0596282 0.288293 237.164
0.272766 0.0630156 0.960132 -94.5747 0.0396161 0.996327 -0.0766367 -19.1675 -0.961379 0.058928 0.269229 237.549
0.255966 0.0616728 0.964793 -93.4179 0.0385287 0.996585 -0.07391 -19.2687 -0.966018 0.0560815 0.252676 237.878
0.241435 0.0574291 0.968835 -92.232 0.0414444 0.996782 -0.0694045 -19.3716 -0.969645 0.0568967 0.238241 238.165
0.228998 0.0544705 0.971978 -91.0785 0.0428903 0.996965 -0.0659591 -19.4544 -0.972582 0.0567837 0.225927 238.425
0.216139 0.0520746 0.975094 -89.9304 0.044229 0.997085 -0.0630438 -19.5381 -0.975475 0.0567406 0.213169 238.699
0.205452 0.0517828 0.977374 -88.8141 0.0440045 0.997166 -0.0620655 -19.6412 -0.977777 0.0557508 0.202554 238.954
0.19731 0.0537377 0.97899 -87.7779 0.0427397 0.997131 -0.063339 -19.7385 -0.979522 0.0543259 0.194412 239.184
0.191636 0.0555473 0.979972 -86.6285 0.0415165 0.997111 -0.0646215 -19.835 -0.980688 0.0530588 0.188739 239.393
0.185204 0.0600288 0.980988 -85.5389 0.0404128 0.996878 -0.068623 -19.9312 -0.981982 0.0523403 0.182165 239.621
0.178914 0.0683217 0.981569 -84.4482 0.0395824 0.996345 -0.0765483 -20.0363 -0.983168 0.0525381 0.175521 239.839
0.174275 0.0712637 0.982237 -83.3563 0.0372803 0.996242 -0.0788866 -20.1327 -0.984103 0.0503526 0.170928 240.037
0.170406 0.0635731 0.983403 -82.291 0.038162 0.99681 -0.0710369 -20.2191 -0.984735 0.0496234 0.167401 240.241
0.165635 0.0534007 0.984864 -81.2405 0.0391597 0.997447 -0.0606601 -20.3215 -0.985522 0.0486016 0.163086 240.475
0.163007 0.0503841 0.98542 -80.2005 0.0391552 0.997646 -0.057471 -20.3981 -0.985949 0.0479426 0.160616 240.686
0.161262 0.0529233 0.985615 -79.1622 0.0380773 0.997542 -0.0597853 -20.4749 -0.986289 0.0471581 0.158816 240.896
0.160744 0.056273 0.985473 -78.1764 0.0376895 0.997362 -0.063084 -20.5514 -0.986377 0.0472724 0.158164 241.088
0.162433 0.0592827 0.985064 -77.1304 0.0351512 0.997271 -0.0658059 -20.6366 -0.986208 0.0453025 0.159871 241.269
0.163828 0.0611094 0.984677 -76.1182 0.031477 0.997314 -0.0671151 -20.7222 -0.986088 0.0419798 0.161429 241.462
0.167235 0.063604 0.983992 -75.0932 0.0305793 0.997161 -0.0696451 -20.8004 -0.985558 0.0417242 0.16478 241.639
0.171018 0.065696 0.983158 -74.0823 0.0281471 0.997106 -0.0715085 -20.8802 -0.984967 0.039892 0.168638 241.822
0.17629 0.0670767 0.982179 -73.1004 0.0264927 0.997051 -0.0728402 -20.9668 -0.984098 0.0388489 0.173957 242.007
0.183746 0.0661577 0.980829 -72.092 0.0260544 0.997119 -0.0721221 -21.0525 -0.982731 0.0387966 0.181457 242.184
0.184204 0.0553259 0.981459 -71.4753 0.028362 0.99776 -0.0615595 -21.1795 -0.982595 0.0391635 0.182186 242.318
0.15231 0.0464721 0.987323 -71.0953 0.00433853 0.998915 -0.0476729 -21.3129 -0.988425 0.011535 0.15191 242.521
0.159174 0.0472098 0.986252 -70.13 0.00618838 0.998849 -0.0488035 -21.3761 -0.987346 0.0138614 0.158664 242.691
0.165406 0.04757 0.985164 -69.1093 0.00530206 0.998842 -0.0491065 -21.432 -0.986315 0.013336 0.164929 242.883
0.172432 0.0468304 0.98404 -68.125 0.00427453 0.998885 -0.0482778 -21.4908 -0.985128 0.0125209 0.172005 243.062
0.179623 0.0454398 0.982773 -67.1189 0.00274987 0.998969 -0.0466773 -21.5496 -0.983837 0.0110769 0.179278 243.246
0.18743 0.0441245 0.98142 -66.1256 0.00353384 0.999016 -0.0455823 -21.6073 -0.982387 0.0120018 0.187055 243.423
0.194239 0.0445725 0.980029 -65.1577 0.00366293 0.998989 -0.0461469 -21.6675 -0.981052 0.0125435 0.193844 243.617
0.201381 0.0465958 0.978537 -64.2203 0.00480533 0.998872 -0.0485447 -21.7284 -0.979618 0.014468 0.200894 243.813
0.207944 0.0488055 0.977012 -63.2645 0.00497578 0.998752 -0.0509364 -21.7786 -0.978234 0.0154429 0.207405 244.026
0.21527 0.0510872 0.975352 -62.2915 0.00381993 0.998643 -0.0531422 -21.8383 -0.976665 0.0151554 0.214746 244.236
0.220946 0.0505812 0.974062 -61.3463 0.00220849 0.998689 -0.0523467 -21.9157 -0.975388 0.0137069 0.220507 244.474
0.227977 0.0497618 0.972531 -60.398 0.001964 0.998732 -0.0515549 -21.9864 -0.973785 0.0136532 0.227553 244.703
0.234184 0.0474112 0.971124 -59.4376 0.00168515 0.998852 -0.0491572 -22.0497 -0.972297 0.0131384 0.233796 244.942
0.240363 0.045521 0.969752 -58.4916 0.00171583 0.998942 -0.0473085 -22.1148 -0.970804 0.0130251 0.239992 245.188
0.247886 0.0453895 0.967815 -57.5641 0.00223401 0.998936 -0.0474071 -22.168 -0.968895 0.0139035 0.247481 245.421
0.255427 0.0464045 0.965854 -56.6364 0.00239387 0.998878 -0.0486164 -22.2271 -0.966948 0.01472 0.254991 245.668
0.262374 0.0464948 0.963937 -55.7174 0.00492502 0.998826 -0.049504 -22.2847 -0.965063 0.0177255 0.261795 245.925
0.269209 0.0487945 0.961986 -54.8142 0.00610602 0.998672 -0.0523567 -22.3335 -0.963186 0.0199582 0.268516 246.203
0.278389 0.051126 0.959199 -53.8988 0.00668333 0.99852 -0.0551471 -22.3925 -0.960555 0.0217522 0.277592 246.475
0.287136 0.0527838 0.956578 -52.9918 0.00645183 0.998416 -0.0570218 -22.4498 -0.957993 0.0225337 0.286301 246.768
0.294999 0.0518747 0.954182 -52.0649 0.00552106 0.998482 -0.0559756 -22.5133 -0.955593 0.02177 0.294219 247.047
0.301365 0.0505123 0.952315 -51.1451 0.00389141 0.998587 -0.0541909 -22.5788 -0.953626 0.0200264 0.300703 247.333
0.305297 0.0520039 0.950931 -50.2342 0.0012039 0.998551 -0.0549801 -22.6391 -0.952369 0.0179193 0.304746 247.635
