0.999995 -0.00235902 -0.00216948 0.00797591 0.00236652 0.999995 0.00306867 -0.0224899 0.00216303 -0.00307437 0.999995 1.56437
0.99999 -0.00300241 -0.00333087 -0.0093981 0.00301438 0.999989 0.00362593 -0.0337301 0.00331997 -0.00363603 0.999987 3.18075
0.999986 -0.0025263 -0.00465533 -0.0198447 0.00254053 0.999995 0.00285028 -0.0425132 0.00464896 -0.00286267 0.999989 4.75933
0.999988 -0.00179933 -0.00465259 -0.0645199 0.00180792 0.999997 0.00183442 -0.0465614 0.00464942 -0.001843 0.999987 6.35263
0.999982 -0.00162855 -0.00605293 -0.0969719 0.00164501 0.999998 0.00252764 -0.0667952 0.00604964 -0.00253817 0.999984 7.84382
0.999963 -0.00279555 -0.00774146 -0.101444 0.00280951 0.999995 0.0017941 -0.0696645 0.00773663 -0.00181603 0.999967 9.46279
0.999943 -0.00516605 -0.00970546 -0.124356 0.00517742 0.999988 0.00103059 -0.0860047 0.00970085 -0.00108148 0.99996 10.9807
0.999935 -0.00612414 -0.00929997 -0.175383 0.00613277 0.999982 0.000904977 -0.0981143 0.0092945 -0.000962112 0.999955 12.5401
0.999939 -0.00623669 -0.00940214 -0.208822 0.00624461 0.999981 0.000692079 -0.118509 0.00939854 -0.000751353 0.999963 14.0853
0.999924 -0.00645164 -0.0102407 -0.235495 0.0064666 0.999979 0.00143748 -0.146517 0.0102315 -0.00150372 0.999946 15.5646
0.999955 -0.00440721 -0.0085571 -0.296926 0.00441955 0.999991 0.00131529 -0.159507 0.00855181 -0.00135362 0.999968 17.0968
0.99996 -0.00299823 -0.00760545 -0.346881 0.00301227 0.999996 0.00187431 -0.172757 0.00759986 -0.00189738 0.999966 18.6251
0.999984 -0.00173272 -0.00535643 -0.409367 0.00174504 0.999998 0.00213444 -0.180529 0.00535337 -0.00214431 0.999989 20.1533
0.999984 -0.0019407 -0.0029955 -0.460086 0.00194543 0.999999 0.00165972 -0.192742 0.0029923 -0.00166574 0.999989 21.7106
0.999998 -0.000631 -0.00164641 -0.508883 0.000633978 1 0.00126765 -0.200765 0.00164624 -0.00126924 1 23.2723
0.999989 -0.00104368 -0.000208114 -0.535838 0.00104372 1 0.00124861 -0.208645 0.000206765 -0.001249 0.999994 24.8302
1 -0.000317034 0.000878191 -0.557279 0.000316114 1 0.00189222 -0.218066 -0.000878263 -0.00189245 1 26.3939
0.999989 -0.000833593 0.000698517 -0.562352 0.00083293 1 0.000667271 -0.242109 -0.000699187 -0.000666809 0.999995 27.8644
0.999992 -8.18351e-05 0.00426896 -0.628429 9.58382e-05 0.999998 -0.00311713 -0.233167 -0.00426832 0.00311693 0.999993 29.4498
0.99997 -0.00141448 0.00593172 -0.649129 0.0014301 0.999999 -0.00264255 -0.267579 -0.00592814 0.00265078 0.999974 30.9669
0.999971 -0.00239743 0.00745418 -0.668263 0.00240035 1 -0.000271876 -0.285886 -0.00745322 0.000289212 0.999981 32.4584
0.999942 -0.004456 0.00851517 -0.67676 0.00444836 0.999994 0.00090824 -0.310393 -0.00851932 -0.000870522 0.999959 33.8972
0.999935 -0.00480339 0.0104847 -0.705355 0.00480371 0.999992 7.44718e-05 -0.327847 -0.0104848 -2.47092e-05 0.999953 35.3523
0.999917 -0.00476458 0.0109358 -0.694281 0.00478463 0.999991 -0.00181693 -0.350594 -0.0109272 0.00186895 0.999935 36.7888
0.99991 -0.00349177 0.0130801 -0.712434 0.00352938 0.999994 -0.00278907 -0.3719 -0.0130702 0.00283431 0.999918 38.2216
0.999857 -0.00244198 0.0159358 -0.735384 0.00250285 0.999994 -0.00380652 -0.395611 -0.0159267 0.00384568 0.999861 39.6596
0.999836 -0.00186626 0.0179919 -0.741637 0.00191732 0.999999 -0.0027717 -0.422042 -0.0179866 0.00280511 0.999841 41.0099
0.999771 -0.000937415 0.0207598 -0.747884 0.000942888 1.00001 -0.000257678 -0.453727 -0.0207599 0.000276937 0.999781 42.3703
0.999707 -0.00176503 0.0241037 -0.750307 0.00174864 1 0.000734525 -0.477932 -0.024105 -0.000692828 0.999716 43.7104
0.999662 -0.00146819 0.0254343 -0.704733 0.00144018 1 0.00111422 -0.498152 -0.0254364 -0.00107739 0.999672 45.0472
0.999536 -0.00174488 0.0303081 -0.703107 0.00173688 1 0.000319151 -0.518149 -0.0303088 -0.000266915 0.999546 46.3733
0.99934 -0.00197413 0.0358454 -0.701961 0.00203401 1 -0.00163928 -0.536278 -0.0358427 0.00171098 0.999351 47.6854
0.999107 -0.00163844 0.042182 -0.699842 0.00179955 0.999996 -0.00376174 -0.555427 -0.0421756 0.00383363 0.99911 48.9814
0.998781 -0.00165895 0.048939 -0.67289 0.00184132 0.999996 -0.00368547 -0.570723 -0.0489332 0.003771 0.998786 50.3093
0.998466 -0.00140279 0.0552718 -0.61578 0.00163095 0.999995 -0.00406686 -0.594315 -0.0552659 0.00415008 0.998468 51.5888
0.997864 0.000603365 0.0649894 -0.589126 -0.000266812 0.999992 -0.00518585 -0.615706 -0.0649926 0.00515744 0.997862 52.8442
0.997473 0.00121528 0.0709206 -0.485856 -0.000849463 0.999991 -0.00517621 -0.640372 -0.0709263 0.00510231 0.997471 54.0696
0.996887 0.00127862 0.0785616 -0.382672 -0.000896385 0.999993 -0.00489952 -0.656622 -0.0785679 0.00481381 0.996888 55.2831
0.995976 0.00351615 0.0894844 -0.289461 -0.00309726 0.999988 -0.00481043 -0.676336 -0.0895006 0.00451335 0.995981 56.494
0.994683 0.00500433 0.102628 -0.169321 -0.00449862 0.999982 -0.00515821 -0.698515 -0.102653 0.00466904 0.994695 57.687
0.992877 0.00690192 0.118905 -0.0677666 -0.00636339 0.999974 -0.00490168 -0.719166 -0.118937 0.00410961 0.992899 58.8619
0.990682 0.00855811 0.135707 0.0762176 -0.00813099 0.999966 -0.00370133 -0.738612 -0.135735 0.00256331 0.990725 60.0516
0.988156 0.00829918 0.153197 0.239057 -0.00799209 0.99997 -0.0026158 -0.765265 -0.153215 0.00135996 0.988198 61.159
0.984365 0.00875296 0.175763 0.366132 -0.00818189 0.999965 -0.00397345 -0.77724 -0.175793 0.00247312 0.984409 62.3357
0.981214 0.00758628 0.192763 0.613671 -0.00686045 0.999974 -0.00442946 -0.808778 -0.192793 0.00302328 0.981244 63.3817
0.977486 0.00456812 0.210819 0.883346 -0.00384947 0.999991 -0.00381905 -0.842836 -0.210836 0.00292141 0.977502 64.4229
0.972364 0.000921757 0.233435 1.10952 -0.000662961 1.00001 -0.00118397 -0.874143 -0.233439 0.000996101 0.972375 65.4409
0.966503 -0.00535245 0.256473 1.3967 0.00565452 0.999991 -0.00043997 -0.882195 -0.256469 0.0018755 0.966533 66.5118
0.959736 -0.0105949 0.280677 1.69736 0.0115306 0.999942 -0.00167811 -0.89067 -0.280644 0.00484646 0.959804 67.5586
0.951979 -0.0158794 0.305662 2.02023 0.0179388 0.999835 -0.00392835 -0.89706 -0.305552 0.00922314 0.952116 68.5998
0.942529 -0.0186193 0.333594 2.33899 0.0207336 0.999789 -0.00277419 -0.921 -0.333474 0.00953081 0.942719 69.568
0.932674 -0.021518 0.360028 2.7308 0.0235441 0.999727 -0.00124113 -0.923045 -0.359906 0.00963427 0.932933 70.582
0.921716 -0.0256271 0.387019 3.11706 0.0272427 0.999637 0.00131587 -0.93727 -0.386913 0.00932996 0.922083 71.4996
0.909665 -0.0283649 0.414333 3.53976 0.031018 0.999525 0.000326369 -0.945714 -0.414147 0.0125553 0.91012 72.4002
0.896061 -0.027374 0.443087 3.97803 0.0321645 0.999487 -0.00329498 -0.96233 -0.442771 0.0172035 0.896485 73.2911
0.881797 -0.028422 0.470737 4.45154 0.0370085 0.999282 -0.0089917 -0.971209 -0.470145 0.0253509 0.882223 74.1551
0.866455 -0.0307 0.498313 4.93553 0.041603 0.999086 -0.0107838 -0.997133 -0.497528 0.0300741 0.866943 74.9816
0.849601 -0.0319836 0.526424 5.4339 0.0419648 0.999103 -0.00702637 -1.02087 -0.525728 0.0280616 0.850188 75.7817
0.831057 -0.0312108 0.555314 6.01971 0.0384434 0.999271 -0.00136735 -1.02855 -0.554866 0.0224836 0.831656 76.6199
0.809866 -0.0319789 0.585714 6.57273 0.0371338 0.999313 0.00321534 -1.05841 -0.585416 0.0191464 0.810504 77.3962
0.787003 -0.0250681 0.616445 7.16701 0.0330357 0.999465 -0.00153071 -1.06362 -0.616075 0.0215684 0.787415 78.1795
0.763402 -0.0175875 0.645654 7.78496 0.0301507 0.999517 -0.00842284 -1.07224 -0.645197 0.025898 0.76357 78.9317
0.7392 -0.0155662 0.673311 8.39664 0.0298523 0.999521 -0.00966482 -1.09384 -0.672835 0.0272432 0.739316 79.6206
0.714706 -0.0179146 0.699168 9.07007 0.0314815 0.999491 -0.00657167 -1.10422 -0.698697 0.0267086 0.714913 80.3046
0.689202 -0.0185356 0.724338 9.75195 0.0323525 0.999475 -0.00520616 -1.13028 -0.723859 0.0270212 0.689446 80.935
0.662615 -0.0163791 0.748756 10.4765 0.033515 0.999415 -0.00779715 -1.14264 -0.748194 0.0302622 0.662783 81.5798
0.635055 -0.0140191 0.772345 11.1968 0.0335384 0.999406 -0.00943562 -1.1662 -0.771752 0.0318943 0.635154 82.1756
0.606414 -0.011917 0.795038 11.9089 0.0322035 0.999444 -0.00958231 -1.18908 -0.794485 0.0314149 0.606466 82.7336
0.577839 -0.0104276 0.816091 12.7029 0.032686 0.999425 -0.010373 -1.20338 -0.81551 0.0326676 0.577853 83.2755
0.548419 -0.00362549 0.836175 13.5098 0.0313003 0.999387 -0.0161953 -1.22195 -0.835608 0.0350556 0.548203 83.7918
0.517721 0.00522891 0.855541 14.2892 0.0306744 0.999239 -0.0246695 -1.25413 -0.855015 0.0390138 0.517173 84.2486
0.486842 0.0139069 0.873359 15.1486 0.0300307 0.999025 -0.0326474 -1.27361 -0.872966 0.0421231 0.485955 84.7065
0.454362 0.0186179 0.89063 15.969 0.0275112 0.999026 -0.0349192 -1.31308 -0.890408 0.0403671 0.453414 85.1186
0.421728 0.0179444 0.906524 16.8386 0.0260216 0.999162 -0.0318829 -1.34782 -0.906343 0.0370363 0.420912 85.5152
0.387926 0.0166733 0.92155 17.7299 0.0213014 0.999423 -0.0270493 -1.37796 -0.921461 0.0301224 0.387354 85.8934
0.353604 0.0176809 0.935207 18.605 0.0173819 0.999533 -0.0254685 -1.41159 -0.93523 0.0252625 0.353136 86.2133
0.317849 0.0205411 0.947929 19.5243 0.0102713 0.999647 -0.0251063 -1.4394 -0.948103 0.0177157 0.317532 86.5303
0.282388 0.022512 0.959015 20.4808 0.00534821 0.999681 -0.0250405 -1.46342 -0.959283 0.0122009 0.282183 86.7944
0.246872 0.0220223 0.968809 21.4239 0.00281562 0.999735 -0.0234435 -1.489 -0.969062 0.00851465 0.246752 87.015
0.211259 0.0217033 0.977169 22.3916 0.00206925 0.99975 -0.0226513 -1.51518 -0.977427 0.00680788 0.211166 87.2026
0.176119 0.021198 0.984152 23.3637 0.00335529 0.999763 -0.0221354 -1.54165 -0.984382 0.00719988 0.176013 87.3556
0.140143 0.0194001 0.989922 24.3001 0.0061425 0.999781 -0.020462 -1.57825 -0.990113 0.00894887 0.139998 87.4935
0.105604 0.0184069 0.99425 25.2835 0.0145067 0.999708 -0.0200495 -1.61379 -0.994322 0.0165396 0.105312 87.5833
0.072313 0.021527 0.997131 26.2776 0.0167066 0.99961 -0.0227911 -1.64943 -0.997243 0.0183076 0.0719304 87.6375
0.0400793 0.0266127 0.998855 27.2876 0.0174957 0.999489 -0.0273325 -1.67994 -0.999065 0.0185702 0.0395992 87.662
0.0117213 0.0310219 0.999432 28.2553 0.0242397 0.999226 -0.0312985 -1.71328 -0.999639 0.0245939 0.0109654 87.6516
-0.0128539 0.02966 0.999491 29.1826 0.0262553 0.999241 -0.0293159 -1.74443 -0.999594 0.025864 -0.0136171 87.6166
-0.0357399 0.0266701 0.99899 30.2107 0.0279172 0.999291 -0.0256784 -1.78047 -0.998975 0.0269721 -0.0364539 87.5855
-0.0551725 0.0247137 0.998184 31.2223 0.0278077 0.999359 -0.0232066 -1.80824 -0.998112 0.0264757 -0.0558186 87.541
-0.0718136 0.0275982 0.997022 32.2284 0.0295795 0.999248 -0.0255282 -1.84664 -0.996984 0.0276591 -0.0725709 87.4632
-0.0864838 0.0316208 0.995765 33.2296 0.032885 0.999056 -0.0288703 -1.88613 -0.995734 0.0302479 -0.0874366 87.371
-0.0989361 0.0365706 0.994409 34.2278 0.037535 0.998762 -0.032995 -1.9296 -0.994392 0.034062 -0.100181 87.2759
-0.108046 0.0397785 0.993365 35.2387 0.0431607 0.998459 -0.0352894 -1.9754 -0.993233 0.0390603 -0.109591 87.1584
-0.114079 0.0446849 0.992455 36.2503 0.0471527 0.998119 -0.0395186 -2.02848 -0.992359 0.0422903 -0.115966 87.036
-0.118066 0.0492583 0.9918 37.2738 0.0489595 0.997857 -0.0437327 -2.08111 -0.991823 0.0433934 -0.120219 86.9135
-0.120772 0.0534644 0.991229 38.2822 0.0511443 0.997572 -0.0475734 -2.13612 -0.991369 0.0449521 -0.123208 86.7848
-0.123208 0.0564344 0.990793 39.2956 0.0514535 0.997416 -0.0504153 -2.19453 -0.991072 0.0447668 -0.125789 86.6466
-0.126352 0.0604205 0.990135 40.3007 0.0519765 0.997189 -0.0542166 -2.25025 -0.990631 0.0446152 -0.129132 86.5262
-0.128402 0.0636186 0.9897 41.3123 0.0534695 0.996948 -0.0571501 -2.32378 -0.990308 0.045579 -0.131406 86.3895
-0.132837 0.0651507 0.988988 42.3078 0.0556534 0.996768 -0.0581866 -2.39413 -0.989584 0.0473129 -0.136028 86.2868
-0.133983 0.0638198 0.988947 43.3562 0.0557737 0.996843 -0.0567757 -2.46198 -0.989441 0.0475485 -0.137114 86.1219
-0.135241 0.0636845 0.988757 44.4122 0.055119 0.996885 -0.0566674 -2.52517 -0.989289 0.0468372 -0.138325 85.9545
-0.136938 0.066435 0.98837 45.4693 0.0549977 0.996738 -0.0593799 -2.56943 -0.98908 0.0462252 -0.140138 85.799
-0.139909 0.0696902 0.987705 46.5398 0.0535868 0.996607 -0.0627262 -2.62129 -0.988723 0.0441533 -0.143164 85.6645
-0.143274 0.0725598 0.987041 47.6164 0.0520981 0.9965 -0.0656951 -2.68537 -0.988338 0.0420092 -0.146546 85.5214
-0.145 0.0756814 0.98653 48.6528 0.0502024 0.996365 -0.0690558 -2.76995 -0.988168 0.0395142 -0.148267 85.3602
-0.147808 0.0792897 0.985857 49.6883 0.0470127 0.99624 -0.073079 -2.86048 -0.987927 0.0355448 -0.150973 85.2245
-0.149652 0.0824101 0.985296 50.788 0.0445306 0.996088 -0.0765477 -2.92981 -0.987747 0.0324212 -0.152731 85.0402
-0.151629 0.0813784 0.985106 51.8808 0.0425867 0.99624 -0.0757458 -3.00823 -0.987548 0.030466 -0.154518 84.8502
-0.154416 0.0781329 0.984911 52.9848 0.0388948 0.996594 -0.0729605 -3.07567 -0.987251 0.0270424 -0.156924 84.67
-0.159054 0.0772073 0.984272 54.0656 0.0379373 0.996702 -0.0720548 -3.14919 -0.986571 0.0258788 -0.161452 84.5419
-0.160858 0.077854 0.983901 55.1499 0.0373735 0.996667 -0.0727528 -3.23204 -0.98628 0.0250697 -0.163227 84.3743
-0.162652 0.0808619 0.983391 56.2486 0.0384628 0.996419 -0.0755749 -3.31385 -0.985964 0.0255303 -0.165174 84.1969
-0.16307 0.0840226 0.983029 57.3337 0.0389399 0.996156 -0.0786839 -3.39593 -0.985856 0.0254488 -0.16571 84.0143
-0.163573 0.0845482 0.982927 58.4048 0.0379773 0.996142 -0.0793685 -3.48522 -0.98583 0.0243452 -0.166147 83.8334
-0.164008 0.0838938 0.982885 59.502 0.0345199 0.996273 -0.0792753 -3.56795 -0.985866 0.0209279 -0.166287 83.6697
-0.163595 0.0831447 0.983044 60.5784 0.0306854 0.996409 -0.0791721 -3.66389 -0.98608 0.0172119 -0.165553 83.4841
-0.163499 0.0844472 0.982923 61.7351 0.0269669 0.996358 -0.0811148 -3.75379 -0.986187 0.0132446 -0.165176 83.2941
-0.163683 0.0841562 0.982943 62.8406 0.0226692 0.996433 -0.0815396 -3.85303 -0.986282 0.00893509 -0.165001 83.1123
-0.163141 0.083384 0.983075 63.9529 0.0196936 0.996518 -0.0812552 -3.95171 -0.986419 0.00610456 -0.16421 82.9168
-0.163858 0.0789374 0.983348 65.0808 0.0194666 0.996879 -0.0767832 -4.03387 -0.986322 0.00656024 -0.164878 82.7396
-0.165741 0.0707035 0.983634 66.1972 0.0219837 0.997463 -0.0679931 -4.12048 -0.985938 0.0103548 -0.16687 82.5736
-0.16602 0.065709 0.983959 67.3314 0.0271169 0.997726 -0.0620563 -4.20455 -0.98578 0.0163779 -0.167419 82.3809
-0.165745 0.0683344 0.983802 68.4245 0.0356296 0.997381 -0.0632746 -4.28761 -0.985539 0.0245649 -0.16774 82.1962
-0.164693 0.074492 0.983558 69.5707 0.0409168 0.996824 -0.0686491 -4.36155 -0.985527 0.028936 -0.167212 81.9895
-0.163543 0.0804563 0.983254 70.6997 0.0442731 0.996285 -0.074158 -4.44602 -0.985557 0.0314035 -0.166492 81.7905
-0.163033 0.0848759 0.982992 71.8235 0.0451866 0.995913 -0.078501 -4.5392 -0.985615 0.0316174 -0.166197 81.6029
-0.163156 0.0820115 0.98319 72.9763 0.0422609 0.996228 -0.0760854 -4.63217 -0.985709 0.0291363 -0.166001 81.4157
-0.164272 0.0775565 0.983393 74.0869 0.041595 0.996586 -0.0716525 -4.73113 -0.985568 0.0291314 -0.166932 81.2681
-0.163651 0.0755621 0.983627 75.2693 0.0390435 0.996801 -0.0700782 -4.8172 -0.98576 0.0269347 -0.166074 81.0589
-0.163634 0.0757829 0.983639 76.4175 0.0365785 0.99685 -0.0707197 -4.90711 -0.985874 0.0244055 -0.165886 80.8755
-0.164041 0.0815519 0.983084 77.5781 0.036491 0.996421 -0.0765689 -4.98657 -0.985794 0.0233116 -0.166426 80.6884
-0.164454 0.0839229 0.982842 78.7214 0.0356484 0.996253 -0.0791074 -5.08312 -0.985772 0.0220249 -0.166826 80.5188
-0.163902 0.0830568 0.982982 79.9065 0.0358244 0.996318 -0.0782102 -5.1778 -0.985842 0.0223941 -0.166271 80.3091
-0.164903 0.0763891 0.983381 81.0619 0.0371684 0.996794 -0.0712021 -5.2764 -0.985642 0.0248067 -0.16721 80.1514
-0.164348 0.0747246 0.983578 82.2212 0.0368668 0.996921 -0.0695781 -5.37277 -0.985729 0.0248241 -0.166595 79.9473
-0.164468 0.0772407 0.983387 83.4063 0.0343153 0.9968 -0.0725588 -5.46932 -0.985819 0.021809 -0.166589 79.7581
-0.164382 0.0801554 0.983146 84.613 0.0338727 0.996589 -0.0755879 -5.56339 -0.985831 0.0208743 -0.166535 79.5585
-0.16466 0.0798643 0.983146 85.8247 0.0327366 0.996636 -0.0754812 -5.65549 -0.985841 0.0197534 -0.166717 79.3645
-0.164718 0.0762354 0.983401 87.0268 0.0324179 0.996915 -0.0718531 -5.75508 -0.985824 0.0200418 -0.16668 79.1697
-0.16427 0.0751124 0.983586 88.2301 0.0331518 0.99698 -0.0706024 -5.85028 -0.985893 0.021007 -0.16626 78.9756
-0.162794 0.0755658 0.983774 89.448 0.0346975 0.996911 -0.0708334 -5.94478 -0.986066 0.0226008 -0.164911 78.7634
-0.161989 0.0761827 0.983882 90.6641 0.0369519 0.99681 -0.0711038 -6.03379 -0.986135 0.0248352 -0.164284 78.5653
-0.161298 0.0753423 0.984038 91.8659 0.0368127 0.996873 -0.0702913 -6.13369 -0.986236 0.0248847 -0.163566 78.3731
-0.16026 0.0758945 0.984188 93.0861 0.0382009 0.996796 -0.0706502 -6.23055 -0.986371 0.0262713 -0.162642 78.1762
-0.15935 0.0738862 0.984467 94.3074 0.0384785 0.996929 -0.0685937 -6.32768 -0.986488 0.0269478 -0.161703 77.9797
-0.158088 0.072836 0.98477 95.5509 0.0369079 0.997041 -0.0678226 -6.42072 -0.98677 0.0256207 -0.160305 77.7807
-0.157284 0.071816 0.984953 96.7571 0.0382559 0.997074 -0.0665914 -6.51835 -0.986829 0.027204 -0.15957 77.5955
-0.155208 0.072781 0.985234 98.0128 0.0364448 0.997051 -0.0679169 -6.6074 -0.987246 0.0253621 -0.157399 77.3934
-0.153857 0.0749605 0.98526 99.2351 0.0373922 0.996874 -0.0700053 -6.70925 -0.987403 0.0260673 -0.156178 77.2024
-0.154342 0.0745316 0.985239 100.483 0.0345608 0.996974 -0.0700093 -6.79165 -0.987449 0.023242 -0.156447 77.034
-0.155858 0.0733677 0.985066 101.733 0.0306181 0.997146 -0.0694235 -6.88612 -0.987323 0.0193375 -0.157658 76.8743
-0.156592 0.0744027 0.984894 102.982 0.0278209 0.997121 -0.0709072 -6.97857 -0.987307 0.0162939 -0.158208 76.692
-0.155816 0.0739187 0.985032 104.223 0.0258162 0.997189 -0.0707477 -7.06761 -0.987468 0.014403 -0.157285 76.4767
-0.157959 0.0713093 0.984907 105.488 0.0227377 0.997413 -0.0685725 -7.16376 -0.98722 0.0115598 -0.159168 76.2978
-0.159744 0.0699014 0.984696 106.767 0.0206235 0.997538 -0.0674678 -7.25995 -0.986963 0.00952721 -0.16079 76.1081
-0.160563 0.0695207 0.984613 108.042 0.0188939 0.997576 -0.0673591 -7.35084 -0.986881 0.00778486 -0.161484 75.8984
-0.161827 0.0701323 0.984341 109.322 0.0190075 0.997537 -0.0679485 -7.44252 -0.986656 0.00771082 -0.16276 75.6886
-0.1642 0.0692498 0.984032 110.602 0.0187326 0.997597 -0.0670829 -7.53021 -0.986286 0.00741557 -0.165099 75.4845
-0.167502 0.0638244 0.983821 111.837 0.015412 0.997979 -0.0621201 -7.63152 -0.985771 0.00475409 -0.168145 75.2723
-0.170631 0.0641228 0.983287 113.077 0.0147452 0.99796 -0.0625255 -7.71633 -0.985261 0.00382723 -0.171225 75.0449
-0.175068 0.068874 0.982163 114.298 0.00941793 0.997652 -0.0682824 -7.81939 -0.984531 -0.00270757 -0.175304 74.8204
-0.181346 0.0720024 0.980822 115.56 0.0104474 0.997427 -0.0712947 -7.91574 -0.983401 -0.00268468 -0.181628 74.5843
-0.189737 0.06847 0.979464 116.869 0.0124464 0.997684 -0.0673337 -8.00855 -0.981776 -0.000588251 -0.190148 74.3198
-0.199829 0.0663448 0.977625 118.101 0.0147338 0.997822 -0.0647088 -8.11024 -0.979758 0.00147047 -0.200367 74.0557
-0.213503 0.0670448 0.974661 119.302 0.0148199 0.997783 -0.0653902 -8.21091 -0.976851 0.00047942 -0.21402 73.8084
-0.227504 0.0670113 0.971512 120.519 0.0168176 0.997777 -0.0648898 -8.30541 -0.97367 0.00157273 -0.22812 73.535
-0.242976 0.0650837 0.96787 121.739 0.0171236 0.997911 -0.0628068 -8.39619 -0.969904 0.00130888 -0.24358 73.2485
-0.257569 0.068375 0.963884 122.962 0.0218027 0.997679 -0.0649516 -8.48207 -0.966053 0.00428215 -0.258456 72.9187
-0.271678 0.0715502 0.95975 124.117 0.0223108 0.997465 -0.0680482 -8.58105 -0.962153 0.0029214 -0.272581 72.5733
-0.285963 0.0755294 0.955307 125.308 0.022636 0.997173 -0.072069 -8.67692 -0.958014 0.00101163 -0.286857 72.2095
-0.300761 0.073228 0.95091 126.514 0.0195613 0.997345 -0.0706189 -8.77688 -0.953522 -0.00264239 -0.301389 71.8215
-0.316592 0.067407 0.946211 127.709 0.0137454 0.997723 -0.0664827 -8.87221 -0.948505 -0.00804484 -0.316788 71.4393
-0.331091 0.0637425 0.941469 128.873 0.0105013 0.997936 -0.0638747 -8.96147 -0.943563 -0.0112656 -0.33107 71.023
-0.345348 0.0653619 0.936243 130.056 0.0088698 0.997784 -0.0663917 -9.0494 -0.938476 -0.0146266 -0.345153 70.5969
-0.358471 0.0675818 0.93112 131.22 0.00890996 0.997612 -0.06898 -9.13791 -0.933523 -0.0164349 -0.358209 70.1424
-0.372082 0.0701388 0.925596 132.378 0.0107238 0.99743 -0.0712767 -9.2299 -0.928182 -0.0165975 -0.371867 69.6897
-0.385496 0.0701649 0.920066 133.51 0.0128283 0.997449 -0.0706936 -9.32683 -0.922644 -0.015453 -0.385404 69.2089
-0.39808 0.0687408 0.914822 134.612 0.0129046 0.997541 -0.0693464 -9.41824 -0.917305 -0.0158027 -0.397976 68.7161
-0.412418 0.0674667 0.908523 135.732 0.0127584 0.997617 -0.0682939 -9.51479 -0.91093 -0.0165781 -0.412287 68.2129
-0.426378 0.0688833 0.90197 136.862 0.0114643 0.997459 -0.0707619 -9.60841 -0.904518 -0.0198333 -0.426071 67.6774
-0.440922 0.0711294 0.894755 137.941 0.0124692 0.997277 -0.0731379 -9.70421 -0.897485 -0.0210949 -0.440598 67.1571
-0.455279 0.0726414 0.887435 139.021 0.0139062 0.997157 -0.0744942 -9.80567 -0.890288 -0.021577 -0.45498 66.6076
-0.469668 0.0748382 0.879699 140.11 0.0165695 0.997006 -0.0759742 -9.91309 -0.882715 -0.0211102 -0.46949 66.034
-0.483601 0.0785564 0.871812 141.201 0.0166477 0.996643 -0.0805759 -10.0102 -0.875179 -0.0244551 -0.48327 65.4253
-0.497804 0.0812544 0.863509 142.262 0.0179657 0.996388 -0.0834039 -10.1095 -0.867132 -0.0260087 -0.497452 64.8095
-0.512245 0.0786957 0.855283 143.316 0.0168533 0.996557 -0.0816065 -10.2166 -0.858724 -0.0273901 -0.51179 64.1783
-0.526542 0.0745709 0.846909 144.362 0.0140552 0.996807 -0.0790346 -10.3203 -0.850061 -0.0297149 -0.525895 63.5009
-0.541888 0.0747232 0.837183 145.401 0.0137382 0.996729 -0.0800773 -10.4239 -0.840391 -0.0318932 -0.541123 62.8312
-0.558607 0.0739582 0.826165 146.487 0.0123149 0.996681 -0.0808996 -10.5218 -0.829369 -0.0350203 -0.557649 62.1483
-0.573415 0.0723929 0.816119 147.485 0.0117185 0.996747 -0.0801871 -10.6384 -0.81923 -0.0364183 -0.572378 61.433
-0.588156 0.0715877 0.80561 148.495 0.0105797 0.996706 -0.0808483 -10.7522 -0.808707 -0.0390315 -0.58696 60.7031
-0.602521 0.0712426 0.794978 149.523 0.0105133 0.996666 -0.0813546 -10.8578 -0.798085 -0.0406612 -0.60124 59.929
-0.617437 0.0689266 0.783633 150.541 0.0102936 0.996812 -0.0795704 -10.9619 -0.786583 -0.0410665 -0.61616 59.1499
-0.631614 0.0666071 0.772479 151.533 0.0106424 0.996991 -0.0772695 -11.0543 -0.775263 -0.0405846 -0.6304 58.3482
-0.644521 0.0651362 0.761849 152.467 0.0116188 0.997121 -0.0754259 -11.1605 -0.764531 -0.0397649 -0.643402 57.5341
-0.657757 0.0647775 0.750508 153.438 0.0117621 0.997095 -0.0757585 -11.2539 -0.753197 -0.0410041 -0.656583 56.6791
-0.670647 0.0669035 0.738797 154.372 0.01127 0.996766 -0.0800381 -11.3491 -0.741725 -0.0453541 -0.669211 55.8104
-0.683856 0.0667986 0.726623 155.284 0.00881098 0.996521 -0.0833243 -11.4396 -0.729624 -0.05058 -0.68204 54.9294
-0.698589 0.0643788 0.712656 156.208 0.00782298 0.996611 -0.0823646 -11.5467 -0.715505 -0.0519676 -0.696702 54.0351
-0.714201 0.057456 0.69765 157.137 0.00468512 0.997034 -0.0773215 -11.656 -0.699985 -0.0519551 -0.712324 53.1042
-0.729513 0.0555461 0.681754 158 0.00469037 0.99712 -0.0762255 -11.7677 -0.683988 -0.0524126 -0.727646 52.1622
-0.747337 0.0525504 0.662438 158.913 0.00287753 0.997155 -0.0758625 -11.8737 -0.664501 -0.0547892 -0.745332 51.2086
-0.762413 0.0487497 0.6453 159.739 6.53023e-05 0.997205 -0.0752614 -11.9872 -0.647131 -0.057341 -0.760255 50.1918
-0.777205 0.0477879 0.627512 160.554 0.00100366 0.997246 -0.074708 -12.0882 -0.629316 -0.0574339 -0.775081 49.1607
-0.792083 0.0502957 0.608389 161.327 0.0036265 0.997011 -0.0777059 -12.1945 -0.610445 -0.0593458 -0.789866 48.1541
-0.806387 0.0500976 0.589347 162.1 0.00715112 0.997201 -0.0749888 -12.3021 -0.591416 -0.0562562 -0.804455 47.0925
-0.820056 0.0520917 0.569964 162.85 0.0114503 0.997184 -0.0746676 -12.4062 -0.572217 -0.0547081 -0.818309 46.0087
-0.832801 0.0546975 0.550958 163.565 0.013817 0.996893 -0.0780911 -12.5009 -0.553481 -0.0574222 -0.830934 44.8812
-0.84799 0.0561888 0.527092 164.314 0.0152978 0.996587 -0.0816316 -12.6142 -0.52985 -0.0611617 -0.845918 43.8023
-0.859252 0.0575594 0.508406 164.96 0.0183101 0.996516 -0.0818832 -12.7199 -0.511315 -0.0610497 -0.857276 42.6562
-0.869932 0.0566569 0.489975 165.591 0.0200872 0.996667 -0.0795874 -12.8292 -0.492824 -0.0593956 -0.868133 41.5245
-0.879495 0.0585274 0.472407 166.205 0.0229093 0.996509 -0.0808168 -12.946 -0.475455 -0.0602555 -0.877727 40.3517
-0.88652 0.0611629 0.458704 166.761 0.0245076 0.996082 -0.0854565 -13.0418 -0.462107 -0.0645192 -0.884507 39.2149
-0.895332 0.0588098 0.44162 167.346 0.0226475 0.996017 -0.0867319 -13.1591 -0.444932 -0.0676518 -0.893059 38.0638
-0.899189 0.0559392 0.434052 167.844 0.0208451 0.996187 -0.0852088 -13.2708 -0.437139 -0.0675728 -0.896886 36.9232
-0.905624 0.0531188 0.420873 168.391 0.0193821 0.996319 -0.0840496 -13.425 -0.423755 -0.0679589 -0.903282 35.6647
-0.911361 0.0510721 0.408527 168.906 0.0188428 0.996453 -0.0825443 -13.5637 -0.41127 -0.0675311 -0.909047 34.4452
-0.916775 0.0482251 0.396621 169.392 0.0173784 0.996608 -0.0810173 -13.6923 -0.39915 -0.067381 -0.914464 33.2206
-0.921723 0.0433601 0.385525 169.854 0.0149961 0.997017 -0.0762906 -13.8153 -0.387659 -0.0645385 -0.91958 32.0184
-0.92641 0.039645 0.37457 170.343 0.0136367 0.99737 -0.0718453 -13.9417 -0.376401 -0.0614497 -0.924474 30.7727
-0.930284 0.0399479 0.364774 170.798 0.0163406 0.997624 -0.0675898 -14.0576 -0.366585 -0.0569182 -0.928681 29.5615
-0.933091 0.0439045 0.357107 171.287 0.0205906 0.997464 -0.068842 -14.1664 -0.359192 -0.0568823 -0.931588 28.279
-0.934267 0.0490762 0.353289 171.661 0.0262691 0.99731 -0.0690796 -14.2793 -0.355705 -0.0552599 -0.932998 27.0974
-0.934982 0.0522998 0.350977 172.073 0.0295076 0.99716 -0.0699933 -14.4047 -0.353608 -0.0550857 -0.93383 25.8026
-0.936691 0.0495229 0.346748 172.523 0.0271967 0.997294 -0.0689751 -14.5006 -0.349201 -0.0551795 -0.935457 24.5769
-0.93863 0.0422122 0.342501 172.991 0.0211549 0.99771 -0.0650004 -14.6014 -0.344428 -0.0537651 -0.937335 23.3336
-0.940401 0.0359849 0.338273 173.445 0.0157376 0.997971 -0.0624213 -14.7038 -0.33981 -0.0533788 -0.939013 22.0913
-0.941819 0.0298296 0.334967 173.885 0.00897275 0.997981 -0.0636552 -14.7974 -0.336157 -0.056945 -0.940145 20.836
-0.942916 0.0274642 0.332013 174.325 0.00571292 0.997828 -0.0663261 -14.891 -0.333091 -0.0606443 -0.940977 19.593
-0.943766 0.0282969 0.329577 174.762 0.00584302 0.997653 -0.0689363 -14.9869 -0.330722 -0.0631324 -0.941679 18.3804
-0.94393 0.0291188 0.32898 175.2 0.00622826 0.997544 -0.0704348 -15.0949 -0.3302 -0.0644375 -0.941745 17.1277
-0.943653 0.0321018 0.329548 175.625 0.00877262 0.997412 -0.0720504 -15.1985 -0.330974 -0.065098 -0.941457 15.8878
-0.943703 0.0331936 0.329247 176.066 0.00906039 0.997222 -0.0745775 -15.2933 -0.330783 -0.0673968 -0.941334 14.6818
-0.943456 0.0341478 0.32991 176.505 0.00938815 0.997086 -0.076368 -15.4036 -0.331523 -0.0689507 -0.94099 13.4499
-0.942435 0.0354211 0.332633 176.933 0.0105502 0.997078 -0.0762949 -15.5116 -0.334339 -0.0683942 -0.940007 12.2104
-0.941189 0.0357654 0.33616 177.361 0.0107687 0.997104 -0.0759463 -15.6281 -0.337868 -0.0678578 -0.938811 10.9624
-0.939655 0.0347631 0.340472 177.804 0.00922743 0.997089 -0.076349 -15.7308 -0.342109 -0.0686008 -0.937191 9.74146
-0.937987 0.0338089 0.34519 178.259 0.00853536 0.997236 -0.0744888 -15.8307 -0.34672 -0.0669213 -0.935644 8.52845
-0.935849 0.0330155 0.35097 178.684 0.00822574 0.997428 -0.0719038 -15.9201 -0.352415 -0.0644052 -0.933664 7.38442
-0.933193 0.0309633 0.358224 179.164 0.00653981 0.99763 -0.0692057 -16.0241 -0.359481 -0.0622368 -0.931151 6.14607
-0.930349 0.0334397 0.365262 179.639 0.00870692 0.997618 -0.0691642 -16.1273 -0.366677 -0.0611677 -0.928376 4.93431
-0.926814 0.0337623 0.374179 180.121 0.00835668 0.997609 -0.0693266 -16.2326 -0.375586 -0.0611231 -0.924847 3.72208
-0.923054 0.0372188 0.382976 180.654 0.0101542 0.99737 -0.0724625 -16.3247 -0.384637 -0.0629993 -0.920957 2.50821
-0.918928 0.0387012 0.392694 181.152 0.0112378 0.997391 -0.0720092 -16.4227 -0.394417 -0.0617554 -0.916933 1.33803
-0.914145 0.0404071 0.403473 181.675 0.0117795 0.997299 -0.0731973 -16.5343 -0.405312 -0.0621616 -0.912106 0.173037
-0.908263 0.0428826 0.416367 182.23 0.0127101 0.997154 -0.0749847 -16.6355 -0.418356 -0.0628104 -0.906192 -1.02082
-0.90198 0.0457635 0.429439 182.784 0.0144144 0.997057 -0.0759838 -16.7316 -0.431618 -0.0623472 -0.899946 -2.18475
-0.895652 0.0451675 0.442626 183.35 0.0136777 0.997208 -0.074094 -16.8383 -0.444693 -0.0603048 -0.893739 -3.34641
-0.888891 0.0483906 0.455642 183.938 0.0157739 0.997102 -0.0751285 -16.9423 -0.457921 -0.0595955 -0.88704 -4.49448
-0.881603 0.0508566 0.469404 184.554 0.0181265 0.997145 -0.0740007 -17.0562 -0.471783 -0.0567275 -0.879979 -5.67082
-0.874218 0.0530406 0.482709 185.156 0.020979 0.997266 -0.0715914 -17.1651 -0.48515 -0.0524615 -0.872904 -6.7844
-0.866099 0.0553291 0.496962 185.832 0.0239713 0.997363 -0.0692759 -17.2687 -0.499436 -0.0480842 -0.865112 -7.94519
-0.857881 0.0576627 0.510679 186.509 0.0259035 0.997327 -0.0691018 -17.3679 -0.513259 -0.0460546 -0.857049 -9.06904
-0.848932 0.0599502 0.525239 187.174 0.0281257 0.997318 -0.0683844 -17.4805 -0.527878 -0.0432791 -0.848313 -10.1539
-0.836873 0.0672003 0.543329 187.829 0.0402299 0.997358 -0.0613943 -17.5809 -0.545977 -0.0295232 -0.837334 -11.2078
-0.825306 0.0699513 0.560473 188.519 0.0428616 0.997249 -0.06136 -17.6766 -0.563172 -0.0266173 -0.826008 -12.2648
-0.814038 0.074477 0.576082 189.237 0.0473503 0.997004 -0.0619893 -17.7295 -0.578932 -0.0231863 -0.815099 -13.2545
-0.802975 0.0777471 0.591051 190.022 0.0500916 0.996806 -0.0630785 -17.8058 -0.594014 -0.0210435 -0.80428 -14.2581
-0.790942 0.0819618 0.606439 190.818 0.0538281 0.996518 -0.0644797 -17.8794 -0.609571 -0.0183589 -0.792574 -15.2386
-0.778676 0.0849474 0.621776 191.598 0.0572541 0.996336 -0.0644287 -17.9414 -0.624914 -0.0145705 -0.780661 -16.1643
-0.764285 0.0873616 0.638992 192.408 0.0596295 0.996165 -0.0648732 -18.0235 -0.642161 -0.0114819 -0.766541 -17.1186
-0.748277 0.0908642 0.657254 193.225 0.0622446 0.995881 -0.0668239 -18.1124 -0.660558 -0.00909358 -0.750827 -18.0267
-0.729715 0.0934767 0.677386 194.038 0.0619805 0.99563 -0.0706255 -18.2035 -0.68098 -0.00955503 -0.7323 -18.9568
-0.711063 0.0945716 0.696854 194.885 0.0618465 0.995545 -0.0720097 -18.3073 -0.700497 -0.00810688 -0.713723 -19.8498
-0.691287 0.0944915 0.716425 195.75 0.0610901 0.99556 -0.0723615 -18.4135 -0.720032 -0.00625945 -0.693975 -20.7155
-0.671669 0.0937492 0.735005 196.636 0.0593887 0.995642 -0.0727316 -18.5207 -0.738556 -0.00520241 -0.674293 -21.5214
-0.649904 0.0946858 0.754143 197.529 0.0587412 0.995554 -0.0743742 -18.629 -0.757781 -0.00404007 -0.652564 -22.3233
-0.628548 0.0943826 0.772128 198.465 0.0565383 0.995587 -0.0756822 -18.7348 -0.775799 -0.00391699 -0.631098 -23.107
-0.606346 0.0941985 0.789648 199.414 0.0552611 0.995605 -0.0763339 -18.8402 -0.793317 -0.00265103 -0.608877 -23.864
-0.582799 0.0938887 0.807277 200.381 0.0556006 0.995641 -0.0756658 -18.9541 -0.810796 0.000784585 -0.58547 -24.589
-0.558465 0.0941544 0.824211 201.363 0.0557003 0.995607 -0.0759929 -19.0695 -0.827694 0.00346614 -0.561251 -25.2657
-0.532547 0.0975071 0.840865 202.373 0.0568795 0.995278 -0.0793991 -19.1706 -0.84457 0.00554119 -0.535573 -25.926
-0.50601 0.0984011 0.856939 203.395 0.0562717 0.995177 -0.0810472 -19.2733 -0.860728 0.00720716 -0.509105 -26.5382
-0.478061 0.0971673 0.873033 204.455 0.0537106 0.995295 -0.0813731 -19.3804 -0.876764 0.00798659 -0.481028 -27.1448
-0.45062 0.0958533 0.887597 205.512 0.0504326 0.995421 -0.0818939 -19.4715 -0.891329 0.00785735 -0.453393 -27.6898
-0.420957 0.0982321 0.901843 206.584 0.0496349 0.995183 -0.0852404 -19.5691 -0.905804 0.00887697 -0.423806 -28.1984
-0.38818 0.0998592 0.916198 207.665 0.0495593 0.994992 -0.0874498 -19.693 -0.920289 0.0114562 -0.391192 -28.6935
-0.3538 0.100045 0.930048 208.758 0.0503857 0.994916 -0.0878653 -19.8238 -0.934044 0.0157701 -0.357049 -29.156
-0.321703 0.100705 0.941509 209.896 0.051217 0.994778 -0.0889027 -19.9368 -0.945494 0.0196169 -0.325193 -29.5591
-0.288061 0.100113 0.952456 211.053 0.0488557 0.994818 -0.0897994 -20.0534 -0.956446 0.0206604 -0.29147 -29.9415
-0.253922 0.0993364 0.962148 212.186 0.0495848 0.994796 -0.0896215 -20.1671 -0.965995 0.024947 -0.257542 -30.2541
-0.219246 0.0973224 0.970893 213.353 0.0492617 0.994904 -0.0886148 -20.291 -0.974508 0.0283939 -0.222937 -30.537
-0.184113 0.0959126 0.978252 214.52 0.0485661 0.994956 -0.0884105 -20.4105 -0.981749 0.0312281 -0.187862 -30.778
-0.149289 0.0955786 0.984252 215.704 0.0471328 0.994929 -0.0894763 -20.5219 -0.987753 0.0330269 -0.153055 -30.9699
-0.113889 0.095219 0.988958 216.882 0.0460621 0.994888 -0.0904861 -20.6344 -0.992472 0.0352438 -0.117717 -31.1185
-0.0778697 0.0954197 0.992475 218.059 0.0450446 0.994786 -0.0921176 -20.7484 -0.996031 0.0375259 -0.0817828 -31.2301
-0.0419225 0.0962389 0.994514 219.268 0.0423274 0.994684 -0.0944717 -20.8668 -0.998273 0.0381302 -0.0458019 -31.3061
-0.00719137 0.0962449 0.995421 220.477 0.0398796 0.99465 -0.0958924 -20.9817 -0.999267 0.0390004 -0.0110157 -31.3314
0.0269172 0.0959221 0.995064 221.677 0.0371132 0.994661 -0.0968877 -21.1021 -0.998999 0.0395335 0.0231808 -31.317
0.0604759 0.096636 0.993569 222.862 0.033956 0.994584 -0.0988118 -21.2248 -0.997682 0.0397061 0.0568392 -31.2657
0.0943163 0.0957661 0.990966 224.059 0.0340993 0.994525 -0.0993561 -21.3604 -0.995011 0.0431577 0.0904979 -31.1817
0.127201 0.0934018 0.98756 225.23 0.0343096 0.994604 -0.0984974 -21.4886 -0.991376 0.0464038 0.123279 -31.0512
0.157652 0.0919828 0.983246 226.413 0.0335956 0.994636 -0.098436 -21.6226 -0.98698 0.0485466 0.153676 -30.8693
0.186946 0.0918337 0.978161 227.599 0.0339565 0.99448 -0.0998662 -21.7518 -0.981879 0.051876 0.182763 -30.6422
0.216752 0.0905968 0.972059 228.767 0.0347052 0.994399 -0.100419 -21.8908 -0.975669 0.0554969 0.21235 -30.3879
0.245511 0.0902533 0.965277 229.921 0.0351952 0.994228 -0.101923 -22.0123 -0.968855 0.0589868 0.240881 -30.0905
0.275106 0.0881795 0.957408 231.107 0.0362733 0.994183 -0.101991 -22.1535 -0.960792 0.0627819 0.27026 -29.7646
0.30588 0.0864516 0.948232 232.277 0.0370259 0.994093 -0.102588 -22.2917 -0.951453 0.0664785 0.300834 -29.4197
0.336114 0.0852223 0.938006 233.422 0.0381135 0.993911 -0.10396 -22.4308 -0.941115 0.0706884 0.330768 -29.0398
0.363776 0.0831269 0.927869 234.525 0.0380935 0.993908 -0.103989 -22.5747 -0.930814 0.0731637 0.358353 -28.6083
0.39048 0.0809344 0.917096 235.627 0.0376565 0.993951 -0.103752 -22.7138 -0.919909 0.0750429 0.385016 -28.1353
0.418517 0.0806555 0.904723 236.742 0.0360559 0.993847 -0.105291 -22.846 -0.907604 0.0766754 0.412991 -27.6349
0.447725 0.0821102 0.890446 237.852 0.0353285 0.993435 -0.109372 -22.9823 -0.893546 0.0804217 0.441827 -27.1156
0.476749 0.0836745 0.875157 238.947 0.0342888 0.99299 -0.113632 -23.1227 -0.87849 0.0841689 0.470494 -26.5623
0.504124 0.0812773 0.859854 240.007 0.0345473 0.992927 -0.114113 -23.2697 -0.863016 0.0872273 0.497691 -25.9715
0.529731 0.0781496 0.844673 241.03 0.0338996 0.99306 -0.113151 -23.4276 -0.847613 0.0885605 0.52336 -25.3336
0.554199 0.0754185 0.829017 242.03 0.0319505 0.993285 -0.111724 -23.585 -0.83185 0.0883996 0.548007 -24.6655
0.575169 0.0765401 0.814567 243.01 0.0284676 0.993198 -0.11344 -23.7253 -0.817671 0.0884225 0.56903 -23.9553
0.595248 0.0764528 0.799958 244.004 0.0258306 0.993187 -0.114144 -23.8792 -0.80321 0.0886014 0.589155 -23.2041
0.613788 0.0754362 0.785983 244.976 0.023602 0.993287 -0.113778 -24.0287 -0.789254 0.0883729 0.607839 -22.4369
0.632646 0.0729337 0.771064 245.968 0.0222004 0.993498 -0.112192 -24.1759 -0.77421 0.0880903 0.626849 -21.6492
0.651293 0.0695956 0.755758 246.993 0.0225429 0.993632 -0.110942 -24.3204 -0.758634 0.0892791 0.645527 -20.835
0.667991 0.0673943 0.741182 247.946 0.0222153 0.993701 -0.110381 -24.4608 -0.743932 0.0901936 0.66222 -20.0127
0.681821 0.0643969 0.728815 248.816 0.0235443 0.993731 -0.109846 -24.6121 -0.731289 0.0920403 0.675981 -19.1688
0.697786 0.0639902 0.713516 249.738 0.0220143 0.993676 -0.110649 -24.7548 -0.716065 0.0929115 0.691898 -18.3106
0.711617 0.0621997 0.699952 250.578 0.0222547 0.99364 -0.110939 -24.8952 -0.702372 0.0945086 0.705656 -17.4317
0.725678 0.059819 0.68551 251.436 0.0210318 0.993882 -0.108998 -25.0328 -0.687816 0.0935088 0.719911 -16.5285
0.740047 0.0569207 0.670295 252.296 0.0201035 0.994158 -0.106635 -25.1813 -0.672423 0.0923752 0.734527 -15.617
0.754738 0.0543609 0.653856 253.151 0.0198431 0.994276 -0.105574 -25.3292 -0.655835 0.0926494 0.749269 -14.6827
0.767525 0.053212 0.638969 253.93 0.0199218 0.994152 -0.106737 -25.4842 -0.640887 0.094638 0.761923 -13.7351
0.78053 0.0514599 0.623088 254.758 0.0197752 0.994138 -0.106883 -25.6387 -0.62492 0.0957412 0.774865 -12.7495
0.792244 0.0505268 0.60828 255.541 0.0181365 0.994242 -0.106226 -25.7913 -0.610122 0.0951737 0.786712 -11.7584
0.800891 0.0470203 0.597056 256.252 0.0184894 0.99456 -0.103134 -25.9447 -0.598642 0.0936325 0.795592 -10.7016
0.809098 0.0440867 0.586194 256.947 0.0192208 0.99473 -0.101359 -26.099 -0.587552 0.0932619 0.803932 -9.64465
0.818206 0.0444128 0.57331 257.704 0.0180448 0.994603 -0.10281 -26.2319 -0.574767 0.0944594 0.812916 -8.55222
0.827829 0.0410072 0.559668 258.462 0.0217218 0.994305 -0.105001 -26.3739 -0.560763 0.0990643 0.822169 -7.48232
0.836161 0.0382606 0.54726 259.17 0.0222847 0.994437 -0.103582 -26.5201 -0.548166 0.0988003 0.830583 -6.40876
0.843966 0.0344896 0.535485 259.882 0.0243477 0.994511 -0.102447 -26.6694 -0.536058 0.0994836 0.838437 -5.32367
0.850287 0.032966 0.525398 260.561 0.0245399 0.994534 -0.102127 -26.8185 -0.52588 0.0997242 0.844757 -4.21643
0.855954 0.0308836 0.51633 261.26 0.0250991 0.994629 -0.101119 -26.9679 -0.516665 0.0994973 0.850518 -3.06495
0.859616 0.0295205 0.510202 261.947 0.0247716 0.994815 -0.0993076 -27.115 -0.510475 0.0979991 0.854355 -1.87199
0.862069 0.0290625 0.506164 262.603 0.0239639 0.994973 -0.0979607 -27.2552 -0.506453 0.096564 0.856974 -0.741944
0.864481 0.0286698 0.501963 263.266 0.0236827 0.995007 -0.097627 -27.3958 -0.502246 0.096279 0.859411 0.395338
0.867066 0.0269697 0.497675 263.936 0.0244631 0.995097 -0.0965649 -27.5444 -0.497826 0.0958882 0.862093 1.54731
0.868911 0.0247151 0.494468 264.589 0.0252767 0.9953 -0.0941771 -27.6858 -0.494462 0.0943244 0.864128 2.69738
0.871174 0.0224652 0.490679 265.248 0.0269908 0.995325 -0.093509 -27.8192 -0.490473 0.0946918 0.866429 3.84222
0.873582 0.0212702 0.486333 265.915 0.0288336 0.995096 -0.0953256 -27.927 -0.485966 0.097292 0.868608 5.03708
0.875947 0.021652 0.482143 266.588 0.0283622 0.995026 -0.0962313 -28.0494 -0.481817 0.0979531 0.870912 6.22821
0.877757 0.0226659 0.478693 267.241 0.0272179 0.994976 -0.0970313 -28.1768 -0.478478 0.0981934 0.872654 7.43411
0.878968 0.0236168 0.476519 267.86 0.0264832 0.994882 -0.0981766 -28.3007 -0.476393 0.0988983 0.87378 8.6325
0.880936 0.0262556 0.472634 268.526 0.0238687 0.994791 -0.0997623 -28.4353 -0.472783 0.0991591 0.875646 9.85343
0.880934 0.0289938 0.472571 269.137 0.021696 0.994666 -0.101489 -28.5619 -0.472988 0.0996425 0.875541 11.0645
0.881515 0.0332757 0.471113 269.792 0.0172268 0.994652 -0.102498 -28.7038 -0.471995 0.0984627 0.876152 12.3065
0.880171 0.014806 0.474646 270.514 0.0384566 0.994072 -0.102337 -28.8261 -0.473344 0.10831 0.874317 13.7223
0.880019 0.0188564 0.474696 271.167 0.0346146 0.994078 -0.103668 -28.9887 -0.47383 0.107654 0.87408 14.992
0.880771 0.0201326 0.473337 271.825 0.0343058 0.993828 -0.106122 -29.1333 -0.472547 0.10969 0.874579 16.243
0.881557 0.0212291 0.471731 272.494 0.034223 0.993557 -0.108678 -29.2749 -0.470989 0.111942 0.875076 17.4869
0.881386 0.02302 0.472057 273.126 0.0324941 0.993564 -0.109138 -29.4351 -0.471526 0.111514 0.874899 18.6875
0.881576 0.0243709 0.471545 273.769 0.0307535 0.993651 -0.10886 -29.5945 -0.471195 0.110462 0.875154 19.8838
