0.999946 -0.00166148 -0.0102407 0.122087 0.00167239 1 0.00109859 -0.0147539 0.0102406 -0.00111561 0.99995 1.16797
0.999895 -0.00257767 -0.0144068 0.140069 0.00259861 0.999997 0.00143082 -0.0361211 0.0144045 -0.0014682 0.999896 2.47977
0.999874 -0.00419083 -0.0153536 0.1315 0.00418604 0.999996 -0.000304972 -0.0481892 0.0153578 0.0002407 0.999887 3.84334
0.999866 -0.00465683 -0.0157962 0.109712 0.00464465 0.999989 -0.000810905 -0.0603514 0.0158013 0.00073735 0.999875 5.1976
0.99984 -0.00553104 -0.0170575 0.0967955 0.00553227 0.999989 6.64288e-05 -0.0838077 0.01706 -0.000160732 0.99986 6.52594
0.99979 -0.00780478 -0.0190552 0.110529 0.00782499 0.999969 0.000981852 -0.101676 0.0190485 -0.00113086 0.999818 7.85968
0.999755 -0.00752013 -0.0208929 0.11462 0.00754595 0.999975 0.00119093 -0.114867 0.0208864 -0.00134829 0.999788 9.24733
0.999722 -0.00735916 -0.0225035 0.114738 0.00735006 0.999973 -0.000493522 -0.133732 0.0225081 0.000327847 0.999747 10.6139
0.999693 -0.00542277 -0.0242572 0.111781 0.00535823 0.999987 -0.00270033 -0.158362 0.0242745 0.0025696 0.999712 12.005
0.99973 -0.00170385 -0.0233529 0.0504767 0.00161585 0.999993 -0.00378763 -0.179218 0.0233607 0.00374878 0.999723 13.3497
0.999748 0.000974176 -0.0225197 -0.00780846 -0.00105479 0.999999 -0.00354206 -0.207226 0.0225194 0.00356498 0.999749 14.7078
0.999772 0.00193754 -0.0215383 -0.0616931 -0.00200077 0.999995 -0.00291587 -0.228401 0.0215341 0.00295819 0.999767 16.069
0.9998 -0.000141515 -0.0201284 -0.115252 0.000136739 1.00001 -0.000208713 -0.251223 0.0201317 0.000205995 0.999807 17.4388
0.999821 -0.00420979 -0.0187293 -0.169462 0.00423627 0.999991 0.00136992 -0.270204 0.018725 -0.00144909 0.999827 18.8027
0.999826 -0.00689978 -0.0174807 -0.218107 0.00688985 0.999982 -0.00059762 -0.296225 0.0174877 0.000477121 0.999857 20.1815
0.999843 -0.0079708 -0.0161976 -0.273734 0.00793391 0.999967 -0.00233681 -0.321088 0.0162175 0.00220801 0.99987 21.5328
0.999874 -0.00585759 -0.0150424 -0.310271 0.00580917 0.999984 -0.00323164 -0.356555 0.0150643 0.00314387 0.999893 22.9189
0.999904 -0.00303313 -0.0140122 -0.342944 0.00302396 0.999997 -0.000668812 -0.389693 0.014016 0.000626443 0.999905 24.3296
0.999919 -0.00238513 -0.0128722 -0.379923 0.00243204 0.999996 0.00366147 -0.423642 0.0128667 -0.00369241 0.999922 25.7517
0.999944 -0.00411504 -0.0104413 -0.425873 0.00417815 0.999975 0.00602852 -0.442761 0.0104181 -0.00607172 0.999931 27.146
0.999924 -0.00837347 -0.00965255 -0.455357 0.00842103 0.999958 0.00495648 -0.469082 0.00961403 -0.00503744 0.999953 28.5556
0.999926 -0.00944551 -0.00868059 -0.4905 0.00947718 0.999951 0.00360732 -0.498105 0.00864813 -0.00368928 0.99996 29.9448
0.999931 -0.0105913 -0.00635358 -0.537901 0.0106026 0.999948 0.00192849 -0.526325 0.00633642 -0.00199573 0.999992 31.324
0.999976 -0.00697393 -0.00426986 -0.575399 0.00697791 0.99998 0.00103631 -0.546195 0.00426492 -0.00106594 0.999997 32.7268
0.999983 -0.0060653 -0.00317797 -0.602414 0.00606193 0.999989 -0.000707316 -0.568049 0.00318581 0.000688 1.00001 34.1201
0.999991 -0.0059253 -0.00126155 -0.62682 0.00592365 0.999987 -0.000921058 -0.590421 0.00126933 0.000913711 1.00001 35.5065
0.99999 -0.0057032 -0.000414733 -0.652269 0.00570214 0.99999 0.000344289 -0.611909 0.000416357 -0.000346718 1.00001 36.9237
0.999998 -0.00481964 -0.000680016 -0.662139 0.00481997 0.999992 0.00138417 -0.628715 0.000675712 -0.00138725 1.00001 38.351
1.00001 -0.00215713 -0.00101194 -0.665521 0.00215733 1 0.001442 -0.645586 0.00101234 -0.00144429 1.00001 39.8296
1.00001 0.000816404 -0.000562517 -0.679156 -0.000816391 1 0.00127228 -0.667988 0.000566041 -0.00127163 1.00001 41.2689
1 0.00259393 -0.00105553 -0.67916 -0.00259349 1 0.00161426 -0.689301 0.00106321 -0.00161167 1.00001 42.7434
0.999999 0.00475228 -0.000675539 -0.682927 -0.00475171 0.999992 0.00173036 -0.714132 0.000686242 -0.0017269 1.00001 44.188
1 0.003469 -0.00121708 -0.681351 -0.00346867 0.999999 0.00143303 -0.734131 0.00122558 -0.00142883 1.00001 45.639
1.00001 0.00247941 -0.00159579 -0.689754 -0.00247795 1 0.00151406 -0.761315 0.00160226 -0.00150989 1.00001 47.0767
1 0.00254341 -0.00188793 -0.707474 -0.00254212 1 0.00146173 -0.776402 0.00189531 -0.00145707 1.00001 48.4966
1 0.00275395 -0.00284018 -0.713236 -0.00274715 0.999996 0.00276079 -0.797195 0.00285051 -0.00275282 1 49.9679
0.999994 0.00288579 -0.0047832 -0.707358 -0.00287449 0.999997 0.00269749 -0.821794 0.00479464 -0.00268383 1 51.4207
0.999985 0.00337376 -0.00634886 -0.713782 -0.00336026 0.999995 0.00230586 -0.829554 0.00635925 -0.00228435 0.999987 52.8838
0.999976 0.00360435 -0.00743954 -0.73007 -0.00358556 0.999994 0.00276955 -0.84432 0.00745321 -0.00274287 0.999984 54.3331
0.999978 0.00235044 -0.00785431 -0.74766 -0.00232505 0.999995 0.00338983 -0.863236 0.00786489 -0.00337138 0.999972 55.8032
0.999979 0.000674921 -0.00801662 -0.765972 -0.000649393 0.999998 0.00342238 -0.882522 0.00802277 -0.00341714 0.999976 57.261
0.999971 -0.00178785 -0.00876676 -0.782795 0.00181212 0.999997 0.00291275 -0.902626 0.00876423 -0.00292846 0.999966 58.7074
0.99998 -0.00298907 -0.00736309 -0.822303 0.00301452 0.999994 0.00372746 -0.929835 0.00735602 -0.00374954 0.999982 60.1515
0.999984 -0.00506585 -0.00556198 -0.856768 0.00509722 0.999973 0.0058943 -0.962694 0.00553484 -0.00592242 0.999978 61.5995
0.999969 -0.00754967 -0.00531045 -0.861425 0.00758965 0.999945 0.00794276 -0.993359 0.00525417 -0.00798271 0.999971 63.0561
0.999952 -0.00983702 -0.00495728 -0.850709 0.00987543 0.999927 0.00806789 -1.01848 0.00487973 -0.00811629 0.999968 64.4881
0.999932 -0.0118552 -0.00432702 -0.864056 0.0118848 0.999908 0.00736151 -1.03415 0.00424307 -0.00741229 0.999981 65.8936
0.99995 -0.010929 -0.00274523 -0.890379 0.0109455 0.999927 0.00660753 -1.04756 0.00267488 -0.00663711 0.999989 67.3224
0.999962 -0.00983066 -0.00178514 -0.900634 0.00983992 0.999938 0.00634661 -1.06427 0.0017263 -0.00636379 0.999996 68.7722
0.999997 -0.0058924 0.000559241 -0.935794 0.00588682 0.999962 0.00750057 -1.08641 -0.000601462 -0.00749701 0.999987 70.1575
1.00001 -0.00253627 0.00161663 -0.950295 0.00252063 0.999966 0.00849472 -1.09458 -0.00163494 -0.00849051 0.999981 71.6525
1.00001 0.00208987 0.00232031 -0.96328 -0.00211016 0.999971 0.0082575 -1.10347 -0.00230107 -0.00826208 0.99998 73.0621
0.999977 0.00716481 0.00421579 -1.00237 -0.00719322 0.999957 0.00640037 -1.09496 -0.0041669 -0.00643017 0.999989 74.5395
0.999946 0.0105804 0.00496037 -1.01232 -0.0106074 0.999938 0.0052067 -1.10489 -0.00490308 -0.00525858 0.999992 75.9748
0.999927 0.0119978 0.00522505 -1.00234 -0.0120285 0.999916 0.00560527 -1.13639 -0.00515452 -0.00566733 0.99999 77.4023
0.999922 0.012175 0.00613679 -1.00837 -0.0122091 0.999919 0.00536513 -1.14625 -0.00606918 -0.00543906 0.999984 78.8556
0.999928 0.0115284 0.0060512 -0.991383 -0.011556 0.99993 0.00431721 -1.16211 -0.00599833 -0.00438629 0.999993 80.2634
0.999932 0.0115484 0.00585298 -0.984545 -0.0115568 0.999942 0.00122309 -1.15899 -0.0058371 -0.00129003 1 81.6528
0.999922 0.0115585 0.00721691 -1.01434 -0.0115591 0.999939 -0.000133163 -1.16565 -0.00721599 5.03557e-05 0.999994 83.063
0.999949 0.00886359 0.00739703 -0.987064 -0.00888476 0.999964 0.00267164 -1.22873 -0.00737182 -0.0027365 0.999986 84.3874
0.999947 0.00902116 0.00719675 -1.00698 -0.00903071 0.999964 0.00113531 -1.2376 -0.00718502 -0.00119955 0.999994 85.8439
0.999931 0.00916893 0.00913529 -1.04835 -0.00917449 0.999964 0.000443487 -1.25156 -0.00912979 -0.000526492 0.999975 87.2458
0.999901 0.00905316 0.012121 -1.12148 -0.00905472 0.999965 -1.9216e-05 -1.25569 -0.01212 -8.98952e-05 0.999949 88.6545
0.999902 0.00708519 0.0132111 -1.11624 -0.00710525 0.999981 0.00140251 -1.29847 -0.0132008 -0.00149534 0.999931 89.9722
0.999913 0.00544865 0.0132863 -1.13666 -0.00545483 0.999992 0.000363414 -1.29917 -0.013284 -0.000435044 0.999934 91.4105
0.999917 0.00349456 0.0135702 -1.13173 -0.00350111 1 0.000406965 -1.32784 -0.013569 -0.000453579 0.999927 92.7566
0.999881 0.00274635 0.0161794 -1.17351 -0.0027315 1 -0.00100009 -1.341 -0.0161821 0.000956544 0.999891 94.13
0.999903 0.00155847 0.014978 -1.13256 -0.0015336 1.00001 -0.0017483 -1.36773 -0.0149814 0.00172591 0.999908 95.5415
0.999883 0.00224511 0.0162091 -1.13347 -0.00219608 1 -0.0030946 -1.38598 -0.0162161 0.00305943 0.999888 97.0031
0.999818 0.00207148 0.0198478 -1.17133 -0.00197055 0.999992 -0.00515485 -1.39378 -0.019859 0.00511555 0.999812 98.3996
0.999811 0.00314265 0.0200778 -1.1573 -0.00304327 0.999991 -0.00502947 -1.44386 -0.0200934 0.00496815 0.999811 99.7411
0.999793 0.00429436 0.0208507 -1.14595 -0.00418544 0.999985 -0.00530812 -1.46661 -0.020874 0.0052204 0.999793 101.129
0.999795 0.00404922 0.0207175 -1.1075 -0.0039753 0.999995 -0.00366134 -1.50373 -0.0207326 0.00357899 0.999805 102.513
0.999869 0.00487605 0.0166277 -1.0274 -0.0048593 0.999995 -0.0011024 -1.55806 -0.0166339 0.00102217 0.999886 103.825
0.999884 0.00394977 0.015919 -1.00809 -0.00389996 0.999997 -0.00322228 -1.57706 -0.0159322 0.00316055 0.999895 105.199
0.999905 0.0035919 0.0146474 -0.96886 -0.00350735 0.999984 -0.00586486 -1.60807 -0.014669 0.00581369 0.9999 106.553
0.999873 0.00451238 0.0164678 -0.992591 -0.00439202 0.999974 -0.0073952 -1.63255 -0.0165011 0.00732252 0.999866 107.897
0.999861 0.00165926 0.017651 -1.00436 -0.00155227 0.999989 -0.00611315 -1.66699 -0.0176618 0.00608575 0.99985 109.179
0.999815 0.000192827 0.0201839 -1.01615 -9.3801e-05 1 -0.00495363 -1.68694 -0.0201855 0.00495144 0.999813 110.581
0.999765 -0.00127075 0.0224542 -1.00883 0.00138862 0.999995 -0.00527226 -1.70685 -0.0224483 0.00530297 0.999759 111.954
0.999762 -0.00295712 0.0225012 -0.966477 0.00311243 0.999986 -0.00689523 -1.73972 -0.0224812 0.00696431 0.999754 113.289
0.999721 -0.000980408 0.0244988 -0.9616 0.0011953 0.999973 -0.00878294 -1.78372 -0.0244904 0.00881054 0.99969 114.647
0.999629 0.00241635 0.0276881 -0.963973 -0.00207776 0.999939 -0.0122631 -1.7986 -0.027717 0.0122017 0.999568 116.061
0.999553 0.00593959 0.0300339 -0.946766 -0.00556353 0.999917 -0.0126152 -1.83499 -0.0301071 0.0124433 0.999498 117.396
0.999492 0.00716987 0.031558 -0.914537 -0.00685497 0.999943 -0.0100843 -1.88238 -0.0316294 0.00986361 0.999478 118.737
0.999491 0.00625232 0.0319739 -0.864442 -0.00603234 0.999971 -0.0069969 -1.93011 -0.0320176 0.00680136 0.999494 120.095
0.999431 0.00612665 0.033671 -0.854161 -0.00590496 0.999977 -0.00668007 -1.95993 -0.0337122 0.00647818 0.999439 121.438
0.999326 0.00761629 0.0365249 -0.833641 -0.00730073 0.999949 -0.00878875 -1.97307 -0.036591 0.00851703 0.999326 122.796
0.999223 0.0101856 0.0385013 -0.803544 -0.00978871 0.999913 -0.0104842 -1.99354 -0.0386058 0.0100999 0.999232 124.149
0.999072 0.0132473 0.0415442 -0.7958 -0.0127233 0.999851 -0.0128745 -2.00567 -0.0417095 0.0123348 0.999086 125.504
0.998988 0.0141667 0.0430173 -0.721017 -0.0136143 0.999838 -0.0131087 -2.06792 -0.0431973 0.0125103 0.999019 126.81
0.998927 0.0149199 0.0443734 -0.666192 -0.0143318 0.999821 -0.0135638 -2.1156 -0.0445691 0.0129141 0.998956 128.168
0.99889 0.013212 0.0455491 -0.598378 -0.0126401 0.999855 -0.0128224 -2.17413 -0.0457136 0.0122331 0.998914 129.495
0.998825 0.0138596 0.0469317 -0.560698 -0.0132773 0.999847 -0.0127099 -2.20348 -0.0471022 0.0120728 0.998851 130.851
0.998732 0.0127179 0.0490448 -0.521198 -0.0121192 0.999865 -0.0124872 -2.23667 -0.049199 0.0118775 0.998753 132.205
0.998739 0.0115274 0.0493416 -0.454571 -0.0109636 0.999888 -0.0116977 -2.28496 -0.0494727 0.0111429 0.998748 133.569
0.998767 0.00880222 0.0491838 -0.388775 -0.00825968 0.999919 -0.0112296 -2.32852 -0.0492807 0.0108101 0.998761 134.935
0.998813 0.00711028 0.0486996 -0.316735 -0.00662812 0.999945 -0.0100723 -2.37391 -0.0487704 0.00973838 0.998797 136.314
0.998821 0.00522453 0.0486085 -0.266939 -0.0047139 0.999949 -0.0106193 -2.40428 -0.0486636 0.0103782 0.998797 137.725
0.99879 0.00427004 0.0494946 -0.235608 -0.0037368 0.999951 -0.0108813 -2.44427 -0.0495406 0.0106841 0.99875 139.078
0.998793 0.00335837 0.0493279 -0.18859 -0.00288916 0.999966 -0.00958627 -2.48823 -0.0493605 0.00943277 0.998772 140.451
0.998816 0.00161939 0.0491412 -0.142459 -0.00116151 0.999972 -0.00936617 -2.52578 -0.0491569 0.00929889 0.998783 141.831
0.998827 0.00143507 0.0487382 -0.0957991 -0.000972292 0.99997 -0.00952149 -2.56475 -0.0487527 0.00946357 0.998801 143.21
0.998817 0.00271442 0.0490573 -0.0474398 -0.00219878 0.999958 -0.0105832 -2.60639 -0.0490858 0.0104636 0.998775 144.594
0.998737 0.00273279 0.0505259 -0.0240287 -0.00217101 0.999951 -0.0111753 -2.64014 -0.0505561 0.011052 0.998696 145.975
0.998722 0.000759529 0.0510255 0.0171582 -4.79923e-05 0.999918 -0.0139681 -2.6747 -0.0510338 0.0139486 0.998635 147.357
0.998702 -0.00455154 0.0510904 0.0690913 0.0053369 0.999885 -0.015255 -2.70126 -0.0510174 0.0155084 0.998613 148.746
0.99869 -0.012297 0.0502015 0.140764 0.0129633 0.999847 -0.0129886 -2.74654 -0.050036 0.0136233 0.998689 150.084
0.998607 -0.0184684 0.0498148 0.188873 0.0190954 0.99976 -0.0121525 -2.77978 -0.0495805 0.0130872 0.998722 151.454
0.99857 -0.0217479 0.0493572 0.253409 0.022537 0.999641 -0.0155103 -2.82057 -0.049004 0.0166014 0.998695 152.837
0.998528 -0.0210474 0.0503976 0.300328 0.021986 0.999612 -0.0181559 -2.87376 -0.0499972 0.0192376 0.998605 154.173
0.998526 -0.0182743 0.0516056 0.35927 0.0193006 0.999639 -0.0194808 -2.93345 -0.0512328 0.0204489 0.998513 155.556
0.998487 -0.0188862 0.0520626 0.432407 0.0199198 0.999632 -0.0194155 -2.98388 -0.0516781 0.0204236 0.998496 156.942
0.998336 -0.0224075 0.0536104 0.479144 0.0233196 0.999608 -0.016469 -3.02754 -0.0532221 0.0176925 0.998462 158.278
0.998197 -0.0283987 0.0532917 0.574211 0.0291687 0.999499 -0.0137363 -3.0737 -0.0528762 0.0152663 0.998526 159.671
0.998097 -0.0315327 0.0534849 0.655672 0.03224 0.999418 -0.0124326 -3.11876 -0.0530635 0.014134 0.998528 161.02
0.997955 -0.0327436 0.0553043 0.692128 0.0334829 0.999381 -0.0125047 -3.15839 -0.0548617 0.0143312 0.998434 162.369
0.997905 -0.0306428 0.0574542 0.744381 0.0313848 0.99945 -0.0120744 -3.19498 -0.0570543 0.0138531 0.998313 163.74
0.997905 -0.0270047 0.0591682 0.80398 0.0277672 0.999561 -0.0121123 -3.24443 -0.0588162 0.0137302 0.998218 165.108
0.997852 -0.0232228 0.0616882 0.856954 0.0241815 0.999615 -0.0148518 -3.28101 -0.0613211 0.0163124 0.998024 166.47
0.997805 -0.0201822 0.0634593 0.906556 0.0211999 0.999676 -0.0154122 -3.32096 -0.0631288 0.016724 0.997908 167.825
0.997594 -0.0189268 0.0671026 0.940244 0.0199222 0.99972 -0.0142071 -3.36191 -0.0668164 0.0155105 0.997685 169.193
0.997533 -0.0170178 0.0684626 0.995983 0.0180682 0.999747 -0.0147593 -3.39827 -0.0681951 0.0159601 0.997588 170.564
0.997516 -0.015159 0.0692145 1.07236 0.0163771 0.99974 -0.0170763 -3.44571 -0.0689391 0.0181682 0.997497 171.962
0.99758 -0.0118272 0.0688907 1.1507 0.0131631 0.999753 -0.0189806 -3.5015 -0.0686504 0.0198417 0.997488 173.335
0.997576 -0.00704763 0.0696612 1.22263 0.00844518 0.99979 -0.0197937 -3.55594 -0.0695088 0.0203347 0.997418 174.725
0.997455 -0.00174649 0.0716317 1.27536 0.00306836 0.999847 -0.0183549 -3.60665 -0.0715898 0.0185282 0.997306 176.084
0.997464 0.00153709 0.0716097 1.3763 -0.000428553 0.999905 -0.0154923 -3.6696 -0.0716283 0.0154231 0.997359 177.51
0.997241 0.00313508 0.0745389 1.41996 -0.00215168 0.999935 -0.0132758 -3.71004 -0.0745763 0.013079 0.99718 178.873
0.997278 0.000220852 0.0741869 1.51433 0.00072429 0.999945 -0.0127135 -3.74625 -0.0741871 0.0127333 0.99721 180.269
0.997399 -0.00258903 0.0724203 1.61565 0.00346303 0.999949 -0.0119525 -3.79476 -0.0723862 0.0121724 0.997353 181.677
0.997436 -0.00253528 0.0719941 1.69562 0.00369588 0.999891 -0.0159928 -3.84031 -0.0719472 0.0162186 0.997324 183.091
0.997373 -0.000324499 0.0728582 1.75642 0.00185584 0.99981 -0.0209581 -3.87927 -0.0728375 0.0210383 0.997177 184.491
0.9973 0.00376193 0.0738152 1.83157 -0.00219468 0.999797 -0.0213042 -3.93022 -0.073882 0.0210852 0.997092 185.908
0.997313 0.00663435 0.0733608 1.92971 -0.00516788 0.999815 -0.0201668 -3.98349 -0.0734809 0.0197335 0.997157 187.267
0.99726 0.0083722 0.0739936 2.01584 -0.00715776 0.999862 -0.0166652 -4.03401 -0.0741246 0.0160906 0.997167 188.626
0.997108 0.00871369 0.0758871 2.09031 -0.00764261 0.999899 -0.0144004 -4.08443 -0.0760048 0.0137788 0.997068 190.009
0.997113 0.00782095 0.076013 2.18586 -0.00685591 0.99992 -0.0129507 -4.13645 -0.0761098 0.0123928 0.997071 191.387
0.9971 0.00556128 0.0762757 2.29062 -0.00466352 0.999949 -0.0119488 -4.18228 -0.0763383 0.0115584 0.99707 192.849
0.997082 0.00292196 0.0767629 2.38841 -0.002048 0.999961 -0.0114634 -4.22744 -0.0767949 0.0112734 0.997033 194.289
0.997045 -0.000134095 0.0771903 2.4877 0.000985482 0.99997 -0.0109977 -4.2715 -0.0771865 0.0110413 0.997011 195.725
0.996989 -0.00286025 0.0779571 2.59471 0.00366525 0.99997 -0.0101865 -4.30516 -0.0779267 0.0104422 0.996956 197.195
0.996861 -0.00773526 0.0791761 2.69236 0.00846465 0.999957 -0.00888684 -4.34275 -0.0791039 0.00952919 0.996877 198.622
0.996768 -0.00966923 0.0802045 2.79881 0.0104808 0.999927 -0.00970424 -4.37024 -0.0801056 0.010514 0.996783 200.081
0.996791 -0.00725035 0.0800926 2.90827 0.00841593 0.999896 -0.0142307 -4.40674 -0.0799809 0.0148591 0.996742 201.524
0.996771 0.00122352 0.080752 3.00222 0.000361463 0.999837 -0.0196117 -4.44608 -0.0807636 0.0195779 0.996593 202.967
0.99667 0.00950764 0.0813433 3.10395 -0.00794947 0.999811 -0.0194656 -4.49815 -0.0815123 0.0187543 0.996552 204.402
0.996399 0.0168999 0.0835403 3.18348 -0.0156362 0.999783 -0.0157624 -4.54617 -0.0837891 0.0143998 0.996433 205.85
0.996271 0.017577 0.0848405 3.28561 -0.016474 0.999803 -0.0136912 -4.58781 -0.0850636 0.0122426 0.996357 207.298
0.996283 0.0160844 0.0850751 3.39889 -0.014996 0.999827 -0.0134193 -4.62685 -0.0852768 0.0120941 0.996337 208.789
0.996262 0.0125701 0.0858352 3.47007 -0.0114697 0.999877 -0.0133114 -4.67129 -0.0859912 0.0122773 0.996276 210.22
0.996311 0.0100855 0.0856768 3.57805 -0.00898677 0.999902 -0.0132058 -4.72206 -0.085802 0.0123876 0.996289 211.697
0.996217 0.0106566 0.0866101 3.67253 -0.00952904 0.999894 -0.0134306 -4.77309 -0.0867436 0.0125547 0.996205 213.163
0.995924 0.0120761 0.0898297 3.73378 -0.0109656 0.999889 -0.0128499 -4.82001 -0.0899748 0.0118127 0.99593 214.623
0.995857 0.0124305 0.0904374 3.84692 -0.0114599 0.999902 -0.0112515 -4.8744 -0.0905677 0.0101687 0.995892 216.1
0.995834 0.0119051 0.0908367 3.9714 -0.0109692 0.999912 -0.0107994 -4.92896 -0.0909573 0.00975819 0.995862 217.577
0.995896 0.01108 0.0901666 4.11484 -0.0100703 0.999911 -0.0116547 -4.96962 -0.0902869 0.0106992 0.995912 219.094
0.995987 0.0100343 0.0893711 4.24293 -0.00903609 0.999922 -0.011571 -5.01514 -0.08948 0.0107174 0.995986 220.568
0.996036 0.0094482 0.0888145 4.37201 -0.0085271 0.999935 -0.0107543 -5.06907 -0.0889095 0.00995459 0.996045 222.059
0.996096 0.00954155 0.0882205 4.50255 -0.00867908 0.99994 -0.0101611 -5.12434 -0.0883119 0.00935604 0.996105 223.562
0.99608 0.00932118 0.088341 4.60698 -0.00844865 0.99994 -0.0102546 -5.165 -0.0884303 0.0094683 0.996093 225.02
0.996199 0.00988841 0.0870145 4.75082 -0.00905419 0.999938 -0.00998353 -5.21452 -0.0871075 0.00915813 0.996213 226.531
0.996279 0.0094437 0.0860526 4.89404 -0.00863257 0.999944 -0.00980556 -5.26129 -0.0861391 0.00902645 0.996298 228.086
0.996347 0.00923239 0.0853712 5.01977 -0.00842714 0.999945 -0.00979548 -5.3012 -0.0854564 0.00904066 0.996358 229.585
0.996426 0.00826372 0.0844684 5.15798 -0.00746808 0.999953 -0.00974258 -5.34444 -0.0845439 0.00907711 0.996434 231.11
0.99641 0.00689254 0.0848706 5.27799 -0.00606472 0.99996 -0.0100155 -5.3797 -0.0849358 0.00946513 0.996399 232.639
0.996371 0.0061214 0.0852908 5.38994 -0.00528828 0.999964 -0.010002 -5.4132 -0.0853479 0.00951483 0.99636 234.159
0.996275 0.00473673 0.0865751 5.48298 -0.00392582 0.999976 -0.009543 -5.44333 -0.0866179 0.00916789 0.996256 235.668
0.99624 0.00477103 0.0868959 5.60329 -0.00399623 0.999979 -0.00910169 -5.48468 -0.0869363 0.0087205 0.996231 237.202
0.996235 0.00544332 0.0869997 5.73918 -0.004624 0.999972 -0.00962626 -5.52358 -0.0870494 0.00918808 0.996219 238.744
0.995964 0.00694301 0.0898737 5.81951 -0.00593177 0.999945 -0.0115248 -5.54836 -0.0899478 0.0109454 0.995942 240.238
0.995696 0.00837114 0.0927635 5.92806 -0.00730983 0.999932 -0.0117821 -5.5758 -0.0928556 0.0110536 0.995677 241.675
0.995384 0.00822373 0.0959915 6.05376 -0.00730954 0.999953 -0.00988205 -5.61191 -0.0960673 0.00913507 0.995389 243.085
0.99499 0.00711866 0.100224 6.16296 -0.0063086 0.999974 -0.0084035 -5.66542 -0.100281 0.00772941 0.994995 244.455
0.994818 0.00779168 0.101703 6.29134 -0.00677642 0.999953 -0.0103348 -5.7001 -0.101778 0.00959237 0.994818 245.996
0.994741 0.00819748 0.102592 6.44156 -0.00705505 0.999938 -0.011499 -5.74316 -0.10268 0.010715 0.994723 247.505
0.99478 0.00858847 0.102016 6.61234 -0.00753381 0.999943 -0.0107297 -5.79452 -0.102102 0.00990528 0.994782 249.078
0.9949 0.008176 0.10104 6.79356 -0.00727478 0.999959 -0.00928992 -5.8444 -0.101113 0.00850785 0.994905 250.627
0.99495 0.00806688 0.100388 6.95337 -0.00721526 0.999963 -0.00885481 -5.88759 -0.100455 0.00808594 0.994966 252.2
0.994957 0.0083081 0.10046 7.0948 -0.00750781 0.999966 -0.00834874 -5.93589 -0.100526 0.00755261 0.994972 253.742
0.994868 0.00979696 0.101046 7.23508 -0.00900565 0.999954 -0.00829495 -5.97207 -0.101122 0.00734247 0.994904 255.32
0.994818 0.010758 0.101592 7.37339 -0.00996041 0.999944 -0.00836197 -6.00743 -0.101676 0.00730686 0.994858 256.847
0.994865 0.0105196 0.101 7.53376 -0.00979571 0.999951 -0.00767215 -6.05515 -0.101076 0.00664345 0.994914 258.397
0.994969 0.00939613 0.100251 7.71315 -0.00865407 0.999961 -0.00784223 -6.09589 -0.100321 0.00693523 0.994998 259.877
0.995092 0.00712556 0.0990515 7.891 -0.00655777 0.999989 -0.0060691 -6.15234 -0.0990934 0.00538972 0.995121 261.462
0.995068 0.00499205 0.0995717 8.03959 -0.00442697 1 -0.00590305 -6.18073 -0.0996023 0.00543313 0.995079 263.009
0.995122 0.00375971 0.0989363 8.2003 -0.00306957 1 -0.00713997 -6.20911 -0.0989625 0.00680141 0.995127 264.571
0.995167 0.00276802 0.0986626 8.35292 -0.00193776 0.999994 -0.00851778 -6.24244 -0.0986863 0.0082854 0.995149 266.127
0.99481 -0.000779009 0.102109 8.44074 0.00137251 1.00001 -0.00575727 -6.28663 -0.102105 0.00586763 0.994817 267.657
0.994803 -0.00319412 0.102264 8.60061 0.00359147 1.00002 -0.003712 -6.33003 -0.102254 0.00405998 0.994815 269.227
0.994995 -0.00393984 0.100235 8.7937 0.00437626 1.00001 -0.0041517 -6.37457 -0.100219 0.00456956 0.995018 270.842
0.995351 -0.0041298 0.0967426 9.01837 0.00455412 1.00001 -0.00417824 -6.42528 -0.0967276 0.00459927 0.995365 272.483
0.995097 -0.00398437 0.0992151 9.13379 0.00437066 1.00001 -0.00369689 -6.46487 -0.0992014 0.00411227 0.995122 274.003
0.995181 -0.00229703 0.098534 9.31433 0.00262932 1.00002 -0.00325585 -6.50522 -0.0985297 0.00349906 0.995194 275.595
0.995126 -0.00235086 0.0989737 9.46387 0.00254873 1.00003 -0.00189514 -6.55528 -0.0989715 0.00213809 0.995152 277.147
0.994959 -0.00348871 0.100718 9.60587 0.00348941 1.00002 0.000156234 -6.60814 -0.100723 0.000195804 0.99498 278.702
0.994853 -0.00114229 0.101667 9.7538 0.00128482 1.00002 -0.00135715 -6.62593 -0.101667 0.00148069 0.99488 280.25
0.994685 -0.000902764 0.103454 9.89307 0.00110101 1.00002 -0.00187622 -6.65636 -0.103457 0.00197969 0.994699 281.78
0.994488 -0.002916 0.105153 10.0272 0.00313259 1.00002 -0.00191505 -6.68982 -0.105149 0.00223371 0.994517 283.388
0.994071 -0.00427976 0.10917 10.1687 0.00435131 1.00002 -0.000433154 -6.7351 -0.109173 0.000905147 0.994097 284.876
0.993985 -0.00650933 0.109645 10.3338 0.00641071 1.00001 0.0012323 -6.76455 -0.109655 -0.000522176 0.994033 286.507
0.993957 -0.00669604 0.110086 10.4995 0.0066346 1.00001 0.000905754 -6.78379 -0.110095 -0.000170454 0.993997 288.125
0.993869 -0.00768612 0.110621 10.6545 0.00791574 0.999995 -0.0016554 -6.80481 -0.110609 0.00252074 0.993924 289.674
0.993928 -0.00866959 0.110216 10.8311 0.009168 0.999979 -0.00403624 -6.83063 -0.110181 0.00502153 0.993976 291.252
0.993941 -0.00886538 0.109874 10.9962 0.00934139 0.999977 -0.00383763 -6.86053 -0.109838 0.00484063 0.994001 292.823
0.994022 -0.00902614 0.109356 11.1622 0.00966042 0.999968 -0.0052952 -6.87155 -0.109308 0.00631914 0.994067 294.399
0.993946 -0.00768243 0.109928 11.311 0.00848596 0.99997 -0.00686205 -6.89832 -0.109873 0.00775305 0.993982 295.965
0.993924 -0.00793348 0.110324 11.4727 0.0088553 0.999959 -0.00789237 -6.91962 -0.11026 0.00882046 0.993944 297.555
0.993982 -0.00785727 0.109599 11.6468 0.00872838 0.999964 -0.00749043 -6.95952 -0.109537 0.00840167 0.994015 299.197
0.9941 -0.00862791 0.108681 11.8154 0.00946149 0.999959 -0.00718153 -6.99947 -0.108618 0.00816655 0.99413 300.805
0.994178 -0.00889657 0.107716 11.9918 0.00962358 0.999964 -0.00625327 -7.02949 -0.107657 0.00725309 0.994229 302.389
0.994218 -0.00725215 0.107702 12.1518 0.00785795 0.999986 -0.00522734 -7.06151 -0.107666 0.00604256 0.994249 303.986
0.994163 -0.00696579 0.107997 12.3261 0.00758929 0.999986 -0.00538652 -7.09319 -0.107959 0.00617422 0.994203 305.625
0.994189 -0.0075707 0.107941 12.5093 0.00824873 0.999979 -0.00586237 -7.12051 -0.107898 0.00671776 0.99422 307.265
0.994137 -0.00893568 0.108093 12.6886 0.0096547 0.999965 -0.00615503 -7.15097 -0.108036 0.00716212 0.994189 308.883
0.994128 -0.0105328 0.108254 12.8668 0.011394 0.999938 -0.00736611 -7.17715 -0.108173 0.00855536 0.994175 310.505
0.994079 -0.0124285 0.108292 13.0406 0.0135838 0.999889 -0.00996221 -7.20603 -0.108158 0.0113739 0.994137 312.12
0.99414 -0.0129202 0.107884 13.2093 0.0142094 0.999867 -0.0112185 -7.24378 -0.107728 0.0126848 0.994179 313.726
0.994528 -0.0129767 0.104008 13.3859 0.014281 0.999859 -0.0118335 -7.29489 -0.103841 0.0132539 0.994573 315.283
0.994843 -0.0118406 0.101324 13.5652 0.0130167 0.999886 -0.010988 -7.34027 -0.101185 0.0122494 0.994872 316.95
0.994962 -0.0110049 0.0999999 13.7419 0.0117857 0.999936 -0.00724828 -7.39277 -0.0999148 0.0083901 0.995027 318.6
0.994891 -0.0127584 0.100736 13.8939 0.0131703 0.999939 -0.00345741 -7.44184 -0.100688 0.00476566 0.994986 320.28
0.994828 -0.0131185 0.101077 14.0248 0.0134125 0.999939 -0.00225716 -7.47569 -0.101042 0.00360088 0.994942 321.893
0.99482 -0.0136574 0.101327 14.1791 0.0140041 0.99993 -0.00274244 -7.51559 -0.101285 0.00414635 0.994928 323.521
0.994898 -0.0153479 0.100065 14.3547 0.0157125 0.999905 -0.00288668 -7.54636 -0.100011 0.00444394 0.995045 325.126
0.995152 -0.0153413 0.0977617 14.536 0.0155547 0.99991 -0.00145356 -7.59748 -0.0977331 0.00296638 0.995288 326.734
0.995094 -0.0154627 0.0980872 14.699 0.0157317 0.999906 -0.00200302 -7.62043 -0.0980471 0.00353604 0.995245 328.423
0.995019 -0.0127852 0.0994776 14.8211 0.0131691 0.999941 -0.00323454 -7.64661 -0.0994328 0.00452766 0.995114 330.072
0.994972 -0.0117899 0.0998239 14.9731 0.0122865 0.999946 -0.00439248 -7.67051 -0.099767 0.00559666 0.995064 331.708
0.994982 -0.0135545 0.0997444 15.1559 0.0138948 0.999932 -0.00274804 -7.70949 -0.0997024 0.00411937 0.99509 333.383
0.994795 -0.0145853 0.10123 15.2852 0.0148034 0.999922 -0.00143385 -7.7471 -0.101201 0.0029246 0.994933 335.008
0.994719 -0.0159071 0.102014 15.4387 0.016194 0.999901 -0.00201395 -7.78612 -0.101974 0.00365449 0.994863 336.653
0.994865 -0.0149889 0.100481 15.6142 0.0152318 0.999915 -0.00167922 -7.81951 -0.100447 0.00320077 0.995008 338.29
0.99499 -0.0133757 0.0997277 15.7753 0.0137862 0.999933 -0.00345883 -7.85732 -0.0996767 0.00481554 0.995093 339.924
0.995093 -0.0119262 0.098625 15.9334 0.0126166 0.999933 -0.00640848 -7.89026 -0.0985419 0.00762113 0.995175 341.55
0.995149 -0.0105761 0.0984759 16.0776 0.0112359 0.999952 -0.00617782 -7.92278 -0.0984077 0.00725344 0.995204 343.179
0.994969 -0.0103659 0.10005 16.2059 0.0107992 0.999969 -0.00381557 -7.95358 -0.100008 0.00487659 0.995049 344.803
0.995276 -0.00954668 0.0972988 16.3637 0.00967079 0.999988 -0.000834176 -7.98474 -0.0972915 0.00177048 0.99534 346.414
0.995495 -0.00923335 0.0948052 16.5259 0.00954216 0.999986 -0.00283097 -8.00161 -0.0947774 0.00372269 0.995568 348.051
0.995721 -0.00994514 0.0926418 16.6776 0.0104302 0.99997 -0.00477978 -8.02914 -0.0925933 0.00572492 0.995777 349.662
0.995838 -0.012319 0.0907631 16.8262 0.0127856 0.999944 -0.00459012 -8.05649 -0.0907014 0.00573141 0.995939 351.231
0.995869 -0.0133505 0.0905943 16.9527 0.013865 0.999927 -0.00507901 -8.08295 -0.0905217 0.0063135 0.995964 352.851
0.995844 -0.0138816 0.0904801 17.0923 0.0144991 0.999912 -0.0061992 -8.11615 -0.0903861 0.00748529 0.995956 354.491
0.995879 -0.0134469 0.0904665 17.2287 0.0142681 0.999899 -0.00846438 -8.14081 -0.0903454 0.00971955 0.995952 356.118
0.995865 -0.0138047 0.0902561 17.3659 0.0146696 0.999889 -0.00895452 -8.17975 -0.0901225 0.0102415 0.995956 357.725
0.995887 -0.0146987 0.0901792 17.513 0.0156333 0.999867 -0.00969119 -8.21514 -0.0900268 0.0110604 0.995967 359.347
0.995877 -0.0141446 0.0900615 17.6538 0.0152368 0.999853 -0.0114799 -8.24451 -0.0898862 0.0128049 0.995947 360.953
0.995887 -0.0143928 0.0902193 17.7903 0.015561 0.99984 -0.0122833 -8.29412 -0.09003 0.013636 0.995935 362.58
0.995871 -0.0156276 0.0898809 17.9382 0.0167802 0.999821 -0.0121106 -8.34201 -0.0896758 0.0135689 0.995956 364.179
0.995911 -0.0152953 0.0898029 18.0842 0.0165318 0.999814 -0.0130694 -8.3892 -0.0895883 0.0144998 0.995963 365.81
0.995895 -0.0170687 0.0893626 18.2281 0.01842 0.999764 -0.0143493 -8.43589 -0.0890968 0.0159366 0.995973 367.408
0.995865 -0.0194781 0.089508 18.3691 0.0206886 0.999741 -0.0126441 -8.48297 -0.0892405 0.0144428 0.995996 369.055
0.995737 -0.0210504 0.0902634 18.4938 0.0222417 0.999714 -0.0122421 -8.52426 -0.08998 0.0141977 0.995921 370.68
0.995658 -0.0206173 0.0915365 18.6024 0.0219753 0.999698 -0.0138777 -8.56324 -0.091225 0.015828 0.995795 372.258
0.99562 -0.0205064 0.0916699 18.7473 0.021858 0.999702 -0.0137951 -8.61678 -0.0913598 0.0157384 0.995773 373.84
0.995671 -0.0192474 0.0916967 18.8961 0.0205409 0.999738 -0.0132111 -8.66238 -0.0914205 0.0150366 0.995789 375.488
0.995536 -0.0179683 0.0931218 19.0167 0.019267 0.999764 -0.0130933 -8.70446 -0.0928648 0.0148289 0.995648 377.106
0.995466 -0.0171479 0.094305 19.1431 0.0185282 0.999769 -0.0138077 -8.74343 -0.0940487 0.0154915 0.995537 378.721
0.995384 -0.0175334 0.0948217 19.2758 0.0189826 0.99975 -0.0144287 -8.7976 -0.0945454 0.016162 0.995469 380.328
0.995289 -0.0175411 0.0960987 19.4001 0.0190126 0.999751 -0.0144429 -8.8508 -0.0958237 0.0162009 0.995358 381.93
0.995204 -0.0167842 0.0968274 19.5569 0.0182982 0.999759 -0.0147951 -8.90137 -0.096556 0.0164958 0.995271 383.572
0.995245 -0.014441 0.0970789 19.7143 0.016019 0.999787 -0.0155211 -8.94274 -0.0968365 0.0170013 0.995247 385.209
0.995091 -0.0138451 0.0984568 19.8522 0.0151877 0.999837 -0.0129255 -9.01842 -0.0982621 0.0143571 0.995139 386.818
0.995132 -0.0132973 0.0983892 20.0177 0.014631 0.999847 -0.0128719 -9.07244 -0.0982054 0.0142477 0.995156 388.432
0.995038 -0.0114784 0.0993012 20.1682 0.0129146 0.999858 -0.013855 -9.11649 -0.0991285 0.0150683 0.995044 390.055
0.995058 -0.010058 0.0995293 20.3274 0.0116217 0.999855 -0.0151654 -9.1474 -0.0993649 0.0162461 0.995013 391.691
0.995139 -0.00969834 0.0984917 20.4997 0.0111021 0.999882 -0.0137411 -9.20414 -0.0983473 0.0147672 0.995127 393.267
0.995179 -0.00820823 0.098492 20.6526 0.00964194 0.999893 -0.0141103 -9.24309 -0.0983685 0.0149909 0.995133 394.934
0.995089 -0.00738546 0.0991982 20.8011 0.00888926 0.999889 -0.01475 -9.29122 -0.099079 0.0155588 0.995043 396.57
0.99518 -0.00722842 0.0985598 20.973 0.00871892 0.999893 -0.0147201 -9.33931 -0.0984459 0.0155073 0.995118 398.211
