0.999995 0.00218636 -7.19351e-05 -0.0698673 -0.00218643 1 -0.00254997 0.0172916 6.75215e-05 0.00255016 1 -0.0666143
0.99998 -0.00048288 -0.00663591 -0.0788123 0.000447041 0.999987 -0.00539304 0.0146926 0.0066386 0.00539014 0.999967 -0.1445
0.999743 -0.000263339 -0.0226772 -0.0674195 0.00011384 0.999983 -0.006603 0.0182307 0.0226792 0.00659882 0.999734 -0.159272
0.999368 0.00372988 -0.0356609 -0.0211198 -0.00401235 0.999967 -0.00784863 0.0200209 0.0356306 0.0079868 0.999349 -0.122998
0.999126 0.001806 -0.0417958 0.0031719 -0.00217551 0.999966 -0.00880205 0.0394895 0.0417791 0.00888537 0.999102 -0.0383063
0.999503 0.00158052 -0.0315292 -0.0829009 -0.0018841 0.999959 -0.00960125 0.0367542 0.0315126 0.00965605 0.999469 0.0369653
0.99971 -0.000963705 -0.0242071 -0.156557 0.000721617 0.999958 -0.0100169 0.0255021 0.0242164 0.0099967 0.999674 0.0891692
0.999891 -0.00198951 -0.014921 -0.215042 0.00181899 0.999941 -0.0114362 0.0281472 0.0149426 0.011408 0.99984 0.181385
0.999981 0.000263404 -0.00677042 -0.284406 -0.00033659 0.999955 -0.0108912 0.0176233 0.00676795 0.0108934 0.999936 0.226381
0.999974 0.0023772 0.00687679 -0.338943 -0.00231587 0.999968 -0.00891182 0.0121942 -0.00689834 0.00889606 0.999951 0.348213
0.999796 0.00439116 0.019964 -0.34488 -0.00427907 0.999993 -0.00563931 -0.00473747 -0.019988 0.00555281 0.999808 0.466388
0.998603 0.00502144 0.0528286 -0.356917 -0.00474744 0.999985 -0.00531424 -0.010713 -0.0528561 0.00505633 0.998613 0.5365
0.997417 0.00451083 0.0714533 -0.370833 -0.00457149 1.00002 0.000692406 -0.0663405 -0.0714502 -0.0010172 0.997446 0.625326
0.995825 0.00457838 0.091319 -0.43014 -0.00506314 0.999985 0.00507587 -0.0935861 -0.0912963 -0.00551629 0.995833 0.817092
0.990683 0.00398522 0.136049 -0.273348 -0.00436391 1 0.00249091 -0.0976615 -0.136039 -0.00306086 0.990701 1.82254
0.983413 5.90078e-05 0.181461 -0.0972765 -0.000513949 1.00001 0.00246115 -0.107338 -0.181464 -0.00251286 0.98342 2.81027
0.97368 0.000374839 0.227864 0.100881 -0.000639682 1.00001 0.00109396 -0.108827 -0.227866 -0.00121034 0.973695 3.8018
0.96225 -0.000311657 0.272229 0.402692 0.000586226 1.00001 -0.000925124 -0.132699 -0.272234 0.00105049 0.962263 4.75332
0.949706 -0.00370418 0.313086 0.732242 0.00473397 1 -0.00252563 -0.144993 -0.313076 0.00388151 0.949726 5.64069
0.934792 -0.00264767 0.355234 1.09917 0.00437631 0.999997 -0.00406116 -0.162526 -0.355224 0.00535152 0.9348 6.55305
0.917629 -0.00317847 0.397401 1.51182 0.00674078 0.999968 -0.00756404 -0.168263 -0.397363 0.00962065 0.917619 7.54731
0.899127 -0.00474343 0.437707 1.93991 0.0106578 0.999898 -0.0110549 -0.200209 -0.437612 0.014605 0.899084 8.35578
0.878655 -0.00488506 0.47741 2.41325 0.0130136 0.999844 -0.0137172 -0.198085 -0.477263 0.0182665 0.87858 9.24358
0.85704 -0.00887541 0.515211 2.92139 0.0191109 0.999727 -0.0145655 -0.207842 -0.514944 0.0223293 0.856975 10.0894
0.83528 -0.0112837 0.549693 3.47347 0.0235185 0.99963 -0.0152153 -0.224442 -0.549312 0.0256381 0.835237 10.9299
0.812984 -0.0106738 0.582222 4.03019 0.0254204 0.999546 -0.0171685 -0.245769 -0.581776 0.0287578 0.812886 11.7516
0.791971 -0.0111335 0.610444 4.63279 0.026191 0.999553 -0.0157466 -0.267015 -0.609991 0.0284599 0.791911 12.5181
0.769203 -0.0129344 0.638906 5.23614 0.0284215 0.999516 -0.01398 -0.292295 -0.638417 0.0289118 0.769199 13.2817
0.74837 -0.0139 0.663126 5.90892 0.0310456 0.999441 -0.0140829 -0.304144 -0.662552 0.0311267 0.748387 14.0082
0.724269 -0.0103517 0.689473 6.60085 0.0296838 0.999449 -0.0161725 -0.313303 -0.688925 0.0321785 0.724178 14.7981
0.70323 -0.00905708 0.710899 7.33506 0.0294474 0.999455 -0.0163923 -0.352613 -0.710354 0.0324617 0.703119 15.4722
0.683021 -0.00975265 0.730362 8.14899 0.0314971 0.999396 -0.0161065 -0.378024 -0.729761 0.0340043 0.682918 16.1828
0.658494 -0.0110287 0.752502 8.95774 0.0339106 0.999336 -0.0150241 -0.397884 -0.751827 0.0354112 0.658436 16.9259
0.634684 -0.010381 0.772728 9.77074 0.0328966 0.999389 -0.0135902 -0.420094 -0.772112 0.0340446 0.634641 17.6024
0.612273 -0.0108089 0.790571 10.6157 0.0341044 0.999361 -0.0127455 -0.436729 -0.789918 0.0347656 0.612256 18.2582
0.590798 -0.0122367 0.806753 11.5093 0.0373576 0.999249 -0.0121974 -0.452192 -0.805996 0.0373433 0.590816 18.9202
0.570052 -0.0137639 0.821492 12.4187 0.042105 0.99906 -0.012475 -0.464046 -0.820538 0.0417005 0.570101 19.5625
0.552078 -0.0154255 0.833675 13.3252 0.0471199 0.99883 -0.0127188 -0.474447 -0.832502 0.046303 0.552163 20.1611
0.536229 -0.0186876 0.843865 14.2597 0.0535345 0.99852 -0.0119025 -0.491112 -0.842383 0.0515586 0.536441 20.7357
0.522759 -0.0218158 0.852229 15.2139 0.0580545 0.998285 -0.0100523 -0.51503 -0.850545 0.0547286 0.523133 21.2782
0.511414 -0.0235171 0.859012 16.1727 0.0613601 0.998098 -0.00920299 -0.535422 -0.857152 0.057416 0.51189 21.8016
0.499158 -0.0253339 0.866165 17.2047 0.0636287 0.997967 -0.00747573 -0.556978 -0.864209 0.0588426 0.499762 22.4084
0.48847 -0.0264511 0.87218 18.2685 0.0643177 0.997936 -0.00575355 -0.571011 -0.870219 0.0589072 0.48917 22.9891
0.477732 -0.0259184 0.878143 19.3337 0.0644032 0.99793 -0.00557975 -0.579989 -0.876174 0.0592194 0.478419 23.5844
0.468217 -0.0235074 0.883303 20.4026 0.0644961 0.997913 -0.00762716 -0.597101 -0.881269 0.0605407 0.468763 24.1581
0.457675 -0.0199984 0.888914 21.567 0.0653545 0.997822 -0.0111974 -0.600322 -0.886747 0.063218 0.457991 24.7861
0.450719 -0.0184725 0.89248 22.6466 0.0668666 0.997702 -0.0131154 -0.621238 -0.890174 0.0655884 0.450923 25.3092
0.444513 -0.0171212 0.895625 23.7787 0.0666229 0.997704 -0.0139906 -0.637069 -0.89332 0.0658873 0.444639 25.8778
0.440125 -0.0163541 0.897794 24.9342 0.0667449 0.99769 -0.0145434 -0.654456 -0.895469 0.0663239 0.440205 26.4355
0.4357 -0.015509 0.899972 26.1234 0.0675316 0.997621 -0.0154994 -0.679587 -0.897581 0.067529 0.435717 27.0185
0.432169 -0.0134512 0.901699 27.3172 0.0667989 0.997645 -0.0171299 -0.703889 -0.899333 0.0676354 0.432055 27.5877
0.429127 -0.012517 0.903172 28.5448 0.0669592 0.997618 -0.017986 -0.72035 -0.900785 0.0681932 0.428949 28.1665
0.427249 -0.012879 0.90405 29.7648 0.0665626 0.997658 -0.0172414 -0.739857 -0.901699 0.067542 0.427111 28.7481
0.42577 -0.0150077 0.904722 31.0082 0.0669615 0.997669 -0.0149605 -0.770485 -0.902377 0.0669505 0.425789 29.3379
0.424735 -0.0164386 0.905178 32.2945 0.0663773 0.997736 -0.0130234 -0.79982 -0.902901 0.0656143 0.424869 29.9374
0.423585 -0.0173441 0.905705 33.5864 0.0688252 0.997568 -0.0130824 -0.825735 -0.903264 0.0678762 0.423755 30.5401
0.423144 -0.0172254 0.905908 34.8729 0.0677634 0.997647 -0.0126789 -0.852506 -0.903545 0.0667518 0.42332 31.1601
0.422291 -0.0175013 0.906307 36.1902 0.0691576 0.997547 -0.0129576 -0.883616 -0.903846 0.0681492 0.422471 31.8028
0.420958 -0.0176126 0.906921 37.5314 0.0684031 0.997608 -0.0123731 -0.917553 -0.90452 0.0672439 0.421159 32.4748
0.42098 -0.0161961 0.906942 38.9392 0.0681999 0.997603 -0.0138387 -0.941913 -0.90453 0.0676784 0.421081 33.1445
0.421252 -0.0164105 0.906808 40.2896 0.0680786 0.997615 -0.0135685 -0.968804 -0.904408 0.0674489 0.421368 33.8214
0.422911 -0.017418 0.906022 41.7197 0.0669153 0.997714 -0.012051 -1.00202 -0.903726 0.0657223 0.423114 34.4879
0.424956 -0.0181011 0.905046 43.0469 0.0674521 0.997681 -0.0117146 -1.0446 -0.902721 0.0660242 0.425195 35.1547
0.426779 -0.0175291 0.904205 44.4989 0.0670355 0.997703 -0.0122959 -1.07036 -0.901896 0.0658604 0.426978 35.8369
0.428584 -0.017576 0.903344 45.9665 0.0678702 0.99764 -0.0127866 -1.09539 -0.900973 0.0667891 0.428769 36.5262
0.431051 -0.0178496 0.90217 47.4107 0.0674165 0.997675 -0.0124692 -1.12789 -0.899833 0.0661949 0.431257 37.2163
0.432873 -0.0198736 0.90125 48.8992 0.0694433 0.99755 -0.0113536 -1.14585 -0.8988 0.0674994 0.433195 37.9279
0.434866 -0.0219575 0.900245 50.4259 0.0709777 0.997457 -0.00995466 -1.16145 -0.897721 0.0682252 0.435322 38.6497
0.435526 -0.0214664 0.899935 51.926 0.0722495 0.997352 -0.0111721 -1.18601 -0.897296 0.0698845 0.435927 39.4055
0.436712 -0.0211337 0.899371 53.3587 0.0753636 0.997097 -0.0131618 -1.22539 -0.896467 0.0735265 0.437041 40.166
0.437397 -0.0214001 0.899028 54.93 0.0743304 0.997185 -0.0124238 -1.26498 -0.896215 0.0722584 0.437759 40.9339
0.437406 -0.0223694 0.899004 56.4175 0.0751764 0.99713 -0.0117629 -1.31312 -0.896143 0.0727277 0.437836 41.7302
0.437801 -0.0235025 0.89878 57.9267 0.0738036 0.997253 -0.00986964 -1.34773 -0.896061 0.0706532 0.438336 42.53
0.439825 -0.0249968 0.897757 59.4395 0.0749465 0.997177 -0.00894955 -1.38776 -0.89498 0.0712183 0.440461 43.3001
0.440793 -0.0264472 0.897234 61.0394 0.0755135 0.997144 -0.0077031 -1.42634 -0.89445 0.0711477 0.441533 44.0884
0.441823 -0.0263411 0.896737 62.6563 0.0749873 0.997184 -0.00765162 -1.4603 -0.893992 0.0706228 0.442558 44.8831
0.441611 -0.0252965 0.896867 64.3438 0.0741216 0.997243 -0.00836632 -1.48171 -0.894164 0.0701707 0.44227 45.7063
0.441262 -0.0243762 0.897069 65.9909 0.0732502 0.997303 -0.0089285 -1.51043 -0.894413 0.0696484 0.44186 46.5214
0.442328 -0.0237427 0.896557 67.6002 0.0723146 0.997369 -0.00926191 -1.5423 -0.893959 0.0689294 0.442882 47.3101
0.442937 -0.0237497 0.89626 69.3041 0.0708372 0.997481 -0.00857323 -1.56395 -0.89378 0.067284 0.443506 48.1217
0.443718 -0.0237527 0.895871 70.9284 0.0718034 0.997408 -0.00911579 -1.58364 -0.893312 0.0683699 0.444274 48.9342
0.445359 -0.0236606 0.895062 72.5562 0.0688378 0.997623 -0.00787688 -1.61652 -0.892733 0.0651198 0.445932 49.7619
0.443978 -0.0220056 0.895789 74.3305 0.0685669 0.997631 -0.00947309 -1.62642 -0.893439 0.0656256 0.444436 50.6352
0.442876 -0.0204239 0.896373 75.9827 0.0659099 0.997806 -0.0098265 -1.65675 -0.894186 0.0634295 0.443253 51.4833
0.440371 -0.0200632 0.897615 77.7262 0.066487 0.997764 -0.0103138 -1.68304 -0.895381 0.0642193 0.440721 52.3444
0.436655 -0.0199819 0.899433 79.4475 0.064407 0.997912 -0.00909539 -1.71727 -0.897353 0.0618987 0.437032 53.2197
0.434681 -0.0203459 0.90038 81.1683 0.0632802 0.997994 -0.00799576 -1.75899 -0.898382 0.0604495 0.4351 54.0132
0.431119 -0.0191611 0.902124 82.9386 0.0612936 0.998117 -0.00808856 -1.79422 -0.900251 0.0587784 0.431482 54.8887
0.426794 -0.0176345 0.904203 84.7313 0.0608995 0.998131 -0.00927622 -1.82102 -0.90232 0.0590223 0.427074 55.7656
0.423777 -0.0163329 0.90565 86.4377 0.0616398 0.998069 -0.01084 -1.87163 -0.903706 0.0604144 0.423967 56.6139
0.418851 -0.0149758 0.907938 88.2846 0.0601193 0.998158 -0.0112674 -1.89945 -0.906083 0.0593031 0.418975 57.4984
0.415546 -0.0141892 0.909486 90.0254 0.0576447 0.998308 -0.0107599 -1.93742 -0.907777 0.0568957 0.415662 58.3346
0.409895 -0.0131654 0.91205 91.8979 0.0554624 0.998437 -0.0105105 -1.96067 -0.910472 0.0548914 0.40998 59.2151
0.403168 -0.0126736 0.915062 93.8101 0.0544948 0.998491 -0.0101777 -1.98856 -0.913536 0.0539671 0.403251 60.1055
0.396095 -0.0122193 0.918141 95.6713 0.054473 0.998494 -0.0102084 -2.01523 -0.916619 0.0540559 0.39616 60.9872
0.390301 -0.0106633 0.92065 97.5398 0.0543872 0.998483 -0.0114891 -2.04622 -0.919114 0.0545531 0.390289 61.8248
0.388925 -0.0100344 0.921229 99.4459 0.0543125 0.998482 -0.0120506 -2.0876 -0.919695 0.0547193 0.388875 62.5837
0.38188 -0.00939017 0.92419 101.352 0.0550871 0.998433 -0.0126143 -2.11021 -0.922604 0.0557253 0.381798 63.4129
0.374606 -0.00870663 0.927161 103.283 0.0547363 0.998451 -0.0127362 -2.14786 -0.925596 0.0555184 0.374499 64.242
0.370009 -0.00700956 0.929027 105.186 0.0546182 0.998437 -0.0142165 -2.18372 -0.927457 0.0559994 0.369813 65.0079
0.366514 -0.00595426 0.930412 107.156 0.0551395 0.998394 -0.0153286 -2.21631 -0.928806 0.0569183 0.366251 65.7788
0.362426 -0.00729725 0.932008 109.225 0.0566975 0.99832 -0.0142281 -2.25497 -0.930319 0.0579962 0.362231 66.5718
0.35723 -0.0090534 0.933992 111.159 0.0584491 0.998243 -0.0126763 -2.31199 -0.932215 0.0591168 0.357129 67.3578
0.356242 -0.00890524 0.934377 113.128 0.0588425 0.998215 -0.0129176 -2.34746 -0.932573 0.0595795 0.35613 68.0718
0.356505 -0.00875317 0.934272 115.119 0.0592661 0.998187 -0.01326 -2.38987 -0.932441 0.0600953 0.356374 68.782
0.356311 -0.00806023 0.934358 117.168 0.0576078 0.998282 -0.0133535 -2.42187 -0.932625 0.0585806 0.356161 69.505
0.353583 -0.00584094 0.935408 119.237 0.0561787 0.998341 -0.0149984 -2.45044 -0.933748 0.0578502 0.353321 70.2764
0.350999 -0.00588474 0.936383 121.25 0.0547857 0.99843 -0.0142581 -2.5211 -0.934804 0.0563016 0.350768 71.0238
0.347942 -0.00652199 0.937519 123.3 0.0539471 0.998492 -0.0130722 -2.58067 -0.935997 0.0551215 0.347766 71.7868
0.344804 -0.00580367 0.938685 125.359 0.054231 0.998471 -0.0137437 -2.61996 -0.937141 0.0556412 0.344588 72.5513
0.341356 -0.00498234 0.939947 127.427 0.0530729 0.998527 -0.0139782 -2.65727 -0.93847 0.0546538 0.341114 73.3217
0.332848 -0.000269679 0.94301 129.374 0.0443767 0.998934 -0.0153741 -2.7129 -0.941971 0.0469613 0.332502 74.0683
0.329185 -0.000683469 0.944298 131.498 0.0442919 0.998948 -0.0147141 -2.7651 -0.943263 0.0466652 0.328865 74.8282
0.326614 -0.000928415 0.945189 133.592 0.0450819 0.998913 -0.0145937 -2.81547 -0.944119 0.047374 0.326298 75.5486
0.323724 -0.000661839 0.946186 135.732 0.0456779 0.998882 -0.0149262 -2.86625 -0.945087 0.0480482 0.323388 76.2844
0.322312 0.000831385 0.946667 137.834 0.0457899 0.998853 -0.0164639 -2.91373 -0.945564 0.0486507 0.321901 76.9922
0.321205 0.00230786 0.947043 139.998 0.0459766 0.998819 -0.0180246 -2.96066 -0.945933 0.049328 0.320715 77.7076
0.317954 0.00311644 0.948137 142.144 0.0461388 0.998798 -0.0187521 -3.01331 -0.947024 0.0497045 0.317425 78.4545
0.31535 0.00431117 0.949002 144.304 0.0458426 0.998792 -0.0197675 -3.07521 -0.947908 0.049735 0.314767 79.1726
0.312688 0.00462662 0.949883 146.502 0.0446379 0.99885 -0.0195558 -3.13455 -0.948849 0.0485114 0.312119 79.9271
0.309092 0.00494435 0.951057 148.709 0.0447476 0.998843 -0.0197324 -3.19555 -0.95002 0.0486533 0.30851 80.6502
0.30512 0.00451571 0.95234 150.885 0.0469022 0.998742 -0.0197592 -3.25849 -0.951199 0.0506917 0.304521 81.3675
0.302196 0.00403788 0.953277 153.101 0.0483221 0.99868 -0.0195454 -3.31297 -0.952062 0.0519672 0.301598 82.076
0.299416 0.00386085 0.954152 155.292 0.0496126 0.998615 -0.0196059 -3.37397 -0.952873 0.0532041 0.298806 82.7726
0.297598 0.00397051 0.954725 157.556 0.0495437 0.998619 -0.019593 -3.42632 -0.953449 0.0531277 0.296986 83.4744
0.295855 0.00542351 0.955253 159.771 0.0480206 0.998673 -0.0205392 -3.48593 -0.954066 0.0519443 0.295199 84.177
0.295016 0.00779342 0.955502 162.049 0.0468717 0.998684 -0.0226142 -3.55047 -0.954384 0.051454 0.294259 84.8558
0.29412 0.0106801 0.955742 164.307 0.0473915 0.99858 -0.0257396 -3.60669 -0.954633 0.0528605 0.293193 85.5151
0.293359 0.0115093 0.955974 166.485 0.045466 0.998669 -0.0259721 -3.69619 -0.954964 0.05108 0.292441 86.1827
0.294925 0.0118884 0.955482 168.666 0.0439252 0.998732 -0.0259815 -3.7872 -0.954552 0.0496282 0.294025 86.8139
0.291408 0.0122995 0.956565 170.889 0.0437908 0.998738 -0.0261786 -3.84668 -0.955644 0.0495136 0.290496 87.5397
0.279582 0.0139293 0.960057 173.007 0.0443329 0.998677 -0.0273968 -3.90715 -0.959139 0.0502175 0.278592 88.243
0.280057 0.0129432 0.95994 175.124 0.0435133 0.99875 -0.0261577 -3.98936 -0.959043 0.0490919 0.279139 88.8471
0.279621 0.0133297 0.960057 177.407 0.0446233 0.998681 -0.0268595 -4.06292 -0.959117 0.0503472 0.278653 89.4704
0.279094 0.014443 0.960199 179.704 0.0438565 0.998693 -0.027766 -4.14252 -0.959308 0.049856 0.27809 90.1061
0.278296 0.0149264 0.960419 182.02 0.0429363 0.998725 -0.0279599 -4.23659 -0.959581 0.0490139 0.277295 90.7689
0.27673 0.0151881 0.960873 184.401 0.042217 0.998758 -0.027942 -4.32722 -0.960066 0.0482934 0.275739 91.4208
0.275282 0.0155523 0.961276 186.784 0.0427256 0.998722 -0.0283902 -4.40847 -0.960458 0.0488825 0.27426 92.0702
0.273503 0.0146951 0.961806 189.129 0.0436005 0.998706 -0.0276541 -4.49496 -0.96093 0.0494944 0.272503 92.7637
0.270444 0.0132612 0.96268 191.456 0.0445161 0.998703 -0.0262598 -4.58139 -0.961748 0.049953 0.269497 93.4298
0.268815 0.0134163 0.963145 193.81 0.0461588 0.998616 -0.0267901 -4.66107 -0.962132 0.051655 0.267818 94.0705
0.266766 0.014714 0.963686 196.249 0.0458144 0.9986 -0.0279259 -4.73644 -0.962716 0.0515964 0.265712 94.7199
0.264235 0.0140407 0.964403 198.558 0.0437609 0.998733 -0.026527 -4.84765 -0.963515 0.0492079 0.263278 95.3911
0.264956 0.0157612 0.964174 200.897 0.0445532 0.998641 -0.0285646 -4.92473 -0.963277 0.0505213 0.263886 95.9656
0.265362 0.0177654 0.964031 203.237 0.045172 0.998547 -0.0308322 -5.00342 -0.963139 0.0517243 0.264166 96.5547
0.266386 0.0185323 0.963729 205.469 0.0422422 0.998674 -0.030877 -5.11044 -0.962989 0.0489314 0.265241 97.1755
0.267314 0.019293 0.963463 207.815 0.0430014 0.998609 -0.0319242 -5.1981 -0.962699 0.0499595 0.266103 97.7618
0.269288 0.0183281 0.962929 210.113 0.0443998 0.998564 -0.0314195 -5.27987 -0.962087 0.0512106 0.268078 98.3279
0.267715 0.017549 0.963384 212.381 0.0444376 0.99859 -0.0305356 -5.37495 -0.962522 0.0509809 0.266549 98.9564
0.266062 0.0178703 0.963835 214.59 0.0417366 0.998721 -0.0300349 -5.47175 -0.963103 0.0482147 0.264967 99.5867
0.263044 0.0192538 0.96464 216.857 0.0401967 0.99876 -0.0308925 -5.56397 -0.963998 0.0468972 0.261934 100.219
0.259446 0.0186237 0.96562 219.163 0.0433254 0.998628 -0.0308976 -5.66072 -0.964835 0.0498487 0.258273 100.814
0.254608 0.0186945 0.966923 221.514 0.0416052 0.998722 -0.0302617 -5.76468 -0.966207 0.0479288 0.253496 101.484
0.252218 0.0198997 0.967503 223.773 0.0408041 0.998727 -0.0311753 -5.84744 -0.966854 0.0473386 0.251075 102.065
0.249194 0.0205199 0.968297 226.153 0.0405233 0.998726 -0.0315907 -5.93215 -0.967666 0.0471058 0.248036 102.665
0.243749 0.0213196 0.969639 228.427 0.0393616 0.998765 -0.0318508 -6.02437 -0.969081 0.0459281 0.242599 103.27
0.240847 0.0234995 0.970339 230.651 0.036744 0.998816 -0.0333067 -6.10899 -0.969926 0.0436713 0.23969 103.849
0.235402 0.0239337 0.971641 232.914 0.0373541 0.998783 -0.0336483 -6.20942 -0.971225 0.0442132 0.234212 104.434
0.234003 0.0243886 0.971986 235.121 0.0376818 0.998754 -0.0341292 -6.30602 -0.971562 0.0446081 0.232784 104.968
0.228873 0.0240074 0.973198 237.34 0.0417689 0.998581 -0.0344528 -6.40912 -0.972605 0.0485321 0.227537 105.507
0.229475 0.0257151 0.973031 239.583 0.0396526 0.998622 -0.03574 -6.50033 -0.972563 0.0467802 0.228131 106.027
0.227131 0.0253706 0.973573 241.905 0.0404548 0.998599 -0.0354571 -6.61252 -0.973071 0.0474366 0.225777 106.561
0.22556 0.0260298 0.973938 244.23 0.0379666 0.998698 -0.0354813 -6.71493 -0.973547 0.044976 0.22427 107.109
0.224031 0.0260406 0.974276 246.511 0.0359585 0.998791 -0.0349606 -6.83203 -0.973968 0.0428634 0.222814 107.641
0.222581 0.0273377 0.974592 248.945 0.0378148 0.998664 -0.0366461 -6.93102 -0.974239 0.0450064 0.221241 108.165
0.220703 0.0282514 0.974975 251.295 0.0374596 0.998647 -0.0374131 -7.0326 -0.974673 0.0447771 0.219336 108.725
0.219025 0.030742 0.975297 253.604 0.0389794 0.998484 -0.0402234 -7.13058 -0.974998 0.0468221 0.217485 109.261
0.215613 0.0333913 0.975954 256.047 0.0398119 0.998332 -0.0429485 -7.23399 -0.975722 0.0481122 0.213914 109.819
0.206928 0.0328058 0.977863 258.455 0.0402635 0.998359 -0.0420103 -7.34823 -0.977581 0.0480616 0.205258 110.385
0.2022 0.0334694 0.978822 260.731 0.0410069 0.9983 -0.0426024 -7.47672 -0.978547 0.0487503 0.200472 110.908
0.197252 0.0341763 0.979815 263.022 0.0402654 0.998321 -0.0429245 -7.59107 -0.979579 0.0479158 0.195536 111.393
0.19368 0.0360468 0.980449 265.329 0.0435796 0.998073 -0.0452993 -7.69196 -0.980155 0.0514989 0.191726 111.837
0.191633 0.0376094 0.980805 267.678 0.0421865 0.998081 -0.046511 -7.80603 -0.980614 0.0502856 0.18967 112.286
0.189396 0.0387822 0.98118 270.086 0.042026 0.998035 -0.0475562 -7.92706 -0.981059 0.0502401 0.187383 112.729
0.190321 0.0386999 0.981018 272.49 0.0407217 0.998106 -0.0472709 -8.0457 -0.980932 0.0489412 0.188375 113.175
0.187869 0.0377901 0.981518 274.928 0.0420979 0.998087 -0.0464815 -8.17922 -0.98135 0.0500504 0.185908 113.65
0.183463 0.0371924 0.982382 277.394 0.0466801 0.997883 -0.0464935 -8.30007 -0.981974 0.0543841 0.181329 114.147
0.183278 0.0365798 0.982432 279.929 0.045261 0.99799 -0.0455982 -8.42948 -0.982077 0.052821 0.181243 114.61
0.183318 0.0361813 0.982447 282.408 0.0447421 0.998037 -0.0451004 -8.55591 -0.982091 0.052221 0.181329 115.047
0.184399 0.0350664 0.982278 284.897 0.0467423 0.997976 -0.0443969 -8.68967 -0.981799 0.0540985 0.182375 115.479
0.185913 0.0344788 0.98202 287.428 0.04715 0.997977 -0.0439617 -8.81464 -0.981491 0.0544717 0.183901 115.899
0.188387 0.0349052 0.981528 289.897 0.046685 0.997977 -0.044446 -8.95067 -0.981046 0.0541933 0.186365 116.32
0.189899 0.0372257 0.981158 292.424 0.0457285 0.997919 -0.0467086 -9.08405 -0.980793 0.0537332 0.187791 116.746
0.189818 0.037592 0.981154 294.909 0.0449628 0.997942 -0.0469293 -9.21183 -0.980851 0.0530211 0.187725 117.173
0.187563 0.0359951 0.981657 297.423 0.0428193 0.99814 -0.0447771 -9.36476 -0.981378 0.0504288 0.185661 117.642
0.179906 0.0359817 0.983088 300.165 0.0401707 0.998285 -0.0438852 -9.47964 -0.982932 0.0473834 0.178139 118.193
0.162937 0.0380907 0.985966 302.688 0.0447723 0.998006 -0.0459509 -9.57913 -0.985679 0.0516275 0.160896 118.716
0.158582 0.0368991 0.986718 305.29 0.0443656 0.998083 -0.0444504 -9.72522 -0.986417 0.0508221 0.156629 119.174
0.15411 0.0361439 0.987458 307.962 0.0458016 0.998061 -0.0436763 -9.86293 -0.987051 0.0519544 0.152145 119.61
0.152552 0.0360056 0.987702 310.303 0.0475311 0.997971 -0.0437171 -9.97572 -0.98722 0.0536123 0.15052 120.149
0.149836 0.03575 0.988133 313.061 0.0482081 0.997957 -0.0434121 -10.1015 -0.987597 0.0541364 0.147796 120.544
0.147176 0.034863 0.988559 315.734 0.0489449 0.997956 -0.0424773 -10.2299 -0.987966 0.0546333 0.145158 120.94
0.144717 0.0334765 0.988974 318.403 0.0477299 0.998092 -0.040766 -10.3772 -0.988383 0.0530988 0.142833 121.317
0.140621 0.0334823 0.989565 321.103 0.0466599 0.998151 -0.0403998 -10.5102 -0.989036 0.0518504 0.138788 121.728
0.133676 0.0323846 0.990568 323.641 0.0468674 0.998204 -0.0389561 -10.6508 -0.989982 0.0516279 0.131908 122.234
0.125992 0.0300001 0.991646 326.353 0.0440751 0.998445 -0.0358021 -10.7913 -0.991124 0.0482143 0.124464 122.668
0.122101 0.0292966 0.992156 329.058 0.0462397 0.998375 -0.0351679 -10.9151 -0.991505 0.0501662 0.120538 122.989
0.117571 0.0276948 0.992746 331.665 0.0430231 0.998591 -0.0329493 -11.0421 -0.992202 0.0465819 0.116204 123.374
0.115034 0.0258371 0.993097 334.368 0.0429746 0.998661 -0.0309568 -11.1726 -0.992498 0.0462344 0.113759 123.688
0.110498 0.0249561 0.993632 337.082 0.0428541 0.998695 -0.0298452 -11.2815 -0.993024 0.0458761 0.109275 124.051
0.106135 0.0259445 0.994085 339.838 0.0395848 0.998822 -0.0302914 -11.3859 -0.993631 0.0425612 0.104973 124.396
0.101972 0.0274205 0.994478 342.571 0.0353366 0.998951 -0.0311634 -11.4989 -0.994231 0.0383166 0.100886 124.725
0.0980233 0.0288817 0.994838 345.365 0.0317278 0.999046 -0.0321271 -11.6106 -0.994746 0.0347093 0.0970036 125.027
0.0943326 0.0284003 0.995205 348.212 0.0299423 0.999121 -0.0313465 -11.7213 -0.995163 0.0327535 0.0933897 125.28
0.0896608 0.0273061 0.995674 350.76 0.0305421 0.999144 -0.0301488 -11.8044 -0.995575 0.0331092 0.0887407 125.674
0.0859884 0.0288029 0.99595 353.56 0.0298813 0.99912 -0.0314708 -11.904 -0.995921 0.0324642 0.0850424 125.916
0.0810521 0.0308999 0.996309 356.36 0.0300024 0.999058 -0.033423 -12.0051 -0.996329 0.0325966 0.0800396 126.156
0.0758885 0.0293724 0.996747 359.039 0.0297808 0.999117 -0.0317055 -12.1188 -0.996736 0.0320885 0.0749376 126.387
0.0725638 0.0283966 0.997038 361.703 0.0265755 0.999251 -0.0303909 -12.2257 -0.99708 0.0286984 0.0717465 126.613
0.0693065 0.0285984 0.99725 364.4 0.0258586 0.999266 -0.0304492 -12.328 -0.997326 0.0278966 0.068507 126.808
0.0716265 0.0299892 0.997062 367.038 0.0211338 0.999345 -0.0315732 -12.4227 -0.99728 0.0233302 0.0709371 127.024
0.069513 0.0301294 0.997191 369.788 0.0197465 0.999371 -0.0315673 -12.5225 -0.997458 0.0218847 0.0688639 127.212
0.0698173 0.0303751 0.997176 372.549 0.0186815 0.999388 -0.0317474 -12.6229 -0.997458 0.0208428 0.0691978 127.351
0.0655672 0.0319167 0.997411 375.302 0.0158183 0.999394 -0.0330158 -12.7326 -0.9978 0.0179415 0.0650125 127.553
0.0608009 0.0367258 0.997552 377.939 0.00727681 0.999346 -0.0372322 -12.8456 -0.998198 0.00952112 0.0604848 127.726
0.057123 0.0465311 0.997359 380.714 -0.00475192 0.998981 -0.0463302 -12.9777 -0.998435 -0.00209121 0.057275 127.978
0.0395433 0.0492915 0.998077 383.466 0.00686608 0.998812 -0.0495966 -13.1269 -0.99927 0.0088125 0.0391496 128.162
0.0380574 0.0449131 0.998342 386.207 0.0120621 0.998964 -0.0453962 -13.2691 -0.999281 0.0137708 0.0374659 128.299
0.0358216 0.0344678 0.998834 388.919 0.0111634 0.999394 -0.0348838 -13.3949 -0.999366 0.0123985 0.0354069 128.391
0.0323347 0.0262156 0.999213 391.724 0.00529567 0.999706 -0.0263953 -13.4945 -0.999542 0.00614687 0.0321758 128.47
0.0295156 0.0235516 0.999357 394.465 0.000546649 0.999787 -0.0235742 -13.5899 -0.999635 0.00124128 0.0294886 128.541
0.0303287 0.0241685 0.999327 397.271 -0.00431856 0.99977 -0.0240434 -13.6789 -0.999608 -0.00358328 0.0304149 128.638
0.0291246 0.0267917 0.999286 399.971 0.00218973 0.999701 -0.026863 -13.7766 -0.999644 0.0029696 0.0290494 128.685
0.031223 0.031618 0.999095 402.774 0.00729192 0.999535 -0.0318549 -13.8702 -0.999564 0.00828247 0.0309657 128.618
0.030565 0.0357686 0.998946 405.462 0.00609034 0.999401 -0.0359664 -13.9797 -0.999568 0.00718263 0.0303205 128.728
0.0323577 0.0372193 0.998866 408.188 0.00742591 0.999338 -0.0374728 -14.0921 -0.999527 0.0086323 0.0320474 128.735
0.0294719 0.0363103 0.998961 410.908 0.00749526 0.999371 -0.0365416 -14.2129 -0.999593 0.00856399 0.0291725 128.835
0.0250644 0.0359176 0.999133 413.584 0.00536823 0.999405 -0.0360579 -14.3311 -0.999758 0.0062698 0.0248445 128.996
0.019978 0.0354018 0.999236 416.294 0.00790644 0.999405 -0.0355616 -14.4555 -0.999813 0.00861081 0.0196778 129.015
0.0198034 0.0357033 0.999258 418.995 0.00751542 0.999399 -0.0358531 -14.5729 -0.999862 0.00822234 0.0195113 129.057
0.0184969 0.0362403 0.999235 421.644 0.0083769 0.999372 -0.036396 -14.6939 -0.999838 0.00904388 0.0181733 129.105
0.017647 0.0346227 0.999336 424.324 0.00781144 0.999435 -0.0347598 -14.8124 -0.9999 0.00842231 0.0173547 129.176
0.0154177 0.0324842 0.999419 427.012 0.00647322 0.999517 -0.0325833 -14.9267 -0.999906 0.00697234 0.0151916 129.282
0.00950621 0.029086 0.999614 429.672 0.0110406 0.999587 -0.0291849 -15.0511 -0.999966 0.0113164 0.00916976 129.295
0.00705573 0.0304501 0.999575 432.287 0.0142099 0.999503 -0.0305442 -15.1735 -0.999918 0.0144197 0.00661173 129.285
0.00617448 0.034349 0.999469 435.004 0.0115131 0.999416 -0.0344127 -15.2857 -0.999987 0.0117225 0.00576372 129.282
0.00971292 0.0367881 0.999335 437.677 0.00223075 0.999387 -0.0368074 -15.3958 -0.999992 0.00258786 0.00961675 129.355
0.00283098 0.0360516 0.999425 440.38 0.00565061 0.99941 -0.0360615 -15.5193 -1.00005 0.00575292 0.00261428 129.402
-0.00140178 0.037324 0.999368 443.019 -0.000600331 0.999371 -0.0373211 -15.6364 -1.00004 -0.000650686 -0.00138629 129.527
-0.00780364 0.0368563 0.999371 445.744 -0.00363821 0.999387 -0.0368799 -15.7743 -1.00003 -0.00391903 -0.00767544 129.57
-0.0102031 0.0374358 0.999315 448.382 -0.00554687 0.99935 -0.0374898 -15.9025 -0.999974 -0.00592363 -0.0099958 129.611
-0.0145479 0.0353114 0.999345 450.974 -0.00172169 0.99945 -0.0353342 -16.0328 -0.999954 -0.00223019 -0.0144892 129.584
-0.0114495 0.0316411 0.999501 453.559 -0.00162611 0.999565 -0.0316578 -16.1469 -0.999976 -0.00198619 -0.0113998 129.558
-0.0116217 0.0263022 0.999663 456.115 0.00605246 0.999717 -0.0262273 -16.2487 -0.999977 0.00574928 -0.0117877 129.498
-0.00985199 0.0230118 0.999749 458.656 0.00522149 0.999786 -0.0229571 -16.3171 -0.999976 0.00499533 -0.00997725 129.497
-0.0062349 0.0249665 0.999747 461.354 0.000347922 0.999765 -0.0249589 -16.4155 -1.00004 0.000196655 -0.00625347 129.454
-0.00709944 0.0311211 0.999552 464 -0.00153182 0.999578 -0.0311284 -16.5138 -1.00001 -0.00175037 -0.00705651 129.363
-0.00238934 0.0333864 0.999512 466.574 -0.00639241 0.999499 -0.0333949 -16.6267 -1.00003 -0.00646455 -0.00218678 129.36
0.01433 0.0328808 0.999421 469.173 -0.0154083 0.999412 -0.0326554 -16.7513 -0.999815 -0.0149287 0.0148188 129.36
0.0171781 0.0322756 0.999403 471.76 -0.0121254 0.999489 -0.0320637 -16.8647 -0.999834 -0.0115621 0.0175467 129.399
0.0220316 0.0318787 0.999312 474.368 -0.0139478 0.999468 -0.0315719 -16.9655 -0.999696 -0.0132398 0.0224543 129.449
0.0224245 0.0353693 0.999195 477.013 -0.0162151 0.999333 -0.0350039 -17.0811 -0.999672 -0.0154114 0.0229687 129.555
0.0250036 0.0346785 0.999153 479.69 -0.0219085 0.999241 -0.0341292 -17.2079 -0.999484 -0.0210329 0.025734 129.6
0.0254597 0.0337212 0.999179 482.339 -0.0309566 0.999056 -0.0329219 -17.3308 -0.999252 -0.0300859 0.0264648 129.703
0.0268255 0.0352661 0.999087 485.036 -0.0378508 0.998762 -0.0342342 -17.4475 -0.998962 -0.0368927 0.0281163 129.776
0.0344616 0.036036 0.998832 487.664 -0.0443663 0.998496 -0.0344872 -17.5602 -0.99848 -0.0431175 0.0359929 129.884
0.0294867 0.0341442 0.999055 490.208 -0.0371371 0.998833 -0.0330363 -17.6903 -0.998916 -0.0361222 0.0307088 129.978
0.0333624 0.031419 0.999031 492.746 -0.0359935 0.998973 -0.0302095 -17.7986 -0.998858 -0.0349427 0.0344433 130.042
0.0354028 0.028656 0.999036 495.199 -0.0353224 0.99907 -0.0274011 -17.9069 -0.99879 -0.0343126 0.0363698 130.073
0.0383799 0.0306757 0.998874 497.561 -0.0372939 0.998955 -0.0292395 -18.0026 -0.998631 -0.036121 0.0394669 130.168
0.0405162 0.0326894 0.99872 499.872 -0.0389969 0.998825 -0.0311067 -18.0962 -0.99846 -0.0376806 0.0417306 130.257
0.0442135 0.0345025 0.998512 502.114 -0.0380614 0.998813 -0.0328222 -18.194 -0.998365 -0.0365444 0.0454567 130.343
0.0532391 0.0323256 0.998138 504.194 -0.0359811 0.998961 -0.030429 -18.2936 -0.99798 -0.0342882 0.0543332 130.371
0.0572418 0.031856 0.997941 506.184 -0.0337476 0.999058 -0.0299509 -18.3747 -0.99786 -0.0319548 0.0582439 130.46
0.066608 0.0313904 0.997369 508.156 -0.037151 0.998962 -0.0289556 -18.4554 -0.997137 -0.0351182 0.0676901 130.57
0.0722437 0.0321878 0.99695 510.044 -0.0424642 0.998748 -0.0291633 -18.5198 -0.996545 -0.0402184 0.0734995 130.747
0.0645751 0.0303051 0.997535 511.83 -0.0360933 0.99903 -0.0280099 -18.6019 -0.997302 -0.0341896 0.0655916 130.86
0.075089 0.0302952 0.996802 513.511 -0.0412516 0.998854 -0.0272449 -18.6548 -0.996389 -0.0390641 0.0762311 130.976
0.0805677 0.03164 0.996332 514.981 -0.043316 0.99874 -0.0282095 -18.7114 -0.995851 -0.0408775 0.0818202 131.071
0.0620477 0.0326918 0.997622 516.273 -0.0342835 0.999025 -0.0305997 -18.7768 -0.997549 -0.0322949 0.0630877 131.209
0.0685175 0.0334987 0.997181 517.416 -0.0384097 0.99886 -0.0309123 -18.8087 -0.996963 -0.0361765 0.0697109 131.307
0.0673852 0.0322546 0.997285 518.365 -0.0369086 0.998955 -0.0298087 -18.8549 -0.997104 -0.0347912 0.0684841 131.36
0.0769243 0.0321996 0.99661 519.231 -0.0422198 0.998762 -0.0290067 -18.8885 -0.996197 -0.0398381 0.0781727 131.416
0.079585 0.0319877 0.996396 520.017 -0.0420216 0.998783 -0.0287022 -18.9184 -0.996006 -0.0395765 0.0808098 131.43
0.079318 0.0328628 0.9964 520.674 -0.0425151 0.998733 -0.0295518 -18.9449 -0.995996 -0.040011 0.0805987 131.504
0.078869 0.0322369 0.996442 521.186 -0.0422355 0.998765 -0.0289633 -18.9674 -0.996051 -0.0397916 0.0801108 131.53
0.0885699 0.0315102 0.995672 521.565 -0.0471984 0.998586 -0.0274005 -18.9694 -0.995008 -0.044559 0.089915 131.535
0.082226 0.029867 0.996247 521.973 -0.0440269 0.998762 -0.0263029 -18.9893 -0.995703 -0.0416892 0.0834168 131.55
0.0810444 0.0290739 0.996385 522.255 -0.0376883 0.999023 -0.0260818 -19.0257 -0.996056 -0.0354303 0.0820432 131.555
0.0872113 0.0293705 0.995842 522.401 -0.0397502 0.998949 -0.0259755 -19.0292 -0.995464 -0.03731 0.0882639 131.531
0.0973497 0.0306001 0.994877 522.546 -0.0433182 0.998786 -0.0264778 -19.0255 -0.994363 -0.0405109 0.0985378 131.509
0.0907599 0.0296903 0.995516 522.652 -0.0386192 0.998989 -0.0262672 -19.0448 -0.99519 -0.036052 0.0917905 131.55
0.0880209 0.0297156 0.995773 522.87 -0.0362254 0.999066 -0.0266079 -19.0488 -0.995515 -0.0337229 0.0889968 131.537
0.101666 0.0327391 0.994366 522.895 -0.045416 0.998649 -0.0282308 -19.0303 -0.993849 -0.0422795 0.102989 131.575
0.0954374 0.0331118 0.994988 523.026 -0.0438688 0.998693 -0.0290238 -19.0451 -0.994528 -0.0408705 0.0967456 131.611
0.10094 0.0319239 0.994469 523.066 -0.0423623 0.998797 -0.0277571 -19.0546 -0.994061 -0.0393157 0.102144 131.512
0.101373 0.031076 0.994468 523.103 -0.0429576 0.998796 -0.0268286 -19.0569 -0.993981 -0.0399911 0.102565 131.519
0.110334 0.0308023 0.993513 523.026 -0.0469157 0.998648 -0.0257457 -19.0456 -0.992861 -0.043759 0.111602 131.489
0.111118 0.0317349 0.993407 523.042 -0.0445129 0.998726 -0.0269221 -19.0443 -0.992871 -0.0412183 0.112367 131.44
0.106685 0.031856 0.993881 522.991 -0.042016 0.998822 -0.0274986 -19.0538 -0.993483 -0.0388135 0.107869 131.495
0.10852 0.0315473 0.993701 523.106 -0.0425436 0.998807 -0.0270596 -19.0506 -0.993245 -0.0393295 0.109711 131.477
0.109622 0.0310006 0.993591 523.143 -0.0433645 0.998793 -0.0263732 -19.0505 -0.993106 -0.0401831 0.110805 131.472
0.113618 0.0317832 0.993123 523.252 -0.0465434 0.998641 -0.0266313 -19.05 -0.992495 -0.0431871 0.11492 131.485
0.117167 0.0329646 0.992668 523.377 -0.0503541 0.998443 -0.0272076 -19.0495 -0.991916 -0.0467836 0.118615 131.513
0.106433 0.0304243 0.993963 523.503 -0.0455619 0.998711 -0.0256873 -19.0721 -0.993339 -0.042542 0.107659 131.533
0.106246 0.0290845 0.994019 523.632 -0.0445897 0.998788 -0.0244528 -19.0737 -0.99342 -0.0417118 0.107385 131.514
0.106061 0.0283754 0.994065 523.721 -0.0457248 0.998755 -0.0236271 -19.0724 -0.993371 -0.0429363 0.107204 131.52
0.0903186 0.0295361 0.995581 523.797 -0.0398208 0.998951 -0.0260183 -19.086 -0.995198 -0.0372821 0.0913725 131.569
0.0928583 0.0335902 0.995222 523.945 -0.0416951 0.998769 -0.0298154 -19.0779 -0.994867 -0.0387164 0.0941225 131.562
0.10468 0.0373877 0.993892 523.949 -0.0518155 0.998218 -0.0320871 -19.0464 -0.993232 -0.0481264 0.1064 131.585
0.097822 0.0348187 0.994705 523.892 -0.0484761 0.998453 -0.0301784 -19.052 -0.994084 -0.0452551 0.0993348 131.594
0.0990029 0.034111 0.994592 523.972 -0.0501258 0.998392 -0.0292459 -19.0428 -0.993901 -0.0469454 0.100523 131.616
0.0925563 0.0324117 0.995297 524.15 -0.0414536 0.998817 -0.0286672 -19.0744 -0.994904 -0.0385921 0.0937643 131.572
0.0956575 0.0340868 0.994922 524.219 -0.0442886 0.998648 -0.0299504 -19.0707 -0.994509 -0.0411851 0.0970074 131.605
0.0904013 0.0338314 0.995445 524.289 -0.0401979 0.998818 -0.0302913 -19.0853 -0.995152 -0.0372634 0.091628 131.586
0.0929056 0.0324909 0.995238 524.312 -0.0387853 0.998907 -0.0289843 -19.0993 -0.995001 -0.0358944 0.0940335 131.546
0.102159 0.0328321 0.994343 524.238 -0.0449792 0.998667 -0.0283496 -19.0765 -0.993811 -0.0418149 0.103473 131.518
0.0902277 0.0316445 0.995517 524.044 -0.0419866 0.998808 -0.0279382 -19.0828 -0.99512 -0.039263 0.091419 131.565
0.103536 0.0313812 0.994249 523.914 -0.0465423 0.998642 -0.0266689 -19.0767 -0.993597 -0.0434998 0.104829 131.493
0.103676 0.0313805 0.994215 523.927 -0.0457453 0.998677 -0.0267453 -19.0786 -0.993645 -0.0426932 0.104943 131.496
0.105151 0.0307946 0.994097 523.95 -0.0471775 0.998631 -0.0259404 -19.0727 -0.993397 -0.0441577 0.106434 131.495
0.0955238 0.0274749 0.995151 524.128 -0.043346 0.998872 -0.023411 -19.1018 -0.994571 -0.0408844 0.0965764 131.493
0.0951039 0.0262103 0.995233 524.165 -0.0412319 0.998984 -0.022364 -19.1191 -0.994667 -0.0388957 0.096062 131.474
0.0948397 0.0274826 0.99522 524.082 -0.0454923 0.998786 -0.0232398 -19.1044 -0.994545 -0.0430542 0.0959421 131.5
0.0979962 0.0290286 0.994875 524.003 -0.0470556 0.998676 -0.0244995 -19.0947 -0.994129 -0.0444 0.0992063 131.514
0.0948147 0.0270532 0.99524 523.84 -0.041217 0.998973 -0.0232219 -19.1118 -0.994727 -0.038803 0.0958007 131.447
0.105662 0.0268409 0.994153 523.778 -0.0456998 0.998796 -0.022104 -19.0995 -0.993407 -0.0430838 0.106734 131.406
0.106439 0.0265844 0.994076 523.839 -0.0476431 0.998721 -0.0216013 -19.0919 -0.993261 -0.0450447 0.107537 131.456
0.0879364 0.0240274 0.995954 523.786 -0.0316829 0.999357 -0.021307 -19.1481 -0.99568 -0.0296684 0.0886147 131.49
0.0876138 0.0256402 0.995941 523.677 -0.042124 0.998964 -0.0220061 -19.1059 -0.995348 -0.0400073 0.0885715 131.541
0.0879536 0.025489 0.995916 523.667 -0.0417412 0.998975 -0.0218757 -19.1106 -0.995309 -0.0396321 0.0889006 131.53
0.0849768 0.0252897 0.996182 523.667 -0.0418784 0.998979 -0.0217822 -19.1119 -0.995588 -0.0398493 0.0859183 131.57
0.0850553 0.0257592 0.996162 523.681 -0.044521 0.998853 -0.0220223 -19.0959 -0.995442 -0.0424618 0.0860784 131.58
0.0856098 0.0256289 0.996119 523.709 -0.0453242 0.99883 -0.0217971 -19.0946 -0.995384 -0.0432632 0.0866404 131.568
0.0790085 0.0259786 0.996658 523.677 -0.0452343 0.998813 -0.022444 -19.0988 -0.995911 -0.0432937 0.0800647 131.617
0.068008 0.0264517 0.997458 523.684 -0.0415926 0.998954 -0.0236493 -19.116 -0.996908 -0.0398596 0.0690089 131.677
0.0712311 0.0261921 0.997242 523.675 -0.0427746 0.998906 -0.0231757 -19.1106 -0.996608 -0.0409895 0.0722499 131.666
0.0780004 0.0255365 0.99675 523.691 -0.0472577 0.998742 -0.0218831 -19.0915 -0.995923 -0.0453774 0.0790791 131.658
0.0743381 0.024117 0.997069 523.782 -0.0454895 0.998841 -0.0207635 -19.0992 -0.996261 -0.0437956 0.075325 131.646
0.0714968 0.0252442 0.997251 523.7 -0.0458195 0.998809 -0.0219923 -19.0976 -0.99648 -0.0441009 0.0725396 131.668
0.068942 0.0269166 0.997387 523.717 -0.0432792 0.99887 -0.0239604 -19.0954 -0.996748 -0.0414973 0.070006 131.64
0.061875 0.0291361 0.997791 523.668 -0.0432176 0.998815 -0.0264797 -19.0929 -0.99724 -0.0414634 0.0630344 131.718
0.0646147 0.0283964 0.997637 523.702 -0.042248 0.998873 -0.0256905 -19.1001 -0.997084 -0.040471 0.0657195 131.676
0.0662452 0.0276506 0.997553 523.744 -0.0418448 0.998913 -0.0249033 -19.1011 -0.997019 -0.0400723 0.0673031 131.648
0.0707826 0.0237879 0.997342 523.935 -0.0475569 0.998758 -0.0204417 -19.1066 -0.996428 -0.0459648 0.0718043 131.706
0.0587674 0.0220657 0.998163 523.946 -0.0412998 0.999056 -0.0196476 -19.1347 -0.997512 -0.0400484 0.0595987 131.719
0.0578439 0.022315 0.998212 523.93 -0.0405748 0.999076 -0.0199782 -19.1367 -0.997571 -0.0393286 0.0586764 131.711
0.0580868 0.0240421 0.998158 523.88 -0.0455604 0.998835 -0.0214007 -19.115 -0.997369 -0.0442111 0.0590896 131.739
0.0542747 0.0221937 0.998415 523.692 -0.0414946 0.999041 -0.0199469 -19.1278 -0.997735 -0.0403273 0.0551249 131.692
0.0536969 0.0222434 0.998446 523.692 -0.0414016 0.999043 -0.0200236 -19.1245 -0.997797 -0.0402401 0.0545428 131.695
0.0428756 0.0240882 0.998929 523.756 -0.0375374 0.999145 -0.0224774 -19.114 -0.998446 -0.0365148 0.0437267 131.744
0.0471432 0.0244557 0.998727 523.911 -0.0400174 0.999046 -0.022568 -19.1173 -0.998188 -0.0388803 0.048054 131.756
0.0480402 0.0251247 0.998669 523.887 -0.0397273 0.999044 -0.0232179 -19.1171 -0.998127 -0.0385394 0.0489747 131.722
0.0443942 0.0255543 0.998827 523.847 -0.0413799 0.998965 -0.0237121 -19.1112 -0.998259 -0.0402558 0.0453834 131.791
0.0449318 0.0251706 0.998813 523.882 -0.0435156 0.99889 -0.0232096 -19.1015 -0.998115 -0.0424007 0.0459602 131.822
0.0367345 0.0275574 0.999086 523.926 -0.0423379 0.998868 -0.0259881 -19.0822 -0.99853 -0.0413216 0.037839 131.878
0.0361147 0.0281843 0.999091 523.925 -0.0407349 0.99892 -0.0267017 -19.0844 -0.99859 -0.0397132 0.0372082 131.844
0.0352433 0.0290533 0.999101 523.932 -0.0412805 0.998873 -0.0275835 -19.0789 -0.99863 -0.040247 0.0363816 131.83
0.0339217 0.0285704 0.999159 523.875 -0.0422812 0.998844 -0.0271208 -19.0837 -0.998604 -0.0413047 0.0350753 131.887
0.0273085 0.0263958 0.999423 523.919 -0.0379885 0.999065 -0.0253413 -19.1058 -0.999008 -0.0372507 0.0282661 131.93
0.0393241 0.025835 0.999038 523.89 -0.0417007 0.998946 -0.0241859 -19.0937 -0.998432 -0.0406885 0.0403449 131.856
0.0338438 0.0257474 0.999241 523.873 -0.0420689 0.998928 -0.0243074 -19.0937 -0.998644 -0.0411898 0.0348707 131.923
