0.999998 0.000295094 -0.00228655 -0.0255586 -0.000294539 1 0.000119459 0.0121691 0.00228668 -0.00011878 0.999998 0.770744
0.999994 0.00280183 -0.00244603 -0.0323839 -0.00280057 0.999996 0.000533022 -0.00685295 0.00244759 -0.000526171 0.999997 1.53673
0.999991 0.00394048 -0.00199683 -0.0456432 -0.00393938 0.999993 0.000302176 -0.0267702 0.00199821 -0.000294343 1 2.28217
0.999983 0.00594877 -0.00255033 -0.038749 -0.00595037 0.999984 -0.000296806 -0.0330688 0.00254911 0.000311683 1 3.01161
0.999981 0.00585312 -0.0024348 -0.0479903 -0.00585359 0.999983 -0.000462048 -0.0539242 0.00243229 0.000476215 0.999998 3.76864
0.999989 0.00506109 -0.0021346 -0.0698782 -0.00506238 0.999989 -0.00022202 -0.0642923 0.00213406 0.000232569 1 4.4446
0.999981 0.0060935 -0.00190105 -0.0654787 -0.00608844 0.99998 0.00236635 -0.0757242 0.00191576 -0.00235481 0.999997 5.14339
0.999987 0.00601005 -5.3167e-05 -0.0787053 -0.00601054 0.999972 0.00487653 -0.0669276 8.30984e-05 -0.00487638 0.999992 5.81258
0.999989 0.00513631 0.000388036 -0.0590604 -0.00513882 0.999955 0.00824796 -0.0760456 -0.000345295 -0.00825002 0.999968 6.43836
0.999991 0.00472368 0.00275472 -0.0927527 -0.0047501 0.999947 0.00936658 -0.07408 -0.00270973 -0.00937979 0.999957 7.08514
0.999976 0.00538373 0.00474647 -0.119848 -0.0054226 0.999953 0.00832117 -0.0728893 -0.00470102 -0.00834697 0.999956 7.69472
0.99997 0.00561375 0.00640478 -0.13038 -0.00564227 0.999977 0.00431624 -0.0633746 -0.0063799 -0.00435251 0.999975 8.31565
0.999967 0.00575692 0.00612434 -0.112266 -0.00576387 0.999986 0.0011862 -0.0684956 -0.00611689 -0.00122173 0.999984 8.82685
0.999976 0.00367934 0.00690437 -0.0941623 -0.00367658 0.999996 -0.000531936 -0.0711039 -0.00690581 0.000506267 0.999981 9.3432
0.999947 -0.000130134 0.0106403 -0.129633 0.000158442 1 -0.0026197 -0.0875591 -0.0106395 0.0026208 0.999944 9.82798
0.999919 -0.00184961 0.0131575 -0.137618 0.00189779 0.999995 -0.00371594 -0.100899 -0.01315 0.00374034 0.999911 10.2651
0.999891 0.00160434 0.0148206 -0.126251 -0.00152359 0.999989 -0.00542828 -0.1193 -0.0148285 0.00540469 0.999879 10.7044
0.999822 0.00589541 0.0182966 -0.134569 -0.00579195 0.999971 -0.00574792 -0.139106 -0.0183293 0.00564061 0.999822 11.0938
0.999761 0.00602081 0.0211292 -0.125806 -0.00592534 0.999977 -0.00454997 -0.152732 -0.0211553 0.00442308 0.999771 11.437
0.999699 0.00257288 0.024707 -0.124934 -0.00246727 0.999992 -0.00433858 -0.156217 -0.0247172 0.004276 0.999692 11.7633
0.999611 -0.00209067 0.0279111 -0.121092 0.0022383 0.99999 -0.00523745 -0.150051 -0.027899 0.00529724 0.999602 12.051
0.999536 -0.00608832 0.0301173 -0.107941 0.00618728 0.999981 -0.00322036 -0.168096 -0.0300964 0.00340468 0.999545 12.3108
0.999449 -0.00642198 0.0326715 -0.0965324 0.00650687 0.999981 -0.00247296 -0.168353 -0.032654 0.00268351 0.999469 12.5492
0.999418 -0.00562514 0.0338801 -0.0742931 0.00574961 0.999981 -0.00360149 -0.173721 -0.0338583 0.00379369 0.999423 12.7678
0.999349 -0.00438627 0.0358919 -0.0665669 0.00458389 0.99998 -0.00540698 -0.173786 -0.0358664 0.0055673 0.999346 12.9562
0.999277 -0.00186289 0.0382091 -0.0505726 0.00211229 0.999981 -0.00650783 -0.177521 -0.0381953 0.00658327 0.999253 13.1298
0.999234 0.000502086 0.0392193 -0.0342446 -0.000246613 0.999984 -0.00650064 -0.195453 -0.0392208 0.00648533 0.999214 13.2979
0.999207 0.00202462 0.0399897 -0.00754147 -0.00171509 0.999973 -0.0077901 -0.198267 -0.0400034 0.00771478 0.999174 13.452
0.999129 0.000948311 0.0418646 0.00577727 -0.000570261 0.999965 -0.00902422 -0.211997 -0.0418705 0.00899182 0.999088 13.6098
0.999059 -0.000182595 0.0436007 0.0151785 0.000662448 0.999945 -0.0110081 -0.207931 -0.0435953 0.011026 0.998993 13.7659
0.998937 -0.000816997 0.046218 0.00476086 0.00143439 0.999916 -0.0133101 -0.192041 -0.0462021 0.0133615 0.998849 13.9041
0.998917 -0.000202591 0.0467727 0.0273861 0.00088504 0.999899 -0.0145873 -0.19801 -0.0467639 0.0146122 0.998804 14.0389
0.998853 0.000277577 0.0479924 0.0328086 0.000498561 0.999875 -0.0161435 -0.207364 -0.0479897 0.0161482 0.998723 14.1639
0.998844 0.000264383 0.0482929 0.0485178 0.000618154 0.999838 -0.018274 -0.212358 -0.0482888 0.0182819 0.998672 14.2912
0.998794 -0.000483264 0.0492397 0.0538079 0.00149282 0.999795 -0.0204501 -0.218785 -0.0492183 0.0204982 0.998584 14.4142
0.99882 -0.00132567 0.0487917 0.0569776 0.00240765 0.999758 -0.0221388 -0.224441 -0.0487494 0.0222293 0.99857 14.5372
0.998905 -0.00150894 0.0469212 0.0607993 0.00262413 0.999722 -0.0236963 -0.22368 -0.0468711 0.0237927 0.998625 14.6685
0.999061 -0.00163833 0.0435586 0.0656103 0.00272112 0.999694 -0.0248291 -0.227789 -0.0435034 0.0249233 0.998749 14.7904
0.999256 -0.00111781 0.0387506 0.0747975 0.00213129 0.999663 -0.0260951 -0.230634 -0.0387071 0.0261575 0.998917 14.9219
0.999452 -0.00061629 0.0334844 0.0656725 0.0015263 0.999636 -0.0271761 -0.235173 -0.0334541 0.0272111 0.999077 15.0423
0.999656 -0.00042113 0.0265388 0.0668737 0.0011657 0.999614 -0.0279984 -0.237456 -0.0265154 0.0280187 0.999266 15.1724
0.999822 -0.000732998 0.0195712 0.0559112 0.00130139 0.999583 -0.0290694 -0.239378 -0.0195403 0.0290883 0.999395 15.2956
0.999937 0.000349172 0.011965 0.0446047 1.73661e-05 0.999542 -0.0305058 -0.233247 -0.0119688 0.030503 0.999474 15.4334
1.00001 -0.000246717 0.00247269 0.025584 0.000325243 0.999496 -0.0319576 -0.22935 -0.002462 0.0319573 0.999496 15.5784
0.999944 -0.00173564 -0.0112733 0.0254097 0.00135914 0.999447 -0.0334559 -0.236173 0.0113263 0.0334375 0.999389 15.7196
0.999639 -0.0029239 -0.0272563 0.00659007 0.00195001 0.999368 -0.0356775 -0.240296 0.0273447 0.03561 0.999002 15.8626
0.998941 -0.00377449 -0.0460631 -0.0448769 0.00207397 0.999323 -0.0369436 -0.241889 0.0461721 0.0368076 0.998268 16.0347
0.997836 -0.00311539 -0.0659058 -0.117053 0.000704702 0.999339 -0.0365655 -0.248641 0.0659773 0.0364384 0.997166 16.2106
0.996054 -0.0025951 -0.0888357 -0.173302 -0.000564956 0.999376 -0.0355471 -0.253895 0.0888726 0.0354556 0.995425 16.4138
0.993457 -0.00100622 -0.11433 -0.235187 -0.00296593 0.999406 -0.0345654 -0.258539 0.114298 0.0346768 0.992851 16.6156
0.989625 -0.000127924 -0.143754 -0.318476 -0.00461075 0.999465 -0.0326432 -0.272705 0.143681 0.0329659 0.98909 16.8388
0.984975 -0.000265507 -0.172785 -0.483983 -0.00492143 0.999558 -0.029589 -0.277885 0.172717 0.0299932 0.984525 17.0333
0.977951 0.000212817 -0.208889 -0.598393 -0.00574016 0.999659 -0.0258637 -0.285998 0.20881 0.0264912 0.977615 17.2771
0.968689 0.00161461 -0.24834 -0.71489 -0.00703935 0.999764 -0.0209582 -0.288688 0.248248 0.0220482 0.968459 17.5411
0.957683 0.00670305 -0.287792 -0.875531 -0.0117868 0.999814 -0.0159422 -0.301256 0.287628 0.0186585 0.957578 17.7997
0.945031 0.010576 -0.32686 -1.09843 -0.0153707 0.999819 -0.0120897 -0.299511 0.326672 0.0164473 0.94501 18.0811
0.929069 0.0140661 -0.369666 -1.25942 -0.0175644 0.999839 -0.00610455 -0.317613 0.369513 0.0121635 0.929165 18.353
0.910487 0.0174016 -0.413213 -1.44613 -0.0186065 0.999839 0.00110772 -0.319007 0.413162 0.00667792 0.910653 18.6462
0.889715 0.0219818 -0.456011 -1.65867 -0.0207172 0.999768 0.00776815 -0.324805 0.456066 0.00253492 0.889964 18.9357
0.86551 0.0272547 -0.500183 -1.87477 -0.0241555 0.999641 0.0126713 -0.32915 0.500344 0.00111296 0.865848 19.2185
0.839048 0.0308911 -0.5432 -2.11255 -0.0262924 0.999535 0.0162266 -0.331078 0.543439 0.000666335 0.839471 19.47
0.810137 0.0342728 -0.585265 -2.437 -0.0294147 0.999423 0.0178087 -0.323433 0.585533 0.00278568 0.810668 19.7557
0.778906 0.0368314 -0.626077 -2.77794 -0.0304272 0.99933 0.0209317 -0.313463 0.626417 0.00274516 0.779506 20.0264
0.74298 0.0405285 -0.668108 -3.08577 -0.0320893 0.999189 0.0249265 -0.301112 0.668571 0.00291689 0.743669 20.2998
0.705817 0.0416201 -0.707188 -3.41787 -0.0305498 0.999145 0.0283097 -0.28655 0.70775 0.00162226 0.706486 20.5518
0.665224 0.0411336 -0.745531 -3.78175 -0.0281914 0.999168 0.0299723 -0.274781 0.746138 0.00107683 0.665823 20.842
0.62358 0.0399411 -0.780756 -4.1473 -0.0239493 0.999214 0.0319869 -0.260811 0.781408 -0.0012485 0.624047 21.0864
0.579511 0.0396349 -0.814018 -4.54673 -0.0187824 0.999217 0.0352798 -0.256386 0.814772 -0.00515815 0.579796 21.3315
0.532503 0.0400501 -0.845497 -4.98463 -0.0171248 0.999198 0.0365438 -0.23039 0.84627 -0.00498131 0.532763 21.5793
0.482438 0.0395159 -0.875055 -5.44141 -0.0160924 0.999228 0.0362503 -0.214387 0.875806 -0.00340928 0.482698 21.8017
0.431927 0.0377502 -0.901136 -5.9304 -0.011967 0.999289 0.0361249 -0.189638 0.901845 -0.00481997 0.432073 21.9821
0.380903 0.0368655 -0.923896 -6.43984 -0.00748579 0.999311 0.0367877 -0.174799 0.924609 -0.00709926 0.380915 22.1265
0.326915 0.0355664 -0.944402 -6.99106 -0.00586353 0.999363 0.0356054 -0.148954 0.945051 -0.00610294 0.326918 22.2926
0.274024 0.040899 -0.960868 -7.55545 -0.00623313 0.999166 0.0407505 -0.117811 0.961727 -0.00518022 0.27405 22.4125
0.223015 0.0453428 -0.973778 -8.15288 -0.00473259 0.998969 0.0454312 -0.0879459 0.97482 -0.00552397 0.223002 22.5167
0.17542 0.0455602 -0.983454 -8.75905 -0.000953659 0.998951 0.046107 -0.0552438 0.984518 -0.00715306 0.175281 22.5865
0.132547 0.0459998 -0.990127 -9.38501 0.000122968 0.998935 0.046425 -0.0278114 0.991193 -0.00627575 0.132404 22.626
0.0917683 0.0436685 -0.994838 -10.0531 -0.000552071 0.999055 0.0438017 0.00487016 0.995806 -0.00347327 0.0917085 22.671
0.0557722 0.0386693 -0.997712 -10.7294 -0.00420628 0.999263 0.0384938 0.0476446 0.998451 0.00204944 0.0558975 22.6878
0.0270565 0.0375851 -0.998944 -11.4323 -0.00660071 0.999293 0.0374185 0.0887023 0.999639 0.00557843 0.0272894 22.6908
0.00682944 0.0411886 -0.999147 -12.1387 -0.00837249 0.999132 0.0411303 0.118731 0.999959 0.00808398 0.00717234 22.6661
-0.0049165 0.0468558 -0.998908 -12.8698 -0.00722171 0.998889 0.0468895 0.146606 0.99999 0.00744136 -0.00456824 22.6374
-0.0130568 0.0492265 -0.998723 -13.6135 -0.00772236 0.998766 0.0493292 0.177407 0.999902 0.00835597 -0.0126564 22.618
-0.0164205 0.0465724 -0.998801 -14.3958 -0.0064893 0.998904 0.0466831 0.200006 0.999875 0.00724499 -0.0160956 22.595
-0.0158829 0.042532 -0.998991 -15.2 0.00099871 0.999109 0.0425209 0.230023 0.99989 -0.000322906 -0.015907 22.5904
-0.0117268 0.0405614 -0.999129 -16.011 0.0125253 0.99912 0.0404133 0.262319 0.999883 -0.0120431 -0.0122199 22.5905
-0.00649974 0.0404744 -0.999184 -16.8567 0.0122101 0.999124 0.0403924 0.296293 0.999923 -0.0119377 -0.00698376 22.5909
0.00294611 0.036507 -0.999355 -17.9775 0.0108176 0.999291 0.0365359 0.365967 0.999972 -0.0109206 0.00255378 22.5658
0.0130989 0.0238811 -0.999661 -19.3249 0.019255 0.999539 0.0241309 0.461378 0.999753 -0.0195639 0.0126372 22.5538
0.0138892 0.0129364 -0.999848 -20.2157 0.0169727 0.999787 0.0131708 0.479626 0.999796 -0.0171554 0.0136725 22.5839
0.0163633 0.00338607 -0.999887 -21.291 0.00955233 0.999959 0.00354286 0.512571 0.999846 -0.00960836 0.0163346 22.5903
0.0239684 -0.00998947 -0.999692 -22.4609 0.00424718 0.99996 -0.00989087 0.675403 0.99974 -0.0040112 0.0240155 22.4746
0.0201384 -0.00424184 -0.999817 -23.4051 -0.00504536 0.999983 -0.00434431 0.67585 0.999813 0.0051333 0.0201213 22.4909
0.0161351 0.00401638 -0.999892 -24.3299 -0.0107922 0.999954 0.00384166 0.666748 0.99985 0.0107267 0.0161835 22.4699
0.0101501 0.0132183 -0.999891 -25.3732 -0.012063 0.999848 0.0130952 0.673919 0.999905 0.0119301 0.0103126 22.5017
0.00780251 0.0226075 -0.999745 -26.3864 -0.0131195 0.999681 0.0225025 0.690277 0.999924 0.012938 0.00810255 22.5125
0.00434263 0.0293462 -0.999591 -27.3924 -0.0116028 0.999511 0.0292936 0.709254 0.999954 0.0114721 0.00468557 22.5507
7.02594e-05 0.0302299 -0.999574 -28.4563 -0.0101263 0.999511 0.0302262 0.728912 0.999989 0.0101172 0.000382482 22.5814
-0.00417136 0.0273693 -0.999649 -29.4457 -0.010096 0.999581 0.0274097 0.741057 0.999972 0.010208 -0.00388867 22.6217
-0.00756321 0.0224787 -0.999752 -30.5435 -0.00981023 0.999717 0.0225514 0.757979 0.999965 0.009976 -0.0073344 22.6222
-0.013913 0.0161743 -0.999804 -31.5575 -0.00927566 0.999832 0.0163039 0.771967 0.999892 0.0095019 -0.013756 22.6274
-0.0195546 0.0113034 -0.999781 -32.5766 -0.00941159 0.999909 0.0114884 0.775448 0.999808 0.00963197 -0.01944 22.6014
-0.024574 0.00887674 -0.999692 -33.6248 -0.010597 0.99991 0.00913917 0.781251 0.999675 0.0108195 -0.0244729 22.5362
-0.0292906 0.0113443 -0.999545 -34.6889 -0.0106759 0.999893 0.0116605 0.778231 0.999558 0.0110104 -0.0291598 22.4699
-0.0347067 0.0159695 -0.999305 -35.7771 -0.0122134 0.999801 0.0164017 0.782453 0.999357 0.0127752 -0.0344998 22.4048
-0.0408445 0.0190065 -0.999023 -36.8252 -0.0150812 0.999713 0.0196355 0.782461 0.999096 0.0158661 -0.0405394 22.3471
-0.0444212 0.0210805 -0.998827 -37.9356 -0.0191933 0.999585 0.0219502 0.796104 0.998862 0.0201467 -0.0439932 22.2653
-0.0479061 0.0220103 -0.998649 -39.0244 -0.0233408 0.99948 0.0231475 0.811407 0.998624 0.0244156 -0.0473605 22.2106
-0.0505721 0.0230427 -0.998491 -40.1031 -0.0272701 0.99934 0.0244436 0.825154 0.998383 0.028466 -0.0499053 22.1608
-0.0522211 0.0226534 -0.998418 -41.2188 -0.0287223 0.999316 0.0241752 0.832526 0.998268 0.0299367 -0.0515276 22.0983
-0.0547484 0.0215962 -0.998303 -42.2511 -0.029744 0.999298 0.0232491 0.839733 0.998092 0.0309672 -0.0540624 22.024
-0.0561489 0.021196 -0.998237 -43.3761 -0.0311798 0.99927 0.0229709 0.845427 0.997982 0.0324119 -0.0554398 21.9569
-0.0565294 0.0202176 -0.998233 -44.4625 -0.0336341 0.9992 0.022142 0.855552 0.99787 0.034827 -0.0557987 21.8715
-0.0587689 0.0176974 -0.998157 -45.5632 -0.0381859 0.999093 0.0199615 0.866703 0.997588 0.0392858 -0.0580318 21.814
-0.0577491 0.0132231 -0.998278 -46.7251 -0.0436864 0.99893 0.015759 0.862997 0.997413 0.0445216 -0.0571036 21.7124
-0.0579656 0.0131346 -0.998275 -47.8221 -0.0448288 0.998891 0.0157451 0.857095 0.997359 0.0456608 -0.0573044 21.6554
-0.0560368 0.0172513 -0.998315 -48.9312 -0.04574 0.998767 0.0198264 0.860533 0.997419 0.0467744 -0.055172 21.5657
-0.0550976 0.0199415 -0.998326 -50.1202 -0.0452447 0.998746 0.0224463 0.870934 0.997503 0.0464024 -0.054118 21.5187
-0.0546347 0.0197099 -0.998347 -51.1934 -0.0428063 0.998851 0.0220622 0.874779 0.997629 0.0439415 -0.053721 21.4503
-0.0525978 0.0190278 -0.998479 -52.3394 -0.0424039 0.998896 0.0212688 0.880645 0.997763 0.0434547 -0.0517245 21.3906
-0.0488405 0.0199894 -0.998642 -53.4576 -0.0467824 0.998668 0.0222777 0.88356 0.997751 0.0478074 -0.047833 21.3217
-0.0444175 0.0212007 -0.998833 -54.6247 -0.0510573 0.998443 0.0234622 0.891259 0.997756 0.0520364 -0.0432575 21.2826
-0.038389 0.020639 -0.999087 -55.8125 -0.0546886 0.998258 0.0227229 0.906231 0.997806 0.0555114 -0.0371858 21.2225
-0.0333034 0.0197372 -0.999296 -56.9531 -0.0558058 0.998232 0.0215754 0.917572 0.997934 0.0564814 -0.0321347 21.1801
-0.0285239 0.0186615 -0.999456 -58.0865 -0.0545884 0.998317 0.0201979 0.930164 0.998143 0.0551352 -0.0274495 21.152
-0.0243374 0.0174353 -0.999598 -59.2361 -0.0523447 0.998477 0.0186896 0.946731 0.998381 0.052775 -0.0233794 21.1303
-0.0201012 0.0175784 -0.999681 -60.3864 -0.0507059 0.998554 0.0185778 0.957097 0.998553 0.0510636 -0.0191731 21.1186
-0.0153372 0.018918 -0.999751 -61.5399 -0.0489139 0.998632 0.0196467 0.961487 0.998734 0.0491995 -0.0143824 21.1019
-0.0104949 0.0202028 -0.999778 -62.7143 -0.0495995 0.998568 0.0206985 0.967318 0.998755 0.0498061 -0.0094702 21.0898
-0.00627174 0.0189276 -0.999849 -63.8865 -0.0486068 0.998655 0.0192092 0.975668 0.998848 0.0487166 -0.00533442 21.0904
-0.00368856 0.0139503 -0.999934 -65.1154 -0.0469918 0.998809 0.0141074 0.981472 0.99893 0.0470411 -0.00302094 21.1259
-0.000131605 0.00818893 -1.00001 -66.2894 -0.0466934 0.998898 0.00818525 0.984818 0.998959 0.0466919 0.000259665 21.1286
0.00328001 0.00712707 -1.00001 -67.4425 -0.0466307 0.998901 0.00696584 0.987758 0.998949 0.0466086 0.00361646 21.1184
0.00589292 0.00884898 -0.999993 -68.6253 -0.0457471 0.99894 0.00856948 0.987606 0.998985 0.045693 0.00630034 21.1207
0.00879608 0.00862759 -0.999963 -69.7962 -0.0455914 0.998939 0.00821733 0.979074 0.998963 0.0455178 0.00918779 21.099
0.0111982 0.00871863 -0.999949 -70.9752 -0.0472487 0.998872 0.0081797 0.970689 0.99887 0.0471512 0.0116063 21.0699
0.0128395 0.0101901 -0.999905 -72.1578 -0.0481769 0.998807 0.00955988 0.955071 0.998798 0.0480497 0.0133228 21.0513
0.0151767 0.010177 -0.999883 -73.326 -0.0485281 0.998799 0.0094289 0.943004 0.998756 0.0483758 0.015661 21.0335
0.0186108 0.00884683 -0.999828 -74.5585 -0.04841 0.99881 0.00793639 0.918584 0.998696 0.0482542 0.0190246 21.0148
0.0203014 0.00806487 -0.999812 -75.7705 -0.0465492 0.998912 0.00711195 0.902715 0.99876 0.0463926 0.0206634 21.0173
0.0204608 0.00796872 -0.999798 -76.9669 -0.043461 0.999044 0.00707294 0.892206 0.998887 0.0433079 0.0207952 21.0391
0.0207975 0.00859738 -0.999797 -78.1701 -0.0411464 0.999146 0.00773543 0.881689 0.998987 0.0409738 0.0211421 21.058
0.0218951 0.0112933 -0.999736 -79.3471 -0.0409504 0.999121 0.0103891 0.873496 0.998964 0.0407124 0.022346 21.058
0.022781 0.0142045 -0.999692 -80.5413 -0.0438278 0.998977 0.0131953 0.877521 0.99883 0.0435103 0.0233887 21.0736
0.0229326 0.0135046 -0.999686 -81.743 -0.0463226 0.998863 0.0124306 0.881626 0.998706 0.046023 0.0235396 21.1031
0.0236853 0.0112636 -0.999708 -82.9356 -0.0475359 0.99884 0.0101272 0.877307 0.998639 0.0472787 0.0242016 21.1206
0.0250756 0.00793812 -0.999695 -84.1328 -0.048065 0.998836 0.00672541 0.883223 0.998572 0.0478818 0.0254354 21.1278
0.0250019 0.00700899 -0.999714 -85.3404 -0.0461225 0.998941 0.00584978 0.873224 0.998674 0.0459598 0.025307 21.155
0.0254185 0.00792843 -0.999687 -86.5379 -0.04522 0.998968 0.00677271 0.865329 0.998697 0.0450338 0.0257582 21.179
0.0245798 0.00982139 -0.999703 -87.745 -0.044742 0.998984 0.00871396 0.863328 0.998747 0.0445113 0.0250026 21.2205
0.0246546 0.0119562 -0.999667 -88.9377 -0.0454728 0.998921 0.0108255 0.854386 0.998705 0.0451909 0.0251791 21.2523
0.0246871 0.0120738 -0.999676 -90.1227 -0.0466469 0.998875 0.0109119 0.846781 0.998657 0.0463591 0.0252309 21.2754
0.0252128 0.00928218 -0.999682 -91.3042 -0.0464698 0.998901 0.0081027 0.844293 0.998646 0.0462507 0.0256239 21.2993
0.0249641 0.00782951 -0.999712 -92.4746 -0.0446801 0.999002 0.00670793 0.834093 0.998741 0.0444964 0.0252975 21.3279
0.0243632 0.00849537 -0.999713 -93.6624 -0.0430732 0.999059 0.00743978 0.82347 0.99882 0.0428797 0.0247141 21.3611
0.0234206 0.0110201 -0.999721 -94.8427 -0.0406528 0.999146 0.0100612 0.815404 0.998952 0.0404023 0.0238574 21.4005
0.0226293 0.0128693 -0.999708 -96.0168 -0.0390732 0.999181 0.0119778 0.814046 0.999026 0.0387907 0.0231224 21.4278
0.0221251 0.0141546 -0.999711 -97.2124 -0.0397348 0.999146 0.013267 0.814294 0.999017 0.0394262 0.0226777 21.4599
0.0223691 0.0157711 -0.999674 -98.3833 -0.0420647 0.999023 0.0148192 0.811046 0.998912 0.0417195 0.0230196 21.4722
0.0220459 0.0149172 -0.999702 -99.5898 -0.0439071 0.998961 0.0139378 0.805751 0.998843 0.0435831 0.0226871 21.5002
0.0219367 0.0114393 -0.999743 -100.778 -0.046561 0.99888 0.0104073 0.792671 0.998722 0.0463208 0.0224537 21.517
0.0233392 0.00964238 -0.999738 -101.959 -0.0481631 0.998826 0.00850914 0.786553 0.998619 0.047948 0.0237854 21.517
0.0224639 0.00735971 -0.99977 -103.099 -0.0483057 0.998831 0.00626705 0.780492 0.998628 0.0481538 0.0228021 21.5443
0.0209062 0.00749961 -0.999812 -104.276 -0.0463794 0.998925 0.00652313 0.770179 0.998758 0.0462304 0.0212409 21.5882
0.0198481 0.00884931 -0.999814 -105.449 -0.0458004 0.998938 0.00793204 0.768297 0.998802 0.0456345 0.0202416 21.6145
0.0189454 0.00967268 -0.999835 -106.65 -0.044046 0.999015 0.00883016 0.774147 0.998904 0.0438676 0.0193624 21.6456
0.0189835 0.00792198 -0.99984 -107.815 -0.0476788 0.998858 0.00700872 0.774761 0.998731 0.047538 0.0193489 21.6509
0.0182969 0.00865666 -0.999858 -109.013 -0.0514782 0.99867 0.00770433 0.772645 0.998561 0.0513259 0.0187279 21.6646
0.0181394 0.00775341 -0.999858 -110.188 -0.0543982 0.998518 0.00675596 0.761298 0.998404 0.0542677 0.0185437 21.6743
0.0175984 0.00295655 -0.999907 -111.393 -0.0553195 0.998493 0.0019787 0.759842 0.998369 0.0552752 0.0177454 21.6878
0.0168051 -0.000650496 -0.999912 -112.596 -0.0553614 0.998487 -0.00158005 0.741893 0.998375 0.0553826 0.0167531 21.6928
0.0152464 -0.00137019 -0.999949 -113.795 -0.0517685 0.998684 -0.00215784 0.719613 0.998599 0.0517946 0.0151654 21.7144
0.0140397 -0.00200245 -0.999954 -115.013 -0.0472833 0.998901 -0.00266426 0.696047 0.998833 0.0473182 0.0139392 21.7335
0.0130749 -0.000222003 -0.999983 -116.255 -0.0464996 0.998947 -0.000829863 0.678232 0.99889 0.0465056 0.0130611 21.7485
0.0115733 0.00396123 -0.99998 -117.472 -0.0461304 0.998953 0.00342321 0.663259 0.998919 0.0460895 0.0117538 21.749
0.0115657 0.00433867 -0.999993 -118.718 -0.0446282 0.999025 0.00381824 0.644819 0.998994 0.0445796 0.0117587 21.7398
0.0116044 0.000849996 -0.999988 -119.93 -0.0457187 0.998978 0.00031853 0.615811 0.998937 0.0457141 0.0116413 21.7255
0.00923172 -0.00232375 -1.00002 -121.183 -0.0460786 0.998964 -0.00274681 0.591121 0.998953 0.046101 0.00912596 21.7481
0.00820152 -0.00322308 -1.00002 -122.452 -0.0455004 0.998982 -0.00359297 0.5624 0.998981 0.0455303 0.00805667 21.7465
0.00782303 -0.00201421 -1.00004 -123.711 -0.0478575 0.998879 -0.00238653 0.543188 0.998882 0.0478737 0.00772897 21.74
0.00658729 0.00297792 -1.00003 -124.967 -0.0524042 0.998648 0.00262847 0.518226 0.998655 0.0523879 0.00674473 21.7421
0.00640328 0.00654961 -1.00003 -126.24 -0.0578487 0.998334 0.00616791 0.499954 0.998364 0.0578061 0.00678272 21.7305
0.00653177 0.00677953 -1.00001 -127.537 -0.0652266 0.997875 0.00633887 0.486314 0.9979 0.065185 0.0069704 21.7169
0.00592201 0.005236 -1.00004 -128.823 -0.0683763 0.997676 0.00481856 0.46886 0.997701 0.0683452 0.00627768 21.7194
0.00399496 0.00356332 -1.00004 -130.087 -0.0704262 0.997537 0.00327282 0.456013 0.997561 0.0704152 0.00424652 21.7271
0.00224747 0.00241616 -1.00007 -131.367 -0.0703823 0.997545 0.00225169 0.442322 0.997576 0.0703764 0.0024236 21.7345
5.02314e-07 0.000787574 -1.00006 -132.635 -0.0676213 0.997735 0.000785514 0.428884 0.997765 0.0676246 6.42441e-05 21.7451
-0.000954772 0.00115625 -1.00007 -133.906 -0.0673404 0.997756 0.00121773 0.413192 0.997789 0.0673411 -0.000863173 21.7349
-0.00301938 0.00576817 -1.00004 -135.155 -0.0663514 0.997803 0.00595527 0.398787 0.997846 0.0663712 -0.00261948 21.747
-0.00346533 0.00963078 -1.00002 -136.454 -0.0650932 0.997857 0.00983549 0.387635 0.997933 0.0651233 -0.00281933 21.7282
-0.00451448 0.0084836 -1.00001 -137.73 -0.065555 0.997836 0.00876069 0.375201 0.997894 0.0655947 -0.00393796 21.724
-0.00493187 0.00753614 -1.00003 -138.986 -0.0654218 0.997853 0.00784229 0.358868 0.997908 0.0654572 -0.00441632 21.7173
-0.0046654 0.00720705 -1.00002 -140.273 -0.0643798 0.997924 0.00749188 0.34281 0.997971 0.0644155 -0.00418096 21.7081
-0.00504871 0.00618751 -1.00004 -141.535 -0.0643472 0.997932 0.00649927 0.332058 0.997978 0.0643773 -0.00462827 21.7037
-0.00505932 0.00798101 -1.00002 -142.801 -0.0639302 0.997945 0.00828747 0.322159 0.997998 0.0639725 -0.00452771 21.6943
-0.00535151 0.0116614 -0.999994 -143.998 -0.0644978 0.997872 0.011982 0.311218 0.997967 0.0645558 -0.00457602 21.6766
-0.00500412 0.0127296 -0.99997 -145.232 -0.0656565 0.997784 0.0130298 0.298106 0.997887 0.0657188 -0.0041457 21.6557
-0.00516386 0.00958832 -1.00002 -146.518 -0.0673847 0.997705 0.00991414 0.294619 0.997777 0.0674312 -0.00449378 21.6554
-0.00504869 0.0070139 -1.00003 -147.751 -0.0663145 0.997799 0.00733262 0.280778 0.997844 0.0663524 -0.00456068 21.6209
-0.00502478 0.00562143 -1.00005 -148.998 -0.0635202 0.997991 0.00592896 0.264573 0.998032 0.0635475 -0.00464523 21.5985
-0.00626363 0.00515355 -1.00003 -150.232 -0.0621391 0.998081 0.0055323 0.248959 0.998107 0.0621749 -0.00591926 21.5934
-0.00687582 0.00530145 -1.00004 -151.464 -0.0596883 0.998229 0.00570214 0.234486 0.998258 0.0597245 -0.00653472 21.5837
-0.00785505 0.00402747 -1.00003 -152.721 -0.057785 0.998348 0.00447424 0.215591 0.998357 0.0578209 -0.00759713 21.5755
-0.00788568 0.00446549 -1.00004 -153.971 -0.0573665 0.998369 0.00491018 0.196369 0.998387 0.057402 -0.0076037 21.548
-0.0101457 0.00659849 -0.999994 -155.195 -0.0547592 0.998505 0.00714371 0.185533 0.998508 0.0548306 -0.00975655 21.5505
-0.0116136 0.00821409 -0.999977 -156.468 -0.0525211 0.998608 0.00881265 0.169576 0.998618 0.052617 -0.0111529 21.5565
-0.0126943 0.00690488 -0.999964 -157.721 -0.0503133 0.998736 0.00753464 0.155449 0.998713 0.0504063 -0.0123179 21.5421
-0.0141881 0.0070413 -0.999954 -158.967 -0.0515033 0.99867 0.00776279 0.143858 0.998638 0.0516058 -0.0137931 21.5237
-0.0152313 0.0112354 -0.999889 -160.201 -0.0521208 0.998597 0.0120141 0.138892 0.998587 0.052297 -0.0146113 21.5075
-0.0160127 0.0177579 -0.999794 -161.465 -0.056807 0.998239 0.0186401 0.134638 0.998323 0.0570881 -0.0149621 21.4979
-0.0154381 0.0178343 -0.999791 -162.686 -0.0610956 0.997986 0.0187448 0.129392 0.998075 0.0613709 -0.014304 21.4625
-0.0148696 0.0144776 -0.999868 -163.939 -0.0652317 0.997777 0.0154174 0.121097 0.997826 0.0654463 -0.0138783 21.4372
-0.0146871 0.00886857 -0.999922 -165.089 -0.0672921 0.997715 0.00983686 0.109336 0.997687 0.06743 -0.0140433 21.4022
-0.0141267 0.00784008 -0.999954 -166.337 -0.0700009 0.997535 0.00880989 0.0953066 0.997514 0.0701156 -0.0135289 21.3709
-0.0141871 0.00509098 -0.999959 -167.552 -0.0640264 0.997964 0.0059886 0.0718054 0.997913 0.0641073 -0.0138185 21.3586
-0.0150547 0.00124387 -0.999971 -168.804 -0.0611724 0.998154 0.00216222 0.0537064 0.998082 0.0611972 -0.0149365 21.3428
-0.0162849 -0.00155403 -0.99994 -170.012 -0.0553023 0.998505 -0.000651629 0.0246136 0.998403 0.055287 -0.0163323 21.319
-0.0187247 0.00157503 -0.99991 -171.273 -0.0531332 0.998614 0.00256766 0.00905229 0.998481 0.0531708 -0.0186004 21.3117
-0.0203723 0.00783227 -0.999835 -172.581 -0.0536953 0.998554 0.00891562 -0.00573755 0.998416 0.0538667 -0.0199079 21.3371
-0.0219146 0.0105875 -0.999792 -173.796 -0.0547008 0.998463 0.0117723 -0.0153446 0.998331 0.0549414 -0.021287 21.3359
-0.020144 0.00721296 -0.999846 -175.017 -0.0554283 0.998464 0.00831923 -0.0258222 0.998326 0.0555857 -0.0196988 21.2887
-0.0206949 0.00740738 -0.999847 -176.284 -0.0574758 0.99834 0.00858575 -0.0350414 0.998201 0.0576385 -0.0202199 21.2759
-0.0212967 0.00809989 -0.999816 -177.507 -0.0555759 0.998447 0.0092722 -0.045831 0.998295 0.0557612 -0.020799 21.2563
-0.0222575 0.005822 -0.999823 -178.726 -0.0554716 0.998467 0.00704877 -0.0560084 0.99828 0.0556128 -0.0218852 21.2411
-0.0215097 0.00402062 -0.999838 -179.908 -0.0555345 0.99848 0.00520948 -0.0642582 0.998294 0.0556356 -0.0212388 21.2169
-0.0188717 0.00561751 -0.999895 -181.085 -0.0570705 0.99838 0.00668606 -0.0774914 0.998261 0.0571842 -0.018505 21.1666
-0.017549 0.00724468 -0.999898 -182.215 -0.0567858 0.998388 0.00822982 -0.096103 0.998301 0.0569224 -0.0170944 21.1328
-0.0165458 0.00857212 -0.999916 -183.322 -0.057669 0.998322 0.00951245 -0.112003 0.99827 0.0578148 -0.0160081 21.0927
-0.0158603 0.00962058 -0.999907 -184.397 -0.0579837 0.998297 0.0105243 -0.127159 0.998261 0.0581428 -0.0152605 21.0525
-0.0159116 0.0107778 -0.999905 -185.449 -0.0574845 0.99831 0.011675 -0.145722 0.998291 0.057658 -0.0152493 21.0238
-0.0158534 0.0103667 -0.9999 -186.455 -0.0576301 0.998309 0.0112633 -0.16563 0.998282 0.0578003 -0.0152141 20.9972
-0.0153156 0.0100994 -0.999923 -187.448 -0.058257 0.998274 0.0109745 -0.178751 0.998256 0.0584138 -0.0146846 20.9837
-0.0144589 0.0105375 -0.999921 -188.447 -0.0583996 0.998264 0.0113638 -0.185597 0.99826 0.0585564 -0.0138032 20.9692
-0.0153531 0.00849055 -0.999938 -189.408 -0.0568548 0.998374 0.00934958 -0.195256 0.998337 0.0569881 -0.014829 20.9498
-0.0196286 0.00552436 -0.999874 -190.373 -0.0547881 0.998512 0.00659162 -0.210656 0.998378 0.0549078 -0.019281 20.9435
-0.0248195 0.00237847 -0.999781 -191.316 -0.0550439 0.998512 0.00374118 -0.231836 0.998249 0.0551182 -0.0246347 20.9242
-0.0298744 -0.000395421 -0.999632 -192.263 -0.0566642 0.998424 0.00129775 -0.253158 0.998019 0.0566794 -0.0298334 20.8863
-0.0340562 -0.00121277 -0.999511 -193.253 -0.0587687 0.998307 0.000790236 -0.26797 0.997764 0.0587602 -0.0340522 20.848
-0.0368375 0.000152838 -0.9994 -194.187 -0.0608033 0.99818 0.002393 -0.294656 0.997544 0.0608521 -0.0367443 20.796
-0.0389611 0.00272383 -0.999328 -195.117 -0.059344 0.998261 0.00503376 -0.321633 0.99755 0.0594936 -0.0387139 20.7463
-0.0412974 0.00490049 -0.999214 -196.037 -0.0562466 0.998424 0.00722041 -0.342732 0.997637 0.0564979 -0.0409397 20.7127
-0.0439036 0.00595562 -0.99911 -196.986 -0.0539605 0.998545 0.00832259 -0.371081 0.997651 0.0542712 -0.0435002 20.6933
-0.0453647 0.00489089 -0.999039 -197.906 -0.0543152 0.99853 0.00735391 -0.382509 0.997568 0.054594 -0.045015 20.6457
-0.0467263 0.00487929 -0.998988 -198.793 -0.0560791 0.998434 0.00749872 -0.421052 0.997406 0.056366 -0.0463613 20.602
-0.0470026 0.00428973 -0.998966 -199.71 -0.0596682 0.998227 0.00709322 -0.432386 0.997186 0.0599371 -0.0466459 20.5503
-0.0464127 0.00358347 -0.999007 -200.645 -0.061971 0.998093 0.00645837 -0.457869 0.997072 0.0622022 -0.0460839 20.4967
-0.0464082 0.0019852 -0.999001 -201.547 -0.0619441 0.998101 0.00486026 -0.483608 0.997075 0.0621051 -0.0461798 20.4556
-0.0458767 0.000153163 -0.999037 -202.475 -0.0615719 0.998132 0.0029795 -0.504991 0.997123 0.0616421 -0.0457632 20.4015
-0.0444974 0.000523082 -0.99909 -203.428 -0.0617967 0.998117 0.003274 -0.525996 0.997171 0.0618836 -0.044364 20.3381
-0.0443971 0.00376796 -0.999095 -204.373 -0.0588144 0.998283 0.00637748 -0.541804 0.997356 0.0590375 -0.0440807 20.2943
-0.0448729 0.00566739 -0.999058 -205.324 -0.0583328 0.998297 0.00828233 -0.559952 0.997364 0.0586469 -0.0444486 20.2487
-0.0440938 0.00284775 -0.99911 -206.289 -0.0535334 0.998588 0.00520784 -0.578288 0.997667 0.053709 -0.0438604 20.2048
-0.0441403 -0.000606121 -0.999108 -207.215 -0.0520867 0.998676 0.00169471 -0.581936 0.997742 0.0521127 -0.044096 20.1608
-0.0431169 4.3322e-05 -0.999157 -208.172 -0.0564412 0.998439 0.00247792 -0.591716 0.99755 0.0564938 -0.0430282 20.0995
-0.0411097 0.00442739 -0.999228 -209.148 -0.0574154 0.998363 0.00678518 -0.607084 0.997579 0.0576472 -0.040771 20.0423
-0.0395058 0.00471379 -0.999296 -210.133 -0.0550924 0.998495 0.00688704 -0.621596 0.997776 0.0553191 -0.0391676 19.9996
-0.0378163 0.00630587 -0.99935 -211.114 -0.0534543 0.998573 0.00832321 -0.627367 0.997931 0.0537314 -0.037408 19.9609
-0.0365179 0.0114427 -0.999357 -212.1 -0.0540846 0.998485 0.0134082 -0.635483 0.997945 0.0545327 -0.0358246 19.9213
-0.0351708 0.015589 -0.999346 -213.11 -0.0509915 0.998587 0.0173713 -0.637852 0.998159 0.0515663 -0.0343088 19.882
-0.0339982 0.0161502 -0.999382 -214.108 -0.0504439 0.998606 0.0178529 -0.636222 0.998226 0.0510129 -0.0331171 19.8429
-0.0325506 0.0174113 -0.999404 -215.151 -0.0535696 0.99842 0.0191384 -0.637466 0.998113 0.0541576 -0.031549 19.8143
-0.0291544 0.0193795 -0.999478 -216.18 -0.0564546 0.998224 0.0210012 -0.63401 0.998058 0.0570301 -0.0279896 19.7629
-0.0268535 0.0197339 -0.999531 -217.202 -0.0575522 0.998156 0.0212525 -0.631502 0.998061 0.0580926 -0.0256511 19.7369
-0.025328 0.01716 -0.999625 -218.26 -0.0602929 0.998045 0.0186599 -0.625268 0.997938 0.060735 -0.024225 19.7237
-0.0232445 0.0138816 -0.99972 -219.315 -0.0598471 0.99813 0.0152506 -0.619896 0.998017 0.0601814 -0.0223532 19.7012
-0.0219647 0.0124455 -0.999774 -220.362 -0.0587363 0.998218 0.0137159 -0.610618 0.99811 0.0590166 -0.0211756 19.6793
-0.0204115 0.014109 -0.99978 -221.428 -0.0589757 0.998182 0.0152901 -0.605253 0.998132 0.0592715 -0.0195252 19.6467
-0.0194123 0.0172637 -0.999757 -222.513 -0.06083 0.998017 0.0184142 -0.599667 0.998038 0.0611649 -0.0183048 19.622
-0.0167151 0.0168928 -0.999807 -223.592 -0.0607056 0.998035 0.0178774 -0.595075 0.998098 0.0609894 -0.0156397 19.5764
-0.0157645 0.0139554 -0.999873 -224.663 -0.0593836 0.998166 0.0148671 -0.590093 0.99819 0.0596031 -0.0148877 19.5516
-0.0161111 0.0110765 -0.9999 -225.752 -0.0566519 0.998363 0.0119719 -0.592222 0.998347 0.0568362 -0.0154397 19.5294
-0.0156905 0.0100289 -0.999923 -226.837 -0.055243 0.998456 0.0108804 -0.593194 0.998429 0.0554022 -0.0150925 19.4956
-0.0143821 0.00914565 -0.999946 -227.93 -0.0556444 0.998443 0.00993185 -0.596541 0.998431 0.0557812 -0.0138332 19.4457
-0.0125143 0.00906796 -0.999977 -229.012 -0.0561855 0.998415 0.0097563 -0.59983 0.998421 0.0562991 -0.0119652 19.38
-0.0119215 0.00987839 -0.999974 -230.137 -0.0587328 0.998261 0.0105613 -0.600468 0.998288 0.0588537 -0.0113028 19.3398
-0.0115862 0.0121258 -0.999957 -231.27 -0.0597009 0.998178 0.0127952 -0.59793 0.998229 0.0598391 -0.0108213 19.301
-0.0124543 0.014455 -0.999912 -232.436 -0.0602845 0.998109 0.0151794 -0.609037 0.99819 0.0604645 -0.0115414 19.2836
-0.0134416 0.0164591 -0.999872 -233.559 -0.0613832 0.99801 0.0172529 -0.608415 0.998105 0.0615994 -0.0123845 19.2587
-0.0149395 0.0176489 -0.999828 -234.719 -0.0634486 0.997855 0.0185617 -0.607775 0.997959 0.0637108 -0.0137696 19.239
-0.015856 0.0170562 -0.999826 -235.845 -0.0656518 0.997723 0.0180607 -0.606267 0.997798 0.0659188 -0.0146798 19.192
-0.0148377 0.0128242 -0.999905 -236.994 -0.0640827 0.997893 0.0137491 -0.606302 0.997921 0.0642763 -0.0139664 19.113
-0.0170374 0.00712674 -0.999929 -238.19 -0.0606655 0.99817 0.00814704 -0.615681 0.998094 0.0607927 -0.0165533 19.1046
-0.0182499 0.00345331 -0.999927 -239.35 -0.0556098 0.998488 0.004463 -0.633244 0.998373 0.0556835 -0.0180117 19.0516
-0.0190527 0.00375696 -0.999912 -240.544 -0.0493482 0.998816 0.00469235 -0.641692 0.998682 0.0494267 -0.0188239 18.9973
-0.0194166 0.00789487 -0.999882 -241.715 -0.0446988 0.999009 0.00875553 -0.65066 0.9989 0.0448606 -0.0190256 18.9257
-0.0205027 0.010965 -0.99983 -242.926 -0.0424323 0.999075 0.011826 -0.664611 0.998972 0.0426613 -0.0199973 18.874
-0.0213818 0.0108415 -0.999814 -244.129 -0.0406414 0.999152 0.0117031 -0.672854 0.999033 0.0408813 -0.0209041 18.8156
-0.0218049 0.0116227 -0.999796 -245.352 -0.0406379 0.999141 0.0125006 -0.671897 0.999019 0.0408959 -0.0212926 18.7489
-0.0231052 0.0133758 -0.999745 -246.591 -0.0397729 0.999153 0.0142865 -0.677506 0.999029 0.0400904 -0.0225345 18.6963
-0.0240513 0.0127039 -0.999731 -247.804 -0.0394798 0.999173 0.0136458 -0.674357 0.999014 0.0397914 -0.0235086 18.6337
-0.0246884 0.0112357 -0.999735 -249.065 -0.0396235 0.999187 0.0122074 -0.672699 0.998997 0.0399119 -0.0242039 18.57
-0.0268669 0.010754 -0.999683 -250.311 -0.0395113 0.999195 0.0118098 -0.67289 0.998942 0.0398102 -0.0263989 18.528
-0.0302417 0.0114253 -0.99958 -251.556 -0.0396415 0.999181 0.0126195 -0.672393 0.998844 0.0400041 -0.0297446 18.5025
-0.0342129 0.0110862 -0.999455 -252.811 -0.0395297 0.999186 0.0124356 -0.668252 0.998717 0.0399276 -0.033725 18.4788
-0.0375259 0.0118442 -0.999328 -254.089 -0.0407213 0.999128 0.0133703 -0.666947 0.998553 0.0411931 -0.036991 18.4381
-0.0395692 0.0132534 -0.999232 -255.362 -0.0430545 0.999007 0.0149546 -0.667479 0.998373 0.0436068 -0.0389371 18.3733
-0.0419564 0.0141892 -0.999124 -256.631 -0.0442488 0.998939 0.0160442 -0.670313 0.998228 0.0448805 -0.0412639 18.323
-0.0434727 0.0144107 -0.999054 -257.933 -0.0475427 0.99878 0.0164747 -0.673265 0.998008 0.0482073 -0.042712 18.2619
-0.0443076 0.0134818 -0.999034 -259.206 -0.048705 0.998738 0.0156374 -0.66159 0.997919 0.0493475 -0.0435749 18.2083
-0.0446873 0.0119311 -0.999036 -260.476 -0.0480233 0.998794 0.0140754 -0.657463 0.997933 0.0485995 -0.0440377 18.1487
-0.0438728 0.0119547 -0.999073 -261.701 -0.0454171 0.99892 0.0139467 -0.676029 0.998094 0.0459841 -0.0432619 18.0695
-0.0448165 0.011877 -0.999032 -262.965 -0.0443999 0.998965 0.0138671 -0.685575 0.998096 0.0449721 -0.0442199 18.0075
-0.0456177 0.0123891 -0.99899 -264.188 -0.0458851 0.998891 0.0144825 -0.692284 0.997994 0.0464967 -0.044978 17.9318
-0.0458881 0.0123893 -0.998977 -265.487 -0.0453285 0.998915 0.0144698 -0.702478 0.998006 0.0459396 -0.0452536 17.8688
-0.0456226 0.0131497 -0.99898 -266.737 -0.0449779 0.998921 0.0152024 -0.707694 0.998037 0.0456228 -0.0449612 17.7987
-0.0456531 0.0146995 -0.998959 -268.009 -0.0423614 0.999012 0.0166354 -0.721522 0.998147 0.04307 -0.0449621 17.7291
-0.0467051 0.0171895 -0.99887 -269.3 -0.0382391 0.999138 0.0189813 -0.720577 0.998269 0.0390799 -0.0459866 17.6776
-0.0479918 0.020333 -0.998751 -270.548 -0.0349437 0.999195 0.0220204 -0.718364 0.998326 0.0359505 -0.0472193 17.6264
-0.0491889 0.0218839 -0.998659 -271.815 -0.0328466 0.999234 0.0235135 -0.704106 0.998341 0.0339569 -0.0484114 17.5746
-0.0507918 0.0197119 -0.998625 -273.065 -0.0332131 0.999268 0.0214131 -0.695358 0.998247 0.0342489 -0.0500763 17.5228
-0.0505382 0.017648 -0.998676 -274.302 -0.0362813 0.999202 0.0194925 -0.686637 0.998155 0.0372165 -0.0498364 17.4449
-0.0509136 0.0197535 -0.99862 -275.56 -0.041544 0.998946 0.0218772 -0.670697 0.997929 0.0425938 -0.0500156 17.3742
-0.0514695 0.0253468 -0.998464 -276.805 -0.0457672 0.998621 0.0277092 -0.662623 0.997719 0.0471205 -0.050217 17.3034
-0.0518681 0.024408 -0.998468 -278.062 -0.0498918 0.998439 0.0269982 -0.64962 0.997498 0.0512082 -0.0505455 17.2349
-0.0518829 0.0170944 -0.998621 -279.309 -0.0494765 0.998637 0.0196643 -0.634801 0.997523 0.0504255 -0.0509448 17.1643
-0.0533672 0.0115867 -0.998621 -280.553 -0.0464485 0.998871 0.0140709 -0.632531 0.997586 0.0471283 -0.0527447 17.1067
-0.0543358 0.0102022 -0.998585 -281.807 -0.040737 0.999149 0.0124237 -0.628093 0.997788 0.0413521 -0.053852 17.0517
-0.0533707 0.0113258 -0.998624 -283.055 -0.0376795 0.999252 0.0133458 -0.627654 0.997956 0.0383337 -0.0528798 16.9795
-0.0520683 0.0132136 -0.998673 -284.286 -0.0368357 0.999265 0.015141 -0.630042 0.998062 0.037573 -0.0515212 16.9056
-0.0515802 0.0158515 -0.998656 -285.537 -0.0384008 0.999154 0.0178418 -0.635852 0.998023 0.039263 -0.0509037 16.8411
-0.0497921 0.0172876 -0.998727 -286.765 -0.0395535 0.999091 0.0192649 -0.636023 0.998075 0.0404598 -0.0490409 16.7443
-0.0488933 0.0184665 -0.998746 -288.029 -0.0406524 0.999014 0.0204605 -0.635064 0.99807 0.0415949 -0.0480705 16.6699
-0.0472278 0.0175446 -0.998848 -289.254 -0.0402298 0.99906 0.0194495 -0.631262 0.998173 0.0410993 -0.0464557 16.5784
-0.0459396 0.0160315 -0.998929 -290.503 -0.0408412 0.999055 0.0179107 -0.631393 0.998202 0.0416134 -0.0452177 16.4937
-0.0450326 0.0155329 -0.998982 -291.73 -0.0406012 0.999082 0.0173637 -0.642066 0.99826 0.0413389 -0.0443389 16.4117
-0.0450966 0.0158357 -0.998971 -292.966 -0.0413165 0.99904 0.0177009 -0.649994 0.998222 0.0420652 -0.0443753 16.3453
-0.0444776 0.0158255 -0.999002 -294.208 -0.0414439 0.999041 0.0176703 -0.652918 0.99825 0.0421857 -0.0437573 16.2791
-0.0437313 0.0159088 -0.999032 -295.454 -0.0419461 0.999014 0.0177436 -0.650035 0.998256 0.0426744 -0.042997 16.1956
-0.0431165 0.0165567 -0.99905 -296.691 -0.0411341 0.999043 0.0183308 -0.656679 0.998323 0.0418826 -0.0423724 16.1282
-0.0427844 0.0154769 -0.99908 -297.945 -0.0412971 0.99905 0.0172439 -0.663264 0.998324 0.0419898 -0.0420809 16.0533
-0.0435157 0.0133639 -0.999083 -299.182 -0.0410221 0.999101 0.0151499 -0.66894 0.998311 0.0416408 -0.0429065 15.997
-0.0451374 0.0106736 -0.999039 -300.406 -0.0419011 0.999094 0.0125664 -0.674708 0.998196 0.0424209 -0.0446253 15.9453
-0.0469252 0.0101794 -0.998966 -301.638 -0.0439034 0.999018 0.0122412 -0.688992 0.998034 0.0444291 -0.0464099 15.8909
-0.04754 0.0105087 -0.99893 -302.872 -0.0470114 0.998865 0.0127444 -0.696625 0.997856 0.0475594 -0.0469678 15.8134
-0.0481843 0.0118945 -0.998888 -304.098 -0.0502715 0.998691 0.014316 -0.702188 0.997674 0.0509015 -0.0475008 15.737
-0.0483668 0.0131845 -0.998859 -305.331 -0.0544398 0.998445 0.0158141 -0.707683 0.997439 0.0551344 -0.0475495 15.653
-0.0491897 0.0131762 -0.998823 -306.58 -0.0560298 0.998358 0.0159284 -0.708649 0.997316 0.0567429 -0.0483483 15.5879
-0.0501475 0.011586 -0.998792 -307.794 -0.05533 0.998417 0.0143586 -0.722413 0.997303 0.0559751 -0.0494025 15.5114
-0.0506354 0.00885867 -0.998799 -309.089 -0.0537878 0.99854 0.0115821 -0.714315 0.997366 0.0543057 -0.0500623 15.441
-0.050757 0.00892158 -0.998788 -310.358 -0.051063 0.998682 0.0115145 -0.723436 0.9975 0.0515779 -0.0502097 15.3463
