0.999986 -0.0026338 -0.00465515 0.0203943 0.00262132 0.999992 -0.00272124 0.00303122 0.00466222 0.00270906 0.999986 0.72121
0.999959 -0.0013883 -0.00910905 0.017604 0.00134691 0.999988 -0.00453858 0.00330653 0.0091153 0.00452613 0.999949 1.42885
0.999911 -0.00150782 -0.0132876 0.0096528 0.00142594 0.999979 -0.00618205 0.00185256 0.0132966 0.00616267 0.999894 2.14591
0.999824 0.000111887 -0.0188967 0.0046742 -0.000248089 0.999974 -0.00718777 0.00149454 0.0188955 0.00719103 0.999798 2.90015
0.999752 -0.00057399 -0.0223069 -0.0280604 0.000402647 0.99997 -0.00767902 -0.00701432 0.0223105 0.00766817 0.999725 3.64214
0.999646 0.00106831 -0.0266701 -0.0598027 -0.0012978 0.999962 -0.00856794 -0.0195136 0.0266599 0.00859942 0.999611 4.43939
0.999465 0.00332119 -0.0325774 -0.0749495 -0.00363524 0.999948 -0.00958125 -0.0235854 0.0325436 0.00969456 0.999427 5.24499
0.999335 0.00417378 -0.0363092 -0.118242 -0.0044828 0.999955 -0.00841848 -0.0284615 0.0362723 0.00857555 0.999309 6.03949
0.999182 0.0033131 -0.0403554 -0.160063 -0.00355429 0.999976 -0.00590294 -0.0370674 0.0403344 0.00604146 0.999173 6.87554
0.999025 0.00301374 -0.044112 -0.19632 -0.00317029 0.999989 -0.00346711 -0.0447025 0.0441009 0.00360347 0.999025 7.71087
0.998949 0.00554981 -0.0455635 -0.259837 -0.00575382 0.999974 -0.00434448 -0.0501256 0.0455378 0.00460205 0.998958 8.55778
0.998841 0.00491048 -0.0479665 -0.29796 -0.00515486 0.999973 -0.00495985 -0.0552168 0.0479408 0.00520116 0.998841 9.39814
0.998776 0.00194195 -0.0494804 -0.341545 -0.00222523 0.999983 -0.00566415 -0.0607853 0.0494679 0.00576732 0.998765 10.2487
0.998692 0.001136 -0.0512152 -0.38807 -0.00135571 0.999989 -0.00423906 -0.0783398 0.0512095 0.00430264 0.998686 11.1081
0.998622 -0.000905682 -0.0525158 -0.43522 0.000675123 0.999991 -0.00440193 -0.0926548 0.0525187 0.00436039 0.998617 11.9838
0.998553 0.00146834 -0.0538576 -0.497475 -0.00184414 0.999972 -0.00691178 -0.102256 0.0538459 0.00700073 0.998532 12.8664
0.998515 0.00161215 -0.054513 -0.563052 -0.00215968 0.99995 -0.00997838 -0.106642 0.0544933 0.0100813 0.998472 13.7755
0.998342 0.00501899 -0.0574333 -0.602848 -0.00566185 0.999921 -0.0110186 -0.128616 0.0573734 0.0113251 0.998296 14.6924
0.99828 0.00576875 -0.0584304 -0.659854 -0.00633393 0.999938 -0.00948427 -0.160926 0.0583711 0.00983797 0.998257 15.6055
0.998244 0.00473329 -0.0591241 -0.728208 -0.00517703 0.999958 -0.00733449 -0.186095 0.0590868 0.00762718 0.998232 16.5082
0.998124 0.00508303 -0.0610942 -0.77685 -0.00540003 0.999975 -0.00501826 -0.210712 0.0610662 0.00533855 0.998131 17.4399
0.998085 0.00442765 -0.0617852 -0.839002 -0.0046836 0.999979 -0.0039786 -0.235858 0.0617662 0.00425982 0.99809 18.3696
0.998047 0.00410293 -0.0624498 -0.910515 -0.00440165 0.999981 -0.00463382 -0.249708 0.0624285 0.0048992 0.998051 19.2817
0.998079 0.0029342 -0.0619799 -0.996571 -0.00326305 0.99998 -0.00518528 -0.263761 0.0619633 0.0053769 0.998074 20.236
0.998138 0.00307426 -0.0610296 -1.08251 -0.00333939 0.999987 -0.00423025 -0.264297 0.0610146 0.00442573 0.998141 21.1673
0.998163 0.00464285 -0.0605161 -1.15045 -0.00471937 0.999988 -0.00110217 -0.273945 0.0605099 0.00138505 0.998178 22.1257
0.998247 0.0057097 -0.0590404 -1.21924 -0.00556617 0.999982 0.00260817 -0.282987 0.0590531 -0.00227543 0.998265 23.0897
0.998345 0.00443719 -0.057466 -1.27374 -0.00411243 0.999975 0.00578843 -0.294597 0.0574898 -0.00554324 0.998343 24.0594
0.998447 0.00495649 -0.0556318 -1.33292 -0.00458842 0.999968 0.00675784 -0.303954 0.0556623 -0.00649265 0.998442 25.0154
0.998478 0.0052724 -0.055027 -1.37338 -0.00504934 0.999979 0.00421241 -0.314327 0.0550476 -0.00392889 0.99849 26.0054
0.998548 0.00622299 -0.0536643 -1.43544 -0.00622402 0.999983 0.000164149 -0.329901 0.0536631 0.000169609 0.998574 26.9922
0.998632 0.00650044 -0.0520315 -1.48896 -0.00665641 0.999975 -0.00280564 -0.347631 0.0520114 0.00314747 0.998655 27.9244
0.998711 0.00366568 -0.0508131 -1.54464 -0.00374679 0.999994 -0.00148237 -0.359422 0.0508061 0.00167028 0.998722 28.9221
0.998671 0.00179613 -0.0516449 -1.58516 -0.0015581 0.999989 0.00466712 -0.383848 0.0516522 -0.00458112 0.998669 29.9159
0.998682 -0.00187988 -0.0514923 -1.64823 0.00231961 0.999963 0.00850194 -0.398594 0.0514732 -0.00861082 0.998652 30.9147
0.998575 -0.00967416 -0.052667 -1.68591 0.01012 0.999917 0.00822317 -0.407645 0.0525824 -0.00874516 0.998595 31.9134
0.998408 -0.0120227 -0.055299 -1.71932 0.0123069 0.999914 0.00482106 -0.418358 0.0552351 -0.00549449 0.998474 32.9277
0.998246 -0.0104333 -0.058433 -1.75971 0.0105147 0.999946 0.00109989 -0.434086 0.0584177 -0.00171303 0.998307 33.9406
0.998138 -0.00917378 -0.0604797 -1.82588 0.00923772 0.999959 0.000795298 -0.445241 0.0604687 -0.00135303 0.998185 34.9535
0.998067 -0.00910687 -0.0616665 -1.88455 0.00922519 0.999959 0.00165046 -0.443906 0.0616479 -0.00221698 0.998116 35.9988
0.997993 -0.00632556 -0.0631877 -1.95171 0.00658018 0.999973 0.00383793 -0.44011 0.0631605 -0.00424652 0.99801 37.0335
0.997904 -0.00627237 -0.0645837 -2.01613 0.00659986 0.999969 0.00487332 -0.446673 0.0645502 -0.00529023 0.997921 38.0558
0.997868 -0.00466137 -0.0652683 -2.08913 0.00515851 0.999961 0.00746545 -0.45278 0.0652297 -0.00778674 0.997857 39.0782
0.997976 -0.00419887 -0.0636431 -2.18313 0.00491203 0.999929 0.0110714 -0.468941 0.0635911 -0.0113626 0.997931 40.0535
0.997866 0.00138016 -0.0654416 -2.23902 -0.000503203 0.999913 0.0134327 -0.46626 0.0654529 -0.0133717 0.997784 41.1367
0.99791 0.00108558 -0.0647838 -2.32347 -0.000243794 0.999918 0.0130172 -0.469475 0.0647915 -0.0129752 0.997835 42.1659
0.99786 0.00122406 -0.0655443 -2.37922 -0.000483701 0.999939 0.0113309 -0.470245 0.0655525 -0.0112755 0.997803 43.2255
0.997895 0.00335378 -0.0649327 -2.46318 -0.00273341 0.999951 0.00965592 -0.47703 0.0649609 -0.00945918 0.997863 44.2386
0.997762 0.00257973 -0.0669964 -2.51208 -0.00190311 0.999948 0.0101797 -0.48683 0.0670176 -0.0100299 0.99772 45.2633
0.997742 0.000899336 -0.067329 -2.59649 -0.000116798 0.999934 0.0116447 -0.495974 0.0673338 -0.0116115 0.997684 46.2781
0.997696 0.00152197 -0.0680154 -2.66713 -0.000600218 0.99991 0.0135898 -0.516856 0.0680282 -0.0135183 0.997612 47.288
0.997721 0.00477613 -0.0675078 -2.7479 -0.00405414 0.999936 0.0108443 -0.535265 0.067554 -0.010547 0.997682 48.2904
0.997698 0.00590411 -0.067747 -2.83162 -0.00543544 0.999964 0.00711897 -0.546717 0.0677846 -0.00673504 0.997699 49.2999
0.997577 0.00665777 -0.0694436 -2.88455 -0.00624189 0.999965 0.00621902 -0.554688 0.0694812 -0.00577163 0.997588 50.3215
0.997626 0.00556248 -0.0688278 -2.96403 -0.00489375 0.999944 0.00989891 -0.565219 0.0688769 -0.00953925 0.997603 51.3154
0.99761 0.00362465 -0.0691863 -3.03129 -0.00275936 0.99992 0.0126127 -0.563933 0.0692251 -0.0123928 0.997545 52.3168
0.997628 0.00185737 -0.069016 -3.10229 -0.000966947 0.99992 0.0129538 -0.563791 0.0690325 -0.0128571 0.997556 53.3093
0.997611 -0.00117546 -0.0692746 -3.16899 0.0019623 0.999938 0.0113058 -0.559246 0.0692557 -0.0114158 0.997555 54.3098
0.997562 -0.00406204 -0.0698764 -3.23348 0.00475829 0.999945 0.00982244 -0.559832 0.0698306 -0.0101318 0.997532 55.2942
0.997511 -0.00551641 -0.0704998 -3.30691 0.0063008 0.999925 0.0109241 -0.559 0.0704329 -0.0113422 0.997475 56.2664
0.997417 -0.00854914 -0.0715499 -3.3765 0.0096117 0.999854 0.0145417 -0.552149 0.0714128 -0.0151926 0.997358 57.2296
0.997383 -0.00928048 -0.0719254 -3.44838 0.0106176 0.999783 0.0182443 -0.532966 0.0717391 -0.0189613 0.997266 58.2215
0.997451 -0.00745238 -0.0712003 -3.53788 0.00887277 0.999774 0.0196754 -0.521053 0.0710351 -0.0202577 0.997297 59.1839
0.997308 -0.00615608 -0.0733047 -3.6022 0.00733122 0.999854 0.0157877 -0.523586 0.0731952 -0.0162837 0.99721 60.1226
0.997184 -0.00453675 -0.0750886 -3.67205 0.00519518 0.999959 0.00859493 -0.528991 0.0750437 -0.00896158 0.997171 61.111
0.997104 -0.00286839 -0.0762252 -3.74334 0.0031567 0.999994 0.00367812 -0.531711 0.0762124 -0.00390915 0.997111 62.0586
0.997036 0.00243551 -0.0771477 -3.82438 -0.00208594 0.999996 0.00462809 -0.539151 0.0771559 -0.00445422 0.997041 62.998
0.99698 0.00454421 -0.0777534 -3.91161 -0.00400928 0.999973 0.00705015 -0.542573 0.0777814 -0.00671825 0.996975 63.9185
0.997034 0.00800248 -0.0768027 -4.00962 -0.007404 0.999949 0.00809208 -0.553741 0.0768608 -0.00750034 0.997047 64.7956
0.997048 0.00918808 -0.0764594 -4.10667 -0.0086489 0.999941 0.00739593 -0.550716 0.0765209 -0.00671395 0.997073 65.6768
0.996871 0.0104044 -0.0786113 -4.17097 -0.00983467 0.999931 0.00764928 -0.54782 0.0786826 -0.00685324 0.99691 66.5582
0.996793 0.0109558 -0.0795046 -4.25233 -0.0103703 0.999922 0.00778741 -0.549594 0.0795817 -0.00693914 0.996833 67.4216
0.996707 0.010774 -0.0806161 -4.32671 -0.0101399 0.999922 0.00828702 -0.557412 0.0806961 -0.00744326 0.996746 68.2733
0.996603 0.0105113 -0.0819132 -4.40483 -0.00978166 0.999915 0.00931763 -0.559223 0.0820021 -0.00848596 0.996624 69.1274
0.996441 0.0125578 -0.0836055 -4.47618 -0.0115686 0.999865 0.0123211 -0.563299 0.083746 -0.011311 0.996459 69.9611
0.996389 0.0150316 -0.0837883 -4.56871 -0.0137337 0.999784 0.0160574 -0.561317 0.0840093 -0.0148499 0.996383 70.7885
0.996208 0.0181368 -0.0853355 -4.64343 -0.0166893 0.999713 0.0176627 -0.563732 0.0856283 -0.0161725 0.996231 71.5707
0.996018 0.0205874 -0.0869724 -4.70921 -0.0194657 0.999724 0.0137379 -0.571639 0.0872288 -0.0119915 0.996146 72.3228
0.995897 0.0205072 -0.088384 -4.79089 -0.0200167 0.999787 0.00644806 -0.574621 0.0884944 -0.00465342 0.996102 73.0947
0.99581 0.0198154 -0.0895066 -4.85525 -0.0197735 0.999812 0.00136423 -0.594237 0.0895138 0.000410174 0.996017 73.7742
0.995707 0.0206277 -0.0904824 -4.92213 -0.0207067 0.999795 8.13541e-05 -0.593416 0.0904622 0.00179171 0.995936 74.5093
0.995518 0.0231764 -0.0919214 -4.97399 -0.0228926 0.999739 0.00415038 -0.612744 0.0919903 -0.00202872 0.99579 75.1776
0.995388 0.0235806 -0.093229 -5.04369 -0.0231093 0.999724 0.00614563 -0.623192 0.0933448 -0.0039637 0.995663 75.8524
0.99532 0.0206285 -0.0946414 -5.08927 -0.0204313 0.999796 0.00306095 -0.637848 0.0946822 -0.00111428 0.995539 76.4779
0.995408 0.0127524 -0.0950951 -5.12522 -0.0129797 0.999923 -0.00175756 -0.656834 0.0950621 0.00298295 0.995504 77.1001
0.995501 0.00842393 -0.0946217 -5.18151 -0.00911048 0.999945 -0.00681546 -0.659321 0.094556 0.00764563 0.995522 77.776
0.995799 0.0109967 -0.0911491 -5.2344 -0.0117131 0.999913 -0.00731318 -0.66236 0.0910576 0.00834937 0.995848 78.3851
0.995946 0.0156792 -0.0888488 -5.25562 -0.0162003 0.999866 -0.00513587 -0.658644 0.0887531 0.0065532 0.996065 79.0339
0.996422 0.0144071 -0.0835427 -5.31566 -0.0146688 0.999899 -0.00250444 -0.661606 0.0834948 0.0037202 0.996539 79.6459
0.996617 0.00957942 -0.0819305 -5.25523 -0.00951778 0.999966 0.00115672 -0.669209 0.0819355 -0.000374344 0.996672 80.2087
0.997266 0.00538396 -0.0739997 -5.27954 -0.00502743 0.999985 0.00502092 -0.69209 0.0740222 -0.00463583 0.997285 80.7746
0.997955 0.00907769 -0.0636785 -5.30377 -0.00877923 0.999961 0.00498248 -0.700888 0.0637177 -0.00441453 0.997993 81.3175
0.99864 0.0143834 -0.0505524 -5.29386 -0.0141641 0.999899 0.00471751 -0.708945 0.0506118 -0.00399589 0.99875 81.8602
0.999338 0.0195167 -0.0315436 -5.32322 -0.0193535 0.99981 0.00550052 -0.71709 0.0316411 -0.0048878 0.999524 82.3768
0.999814 0.0177711 -0.00997737 -5.30507 -0.0177171 0.999838 0.00559245 -0.716217 0.0100718 -0.00541548 0.999975 82.8795
0.999803 0.0141745 0.0156738 -5.26254 -0.0142731 0.999892 0.0061348 -0.718107 -0.0155893 -0.0063586 0.999895 83.3798
0.998888 0.0138018 0.0455915 -5.22494 -0.0141447 0.999885 0.00717683 -0.722118 -0.0454905 -0.00781457 0.998975 83.84
0.996949 0.0133368 0.0772445 -5.14272 -0.0140336 0.999878 0.00847354 -0.728412 -0.0771265 -0.0095332 0.997014 84.2985
0.993365 0.0132666 0.11443 -5.05295 -0.0143673 0.99987 0.00878858 -0.731258 -0.114301 -0.0103752 0.993433 84.7928
0.987813 0.0131741 0.155256 -4.94445 -0.0147162 0.999866 0.0087815 -0.739828 -0.155124 -0.0109608 0.987873 85.2276
0.97974 0.0127896 0.199973 -4.81374 -0.0147399 0.999869 0.00826066 -0.741102 -0.199845 -0.0110417 0.979806 85.6729
0.968762 0.0147815 0.24766 -4.64505 -0.0167694 0.999855 0.00591552 -0.747453 -0.247541 -0.00988543 0.968869 86.1075
0.953844 0.0149133 0.300008 -4.45605 -0.0168324 0.999863 0.00380932 -0.769339 -0.299913 -0.0086842 0.953969 86.5394
0.934801 0.0142473 0.354963 -4.24902 -0.0163907 0.999874 0.00302929 -0.793311 -0.35488 -0.00865145 0.934917 86.9398
0.911963 0.013599 0.410103 -4.01466 -0.0161291 0.999879 0.00270793 -0.816718 -0.410019 -0.00908497 0.912077 87.2942
0.885674 0.0127451 0.464191 -3.75652 -0.0148488 0.999903 0.000874666 -0.825085 -0.46414 -0.00766896 0.885777 87.5829
0.853488 0.0102503 0.521057 -3.50069 -0.0118908 0.999942 -0.000196199 -0.845297 -0.521031 -0.00602919 0.853564 87.8935
0.816849 0.00923331 0.576825 -3.24215 -0.0109867 0.999952 -0.000450343 -0.863468 -0.576808 -0.00597116 0.816911 88.2099
0.777205 0.00731882 0.629244 -2.96794 -0.0110048 0.999951 0.00196017 -0.889758 -0.629201 -0.00844901 0.777249 88.4942
0.736283 0.00666105 0.676682 -2.65667 -0.0125584 0.999927 0.00381937 -0.894493 -0.676613 -0.0113118 0.736311 88.7436
0.692706 0.00579226 0.721231 -2.32855 -0.0116296 0.999941 0.00313751 -0.889474 -0.721172 -0.0105618 0.692733 88.979
0.647923 0.00501275 0.761725 -1.99083 -0.00786808 0.999983 0.000110042 -0.879614 -0.761717 -0.00606622 0.647949 89.1859
0.602432 0.00309864 0.798197 -1.65824 -0.00257123 1.00001 -0.00194293 -0.877042 -0.798211 -0.000882556 0.602445 89.3602
0.557741 0.00522054 0.830031 -1.30402 -0.00445224 0.999999 -0.00329968 -0.882876 -0.830053 -0.00185665 0.557761 89.5317
0.511856 0.00845508 0.85906 -0.951299 -0.00843335 0.999966 -0.00481832 -0.885905 -0.859073 -0.00477916 0.51191 89.6943
0.467671 0.011015 0.883866 -0.600436 -0.00923119 0.999943 -0.00757898 -0.888989 -0.883904 -0.00461603 0.467743 89.8321
0.426846 0.00740096 0.904324 -0.230862 -0.00171547 0.999985 -0.00737533 -0.903175 -0.904365 0.00159596 0.426852 89.9464
0.387619 0.000567466 0.92185 0.131443 0.0141234 0.999894 -0.0065558 -0.896043 -0.92176 0.0155595 0.387567 90.0416
0.353601 -0.00386761 0.935418 0.510284 0.0185156 0.999839 -0.00286637 -0.906193 -0.935255 0.0183325 0.353615 90.1348
0.321158 0.00073919 0.947057 0.875207 0.0157894 0.999872 -0.00613654 -0.907755 -0.946943 0.0169229 0.321102 90.2326
0.289807 0.00861508 0.957076 1.26301 0.0096347 0.999897 -0.0119191 -0.901363 -0.957078 0.0126746 0.289693 90.3559
0.261712 0.0131447 0.965087 1.65123 0.00465618 0.999895 -0.0148832 -0.918263 -0.965184 0.0083874 0.26162 90.4497
0.236436 0.014784 0.971564 2.05335 0.00608589 0.999857 -0.0166966 -0.930701 -0.97167 0.00985945 0.236311 90.527
0.212944 0.0169551 0.976949 2.45518 0.0131174 0.999727 -0.0202114 -0.933829 -0.977026 0.0171174 0.212661 90.5852
0.192628 0.023428 0.981021 2.87271 0.0206332 0.999413 -0.0279197 -0.931041 -0.981097 0.0256187 0.19203 90.6425
0.17335 0.0301429 0.984431 3.30339 0.0227875 0.999159 -0.0346086 -0.932304 -0.984647 0.0284306 0.172515 90.7016
0.155973 0.0308286 0.987311 3.74845 0.020792 0.999205 -0.0344858 -0.947313 -0.987584 0.0259058 0.155206 90.7634
0.141072 0.0270436 0.989662 4.20896 0.0193812 0.999377 -0.0300739 -0.964957 -0.989859 0.0234219 0.140458 90.817
0.126687 0.0233652 0.9917 4.6895 0.0193437 0.999492 -0.0260211 -0.992504 -0.991797 0.0224783 0.12617 90.8693
0.113747 0.0207468 0.993326 5.19037 0.0222257 0.999496 -0.0234229 -1.0105 -0.993312 0.0247401 0.113227 90.9151
0.10226 0.0199038 0.994591 5.69039 0.0262468 0.999415 -0.0227002 -1.02413 -0.994454 0.0284247 0.101677 90.9511
0.0925711 0.0206565 0.995525 6.21634 0.0294215 0.999309 -0.023473 -1.03675 -0.995323 0.0314612 0.091898 90.9845
0.0848397 0.0212054 0.996203 6.75395 0.0313474 0.999241 -0.0239409 -1.0534 -0.995945 0.033258 0.0841098 91.021
0.0796729 0.0213272 0.996628 7.31748 0.0327916 0.999193 -0.0240059 -1.07268 -0.996333 0.0345918 0.0789081 91.0559
0.0739519 0.0220011 0.997054 7.89105 0.0342234 0.999131 -0.0245865 -1.09222 -0.996718 0.0359392 0.0731342 91.0943
0.0695336 0.0215603 0.997382 8.4775 0.0344993 0.999135 -0.0240058 -1.11887 -0.997035 0.0360765 0.0687286 91.1158
0.0649778 0.0205911 0.99771 9.10985 0.0366328 0.999084 -0.0230066 -1.14616 -0.997259 0.038042 0.0641636 91.1561
0.0606341 0.0206129 0.997983 9.75035 0.0376904 0.999045 -0.0229272 -1.16342 -0.997501 0.0390029 0.0597983 91.2098
0.0581154 0.0203236 0.99814 10.3853 0.0381044 0.99904 -0.0225618 -1.17866 -0.997628 0.0393431 0.0572848 91.2427
0.0554182 0.0199594 0.9983 11.0481 0.0402903 0.998961 -0.0222116 -1.19145 -0.997704 0.0414509 0.0545554 91.2833
0.0546778 0.0198106 0.998346 11.7262 0.0444873 0.998784 -0.0222571 -1.20651 -0.997559 0.0456291 0.0537296 91.3181
0.0563289 0.0188465 0.998272 12.423 0.0489378 0.998588 -0.0216163 -1.23042 -0.997267 0.0500688 0.0553259 91.3491
0.0593209 0.0190109 0.998097 13.1489 0.0509422 0.998478 -0.0220473 -1.24443 -0.996985 0.0521515 0.0582617 91.3847
0.0632321 0.0200851 0.997835 13.8916 0.0528007 0.998351 -0.0234439 -1.24558 -0.996656 0.054167 0.062066 91.4276
0.0667543 0.0193718 0.997623 14.6401 0.0529842 0.998353 -0.022933 -1.27067 -0.99641 0.0543874 0.0656172 91.4932
0.0680921 0.0179135 0.997557 15.4087 0.0545616 0.998297 -0.0216536 -1.28859 -0.996241 0.055901 0.0669974 91.5986
0.0720624 0.0165834 0.997306 16.2001 0.0542023 0.998341 -0.0205188 -1.3049 -0.995977 0.055533 0.0710434 91.6611
0.0761189 0.0149714 0.997029 17.0443 0.0512954 0.998527 -0.0189127 -1.3207 -0.995834 0.0525807 0.0752375 91.7357
0.077465 0.0142103 0.99694 17.8502 0.0509083 0.99856 -0.0181908 -1.34 -0.995745 0.0521599 0.0766295 91.8572
0.0806428 0.015106 0.996672 18.6816 0.0485327 0.998663 -0.0190657 -1.36494 -0.995617 0.049907 0.0798005 91.9492
0.0841563 0.0192258 0.996314 19.5014 0.0466137 0.998666 -0.0232102 -1.38957 -0.995413 0.0483932 0.0831475 92.0111
0.0857905 0.0247017 0.996051 20.3728 0.0397896 0.998833 -0.0282005 -1.42251 -0.995574 0.0420503 0.0847064 92.0991
0.0839128 0.027672 0.996136 21.1969 0.0368468 0.998868 -0.0308536 -1.45624 -0.995843 0.0392915 0.0827979 92.2102
0.0833398 0.0268828 0.996203 22.0578 0.0345488 0.998981 -0.0298509 -1.49712 -0.995979 0.036904 0.0823249 92.3061
0.0837781 0.0240857 0.996242 22.9139 0.031674 0.999162 -0.0268216 -1.55013 -0.996033 0.0338001 0.0829448 92.3734
0.0836626 0.0216494 0.996303 23.74 0.0329488 0.999181 -0.0244816 -1.59575 -0.996007 0.0348738 0.0828795 92.4456
0.0835496 0.0204146 0.996344 24.5677 0.0305844 0.999292 -0.0230416 -1.63686 -0.996086 0.0323958 0.082866 92.5295
0.0832677 0.0200701 0.99637 25.4286 0.0293236 0.999339 -0.0225835 -1.67888 -0.996154 0.0310964 0.0826229 92.6166
0.0822472 0.0199889 0.996462 26.258 0.0261484 0.999436 -0.0222087 -1.71997 -0.99632 0.0278807 0.0816781 92.7095
0.0807491 0.0215822 0.996546 27.0939 0.0232684 0.999478 -0.0235339 -1.75079 -0.996524 0.0250871 0.0802033 92.79
0.0800298 0.0209262 0.996625 27.9358 0.0207524 0.999554 -0.0226561 -1.78219 -0.996629 0.0224939 0.0795597 92.8365
0.0768685 0.0212847 0.99686 28.7705 0.0181061 0.999604 -0.0227424 -1.79544 -0.99694 0.0197965 0.0764513 92.8966
0.0723088 0.0190111 0.997253 29.5993 0.0162148 0.999689 -0.0202352 -1.82342 -0.997303 0.017632 0.0719783 92.9584
0.0664737 0.016961 0.997691 30.4317 0.0139894 0.999768 -0.0179315 -1.85238 -0.997754 0.0151482 0.0662199 93.0111
0.05887 0.0174699 0.998165 31.2635 0.0133289 0.999769 -0.0182862 -1.88033 -0.99823 0.0143796 0.0586239 93.0668
0.0503216 0.0185211 0.998609 32.0706 0.0135968 0.99975 -0.0192306 -1.90444 -0.998704 0.0145447 0.0500566 93.103
0.0410142 0.0189082 0.999033 32.8846 0.0141567 0.999735 -0.0195047 -1.93058 -0.999112 0.0149415 0.0407364 93.1243
0.0317497 0.0181181 0.99938 33.711 0.0152432 0.999738 -0.018612 -1.95474 -0.999444 0.0158237 0.0314652 93.1361
0.0209272 0.0173379 0.999685 34.5196 0.0142215 0.99977 -0.0176391 -1.97926 -0.999734 0.0145845 0.0206766 93.1526
0.0108142 0.0166774 0.999852 35.321 0.0157461 0.999761 -0.0168494 -2.00187 -0.999882 0.0159249 0.0105496 93.1456
-7.94384e-05 0.0175705 0.999901 36.1219 0.0167769 0.999732 -0.0175684 -2.017 -0.999914 0.0167722 -0.000373123 93.1444
-0.0108609 0.0185428 0.999819 36.9098 0.017364 0.999708 -0.0183555 -2.03878 -0.999856 0.0171607 -0.0111786 93.1288
-0.0216713 0.0194268 0.999633 37.6947 0.0173147 0.999696 -0.0190551 -2.06502 -0.999671 0.0168934 -0.0219998 93.1156
-0.0320199 0.0204207 0.999329 38.4746 0.0184197 0.99966 -0.0198407 -2.09136 -0.999384 0.0177713 -0.0323837 93.0915
-0.0414677 0.0203851 0.99899 39.2121 0.0184361 0.999664 -0.0196362 -2.12583 -0.999026 0.0176013 -0.0418283 93.0561
-0.0514287 0.0199873 0.998528 39.9697 0.0190209 0.999664 -0.019034 -2.16308 -0.998563 0.0180133 -0.0517897 93.0195
-0.0595111 0.0198369 0.998089 40.7205 0.0201214 0.99965 -0.0186708 -2.19713 -0.998082 0.0189698 -0.0598877 92.9505
-0.0680695 0.0191657 0.997548 41.4711 0.0214363 0.999639 -0.0177469 -2.22577 -0.997518 0.0201751 -0.0684533 92.8953
-0.074313 0.0170843 0.997147 42.2001 0.0228723 0.999647 -0.0154252 -2.2619 -0.997029 0.0216588 -0.0746755 92.8094
-0.0790965 0.014749 0.996811 42.9373 0.0253061 0.999625 -0.0127865 -2.29421 -0.996615 0.0242133 -0.0794372 92.7384
-0.0832857 0.0129288 0.996502 43.6577 0.0282603 0.999574 -0.0106093 -2.31554 -0.996182 0.0272759 -0.0836135 92.6835
-0.0866492 0.0109524 0.996232 44.3763 0.0300203 0.999542 -0.00838167 -2.34595 -0.995857 0.02918 -0.086935 92.6305
-0.0873442 0.00979808 0.996191 45.0867 0.0302948 0.999544 -0.00717748 -2.3653 -0.995775 0.0295508 -0.0875993 92.5518
-0.0853586 0.0097641 0.996357 45.7805 0.031001 0.999522 -0.00714333 -2.38841 -0.995939 0.0302774 -0.0856172 92.4362
-0.0847834 0.0111463 0.9964 46.4683 0.0321904 0.999476 -0.0084443 -2.40248 -0.995937 0.0313569 -0.0850957 92.3848
-0.0819378 0.0131749 0.996606 47.1488 0.0327757 0.999436 -0.0105217 -2.41634 -0.996168 0.0318014 -0.0823204 92.3359
-0.0760419 0.0138872 0.997072 47.7575 0.0340362 0.999386 -0.0113264 -2.43069 -0.996581 0.0330734 -0.076466 92.2739
-0.0695567 0.0150587 0.997519 48.3867 0.0318341 0.999439 -0.0128719 -2.44373 -0.997139 0.0308591 -0.0699944 92.2598
-0.0576656 0.0156474 0.998279 49.0002 0.030539 0.999466 -0.0139048 -2.45617 -0.997927 0.0296827 -0.0581108 92.2177
-0.0438294 0.0156831 0.998971 49.5813 0.0298981 0.999479 -0.0143833 -2.48012 -0.998661 0.0292363 -0.0442738 92.2008
-0.0266051 0.0174852 0.999559 50.1618 0.0296644 0.999449 -0.0166967 -2.49564 -0.999264 0.0292053 -0.0271077 92.2044
-0.00448042 0.0205499 0.999834 50.7096 0.0280123 0.999428 -0.02042 -2.50611 -0.999668 0.0279153 -0.00505345 92.2035
0.0189039 0.0242536 0.999594 51.2454 0.0254743 0.999399 -0.0247337 -2.52011 -0.999555 0.0259298 0.0182755 92.2555
0.0470714 0.0262787 0.998601 51.7774 0.0234306 0.999378 -0.0274076 -2.53999 -0.998688 0.0246871 0.0464244 92.3076
0.0801605 0.0258653 0.996514 52.3176 0.0209464 0.999428 -0.027629 -2.55792 -0.996621 0.0230865 0.079573 92.3736
0.116733 0.0234579 0.992942 52.8289 0.0202612 0.999484 -0.0259986 -2.5776 -0.993028 0.0231521 0.116193 92.4773
0.15883 0.0192779 0.987187 53.3624 0.0175328 0.999627 -0.0223447 -2.60519 -0.987212 0.0208556 0.158432 92.5874
0.203389 0.0149037 0.97904 53.8787 0.0152624 0.999743 -0.0183937 -2.62948 -0.97905 0.0186828 0.203101 92.7297
0.252583 0.0116129 0.967575 54.3787 0.00999632 0.999873 -0.014613 -2.65145 -0.967585 0.0133618 0.252433 92.8718
0.304201 0.00966019 0.952617 54.8732 0.00676206 0.99993 -0.0123039 -2.67464 -0.952657 0.0101837 0.304103 93.0523
0.358657 0.00986212 0.933489 55.3371 0.00547417 0.999934 -0.0126704 -2.68452 -0.933517 0.00965314 0.358576 93.2631
0.415966 0.00962953 0.909392 55.7806 0.00808285 0.999894 -0.0142896 -2.70924 -0.909422 0.0132935 0.415827 93.4982
0.473931 0.0120463 0.880552 56.184 0.00892821 0.999818 -0.0184867 -2.73698 -0.880584 0.0166219 0.473732 93.7667
0.530125 0.0146631 0.84786 56.5547 0.0106013 0.999686 -0.023922 -2.75634 -0.847935 0.0216689 0.529783 94.079
0.585807 0.019227 0.8103 56.9022 0.0065565 0.999603 -0.0284626 -2.76607 -0.810497 0.0219851 0.585441 94.4116
0.640254 0.0222295 0.76792 57.254 0.00253182 0.999543 -0.0310507 -2.77808 -0.76825 0.0218233 0.639881 94.7664
0.690803 0.0236427 0.722743 57.5568 0.00134696 0.999451 -0.033986 -2.78485 -0.723124 0.0244499 0.690383 95.1358
0.739775 0.0206665 0.672628 57.8653 0.00169723 0.999496 -0.0325823 -2.81188 -0.672955 0.0252437 0.73934 95.5071
0.784058 0.0173025 0.620544 58.1434 -0.000170496 0.999648 -0.0276615 -2.82807 -0.620782 0.0215812 0.783775 95.9127
0.824375 0.0118389 0.566031 58.3711 -7.33604e-05 0.999812 -0.0208122 -2.84608 -0.566165 0.017114 0.82419 96.314
0.859985 0.0093176 0.510352 58.5882 -0.00222213 0.999924 -0.014516 -2.86049 -0.510429 0.0113487 0.859929 96.7478
0.889247 0.00661082 0.457521 58.744 -0.00327431 0.999991 -0.00809455 -2.86857 -0.457566 0.00569861 0.889226 97.1849
0.913759 0.00851625 0.406311 58.9042 -0.00768658 0.999996 -0.00367891 -2.86822 -0.406326 0.000238063 0.913808 97.6602
0.932947 0.0122198 0.359989 59.0386 -0.0125648 0.999949 -0.00139264 -2.86658 -0.359984 -0.00322513 0.933017 98.1224
0.946083 0.0185838 0.323574 59.0976 -0.0193979 0.999844 -0.000714275 -2.83577 -0.323525 -0.0056012 0.946282 98.6285
0.956768 0.0239988 0.290095 59.1765 -0.0242731 0.999731 -0.00266567 -2.83245 -0.290079 -0.00449235 0.957056 99.1032
0.965709 0.0264947 0.258496 59.2866 -0.0264715 0.999676 -0.00357671 -2.8263 -0.258498 -0.00338902 0.966085 99.6149
0.971657 0.0214678 0.235712 59.4043 -0.021044 0.999798 -0.00432923 -2.82089 -0.235757 -0.000755213 0.971873 100.093
0.975317 0.018445 0.220305 59.5066 -0.018053 0.999863 -0.00380106 -2.8315 -0.220337 -0.000270333 0.975503 100.58
0.97754 0.022722 0.20985 59.5614 -0.0222725 0.99977 -0.00452359 -2.83439 -0.209903 -0.000253279 0.977784 101.119
0.979449 0.0283966 0.199976 59.6503 -0.0280631 0.999629 -0.00450962 -2.83235 -0.200022 -0.00119545 0.979869 101.642
0.980238 0.0362311 0.194833 59.7265 -0.0357108 0.999371 -0.00620186 -2.83109 -0.194935 -0.000879698 0.980878 102.171
0.980012 0.042401 0.194675 59.7794 -0.0412171 0.999133 -0.010135 -2.83455 -0.19493 0.00190784 0.980893 102.738
0.980022 0.0443319 0.194244 59.8795 -0.042798 0.999039 -0.0121059 -2.85922 -0.194594 0.00354935 0.98094 103.265
0.979843 0.0420802 0.195597 60.0069 -0.039652 0.999116 -0.0163204 -2.85818 -0.196104 0.00823479 0.980628 103.809
0.979392 0.0397928 0.198362 60.1419 -0.0356241 0.999092 -0.0245594 -2.84463 -0.199159 0.016985 0.979883 104.36
0.978921 0.0396082 0.200663 60.2882 -0.0341393 0.998982 -0.03065 -2.83834 -0.201665 0.0231522 0.979259 104.925
0.977842 0.0439819 0.205006 60.4052 -0.0385342 0.998821 -0.0305107 -2.85445 -0.206104 0.0219329 0.978349 105.524
0.976493 0.0475863 0.210523 60.5269 -0.0428875 0.998754 -0.0268361 -2.86802 -0.21153 0.0171753 0.977299 106.132
0.97618 0.043829 0.212808 60.701 -0.0396927 0.998962 -0.0236887 -2.87234 -0.213623 0.0146757 0.976871 106.735
0.975958 0.0388205 0.214763 60.873 -0.0352784 0.999207 -0.0203092 -2.86861 -0.215373 0.0122434 0.976535 107.372
0.974927 0.0362492 0.219866 60.9965 -0.0336808 0.999345 -0.015437 -2.8878 -0.220279 0.00764295 0.975474 108.017
0.974458 0.0313609 0.222649 61.148 -0.0289369 0.999517 -0.0141474 -2.91117 -0.222976 0.00734236 0.974877 108.654
0.974724 0.0277658 0.221992 61.3144 -0.0245433 0.999581 -0.0172805 -2.93128 -0.222375 0.0113936 0.974962 109.314
0.974814 0.027007 0.221662 61.4557 -0.0222049 0.999497 -0.0241354 -2.95289 -0.222194 0.0186043 0.974905 109.965
0.97489 0.0293045 0.221072 61.598 -0.022901 0.999274 -0.0314927 -2.9664 -0.221832 0.0256371 0.974816 110.642
0.975578 0.0319859 0.217608 61.761 -0.0247911 0.999091 -0.0357214 -2.97896 -0.218544 0.0294528 0.975465 111.342
0.976127 0.0301911 0.215429 61.8925 -0.0239105 0.999244 -0.0317201 -2.99942 -0.216221 0.0258096 0.976073 112.037
0.976576 0.0264736 0.213845 62.0555 -0.0217912 0.999506 -0.024232 -3.02267 -0.214371 0.0190033 0.976651 112.765
0.977359 0.0270843 0.2102 62.2275 -0.0237516 0.999582 -0.0183831 -3.05041 -0.210607 0.0129725 0.977555 113.514
0.977641 0.030747 0.208336 62.377 -0.0274361 0.999485 -0.0187702 -3.07871 -0.208797 0.0126335 0.97796 114.255
0.977951 0.0374711 0.205811 62.5221 -0.0331832 0.999188 -0.0242665 -3.08511 -0.20655 0.0168999 0.978362 114.995
0.978866 0.0388175 0.201113 62.6829 -0.0334124 0.999022 -0.0302083 -3.09859 -0.20208 0.0228488 0.979185 115.763
0.980014 0.0371726 0.195818 62.8509 -0.031246 0.998991 -0.0332889 -3.12141 -0.196855 0.0265025 0.980147 116.519
0.98097 0.0346953 0.191383 63.0073 -0.0291024 0.999103 -0.0319656 -3.14739 -0.192312 0.0257861 0.981079 117.312
0.981939 0.0307789 0.187096 63.1736 -0.0255709 0.999252 -0.0302086 -3.17676 -0.187882 0.0248762 0.981951 118.124
0.982408 0.0303571 0.184631 63.3422 -0.0256706 0.999323 -0.0277313 -3.20602 -0.18534 0.0225023 0.9825 118.958
0.982834 0.0267972 0.182971 63.5004 -0.022495 0.999456 -0.0255717 -3.23213 -0.183553 0.0210144 0.982861 119.781
0.983281 0.0214418 0.181204 63.6794 -0.017256 0.999585 -0.0246573 -3.25453 -0.181649 0.0211166 0.983221 120.615
0.983619 0.0215857 0.179405 63.8413 -0.0176515 0.999604 -0.0235228 -3.27556 -0.179837 0.0199683 0.983569 121.423
0.983537 0.027086 0.179053 63.9954 -0.0228112 0.999443 -0.0259021 -3.29961 -0.179647 0.0213896 0.983583 122.243
0.983288 0.0328324 0.179523 64.133 -0.027854 0.999194 -0.0302074 -3.31483 -0.180366 0.0246994 0.983366 123.095
0.982667 0.0420943 0.180921 64.2673 -0.0368157 0.998834 -0.0324447 -3.33782 -0.182067 0.0252198 0.983049 123.951
0.982086 0.047826 0.182712 64.4281 -0.0427372 0.998621 -0.0317122 -3.37189 -0.183973 0.0233329 0.982732 124.802
0.981526 0.0499305 0.185075 64.5894 -0.0450191 0.998557 -0.0306531 -3.39539 -0.186329 0.0217532 0.982333 125.688
0.98101 0.0506749 0.187653 64.7396 -0.0455675 0.998505 -0.0314547 -3.42859 -0.188962 0.0223037 0.981809 126.498
0.980663 0.0489397 0.189858 64.8958 -0.0430827 0.998504 -0.0348641 -3.45367 -0.19127 0.0260085 0.98128 127.405
0.981206 0.042992 0.188554 65.108 -0.0375026 0.998804 -0.0326061 -3.50874 -0.189726 0.0249189 0.981601 128.237
0.981181 0.0367681 0.189932 65.2618 -0.0308728 0.99899 -0.0339174 -3.54983 -0.190977 0.0274135 0.981299 129.111
0.981044 0.0360216 0.190836 65.4389 -0.0299172 0.998987 -0.0347949 -3.57825 -0.191891 0.0284229 0.981085 129.988
0.980824 0.038068 0.191519 65.6141 -0.0324373 0.998989 -0.0324617 -3.60726 -0.192551 0.0256249 0.98104 130.834
0.9807 0.0402169 0.191763 65.7882 -0.0357962 0.99905 -0.026483 -3.64708 -0.19264 0.0191047 0.981165 131.703
0.980381 0.0439075 0.192535 65.9417 -0.0405518 0.998993 -0.0213456 -3.69725 -0.193268 0.0131177 0.981147 132.554
0.98048 0.0427617 0.192337 66.1179 -0.0382374 0.998941 -0.0271935 -3.74156 -0.19329 0.0193056 0.981034 133.414
0.980915 0.0377845 0.19111 66.2955 -0.0304961 0.99874 -0.0409506 -3.78512 -0.192405 0.0343391 0.980805 134.248
0.9814 0.0356275 0.18907 66.488 -0.0266308 0.998442 -0.0499349 -3.82435 -0.190547 0.0439674 0.980778 135.112
0.981686 0.0330937 0.188001 66.6501 -0.0257758 0.998861 -0.0412526 -3.85947 -0.189142 0.0356494 0.981394 135.951
0.982142 0.0278979 0.186502 66.8236 -0.0245709 0.99954 -0.0201484 -3.90194 -0.186972 0.0152033 0.982333 136.839
0.982581 0.0232297 0.184779 66.996 -0.0227726 0.999776 -0.00460934 -3.94308 -0.184833 0.000320757 0.982864 137.699
0.982732 0.0283556 0.183302 67.1517 -0.0268646 0.999627 -0.0106336 -3.96591 -0.183528 0.00552326 0.983085 138.539
0.982952 0.0367652 0.180571 67.3 -0.0324073 0.999154 -0.0270393 -3.98238 -0.1814 0.0207254 0.983286 139.362
0.983049 0.0354698 0.180344 67.4265 -0.0294337 0.998961 -0.0360582 -3.98916 -0.181428 0.0301355 0.983029 140.206
0.983692 0.0311203 0.177578 67.5879 -0.0249263 0.999048 -0.0370226 -4.02644 -0.17855 0.0319909 0.983505 141.018
0.984162 0.0305741 0.175092 67.7253 -0.0246961 0.999103 -0.0356752 -4.06969 -0.176019 0.0307826 0.983993 141.869
0.984754 0.029758 0.171835 67.8572 -0.0236639 0.999063 -0.037421 -4.10332 -0.172777 0.0327825 0.984509 142.709
0.985653 0.031056 0.166412 67.9953 -0.0249098 0.998977 -0.0389187 -4.14345 -0.167444 0.0342112 0.985377 143.517
0.98614 0.0357535 0.162495 68.1322 -0.0299023 0.998863 -0.0383295 -4.1921 -0.16367 0.0329376 0.98606 144.342
0.986343 0.0410407 0.16004 68.2542 -0.0352018 0.998658 -0.0391737 -4.22607 -0.161426 0.0330012 0.986422 145.183
0.986635 0.0422971 0.157859 68.3823 -0.0368654 0.998674 -0.037193 -4.26799 -0.159211 0.0308745 0.98686 145.975
0.987123 0.0395238 0.155555 68.522 -0.0347903 0.998893 -0.0330606 -4.30126 -0.156682 0.0272194 0.987364 146.801
0.987485 0.0382268 0.153525 68.6498 -0.0334881 0.998928 -0.0333495 -4.33952 -0.154624 0.0277891 0.987681 147.625
0.988022 0.035864 0.150653 68.7752 -0.0306418 0.998895 -0.0368691 -4.37811 -0.151802 0.0318072 0.98799 148.448
0.988985 0.0307454 0.145344 68.902 -0.0250216 0.998889 -0.041065 -4.4128 -0.146435 0.0369737 0.988629 149.258
0.990058 0.028284 0.138418 69.0189 -0.0225879 0.998881 -0.0425819 -4.44186 -0.139461 0.0390276 0.989549 150.064
0.991037 0.0268276 0.131487 69.1279 -0.0220704 0.9991 -0.0375261 -4.4766 -0.132365 0.0342856 0.990709 150.866
0.99201 0.0246864 0.124441 69.2425 -0.0212255 0.999395 -0.0290976 -4.51184 -0.125078 0.0262194 0.991893 151.688
0.992472 0.0221825 0.121125 69.3312 -0.0199334 0.999654 -0.0197716 -4.54035 -0.121511 0.0172066 0.992544 152.518
0.992765 0.0292064 0.117237 69.4072 -0.0273641 0.999519 -0.0173314 -4.56733 -0.117681 0.0139941 0.993046 153.343
0.993259 0.0321497 0.112117 69.499 -0.0298205 0.999353 -0.0224123 -4.58975 -0.112755 0.0189159 0.993548 154.185
0.993985 0.0324796 0.105449 69.5645 -0.029222 0.999095 -0.0323334 -4.62608 -0.106398 0.0290532 0.993993 154.998
0.994609 0.0291168 0.100363 69.6145 -0.0254756 0.999026 -0.0374009 -4.6591 -0.101345 0.0346401 0.994352 155.804
0.995372 0.0286958 0.0926963 69.7005 -0.0254283 0.999062 -0.036288 -4.69404 -0.0936454 0.0337584 0.995127 156.625
0.995884 0.0377936 0.0833996 69.7784 -0.0350824 0.998864 -0.0337637 -4.72708 -0.0845723 0.0306966 0.996049 157.447
0.996389 0.0437383 0.0740134 69.8442 -0.0411865 0.998558 -0.0357133 -4.76197 -0.0754636 0.0325315 0.996713 158.298
0.997086 0.0459008 0.0622918 69.9074 -0.0433845 0.99826 -0.0411949 -4.80158 -0.0640666 0.03837 0.997311 159.12
0.99767 0.0444597 0.0534921 69.9529 -0.0421448 0.998199 -0.0437221 -4.83964 -0.055335 0.041361 0.997706 159.976
0.998018 0.0451397 0.0457096 69.979 -0.0432547 0.998255 -0.0414593 -4.87091 -0.0474943 0.0393976 0.998198 160.823
0.998132 0.0487421 0.0392635 69.9796 -0.0473128 0.998254 -0.0366381 -4.88821 -0.0409763 0.0347073 0.998654 161.66
0.998214 0.0527962 0.0308173 69.9985 -0.0518062 0.998192 -0.0321292 -4.91308 -0.0324516 0.0304732 0.999113 162.515
0.998469 0.0520376 0.023243 70.01 -0.051357 0.998302 -0.0291251 -4.94519 -0.0247151 0.0278825 0.999403 163.357
0.998516 0.0535915 0.0162432 70.0253 -0.0531254 0.998248 -0.0279491 -4.97201 -0.0177069 0.0270425 0.999583 164.204
0.998624 0.0527521 0.0124949 70.0297 -0.0523449 0.998189 -0.0311589 -4.9935 -0.0141122 0.0304575 0.999533 165.034
0.998415 0.0574072 0.00662768 70.0391 -0.0571221 0.997717 -0.0373764 -5.02079 -0.00875306 0.0369362 0.999385 165.886
0.998088 0.0632787 0.00293151 70.0226 -0.0630864 0.997044 -0.0448939 -5.05308 -0.00576017 0.044618 0.999085 166.711
0.998052 0.0637395 -0.00116044 70.0227 -0.0637234 0.996887 -0.0474752 -5.08926 -0.00186424 0.0474539 0.998978 167.57
0.99793 0.0657151 -0.0033112 70.0004 -0.0657988 0.99698 -0.0423597 -5.1241 0.000520845 0.0424848 0.999195 168.408
0.997744 0.0682 -0.00535272 69.9908 -0.0683354 0.997218 -0.0313929 -5.16779 0.00320158 0.0316856 0.9996 169.274
0.997655 0.0691707 -0.00969701 69.9889 -0.0693898 0.997343 -0.0241667 -5.20577 0.00800285 0.0247786 0.999759 170.112
0.997828 0.0656356 -0.0143538 69.9685 -0.066014 0.997487 -0.0276539 -5.24054 0.0125066 0.0285393 0.999624 170.95
0.998512 0.0525332 -0.0202418 69.9685 -0.0532745 0.997908 -0.0378663 -5.27526 0.0182132 0.0388833 0.999176 171.752
0.998507 0.0488629 -0.0278092 69.9501 -0.0500477 0.997846 -0.0435861 -5.29134 0.0256225 0.0449099 0.998773 172.584
0.998055 0.0536592 -0.0346522 69.908 -0.055107 0.997636 -0.0421923 -5.33522 0.0323088 0.0440144 0.998608 173.416
0.997871 0.0523488 -0.0411127 69.8477 -0.053834 0.997957 -0.0358598 -5.38164 0.0391537 0.0379942 0.998622 174.266
0.997757 0.0472881 -0.0494055 69.826 -0.0488443 0.998382 -0.0307188 -5.43244 0.047875 0.0330579 0.998408 175.084
0.997836 0.038826 -0.0547137 69.7806 -0.0402889 0.998904 -0.0258565 -5.47723 0.0536512 0.0280026 0.998279 175.925
0.997627 0.0342752 -0.0613654 69.7323 -0.0359468 0.999057 -0.0262882 -5.50643 0.0604081 0.0284266 0.997872 176.782
0.997354 0.0303672 -0.0673898 69.6586 -0.0327138 0.998939 -0.033964 -5.53366 0.0662876 0.0360761 0.997261 177.638
0.997103 0.0208925 -0.0744977 69.5904 -0.0242699 0.998755 -0.0446693 -5.56415 0.0734731 0.0463421 0.996323 178.491
0.996539 0.00847107 -0.0837719 69.595 -0.0126442 0.998749 -0.0493712 -5.5908 0.0832487 0.0502563 0.995374 179.298
0.996018 0.0128203 -0.0893591 69.4821 -0.0166428 0.999024 -0.042115 -5.63175 0.0887326 0.0434286 0.995211 180.201
0.995498 0.0252963 -0.0923297 69.3445 -0.0280079 0.99926 -0.0281633 -5.67941 0.0915483 0.0306201 0.995444 181.093
0.994913 0.0308257 -0.0969523 69.253 -0.0329964 0.999291 -0.0208296 -5.71185 0.0962417 0.0239177 0.995175 181.939
0.994546 0.0299818 -0.100794 69.1622 -0.0325543 0.999232 -0.0239514 -5.74389 0.0999972 0.0270997 0.994732 182.787
0.99432 0.0311334 -0.102776 69.061 -0.0348974 0.99883 -0.034997 -5.77507 0.101566 0.0383791 0.994193 183.632
0.993617 0.0410148 -0.10594 68.9458 -0.0458345 0.998053 -0.0434527 -5.81856 0.103951 0.0480279 0.993536 184.486
0.993475 0.0394741 -0.107956 68.8469 -0.0448236 0.997914 -0.047556 -5.85483 0.105853 0.0520784 0.993122 185.332
0.993424 0.0343262 -0.110059 68.7617 -0.0392461 0.998361 -0.0428338 -5.89916 0.108407 0.0468684 0.993115 186.185
0.99342 0.0349808 -0.109987 68.6645 -0.0389767 0.998701 -0.0343622 -5.94149 0.108642 0.0384173 0.993443 187.065
0.993421 0.0375815 -0.109032 68.5464 -0.0409659 0.998792 -0.0289522 -5.98669 0.10781 0.0332257 0.993732 187.94
0.99322 0.0365879 -0.111279 68.452 -0.0402094 0.998781 -0.0304463 -6.01502 0.110029 0.0347088 0.993428 188.809
0.993116 0.0337576 -0.112987 68.3418 -0.0383793 0.998555 -0.0389656 -6.06749 0.111507 0.0430305 0.992948 189.661
0.993046 0.0226587 -0.11643 68.2697 -0.0286091 0.99841 -0.0496628 -6.12259 0.115119 0.052642 0.992063 190.509
0.992842 0.0114196 -0.119679 68.1945 -0.0179413 0.998458 -0.0535352 -6.17001 0.11888 0.0552954 0.991484 191.368
0.992793 0.0158611 -0.119659 68.0551 -0.0216153 0.99871 -0.0469121 -6.24891 0.11876 0.049154 0.991808 192.271
0.992417 0.0227269 -0.12158 67.9513 -0.0271836 0.999067 -0.0351058 -6.30984 0.120666 0.0381415 0.992078 193.124
0.992046 0.0239359 -0.124424 67.8577 -0.0280882 0.999147 -0.031697 -6.35609 0.123559 0.0349338 0.991826 193.983
0.99185 0.0225559 -0.126155 67.7578 -0.0272211 0.999057 -0.0353608 -6.39859 0.125236 0.0385035 0.991498 194.839
0.991762 0.022345 -0.126956 67.6553 -0.0278298 0.998793 -0.0415663 -6.43855 0.125874 0.0447508 0.991141 195.685
0.991597 0.0287348 -0.126892 67.5244 -0.0343561 0.998567 -0.0423241 -6.47708 0.125491 0.0463246 0.99113 196.539
0.991423 0.0304338 -0.127929 67.411 -0.0358277 0.998601 -0.040051 -6.51563 0.126531 0.0442846 0.991079 197.377
0.991165 0.0348846 -0.128717 67.289 -0.0398305 0.998608 -0.0360411 -6.56952 0.127277 0.0408461 0.991143 198.223
0.991017 0.0385544 -0.128883 67.173 -0.0433097 0.99852 -0.0342784 -6.60027 0.12737 0.0395461 0.991173 199.06
0.990619 0.0416928 -0.13088 67.0621 -0.0466077 0.998365 -0.0347038 -6.63823 0.129216 0.0404747 0.99091 199.888
0.990649 0.0396798 -0.131349 66.9523 -0.0451653 0.998264 -0.0390297 -6.68128 0.129571 0.0445907 0.990675 200.7
0.990296 0.0407205 -0.13361 66.843 -0.0470321 0.997961 -0.0444173 -6.71971 0.131525 0.0502661 0.990158 201.518
0.990081 0.0420225 -0.134857 66.725 -0.0483615 0.997905 -0.0440585 -6.75731 0.132723 0.0501367 0.989993 202.319
0.989975 0.0434838 -0.135112 66.5924 -0.048702 0.998237 -0.0355488 -6.78672 0.133325 0.0417689 0.990313 203.125
