1 0 0 0 0 1 0 0 0 0 1 0
0.999035 -0.000203507 0.0439452 0.035023 0.000180021 1 0.000539464 -0.00830264 -0.0439451 -0.000530935 0.999034 0.997256
0.9959 -0.000270545 0.090465 0.115571 0.000107017 0.999998 0.00181163 -0.0185682 -0.0904654 -0.00179446 0.995898 2.01999
0.990873 -0.000756738 0.134808 0.238597 0.000909436 0.999998 -0.00106985 -0.0275156 -0.134807 0.00118264 0.990872 2.98206
0.983231 0.00458861 0.182319 0.393667 -0.00450954 0.999991 -0.000848622 -0.0322206 -0.182321 1.25538e-05 0.98324 3.99427
0.973849 0.00356332 0.227176 0.602623 -0.00383375 0.999991 0.000749067 -0.0600275 -0.227172 -0.00160034 0.973853 4.94182
0.962042 0.00344377 0.272886 0.860592 -0.00370779 0.999994 0.000451417 -0.0650878 -0.272882 -0.00144573 0.962047 5.89442
0.947906 0.00323158 0.318534 1.17591 -0.00276282 0.999995 -0.00192358 -0.100696 -0.318538 0.000943404 0.94791 6.87634
0.933053 0.0026453 0.359736 1.50937 -0.00169888 0.999996 -0.00294741 -0.131243 -0.359741 0.00213922 0.933051 7.77059
0.915385 0.0026229 0.402575 1.8876 -0.001598 0.999996 -0.00288187 -0.113973 -0.402579 0.00199456 0.915384 8.68459
0.895194 0.00206666 0.445676 2.32417 -0.00133312 0.999999 -0.00195982 -0.125949 -0.445679 0.00116067 0.895194 9.59451
0.873737 0.00152563 0.4864 2.77234 -0.00104725 1 -0.00125578 -0.13619 -0.4864 0.000587792 0.873738 10.4429
0.849198 0.00138669 0.528077 3.28235 -0.00102944 1 -0.000970867 -0.137217 -0.528077 0.000281277 0.849199 11.2998
0.82393 0.00125584 0.566695 3.80794 -0.00104305 1 -0.000700021 -0.149163 -0.566695 -1.44415e-05 0.82393 12.096
0.796337 0.000779182 0.604857 4.39307 -0.000797462 1 -0.000238698 -0.170296 -0.604855 -0.000291771 0.796338 12.8731
0.76646 0.000998511 0.642297 5.01582 -0.000645066 0.999999 -0.000785308 -0.153433 -0.642297 0.000187226 0.766458 13.6435
0.736728 -0.00268641 0.67619 5.65036 0.00454252 0.999992 -0.000976498 -0.1698 -0.676179 0.00379143 0.736732 14.3409
0.704356 -0.00287191 0.709845 6.31922 0.00484053 0.999987 -0.00075798 -0.161053 -0.709835 0.00396958 0.704359 15.0299
0.669888 -0.0030552 0.742463 7.03691 0.0049121 0.999992 -0.000316999 -0.160205 -0.742451 0.0038597 0.669895 15.6902
0.634785 -0.00448738 0.77268 7.76686 0.00930366 0.999954 -0.00183658 -0.173782 -0.772637 0.00835431 0.634796 16.3074
0.597129 -0.00480396 0.802138 8.53811 0.00974461 0.999955 -0.00126532 -0.165497 -0.802091 0.00857228 0.597148 16.8936
0.560855 -0.00554327 0.8279 9.31595 0.0141708 0.999895 -0.00290547 -0.165984 -0.827797 0.0133611 0.560874 17.4337
0.521876 -0.00165474 0.853026 10.1157 0.0147855 0.999867 -0.00710584 -0.189585 -0.852898 0.0163209 0.52183 17.9371
0.482842 -0.00107906 0.875712 10.9471 0.0164714 0.999834 -0.00785032 -0.205309 -0.875557 0.0182142 0.482779 18.4162
0.444086 -0.00137901 0.895989 11.8117 0.0169963 0.999834 -0.00688491 -0.231529 -0.895827 0.018286 0.444035 18.854
0.407088 -0.00201759 0.913393 12.6848 0.0186104 0.999809 -0.00608624 -0.262427 -0.913204 0.0194759 0.407047 19.2514
0.370704 -0.00258581 0.928753 13.6036 0.0190671 0.999808 -0.00482665 -0.2654 -0.92856 0.0194979 0.370681 19.6306
0.336784 -0.00311912 0.941582 14.5246 0.0190848 0.999813 -0.00351453 -0.266324 -0.941392 0.0191532 0.33678 19.9642
0.302479 -0.00434806 0.953153 15.4738 0.0193294 0.999814 -0.00157297 -0.275931 -0.952966 0.0188996 0.302506 20.2697
0.270244 -0.0045357 0.962786 16.4233 0.0197284 0.999806 -0.000827786 -0.283614 -0.962593 0.0192176 0.270281 20.5464
0.237544 -0.00230924 0.971381 17.3942 0.0167385 0.999861 -0.00171624 -0.291059 -0.971238 0.016667 0.237549 20.7923
0.205901 -0.00195451 0.978575 18.3952 0.0164215 0.999865 -0.00145855 -0.293654 -0.978438 0.0163698 0.205905 21.0097
0.176356 -0.00266261 0.984331 19.3734 0.0168185 0.999861 -0.000308697 -0.314807 -0.984189 0.0166094 0.176376 21.1986
0.145667 -0.003326 0.989332 20.3793 0.0171507 0.999853 0.00083581 -0.325348 -0.989189 0.0168458 0.145703 21.3562
0.114275 -0.00441462 0.993448 21.4343 0.0172145 0.99985 0.0024628 -0.312497 -0.993308 0.0168203 0.114335 21.4932
0.0855727 -0.00510214 0.996323 22.4753 0.0170369 0.999849 0.00365651 -0.320834 -0.996191 0.0166613 0.0856467 21.5899
0.0576345 -0.00570955 0.998331 23.5527 0.0169889 0.999846 0.00473734 -0.33319 -0.998201 0.0166875 0.057723 21.6603
0.0335291 -0.00647301 0.999421 24.6235 0.0170319 0.999839 0.00590406 -0.347142 -0.999297 0.016824 0.033634 21.7009
0.0106745 -0.00595564 0.999935 25.7126 0.0229463 0.999722 0.00570928 -0.337265 -0.999688 0.0228838 0.0108086 21.7254
-0.0112732 -0.00649497 0.999919 26.8386 0.029173 0.999553 0.006821 -0.339343 -0.999516 0.0292475 -0.0110784 21.7141
-0.0285424 -0.00703118 0.999578 27.9468 0.035239 0.999348 0.00803569 -0.321003 -0.998981 0.0354534 -0.0282756 21.6703
-0.0443287 -0.00730113 0.998994 29.0727 0.0354285 0.999335 0.00887524 -0.316903 -0.998393 0.0357864 -0.0440402 21.6229
-0.0599763 -0.00807041 0.998177 30.2144 0.0356993 0.999312 0.0102245 -0.314368 -0.997571 0.0362473 -0.0596463 21.5584
-0.0723399 -0.00862405 0.997347 31.3504 0.0356433 0.999303 0.0112258 -0.294577 -0.996748 0.0363608 -0.0719816 21.4772
-0.0845462 -0.00838951 0.996394 32.4926 0.0354695 0.999307 0.0114236 -0.28269 -0.995799 0.0363073 -0.0841893 21.3897
-0.0969786 -0.00774516 0.995261 33.6517 0.0352339 0.999319 0.0112095 -0.272554 -0.994668 0.036154 -0.0966391 21.2937
-0.106361 -0.00790938 0.994307 34.8155 0.0350396 0.99932 0.0116973 -0.264137 -0.993721 0.0360841 -0.106011 21.1765
-0.116528 -0.00732253 0.993165 36.0252 0.0348906 0.999328 0.0114612 -0.255672 -0.99258 0.0359876 -0.116194 21.0534
-0.123218 -0.00698433 0.992366 37.2366 0.0345646 0.99934 0.0113249 -0.239451 -0.991789 0.035696 -0.122895 20.9039
-0.12934 -0.00677579 0.991582 38.4784 0.034341 0.999348 0.0113077 -0.224067 -0.991011 0.0355144 -0.129023 20.7492
-0.135518 -0.00674729 0.990763 39.7475 0.0341947 0.999351 0.0114827 -0.220272 -0.990197 0.0354348 -0.135199 20.5901
-0.138953 -0.00613293 0.990286 41.0243 0.0339473 0.999366 0.010952 -0.200442 -0.989723 0.0351392 -0.138657 20.414
-0.142879 -0.00611967 0.989733 42.3333 0.0340284 0.999362 0.0110914 -0.193368 -0.989168 0.0352635 -0.142578 20.2291
-0.146936 -0.0062556 0.989133 43.6652 0.0340342 0.999358 0.0113755 -0.178457 -0.988567 0.0353357 -0.146628 20.0447
-0.148147 -0.00873 0.98894 45.0103 0.0341638 0.999322 0.0139394 -0.158861 -0.988389 0.0358507 -0.147747 19.8459
-0.150231 -0.00922395 0.988615 46.3792 0.0341 0.999316 0.0145051 -0.138969 -0.98807 0.0358907 -0.149813 19.6448
-0.153765 -0.0102369 0.988068 47.7757 0.0344625 0.999286 0.0157164 -0.130162 -0.98752 0.0364677 -0.153301 19.4478
-0.153324 -0.0106413 0.988126 49.1851 0.0342674 0.999286 0.0160781 -0.0993244 -0.987589 0.0363254 -0.152849 19.2309
-0.155258 -0.0115645 0.98782 50.6204 0.0344363 0.999264 0.0171112 -0.0922255 -0.987288 0.0366732 -0.154744 19.0068
-0.153756 -0.0113672 0.988051 52.069 0.0341459 0.999279 0.0168094 -0.0585403 -0.987527 0.0363222 -0.153256 18.7835
-0.153325 -0.011127 0.988128 53.5398 0.0340942 0.999285 0.0165434 -0.0378806 -0.987602 0.0362254 -0.152835 18.5646
-0.153827 -0.0115327 0.988038 55.0251 0.0341792 0.999274 0.0169846 -0.0139098 -0.987515 0.0363828 -0.15332 18.3437
-0.151267 -0.0124015 0.98843 56.5454 0.0340197 0.999267 0.0177442 0.0170044 -0.987922 0.0363097 -0.150733 18.1134
-0.150177 -0.0119725 0.988595 58.0802 0.0346007 0.999254 0.017357 0.0356787 -0.988062 0.0368123 -0.14965 17.8794
-0.151173 -0.0114046 0.988456 59.6232 0.0344428 0.999269 0.0167975 0.0628368 -0.987922 0.0365842 -0.150669 17.6373
-0.148753 -0.0113614 0.988817 61.2117 0.0349114 0.999254 0.0167323 0.083611 -0.988267 0.0370097 -0.148244 17.4002
-0.149943 -0.0111116 0.988647 62.7935 0.0347824 0.999262 0.016507 0.113596 -0.988098 0.0368622 -0.149445 17.1672
-0.149554 -0.0132458 0.988674 64.4384 0.0356553 0.999192 0.0187792 0.13984 -0.98812 0.0380597 -0.14896 16.9222
-0.14848 -0.0147317 0.98882 66.0676 0.0373294 0.999096 0.0204909 0.174347 -0.988227 0.0399541 -0.147795 16.6771
-0.149705 -0.0144894 0.988634 67.7022 0.0382714 0.999063 0.0204366 0.197 -0.988 0.0408955 -0.149009 16.438
-0.147608 -0.0144606 0.988956 69.3646 0.0386948 0.999046 0.0203843 0.229974 -0.988306 0.0412758 -0.146907 16.1926
-0.147063 -0.0145229 0.98903 71.0395 0.0384463 0.999057 0.020386 0.268419 -0.98839 0.0410222 -0.146365 15.9555
-0.148688 -0.0149998 0.988786 72.7148 0.039018 0.999021 0.0210229 0.295569 -0.988132 0.0417057 -0.147956 15.722
-0.1471 -0.0160564 0.989002 74.4278 0.0386934 0.999013 0.0219732 0.338736 -0.988375 0.0414995 -0.146333 15.4679
-0.148455 -0.0166949 0.988793 76.1273 0.0400372 0.99894 0.0228778 0.35666 -0.988126 0.0429842 -0.147628 15.2231
-0.147037 -0.0165348 0.989004 77.8739 0.0407813 0.998913 0.0227626 0.398285 -0.988301 0.0436792 -0.146202 14.9675
-0.147852 -0.016273 0.988891 79.6305 0.0411996 0.998899 0.022598 0.431168 -0.98817 0.0440823 -0.147017 14.7155
-0.14984 -0.0158902 0.988594 81.3818 0.0409851 0.998916 0.0222673 0.467573 -0.987871 0.0438535 -0.149025 14.4691
-0.149717 -0.0157138 0.98862 83.1679 0.0404675 0.998943 0.0220067 0.499581 -0.98792 0.0433011 -0.148921 14.1947
-0.150953 -0.0155365 0.98843 84.9609 0.0402171 0.998956 0.021843 0.534175 -0.987733 0.0430484 -0.15017 13.9225
-0.15347 -0.0159233 0.988041 86.7559 0.0392945 0.998985 0.0222037 0.566566 -0.987391 0.0422316 -0.152687 13.661
-0.152949 -0.0165308 0.988107 88.5795 0.0392496 0.998974 0.022787 0.59661 -0.987466 0.0422674 -0.152143 13.3806
-0.153171 -0.0166307 0.988076 90.4126 0.0382569 0.999013 0.022746 0.648758 -0.987478 0.0412842 -0.152382 13.1067
-0.157224 -0.0160067 0.987445 92.2588 0.0382122 0.999026 0.0222777 0.680203 -0.986835 0.0412344 -0.156458 12.8344
-0.158104 -0.0153457 0.987319 94.1286 0.0380322 0.999047 0.021619 0.723925 -0.986709 0.0409674 -0.157368 12.5386
-0.163698 -0.0151379 0.986406 95.9963 0.0381187 0.999043 0.0216567 0.754839 -0.985786 0.0411451 -0.162963 12.2451
-0.166499 -0.0162177 0.985924 97.8901 0.0366158 0.999078 0.0226183 0.791188 -0.985381 0.0398659 -0.16575 11.9398
-0.171497 -0.0164214 0.985059 99.786 0.0360197 0.999092 0.0229253 0.83346 -0.984539 0.0394126 -0.170749 11.627
-0.177721 -0.0159409 0.983969 101.691 0.0355934 0.999115 0.0226158 0.870648 -0.983457 0.0390416 -0.176995 11.3043
-0.180615 -0.0152995 0.983447 103.606 0.0355719 0.999128 0.0220753 0.906573 -0.982924 0.0389696 -0.179912 10.9619
-0.185432 -0.0137688 0.982578 105.523 0.0352292 0.999171 0.0206506 0.944249 -0.982046 0.0384442 -0.184791 10.6172
-0.192105 -0.0136088 0.981292 107.45 0.0349953 0.999177 0.0207066 0.983542 -0.980764 0.0383178 -0.19147 10.2645
-0.195422 -0.0134059 0.980645 109.393 0.0343546 0.999204 0.0205067 1.01964 -0.980138 0.0376966 -0.194805 9.89554
-0.202527 -0.0149226 0.979176 111.339 0.0336464 0.999192 0.0221858 1.05135 -0.978712 0.0374384 -0.20186 9.51714
-0.206298 -0.01583 0.978379 113.291 0.0331374 0.999188 0.023155 1.08713 -0.977949 0.0371972 -0.205605 9.11198
-0.211869 -0.0154619 0.977189 115.259 0.0330321 0.999195 0.0229709 1.12668 -0.976754 0.0371448 -0.211186 8.70216
-0.219095 -0.0151894 0.975604 117.224 0.032966 0.999198 0.0229611 1.16447 -0.975168 0.0371919 -0.218417 8.28386
-0.223112 -0.014666 0.974695 119.209 0.0326947 0.999217 0.0225179 1.21281 -0.974259 0.0368908 -0.222457 7.83347
-0.229015 -0.0147882 0.973329 121.197 0.0329916 0.999197 0.0229451 1.24894 -0.972886 0.0373658 -0.228341 7.37952
-0.237125 -0.0154919 0.971368 123.187 0.0322666 0.999201 0.0238114 1.29297 -0.970958 0.0369885 -0.236434 6.91896
-0.240094 -0.0157219 0.970641 125.188 0.0314879 0.999222 0.0239748 1.33619 -0.970261 0.0363191 -0.23941 6.42565
-0.247305 -0.0157246 0.968823 127.178 0.0305771 0.999249 0.0240225 1.38079 -0.968471 0.0355642 -0.246636 5.94742
-0.250291 -0.017253 0.968037 129.192 0.0308922 0.999195 0.0257969 1.42608 -0.967701 0.036361 -0.249554 5.43023
-0.254899 -0.0208812 0.966756 131.209 0.0312512 0.999073 0.0298178 1.47132 -0.966479 0.0378125 -0.254008 4.91347
-0.260438 -0.0219006 0.965264 133.223 0.0311498 0.999037 0.0310728 1.52461 -0.965012 0.0381597 -0.259503 4.40197
-0.261407 -0.0225304 0.96498 135.267 0.0304233 0.999045 0.0315661 1.58235 -0.964765 0.037609 -0.26047 3.85914
-0.264596 -0.0230348 0.964106 137.306 0.0292056 0.99907 0.0318871 1.64032 -0.963941 0.0365938 -0.263675 3.32074
-0.270864 -0.022915 0.962359 139.34 0.0279946 0.999112 0.0316685 1.68824 -0.962228 0.0355183 -0.26998 2.77234
-0.272421 -0.0224537 0.961938 141.405 0.0254597 0.999215 0.0305354 1.74367 -0.961865 0.0328084 -0.271634 2.20052
-0.278382 -0.0229837 0.960211 143.459 0.0244018 0.999228 0.0309912 1.80223 -0.960178 0.0320579 -0.277604 1.64468
-0.281752 -0.026606 0.959141 145.512 0.0239306 0.999115 0.0347459 1.85267 -0.959214 0.0327417 -0.280864 1.06134
-0.286825 -0.0285483 0.957574 147.588 0.0227279 0.999078 0.0365925 1.90205 -0.957731 0.0322588 -0.28591 0.46038
-0.29394 -0.0265555 0.955478 149.671 0.0242025 0.999093 0.0352145 1.96088 -0.955542 0.033475 -0.293028 -0.164282
-0.296276 -0.0277943 0.954715 151.736 0.023848 0.999056 0.036485 2.03179 -0.954823 0.0335772 -0.295332 -0.786687
-0.300518 -0.0278605 0.953393 153.819 0.0236766 0.999054 0.0366594 2.09811 -0.953508 0.033589 -0.299572 -1.43686
-0.305399 -0.0273865 0.951848 155.946 0.0239847 0.999054 0.0364393 2.15989 -0.951941 0.0339578 -0.304451 -2.10619
-0.307025 -0.0261776 0.951366 158.015 0.0240324 0.999096 0.0352483 2.22617 -0.951424 0.0336848 -0.306116 -2.7653
-0.310464 -0.0247734 0.95028 160.128 0.0245177 0.999126 0.034056 2.29262 -0.950289 0.0338713 -0.309583 -3.43351
-0.316265 -0.0242055 0.948387 162.24 0.0251275 0.999117 0.0338813 2.36126 -0.948364 0.0345451 -0.315376 -4.12455
-0.318441 -0.02316 0.947678 164.331 0.0252251 0.999147 0.0328932 2.42924 -0.947628 0.0343792 -0.317583 -4.79716
-0.323983 -0.0234117 0.945798 166.453 0.0244775 0.999159 0.033119 2.49674 -0.945773 0.0338798 -0.323136 -5.49337
-0.326186 -0.0235213 0.945032 168.567 0.0242389 0.99916 0.0332339 2.56172 -0.945016 0.0337463 -0.325339 -6.2185
-0.330111 -0.0233245 0.943679 170.694 0.024853 0.99914 0.0333909 2.624 -0.943642 0.0344749 -0.329245 -6.94824
-0.334112 -0.0233531 0.942263 172.851 0.0266488 0.999066 0.0342092 2.67975 -0.942177 0.0365393 -0.333175 -7.69688
-0.334543 -0.0230273 0.942125 174.99 0.0273826 0.999049 0.0341436 2.7465 -0.94201 0.0372192 -0.333592 -8.4507
-0.337317 -0.0241023 0.941102 177.14 0.0267369 0.999031 0.0351683 2.80931 -0.941032 0.0370244 -0.336344 -9.19894
-0.342583 -0.0241577 0.939204 179.295 0.0259136 0.999054 0.0351511 2.88653 -0.939158 0.0363792 -0.341631 -9.95019
-0.34292 -0.0235713 0.939089 181.445 0.0255249 0.99909 0.0343973 2.96477 -0.939039 0.0357652 -0.342003 -10.7034
-0.346194 -0.0228466 0.937912 183.616 0.0251154 0.999127 0.0336098 3.02782 -0.937854 0.0351904 -0.345316 -11.4795
-0.35147 -0.021434 0.935975 185.785 0.0241797 0.999206 0.0319611 3.10989 -0.935909 0.0338644 -0.350669 -12.275
-0.354496 -0.0216788 0.934835 187.907 0.0233341 0.999222 0.032022 3.17684 -0.934795 0.033164 -0.353712 -13.0672
-0.360746 -0.0216005 0.932435 190.086 0.023095 0.999227 0.0320821 3.23783 -0.9324 0.0331075 -0.359966 -13.8797
-0.362369 -0.0227392 0.931786 192.247 0.0227812 0.999195 0.0332455 3.31329 -0.931785 0.033273 -0.361557 -14.704
-0.366035 -0.0236979 0.930321 194.438 0.0224787 0.999167 0.0342952 3.38564 -0.930353 0.033465 -0.365194 -15.5473
-0.37061 -0.0249985 0.928482 196.665 0.0226975 0.999103 0.0359614 3.45555 -0.92854 0.0344006 -0.369708 -16.4062
-0.372963 -0.0260589 0.927502 198.841 0.0223576 0.999071 0.0370594 3.54032 -0.9276 0.0345577 -0.372031 -17.265
-0.376794 -0.0257526 0.925969 201.034 0.0219208 0.999094 0.0367079 3.62429 -0.926067 0.034128 -0.375886 -18.1301
-0.381632 -0.0257688 0.923977 203.244 0.0215607 0.999099 0.0367685 3.70061 -0.924086 0.0339528 -0.380729 -19.0126
-0.382538 -0.0246162 0.923642 205.439 0.0218481 0.999133 0.0356785 3.76896 -0.923711 0.033827 -0.381666 -19.9104
-0.386907 -0.0254501 0.92179 207.645 0.0216975 0.999099 0.0366911 3.84204 -0.921887 0.0341957 -0.386002 -20.8092
-0.387116 -0.0252138 0.921718 209.844 0.0222416 0.999088 0.0366733 3.91923 -0.921793 0.034696 -0.3862 -21.7181
-0.389718 -0.025066 0.920616 212.042 0.0224133 0.999084 0.03669 3.99413 -0.920686 0.0349319 -0.388796 -22.6338
-0.394982 -0.0254298 0.918368 214.23 0.0217612 0.999085 0.0370261 4.06728 -0.918461 0.0346081 -0.394065 -23.5745
-0.394979 -0.0261346 0.918341 216.426 0.0213536 0.999072 0.0376157 4.15167 -0.918467 0.0344665 -0.394051 -24.5025
-0.398096 -0.025749 0.917013 218.614 0.0206828 0.999108 0.037035 4.22688 -0.917141 0.0337086 -0.397206 -25.4399
-0.403537 -0.0248473 0.914649 220.822 0.0203159 0.999149 0.0361055 4.29904 -0.914763 0.0331509 -0.402685 -26.4072
-0.40599 -0.0252494 0.913561 222.974 0.01888 0.999183 0.0360081 4.37545 -0.913714 0.0318656 -0.405179 -27.3374
-0.40884 -0.0248673 0.912291 225.169 0.0188314 0.999194 0.0356748 4.44499 -0.912438 0.031764 -0.408038 -28.3105
-0.414841 -0.0290325 0.909464 227.367 0.019013 0.999006 0.0405654 4.52284 -0.909728 0.0341185 -0.413873 -29.3094
-0.416778 -0.0325808 0.908451 229.511 0.0178425 0.99888 0.0440092 4.60305 -0.908862 0.03455 -0.415726 -30.2746
-0.422128 -0.0339339 0.905933 231.703 0.0171616 0.99883 0.0454122 4.69854 -0.906406 0.0347157 -0.421049 -31.2889
-0.422752 -0.033884 0.905638 233.89 0.0164797 0.998857 0.0450639 4.7931 -0.906125 0.0339744 -0.421707 -32.2828
-0.425819 -0.0341472 0.904197 236.078 0.0149459 0.998896 0.044764 4.88356 -0.904717 0.0325741 -0.424836 -33.2878
-0.432007 -0.0355307 0.901198 238.264 0.0145679 0.998827 0.0463626 4.98923 -0.901784 0.0331562 -0.430979 -34.3134
-0.433279 -0.0355202 0.900594 240.431 0.0142332 0.998838 0.0462447 5.08802 -0.901181 0.0328538 -0.432267 -35.3275
-0.436864 -0.0361299 0.89883 242.606 0.0138777 0.998812 0.0468933 5.19287 -0.899451 0.0329584 -0.43584 -36.3632
-0.44396 -0.0398556 0.895195 244.774 0.0126794 0.998641 0.0507515 5.29372 -0.895991 0.0338807 -0.442848 -37.4173
-0.445819 -0.0397249 0.894269 246.935 0.0115629 0.998685 0.050127 5.40424 -0.89508 0.0326867 -0.444769 -38.4631
-0.449618 -0.0394703 0.892384 249.094 0.0111988 0.998706 0.0498175 5.50913 -0.893185 0.0323911 -0.448591 -39.5171
-0.455335 -0.0392527 0.889483 251.252 0.0114132 0.998697 0.0499143 5.61585 -0.890279 0.0328784 -0.454289 -40.6
-0.457753 -0.0406838 0.888184 253.37 0.00879333 0.998708 0.0502805 5.70444 -0.889069 0.0308249 -0.456801 -41.6906
-0.462524 -0.0412683 0.885676 255.535 0.00749273 0.998708 0.0504474 5.80585 -0.886608 0.0299681 -0.461612 -42.7707
-0.464221 -0.0410803 0.884803 257.666 0.00744611 0.998718 0.0502782 5.91367 -0.885722 0.0299272 -0.463317 -43.8784
-0.468017 -0.040773 0.882809 259.809 0.00726924 0.998733 0.0499804 6.02056 -0.883723 0.0298078 -0.467123 -44.9906
-0.472686 -0.0403252 0.880345 261.963 0.00730156 0.998749 0.0496716 6.11884 -0.881235 0.0299056 -0.471798 -46.1165
-0.474828 -0.0397527 0.879212 264.08 0.00735743 0.998774 0.0491318 6.22099 -0.880082 0.0297968 -0.473949 -47.2495
-0.477445 -0.0399845 0.877788 266.208 0.00712127 0.998765 0.0493709 6.34051 -0.878668 0.0298215 -0.476568 -48.3925
-0.481737 -0.0390303 0.875478 268.351 0.00650913 0.99883 0.048111 6.45218 -0.876327 0.0288744 -0.480914 -49.5428
-0.482399 -0.0441808 0.874878 270.457 0.00441517 0.998607 0.0528659 6.54318 -0.875977 0.0293638 -0.481528 -50.6973
-0.487413 -0.0447071 0.872058 272.61 0.00355491 0.998588 0.0531806 6.66173 -0.873199 0.02902 -0.486561 -51.879
-0.488874 -0.044175 0.871278 274.748 0.00363787 0.998619 0.0526752 6.77991 -0.872385 0.0289196 -0.488035 -53.0483
-0.492211 -0.044025 0.869395 276.899 0.00329317 0.998629 0.0524337 6.90835 -0.870506 0.0286706 -0.491386 -54.2456
-0.498268 -0.0436239 0.865968 279.054 0.00471225 0.998596 0.0530192 7.04044 -0.867048 0.0304969 -0.49736 -55.4623
-0.500106 -0.0440388 0.864877 281.212 0.00398189 0.998589 0.0531497 7.16512 -0.865991 0.0300235 -0.499219 -56.6881
-0.502987 -0.0444429 0.863194 283.377 0.00352164 0.998577 0.053468 7.30539 -0.864325 0.0299319 -0.502112 -57.9305
-0.508814 -0.0443095 0.859769 285.555 0.00399516 0.998553 0.0538262 7.42994 -0.860904 0.0308215 -0.507894 -59.1773
-0.509379 -0.0441466 0.859453 287.733 0.00483649 0.998534 0.0541598 7.55024 -0.860567 0.031743 -0.508416 -60.4535
-0.511448 -0.0449055 0.858174 289.908 0.00509168 0.998468 0.0552811 7.67909 -0.859336 0.032642 -0.51043 -61.7346
-0.517836 -0.0455819 0.854309 292.053 0.00467805 0.998426 0.0561099 7.81978 -0.855507 0.0330504 -0.516805 -63.0194
-0.518154 -0.0459582 0.854086 294.245 0.00462477 0.998401 0.0565293 7.96531 -0.855312 0.03324 -0.517107 -64.3146
-0.521994 -0.0470258 0.851696 296.464 0.00441163 0.99833 0.0578289 8.1028 -0.852978 0.033942 -0.520912 -65.6592
-0.522474 -0.047207 0.851382 298.661 0.00476723 0.9983 0.0582787 8.24139 -0.85268 0.0345069 -0.521355 -67.013
-0.524216 -0.0467832 0.850345 300.865 0.0044088 0.998339 0.0576464 8.38842 -0.851615 0.0339664 -0.523136 -68.3535
-0.528522 -0.0460628 0.847706 303.073 0.00405507 0.99839 0.0567791 8.53977 -0.84895 0.0334454 -0.527477 -69.7271
-0.529324 -0.045068 0.847268 305.261 0.00428417 0.998446 0.0557886 8.68442 -0.848451 0.0331584 -0.528305 -71.0513
-0.533588 -0.0458586 0.844538 307.493 0.00333157 0.99842 0.0563197 8.82946 -0.845779 0.0328641 -0.532585 -72.4196
-0.540491 -0.0466913 0.840101 309.735 0.00216273 0.998392 0.0568829 8.98324 -0.84139 0.03256 -0.539517 -73.8161
-0.542826 -0.0476674 0.838529 311.962 0.00179017 0.998333 0.057911 9.12601 -0.839885 0.0329357 -0.541829 -75.2075
-0.547086 -0.0474502 0.835778 314.19 0.00166464 0.998341 0.0577722 9.27681 -0.837119 0.032996 -0.546096 -76.6314
-0.553772 -0.0473498 0.831359 316.436 0.00221458 0.998308 0.0583339 9.41209 -0.832708 0.0341438 -0.552723 -78.067
-0.554838 -0.0474449 0.830653 318.653 0.00293621 0.998267 0.0589829 9.56175 -0.831998 0.0351633 -0.553734 -79.5326
-0.561314 -0.0477948 0.82626 320.881 0.00341767 0.998202 0.060063 9.71346 -0.827639 0.0365371 -0.560134 -81.0039
-0.561394 -0.0478263 0.826214 323.091 0.00429149 0.99816 0.0606985 9.86108 -0.827583 0.0376197 -0.560152 -82.4868
-0.565027 -0.0488777 0.823663 325.317 0.00327636 0.998116 0.0614783 10.0093 -0.82511 0.0374344 -0.563795 -83.982
-0.573351 -0.0512358 0.817756 327.513 0.00216111 0.997957 0.0640445 10.1683 -0.819355 0.0384855 -0.572065 -85.5156
-0.575172 -0.05162 0.816443 329.718 0.00201651 0.997928 0.0645159 10.3335 -0.818075 0.0387528 -0.573868 -87.0394
-0.57904 -0.0519235 0.813694 331.926 0.00299719 0.99784 0.0658104 10.4929 -0.815342 0.0405438 -0.577629 -88.567
-0.586268 -0.0531426 0.808416 334.1 0.00187107 0.997768 0.0669479 10.6498 -0.810163 0.0407605 -0.584851 -90.12
-0.586331 -0.0557583 0.808202 336.332 1.91876e-05 0.99764 0.068845 10.8175 -0.810121 0.0403796 -0.584942 -91.6672
-0.589911 -0.0564138 0.805539 338.534 -0.000398584 0.99759 0.0695727 10.995 -0.807516 0.0407192 -0.588503 -93.2519
-0.595368 -0.0576737 0.801433 340.72 -0.000802495 0.997476 0.0711888 11.1736 -0.803503 0.0417384 -0.593907 -94.8427
-0.595178 -0.0583263 0.801519 342.904 -0.00273127 0.997517 0.0705616 11.3445 -0.803639 0.0398062 -0.59385 -96.4424
-0.600875 -0.0587471 0.797235 345.077 -0.00438815 0.997536 0.0702031 11.5244 -0.799382 0.038683 -0.599648 -98.0428
-0.601615 -0.0565366 0.796828 347.265 -0.00483796 0.997746 0.0671402 11.6977 -0.798821 0.0365362 -0.600523 -99.6504
-0.604553 -0.0584314 0.794473 349.445 -0.00529372 0.997593 0.0693456 11.8781 -0.796599 0.0377154 -0.603401 -101.272
-0.610486 -0.0595586 0.789831 351.606 -0.00555528 0.997481 0.0709239 12.0482 -0.792059 0.0389089 -0.609268 -102.903
-0.612322 -0.0604184 0.788351 353.768 -0.0060275 0.997417 0.0717632 12.2155 -0.790638 0.0391884 -0.611098 -104.557
-0.61556 -0.0627319 0.785636 355.915 -0.00805374 0.99729 0.0733229 12.3952 -0.7881 0.0388059 -0.614387 -106.209
-0.620544 -0.0652425 0.781507 358.067 -0.010014 0.997125 0.0752954 12.5905 -0.78416 0.0388963 -0.619407 -107.854
-0.623354 -0.0683126 0.778998 360.207 -0.0126496 0.996941 0.0773036 12.7865 -0.78189 0.038332 -0.622301 -109.525
-0.626245 -0.0689099 0.77663 362.338 -0.0141862 0.996943 0.077023 12.9784 -0.77955 0.0372161 -0.625302 -111.198
-0.631097 -0.0687645 0.772699 364.444 -0.0147886 0.996963 0.0766451 13.1727 -0.775617 0.0369418 -0.630186 -112.861
-0.631875 -0.0697745 0.771979 366.564 -0.015341 0.996886 0.0775496 13.3755 -0.774972 0.037157 -0.63097 -114.572
-0.638531 -0.0702473 0.766434 368.645 -0.0160817 0.99684 0.0779689 13.5751 -0.769483 0.0374582 -0.637632 -116.257
-0.637875 -0.0708016 0.766934 370.762 -0.0188853 0.99692 0.0763298 13.7392 -0.769963 0.0342034 -0.63724 -117.969
-0.640341 -0.0752764 0.764445 372.861 -0.0294122 0.996874 0.0735287 13.9015 -0.767584 0.0245977 -0.640542 -119.671
-0.645735 -0.0726405 0.760156 374.938 -0.0367771 0.997285 0.0640631 14.0991 -0.762731 0.0134101 -0.646645 -121.372
-0.640988 -0.0650366 0.764843 376.999 -0.0280595 0.997739 0.0613264 14.2326 -0.767095 0.0178467 -0.641351 -123.058
-0.642773 -0.0654818 0.763312 379.056 -0.0206728 0.997477 0.0681657 14.3716 -0.765835 0.0280337 -0.642496 -124.769
-0.647016 -0.073572 0.758972 381.096 -0.0183656 0.996564 0.0809481 14.5611 -0.762314 0.038434 -0.646131 -126.475
-0.648615 -0.0831461 0.756622 383.147 -0.0228076 0.995709 0.0898719 14.7785 -0.760833 0.0410335 -0.64772 -128.188
-0.655049 -0.0894359 0.75033 385.191 -0.0276832 0.99516 0.0944521 15.0188 -0.755139 0.0410974 -0.654342 -129.933
-0.655621 -0.0911941 0.749624 387.231 -0.0291462 0.995014 0.0955595 15.2518 -0.754586 0.0408001 -0.655001 -131.668
-0.658113 -0.0875159 0.747872 389.262 -0.025501 0.995259 0.0940261 15.4716 -0.752548 0.0428064 -0.657211 -133.425
-0.661158 -0.0820816 0.745806 391.249 -0.0220458 0.99571 0.0900465 15.6814 -0.749984 0.0430907 -0.660122 -135.153
-0.663302 -0.0807709 0.744038 393.234 -0.0232223 0.995918 0.0874136 15.8915 -0.748054 0.0407013 -0.662455 -136.896
-0.666149 -0.0812195 0.741448 395.244 -0.0235043 0.995862 0.0879762 16.1065 -0.745511 0.0411758 -0.665293 -138.669
-0.670523 -0.0816653 0.737438 397.261 -0.0231476 0.995758 0.0892268 16.3233 -0.74159 0.0427567 -0.669555 -140.451
-0.671734 -0.0822888 0.736273 399.238 -0.0227699 0.995652 0.0905091 16.5465 -0.740507 0.0440308 -0.670677 -142.244
-0.67368 -0.0827135 0.734438 401.227 -0.0228262 0.995589 0.0911886 16.7685 -0.738734 0.0446655 -0.672582 -144.041
-0.678512 -0.0896803 0.729162 403.195 -0.0236158 0.994688 0.100367 17.029 -0.734276 0.0508781 -0.677015 -145.82
-0.677158 -0.0928445 0.730017 405.169 -0.0236409 0.994259 0.104523 17.295 -0.735523 0.0535184 -0.675451 -147.644
-0.681803 -0.0999164 0.724748 407.121 -0.0243371 0.993196 0.114036 17.5824 -0.731198 0.0601088 -0.679585 -149.44
-0.679702 -0.106757 0.725741 409.089 -0.0244066 0.992116 0.123084 17.8962 -0.733149 0.0659449 -0.676934 -151.259
-0.681113 -0.110324 0.723889 411.043 -0.0245755 0.991489 0.12799 18.2382 -0.731835 0.069382 -0.678016 -153.074
-0.685523 -0.112474 0.719375 412.961 -0.0263177 0.991199 0.129895 18.5671 -0.727642 0.0701114 -0.682434 -154.877
-0.683904 -0.112963 0.720843 414.909 -0.0290281 0.991388 0.127826 18.9006 -0.729064 0.0664925 -0.681283 -156.701
-0.684837 -0.117824 0.719173 416.885 -0.035546 0.99109 0.128525 19.2067 -0.727897 0.0624526 -0.682908 -158.525
-0.686197 -0.119029 0.717683 418.864 -0.0358149 0.990871 0.1301 19.5389 -0.726604 0.0635671 -0.684186 -160.392
-0.685259 -0.120527 0.718322 420.818 -0.0371489 0.990734 0.130796 19.8553 -0.727419 0.0629419 -0.683372 -162.224
-0.686552 -0.120519 0.717095 422.753 -0.038407 0.99082 0.129758 20.1795 -0.726137 0.0615404 -0.684866 -164.039
-0.689359 -0.120844 0.714336 424.652 -0.0386268 0.990739 0.130328 20.5096 -0.723459 0.0622477 -0.687627 -165.833
-0.689368 -0.124187 0.713759 426.539 -0.0392847 0.990173 0.134345 20.81 -0.723417 0.0645699 -0.687461 -167.626
-0.689206 -0.12637 0.713528 428.414 -0.0387814 0.989718 0.137826 21.1249 -0.723598 0.0673164 -0.687004 -169.417
-0.687592 -0.131862 0.714095 430.307 -0.0387694 0.988654 0.145237 21.45 -0.725134 0.0721745 -0.684892 -171.209
-0.686909 -0.133268 0.714488 432.218 -0.0350185 0.987993 0.150618 21.7989 -0.725971 0.0784376 -0.683313 -173.045
-0.685669 -0.135372 0.715287 434.136 -0.0391423 0.988008 0.149471 22.1699 -0.726932 0.0744858 -0.682735 -174.863
-0.682265 -0.137971 0.718038 436.079 -0.045823 0.988194 0.146343 22.5437 -0.729741 0.0669392 -0.680516 -176.698
-0.680106 -0.139996 0.719696 438.018 -0.0500984 0.988197 0.14489 22.9222 -0.731472 0.0624813 -0.679081 -178.499
-0.677988 -0.141674 0.721362 439.914 -0.0524053 0.988093 0.144808 23.282 -0.733277 0.060372 -0.677323 -180.28
-0.67418 -0.142781 0.724707 441.851 -0.0506082 0.987779 0.147539 23.6475 -0.736903 0.0627878 -0.673156 -182.069
-0.671851 -0.14248 0.726923 443.79 -0.0488441 0.987732 0.148459 24.022 -0.739148 0.0642337 -0.670553 -183.859
-0.671646 -0.143479 0.726919 445.713 -0.050929 0.987708 0.147903 24.3773 -0.739193 0.0623135 -0.670686 -185.617
-0.667321 -0.148297 0.729927 447.67 -0.0568144 0.987278 0.148644 24.7537 -0.742674 0.0577199 -0.667242 -187.385
-0.667661 -0.155331 0.728153 449.627 -0.0650202 0.98644 0.150817 25.1384 -0.741693 0.0533464 -0.668695 -189.137
-0.664356 -0.159993 0.730163 451.602 -0.0720628 0.986003 0.150488 25.5191 -0.744009 0.0473568 -0.666571 -190.904
-0.663528 -0.160778 0.730745 453.569 -0.0731896 0.98592 0.150471 25.8928 -0.744636 0.0463553 -0.665941 -192.662
-0.663668 -0.161236 0.730516 455.526 -0.071464 0.985716 0.15264 26.2645 -0.744681 0.0490939 -0.665696 -194.417
-0.661579 -0.163295 0.731953 457.495 -0.0703729 0.985235 0.1562 26.6457 -0.746639 0.0518257 -0.66329 -196.177
-0.660577 -0.165637 0.732331 459.455 -0.0703635 0.984747 0.159262 27.0604 -0.747528 0.0536722 -0.662142 -197.93
-0.661983 -0.166392 0.730891 461.411 -0.0732275 0.984761 0.15787 27.4591 -0.746007 0.0509825 -0.664068 -199.672
-0.65951 -0.165978 0.733216 463.348 -0.0734081 0.984899 0.156927 27.8616 -0.748178 0.0496674 -0.661721 -201.411
-0.657287 -0.166292 0.73514 465.319 -0.0739115 0.984894 0.156712 28.2529 -0.750081 0.0486658 -0.659638 -203.165
-0.661126 -0.164807 0.732025 467.294 -0.0708737 0.984955 0.157745 28.6599 -0.746997 0.0524044 -0.662845 -204.941
-0.657597 -0.163339 0.735526 469.257 -0.0648064 0.98488 0.160781 29.0635 -0.750652 0.0580587 -0.658228 -206.681
-0.657084 -0.165902 0.735409 471.232 -0.0664635 0.984455 0.162704 29.4593 -0.750959 0.0580291 -0.657881 -208.41
-0.653422 -0.167055 0.738406 473.21 -0.0666381 0.984274 0.163719 29.8672 -0.754129 0.0577678 -0.654268 -210.137
-0.651806 -0.169082 0.739373 475.22 -0.066501 0.98384 0.166367 30.2975 -0.755542 0.0592661 -0.652503 -211.883
-0.651758 -0.170334 0.739128 477.209 -0.0679152 0.983668 0.16681 30.7183 -0.755455 0.0585176 -0.652669 -213.604
-0.650216 -0.170685 0.740404 479.204 -0.0697069 0.983752 0.165572 31.1543 -0.756622 0.0560431 -0.651536 -215.341
-0.649482 -0.170776 0.741027 481.194 -0.0711134 0.983845 0.164415 31.5734 -0.75712 0.0540839 -0.651121 -217.074
-0.649783 -0.172515 0.74036 483.179 -0.0719727 0.983515 0.166011 31.9919 -0.756782 0.0545819 -0.651474 -218.798
-0.648204 -0.174603 0.741255 485.159 -0.0727928 0.983129 0.167929 32.4237 -0.758056 0.05489 -0.649965 -220.526
-0.648371 -0.174802 0.741062 487.145 -0.074065 0.983173 0.167116 32.8485 -0.757791 0.0534625 -0.650394 -222.25
-0.650759 -0.175919 0.738702 489.116 -0.0751701 0.982961 0.167875 33.2724 -0.755633 0.0537137 -0.65288 -223.954
-0.650059 -0.177292 0.738989 491.086 -0.0757951 0.982702 0.169094 33.7005 -0.756172 0.0539054 -0.652239 -225.672
-0.651164 -0.177477 0.737973 493.067 -0.0764912 0.982692 0.168845 34.1293 -0.755152 0.0534936 -0.653455 -227.395
-0.650239 -0.179315 0.738342 495.05 -0.0771998 0.982335 0.170589 34.5594 -0.755875 0.0539198 -0.652582 -229.12
-0.649774 -0.182548 0.737961 497.033 -0.0790232 0.981721 0.173274 34.9962 -0.756088 0.054269 -0.652308 -230.841
-0.650696 -0.184557 0.736647 499.013 -0.0808428 0.981361 0.174462 35.4325 -0.755102 0.0539657 -0.653474 -232.553
-0.650146 -0.184275 0.737205 500.998 -0.0802542 0.981395 0.174546 35.8729 -0.755639 0.0543127 -0.652825 -234.285
-0.649835 -0.185019 0.737291 502.974 -0.0802003 0.98122 0.17555 36.3227 -0.755911 0.0549438 -0.652457 -236.018
-0.651335 -0.187526 0.735332 504.941 -0.0818592 0.980714 0.177603 36.7716 -0.754441 0.0554816 -0.654111 -237.747
-0.649712 -0.18863 0.736484 506.907 -0.0819166 0.980479 0.178863 37.2244 -0.755832 0.0558755 -0.652469 -239.479
-0.651055 -0.187571 0.735569 508.884 -0.0809641 0.980641 0.178411 37.6806 -0.75478 0.0565968 -0.653625 -241.211
-0.649908 -0.188756 0.736279 510.862 -0.0815986 0.980421 0.179325 38.1372 -0.755698 0.0564619 -0.652573 -242.943
-0.649104 -0.189946 0.736684 512.854 -0.0828236 0.980237 0.179775 38.6022 -0.756257 0.0556735 -0.651995 -244.668
-0.649038 -0.190696 0.736547 514.8 -0.082638 0.98004 0.180924 39.0474 -0.756333 0.0565557 -0.65183 -246.346
-0.647065 -0.192339 0.737858 516.764 -0.0844193 0.979805 0.181385 39.514 -0.757828 0.0550736 -0.650221 -248.059
-0.646053 -0.191995 0.73883 518.733 -0.084678 0.979924 0.180608 39.9738 -0.75866 0.0541157 -0.649328 -249.772
-0.64858 -0.191864 0.73665 520.698 -0.0848435 0.979924 0.180534 40.4356 -0.756486 0.0545862 -0.651823 -251.497
-0.647074 -0.19292 0.737695 522.673 -0.0861499 0.979784 0.18067 40.8962 -0.757624 0.0533507 -0.6506 -253.223
-0.646973 -0.194502 0.737371 524.645 -0.0855242 0.979351 0.183301 41.3641 -0.757785 0.0555229 -0.650235 -254.932
-0.64778 -0.195493 0.736398 526.603 -0.0862617 0.979144 0.18406 41.828 -0.757008 0.0557034 -0.65112 -256.626
-0.646382 -0.195761 0.737557 528.586 -0.0870572 0.97916 0.1836 42.2899 -0.758115 0.0544615 -0.64994 -258.335
-0.646653 -0.196641 0.737084 530.565 -0.0865037 0.978895 0.185267 42.7553 -0.757945 0.0560389 -0.650002 -260.054
-0.648563 -0.196257 0.735507 532.527 -0.0853633 0.97887 0.18593 43.2159 -0.756442 0.057797 -0.651598 -261.764
-0.646883 -0.197874 0.736551 534.523 -0.0852977 0.978487 0.187963 43.687 -0.757886 0.0587597 -0.649832 -263.491
-0.649931 -0.197562 0.73395 536.479 -0.0867959 0.978622 0.186571 44.1551 -0.755105 0.0575491 -0.65317 -265.197
-0.648346 -0.197041 0.735488 538.456 -0.0878762 0.978864 0.184786 44.6316 -0.756339 0.0551687 -0.651945 -266.921
-0.648535 -0.196813 0.735385 540.42 -0.0871531 0.978865 0.185125 45.0967 -0.756264 0.0559641 -0.651966 -268.632
-0.651934 -0.198909 0.731805 542.368 -0.0876488 0.978304 0.187833 45.5761 -0.753275 0.0583086 -0.655211 -270.364
-0.650864 -0.202362 0.731813 544.299 -0.0887275 0.977518 0.1914 46.0438 -0.754077 0.0596385 -0.65417 -272.079
-0.651346 -0.201958 0.731494 546.272 -0.0882438 0.977573 0.191329 46.5204 -0.753714 0.0600672 -0.654547 -273.816
-0.652936 -0.201069 0.730322 548.213 -0.087797 0.977738 0.190702 47.0136 -0.752392 0.0603909 -0.656039 -275.529
-0.650281 -0.202547 0.732278 550.19 -0.0880165 0.977423 0.192199 47.5038 -0.754659 0.0605262 -0.653415 -277.253
-0.651426 -0.203332 0.731046 552.139 -0.0876155 0.977161 0.193722 47.992 -0.753724 0.0621392 -0.654347 -278.953
-0.649958 -0.203953 0.732175 554.122 -0.0863452 0.97692 0.195486 48.4913 -0.755132 0.0638327 -0.652554 -280.713
-0.649149 -0.20554 0.732454 556.096 -0.0872732 0.976594 0.196712 48.9882 -0.755726 0.063766 -0.651878 -282.446
-0.649757 -0.205536 0.731911 558.06 -0.0881616 0.976654 0.196006 49.4974 -0.755095 0.062825 -0.652695 -284.177
-0.647209 -0.207236 0.733692 560.025 -0.0899876 0.976406 0.19642 50.0002 -0.757072 0.0610961 -0.650572 -285.907
-0.646591 -0.20821 0.733957 561.993 -0.0910317 0.97624 0.196753 50.5058 -0.757469 0.0604004 -0.650169 -287.634
-0.645922 -0.210729 0.733831 563.937 -0.0945083 0.975852 0.197051 50.9975 -0.757619 0.0579205 -0.650225 -289.317
-0.644917 -0.212416 0.734224 565.913 -0.0959674 0.975527 0.19794 51.4976 -0.758287 0.0571883 -0.649506 -291.044
-0.645527 -0.212868 0.73356 567.867 -0.0964812 0.975433 0.198163 52.004 -0.757707 0.0571391 -0.650191 -292.757
-0.643411 -0.212233 0.735598 569.843 -0.095507 0.975572 0.19794 52.5116 -0.759624 0.057097 -0.64795 -294.481
-0.642323 -0.212397 0.736503 571.821 -0.0946175 0.975484 0.198807 53.0174 -0.760659 0.0580062 -0.646657 -296.197
-0.642298 -0.213108 0.736318 573.78 -0.0949068 0.975314 0.199498 53.5262 -0.760641 0.0582504 -0.646654 -297.894
-0.641069 -0.212873 0.737459 575.758 -0.0938031 0.975319 0.2 54.034 -0.761818 0.0590319 -0.645199 -299.602
-0.641779 -0.212682 0.736893 577.699 -0.094335 0.975396 0.199366 54.5252 -0.76115 0.0584293 -0.646039 -301.276
-0.640696 -0.213112 0.737714 579.675 -0.0950225 0.975355 0.199246 55.0369 -0.76198 0.0575505 -0.645142 -302.969
-0.640383 -0.213372 0.737907 581.653 -0.0948382 0.975276 0.199712 55.5444 -0.762262 0.057905 -0.644774 -304.659
-0.63942 -0.215011 0.738271 583.63 -0.0952481 0.974883 0.201436 56.0526 -0.763024 0.0584771 -0.643824 -306.369
-0.638959 -0.215593 0.738496 585.553 -0.094916 0.974708 0.202435 56.558 -0.763447 0.0592473 -0.643249 -308.033
-0.637358 -0.218798 0.738941 587.542 -0.0972776 0.974042 0.204516 57.0917 -0.764491 0.0584611 -0.642083 -309.748
-0.637355 -0.219728 0.738664 589.512 -0.0987293 0.973893 0.204519 57.6068 -0.764304 0.057418 -0.642396 -311.426
-0.637281 -0.219855 0.738695 591.491 -0.0985668 0.973849 0.204818 58.1256 -0.764392 0.0577094 -0.642271 -313.121
-0.637622 -0.220244 0.738279 593.46 -0.0978886 0.97368 0.205934 58.644 -0.76419 0.0590332 -0.642386 -314.807
-0.638666 -0.220492 0.737307 595.398 -0.0973597 0.973548 0.206815 59.1509 -0.76339 0.0602949 -0.643224 -316.467
-0.636458 -0.221628 0.738869 597.375 -0.0967833 0.973231 0.208564 59.6881 -0.765299 0.0612268 -0.640857 -318.17
-0.635783 -0.221371 0.739532 599.347 -0.0970544 0.973341 0.20793 60.2157 -0.765831 0.0604165 -0.640304 -319.851
-0.636834 -0.22059 0.738856 601.301 -0.0973101 0.973556 0.206795 60.7381 -0.76492 0.0597898 -0.641446 -321.516
-0.635291 -0.219949 0.74038 603.281 -0.0970426 0.973748 0.206019 61.2656 -0.766243 0.0590264 -0.639942 -323.202
-0.636105 -0.220036 0.73965 605.232 -0.0973372 0.973728 0.205967 61.791 -0.765524 0.0590154 -0.640798 -324.877
-0.635647 -0.221155 0.739715 607.245 -0.0964893 0.97336 0.208104 62.3241 -0.766018 0.0608986 -0.640037 -326.587
-0.635959 -0.222766 0.738959 609.24 -0.0965114 0.972898 0.210237 62.8543 -0.76575 0.0623781 -0.64021 -328.298
-0.635919 -0.223317 0.738833 611.207 -0.0960369 0.972704 0.211357 63.3918 -0.765851 0.0634432 -0.639992 -329.982
-0.63466 -0.223756 0.739777 613.185 -0.0955785 0.972569 0.212177 63.9383 -0.766945 0.0639471 -0.638624 -331.668
-0.634124 -0.224203 0.740107 615.143 -0.0956701 0.972462 0.212632 64.477 -0.767385 0.0640208 -0.638095 -333.329
-0.633528 -0.224991 0.740373 617.097 -0.0958847 0.972267 0.213421 65.0196 -0.767842 0.0642112 -0.637518 -334.994
-0.631675 -0.22671 0.741437 619.084 -0.096004 0.971825 0.215376 65.5729 -0.769361 0.0648587 -0.635627 -336.679
-0.631696 -0.227427 0.741195 621.084 -0.0962291 0.971635 0.21613 66.1202 -0.769308 0.0651971 -0.63565 -338.361
-0.631879 -0.228125 0.740829 623.057 -0.0955027 0.971364 0.217667 66.6648 -0.769256 0.0667801 -0.635555 -340.02
-0.631178 -0.228312 0.741364 625.057 -0.0948137 0.971267 0.2184 67.2198 -0.76991 0.0675506 -0.634676 -341.717
-0.630892 -0.228553 0.741537 627.012 -0.0942757 0.971155 0.219128 67.7707 -0.770216 0.0683284 -0.634225 -343.353
-0.628959 -0.229474 0.74289 628.995 -0.0933211 0.970848 0.220888 68.3226 -0.771905 0.0695947 -0.632026 -345.022
-0.628766 -0.229375 0.743087 630.977 -0.0930071 0.970854 0.220995 68.8769 -0.772107 0.0698331 -0.631757 -346.677
-0.628696 -0.228849 0.743306 632.954 -0.0932018 0.97103 0.220138 69.4264 -0.772134 0.0691151 -0.631799 -348.326
-0.627706 -0.228045 0.744393 634.941 -0.091354 0.971127 0.220483 69.9816 -0.773169 0.070386 -0.630398 -349.998
-0.627984 -0.22836 0.744058 636.929 -0.090294 0.970929 0.221789 70.5423 -0.77306 0.0720884 -0.630334 -351.66
-0.62808 -0.228995 0.743787 638.9 -0.0896527 0.970676 0.223154 71.1075 -0.773065 0.0734671 -0.630175 -353.306
-0.626408 -0.229531 0.745026 640.895 -0.0890811 0.970508 0.224109 71.6809 -0.774478 0.0740083 -0.628367 -354.964
-0.625228 -0.230105 0.745844 642.855 -0.0895138 0.970411 0.224361 72.236 -0.77539 0.073504 -0.627308 -356.595
-0.624056 -0.231871 0.746275 644.871 -0.0886355 0.969826 0.227218 72.814 -0.776426 0.0756425 -0.625764 -358.262
