1 0 0 0 0 1 0 0 0 0 1 0
0.999998 0.00135744 0.00142316 -0.00932599 -0.0013506 0.999988 -0.0048319 -0.00763977 -0.00142965 0.00482969 0.999987 0.951653
0.999997 0.000772495 0.00234824 -0.0118577 -0.000761167 0.999988 -0.00478938 -0.0211857 -0.002352 0.00478762 0.999986 1.90562
0.999993 -2.0172e-05 0.0036507 -0.0160643 2.92659e-05 0.999997 -0.00249319 -0.026343 -0.00365045 0.00249295 0.99999 2.85448
0.999999 -0.000851234 0.00181686 -0.0150686 0.00085189 0.999999 -0.000319906 -0.0293425 -0.00181661 0.000321506 0.999999 3.80965
0.999999 -0.00163162 0.000389365 -0.0160719 0.00163144 0.999999 0.000220484 -0.0461611 -0.000389479 -0.000220284 0.999999 4.74724
0.999992 -0.0041785 0.000636419 -0.0183282 0.00417963 0.99999 -0.00168644 -0.0552619 -0.000629396 0.00168905 0.999999 5.68188
0.999994 -0.00364063 -0.00114219 -0.0148863 0.00363853 0.999992 -0.00176327 -0.0563678 0.00114884 0.0017587 0.999998 6.60994
0.999991 -0.00402682 -0.00170824 -0.0205171 0.00402426 0.999991 -0.00155491 -0.0635817 0.0017145 0.00154798 0.999998 7.53745
0.999993 -0.00380211 -0.00166026 -0.0317559 0.00380152 0.999993 -0.000264119 -0.0708752 0.00166148 0.000257448 0.999999 8.46558
0.999989 -0.00363844 -0.00331812 -0.0325807 0.00364283 0.999993 0.00129642 -0.0766679 0.00331358 -0.00130849 0.999995 9.39124
0.999987 -0.00332023 -0.00421023 -0.0381653 0.00333158 0.999991 0.00270802 -0.0838982 0.00420156 -0.00272233 0.999988 10.307
0.999988 -0.00352713 -0.0037732 -0.0442053 0.00354116 0.999987 0.00369242 -0.0897998 0.00376038 -0.00370573 0.999988 11.2192
0.99998 -0.00366367 -0.00538748 -0.0439451 0.00368583 0.999985 0.00411562 -0.0890641 0.0053728 -0.00413576 0.999978 12.1307
0.999976 -0.00355833 -0.00613654 -0.0509773 0.0035845 0.999985 0.00423697 -0.0857896 0.00612159 -0.00425883 0.999974 13.034
0.999975 -0.00360481 -0.00629897 -0.0592149 0.0036324 0.999984 0.00437876 -0.0814636 0.0062836 -0.00440186 0.999972 13.9336
0.999956 -0.00340835 -0.00895565 -0.0631958 0.00344845 0.999985 0.00445554 -0.0785493 0.00894051 -0.00448617 0.999953 14.8349
0.999944 -0.00306059 -0.010407 -0.0751064 0.00310757 0.999985 0.00450351 -0.0782342 0.0103935 -0.00453587 0.999937 15.7299
0.99994 -0.002592 -0.0108289 -0.0869736 0.00264353 0.999986 0.00473673 -0.0770536 0.0108166 -0.00476501 0.999933 16.6037
0.999921 -0.00182918 -0.0126259 -0.104675 0.00189047 0.999987 0.00485137 -0.0706096 0.0126174 -0.00487514 0.999911 17.4939
0.999904 -0.00186303 -0.0139709 -0.125592 0.00194133 0.999983 0.00557738 -0.0748208 0.0139605 -0.00560386 0.99989 18.374
0.999897 -0.00205136 -0.0144149 -0.147805 0.00214404 0.999978 0.0064198 -0.0734339 0.014402 -0.00645035 0.999878 19.2542
0.999866 -0.00193554 -0.0164556 -0.166014 0.00205251 0.999973 0.00707626 -0.0716826 0.0164416 -0.00710892 0.999844 20.1374
0.999838 -0.00199275 -0.0180704 -0.184264 0.00213133 0.999969 0.00765793 -0.0766692 0.0180551 -0.00769546 0.999811 21.0082
0.999824 -0.00163389 -0.0188861 -0.20654 0.00178488 0.999967 0.00796856 -0.0777633 0.0188725 -0.00800069 0.999795 21.8608
0.999781 -0.00149077 -0.0210234 -0.226921 0.00166726 0.999964 0.00838378 -0.0757571 0.0210108 -0.0084173 0.999747 22.7263
0.999782 -0.00159352 -0.0210087 -0.251066 0.00179802 0.999952 0.00970882 -0.0735803 0.0209922 -0.00974434 0.999737 23.5717
0.999749 -0.00205801 -0.0225003 -0.274199 0.00232143 0.99993 0.0116905 -0.0735876 0.0224754 -0.0117401 0.999682 24.4311
0.999738 -0.00178076 -0.0230086 -0.296509 0.002075 0.999918 0.0127609 -0.0709803 0.0229839 -0.0128051 0.999659 25.2713
0.99975 -0.00151529 -0.0225453 -0.320678 0.00180997 0.999914 0.0130612 -0.0665668 0.0225242 -0.013099 0.999664 26.0912
0.999721 -0.000972949 -0.0238073 -0.343795 0.00128928 0.999913 0.0132627 -0.0629518 0.0237923 -0.0132895 0.999633 26.9135
0.999705 -0.000926031 -0.0244773 -0.367548 0.00126082 0.999907 0.0136717 -0.0579448 0.0244629 -0.0136988 0.999611 27.712
0.9997 -0.000644557 -0.0246762 -0.391968 0.000993408 0.999901 0.0141152 -0.0521448 0.0246646 -0.0141353 0.999601 28.4972
0.999655 -0.000417648 -0.0264638 -0.414436 0.000802832 0.999895 0.0145568 -0.0500568 0.0264555 -0.0145733 0.999548 29.2838
0.999605 2.64736e-05 -0.0282772 -0.438535 0.000395412 0.99989 0.0149049 -0.0442204 0.0282745 -0.01491 0.999494 30.0547
0.999578 0.000367922 -0.0292361 -0.46548 8.33704e-05 0.999882 0.0154434 -0.0406987 0.0292388 -0.0154396 0.999458 30.818
0.999498 0.000462634 -0.0318541 -0.492144 5.69866e-05 0.999869 0.0163004 -0.0360658 0.0318575 -0.0162938 0.999366 31.5746
0.999436 0.000668194 -0.0337541 -0.519701 -7.89344e-05 0.999849 0.017466 -0.0322741 0.0337611 -0.0174538 0.999282 32.3209
0.999388 0.00101784 -0.0351402 -0.550548 -0.000380095 0.999838 0.0181419 -0.0234373 0.0351529 -0.0181171 0.999224 33.0582
0.999299 0.00151892 -0.0375608 -0.580435 -0.000818984 0.999827 0.0186532 -0.016131 0.037583 -0.0186096 0.999126 33.7811
0.999233 0.00323537 -0.0391841 -0.621698 -0.00252182 0.999833 0.0182374 -0.00486609 0.0392365 -0.0181243 0.999072 34.51
0.999142 0.00344358 -0.041416 -0.65657 -0.00267468 0.999825 0.0186149 0.00141049 0.0414732 -0.0184884 0.998974 35.2123
0.999073 0.0035307 -0.0430619 -0.691833 -0.00269929 0.999812 0.0193421 0.00894313 0.0431221 -0.0192076 0.998892 35.9082
0.999045 0.00375438 -0.0436669 -0.730337 -0.00288274 0.999797 0.0200154 0.0214413 0.0437334 -0.0198706 0.998852 36.597
0.999023 0.00421765 -0.0441513 -0.766126 -0.00332523 0.999792 0.0202614 0.0346731 0.0442274 -0.0200944 0.998826 37.2668
0.999071 0.00466818 -0.042993 -0.803656 -0.00380435 0.999791 0.0201607 0.0458202 0.0430784 -0.0199787 0.998878 37.9255
0.99918 0.00492045 -0.0403696 -0.835715 -0.00410686 0.99979 0.0202056 0.0557547 0.0404604 -0.0200228 0.998987 38.576
0.99924 0.004874 -0.0388451 -0.862549 -0.00408049 0.999783 0.0204903 0.0632571 0.0389367 -0.0203165 0.999041 39.2149
0.999359 0.00509105 -0.0356465 -0.889024 -0.0043338 0.999767 0.0212811 0.0737939 0.0357464 -0.0211126 0.999145 39.8532
0.999487 0.00547318 -0.0317483 -0.919948 -0.00476282 0.999738 0.0224168 0.0943074 0.0318627 -0.0222543 0.999252 40.4915
0.999569 0.00738426 -0.0286762 -0.945562 -0.00656331 0.999572 0.0286069 0.115593 0.0288751 -0.0284061 0.999187 41.1038
0.999683 0.00782817 -0.0242054 -0.970262 -0.00713062 0.999561 0.0287846 0.132924 0.0244203 -0.028603 0.9993 41.7044
0.99981 0.00810979 -0.0181979 -0.988136 -0.00757862 0.999552 0.0290542 0.147025 0.0184253 -0.0289105 0.999421 42.2915
0.999889 0.00809762 -0.0130943 -1.00413 -0.00770593 0.99953 0.0297186 0.162023 0.0133288 -0.0296144 0.999481 42.8547
0.999954 0.00844074 -0.00628838 -1.01649 -0.00824916 0.999524 0.0298465 0.17877 0.00653731 -0.029793 0.999544 43.403
0.999967 0.00889326 0.00133905 -1.02311 -0.00892963 0.999515 0.0298826 0.18818 -0.00107257 -0.0298935 0.999561 43.9305
0.999934 0.00926431 0.00813104 -1.02348 -0.00950475 0.999505 0.0300886 0.195455 -0.00784826 -0.0301636 0.999524 44.4369
0.999832 0.00996168 0.0159088 -1.02281 -0.0104359 0.999497 0.0299929 0.206692 -0.0156019 -0.0301537 0.999433 44.9267
0.99966 0.0106062 0.0242436 -1.0187 -0.0113205 0.999503 0.0295352 0.216735 -0.0239183 -0.0297992 0.99928 45.3873
0.99944 0.0106932 0.0319664 -1.00879 -0.0116412 0.999495 0.0296144 0.217639 -0.0316335 -0.0299698 0.99906 45.8324
0.999143 0.0107129 0.0402488 -0.991982 -0.0119001 0.999501 0.029382 0.227262 -0.0399139 -0.0298353 0.998768 46.2509
0.99881 0.0107207 0.0477545 -0.970252 -0.0121444 0.999489 0.0296208 0.228597 -0.0474125 -0.0301654 0.99843 46.6523
0.998393 0.0111923 0.0557442 -0.95076 -0.0128592 0.999481 0.0296393 0.239457 -0.0553834 -0.0303081 0.998016 47.0271
0.997816 0.0116656 0.065159 -0.931579 -0.0136014 0.999478 0.0293419 0.247157 -0.0647827 -0.030164 0.997454 47.3834
0.997228 0.012017 0.0735772 -0.915351 -0.0141964 0.999476 0.0291743 0.252611 -0.0731879 -0.0301376 0.996874 47.7059
0.996521 0.0121365 0.0825656 -0.897884 -0.0145928 0.999468 0.0292085 0.252812 -0.0821671 -0.0303116 0.996168 48.0107
0.995684 0.0117069 0.092194 -0.863387 -0.0144861 0.999461 0.0295376 0.245862 -0.0917983 -0.0307451 0.995315 48.2943
0.994663 0.011882 0.102592 -0.83274 -0.0149702 0.999458 0.0293819 0.25052 -0.102187 -0.0307606 0.9943 48.5581
0.993349 0.0120289 0.114623 -0.794109 -0.0154494 0.999462 0.0290031 0.258522 -0.114213 -0.0305806 0.992998 48.8212
0.991689 0.012197 0.128161 -0.753935 -0.0160006 0.999462 0.0286885 0.27101 -0.127742 -0.0305004 0.99135 49.0814
0.989599 0.0121517 0.143426 -0.715241 -0.016358 0.999471 0.0281873 0.281047 -0.143007 -0.0302398 0.989272 49.3422
0.987016 0.0122341 0.160221 -0.667642 -0.016939 0.999465 0.0280304 0.286194 -0.159792 -0.03038 0.986695 49.6022
0.984169 0.0122176 0.176885 -0.617425 -0.0174194 0.999462 0.0278869 0.286535 -0.176449 -0.0305262 0.983849 49.8488
0.980721 0.011912 0.195102 -0.554887 -0.017667 0.99946 0.0277824 0.286552 -0.194666 -0.0306932 0.980401 50.099
0.976627 0.0118021 0.214678 -0.488159 -0.0181505 0.999456 0.0276265 0.289499 -0.214235 -0.0308769 0.976308 50.3458
0.972072 0.0119879 0.234422 -0.419607 -0.018908 0.999451 0.0272941 0.296089 -0.233966 -0.0309639 0.971764 50.5826
0.966664 0.0123947 0.2558 -0.348997 -0.0199163 0.999444 0.0268366 0.303405 -0.255325 -0.0310361 0.966371 50.8246
0.960296 0.0124224 0.278743 -0.26572 -0.0206205 0.999438 0.0264978 0.304692 -0.278257 -0.0311932 0.960012 51.0673
0.953039 0.0123829 0.302639 -0.181772 -0.0212922 0.999433 0.0261585 0.305313 -0.302143 -0.0313734 0.95276 51.3021
0.944516 0.0129815 0.328241 -0.0859704 -0.022696 0.999412 0.0257814 0.310091 -0.327713 -0.0318002 0.944254 51.5477
0.934493 0.0143984 0.355727 0.0133927 -0.0251985 0.999353 0.025747 0.31842 -0.355126 -0.0330237 0.934249 51.8032
0.923349 0.014342 0.383722 0.121576 -0.0260044 0.999346 0.0252218 0.315014 -0.383108 -0.0332665 0.923117 52.0361
0.910384 0.0142371 0.413555 0.248598 -0.0268108 0.99934 0.0246173 0.309548 -0.412931 -0.0334985 0.910161 52.2665
0.894726 0.014224 0.446414 0.388903 -0.0276645 0.999341 0.0236043 0.309936 -0.445782 -0.0334686 0.894529 52.5007
0.877335 0.0144503 0.479689 0.536828 -0.028722 0.999338 0.0224275 0.320851 -0.479047 -0.0334536 0.877167 52.7198
0.857355 0.0147387 0.514537 0.701359 -0.0299156 0.999329 0.0212216 0.332069 -0.513878 -0.0335866 0.85722 52.9552
0.835502 0.01472 0.549315 0.868786 -0.0307522 0.999329 0.0199949 0.338138 -0.548652 -0.0335978 0.835392 53.1789
0.810866 0.0148277 0.585064 1.05914 -0.0316857 0.999327 0.0185877 0.343799 -0.584393 -0.0336098 0.810789 53.4107
0.783317 0.014922 0.621466 1.26556 -0.0326284 0.999323 0.0171314 0.350519 -0.62079 -0.0336962 0.783271 53.6584
0.754177 0.0149775 0.656519 1.48229 -0.0335906 0.999313 0.0157894 0.350255 -0.655829 -0.0339604 0.754162 53.8894
0.721131 0.0146208 0.692665 1.72985 -0.0342372 0.99931 0.0145508 0.342829 -0.691974 -0.0342074 0.721132 54.1217
0.683634 0.0138808 0.729711 2.01132 -0.0346932 0.999309 0.0134932 0.335688 -0.729017 -0.0345399 0.683642 54.3621
0.644818 0.0139248 0.764227 2.30683 -0.0355959 0.999298 0.0118261 0.341594 -0.763526 -0.0348284 0.644859 54.5773
0.602213 0.0137584 0.798232 2.63661 -0.0361433 0.999298 0.0100436 0.3489 -0.797531 -0.0348986 0.602287 54.8052
0.556318 0.0136481 0.830875 2.97957 -0.0367518 0.999293 0.0081928 0.351067 -0.830175 -0.0350933 0.556424 55.0094
0.508013 0.0131072 0.861264 3.35605 -0.0367336 0.999307 0.00645905 0.35457 -0.86058 -0.0349181 0.508142 55.2062
0.458544 0.0125353 0.888599 3.75889 -0.0368366 0.999311 0.00491162 0.35736 -0.887925 -0.0349845 0.458688 55.3998
0.409562 0.00897612 0.912253 4.16993 -0.0407358 0.999138 0.00845739 0.372495 -0.911387 -0.0406246 0.409573 55.5653
0.359462 0.00911926 0.93313 4.60643 -0.0412104 0.999134 0.00611087 0.381873 -0.932266 -0.0406506 0.359524 55.7264
0.309228 0.00909988 0.950959 5.05863 -0.0409997 0.999156 0.00377072 0.390293 -0.950118 -0.0401545 0.309338 55.8702
0.262621 0.00707498 0.964887 5.52798 -0.038491 0.999256 0.00314947 0.388402 -0.964147 -0.037966 0.262696 55.9622
0.217807 0.00162324 0.976005 6.02213 -0.0269311 0.999633 0.00434723 0.384311 -0.975634 -0.0272312 0.217769 56.0356
0.175703 -0.000383874 0.984457 6.52536 -0.0243285 0.999695 0.00473194 0.379855 -0.984158 -0.0247813 0.175638 56.0945
0.137691 0.000694622 0.99049 7.03346 -0.0244143 0.999703 0.00269262 0.411473 -0.990188 -0.0245522 0.137665 56.1463
0.104099 -0.000479344 0.994581 7.56176 -0.0223456 0.999748 0.00282065 0.417958 -0.994332 -0.0225178 0.104061 56.1861
0.0742948 -0.00207342 0.997248 8.10597 -0.0175167 0.999846 0.00338361 0.419548 -0.997096 -0.0177193 0.074246 56.2123
0.0495888 -0.00273321 0.99878 8.66547 -0.0166813 0.999857 0.00356437 0.437451 -0.998647 -0.0168374 0.0495351 56.2227
0.0293083 -0.00287608 0.999581 9.23545 -0.0158069 0.999874 0.00334015 0.458574 -0.99946 -0.0158975 0.0292582 56.2256
0.012664 -0.00272947 0.999931 9.81797 -0.015988 0.99987 0.00293178 0.470049 -0.999808 -0.0160237 0.0126177 56.2303
-0.000515506 -0.0027227 1.00001 10.4041 -0.0157642 0.999877 0.00271398 0.477819 -0.99989 -0.0157623 -0.000559272 56.2256
-0.0125409 -0.00175423 0.999935 10.9984 -0.0159681 0.999874 0.00155394 0.482522 -0.99981 -0.0159473 -0.0125684 56.2162
-0.0220834 -0.00136066 0.99977 11.6091 -0.0145601 0.999898 0.00103901 0.493571 -0.999665 -0.014533 -0.0221017 56.1982
-0.0296721 -0.00169798 0.999574 12.2319 -0.0136806 0.999909 0.00129258 0.504826 -0.999483 -0.0136361 -0.0296936 56.1749
-0.0338626 -0.00178989 0.999439 12.8705 -0.0139739 0.999906 0.00131705 0.517646 -0.999344 -0.0139207 -0.0338852 56.1511
-0.0380159 -0.00246726 0.99929 13.5178 -0.0142552 0.9999 0.00192661 0.525112 -0.999193 -0.0141715 -0.0380482 56.1337
-0.039803 -0.00890862 0.999182 14.187 -0.0159347 0.999843 0.00827951 0.537928 -0.999096 -0.0155914 -0.0399395 56.1103
-0.0411757 -0.0155417 0.999048 14.8613 -0.0145967 0.999785 0.0149518 0.543099 -0.999062 -0.0139668 -0.0413946 56.0839
-0.0415598 -0.0170726 0.999005 15.5414 -0.0144485 0.999764 0.0164842 0.556081 -0.999047 -0.0137483 -0.0417974 56.0523
-0.0421695 -0.01626 0.998995 16.2244 -0.0142898 0.999778 0.0156697 0.571176 -0.999025 -0.0136143 -0.0423935 56.0245
-0.0407892 -0.0149008 0.999072 16.9196 -0.0148079 0.999793 0.0143067 0.588302 -0.999074 -0.0142098 -0.0410023 55.9953
-0.0384872 -0.00873836 0.999238 17.6205 -0.0162744 0.999838 0.00811699 0.59866 -0.999144 -0.0159493 -0.0386243 55.9697
-0.0370606 -0.00763147 0.999299 18.3289 -0.0152708 0.999864 0.0070692 0.620545 -0.999212 -0.0149974 -0.0371729 55.9456
-0.0340493 -0.0102494 0.999385 19.065 -0.0153996 0.999838 0.0097296 0.621156 -0.999319 -0.0150585 -0.0342027 55.923
-0.0316177 -0.0177568 0.999358 19.7996 -0.0149184 0.999745 0.0172914 0.621338 -0.999406 -0.0143613 -0.0318754 55.9048
-0.0295526 -0.020569 0.99937 20.5236 -0.0132529 0.999713 0.0201844 0.621081 -0.999493 -0.0126476 -0.0298179 55.8879
-0.0261634 -0.0165341 0.999537 21.2529 -0.0079241 0.999839 0.0163315 0.617316 -0.999642 -0.00749246 -0.0262912 55.8649
-0.0231442 -0.0130723 0.999665 21.9795 -0.00507638 0.999908 0.0129581 0.612828 -0.999738 -0.0047744 -0.0232097 55.8481
-0.0215644 -0.0134369 0.999694 22.7062 -0.00695375 0.999892 0.0132893 0.625135 -0.99976 -0.00666439 -0.0216565 55.8434
-0.0169404 -0.0186562 0.999702 23.4481 -0.010986 0.999774 0.0184716 0.634519 -0.999814 -0.0106694 -0.0171429 55.8431
-0.0126815 -0.0206687 0.999723 24.1792 -0.00899843 0.999754 0.0205549 0.641782 -0.999896 -0.00873453 -0.0128654 55.8327
-0.010391 -0.0202605 0.999761 24.9087 -0.00341923 0.999794 0.0202259 0.630674 -0.999958 -0.00320788 -0.0104595 55.8266
-0.00706779 -0.0166234 0.999854 25.6457 -0.00431032 0.999858 0.0165928 0.623709 -0.999983 -0.00419179 -0.0071395 55.8236
-0.00352161 -0.0167437 0.999874 26.3798 -0.00468183 0.999854 0.0167271 0.641872 -1 -0.00462199 -0.00360095 55.8292
-0.000535075 -0.0178772 0.999857 27.1171 -0.0042862 0.999837 0.0178744 0.6438 -1.00001 -0.00427541 -0.000612733 55.8362
0.00388701 -0.0191244 0.999831 27.8608 -0.00295291 0.999818 0.0191359 0.651016 -1.00001 -0.00302641 0.00382831 55.8398
0.00699234 -0.0201374 0.99979 28.6014 0.00188842 0.999802 0.0201243 0.644984 -0.999991 0.00174795 0.00702774 55.8423
0.00960893 -0.0201947 0.999771 29.3347 0.00156586 0.9998 0.0201804 0.664677 -0.999972 0.00137198 0.00963703 55.8479
0.0130192 -0.0203455 0.999726 30.0787 0.00125988 0.999799 0.0203305 0.681619 -0.999932 0.000995502 0.0130409 55.8586
0.0161854 -0.0211713 0.999666 30.8221 0.00184913 0.99978 0.021144 0.695978 -0.999888 0.00150669 0.0162193 55.87
0.0188924 -0.0216165 0.999606 31.5632 0.00202685 0.999771 0.0215816 0.707789 -0.999837 0.0016191 0.0189305 55.8845
0.0224555 -0.0214974 0.999538 32.3086 0.00109657 0.999774 0.0214782 0.724383 -0.999768 0.000614179 0.0224723 55.9053
0.0253884 -0.0216073 0.999463 33.0568 0.000663967 0.999772 0.021597 0.744532 -0.999695 0.000116043 0.0253956 55.9313
0.0275681 -0.022347 0.999392 33.8032 0.00171629 0.999755 0.0223082 0.752334 -0.99964 0.00110064 0.027598 55.9528
0.0309227 -0.0226824 0.999284 34.5502 0.00101174 0.999748 0.0226616 0.776724 -0.99954 0.000311077 0.0309364 55.9826
0.0326583 -0.0227295 0.999231 35.3367 0.000952608 0.999747 0.0227106 0.794896 -0.999489 0.000210592 0.0326697 56.0208
0.0391366 -0.022723 0.998996 36.069 0.000895176 0.999748 0.0227051 0.817571 -0.999253 6.61663e-06 0.0391453 56.0305
0.0408043 -0.023159 0.998923 36.8227 0.000713954 0.999738 0.0231492 0.829787 -0.999191 -0.000231009 0.040808 56.0686
0.0436162 -0.0200909 0.998867 37.5767 0.000853348 0.999804 0.0200726 0.839182 -0.999068 -2.22001e-05 0.0436229 56.1086
0.0477615 -0.0198358 0.998686 38.3421 0.00128147 0.999809 0.0197972 0.858694 -0.998882 0.000334582 0.0477756 56.1454
0.0508349 -0.0196476 0.998534 39.1103 -0.000114759 0.999812 0.0196787 0.877973 -0.998727 -0.00111406 0.0508212 56.1931
0.0531453 -0.0188974 0.998433 39.8833 -0.00379932 0.999815 0.0191263 0.923424 -0.998605 -0.00480939 0.0530614 56.2496
0.0570758 -0.0196104 0.998198 40.6648 -0.00287057 0.999805 0.0198063 0.924642 -0.998387 -0.00399491 0.0570065 56.2986
0.0609007 -0.0194784 0.997979 41.4485 -0.00326881 0.999805 0.0197141 0.940718 -0.998164 -0.00446231 0.0608229 56.3488
0.0639388 -0.0194316 0.997786 42.2395 -0.00426579 0.999801 0.0197443 0.960465 -0.997966 -0.00551782 0.0638413 56.4082
0.0688103 -0.01997 0.997455 43.0339 -0.00318974 0.999795 0.0202376 0.975509 -0.99765 -0.0045737 0.0687302 56.4692
0.07362 -0.020078 0.997106 43.8308 -0.0027128 0.999795 0.0203326 0.985065 -0.997304 -0.00420089 0.0735485 56.5285
0.0776678 -0.0173924 0.996853 44.6273 -0.00384817 0.99984 0.017745 1.00253 -0.996998 -0.00521381 0.077586 56.5997
0.0844255 -0.0106146 0.996395 45.4244 -0.00579369 0.999926 0.0111433 1.00873 -0.996435 -0.00671262 0.0843559 56.677
0.0916233 -0.006198 0.9958 46.2231 -0.0051372 0.99997 0.00669735 1.01815 -0.995806 -0.00572879 0.0915861 56.75
0.098212 -0.00661444 0.995165 47.0241 -0.00534334 0.999965 0.00717391 1.02771 -0.995174 -0.00602108 0.0981711 56.8439
0.106531 -0.00817026 0.994302 47.8368 -0.0054185 0.999952 0.00879802 1.03128 -0.994321 -0.00632443 0.106479 56.9396
0.114202 -0.00900304 0.993439 48.6502 -0.00534735 0.999944 0.00967697 1.0321 -0.993466 -0.00641634 0.114145 57.0379
0.120996 -0.0102206 0.992627 49.4651 -0.00538681 0.999931 0.0109533 1.03832 -0.992665 -0.00667189 0.12093 57.1421
0.129739 -0.014559 0.991463 50.2819 -0.00537422 0.999872 0.0153861 1.05833 -0.991557 -0.00732338 0.129641 57.2573
0.137173 -0.021028 0.990351 51.0914 -0.00565732 0.999748 0.022012 1.08329 -0.990558 -0.00862169 0.137016 57.3827
0.143952 -0.0225487 0.98935 51.8987 -0.00564428 0.99971 0.0236064 1.0971 -0.989593 -0.00898124 0.14378 57.5087
0.152098 -0.0223921 0.988139 52.6888 -0.00591607 0.99971 0.0235658 1.11195 -0.988375 -0.00942975 0.151919 57.6296
0.157909 -0.0208676 0.987256 53.4771 -0.00591097 0.999743 0.0220772 1.11303 -0.987461 -0.00932061 0.157742 57.7619
0.162047 -0.0209406 0.986589 54.2553 -0.00566901 0.999744 0.022152 1.13107 -0.986795 -0.00918217 0.161884 57.8956
0.167964 -0.0210366 0.985592 55.0329 -0.00529723 0.999743 0.0222417 1.1492 -0.985804 -0.00895546 0.167807 58.0347
0.173335 -0.0221033 0.984644 55.8023 -0.00511772 0.99972 0.0233437 1.16754 -0.984878 -0.00908494 0.173171 58.1788
0.177774 -0.0241577 0.983799 56.5602 -0.00418993 0.999675 0.025305 1.16659 -0.984088 -0.00861931 0.177612 58.3178
0.183059 -0.0300823 0.982671 57.3203 -0.00203275 0.999524 0.030978 1.19081 -0.983129 -0.00766789 0.182907 58.4604
0.186377 -0.0366421 0.98182 58.0733 0.000186441 0.99931 0.0372599 1.2164 -0.982504 -0.00676 0.186253 58.6052
0.188892 -0.0387384 0.981263 58.802 -0.000129397 0.999227 0.0394737 1.25186 -0.982027 -0.00758272 0.188738 58.7578
0.19283 -0.0400429 0.98044 59.5366 -0.00064332 0.999167 0.0409346 1.27003 -0.981259 -0.00852283 0.192641 58.9062
0.194255 -0.0402912 0.980153 60.2477 -0.00129729 0.999151 0.0413305 1.30222 -0.980979 -0.00929966 0.194034 59.0532
0.196779 -0.0404378 0.979639 60.9619 -0.00178272 0.999138 0.0416011 1.33311 -0.980473 -0.00993133 0.196534 59.2076
0.198396 -0.0357569 0.9795 61.6554 -0.00282896 0.999316 0.0370546 1.35917 -0.980148 -0.010122 0.198156 59.3585
0.199907 -0.0306469 0.979361 62.3342 -0.00424152 0.99948 0.0321426 1.38715 -0.979833 -0.0105782 0.19967 59.5068
0.202441 -0.0304789 0.978851 63.018 -0.00348605 0.999493 0.0318438 1.40521 -0.979319 -0.00985835 0.202228 59.6543
0.204077 -0.0305096 0.978505 63.6859 -0.00398779 0.999486 0.0319958 1.43903 -0.978975 -0.0104304 0.203848 59.8009
0.20422 -0.0316854 0.978443 64.3478 -0.00407772 0.999446 0.0332178 1.45814 -0.978947 -0.010773 0.203974 59.9423
0.205668 -0.0323115 0.978114 64.9986 -0.00504836 0.999413 0.0340769 1.47996 -0.978637 -0.0119451 0.205381 60.0832
0.205518 -0.0327976 0.978135 65.6433 -0.00619799 0.999381 0.0348135 1.49442 -0.978665 -0.0132167 0.205185 60.2203
0.203822 -0.0330943 0.978475 66.2771 -0.00676782 0.999363 0.0352109 1.51312 -0.979013 -0.0137976 0.203465 60.3554
0.202771 -0.0330619 0.978699 66.897 -0.00764321 0.999352 0.0353443 1.53188 -0.979227 -0.0146467 0.202384 60.4874
0.199696 -0.0332192 0.979321 67.5128 -0.00845763 0.999336 0.035623 1.5469 -0.97985 -0.0153952 0.19928 60.6197
0.198853 -0.0275645 0.979674 68.116 -0.0107857 0.99949 0.0303125 1.54768 -0.980003 -0.0165938 0.19845 60.7479
0.196636 -0.0273454 0.980122 68.7082 -0.0103519 0.999504 0.0299633 1.56195 -0.980451 -0.0160367 0.196252 60.8661
0.193773 -0.0280299 0.980678 69.2992 -0.0103667 0.999485 0.0306172 1.58396 -0.981025 -0.0160988 0.193379 60.9871
0.192453 -0.0292945 0.980896 69.8776 -0.0105582 0.999441 0.0319203 1.59995 -0.981279 -0.0164983 0.192033 61.102
0.19016 -0.0311317 0.981291 70.446 -0.0103768 0.999385 0.0337179 1.61099 -0.981732 -0.016594 0.189717 61.215
0.187554 -0.0327576 0.981736 71.0076 -0.00986253 0.999337 0.0352296 1.61242 -0.982235 -0.0162886 0.187103 61.322
0.186112 -0.0311772 0.982066 71.5492 -0.00642848 0.999444 0.0329484 1.62913 -0.982541 -0.0124449 0.185804 61.4204
0.183645 -0.031585 0.982514 72.095 -0.00498058 0.999448 0.0330608 1.63938 -0.983011 -0.0109637 0.183383 61.518
0.181364 -0.0316094 0.98294 72.635 -0.00491942 0.999449 0.0330493 1.66348 -0.983438 -0.0108292 0.181105 61.6162
0.180843 -0.0319096 0.983024 73.1725 -0.00475054 0.99944 0.0333168 1.68085 -0.983532 -0.0106936 0.180587 61.7148
0.179602 -0.0324376 0.983236 73.721 -0.00378405 0.999433 0.0336644 1.69833 -0.983766 -0.00976654 0.179374 61.8127
0.179093 -0.0341132 0.983271 74.2707 -0.00185661 0.999392 0.0350111 1.69739 -0.983862 -0.00809425 0.178918 61.9067
0.181922 -0.0353364 0.982711 74.813 0.00114316 0.999369 0.0357251 1.70588 -0.983347 -0.00537539 0.181844 62.0042
0.183822 -0.0362515 0.982321 75.3664 0.00381401 0.999345 0.0361665 1.71864 -0.982984 -0.00290001 0.183837 62.105
0.186982 -0.0366441 0.981714 75.9217 0.0039925 0.999331 0.0365427 1.74454 -0.98239 -0.00291283 0.187 62.2187
0.192856 -0.0374296 0.980544 76.4715 0.0043278 0.999302 0.037295 1.76179 -0.98125 -0.00294745 0.192881 62.3332
0.199517 -0.0382125 0.979184 77.0314 0.00599046 0.999275 0.0377774 1.77658 -0.979912 -0.00167092 0.199597 62.4453
0.207062 -0.0386897 0.977594 77.5959 0.00641495 0.999257 0.0381889 1.79833 -0.97834 -0.00163471 0.207153 62.5725
0.215633 -0.0394884 0.97571 78.1694 0.00743307 0.999227 0.0387989 1.8201 -0.976482 -0.00111316 0.215756 62.7081
0.225326 -0.0404248 0.973476 78.7453 0.00751226 0.999189 0.0397543 1.83769 -0.974288 -0.00164311 0.225443 62.8531
0.234987 -0.0411776 0.971161 79.3278 0.00781772 0.999158 0.0404744 1.85314 -0.972004 -0.00191796 0.235106 63.005
0.245324 -0.0413079 0.968592 79.9095 0.00755638 0.99915 0.0406978 1.88333 -0.969445 -0.00266363 0.245425 63.1667
0.254784 -0.0396611 0.96622 80.5067 0.00562638 0.999211 0.0395331 1.91111 -0.967018 -0.00463536 0.254802 63.3347
0.266573 -0.0387809 0.963067 81.1094 0.00483102 0.99924 0.0389008 1.94721 -0.963837 -0.00571568 0.266554 63.5146
0.277359 -0.0386536 0.960024 81.7245 0.00465195 0.999241 0.0388901 1.96487 -0.960792 -0.00631991 0.277324 63.7026
0.287503 -0.0388035 0.957026 82.3418 0.00446483 0.999231 0.0391738 1.99084 -0.957805 -0.00698805 0.287451 63.8993
0.297412 -0.0388873 0.953994 82.972 0.00468149 0.999226 0.0392732 2.01097 -0.954776 -0.00721355 0.297359 64.1071
0.30715 -0.0391179 0.95089 83.6081 0.00423485 0.99921 0.0397381 2.04277 -0.951687 -0.00817715 0.307069 64.3289
0.320808 -0.0430369 0.946203 84.2522 0.00596363 0.999047 0.0434203 2.07739 -0.947164 -0.00828603 0.320754 64.5636
0.329476 -0.0508193 0.94283 84.9159 0.00934952 0.998686 0.0505631 2.09356 -0.944154 -0.00784285 0.329513 64.8087
0.341156 -0.0549542 0.938437 85.5964 0.0120021 0.998471 0.0541083 2.12643 -0.939969 -0.00719537 0.341289 65.0529
0.351516 -0.0565475 0.934507 86.2763 0.0132362 0.998383 0.0554343 2.17019 -0.936125 -0.00711529 0.351691 65.3149
0.359517 -0.0588874 0.931317 86.974 0.0169835 0.998264 0.0565661 2.2055 -0.933025 -0.00451874 0.359887 65.5829
0.367766 -0.0622781 0.927865 87.6684 0.0240853 0.998067 0.0574439 2.25513 -0.929644 0.00122352 0.36855 65.8535
0.37509 -0.0733667 0.92412 88.3886 0.0378183 0.997255 0.0638247 2.31558 -0.926258 0.0110092 0.376829 66.1167
0.380939 -0.0777104 0.921364 89.1128 0.0423381 0.996891 0.0665762 2.33898 -0.923667 0.0136488 0.38304 66.4209
0.388394 -0.0782321 0.918206 89.8164 0.0436044 0.996845 0.0664897 2.39018 -0.920502 0.0142142 0.390574 66.7215
0.394725 -0.0741096 0.915842 90.5345 0.0452781 0.997109 0.0611713 2.44141 -0.917721 0.0173232 0.396934 67.0283
0.402423 -0.0696059 0.912844 91.2353 0.048004 0.997349 0.054889 2.49153 -0.914236 0.021732 0.404692 67.3314
0.408286 -0.0693327 0.910254 91.949 0.0470753 0.997394 0.054855 2.53293 -0.911679 0.0204553 0.41048 67.6518
0.413135 -0.0680156 0.908167 92.6505 0.0416478 0.997589 0.0557682 2.56569 -0.90976 0.0147839 0.414964 67.9904
0.41853 -0.0654084 0.905882 93.3406 0.0377814 0.997803 0.0545903 2.61306 -0.907457 0.0113792 0.420076 68.3234
0.422892 -0.0653277 0.903863 94.026 0.0373062 0.997821 0.0546656 2.63348 -0.905456 0.0106027 0.4244 68.6478
0.426884 -0.0653525 0.901979 94.7034 0.0373195 0.997818 0.0546344 2.67941 -0.903576 0.0103402 0.428386 68.9807
0.430995 -0.0645029 0.900088 95.365 0.0367786 0.997882 0.0539019 2.72562 -0.901649 0.00987309 0.432447 69.3068
0.435021 -0.0658734 0.898045 96.0213 0.0375515 0.997789 0.0549999 2.76934 -0.899677 0.00979822 0.436527 69.632
0.438756 -0.068006 0.896071 96.6824 0.0387336 0.997651 0.0567512 2.80491 -0.897816 0.00980884 0.440351 69.9565
0.442785 -0.0691048 0.893999 97.3194 0.0393147 0.997573 0.0576392 2.8471 -0.895807 0.00962694 0.444421 70.2718
0.445685 -0.0699533 0.892494 97.9504 0.0396651 0.997521 0.0583792 2.88561 -0.894356 0.00938282 0.447346 70.5927
0.449992 -0.0698126 0.890339 98.5636 0.0393149 0.997532 0.0583477 2.91983 -0.892209 0.00874901 0.45162 70.911
0.452742 -0.0701838 0.888918 99.175 0.0396204 0.997511 0.0585798 2.94997 -0.890808 0.00869852 0.454386 71.2229
0.45464 -0.0711845 0.887867 99.7791 0.040618 0.997432 0.0591706 2.98798 -0.889791 0.00916349 0.456357 71.5313
0.455983 -0.071616 0.887146 100.374 0.0409583 0.997404 0.0594662 3.01665 -0.889092 0.00922112 0.457724 71.8412
0.458269 -0.0717151 0.885956 100.95 0.0407321 0.997397 0.0596673 3.05954 -0.887923 0.00874463 0.459991 72.1437
0.460503 -0.0725759 0.88473 101.524 0.041497 0.997336 0.0602156 3.08921 -0.886734 0.00898482 0.46228 72.4438
0.462755 -0.0730875 0.883509 102.087 0.0415471 0.997298 0.0607402 3.12599 -0.885556 0.00860082 0.464535 72.7455
0.46598 -0.0745237 0.881695 102.637 0.0425275 0.997195 0.0618117 3.15596 -0.88382 0.00869387 0.467834 73.0366
0.469122 -0.0749096 0.879992 103.183 0.0432615 0.997159 0.0618214 3.18475 -0.882118 0.00906929 0.471023 73.3289
0.471442 -0.075533 0.878701 103.724 0.0439484 0.997113 0.062134 3.21388 -0.88085 0.00932563 0.473391 73.6162
0.475115 -0.0761249 0.876667 104.241 0.0440237 0.99707 0.0627217 3.243 -0.878867 0.00879539 0.477068 73.8999
0.477775 -0.0766867 0.875173 104.761 0.0451864 0.997023 0.0626972 3.27241 -0.877368 0.00959144 0.479809 74.1861
0.480712 -0.0773308 0.873505 105.274 0.0455441 0.996972 0.0631978 3.30267 -0.875741 0.00940433 0.482772 74.4725
0.484451 -0.0780039 0.871378 105.771 0.0461319 0.996922 0.0635966 3.33181 -0.87365 0.00938956 0.48655 74.7548
0.487954 -0.0780723 0.869413 106.273 0.0459685 0.996919 0.063723 3.36706 -0.871704 0.00887297 0.490033 75.0409
0.492477 -0.0788278 0.866794 106.764 0.0470393 0.996858 0.0639321 3.39589 -0.869102 0.00928906 0.494629 75.3234
0.497387 -0.0786919 0.863996 107.251 0.0467194 0.996873 0.0638993 3.43399 -0.866316 0.00858397 0.499501 75.6161
0.50342 -0.073013 0.860997 107.738 0.0448549 0.997301 0.0583472 3.46753 -0.862927 0.00924747 0.505327 75.9081
0.509579 -0.0658541 0.857944 108.222 0.0408272 0.997805 0.0523407 3.49481 -0.859502 0.00835691 0.511142 76.2108
0.517227 -0.0599423 0.853793 108.7 0.0383587 0.998179 0.0468435 3.51313 -0.85504 0.00852235 0.518574 76.5187
0.523398 -0.0546479 0.850379 109.194 0.03685 0.99847 0.0414846 3.52556 -0.851339 0.0096246 0.524603 76.8243
0.52943 -0.0552847 0.846598 109.673 0.0363278 0.99845 0.0424848 3.54131 -0.847628 0.00826296 0.530608 77.1374
0.535534 -0.0562396 0.842684 110.166 0.0306417 0.99843 0.0471612 3.5579 -0.844006 0.000566023 0.536408 77.4672
0.541339 -0.0575786 0.838879 110.673 0.0303206 0.998354 0.0489603 3.57945 -0.840311 -0.00106793 0.542184 77.8043
0.54818 -0.0591328 0.834314 111.164 0.0247488 0.998221 0.0544892 3.59194 -0.836045 -0.00922025 0.548658 78.1443
0.554226 -0.0601106 0.830242 111.67 0.0251076 0.998157 0.0555092 3.61688 -0.832042 -0.00991829 0.554703 78.4942
0.560549 -0.0594523 0.826031 112.181 0.0244632 0.998186 0.0552423 3.65394 -0.827811 -0.0107574 0.560978 78.8555
0.567508 -0.0549902 0.821579 112.694 0.0209573 0.998423 0.0523523 3.69103 -0.823155 -0.0124913 0.567755 79.2271
0.573798 -0.0553349 0.817173 113.214 0.0217706 0.998406 0.0523206 3.7235 -0.818759 -0.0122297 0.574079 79.6072
0.579321 -0.0554196 0.813263 113.741 0.0226022 0.998409 0.0519376 3.75749 -0.814842 -0.0117062 0.579641 79.995
0.586262 -0.0560445 0.80823 114.273 0.0238387 0.998379 0.0519383 3.79711 -0.809824 -0.0111808 0.586638 80.3987
0.593051 -0.056557 0.803227 114.819 0.0249696 0.998356 0.0518625 3.84021 -0.804834 -0.0106999 0.593478 80.8195
0.599305 -0.0578021 0.798481 115.378 0.0254873 0.998276 0.0531356 3.87625 -0.800169 -0.0114918 0.599734 81.2533
0.607541 -0.0597584 0.792089 115.946 0.0267431 0.998153 0.0547946 3.91735 -0.793895 -0.0121059 0.608007 81.6986
0.615031 -0.0602898 0.786245 116.517 0.0273336 0.998118 0.055155 3.95677 -0.788084 -0.0124296 0.615511 82.1542
0.622322 -0.0607737 0.780451 117.093 0.0285789 0.998095 0.0549353 4.01287 -0.782297 -0.0118819 0.622863 82.6289
0.63063 -0.0606581 0.773761 117.671 0.0283068 0.998089 0.0551736 4.05248 -0.775623 -0.0128899 0.631132 83.1192
0.637487 -0.0610139 0.768095 118.254 0.0292448 0.998071 0.0550125 4.10061 -0.769965 -0.0126059 0.638032 83.6166
0.642135 -0.0619021 0.764142 118.846 0.0302671 0.998019 0.0554139 4.14032 -0.766051 -0.0124534 0.642726 84.1225
0.646233 -0.0626883 0.760616 119.45 0.0313493 0.997974 0.0556182 4.1841 -0.762556 -0.0120964 0.646878 84.6439
0.649094 -0.0632913 0.758124 120.063 0.0320623 0.997938 0.0558608 4.22074 -0.760089 -0.0119503 0.649775 85.1705
0.65235 -0.0657692 0.755114 120.683 0.036098 0.997808 0.0557244 4.26051 -0.757118 -0.0090927 0.653283 85.6995
0.655007 -0.0700954 0.752419 121.313 0.0419571 0.99754 0.0564059 4.30981 -0.754515 -0.00537559 0.656326 86.2426
0.657571 -0.0749887 0.749707 121.937 0.0479184 0.997196 0.0577166 4.36701 -0.751927 -0.00202705 0.65931 86.7931
0.660499 -0.0748548 0.747142 122.575 0.0485138 0.997208 0.0570209 4.41273 -0.749317 -0.00141426 0.662276 87.3487
0.664096 -0.0757446 0.743857 123.209 0.0499794 0.99714 0.0569179 4.47029 -0.746036 -0.000620411 0.665973 87.922
0.665802 -0.0763203 0.742272 123.834 0.050863 0.997097 0.0568987 4.50965 -0.744453 -0.000127818 0.667741 88.4949
0.672016 -0.0704007 0.73724 124.476 0.0456402 0.99753 0.0536565 4.5664 -0.739191 -0.00240927 0.673559 89.0746
0.67557 -0.0672669 0.734278 125.102 0.0400021 0.99772 0.0545971 4.61241 -0.73627 -0.00751005 0.676712 89.6774
0.678519 -0.0695026 0.731346 125.745 0.0396985 0.997543 0.057972 4.65451 -0.733573 -0.0103007 0.6796 90.2823
0.682688 -0.0726548 0.727149 126.382 0.0380956 0.997244 0.063876 4.71757 -0.729779 -0.0159046 0.683565 90.8918
0.685751 -0.0780703 0.723697 127.019 0.0399888 0.996785 0.0696408 4.76492 -0.726801 -0.0188152 0.686658 91.5064
0.690726 -0.0791709 0.718831 127.671 0.0404669 0.996677 0.070888 4.81894 -0.722048 -0.0198737 0.691624 92.132
0.693854 -0.0816844 0.715528 128.317 0.0455655 0.99655 0.069583 4.86552 -0.718737 -0.0156759 0.695172 92.7587
0.698239 -0.0847283 0.710895 128.962 0.0567752 0.996412 0.0629937 4.91388 -0.713675 -0.003622 0.700535 93.3689
0.702067 -0.0832331 0.707292 129.609 0.0610574 0.99654 0.0566676 4.96324 -0.709555 0.003402 0.704709 94.0068
0.708528 -0.0813499 0.701043 130.243 0.0624698 0.996679 0.0525195 5.00649 -0.70298 0.00658387 0.711246 94.6587
0.714067 -0.0847364 0.694995 130.882 0.0649146 0.996401 0.0547919 5.05934 -0.69713 0.00599133 0.716987 95.3146
0.719304 -0.0899321 0.688916 131.519 0.068742 0.995948 0.0582388 5.08798 -0.691355 0.00546759 0.72256 95.9784
0.723945 -0.0921134 0.683746 132.171 0.0725214 0.99573 0.0573618 5.14427 -0.686105 0.00806045 0.727524 96.6632
0.729094 -0.0900633 0.678528 132.785 0.0752503 0.995858 0.0513256 5.18284 -0.680334 0.0136397 0.73284 97.3289
0.732177 -0.0894183 0.675286 133.406 0.0758106 0.995898 0.0496784 5.24327 -0.676954 0.0148215 0.735942 98.0132
0.735592 -0.0914048 0.671298 134.025 0.0777897 0.995713 0.0503378 5.28625 -0.673014 0.0151933 0.739538 98.6924
0.737621 -0.0973918 0.668221 134.65 0.0821393 0.99515 0.0543744 5.32738 -0.670271 0.0147807 0.742033 99.3802
0.738307 -0.100293 0.667036 135.279 0.0844441 0.994862 0.0561176 5.37056 -0.66923 0.0148966 0.742971 100.077
0.739431 -0.103819 0.665247 135.9 0.0874916 0.994492 0.0579571 5.41567 -0.667595 0.0153494 0.744432 100.775
0.739536 -0.105893 0.664804 136.523 0.088883 0.994278 0.0594993 5.4675 -0.667295 0.0150892 0.744705 101.475
0.738589 -0.106626 0.665739 137.142 0.0892794 0.994201 0.0601882 5.52742 -0.668291 0.0149836 0.743815 102.182
0.738853 -0.106396 0.665483 137.756 0.0885029 0.99424 0.0606977 5.58059 -0.668101 0.0140519 0.744002 102.881
0.7375 -0.104943 0.667213 138.371 0.0869233 0.994401 0.0603291 5.64078 -0.669804 0.0135049 0.742483 103.58
0.73639 -0.103271 0.668697 138.989 0.0852508 0.994583 0.0597185 5.70252 -0.671235 0.0130322 0.741195 104.278
0.734688 -0.10193 0.670774 139.607 0.0838284 0.994727 0.0593454 5.76697 -0.673281 0.0126307 0.739347 104.978
0.732669 -0.101038 0.673112 140.227 0.0818958 0.994837 0.0601891 5.81874 -0.675711 0.0110277 0.73715 105.676
0.729749 -0.101743 0.676174 140.862 0.0808826 0.994784 0.0623961 5.86843 -0.678989 0.00915851 0.73416 106.379
0.728436 -0.102897 0.677411 141.489 0.079442 0.994689 0.0656651 5.92277 -0.680563 0.00598351 0.732731 107.065
0.72538 -0.10507 0.680353 142.119 0.0809631 0.99446 0.067262 5.97477 -0.683645 0.00629431 0.729857 107.746
0.723462 -0.102345 0.682805 142.74 0.0802592 0.994729 0.0640616 6.0113 -0.685754 0.00845671 0.727852 108.407
0.717268 -0.0935978 0.690552 143.365 0.07645 0.995541 0.0555322 6.08184 -0.692665 0.0129624 0.721214 109.085
0.716269 -0.0884491 0.692264 143.992 0.074514 0.995974 0.0501561 6.13197 -0.693904 0.0156594 0.719966 109.74
0.712353 -0.0916508 0.695881 144.621 0.0748468 0.995718 0.0545262 6.17793 -0.697893 0.0132437 0.716151 110.402
0.708627 -0.0949458 0.699234 145.248 0.0724581 0.995474 0.0617402 6.22475 -0.701923 0.00691585 0.712289 111.064
0.705029 -0.0974927 0.702514 145.879 0.071497 0.995246 0.0663678 6.2757 -0.705639 0.00343769 0.708636 111.719
0.702262 -0.0975409 0.705274 146.507 0.0709065 0.995244 0.0670414 6.32956 -0.708449 0.00292932 0.705828 112.352
0.699074 -0.0987073 0.708272 147.141 0.0715978 0.995127 0.0680201 6.38034 -0.711529 0.00316072 0.702723 112.992
0.694758 -0.0991935 0.71244 147.789 0.0731525 0.99507 0.067208 6.42842 -0.715584 0.00542498 0.698579 113.623
0.69171 -0.0990599 0.715417 148.423 0.0746171 0.995065 0.0656402 6.47033 -0.718383 0.00797946 0.695676 114.243
0.687824 -0.0990303 0.719159 149.064 0.0750009 0.99506 0.0652904 6.52136 -0.722061 0.00903061 0.691844 114.868
0.683048 -0.0991038 0.723686 149.709 0.0745697 0.995053 0.0658866 6.58517 -0.726629 0.00896241 0.687047 115.489
0.67979 -0.0990338 0.726757 150.355 0.0735417 0.995069 0.0668077 6.65118 -0.729778 0.00803315 0.683711 116.105
0.674806 -0.0994456 0.731331 151.017 0.0731259 0.99503 0.0678321 6.7041 -0.734435 0.00770687 0.678713 116.722
0.668828 -0.0989558 0.73687 151.669 0.0716488 0.995085 0.0686001 6.77365 -0.740025 0.00691568 0.672621 117.331
0.664209 -0.0942409 0.74165 152.328 0.0688804 0.995533 0.064817 6.82789 -0.744439 0.00803408 0.667722 117.943
0.658526 -0.0893799 0.747298 152.994 0.0661394 0.995971 0.0608402 6.88117 -0.749713 0.00936252 0.661775 118.546
0.651335 -0.0884653 0.753682 153.668 0.0645945 0.996056 0.0610952 6.93501 -0.756107 0.00889119 0.65447 119.14
0.645487 -0.0937083 0.758067 154.368 0.0632691 0.995612 0.0692 6.98784 -0.761213 0.00329619 0.648574 119.739
0.639294 -0.0978283 0.76278 155.061 0.0570004 0.99519 0.0798663 7.06286 -0.766917 -0.00757809 0.641786 120.353
0.631218 -0.102274 0.768899 155.772 0.0561089 0.99471 0.0862485 7.11557 -0.773639 -0.0112976 0.633608 120.949
0.625263 -0.102384 0.773734 156.483 0.053219 0.994659 0.0886145 7.20384 -0.778667 -0.0142289 0.627363 121.539
0.617277 -0.101928 0.78018 157.206 0.052372 0.994714 0.0885206 7.27966 -0.785066 -0.0137802 0.619343 122.125
0.60921 -0.102542 0.786416 157.938 0.0558613 0.994707 0.0864315 7.34554 -0.791108 -0.00872369 0.611704 122.693
0.603876 -0.0958746 0.791357 158.669 0.05523 0.995405 0.0784508 7.42726 -0.795228 -0.00366592 0.606387 123.261
0.595979 -0.0944116 0.797495 159.413 0.0582557 0.995548 0.0743262 7.49927 -0.800953 0.00216252 0.598817 123.829
0.588296 -0.0988391 0.802648 160.182 0.0599041 0.995121 0.0786348 7.58083 -0.80649 0.00182325 0.591337 124.398
0.581278 -0.103074 0.807215 160.944 0.062417 0.994688 0.0820698 7.65853 -0.811377 0.00267935 0.584614 124.945
0.574136 -0.103735 0.812227 161.695 0.0614203 0.994623 0.083615 7.73297 -0.816518 0.00188278 0.57741 125.482
0.567355 -0.103948 0.81695 162.443 0.0608185 0.994599 0.0843184 7.81284 -0.821293 0.00184787 0.570604 126.017
0.560938 -0.104658 0.821281 163.193 0.0608334 0.994526 0.0851864 7.88949 -0.825685 0.00217885 0.564225 126.533
0.555194 -0.111358 0.824298 163.948 0.065269 0.993793 0.0902976 7.95136 -0.829225 0.00366901 0.559006 127.029
0.549765 -0.112185 0.827816 164.695 0.063855 0.993705 0.0922599 8.02407 -0.83294 0.0021407 0.553459 127.536
0.546476 -0.112441 0.829957 165.43 0.063176 0.993676 0.0930269 8.10665 -0.835157 0.00159713 0.550115 128.026
0.541784 -0.112621 0.833003 166.158 0.0625238 0.993657 0.0936772 8.18362 -0.838254 0.00133157 0.545379 128.509
0.536933 -0.112449 0.836162 166.891 0.0619768 0.993676 0.0938379 8.26034 -0.841413 0.00143857 0.540498 128.984
0.534481 -0.108472 0.838255 167.601 0.0622248 0.99411 0.0889653 8.34912 -0.842952 0.00461171 0.538073 129.442
