1 0 0 0 0 1 0 0 0 0 1 0
1 -2.65443e-05 -0.000117292 -0.00534284 2.6532e-05 1 0.000923909 -0.00718237 0.000117283 -0.000924027 0.999999 1.30839
1 -0.000223664 0.000549723 -0.0105363 0.000222861 0.999999 0.00129545 -0.00643422 -0.000550011 -0.0012953 0.999999 2.6
1 -0.000148785 -0.000671579 -0.012442 0.000150198 0.999998 0.00229649 -0.0141044 0.000671184 -0.00229666 0.999997 3.92062
1 -2.85981e-05 0.000813656 -0.0126722 2.65516e-05 0.999997 0.00247472 -0.00805184 -0.000813766 -0.00247464 0.999996 5.22127
1 2.1395e-05 7.52765e-06 -0.0163 -2.15746e-05 0.999995 0.00331348 -0.00432703 -7.48315e-06 -0.00331355 0.999995 6.54578
1 -5.11497e-05 0.000113847 -0.018355 5.0668e-05 0.999991 0.00424155 -0.0102919 -0.000114078 -0.00424153 0.999991 7.87177
1 0.000176057 0.000853063 -0.0254784 -0.000180229 0.999989 0.0046899 -0.00358973 -0.000852274 -0.0046901 0.999989 9.19208
1 0.000491732 -0.000547639 -0.0302771 -0.000488972 0.999987 0.0051659 -0.0023098 0.00055009 -0.00516559 0.999987 10.5222
1 0.000866847 0.000831567 -0.0375595 -0.000871999 0.999982 0.00599779 0.00945432 -0.000826321 -0.00599859 0.999982 11.8447
1 0.00101588 0.000230348 -0.0412904 -0.00101743 0.999979 0.00648078 0.0177236 -0.000223712 -0.00648101 0.999979 13.1835
1 0.000983891 6.73038e-05 -0.0511048 -0.000984569 0.999972 0.00740946 0.0201091 -6.00016e-05 -0.00740957 0.999974 14.5205
1 0.0010924 0.00116398 -0.0608511 -0.00110194 0.999967 0.00815051 0.0279511 -0.00115496 -0.00815178 0.999966 15.8545
1 0.000309956 0.000833157 -0.0575785 -0.000318317 0.999952 0.00975794 0.0348491 -0.000829972 -0.00975819 0.999953 17.207
0.999993 -0.00347657 0.00210292 -0.0555453 0.00345001 0.999917 0.0124624 0.045347 -0.00214602 -0.012455 0.99992 18.5527
0.999996 -0.00363083 0.000272249 -0.04773 0.00362666 0.999905 0.0133859 0.0651894 -0.00032069 -0.0133847 0.999912 19.9034
0.999993 -0.00373637 0.00196677 -0.0432397 0.00370717 0.999888 0.0145726 0.0928559 -0.00202095 -0.0145652 0.999893 21.2426
0.999995 -0.00365871 0.00153173 -0.0395214 0.00363458 0.999877 0.0153511 0.137155 -0.0015875 -0.0153451 0.999884 22.6056
0.999993 -0.00355443 0.002481 -0.0440143 0.00351309 0.99986 0.0164159 0.167148 -0.00253904 -0.0164071 0.999863 23.9609
0.999985 -0.0035913 0.00491928 -0.0505722 0.00349247 0.999797 0.0199065 0.177415 -0.00498961 -0.0198885 0.999794 25.3135
0.999988 -0.00397109 0.00382546 -0.0462389 0.00388832 0.999765 0.0213719 0.194424 -0.00390936 -0.0213569 0.999766 26.6922
0.999983 -0.00385368 0.00511753 -0.0479409 0.00373628 0.999737 0.022714 0.198063 -0.00520363 -0.0226939 0.999733 28.038
0.999993 -0.00255649 0.00380529 -0.0558712 0.00247209 0.999756 0.0219783 0.212708 -0.00386046 -0.0219689 0.999753 29.4284
0.999984 -0.00171689 0.00605754 -0.055962 0.00158186 0.999754 0.0221907 0.220286 -0.0060941 -0.0221802 0.99974 30.7887
0.999985 0.00118746 0.00580268 -0.0608422 -0.00130215 0.999805 0.0197743 0.249818 -0.00577793 -0.0197816 0.99979 32.1816
0.999984 0.00128104 0.00618709 -0.0597623 -0.00141038 0.999782 0.020908 0.259295 -0.00615886 -0.0209158 0.999768 33.5627
0.999973 0.0014797 0.00757644 -0.0600665 -0.0016438 0.999765 0.0216799 0.280205 -0.00754246 -0.0216918 0.999738 34.9276
0.999986 0.00145624 0.00591689 -0.0566069 -0.001595 0.999725 0.0234737 0.303249 -0.00588117 -0.0234823 0.999712 36.3276
0.999972 0.00221841 0.0076233 -0.0633991 -0.00240718 0.999691 0.0248179 0.326756 -0.00756585 -0.0248356 0.999665 37.707
0.999981 0.00351482 0.00601988 -0.0588935 -0.00366501 0.999681 0.0250853 0.348847 -0.00592986 -0.0251063 0.999673 39.109
0.999975 0.00436887 0.00616942 -0.061123 -0.00452545 0.999664 0.0255648 0.366582 -0.00605562 -0.0255922 0.999657 40.5083
0.999963 0.00509771 0.00769358 -0.0653728 -0.00530025 0.999637 0.0265106 0.392339 -0.00755578 -0.0265498 0.999625 41.9039
0.999971 0.00528238 0.00604334 -0.0652212 -0.00544354 0.999624 0.0269293 0.421702 -0.00589881 -0.0269615 0.999621 43.3046
0.999969 0.00501136 0.00706252 -0.0629691 -0.00519952 0.999628 0.0268572 0.447368 -0.00692532 -0.0268924 0.999621 44.719
0.999975 0.00538883 0.00527802 -0.0634675 -0.00553122 0.999614 0.027291 0.47172 -0.00512902 -0.0273196 0.999616 46.1203
0.999973 0.0055989 0.00605353 -0.0573861 -0.00576716 0.99959 0.0281179 0.497239 -0.00589361 -0.0281513 0.999594 47.526
0.999979 0.00616667 0.00341869 -0.0592448 -0.00626257 0.99957 0.0287019 0.525164 -0.0032403 -0.0287229 0.999585 48.9499
0.999981 0.00687194 0.00231758 -0.0631932 -0.00693581 0.999566 0.0286961 0.548906 -0.00211931 -0.0287108 0.999593 50.371
0.999974 0.00721789 0.00298536 -0.0662327 -0.00730355 0.999536 0.0296216 0.576125 -0.00277027 -0.0296428 0.99956 51.7759
0.999979 0.00766272 0.000708922 -0.0693381 -0.00768104 0.9995 0.0307355 0.605951 -0.000473024 -0.0307395 0.999536 53.2062
0.999987 0.00571153 0.00124072 -0.0665259 -0.00574888 0.999468 0.0321456 0.638998 -0.00105654 -0.0321526 0.999486 54.6331
0.999992 0.00575922 -0.000356035 -0.0659128 -0.00574484 0.999459 0.0324368 0.671221 0.00054268 -0.0324338 0.999483 56.0608
0.999992 0.00506366 -0.000603151 -0.0751476 -0.00504172 0.999455 0.0326728 0.709348 0.000768229 -0.0326697 0.999469 57.4836
0.999994 0.00540487 0.00135466 -0.0764322 -0.00544648 0.999451 0.0327493 0.740683 -0.00117692 -0.0327556 0.999473 58.8869
0.99999 0.00562346 0.00048135 -0.0769849 -0.00563679 0.999442 0.0329795 0.772024 -0.000295637 -0.0329821 0.99946 60.3149
0.999989 0.00584902 0.00255175 -0.0782465 -0.00593039 0.999438 0.033055 0.808884 -0.002357 -0.0330688 0.99946 61.7159
0.999988 0.00560338 0.00180015 -0.0790914 -0.00566006 0.999445 0.0328741 0.841852 -0.00161484 -0.0328842 0.999462 63.1401
0.999992 0.00546272 0.00207998 -0.0770123 -0.00552712 0.999468 0.0321964 0.870695 -0.00190309 -0.0322068 0.99949 64.5557
0.999981 0.00585787 0.00396566 -0.0826145 -0.00598092 0.999484 0.0316226 0.895935 -0.00377824 -0.0316461 0.999497 65.963
0.999979 0.00678508 0.00368904 -0.0814292 -0.00689809 0.999483 0.031477 0.924399 -0.00347352 -0.0315011 0.999508 67.3724
0.999956 0.00817977 0.00593177 -0.08707 -0.00836402 0.999466 0.0316394 0.942014 -0.00566969 -0.031688 0.999487 68.7743
0.999926 0.0116228 0.00563646 -0.0883027 -0.0118059 0.999368 0.0335953 0.967919 -0.00524235 -0.0336587 0.999429 70.1841
0.999853 0.0158142 0.00754368 -0.0929134 -0.0160711 0.999252 0.0352163 0.991935 -0.006981 -0.0353327 0.999356 71.5897
0.999747 0.0217364 0.00717211 -0.0904121 -0.0219741 0.999151 0.0349187 1.04361 -0.00640695 -0.0350667 0.999375 72.9991
0.999746 0.0214496 0.00772006 -0.0874995 -0.0217075 0.999154 0.0349434 1.05842 -0.00696385 -0.0351023 0.999365 74.3995
0.999731 0.0219029 0.00876696 -0.0883923 -0.0221959 0.999149 0.0348436 1.08432 -0.00799622 -0.0350281 0.999364 75.7763
0.999734 0.0217674 0.00840622 -0.078922 -0.0220473 0.999155 0.0347083 1.11597 -0.00764336 -0.0348846 0.999368 77.1809
0.999733 0.0215317 0.00944257 -0.0784474 -0.0218445 0.999173 0.0343688 1.1462 -0.00869454 -0.0345651 0.999374 78.5442
0.999731 0.0217868 0.00873367 -0.0680269 -0.0220725 0.999179 0.0339878 1.18461 -0.00798579 -0.0341717 0.99939 79.9439
0.99974 0.0217211 0.00814077 -0.0534591 -0.0219843 0.999189 0.0337673 1.21992 -0.00740059 -0.0339368 0.999406 81.3323
0.999741 0.021581 0.00810218 -0.0425388 -0.0218413 0.999204 0.0334344 1.25394 -0.00737391 -0.0336029 0.999415 82.687
0.999755 0.0214184 0.00722202 -0.0323253 -0.0216453 0.999223 0.032965 1.286 -0.00651006 -0.0331125 0.99944 84.0843
0.999727 0.0223382 0.00779903 -0.0334473 -0.022584 0.999206 0.0328615 1.32434 -0.00705846 -0.0330288 0.999436 85.4373
0.999738 0.0226541 0.00570466 -0.0274667 -0.0228302 0.999197 0.0329535 1.36459 -0.00495322 -0.0330742 0.999451 86.817
0.999723 0.0233551 0.00471995 -0.0277246 -0.0235043 0.999138 0.0342791 1.40383 -0.00391496 -0.0343807 0.999408 88.1845
0.999761 0.0219784 0.00414573 -0.0306801 -0.0221084 0.999164 0.0344428 1.4358 -0.00338494 -0.0345253 0.999409 89.5212
0.999756 0.0222713 0.00293836 -0.0281293 -0.0223618 0.999134 0.0351495 1.47863 -0.00215266 -0.0352067 0.999385 90.9037
0.999766 0.0219869 0.00313322 -0.0345721 -0.0220839 0.999135 0.0352808 1.52072 -0.00235445 -0.0353406 0.999384 92.2384
0.999766 0.0219342 0.00210136 -0.036349 -0.0219964 0.999116 0.0358643 1.56182 -0.00131246 -0.0359022 0.999362 93.6126
0.999796 0.0207162 0.00229789 -0.0432538 -0.020785 0.999149 0.0356736 1.58996 -0.00155643 -0.0357129 0.999373 94.9457
0.99979 0.0208828 0.00145352 -0.0463273 -0.0209223 0.999152 0.0354984 1.62781 -0.000710523 -0.0355214 0.999376 96.3024
0.999787 0.0212181 0.00177837 -0.0515766 -0.0212673 0.999164 0.0349673 1.66417 -0.00103447 -0.0349965 0.999399 97.6532
0.999767 0.0217284 0.00347153 -0.0592828 -0.0218358 0.999174 0.0343164 1.69922 -0.00272251 -0.0343842 0.999413 98.9925
0.999778 0.0214582 0.003448 -0.0590561 -0.0215661 0.999154 0.0350903 1.7245 -0.00269163 -0.0351556 0.999391 100.353
0.999765 0.0215672 0.00483131 -0.0642255 -0.0217261 0.999137 0.0354546 1.76069 -0.004062 -0.0355513 0.999368 101.682
0.999773 0.0213612 0.00496094 -0.066426 -0.0215255 0.999128 0.0358527 1.79287 -0.00419015 -0.0359502 0.999358 103.047
0.99976 0.0217002 0.00527136 -0.0682371 -0.0218711 0.999162 0.0346559 1.82333 -0.00451443 -0.0347628 0.999394 104.38
0.999761 0.0216891 0.00618861 -0.0712953 -0.0218874 0.999184 0.0339997 1.86243 -0.00544535 -0.0341258 0.999416 105.686
0.999768 0.0209746 0.00661501 -0.0672012 -0.0211945 0.999166 0.0349737 1.90014 -0.00587555 -0.0351057 0.999375 107.042
0.999827 0.0179215 0.00777198 -0.0626015 -0.018191 0.999186 0.0361092 1.9258 -0.00711764 -0.036243 0.999331 108.345
0.99985 0.0155302 0.00898179 -0.0535866 -0.0158525 0.999196 0.0369036 1.95003 -0.00840089 -0.0370403 0.999288 109.704
0.999867 0.0143546 0.00987783 -0.0470675 -0.0147122 0.999206 0.0371266 1.97308 -0.00933613 -0.0372655 0.999275 111.031
0.999821 0.0160142 0.0111824 -0.0439541 -0.0164024 0.999241 0.0354523 2.01062 -0.0106055 -0.0356292 0.999319 112.325
0.999778 0.0184508 0.0118832 -0.040585 -0.0188563 0.999215 0.0349626 2.0407 -0.0112279 -0.0351776 0.999331 113.668
0.999687 0.0210723 0.0144043 -0.0439021 -0.0215647 0.999163 0.0348765 2.07657 -0.0136567 -0.0351759 0.999299 114.974
0.999654 0.0225493 0.0149241 -0.0319118 -0.0230851 0.999062 0.0367583 2.11295 -0.0140804 -0.0370886 0.999226 116.319
0.99959 0.0234135 0.0172893 -0.0232091 -0.024074 0.998954 0.039003 2.15791 -0.0163573 -0.0394028 0.999102 117.628
0.9996 0.0232666 0.017259 -0.00646142 -0.0239448 0.998909 0.0401909 2.19451 -0.0163042 -0.0405866 0.999056 118.976
0.999552 0.0239341 0.0187181 0.00802419 -0.0246642 0.99891 0.0397717 2.24074 -0.0177451 -0.0402151 0.999046 120.308
0.999471 0.0257345 0.0208463 0.0224419 -0.026545 0.998868 0.0395854 2.28294 -0.0198031 -0.0401165 0.999013 121.611
0.999404 0.0278314 0.0210792 0.0359135 -0.0286423 0.998828 0.0391791 2.32206 -0.0199634 -0.0397591 0.999023 122.962
0.999405 0.0269602 0.0223996 0.0531023 -0.0278246 0.998848 0.0392221 2.35158 -0.0213153 -0.0398207 0.998993 124.258
0.999423 0.0254829 0.023105 0.071423 -0.0263654 0.998909 0.038714 2.37771 -0.0220926 -0.0393004 0.998996 125.621
0.999406 0.0253074 0.0242415 0.0954194 -0.0262303 0.998918 0.0385439 2.41687 -0.0232387 -0.0391555 0.998977 126.95
0.999313 0.0257418 0.0272179 0.123984 -0.0268236 0.99884 0.040139 2.45584 -0.0261523 -0.040841 0.998837 128.271
0.999322 0.0257816 0.0270406 0.147936 -0.026861 0.998829 0.0403454 2.50673 -0.0259678 -0.0410429 0.998833 129.633
0.999299 0.0252331 0.0282237 0.174786 -0.0263748 0.998824 0.040822 2.5409 -0.0271598 -0.0415371 0.998781 130.945
0.999279 0.0257927 0.0285708 0.208705 -0.0269456 0.998812 0.0407279 2.59135 -0.0274854 -0.041467 0.998775 132.321
0.999354 0.0226507 0.0285244 0.238883 -0.0238333 0.998848 0.0418065 2.61983 -0.0275439 -0.0424585 0.998732 133.66
0.999442 0.0198012 0.0277362 0.269542 -0.0209683 0.998886 0.0424317 2.64715 -0.026864 -0.042988 0.998728 134.952
0.999503 0.0196336 0.0253825 0.293661 -0.0206963 0.998898 0.0422854 2.69344 -0.0245238 -0.0427889 0.998798 136.297
0.999598 0.016518 0.0240689 0.323468 -0.0175627 0.998891 0.0438537 2.72312 -0.0233168 -0.0442571 0.998763 137.602
0.999651 0.0158458 0.0220269 0.342444 -0.0168081 0.998888 0.044182 2.76782 -0.0213019 -0.0445359 0.998795 138.958
0.999673 0.0164218 0.0208535 0.36106 -0.017325 0.998894 0.0438832 2.82362 -0.0201089 -0.0442284 0.998835 140.261
0.999697 0.0175141 0.0183827 0.370534 -0.0183054 0.998881 0.043756 2.878 -0.0175954 -0.0440784 0.998888 141.619
0.99971 0.0180032 0.0174776 0.38918 -0.018741 0.998907 0.0429928 2.92908 -0.0166835 -0.0433061 0.998938 142.96
0.999712 0.01799 0.017079 0.413591 -0.0186947 0.998949 0.0420102 2.97132 -0.016305 -0.0423164 0.998987 144.254
0.999849 0.0110855 0.0151127 0.432541 -0.0117132 0.999053 0.0420783 2.9931 -0.0146311 -0.0422471 0.999016 145.617
0.999898 0.00380662 0.0151741 0.460271 -0.00447988 0.999005 0.044527 3.0329 -0.0149893 -0.0445895 0.998909 146.953
0.999931 0.000393386 0.0137168 0.485053 -0.00101416 0.998983 0.0452301 3.09043 -0.0136842 -0.0452392 0.998899 148.342
0.999937 -0.00258333 0.0126917 0.501703 0.0020234 0.999043 0.0438449 3.12904 -0.0127926 -0.0438155 0.998975 149.679
0.999928 -0.000565216 0.0139493 0.518399 -1.98888e-05 0.999131 0.0418552 3.17057 -0.01396 -0.0418507 0.999043 151.022
0.999932 0.000419306 0.013368 0.523672 -0.000959658 0.999192 0.0403542 3.22457 -0.0133399 -0.0403634 0.999114 152.377
0.999915 0.000487718 0.0149372 0.534493 -0.0010971 0.999175 0.0407663 3.26342 -0.0149041 -0.0407775 0.999074 153.722
0.999913 -0.00177573 0.0145719 0.559587 0.00117589 0.999165 0.0409889 3.30373 -0.0146321 -0.0409674 0.999071 155.055
0.999885 -0.00729886 0.0152213 0.587534 0.00663225 0.999046 0.0433388 3.34304 -0.0155221 -0.043231 0.998963 156.405
0.999823 -0.0114472 0.0162737 0.608895 0.0107066 0.998944 0.0448138 3.38152 -0.0167692 -0.0446308 0.998881 157.731
0.99983 -0.0121329 0.0156506 0.630377 0.0114304 0.998965 0.0441726 3.44071 -0.0161692 -0.0439843 0.998919 159.077
0.999789 -0.0108516 0.0186515 0.646981 0.0100246 0.998997 0.043807 3.49073 -0.0191076 -0.0436099 0.998884 160.403
0.999827 -0.00712572 0.0186266 0.659987 0.00629257 0.999002 0.0443689 3.53149 -0.018923 -0.0442423 0.99886 161.757
0.999812 -0.00530896 0.0198469 0.672107 0.00444096 0.999052 0.0434652 3.56124 -0.0200585 -0.0433679 0.998876 163.068
0.99984 -0.00340619 0.0190139 0.687173 0.0025754 0.999057 0.0435052 3.60137 -0.0191431 -0.0434477 0.998891 164.429
0.999824 -0.00316514 0.0197123 0.702637 0.00230034 0.99905 0.0436792 3.64274 -0.0198314 -0.0436253 0.99887 165.787
0.999823 -0.00273677 0.0199833 0.718266 0.00187079 0.999073 0.0431822 3.6776 -0.0200822 -0.0431356 0.998886 167.108
0.999852 -0.00137101 0.0184974 0.734566 0.000594734 0.999131 0.0418392 3.72165 -0.0185383 -0.0418212 0.998972 168.484
0.999847 0.000822782 0.0189632 0.743465 -0.00158119 0.999207 0.039971 3.75394 -0.0189145 -0.0399932 0.99904 169.811
0.999853 0.00289565 0.0182741 0.746899 -0.00361682 0.99922 0.0394948 3.78817 -0.0181452 -0.0395543 0.999072 171.2
0.999833 0.006581 0.0185699 0.756504 -0.00733352 0.999152 0.0407054 3.83554 -0.0182855 -0.0408331 0.999018 172.567
0.999779 0.0100499 0.019724 0.77417 -0.010886 0.999036 0.0427004 3.88159 -0.0192755 -0.0429049 0.998913 173.924
0.999816 0.00800972 0.018936 0.79216 -0.00883977 0.998994 0.0441265 3.92201 -0.0185628 -0.044284 0.998866 175.305
0.999836 0.00429195 0.0189526 0.820583 -0.00515329 0.998955 0.0455695 3.96766 -0.0187369 -0.0456589 0.998801 176.674
0.999885 0.00544978 0.0160053 0.852246 -0.00615817 0.998997 0.044496 4.03178 -0.015746 -0.0445875 0.998901 178.056
0.999885 0.00493708 0.0160271 0.861749 -0.00557262 0.999201 0.0397748 4.08166 -0.0158174 -0.0398588 0.999101 179.419
0.999923 0.0068928 0.0128035 0.882306 -0.00737649 0.999257 0.0380362 4.12585 -0.0125309 -0.0381259 0.999215 180.809
0.999935 0.00530407 0.0124128 0.890667 -0.0057352 0.999383 0.0348627 4.14718 -0.0122199 -0.034931 0.999336 182.195
0.999912 0.00906288 0.0122962 0.901714 -0.00950444 0.999306 0.0362509 4.17826 -0.0119582 -0.0363629 0.999289 183.549
0.999896 0.011458 0.01134 0.911727 -0.0118916 0.999182 0.0388522 4.22203 -0.0108852 -0.0389824 0.999202 184.95
0.999864 0.01301 0.0126975 0.91242 -0.0135219 0.999075 0.0410091 4.2745 -0.0121514 -0.0411734 0.9991 186.33
0.999836 0.0147821 0.0127141 0.924785 -0.0153048 0.999008 0.041979 4.32758 -0.0120807 -0.0421659 0.999059 187.761
0.999835 0.0147803 0.0130233 0.939644 -0.0153214 0.998991 0.0423938 4.3809 -0.0123827 -0.0425846 0.999038 189.161
0.999875 0.0108844 0.0136465 0.95086 -0.011468 0.999001 0.0433745 4.41534 -0.0131605 -0.0435248 0.998987 190.53
0.999907 0.00700415 0.0140002 0.974335 -0.00761472 0.999012 0.0439546 4.45417 -0.0136776 -0.0440554 0.998958 191.961
0.999911 0.0032125 0.0149295 0.991215 -0.00388617 0.998976 0.0452454 4.49781 -0.0147684 -0.0452986 0.998886 193.346
0.999923 -0.00116241 0.0145725 1.01098 0.000473714 0.998899 0.0470807 4.54227 -0.0146103 -0.0470684 0.998808 194.778
0.999898 -0.0039555 0.0155954 1.03025 0.00320088 0.998848 0.0480416 4.58318 -0.0157669 -0.0479859 0.998746 196.162
0.999923 -0.00156609 0.0145064 1.04454 0.00091669 0.999015 0.0445687 4.63882 -0.0145609 -0.0445503 0.998925 197.59
0.999896 0.00598196 0.0151118 1.04876 -0.00656624 0.999232 0.0388497 4.69157 -0.0148672 -0.0389442 0.999153 199.01
0.99974 0.016099 0.0179373 1.04812 -0.0167879 0.999112 0.0388807 4.73667 -0.0172943 -0.0391701 0.999108 200.408
0.999728 0.0178444 0.0168193 1.04414 -0.0185449 0.998937 0.0424142 4.75183 -0.016044 -0.0427138 0.998981 201.864
0.999683 0.0187129 0.0185776 1.05464 -0.0195281 0.998821 0.0446566 4.78882 -0.0177189 -0.0450035 0.998855 203.28
0.999733 0.0177834 0.0166799 1.07833 -0.0185447 0.998749 0.0466185 4.8439 -0.0158296 -0.0469145 0.998796 204.728
0.999754 0.0177647 0.0153984 1.09819 -0.0184583 0.998778 0.0460582 4.9075 -0.0145603 -0.0463293 0.998846 206.166
0.999811 0.0141241 0.0155254 1.12357 -0.0148353 0.998811 0.0466453 4.94376 -0.0148477 -0.046866 0.998814 207.575
0.999788 0.0168232 0.0142708 1.13935 -0.0174812 0.998742 0.0472199 5.02675 -0.0134573 -0.0474576 0.998809 209.044
0.999778 0.0177548 0.0138295 1.14703 -0.0183962 0.998704 0.0476751 5.08509 -0.0129646 -0.0479182 0.99879 210.451
0.999708 0.0216671 0.0133098 1.15895 -0.0222892 0.998589 0.0484271 5.15623 -0.0122406 -0.0487077 0.998765 211.941
0.999734 0.020349 0.0134891 1.1734 -0.0209774 0.998629 0.0481784 5.21258 -0.0124898 -0.0484477 0.998771 213.406
0.999705 0.0208388 0.0148259 1.18557 -0.0215625 0.998509 0.0503664 5.28156 -0.0137531 -0.0506692 0.998648 214.845
0.999711 0.0216015 0.013235 1.19554 -0.0222389 0.99851 0.0500526 5.34419 -0.0121337 -0.0503316 0.998683 216.337
0.999666 0.0226891 0.0147552 1.21086 -0.0233901 0.998528 0.0491426 5.40426 -0.0136174 -0.0494693 0.998712 217.779
0.999651 0.0249113 0.0119242 1.2158 -0.0254676 0.998486 0.0490039 5.46582 -0.0106851 -0.0492895 0.998753 219.262
0.999611 0.0261296 0.0127642 1.22499 -0.0267195 0.998482 0.0483802 5.52675 -0.0114796 -0.0487003 0.998777 220.716
0.999588 0.0278885 0.0106512 1.23303 -0.0283728 0.998439 0.0483765 5.58131 -0.0092852 -0.0486577 0.998799 222.2
0.999562 0.0289488 0.010292 1.2397 -0.0294157 0.998403 0.048452 5.63565 -0.00887188 -0.0487313 0.998802 223.684
0.999523 0.0300093 0.0109791 1.24144 -0.0305052 0.998386 0.048181 5.69476 -0.00951525 -0.0484919 0.998805 225.159
0.999547 0.0293815 0.0105424 1.2561 -0.0298544 0.99842 0.0478356 5.75413 -0.00911915 -0.0481264 0.998829 226.649
0.999551 0.0292039 0.0105803 1.25917 -0.029679 0.998424 0.0479137 5.81276 -0.00916416 -0.0482052 0.998822 228.106
0.999538 0.0298065 0.0101475 1.27691 -0.0302582 0.998417 0.0476471 5.88063 -0.00871015 -0.0479299 0.998842 229.603
0.999531 0.0299853 0.0102797 1.27937 -0.0304446 0.998402 0.0478824 5.93939 -0.00882714 -0.048172 0.998827 231.096
0.999506 0.0302703 0.0118977 1.27844 -0.030801 0.998421 0.0472188 6.01036 -0.0104485 -0.0475598 0.998844 232.591
0.999508 0.0306415 0.0106833 1.29384 -0.0311102 0.998428 0.0468857 6.07078 -0.00922959 -0.047194 0.99887 234.091
0.999498 0.0307862 0.0112802 1.2961 -0.031279 0.998444 0.0464103 6.12801 -0.0098327 -0.0467377 0.99889 235.583
0.999513 0.030785 0.00979219 1.30887 -0.0312067 0.998452 0.0463029 6.18941 -0.00835129 -0.0465848 0.998907 237.086
0.999533 0.0298791 0.0106377 1.3116 -0.0303464 0.998456 0.0467786 6.24412 -0.00922243 -0.0470774 0.99888 238.589
0.999514 0.0295882 0.0128586 1.31993 -0.0301587 0.998466 0.0466979 6.29768 -0.0114568 -0.047062 0.998854 240.094
0.99952 0.029725 0.0121919 1.33589 -0.0302575 0.998494 0.0460255 6.35528 -0.0108044 -0.0463702 0.998896 241.615
0.999492 0.0298651 0.013904 1.34087 -0.0304649 0.998528 0.0451358 6.41574 -0.0125352 -0.0455355 0.998912 243.125
0.999486 0.0303851 0.0133243 1.35491 -0.0309588 0.998514 0.0451287 6.47262 -0.0119322 -0.0455159 0.998923 244.637
0.999483 0.030308 0.0136465 1.36933 -0.0308987 0.998504 0.0453761 6.5287 -0.0122504 -0.0457733 0.998905 246.163
0.999471 0.0302146 0.0147927 1.37911 -0.0308648 0.998484 0.0458378 6.58121 -0.0133843 -0.046268 0.99887 247.674
0.999486 0.0303391 0.0133234 1.40032 -0.0309134 0.99851 0.0452384 6.64319 -0.0119307 -0.0456261 0.998915 249.206
0.999494 0.0294299 0.0148522 1.40372 -0.0300964 0.998464 0.0467875 6.69505 -0.0134514 -0.0472089 0.998825 250.719
0.999517 0.0292098 0.0135804 1.42706 -0.0298197 0.998457 0.0471037 6.75651 -0.0121834 -0.0474851 0.998826 252.254
0.999499 0.0290668 0.0152467 1.43395 -0.029757 0.998459 0.0471283 6.82322 -0.0138523 -0.0475563 0.998804 253.769
0.999528 0.0289058 0.0133968 1.45186 -0.029506 0.998472 0.0469872 6.8815 -0.012018 -0.0473595 0.998834 255.316
0.999539 0.0285048 0.0135855 1.46883 -0.0291179 0.998473 0.0472166 6.94898 -0.012218 -0.0475884 0.998825 256.843
0.999515 0.0286458 0.0149354 1.48596 -0.029318 0.998482 0.0469028 7.01359 -0.013569 -0.047317 0.998817 258.362
0.999519 0.0296079 0.0127329 1.51152 -0.0301687 0.998486 0.046287 7.07647 -0.0113423 -0.0466468 0.998881 259.885
0.999478 0.0305538 0.0135358 1.52663 -0.0311494 0.998459 0.0462112 7.13086 -0.012103 -0.0466078 0.998869 261.408
0.999477 0.0309383 0.0129227 1.55616 -0.0315108 0.998427 0.04666 7.18963 -0.0114579 -0.0470407 0.998861 262.94
0.99947 0.0309692 0.013204 1.57661 -0.0315526 0.998431 0.0465296 7.2587 -0.0117422 -0.0469206 0.998859 264.48
0.999454 0.0309966 0.0145233 1.58373 -0.0316353 0.998456 0.0459489 7.3197 -0.0130757 -0.0463812 0.998873 266.016
0.999454 0.031191 0.0139485 1.60678 -0.0317954 0.998474 0.04544 7.3793 -0.0125097 -0.0458577 0.998901 267.536
0.999388 0.0322272 0.0162392 1.61495 -0.0329348 0.998443 0.0452998 7.43935 -0.0147532 -0.0458049 0.998876 269.072
0.99933 0.0341326 0.0158049 1.63659 -0.0348169 0.998381 0.0452691 7.48769 -0.014234 -0.045788 0.998881 270.611
0.999285 0.0350212 0.0168087 1.65256 -0.0357445 0.998371 0.0447916 7.54346 -0.0152117 -0.0453583 0.99889 272.146
0.999185 0.036056 0.0201286 1.66474 -0.0369274 0.998329 0.044747 7.59516 -0.0184813 -0.0454528 0.998827 273.675
0.999194 0.0362099 0.0194647 1.69306 -0.0370478 0.998335 0.0445068 7.65319 -0.0178198 -0.0451901 0.998855 275.212
0.999103 0.036752 0.0228096 1.70923 -0.0377315 0.998327 0.0441167 7.70748 -0.0211497 -0.0449367 0.998797 276.737
0.999123 0.0366942 0.0220801 1.73942 -0.0376459 0.998322 0.0443031 7.76248 -0.0204165 -0.0450935 0.99881 278.277
0.999095 0.0368934 0.0229264 1.76997 -0.0378893 0.998298 0.0446418 7.81813 -0.02124 -0.045469 0.998772 279.815
0.99902 0.0365508 0.0265466 1.80258 -0.0377271 0.998279 0.0452085 7.87744 -0.0248475 -0.0461638 0.998661 281.34
0.999064 0.0367793 0.0244462 1.83478 -0.0378543 0.99828 0.0450749 7.93679 -0.0227459 -0.0459572 0.998717 282.886
0.998977 0.0368213 0.0277704 1.87573 -0.0380273 0.998313 0.0441848 7.99498 -0.0260956 -0.0451936 0.998674 284.408
0.999057 0.0368215 0.0247083 1.90154 -0.0378791 0.998336 0.0437966 8.05789 -0.0230539 -0.0446903 0.998767 285.958
0.999081 0.03665 0.0240044 1.93423 -0.0376924 0.998313 0.0444674 8.11955 -0.0223331 -0.0453292 0.998759 287.502
0.999064 0.0357651 0.0259666 1.97114 -0.0369021 0.998332 0.0447157 8.1735 -0.0243233 -0.0456311 0.998695 289.033
0.99912 0.0363627 0.0228116 2.00536 -0.03736 0.998307 0.0448904 8.2316 -0.0211395 -0.0457011 0.998769 290.594
0.999054 0.03637 0.0255333 2.0394 -0.0374776 0.998328 0.0443286 8.28829 -0.0238777 -0.0452427 0.998724 292.129
0.999105 0.0368825 0.0226419 2.06904 -0.0378898 0.998248 0.0457495 8.35073 -0.0209138 -0.0465644 0.998734 293.697
0.99913 0.0366588 0.0219009 2.09502 -0.0376329 0.998253 0.0458522 8.4052 -0.0201811 -0.0466354 0.998741 295.259
0.999069 0.0369556 0.0240781 2.13179 -0.0380566 0.998186 0.0469562 8.46556 -0.022298 -0.0478269 0.998644 296.81
0.999064 0.0381778 0.022286 2.1645 -0.0392186 0.998077 0.0482921 8.52563 -0.0203988 -0.0491198 0.998618 298.387
0.99898 0.0385453 0.0252371 2.1927 -0.0397292 0.998062 0.0481846 8.591 -0.0233298 -0.0491361 0.998557 299.957
0.998966 0.0392636 0.0246893 2.22852 -0.0404173 0.998038 0.0480999 8.65099 -0.0227517 -0.0490469 0.998571 301.544
0.998966 0.0389898 0.0250821 2.26337 -0.0401661 0.998044 0.0482024 8.71428 -0.0231525 -0.0491581 0.99856 303.128
0.998961 0.0383885 0.0262407 2.28951 -0.0396011 0.998106 0.0473581 8.78068 -0.0243724 -0.0483467 0.998567 304.708
0.998955 0.0388448 0.0257548 2.33471 -0.0400203 0.998118 0.0467786 8.84497 -0.023888 -0.0477584 0.998611 306.31
0.998939 0.0386238 0.0267505 2.37138 -0.039833 0.99815 0.0462408 8.90615 -0.0249143 -0.047256 0.998606 307.911
0.998987 0.0393779 0.0236346 2.41957 -0.0404505 0.998103 0.0467234 8.95988 -0.0217487 -0.0476301 0.998666 309.512
0.999012 0.0399528 0.0215692 2.44943 -0.0409341 0.998063 0.0471424 9.0278 -0.0196434 -0.0479775 0.99869 311.116
0.998964 0.040256 0.0231457 2.47207 -0.0413727 0.99791 0.0499386 9.10523 -0.0210858 -0.0508424 0.998521 312.733
0.999034 0.0391589 0.0220344 2.51389 -0.0403031 0.997736 0.0541182 9.17412 -0.0198646 -0.0549525 0.998326 314.362
0.999004 0.0388455 0.0238394 2.53406 -0.0400868 0.997752 0.0539643 9.26239 -0.0216883 -0.054864 0.998295 315.969
0.999032 0.0384041 0.0233598 2.57245 -0.0396364 0.997726 0.054786 9.33351 -0.021202 -0.0556575 0.99826 317.605
0.999001 0.0381252 0.0251253 2.59943 -0.0394504 0.997749 0.0545015 9.4173 -0.0229895 -0.0554359 0.998236 319.214
0.999034 0.0379931 0.0239544 2.64241 -0.0392633 0.99773 0.0549829 9.49833 -0.0218103 -0.055869 0.998235 320.84
0.999022 0.037865 0.0246567 2.68035 -0.0391827 0.997715 0.0553047 9.57757 -0.022505 -0.0562144 0.998204 322.463
0.998944 0.0382606 0.0271002 2.70705 -0.0397166 0.997689 0.0553875 9.66544 -0.0249176 -0.0564039 0.998133 324.071
0.99895 0.0386987 0.026269 2.7502 -0.040115 0.997658 0.0556792 9.74516 -0.0240514 -0.0566721 0.998142 325.691
0.998868 0.0388318 0.0290222 2.78453 -0.040454 0.997537 0.0575598 9.82376 -0.0267148 -0.0586672 0.997956 327.3
0.998908 0.0387517 0.0277349 2.83727 -0.0403183 0.997499 0.0583088 9.91461 -0.0254046 -0.0593608 0.997952 328.918
0.998907 0.0389153 0.027531 2.87929 -0.0404786 0.997469 0.0586991 10.0027 -0.0251762 -0.0597478 0.997932 330.526
0.998885 0.038042 0.0295392 2.914 -0.0397997 0.997337 0.0613537 10.109 -0.0271251 -0.0624583 0.997718 332.133
0.998912 0.0387478 0.0276133 2.95909 -0.0403797 0.997323 0.0612075 10.2141 -0.025167 -0.0622542 0.99778 333.745
0.998831 0.0396309 0.0292953 2.99088 -0.0414192 0.997158 0.0631547 10.299 -0.0267076 -0.0642914 0.997614 335.341
0.998859 0.0404184 0.0271303 3.03699 -0.0420784 0.997098 0.0636808 10.3937 -0.0244771 -0.0647479 0.997639 336.952
0.998878 0.0405651 0.0262681 3.07341 -0.0422215 0.996948 0.0658778 10.4807 -0.023514 -0.06691 0.997522 338.563
0.998849 0.0408056 0.0269269 3.10178 -0.0425514 0.996807 0.0677944 10.5829 -0.0240739 -0.0688603 0.997373 340.155
0.998908 0.0409007 0.0245725 3.1421 -0.0425016 0.996755 0.0685616 10.6829 -0.021687 -0.0695279 0.997385 341.761
0.998904 0.0410701 0.0243523 3.17018 -0.0426662 0.996711 0.0691015 10.784 -0.0214336 -0.070063 0.997349 343.345
0.998976 0.0407319 0.0219551 3.20808 -0.0421664 0.996714 0.069358 10.8904 -0.0190564 -0.0702096 0.997391 344.954
0.999021 0.0400898 0.0209914 3.23962 -0.0414669 0.996707 0.0698795 10.9896 -0.0181203 -0.0706797 0.997372 346.547
0.999015 0.0398796 0.0216982 3.26425 -0.0413217 0.996662 0.0706058 11.0955 -0.0188084 -0.0714297 0.997308 348.112
0.999038 0.0398005 0.020758 3.29992 -0.0411844 0.99663 0.0711342 11.2014 -0.0178564 -0.0719187 0.997289 349.714
0.999008 0.0397996 0.0221893 3.32367 -0.0412868 0.996627 0.0711145 11.3153 -0.0192826 -0.0719569 0.997262 351.286
0.999021 0.0397331 0.0216996 3.3561 -0.0411911 0.996606 0.0714602 11.4221 -0.0187861 -0.072282 0.997245 352.892
0.999017 0.0397683 0.0218151 3.38508 -0.0412342 0.996608 0.0714006 11.5307 -0.0189 -0.0722268 0.997249 354.476
0.998987 0.0399183 0.022926 3.40697 -0.041466 0.99659 0.0715241 11.6462 -0.0199921 -0.0724002 0.997214 356.042
0.998995 0.0400256 0.0223432 3.43985 -0.0415412 0.996551 0.0720245 11.7556 -0.0193818 -0.0728771 0.997193 357.64
0.998967 0.0400393 0.0235704 3.47074 -0.0416502 0.996523 0.072337 11.8731 -0.0205916 -0.0732419 0.997141 359.205
0.999002 0.0399096 0.0222437 3.50426 -0.041447 0.996446 0.0735132 11.9803 -0.0192292 -0.0743586 0.997087 360.796
0.999017 0.0394501 0.0224125 3.53945 -0.0410222 0.996381 0.0746236 12.0996 -0.0193868 -0.0754676 0.996999 362.379
0.998986 0.0392719 0.0240764 3.57165 -0.0409961 0.996292 0.0758219 12.2138 -0.021008 -0.0767287 0.996872 363.952
0.998999 0.0394254 0.0232302 3.60661 -0.0410895 0.996266 0.0761161 12.3273 -0.0201419 -0.0769922 0.996868 365.551
0.998955 0.0394056 0.0251525 3.63838 -0.0412256 0.996236 0.0764343 12.4574 -0.0220443 -0.0773881 0.996799 367.132
0.998963 0.0397479 0.0242402 3.67646 -0.0415042 0.996193 0.0768336 12.581 -0.0210934 -0.0777578 0.996789 368.722
0.998906 0.0396995 0.0266078 3.70616 -0.0416785 0.996062 0.078435 12.6985 -0.0233876 -0.0794548 0.996606 370.302
0.998922 0.0398879 0.0256569 3.75087 -0.0417908 0.996054 0.0784677 12.8144 -0.0224251 -0.0794531 0.996626 371.897
0.998915 0.0397633 0.0261648 3.78779 -0.041715 0.996033 0.0787848 12.9283 -0.0229266 -0.0797874 0.99659 373.488
0.998853 0.03989 0.0282307 3.82244 -0.0420179 0.995981 0.079271 13.0488 -0.0249543 -0.080364 0.996493 375.073
0.998888 0.039892 0.027004 3.86279 -0.0419582 0.995862 0.0807931 13.1718 -0.0236675 -0.0818328 0.996409 376.678
0.998817 0.0401395 0.0291685 3.89775 -0.0423907 0.995814 0.0811456 13.289 -0.0257886 -0.0822836 0.996316 378.263
0.998797 0.0411287 0.0285101 3.93972 -0.043349 0.995691 0.0821672 13.4149 -0.025006 -0.0833006 0.996255 379.882
0.998738 0.0421864 0.0289708 3.97899 -0.0444435 0.995634 0.082256 13.5342 -0.0253736 -0.0834373 0.996231 381.484
0.998642 0.0427244 0.0314397 4.01885 -0.0451779 0.995628 0.0819402 13.6497 -0.0277995 -0.0832457 0.996186 383.078
0.998668 0.0430114 0.0301757 4.06058 -0.0453732 0.995571 0.0825048 13.7668 -0.0264928 -0.0837615 0.996175 384.696
0.998573 0.0434916 0.0325659 4.09992 -0.0460854 0.995447 0.083625 13.8805 -0.0287787 -0.0850028 0.996011 386.29
0.998586 0.0440215 0.0314206 4.14015 -0.0465404 0.995349 0.0845191 13.9901 -0.0275531 -0.0858594 0.995968 387.912
0.998536 0.0448705 0.0318296 4.18378 -0.0474293 0.995286 0.0847688 14.1029 -0.027874 -0.0861506 0.995938 389.526
0.998489 0.0447298 0.033434 4.22284 -0.0474454 0.995232 0.0853899 14.2215 -0.0294545 -0.0868447 0.995828 391.12
