%YAML:1.0
---
ell_init_first_frame: 2.0000000000000004e-01
ell_init: 1.0000000000000001e-01
ell_min: 5.0000000000000003e-02
ell_max: 9.0000000000000002e-01
dl: 0.
sigma: 1.0000000000000001e-01
sp_thres: 5.9999999999999995e-04
c: 7.
d: 7.
c_ell: 1.4999999999999999e-01
c_sigma: 5.9999999999999998e-01
s_ell: 1.0000000000000001e-01
s_sigma: 8.0000000000000004e-01
MAX_ITER: 1500.
min_step: 2.0000000000000001e-01
eps: 5.0000000000000002e-05
ell_decay_rate: 9.0000000000000002e-01
ell_decay_start: 30.
indicator_window_size: 15.
indicator_stable_threshold: 2.0000000000000000e-02
