1 0 0 0 0 1 0 0 0 0 1 0
1 -2.11199e-05 -0.000103602 -0.00457361 2.12031e-05 1 0.000802669 -0.0064131 0.000103585 -0.000802672 1 1.31102
1 -0.000169911 0.000314476 -0.00832747 0.000169581 0.999999 0.0010475 -0.00811942 -0.000314654 -0.00104745 0.999999 2.60415
1 -0.000122909 -0.000553055 -0.0128594 0.000123821 0.999999 0.00164991 -0.0172932 0.000552851 -0.00164997 0.999999 3.9281
1 -8.50788e-05 0.000790396 -0.0121811 8.35515e-05 0.999998 0.00193216 -0.0140522 -0.000790558 -0.00193209 0.999998 5.23306
1 -9.94449e-05 0.000155447 -0.0151484 9.90384e-05 0.999997 0.0026129 -0.0154698 -0.000155706 -0.00261289 0.999997 6.55859
1 -0.000373175 0.000141401 -0.0169753 0.000372678 0.999994 0.00350077 -0.0244553 -0.000142706 -0.00350071 0.999994 7.88463
1 -0.000223897 0.000874188 -0.0216916 0.000220511 0.999992 0.00387157 -0.0181834 -0.000875048 -0.00387138 0.999992 9.20183
1 0.000264633 -0.000376794 -0.0297498 -0.00026309 0.999992 0.00408787 -0.0233829 0.000377873 -0.00408777 0.999991 10.5373
0.999999 0.00117238 0.000717498 -0.0371874 -0.00117533 0.999991 0.00411704 -0.0225964 -0.000712665 -0.00411788 0.999991 11.8603
0.999998 0.00178944 4.72923e-05 -0.0445618 -0.00178963 0.99999 0.00422685 -0.0226043 -3.97281e-05 -0.00422692 0.999991 13.1998
0.999998 0.00193844 3.90147e-05 -0.0534859 -0.0019386 0.999986 0.00486471 -0.027567 -2.95842e-05 -0.00486477 0.999988 14.5368
0.999998 0.00185756 0.00124861 -0.0586443 -0.00186483 0.999981 0.00584715 -0.0295226 -0.00123772 -0.00584946 0.999982 15.8728
0.999999 0.00105072 0.000738215 -0.0587235 -0.00105623 0.999971 0.00750949 -0.0272767 -0.000730303 -0.00751026 0.999972 17.2258
0.999998 6.35844e-05 0.00195086 -0.0557341 -8.13557e-05 0.999959 0.00911057 -0.0144399 -0.0019502 -0.00911071 0.999957 18.5713
1 2.42424e-05 0.000691345 -0.0501324 -3.09671e-05 0.999953 0.00972824 -0.000193746 -0.000691076 -0.00972826 0.999952 19.9251
0.999998 -9.10299e-05 0.00194432 -0.0445405 7.10973e-05 0.999948 0.0102492 0.031342 -0.00194515 -0.010249 0.999946 21.2652
0.999998 0.000222853 0.00175769 -0.0418666 -0.000241228 0.999945 0.0104607 0.0646669 -0.00175527 -0.0104611 0.999944 22.6259
0.999996 0.000373958 0.00273079 -0.0464953 -0.000404755 0.999936 0.011286 0.0864977 -0.0027264 -0.0112871 0.999932 23.9843
0.999989 0.000184872 0.00474398 -0.0508253 -0.000255621 0.999889 0.0149171 0.0891866 -0.00474069 -0.0149181 0.999877 25.3414
0.999993 0.000124782 0.00382778 -0.0458569 -0.000187298 0.999867 0.0163362 0.0881506 -0.00382523 -0.0163368 0.999859 26.7185
0.999988 3.63801e-05 0.00492238 -0.0487341 -0.000121654 0.99985 0.0173244 0.0858139 -0.00492101 -0.0173248 0.999838 28.0706
0.999992 0.00106624 0.0038004 -0.0569236 -0.00113048 0.999856 0.0169423 0.100102 -0.00378179 -0.0169465 0.999849 29.4529
0.999983 0.00169185 0.00562707 -0.057237 -0.00178852 0.99985 0.0172192 0.0998653 -0.00559709 -0.0172289 0.999836 30.8116
0.999982 0.00312013 0.00514484 -0.065625 -0.00320375 0.999862 0.0163259 0.116438 -0.00509318 -0.0163421 0.999853 32.2043
0.999979 0.00331218 0.00550965 -0.0666973 -0.00340619 0.999847 0.0171407 0.117702 -0.00545204 -0.0171591 0.999838 33.5857
0.999971 0.00354999 0.00673032 -0.0667209 -0.00366924 0.999835 0.017789 0.130903 -0.00666606 -0.0178131 0.999819 34.9514
0.999979 0.00349605 0.00542816 -0.0629095 -0.00360234 0.999799 0.0196971 0.14776 -0.00535821 -0.0197163 0.999791 36.3539
0.999969 0.00429586 0.00667441 -0.0668655 -0.00443399 0.999773 0.0208214 0.164504 -0.00658345 -0.0208503 0.999761 37.7329
0.99997 0.00550868 0.00549127 -0.0672919 -0.00562462 0.999757 0.0213251 0.18128 -0.00537246 -0.0213554 0.999757 39.1398
0.999964 0.00640729 0.00570171 -0.0706522 -0.00653096 0.999738 0.0219424 0.195775 -0.00555962 -0.0219788 0.999743 40.5372
0.999953 0.00692972 0.00682007 -0.0722389 -0.00708343 0.999715 0.0227784 0.215594 -0.00666028 -0.0228256 0.999717 41.9293
0.999958 0.00727841 0.00554501 -0.074906 -0.00740718 0.999695 0.0235678 0.237661 -0.00537178 -0.0236079 0.999707 43.3333
0.999954 0.00719324 0.00638262 -0.0740186 -0.00734498 0.999683 0.0240783 0.254158 -0.0062074 -0.0241241 0.999689 44.7425
0.999963 0.00732693 0.0046219 -0.0752234 -0.00743736 0.999676 0.0243467 0.279321 -0.00444202 -0.0243802 0.999693 46.1497
0.999959 0.007497 0.00514921 -0.0701704 -0.00762389 0.999656 0.0250838 0.302968 -0.00495939 -0.025122 0.999672 47.5536
0.999965 0.00798156 0.00278677 -0.0733507 -0.00805122 0.999631 0.0259537 0.328558 -0.00257859 -0.0259752 0.999659 48.9808
0.999962 0.00862264 0.00164422 -0.0800252 -0.00866284 0.999618 0.0262535 0.349391 -0.00141722 -0.0262667 0.999654 50.3995
0.999958 0.00900131 0.00204471 -0.0830681 -0.00905306 0.999597 0.0268953 0.372191 -0.00180179 -0.0269127 0.999636 51.8065
0.999956 0.00941151 -0.000322787 -0.0918402 -0.00939865 0.999557 0.0282204 0.397498 0.000588236 -0.0282161 0.999601 53.2422
0.999956 0.00938169 0.000297275 -0.0962335 -0.00938637 0.999527 0.0292992 0.421271 -2.22612e-05 -0.0293007 0.99957 54.6679
0.999954 0.00950089 -0.00164657 -0.101042 -0.00944766 0.999512 0.0297751 0.451642 0.00192866 -0.0297582 0.999555 56.1038
0.999959 0.00889836 -0.00210079 -0.109233 -0.00883105 0.999507 0.0301273 0.48472 0.00236783 -0.0301075 0.999543 57.5267
0.99996 0.00894906 -0.000433283 -0.111936 -0.00893175 0.999498 0.0304008 0.513569 0.00070512 -0.0303957 0.999537 58.9398
0.999959 0.00897086 -0.00136374 -0.115164 -0.00892471 0.999488 0.0307348 0.546623 0.00163875 -0.0307213 0.999526 60.3701
0.999962 0.00875226 0.000547514 -0.119034 -0.00876486 0.999499 0.0304146 0.577849 -0.000281047 -0.0304182 0.999537 61.7846
0.999964 0.00847771 -7.80089e-05 -0.127719 -0.00847139 0.999499 0.0304836 0.606024 0.000336397 -0.0304818 0.999535 63.208
0.999967 0.00818822 0.000486818 -0.129669 -0.00819919 0.99951 0.0302076 0.629557 -0.000239237 -0.0302106 0.999543 64.6249
0.999965 0.00811662 0.00236059 -0.135798 -0.00818358 0.99952 0.029895 0.650313 -0.00211681 -0.0299133 0.99955 66.0333
0.999957 0.00916346 0.00194607 -0.14098 -0.00921816 0.9995 0.030259 0.672847 -0.00166782 -0.0302757 0.99954 67.4511
0.999935 0.0107945 0.00388302 -0.147412 -0.0109118 0.999443 0.0315526 0.689486 -0.00354026 -0.0315929 0.999494 68.8548
0.999897 0.0139313 0.00351259 -0.149304 -0.0140398 0.999356 0.0330118 0.712959 -0.00305043 -0.0330577 0.999448 70.2705
0.999842 0.0169774 0.00526381 -0.153505 -0.0171473 0.999271 0.0341198 0.734876 -0.0046807 -0.0342047 0.999404 71.6764
0.99976 0.0213277 0.00501259 -0.155715 -0.0214883 0.999172 0.0345439 0.766593 -0.0042717 -0.0346433 0.99939 73.0851
0.999702 0.0237734 0.00554239 -0.161042 -0.0239519 0.999109 0.0347463 0.796791 -0.00471141 -0.0348687 0.99938 74.4846
0.999686 0.024086 0.00702232 -0.164794 -0.0243165 0.999097 0.0348393 0.822193 -0.00617684 -0.0349991 0.999368 75.8679
0.99969 0.0240521 0.00648026 -0.158702 -0.0242655 0.999087 0.0351563 0.849154 -0.00562877 -0.0353026 0.999361 77.2719
0.999695 0.0236046 0.00728878 -0.158254 -0.0238472 0.999095 0.0352061 0.876718 -0.00645116 -0.0353691 0.999353 78.6391
0.999699 0.0236972 0.00646177 -0.153143 -0.0239097 0.999098 0.0350859 0.913519 -0.00562451 -0.0352298 0.999363 80.0363
0.99971 0.0233474 0.00599722 -0.146714 -0.0235439 0.999107 0.035092 0.947808 -0.00517256 -0.035223 0.999366 81.4247
0.999715 0.0230811 0.00613913 -0.140079 -0.0232835 0.999108 0.0352388 0.981083 -0.00532031 -0.0353717 0.99936 82.7823
0.999716 0.0232811 0.00524431 -0.138037 -0.023451 0.99911 0.0350652 1.0191 -0.00442329 -0.0351782 0.999371 84.1771
0.999704 0.0237793 0.0052175 -0.141528 -0.0239491 0.999088 0.0353502 1.05754 -0.00437214 -0.0354646 0.999361 85.5281
0.999708 0.0239358 0.00332225 -0.139199 -0.0240397 0.999067 0.0358868 1.09685 -0.00246017 -0.0359562 0.99935 86.9118
0.999702 0.0243226 0.00235405 -0.143913 -0.0243931 0.999017 0.0370065 1.13743 -0.00145165 -0.0370529 0.999312 88.2815
0.999716 0.0237671 0.00195895 -0.149181 -0.0238238 0.999015 0.0374388 1.17999 -0.00106721 -0.0374748 0.999297 89.6279
0.999726 0.0234205 0.000487416 -0.150712 -0.0234222 0.999007 0.0378949 1.22143 0.00040058 -0.0378959 0.999281 91.0079
0.999735 0.0230407 0.000599563 -0.158518 -0.0230468 0.999005 0.0381893 1.26542 0.000280938 -0.038193 0.99927 92.3498
0.999734 0.02309 -0.000324499 -0.163659 -0.0230606 0.998996 0.0384008 1.31074 0.00121084 -0.0383831 0.999262 93.7188
0.999745 0.0225831 -5.24813e-05 -0.172259 -0.0225647 0.99902 0.0380867 1.3483 0.00091254 -0.0380758 0.999274 95.0581
0.999745 0.0225839 -0.000371429 -0.179839 -0.0225534 0.999021 0.0380608 1.38427 0.00123062 -0.0380428 0.999275 96.4224
0.999735 0.0230474 -0.000183741 -0.189059 -0.0230239 0.999016 0.0379049 1.42193 0.00105716 -0.0378906 0.999281 97.7731
0.999727 0.0233741 0.000772462 -0.198869 -0.0233865 0.999007 0.0379271 1.45976 0.00011481 -0.0379347 0.99928 99.107
0.999706 0.0242438 0.000728333 -0.202948 -0.0242537 0.998932 0.039329 1.49525 0.000225924 -0.0393351 0.999226 100.467
0.999694 0.0246996 0.00147169 -0.210299 -0.0247387 0.998897 0.0399036 1.53909 -0.000484466 -0.0399277 0.999202 101.787
0.999685 0.0250815 0.00135467 -0.218823 -0.0251156 0.998886 0.0399572 1.57955 -0.000350977 -0.0399786 0.9992 103.145
0.999689 0.0249091 0.00158866 -0.226024 -0.0249523 0.998915 0.0393302 1.61406 -0.00060726 -0.0393576 0.999225 104.477
0.999705 0.0241774 0.00228812 -0.233734 -0.0242483 0.998946 0.0389648 1.65048 -0.00134364 -0.0390088 0.999238 105.784
0.999719 0.0235855 0.00234166 -0.232939 -0.0236603 0.998922 0.0399339 1.69657 -0.00139727 -0.0399781 0.999199 107.139
0.999765 0.0214244 0.00338872 -0.232618 -0.0215454 0.998927 0.0409942 1.73474 -0.00250681 -0.0410576 0.999153 108.442
0.999806 0.0193296 0.00390032 -0.231301 -0.0194763 0.99893 0.0419392 1.76676 -0.00308548 -0.042007 0.999112 109.795
0.999808 0.0190585 0.00471658 -0.23074 -0.0192394 0.998938 0.0418562 1.80261 -0.00391386 -0.0419389 0.999112 111.12
0.999767 0.0207544 0.00598898 -0.2337 -0.0209786 0.998973 0.0401622 1.84287 -0.00514928 -0.0402784 0.999175 112.417
0.999719 0.022691 0.00686762 -0.236885 -0.0229443 0.998962 0.0393647 1.8749 -0.00596726 -0.0395112 0.999201 113.764
0.999621 0.0260862 0.00885812 -0.243449 -0.0264164 0.998872 0.0394655 1.92433 -0.00781863 -0.0396845 0.999181 115.066
0.999579 0.027492 0.00926761 -0.240582 -0.0278545 0.998747 0.0415732 1.96513 -0.00811307 -0.0418138 0.999092 116.413
0.999544 0.0280505 0.0112054 -0.236608 -0.0285104 0.998658 0.043238 2.01097 -0.00997752 -0.0435377 0.999002 117.72
0.999538 0.0282273 0.0112894 -0.231289 -0.028704 0.998594 0.0445584 2.05499 -0.0100158 -0.0448619 0.998942 119.07
0.999513 0.0285591 0.0125739 -0.224973 -0.0290918 0.998588 0.044443 2.10151 -0.0112869 -0.0447871 0.998932 120.401
0.999431 0.0304931 0.0144421 -0.21771 -0.0311048 0.998538 0.0442177 2.15251 -0.0130726 -0.0446417 0.998917 121.703
0.999354 0.0327287 0.014837 -0.210492 -0.0333535 0.998474 0.0440231 2.20068 -0.0133735 -0.0444896 0.99892 123.057
0.999297 0.0335782 0.0166621 -0.199431 -0.0342822 0.998446 0.0439381 2.24916 -0.0151608 -0.0444784 0.998895 124.365
0.99927 0.0343274 0.0167824 -0.190697 -0.0350316 0.998433 0.0436397 2.29773 -0.0152581 -0.0441957 0.998906 125.721
0.999254 0.0342313 0.0178937 -0.175402 -0.034982 0.998442 0.0434727 2.34339 -0.0163777 -0.0440662 0.998894 127.052
0.999214 0.0342834 0.0199411 -0.156601 -0.0351416 0.998395 0.0444101 2.38626 -0.0183865 -0.0450759 0.998814 128.365
0.999196 0.0346815 0.0201293 -0.142013 -0.0355527 0.998369 0.0446698 2.4491 -0.0185473 -0.0453495 0.998798 129.731
0.999229 0.0330277 0.0212558 -0.124287 -0.0339624 0.998399 0.0452246 2.47869 -0.0197281 -0.0459116 0.99875 131.042
0.999224 0.0332356 0.0211425 -0.104059 -0.034169 0.998383 0.0454344 2.53122 -0.0195983 -0.0461216 0.998743 132.41
0.999315 0.0304945 0.0209663 -0.0815262 -0.0314333 0.998447 0.0460065 2.56595 -0.0195308 -0.046634 0.998721 133.749
0.999391 0.0280664 0.0207714 -0.0562558 -0.0290047 0.998505 0.0463379 2.59632 -0.0194398 -0.0469121 0.998709 135.048
0.999406 0.0284594 0.0194816 -0.0380372 -0.0293407 0.998485 0.0465569 2.65282 -0.0181271 -0.0471008 0.998725 136.409
0.999503 0.0252285 0.0189061 -0.0125437 -0.0260918 0.998559 0.0468989 2.68628 -0.0176956 -0.0473689 0.99872 137.724
0.999555 0.02448 0.0170633 -1.88164e-05 -0.0252668 0.99855 0.047532 2.7384 -0.015875 -0.047942 0.998723 139.087
0.999552 0.0249852 0.0164853 0.0195633 -0.0257387 0.998554 0.0471992 2.79813 -0.0152822 -0.0476024 0.998749 140.401
0.999548 0.026319 0.0145755 0.0260574 -0.0269807 0.99852 0.0472321 2.86287 -0.0133108 -0.047604 0.998777 141.765
0.999535 0.0273053 0.0135791 0.0389512 -0.0279158 0.998505 0.0470043 2.9265 -0.0122753 -0.0473615 0.998802 143.107
0.999533 0.0274904 0.0133966 0.0580985 -0.0280887 0.998513 0.0467286 2.986 -0.0120921 -0.047083 0.998817 144.414
0.999701 0.0215825 0.0115493 0.0675564 -0.0221003 0.998662 0.0467535 3.0087 -0.0105248 -0.0469947 0.998839 145.778
0.999827 0.0146989 0.0114336 0.0913884 -0.0152505 0.998646 0.0497477 3.06575 -0.0106869 -0.0499134 0.998696 147.111
0.999895 0.0111654 0.00924792 0.113145 -0.011619 0.998655 0.0505354 3.11782 -0.00867124 -0.0506375 0.998679 148.466
0.999928 0.00900003 0.00803042 0.125148 -0.00938834 0.99872 0.0497048 3.17021 -0.0075728 -0.0497766 0.998731 149.806
0.999903 0.0105481 0.00915979 0.129944 -0.0109738 0.9988 0.0477388 3.20972 -0.00864525 -0.0478346 0.998817 151.152
0.999893 0.0116194 0.00892695 0.127956 -0.0120194 0.998863 0.0461463 3.27334 -0.0083806 -0.0462486 0.998894 152.503
0.999882 0.0114752 0.010294 0.135472 -0.0119421 0.998847 0.0465071 3.32243 -0.00974848 -0.0466245 0.998864 153.847
0.999908 0.0093429 0.00988327 0.150923 -0.00980188 0.998825 0.0474589 3.37767 -0.00942825 -0.0475513 0.998824 155.191
0.999936 0.00424824 0.0105359 0.170258 -0.00476715 0.998752 0.0497252 3.41821 -0.0103115 -0.0497722 0.998707 156.538
0.999934 0.00026461 0.0115109 0.185021 -0.000851945 0.998696 0.0510486 3.46166 -0.0114824 -0.051055 0.998629 157.863
0.999941 -0.00114014 0.0108561 0.201498 0.000583953 0.998694 0.0510981 3.52088 -0.0109002 -0.0510887 0.998634 159.213
0.999915 -8.9404e-05 0.0130449 0.21156 -0.000583545 0.998669 0.0515737 3.58316 -0.0130321 -0.0515769 0.998583 160.54
0.999906 0.00367563 0.0132141 0.220751 -0.00435401 0.998654 0.0516797 3.63697 -0.0130064 -0.0517324 0.998576 161.899
0.99987 0.00573324 0.0150869 0.228242 -0.00648666 0.99871 0.0503728 3.68102 -0.0147786 -0.0504641 0.998616 163.219
0.999861 0.007644 0.0148285 0.238498 -0.00837637 0.998716 0.0499725 3.73354 -0.0144275 -0.0500897 0.99864 164.586
0.999848 0.00818589 0.0154136 0.248002 -0.00894896 0.998704 0.0501051 3.78354 -0.0149835 -0.0502354 0.998624 165.948
0.999835 0.00889265 0.0158358 0.257296 -0.00967149 0.998712 0.0498044 3.83133 -0.0153725 -0.0499493 0.998633 167.276
0.999839 0.0103175 0.0146819 0.271221 -0.0110209 0.998755 0.0486597 3.88375 -0.0141616 -0.0488136 0.998707 168.652
0.999809 0.0124923 0.0150252 0.274226 -0.0131868 0.998806 0.0470443 3.92833 -0.0144195 -0.0472334 0.998779 169.986
0.999748 0.017272 0.014342 0.273616 -0.0179281 0.998737 0.04695 3.98153 -0.0135129 -0.0471953 0.998794 171.37
0.999677 0.0208186 0.0145601 0.275104 -0.0214972 0.99861 0.0481178 4.03745 -0.0135381 -0.0484152 0.998735 172.734
0.999589 0.0238755 0.0158769 0.288069 -0.0246397 0.998455 0.0498167 4.09274 -0.014663 -0.0501874 0.998632 174.085
0.999589 0.0242257 0.0153464 0.303233 -0.0249836 0.998372 0.0512841 4.1499 -0.014079 -0.0516464 0.998566 175.474
0.99965 0.0216106 0.0152914 0.32493 -0.0223932 0.998343 0.0530114 4.20678 -0.0141204 -0.0533352 0.998476 176.84
0.999707 0.0205285 0.0128163 0.347561 -0.0211891 0.998331 0.0537341 4.26723 -0.0116918 -0.0539899 0.998472 178.224
0.999719 0.0205078 0.0118947 0.35313 -0.021077 0.998533 0.0498791 4.33028 -0.0108543 -0.0501158 0.998684 179.589
0.999711 0.0222008 0.0092455 0.367299 -0.022615 0.99862 0.0473989 4.38363 -0.00818044 -0.0475942 0.998833 180.977
0.999688 0.023473 0.00858007 0.374555 -0.0238338 0.998716 0.0447032 4.42814 -0.00751973 -0.0448937 0.998963 182.362
0.999592 0.0270425 0.00926261 0.378306 -0.0274467 0.998531 0.0467201 4.47191 -0.00798557 -0.0469552 0.998864 183.729
0.99953 0.029512 0.00832828 0.382627 -0.0298876 0.998337 0.0493065 4.52999 -0.00685929 -0.0495323 0.998748 185.138
0.999483 0.0306154 0.00981004 0.385407 -0.0310782 0.998209 0.0511241 4.59119 -0.00822728 -0.0514026 0.998643 186.516
0.999431 0.0323253 0.00962117 0.392445 -0.032784 0.998103 0.0521106 4.66126 -0.00791843 -0.0523964 0.998594 187.947
0.99953 0.0293045 0.00903016 0.401889 -0.0297399 0.998173 0.0525974 4.71804 -0.00747232 -0.0528412 0.998574 189.349
0.999618 0.0258692 0.00978512 0.410139 -0.026356 0.998225 0.0534189 4.76614 -0.00838585 -0.0536563 0.998524 190.725
0.999699 0.0225802 0.0095922 0.423612 -0.0230634 0.998293 0.0536702 4.81926 -0.00836393 -0.0538753 0.998512 192.158
0.999743 0.01989 0.0108697 0.435797 -0.0204572 0.998286 0.0548309 4.88201 -0.00976047 -0.0550392 0.998436 193.548
0.999816 0.016224 0.0102055 0.449875 -0.0167745 0.998268 0.0563893 4.94306 -0.00927293 -0.0565502 0.998356 194.982
0.99984 0.0136665 0.011598 0.462945 -0.0143111 0.998246 0.0574449 4.99856 -0.0107926 -0.0576016 0.998281 196.373
0.99982 0.0159087 0.0103844 0.471226 -0.016448 0.9984 0.0541049 5.06621 -0.009507 -0.054266 0.998481 197.807
0.999658 0.0238361 0.0108121 0.468987 -0.0243532 0.998426 0.0505171 5.14031 -0.00959091 -0.0507631 0.998664 199.225
0.999378 0.0328039 0.0129552 0.460449 -0.0334143 0.998185 0.0501109 5.19553 -0.0112878 -0.0505126 0.998659 200.626
0.999251 0.0365765 0.0126502 0.448752 -0.0371967 0.997909 0.0528718 5.2369 -0.0106899 -0.0533028 0.99852 202.089
0.999194 0.0375169 0.0143143 0.454039 -0.038255 0.997734 0.0553478 5.28893 -0.0122054 -0.0558508 0.998364 203.502
0.999261 0.0362049 0.0129592 0.467632 -0.0368839 0.997711 0.0566911 5.35278 -0.010877 -0.0571271 0.998307 204.963
0.999285 0.035979 0.0116436 0.479196 -0.0365832 0.997722 0.0566851 5.4341 -0.00957761 -0.0570705 0.998323 206.4
0.999382 0.0332603 0.011401 0.492586 -0.0338614 0.997779 0.0573737 5.49466 -0.00946744 -0.0577243 0.998287 207.808
0.999325 0.0353288 0.0101424 0.501057 -0.035856 0.997695 0.0576234 5.58275 -0.00808321 -0.0579481 0.998286 209.277
0.999296 0.0361333 0.0100743 0.508529 -0.0366577 0.997648 0.0579249 5.65342 -0.00795759 -0.0582535 0.998269 210.692
0.999206 0.0388495 0.00891904 0.510881 -0.0393086 0.99749 0.0589052 5.73562 -0.00660821 -0.0592089 0.998223 212.173
0.999249 0.0378071 0.00853701 0.513568 -0.0382503 0.997484 0.0597011 5.80306 -0.0062584 -0.0599828 0.998179 213.63
0.999247 0.0378427 0.00865962 0.521981 -0.0382961 0.997455 0.0601475 5.87822 -0.00636144 -0.0604338 0.998151 215.062
0.999231 0.0385428 0.00728061 0.521336 -0.0389104 0.997446 0.0599104 5.95535 -0.00495289 -0.0601476 0.998176 216.558
0.999162 0.0401475 0.00797694 0.527172 -0.0405531 0.997391 0.0597212 6.03478 -0.00555848 -0.0599946 0.998182 217.992
0.999085 0.0422361 0.00672612 0.525266 -0.0425638 0.997295 0.0599252 6.11064 -0.00417692 -0.0601567 0.998179 219.481
0.999004 0.0440487 0.00717112 0.532166 -0.0443999 0.997216 0.0599089 6.1923 -0.00451224 -0.0601676 0.998177 220.926
0.998944 0.0456128 0.0056016 0.527343 -0.0458662 0.997162 0.0597126 6.26852 -0.00286204 -0.0599064 0.998199 222.416
0.998901 0.0465931 0.00519184 0.526263 -0.0468206 0.99711 0.059834 6.34248 -0.00238899 -0.0600113 0.998194 223.896
0.998853 0.0475901 0.00535039 0.521626 -0.0478246 0.99708 0.0595453 6.42237 -0.002501 -0.0597329 0.99821 225.36
0.998863 0.0474402 0.00480911 0.523818 -0.0476426 0.997091 0.0595083 6.4916 -0.00197203 -0.0596697 0.998215 226.866
0.998894 0.046715 0.0053764 0.524234 -0.046953 0.997113 0.0596868 6.5597 -0.00257261 -0.0598732 0.998202 228.338
0.998867 0.0473158 0.00512261 0.528705 -0.0475376 0.997081 0.0597561 6.64062 -0.00228026 -0.0599319 0.998199 229.849
0.998852 0.0476229 0.00522525 0.525283 -0.047851 0.997049 0.0600331 6.71875 -0.00235088 -0.0602142 0.998182 231.344
0.998815 0.048251 0.00641028 0.52324 -0.0485493 0.997016 0.0600206 6.80241 -0.0034951 -0.0602607 0.998176 232.827
0.998775 0.0491568 0.0056545 0.528193 -0.0494073 0.996989 0.0597668 6.8792 -0.00269953 -0.0599729 0.998196 234.336
0.998753 0.0494638 0.0067442 0.530917 -0.0497782 0.996985 0.0595309 6.95531 -0.00377923 -0.0597924 0.998203 235.825
0.998732 0.0500046 0.00590203 0.5353 -0.0502679 0.996956 0.0596078 7.04116 -0.0029034 -0.0598289 0.998204 237.336
0.998756 0.0494386 0.00651118 0.532729 -0.0497417 0.996942 0.060273 7.1166 -0.00351146 -0.0605219 0.99816 238.843
0.998774 0.0488435 0.00808646 0.534983 -0.0492452 0.996942 0.0606778 7.18687 -0.00509802 -0.0610016 0.998124 240.339
0.998738 0.0496339 0.00777455 0.536406 -0.0500118 0.996946 0.0599847 7.26624 -0.00477354 -0.0602977 0.998168 241.865
0.998703 0.0500467 0.00935934 0.542241 -0.0505148 0.996966 0.0592352 7.34209 -0.00636641 -0.0596311 0.998199 243.371
0.998675 0.0507215 0.00873217 0.544733 -0.0511505 0.996938 0.0591582 7.42288 -0.00570483 -0.0595264 0.99821 244.891
0.998692 0.0503435 0.00896628 0.550166 -0.0507912 0.996915 0.0598512 7.49507 -0.00592549 -0.0602283 0.998166 246.413
0.998711 0.0498681 0.0094724 0.556778 -0.0503511 0.9969 0.0604607 7.56544 -0.00642797 -0.0608597 0.998125 247.919
0.99873 0.04967 0.0084549 0.565898 -0.0500932 0.996894 0.0607765 7.6394 -0.00540987 -0.0611228 0.998115 249.454
0.998735 0.0493549 0.00965991 0.562568 -0.0498571 0.996862 0.0614952 7.70982 -0.0065945 -0.061899 0.99806 250.966
0.998717 0.049909 0.00865031 0.569373 -0.0503496 0.996817 0.0618289 7.78397 -0.00553695 -0.062185 0.998049 252.509
0.99872 0.049633 0.00982363 0.572376 -0.0501498 0.996802 0.0622274 7.86628 -0.00670367 -0.0626404 0.998013 254.018
0.99875 0.0493159 0.00825935 0.581667 -0.0497368 0.996806 0.0624997 7.94664 -0.00515073 -0.0628323 0.99801 255.567
0.998791 0.0484308 0.00852039 0.589127 -0.0488732 0.996809 0.0631247 8.03918 -0.00543601 -0.0634648 0.997969 257.093
0.99884 0.0471713 0.00977059 0.597822 -0.0477017 0.996807 0.0640454 8.11823 -0.00671829 -0.0644371 0.997898 258.612
0.99885 0.047272 0.00805577 0.614282 -0.0476918 0.996807 0.0640492 8.20501 -0.00500231 -0.0643597 0.997914 260.144
0.998823 0.0476847 0.00896739 0.621933 -0.0481629 0.99678 0.0641273 8.28692 -0.00588062 -0.0644837 0.997901 261.662
0.998825 0.0477243 0.00850352 0.643826 -0.0481788 0.996703 0.0652979 8.36967 -0.00535918 -0.0656309 0.997829 263.197
0.998843 0.0472974 0.00875721 0.655839 -0.0477705 0.996711 0.0654754 8.47244 -0.00563158 -0.065818 0.997815 264.737
0.998867 0.0465502 0.00994913 0.660331 -0.0471059 0.996718 0.0658452 8.54952 -0.00685137 -0.0662392 0.99778 266.265
0.998846 0.0470933 0.00951342 0.673959 -0.0476167 0.996716 0.0655063 8.63604 -0.00639727 -0.0658836 0.997806 267.792
0.998773 0.0482063 0.0114237 0.677716 -0.0488532 0.996658 0.0654845 8.72567 -0.00822871 -0.0659622 0.997787 269.327
0.998709 0.0495903 0.0110277 0.689096 -0.0502089 0.996584 0.0655834 8.80999 -0.00773775 -0.0660524 0.997785 270.867
0.998641 0.0507309 0.0119633 0.697971 -0.051406 0.996545 0.0652416 8.89458 -0.00861221 -0.0657679 0.997797 272.404
0.998544 0.0519344 0.0146417 0.705925 -0.0527839 0.99647 0.0652916 8.97772 -0.0111991 -0.0659694 0.997758 273.936
0.998541 0.0521777 0.0139827 0.723647 -0.0529808 0.996475 0.0650616 9.06702 -0.0105386 -0.0657074 0.997783 275.475
0.998461 0.0528651 0.0167971 0.732277 -0.0538485 0.996444 0.0648082 9.15307 -0.0133112 -0.0656129 0.997756 277.005
0.998482 0.0526595 0.0162228 0.753659 -0.0536056 0.996458 0.0648009 9.24093 -0.0127529 -0.0655721 0.997766 278.545
0.998446 0.0530143 0.0172153 0.776185 -0.0540304 0.996409 0.065202 9.32709 -0.0136968 -0.0660308 0.997723 280.08
0.998416 0.0525571 0.0201129 0.800467 -0.0537762 0.996381 0.0658352 9.41473 -0.0165799 -0.0668125 0.997627 281.609
0.998438 0.052744 0.0184526 0.823447 -0.0538585 0.996347 0.0662814 9.50511 -0.0148892 -0.0671717 0.997629 283.154
0.998407 0.0524532 0.020824 0.851687 -0.053704 0.996445 0.0649133 9.59287 -0.017345 -0.0659282 0.997673 284.68
0.998461 0.0523248 0.0183963 0.872885 -0.053405 0.996509 0.0641869 9.68434 -0.0149735 -0.0650705 0.997767 286.231
0.998491 0.0520551 0.017562 0.893979 -0.0530872 0.9965 0.0645758 9.77515 -0.014139 -0.0654106 0.997757 287.776
0.998529 0.0508893 0.0187695 0.917092 -0.0520022 0.996559 0.0645488 9.8572 -0.01542 -0.0654299 0.997737 289.308
0.998556 0.051296 0.0160166 0.93445 -0.0522302 0.996537 0.0647073 9.94688 -0.0126419 -0.0654504 0.997775 290.876
0.998519 0.0513229 0.0180768 0.95946 -0.0523897 0.996539 0.064546 10.0334 -0.0147016 -0.0653974 0.99775 292.411
0.998536 0.0517689 0.0157033 0.97476 -0.052688 0.996479 0.0652338 10.1249 -0.0122709 -0.0659657 0.997746 293.987
0.99856 0.0515451 0.0149096 0.990046 -0.0524178 0.996462 0.065701 10.2123 -0.0114703 -0.0663879 0.997727 295.552
0.998531 0.0518737 0.0157201 1.00887 -0.0528089 0.99639 0.0664727 10.3019 -0.0122152 -0.0672052 0.997664 297.101
0.998493 0.0530842 0.0139397 1.02269 -0.0539113 0.99624 0.0678255 10.3946 -0.0102868 -0.0684749 0.997599 298.693
0.998436 0.0535607 0.0160891 1.03687 -0.0545386 0.996181 0.0681964 10.4892 -0.012375 -0.0689671 0.997541 300.26
0.998403 0.0542292 0.0158627 1.05536 -0.0551916 0.996136 0.0683264 10.5817 -0.0120961 -0.0690927 0.997536 301.858
0.998411 0.0539383 0.0163337 1.07346 -0.0549358 0.99614 0.0684774 10.6748 -0.0125771 -0.0692659 0.997518 303.444
0.998433 0.0530454 0.0178416 1.09523 -0.0541415 0.996222 0.067916 10.7736 -0.0141715 -0.0687755 0.997531 305.024
0.998464 0.0526193 0.0174144 1.12244 -0.053683 0.996266 0.0676226 10.8702 -0.0137911 -0.0684536 0.997558 306.624
0.998447 0.0526059 0.0183989 1.14348 -0.0537334 0.99628 0.0673805 10.9692 -0.0147858 -0.0682645 0.997557 308.228
0.998459 0.0532931 0.015495 1.16929 -0.0542219 0.996248 0.0674571 11.063 -0.0118419 -0.0681933 0.997601 309.827
0.998468 0.0536606 0.0135271 1.18691 -0.0544592 0.996203 0.0679296 11.1694 -0.00983059 -0.0685622 0.997598 311.429
0.998424 0.0541743 0.0146755 1.19475 -0.0550707 0.996042 0.0697834 11.2746 -0.0108369 -0.0704816 0.997453 313.04
0.998479 0.0533161 0.0140934 1.22268 -0.0542017 0.995894 0.0725229 11.3701 -0.0101688 -0.0731764 0.997266 314.668
0.998481 0.0528569 0.0156275 1.23237 -0.0538595 0.995891 0.0728152 11.4803 -0.0117145 -0.0735463 0.997222 316.275
0.998503 0.0526299 0.0149284 1.25942 -0.0535853 0.995881 0.0731526 11.588 -0.0110169 -0.073843 0.997208 317.903
0.998484 0.0525418 0.0164533 1.27491 -0.0536115 0.995872 0.0732579 11.7024 -0.0125362 -0.0740289 0.997176 319.511
0.998493 0.0526609 0.015506 1.30324 -0.0536659 0.995832 0.0737525 11.8162 -0.0115575 -0.0744735 0.997155 321.138
0.998484 0.052606 0.0162387 1.3245 -0.0536721 0.995793 0.0742694 11.9231 -0.0122633 -0.0750284 0.997105 322.758
0.998439 0.0526137 0.0187833 1.33959 -0.0538984 0.995641 0.0761328 12.049 -0.0146958 -0.0770263 0.99692 324.363
0.998419 0.0531078 0.0184624 1.36827 -0.0543703 0.995595 0.0763944 12.1653 -0.0143239 -0.0772774 0.996906 325.986
0.998394 0.0527187 0.0207665 1.38727 -0.0541851 0.99549 0.0778714 12.2799 -0.0165675 -0.0788716 0.996746 327.592
0.998418 0.0526064 0.0199006 1.42586 -0.0540187 0.99543 0.0787497 12.4035 -0.0156669 -0.0797001 0.996695 329.211
0.998406 0.0528425 0.0198659 1.45308 -0.054259 0.995378 0.0792422 12.524 -0.0155867 -0.0801938 0.996657 330.819
0.998354 0.0533147 0.0211533 1.47452 -0.0548422 0.995303 0.0797888 12.6469 -0.0168 -0.0808175 0.996586 332.422
0.99833 0.0542664 0.0198512 1.50981 -0.055682 0.995276 0.0795424 12.7828 -0.015441 -0.0805149 0.996633 334.032
0.998259 0.055189 0.0208309 1.52534 -0.0567013 0.995116 0.0808045 12.8916 -0.0162696 -0.0818449 0.996511 335.621
0.998255 0.0558661 0.0191515 1.55243 -0.057255 0.994995 0.0819077 13.0135 -0.0144798 -0.0828613 0.996455 337.231
0.998254 0.056151 0.0183816 1.57569 -0.0575041 0.994804 0.0840168 13.1293 -0.0135685 -0.084927 0.996294 338.835
0.998243 0.0562541 0.018674 1.59262 -0.0576497 0.994685 0.0853219 13.2625 -0.013775 -0.0862485 0.996178 340.418
0.998276 0.0563594 0.016456 1.61787 -0.0575774 0.994585 0.0865277 13.3845 -0.0114903 -0.0873259 0.996113 342.029
0.99827 0.0566137 0.0158985 1.63444 -0.0577863 0.994539 0.0869165 13.5157 -0.010891 -0.0876848 0.996088 343.602
0.998323 0.0563216 0.0134489 1.65756 -0.0572869 0.994503 0.087656 13.6491 -0.00843805 -0.0882794 0.996059 345.206
0.998353 0.056001 0.0125259 1.67605 -0.0568915 0.994462 0.0883722 13.7793 -0.00750757 -0.0889392 0.996008 346.794
0.99834 0.0560488 0.0133329 1.68702 -0.057014 0.994422 0.0887397 13.9131 -0.00828475 -0.0893525 0.995965 348.357
0.998352 0.0560873 0.0122464 1.70607 -0.0569584 0.994387 0.0891715 14.047 -0.00717632 -0.089722 0.99594 349.958
0.998337 0.056122 0.0132451 1.71608 -0.0570838 0.994366 0.089321 14.1877 -0.00815764 -0.0899285 0.995914 351.523
0.998414 0.0547368 0.013187 1.73567 -0.055687 0.994574 0.0878792 14.3226 -0.00830524 -0.0884742 0.996043 353.125
0.998411 0.0547444 0.0133895 1.75141 -0.055715 0.994546 0.0881747 14.4541 -0.00848939 -0.0887805 0.996014 354.706
0.998392 0.0548041 0.0145212 1.76287 -0.0558767 0.99452 0.0883627 14.5909 -0.00959901 -0.089032 0.995982 356.263
0.998403 0.0547817 0.013833 1.78077 -0.0557994 0.994463 0.0890519 14.726 -0.00887798 -0.0896815 0.99593 357.864
0.998387 0.0547893 0.0149511 1.79805 -0.0559092 0.994439 0.0892471 14.8671 -0.00997818 -0.089939 0.995896 359.421
0.998405 0.0546897 0.0140777 1.81648 -0.0557387 0.994377 0.0900453 14.9967 -0.00907395 -0.0906862 0.995837 361.019
0.998439 0.0540381 0.0142002 1.83624 -0.0551094 0.994328 0.0909652 15.1359 -0.00920403 -0.0916056 0.995752 362.603
0.99844 0.0536209 0.0155981 1.85413 -0.0548307 0.994269 0.0917786 15.2695 -0.0105874 -0.0924906 0.995656 364.169
0.998446 0.0537699 0.0146978 1.87598 -0.0548995 0.99423 0.0921635 15.4142 -0.00965735 -0.0928271 0.995635 365.763
0.998408 0.0539937 0.0163827 1.89413 -0.055279 0.994208 0.0921697 15.5604 -0.0113112 -0.0929285 0.995608 367.333
0.998388 0.054549 0.0157053 1.91317 -0.0557733 0.994142 0.0925808 15.7051 -0.0105631 -0.0933075 0.99558 368.929
0.99835 0.0546634 0.0176267 1.92916 -0.0560779 0.994041 0.0934755 15.8442 -0.012412 -0.0943097 0.995465 370.507
0.998349 0.0549088 0.0169057 1.95479 -0.0562611 0.993976 0.0940569 15.9831 -0.0116393 -0.0948527 0.995422 372.104
0.99834 0.0549281 0.0173429 1.97679 -0.0563274 0.993928 0.0945272 16.1249 -0.0120454 -0.0953472 0.99537 373.695
0.998296 0.0550984 0.0192699 1.99645 -0.0566851 0.993879 0.0948269 16.2717 -0.0139272 -0.0957575 0.995306 375.275
0.998305 0.0552316 0.018405 2.02238 -0.056744 0.993809 0.0955264 16.4166 -0.0130149 -0.0964087 0.995256 376.881
0.998257 0.055423 0.0203191 2.04305 -0.0571259 0.993743 0.0959744 16.5598 -0.0148728 -0.0969678 0.995176 378.465
0.998245 0.0558974 0.0196124 2.06888 -0.0575384 0.99366 0.0965853 16.7081 -0.0140892 -0.0975442 0.995131 380.084
0.998192 0.0566933 0.0199885 2.09162 -0.0583715 0.993583 0.0968817 16.8511 -0.0143676 -0.0978733 0.995094 381.684
0.998124 0.0571861 0.021911 2.1144 -0.0590575 0.9935 0.0973133 16.9918 -0.0162036 -0.0984247 0.995012 383.272
0.998125 0.0575149 0.0209794 2.13954 -0.0593002 0.993439 0.097785 17.1321 -0.0152176 -0.0988456 0.994986 384.897
0.998066 0.0578351 0.0228092 2.16369 -0.0598098 0.993352 0.0983583 17.2719 -0.016969 -0.0995322 0.994889 386.484
0.998072 0.0580818 0.0219276 2.18741 -0.0599771 0.993284 0.0989486 17.4105 -0.0160332 -0.100073 0.99485 388.115
0.998026 0.0587231 0.0223169 2.2138 -0.0606586 0.993216 0.0992115 17.5463 -0.0163394 -0.100369 0.994815 389.729
0.998013 0.0584054 0.0236616 2.23646 -0.0604874 0.993171 0.0997687 17.6878 -0.017673 -0.101002 0.994729 391.321
