1 0 0 0 0 1 0 0 0 0 1 0
0.999999 0.000417908 0.00122888 -0.00716199 -0.000413216 0.999993 -0.00382311 -0.00446971 -0.00123048 0.00382261 0.999992 0.96035
0.999998 -0.00139447 0.00145522 -0.0169088 0.00140068 0.99999 -0.00428729 -0.0294223 -0.00144922 0.00428932 0.99999 1.94032
0.999994 -0.00250583 0.00249845 -0.0203541 0.00250781 0.999997 -0.000795748 -0.0335052 -0.00249638 0.000802017 0.999998 2.88771
0.999985 -0.00547371 0.000597962 -0.0116411 0.00547164 0.999979 0.00354101 -0.0353913 -0.000617395 -0.0035377 0.999994 3.86207
0.999974 -0.0073548 -0.000536905 -0.0117175 0.00735745 0.99996 0.00513576 -0.0556194 0.00049913 -0.00513959 0.999988 4.80032
0.999948 -0.0102345 -0.000313046 -0.0144932 0.0102353 0.999943 0.0028465 -0.059411 0.000283851 -0.00284952 0.999996 5.73413
0.999956 -0.00939403 -0.00126053 -0.0106504 0.00939441 0.999956 0.000297916 -0.0630337 0.0012578 -0.000309793 1 6.66225
0.999952 -0.00967914 -0.00195396 -0.0167772 0.00967866 0.999953 -0.000228145 -0.0689154 0.00195612 0.000209301 0.999999 7.58683
0.999969 -0.00788571 -0.00141873 -0.0263703 0.00788775 0.999968 0.00143898 -0.0754777 0.00140743 -0.00145015 1 8.52774
0.999965 -0.00788762 -0.00335465 -0.0347241 0.00790203 0.999959 0.00434914 -0.0818139 0.00332028 -0.00437534 0.999986 9.4521
0.999958 -0.00817423 -0.00443772 -0.0394203 0.00820017 0.99995 0.00588641 -0.0931053 0.00438948 -0.00592252 0.999975 10.3652
0.999961 -0.00837761 -0.00323186 -0.0599789 0.00840206 0.999935 0.00769582 -0.0994561 0.00316724 -0.00772254 0.999967 11.2978
0.999956 -0.00818056 -0.00496566 -0.0573937 0.00822101 0.999933 0.00822754 -0.097323 0.00489812 -0.00826791 0.999957 12.2072
0.999956 -0.00802814 -0.00508138 -0.0668606 0.00806288 0.999944 0.00691141 -0.0934178 0.00502559 -0.00695193 0.999965 13.1112
0.999955 -0.00805627 -0.00545874 -0.0761336 0.00809269 0.999946 0.00670484 -0.086435 0.00540458 -0.00674854 0.999966 14.009
0.999922 -0.009677 -0.00805413 -0.0987323 0.00971238 0.999944 0.00440342 -0.086153 0.00801107 -0.00448108 0.99996 14.9096
0.999916 -0.00903195 -0.00954139 -0.111895 0.00907208 0.999951 0.00419373 -0.0884029 0.00950319 -0.00427963 0.999951 15.8036
0.999914 -0.00851388 -0.0102027 -0.12161 0.00855772 0.999955 0.00429813 -0.0889189 0.0101658 -0.00438472 0.999942 16.6728
0.999902 -0.00659238 -0.0126095 -0.149283 0.0066414 0.999972 0.00386676 -0.0896684 0.0125838 -0.00394984 0.999919 17.5717
0.999875 -0.00728121 -0.0141597 -0.162955 0.00735202 0.999962 0.00498304 -0.0951958 0.014123 -0.0050861 0.999892 18.4522
0.999881 -0.00765572 -0.0136405 -0.190978 0.00774031 0.999953 0.00617257 -0.146319 0.0135929 -0.00627718 0.999893 19.316
0.999855 -0.00742678 -0.0155037 -0.222938 0.00753101 0.999951 0.00669921 -0.145524 0.0154533 -0.00681463 0.999862 20.1889
0.999829 -0.00809608 -0.0168821 -0.260746 0.00821898 0.999942 0.00723132 -0.202504 0.0168229 -0.00736856 0.999837 21.0658
0.999802 -0.00845614 -0.0181725 -0.280899 0.00858733 0.999939 0.00717094 -0.199184 0.0181109 -0.00732516 0.999814 21.9225
0.999764 -0.00825252 -0.0202892 -0.298967 0.0084062 0.999938 0.00750486 -0.209293 0.0202264 -0.00767337 0.999771 22.7936
0.999743 -0.00753364 -0.0215064 -0.318872 0.00773897 0.999927 0.00949497 -0.222415 0.0214333 -0.00965858 0.999729 23.6319
0.999703 -0.00806204 -0.0232124 -0.343014 0.00833557 0.999898 0.0117116 -0.23553 0.023116 -0.0119013 0.999667 24.4995
0.999644 -0.00912177 -0.0252012 -0.36133 0.00945866 0.999869 0.013296 -0.240658 0.0250766 -0.0135292 0.999599 25.3475
0.999662 -0.00805392 -0.0249075 -0.383403 0.00837191 0.999886 0.0126887 -0.250335 0.0248028 -0.0128926 0.999615 26.1658
0.999637 -0.00687698 -0.0261944 -0.406862 0.00716037 0.999918 0.0107531 -0.243796 0.0261183 -0.0109364 0.999604 26.9991
0.999611 -0.00540494 -0.0275492 -0.434991 0.0056529 0.999946 0.00893118 -0.247738 0.0274998 -0.00908306 0.999586 27.806
0.999581 -0.00476739 -0.0286771 -0.464833 0.00504418 0.999943 0.00959833 -0.247357 0.0286298 -0.00973853 0.999548 28.5994
0.999537 -0.0044868 -0.0302981 -0.490054 0.00478532 0.999943 0.00978568 -0.251662 0.0302527 -0.00992569 0.9995 29.3913
0.999454 -0.00350374 -0.0329779 -0.52241 0.0037849 0.999959 0.00847687 -0.260771 0.032947 -0.00859661 0.999426 30.1955
0.999402 -0.00311186 -0.0346054 -0.5446 0.00340692 0.99996 0.00846336 -0.260263 0.0345779 -0.00857583 0.999372 30.9769
0.999333 -0.00322557 -0.0365002 -0.572886 0.00361071 0.99994 0.0104996 -0.261577 0.0364643 -0.0106239 0.999284 31.7407
0.999262 -0.00347121 -0.0384356 -0.606281 0.00393922 0.999921 0.0120995 -0.266116 0.0383908 -0.0122415 0.999195 32.485
0.99915 -0.00283626 -0.0412331 -0.646478 0.00343982 0.999889 0.0145798 -0.272473 0.0411873 -0.0147088 0.999049 33.2584
0.999053 -0.00195882 -0.0436351 -0.683766 0.00261008 0.999888 0.0148668 -0.273701 0.0436013 -0.0149662 0.998945 33.9857
0.998994 -0.00048207 -0.0449713 -0.731621 0.00111479 0.999902 0.0140498 -0.261011 0.0449603 -0.0140852 0.998895 34.7095
0.998838 0.000771846 -0.0483334 -0.789434 -0.000120423 0.999911 0.0134721 -0.270852 0.0483396 -0.0134503 0.998749 35.4336
0.998778 0.00200845 -0.0495166 -0.841025 -0.00129665 0.999898 0.0144055 -0.267184 0.0495405 -0.014323 0.998676 36.1378
0.998765 0.00190452 -0.0497768 -0.88394 -0.00117797 0.999894 0.0146145 -0.256871 0.0497995 -0.0145375 0.998661 36.8291
0.998711 0.00286689 -0.0508073 -0.918319 -0.00209746 0.999885 0.0151935 -0.248007 0.050845 -0.0150667 0.998599 37.5346
0.998772 0.00392846 -0.0495246 -0.960353 -0.00319114 0.999884 0.0149507 -0.248587 0.0495778 -0.0147739 0.998668 38.1961
0.998874 0.00552373 -0.0472651 -0.994622 -0.00492563 0.999909 0.0127636 -0.240757 0.0473313 -0.0125157 0.998808 38.8515
0.998948 0.00568205 -0.04569 -1.02978 -0.0051481 0.999918 0.0117864 -0.243192 0.0457534 -0.0115383 0.998894 39.493
0.999048 0.00588479 -0.0433845 -1.06024 -0.00531806 0.999902 0.0131701 -0.22655 0.0434578 -0.0129262 0.998978 40.1501
0.999137 0.00952813 -0.0406398 -1.0928 -0.00892911 0.99985 0.0148842 -0.237822 0.0407758 -0.014508 0.99907 40.797
0.99921 0.0140606 -0.0373761 -1.12444 -0.013352 0.999729 0.0191444 -0.228082 0.0376353 -0.0186295 0.999124 41.4136
0.999297 0.0186686 -0.0327848 -1.15488 -0.0180157 0.999638 0.0200827 -0.225584 0.033148 -0.0194774 0.999269 42.0092
0.999403 0.0219388 -0.0269915 -1.17551 -0.0213853 0.999561 0.0206263 -0.212823 0.0274323 -0.0200361 0.999429 42.5956
0.999474 0.0247653 -0.0213561 -1.1962 -0.0242912 0.999461 0.022157 -0.210997 0.0218935 -0.021626 0.999535 43.1631
0.999498 0.0284597 -0.0145335 -1.21012 -0.0281182 0.999339 0.0231675 -0.194161 0.0151833 -0.0227465 0.999634 43.7093
0.999493 0.0314467 -0.00658701 -1.21336 -0.0312818 0.999231 0.0236999 -0.180657 0.00732741 -0.0234812 0.999706 44.2434
0.999429 0.0340464 0.000608455 -1.21877 -0.0340511 0.999147 0.023486 -0.188446 0.000191736 -0.0234926 0.999732 44.7569
0.999294 0.0369323 0.00823075 -1.22121 -0.0371069 0.999065 0.0222808 -0.180264 -0.00739995 -0.0225698 0.999727 45.2469
0.999049 0.0405528 0.0165309 -1.21965 -0.0408932 0.998949 0.0208257 -0.173053 -0.0156689 -0.0214812 0.999654 45.7177
0.99885 0.04155 0.0243196 -1.21511 -0.0420178 0.998936 0.0190875 -0.170128 -0.0235004 -0.0200866 0.999531 46.1621
0.998579 0.0422784 0.032722 -1.19523 -0.0428972 0.998912 0.0184551 -0.162493 -0.0319059 -0.0198319 0.999301 46.5873
0.998326 0.0421323 0.0398931 -1.17929 -0.042887 0.998914 0.0182764 -0.179013 -0.0390796 -0.0199558 0.999046 47.0007
0.997925 0.0430522 0.0480818 -1.16713 -0.0439962 0.998858 0.0187604 -0.172787 -0.047219 -0.0208362 0.998675 47.3754
0.997368 0.0449228 0.0570932 -1.16029 -0.046048 0.998768 0.0185613 -0.182449 -0.0561889 -0.0211407 0.998205 47.7451
0.996648 0.0493047 0.0654506 -1.14796 -0.0505722 0.998564 0.0178576 -0.177542 -0.0644759 -0.021107 0.997705 48.0798
0.995879 0.0520212 0.0744354 -1.12547 -0.0534884 0.99841 0.0178658 -0.176552 -0.0733874 -0.0217728 0.997075 48.3992
0.995126 0.0516442 0.0841393 -1.09065 -0.0533463 0.998414 0.0181116 -0.180956 -0.0830703 -0.0225111 0.996299 48.6872
0.994274 0.0505103 0.0942888 -1.06222 -0.0523183 0.99849 0.0168109 -0.179817 -0.0932971 -0.021647 0.995413 48.9634
0.993089 0.0501641 0.106207 -1.02229 -0.0518939 0.998563 0.0135884 -0.175455 -0.105372 -0.0190053 0.994261 49.2396
0.991593 0.0507187 0.119132 -0.98358 -0.0523552 0.998573 0.0106531 -0.173095 -0.118421 -0.0168 0.992832 49.5142
0.989607 0.0515375 0.134327 -0.953208 -0.0532777 0.998538 0.0093936 -0.167595 -0.133646 -0.0164519 0.990902 49.7796
0.987228 0.0521267 0.15062 -0.912358 -0.0540434 0.998503 0.00866321 -0.16539 -0.149942 -0.0166919 0.988564 50.0545
0.984492 0.0521483 0.167571 -0.862998 -0.054239 0.998499 0.00792351 -0.165301 -0.166905 -0.0168887 0.985838 50.3
0.981264 0.0518693 0.185619 -0.797795 -0.0540999 0.998513 0.00697364 -0.172289 -0.184981 -0.0168843 0.982608 50.5609
0.977381 0.0517404 0.20512 -0.731181 -0.0541169 0.998519 0.00599151 -0.175643 -0.204505 -0.0169555 0.978729 50.8076
0.973002 0.0517626 0.224971 -0.65867 -0.0543035 0.998513 0.00512135 -0.180165 -0.22437 -0.0171991 0.974363 51.0475
0.967841 0.0531202 0.245943 -0.593233 -0.0558412 0.998433 0.00409953 -0.172675 -0.245339 -0.0177005 0.969286 51.305
0.961695 0.0540303 0.268786 -0.502994 -0.0567634 0.998387 0.00240463 -0.172038 -0.268222 -0.0175691 0.963208 51.5502
0.954732 0.0552296 0.292338 -0.433141 -0.0582215 0.998304 0.00153915 -0.186655 -0.291757 -0.0184889 0.956325 51.8055
0.946585 0.056399 0.317522 -0.330529 -0.0596446 0.998222 0.000504774 -0.182597 -0.316928 -0.0194157 0.948262 52.0733
0.93697 0.0580767 0.344587 -0.236522 -0.0617198 0.998096 -0.000395954 -0.186205 -0.343953 -0.0208958 0.938766 52.3391
0.926307 0.0581413 0.372289 -0.128375 -0.0618685 0.998085 -0.00193511 -0.192192 -0.371687 -0.0212398 0.928127 52.5935
0.913687 0.0580362 0.402284 -0.00516742 -0.0617778 0.998084 -0.00367753 -0.206769 -0.401726 -0.021491 0.915519 52.8236
0.898814 0.0557438 0.4348 0.1359 -0.058912 0.998245 -0.006198 -0.210924 -0.434381 -0.0200434 0.900519 53.0666
0.881872 0.0560187 0.468176 0.281076 -0.0588723 0.99823 -0.00854759 -0.207751 -0.467826 -0.0200237 0.883605 53.2877
0.86287 0.0567014 0.502262 0.451261 -0.0582093 0.998225 -0.0126898 -0.218199 -0.502088 -0.0182859 0.864636 53.5616
0.841401 0.0584263 0.537268 0.62635 -0.0586975 0.998138 -0.01662 -0.227832 -0.537238 -0.0175511 0.84326 53.7951
0.817266 0.0585341 0.573303 0.814645 -0.0580067 0.998132 -0.0192181 -0.234678 -0.573356 -0.0175485 0.819133 54.0316
0.790356 0.060974 0.609627 1.02295 -0.0602549 0.997948 -0.021695 -0.249748 -0.609699 -0.0195852 0.792405 54.2913
0.76101 0.064087 0.645588 1.25037 -0.0631973 0.9977 -0.0245449 -0.267716 -0.645674 -0.0221198 0.763308 54.5543
0.728662 0.0642373 0.681872 1.50132 -0.0629137 0.997661 -0.0267557 -0.288622 -0.681995 -0.0234022 0.730997 54.8018
0.692741 0.0618277 0.718549 1.78683 -0.0603602 0.997794 -0.0276631 -0.310163 -0.718673 -0.0242079 0.694943 55.0504
0.65501 0.0616985 0.753114 2.07572 -0.0590405 0.997793 -0.030394 -0.320233 -0.753327 -0.0245548 0.657205 55.2691
0.613348 0.0609615 0.787473 2.41048 -0.0577153 0.997812 -0.0322912 -0.32691 -0.787716 -0.0256428 0.615523 55.5109
0.568153 0.0600301 0.820747 2.75537 -0.0553254 0.997866 -0.0346862 -0.337528 -0.821077 -0.0257 0.570259 55.7297
0.520764 0.0588639 0.851685 3.1331 -0.0526954 0.997935 -0.0367513 -0.362031 -0.852087 -0.0257406 0.522788 55.94
0.47257 0.0562213 0.879513 3.54989 -0.0515861 0.998017 -0.0360785 -0.375428 -0.879796 -0.02832 0.474532 56.1555
0.423866 0.0541835 0.904118 3.96697 -0.0516611 0.998031 -0.0355921 -0.397 -0.904263 -0.0316209 0.425829 56.3416
0.37444 0.0532659 0.925734 4.41348 -0.053167 0.997939 -0.0359153 -0.431093 -0.925739 -0.0357694 0.3765 56.5123
0.324424 0.0532695 0.944426 4.86378 -0.0506078 0.997962 -0.0389047 -0.441536 -0.944571 -0.0351731 0.326457 56.6666
0.277557 0.0486156 0.959491 5.34169 -0.0421942 0.998372 -0.0383795 -0.473672 -0.959795 -0.0298315 0.279155 56.7769
0.233295 0.0431314 0.971465 5.83328 -0.0289096 0.998884 -0.0374064 -0.502009 -0.971989 -0.0193574 0.23428 56.8605
0.191245 0.0407725 0.980708 6.35133 -0.0215729 0.999071 -0.0373286 -0.531551 -0.981318 -0.0140169 0.191946 56.9332
0.153316 0.0418636 0.987307 6.8616 -0.020045 0.99903 -0.0392483 -0.51916 -0.987987 -0.0137727 0.154005 56.9963
0.120511 0.042377 0.99182 7.39681 -0.0133664 0.999068 -0.0410622 -0.545804 -0.992635 -0.00830784 0.120964 57.0417
0.0910669 0.0408779 0.995022 7.94203 -0.00679627 0.99916 -0.0404263 -0.57069 -0.995834 -0.0030805 0.0912675 57.0805
0.0661682 0.0402462 0.99701 8.50132 -0.00485538 0.999188 -0.0400116 -0.579503 -0.997809 -0.00219274 0.0663092 57.1034
0.0461761 0.0397031 0.998161 9.06528 -0.00113968 0.999213 -0.0396926 -0.612193 -0.998946 0.000695671 0.0461844 57.1066
0.0296491 0.0399031 0.998778 9.64676 -0.000418349 0.999203 -0.0399074 -0.626638 -0.999574 0.00076596 0.0296417 57.1214
0.016271 0.0400968 0.99908 10.2394 0.000177387 0.999197 -0.0401048 -0.645253 -0.999881 0.000830164 0.0162502 57.1249
0.00459256 0.0418305 0.999128 10.8427 9.54926e-05 0.999125 -0.0418305 -0.661659 -1 0.000288018 0.00458409 57.1222
-0.004084 0.0435139 0.999062 11.4543 0.00499997 0.999043 -0.0434931 -0.687338 -0.999993 0.00481805 -0.00429817 57.1144
-0.0113711 0.0444743 0.99896 12.0636 0.00868504 0.998977 -0.044376 -0.704309 -0.999911 0.0081719 -0.0117462 57.104
-0.0156748 0.0443548 0.99891 12.7016 0.0086643 0.998985 -0.0442226 -0.719402 -0.999853 0.00796199 -0.0160438 57.092
-0.0201288 0.0419466 0.998932 13.3374 0.00640805 0.999105 -0.0418245 -0.741306 -0.999791 0.00555978 -0.0203799 57.0883
-0.02267 0.0360338 0.999111 14.0004 0.00451758 0.999345 -0.0359402 -0.764331 -0.999747 0.00369906 -0.0228186 57.0803
-0.0243164 0.0309921 0.999239 14.6735 0.0054288 0.999509 -0.0308682 -0.787092 -0.999704 0.00467447 -0.0244731 57.0666
-0.024884 0.0295042 0.999273 15.3496 0.00847241 0.999536 -0.0293016 -0.80081 -0.999668 0.00773726 -0.0251231 57.0456
-0.0251246 0.0306511 0.99923 16.0321 0.0112688 0.999476 -0.030375 -0.824083 -0.999635 0.0104973 -0.0254573 57.0299
-0.0240316 0.0372882 0.999034 16.7236 0.0111626 0.999253 -0.0370284 -0.838846 -0.999663 0.0102621 -0.0244306 57.0121
-0.021616 0.0444149 0.998795 17.4364 0.0109649 0.998964 -0.0441849 -0.870992 -0.999721 0.00999694 -0.022081 56.9931
-0.0198034 0.0454164 0.998791 18.1469 0.0120018 0.998908 -0.0451843 -0.883358 -0.999746 0.0110926 -0.0203277 56.9814
-0.0174784 0.0423247 0.998968 18.8828 0.0115369 0.999047 -0.042126 -0.927239 -0.999796 0.010789 -0.0179505 56.9682
-0.0153654 0.0365099 0.999234 19.6081 0.0116462 0.999274 -0.0363328 -0.973364 -0.999829 0.0110791 -0.0157802 56.9615
-0.0137755 0.0348252 0.999316 20.3122 0.0106305 0.999344 -0.0346795 -0.989768 -0.999864 0.0101459 -0.0141372 56.9529
-0.0105818 0.0387625 0.999212 21.0175 0.0151313 0.999142 -0.0386001 -1.03618 -0.999845 0.014711 -0.0111601 56.939
-0.00778632 0.0430886 0.999059 21.7333 0.0172912 0.99893 -0.0429481 -1.07029 -0.999836 0.0169408 -0.00852356 56.9365
-0.00679531 0.0440653 0.999025 22.4441 0.013083 0.998949 -0.0439735 -1.08863 -0.999907 0.0127716 -0.00736547 56.938
-0.00295649 0.0425259 0.999109 23.1908 0.00791688 0.999067 -0.0425006 -1.12689 -0.999981 0.0077844 -0.00329094 56.9499
0.00112164 0.0405944 0.999194 23.9183 0.0107429 0.99912 -0.040604 -1.1997 -0.999958 0.0107799 0.000683757 56.94
0.00240714 0.0413411 0.999161 24.631 0.0158501 0.99902 -0.0413735 -1.23371 -0.999888 0.0159366 0.00174898 56.936
0.00636441 0.0455996 0.998959 25.3793 0.0152225 0.998842 -0.0456918 -1.28439 -0.99988 0.0154975 0.00566208 56.942
0.00979646 0.0470564 0.998863 26.1091 0.0118119 0.998819 -0.0471702 -1.30691 -0.9999 0.0122608 0.0092285 56.9542
0.0126822 0.045932 0.998884 26.8476 0.0117929 0.99887 -0.0460816 -1.35498 -0.999867 0.0123642 0.0121253 56.9729
0.0168573 0.0449547 0.998866 27.5824 0.0138265 0.998885 -0.0451889 -1.39938 -0.99978 0.0145728 0.0162163 56.9863
0.0200912 0.044768 0.998816 28.3178 0.0168437 0.998842 -0.0451086 -1.45843 -0.999674 0.0177301 0.019313 57.0005
0.0221629 0.0456576 0.998731 29.0482 0.0190432 0.998758 -0.0460816 -1.49704 -0.999591 0.0200405 0.0212652 57.0074
0.025336 0.0453298 0.998672 29.7969 0.0191421 0.998769 -0.0458205 -1.54148 -0.999514 0.0202776 0.0244363 57.0254
0.0283991 0.0447266 0.998615 30.5415 0.019776 0.99878 -0.0452966 -1.57961 -0.99942 0.0210351 0.0274792 57.0427
0.031081 0.0436608 0.998585 31.2804 0.0215077 0.998787 -0.0443399 -1.6368 -0.999304 0.0228554 0.0301035 57.0589
0.034511 0.0438723 0.99846 32.0245 0.0202143 0.998803 -0.0445862 -1.67077 -0.999219 0.021722 0.033582 57.0872
0.0373292 0.0444932 0.998335 32.771 0.0180079 0.998818 -0.0451889 -1.7036 -0.99916 0.0196647 0.0364831 57.1223
0.0386381 0.044648 0.998275 33.5192 0.0191159 0.998788 -0.0454109 -1.76567 -0.999089 0.0208377 0.0377369 57.1448
0.0418881 0.0444364 0.998157 34.2679 0.0181302 0.998814 -0.0452273 -1.79413 -0.998978 0.0199911 0.0410321 57.184
0.0431815 0.0444886 0.998096 35.0391 0.0179205 0.998815 -0.045296 -1.83118 -0.998927 0.0198425 0.0423321 57.2322
0.0465574 0.0442063 0.997962 35.7327 0.0179109 0.998825 -0.0450811 -1.85737 -0.998777 0.0199732 0.0457098 57.2652
0.0478708 0.0435854 0.997923 36.4882 0.0177082 0.998856 -0.0444758 -1.89351 -0.998719 0.0198007 0.047043 57.3101
0.0506444 0.0466115 0.997653 37.2447 0.0162126 0.998743 -0.0474864 -1.94853 -0.998607 0.0185794 0.049824 57.3497
0.0540773 0.0479524 0.997406 38.016 0.0162621 0.998674 -0.0488954 -1.98614 -0.998427 0.0188642 0.0532245 57.3888
0.056555 0.0500038 0.997171 38.7883 0.0118611 0.998643 -0.0507513 -2.02824 -0.998351 0.0146977 0.0558841 57.4356
0.0585234 0.0499584 0.997057 39.5744 0.00761776 0.998698 -0.0504881 -2.0617 -0.998279 0.0105503 0.0580654 57.4974
0.0615426 0.0492367 0.996914 40.3617 0.00882767 0.998719 -0.0498717 -2.11725 -0.998088 0.0118696 0.0610281 57.549
0.0639994 0.0502725 0.996705 41.1451 0.0094377 0.998658 -0.0509774 -2.16026 -0.997927 0.0126693 0.0634377 57.5977
0.0670724 0.0503734 0.996501 41.9339 0.0082258 0.998665 -0.0510374 -2.19565 -0.997736 0.0116201 0.0665675 57.6591
0.0708721 0.0488401 0.996311 42.7271 0.00745036 0.998751 -0.04949 -2.23659 -0.99748 0.0109306 0.0704182 57.7202
0.0752502 0.0485006 0.996009 43.5302 0.00825275 0.998754 -0.0492588 -2.28175 -0.997153 0.0119264 0.0747552 57.7742
0.0785473 0.0531132 0.995517 44.3282 0.00439433 0.998555 -0.0536224 -2.32135 -0.996924 0.00858669 0.078199 57.862
0.0840586 0.0599163 0.994683 45.1286 0.00199744 0.99818 -0.0602969 -2.38752 -0.996481 0.00705523 0.083785 57.9458
0.0913705 0.0645563 0.993745 45.9271 0.000786371 0.997896 -0.0648985 -2.44404 -0.99584 0.00671133 0.0911258 58.0175
0.0980708 0.0655944 0.993041 46.7321 -0.0012497 0.997834 -0.0657888 -2.4965 -0.995201 0.00521092 0.0979394 58.1169
0.105906 0.0646964 0.992292 47.546 -0.00385626 0.997905 -0.0646509 -2.55173 -0.994393 0.00302046 0.105932 58.2108
0.11367 0.0631065 0.991538 48.3862 -0.00470827 0.998005 -0.0629795 -2.62503 -0.99353 0.00249038 0.113739 58.3026
0.120385 0.0620052 0.990813 49.1984 -0.00527776 0.998078 -0.061819 -2.67815 -0.992739 0.00221284 0.120479 58.4045
0.128852 0.0565335 0.990078 50.0173 -0.00686748 0.998403 -0.0561164 -2.72955 -0.991664 0.000431274 0.129033 58.5246
0.136205 0.050087 0.989439 50.8263 -0.00773353 0.99875 -0.0494943 -2.76376 -0.990678 -0.000910494 0.13642 58.6493
0.144421 0.0480777 0.988375 51.6574 -0.00665222 0.998846 -0.0476163 -2.79227 -0.989518 0.000301846 0.144573 58.7577
0.152429 0.0494178 0.987104 52.4608 -0.00663715 0.998782 -0.0489782 -2.84132 -0.98832 0.000914101 0.15257 58.884
0.158351 0.0505856 0.986115 53.2498 -0.00706006 0.998722 -0.0501 -2.89284 -0.987382 0.000971309 0.158505 59.0158
0.162799 0.0542408 0.985192 54.0354 -0.00748014 0.998531 -0.0537397 -2.93664 -0.986659 0.00137941 0.162964 59.1485
0.168995 0.0562924 0.984037 54.8309 -0.00774885 0.998415 -0.0557856 -2.98832 -0.985612 0.00180222 0.169162 59.2919
0.174225 0.0567912 0.983092 55.6022 -0.0101548 0.998391 -0.0558757 -3.03648 -0.984682 -0.00024804 0.174519 59.4358
0.179047 0.0534602 0.982417 56.3645 -0.0075756 0.998571 -0.0529601 -3.09567 -0.983837 0.00203986 0.179195 59.5715
0.185232 0.0482179 0.981536 57.1345 -0.00554559 0.998836 -0.0480216 -3.12887 -0.982708 0.00345203 0.185281 59.7151
0.188909 0.0416346 0.981143 57.8881 -0.00625534 0.999136 -0.0411948 -3.17377 -0.982001 0.00164465 0.189005 59.8651
0.191684 0.0386987 0.980719 58.6236 -0.00876105 0.999256 -0.0377182 -3.19749 -0.981448 -0.001362 0.191878 60.0221
0.195514 0.0379374 0.979999 59.3582 -0.0102961 0.99928 -0.0366308 -3.23805 -0.980673 -0.00292847 0.195762 60.174
0.197392 0.039439 0.979557 60.0776 -0.012094 0.999219 -0.0377937 -3.26087 -0.98028 -0.00438646 0.197712 60.3264
0.199952 0.0426955 0.978907 60.7907 -0.0146281 0.999074 -0.0405882 -3.29233 -0.979723 -0.006204 0.200391 60.4829
0.201567 0.0476413 0.978342 61.4824 -0.0158884 0.998851 -0.0453667 -3.32408 -0.979377 -0.00639966 0.20209 60.6355
0.203313 0.0522279 0.977752 62.1731 -0.0167422 0.998621 -0.0498624 -3.36655 -0.978998 -0.00623229 0.203906 60.7932
0.205956 0.05297 0.977154 62.8622 -0.0162657 0.998589 -0.0507036 -3.41249 -0.978457 -0.00545141 0.206524 60.939
0.207666 0.0528589 0.976803 63.5334 -0.0175438 0.998586 -0.0503089 -3.43645 -0.97807 -0.00668973 0.208298 61.0926
0.208151 0.0506835 0.97681 64.2037 -0.0188418 0.998686 -0.0478034 -3.48809 -0.977948 -0.00845448 0.208829 61.2426
0.209839 0.0498911 0.976495 64.8543 -0.0201997 0.998711 -0.0466865 -3.52629 -0.977556 -0.00992855 0.210575 61.3846
0.209106 0.0485819 0.976713 65.5075 -0.0188519 0.998789 -0.0456437 -3.5523 -0.977744 -0.00886844 0.209765 61.5273
0.207869 0.0477324 0.977025 66.1416 -0.0186244 0.998827 -0.0448361 -3.58434 -0.978009 -0.00887676 0.208513 61.6661
0.206753 0.0483975 0.977223 66.7644 -0.0205106 0.99878 -0.0451253 -3.62616 -0.978211 -0.0107136 0.20749 61.8
0.202841 0.0516388 0.977883 67.3717 -0.0189017 0.998635 -0.048815 -3.66296 -0.979059 -0.00858229 0.203538 61.9419
0.201561 0.0562248 0.977889 67.9703 -0.018797 0.998399 -0.0535289 -3.70456 -0.979329 -0.00759218 0.202292 62.068
0.199492 0.0566537 0.978295 68.5657 -0.0177641 0.998379 -0.0541954 -3.74307 -0.979768 -0.00656743 0.200174 62.1862
0.196612 0.0564954 0.978881 69.1688 -0.0185988 0.998383 -0.0538847 -3.7793 -0.980338 -0.00761177 0.197342 62.3143
0.194425 0.0536322 0.979484 69.7441 -0.0186568 0.998533 -0.0509728 -3.79984 -0.980771 -0.00836416 0.195139 62.4332
0.192369 0.0508597 0.980034 70.3157 -0.0168966 0.99869 -0.0485108 -3.81987 -0.981211 -0.00722733 0.192973 62.5507
0.189624 0.0496535 0.980635 70.8779 -0.0147892 0.99876 -0.0477121 -3.86938 -0.981776 -0.00545596 0.190121 62.6543
0.187918 0.0511128 0.980885 71.4188 -0.0114055 0.998702 -0.0498558 -3.90432 -0.982153 -0.00181889 0.188255 62.753
0.18563 0.0518091 0.981288 71.9606 -0.00868241 0.998665 -0.0510849 -3.94236 -0.982614 0.000962268 0.18583 62.8487
0.183221 0.0517189 0.981743 72.5007 -0.00828259 0.998672 -0.0510647 -3.96394 -0.983071 0.0012245 0.183403 62.9479
0.182793 0.053861 0.981711 73.0353 -0.00910649 0.998558 -0.0530904 -3.9987 -0.983142 0.000763984 0.183017 63.0533
0.180467 0.0527794 0.982196 73.5952 -0.00792763 0.998616 -0.0522049 -4.02246 -0.983584 0.00163448 0.180633 63.178
0.180419 0.0509029 0.982308 74.1427 -0.00418446 0.9987 -0.0509847 -4.06017 -0.983615 0.00508751 0.180396 63.2673
0.182969 0.0492922 0.981915 74.6849 0.000305828 0.99875 -0.0501941 -4.09177 -0.983154 0.00948394 0.182723 63.3604
0.184171 0.0490241 0.981708 75.2586 0.00165682 0.998748 -0.0501867 -4.12616 -0.982926 0.0108688 0.183858 63.4648
0.186201 0.0489402 0.981326 75.8293 -0.000346101 0.998773 -0.0497446 -4.15686 -0.982548 0.00892252 0.185987 63.5792
0.19189 0.0495313 0.980203 76.3818 -0.00224542 0.998756 -0.0500301 -4.18378 -0.981447 0.00739877 0.191761 63.6985
0.197101 0.050338 0.979124 76.9744 -0.00295528 0.998717 -0.0507504 -4.23315 -0.980415 0.00710894 0.196993 63.8032
0.204185 0.0506643 0.977658 77.5613 -0.00414077 0.998706 -0.0508911 -4.27245 -0.978957 0.00634248 0.204129 63.9561
0.212509 0.0498375 0.975923 78.1362 -0.00419981 0.998747 -0.0500886 -4.30541 -0.977187 0.00654513 0.212449 64.0887
0.22169 0.0497026 0.973888 78.7156 -0.00528732 0.998758 -0.049769 -4.33903 -0.975137 0.0058836 0.221676 64.2304
0.230584 0.0498717 0.971809 79.304 -0.00745355 0.998758 -0.0494862 -4.38217 -0.973062 0.00416685 0.230665 64.3765
0.240488 0.0522768 0.969283 79.8903 -0.0111817 0.998643 -0.0510869 -4.40441 -0.970623 0.00144719 0.240744 64.5374
0.249133 0.0546565 0.966961 80.4939 -0.0144977 0.998516 -0.052705 -4.43475 -0.968399 -0.000888546 0.249552 64.7018
0.260695 0.0558169 0.963846 81.0973 -0.0164791 0.998451 -0.0533646 -4.45602 -0.965316 -0.00197175 0.261209 64.8782
0.271069 0.0568898 0.960914 81.7126 -0.0178387 0.998389 -0.0540765 -4.5025 -0.962434 -0.00248339 0.271642 65.063
0.279959 0.0580397 0.958297 82.3348 -0.0190821 0.998322 -0.05489 -4.52755 -0.959859 -0.00291969 0.280595 65.2506
0.289347 0.0580947 0.955498 82.9721 -0.0198118 0.998318 -0.054699 -4.56825 -0.957059 -0.00310341 0.290006 65.4602
0.29801 0.0586129 0.952803 83.6237 -0.0228717 0.998277 -0.0542575 -4.58999 -0.954326 -0.00562323 0.298835 65.6975
0.310579 0.0552284 0.948981 84.2739 -0.0233353 0.998465 -0.0504715 -4.61554 -0.950302 -0.00646951 0.311386 65.9244
0.319971 0.0484738 0.946229 84.9485 -0.0196157 0.998828 -0.044536 -4.66245 -0.947263 -0.00431098 0.320544 66.1581
0.331835 0.0444196 0.942331 85.6299 -0.0179336 0.999019 -0.040777 -4.69842 -0.943208 -0.00336836 0.3323 66.3958
0.342289 0.0404191 0.938767 86.3195 -0.0155914 0.999194 -0.0373366 -4.72246 -0.939504 -0.00185719 0.34264 66.6621
0.35115 0.0385808 0.935564 87.0126 -0.0126297 0.999266 -0.0364677 -4.7677 -0.936275 0.00098937 0.351374 66.9309
0.359912 0.0352063 0.932365 87.7111 -0.00745385 0.999376 -0.03486 -4.78886 -0.932997 0.00559628 0.359946 67.198
0.368345 0.0244863 0.929406 88.4333 0.00438659 0.999607 -0.0280747 -4.81389 -0.929721 0.0144175 0.368087 67.4547
0.374477 0.0197726 0.927071 89.1538 0.00974365 0.999646 -0.025257 -4.84916 -0.927227 0.0184904 0.374148 67.7406
0.38218 0.0186696 0.92394 89.864 0.013316 0.999592 -0.0257068 -4.85677 -0.924035 0.0221272 0.38177 68.031
0.388287 0.0242621 0.921265 90.5805 0.0142509 0.999389 -0.0323267 -4.89029 -0.92147 0.0256799 0.3877 68.335
0.394787 0.0273587 0.918407 91.2897 0.0201753 0.999068 -0.0384346 -4.89276 -0.918595 0.0337019 0.393861 68.6428
0.400331 0.0284372 0.915976 92.0068 0.0195111 0.99904 -0.0395444 -4.91613 -0.916204 0.0337013 0.399389 68.9538
0.4047 0.0283329 0.914053 92.7137 0.0153907 0.999179 -0.0377864 -4.95417 -0.914366 0.0293595 0.403925 69.2835
0.409974 0.030917 0.911621 93.409 0.0109691 0.999199 -0.0388211 -4.97691 -0.912075 0.0259142 0.409302 69.6097
0.414165 0.0310147 0.909718 94.0949 0.00997476 0.999217 -0.0386079 -5.02833 -0.910195 0.0250637 0.413524 69.9246
0.416746 0.0353331 0.908384 94.7707 0.00709784 0.9991 -0.0421191 -5.06444 -0.90904 0.0239995 0.416116 70.2386
0.420211 0.0370923 0.906714 95.4332 0.00513693 0.999064 -0.0432517 -5.09356 -0.907462 0.022832 0.419618 70.5521
0.422474 0.0361943 0.9057 96.0976 0.00536578 0.999098 -0.0424306 -5.1287 -0.906404 0.0227846 0.421893 70.8722
0.426013 0.0343811 0.90411 96.7598 0.00597424 0.999162 -0.0408116 -5.17291 -0.904747 0.022787 0.425442 71.184
0.429496 0.0327262 0.902524 97.4013 0.0056019 0.999241 -0.0389 -5.20486 -0.903097 0.0217623 0.428982 71.4927
0.43136 0.0297104 0.901737 98.0381 0.0076861 0.999313 -0.036603 -5.23157 -0.902197 0.0227193 0.430827 71.7855
0.43313 0.031053 0.900846 98.6441 0.00600676 0.999298 -0.0373359 -5.25443 -0.901357 0.0215814 0.432635 72.0862
0.434769 0.0315635 0.900035 99.2583 0.00650089 0.999262 -0.0381845 -5.30233 -0.900568 0.0224518 0.434235 72.3831
0.436535 0.0306028 0.899217 99.8678 0.00797413 0.999264 -0.0378801 -5.34077 -0.899699 0.0237053 0.435965 72.6706
0.435815 0.028711 0.899625 100.462 0.0109089 0.999262 -0.0371765 -5.37982 -0.90002 0.0260153 0.435172 72.9637
0.437943 0.028819 0.898592 101.049 0.0102369 0.999274 -0.0370384 -5.40167 -0.898992 0.0254183 0.437325 73.2552
0.437803 0.0283253 0.898672 101.625 0.0126899 0.999222 -0.0376775 -5.43047 -0.899032 0.0278985 0.437095 73.5414
0.439976 0.0286837 0.897603 102.194 0.0120214 0.999225 -0.0378249 -5.46271 -0.897977 0.0274312 0.439285 73.8277
0.443016 0.0281727 0.896119 102.751 0.0130489 0.99921 -0.0378658 -5.49865 -0.89647 0.0284676 0.44229 74.1001
0.445674 0.027357 0.89483 103.309 0.0148593 0.999182 -0.0379493 -5.5368 -0.895121 0.0302082 0.444898 74.3768
0.447644 0.0260902 0.893879 103.859 0.0180332 0.99912 -0.0381936 -5.55676 -0.894082 0.0332158 0.446771 74.6499
0.450722 0.0252609 0.892361 104.391 0.0188108 0.999122 -0.0377857 -5.59329 -0.892516 0.0338155 0.449847 74.912
0.453349 0.0245691 0.891043 104.925 0.0201121 0.999096 -0.0377822 -5.61895 -0.891159 0.0350484 0.452436 75.1853
0.456148 0.0237712 0.889641 105.467 0.020462 0.999112 -0.0371893 -5.64462 -0.889719 0.0351662 0.455252 75.454
0.459263 0.0234565 0.888039 105.981 0.0215672 0.999075 -0.0375442 -5.67885 -0.888092 0.0363943 0.458323 75.719
0.462034 0.0249237 0.886566 106.512 0.0202133 0.999063 -0.0386219 -5.72023 -0.886682 0.0357636 0.461092 75.9804
0.465682 0.0238445 0.884679 107.023 0.0232643 0.998974 -0.039172 -5.73775 -0.884699 0.0388223 0.464641 76.2551
0.46997 0.026748 0.882332 107.521 0.0214308 0.998914 -0.0416986 -5.75811 -0.882473 0.0385046 0.468881 76.5285
0.474948 0.0324289 0.879465 108.022 0.0176639 0.99878 -0.0463687 -5.79021 -0.87989 0.0375566 0.473787 76.8073
0.4799 0.0384179 0.876536 108.516 0.0130695 0.998631 -0.0509261 -5.82129 -0.877276 0.0358939 0.478736 77.0967
0.486576 0.0449188 0.872532 109 0.00820457 0.998411 -0.0559753 -5.85425 -0.873655 0.0343942 0.485425 77.3845
0.492357 0.0505323 0.86898 109.504 0.00668269 0.998078 -0.0618274 -5.90535 -0.870419 0.0362467 0.491068 77.6688
0.498337 0.0509773 0.865534 109.989 0.00338423 0.998161 -0.0607379 -5.94589 -0.867033 0.0331963 0.497237 77.9638
0.503001 0.0499734 0.862896 110.496 -0.0020912 0.998408 -0.0566037 -5.98748 -0.864336 0.0266658 0.502299 78.2834
0.508218 0.0476836 0.859958 111.015 -0.00668903 0.998668 -0.0514228 -6.02128 -0.861259 0.020381 0.507849 78.6108
0.514936 0.045533 0.856075 111.528 -0.0119177 0.998885 -0.0459614 -6.05011 -0.857198 0.0134635 0.514899 78.9377
0.520109 0.0441813 0.853008 112.062 -0.0128108 0.998966 -0.0439309 -6.08944 -0.85406 0.0119205 0.520126 79.2908
0.525826 0.0464016 0.849382 112.596 -0.0164182 0.998891 -0.0444065 -6.11644 -0.850487 0.00940359 0.526 79.6476
0.532744 0.0501972 0.844839 113.118 -0.0207617 0.998729 -0.0462498 -6.14293 -0.846079 0.00709854 0.533097 80.0013
0.539199 0.0526279 0.840591 113.652 -0.0227688 0.998605 -0.0479171 -6.17151 -0.841925 0.0066965 0.539639 80.3634
0.544935 0.0546629 0.836748 114.205 -0.0250068 0.998503 -0.0489453 -6.19716 -0.838163 0.00574693 0.545474 80.7324
0.552055 0.0555376 0.832015 114.763 -0.0271813 0.998461 -0.048614 -6.21829 -0.833419 0.00422136 0.55271 81.1294
0.558599 0.0572472 0.827514 115.339 -0.0302693 0.998372 -0.0486354 -6.25087 -0.828943 0.00211863 0.559411 81.5326
0.565055 0.0556455 0.823235 115.92 -0.0298039 0.998462 -0.0470341 -6.29688 -0.824571 0.00204023 0.565839 81.9375
0.573712 0.0532414 0.81738 116.511 -0.0293812 0.998596 -0.0444239 -6.32514 -0.818589 0.00147009 0.574458 82.364
0.581399 0.0531604 0.811942 117.102 -0.0299589 0.998599 -0.0439303 -6.36211 -0.813124 0.00121509 0.58217 82.7991
0.588679 0.055218 0.806536 117.71 -0.0332715 0.998489 -0.0440766 -6.37082 -0.807742 -0.000888446 0.589614 83.256
0.596864 0.0559412 0.800452 118.311 -0.0346327 0.998447 -0.0439555 -6.40203 -0.801653 -0.00148732 0.597868 83.7259
0.603551 0.0566116 0.79537 118.924 -0.0360007 0.998409 -0.043746 -6.43252 -0.796573 -0.00223162 0.604615 84.2004
0.608434 0.0551071 0.791752 119.544 -0.0348137 0.998493 -0.0427446 -6.46393 -0.7929 -0.00155751 0.609429 84.6768
0.612843 0.0544078 0.788389 120.171 -0.0343708 0.998532 -0.0421939 -6.49692 -0.789519 -0.00124013 0.6138 85.1735
0.61586 0.052868 0.786143 120.81 -0.0313965 0.998615 -0.0425619 -6.53694 -0.787289 0.00152895 0.61666 85.6673
0.619367 0.0500432 0.783565 121.462 -0.0270335 0.998748 -0.042419 -6.56877 -0.784699 0.00508945 0.619931 86.1689
0.622739 0.0439288 0.781259 122.133 -0.0197089 0.999001 -0.0404633 -6.61168 -0.782241 0.00979904 0.622976 86.6782
0.62646 0.0384977 0.778564 122.783 -0.0139709 0.999188 -0.038167 -6.63435 -0.779393 0.0130319 0.626476 87.2021
0.629594 0.0325162 0.776308 123.416 -0.0075093 0.999347 -0.0357694 -6.67783 -0.776949 0.0166894 0.62942 87.7221
0.6333 0.0315362 0.773326 124.085 -0.00628404 0.999362 -0.0356089 -6.71136 -0.773946 0.0176904 0.63308 88.2674
0.635739 0.0331962 0.771256 124.74 -0.00865475 0.999333 -0.0358801 -6.75322 -0.771917 0.0161341 0.635596 88.822
0.64039 0.0361135 0.767264 125.411 -0.0119252 0.999257 -0.0370807 -6.77902 -0.768023 0.0145952 0.640331 89.3908
0.643298 0.0390297 0.764687 126.069 -0.016903 0.999196 -0.0367804 -6.81016 -0.765491 0.0107341 0.643433 89.9663
0.646394 0.0366738 0.762187 126.738 -0.0177027 0.999312 -0.0330714 -6.84693 -0.762866 0.00788333 0.646584 90.5388
0.650423 0.033899 0.758883 127.404 -0.0201437 0.999438 -0.0273809 -6.86548 -0.759368 0.00252154 0.650733 91.1244
0.653663 0.0281522 0.756328 128.066 -0.0197559 0.999619 -0.020135 -6.89886 -0.756598 -0.0017815 0.653954 91.7074
0.658738 0.0242585 0.75205 128.746 -0.0174952 0.99972 -0.0169243 -6.91624 -0.752234 -0.00200933 0.65897 92.3046
0.662645 0.0225687 0.748662 129.418 -0.0169504 0.999759 -0.0151364 -6.95889 -0.748814 -0.00266096 0.662852 92.895
0.668241 0.0195324 0.743758 130.09 -0.0058483 0.99978 -0.021003 -6.9857 -0.743988 0.00968436 0.6682 93.477
0.673186 0.0225989 0.739198 130.766 -0.00330423 0.999633 -0.0275527 -7.00831 -0.73954 0.0161044 0.672996 94.0862
0.679539 0.0234629 0.733336 131.438 -0.000609802 0.999524 -0.0314158 -7.03885 -0.733707 0.0208998 0.679221 94.6995
0.68587 0.0210203 0.727492 132.106 0.000416303 0.99959 -0.0292756 -7.02756 -0.727799 0.0203808 0.685562 95.3393
0.691088 0.0178153 0.722624 132.753 0.0039403 0.999606 -0.0284136 -7.08532 -0.722829 0.0224824 0.690736 95.9581
0.696497 0.0148761 0.71748 133.437 0.00806476 0.999578 -0.0285548 -7.11047 -0.717593 0.0256731 0.696065 96.6132
0.702298 0.0172697 0.71175 134.083 0.00999856 0.999387 -0.0341161 -7.14883 -0.711886 0.0310745 0.701684 97.2523
0.705489 0.0173555 0.708585 134.739 0.0110234 0.99933 -0.0354528 -7.15823 -0.708715 0.0328207 0.704807 97.9148
0.7093 0.014966 0.704825 135.386 0.0128867 0.999351 -0.0341895 -7.19547 -0.704863 0.0333317 0.708636 98.5669
0.711839 0.00883709 0.702365 136.043 0.0169506 0.999434 -0.0297549 -7.23313 -0.702218 0.0330842 0.711268 99.2265
0.712848 0.00599776 0.701371 136.71 0.0193685 0.999434 -0.0282332 -7.2679 -0.701125 0.0337085 0.712317 99.8951
0.714038 0.00238043 0.700183 137.36 0.0222952 0.999431 -0.0261351 -7.30121 -0.699835 0.03427 0.713559 100.561
0.713325 -0.000765039 0.700912 138.017 0.0249572 0.999413 -0.0243095 -7.32519 -0.700463 0.0348312 0.712915 101.254
0.712046 -0.00148966 0.702211 138.672 0.0256781 0.999406 -0.0239184 -7.34368 -0.701745 0.0350602 0.711642 101.93
0.712243 -0.000431002 0.702012 139.316 0.0241354 0.999445 -0.0238746 -7.3736 -0.701593 0.0339455 0.711847 102.602
0.710721 0.001532 0.703551 139.964 0.0220676 0.999479 -0.0244699 -7.39141 -0.703209 0.0329149 0.710298 103.27
0.709276 0.00379347 0.705001 140.61 0.019209 0.999532 -0.0247048 -7.41662 -0.704746 0.0310626 0.708859 103.942
0.707399 0.00485953 0.706878 141.261 0.0181063 0.999546 -0.024992 -7.43186 -0.706666 0.0304763 0.706969 104.614
0.705097 0.00637469 0.709163 141.909 0.0149885 0.999625 -0.0238893 -7.44961 -0.709029 0.0274712 0.704724 105.284
0.702231 0.00560312 0.712008 142.588 0.0148913 0.999658 -0.0225544 -7.48843 -0.711878 0.026439 0.701886 105.962
0.699831 0.00444214 0.714375 143.244 0.0142295 0.999718 -0.0201571 -7.50531 -0.714243 0.0242695 0.699558 106.624
0.696721 0.00183917 0.717421 143.907 0.0166353 0.99971 -0.018719 -7.53387 -0.717233 0.0249744 0.696468 107.27
0.695084 0.00570371 0.718987 144.57 0.0139721 0.999695 -0.021439 -7.58603 -0.71887 0.0249453 0.694779 107.9
0.688661 0.0148153 0.725015 145.229 0.0107897 0.999496 -0.0306736 -7.59101 -0.725088 0.0289442 0.688133 108.553
0.686171 0.0203535 0.727237 145.888 0.00729869 0.99939 -0.0348576 -7.62226 -0.727481 0.0292236 0.685591 109.19
0.682683 0.0180427 0.730574 146.552 0.00671166 0.999524 -0.0309574 -7.66079 -0.730769 0.0260352 0.682217 109.82
0.678899 0.0167948 0.734122 147.216 0.00226191 0.999711 -0.0249632 -7.68933 -0.734307 0.0186056 0.67865 110.457
0.674996 0.0138504 0.737775 147.874 0.00170109 0.999818 -0.0203271 -7.71418 -0.737905 0.0149738 0.67483 111.084
0.671904 0.0136459 0.740595 148.532 0.00168221 0.999825 -0.0199489 -7.73766 -0.740716 0.0146471 0.671749 111.686
0.668856 0.0113085 0.74339 149.19 0.00465465 0.999828 -0.0193984 -7.77447 -0.743463 0.0164331 0.668668 112.296
0.66442 0.0104351 0.747371 149.866 0.00650583 0.99981 -0.0197439 -7.80154 -0.747412 0.0179778 0.664211 112.89
0.661447 0.0107716 0.749999 150.529 0.00832435 0.999758 -0.0217013 -7.83849 -0.750031 0.0205955 0.661178 113.479
0.657516 0.0108329 0.753448 151.2 0.00932489 0.999731 -0.0225118 -7.86804 -0.753464 0.0218248 0.657223 114.072
0.652891 0.0108522 0.757459 151.873 0.00952453 0.99973 -0.0225339 -7.89105 -0.757479 0.0219244 0.652591 114.662
0.649636 0.0104667 0.76026 152.553 0.00914464 0.999754 -0.0215781 -7.90099 -0.760273 0.0209671 0.649365 115.249
0.644605 0.0109507 0.764522 153.236 0.00825021 0.999769 -0.0212772 -7.94265 -0.764557 0.0200207 0.644346 115.835
0.638117 0.0110285 0.769947 153.92 0.00770883 0.999785 -0.0207098 -7.95279 -0.769984 0.0191475 0.63788 116.414
0.632971 0.015719 0.774102 154.607 0.00572746 0.999701 -0.0249836 -7.97956 -0.774242 0.0202453 0.632672 116.996
0.627095 0.0218724 0.778724 155.295 0.00190958 0.999589 -0.029614 -8.0036 -0.779023 0.0200546 0.626781 117.562
0.619564 0.0232704 0.784687 155.998 0.000920349 0.999569 -0.03037 -8.02855 -0.785033 0.019536 0.619256 118.125
0.613359 0.0178686 0.78969 156.726 0.000273932 0.999771 -0.0228352 -8.06229 -0.789887 0.0142196 0.613199 118.692
0.605791 0.015158 0.795564 157.487 -0.00332887 0.999889 -0.0165167 -8.06085 -0.795703 0.0073554 0.605755 119.291
0.597386 0.0101883 0.801977 158.224 -0.00304039 0.999972 -0.0104392 -8.09611 -0.80203 0.00379512 0.597386 119.853
0.591349 0.0101234 0.806435 158.981 -0.00519859 0.999979 -0.00874137 -8.1013 -0.806484 0.000975081 0.59137 120.429
0.582543 0.0118519 0.8128 159.732 -0.0054249 0.999959 -0.0106931 -8.12179 -0.812862 0.00181704 0.58257 120.958
0.574914 0.0119004 0.818209 160.488 -0.000532307 0.999931 -0.01417 -8.14386 -0.818298 0.00770905 0.574862 121.489
0.568317 0.0189706 0.822676 161.252 -0.000445737 0.999772 -0.0227468 -8.15372 -0.822891 0.0125574 0.568182 122.029
0.560628 0.0224328 0.827845 162.022 0.00154694 0.999635 -0.028136 -8.17573 -0.82815 0.0170523 0.56037 122.537
0.552508 0.0189305 0.833378 162.815 0.0039504 0.999702 -0.025328 -8.19578 -0.83358 0.0172828 0.552254 123.062
0.545257 0.0149232 0.838217 163.611 0.0070183 0.999758 -0.022365 -8.23417 -0.838323 0.0180753 0.545002 123.58
0.537717 0.0154068 0.84307 164.39 0.00526852 0.999784 -0.0216313 -8.26687 -0.84319 0.0160699 0.537506 124.079
0.530613 0.0152403 0.847558 165.168 0.00553029 0.999787 -0.0214405 -8.28341 -0.847679 0.0160617 0.530398 124.576
0.523966 0.0138861 0.851711 165.946 0.00683979 0.999798 -0.0205087 -8.29987 -0.851793 0.016568 0.523751 125.056
0.518847 0.00899955 0.854899 166.73 0.00976409 0.999849 -0.016452 -8.3266 -0.854893 0.0168812 0.518665 125.511
0.512743 0.00748741 0.858594 167.501 0.00929068 0.999886 -0.0142683 -8.34806 -0.858574 0.0152895 0.512601 125.982
0.509274 0.00700405 0.860657 168.262 0.00836891 0.999912 -0.01309 -8.3617 -0.860647 0.013867 0.509154 126.436
0.504517 0.00780314 0.86345 169.018 0.00737211 0.999915 -0.0133444 -8.39036 -0.863452 0.0130945 0.504404 126.89
0.499805 0.0104501 0.866156 169.781 0.00783225 0.999865 -0.0165834 -8.41488 -0.866185 0.0150701 0.499639 127.326
0.497319 0.0154835 0.867513 170.519 0.00712795 0.999766 -0.0219306 -8.4387 -0.86762 0.0170865 0.497078 127.764
