1 0 0 0 0 1 0 0 0 0 1 0
1 -2.20563e-05 -7.24778e-05 -0.00493009 2.20554e-05 1 0.000930832 -0.00559843 7.24008e-05 -0.000930845 1 1.30878
1 -0.000243164 0.000618185 -0.00992584 0.000242303 0.999999 0.00136295 -0.00499503 -0.000618531 -0.0013628 0.999999 2.60141
1 -0.000130751 -0.000591677 -0.0116315 0.000131999 0.999997 0.00238864 -0.0117307 0.00059125 -0.00238878 0.999998 3.92097
1 -3.4206e-06 0.000885904 -0.011467 1.01518e-06 0.999996 0.0026861 -0.00535795 -0.000885958 -0.00268611 0.999996 5.22175
1 2.90578e-05 0.000124871 -0.0151631 -2.97e-05 0.999994 0.00349945 -0.00054731 -0.000124859 -0.0034995 0.999995 6.54726
1 -9.08699e-05 0.000214815 -0.0171801 8.98608e-05 0.99999 0.00449101 -0.00589138 -0.000215286 -0.00449104 0.99999 7.87347
1 0.000131831 0.000938096 -0.0234022 -0.000136708 0.999988 0.0049701 0.00026651 -0.000937524 -0.00497027 0.999988 9.19492
1 0.000572831 -0.000411713 -0.0300926 -0.00057065 0.999986 0.00525752 -0.00148025 0.000414609 -0.00525731 0.999986 10.5268
0.999996 0.00326992 0.000459943 -0.0358768 -0.00327183 0.999988 0.00370256 -0.00217817 -0.00044791 -0.00370407 0.999994 11.8495
0.999995 0.00345237 -0.000123527 -0.039234 -0.0034518 0.999985 0.00431917 0.00455395 0.000138429 -0.00431874 0.999991 13.191
0.999995 0.00341829 -0.000323318 -0.0494111 -0.00341676 0.999981 0.00531754 0.00354551 0.000341407 -0.00531642 0.999987 14.5279
0.999994 0.00355479 0.000739491 -0.0588045 -0.00355923 0.999975 0.00609856 0.0080675 -0.000717789 -0.00610117 0.999981 15.8634
0.999998 0.00264546 0.000194628 -0.0574928 -0.00264721 0.999966 0.00785459 0.0136202 -0.000173849 -0.00785513 0.99997 17.2195
0.999999 -0.00128017 0.00140692 -0.0561796 0.00126489 0.999941 0.0108121 0.0203754 -0.0014206 -0.0108104 0.999941 18.5671
1 -0.00138122 -0.000353667 -0.0503237 0.00138519 0.999928 0.0119975 0.0405682 0.00033716 -0.0119981 0.999929 19.9183
0.999999 -0.00148383 0.00143643 -0.0464844 0.00146441 0.999909 0.0133909 0.0713194 -0.00145602 -0.0133888 0.999909 21.2579
1 -0.001381 0.00107774 -0.0430668 0.00136549 0.9999 0.0141226 0.114259 -0.00109708 -0.0141213 0.999901 22.6203
0.999998 -0.00125166 0.00202908 -0.0481185 0.00122057 0.999884 0.0152133 0.144242 -0.00204772 -0.0152108 0.999883 23.9765
0.999991 -0.00130336 0.00445197 -0.0556243 0.00121974 0.999825 0.0187092 0.152907 -0.00447551 -0.0187039 0.999817 25.3292
0.999994 -0.00164157 0.00336891 -0.0521075 0.00157244 0.999791 0.0204106 0.168055 -0.00340149 -0.0204053 0.999787 26.7075
0.999988 -0.00156517 0.00479469 -0.0537988 0.00146002 0.999762 0.0218429 0.171284 -0.00482771 -0.0218358 0.999753 28.0555
0.999996 5.41077e-05 0.0035654 -0.0613812 -0.00013163 0.999765 0.0217311 0.179829 -0.00356323 -0.0217317 0.999759 29.4459
0.999985 0.000879416 0.00567471 -0.0618239 -0.00100384 0.99976 0.0219523 0.186643 -0.00565405 -0.021958 0.999746 30.8049
0.99998 0.00399378 0.00547898 -0.0690925 -0.0040986 0.999808 0.0192529 0.213434 -0.00540081 -0.0192751 0.9998 32.2034
0.999977 0.00404262 0.00584891 -0.0694304 -0.00416142 0.999784 0.0204361 0.221563 -0.00576505 -0.0204603 0.999777 33.5853
0.999968 0.00422358 0.00717392 -0.0704325 -0.00437356 0.999771 0.0210177 0.242915 -0.00708339 -0.0210486 0.999754 34.949
0.999978 0.00420359 0.00555278 -0.0654885 -0.00433056 0.999726 0.0230396 0.26325 -0.0054544 -0.0230635 0.999722 36.3482
0.999966 0.00488884 0.00715418 -0.0716898 -0.00506281 0.999689 0.024482 0.290424 -0.00703218 -0.0245176 0.999676 37.7306
0.999968 0.00608394 0.00567565 -0.0684343 -0.00622255 0.999676 0.0247176 0.314024 -0.00552336 -0.0247524 0.999683 39.1313
0.999963 0.00694659 0.00583806 -0.0732079 -0.00709235 0.999656 0.0253022 0.331124 -0.00566019 -0.0253428 0.999664 40.5306
0.999946 0.00768224 0.00740301 -0.0763236 -0.00787494 0.999623 0.0263481 0.356193 -0.00719768 -0.0264052 0.99963 41.9257
0.999955 0.00788629 0.00593624 -0.0753985 -0.0080445 0.999602 0.0270868 0.385665 -0.00572015 -0.0271335 0.999617 43.3248
0.99995 0.00778311 0.00679315 -0.0728697 -0.00796596 0.999597 0.0272992 0.409432 -0.00657776 -0.0273521 0.999609 44.7387
0.999957 0.00823548 0.00509599 -0.0730245 -0.00837433 0.999579 0.0278237 0.433338 -0.00486458 -0.0278653 0.999601 46.138
0.999952 0.00838607 0.00584844 -0.0680157 -0.00854988 0.999557 0.0285418 0.46138 -0.00560634 -0.0285906 0.999581 47.5429
0.99996 0.00893642 0.00315574 -0.0707602 -0.0090256 0.999528 0.0294042 0.48978 -0.00289132 -0.0294316 0.999564 48.9681
0.999956 0.00961668 0.00206427 -0.074685 -0.00967346 0.99952 0.0294575 0.514943 -0.00177973 -0.0294764 0.999569 50.3871
0.999951 0.0100019 0.00271472 -0.0800355 -0.01008 0.999488 0.0304081 0.543558 -0.00240904 -0.0304341 0.999536 51.7926
0.99995 0.0104575 0.000350919 -0.0826732 -0.0104635 0.999448 0.0315809 0.574744 -2.02238e-05 -0.0315832 0.999508 53.2255
0.99995 0.0104671 0.000800272 -0.086245 -0.0104879 0.999411 0.0327128 0.602829 -0.000457277 -0.0327197 0.999467 54.6496
0.999949 0.0105337 -0.000775713 -0.0861756 -0.0105026 0.999404 0.0329107 0.635526 0.00112224 -0.0329012 0.999465 56.077
0.999959 0.00944692 -0.00137411 -0.0949956 -0.00939681 0.999415 0.0329416 0.667299 0.00168468 -0.0329275 0.999459 57.5
0.999957 0.00980295 0.00063729 -0.0962961 -0.00981887 0.999406 0.0330944 0.699824 -0.000312036 -0.0330995 0.999459 58.9028
0.999956 0.00999436 -0.000240685 -0.0988359 -0.00998111 0.999398 0.0332784 0.732241 0.000573356 -0.0332745 0.999449 60.3318
0.999952 0.0102022 0.00183951 -0.101058 -0.0102586 0.999381 0.0336771 0.770812 -0.00149423 -0.0336947 0.999438 61.7316
0.999955 0.0099696 0.00121285 -0.102387 -0.0100049 0.999389 0.0335367 0.804593 -0.000877457 -0.0335473 0.99944 63.1559
0.999956 0.00981297 0.00152018 -0.0999608 -0.00985791 0.999413 0.0328409 0.834615 -0.00119646 -0.0328547 0.999467 64.572
0.999946 0.0102985 0.00348041 -0.106702 -0.0104059 0.999424 0.0323596 0.858202 -0.00314482 -0.0323941 0.999474 65.9769
0.999938 0.0112015 0.00320206 -0.106632 -0.0112991 0.999419 0.0321785 0.887693 -0.00283913 -0.032213 0.999485 67.3866
0.999913 0.0124732 0.00549599 -0.112981 -0.0126441 0.999403 0.0322127 0.907214 -0.0050905 -0.0322794 0.99947 68.7881
0.999869 0.0156916 0.0052501 -0.116054 -0.0158621 0.999293 0.0341232 0.933985 -0.0047103 -0.0342023 0.999412 70.2023
0.999781 0.0199545 0.00714612 -0.121267 -0.0201976 0.99916 0.0357079 0.959988 -0.00642718 -0.0358444 0.999341 71.6065
0.999641 0.0260969 0.00702743 -0.119994 -0.026329 0.999032 0.0352734 1.0146 -0.00609931 -0.035446 0.999362 73.0165
0.99951 0.030526 0.0077898 -0.1164 -0.0307833 0.998902 0.0353832 1.05131 -0.00670072 -0.0356056 0.999348 74.4182
0.999482 0.0311612 0.00878311 -0.118635 -0.0314534 0.998881 0.0353699 1.07893 -0.00767019 -0.0356282 0.999345 75.7958
0.99949 0.0310597 0.00834504 -0.109239 -0.031336 0.998887 0.0353023 1.11065 -0.00723878 -0.0355458 0.999347 77.2015
0.999486 0.0310168 0.00887371 -0.108419 -0.0313093 0.998898 0.0349951 1.14418 -0.00777752 -0.0352553 0.999358 78.563
0.999489 0.0311135 0.00826134 -0.0984922 -0.0313828 0.998904 0.0347737 1.18228 -0.00716991 -0.0350151 0.999367 79.9644
0.9995 0.030914 0.00760977 -0.0842933 -0.0311595 0.998917 0.0345949 1.2184 -0.00653107 -0.0348151 0.999382 81.3523
0.999507 0.030726 0.00744612 -0.0730395 -0.0309643 0.998932 0.0343403 1.25274 -0.00638247 -0.0345538 0.999388 82.7044
0.999516 0.0305919 0.00685219 -0.0679323 -0.0308055 0.998961 0.0336272 1.28945 -0.00581537 -0.0338222 0.999421 84.0961
0.999476 0.0316792 0.00766299 -0.0689864 -0.0319207 0.998921 0.0337625 1.33006 -0.00658458 -0.0339892 0.999407 85.4517
0.99947 0.0323355 0.00554013 -0.0626211 -0.032506 0.998892 0.034098 1.37469 -0.00443039 -0.0342602 0.999414 86.8305
0.99945 0.0330772 0.00462609 -0.063961 -0.033221 0.998819 0.0355036 1.4161 -0.00344561 -0.0356375 0.999365 88.1978
0.999522 0.0309162 0.00415581 -0.0667707 -0.0310451 0.998882 0.0356981 1.44384 -0.00304642 -0.0358102 0.999365 89.5404
0.999553 0.0299883 0.00318802 -0.0654239 -0.030084 0.998898 0.0360474 1.47787 -0.00210283 -0.0361269 0.999352 90.9274
0.99957 0.0294869 0.00311637 -0.0708287 -0.0295809 0.998905 0.0363181 1.51928 -0.0020408 -0.0363948 0.999347 92.2549
0.999575 0.0292924 0.00270518 -0.0749587 -0.0293721 0.998898 0.0366413 1.56088 -0.00162807 -0.036705 0.999331 93.6341
0.999616 0.0279384 0.00280951 -0.0798452 -0.0280225 0.998944 0.0364721 1.5903 -0.00178623 -0.036537 0.999343 94.9648
0.999612 0.028047 0.00211796 -0.0815088 -0.0281057 0.998947 0.0362913 1.62929 -0.00109683 -0.0363365 0.999345 96.3232
0.999601 0.028542 0.00224448 -0.0860663 -0.0286043 0.99895 0.0358551 1.66785 -0.00121744 -0.0359051 0.999367 97.6743
0.999561 0.0296889 0.00376632 -0.0943587 -0.0298052 0.998915 0.0358225 1.70703 -0.0026977 -0.0359187 0.999358 99.015
0.999567 0.0295051 0.00401775 -0.0954674 -0.0296332 0.998888 0.0367312 1.73527 -0.00292825 -0.0368344 0.99933 100.378
0.99956 0.0295269 0.00510547 -0.0992327 -0.029696 0.998876 0.0369786 1.77377 -0.00400686 -0.0371136 0.99931 101.704
0.999568 0.0292876 0.00526184 -0.100839 -0.0294645 0.998869 0.0373729 1.80796 -0.00416005 -0.0375118 0.9993 103.069
0.99955 0.0297856 0.00551697 -0.10111 -0.0299666 0.998894 0.0362617 1.84164 -0.00442972 -0.0364104 0.999333 104.402
0.999551 0.029672 0.00628676 -0.104204 -0.029878 0.998922 0.0356092 1.88275 -0.00522198 -0.035781 0.99936 105.707
0.999569 0.0289087 0.00668458 -0.0997511 -0.0291334 0.998914 0.0363898 1.92247 -0.00562416 -0.0365686 0.999322 107.062
0.999667 0.0251712 0.00765875 -0.0954793 -0.0254403 0.998985 0.0372817 1.94381 -0.00671108 -0.037464 0.999289 108.363
0.999711 0.022822 0.00879859 -0.0868172 -0.0231412 0.999009 0.0380599 1.96974 -0.00792 -0.0382522 0.999244 109.723
0.999731 0.0216321 0.00975766 -0.0803973 -0.0219907 0.999031 0.0382275 1.9946 -0.00891969 -0.0384317 0.999235 111.05
0.999683 0.0233853 0.0104478 -0.079915 -0.0237529 0.999051 0.0365611 2.03231 -0.00958155 -0.0367972 0.999284 112.337
0.999615 0.025853 0.011262 -0.0767919 -0.0262427 0.999014 0.0359165 2.0647 -0.0103208 -0.0361982 0.999305 113.681
0.999511 0.028483 0.0137364 -0.0810166 -0.0289565 0.998949 0.0355946 2.10091 -0.0127068 -0.0359746 0.999279 114.985
0.999485 0.0293439 0.0139067 -0.07196 -0.0298731 0.998778 0.0394799 2.13743 -0.0127297 -0.0398747 0.999137 116.329
0.999434 0.0302205 0.0155766 -0.0661114 -0.030842 0.998672 0.0413309 2.18418 -0.0143055 -0.0417875 0.999031 117.631
0.999437 0.0301437 0.0156213 -0.0510434 -0.0307869 0.998617 0.0426865 2.22491 -0.0143114 -0.043143 0.99898 118.979
0.999396 0.0306832 0.017039 -0.0386004 -0.0313793 0.998619 0.0422058 2.27319 -0.0157191 -0.0427145 0.998971 120.311
0.999306 0.0324282 0.0191034 -0.0256198 -0.0332068 0.998572 0.0419316 2.31871 -0.0177149 -0.0425364 0.998952 121.612
0.999224 0.0345882 0.0194521 -0.0140529 -0.0353717 0.998516 0.0414878 2.36181 -0.0179869 -0.0421431 0.998957 122.966
0.999209 0.0343025 0.0208042 -0.000852511 -0.0351417 0.998529 0.0413886 2.39767 -0.0193524 -0.0420866 0.998942 124.263
0.999198 0.0343588 0.0210974 0.0133669 -0.0352024 0.998542 0.0410099 2.44215 -0.0196563 -0.0417193 0.998944 125.62
0.999175 0.0344268 0.0222199 0.0354059 -0.035314 0.998545 0.0408314 2.48637 -0.0207804 -0.0415819 0.998935 126.95
0.999087 0.0349622 0.0250137 0.0611178 -0.0359985 0.998462 0.0422516 2.52806 -0.0234967 -0.0431129 0.998802 128.269
0.999108 0.0345186 0.0249288 0.0819951 -0.0355579 0.998466 0.0425121 2.57834 -0.0234217 -0.04336 0.998801 129.633
0.999144 0.0325674 0.0259687 0.104306 -0.0336674 0.998508 0.0431073 2.60662 -0.0245247 -0.0439442 0.998741 130.938
0.999184 0.0311799 0.0262148 0.135583 -0.0323081 0.998524 0.0437601 2.64578 -0.0248103 -0.0445708 0.998715 132.311
0.99928 0.028023 0.02611 0.162832 -0.0291746 0.998575 0.0448195 2.67874 -0.0248155 -0.0455485 0.998662 133.65
0.99938 0.0250579 0.0253645 0.189701 -0.0261912 0.998632 0.0453653 2.70963 -0.0241917 -0.0460009 0.998666 134.943
0.999442 0.0247969 0.0230485 0.21074 -0.0258256 0.998638 0.0454541 2.76099 -0.0218886 -0.0460234 0.998709 136.289
0.999541 0.0217608 0.0217809 0.236354 -0.0227666 0.99864 0.0470334 2.79493 -0.0207264 -0.0475071 0.998674 137.594
0.999593 0.021174 0.0198567 0.254373 -0.0220943 0.99864 0.0473259 2.84695 -0.0188263 -0.0477448 0.998691 138.951
0.999579 0.0213201 0.0204858 0.2739 -0.0222589 0.998666 0.0467316 2.90555 -0.0194608 -0.0471672 0.998716 140.275
0.999587 0.0224516 0.0187121 0.287858 -0.0233038 0.998646 0.0466429 2.96322 -0.0176382 -0.0470592 0.998745 141.641
0.999594 0.022967 0.0177925 0.308059 -0.0237644 0.998667 0.0459588 3.01945 -0.016712 -0.0463622 0.998805 142.982
0.999605 0.022722 0.0173823 0.33088 -0.0234853 0.998715 0.0450566 3.06573 -0.016335 -0.0454464 0.998842 144.277
0.999774 0.0158394 0.0153884 0.351527 -0.0165202 0.998851 0.0451385 3.09216 -0.0146546 -0.0453817 0.998883 145.64
0.999859 0.00838571 0.0155278 0.380551 -0.00911579 0.998833 0.0475526 3.1363 -0.0151096 -0.0476868 0.998758 146.98
0.999907 0.00499462 0.0139869 0.405517 -0.00566529 0.998825 0.0482835 3.19653 -0.0137281 -0.0483574 0.998757 148.367
0.999919 0.00389313 0.0132962 0.42536 -0.00453131 0.998828 0.0482966 3.25392 -0.0130914 -0.0483522 0.998755 149.703
0.999896 0.00578565 0.0145852 0.441995 -0.00645788 0.998907 0.0464286 3.30177 -0.0142994 -0.0465171 0.998837 151.045
0.999895 0.00669949 0.0139433 0.448586 -0.00731902 0.998972 0.044854 3.36192 -0.0136272 -0.0449505 0.998907 152.398
0.999878 0.0065578 0.0155726 0.461083 -0.00725453 0.998963 0.0450665 3.4077 -0.0152597 -0.0451728 0.998886 153.745
0.999892 0.00419536 0.0151609 0.486928 -0.00487831 0.998968 0.0452813 3.45221 -0.0149539 -0.0453494 0.99887 155.078
0.999895 -0.00139648 0.0158107 0.516626 0.00064222 0.998874 0.0475624 3.49814 -0.015858 -0.0475461 0.998767 156.428
0.999861 -0.00547085 0.0167458 0.537542 0.00464341 0.998792 0.0490397 3.54237 -0.0169925 -0.048954 0.998667 157.753
0.999869 -0.00678205 0.0160532 0.559428 0.00599522 0.99881 0.0485087 3.60203 -0.0163617 -0.0484048 0.998719 159.1
0.999827 -0.00545885 0.0186987 0.577987 0.00454999 0.998828 0.0482966 3.65816 -0.018939 -0.0482022 0.99867 160.424
0.999844 -0.00170407 0.0187388 0.591511 0.000784324 0.998807 0.0489383 3.70522 -0.0187982 -0.0489146 0.998652 161.778
0.999809 0.00314985 0.0201568 0.605598 -0.00405081 0.998993 0.0448153 3.76028 -0.0199938 -0.0448873 0.998804 163.097
0.99982 0.00504947 0.0194138 0.621199 -0.00591807 0.998979 0.0449101 3.80226 -0.0191656 -0.0450155 0.99883 164.458
0.999801 0.00528577 0.0201467 0.638729 -0.00619211 0.998965 0.0451941 3.84604 -0.0198854 -0.0453087 0.998788 165.815
0.999797 0.00565096 0.020415 0.654106 -0.00656023 0.998984 0.044713 3.88338 -0.0201402 -0.0448365 0.998819 167.136
0.999812 0.00704524 0.0189992 0.670531 -0.00786722 0.999027 0.043545 3.92936 -0.0186724 -0.0436851 0.998885 168.513
0.99979 0.00942102 0.0193178 0.67971 -0.0102182 0.99909 0.0415464 3.96436 -0.0189074 -0.0417339 0.998978 169.841
0.99978 0.0114484 0.0185872 0.684569 -0.0122037 0.999089 0.0410491 4.00084 -0.0180988 -0.0412656 0.998998 171.229
0.999733 0.0147422 0.0189864 0.694315 -0.0155332 0.998995 0.0421672 4.04983 -0.0183442 -0.0424494 0.998959 172.595
0.99965 0.0181057 0.0202189 0.712059 -0.0189848 0.99885 0.0441801 4.09754 -0.0193943 -0.0445472 0.998833 173.949
0.999703 0.0161597 0.0194072 0.730605 -0.0170358 0.99881 0.0458208 4.14154 -0.0186422 -0.0461363 0.998791 175.329
0.999751 0.0124364 0.0195069 0.757862 -0.0133501 0.998791 0.0474391 4.18933 -0.0188919 -0.0476863 0.998698 176.698
0.999792 0.0136552 0.0165852 0.789572 -0.014415 0.998819 0.0465376 4.25565 -0.0159287 -0.0467655 0.998811 178.079
0.999797 0.0131147 0.0165247 0.800217 -0.013796 0.999036 0.0418245 4.30776 -0.0159587 -0.0420424 0.999003 179.443
0.999822 0.0149588 0.0134041 0.819761 -0.0154915 0.999066 0.0404944 4.35465 -0.0127845 -0.0406934 0.999122 180.833
0.999842 0.0138652 0.0127955 0.827675 -0.0143353 0.999204 0.0374102 4.38144 -0.0122652 -0.037586 0.999234 182.221
0.999771 0.0182484 0.0131608 0.834549 -0.0187484 0.999076 0.038862 4.41808 -0.012438 -0.0390984 0.999191 183.585
0.999742 0.0200238 0.0124499 0.844603 -0.0205291 0.998918 0.0418989 4.46301 -0.011596 -0.042142 0.99906 184.984
0.999701 0.0213648 0.0138477 0.84847 -0.0219557 0.998799 0.0439621 4.51814 -0.0128903 -0.0442514 0.998971 186.366
0.999647 0.0234983 0.013991 0.864195 -0.024108 0.998695 0.0451801 4.57642 -0.0129097 -0.0454996 0.998897 187.796
0.999645 0.0236134 0.0142635 0.881768 -0.024244 0.998667 0.0457269 4.63396 -0.0131632 -0.0460549 0.998886 189.198
0.999713 0.0199205 0.0148124 0.895071 -0.0205918 0.998705 0.0466749 4.67294 -0.0138621 -0.0469648 0.998816 190.566
0.999791 0.0154771 0.0151217 0.91994 -0.0161721 0.998774 0.0469118 4.71529 -0.0143757 -0.0471449 0.998818 191.999
0.999825 0.0117161 0.0159962 0.938083 -0.012474 0.99877 0.0481617 4.76254 -0.0154109 -0.0483511 0.998728 193.383
0.999877 0.00717575 0.0156712 0.960171 -0.00795131 0.998728 0.0499298 4.81054 -0.0152916 -0.0500465 0.998665 194.814
0.999877 0.00427349 0.0165184 0.981324 -0.005104 0.998716 0.0505794 4.85352 -0.0162796 -0.0506557 0.9986 196.198
0.999885 0.00650614 0.015483 0.996275 -0.00722924 0.998874 0.047042 4.91265 -0.0151581 -0.0471469 0.998807 197.629
0.999797 0.0141148 0.0159159 1.00115 -0.0147624 0.999044 0.0413647 4.96869 -0.0153153 -0.0415893 0.999034 199.047
0.999571 0.0239055 0.0184782 1.00205 -0.0246536 0.998848 0.0413303 5.01624 -0.0174675 -0.0417665 0.99901 200.445
0.999548 0.0256282 0.0172118 0.998442 -0.0263807 0.998645 0.0450554 5.03656 -0.0160323 -0.0454872 0.998854 201.902
0.999498 0.0262672 0.0192005 1.01045 -0.0271602 0.998495 0.0477889 5.07628 -0.0179149 -0.0482846 0.998709 203.319
0.999555 0.025347 0.0172144 1.03339 -0.026176 0.998424 0.0498016 5.13636 -0.0159234 -0.0502281 0.998628 204.767
0.999582 0.0252576 0.0159532 1.0533 -0.0260177 0.998451 0.0493295 5.20308 -0.0146812 -0.0497223 0.998691 206.205
0.999614 0.0240983 0.0154419 1.07747 -0.0248316 0.998486 0.0492262 5.25644 -0.0142307 -0.0495888 0.998686 207.61
0.999563 0.0270111 0.0142434 1.09307 -0.0276909 0.998381 0.0498531 5.34411 -0.0128725 -0.0502241 0.99869 209.08
0.999514 0.0287875 0.0138466 1.10089 -0.0294475 0.998315 0.0501336 5.40702 -0.0123785 -0.050515 0.998665 210.487
0.999405 0.0327211 0.0133285 1.11274 -0.0333599 0.998158 0.0508532 5.4815 -0.0116388 -0.0512659 0.998653 211.977
0.999378 0.0335349 0.0130978 1.12311 -0.0341739 0.998063 0.0521247 5.56097 -0.011323 -0.0525378 0.998574 213.437
0.999354 0.0338224 0.0144447 1.13601 -0.034561 0.997935 0.0543128 5.63464 -0.0125766 -0.0547752 0.998456 214.874
0.99934 0.0347226 0.0128849 1.14554 -0.0353702 0.997919 0.0540526 5.70404 -0.0109798 -0.0544706 0.998475 216.367
0.999287 0.0358107 0.0143846 1.1596 -0.0365274 0.997932 0.0530537 5.76917 -0.0124538 -0.0535393 0.998527 217.808
0.999234 0.0380843 0.0115367 1.16217 -0.0386427 0.99786 0.0528949 5.8354 -0.00949604 -0.0532981 0.998554 219.29
0.999169 0.0396052 0.0125905 1.17626 -0.0402157 0.997816 0.0525655 5.90287 -0.0104799 -0.053026 0.998578 220.741
0.999116 0.0412714 0.0108054 1.18342 -0.0417831 0.997754 0.0525142 5.96371 -0.00861223 -0.0529172 0.998582 222.22
0.999083 0.0422883 0.0105677 1.19095 -0.0427891 0.997702 0.0526977 6.02453 -0.00831387 -0.0530994 0.998594 223.703
0.999023 0.0433772 0.0112241 1.19176 -0.0439072 0.997668 0.0524188 6.08926 -0.00892265 -0.0528584 0.998583 225.177
0.999062 0.0427501 0.0107266 1.20529 -0.0432534 0.997715 0.0520681 6.15415 -0.00847516 -0.0524811 0.998626 226.668
0.999025 0.0432957 0.0112667 1.20953 -0.0438227 0.997702 0.0518359 6.22178 -0.00899517 -0.0522769 0.998613 228.136
0.999011 0.0439245 0.0107789 1.22782 -0.0444251 0.997686 0.0516442 6.29613 -0.00848452 -0.0520699 0.998648 229.635
0.998979 0.0444127 0.0111099 1.23493 -0.0449299 0.997655 0.0518113 6.36166 -0.00878136 -0.0522554 0.998617 231.128
0.998958 0.044614 0.0127341 1.23582 -0.0452119 0.997669 0.0512792 6.43883 -0.0104156 -0.0517994 0.998644 232.622
0.998951 0.0449203 0.0115508 1.25439 -0.0454514 0.997679 0.0508872 6.50565 -0.00923672 -0.0513565 0.99866 234.121
0.998946 0.0449804 0.0124354 1.25883 -0.0455523 0.997704 0.050289 6.5721 -0.0101437 -0.0508004 0.998698 235.617
0.998956 0.044955 0.0110811 1.27169 -0.0454556 0.997716 0.0501499 6.64023 -0.00879995 -0.0505989 0.998703 237.118
0.99899 0.0441888 0.0117554 1.27459 -0.0447304 0.997724 0.0506379 6.70083 -0.00948984 -0.0511105 0.998689 238.621
0.99897 0.0438797 0.0137698 1.2818 -0.0445218 0.997741 0.050489 6.76092 -0.0115218 -0.0510477 0.998653 240.126
0.998948 0.0445813 0.0136539 1.2998 -0.0452078 0.997754 0.0496263 6.82971 -0.0114096 -0.0501894 0.998716 241.65
0.998894 0.0450575 0.015425 1.30784 -0.0457594 0.997774 0.0487078 6.89459 -0.0131947 -0.0493575 0.998717 243.16
0.998889 0.0455147 0.0147982 1.32454 -0.0461868 0.997751 0.0487708 6.95665 -0.0125441 -0.0493981 0.998742 244.672
0.998886 0.0453666 0.0150715 1.34179 -0.0460583 0.997731 0.0492919 7.01637 -0.0127996 -0.0499288 0.998694 246.197
0.99888 0.0452458 0.016223 1.3551 -0.0460004 0.997718 0.0496167 7.07495 -0.01394 -0.0503053 0.998678 247.708
0.998893 0.0452931 0.0148417 1.37899 -0.0459702 0.997748 0.0490415 7.14223 -0.0125856 -0.0496671 0.998711 249.241
0.998915 0.0444658 0.0162056 1.38313 -0.0452283 0.997726 0.0501793 7.20206 -0.0139363 -0.0508558 0.998651 250.753
0.99894 0.0441684 0.0150926 1.4048 -0.0448784 0.997724 0.0505187 7.26807 -0.0128253 -0.0511401 0.998633 252.29
0.998934 0.0437716 0.0169661 1.41703 -0.0445872 0.997708 0.0510958 7.33605 -0.0146895 -0.0517957 0.998592 253.802
0.998979 0.0431971 0.0153805 1.43681 -0.0439347 0.997721 0.0513978 7.3985 -0.0131237 -0.0520187 0.998585 255.351
0.998993 0.042943 0.0155631 1.45601 -0.0436921 0.997729 0.0514714 7.47355 -0.0133164 -0.0520976 0.998596 256.876
0.998963 0.04298 0.0169501 1.47413 -0.0437983 0.997732 0.0513099 7.54637 -0.014705 -0.0519967 0.998564 258.395
0.998978 0.0436554 0.0145885 1.50382 -0.044344 0.997737 0.0507554 7.62032 -0.0123388 -0.0513485 0.998649 259.922
0.998913 0.0446249 0.0155768 1.52162 -0.0453577 0.997708 0.0504042 7.68234 -0.0132906 -0.0510536 0.998632 261.443
0.998915 0.0450321 0.0147502 1.55618 -0.0457285 0.997669 0.0508535 7.74775 -0.0124249 -0.0514709 0.998642 262.976
0.998906 0.0449944 0.0149459 1.58174 -0.0456996 0.997672 0.0508073 7.82486 -0.0126237 -0.0514323 0.998622 264.517
0.998893 0.0449927 0.0163266 1.59189 -0.0457625 0.997696 0.0502872 7.89196 -0.0140256 -0.0509768 0.998646 266.05
0.998883 0.045275 0.0156945 1.61567 -0.0460062 0.997705 0.0498873 7.95904 -0.0133984 -0.0505511 0.998658 267.568
0.998811 0.046237 0.0178426 1.62508 -0.0470758 0.997657 0.0498435 8.02618 -0.0154953 -0.0506223 0.998643 269.104
0.998758 0.0474298 0.0172534 1.64913 -0.0482346 0.997608 0.0497094 8.08742 -0.014853 -0.0504773 0.998641 270.638
0.998703 0.0483607 0.0182526 1.6668 -0.0492083 0.997585 0.0492327 8.14959 -0.0158267 -0.0500651 0.998666 272.173
0.998576 0.0494621 0.0215944 1.68184 -0.0504735 0.997526 0.0491319 8.20718 -0.0191095 -0.0501492 0.998586 273.702
0.998591 0.0496132 0.02087 1.71148 -0.0505827 0.997537 0.0487978 8.27239 -0.0183968 -0.0497827 0.998637 275.24
0.99848 0.0501642 0.0242373 1.7289 -0.0512888 0.997526 0.0482712 8.33384 -0.0217545 -0.0494383 0.998567 276.764
0.998509 0.0500974 0.0235217 1.76151 -0.051189 0.997529 0.0483369 8.39561 -0.0210412 -0.0494667 0.9986 278.305
0.99847 0.050308 0.0243885 1.79449 -0.0514516 0.997493 0.0488013 8.45775 -0.021871 -0.0499788 0.998538 279.843
0.998396 0.0499937 0.0281367 1.83051 -0.0513387 0.997475 0.0492818 8.52257 -0.0256009 -0.0506449 0.998435 281.367
0.99844 0.0501714 0.0258806 1.86414 -0.0513997 0.997474 0.0492272 8.5872 -0.023344 -0.0504781 0.998479 282.914
0.998358 0.050172 0.0291664 1.9066 -0.0515404 0.997518 0.0482062 8.65249 -0.0266744 -0.0496279 0.998459 284.435
0.998429 0.0502896 0.0260997 1.93488 -0.0515003 0.997529 0.0480139 8.7211 -0.0236191 -0.0492801 0.998533 285.984
0.998461 0.0501546 0.0254585 1.9698 -0.0513513 0.997502 0.0487307 8.78949 -0.0229497 -0.0499605 0.998535 287.527
0.998443 0.0493216 0.0273968 2.00803 -0.0506173 0.997535 0.0488187 8.8506 -0.02492 -0.050127 0.99846 289.059
0.998513 0.0496875 0.0242811 2.04422 -0.0508264 0.997527 0.0487577 8.91572 -0.0217972 -0.0499168 0.998562 290.617
0.998434 0.0497112 0.0270168 2.07992 -0.0509749 0.997542 0.0483019 8.97782 -0.0245478 -0.0496011 0.998496 292.152
0.998492 0.0501947 0.0241008 2.11088 -0.0513417 0.997461 0.0495762 9.0454 -0.0215499 -0.0507363 0.998527 293.718
0.99851 0.0500297 0.0233948 2.13894 -0.0511451 0.99746 0.0498084 9.1069 -0.020842 -0.0509284 0.998513 295.28
0.998452 0.0503081 0.0254838 2.17707 -0.051557 0.99738 0.0509617 9.17342 -0.0228519 -0.052194 0.998424 296.831
0.99843 0.0515193 0.0236158 2.21129 -0.0526941 0.997258 0.0521801 9.24013 -0.0208612 -0.0533401 0.998388 298.409
0.998347 0.0518409 0.0265246 2.24181 -0.0531697 0.997237 0.052098 9.31145 -0.0237491 -0.0534194 0.998338 299.979
0.998318 0.0525404 0.0259566 2.2798 -0.053836 0.997204 0.0520488 9.37789 -0.0231478 -0.0533562 0.998336 301.566
0.998328 0.0523096 0.0263478 2.31681 -0.0536299 0.99721 0.0521576 9.44858 -0.0235446 -0.0534806 0.99834 303.151
0.998303 0.052192 0.0272284 2.34553 -0.0535341 0.997266 0.0511653 9.52056 -0.0244818 -0.0525337 0.998349 304.717
0.998337 0.0520904 0.0264496 2.39278 -0.0533835 0.997294 0.0507744 9.58662 -0.0237318 -0.0520991 0.998409 306.31
0.998303 0.0521093 0.0273775 2.43042 -0.0534338 0.997324 0.0501276 9.65522 -0.0246905 -0.0515028 0.998398 307.926
0.998346 0.0529997 0.0242455 2.47984 -0.0541724 0.997263 0.050558 9.71571 -0.0214983 -0.0517849 0.998475 309.526
0.998356 0.0535753 0.0221464 2.51003 -0.0546457 0.997216 0.0509703 9.78937 -0.0193524 -0.052094 0.998485 311.13
0.9983 0.0540668 0.0237305 2.53333 -0.0552712 0.997054 0.0534081 9.87081 -0.0207717 -0.0546259 0.998339 312.746
0.99838 0.0528947 0.0227107 2.5759 -0.0541293 0.996875 0.0577374 9.94409 -0.0195841 -0.0588705 0.998105 314.375
0.998362 0.05257 0.0244767 2.59746 -0.0539076 0.996895 0.0576086 10.0373 -0.0213709 -0.0588306 0.998088 315.984
0.998388 0.0521589 0.0240098 2.63622 -0.0534824 0.996879 0.0582734 10.1156 -0.0208937 -0.0594609 0.998043 317.619
0.998368 0.0518709 0.0257102 2.66309 -0.0532916 0.996903 0.0580259 10.2051 -0.0226194 -0.0592982 0.998033 319.227
0.998395 0.0517491 0.0245884 2.70927 -0.0531213 0.996861 0.0589112 10.2935 -0.0214609 -0.0601203 0.997992 320.852
0.998395 0.0515337 0.0253654 2.74798 -0.0529772 0.996807 0.059945 10.3811 -0.0221938 -0.0611894 0.997929 322.473
0.998302 0.0518715 0.0279189 2.77691 -0.053484 0.996745 0.0605155 10.4776 -0.0246874 -0.0619034 0.997808 324.08
0.998306 0.0523644 0.0271029 2.82042 -0.0539376 0.996693 0.0609737 10.5675 -0.023819 -0.062329 0.997821 325.7
0.998223 0.0523123 0.0298776 2.85623 -0.0541147 0.99655 0.0631147 10.654 -0.0264712 -0.0646167 0.99759 327.306
0.99828 0.0521232 0.0285014 2.91037 -0.0538846 0.996444 0.0649632 10.7533 -0.0250126 -0.0663838 0.997531 328.925
0.998261 0.0524423 0.0283386 2.9537 -0.0542009 0.9964 0.0653558 10.8533 -0.0248076 -0.0667754 0.997491 330.532
0.998251 0.0516192 0.03041 2.9896 -0.0535961 0.996241 0.0682192 10.9697 -0.026773 -0.0697261 0.997257 332.139
0.998256 0.0524086 0.028591 3.03789 -0.0542674 0.996173 0.0686812 11.0858 -0.0248804 -0.0701101 0.997261 333.749
0.998178 0.0532438 0.0299974 3.06957 -0.0552495 0.99599 0.0705367 11.1845 -0.0261201 -0.0720617 0.997109 335.345
0.998194 0.0540017 0.0278036 3.11703 -0.05586 0.995915 0.0711049 11.2927 -0.0238484 -0.0725267 0.997113 336.954
0.998214 0.0541891 0.026966 3.15418 -0.05604 0.99574 0.0733855 11.3915 -0.0228732 -0.0747616 0.996991 338.564
0.998175 0.0544245 0.0276822 3.1836 -0.0563738 0.995573 0.0753589 11.5051 -0.0234566 -0.0767789 0.996805 340.152
0.998243 0.0544583 0.025354 3.22554 -0.0562575 0.995481 0.0766629 11.6157 -0.0210633 -0.0779503 0.996788 341.759
0.998235 0.0546233 0.0250156 3.25391 -0.0564036 0.995438 0.0770958 11.7294 -0.0206885 -0.0783677 0.996742 343.339
0.998324 0.0542481 0.0224792 3.29331 -0.0558443 0.995417 0.0777783 11.8483 -0.0181558 -0.078899 0.996771 344.943
0.998371 0.0536067 0.0215566 3.32484 -0.055142 0.995406 0.0784226 11.9599 -0.0172519 -0.0794806 0.99672 346.534
0.998365 0.0534951 0.0224656 3.34998 -0.0551118 0.995375 0.0788402 12.085 -0.0181429 -0.079945 0.996689 348.108
0.998384 0.0533703 0.0215257 3.38678 -0.0549208 0.99534 0.0794082 12.2033 -0.0171857 -0.0804591 0.996643 349.71
0.998355 0.0534732 0.0229743 3.41074 -0.0551428 0.995321 0.0794923 12.3322 -0.018615 -0.0806241 0.996624 351.281
0.998359 0.0534918 0.0223643 3.44471 -0.0551195 0.995284 0.0799614 12.4527 -0.0179798 -0.0810599 0.996581 352.884
0.99836 0.0535506 0.0225669 3.4751 -0.0551963 0.995278 0.0799925 12.5757 -0.0181756 -0.0811025 0.996594 354.468
0.998319 0.0537063 0.0236622 3.49794 -0.0554417 0.995254 0.080115 12.7069 -0.0192455 -0.0812891 0.996539 356.031
0.998343 0.0537617 0.0228554 3.53024 -0.0554443 0.995203 0.0807562 12.8268 -0.0184031 -0.0818851 0.996526 357.633
0.998305 0.0537711 0.0241257 3.56234 -0.0555623 0.995173 0.081037 12.9584 -0.0196503 -0.082237 0.996454 359.196
0.998343 0.0535857 0.0233115 3.59467 -0.0553314 0.9951 0.0820882 13.0794 -0.0187976 -0.0832375 0.996407 360.795
0.998359 0.053036 0.0235292 3.63141 -0.0548274 0.995011 0.0834948 13.2135 -0.018982 -0.0846447 0.996266 362.377
0.998344 0.0528734 0.0248759 3.66485 -0.0548024 0.994922 0.0845627 13.3417 -0.0202774 -0.0857811 0.996163 363.945
0.998358 0.0530489 0.0235364 3.70513 -0.054877 0.994848 0.0853842 13.482 -0.0188839 -0.0865326 0.996106 365.529
0.998321 0.0530154 0.0254709 3.73821 -0.0550203 0.994807 0.0857763 13.6266 -0.0207901 -0.0870289 0.996044 367.108
0.998314 0.0534139 0.0245509 3.77597 -0.0553482 0.994737 0.0863699 13.7658 -0.0198067 -0.0875802 0.995996 368.698
0.998262 0.053424 0.0269513 3.80572 -0.0555974 0.994614 0.0876131 13.8983 -0.0221244 -0.0889543 0.995846 370.278
0.998268 0.0536189 0.025984 3.85008 -0.0557062 0.994601 0.0876906 14.0278 -0.0211401 -0.0889832 0.995845 371.87
0.998267 0.0535865 0.0264605 3.88717 -0.055723 0.994577 0.0879504 14.156 -0.021603 -0.0892674 0.995829 373.462
0.99819 0.0537025 0.0286827 3.92182 -0.0560543 0.994492 0.0887056 14.2913 -0.0237593 -0.0901497 0.995681 375.047
0.998235 0.0536759 0.0274407 3.96168 -0.0559609 0.994322 0.0906573 14.4303 -0.0224176 -0.0920278 0.99556 376.65
0.998149 0.0539488 0.029619 3.99729 -0.0564394 0.994269 0.0909409 14.5641 -0.0245414 -0.0924412 0.995452 378.234
0.99813 0.0548141 0.0289868 4.03932 -0.0572671 0.994132 0.0919108 14.7058 -0.0237775 -0.0933938 0.995402 379.854
0.998051 0.0558559 0.0294139 4.07856 -0.0583465 0.994058 0.0920313 14.8408 -0.0240969 -0.093565 0.995359 381.453
0.997958 0.0563975 0.0317385 4.1179 -0.0590961 0.994045 0.0916991 14.9724 -0.0263766 -0.0933824 0.995337 383.047
0.997957 0.056766 0.0308339 4.15848 -0.0593943 0.993967 0.0923531 15.1032 -0.0254037 -0.0939926 0.995286 384.673
0.997863 0.0572397 0.0332056 4.19839 -0.0601196 0.993825 0.0934031 15.2323 -0.0276529 -0.0951945 0.995132 386.265
0.997864 0.0577482 0.0320151 4.24038 -0.0605346 0.993718 0.0942735 15.3613 -0.0263681 -0.096007 0.995069 387.885
0.99781 0.0585924 0.0324386 4.28354 -0.0614248 0.993636 0.0945617 15.4902 -0.0266902 -0.0963418 0.995047 389.5
0.997745 0.0585862 0.0341515 4.32257 -0.0615935 0.99359 0.0949327 15.6263 -0.0283692 -0.0968189 0.994936 391.094
