1 0 0 0 0 1 0 0 0 0 1 0
0.999999 6.60614e-05 0.00180092 0.0146887 -6.65034e-05 1 0.000247669 -0.095208 -0.00180096 -0.000247835 0.999999 1.20781
0.999993 0.000413902 0.0037802 0.0353007 -0.00041608 1 0.000577861 -0.106161 -0.00377998 -0.0005794 0.999993 2.4303
0.999989 0.000227423 0.00498998 0.0512316 -0.000230287 1 0.00056111 -0.127111 -0.00498995 -0.000562316 0.999988 3.63158
0.999984 -0.000253766 0.00585122 0.0533746 0.00024621 0.999999 0.0012958 -0.135743 -0.00585157 -0.00129435 0.999983 4.83045
0.999979 -0.00053638 0.00668694 0.0739277 0.000526865 0.999999 0.00141102 -0.142785 -0.00668776 -0.00140753 0.999978 6.03062
0.999973 -0.000443925 0.00760497 0.0794442 0.000436957 1 0.000924442 -0.1613 -0.00760536 -0.000921111 0.999972 7.23206
0.999959 -0.0014759 0.00914669 0.0799033 0.00146191 0.999998 0.00152453 -0.166868 -0.009149 -0.00151114 0.999958 8.43389
0.999958 -0.0016362 0.00922088 0.0844505 0.00161141 0.999995 0.00270047 -0.200306 -0.00922521 -0.00268552 0.999956 9.63251
0.999967 -0.00163981 0.00826639 0.0912567 0.00160861 0.999991 0.00376231 -0.194636 -0.00827258 -0.00374888 0.999961 10.8326
0.999987 -0.000679735 0.00560972 0.0972354 0.000652739 0.999988 0.00482077 -0.192153 -0.00561289 -0.00481706 0.999975 12.04
0.999994 -0.00106032 0.00397057 0.0988914 0.00104249 0.999989 0.00444144 -0.184585 -0.00397539 -0.0044373 0.999985 13.2689
1 -0.00111598 0.00259543 0.0878248 0.00110352 0.999987 0.00480909 -0.225281 -0.00260071 -0.00480631 0.999988 14.4652
1 -0.000144259 0.00131864 0.0873839 0.000136844 0.999985 0.00540172 -0.237179 -0.00131951 -0.00540147 0.999988 15.6482
1 -0.00126588 0.00134834 0.125596 0.00125735 0.999979 0.00631979 -0.257564 -0.00135624 -0.00631817 0.999982 16.8636
1 -0.000990578 0.00143844 0.127338 0.000979959 0.999974 0.00717768 -0.263263 -0.00144562 -0.00717611 0.999978 18.0677
1 -0.000428237 -0.000532222 0.140099 0.00043221 0.999972 0.00733747 -0.254821 0.000529153 -0.00733776 0.999976 19.2467
1 -0.0015011 -0.000155293 0.137335 0.00150185 0.999979 0.0063025 -0.270931 0.000145723 -0.00630254 0.999985 20.46
1 1.40553e-05 -0.00149434 0.142285 -4.22638e-06 0.999978 0.00653784 -0.273403 0.00149445 -0.00653792 0.99998 21.6502
1 -0.000256932 -0.00210455 0.136969 0.00027183 0.999975 0.00717187 -0.277448 0.00210258 -0.00717229 0.999977 22.8694
1 -0.000147859 -0.00282051 0.127684 0.000169823 0.999969 0.00776217 -0.287803 0.00281933 -0.0077627 0.999969 24.1067
0.999995 6.76977e-06 -0.00424049 0.109995 2.21695e-05 0.999977 0.00687083 -0.307712 0.00424039 -0.00687063 0.999974 25.2705
0.999994 0.00048647 -0.00466175 0.0838912 -0.000459111 0.999982 0.00584135 -0.32813 0.00466462 -0.0058392 0.999976 26.5183
0.999986 0.000267808 -0.00624932 0.0751515 -0.000225408 0.999977 0.00682063 -0.334114 0.00625103 -0.00681889 0.999963 27.7413
0.999976 -0.000447362 -0.00758792 0.0745368 0.000498324 0.999977 0.00670931 -0.345356 0.00758488 -0.006713 0.999953 28.9237
0.999975 -0.0007051 -0.00773127 0.0667209 0.000758749 0.999975 0.0069659 -0.358937 0.00772624 -0.0069714 0.999952 30.1309
0.999959 -0.000874216 -0.00964008 0.062724 0.000935326 0.999978 0.00633525 -0.361386 0.00963453 -0.00634405 0.999938 31.3183
0.999957 -0.000255675 -0.00991184 0.0552344 0.000322606 0.999977 0.00677579 -0.36617 0.00990998 -0.00677844 0.999934 32.5524
0.999939 -0.00136995 -0.0114486 0.0292447 0.00144894 0.999974 0.00689573 -0.360573 0.011439 -0.00691195 0.999915 33.7587
0.999932 -0.00269654 -0.0119046 0.00259214 0.00277686 0.999973 0.00675801 -0.356482 0.0118862 -0.00679036 0.999912 34.9578
0.999934 -0.0028261 -0.0115787 -0.0160123 0.002909 0.999969 0.00715303 -0.366186 0.0115583 -0.00718625 0.999911 36.1661
0.999914 -0.00280489 -0.0132545 -0.0361254 0.00290793 0.999965 0.00778248 -0.368395 0.0132323 -0.00782011 0.999888 37.377
0.999918 -0.00329314 -0.0128786 -0.0559693 0.00340626 0.999955 0.00878204 -0.379829 0.0128494 -0.00882524 0.999883 38.5869
0.999905 -0.00276562 -0.0139906 -0.0816245 0.00291194 0.999941 0.0104715 -0.373705 0.013961 -0.010511 0.999854 39.783
0.999894 -0.0023111 -0.0147822 -0.13032 0.00248147 0.99993 0.0115294 -0.38041 0.0147547 -0.0115649 0.999829 41.0099
0.999904 -0.00123904 -0.0142339 -0.141674 0.00139562 0.999938 0.0110198 -0.372114 0.0142194 -0.0110383 0.999844 42.2494
0.999892 0.00137721 -0.0150921 -0.14348 -0.00120408 0.999932 0.0114822 -0.346462 0.0151071 -0.0114628 0.999825 43.424
0.999919 0.002514 -0.0130199 -0.196195 -0.00234747 0.999916 0.0128147 -0.376378 0.0130512 -0.0127828 0.99984 44.6561
0.999929 0.00224531 -0.0122297 -0.195177 -0.00204858 0.999867 0.0160831 -0.380295 0.0122643 -0.0160569 0.999801 45.8611
0.999935 0.00496672 -0.0108921 -0.218725 -0.00476887 0.999825 0.0181424 -0.356367 0.0109805 -0.018089 0.999783 47.0832
0.999957 0.00529193 -0.00849359 -0.239505 -0.00511426 0.999769 0.0208058 -0.342423 0.00860191 -0.0207614 0.999753 48.2945
0.999972 0.00438522 -0.00706142 -0.253386 -0.0042254 0.999738 0.022538 -0.332804 0.00715862 -0.0225073 0.999728 49.5012
0.999988 0.00353375 -0.00521358 -0.267849 -0.00342366 0.999773 0.0209778 -0.317932 0.00528667 -0.0209596 0.999772 50.712
0.999991 0.00475859 -0.00301816 -0.287106 -0.00469377 0.999764 0.0212579 -0.299084 0.00311882 -0.0212433 0.999777 51.929
0.999991 0.0047698 -0.00321399 -0.293647 -0.00470183 0.999771 0.0208408 -0.293586 0.00331286 -0.0208254 0.999784 53.1355
0.999994 0.00447816 -0.00223908 -0.30227 -0.00442954 0.999761 0.0214466 -0.27932 0.00233469 -0.0214363 0.999775 54.3385
0.999991 0.00362524 -0.0045433 -0.31633 -0.00352802 0.999767 0.0212425 -0.277253 0.00461943 -0.0212262 0.99977 55.5605
0.999984 0.00208398 -0.00660114 -0.311308 -0.00193705 0.999751 0.0222558 -0.254861 0.00664596 -0.0222423 0.999738 56.761
0.999987 0.000703223 -0.00647211 -0.315805 -0.000551561 0.999725 0.023424 -0.293286 0.00648698 -0.02342 0.999711 58.0145
0.999967 -1.58855e-05 -0.00911158 -0.327852 0.000232591 0.999717 0.0238326 -0.268108 0.0091087 -0.0238336 0.999683 59.2145
0.999968 -2.94944e-06 -0.00901161 -0.347413 0.000219292 0.99971 0.0240242 -0.248943 0.00900914 -0.0240253 0.999677 60.4192
0.999952 0.0018571 -0.0104985 -0.375446 -0.00159717 0.999694 0.0247478 -0.245278 0.0105413 -0.0247295 0.999647 61.6358
0.999949 0.0014633 -0.0107952 -0.393547 -0.00119185 0.999683 0.0251203 -0.230619 0.0108287 -0.0251061 0.999633 62.8395
0.999954 0.000641444 -0.0104753 -0.407746 -0.000375605 0.999678 0.0253963 -0.213489 0.0104883 -0.0253908 0.999631 64.0442
0.999939 0.000559367 -0.0117257 -0.431067 -0.000242431 0.999634 0.0270229 -0.180085 0.0117368 -0.0270184 0.999573 65.2505
0.999945 -0.000430519 -0.0113281 -0.451568 0.000759079 0.999579 0.0290495 -0.150551 0.0113109 -0.0290561 0.999523 66.4374
0.999932 0.00130007 -0.01232 -0.47653 -0.000941397 0.999575 0.0290859 -0.117146 0.0123529 -0.0290723 0.999508 67.6367
0.999945 0.00120523 -0.0113073 -0.510491 -0.000884507 0.999598 0.0283643 -0.104306 0.0113369 -0.0283524 0.999543 68.8452
0.999953 0.00254473 -0.010217 -0.542823 -0.00224018 0.999555 0.0297186 -0.0612411 0.0102884 -0.0296943 0.999513 70.0334
0.999931 0.00451056 -0.0117395 -0.555995 -0.00415664 0.999541 0.0300336 -0.0255399 0.0118697 -0.0299823 0.99949 71.2197
0.999939 0.00652727 -0.00978183 -0.577003 -0.00622036 0.999496 0.0310835 -0.015886 0.00998021 -0.0310208 0.999476 72.4098
0.99994 0.0064121 -0.00989548 -0.596858 -0.00609213 0.999467 0.0320857 0.0180663 0.010096 -0.0320231 0.999447 73.5938
0.999956 0.00702545 -0.00745257 -0.599871 -0.00676734 0.999394 0.0341075 0.0574198 0.00768807 -0.0340556 0.999397 74.7933
0.999988 0.00588118 -0.00324078 -0.605768 -0.00577007 0.999425 0.0334518 0.0957752 0.00343563 -0.0334323 0.999446 75.9606
0.999992 0.00554857 -0.00132021 -0.61571 -0.00550424 0.999486 0.0315631 0.0928543 0.0014951 -0.0315556 0.999509 77.1317
0.999985 0.00654929 0.00319918 -0.612413 -0.00664691 0.999487 0.031345 0.116011 -0.00299243 -0.0313654 0.999515 78.2977
0.999984 0.00600995 0.00369964 -0.619871 -0.00613773 0.99935 0.0355192 0.148865 -0.00348336 -0.0355414 0.99937 79.4869
0.999978 0.00394045 0.0073084 -0.611531 -0.00421535 0.999273 0.0379137 0.15634 -0.00715381 -0.0379432 0.999266 80.6535
0.999913 0.00507692 0.0129066 -0.603206 -0.00555685 0.999283 0.0374195 0.201489 -0.012707 -0.0374879 0.999225 81.8129
0.999868 0.00273493 0.0168423 -0.57808 -0.00334664 0.999333 0.0363647 0.258478 -0.0167317 -0.0364159 0.999209 82.9657
0.999773 0.00282734 0.0215446 -0.557793 -0.00360007 0.999348 0.0359062 0.298914 -0.0214288 -0.0359755 0.999132 84.1244
0.999698 0.00352516 0.0248531 -0.530113 -0.00445965 0.999282 0.0376192 0.320464 -0.0247028 -0.0377182 0.998996 85.2473
0.999563 2.92696e-05 0.0298662 -0.436605 -0.00121607 0.99921 0.0397127 0.367417 -0.0298412 -0.0397317 0.998774 86.3989
0.999309 -0.00851207 0.0365875 -0.389244 0.00662623 0.998659 0.0513355 0.548655 -0.0369756 -0.051057 0.998024 87.5487
0.999025 -0.0142336 0.0420371 -0.367028 0.0120865 0.998631 0.050885 0.703745 -0.0427036 -0.0503273 0.997829 88.5517
0.998808 -0.0147719 0.0468225 -0.323003 0.0124407 0.998688 0.0496741 0.765022 -0.0474949 -0.0490318 0.997681 89.7129
0.998662 -0.0164536 0.0492301 -0.269545 0.0139805 0.998643 0.0501549 0.810327 -0.0499882 -0.0493996 0.997537 90.8487
0.998495 -0.0165378 0.0525634 -0.215033 0.0138253 0.998575 0.0515382 0.869183 -0.053341 -0.0507333 0.9973 92.0073
0.998247 -0.0179502 0.0565912 -0.160987 0.0148154 0.998358 0.0553275 0.935567 -0.057491 -0.0543921 0.996874 93.1767
0.998126 -0.019156 0.0583697 -0.102023 0.0158454 0.998268 0.0566468 0.988684 -0.0593537 -0.0556151 0.996701 94.3227
0.997865 -0.0206202 0.0621512 -0.0190484 0.0169915 0.998152 0.0583508 1.05066 -0.0632391 -0.05717 0.996371 95.4927
0.997787 -0.020396 0.0635366 0.0444604 0.0166844 0.998154 0.0583957 1.14092 -0.0646105 -0.0572057 0.996284 96.6645
0.997611 -0.0209734 0.0659875 0.115119 0.0172427 0.998249 0.0565976 1.19713 -0.0670585 -0.0553245 0.996226 97.8088
0.997379 -0.0207907 0.0695351 0.205922 0.0170791 0.998419 0.0535412 1.22709 -0.0705384 -0.0522127 0.996156 98.9973
0.997342 -0.020842 0.0699879 0.278546 0.0170681 0.998391 0.0540866 1.26632 -0.071002 -0.0527482 0.996093 100.159
0.997247 -0.0208048 0.07141 0.357984 0.016918 0.998364 0.0545984 1.32609 -0.072429 -0.0532392 0.995968 101.324
0.997421 -0.0214221 0.068684 0.419981 0.0176559 0.998332 0.0549717 1.37041 -0.0697465 -0.053617 0.996136 102.493
0.99756 -0.022165 0.0664689 0.499994 0.018422 0.998238 0.056395 1.41729 -0.0676016 -0.055032 0.99621 103.674
0.997641 -0.0215588 0.0653648 0.580003 0.0178335 0.998213 0.057042 1.45877 -0.0664772 -0.0557415 0.996243 104.88
0.997874 -0.0222993 0.0615144 0.639535 0.0187639 0.998171 0.0574499 1.49899 -0.0626828 -0.0561726 0.996468 106.088
0.998024 -0.0222627 0.0589737 0.710014 0.0188482 0.998149 0.057827 1.54016 -0.0601514 -0.0566009 0.996597 107.283
0.998337 -0.0217649 0.053709 0.759684 0.0186563 0.998158 0.0577036 1.5882 -0.0548657 -0.0566049 0.996905 108.496
0.998529 -0.0218818 0.0498765 0.818348 0.0189666 0.998126 0.0581805 1.63708 -0.0510556 -0.0571485 0.997074 109.703
0.998691 -0.0217628 0.0466653 0.882428 0.0189874 0.99807 0.0590985 1.70451 -0.0478612 -0.0581343 0.997178 110.913
0.998929 -0.022501 0.0407703 0.909947 0.0200424 0.998013 0.0597292 1.75514 -0.0420328 -0.0588476 0.997397 112.127
0.999108 -0.0216463 0.0367483 0.959091 0.0193898 0.997969 0.0606655 1.835 -0.0379864 -0.059898 0.997499 113.344
0.999324 -0.0218042 0.0300664 0.98045 0.0199431 0.997947 0.060852 1.88591 -0.031331 -0.0602107 0.997709 114.572
0.999466 -0.0217476 0.0251 1.00882 0.0201904 0.997952 0.0606761 1.95752 -0.0263677 -0.060136 0.997859 115.792
0.999568 -0.0216009 0.020675 1.02198 0.020309 0.997945 0.0607592 1.99037 -0.0219445 -0.0603123 0.997954 117.004
0.999685 -0.0208069 0.0153348 1.04082 0.019848 0.997989 0.0601864 2.05003 -0.0165558 -0.059862 0.998087 118.246
0.999734 -0.0201296 0.0124597 1.05417 0.0193483 0.998015 0.0599125 2.10206 -0.0136404 -0.059655 0.998142 119.462
0.999822 -0.017634 0.00911321 1.06234 0.0170532 0.998038 0.0602332 2.16046 -0.010157 -0.0600661 0.998161 120.705
0.999835 -0.0173229 0.00778446 1.06504 0.0168229 0.998041 0.0602403 2.2109 -0.00881207 -0.0600988 0.998171 121.946
0.999863 -0.0161026 0.00724386 1.06627 0.015639 0.998077 0.0599655 2.27224 -0.00819487 -0.059843 0.998192 123.166
0.999897 -0.0143765 0.00556229 1.06239 0.0140147 0.998079 0.0603483 2.33533 -0.00641855 -0.0602635 0.99818 124.419
0.999901 -0.0143157 0.00536922 1.06506 0.0139605 0.998033 0.0611028 2.3921 -0.00623266 -0.0610208 0.998135 125.651
0.999951 -0.0107822 0.00388769 1.05229 0.0105161 0.997961 0.0629478 2.46306 -0.00455777 -0.062903 0.998028 126.919
0.999968 -0.00952456 0.00317225 1.04817 0.0092992 0.997866 0.0646204 2.54029 -0.0037802 -0.0645878 0.997924 128.176
0.999957 -0.0103705 0.00357013 1.05285 0.0101179 0.997854 0.0646715 2.59802 -0.00423236 -0.0646317 0.997919 129.404
0.999964 -0.0102435 0.00216246 1.05003 0.0100804 0.997823 0.0651574 2.66902 -0.00282424 -0.0651322 0.997893 130.668
0.999944 -0.0119606 0.00195259 1.04536 0.0118061 0.997762 0.0657962 2.74962 -0.00273439 -0.0657684 0.99785 131.901
0.99995 -0.0118251 0.000537408 1.04778 0.011763 0.997731 0.0662785 2.83308 -0.00131897 -0.0662677 0.997821 133.176
0.999929 -0.0133506 0.00012283 1.0363 0.0133113 0.997614 0.0677398 2.90004 -0.00102619 -0.0677323 0.997723 134.432
0.999928 -0.0137144 0.000567627 1.03151 0.0136434 0.997588 0.0680712 2.98495 -0.0014988 -0.068057 0.997702 135.677
0.999893 -0.0159417 -0.000153923 1.03964 0.0159153 0.997584 0.0676098 3.03929 -0.000923632 -0.0676037 0.997733 136.961
0.999868 -0.0175489 0.000809595 1.04212 0.0174536 0.997563 0.0675659 3.11458 -0.00199237 -0.0675413 0.997736 138.226
0.999859 -0.017876 0.00105936 1.03161 0.0177622 0.997524 0.0680296 3.18954 -0.00227219 -0.0680001 0.997703 139.521
0.999847 -0.0187196 0.000935062 1.03358 0.0186111 0.997476 0.0685285 3.25354 -0.00221462 -0.068499 0.99767 140.796
0.999865 -0.0175456 0.00167514 1.0386 0.01738 0.997273 0.0717079 3.3329 -0.00292806 -0.0716679 0.997445 142.083
0.999916 -0.0145732 0.00121869 1.03512 0.0144464 0.997275 0.0723453 3.43255 -0.00226881 -0.07232 0.997401 143.356
0.999924 -0.0137972 0.00144783 1.03554 0.0136564 0.997294 0.0722124 3.50619 -0.00243957 -0.0721858 0.99741 144.62
0.999934 -0.0130718 0.00296233 1.0276 0.0128251 0.997337 0.0717814 3.58892 -0.00389199 -0.0717368 0.997439 145.891
0.999933 -0.0130121 0.00229318 1.03463 0.0128172 0.997415 0.0706935 3.66785 -0.00320648 -0.070658 0.997518 147.154
0.999921 -0.0135562 0.00460912 1.02259 0.0132118 0.997606 0.0678718 3.7346 -0.00551736 -0.0678036 0.997707 148.429
0.999911 -0.0143402 0.00374294 1.02696 0.01406 0.997696 0.0663644 3.79889 -0.00468533 -0.0663045 0.997811 149.679
0.999907 -0.014833 0.00371599 1.02772 0.0145556 0.997722 0.0658712 3.8598 -0.00468375 -0.065809 0.997845 150.941
0.999892 -0.0153291 0.00494367 1.0258 0.0149678 0.99769 0.0662516 3.9226 -0.00594718 -0.066169 0.997813 152.209
0.999905 -0.0150056 0.00362868 1.02852 0.0147293 0.997657 0.0668094 3.99314 -0.00462183 -0.0667476 0.997783 153.474
0.999901 -0.0148681 0.00469747 1.02336 0.0145167 0.99761 0.0675352 4.076 -0.00568971 -0.0674588 0.997728 154.738
0.999918 -0.0142185 0.00344071 1.01674 0.0139526 0.997607 0.0677066 4.14987 -0.00439431 -0.0676511 0.997723 156
0.999932 -0.0129192 0.00369562 1.00653 0.0126352 0.997565 0.0685656 4.21497 -0.00457173 -0.0685127 0.997662 157.254
0.999934 -0.0128706 0.00409202 1.00388 0.0125578 0.997545 0.0688766 4.28864 -0.00496769 -0.0688187 0.99764 158.517
0.999931 -0.0133167 0.00250376 0.993734 0.0131064 0.997418 0.0705989 4.34518 -0.00343671 -0.0705595 0.997524 159.784
0.999939 -0.0127685 0.00286123 0.991521 0.0125317 0.997377 0.071273 4.42945 -0.00376299 -0.0712308 0.997477 161.043
0.999956 -0.0114345 0.00131919 0.97639 0.0113116 0.997411 0.0710019 4.55066 -0.00212692 -0.0709822 0.997498 162.337
0.999961 -0.0112818 0.00093763 0.97188 0.0111851 0.997364 0.0716818 4.6361 -0.0017432 -0.0716664 0.997453 163.589
0.999968 -0.0103114 0.00197898 0.944869 0.0101363 0.997203 0.074043 4.74378 -0.00273622 -0.0740189 0.997276 164.872
0.999954 -0.0119997 -0.000405952 0.975569 0.011996 0.997149 0.0744966 4.80811 -0.000488371 -0.0744959 0.997247 166.138
0.999952 -0.0119808 -0.000246064 0.965359 0.0119653 0.997129 0.0747668 4.89128 -0.000649614 -0.0747644 0.997224 167.403
0.999952 -0.0119745 -0.00199747 0.959492 0.0120902 0.997101 0.0751078 4.9783 0.00109306 -0.0751262 0.9972 168.667
0.999952 -0.0116454 -0.00268149 0.949185 0.0118159 0.997001 0.07647 5.06118 0.00178376 -0.0764964 0.997092 169.927
0.999951 -0.0122517 -0.000905119 0.949882 0.0122845 0.996924 0.0773938 5.11941 -4.51746e-05 -0.0773989 0.997026 171.141
0.999947 -0.0122648 -0.00187352 0.935719 0.0123737 0.996825 0.0786482 5.2149 0.000903813 -0.0786655 0.996924 172.401
0.999952 -0.0121817 -0.0014779 0.931053 0.0122601 0.996759 0.0795058 5.28713 0.000505254 -0.0795177 0.99686 173.654
0.99995 -0.0118406 -0.00305778 0.918168 0.0120467 0.996722 0.0799946 5.37937 0.00210143 -0.0800257 0.996814 174.915
0.999958 -0.0110669 -0.00392712 0.91655 0.0113449 0.996734 0.0799495 5.49392 0.00303018 -0.0799882 0.996818 176.187
0.999962 -0.0105731 -0.00362144 0.903335 0.0108305 0.996674 0.0807607 5.57895 0.00275632 -0.0807953 0.99675 177.451
0.999952 -0.0110173 -0.00545413 0.921965 0.0114203 0.996687 0.0805186 5.65503 0.0045496 -0.0805744 0.996765 178.725
0.999941 -0.0121728 -0.00456339 0.927472 0.0124958 0.996773 0.0792782 5.73319 0.00358446 -0.0793289 0.996866 180.008
0.999906 -0.0144491 -0.0059891 0.918084 0.0148781 0.996741 0.0792802 5.81145 0.00482466 -0.0793592 0.996861 181.261
0.9999 -0.0144649 -0.00645206 0.905196 0.0149469 0.996489 0.082378 5.903 0.00523865 -0.0824646 0.996604 182.524
0.999882 -0.0161441 -0.00574513 0.908644 0.016579 0.996138 0.0862203 5.98637 0.00433162 -0.0863026 0.996286 183.805
0.999872 -0.0161719 -0.00674038 0.896084 0.0166988 0.996034 0.0873864 6.09301 0.00530123 -0.087486 0.996177 185.055
0.999903 -0.0148379 -0.00569301 0.885634 0.0152708 0.996204 0.0856881 6.19492 0.00440056 -0.085764 0.996333 186.316
0.999897 -0.0146426 -0.00664739 0.871686 0.0151528 0.996291 0.0847036 6.28166 0.00538313 -0.0847937 0.99641 187.55
0.999895 -0.0148562 -0.00684759 0.85723 0.0153854 0.996244 0.0851945 6.37301 0.0055567 -0.0852883 0.996367 188.796
0.9999 -0.0148439 -0.00592447 0.844207 0.0153001 0.996142 0.0864135 6.46828 0.00461957 -0.0864935 0.996268 190.045
0.999897 -0.0148714 -0.00656024 0.831085 0.0153893 0.996024 0.0877319 6.56942 0.00522987 -0.0878212 0.99615 191.269
0.999898 -0.0156065 -0.00379775 0.820311 0.0158808 0.995956 0.0884254 6.66192 0.00240301 -0.0884746 0.996102 192.554
0.999905 -0.0155812 -0.0030211 0.811331 0.0157865 0.995972 0.0882592 6.75646 0.00163415 -0.0882956 0.996121 193.755
0.999878 -0.0172406 -0.00118357 0.828935 0.0172773 0.99595 0.0882183 6.81716 -0.000341494 -0.0882258 0.996127 195.03
0.99989 -0.0168904 0.00056804 0.824614 0.0167724 0.995896 0.0889255 6.92073 -0.00206723 -0.0889029 0.996067 196.266
0.999881 -0.0171052 0.00133873 0.841367 0.0169189 0.995922 0.0886008 7.00386 -0.00284808 -0.0885653 0.996094 197.475
0.999887 -0.0167856 0.00333822 0.838088 0.0164205 0.995876 0.0892204 7.10727 -0.00482175 -0.0891521 0.996035 198.698
0.999873 -0.0171054 0.00426038 0.838686 0.0166455 0.995694 0.0911811 7.19965 -0.00580098 -0.0910963 0.995853 199.905
0.999886 -0.0164005 0.00539383 0.841286 0.0158356 0.995645 0.0918621 7.29503 -0.0068767 -0.0917626 0.995787 201.11
0.999871 -0.0160706 0.00752759 0.847064 0.0153105 0.995645 0.0919522 7.38488 -0.00897183 -0.0918227 0.995763 202.323
0.999883 -0.0155923 0.0078357 0.851876 0.014801 0.995605 0.0924652 7.47828 -0.00924277 -0.0923348 0.995715 203.507
0.999863 -0.0154782 0.00959788 0.857509 0.0145181 0.995553 0.0930663 7.58185 -0.010995 -0.0929118 0.995642 204.694
0.999862 -0.0157907 0.0098854 0.863497 0.0147914 0.995458 0.0940454 7.69751 -0.0113253 -0.0938825 0.995549 205.895
0.999861 -0.0147037 0.0109213 0.841659 0.0136096 0.995456 0.094239 7.81834 -0.0122566 -0.094075 0.995518 207.073
0.99981 -0.0177408 0.0115861 0.854652 0.0165672 0.995387 0.0944995 7.9082 -0.0132089 -0.0942861 0.995488 208.244
0.999803 -0.0181345 0.0111126 0.876844 0.0169903 0.995278 0.0955593 7.96479 -0.0127923 -0.0953493 0.99539 209.409
0.999808 -0.0173039 0.0124743 0.893223 0.0160218 0.995216 0.0963782 8.04459 -0.014082 -0.0961561 0.995298 210.549
0.999821 -0.0170899 0.0111464 0.900391 0.0159367 0.995216 0.0963804 8.14836 -0.0127393 -0.0961831 0.995311 211.648
0.99981 -0.0178108 0.0115816 0.910431 0.016609 0.995182 0.0966247 8.24336 -0.0132464 -0.0964103 0.995285 212.755
0.999764 -0.0186886 0.0134584 0.939431 0.0173194 0.99528 0.0954793 8.33809 -0.0151783 -0.0952213 0.99537 213.84
0.999784 -0.0189686 0.0120425 0.941001 0.0177288 0.995244 0.09578 8.42056 -0.0138018 -0.0955421 0.995361 214.905
0.999756 -0.0199683 0.0121541 0.961615 0.0187155 0.995241 0.0956289 8.49787 -0.0140049 -0.0953758 0.995372 215.971
0.999783 -0.0203152 0.00966073 0.967254 0.019288 0.995142 0.0965412 8.5773 -0.0115747 -0.0963302 0.995314 217.021
0.999789 -0.0205546 0.00765796 0.981957 0.0196992 0.994929 0.0986286 8.6397 -0.0096455 -0.0984545 0.995124 218.068
0.999808 -0.0203938 0.00653379 0.980498 0.0196411 0.994828 0.0996454 8.74049 -0.00853185 -0.099494 0.995033 219.084
0.999833 -0.0196461 0.00314209 0.96601 0.0192324 0.994789 0.100118 8.84356 -0.00509178 -0.100038 0.995 220.072
0.999843 -0.0196202 0.0016019 0.987267 0.0193635 0.994869 0.0992928 8.90919 -0.00354154 -0.0992424 0.995088 221.085
0.999849 -0.0189568 -0.0024075 0.941053 0.0191018 0.994861 0.0994245 9.00937 0.000511216 -0.0994529 0.995072 222.038
0.999841 -0.0187936 -0.00618919 0.926355 0.0193185 0.994782 0.100158 9.09756 0.00427479 -0.100258 0.994983 222.977
0.999815 -0.0190946 -0.00830714 0.938901 0.0198324 0.994744 0.100447 9.14019 0.00634628 -0.100591 0.994938 223.938
0.999781 -0.0191403 -0.0121574 0.922638 0.0202641 0.994745 0.100342 9.21689 0.0101733 -0.100562 0.99491 224.832
0.999757 -0.0189901 -0.0137469 0.903871 0.0202758 0.994736 0.100437 9.28014 0.011768 -0.100689 0.994879 225.712
0.999716 -0.0185076 -0.0173871 0.883052 0.0201539 0.994792 0.0998917 9.36005 0.0154481 -0.10021 0.994878 226.567
0.999654 -0.018296 -0.0204853 0.858784 0.020252 0.994802 0.0997781 9.4308 0.0185542 -0.100156 0.994829 227.398
0.999662 -0.0167398 -0.0217678 0.823878 0.0188361 0.994808 0.0999929 9.49975 0.0199813 -0.100365 0.994782 228.207
0.999622 -0.0164106 -0.0234474 0.786748 0.0186976 0.994717 0.100927 9.56036 0.0216682 -0.101324 0.994648 229.001
0.999644 -0.0165672 -0.0227245 0.765526 0.018798 0.994627 0.101779 9.62743 0.0209165 -0.102166 0.99458 229.781
0.999633 -0.0163709 -0.0230386 0.748121 0.01866 0.99451 0.102955 9.6771 0.0212276 -0.103344 0.99445 230.535
0.99966 -0.0159423 -0.022474 0.733747 0.01818 0.994493 0.103192 9.73988 0.0207053 -0.103561 0.99444 231.284
0.999671 -0.0157555 -0.0217774 0.727356 0.0179077 0.994573 0.102476 9.80131 0.0200457 -0.102829 0.994528 232.032
0.999683 -0.0157353 -0.0215444 0.705532 0.0178428 0.99468 0.101437 9.8637 0.0198339 -0.101785 0.994641 232.772
0.999708 -0.015838 -0.01993 0.686459 0.0177551 0.994824 0.100039 9.92212 0.0182434 -0.10036 0.994815 233.505
0.999738 -0.0152846 -0.0191871 0.673671 0.0171253 0.994859 0.0997884 9.989 0.0175635 -0.100087 0.994856 234.232
0.999759 -0.01536 -0.017612 0.647167 0.0170414 0.99487 0.0997047 10.0581 0.0159913 -0.0999779 0.994892 234.95
0.999796 -0.0155975 -0.0156247 0.620249 0.0170954 0.994751 0.100872 10.1222 0.0139695 -0.101114 0.994809 235.706
0.999812 -0.0154803 -0.0142428 0.605003 0.0168407 0.994742 0.100997 10.1956 0.0126054 -0.101214 0.994817 236.403
0.999851 -0.015546 -0.011722 0.59857 0.0166487 0.994766 0.100791 10.2631 0.0100939 -0.100966 0.994871 237.105
0.999862 -0.0159321 -0.00946277 0.605493 0.0168003 0.994824 0.100194 10.2913 0.0078185 -0.100336 0.994955 237.811
0.999892 -0.0160496 -0.00629928 0.607009 0.0165997 0.994826 0.100206 10.3735 0.00465865 -0.100295 0.99498 238.513
0.999901 -0.0161601 -0.00260685 0.607065 0.0163403 0.994749 0.10101 10.4385 0.00096197 -0.101039 0.994915 239.213
0.999908 -0.0163258 -0.000463229 0.600844 0.0162882 0.994716 0.101343 10.4923 -0.00119344 -0.101336 0.994884 239.912
0.999897 -0.0164023 0.00252349 0.601655 0.0160639 0.99477 0.100852 10.5546 -0.00416326 -0.100798 0.994931 240.616
0.9999 -0.0162313 0.00455729 0.589764 0.0156796 0.994627 0.102307 10.6161 -0.00619311 -0.102221 0.994775 241.302
0.999888 -0.0157626 0.00678602 0.577953 0.0149842 0.99462 0.102485 10.6857 -0.00836368 -0.102368 0.994744 242.006
0.999862 -0.0159502 0.0103432 0.580346 0.0148014 0.994577 0.102921 10.7507 -0.0119284 -0.102749 0.994669 242.702
0.999821 -0.0159416 0.0132018 0.57746 0.0144899 0.994516 0.103552 10.8186 -0.0147788 -0.103338 0.994569 243.398
0.999791 -0.015821 0.0159084 0.577269 0.0140883 0.994512 0.103652 10.8949 -0.0174606 -0.103401 0.99452 244.117
0.999749 -0.0159045 0.0179023 0.588845 0.0139566 0.994468 0.104094 10.9596 -0.0194575 -0.103814 0.99444 244.814
0.999698 -0.0160248 0.0208356 0.603205 0.0137893 0.994552 0.103306 11.0202 -0.0223773 -0.102983 0.994465 245.524
0.999676 -0.0145088 0.0225816 0.619726 0.0121566 0.994809 0.10101 11.0935 -0.0239286 -0.100699 0.994663 246.232
0.999647 -0.0151088 0.0237488 0.63808 0.0126478 0.994851 0.100541 11.1597 -0.0251453 -0.1002 0.994684 246.943
0.999629 -0.0145661 0.0245219 0.654703 0.0120043 0.994757 0.10154 11.2282 -0.0258709 -0.101205 0.994563 247.682
0.999641 -0.01542 0.0238256 0.67828 0.0129029 0.99466 0.102388 11.3094 -0.0252769 -0.102039 0.994494 248.41
0.999625 -0.0140732 0.0249581 0.690115 0.0114435 0.994662 0.102533 11.3838 -0.0262664 -0.102205 0.994451 249.137
0.999643 -0.0137607 0.0247555 0.700088 0.0111601 0.994693 0.102269 11.4791 -0.0260311 -0.101951 0.994484 249.871
0.99962 -0.0139433 0.0252583 0.717778 0.0112854 0.994671 0.102465 11.5555 -0.026551 -0.102137 0.99445 250.611
0.999554 -0.0175521 0.025937 0.729064 0.0148454 0.994767 0.101074 11.6437 -0.0275752 -0.100639 0.994576 251.395
0.9995 -0.0198786 0.026035 0.740492 0.0171756 0.994818 0.100201 11.7294 -0.0278906 -0.0997001 0.994661 252.14
0.999539 -0.0166615 0.0271006 0.780328 0.013768 0.99452 0.103629 11.7414 -0.0286787 -0.103203 0.994283 252.905
0.99961 -0.0114483 0.0268634 0.819538 0.00845028 0.993986 0.109171 11.8126 -0.0279504 -0.108898 0.993695 253.687
0.999589 -0.0116812 0.027874 0.8427 0.00851378 0.993767 0.111146 11.8701 -0.0289986 -0.110858 0.99345 254.47
0.999509 -0.0114505 0.0303983 0.866128 0.00802008 0.993824 0.110657 11.9485 -0.0314764 -0.110355 0.99343 255.274
0.999406 -0.00859628 0.034721 0.886579 0.00489442 0.994426 0.105317 12.0112 -0.0354329 -0.105079 0.993869 256.071
0.999294 -0.00423684 0.0383094 0.918444 0.000261186 0.994658 0.103201 12.0777 -0.0385408 -0.103114 0.993959 256.912
0.999242 -0.00316196 0.0399765 0.94525 -0.00105876 0.994459 0.105117 12.1482 -0.0400874 -0.105075 0.993693 257.752
0.999106 -0.00372751 0.043001 0.98346 -0.000928603 0.994174 0.107762 12.2241 -0.0431509 -0.107701 0.993283 258.588
0.998934 -0.00672719 0.0466784 1.02448 0.00148526 0.993771 0.111431 12.3077 -0.0471374 -0.111238 0.992713 259.422
0.998781 -0.0112744 0.0488453 1.06201 0.00565275 0.993492 0.113734 12.4212 -0.0498084 -0.113315 0.992346 260.261
0.998588 -0.0109892 0.0528668 1.10324 0.00483838 0.993344 0.115089 12.4955 -0.0537797 -0.114665 0.991986 261.092
0.998481 -0.00888896 0.0550798 1.14472 0.00253787 0.993438 0.114321 12.5823 -0.0557332 -0.114004 0.991953 261.932
0.998347 -0.00870528 0.0576457 1.18895 0.00206218 0.993443 0.114307 12.6707 -0.0582629 -0.113994 0.991811 262.762
0.998145 -0.00831674 0.0609728 1.23286 0.00125785 0.993373 0.114909 12.76 -0.0615231 -0.114614 0.991541 263.596
0.998095 -0.00746837 0.0620327 1.28369 0.000184452 0.993178 0.116602 12.8413 -0.0624805 -0.116363 0.991279 264.476
0.99784 -0.00736759 0.0658956 1.3309 -0.000491669 0.992956 0.118468 12.9357 -0.0663031 -0.118239 0.990807 265.316
0.997693 -0.00774126 0.0681932 1.38339 -0.000429798 0.992894 0.119 13.039 -0.06863 -0.118749 0.990592 266.14
0.997497 -0.00792588 0.0708446 1.43907 -0.0005961 0.992835 0.119471 13.1397 -0.0712827 -0.11921 0.990345 266.97
0.997318 -0.0100817 0.0731931 1.49888 0.00128479 0.992864 0.119251 13.2333 -0.0738733 -0.118831 0.990205 267.85
0.997199 -0.0117979 0.0744199 1.57153 0.00276577 0.992729 0.12032 13.3132 -0.0752971 -0.119773 0.98998 268.688
0.997139 -0.0139958 0.0749777 1.65409 0.00484751 0.992662 0.120829 13.4161 -0.0761186 -0.120114 0.989881 269.589
0.997149 -0.014309 0.0746514 1.72095 0.00516521 0.992605 0.121268 13.467 -0.0758332 -0.120532 0.989847 270.438
0.997118 -0.0143977 0.0751887 1.782 0.00515726 0.992557 0.121669 13.5556 -0.076381 -0.120924 0.989763 271.29
0.997128 -0.0144365 0.0749021 1.83949 0.0052588 0.992599 0.121307 13.6622 -0.0760977 -0.12056 0.989823 272.19
0.997188 -0.0139093 0.0743437 1.8988 0.00473552 0.992497 0.122173 13.7499 -0.0754852 -0.121471 0.989765 273.04
0.997193 -0.013828 0.0741719 1.95624 0.00467329 0.992492 0.122203 13.8385 -0.0753036 -0.121509 0.989769 273.889
0.997478 -0.0124245 0.070623 2.01804 0.00374206 0.992552 0.121764 13.9321 -0.0716099 -0.121186 0.990088 274.802
0.997566 -0.0116993 0.0693648 2.07169 0.00315928 0.992527 0.12197 14.0237 -0.0702722 -0.121449 0.990146 275.652
0.997639 -0.0113436 0.068505 2.12507 0.00289263 0.992498 0.122219 14.1253 -0.0693776 -0.121725 0.990181 276.505
0.997781 -0.00973858 0.0665334 2.17514 0.00153405 0.992495 0.122268 14.2064 -0.0672237 -0.12189 0.990304 277.352
0.997887 -0.00943675 0.0651148 2.22548 0.00133872 0.992368 0.1233 14.3012 -0.0657814 -0.122945 0.990277 278.195
0.998078 -0.00963778 0.0619302 2.27528 0.00184111 0.992188 0.124737 14.4042 -0.0626474 -0.124378 0.990295 279.037
0.998313 -0.0109603 0.0579416 2.32372 0.00350442 0.991864 0.12724 14.5101 -0.0588649 -0.126816 0.990224 279.878
0.998515 -0.0112557 0.0541373 2.36475 0.00418733 0.991643 0.128941 14.6247 -0.055135 -0.128518 0.990214 280.707
0.998788 -0.0110899 0.0490717 2.40324 0.00463051 0.991525 0.129827 14.728 -0.0500957 -0.129435 0.990369 281.523
0.998959 -0.0113872 0.0451953 2.43776 0.00538445 0.991397 0.130776 14.8268 -0.0462945 -0.130391 0.990423 282.338
0.999176 -0.0116079 0.0402742 2.47067 0.00621032 0.991279 0.131629 14.9291 -0.041451 -0.131263 0.990528 283.144
0.999336 -0.0119727 0.035746 2.49604 0.00715258 0.991218 0.132038 15.0129 -0.0370119 -0.131689 0.990641 283.932
0.999455 -0.0117442 0.0325858 2.52126 0.00733889 0.991203 0.132135 15.1008 -0.0338512 -0.131817 0.990743 284.703
0.999582 -0.0115712 0.028222 2.53756 0.00772556 0.991119 0.132741 15.196 -0.0295064 -0.132461 0.990791 285.463
0.999677 -0.0114807 0.0250175 2.55192 0.00804567 0.991043 0.133292 15.2877 -0.0263238 -0.13304 0.99081 286.206
0.999763 -0.0123737 0.0203933 2.56437 0.00955628 0.991087 0.132864 15.4003 -0.0218547 -0.132632 0.990967 286.952
0.999832 -0.0135972 0.016291 2.57579 0.0113196 0.991116 0.132508 15.4855 -0.017948 -0.132294 0.991097 287.658
0.999921 -0.012865 0.00937355 2.56644 0.0115159 0.99119 0.13194 15.5626 -0.0109875 -0.131815 0.991256 288.41
0.999977 -0.0124844 0.00272531 2.566 0.0120211 0.991363 0.130593 15.6582 -0.00433191 -0.13055 0.991484 289.075
0.999954 -0.0122249 -0.00623563 2.54753 0.0129245 0.991625 0.128498 15.7536 0.00461335 -0.128566 0.991733 289.769
0.999835 -0.0127071 -0.0169237 2.53294 0.0147724 0.991643 0.128155 15.8211 0.015154 -0.128376 0.991662 290.409
0.999521 -0.0126566 -0.0298689 2.50764 0.0163812 0.991641 0.127974 15.8804 0.0280003 -0.128396 0.99137 291.031
0.998926 -0.0125579 -0.0459206 2.47129 0.0183673 0.991554 0.128386 15.9539 0.0439206 -0.129083 0.990713 291.638
0.997853 -0.0104691 -0.0653845 2.41247 0.0188217 0.991532 0.12848 16.0478 0.0634863 -0.129429 0.989597 292.263
0.996182 -0.0101252 -0.0873892 2.35022 0.021337 0.991499 0.128347 16.1142 0.0853469 -0.129713 0.987924 292.836
0.993612 -0.0100567 -0.112829 2.27308 0.0245947 0.991439 0.128219 16.1809 0.110574 -0.130169 0.98535 293.409
0.990128 -0.0099657 -0.140239 2.18688 0.0280963 0.991386 0.127916 16.2491 0.137756 -0.130584 0.981874 293.96
0.985403 -0.00909008 -0.170281 2.08087 0.0311752 0.991349 0.127486 16.298 0.167649 -0.130928 0.977159 294.498
0.978972 -0.00913052 -0.20409 1.95703 0.035723 0.991257 0.127006 16.3562 0.201146 -0.131618 0.970734 295.035
0.970838 -0.00925142 -0.239762 1.81593 0.0406855 0.99113 0.126498 16.4086 0.236466 -0.132557 0.962601 295.539
0.960971 -0.00876968 -0.276734 1.66184 0.0451975 0.991057 0.125542 16.4577 0.273158 -0.133141 0.952769 296.016
0.948933 -0.00717422 -0.315553 1.48136 0.0491841 0.990887 0.125378 16.5053 0.311777 -0.134489 0.940636 296.511
0.93498 -0.00678074 -0.354809 1.2911 0.0541373 0.990837 0.123724 16.5568 0.350718 -0.134879 0.926777 296.969
0.918575 -0.00684189 -0.395311 1.08317 0.0600666 0.990656 0.122429 16.6148 0.390779 -0.136199 0.910401 297.437
0.899751 -0.00667673 -0.436496 0.85708 0.0658037 0.99053 0.120489 16.6595 0.431557 -0.137124 0.891665 297.869
0.877746 -0.00740957 -0.479172 0.613169 0.0725074 0.99042 0.117503 16.6959 0.47371 -0.137875 0.869872 298.272
0.853063 -0.0080819 -0.521865 0.344648 0.0794476 0.990236 0.114532 16.7559 0.515843 -0.139155 0.845372 298.687
0.825521 -0.00909791 -0.564387 0.0695532 0.0865016 0.990096 0.110564 16.8085 0.55779 -0.140087 0.818128 299.07
0.794692 -0.0080179 -0.607064 -0.218655 0.0912923 0.990119 0.10643 16.8498 0.600211 -0.13999 0.787568 299.414
0.76065 -0.00824358 -0.649188 -0.538488 0.0975047 0.990026 0.101674 16.8808 0.641873 -0.140631 0.753863 299.756
0.723225 -0.00863888 -0.69065 -0.85326 0.105256 0.989619 0.0978414 16.8997 0.682633 -0.143447 0.716623 300.062
0.681044 -0.00997034 -0.732243 -1.21544 0.116021 0.988745 0.0944453 16.9315 0.723058 -0.14927 0.674532 300.364
0.634472 -0.010175 -0.772961 -1.57594 0.125062 0.98809 0.0896473 16.9553 0.76284 -0.153537 0.628184 300.62
0.584973 -0.00706888 -0.811085 -1.9235 0.128278 0.988181 0.0839043 16.9727 0.800903 -0.15312 0.578963 300.833
0.532794 -0.00195868 -0.846319 -2.32693 0.12809 0.988662 0.0783491 16.9983 0.836567 -0.150139 0.527001 301.041
0.478889 0.00232283 -0.87793 -2.719 0.127769 0.989163 0.0723115 17.0191 0.868581 -0.146795 0.4734 301.207
0.422831 0.00406385 -0.90627 -3.10072 0.130174 0.989347 0.0651696 17.0295 0.896877 -0.145518 0.417794 301.338
0.365346 0.00576062 -0.930909 -3.51541 0.133469 0.989324 0.0585028 17.0448 0.921304 -0.145614 0.360673 301.455
0.307565 0.00773518 -0.951563 -3.89557 0.137143 0.989165 0.0523676 17.0441 0.941655 -0.146597 0.303169 301.553
0.248765 0.0107312 -0.968557 -4.31612 0.140167 0.989012 0.0469579 17.0617 0.958415 -0.147435 0.244525 301.617
0.187701 0.0137184 -0.982196 -4.72308 0.142579 0.988931 0.0410592 17.0649 0.971884 -0.147737 0.183665 301.653
0.12412 0.0170668 -0.992172 -5.13426 0.143223 0.989073 0.03493 17.0739 0.981922 -0.146431 0.120317 301.666
0.0603625 0.0227338 -0.997982 -5.57812 0.144615 0.988993 0.0312755 17.0729 0.987705 -0.146201 0.0564083 301.647
-0.00554899 0.0282613 -0.999636 -6.02361 0.145833 0.988936 0.0271485 17.062 0.989339 -0.145623 -0.00961049 301.602
-0.0730428 0.0332389 -0.99684 -6.46388 0.146098 0.989019 0.0222724 17.0543 0.986629 -0.144 -0.0770983 301.547
-0.13914 0.03941 -0.98954 -6.92932 0.146139 0.989084 0.0188423 17.0593 0.979476 -0.141982 -0.143381 301.435
-0.205385 0.0446265 -0.977729 -7.38595 0.146548 0.989099 0.0143607 17.0558 0.967707 -0.140325 -0.209687 301.313
-0.269416 0.048418 -0.96186 -7.85578 0.147554 0.989017 0.00845418 17.0385 0.9517 -0.139642 -0.273602 301.146
-0.33095 0.0507959 -0.942349 -8.32105 0.147679 0.989034 0.00144767 17.0232 0.932084 -0.138677 -0.334822 300.952
-0.390716 0.0517252 -0.919113 -8.77674 0.146791 0.989144 -0.00673557 17.0052 0.908782 -0.137542 -0.394066 300.727
-0.446717 0.0513762 -0.893272 -9.25049 0.144861 0.98933 -0.0155429 16.9886 0.882937 -0.136333 -0.449393 300.454
-0.498086 0.05237 -0.865605 -9.70766 0.143264 0.989426 -0.0225768 16.9684 0.855265 -0.135249 -0.500321 300.158
-0.545218 0.0530331 -0.836694 -10.176 0.140718 0.989625 -0.0289699 16.9456 0.826472 -0.133522 -0.547023 299.812
-0.585732 0.0520454 -0.808896 -10.6477 0.135996 0.990098 -0.0347734 16.9182 0.799072 -0.130368 -0.587009 299.438
-0.623821 0.0536495 -0.779808 -11.1177 0.135442 0.989968 -0.040241 16.8904 0.769821 -0.130712 -0.624827 299.031
-0.660995 0.0588431 -0.74815 -11.6002 0.136923 0.989642 -0.0431367 16.8338 0.737857 -0.130945 -0.662203 298.6
-0.697633 0.06287 -0.713783 -12.0747 0.137006 0.989466 -0.0467541 16.786 0.703321 -0.1304 -0.698896 298.134
-0.731404 0.0647947 -0.678937 -12.5292 0.13536 0.989463 -0.0513924 16.7206 0.668447 -0.129483 -0.732465 297.623
-0.7627 0.0616781 -0.643907 -12.9691 0.130068 0.989732 -0.059261 16.6535 0.633636 -0.12894 -0.762889 297.061
-0.790774 0.0602321 -0.609226 -13.4166 0.126983 0.989641 -0.066983 16.5747 0.598875 -0.130323 -0.790227 296.454
-0.816808 0.0553423 -0.574363 -13.8372 0.120424 0.989818 -0.0758845 16.5224 0.564311 -0.13114 -0.815153 295.824
-0.840079 0.0544336 -0.539826 -14.2402 0.116892 0.989744 -0.0821098 16.4415 0.529815 -0.132073 -0.837824 295.148
-0.862291 0.0545379 -0.503599 -14.6519 0.113161 0.989798 -0.0865699 16.3824 0.493736 -0.131626 -0.859662 294.44
-0.882349 0.0507432 -0.467968 -15.0245 0.105737 0.990129 -0.0920062 16.3014 0.458675 -0.130656 -0.879001 293.677
-0.901343 0.051286 -0.430216 -15.3964 0.101943 0.990192 -0.09554 16.2084 0.421093 -0.129961 -0.897727 292.897
-0.918346 0.052806 -0.39238 -15.7339 0.0990154 0.9902 -0.0984839 16.1269 0.38333 -0.129287 -0.914571 292.093
-0.93371 0.0553801 -0.353915 -16.0736 0.0968198 0.990217 -0.100487 15.9916 0.344884 -0.128081 -0.929933 291.219
-0.947224 0.0540712 -0.316154 -16.3755 0.0905509 0.990668 -0.10187 15.9016 0.307691 -0.125115 -0.943276 290.306
-0.95852 0.0555295 -0.27981 -16.6377 0.0876585 0.990743 -0.103667 15.795 0.27146 -0.123884 -0.954509 289.405
-0.968481 0.0555476 -0.243043 -16.8784 0.0833213 0.990916 -0.10555 15.6924 0.234969 -0.122467 -0.964307 288.453
-0.976203 0.0543085 -0.210279 -17.1006 0.0786917 0.990878 -0.109407 15.5813 0.202417 -0.12334 -0.971566 287.461
-0.982909 0.0536447 -0.17642 -17.2905 0.0743873 0.990785 -0.113177 15.4506 0.16872 -0.124359 -0.977837 286.452
-0.988164 0.0520329 -0.144791 -17.4347 0.069 0.990993 -0.114781 15.3461 0.137513 -0.123402 -0.982848 285.408
-0.992018 0.0525506 -0.115113 -17.5354 0.0660772 0.990921 -0.11708 15.2256 0.107913 -0.123745 -0.986478 284.325
-0.995049 0.0525319 -0.0852001 -17.636 0.0624791 0.990964 -0.118693 15.0951 0.0781935 -0.123418 -0.989333 283.238
-0.996905 0.052323 -0.059626 -17.682 0.059173 0.991046 -0.119688 14.9482 0.0528277 -0.122838 -0.991068 282.109
-0.998239 0.0497168 -0.0344962 -17.726 0.0535031 0.991402 -0.119422 14.8308 0.0282611 -0.121047 -0.992309 280.973
-0.998772 0.0493201 -0.0116383 -17.7413 0.0503548 0.991562 -0.119451 14.6835 0.00564701 -0.119883 -0.99282 279.818
-0.998835 0.0487812 0.00962464 -17.7364 0.0472857 0.991741 -0.119234 14.5323 -0.0153623 -0.118628 -0.992885 278.651
-0.99872 0.0447837 0.0258169 -17.7088 0.0413496 0.991811 -0.120824 14.3845 -0.031018 -0.119595 -0.992386 277.439
-0.998525 0.0411916 0.0373568 -17.6532 0.0363635 0.991899 -0.121737 14.2436 -0.0420691 -0.120187 -0.991926 276.233
-0.99824 0.0388372 0.0460763 -17.5912 0.0330682 0.992234 -0.119904 14.0902 -0.0503767 -0.118162 -0.991764 275.014
-0.998273 0.0368809 0.04728 -17.5135 0.0310976 0.992571 -0.117654 13.9342 -0.0512684 -0.11597 -0.991995 273.764
-0.998222 0.036469 0.0483561 -17.4459 0.0305704 0.9926 -0.117508 13.7846 -0.0522852 -0.115813 -0.991942 272.504
-0.998416 0.0351407 0.0456036 -17.3756 0.0295736 0.992645 -0.117427 13.6346 -0.0493951 -0.115881 -0.992101 271.224
-0.998474 0.0349419 0.0440952 -17.3077 0.0296072 0.992776 -0.116263 13.4808 -0.0478407 -0.114772 -0.992288 269.921
-0.99861 0.0345968 0.0415935 -17.2454 0.0295872 0.992872 -0.115492 13.3297 -0.0452932 -0.11409 -0.992504 268.617
-0.998868 0.0333121 0.0356173 -17.1758 0.02902 0.992961 -0.114823 13.1722 -0.0391931 -0.113652 -0.992796 267.28
