1 0 0 0 0 1 0 0 0 0 1 0
0.999978 0.000378602 -0.0064921 -0.0107999 -0.000376493 1 0.000332334 -0.00485175 0.00649239 -0.000329813 0.999979 0.0823887
0.999913 0.00073962 -0.0132205 -0.00699525 -0.000727509 0.999999 0.0009195 -0.00253091 0.0132213 -0.00090984 0.999912 0.173767
0.999789 0.000831186 -0.0205159 -0.0206669 -0.000837229 1 -0.000279949 -0.00745395 0.0205159 0.000297172 0.99979 0.273741
0.999563 0.000755708 -0.029586 -0.0362313 -0.00081283 0.999998 -0.0019202 -0.000925343 0.0295846 0.00194334 0.999561 0.376409
0.999163 0.000839782 -0.0409098 -0.0482074 -0.000953493 0.999996 -0.00275544 0.0021049 0.0409076 0.00279226 0.999161 0.483886
0.998532 -0.00030756 -0.054172 -0.0706724 0.000104669 0.999993 -0.00374905 0.00575206 0.054173 0.00373781 0.998526 0.607791
0.997513 -9.79399e-05 -0.0704928 -0.0918664 -0.000213264 0.999991 -0.00440434 0.000989499 0.0704929 0.00440855 0.997505 0.744468
0.996069 -0.000924426 -0.0885774 -0.114294 0.000573178 0.999992 -0.00399172 0.0045175 0.0885807 0.00392514 0.996062 0.895386
0.994093 -0.00379197 -0.108484 -0.145755 0.00335332 0.999986 -0.00422374 0.00535181 0.108499 0.00383515 0.994092 1.05643
0.991403 -0.00330181 -0.130801 -0.182503 0.00264701 0.999983 -0.00518014 0.0035436 0.130816 0.0047893 0.991396 1.22024
0.988045 -0.000783956 -0.154178 -0.232223 -6.97923e-05 0.999986 -0.00553064 -0.00209499 0.15418 0.00547545 0.98803 1.38561
0.983756 0.00307396 -0.179489 -0.290346 -0.00463997 0.999955 -0.00830645 -0.00566974 0.179456 0.00900426 0.983726 1.57165
0.978424 0.00618279 -0.206524 -0.35764 -0.00808631 0.999933 -0.00837309 -0.011393 0.206459 0.0098626 0.978409 1.75697
0.971853 0.00647637 -0.235504 -0.428971 -0.00884426 0.999921 -0.00900033 -0.0154837 0.235427 0.0108298 0.971833 1.95012
0.963912 0.00704194 -0.266136 -0.505581 -0.00960972 0.999919 -0.00834676 -0.0134626 0.266056 0.0106031 0.963903 2.13747
0.954677 0.008849 -0.297516 -0.60343 -0.0117874 0.999898 -0.00808425 -0.0188186 0.297415 0.0112248 0.954684 2.34066
0.943534 0.010515 -0.331115 -0.700497 -0.0134236 0.999889 -0.00649811 -0.0316796 0.331011 0.010576 0.943572 2.5354
0.931185 0.0125105 -0.364335 -0.806255 -0.0161943 0.999844 -0.00705812 -0.0332637 0.36419 0.0124725 0.931243 2.72722
0.917656 0.0150156 -0.397099 -0.940617 -0.0190717 0.999799 -0.00626693 -0.0309082 0.396926 0.0133244 0.917758 2.93138
0.901865 0.0144478 -0.43178 -1.06462 -0.019128 0.999796 -0.00649924 -0.0244515 0.431599 0.0141205 0.901957 3.12411
0.883812 0.010908 -0.467721 -1.19014 -0.0159932 0.999849 -0.00690247 -0.026689 0.467575 0.0135809 0.883854 3.32595
0.86283 0.00755293 -0.50544 -1.33864 -0.0131959 0.999885 -0.00758553 -0.0451709 0.505325 0.0132147 0.862831 3.54901
0.838471 0.00817614 -0.544891 -1.4913 -0.0132282 0.999899 -0.00535149 -0.0506859 0.544792 0.0116949 0.838495 3.7423
0.810037 0.0119274 -0.58626 -1.68558 -0.0170977 0.999849 -0.00328246 -0.060389 0.586133 0.0126825 0.810119 3.94465
0.77847 0.0144361 -0.627522 -1.88587 -0.0203143 0.999792 -0.00220043 -0.0577969 0.62736 0.0144605 0.778601 4.12666
0.74342 0.0126725 -0.668707 -2.08102 -0.0197556 0.999801 -0.00301621 -0.0539481 0.668537 0.0154529 0.743522 4.30433
0.704574 0.00888725 -0.70958 -2.31186 -0.0145928 0.999892 -0.00196616 -0.0669356 0.709486 0.0117399 0.704628 4.50634
0.66331 0.00523443 -0.748329 -2.53998 -0.0105992 0.999941 -0.00240092 -0.0746033 0.748273 0.00952416 0.663326 4.69564
0.61961 0.00436246 -0.784903 -2.78919 -0.00926524 0.999957 -0.00175603 -0.071522 0.784861 0.00836019 0.619623 4.86407
0.572172 0.0040679 -0.820126 -3.07658 -0.00756269 0.999972 -0.000316454 -0.0785335 0.820103 0.00638333 0.572186 5.04202
0.522201 0.00513398 -0.852812 -3.37562 -0.00635825 0.999979 0.00212685 -0.0842826 0.852804 0.00431151 0.522223 5.19432
0.470057 0.00545566 -0.882621 -3.6497 -0.00602156 0.999978 0.00297396 -0.0927565 0.882619 0.00391673 0.470079 5.32065
0.415213 0.00663831 -0.909707 -3.99057 -0.00596944 0.999973 0.00457263 -0.0899752 0.909711 0.00353153 0.415241 5.45432
0.361662 0.00798549 -0.932277 -4.32903 -0.00572288 0.999964 0.0063449 -0.0940724 0.932295 0.00304047 0.361695 5.55596
0.306371 0.00900543 -0.951876 -4.70921 -0.00523603 0.999957 0.0077752 -0.104781 0.951904 0.00260167 0.306404 5.66085
0.252884 0.00851416 -0.967461 -5.09404 -0.00277457 0.999964 0.0080747 -0.121554 0.967496 0.000642184 0.252899 5.753
0.202724 0.00876549 -0.979203 -5.47916 -0.00136434 0.999963 0.00866893 -0.140604 0.979241 -0.000421813 0.202729 5.81048
0.154141 0.00928526 -0.988006 -5.91691 -0.00384863 0.999954 0.00879684 -0.137757 0.988045 0.00244637 0.154169 5.84737
0.112372 0.0100206 -0.993622 -6.34218 -0.00587793 0.99994 0.0094196 -0.126 0.993655 0.00478156 0.112423 5.87046
0.0738363 0.0083368 -0.997237 -6.81071 -0.00597619 0.999952 0.00791674 -0.125488 0.997256 0.00537492 0.0738824 5.88126
0.0392051 0.00728187 -0.999211 -7.29443 -0.00597489 0.999959 0.00705294 -0.133101 0.99922 0.00569323 0.0392467 5.88526
0.00818677 0.0057255 -0.999952 -7.76517 -0.00614082 0.999966 0.00567506 -0.136862 0.999951 0.00609384 0.00822163 5.87751
-0.0194834 0.00474737 -0.999806 -8.26582 -0.00587222 0.999972 0.00486259 -0.132944 0.9998 0.0059654 -0.0194553 5.84871
-0.0405565 0.00292935 -0.999175 -8.77277 -0.00688813 0.999973 0.00321109 -0.125211 0.999157 0.00701247 -0.0405351 5.80247
-0.0582702 0.00265232 -0.998305 -9.30847 -0.0065682 0.999975 0.00304008 -0.118058 0.998287 0.00673373 -0.0582517 5.75918
-0.0716729 0.00332829 -0.997425 -9.84756 -0.00601885 0.999976 0.00376917 -0.124095 0.997414 0.00627335 -0.0716511 5.71031
-0.0812842 0.00382973 -0.996693 -10.401 -0.0053233 0.999979 0.00427641 -0.134863 0.996685 0.00565285 -0.0812625 5.65499
-0.0888155 0.00449308 -0.996041 -10.9821 -0.00650351 0.999967 0.00509058 -0.144043 0.996032 0.0069297 -0.0887832 5.59691
-0.0932142 0.00531677 -0.995642 -11.5635 -0.00671717 0.999961 0.00596863 -0.138823 0.995632 0.00724374 -0.0931753 5.53899
-0.0950966 0.00629734 -0.995451 -12.1766 -0.00569841 0.999962 0.00687009 -0.146548 0.995457 0.00632558 -0.095057 5.47476
-0.0947573 0.0080935 -0.995477 -12.7939 -0.00250858 0.999964 0.00836867 -0.148638 0.995506 0.00328977 -0.094734 5.41787
-0.0940624 0.00897166 -0.995529 -13.4372 -0.0026128 0.999956 0.00925818 -0.135873 0.995568 0.00347161 -0.0940347 5.351
-0.092539 0.00910362 -0.995677 -14.0833 -0.00492652 0.999944 0.00960045 -0.117799 0.995707 0.00579314 -0.0924893 5.28468
-0.0917907 0.00765873 -0.995753 -14.7594 -0.00760761 0.999938 0.00839201 -0.106361 0.995754 0.00834528 -0.0917268 5.2131
-0.0906385 0.00720763 -0.995868 -15.4513 -0.00912041 0.999928 0.00806711 -0.0853354 0.995853 0.00981349 -0.0905667 5.14466
-0.088858 0.00852316 -0.996012 -16.1439 -0.00979681 0.99991 0.00943032 -0.0833803 0.996002 0.0105953 -0.0887665 5.08218
-0.0872022 0.00906254 -0.996161 -16.8727 -0.00935312 0.99991 0.00991548 -0.0742758 0.996157 0.0101817 -0.0871101 5.01126
-0.0853842 0.0102208 -0.996301 -17.5889 -0.00885684 0.999903 0.0110166 -0.0773433 0.996316 0.00976434 -0.0852854 4.9522
-0.0838023 0.0104473 -0.99644 -18.3274 -0.011478 0.999872 0.0114487 -0.0785729 0.996427 0.0123963 -0.0836722 4.88834
-0.0822868 0.0102015 -0.996563 -19.0845 -0.0132635 0.99985 0.0113302 -0.0822514 0.996529 0.0141499 -0.0821392 4.81967
-0.0813664 0.00971147 -0.996649 -19.8586 -0.0149499 0.999832 0.0109631 -0.0651426 0.996583 0.0157916 -0.081208 4.73822
-0.0799334 0.00931893 -0.996765 -20.6528 -0.0160346 0.999817 0.0106331 -0.0549125 0.996681 0.0168322 -0.0797694 4.67411
-0.0787451 0.0112049 -0.996845 -21.439 -0.0126851 0.999848 0.0122409 -0.0784633 0.996825 0.0136088 -0.0785915 4.60613
-0.0780523 0.0120005 -0.996885 -22.2484 -0.0118921 0.999847 0.012967 -0.0752676 0.996889 0.0128664 -0.0778977 4.54352
-0.0781949 0.00933183 -0.996907 -23.0518 -0.00939269 0.999909 0.0100968 -0.0836705 0.996905 0.010153 -0.0781006 4.47888
-0.0789553 0.00345504 -0.996881 -23.8701 -0.00826874 0.999959 0.00412038 -0.100409 0.996855 0.00856755 -0.0789235 4.41341
-0.079566 0.00278177 -0.99684 -24.6864 -0.00975815 0.99995 0.00356947 -0.0821789 0.996795 0.0100112 -0.0795354 4.35235
-0.0792093 0.000783722 -0.996867 -25.5024 -0.0103369 0.999947 0.00160734 -0.0626133 0.996816 0.0104311 -0.0791971 4.28098
-0.0805 0.00453248 -0.996758 -26.3116 -0.0120285 0.999916 0.00551846 -0.0497252 0.996695 0.0124336 -0.0804393 4.21182
-0.0805864 0.0109842 -0.996696 -27.1641 -0.014097 0.999828 0.0121583 -0.0551599 0.99666 0.0150295 -0.0804177 4.14185
-0.0798704 0.0169361 -0.996676 -28.0025 -0.014626 0.999732 0.0181603 -0.0480518 0.996711 0.0160275 -0.0796015 4.06364
-0.081025 0.0180786 -0.996558 -28.8375 -0.0159548 0.999686 0.0194322 -0.0443267 0.996596 0.0174736 -0.0807112 3.99105
-0.0807989 0.0164273 -0.99661 -29.659 -0.0163335 0.999712 0.0178029 -0.0415434 0.99661 0.0177163 -0.0805076 3.92726
-0.0825269 0.0146405 -0.996491 -30.4884 -0.0171229 0.999726 0.0161057 -0.0426788 0.996454 0.0183911 -0.0822537 3.85492
-0.0835335 0.014546 -0.996415 -31.3395 -0.0176625 0.999719 0.0160754 -0.0251142 0.996363 0.0189416 -0.0832532 3.7783
-0.0830802 0.0155624 -0.996432 -32.1692 -0.0177348 0.999699 0.0170918 -0.035153 0.996398 0.0190906 -0.0827793 3.70611
-0.084521 0.0141394 -0.996338 -32.9746 -0.017942 0.999719 0.0157099 -0.0446603 0.996275 0.0192036 -0.0842437 3.64673
-0.0837965 0.00949438 -0.996449 -33.7741 -0.0205767 0.999729 0.0112553 -0.0319603 0.996284 0.021446 -0.0835783 3.56891
-0.0846347 0.00669616 -0.996406 -34.5961 -0.025319 0.999644 0.0088688 -0.0103162 0.996105 0.0259781 -0.0844351 3.48907
-0.0847057 0.00678273 -0.996395 -35.4229 -0.0243227 0.999669 0.00887199 -0.0209106 0.996124 0.0249856 -0.0845123 3.40992
-0.0843028 0.008333 -0.996422 -36.2356 -0.0229924 0.999687 0.0103059 -0.0372012 0.996191 0.0237785 -0.0840847 3.34231
-0.086068 0.0112382 -0.996238 -37.0613 -0.0220987 0.999673 0.0131855 -0.0488279 0.996059 0.0231494 -0.0857911 3.26007
-0.0848698 0.0153886 -0.99629 -37.8658 -0.0179475 0.9997 0.0169704 -0.0434812 0.996247 0.0193209 -0.0845679 3.18452
-0.0865874 0.0169885 -0.996112 -38.7086 -0.0179326 0.999671 0.0186073 -0.0644833 0.996098 0.0194731 -0.0862538 3.09118
-0.0869875 0.0168842 -0.996082 -39.5333 -0.015811 0.999713 0.0183269 -0.0709064 0.9961 0.017343 -0.0866952 3.0113
-0.0856725 0.0150754 -0.996224 -40.3546 -0.0131659 0.999788 0.0162608 -0.0759384 0.996252 0.0145084 -0.0854553 2.93273
-0.0856152 0.0150277 -0.996232 -41.1921 -0.0130328 0.999788 0.0162018 -0.0730294 0.996259 0.0143705 -0.085401 2.84866
-0.0875254 0.0129672 -0.996092 -42.0219 -0.0159159 0.999776 0.014413 -0.0708852 0.99605 0.0171143 -0.0872988 2.7688
-0.0885214 0.0114938 -0.996025 -42.8563 -0.017223 0.999771 0.0130681 -0.0755057 0.995942 0.0183109 -0.088303 2.68116
-0.0901919 0.0100027 -0.995889 -43.6754 -0.0135429 0.999852 0.0112683 -0.0779654 0.995849 0.0145027 -0.0900424 2.60143
-0.0906787 0.0105493 -0.995843 -44.4877 -0.0138532 0.999839 0.0118535 -0.0836871 0.995802 0.0148702 -0.0905176 2.52375
-0.0932776 0.00983837 -0.995607 -45.3181 -0.0112398 0.999884 0.010933 -0.0875628 0.995594 0.0122093 -0.0931554 2.45157
-0.0955548 0.0124381 -0.995365 -46.131 -0.0106426 0.999857 0.0135164 -0.0753542 0.995386 0.0118844 -0.0954083 2.37163
-0.0981564 0.017126 -0.995039 -46.9715 -0.0077295 0.999815 0.01797 -0.0829328 0.995158 0.00945402 -0.0980051 2.29451
-0.100152 0.0204009 -0.994783 -47.7867 -0.00579677 0.999766 0.0210873 -0.0768571 0.994974 0.00787812 -0.10001 2.20863
-0.101348 0.0216531 -0.994631 -48.5825 -0.00532771 0.999744 0.0223066 -0.0770706 0.994854 0.00755887 -0.101206 2.12508
-0.103677 0.0182245 -0.994464 -49.3848 -0.00700652 0.999799 0.0190534 -0.0743465 0.994605 0.00894278 -0.103528 2.03394
-0.104901 0.0161707 -0.994367 -50.1808 -0.011616 0.999786 0.0174836 -0.07193 0.994433 0.0133836 -0.104689 1.93583
-0.105917 0.0148948 -0.994283 -50.9757 -0.0148105 0.999759 0.0165552 -0.0504463 0.994284 0.016479 -0.105671 1.83807
-0.107644 0.0151005 -0.994091 -51.7667 -0.0146425 0.999758 0.0167716 -0.0461856 0.994101 0.0163601 -0.107395 1.74476
-0.107835 0.0156933 -0.994066 -52.5479 -0.0147735 0.999746 0.0173863 -0.0396586 0.994078 0.0165604 -0.107576 1.65595
-0.109686 0.0154966 -0.993863 -53.3319 -0.0142175 0.999758 0.0171571 -0.0280752 0.993884 0.0160109 -0.109438 1.5599
-0.110658 0.0156069 -0.993756 -54.099 -0.0147369 0.999748 0.0173428 -0.0158787 0.993768 0.0165638 -0.1104 1.47143
-0.110729 0.016179 -0.993737 -54.8657 -0.013847 0.999752 0.0178194 -0.00940355 0.993774 0.0157321 -0.110476 1.38399
-0.112064 0.019567 -0.99353 -55.6349 -0.0119357 0.999715 0.021036 -0.00875704 0.993649 0.0142157 -0.111798 1.29672
-0.111267 0.0222197 -0.99356 -56.3892 -0.0123707 0.999649 0.0237408 0.0137872 0.993733 0.0149314 -0.110952 1.20969
-0.112935 0.0237675 -0.993341 -57.1593 -0.0123092 0.999611 0.0253179 0.0116614 0.993547 0.0150865 -0.112598 1.12285
-0.113871 0.023559 -0.993235 -57.9043 -0.0129514 0.999606 0.0251947 0.0221311 0.993431 0.0157316 -0.11352 1.03347
-0.11359 0.0231458 -0.993281 -58.6398 -0.00847724 0.999678 0.0242654 -0.0021513 0.993514 0.0111766 -0.113356 0.950598
-0.115304 0.021123 -0.993125 -59.3632 -0.00728223 0.999737 0.0221089 -0.000238626 0.993324 0.00978035 -0.115118 0.862371
-0.114592 0.0195786 -0.993243 -60.0791 -0.00631849 0.999779 0.0204376 0.00331748 0.993415 0.0086179 -0.114442 0.778343
-0.114569 0.0178899 -0.993274 -60.7758 -0.00681568 0.999808 0.0187935 -0.00224458 0.993413 0.00892204 -0.114424 0.689111
-0.112552 0.0174805 -0.993516 -61.4552 -0.00806746 0.999804 0.0185063 0.000802673 0.993636 0.0100982 -0.112388 0.603839
-0.110497 0.0177034 -0.993739 -62.1473 -0.00909505 0.999789 0.0188224 0.0135512 0.993856 0.011117 -0.110311 0.522867
-0.105662 0.0187722 -0.99425 -62.8107 -0.00857608 0.999775 0.0197891 0.00980929 0.994388 0.0106178 -0.105476 0.453218
-0.0995088 0.0200267 -0.994855 -63.4497 -0.00980942 0.999737 0.021106 0.0212657 0.99501 0.0118582 -0.0992849 0.391223
-0.0910451 0.0209434 -0.995652 -64.0878 -0.00966311 0.999721 0.0219139 0.0232648 0.995824 0.0116164 -0.0908165 0.327759
-0.0800413 0.0228162 -0.99655 -64.7013 -0.0105587 0.99967 0.0237355 0.0153681 0.996758 0.0124213 -0.079773 0.270544
-0.0663482 0.0249686 -0.99751 -65.3003 -0.0125329 0.999595 0.0258557 0.0254887 0.997742 0.0142174 -0.0660078 0.228471
-0.0499117 0.0256335 -0.998445 -65.8888 -0.0131413 0.999575 0.0263193 0.0209883 0.998689 0.0144336 -0.049553 0.190415
-0.0295367 0.0261719 -0.999247 -66.467 -0.0138604 0.999558 0.0265911 0.0293209 0.999492 0.0146356 -0.0291604 0.175007
-0.00435347 0.0266429 -0.999657 -67.012 -0.013453 0.999561 0.0266987 0.0323805 0.999923 0.0135639 -0.00399298 0.176562
0.024569 0.026929 -0.999362 -67.5271 -0.0124562 0.999576 0.02663 0.0305694 0.999645 0.0117943 0.0248941 0.186619
0.0583908 0.0271021 -0.997947 -68.0236 -0.0125421 0.99958 0.0264125 0.0371818 0.998239 0.0109732 0.0587058 0.226983
0.0954138 0.0275366 -0.995083 -68.5007 -0.0116811 0.999588 0.0265425 0.0359509 0.995393 0.00909168 0.0956959 0.286007
0.134297 0.0276157 -0.990578 -68.9583 -0.0103064 0.999604 0.02647 0.0312762 0.990912 0.00665359 0.134527 0.376447
0.177938 0.0285441 -0.983654 -69.4019 -0.010658 0.999585 0.0270797 0.039872 0.984008 0.00566589 0.178167 0.469424
0.225322 0.0283829 -0.973894 -69.8326 -0.00894592 0.999601 0.0270624 0.051075 0.974268 0.00261383 0.225484 0.60348
0.274447 0.0258512 -0.961282 -70.2547 -0.00491041 0.999672 0.0254829 0.0461016 0.961614 -0.00227273 0.274483 0.762477
0.324858 0.0223132 -0.945524 -70.6597 -0.00133015 0.999739 0.0231358 0.0590537 0.945789 -0.00625892 0.324799 0.94875
0.376682 0.0196243 -0.926163 -71.0424 0.00257644 0.999758 0.0222327 0.0640546 0.926365 -0.01076 0.376538 1.13823
0.427697 0.0196335 -0.903736 -71.4354 0.00270977 0.999739 0.023002 0.0727459 0.903947 -0.0122875 0.427528 1.36246
0.475969 0.0182709 -0.879302 -71.7988 0.00479456 0.999725 0.0233696 0.089254 0.879477 -0.0153382 0.475747 1.6051
0.520614 0.015997 -0.853671 -72.1383 0.00927519 0.999667 0.0243898 0.0948968 0.853773 -0.0206163 0.520287 1.86978
0.565069 0.0121347 -0.824986 -72.4758 0.0181196 0.999477 0.0271132 0.0873232 0.824875 -0.0302682 0.56455 2.16632
0.608119 0.00823235 -0.793835 -72.7868 0.0195164 0.999497 0.0253163 0.0937661 0.793639 -0.0308886 0.607646 2.46453
0.650449 0.00380625 -0.759574 -73.0899 0.017163 0.999668 0.0197077 0.106454 0.759388 -0.0258544 0.650163 2.76407
0.692138 -0.0021595 -0.721798 -73.3824 0.0134692 0.999868 0.00992506 0.109492 0.721677 -0.0165921 0.692068 3.07172
0.733159 -0.00573779 -0.680071 -73.6828 0.00955569 0.999962 0.00186594 0.120599 0.680027 -0.00786579 0.73318 3.4183
0.77211 -0.00572664 -0.635504 -73.9601 0.00935741 0.999962 0.00235898 0.1258 0.635462 -0.00776863 0.772126 3.78082
0.807976 -0.00626792 -0.589226 -74.2195 0.00892955 0.999969 0.00160836 0.114394 0.589191 -0.00656008 0.808 4.18923
0.840737 -0.00633352 -0.541457 -74.4797 0.0072813 0.999983 -0.00038976 0.138449 0.541446 -0.00361533 0.840759 4.63484
0.869028 -0.00449837 -0.494795 -74.7173 0.00604047 0.99999 0.00151875 0.121357 0.494778 -0.0043076 0.86904 5.10275
0.892747 -0.000245431 -0.450618 -74.9611 0.0017952 1 0.00301375 0.135217 0.450616 -0.00349999 0.89274 5.59797
0.91233 0.0036773 -0.409501 -75.1734 -0.00384402 1 0.000416921 0.137408 0.409499 0.00119464 0.912339 6.10242
0.927615 0.0073358 -0.373539 -75.3858 -0.00705034 0.999983 0.00213254 0.138639 0.373545 0.000654849 0.927641 6.64046
0.939487 0.00789859 -0.342569 -75.583 -0.00706608 0.999978 0.00367923 0.129684 0.342586 -0.00103496 0.939515 7.19854
0.947823 0.00793024 -0.318784 -75.7652 -0.00682044 0.999976 0.00459959 0.12387 0.318811 -0.00218579 0.947844 7.76184
0.954966 0.00844893 -0.296682 -75.9503 -0.00708305 0.999969 0.00567944 0.123852 0.296717 -0.00332133 0.954989 8.37012
0.960575 0.00924684 -0.277967 -76.1237 -0.00730183 0.999951 0.00803449 0.12074 0.278025 -0.00568853 0.960585 8.98429
0.964788 0.0127119 -0.26282 -76.3015 -0.0105755 0.99991 0.009543 0.122333 0.262914 -0.00642669 0.964826 9.6048
0.968603 0.0153251 -0.248252 -76.4774 -0.0130919 0.999868 0.0106471 0.129923 0.24838 -0.00706315 0.968665 10.2502
0.971902 0.0144405 -0.235051 -76.6311 -0.0122036 0.999877 0.0109693 0.126468 0.235177 -0.00779176 0.97195 10.9152
0.975144 0.014491 -0.221225 -76.7791 -0.0124045 0.999875 0.0108214 0.136741 0.221352 -0.00780866 0.97519 11.5878
0.978493 0.0147758 -0.205879 -76.9277 -0.0127522 0.999868 0.0111527 0.140365 0.206013 -0.00828644 0.978544 12.2814
0.981408 0.0156821 -0.191435 -77.0698 -0.0138089 0.999853 0.0111193 0.155519 0.19158 -0.00826949 0.98147 12.9853
0.984298 0.0174885 -0.175802 -77.2043 -0.0163919 0.999847 0.00768788 0.145024 0.175907 -0.00468452 0.984425 13.7107
0.986187 0.018345 -0.164785 -77.3296 -0.0180232 0.999842 0.0034518 0.144033 0.164821 -0.000434632 0.986351 14.4331
0.988195 0.0195755 -0.152125 -77.4515 -0.0201965 0.999804 -0.00253827 0.131119 0.152043 0.00558144 0.988387 15.2087
0.989591 0.0208136 -0.142599 -77.5685 -0.0213953 0.999779 -0.00254361 0.123812 0.142514 0.00556745 0.989805 15.9765
0.990486 0.0212475 -0.136176 -77.6742 -0.0213488 0.999784 0.000714832 0.120505 0.136159 0.00219985 0.990716 16.7242
0.991224 0.0265994 -0.12971 -77.7917 -0.0259058 0.999651 0.0070359 0.130066 0.129851 -0.00361439 0.991555 17.4996
0.991843 0.0260268 -0.125019 -77.8976 -0.0251067 0.999659 0.00892667 0.131162 0.125206 -0.00571421 0.992148 18.2686
0.992265 0.0264634 -0.121527 -77.9904 -0.0255845 0.999645 0.00879136 0.118788 0.121715 -0.00561459 0.992578 19.0232
0.992704 0.0263428 -0.117918 -78.0866 -0.0254861 0.999651 0.00876552 0.118722 0.118105 -0.00569535 0.99302 19.7907
0.993046 0.0263579 -0.115002 -78.1708 -0.0252854 0.999633 0.0107799 0.108589 0.115243 -0.00779751 0.993335 20.5477
0.993367 0.0253544 -0.112439 -78.2561 -0.0241662 0.999651 0.0119161 0.10964 0.112699 -0.00911886 0.993625 21.3162
0.993825 0.0236793 -0.108694 -78.343 -0.0224026 0.999677 0.0129584 0.108999 0.108965 -0.0104437 0.994021 22.083
0.994077 0.0242277 -0.106247 -78.4255 -0.023248 0.999689 0.0104479 0.105846 0.106464 -0.00791502 0.994322 22.8298
0.994203 0.0281869 -0.104062 -78.5159 -0.0279911 0.999614 0.00334713 0.104307 0.104115 -0.000415224 0.994596 23.5763
0.994478 0.0279491 -0.101481 -78.6005 -0.0283525 0.999609 -0.00253781 0.106847 0.101368 0.00540193 0.994872 24.3279
0.994721 0.0286425 -0.0988565 -78.6886 -0.0293414 0.999565 -0.00561812 0.096272 0.0986519 0.00848863 0.995117 25.0601
0.994956 0.0305713 -0.0958876 -78.7741 -0.0310476 0.999526 -0.0034827 0.0792891 0.0957332 0.00644313 0.995425 25.8255
0.995218 0.0328363 -0.092341 -78.8529 -0.033059 0.999465 -0.000878308 0.0850266 0.092262 0.00392638 0.995758 26.5663
0.995323 0.0362042 -0.0899549 -78.9284 -0.0360584 0.999359 0.00324029 0.0786361 0.0900122 1.9437e-05 0.995981 27.3281
0.995609 0.033457 -0.0877919 -79.0059 -0.0332315 0.999452 0.0040335 0.0619813 0.0878779 -0.00109865 0.996162 28.0963
0.995795 0.0304891 -0.0867864 -79.0672 -0.0302328 0.999548 0.00426338 0.061945 0.086875 -0.00162052 0.996259 28.8476
0.995977 0.0280955 -0.0854743 -79.1404 -0.0278201 0.999615 0.00441772 0.0525002 0.0855648 -0.00202231 0.996362 29.6092
0.996058 0.027739 -0.0846651 -79.2108 -0.0276324 0.999629 0.00242679 0.0747974 0.0846991 -7.66777e-05 0.996446 30.3675
0.996119 0.0280036 -0.0838379 -79.2803 -0.0278443 0.99962 0.00307826 0.0675277 0.0838916 -0.000732091 0.996507 31.1229
0.996196 0.0277411 -0.0830326 -79.3463 -0.0276069 0.999629 0.0027601 0.0592036 0.0830765 -0.0004563 0.996583 31.8646
0.996171 0.0286961 -0.0829844 -79.4173 -0.0285696 0.999602 0.00271899 0.056262 0.0830289 -0.000337968 0.99658 32.6368
0.996171 0.0263241 -0.0837952 -79.484 -0.026302 0.999668 0.00136587 0.0393769 0.0838015 0.000844353 0.996522 33.3768
0.99611 0.02511 -0.0848659 -79.5534 -0.0251019 0.999699 0.00117117 0.0286841 0.0848692 0.000963382 0.996426 34.1426
0.995895 0.0238318 -0.087744 -79.6277 -0.0237741 0.999731 0.00170183 0.0131424 0.087759 0.000392271 0.996182 34.9263
0.995658 0.0236872 -0.0904008 -79.7047 -0.0236671 0.999734 0.00130256 -0.0021721 0.090407 0.00084228 0.995939 35.7043
0.995155 0.0287501 -0.0944194 -79.8016 -0.0286409 0.999602 0.00250962 0.011807 0.094452 0.000207906 0.99557 36.4784
0.994814 0.0286513 -0.0979447 -79.8898 -0.028807 0.999599 -0.000170012 0.00770977 0.0979 0.00299027 0.995227 37.2689
0.994488 0.0294672 -0.100989 -79.9673 -0.0299794 0.999559 -0.0035597 -0.00344611 0.100838 0.0065687 0.994922 38.0341
0.994074 0.0300334 -0.104806 -80.0645 -0.0308187 0.999522 -0.00587655 0.00570967 0.104579 0.00907123 0.99451 38.8348
0.993833 0.0283562 -0.107552 -80.1525 -0.0289398 0.999588 -0.00387074 9.26593e-05 0.107396 0.00696041 0.994233 39.6339
0.993574 0.0279813 -0.109993 -80.2413 -0.0285367 0.999601 -0.00347491 -0.00598988 0.109851 0.00659086 0.993962 40.4619
0.993317 0.0288328 -0.112096 -80.3347 -0.0293706 0.999578 -0.00315106 -0.0304243 0.111956 0.00642335 0.993733 41.2896
0.993232 0.028451 -0.11293 -80.4147 -0.0287071 0.999603 -0.000638931 -0.0311843 0.112866 0.00387596 0.993639 42.0998
0.993053 0.0277977 -0.114666 -80.5097 -0.0275246 0.999628 0.00396307 -0.0400636 0.114732 -0.000778241 0.993438 42.9501
0.993022 0.0263825 -0.115251 -80.6128 -0.0259024 0.999664 0.00566417 -0.0524168 0.115361 -0.0026398 0.993357 43.7877
0.993253 0.0288975 -0.112648 -80.7126 -0.0284309 0.999595 0.00574352 -0.0560151 0.112765 -0.00250084 0.993662 44.636
0.993274 0.0283542 -0.11258 -80.8291 -0.0281111 0.999613 0.00374868 -0.0176161 0.112642 -0.000559187 0.993672 45.4871
0.993627 0.0277723 -0.109588 -80.9161 -0.0279815 0.999623 -0.000374668 -0.0326883 0.109534 0.00343986 0.99402 46.3335
0.993982 0.0228314 -0.107475 -81.0127 -0.0229736 0.999751 -8.04747e-05 -0.0670554 0.107446 0.00254855 0.994245 47.2123
0.994172 0.0221799 -0.10586 -81.1082 -0.0223074 0.999766 -2.16618e-05 -0.0740104 0.105832 0.00238413 0.994424 48.0785
0.994477 0.0187203 -0.103629 -81.2108 -0.0186531 0.999841 0.00162261 -0.066925 0.103642 0.000318792 0.994652 48.9577
0.994517 0.0163809 -0.103657 -81.2902 -0.0160674 0.999879 0.00385859 -0.0730368 0.103705 -0.00217076 0.994649 49.8302
0.994726 0.015433 -0.101772 -81.3716 -0.0150923 0.999893 0.00412464 -0.0824488 0.101824 -0.00256739 0.994837 50.7161
0.99468 0.0156038 -0.102205 -81.4742 -0.0154956 0.999893 0.00185195 -0.0853915 0.102221 -0.000257309 0.994806 51.5683
0.994665 0.0175774 -0.102025 -81.5656 -0.0181196 0.999842 -0.00438338 -0.0818489 0.101931 0.00620808 0.99481 52.4054
0.994768 0.016359 -0.101228 -81.6463 -0.0171646 0.999843 -0.00709221 -0.0964339 0.101094 0.0087936 0.994882 53.2605
0.994694 0.0201739 -0.101259 -81.7432 -0.0214757 0.999716 -0.0117773 -0.117286 0.100992 0.0138888 0.994828 54.1083
0.994941 0.01858 -0.0991238 -81.8326 -0.0198584 0.999747 -0.0119271 -0.123636 0.0988745 0.0138361 0.995048 54.9672
0.994956 0.0160811 -0.0994094 -81.9177 -0.0167861 0.999856 -0.00625244 -0.147575 0.0992937 0.00788907 0.995066 55.8153
0.995049 0.0112592 -0.0991476 -82.0077 -0.0110608 0.999951 0.0025525 -0.14183 0.099169 -0.00144213 0.995113 56.7019
0.995153 0.00933174 -0.0983008 -82.099 -0.00866464 0.999953 0.00722091 -0.159179 0.0983628 -0.00633446 0.995169 57.5694
0.994883 0.00911656 -0.101016 -82.1943 -0.00887674 0.999972 0.00282431 -0.183435 0.101036 -0.00191211 0.994925 58.4051
0.994717 0.00827621 -0.102722 -82.2755 -0.00804264 0.99998 0.00269787 -0.200036 0.102741 -0.00185778 0.994746 59.2397
0.994458 0.00865084 -0.105166 -82.3709 -0.00852578 0.999978 0.00163965 -0.199128 0.105175 -0.000732978 0.994498 60.0616
0.99435 0.00811038 -0.106229 -82.4577 -0.00823346 0.999982 -0.000710157 -0.198886 0.10622 0.00158046 0.994381 60.8792
0.99404 0.0111943 -0.108819 -82.5606 -0.0115691 0.999945 -0.0028132 -0.204184 0.108778 0.0040562 0.994102 61.6956
0.993582 0.0122679 -0.112819 -82.6619 -0.0129929 0.999916 -0.00568465 -0.219078 0.112739 0.00711349 0.993639 62.4813
0.993357 0.0148288 -0.114472 -82.7591 -0.0160124 0.999844 -0.00942797 -0.244383 0.114311 0.0111989 0.993427 63.2968
0.992867 0.0195111 -0.117976 -82.8727 -0.0208541 0.999748 -0.0101525 -0.271459 0.117747 0.0125399 0.993005 64.0921
0.992686 0.0240016 -0.11866 -82.9586 -0.0253029 0.999652 -0.0094742 -0.308125 0.118388 0.012408 0.992934 64.9231
0.992222 0.02621 -0.122041 -83.0655 -0.0270355 0.999638 -0.00510429 -0.32431 0.121862 0.00836372 0.992552 65.7367
0.9916 0.0270675 -0.126805 -83.1728 -0.0271761 0.999647 0.000871033 -0.34529 0.126781 0.00258313 0.991972 66.5278
0.991114 0.0295761 -0.130019 -83.2812 -0.0291161 0.999578 0.00544558 -0.376154 0.130124 -0.00161168 0.991537 67.3251
0.990271 0.030334 -0.13611 -83.3973 -0.0298736 0.999555 0.00542147 -0.38159 0.136211 -0.00130177 0.990724 68.1171
0.98952 0.0276979 -0.142023 -83.5098 -0.0268572 0.999625 0.00784117 -0.389217 0.142186 -0.00394464 0.989874 68.9036
0.988584 0.0304784 -0.147848 -83.6266 -0.0295238 0.999543 0.00864573 -0.405042 0.14804 -0.004181 0.989018 69.6856
0.987565 0.0349724 -0.153556 -83.7621 -0.0340176 0.999399 0.0088469 -0.406304 0.153772 -0.00351327 0.988142 70.4756
0.986704 0.036287 -0.1587 -83.8996 -0.035855 0.999359 0.00558249 -0.403367 0.158797 0.000182897 0.987358 71.236
0.985893 0.0365154 -0.163617 -84.0313 -0.036402 0.999347 0.00369711 -0.4084 0.163644 0.00231081 0.986558 71.9996
0.98484 0.0383553 -0.169432 -84.1707 -0.0382932 0.999278 0.00363242 -0.417162 0.169444 0.00291163 0.985583 72.7533
0.984257 0.0398974 -0.172444 -84.3096 -0.039194 0.999221 0.00748741 -0.419307 0.172607 -0.000611053 0.985033 73.5124
0.9832 0.0421192 -0.177858 -84.4599 -0.040687 0.999121 0.0116907 -0.412124 0.17819 -0.0042567 0.984035 74.2745
0.982092 0.0403694 -0.184271 -84.6092 -0.0386939 0.999188 0.0126855 -0.416248 0.184632 -0.00532838 0.982836 75.0285
0.980956 0.038877 -0.190537 -84.7553 -0.0376919 0.999258 0.00983959 -0.41843 0.190774 -0.00246944 0.981678 75.7704
0.979221 0.0378626 -0.199461 -84.9117 -0.0378892 0.999293 0.00368866 -0.421439 0.199457 0.00394497 0.979943 76.5081
0.978103 0.0361339 -0.205186 -85.0952 -0.0369325 0.999335 -6.29849e-05 -0.435095 0.205043 0.00764054 0.978771 77.2571
0.975851 0.0336177 -0.216051 -85.2527 -0.0338835 0.99944 0.00247921 -0.46431 0.216011 0.00490085 0.976424 77.98
0.973361 0.033547 -0.227012 -85.4267 -0.0324184 0.999455 0.00869941 -0.468164 0.227175 -0.00110722 0.973902 78.716
0.971178 0.0338881 -0.23613 -85.6142 -0.0311937 0.999416 0.0151427 -0.444242 0.236502 -0.00734066 0.971649 79.4589
0.968279 0.0314242 -0.248076 -85.8014 -0.0277072 0.999463 0.0184623 -0.454237 0.248518 -0.0110017 0.968616 80.1826
0.965353 0.0326281 -0.259082 -86.0028 -0.0296896 0.999461 0.0152516 -0.443333 0.259437 -0.0070313 0.965781 80.8824
0.961967 0.0324414 -0.271409 -86.2068 -0.0315313 0.999491 0.00771485 -0.447163 0.271515 0.0011377 0.962485 81.5888
0.958566 0.02937 -0.283523 -86.4141 -0.0294154 0.999577 0.00410097 -0.449553 0.283521 0.00440824 0.959004 82.2724
0.955222 0.0276095 -0.294765 -86.6373 -0.026667 0.999637 0.0072178 -0.445712 0.294852 0.00096714 0.955595 82.9746
0.951468 0.0269612 -0.306723 -86.8699 -0.0237332 0.999636 0.0142525 -0.450059 0.306992 -0.00628179 0.951741 83.6783
0.947591 0.0262744 -0.318561 -87.1157 -0.0213178 0.99961 0.0190376 -0.453909 0.31893 -0.0112473 0.947765 84.3861
0.944043 0.0253291 -0.328998 -87.3437 -0.0202736 0.999637 0.0187913 -0.462829 0.32935 -0.0110703 0.944193 85.0125
0.939537 0.0241377 -0.341748 -87.6026 -0.0197859 0.999692 0.0162158 -0.472727 0.342027 -0.00847221 0.939707 85.7028
0.936682 0.0214077 -0.349667 -87.8523 -0.0184396 0.99978 0.0118183 -0.472684 0.349838 -0.00462291 0.93685 86.3728
0.933329 0.0196501 -0.358629 -88.1211 -0.0179413 0.999826 0.00809363 -0.476582 0.358718 -0.00111855 0.933502 87.0647
0.929348 0.0200564 -0.368795 -88.4032 -0.019319 0.999817 0.00569466 -0.477186 0.368836 0.00183179 0.929544 87.7391
0.925822 0.0207483 -0.377531 -88.692 -0.0206543 0.999797 0.00429832 -0.485628 0.377535 0.0038193 0.926045 88.3705
0.921689 0.0212444 -0.387476 -88.9765 -0.0202724 0.999793 0.00659797 -0.501312 0.38753 0.00177304 0.921908 89.0457
0.91768 0.0224628 -0.39682 -89.2563 -0.0195527 0.999764 0.0113788 -0.497043 0.396973 -0.00268197 0.917885 89.6934
0.913966 0.0264386 -0.405053 -89.5524 -0.0205483 0.999632 0.018886 -0.499235 0.405396 -0.0089386 0.914151 90.3635
0.910773 0.0318283 -0.41181 -89.8723 -0.0244162 0.999451 0.0232494 -0.48137 0.412315 -0.0111187 0.911032 91.0379
0.908243 0.0361787 -0.416997 -90.2022 -0.0300952 0.999345 0.0211575 -0.48078 0.417481 -0.00666719 0.908715 91.7081
0.905296 0.0370178 -0.423294 -90.5425 -0.0335867 0.999334 0.0155647 -0.472676 0.42358 0.000127542 0.905918 92.397
0.903719 0.0316972 -0.42707 -90.8613 -0.0300356 0.999515 0.0106297 -0.472895 0.427192 0.00322011 0.90421 93.0784
0.901599 0.0326277 -0.431467 -91.2071 -0.0309579 0.999481 0.0108936 -0.452079 0.431589 0.00353673 0.902123 93.7731
0.899062 0.0377266 -0.43631 -91.5652 -0.0351122 0.999308 0.0140588 -0.423242 0.43653 0.00267918 0.899741 94.468
0.897046 0.0388858 -0.440351 -91.9082 -0.0344007 0.999263 0.0181664 -0.424547 0.440723 -0.00114659 0.897704 95.1553
0.894279 0.037576 -0.446045 -92.2524 -0.0325815 0.999313 0.0188655 -0.409602 0.446439 -0.00233905 0.894867 95.849
0.891543 0.0402547 -0.451269 -92.6234 -0.0374114 0.999204 0.0152242 -0.382554 0.451513 0.00331052 0.892321 96.5297
0.888924 0.0403922 -0.456387 -92.9781 -0.0372831 0.999203 0.0158195 -0.363677 0.456653 0.00295224 0.889699 97.2164
0.886544 0.0400951 -0.461028 -93.3409 -0.0368483 0.999213 0.0160452 -0.34256 0.461298 0.00276432 0.887304 97.8979
0.884542 0.0418079 -0.464699 -93.7193 -0.037265 0.999149 0.0189619 -0.345974 0.465086 0.000543471 0.885325 98.5931
0.882117 0.0423674 -0.469245 -94.0913 -0.0368507 0.999123 0.0209381 -0.342744 0.469711 -0.0011767 0.882884 99.2747
0.878715 0.044597 -0.475372 -94.4756 -0.0389352 0.999029 0.0217563 -0.348119 0.475871 -0.000609875 0.879575 99.9849
0.876034 0.0440585 -0.480353 -94.8421 -0.0381007 0.999049 0.0221518 -0.335299 0.480862 -0.00110275 0.87686 100.652
0.873706 0.0436878 -0.484602 -95.2126 -0.0374031 0.999067 0.0226363 -0.326011 0.485129 -0.00165274 0.874503 101.311
0.871922 0.0435195 -0.487827 -95.5818 -0.0369496 0.999072 0.0230889 -0.306978 0.488368 -0.00210547 0.8727 101.958
0.869343 0.0439596 -0.492364 -95.9652 -0.0367409 0.999052 0.0243302 -0.305757 0.492957 -0.00306233 0.870112 102.618
0.866869 0.046071 -0.496522 -96.3321 -0.0388703 0.998958 0.024831 -0.284222 0.497137 -0.0022241 0.867737 103.257
0.864389 0.0436489 -0.501039 -96.7171 -0.0378223 0.99907 0.0217888 -0.288749 0.501513 0.00011541 0.865214 103.908
0.862072 0.0413928 -0.505213 -97.0982 -0.0377749 0.999157 0.0174082 -0.283515 0.505495 0.00407824 0.862889 104.543
0.859737 0.0390804 -0.509349 -97.4737 -0.0359771 0.999249 0.015946 -0.280249 0.509579 0.00461446 0.860476 105.17
0.85767 0.0392085 -0.512821 -97.8585 -0.0349266 0.999251 0.0179893 -0.292571 0.51313 0.00248326 0.858377 105.804
0.855534 0.0413401 -0.516204 -98.2394 -0.0336143 0.999163 0.0243104 -0.287427 0.516765 -0.00344753 0.856187 106.43
0.854349 0.0419115 -0.518127 -98.6064 -0.0296388 0.999073 0.031947 -0.279735 0.518973 -0.0119357 0.854778 107.05
0.852446 0.0412106 -0.521299 -98.986 -0.02727 0.999061 0.03439 -0.287708 0.522215 -0.0151005 0.852747 107.667
0.851413 0.0371529 -0.523298 -99.3319 -0.0225762 0.999182 0.0342114 -0.283447 0.524129 -0.0173124 0.851534 108.235
0.849446 0.0355246 -0.52659 -99.7023 -0.0222541 0.999281 0.0315185 -0.28011 0.527318 -0.0150552 0.849604 108.814
0.847562 0.0355198 -0.529626 -100.052 -0.0220128 0.999275 0.0317938 -0.264777 0.530358 -0.0152871 0.847709 109.371
0.846133 0.0354678 -0.531901 -100.401 -0.0216356 0.999272 0.0322191 -0.252439 0.532644 -0.0157543 0.846263 109.914
0.844587 0.0353731 -0.534367 -100.74 -0.0213246 0.999268 0.0324471 -0.242075 0.535111 -0.0160076 0.844703 110.444
0.843396 0.034829 -0.536274 -101.068 -0.0201622 0.999272 0.0331935 -0.240893 0.537026 -0.0171835 0.843462 110.953
0.841667 0.0347959 -0.538991 -101.382 -0.0195837 0.999255 0.0339316 -0.236909 0.539758 -0.0180021 0.841701 111.44
0.840118 0.0342673 -0.541431 -101.691 -0.0180728 0.999242 0.0352032 -0.239075 0.542213 -0.0197904 0.840079 111.914
0.83887 0.0338117 -0.543398 -101.985 -0.017185 0.99924 0.0356495 -0.232734 0.544176 -0.0205653 0.838793 112.364
0.837599 0.0329442 -0.545401 -102.256 -0.0164629 0.999274 0.0350806 -0.215319 0.546147 -0.0204052 0.837513 112.787
0.836648 0.0337744 -0.546815 -102.53 -0.0174356 0.999257 0.0350461 -0.193542 0.547578 -0.0197855 0.836595 113.19
0.835052 0.0312854 -0.549392 -102.791 -0.0167549 0.99939 0.0314478 -0.191313 0.550027 -0.0170562 0.835045 113.582
0.832708 0.026996 -0.553169 -103.041 -0.0126356 0.9995 0.0297604 -0.191896 0.553683 -0.0177905 0.832612 113.963
0.830066 0.0281594 -0.557064 -103.286 -0.0139411 0.999485 0.029754 -0.211951 0.557601 -0.0169323 0.83001 114.324
0.826601 0.0283922 -0.562186 -103.523 -0.0134982 0.999463 0.0306325 -0.198032 0.56274 -0.0177309 0.82652 114.666
0.822519 0.0341889 -0.567819 -103.76 -0.0186171 0.9993 0.0332043 -0.204811 0.568543 -0.0167406 0.822559 114.989
0.818872 0.0390884 -0.572757 -103.983 -0.0217639 0.999099 0.0370721 -0.184477 0.573675 -0.0178904 0.818965 115.288
0.814775 0.0434749 -0.578254 -104.202 -0.0229042 0.998845 0.0428271 -0.178847 0.579434 -0.0216505 0.814808 115.585
0.810362 0.0460822 -0.584226 -104.401 -0.0228289 0.998652 0.0471091 -0.182338 0.585594 -0.0248365 0.810302 115.85
0.804614 0.046323 -0.592096 -104.589 -0.0217714 0.998608 0.0485447 -0.18704 0.593506 -0.0261694 0.804482 116.113
0.798007 0.0437461 -0.601168 -104.767 -0.0176907 0.998656 0.0491911 -0.176117 0.602497 -0.0286179 0.797689 116.358
0.789519 0.0431984 -0.612308 -104.946 -0.0161084 0.998659 0.0496887 -0.160237 0.613619 -0.0293672 0.789136 116.58
0.779313 0.0435188 -0.625228 -105.122 -0.0153748 0.998637 0.0503492 -0.164184 0.626551 -0.0296231 0.778901 116.787
0.767406 0.0449921 -0.63968 -105.288 -0.0163556 0.998608 0.0506193 -0.162827 0.641052 -0.0283837 0.767054 116.977
0.753322 0.0452722 -0.656193 -105.446 -0.0162418 0.998629 0.050255 -0.172945 0.657551 -0.0271986 0.753005 117.164
0.738403 0.0421048 -0.673139 -105.614 -0.0156195 0.998874 0.0453487 -0.151997 0.674274 -0.022972 0.738209 117.319
0.723798 0.0386132 -0.689027 -105.769 -0.0145104 0.999089 0.0407496 -0.14788 0.689954 -0.0194948 0.723681 117.467
0.707944 0.0383664 -0.705317 -105.943 -0.0170873 0.999186 0.0372038 -0.139904 0.706153 -0.014287 0.708005 117.602
0.691989 0.040617 -0.720858 -106.114 -0.0222948 0.999167 0.0348996 -0.127336 0.721654 -0.00807741 0.692301 117.733
0.674623 0.0417897 -0.737066 -106.294 -0.0238854 0.999134 0.0347892 -0.117394 0.737864 -0.00586543 0.675019 117.866
0.656222 0.0405007 -0.753569 -106.473 -0.0205265 0.999172 0.0358288 -0.121593 0.754375 -0.00804222 0.656494 118.001
0.636552 0.0404355 -0.770256 -106.651 -0.0179251 0.999155 0.0376408 -0.116794 0.771109 -0.0101542 0.636723 118.127
0.614636 0.0410532 -0.787827 -106.83 -0.016569 0.999121 0.03914 -0.0987335 0.788719 -0.0110019 0.614761 118.244
0.59113 0.0442303 -0.805442 -107.019 -0.0180483 0.998995 0.0416156 -0.0823551 0.806454 -0.0100642 0.591319 118.347
0.566624 0.0474665 -0.822689 -107.211 -0.019164 0.998853 0.0444345 -0.0738264 0.823832 -0.00941027 0.56687 118.45
0.541411 0.0499998 -0.839346 -107.411 -0.0198637 0.998736 0.0466841 -0.0518674 0.8406 -0.00860361 0.541707 118.556
0.515411 0.0515576 -0.855469 -107.613 -0.0213523 0.998676 0.0473268 -0.0281845 0.856753 -0.0061253 0.515816 118.656
0.488577 0.0558259 -0.870808 -107.807 -0.024302 0.998459 0.0503766 -0.0367003 0.872258 -0.00345147 0.489168 118.731
0.461011 0.0571607 -0.885627 -108.016 -0.0239244 0.998386 0.0519876 -0.025439 0.887145 -0.00277766 0.461623 118.812
0.431628 0.0569656 -0.900323 -108.224 -0.0224065 0.998398 0.052431 -0.0315555 0.901846 -0.00245859 0.432202 118.885
0.399807 0.0544172 -0.915057 -108.427 -0.0214822 0.998544 0.0499991 -0.0231846 0.916419 -0.000331692 0.400384 118.949
0.365528 0.0508134 -0.929482 -108.678 -0.0203807 0.998731 0.0465861 -0.0229005 0.930649 0.0019139 0.366091 119.019
0.327046 0.0486702 -0.943827 -108.916 -0.0185846 0.998837 0.0450702 -0.00830721 0.944895 0.00280135 0.327561 119.093
0.285844 0.0480278 -0.957139 -109.196 -0.0166223 0.998866 0.0451592 -0.000535515 0.958202 0.00300022 0.286312 119.151
0.242719 0.0471789 -0.96902 -109.483 -0.0144293 0.998907 0.045023 0.00266366 0.970057 0.00305505 0.243128 119.196
0.196367 0.0448499 -0.979571 -109.785 -0.0130239 0.99901 0.0431307 0.0304641 0.980512 0.00428728 0.196752 119.225
0.147459 0.0428554 -0.98821 -110.132 -0.0106238 0.999097 0.0417456 0.0387273 0.989078 0.00434334 0.147777 119.237
0.0974921 0.0422703 -0.994404 -110.472 -0.00864706 0.999122 0.0416246 0.0560709 0.995266 0.00453954 0.0977704 119.242
0.0458338 0.0432674 -0.998082 -110.815 -0.00615532 0.999081 0.0430313 0.06832 0.998996 0.00417168 0.0460565 119.23
-0.007571 0.0449513 -0.999027 -111.188 -0.000948417 0.999014 0.0449594 0.0843436 1.00004 0.00128698 -0.00751945 119.201
-0.060496 0.0467912 -0.997141 -111.559 0.00453711 0.998929 0.0466033 0.0836132 0.998225 -0.00170424 -0.0606425 119.157
-0.113991 0.0482921 -0.992374 -111.952 0.0101858 0.998848 0.0474386 0.0954099 0.993498 -0.00470127 -0.114347 119.094
-0.166748 0.0491514 -0.984844 -112.344 0.0141908 0.998799 0.0474486 0.108583 0.985965 -0.00606305 -0.167241 119.004
-0.217223 0.0498955 -0.974914 -112.738 0.0173369 0.998759 0.0472543 0.133416 0.976038 -0.00663783 -0.217811 118.886
-0.266759 0.05046 -0.962513 -113.156 0.0214092 0.998719 0.0464281 0.16708 0.963595 -0.0082208 -0.267491 118.757
-0.314551 0.0518411 -0.947894 -113.577 0.0279627 0.998607 0.0453368 0.175961 0.948901 -0.0122452 -0.315552 118.597
-0.360957 0.0520728 -0.931202 -114.005 0.0321996 0.998567 0.0433622 0.193527 0.932099 -0.0143317 -0.362107 118.396
-0.405638 0.0537271 -0.912526 -114.467 0.0364813 0.998454 0.0425709 0.191046 0.913381 -0.0160217 -0.406957 118.19
-0.446559 0.054468 -0.893173 -114.915 0.040539 0.998379 0.0406194 0.201477 0.893912 -0.0180687 -0.448032 117.949
-0.485479 0.0540702 -0.872651 -115.378 0.042973 0.998382 0.0379551 0.21914 0.873271 -0.019074 -0.487001 117.676
-0.519631 0.0547555 -0.852717 -115.828 0.0449249 0.998342 0.0367343 0.230543 0.85329 -0.0192193 -0.521216 117.374
