1 0 0 0 0 1 0 0 0 0 1 0
0.999996 0.00269014 -0.000174829 -0.00862849 -0.0026901 0.999996 0.00112122 -0.0131334 0.000177771 -0.00112083 0.999999 0.779079
0.999992 0.00393775 0.000224399 -0.0157807 -0.00393811 0.999991 0.00180194 -0.0201685 -0.000217338 -0.00180282 0.999998 1.54001
0.999988 0.00490715 0.000885784 -0.0321406 -0.0049083 0.999988 0.0011169 -0.0320718 -0.000880349 -0.00112133 0.999999 2.31075
0.999976 0.00685098 0.0010772 -0.034515 -0.00685193 0.999977 0.000893201 -0.0400945 -0.00107104 -0.000900611 0.999999 3.05133
0.999977 0.00680409 0.000576075 -0.047846 -0.00680474 0.999977 0.000817372 -0.0430362 -0.000570464 -0.00082136 1 3.77857
0.999976 0.00688411 0.00141966 -0.0480641 -0.00688657 0.999976 0.00177116 -0.0575989 -0.00140751 -0.001781 0.999998 4.47892
0.999974 0.00708596 0.00138254 -0.0470629 -0.00709117 0.999969 0.0036669 -0.0622912 -0.00135647 -0.00367669 0.999993 5.18063
0.999977 0.00639519 0.00282194 -0.0569798 -0.00641485 0.999957 0.00702379 -0.0711022 -0.00277694 -0.00704179 0.999972 5.84793
0.999974 0.00629511 0.00363303 -0.0540121 -0.00633242 0.999927 0.0102969 -0.0787344 -0.00356785 -0.0103197 0.99994 6.49113
0.999973 0.00585209 0.00474949 -0.0508005 -0.00590614 0.999919 0.0114428 -0.0904084 -0.00468216 -0.0114706 0.999924 7.09766
0.999961 0.0060922 0.00658225 -0.0499306 -0.00616403 0.999922 0.0109165 -0.103224 -0.00651517 -0.0109568 0.999919 7.6885
0.999954 0.00670971 0.00714494 -0.0576459 -0.00677902 0.999931 0.00971502 -0.117674 -0.00707928 -0.009763 0.999929 8.25049
0.999947 0.00637955 0.00823665 -0.0548205 -0.00644384 0.99995 0.00777346 -0.119744 -0.0081866 -0.00782624 0.999936 8.77663
0.999943 0.00536973 0.00945078 -0.0424591 -0.00543289 0.999965 0.00666766 -0.119748 -0.00941466 -0.00671866 0.999935 9.28519
0.999936 0.00217932 0.0112709 -0.0319279 -0.00223394 0.999986 0.00481213 -0.129503 -0.0112603 -0.00483716 0.999925 9.76211
0.999912 0.000303095 0.0133853 -0.0260751 -0.000365742 0.999991 0.00467594 -0.147919 -0.0133837 -0.00468047 0.999901 10.2137
0.999874 0.00413914 0.0154353 -0.0280204 -0.00417981 0.999988 0.00258522 -0.136564 -0.0154244 -0.00264962 0.999878 10.6345
0.999806 0.00718631 0.018486 -0.031487 -0.00722805 0.999974 0.00219033 -0.149752 -0.0184697 -0.00232359 0.999829 11.032
0.999734 0.00832467 0.0216114 -0.029633 -0.00838143 0.999962 0.00252313 -0.147804 -0.0215895 -0.00270384 0.999764 11.3944
0.999683 0.00458317 0.0248628 -0.0144759 -0.00466384 0.999986 0.00318356 -0.162463 -0.0248478 -0.0032986 0.999688 11.7199
0.999614 0.000545522 0.0278252 -0.0114282 -0.000633483 0.999995 0.00313892 -0.172158 -0.0278234 -0.00315559 0.999609 12.0203
0.999543 -0.00237625 0.0302428 0.00370769 0.00225074 0.999991 0.00418057 -0.178704 -0.0302523 -0.00411074 0.999537 12.2843
0.999483 -0.00324865 0.0320381 0.0167272 0.00309959 0.999985 0.00468901 -0.183591 -0.0320528 -0.00458753 0.999477 12.5264
0.999406 -0.00215505 0.0344894 0.0240332 0.00201617 0.999993 0.00405886 -0.19409 -0.0344976 -0.0039871 0.999401 12.7388
0.999319 -0.00102061 0.0369321 0.0245314 0.000881224 0.999993 0.0037802 -0.200299 -0.0369357 -0.00374534 0.999312 12.9194
0.999225 0.000481294 0.0394607 0.0263502 -0.000604346 0.999997 0.00310481 -0.19903 -0.0394588 -0.00312644 0.99922 13.1
0.999147 0.00287923 0.04125 0.0303397 -0.0029861 0.999993 0.00251913 -0.207347 -0.0412425 -0.00264042 0.999147 13.2672
0.999116 0.00375072 0.0419616 0.0308031 -0.00381003 0.999995 0.00133133 -0.212289 -0.0419561 -0.00149022 0.999123 13.4257
0.999022 0.00339204 0.0441483 0.0392117 -0.00339949 0.999995 8.40354e-05 -0.214404 -0.0441478 -0.000234322 0.999026 13.5808
0.998964 0.00201347 0.045553 0.0569599 -0.00199314 1 -0.000494234 -0.216995 -0.0455537 0.000402722 0.998966 13.7298
0.998884 0.000937982 0.0472795 0.0629989 -0.000852781 0.999999 -0.00183054 -0.223875 -0.0472812 0.00178788 0.998881 13.8763
0.998825 0.00135071 0.0485317 0.0727983 -0.00121808 0.999999 -0.00276428 -0.221861 -0.0485351 0.00270174 0.998822 14.0095
0.998751 0.00221851 0.0499716 0.0758668 -0.00199319 0.999988 -0.00456615 -0.225161 -0.0499812 0.00446052 0.998742 14.1332
0.998697 0.00288552 0.0510366 0.078918 -0.00255335 0.999979 -0.00657447 -0.225482 -0.0510542 0.00643539 0.99868 14.2612
0.998658 0.00167834 0.0518141 0.0896227 -0.00125002 0.999965 -0.00830534 -0.228165 -0.0518262 0.00822908 0.998624 14.3898
0.998669 0.000765384 0.0516468 0.100147 -0.000258151 0.999955 -0.00982946 -0.227821 -0.0516516 0.00980282 0.998622 14.5211
0.998764 0.000763765 0.049762 0.105209 -0.000238895 0.999945 -0.0105603 -0.235896 -0.0497673 0.010535 0.998708 14.6488
0.998914 0.000460988 0.0466793 0.103087 6.90448e-05 0.999939 -0.0113552 -0.233372 -0.0466813 0.0113458 0.998851 14.7755
0.999082 0.00128101 0.0429051 0.107488 -0.000750614 0.999924 -0.0123852 -0.237679 -0.0429176 0.0123413 0.999005 14.9089
0.999304 0.00128901 0.0373961 0.100188 -0.00079415 0.999915 -0.0132491 -0.239695 -0.0374097 0.0132099 0.999218 15.0425
0.999522 0.00117392 0.0309974 0.100285 -0.000749922 0.999907 -0.0136977 -0.23857 -0.0310105 0.0136676 0.999428 15.1681
0.999723 0.00123205 0.0237147 0.0938707 -0.00089383 0.999901 -0.0142747 -0.243639 -0.0237297 0.0142493 0.999623 15.3051
0.99988 0.00112791 0.0156948 0.0850654 -0.000894934 0.99989 -0.0148659 -0.238682 -0.0157097 0.0148497 0.999769 15.4398
0.999987 0.000811044 0.00594141 0.0809318 -0.000715022 0.999872 -0.0161834 -0.2359 -0.00595365 0.0161787 0.999858 15.5885
0.99998 -0.00055286 -0.00688568 0.0726038 0.000432621 0.99985 -0.0173998 -0.238158 0.00689439 0.0173961 0.999828 15.7386
0.999744 -0.00146336 -0.0227828 0.063233 0.00102411 0.999817 -0.0192671 -0.243425 0.0228069 0.0192386 0.999561 15.898
0.999126 -0.0010813 -0.0418704 0.0304917 0.000257741 0.999808 -0.019661 -0.246878 0.0418837 0.0196326 0.998933 16.0825
0.997998 -9.39343e-05 -0.0633163 0.00194609 -0.00110469 0.999823 -0.0188906 -0.261847 0.0633068 0.0189224 0.997821 16.2735
0.996229 8.8803e-05 -0.0868044 -0.0347444 -0.0016989 0.999829 -0.0184706 -0.270422 0.0867881 0.018548 0.996057 16.4828
0.993566 0.00120368 -0.113294 -0.0752996 -0.00327928 0.999833 -0.0181331 -0.279481 0.113253 0.0183877 0.993403 16.7398
0.98971 0.00133527 -0.143106 -0.137039 -0.00384241 0.999846 -0.0172422 -0.276732 0.143061 0.0176141 0.98956 16.9731
0.984314 0.00100522 -0.176453 -0.19714 -0.00367924 0.999886 -0.014826 -0.291423 0.176417 0.0152423 0.984204 17.245
0.977074 0.00135334 -0.212916 -0.274121 -0.00395575 0.999924 -0.0117954 -0.292855 0.212884 0.0123667 0.977003 17.5116
0.96764 0.00226542 -0.252346 -0.369547 -0.00448581 0.999959 -0.00822269 -0.294129 0.252316 0.00908829 0.967609 17.7748
0.955956 0.00550897 -0.293472 -0.496168 -0.00713603 0.999966 -0.00447254 -0.293834 0.293438 0.00636925 0.955961 18.0722
0.942137 0.00842786 -0.335137 -0.632997 -0.00963061 0.999955 -0.00192625 -0.302466 0.335104 0.0050421 0.942175 18.3652
0.925787 0.0103835 -0.377914 -0.783073 -0.0102732 0.999946 0.00230862 -0.309763 0.377917 0.00174454 0.925842 18.6516
0.906819 0.0131827 -0.421327 -0.959545 -0.0106035 0.999911 0.00846489 -0.318736 0.4214 -0.00320888 0.906876 18.9667
0.885285 0.0162921 -0.464773 -1.15388 -0.0112859 0.999847 0.0135521 -0.321763 0.464922 -0.00675264 0.885331 19.2685
0.86108 0.0194284 -0.508109 -1.36268 -0.013048 0.999788 0.0161172 -0.325352 0.508313 -0.0072486 0.861149 19.5584
0.83377 0.0226961 -0.551654 -1.6019 -0.0146791 0.999716 0.0189448 -0.323365 0.551926 -0.00769846 0.833864 19.8736
0.803497 0.0253911 -0.594777 -1.85414 -0.0172426 0.999667 0.0193832 -0.321472 0.595069 -0.00531915 0.803665 20.1546
0.770474 0.0278529 -0.636871 -2.14846 -0.0186138 0.999605 0.0211985 -0.321857 0.637209 -0.00447899 0.770686 20.4563
0.734174 0.0306248 -0.678279 -2.45666 -0.0200141 0.999528 0.0234665 -0.309226 0.678676 -0.00365368 0.734438 20.7464
0.695903 0.0306319 -0.71749 -2.76441 -0.0180557 0.999524 0.0251606 -0.304785 0.717918 -0.0045553 0.696122 21.0242
0.655564 0.0306561 -0.754525 -3.13203 -0.0167121 0.999524 0.0260908 -0.304873 0.754963 -0.00449482 0.655762 21.3058
0.613503 0.0295676 -0.789146 -3.51389 -0.0129976 0.999545 0.0273465 -0.293275 0.789593 -0.00652089 0.613606 21.5812
0.569519 0.0294627 -0.821458 -3.90299 -0.00917046 0.999528 0.0294921 -0.282838 0.821935 -0.0092635 0.569518 21.833
0.522925 0.0300963 -0.851855 -4.35398 -0.00848546 0.999515 0.0301045 -0.265019 0.852344 -0.00851476 0.522925 22.0867
0.473882 0.0287095 -0.880128 -4.80178 -0.0075889 0.999569 0.0285201 -0.244192 0.880564 -0.00683637 0.473893 22.2858
0.422324 0.0281989 -0.906013 -5.29784 -0.00460349 0.999573 0.0289653 -0.234376 0.906441 -0.00806267 0.422273 22.5108
0.368861 0.0270574 -0.929097 -5.81371 -5.72937e-05 0.999582 0.0290877 -0.215481 0.929492 -0.0106765 0.368706 22.7006
0.315432 0.0269922 -0.948572 -6.32911 0.00114813 0.999587 0.0288258 -0.21721 0.948955 -0.0101825 0.31527 22.856
0.261824 0.0304151 -0.964644 -6.91026 0.00160527 0.999493 0.0319501 -0.174926 0.965123 -0.00991434 0.261642 22.9915
0.210672 0.0346639 -0.97695 -7.49619 0.00291842 0.999347 0.0360881 -0.161093 0.97756 -0.0104548 0.210433 23.091
0.162561 0.0365905 -0.986027 -8.08426 0.00750437 0.999242 0.0383186 -0.157435 0.986678 -0.0136292 0.162162 23.178
0.117652 0.0372989 -0.992363 -8.72125 0.00915326 0.999214 0.0386418 -0.146728 0.993021 -0.0136305 0.117217 23.2475
0.0780075 0.0357188 -0.99632 -9.36458 0.0097666 0.999287 0.0365902 -0.118012 0.996913 -0.0125856 0.0776027 23.2724
0.0419754 0.0329226 -0.998585 -10.0358 0.00541831 0.999438 0.0331786 -0.0937309 0.999113 -0.00680425 0.0417729 23.2899
0.0140693 0.0325384 -0.999379 -10.7171 0.00433576 0.999464 0.0326026 -0.0696284 0.9999 -0.00479239 0.0139206 23.2695
-0.00763269 0.0359256 -0.999335 -11.4506 0.00333345 0.999353 0.035901 -0.0328798 0.999975 -0.00305815 -0.0077479 23.2515
-0.0210643 0.0412753 -0.998935 -12.1812 0.00408389 0.999148 0.0411983 -0.00776309 0.99978 -0.00321237 -0.0212148 23.2286
-0.0288577 0.0434753 -0.998647 -12.9405 0.00526237 0.99905 0.0433409 0.0214883 0.999579 -0.00400546 -0.0290595 23.1947
-0.0331408 0.0415205 -0.998598 -13.7058 0.00500613 0.999136 0.041377 0.0457777 0.999449 -0.0036285 -0.0333199 23.1761
-0.0322432 0.0374314 -0.998788 -14.4856 0.0109049 0.999255 0.0370969 0.0832518 0.999431 -0.0096964 -0.0326277 23.1519
-0.0285777 0.0370558 -0.998915 -15.2889 0.0231827 0.999074 0.0363988 0.0830345 0.999334 -0.0221179 -0.0294101 23.1459
-0.0226503 0.036127 -0.999101 -16.1146 0.0254691 0.999048 0.0355478 0.122473 0.99943 -0.024642 -0.0235491 23.1327
-0.0179093 0.0347923 -0.999246 -16.96 0.0244474 0.999117 0.03435 0.16771 0.999552 -0.0238143 -0.0187439 23.1106
-0.0136115 0.030797 -0.999444 -17.8194 0.0282308 0.999144 0.0304035 0.169811 0.99952 -0.0278021 -0.0144694 23.1063
-0.0120531 0.0199744 -0.999741 -18.6892 0.0261238 0.999471 0.0196543 0.183689 0.999598 -0.0258807 -0.0125682 23.0931
-0.0113244 0.0115817 -0.99988 -19.5849 0.018956 0.999761 0.0113658 0.216946 0.999768 -0.0188259 -0.0115413 23.0664
-0.0119778 0.00946474 -0.999896 -20.5534 0.014725 0.999854 0.00928801 0.248012 0.999832 -0.0146128 -0.0121149 23.0218
-0.0162906 0.0146101 -0.999773 -21.5537 0.00834645 0.999866 0.0144756 0.281718 0.999845 -0.00810963 -0.0164104 22.9684
-0.0198902 0.0218677 -0.999576 -22.5269 0.00414796 0.999761 0.0217891 0.290853 0.999807 -0.00371339 -0.0199755 22.9364
-0.0256919 0.030097 -0.99923 -23.5119 0.0031481 0.999551 0.030026 0.300202 0.99968 -0.00237533 -0.0257751 22.9066
-0.027817 0.0385627 -0.998883 -24.5155 0.00180882 0.999263 0.038527 0.332402 0.999626 -0.000735776 -0.0278657 22.8713
-0.0280455 0.0453263 -0.998592 -25.5258 0.00417529 0.998974 0.0452266 0.356202 0.999614 -0.00290227 -0.0282061 22.8408
-0.0301869 0.0477497 -0.998418 -26.5537 0.00463122 0.998862 0.0476309 0.377315 0.999549 -0.00318672 -0.0303731 22.8028
-0.0307451 0.0467423 -0.998448 -27.5568 0.0040884 0.998909 0.0466383 0.438565 0.999535 -0.00264935 -0.0309027 22.7694
-0.0338942 0.0422774 -0.998546 -28.6167 -0.00100755 0.99911 0.0423354 0.493143 0.999441 0.00244033 -0.0338208 22.7277
-0.0382345 0.0373761 -0.998585 -29.6367 -0.00281549 0.999299 0.0375108 0.511826 0.999282 0.00424445 -0.0381024 22.6804
-0.043917 0.0338375 -0.998477 -30.7046 -0.000747711 0.999433 0.0339027 0.541784 0.999051 0.00223476 -0.0438661 22.639
-0.0510949 0.0319204 -0.998199 -31.7726 -0.00271684 0.999487 0.0321009 0.565998 0.998707 0.00435087 -0.0509818 22.582
-0.0571343 0.034799 -0.997776 -32.8715 -0.00116526 0.999397 0.0349222 0.595824 0.998382 0.00315716 -0.0570586 22.5249
-0.0642396 0.0374919 -0.997247 -33.9272 -0.00152521 0.999297 0.0376673 0.626428 0.997951 0.00393945 -0.0641368 22.4554
-0.070484 0.04025 -0.996717 -34.9963 -0.00285313 0.999182 0.0405513 0.664623 0.997525 0.0057012 -0.0703108 22.3715
-0.0747744 0.041653 -0.996348 -36.0601 -0.00598913 0.999098 0.0422177 0.686678 0.997201 0.00912269 -0.0744571 22.278
-0.0787549 0.0433251 -0.995969 -37.1435 -0.00964964 0.998984 0.0442193 0.723833 0.996863 0.0130924 -0.0782561 22.1832
-0.0801511 0.0442063 -0.99582 -38.2391 -0.0126063 0.998899 0.0453578 0.759029 0.996721 0.0161877 -0.079505 22.0778
-0.0824576 0.0447153 -0.995609 -39.3251 -0.0125489 0.998876 0.0459014 0.793949 0.996532 0.0162778 -0.0818031 21.9764
-0.0837941 0.0445512 -0.995505 -40.3993 -0.0128642 0.998877 0.045785 0.825092 0.996419 0.0166415 -0.0831262 21.8817
-0.0843638 0.0450995 -0.995432 -41.4746 -0.0130297 0.998849 0.0463586 0.851914 0.996367 0.0168802 -0.0836783 21.7852
-0.0856644 0.0446091 -0.995343 -42.5658 -0.0146784 0.99884 0.0460291 0.886609 0.996235 0.0185517 -0.0849096 21.6786
-0.087148 0.0428029 -0.995293 -43.6664 -0.0180002 0.998854 0.0445322 0.949223 0.99605 0.0217954 -0.0862769 21.563
-0.0867919 0.039026 -0.99548 -44.7509 -0.0229567 0.998897 0.0411615 1.00172 0.995981 0.0264238 -0.0857995 21.4563
-0.0864056 0.038705 -0.995526 -45.8454 -0.0234371 0.998897 0.0408704 1.04356 0.996002 0.0268625 -0.0854024 21.3555
-0.0838571 0.0412127 -0.995644 -46.9552 -0.0228068 0.998811 0.0432648 1.07753 0.996237 0.0263339 -0.0828167 21.2545
-0.0838954 0.0434794 -0.995544 -48.0903 -0.0225447 0.998717 0.0455179 1.12646 0.996237 0.0262618 -0.0828068 21.1536
-0.0814299 0.0438387 -0.995734 -49.1904 -0.0215991 0.998728 0.045737 1.14965 0.996464 0.0252297 -0.0803788 21.0451
-0.0786501 0.0439314 -0.995952 -50.2681 -0.0220976 0.998715 0.0457984 1.17075 0.996675 0.0256091 -0.0775777 20.9508
-0.0743151 0.0449475 -0.996241 -51.378 -0.025279 0.998587 0.0469391 1.2139 0.996934 0.0286706 -0.0730733 20.8632
-0.0685339 0.0454745 -0.996631 -52.5067 -0.0305758 0.998405 0.0476581 1.26881 0.997198 0.0337378 -0.0670336 20.7684
-0.063449 0.0453169 -0.996976 -53.6326 -0.0330528 0.998334 0.0474823 1.31178 0.997457 0.0359638 -0.0618449 20.6843
-0.0568983 0.0450024 -0.997384 -54.7594 -0.0341221 0.998321 0.0469913 1.36449 0.997815 0.0367053 -0.0552669 20.6009
-0.0520655 0.0447825 -0.99766 -55.8909 -0.0339682 0.998345 0.0465862 1.39876 0.998086 0.0363123 -0.0504578 20.5295
-0.0472053 0.0446798 -0.997904 -57.0465 -0.0316933 0.998438 0.046203 1.43755 0.998401 0.0338066 -0.0457153 20.4724
-0.0418416 0.0456935 -0.998099 -58.2016 -0.0307492 0.99843 0.0469978 1.48008 0.998671 0.0326554 -0.0403706 20.4162
-0.0380211 0.0468674 -0.998196 -59.374 -0.0292917 0.998427 0.047994 1.51534 0.998866 0.0310624 -0.0365883 20.3746
-0.032635 0.047277 -0.998371 -60.5155 -0.0303552 0.998382 0.0482701 1.57617 0.999028 0.0318791 -0.0311467 20.3268
-0.0268607 0.0475984 -0.998525 -61.6688 -0.0301572 0.998381 0.0484028 1.61556 0.999203 0.0314115 -0.0253817 20.2923
-0.0234631 0.0433724 -0.998805 -62.8368 -0.0302876 0.998578 0.0440743 1.66524 0.999287 0.0312837 -0.0221159 20.2524
-0.0192567 0.0397357 -0.999044 -63.9966 -0.0295584 0.998759 0.0402942 1.7079 0.999396 0.0303047 -0.0180582 20.2126
-0.0161758 0.0389819 -0.999131 -65.1503 -0.029656 0.99879 0.039449 1.75432 0.999451 0.0302665 -0.015 20.1924
-0.013322 0.0409193 -0.999093 -66.3311 -0.0287776 0.998742 0.0412886 1.79605 0.999516 0.0293001 -0.0121277 20.1746
-0.0110998 0.041418 -0.999103 -67.5087 -0.0289785 0.998718 0.0417244 1.81908 0.999541 0.0294136 -0.00988517 20.1569
-0.010857 0.0414884 -0.999099 -68.6747 -0.0297792 0.998691 0.0417948 1.86318 0.999517 0.0302049 -0.00960724 20.1358
-0.00981343 0.0424798 -0.999072 -69.8588 -0.0308038 0.998619 0.0427635 1.89869 0.9995 0.0311928 -0.00849116 20.112
-0.00942337 0.0427784 -0.99906 -71.0333 -0.0310719 0.998598 0.0430516 1.93399 0.999492 0.0314472 -0.00808096 20.0957
-0.00833424 0.0418786 -0.99911 -72.2028 -0.0317394 0.998617 0.0421231 1.9734 0.999484 0.0320601 -0.0069933 20.0775
-0.00713975 0.0413413 -0.99914 -73.3828 -0.0308339 0.99867 0.0415421 2.0053 0.999518 0.0311027 -0.00585558 20.0592
-0.00765412 0.0414649 -0.999133 -74.563 -0.0284663 0.998734 0.0416668 2.04213 0.999589 0.0287585 -0.00646379 20.0532
-0.00775194 0.0421782 -0.999101 -75.7461 -0.0263623 0.998764 0.0423684 2.07447 0.999642 0.0266657 -0.00663052 20.0404
-0.00769365 0.0447088 -0.998993 -76.9369 -0.0265848 0.998646 0.0448985 2.10887 0.999641 0.0269014 -0.00649443 20.0285
-0.0079821 0.0469572 -0.998886 -78.1251 -0.0284237 0.998492 0.0471658 2.15234 0.999584 0.0287672 -0.00663539 20.0107
-0.00748122 0.0467778 -0.9989 -79.3103 -0.0304007 0.998441 0.0469845 2.19992 0.999533 0.0307167 -0.00604723 19.9968
-0.00857434 0.0456853 -0.99894 -80.4858 -0.0325074 0.998425 0.0459406 2.23833 0.999455 0.0328657 -0.00707569 19.9865
-0.00845701 0.0456676 -0.998944 -81.6532 -0.0325999 0.998422 0.0459204 2.28245 0.999457 0.0329517 -0.00695466 19.9734
-0.0075288 0.0457628 -0.998946 -82.815 -0.0305227 0.998486 0.0459717 2.31725 0.999526 0.0308354 -0.0061205 19.9643
-0.00887963 0.0478804 -0.998837 -83.99 -0.0271998 0.998481 0.0481059 2.33037 0.999615 0.0275934 -0.00756355 19.9556
-0.00848221 0.0493539 -0.998768 -85.1567 -0.0269452 0.998418 0.0495655 2.37575 0.999622 0.0273311 -0.0071388 19.9383
-0.00741393 0.0507104 -0.99871 -86.3259 -0.0271087 0.998346 0.0508937 2.42335 0.999631 0.0274491 -0.00602666 19.9216
-0.00766533 0.0494612 -0.998769 -87.5193 -0.0274776 0.998399 0.0496539 2.47906 0.999614 0.0278232 -0.00629384 19.9205
-0.00701687 0.0480249 -0.998846 -88.6712 -0.0264221 0.998499 0.0481944 2.52015 0.999652 0.0267278 -0.00573729 19.9039
-0.00847042 0.0465041 -0.998904 -89.8565 -0.0260291 0.998579 0.0467098 2.56091 0.999647 0.0263951 -0.00724777 19.8929
-0.0089996 0.0475171 -0.998854 -91.011 -0.0235684 0.998593 0.0477175 2.60511 0.999708 0.0239689 -0.00786685 19.8899
-0.00922859 0.0498458 -0.998737 -92.1896 -0.0217055 0.998522 0.0500357 2.65309 0.999744 0.0221387 -0.00813263 19.8839
-0.0106726 0.0503159 -0.998701 -93.367 -0.0212485 0.998507 0.0505336 2.70285 0.999743 0.0217583 -0.00958729 19.8731
-0.0105064 0.0514538 -0.998642 -94.5255 -0.0219788 0.998433 0.0516743 2.74593 0.999726 0.0224907 -0.00935862 19.8546
-0.0096384 0.0521779 -0.998617 -95.6767 -0.0239357 0.998351 0.0523955 2.78869 0.999694 0.0244057 -0.00837342 19.8351
-0.010598 0.0524715 -0.998589 -96.8427 -0.0260142 0.99828 0.0527315 2.84485 0.999628 0.0265352 -0.00921446 19.8163
-0.00993857 0.0496726 -0.998743 -97.9883 -0.0283029 0.998363 0.0499358 2.88145 0.999578 0.0287616 -0.00851632 19.7971
-0.0106836 0.0488086 -0.998774 -99.1403 -0.0293604 0.998374 0.0491032 2.93211 0.999535 0.0298478 -0.00923293 19.7752
-0.0119073 0.0476879 -0.998818 -100.29 -0.0282452 0.998459 0.048008 2.96679 0.999558 0.0287816 -0.0105419 19.7604
-0.0114746 0.0482401 -0.998793 -101.452 -0.0275716 0.998452 0.0485405 3.00353 0.999577 0.0280942 -0.0101266 19.7493
-0.0132186 0.049555 -0.99871 -102.631 -0.0272159 0.998395 0.0499 3.04218 0.99957 0.0278385 -0.0118485 19.7331
-0.0119571 0.0514821 -0.998626 -103.807 -0.0264122 0.998321 0.0517827 3.09338 0.999603 0.026994 -0.0105771 19.7222
-0.0141682 0.0515813 -0.998595 -104.991 -0.0303497 0.998198 0.0519919 3.13281 0.999467 0.0310416 -0.0125771 19.7008
-0.0151922 0.0517026 -0.998571 -106.164 -0.0342612 0.998061 0.0521975 3.18299 0.999321 0.0350041 -0.0133912 19.6744
-0.0148641 0.0505785 -0.998637 -107.338 -0.0365631 0.998036 0.0510929 3.23969 0.99925 0.0372705 -0.0129856 19.6506
-0.01654 0.0476126 -0.998754 -108.527 -0.0373112 0.998153 0.0482021 3.27429 0.999191 0.0380608 -0.0147328 19.6181
-0.0175809 0.0445681 -0.998878 -109.712 -0.0375179 0.998284 0.0452026 3.32203 0.99917 0.0382684 -0.0158786 19.589
-0.0175908 0.0433662 -0.998929 -110.904 -0.0343255 0.998456 0.0439504 3.37371 0.99928 0.0350607 -0.0160749 19.5709
-0.0207948 0.0422898 -0.998916 -112.11 -0.0294368 0.998657 0.0428922 3.41106 0.999379 0.0302949 -0.0195219 19.551
-0.0210863 0.043782 -0.998843 -113.327 -0.0298195 0.998581 0.0444003 3.4487 0.999357 0.0307201 -0.0197506 19.5216
-0.0248344 0.0471622 -0.998605 -114.533 -0.029263 0.998435 0.0478825 3.50499 0.999293 0.0304093 -0.0234153 19.4896
-0.0260462 0.048025 -0.998532 -115.754 -0.0274457 0.998447 0.048737 3.56054 0.999308 0.0286737 -0.0246873 19.4642
-0.0259773 0.0446701 -0.998691 -116.98 -0.0281392 0.998583 0.0453978 3.60759 0.999296 0.0292797 -0.0246834 19.4257
-0.0279502 0.0419339 -0.998755 -118.205 -0.0293186 0.998668 0.0427509 3.65503 0.999204 0.0304759 -0.026683 19.3818
-0.0284714 0.0405035 -0.998801 -119.441 -0.028379 0.998754 0.0413111 3.68565 0.999221 0.0295192 -0.0272864 19.3469
-0.0300655 0.0416755 -0.998705 -120.676 -0.0299863 0.998655 0.0425764 3.72156 0.999123 0.0312264 -0.0287749 19.2998
-0.030775 0.0447706 -0.998551 -121.929 -0.0345506 0.998362 0.0458275 3.76506 0.998959 0.0359089 -0.0291777 19.2469
-0.0310888 0.0477537 -0.998401 -123.203 -0.0397574 0.998021 0.0489738 3.80478 0.998751 0.0412151 -0.0291281 19.1921
-0.0321165 0.0478766 -0.998365 -124.457 -0.0463468 0.997717 0.0493371 3.85727 0.998439 0.0478534 -0.0298242 19.1319
-0.0327222 0.0453247 -0.998463 -125.733 -0.050524 0.997632 0.0469431 3.91307 0.998212 0.0519811 -0.0303542 19.0645
-0.0341741 0.0444719 -0.998455 -127.01 -0.0512323 0.997629 0.0461894 3.97753 0.998132 0.0527294 -0.0318146 19.0176
-0.0365472 0.0435386 -0.998411 -128.263 -0.0507078 0.997696 0.045364 4.03055 0.998071 0.0522837 -0.0342546 18.9616
-0.0369599 0.0430446 -0.998418 -129.537 -0.0485882 0.997824 0.0448183 4.05921 0.998165 0.0501656 -0.0347878 18.9073
-0.0389114 0.0441361 -0.998296 -130.788 -0.0484449 0.99778 0.0460019 4.11911 0.998095 0.050151 -0.0366861 18.8614
-0.0396409 0.0477431 -0.998103 -132.064 -0.0481381 0.997618 0.0496325 4.15867 0.998084 0.0500121 -0.037248 18.8054
-0.0391784 0.049809 -0.998019 -133.318 -0.0468536 0.997581 0.0516267 4.20756 0.998161 0.0487821 -0.0367491 18.7556
-0.0411931 0.048846 -0.997986 -134.591 -0.0483845 0.997547 0.0508221 4.26375 0.99801 0.0503785 -0.0387283 18.6893
-0.040965 0.0475558 -0.998057 -135.853 -0.0486165 0.997602 0.04953 4.32447 0.998005 0.0505496 -0.0385541 18.6323
-0.039103 0.0479803 -0.998113 -137.104 -0.0482039 0.997605 0.0498449 4.3709 0.998104 0.0500599 -0.0366962 18.5796
-0.0396111 0.0467576 -0.99815 -138.382 -0.048229 0.997664 0.0486492 4.4236 0.998079 0.0500654 -0.0372628 18.5199
-0.0380397 0.0480992 -0.998149 -139.633 -0.0484809 0.997588 0.0499204 4.46084 0.998132 0.0502882 -0.0356156 18.4642
-0.0383798 0.0503299 -0.998025 -140.902 -0.0489195 0.997452 0.0521828 4.50328 0.998093 0.0508243 -0.0358192 18.4041
-0.0378511 0.0506852 -0.998028 -142.172 -0.0503684 0.997359 0.0525621 4.54656 0.998046 0.0522565 -0.0351978 18.3519
-0.0370215 0.0484 -0.998172 -143.409 -0.0532182 0.997327 0.0503335 4.61039 0.997925 0.0549828 -0.0343461 18.2928
-0.0383633 0.0455208 -0.998257 -144.647 -0.0528423 0.997484 0.0475169 4.64327 0.997899 0.0545711 -0.0358609 18.2432
-0.0385226 0.0452054 -0.998265 -145.883 -0.0513446 0.99758 0.0471564 4.68605 0.997966 0.0530707 -0.0361075 18.1961
-0.0384046 0.0442249 -0.998314 -147.129 -0.0508383 0.997652 0.0461519 4.71923 0.998002 0.0525231 -0.0360656 18.1481
-0.0405854 0.0437733 -0.998247 -148.383 -0.0481955 0.997804 0.0457141 4.76021 0.998042 0.049965 -0.0383858 18.1009
-0.0404619 0.0431379 -0.998281 -149.628 -0.0463533 0.997924 0.0450019 4.78151 0.998139 0.0480925 -0.0383778 18.0453
-0.0417354 0.0431307 -0.998228 -150.863 -0.0458132 0.997948 0.0450346 4.83729 0.998107 0.0476102 -0.0396729 17.9797
-0.0426152 0.0449649 -0.998112 -152.1 -0.0443536 0.99793 0.0468511 4.86355 0.998142 0.0462645 -0.0405321 17.9196
-0.0424691 0.0461903 -0.99806 -153.329 -0.041839 0.997985 0.0479678 4.90514 0.998251 0.0437937 -0.0404501 17.8657
-0.0434926 0.0447709 -0.998083 -154.526 -0.0401019 0.998125 0.0465211 4.94931 0.998285 0.0420464 -0.0416151 17.8084
-0.0444659 0.0445153 -0.99805 -155.755 -0.0413123 0.998084 0.046358 4.9876 0.998186 0.0432917 -0.0425408 17.7488
-0.0443547 0.0479734 -0.997897 -156.979 -0.0416564 0.997902 0.049826 5.02355 0.998183 0.0437768 -0.0422628 17.6812
-0.0459929 0.0524041 -0.997599 -158.206 -0.0451186 0.997509 0.0544802 5.08116 0.997953 0.0475146 -0.043513 17.5893
-0.0447799 0.0522889 -0.997661 -159.419 -0.0496918 0.99729 0.0545007 5.13824 0.997797 0.0520139 -0.0420598 17.5164
-0.0441108 0.0519761 -0.997707 -160.64 -0.0499298 0.997297 0.054163 5.20364 0.997809 0.052203 -0.0413954 17.455
-0.0429033 0.0477763 -0.997971 -161.851 -0.0521891 0.997399 0.0499935 5.25098 0.997752 0.0542259 -0.0402979 17.3821
-0.0413151 0.0464395 -0.9981 -163.06 -0.0537517 0.997383 0.0486319 5.31023 0.997731 0.0556573 -0.0387099 17.3215
-0.0421248 0.0442337 -0.998168 -164.233 -0.0490215 0.997739 0.0462845 5.33297 0.997946 0.0508794 -0.0398607 17.2539
-0.0418802 0.041347 -0.998301 -165.438 -0.044631 0.998082 0.043211 5.37532 0.998158 0.0463635 -0.0399536 17.2058
-0.0415393 0.0406975 -0.998343 -166.656 -0.039594 0.998333 0.0423454 5.40276 0.998389 0.0412856 -0.0398582 17.1581
-0.0445323 0.0431414 -0.99811 -167.8 -0.0362748 0.998352 0.044771 5.47066 0.998382 0.0381986 -0.042893 17.0854
-0.0433064 0.0485899 -0.997915 -169.018 -0.0366719 0.998081 0.0501903 5.52019 0.998427 0.0387671 -0.0414408 17.0279
-0.0430109 0.0507981 -0.997817 -170.202 -0.0376592 0.997928 0.0524279 5.58715 0.998398 0.0398306 -0.0410078 16.9667
-0.0409886 0.0512136 -0.997883 -171.41 -0.0378397 0.997905 0.05277 5.64479 0.998483 0.0399206 -0.0389641 16.906
-0.0394141 0.0512922 -0.997942 -172.621 -0.0386964 0.997869 0.0528175 5.69811 0.998508 0.040697 -0.0373444 16.8485
-0.0392993 0.0524778 -0.997886 -173.824 -0.0378725 0.997839 0.0539678 5.74264 0.998552 0.0399113 -0.037226 16.8047
-0.0382785 0.0529721 -0.9979 -175.022 -0.038044 0.997808 0.0544275 5.80049 0.998579 0.0400459 -0.0361782 16.7594
-0.036058 0.0531333 -0.997974 -176.204 -0.0386603 0.997779 0.0545207 5.85422 0.998645 0.0405459 -0.0339227 16.7129
-0.0352304 0.0543779 -0.997936 -177.346 -0.0395272 0.997676 0.0557601 5.90037 0.998634 0.0414085 -0.0329979 16.6661
-0.0328317 0.055189 -0.997974 -178.46 -0.0394607 0.997639 0.0564697 5.95449 0.998725 0.0412327 -0.0305754 16.6202
-0.0336966 0.0558048 -0.997911 -179.53 -0.0402753 0.997568 0.0571466 5.97974 0.998658 0.0421152 -0.031366 16.584
-0.0332146 0.0564737 -0.997891 -180.595 -0.0407461 0.997511 0.0578095 6.02821 0.998661 0.0425782 -0.0308296 16.544
-0.03257 0.0572177 -0.997869 -181.639 -0.0403856 0.997485 0.0585149 6.06947 0.998691 0.0422038 -0.0301761 16.5033
-0.0327913 0.0571156 -0.997869 -182.645 -0.0409042 0.997468 0.058438 6.11916 0.998668 0.0427311 -0.0303709 16.47
-0.0314656 0.0573617 -0.997896 -183.603 -0.0420224 0.997409 0.0586598 6.15042 0.998659 0.0437782 -0.0289723 16.4271
-0.0305849 0.0575656 -0.997913 -184.554 -0.0422558 0.997389 0.0588316 6.2033 0.998682 0.043965 -0.0280714 16.3938
-0.0310534 0.0575018 -0.997902 -185.484 -0.0419077 0.997406 0.0587788 6.24999 0.998677 0.0436435 -0.0285617 16.366
-0.0341868 0.0555463 -0.997911 -186.374 -0.0393873 0.997619 0.0568809 6.27607 0.998683 0.0412475 -0.0319164 16.3321
-0.0400341 0.0533275 -0.997814 -187.257 -0.0388444 0.997752 0.0548841 6.33511 0.998482 0.0409551 -0.0378712 16.2975
-0.0457278 0.0515586 -0.997663 -188.167 -0.0405798 0.997763 0.0534253 6.3729 0.998174 0.0429257 -0.0435317 16.2533
-0.0489341 0.0514744 -0.997515 -189.071 -0.0415469 0.997718 0.0535245 6.41055 0.997977 0.0440613 -0.0466822 16.2036
-0.0540371 0.0529198 -0.997176 -189.987 -0.0433402 0.997545 0.0552895 6.45893 0.997643 0.0462032 -0.0516093 16.1446
-0.0569768 0.0553392 -0.996881 -190.896 -0.0424751 0.99744 0.0577993 6.49919 0.997511 0.0456343 -0.0544787 16.0956
-0.0604515 0.0575853 -0.996549 -191.799 -0.0398165 0.997416 0.0600521 6.51786 0.997422 0.043307 -0.0580006 16.0383
-0.0628576 0.058054 -0.996373 -192.705 -0.038566 0.997436 0.0605503 6.56924 0.997317 0.0422306 -0.0604557 15.9788
-0.0643304 0.0584647 -0.996255 -193.597 -0.038818 0.997396 0.0610397 6.60469 0.997218 0.042597 -0.0618916 15.9247
-0.0660267 0.0576436 -0.996192 -194.492 -0.0401257 0.997385 0.0603735 6.64945 0.997051 0.0439577 -0.0635392 15.851
-0.0655191 0.0574742 -0.996235 -195.386 -0.0432955 0.997252 0.0603816 6.6965 0.996957 0.0470862 -0.0628488 15.7868
-0.0654918 0.0561974 -0.99631 -196.289 -0.0456351 0.997216 0.0592497 6.73233 0.996848 0.0493456 -0.062743 15.7105
-0.0653723 0.0547922 -0.996397 -197.19 -0.0466443 0.997248 0.0579008 6.77381 0.996816 0.0502588 -0.0626348 15.6544
-0.0653058 0.0534101 -0.996476 -198.081 -0.0463821 0.997341 0.0564975 6.81774 0.996826 0.0499067 -0.0626531 15.5898
-0.0652545 0.0533407 -0.996483 -198.997 -0.0463034 0.997349 0.0564207 6.86667 0.99684 0.0498197 -0.0626097 15.5271
-0.0649702 0.0549722 -0.996413 -199.919 -0.0462149 0.997261 0.0580337 6.91048 0.996856 0.049818 -0.0622498 15.4629
-0.0648607 0.0563892 -0.996341 -200.845 -0.0452197 0.997227 0.0593847 6.95069 0.996916 0.0489035 -0.062129 15.4241
-0.0651201 0.0544788 -0.996431 -201.783 -0.0405988 0.997554 0.0571949 6.97046 0.997091 0.044177 -0.0627471 15.354
-0.0651111 0.0536492 -0.996476 -202.711 -0.0392798 0.997658 0.0562812 7.00164 0.997151 0.0428036 -0.0628494 15.2962
-0.0660073 0.0537856 -0.99641 -203.667 -0.0428502 0.99749 0.0566839 7.06052 0.996939 0.0464366 -0.0635349 15.2107
-0.065132 0.0567551 -0.996303 -204.615 -0.0428385 0.997318 0.0596152 7.11889 0.997004 0.0465606 -0.0625241 15.1412
-0.0628609 0.0575902 -0.996401 -205.576 -0.0405556 0.997379 0.0602067 7.16798 0.997238 0.044193 -0.0603586 15.0971
-0.0620369 0.0606832 -0.996269 -206.545 -0.0393649 0.997241 0.0631955 7.20161 0.997345 0.0431361 -0.059475 15.0188
-0.0601977 0.0633598 -0.996215 -207.524 -0.0395749 0.997065 0.0658065 7.27583 0.997442 0.0433852 -0.0575117 14.9608
-0.0593956 0.0673911 -0.995999 -208.514 -0.0372232 0.996892 0.069673 7.32121 0.997589 0.0412103 -0.0567006 14.901
-0.0592448 0.0682293 -0.995951 -209.5 -0.0370534 0.996841 0.0704958 7.36556 0.997596 0.0410786 -0.0565277 14.8371
-0.056695 0.0688163 -0.99606 -210.505 -0.0390916 0.996721 0.0710889 7.43659 0.997674 0.0429656 -0.053817 14.7774
-0.0547138 0.0700182 -0.996085 -211.522 -0.0402318 0.996591 0.072265 7.51283 0.997732 0.0440268 -0.0517084 14.7089
-0.0508232 0.0708208 -0.996236 -212.539 -0.0411698 0.996503 0.0729419 7.57547 0.997907 0.0447196 -0.047728 14.6541
-0.0490676 0.0689211 -0.996456 -213.561 -0.044064 0.996513 0.071096 7.64778 0.997864 0.047395 -0.0458577 14.5896
-0.0470524 0.0669222 -0.996691 -214.589 -0.0451185 0.996609 0.0690484 7.70498 0.997922 0.0482155 -0.0438717 14.5449
-0.0443467 0.0663975 -0.996849 -215.629 -0.0440414 0.996706 0.0683485 7.7659 0.998086 0.0469322 -0.0412746 14.5
-0.0440386 0.0694106 -0.996659 -216.672 -0.043899 0.996502 0.0713412 7.82507 0.998114 0.0468916 -0.0408358 14.4387
-0.0421884 0.071463 -0.996593 -217.727 -0.0440695 0.996352 0.0733127 7.9013 0.998179 0.047011 -0.0388834 14.3947
-0.0416954 0.0721837 -0.996563 -218.788 -0.0442157 0.996293 0.0740159 7.96756 0.998202 0.0471473 -0.0383475 14.3406
-0.0413295 0.0705025 -0.996697 -219.866 -0.0439408 0.996431 0.0723072 8.03393 0.998221 0.0467827 -0.0380822 14.2961
-0.0401192 0.0685645 -0.996883 -220.938 -0.0407962 0.996716 0.0701966 8.11546 0.998412 0.0434828 -0.0371887 14.2511
-0.0409232 0.067921 -0.996893 -222.022 -0.0387718 0.996845 0.0695106 8.17181 0.998451 0.0414947 -0.0381588 14.2008
-0.0399568 0.0674997 -0.996962 -223.102 -0.0398199 0.996833 0.0690885 8.25071 0.998458 0.042457 -0.0371409 14.146
-0.0408672 0.0681329 -0.996881 -224.196 -0.0393662 0.996805 0.0697429 8.30853 0.998431 0.0420923 -0.0380527 14.1016
-0.0416271 0.0680668 -0.996856 -225.272 -0.0412503 0.996727 0.0697822 8.37286 0.998332 0.0440229 -0.0386815 14.0443
-0.0415324 0.0696022 -0.996752 -226.383 -0.0414585 0.996609 0.0713212 8.43435 0.998319 0.0442847 -0.0385044 13.993
-0.0451417 0.0720001 -0.996426 -227.49 -0.0417809 0.996408 0.0738933 8.50379 0.998157 0.0449647 -0.0419697 13.9445
-0.0457779 0.073424 -0.996292 -228.614 -0.0423783 0.996272 0.0753711 8.57634 0.998094 0.0456702 -0.042494 13.8882
-0.0456882 0.0747482 -0.996199 -229.756 -0.0441489 0.99609 0.0767665 8.64849 0.99803 0.0474856 -0.0422078 13.8383
-0.0484587 0.073911 -0.99613 -230.902 -0.0442203 0.99614 0.0760644 8.72989 0.997887 0.0477337 -0.0450016 13.7641
-0.0497528 0.0714026 -0.996251 -232.046 -0.0422372 0.996418 0.0735256 8.79593 0.997919 0.0457342 -0.0465568 13.7107
-0.0532315 0.0673002 -0.996355 -233.198 -0.0397488 0.996811 0.0694563 8.87549 0.997833 0.0432997 -0.0503848 13.6471
-0.055417 0.0634073 -0.996493 -234.37 -0.0374585 0.997166 0.065535 8.9465 0.997811 0.0409563 -0.0528828 13.5854
-0.0549733 0.065164 -0.996402 -235.601 -0.0320525 0.997257 0.0669899 9.02892 0.998015 0.0356185 -0.0527319 13.5264
-0.0585677 0.0685348 -0.995974 -236.773 -0.0272813 0.997178 0.0702237 9.09502 0.997962 0.0312819 -0.0565306 13.4583
-0.0610537 0.0708235 -0.995662 -237.96 -0.025227 0.997069 0.0724721 9.16684 0.997857 0.0295411 -0.0590861 13.3767
-0.0620351 0.0714432 -0.995559 -239.168 -0.0242891 0.997051 0.0730656 9.24347 0.99783 0.0287116 -0.0601148 13.3033
-0.0664786 0.071917 -0.995237 -240.38 -0.0240916 0.997011 0.073656 9.33101 0.997539 0.0288721 -0.0645452 13.2118
-0.0697909 0.0738313 -0.994871 -241.595 -0.0235506 0.996877 0.075634 9.41331 0.997335 0.028706 -0.0678319 13.1293
-0.0714358 0.0727253 -0.994834 -242.828 -0.0222362 0.996992 0.0744814 9.4879 0.99724 0.0274407 -0.0696015 13.0317
-0.0752223 0.0714544 -0.99465 -244.051 -0.0220977 0.997084 0.0733022 9.56889 0.996974 0.0274911 -0.0734216 12.9289
-0.0766463 0.0709247 -0.994577 -245.293 -0.0230459 0.997092 0.0728816 9.65348 0.996835 0.0285057 -0.0747865 12.8368
-0.081246 0.0713606 -0.994183 -246.539 -0.0221095 0.997078 0.0733771 9.73195 0.996501 0.0279401 -0.0794282 12.7395
-0.0845287 0.0715314 -0.993894 -247.798 -0.0232789 0.997024 0.0737379 9.80346 0.996192 0.0293685 -0.0826095 12.6306
-0.085576 0.0729496 -0.993704 -249.034 -0.0243496 0.996885 0.0752817 9.8806 0.996087 0.0306363 -0.0835304 12.5151
-0.0909087 0.0740238 -0.993149 -250.308 -0.0249437 0.996769 0.0765785 9.96479 0.99559 0.0317332 -0.088766 12.3872
-0.0925827 0.0749224 -0.99293 -251.557 -0.0255224 0.996679 0.0775865 10.0527 0.995431 0.0325228 -0.0903601 12.2649
-0.0924453 0.0750104 -0.992933 -252.8 -0.0277283 0.996596 0.0778702 10.1386 0.995376 0.0347298 -0.090048 12.1411
-0.0935828 0.0754372 -0.992797 -254.054 -0.0281123 0.996548 0.0783737 10.2212 0.995268 0.0352419 -0.0911362 12.0078
-0.0927439 0.0750682 -0.992901 -255.303 -0.0276565 0.996593 0.0779321 10.297 0.995351 0.0346867 -0.090349 11.8889
-0.0945097 0.0743399 -0.992793 -256.571 -0.0265448 0.996686 0.07716 10.3816 0.995224 0.0336435 -0.0922204 11.7667
-0.0947086 0.0748634 -0.992732 -257.821 -0.0241563 0.996721 0.0774702 10.4652 0.995257 0.0313167 -0.0925867 11.6365
-0.0938166 0.0752594 -0.992789 -259.058 -0.0236967 0.996707 0.0777975 10.551 0.995361 0.0308222 -0.0917216 11.5192
-0.094457 0.0759061 -0.992677 -260.313 -0.0230221 0.996674 0.0784039 10.6447 0.995308 0.0302581 -0.0923926 11.3946
-0.0932815 0.0761343 -0.992773 -261.552 -0.0220839 0.996688 0.0785115 10.7266 0.995449 0.0292456 -0.0912886 11.2837
-0.0940439 0.0770563 -0.992628 -262.803 -0.0208619 0.996647 0.0793463 10.8153 0.995395 0.028169 -0.0921182 11.1607
-0.0942662 0.0792825 -0.992434 -264.049 -0.0171399 0.996566 0.0812426 10.8949 0.995454 0.0246663 -0.092581 11.0403
-0.0932536 0.0829046 -0.992231 -265.282 -0.0137976 0.996343 0.0845465 10.978 0.995593 0.0215737 -0.0917657 10.9228
-0.0935453 0.0842865 -0.992089 -266.532 -0.0132585 0.996235 0.085891 11.0744 0.995581 0.021186 -0.092073 10.8103
-0.0936922 0.0833369 -0.992154 -267.755 -0.0138293 0.996304 0.0849932 11.1684 0.995552 0.021683 -0.0921905 10.7058
-0.093541 0.0818379 -0.992296 -268.977 -0.0158939 0.996385 0.0836756 11.2572 0.995543 0.0235963 -0.0918996 10.5721
-0.0953492 0.0836964 -0.991966 -270.218 -0.0198588 0.996119 0.0859575 11.354 0.995292 0.0278942 -0.0933141 10.4302
-0.0949522 0.0876913 -0.991661 -271.452 -0.0248215 0.995613 0.0904195 11.4603 0.995227 0.0331975 -0.0923564 10.3043
-0.0965876 0.0877645 -0.991495 -272.695 -0.0280024 0.99549 0.0908479 11.5454 0.994977 0.0365378 -0.0936913 10.152
-0.0964701 0.0811478 -0.992072 -273.908 -0.0291567 0.996032 0.084309 11.6291 0.994963 0.0370563 -0.0937188 10.0257
-0.096835 0.0759473 -0.992446 -275.121 -0.0255064 0.996586 0.0787548 11.7184 0.99502 0.0329387 -0.0945641 9.907
-0.0977663 0.0747614 -0.992447 -276.366 -0.0207955 0.996822 0.0771415 11.8079 0.995047 0.0281779 -0.0958981 9.77457
-0.0968485 0.0762972 -0.992418 -277.601 -0.0166421 0.996813 0.0782611 11.8896 0.995207 0.0240942 -0.0952669 9.65395
-0.0950024 0.0783044 -0.992443 -278.82 -0.0163068 0.996664 0.0802005 11.9708 0.995399 0.0238005 -0.0934058 9.53466
-0.0946997 0.0799076 -0.992341 -280.046 -0.0170175 0.996516 0.0818697 12.0532 0.995408 0.0246391 -0.0930068 9.41847
-0.0927895 0.0808466 -0.992448 -281.264 -0.0175851 0.996429 0.082817 12.1386 0.995586 0.0251346 -0.0910337 9.29742
-0.0929966 0.0814278 -0.992379 -282.486 -0.0176549 0.996377 0.0834122 12.2336 0.995558 0.0252763 -0.0912188 9.17587
-0.0925362 0.0815257 -0.992416 -283.705 -0.0175087 0.996374 0.0834855 12.3166 0.99561 0.0250991 -0.0907706 9.05804
-0.0913455 0.0805578 -0.992603 -284.912 -0.0180092 0.996445 0.0825288 12.4183 0.995705 0.0254136 -0.0895667 8.94861
-0.0921608 0.0798097 -0.992591 -286.139 -0.0182211 0.9965 0.0818177 12.4958 0.995633 0.0256243 -0.0903812 8.82841
-0.0922017 0.079608 -0.992601 -287.354 -0.0194176 0.996485 0.0817251 12.5773 0.995599 0.0268081 -0.0903285 8.70946
-0.091109 0.0797757 -0.992691 -288.567 -0.019745 0.996465 0.0818931 12.6639 0.995702 0.0270597 -0.0892089 8.59285
-0.0918764 0.0801132 -0.99259 -289.792 -0.0205086 0.996414 0.082322 12.753 0.995608 0.027919 -0.0899006 8.47949
-0.0908913 0.0804379 -0.992658 -291.014 -0.0197344 0.99641 0.082551 12.849 0.995722 0.0270905 -0.0889749 8.35847
-0.0915433 0.0801546 -0.992619 -292.234 -0.0199901 0.996425 0.0823076 12.9401 0.99565 0.0273761 -0.0896105 8.24343
-0.0905312 0.0799153 -0.992733 -293.444 -0.0205007 0.996433 0.0820847 13.0357 0.995741 0.0277807 -0.0885671 8.12906
-0.091547 0.0793715 -0.992682 -294.659 -0.0209579 0.996464 0.0816088 13.1301 0.99563 0.0282745 -0.0895563 8.01113
-0.091815 0.0778509 -0.992779 -295.872 -0.0219876 0.996556 0.0801826 13.2122 0.995592 0.0291884 -0.0897842 7.90449
-0.0922679 0.0778168 -0.992739 -297.079 -0.0242542 0.99649 0.0803671 13.3046 0.995489 0.0314923 -0.0900532 7.78457
-0.0917787 0.0778122 -0.992785 -298.252 -0.025428 0.996453 0.0804523 13.3976 0.995513 0.0326259 -0.0894717 7.66468
-0.0928428 0.0782435 -0.992652 -299.482 -0.0264903 0.99638 0.0810171 13.4808 0.995379 0.0338163 -0.0904306 7.53905
-0.0926796 0.0785919 -0.99264 -300.69 -0.0266071 0.996348 0.0813715 13.5659 0.995399 0.0339503 -0.0902471 7.40861
-0.0936952 0.0785243 -0.99255 -301.909 -0.0266031 0.99635 0.0813385 13.6506 0.995298 0.0340247 -0.0912608 7.28984
-0.0943938 0.078652 -0.992474 -303.125 -0.0262231 0.996351 0.0814553 13.7383 0.995248 0.0337122 -0.0919842 7.17756
-0.0949717 0.0782652 -0.992449 -304.354 -0.0230303 0.996484 0.0807894 13.8187 0.995266 0.0305279 -0.0928318 7.06543
-0.096929 0.0793528 -0.992173 -305.58 -0.0204852 0.996465 0.0816993 13.9092 0.995139 0.0282416 -0.0949581 6.95135
-0.09793 0.0801059 -0.992016 -306.814 -0.0200095 0.996414 0.0824388 13.9845 0.995045 0.0279218 -0.0959726 6.82413
-0.0984291 0.077976 -0.992135 -308.062 -0.0221429 0.996526 0.0805198 14.0542 0.994956 0.0298919 -0.0963577 6.69927
