1 0 0 0 0 1 0 0 0 0 1 0
0.999937 -0.00205516 0.0110552 0.00802576 0.00204561 0.999997 0.000875928 -0.00550153 -0.0110573 -0.000853297 0.999939 0.305864
0.999859 -0.00444275 0.0162224 0.0185901 0.00443229 0.99999 0.0006807 -0.00901981 -0.0162253 -0.000608706 0.999868 0.618257
0.999822 -0.0061659 0.0178565 0.0316278 0.00616885 0.999981 -0.000107151 -0.00719262 -0.0178558 0.000217262 0.99984 0.923391
0.999851 -0.0074799 0.0155591 0.0365822 0.00749283 0.999972 -0.000775102 -0.0126203 -0.015553 0.000891562 0.999879 1.22832
0.999923 -0.00952013 0.0080499 0.0442606 0.00953618 0.999952 -0.00195627 -0.0112384 -0.00803122 0.00203284 0.999966 1.55376
0.999939 -0.0100375 -0.00465158 0.0402336 0.0100224 0.999945 -0.00326904 -0.00749464 0.00468405 0.00322221 0.999984 1.87306
0.999728 -0.00914465 -0.0215194 0.0314851 0.00906207 0.999951 -0.00393314 -0.0109866 0.021554 0.00373698 0.999762 2.20559
0.999123 -0.00551549 -0.0415123 0.0022411 0.00536807 0.99998 -0.00366129 -0.00318883 0.0415315 0.00343508 0.999132 2.56765
0.998097 -0.00233887 -0.0616404 -0.0313556 0.00204692 0.999986 -0.00479999 -0.00832016 0.0616505 0.00466446 0.998088 2.91757
0.996639 -0.00208412 -0.0819043 -0.0684507 0.00166968 0.999986 -0.00512801 -0.00703666 0.0819138 0.00497387 0.996628 3.28458
0.994595 -0.00319456 -0.103801 -0.114835 0.00275383 0.999987 -0.00438932 -0.0225203 0.103813 0.00407945 0.99459 3.6781
0.992221 -0.00398522 -0.12444 -0.162535 0.00354598 0.999987 -0.00375126 -0.032106 0.124453 0.00328071 0.992222 4.05785
0.989813 -0.00361726 -0.142345 -0.23241 0.00313678 0.999989 -0.00359964 -0.0316023 0.142356 0.00311618 0.989812 4.45326
0.987175 -0.00280443 -0.159629 -0.292282 0.0023457 0.999994 -0.00306247 -0.0370583 0.159636 0.00264869 0.987175 4.87549
0.984738 -0.0024922 -0.174044 -0.365546 0.00190915 0.999992 -0.00351744 -0.0386206 0.174051 0.00313119 0.984733 5.29762
0.982241 -0.00393359 -0.187593 -0.4561 0.00323184 0.999988 -0.0040469 -0.043341 0.187607 0.0033687 0.982241 5.74047
0.980316 -0.00361287 -0.197415 -0.548809 0.00288166 0.999989 -0.0039912 -0.0455931 0.197427 0.00334358 0.980313 6.18463
0.978616 -0.00311546 -0.205687 -0.648085 0.0020907 0.999986 -0.00519958 -0.0509554 0.2057 0.00465829 0.978607 6.6358
0.976748 -0.00323898 -0.214379 -0.755647 0.00179807 0.999975 -0.00691617 -0.0501673 0.214396 0.00636966 0.976728 7.11297
0.974842 -0.00352704 -0.222883 -0.864829 0.00146945 0.999957 -0.00939713 -0.0475372 0.222906 0.0088331 0.974803 7.58191
0.972864 -0.00695287 -0.231292 -0.984251 0.00455511 0.999931 -0.0109002 -0.0494172 0.231351 0.0095506 0.972826 8.08897
0.970825 -0.0114356 -0.239532 -1.10419 0.008868 0.999893 -0.0117945 -0.060462 0.239641 0.00932618 0.970821 8.60123
0.968625 -0.0119109 -0.24826 -1.23313 0.00876411 0.999868 -0.0137775 -0.0558323 0.248392 0.0111692 0.968598 9.12485
0.966014 -0.00895925 -0.25835 -1.40156 0.00471529 0.999845 -0.0170416 -0.0612398 0.258462 0.0152442 0.965906 9.65768
0.963529 -0.00645819 -0.267542 -1.56599 0.00120307 0.999804 -0.0198028 -0.0611763 0.267618 0.0187584 0.963346 10.1882
0.960723 -0.00947793 -0.277364 -1.74078 0.00357038 0.999758 -0.0217955 -0.084696 0.277502 0.0199491 0.960523 10.7509
0.958185 -0.0104152 -0.285975 -1.90797 0.00406397 0.999733 -0.0227949 -0.103349 0.286136 0.0206793 0.95797 11.3076
0.955581 -0.0113064 -0.294526 -2.11751 0.00394251 0.999667 -0.025584 -0.128585 0.294716 0.0232863 0.955306 11.8811
0.952821 -0.0110153 -0.303351 -2.31023 0.00235 0.999581 -0.0289168 -0.143964 0.303542 0.0268394 0.952444 12.4686
0.950246 -0.01272 -0.311255 -2.51921 0.00248275 0.999446 -0.0332645 -0.170132 0.311505 0.0308365 0.949749 13.0546
0.948158 -0.0142393 -0.317498 -2.72944 0.0016118 0.999201 -0.0400004 -0.192987 0.317813 0.0374146 0.94742 13.6656
0.946898 -0.0147123 -0.321215 -2.95995 -8.9357e-05 0.998943 -0.046017 -0.214486 0.321552 0.0436019 0.945893 14.2831
0.945439 -0.0165555 -0.325396 -3.18253 -0.00123733 0.998521 -0.0543993 -0.238564 0.325815 0.0518334 0.944018 14.9241
0.943474 -0.0167631 -0.331042 -3.40145 -0.00421109 0.998036 -0.0625397 -0.260804 0.331439 0.0603983 0.941547 15.5604
0.941885 -0.0160054 -0.335573 -3.64138 -0.0074651 0.997624 -0.0685368 -0.306581 0.335872 0.0670584 0.939523 16.2012
0.939696 -0.0150409 -0.341699 -3.89044 -0.0111777 0.997151 -0.0746316 -0.353382 0.341846 0.0739501 0.936848 16.8559
0.937828 -0.0138474 -0.346839 -4.14882 -0.0148799 0.996686 -0.0800278 -0.407473 0.346796 0.0802128 0.93451 17.5144
0.936024 -0.0120135 -0.351749 -4.41742 -0.0190647 0.996222 -0.0847564 -0.461005 0.351437 0.0860397 0.932256 18.1778
0.933923 -0.00982126 -0.357357 -4.69415 -0.0230974 0.995881 -0.087734 -0.52329 0.356745 0.0901905 0.929845 18.8747
0.931876 -0.00937292 -0.362673 -4.97291 -0.0245783 0.995742 -0.0888863 -0.588496 0.361961 0.0917447 0.927674 19.5552
0.928831 -0.00878585 -0.370416 -5.25254 -0.0258168 0.995759 -0.0883559 -0.659304 0.36962 0.0916302 0.924661 20.2709
0.926055 -0.00876315 -0.377305 -5.54711 -0.0260346 0.995869 -0.0870285 -0.727365 0.376508 0.0904158 0.921998 20.9848
0.92308 -0.00829379 -0.384537 -5.83919 -0.0266213 0.995996 -0.0853874 -0.794342 0.383704 0.0890556 0.91916 21.6869
0.919778 -0.00795734 -0.392377 -6.14954 -0.0266243 0.99623 -0.0826134 -0.860241 0.391554 0.0864324 0.916094 22.3875
0.914839 -0.00655397 -0.403784 -6.5054 -0.0273628 0.996568 -0.0781719 -0.942972 0.402909 0.0825626 0.911517 23.188
0.911162 -0.00282895 -0.412057 -6.84745 -0.0302453 0.996825 -0.0737235 -1.00597 0.410956 0.0796365 0.908179 23.897
0.906913 -0.000676887 -0.421336 -7.19203 -0.0318585 0.99703 -0.0701772 -1.07314 0.42013 0.0770672 0.904195 24.6369
0.902287 0.00133041 -0.431153 -7.55987 -0.0342768 0.997057 -0.0686558 -1.12155 0.42979 0.0767254 0.899672 25.3723
0.897488 0.000445677 -0.441058 -7.94415 -0.0337719 0.997138 -0.0677141 -1.19825 0.439763 0.0756677 0.894931 26.1431
0.893021 -7.34425e-05 -0.450033 -8.32241 -0.0334913 0.997222 -0.0666213 -1.25618 0.448785 0.074566 0.890533 26.8853
0.888264 -0.000462897 -0.459353 -8.74009 -0.0330497 0.997349 -0.0649153 -1.31941 0.458162 0.0728433 0.88589 27.6582
0.883466 -0.000304146 -0.468514 -9.15833 -0.0327545 0.997519 -0.0624124 -1.37675 0.467367 0.0704847 0.881259 28.448
0.878858 -0.000213717 -0.477103 -9.58264 -0.0314528 0.997804 -0.0583863 -1.4283 0.476065 0.0663194 0.876918 29.2108
0.874023 0.00100649 -0.485901 -10.0384 -0.0312417 0.998051 -0.0541298 -1.49363 0.484897 0.0624906 0.872347 30.0178
0.8698 0.00115793 -0.493423 -10.4836 -0.0300015 0.998278 -0.0505448 -1.54486 0.492511 0.0587673 0.868333 30.791
0.865622 0.000416443 -0.500716 -10.9525 -0.0284215 0.998435 -0.0483046 -1.60168 0.499909 0.0560443 0.864274 31.5968
0.860862 0.000336541 -0.508857 -11.4383 -0.0277285 0.998551 -0.0462508 -1.65391 0.5081 0.0539254 0.859621 32.4086
0.857226 -0.000120286 -0.51496 -11.9266 -0.0267581 0.998646 -0.044777 -1.69773 0.514264 0.0521631 0.856056 33.1954
0.853044 -0.000479521 -0.521858 -12.4495 -0.0259984 0.998725 -0.0434171 -1.73983 0.521209 0.0506041 0.851941 34.0412
0.850104 -0.00126407 -0.526633 -12.9633 -0.0252152 0.99876 -0.0431012 -1.78482 0.52603 0.0499195 0.849011 34.8648
0.846485 -0.00163762 -0.532428 -13.4858 -0.0251248 0.998764 -0.0430185 -1.83147 0.531837 0.0497915 0.845395 35.6846
0.843918 -0.00130199 -0.536491 -14.0398 -0.0255489 0.998771 -0.0426137 -1.8689 0.535885 0.049669 0.842841 36.5452
0.842802 -0.00157696 -0.53824 -14.5892 -0.0247546 0.998831 -0.04169 -1.9216 0.537671 0.0484603 0.841775 37.3783
0.841794 -0.00127964 -0.539819 -15.1512 -0.0243956 0.998893 -0.0404113 -1.96227 0.539269 0.0471869 0.840823 38.256
0.840702 -0.00242743 -0.541512 -15.723 -0.0228516 0.998947 -0.0399569 -2.00804 0.541034 0.0459662 0.839758 39.1438
0.840267 -0.00415243 -0.542177 -16.2836 -0.0209875 0.998979 -0.0401784 -2.05323 0.541787 0.0451393 0.839316 40.0091
0.838593 -0.0057724 -0.544748 -16.8752 -0.0193512 0.999003 -0.0403775 -2.09887 0.544434 0.0444017 0.837642 40.9167
0.836823 -0.00639271 -0.547457 -17.4631 -0.0181448 0.999066 -0.0394025 -2.13947 0.547194 0.0429062 0.835919 41.799
0.834247 -0.00487881 -0.551389 -18.0594 -0.0176862 0.999216 -0.0356024 -2.1844 0.551126 0.0394532 0.833503 42.7038
0.830578 -0.00482601 -0.556903 -18.6562 -0.0153116 0.999394 -0.0314976 -2.23996 0.556714 0.0346881 0.829994 43.586
0.826471 -0.00540306 -0.562973 -19.2463 -0.0141623 0.999444 -0.0303852 -2.27958 0.56282 0.0330854 0.825932 44.4443
0.819822 -0.00805675 -0.572584 -19.8625 -0.0123368 0.999428 -0.0317276 -2.32465 0.572508 0.0330748 0.819247 45.3194
0.813169 -0.0110033 -0.581943 -20.4561 -0.0112128 0.999346 -0.0345659 -2.37455 0.581938 0.034633 0.812511 46.1427
0.805775 -0.0109392 -0.592142 -21.1 -0.0114414 0.999363 -0.0340325 -2.41462 0.592133 0.0341973 0.80513 47.0201
0.799229 -0.00866269 -0.600985 -21.7461 -0.0115959 0.999494 -0.0298304 -2.46014 0.600935 0.0308103 0.798721 47.8767
0.79362 -0.00433073 -0.60842 -22.3981 -0.0147412 0.999552 -0.0263444 -2.48793 0.608258 0.0298759 0.793193 48.7036
0.788511 -0.00447228 -0.615024 -23.0656 -0.0154198 0.999522 -0.02704 -2.53526 0.614847 0.0308051 0.788062 49.5537
0.784026 -0.00573565 -0.620725 -23.7281 -0.0168428 0.999401 -0.0305098 -2.57123 0.620524 0.0343749 0.783451 50.3726
0.780055 -0.00893594 -0.625668 -24.3689 -0.0174508 0.999206 -0.0360298 -2.63845 0.625488 0.0390239 0.779275 51.1714
0.775466 -0.0105283 -0.631324 -25.0593 -0.0174387 0.999131 -0.0380837 -2.6871 0.631172 0.0405416 0.774601 52.0214
0.771811 -0.0085453 -0.635816 -25.7258 -0.0171979 0.999271 -0.0343084 -2.72832 0.63564 0.0374145 0.771097 52.8252
0.767942 -0.00635534 -0.640512 -26.4322 -0.0166049 0.999427 -0.0298269 -2.77197 0.640329 0.0335403 0.767388 53.6599
0.763738 -0.0048426 -0.645531 -27.1243 -0.017165 0.999474 -0.0278079 -2.81701 0.64532 0.0323188 0.763249 54.4617
0.758682 -0.00413825 -0.651472 -27.8264 -0.0179545 0.999477 -0.0272598 -2.8463 0.651239 0.0323778 0.758203 55.2484
0.753908 -0.00599513 -0.656975 -28.5434 -0.017574 0.999425 -0.0292891 -2.886 0.656766 0.0336273 0.753365 56.0614
0.749111 -0.00755055 -0.662426 -29.2609 -0.0170421 0.999394 -0.0306653 -2.93103 0.662251 0.0342601 0.74852 56.8674
0.744544 -0.00852821 -0.667541 -29.9699 -0.0162613 0.999399 -0.0309072 -2.96945 0.667397 0.0338673 0.743953 57.6459
0.73883 -0.00892092 -0.673858 -30.717 -0.0153922 0.999438 -0.0301092 -3.01013 0.673742 0.0326171 0.738269 58.4553
0.733774 -0.00856454 -0.679361 -31.447 -0.0155983 0.999453 -0.0294496 -3.04454 0.679236 0.032207 0.733235 59.2288
0.72673 -0.00982698 -0.686879 -32.2054 -0.0153383 0.999426 -0.0305289 -3.09592 0.686778 0.0327213 0.726155 60.0296
0.720584 -0.0102534 -0.693314 -32.9584 -0.0150722 0.999431 -0.0304474 -3.1322 0.693226 0.0323903 0.720015 60.8082
0.714186 -0.0108506 -0.699898 -33.7107 -0.0150963 0.999418 -0.0309009 -3.16012 0.699819 0.0326344 0.713599 61.5663
0.707101 -0.0118942 -0.707035 -34.4969 -0.0147563 0.999402 -0.0315721 -3.19486 0.706981 0.0327586 0.706497 62.3525
0.700857 -0.0133833 -0.713203 -35.265 -0.0135829 0.999403 -0.0321036 -3.24049 0.713199 0.032187 0.700249 63.0971
0.692578 -0.0142601 -0.721224 -36.0703 -0.0123082 0.999434 -0.031582 -3.28393 0.72126 0.0307507 0.692006 63.8631
0.683853 -0.0145272 -0.729502 -36.8644 -0.0109361 0.999496 -0.0301575 -3.32555 0.729565 0.0286009 0.683342 64.6179
0.676124 -0.015138 -0.736654 -37.6647 -0.0101104 0.999513 -0.0298209 -3.36069 0.736741 0.0276113 0.675637 65.3559
0.668782 -0.0159071 -0.743315 -38.5026 -0.00945339 0.999519 -0.0298974 -3.4087 0.743426 0.0270215 0.668302 66.1171
0.661484 -0.0173187 -0.74978 -39.3469 -0.00893499 0.999489 -0.0309712 -3.44953 0.749928 0.0271873 0.660986 66.8534
0.654873 -0.0169122 -0.755576 -40.1896 -0.00977177 0.999487 -0.0308431 -3.48798 0.755702 0.0275815 0.654365 67.5746
0.648397 -0.0167655 -0.761138 -41.0798 -0.00994566 0.999494 -0.0304901 -3.53146 0.761259 0.0273407 0.647898 68.3129
0.643332 -0.0164435 -0.765437 -41.9339 -0.0103004 0.999502 -0.0301309 -3.57245 0.765545 0.0272683 0.642835 69.0253
0.637051 -0.0172173 -0.77065 -42.8387 -0.0110584 0.999452 -0.0314722 -3.6217 0.770765 0.0285725 0.636506 69.7513
0.630642 -0.0185109 -0.77588 -43.729 -0.0112357 0.999403 -0.032978 -3.67107 0.77602 0.0295146 0.63005 70.4745
0.624682 -0.0203821 -0.780634 -44.6003 -0.0117449 0.99931 -0.0354919 -3.71031 0.780813 0.0313404 0.624006 71.1647
0.618022 -0.0222154 -0.785873 -45.5115 -0.011314 0.999256 -0.0371468 -3.75973 0.786106 0.0318489 0.617305 71.878
0.612693 -0.0214677 -0.79005 -46.4262 -0.0116106 0.999288 -0.0361593 -3.8057 0.790258 0.0313284 0.612003 72.5894
0.605595 -0.0217985 -0.795501 -47.358 -0.0107336 0.99932 -0.0355567 -3.84826 0.795727 0.0300715 0.604943 73.29
0.597902 -0.0229455 -0.801261 -48.2925 -0.00992203 0.999311 -0.0360226 -3.90927 0.80153 0.0294891 0.597257 73.9827
0.593163 -0.0235023 -0.804766 -49.2181 -0.00942664 0.999312 -0.0361337 -3.95188 0.805054 0.0290195 0.592528 74.6638
0.586823 -0.0239107 -0.809383 -50.176 -0.00880311 0.999326 -0.0359063 -4.00924 0.80969 0.0281967 0.586212 75.3445
0.580834 -0.0269463 -0.813603 -51.1358 -0.00689831 0.999263 -0.0380221 -4.0543 0.814019 0.0276971 0.580215 76.0049
0.577047 -0.0289776 -0.816217 -52.0943 -0.00537413 0.999224 -0.0392763 -4.09708 0.816715 0.0270517 0.576438 76.6705
0.571381 -0.0322564 -0.820078 -53.0783 -0.00283913 0.999154 -0.0412802 -4.15277 0.820707 0.0259149 0.5708 77.3627
0.564322 -0.0352545 -0.824822 -54.0695 0.000224991 0.999104 -0.0425516 -4.20782 0.825577 0.0238282 0.563819 78.0573
0.557679 -0.0380364 -0.829212 -55.0519 0.00502688 0.999096 -0.0424506 -4.26787 0.830068 0.0195053 0.557361 78.724
0.54799 -0.041036 -0.835498 -56.0694 0.00956215 0.999048 -0.042799 -4.33565 0.836453 0.0154651 0.547855 79.3995
0.539128 -0.0409461 -0.841255 -57.0682 0.0110628 0.999085 -0.0415409 -4.38914 0.842177 0.0130893 0.539084 80.0489
0.528703 -0.0406285 -0.847854 -58.1135 0.0117076 0.999119 -0.0405781 -4.44079 0.848747 0.0115285 0.528708 80.698
0.517453 -0.0409622 -0.854758 -59.1526 0.0112656 0.999103 -0.0410621 -4.50012 0.855663 0.0116183 0.517446 81.3365
0.507888 -0.0410677 -0.860464 -60.1976 0.0102192 0.99909 -0.041654 -4.54407 0.861384 0.0123633 0.507841 81.9493
0.49574 -0.0430938 -0.867428 -61.2638 0.0102534 0.998999 -0.0437729 -4.60196 0.868436 0.012806 0.495681 82.5697
0.484983 -0.0440943 -0.873431 -62.3423 0.0100748 0.998954 -0.0448388 -4.64876 0.874488 0.0129474 0.484915 83.1724
0.476082 -0.0443887 -0.878307 -63.399 0.00944986 0.998936 -0.0453654 -4.70282 0.879377 0.0132979 0.47599 83.7531
0.463914 -0.0443744 -0.884789 -64.514 0.0101857 0.998957 -0.0447613 -4.76487 0.885844 0.0117543 0.463877 84.3364
0.452793 -0.0449576 -0.890508 -65.6195 0.0107739 0.998942 -0.044956 -4.83105 0.891578 0.0107619 0.452793 84.8954
0.442408 -0.0458973 -0.895659 -66.7223 0.0108475 0.998901 -0.0458314 -4.89033 0.896771 0.0105616 0.442415 85.4361
0.430542 -0.0466459 -0.901391 -67.8725 0.0103034 0.998864 -0.0467711 -4.95324 0.902539 0.01085 0.430528 85.9803
0.420853 -0.0469904 -0.905931 -68.9815 0.00994049 0.998847 -0.0471937 -5.01575 0.907098 0.0108571 0.42083 86.4957
0.409437 -0.0463746 -0.911186 -70.155 0.00875197 0.998873 -0.0469071 -5.07101 0.912324 0.0112312 0.409376 87.0105
0.400172 -0.0449706 -0.915356 -71.3143 0.00767886 0.998935 -0.0457214 -5.13348 0.916431 0.0112685 0.400087 87.5211
0.39267 -0.0437153 -0.918668 -72.4653 0.0090182 0.999017 -0.0436863 -5.20208 0.919664 0.00887004 0.392673 88.0149
0.383468 -0.0443865 -0.922507 -73.656 0.0102503 0.998998 -0.0438076 -5.26345 0.923521 0.00734397 0.383534 88.4943
0.37442 -0.0461711 -0.926137 -74.8308 0.011433 0.998926 -0.0451799 -5.32245 0.927217 0.00632845 0.37454 88.9621
0.3668 -0.0485247 -0.929054 -75.9939 0.0136735 0.998823 -0.0467718 -5.3941 0.930223 0.0044536 0.367027 89.4293
0.359171 -0.0500507 -0.931957 -77.1926 0.0138935 0.99875 -0.0482856 -5.45585 0.933197 0.00439526 0.359412 89.8959
0.354068 -0.0520566 -0.933792 -78.3656 0.0152025 0.998649 -0.0499095 -5.5292 0.935121 0.0034766 0.354376 90.3413
0.348507 -0.0527016 -0.935853 -79.5612 0.0170987 0.998623 -0.0498714 -5.59715 0.93718 0.00137918 0.348922 90.7856
0.345259 -0.050298 -0.937181 -80.7386 0.0166791 0.998745 -0.0474591 -5.64162 0.938383 0.000755517 0.34566 91.248
0.342238 -0.0488415 -0.938373 -81.9213 0.0198757 0.998816 -0.0447407 -5.70515 0.939433 -0.00333834 0.342797 91.6758
0.338523 -0.0474628 -0.939782 -83.1146 0.0222061 0.998863 -0.0424492 -5.79553 0.94072 -0.00649743 0.339187 92.0937
0.335303 -0.047169 -0.940959 -84.2923 0.0234379 0.99887 -0.0417222 -5.86046 0.94185 -0.00806387 0.336023 92.5108
0.333591 -0.0460833 -0.941613 -85.4753 0.0240072 0.998907 -0.0403838 -5.92991 0.942436 -0.00913242 0.334328 92.9302
0.330439 -0.0448222 -0.942793 -86.6425 0.0253528 0.998948 -0.0386081 -5.98992 0.943518 -0.0111442 0.331221 93.3417
0.330005 -0.0451005 -0.942924 -87.8033 0.026422 0.99892 -0.0385332 -6.05856 0.943634 -0.0121963 0.330836 93.7428
0.327421 -0.0453066 -0.943822 -88.9475 0.0286911 0.99888 -0.0379984 -6.11155 0.944474 -0.0146371 0.328348 94.1396
0.325033 -0.0435636 -0.944723 -90.0956 0.0316248 0.998893 -0.0351825 -6.1719 0.945199 -0.0184397 0.326047 94.5357
0.324418 -0.0420592 -0.945009 -91.2263 0.034004 0.998899 -0.0327863 -6.21836 0.945333 -0.0214968 0.325485 94.9178
0.322391 -0.0410894 -0.94574 -92.3691 0.0328989 0.998953 -0.0321881 -6.28228 0.946061 -0.0207351 0.3234 95.3053
0.32165 -0.0421243 -0.945952 -93.4973 0.0343316 0.998886 -0.03281 -6.32362 0.946267 -0.0219219 0.322732 95.6937
0.322116 -0.0429813 -0.945749 -94.5972 0.0351497 0.998836 -0.0334238 -6.38288 0.946074 -0.0224749 0.323247 96.0655
0.321814 -0.0433254 -0.945841 -95.691 0.0345042 0.99884 -0.0340155 -6.42937 0.946205 -0.021688 0.32293 96.4351
0.324935 -0.0432864 -0.944771 -96.7697 0.0328382 0.99888 -0.0344732 -6.48357 0.945194 -0.0198215 0.325987 96.8
0.328305 -0.042545 -0.943643 -97.8624 0.0318379 0.99893 -0.0339631 -6.53617 0.944066 -0.0188926 0.329303 97.1692
0.333843 -0.0428206 -0.941684 -98.9239 0.031345 0.998934 -0.0343135 -6.5869 0.942136 -0.0180601 0.334825 97.5413
0.341293 -0.0426036 -0.939022 -99.9778 0.0314998 0.998944 -0.0338758 -6.6375 0.93946 -0.0180166 0.342269 97.9159
0.347355 -0.0413812 -0.936849 -101.025 0.0301819 0.999017 -0.0329386 -6.68546 0.937277 -0.0168328 0.348258 98.3005
0.355824 -0.0400989 -0.933725 -102.064 0.0283694 0.999097 -0.0320976 -6.72935 0.934155 -0.0150672 0.356634 98.6863
0.366156 -0.0394884 -0.929745 -103.099 0.0276683 0.999135 -0.0315412 -6.77444 0.930172 -0.014174 0.366926 99.0825
0.375259 -0.0390425 -0.92613 -104.117 0.0273608 0.999159 -0.0310374 -6.81677 0.92655 -0.0136917 0.376004 99.4885
0.386066 -0.0389037 -0.921681 -105.132 0.0262187 0.999186 -0.0311949 -6.85961 0.92213 -0.0121204 0.386765 99.9016
0.395597 -0.0396974 -0.9176 -106.128 0.0247148 0.99918 -0.0325741 -6.90219 0.918126 -0.00979128 0.396246 100.317
0.407413 -0.0398399 -0.912406 -107.126 0.0226906 0.999199 -0.0334997 -6.94803 0.912995 -0.00705326 0.407983 100.749
0.421354 -0.0381311 -0.906129 -108.124 0.0204478 0.999277 -0.0325451 -6.98666 0.9067 -0.00481463 0.421821 101.191
0.434029 -0.0363979 -0.900196 -109.111 0.0198335 0.999346 -0.0308461 -7.031 0.900714 -0.00446431 0.434459 101.651
0.448125 -0.0343518 -0.893347 -110.091 0.0195475 0.999416 -0.0286275 -7.07427 0.893793 -0.00463344 0.448527 102.131
0.459954 -0.0334366 -0.887346 -111.051 0.0191891 0.99945 -0.0277162 -7.11978 0.88777 -0.00427766 0.460334 102.608
0.472003 -0.033498 -0.880998 -111.993 0.0192825 0.999449 -0.0276736 -7.15822 0.881423 -0.00392514 0.47238 103.1
0.484733 -0.0339276 -0.874039 -112.923 0.0193282 0.999438 -0.0280781 -7.19408 0.874484 -0.00328175 0.485107 103.613
0.495525 -0.0352317 -0.867919 -113.841 0.0209844 0.99939 -0.0285905 -7.23093 0.86838 -0.00404471 0.495952 104.127
0.506963 -0.0354966 -0.861273 -114.74 0.0217113 0.99938 -0.0284112 -7.27034 0.861731 -0.00429432 0.50741 104.649
0.518754 -0.0341829 -0.854281 -115.629 0.0220893 0.999422 -0.0265798 -7.31026 0.854679 -0.00508122 0.519199 105.179
0.528606 -0.0308967 -0.848343 -116.497 0.0205627 0.99953 -0.0235928 -7.35183 0.848656 -0.00497121 0.528983 105.703
0.539595 -0.0299809 -0.841434 -117.353 0.0210166 0.999553 -0.0221401 -7.38464 0.841705 -0.00573635 0.539973 106.237
0.549611 -0.0292097 -0.834949 -118.2 0.0184858 0.999589 -0.0228036 -7.41812 0.835255 -0.00289989 0.549915 106.777
0.560015 -0.0286477 -0.828032 -119.025 0.0170087 0.999609 -0.0230833 -7.45266 0.828352 -0.00115583 0.560272 107.327
0.570495 -0.0276864 -0.820875 -119.83 0.0164279 0.999636 -0.0223011 -7.48223 0.821177 -0.000760926 0.570731 107.873
0.579608 -0.0254436 -0.814544 -120.638 0.0158279 0.999695 -0.0199675 -7.51879 0.814788 -0.00131824 0.579822 108.436
0.589228 -0.0238163 -0.807657 -121.43 0.015712 0.999734 -0.0180201 -7.54201 0.807855 -0.0020703 0.589434 109.004
0.598834 -0.0228976 -0.800594 -122.201 0.0157554 0.999754 -0.016812 -7.57156 0.800766 -0.0025449 0.599035 109.573
0.605105 -0.0224476 -0.795872 -122.983 0.0139507 0.999768 -0.0175943 -7.58776 0.796066 -0.000455021 0.605266 110.141
0.613638 -0.0210645 -0.789356 -123.738 0.0130422 0.999798 -0.0165445 -7.6104 0.78953 -0.000141377 0.613776 110.721
0.620449 -0.0190984 -0.784057 -124.474 0.012287 0.999837 -0.0146339 -7.63223 0.784194 -0.000552351 0.620569 111.296
0.628663 -0.0166081 -0.777551 -125.21 0.011008 0.999882 -0.0124598 -7.66052 0.777651 -0.000724923 0.628759 111.881
0.636961 -0.015396 -0.770787 -125.926 0.0106377 0.999901 -0.0111844 -7.68457 0.770868 -0.00107355 0.637048 112.458
0.644275 -0.0140996 -0.764716 -126.617 0.00937332 0.999921 -0.0105422 -7.71567 0.76479 -0.000374616 0.644342 113.038
0.653283 -0.0128082 -0.757051 -127.294 0.00797582 0.999938 -0.0100377 -7.73721 0.757119 0.000521207 0.65333 113.621
0.663804 -0.00887622 -0.747907 -127.97 0.00598147 0.999981 -0.00656186 -7.74543 0.747938 -0.000116506 0.66383 114.207
0.673887 -0.00702218 -0.738848 -128.637 0.00526747 0.999996 -0.00470269 -7.76189 0.738864 -0.000720876 0.673906 114.806
0.685365 -0.00494477 -0.728238 -129.281 0.00310827 1.00001 -0.00386765 -7.77919 0.728249 0.000388491 0.685371 115.407
0.695849 -0.00442709 -0.718224 -129.897 0.0018212 1.00001 -0.00440244 -7.79449 0.718237 0.0017573 0.695848 115.992
0.706772 -0.00428039 -0.707487 -130.502 0.00102699 1.00001 -0.00502697 -7.80403 0.7075 0.00282761 0.706765 116.593
0.718442 -0.00361259 -0.695628 -131.095 0.000553975 1.00001 -0.00462419 -7.81338 0.695639 0.00293869 0.718435 117.204
0.729321 -0.00203153 -0.68423 -131.676 -0.000250816 1.00002 -0.00323949 -7.82336 0.684234 0.00253545 0.729315 117.81
0.741265 -0.000448007 -0.671265 -132.257 -0.000576727 1.00002 -0.00130757 -7.83344 0.671267 0.00135822 0.741263 118.437
0.751672 -0.000661808 -0.6596 -132.841 0.000182785 1.00002 -0.000798156 -7.84261 0.659602 0.000480685 0.75167 119.078
0.761535 0.00114219 -0.648179 -133.377 0.000164804 1.00002 0.00195236 -7.85302 0.648181 -0.00159171 0.761532 119.717
0.771221 0.00197537 -0.636631 -133.921 0.000296486 1.00002 0.00345892 -7.85513 0.636636 -0.00285495 0.771214 120.372
0.779014 0.0026678 -0.627059 -134.441 0.000466712 1.00001 0.00483089 -7.85684 0.627067 -0.004054 0.779002 121.019
0.786475 0.0039752 -0.617678 -134.962 -0.00050752 1 0.00578624 -7.84917 0.617693 -0.00423587 0.786463 121.68
0.794737 0.00444834 -0.606998 -135.489 -0.00115377 1 0.00581456 -7.84342 0.607014 -0.0039187 0.794728 122.357
0.801934 0.00564729 -0.597458 -135.999 -0.00223694 0.999999 0.00644646 -7.84711 0.597482 -0.00383176 0.801928 123.027
0.809639 0.00645868 -0.586956 -136.51 -0.00284731 0.999993 0.0070727 -7.83943 0.586986 -0.00405306 0.809633 123.718
0.816327 0.00664756 -0.577627 -137.026 -0.00291715 0.99999 0.00738239 -7.84607 0.577659 -0.00434 0.81632 124.419
0.822221 0.00593579 -0.569204 -137.518 -0.00245228 0.999995 0.00688227 -7.84947 0.569232 -0.00426088 0.822213 125.12
0.828202 0.00562535 -0.560479 -138.028 -0.00216199 0.999996 0.00683878 -7.84785 0.560505 -0.00445079 0.828193 125.857
0.832116 0.005809 -0.55464 -138.538 -0.00246973 0.999996 0.0067646 -7.84803 0.554666 -0.00425711 0.832108 126.576
0.835863 0.00847095 -0.548954 -139.027 -0.0035156 0.999965 0.0100744 -7.83698 0.549011 -0.0064894 0.835843 127.315
0.839863 0.0119783 -0.542737 -139.534 -0.0057247 0.999918 0.0132057 -7.82789 0.54284 -0.00798183 0.839844 128.087
0.843494 0.0142667 -0.537032 -140.028 -0.00684723 0.999874 0.0158048 -7.81764 0.53718 -0.00965249 0.843465 128.844
0.847548 0.0166708 -0.53053 -140.519 -0.0087405 0.999831 0.0174502 -7.80763 0.530722 -0.0101506 0.847531 129.623
0.851141 0.0188813 -0.524683 -141.013 -0.010105 0.999779 0.0195828 -7.78009 0.524928 -0.0113641 0.851123 130.411
0.854979 0.0200424 -0.51835 -141.513 -0.010303 0.999734 0.0216574 -7.77511 0.518637 -0.0131737 0.854938 131.234
0.859463 0.0202411 -0.510886 -142.014 -0.00974013 0.999705 0.023219 -7.76589 0.511196 -0.014978 0.859386 132.067
0.863458 0.0208715 -0.504064 -142.502 -0.00987578 0.999673 0.0244716 -7.74126 0.504401 -0.0161498 0.863362 132.895
0.867823 0.0197904 -0.496571 -142.99 -0.00910666 0.999694 0.0239238 -7.70735 0.496884 -0.0162378 0.867717 133.751
0.872731 0.0190335 -0.48791 -143.486 -0.00835821 0.999697 0.0240438 -7.69353 0.488212 -0.0169033 0.872605 134.623
0.877554 0.0186157 -0.479212 -143.964 -0.00824485 0.999706 0.0237334 -7.66712 0.479505 -0.0168746 0.877428 135.49
0.883368 0.0183074 -0.468408 -144.441 -0.0086869 0.999726 0.0226865 -7.64795 0.468687 -0.015969 0.883264 136.375
0.889623 0.0192883 -0.456387 -144.923 -0.0104769 0.999729 0.0218259 -7.63784 0.456677 -0.0146336 0.889563 137.278
0.897029 0.0228491 -0.441472 -145.41 -0.0143471 0.999664 0.0225825 -7.60755 0.441833 -0.0139208 0.897034 138.212
0.905838 0.0259382 -0.422937 -145.876 -0.0170247 0.99957 0.0248353 -7.5925 0.423392 -0.0152948 0.905868 139.164
0.913657 0.0294759 -0.405516 -146.345 -0.0209874 0.99948 0.0253583 -7.55965 0.406046 -0.0146555 0.913779 140.12
0.922591 0.0311213 -0.384645 -146.773 -0.0228574 0.999424 0.0260336 -7.53731 0.385226 -0.0152249 0.922748 141.111
0.930118 0.0321578 -0.365962 -147.185 -0.0237346 0.999362 0.0274869 -7.50883 0.366607 -0.0168775 0.930266 142.113
0.938023 0.0335781 -0.345079 -147.579 -0.0247488 0.999269 0.0299552 -7.49076 0.345826 -0.0195566 0.938146 143.142
0.945904 0.0354032 -0.322634 -147.957 -0.0261873 0.999139 0.0328539 -7.45248 0.323514 -0.022625 0.945995 144.195
0.952676 0.0378247 -0.301782 -148.317 -0.0280363 0.998958 0.0366955 -7.42942 0.30285 -0.0264961 0.95272 145.261
0.959245 0.0404551 -0.279811 -148.67 -0.0307505 0.998789 0.0389782 -7.38311 0.281045 -0.0287824 0.959304 146.361
0.965084 0.0419275 -0.258747 -148.982 -0.0328323 0.998711 0.0393661 -7.34542 0.26006 -0.0294943 0.965191 147.457
0.970485 0.0415141 -0.237732 -149.27 -0.0335961 0.998763 0.0372522 -7.31316 0.238982 -0.0281629 0.970657 148.582
0.975508 0.0419267 -0.216154 -149.536 -0.0347441 0.99874 0.0369139 -7.27336 0.217426 -0.0284975 0.97571 149.726
0.979254 0.0422614 -0.198388 -149.783 -0.0351746 0.998638 0.0390988 -7.24951 0.199768 -0.0313065 0.979384 150.885
0.982942 0.0425516 -0.179195 -150.002 -0.0358128 0.998556 0.0406626 -7.20499 0.180664 -0.033549 0.983022 152.058
0.986552 0.0432422 -0.157888 -150.208 -0.037122 0.998471 0.0414919 -7.15856 0.15944 -0.0350697 0.986626 153.25
0.989272 0.0447116 -0.139424 -150.396 -0.0391624 0.998364 0.0422782 -7.11754 0.141085 -0.0363618 0.989378 154.447
0.991943 0.0451736 -0.11871 -150.559 -0.0403307 0.998289 0.042864 -7.05616 0.120443 -0.0377279 0.992044 155.68
0.993782 0.0470019 -0.101414 -150.706 -0.0429358 0.998225 0.0418881 -7.01084 0.103203 -0.0372705 0.994011 156.896
0.995527 0.048093 -0.0818432 -150.83 -0.0448541 0.998177 0.0409295 -6.95478 0.0836632 -0.0370723 0.995845 158.133
0.996989 0.0483024 -0.0614684 -150.924 -0.0459192 0.998187 0.0395727 -6.91005 0.0632695 -0.0366283 0.997373 159.411
0.997785 0.0499117 -0.0449482 -151 -0.0482576 0.998169 0.0370951 -6.8706 0.0467189 -0.0348408 0.998342 160.654
0.998451 0.0502473 -0.0258745 -151.049 -0.049293 0.998154 0.0361895 -6.83118 0.0276471 -0.0348555 0.99906 161.935
0.998769 0.050123 -0.00606946 -151.077 -0.0498786 0.998168 0.0349105 -6.7793 0.0078106 -0.0345617 0.999414 163.22
0.998692 0.0509138 0.0110664 -151.08 -0.0512172 0.998281 0.0294005 -6.74213 -0.00954748 -0.0299265 0.999557 164.517
0.99822 0.0517732 0.0311002 -151.054 -0.0525335 0.998348 0.0242575 -6.7246 -0.0297895 -0.0258454 0.999264 165.854
0.997539 0.0533337 0.0466225 -151.014 -0.0542638 0.998372 0.018976 -6.7002 -0.0455302 -0.0214571 0.998783 167.164
0.996457 0.0549468 0.0643829 -150.948 -0.0560087 0.998344 0.0148585 -6.69081 -0.0634552 -0.0184093 0.997857 168.506
0.9948 0.0577349 0.08452 -150.843 -0.0589017 0.998225 0.0114102 -6.6898 -0.0837052 -0.0163274 0.996407 169.882
0.993413 0.056814 0.099967 -150.739 -0.0582482 0.99826 0.0115217 -6.68793 -0.0991326 -0.0172663 0.994967 171.202
0.99157 0.0556113 0.11749 -150.596 -0.0573389 0.998317 0.0113976 -6.68232 -0.116651 -0.0180363 0.993061 172.566
0.989215 0.0536928 0.136614 -150.406 -0.0554253 0.998448 0.00893314 -6.70928 -0.135915 -0.0164063 0.990628 173.979
0.987009 0.0543069 0.151568 -150.226 -0.0553739 0.99849 0.00284256 -6.71592 -0.151176 -0.011197 0.988496 175.322
0.983908 0.0557949 0.170013 -150 -0.0570682 0.998392 0.00262925 -6.70522 -0.169585 -0.012287 0.985482 176.748
0.980934 0.0547644 0.186768 -149.771 -0.0563437 0.998434 0.00316792 -6.72768 -0.186292 -0.0136289 0.982454 178.104
0.977092 0.0578653 0.205029 -149.508 -0.0590732 0.998279 -0.000211121 -6.71738 -0.204679 -0.0119035 0.978802 179.51
0.972933 0.0581651 0.2239 -149.2 -0.058795 0.99829 -0.00384682 -6.73309 -0.22373 -0.00941999 0.97466 180.928
0.969049 0.0593168 0.239834 -148.883 -0.059448 0.998235 -0.00667769 -6.7548 -0.239796 -0.0077848 0.970838 182.309
0.964516 0.0592092 0.257522 -148.515 -0.0582184 0.998265 -0.011468 -6.77842 -0.257743 -0.00393016 0.966261 183.714
0.958862 0.0620003 0.277192 -148.137 -0.059638 0.998102 -0.0169397 -6.81563 -0.277705 -0.000286766 0.960714 185.13
0.952652 0.0646113 0.297315 -147.733 -0.061295 0.997937 -0.0204659 -6.8442 -0.298012 0.00127405 0.954618 186.539
0.94414 0.0668985 0.322834 -147.283 -0.0629581 0.997786 -0.0226327 -6.88328 -0.323621 0.00104487 0.946235 187.962
0.935092 0.0711478 0.347357 -146.804 -0.0674014 0.997492 -0.0228652 -6.93921 -0.348098 -0.00202997 0.937514 189.339
0.924618 0.0753173 0.373507 -146.279 -0.0703385 0.997187 -0.0269517 -6.98312 -0.374472 -0.00135029 0.927287 190.735
0.913219 0.0758486 0.400495 -145.719 -0.070084 0.997147 -0.0290385 -7.03724 -0.401539 -0.00154824 0.915901 192.128
0.901904 0.0761807 0.425283 -145.121 -0.0696095 0.99712 -0.030986 -7.09999 -0.426403 -0.00165576 0.904583 193.479
0.889106 0.076849 0.451338 -144.475 -0.0691899 0.99707 -0.0334706 -7.16394 -0.45257 -0.00146758 0.89179 194.84
0.877053 0.0778979 0.474141 -143.791 -0.0676889 0.996988 -0.0385833 -7.23211 -0.4757 0.00174707 0.879659 196.186
0.863738 0.0802598 0.49763 -143.054 -0.0672726 0.996792 -0.044001 -7.29819 -0.499546 0.00452971 0.86634 197.525
0.850281 0.0816665 0.520052 -142.289 -0.0667 0.996672 -0.0474539 -7.37857 -0.522177 0.00566314 0.852873 198.851
0.837864 0.0823375 0.539746 -141.482 -0.0655427 0.99661 -0.0502873 -7.47225 -0.542037 0.00675872 0.840394 200.148
0.824801 0.0831541 0.559365 -140.642 -0.0649181 0.996541 -0.0524155 -7.54796 -0.561769 0.00692071 0.827322 201.42
0.811466 0.0837327 0.578475 -139.787 -0.0641078 0.996492 -0.0543111 -7.6341 -0.580973 0.00698807 0.813962 202.672
0.799881 0.084177 0.594311 -138.891 -0.0624202 0.996442 -0.0571186 -7.72283 -0.596984 0.00859222 0.802265 203.909
0.78652 0.0843117 0.611882 -137.978 -0.0611297 0.996429 -0.0587218 -7.81495 -0.614626 0.00878299 0.788842 205.132
0.774375 0.0864894 0.626868 -137.028 -0.0602369 0.99622 -0.0630339 -7.92441 -0.629928 0.0110524 0.776635 206.342
0.761619 0.0866398 0.642304 -136.062 -0.058908 0.996204 -0.0645261 -8.01836 -0.645433 0.0113087 0.763809 207.523
0.747448 0.0873012 0.658637 -135.073 -0.058524 0.996155 -0.0656194 -8.13903 -0.66181 0.010502 0.749661 208.695
0.734016 0.0884192 0.673445 -134.059 -0.0593163 0.996075 -0.0661273 -8.25318 -0.676624 0.0085936 0.736357 209.851
0.719421 0.0902251 0.688764 -133.03 -0.0623393 0.995942 -0.0653463 -8.36609 -0.69184 0.00407551 0.722104 210.988
0.703901 0.0915208 0.704467 -131.956 -0.0646617 0.995832 -0.0647637 -8.48863 -0.707433 3.69134e-05 0.706863 212.094
0.688802 0.0936434 0.718949 -130.903 -0.0679837 0.995626 -0.0645438 -8.61564 -0.721823 -0.00441766 0.692134 213.155
0.673131 0.0955796 0.733406 -129.829 -0.0688205 0.995435 -0.0665634 -8.74498 -0.736394 -0.00566552 0.676615 214.193
0.657857 0.0983892 0.746758 -128.728 -0.0708031 0.995148 -0.0687381 -8.86834 -0.749872 -0.00765148 0.661612 215.191
0.641186 0.098904 0.761068 -127.64 -0.0719367 0.99507 -0.068708 -8.99054 -0.764083 -0.0106919 0.64512 216.152
0.62197 0.0983614 0.776906 -126.524 -0.0726051 0.99508 -0.0678543 -9.11437 -0.77973 -0.0142025 0.626032 217.097
0.603543 0.0969314 0.791497 -125.397 -0.0730364 0.995161 -0.0661804 -9.23893 -0.794053 -0.0178628 0.607684 218.003
0.58422 0.0946437 0.806124 -124.247 -0.0734398 0.995298 -0.0636266 -9.3617 -0.808326 -0.022028 0.588406 218.884
0.563961 0.0927865 0.82065 -123.102 -0.0719489 0.99544 -0.0631046 -9.47522 -0.822734 -0.0234535 0.568048 219.725
0.545069 0.092179 0.833372 -121.945 -0.071821 0.995448 -0.0631283 -9.58911 -0.835368 -0.0254426 0.549191 220.516
0.525709 0.0904821 0.845914 -120.777 -0.0699616 0.995588 -0.0630125 -9.69856 -0.847852 -0.0260522 0.529704 221.291
0.505685 0.0890333 0.858174 -119.606 -0.067551 0.995724 -0.0634959 -9.80345 -0.860127 -0.0258598 0.509521 222.026
0.487158 0.088117 0.868931 -118.431 -0.0648845 0.99583 -0.0646083 -9.91622 -0.870968 -0.0249027 0.49083 222.705
0.467216 0.0855104 0.880059 -117.252 -0.0627836 0.996039 -0.0634453 -10.0241 -0.881967 -0.0256088 0.470721 223.354
0.448216 0.0857198 0.889879 -116.066 -0.0626495 0.995987 -0.0643851 -10.1208 -0.891794 -0.0268887 0.451774 223.977
0.429693 0.0885183 0.898686 -114.89 -0.0625575 0.995742 -0.0681642 -10.2396 -0.90086 -0.0269281 0.433389 224.588
0.410807 0.0962133 0.906703 -113.724 -0.0634824 0.995052 -0.0768256 -10.3292 -0.909575 -0.0259959 0.414871 225.148
0.393119 0.103356 0.913719 -112.554 -0.0662603 0.994295 -0.0839592 -10.4268 -0.917151 -0.0275355 0.397713 225.681
0.374418 0.106637 0.921179 -111.385 -0.0690829 0.993844 -0.0869697 -10.5463 -0.924748 -0.0310711 0.37947 226.19
0.35372 0.107877 0.929168 -110.225 -0.0715673 0.993568 -0.0881065 -10.6658 -0.932662 -0.035331 0.359155 226.669
0.335371 0.108175 0.935926 -109.045 -0.0737931 0.993381 -0.0883731 -10.7996 -0.939256 -0.0394231 0.341125 227.128
0.315788 0.108194 0.942698 -107.883 -0.0749948 0.993247 -0.0888704 -10.9269 -0.945913 -0.0426311 0.321761 227.556
0.299134 0.108996 0.948035 -106.726 -0.0747965 0.993108 -0.0905775 -11.0452 -0.951339 -0.0438107 0.305217 227.95
0.280419 0.109358 0.953684 -105.58 -0.0741491 0.993019 -0.0920622 -11.1696 -0.957061 -0.0448968 0.286563 228.329
0.260838 0.109795 0.959188 -104.406 -0.0731635 0.992934 -0.0937611 -11.3116 -0.96267 -0.045717 0.267021 228.679
0.245306 0.113476 0.962838 -103.256 -0.0765191 0.992325 -0.0974531 -11.4286 -0.966473 -0.0497674 0.252101 228.997
0.224899 0.115126 0.967626 -102.112 -0.0767874 0.992033 -0.100182 -11.5579 -0.971415 -0.0517662 0.231942 229.298
0.207237 0.112203 0.971891 -100.96 -0.0758066 0.992287 -0.0983903 -11.6854 -0.975401 -0.0532832 0.21414 229.576
0.193113 0.111466 0.974893 -99.816 -0.0745898 0.992351 -0.0986861 -11.8186 -0.9784 -0.0536551 0.199945 229.823
0.178625 0.107532 0.978079 -98.6508 -0.0736633 0.992713 -0.0956846 -11.9318 -0.981208 -0.0549545 0.185241 230.048
0.167785 0.104916 0.980293 -97.5295 -0.0728997 0.992951 -0.0937927 -12.0492 -0.983187 -0.0557214 0.174247 230.275
0.156915 0.105651 0.982 -96.4079 -0.0732533 0.992799 -0.0951044 -12.1696 -0.984944 -0.057009 0.163521 230.474
0.146828 0.109715 0.983126 -95.3063 -0.075162 0.992226 -0.0995046 -12.2881 -0.986365 -0.0592789 0.153929 230.647
0.141313 0.111148 0.983761 -94.224 -0.0767119 0.991952 -0.10105 -12.4105 -0.987041 -0.0611839 0.1487 230.826
0.135545 0.115566 0.984075 -93.1554 -0.0774217 0.991405 -0.105763 -12.5468 -0.987805 -0.0618484 0.143325 230.987
0.12941 0.123355 0.983945 -92.0973 -0.0787482 0.99041 -0.113805 -12.687 -0.988512 -0.0627536 0.137881 231.146
0.125832 0.126736 0.983989 -91.0495 -0.0817751 0.989789 -0.117025 -12.8355 -0.988739 -0.0657355 0.134907 231.308
0.119672 0.121817 0.985369 -89.9813 -0.0815191 0.990332 -0.112526 -12.9814 -0.989514 -0.0668573 0.128443 231.466
0.117545 0.113062 0.986676 -88.9338 -0.0805501 0.991342 -0.103999 -13.1108 -0.989859 -0.0672472 0.125632 231.626
0.114461 0.111145 0.987248 -87.8758 -0.0803129 0.991538 -0.102313 -13.2322 -0.990229 -0.0675747 0.122417 231.772
0.112886 0.112538 0.98728 -86.8292 -0.0806039 0.99136 -0.103787 -13.356 -0.990397 -0.0678576 0.120978 231.909
0.11233 0.115627 0.986978 -85.825 -0.082415 0.990903 -0.106704 -13.4783 -0.990301 -0.0693525 0.120836 232.068
0.112803 0.117826 0.986673 -84.8155 -0.0816585 0.990717 -0.108973 -13.6109 -0.99032 -0.0682727 0.121375 232.228
0.113223 0.118198 0.986572 -83.7993 -0.0824683 0.990624 -0.109216 -13.724 -0.990195 -0.0689919 0.121907 232.374
0.116373 0.119748 0.986027 -82.7901 -0.0840166 0.990367 -0.110359 -13.8471 -0.98971 -0.0699946 0.12531 232.528
0.118685 0.120893 0.985603 -81.7883 -0.0845616 0.990219 -0.111273 -13.9568 -0.989379 -0.0701345 0.127745 232.693
0.124294 0.121007 0.984906 -80.8007 -0.0864723 0.990114 -0.110734 -14.075 -0.988536 -0.0713981 0.133526 232.831
0.130504 0.118844 0.984358 -79.7958 -0.0851891 0.990496 -0.108287 -14.1937 -0.987836 -0.0697213 0.139385 232.972
0.136303 0.117323 0.983763 -78.8098 -0.0840368 0.990786 -0.106517 -14.3182 -0.987162 -0.0681485 0.144903 233.126
0.143899 0.116505 0.982769 -77.8306 -0.0833557 0.990978 -0.105269 -14.4307 -0.986131 -0.066768 0.152309 233.274
0.150951 0.116894 0.981673 -76.8618 -0.0839289 0.990948 -0.105092 -14.5367 -0.985038 -0.0665216 0.159391 233.432
0.156849 0.116428 0.980797 -75.9004 -0.0847902 0.990983 -0.104074 -14.6381 -0.984034 -0.0668344 0.165303 233.599
0.164146 0.115832 0.979682 -74.9401 -0.0859183 0.991022 -0.102777 -14.7331 -0.982755 -0.0672967 0.172619 233.77
0.168581 0.114542 0.979071 -74.0217 -0.0839924 0.991317 -0.101509 -14.8552 -0.98216 -0.0651184 0.176734 233.942
0.172022 0.113959 0.97855 -73.1075 -0.0825141 0.991497 -0.100961 -14.9515 -0.9817 -0.0633712 0.179957 234.124
0.1793 0.115323 0.977073 -72.1399 -0.0853947 0.991217 -0.101318 -15.0389 -0.980139 -0.0652669 0.187568 234.335
0.185084 0.116601 0.975852 -71.2084 -0.0858557 0.991093 -0.102138 -15.1465 -0.979034 -0.064873 0.19344 234.529
0.191722 0.117907 0.974403 -70.2497 -0.0870546 0.990922 -0.102774 -15.2523 -0.977639 -0.0651186 0.20024 234.729
0.198183 0.118483 0.973049 -69.3101 -0.0882704 0.990826 -0.10267 -15.3588 -0.976252 -0.0655385 0.206817 234.939
0.20274 0.11976 0.971944 -68.3574 -0.0921323 0.990458 -0.10282 -15.4612 -0.974948 -0.0686979 0.211834 235.152
0.209957 0.119123 0.970498 -67.4273 -0.0929421 0.990522 -0.101474 -15.5643 -0.973353 -0.0688893 0.219032 235.375
0.214538 0.116901 0.969757 -66.4589 -0.0949481 0.99064 -0.0984096 -15.6619 -0.972148 -0.0709601 0.223624 235.632
0.220097 0.1163 0.968593 -65.5329 -0.0955705 0.990698 -0.0972365 -15.7631 -0.970855 -0.0711616 0.229157 235.859
0.22814 0.114068 0.966986 -64.5993 -0.095611 0.990973 -0.094337 -15.8895 -0.968982 -0.0709287 0.23698 236.086
0.234248 0.115144 0.965407 -63.6771 -0.0974461 0.990777 -0.0945251 -15.9825 -0.967352 -0.0719269 0.2433 236.322
0.242137 0.11489 0.96348 -62.7658 -0.0973538 0.990865 -0.0936865 -16.0711 -0.965406 -0.0711097 0.251103 236.563
0.250251 0.115405 0.961352 -61.8464 -0.0971854 0.990887 -0.0936516 -16.178 -0.963362 -0.0699872 0.259177 236.797
0.258442 0.117183 0.958957 -60.9479 -0.0969987 0.990782 -0.0949273 -16.2628 -0.961205 -0.0684805 0.267419 237.058
0.268932 0.117482 0.956042 -60.0416 -0.0977354 0.990775 -0.0942568 -16.3602 -0.95826 -0.0680847 0.277924 237.328
0.2757 0.116108 0.95427 -59.1783 -0.0989933 0.990866 -0.0919574 -16.4457 -0.956194 -0.0691101 0.284667 237.603
