1 0 0 0 0 1 0 0 0 0 1 0
0.999881 0.00102963 0.0154039 0.00388009 -0.00102365 1 -0.000380707 -0.0106365 -0.0154043 0.00036478 0.999881 0.115904
0.999336 0.00322087 0.0362961 0.0132998 -0.0032332 0.999995 0.000281672 -0.000908959 -0.036295 -0.000398782 0.999342 0.269953
0.997983 0.00463214 0.0633276 0.029548 -0.00475007 0.999987 0.00171602 -0.00547203 -0.0633189 -0.00201351 0.997991 0.424157
0.995331 0.00413164 0.0964364 0.0690917 -0.0045 0.999984 0.00360295 -0.00989631 -0.0964198 -0.00402009 0.995334 0.616805
0.990996 0.00120008 0.133888 0.122181 -0.00197589 0.999982 0.00566361 -0.000345855 -0.133879 -0.0058773 0.990981 0.817733
0.984805 -0.00112994 0.173663 0.184287 -4.2254e-05 0.999978 0.00674637 -0.00741085 -0.173666 -0.0066512 0.984783 1.00872
0.97617 -0.00111286 0.217013 0.255237 -0.000586941 0.99997 0.00776898 -0.00420281 -0.217015 -0.00771128 0.976139 1.22991
0.964347 -0.000785955 0.264643 0.331745 -0.0021579 0.999939 0.0108331 0.0166674 -0.264635 -0.011018 0.964287 1.44116
0.950128 -0.00447824 0.311833 0.443554 -0.000984466 0.999849 0.0173589 0.0266951 -0.311863 -0.0168002 0.94998 1.68893
0.93337 -0.0135249 0.358666 0.571949 0.00465725 0.999663 0.0255766 0.0116914 -0.35889 -0.0222021 0.933118 1.89919
0.912355 -0.0189795 0.408965 0.717726 0.00702175 0.999505 0.0307211 0.0174969 -0.409345 -0.0251569 0.912035 2.13203
0.887472 -0.0204893 0.460411 0.879895 0.00504719 0.999384 0.0347461 0.0280302 -0.460839 -0.0285124 0.887028 2.3881
0.859299 -0.0225815 0.510978 1.0509 0.00315349 0.999241 0.0388559 0.0455949 -0.511467 -0.0317775 0.858717 2.61457
0.827527 -0.0275171 0.560756 1.25828 0.00386127 0.999055 0.0433271 0.0511723 -0.561418 -0.033689 0.82685 2.85613
0.791271 -0.0336003 0.610544 1.47019 0.00544995 0.998838 0.0479064 0.0632424 -0.611444 -0.0345796 0.790534 3.08617
0.753746 -0.0370394 0.656125 1.72406 0.00524363 0.99872 0.0503559 0.0800203 -0.657149 -0.0345151 0.752974 3.30764
0.71415 -0.0404382 0.698828 1.99869 0.00559447 0.998629 0.0520695 0.084298 -0.699974 -0.0332758 0.713397 3.54694
0.672508 -0.0417166 0.738918 2.28735 0.0035652 0.998583 0.0531318 0.105738 -0.740086 -0.0330972 0.671703 3.76406
0.63024 -0.0420094 0.775267 2.616 -0.000688823 0.998506 0.054666 0.140115 -0.776404 -0.0349867 0.629269 4.00022
0.588655 -0.0427815 0.807257 2.94981 -0.00363079 0.99845 0.0555619 0.158547 -0.808381 -0.0356377 0.587586 4.22495
0.548645 -0.0441225 0.834894 3.32579 -0.00566443 0.998389 0.0564852 0.18272 -0.836039 -0.0357196 0.547511 4.44675
0.510207 -0.0451133 0.858873 3.71958 -0.00814964 0.998327 0.0572798 0.210461 -0.860018 -0.036224 0.508985 4.65395
0.473582 -0.0451161 0.879597 4.13885 -0.0111961 0.9983 0.0572326 0.239949 -0.880682 -0.0369524 0.472272 4.88184
0.43766 -0.0448978 0.898024 4.59181 -0.0121849 0.998367 0.0558533 0.277322 -0.899063 -0.0353872 0.436397 5.07367
0.404 -0.0447027 0.91367 5.08261 -0.0113465 0.998486 0.0538694 0.291023 -0.914693 -0.0321302 0.40288 5.27315
0.374458 -0.0436533 0.926221 5.59791 -0.00956931 0.998659 0.0509363 0.318689 -0.927199 -0.0279369 0.373538 5.4704
0.349306 -0.041893 0.936076 6.14368 -0.00930642 0.998799 0.0481728 0.348588 -0.936967 -0.0255385 0.348496 5.6603
0.328894 -0.0414477 0.943462 6.71587 -0.008594 0.998866 0.0468777 0.380744 -0.944332 -0.0235261 0.328165 5.84784
0.314375 -0.0415458 0.948394 7.30227 -0.00898457 0.998869 0.0467352 0.414528 -0.949261 -0.0232131 0.313646 6.03342
0.302823 -0.0420803 0.952123 7.9276 -0.00851696 0.998868 0.0468552 0.434102 -0.953013 -0.0222982 0.302122 6.21531
0.292517 -0.0431876 0.95529 8.57347 -0.00994609 0.998791 0.0482 0.469771 -0.956214 -0.0236005 0.291733 6.41109
0.281937 -0.0447812 0.958393 9.24158 -0.0107331 0.998704 0.0498224 0.502702 -0.959378 -0.0243334 0.281091 6.61279
0.271417 -0.046154 0.961359 9.93547 -0.0114747 0.998626 0.0511827 0.53937 -0.962399 -0.0249229 0.270514 6.81505
0.261784 -0.0476402 0.963956 10.6533 -0.0123284 0.998537 0.0526975 0.562378 -0.965053 -0.0256795 0.260814 7.02545
0.251698 -0.0490632 0.966567 11.4013 -0.0121241 0.998478 0.0538402 0.602338 -0.967736 -0.02527 0.25072 7.2151
0.241962 -0.0500182 0.969002 12.1613 -0.0128356 0.998421 0.0547419 0.629383 -0.970206 -0.0256834 0.240938 7.40736
0.232425 -0.0521173 0.971223 12.9192 -0.0135821 0.998295 0.0568205 0.67048 -0.972526 -0.0263974 0.231321 7.58783
0.222074 -0.0542449 0.973527 13.7065 -0.0150049 0.998146 0.0590397 0.704049 -0.97492 -0.027719 0.220848 7.78492
0.209491 -0.0581419 0.976086 14.5046 -0.0153961 0.997913 0.0627463 0.733606 -0.977697 -0.0281722 0.208158 7.95856
0.196787 -0.0605661 0.978581 15.3032 -0.0161584 0.997758 0.0650027 0.765693 -0.980319 -0.0286043 0.195367 8.11783
0.182664 -0.0616881 0.981243 16.114 -0.0166188 0.997696 0.0658159 0.806116 -0.983042 -0.0283289 0.181218 8.26081
0.168747 -0.0610918 0.983772 16.9129 -0.0181377 0.997719 0.0650694 0.849572 -0.985499 -0.0288237 0.167254 8.40342
0.152249 -0.0609013 0.98647 17.7183 -0.0191379 0.997734 0.0645504 0.885095 -0.988165 -0.0287061 0.150738 8.52997
0.131538 -0.0598226 0.989512 18.5368 -0.0218349 0.997765 0.0632242 0.928695 -0.991077 -0.0299225 0.129938 8.6485
0.106713 -0.0585152 0.992572 19.349 -0.0263603 0.997752 0.0616547 0.97343 -0.993949 -0.0327433 0.104931 8.74548
0.0766053 -0.0591635 0.995312 20.1755 -0.029575 0.997668 0.06158 1.02454 -0.996629 -0.0341538 0.074677 8.80884
0.0421224 -0.0586705 0.997394 21.0263 -0.0322534 0.997677 0.0600493 1.06535 -0.998601 -0.0346982 0.0401328 8.85823
0.00873999 -0.059104 0.998221 21.8666 -0.034325 0.997649 0.0593709 1.09826 -0.999379 -0.034783 0.00669079 8.8644
-0.0262619 -0.0595647 0.997885 22.7194 -0.0361502 0.99763 0.058598 1.13809 -0.999011 -0.0345342 -0.028352 8.84753
-0.0577723 -0.058153 0.996642 23.5439 -0.0390731 0.997672 0.0559482 1.16315 -0.997572 -0.0357098 -0.0599099 8.80022
-0.0905131 -0.0561971 0.994315 24.4008 -0.0417663 0.997746 0.052589 1.22023 -0.995029 -0.0367681 -0.092655 8.72082
-0.124367 -0.0531623 0.990818 25.2419 -0.0386299 0.99807 0.0487025 1.24909 -0.991493 -0.0322184 -0.12618 8.6274
-0.155117 -0.050196 0.986627 26.0922 -0.0367834 0.998313 0.0450077 1.28591 -0.987222 -0.0293092 -0.156701 8.4915
-0.186973 -0.0452031 0.981331 26.9281 -0.0318549 0.998698 0.0399335 1.31609 -0.981857 -0.0237938 -0.188169 8.32417
-0.214521 -0.040464 0.975887 27.7569 -0.0270533 0.999008 0.035476 1.33791 -0.976356 -0.0187898 -0.215402 8.14827
-0.242839 -0.0347235 0.969451 28.5717 -0.0189164 0.999343 0.0310554 1.36052 -0.969891 -0.0107973 -0.243335 7.92828
-0.27093 -0.0264122 0.962243 29.3859 -0.0131974 0.999636 0.023723 1.3685 -0.962521 -0.00627092 -0.271179 7.69748
-0.295837 -0.0136512 0.955147 30.171 -0.0108746 0.999886 0.010922 1.36935 -0.955186 -0.00715584 -0.295951 7.43092
-0.320665 0.00282829 0.947196 30.9497 -0.0102799 0.999931 -0.00646564 1.37328 -0.947149 -0.0118095 -0.320612 7.17183
-0.347889 0.016773 0.937393 31.7113 -0.0110381 0.999703 -0.021985 1.36864 -0.937481 -0.0179954 -0.347599 6.87785
-0.372076 0.0254361 0.927862 32.4668 -0.00835793 0.999498 -0.0307511 1.34499 -0.928179 -0.0191957 -0.371674 6.57033
-0.397139 0.0291131 0.917305 33.222 -0.00503843 0.999419 -0.033901 1.3077 -0.917757 -0.0180853 -0.39676 6.24094
-0.419342 0.0276908 0.907416 33.9555 -0.00308464 0.999491 -0.0319258 1.28157 -0.907838 -0.0161859 -0.419041 5.90195
-0.439694 0.0233884 0.897852 34.6952 -0.000218193 0.999665 -0.0261482 1.24743 -0.898161 -0.0116932 -0.439539 5.53871
-0.45877 0.0210991 0.888316 35.4259 0.00620233 0.999777 -0.0205432 1.20983 -0.88855 -0.00391401 -0.458796 5.15495
-0.471578 0.0213696 0.881575 36.1361 0.00860287 0.999777 -0.0196341 1.17811 -0.881796 -0.00167506 -0.471655 4.77441
-0.481012 0.0232544 0.876417 36.8414 0.0122284 0.999736 -0.0198151 1.18296 -0.876646 0.00118679 -0.481167 4.37679
-0.491295 0.0251787 0.870639 37.5383 0.0133619 0.99969 -0.0213719 1.16104 -0.870904 0.00113335 -0.491478 3.98657
-0.50086 0.023993 0.865209 38.2083 0.00804504 0.999709 -0.0230657 1.1396 -0.865509 -0.00459122 -0.500904 3.60482
-0.513016 0.0232261 0.858076 38.8981 0.008769 0.999731 -0.0218188 1.13344 -0.858348 -0.00366909 -0.51308 3.196
-0.520791 0.0239863 0.853361 39.5882 0.0101891 0.999716 -0.021882 1.10631 -0.853643 -0.00270004 -0.520884 2.78254
-0.528139 0.0261168 0.848768 40.2716 0.0124808 0.999666 -0.022995 1.0679 -0.84908 -0.00155138 -0.528287 2.34979
-0.533248 0.0286718 0.845488 40.9523 0.0134741 0.999595 -0.0253999 1.05468 -0.845871 -0.00215137 -0.533415 1.9154
-0.531115 0.0297359 0.846789 41.6657 0.0129262 0.999561 -0.0269943 1.03337 -0.847215 -0.00339156 -0.531264 1.46955
-0.528109 0.0298395 0.848667 42.3937 0.0147268 0.999562 -0.0259809 1.0069 -0.84907 -0.00122165 -0.528313 1.01375
-0.5231 0.0288612 0.851795 43.1316 0.0138405 0.999592 -0.0253703 0.984377 -0.852173 -0.00148202 -0.523284 0.556377
-0.514692 0.0279961 0.856933 43.9183 0.0124208 0.999614 -0.0251973 0.96075 -0.857306 -0.00232421 -0.514837 0.0910812
-0.507994 0.0270109 0.86095 44.6925 0.0109829 0.99964 -0.0248827 0.925044 -0.861307 -0.00318449 -0.508105 -0.363053
-0.502022 0.0260725 0.864477 45.4934 0.00980698 0.999662 -0.0244545 0.894201 -0.864821 -0.00379792 -0.502104 -0.820221
-0.49663 0.0249919 0.867617 46.3089 0.00812893 0.999686 -0.0241442 0.864471 -0.867941 -0.00493792 -0.496675 -1.27372
-0.492575 0.0232808 0.869974 47.2256 0.00336596 0.999695 -0.0248463 0.83203 -0.870285 -0.00930946 -0.492498 -1.76566
-0.492138 0.0225358 0.87024 48.0757 0.0029472 0.999712 -0.0242229 0.80339 -0.87053 -0.00935591 -0.49206 -2.23719
-0.493082 0.0212132 0.869741 48.9408 0.00199522 0.999738 -0.0232524 0.774605 -0.870003 -0.0097292 -0.49299 -2.71445
-0.494507 0.0205702 0.868945 49.8007 0.00184264 0.999752 -0.0226189 0.746873 -0.86919 -0.00958369 -0.49442 -3.20217
-0.494173 0.0198932 0.869153 50.6846 0.00152107 0.999766 -0.0220176 0.714409 -0.869385 -0.00955761 -0.494083 -3.70479
-0.494216 0.0192831 0.86914 51.5734 0.00120339 0.999778 -0.0214979 0.685595 -0.869357 -0.00957843 -0.494127 -4.20108
-0.495145 0.0186936 0.868626 52.461 0.00213964 0.999802 -0.0202968 0.682177 -0.868832 -0.00819041 -0.495081 -4.75088
-0.494553 0.0177175 0.868983 53.3645 0.00115104 0.999815 -0.0197307 0.654717 -0.869167 -0.0087575 -0.494479 -5.25969
-0.496254 0.0168 0.868033 54.2372 0.00079727 0.999832 -0.018895 0.623054 -0.868203 -0.00868363 -0.496178 -5.7543
-0.495478 0.0170783 0.868472 55.1388 0.000311699 0.999821 -0.0194841 0.595683 -0.868644 -0.00938292 -0.49539 -6.25738
-0.494612 0.0157388 0.868992 56.031 -0.000243624 0.999846 -0.0182474 0.560266 -0.869143 -0.00923607 -0.494525 -6.75909
-0.493911 0.0141946 0.869419 56.8969 -0.000142464 0.999876 -0.0164062 0.533161 -0.869538 -0.00822678 -0.493844 -7.24666
-0.490037 0.0132702 0.871624 57.8044 -0.000569284 0.99989 -0.0155427 0.502449 -0.871732 -0.00811142 -0.489969 -7.74763
-0.488008 0.011614 0.872783 58.5821 -0.000889539 0.999915 -0.0138039 0.476479 -0.872863 -0.00751255 -0.487954 -8.14236
-0.487276 0.0118874 0.873191 59.4671 -0.000968598 0.999912 -0.0141523 0.4546 -0.87328 -0.0077404 -0.487215 -8.63335
-0.486233 0.0120878 0.873769 60.3559 -0.00147828 0.999903 -0.0146561 0.4275 -0.873855 -0.00841779 -0.486164 -9.11714
-0.488297 0.0123586 0.872616 61.2111 -0.00202446 0.999894 -0.0152932 0.403157 -0.872709 -0.0092326 -0.488214 -9.60188
-0.490491 0.0124914 0.871381 62.0884 -0.0027105 0.999883 -0.0158597 0.367537 -0.871471 -0.010141 -0.490395 -10.0932
-0.494852 0.0122716 0.868917 62.9574 -0.00417297 0.999868 -0.0164965 0.34548 -0.869002 -0.0117876 -0.494729 -10.5748
-0.501221 0.0112352 0.865272 63.8141 -0.0035026 0.999895 -0.0150125 0.304815 -0.865342 -0.0105555 -0.501125 -11.0636
-0.505968 0.00811578 0.862542 64.6878 -0.00155664 0.999959 -0.0103207 0.255803 -0.862587 -0.00656288 -0.505928 -11.5731
-0.512692 0.00666639 0.858573 65.54 -0.00315587 0.999964 -0.00964931 0.237237 -0.858599 -0.00765689 -0.512647 -12.0617
-0.517068 0.00831392 0.855932 66.4163 -0.00156001 0.999956 -0.010654 0.204204 -0.855979 -0.00684244 -0.517026 -12.5695
-0.52244 0.00912557 0.852654 67.2538 -0.00136406 0.999947 -0.0115383 0.181804 -0.852708 -0.00719125 -0.522395 -13.0796
-0.528432 0.00910396 0.848956 68.0457 -0.00373133 0.999923 -0.0130439 0.142113 -0.849005 -0.0100588 -0.52835 -13.5834
-0.531644 0.00892226 0.84695 68.8833 -0.00449153 0.999916 -0.0133535 0.11132 -0.846991 -0.0109036 -0.531554 -14.0953
-0.535162 0.00784441 0.844745 69.7064 -0.0046107 0.99993 -0.0122051 0.0867938 -0.844776 -0.0104246 -0.535081 -14.6104
-0.538451 0.00129883 0.842688 70.5182 -0.00307471 1.00001 -0.00350633 0.0524383 -0.842688 -0.00447922 -0.538444 -15.1244
-0.539601 -0.00547812 0.841936 71.363 -0.00265179 1 0.00480834 0.0473337 -0.841958 0.00036379 -0.539608 -15.6715
-0.541982 -0.00724925 0.840393 72.1642 -0.00203749 0.999989 0.00731155 0.0456884 -0.840425 0.0022502 -0.541985 -16.1896
-0.54277 -0.00403321 0.839906 72.9675 -0.00255699 1.00001 0.00315104 0.0263939 -0.839921 -0.000435552 -0.542776 -16.7064
-0.543598 0.00014179 0.83938 73.7587 -0.00298777 1.00001 -0.00210434 0.0115019 -0.839378 -0.00365207 -0.543599 -17.2157
-0.544921 0.00450833 0.83851 74.5353 0.00121796 1.00001 -0.00458378 -0.00929358 -0.83853 -0.00147473 -0.544921 -17.735
-0.544103 0.00498471 0.83904 75.3417 0.00368965 1.00001 -0.00354858 -0.0274822 -0.839051 0.00116466 -0.544118 -18.2678
-0.543778 0.00266344 0.839261 76.1421 0.0019713 1.00001 -0.00189495 -0.0409184 -0.839272 0.00062564 -0.543782 -18.7828
-0.54384 -0.0017403 0.839225 76.9349 -5.80438e-05 1.00002 0.00203572 -0.060087 -0.83923 0.00105814 -0.543843 -19.292
-0.542381 -0.00735096 0.840137 77.7437 -0.00276677 0.999991 0.00696478 -0.0882392 -0.840174 0.00145463 -0.542386 -19.8026
-0.542832 -0.0134454 0.839771 78.5301 -0.0111444 0.999918 0.00880522 -0.109744 -0.839809 -0.00457924 -0.542931 -20.297
-0.540089 -0.0171004 0.841471 79.348 -0.0176007 0.999823 0.00902292 -0.11344 -0.84147 -0.00993572 -0.540285 -20.79
-0.53721 -0.0160152 0.843333 80.1439 -0.0143953 0.999867 0.00981753 -0.132404 -0.843367 -0.0068661 -0.537363 -21.3254
-0.535642 -0.0132392 0.844379 80.9273 -0.0107046 0.999922 0.00888875 -0.151965 -0.844424 -0.00427605 -0.535732 -21.8296
-0.52987 -0.0113745 0.84804 81.7258 -0.00849727 0.999951 0.00810237 -0.151547 -0.848078 -0.00291311 -0.529933 -22.3248
-0.522269 -0.00960151 0.852764 82.5215 -0.00318663 0.999971 0.00930854 -0.154585 -0.85282 0.00214562 -0.522276 -22.8158
-0.516082 -0.00565199 0.856559 83.2984 0.00529202 0.999958 0.00978619 -0.155661 -0.856565 0.00958293 -0.516024 -23.3114
-0.50464 -0.00698399 0.863339 84.1093 0.00330968 0.999964 0.0100249 -0.173504 -0.86337 0.00791781 -0.50459 -23.7743
-0.49463 -0.00955426 0.869091 84.9188 0.00148779 0.999949 0.0118392 -0.169872 -0.869146 0.00714857 -0.494584 -24.2293
-0.482074 -0.0116794 0.876091 85.7487 0.00341917 0.999898 0.0152124 -0.171065 -0.87617 0.0103304 -0.481977 -24.6668
-0.470894 -0.0143529 0.882113 86.5858 0.000334465 0.999885 0.0164473 -0.195168 -0.882233 0.00803951 -0.470829 -25.1022
-0.459665 -0.0153642 0.887999 87.411 0.000353429 0.999868 0.0174837 -0.178262 -0.88814 0.00835186 -0.459591 -25.5323
-0.447067 -0.0154642 0.894406 88.2353 0.000357296 0.999868 0.017466 -0.173546 -0.894544 0.0081276 -0.446996 -25.9449
-0.435051 -0.0125258 0.900357 89.0555 0.000522157 0.999921 0.0141644 -0.168148 -0.900453 0.00663382 -0.435002 -26.3435
-0.424517 -0.00667873 0.905435 89.8831 0.00133306 0.999988 0.00800107 -0.164411 -0.905464 0.00460329 -0.424497 -26.7347
-0.411065 -0.00334998 0.911638 90.7076 0.000634617 1.00001 0.00396214 -0.169081 -0.911653 0.00220896 -0.411061 -27.0998
-0.399543 -0.00447971 0.916744 91.5556 0.000942041 1.00001 0.00529699 -0.171891 -0.916759 0.00297971 -0.399535 -27.466
-0.386736 -0.00708464 0.922203 92.3992 0.00054424 0.999992 0.00791167 -0.179841 -0.922239 0.00356333 -0.386721 -27.8206
-0.377331 -0.00656753 0.926096 93.2327 -0.00194693 1 0.00629829 -0.185488 -0.926122 0.000573312 -0.377338 -28.1524
-0.371161 -0.00324969 0.928603 94.0764 -0.00658991 1 0.000866789 -0.185558 -0.928595 -0.00579584 -0.371176 -28.4805
-0.364591 0.00259986 0.931206 94.9173 -0.0104657 0.999944 -0.00688962 -0.190983 -0.931155 -0.0122576 -0.364538 -28.8036
-0.360998 0.00453222 0.932596 95.7665 -0.0130597 0.999891 -0.00991331 -0.206362 -0.932525 -0.0157562 -0.360892 -29.1279
-0.35738 0.00438533 0.933991 96.6017 -0.013023 0.999891 -0.00967792 -0.216819 -0.933916 -0.015622 -0.357278 -29.4416
-0.351702 0.00423647 0.936143 97.4476 -0.0133763 0.999889 -0.00954933 -0.239004 -0.936067 -0.0158788 -0.351599 -29.7543
-0.346884 0.00228652 0.937949 98.2791 -0.0127276 0.999917 -0.00714462 -0.248966 -0.937871 -0.0144161 -0.34682 -30.06
-0.340935 -1.32832e-06 0.940131 99.1385 -0.0139459 0.999915 -0.00505483 -0.276726 -0.940036 -0.0148323 -0.340899 -30.3599
-0.33545 -0.00208232 0.942101 99.9907 -0.0147128 0.999912 -0.00302847 -0.298595 -0.941993 -0.0148763 -0.335445 -30.655
-0.329566 -0.00305442 0.944173 100.822 -0.0192337 0.999834 -0.00347791 -0.312511 -0.94399 -0.0193038 -0.329564 -30.9336
-0.321935 -0.00390736 0.946799 101.687 -0.0208633 0.999803 -0.00296773 -0.317941 -0.946583 -0.0207079 -0.321946 -31.2179
-0.315255 -0.000913541 0.949052 102.525 -0.0192638 0.999824 -0.00543549 -0.338894 -0.948864 -0.0199938 -0.315211 -31.5003
-0.30921 0.00184738 0.951037 103.33 -0.0186006 0.99982 -0.00798964 -0.376391 -0.950863 -0.0201595 -0.309114 -31.8466
-0.301914 0.000827576 0.953383 104.187 -0.0195001 0.999811 -0.00704213 -0.382131 -0.95319 -0.0207149 -0.301835 -32.1121
-0.296409 -0.0017006 0.955105 105.024 -0.0148505 0.999911 -0.00282824 -0.381306 -0.954997 -0.0150211 -0.296402 -32.378
-0.288577 -0.00317566 0.957501 105.886 -0.0139078 0.999931 -0.000874169 -0.392185 -0.957411 -0.0135666 -0.288595 -32.6343
-0.281977 -0.000175344 0.959469 106.74 -0.016086 0.999887 -0.00454458 -0.399935 -0.959339 -0.0167146 -0.281942 -32.8711
-0.275678 0.000109079 0.961301 107.601 -0.0146962 0.99991 -0.00432692 -0.394479 -0.961194 -0.0153177 -0.275646 -33.1123
-0.268668 0.000453064 0.963281 108.46 -0.014236 0.999916 -0.0044407 -0.410324 -0.963181 -0.0149054 -0.268634 -33.352
-0.26221 -0.00030614 0.965062 109.328 -0.0145136 0.999915 -0.00362518 -0.424927 -0.964958 -0.0149544 -0.262188 -33.5808
-0.25357 -0.000871352 0.967367 110.187 -0.013081 0.999939 -0.00252784 -0.42936 -0.967283 -0.0132942 -0.253561 -33.8118
-0.246096 -0.00104824 0.969296 111.049 -0.0126583 0.999945 -0.00213143 -0.443033 -0.96922 -0.0127913 -0.246091 -34.0323
-0.239717 -0.000792175 0.970894 111.926 -0.0113902 0.999961 -0.0019962 -0.459946 -0.970831 -0.0115363 -0.239712 -34.2455
-0.232735 -0.00118994 0.972592 112.783 -0.0133596 0.999936 -0.00197231 -0.466398 -0.972507 -0.0134495 -0.232732 -34.4386
-0.227052 -0.00174761 0.973932 113.65 -0.0135208 0.999937 -0.00135762 -0.472251 -0.973844 -0.0134756 -0.227056 -34.6279
-0.222914 -0.00193913 0.974891 114.518 -0.0117662 0.999959 -0.000700299 -0.490008 -0.974827 -0.0116239 -0.222923 -34.8259
-0.218417 -0.0027068 0.975903 115.361 -0.0121124 0.999956 6.29246e-05 -0.507345 -0.975836 -0.0118058 -0.218436 -35.0159
-0.214046 -0.0021103 0.976877 116.247 -0.0127389 0.999947 -0.00063002 -0.522194 -0.976802 -0.0125761 -0.214057 -35.2
-0.212287 -0.00511285 0.977246 117.057 -0.0131268 0.99994 0.00238028 -0.551245 -0.977176 -0.012322 -0.212337 -35.3474
-0.20719 -0.00572461 0.97834 117.924 -0.00693977 0.999996 0.00438278 -0.570477 -0.97834 -0.00587838 -0.207224 -35.5405
-0.203295 -0.00565891 0.979154 118.788 -0.000755068 1.00001 0.00562303 -0.590809 -0.979173 0.000404612 -0.203298 -35.7224
-0.198463 -0.00440036 0.980155 119.638 -0.00393719 1.00002 0.00369354 -0.591102 -0.980164 -0.00312296 -0.198479 -35.871
-0.194777 -0.00414195 0.980892 120.48 -0.00979462 0.999979 0.00227804 -0.601993 -0.980855 -0.00916282 -0.194809 -36.0614
-0.188359 -0.00166297 0.982156 121.318 -0.0131545 0.999943 -0.000828429 -0.598293 -0.982076 -0.0130725 -0.188365 -36.2788
-0.185044 -0.00189756 0.982782 122.181 -0.0141814 0.999929 -0.000738994 -0.609254 -0.982684 -0.014073 -0.185054 -36.4359
-0.184389 -0.00579776 0.982893 123.026 -0.0138934 0.999928 0.00329325 -0.61164 -0.982819 -0.0130451 -0.184452 -36.6202
-0.182386 -0.0117859 0.98321 123.881 -0.0172099 0.999844 0.00879322 -0.614344 -0.983133 -0.0153161 -0.182557 -36.7746
-0.181842 -0.0138498 0.983288 124.745 -0.016725 0.99983 0.0109912 -0.607773 -0.98325 -0.0144434 -0.182039 -36.9318
-0.181868 -0.0101165 0.983325 125.612 -0.0180723 0.999843 0.0069443 -0.615198 -0.983214 -0.0165069 -0.182019 -37.0949
-0.180243 -0.00883859 0.983641 126.453 -0.0181127 0.999851 0.00566655 -0.607097 -0.983521 -0.0167916 -0.180372 -37.2514
-0.180607 -0.00863796 0.983573 127.309 -0.0187884 0.999841 0.00533122 -0.609003 -0.983433 -0.0175156 -0.180738 -37.4007
-0.179812 -0.00908078 0.983718 128.168 -0.0199501 0.999816 0.00558403 -0.604257 -0.983565 -0.0186176 -0.179956 -37.5437
-0.177979 -0.00927663 0.984047 129.012 -0.017439 0.999859 0.00627196 -0.610201 -0.983938 -0.0160434 -0.178113 -37.6972
-0.17803 -0.00736623 0.984057 129.865 -0.018661 0.999851 0.00410959 -0.612262 -0.983915 -0.0176282 -0.178137 -37.852
-0.177129 -0.00428538 0.984235 130.703 -0.0231056 0.999765 0.000195104 -0.610372 -0.983975 -0.0227054 -0.177184 -37.9687
-0.177058 -0.00281261 0.984259 131.544 -0.0257701 0.999701 -0.00177772 -0.630415 -0.983931 -0.0256751 -0.177074 -38.1024
-0.177373 -0.00226896 0.984199 132.376 -0.0259981 0.999691 -0.00238037 -0.657854 -0.98386 -0.0260081 -0.177375 -38.2491
-0.176275 -0.00163013 0.984404 133.209 -0.0241768 0.999739 -0.00267238 -0.670469 -0.984114 -0.0242669 -0.176265 -38.399
-0.175385 -0.00190585 0.984556 134.03 -0.0238367 0.999745 -0.0023106 -0.663701 -0.984272 -0.0238726 -0.175384 -38.5445
-0.172038 -0.00140853 0.985154 134.846 -0.017479 0.999881 -0.00162143 -0.71253 -0.985006 -0.0174948 -0.172039 -38.6749
-0.168913 -0.00424142 0.985681 135.666 -0.013246 0.999942 0.00203318 -0.72796 -0.985604 -0.012712 -0.168958 -38.8218
-0.16852 -0.00979556 0.985715 136.49 -0.0105517 0.999947 0.00813435 -0.734727 -0.985713 -0.0090269 -0.16861 -38.9747
-0.164129 -0.0107271 0.986442 137.307 -0.00957879 0.999945 0.00928043 -0.745607 -0.986455 -0.00792488 -0.16422 -39.1101
-0.161925 -0.0103053 0.986815 138.073 -0.0152064 0.999891 0.00794797 -0.732455 -0.986758 -0.0137154 -0.16206 -39.2704
-0.156325 -0.0107609 0.987711 138.849 -0.0150935 0.999883 0.00850488 -0.712763 -0.987656 -0.0135778 -0.156467 -39.4054
-0.147726 -0.0107191 0.989038 139.65 -0.0173359 0.999853 0.00824841 -0.714323 -0.98895 -0.0159235 -0.147887 -39.5312
-0.139404 -0.0118339 0.990231 140.435 -0.00955834 0.999933 0.0106045 -0.710798 -0.990257 -0.00798564 -0.139506 -39.6647
-0.106353 -1.71978e-05 0.994399 140.814 0.0110325 0.999978 0.00119844 -0.738527 -0.994342 0.0111014 -0.106349 -39.7102
-0.0926087 0.000298159 0.995771 141.572 0.00444249 1.00003 0.000113947 -0.754908 -0.995762 0.0044353 -0.0926128 -39.7862
-0.0784787 0.000891808 0.996989 142.368 0.00670762 1.00002 -0.000365207 -0.760699 -0.996971 0.00666284 -0.0784857 -39.8512
-0.064812 0.000192405 0.997967 143.156 0.00511961 1.00002 0.000139913 -0.783812 -0.997954 0.00511946 -0.0648156 -39.8992
-0.0514995 0.00329522 0.998742 143.936 0.0126827 0.99996 -0.00264409 -0.789247 -0.998671 0.0125346 -0.0515399 -39.9479
-0.0385423 0.00918707 0.999287 144.7 -0.000491907 0.999995 -0.0092123 -0.820699 -0.999328 -0.000845248 -0.0385397 -39.9625
-0.024615 0.0187901 0.999597 145.493 -0.00305671 0.999862 -0.0188693 -0.853998 -0.999774 -0.00351511 -0.0245562 -39.9829
-0.0113318 0.0241117 0.999721 146.25 0.00992233 0.999703 -0.0239985 -0.896307 -0.999961 0.00964841 -0.0115708 -39.9827
0.000853298 0.0247853 0.999772 147.002 0.00267614 0.999734 -0.0247856 -0.906825 -1.00008 0.00270127 0.000783568 -39.9766
0.0126251 0.021518 0.999768 147.752 0.00125341 0.999812 -0.0215344 -0.943536 -0.999996 0.00152656 0.0125916 -39.9544
0.0234226 0.021813 0.99957 148.515 -0.0123372 0.999738 -0.0215268 -0.951423 -0.999736 -0.0118221 0.0236811 -39.9194
0.0317841 0.0263076 0.99923 149.272 -0.0220816 0.999472 -0.0256113 -1.02686 -0.999329 -0.0212483 0.0323433 -39.8711
0.0375496 0.0329235 0.998837 150.009 -0.0403 0.998741 -0.0314047 -1.05391 -0.998571 -0.0390666 0.0388238 -39.8312
0.0407161 0.0349771 0.998643 150.745 -0.0415595 0.998627 -0.0332821 -1.08644 -0.998386 -0.0401449 0.0421083 -39.7917
0.0407393 0.0310226 0.998775 151.507 -0.0449995 0.99861 -0.0291813 -1.11025 -0.998248 -0.0437478 0.0420731 -39.7527
0.0388651 0.0263959 0.998981 152.255 -0.0477635 0.998603 -0.0245278 -1.15099 -0.998181 -0.0467582 0.0400662 -39.7167
0.0355502 0.0233954 0.999182 153.012 -0.0504046 0.998546 -0.0215866 -1.17705 -0.998189 -0.0495877 0.0366725 -39.6854
0.0324637 0.023013 0.999294 153.762 -0.0424137 0.998912 -0.0216265 -1.19388 -0.998653 -0.0416784 0.0333993 -39.6724
0.0286648 0.0225257 0.999424 154.504 -0.0408412 0.998988 -0.0213439 -1.21487 -0.998848 -0.0401978 0.0295511 -39.6508
0.024457 0.0220818 0.999543 155.258 -0.0394835 0.999043 -0.0211048 -1.2348 -0.999003 -0.0389462 0.0253005 -39.633
0.0188138 0.0213936 0.999685 155.997 -0.0405366 0.999016 -0.0206158 -1.26747 -0.999094 -0.0401278 0.0196581 -39.6152
0.0132427 0.0207673 0.999784 156.74 -0.0397136 0.999053 -0.0202263 -1.28234 -0.999207 -0.0394338 0.0140503 -39.605
0.0078981 0.0208232 0.999843 157.482 -0.0393337 0.999066 -0.0204958 -1.29554 -0.999289 -0.0391576 0.00870592 -39.6049
0.00320415 0.0195467 0.999893 158.211 -0.0369962 0.999174 -0.0194144 -1.33963 -0.999396 -0.0369268 0.00392057 -39.6103
0.000260758 0.0163622 0.99996 158.959 -0.00513608 0.999905 -0.0163596 -1.25839 -1.00008 -0.00512534 0.000341576 -39.6506
-0.00441678 0.0164558 0.999946 159.695 -0.00544591 0.999896 -0.0164796 -1.28007 -1.00006 -0.00551662 -0.00433037 -39.6541
-0.00768203 0.0164365 0.99993 160.395 -0.00889477 0.999874 -0.0165034 -1.298 -1.00003 -0.00901482 -0.00753768 -39.6545
-0.00752892 0.0164993 0.99993 161.111 -0.00934339 0.999865 -0.0165692 -1.31323 -1.00002 -0.00946511 -0.0073772 -39.6572
-0.00715956 0.0148831 0.999959 161.82 -0.0126867 0.999858 -0.0149718 -1.35901 -0.999994 -0.0127874 -0.00697247 -39.6602
-0.00308019 0.012448 1.00001 162.527 -0.00936019 0.999925 -0.0124764 -1.37293 -1.00005 -0.0093964 -0.00296699 -39.6752
0.00460468 0.0129092 1 163.278 -0.00218147 0.999965 -0.0128982 -1.39069 -1.00009 -0.00211652 0.00462931 -39.6749
0.0145541 0.0123113 0.999918 163.958 -0.000451459 0.999973 -0.0123059 -1.40722 -0.999989 -0.00027096 0.0145552 -39.6602
0.0289061 0.0123372 0.999602 164.661 0.000875046 0.999974 -0.0123667 -1.4227 -0.999682 0.00123753 0.0288898 -39.647
0.043826 0.0121186 0.999069 165.345 -0.00273881 0.999974 -0.0120097 -1.42948 -0.999134 -0.00220813 0.0438528 -39.6139
0.0590696 0.00726388 0.99833 166.035 -0.0059987 1.00001 -0.00692106 -1.44061 -0.99834 -0.00557338 0.0591074 -39.5569
0.0761016 0.000556835 0.997204 166.724 -0.00767575 1.00002 2.73196e-05 -1.45716 -0.997171 -0.00765418 0.0761006 -39.4973
0.0934658 -0.00678733 0.995703 167.393 -0.00485873 1.00002 0.00727273 -1.46094 -0.995716 -0.00551124 0.093426 -39.4303
0.110947 -0.0137173 0.993836 168.066 -0.0051314 0.999934 0.0143745 -1.46639 -0.993915 -0.00669231 0.11086 -39.348
0.127292 -0.020193 0.991765 168.716 -0.00562809 0.999817 0.0210792 -1.46162 -0.991956 -0.00825826 0.127145 -39.2581
0.145366 -0.0200821 0.98928 169.384 -0.0088159 0.999779 0.0215909 -1.46283 -0.989443 -0.0118572 0.145146 -39.1538
0.163037 -0.0207886 0.986508 170.02 -0.00814495 0.999771 0.022414 -1.46735 -0.986695 -0.0116824 0.162818 -39.038
0.180365 -0.0211507 0.983483 170.661 -0.00914174 0.999741 0.0231774 -1.46203 -0.983663 -0.0131686 0.180113 -38.9102
0.196886 -0.0212335 0.980306 171.296 -0.0117553 0.999698 0.0240142 -1.45223 -0.980467 -0.0162444 0.196563 -38.7649
0.21178 -0.0218725 0.977185 171.912 -0.0128814 0.999653 0.0251678 -1.45963 -0.977339 -0.0179145 0.211411 -38.6092
0.224057 -0.0231847 0.974411 172.532 -0.0109737 0.999649 0.026308 -1.45905 -0.974626 -0.01658 0.223708 -38.466
0.23497 -0.0236293 0.971829 173.157 -0.0102068 0.999642 0.0267741 -1.44951 -0.972057 -0.0162074 0.23463 -38.3087
0.24408 -0.0220881 0.969618 173.75 -0.0139435 0.999612 0.0262811 -1.42724 -0.969769 -0.0199269 0.243661 -38.151
0.253182 -0.0152223 0.967413 174.346 -0.0182066 0.999677 0.0204956 -1.42098 -0.967356 -0.0227991 0.252808 -37.9721
0.262619 -0.00412974 0.965006 174.925 -0.0168845 0.999873 0.00887363 -1.40126 -0.964868 -0.0186164 0.262497 -37.8075
0.270345 0.000390806 0.962881 175.509 -0.0136314 0.999956 0.00342215 -1.3953 -0.962778 -0.0140475 0.270321 -37.6421
0.276939 -0.000212903 0.961005 176.102 -0.0139516 0.99995 0.00424189 -1.38809 -0.960903 -0.0145748 0.276903 -37.4696
0.282612 -0.00669798 0.959331 176.688 -0.0139371 0.999898 0.0110878 -1.376 -0.959245 -0.0165007 0.282472 -37.2828
0.287094 -0.01633 0.957885 177.281 -0.020053 0.999592 0.023051 -1.36749 -0.957811 -0.0258175 0.286629 -37.09
0.289271 -0.0232519 0.957087 177.869 -0.0193749 0.999415 0.0301369 -1.36575 -0.957165 -0.027257 0.288633 -36.9044
0.290532 -0.0246787 0.95667 178.469 -0.0169845 0.999437 0.0309396 -1.36304 -0.956835 -0.0252287 0.289928 -36.723
0.291016 -0.0253022 0.956506 179.068 -0.0156914 0.999446 0.0312131 -1.34489 -0.956703 -0.0240884 0.29044 -36.5439
0.291597 -0.0258568 0.956315 179.67 -0.0127124 0.999502 0.0309003 -1.33328 -0.956577 -0.021159 0.291102 -36.3525
0.293863 -0.0268635 0.955594 180.272 -0.0121868 0.999475 0.0318457 -1.30352 -0.955884 -0.0210002 0.293364 -36.1628
0.295961 -0.0278671 0.954918 180.876 -0.0119362 0.999449 0.0328656 -1.28878 -0.955248 -0.0211163 0.295444 -35.9702
0.299698 -0.0339449 0.953555 181.489 -0.0103346 0.99925 0.0388208 -1.28399 -0.954094 -0.0214852 0.299104 -35.7759
0.304137 -0.0351723 0.952104 182.104 -0.00981364 0.999209 0.0400469 -1.26416 -0.9527 -0.0215146 0.303529 -35.5782
0.309661 -0.0361444 0.950286 182.711 -0.00929831 0.99917 0.041035 -1.23984 -0.950919 -0.021539 0.30905 -35.3755
0.317977 -0.0375893 0.947479 183.337 -0.00806825 0.99913 0.0423458 -1.20124 -0.948187 -0.0211008 0.317374 -35.1767
0.32744 -0.0381096 0.944231 183.95 -0.00749546 0.999105 0.042925 -1.17523 -0.944962 -0.0211288 0.326842 -34.9622
0.338618 -0.0372607 0.940313 184.56 -0.00797085 0.999126 0.042461 -1.15842 -0.941015 -0.0218644 0.338001 -34.7397
0.349978 -0.0319489 0.936343 185.161 -0.0101397 0.999286 0.0378879 -1.13011 -0.936826 -0.0227499 0.349382 -34.5019
0.36133 -0.0282086 0.93214 185.765 -0.0121637 0.999375 0.0349578 -1.09922 -0.932485 -0.0239607 0.360735 -34.2579
0.373212 -0.0285669 0.927437 186.382 -0.0119831 0.99935 0.0356055 -1.07444 -0.927793 -0.0243976 0.372604 -34.0063
0.385174 -0.0299611 0.922488 187.028 -0.0129336 0.999259 0.0378541 -1.06374 -0.922882 -0.0265025 0.384474 -33.7629
0.396207 -0.030748 0.91778 187.636 -0.0129411 0.99921 0.0390644 -1.03586 -0.918196 -0.02735 0.395472 -33.4952
0.408239 -0.0309067 0.912485 188.265 -0.0137366 0.999165 0.0399877 -1.02411 -0.912902 -0.0288499 0.407445 -33.2176
0.417692 -0.0307808 0.908202 188.887 -0.0164583 0.999063 0.0414313 -0.996877 -0.908568 -0.0322479 0.416768 -32.8989
0.425271 -0.0297399 0.904712 189.521 -0.0199844 0.998968 0.0422315 -0.978633 -0.904977 -0.0360305 0.424208 -32.5932
0.429623 -0.0310998 0.90261 190.146 -0.0203574 0.998877 0.0441081 -0.94856 -0.902909 -0.0373193 0.42848 -32.2906
0.431907 -0.0327426 0.901461 190.773 -0.0189739 0.998849 0.0453702 -0.913799 -0.901851 -0.0366902 0.430759 -31.9935
0.432443 -0.0337694 0.901167 191.424 -0.0150548 0.998946 0.0446596 -0.904848 -0.901668 -0.0328744 0.431451 -31.6855
0.431253 -0.0334677 0.901749 192.071 -0.0142948 0.998992 0.0439129 -0.867432 -0.902251 -0.0318184 0.430311 -31.3731
0.430725 -0.0329663 0.90202 192.712 -0.0129047 0.999063 0.042677 -0.8299 -0.902524 -0.0300174 0.429868 -31.068
0.431127 -0.0350588 0.901748 193.391 -0.0100539 0.999055 0.0436485 -0.805965 -0.902368 -0.0278749 0.430338 -30.7653
0.430246 -0.0395891 0.901983 194.048 -0.00834551 0.998879 0.0478248 -0.767533 -0.902807 -0.028099 0.429405 -30.4463
0.43118 -0.0422938 0.901413 194.698 -0.00889345 0.998713 0.0511128 -0.74474 -0.902355 -0.0300461 0.430219 -30.1291
0.431313 -0.0443253 0.901253 195.326 -0.00777302 0.998631 0.0528366 -0.719916 -0.902303 -0.0297895 0.43035 -29.8289
0.429904 -0.0453579 0.901875 195.985 -0.00805074 0.998565 0.0540582 -0.688311 -0.902973 -0.030491 0.428893 -29.503
0.429595 -0.0450438 0.902038 196.641 -0.00939539 0.998537 0.0543392 -0.655121 -0.903107 -0.0318135 0.428515 -29.1867
0.428009 -0.0438287 0.902852 197.299 -0.0118381 0.998526 0.0540852 -0.615015 -0.903832 -0.0338272 0.426831 -28.8738
0.427894 -0.0416538 0.903009 197.969 -0.0106512 0.998695 0.0511167 -0.591571 -0.9039 -0.0314853 0.426864 -28.564
0.427228 -0.0367642 0.903538 198.637 -0.0117066 0.998925 0.0461806 -0.564429 -0.904204 -0.0302972 0.426309 -28.252
0.428216 -0.0360346 0.903098 199.284 -0.0123253 0.998938 0.045705 -0.542189 -0.903727 -0.0306973 0.427288 -27.9549
0.42808 -0.0376806 0.903098 199.961 -0.0131971 0.998825 0.0479302 -0.513907 -0.90378 -0.0324263 0.427051 -27.6221
0.428463 -0.0403808 0.902797 200.62 -0.0143271 0.998631 0.0514689 -0.489567 -0.90358 -0.0349814 0.427269 -27.2876
0.427142 -0.04103 0.903396 201.257 -0.015771 0.998541 0.0528079 -0.467454 -0.904184 -0.0367936 0.425842 -26.9636
0.423297 -0.0407409 0.905214 201.94 -0.017739 0.998483 0.0532357 -0.445243 -0.905952 -0.0385862 0.421904 -26.6362
0.415864 -0.0430378 0.90855 202.615 -0.0172522 0.998387 0.05519 -0.422284 -0.909399 -0.0386155 0.414423 -26.3272
0.408302 -0.0414799 0.912043 203.295 -0.0186993 0.998437 0.0537823 -0.394634 -0.912789 -0.0390081 0.406861 -26.0252
0.398033 -0.041552 0.916571 203.971 -0.0156107 0.998582 0.0520491 -0.379225 -0.917374 -0.0350153 0.396793 -25.7346
0.387217 -0.0393941 0.921284 204.646 -0.0174974 0.998652 0.0500583 -0.356069 -0.921955 -0.0354978 0.38598 -25.462
0.376586 -0.0386643 0.925715 205.326 -0.0197303 0.998627 0.0497361 -0.322623 -0.926306 -0.0369841 0.37528 -25.1834
0.365795 -0.0451183 0.929738 206.018 -0.0180938 0.99835 0.0555683 -0.291815 -0.930651 -0.0371434 0.364351 -24.9169
0.356567 -0.0530624 0.932902 206.717 -0.0156267 0.997968 0.0627362 -0.267108 -0.934273 -0.0369372 0.354989 -24.6594
0.349578 -0.0575717 0.935273 207.412 -0.015355 0.997684 0.0671543 -0.236953 -0.936913 -0.037831 0.34786 -24.3964
0.344267 -0.058192 0.937206 208.107 -0.0196929 0.997472 0.069168 -0.187435 -0.938799 -0.0422577 0.342227 -24.1341
0.342552 -0.0587173 0.937798 208.824 -0.0194972 0.997446 0.0695751 -0.157584 -0.939428 -0.0421116 0.340509 -23.8253
0.340972 -0.0590528 0.938356 209.521 -0.0197638 0.997415 0.0699513 -0.109712 -0.94 -0.042386 0.338899 -23.5683
0.339218 -0.0583126 0.939034 210.224 -0.0205301 0.99744 0.0693571 -0.0748505 -0.940615 -0.0427997 0.337129 -23.3076
0.339101 -0.0560656 0.939219 210.917 -0.023468 0.997469 0.0680161 -0.0252234 -0.940591 -0.0450948 0.336903 -23.0495
0.339051 -0.0566118 0.939199 211.633 -0.0244471 0.99738 0.0689455 0.0122039 -0.940582 -0.0463304 0.336756 -22.7797
0.339838 -0.0571882 0.938886 212.335 -0.0251836 0.9973 0.0698622 0.0624946 -0.940282 -0.0473751 0.337456 -22.519
0.34131 -0.057968 0.938298 213.057 -0.0246616 0.997262 0.0705828 0.106094 -0.939758 -0.0472242 0.338922 -22.2525
0.34228 -0.0599357 0.937828 213.771 -0.0206673 0.997304 0.0712803 0.132046 -0.939506 -0.0437691 0.340095 -21.9983
0.346456 -0.0612631 0.9362 214.51 -0.0182553 0.997297 0.0720181 0.146148 -0.93802 -0.0420358 0.344378 -21.7354
0.350602 -0.0616675 0.934636 215.232 -0.0206001 0.997144 0.0735197 0.188047 -0.936435 -0.0450184 0.348305 -21.4573
0.355104 -0.0650544 0.932698 215.93 -0.0203396 0.996863 0.0772747 0.238685 -0.934738 -0.0464048 0.352643 -21.1699
0.36002 -0.0683111 0.930586 216.664 -0.0214279 0.996512 0.0814405 0.29183 -0.932838 -0.049249 0.357275 -20.8952
0.363747 -0.0694152 0.929046 217.411 -0.0204729 0.996444 0.0824678 0.336927 -0.931405 -0.049011 0.361008 -20.6206
0.367061 -0.0661988 0.927985 218.126 -0.0238049 0.996535 0.0805048 0.39067 -0.930033 -0.0516286 0.364186 -20.3274
0.371489 -0.0598119 0.926648 218.848 -0.0302569 0.996674 0.076463 0.417345 -0.928077 -0.0564355 0.368419 -20.0352
0.374404 -0.0575728 0.925624 219.565 -0.0333222 0.996657 0.0754691 0.479638 -0.926809 -0.0590871 0.371207 -19.7227
0.378829 -0.0582452 0.923772 220.283 -0.0330739 0.99659 0.0764011 0.532338 -0.92501 -0.0594882 0.375585 -19.4303
0.382174 -0.0572114 0.922466 221.008 -0.0334598 0.996637 0.0756735 0.578895 -0.923627 -0.0597733 0.378947 -19.1309
0.385288 -0.0568988 0.921182 221.73 -0.03367 0.996628 0.075643 0.626497 -0.922317 -0.0601529 0.382047 -18.8187
0.389822 -0.0573763 0.919251 222.451 -0.0325372 0.996642 0.0760044 0.681862 -0.92046 -0.0595252 0.386617 -18.5097
0.394017 -0.0570422 0.917473 223.2 -0.0308154 0.996753 0.0752067 0.732038 -0.918723 -0.0578975 0.390953 -18.1899
0.398055 -0.0579993 0.915677 223.921 -0.0287896 0.996784 0.0756518 0.777104 -0.917056 -0.0564626 0.395076 -17.879
0.40238 -0.0586521 0.913738 224.638 -0.026858 0.996824 0.0758143 0.826174 -0.915217 -0.0550397 0.399499 -17.5625
0.40676 -0.0565394 0.911935 225.345 -0.0295001 0.996815 0.0749601 0.872631 -0.913206 -0.0573797 0.403766 -17.2451
0.411174 -0.0563743 0.909959 226.07 -0.0301432 0.996763 0.0753743 0.936149 -0.911198 -0.0584132 0.408115 -16.9118
0.417256 -0.056263 0.907198 226.803 -0.0316038 0.996646 0.076346 0.981602 -0.908388 -0.0605134 0.414047 -16.5551
0.421048 -0.0546225 0.905541 227.512 -0.0290765 0.996922 0.0736562 1.02914 -0.906714 -0.0573347 0.418135 -16.228
0.425073 -0.0491136 0.903978 228.225 -0.0287956 0.997353 0.0677269 1.06828 -0.90485 -0.0548064 0.422502 -15.8873
0.428406 -0.0453587 0.902598 228.93 -0.0279372 0.99766 0.063398 1.11865 -0.903299 -0.0523682 0.426107 -15.5391
0.431431 -0.0451552 0.901169 229.639 -0.0326485 0.997377 0.0656058 1.1764 -0.901706 -0.0577129 0.428792 -15.1893
0.434725 -0.0534507 0.899128 230.344 -0.0342791 0.996595 0.0758209 1.22063 -0.900057 -0.0637739 0.431383 -14.8398
0.436892 -0.0652187 0.897302 231.063 -0.0322958 0.995655 0.0880917 1.26155 -0.899085 -0.0674517 0.432855 -14.4918
0.440356 -0.0721512 0.895073 231.754 -0.0308791 0.995024 0.0954022 1.32636 -0.897439 -0.069641 0.435906 -14.1568
0.442142 -0.0769209 0.893797 232.462 -0.0285011 0.994676 0.0997011 1.3803 -0.896644 -0.0695423 0.437562 -13.8123
0.444549 -0.0743832 0.892815 233.158 -0.0270806 0.99504 0.0963859 1.43485 -0.895493 -0.0670174 0.440299 -13.4642
0.448661 -0.0688795 0.891202 233.852 -0.026153 0.995655 0.0901186 1.50088 -0.893473 -0.0637269 0.444876 -13.1276
0.452735 -0.0648134 0.889442 234.548 -0.0276628 0.995919 0.0866552 1.55137 -0.891365 -0.0638277 0.449063 -12.7781
0.455844 -0.0626008 0.888014 235.228 -0.0240776 0.996359 0.0825981 1.59489 -0.889888 -0.05902 0.452642 -12.4151
0.461396 -0.0608983 0.885257 235.953 -0.024756 0.996434 0.0814514 1.63078 -0.886998 -0.0594886 0.458211 -12.0286
0.464706 -0.0613006 0.883499 236.66 -0.0233339 0.996474 0.0814121 1.6874 -0.885312 -0.0584353 0.461602 -11.6434
0.470005 -0.0652562 0.880405 237.363 -0.0198513 0.996295 0.0844461 1.7659 -0.882591 -0.0571591 0.466935 -11.2754
0.473489 -0.071592 0.878046 238.075 -0.0157452 0.995912 0.0896926 1.84098 -0.880815 -0.0562806 0.47039 -10.8952
0.475936 -0.0788383 0.876097 238.771 -0.010529 0.995457 0.0953016 1.90639 -0.879567 -0.0545739 0.472911 -10.5444
0.478499 -0.0839885 0.874224 239.488 -0.00998329 0.994901 0.101046 1.96402 -0.878189 -0.057065 0.475184 -10.1549
0.480925 -0.0881414 0.872479 240.217 -0.00859479 0.994478 0.105206 2.0304 -0.876871 -0.0580868 0.477478 -9.74281
0.482253 -0.0908617 0.87147 240.895 -0.00459125 0.994402 0.106219 2.1144 -0.876178 -0.0552128 0.479098 -9.43649
0.485064 -0.0782404 0.871131 241.58 -0.0130806 0.995295 0.0966783 2.18565 -0.874532 -0.0582817 0.481725 -9.04248
0.484366 -0.068546 0.872339 242.28 -0.0142241 0.996248 0.0861798 2.26623 -0.874908 -0.0541384 0.481536 -8.66214
0.484292 -0.0617971 0.872881 242.967 -0.0143732 0.996872 0.0785523 2.34349 -0.87494 -0.0505805 0.481855 -8.26294
0.484711 -0.0630696 0.87256 243.682 -0.0140593 0.996777 0.0798575 2.4088 -0.874721 -0.050963 0.482224 -7.86464
0.482648 -0.0668653 0.873418 244.38 -0.0113205 0.996588 0.0825529 2.47636 -0.875893 -0.0497238 0.48021 -7.47513
