0.999999 -0.00173312 -0.00142205 0.0153889 0.00173689 0.999996 0.00263643 -0.00792494 0.0014174 -0.00263893 0.999997 0.746045
0.999994 -0.000482021 -0.00346898 0.0279395 0.000493082 0.999995 0.00318513 -0.0157663 0.00346728 -0.00318683 0.999989 1.49899
0.999994 -0.000267545 -0.00377204 0.033658 0.000279403 0.999996 0.00313146 -0.0236825 0.00377108 -0.00313257 0.999989 2.26442
0.999988 0.00213445 -0.00403105 0.0176223 -0.00212524 0.999996 0.00226768 -0.023603 0.00403567 -0.00225907 0.999987 3.02531
0.999992 0.00209676 -0.00356488 0.00387415 -0.00208891 0.999997 0.00218861 -0.0243923 0.00356938 -0.00218125 0.999992 3.79048
0.999993 -0.000180329 -0.00301325 -0.00705899 0.000186757 0.999999 0.00211079 -0.0258713 0.00301269 -0.00211126 0.999991 4.56435
0.999994 -0.00303942 -0.00253513 -0.0150551 0.00304242 0.999996 0.00115468 -0.030195 0.00253158 -0.00116248 0.999997 5.34227
0.999982 -0.00305436 -0.005298 -0.00152132 0.00306241 0.999995 0.00148363 -0.04007 0.00529325 -0.00149967 0.999985 6.13085
0.999987 -0.00263549 -0.00443613 -0.00502084 0.00263938 0.999997 0.000835199 -0.0480264 0.00443381 -0.00084701 0.999991 6.90745
0.999992 -0.0015552 -0.00391018 -0.0130075 0.00155646 1 0.000278928 -0.0564218 0.00390953 -0.000284854 0.999992 7.68183
0.999976 0.00346185 -0.00612988 0.00199514 -0.00345849 0.999995 0.000506451 -0.0763475 0.0061313 -0.000485438 0.999984 8.50609
0.999956 0.00597593 -0.00744469 0.00425362 -0.00595663 0.999982 0.00252525 -0.0974631 0.00745935 -0.00248055 0.999971 9.28604
0.999932 0.00671033 -0.00962079 0.0162008 -0.00667107 0.99997 0.00402922 -0.106529 0.00964708 -0.00396489 0.999949 9.97455
0.999904 0.00873584 -0.0108177 0.026193 -0.00869989 0.99996 0.00330377 -0.11142 0.0108458 -0.00320907 0.999938 10.6698
0.999893 0.0086818 -0.0118975 0.0308405 -0.00863135 0.999956 0.00414522 -0.119669 0.011932 -0.004042 0.999923 11.2609
0.999909 0.00896274 -0.0102332 0.0170473 -0.00891226 0.999951 0.00488654 -0.124337 0.010276 -0.00479458 0.999938 11.807
0.999945 0.00789912 -0.00717676 -0.00124252 -0.00785291 0.999952 0.00620788 -0.126137 0.0072245 -0.00615117 0.999959 12.3465
0.999965 0.00802125 -0.00332642 -0.0208333 -0.00800276 0.999957 0.00527116 -0.134383 0.00336806 -0.00524404 0.999983 12.8817
0.999965 0.00837163 -0.00201306 -0.0391591 -0.00836426 0.999964 0.00276359 -0.120479 0.00203502 -0.00274664 1 13.4076
0.999957 0.00944213 -0.000941363 -0.0355066 -0.00943664 0.999948 0.00468326 -0.166699 0.000984602 -0.0046738 0.999992 13.9031
0.999968 0.00806731 -0.00303415 0.00732184 -0.00804376 0.999948 0.00708495 -0.16491 0.00308972 -0.00706023 0.999978 14.3838
0.999987 0.00500309 -0.000881729 0.017126 -0.00499517 0.999959 0.00782229 -0.163756 0.000919675 -0.00781745 0.999974 14.8606
0.999997 0.00420657 0.000760349 0.0207327 -0.00420919 0.999978 0.00610815 -0.154894 -0.000736111 -0.00611134 0.99999 15.3441
0.999987 0.00356361 0.00358912 0.0258749 -0.00357385 0.999991 0.00309103 -0.147139 -0.00357919 -0.00310349 0.999994 15.8308
0.999986 0.00342395 0.00531706 0.0356046 -0.00343485 1 0.00248864 -0.150254 -0.00531048 -0.00250687 0.999997 16.2175
0.999984 0.00432069 0.0036747 0.0812024 -0.00432462 0.999992 0.00134809 -0.152473 -0.00367022 -0.0013635 0.999998 16.5732
0.999974 0.00663353 0.00481739 0.100532 -0.00663896 0.999987 0.00162045 -0.151909 -0.00480861 -0.0016524 1 16.9513
0.999965 0.00707884 0.00446754 0.141548 -0.00709487 0.99997 0.003864 -0.160909 -0.00444156 -0.00389504 0.999989 17.301
0.999977 0.00472459 0.00623027 0.181622 -0.00475149 0.999987 0.00470881 -0.164909 -0.00621 -0.00473829 0.999984 17.6534
0.999814 0.00379119 -0.0189175 0.21694 -0.00371786 0.999989 0.00387282 -0.164242 0.0189304 -0.00380128 0.999821 18.0473
0.999949 0.00356621 -0.010198 0.189275 -0.00355027 1 0.00128273 -0.15536 0.0102 -0.00124631 0.999965 18.44
0.999983 0.00238652 -0.00530997 0.200625 -0.00239098 1 -0.000982858 -0.155432 0.00530579 0.00099606 0.999994 18.8239
0.999996 0.00448933 -0.00133901 0.215583 -0.00449181 0.999991 -0.00414872 -0.157211 0.00131777 0.00415485 1.00001 19.2176
0.99767 0.00680223 -0.0678952 0.194967 -0.00704313 0.999973 -0.00332097 -0.157441 0.0678697 0.00379174 0.997696 19.6204
0.993174 0.00454065 -0.116588 0.108432 -0.00453014 0.999999 0.000328169 -0.194106 0.116587 0.000202612 0.993198 20.0078
0.982824 0.0118307 -0.184182 -0.0497956 -0.0109707 0.999927 0.00568218 -0.247467 0.184235 -0.00356377 0.982887 20.2989
0.976528 0.0110105 -0.215129 -0.23637 -0.00893013 0.999913 0.0106255 -0.292805 0.215224 -0.00845453 0.976548 20.6008
0.966768 0.0101569 -0.255464 -0.445666 -0.00596484 0.999839 0.0171748 -0.331495 0.255597 -0.0150801 0.966678 20.9044
0.956219 0.0209296 -0.291932 -0.799201 -0.013916 0.999578 0.0260683 -0.40491 0.292348 -0.0208636 0.956108 21.2025
0.953815 0.0267144 -0.299211 -1.14048 -0.0184603 0.99939 0.030375 -0.458667 0.299832 -0.0234489 0.953723 21.503
0.95274 0.0293649 -0.302353 -1.54618 -0.0205574 0.999287 0.0322584 -0.456693 0.303073 -0.0245178 0.952671 21.7893
0.952711 0.0326749 -0.302119 -1.93883 -0.023385 0.99916 0.0343121 -0.450212 0.302978 -0.0256248 0.952672 22.0836
0.955824 0.0350699 -0.291825 -2.35011 -0.0262169 0.999092 0.0341797 -0.439393 0.292746 -0.0250187 0.955881 22.4215
0.951265 0.0416156 -0.305555 -2.77714 -0.0330445 0.998926 0.0331691 -0.423697 0.306599 -0.0214562 0.951616 22.7611
0.963227 0.0378563 -0.265988 -3.18627 -0.0307689 0.999073 0.0307491 -0.410716 0.266893 -0.0214341 0.963505 23.1229
0.974382 0.0334186 -0.222397 -3.62256 -0.02755 0.999211 0.0294336 -0.399004 0.223194 -0.0225527 0.974534 23.55
0.980359 0.0332455 -0.194366 -4.04969 -0.0280206 0.99919 0.0295487 -0.391586 0.195178 -0.0235219 0.980503 24.0066
0.99171 0.0235185 -0.126338 -4.4383 -0.0199293 0.999388 0.0295874 -0.380241 0.126946 -0.0268241 0.991567 24.5041
0.997555 0.0153805 -0.0680841 -4.78693 -0.0135744 0.999553 0.0268467 -0.356378 0.068455 -0.0258564 0.997333 25.0379
0.999782 0.010018 -0.018401 -5.10803 -0.0095774 0.999696 0.0237843 -0.332376 0.0186232 -0.0236024 0.999568 25.6108
0.999729 0.00850867 0.0215779 -5.23579 -0.00905138 0.999657 0.0252272 -0.340331 -0.0213678 -0.0254144 0.999478 26.6401
0.998755 0.00566069 0.0497955 -5.1813 -0.00694849 0.999673 0.0257572 -0.311223 -0.0496437 -0.02607 0.998458 27.7251
0.996932 0.00179534 0.078219 -5.095 -0.00394626 0.999635 0.0273674 -0.298764 -0.078153 -0.0275907 0.996591 28.7204
0.994161 -0.00167044 0.107998 -4.97753 -0.00112431 0.999695 0.0258268 -0.286479 -0.108019 -0.0257962 0.993845 29.7079
0.990296 -0.00223969 0.138929 -4.83475 -0.000698174 0.999795 0.0211027 -0.277472 -0.138959 -0.0209936 0.990106 30.6913
0.985539 -0.00581062 0.169415 -4.65601 0.00341267 0.99992 0.0144523 -0.264576 -0.169496 -0.0136639 0.985469 31.6602
0.979681 -0.00927949 0.200319 -4.45221 0.00715164 0.99993 0.0113499 -0.264338 -0.200421 -0.00968527 0.979691 32.6106
0.972541 -0.00984533 0.23257 -4.22536 0.00679428 0.999911 0.0139238 -0.267375 -0.232697 -0.0119602 0.972506 33.5521
0.963827 -0.00739608 0.266412 -3.94565 0.00254097 0.999845 0.0185694 -0.260112 -0.266519 -0.0172192 0.963706 34.518
0.953416 -0.00693436 0.301616 -3.65018 0.000458234 0.999798 0.0215427 -0.266544 -0.301715 -0.0203997 0.953212 35.4464
0.941313 -0.00141129 0.33752 -3.32583 -0.0040906 0.999892 0.015593 -0.25837 -0.337516 -0.0160571 0.941213 36.3692
0.928138 0.00397082 0.372245 -2.96806 -0.00732575 0.999975 0.00760278 -0.25543 -0.372216 -0.00978237 0.928129 37.2793
0.913892 0.00538151 0.405914 -2.59893 -0.00812261 0.999977 0.00503331 -0.263856 -0.405887 -0.00789554 0.913921 38.1323
0.898814 0.00327018 0.438342 -2.17801 -0.00697559 0.999984 0.00684649 -0.26287 -0.438322 -0.00921044 0.898807 38.9954
0.882491 0.00282489 0.470313 -1.7262 -0.00673613 0.999977 0.00663601 -0.274154 -0.470293 -0.00902294 0.882497 39.8212
0.865083 0.00378659 0.501634 -1.24158 -0.00591025 1.00001 0.00264669 -0.277091 -0.501639 -0.00525336 0.865099 40.6506
0.846574 0.00567566 0.532235 -0.731262 -0.00618541 1 -0.000822922 -0.284277 -0.532249 -0.00259402 0.846616 41.4544
0.826996 0.00815658 0.562166 -0.197549 -0.00793201 0.999995 -0.00283787 -0.292853 -0.562196 -0.00211125 0.827042 42.2301
0.806328 0.00928107 0.591392 0.377394 -0.0077499 0.999979 -0.00512459 -0.301658 -0.591435 -0.000449702 0.806387 42.9986
0.784692 0.0149564 0.619721 0.97697 -0.009294 0.999911 -0.0123616 -0.317644 -0.619861 0.00394123 0.784746 43.7449
0.761569 0.0222022 0.647702 1.57231 -0.0100829 0.999721 -0.0224115 -0.346761 -0.648025 0.0105385 0.761583 44.4321
0.73777 0.0295234 0.674421 2.23718 -0.0108482 0.999465 -0.0318831 -0.365724 -0.675009 0.0162068 0.73768 45.1418
0.712314 0.0349133 0.700993 2.89204 -0.0134377 0.999281 -0.0361134 -0.398282 -0.701755 0.0163056 0.712272 45.8032
0.686089 0.0354764 0.726664 3.5833 -0.0149271 0.99932 -0.0346919 -0.433763 -0.727408 0.0129554 0.686136 46.4578
0.658376 0.0365327 0.751803 4.30247 -0.019559 0.999339 -0.0314312 -0.466829 -0.752458 0.00599031 0.658655 47.1001
0.629742 0.0390509 0.775834 5.03171 -0.0233034 0.999269 -0.0313803 -0.506122 -0.776498 0.00168255 0.630177 47.6917
0.599428 0.0440994 0.799215 5.79897 -0.0301559 0.999041 -0.0325063 -0.541463 -0.799884 -0.00461475 0.600182 48.2852
0.569153 0.0476378 0.820862 6.62205 -0.0347524 0.998855 -0.0338699 -0.575868 -0.821541 -0.00924915 0.570143 48.8367
0.538363 0.0484845 0.841319 7.44996 -0.0369863 0.998766 -0.0338886 -0.610208 -0.841925 -0.0128718 0.53949 49.3466
0.506894 0.0487482 0.860639 8.30201 -0.0372922 0.998738 -0.0346047 -0.647928 -0.861245 -0.0145536 0.508059 49.8336
0.475217 0.0484209 0.878537 9.17483 -0.0358417 0.998746 -0.0356571 -0.687071 -0.879163 -0.0145424 0.476354 50.2923
0.442876 0.0463717 0.895392 10.0205 -0.0326038 0.998867 -0.0356026 -0.734731 -0.896032 -0.0134251 0.443874 50.7198
0.41109 0.0432427 0.910571 10.9185 -0.0237367 0.999068 -0.0367277 -0.784005 -0.911311 -0.00651441 0.41173 51.1245
0.380456 0.0455974 0.923683 11.8429 -0.0209717 0.998985 -0.040675 -0.839023 -0.924604 -0.00389558 0.381014 51.4896
0.350479 0.0501211 0.935231 12.7864 -0.0195742 0.998765 -0.0461892 -0.892156 -0.936392 -0.00211693 0.351023 51.8265
0.322752 0.0523686 0.945043 13.7158 -0.0123307 0.998649 -0.0511266 -0.943042 -0.946446 0.00484862 0.32295 52.1499
0.297582 0.0508789 0.953342 14.6406 -0.0104691 0.998717 -0.0500312 -0.994999 -0.954665 0.00490882 0.297728 52.4505
0.275905 0.0480395 0.959993 15.6246 -0.00837954 0.998865 -0.047575 -1.04848 -0.961191 0.00508219 0.275983 52.7371
0.257135 0.0463062 0.965268 16.5997 -0.00805056 0.998944 -0.0457757 -1.09907 -0.966368 0.00400065 0.25723 53.0096
0.240633 0.0491039 0.969383 17.5791 -0.00600904 0.998808 -0.0491015 -1.15616 -0.970641 0.00599067 0.24063 53.2547
0.226135 0.0524045 0.972688 18.559 -0.00248911 0.998605 -0.0532207 -1.21699 -0.974118 0.00961502 0.225945 53.4821
0.214086 0.0559636 0.97522 19.5362 0.00244372 0.998356 -0.0578264 -1.28474 -0.976856 0.0147631 0.213587 53.7015
0.205079 0.0574581 0.977059 20.5313 0.00828035 0.998162 -0.0604356 -1.3565 -0.978735 0.0204855 0.204221 53.9066
0.199125 0.0613086 0.978065 21.5289 0.0123435 0.997837 -0.0650598 -1.43333 -0.979941 0.0250277 0.197927 54.1064
0.195397 0.0652854 0.978551 22.5372 0.0142749 0.997511 -0.0693994 -1.51253 -0.980645 0.0275301 0.193973 54.3049
0.192601 0.0689005 0.978867 23.5348 0.0164929 0.997196 -0.0734347 -1.59266 -0.981183 0.0302877 0.190915 54.499
0.190137 0.0719947 0.979117 24.5398 0.0167722 0.996948 -0.0765615 -1.67501 -0.98164 0.03098 0.188344 54.6841
0.187044 0.0758874 0.979428 25.5307 0.0173469 0.996634 -0.0805323 -1.7562 -0.982242 0.0320529 0.185088 54.882
0.184924 0.0791072 0.979567 26.5324 0.0186718 0.996317 -0.0839835 -1.85034 -0.982601 0.0338216 0.18276 55.0688
0.181815 0.0801944 0.98007 27.5331 0.020856 0.996163 -0.0853792 -1.94521 -0.983156 0.0359632 0.179435 55.2614
0.180699 0.0788733 0.980374 28.5778 0.020999 0.996268 -0.084021 -2.04256 -0.983339 0.0357701 0.178363 55.4317
0.17944 0.0787302 0.980626 29.6247 0.0203953 0.996313 -0.0837207 -2.13927 -0.983602 0.0350226 0.177163 55.6017
0.178318 0.0801167 0.980709 30.6743 0.0204183 0.996189 -0.0850924 -2.2336 -0.983786 0.0351985 0.175997 55.7727
0.176006 0.0829995 0.980898 31.7309 0.0192296 0.995992 -0.0877265 -2.32513 -0.984248 0.0343021 0.173695 55.9662
0.172968 0.0861385 0.981158 32.7935 0.0178417 0.995757 -0.0905642 -2.4198 -0.98479 0.0331708 0.170691 56.1597
0.170647 0.0901916 0.98121 33.8335 0.0158754 0.995454 -0.0942611 -2.52698 -0.98525 0.0316618 0.168429 56.3439
0.167797 0.0950053 0.981237 34.8583 0.012705 0.995079 -0.0985169 -2.64125 -0.985765 0.0289978 0.165758 56.5399
0.165023 0.098764 0.981348 35.9476 0.0103514 0.994781 -0.101856 -2.74186 -0.986282 0.026966 0.163129 56.7294
0.162568 0.0984565 0.981777 37.0475 0.00838242 0.99486 -0.101155 -2.84878 -0.986686 0.0246746 0.160901 56.897
0.1601 0.0958999 0.982447 38.1506 0.00515461 0.995211 -0.0979849 -2.95201 -0.987134 0.0207509 0.158829 57.0641
0.155605 0.0950519 0.98324 39.2158 0.0045611 0.995306 -0.0969387 -3.05553 -0.987835 0.019569 0.154434 57.278
0.153734 0.0959246 0.983458 40.2954 0.004035 0.995243 -0.0977035 -3.16528 -0.988148 0.0189879 0.152606 57.459
0.151926 0.0986313 0.983463 41.3923 0.00515984 0.994941 -0.100578 -3.27475 -0.988403 0.0203551 0.150642 57.6345
0.151193 0.101552 0.983287 42.4823 0.0055548 0.994641 -0.103577 -3.38653 -0.988533 0.0211214 0.149808 57.8063
0.150409 0.102856 0.983263 43.5678 0.00398122 0.994527 -0.104641 -3.50117 -0.988641 0.0196537 0.14917 57.9792
0.150383 0.102937 0.983267 44.6597 0.000797565 0.994586 -0.104243 -3.61623 -0.988671 0.0164599 0.149476 58.1571
0.150061 0.103813 0.983216 45.7464 -0.00336425 0.994544 -0.104494 -3.73449 -0.988695 0.0123728 0.149585 58.3288
0.150465 0.1063 0.982898 46.8862 -0.00728087 0.99433 -0.10642 -3.85398 -0.988633 0.00885554 0.150376 58.4981
0.14993 0.107501 0.982839 47.9932 -0.0116842 0.994218 -0.106962 -3.97976 -0.988651 0.00455296 0.150313 58.675
0.149842 0.107911 0.982818 49.1086 -0.014885 0.994196 -0.10689 -4.10395 -0.988643 0.00138677 0.150568 58.846
0.149547 0.103059 0.983373 50.2312 -0.0147573 0.994699 -0.102001 -4.22173 -0.988668 0.000741878 0.150269 59.0222
0.147886 0.0939542 0.984546 51.3439 -0.012118 0.995612 -0.0931888 -4.33796 -0.988977 0.00185006 0.148365 59.2105
0.147592 0.0873569 0.985188 52.4802 -0.00699213 0.996184 -0.0872832 -4.45103 -0.989048 0.00599375 0.147633 59.383
0.147667 0.0872066 0.985199 53.5793 0.00148411 0.996122 -0.0883945 -4.56334 -0.989083 0.0145143 0.146954 59.5538
0.148949 0.0914518 0.984613 54.7298 0.00688401 0.99562 -0.0935143 -4.66983 -0.988844 0.0207069 0.147661 59.712
0.150099 0.0963022 0.983984 55.8636 0.0102184 0.995078 -0.0989452 -4.78383 -0.988666 0.0249052 0.148365 59.8763
0.150644 0.100537 0.983469 56.988 0.0110676 0.994608 -0.10337 -4.90387 -0.988549 0.0264564 0.148712 60.0482
0.150562 0.0985774 0.983688 58.1392 0.00814992 0.994896 -0.100947 -5.02595 -0.988615 0.0232146 0.148979 60.2286
0.149186 0.094554 0.984285 59.2405 0.00733732 0.99531 -0.0967242 -5.1491 -0.988805 0.0216515 0.147786 60.4377
0.149573 0.0933058 0.984354 60.4278 0.00480994 0.995493 -0.0950917 -5.26621 -0.988788 0.0189563 0.148439 60.6099
0.1493 0.0943242 0.98429 61.5768 0.00228276 0.995431 -0.0957371 -5.38464 -0.988813 0.0165398 0.148395 60.7956
0.14899 0.0993525 0.98385 62.7354 0.00278629 0.99493 -0.100892 -5.50335 -0.988884 0.0177716 0.147946 60.978
0.148518 0.102018 0.983641 63.8766 0.00196214 0.994659 -0.103456 -5.62733 -0.988931 0.0172944 0.147517 61.173
0.149062 0.101196 0.983653 65.0655 0.00205019 0.994752 -0.102647 -5.75027 -0.988875 0.0173157 0.148061 61.3432
0.148076 0.0941332 0.984495 66.2116 0.00341246 0.995433 -0.0956914 -5.87626 -0.988994 0.0175283 0.147071 61.5529
0.147841 0.0928944 0.984655 67.3717 0.00287167 0.995572 -0.0943545 -5.99711 -0.989055 0.0167754 0.146908 61.732
0.147571 0.0963138 0.98436 68.554 0.000234393 0.995271 -0.0974156 -6.12176 -0.989076 0.0146055 0.146843 61.9211
0.147683 0.0994482 0.984038 69.7594 -0.000253594 0.994973 -0.100514 -6.24499 -0.989083 0.0145929 0.146953 62.1056
0.147757 0.0994325 0.984022 70.967 -0.00138317 0.994981 -0.100331 -6.36825 -0.989047 0.0134626 0.147146 62.2908
0.147766 0.0962113 0.984348 72.1705 -0.0017834 0.995318 -0.0970149 -6.49402 -0.989069 0.0125784 0.147234 62.4784
0.148332 0.0949425 0.984379 73.3738 -0.00106557 0.995424 -0.0958462 -6.61833 -0.988962 0.0131671 0.147747 62.6666
0.149616 0.0950529 0.984181 74.5956 0.000365517 0.995399 -0.0961912 -6.74205 -0.988792 0.0147497 0.148881 62.8478
0.150645 0.0947813 0.984043 75.8094 0.00265598 0.995379 -0.0962788 -6.8641 -0.988609 0.0171166 0.14969 63.0339
0.151252 0.0941449 0.984018 77.0109 0.00241833 0.995453 -0.0956096 -6.99254 -0.98854 0.0168391 0.150324 63.227
0.152457 0.0942221 0.983818 78.2286 0.00378839 0.99541 -0.0959184 -7.12081 -0.988328 0.0183495 0.151392 63.417
0.153493 0.092293 0.983847 79.4477 0.00396053 0.9956 -0.0940126 -7.24715 -0.98819 0.0183251 0.15244 63.6088
0.154703 0.0917666 0.983699 80.6888 0.00233298 0.995668 -0.093249 -7.37139 -0.987983 0.0167198 0.153811 63.8066
0.155553 0.0905419 0.983686 81.8928 0.0035554 0.995769 -0.0922154 -7.49713 -0.98787 0.0178399 0.15456 64.0058
0.15767 0.0919225 0.983214 83.1448 0.00170382 0.99566 -0.0933582 -7.61983 -0.987517 0.0163937 0.156821 64.2025
0.158938 0.0940245 0.982818 84.365 0.00254848 0.995449 -0.095644 -7.75056 -0.987333 0.0177043 0.157963 64.4038
0.159099 0.0937044 0.982815 85.6024 -0.000103447 0.995515 -0.0948974 -7.87261 -0.987289 0.014995 0.158388 64.6219
0.158015 0.0935891 0.983008 86.8397 -0.00395439 0.995587 -0.0941501 -7.99953 -0.987477 0.0109881 0.157675 64.8536
0.157104 0.0953553 0.982977 88.0803 -0.00674696 0.995436 -0.0954845 -8.12475 -0.987585 0.00836738 0.157023 65.0718
0.157658 0.0953012 0.982901 89.3247 -0.00884799 0.995464 -0.0950994 -8.24834 -0.987502 0.00629474 0.157774 65.2577
0.15569 0.093487 0.983383 90.5797 -0.0118074 0.995645 -0.0927824 -8.37785 -0.987763 0.00283257 0.156108 65.4786
0.153945 0.0926537 0.983742 91.8499 -0.0138917 0.995733 -0.0916085 -8.50671 -0.988029 0.000435206 0.154563 65.6958
0.15301 0.0925691 0.983891 93.1232 -0.0156036 0.995734 -0.0912558 -8.63227 -0.988129 -0.00139069 0.153794 65.8955
0.151761 0.0928939 0.984059 94.401 -0.0154487 0.99571 -0.0916107 -8.75821 -0.988344 -0.00130118 0.152533 66.0954
0.149721 0.0918235 0.984466 95.6792 -0.0156258 0.995803 -0.0905034 -8.88056 -0.988632 -0.00183423 0.15052 66.2958
0.146614 0.0876617 0.985319 96.9199 -0.0187914 0.996167 -0.0858303 -9.00932 -0.989062 -0.00593316 0.147688 66.4775
0.143436 0.0878745 0.985761 98.165 -0.0193777 0.996137 -0.0859788 -9.12953 -0.989497 -0.00677072 0.144577 66.6492
0.13919 0.0946651 0.985748 99.4073 -0.0244865 0.99548 -0.0921417 -9.25857 -0.99001 -0.0113138 0.140867 66.816
0.133154 0.0974056 0.986308 100.678 -0.0232412 0.995221 -0.0951471 -9.38908 -0.99085 -0.0102552 0.134774 66.9824
0.124317 0.0932366 0.987868 101.964 -0.0211106 0.995633 -0.0913122 -9.51589 -0.992064 -0.00950419 0.125732 67.1408
0.113933 0.0907769 0.989344 103.217 -0.0186014 0.995866 -0.0892321 -9.64628 -0.993342 -0.00823811 0.115143 67.2794
0.100719 0.0914777 0.990718 104.437 -0.0181238 0.995802 -0.0901043 -9.78061 -0.994798 -0.00888182 0.101944 67.4119
0.0867533 0.0907065 0.992103 105.675 -0.0157277 0.995876 -0.089675 -9.91056 -0.996132 -0.0078253 0.0878144 67.5299
0.0710616 0.0886209 0.993546 106.92 -0.0149612 0.996062 -0.0877751 -10.036 -0.997408 -0.00862861 0.0720978 67.6382
0.0560861 0.0906849 0.994311 108.183 -0.00991101 0.995898 -0.0902694 -10.1556 -0.998403 -0.00479315 0.0567469 67.7091
0.0413325 0.0939811 0.994735 109.39 -0.00907487 0.995596 -0.0936852 -10.2884 -0.999152 -0.00515645 0.0419941 67.746
0.0265808 0.0979996 0.994844 110.629 -0.00827378 0.995201 -0.0978125 -10.422 -0.999639 -0.00563268 0.0272562 67.7721
0.0109415 0.0968854 0.995255 111.874 -0.0109416 0.995283 -0.0967676 -10.5547 -0.999928 -0.0098323 0.0119414 67.7801
-0.00541718 0.0927408 0.995685 113.122 -0.0163232 0.995582 -0.0928178 -10.6876 -0.999877 -0.0167572 -0.00388722 67.7843
-0.020932 0.0901616 0.99573 114.362 -0.0192486 0.99574 -0.0905675 -10.8122 -0.999645 -0.0210633 -0.0191154 67.7571
-0.0356832 0.0925229 0.995079 115.61 -0.0204011 0.995461 -0.0932878 -10.937 -0.999179 -0.0236312 -0.0336414 67.716
-0.049926 0.0949733 0.994247 116.855 -0.0200363 0.995209 -0.0960712 -11.0628 -0.998601 -0.0247186 -0.0477913 67.6542
-0.0641105 0.0972817 0.993199 118.098 -0.0177765 0.994999 -0.0986035 -11.1912 -0.997809 -0.0239788 -0.0620681 67.5817
-0.0785002 0.0969504 0.992208 119.323 -0.015271 0.995062 -0.0984372 -11.3227 -0.996844 -0.0228805 -0.0766388 67.4809
-0.0931099 0.0952228 0.991099 120.544 -0.0151176 0.995197 -0.0970344 -11.4555 -0.995563 -0.0240198 -0.0912307 67.3706
-0.108591 0.0941973 0.989633 121.764 -0.0147859 0.995272 -0.0963564 -11.5875 -0.994024 -0.0250972 -0.106691 67.2423
-0.124062 0.0964419 0.987582 122.993 -0.015662 0.994982 -0.0991293 -11.7177 -0.992173 -0.0277676 -0.121937 67.0927
-0.139953 0.0988136 0.985235 124.184 -0.0141828 0.994741 -0.101782 -11.8506 -0.990104 -0.0282191 -0.137821 66.9337
-0.15593 0.100382 0.982661 125.378 -0.0122884 0.99458 -0.103547 -11.9873 -0.987714 -0.0282232 -0.153858 66.7534
-0.171636 0.102361 0.979849 126.586 -0.00916199 0.994414 -0.105488 -12.1304 -0.985165 -0.0270841 -0.169744 66.5455
-0.187386 0.106818 0.976468 127.809 -0.00858527 0.993886 -0.110368 -12.2666 -0.982271 -0.0290669 -0.18533 66.3125
-0.203499 0.109634 0.972938 129.025 -0.00698511 0.993558 -0.113418 -12.4063 -0.979097 -0.0298778 -0.201426 66.0579
-0.219886 0.107705 0.96957 130.226 -0.00758923 0.9937 -0.112104 -12.5505 -0.975518 -0.0320105 -0.21769 65.7884
-0.236496 0.104578 0.96601 131.43 -0.00989165 0.993916 -0.110021 -12.6926 -0.971628 -0.0355759 -0.234026 65.4769
-0.253713 0.105378 0.961532 132.619 -0.00967599 0.993755 -0.11146 -12.835 -0.967254 -0.0375846 -0.251116 65.1608
-0.271664 0.105403 0.956626 133.854 -0.0105081 0.993637 -0.112465 -12.9765 -0.962382 -0.0406058 -0.268831 64.8297
-0.28887 0.104457 0.951659 135.025 -0.0105303 0.993656 -0.11226 -13.1317 -0.95733 -0.0424521 -0.285943 64.464
-0.305474 0.104497 0.946473 136.207 -0.0111018 0.993539 -0.113277 -13.2867 -0.952183 -0.0451113 -0.302342 64.077
-0.322648 0.104607 0.940725 137.422 -0.010569 0.993447 -0.114091 -13.4353 -0.946477 -0.0467564 -0.319433 63.6712
-0.339983 0.102458 0.934856 138.629 -0.0101232 0.993628 -0.112581 -13.5834 -0.940421 -0.0477399 -0.33678 63.2463
-0.357094 0.0994926 0.928759 139.824 -0.00923435 0.993921 -0.11002 -13.7263 -0.934039 -0.0478664 -0.354009 62.7982
-0.372806 0.097674 0.922775 140.964 -0.00775831 0.994118 -0.108359 -13.8756 -0.927919 -0.0475569 -0.369856 62.3231
-0.388951 0.0972195 0.916119 142.15 -0.00724154 0.994097 -0.108565 -14.0173 -0.921246 -0.0488633 -0.385956 61.8193
-0.404905 0.100061 0.908889 143.308 -0.00739602 0.99364 -0.112686 -14.1609 -0.914371 -0.05235 -0.40159 61.2915
-0.42116 0.101097 0.901341 144.456 -0.00869437 0.993306 -0.115471 -14.3068 -0.906962 -0.0564709 -0.417467 60.7414
-0.439591 0.0991803 0.892721 145.609 -0.00902833 0.993384 -0.114808 -14.4564 -0.898188 -0.0585293 -0.435786 60.1857
-0.459315 0.0926705 0.88343 146.779 -0.0114346 0.993878 -0.110197 -14.6078 -0.888215 -0.0607198 -0.455447 59.5954
-0.479715 0.0912252 0.872684 147.924 -0.0107101 0.993934 -0.109785 -14.7597 -0.877393 -0.062013 -0.475826 58.9772
-0.502606 0.0891403 0.85991 149.086 -0.0115938 0.99392 -0.109804 -14.9104 -0.864449 -0.0651611 -0.498521 58.3549
-0.523305 0.0862964 0.847787 150.2 -0.0136685 0.993916 -0.109607 -15.0688 -0.852076 -0.0689459 -0.51894 57.6605
-0.543278 0.084896 0.835255 151.298 -0.0120906 0.994014 -0.108893 -15.2222 -0.83948 -0.0692604 -0.539002 56.943
-0.562984 0.087668 0.821828 152.353 -0.00880447 0.993701 -0.112033 -15.3775 -0.826461 -0.0703085 -0.558663 56.2131
-0.582361 0.0865071 0.808316 153.416 -0.0044638 0.994001 -0.109591 -15.5308 -0.812927 -0.0674326 -0.578484 55.4477
-0.601333 0.0876303 0.794204 154.464 0.000577039 0.99405 -0.109243 -15.6845 -0.799039 -0.0652333 -0.597802 54.6561
-0.619997 0.090184 0.779404 155.501 0.00359384 0.993722 -0.112119 -15.8344 -0.784602 -0.0667155 -0.616432 53.8223
-0.641832 0.0926886 0.761253 156.546 0.0060334 0.993284 -0.115853 -15.993 -0.766865 -0.0697648 -0.638075 53.0346
-0.658173 0.0941448 0.746961 157.513 0.00980975 0.993174 -0.116529 -16.1417 -0.752809 -0.0693713 -0.654606 52.1477
-0.674052 0.0928091 0.732861 158.462 0.0123289 0.993389 -0.114462 -16.2958 -0.738623 -0.0681176 -0.670733 51.2719
-0.688505 0.0947817 0.719014 159.406 0.0156358 0.993168 -0.115944 -16.4571 -0.725068 -0.0685884 -0.685286 50.3503
-0.70173 0.0982495 0.705668 160.312 0.018957 0.992707 -0.119362 -16.6136 -0.712233 -0.0703822 -0.698468 49.454
-0.715236 0.097078 0.692111 161.217 0.0179771 0.992569 -0.120638 -16.7766 -0.698656 -0.0738459 -0.711668 48.5409
-0.727481 0.0945931 0.679609 162.105 0.0171206 0.992683 -0.119842 -16.9351 -0.685957 -0.0755466 -0.723769 47.5979
-0.738967 0.0927234 0.667332 163.025 0.0163073 0.992692 -0.119867 -17.1062 -0.673549 -0.0776981 -0.735077 46.6149
-0.749483 0.0911954 0.655748 163.93 0.0165222 0.992773 -0.119181 -17.2764 -0.661861 -0.0784891 -0.745564 45.6178
-0.759752 0.0886883 0.644137 164.818 0.0155984 0.992891 -0.118302 -17.4447 -0.650029 -0.0798357 -0.755733 44.6062
-0.769148 0.0836647 0.633607 165.69 0.0137923 0.993373 -0.114426 -17.6072 -0.638966 -0.0792712 -0.765196 43.5847
-0.777643 0.080037 0.623592 166.547 0.0132459 0.993766 -0.111023 -17.7652 -0.628569 -0.0780795 -0.773852 42.5511
-0.785104 0.0792391 0.614313 167.377 0.0162184 0.99411 -0.1075 -17.9241 -0.619197 -0.074435 -0.781755 41.5274
-0.790681 0.0828131 0.606603 168.198 0.020737 0.9939 -0.10865 -18.0847 -0.611879 -0.0733313 -0.787572 40.4933
-0.793863 0.0875551 0.601788 168.933 0.0267906 0.993692 -0.10923 -18.2454 -0.60754 -0.0705922 -0.791192 39.4812
-0.795097 0.0908584 0.599638 169.692 0.0301741 0.993453 -0.110513 -18.4189 -0.605732 -0.0697787 -0.792629 38.3662
-0.797525 0.088091 0.596853 170.456 0.0279347 0.99365 -0.109327 -18.571 -0.602678 -0.0705186 -0.794912 37.3128
-0.800892 0.0807175 0.593345 171.256 0.0220952 0.994219 -0.105421 -18.7246 -0.598404 -0.071324 -0.798041 36.2591
-0.804264 0.0747622 0.589584 172.048 0.0167928 0.994555 -0.103205 -18.8763 -0.594074 -0.0731034 -0.801131 35.2035
-0.806872 0.0699057 0.586577 172.827 0.0101496 0.994504 -0.104553 -19.0228 -0.590641 -0.0784105 -0.803143 34.1294
-0.808999 0.0687412 0.58381 173.602 0.00700126 0.994232 -0.107363 -19.1692 -0.587807 -0.0827688 -0.804805 33.0662
-0.810385 0.0702396 0.581674 174.363 0.00706021 0.993923 -0.110178 -19.3164 -0.585857 -0.0851828 -0.805952 32.0268
-0.810672 0.071429 0.581161 175.135 0.00734135 0.993729 -0.111895 -19.4766 -0.585493 -0.0864427 -0.806105 30.9552
-0.810289 0.0744752 0.581281 175.895 0.00984753 0.993519 -0.113558 -19.634 -0.58595 -0.086294 -0.805766 29.8925
-0.810394 0.0761041 0.580955 176.658 0.0104148 0.993279 -0.115588 -19.7873 -0.585831 -0.0876211 -0.805732 28.8663
-0.80991 0.0774639 0.58142 177.425 0.0106646 0.993059 -0.117445 -19.9505 -0.586461 -0.0889227 -0.80511 27.8144
-0.808317 0.0785018 0.583524 178.188 0.0115337 0.993029 -0.117614 -20.1103 -0.588673 -0.0883388 -0.803579 26.7543
-0.80613 0.0787474 0.586479 178.95 0.0115239 0.993044 -0.117491 -20.2789 -0.59163 -0.087958 -0.801426 25.6835
-0.803482 0.0779351 0.590235 179.719 0.00986769 0.993039 -0.117687 -20.4385 -0.595282 -0.0887348 -0.798649 24.6428
-0.800543 0.0764942 0.594375 180.495 0.00903833 0.993287 -0.115653 -20.5942 -0.599209 -0.0872165 -0.795856 23.6122
-0.797015 0.0743163 0.599402 181.27 0.00766005 0.993603 -0.113003 -20.7505 -0.603949 -0.0854738 -0.792477 22.5869
-0.79241 0.07193 0.605738 182.07 0.00593796 0.993924 -0.110252 -20.9075 -0.609965 -0.0837715 -0.788018 21.5447
-0.787374 0.0741255 0.612035 182.868 0.00787428 0.993912 -0.110244 -21.0639 -0.616462 -0.0819838 -0.783156 20.5148
-0.781462 0.0745382 0.61949 183.672 0.00716569 0.993884 -0.110541 -21.2206 -0.623917 -0.0819477 -0.777213 19.4934
-0.774743 0.0781126 0.627462 184.52 0.00866251 0.993597 -0.112995 -21.3767 -0.632252 -0.0821068 -0.770451 18.4736
-0.767097 0.079137 0.636641 185.333 0.00948169 0.993693 -0.11209 -21.5335 -0.641471 -0.0799503 -0.763004 17.4706
-0.75886 0.0809763 0.646223 186.158 0.00952494 0.993553 -0.113312 -21.696 -0.651212 -0.0798331 -0.754733 16.4988
-0.749044 0.0835086 0.657246 187.02 0.0099645 0.993374 -0.114855 -21.8522 -0.662455 -0.0794851 -0.74491 15.5134
-0.73873 0.0859365 0.668523 187.884 0.0113176 0.993319 -0.11518 -22.0071 -0.673933 -0.0775215 -0.734763 14.5507
-0.728769 0.0850145 0.679472 188.76 0.0099842 0.993518 -0.113594 -22.1605 -0.684697 -0.0760028 -0.724892 13.6005
-0.718137 0.0879572 0.690342 189.651 0.0114833 0.993382 -0.11462 -22.3152 -0.695833 -0.0743866 -0.714391 12.6661
-0.707187 0.0895494 0.701343 190.579 0.0132063 0.993488 -0.11353 -22.4803 -0.706913 -0.0710281 -0.703764 11.7242
-0.69562 0.0902951 0.712732 191.481 0.0157082 0.993784 -0.110568 -22.6457 -0.718261 -0.0657192 -0.692713 10.8167
-0.683396 0.091152 0.724348 192.459 0.018162 0.994032 -0.10795 -22.8038 -0.729835 -0.0606196 -0.680973 9.90077
-0.670744 0.0927995 0.735877 193.439 0.0198488 0.99407 -0.107265 -22.9591 -0.741448 -0.0573433 -0.668607 9.00431
-0.65813 0.0944418 0.746971 194.393 0.0212518 0.994079 -0.106956 -23.1147 -0.752617 -0.0545194 -0.65624 8.16762
-0.641195 0.0975997 0.761165 195.326 0.0323561 0.994476 -0.100258 -23.2564 -0.766724 -0.0396586 -0.640808 7.35463
-0.625059 0.099415 0.774234 196.29 0.0339654 0.994423 -0.100263 -23.3988 -0.779852 -0.0363763 -0.624951 6.54689
-0.609623 0.102479 0.786057 197.262 0.0375088 0.994258 -0.100532 -23.504 -0.791834 -0.0318051 -0.609968 5.81074
-0.593923 0.105063 0.79765 198.292 0.0394908 0.994091 -0.10153 -23.6265 -0.803571 -0.0288042 -0.594564 5.06674
-0.576988 0.108282 0.80956 199.337 0.0423402 0.993837 -0.102754 -23.7505 -0.815686 -0.0250133 -0.578019 4.34499
-0.5603 0.109636 0.821021 200.347 0.0449845 0.993809 -0.102008 -23.864 -0.827089 -0.0202249 -0.561765 3.68563
-0.54148 0.110977 0.833373 201.398 0.0465549 0.99372 -0.102082 -23.9937 -0.839453 -0.0164804 -0.54325 3.01426
-0.520559 0.113724 0.846235 202.442 0.0482012 0.993468 -0.103856 -24.126 -0.852485 -0.0132767 -0.522642 2.38446
-0.497828 0.116426 0.859442 203.499 0.0469892 0.993147 -0.10732 -24.2629 -0.866032 -0.0130454 -0.499892 1.74257
-0.474454 0.117146 0.872467 204.568 0.0456949 0.993091 -0.10849 -24.4096 -0.879115 -0.0116095 -0.476532 1.14056
-0.450335 0.116806 0.885202 205.648 0.0436824 0.993135 -0.108826 -24.5563 -0.891822 -0.0103434 -0.452352 0.571851
-0.426171 0.116054 0.897183 206.727 0.0406919 0.993236 -0.109147 -24.7025 -0.903748 -0.0100104 -0.428015 0.0623126
-0.400384 0.116683 0.908904 207.818 0.0388306 0.993163 -0.110395 -24.8528 -0.915557 -0.00891008 -0.402185 -0.436701
-0.374725 0.116371 0.919819 208.937 0.0356227 0.993209 -0.111141 -25.0021 -0.926474 -0.00888402 -0.376332 -0.910876
-0.348843 0.115933 0.929998 210.066 0.0333614 0.99326 -0.111306 -25.1495 -0.936621 -0.00780551 -0.350368 -1.3517
-0.321575 0.11516 0.939871 211.201 0.0322822 0.993376 -0.110668 -25.2972 -0.946357 -0.00525001 -0.32317 -1.7578
-0.293523 0.115075 0.949016 212.335 0.0308384 0.993386 -0.110918 -25.4468 -0.955489 -0.00329402 -0.29514 -2.11558
-0.264004 0.117527 0.957351 213.49 0.0311631 0.993112 -0.113321 -25.592 -0.964043 -8.64251e-05 -0.265856 -2.4489
-0.233911 0.117754 0.965116 214.644 0.0296513 0.993075 -0.113979 -25.7366 -0.971841 0.0019524 -0.235794 -2.73541
-0.202883 0.116337 0.972283 215.831 0.0263795 0.993248 -0.113339 -25.8852 -0.978874 0.00265047 -0.204592 -3.00232
-0.172262 0.114279 0.978414 216.996 0.0228702 0.993478 -0.112012 -26.0246 -0.984822 0.00307793 -0.173766 -3.21514
-0.139601 0.115565 0.983457 218.165 0.0216439 0.993327 -0.113651 -26.1642 -0.989999 0.00541681 -0.141182 -3.38776
-0.104037 0.116578 0.987731 219.339 0.0204527 0.993182 -0.115067 -26.3196 -0.994401 0.00822695 -0.105727 -3.54442
-0.0676176 0.116123 0.990946 220.517 0.0196757 0.993207 -0.115043 -26.4754 -0.997546 0.0117152 -0.0694555 -3.66142
-0.0330446 0.115679 0.99275 221.72 0.0196338 0.993196 -0.115078 -26.6201 -0.999299 0.0156851 -0.0351072 -3.71849
0.00180462 0.115 0.99338 222.935 0.0161933 0.993273 -0.115015 -26.7662 -0.999897 0.01629 -8.32667e-05 -3.7414
0.0371082 0.113168 0.992896 224.108 0.015878 0.993409 -0.11382 -26.9072 -0.999225 0.019985 0.035049 -3.7074
0.0725523 0.110797 0.991208 225.304 0.0139486 0.99364 -0.112088 -27.0534 -0.997299 0.0219543 0.0705308 -3.63551
0.108013 0.108881 0.988184 226.488 0.0120891 0.993801 -0.110822 -27.1974 -0.994117 0.0239124 0.106008 -3.52212
0.143076 0.107808 0.983839 227.673 0.0102322 0.993874 -0.110394 -27.3367 -0.989691 0.0258577 0.141081 -3.36009
0.178147 0.106704 0.978216 228.843 0.00858237 0.993931 -0.109981 -27.4747 -0.984008 0.0279843 0.17613 -3.15609
0.213271 0.106335 0.971205 229.998 0.00683188 0.993911 -0.11032 -27.6096 -0.977002 0.0301595 0.21123 -2.91557
0.248267 0.106889 0.962793 231.174 0.00351332 0.993822 -0.111241 -27.7499 -0.968729 0.0309958 0.246336 -2.63556
0.282095 0.106291 0.953496 232.334 0.000727658 0.993858 -0.111005 -27.8873 -0.95942 0.0320039 0.280269 -2.31135
0.314701 0.105815 0.943292 233.478 -0.00255826 0.993892 -0.110639 -28.0254 -0.949233 0.0324006 0.313027 -1.94766
0.346177 0.106618 0.932107 234.594 -0.00629233 0.9938 -0.111337 -28.1618 -0.938183 0.032673 0.344684 -1.55009
0.377344 0.105305 0.920085 235.712 -0.00683174 0.993838 -0.110945 -28.3063 -0.926094 0.0355744 0.375715 -1.11369
0.40753 0.102219 0.907469 236.793 -0.00701004 0.994073 -0.108825 -28.4463 -0.9132 0.0379843 0.405814 -0.643456
0.435406 0.100081 0.894675 237.87 -0.00791369 0.994224 -0.107366 -28.5931 -0.900247 0.0396633 0.433658 -0.123917
0.462261 0.0989953 0.881217 238.937 -0.00787185 0.994204 -0.107558 -28.7313 -0.886745 0.0427793 0.460344 0.435123
0.488881 0.097506 0.866906 239.981 -0.0077134 0.994214 -0.107476 -28.8705 -0.872366 0.0458514 0.486779 1.02253
0.514385 0.0960907 0.852177 240.996 -0.00737566 0.994198 -0.107653 -28.9992 -0.857565 0.0490856 0.512092 1.64475
0.540571 0.0934023 0.836121 242.036 -0.0066389 0.994297 -0.10678 -29.1425 -0.841322 0.0521666 0.538082 2.30166
0.566867 0.0910193 0.818784 243.051 -0.0060822 0.99435 -0.106325 -29.2827 -0.823825 0.055288 0.5642 2.97965
0.592416 0.0888365 0.800745 244.035 -0.00506323 0.994329 -0.106568 -29.424 -0.805668 0.0590732 0.589479 3.68313
0.616011 0.086767 0.782964 244.963 -0.00544794 0.994398 -0.105911 -29.563 -0.787758 0.060973 0.613015 4.41679
0.638605 0.0843256 0.764928 245.882 -0.00601582 0.994531 -0.104615 -29.7005 -0.769564 0.0622012 0.635593 5.1889
0.661706 0.0829968 0.745177 246.799 -0.00731583 0.994558 -0.104276 -29.8382 -0.749768 0.0635447 0.658695 5.99423
0.685124 0.0829001 0.723724 247.705 -0.00778456 0.994315 -0.106527 -29.9765 -0.728439 0.0673451 0.681848 6.82163
0.708411 0.0832143 0.700899 248.59 -0.00860706 0.994006 -0.109314 -30.1133 -0.705788 0.0714026 0.704864 7.67209
0.730212 0.0804287 0.678502 249.435 -0.00835212 0.994059 -0.108847 -30.2496 -0.683225 0.073809 0.726519 8.54786
0.750538 0.0775207 0.656287 250.234 -0.00904517 0.994244 -0.107096 -30.3939 -0.660807 0.0744393 0.746902 9.45652
0.769512 0.075181 0.634227 250.999 -0.0108227 0.994476 -0.104755 -30.5372 -0.638598 0.0737405 0.766048 10.3872
0.785416 0.0762485 0.614278 251.729 -0.0141247 0.99437 -0.105368 -30.6666 -0.61885 0.0740774 0.782054 11.3528
0.800491 0.0762897 0.594505 252.461 -0.0165631 0.99434 -0.105297 -30.8037 -0.599173 0.0744374 0.797196 12.3578
0.814268 0.0751896 0.575625 253.17 -0.0184472 0.994464 -0.103804 -30.9412 -0.580241 0.0739018 0.81113 13.3813
0.827877 0.0728685 0.5562 253.89 -0.0195714 0.994712 -0.101189 -31.0757 -0.560632 0.0728811 0.8249 14.4285
0.840985 0.0695466 0.536598 254.626 -0.0190183 0.994929 -0.0991429 -31.2027 -0.54077 0.0731685 0.838025 15.5106
0.852959 0.0670659 0.5177 255.305 -0.0190652 0.99509 -0.0975002 -31.3303 -0.521697 0.0732879 0.850025 16.5738
0.862891 0.0635348 0.50141 255.899 -0.0175247 0.995271 -0.0959541 -31.4673 -0.505134 0.0740068 0.859904 17.6315
0.873802 0.062607 0.48229 256.534 -0.018639 0.995298 -0.095434 -31.5978 -0.485998 0.0743951 0.870835 18.7232
0.883065 0.0602725 0.465395 257.081 -0.018016 0.995379 -0.0947257 -31.7198 -0.468954 0.0752604 0.880052 19.8109
0.892363 0.0581784 0.447613 257.641 -0.0188314 0.99563 -0.0918668 -31.8377 -0.451003 0.0735433 0.889535 20.9266
0.901669 0.0557718 0.428848 258.199 -0.0194137 0.995909 -0.0887002 -31.9634 -0.432042 0.0716489 0.899043 22.0506
0.910988 0.0532698 0.409047 258.746 -0.0192607 0.996074 -0.0868253 -32.088 -0.412068 0.0712122 0.908413 23.1955
0.919466 0.0521006 0.389739 259.263 -0.0192338 0.995995 -0.0877697 -32.2134 -0.392753 0.0732012 0.916766 24.3461
0.927477 0.0500972 0.370583 259.771 -0.0189296 0.996041 -0.0872768 -32.3402 -0.37349 0.0739263 0.92473 25.5244
0.934482 0.0494124 0.352607 260.235 -0.0202274 0.99613 -0.0859859 -32.4656 -0.355495 0.0732161 0.931845 26.7
0.939527 0.0465233 0.339381 260.609 -0.0195873 0.996446 -0.0823737 -32.5899 -0.342011 0.070739 0.937075 27.921
0.944048 0.0440376 0.326899 260.961 -0.0186806 0.996634 -0.0803131 -32.7113 -0.329339 0.0697091 0.941674 29.1419
0.949109 0.0439815 0.311953 261.369 -0.0195076 0.99655 -0.0811529 -32.8154 -0.314449 0.0709316 0.946668 30.4093
0.954327 0.0393017 0.296212 261.78 -0.0153918 0.996503 -0.0826283 -32.93 -0.298428 0.0742919 0.951573 31.6567
0.958734 0.037019 0.281994 262.147 -0.014659 0.996646 -0.081001 -33.0427 -0.28405 0.0735187 0.956034 32.8944
0.962749 0.0333459 0.268383 262.512 -0.012359 0.996799 -0.0795166 -33.1597 -0.27018 0.0732342 0.960059 34.1424
0.96597 0.0318152 0.256816 262.843 -0.0118838 0.996859 -0.0787993 -33.278 -0.258522 0.0730597 0.963287 35.4024
0.968809 0.0298187 0.246073 263.182 -0.0110171 0.996978 -0.0774396 -33.3933 -0.247644 0.0723095 0.966189 36.6974
0.970612 0.0289263 0.239044 263.495 -0.011132 0.997126 -0.0754649 -33.505 -0.240545 0.0705799 0.968117 38.0419
0.971752 0.0288231 0.234308 263.793 -0.0116644 0.99721 -0.0742977 -33.6072 -0.235803 0.0694622 0.969355 39.3268
0.972903 0.0285119 0.229597 264.098 -0.0118034 0.997241 -0.0738289 -33.7159 -0.231073 0.0691121 0.970529 40.6119
0.974092 0.0268592 0.224624 264.401 -0.0107187 0.997333 -0.0727766 -33.8284 -0.225987 0.0684799 0.97176 41.9102
0.974972 0.0251781 0.221048 264.693 -0.00983352 0.99752 -0.0702532 -33.9382 -0.222274 0.0663152 0.972776 43.2038
0.975889 0.0229354 0.217128 264.981 -0.00803388 0.997607 -0.0692735 -34.0426 -0.218204 0.0658555 0.973718 44.4967
0.976878 0.0205889 0.212954 265.256 -0.00594216 0.997624 -0.069199 -34.1444 -0.213878 0.0663278 0.974654 45.8057
0.977677 0.0202091 0.209212 265.532 -0.00589337 0.997652 -0.0688332 -34.2472 -0.210119 0.0660603 0.97548 47.1347
0.978483 0.02076 0.205438 265.809 -0.00676666 0.997661 -0.0685921 -34.3497 -0.206387 0.0657203 0.976309 48.4781
0.979094 0.0208594 0.20241 266.062 -0.00706289 0.997656 -0.0686536 -34.4492 -0.203376 0.0657853 0.976926 49.8054
0.979907 0.0224169 0.198341 266.342 -0.00889112 0.997628 -0.0688322 -34.5572 -0.199419 0.0656802 0.977758 51.1676
0.979942 0.0241406 0.197891 266.577 -0.0105432 0.997568 -0.0694865 -34.652 -0.199095 0.0660027 0.977794 52.5025
0.980168 0.0283639 0.196292 266.847 -0.0148303 0.99747 -0.0700838 -34.7526 -0.197789 0.0657768 0.978085 53.8807
0.980561 0.0277748 0.194315 267.109 -0.0142038 0.997424 -0.0708968 -34.8498 -0.195791 0.066755 0.97841 55.2792
0.980534 0.0316621 0.193949 267.365 -0.0178868 0.997259 -0.0723776 -34.9626 -0.195715 0.0674937 0.978385 56.6859
0.980797 0.0323789 0.192401 267.618 -0.0184267 0.997139 -0.073877 -35.0756 -0.19425 0.0689095 0.978568 58.0873
0.981025 0.0329713 0.191231 267.878 -0.0186476 0.996954 -0.0762343 -35.1739 -0.193168 0.0712152 0.978629 59.48
0.980842 0.0348222 0.191756 268.12 -0.0203775 0.996883 -0.076801 -35.2875 -0.193841 0.0714185 0.97847 60.8194
0.980877 0.0364614 0.191358 268.377 -0.0221143 0.996855 -0.0765929 -35.4016 -0.193555 0.0708899 0.978576 62.1625
0.980884 0.0351455 0.191479 268.634 -0.0210261 0.996985 -0.0752874 -35.5162 -0.193555 0.0698185 0.978642 63.5078
