0.999572 0.000288832 0.0292606 0.0251819 -0.000204701 0.999997 -0.00287656 -0.00296435 -0.0292613 0.00286934 0.999569 0.750401
0.999488 -0.00462833 0.0316418 0.028013 0.00479804 0.999974 -0.00529154 -0.00366052 -0.0316166 0.00544067 0.999484 0.751201
0.999693 -0.0029893 0.024634 0.0237367 0.00307071 0.999992 -0.00326655 0.00261586 -0.024624 0.0033413 0.999694 0.736228
0.999626 0.00121092 0.0273142 0.0210178 -0.00114249 0.999993 -0.00251648 -0.00139836 -0.0273172 0.00248415 0.999621 0.691506
0.999382 -0.00242565 0.0350253 -0.00385389 0.0024572 1 -0.000849267 0.00281878 -0.0350232 0.000934983 0.99939 0.765593
0.999268 -0.00143608 0.0383035 0.0166306 0.00149611 0.999995 -0.00154016 -0.0142405 -0.0383011 0.00159615 0.999265 0.828494
0.999493 -0.00397987 0.0314993 0.0134608 0.00403115 0.999995 -0.00155494 -0.0146787 -0.031493 0.00168128 0.999503 0.793858
0.999449 -0.00254959 0.033232 0.012816 0.00260391 0.999992 -0.00159972 -0.0103862 -0.0332276 0.00168526 0.999448 0.799123
0.999235 -0.000332465 0.0389854 0.013309 0.000394466 1 -0.00157452 -0.00847742 -0.0389849 0.00158881 0.999237 0.796437
0.999131 -0.000514205 0.0420063 -0.0237497 0.000494182 0.999997 0.000481119 -0.0040646 -0.0420065 -0.000460054 0.999127 0.794304
0.999128 0.000737668 0.0413826 -0.0195665 -0.000752519 1 0.00035027 -0.00709036 -0.0413825 -0.000380975 0.999132 0.80793
0.998779 -5.38396e-05 0.0496263 0.017705 7.37549e-05 0.999997 -0.000396058 -0.0178885 -0.0496265 0.000399105 0.998775 0.950371
0.998897 -0.00121353 0.0467189 0.00170238 0.00125614 1 -0.000875 -0.00791749 -0.0467179 0.000932929 0.998901 1.03712
0.998774 -0.00279949 0.0496714 -0.0211467 0.00285325 0.999992 -0.00101716 -0.00253049 -0.0496684 0.00115745 0.998772 1.04703
0.998928 -0.000847874 0.0459735 0.0521411 0.000952199 1 -0.0022318 -0.00957452 -0.045972 0.0022735 0.998932 1.01696
0.998946 -0.00400393 0.0460418 0.0418036 0.00400812 0.999989 -1.11624e-05 -0.010096 -0.0460409 0.000195383 0.998948 1.00699
0.998874 0.000176904 0.0471898 0.0169475 -0.000126975 1 -0.0010444 -0.00744639 -0.0471907 0.00103755 0.99888 1.01236
0.998961 -0.00116396 0.0458073 0.0768905 0.00125386 0.999996 -0.001945 -0.0254303 -0.0458044 0.00200011 0.998957 0.995491
0.998978 -0.00466229 0.0446951 0.0686791 0.00473644 0.999986 -0.00153898 -0.0125864 -0.0446881 0.00174946 0.998991 1.02561
0.999033 0.00065774 0.0442452 0.0676499 -0.000598316 1 -0.0013682 -0.0194569 -0.0442454 0.00134012 0.999029 0.992206
0.998951 -0.00193505 0.0454702 0.0328391 0.00209494 0.999993 -0.00344889 -0.00439476 -0.0454643 0.00354094 0.998952 1.07617
0.998859 -0.00365454 0.0479108 0.0327113 0.00388462 0.999981 -0.0047184 -0.0137422 -0.0478922 0.00489882 0.998853 0.946299
0.998973 -0.00118715 0.0449846 0.032214 0.0013158 0.999998 -0.00281598 0.008241 -0.0449817 0.0028726 0.998972 1.00498
0.999018 -0.00548176 0.0442432 0.0342124 0.00556191 0.999981 -0.0017017 0.00685576 -0.0442324 0.00194583 0.99903 0.995939
0.999125 -0.00375658 0.0413456 0.0318794 0.00383417 0.999994 -0.001782 0.00133954 -0.0413393 0.00193922 0.999134 1.00411
0.999281 -0.00151824 0.0382057 0.0276759 0.00164643 0.99999 -0.00334138 -0.000410373 -0.0381995 0.00340158 0.999273 1.00431
0.999353 -0.000190463 0.0356242 0.0379768 0.000183049 1 0.000232882 -0.00213675 -0.0356252 -0.000225956 0.999356 0.981736
0.999408 -0.00248401 0.034685 0.0340263 0.00246951 0.999994 0.000439658 -0.00383958 -0.0346851 -0.000354022 0.999408 0.983867
0.999444 -0.00197606 0.032885 0.0410657 0.0020076 1 -0.000903016 -0.00108135 -0.0328841 0.000968799 0.999449 0.988859
0.999379 0.00200905 0.035561 -0.00405805 -0.00190107 0.999993 -0.00306555 0.00403397 -0.0355663 0.00299585 0.999376 1.05197
0.999536 0.000729443 0.0300062 0.0664339 -0.00069416 1 -0.00116238 -0.0245241 -0.0300081 0.00114142 0.999538 0.994898
0.999626 -0.00158342 0.027805 0.0702262 0.00159778 1 -0.000493977 -0.0105683 -0.027804 0.000538018 0.999627 1.07696
0.999566 -0.00223255 0.0288775 0.0617295 0.00222325 0.999996 0.000353899 -0.00791077 -0.0288785 -0.000289394 0.999568 1.07784
0.999546 0.00129001 0.0305881 0.0351941 -0.00130999 1 0.000636141 -0.00992605 -0.0305871 -0.000676007 0.999547 1.05945
0.999577 -0.000666162 0.0286008 0.029158 0.000661943 0.999998 0.000153181 -0.00657605 -0.0286011 -0.000134098 0.999576 1.0691
0.999654 -0.0027744 0.0267198 0.026168 0.00277897 0.999998 -0.000123371 -0.00590197 -0.0267192 0.000197524 0.999658 1.11051
0.999658 -0.00433093 0.0252223 0.0218709 0.00435543 0.999989 -0.000927808 -0.0034318 -0.0252183 0.00103746 0.999667 1.1105
0.999769 -0.00469795 0.0216581 0.0254276 0.00472178 0.99999 -0.00103365 0.000446622 -0.0216528 0.00113557 0.999779 1.08939
0.99978 -0.00619027 0.0192872 0.0227399 0.00620065 0.999979 -0.000494883 0.000953043 -0.019284 0.000614417 0.9998 1.08914
0.999876 -0.00447354 0.0160458 0.0479944 0.0044623 0.999991 0.000761416 -0.00944763 -0.0160487 -0.000689744 0.999884 1.10188
0.999888 -0.00326155 0.0135097 0.0497654 0.00326318 0.999993 -0.000122932 -0.00959258 -0.0135096 0.000167046 0.999895 1.1029
0.999901 -0.00214448 0.0144895 0.00062827 0.00213262 0.999998 0.000860678 -0.0102836 -0.0144903 -0.000829774 0.999909 1.21078
0.999913 -0.000419421 0.0124987 0.0193401 0.000404048 0.999998 0.00119904 -0.00947639 -0.0125002 -0.00119384 0.999906 1.19919
0.999931 8.5248e-05 0.0123126 0.000341841 -7.91359e-05 1 -0.000465659 -0.00436167 -0.0123116 0.000464564 0.999938 1.21836
0.999933 -9.71222e-06 0.0108714 0.00423257 3.97642e-05 0.999995 -0.00279772 -0.00955828 -0.0108723 0.0027981 0.999923 1.21191
0.999958 -0.000184196 0.0100078 0.00376967 0.000216138 0.999996 -0.00315524 -0.00987249 -0.0100061 0.00315716 0.999959 1.21388
0.999964 -0.0013875 0.00794299 0.0288556 0.00140587 0.999996 -0.00234284 -0.0108681 -0.00794065 0.00235397 0.999952 1.20739
0.99998 0.000330022 0.00697896 0.00256285 -0.000320028 1 -0.00138359 0.00121948 -0.0069784 0.0013813 0.99999 1.26719
0.999985 -6.84312e-05 0.00478114 0.0161942 7.24194e-05 0.999999 -0.000905387 2.99786e-05 -0.00478201 0.000905729 0.999974 1.28147
0.99999 -0.000754866 0.00483709 0.00100704 0.000761782 1 -0.00134766 -0.00504393 -0.0048351 0.00135133 1 1.32275
0.999988 0.000858129 0.00416756 0.00395631 -0.000851111 0.999997 -0.00177124 -0.00619774 -0.00417005 0.00176769 0.999975 1.32662
0.999997 -4.14887e-05 0.0034167 0.00760181 4.46543e-05 1 -0.000825214 0.00218957 -0.00341566 0.000825363 1.00001 1.35647
0.999996 0.000378622 0.00183896 0.00423447 -0.000380213 0.999999 0.000654565 0.00400362 -0.00183967 -0.000655269 0.999983 1.35406
1 -0.000483351 0.00137886 0.00240877 0.000481186 0.999999 0.00188022 -0.00297925 -0.00137875 -0.00187952 1.00001 1.37713
0.999996 0.000605025 0.00119372 0.00398393 -0.000607593 0.999998 0.00178386 -0.00732707 -0.00119354 -0.00178459 0.999982 1.41953
1 -0.00243399 0.0012479 0.00233393 0.00243455 0.999997 -8.66683e-05 -0.0083038 -0.00124678 8.97242e-05 1.00002 1.42529
0.999996 0.00101598 0.000350488 -0.0145376 -0.00101666 0.999999 0.000567856 -0.0096599 -0.000350714 -0.000568155 0.999984 1.42811
1 -0.00138048 0.000925571 -0.0254375 0.00138127 0.999999 -0.000304027 -0.011411 -0.000924271 0.000305271 1.00002 1.4655
0.999997 0.000763374 0.00143805 -0.042258 -0.000764486 1 0.000448666 -0.0111134 -0.00143856 -0.000449779 0.999983 1.50084
1 0.000227195 0.000159242 -0.0189138 -0.000226541 0.999999 -0.00140863 -0.005099 -0.000158653 0.00140856 1.00002 1.55672
0.999998 0.000129823 -0.000149461 -0.0337094 -0.000130218 1 0.000335415 -0.00525293 0.000148616 -0.00033538 0.999984 1.5412
1 0.00115235 -0.00166592 -0.00496549 -0.00114923 0.999998 0.00156232 -0.0104749 0.00166865 -0.00156043 1.00001 1.57766
0.999996 -0.000732532 -0.00149929 -0.0100862 0.000731635 1 -0.000323784 -0.0141875 0.00149861 0.000322694 0.999982 1.56926
1 0.000397993 -0.00192386 -0.00202827 -0.00039847 0.999999 -0.000469766 -0.00644592 0.00192466 0.000470544 1.00001 1.60473
0.999994 -0.000834542 -0.00238444 -0.00310321 0.000833931 1 -7.08546e-05 -0.00589417 0.00238354 6.87876e-05 0.999981 1.60419
0.999999 0.000323522 -0.00272935 -0.00442964 -0.000322838 0.999999 8.47724e-05 -0.00600491 0.00273036 -8.38054e-05 1.00001 1.60217
0.999993 -0.00208474 -0.00211895 0.0010467 0.00208667 0.999998 0.00113826 0.0042842 0.00211569 -0.00114276 0.99998 1.64967
1 -0.00157044 -0.00208127 0.0079113 0.00157402 0.999998 0.00149762 0.00378757 0.00207994 -0.00150084 1.00001 1.68877
0.999994 -0.00132641 -0.000582677 -0.018223 0.00132531 0.999997 -0.00108028 -0.00876901 0.000583142 0.00107953 0.999979 1.71061
1 -0.00225178 -0.00245977 -0.0170255 0.00224966 1 -0.00113157 -0.0238205 0.00246334 0.00112594 1.00002 1.65464
0.999993 0.000984846 -0.000758216 -0.00486248 -0.000984942 0.999996 0.000616418 -0.0139448 0.000758212 -0.000615692 0.999978 1.74922
1.00001 -0.000901851 -0.000568053 -0.0494338 0.000902552 1 0.000226386 -0.0161682 0.00056862 -0.000226895 1.00002 1.69656
0.999993 0.00127652 -0.000781784 -0.049647 -0.0012757 0.999995 0.0018104 -0.00840075 0.000783359 -0.00180953 0.999977 1.70988
1 -0.00110098 -0.00206146 -0.0345521 0.00110351 1 0.000923631 -0.0186572 0.00206122 -0.000925832 1.00002 1.69642
0.999991 -0.000603332 -0.00113818 -0.00363999 0.000604281 0.999996 0.00129707 -0.0218653 0.00113699 -0.00129785 0.999976 1.78384
1.00001 0.0006826 -0.00117643 -0.00723287 -0.000681895 1 0.000131779 -0.0179767 0.00117694 -0.000130811 1.00002 1.77325
0.99999 0.00075926 -0.000271941 0.0127393 -0.000759837 0.999997 -0.000689641 -0.00932901 0.0002714 0.000689575 0.999977 1.86168
1.00001 0.000587064 0.000401047 0.00350192 -0.000586244 1 -0.00104905 -0.00836506 -0.000401662 0.00104907 1.00002 1.85883
0.99999 0.000637005 -0.00116595 0.0140481 -0.000638133 0.999996 -0.000661648 -0.0116411 0.0011657 0.00066217 0.999976 1.81752
1.00001 0.00131822 -0.000925368 0.0239757 -0.00131734 1 0.000595488 -0.00492243 0.000926247 -0.000593965 1.00002 1.86859
0.999989 -0.000921645 -0.00111713 0.00046891 0.000921126 0.999995 -0.000156398 -0.00873986 0.00111729 0.000155069 0.999977 1.82373
1 0.00254985 -0.00250067 -0.00533534 -0.0025478 1 0.000685307 -0.0068926 0.00250239 -0.000678604 1.00002 1.82158
0.99999 0.000175458 0.00135374 0.0122046 -0.000173141 0.999997 -0.00184306 0.00642241 -0.0013534 0.00184247 0.999977 1.97375
1.00001 0.00192463 0.00249529 -0.0286902 -0.00192085 1 -0.00146869 0.0050354 -0.00249856 0.00146412 1.00002 1.9389
0.999982 -0.000597956 0.00357578 -0.0174882 0.000601856 0.999997 -0.00112941 0.00139748 -0.00357462 0.00113128 0.999971 1.95269
1 0.00213199 0.00446142 -0.0336524 -0.00213544 1 0.000803945 -0.00985371 -0.0044601 -0.000813221 1.00001 1.93559
0.999972 0.00144785 0.00478662 0.00795289 -0.0014503 0.999995 0.000499795 -0.0163162 -0.00478517 -0.000507078 0.999963 1.99781
1.00001 0.00208356 0.00442955 -0.0227461 -0.00208147 1 -0.000465286 -0.0158844 -0.00443115 0.000456347 1.00002 1.988
0.999971 0.000417621 0.00491688 -0.0223155 -0.000410602 0.999995 -0.00144193 -0.0100699 -0.00491682 0.00143958 0.999959 1.9963
1 0.00046536 0.00477599 -0.0207832 -0.000456864 1 -0.00177518 -0.016471 -0.00477743 0.00177329 1.00001 1.99352
0.999964 0.0016276 0.00557899 -0.0212582 -0.00162291 0.999996 -0.000829083 -0.00356966 -0.0055796 0.000819584 0.999954 2.04683
1 0.00181694 0.00526891 -0.0253213 -0.0018131 1 -0.000742457 -0.00216586 -0.00527104 0.000733291 1.00002 2.04163
0.999959 0.00227781 0.00646479 -0.0291135 -0.00227622 0.999995 -0.000243776 0.00279408 -0.00646448 0.000228645 0.999949 2.06746
0.999988 0.00103293 0.00738672 -0.0287423 -0.00103127 1 -0.000231453 -0.00176246 -0.00738762 0.000224245 1 2.10911
0.999959 0.000121859 0.00723477 -0.0448355 -0.000118987 0.999997 -0.000388995 -0.00457357 -0.00723403 0.000387711 0.999943 2.06743
0.999995 0.000175395 0.00631465 -0.0294012 -0.000165359 1 -0.00157829 -0.00909843 -0.00631564 0.00157755 1.00002 2.04738
0.999985 8.58322e-05 0.00148093 0.0443804 -8.47937e-05 0.999998 -0.000668913 -0.0199716 -0.00147999 0.000668395 0.999962 2.05155
0.999983 -0.000669182 0.00760742 -0.0223369 0.00067596 1 -0.000875801 0.00258074 -0.00760758 0.000881335 1.00001 2.07824
0.999958 0.000362791 0.00795633 -0.030404 -0.000356818 0.999998 -0.000766006 -0.00710594 -0.00795586 0.000762817 0.999931 2.10286
0.999993 0.000771226 0.0059109 -0.0115657 -0.000762521 1 -0.00145101 -0.0162451 -0.00591273 0.00144678 1.00002 2.05412
0.99995 -0.000597404 0.00893357 -0.0212627 0.00059389 0.999999 0.00035967 -0.0131055 -0.00893335 -0.000354713 0.999923 2.08343
1 0.000624457 0.00386204 -0.0057421 -0.000629162 1 0.00135414 -0.00180888 -0.00386166 -0.00135623 1.00003 2.08829
0.99998 -0.00182566 0.00494967 -0.0205685 0.00181844 0.999997 0.00132612 -0.0274469 -0.00495169 -0.00131744 0.999955 2.08338
1.00001 -0.000263042 0.00122795 0.03336 0.000264399 1 -0.000199246 -0.0119194 -0.00122803 0.000199658 1.00003 2.09663
0.999993 -0.000401253 -0.000215132 0.0427423 0.000400097 1 -0.000288715 -0.0182255 0.000215494 0.000288553 0.999968 2.11377
1.00001 0.00169225 -8.22567e-05 0.0546871 -0.00169103 0.999999 9.0433e-05 -0.00919024 8.24533e-05 -9.03004e-05 1.00003 2.15855
0.99999 0.00147802 0.00288788 0.016982 -0.00147393 0.999998 -0.00179897 -0.000376453 -0.00289044 0.00179474 0.999966 2.20814
1 0.00085545 0.00217131 0.0196215 -0.000851706 0.999997 -0.00122264 -0.0162629 -0.00217228 0.0012208 1.00002 2.14848
0.999995 0.000700566 0.00241314 0.0159838 -0.000702108 1 0.000199261 -0.0182777 -0.00241292 -0.000200993 0.999971 2.18567
0.999999 -0.000142298 0.00260587 0.0117061 0.000144982 0.999998 -0.000618741 -0.0143376 -0.00260583 0.000619095 1.00002 2.19413
0.999992 0.00147214 0.00324344 -0.00549638 -0.00147245 1 -0.000186024 -0.00856491 -0.00324366 0.000181272 0.999968 2.21119
0.999999 0.000870993 0.00147361 0.0328633 -0.000870378 0.999998 0.000204848 -0.0258279 -0.00147357 -0.000206121 1.00003 2.17688
0.999992 0.000118308 0.00380413 -0.0101237 -0.000121181 1 0.000473396 -0.0169275 -0.00380378 -0.000473843 0.999961 2.2567
0.999993 -0.00075057 0.00370895 -0.00727649 0.000752412 1 -0.000230612 -0.0165702 -0.00370911 0.000233334 1.00002 2.2527
0.999993 -0.000634314 0.00389686 -0.00716326 0.000635564 1 -0.000575821 -0.0168238 -0.0038962 0.000578401 0.999962 2.25984
0.999995 8.86464e-05 0.00259913 -0.00392901 -8.34341e-05 0.999999 -0.00161054 -0.0143559 -0.00259957 0.00161017 1.00003 2.23288
1 -0.000146852 0.00141514 0.0151025 0.000148077 0.999999 -0.00160636 -0.0103906 -0.00141436 0.00160679 0.999967 2.28221
0.999995 -0.000103032 0.00342393 -0.0190743 0.000107335 1 -0.000907105 -0.0108024 -0.00342417 0.000907236 1.00003 2.27491
0.999994 0.00042381 0.00317871 -0.00305684 -0.000421034 1 -0.00121927 -0.018259 -0.00317882 0.00121816 0.999961 2.27947
0.999998 0.00134652 0.00279744 -0.0248749 -0.00134587 0.999998 0.000243878 -0.0144742 -0.00279747 -0.000247779 1.00003 2.32411
0.999982 -0.000146522 0.00542619 -0.0156928 0.000148302 1 -0.000588984 -0.0139238 -0.00542584 0.000589931 0.999949 2.30988
0.999988 -0.00225947 0.00481642 -0.0174846 0.00226248 0.999996 -0.000312983 -0.0158311 -0.00481599 0.000323697 1.00002 2.30804
0.999987 -0.00123637 0.00435463 -0.0134867 0.00123395 1 0.000212405 -0.010111 -0.00435456 -0.000206875 0.999955 2.32817
0.999996 -0.000980053 0.00164007 0.00582041 0.000979968 0.999998 0.000962295 -0.0270394 -0.00164135 -0.00096081 1.00003 2.31359
1 0.000497141 0.00217482 0.00218922 -0.000499602 1 0.000403567 -0.0117784 -0.00217374 -0.000404404 0.99997 2.37023
0.999994 0.00115852 0.00164706 -0.00380484 -0.00115547 0.999998 -0.000880312 -0.015562 -0.00164888 0.000878153 1.00003 2.35495
1 0.00119401 0.000962984 0.0227001 -0.00119365 0.999997 -0.00205425 -0.0175368 -0.000964396 0.00205337 0.999968 2.38259
0.999996 6.39307e-06 0.0016457 0.0266517 -8.53983e-07 0.999996 -0.00241085 -0.0126324 -0.00164674 0.00241056 1.00003 2.38336
1 0.000691637 0.00122797 0.0130966 -0.000691466 0.999999 -0.00140661 -0.0172519 -0.00122782 0.00140597 0.999968 2.38414
0.999993 0.00243035 0.00125748 0.00431789 -0.00242764 0.999997 -0.000918594 -0.0142313 -0.00126054 0.000915347 1.00003 2.43076
0.999997 -0.00110746 0.00477174 -0.0461126 0.00111053 0.999999 -0.000876132 0.00707153 -0.00476993 0.000881514 0.999964 2.47306
0.999945 -0.00357442 0.00887842 -0.0338258 0.00359121 0.999992 -0.00175897 0.0039249 -0.00887277 0.0017907 0.999984 2.47186
1 -3.64639e-05 0.0034762 -0.0174179 3.46178e-05 0.999999 0.000279906 -0.0114037 -0.00347514 -0.000279853 0.99997 2.45739
0.999996 -0.000750106 0.00109645 0.0314837 0.000751444 1 -0.000258862 -0.0188266 -0.00109684 0.000259653 1.00002 2.39281
1 0.000912276 0.000580927 0.0279605 -0.000912948 0.999999 -0.000676132 -0.0197454 -0.000580911 0.000675661 0.99998 2.39217
0.999997 0.00116514 0.000884151 0.00498165 -0.00116424 1 7.03226e-05 -0.0305145 -0.000884527 -7.133e-05 1.00002 2.40991
1 0.000611552 0.00130266 0.0385935 -0.000611901 1 -0.000326586 -0.0197024 -0.00130186 0.000325672 0.999981 2.46578
0.999998 -0.000436313 0.00126454 0.0375709 0.000437372 1 -0.000226208 -0.0179334 -0.00126543 0.000226848 1.00002 2.46726
1 -0.000757617 0.0019235 -0.025355 0.000755376 0.999999 0.000773335 -0.0172155 -0.00192252 -0.000771998 0.999982 2.44823
0.99999 -0.000900073 0.00288 -0.00334779 0.00089699 1 0.00133785 -0.0205821 -0.00288266 -0.00133517 1.00001 2.42492
1 -0.0015335 0.00179863 0.0154126 0.00153351 0.999998 -0.000468444 -0.0182807 -0.00179633 0.00047115 0.999985 2.44219
0.999993 0.000468117 0.00221785 0.0258902 -0.000464862 1 -0.00106923 -0.010181 -0.00221968 0.00106823 1.00001 2.50513
1 0.0015395 0.00248317 -0.0301407 -0.00154248 0.999999 0.000685494 -0.0373084 -0.00248005 -0.000689219 0.999984 2.41693
0.999992 -0.000862915 -0.000748665 0.0619076 0.00086219 1 -0.00207973 -0.0151435 0.00074934 0.00207915 1.00001 2.4092
1.00001 -0.000642837 -0.000411077 0.0493232 0.000641095 0.999995 -0.00224496 -0.0120125 0.000413639 0.00224461 0.999984 2.41596
0.99999 0.00281142 0.000286775 -0.0189795 -0.00281071 0.999999 -0.000288685 -0.0341826 -0.000288129 0.000288124 1.00001 2.38366
1 -0.000597352 -0.000246502 0.044767 0.000596604 0.999999 -0.000592399 -0.0215075 0.000248059 0.000591976 0.99999 2.4303
0.999994 -0.0017067 -0.000701418 0.0562659 0.00170739 0.999999 0.000188753 -0.00647862 0.000699934 -0.000189645 1.00001 2.42165
1 0.000410588 0.00151681 0.00768462 -0.000412674 0.999999 0.000509266 -0.0184308 -0.00151496 -0.000510115 0.999991 2.49456
0.999993 0.00263529 0.00153982 -0.0113876 -0.0026342 0.999998 7.63731e-05 -0.0241259 -0.00154115 -8.02085e-05 1.00001 2.46233
0.999997 0.000607551 0.00280459 -0.00109592 -0.000606117 0.999998 -0.000956794 -0.0264048 -0.00280358 0.000954892 0.999986 2.46229
0.999997 -0.00119578 0.00178096 0.0457053 0.00119456 1 0.00126299 -0.0365961 -0.00178391 -0.00126066 1 2.43823
0.999998 0.00174982 0.00497365 -0.040123 -0.00175396 1 0.000660403 -0.0299331 -0.00497067 -0.000669318 0.999996 2.44709
0.999966 -7.82081e-05 0.00594562 -0.0221608 7.85896e-05 0.999999 6.00304e-05 -0.0266154 -0.00594743 -5.93689e-05 0.999969 2.436
1.00001 2.25159e-06 0.0034805 0.0126286 -3.88875e-06 1 0.000160158 -0.0178762 -0.00347861 -0.000160261 1 2.46039
0.999979 0.0012976 0.00409947 0.000229413 -0.00129609 0.999998 -9.76324e-05 -0.0211956 -0.0041015 9.24368e-05 0.999981 2.47452
1.00001 0.000830915 0.00307939 -0.000251547 -0.000829101 1 -0.000935173 -0.0231172 -0.00307826 0.000932544 1 2.46215
0.999977 -0.000512947 0.00465951 -0.00283335 0.000517703 1 -0.000766615 -0.0209138 -0.00466099 0.000769127 0.999981 2.51162
0.99999 -1.51198e-05 0.00629252 -0.0351069 1.78523e-05 1 -0.000686307 -0.0192585 -0.00629064 0.000686384 0.999988 2.46288
0.999959 -0.00214852 0.00753994 -0.0218883 0.00215854 0.999997 -0.00114628 -0.0136392 -0.00753925 0.00116252 0.999965 2.49425
0.999993 0.00137248 0.0057724 -0.0409622 -0.00136741 1 -0.00108659 -0.0150698 -0.00577199 0.00107868 0.999992 2.4641
0.999976 0.000261799 0.00489731 -0.0255728 -0.000262814 0.999999 0.000462327 -0.0284177 -0.00489866 -0.000463591 0.999979 2.39814
1 0.00262542 0.00327264 -0.0291029 -0.00262803 0.999998 0.000417488 -0.0248009 -0.00327004 -0.000426058 1 2.39205
0.999981 0.00230451 0.00248095 -0.0221904 -0.00230455 0.999996 0.000496601 -0.0331038 -0.0024811 -0.000502337 0.999987 2.35091
1.00001 -0.00179897 0.00162444 0.0305164 0.00180054 1 -0.00183077 -0.0117984 -0.00161856 0.00183381 1.00001 2.49141
0.999987 0.000439274 0.00202272 -0.0277672 -0.000436603 0.999995 -0.000784596 -0.0126782 -0.00202511 0.000783661 0.999987 2.41912
1 -0.00148004 0.00332686 -0.0307091 0.00148671 1 -0.00234685 -0.0148058 -0.00332129 0.00235188 1 2.40249
0.999986 -0.000788712 0.00420859 -0.0212285 0.000800641 0.999989 -0.0025879 -0.00591344 -0.00420834 0.00259126 0.999981 2.51302
0.999989 0.00090065 0.0051389 -0.0150864 -0.000905186 1.00001 0.000667347 -0.00588711 -0.00513641 -0.000672037 0.999992 2.50449
0.999994 -1.90373e-05 0.00280793 -0.0224428 2.41979e-05 0.999993 -0.00145269 -0.0126804 -0.00280978 0.00145277 0.99999 2.49727
0.999993 0.00205954 0.00526056 -0.0372838 -0.00205577 1 -0.00092941 -0.00526297 -0.00526053 0.00091855 0.999997 2.49854
0.999969 -0.00142948 0.0064099 -0.0256491 0.00144074 0.999991 -0.00159451 -0.00531494 -0.00640958 0.00160378 0.999966 2.53712
0.999978 0.000916483 0.00695747 -0.0494862 -0.000908501 1.00001 -0.00130306 -0.00484262 -0.00695665 0.00129667 0.999983 2.55091
0.999986 0.00116266 0.00406411 -0.0159168 -0.00115644 0.999994 -0.00131065 -0.00229241 -0.00406772 0.00130591 0.999983 2.60031
0.999999 -0.000434235 0.0031075 -0.0149633 0.000432763 1 0.000176077 -0.00255792 -0.00310551 -0.000174691 1 2.59731
0.999992 -0.00118163 0.000451744 0.0166617 0.0011821 0.999995 0.000879759 -0.0175196 -0.000454624 -0.000879321 0.99999 2.58269
1.00001 -0.000350808 -0.000695849 0.0161064 0.000350682 1 0.00113064 -0.0189056 0.000697395 -0.00113082 1.00001 2.56613
0.999991 0.00113677 -0.000849709 0.0194964 -0.00113462 0.999995 0.00143387 -0.0168428 0.000849424 -0.00143298 0.999988 2.58237
1.00001 0.000148875 -8.80519e-05 0.0300041 -0.00014971 1 0.000442841 -0.0134504 9.00634e-05 -0.000442685 1.00001 2.58682
0.99999 -0.00193715 -9.1195e-06 0.0238108 0.00193803 0.999995 0.000553037 -0.0146266 6.20628e-06 -0.00055321 0.99999 2.58112
1.00001 -3.2167e-05 -0.000230381 0.0245411 3.15037e-05 1 0.000727791 -0.0139917 0.00023226 -0.000727649 1.00001 2.58251
0.999992 4.72694e-05 -0.000882024 0.0211225 -4.73325e-05 0.999997 -0.00106915 -0.0185873 0.000880056 0.00106909 0.999989 2.57909
1.00001 0.00118581 -0.000325488 0.0278255 -0.00118738 0.999999 -0.00215318 -0.0204018 0.000324942 0.00215371 1.00001 2.58791
0.999992 0.000977777 0.00117534 0.0329567 -0.000976716 0.999997 -0.000176884 -0.0141562 -0.0011775 0.00017557 0.999989 2.5868
1.00001 0.00185567 0.00232236 0.0127085 -0.00186016 1 0.00156619 -0.0260584 -0.00231734 -0.00157029 1.00001 2.57369
0.999969 0.00298547 0.00517861 -0.0019198 -0.0029904 1 0.00108966 0.00595574 -0.0051765 -0.00110528 0.999981 2.72821
1.00001 -0.00249957 0.00287652 0.0332677 0.00250184 0.999992 -0.00116374 -0.0021707 -0.00287185 0.00117119 1 2.66348
0.999984 0.000140478 0.00294073 -0.0019408 -0.000141508 1 0.000728898 -0.0200658 -0.00294239 -0.000729592 0.999992 2.64316
1.00001 -0.00154358 0.00374989 0.00167301 0.00154225 0.999996 6.66894e-05 -0.010914 -0.00374801 -6.06711e-05 0.999998 2.70286
0.999982 -0.00203931 0.00187344 0.0219778 0.00204047 1 -4.32999e-05 -0.0303118 -0.00187493 4.6938e-05 0.999993 2.69623
1.00001 -0.000337783 0.00239537 0.0285042 0.000335141 0.999996 0.000723314 -0.0100458 -0.00239354 -0.000722415 1 2.7833
0.999981 -0.000500688 0.00265815 0.00556272 0.000498369 1 0.00114028 -0.0154056 -0.00266058 -0.00113906 0.999989 2.71127
1.00001 0.00100021 0.00262412 0.0119 -0.00100361 0.999997 0.00101478 -0.0265049 -0.00262119 -0.00101734 1 2.70736
0.999981 0.00120104 0.00410047 -0.0221829 -0.00120031 1 2.62391e-05 -0.0188817 -0.00410212 -3.12448e-05 0.99999 2.7336
1 0.000116446 0.00341073 0.00340824 -0.000117947 0.999998 0.000196933 -0.0252892 -0.00340889 -0.000197207 0.999992 2.71798
0.999984 0.00155379 0.00534606 -0.0340647 -0.00155981 1 0.00125716 -0.0207808 -0.00534578 -0.00126551 0.999984 2.73464
1 -0.00264606 0.00267834 0.0386727 0.00264406 0.999995 0.000549509 -0.0334031 -0.00267779 -0.000542477 0.999992 2.71967
0.999966 0.0023152 0.00557542 -0.0531821 -0.00231771 1 0.000574119 -0.0269976 -0.00557573 -0.000587036 0.999991 2.74482
1 0.000332602 0.00337041 -0.00984099 -0.000338549 0.999995 0.00154618 -0.0356216 -0.00336796 -0.00154724 0.999982 2.73938
0.999985 2.01939e-05 0.00331361 -0.0261912 -2.32593e-05 1 0.00115945 -0.0276429 -0.00331542 -0.00115964 1.00001 2.74743
0.999998 0.00334234 0.00387606 -0.0363129 -0.00334023 0.999992 -0.000766027 -0.0184081 -0.00387668 0.000753242 0.999981 2.77877
0.999972 0.00411699 0.00398166 -0.0385203 -0.0041101 0.999992 -0.00150572 -0.0222027 -0.00398973 0.00148912 1 2.76625
0.999997 0.00375751 0.00409058 -0.0228882 -0.00375296 0.99999 -0.0013353 -0.0197863 -0.00409358 0.00132015 0.99998 2.81253
0.999975 0.00186923 0.00487802 -0.00504583 -0.00187243 1 0.000826839 -0.0187186 -0.00487838 -0.000836212 0.999998 2.847
1 -0.000512866 0.00350204 -0.00976263 0.000507398 0.999999 0.00148529 -0.0330727 -0.00350024 -0.00148337 0.999982 2.67748
0.999947 0.00599996 -0.0069037 0.0598182 -0.00599667 0.999983 0.000477274 -0.0124275 0.00690426 -0.000436044 0.999997 2.6756
1.00001 -0.000627409 -0.00196816 0.0718481 0.000624658 0.999998 -0.00138141 -0.0169648 0.00197106 0.00138043 0.999976 2.6731
0.999987 0.000377946 0.00276192 0.0110407 -0.000383793 1 0.00199916 -0.0286432 -0.00276268 -0.00200028 1.00002 2.69921
1 0.00317865 0.00328035 -0.022866 -0.00317978 0.999995 0.000420212 -0.0142181 -0.00327725 -0.000430507 0.999973 2.76647
0.999978 0.00102863 0.00427993 -0.0165349 -0.00102707 0.999999 -0.000429992 -0.0171678 -0.00428203 0.000425424 1.00001 2.76838
1 0.00360642 0.00462131 -0.0926707 -0.0036026 0.999992 -0.000834275 -0.0202206 -0.00462201 0.00081789 0.999976 2.70304
0.999968 0.0012124 0.00480763 -0.0262639 -0.00121367 1 0.000174024 -0.0177517 -0.00480899 -0.000180041 1.00001 2.77505
1.00002 0.000945112 -0.000234197 0.0506212 -0.000945065 0.999999 2.87973e-05 -0.0170978 0.000236621 -2.82824e-05 0.999983 2.77009
0.999972 0.0029648 0.00418813 -0.0115494 -0.00295965 0.999995 -0.00127779 -0.0227091 -0.00419393 0.00126514 1.00002 2.7623
0.999974 0.00870535 0.00221913 0.0184331 -0.00869637 0.999955 -0.00424543 -0.0266523 -0.00225287 0.00422646 0.999968 2.65321
0.999909 0.0121607 0.00136393 -0.0641668 -0.0121473 0.999877 -0.00959424 -0.0227834 -0.00148251 0.00957671 0.999975 2.77136
0.99981 -0.0109303 0.0172655 -0.0159324 0.0109908 0.999938 -0.00338096 -0.0208649 -0.0172258 0.00357012 0.999821 2.77445
0.999962 -0.00513323 0.00324556 -0.0461943 0.00511871 0.999974 0.00432407 -0.00696341 -0.00326971 -0.00430733 1.00001 2.76169
1 0.000923867 0.00246897 0.00644168 -0.000949981 0.999943 0.0107069 -0.0055156 -0.00245668 -0.0107094 0.999901 2.72467
0.999972 0.0059516 0.00339414 0.0188 -0.00598067 0.999946 0.00850077 -0.00236764 -0.00334518 -0.00852079 0.999998 2.80705
0.999991 0.00468019 0.00267288 0.0174372 -0.00468754 0.999985 0.00282231 -0.024156 -0.00265759 -0.00283464 0.999953 2.75717
0.999982 0.00475933 -0.00168083 -0.00405525 -0.00476056 0.999988 -0.000494531 -0.0225892 0.00167659 0.000502323 1.00004 2.81176
0.999989 -0.00669547 0.00146727 0.0353886 0.00669981 0.999974 -0.00272563 -0.0366325 -0.00144697 0.00273571 0.999954 2.74252
0.999946 -0.0059213 0.00683939 0.0574882 0.00594492 0.999976 -0.00348528 -0.0351366 -0.00682027 0.00352544 1.00001 2.74269
1 0.00130944 0.00396471 -0.0653647 -0.00129781 0.999994 -0.00295987 -0.0340113 -0.00396615 0.00295522 0.999945 2.69149
0.999832 -0.00428619 0.0138892 0.0754304 0.00426035 0.999994 0.0018857 -0.0330098 -0.0138987 -0.00182676 0.999939 2.71092
1.00006 -6.87864e-05 0.00278497 -0.0109313 6.51617e-05 0.999995 0.00115125 -0.0216052 -0.00278213 -0.00115058 0.99996 2.72581
0.999932 0.00230813 0.000981735 -0.0484445 -0.00230778 1 0.000106014 -0.0168039 -0.00098448 -0.000108703 1.00003 2.69745
1.00003 -0.00235247 0.00486719 0.049672 0.00235005 0.999995 0.000456931 -0.0266462 -0.00486533 -0.000444996 0.999952 2.71347
0.999951 0.000273166 3.1352e-05 0.0127684 -0.000272787 1 -0.000252901 -0.0224156 -3.46616e-05 0.000252308 1.00004 2.71524
1.00005 -0.000562682 0.000291688 0.0106369 0.000562571 0.999997 -0.000753276 -0.024126 -0.000288002 0.000754026 0.999964 2.7142
0.999951 0.000493484 0.000535776 -0.0187258 -0.000494094 1 0.0018072 -0.0228211 -0.000538053 -0.00180796 1.00003 2.69112
1.00005 0.00139051 0.00224331 -0.0607401 -0.001396 0.999995 0.00224412 -0.0211371 -0.002237 -0.00224676 0.999962 2.6934
0.999896 -0.00446957 0.00593703 0.030151 0.00444904 0.99999 0.00347688 -0.039288 -0.00595514 -0.00345085 0.999998 2.66597
1.00007 -0.00274445 -0.000618741 0.057634 0.00274351 0.99999 -0.00103474 -0.0499586 0.000625015 0.00103363 0.999975 2.64222
0.999923 0.00266094 0.000723606 0.0226763 -0.00265756 0.999998 -0.00368664 -0.0319253 -0.000736297 0.00368413 1.00002 2.71919
1.00001 0.00915571 -0.00385511 -0.0588203 -0.0091663 0.999943 -0.00238624 -0.0169528 0.00383664 0.00242197 0.99997 2.67555
0.999907 -0.00324477 0.00730773 -0.0250917 0.00324048 1.00001 0.000645595 -0.0226578 -0.0073124 -0.000622344 0.999993 2.70735
1.00003 0.00636916 0.00406856 -0.118236 -0.00636581 0.999971 -0.00120652 -0.0219978 -0.00407278 0.00118114 0.999978 2.64331
0.999911 0.00325603 0.00627754 -0.0461074 -0.00325855 1 0.000552846 -0.0372889 -0.00627854 -0.000573655 0.999986 2.72748
1.00006 0.00207517 0.00305193 -0.0696044 -0.00207489 0.999992 -0.000489519 -0.0319741 -0.00304974 0.000483597 0.999989 2.64067
0.999914 -0.00373812 0.00441513 0.00176474 0.00372801 0.999998 0.00244827 -0.0357021 -0.00442714 -0.00243215 0.99999 2.59464
1.00007 -0.000504903 -0.00249043 -0.0160061 0.000514688 0.999983 0.00431632 -0.0293218 0.00249171 -0.00431714 0.999984 2.5951
0.999898 -0.00769101 0.00156181 0.0200374 0.00768252 0.999963 0.00561875 -0.0237007 -0.00160803 -0.00560704 0.999985 2.58227
1.00006 0.000673036 -0.00184654 -0.0290152 -0.000667979 0.999983 0.00338753 -0.00351139 0.00185239 -0.00338576 0.999982 2.54966
0.999924 0.00443104 -1.56175e-05 -0.0239047 -0.0044295 0.999997 -0.00242968 -0.0285686 1.42758e-06 0.00242924 1.00001 2.56394
1.00005 0.00137875 0.00327157 0.03623 -0.00136532 0.999982 -0.00460006 -0.043961 -0.0032738 0.00459616 0.999971 2.46071
0.999886 0.00442274 -0.0091867 0.0199986 -0.00444582 0.999995 -0.00266647 -0.0303104 0.00917054 0.0027067 0.99997 2.54786
0.999868 0.00852655 -0.0177256 0.00732312 -0.00853655 0.999956 -0.000378009 -0.0264668 0.0177267 0.000529745 0.999828 2.59311
0.99992 -0.00338497 -0.00426682 0.0147466 0.00338808 1 0.000471753 -0.0281406 0.00426128 -0.000486658 0.999999 2.59737
1.00004 0.00203254 -0.00683719 0.00979838 -0.00202729 0.99999 0.000986495 -0.0209448 0.00684332 -0.000972146 0.999968 2.60423
0.999929 0.00213757 -0.000564565 -0.0448423 -0.00213785 1 -0.00314669 -0.035805 0.000554079 0.00314741 1 2.64898
1.00005 0.00559732 -0.00261361 0.0152747 -0.00559665 0.999976 0.000910191 -0.033702 0.00262252 -0.000895039 0.999994 2.68071
0.999887 0.00900488 -0.00232198 -0.0183183 -0.00899975 0.999968 0.00138254 -0.0345901 0.00233054 -0.00136199 0.999997 2.65099
1.00005 0.00673103 -0.00157334 -0.00177241 -0.00673449 0.999968 -0.000971552 -0.0319064 0.00157058 0.000982625 0.999998 2.7006
0.999873 0.00609678 -0.00857006 -0.0250113 -0.00609538 0.99999 -2.17034e-05 -0.0292889 0.00856552 7.34881e-05 0.999963 2.63232
1.00004 -0.0064978 -0.00319195 0.0465996 0.00650123 0.999971 0.00137043 -0.0408319 0.00318712 -0.00139069 0.999997 2.63519
0.999914 -0.00119188 -0.00573163 0.0312101 0.00120944 1 0.00282197 -0.0252472 0.005724 -0.00282932 0.999983 2.56254
1.00007 -0.000404355 -0.000462826 0.0370296 0.00040396 0.999992 0.00233884 -0.0293266 0.000465788 -0.00233856 0.999992 2.54851
0.99992 0.00182648 -0.0034055 -0.00733917 -0.00183202 1 -0.00205711 -0.0341746 0.00339792 0.00206294 0.999995 2.59255
1.00007 0.00158401 -0.00221801 -0.000261797 -0.00159015 0.999992 -0.0021219 -0.0286058 0.00221841 0.00212578 0.999993 2.59286
0.999921 -0.000792932 -0.00326859 -0.000222968 0.000791349 1 -0.000898707 -0.0397229 0.00326543 0.000895762 0.999997 2.64187
1.00007 -0.00231722 -0.00397224 0.0137086 0.00232502 0.999993 0.00226581 -0.0360865 0.00397087 -0.0022747 0.999991 2.63314
0.99992 -0.0024938 -0.000771847 -0.00705588 0.00249572 1 0.00113574 -0.0329549 0.000765577 -0.00113794 0.999999 2.57182
1.00001 0.00368227 -0.0124076 0.0116086 -0.00366911 0.99999 0.00119962 -0.030287 0.0124163 -0.00115379 0.999918 2.63231
0.999829 0.00517725 -0.0105782 -0.0210073 -0.00516068 0.99999 0.00144144 -0.0352342 0.0105812 -0.0013869 0.999941 2.55361
1.00004 -0.0063339 0.0104523 -0.00435451 0.00630902 0.999974 0.00235196 -0.0453279 -0.0104647 -0.00228565 0.999959 2.46936
0.999813 0.00570253 -0.0125064 -0.00212355 -0.00568894 0.999993 0.000949827 -0.0216897 0.0125072 -0.000878807 0.999934 2.51296
1.00008 0.00218035 -0.00336548 -0.0139278 -0.00218624 0.999989 -0.00121836 -0.0297643 0.00336639 0.00122595 0.999976 2.51262
0.999816 -0.00849011 0.0131123 -3.7218e-05 0.00849511 0.999966 -0.000273118 -0.0545298 -0.0131113 0.000384239 0.999914 2.51996
1.00001 0.00474738 -0.0118573 -0.00177042 -0.00474812 0.999991 0.000103303 -0.0134228 0.0118612 -4.68481e-05 0.999957 2.47619
0.999897 -0.00178153 0.00534243 -0.0188959 0.00177854 0.999996 0.000760507 -0.0281423 -0.00534615 -0.000751144 0.999966 2.46973
1.00005 0.00546779 -0.00757184 -0.0314767 -0.00546927 0.999987 4.36876e-05 -0.0207225 0.00757527 -2.19773e-06 0.999994 2.4427
0.999905 0.000477805 -0.00451348 0.0476347 -0.000476896 0.999998 -6.329e-05 -0.0186456 0.00451035 6.54117e-05 0.999974 2.45596
1.00007 0.00154035 0.000236169 -0.045885 -0.00154148 1 -0.000967131 -0.0281153 -0.000234751 0.000966695 1.00001 2.43556
0.999924 -0.00117831 0.00163836 0.0167864 0.00117796 0.999998 0.000797962 -0.0281053 -0.00164185 -0.000795907 0.999993 2.37634
1.00002 0.00362903 -0.0110693 0.0250381 -0.00360589 0.999992 0.00222495 -0.024198 0.0110807 -0.00218501 0.999932 2.35704
0.999885 -0.00381868 0.00673027 0.0181291 0.0038062 0.99999 0.00196107 -0.0400799 -0.00673958 -0.00193524 0.999983 2.39974
1.00008 -0.00176189 0.000394287 0.000528896 0.00176093 0.999998 -0.000516986 -0.0304323 -0.000390435 0.000517624 0.999992 2.33259
0.999904 0.00246924 -0.00457763 -0.004296 -0.00246756 0.999998 4.61925e-05 -0.0278262 0.00457438 -3.48077e-05 0.999999 2.29898
1.00004 0.00366672 -0.00930222 0.00204745 -0.00367523 0.999993 -0.000727154 -0.0213546 0.00930323 0.00076115 0.999955 2.28025
0.999906 -0.00295077 0.00052691 0.0123443 0.00295189 0.999996 -0.000299225 -0.0285295 -0.000528835 0.000300928 1 2.28007
1.00009 -0.00254856 0.000174678 0.0336175 0.00254746 0.999996 0.000851068 -0.0331269 -0.000173961 -0.000850759 0.999998 2.26745
0.999656 0.00916052 -0.0206689 -0.0169806 -0.00914862 0.999958 0.000572262 -0.0324984 0.0206685 -0.000382852 0.999788 2.26934
1.00008 -0.00129647 0.00339442 -0.00407191 0.00129793 0.999999 -0.000789809 -0.0305749 -0.00339065 0.000794092 0.999997 2.34252
0.999893 -0.00189361 -0.00561816 0.0919522 0.00190132 0.999999 0.00119082 -0.0245505 0.00561243 -0.00120135 0.999986 2.25445
1.00007 0.000831306 -0.00319401 0.00083735 -0.0008298 0.999999 0.000848038 -0.0232633 0.00319809 -0.000845529 0.999991 2.27025
0.999853 0.00390552 -0.0109706 0.00841 -0.00389537 0.999993 0.000822035 -0.0176628 0.0109698 -0.000779039 0.99994 2.26938
1.00008 -0.0028854 -0.000985089 0.0411365 0.00288383 0.999995 -0.000698716 -0.0289899 0.000990134 0.000695711 0.999998 2.26041
0.999909 -0.00202234 0.00358152 -0.0500307 0.00202589 1 -0.000807393 -0.0314606 -0.00358202 0.0008148 0.999992 2.17083
1.00009 0.00245859 0.00180282 -0.00517004 -0.00246236 0.99999 0.00133167 -0.0108331 -0.00179684 -0.00133614 0.999998 2.20129
0.999906 0.000840654 -0.00147134 0.000792981 -0.000838403 1 0.000744405 -0.0221711 0.00146905 -0.000743009 0.999999 2.17871
1.00008 0.00328068 -0.00408022 -0.0150228 -0.00328506 0.99999 -0.000718077 -0.0180675 0.00408095 0.000731292 0.999989 2.17558
0.999895 0.00309189 -0.00449817 -0.0132995 -0.00309473 1 -0.00094073 -0.0188939 0.00449207 0.000954855 0.999992 2.16819
1.00002 -0.00673062 0.0112092 0.00386949 0.00669798 0.999976 0.00288624 -0.0495052 -0.0112265 -0.00281105 0.999921 2.06436
0.999895 -0.00120316 0.00100109 0.00934553 0.00120215 0.999992 0.00214187 -0.027257 -0.00100673 -0.00214053 1.00001 2.08712
1.0001 0.00187659 -0.00193747 0.00631465 -0.00187652 1 0.000842672 -0.0195279 0.00194273 -0.000839115 0.999994 2.01155
0.999852 -0.00429007 0.00971733 -0.00833774 0.00431137 0.999984 -0.00207063 -0.033118 -0.0097106 0.00211249 0.999968 2.02408
1.00009 0.00194485 -0.000258828 -0.025756 -0.00194711 0.999998 -0.0027569 -0.0212641 0.000256814 0.00275738 0.999979 2.0405
0.999816 0.00972923 -0.00971686 -0.0665903 -0.00974914 0.999947 -0.00221318 0.00647815 0.00969098 0.00230788 0.999961 1.97965
1.00007 -0.00274467 0.00374316 -0.00667339 0.00273427 0.999999 0.00254775 -0.0247343 -0.00374744 -0.00253777 0.999975 1.99837
0.999914 0.000716089 -0.00217323 -0.019476 -0.00071025 0.999992 0.00216819 -0.0234179 0.00217143 -0.00216642 1.00001 1.99233
0.999982 -0.00930139 0.0114098 0.0227593 0.00929804 0.999965 0.000304973 -0.0416346 -0.0114098 -0.000198977 0.999924 1.92775
0.999896 0.00352381 -0.00311904 -0.0529846 -0.00352777 0.999987 -0.00174869 -0.0131352 0.0031091 0.00175987 1 1.96181
1.00008 -0.00378315 0.00091743 0.0465858 0.00378247 0.999999 -0.000243552 -0.0256724 -0.000912894 0.000246903 0.999989 1.96734
0.999904 -0.000607838 -0.00465797 0.0310425 0.000613727 0.999993 0.000997969 -0.023959 0.00465327 -0.00100073 0.999999 1.95969
1.00002 0.00645975 -0.00878553 -0.0117097 -0.00646366 0.999977 -0.000166865 0.00487883 0.00878944 0.000223777 0.999958 1.92443
0.999895 -0.0025347 0.00738502 -0.0364792 0.00253594 1 -2.50288e-06 -0.0239671 -0.00738846 2.10794e-05 0.999981 1.83738
1.00007 0.0020762 -0.00396768 0.00265556 -0.0020827 0.999995 -0.00108081 -0.00946814 0.00397093 0.00108945 0.999989 1.71617
0.999918 -0.00100031 -0.00030034 -0.00212656 0.00100208 1 -0.000483047 -0.016581 0.000295605 0.000482417 1 1.69383
1.00008 0.000901641 -0.00468251 0.0197535 -0.000899496 0.999997 0.00090358 -0.0123565 0.00468889 -0.000899024 0.999992 1.67351
0.99988 -0.00541883 0.0050253 0.0601023 0.00541008 0.999982 0.00202499 -0.0385852 -0.00504066 -0.00199792 0.999982 1.65478
1.00009 -0.00197894 -0.00246163 0.0301884 0.0019789 1 0.00069874 -0.0331446 0.00246549 -0.000703443 0.999999 1.67744
0.999887 0.00327169 -0.00353076 -0.0174707 -0.0032783 0.999984 -0.0024136 -0.00407687 0.00351797 0.0024251 0.999996 1.71461
1.00008 0.00201031 -0.00581451 -0.0235308 -0.00202456 1 -0.00213387 -0.00728857 0.00581528 0.00214565 0.999975 1.70981
0.999868 -0.00551235 0.00609687 0.0288184 0.00550938 0.999977 0.000619689 -0.0288484 -0.00610379 -0.000586044 0.999985 1.65345
0.999997 0.00427188 -0.0144341 0.0467253 -0.00426731 1 0.000464854 -0.00649144 0.014442 -0.000403279 0.99989 1.67054
0.999863 0.00208622 -0.0064246 -0.00106299 -0.00207916 0.999989 0.000915952 -0.015986 0.00642153 -0.000902432 0.999981 1.64764
0.999939 -0.0156222 0.0104796 0.0292126 0.0156143 0.999891 0.00084562 -0.0781998 -0.0104874 -0.00068179 0.999953 1.55362
0.999811 0.0103071 -0.00590249 -0.0180604 -0.0103146 0.999929 -0.00151809 0.0228589 0.00588192 0.0015793 0.999977 1.48771
1.00012 -0.000354893 0.000590119 -0.000299446 0.000354592 1.00001 -0.000498894 -0.0159786 -0.000586138 0.000498668 1 1.50157
0.999881 0.000909595 0.00122069 -0.0362628 -0.00090949 0.999985 0.000473353 -0.0203955 -0.00122393 -0.000473984 0.999997 1.46484
1.00011 0.00299122 -0.00379247 0.0169711 -0.00299561 1.00001 -0.000824429 0.00387141 0.00379466 0.000835448 1 1.45104
0.999874 0.000908708 -0.00256105 0.027176 -0.000907742 0.999987 3.60264e-05 -0.0108257 0.00255646 -3.34473e-05 0.999989 1.4086
1.00012 -1.44507e-05 0.0048181 -0.0375632 1.46258e-05 1.00001 -0.000214033 -0.0258733 -0.00481436 0.000213844 1 1.45163
