1 0 0 0 0 1 0 0 0 0 1 0
1 -0.000343902 -6.29224e-06 -0.00439741 0.000343907 1 0.000866637 -0.0128271 5.99419e-06 -0.000866639 1 1.30604
0.999999 -0.0011401 0.000589134 -0.0101261 0.00113945 0.999999 0.00111505 -0.0242193 -0.000590404 -0.00111438 0.999999 2.60852
0.999997 -0.00241881 -0.00039714 -0.0131627 0.00241902 0.999997 0.000540644 -0.0393249 0.000395831 -0.000541604 1 3.93201
0.999997 -0.00223155 0.00088287 -0.0144885 0.00223087 0.999997 0.000763843 -0.0529281 -0.000884572 -0.000761871 0.999999 5.24429
0.999996 -0.00279561 0.000300687 -0.0179568 0.00279511 0.999995 0.00165991 -0.0593654 -0.000305326 -0.00165906 0.999999 6.56717
0.999992 -0.00388914 0.000455161 -0.0195092 0.0038879 0.999989 0.00268125 -0.0830344 -0.000465584 -0.00267946 0.999996 7.89114
0.999994 -0.00337507 0.00133134 -0.0234525 0.0033708 0.999989 0.00319555 -0.0982492 -0.00134211 -0.00319104 0.999994 9.21622
0.999995 -0.00308619 0.000285677 -0.0288687 0.00308568 0.999994 0.00176464 -0.115329 -0.000291121 -0.00176375 0.999998 10.5415
0.999999 -0.000897663 0.00117582 -0.0334507 0.00089681 0.999999 0.000725861 -0.13145 -0.00117647 -0.000724806 0.999999 11.8659
0.999998 0.00206807 0.000418161 -0.0447776 -0.00206791 0.999998 -0.000381921 -0.149567 -0.00041895 0.000381055 1 13.2094
0.999992 0.00405151 0.000480809 -0.056253 -0.00405117 0.999992 -0.000706619 -0.166908 -0.000483668 0.000704664 1 14.5523
0.99999 0.00427381 0.00166121 -0.0625053 -0.00427543 0.999991 0.000974864 -0.174505 -0.00165702 -0.000981956 0.999998 15.8878
0.999997 0.00239969 0.00112798 -0.0554766 -0.00240364 0.999991 0.00351497 -0.177288 -0.00111954 -0.00351767 0.999993 17.2369
0.999996 -0.00176561 0.00245236 -0.049246 0.0017494 0.999977 0.00659793 -0.17882 -0.00246395 -0.0065936 0.999975 18.5825
0.999992 -0.00385187 0.00140786 -0.042949 0.00384424 0.999978 0.00538218 -0.188959 -0.00142857 -0.00537672 0.999984 19.9272
0.999986 -0.00452677 0.00263065 -0.0356534 0.00451235 0.999975 0.0054598 -0.161681 -0.00265529 -0.00544785 0.999981 21.2633
0.999993 -0.0028522 0.00243826 -0.0314723 0.00284069 0.999985 0.00470922 -0.15772 -0.00245165 -0.00470226 0.999986 22.6127
0.999994 -0.00123546 0.00327586 -0.0355882 0.0012188 0.999987 0.00508132 -0.14644 -0.00328209 -0.0050773 0.999982 23.9701
0.999985 -0.00125622 0.00537139 -0.038303 0.0012021 0.999949 0.0100672 -0.121497 -0.00538376 -0.0100606 0.999935 25.3143
0.999987 -0.00230846 0.00463173 -0.0292588 0.00225319 0.999927 0.011902 -0.11658 -0.00465886 -0.0118914 0.999918 26.6913
0.999974 -0.00431593 0.00568544 -0.0278112 0.00424794 0.99992 0.0119174 -0.132487 -0.00573642 -0.0118929 0.999913 28.0413
0.99998 -0.00436885 0.00454724 -0.0310799 0.00432538 0.999945 0.00952558 -0.132987 -0.0045886 -0.00950572 0.999944 29.4219
0.999969 -0.00404548 0.00670412 -0.0268385 0.00398032 0.999945 0.00970451 -0.149384 -0.00674301 -0.00967753 0.99993 30.7847
0.999981 -0.00157415 0.00595177 -0.0378581 0.00152426 0.999964 0.00837834 -0.14557 -0.00596474 -0.00836911 0.999947 32.1887
0.999979 -0.000675214 0.00638236 -0.0387267 0.000623276 0.999967 0.00813609 -0.161326 -0.00638764 -0.00813194 0.999946 33.5729
0.999972 -0.000371602 0.00743675 -0.0322658 0.000306665 0.999962 0.00873105 -0.170409 -0.00743971 -0.00872852 0.999934 34.9486
0.999981 -0.000251632 0.00614487 -0.0264774 0.00018686 0.999945 0.0105391 -0.182509 -0.00614718 -0.0105377 0.999925 36.3532
0.999976 0.000711395 0.00694597 -0.0301838 -0.000795522 0.999926 0.0121162 -0.183629 -0.00693684 -0.0121214 0.999902 37.7408
0.999978 0.00302504 0.00587814 -0.0265537 -0.00309914 0.999916 0.012638 -0.183988 -0.00583941 -0.0126559 0.999903 39.1402
0.999969 0.00492655 0.00611441 -0.0324096 -0.0050035 0.999908 0.0126347 -0.185761 -0.0060516 -0.0126649 0.999901 40.5382
0.999956 0.00643069 0.00677645 -0.0337729 -0.0065205 0.99989 0.0133156 -0.182513 -0.00669008 -0.0133592 0.999888 41.9416
0.999964 0.00651903 0.00533854 -0.0360676 -0.00659421 0.999878 0.0141883 -0.175781 -0.00524539 -0.014223 0.999885 43.3499
0.999965 0.00545079 0.00635101 -0.0373236 -0.00554411 0.999876 0.0147706 -0.184055 -0.00626971 -0.0148053 0.999871 44.7491
0.999979 0.00460109 0.00457288 -0.0371345 -0.00466511 0.99989 0.0140908 -0.184731 -0.00450754 -0.0141118 0.99989 46.1641
0.999981 0.00397891 0.00464662 -0.037987 -0.00404871 0.999878 0.0151106 -0.182555 -0.00458593 -0.0151291 0.999875 47.5787
0.999988 0.0043532 0.00223182 -0.0434934 -0.00438754 0.999869 0.0156191 -0.180982 -0.00216353 -0.0156287 0.999875 49.0067
0.999992 0.00398801 0.000900204 -0.0491317 -0.00400213 0.99986 0.0162722 -0.174393 -0.000835183 -0.0162756 0.999867 50.4272
0.999987 0.0048404 0.00125694 -0.0450658 -0.00486029 0.999855 0.0163344 -0.170314 -0.00117769 -0.0163403 0.999866 51.8373
0.999986 0.00516495 -0.00100582 -0.0528084 -0.00514609 0.999826 0.0179225 -0.163883 0.00109821 -0.017917 0.999839 53.258
0.999995 0.00302616 -0.000478703 -0.0596351 -0.00301634 0.999809 0.0193245 -0.151768 0.000537092 -0.019323 0.999813 54.6855
0.999996 0.00155663 -0.00244989 -0.066729 -0.00150965 0.999817 0.0190633 -0.143403 0.00247912 -0.0190595 0.999815 56.1201
0.999994 -0.000642126 -0.00324961 -0.0774809 0.000706435 0.999803 0.0198273 -0.136175 0.00323624 -0.0198295 0.999798 57.5461
0.999996 -0.00209592 -0.00184779 -0.0804416 0.00213278 0.999794 0.020176 -0.128272 0.00180513 -0.0201798 0.999795 58.9651
0.999993 -0.00315361 -0.00208872 -0.086196 0.00319606 0.999782 0.0206384 -0.118302 0.00202318 -0.0206449 0.999785 60.3859
0.999993 -0.00373285 -0.000240042 -0.084709 0.00373715 0.999761 0.0215277 -0.111589 0.000159627 -0.0215285 0.999768 61.7978
0.999991 -0.00419164 -0.00102569 -0.0825808 0.00421333 0.999746 0.0221523 -0.113114 0.000932577 -0.0221564 0.999754 63.2216
0.999986 -0.00531348 -0.000753877 -0.0901544 0.00532875 0.999745 0.0219554 -0.0957419 0.000637027 -0.0219591 0.999759 64.643
0.999985 -0.00535422 0.00132952 -0.103136 0.00532352 0.999742 0.0221045 -0.0862167 -0.00144753 -0.022097 0.999755 66.0392
0.999992 -0.00394978 0.000860057 -0.11602 0.00392922 0.999734 0.0227235 -0.081483 -0.000949579 -0.0227199 0.999741 67.4537
0.999996 -0.00152533 0.0022257 -0.117291 0.00147054 0.999701 0.0244151 -0.0675441 -0.00226227 -0.0244117 0.999699 68.8656
0.999998 0.0014154 0.00144207 -0.131606 -0.00145128 0.999682 0.0251878 -0.0546827 -0.00140596 -0.0251898 0.999682 70.2882
0.999981 0.00513068 0.00348329 -0.130253 -0.00522027 0.999643 0.0262159 -0.0401774 -0.00334753 -0.0262335 0.99965 71.6899
0.999959 0.00844713 0.003241 -0.144479 -0.00852988 0.999615 0.026428 -0.0200831 -0.00301651 -0.0264546 0.999645 73.1013
0.999922 0.0118747 0.00378814 -0.152817 -0.01197 0.999585 0.0262004 0.00485947 -0.00347545 -0.0262437 0.99965 74.5031
0.999907 0.0125598 0.00524571 -0.153701 -0.0126927 0.999579 0.0261179 0.0210906 -0.00491546 -0.0261821 0.999645 75.9012
0.999898 0.0134436 0.00474532 -0.164112 -0.0135678 0.999539 0.0271843 0.0356799 -0.00437767 -0.027246 0.999619 77.3112
0.999917 0.0116228 0.00553899 -0.157435 -0.0117688 0.999564 0.0270979 0.0475843 -0.00522162 -0.0271608 0.999617 78.6756
0.999937 0.0104158 0.00416499 -0.15159 -0.0105231 0.999591 0.0266137 0.071449 -0.00388608 -0.0266558 0.999637 80.0769
0.99995 0.00927977 0.00368348 -0.154309 -0.00937458 0.999602 0.0266136 0.0897509 -0.00343504 -0.0266468 0.999639 81.4613
0.999959 0.00808567 0.00394433 -0.149265 -0.00818856 0.999608 0.0268034 0.102828 -0.00372606 -0.0268346 0.999633 82.8196
0.99996 0.00847889 0.00282682 -0.15556 -0.00855175 0.999603 0.0268458 0.118589 -0.00259807 -0.0268689 0.999636 84.2078
0.999959 0.00860235 0.00261948 -0.16513 -0.00867067 0.99959 0.0272939 0.143862 -0.00238361 -0.0273155 0.999624 85.5569
0.999975 0.00707362 0.000498229 -0.173635 -0.00708472 0.99959 0.027756 0.161808 -0.000301688 -0.0277588 0.999615 86.9487
0.999984 0.00564673 -0.000631814 -0.181603 -0.00562616 0.999569 0.0288449 0.178714 0.000794423 -0.0288409 0.999584 88.3183
0.999994 0.00308369 -0.00110117 -0.185421 -0.00305043 0.999574 0.029033 0.198425 0.00119023 -0.0290295 0.999578 89.6664
0.999995 0.00128331 -0.00262 -0.190327 -0.00120643 0.999575 0.0291377 0.213454 0.00265628 -0.0291344 0.999572 91.0479
0.999996 -5.57364e-05 -0.00256728 -0.200767 0.000130129 0.99958 0.0289852 0.23973 0.00256459 -0.0289854 0.999577 92.3993
0.999994 -0.000955143 -0.00336023 -0.213727 0.00105342 0.999569 0.0293676 0.252649 0.00333073 -0.029371 0.999563 93.7689
0.999994 -0.00123209 -0.00309136 -0.222725 0.0013222 0.99957 0.0293164 0.27246 0.00305391 -0.0293203 0.999565 95.1129
0.999993 -0.00095824 -0.00351629 -0.236187 0.00106108 0.999569 0.0293628 0.290708 0.00348664 -0.0293663 0.999563 96.4749
0.999993 -0.000499023 -0.00370465 -0.247362 0.000606861 0.999575 0.0291641 0.308352 0.00368853 -0.0291662 0.999568 97.8301
0.999996 0.000499466 -0.00281847 -0.264371 -0.000416267 0.999567 0.029442 0.335622 0.00283195 -0.0294407 0.999563 99.1653
0.999993 0.00142582 -0.0032845 -0.273876 -0.00132331 0.999519 0.031003 0.358375 0.00332713 -0.0309985 0.999514 100.523
0.999995 0.00174729 -0.0026154 -0.284805 -0.00166368 0.999499 0.0316351 0.385348 0.00266937 -0.0316306 0.999496 101.848
0.999994 0.00152235 -0.00302618 -0.29885 -0.00142763 0.999517 0.0310592 0.407289 0.00307201 -0.0310547 0.999513 103.201
0.999995 0.00154428 -0.00281039 -0.311002 -0.00145964 0.999553 0.0298728 0.430827 0.00285527 -0.0298686 0.99955 104.538
0.999997 0.000717195 -0.00236277 -0.323973 -0.000648049 0.999576 0.0291356 0.450996 0.00238266 -0.029134 0.999573 105.846
0.999995 -0.000987508 -0.00274104 -0.329905 0.00107054 0.999536 0.0304557 0.473259 0.00270969 -0.0304585 0.999532 107.197
0.999993 -0.00303986 -0.00183209 -0.33288 0.00309611 0.999499 0.0315201 0.500195 0.00173536 -0.0315256 0.999502 108.504
0.999989 -0.00439835 -0.00150071 -0.338206 0.00444466 0.999466 0.0323845 0.52367 0.00135747 -0.0323908 0.999474 109.853
0.999987 -0.0049789 -0.000991745 -0.342507 0.00500802 0.999479 0.0319124 0.541538 0.000832342 -0.0319169 0.99949 111.18
0.999991 -0.00423205 0.000251379 -0.352663 0.0042225 0.999532 0.0303042 0.557827 -0.000379508 -0.0303028 0.999541 112.48
0.999997 -0.00203131 0.000876404 -0.362748 0.00200437 0.999557 0.029723 0.580186 -0.000936389 -0.0297212 0.999558 113.824
0.999995 -0.00034225 0.00291795 -0.371165 0.00025479 0.999553 0.029922 0.600585 -0.00292689 -0.0299212 0.999548 115.129
0.999993 0.00123096 0.00343889 -0.376083 -0.00134045 0.999487 0.0320205 0.624114 -0.00339771 -0.0320248 0.999481 116.479
0.999987 0.000665422 0.00493108 -0.378115 -0.000832845 0.999421 0.0340294 0.646649 -0.00490558 -0.034033 0.999409 117.787
0.999989 0.000338488 0.00468025 -0.381512 -0.000501458 0.999392 0.0348645 0.673725 -0.0046656 -0.0348665 0.999381 119.14
0.999983 0.00139024 0.00570593 -0.382406 -0.00158668 0.999402 0.0345677 0.704711 -0.00565445 -0.0345762 0.999386 120.477
0.999965 0.00278301 0.00782821 -0.379136 -0.00305174 0.9994 0.0345289 0.731738 -0.00772741 -0.0345516 0.999373 121.787
0.999957 0.00446026 0.00814271 -0.382107 -0.00473745 0.999399 0.0343454 0.760384 -0.00798462 -0.0343825 0.999377 123.145
0.999937 0.00490101 0.0100829 -0.377555 -0.00524215 0.999406 0.0340904 0.789353 -0.00990982 -0.0341411 0.999368 124.461
0.99993 0.00637459 0.00994347 -0.376537 -0.00670744 0.999406 0.0338075 0.822901 -0.00972205 -0.0338718 0.999379 125.817
0.999925 0.00554736 0.0109579 -0.363828 -0.00591665 0.999406 0.0339606 0.85541 -0.010763 -0.0340228 0.999363 127.155
0.999906 0.00561155 0.012531 -0.354785 -0.00604752 0.999368 0.0350297 0.890847 -0.0123265 -0.0351022 0.999308 128.465
0.999917 0.00365141 0.0123236 -0.349483 -0.00409073 0.999351 0.0358144 0.915379 -0.0121849 -0.0358618 0.999283 129.83
0.999907 0.00349499 0.0131673 -0.34302 -0.00397091 0.999334 0.0362931 0.941807 -0.0130317 -0.036342 0.999255 131.142
0.999915 0.00229288 0.012799 -0.331314 -0.00276199 0.999321 0.0367558 0.970439 -0.0127061 -0.036788 0.999242 132.51
0.999921 0.00148515 0.0124826 -0.321274 -0.00194506 0.999317 0.0369134 1.00147 -0.0124192 -0.0369348 0.999241 133.847
0.999916 0.000438778 0.0129648 -0.297681 -0.000918091 0.999316 0.0369879 1.03016 -0.0129397 -0.0369967 0.999232 135.162
0.999942 -0.000496186 0.0107807 -0.293673 9.53227e-05 0.99931 0.0371523 1.06821 -0.0107917 -0.0371491 0.999252 136.519
0.999943 -0.00313897 0.010239 -0.281321 0.00275365 0.999296 0.0374314 1.09806 -0.0103493 -0.037401 0.999247 137.829
0.999956 -0.00408662 0.00849062 -0.274794 0.00376298 0.999279 0.0377906 1.12829 -0.00863893 -0.0377569 0.99925 139.192
0.999957 -0.00468846 0.00797377 -0.269448 0.00438453 0.999279 0.0377171 1.16566 -0.00814486 -0.0376805 0.999257 140.509
0.999973 -0.00488256 0.00560529 -0.27431 0.00466865 0.999284 0.0375625 1.19536 -0.00578467 -0.0375353 0.999279 141.876
0.999977 -0.0051656 0.00435149 -0.277353 0.0050014 0.999306 0.0369363 1.236 -0.00453926 -0.0369136 0.999308 143.219
0.999967 -0.00701823 0.00417673 -0.272271 0.00686465 0.999339 0.0357151 1.27424 -0.00442462 -0.0356852 0.999353 144.534
0.999943 -0.0104094 0.00237385 -0.272048 0.0103184 0.999314 0.0355844 1.29793 -0.00274263 -0.0355579 0.999364 145.901
0.999843 -0.017632 0.00169158 -0.258496 0.0175557 0.999134 0.0377214 1.32638 -0.00235522 -0.0376857 0.999287 147.232
0.999736 -0.0229805 -0.000961844 -0.250371 0.0230006 0.998987 0.0386728 1.35637 7.21478e-05 -0.0386847 0.999252 148.59
0.999658 -0.0260524 -0.00235512 -0.245929 0.0261208 0.999 0.0363044 1.38958 0.00140695 -0.0363535 0.999338 149.946
0.999665 -0.0258492 -0.00130048 -0.256013 0.0258786 0.999075 0.0343511 1.41501 0.000411331 -0.0343732 0.999409 151.287
0.999733 -0.0230649 -0.00154252 -0.273023 0.0231026 0.999218 0.032114 1.44991 0.000800611 -0.032141 0.999483 152.651
0.999748 -0.0224376 -0.000166647 -0.276326 0.0224313 0.999225 0.0323415 1.46867 -0.000559148 -0.0323371 0.999477 153.993
0.999675 -0.0255025 -0.00041744 -0.284423 0.0255016 0.999066 0.0348945 1.4966 -0.000472847 -0.0348937 0.999391 155.345
0.999546 -0.0301498 -3.94483e-05 -0.280488 0.03013 0.99884 0.0375707 1.51697 -0.00109335 -0.0375548 0.999294 156.689
0.999386 -0.0350245 0.000426935 -0.284475 0.0349807 0.998615 0.0393134 1.56021 -0.00180328 -0.0392743 0.999227 158.013
0.999341 -0.0362916 -0.000194122 -0.282517 0.0362711 0.998566 0.0393898 1.59605 -0.00123568 -0.0393708 0.999224 159.365
0.999387 -0.0349724 0.00178717 -0.288565 0.0348724 0.998583 0.040195 1.65166 -0.00319035 -0.040108 0.999191 160.68
0.99951 -0.0312456 0.00198034 -0.298035 0.0311408 0.998707 0.0402026 1.68483 -0.00323393 -0.0401212 0.99919 162.031
0.999604 -0.0279043 0.00356975 -0.30696 0.0277456 0.998867 0.0386609 1.72169 -0.00464451 -0.0385465 0.999246 163.349
0.999687 -0.0247386 0.00376084 -0.314523 0.0245755 0.998955 0.0385387 1.75891 -0.00471031 -0.0384342 0.99925 164.718
0.999715 -0.0235295 0.00409561 -0.323592 0.0233531 0.998974 0.0388208 1.7937 -0.00500484 -0.0387141 0.999238 166.076
0.999761 -0.0214099 0.00451844 -0.326059 0.0212196 0.999028 0.0386423 1.83252 -0.00534137 -0.0385371 0.999243 167.387
0.999801 -0.0196619 0.00336684 -0.32727 0.0195236 0.999121 0.0371012 1.87316 -0.00409336 -0.0370281 0.999306 168.758
0.999863 -0.0162405 0.00328214 -0.338121 0.0161149 0.99925 0.0352266 1.90374 -0.00385177 -0.0351688 0.999374 170.09
0.999941 -0.0106762 0.0022424 -0.356938 0.0105934 0.99936 0.0341863 1.94374 -0.00260594 -0.0341604 0.999413 171.472
0.999972 -0.00717536 0.00237207 -0.369676 0.00708755 0.999357 0.0351587 1.97981 -0.00262282 -0.0351409 0.999379 172.836
0.999984 -0.00466993 0.00322275 -0.373196 0.00454819 0.999313 0.0368046 2.01639 -0.00339241 -0.0367893 0.999318 174.183
0.999989 -0.00412916 0.00234037 -0.378159 0.00403596 0.99925 0.0385241 2.04961 -0.00249769 -0.0385141 0.999255 175.576
0.999977 -0.00666012 0.00131323 -0.375764 0.00660249 0.999184 0.039863 2.08577 -0.00157765 -0.0398533 0.999205 176.947
0.99997 -0.00773358 -0.00125561 -0.37471 0.00777755 0.999173 0.039913 2.12911 0.000945897 -0.0399215 0.999203 178.339
0.999951 -0.00967633 -0.00217936 -0.386425 0.00974758 0.999324 0.0354722 2.16816 0.00183464 -0.0354917 0.999368 179.694
0.999954 -0.00838239 -0.00468088 -0.391365 0.00852645 0.999463 0.0316528 2.206 0.00441303 -0.0316912 0.999488 181.08
0.999965 -0.00648884 -0.00533237 -0.403739 0.00664121 0.999556 0.0290705 2.23088 0.00514136 -0.0291048 0.999563 182.464
0.999985 -0.00298418 -0.00462132 -0.418093 0.00312183 0.999543 0.0300686 2.25351 0.00452948 -0.0300825 0.999537 183.819
0.999983 -0.00174037 -0.00564154 -0.43491 0.00192329 0.999468 0.0325808 2.283 0.00558183 -0.032591 0.999453 185.235
0.999988 -0.00286486 -0.00397645 -0.45562 0.00300016 0.999403 0.0344453 2.31843 0.00387539 -0.0344568 0.999399 186.617
0.999986 -0.00205347 -0.00488595 -0.466406 0.00222618 0.999364 0.0356078 2.35832 0.00480972 -0.0356181 0.999354 188.043
0.999982 -0.00317396 -0.0051504 -0.477196 0.00335859 0.999338 0.0362433 2.3916 0.00503195 -0.0362599 0.99933 189.449
0.999976 -0.00475512 -0.00505878 -0.484066 0.0049409 0.99929 0.0373677 2.41387 0.0048775 -0.0373917 0.999289 190.827
0.999958 -0.00679592 -0.00622076 -0.494592 0.00702626 0.999262 0.0377856 2.43476 0.00595937 -0.0378276 0.999267 192.258
0.999951 -0.00839898 -0.00524 -0.49644 0.0085966 0.999206 0.0389047 2.47371 0.00490908 -0.0389478 0.999229 193.645
0.999906 -0.0123441 -0.0060022 -0.503107 0.012578 0.999095 0.0406327 2.50558 0.00549519 -0.0407043 0.999156 195.087
0.999881 -0.0145555 -0.00525358 -0.509137 0.0147608 0.999033 0.0414202 2.53912 0.00464561 -0.0414927 0.999128 196.476
0.999897 -0.0127909 -0.00653633 -0.528185 0.0130311 0.999188 0.0381377 2.57798 0.00604321 -0.0382188 0.999251 197.915
0.999964 -0.00550151 -0.00648705 -0.555871 0.00572209 0.999389 0.034489 2.62101 0.00629335 -0.0345249 0.999384 199.337
0.999985 0.00232694 -0.00508163 -0.587437 -0.00214761 0.999385 0.0350114 2.65712 0.00515998 -0.0349999 0.999374 200.732
0.999956 0.00795638 -0.00501423 -0.624916 -0.00776271 0.999266 0.0375253 2.68908 0.00530912 -0.0374846 0.999283 202.204
0.999947 0.00964789 -0.00374953 -0.64535 -0.00948545 0.999108 0.0411579 2.72681 0.00414327 -0.04112 0.999146 203.619
0.999952 0.00812435 -0.00553677 -0.660794 -0.00788405 0.999082 0.0421201 2.77084 0.00587388 -0.0420744 0.999097 205.086
0.999958 0.00595062 -0.00709367 -0.67829 -0.00564341 0.999078 0.0425673 2.81371 0.00734043 -0.0425254 0.999069 206.534
0.999964 0.00390884 -0.00762164 -0.692855 -0.00357852 0.999074 0.0428798 2.8582 0.00778219 -0.0428509 0.999051 207.949
0.999948 0.00466354 -0.00915685 -0.718886 -0.00426975 0.999085 0.0425614 2.91467 0.00934695 -0.04252 0.999052 209.431
0.999948 0.0049821 -0.00894578 -0.741461 -0.00459699 0.999084 0.0425653 2.95465 0.00914964 -0.0425219 0.999054 210.855
0.999929 0.00607797 -0.0102621 -0.77071 -0.00562966 0.999053 0.043162 2.99776 0.0105147 -0.0431011 0.999016 212.343
0.999924 0.00591411 -0.0108128 -0.79653 -0.00543934 0.999043 0.0434217 3.04422 0.0110592 -0.0433595 0.998999 213.809
0.999932 0.00575157 -0.0102047 -0.811384 -0.00530587 0.999054 0.0431771 3.09361 0.0104434 -0.04312 0.999016 215.247
0.999916 0.00560673 -0.0117162 -0.835554 -0.00509526 0.999052 0.0432366 3.13857 0.0119475 -0.0431732 0.998996 216.752
0.999928 0.00466207 -0.0110519 -0.848943 -0.00417939 0.999054 0.0433005 3.18015 0.0112433 -0.0432511 0.999001 218.197
0.999906 0.00544643 -0.0125981 -0.880814 -0.00489615 0.999051 0.0433043 3.22432 0.012822 -0.0432385 0.998983 219.694
0.999912 0.00557163 -0.0120568 -0.901097 -0.00504706 0.999058 0.0431094 3.27053 0.0122856 -0.0430447 0.998998 221.161
0.999883 0.0059124 -0.0141395 -0.928332 -0.00529712 0.999055 0.043163 3.32479 0.0143813 -0.0430829 0.998968 222.661
0.999873 0.00568116 -0.01493 -0.961284 -0.00503567 0.999066 0.0429209 3.37315 0.0151599 -0.0428401 0.998967 224.159
0.999873 0.00572546 -0.0148831 -0.99333 -0.00507719 0.999053 0.0432358 3.42585 0.0151165 -0.0431546 0.998954 225.622
0.999857 0.00538459 -0.0160732 -1.02957 -0.00467639 0.999031 0.0437774 3.46487 0.0162933 -0.0436959 0.998912 227.131
0.999869 0.00420885 -0.0156321 -1.05742 -0.00351516 0.99902 0.0441403 3.50765 0.0158026 -0.0440795 0.998903 228.616
0.999861 0.00319951 -0.0163879 -1.08733 -0.00246697 0.999006 0.0445265 3.55242 0.016514 -0.0444798 0.998874 230.106
0.999853 0.00302458 -0.0168953 -1.12131 -0.00225386 0.998965 0.0454509 3.59788 0.0170152 -0.0454061 0.998824 231.596
0.999866 0.00316339 -0.0160652 -1.1541 -0.00242211 0.998941 0.0459529 3.65362 0.0161935 -0.0459078 0.998815 233.079
0.999849 0.00387694 -0.0169751 -1.19423 -0.00309348 0.99894 0.045938 3.70343 0.0171352 -0.0458784 0.9988 234.593
0.999865 0.00432533 -0.0158677 -1.22444 -0.00359083 0.998935 0.0460278 3.75577 0.0160498 -0.0459646 0.998814 236.084
0.999838 0.00576762 -0.0171055 -1.25307 -0.00496331 0.998898 0.0466949 3.81019 0.017356 -0.0466023 0.998763 237.61
0.999834 0.00653338 -0.0170498 -1.2935 -0.00569665 0.9988 0.0486701 3.86259 0.0173473 -0.0485648 0.998669 239.128
0.999856 0.00625229 -0.0157984 -1.31761 -0.00546683 0.998771 0.0492799 3.91204 0.0160871 -0.0491864 0.99866 240.623
0.999837 0.00712924 -0.0166403 -1.36045 -0.00631998 0.998819 0.048188 3.96627 0.0169641 -0.0480749 0.9987 242.144
0.999858 0.00734823 -0.0152104 -1.38778 -0.00662289 0.998864 0.0471994 4.01948 0.01554 -0.0470919 0.99877 243.649
0.999841 0.00819418 -0.0158552 -1.42299 -0.00742471 0.998821 0.0479954 4.07704 0.0162298 -0.0478699 0.998722 245.174
0.99985 0.00733918 -0.0156975 -1.454 -0.0065621 0.998778 0.0489937 4.1366 0.0160379 -0.0488833 0.998676 246.703
0.999853 0.00786923 -0.0152795 -1.49163 -0.00709913 0.998734 0.0498169 4.18916 0.0156521 -0.049701 0.998642 248.21
0.99983 0.00856045 -0.0163503 -1.52018 -0.00773041 0.998712 0.050171 4.24594 0.0167587 -0.050036 0.998607 249.755
0.999842 0.00925876 -0.0152046 -1.55781 -0.00848163 0.998694 0.0504033 4.30861 0.0156514 -0.0502663 0.998613 251.266
0.999811 0.010619 -0.016295 -1.59324 -0.00978027 0.998666 0.0507145 4.36248 0.0168118 -0.0505455 0.99858 252.816
0.999833 0.0105173 -0.0149647 -1.62631 -0.00973769 0.998639 0.0512446 4.42647 0.0154833 -0.0510902 0.998574 254.324
0.999819 0.00951506 -0.0164713 -1.65529 -0.00864968 0.998619 0.0518349 4.48379 0.0169417 -0.051683 0.99852 255.874
0.999834 0.00811767 -0.0163298 -1.68448 -0.0072452 0.99858 0.0527951 4.55492 0.0167351 -0.0526679 0.998472 257.404
0.999864 0.00564798 -0.01554 -1.70883 -0.00480118 0.99853 0.0539985 4.61401 0.0158221 -0.0539165 0.99842 258.928
0.99984 0.00555735 -0.0170388 -1.73515 -0.00463289 0.99854 0.0538232 4.67949 0.017313 -0.0537355 0.998405 260.466
0.999857 0.00475952 -0.0162228 -1.76394 -0.00388323 0.998554 0.053625 4.74465 0.0164546 -0.0535543 0.99843 261.978
0.99987 0.00254661 -0.0159119 -1.78361 -0.0016622 0.998466 0.0553492 4.81444 0.0160284 -0.0553156 0.99834 263.511
0.999889 0.000860058 -0.0149108 -1.81372 -1.96623e-05 0.998416 0.0562694 4.89198 0.0149356 -0.0562628 0.998304 265.047
0.999906 -0.00100824 -0.0137337 -1.83878 0.00177969 0.998414 0.0562754 4.95733 0.0136551 -0.0562945 0.998321 266.577
0.999897 -0.00172777 -0.0142859 -1.86411 0.00251744 0.998459 0.0554431 5.02496 0.0141681 -0.0554733 0.99836 268.111
0.999925 -0.000998509 -0.0121988 -1.88975 0.00167551 0.998452 0.0556127 5.08745 0.0121243 -0.055629 0.998378 269.643
0.999922 0.00111675 -0.0124612 -1.90921 -0.000422891 0.998457 0.0555446 5.15191 0.012504 -0.0555349 0.998379 271.187
0.999939 0.00143389 -0.0110023 -1.93826 -0.000819293 0.99845 0.0556618 5.22465 0.011065 -0.0556493 0.998389 272.722
0.999957 0.00327644 -0.00865903 -1.96352 -0.00278318 0.998407 0.0563736 5.28726 0.00882993 -0.0563471 0.998372 274.262
0.999956 0.00312462 -0.00889157 -1.98665 -0.00262125 0.998424 0.0560687 5.35597 0.00905274 -0.0560429 0.998388 275.808
0.999975 0.00347126 -0.00618555 -2.00998 -0.00312225 0.998451 0.0555637 5.4276 0.00636883 -0.0555429 0.998436 277.334
0.999973 0.00332069 -0.00657373 -2.02483 -0.00294623 0.998417 0.0561739 5.49826 0.00674986 -0.056153 0.9984 278.878
0.999981 0.00286287 -0.00547159 -2.04566 -0.00254847 0.998393 0.0566265 5.56344 0.00562491 -0.0566114 0.998381 280.411
0.999997 0.00110646 -0.00245922 -2.05203 -0.000963098 0.998343 0.0575441 5.63258 0.00251881 -0.0575415 0.99834 281.934
0.999992 0.000831998 -0.0038931 -2.07439 -0.000602329 0.998281 0.0586239 5.70326 0.00393518 -0.058621 0.998273 283.487
0.999999 0.000175891 -0.00133322 -2.07812 -9.93534e-05 0.998365 0.0571812 5.77067 0.00134109 -0.0571809 0.998363 285.012
0.999992 1.00587e-05 -0.00400339 -2.08679 0.000215284 0.998416 0.05628 5.84085 0.00399761 -0.0562804 0.998407 286.578
0.99999 0.000350507 -0.00449729 -2.10321 -9.40267e-05 0.998381 0.0569008 5.91682 0.00450994 -0.0568998 0.99837 288.118
0.999993 -0.000476233 -0.00373697 -2.11612 0.000691805 0.998323 0.0578947 5.9874 0.00370313 -0.0578968 0.998316 289.659
0.999981 -0.00065522 -0.00622387 -2.13403 0.0010172 0.998297 0.0583336 6.06152 0.00617504 -0.0583387 0.998278 291.233
0.999988 0.000163404 -0.00486565 -2.14866 0.000120762 0.998297 0.0583421 6.14223 0.00486689 -0.0583419 0.998285 292.777
0.999975 0.000694617 -0.0070075 -2.16746 -0.000280873 0.998266 0.0588701 6.21934 0.00703624 -0.0588667 0.998241 294.368
0.999964 0.000519933 -0.00847395 -2.19292 -1.39012e-05 0.998223 0.0596055 6.29744 0.00848987 -0.0596031 0.998186 295.937
0.999971 0.00124685 -0.00758862 -2.20477 -0.000778445 0.998113 0.0614163 6.37423 0.00765087 -0.0614085 0.998084 297.483
0.999952 0.0021915 -0.00961389 -2.2296 -0.00158316 0.998024 0.0628325 6.46005 0.00973258 -0.0628142 0.997978 299.08
0.999969 0.00276088 -0.00746376 -2.24875 -0.00227991 0.997967 0.0636965 6.54564 0.00762444 -0.0636774 0.997942 300.644
0.999965 0.00283626 -0.00795192 -2.27101 -0.00232166 0.997948 0.0639915 6.62904 0.00811709 -0.0639707 0.997919 302.252
0.999968 0.00235593 -0.00765557 -2.2886 -0.00185467 0.997895 0.0648338 6.72113 0.00779219 -0.0648175 0.997867 303.843
0.999983 0.000923061 -0.00576896 -2.29499 -0.000550641 0.997936 0.0642247 6.8033 0.00581633 -0.0642204 0.997919 305.414
0.99998 0.00109356 -0.00622529 -2.30882 -0.00069623 0.997984 0.0634704 6.88807 0.00628214 -0.0634648 0.997965 307.011
0.999986 0.000627928 -0.00529548 -2.31931 -0.000295283 0.99804 0.0625825 6.97628 0.00532439 -0.06258 0.998026 308.609
0.999965 0.00123907 -0.00831432 -2.33976 -0.000718029 0.998053 0.0623789 7.06586 0.00837542 -0.0623707 0.998018 310.22
0.999946 0.00219247 -0.0101177 -2.36133 -0.00154996 0.998008 0.063079 7.16177 0.0102358 -0.0630599 0.997958 311.827
0.99995 0.00330591 -0.00942678 -2.38658 -0.002678 0.997826 0.0658593 7.25325 0.009624 -0.0658308 0.997785 313.439
0.999948 0.00221495 -0.0099715 -2.40508 -0.00152097 0.997611 0.0690726 7.34891 0.0101007 -0.0690538 0.997562 315.064
0.999962 0.00129058 -0.00865478 -2.42877 -0.000684789 0.997573 0.0696349 7.4438 0.00872364 -0.0696263 0.997535 316.679
0.999956 0.000843248 -0.00936994 -2.44753 -0.000188869 0.997574 0.0696192 7.53186 0.00940591 -0.0696143 0.99753 318.31
0.999969 8.0993e-06 -0.00784542 -2.46612 0.000538534 0.997571 0.0696691 7.63013 0.00782692 -0.0696711 0.99754 319.916
0.999962 0.000197141 -0.00872369 -2.48447 0.000419091 0.997507 0.0705792 7.72957 0.00871584 -0.0705801 0.997468 321.547
0.999967 0.000518751 -0.00805934 -2.49902 5.26381e-05 0.997496 0.0707346 7.82648 0.00807584 -0.0707327 0.997463 323.173
0.999981 0.00162891 -0.00602081 -2.52354 -0.00119974 0.997504 0.0706083 7.92625 0.00612078 -0.0705996 0.997486 324.777
0.999978 0.00210028 -0.00626112 -2.53855 -0.00165295 0.997503 0.0706113 8.01779 0.00639378 -0.0705994 0.997485 326.406
0.999991 0.000774867 -0.00411921 -2.55637 -0.000472615 0.997342 0.0728739 8.11371 0.00416472 -0.0728712 0.997333 328.009
0.999988 0.000147936 -0.00488837 -2.56536 0.000212652 0.997283 0.0736788 8.21797 0.00488598 -0.0736789 0.99727 329.629
0.999988 -0.00110292 -0.00490068 -2.57369 0.00146014 0.997295 0.0734929 8.32322 0.00480636 -0.0734991 0.997284 331.236
0.999994 -0.000867934 -0.00341368 -2.59002 0.00112031 0.997211 0.0746336 8.43011 0.00333938 -0.0746369 0.997205 332.839
0.999988 0.000431368 -0.00492626 -2.59916 -6.98802e-05 0.997322 0.0731427 8.53633 0.00494461 -0.0731414 0.99731 334.454
0.999988 0.00293113 -0.00405649 -2.62344 -0.00263197 0.99741 0.0718829 8.61581 0.00425668 -0.0718713 0.997405 336.045
0.999978 0.00342586 -0.00564344 -2.64197 -0.00300203 0.997294 0.0734676 8.71 0.00587985 -0.073449 0.997282 337.656
0.999971 0.00437173 -0.00622169 -2.66062 -0.00388246 0.997056 0.0765867 8.80579 0.00653819 -0.0765603 0.997044 339.261
0.999971 0.0046335 -0.00613136 -2.678 -0.00413801 0.996907 0.0784919 8.91713 0.00647608 -0.0784642 0.996896 340.84
0.999953 0.0050455 -0.00831068 -2.69549 -0.00437479 0.996879 0.078833 9.02005 0.00868248 -0.0787929 0.996853 342.45
0.999948 0.00501911 -0.0088974 -2.71589 -0.00430106 0.996869 0.0789598 9.11726 0.00926585 -0.0789174 0.996838 344.025
0.999924 0.00424346 -0.0115718 -2.73445 -0.0033045 0.996791 0.0799857 9.22462 0.011874 -0.0799414 0.996729 345.628
0.999916 0.00307852 -0.0126181 -2.75471 -0.00204628 0.996711 0.0810165 9.33802 0.012826 -0.0809838 0.996633 347.225
0.999925 0.00299486 -0.011894 -2.78384 -0.0020228 0.99672 0.0809128 9.43656 0.0120973 -0.0808826 0.99665 348.787
0.99991 0.0029671 -0.0130714 -2.80987 -0.0018917 0.99667 0.0815268 9.53281 0.0132698 -0.0814947 0.996586 350.396
0.999923 0.00276697 -0.0120811 -2.83722 -0.00176982 0.99665 0.081781 9.64056 0.0122669 -0.0817533 0.996577 351.951
0.999915 0.00238137 -0.0128019 -2.86321 -0.00131653 0.996587 0.0825511 9.75112 0.0129547 -0.0825272 0.996505 353.561
0.999918 0.00206762 -0.0126445 -2.89016 -0.00101506 0.996576 0.0826887 9.86367 0.0127722 -0.082669 0.996495 355.145
0.999932 0.00207872 -0.011493 -2.91819 -0.00112022 0.996568 0.0827834 9.96988 0.0116256 -0.0827648 0.996502 356.703
0.999922 0.00205685 -0.0123051 -2.94203 -0.00102117 0.996501 0.0835874 10.0832 0.0124339 -0.0835683 0.996425 358.303
0.999936 0.0019022 -0.0111737 -2.96537 -0.000967278 0.996543 0.0830873 10.1965 0.0112931 -0.0830711 0.99648 359.861
0.999927 0.00130522 -0.012063 -2.98851 -0.000293464 0.996509 0.0834959 10.3112 0.0121298 -0.0834861 0.996435 361.459
0.999929 -8.31008e-05 -0.0119461 -3.01042 0.00109503 0.996405 0.0847259 10.4297 0.011896 -0.0847329 0.996333 363.044
0.999944 -0.00153354 -0.0105178 -3.03197 0.00243477 0.996274 0.0862154 10.5441 0.0103464 -0.0862361 0.996221 364.605
0.999931 -0.0015402 -0.0116649 -3.05176 0.00254248 0.996258 0.0864003 10.6625 0.0114881 -0.0864239 0.996192 366.202
0.99995 -0.000618382 -0.0100288 -3.07435 0.00148936 0.996202 0.0870728 10.7761 0.00993682 -0.0870833 0.996152 367.77
0.999942 0.000891938 -0.0107374 -3.10057 5.68938e-05 0.996118 0.0880425 10.9039 0.0107743 -0.088038 0.996059 369.373
0.999958 0.00177293 -0.00901003 -3.12596 -0.000960571 0.995998 0.0893776 11.0269 0.00913242 -0.0893651 0.995957 370.951
0.999951 0.00212666 -0.00971281 -3.14362 -0.00124402 0.995943 0.0899904 11.1488 0.00986477 -0.0899738 0.995896 372.555
0.999955 0.00189642 -0.00929785 -3.1641 -0.00104792 0.995904 0.0904261 11.2731 0.00943124 -0.0904122 0.99586 374.147
0.99997 0.00218474 -0.00746448 -3.18679 -0.00149639 0.99585 0.0910066 11.4005 0.00763232 -0.0909926 0.995823 375.726
0.999964 0.00253585 -0.0081341 -3.20451 -0.00177802 0.995772 0.0918552 11.5389 0.00833263 -0.0918374 0.995739 377.337
0.999975 0.00329151 -0.00627008 -3.2276 -0.00269609 0.995691 0.092708 11.67 0.0065482 -0.0926887 0.995674 378.918
0.999969 0.00407483 -0.00683907 -3.24266 -0.00341517 0.995583 0.0938366 11.8127 0.00719122 -0.0938102 0.995564 380.542
0.999963 0.00535907 -0.00674141 -3.26292 -0.00469867 0.995522 0.0944247 11.9458 0.00721723 -0.0943894 0.995509 382.147
0.999967 0.00650283 -0.00488033 -3.28169 -0.00600904 0.995446 0.0951478 12.0744 0.00547682 -0.0951153 0.995452 383.736
0.999955 0.00736054 -0.00598423 -3.29937 -0.00675235 0.995362 0.0959755 12.211 0.00666289 -0.0959307 0.995366 385.367
0.999958 0.00818372 -0.00429829 -3.32016 -0.00772917 0.995273 0.0968233 12.3453 0.00507033 -0.0967859 0.995293 386.955
0.999943 0.00922703 -0.00547516 -3.3445 -0.0086479 0.995176 0.0977313 12.4812 0.0063505 -0.0976783 0.995198 388.597
0.999939 0.00982282 -0.0050734 -3.3621 -0.00927968 0.995164 0.0978003 12.624 0.00600953 -0.0977472 0.995193 390.21
0.999945 0.00972568 -0.00400624 -3.38617 -0.00928445 0.995106 0.0983816 12.7592 0.00494345 -0.0983389 0.995141 391.807
