0.999835 -0.000785171 -0.0181866 0.185817 0.000834732 0.999997 0.00271058 -0.0260473 0.0181849 -0.0027255 0.999831 0.908975
0.999803 -0.00208717 -0.0199121 0.172926 0.00215136 0.999995 0.00323558 -0.0494172 0.0199084 -0.00327756 0.999803 2.30006
0.999806 -0.00328215 -0.0194795 0.138045 0.00330817 0.999995 0.00130246 -0.056125 0.019476 -0.00136676 0.999811 3.65969
0.999802 -0.00325088 -0.0198126 0.109555 0.00328013 0.999996 0.00147725 -0.0732994 0.0198109 -0.00154176 0.99981 5.02131
0.999774 -0.00378787 -0.0210348 0.0944047 0.0038479 0.999991 0.00282088 -0.100458 0.0210248 -0.00290123 0.999778 6.3452
0.999731 -0.00621975 -0.0225019 0.11212 0.00630548 0.999976 0.00377291 -0.116538 0.0224812 -0.00391356 0.999747 7.71374
0.999698 -0.00577508 -0.0240201 0.099694 0.00586893 0.999978 0.00384705 -0.126252 0.0239983 -0.00398689 0.999708 9.08718
0.999665 -0.00481569 -0.0255822 0.0856191 0.0048635 0.99999 0.00183577 -0.139031 0.0255763 -0.00195936 0.999679 10.4607
0.999621 -0.00255285 -0.0275443 0.0754075 0.00254221 1 -0.000413904 -0.158338 0.0275463 0.000343685 0.999624 11.851
0.999661 0.0010585 -0.0262696 -0.000459653 -0.00110221 1 -0.00161837 -0.175896 0.0262712 0.001647 0.999663 13.1906
0.999667 0.00365438 -0.0257069 -0.0552086 -0.00369928 0.999995 -0.00169185 -0.197936 0.0257015 0.00178637 0.999672 14.5817
0.999691 0.00451296 -0.0247028 -0.116229 -0.00452856 0.999994 -0.000542635 -0.221022 0.0247035 0.000654541 0.999704 15.9431
0.999732 0.00242632 -0.0232132 -0.17752 -0.00236956 0.999998 0.00247907 -0.246014 0.0232201 -0.00242336 0.999731 17.3191
0.999786 -0.00246813 -0.0208281 -0.241247 0.0025718 0.999989 0.00499229 -0.265365 0.0208188 -0.00504462 0.99978 18.6694
0.999791 -0.00545782 -0.0199252 -0.283444 0.00553117 0.999982 0.00363806 -0.294749 0.019906 -0.00374745 0.999799 20.0491
0.999791 -0.00673842 -0.0196183 -0.317296 0.00679588 0.999978 0.00290557 -0.3258 0.0196016 -0.00303808 0.999812 21.3696
0.999838 -0.00426587 -0.017785 -0.37197 0.0043033 0.999994 0.00207719 -0.357008 0.0177769 -0.00215333 0.999845 22.7576
0.999878 -0.000923679 -0.0160257 -0.421812 0.000996477 0.999994 0.00458538 -0.385859 0.0160247 -0.0046006 0.999871 24.1602
0.999897 -9.04255e-05 -0.0147162 -0.4636 0.000224095 0.999963 0.00909001 -0.416026 0.0147157 -0.00909236 0.999856 25.5976
0.999924 -0.00255154 -0.0125647 -0.511807 0.002691 0.999939 0.0111633 -0.428885 0.0125387 -0.0111961 0.999867 26.9775
0.999906 -0.00703016 -0.012236 -0.537808 0.00715511 0.999927 0.0101944 -0.448754 0.0121645 -0.0102811 0.999879 28.3912
0.999912 -0.00772037 -0.0113241 -0.578746 0.00781911 0.999936 0.00877777 -0.470777 0.011259 -0.00886535 0.999906 29.7834
0.999933 -0.0088919 -0.00821009 -0.637338 0.00894507 0.999944 0.00646183 -0.483751 0.00815327 -0.00653489 0.999951 31.1641
0.999975 -0.00548906 -0.00587663 -0.674956 0.00551803 0.999979 0.00504902 -0.493856 0.00585235 -0.00508123 0.999981 32.5601
0.999989 -0.00380846 -0.00453169 -0.717165 0.00382244 0.999993 0.00307247 -0.507022 0.00452102 -0.00308986 0.999991 33.9537
1 -0.00289269 -0.00267823 -0.754738 0.00290011 0.999998 0.0030297 -0.519216 0.00267307 -0.00303737 1 35.3655
1 -0.00233053 -0.00155518 -0.788396 0.00233597 0.999996 0.00353434 -0.52461 0.00154796 -0.00353803 0.999998 36.7905
1.00001 -0.00117867 -0.00140271 -0.802264 0.00118387 0.999997 0.00427 -0.53279 0.00140126 -0.00427154 1 38.2225
1 0.00127877 -0.00161889 -0.809355 -0.00127147 0.999994 0.00459698 -0.548355 0.00162584 -0.00459496 0.999994 39.6827
1 0.00371046 -0.00113936 -0.824839 -0.00370668 0.999992 0.00401697 -0.562339 0.00115793 -0.00401264 1 41.1326
0.99999 0.00554748 -0.00171357 -0.825503 -0.00554075 0.999982 0.0039789 -0.576001 0.00173673 -0.0039694 0.999996 42.6199
0.999987 0.00621675 -0.00169855 -0.837519 -0.00621121 0.999981 0.00375663 -0.59118 0.00172554 -0.00374588 1 44.0707
0.99999 0.00517617 -0.00275201 -0.829896 -0.00516717 0.999986 0.00329339 -0.60689 0.00277008 -0.00327921 0.999997 45.5256
0.999988 0.00524543 -0.00350892 -0.833033 -0.0052342 0.999987 0.0034313 -0.6312 0.00353067 -0.00341277 1 46.9587
0.999989 0.00477308 -0.00365221 -0.864931 -0.00475824 0.999986 0.00408768 -0.653248 0.00367263 -0.00407019 0.999991 48.3727
0.999985 0.0044358 -0.00497515 -0.870543 -0.00440845 0.999981 0.00561087 -0.673823 0.00500387 -0.00558866 0.999986 49.8521
0.999975 0.0044916 -0.00661122 -0.867209 -0.00445822 0.999983 0.00508762 -0.68912 0.0066349 -0.00505794 0.999972 51.3274
0.99996 0.00521403 -0.00826972 -0.877133 -0.00517599 0.999982 0.00468274 -0.69234 0.0082979 -0.00463953 0.999969 52.791
0.99995 0.00552244 -0.00919591 -0.901677 -0.00547449 0.999977 0.00525111 -0.707749 0.00922569 -0.00520043 0.999951 54.2214
0.999951 0.00457702 -0.00962838 -0.920593 -0.00451686 0.999976 0.00632468 -0.727627 0.00966107 -0.00628059 0.999949 55.6936
0.999958 0.00317917 -0.0094435 -0.942282 -0.00311639 0.999979 0.00666997 -0.746725 0.00946551 -0.00664022 0.99994 57.1558
0.999961 0.000862998 -0.00959334 -0.970523 -0.000803758 0.999986 0.00625061 -0.761222 0.00960261 -0.0062424 0.999949 58.6057
0.999982 -0.000227154 -0.00715113 -1.01906 0.000274992 0.999983 0.00672283 -0.779669 0.00715055 -0.00672463 0.999959 60.052
0.999989 -0.0012335 -0.00595808 -1.04834 0.00128381 0.999968 0.00856465 -0.801033 0.00595136 -0.008572 0.99996 61.4931
0.99999 -0.00361593 -0.00481309 -1.07406 0.00366728 0.999942 0.0107427 -0.827015 0.00477496 -0.0107602 0.999938 62.9408
0.999977 -0.00592952 -0.00515716 -1.05743 0.0059818 0.999936 0.0103431 -0.844147 0.00509932 -0.0103736 0.999947 64.3714
0.999963 -0.00778214 -0.00517736 -1.06349 0.00782865 0.999935 0.00906963 -0.84866 0.00510722 -0.00910981 0.999954 65.8216
0.99997 -0.00743737 -0.00450899 -1.07711 0.00747489 0.999943 0.00851686 -0.859953 0.00444917 -0.00855022 0.999967 67.2494
0.999975 -0.00686667 -0.00401727 -1.08329 0.00689966 0.999948 0.00829614 -0.870271 0.00396069 -0.0083236 0.999966 68.7122
1 -0.00302262 -0.00150359 -1.12306 0.00303687 0.999953 0.010076 -0.896313 0.00147673 -0.0100805 0.999964 70.0875
1.00001 0.000481377 -0.00096522 -1.12627 -0.000470867 0.999947 0.0112024 -0.904169 0.000970472 -0.0112021 0.999948 71.5947
0.999994 0.00544322 -0.00030938 -1.13393 -0.00544057 0.999941 0.0102532 -0.899133 0.000368707 -0.0102513 0.999963 73.032
0.99995 0.0104261 0.0022067 -1.20523 -0.0104439 0.999921 0.00815269 -0.875935 -0.00212195 -0.00817528 0.999978 74.4941
0.999912 0.0135467 0.00307327 -1.22449 -0.013568 0.999894 0.00675487 -0.874986 -0.00297797 -0.0067958 0.999987 75.9211
0.999883 0.0153059 0.00331968 -1.20737 -0.0153295 0.999865 0.00723082 -0.908721 -0.0032091 -0.00728075 0.999982 77.344
0.999873 0.0157043 0.005167 -1.23655 -0.0157366 0.999867 0.00612748 -0.904824 -0.00506709 -0.00620774 0.999985 78.8208
0.999898 0.0143254 0.00384207 -1.19484 -0.0143483 0.999889 0.00609215 -0.935659 -0.00375527 -0.00614648 0.999989 80.2047
0.999916 0.0131888 0.00347544 -1.19162 -0.0132026 0.999912 0.00384558 -0.933465 -0.00342167 -0.00389083 1.00001 81.5857
0.999906 0.0134249 0.00494344 -1.23238 -0.0134343 0.999918 0.0019743 -0.924343 -0.00491762 -0.00204029 1 83.0075
0.999961 0.00969603 0.00233685 -1.17204 -0.00970708 0.999953 0.00466807 -0.98598 -0.0022893 -0.00469009 1.00001 84.2793
0.999955 0.0103819 0.00190111 -1.18338 -0.0103866 0.999952 0.00287157 -0.986794 -0.00187297 -0.0028909 1.00001 85.7244
0.99996 0.00978939 0.00265659 -1.21954 -0.00979538 0.999961 0.0021956 -0.991966 -0.00263296 -0.00222102 1.00002 87.1485
0.999951 0.00969368 0.00524938 -1.30908 -0.00969752 0.999964 0.000833111 -0.969165 -0.00524304 -0.000883889 1.00001 88.5883
0.999981 0.00746079 0.00331245 -1.26794 -0.00747028 0.999983 0.00290171 -1.02302 -0.00328905 -0.00292579 1.00001 89.9472
0.999993 0.00550861 0.00318702 -1.31506 -0.00550995 0.999996 0.000777402 -0.99662 -0.00318531 -0.000794787 1.00002 91.4083
1 0.00397879 0.00334636 -1.32298 -0.00397866 1.00001 5.92165e-06 -1.0123 -0.00334471 -1.86794e-05 1.00002 92.7722
0.999995 0.00290773 0.00556126 -1.38624 -0.00289607 1 -0.00187193 -1.01307 -0.00556939 0.0018559 1 94.1441
1.00002 0.00094743 0.00207131 -1.30181 -0.000943357 1.00002 -0.00179041 -1.06006 -0.00207188 0.00178892 1.00002 95.5509
1.00001 0.00140635 0.00313087 -1.3353 -0.00139476 1.00001 -0.00324178 -1.06876 -0.00313851 0.0032375 1.00001 97.0068
0.999992 0.00163705 0.00711502 -1.42111 -0.00159468 0.999999 -0.005874 -1.06156 -0.00712345 0.00586307 0.999985 98.4134
0.99999 0.00251913 0.00668401 -1.39251 -0.00248357 0.999996 -0.00508781 -1.1279 -0.00669982 0.00507119 0.999991 99.7633
0.999966 0.0048755 0.00917771 -1.44424 -0.0048186 0.999988 -0.0061115 -1.13366 -0.00920621 0.00606751 0.99997 101.137
0.999982 0.00370245 0.00735467 -1.39674 -0.00366927 0.999998 -0.00429916 -1.17519 -0.00737358 0.00427221 0.999991 102.503
1.00001 0.00510205 0.000253122 -1.28737 -0.0051009 1.00001 -1.43336e-05 -1.25585 -0.000252347 1.35871e-05 1.00003 103.798
1 0.00476735 -0.00121611 -1.29237 -0.00476812 1 -0.00203255 -1.26981 0.00120343 0.00203849 1.00003 105.172
1.00002 0.00288784 -0.00348072 -1.25912 -0.00290182 1.00001 -0.00436639 -1.30655 0.00346901 0.00437706 1.00002 106.499
1 0.00417258 -0.00258978 -1.30758 -0.00418832 0.999983 -0.00680225 -1.30895 0.00255834 0.00681336 1 107.832
1.00002 -6.00861e-06 -0.00415153 -1.29841 -1.49652e-05 1.00001 -0.00537349 -1.34611 0.00415247 0.00537423 1.00002 109.178
1.00002 -0.000547624 -0.00163797 -1.34458 0.000541753 1 -0.00476334 -1.35607 0.00163755 0.00476282 1.00002 110.582
1.00003 -0.00118587 -8.49703e-05 -1.36754 0.00118685 1.00001 -0.00510662 -1.37184 9.19129e-05 0.00510725 1.00003 111.955
1.00002 -0.0021767 0.000170255 -1.3488 0.00217989 0.999984 -0.00761992 -1.39616 -0.000156826 0.0076207 1 113.286
1.00003 -0.0015102 0.00158472 -1.3601 0.00152401 0.999993 -0.00775483 -1.47028 -0.00157216 0.00775793 1.00001 114.648
1.00001 0.00235125 0.0041307 -1.39814 -0.00230369 0.999947 -0.0109615 -1.48218 -0.00415955 0.0109523 0.999956 116.032
0.999991 0.00526722 0.00692724 -1.41383 -0.00519102 0.999951 -0.0107433 -1.52301 -0.00698274 0.0107076 0.99996 117.354
0.999958 0.00675044 0.0088069 -1.40873 -0.00667785 0.999955 -0.00800904 -1.57538 -0.00886393 0.0079501 0.999953 118.689
0.999961 0.0066151 0.00966519 -1.39002 -0.00655972 0.999984 -0.0055754 -1.61583 -0.0097012 0.00551224 0.999978 120.061
0.999933 0.00644363 0.0115408 -1.41375 -0.00637774 0.999973 -0.00556429 -1.63904 -0.0115799 0.00549053 0.999943 121.397
0.999894 0.00790405 0.0144535 -1.43046 -0.00778438 0.999959 -0.00819774 -1.63995 -0.014517 0.00808475 0.999905 122.753
0.999823 0.0109387 0.0165481 -1.43519 -0.0107635 0.999897 -0.0105194 -1.65079 -0.0166649 0.0103397 0.999834 124.12
0.999745 0.0135694 0.019706 -1.46541 -0.0133152 0.999851 -0.0128835 -1.65708 -0.0198772 0.0126181 0.999767 125.493
0.999686 0.01496 0.0210312 -1.4045 -0.0146793 0.999812 -0.0133364 -1.72095 -0.0212306 0.0130237 0.999714 126.766
0.999665 0.0152331 0.0223938 -1.37609 -0.0149279 0.999819 -0.0136553 -1.76773 -0.0225975 0.0133166 0.999701 128.119
0.999643 0.0140247 0.0235554 -1.32373 -0.013721 0.999832 -0.0129204 -1.83301 -0.0237366 0.0125927 0.999664 129.439
0.999635 0.0136604 0.024676 -1.30521 -0.0133662 0.99986 -0.0119865 -1.86854 -0.0248363 0.0116525 0.999668 130.788
0.999579 0.0123104 0.0269902 -1.29318 -0.0119912 0.999867 -0.011881 -1.89787 -0.0271369 0.0115525 0.999591 132.148
0.999592 0.0111222 0.0275227 -1.26118 -0.0107962 0.999893 -0.0119108 -1.93263 -0.0276522 0.0116089 0.999595 133.495
0.999592 0.00877685 0.027933 -1.23057 -0.008446 0.999904 -0.0118693 -1.97069 -0.0280386 0.0116287 0.999565 134.847
0.999623 0.00688254 0.0278073 -1.19168 -0.00658624 0.999944 -0.0106791 -2.01785 -0.0278792 0.0104921 0.999601 136.225
0.999623 0.00522249 0.0277303 -1.17349 -0.0049131 0.999937 -0.011141 -2.05135 -0.0277909 0.0110007 0.999581 137.638
0.999648 0.00379289 0.0275465 -1.15621 -0.00348025 0.999952 -0.0113386 -2.09008 -0.0275883 0.0112389 0.999601 139
0.99963 0.00304242 0.0278068 -1.14934 -0.00275541 0.999955 -0.0102818 -2.13096 -0.0278409 0.0102016 0.999588 140.38
0.999648 0.00123178 0.0277773 -1.13433 -0.000937598 0.999967 -0.0105535 -2.16362 -0.0277895 0.0105238 0.999604 141.764
0.999624 0.000953431 0.028168 -1.1325 -0.000643237 0.999951 -0.0109452 -2.19869 -0.0281811 0.0109232 0.999572 143.132
0.99962 0.000882793 0.0287909 -1.12793 -0.000544078 0.999953 -0.0117244 -2.23523 -0.0288 0.0117044 0.999562 144.519
0.999565 0.000693458 0.030208 -1.13591 -0.000322998 0.999937 -0.012194 -2.27115 -0.0302187 0.0121792 0.999498 145.9
0.99954 -0.00137484 0.0314125 -1.13417 0.00185927 0.999902 -0.0153593 -2.30351 -0.0313883 0.0154108 0.999435 147.288
0.99949 -0.00632186 0.0319919 -1.12334 0.00684785 0.999856 -0.0162928 -2.33464 -0.0318885 0.0165038 0.999385 148.676
0.999466 -0.0146389 0.0304008 -1.06775 0.0150824 0.999805 -0.0143756 -2.37729 -0.0301844 0.0148267 0.999481 149.994
0.999332 -0.0204853 0.0310261 -1.06321 0.020928 0.999696 -0.0139524 -2.40596 -0.0307348 0.0145925 0.999452 151.372
0.999265 -0.0236382 0.0312933 -1.03724 0.0241994 0.999573 -0.0176471 -2.44354 -0.0308627 0.0183916 0.999402 152.756
0.999253 -0.0224953 0.0321724 -1.00862 0.0231759 0.999527 -0.020886 -2.49462 -0.031691 0.0216162 0.999297 154.097
0.999311 -0.0189144 0.0330246 -0.959258 0.0196517 0.999584 -0.0221128 -2.56294 -0.0325925 0.0227465 0.999258 155.483
0.999267 -0.0187752 0.0340669 -0.921333 0.0195255 0.999586 -0.0217729 -2.61932 -0.0336477 0.0224223 0.999215 156.868
0.999145 -0.0222314 0.0358575 -0.908507 0.0228989 0.999592 -0.018284 -2.67081 -0.0354362 0.0190896 0.999238 158.177
0.998941 -0.0283633 0.0368912 -0.859199 0.0289408 0.999479 -0.0151721 -2.72271 -0.0364453 0.0162238 0.999238 159.579
0.998809 -0.0317508 0.0379837 -0.819773 0.0322953 0.999404 -0.0137847 -2.77214 -0.0375232 0.0149952 0.999231 160.941
0.998645 -0.0334388 0.0404576 -0.819366 0.034046 0.99933 -0.0143813 -2.80363 -0.0399532 0.0157393 0.999111 162.303
0.998607 -0.0310477 0.0434861 -0.800173 0.0317038 0.999413 -0.0144559 -2.83885 -0.0430115 0.0158145 0.998998 163.691
0.998628 -0.0266792 0.0455796 -0.761735 0.0273583 0.999536 -0.0143084 -2.89802 -0.0451804 0.0155358 0.998892 165.078
0.998646 -0.022881 0.0474953 -0.714499 0.0236995 0.9996 -0.0167157 -2.94404 -0.0470935 0.0178187 0.998782 166.45
0.998675 -0.020473 0.0477127 -0.673933 0.021275 0.999653 -0.0163287 -2.99133 -0.0473654 0.0173221 0.998762 167.807
0.998532 -0.0185006 0.0516267 -0.667231 0.0193472 0.999708 -0.0159225 -3.0244 -0.0513167 0.0168979 0.99859 169.181
0.998519 -0.0167705 0.0522136 -0.626691 0.0176665 0.999718 -0.0167174 -3.05503 -0.051922 0.017615 0.99853 170.559
0.998534 -0.0140285 0.0529832 -0.578699 0.0150736 0.999721 -0.019349 -3.10254 -0.0526966 0.0201192 0.998459 171.951
0.998601 -0.0116994 0.0520179 -0.520054 0.012823 0.999704 -0.0212876 -3.15974 -0.051757 0.0219248 0.998454 173.318
0.998675 -0.00642829 0.0518548 -0.460776 0.00761206 0.999736 -0.0226322 -3.21122 -0.0516956 0.0229967 0.99845 174.741
0.998641 -0.000948498 0.0525563 -0.422824 0.00206648 0.999786 -0.0211864 -3.26137 -0.0525286 0.021266 0.998428 176.113
0.998679 0.00203242 0.0521366 -0.338759 -0.00106044 0.999848 -0.0186269 -3.32237 -0.0521666 0.0185469 0.998518 177.542
0.998499 0.00288014 0.055142 -0.319175 -0.00190801 0.999855 -0.0176403 -3.35594 -0.0551884 0.0175084 0.99836 178.918
0.998555 5.90321e-05 0.0544998 -0.246214 0.000891827 0.999871 -0.0173878 -3.39377 -0.0544937 0.0174112 0.998415 180.317
0.998639 -0.00261036 0.0525816 -0.168555 0.00344033 0.999886 -0.0156646 -3.45881 -0.0525382 0.0158238 0.998533 181.735
0.99865 -0.00211194 0.0527071 -0.118766 0.00317416 0.999817 -0.0200428 -3.50778 -0.0526552 0.0201829 0.99846 183.16
0.99862 0.000178531 0.0530217 -0.0814092 0.00112958 0.99971 -0.0246037 -3.55576 -0.0530144 0.0246293 0.998327 184.554
0.998598 0.00439324 0.0535481 -0.0265421 -0.0030614 0.999707 -0.0248931 -3.6106 -0.053642 0.024694 0.998307 185.966
0.998599 0.00680251 0.0529731 0.0449523 -0.00554668 0.999714 -0.0237821 -3.66792 -0.0531235 0.0234545 0.998349 187.354
0.998554 0.00863073 0.0538677 0.100729 -0.00755756 0.999791 -0.0200578 -3.72574 -0.05403 0.0196215 0.998397 188.736
0.998443 0.00904165 0.0555287 0.147128 -0.00805412 0.999819 -0.0179456 -3.77975 -0.0556847 0.01747 0.998333 190.132
0.998411 0.00879787 0.0564415 0.203806 -0.00786234 0.99985 -0.0167421 -3.83419 -0.0565808 0.0162715 0.998317 191.505
0.998375 0.00656678 0.0570701 0.267823 -0.00567357 0.999873 -0.0157662 -3.88421 -0.05717 0.0154163 0.998285 192.964
0.99837 0.00394688 0.0577065 0.345782 -0.00308898 0.999905 -0.0149169 -3.93735 -0.0577604 0.0147141 0.998273 194.436
0.998313 0.000543444 0.0585207 0.417639 0.000288455 0.999913 -0.0141758 -3.99034 -0.0585269 0.0141683 0.998226 195.896
0.998286 -0.00214438 0.0592279 0.503503 0.00290326 0.999935 -0.0127038 -4.03919 -0.0591974 0.0128538 0.998216 197.387
0.998148 -0.00627672 0.0609457 0.557942 0.00696948 0.999927 -0.0111363 -4.08198 -0.0608747 0.0115399 0.998119 198.796
0.998077 -0.00864329 0.0621087 0.632263 0.00935916 0.999913 -0.0112195 -4.12049 -0.0620068 0.011779 0.998058 200.249
0.998009 -0.00674282 0.0631491 0.700912 0.00774336 0.999863 -0.015589 -4.16289 -0.0630386 0.0160465 0.997923 201.696
0.997997 0.00132536 0.0639484 0.756548 -1.82421e-05 0.999812 -0.0204151 -4.2095 -0.0639638 0.0203726 0.997797 203.132
0.99786 0.00931244 0.0651518 0.82923 -0.00801383 0.999781 -0.0201421 -4.26235 -0.065328 0.0195764 0.997714 204.574
0.997675 0.016079 0.0669179 0.88698 -0.014997 0.99977 -0.0166194 -4.30582 -0.06717 0.0155768 0.997675 206.019
0.997492 0.0172432 0.0690745 0.953015 -0.0162949 0.999783 -0.0142448 -4.35276 -0.0693078 0.013083 0.997553 207.475
0.997504 0.0156199 0.069524 1.03673 -0.0147019 0.999818 -0.0136738 -4.39804 -0.0697252 0.0126172 0.997541 208.969
0.997475 0.0123932 0.0703556 1.0924 -0.0114484 0.999856 -0.0137943 -4.44114 -0.0705192 0.0129534 0.99747 210.399
0.997525 0.00996194 0.0702567 1.17604 -0.00900153 0.999881 -0.0139548 -4.48808 -0.0703874 0.0132875 0.997487 211.871
0.997414 0.0102404 0.0715459 1.23988 -0.00927367 0.999878 -0.0138116 -4.54322 -0.0716814 0.0131118 0.997386 213.327
0.997231 0.0114981 0.0741154 1.28569 -0.0105114 0.99987 -0.0136709 -4.58312 -0.0742629 0.0128535 0.997212 214.788
0.997059 0.0120955 0.07607 1.35656 -0.0111799 0.999878 -0.0124316 -4.63382 -0.0762137 0.011544 0.99707 216.279
0.997 0.0124725 0.0770163 1.45303 -0.0115921 0.999881 -0.0118503 -4.69499 -0.0771549 0.0109214 0.997015 217.792
0.996981 0.0115567 0.0771689 1.56705 -0.0106194 0.999882 -0.0125262 -4.73985 -0.0773071 0.0116683 0.996985 219.33
0.997061 0.0107202 0.0764772 1.6792 -0.00986311 0.999903 -0.0115592 -4.79943 -0.0765938 0.0107705 0.99706 220.819
0.997114 0.0112144 0.0754786 1.79004 -0.010416 0.999903 -0.0109442 -4.8515 -0.0755967 0.0101259 0.997133 222.314
0.997169 0.0110383 0.0750203 1.9048 -0.0103311 0.999916 -0.00979247 -4.91491 -0.0751224 0.00898932 0.997188 223.818
0.997171 0.0106127 0.0748137 1.98828 -0.0099375 0.999924 -0.00937219 -4.96054 -0.0749101 0.00860153 0.997199 225.255
0.99724 0.0105194 0.0741495 2.10612 -0.00987806 0.999928 -0.00899665 -5.01151 -0.0742391 0.008239 0.997261 226.777
0.997311 0.0107657 0.0729017 2.23617 -0.0101458 0.999927 -0.00885069 -5.05957 -0.0729942 0.00808652 0.997346 228.357
0.997343 0.0109928 0.0726805 2.33848 -0.0103641 0.999923 -0.00900935 -5.09609 -0.0727742 0.00823166 0.99737 229.856
0.997384 0.00995924 0.0720222 2.44816 -0.00932312 0.999932 -0.00914633 -5.13502 -0.0721109 0.00845017 0.997407 231.379
0.99739 0.00866142 0.0723517 2.5404 -0.00801323 0.999943 -0.00923287 -5.16881 -0.0724278 0.00862849 0.997391 232.889
0.997338 0.00781916 0.0729235 2.62946 -0.00717006 0.99995 -0.00914337 -5.20495 -0.0729939 0.00859545 0.997342 234.419
0.997276 0.00628029 0.0741361 2.70683 -0.00566087 0.999965 -0.00855046 -5.23815 -0.0741873 0.008107 0.997267 235.933
0.997227 0.0062366 0.0745721 2.80782 -0.00564734 0.999969 -0.00809506 -5.27944 -0.0746227 0.00765078 0.99723 237.471
0.997199 0.00787575 0.0750191 2.92179 -0.00722433 0.999952 -0.0089386 -5.32039 -0.0750858 0.008371 0.997198 239.001
0.997 0.00884152 0.0772895 2.99062 -0.00812286 0.999939 -0.0095931 -5.3624 -0.077372 0.00893571 0.997011 240.488
0.996862 0.0093744 0.0791823 3.09635 -0.00869624 0.999941 -0.00889286 -5.4001 -0.0792611 0.00817586 0.996874 241.976
0.996712 0.00971667 0.0808215 3.22566 -0.00916663 0.99995 -0.00715943 -5.43596 -0.0808894 0.00639415 0.996751 243.431
0.996599 0.0083852 0.0825291 3.36165 -0.00790899 0.999968 -0.00608502 -5.47468 -0.0825777 0.00541109 0.996625 244.877
0.996431 0.00969628 0.0842311 3.44542 -0.00903462 0.999945 -0.00822045 -5.50226 -0.0843085 0.00742916 0.996463 246.468
0.996343 0.00996826 0.0853991 3.5536 -0.00920192 0.999932 -0.00935262 -5.54622 -0.0854868 0.00853194 0.996357 248.004
0.996407 0.0103916 0.0844347 3.71385 -0.00970521 0.999936 -0.00852447 -5.59966 -0.0845203 0.00767335 0.996444 249.586
0.99653 0.00974091 0.0832107 3.87381 -0.00920198 0.999952 -0.00684701 -5.65085 -0.0832736 0.00605692 0.996563 251.151
0.996647 0.0101027 0.0815922 4.02904 -0.00965284 0.999955 -0.00589339 -5.70142 -0.0816505 0.00508503 0.9967 252.724
0.996714 0.0101101 0.0809124 4.16107 -0.00972062 0.999958 -0.00519602 -5.75124 -0.0809617 0.00439184 0.996762 254.283
0.996701 0.0113439 0.0807756 4.28513 -0.0110327 0.999949 -0.00428624 -5.79907 -0.0808226 0.00337984 0.996775 255.858
0.996638 0.0121782 0.0815663 4.39015 -0.0119123 0.999941 -0.00373614 -5.84037 -0.0816072 0.00275135 0.996715 257.374
0.996646 0.0117016 0.0813976 4.51159 -0.0115311 0.999949 -0.00255246 -5.88845 -0.0814258 0.00160418 0.99673 258.917
0.99666 0.00987228 0.0816208 4.62691 -0.0097695 0.99997 -0.00164827 -5.93149 -0.0816349 0.000844796 0.996717 260.439
0.996691 0.00745632 0.0813487 4.75545 -0.00750614 0.999991 0.000316583 -5.98216 -0.081348 -0.00092716 0.996738 262.03
0.996638 0.0046737 0.0823611 4.86335 -0.00475697 1.00001 0.000824042 -6.00429 -0.0823582 -0.00121359 0.996658 263.569
0.996661 0.00342086 0.0819883 4.99011 -0.00339852 1.00001 -0.000403939 -6.02274 -0.0819932 0.000122962 0.996686 265.136
0.996631 0.00188471 0.0825593 5.0949 -0.00176248 1.00002 -0.00154424 -6.04829 -0.0825639 0.00139295 0.996642 266.697
0.996334 -0.00124023 0.0859128 5.16377 0.00116256 1.00002 0.000959038 -6.08093 -0.0859178 -0.000856724 0.996356 268.231
0.996262 -0.00372691 0.0868203 5.28221 0.0035302 1.00001 0.00242602 -6.10244 -0.0868306 -0.00211105 0.996276 269.796
0.996272 -0.00429547 0.086529 5.41684 0.00416977 1.00001 0.00163759 -6.13165 -0.0865392 -0.00127183 0.996302 271.404
0.996369 -0.00401657 0.0855797 5.57834 0.00391448 1.00001 0.0013673 -6.17607 -0.0855866 -0.00102794 0.996386 273
0.996216 -0.00519473 0.0871372 5.68752 0.00502133 1.00001 0.00221312 -6.21172 -0.0871514 -0.00176847 0.996249 274.532
0.996263 -0.00364659 0.0868349 5.84073 0.00344455 1.00001 0.00248284 -6.24063 -0.0868455 -0.00217503 0.996275 276.125
0.996155 -0.00215141 0.0879542 5.96685 0.0019297 1.00002 0.00261069 -6.27229 -0.0879634 -0.00243228 0.996177 277.681
0.995978 -0.0022652 0.09008 6.08876 0.00196528 1.00001 0.00342485 -6.30475 -0.0900893 -0.00323463 0.995984 279.235
0.995866 -0.000632027 0.0912036 6.22066 0.000417002 1.00002 0.00238269 -6.31683 -0.091209 -0.00233617 0.995886 280.784
0.995731 -0.00194337 0.0927937 6.35532 0.00174335 1.00001 0.00224254 -6.33768 -0.0928004 -0.00207178 0.995739 282.287
0.995703 -0.00379567 0.0929041 6.49377 0.00366022 1.00002 0.00163583 -6.3572 -0.0929147 -0.00129006 0.99573 283.926
0.995512 -0.00485399 0.0950388 6.64076 0.00466068 1 0.00225959 -6.38672 -0.095052 -0.00180718 0.99553 285.437
0.995509 -0.00636426 0.0948262 6.80135 0.00612245 1.00001 0.00284537 -6.4019 -0.0948485 -0.00225338 0.995547 287.058
0.995536 -0.0062371 0.0947051 6.95561 0.0060451 0.999997 0.00231756 -6.41695 -0.0947212 -0.00173545 0.995562 288.666
0.995542 -0.00809577 0.0943536 7.10458 0.00811355 0.999995 0.000198739 -6.43708 -0.0943585 0.000566356 0.995596 290.233
0.995589 -0.00817543 0.0940004 7.25775 0.00845598 0.999978 -0.00258367 -6.45942 -0.0939791 0.00336629 0.995628 291.813
0.995627 -0.00907622 0.0933673 7.39875 0.00933621 0.999981 -0.00234498 -6.48566 -0.0933482 0.00320504 0.995686 293.393
0.995654 -0.0106413 0.0930514 7.53489 0.010955 0.999954 -0.0028589 -6.50152 -0.0930187 0.00386494 0.995716 294.962
0.995565 -0.0099224 0.0939427 7.65252 0.0103928 0.999963 -0.00451675 -6.5171 -0.0938984 0.0054717 0.995625 296.52
0.995532 -0.00906104 0.0945084 7.79053 0.00967595 0.999953 -0.00604917 -6.52911 -0.0944512 0.00693556 0.995565 298.108
0.995561 -0.00853661 0.0941266 7.93 0.00917894 0.999965 -0.0063913 -6.56036 -0.0940729 0.00722559 0.995599 299.757
0.995654 -0.00923862 0.0931961 8.07523 0.00989686 0.999948 -0.00660136 -6.59024 -0.0931325 0.00749401 0.995685 301.362
0.99572 -0.0100357 0.092276 8.23168 0.0106381 0.999952 -0.0060373 -6.61342 -0.0922153 0.00699174 0.995774 302.94
0.995729 -0.00832745 0.0924871 8.36094 0.00884275 0.999967 -0.00516111 -6.64101 -0.0924434 0.00595602 0.99576 304.549
0.995527 -0.00850417 0.0944939 8.49596 0.00905011 0.999972 -0.00534984 -6.66801 -0.0944501 0.00617971 0.99557 306.148
0.995442 -0.00980047 0.0953842 8.63918 0.0104354 0.999946 -0.0061591 -6.69018 -0.095321 0.00712551 0.995482 307.788
0.995392 -0.0111134 0.095633 8.79515 0.0118077 0.999934 -0.00669765 -6.71781 -0.0955566 0.00779463 0.995453 309.396
0.995337 -0.0129723 0.0961109 8.94689 0.0137666 0.999896 -0.00760548 -6.74635 -0.0960046 0.00889227 0.995403 311.015
0.995265 -0.0150736 0.0964163 9.09465 0.0161004 0.999848 -0.00988156 -6.78132 -0.096257 0.0113857 0.995351 312.624
0.995271 -0.0160469 0.0963217 9.24678 0.0171936 0.999811 -0.0110867 -6.81702 -0.0961279 0.0126895 0.99535 314.224
0.995499 -0.0157806 0.093865 9.39695 0.0168845 0.999823 -0.0109794 -6.88009 -0.0936796 0.0125134 0.995585 315.833
0.995786 -0.0148086 0.0910699 9.56235 0.0157532 0.99985 -0.00966328 -6.9331 -0.0909152 0.0110562 0.99586 317.513
0.995911 -0.0138317 0.0897118 9.73552 0.0143984 0.999906 -0.00567263 -6.98785 -0.0896294 0.00693955 0.996013 319.172
0.995893 -0.0154901 0.089776 9.88087 0.0157203 0.999895 -0.00185677 -7.03416 -0.08974 0.00325956 0.996023 320.826
0.995911 -0.0157033 0.0894052 10.0062 0.015785 0.999901 -0.00020841 -7.07315 -0.0893975 0.00161728 0.996056 322.444
0.995939 -0.0163632 0.0891079 10.1423 0.016494 0.999885 -0.000731997 -7.10859 -0.0890876 0.00219789 0.996085 324.055
0.995973 -0.017956 0.0882849 10.3063 0.0180919 0.999861 -0.000741779 -7.13823 -0.0882637 0.00233452 0.996157 325.669
0.996155 -0.0179252 0.0863528 10.4722 0.0179992 0.99986 -8.02734e-05 -7.17875 -0.0863411 0.00163337 0.996328 327.297
0.996023 -0.018076 0.0877148 10.5991 0.0182248 0.999858 -0.000900476 -7.19341 -0.0876902 0.00249398 0.996209 328.982
0.995977 -0.0150944 0.0889145 10.7041 0.0153639 0.999901 -0.00234976 -7.21708 -0.088872 0.00370553 0.996099 330.642
0.995854 -0.0137696 0.0903955 10.8322 0.01414 0.999918 -0.00346108 -7.24219 -0.0903447 0.00472339 0.995965 332.331
0.995678 -0.0156998 0.0921016 10.9702 0.0159128 0.999895 -0.00158092 -7.28078 -0.0920685 0.00303885 0.995813 333.973
0.99567 -0.0162633 0.0919883 11.1033 0.0163462 0.99989 -0.000151375 -7.31615 -0.0919799 0.00165291 0.995825 335.589
0.9957 -0.0174859 0.0915396 11.2538 0.0176174 0.999868 -0.000631645 -7.35309 -0.0915177 0.00224079 0.995867 337.241
0.995845 -0.0164804 0.0900372 11.4118 0.0165225 0.999887 0.000273447 -7.39124 -0.0900358 0.00121385 0.996003 338.875
0.995987 -0.0150951 0.0887974 11.557 0.0153152 0.999905 -0.00180005 -7.42005 -0.0887629 0.00315193 0.996115 340.507
0.996091 -0.0137392 0.0877595 11.6953 0.0143959 0.999897 -0.00686026 -7.41785 -0.0876605 0.0080954 0.996184 342.133
0.996229 -0.0114463 0.0865738 11.826 0.01213 0.999922 -0.00737786 -7.44464 -0.0864838 0.00839933 0.996283 343.775
0.996326 -0.0122903 0.0852778 11.9712 0.0127004 0.999935 -0.00427265 -7.48353 -0.0852242 0.00533862 0.996414 345.373
0.996573 -0.0113395 0.0825327 12.1017 0.0114681 0.999957 -0.00108781 -7.51771 -0.082518 0.00202977 0.996653 346.972
0.996781 -0.0111977 0.0799398 12.238 0.0114597 0.999955 -0.00282416 -7.53594 -0.0799091 0.00372976 0.996862 348.606
0.996942 -0.0120768 0.0778449 12.3611 0.0125111 0.999931 -0.00509918 -7.55724 -0.0777794 0.00605672 0.997017 350.217
0.997005 -0.0141972 0.0766097 12.4872 0.014586 0.999909 -0.00452298 -7.59049 -0.076543 0.00562545 0.997119 351.796
0.996994 -0.0154636 0.0765865 12.5862 0.0158806 0.999884 -0.0048444 -7.61984 -0.0765046 0.00604538 0.997116 353.45
0.996969 -0.015966 0.0767183 12.6999 0.0164554 0.999874 -0.00575892 -7.65487 -0.0766212 0.00700254 0.997104 355.088
0.997003 -0.0162112 0.0763163 12.8199 0.0168232 0.999854 -0.00738844 -7.6835 -0.0761871 0.00864944 0.997122 356.717
0.996995 -0.0170642 0.0761433 12.9333 0.0176731 0.999842 -0.00733659 -7.7249 -0.0760107 0.00865889 0.997138 358.318
0.997037 -0.0186617 0.0753196 13.0682 0.0192663 0.99981 -0.00731388 -7.76629 -0.0751707 0.00874266 0.997199 359.928
0.997045 -0.0184272 0.0751568 13.1807 0.0191371 0.999804 -0.00874388 -7.79444 -0.0749856 0.010155 0.997201 361.534
0.997036 -0.018607 0.0753539 13.3 0.0193745 0.99979 -0.00947152 -7.84261 -0.0751638 0.0109027 0.997178 363.165
0.996992 -0.0201683 0.0754308 13.4235 0.0209212 0.999764 -0.00921445 -7.88611 -0.0752319 0.0107635 0.997176 364.779
0.997009 -0.0197058 0.0754227 13.545 0.0205346 0.999759 -0.0102362 -7.93023 -0.0752048 0.0117536 0.997165 366.424
0.996995 -0.0213306 0.0750667 13.6647 0.0222656 0.999709 -0.0116506 -7.97216 -0.0748011 0.0132857 0.997179 368.026
0.996949 -0.0236617 0.0750832 13.7821 0.0244608 0.999676 -0.00974731 -8.0205 -0.0748302 0.0115534 0.997196 369.673
0.996832 -0.0248178 0.0761507 13.8697 0.025597 0.999654 -0.00928202 -8.05881 -0.0758988 0.0112005 0.997122 371.29
0.99667 -0.0243827 0.0784999 13.9405 0.0252813 0.999648 -0.0104813 -8.09733 -0.0782189 0.0124302 0.996925 372.856
0.996738 -0.0238306 0.077687 14.0935 0.0246708 0.999671 -0.00988025 -8.15898 -0.077431 0.0117633 0.996999 374.421
0.996748 -0.0221363 0.07818 14.2067 0.0229367 0.999716 -0.00936178 -8.19833 -0.0779529 0.0111237 0.996962 376.054
0.996727 -0.0212512 0.0785815 14.3276 0.0220165 0.999742 -0.00889265 -8.23905 -0.0783773 0.0105923 0.996938 377.682
0.996715 -0.019604 0.0792606 14.451 0.0204323 0.999768 -0.00965887 -8.28047 -0.0790553 0.0112458 0.996874 379.304
0.996692 -0.0209234 0.07912 14.5749 0.0217336 0.999744 -0.00939956 -8.3408 -0.078908 0.0110867 0.996891 380.908
0.996656 -0.0214039 0.0795516 14.692 0.0221665 0.99974 -0.00872197 -8.39558 -0.0793465 0.0104554 0.99686 382.506
0.996537 -0.0212492 0.080967 14.8101 0.0220425 0.999742 -0.00892366 -8.4357 -0.0807613 0.0106761 0.996747 384.134
0.996552 -0.0197144 0.0812669 14.9367 0.0204951 0.999775 -0.00878997 -8.47962 -0.0810776 0.0104244 0.996721 385.775
0.996473 -0.0181972 0.0824849 15.0537 0.0188517 0.999821 -0.00716824 -8.53973 -0.0823446 0.00869656 0.996638 387.387
0.996441 -0.0183725 0.0829281 15.1909 0.0190049 0.999819 -0.00684772 -8.5853 -0.0827897 0.00839861 0.996599 388.992
0.996409 -0.0165782 0.0836004 15.3146 0.0172759 0.999848 -0.00763567 -8.61973 -0.0834659 0.00905109 0.996542 390.608
0.996493 -0.0161618 0.0827588 15.4667 0.0169011 0.999846 -0.00824299 -8.64725 -0.0826153 0.00961194 0.996603 392.218
0.996614 -0.0164234 0.0811447 15.6261 0.017039 0.999857 -0.00690523 -8.69212 -0.0810245 0.00826301 0.996751 393.793
0.996621 -0.0145791 0.0815198 15.7359 0.0152131 0.999884 -0.00716271 -8.71826 -0.0814088 0.00837783 0.996716 395.486
0.996555 -0.0137878 0.0823592 15.8562 0.0145324 0.999885 -0.00845253 -8.74704 -0.0822382 0.00961882 0.99664 397.14
0.996506 -0.0121266 0.083294 15.9761 0.0129381 0.999899 -0.00920992 -8.77828 -0.0831768 0.0102546 0.996551 398.745
