1 0.000810648 0.00103151 6.20679e-05 -0.000806 0.999991 -0.00444167 -0.00215443 -0.0010349 0.0044409 0.999991 0.986336
0.999997 -0.00185846 0.00156041 0.00729309 0.00186654 0.999985 -0.00522247 -0.00271136 -0.00155065 0.00522538 0.999986 1.94095
0.999993 -0.0036296 0.00168952 0.0074295 0.00363181 0.999994 -0.00132972 -0.00130312 -0.00168451 0.00133585 0.999999 2.91075
0.999978 -0.00663105 -0.000216701 0.0290528 0.00663163 0.999969 0.00446684 0.000620545 0.000187155 -0.00446815 0.999991 3.87262
0.999952 -0.00980848 -0.00159712 0.0283485 0.0098156 0.999943 0.00452172 0.00339467 0.00155285 -0.0045372 0.99999 4.84184
0.999919 -0.0123525 -0.00328373 0.0332828 0.0123582 0.999922 0.00185402 0.00851421 0.00326068 -0.00189442 0.999994 5.80819
0.999905 -0.0131661 -0.00439946 0.0346501 0.01316 0.999913 -0.00142647 0.00745979 0.00441809 0.00136842 0.999991 6.75112
0.9999 -0.0130525 -0.00544445 0.0275149 0.0130418 0.999914 -0.0019214 0.00931584 0.00546917 0.00185023 0.999985 7.69439
0.999894 -0.0127785 -0.00718344 0.0226165 0.0127777 0.999919 -0.000156214 0.0110101 0.00718512 6.44234e-05 0.999976 8.63993
0.99988 -0.0126451 -0.00899621 0.0249374 0.0126693 0.999917 0.00268091 0.0126921 0.00896165 -0.00279459 0.999957 9.597
0.999857 -0.0130832 -0.0107919 0.0202859 0.0131293 0.999906 0.00421917 0.0168363 0.0107359 -0.00436023 0.999934 10.5514
0.999828 -0.0144484 -0.0116579 0.0140445 0.014507 0.999883 0.00500157 0.0208452 0.0115844 -0.00516991 0.999921 11.4872
0.999808 -0.0149548 -0.0127669 0.00362059 0.0150202 0.999875 0.00504265 0.0268791 0.0126902 -0.00523341 0.999907 12.4154
0.999792 -0.0152897 -0.0135143 -0.00848432 0.0153377 0.999877 0.00348859 0.0329809 0.0134594 -0.00369525 0.999904 13.3384
0.99976 -0.0157832 -0.0152573 -0.0243999 0.0158064 0.999875 0.0014054 0.0387817 0.0152335 -0.00164624 0.999884 14.2752
0.999709 -0.0169264 -0.0172155 -0.0346439 0.0169288 0.999858 1.64063e-05 0.0412731 0.0172129 -0.000307976 0.999853 15.208
0.999669 -0.0169089 -0.0194634 -0.0470705 0.0168939 0.999858 -0.0009347 0.042975 0.0194767 0.000605604 0.999812 16.1407
0.999646 -0.015516 -0.0216232 -0.0619439 0.0154748 0.999879 -0.00205319 0.0453178 0.0216526 0.00171772 0.999766 17.0575
0.999611 -0.0140341 -0.024148 -0.0800502 0.0139855 0.999901 -0.00217741 0.047909 0.0241764 0.00183888 0.999708 17.9707
0.999544 -0.0146216 -0.0264715 -0.0946371 0.014592 0.999894 -0.00129739 0.0458939 0.0264878 0.000910432 0.999651 18.8774
0.999508 -0.0141717 -0.02801 -0.123388 0.0141854 0.9999 0.000290682 0.0427001 0.0280035 -0.000687859 0.99961 19.7997
0.99947 -0.0138781 -0.0294919 -0.152831 0.013931 0.999902 0.00160374 0.0353465 0.0294669 -0.00201382 0.999566 20.6975
0.999407 -0.0147992 -0.0311479 -0.182436 0.0148689 0.999888 0.00200517 0.0300063 0.031115 -0.00246713 0.999515 21.5938
0.999357 -0.0148271 -0.0326862 -0.216086 0.0149007 0.999888 0.00202444 0.0259233 0.0326527 -0.00251026 0.999466 22.4925
0.999337 -0.0147235 -0.0333577 -0.25715 0.0148257 0.999887 0.00281641 0.0238317 0.0333128 -0.00330914 0.999442 23.3735
0.999302 -0.0147136 -0.0343672 -0.293554 0.0148888 0.999878 0.00486026 0.0256493 0.0342917 -0.00536861 0.9994 24.253
0.999241 -0.0158732 -0.0356309 -0.321586 0.0161499 0.999843 0.00748943 0.0305502 0.0355068 -0.0080592 0.99934 25.1237
0.999199 -0.0154838 -0.0369336 -0.34851 0.015827 0.999835 0.009031 0.0339795 0.0367879 -0.00960838 0.999279 25.9877
0.999156 -0.0148753 -0.0383426 -0.376237 0.0151947 0.999853 0.00805169 0.0373682 0.0382175 -0.00862749 0.999235 26.8449
0.999072 -0.01336 -0.0409897 -0.394801 0.0136016 0.999893 0.00562799 0.0406605 0.0409103 -0.0061804 0.999147 27.6817
0.998997 -0.0129044 -0.0429412 -0.420457 0.0130903 0.999907 0.00405124 0.0439436 0.0428852 -0.00460929 0.999072 28.5032
0.998945 -0.0117028 -0.0444353 -0.451704 0.0118812 0.999923 0.0037588 0.0470982 0.0443881 -0.00428296 0.999008 29.3263
0.998901 -0.0115062 -0.0454774 -0.493242 0.0116743 0.999927 0.00343232 0.0470225 0.045435 -0.00395947 0.998962 30.1238
0.99883 -0.0112379 -0.0470773 -0.536373 0.0113752 0.999933 0.00265598 0.0453957 0.0470446 -0.00318851 0.998891 30.9181
0.998746 -0.0113991 -0.0487906 -0.584179 0.0115365 0.999931 0.0025329 0.0499579 0.0487588 -0.00309265 0.998808 31.6936
0.998637 -0.011413 -0.0509627 -0.621619 0.0115971 0.999928 0.00332614 0.0596537 0.0509213 -0.00391271 0.998698 32.4822
0.998559 -0.0114469 -0.0524588 -0.672977 0.0117501 0.999917 0.00547313 0.0635935 0.0523923 -0.00608172 0.99861 33.2367
0.998442 -0.0102084 -0.0548775 -0.712165 0.0105898 0.999923 0.00667283 0.069478 0.0548055 -0.00724364 0.998474 34.0012
0.99834 -0.00870015 -0.0569619 -0.753215 0.00909553 0.999937 0.00668445 0.0770168 0.0569006 -0.00719156 0.998356 34.7537
0.998227 -0.00614571 -0.0592326 -0.796609 0.0065123 0.999961 0.00600714 0.0810461 0.0591937 -0.00638224 0.99823 35.4994
0.998126 -0.00456917 -0.0610545 -0.846873 0.00492048 0.999973 0.00560463 0.0815076 0.0610277 -0.00589473 0.998121 36.2217
0.998034 -0.00409936 -0.0625622 -0.896009 0.00454158 0.999966 0.00693518 0.0853313 0.062532 -0.00720566 0.998021 36.9382
0.998 -0.00284582 -0.0631769 -0.951085 0.00341135 0.999956 0.00884462 0.0904626 0.0631494 -0.00904263 0.997965 37.6529
0.998016 5.18517e-05 -0.0629943 -1.00566 0.000529111 0.999958 0.00921261 0.0962056 0.0629924 -0.00922773 0.997975 38.3522
0.998095 0.00312506 -0.0616378 -1.05753 -0.00268958 0.999972 0.00714644 0.100781 0.0616588 -0.00696721 0.998075 39.0447
0.998195 0.00465364 -0.0599037 -1.09957 -0.00441608 0.999983 0.00410494 0.104141 0.0599221 -0.00383306 0.998199 39.7366
0.998313 0.0051175 -0.0578612 -1.14103 -0.00499535 0.999987 0.00225631 0.110127 0.0578723 -0.00196363 0.998324 40.4026
0.998462 0.00632452 -0.0551125 -1.17232 -0.00618042 0.999978 0.0027927 0.119346 0.0551293 -0.00244784 0.99848 41.0851
0.998572 0.0109886 -0.0523177 -1.20572 -0.0107287 0.999931 0.00524731 0.123866 0.0523721 -0.00467868 0.99862 41.7511
0.99874 0.0152003 -0.0478819 -1.25651 -0.0147981 0.999853 0.00875468 0.124581 0.0480082 -0.00803514 0.998819 42.3707
0.998846 0.0203074 -0.0435544 -1.28854 -0.01991 0.999758 0.00953868 0.132212 0.0437379 -0.00866068 0.999008 43.0008
0.999019 0.0239409 -0.0373323 -1.32928 -0.0236018 0.999678 0.00951132 0.143564 0.0375481 -0.00862094 0.999263 43.6024
0.999144 0.0280245 -0.0304976 -1.36914 -0.0276892 0.999554 0.0113624 0.150557 0.0308029 -0.0105084 0.999473 44.1745
0.999201 0.03269 -0.0231045 -1.39833 -0.0324066 0.999398 0.0125583 0.1564 0.0235014 -0.0117996 0.999659 44.7435
0.99923 0.0363713 -0.0148658 -1.4282 -0.0361963 0.999276 0.0118741 0.163874 0.0152873 -0.011327 0.999822 45.2897
0.999191 0.0395267 -0.00767639 -1.43423 -0.0394319 0.99915 0.0121806 0.16309 0.00815147 -0.0118681 0.999902 45.815
0.999043 0.0437878 -0.000179697 -1.44183 -0.0437827 0.998975 0.0116994 0.170361 0.000692258 -0.0116805 0.999935 46.3462
0.99884 0.0476976 0.00696418 -1.43594 -0.0477549 0.998826 0.00822867 0.185397 -0.00656346 -0.00855177 0.999947 46.845
0.998637 0.0500337 0.0150366 -1.4306 -0.050111 0.998733 0.00480369 0.193519 -0.0147767 -0.00555069 0.999878 47.3139
0.998469 0.0504766 0.0227298 -1.41426 -0.0505967 0.998708 0.00472144 0.194762 -0.0224621 -0.00586436 0.999736 47.7382
0.998288 0.0500233 0.0304008 -1.39167 -0.0502245 0.998721 0.0058888 0.197389 -0.030067 -0.00740567 0.999523 48.1333
0.997953 0.0515326 0.0379388 -1.36888 -0.051803 0.998639 0.00616702 0.20867 -0.0375693 -0.00811977 0.999266 48.5371
0.997405 0.0547696 0.0468008 -1.35085 -0.0551321 0.998459 0.00648728 0.206242 -0.0463731 -0.00905082 0.998886 48.8733
0.99671 0.0592649 0.0553296 -1.32511 -0.0596971 0.998197 0.00618151 0.206256 -0.0548635 -0.00946411 0.998454 49.1855
0.995958 0.0629133 0.064166 -1.30171 -0.0634096 0.997972 0.00572427 0.217974 -0.0636756 -0.00976999 0.997926 49.5018
0.995379 0.0620832 0.0732898 -1.27234 -0.0626799 0.998017 0.00586286 0.22832 -0.0727805 -0.0104295 0.997298 49.807
0.994618 0.0608386 0.0839298 -1.23919 -0.0613575 0.998111 0.00361242 0.232399 -0.0835513 -0.00874278 0.99647 50.0989
0.993593 0.060107 0.0957297 -1.19312 -0.0604016 0.998172 0.000174042 0.206352 -0.0955444 -0.00595504 0.995411 50.3681
0.9922 0.0611196 0.108701 -1.1473 -0.0611526 0.998125 -0.00303418 0.189938 -0.108683 -0.00363695 0.994076 50.6395
0.990337 0.0624875 0.123819 -1.10191 -0.0623493 0.99804 -0.00499834 0.186947 -0.123889 -0.00276987 0.992297 50.9127
0.988114 0.06395 0.139827 -1.0549 -0.0637126 0.997951 -0.00617914 0.185246 -0.139936 -0.00280314 0.990162 51.1714
0.985528 0.0643684 0.15683 -1.00208 -0.0639724 0.997921 -0.00757961 0.185745 -0.156992 -0.00256283 0.987602 51.4428
0.982503 0.0637846 0.175011 -0.943171 -0.063166 0.997963 -0.00910928 0.191335 -0.175236 -0.00210496 0.984529 51.7078
0.978879 0.0629698 0.194518 -0.879129 -0.0623335 0.998009 -0.00939917 0.185229 -0.194723 -0.00292428 0.980861 51.9497
0.974722 0.0630742 0.214359 -0.805828 -0.0624013 0.998003 -0.00991208 0.17085 -0.214557 -0.00371487 0.97671 52.1618
0.969571 0.0652149 0.235982 -0.741768 -0.0640493 0.997866 -0.0126121 0.178834 -0.236301 -0.00288617 0.971684 52.436
0.963551 0.0665109 0.259143 -0.663006 -0.0647444 0.997786 -0.0153559 0.184067 -0.25959 -0.00198195 0.965722 52.7066
0.956453 0.0674687 0.283999 -0.577827 -0.065522 0.997717 -0.0163618 0.177226 -0.284454 -0.00295884 0.958694 52.9621
0.948181 0.0700383 0.30993 -0.479634 -0.0681073 0.997534 -0.0170609 0.168815 -0.310361 -0.00493177 0.950612 53.2201
0.938622 0.0717487 0.337415 -0.369537 -0.0697515 0.997401 -0.0180566 0.160957 -0.337833 -0.0065868 0.941192 53.4762
0.927872 0.0724634 0.365802 -0.239982 -0.070272 0.997342 -0.0193207 0.15286 -0.366231 -0.00777862 0.930497 53.7295
0.915951 0.0706433 0.395033 -0.0766704 -0.0676805 0.997476 -0.0214508 0.144889 -0.395551 -0.00708803 0.918425 53.9761
0.901829 0.0678506 0.426743 0.0945931 -0.06353 0.997684 -0.0243715 0.137069 -0.427408 -0.00513221 0.90405 54.214
0.885404 0.0665469 0.460044 0.276052 -0.0601978 0.99778 -0.0284771 0.127036 -0.460918 -0.00247984 0.887449 54.4468
0.866864 0.0686666 0.493801 0.474601 -0.0600259 0.997641 -0.0333542 0.114535 -0.494927 -0.000727473 0.868941 54.6807
0.846383 0.0705049 0.527896 0.695153 -0.0596611 0.997511 -0.037572 0.0977586 -0.529231 0.000305496 0.848487 54.9107
0.82322 0.0731972 0.562991 0.929605 -0.0607327 0.997319 -0.0408617 0.0809997 -0.564473 -0.000554032 0.825459 55.1356
0.797642 0.0767744 0.598231 1.17947 -0.0633658 0.997043 -0.0434699 0.0643612 -0.5998 -0.00323391 0.800153 55.357
0.769696 0.0812101 0.63323 1.46649 -0.0671035 0.996674 -0.0462562 0.0492456 -0.634881 -0.00688898 0.772587 55.5877
0.73859 0.0825311 0.669091 1.74656 -0.0669968 0.996551 -0.0489682 0.034288 -0.670825 -0.00865949 0.741576 55.806
0.70407 0.079985 0.705617 2.05206 -0.0629994 0.996755 -0.0501258 0.0161763 -0.707337 -0.00916167 0.706827 56.0187
0.667243 0.0790705 0.740638 2.37278 -0.0606774 0.996815 -0.0517568 -0.00303393 -0.742371 -0.0104056 0.66992 56.2191
0.627664 0.0786333 0.774507 2.70007 -0.0588164 0.996834 -0.0535405 -0.0224506 -0.776266 -0.0119486 0.630303 56.4021
0.583639 0.0785917 0.808208 3.07417 -0.0558825 0.996833 -0.0565805 -0.0468735 -0.810096 -0.012142 0.586186 56.6045
0.536718 0.0774827 0.840201 3.49438 -0.0527022 0.996911 -0.0582685 -0.0712384 -0.84212 -0.0130071 0.539146 56.8351
0.489034 0.0753244 0.869016 3.90879 -0.0503629 0.997041 -0.0580815 -0.0935149 -0.87082 -0.0153621 0.491385 57.0366
0.44011 0.0732663 0.894954 4.34746 -0.0502817 0.997115 -0.0569031 -0.11764 -0.896541 -0.0199565 0.442527 57.224
0.391035 0.0730521 0.917484 4.79324 -0.0527287 0.996987 -0.0569109 -0.137464 -0.918876 -0.0261232 0.393712 57.3901
0.341979 0.0735284 0.93683 5.29906 -0.050326 0.996938 -0.0598753 -0.156486 -0.938365 -0.0266711 0.344635 57.5634
0.297631 0.0697159 0.952146 5.76787 -0.0390292 0.997385 -0.0608304 -0.186324 -0.953897 -0.019056 0.299578 57.6283
0.255416 0.0630412 0.964777 6.25778 -0.0261251 0.997959 -0.0582932 -0.222687 -0.966484 -0.010316 0.256545 57.6819
0.215189 0.0613713 0.974656 6.7903 -0.017602 0.998106 -0.0589638 -0.257678 -0.976428 -0.00446714 0.215866 57.738
0.178473 0.0625925 0.981955 7.36493 -0.0148722 0.998034 -0.0609146 -0.289873 -0.983839 -0.00373235 0.179056 57.8116
0.147894 0.0625668 0.987037 7.8952 -0.00669011 0.998038 -0.062264 -0.325715 -0.988996 0.00260546 0.148026 57.825
0.120793 0.0605443 0.990833 8.44759 0.00027623 0.998138 -0.0610246 -0.361294 -0.992685 0.00764509 0.120554 57.8352
0.0963701 0.0585789 0.993636 9.0515 0.00691351 0.998205 -0.059521 -0.395989 -0.995338 0.0126061 0.0957957 57.8706
0.0768295 0.0575755 0.995385 9.6463 0.0111911 0.99822 -0.0586038 -0.423863 -0.996989 0.015642 0.0760513 57.8973
0.0613369 0.0590824 0.996382 10.2415 0.0137282 0.998103 -0.0600318 -0.453561 -0.998039 0.0173611 0.0604131 57.9147
0.0495472 0.0592752 0.997016 10.8465 0.0141808 0.998097 -0.0600447 -0.481577 -0.998679 0.0171135 0.0486153 57.9112
0.0379508 0.0601236 0.997485 11.4943 0.0149792 0.998043 -0.0607294 -0.515763 -0.999184 0.0172465 0.0369795 57.9374
0.0298208 0.0630065 0.997572 12.1282 0.0198034 0.99778 -0.0636121 -0.544554 -0.999367 0.0216524 0.0285099 57.9351
0.023468 0.0648797 0.997633 12.7625 0.0245856 0.997554 -0.0654552 -0.572987 -0.999439 0.0260637 0.021819 57.942
0.0192272 0.0642262 0.997755 13.4243 0.0250443 0.997593 -0.0646988 -0.610426 -0.99951 0.0262321 0.0175754 57.9443
0.0151782 0.061659 0.997998 14.1027 0.0226403 0.997821 -0.0619948 -0.64549 -0.999644 0.0235362 0.0137528 57.9704
0.012325 0.0545474 0.998441 14.7823 0.0209056 0.998281 -0.0547976 -0.683193 -0.999715 0.0215483 0.0111665 57.9866
0.0112009 0.0489706 0.998753 15.4669 0.0222669 0.998541 -0.0492121 -0.715143 -0.999704 0.0227906 0.0100977 57.9932
0.0114008 0.0463836 0.998865 16.193 0.0250769 0.998598 -0.0466584 -0.744669 -0.999629 0.0255803 0.0102248 57.9884
0.0106765 0.0482354 0.998796 16.8806 0.0283204 0.998421 -0.0485224 -0.780987 -0.999557 0.0288045 0.00929721 58.0089
0.011359 0.0553665 0.998408 17.6076 0.0296594 0.99801 -0.0556827 -0.813466 -0.999504 0.0302447 0.0096974 58.0195
0.013621 0.0628837 0.997944 18.3403 0.0308942 0.997518 -0.063281 -0.850171 -0.999446 0.0316928 0.0116481 58.0291
0.0142577 0.063332 0.997897 19.0632 0.0320751 0.997452 -0.0637627 -0.89036 -0.999393 0.0329167 0.0121932 58.0669
0.0147986 0.0593543 0.998146 19.8316 0.0311049 0.997727 -0.0597931 -0.923518 -0.999423 0.0319322 0.0129224 58.104
0.0159421 0.0534319 0.998453 20.5904 0.0301541 0.998095 -0.0538951 -0.960555 -0.999427 0.0309665 0.0143037 58.1392
0.0173718 0.0520493 0.998512 21.3654 0.0280166 0.998228 -0.0525243 -0.996283 -0.999473 0.0288875 0.0158865 58.182
0.0191999 0.0574538 0.998172 22.0979 0.0355171 0.997683 -0.0581095 -1.03493 -0.999193 0.0365679 0.0171182 58.2156
0.0225664 0.0633437 0.997757 22.8396 0.0373772 0.997241 -0.0641591 -1.06774 -0.999064 0.0387413 0.0201403 58.2259
0.0247314 0.0641771 0.997641 23.5944 0.031324 0.997402 -0.064939 -1.10629 -0.999212 0.0328561 0.0226601 58.2633
0.0280814 0.0609026 0.997767 24.3703 0.0270415 0.997731 -0.0616641 -1.14734 -0.999257 0.0287129 0.0263747 58.2941
0.0322033 0.0571254 0.997857 25.1394 0.031515 0.997815 -0.058141 -1.19174 -0.998993 0.0333198 0.0303358 58.3249
0.0371332 0.0583925 0.997625 25.8488 0.036371 0.997552 -0.0597451 -1.22848 -0.998667 0.0385032 0.0349226 58.3028
0.0404732 0.0627408 0.997218 26.6283 0.0361077 0.997287 -0.0642113 -1.27405 -0.998537 0.0386059 0.0381014 58.3283
0.0430457 0.0633088 0.997087 27.4135 0.0323879 0.997378 -0.0647286 -1.32381 -0.998567 0.0350801 0.0408866 58.4018
0.0459998 0.0627 0.996982 28.2242 0.0316197 0.997441 -0.0641886 -1.37409 -0.99845 0.0344768 0.0439029 58.4607
0.0501002 0.0595006 0.996992 28.9625 0.0356765 0.997481 -0.0613257 -1.41665 -0.998126 0.0386419 0.0478554 58.4777
0.0544098 0.059533 0.996752 29.7138 0.0401785 0.997286 -0.0617589 -1.4647 -0.997719 0.0434083 0.0518735 58.5022
0.0577652 0.0599926 0.996547 30.5144 0.043017 0.997117 -0.0625234 -1.51423 -0.997422 0.0464804 0.0550221 58.5583
0.0614693 0.0599061 0.99632 31.269 0.0433955 0.997096 -0.062631 -1.55377 -0.997176 0.0470855 0.0586944 58.5841
0.0660042 0.0585856 0.996119 32.0357 0.0450308 0.997084 -0.0616291 -1.59324 -0.996822 0.048924 0.0631777 58.6157
0.0704706 0.0576725 0.995856 32.8176 0.0470487 0.997028 -0.0610706 -1.63372 -0.996415 0.0511573 0.0675509 58.6488
0.0741448 0.0587272 0.995538 33.6344 0.0452528 0.997039 -0.062189 -1.66649 -0.99624 0.0496621 0.0712718 58.7006
0.077932 0.0606072 0.995125 34.4071 0.0425802 0.997041 -0.0640593 -1.70669 -0.99606 0.0473649 0.075124 58.7559
0.0811899 0.0607437 0.994868 35.1878 0.0442912 0.996937 -0.0644875 -1.74768 -0.995734 0.0492998 0.0782549 58.8135
0.0845828 0.0605372 0.994586 35.9663 0.0420261 0.997051 -0.0642622 -1.79423 -0.99554 0.0472339 0.0817926 58.8714
0.0878451 0.0605763 0.994312 36.75 0.0409048 0.997089 -0.0643622 -1.84156 -0.995314 0.0463262 0.0851156 58.9287
0.091531 0.0606796 0.993962 37.5387 0.0377343 0.997217 -0.0643541 -1.89079 -0.995097 0.0433967 0.0889899 58.9919
0.0958317 0.0623887 0.993462 38.3169 0.0362924 0.997153 -0.0661243 -1.93976 -0.994756 0.0423922 0.0932986 59.0556
0.0993765 0.0654844 0.992903 39.1343 0.0350502 0.996986 -0.0692625 -1.9949 -0.994443 0.0416843 0.0967851 59.1442
0.103441 0.066894 0.992405 39.8885 0.0350623 0.996872 -0.0708527 -2.05359 -0.994038 0.0421254 0.100776 59.209
0.105878 0.0693086 0.991972 40.6872 0.0289306 0.996935 -0.072744 -2.10433 -0.993969 0.0363998 0.103552 59.3116
0.108991 0.0688398 0.991678 41.4738 0.0249132 0.997099 -0.0719571 -2.15446 -0.993751 0.0325489 0.106964 59.3976
0.112356 0.0695459 0.991244 42.2416 0.0269639 0.996971 -0.0730049 -2.20661 -0.993313 0.0349298 0.110143 59.4846
0.116225 0.0709657 0.990706 43.0528 0.0264949 0.99687 -0.0745186 -2.25899 -0.99289 0.0349101 0.113985 59.5834
0.119918 0.0716888 0.990204 43.8579 0.0225052 0.996941 -0.0749027 -2.31513 -0.99254 0.0312663 0.117941 59.6908
0.123663 0.0693618 0.989919 44.6524 0.0217415 0.997127 -0.072586 -2.36938 -0.992107 0.030499 0.121804 59.7985
0.129203 0.0691382 0.989217 45.4516 0.0222623 0.997117 -0.0725987 -2.42722 -0.991379 0.0314017 0.127295 59.8897
0.135152 0.0723853 0.988199 46.2551 0.0186929 0.996966 -0.0755872 -2.48839 -0.99067 0.0286886 0.133393 59.9939
0.141076 0.0809166 0.986698 47.0742 0.0170493 0.996312 -0.0841431 -2.54964 -0.989863 0.0286927 0.139179 60.1271
0.148528 0.0858129 0.9852 47.8731 0.0154531 0.995907 -0.0890785 -2.60456 -0.988809 0.0284556 0.146598 60.2553
0.154799 0.0891709 0.983925 48.7143 0.0108269 0.99571 -0.0919426 -2.66944 -0.987898 0.024885 0.153173 60.4188
0.160961 0.0879309 0.983059 49.5389 0.00697534 0.9959 -0.0902249 -2.73558 -0.986958 0.0213805 0.159691 60.5843
0.167817 0.0862609 0.982049 50.3541 0.0070611 0.996039 -0.0886966 -2.80177 -0.985804 0.0218186 0.166545 60.7475
0.174351 0.0831421 0.981191 51.1714 0.00669494 0.996309 -0.0856161 -2.86507 -0.984683 0.0214969 0.173155 60.9109
0.181886 0.0778017 0.98025 51.9957 0.00463207 0.996792 -0.0799747 -2.92883 -0.983321 0.0190863 0.180945 61.0683
0.189072 0.0704676 0.979455 52.8323 0.00211897 0.997394 -0.0721704 -2.99189 -0.981983 0.0157216 0.188434 61.2391
0.196445 0.0680206 0.978166 53.6707 0.00182109 0.99757 -0.0697362 -3.05549 -0.980526 0.0154801 0.195846 61.4185
0.203993 0.0699119 0.976497 54.4676 0.00071531 0.99744 -0.0715638 -3.11796 -0.978995 0.0152976 0.203424 61.57
0.210013 0.0757311 0.974775 55.291 0.00140639 0.996977 -0.0777595 -3.18503 -0.97771 0.017701 0.209274 61.7604
0.215286 0.0788249 0.973389 56.108 -0.000106322 0.996743 -0.0806958 -3.25226 -0.976574 0.0172698 0.214597 61.9535
0.220428 0.0816704 0.971992 56.9071 -0.00151926 0.996522 -0.0833874 -3.31876 -0.975415 0.0169038 0.219787 62.1423
0.226704 0.0815539 0.970568 57.6853 -0.00390671 0.996561 -0.0828287 -3.37847 -0.973979 0.0149865 0.226246 62.314
0.233606 0.0785267 0.969169 58.4464 -6.24965e-05 0.99674 -0.0807461 -3.43465 -0.972344 0.0188019 0.232851 62.4622
0.239628 0.0721997 0.968202 59.2252 0.000607145 0.997225 -0.0745173 -3.4892 -0.970888 0.0184447 0.238923 62.6381
0.243266 0.066347 0.967703 60.0096 -0.00118553 0.997684 -0.0681052 -3.54525 -0.969972 0.0154201 0.242783 62.8466
0.246943 0.063144 0.966996 60.7716 -0.005017 0.99795 -0.0638869 -3.60142 -0.969041 0.0109256 0.246757 63.053
0.250693 0.0631835 0.966017 61.4984 -0.0065875 0.997963 -0.0635641 -3.65285 -0.968057 0.00957106 0.250601 63.2387
0.254127 0.065564 0.964972 62.2292 -0.00841418 0.997817 -0.0655827 -3.69747 -0.967158 0.00854757 0.254127 63.4224
0.25565 0.0699014 0.964254 62.9475 -0.0125843 0.997546 -0.0689789 -3.74895 -0.966701 0.00549946 0.255904 63.6266
0.259047 0.0740529 0.963047 63.6414 -0.0137919 0.997244 -0.0729756 -3.80014 -0.965789 0.00562257 0.259358 63.7988
0.262085 0.0791287 0.96181 64.3334 -0.0142486 0.996848 -0.0781291 -3.85206 -0.964953 0.00677153 0.262388 63.9835
0.264144 0.081131 0.961091 65.0167 -0.0134737 0.996675 -0.0804349 -3.90235 -0.964412 0.00829753 0.264362 64.1679
0.265357 0.081182 0.960742 65.7049 -0.016086 0.99669 -0.0797771 -3.9545 -0.96403 0.00571453 0.265787 64.3706
0.265101 0.0782869 0.961063 66.3481 -0.0159124 0.996924 -0.0768217 -4.00475 -0.964112 0.00507328 0.265535 64.5574
0.265042 0.0762773 0.96123 67.0091 -0.0162751 0.997085 -0.0746355 -4.05566 -0.964113 0.00413708 0.265513 64.7515
0.265283 0.0750839 0.961268 67.6467 -0.0149794 0.99717 -0.0737572 -4.1018 -0.964077 0.00516778 0.26566 64.9191
0.264386 0.0742161 0.961573 68.2943 -0.014823 0.997237 -0.0728938 -4.14926 -0.964317 0.00501836 0.264758 65.0937
0.263935 0.0752927 0.961623 68.9231 -0.015789 0.997159 -0.0737444 -4.19506 -0.964434 0.00428103 0.264377 65.2517
0.261568 0.0781291 0.962034 69.5471 -0.0164654 0.996942 -0.0764879 -4.2426 -0.965059 0.0041662 0.262056 65.4293
0.258823 0.0818055 0.96248 70.1407 -0.0143805 0.996629 -0.080844 -4.28935 -0.965841 0.00708372 0.259131 65.5923
0.256719 0.0828267 0.962947 70.7456 -0.0116987 0.996522 -0.0825962 -4.32566 -0.966429 0.00993849 0.256798 65.7568
0.254452 0.0821774 0.963614 71.3377 -0.0121478 0.996582 -0.0817844 -4.36433 -0.967032 0.00910479 0.254584 65.9156
0.252159 0.0794992 0.964431 71.9238 -0.0124605 0.996811 -0.0789109 -4.40976 -0.96762 0.00788036 0.252347 66.0671
0.249906 0.0759801 0.965311 72.505 -0.0119979 0.997089 -0.0753784 -4.4543 -0.968219 0.00725616 0.250094 66.2213
0.248662 0.0745874 0.965731 73.0633 -0.00802911 0.997163 -0.0749481 -4.50127 -0.968572 0.0108824 0.248557 66.3459
0.247711 0.0756043 0.965907 73.6195 -0.00395312 0.997028 -0.0770295 -4.54329 -0.968849 0.0152629 0.247277 66.4699
0.245864 0.0770462 0.966253 74.1697 0.000256112 0.996839 -0.0795505 -4.58695 -0.969318 0.0198057 0.245069 66.5938
0.244927 0.078847 0.966358 74.7232 -0.000116118 0.996697 -0.0812961 -4.62757 -0.969565 0.0197996 0.244131 66.723
0.243894 0.0816046 0.966378 75.2742 -0.000606199 0.996474 -0.0839934 -4.67034 -0.969816 0.0198993 0.243086 66.8598
0.242335 0.0798078 0.966934 75.8303 0.00073859 0.996602 -0.0824451 -4.72362 -0.970216 0.0206936 0.241456 67.0047
0.242577 0.077048 0.967083 76.3873 0.00697577 0.996685 -0.0811564 -4.77604 -0.970122 0.0264325 0.241238 67.1464
0.244775 0.0743292 0.966756 76.9467 0.0118406 0.99676 -0.0796375 -4.82566 -0.969532 0.0309402 0.243107 67.2757
0.247104 0.0728066 0.966266 77.5044 0.0145864 0.996789 -0.0788371 -4.87461 -0.968894 0.0335749 0.24525 67.4055
0.250846 0.0726665 0.965325 78.0746 0.0120737 0.996872 -0.0781822 -4.91986 -0.967976 0.0312667 0.249188 67.5547
0.255677 0.0732386 0.964 78.6495 0.0109366 0.996851 -0.0786356 -4.96254 -0.966715 0.0306479 0.254073 67.7274
0.26169 0.0717945 0.962508 79.2181 0.0125592 0.996898 -0.0777779 -5.00201 -0.965094 0.0324419 0.25998 67.8969
0.268811 0.0720544 0.960511 79.8026 0.0108936 0.996914 -0.0778347 -5.04243 -0.963146 0.0313859 0.267199 68.0826
0.277543 0.0701422 0.958181 80.3845 0.0115302 0.997022 -0.0763292 -5.07782 -0.96067 0.0322323 0.275912 68.2483
0.286636 0.0703662 0.95547 80.9855 0.0076899 0.997105 -0.0757403 -5.12288 -0.958023 0.0290569 0.285267 68.4357
0.296307 0.0701374 0.952545 81.5674 0.00651914 0.997134 -0.0754523 -5.16581 -0.955096 0.0285667 0.295005 68.618
0.306014 0.0742278 0.949147 82.1619 0.00103837 0.996937 -0.0783008 -5.20841 -0.952042 0.0249462 0.305001 68.8151
0.315143 0.0766951 0.945972 82.7464 -0.00276378 0.996805 -0.0798996 -5.25044 -0.949066 0.0225653 0.314352 69.0161
0.324793 0.0803977 0.942378 83.4181 -0.00661942 0.996556 -0.082739 -5.29015 -0.945777 0.0206346 0.324207 69.3241
0.33578 0.0825744 0.938345 84.0159 -0.00775894 0.996365 -0.0849079 -5.32551 -0.941934 0.0212299 0.335204 69.5108
0.346268 0.0835234 0.934428 84.6686 -0.0102656 0.996314 -0.085252 -5.36892 -0.938095 0.0199273 0.34585 69.7642
0.356592 0.0836891 0.930536 85.2942 -0.0105773 0.996284 -0.0855532 -5.41494 -0.934226 0.020665 0.356156 70.0098
0.367009 0.0847399 0.926368 85.9442 -0.0146874 0.996253 -0.0853149 -5.46341 -0.930117 0.0177052 0.366879 70.2784
0.376984 0.0801555 0.922776 86.6035 -0.0142812 0.996639 -0.0807413 -5.51191 -0.926136 0.0172598 0.376865 70.5658
0.388762 0.0730749 0.918454 87.2727 -0.0104943 0.997143 -0.0748951 -5.55732 -0.921295 0.0194776 0.38842 70.8214
0.398815 0.0686924 0.914487 87.9288 -0.00859603 0.997433 -0.0711783 -5.60296 -0.917018 0.0205258 0.398385 71.1168
0.40905 0.06541 0.910183 88.6295 -0.00931086 0.997682 -0.0675153 -5.65093 -0.912481 0.0191424 0.408711 71.4383
0.41775 0.0621139 0.906469 89.3117 -0.00286506 0.997752 -0.0670527 -5.69778 -0.908584 0.0254137 0.416992 71.7562
0.425834 0.0560692 0.903081 90.0007 0.00378284 0.997967 -0.0637458 -5.73696 -0.90481 0.0305611 0.424757 72.0792
0.433126 0.0458293 0.9002 90.7134 0.0140509 0.998248 -0.0575853 -5.77768 -0.901251 0.0375894 0.431727 72.4031
0.439917 0.0412645 0.897109 91.4394 0.0192921 0.998286 -0.0553806 -5.8172 -0.897848 0.0416696 0.438367 72.7472
0.446265 0.0415498 0.893969 92.137 0.0209574 0.998169 -0.0568585 -5.86283 -0.894683 0.0441083 0.44458 73.1059
0.454242 0.0467085 0.889673 92.8696 0.0226414 0.997705 -0.0639422 -5.92192 -0.890608 0.0491885 0.452142 73.459
0.45991 0.0503525 0.886571 93.5475 0.0263081 0.997188 -0.0702864 -5.97299 -0.887605 0.0556483 0.457294 73.8397
0.465152 0.0521858 0.883712 94.2588 0.0247935 0.997109 -0.0719346 -6.02256 -0.884901 0.0553706 0.462514 74.2132
0.469398 0.0547827 0.881321 94.9591 0.0173945 0.997315 -0.0712616 -6.06978 -0.882843 0.0487794 0.467188 74.6045
0.472796 0.0585792 0.879243 95.6586 0.0107155 0.997336 -0.0722113 -6.13233 -0.881124 0.0435623 0.47091 75.0116
0.475964 0.0610364 0.877381 96.3168 0.0100473 0.997154 -0.0748241 -6.19487 -0.879436 0.0444282 0.474 75.3859
0.479232 0.0659563 0.875228 97.0582 0.00636933 0.996889 -0.0786146 -6.26294 -0.877683 0.0432489 0.477323 75.8598
0.482337 0.070062 0.873217 97.7517 0.00324003 0.996654 -0.0817608 -6.30826 -0.876009 0.0422648 0.480501 76.2758
0.486329 0.0693804 0.871038 98.4025 0.00163794 0.996773 -0.0803126 -6.35507 -0.873792 0.0404847 0.484648 76.632
0.490383 0.0670206 0.868965 99.0603 0.0023644 0.99694 -0.0782305 -6.40345 -0.871534 0.0404167 0.488728 77.0017
0.494128 0.0643118 0.867029 99.66 0.00198085 0.997178 -0.0750974 -6.45574 -0.869405 0.0388247 0.492609 77.3091
0.498676 0.0637207 0.864482 100.31 0.00093607 0.99726 -0.0740533 -6.50823 -0.866817 0.0377371 0.497255 77.6711
0.502983 0.0658165 0.861808 100.947 -0.00113842 0.99715 -0.075491 -6.55691 -0.864313 0.0369892 0.501627 78.0323
0.506222 0.0659123 0.859921 101.542 5.27061e-06 0.997081 -0.0764343 -6.61009 -0.862434 0.0386963 0.504749 78.369
0.506972 0.0649744 0.859531 102.139 0.00155688 0.997088 -0.0762939 -6.65514 -0.861979 0.0400167 0.505398 78.75
0.509073 0.0638758 0.858392 102.745 0.00360162 0.997081 -0.0763381 -6.70424 -0.860748 0.0419521 0.507362 79.1044
0.51169 0.0639409 0.856809 103.341 0.00256868 0.997112 -0.0759483 -6.75104 -0.859185 0.0410624 0.510051 79.4534
0.514479 0.0633301 0.855204 103.915 0.00428687 0.997072 -0.076421 -6.79416 -0.857525 0.042982 0.512707 79.7766
0.5175 0.0655442 0.853193 104.478 0.00347547 0.996896 -0.078695 -6.83877 -0.855696 0.0436894 0.51567 80.1066
0.520601 0.0653709 0.851336 105.03 0.00691295 0.996714 -0.0807676 -6.88256 -0.853805 0.0479317 0.518445 80.4285
0.523566 0.0647615 0.849544 105.585 0.00853109 0.996662 -0.0812372 -6.93599 -0.851962 0.0497801 0.521269 80.7819
0.526686 0.0626048 0.847795 106.122 0.0117536 0.996658 -0.0809058 -6.98541 -0.850012 0.0525751 0.524196 81.1131
0.530757 0.0615483 0.845311 106.643 0.0131145 0.996647 -0.080805 -7.03117 -0.847443 0.0539731 0.528173 81.4105
0.534248 0.060792 0.843182 107.18 0.0143648 0.996619 -0.0809626 -7.08263 -0.84524 0.0553646 0.531574 81.7668
0.538422 0.0603397 0.840537 107.675 0.0147551 0.996609 -0.0809987 -7.12193 -0.842567 0.0560131 0.535709 82.0412
0.542167 0.0596633 0.838193 108.185 0.0164547 0.996537 -0.0815841 -7.16938 -0.840144 0.0580228 0.539312 82.3649
0.546667 0.0610037 0.835151 108.689 0.0157924 0.996418 -0.0831242 -7.21704 -0.837223 0.0586297 0.543748 82.6884
0.551279 0.0606573 0.832157 109.192 0.0181306 0.996253 -0.0846361 -7.26619 -0.834159 0.0617438 0.548119 83.0189
0.556398 0.06437 0.828445 109.683 0.0155328 0.996019 -0.087826 -7.31587 -0.830792 0.0617339 0.553186 83.3391
0.562357 0.0701996 0.823954 110.169 0.011965 0.995601 -0.0929967 -7.36735 -0.826844 0.0621542 0.559048 83.6707
0.568659 0.0772363 0.818966 110.652 0.00676613 0.995113 -0.0985502 -7.41965 -0.822568 0.0615823 0.56536 84.0093
0.574806 0.0836293 0.814051 111.122 0.00134563 0.994672 -0.103142 -7.4728 -0.818325 0.0603806 0.571636 84.3479
0.581069 0.0877855 0.809133 111.596 -0.00222821 0.994338 -0.106282 -7.53029 -0.813874 0.0599541 0.577977 84.7036
0.586366 0.088469 0.805247 112.077 -0.00652829 0.994507 -0.104516 -7.58597 -0.810056 0.0560262 0.583728 85.0733
0.591689 0.0881592 0.801359 112.557 -0.0126457 0.9949 -0.100117 -7.6387 -0.806091 0.0491042 0.589788 85.4459
0.597136 0.0868253 0.797473 113.041 -0.0191647 0.99539 -0.0940306 -7.691 -0.801947 0.0408647 0.596053 85.8303
0.602507 0.0859215 0.793503 113.53 -0.0254742 0.995757 -0.0884827 -7.74296 -0.797731 0.0330971 0.60214 86.2289
0.609143 0.0845054 0.788593 114.021 -0.0282889 0.995995 -0.0848862 -7.7913 -0.792594 0.0293984 0.609098 86.594
0.615382 0.0881227 0.783316 114.521 -0.033449 0.99576 -0.0857483 -7.84259 -0.787544 0.0265664 0.615721 87.0035
0.621142 0.092057 0.778321 115.024 -0.037194 0.995427 -0.0880601 -7.89386 -0.782854 0.0257481 0.621729 87.4327
0.627337 0.0952235 0.772933 115.527 -0.040117 0.995135 -0.0900415 -7.94458 -0.777739 0.0254783 0.628106 87.84
0.633554 0.097339 0.767599 116.048 -0.04232 0.994935 -0.0912454 -7.9974 -0.772579 0.0253234 0.634469 88.2832
0.639826 0.0984196 0.762222 116.57 -0.0454572 0.994881 -0.090307 -8.05061 -0.7672 0.0231318 0.641025 88.7321
0.645794 0.10066 0.756897 117.102 -0.0512696 0.994756 -0.0885579 -8.10566 -0.761828 0.0183837 0.647574 89.217
0.652499 0.0986881 0.751366 117.625 -0.0523161 0.99499 -0.0852584 -8.16911 -0.756008 0.0163219 0.654393 89.6615
0.659763 0.0967233 0.745273 118.175 -0.0532432 0.995212 -0.0820351 -8.23168 -0.749625 0.0144425 0.661759 90.1629
0.666943 0.0963552 0.738883 118.724 -0.0539302 0.99525 -0.0811117 -8.29068 -0.743181 0.0142484 0.668971 90.6713
0.674355 0.0986424 0.73184 119.28 -0.0587319 0.995068 -0.0800119 -8.35147 -0.736109 0.0109736 0.676827 91.2038
0.682858 0.0990276 0.72384 119.841 -0.0596361 0.995025 -0.0798723 -8.40551 -0.72814 0.011374 0.685366 91.7117
0.689945 0.0997723 0.717005 120.403 -0.0617717 0.994963 -0.0790187 -8.45728 -0.721264 0.0102275 0.692637 92.2568
0.694721 0.0984405 0.712544 120.964 -0.061433 0.995097 -0.077584 -8.51117 -0.716679 0.0101251 0.697362 92.8213
0.698576 0.096961 0.708989 121.537 -0.0602542 0.995234 -0.0767471 -8.56309 -0.713038 0.0108936 0.701093 93.3921
0.703175 0.0943034 0.704768 122.128 -0.0568648 0.995455 -0.0764676 -8.61375 -0.708768 0.0136932 0.705341 93.9505
0.706642 0.0901779 0.701855 122.721 -0.0513415 0.995771 -0.0762588 -8.66909 -0.70575 0.0178527 0.708288 94.5583
0.710752 0.0830825 0.698554 123.319 -0.0435959 0.9963 -0.0741429 -8.73178 -0.70212 0.0222427 0.711744 95.1396
0.715037 0.0765995 0.694932 123.924 -0.0378445 0.996768 -0.0709388 -8.79241 -0.698107 0.0244235 0.715629 95.739
0.718636 0.0707432 0.691814 124.532 -0.0324009 0.997144 -0.0683137 -8.85012 -0.694661 0.0266768 0.718875 96.3494
0.722012 0.0691226 0.688475 125.132 -0.0322181 0.997282 -0.0663478 -8.90621 -0.691177 0.0257216 0.72228 96.9739
0.724416 0.0701615 0.685819 125.726 -0.0328761 0.997197 -0.0672955 -8.96506 -0.688609 0.0262023 0.724692 97.6208
0.727186 0.0746001 0.682431 126.324 -0.038514 0.996951 -0.0679508 -9.02327 -0.685406 0.0231287 0.727845 98.2888
0.729391 0.0784066 0.679626 126.929 -0.0448433 0.99676 -0.0668719 -9.07582 -0.682657 0.0182986 0.730543 98.9826
0.732448 0.0754087 0.67669 127.526 -0.0448595 0.997039 -0.0625603 -9.12586 -0.679391 0.0154655 0.733664 99.6231
0.736295 0.0733493 0.672713 128.142 -0.0481781 0.997275 -0.0560119 -9.17283 -0.674977 0.0088306 0.73782 100.298
0.739365 0.0680074 0.669918 128.743 -0.0474271 0.997681 -0.0489453 -9.21612 -0.67168 0.00441553 0.740878 100.97
0.743452 0.0639305 0.665766 129.357 -0.045254 0.997956 -0.0453003 -9.25702 -0.667289 0.00354924 0.744824 101.667
0.747621 0.0601856 0.66145 129.953 -0.039252 0.998155 -0.0464653 -9.29677 -0.663013 0.00877443 0.748606 102.342
0.751506 0.0562769 0.657363 130.535 -0.0289244 0.998216 -0.0523964 -9.33546 -0.659127 0.0203617 0.751791 103.022
0.755789 0.0569448 0.652393 131.145 -0.0229971 0.997912 -0.0604704 -9.3779 -0.654461 0.0306984 0.755522 103.752
0.760495 0.0567708 0.646899 131.753 -0.0198463 0.997746 -0.0642351 -9.42394 -0.649075 0.0360112 0.759906 104.489
0.765721 0.0521413 0.641117 132.366 -0.0170313 0.998009 -0.0608344 -9.47144 -0.643001 0.0356618 0.765086 105.227
0.770746 0.0467191 0.63547 132.981 -0.0124898 0.998233 -0.0582469 -9.52082 -0.637055 0.0369558 0.769966 105.997
0.776495 0.0431998 0.628704 133.583 -0.00810672 0.998255 -0.0585893 -9.57467 -0.630127 0.040396 0.775491 106.668
0.779743 0.0442234 0.624579 134.171 -0.00571062 0.997972 -0.0635389 -9.63785 -0.626109 0.0459765 0.778413 107.478
0.784048 0.0455298 0.619094 134.767 -0.00625952 0.997842 -0.065466 -9.68205 -0.620727 0.0474515 0.782641 108.185
0.787535 0.0427222 0.614831 135.376 -0.00372302 0.997914 -0.0645795 -9.73424 -0.616295 0.0485688 0.78605 108.946
0.790142 0.0371788 0.611861 135.968 -0.000163019 0.998178 -0.0604514 -9.78624 -0.612983 0.0476636 0.788708 109.664
0.79171 0.0329774 0.610051 136.569 0.00297902 0.998331 -0.0578403 -9.83587 -0.610928 0.0476093 0.790288 110.427
0.792916 0.0280876 0.60875 137.169 0.00680216 0.998473 -0.0549384 -9.88332 -0.609353 0.0477003 0.791515 111.174
0.793248 0.0268511 0.608351 137.762 0.00724797 0.998549 -0.053532 -9.93285 -0.608893 0.0468725 0.7919 111.961
0.793507 0.0277369 0.607995 138.351 0.00536089 0.99861 -0.0525625 -9.98354 -0.608597 0.0449661 0.792256 112.716
0.793631 0.0297845 0.607715 138.942 0.00365979 0.998558 -0.0537272 -10.0352 -0.608426 0.0448627 0.792376 113.48
0.792917 0.0337717 0.608461 139.521 -0.000506324 0.998506 -0.0547701 -10.0848 -0.60939 0.0431181 0.79175 114.226
0.791419 0.0376315 0.610159 140.103 -0.00418491 0.998422 -0.0561571 -10.1374 -0.611297 0.0418895 0.790326 114.975
0.790415 0.040406 0.611303 140.705 -0.00841921 0.998452 -0.055119 -10.1927 -0.612572 0.0384184 0.789532 115.75
0.788905 0.042513 0.613088 141.302 -0.0114187 0.998455 -0.0545496 -10.2469 -0.614447 0.036033 0.78817 116.501
0.787507 0.0417212 0.614957 141.899 -0.0120761 0.998566 -0.0522912 -10.2957 -0.616245 0.0337517 0.786883 117.234
0.785891 0.040791 0.617064 142.499 -0.0133978 0.99872 -0.0489648 -10.3446 -0.618259 0.0302128 0.785429 117.99
0.784406 0.0366363 0.61923 143.102 -0.00910223 0.998834 -0.0475739 -10.3841 -0.620239 0.0316791 0.783825 118.702
0.782602 0.0405766 0.621244 143.697 -0.00990719 0.998568 -0.0527486 -10.4324 -0.622482 0.0351255 0.781881 119.407
0.779941 0.0505427 0.623874 144.287 -0.015587 0.998 -0.0613754 -10.4818 -0.625717 0.0381432 0.779169 120.145
0.777116 0.0562947 0.626881 144.892 -0.0177079 0.997563 -0.0676379 -10.5364 -0.629148 0.041461 0.776217 120.92
0.774048 0.0557061 0.630737 145.445 -0.0197858 0.997771 -0.0638502 -10.5863 -0.632877 0.036942 0.773425 121.598
0.770673 0.0549341 0.634906 146.067 -0.0228929 0.998032 -0.058572 -10.6386 -0.636859 0.0306044 0.770411 122.368
0.767682 0.0535166 0.638658 146.672 -0.0247532 0.998246 -0.053904 -10.6893 -0.640412 0.025571 0.76766 123.104
0.764645 0.0534728 0.642275 147.281 -0.0244037 0.99825 -0.0540635 -10.7404 -0.644028 0.0256649 0.764609 123.846
0.762617 0.0515943 0.644852 147.89 -0.0223338 0.998327 -0.0534722 -10.7866 -0.646521 0.0263756 0.762494 124.529
0.760378 0.0502507 0.647579 148.501 -0.0183456 0.998277 -0.0559302 -10.8341 -0.64926 0.0306474 0.759987 125.228
0.757292 0.0492755 0.651278 149.109 -0.0150137 0.998207 -0.0580754 -10.8835 -0.65296 0.0342006 0.756674 125.916
0.75417 0.0491836 0.654879 149.724 -0.0120555 0.998071 -0.0610822 -10.9359 -0.656606 0.0381711 0.753305 126.605
0.750478 0.0494955 0.659101 150.337 -0.0124032 0.998078 -0.0608372 -10.9872 -0.660835 0.0374806 0.74965 127.301
0.746429 0.0510007 0.663552 150.957 -0.0144947 0.998079 -0.0604145 -11.0424 -0.665345 0.0354766 0.745731 128.014
0.741333 0.0507634 0.669274 151.553 -0.0138168 0.998086 -0.0604073 -11.0931 -0.671049 0.0355334 0.740616 128.685
0.735883 0.0535962 0.675028 152.172 -0.016759 0.998009 -0.0609775 -11.1499 -0.676939 0.0335589 0.735314 129.369
0.730019 0.0604987 0.680803 152.802 -0.0207019 0.997583 -0.0664591 -11.2086 -0.683167 0.0344212 0.729506 130.07
0.728039 0.0659193 0.6824 153.499 -0.0229724 0.997166 -0.0718228 -11.2511 -0.685185 0.0366131 0.727487 130.729
0.723095 0.0688156 0.68737 154.157 -0.0230373 0.996882 -0.0755762 -11.2996 -0.690416 0.0388124 0.722427 131.405
0.717435 0.0645616 0.693669 154.813 -0.0239946 0.997409 -0.068021 -11.352 -0.696247 0.0321559 0.717122 132.067
0.711723 0.062061 0.69977 155.484 -0.0299566 0.997873 -0.058039 -11.4037 -0.701872 0.0203442 0.71207 132.747
0.704599 0.0579024 0.707279 156.136 -0.0294787 0.998207 -0.0523586 -11.4528 -0.709025 0.0160417 0.70504 133.419
0.697365 0.0600427 0.714253 156.806 -0.0349039 0.998157 -0.0498383 -11.4978 -0.715915 0.00982477 0.698177 134.104
0.69022 0.0607702 0.721082 157.485 -0.0331444 0.99809 -0.0523952 -11.5421 -0.722872 0.0122641 0.690914 134.746
0.685098 0.059801 0.726048 158.185 -0.0273265 0.998043 -0.0564265 -11.5927 -0.727988 0.0188165 0.685392 135.355
0.678345 0.0675589 0.731669 158.898 -0.0266226 0.997383 -0.0674165 -11.6499 -0.734292 0.0262525 0.678367 136.031
0.671463 0.0686589 0.737907 159.627 -0.0229624 0.99716 -0.0718941 -11.6944 -0.740731 0.0313289 0.671134 136.698
0.665089 0.0646711 0.743995 160.345 -0.0202513 0.997451 -0.0686043 -11.7552 -0.74652 0.0305607 0.664701 137.329
0.658947 0.0589123 0.749934 161.107 -0.0159807 0.997812 -0.0643503 -11.8122 -0.752066 0.0304179 0.658449 137.976
0.652138 0.0580105 0.755914 161.821 -0.0155443 0.997894 -0.0631756 -11.8757 -0.757972 0.0294487 0.651665 138.606
0.645256 0.0590072 0.761738 162.521 -0.0168768 0.997882 -0.0630111 -11.9473 -0.763826 0.0278015 0.644888 139.213
0.638307 0.0560412 0.767775 163.229 -0.0120307 0.997964 -0.0628463 -12.008 -0.769717 0.030878 0.637681 139.855
0.632251 0.0506762 0.773158 163.93 -0.00759587 0.998226 -0.0592239 -12.0588 -0.774772 0.0315703 0.631518 140.458
0.627173 0.047799 0.777447 164.631 -0.00686597 0.998429 -0.0558518 -12.1166 -0.778878 0.0296903 0.626516 141.033
0.622596 0.0467205 0.7812 165.351 -0.0081241 0.998559 -0.0532523 -12.171 -0.782546 0.026807 0.622082 141.631
0.617946 0.0485098 0.784758 166.092 -0.00803933 0.998446 -0.0553935 -12.2193 -0.786208 0.0279208 0.617376 142.239
0.614082 0.0507616 0.787662 166.761 -0.00638623 0.998227 -0.0593603 -12.2598 -0.789263 0.0314206 0.613321 142.769
0.610368 0.0566429 0.790126 167.443 -0.00743613 0.99782 -0.0657927 -12.3095 -0.792112 0.034282 0.609459 143.317
0.606821 0.0591021 0.792692 168.155 -0.00913206 0.997696 -0.0674038 -12.3595 -0.794833 0.033662 0.605967 143.899
0.604409 0.0546838 0.79483 168.852 -0.0086967 0.998049 -0.0620569 -12.4122 -0.796654 0.030595 0.603707 144.419
