1 0 0 0 0 1 0 0 0 0 1 0
0.974113 -0.00154435 0.226058 0.26608 0.00290752 0.99998 -0.00569736 -0.0294447 -0.226044 0.00620714 0.974097 0.465288
0.927041 -0.00746363 0.374885 0.812088 0.0088157 0.999959 -0.00189178 -0.0814415 -0.374855 0.00505862 0.92707 1.03864
0.926646 -0.00748312 0.375861 1.25834 0.00858442 0.999962 -0.00125545 -0.0982569 -0.375837 0.00438991 0.926675 2.14828
0.926314 -0.00833149 0.376661 1.7042 0.00924574 0.999957 -0.000619449 -0.110537 -0.37664 0.00405631 0.926351 3.25948
0.925968 -0.00867579 0.377503 2.15412 0.00944838 0.999955 -0.00019468 -0.119918 -0.377484 0.00374706 0.926008 4.36446
0.925696 -0.00857177 0.378173 2.60339 0.0094071 0.999956 -0.000361534 -0.135876 -0.378153 0.00389218 0.925735 5.47777
0.925372 -0.0089902 0.378953 3.05349 0.00955469 0.999954 0.000390946 -0.152638 -0.37894 0.00325901 0.925416 6.58861
0.925262 -0.00947797 0.379209 3.50481 0.00967896 0.999952 0.0013764 -0.167056 -0.379204 0.00239682 0.92531 7.69921
0.925722 -0.00974036 0.37808 3.95175 0.00933868 0.999952 0.00289589 -0.181335 -0.37809 0.000849983 0.925768 8.81259
0.926617 -0.00968349 0.375882 4.39798 0.00902936 0.999953 0.00350183 -0.194926 -0.375898 0.000149122 0.926661 9.92541
0.927351 -0.00978377 0.374066 4.83647 0.00892193 0.999952 0.00403551 -0.195461 -0.374087 -0.000404943 0.927393 11.0288
0.927825 -0.00932825 0.3729 5.27345 0.00844947 0.999956 0.00399092 -0.1969 -0.372921 -0.000552073 0.927863 12.1346
0.928357 -0.00845816 0.371593 5.71237 0.00720175 0.999963 0.0047688 -0.2002 -0.371619 -0.00175103 0.928384 13.2381
0.928329 -0.00908607 0.371648 6.1622 0.00757514 0.999956 0.00552526 -0.210338 -0.371682 -0.00231398 0.928357 14.3611
0.928217 -0.0101593 0.371901 6.60917 0.00840514 0.999945 0.00633762 -0.221082 -0.371945 -0.0027568 0.928251 15.4885
0.928745 -0.0102158 0.370578 7.04591 0.00817611 0.999942 0.00707447 -0.223653 -0.370629 -0.00354049 0.928774 16.597
0.928687 -0.0100873 0.370727 7.48651 0.00816299 0.999944 0.00675935 -0.226391 -0.370775 -0.00325107 0.928717 17.712
0.929271 -0.0100079 0.369263 7.92549 0.00817195 0.999945 0.00653586 -0.230723 -0.369308 -0.00305598 0.929302 18.8241
0.929613 -0.0103217 0.368393 8.36685 0.00828118 0.999941 0.00711965 -0.237797 -0.368445 -0.00356779 0.929643 19.939
0.92956 -0.00996054 0.368536 8.81037 0.00764575 0.999941 0.00774079 -0.249829 -0.368592 -0.00437779 0.929581 21.0585
0.930124 -0.0100398 0.367108 9.23983 0.00736599 0.999935 0.00868381 -0.262168 -0.367172 -0.0053729 0.930138 22.1703
0.930209 -0.00970703 0.366903 9.67302 0.00696032 0.999937 0.0088085 -0.275207 -0.366966 -0.00563998 0.930218 23.2971
0.930795 -0.0111176 0.365373 10.1018 0.00775535 0.999913 0.0106686 -0.266157 -0.36546 -0.00709671 0.9308 24.4059
0.931207 -0.011513 0.364308 10.5395 0.008063 0.999907 0.0109896 -0.265939 -0.364401 -0.00729615 0.931214 25.5145
0.931215 -0.0116997 0.364282 10.977 0.00818831 0.999904 0.0111822 -0.270431 -0.364378 -0.00743013 0.931221 26.6437
0.931914 -0.012294 0.362471 11.4104 0.00883206 0.999898 0.0112065 -0.27191 -0.362572 -0.00724209 0.931928 27.7546
0.931814 -0.0120988 0.362734 11.8449 0.00850891 0.999898 0.0114929 -0.271217 -0.362836 -0.00762282 0.931822 28.8785
0.932437 -0.0125769 0.361114 12.2709 0.00873395 0.999887 0.0122722 -0.270055 -0.361227 -0.00828911 0.932441 29.998
0.932578 -0.0123733 0.360756 12.6962 0.00833898 0.999884 0.0127375 -0.267843 -0.360872 -0.00887033 0.932573 31.1143
0.932342 -0.0131802 0.361338 13.1278 0.0088767 0.999869 0.0135672 -0.265793 -0.361469 -0.00944177 0.932336 32.2382
0.932876 -0.0127453 0.359972 13.5544 0.00825643 0.999868 0.0140048 -0.262917 -0.360103 -0.0100927 0.932858 33.3586
0.93268 -0.0138021 0.360441 13.9849 0.00894335 0.999846 0.0151446 -0.261003 -0.360594 -0.0109015 0.932659 34.485
0.933025 -0.0137154 0.35955 14.4105 0.00838931 0.999831 0.0163694 -0.255859 -0.359714 -0.0122567 0.932982 35.607
0.933024 -0.0129294 0.359583 14.8324 0.00715527 0.999824 0.0173842 -0.24877 -0.359744 -0.013647 0.932951 36.7349
0.93279 -0.0124449 0.360204 15.2558 0.006246 0.999812 0.0183684 -0.240054 -0.360365 -0.014884 0.932693 37.8622
0.93308 -0.0128125 0.35944 15.6863 0.00649752 0.999803 0.0187714 -0.226581 -0.35961 -0.0151798 0.932979 38.9675
0.932601 -0.0109777 0.360741 16.1094 0.00397612 0.999789 0.0201455 -0.214151 -0.360886 -0.0173533 0.932449 40.1004
0.932315 -0.0118025 0.361454 16.5396 0.00359499 0.999721 0.023371 -0.203778 -0.361629 -0.0204897 0.932097 41.2235
0.931765 -0.0122504 0.362854 16.9672 0.00334611 0.999678 0.0251579 -0.19385 -0.363045 -0.0222272 0.931506 42.3468
0.930875 -0.0132405 0.365098 17.4017 0.00329776 0.999607 0.0278431 -0.172998 -0.365324 -0.0247144 0.930552 43.4774
0.930637 -0.0144644 0.365658 17.8382 0.00388568 0.999553 0.02965 -0.149448 -0.365923 -0.0261726 0.930277 44.6012
0.930028 -0.0146616 0.367195 18.2745 0.00406738 0.999554 0.0296089 -0.128699 -0.367465 -0.0260436 0.929673 45.7213
0.929296 -0.0136918 0.369083 18.7091 0.00316919 0.999572 0.0291013 -0.112371 -0.369323 -0.025874 0.928941 46.8436
0.92933 -0.0141131 0.36898 19.1497 0.00363524 0.999571 0.0290767 -0.091404 -0.369232 -0.0256805 0.928982 47.9666
0.928914 -0.0152437 0.369981 19.5856 0.00424411 0.999525 0.030526 -0.0683206 -0.370271 -0.0267858 0.928537 49.0915
0.929665 -0.0163996 0.368041 20.0222 0.0053176 0.999502 0.031105 -0.0456842 -0.368368 -0.0269601 0.929289 50.2159
0.930295 -0.0165277 0.366439 20.467 0.0053756 0.999492 0.0314334 -0.0111851 -0.366773 -0.0272725 0.929911 51.3297
0.93029 -0.0175303 0.366405 20.9053 0.00575234 0.999432 0.0332119 0.00251066 -0.36678 -0.028789 0.929862 52.4627
0.931236 -0.0185053 0.363946 21.3405 0.00644502 0.99939 0.0343242 0.0219497 -0.364359 -0.0296183 0.930787 53.594
0.931243 -0.0186335 0.363921 21.7739 0.00632024 0.999368 0.0349968 0.0490898 -0.364343 -0.0302904 0.930772 54.7231
0.93186 -0.0189089 0.362323 22.2051 0.00635673 0.999339 0.0358046 0.0767976 -0.362761 -0.0310617 0.931364 55.8507
0.931974 -0.0196856 0.361989 22.6362 0.00709546 0.999324 0.036077 0.104596 -0.362455 -0.0310544 0.931484 56.9777
0.931807 -0.0203449 0.362384 23.0696 0.00750019 0.999294 0.0368167 0.134517 -0.362877 -0.0315882 0.931301 58.1041
0.932289 -0.021172 0.361093 23.4967 0.00781397 0.999232 0.0384136 0.172208 -0.361629 -0.032991 0.931738 59.2287
0.932021 -0.0226776 0.361694 23.9234 0.00875857 0.999159 0.0400763 0.211902 -0.362299 -0.0341841 0.931435 60.3391
0.932456 -0.0218178 0.360625 24.3507 0.00781897 0.99916 0.0402318 0.248597 -0.3612 -0.0346947 0.931843 61.4605
0.932431 -0.0213851 0.360713 24.77 0.00739356 0.999168 0.0401242 0.284403 -0.361271 -0.0347461 0.931813 62.5774
0.932102 -0.0208957 0.361592 25.1848 0.00628299 0.999117 0.0415409 0.33223 -0.362141 -0.0364485 0.93141 63.689
0.932663 -0.0210083 0.360136 25.612 0.00601625 0.99907 0.0426995 0.373609 -0.360699 -0.0376575 0.931922 64.8046
0.931993 -0.0202058 0.361911 26.035 0.00471358 0.999037 0.0436385 0.412143 -0.362444 -0.0389649 0.93119 65.9129
0.932009 -0.0200115 0.361882 26.4575 0.00407846 0.998991 0.0447386 0.448806 -0.362412 -0.0402209 0.93115 67.0266
0.931229 -0.0201368 0.363878 26.8758 0.00361161 0.998934 0.0460377 0.493134 -0.364417 -0.0415575 0.930308 68.1357
0.929713 -0.0200788 0.367735 27.3046 0.00357479 0.998958 0.0455065 0.535055 -0.368266 -0.0409934 0.928816 69.2299
0.929053 -0.0191117 0.369452 27.7285 0.00356599 0.999081 0.0427148 0.562849 -0.369929 -0.0383669 0.928267 70.3163
0.927435 -0.0184897 0.373527 28.1636 0.00258506 0.99907 0.0430358 0.594275 -0.373976 -0.0389473 0.92662 71.3976
0.926756 -0.0200576 0.375128 28.5977 0.00295459 0.998932 0.0461123 0.629861 -0.375652 -0.0416265 0.925825 72.4923
0.92542 -0.0211991 0.37835 29.0334 0.00333741 0.998851 0.0478028 0.66086 -0.378929 -0.042975 0.924427 73.5733
0.923307 -0.0202841 0.383525 29.4696 0.00221045 0.998869 0.0475072 0.708386 -0.384055 -0.043016 0.922307 74.6502
0.922258 -0.020701 0.38602 29.9067 0.00280862 0.998898 0.0468574 0.755355 -0.386564 -0.0421304 0.9213 75.7263
0.920377 -0.0206976 0.390483 30.354 0.00283272 0.998925 0.0462713 0.811049 -0.391021 -0.0414809 0.919446 76.7893
0.919332 -0.0203646 0.392956 30.8112 0.00218904 0.998909 0.0466463 0.832941 -0.393477 -0.0420232 0.918373 77.8389
0.917926 -0.0208668 0.396203 31.2692 0.00205487 0.998853 0.0478457 0.868366 -0.396747 -0.0431047 0.916915 78.907
0.915091 -0.0278218 0.402285 31.707 0.0072656 0.998593 0.0525348 1.05215 -0.403181 -0.0451513 0.914006 79.9072
0.913318 -0.0357002 0.405679 32.158 0.0147812 0.9984 0.054583 1.21535 -0.406979 -0.0438552 0.912384 80.9254
0.911594 -0.0363011 0.409486 32.6242 0.0151951 0.998389 0.0546803 1.28281 -0.410812 -0.043624 0.910676 81.9848
0.910596 -0.0370177 0.411637 33.093 0.015483 0.998337 0.055528 1.33275 -0.413008 -0.0441901 0.909654 83.0261
0.909375 -0.038123 0.414226 33.5679 0.0159394 0.998254 0.0568808 1.38965 -0.415671 -0.0451235 0.908395 84.0766
0.907677 -0.0387816 0.417873 34.0511 0.0152874 0.998116 0.0594261 1.44348 -0.41939 -0.0475515 0.90656 85.1306
0.90695 -0.039512 0.419381 34.5316 0.0152244 0.998016 0.061104 1.49682 -0.420964 -0.0490334 0.905751 86.1799
0.905301 -0.0408132 0.422805 35.0126 0.0159561 0.997939 0.0621656 1.55675 -0.424471 -0.0495322 0.904085 87.2267
0.904689 -0.0397839 0.42421 35.4974 0.0148903 0.997975 0.0618379 1.62329 -0.425812 -0.0496275 0.90345 88.2756
0.903613 -0.0400706 0.426471 35.9806 0.0163199 0.998113 0.0592024 1.67792 -0.428039 -0.0465361 0.902561 89.3159
0.902145 -0.0395029 0.42962 36.4804 0.016165 0.998195 0.0578382 1.73089 -0.431129 -0.0452337 0.901156 90.3681
0.902119 -0.03987 0.429641 36.9719 0.0163371 0.998164 0.0583252 1.78112 -0.431177 -0.0455972 0.901114 91.427
0.901451 -0.0401518 0.431014 37.4841 0.0162121 0.998122 0.0590745 1.83341 -0.432577 -0.0462651 0.900409 92.4826
0.902295 -0.0407454 0.429189 37.979 0.0163827 0.998046 0.0603085 1.89111 -0.430807 -0.0473848 0.901199 93.5465
0.903025 -0.0414131 0.427587 38.4814 0.0169341 0.998001 0.0608962 1.9555 -0.429254 -0.0477499 0.901921 94.6214
0.903378 -0.0415567 0.426826 38.9941 0.0164709 0.997922 0.0622992 2.01089 -0.428528 -0.0492496 0.902185 95.6952
0.904903 -0.0418486 0.423555 39.4956 0.0167785 0.997889 0.0627483 2.0663 -0.425287 -0.0496745 0.903694 96.7854
0.905725 -0.0417295 0.421806 39.9971 0.0165145 0.997861 0.0632581 2.12246 -0.423544 -0.0503285 0.904476 97.874
0.90786 -0.0415624 0.417207 40.4925 0.0164935 0.997845 0.0635151 2.17962 -0.418948 -0.0507816 0.906589 98.9666
0.909472 -0.0417604 0.413664 40.9883 0.0167673 0.997818 0.0638681 2.24053 -0.415428 -0.0511502 0.908187 100.066
0.910766 -0.0421941 0.410762 41.4901 0.0168706 0.997738 0.0650825 2.30169 -0.412579 -0.0523451 0.909417 101.166
0.912941 -0.0424682 0.405875 41.9833 0.017005 0.997666 0.0661396 2.36351 -0.407737 -0.0534796 0.911532 102.276
0.914437 -0.0422233 0.40252 42.4811 0.0167636 0.997641 0.0665667 2.43017 -0.404382 -0.0541233 0.912987 103.385
0.916709 -0.0422521 0.397316 42.9645 0.016969 0.997613 0.066938 2.49563 -0.399196 -0.0546205 0.915237 104.506
0.918718 -0.0418076 0.392696 43.4439 0.0167669 0.997614 0.0669825 2.56228 -0.394559 -0.0549537 0.917226 105.634
0.920283 -0.041964 0.388996 43.9163 0.0171854 0.997608 0.0669627 2.62681 -0.390876 -0.0549396 0.918802 106.757
0.922397 -0.0415697 0.384 44.3887 0.0171063 0.997613 0.0669054 2.6928 -0.385865 -0.0551445 0.920905 107.895
0.923519 -0.0407008 0.381386 44.853 0.0163121 0.997622 0.0669647 2.75411 -0.383205 -0.055622 0.921987 109.025
0.924646 -0.039577 0.378766 45.3124 0.0152764 0.99764 0.0669496 2.82193 -0.380522 -0.0561185 0.923067 110.167
0.925224 -0.0390563 0.377405 45.7728 0.0145872 0.997614 0.0674785 2.88846 -0.37914 -0.0569275 0.923586 111.316
0.925449 -0.0382183 0.376939 46.229 0.0137263 0.997629 0.0674506 2.9582 -0.378623 -0.0572481 0.923779 112.456
0.926085 -0.0376513 0.375431 46.685 0.0130752 0.997614 0.0677959 3.03047 -0.377088 -0.0578759 0.924367 113.611
0.926097 -0.0378395 0.375383 47.1419 0.0128885 0.99755 0.0687585 3.09878 -0.377065 -0.0588389 0.924316 114.76
0.926768 -0.0358257 0.373922 47.6033 0.00994725 0.997433 0.0709105 3.17457 -0.375503 -0.061998 0.924745 115.932
0.927082 -0.0357804 0.373147 48.0659 0.00922274 0.99731 0.0727164 3.26038 -0.374745 -0.0639726 0.924918 117.1
0.926982 -0.036783 0.373297 48.5177 0.00995696 0.997243 0.0735382 3.3325 -0.374973 -0.0644517 0.924792 118.244
0.927447 -0.0363063 0.372188 48.9864 0.00952822 0.997247 0.0735367 3.41277 -0.373834 -0.0646551 0.925239 119.422
0.927392 -0.0386832 0.372086 49.4431 0.0117595 0.997163 0.0743584 3.496 -0.373907 -0.0645838 0.925215 120.576
0.927902 -0.0402813 0.370643 49.9068 0.0130732 0.997051 0.0756302 3.57751 -0.372596 -0.0653319 0.925691 121.752
0.927999 -0.042656 0.370133 50.3685 0.0150057 0.996898 0.077265 3.66222 -0.372281 -0.0661477 0.92576 122.929
0.927782 -0.0437922 0.370543 50.837 0.0160018 0.996845 0.0777448 3.75176 -0.372779 -0.0662009 0.925555 124.089
0.92796 -0.0453613 0.369909 51.3133 0.0179224 0.996849 0.0772813 3.82495 -0.372249 -0.0650843 0.925848 125.275
0.927651 -0.0455343 0.370661 51.7763 0.0179437 0.996827 0.0775487 3.92283 -0.373017 -0.065287 0.925525 126.442
0.927759 -0.0461674 0.370312 52.2525 0.0186471 0.996814 0.0775568 4.01536 -0.372713 -0.0650488 0.925664 127.625
0.927759 -0.0463342 0.370293 52.7253 0.0185507 0.996762 0.078245 4.102 -0.37272 -0.0657233 0.925613 128.812
0.92704 -0.0462687 0.372097 53.1887 0.0175141 0.996618 0.0802905 4.18458 -0.374554 -0.0679155 0.924714 129.991
0.927257 -0.0448634 0.371727 53.6531 0.0154907 0.996543 0.0816307 4.27554 -0.374105 -0.0699344 0.924746 131.174
0.927214 -0.0445624 0.371872 54.125 0.0150942 0.996536 0.0817822 4.36148 -0.374228 -0.0702165 0.924674 132.348
0.926643 -0.043507 0.373417 54.591 0.0139873 0.996583 0.0814025 4.45013 -0.375683 -0.0702079 0.924085 133.527
0.926856 -0.0432583 0.372916 55.0585 0.0144028 0.996705 0.0798209 4.53668 -0.375141 -0.0686114 0.924425 134.703
0.926084 -0.0431086 0.374846 55.5259 0.0147153 0.996823 0.0782831 4.61862 -0.37703 -0.0669808 0.923776 135.882
0.926408 -0.043362 0.374015 56.005 0.0157477 0.99694 0.0765756 4.69472 -0.376192 -0.0650503 0.924255 137.054
0.926414 -0.0433402 0.374004 56.4752 0.0158909 0.996969 0.0761684 4.77292 -0.376172 -0.0646202 0.924294 138.23
0.925842 -0.0440575 0.375334 56.9476 0.0162728 0.996908 0.0768786 4.85286 -0.377561 -0.0650697 0.923696 139.402
0.926445 -0.043827 0.37387 57.4169 0.0158292 0.996857 0.0776321 4.9355 -0.376097 -0.0660038 0.924226 140.581
0.926002 -0.0433435 0.375021 57.888 0.0147813 0.996788 0.0787071 5.01171 -0.377229 -0.0673397 0.923669 141.749
0.92648 -0.0429569 0.373885 58.3538 0.0143331 0.996771 0.0790051 5.09649 -0.376072 -0.0678377 0.924104 142.925
0.926662 -0.043024 0.373426 58.822 0.0142365 0.996733 0.0795095 5.17889 -0.375627 -0.0683621 0.924246 144.093
0.926392 -0.042995 0.374097 59.2836 0.0139689 0.9967 0.0799591 5.26262 -0.376301 -0.0688478 0.923936 145.267
0.927069 -0.0441966 0.372277 59.7469 0.0147263 0.996553 0.081638 5.34575 -0.374602 -0.0702018 0.924524 146.447
0.926874 -0.0442539 0.372755 60.2096 0.0143251 0.996473 0.0826825 5.43781 -0.375099 -0.0712965 0.924239 147.62
0.92748 -0.0438078 0.371296 60.6721 0.0138871 0.996463 0.0828794 5.53736 -0.373614 -0.0717128 0.924808 148.803
0.927769 -0.0434834 0.370611 61.1344 0.0136088 0.996469 0.0828471 5.62944 -0.372906 -0.0718194 0.925085 149.97
0.927691 -0.0434774 0.370808 61.5962 0.013433 0.99644 0.0832263 5.72421 -0.373107 -0.0722273 0.924973 151.141
0.928339 -0.0439481 0.369126 62.0603 0.014049 0.996426 0.0833014 5.81547 -0.371468 -0.0721461 0.925638 152.314
0.928106 -0.0432524 0.369796 62.5255 0.013379 0.996462 0.0829709 5.90387 -0.372076 -0.0720583 0.925401 153.486
0.928764 -0.0436666 0.368089 62.9886 0.013613 0.996385 0.0838532 5.99357 -0.370421 -0.0728691 0.926001 154.659
0.928995 -0.0444379 0.367413 63.4469 0.0138381 0.996242 0.0855042 6.0892 -0.369832 -0.0743487 0.926119 155.833
0.928741 -0.0444407 0.368055 63.905 0.0132919 0.996143 0.0867383 6.18477 -0.37049 -0.0756653 0.925749 157.003
0.929424 -0.0445805 0.366309 64.3655 0.013151 0.996047 0.087853 6.28762 -0.368778 -0.0768353 0.926337 158.174
0.929239 -0.0447309 0.36676 64.8246 0.0129063 0.995969 0.0887707 6.38332 -0.369252 -0.0777557 0.926071 159.344
0.929961 -0.044609 0.364941 65.2757 0.0128178 0.995942 0.0890771 6.4837 -0.367434 -0.0781605 0.926759 160.525
0.930285 -0.0442622 0.364157 65.737 0.0124313 0.995928 0.0892946 6.58453 -0.366627 -0.0785424 0.927047 161.704
0.930113 -0.0440889 0.364616 66.198 0.012116 0.995912 0.089517 6.68516 -0.367073 -0.0788433 0.926845 162.882
0.930702 -0.0443379 0.363082 66.6532 0.012366 0.995873 0.0899131 6.78069 -0.36557 -0.0791924 0.927409 164.047
0.930281 -0.0450443 0.36407 67.1181 0.01304 0.995866 0.0898928 6.87703 -0.366615 -0.0788782 0.927023 165.228
0.930664 -0.0470821 0.362833 67.5724 0.0150431 0.995771 0.0906285 6.96936 -0.365566 -0.0788865 0.927437 166.395
0.930883 -0.0481396 0.36213 68.0257 0.0148364 0.995444 0.0941908 7.0714 -0.365015 -0.0823079 0.927356 167.576
0.9306 -0.0507687 0.3625 68.4901 0.0162405 0.995086 0.0976713 7.17374 -0.365678 -0.0850057 0.926852 168.757
0.930987 -0.0504045 0.361555 68.9363 0.0157268 0.99504 0.0982231 7.2742 -0.364713 -0.0857583 0.927162 169.923
0.930654 -0.0488096 0.362629 69.3947 0.0145161 0.995208 0.0967 7.38461 -0.365611 -0.0847303 0.926903 171.097
0.93101 -0.0484068 0.361769 69.8387 0.0142707 0.995236 0.0964428 7.4927 -0.364715 -0.0846265 0.927266 172.25
0.931062 -0.0493212 0.361512 70.2848 0.0148234 0.995117 0.0975868 7.59758 -0.36456 -0.0855005 0.927246 173.41
0.930685 -0.0496446 0.362436 70.7355 0.0146582 0.995014 0.0986514 7.7041 -0.365527 -0.0865007 0.926773 174.572
0.930908 -0.0502742 0.361776 71.173 0.0147276 0.994843 0.100352 7.81635 -0.364956 -0.0880902 0.926848 175.723
0.930258 -0.0506689 0.36339 71.6179 0.0144739 0.994716 0.101644 7.9315 -0.366621 -0.0892959 0.926075 176.878
0.929998 -0.0502825 0.364107 72.0555 0.014071 0.994743 0.101432 8.03977 -0.367294 -0.0892084 0.925817 177.998
0.929328 -0.0512529 0.36568 72.5064 0.0150186 0.994748 0.101254 8.13273 -0.36895 -0.0886059 0.925216 179.139
0.928631 -0.05064 0.36753 72.9562 0.014269 0.994783 0.101013 8.24348 -0.370729 -0.0885592 0.924509 180.293
0.928365 -0.0508278 0.368176 73.3966 0.014254 0.994745 0.101386 8.34814 -0.371395 -0.0888749 0.924212 181.414
0.927549 -0.0506926 0.370245 73.8397 0.0135186 0.99466 0.102318 8.46003 -0.373456 -0.0898996 0.923282 182.556
0.92737 -0.0512611 0.370615 74.2814 0.0134989 0.994509 0.103777 8.57085 -0.373901 -0.0912366 0.92297 183.683
0.926942 -0.0510088 0.371721 74.7266 0.0127309 0.994421 0.104711 8.67839 -0.374989 -0.0923291 0.92242 184.798
0.926181 -0.051212 0.373584 75.1726 0.0125638 0.994376 0.105164 8.78226 -0.376869 -0.0927071 0.921616 185.919
0.926101 -0.0509441 0.373819 75.6131 0.0119691 0.99431 0.105852 8.88912 -0.377085 -0.0935555 0.921441 187.023
0.925391 -0.0514298 0.375508 76.0549 0.011996 0.994229 0.106608 8.99681 -0.378824 -0.0941491 0.920667 188.129
0.925413 -0.0511286 0.375495 76.493 0.0114027 0.994165 0.107267 9.10736 -0.378789 -0.0949844 0.920596 189.22
0.925156 -0.0515019 0.376075 76.9207 0.0114992 0.994101 0.107849 9.23472 -0.379411 -0.0954531 0.920291 190.296
0.924579 -0.0529216 0.377296 77.3606 0.0128105 0.994064 0.10804 9.33611 -0.380774 -0.0950585 0.919769 191.369
0.924908 -0.0534906 0.376407 77.7921 0.0131899 0.993972 0.108842 9.43565 -0.379961 -0.0957037 0.920038 192.422
0.924573 -0.0543395 0.377108 78.2226 0.0134222 0.993808 0.110295 9.53841 -0.380767 -0.0969143 0.919578 193.464
0.925086 -0.0543277 0.37585 78.6374 0.0134744 0.993787 0.110483 9.64477 -0.379518 -0.0971422 0.920071 194.489
0.92519 -0.0537781 0.375672 79.0453 0.0128609 0.993783 0.110588 9.75337 -0.379285 -0.0974839 0.920131 195.507
0.924989 -0.0537205 0.376175 79.4576 0.01293 0.993833 0.110132 9.85879 -0.379772 -0.0970074 0.91998 196.513
0.925509 -0.0541404 0.374835 79.8566 0.0133186 0.99377 0.110653 9.96105 -0.378491 -0.0974182 0.920464 197.504
0.925606 -0.0542302 0.374581 80.2536 0.0132 0.993705 0.111246 10.0603 -0.378257 -0.0980259 0.920496 198.489
0.926512 -0.054585 0.372283 80.6423 0.0135259 0.993614 0.112024 10.1649 -0.376021 -0.0987557 0.921334 199.461
0.927255 -0.055579 0.370281 81.0276 0.0141779 0.993425 0.113608 10.254 -0.374161 -0.100094 0.921946 200.423
0.9279 -0.0559313 0.368607 81.4011 0.0141575 0.993256 0.115075 10.3541 -0.372558 -0.101559 0.922435 201.379
0.92896 -0.0559156 0.365931 81.7649 0.014285 0.993205 0.115501 10.4528 -0.369904 -0.102068 0.923446 202.311
0.929662 -0.0555791 0.364196 82.1176 0.0139607 0.99316 0.115927 10.555 -0.368149 -0.102688 0.924079 203.225
0.930978 -0.0557388 0.360795 82.453 0.0142273 0.993065 0.116706 10.6648 -0.364798 -0.103518 0.925314 204.113
0.932045 -0.055583 0.358053 82.7825 0.0142883 0.993034 0.116962 10.7645 -0.36206 -0.103898 0.926347 204.984
0.932777 -0.0558009 0.356108 83.1206 0.0148002 0.993041 0.116839 10.8477 -0.36015 -0.103714 0.927111 205.851
0.934203 -0.0559145 0.352332 83.4377 0.0152603 0.993 0.117125 10.935 -0.356415 -0.104042 0.928517 206.693
0.934897 -0.0559557 0.35048 83.7465 0.015389 0.992956 0.11748 11.0166 -0.354585 -0.104438 0.929173 207.508
0.936284 -0.0550913 0.346896 84.0401 0.0148575 0.992951 0.117592 11.0994 -0.350929 -0.104945 0.930503 208.315
0.937327 -0.0549113 0.344097 84.3218 0.0149319 0.992928 0.117778 11.182 -0.348131 -0.105258 0.931518 209.096
0.937999 -0.0538131 0.342433 84.5917 0.0137919 0.992888 0.118253 11.2648 -0.346361 -0.106198 0.932071 209.865
0.938523 -0.0536653 0.341018 84.8634 0.0136224 0.992831 0.118749 11.3444 -0.344946 -0.106804 0.932526 210.606
0.938161 -0.054055 0.341952 85.1295 0.0135925 0.992725 0.119636 11.4241 -0.345932 -0.10759 0.93207 211.34
0.938241 -0.0542697 0.341699 85.3895 0.0134841 0.992607 0.120624 11.5037 -0.345719 -0.108567 0.932036 212.054
0.93813 -0.0541521 0.342021 85.6459 0.0131918 0.992569 0.120969 11.5812 -0.346031 -0.108973 0.931873 212.753
0.937773 -0.0535121 0.3431 85.8989 0.0126206 0.992654 0.120326 11.6562 -0.347019 -0.108508 0.93156 213.443
0.937778 -0.0528761 0.343184 86.1513 0.0123549 0.992793 0.119204 11.7295 -0.347015 -0.107547 0.931673 214.133
0.937117 -0.0529223 0.344978 86.4008 0.0121558 0.992786 0.11928 11.7997 -0.348802 -0.107586 0.931001 214.814
0.936857 -0.0528101 0.345702 86.6507 0.0119858 0.9928 0.119181 11.8764 -0.349507 -0.107512 0.930745 215.495
0.93623 -0.0528571 0.347389 86.8965 0.0116898 0.99276 0.119549 11.9525 -0.351193 -0.107865 0.930069 216.171
0.935435 -0.0534088 0.349439 87.15 0.0117994 0.992687 0.120137 12.0367 -0.353301 -0.108258 0.929225 216.841
0.934966 -0.0536612 0.350654 87.3912 0.0117407 0.992632 0.120599 12.1206 -0.354542 -0.10864 0.928707 217.505
0.934072 -0.0535021 0.353052 87.6367 0.0112507 0.99263 0.120659 12.2026 -0.356906 -0.108732 0.927791 218.166
0.933397 -0.0529688 0.354912 87.8876 0.0105321 0.992664 0.120451 12.2664 -0.358689 -0.108691 0.927108 218.807
0.932188 -0.054589 0.357833 88.1462 0.0113046 0.992471 0.121956 12.3374 -0.361797 -0.109641 0.925787 219.455
0.930872 -0.0555892 0.361089 88.4033 0.0115208 0.992332 0.123068 12.3967 -0.365162 -0.110401 0.924375 220.112
0.930029 -0.0559924 0.363195 88.6561 0.0115074 0.992277 0.123509 12.4584 -0.367306 -0.110687 0.923491 220.757
0.928792 -0.0565874 0.366253 88.9112 0.0115428 0.992212 0.124028 12.5326 -0.37042 -0.110969 0.922212 221.403
0.927877 -0.0571415 0.368481 89.1613 0.0116729 0.992156 0.124463 12.6113 -0.372703 -0.111185 0.921266 222.043
0.926828 -0.0565521 0.371202 89.411 0.0106445 0.992153 0.124576 12.6947 -0.375335 -0.111509 0.920157 222.682
0.925522 -0.0570484 0.374371 89.6671 0.0106658 0.992123 0.124816 12.7782 -0.378543 -0.111527 0.91884 223.332
0.924561 -0.0570804 0.376733 89.9252 0.00991359 0.991985 0.12597 12.8598 -0.380904 -0.112732 0.917716 223.976
0.923381 -0.0574007 0.379566 90.1885 0.00967568 0.991924 0.126467 12.9459 -0.383761 -0.113105 0.91648 224.621
0.922646 -0.0573874 0.381353 90.4534 0.00921118 0.991863 0.126974 13.0281 -0.385537 -0.113639 0.915668 225.267
0.921547 -0.0572461 0.384023 90.7228 0.00881326 0.9919 0.126713 13.115 -0.388167 -0.113387 0.914587 225.917
0.921081 -0.0560502 0.385314 90.9903 0.00791533 0.992076 0.125392 13.2004 -0.389289 -0.112447 0.914226 226.567
0.920529 -0.0566667 0.386541 91.2643 0.00866102 0.992142 0.124821 13.2835 -0.390578 -0.111554 0.913786 227.217
0.920182 -0.0569276 0.387328 91.5419 0.00871801 0.992106 0.125103 13.3679 -0.391392 -0.111741 0.913415 227.879
0.920304 -0.0576667 0.386929 91.8245 0.0093482 0.992035 0.125615 13.4541 -0.391092 -0.111987 0.913513 228.545
0.920008 -0.056527 0.3878 92.1062 0.007928 0.992025 0.125792 13.5375 -0.391819 -0.112656 0.913119 229.214
0.920025 -0.0568005 0.387721 92.3929 0.00810038 0.991984 0.126103 13.6333 -0.391776 -0.112877 0.91311 229.885
0.919773 -0.0573054 0.388242 92.6817 0.00871364 0.99202 0.125781 13.7309 -0.392353 -0.112307 0.912933 230.562
0.91932 -0.0586398 0.389117 92.9746 0.00968116 0.991906 0.126607 13.8296 -0.393392 -0.112626 0.912446 231.246
0.919231 -0.0590628 0.389263 93.2651 0.0102551 0.991941 0.12629 13.9148 -0.393586 -0.112097 0.912428 231.928
0.918601 -0.0584293 0.390842 93.5605 0.00782988 0.991506 0.129823 13.9862 -0.395109 -0.116196 0.911256 232.619
0.918584 -0.0544028 0.391464 93.8462 0.00103486 0.990809 0.135267 14.0623 -0.395225 -0.123849 0.910197 233.296
0.918087 -0.0552815 0.392504 94.1533 0.00100357 0.990548 0.137164 14.1396 -0.396378 -0.125535 0.909465 234.013
0.917042 -0.0553115 0.394936 94.4676 0.000908995 0.990622 0.136628 14.241 -0.39879 -0.124934 0.908492 234.742
0.915442 -0.0527673 0.398975 94.7743 -0.000513865 0.991213 0.132274 14.3324 -0.40245 -0.121294 0.907371 235.462
0.913607 -0.0493773 0.403587 95.0877 -0.00413656 0.991419 0.13066 14.4254 -0.406576 -0.121042 0.905563 236.2
0.912565 -0.0492568 0.405953 95.4129 -0.00507638 0.991278 0.13169 14.5254 -0.408899 -0.122236 0.904356 236.942
0.911244 -0.0510232 0.408694 95.7533 -0.00455987 0.990987 0.133886 14.6274 -0.411842 -0.123866 0.902797 237.696
0.909584 -0.0553384 0.411817 96.1004 -0.00200333 0.990497 0.137524 14.7322 -0.415514 -0.125915 0.900829 238.452
0.908515 -0.0577665 0.41384 96.4475 -0.000468038 0.990257 0.139254 14.845 -0.417853 -0.126708 0.899636 239.207
0.906942 -0.0579385 0.417251 96.7942 -0.0014085 0.990074 0.140541 14.9447 -0.421252 -0.12805 0.897858 239.96
0.906211 -0.0560013 0.419101 97.1453 -0.00336655 0.990204 0.139593 15.0545 -0.422813 -0.127912 0.897144 240.72
0.905122 -0.0550864 0.421567 97.495 -0.00451733 0.990269 0.139098 15.1569 -0.425128 -0.127805 0.896065 241.471
0.903721 -0.0556649 0.424487 97.8464 -0.00476346 0.990143 0.139983 15.2714 -0.428096 -0.128528 0.894547 242.228
0.902737 -0.0560737 0.426522 98.2046 -0.0054381 0.989902 0.14165 15.3842 -0.430158 -0.130192 0.893316 242.988
0.90118 -0.0557905 0.429837 98.5604 -0.00730751 0.989586 0.143763 15.4921 -0.433382 -0.132698 0.891387 243.749
0.900117 -0.0559635 0.432037 98.9219 -0.00804659 0.98941 0.144927 15.6043 -0.435573 -0.133928 0.890135 244.506
0.898908 -0.0559115 0.434553 99.2804 -0.00864188 0.989369 0.145173 15.7193 -0.438051 -0.134253 0.888869 245.251
0.897516 -0.0573752 0.437231 99.6467 -0.00740938 0.989398 0.145042 15.8317 -0.440918 -0.133417 0.887576 246.004
0.896877 -0.0595853 0.438248 100.026 -0.00596791 0.989163 0.146702 15.9425 -0.44224 -0.134189 0.886801 246.749
0.89616 -0.0601839 0.439629 100.409 -0.00589978 0.989056 0.147425 16.0493 -0.443691 -0.13471 0.885997 247.511
0.896043 -0.0604742 0.439829 100.778 -0.00584827 0.988986 0.147895 16.1582 -0.443929 -0.135093 0.88582 248.267
0.895795 -0.0605019 0.440328 101.154 -0.00610761 0.988923 0.148305 16.2679 -0.444424 -0.13554 0.885503 249.03
0.89559 -0.0607525 0.440711 101.529 -0.00623015 0.988823 0.148971 16.3807 -0.444836 -0.136163 0.885201 249.796
0.8959 -0.0602546 0.44015 101.902 -0.00717122 0.98867 0.149941 16.4948 -0.444198 -0.137489 0.885316 250.559
0.895937 -0.0611533 0.43995 102.275 -0.00649512 0.988568 0.150639 16.6131 -0.444133 -0.13782 0.885297 251.322
0.896702 -0.0609116 0.438423 102.647 -0.00651219 0.988564 0.150664 16.7286 -0.442587 -0.137956 0.88605 252.088
0.897362 -0.0610144 0.437055 103.018 -0.00635895 0.988506 0.151055 16.8453 -0.441248 -0.13833 0.886659 252.854
0.897793 -0.0604482 0.436249 103.39 -0.00712846 0.988413 0.151628 16.9658 -0.44036 -0.139241 0.886958 253.625
0.898704 -0.0595005 0.434499 103.755 -0.00786125 0.988409 0.151613 17.0787 -0.438485 -0.139671 0.887819 254.383
0.89939 -0.0591968 0.43312 104.119 -0.00846773 0.988244 0.152652 17.1945 -0.437065 -0.140961 0.888315 255.144
0.900829 -0.0597608 0.43004 104.485 -0.00799548 0.988031 0.154051 17.3148 -0.4341 -0.142212 0.889569 255.909
0.90254 -0.0613054 0.426218 104.847 -0.00676869 0.987672 0.156395 17.4369 -0.430552 -0.144038 0.890998 256.674
0.904186 -0.0634678 0.422395 105.205 -0.00475176 0.987344 0.158527 17.5579 -0.427111 -0.145345 0.892441 257.427
0.906278 -0.0643505 0.417754 105.549 -0.00371885 0.987092 0.160118 17.6838 -0.422665 -0.146665 0.89434 258.176
0.907909 -0.0650531 0.414087 105.888 -0.00278778 0.986925 0.161159 17.8068 -0.419157 -0.147472 0.895857 258.917
0.9099 -0.0658327 0.409568 106.219 -0.00147562 0.986808 0.161895 17.9306 -0.414823 -0.147912 0.897799 259.651
0.91169 -0.066795 0.405411 106.539 -2.15747e-06 0.986697 0.162572 18.044 -0.410877 -0.148216 0.899562 260.368
0.912979 -0.0670048 0.402466 106.851 0.000597306 0.986642 0.162907 18.1482 -0.408006 -0.14849 0.900823 261.074
0.914749 -0.0667938 0.398461 107.156 0.000878902 0.986567 0.16336 18.2591 -0.40402 -0.149083 0.90252 261.776
0.916002 -0.0666809 0.395592 107.448 0.00130141 0.986579 0.163284 18.3682 -0.401171 -0.149054 0.903795 262.451
0.917522 -0.0674788 0.391918 107.735 0.00273314 0.986547 0.163461 18.4835 -0.397675 -0.148908 0.905362 263.125
0.919101 -0.0679662 0.388114 108.012 0.00382469 0.986504 0.163698 18.5891 -0.394002 -0.148971 0.906956 263.775
0.920844 -0.0668427 0.384159 108.267 0.00342017 0.986545 0.163458 18.6885 -0.389916 -0.149206 0.908682 264.4
0.923504 -0.0661611 0.377837 108.522 0.00423193 0.986711 0.162434 18.7988 -0.383563 -0.148409 0.911512 265.021
0.926363 -0.0652012 0.370944 108.754 0.0047273 0.986837 0.161652 18.9047 -0.376601 -0.147995 0.914477 265.615
0.93028 -0.0654759 0.360959 108.98 0.00671341 0.986818 0.161701 18.9981 -0.366789 -0.148004 0.918456 266.203
0.934913 -0.0652603 0.348823 109.192 0.00837298 0.986729 0.162163 19.0866 -0.354776 -0.148688 0.923052 266.783
0.940391 -0.0650538 0.333814 109.386 0.0104316 0.986592 0.16288 19.1737 -0.339935 -0.149689 0.92846 267.349
0.946975 -0.0632906 0.315012 109.572 0.0115422 0.986477 0.1635 19.2532 -0.3211 -0.151195 0.934898 267.93
0.953733 -0.0623652 0.294114 109.729 0.0141304 0.986467 0.163354 19.335 -0.300322 -0.15164 0.941707 268.482
0.961048 -0.0610385 0.269554 109.879 0.0169095 0.986467 0.16309 19.4162 -0.275861 -0.15218 0.949074 269.045
0.968144 -0.0605891 0.24295 110.008 0.0207914 0.986384 0.163141 19.4963 -0.249527 -0.152893 0.956222 269.586
0.975122 -0.0603022 0.213307 110.107 0.0252909 0.986269 0.163204 19.5741 -0.22022 -0.153749 0.963257 270.112
0.981881 -0.0605433 0.179564 110.197 0.0309641 0.986113 0.16317 19.6512 -0.186949 -0.154653 0.97012 270.657
0.987827 -0.0604306 0.143337 110.257 0.0366797 0.985962 0.162896 19.7261 -0.151169 -0.155656 0.976176 271.171
0.992575 -0.060486 0.105524 110.295 0.0427288 0.985688 0.163079 19.8002 -0.113878 -0.157359 0.980954 271.675
0.996094 -0.0597707 0.064978 110.319 0.0485041 0.985447 0.162919 19.867 -0.0737705 -0.159131 0.984497 272.198
0.997945 -0.0597181 0.023215 110.313 0.0551889 0.985244 0.16202 19.9346 -0.0325483 -0.160406 0.986514 272.685
0.997968 -0.060251 -0.0207198 110.287 0.0628026 0.985037 0.1605 20.0053 0.0107392 -0.161475 0.986818 273.186
0.996015 -0.0597879 -0.0661765 110.243 0.0696736 0.984836 0.158889 20.0669 0.055673 -0.162867 0.985076 273.668
0.99164 -0.0608079 -0.113805 110.174 0.0782511 0.984701 0.155699 20.1272 0.102596 -0.163303 0.981227 274.133
0.984752 -0.0612666 -0.162814 110.076 0.0865084 0.984468 0.152778 20.1878 0.150925 -0.164533 0.974757 274.607
0.975043 -0.061841 -0.213225 109.955 0.0949261 0.984332 0.148599 20.2447 0.200694 -0.165132 0.965636 275.06
0.962513 -0.0610408 -0.264275 109.821 0.101974 0.984303 0.144049 20.3012 0.251334 -0.165599 0.953629 275.488
0.946711 -0.0614928 -0.316158 109.651 0.110149 0.984233 0.1384 20.3545 0.302662 -0.16585 0.938557 275.929
0.927135 -0.0635811 -0.369293 109.472 0.120615 0.983689 0.133452 20.401 0.354784 -0.16827 0.919681 276.33
0.903033 -0.0670481 -0.424306 109.256 0.13357 0.982608 0.129001 20.4455 0.408277 -0.173167 0.896283 276.747
0.87483 -0.0672491 -0.479738 109.022 0.142955 0.982054 0.123023 20.4835 0.462855 -0.176205 0.868744 277.126
0.843036 -0.0646349 -0.533958 108.774 0.148657 0.982083 0.115827 20.5202 0.516904 -0.177023 0.83754 277.46
0.808102 -0.0587889 -0.586101 108.485 0.150524 0.982582 0.108981 20.5555 0.569485 -0.17629 0.802875 277.803
0.769839 -0.0540444 -0.635945 108.187 0.152645 0.983083 0.101238 20.5838 0.619715 -0.175011 0.765065 278.105
0.728583 -0.0522073 -0.682965 107.888 0.157244 0.983211 0.0925885 20.6045 0.666664 -0.174851 0.72456 278.371
0.684434 -0.0512813 -0.727268 107.555 0.16252 0.983156 0.0836238 20.6312 0.710729 -0.175431 0.68124 278.637
0.638448 -0.0495164 -0.76807 107.239 0.167737 0.982894 0.0760637 20.6461 0.751164 -0.177397 0.635832 278.872
0.590327 -0.0474214 -0.80577 106.88 0.171867 0.982766 0.0680763 20.666 0.788654 -0.178673 0.588303 279.09
0.538388 -0.0452845 -0.841479 106.516 0.175974 0.982583 0.059712 20.6685 0.824118 -0.180226 0.53698 279.285
0.482731 -0.0421689 -0.874752 106.144 0.177772 0.982764 0.0507276 20.6866 0.857536 -0.179995 0.481907 279.463
0.425393 -0.0394833 -0.904146 105.729 0.180615 0.982655 0.0420663 20.689 0.886802 -0.181198 0.425146 279.615
0.364557 -0.0348059 -0.93053 105.305 0.182171 0.982658 0.034614 20.688 0.913188 -0.182134 0.364575 279.739
0.300798 -0.0293983 -0.953234 104.871 0.183247 0.982682 0.0275182 20.6864 0.935917 -0.182955 0.300976 279.847
0.236727 -0.0237356 -0.971286 104.41 0.18329 0.982843 0.0206545 20.6774 0.95413 -0.182917 0.237016 279.922
0.170933 -0.0184645 -0.985109 103.939 0.183843 0.982864 0.0134774 20.6719 0.967979 -0.183409 0.171398 279.979
0.105383 -0.0143872 -0.994327 103.445 0.184344 0.982848 0.00531649 20.6651 0.977196 -0.183859 0.106228 280.003
0.04052 -0.012239 -0.999103 102.949 0.183982 0.98292 -0.00457907 20.654 0.982094 -0.183632 0.04208 279.997
-0.0237412 -0.0117704 -0.999648 102.447 0.1827 0.983041 -0.0159139 20.6325 0.982882 -0.183014 -0.0211878 279.963
-0.0852666 -0.011029 -0.996297 101.915 0.1807 0.983186 -0.0263489 20.6063 0.979835 -0.182278 -0.0818396 279.894
-0.14408 -0.0104491 -0.98951 101.388 0.178119 0.983339 -0.0363194 20.5841 0.973403 -0.181484 -0.139818 279.796
-0.198464 -0.00982531 -0.980059 100.834 0.175207 0.983488 -0.0453395 20.5505 0.964321 -0.180712 -0.193465 279.664
-0.247825 -0.00836764 -0.968768 100.255 0.171719 0.983751 -0.0524251 20.5145 0.953465 -0.179348 -0.242361 279.503
-0.29412 -0.00666282 -0.955745 99.6712 0.169861 0.983694 -0.0591304 20.4748 0.940554 -0.179735 -0.288192 279.308
-0.341448 -0.000573872 -0.9399 99.056 0.171374 0.9832 -0.0628573 20.4205 0.924145 -0.182537 -0.335613 279.097
-0.388505 0.00423824 -0.921437 98.4407 0.170612 0.983031 -0.0674134 20.366 0.905514 -0.183399 -0.382635 278.841
-0.433234 0.00475832 -0.901269 97.8166 0.166862 0.983123 -0.0750188 20.3179 0.885701 -0.182888 -0.426716 278.537
-0.475059 0.00277869 -0.879949 97.2051 0.160834 0.983425 -0.0837239 20.2549 0.865131 -0.181299 -0.467631 278.184
-0.514302 -0.000208738 -0.857609 96.5788 0.155184 0.983471 -0.0933022 20.1736 0.843452 -0.181073 -0.505768 277.802
-0.551186 -0.0045519 -0.83437 95.958 0.147645 0.983674 -0.102901 20.112 0.821216 -0.179909 -0.541514 277.379
-0.585695 -0.00505042 -0.810515 95.3383 0.142673 0.983726 -0.109228 20.0117 0.797876 -0.179613 -0.575442 276.925
-0.619431 -0.00612203 -0.785026 94.6911 0.136129 0.983985 -0.115087 19.9172 0.773158 -0.178154 -0.608677 276.422
-0.651305 -0.00753475 -0.758778 94.0726 0.128405 0.984437 -0.119993 19.8086 0.747873 -0.175583 -0.6402 275.88
-0.682714 -0.00756194 -0.730646 93.4473 0.12246 0.98462 -0.124616 19.6926 0.720351 -0.174552 -0.671287 275.291
-0.712474 -0.00559768 -0.701676 92.8345 0.11875 0.984584 -0.128432 19.579 0.691578 -0.174829 -0.700825 274.673
-0.741118 -0.00262509 -0.671369 92.2138 0.11509 0.984694 -0.130897 19.4492 0.661437 -0.174278 -0.729471 274.014
-0.767637 -0.00241067 -0.64088 91.613 0.10829 0.985128 -0.133413 19.3198 0.63167 -0.171814 -0.755958 273.302
-0.791352 0.0015262 -0.611358 91.0381 0.105487 0.985341 -0.134084 19.1884 0.602191 -0.170598 -0.779912 272.564
-0.814106 0.00177858 -0.580714 90.4662 0.0998883 0.985521 -0.137015 19.0522 0.572061 -0.169552 -0.802495 271.777
-0.833799 -0.000650936 -0.552067 89.919 0.0929711 0.985553 -0.141578 18.9119 0.544183 -0.169374 -0.821692 270.964
-0.852448 -0.00219677 -0.522806 89.3805 0.0865206 0.985611 -0.145215 18.757 0.515603 -0.169022 -0.839991 270.11
-0.868783 -0.00249258 -0.495187 88.8606 0.0808413 0.985859 -0.146795 18.6008 0.48855 -0.167564 -0.856295 269.213
-0.883428 -0.00275583 -0.468558 88.3694 0.0756404 0.986029 -0.148413 18.4415 0.462421 -0.166554 -0.870877 268.284
-0.897019 -0.00355602 -0.441976 87.881 0.07021 0.986125 -0.15043 18.2827 0.436379 -0.165969 -0.884323 267.316
-0.908419 -0.00398227 -0.418041 87.4145 0.0652136 0.986365 -0.151108 18.0997 0.412943 -0.164531 -0.895772 266.311
-0.918932 -0.00495459 -0.394384 86.9659 0.0595919 0.986699 -0.151247 17.9283 0.389888 -0.162488 -0.906413 265.279
-0.927639 -0.00523481 -0.37344 86.5281 0.0551844 0.987006 -0.150916 17.7468 0.369377 -0.160604 -0.915296 264.21
-0.935421 -0.00655984 -0.353473 86.116 0.0503793 0.987152 -0.151642 17.5618 0.349927 -0.159657 -0.923071 263.126
-0.94117 -0.0101972 -0.337779 85.7161 0.0442377 0.987227 -0.153065 17.3719 0.335025 -0.159003 -0.928696 262.01
-0.945028 -0.0136211 -0.326705 85.3261 0.0390815 0.987266 -0.154208 17.1857 0.324645 -0.158499 -0.932461 260.876
-0.947728 -0.0151448 -0.318719 84.9419 0.0354884 0.987674 -0.152458 16.9947 0.3171 -0.1558 -0.935507 259.723
-0.948553 -0.016772 -0.316173 84.5583 0.0329185 0.987961 -0.151167 16.7972 0.314902 -0.153798 -0.93658 258.55
-0.948975 -0.0185742 -0.314802 84.1662 0.0308483 0.988009 -0.151288 16.5956 0.313838 -0.153279 -0.937022 257.364
-0.948137 -0.0194803 -0.317264 83.7669 0.0302666 0.988053 -0.151118 16.4001 0.316418 -0.152883 -0.936219 256.146
-0.947688 -0.0186872 -0.31865 83.3575 0.0311174 0.988122 -0.150493 16.209 0.317678 -0.152536 -0.935849 254.919
-0.946893 -0.0191803 -0.320976 82.9446 0.030611 0.98831 -0.149361 16.0035 0.320089 -0.151254 -0.935235 253.682
-0.945233 -0.0199553 -0.325787 82.5262 0.0303442 0.988435 -0.148584 15.7998 0.324984 -0.150332 -0.933694 252.446
-0.943875 -0.0200108 -0.329696 82.0996 0.0301623 0.988772 -0.146363 15.6011 0.328924 -0.148093 -0.932672 251.198
-0.941659 -0.0191123 -0.336026 81.6488 0.0314269 0.989033 -0.144322 15.3939 0.335099 -0.146463 -0.930729 249.951
-0.940324 -0.0191334 -0.339741 81.2036 0.0312911 0.989327 -0.142323 15.1857 0.338838 -0.144461 -0.929688 248.708
-0.938702 -0.0198146 -0.34416 80.7499 0.031033 0.989437 -0.141608 14.9837 0.343331 -0.143608 -0.92817 247.461
-0.93671 -0.0205354 -0.349503 80.2874 0.030982 0.989501 -0.141174 14.7811 0.348732 -0.143068 -0.926238 246.213
-0.935318 -0.0222337 -0.353107 79.8253 0.0297657 0.989542 -0.141151 14.5776 0.352553 -0.142532 -0.924873 244.966
-0.933073 -0.0228334 -0.358962 79.3476 0.0297852 0.989652 -0.140374 14.3738 0.358452 -0.141671 -0.922736 243.718
-0.931708 -0.021714 -0.362559 78.8707 0.0306812 0.989939 -0.138133 14.1839 0.361911 -0.139824 -0.921667 242.469
-0.929998 -0.0196915 -0.367037 78.3797 0.0328459 0.990118 -0.136344 13.9853 0.366095 -0.138856 -0.920159 241.219
-0.928174 -0.0189148 -0.371665 77.8848 0.0340916 0.990188 -0.135531 13.7859 0.370582 -0.138467 -0.91842 239.975
-0.927259 -0.01827 -0.373974 77.3873 0.0349118 0.99024 -0.134939 13.6015 0.372789 -0.13818 -0.91757 238.726
