0.999035 -0.000203507 0.0439452 0.035023 0.000180021 1 0.000539464 -0.00830264 -0.0439451 -0.000530935 0.999034 0.997256
0.998912 -1.14481e-05 0.0466129 0.0355242 -4.76613e-05 0.999999 0.00126436 -0.010825 -0.0466132 -0.00126525 0.998912 1.02528
0.999005 -0.000753524 0.0446157 0.0354859 0.000883348 0.999995 -0.00288444 -0.0107071 -0.0446128 0.0029209 0.999 0.969236
0.998828 0.00545428 0.0481061 0.0171977 -0.00546938 0.999987 0.000176237 -0.00362529 -0.0481048 -0.000438798 0.998843 1.02388
0.99895 -0.000714028 0.0458091 0.0328189 0.000632183 0.999995 0.00180339 -0.0268361 -0.0458099 -0.00177278 0.998947 0.969784
0.998885 -0.000151565 0.0471974 0.0348366 0.00015704 1 -0.000115874 -0.00566563 -0.0471978 0.000123409 0.998887 0.9863
0.998856 -0.000856087 0.0477814 0.0355305 0.000962308 0.999997 -0.00219733 -0.0359417 -0.0477792 0.00224055 0.998855 1.03067
0.999042 -0.00093665 0.0437916 0.0313211 0.000977064 1 -0.000904688 -0.0286262 -0.0437906 0.000946774 0.999041 0.953949
0.998926 3.11393e-05 0.0463263 0.0240754 -3.74916e-05 0.999999 0.000141077 0.0202258 -0.0463262 -0.000143027 0.998926 0.988818
0.998868 -0.000173469 0.0475812 0.0333315 0.000125949 1 0.000994826 -0.00901536 -0.0475813 -0.000987268 0.998867 1.00871
0.99894 -0.000229014 0.0460171 0.0231241 0.000194271 1 0.000763308 -0.00833027 -0.0460171 -0.000753963 0.99894 0.959203
0.998831 2.76952e-05 0.0483496 0.0287786 -4.41247e-05 1 0.000334084 0.000254496 -0.0483497 -0.000335392 0.998831 0.996846
0.998936 4.50426e-05 0.0461382 0.0259023 -5.95071e-05 1 0.000317308 -0.010993 -0.0461377 -0.000320222 0.998935 0.953659
0.99889 -0.000235569 0.047078 0.0417747 0.000211479 1 0.000509651 -0.0204094 -0.0470785 -0.000498616 0.998891 0.971836
0.998854 -0.000115062 0.0478885 0.0298903 0.000140051 0.999998 -0.000508694 0.0171226 -0.0478877 0.000514103 0.998851 0.990216
0.998971 -0.00513928 0.0450704 0.0384472 0.00515154 0.99999 -0.000162912 -0.0156021 -0.0450695 0.000395668 0.998987 0.942057
0.998909 -0.000257147 0.0466852 0.0269093 0.000257374 0.999996 5.38162e-06 0.00956201 -0.0466846 5.82652e-06 0.998907 0.959879
0.998875 -5.10842e-05 0.0474401 0.0368208 4.10618e-05 1 0.000210498 0.00140851 -0.0474407 -0.000207511 0.998878 0.974521
0.998918 -0.00429658 0.0462932 0.030624 0.00438223 0.999984 -0.00174733 -0.0134247 -0.0462847 0.00194757 0.998923 0.955468
0.998858 -0.000369364 0.0477935 0.0367676 0.000363817 1 0.000124518 0.00972146 -0.0477938 -0.000106245 0.998861 0.967994
0.999002 -0.00428305 0.0444622 0.0312713 0.00437983 0.999985 -0.00207477 0.000406168 -0.0444524 0.00226662 0.999006 0.946434
0.998926 -0.000269657 0.0463517 0.0314984 0.000495364 0.99999 -0.00486087 -0.0213053 -0.0463501 0.00487947 0.998915 0.94456
0.99898 -0.00131481 0.0451348 0.0250291 0.00138047 0.999997 -0.00141927 -0.00927907 -0.0451327 0.00147926 0.998979 0.959225
0.999044 -0.000207716 0.043729 0.0336701 0.000197391 1 0.000237673 -0.0191737 -0.0437293 -0.000227992 0.999044 0.968727
0.999163 -0.00134991 0.0408769 0.0312272 0.00134712 0.999998 9.8171e-05 -0.0248305 -0.0408766 -4.36491e-05 0.999164 0.958982
0.999221 -0.000251419 0.0394851 0.0276529 0.000230945 1 0.000520103 0.00256027 -0.0394855 -0.000510044 0.99922 0.993568
0.999341 0.000122418 0.0362604 0.0316121 -0.000144811 0.999999 0.000617685 0.00319991 -0.03626 -0.000623082 0.999342 0.979044
0.999347 -0.000175118 0.0361988 0.0319966 0.000129863 1 0.00124865 -0.00671635 -0.0361993 -0.00124256 0.999346 0.996693
0.999432 -0.00035994 0.0336369 0.0233131 0.000357109 0.999999 9.41248e-05 -0.00657931 -0.0336367 -8.26392e-05 0.999433 0.988733
0.999426 0.00305791 0.0338127 0.0255639 -0.00300715 0.999995 -0.0015563 -0.00712198 -0.0338176 0.00145417 0.999429 1.00123
0.999471 0.000373025 0.0324469 0.0265519 -0.000363892 0.999998 -0.000286373 -0.00128277 -0.0324469 0.000273966 0.99947 1.02395
0.99955 -0.000380277 0.0300956 0.0162991 0.000360598 1 0.000655073 -0.0199703 -0.0300961 -0.000643595 0.999551 0.996138
0.999514 -0.000349856 0.0310892 0.0220596 0.000330786 0.999998 0.000621568 -0.0105996 -0.0310891 -0.000611271 0.999513 1.01794
0.999503 -0.000133315 0.0316564 0.0183928 9.88508e-05 1 0.00108464 0.0116484 -0.031657 -0.00108073 0.999502 1.06369
0.999581 7.93501e-05 0.0288446 0.0227193 -9.93804e-05 0.999999 0.000698302 -0.0113038 -0.0288441 -0.000701184 0.99958 1.04528
0.999611 -7.82076e-05 0.0280072 0.0219335 6.10821e-05 1 0.000605186 -0.0166795 -0.0280075 -0.000602935 0.999612 1.07939
0.999705 -0.000180317 0.0241279 0.0208832 0.000162295 1 0.000758331 -0.0193837 -0.0241278 -0.000754327 0.999704 1.07123
0.999726 -0.00604017 0.0228231 0.0121971 0.00605475 0.999982 -0.000582087 0.00323813 -0.0228194 0.000720189 0.999745 1.08937
0.999736 -0.00637128 0.0219052 0.0232788 0.00635964 0.99998 0.000610654 -0.00904222 -0.0219085 -0.000471473 0.999754 1.12574
0.999837 -0.0062027 0.0172279 0.0318186 0.00619108 0.99998 0.000713396 0.00985374 -0.0172322 -0.000606309 0.999857 1.10871
0.99987 -0.000325385 0.0157944 0.0153829 0.000321208 1 0.000284201 -0.00550033 -0.0157944 -0.000279347 0.999869 1.12676
0.999882 -0.000426969 0.015665 0.0138781 0.000414261 0.999999 0.000795841 -0.00811034 -0.0156655 -0.000789015 0.999883 1.14346
0.999918 -8.02744e-05 0.0123906 0.0136026 7.36639e-05 1 0.000560244 0.00766551 -0.0123905 -0.000559477 0.999917 1.13897
0.999931 3.64826e-05 0.0122439 0.00494352 -3.38838e-05 1 -0.000238057 -0.00115033 -0.0122441 0.000237816 0.999931 1.14556
0.999917 9.86241e-05 0.0124854 -0.00202857 -9.009e-05 1 -0.000656403 -0.00308056 -0.0124853 0.000655054 0.999917 1.16311
0.999961 8.54378e-05 0.00943113 0.00401537 -8.73066e-05 1 0.00015597 -0.00484007 -0.00943138 -0.000156686 0.999961 1.16968
0.999942 3.37927e-05 0.0102322 -0.00599929 -2.73054e-05 1 -0.000594356 -0.00555184 -0.0102318 0.00059383 0.999942 1.21597
0.999983 0.00025042 0.00673944 0.00778765 -0.000248302 1 -0.000371465 0.00196116 -0.00673987 0.000369901 0.999983 1.22061
0.999976 0.000154729 0.00617385 0.000944431 -0.000152977 1 -0.00023044 0.0011789 -0.00617357 0.000229364 0.999976 1.25148
0.999987 7.52656e-05 0.00623228 -0.00635211 -7.54106e-05 1 -3.89464e-05 -0.0104554 -0.0062326 3.85558e-05 0.999987 1.27894
0.999988 0.000209952 0.0034703 0.0020517 -0.000207323 1 -0.000649638 0.00496091 -0.00347013 0.000648802 0.999989 1.28906
0.999999 -0.000124975 0.0039629 0.00133434 0.000124616 1 4.91274e-06 -0.00745426 -0.00396319 -4.14107e-06 0.999998 1.32198
0.999985 -5.21111e-05 0.00410127 -0.0073807 5.1855e-05 1 0.000144806 0.000248882 -0.00410101 -0.000144863 0.999986 1.34464
1.00001 -0.000146841 0.00122159 -0.000444827 0.000143409 0.999997 0.0025239 0.00414465 -0.00122225 -0.00252341 1 1.35986
0.999992 3.34776e-05 0.00210924 -0.00338024 -3.41084e-05 1 0.000494052 0.000720497 -0.00210893 -0.000494463 0.999992 1.38366
1 -0.00041892 0.00357057 -0.0148281 0.000414578 1 0.0010903 -0.0111519 -0.00357125 -0.00108828 1 1.41031
0.999994 0.000202679 -0.000442735 -0.0014161 -0.000202028 0.999999 0.000377355 0.0084775 0.000443054 -0.000377786 0.999993 1.4262
1 -0.000202692 0.00195367 0.00142641 0.000200338 1 0.000966756 -0.0163173 -0.0019541 -0.000965722 1 1.45263
0.999993 0.000316442 -0.00151568 -0.00325775 -0.000316392 0.999999 -0.000249692 0.00871776 0.00151591 0.00024946 0.999993 1.46606
1.00001 5.87934e-05 -0.000436631 -0.00933696 -5.92624e-05 1 -0.000251327 -0.00402165 0.000436267 0.000252263 1.00001 1.4871
0.999994 -9.3567e-05 0.000508163 -0.00867903 9.37207e-05 1 0.000424246 -0.000577909 -0.000507857 -0.000425077 0.999993 1.50176
1 0.000205563 -0.00258917 -0.00536207 -0.000203757 1 0.000848726 0.00497983 0.00258902 -0.000847307 1 1.53794
0.999993 -0.000561837 -0.00110873 -0.000376349 0.000561922 1 -0.000349687 -0.00886816 0.0011092 0.000347983 0.999993 1.55254
1.00001 0.000140647 0.00100846 0.0084423 -0.000140616 1 -0.000594909 -0.000247318 -0.0010088 0.000595879 1.00001 1.56209
0.999991 -0.000427432 -0.0024519 -0.00522648 0.000428015 1 1.94419e-05 -0.00602983 0.00245231 -2.16657e-05 0.999991 1.60617
1.00001 0.000108875 0.00120379 -0.00394262 -0.000109135 1 -0.000267646 0.00336768 -0.00120429 0.000268939 1.00001 1.59916
0.999993 -0.000865616 -0.000403849 -0.00371158 0.000867116 0.999998 0.00228812 -0.00108263 0.000402307 -0.00228997 0.999992 1.66321
1 -0.00165306 -0.00111216 -0.000152885 0.00165442 0.999996 0.00175271 0.00356965 0.00110884 -0.00175307 1 1.64789
0.999993 -0.000967511 0.00122545 -0.00561645 0.000968295 1 -0.000100086 -0.0110018 -0.00122493 9.98189e-05 0.999995 1.65213
1 -0.000380717 -0.0021273 -0.00511798 0.000380119 0.999999 2.90812e-05 -0.00117861 0.00212702 -2.85737e-05 1 1.68069
0.999993 0.000260284 -0.000546081 -0.0114873 -0.000259654 1 2.29781e-05 0.00440379 0.000546384 -2.40867e-05 0.999994 1.69199
1.00001 -0.000606831 0.00163283 -0.0145327 0.000605342 0.999999 0.000574626 -0.00678218 -0.00163339 -0.000572491 1 1.6916
0.999992 0.000360495 -0.00159857 -0.00186864 -0.000358281 1 0.00101372 0.00682985 0.00159916 -0.00101437 0.999994 1.73224
1.00001 -0.00137627 0.00134569 -0.00735999 0.00137457 0.999999 0.000853328 -0.0195383 -0.00134713 -0.000850356 1 1.717
0.999991 -0.000711629 -0.00144517 -0.00511694 0.000712163 1 -5.72769e-05 0.00143669 0.00144535 5.51314e-05 0.999995 1.76566
1.00001 -0.000437434 0.00081556 -0.00784128 0.000437 0.999999 -0.000198137 -0.0072059 -0.000815578 0.000199609 1 1.77485
0.99999 0.000170206 0.00201439 -0.0139379 -0.00016877 1 -0.000414061 -0.00299415 -0.00201437 0.000412592 0.999994 1.76877
1.00001 0.000520392 -0.000116993 0.00471605 -0.000521143 1 -0.000256182 -0.00843781 0.000116846 0.000257299 1 1.80729
0.999991 0.0002236 0.00125546 0.00184744 -0.000222559 1 -0.000214584 -0.00540281 -0.00125554 0.000213248 0.999995 1.81381
1 0.000866326 0.00255921 -0.0113712 -0.000867844 1 0.000257991 -0.00678733 -0.002559 -0.000259069 1 1.81427
0.999992 5.74271e-05 -0.000524941 -0.00178022 -5.62865e-05 1 0.000604686 -0.0108664 0.000525011 -0.000605891 0.999996 1.84513
1.00001 0.000987647 0.000239761 -0.00784493 -0.00098848 0.999999 -5.06057e-05 0.0102154 -0.000239847 5.17299e-05 1 1.85418
0.999985 -4.58181e-05 0.00410383 -0.0127195 4.92058e-05 1 -0.000625588 -0.0105293 -0.00410384 0.00062446 0.999987 1.86631
1.00001 0.000160322 0.00089186 -0.000409929 -0.000160486 0.999999 -0.000693566 0.00155513 -0.000892002 0.00069486 1 1.89352
0.999977 -0.000208311 0.00566666 -0.00442988 0.000210094 1 -0.000177523 -0.00980325 -0.00566657 0.000177169 0.99998 1.89078
1 0.00143907 0.00286261 -0.0076795 -0.00144239 0.999999 0.000853318 -0.00491311 -0.00286138 -0.000855914 1 1.91859
0.999981 0.000481124 0.00508107 -0.00594369 -0.00048097 0.999999 0.000121394 -0.000983279 -0.00508105 -0.000125397 0.999983 1.92194
0.999987 0.000283628 0.0063248 -0.00760979 -0.000281054 1 -0.000537396 -0.00683755 -0.00632486 0.000537258 0.999985 1.93213
0.99999 -4.27246e-05 0.00294245 -0.0023625 4.54312e-05 0.999999 -0.000645627 -0.00801395 -0.00294254 0.000644064 0.999991 1.9462
0.999994 0.000241455 0.00490233 -0.00606379 -0.000234429 1 -0.00160028 -0.00510617 -0.00490253 0.00160084 0.999991 1.94763
0.99997 9.46664e-05 0.00679865 -0.00961605 -9.25937e-05 0.999999 -0.00018305 -0.00083804 -0.00679891 0.000180658 0.999972 1.95965
1 0.000571208 0.00338791 -0.0100499 -0.00057097 1 -0.000318758 -0.0045055 -0.00338788 0.000318637 0.999999 1.97766
0.999967 0.000549102 0.0072599 -0.00839847 -0.00055865 0.999999 0.00143147 -0.00866797 -0.00725931 -0.00143726 0.999968 1.98303
1 0.000419619 0.0038584 0.00237012 -0.000423759 1 0.000840114 -0.00854784 -0.00385796 -0.000839914 0.999998 1.99403
0.999977 -2.44235e-05 0.00569801 -0.00376823 2.74133e-05 1 -0.000372733 -0.00687115 -0.00569807 0.000371116 0.999978 2.00998
0.999979 -0.000103621 0.00739766 -0.00651947 0.000104574 1 -0.000253859 -0.00816404 -0.00739757 0.000256376 0.999978 2.00937
0.999985 0.000179507 0.00412364 0.00580751 -0.000176213 1 -0.000579282 0.00139368 -0.00412372 0.000576756 0.999986 2.03639
0.999989 -0.00043613 0.0060519 4.86041e-05 0.000433856 1 0.000229813 -0.00978456 -0.00605205 -0.000225199 0.999987 2.03881
0.999958 0.000528389 0.00835084 -0.00638291 -0.000532448 1 0.00059226 -0.00265538 -0.00835046 -0.00059863 0.999959 2.04371
1 0.000705121 0.00306697 0.00600162 -0.000706308 1 6.44151e-05 -0.00605598 -0.00306701 -6.46475e-05 1 2.06088
0.999965 0.000733952 0.00744897 -0.0125225 -0.000731708 1 -0.000186167 -0.00410015 -0.007449 0.00017881 0.999966 2.04767
1 -0.000395337 0.00307446 0.00434662 0.00038924 0.999998 0.00168162 -0.00479278 -0.00307525 -0.00167858 1 2.07922
0.999982 -0.000500281 0.00475464 -0.00338633 0.000482675 0.999993 0.00387775 -0.00838902 -0.00475647 -0.00387744 0.999975 2.08264
0.999991 -7.68774e-05 0.00573052 -0.0174918 6.98012e-05 0.999999 0.00107722 -0.00816656 -0.00573073 -0.00107474 0.99999 2.07905
0.999992 0.000695696 0.00102217 -0.00665827 -0.00069519 1 0.000462118 -0.00779056 -0.00102182 -0.00046474 0.999992 2.11541
1 0.00111199 0.00332997 -0.0117304 -0.00111364 0.999998 0.000219844 -0.00826436 -0.00332976 -0.000221573 1 2.1093
0.999971 0.00100626 0.00653278 -0.00806105 -0.00100277 1 -0.000408858 -0.0190364 -0.00653327 0.000400424 0.999971 2.10664
1 0.00248538 0.00167408 -0.00766268 -0.00248413 0.999996 -0.00118116 -0.012252 -0.00167692 0.00117882 1.00001 2.14373
0.999974 0.000866568 0.00622471 -0.0233189 -0.00086781 1 0.000298404 -0.00583886 -0.0062246 -0.00030558 0.999974 2.12816
1 0.000348985 0.00351884 -0.0103629 -0.000362495 0.999993 0.00367187 -0.0154968 -0.00351736 -0.00367136 0.999994 2.13538
0.999979 0.00100954 0.00532601 -0.00734524 -0.00101805 0.999999 0.00172137 -0.0255742 -0.0053245 -0.00172852 0.999978 2.16178
0.999978 -0.00173601 0.00738706 0.00229609 0.00174683 0.999997 -0.0015465 -0.0208273 -0.00738417 0.00156102 0.999978 2.17478
0.999991 0.000265647 0.00245596 -0.01059 -0.000267996 1 0.00121248 -0.00483091 -0.00245585 -0.00121484 0.999991 2.15802
0.999997 8.20849e-06 0.00444402 0.00539336 -9.23079e-06 1 6.86039e-05 -0.0134493 -0.00444375 -6.68347e-05 0.999996 2.18253
0.99998 -0.000493978 0.00511173 0.000424051 0.000496504 1 -0.000340717 -0.020022 -0.00511179 0.000341458 0.999981 2.23069
1.00001 -0.000108347 0.00170317 -0.00299503 0.000109647 0.999999 -0.00123318 -0.0128376 -0.00170271 0.00123529 1 2.17284
0.999987 -0.000607796 0.00360271 -0.0111682 0.000613129 1 -0.00127955 -0.0114134 -0.00360228 0.00127984 0.999987 2.21633
0.999987 -0.000816849 0.00608833 0.00239113 0.000818157 0.999999 -0.000323875 -0.0071663 -0.00608761 0.000330753 0.999988 2.22406
0.999992 -0.000172506 0.00229242 -0.0214826 0.000175622 0.999999 -0.00104635 -0.00591168 -0.00229262 0.0010448 0.999991 2.19666
0.999988 0.000553641 0.00586592 -0.0144373 -0.000554814 1 7.83102e-05 -0.00565398 -0.0058654 -7.95816e-05 0.999989 2.23471
0.999992 0.000161747 0.00233549 0.0025128 -0.000161151 1 5.80932e-05 -0.00913171 -0.00233581 -6.04238e-05 0.999991 2.23572
0.999997 -0.00075313 0.00413572 -0.00279227 0.000752227 1 5.68212e-05 -0.0124295 -0.00413548 -5.17383e-05 0.999998 2.24984
0.999984 -0.0019404 0.0041963 -0.00399677 0.00193802 0.999998 0.000715171 -0.0204124 -0.00419777 -0.000709066 0.999985 2.28312
1.00001 -0.00074982 0.000437244 -0.00268014 0.000749284 1 -7.75753e-05 -0.0108004 -0.000437147 7.98202e-05 1.00001 2.26894
0.999989 0.000542559 0.00296234 -0.0126556 -0.000544769 1 0.000944863 -0.0146101 -0.00296187 -0.000948354 0.999989 2.27707
0.999991 0.000626484 0.00561477 -0.0179342 -0.000626171 1 -0.000167164 -0.00260248 -0.00561486 0.000165666 0.999992 2.28347
0.999993 0.000376689 0.000369571 -0.0273311 -0.000375909 1 -0.000763826 -0.00119643 -0.000369934 0.000761718 0.999993 2.27988
1 0.000292123 0.00349452 -0.0140906 -0.000289531 0.999999 -0.000877591 -0.0159346 -0.00349468 0.000878437 1 2.30629
0.999978 0.000756502 0.00564888 -0.00259111 -0.000745902 1 -0.00179132 0.00447045 -0.0056504 0.00178531 0.999976 2.31093
1 0.00074195 0.00325018 -0.00269952 -0.000742365 0.999998 -1.77229e-05 -0.00540613 -0.00325004 1.69828e-05 1 2.26585
0.999971 2.51283e-05 0.00669735 -0.0115231 -2.39725e-05 1 -9.53121e-05 -0.0132471 -0.00669752 9.33521e-05 0.999971 2.32633
1 0.000255696 0.00174463 -0.0092654 -0.000258117 0.999998 0.00112374 0.00143628 -0.00174428 -0.00112234 1.00001 2.31413
0.999987 0.000167902 0.00394362 -0.00653521 -0.000171261 1 0.00096113 -0.00559744 -0.00394357 -0.0009636 0.999985 2.34878
0.999994 -0.00039584 0.00490985 -0.0146694 0.000387719 0.999998 0.00155736 -0.0116715 -0.00491038 -0.00155374 0.999994 2.38825
0.999992 0.00024645 0.00254461 -0.0071861 -0.000248514 1 0.00104156 0.000752403 -0.00254449 -0.00104375 0.999989 2.34077
0.999997 0.000284804 0.00414008 -0.0133908 -0.000283558 1 -0.000444363 -0.00314079 -0.00414013 0.000444809 0.999999 2.35856
0.999981 0.000168478 0.00523658 -0.0137437 -0.000167561 1 -5.34683e-05 -0.010781 -0.00523678 5.0992e-05 0.999978 2.38073
1.00001 -0.000322925 0.000969919 -0.006636 0.000323257 0.999999 -0.0011122 -0.0187591 -0.000969387 0.00111407 1.00001 2.37255
0.999983 -2.22745e-05 0.00473619 -0.0120857 1.87093e-05 1 0.000910596 -0.0116858 -0.00473647 -0.000912034 0.99998 2.38307
1.00001 -0.000552894 0.000209332 -0.0111001 0.000552195 1 -2.26206e-05 -0.00991471 -0.000209098 2.42332e-05 1.00001 2.38034
0.99999 -0.000274689 0.00282004 -0.00510724 0.000275543 1 -4.56793e-05 -0.0123568 -0.00282025 4.49328e-05 0.999988 2.38204
0.999989 0.000439945 0.00573492 0.0148528 -0.000441878 1 0.000208144 -0.0146403 -0.00573463 -0.000208941 0.999991 2.38321
0.999994 0.000408101 9.6738e-06 -0.0130639 -0.000407413 0.999999 0.000590179 -0.00363201 -9.66291e-06 -0.000591877 0.999992 2.3849
0.999999 0.000544525 0.00341034 -0.00165138 -0.000543028 1 -0.000654151 -0.0143478 -0.00341049 0.000654029 1 2.38143
0.999977 0.000153325 0.00594674 0.00961448 -0.000146301 0.999999 -0.00105246 -0.0173595 -0.00594709 0.00104987 0.999974 2.41155
1 0.00133864 0.00271787 -0.0159456 -0.001339 1 -0.000153025 -0.00796613 -0.00271795 0.000150983 1.00001 2.34573
0.99999 -6.21168e-05 0.00312175 -0.000809376 6.40817e-05 0.999998 -0.000392056 -0.0169541 -0.00312185 0.000390681 0.999986 2.402
0.999984 -0.000448902 0.00657176 0.0145009 0.000416798 0.99999 0.00477157 -0.00858358 -0.00657364 -0.0047671 0.999977 2.41507
0.999994 0.001077 0.00217126 -0.00978308 -0.00108353 0.999993 0.00340651 -0.0150487 -0.00216771 -0.00341056 0.999985 2.35231
0.999985 0.000412456 0.00591179 0.00980914 -0.000420957 1 0.00129954 -0.011086 -0.00591107 -0.00130029 0.999988 2.41749
0.999997 0.000651242 0.000714499 -0.0208155 -0.00065015 0.999999 -0.000360751 -0.0142824 -0.000714796 0.000358596 0.999993 2.40429
0.999996 0.00138065 0.0034398 -0.0129645 -0.00138034 1 -0.000356981 -0.0179189 -0.00344003 0.000353884 1 2.4094
0.999975 6.14574e-05 0.006858 -0.00137592 -7.07337e-05 0.999998 0.00149907 -0.00250636 -0.00685809 -0.00150125 0.99997 2.4168
1 0.000268343 0.0014214 -0.0202237 -0.00026912 1 -0.000138988 -0.0119461 -0.00142136 0.000140273 1 2.39458
0.99999 0.000169531 0.00399276 -0.00737491 -0.000170905 0.999999 0.000593055 -0.00653953 -0.00399269 -0.000595438 0.999986 2.41074
0.999971 0.000795664 0.0079446 0.00245214 -0.0008265 0.999994 0.00375391 -0.0123273 -0.00794151 -0.00375865 0.999968 2.4126
0.999995 0.00101228 0.00212421 -0.0209262 -0.00100991 0.999998 -0.000651769 -0.0111932 -0.00212487 0.000647968 0.99999 2.40307
0.999993 0.000151332 0.00425772 -0.0179711 -0.000150765 1 -0.000359155 -0.0154612 -0.00425783 0.000360202 0.999998 2.4048
0.999978 -0.000533217 0.00639421 -0.00173376 0.000533884 0.999999 2.66313e-05 -0.0136697 -0.00639418 -2.48237e-05 0.999972 2.41648
0.999994 0.00247987 0.00283149 0.00721031 -0.00248178 0.999999 0.000334071 -0.0305332 -0.0028307 -0.000339535 1 2.38427
0.999984 0.00102915 0.00542645 -0.0296582 -0.00102895 0.999997 0.000120514 -0.0200837 -0.00542642 -0.000127743 0.999978 2.42087
0.999999 -5.0564e-05 0.00191433 -0.00292698 5.00236e-05 1 -0.000184116 -0.0134714 -0.00191428 0.000185874 1.00001 2.40442
0.99999 -3.6798e-05 0.00429405 -0.008639 3.91509e-05 0.999999 -0.00032936 -0.0145435 -0.00429415 0.000327926 0.999983 2.41609
0.999987 -0.000295843 0.00528178 -0.0125428 0.000296764 1 -0.00034734 -0.0232317 -0.00528158 0.00035052 0.999994 2.43249
0.999997 -0.000174603 0.0024271 -0.00149532 0.000176679 0.999998 -0.000557732 -0.0172284 -0.00242708 0.000556518 0.99999 2.40318
0.999996 8.83126e-05 0.00298309 -0.00346764 -8.96871e-05 1 0.000217388 0.000732185 -0.00298311 -0.000215994 1 2.41827
0.999987 0.000377034 0.00491206 -0.0116445 -0.000369961 0.999998 -0.00129555 -0.00845401 -0.00491259 0.00129208 0.999981 2.43452
0.999999 0.00205075 0.000858294 -0.00234543 -0.00205554 0.999992 0.00475492 -0.0246527 -0.000848413 -0.004755 0.999999 2.40354
0.999982 0.000554879 0.00577 -0.00276275 -0.000555922 0.999995 0.000291011 -0.0114098 -0.00576986 -0.000295827 0.999973 2.4582
1 -0.000171547 0.00166528 -0.020646 0.000171754 1 -0.000512592 -0.0114998 -0.00166522 0.000514422 1.00001 2.43971
0.999991 0.000143974 0.00384295 -0.00689031 -0.000142439 0.999996 -0.000254807 -0.00141062 -0.0038429 0.000252778 0.999982 2.46534
0.999976 -0.00178722 0.00688845 -0.0008978 0.00178284 1 0.00056422 0.00218446 -0.00688949 -0.000550447 0.999987 2.47786
0.999996 0.000617093 0.00215638 -0.0120541 -0.000616895 0.999997 0.000121202 -0.00704511 -0.00215615 -0.000124221 0.999986 2.48521
0.999996 0.000281306 0.00334759 -0.0062921 -0.000282712 1 0.000305113 0.00743328 -0.00334758 -0.000304338 1.00001 2.50012
0.999976 -0.000835959 0.0067212 -0.0170133 0.00083418 0.999996 0.000336814 -0.00971039 -0.00672145 -0.000332824 0.999966 2.51178
1 -0.000876228 0.000612041 -0.00937337 0.000875549 1 0.000331104 -0.0157329 -0.000612365 -0.000328921 1.00001 2.52772
0.999996 -0.000387424 0.00238915 -0.00480106 0.000385189 0.999996 0.00111216 -0.00802893 -0.00238943 -0.00111284 0.999986 2.52726
0.999975 -5.22212e-06 0.00745905 0.00751396 -1.1559e-06 1 0.000792896 0.00220296 -0.00745914 -0.000791159 0.999983 2.50469
0.999997 3.25056e-05 0.000375454 -0.0258645 -3.22573e-05 0.999998 0.000418992 0.00261587 -0.000375298 -0.000420809 0.999989 2.54907
0.999992 -4.74969e-05 0.00449868 0.000432379 4.12821e-05 1 0.00128078 -0.00943704 -0.00449895 -0.00127884 1 2.59909
0.999998 -0.000387372 0.000543349 0.0086063 0.000387659 0.999998 0.000448763 -0.01091 -0.000543077 -0.000450285 0.999989 2.58394
1 0.000239582 0.0020581 -0.00766618 -0.00023886 1 -0.000643652 -0.00349257 -0.00205865 0.000644814 1.00001 2.58366
0.999986 6.63216e-05 0.00507622 0.0132653 -6.11603e-05 0.999999 -0.000889844 0.0011641 -0.00507587 0.000888037 0.999977 2.60398
1 -0.000281892 0.000930386 -0.0319148 0.000282361 1 -0.000996392 -0.000667614 -0.000930146 0.000997817 1.00001 2.56189
0.999985 0.000667939 0.00507771 -0.0200839 -0.000670347 1 0.00051137 -0.00117048 -0.00507701 -0.000515783 0.999977 2.62207
0.999968 0.000701427 0.00823224 -0.0143972 -0.000706205 1 0.000538003 0.00485844 -0.00823228 -0.000542806 0.999976 2.64544
0.999994 0.000211301 0.0027964 -0.0324294 -0.000213878 0.999999 0.00102454 -0.00672518 -0.00279538 -0.00102604 0.999985 2.62901
0.999989 -0.000168517 0.00507668 -0.0138263 0.000168803 1 -0.000148046 -0.00259058 -0.00507741 0.000149914 0.999997 2.64928
0.999966 -0.00101572 0.00796515 -0.0266306 0.00101182 1 0.000551764 -0.0188734 -0.00796485 -0.000544678 0.999958 2.66838
1 -0.000796355 0.00123489 -0.00692932 0.000795098 0.999999 0.000646862 -0.00560984 -0.00123637 -0.000644944 1.00001 2.66195
0.999968 -0.000948934 0.00776394 -0.0116901 0.000941138 1 0.00106161 -0.00599737 -0.00776408 -0.00105512 0.999959 2.67408
1 -0.000878487 4.31288e-05 -0.0126622 0.000878076 0.999999 0.000635819 -0.0124452 -4.4733e-05 -0.000634909 1.00001 2.66544
0.999988 0.000743402 0.00445034 -0.0116199 -0.000746413 1 0.000763315 -0.0147165 -0.00444883 -0.00076744 0.999981 2.68522
0.999951 0.000464605 0.0101685 0.0253257 -0.000490894 0.999996 0.00254045 -0.00603131 -0.0101682 -0.00254446 0.999955 2.68294
0.999995 1.14588e-06 0.00223161 -0.0151779 -1.73201e-06 1 0.000468315 -0.00674913 -0.00223067 -0.000468993 0.999988 2.68487
0.999991 -0.00129068 0.00466035 -0.0204947 0.00128419 0.999998 0.00128792 -0.0141597 -0.00466287 -0.00128117 0.999998 2.69027
0.999959 0.000528999 0.00894689 0.00819296 -0.000538442 1 0.00111628 -0.0192309 -0.00894568 -0.00112181 0.999951 2.67546
1 0.00184176 0.00020253 -0.0547257 -0.00184262 0.999996 0.00190052 -0.0143779 -0.000199733 -0.00190025 1.00001 2.72043
0.999988 0.00010923 0.00444608 -0.00708185 -0.000112003 1 0.000730607 -0.0096774 -0.00444524 -0.000731801 0.999981 2.71819
0.999979 -7.98003e-05 0.00678496 -0.00557588 6.83525e-05 0.999998 0.0016238 -0.00997667 -0.00678581 -0.00162258 0.999985 2.71024
0.999997 0.00194087 -9.61539e-05 -0.0149292 -0.00194049 0.999998 -0.000628252 -0.0222558 9.56885e-05 0.000627456 0.999991 2.71195
0.999974 0.00115299 0.00720949 -0.00732896 -0.00115102 0.999999 -0.000338435 -0.0109265 -0.00721063 0.000331086 0.999984 2.70427
0.999999 0.000386863 0.000957264 -0.0305129 -0.000383525 0.999996 -0.00306533 -0.0179044 -0.00095769 0.00306408 0.999986 2.72036
0.999994 0.000198714 0.00370488 -0.0168365 -0.000207486 0.999997 0.00222837 -0.00242579 -0.00370514 -0.00222811 1 2.72297
0.999972 -0.000268615 0.00747131 -0.00888358 0.000256999 0.999999 0.0016244 -0.0180998 -0.00747113 -0.00162333 0.999962 2.71246
0.999998 0.000303809 0.00234799 -0.0100103 -0.000306443 0.999999 0.00085414 -0.0262449 -0.00234853 -0.000853867 1.00001 2.72713
0.999989 0.00171963 0.0042531 -0.00960421 -0.00172581 0.999997 0.00159082 -0.0152258 -0.00424947 -0.00159906 0.999982 2.71484
0.999978 0.00147539 0.00648127 -0.030624 -0.00148941 0.999997 0.00203133 -0.00407019 -0.00647893 -0.00203989 0.999985 2.71554
0.99999 0.00234926 0.00380649 -0.0186835 -0.00235634 0.999995 0.00205347 -0.00917503 -0.00380086 -0.00206344 0.999983 2.72201
0.999992 0.00124478 0.00382531 -0.0233918 -0.0012447 0.999999 -0.000233028 -0.0184313 -0.00382631 0.000229195 1 2.71563
0.999981 0.00012243 0.00627401 -0.0249599 -0.000119834 1 -0.000287632 -0.0132558 -0.00627338 0.000286 0.999973 2.68933
0.999999 0.000471627 0.00104943 -0.0135426 -0.000473371 1 0.000922249 -0.00684055 -0.00104968 -0.000921916 1.00001 2.73267
0.999964 6.60487e-05 0.00865913 -0.0121514 -7.00576e-05 0.999999 0.000557409 -0.00883801 -0.00865844 -0.000558529 0.999955 2.68501
0.999996 0.00285697 -0.000595151 -0.0377625 -0.00285869 0.999996 -0.00165431 -0.0491956 0.000589708 0.00165661 1.00001 2.72689
0.999939 0.0102504 0.00418337 -0.0308464 -0.0102382 0.999943 -0.00272913 -0.0450208 -0.00421038 0.0026856 0.999982 2.70646
0.999946 0.00688688 0.00770811 -0.0304699 -0.00681626 0.999935 -0.00926305 -0.00118273 -0.00777239 0.00921052 0.999934 2.69149
0.999942 -0.00831001 -0.00696259 -0.049694 0.00829024 0.99996 -0.0029986 -0.0391838 0.00698813 0.00294008 0.999964 2.66425
0.99997 -0.00752103 0.00166771 -0.0103148 0.00750841 0.99995 0.0069028 -0.0256353 -0.0017205 -0.00688944 0.999983 2.68005
0.999984 -0.0027457 0.00530821 -0.00795694 0.00267775 0.999911 0.012932 0.00762032 -0.00534262 -0.0129186 0.999895 2.66573
0.999986 0.0042283 0.0025678 -0.0252391 -0.00425203 0.999953 0.00900474 -4.66637e-05 -0.00253035 -0.0090146 0.999964 2.68087
0.999953 0.00404321 0.00901396 -0.00356209 -0.00408586 0.999979 0.00481184 -0.00226729 -0.00899374 -0.00484928 0.99994 2.6978
0.999997 0.00138013 0.000929681 -0.0324871 -0.00138204 1 0.001138 -0.0219369 -0.000928862 -0.00113834 1.00001 2.68829
0.99999 -0.00393222 0.00286092 -0.0129704 0.00393726 0.99999 -0.00145606 -0.0381677 -0.00285451 0.00146643 0.999987 2.69354
0.999986 -0.00380148 0.00365072 -0.0117996 0.00381495 0.999986 -0.00390451 -0.0390963 -0.00363662 0.00391932 0.999994 2.64198
0.999996 0.000920752 0.00297739 -0.0102729 -0.000912279 0.999996 -0.00257682 -0.0288023 -0.00297896 0.00257328 0.999984 2.64842
0.999993 -5.60812e-05 0.00382699 -0.0121166 5.26525e-05 1 0.000653989 -0.0204533 -0.00382777 -0.00065293 1 2.68989
0.999983 -0.000879034 0.005819 -0.0199241 0.000871817 0.999998 0.00139547 -0.0211866 -0.00581939 -0.00139122 0.999973 2.6987
1 -0.000524325 0.00158322 -0.00132966 0.000521362 1 0.00132397 -0.0159444 -0.0015848 -0.00132232 1.00001 2.67942
0.999996 -0.000183227 0.00262723 -0.0107123 0.000182125 1 0.000743644 -0.0217066 -0.00262648 -0.000743981 0.999988 2.68847
0.999979 0.000124514 0.00661933 -0.0174268 -0.000187336 0.999957 0.00937642 0.0170931 -0.00661885 -0.00937655 0.999944 2.66596
0.999998 0.000218306 -0.00182661 -0.00572115 -0.000209811 0.999991 0.00413668 -0.00513315 0.00182858 -0.00413741 0.999981 2.69977
0.999981 -3.34305e-05 0.00638261 -0.00793611 -2.95921e-05 0.999953 0.00972571 0.00835149 -0.00638374 -0.00972439 0.99994 2.66874
0.999996 0.000422672 -0.00283448 -0.0192742 -0.00039613 0.999961 0.00904571 0.0057089 0.00283949 -0.00904591 0.99995 2.69712
1 -8.01299e-05 0.00193156 -0.00637282 6.96138e-05 0.999985 0.00499356 0.0109105 -0.00193332 -0.00499209 0.999993 2.68973
0.999978 0.000937752 0.00626082 0.00600585 -0.000949901 1 0.00208073 -0.0104581 -0.00625745 -0.00208793 0.999972 2.65226
0.999997 0.00296336 -0.00179021 -0.01755 -0.00296811 0.999989 -0.00213537 -0.0164486 0.00178243 0.00214199 1 2.68908
0.999976 0.00627791 0.00230718 -0.0296732 -0.00627861 0.999986 0.000773874 -0.0409549 -0.00230066 -0.000789771 0.999992 2.70581
1 2.13225e-05 0.00189423 -0.00852746 -2.55063e-05 0.999994 0.00165658 -0.0205751 -0.00189556 -0.00165522 1 2.74125
0.999996 0.00148699 -0.00105498 -0.0211586 -0.0014853 1 0.00066537 -0.0355693 0.00105735 -0.000665119 0.999992 2.69626
1 0.00101086 0.00196638 -0.0180373 -0.00101001 0.999996 -0.000974935 -0.0261721 -0.00196846 0.00097442 1 2.67223
0.999991 -0.000287163 0.00387697 -0.0139518 0.000285396 1 0.000727797 -0.0122167 -0.00387583 -0.000728102 0.999986 2.6328
1 0.000646538 0.000122072 -0.0151045 -0.000648066 0.999988 0.00405975 -0.041961 -0.000120615 -0.00405841 0.999998 2.61996
0.999999 -0.000464513 -0.000307613 -0.0084928 0.000466511 0.999997 0.00350502 -0.0367638 0.00030746 -0.00350645 0.999988 2.61176
0.999999 0.000310896 -0.00220667 -0.0212353 -0.000295406 0.999968 0.00740397 -0.038071 0.00220775 -0.00740208 0.999976 2.62672
0.999992 -0.00354825 -0.00162409 0.00385463 0.00355769 0.999985 0.00538273 -0.039537 0.00160639 -0.00538956 0.99998 2.67239
0.999991 0.00431276 -0.000927377 -0.0113675 -0.00431467 0.999985 -0.0011946 -0.0316957 0.000920888 0.00119958 1 2.6683
0.99997 0.00725982 -0.00337671 -0.0119037 -0.00727037 0.999974 -0.00329762 -0.0301893 0.00335393 0.00332084 0.999985 2.69735
0.999986 0.00463462 -0.00211115 -0.0264585 -0.00463847 0.999983 -0.00156822 -0.0142551 0.00210268 0.00157933 1 2.67433
0.999995 0.00268901 -0.00241493 -0.00477032 -0.00268892 1 -0.000204555 -0.0209941 0.00241567 0.000209608 0.999994 2.62509
0.999983 -0.00100452 -0.00546611 -0.0210728 0.00101742 0.999992 0.00247573 -0.0213421 0.00546206 -0.00247977 0.999986 2.66209
0.999995 -0.00126576 -0.00345835 -0.00618935 0.00126898 1 0.00075631 -0.0191946 0.00345894 -0.00076217 0.99999 2.66438
0.999997 0.00209092 0.000127539 -0.00967866 -0.00209144 0.999995 -0.000557028 -0.0360068 -0.000130115 0.0005582 1 2.62982
0.999969 0.00665314 -0.0046027 -0.027002 -0.00665016 0.999981 0.00051439 -0.019088 0.00460763 -0.000485386 0.999986 2.66305
0.999964 0.00798836 0.00213902 -0.0271284 -0.00799413 0.999963 0.00232451 -0.0116213 -0.00212198 -0.00233998 0.999998 2.65515
0.999969 0.00758307 -0.00289518 -0.0330154 -0.00758376 0.999974 -0.000523677 -0.0255077 0.00289269 0.0005441 0.999994 2.67645
0.999998 0.00127226 -0.000853841 -0.0254377 -0.00127307 0.999997 -7.95525e-05 -0.0294296 0.000852292 8.21812e-05 1 2.66423
1 -0.00172031 -0.00019016 -0.0181493 0.00172167 0.999999 0.00218695 -0.0294293 0.000187788 -0.00218885 0.999996 2.65407
0.999994 -0.000633424 -0.0029991 -0.0238066 0.000642556 0.999992 0.00339536 -0.0282552 0.00299547 -0.00339566 0.999992 2.66844
1 0.000205231 -0.00132212 -0.0174331 -0.000200321 0.999998 0.00301373 -0.00225331 0.00132417 -0.00301504 0.999993 2.66151
0.999993 0.00250785 0.0024878 -0.0179568 -0.00250581 0.999994 -0.00123491 -0.0249735 -0.00249243 0.0012303 0.999999 2.64962
0.999996 0.00069731 -0.0032201 -0.0136216 -0.000700022 1 -0.0011964 -0.0144524 0.00322063 0.00119715 0.999992 2.6333
0.999994 0.000956786 -0.00281169 -0.0165767 -0.000959244 0.999998 -0.000427493 -0.0289192 0.00280995 0.000431637 0.999998 2.66756
0.999986 -0.00378503 0.00437616 0.00412733 0.00378027 0.999995 0.00137925 -0.0138509 -0.00438004 -0.0013641 0.999988 2.68592
0.999966 -0.00518788 -0.00597762 -0.0270665 0.00520264 0.999981 0.00265579 -0.0172328 0.00596248 -0.00268531 0.999982 2.65415
1 0.00173516 -0.000307751 -0.0263953 -0.0017335 0.999998 0.00193319 -0.0330555 0.00031232 -0.00193403 0.999995 2.65362
0.999986 0.000965581 -0.00475016 -0.0304356 -0.000963215 0.999998 0.000711194 -0.0269522 0.00474955 -0.000705197 0.999992 2.65764
1 0.000223167 -0.00213879 -0.0245794 -0.000216768 0.999998 0.00254642 -0.0129554 0.00214062 -0.0025475 0.999992 2.69613
0.999997 0.00139308 0.000255536 -0.0245872 -0.00139428 0.999998 0.000467334 -0.024338 -0.000256101 -0.000466091 1 2.66357
0.999998 0.00209196 -0.0016034 -0.0176501 -0.00209322 0.999997 -0.00136801 -0.0125598 0.00160171 0.00136981 0.999996 2.68045
0.999998 0.00153515 -0.000637947 -0.0121843 -0.00153673 0.999998 -0.00122146 -0.0244267 0.000634904 0.00122399 1 2.67167
1 0.00077568 0.000586559 -0.0130207 -0.000775811 0.999998 0.00166497 -0.0204556 -0.00058414 -0.00166694 0.999998 2.66186
0.999997 0.00115093 -0.0018619 -0.0103719 -0.00114846 0.999998 0.00181357 -0.0114518 0.00186275 -0.00181003 0.999998 2.66417
1 0.0012083 0.00050983 -0.0115005 -0.00120694 0.999999 -0.000788939 -0.0235794 -0.000509537 0.000786945 0.999999 2.66256
0.999995 0.000549244 0.00335737 -0.0174524 -0.000553664 1 0.00102573 -0.018818 -0.00335817 -0.0010262 0.999995 2.64002
0.999999 0.000768302 -0.000762399 -0.0158828 -0.000766483 0.999998 0.0011822 -0.0180357 0.000764663 -0.00118298 0.999998 2.64805
0.999999 0.000432413 0.00159863 -0.0183472 -0.000433056 1 -0.000129416 -0.0226809 -0.00160005 0.000130092 1 2.66013
0.999999 0.000901746 -0.00103273 -0.0212482 -0.000899139 0.999998 0.00169402 -0.021502 0.00103559 -0.00169443 0.999997 2.66264
0.999999 0.00188564 -0.00016728 -0.0222029 -0.00188604 0.999995 0.00272135 -0.0193159 0.00017107 -0.00271964 0.999997 2.66164
0.999997 0.00156306 0.00164202 -0.0266668 -0.00156438 0.999997 0.001343 -0.0260148 -0.00163869 -0.00134696 0.999997 2.65316
1 -0.000448009 -0.000860015 -0.0195388 0.000447073 1 1.43848e-05 -0.0275339 0.000858912 -1.3396e-05 1 2.67034
1 2.03513e-05 -0.000414648 -0.0108252 -1.90325e-05 0.999999 0.000988892 -0.0167861 0.000415619 -0.000990262 0.999998 2.66613
0.999997 0.00126326 0.00235772 -0.00739362 -0.00126951 0.999997 0.00228649 -0.0186508 -0.00235564 -0.00228804 0.999996 2.65793
0.999996 0.000440924 -0.00209131 -0.0109802 -0.000437758 0.999999 0.00111041 -0.0204577 0.00209257 -0.0011109 0.999996 2.65765
0.999999 -0.00124632 0.0015047 -0.013276 0.00124594 0.999999 -0.00033503 -0.0226015 -0.00150503 0.000338251 1 2.66805
0.999998 0.000891344 -0.00132955 -0.0169738 -0.000889341 0.999999 0.00082291 -0.0211722 0.00133093 -0.000823079 0.999998 2.66772
1 0.00138366 -0.000736798 -0.0288966 -0.00138413 1 0.000396601 -0.0173638 0.000736778 -0.000394246 1 2.67549
0.999999 -0.000164067 -0.000131196 -0.030599 0.000165091 0.999999 0.00116145 -0.0266645 0.000131552 -0.00116285 0.999998 2.60732
0.999997 0.00220666 -0.00210562 -0.0179854 -0.00220656 0.999999 0.000292692 -0.0142729 0.00210577 -0.000286817 1 2.64813
0.999997 0.000493295 -0.00123983 -0.0147632 -0.000493788 0.999998 -0.000898754 -0.02227 0.00123985 0.000898164 0.999996 2.64833
0.999997 -0.000441646 0.00330711 0.000152818 0.000440438 1 0.000211197 -0.018176 -0.00330753 -0.000208519 0.999997 2.65595
0.999995 0.0016315 -0.00161408 -0.0141726 -0.001631 0.999998 -3.60404e-07 -0.0217842 0.00161448 1.8499e-06 0.999997 2.66246
1 -0.00058459 -0.000294317 -0.0216951 0.000584944 0.999997 0.00265943 -0.0132528 0.000292361 -0.00265841 0.999999 2.65145
0.999997 0.000521621 0.00123565 -0.0229297 -0.000522162 0.999999 0.000883719 -0.0202967 -0.00123477 -0.000885492 0.999997 2.62853
1 0.00111229 -0.00160414 -0.0308019 -0.00111379 1 -0.000611127 -0.0308067 0.0016031 0.000614064 1 2.65907
0.999998 -0.000604063 0.000207749 -0.016265 0.000604183 0.999998 0.00172138 -0.0252222 -0.000208406 -0.00172247 0.999998 2.66148
0.999998 -0.00157843 0.00217153 -0.0123816 0.00157611 0.999998 0.00086901 -0.0307701 -0.0021733 -0.000864402 0.999998 2.64339
0.999997 0.000353532 -0.00218679 -0.0281588 -0.000348872 0.999998 0.0018876 -0.0302587 0.00218791 -0.00188796 0.999995 2.67961
0.999991 0.000703639 0.00433137 -0.0126134 -0.000699635 0.999999 -0.00104411 -0.0292352 -0.00433262 0.00104218 0.999991 2.63742
0.999997 0.00143822 -0.00176989 -0.0249927 -0.00144108 0.999997 -0.00198012 -0.0235723 0.00176737 0.00198156 0.999996 2.66546
1 -0.000749773 5.33189e-05 -0.0201236 0.000749028 1 0.000351442 -0.0259854 -5.40141e-05 -0.000350221 1 2.64564
0.999988 -0.000364663 0.00453906 0.00480305 0.000351092 0.999995 0.003174 -0.0111219 -0.00453972 -0.00317349 0.999985 2.65
1 0.00131806 -0.0011018 -0.00795158 -0.00131495 0.999995 0.00354807 -0.0266302 0.00110596 -0.00354556 0.999994 2.6251
0.999997 -0.000591211 0.000498341 -0.0158171 0.00059212 0.999998 -2.68108e-05 -0.0366869 -0.000497717 2.5952e-05 0.999999 2.67021
1 -0.000837101 0.00194257 -0.0170917 0.000837219 1 -0.00046682 -0.0128015 -0.00194263 0.000469442 0.999999 2.6357
0.999991 0.000890316 -0.0033824 -0.0370291 -0.000885331 0.999997 0.00122943 -0.0223624 0.00338413 -0.0012275 0.999993 2.66782
1 -0.000683144 0.00137047 -0.0270817 0.000680414 1 0.00168149 -0.0203781 -0.00137222 -0.00167955 1 2.63151
0.999993 -0.000851182 -0.00224118 -0.00891801 0.000855178 0.999997 0.00160495 -0.0247483 0.00224051 -0.00160788 0.999994 2.69761
1 0.00111009 -0.000797682 -0.016981 -0.00110935 1 0.00118427 -0.0277278 0.000798165 -0.00118229 1 2.67321
0.999995 0.000703309 0.00103143 -0.012129 -0.000702361 0.999998 -0.000629594 -0.0167607 -0.00103112 0.000627922 0.999997 2.6661
0.999998 0.00243131 -0.00279685 -0.014644 -0.00243115 0.999998 0.000171879 -0.0216127 0.0027965 -0.000164098 0.999999 2.6668
0.999995 0.00117224 -0.000505718 -0.0112932 -0.00117172 0.999998 0.000294533 -0.0194825 0.000506795 -0.000294977 0.999997 2.66553
0.999997 0.00354181 9.613e-05 -0.0272004 -0.00354218 0.999995 0.000313264 -0.0264373 -9.56628e-05 -0.00031257 1 2.61793
0.999995 0.0016753 -0.000882478 -0.0149315 -0.00167441 0.999997 0.000826672 -0.0282305 0.000884686 -0.000826139 0.999996 2.67051
1 0.000337762 0.000926178 -0.0100794 -0.000338279 1 0.000319237 -0.0190906 -0.000926831 -0.000318534 1 2.64776
0.999992 -0.00039139 -0.00299118 -0.0181839 0.000390106 0.999998 -0.000522957 -0.0240738 0.00299229 0.000520735 0.999994 2.67078
1 -0.000576938 -0.00164736 -0.0174107 0.000577944 1 0.000726972 -0.0243746 0.00164605 -0.000726849 1 2.66704
0.999997 0.000286993 5.15311e-05 -0.0157022 -0.000286662 0.999999 0.000714054 -0.018028 -5.01475e-05 -0.000715276 0.999999 2.64016
1 -0.000745821 -0.00188686 -0.0201189 0.000746037 1 0.000331182 -0.0258685 0.00188547 -0.000331153 0.999999 2.66247
0.999996 0.00032917 0.00106203 -0.0148708 -0.000328063 0.999999 -0.000546972 -0.0327954 -0.0010611 0.000545164 0.999998 2.60878
1 0.000948826 -0.00119876 -0.0277158 -0.000949377 1 -0.000239656 -0.0202031 0.0011975 0.000242376 1 2.6524
0.999997 -9.62652e-05 -0.000448583 -0.0277291 9.67801e-05 0.999999 0.000434226 -0.0236041 0.000449575 -0.000435834 0.999998 2.64923
1 0.000650984 -0.00111967 -0.0110537 -0.000649354 1 0.00165909 -0.0252609 0.00111962 -0.00165688 1 2.66311
0.999997 -0.000198845 -0.000678627 -0.00776313 0.000199894 0.999999 0.000958955 -0.0179531 0.000679623 -0.000960725 0.999997 2.59189
0.999999 0.00271118 -0.00137119 -0.0126314 -0.00270867 0.999995 0.00200136 -0.0102483 0.00137556 -0.00199606 1 2.68024
0.999996 0.00140425 0.000415233 -0.0223326 -0.0014039 0.999998 4.55792e-05 -0.0272022 -0.000414106 -4.76695e-05 0.999997 2.63745
