0.999785 -0.00157202 -0.0207416 0.21188 0.00161928 0.999997 0.0022642 -0.0178904 0.020739 -0.00229761 0.999784 0.872541
0.999992 -0.000915794 -0.00434543 0.0327549 0.000917306 1 0.000323181 -0.0226149 0.00434662 -0.00032721 0.999987 1.30775
0.999997 -0.00158532 -0.000936051 0.010779 0.00158395 1 -0.00172045 -0.0142371 0.000939229 0.00171892 1 1.36377
0.999999 2.19214e-05 0.00241346 0.00840232 -1.88305e-05 0.999996 -0.00139252 -0.0126965 -0.00241393 0.00139253 0.999993 1.35374
0.999996 -0.00110423 -0.00282942 0.0292475 0.00110791 1 0.001258 -0.0275883 0.00282873 -0.00126127 0.999999 1.31346
