0.999999 -0.00159083 -0.00181875 0.00373658 0.00158869 1 -0.00111058 -0.00396579 0.00182019 0.00110761 0.999999 0.595248
0.999995 -0.00168904 -0.00275616 -0.00272262 0.00168133 0.999995 -0.0027535 -0.0152391 0.00276082 0.00274892 0.999993 1.14706
0.999988 -0.00172982 -0.00529276 0.00584735 0.00170449 0.999989 -0.00475897 -0.0156278 0.00529997 0.00474965 0.999978 1.72536
0.99997 -0.00338348 -0.00716498 0.000186523 0.00333063 0.999969 -0.00735714 -0.0104427 0.00718945 0.00733307 0.999949 2.32801
0.999935 -0.006499 -0.00977207 0.0264838 0.00640672 0.999938 -0.00940338 -0.0233136 0.00983136 0.0093398 0.999913 2.84017
0.999933 -0.0073123 -0.00916871 -0.0368515 0.00721439 0.999919 -0.0106504 -0.0230959 0.00924531 0.0105835 0.999903 3.45039
0.999931 -0.00727742 -0.00990208 -0.0664515 0.00717853 0.999928 -0.0099246 -0.0455927 0.00997206 0.00985229 0.999911 4.0292
0.999937 -0.00762066 -0.00854984 -0.138586 0.00753843 0.999928 -0.00960102 -0.0772194 0.00862155 0.00953585 0.999921 4.62479
0.999946 -0.00665017 -0.00865328 -0.176207 0.00654486 0.999909 -0.012071 -0.101064 0.00873122 0.0120132 0.999898 5.23587
0.999943 -0.005192 -0.00968555 -0.196603 0.00504113 0.999869 -0.0155425 -0.121931 0.00976415 0.0154927 0.999837 5.84916
0.999949 -0.00396133 -0.00982433 -0.24879 0.00376989 0.999807 -0.019377 -0.134106 0.00989759 0.0193384 0.999771 6.52038
0.999956 -0.00165391 -0.0096316 -0.293812 0.00146265 0.999804 -0.0198523 -0.145104 0.00966166 0.0198373 0.999761 7.16962
0.99996 0.000976057 -0.00952761 -0.33356 -0.0010985 0.999919 -0.012804 -0.164107 0.0095127 0.0128134 0.999879 7.82613
0.999939 0.0017596 -0.0113195 -0.308249 -0.00179075 0.999997 -0.00278566 -0.169462 0.0113136 0.00280569 0.999937 8.45906
0.999903 0.00277313 -0.0140755 -0.276866 -0.00273065 0.999994 0.0030679 -0.169394 0.014082 -0.00302957 0.999903 9.13654
0.99985 0.00606044 -0.0165309 -0.268249 -0.00603844 0.999984 0.00135908 -0.178458 0.0165378 -0.00125922 0.999868 9.84281
0.999822 0.00864107 -0.0171672 -0.282083 -0.00872154 0.999954 -0.00458872 -0.209786 0.0171248 0.00473712 0.99985 10.5182
0.99974 0.0076541 -0.0215067 -0.244926 -0.00790534 0.999907 -0.0116391 -0.191373 0.0214142 0.0118061 0.999706 11.2443
0.999737 0.00611723 -0.022394 -0.255091 -0.00634928 0.99993 -0.0102799 -0.201492 0.0223275 0.0104188 0.999704 11.9829
0.999725 0.00512927 -0.022908 -0.268141 -0.00515533 0.999992 -0.00109269 -0.211412 0.0229008 0.00121036 0.999743 12.744
0.999753 0.00402624 -0.0221532 -0.312781 -0.00389459 0.999977 0.00600912 -0.215447 0.0221748 -0.00592187 0.999744 13.5304
0.999738 0.00310009 -0.0227083 -0.322847 -0.002907 0.999966 0.00851425 -0.223649 0.0227322 -0.00844614 0.999714 14.3207
0.999773 0.00142039 -0.0215962 -0.350679 -0.00124209 0.999968 0.00829508 -0.238313 0.021605 -0.0082669 0.99974 15.1059
0.999822 -0.0001428 -0.0189141 -0.393355 0.000272438 0.999984 0.00682585 -0.248001 0.0189111 -0.00682991 0.999806 15.8712
0.99985 0.00207491 -0.0176075 -0.430734 -0.00200749 0.999994 0.00388005 -0.258058 0.0176129 -0.00384483 0.999846 16.7259
0.99987 -0.000888047 -0.016225 -0.450411 0.000862998 1.00001 -0.00157589 -0.262471 0.0162248 0.00156159 0.999876 17.5706
0.99987 -0.00447084 -0.0159615 -0.455152 0.00434295 0.999962 -0.00800568 -0.268896 0.0159941 0.00793457 0.99985 18.4426
0.999899 -0.00390509 -0.0138645 -0.492851 0.0037166 0.999908 -0.0136325 -0.274877 0.0139146 0.0135796 0.99982 19.3711
0.999915 -0.00358271 -0.0130293 -0.522301 0.00339185 0.999891 -0.0146014 -0.292621 0.0130775 0.0145553 0.999817 20.2803
0.999913 -0.00361322 -0.01291 -0.548056 0.00341949 0.999888 -0.015042 -0.302129 0.0129609 0.0149965 0.999813 21.2128
0.999942 -0.00269273 -0.0110886 -0.58637 0.00251729 0.999875 -0.0157805 -0.333204 0.0111271 0.0157508 0.999824 22.1515
0.999945 -0.000108999 -0.0107486 -0.61134 -8.76853e-05 0.999838 -0.0183657 -0.346969 0.010747 0.0183654 0.999785 23.1045
0.999939 0.00388978 -0.0110403 -0.628174 -0.0041021 0.99981 -0.0192493 -0.372231 0.0109606 0.0192924 0.999764 24.0825
0.999924 0.00522678 -0.0114745 -0.641753 -0.00544636 0.999807 -0.0192536 -0.400508 0.0113699 0.0193143 0.99976 25.0368
0.999923 0.00619117 -0.0116371 -0.661835 -0.00641201 0.999802 -0.0190103 -0.43419 0.0115143 0.0190823 0.999763 26.0073
0.999918 0.00647237 -0.0114188 -0.683599 -0.00669037 0.9998 -0.0192208 -0.459217 0.0112902 0.0192952 0.999762 27.0092
0.999913 0.00766945 -0.0116126 -0.710069 -0.00787692 0.999813 -0.0178861 -0.492322 0.0114703 0.0179748 0.999785 28.0058
0.999895 0.00800654 -0.0123877 -0.723969 -0.00820215 0.999847 -0.0158829 -0.521213 0.0122568 0.0159824 0.999809 29.0143
0.999884 0.00757346 -0.0139307 -0.726073 -0.00778319 0.999861 -0.0150339 -0.546381 0.0138121 0.0151394 0.999802 30.0256
0.999878 0.00703902 -0.014317 -0.744193 -0.00727566 0.999842 -0.0165803 -0.566582 0.0141961 0.0166819 0.999773 31.0587
0.999864 0.00804227 -0.0150667 -0.757055 -0.00830896 0.999813 -0.0177034 -0.592214 0.0149186 0.0178251 0.999742 32.0939
0.999855 0.00728939 -0.0157522 -0.775935 -0.00755225 0.999837 -0.0167229 -0.623078 0.0156257 0.0168389 0.999749 33.1624
0.999857 0.00661072 -0.016164 -0.79851 -0.00683838 0.999882 -0.0140488 -0.652274 0.0160663 0.0141562 0.999783 34.2064
0.999854 0.00528349 -0.0165739 -0.827272 -0.00542816 0.999953 -0.00873411 -0.689722 0.016525 0.00882216 0.999838 35.3211
0.999856 0.0058162 -0.0165053 -0.86737 -0.00591516 0.999969 -0.00593714 -0.720617 0.0164674 0.00603284 0.999859 36.388
0.99985 0.00569067 -0.016703 -0.900061 -0.00576701 0.999979 -0.00456599 -0.75564 0.0166747 0.00466088 0.999864 37.4185
0.99986 0.00552078 -0.016364 -0.941286 -0.00563698 0.999964 -0.00704541 -0.762123 0.0163216 0.00713559 0.999855 38.4918
0.999858 0.00578854 -0.0162077 -0.980554 -0.00591933 0.999956 -0.00806942 -0.777221 0.0161584 0.00816344 0.999851 39.5787
0.999839 0.00548929 -0.0176501 -0.997353 -0.00561036 0.999966 -0.00680105 -0.806025 0.0176093 0.0068979 0.999835 40.6735
0.999798 0.00578107 -0.0195834 -1.00845 -0.00588333 0.999976 -0.00519786 -0.825308 0.0195511 0.00531122 0.99981 41.7675
0.999739 0.00909633 -0.0214185 -1.01394 -0.00919181 0.999953 -0.00434991 -0.846033 0.0213752 0.0045445 0.999775 42.877
0.999699 0.0107512 -0.0223834 -1.03846 -0.0108581 0.999936 -0.00468635 -0.86996 0.0223299 0.00492718 0.999753 43.9774
0.999685 0.0121672 -0.0223803 -1.06646 -0.012351 0.999896 -0.00807949 -0.903338 0.0222769 0.00835215 0.999731 45.0895
0.999662 0.0144824 -0.0219029 -1.10639 -0.0147479 0.999825 -0.0120356 -0.941529 0.0217232 0.0123538 0.999703 46.1977
0.999542 0.0199901 -0.0231528 -1.11628 -0.0203084 0.999707 -0.0135843 -0.98614 0.022872 0.0140471 0.999655 47.2585
0.99956 0.0205172 -0.021791 -1.16696 -0.0207337 0.999743 -0.00978514 -1.03302 0.021583 0.0102317 0.999731 48.3336
0.999559 0.0206859 -0.0218004 -1.19851 -0.0208178 0.999771 -0.00582348 -1.08838 0.0216724 0.00627356 0.99976 49.4181
0.999643 0.0178377 -0.0203649 -1.24799 -0.017894 0.999842 -0.00261074 -1.13164 0.0203136 0.00297333 0.999805 50.4985
0.999691 0.0172049 -0.0185552 -1.29275 -0.0172551 0.999853 -0.00251469 -1.16386 0.0185064 0.00283275 0.99984 51.5998
0.999721 0.0161608 -0.0178302 -1.30899 -0.0162215 0.999868 -0.00328349 -1.19844 0.0177731 0.00357092 0.999853 52.6607
0.999753 0.0163588 -0.0157687 -1.37856 -0.0164366 0.999858 -0.00478469 -1.22848 0.0156851 0.0050414 0.999879 53.7852
0.999778 0.0151264 -0.0153877 -1.39786 -0.0152585 0.999852 -0.00852996 -1.2453 0.0152546 0.00876196 0.999862 54.779
0.999805 0.0136233 -0.0151082 -1.4139 -0.0138001 0.999842 -0.0116363 -1.27828 0.0149441 0.0118412 0.999834 55.8527
0.99981 0.0121385 -0.0160053 -1.41299 -0.0123517 0.999841 -0.0133084 -1.30927 0.0158392 0.0135026 0.999802 56.9435
0.999826 0.0103441 -0.0162814 -1.42451 -0.0105128 0.999897 -0.0102812 -1.34838 0.01617 0.0104493 0.99983 58.042
0.999858 0.00769102 -0.015721 -1.44178 -0.00775158 0.999969 -0.00380533 -1.37974 0.0156892 0.00392557 0.999888 59.1215
0.999904 0.00432716 -0.0140124 -1.46432 -0.00429503 0.999993 0.00235036 -1.40394 0.014019 -0.00229118 0.999915 60.1531
0.999917 0.00298925 -0.0133968 -1.49434 -0.00293564 0.999994 0.0040106 -1.43525 0.0134067 -0.00397214 0.99992 61.2659
0.99994 -0.00104033 -0.0119423 -1.517 0.0010527 1 0.00107443 -1.44599 0.0119376 -0.00108815 0.999944 62.3358
0.99995 -0.00255879 -0.0108152 -1.55254 0.00254074 1 -0.00170422 -1.46549 0.0108172 0.00167542 0.99996 63.4115
0.999939 -0.0011197 -0.0120247 -1.55849 0.00105014 0.999989 -0.00574774 -1.48529 0.0120273 0.00573347 0.999928 64.5318
0.999956 -0.00118544 -0.0106337 -1.59974 0.00106996 0.999947 -0.0108882 -1.49375 0.0106436 0.0108751 0.999904 65.6166
0.999975 0.00132208 -0.00863409 -1.64021 -0.00144338 0.999907 -0.0140269 -1.48041 0.00861084 0.0140377 0.999883 66.6856
0.999972 0.00517901 -0.00767416 -1.66185 -0.00526617 0.999929 -0.0114182 -1.49881 0.00761187 0.0114569 0.999926 67.8053
0.999968 0.00693564 -0.00654106 -1.69848 -0.00700337 0.999929 -0.0103411 -1.51399 0.00646482 0.0103853 0.999944 68.9005
0.999969 0.00639194 -0.00728354 -1.70437 -0.00647609 0.99992 -0.0116126 -1.51666 0.00720613 0.011658 0.999929 70.0119
0.999982 0.00449136 -0.00657707 -1.73334 -0.00456822 0.99993 -0.011653 -1.53345 0.00652008 0.0116816 0.999929 71.1109
1.00001 0.00312148 -0.0030392 -1.77984 -0.00316063 0.999919 -0.0129779 -1.52015 0.00299569 0.0129862 0.999935 72.1615
1.00001 0.000132075 -0.00416918 -1.77405 -0.000183021 0.999935 -0.0121083 -1.52853 0.00416318 0.0121078 0.999937 73.2602
1.00001 -0.00152585 -0.0034515 -1.80505 0.00148313 0.999932 -0.0122918 -1.53364 0.0034671 0.0122853 0.999943 74.3471
1.00001 -0.0021753 -0.00219393 -1.83676 0.0021445 0.999911 -0.0137738 -1.56583 0.00221956 0.0137678 0.999923 75.42
1.00001 -0.00163128 -0.00270047 -1.85612 0.00158444 0.999859 -0.0172558 -1.60467 0.00272532 0.0172501 0.999872 76.5532
1 -0.00161273 -0.00483102 -1.84311 0.00151701 0.999814 -0.0196704 -1.63439 0.00485769 0.0196617 0.999816 77.6231
1.00001 -0.000130691 -0.00461315 -1.87449 4.74206e-05 0.999847 -0.0180266 -1.66958 0.00461192 0.0180248 0.999852 78.6816
0.999999 0.000336822 -0.00581331 -1.87797 -0.000418799 0.99991 -0.0140398 -1.70129 0.00580395 0.0140408 0.999907 79.7704
0.999997 0.00171691 -0.0064373 -1.89794 -0.00178477 0.999953 -0.010513 -1.72595 0.00641606 0.0105227 0.999949 80.8416
0.999995 0.00250838 -0.00623102 -1.92775 -0.00257378 0.999951 -0.0103844 -1.7486 0.00620059 0.010399 0.99995 81.9334
0.999996 0.00256818 -0.00643563 -1.94755 -0.00265103 0.999924 -0.0128502 -1.77189 0.00639926 0.0128653 0.999923 83.0063
0.999997 0.00221728 -0.00608147 -1.97813 -0.00229998 0.999915 -0.0134675 -1.80563 0.00604719 0.0134801 0.999915 84.0538
1 0.00128725 -0.00603284 -2.00554 -0.00137602 0.999902 -0.0146679 -1.82108 0.00601052 0.0146743 0.999902 85.1034
0.999999 0.000434263 -0.00623325 -2.0276 -0.000524183 0.999907 -0.0142708 -1.85777 0.00622256 0.0142728 0.999903 86.1402
1 -0.000949285 -0.005668 -2.06178 0.000875215 0.999926 -0.0129952 -1.8885 0.00567697 0.0129884 0.999928 87.1486
1 -0.00114297 -0.00579299 -2.08073 0.00107886 0.99995 -0.0108484 -1.90866 0.0058012 0.0108409 0.999949 88.1226
0.999997 -0.00258886 -0.00628981 -2.09994 0.00252587 0.999958 -0.00993889 -1.9397 0.00631234 0.00992108 0.99996 89.1185
0.999981 -0.00417912 -0.00766356 -2.12476 0.00410255 0.999953 -0.0097974 -1.96607 0.00770027 0.00976451 0.999948 90.0693
0.99995 -0.00553304 -0.0104282 -2.15204 0.00542514 0.999942 -0.0103101 -2.00269 0.0104818 0.010251 0.999922 91.0199
0.999919 -0.00570986 -0.013117 -2.18156 0.00556948 0.999938 -0.0106101 -2.03865 0.013173 0.010535 0.999885 91.9357
0.999883 -0.00618677 -0.0153472 -2.21962 0.00603163 0.999941 -0.0101075 -2.06964 0.0154059 0.0100117 0.999861 92.8155
0.999859 -0.00526799 -0.0172981 -2.25884 0.00511154 0.999956 -0.00899329 -2.09775 0.017341 0.00890225 0.999837 93.7027
0.999789 -0.00452105 -0.0209946 -2.29637 0.00436217 0.999971 -0.00758712 -2.12984 0.0210254 0.00749185 0.99978 94.5444
0.999714 -0.00373021 -0.0245283 -2.33822 0.00358002 0.999985 -0.00611688 -2.15841 0.0245469 0.00602598 0.999708 95.3247
0.999659 -0.00240721 -0.0267137 -2.37821 0.00227644 0.999995 -0.00490949 -2.18499 0.0267225 0.00484481 0.999661 96.1171
0.999586 -0.000266953 -0.0295521 -2.405 0.000132036 1 -0.00453094 -2.20974 0.0295495 0.00452381 0.999581 96.8801
0.999503 0.00192512 -0.0320548 -2.44225 -0.00209823 0.999994 -0.00535765 -2.24245 0.0320414 0.00542003 0.999502 97.6233
0.999394 0.00339303 -0.0352884 -2.46011 -0.0036543 0.999977 -0.00731272 -2.29454 0.035259 0.00743586 0.999379 98.32
0.999301 0.00631047 -0.0373595 -2.50042 -0.00671023 0.999932 -0.0105802 -2.32289 0.0372871 0.0108211 0.999277 98.9945
0.999178 0.00803996 -0.0403306 -2.51992 -0.00859376 0.999882 -0.0135538 -2.34037 0.0402129 0.0138877 0.999125 99.6899
0.999035 0.0105283 -0.0431288 -2.51337 -0.0111683 0.999841 -0.0146275 -2.36267 0.0429649 0.0150925 0.998994 100.329
0.998932 0.0127099 -0.0449887 -2.50042 -0.0133844 0.999813 -0.014703 -2.38381 0.0447895 0.0152879 0.998909 100.952
0.99894 0.017102 -0.0432054 -2.51162 -0.0176953 0.999765 -0.0133908 -2.40765 0.0429632 0.0141386 0.999008 101.573
0.999072 0.0194707 -0.0390597 -2.51191 -0.0199577 0.999738 -0.012095 -2.43247 0.03881 0.0128617 0.999194 102.164
0.999221 0.0203846 -0.0343931 -2.47627 -0.0207342 0.999748 -0.00984595 -2.45792 0.0341806 0.010549 0.999392 102.716
0.999464 0.0200322 -0.0268249 -2.44648 -0.0202584 0.999773 -0.00815933 -2.46402 0.0266514 0.00869683 0.999638 103.23
0.999692 0.0196954 -0.0163873 -2.42588 -0.0198175 0.999788 -0.00733495 -2.47713 0.0162365 0.00765499 0.999871 103.744
0.99983 0.018972 -0.00553629 -2.3695 -0.0190179 0.999796 -0.00823948 -2.47896 0.00537483 0.00834175 0.999982 104.236
0.999814 0.0191148 0.00701938 -2.30958 -0.0190382 0.999771 -0.0108015 -2.47197 -0.007227 0.0106633 0.99995 104.712
0.99962 0.0179696 0.0220589 -2.24185 -0.017625 0.999732 -0.0157447 -2.46105 -0.0223399 0.0153483 0.999664 105.14
0.999082 0.0180772 0.0393999 -2.13712 -0.0172391 0.999631 -0.021508 -2.46174 -0.0397768 0.0208065 0.999025 105.565
0.998068 0.0156038 0.0605652 -2.03963 -0.0139509 0.999532 -0.0276302 -2.46097 -0.0609721 0.0267302 0.997813 105.972
0.996405 0.013221 0.0839445 -1.91496 -0.0105304 0.99943 -0.0324171 -2.45427 -0.0843277 0.0314139 0.995977 106.408
0.993968 0.010881 0.10936 -1.77169 -0.00710826 0.999379 -0.0348361 -2.45752 -0.109676 0.033847 0.993424 106.801
0.990425 0.00874512 0.137939 -1.62012 -0.00351903 0.999279 -0.0380878 -2.45862 -0.138175 0.037235 0.989741 107.189
0.98533 0.00629329 0.170699 -1.4689 0.000628718 0.999192 -0.0404718 -2.46771 -0.17082 0.0399838 0.984525 107.578
0.978304 0.00352382 0.207261 -1.31089 0.00527067 0.999121 -0.0418672 -2.47792 -0.207228 0.0420486 0.977423 107.986
0.969698 0.00152447 0.24441 -1.14014 0.00940845 0.999018 -0.0435626 -2.48791 -0.24424 0.0445404 0.968727 108.337
0.959033 0.00200022 0.283371 -0.956277 0.0111044 0.998954 -0.0446344 -2.50948 -0.283166 0.0459499 0.958004 108.687
0.945297 0.00354146 0.326267 -0.781457 0.0117444 0.998936 -0.0448725 -2.53083 -0.326082 0.0462481 0.944246 109.031
0.930387 0.00202472 0.366638 -0.551893 0.0146406 0.998994 -0.0426705 -2.55694 -0.366357 0.0450652 0.929419 109.334
0.913606 0.00105511 0.406662 -0.301036 0.0167725 0.99906 -0.0402753 -2.58444 -0.406325 0.0436149 0.912725 109.634
0.891952 -0.000701317 0.452184 -0.107545 0.0207408 0.999022 -0.0393638 -2.61159 -0.451715 0.0444866 0.89109 109.944
0.869409 -0.000787898 0.494145 0.139134 0.023155 0.998977 -0.0391482 -2.65532 -0.49361 0.0454762 0.868533 110.226
0.843245 0.0011425 0.537575 0.355967 0.0243898 0.998899 -0.0403822 -2.68885 -0.537029 0.0471608 0.842284 110.512
0.81415 0.00528289 0.580674 0.586731 0.0242513 0.998788 -0.0430905 -2.71272 -0.580201 0.0491625 0.813032 110.789
0.781631 0.0114865 0.623674 0.834522 0.0211664 0.998779 -0.0449233 -2.73752 -0.623428 0.0483117 0.78043 111.05
0.74873 0.0156713 0.662728 1.14058 0.0188254 0.998827 -0.0448888 -2.77574 -0.662656 0.0460839 0.747553 111.276
0.711872 0.015912 0.702164 1.4348 0.0219246 0.998766 -0.0448622 -2.78976 -0.70201 0.0473282 0.71064 111.504
0.67336 0.0113469 0.739263 1.72311 0.0303977 0.998624 -0.043017 -2.80707 -0.738734 0.051436 0.672085 111.736
0.631698 0.00960954 0.775188 2.04563 0.0315074 0.998792 -0.0380577 -2.82602 -0.774615 0.0484623 0.630628 111.934
0.587837 0.00835415 0.808968 2.38429 0.0323517 0.998917 -0.0338251 -2.8408 -0.808374 0.0460532 0.586926 112.12
0.542326 0.00626242 0.840175 2.74066 0.0342069 0.998992 -0.0295277 -2.84945 -0.83951 0.0447506 0.541562 112.291
0.493871 0.00178963 0.869564 3.12088 0.037612 0.999032 -0.0234189 -2.87362 -0.868762 0.04427 0.493322 112.446
0.443435 0.00197494 0.896334 3.50783 0.035255 0.999197 -0.0196441 -2.89107 -0.89565 0.0403079 0.443007 112.607
0.393513 0.00644342 0.919326 3.89939 0.0324881 0.999268 -0.020911 -2.90809 -0.918784 0.0380941 0.393012 112.739
0.345016 0.0123014 0.938545 4.30701 0.0323305 0.999177 -0.0249826 -2.90428 -0.938075 0.0389602 0.344333 112.849
0.300029 0.0128882 0.953872 4.70916 0.0356166 0.999075 -0.0247025 -2.92187 -0.953305 0.0413831 0.299289 112.928
0.260179 0.0131621 0.965499 5.13945 0.0427897 0.998779 -0.0251483 -2.92084 -0.964647 0.0478537 0.259297 112.995
0.225915 0.0121352 0.9741 5.56697 0.0498981 0.998481 -0.0240123 -2.94208 -0.972908 0.0540285 0.224964 113.048
0.196224 0.013603 0.980493 6.01728 0.0563121 0.998109 -0.0251187 -2.92605 -0.978977 0.0601397 0.195086 113.096
0.170168 0.0121453 0.98537 6.51229 0.0527141 0.998396 -0.0214104 -2.95261 -0.984043 0.0555843 0.169254 113.157
0.146664 0.00802655 0.989183 7.01152 0.0448325 0.998897 -0.0147543 -2.99156 -0.988206 0.0465087 0.146142 113.223
0.123627 0.00450084 0.992348 7.51447 0.0394126 0.999195 -0.00944305 -3.00309 -0.991585 0.0402763 0.123349 113.272
0.102548 0.00217822 0.994756 8.02682 0.0436213 0.999039 -0.00668637 -3.00981 -0.993807 0.0440755 0.102354 113.287
0.0828957 0.00261407 0.996586 8.55781 0.052125 0.998634 -0.00695623 -3.0183 -0.995234 0.0525212 0.0826458 113.297
0.0654467 0.0043558 0.997877 9.09557 0.0582687 0.998279 -0.00818118 -3.02543 -0.996191 0.0586774 0.0650801 113.306
0.0516563 0.0115612 0.998632 9.66782 0.0568475 0.998296 -0.0144991 -3.01711 -0.997087 0.0575159 0.0509115 113.326
0.039949 0.0176881 0.999077 10.2684 0.0535035 0.998384 -0.0198173 -3.01069 -0.997806 0.054243 0.0389384 113.368
0.0334952 0.0172474 0.999325 10.8773 0.0549631 0.998323 -0.0190738 -3.02982 -0.997969 0.0555621 0.032492 113.38
0.0303494 0.0148075 0.999464 11.5034 0.0607242 0.998031 -0.0166323 -3.03567 -0.997733 0.0611934 0.0293912 113.388
0.0294464 0.0142944 0.999499 12.1485 0.0618492 0.997972 -0.0160961 -3.03899 -0.997695 0.062289 0.0285038 113.428
0.0319938 0.0167116 0.999384 12.862 0.0616014 0.997942 -0.0186618 -3.01259 -0.997628 0.0621574 0.0308992 113.462
0.0321932 0.0171742 0.999369 13.5724 0.0573484 0.998191 -0.0190027 -3.03719 -0.99788 0.0579207 0.0311513 113.521
0.0321484 0.0196008 0.999327 14.2695 0.0557634 0.99823 -0.0213754 -3.03593 -0.997966 0.05641 0.0309993 113.566
0.0334492 0.0207462 0.999259 15.0019 0.055643 0.998211 -0.0225885 -3.05155 -0.997936 0.0563542 0.0322363 113.594
0.0350453 0.020869 0.999204 15.7468 0.05518 0.998232 -0.0227863 -3.06828 -0.997902 0.0559316 0.0338327 113.618
0.0363806 0.0189825 0.999192 16.5075 0.0555619 0.998251 -0.0209891 -3.09461 -0.997839 0.0562774 0.0352635 113.648
0.0361626 0.0194043 0.999194 17.2912 0.0550454 0.998271 -0.0213809 -3.09325 -0.99787 0.055771 0.0350329 113.691
0.0355779 0.0172623 0.999254 18.0586 0.0554673 0.998293 -0.0192223 -3.1178 -0.997872 0.0561064 0.034561 113.721
0.0350753 0.0190135 0.99924 18.8446 0.0526097 0.998413 -0.0208469 -3.08244 -0.99804 0.0532978 0.0340204 113.749
0.0338844 0.019334 0.999276 19.6391 0.0515219 0.998469 -0.0210674 -3.08556 -0.998144 0.0521952 0.0328381 113.778
0.0325468 0.0192448 0.999323 20.4458 0.0532205 0.998378 -0.0209623 -3.07006 -0.998095 0.0538636 0.031471 113.809
0.030727 0.0189997 0.999386 21.2389 0.0545169 0.998318 -0.0206577 -3.07228 -0.998089 0.0551147 0.0296415 113.842
0.0288509 0.0200144 0.999422 22.0813 0.0519815 0.998433 -0.0214977 -3.075 -0.998275 0.0525688 0.0277669 113.877
0.0283216 0.026177 0.999295 22.9012 0.0498437 0.998395 -0.0275682 -3.08206 -0.998404 0.050586 0.0269736 113.898
0.0267988 0.0427012 0.998768 23.7078 0.0480774 0.997892 -0.0439564 -2.96482 -0.998528 0.0491931 0.0246913 113.936
0.0253987 0.0447031 0.998719 24.5224 0.0480389 0.997809 -0.0458865 -3.00181 -0.998572 0.0491394 0.0231983 113.957
0.0232896 0.0425813 0.998862 25.3619 0.045472 0.998029 -0.0436088 -3.04533 -0.998738 0.0464328 0.0213095 113.992
0.022828 0.0390136 0.999021 26.2272 0.0426276 0.998312 -0.0399624 -3.0869 -0.99888 0.0434948 0.0211291 114.01
0.022887 0.0339131 0.999203 27.0686 0.0411953 0.998559 -0.0348375 -3.12975 -0.998933 0.0419566 0.0214592 114.024
0.0233234 0.0296399 0.999333 27.9189 0.0381082 0.998828 -0.0305168 -3.15484 -0.999052 0.0387912 0.0221694 114.04
0.0235532 0.0307943 0.99929 28.7657 0.034413 0.998924 -0.031597 -3.16597 -0.999176 0.0351294 0.0224705 114.066
0.0250862 0.0396009 0.998945 29.5979 0.0372045 0.998505 -0.0405202 -3.18591 -0.999043 0.0381781 0.0235783 114.08
0.025337 0.0518448 0.998378 30.4277 0.0390108 0.997859 -0.052811 -3.21864 -0.998964 0.0402821 0.0232628 114.116
0.0247919 0.0565797 0.998135 31.2443 0.0401029 0.997556 -0.0575454 -3.27398 -0.998939 0.041451 0.0224653 114.154
0.0261346 0.051665 0.998367 32.0849 0.0416711 0.997756 -0.0527274 -3.32005 -0.998836 0.0429775 0.0239256 114.18
0.0277394 0.0438966 0.998696 32.9105 0.0445212 0.998009 -0.0451056 -3.3753 -0.998675 0.0457105 0.0257328 114.194
0.0297218 0.0413193 0.998748 33.7547 0.045822 0.998056 -0.0426574 -3.42467 -0.998555 0.0470288 0.0277732 114.204
0.0304899 0.0425591 0.998675 34.5859 0.0463178 0.997979 -0.0439462 -3.46977 -0.998513 0.0475924 0.02846 114.229
0.0289287 0.0426928 0.998714 35.4149 0.0427005 0.998141 -0.0439084 -3.5411 -0.998716 0.0439125 0.0270545 114.266
0.0284113 0.0439765 0.998675 36.2326 0.0420065 0.998116 -0.0451496 -3.57273 -0.998766 0.0432301 0.0265135 114.281
0.0267543 0.0433852 0.998746 37.0335 0.0422042 0.998136 -0.0444925 -3.63668 -0.998798 0.0433383 0.0248759 114.3
0.0255188 0.0436154 0.998769 37.8374 0.041546 0.998158 -0.0446529 -3.69516 -0.998863 0.0426308 0.0236628 114.313
0.0232522 0.0445077 0.998785 38.6466 0.039287 0.998215 -0.0454003 -3.73913 -0.999005 0.0402916 0.0214647 114.337
0.0210509 0.0427912 0.998911 39.4428 0.0371869 0.99838 -0.0435549 -3.79829 -0.99914 0.03806 0.0194287 114.362
0.0184855 0.0426065 0.998968 40.2349 0.0379363 0.998361 -0.0432863 -3.83435 -0.999157 0.0386942 0.0168415 114.39
0.0172215 0.0433745 0.998959 41.0178 0.0378507 0.998335 -0.0440029 -3.87786 -0.999189 0.0385657 0.0155542 114.402
0.0157851 0.0455805 0.998883 41.7977 0.0378238 0.998236 -0.0461525 -3.91153 -0.999209 0.0385071 0.0140361 114.415
0.0149892 0.0457315 0.998889 42.5779 0.0387426 0.998197 -0.0462842 -3.96325 -0.999191 0.03939 0.0131936 114.428
0.0141954 0.0465319 0.998863 43.3628 0.0420813 0.998022 -0.0470945 -4.00229 -0.999062 0.0426989 0.012212 114.446
0.0141218 0.048119 0.998791 44.1426 0.0447268 0.997832 -0.0487083 -4.02428 -0.998953 0.045357 0.0119423 114.447
0.0120327 0.0490532 0.998771 44.9257 0.0443436 0.997805 -0.0495439 -4.06771 -0.998993 0.0448821 0.00983391 114.472
0.0110725 0.0506896 0.998702 45.6672 0.0441597 0.997735 -0.0511333 -4.10949 -0.999017 0.044665 0.00881241 114.484
0.0101161 0.0501608 0.998738 46.4081 0.0433469 0.997798 -0.0505566 -4.15517 -0.999059 0.0438004 0.00792242 114.502
0.00935406 0.0509701 0.998706 47.1109 0.0448747 0.997692 -0.051342 -4.19817 -0.999003 0.0452931 0.00704869 114.518
0.0106538 0.0539477 0.998535 47.8212 0.0460639 0.997476 -0.0543859 -4.24753 -0.998932 0.0465727 0.00814478 114.519
0.0106712 0.0570295 0.998365 48.515 0.04555 0.997328 -0.0574604 -4.29621 -0.998959 0.046085 0.00804847 114.531
0.0117944 0.0590472 0.998234 49.2236 0.0443187 0.997262 -0.0595173 -4.35002 -0.998998 0.0449394 0.00914801 114.537
0.0116849 0.0647458 0.997883 49.9001 0.043907 0.996925 -0.0652011 -4.33129 -0.99902 0.0445724 0.00880962 114.557
0.0123782 0.0677319 0.997676 50.6087 0.0462465 0.996615 -0.068238 -4.35114 -0.998905 0.0469806 0.00920677 114.562
0.0138754 0.0697364 0.997518 51.2637 0.0467212 0.99645 -0.0703148 -4.36714 -0.998865 0.0475774 0.0105714 114.572
0.0128492 0.07171 0.997393 51.9184 0.0427589 0.996492 -0.0722006 -4.39899 -0.999055 0.0435718 0.00974066 114.597
0.0130451 0.0722895 0.997348 52.6085 0.0404751 0.996547 -0.0727642 -4.46178 -0.99915 0.0413136 0.0100775 114.618
0.0135453 0.0705069 0.99747 53.2818 0.0422611 0.996599 -0.0710237 -4.52561 -0.999067 0.0431132 0.0105222 114.624
0.0136816 0.0696413 0.997529 53.9499 0.04293 0.996631 -0.0701708 -4.58855 -0.999039 0.0437804 0.0106491 114.619
0.00928398 0.0692607 0.997607 54.626 0.0399943 0.996795 -0.069581 -4.64997 -0.999209 0.0405417 0.00648697 114.648
0.00508324 0.0688921 0.997662 55.2852 0.0364989 0.996967 -0.0690335 -4.71818 -0.999376 0.036761 0.00255676 114.635
-0.000352581 0.0721341 0.997447 55.9334 0.039966 0.99662 -0.0720647 -4.77837 -0.999254 0.0398358 -0.00323134 114.631
-0.00727156 0.0746814 0.997234 56.5884 0.0428584 0.996337 -0.0743053 -4.83835 -0.999109 0.0421958 -0.010442 114.632
-0.0129285 0.0777792 0.996939 57.2623 0.0429337 0.996115 -0.0771629 -4.87493 -0.999047 0.0418023 -0.0162144 114.61
-0.0196503 0.0786004 0.996766 57.9441 0.0392371 0.99622 -0.0777876 -4.91686 -0.999092 0.0375779 -0.0226561 114.607
-0.0254749 0.0790545 0.996597 58.6228 0.0402481 0.996162 -0.077996 -4.96211 -0.998918 0.0381218 -0.0285555 114.604
-0.0308696 0.0809146 0.996296 59.3315 0.038137 0.99611 -0.0797216 -5.02575 -0.998851 0.035531 -0.0338312 114.599
-0.034269 0.081668 0.996124 60.039 0.0369962 0.996097 -0.080398 -5.07493 -0.998781 0.0340952 -0.0371531 114.573
-0.0365327 0.08054 0.996136 60.7424 0.0374612 0.99618 -0.0791735 -5.11344 -0.998686 0.0344201 -0.039406 114.547
-0.0384056 0.0827523 0.995884 61.4571 0.0415141 0.995858 -0.0811542 -5.11418 -0.998453 0.0382238 -0.0416783 114.533
-0.0386884 0.0845033 0.995726 62.1674 0.0429691 0.99566 -0.082832 -5.13331 -0.998383 0.0395769 -0.0421472 114.499
-0.0398488 0.0863138 0.995524 62.9176 0.0429148 0.995511 -0.0846 -5.18375 -0.998339 0.0393488 -0.0433703 114.476
-0.0388451 0.0935091 0.994915 63.6383 0.0458481 0.994754 -0.0917076 -5.22009 -0.998249 0.0420487 -0.0429241 114.439
-0.0382372 0.0977118 0.994533 64.3831 0.0520769 0.994069 -0.0956693 -5.29721 -0.997966 0.0481313 -0.0430953 114.404
-0.037613 0.10185 0.994144 65.1192 0.0596463 0.993272 -0.0995082 -5.38209 -0.997568 0.0555499 -0.0434305 114.36
-0.0378835 0.103282 0.993985 65.8847 0.0602191 0.993091 -0.1009 -5.46555 -0.997522 0.0560315 -0.0438378 114.328
-0.0377603 0.100669 0.994259 66.6346 0.0581817 0.99347 -0.0983839 -5.55695 -0.997649 0.0541284 -0.0433664 114.3
-0.0370433 0.094554 0.994885 67.3754 0.0581394 0.99405 -0.0923159 -5.65288 -0.997676 0.0544195 -0.0423169 114.273
-0.035008 0.0920813 0.995193 68.139 0.0606549 0.994131 -0.0898536 -5.74149 -0.997603 0.0572133 -0.0403835 114.221
-0.0341362 0.0926189 0.995172 68.8946 0.0611968 0.99404 -0.0904204 -5.81139 -0.997598 0.0578117 -0.0395975 114.176
-0.0352125 0.0921465 0.99518 69.6447 0.0603161 0.994144 -0.0899208 -5.91015 -0.997616 0.0568544 -0.0405602 114.144
-0.036341 0.0941031 0.994956 70.404 0.0609725 0.993929 -0.0917853 -5.97666 -0.997535 0.0573263 -0.0418547 114.11
-0.0377277 0.0943553 0.994881 71.1455 0.0622304 0.993845 -0.0919017 -6.05628 -0.997407 0.0584398 -0.0433632 114.073
-0.0377473 0.0958943 0.994733 71.9021 0.0646527 0.993553 -0.0933335 -6.12193 -0.997251 0.0607857 -0.0437004 114.028
-0.0401008 0.094032 0.994821 72.6203 0.0641111 0.993774 -0.0913541 -6.22025 -0.997197 0.0601105 -0.0458756 113.999
-0.0415211 0.0958796 0.994587 73.3745 0.0616398 0.993756 -0.0932326 -6.27447 -0.997293 0.0574318 -0.0471685 113.97
-0.0412209 0.0977499 0.994417 74.1379 0.0625211 0.993526 -0.0950762 -6.35743 -0.997252 0.0582478 -0.0470616 113.922
-0.0415046 0.0983832 0.994344 74.9046 0.0607644 0.993569 -0.0957768 -6.43688 -0.997348 0.0564421 -0.0472127 113.887
-0.0429796 0.0989478 0.994223 75.6626 0.0596799 0.993582 -0.0963097 -6.51062 -0.997353 0.0551908 -0.0486049 113.859
-0.0427733 0.0994651 0.994183 76.4282 0.0609214 0.993462 -0.0967786 -6.55749 -0.997286 0.056424 -0.0485499 113.821
-0.0437611 0.0975758 0.994325 77.2111 0.058834 0.993764 -0.0949372 -6.64431 -0.99737 0.0543406 -0.049225 113.79
-0.0449644 0.095971 0.994429 77.9964 0.0565468 0.994045 -0.0933838 -6.7251 -0.997448 0.0520293 -0.0501201 113.75
-0.0465879 0.0975149 0.994204 78.8053 0.0578364 0.993839 -0.094775 -6.78364 -0.997301 0.0530805 -0.0519367 113.712
-0.0475005 0.100611 0.993853 79.5907 0.0587051 0.993496 -0.0977762 -6.83332 -0.997206 0.0536962 -0.0530945 113.663
-0.0489652 0.105791 0.993245 80.3776 0.0579766 0.993021 -0.102915 -6.865 -0.99718 0.0525406 -0.0547527 113.616
-0.0508488 0.116619 0.991936 81.2067 0.0607529 0.991701 -0.113485 -6.86223 -0.99692 0.0544888 -0.0575081 113.6
-0.0512436 0.12273 0.991179 82.0018 0.0629315 0.990866 -0.119444 -6.92911 -0.996766 0.0562506 -0.0584947 113.559
-0.0513168 0.127552 0.990565 82.8273 0.0641887 0.990201 -0.124187 -7.0271 -0.99668 0.0572066 -0.0589977 113.496
-0.0506 0.128152 0.990525 83.6737 0.0664676 0.989988 -0.124694 -7.15042 -0.996569 0.0595233 -0.058607 113.454
-0.04843 0.128354 0.990607 84.4947 0.069756 0.989742 -0.124839 -7.24885 -0.996451 0.0630511 -0.0568829 113.383
-0.0484227 0.127091 0.990771 85.3471 0.0704577 0.989857 -0.123537 -7.36279 -0.996403 0.0638203 -0.0568818 113.343
-0.0470936 0.124939 0.991108 86.1661 0.0691992 0.990192 -0.121543 -7.48642 -0.996555 0.0628562 -0.0552735 113.297
-0.0456937 0.123435 0.991364 87.0119 0.0673261 0.990483 -0.120229 -7.59393 -0.996749 0.0612457 -0.053565 113.263
-0.0434275 0.121639 0.991687 87.8713 0.0678155 0.99065 -0.11855 -7.69511 -0.996816 0.0620996 -0.0512667 113.221
-0.0402029 0.120448 0.99197 88.7269 0.0695863 0.990657 -0.117476 -7.78095 -0.996831 0.0642993 -0.0482047 113.174
-0.0385682 0.121032 0.991963 89.5768 0.0677468 0.990691 -0.118251 -7.89372 -0.997022 0.0626377 -0.046405 113.142
-0.0373117 0.124901 0.991534 90.4253 0.0686887 0.990156 -0.122149 -8.01521 -0.997006 0.063544 -0.0455194 113.116
-0.0348911 0.129651 0.99101 91.2503 0.0681027 0.989573 -0.127074 -8.14856 -0.997133 0.063053 -0.0433532 113.069
-0.0334497 0.132168 0.990731 92.1278 0.0657096 0.989387 -0.129778 -8.28575 -0.997345 0.0607538 -0.0417751 113.044
-0.031529 0.128676 0.991251 92.9636 0.0639506 0.989926 -0.126479 -8.42013 -0.997521 0.0593995 -0.0394367 113.007
-0.0294744 0.125614 0.99171 93.8447 0.064614 0.990258 -0.123519 -8.55211 -0.997542 0.0604321 -0.0372995 112.974
-0.0277448 0.124596 0.991885 94.7098 0.0657121 0.990302 -0.122569 -8.66762 -0.997519 0.0617745 -0.0356597 112.936
-0.0250826 0.124193 0.99201 95.5865 0.066488 0.990285 -0.122304 -8.79526 -0.997539 0.0628832 -0.0330921 112.901
-0.0240575 0.124992 0.991932 96.4483 0.0664187 0.990181 -0.12317 -8.90668 -0.997568 0.0629161 -0.0321196 112.875
-0.0224065 0.123057 0.992219 97.2897 0.0691099 0.990234 -0.12126 -9.02369 -0.997425 0.0658493 -0.0306879 112.843
-0.0207821 0.123402 0.992206 98.1489 0.0712648 0.990032 -0.121649 -9.12984 -0.997308 0.0681777 -0.0293657 112.815
-0.0197586 0.125744 0.991939 98.9985 0.0730145 0.989615 -0.124004 -9.23237 -0.997203 0.0699701 -0.0287304 112.795
-0.0186644 0.129521 0.991469 99.8293 0.0740306 0.989051 -0.127821 -9.33224 -0.99715 0.0710098 -0.0280449 112.767
-0.0182493 0.13183 0.991178 100.694 0.0710699 0.988956 -0.130236 -9.44979 -0.997373 0.0680605 -0.0274127 112.756
-0.0181736 0.128382 0.991627 101.575 0.0663982 0.989709 -0.126926 -9.57166 -0.997697 0.0635322 -0.0265072 112.746
-0.0191261 0.127133 0.991776 102.433 0.0620823 0.990143 -0.125736 -9.69418 -0.997957 0.0591613 -0.0268262 112.743
-0.0204644 0.128565 0.991559 103.283 0.0588031 0.990158 -0.127179 -9.80933 -0.99813 0.0557007 -0.0278193 112.728
-0.0226218 0.13272 0.990971 104.128 0.0554806 0.989811 -0.131308 -9.94499 -0.998273 0.0520038 -0.0297505 112.72
-0.0227719 0.135514 0.990584 104.961 0.0547245 0.989477 -0.134114 -10.0607 -0.998312 0.0511518 -0.0299444 112.686
-0.0207495 0.137937 0.9903 105.808 0.054468 0.989145 -0.136645 -10.1563 -0.998371 0.0510986 -0.0280331 112.633
-0.0202599 0.138009 0.990296 106.645 0.0556408 0.989071 -0.13671 -10.2789 -0.998317 0.0523276 -0.0277136 112.603
-0.0202438 0.140148 0.99 107.501 0.0565635 0.988724 -0.138821 -10.3901 -0.998266 0.0531819 -0.0279385 112.575
-0.0236931 0.142989 0.989512 108.313 0.0543999 0.98846 -0.141545 -10.5284 -0.99831 0.0504725 -0.0311943 112.577
-0.0256445 0.146191 0.989002 109.131 0.0549872 0.987981 -0.144625 -10.6293 -0.99823 0.0506678 -0.0333703 112.577
-0.0269309 0.148271 0.988654 109.948 0.0555564 0.987656 -0.146619 -10.7345 -0.998166 0.050974 -0.0348317 112.561
-0.0278538 0.147842 0.988697 110.737 0.0553508 0.987737 -0.14615 -10.8549 -0.998152 0.0506484 -0.0356907 112.521
-0.0295328 0.149481 0.988398 111.539 0.0563772 0.987453 -0.147664 -10.9819 -0.998046 0.0513588 -0.0375853 112.476
-0.0322911 0.152666 0.987828 112.333 0.0560168 0.987012 -0.15072 -11.1078 -0.997982 0.0504621 -0.0404187 112.438
-0.0356942 0.154125 0.987481 113.126 0.0541375 0.986906 -0.15209 -11.2416 -0.997969 0.0480277 -0.0435663 112.408
-0.0382364 0.153791 0.987442 113.903 0.0551659 0.986928 -0.151586 -11.379 -0.997819 0.0486711 -0.0462156 112.369
-0.0406387 0.152876 0.987486 114.679 0.0565178 0.987019 -0.150489 -11.5057 -0.997649 0.0496915 -0.0487467 112.327
-0.0425698 0.153467 0.987315 115.46 0.0585873 0.986839 -0.150878 -11.6422 -0.997449 0.0514152 -0.0509956 112.283
-0.0446492 0.159051 0.986337 116.244 0.0549069 0.986167 -0.156549 -11.773 -0.997569 0.0471636 -0.0527598 112.256
-0.0464308 0.166084 0.985098 117.009 0.0524763 0.98515 -0.163631 -11.9128 -0.997618 0.044091 -0.0544515 112.222
-0.0466033 0.168246 0.984721 117.746 0.0574798 0.984556 -0.16551 -12.04 -0.997336 0.0488846 -0.0555495 112.149
-0.048696 0.166289 0.984955 118.521 0.0594643 0.984802 -0.163336 -12.1752 -0.997118 0.0506099 -0.0578389 112.094
-0.0522974 0.159045 0.985964 119.301 0.0587231 0.986042 -0.155955 -12.3132 -0.996981 0.0497391 -0.0609022 112.057
-0.0537862 0.157482 0.986137 120.064 0.0577813 0.986347 -0.154375 -12.4461 -0.996956 0.0486711 -0.062146 112.004
-0.0529141 0.163904 0.985136 120.833 0.0567327 0.985363 -0.160907 -12.5319 -0.997064 0.0473714 -0.0614335 111.919
-0.0551572 0.168097 0.984309 121.583 0.0548828 0.984773 -0.165113 -12.6609 -0.997045 0.0449088 -0.0635376 111.868
-0.0559935 0.173199 0.983373 122.343 0.0561961 0.983849 -0.170095 -12.7597 -0.996927 0.0457336 -0.0648173 111.811
-0.0566216 0.177618 0.982552 123.076 0.0605214 0.982874 -0.174201 -12.892 -0.996637 0.0495959 -0.0663962 111.746
-0.0589261 0.184192 0.981202 123.802 0.0618534 0.98164 -0.180572 -13.0023 -0.996423 0.0500462 -0.069232 111.708
-0.0630075 0.189831 0.979876 124.546 0.0614747 0.980643 -0.186039 -13.0975 -0.996195 0.0485098 -0.0734521 111.683
-0.0653064 0.187851 0.980105 125.278 0.0618847 0.981018 -0.183915 -13.2425 -0.996024 0.0486386 -0.0756865 111.63
-0.0690041 0.183838 0.980615 125.974 0.0661746 0.981578 -0.179375 -13.3875 -0.995496 0.0525083 -0.0798927 111.562
-0.0740958 0.182025 0.98058 126.699 0.0690248 0.981804 -0.177049 -13.5411 -0.99494 0.0545614 -0.0853062 111.492
-0.0791972 0.181065 0.980361 127.438 0.0680661 0.982079 -0.175896 -13.6902 -0.99461 0.0527929 -0.0900963 111.412
-0.0885193 0.180735 0.979623 128.176 0.0681713 0.98222 -0.175067 -13.8467 -0.99382 0.0512813 -0.0992601 111.352
-0.0994752 0.181459 0.97844 128.893 0.0685977 0.982168 -0.17519 -13.9879 -0.99275 0.0496855 -0.110143 111.276
-0.109348 0.183018 0.977092 129.614 0.0707437 0.98187 -0.176008 -14.1192 -0.991563 0.0498732 -0.120306 111.156
-0.122135 0.183835 0.975427 130.31 0.0731949 0.981715 -0.175869 -14.2541 -0.98989 0.0499101 -0.13335 111.061
-0.133694 0.18415 0.973846 131.015 0.0777765 0.981529 -0.174938 -14.3833 -0.988047 0.0523502 -0.145539 110.947
-0.144693 0.185772 0.971968 131.72 0.0828931 0.981066 -0.175185 -14.4893 -0.986078 0.0552147 -0.157345 110.834
-0.154316 0.185724 0.970492 132.427 0.0879062 0.980886 -0.173748 -14.6247 -0.984185 0.058496 -0.167684 110.703
-0.161554 0.184984 0.96946 133.136 0.0950461 0.98065 -0.171295 -14.7759 -0.982358 0.0644627 -0.176001 110.554
-0.167915 0.183063 0.968739 133.844 0.101047 0.980652 -0.167814 -14.9368 -0.980692 0.0697044 -0.183155 110.398
-0.174496 0.183607 0.967477 134.558 0.102133 0.980562 -0.167684 -15.0686 -0.979429 0.0695435 -0.189848 110.261
-0.178691 0.181423 0.96712 135.276 0.106012 0.980707 -0.164399 -15.2003 -0.978261 0.0731447 -0.194467 110.116
-0.178695 0.178239 0.967715 135.946 0.112192 0.980756 -0.159939 -15.3234 -0.977571 0.0799812 -0.195244 109.948
-0.177743 0.176532 0.9682 136.647 0.118709 0.980468 -0.15699 -15.4435 -0.976975 0.0870246 -0.195218 109.782
-0.178157 0.174653 0.968469 137.313 0.121438 0.980526 -0.154504 -15.5688 -0.976563 0.0900741 -0.195889 109.638
-0.176927 0.180547 0.96761 138.018 0.123974 0.979316 -0.160076 -15.6876 -0.976469 0.0916305 -0.195641 109.496
-0.175837 0.184423 0.96708 138.674 0.122123 0.978818 -0.164473 -15.7966 -0.976898 0.0891737 -0.194626 109.362
-0.173671 0.184799 0.967397 139.35 0.12413 0.978537 -0.164657 -15.91 -0.977033 0.0914806 -0.192873 109.212
-0.1703 0.183788 0.968192 140.012 0.125633 0.97851 -0.163664 -16.0196 -0.977434 0.0937561 -0.189721 109.059
-0.166771 0.180224 0.969473 140.666 0.126333 0.978983 -0.160274 -16.1534 -0.977954 0.0957413 -0.186025 108.905
-0.164362 0.180056 0.969918 141.341 0.126783 0.978925 -0.160259 -16.2874 -0.978302 0.09662 -0.183718 108.773
-0.162172 0.182737 0.969784 141.979 0.126906 0.978432 -0.163159 -16.4005 -0.978654 0.0966057 -0.181855 108.655
-0.159174 0.185239 0.969808 142.615 0.127651 0.977881 -0.165845 -16.509 -0.979047 0.0973897 -0.17929 108.56
-0.154148 0.183911 0.970871 143.242 0.127743 0.978015 -0.164997 -16.632 -0.979842 0.0985816 -0.174243 108.445
-0.14781 0.181376 0.972335 143.884 0.127154 0.978392 -0.163193 -16.7625 -0.980892 0.0995057 -0.16767 108.326
-0.143705 0.178723 0.97344 144.509 0.124583 0.979028 -0.161373 -16.8954 -0.981834 0.0980778 -0.162948 108.226
-0.139338 0.178805 0.974062 145.143 0.124454 0.978952 -0.161917 -17.0063 -0.982479 0.0986558 -0.15865 108.13
-0.136242 0.177188 0.974793 145.772 0.124431 0.979174 -0.160608 -17.1263 -0.982918 0.0994062 -0.155442 108.045
-0.130126 0.175849 0.975873 146.364 0.132507 0.978428 -0.158658 -17.2379 -0.982689 0.108655 -0.150612 107.964
-0.126408 0.174385 0.976622 146.98 0.133249 0.978519 -0.157492 -17.3465 -0.983076 0.110219 -0.146919 107.874
-0.123598 0.173636 0.977117 147.581 0.130949 0.978842 -0.157395 -17.4526 -0.98374 0.108489 -0.143713 107.792
-0.120043 0.174885 0.977337 148.197 0.12729 0.978979 -0.15956 -17.5725 -0.984664 0.105244 -0.139771 107.709
-0.114439 0.178704 0.97732 148.79 0.128194 0.978147 -0.163861 -17.6714 -0.98521 0.106525 -0.13484 107.626
-0.107958 0.182766 0.977305 149.384 0.129717 0.977173 -0.168428 -17.7677 -0.985746 0.108584 -0.129192 107.543
-0.10119 0.184788 0.977651 149.963 0.127889 0.97689 -0.171425 -17.8643 -0.986699 0.107675 -0.122477 107.476
-0.091951 0.182729 0.978948 150.547 0.123377 0.977565 -0.170898 -17.9907 -0.98818 0.105059 -0.112424 107.405
-0.0834203 0.180805 0.980071 151.141 0.121423 0.977946 -0.170096 -18.1105 -0.989176 0.104804 -0.103528 107.391
-0.0745355 0.179535 0.981018 151.701 0.121984 0.977945 -0.169721 -18.2246 -0.989819 0.107012 -0.0947845 107.408
-0.0630477 0.175646 0.982529 152.26 0.118317 0.978791 -0.167403 -18.3762 -0.991059 0.105686 -0.0824866 107.392
-0.0490832 0.175304 0.983384 152.831 0.115975 0.978848 -0.168723 -18.4854 -0.992128 0.10576 -0.0683695 107.391
-0.0299951 0.174703 0.98426 153.409 0.112055 0.979016 -0.170374 -18.5979 -0.993336 0.105171 -0.0489371 107.368
-0.00940479 0.171722 0.985197 153.956 0.106784 0.979714 -0.169764 -18.7335 -0.994328 0.103599 -0.0275463 107.363
0.0119876 0.170666 0.985352 154.51 0.100098 0.9802 -0.171008 -18.8541 -0.994992 0.100672 -0.00532959 107.38
