1 -9.32674e-05 -0.00137984 -0.000480946 9.36374e-05 1 0.000261543 -0.00441571 0.00137965 -0.00026177 0.999999 0.555798
1 0.000155037 -0.000481473 -0.00284037 -0.000155074 1 1.66034e-05 -0.000558479 0.000481658 -1.64918e-05 1 0.553977
0.999998 -6.33989e-05 -0.00212174 -0.00206988 6.37895e-05 0.999999 0.000189307 -0.000317254 0.00212151 -0.000189451 0.999998 0.556415
0.999998 -0.00031825 -0.00206629 0.00116955 0.000318836 1 0.000269255 -0.00380345 0.00206633 -0.000269896 0.999998 0.553711
1 -8.73147e-06 -0.000880245 0.00179809 8.92058e-06 1 0.000268034 -0.00442086 0.000880056 -0.000268101 1 0.552574
0.999998 7.56457e-05 -0.00194548 0.000628387 -7.49557e-05 1 0.000361115 -0.000592344 0.00194552 -0.000360992 0.999998 0.570297
1 0.000118973 -0.000810094 -0.0028112 -0.000118455 1 0.000611079 -0.00447243 0.000810162 -0.00061094 0.999999 0.568646
0.999998 9.3526e-05 -0.00179145 -0.00149763 -9.29477e-05 1 0.000333986 -0.00633161 0.00179145 -0.000333846 0.999999 0.584611
1 0.00036996 -0.000257911 -0.00135628 -0.000370244 0.999999 -0.000596055 -0.00138545 0.000257757 0.000596209 0.999999 0.587062
0.999998 0.000293313 -0.0018129 -0.00825855 -0.000292855 1 0.00022272 -0.00072907 0.00181279 -0.000222242 0.999999 0.599904
1 0.000346057 -0.00122544 -0.006454 -0.000345644 1 0.000361221 -0.00501003 0.0012258 -0.000360739 0.999998 0.603315
1 0.000302293 -0.000514847 -0.00813931 -0.000301731 1 0.00104739 -0.00606721 0.000514971 -0.00104723 1 0.617557
0.999998 0.000322484 -0.0019869 -0.0110062 -0.000316604 0.999995 0.00305004 -0.00832693 0.00198801 -0.00304934 0.999992 0.646153
0.999999 0.00169624 0.000437096 -0.00603725 -0.00169921 0.999974 0.00712204 0.011791 -0.000425178 -0.00712279 0.999976 0.64989
0.999998 0.000710264 -0.00166289 -0.00972978 -0.000708861 0.999999 0.00084462 -0.0193705 0.00166372 -0.000843287 0.999997 0.68153
0.999998 0.00160894 -0.00105445 -0.00719025 -0.00160909 0.999999 -0.000113867 -0.0204425 0.00105401 0.000115357 1 0.675769
0.999994 0.00338151 0.000198644 -0.00291307 -0.00338004 0.99997 -0.00695755 -0.0229921 -0.000221943 0.00695704 0.999974 0.677122
0.999997 0.00174107 -0.00193629 -0.011776 -0.00175218 0.999982 -0.00571259 -0.00843703 0.00192614 0.00571568 0.999984 0.723104
1 -0.000366435 -0.000140384 0.00255548 0.00036694 0.999996 0.0029547 -0.00606732 0.000139397 -0.0029545 0.999994 0.718874
0.999996 -0.00249966 -0.00132685 -0.00539987 0.00251154 0.999956 0.00914963 0.00966007 0.00130383 -0.00915307 0.99996 0.770716
0.999999 -0.00138849 0.000812719 -0.00110745 0.0013826 0.999971 0.00743563 -0.00230429 -0.000822944 -0.00743438 0.99997 0.763429
0.999999 0.000900956 -0.00161546 -0.00384097 -0.000899521 1 0.000996037 -0.019067 0.00161635 -0.000994788 1 0.790845
0.999999 0.000411658 -0.000192139 -0.00191693 -0.000411387 1 0.000315095 -0.0130098 0.000192171 -0.000314891 0.999998 0.801776
1 0.000364958 0.00119595 0.000712204 -0.000365329 1 0.000107406 0.00272206 -0.00119577 -0.000108001 1 0.818052
0.999999 0.000178922 -0.000281236 -0.00462781 -0.000178646 1 0.000165706 0.0166557 0.000281108 -0.000165514 0.999997 0.837371
0.999996 -0.00241698 0.00179402 0.000573683 0.00241623 0.999997 0.000284748 0.0292415 -0.00179464 -0.000280548 1 0.856079
0.999999 -0.000779717 -0.000336222 -0.00502636 0.000777956 0.999982 -0.00591634 0.00494123 0.000340725 0.00591624 0.99998 0.87286
0.999998 6.9656e-06 0.00239711 0.00231631 -7.90565e-06 1 0.000277355 0.0216315 -0.00239693 -0.000277493 1 0.88636
0.999999 -0.000574698 -0.00103605 -0.00610576 0.000576966 0.999998 0.00191291 0.014562 0.00103488 -0.0019133 0.999995 0.909553
1 -0.000368872 -0.000132459 -0.00524444 0.00036865 0.999999 0.00119749 0.00180623 0.000132122 -0.00119766 1 0.919978
0.999999 0.000440939 0.00113716 0.00125258 -0.000440645 1 7.04018e-05 -0.00375864 -0.00113722 -7.06775e-05 0.999997 0.935773
0.999999 0.000823829 -0.00105734 -0.00907983 -0.000823736 1 0.000429825 -0.0076607 0.00105792 -0.000429184 1 0.94604
1 0.000457815 0.000987751 -0.00630198 -0.000458531 0.999998 0.00106478 -0.00102658 -0.000987462 -0.00106494 0.999997 0.958125
1 -0.000516 -0.000216856 -0.0112186 0.000515807 1 0.000884023 -0.00240267 0.000216587 -0.000884408 1 0.9491
1 -0.000127209 0.000277363 -0.00418645 0.000127509 0.999999 0.000503556 -0.00397684 -0.000277599 -0.000503373 0.999997 0.987781
1 -0.000311765 -0.00063291 -0.00675272 0.000311537 1 0.000296756 -0.00392452 0.000632995 -0.000297091 1 0.969263
1 -8.39863e-05 -0.000376911 -0.00758129 8.46492e-05 0.999998 0.000833998 -0.00130983 0.00037666 -0.000833953 0.999997 0.993774
1 -0.000352848 0.000430287 -0.00700455 0.000352197 1 0.000815099 -0.00165847 -0.00043034 -0.000815063 1 1.01449
1 -0.000504658 -0.000896583 -0.00611068 0.000505369 0.999998 0.000423309 0.00336276 0.000896168 -0.000423627 0.999998 0.994805
1 -0.000766169 0.000705672 -1.5992e-05 0.000766008 1 -0.000426762 -0.00104545 -0.000704945 0.000427115 1 1.031
1 7.22373e-05 -0.00073729 -0.00897095 -7.167e-05 0.999999 8.02829e-05 -0.000279707 0.000736908 -8.00664e-05 0.999998 1.01271
0.999999 -0.0010917 -0.00047961 -0.00405496 0.00109153 1 0.000715531 0.00151426 0.000479204 -0.000716224 1 1.02917
1 -0.000893152 0.000314424 -0.000699108 0.000893325 0.999998 0.00125272 0.002003 -0.000315912 -0.00125231 0.999998 1.04535
0.999999 -0.000827823 -0.000846925 -0.00920428 0.000829602 0.999997 0.00273334 -0.00671653 0.00084496 -0.00273417 0.999998 1.04379
1 3.17215e-05 0.000591358 -0.00863838 -3.15372e-05 0.999999 0.000554887 -0.00134506 -0.000591499 -0.000554654 0.999998 1.06105
1 0.000196798 -0.00119996 -0.00586925 -0.00019718 1 0.000125811 -0.00540464 0.00120013 -0.000125833 1 1.05156
0.999999 0.000598878 0.000995505 -0.00667177 -0.000597634 0.999999 -0.000695957 -0.00431438 -0.000995963 0.000695602 0.999998 1.06696
0.999999 2.09608e-05 -0.00139635 -0.00173063 -2.125e-05 1 0.000211055 -0.00233676 0.0013964 -0.000211274 1 1.06911
1 -9.78317e-05 -0.000826146 -0.0021039 9.91763e-05 1 0.000861805 -0.00532504 0.000825959 -0.000861663 0.999998 1.07384
1 0.000255436 0.000341521 -0.00975449 -0.000256431 1 0.00101032 -0.011632 -0.000341176 -0.00101065 1 1.07268
0.999999 0.000942215 -0.00162775 -0.00840021 -0.000940792 0.999999 0.000508151 -0.0166766 0.00162812 -0.000506414 0.999998 1.08393
0.999998 0.00104453 0.000932605 -0.0101164 -0.0010453 1 0.000262216 -0.0140242 -0.000932241 -0.000263502 1 1.0671
0.999997 0.00221402 -0.00183039 -0.01183 -0.00221674 0.999996 -0.00179951 -0.0277118 0.00182631 0.00180384 0.999996 1.07031
0.999998 0.000731412 0.00122312 -0.00992012 -0.000732051 1 1.73453e-05 -0.00680018 -0.00122304 -1.85093e-05 1 1.07256
1 0.000295999 -0.000677717 -0.00141063 -0.000295109 1 0.00036395 -0.00982764 0.000677821 -0.000363486 1 1.07299
1 -6.79745e-05 6.28785e-05 -0.00658541 6.7294e-05 0.999999 0.00161846 -0.0139067 -6.29164e-05 -0.0016187 0.999999 1.08196
1 0.000283642 0.00127231 -0.0078434 -0.000284103 1 0.000836031 -0.00770172 -0.00127212 -0.000836122 0.999999 1.07656
1 -0.000363892 -0.000855405 -0.00295195 0.000363813 1 0.000623798 -0.0138392 0.000855242 -0.000624478 1 1.08446
0.999999 0.000523021 0.0013768 -0.00590327 -0.000522139 0.999999 -0.000205256 -0.00128688 -0.00137689 0.00020489 0.999999 1.07477
1 0.000182218 -0.000537202 -0.00338502 -0.000182906 1 -0.000122246 -0.0134893 0.000537123 0.000121977 1 1.07906
1 0.00047977 8.05164e-05 -0.00713898 -0.000479166 1 -0.000238745 0.00126627 -8.05977e-05 0.000239023 1 1.07774
0.999999 -0.000118403 0.00173804 -0.00408472 0.000117395 1 0.000230161 -0.00894786 -0.00173811 -0.000230393 0.999999 1.07045
0.999999 0.000259925 -0.00116106 -0.00309418 -0.00025903 1 0.000287324 -0.00944355 0.00116125 -0.000286599 0.999999 1.07509
1 3.41496e-05 0.00139046 -0.00327297 -3.51265e-05 1 0.000275122 -0.00680879 -0.00139064 -0.000275655 0.999999 1.06728
0.999999 -0.000568172 -0.00100938 -0.00045299 0.000570437 0.999999 0.00160143 -0.00171224 0.00100871 -0.00160164 0.999998 1.08214
0.999998 -0.000247632 0.00224661 -0.00416102 0.000239968 0.999995 0.00313574 -0.00324419 -0.00224765 -0.00313559 0.999993 1.06557
0.999999 -0.000989449 -0.000996209 -0.000972491 0.000997248 0.999973 0.00727936 -0.00184797 0.000989371 -0.00727984 0.999974 1.09314
1 -0.000301764 0.000213417 -0.00344904 0.000301043 0.999999 0.000568155 -0.00512466 -0.000213965 -0.000568566 0.999999 1.08058
0.999998 -0.000390383 0.00115155 -0.00473286 0.000391131 1 -8.41678e-05 -0.00326815 -0.00115125 8.5068e-05 1 1.06845
1 5.46959e-05 -0.001143 -0.00169831 -5.48906e-05 1 0.000322522 -0.0029721 0.0011427 -0.000322822 0.999999 1.08147
0.999999 0.000446945 0.00116771 -0.00825825 -0.000446341 1 -4.81707e-05 0.00504883 -0.00116733 4.80717e-05 1 1.06948
1 0.000497631 -0.00103947 -0.00251966 -0.000503323 0.999989 -0.00478178 -0.00441451 0.00103683 0.00478196 0.999988 1.0865
0.999999 0.000987874 0.00055218 -0.0102228 -0.000987552 0.999999 0.000803202 -0.00411333 -0.000551012 -0.000803406 0.999999 1.08495
0.999999 0.00102998 0.0018647 -0.012275 -0.0010354 0.999997 0.00255105 -0.00874976 -0.00186221 -0.0025533 0.999996 1.0877
0.999999 0.000133803 -0.00128615 -0.00536498 -0.000130744 0.999998 0.00190511 -0.0143822 0.00128654 -0.00190448 0.999997 1.09454
1 0.000163189 0.00126311 -0.00736786 -0.00016534 1 0.00123147 -0.00887611 -0.00126302 -0.00123214 0.999999 1.08081
0.999999 -0.000194183 -0.000787381 -0.00190408 0.000195722 1 0.00115464 -0.00574479 0.000787336 -0.00115434 0.999999 1.09924
1 -0.000217133 0.00070689 -0.00570943 0.000215648 0.999999 0.00134338 -0.00779534 -0.000707294 -0.00134383 0.999999 1.07491
0.999999 -0.000280519 -0.00148722 -0.00209182 0.00028315 0.999999 0.00145626 -0.00997117 0.00148686 -0.00145598 0.999998 1.09629
1 -0.000100962 -0.000490306 -0.0043319 0.00010101 0.999999 0.00111432 -0.00803133 0.000490065 -0.00111511 1 1.08412
0.999999 0.000171559 0.000884684 -0.00316072 -0.000171315 1 0.000385115 -0.00428373 -0.000884494 -0.000384568 0.999999 1.06675
0.999999 0.000530936 -0.00183377 -0.00624017 -0.000532085 0.999999 -0.000278901 -0.00837706 0.00183354 0.000279218 0.999999 1.08225
0.999998 0.000759837 0.00106922 -0.00831345 -0.000759982 1 0.000760756 -0.0148826 -0.0010686 -0.000760953 0.999998 1.06328
0.999998 0.00142732 -0.00197832 -0.0118386 -0.0014247 0.999997 0.00166855 -0.0214252 0.00198065 -0.00166642 0.999997 1.07864
0.999998 0.00155007 -0.000390922 -0.00935716 -0.00154836 0.999996 0.00245777 -0.0312152 0.000394759 -0.00245649 0.999996 1.07286
1 0.00114424 0.00107375 -0.00925138 -0.0011479 0.999996 0.00272019 -0.0166037 -0.00107071 -0.00272206 0.999997 1.06605
0.999998 0.00101494 -0.00124338 -0.0135316 -0.00101396 1 0.000279517 -0.0185377 0.00124383 -0.000277678 0.999999 1.05149
1 0.000412809 0.000876974 -0.0072003 -0.000413591 0.999999 0.00014241 -0.00944066 -0.000877075 -0.000143401 1 1.05191
0.999998 -0.000110412 -0.00163342 -0.00590628 0.000112084 1 0.000569194 -0.00426685 0.00163363 -0.000568701 0.999997 1.05037
1 -0.000279669 0.000687668 -0.00239171 0.00027859 1 0.000587936 -0.00165018 -0.000688019 -0.000588476 1 1.03545
0.999997 -0.00033741 -0.00188299 -0.00155562 0.000339551 1 0.000809758 -0.00568236 0.00188288 -0.000809689 0.999997 1.03219
1 -0.000191752 -0.000600709 -0.0018952 0.000191807 0.999999 0.00128233 -0.00967771 0.000600205 -0.00128315 1 1.01221
0.999999 -0.000223512 0.000666698 -0.00596999 0.00022315 1 0.00156282 -0.0066236 -0.000666814 -0.0015619 0.999998 0.988589
0.999999 -0.000127903 -0.00178475 -0.00511412 0.000129208 0.999999 0.0010473 -0.0135667 0.00178436 -0.00104814 0.999999 0.979616
0.999999 -0.000196441 -0.000991297 -0.00466984 0.000198012 1 0.000801861 -0.0102791 0.00099163 -0.000801395 0.999998 0.941729
0.999992 7.1906e-06 -0.00418961 -0.0102573 -4.0637e-06 0.999998 0.000920081 -0.00933942 0.0041891 -0.000920827 0.999993 0.936595
0.999994 0.000118882 -0.00338777 -0.00867606 -0.000116608 1 0.000406187 -0.00775764 0.00338826 -0.000405018 0.999994 0.905213
0.999999 0.000365445 -0.00195911 -0.00900267 -0.000364595 1 0.000878909 -0.0142081 0.00195899 -0.000879033 0.999998 0.875095
0.999991 0.00120117 -0.00417896 -0.0106965 -0.00119409 0.999999 0.0015047 -0.0190017 0.00418113 -0.00149899 0.99999 0.868773
0.999998 0.00130576 -0.00168476 -0.00953994 -0.00130532 0.999999 0.000760642 -0.023772 0.00168534 -0.000759245 0.999999 0.829601
0.999991 0.0011275 -0.00409054 -0.00967517 -0.00112109 0.999999 0.00136821 -0.0209554 0.00409243 -0.00136304 0.999991 0.820777
0.999999 0.00124312 -0.00142765 -0.0085752 -0.00124306 0.999999 0.000684351 -0.0180334 0.0014281 -0.000683115 0.999999 0.776968
0.999993 0.000779776 -0.00340055 -0.00949159 -0.000776524 1 0.000659703 -0.0124131 0.00340153 -0.000656514 0.999995 0.764064
0.999998 0.00079893 -0.00254364 -0.0115152 -0.000799304 0.999999 0.00024225 -0.0130449 0.00254326 -0.000240732 0.999997 0.726551
0.999998 0.000752062 -0.00145894 -0.00672138 -0.00075065 1 0.000274673 -0.0111699 0.00145973 -0.000273006 0.999999 0.688253
0.999997 0.000593938 -0.00323912 -0.0107453 -0.000593608 1 0.000441903 -0.00854025 0.00323882 -0.000440629 0.999996 0.670754
0.999998 0.000251844 -0.00116109 -0.00979128 -0.000249951 1 0.000606544 -0.0110286 0.00116181 -0.000605645 0.999998 0.625233
1 0.000237706 -0.0015005 -0.0115256 -0.000238083 1 0.000515461 -0.0127054 0.00150014 -0.00051576 1 0.61292
0.999998 0.000525445 0.00090059 -0.00922829 -0.000524874 0.999999 0.0008155 -0.0101906 -0.000899695 -0.000815336 0.999998 0.580825
0.999995 0.00169446 0.00351972 -0.00761981 -0.00170228 0.999997 0.00186262 -0.0131909 -0.00351712 -0.00186924 0.999993 0.553579
0.999986 0.000648264 0.00483969 -0.0067411 -0.000651949 0.999999 0.0010112 -0.0123762 -0.00483856 -0.00101371 0.999987 0.538772
0.99997 0.000153659 0.00801546 0.00310619 -0.000164889 1 0.00125465 -0.0111684 -0.00801578 -0.00125657 0.999968 0.511185
0.999956 -1.85565e-05 0.0091302 0.000660052 -4.73036e-06 0.999996 0.00267806 -0.0130912 -0.00912969 -0.00267736 0.999954 0.511209
0.999928 -0.000149555 0.012162 0.00949943 0.000136734 1 0.000957217 -0.00492585 -0.0121626 -0.000956208 0.999927 0.46935
0.999914 8.54029e-05 0.0129422 0.00707851 -9.31055e-05 0.999999 0.000685463 -0.00307456 -0.0129415 -0.000685921 0.999915 0.449343
0.999881 -8.33781e-05 0.0155739 0.00950791 7.55646e-05 1 0.000430194 -0.00112231 -0.0155746 -0.00042971 0.999879 0.432476
0.999847 0.000232289 0.0173745 0.013029 -0.000241531 1 0.000593142 -0.00306207 -0.0173737 -0.000596445 0.999848 0.415976
0.999773 -0.000316578 0.0214228 0.017631 0.000377026 0.999996 -0.00287228 -0.010589 -0.0214225 0.00287884 0.999767 0.406794
0.999689 -3.66016e-05 0.0248857 0.0189169 1.65278e-05 1 0.000856341 -0.000743589 -0.024885 -0.00085481 0.99969 0.407281
0.999648 -0.000209957 0.026584 0.0250653 0.000180755 0.999999 0.00105782 -0.00188954 -0.0265849 -0.00105348 0.999647 0.392918
0.999528 -0.000372715 0.0306781 0.0250103 0.000354936 1 0.000622043 -0.000890817 -0.0306775 -0.000610007 0.999529 0.393843
0.999484 -0.000279043 0.0321669 0.0316709 0.000263928 1 0.000436394 0.0038234 -0.0321679 -0.000428579 0.999483 0.375428
0.999319 -0.000461467 0.0368351 0.0317208 0.000445153 1 0.000485841 0.00237527 -0.0368345 -0.000468278 0.99932 0.382605
0.999252 -0.000630776 0.0387159 0.0393305 0.000602572 0.999999 0.000708563 0.00104345 -0.0387172 -0.000685563 0.999251 0.368666
0.999125 -0.000272333 0.041787 0.0349416 0.000258174 1 0.000373204 0.00162805 -0.0417863 -0.000361096 0.999125 0.37459
0.999115 -3.62922e-05 0.0421183 0.0393275 2.52605e-05 1 0.000234496 0.00649357 -0.0421191 -0.00023418 0.999114 0.352527
0.998909 8.38785e-06 0.046667 0.0354353 -2.70933e-05 1 0.000425965 0.00584023 -0.0466661 -0.000425729 0.998909 0.356919
0.998798 -0.000505126 0.0490479 0.0318082 0.000444172 0.999999 0.00123039 -0.00329149 -0.0490493 -0.00120817 0.998797 0.364994
0.99887 -0.000308837 0.0474876 0.0420267 0.000271647 1 0.000814492 0.00161023 -0.0474869 -0.000799613 0.99887 0.342126
0.998695 -0.000527701 0.0510957 0.0373772 0.000480757 0.999999 0.000907868 0.000230036 -0.0510969 -0.000883207 0.998695 0.353884
0.998808 1.23698e-05 0.0487982 0.0447201 -2.1393e-05 1 0.000207716 0.00451927 -0.0487974 -0.000207505 0.998808 0.334034
0.998693 -2.29724e-06 0.0511371 0.0368908 -2.59428e-05 1 0.000529656 0.00648 -0.0511378 -0.000531348 0.998693 0.34669
0.998712 0.000258026 0.0507107 0.0390717 -0.000275267 1 0.000355959 0.00629118 -0.0507098 -0.0003684 0.998712 0.339161
0.998532 0.00042271 0.0541863 0.0309241 -0.000462864 0.999999 0.000708371 0.00699276 -0.0541867 -0.000733422 0.998531 0.356911
0.998508 0.00507558 0.0543476 0.0363942 -0.00505984 0.999987 -0.000406649 0.029419 -0.0543483 0.000132118 0.998522 0.346794
0.998483 -0.000894237 0.0550802 0.0390207 0.00081838 0.999999 0.00138002 0.000611285 -0.055082 -0.00133392 0.998481 0.355225
0.99843 -0.000816168 0.0559966 0.0416922 0.000693763 0.999997 0.00222553 0.00348329 -0.0559975 -0.00218208 0.998427 0.36608
0.998506 0.000459356 0.0546591 0.0493293 -0.000571407 0.999998 0.00201275 0.010522 -0.0546587 -0.00204212 0.998504 0.359997
0.998295 0.00012309 0.058357 0.0372481 -0.000208251 0.999999 0.00147185 0.00534047 -0.058356 -0.00148042 0.998294 0.378237
0.99851 -4.10341e-05 0.0546 0.0503667 -5.98084e-05 0.999998 0.00182562 0.00782205 -0.0546007 -0.00182727 0.998508 0.366997
0.998262 3.74503e-05 0.0589298 0.042897 -0.000175342 0.999998 0.00235253 0.00315156 -0.0589288 -0.00235765 0.998258 0.381864
0.998421 0.00161117 0.0561595 0.0433577 -0.00164718 0.999998 0.00057652 0.0100429 -0.0561591 -0.000669207 0.998422 0.3776
0.998472 0.00142394 0.0552251 0.0383586 -0.00141535 1 -0.000174896 0.00507346 -0.0552245 9.75372e-05 0.998474 0.385141
0.998519 0.00357436 0.0543047 0.030575 -0.00331282 0.999982 -0.00492238 0.0102086 -0.054322 0.00473411 0.998513 0.396848
0.998819 -0.000698801 0.0485558 0.0339775 0.000677098 1 0.000482671 0.00723854 -0.0485554 -0.000448155 0.99882 0.401329
0.999046 -0.00178947 0.0436787 0.0334166 0.0017518 0.999998 0.000878838 0.00509869 -0.0436809 -0.000802469 0.999046 0.423824
0.999338 -0.00643776 0.0357617 0.0415812 0.00643257 0.99998 0.00028581 0.016536 -0.035762 -5.45717e-05 0.99936 0.425726
0.999498 0.000467395 0.0317159 0.0264278 -0.000473228 0.999999 0.000153373 0.0118947 -0.0317166 -0.000169327 0.999497 0.447597
0.999625 0.00225292 0.0272152 0.0200726 -0.00230647 0.999996 0.00196325 0.00509774 -0.0272099 -0.00202422 0.999628 0.457715
0.999659 0.00481593 0.0257701 0.00726672 -0.00492482 0.999978 0.0041338 0.00870838 -0.0257504 -0.00426034 0.999659 0.481608
0.999675 0.00458557 0.0249758 0.0098764 -0.00470665 0.999978 0.00482168 0.00589737 -0.0249523 -0.00493661 0.999677 0.504706
0.999757 -0.000431278 0.022158 0.0178358 0.000390226 0.999997 0.00182472 -0.00933151 -0.0221595 -0.00181682 0.999752 0.515632
0.999793 0.000603401 0.0202039 0.0231966 -0.000625936 1 0.00114266 -0.00813119 -0.0202025 -0.00115389 0.999796 0.531139
0.999828 -0.00335303 0.0183769 0.0294287 0.00341867 0.999986 -0.00358257 -0.00968906 -0.0183654 0.00364367 0.999825 0.554108
0.999897 0.00110129 0.014156 0.00669613 -0.00108874 1 -0.000849542 0.00437409 -0.0141561 0.000835275 0.999899 0.55884
0.999936 0.000891513 0.0115706 6.90455e-05 -0.000892078 0.999998 -1.06746e-05 0.0055482 -0.0115714 -9.06562e-07 0.999934 0.600794
0.999977 -0.00149482 0.00610426 0.00729171 0.0014933 0.999999 0.000355016 -0.00139422 -0.00610399 -0.000344725 0.99998 0.613516
0.999983 -0.00573566 0.00291309 0.0122334 0.00572637 0.999979 0.00300176 -0.0123179 -0.0029311 -0.00298629 0.999993 0.636312
0.999996 5.59971e-05 0.000302255 0.00134646 -5.57595e-05 0.999999 0.00138388 -0.00206232 -0.000301352 -0.00138261 0.999998 0.650908
1 0.00101055 -0.00237072 -0.00609748 -0.001011 0.999999 9.49595e-05 -0.00195099 0.00237002 -9.38752e-05 0.999999 0.671283
0.999994 0.00161677 -0.000888249 -0.0116347 -0.00161622 0.999999 -7.52887e-05 0.00513843 0.000888937 7.80229e-05 0.999998 0.688216
1 0.00107185 -0.00193441 -0.00489048 -0.00107195 0.999999 0.000181538 -0.0100863 0.00193379 -0.000180708 0.999999 0.694677
0.999995 -0.000540763 -0.00101995 -0.00170187 0.000541382 1 0.000177034 -0.00136007 0.00102069 -0.000176315 0.999999 0.718654
1 -0.000164565 6.92946e-05 -0.00215538 0.000164043 1 0.000460962 -0.0135466 -7.01925e-05 -0.000462227 1 0.741949
0.999996 0.000294736 -0.00114221 -0.00527914 -0.000293657 1 0.000550031 -0.00780241 0.00114323 -0.000548397 0.999998 0.7436
1 -0.000523556 -0.000156717 -0.00344776 0.000523173 1 0.000639105 -0.00302791 0.000155491 -0.000640447 1 0.772834
0.999997 8.50851e-05 0.000102978 0.00068446 -8.46827e-05 0.999999 0.00111705 -0.0118809 -0.000101953 -0.00111576 0.999998 0.768606
1 0.000789052 0.00111142 -0.00192571 -0.000790113 1 0.000457571 -0.000391725 -0.00111205 -0.000459734 1 0.788533
0.999996 0.000285763 0.00156044 -0.00444788 -0.000285963 0.999999 0.000444439 -0.00245426 -0.0015593 -0.000443561 0.999997 0.806438
1 -0.00136938 0.000979264 0.00361255 0.00136748 0.999998 0.00144942 -0.00799259 -0.000982272 -0.00144939 1 0.796293
0.999997 -0.000459714 0.00167395 -0.0015541 0.000458734 0.999999 0.000866132 -0.00830978 -0.00167341 -0.000864096 0.999997 0.805819
1 0.000236015 0.00125731 -0.00653487 -0.000236921 1 0.000311057 0.00378918 -0.00125814 -0.000312585 1 0.812062
0.999997 0.00104984 0.00100034 -0.0105107 -0.00104707 0.999997 -0.00231112 -0.00108044 -0.00100187 0.0023113 0.999997 0.816784
1 -0.000253551 0.00213771 -0.00495275 0.000253778 1 -0.000300538 -0.00497127 -0.00213858 0.000299868 0.999997 0.834323
0.999999 -0.000343307 0.000273476 -0.00750284 0.000343638 1 0.000441401 -0.00203734 -0.000272758 -0.000440061 1 0.829245
0.999997 0.00173341 0.00249975 -0.016616 -0.00173849 0.999997 0.00182039 0.00857912 -0.00249755 -0.00182596 0.999995 0.846132
0.999997 0.00181358 0.000361864 -0.0143494 -0.00181434 0.999992 0.00366545 0.000681057 -0.000354246 -0.0036649 0.999994 0.835633
1 0.00117604 0.00096324 -0.0106446 -0.00118081 0.999989 0.00438742 -0.00295546 -0.000959105 -0.00438982 0.99999 0.851484
0.999987 0.00468678 -0.000387438 -0.0130959 -0.0046838 0.999972 0.0060337 -0.00986715 0.000416889 -0.00603056 0.999983 0.840749
1 -0.000159399 3.43389e-05 -0.00894709 0.000158723 0.999996 0.00232307 -0.00271854 -3.60076e-05 -0.00232433 0.999997 0.844118
0.999998 -0.000963137 2.81649e-05 -0.00400716 0.000963893 0.999981 -0.00631863 -0.0326297 -2.07459e-05 0.00631989 0.999981 0.831199
0.999996 -0.00260625 -0.0015175 -0.00185191 0.00259141 0.999951 -0.0092862 -0.0075032 0.00154027 0.00928102 0.999955 0.826202
0.999999 0.000103086 0.000328504 -0.00293955 -0.000102398 1 8.62759e-06 0.00017993 -0.000327204 -7.48172e-06 1 0.826117
0.999998 -0.00123558 -0.00228645 -0.00334429 0.0012465 0.999985 0.0050146 0.00269713 0.00227893 -0.00501853 0.999985 0.835764
0.999992 -0.00348814 -0.000828789 0.00290231 0.00349513 0.999964 0.00794721 -0.00990263 0.000802338 -0.00794894 0.999968 0.82473
1 -0.00168913 0.000495326 -0.00479445 0.0016864 0.999989 0.00418235 -0.0150032 -0.00050378 -0.00418267 0.999991 0.824602
0.999998 0.000686899 -0.000735185 -0.0073966 -0.000686014 1 0.000384753 -0.0103304 0.000736922 -0.000383085 1 0.817407
0.999999 0.00111533 0.00195037 -0.00981316 -0.00111612 0.999999 5.07384e-05 -0.00707396 -0.0019518 -5.41092e-05 0.999999 0.808539
0.999998 0.000594362 0.00131262 -0.0050105 -0.000594 1 0.000367184 -0.0107144 -0.00131091 -0.000366802 0.999999 0.809123
0.999996 -3.13032e-05 0.00311872 -0.00322968 2.9048e-05 0.999999 0.000393694 -0.0106253 -0.00312008 -0.000394648 0.999996 0.808849
0.999998 0.000600267 0.00125082 -0.0034568 -0.000599627 1 0.000361642 -0.015348 -0.00124926 -0.000361345 0.999999 0.804743
1 0.000545586 0.00196456 -0.00263458 -0.000546938 1 0.000173615 -0.00669942 -0.00196576 -0.000175725 0.999999 0.801148
0.999994 0.000104261 0.0031984 -0.00652707 -0.000105194 1 0.00060126 -0.00572865 -0.00319694 -0.000600545 0.999994 0.791661
1 -0.000153336 0.00121951 -0.0046464 0.000151516 0.999999 0.000735515 -0.0132621 -0.00122095 -0.00073644 1 0.790967
0.999994 -0.000215465 0.00292307 -0.00341158 0.000215468 1 0.000324738 -0.00701638 -0.00292181 -0.000322908 0.999995 0.776608
1 -0.000116288 0.00115625 -0.00312842 0.000115637 1 -0.000161711 -0.0137909 -0.00115757 0.000160508 1 0.779823
0.999996 0.000125236 0.00203061 -0.00175361 -0.00012482 1 0.000227965 -0.009634 -0.00202937 -0.000226954 0.999997 0.773524
1 -3.45632e-05 0.00029207 0.00290637 3.32579e-05 0.999999 0.000943852 -0.0141941 -0.000293259 -0.000945108 1 0.770753
0.999998 -0.000178998 0.00140978 -0.00175317 0.00017946 1 0.000433031 -0.00399176 -0.00140865 -0.000431552 0.999998 0.770407
1 -0.000232922 0.00212835 -0.00273046 0.000231189 1 0.000257272 -0.00474809 -0.00212958 -0.000258017 0.999999 0.765361
0.999998 -9.36388e-05 0.000858797 -0.00642827 9.45314e-05 1 0.000560324 -0.00559381 -0.000857679 -0.000559051 0.999998 0.744573
1 0.000244053 0.00177657 -0.0073018 -0.000246596 1 0.000643915 -0.00784892 -0.00177762 -0.000645534 1 0.727263
0.999998 0.000253247 -0.00020414 -0.00580624 -0.000251636 1 0.000418373 -0.00681284 0.000205427 -0.000417084 0.999999 0.713576
1 0.00019684 0.00131582 -0.00426648 -0.00019884 1 0.000367327 -0.0109828 -0.00131699 -0.000368847 1 0.696818
0.999998 0.000356175 -0.000670578 -0.00487361 -0.000354882 1 -0.000103966 -0.0121489 0.000671634 0.000105371 0.999999 0.703663
1 0.00024648 6.87312e-05 -0.00787981 -0.000247893 1 -0.000146895 -0.00320461 -6.99393e-05 0.00014579 1 0.697448
0.999998 -0.000170131 0.00074466 -0.00542453 0.00017146 1 0.00019589 -0.0088467 -0.000743559 -0.000194677 0.999999 0.689409
1 -0.000467861 -0.00060949 -0.00163775 0.000466458 1 0.000228439 -0.00284832 0.000608251 -0.000229782 1 0.690979
0.999998 0.00016399 0.00122733 -0.00409373 -0.000163022 1 0.000555134 -0.00862627 -0.00122609 -0.000554265 0.999999 0.688389
0.999995 0.00338529 -0.00111302 -0.0148736 -0.00338402 0.999992 0.00258737 -0.0229692 0.00112066 -0.0025846 0.999997 0.693402
0.999999 -6.88377e-05 0.00080952 -0.00850351 7.03879e-05 0.999999 0.000219313 -0.00744276 -0.000808407 -0.000218135 0.999999 0.679051
1 -0.000892556 -0.00122134 -0.00839755 0.000892094 1 0.0010741 -0.016607 0.00121925 -0.00107626 1 0.675443
0.999998 0.000376308 0.00103271 -0.00486667 -0.000375477 0.999999 0.000837294 -0.0177124 -0.00103125 -0.000836624 0.999999 0.671905
0.999986 0.00385634 0.00409953 -0.0105392 -0.00386849 0.99999 0.0025678 -0.0161836 -0.00409078 -0.00258467 0.999989 0.662246
0.999989 3.02191e-06 0.00432899 -0.0109497 -2.5149e-06 0.999999 0.000241854 -0.00458297 -0.00432782 -0.000240864 0.99999 0.661978
0.999979 -0.0011195 0.00667193 0.00389434 0.00112997 0.999999 -0.0018041 -0.00877391 -0.00667111 0.00181059 0.999978 0.663425
0.999983 -0.00066192 0.00547656 0.0124031 0.000665052 0.999999 -0.000244562 -0.00767015 -0.0054751 0.000249193 0.999984 0.658922
0.999972 -0.000675711 0.00771268 0.00127473 0.000676972 1 -0.000405528 -0.00123579 -0.0077136 0.000409834 0.999971 0.671421
0.999982 0.000923737 0.00570038 -0.00127444 -0.000924864 0.999999 0.000502294 -0.00202798 -0.00569847 -0.000506537 0.999983 0.674869
0.999988 0.000417096 0.00531019 0.000662459 -0.000424257 1 0.00100642 -0.00652938 -0.00531117 -0.00100964 0.999987 0.684153
0.999983 0.00132857 0.00531055 -0.0039412 -0.00132874 0.999998 0.00036729 -0.0119884 -0.00530864 -0.000373322 0.999985 0.685175
0.999995 0.00185626 0.00343519 -0.0032342 -0.00186 1 0.000527382 -0.00242887 -0.00343543 -0.000534719 0.999996 0.68926
0.999991 4.52399e-05 0.003711 -0.00292324 -5.42912e-05 0.999994 0.00298322 -0.00526547 -0.00370953 -0.00298264 0.999986 0.706256
1 -0.000497039 0.000964243 0.00154661 0.000489235 0.999984 0.00606756 -0.00744484 -0.000968524 -0.0060679 0.999984 0.706363
0.999992 0.00204812 0.00283002 -0.00429394 -0.00205845 0.999987 0.00439397 -0.0106956 -0.00281979 -0.00439893 0.999984 0.720772
1 0.000618069 0.000636388 -0.00169568 -0.000620452 1 0.000657849 -0.00313135 -0.000637099 -0.000659109 1 0.72381
0.999998 0.000655024 0.000445019 -0.00359552 -0.000653338 0.999998 0.000228712 -0.00169641 -0.000443679 -0.000228117 0.999997 0.732094
0.99999 -0.00471716 0.00147136 0.00191937 0.0047193 0.999988 -0.0026766 0.00302276 -0.00145992 0.00268272 0.999999 0.731837
0.999969 -0.00770788 0.000290517 0.0115353 0.00771036 0.999965 -0.0028213 -0.0218342 -0.00026741 0.00282423 0.999993 0.742543
1 -1.25481e-05 0.00149637 -0.00287558 1.20337e-05 1 -0.000785763 0.00384262 -0.00149773 0.0007849 1 0.742492
0.999998 0.00167948 -0.000107383 -0.00668175 -0.00167748 0.999995 0.00234842 -0.00272648 0.00011265 -0.00234737 0.999995 0.744784
1 -7.3001e-05 0.000186128 -0.00470194 6.98317e-05 0.99998 0.00647925 -0.00666297 -0.000187881 -0.00648011 0.999982 0.747595
0.999996 -0.00241664 0.00133419 0.000755825 0.0024148 0.999993 0.00281978 -0.00893334 -0.00133972 -0.0028156 0.999993 0.73986
1 -0.000883457 0.000507024 -0.000260461 0.000881305 1 0.000396319 -0.00362067 -0.000508598 -0.000396843 1 0.745206
0.999995 0.00167278 0.002674 -0.00975621 -0.00167116 0.999998 0.000126862 -0.00622382 -0.00267254 -0.000130363 0.999993 0.738755
0.999999 0.000146831 0.00157109 -0.00581895 -0.000149247 1 0.000313733 -0.0114683 -0.00157228 -0.000314998 1 0.740512
0.999996 9.83756e-05 0.00271421 -0.00535532 -9.7606e-05 0.999999 0.000436354 -0.00810095 -0.00271287 -0.000435563 0.999993 0.744157
1 -0.000338958 0.00152734 -0.0037375 0.000336487 1 0.00037318 -0.00998993 -0.00152874 -0.000373773 1 0.746014
0.999997 0.000240134 0.00197145 -0.00549899 -0.000238849 0.999999 0.000395761 -0.00518703 -0.00197005 -0.000395244 0.999994 0.746433
0.999999 0.000289402 0.00229223 -0.0075025 -0.000291866 1 0.000175316 -0.00167657 -0.00229346 -0.000176963 1 0.753429
0.999999 0.000549823 0.000414903 -0.0065461 -0.000547843 0.999999 0.000302953 -0.00870889 -0.000413445 -0.000302219 0.999996 0.745477
1 -0.00038074 0.00162905 -0.00745068 0.00037826 1 0.000235432 -0.000788678 -0.00163042 -0.000235735 1 0.763855
0.999998 0.000514507 0.000481669 -0.00882389 -0.000512567 1 0.000321949 -0.0019019 -0.000480191 -0.000321271 0.999996 0.760242
1 -0.000150558 0.00167092 -0.0057315 0.000146923 1 0.000916983 -0.00509627 -0.00167242 -0.000917689 1 0.768408
0.999998 0.000389896 0.000318244 -0.00378711 -0.000387968 0.999999 0.000693305 -0.000298136 -0.000316717 -0.000692513 0.999996 0.775364
1 0.000844643 0.00144107 -0.00696898 -0.0008484 1 0.00106524 -0.000750863 -0.00144165 -0.00106734 1 0.779904
0.999995 -0.000354412 0.00286956 -0.00392501 0.000354282 0.999999 0.00083395 -0.0122655 -0.00286834 -0.000832162 0.999991 0.788356
1 0.000114456 0.000296674 0.00040599 -0.000116643 1 0.00024681 -0.00646016 -0.000298119 -0.000247553 1 0.782612
0.999994 0.00017947 0.00307906 -0.00526238 -0.000177813 1 0.000138076 0.00164928 -0.00307761 -0.000137894 0.99999 0.797118
1 1.65549e-05 -0.000206995 0.00108824 -1.85469e-05 1 0.000178442 -0.00497079 0.000205549 -0.000179195 1 0.784445
0.999998 -0.00016834 0.00172242 -0.00105914 0.000170701 1 -0.000163363 -0.00825283 -0.00172099 0.000164354 0.999995 0.80624
1 -0.000292279 -0.000542954 0.00297269 0.000290249 1 -4.71318e-05 -0.00290245 0.000541558 4.62614e-05 1 0.808892
0.999999 -0.000103889 -0.000290538 -0.000993858 0.000105846 1 -0.000125674 9.60925e-05 0.000291976 0.000126312 0.999996 0.820707
1 -0.000291573 0.00066341 -0.00484176 0.000288985 1 0.000869184 -0.0140219 -0.000665061 -0.000869735 1 0.827907
0.999998 -0.00060797 -0.00111091 -0.00166495 0.000611052 0.999999 0.000929681 -0.00128846 0.00111175 -0.000929569 0.999995 0.832174
1 0.000111634 0.000156018 -0.00726605 -0.000113859 1 0.000756457 -0.00595717 -0.000157251 -0.000757286 1 0.84551
0.999995 0.000194743 -0.00285335 -0.00558858 -0.000189339 0.999999 0.00114629 -0.00624242 0.00285492 -0.00114486 0.999991 0.842775
1 -0.000246976 -0.000281325 -0.00419589 0.000245322 0.999999 0.00200132 -0.0106787 0.000279487 -0.00200229 1 0.850843
0.999994 0.000640118 -0.00317906 -0.00494321 -0.000629686 0.999996 0.00255836 -0.0116157 0.00318202 -0.00255544 0.999987 0.853662
1 0.000656298 -0.00177197 -0.00612465 -0.000657883 1 0.00040115 -0.00671913 0.00177095 -0.00040084 1 0.852336
0.999999 -0.00018757 -0.000615351 -0.0049734 0.000189809 0.999999 3.71724e-06 -0.00929421 0.00061658 -2.97072e-06 0.999994 0.861599
0.999997 -0.000340511 -0.00300297 -0.00246013 0.000323929 0.999989 -0.00478388 -0.00396399 0.00300334 0.00478197 0.99999 0.84618
0.999999 0.000706689 -0.000654391 -0.00849088 -0.000704623 0.999999 -0.000163683 -0.00392689 0.00065547 0.000165068 0.999995 0.855474
0.999998 7.75977e-05 -0.0023134 -0.0101979 -8.01753e-05 1 -0.000171018 -0.00503906 0.00231217 0.000170267 1 0.855422
0.999999 -0.000501411 0.000200858 -0.00174802 0.000503056 0.999995 0.00277359 -0.0217324 -0.000201004 -0.00277257 0.999991 0.878006
0.999999 0.000277144 -0.00187129 -0.00622792 -0.000276852 1 0.00132591 -0.00371102 0.00187047 -0.00132627 1 0.864175
0.999999 0.000768472 -0.000927637 -0.00774694 -0.000765936 0.999999 0.000426192 -0.00934795 0.000929177 -0.000424528 0.999995 0.87019
1 -0.000109252 0.000449544 -0.00760365 0.000106999 1 0.000334836 -0.00735962 -0.00045085 -0.000335719 1 0.871622
0.999998 -0.00122861 -0.00155504 -0.00348519 0.00123233 0.999998 0.00100023 -0.010575 0.00155507 -0.00100117 0.999994 0.872388
0.999999 -0.00111534 -0.000148136 0.00086057 0.00111326 0.999999 0.000625413 -0.00879644 0.000146221 -0.000626524 1 0.862875
1 3.9632e-05 -0.00149479 -0.00393833 -3.73292e-05 1 9.40293e-05 -0.0129162 0.00149599 -9.30086e-05 0.999996 0.866227
0.999999 -0.000236151 0.000123153 -0.00454798 0.000234018 1 -0.00035261 -0.00524445 -0.000124323 0.000351703 1 0.86128
0.999986 0.00521527 -0.00152414 -0.00670631 -0.00521513 0.999986 -0.0013346 -0.0169288 0.00151834 0.00134361 0.999995 0.856417
0.999993 0.00354395 -0.000569578 -0.0112538 -0.00354398 0.999988 0.00365042 -0.000272023 0.000581285 -0.00364953 0.999997 0.860865
1 -0.0001149 0.000735008 -0.0131562 0.000116626 0.999999 0.000474571 -0.00592286 -0.000733871 -0.000473331 0.999996 0.840217
0.999992 0.00377231 0.00061931 -0.0045066 -0.0037739 0.999993 -0.000744105 -0.0188101 -0.000623324 0.000740539 1 0.851705
0.99999 0.00433873 0.00208287 -0.0116345 -0.00433287 0.999989 -0.00182506 -0.013041 -0.00208963 0.00181726 0.999994 0.83986
0.999998 0.000125118 0.000583525 -0.00412847 -0.000127117 1 -0.000192042 -0.00107958 -0.000584698 0.000190751 1 0.839995
1 -0.000660768 0.000609338 -0.00312635 0.000662819 1 0.000115337 -0.0110815 -0.000608253 -0.000113713 0.999997 0.833016
0.999998 -0.000879837 0.00099458 -0.00293888 0.000877143 1 0.000466487 -0.005812 -0.000996148 -0.000466814 1 0.826922
1 -0.000622623 0.00025387 -0.00156905 0.000624829 0.999999 0.000333361 -0.0120197 -0.000252871 -0.000332023 0.999998 0.826891
0.999998 -0.000615633 0.00109148 -0.00698648 0.000612822 1 0.000474926 -0.0119273 -0.00109295 -0.000475515 1 0.814787
1 -0.000737025 0.000105183 -0.00479456 0.000739346 0.999999 1.95399e-05 -0.00492435 -0.000104108 -1.81998e-05 0.999998 0.817327
0.999997 -0.000391089 0.00188573 -0.00821047 0.000388268 1 0.000245437 -0.00622211 -0.00188689 -0.000246044 1 0.808402
0.999999 -0.000131224 0.00153201 -0.00842419 0.000132888 1 0.000408366 -0.00634131 -0.00153105 -0.000406831 0.999996 0.806681
0.999995 1.78215e-05 0.00312862 -0.00440098 -2.09596e-05 1 0.000260433 -0.0102293 -0.00312959 -0.000261806 0.999998 0.799382
0.999992 -7.03031e-06 0.00397532 -0.00364512 6.82826e-06 1 0.000633032 -0.0122363 -0.0039743 -0.000631673 0.999989 0.786408
0.999996 -4.35186e-06 0.00292058 -0.00177635 2.45389e-06 1 -0.000129127 -0.00255726 -0.00292159 0.00012778 0.999998 0.790497
0.999993 -3.58612e-05 0.00381974 -0.00194949 3.76847e-05 1 0.000115502 -0.00469071 -0.00381871 -0.000114045 0.99999 0.781656
0.999997 3.9891e-05 0.00248586 -0.00348217 -4.27158e-05 0.999999 0.000244102 -0.00586918 -0.0024868 -0.000245576 1 0.787832
0.999994 -1.34599e-05 0.00347051 -0.00104049 1.40138e-05 1 0.00047981 -0.00442153 -0.0034696 -0.000478405 0.999991 0.779436
0.999995 0.00313183 0.00103652 -0.00902512 -0.00312945 0.999985 -0.00446451 -0.00621211 -0.00105153 0.00445983 0.999992 0.773627
0.999998 0.000187303 0.00209749 -0.00896982 -0.000185208 1 0.000103998 -0.00267155 -0.00209646 -0.000103012 0.999996 0.7654
0.999994 0.000772134 0.00331459 0.0070875 -0.000775111 0.999999 0.00019447 -0.0139806 -0.00331538 -0.000198322 0.999997 0.768913
0.999997 -0.000130558 0.00229047 0.00428259 0.000131493 1 0.000588659 0.00153376 -0.00228962 -0.000587055 0.999995 0.768786
0.999991 0.00051094 0.0042091 -0.0044575 -0.000545679 0.99997 0.00773067 -0.00912876 -0.004206 -0.00773419 0.999964 0.780269
0.999999 4.78651e-05 0.00159899 -0.00872064 -4.83859e-05 0.999999 0.00174579 -0.0102314 -0.00159788 -0.00174456 0.999995 0.768929
0.999997 0.000466667 0.00250801 -0.00262483 -0.000471343 1 0.000983128 -0.0141022 -0.00250848 -0.000985673 0.999999 0.753547
0.999997 9.43289e-05 0.00206527 -0.00747057 -9.12976e-05 1 -0.000386261 0.00274885 -0.00206434 0.000387466 0.999995 0.762156
0.999998 0.000342858 0.00248548 -0.00339639 -0.000345206 1 4.02309e-05 -0.00336752 -0.00248639 -4.24804e-05 0.999999 0.755184
0.999988 -0.00374229 0.00293489 0.00262608 0.003754 0.999988 -0.00318868 -0.0154167 -0.00292199 0.00320108 0.999989 0.755432
0.999999 -0.000240191 0.0013835 -0.00133393 0.000243376 0.999992 -0.00397937 -0.0117542 -0.00138348 0.00397829 0.999993 0.731468
0.999995 0.00012172 0.00313278 -0.00315543 -0.000119645 1 7.08475e-05 0.00337701 -0.00313178 -6.98498e-05 0.999993 0.747345
0.999998 -0.000608765 0.00229026 -0.00495252 0.000603947 1 0.00110594 -0.00622295 -0.00229191 -0.00110593 1 0.750915
0.999989 -1.88056e-05 0.00451049 0.00456831 1.61116e-05 0.999999 0.00111687 -0.0085409 -0.00450947 -0.00111544 0.999986 0.739255
0.999986 -0.000484989 0.0054147 0.00728766 0.000474468 1 0.00151179 -0.00908094 -0.00541646 -0.00151055 0.999988 0.753357
0.999977 0.000331947 0.00676052 -0.00399801 -0.000332593 0.999998 0.000438922 0.0043572 -0.00675939 -0.000439821 0.999973 0.73652
0.99996 0.0010167 0.00893859 0.00060617 -0.00101993 1 0.000100387 -0.00374468 -0.00893948 -0.000110816 0.999964 0.736946
0.999949 0.000860231 0.00999943 0.00110149 -0.000858451 0.999998 5.22778e-05 0.00196646 -0.00999839 -5.94982e-05 0.999946 0.728054
0.99992 0.000963343 0.0127121 0.00710612 -0.000966268 1 3.76371e-05 -0.00566964 -0.0127132 -5.12651e-05 0.999923 0.736589
0.999925 0.000256535 0.0121376 0.00829801 -0.000255836 0.999998 0.000135111 -0.00185784 -0.0121365 -0.000136821 0.999922 0.71924
0.999918 -0.00035891 0.0128711 0.00698506 0.00034739 1 0.000720237 -0.00212399 -0.0128725 -0.000717125 0.999922 0.733842
0.999936 -7.48914e-05 0.0112643 0.0129043 7.00252e-05 0.999999 0.000628876 -0.00383565 -0.0112632 -0.000626576 0.999932 0.719155
0.999944 -0.000640318 0.0106391 0.00974858 0.000629962 1 0.000768866 -9.97619e-05 -0.0106407 -0.000763517 0.999948 0.723434
0.999949 -0.000463795 0.0100634 0.0118645 0.000458452 0.999999 0.000748654 -0.000471624 -0.0100626 -0.000742566 0.999945 0.724634
0.999971 -0.000872931 0.00768462 0.0141829 0.000864578 1 0.000802402 0.00339326 -0.00768647 -0.000797218 0.999975 0.716697
0.999974 0.000966745 0.00712357 0.000560332 -0.000965038 0.999998 6.5459e-05 -0.000605704 -0.00712236 -7.08831e-05 0.999971 0.717149
0.99999 -0.000894752 0.00462212 0.00387155 0.000884925 1 0.00165278 0.000243333 -0.00462475 -0.00165012 0.999992 0.71509
0.999992 -0.0022876 0.00304777 0.00851913 0.00228311 0.999994 0.00218825 0.00489973 -0.00305167 -0.00217975 0.999989 0.713253
0.999993 -0.00381664 0.0010395 0.00710713 0.00381079 0.999988 0.00348623 -0.0114411 -0.00105389 -0.00348378 0.999998 0.707135
0.999999 -0.000814665 0.0011077 -0.00012173 0.0008163 0.999999 0.000544646 0.00554794 -0.001107 -0.000542205 0.999995 0.70668
0.999997 -0.00269461 0.00033417 -0.000271982 0.00269384 0.999987 -0.00449514 -0.00835426 -0.000323115 0.00449448 0.999995 0.700641
0.999998 -0.000111659 -0.00179123 -0.00229903 0.000113718 0.999999 -0.000186356 -0.00238843 0.00179241 0.000187723 0.999994 0.682797
0.999999 -0.00124566 -0.000273481 -0.00254888 0.00124363 1 0.00107066 -0.00764938 0.000270948 -0.00107249 1 0.686205
