1 0 0 0 0 1 0 0 0 0 1 0
0.999999 0.000289722 0.00167372 -0.00307711 -0.000290351 0.999999 0.000348338 -0.0198312 -0.00167366 -0.000348748 0.999999 1.18925
0.999996 0.000372819 0.00308361 -0.0026585 -0.000376352 0.999999 0.0011421 -0.0302397 -0.0030832 -0.00114331 0.999995 2.38641
0.999992 0.000130241 0.00415945 -0.000170961 -0.000138645 0.999998 0.00199496 -0.0383627 -0.00415924 -0.00199543 0.99999 3.58467
0.999988 -9.94826e-05 0.00501025 0.00162738 8.60526e-05 0.999996 0.00268766 -0.0467623 -0.00501046 -0.00268726 0.999985 4.78229
0.999982 -0.000237714 0.0060888 0.00617102 0.000216978 0.999994 0.00339853 -0.046455 -0.00608963 -0.00339702 0.999977 5.97809
0.999978 -0.000205774 0.0067418 0.00956605 0.000181754 0.999993 0.00357277 -0.0519067 -0.0067425 -0.00357154 0.999971 7.17583
0.999972 4.88265e-06 0.00753764 0.0131672 -3.67953e-05 0.999991 0.0042291 -0.0527696 -0.00753759 -0.00422907 0.999964 8.37205
0.999971 0.000120271 0.00772143 0.0179374 -0.000160538 0.999986 0.00522054 -0.0531635 -0.00772074 -0.0052217 0.999957 9.57111
0.99998 5.4242e-05 0.00649263 0.0222378 -9.36991e-05 0.999982 0.00607023 -0.057392 -0.00649224 -0.00607055 0.999963 10.7697
0.999991 5.64299e-05 0.00425824 0.0241277 -8.43046e-05 0.999978 0.00656634 -0.05491 -0.00425788 -0.00656671 0.99997 11.9648
0.999999 0.000230056 0.00220577 0.0240358 -0.000245699 0.999975 0.00705358 -0.0521504 -0.0022042 -0.00705386 0.999975 13.1548
1 0.000354982 0.000930537 0.0188436 -0.000362029 0.99997 0.00766004 -0.0486242 -0.000927917 -0.00766049 0.999971 14.3408
1 0.00103558 -0.000405139 0.0160338 -0.00103226 0.999965 0.00825781 -0.0501847 0.000413575 -0.00825714 0.999969 15.5268
1 0.000954597 4.77077e-05 0.0101627 -0.000954934 0.999959 0.00891525 -0.0524527 -3.94109e-05 -0.00891542 0.999962 16.7277
1 0.00120242 0.000117936 0.00673895 -0.00120366 0.999947 0.0101215 -0.0547906 -0.000105846 -0.0101213 0.999952 17.9337
1 0.00140314 -0.00109333 0.00465976 -0.00139082 0.999936 0.0111541 -0.0521463 0.00110868 -0.0111527 0.999939 19.1208
0.999999 0.00176249 -0.000905341 -0.00263858 -0.00175182 0.999928 0.0118277 -0.0459885 0.000925983 -0.0118258 0.999933 20.3208
0.999998 0.00162491 -0.00215755 -0.00600558 -0.00159793 0.999921 0.0124012 -0.0370904 0.00217737 -0.0123979 0.999923 21.5034
0.999996 0.00161094 -0.00300867 -0.011831 -0.00157243 0.999916 0.0128276 -0.0361568 0.00302894 -0.0128226 0.999917 22.7012
0.999997 0.00174937 -0.00278705 -0.0234385 -0.00171184 0.999908 0.0133928 -0.0282706 0.00281007 -0.013388 0.999909 23.9031
0.999988 0.00226775 -0.00457029 -0.0309751 -0.00220464 0.999901 0.0138205 -0.0268872 0.00460109 -0.0138101 0.999898 25.0883
0.999988 0.00259038 -0.00460103 -0.0454138 -0.00252148 0.999884 0.0149466 -0.0154438 0.00463899 -0.0149349 0.999881 26.2866
0.999979 0.00192746 -0.00640972 -0.0514564 -0.00182634 0.999873 0.0157933 0.00357051 0.00643924 -0.0157811 0.999858 27.4753
0.999974 0.00206909 -0.00725271 -0.0594811 -0.00194966 0.999862 0.0164538 0.0130805 0.00728553 -0.0164393 0.999842 28.6682
0.999977 0.00194036 -0.00690891 -0.0677185 -0.0018236 0.999855 0.0169113 0.0237084 0.00694063 -0.0168982 0.999837 29.8708
0.999965 0.00185093 -0.00849694 -0.0784618 -0.0017039 0.999848 0.0172972 0.0348246 0.00852739 -0.0172821 0.999818 31.0567
0.999968 0.00207023 -0.00807534 -0.0943278 -0.00192742 0.999841 0.0176885 0.0422836 0.00811063 -0.0176723 0.999815 32.2584
0.999957 0.00197323 -0.00944369 -0.108555 -0.00180071 0.999831 0.018255 0.0500372 0.00947785 -0.0182372 0.999793 33.4503
0.99995 0.00202769 -0.0100893 -0.124595 -0.00183803 0.999821 0.0188038 0.0617472 0.0101255 -0.0187842 0.999776 34.648
0.999954 0.00211144 -0.00966349 -0.145051 -0.00192137 0.999805 0.0196464 0.0661787 0.0097028 -0.0196269 0.999765 35.8454
0.99994 0.00223249 -0.0109659 -0.161664 -0.00201302 0.999797 0.0200153 0.0833152 0.0110083 -0.0199919 0.999744 37.0419
0.999944 0.00234388 -0.0105797 -0.179323 -0.00212284 0.99978 0.0208673 0.088179 0.010626 -0.0208437 0.999731 38.24
0.999933 0.00312713 -0.0113169 -0.194956 -0.00287755 0.999753 0.0220345 0.107246 0.0113829 -0.0220004 0.999697 39.4388
0.999935 0.00370353 -0.011034 -0.217525 -0.00344756 0.999726 0.0231388 0.12298 0.0111165 -0.0230992 0.999676 40.6377
0.999941 0.00411779 -0.0103351 -0.240833 -0.00387542 0.999718 0.0233993 0.153571 0.0104285 -0.0233578 0.999677 41.8347
0.999933 0.00449437 -0.010963 -0.251889 -0.00422886 0.9997 0.0241303 0.172028 0.0110679 -0.0240823 0.999654 43.0208
0.999941 0.00540788 -0.00967672 -0.273744 -0.00515779 0.999656 0.0257178 0.190248 0.00981229 -0.0256663 0.999627 44.2262
0.999947 0.00553168 -0.00908432 -0.285051 -0.00527572 0.999595 0.0279709 0.201878 0.00923518 -0.0279215 0.999573 45.4239
0.999958 0.00600201 -0.0074096 -0.301295 -0.00577892 0.999538 0.0298098 0.223106 0.00758485 -0.0297657 0.999533 46.6254
0.99997 0.00656262 -0.00491666 -0.318635 -0.0064025 0.99947 0.0319268 0.249527 0.00512338 -0.0318944 0.999484 47.8329
0.999973 0.00649189 -0.00426623 -0.325767 -0.0063475 0.999431 0.0331034 0.275689 0.00447847 -0.0330754 0.999448 49.0323
0.999978 0.00662796 -0.00262903 -0.333663 -0.00653634 0.999418 0.0334913 0.302844 0.00284918 -0.0334734 0.999441 50.2329
0.999979 0.00708765 -0.000637876 -0.343036 -0.00706269 0.999414 0.0334649 0.331859 0.000874438 -0.0334597 0.999445 51.4407
0.999976 0.00744777 -0.000651553 -0.342858 -0.00742214 0.999421 0.0332101 0.37916 0.00089831 -0.0332044 0.999454 52.6401
0.999973 0.00778569 0.000482701 -0.349451 -0.00779781 0.999413 0.0333488 0.418106 -0.00022303 -0.0333516 0.999449 53.8436
0.999973 0.0078142 -0.00123811 -0.350044 -0.0077686 0.99941 0.0334364 0.460391 0.00149849 -0.0334258 0.999446 55.0434
0.999969 0.00781199 -0.00298156 -0.356065 -0.00770786 0.999405 0.0336011 0.501995 0.00324207 -0.0335771 0.999436 56.2404
0.999972 0.00742093 -0.00304164 -0.365125 -0.00731241 0.999384 0.034315 0.53552 0.00329424 -0.0342919 0.999412 57.4445
0.999967 0.00717743 -0.00490292 -0.372518 -0.00700365 0.999374 0.0346648 0.570676 0.00514839 -0.0346293 0.999392 58.6493
0.999969 0.00710892 -0.00441446 -0.383678 -0.00695023 0.999363 0.0350136 0.607575 0.00466042 -0.0349819 0.999384 59.8493
0.99996 0.00715644 -0.00615495 -0.393858 -0.00693517 0.999353 0.0353066 0.637783 0.00640337 -0.0352624 0.999363 61.0548
0.999959 0.00699566 -0.00639942 -0.405263 -0.006762 0.999334 0.0358552 0.66608 0.00664582 -0.0358105 0.999343 62.259
0.999967 0.00657104 -0.00570868 -0.418813 -0.00635944 0.999318 0.0363856 0.696844 0.00594362 -0.036348 0.999327 63.4601
0.99996 0.006439 -0.0070269 -0.426096 -0.00617545 0.999299 0.0369356 0.733176 0.00725967 -0.0368907 0.9993 64.6636
0.999965 0.00630609 -0.00635266 -0.441013 -0.00606305 0.999273 0.0376408 0.775022 0.00658514 -0.0376008 0.999277 65.8518
0.999957 0.00645068 -0.00739726 -0.4516 -0.00616836 0.999274 0.0375971 0.816857 0.00763433 -0.0375499 0.999273 67.0491
0.999954 0.00701185 -0.00735326 -0.469443 -0.00672788 0.999255 0.0380096 0.859488 0.00761403 -0.0379583 0.999256 68.2421
0.999956 0.00757508 -0.00640903 -0.491369 -0.00732593 0.999249 0.0380769 0.910372 0.00669256 -0.0380283 0.999262 69.4235
0.99995 0.00768526 -0.00738011 -0.505134 -0.00739396 0.999221 0.0387708 0.949109 0.00767208 -0.0387139 0.999227 70.6193
0.999958 0.00794519 -0.00573834 -0.524582 -0.00771276 0.999191 0.039497 0.989368 0.00604742 -0.0394511 0.999211 71.7964
0.999958 0.00790275 -0.00592159 -0.535469 -0.00765816 0.999158 0.0403232 1.02812 0.006235 -0.0402759 0.999176 72.9875
0.999965 0.00811554 -0.00391395 -0.549761 -0.00794868 0.999129 0.0409907 1.07054 0.00424309 -0.0409582 0.99916 74.1703
0.999974 0.00805169 -3.18665e-05 -0.556566 -0.00804401 0.999123 0.0411004 1.11173 0.000362527 -0.0410987 0.999161 75.3462
0.999975 0.00775999 0.0017759 -0.553537 -0.00782876 0.999069 0.0424598 1.14509 -0.00144491 -0.0424727 0.999106 76.5288
0.999955 0.00823417 0.00580905 -0.553907 -0.00847393 0.999063 0.0424707 1.20501 -0.00545417 -0.0425178 0.999088 77.6893
0.999947 0.00821243 0.00718383 -0.547993 -0.00853608 0.998897 0.0461918 1.24596 -0.00679668 -0.0462508 0.998917 78.8693
0.999916 0.0081544 0.010644 -0.542802 -0.00865012 0.998842 0.0473576 1.29625 -0.0102458 -0.0474454 0.998829 80.0382
0.999837 0.0083686 0.0164214 -0.532674 -0.00915337 0.998793 0.0482898 1.35206 -0.0159975 -0.0484323 0.998709 81.194
0.999804 0.00827108 0.0183734 -0.519198 -0.0091854 0.998697 0.0502246 1.40941 -0.0179345 -0.0503832 0.998577 82.3546
0.999696 0.00825307 0.0235509 -0.497425 -0.00946414 0.998615 0.0517715 1.46996 -0.0230911 -0.0519787 0.998392 83.5055
0.999613 0.00861679 0.0267265 -0.465146 -0.0100168 0.998563 0.0526837 1.51247 -0.0262347 -0.0529306 0.998262 84.6301
0.999516 0.00784748 0.0303615 -0.430997 -0.0095179 0.998428 0.0552608 1.57679 -0.0298801 -0.055523 0.998022 85.7876
0.999352 -0.000454262 0.0361883 -0.386328 -0.00196383 0.99777 0.0667408 1.7738 -0.0361386 -0.0667684 0.997122 86.9382
0.999137 -0.0125756 0.0397894 -0.342235 0.00974476 0.997463 0.0705479 1.9917 -0.0405757 -0.0700993 0.996727 88.0447
0.998954 -0.0132161 0.0439418 -0.298579 0.0100738 0.99743 0.0709615 2.09165 -0.0447673 -0.0704443 0.996518 89.1941
0.998848 -0.0136005 0.0461879 -0.247704 0.0102664 0.997378 0.0716651 2.18008 -0.0470416 -0.0711083 0.996372 90.3356
0.9987 -0.0139299 0.0491833 -0.193414 0.0102991 0.997259 0.0733059 2.24911 -0.0500702 -0.0727037 0.996104 91.488
0.998506 -0.0137219 0.053047 -0.136348 0.00972912 0.997153 0.0748022 2.32818 -0.0539224 -0.0741743 0.995799 92.6439
0.998418 -0.0134425 0.0547416 -0.0740143 0.00921737 0.997013 0.076706 2.4117 -0.0556098 -0.0760797 0.995557 93.7933
0.9982 -0.013441 0.0586097 -0.00908173 0.00886391 0.996943 0.0776616 2.49726 -0.0594744 -0.077002 0.995269 94.934
0.998135 -0.0133263 0.059708 0.0566135 0.00865263 0.996929 0.0778511 2.59055 -0.0605627 -0.0771888 0.995183 96.082
0.997982 -0.0131995 0.0622727 0.127378 0.00833408 0.99694 0.0777493 2.68091 -0.0631085 -0.0770731 0.99504 97.2291
0.997744 -0.0131638 0.0659585 0.202386 0.00797088 0.996894 0.0783742 2.76366 -0.0667858 -0.0776712 0.994748 98.3829
0.997705 -0.0132546 0.0665663 0.273666 0.00798119 0.996855 0.0788661 2.84605 -0.0674023 -0.0781536 0.994674 99.55
0.997587 -0.0132754 0.0682769 0.349839 0.00783496 0.996819 0.079332 2.93274 -0.0691134 -0.0786051 0.994516 100.716
0.99771 -0.0133592 0.0664692 0.422499 0.00800068 0.996745 0.0802364 3.02187 -0.0673248 -0.0795206 0.99457 101.889
0.997787 -0.0134678 0.0652546 0.496183 0.0081518 0.996679 0.081048 3.10446 -0.06613 -0.0803361 0.99458 103.069
0.997826 -0.0134677 0.0646903 0.568198 0.00815957 0.996631 0.0816242 3.19803 -0.0655718 -0.0809186 0.994574 104.245
0.998028 -0.0135264 0.061455 0.637532 0.00845903 0.996601 0.0819694 3.28884 -0.0623553 -0.0812872 0.994747 105.437
0.99815 -0.0135962 0.059443 0.703503 0.00867912 0.996579 0.082203 3.3833 -0.0603575 -0.0815348 0.994854 106.624
0.998382 -0.0135906 0.0553844 0.764681 0.00898953 0.996554 0.082481 3.4783 -0.0563149 -0.0818491 0.995062 107.826
0.998594 -0.0138226 0.0513799 0.821719 0.00952127 0.996503 0.0830335 3.56304 -0.0523482 -0.0824274 0.995234 109.032
0.998752 -0.0140726 0.048123 0.880063 0.0100113 0.996451 0.0836036 3.65059 -0.0491291 -0.0830169 0.995345 110.239
0.998995 -0.0143963 0.042695 0.92914 0.0107497 0.996373 0.0844372 3.74149 -0.0437559 -0.0838931 0.995527 111.453
0.999142 -0.0144878 0.0390447 0.975143 0.0111461 0.996366 0.0844686 3.83876 -0.0401269 -0.0839604 0.995669 112.655
0.999351 -0.0144709 0.0333279 1.01098 0.0116066 0.996351 0.0845799 3.93746 -0.0344304 -0.084138 0.995872 113.877
0.999503 -0.0143673 0.0284122 1.04248 0.0119216 0.99636 0.0844278 4.03574 -0.0295221 -0.0840465 0.996033 115.097
0.999617 -0.014226 0.0242309 1.06362 0.0121354 0.996366 0.0843303 4.1296 -0.0253428 -0.0840036 0.996156 116.304
0.999733 -0.013968 0.0189781 1.08466 0.0123218 0.996374 0.084216 4.22334 -0.0200859 -0.083959 0.996276 117.536
0.999783 -0.0136532 0.0164057 1.09807 0.0122256 0.996379 0.0841583 4.32085 -0.0174956 -0.0839393 0.99633 118.746
0.999827 -0.0133477 0.0137996 1.10664 0.0121395 0.996381 0.0841577 4.42102 -0.0148732 -0.0839748 0.996367 119.989
0.999843 -0.0131798 0.0127414 1.11665 0.0120593 0.996367 0.0843242 4.5088 -0.0138067 -0.0841571 0.99637 121.229
0.999855 -0.0128086 0.0122337 1.11793 0.0117323 0.996376 0.0842701 4.60476 -0.0132689 -0.0841134 0.996379 122.448
0.999875 -0.0125696 0.0107202 1.1243 0.0116172 0.996341 0.084688 4.70003 -0.0117457 -0.0845527 0.996363 123.696
0.999878 -0.0125732 0.010427 1.13581 0.0116359 0.996275 0.0854751 4.78703 -0.011463 -0.0853425 0.996297 124.924
0.999902 -0.0119495 0.00879823 1.14116 0.0111537 0.996275 0.0855172 4.89459 -0.00978759 -0.0854105 0.996311 126.175
0.999908 -0.0119761 0.00802874 1.14556 0.0112396 0.996222 0.0861364 4.99454 -0.00903025 -0.0860373 0.996262 127.426
0.999909 -0.0118615 0.00819992 1.14624 0.0111076 0.996185 0.0865621 5.09237 -0.00919568 -0.0864629 0.996226 128.662
0.999917 -0.0119576 0.0068605 1.14731 0.0113143 0.99614 0.0870666 5.18882 -0.00787532 -0.0869807 0.99619 129.924
0.99991 -0.0127026 0.00667937 1.14966 0.0120702 0.996098 0.0874377 5.29868 -0.00776425 -0.0873489 0.996161 131.154
0.999919 -0.0126066 0.00532758 1.15744 0.0120914 0.996091 0.0875247 5.40816 -0.00641024 -0.0874519 0.99616 132.427
0.99992 -0.0126868 0.00489828 1.15928 0.0122063 0.996042 0.0880535 5.51094 -0.00599628 -0.0879864 0.996117 133.68
0.999922 -0.0125082 0.00500499 1.16116 0.012016 0.996012 0.0884243 5.6172 -0.00609117 -0.088356 0.996082 134.914
0.999928 -0.0123899 0.00403993 1.17431 0.0119815 0.995966 0.088933 5.72072 -0.00512583 -0.0888779 0.996042 136.184
0.999925 -0.0121753 0.00527579 1.17015 0.0116563 0.995958 0.0890761 5.83028 -0.00633915 -0.0890066 0.996023 137.44
0.999922 -0.0125629 0.00490198 1.17901 0.0120775 0.995971 0.0888707 5.93669 -0.00599909 -0.0888042 0.996045 138.713
0.999922 -0.0124181 0.00528004 1.18124 0.0118977 0.995954 0.0890912 6.04618 -0.0063652 -0.08902 0.996022 139.984
0.999914 -0.0121607 0.00700274 1.17924 0.0114799 0.995861 0.0901741 6.15158 -0.00807078 -0.0900856 0.995915 141.257
0.99992 -0.011933 0.00667415 1.18251 0.0112792 0.995831 0.0905349 6.26643 -0.00772688 -0.090451 0.995884 142.526
0.999917 -0.0118473 0.00722754 1.18695 0.0111414 0.995798 0.0909121 6.36834 -0.00827476 -0.0908237 0.995847 143.793
0.999903 -0.011695 0.00917413 1.18645 0.0108151 0.995828 0.0906212 6.48171 -0.0101959 -0.0905118 0.995856 145.057
0.999911 -0.0115194 0.00855079 1.1982 0.0107021 0.995872 0.0901494 6.59582 -0.00955452 -0.0900495 0.995906 146.325
0.999895 -0.0113342 0.0104598 1.205 0.0103442 0.995871 0.0902118 6.70176 -0.0114394 -0.0900925 0.995881 147.584
0.999905 -0.0113357 0.00954081 1.21403 0.0104334 0.995906 0.0898114 6.81613 -0.0105204 -0.089703 0.995928 148.844
0.999903 -0.0114301 0.00953926 1.22364 0.0105274 0.99591 0.0897539 6.91958 -0.0105265 -0.0896431 0.995932 150.107
0.999889 -0.0115642 0.0107963 1.22569 0.0105419 0.995855 0.090357 7.02668 -0.011797 -0.090233 0.995865 151.364
0.999905 -0.0113654 0.0095097 1.23931 0.0104569 0.995835 0.0905842 7.14411 -0.0105 -0.0904744 0.995857 152.629
0.999896 -0.011283 0.0105574 1.24234 0.0102703 0.995755 0.0914872 7.25381 -0.0115454 -0.0913688 0.995765 153.89
0.999909 -0.0111904 0.00936216 1.24908 0.0102837 0.995729 0.0917643 7.36587 -0.0103494 -0.091658 0.995751 155.153
0.999916 -0.0110646 0.00869209 1.25517 0.0102181 0.995706 0.0920258 7.47535 -0.00967367 -0.0919287 0.995734 156.411
0.999916 -0.0107906 0.00905995 1.2557 0.00991022 0.995705 0.0920676 7.58896 -0.0100149 -0.0919683 0.995726 157.665
0.999931 -0.0106873 0.00747761 1.26446 0.00995061 0.995671 0.0924288 7.70027 -0.00843376 -0.0923474 0.995707 158.927
0.99993 -0.0103486 0.00796291 1.26539 0.00956258 0.99562 0.0930117 7.81348 -0.00889097 -0.0929273 0.995647 160.18
0.999945 -0.0101526 0.00637108 1.2702 0.00951508 0.995607 0.0931684 7.92538 -0.00728967 -0.0931019 0.995646 161.435
0.999949 -0.00994274 0.0058333 1.27243 0.00935245 0.995567 0.0935996 8.03648 -0.00673851 -0.0935384 0.995607 162.687
0.999949 -0.0100003 0.00603492 1.27168 0.00939041 0.99555 0.0937859 8.14892 -0.00694666 -0.0937235 0.995591 163.955
