1 0 0 0 0 1 0 0 0 0 1 0
1 -0.000276558 2.70701e-06 -0.00410197 0.000276555 1 0.000879739 -0.0124463 -2.95031e-06 -0.000879738 1 1.30586
0.999999 -0.00128542 0.000577399 -0.0106308 0.00128483 0.999999 0.00102914 -0.0228774 -0.000578721 -0.0010284 0.999999 2.60708
0.999997 -0.00223456 -0.0004174 -0.0145172 0.00223488 0.999997 0.000748232 -0.0368489 0.000415726 -0.000749163 1 3.93129
0.999998 -0.00202611 0.000868607 -0.0159236 0.00202525 0.999997 0.000983415 -0.0499403 -0.000870598 -0.000981654 0.999999 5.24604
0.999997 -0.00265433 0.000282574 -0.0193302 0.00265379 0.999995 0.00190981 -0.0565426 -0.000287641 -0.00190905 0.999998 6.56919
0.999993 -0.00384311 0.000410541 -0.0212517 0.00384186 0.999988 0.00298211 -0.0724641 -0.000421997 -0.00298051 0.999995 7.89126
0.999994 -0.00335056 0.00127941 -0.0229617 0.00334603 0.999988 0.00352273 -0.0867021 -0.0012912 -0.00351843 0.999993 9.21399
0.999995 -0.00312276 0.000270865 -0.028311 0.00312216 0.999993 0.00218979 -0.101542 -0.000277701 -0.00218893 0.999998 10.5422
0.999999 -0.000937058 0.00122441 -0.0330466 0.000935508 0.999999 0.00126575 -0.113778 -0.0012256 -0.0012646 0.999998 11.8669
0.999999 0.00172604 0.000469128 -0.0447411 -0.00172614 0.999999 0.000217172 -0.132827 -0.000468753 -0.000217982 1 13.2144
0.999995 0.00307466 0.000509011 -0.0540088 -0.00307478 0.999995 0.000238811 -0.145427 -0.000508275 -0.000240376 1 14.5541
0.999993 0.00332593 0.00169179 -0.0605554 -0.00332811 0.999994 0.00128691 -0.14533 -0.0016875 -0.00129253 0.999998 15.8872
0.999998 0.00159904 0.00103484 -0.0550777 -0.00160266 0.999993 0.00350268 -0.145671 -0.00102924 -0.00350433 0.999993 17.2372
0.999994 -0.00255938 0.00235325 -0.0491706 0.00254346 0.999974 0.00674151 -0.145021 -0.00237045 -0.00673548 0.999975 18.5833
0.999988 -0.00465844 0.00129939 -0.0429439 0.00465109 0.999974 0.00560448 -0.153974 -0.00132546 -0.00559837 0.999983 19.9278
0.999983 -0.00534873 0.0025382 -0.0358052 0.00533397 0.999969 0.00578659 -0.125497 -0.00256907 -0.00577295 0.99998 21.2647
0.99999 -0.00384776 0.00231974 -0.0325827 0.00383577 0.999979 0.00514955 -0.117549 -0.0023395 -0.0051406 0.999984 22.6175
0.999993 -0.00199424 0.00313139 -0.0366616 0.00197731 0.999984 0.00540048 -0.1073 -0.00314211 -0.00539425 0.999981 23.9745
0.999985 -0.00203842 0.0051947 -0.0389286 0.00198486 0.999945 0.0102948 -0.081441 -0.0052154 -0.0102844 0.999934 25.3186
0.999986 -0.00273343 0.0045253 -0.0311654 0.00267662 0.999918 0.0125121 -0.0790391 -0.00455913 -0.0124998 0.999911 26.6958
0.999973 -0.00478719 0.00558263 -0.0291829 0.00471709 0.999911 0.0125029 -0.0941892 -0.00564198 -0.0124762 0.999906 28.0462
0.99998 -0.00449507 0.00446039 -0.0323019 0.0044487 0.999937 0.0103513 -0.0949195 -0.00450664 -0.0103313 0.999937 29.4265
0.999971 -0.00403914 0.00654996 -0.0280774 0.00397001 0.999937 0.0105325 -0.112002 -0.00659209 -0.0105062 0.999923 30.7891
0.999982 -0.00155898 0.00583367 -0.0404171 0.00150367 0.999954 0.0094742 -0.10786 -0.00584817 -0.00946526 0.999938 32.1948
0.99998 -0.000810637 0.00625366 -0.0411904 0.000751638 0.999955 0.0094309 -0.121015 -0.00626102 -0.00942601 0.999936 33.5786
0.999973 -0.00048657 0.00735151 -0.0343929 0.000412094 0.999949 0.0101287 -0.125861 -0.00735606 -0.0101254 0.999922 34.9541
0.999982 -0.000422269 0.00609123 -0.0291053 0.000351191 0.999932 0.0116651 -0.135183 -0.00609575 -0.0116627 0.999913 36.3568
0.999977 0.000498347 0.00686092 -0.0335964 -0.00059127 0.999908 0.0135483 -0.13377 -0.00685354 -0.0135521 0.999885 37.745
0.999979 0.00290146 0.00578 -0.0327851 -0.00298258 0.999897 0.0140767 -0.129278 -0.00573856 -0.0140936 0.999884 39.1465
0.999971 0.00472387 0.00600556 -0.0396372 -0.00480864 0.999888 0.0141812 -0.126976 -0.0059379 -0.0142097 0.999881 40.5453
0.99996 0.00597941 0.00665349 -0.0420989 -0.00607951 0.999867 0.0151276 -0.120504 -0.00656215 -0.0151674 0.999863 41.948
0.999967 0.00622049 0.00531599 -0.0449328 -0.00630536 0.999851 0.0160998 -0.110472 -0.00521505 -0.0161327 0.999856 43.3544
0.999966 0.00547096 0.00619972 -0.0448389 -0.00557365 0.999846 0.0166686 -0.114178 -0.00610757 -0.0167026 0.999842 44.7579
0.99998 0.0046428 0.00445071 -0.0444963 -0.0047139 0.999859 0.0160994 -0.112309 -0.00437534 -0.01612 0.999861 46.1725
0.999981 0.00415366 0.00460936 -0.04658 -0.00423307 0.999841 0.0173551 -0.106639 -0.00453654 -0.0173742 0.999839 47.5852
0.999988 0.00455541 0.0021469 -0.0517928 -0.00459328 0.999828 0.0179766 -0.100968 -0.00206464 -0.0179863 0.999836 49.0122
0.999991 0.00419279 0.000832552 -0.0577939 -0.00420782 0.999812 0.0189604 -0.0890866 -0.000752902 -0.0189637 0.99982 50.4355
0.999988 0.00478646 0.00110723 -0.057608 -0.00480696 0.999802 0.0193199 -0.081372 -0.00101454 -0.019325 0.999813 51.8486
0.999988 0.00489134 -0.00115403 -0.0674395 -0.00486607 0.999768 0.0209713 -0.0702333 0.00125634 -0.0209655 0.999779 53.2691
0.999996 0.00295983 -0.000473149 -0.0752156 -0.00294855 0.999747 0.022299 -0.0551988 0.000539027 -0.0222975 0.999751 54.6929
0.999996 0.00162711 -0.00259118 -0.0813759 -0.00156865 0.999748 0.0224045 -0.0413311 0.00262698 -0.0224003 0.999746 56.1246
0.999995 -0.000256296 -0.00317974 -0.0900631 0.000329134 0.999737 0.0229278 -0.0279532 0.00317302 -0.0229287 0.999732 57.5458
0.999997 -0.00178449 -0.00178215 -0.0950697 0.00182555 0.999727 0.023311 -0.0163484 0.00174006 -0.0233141 0.999727 58.9641
0.999994 -0.00286752 -0.0020342 -0.100468 0.00291502 0.999714 0.0237487 -0.00163458 0.00196552 -0.0237545 0.999716 60.3833
0.999994 -0.00352491 -0.000267788 -0.0966714 0.00353048 0.999684 0.0248958 0.010701 0.000179944 -0.0248966 0.99969 61.7973
0.999992 -0.0040705 -0.00101636 -0.0940271 0.0040951 0.999666 0.0255087 0.0174182 0.000912186 -0.0255127 0.999674 63.2198
0.999982 -0.00600336 -0.00095017 -0.101493 0.00602571 0.999655 0.0255939 0.0398686 0.000796188 -0.0255991 0.999672 64.6442
0.999982 -0.00596574 0.00123078 -0.115007 0.00593222 0.999654 0.025644 0.0576806 -0.00138335 -0.0256362 0.99967 66.0365
0.99999 -0.00447583 0.000721454 -0.12703 0.00445518 0.99964 0.0264577 0.06796 -0.000839619 -0.0264542 0.99965 67.4488
0.999996 -0.0021751 0.00202408 -0.131999 0.00211756 0.999606 0.0280072 0.0851843 -0.0020842 -0.0280028 0.999606 68.8607
0.999999 0.000543208 0.00137088 -0.14112 -0.000582631 0.999582 0.0289219 0.105024 -0.00135459 -0.0289227 0.999581 70.2823
0.999987 0.00394626 0.00338288 -0.142977 -0.00404602 0.999542 0.0300091 0.125781 -0.0032629 -0.0300224 0.999544 71.6822
0.999966 0.00751807 0.00335857 -0.157397 -0.00761618 0.999515 0.0302221 0.148995 -0.00312973 -0.0302466 0.999538 73.0879
0.999935 0.0107968 0.00380108 -0.166144 -0.0109069 0.999484 0.0302366 0.181153 -0.00347266 -0.0302761 0.999536 74.4919
0.99992 0.011503 0.00532242 -0.164573 -0.0116598 0.999469 0.0304305 0.203063 -0.00496955 -0.0304901 0.999523 75.8876
0.999914 0.0122385 0.00472172 -0.171494 -0.0123812 0.999428 0.0314707 0.22572 -0.00433386 -0.0315265 0.999494 77.2953
0.999929 0.0105005 0.00570999 -0.166332 -0.0106752 0.999448 0.0314664 0.244425 -0.00537642 -0.0315251 0.999489 78.6644
0.999947 0.00938735 0.00438611 -0.162539 -0.00951952 0.99947 0.0311523 0.272441 -0.00409135 -0.0311923 0.999505 80.0669
0.999954 0.00878286 0.00397921 -0.16221 -0.00890351 0.999468 0.0313917 0.300799 -0.00370138 -0.0314256 0.999499 81.4488
0.999962 0.00761611 0.0043393 -0.156453 -0.00775001 0.999467 0.031725 0.319227 -0.00409537 -0.0317574 0.999487 82.8101
0.999961 0.00835295 0.00306425 -0.164343 -0.00844633 0.999458 0.0318444 0.342636 -0.00279659 -0.031869 0.999488 84.1946
0.99996 0.00854489 0.0028766 -0.170719 -0.00863359 0.999439 0.032382 0.375825 -0.00259829 -0.0324055 0.999471 85.5456
0.999975 0.00706903 0.000712613 -0.179071 -0.00708854 0.999441 0.0326825 0.40033 -0.000481185 -0.0326867 0.999465 86.9331
0.999987 0.00522652 -0.000393966 -0.186452 -0.00521025 0.999417 0.0337427 0.420491 0.000570088 -0.0337402 0.99943 88.3032
0.999996 0.00282192 -0.000902651 -0.191572 -0.00278958 0.999418 0.034018 0.445122 0.000998117 -0.0340153 0.999421 89.6516
0.999996 0.00152711 -0.00249445 -0.197087 -0.0014412 0.999418 0.0340864 0.470392 0.00254504 -0.0340826 0.999416 91.0355
0.999997 0.000254483 -0.00248112 -0.207171 -0.000169961 0.999422 0.0340068 0.503399 0.00248833 -0.0340063 0.999418 92.386
0.999994 -0.0005088 -0.0034402 -0.220265 0.000626287 0.999414 0.0342366 0.524914 0.00342076 -0.0342385 0.999408 93.7523
0.999995 -0.000317216 -0.00324987 -0.229901 0.000429018 0.999406 0.0344589 0.552742 0.003237 -0.0344601 0.999401 95.0962
0.999994 4.82641e-05 -0.00369915 -0.241938 7.99011e-05 0.9994 0.0346391 0.580573 0.00369859 -0.0346392 0.999393 96.4588
0.999993 0.000543574 -0.00368595 -0.255152 -0.000415975 0.999404 0.0345305 0.606428 0.00370251 -0.0345287 0.999397 97.8139
0.999995 0.00154874 -0.00286537 -0.272912 -0.00144841 0.999398 0.0346892 0.643735 0.00291736 -0.0346848 0.999394 99.1476
0.999993 0.00211779 -0.00313301 -0.283104 -0.00200277 0.99934 0.0362702 0.669311 0.00320775 -0.0362637 0.999337 100.509
0.999994 0.00256539 -0.00244826 -0.294162 -0.00247294 0.999311 0.037047 0.703768 0.00254161 -0.0370407 0.99931 101.834
0.999993 0.00236197 -0.00301122 -0.307375 -0.00225021 0.999328 0.0365914 0.732706 0.00309562 -0.0365844 0.999326 103.187
0.999995 0.00202887 -0.00277818 -0.319016 -0.0019294 0.999373 0.0353515 0.761344 0.00284816 -0.0353459 0.999371 104.528
0.999997 0.00119686 -0.00236354 -0.332021 -0.00111366 0.999391 0.0348913 0.789345 0.00240386 -0.0348886 0.999388 105.834
0.999997 -9.16339e-05 -0.00265439 -0.339186 0.000186874 0.999356 0.0359024 0.821203 0.00264938 -0.0359028 0.999352 107.188
0.999996 -0.00234005 -0.00159025 -0.342098 0.00239732 0.999312 0.0370248 0.854726 0.00150251 -0.0370284 0.999313 108.496
0.999992 -0.00378153 -0.0012489 -0.346468 0.00382602 0.999279 0.0377896 0.885163 0.00110509 -0.0377941 0.999285 109.845
0.999991 -0.00421964 -0.000731139 -0.350549 0.00424408 0.999289 0.037467 0.912108 0.000572517 -0.0374698 0.999298 111.173
0.999995 -0.0033032 0.000465681 -0.361404 0.00328432 0.999348 0.0359599 0.938277 -0.000584163 -0.0359581 0.999353 112.472
0.999999 -0.00116102 0.00118136 -0.372388 0.00111849 0.999373 0.035388 0.967136 -0.0012217 -0.0353866 0.999373 113.818
0.999995 0.000523849 0.00336158 -0.379613 -0.000642947 0.999369 0.0355265 0.994552 -0.00334085 -0.0355284 0.999363 115.124
0.999991 0.00193261 0.00381499 -0.38314 -0.00207502 0.999288 0.0376857 1.02522 -0.00373944 -0.0376932 0.999282 116.474
0.999985 0.00131103 0.00535412 -0.385614 -0.00152331 0.999205 0.0398379 1.05666 -0.00529763 -0.0398455 0.999192 117.781
0.999986 0.00110974 0.005246 -0.387702 -0.00132458 0.999153 0.0411289 1.09291 -0.00519592 -0.0411353 0.99914 119.135
0.999979 0.00176994 0.00632454 -0.387923 -0.0020288 0.999151 0.0411605 1.13188 -0.00624632 -0.0411724 0.999133 120.47
0.99996 0.00289828 0.00847037 -0.384485 -0.00324438 0.999149 0.0411365 1.16825 -0.00834393 -0.0411623 0.999118 121.777
0.999951 0.00474127 0.00874976 -0.386517 -0.00509647 0.999145 0.0410298 1.20779 -0.00854775 -0.0410723 0.99912 123.135
0.999931 0.00479631 0.0107241 -0.380835 -0.00523182 0.999148 0.0409581 1.24318 -0.0105185 -0.0410114 0.999103 124.449
0.999927 0.00589009 0.0106397 -0.380618 -0.00631865 0.999152 0.0407056 1.28399 -0.0103909 -0.0407698 0.999114 125.804
0.999919 0.00496803 0.0117189 -0.369912 -0.00544603 0.99914 0.0411158 1.32783 -0.0115045 -0.0411763 0.999086 127.14
0.999898 0.0054017 0.0132566 -0.359886 -0.00595351 0.999102 0.041945 1.37187 -0.0130181 -0.0420196 0.999032 128.45
0.999904 0.003618 0.0134048 -0.351748 -0.00418538 0.999086 0.0425434 1.41119 -0.0132386 -0.0425954 0.999005 129.819
0.999893 0.00319989 0.0143213 -0.342639 -0.00381551 0.999061 0.0431677 1.4465 -0.0141697 -0.0432176 0.998965 131.128
0.9999 0.00211143 0.0140346 -0.330367 -0.00272433 0.999037 0.0437959 1.48423 -0.0139286 -0.0438297 0.998942 132.496
0.999904 0.00143082 0.0138336 -0.316729 -0.00203852 0.999029 0.0440157 1.5246 -0.0137572 -0.0440397 0.998935 133.832
0.999899 0.000395069 0.014273 -0.291035 -0.00102605 0.999021 0.0442276 1.56468 -0.0142416 -0.0442377 0.998919 135.143
0.999922 -0.000345037 0.0125271 -0.284146 -0.000211714 0.999013 0.0444152 1.614 -0.0125301 -0.0444144 0.998935 136.498
0.999922 -0.00291809 0.0122274 -0.265015 0.00236881 0.998998 0.0446979 1.65444 -0.0123456 -0.0446654 0.998926 137.812
0.999939 -0.0040586 0.0103553 -0.258105 0.00358704 0.998974 0.0451567 1.6942 -0.0105279 -0.0451168 0.998926 139.169
0.999939 -0.00491769 0.00990425 -0.246971 0.00446461 0.998966 0.0452598 1.74279 -0.0101166 -0.0452128 0.998926 140.492
0.99996 -0.00467955 0.00771961 -0.248617 0.0043254 0.998966 0.0452726 1.78797 -0.00792348 -0.0452374 0.998945 141.856
0.999967 -0.00498075 0.00650901 -0.246821 0.00468394 0.998983 0.0448445 1.83902 -0.00672575 -0.0448125 0.998973 143.2
0.999958 -0.00681104 0.00628245 -0.237966 0.00652912 0.999017 0.0438528 1.88583 -0.00657496 -0.0438098 0.999018 144.511
0.999934 -0.0106425 0.00442728 -0.230267 0.0104385 0.998987 0.0437831 1.91812 -0.00488877 -0.0437339 0.999031 145.876
0.999834 -0.0178475 0.00387881 -0.209492 0.0176483 0.998766 0.0464317 1.96058 -0.00470272 -0.0463555 0.998914 147.207
0.999731 -0.0231744 0.00123788 -0.201488 0.0230887 0.99859 0.0478086 2.00217 -0.00234407 -0.0477671 0.998856 148.56
0.999663 -0.0259647 -0.000198277 -0.19511 0.0259467 0.99862 0.0456606 2.04164 -0.000987568 -0.0456503 0.998957 149.914
0.999684 -0.0251509 0.000940161 -0.197505 0.025085 0.998712 0.0441225 2.07807 -0.00204868 -0.044085 0.999026 151.253
0.999741 -0.0227935 0.000615099 -0.214356 0.0227475 0.998858 0.0420169 2.12928 -0.00157212 -0.041992 0.999117 152.614
0.999749 -0.0223529 0.00196056 -0.214306 0.0222509 0.998871 0.0419824 2.16805 -0.00289678 -0.0419282 0.999116 153.956
0.999685 -0.0250722 0.00171727 -0.215495 0.0249695 0.998674 0.0450177 2.21236 -0.00284369 -0.0449606 0.998985 155.307
0.999561 -0.0295526 0.00218419 -0.209251 0.0294149 0.998429 0.0476892 2.24956 -0.0035901 -0.047604 0.99886 156.647
0.999427 -0.0337468 0.00268727 -0.209795 0.0335729 0.998214 0.0494133 2.30491 -0.00435002 -0.0492947 0.998775 157.969
0.999375 -0.0352968 0.00206832 -0.206201 0.0351506 0.998146 0.0496853 2.36113 -0.00381822 -0.0495815 0.998763 159.32
0.999413 -0.0340331 0.00407722 -0.206519 0.0337829 0.998142 0.0507176 2.42716 -0.00579573 -0.0505501 0.998705 160.639
0.999523 -0.0305938 0.00431871 -0.208346 0.0303361 0.998255 0.0506582 2.47772 -0.00586101 -0.050503 0.998707 161.999
0.999604 -0.0274953 0.00598473 -0.216167 0.0271653 0.998401 0.0495879 2.52881 -0.0073386 -0.0494057 0.998752 163.317
0.999677 -0.0246344 0.00623604 -0.218155 0.0242948 0.99847 0.0496693 2.58048 -0.00745008 -0.0495017 0.998746 164.682
0.999704 -0.0233697 0.00674372 -0.222517 0.0230022 0.998474 0.0502144 2.63928 -0.00790693 -0.0500444 0.998716 166.041
0.999745 -0.0214598 0.0071351 -0.22358 0.0210763 0.998524 0.0500634 2.69124 -0.00819893 -0.0499002 0.99872 167.368
0.999791 -0.0196245 0.00581979 -0.219229 0.0193156 0.998608 0.0490853 2.74536 -0.00677497 -0.0489626 0.998778 168.745
0.999854 -0.0160601 0.00592236 -0.226223 0.015762 0.998754 0.0473436 2.78781 -0.00667533 -0.0472433 0.998861 170.079
0.999933 -0.0105477 0.00493012 -0.242483 0.0103066 0.99886 0.0466095 2.84201 -0.00541613 -0.0465555 0.998901 171.459
0.99996 -0.00738399 0.00509507 -0.252101 0.0071334 0.998843 0.0475602 2.89639 -0.00544037 -0.0475219 0.998855 172.824
0.999968 -0.00534639 0.00595198 -0.25298 0.00504671 0.998773 0.0492718 2.94917 -0.00620811 -0.0492401 0.998767 174.168
0.999978 -0.00417699 0.00516895 -0.252454 0.00390713 0.998683 0.051159 3.00478 -0.00537584 -0.0511377 0.998677 175.559
0.999971 -0.00629627 0.00446338 -0.244168 0.00605323 0.998602 0.0525194 3.05907 -0.00478782 -0.0524908 0.99861 176.928
0.999973 -0.00711391 0.00198288 -0.243259 0.00699991 0.998594 0.0525429 3.1193 -0.00235389 -0.0525276 0.998616 178.32
0.999962 -0.00870286 0.00111401 -0.250212 0.00863911 0.998802 0.0481666 3.1798 -0.00153187 -0.0481551 0.998838 179.676
0.999972 -0.00743523 -0.00131133 -0.249992 0.00748636 0.998975 0.0446425 3.23604 0.000978048 -0.0446511 0.999002 181.056
0.999981 -0.00596965 -0.00190703 -0.258234 0.00604451 0.999099 0.0420164 3.27588 0.00165447 -0.0420271 0.999115 182.44
0.999995 -0.00288519 -0.00139648 -0.265837 0.00294244 0.999075 0.0428973 3.31805 0.00127141 -0.0429011 0.999078 183.797
0.999995 -0.00200065 -0.0025369 -0.278057 0.00211389 0.998964 0.0454521 3.36806 0.00244333 -0.0454572 0.998963 185.208
0.999998 -0.00198129 -0.000803225 -0.291732 0.00201728 0.998864 0.047606 3.4211 0.00070798 -0.0476075 0.998866 186.59
0.999996 -0.00223177 -0.00213022 -0.295014 0.00233277 0.998813 0.0486544 3.47736 0.00201909 -0.0486591 0.998813 188.011
0.999991 -0.00372213 -0.00229732 -0.301708 0.00383118 0.99877 0.0494475 3.52949 0.00211043 -0.0494558 0.998774 189.414
0.999986 -0.00504679 -0.00191552 -0.305277 0.00513794 0.998685 0.0510187 3.5735 0.00165551 -0.0510278 0.998696 190.789
0.999972 -0.00698635 -0.00283938 -0.309831 0.00712334 0.998647 0.0515075 3.61599 0.00247568 -0.0515262 0.998668 192.227
0.999959 -0.00889812 -0.0019151 -0.3095 0.0089869 0.998562 0.0528491 3.67711 0.00144208 -0.0528641 0.9986 193.616
0.999917 -0.0126432 -0.00266403 -0.310011 0.0127698 0.998428 0.0545852 3.73064 0.0019697 -0.0546146 0.998505 195.058
0.99989 -0.0147699 -0.00178678 -0.310882 0.0148465 0.998337 0.055707 3.78581 0.000961007 -0.0557274 0.998445 196.446
0.999912 -0.0129979 -0.00299379 -0.32491 0.0131377 0.998523 0.0527191 3.8459 0.00230412 -0.0527537 0.998605 197.882
0.999975 -0.00657653 -0.00275696 -0.345491 0.00670406 0.99877 0.0491305 3.90475 0.00243045 -0.0491477 0.998788 199.303
0.999999 0.00143497 -0.00102709 -0.37177 -0.0013826 0.998783 0.0492996 3.96076 0.00109657 -0.0492981 0.998783 200.699
0.999973 0.00728341 -0.00126363 -0.404505 -0.00720823 0.998633 0.051773 4.01255 0.00163897 -0.0517625 0.998658 202.171
0.99996 0.00903888 0.000142277 -0.421681 -0.00903294 0.998432 0.055239 4.06838 0.000357234 -0.055238 0.998473 203.584
0.99997 0.00771317 -0.00155585 -0.429566 -0.00761315 0.998379 0.0564036 4.13454 0.00198837 -0.05639 0.998407 205.053
0.99998 0.00566925 -0.00311465 -0.440996 -0.00548206 0.998352 0.0571361 4.20236 0.00343342 -0.0571178 0.998361 206.501
0.999987 0.00383228 -0.00364101 -0.449486 -0.00361671 0.998341 0.057475 4.26684 0.00385521 -0.057461 0.99834 207.914
0.999976 0.00500591 -0.00484001 -0.465631 -0.00471658 0.998303 0.0580479 4.34473 0.00512236 -0.0580236 0.998302 209.384
0.999975 0.00537859 -0.00475445 -0.483788 -0.00509287 0.998293 0.058191 4.40741 0.0050593 -0.0581653 0.998294 210.806
0.99996 0.00657019 -0.00617732 -0.504461 -0.00619453 0.99824 0.0589817 4.47432 0.00655396 -0.0589411 0.99824 212.289
0.999958 0.00647822 -0.00660417 -0.523316 -0.0060727 0.9982 0.059676 4.54811 0.00697886 -0.0596333 0.998196 213.752
0.999962 0.00635492 -0.00598937 -0.533834 -0.00598733 0.99821 0.0595114 4.62098 0.00635682 -0.0594733 0.998209 215.188
0.99995 0.00641073 -0.00775854 -0.552855 -0.00593655 0.998201 0.0596686 4.69314 0.00812708 -0.0596195 0.998188 216.689
0.999958 0.00595206 -0.00706377 -0.560571 -0.00552045 0.998206 0.0596226 4.76185 0.00740596 -0.0595811 0.998196 218.133
0.999941 0.00667243 -0.00861295 -0.588316 -0.0061467 0.998198 0.059686 4.83056 0.00899567 -0.0596295 0.99818 219.635
0.999944 0.00702116 -0.00794995 -0.602279 -0.00653504 0.998201 0.0596042 4.89907 0.00835412 -0.0595489 0.99819 221.097
0.99992 0.00809998 -0.00975247 -0.625042 -0.00750327 0.998186 0.05974 4.97887 0.0102186 -0.059662 0.998166 222.596
0.999911 0.00867492 -0.0102115 -0.647857 -0.00804457 0.998152 0.060231 5.05253 0.0107151 -0.0601434 0.998132 224.076
0.999913 0.00861739 -0.0100785 -0.672526 -0.00799193 0.998134 0.0605325 5.13085 0.0105814 -0.0604466 0.998115 225.536
0.999903 0.00827378 -0.0112195 -0.704058 -0.00757271 0.9981 0.0611509 5.19871 0.0117041 -0.06106 0.998065 227.043
0.99992 0.00724055 -0.0104497 -0.72375 -0.00658394 0.998082 0.0615567 5.26858 0.0108754 -0.0614829 0.998049 228.524
0.999916 0.00703522 -0.0108787 -0.74947 -0.00634576 0.998046 0.0621618 5.34638 0.0112948 -0.0620875 0.998007 230.035
0.99992 0.00648575 -0.010937 -0.778917 -0.00578372 0.997994 0.0630425 5.42169 0.0113239 -0.0629741 0.997951 231.526
0.99993 0.00588193 -0.0103119 -0.802282 -0.00521806 0.997983 0.0632636 5.50239 0.0106632 -0.0632053 0.997943 233.02
0.999912 0.00720848 -0.0111932 -0.833547 -0.00648577 0.997973 0.0633129 5.58797 0.0116268 -0.0632347 0.997931 234.544
0.99992 0.00761737 -0.0101094 -0.856617 -0.00696149 0.997964 0.0633993 5.66572 0.0105717 -0.0633238 0.997937 236.034
0.999894 0.00905818 -0.0114322 -0.871561 -0.00830626 0.997904 0.0641877 5.74492 0.0119897 -0.0640859 0.997872 237.558
0.999887 0.0100876 -0.0112169 -0.899597 -0.00932532 0.997773 0.0660517 5.82602 0.0118582 -0.0659396 0.997753 239.072
0.999903 0.00979081 -0.00990106 -0.915678 -0.00910857 0.997729 0.0667482 5.90161 0.0105321 -0.0666515 0.99772 240.57
0.999885 0.0107604 -0.0107592 -0.952598 -0.0100279 0.997772 0.0659616 5.98498 0.011445 -0.0658461 0.997764 242.087
0.999898 0.0110977 -0.0090377 -0.972221 -0.0104834 0.997805 0.0653941 6.06662 0.00974356 -0.0652926 0.997818 243.591
0.999882 0.0118541 -0.00976063 -0.996358 -0.011183 0.997747 0.0661539 6.15205 0.0105228 -0.0660369 0.997761 245.114
0.999887 0.0115041 -0.00971663 -1.01885 -0.0108259 0.997683 0.0671798 6.23452 0.0104669 -0.067067 0.997693 246.636
0.999887 0.0118573 -0.00931525 -1.04359 -0.0111972 0.997624 0.0679805 6.31544 0.0100992 -0.0678685 0.997643 248.143
0.999867 0.012547 -0.0104987 -1.06679 -0.0118003 0.99759 0.0683847 6.39961 0.0113314 -0.0682517 0.997604 249.684
0.999871 0.0130216 -0.00945287 -1.0966 -0.0123388 0.997539 0.0690197 6.48723 0.0103283 -0.0688941 0.99757 251.195
0.999843 0.0142414 -0.0105693 -1.1231 -0.013474 0.997496 0.0694267 6.56743 0.0115316 -0.0692734 0.997531 252.743
0.99986 0.0140499 -0.00918177 -1.14693 -0.0133735 0.997459 0.0699834 6.65944 0.0101417 -0.0698507 0.997506 254.256
0.999853 0.0132807 -0.0109123 -1.16781 -0.0124805 0.997442 0.070388 6.74983 0.0118191 -0.0702414 0.99746 255.8
0.999884 0.0107225 -0.0108754 -1.18276 -0.00991729 0.997387 0.0715658 6.84911 0.0116144 -0.0714496 0.997376 257.336
0.999916 0.00828463 -0.00999726 -1.20123 -0.00753473 0.997315 0.0728492 6.93883 0.0105739 -0.0727678 0.997293 258.856
0.999901 0.00827832 -0.0114012 -1.22196 -0.00742561 0.997312 0.0729034 7.03625 0.0119741 -0.0728115 0.997274 260.387
0.999919 0.00741804 -0.0103597 -1.2392 -0.00664612 0.997335 0.072655 7.1355 0.0108711 -0.0725803 0.997303 261.901
0.999935 0.00524847 -0.0101074 -1.25224 -0.00448073 0.997208 0.0745381 7.23226 0.0104703 -0.074488 0.997167 263.434
0.999948 0.00366956 -0.00951998 -1.27052 -0.0029404 0.997141 0.0755071 7.33922 0.00976982 -0.0754751 0.997099 264.971
0.999961 0.00273666 -0.00848422 -1.2893 -0.00208919 0.997151 0.0754046 7.4319 0.00866639 -0.0753838 0.997117 266.502
0.999958 0.00165714 -0.00905867 -1.30715 -0.000975807 0.997206 0.0747062 7.53626 0.00915713 -0.0746942 0.997164 268.041
0.999972 0.00274539 -0.00699792 -1.3264 -0.00221512 0.997205 0.0746867 7.63211 0.00718339 -0.074669 0.997182 269.573
0.999962 0.00470843 -0.00732629 -1.3404 -0.00414686 0.997186 0.0748627 7.72753 0.00765814 -0.0748295 0.997167 271.115
0.999966 0.00556104 -0.00612567 -1.35998 -0.0050854 0.997163 0.0751007 7.82822 0.00652591 -0.075067 0.997157 272.651
0.999965 0.00762104 -0.00341274 -1.37926 -0.00734048 0.997097 0.075799 7.92067 0.00398048 -0.0757713 0.997117 274.184
0.999963 0.0076444 -0.00391235 -1.39336 -0.00732598 0.997098 0.0757855 8.02064 0.00448032 -0.075754 0.997116 275.727
0.999966 0.00810128 -0.00139783 -1.40808 -0.00797259 0.997113 0.0755196 8.12072 0.00200559 -0.0755058 0.997143 277.253
0.999966 0.00803037 -0.00201546 -1.41645 -0.00785394 0.997076 0.0760176 8.22562 0.00262 -0.0759991 0.997104 278.796
0.99997 0.00770488 -0.0010425 -1.42902 -0.00760174 0.997003 0.0770001 8.32295 0.00163263 -0.0769898 0.99703 280.33
0.99998 0.00606732 0.00193253 -1.42917 -0.00619951 0.996938 0.0779523 8.42217 -0.00145366 -0.0779626 0.996955 281.852
0.999983 0.00586395 0.000428518 -1.44632 -0.00587948 0.996858 0.0789976 8.52501 3.60525e-05 -0.0789987 0.996874 283.398
0.999983 0.00516255 0.00281972 -1.44466 -0.00536529 0.996987 0.0773849 8.62704 -0.00241173 -0.0773987 0.996997 284.925
0.999986 0.00532975 0.000307591 -1.44756 -0.00533759 0.997009 0.0771036 8.72824 0.000104256 -0.0771041 0.997023 286.483
0.999986 0.00533691 -0.000364 -1.45517 -0.00529219 0.996933 0.0780839 8.83582 0.000779595 -0.0780808 0.996946 288.023
0.999988 0.00486572 0.000541513 -1.4618 -0.00489334 0.99684 0.0792909 8.94055 -0.000154009 -0.0792925 0.996851 289.562
0.999987 0.00471138 -0.00183521 -1.47287 -0.00454986 0.996799 0.0798199 9.05124 0.00220538 -0.0798106 0.996807 291.137
0.999988 0.00503319 -0.000346589 -1.48056 -0.00498925 0.996774 0.080111 9.16223 0.00074867 -0.0801082 0.996785 292.675
0.999981 0.0056983 -0.00259294 -1.49326 -0.00546976 0.996705 0.0809355 9.27753 0.00304557 -0.0809197 0.996716 294.257
0.999978 0.00561909 -0.00373992 -1.51162 -0.00529379 0.996624 0.0819368 9.39441 0.00418768 -0.0819152 0.99663 295.822
0.999975 0.00651329 -0.00288895 -1.51637 -0.00624785 0.996452 0.0839354 9.50789 0.00342538 -0.0839153 0.996467 297.371
0.999958 0.00786076 -0.00472058 -1.53193 -0.00742998 0.996335 0.0852175 9.6317 0.00537313 -0.0851789 0.996351 298.962
0.999965 0.00796347 -0.0026693 -1.54269 -0.00770343 0.99624 0.0863001 9.75156 0.0033465 -0.0862765 0.996265 300.527
0.999961 0.00830399 -0.00318739 -1.55597 -0.0079969 0.996213 0.0865787 9.8726 0.00389425 -0.0865498 0.99624 302.123
0.999964 0.00797261 -0.00292867 -1.567 -0.00768622 0.996145 0.087389 9.99806 0.00361408 -0.0873634 0.99617 303.71
0.99998 0.00630104 -0.00138849 -1.57142 -0.00615637 0.996191 0.0869905 10.1162 0.00193132 -0.0869802 0.996208 305.281
0.999979 0.00627787 -0.00190495 -1.57687 -0.00608989 0.996245 0.0863684 10.2385 0.00243999 -0.0863549 0.996261 306.876
0.999981 0.00612452 -0.000934424 -1.58315 -0.00602164 0.996287 0.0858852 10.3624 0.00145694 -0.0858779 0.996304 308.469
0.999968 0.00683687 -0.0042081 -1.59544 -0.00645051 0.996289 0.085833 10.4894 0.00477929 -0.0858031 0.9963 310.073
0.999948 0.00829234 -0.00605262 -1.61365 -0.00773617 0.996201 0.0867505 10.6216 0.00674897 -0.0866991 0.996211 311.678
0.999942 0.00942628 -0.00528398 -1.63208 -0.00891342 0.995914 0.089867 10.7515 0.00610949 -0.0898146 0.995939 313.288
0.999947 0.00850393 -0.00581912 -1.64239 -0.00792224 0.995581 0.0935753 10.8845 0.00658914 -0.0935242 0.995595 314.915
0.999962 0.0074879 -0.00447031 -1.66065 -0.00703414 0.995539 0.0940919 11.0224 0.0051549 -0.0940568 0.995553 316.525
0.999961 0.00717636 -0.00524182 -1.66922 -0.00665037 0.995525 0.0942676 11.1517 0.00589484 -0.094229 0.995533 318.162
0.999975 0.00602472 -0.00375257 -1.68197 -0.00564496 0.995548 0.0940884 11.285 0.0043027 -0.0940648 0.995556 319.766
0.99997 0.00636927 -0.00453142 -1.69254 -0.00590894 0.99544 0.0952148 11.422 0.00511718 -0.0951851 0.995446 321.393
0.999972 0.00636753 -0.00393167 -1.70068 -0.00596316 0.995415 0.0954655 11.5597 0.0045215 -0.0954394 0.995424 323.015
0.999972 0.00732676 -0.00185325 -1.71881 -0.00711691 0.995427 0.0952633 11.7007 0.00254273 -0.0952474 0.99545 324.618
0.999969 0.00763738 -0.00223294 -1.72658 -0.00738981 0.99542 0.0953131 11.8418 0.00295063 -0.0952935 0.995444 326.237
0.99998 0.00645962 5.81628e-06 -1.73789 -0.00642933 0.995203 0.097625 11.982 0.000624818 -0.0976229 0.995223 327.84
0.999984 0.00559961 -0.000710291 -1.7399 -0.00550258 0.995135 0.0983744 12.1281 0.00125768 -0.0983689 0.995149 329.455
0.99999 0.00459477 -0.000697949 -1.74182 -0.00450385 0.995142 0.0983561 12.2741 0.00114647 -0.0983519 0.995151 331.061
0.99999 0.00459956 0.000591251 -1.75095 -0.00463555 0.995039 0.0993826 12.4203 -0.000131214 -0.0993842 0.995049 332.663
0.999986 0.00525088 -0.000704626 -1.75348 -0.00515627 0.99515 0.0982348 12.5683 0.00121701 -0.0982297 0.995162 334.272
0.999972 0.00750148 0.00014807 -1.77225 -0.00748031 0.995232 0.0972553 12.6927 0.00058218 -0.0972536 0.995259 335.859
0.999968 0.00796817 -0.00147356 -1.78333 -0.00778374 0.995083 0.0987416 12.8337 0.00225309 -0.0987269 0.995111 337.469
0.99996 0.00876914 -0.00220124 -1.79485 -0.00850009 0.994788 0.101617 12.9756 0.00308085 -0.101594 0.994821 339.074
0.999959 0.00886992 -0.00206712 -1.80659 -0.00860853 0.994599 0.103443 13.1279 0.00297347 -0.103421 0.994633 340.652
0.999948 0.00929591 -0.00429262 -1.8182 -0.00879931 0.994542 0.103973 13.2705 0.0052357 -0.10393 0.99457 342.258
0.999946 0.00918677 -0.00486543 -1.83398 -0.00862917 0.994506 0.104326 13.4118 0.00579709 -0.104278 0.994531 343.832
0.999937 0.00832175 -0.00758098 -1.84424 -0.00747748 0.994413 0.105296 13.5624 0.00841485 -0.105233 0.994411 345.432
0.999938 0.00707064 -0.00859848 -1.85671 -0.00611455 0.99429 0.106541 13.7163 0.00930267 -0.106481 0.994271 347.028
0.999945 0.0070901 -0.00778518 -1.88065 -0.00621973 0.994279 0.106632 13.8572 0.00849665 -0.106578 0.994267 348.591
0.999937 0.00693036 -0.00892715 -1.90031 -0.00593375 0.994221 0.107193 13.9977 0.00961842 -0.107133 0.994198 350.198
0.999946 0.00674738 -0.00800009 -1.92049 -0.00584952 0.994201 0.10738 14.1459 0.0086782 -0.107327 0.994185 351.754
0.999941 0.0064526 -0.00878908 -1.93997 -0.0054643 0.994118 0.108166 14.2978 0.00943531 -0.108111 0.994093 353.358
0.999944 0.00619154 -0.00859914 -1.96074 -0.00522505 0.994117 0.108191 14.4527 0.00921839 -0.10814 0.994092 354.939
0.999954 0.0061855 -0.00739133 -1.98104 -0.00534874 0.994103 0.108307 14.6015 0.00801765 -0.108262 0.994089 356.497
0.999948 0.00615699 -0.00821894 -1.99865 -0.00522434 0.994025 0.109033 14.7551 0.00884112 -0.108985 0.994004 358.097
0.999957 0.00605279 -0.00708835 -2.0168 -0.00524569 0.994049 0.108812 14.9109 0.00770476 -0.10877 0.994036 359.652
0.999953 0.00560809 -0.0080207 -2.035 -0.00469659 0.99398 0.109462 15.0663 0.00858627 -0.109419 0.993958 361.246
0.99996 0.00433652 -0.00793914 -2.05235 -0.00343084 0.993845 0.110732 15.226 0.00837044 -0.110701 0.993818 362.83
0.999974 0.00319276 -0.00650286 -2.06795 -0.00244495 0.993715 0.11192 15.3834 0.0068193 -0.111901 0.993695 364.396
0.999966 0.00312416 -0.00768657 -2.08097 -0.00224373 0.993707 0.111994 15.5441 0.00798806 -0.111973 0.993679 365.987
0.999975 0.00399781 -0.00597125 -2.09797 -0.00329929 0.993621 0.112724 15.6983 0.00638378 -0.112701 0.993608 367.553
0.999964 0.00538207 -0.00660256 -2.11666 -0.00459711 0.993514 0.113624 15.871 0.00717125 -0.11359 0.993501 369.152
0.99997 0.00609054 -0.00487409 -2.13476 -0.00549056 0.993369 0.114842 16.0346 0.0055412 -0.114812 0.993371 370.726
0.999965 0.00640446 -0.00556683 -2.14616 -0.00571929 0.993302 0.115411 16.1971 0.00626867 -0.115375 0.993302 372.325
0.999968 0.00615293 -0.00526548 -2.15933 -0.00550162 0.993253 0.115842 16.363 0.0059427 -0.11581 0.993253 373.913
0.999975 0.00625787 -0.00348761 -2.17574 -0.00580956 0.99319 0.116366 16.5315 0.00419205 -0.116343 0.9932 375.488
0.999968 0.00685805 -0.00419624 -2.1869 -0.00632018 0.993115 0.116974 16.711 0.00496955 -0.116944 0.993125 377.096
0.99997 0.00746699 -0.0022252 -2.20196 -0.00715303 0.993017 0.117758 16.8825 0.00308895 -0.117738 0.993039 378.673
0.999962 0.0082629 -0.0028603 -2.21022 -0.00786381 0.992863 0.119008 17.0677 0.00382322 -0.118981 0.992889 380.292
0.999951 0.00958461 -0.00252415 -2.22259 -0.00921355 0.992766 0.119714 17.2443 0.00365329 -0.119685 0.992805 381.89
0.999947 0.0103626 -0.000723475 -2.23395 -0.0101997 0.992649 0.120598 17.4169 0.00196785 -0.120584 0.992701 383.472
0.999938 0.0110173 -0.00188365 -2.24502 -0.0107069 0.992534 0.121505 17.5932 0.00320823 -0.121477 0.992588 385.099
0.999927 0.0120966 -0.00027285 -2.25895 -0.0119725 0.992426 0.122262 17.7696 0.00174972 -0.122249 0.992497 386.683
0.999917 0.0128958 -0.00130368 -2.27613 -0.0126372 0.992312 0.123117 17.9489 0.00288134 -0.12309 0.992391 388.319
0.999911 0.0133204 -0.000948098 -2.28714 -0.013102 0.992288 0.123264 18.1317 0.00258269 -0.12324 0.992373 389.929
0.999915 0.0130382 -9.54931e-05 -2.3067 -0.0129262 0.992228 0.123766 18.3094 0.00170842 -0.123754 0.992311 391.524
