1 0 0 0 0 1 0 0 0 0 1 0
0.999998 0.0016066 0.00144872 -0.00456612 -0.00160067 0.99999 -0.0040821 -0.013557 -0.00145526 0.00407977 0.999991 0.959202
0.999997 -0.000610087 0.00237511 -0.00487331 0.00062137 0.999989 -0.00475283 -0.0396075 -0.00237219 0.00475429 0.999986 1.91686
0.999993 -0.00177818 0.00339304 -0.00670032 0.00178068 0.999998 -0.000734247 -0.0443936 -0.00339172 0.000740284 0.999994 2.8711
0.999991 -0.00387997 0.00145473 0.00121965 0.00387495 0.999987 0.00344113 -0.0466249 -0.00146806 -0.00343546 0.999993 3.83135
0.999981 -0.00612374 0.000244942 0.00250273 0.00612244 0.999969 0.00500955 -0.0613177 -0.000275612 -0.00500795 0.999987 4.76805
0.99996 -0.00898784 0.000140868 0.005103 0.00898746 0.999957 0.00244407 -0.0657371 -0.000162829 -0.00244271 0.999997 5.70548
0.999957 -0.00914538 -0.00117247 0.0107146 0.00914667 0.999958 0.00109511 -0.0727546 0.00116241 -0.00110579 0.999999 6.63574
0.999952 -0.0096197 -0.00190896 0.00677251 0.00962162 0.999953 0.0009996 -0.0715794 0.00189926 -0.00101792 0.999998 7.5645
0.999952 -0.00961697 -0.00209487 0.00276268 0.00962231 0.999951 0.00255131 -0.0705473 0.00207023 -0.00257134 0.999995 8.4927
0.999943 -0.00988031 -0.00407055 -0.00344041 0.00990051 0.999939 0.00497219 -0.0723653 0.00402117 -0.0050122 0.999979 9.41802
0.999935 -0.0102003 -0.00507272 -0.0108358 0.0102343 0.999925 0.00672509 -0.0793367 0.00500374 -0.00677657 0.999965 10.3321
0.999943 -0.00975627 -0.00442593 -0.0182679 0.00979097 0.999921 0.00788633 -0.0950757 0.00434864 -0.00792921 0.999959 11.2511
0.99994 -0.00916898 -0.00600465 -0.0195298 0.00921774 0.999924 0.00814353 -0.102406 0.00592953 -0.00819839 0.999949 12.1609
0.99994 -0.00892103 -0.00638182 -0.0283375 0.0089704 0.99993 0.00774988 -0.110765 0.00631223 -0.00780666 0.99995 13.0673
0.999921 -0.010612 -0.00677726 -0.0427577 0.0106524 0.999926 0.00595304 -0.113641 0.00671358 -0.00602476 0.999959 13.9694
0.999913 -0.00952669 -0.0091229 -0.0463306 0.00957294 0.999942 0.00503951 -0.113462 0.00907436 -0.0051264 0.999946 14.8763
0.999898 -0.00894548 -0.0111025 -0.0601762 0.00899948 0.999948 0.004823 -0.104408 0.0110588 -0.00492242 0.999927 15.7773
0.999903 -0.00813403 -0.0112624 -0.0786375 0.00818409 0.999957 0.00440588 -0.112691 0.0112261 -0.00449762 0.999927 16.6601
0.999884 -0.00724725 -0.0134118 -0.101876 0.00730503 0.999964 0.00426453 -0.117678 0.0133804 -0.00436201 0.999901 17.5457
0.99986 -0.00753889 -0.0149611 -0.120678 0.00761904 0.999957 0.00530758 -0.119463 0.0149204 -0.00542082 0.999874 18.4291
0.999854 -0.00657521 -0.0157888 -0.142061 0.00667548 0.999958 0.00630584 -0.127392 0.0157467 -0.00641032 0.999856 19.3118
0.999821 -0.00611536 -0.0178809 -0.16278 0.0062303 0.99996 0.00637945 -0.132744 0.0178412 -0.00648971 0.99982 20.2042
0.999795 -0.00613032 -0.0193023 -0.178581 0.00626401 0.999957 0.00687316 -0.157007 0.0192593 -0.00699266 0.99979 21.0719
0.999783 -0.0058496 -0.0200121 -0.200326 0.00599317 0.999957 0.0071219 -0.158592 0.0199696 -0.00724029 0.999774 21.9239
0.99974 -0.00585028 -0.0220438 -0.220201 0.0060159 0.999954 0.007454 -0.16162 0.0219992 -0.00758467 0.999729 22.7984
0.99974 -0.00593676 -0.0220195 -0.245749 0.00614078 0.999939 0.00920941 -0.160759 0.0219635 -0.00934223 0.999715 23.6419
0.999696 -0.00677959 -0.0236934 -0.270002 0.00705772 0.999907 0.0116748 -0.173786 0.023612 -0.0118385 0.999651 24.5123
0.99968 -0.00684051 -0.0243413 -0.291785 0.00714774 0.999896 0.0125572 -0.169522 0.0242529 -0.0127272 0.999625 25.3523
0.999691 -0.00649451 -0.0239991 -0.315611 0.00680138 0.999896 0.0127276 -0.175595 0.0239139 -0.0128869 0.999631 26.1645
0.999662 -0.00552002 -0.0254168 -0.342016 0.00582116 0.999914 0.0117896 -0.176509 0.0253495 -0.0119335 0.999607 26.9882
0.999646 -0.00522853 -0.0261052 -0.367192 0.0055311 0.999918 0.0115318 -0.176406 0.0260428 -0.0116721 0.999593 27.7886
0.999644 -0.0050264 -0.0262236 -0.391237 0.00533743 0.999916 0.011804 -0.17126 0.0261621 -0.0119397 0.999586 28.5764
0.999587 -0.00482589 -0.0283209 -0.417428 0.00517172 0.999913 0.0121505 -0.174187 0.0282598 -0.012292 0.999525 29.3752
0.999533 -0.00444922 -0.0302371 -0.444191 0.00482982 0.99991 0.0125257 -0.17475 0.0301786 -0.0126659 0.999464 30.154
0.999496 -0.00426147 -0.0314632 -0.472451 0.00467104 0.999905 0.0129555 -0.173064 0.031405 -0.0130959 0.999421 30.921
0.999415 -0.00446952 -0.033913 -0.498865 0.00494984 0.999888 0.0140928 -0.16567 0.0338462 -0.0142524 0.999325 31.6837
0.999329 -0.00466186 -0.036325 -0.530136 0.00522824 0.999866 0.0155125 -0.161894 0.0362478 -0.015692 0.99922 32.4405
0.999279 -0.00431543 -0.0377167 -0.562974 0.00495844 0.999844 0.0169714 -0.164386 0.0376376 -0.0171462 0.999144 33.1831
0.99918 -0.00340054 -0.04035 -0.596266 0.00411331 0.999837 0.0175949 -0.165997 0.0402836 -0.0177464 0.999031 33.922
0.999137 -0.00224636 -0.0414895 -0.632834 0.00297866 0.999841 0.0175967 -0.161142 0.0414433 -0.0177051 0.998984 34.6358
0.999036 -0.000868961 -0.0439026 -0.673477 0.00163734 0.999846 0.017469 -0.157472 0.0438806 -0.0175241 0.998883 35.3415
0.998971 -0.000148811 -0.0453484 -0.712079 0.000984747 0.99983 0.0184118 -0.15123 0.045338 -0.0184375 0.998801 36.0421
0.998944 0.000219222 -0.0459446 -0.750608 0.00067925 0.999809 0.019539 -0.145106 0.0459401 -0.0195496 0.998753 36.7343
0.998913 0.00264941 -0.0465456 -0.788233 -0.00175896 0.999815 0.0191613 -0.144453 0.0465877 -0.0190585 0.998732 37.4175
0.998968 0.00383958 -0.0452587 -0.826937 -0.00298643 0.999817 0.0189033 -0.141842 0.045323 -0.0187486 0.998796 38.0793
0.999063 0.0051263 -0.0429687 -0.860296 -0.00436913 0.999834 0.0176967 -0.131743 0.0430522 -0.0174923 0.99892 38.7346
0.999135 0.00480077 -0.0413013 -0.891443 -0.00407712 0.999837 0.0175875 -0.126304 0.041379 -0.0174039 0.998992 39.3798
0.999245 0.00547808 -0.0384664 -0.920702 -0.00477096 0.999818 0.0184506 -0.120419 0.0385605 -0.0182532 0.999089 40.0246
0.999358 0.00829752 -0.034849 -0.951158 -0.00756269 0.999747 0.0211654 -0.114673 0.0350159 -0.0208882 0.999168 40.6645
0.999435 0.0123251 -0.0312752 -0.977697 -0.0115641 0.999635 0.0243971 -0.11004 0.0315645 -0.0240216 0.999213 41.2781
0.999509 0.0164037 -0.0267043 -1.00391 -0.0157345 0.999562 0.0250776 -0.110989 0.027104 -0.0246451 0.999329 41.8794
0.999584 0.0199901 -0.0207851 -1.01854 -0.0194631 0.999492 0.025255 -0.11043 0.0212793 -0.02484 0.999465 42.4678
0.99964 0.0220978 -0.0151923 -1.03526 -0.0216918 0.999416 0.0263876 -0.100708 0.0157666 -0.0260485 0.999536 43.0307
0.999644 0.0252962 -0.0084856 -1.04366 -0.0250527 0.999303 0.0276721 -0.0756917 0.00917968 -0.0274497 0.999581 43.5799
0.999629 0.0272154 -0.000916169 -1.05295 -0.0271794 0.999244 0.027809 -0.0670568 0.0016723 -0.0277738 0.999613 44.1103
0.999548 0.0294171 0.00615067 -1.05633 -0.0295782 0.999171 0.0279829 -0.0654067 -0.0053224 -0.0281522 0.999589 44.6236
0.999392 0.0319539 0.0139514 -1.0551 -0.0323282 0.999099 0.027488 -0.0553259 -0.0130605 -0.0279223 0.999525 45.1126
0.99913 0.0351879 0.0223853 -1.05283 -0.0357589 0.999031 0.0256399 -0.0438222 -0.0214614 -0.0264181 0.99942 45.578
0.998897 0.0359064 0.0302673 -1.04316 -0.0366666 0.999016 0.0249476 -0.0445549 -0.0293417 -0.0260299 0.99923 46.018
0.998554 0.0373083 0.0387059 -1.02504 -0.0382776 0.998964 0.0246114 -0.0320292 -0.0377476 -0.0260574 0.998947 46.4406
0.99827 0.0363834 0.046182 -1.00377 -0.0375693 0.998979 0.0250759 -0.0372113 -0.0452225 -0.0267675 0.998618 46.8478
0.997831 0.0373972 0.0541755 -0.985976 -0.0388376 0.998913 0.0257845 -0.0321348 -0.0531523 -0.0278326 0.998198 47.2255
0.997172 0.0398987 0.06369 -0.970739 -0.0415848 0.998813 0.0253721 -0.0285866 -0.0626021 -0.0279489 0.997647 47.5898
0.996431 0.0437799 0.0721677 -0.954789 -0.0457024 0.998637 0.0252076 -0.0231193 -0.0709658 -0.0284159 0.997074 47.9186
0.995643 0.0458333 0.081206 -0.938462 -0.0480295 0.998525 0.0253007 -0.0210582 -0.0799266 -0.0290907 0.996376 48.229
0.994818 0.0457261 0.0908044 -0.904378 -0.0482208 0.998512 0.0254712 -0.0234205 -0.0895045 -0.0297178 0.995543 48.5144
0.993839 0.0452584 0.101172 -0.874947 -0.0479894 0.998542 0.0247233 -0.0249248 -0.0999059 -0.0294262 0.994562 48.784
0.992592 0.0446118 0.113009 -0.838741 -0.047402 0.998631 0.0221239 -0.0263091 -0.111867 -0.0273168 0.993348 49.0547
0.990931 0.0450922 0.12658 -0.795855 -0.0479092 0.998665 0.0192977 -0.0204145 -0.125541 -0.025187 0.991769 49.3166
0.988851 0.0458107 0.141683 -0.761622 -0.0488752 0.998639 0.0182237 -0.0172256 -0.140656 -0.0249453 0.989744 49.5828
0.986311 0.046254 0.158273 -0.71294 -0.0496294 0.998615 0.0174388 -0.0141245 -0.157247 -0.025055 0.987241 49.847
0.983455 0.046463 0.175094 -0.662324 -0.0501728 0.998599 0.0168186 -0.014726 -0.174067 -0.0253253 0.984408 50.0914
0.980073 0.0462085 0.193187 -0.599107 -0.0502526 0.998607 0.0160837 -0.0173012 -0.192174 -0.0254713 0.98103 50.342
0.976078 0.0455297 0.212599 -0.527987 -0.0499372 0.998634 0.0154055 -0.0180737 -0.211607 -0.0256535 0.977018 50.5911
0.971494 0.0455846 0.232642 -0.459151 -0.0503228 0.998628 0.0144696 -0.0110516 -0.231663 -0.0257643 0.972455 50.8318
0.966128 0.0468269 0.253778 -0.389099 -0.051954 0.998558 0.0135352 -0.00569423 -0.252779 -0.0262615 0.967168 51.0763
0.959806 0.0470508 0.276692 -0.30532 -0.0524757 0.998547 0.0122304 -0.00299157 -0.275714 -0.0262584 0.960881 51.3201
0.95259 0.0477076 0.300493 -0.228209 -0.0536756 0.998491 0.0116319 -0.00682302 -0.299485 -0.0272095 0.953713 51.5619
0.944159 0.0484398 0.325909 -0.129967 -0.0548494 0.99844 0.010501 0.000847783 -0.324892 -0.0277905 0.945343 51.8144
0.934219 0.0496759 0.353224 -0.0300742 -0.056711 0.998345 0.00958854 0.00408337 -0.352163 -0.0289895 0.93549 52.0679
0.923088 0.0497173 0.381363 0.0766165 -0.0571809 0.99833 0.00825666 -0.000376628 -0.380315 -0.0294282 0.924389 52.3034
0.910182 0.0490863 0.41129 0.208447 -0.0568435 0.998361 0.0066428 -0.00853083 -0.41029 -0.0294253 0.91148 52.5388
0.895036 0.0469497 0.443515 0.348433 -0.054579 0.9985 0.00444396 -0.0152371 -0.442641 -0.0281841 0.896256 52.7716
0.877737 0.0460984 0.476919 0.496251 -0.0533744 0.998573 0.00171117 -0.0130996 -0.476159 -0.0269572 0.878946 52.9956
0.858084 0.0469967 0.511354 0.664975 -0.0539561 0.998543 -0.00123081 -0.0119865 -0.510667 -0.0265345 0.859369 53.2358
0.836248 0.0472991 0.546307 0.834694 -0.0539675 0.998536 -0.00384315 -0.0123503 -0.545689 -0.026269 0.837576 53.4611
0.811804 0.0480757 0.581947 1.02387 -0.0545799 0.998489 -0.00634914 -0.01038 -0.581373 -0.0266083 0.813202 53.6989
0.784379 0.0501032 0.618254 1.22935 -0.0573229 0.998322 -0.00817806 -0.0155175 -0.617626 -0.0290254 0.785936 53.9495
0.754753 0.0529006 0.653872 1.44623 -0.0606219 0.998103 -0.0107753 -0.0215114 -0.653202 -0.0315063 0.756528 54.1902
0.721915 0.0533944 0.689918 1.69391 -0.0611678 0.99804 -0.0132359 -0.0271777 -0.689272 -0.0326455 0.723767 54.4265
0.685491 0.0521086 0.726213 1.97831 -0.059918 0.99809 -0.0150586 -0.0429197 -0.725611 -0.0331907 0.687304 54.6676
0.646711 0.0510401 0.761025 2.27255 -0.0588952 0.998122 -0.016893 -0.0526272 -0.760457 -0.0338959 0.648502 54.894
0.604523 0.0505849 0.794979 2.60259 -0.0581441 0.998122 -0.0192966 -0.0611771 -0.794462 -0.0345582 0.606329 55.1197
0.558704 0.0500714 0.827854 2.94568 -0.0568409 0.998141 -0.0220099 -0.0726169 -0.827416 -0.0347589 0.560512 55.3245
0.510752 0.0493322 0.858311 3.31976 -0.0553469 0.998168 -0.0244355 -0.0839832 -0.857944 -0.0350244 0.512547 55.5253
0.461984 0.0476507 0.885607 3.72147 -0.0547935 0.998182 -0.0251244 -0.0960062 -0.885194 -0.0369184 0.463755 55.7202
0.412723 0.0449737 0.909745 4.13049 -0.0555814 0.998163 -0.024129 -0.111225 -0.909159 -0.0406063 0.414465 55.8989
0.363134 0.0442618 0.930685 4.56849 -0.0582686 0.997995 -0.0247276 -0.123024 -0.929913 -0.0452502 0.364986 56.058
0.313769 0.044191 0.94847 5.03205 -0.0570257 0.997991 -0.0276331 -0.121876 -0.947785 -0.0454167 0.315659 56.1987
0.266717 0.0407187 0.962914 5.50043 -0.0500532 0.998344 -0.0283526 -0.148537 -0.962474 -0.0406348 0.268314 56.2987
0.222523 0.0355684 0.974278 5.99595 -0.0398606 0.998831 -0.0273605 -0.16038 -0.974112 -0.032747 0.223681 56.3762
0.180525 0.0333022 0.983006 6.5062 -0.0334109 0.999058 -0.0277101 -0.185134 -0.983002 -0.0278408 0.181468 56.4445
0.142501 0.0342434 0.989202 7.0157 -0.0323354 0.999029 -0.0299254 -0.173134 -0.989266 -0.0277218 0.14347 56.502
0.109107 0.0336877 0.993459 7.54429 -0.0262205 0.999176 -0.0310018 -0.189969 -0.993684 -0.0226665 0.109901 56.5446
0.0797983 0.0323672 0.996285 8.08852 -0.020558 0.999314 -0.0308189 -0.205512 -0.996599 -0.0180223 0.0804092 56.5733
0.0546685 0.0309864 0.998023 8.64435 -0.0168257 0.999405 -0.0301076 -0.219765 -0.998362 -0.0151465 0.0551577 56.5912
0.0344221 0.0297845 0.998963 9.21291 -0.0135832 0.999478 -0.0293317 -0.238575 -0.999315 -0.0125595 0.0348091 56.6031
0.0182966 0.0302099 0.999376 9.79212 -0.0119911 0.999479 -0.0299934 -0.246774 -0.99976 -0.0114349 0.0186496 56.6104
0.00512748 0.0300312 0.999535 10.3814 -0.011214 0.999488 -0.0299722 -0.255557 -0.999924 -0.0110551 0.00546197 56.6074
-0.00701284 0.0303112 0.999515 10.9802 -0.0106144 0.999482 -0.0303845 -0.267011 -0.999919 -0.0108223 -0.00668712 56.6025
-0.0160732 0.0315592 0.999372 11.5869 -0.00758101 0.99947 -0.0316841 -0.282251 -0.999842 -0.00808553 -0.0158251 56.5872
-0.0232659 0.032484 0.999201 12.2053 -0.00437694 0.99946 -0.0325942 -0.298068 -0.99972 -0.00513179 -0.0231108 56.5676
-0.0277842 0.0322243 0.999094 12.8406 -0.00445594 0.999467 -0.0323602 -0.317026 -0.999604 -0.00535102 -0.0276254 56.5499
-0.0320955 0.030391 0.999022 13.4832 -0.0060823 0.999514 -0.0306012 -0.33615 -0.999466 -0.00705854 -0.0318947 56.5381
-0.0344789 0.0247992 0.999097 14.1472 -0.00744473 0.999659 -0.0250699 -0.349824 -0.999378 -0.00830241 -0.0342822 56.5226
-0.0357694 0.0198909 0.999162 14.8218 -0.00607452 0.99978 -0.0201206 -0.365802 -0.999341 -0.00678916 -0.0356403 56.5018
-0.0361463 0.0178165 0.999187 15.507 -0.00376761 0.999832 -0.0179642 -0.373395 -0.999339 -0.00441391 -0.0360727 56.4744
-0.0365675 0.0191445 0.999147 16.1901 -0.00181152 0.999814 -0.0192234 -0.387026 -0.999329 -0.00251295 -0.0365257 56.4478
-0.0353462 0.0251965 0.999057 16.8787 -0.00195264 0.999679 -0.0252811 -0.403277 -0.999373 -0.00284441 -0.0352853 56.4218
-0.033376 0.0304077 0.99898 17.5744 -0.00213919 0.999533 -0.0304959 -0.424558 -0.99944 -0.00315486 -0.0332951 56.3985
-0.0317265 0.0310968 0.999012 18.2768 -0.00133708 0.999514 -0.0311548 -0.429772 -0.999495 -0.00232422 -0.0316692 56.3787
-0.0290956 0.0281611 0.999179 19.0122 -0.00205653 0.9996 -0.0282327 -0.457075 -0.999574 -0.00287631 -0.0290257 56.3591
-0.0268094 0.0230774 0.999374 19.7438 -0.00150057 0.999732 -0.0231258 -0.483063 -0.999639 -0.00211965 -0.0267673 56.3446
-0.0248858 0.0213838 0.999461 20.4615 -0.00212301 0.999768 -0.0214432 -0.502959 -0.999688 -0.00265552 -0.0248343 56.3305
-0.0212182 0.025146 0.999458 21.1869 0.00201029 0.999683 -0.0251089 -0.531043 -0.999773 0.00147641 -0.0212617 56.3127
-0.018409 0.0283145 0.999429 21.9049 0.0035309 0.999595 -0.028254 -0.553057 -0.999824 0.00300873 -0.0185012 56.2983
-0.0168149 0.0283641 0.999456 22.6246 -0.000185916 0.999598 -0.0283712 -0.560508 -0.999858 -0.000662897 -0.0168026 56.2975
-0.0125682 0.0264025 0.999572 23.368 -0.00489691 0.999638 -0.0264657 -0.585003 -0.999909 -0.00522746 -0.012434 56.302
-0.00833049 0.0246313 0.999662 24.092 -0.00306008 0.999692 -0.0246574 -0.617513 -0.99996 -0.00326447 -0.0082522 56.2953
-0.00610999 0.0252016 0.999663 24.8137 -0.000585935 0.999683 -0.0252056 -0.656988 -0.999981 -0.000739766 -0.00609294 56.2904
-0.00222724 0.028899 0.999579 25.5517 -0.00154353 0.999582 -0.0289024 -0.699324 -0.999996 -0.00160727 -0.00218136 56.2935
0.00124589 0.0294656 0.999565 26.2808 -0.00359102 0.99956 -0.0294609 -0.716881 -0.999992 -0.00355277 0.00135149 56.3022
0.00393515 0.0281522 0.999596 27.0196 -0.0038793 0.999597 -0.0281368 -0.742722 -0.999985 -0.00376703 0.00404311 56.3129
0.0081099 0.0270178 0.999602 27.7602 -0.00206563 0.999634 -0.0270018 -0.771785 -0.999965 -0.00184585 0.00816308 56.3225
0.0117116 0.0265589 0.999578 28.5026 0.000401532 0.999648 -0.0265653 -0.809613 -0.999931 0.000712461 0.0116971 56.3303
0.0140571 0.0270125 0.999536 29.2311 0.0013981 0.999634 -0.0270347 -0.837965 -0.9999 0.00177746 0.0140145 56.3337
0.0174331 0.0267622 0.999489 29.9745 0.000921331 0.999642 -0.0267822 -0.869764 -0.999847 0.00138773 0.0174025 56.3461
0.0206175 0.0259693 0.99945 30.7191 0.00130888 0.999662 -0.0260017 -0.89667 -0.999786 0.00184422 0.0205769 56.3588
0.0232431 0.0251032 0.999414 31.4604 0.00289891 0.99968 -0.0251772 -0.934355 -0.999725 0.00348238 0.0231632 56.3717
0.026572 0.0256811 0.999317 32.2094 0.00178054 0.999668 -0.0257374 -0.959637 -0.999645 0.0024632 0.0265177 56.3909
0.0295187 0.0261612 0.999222 32.9594 -0.000185254 0.999658 -0.0261671 -0.969489 -0.999564 0.000587284 0.0295138 56.4175
0.0317215 0.0257086 0.999166 33.71 0.00106963 0.999668 -0.0257554 -1.00044 -0.999496 0.00188572 0.0316838 56.4421
0.0349123 0.0257366 0.999059 34.4676 -5.5919e-05 0.999669 -0.0257503 -1.02607 -0.99939 0.000843113 0.0349025 56.4735
0.0359356 0.0255894 0.999026 35.2277 -0.00153941 0.999673 -0.0255505 -1.05187 -0.999352 -0.000619764 0.0359636 56.5013
0.0414514 0.025173 0.998823 35.9783 -0.0024203 0.999683 -0.0250941 -1.07767 -0.999137 -0.00137729 0.0414994 56.5391
0.0432706 0.0260686 0.998723 36.737 -0.00361819 0.999658 -0.0259361 -1.09677 -0.999056 -0.00249132 0.0433504 56.5787
0.0462432 0.0280175 0.998537 37.4921 -0.00434049 0.999604 -0.0278463 -1.12394 -0.99892 -0.00304646 0.0463468 56.6183
0.04952 0.028713 0.99836 38.2557 -0.00456967 0.999584 -0.0285214 -1.1505 -0.998762 -0.00314982 0.0496309 56.6582
0.0520655 0.0295541 0.998206 39.019 -0.00832443 0.999541 -0.0291593 -1.17455 -0.998608 -0.00679131 0.0522879 56.706
0.0541404 0.029142 0.998108 39.7975 -0.0109071 0.999533 -0.0285918 -1.1881 -0.998473 -0.00933851 0.0544333 56.7643
0.057962 0.0286813 0.997907 40.5786 -0.00994385 0.999555 -0.028151 -1.21812 -0.998269 -0.00829136 0.0582217 56.8131
0.0615335 0.0290828 0.997681 41.3631 -0.00983949 0.999545 -0.0285302 -1.24575 -0.998056 -0.00806113 0.061792 56.8629
0.0642627 0.0296272 0.997493 42.1496 -0.0134153 0.999495 -0.0288223 -1.27368 -0.997842 -0.0115295 0.064628 56.9216
0.06852 0.0277355 0.997264 42.9366 -0.014863 0.999532 -0.0267772 -1.29996 -0.997538 -0.0129876 0.0689004 56.9836
0.0729922 0.0270768 0.996965 43.7327 -0.014425 0.999556 -0.0260909 -1.33468 -0.997228 -0.0124768 0.0733506 57.0421
0.0772094 0.0300277 0.996562 44.5275 -0.0174381 0.999435 -0.0287631 -1.34986 -0.996862 -0.0151574 0.0776896 57.1172
0.0834889 0.036111 0.995854 45.3187 -0.0195991 0.99921 -0.0345895 -1.38609 -0.996315 -0.01663 0.084131 57.1915
0.0907969 0.0399872 0.995066 46.1162 -0.0211784 0.999046 -0.0382146 -1.41923 -0.995644 -0.0176042 0.0915574 57.2717
0.0975143 0.0418739 0.994353 46.9193 -0.0238163 0.998928 -0.0397309 -1.45001 -0.994949 -0.0198075 0.0984072 57.3653
0.105093 0.0408579 0.993623 47.7313 -0.0266867 0.998913 -0.0382528 -1.4849 -0.994104 -0.0224964 0.10607 57.4658
0.112845 0.039345 0.992833 48.5453 -0.0272102 0.998964 -0.0364951 -1.52041 -0.993239 -0.0228969 0.113799 57.5645
0.119574 0.0362668 0.992163 49.3635 -0.02768 0.999067 -0.0331831 -1.55553 -0.992439 -0.0234952 0.120467 57.664
0.127881 0.0320697 0.991271 50.1853 -0.0287345 0.999178 -0.0286184 -1.58065 -0.991373 -0.0248239 0.128698 57.7847
0.135385 0.0261864 0.990447 50.9979 -0.0298935 0.999305 -0.0223343 -1.60136 -0.990341 -0.0265842 0.136074 57.9071
0.142834 0.0233735 0.989471 51.8193 -0.029417 0.999381 -0.0193611 -1.62856 -0.989309 -0.0263418 0.143433 58.0314
0.150586 0.0247215 0.988288 52.6225 -0.0294131 0.999358 -0.0205166 -1.65025 -0.988159 -0.0259791 0.151217 58.1581
0.156781 0.0283877 0.987225 53.416 -0.0289097 0.999292 -0.0241435 -1.67178 -0.98721 -0.0247551 0.157491 58.2883
0.161381 0.0314457 0.986391 54.2015 -0.0290216 0.999212 -0.0271062 -1.69552 -0.986465 -0.0242522 0.162166 58.4215
0.167077 0.0326054 0.985404 54.9881 -0.0295023 0.999172 -0.0280587 -1.72357 -0.985502 -0.0243837 0.167901 58.5637
0.172451 0.0319101 0.984501 55.7559 -0.0303055 0.999175 -0.0270771 -1.74603 -0.984551 -0.0251663 0.173276 58.71
0.176739 0.0289248 0.983833 56.5199 -0.0279678 0.999313 -0.0243556 -1.77827 -0.98386 -0.0232111 0.177427 58.8484
0.182867 0.0247443 0.982826 57.2837 -0.0263707 0.999448 -0.020256 -1.79927 -0.982783 -0.0222137 0.183419 58.9945
0.186363 0.0190467 0.982296 58.0412 -0.0270687 0.999533 -0.0142453 -1.82288 -0.982108 -0.0239346 0.186792 59.1407
0.189197 0.0163079 0.981804 58.7771 -0.0301069 0.999489 -0.0107998 -1.83506 -0.981477 -0.0275157 0.189592 59.3006
0.192994 0.0153604 0.98108 59.5086 -0.0311763 0.99947 -0.00951537 -1.85361 -0.980704 -0.02875 0.193371 59.4479
0.194846 0.0161684 0.980701 60.2279 -0.0326502 0.999418 -0.00998998 -1.86498 -0.98029 -0.0300736 0.19526 59.5961
0.197542 0.0179109 0.980131 60.9411 -0.0344542 0.999343 -0.0113178 -1.87412 -0.979689 -0.0315339 0.198029 59.7522
0.199619 0.0193892 0.979682 61.6316 -0.0348938 0.999312 -0.0126676 -1.8858 -0.979252 -0.0316561 0.200158 59.8999
0.200965 0.022568 0.979338 62.3223 -0.0364179 0.999217 -0.0155528 -1.89891 -0.978921 -0.0325399 0.201629 60.049
0.203552 0.0235755 0.97878 63.008 -0.035925 0.999218 -0.0165965 -1.91375 -0.978405 -0.0317845 0.204239 60.1966
0.205437 0.0227265 0.978406 63.6819 -0.0370983 0.999194 -0.0154197 -1.92109 -0.977967 -0.0331294 0.206115 60.3512
0.205306 0.020762 0.978478 64.3493 -0.0380037 0.999191 -0.0132275 -1.94611 -0.977959 -0.0344701 0.205929 60.4983
0.207127 0.018793 0.978133 65.0002 -0.0375122 0.999234 -0.0112548 -1.94901 -0.977594 -0.0343608 0.207673 60.6411
0.206674 0.0183687 0.978237 65.6505 -0.0369224 0.999259 -0.0109627 -1.96502 -0.977713 -0.0338532 0.207199 60.7771
0.205333 0.017552 0.978535 66.2969 -0.0378634 0.999234 -0.00997807 -1.98284 -0.977959 -0.0350018 0.205841 60.917
0.204334 0.0179187 0.978737 66.9211 -0.0386079 0.999203 -0.010233 -1.99222 -0.978139 -0.0356961 0.204863 61.0484
0.201514 0.0193893 0.979294 67.5301 -0.0386182 0.999185 -0.0118364 -1.99838 -0.978724 -0.0354334 0.202099 61.1721
0.199974 0.0218021 0.979559 68.1344 -0.0389746 0.999139 -0.0142813 -2.01724 -0.979026 -0.035322 0.200651 61.2954
0.197518 0.0219369 0.980054 68.7361 -0.0376735 0.999182 -0.0147723 -2.03247 -0.979575 -0.0340042 0.198182 61.4128
0.194858 0.0212607 0.980601 69.3357 -0.0370563 0.999212 -0.0143006 -2.03368 -0.980131 -0.0335508 0.195492 61.5359
0.19231 0.0189125 0.981152 69.9103 -0.0374248 0.99923 -0.0119254 -2.02797 -0.98062 -0.034426 0.192869 61.6514
0.190056 0.0172414 0.981622 70.486 -0.0380761 0.999224 -0.0101784 -2.05099 -0.981034 -0.0354419 0.190565 61.764
0.187337 0.0153328 0.982176 71.0442 -0.0361301 0.99931 -0.00870883 -2.0808 -0.981631 -0.0338546 0.187762 61.8641
0.185328 0.0157224 0.982551 71.5852 -0.0335866 0.99939 -0.00965664 -2.09173 -0.982102 -0.0312108 0.185743 61.9667
0.183209 0.0180195 0.982909 72.128 -0.0313023 0.999433 -0.0124878 -2.10678 -0.982575 -0.0284794 0.183669 62.071
0.180584 0.0189022 0.983378 72.6713 -0.0321255 0.999396 -0.0133106 -2.1098 -0.983034 -0.0291878 0.181083 62.171
0.179879 0.0206884 0.983471 73.2047 -0.0326593 0.999354 -0.015049 -2.12842 -0.983146 -0.0294125 0.180438 62.2752
0.178322 0.0204947 0.983759 73.7487 -0.0329026 0.999349 -0.0148552 -2.14504 -0.983422 -0.0297192 0.178881 62.3786
0.178021 0.0189343 0.983845 74.3031 -0.0287583 0.999489 -0.0140316 -2.16697 -0.983606 -0.0257958 0.178474 62.478
0.180506 0.0166455 0.983433 74.8462 -0.0240319 0.999634 -0.0125087 -2.17027 -0.98328 -0.0213759 0.18084 62.5698
0.181635 0.0156838 0.983241 75.4095 -0.0227344 0.999674 -0.0117461 -2.17781 -0.983103 -0.0202199 0.181932 62.6669
0.18372 0.0149421 0.982865 75.9675 -0.0238293 0.99966 -0.0107431 -2.18705 -0.98269 -0.0214472 0.184013 62.7796
0.189562 0.0154435 0.981747 76.5223 -0.0254318 0.999619 -0.010814 -2.19374 -0.981539 -0.0229177 0.189883 62.8962
0.195388 0.0144152 0.98062 77.0834 -0.0237599 0.999669 -0.009961 -2.21486 -0.980438 -0.0213532 0.195666 63.0043
0.20253 0.0140085 0.979176 77.652 -0.025241 0.999641 -0.00908043 -2.22669 -0.978951 -0.0228763 0.202811 63.1246
0.210862 0.0131671 0.977427 78.2252 -0.0242047 0.999674 -0.00824499 -2.22954 -0.977216 -0.0219198 0.211112 63.2592
0.219964 0.0120582 0.975434 78.8076 -0.0258238 0.999646 -0.00653409 -2.23779 -0.975166 -0.0237522 0.220197 63.4083
0.228668 0.0120869 0.973429 79.3946 -0.0274328 0.999607 -0.00596764 -2.24945 -0.973118 -0.0253393 0.22891 63.5473
0.238737 0.013884 0.970985 79.9902 -0.0305209 0.999512 -0.00678755 -2.24792 -0.970604 -0.0280149 0.239044 63.709
0.247707 0.0167401 0.96869 80.5839 -0.0340075 0.999386 -0.00857427 -2.25078 -0.968238 -0.0308189 0.248125 63.871
0.259273 0.0185324 0.965626 81.1892 -0.036222 0.9993 -0.00945283 -2.25777 -0.965124 -0.032526 0.259763 64.0369
0.269303 0.0193254 0.962862 81.8087 -0.0366637 0.999281 -0.00980177 -2.26358 -0.962357 -0.0326624 0.269818 64.2183
0.279276 0.020107 0.96 82.4312 -0.0389746 0.999195 -0.0095896 -2.26616 -0.959419 -0.0347374 0.279835 64.4056
0.288478 0.019947 0.957279 83.059 -0.038907 0.999203 -0.00909573 -2.27294 -0.956695 -0.0346209 0.289024 64.607
0.298595 0.0205111 0.954159 83.7043 -0.041059 0.999121 -0.00862849 -2.27675 -0.953496 -0.0366004 0.299175 64.8228
0.311837 0.0167464 0.949988 84.3565 -0.0402395 0.999182 -0.00440475 -2.27444 -0.949283 -0.0368534 0.312256 65.0485
0.32058 0.0104783 0.947164 85.0238 -0.036911 0.999319 0.00143777 -2.28253 -0.946502 -0.0354216 0.320748 65.2799
0.331997 0.00736496 0.943252 85.7082 -0.0360177 0.99934 0.00487439 -2.28424 -0.942592 -0.035592 0.332043 65.5218
0.342414 0.00440334 0.939539 86.3896 -0.0341021 0.99939 0.00774477 -2.27911 -0.93893 -0.0346922 0.342355 65.7753
0.350598 0.00237623 0.936523 87.0821 -0.0312202 0.999472 0.00915178 -2.28108 -0.936006 -0.032447 0.350486 66.0378
0.359484 -0.000874774 0.933151 87.7804 -0.0266389 0.999584 0.0111994 -2.26716 -0.932771 -0.0288841 0.35931 66.3078
0.367547 -0.00842803 0.929967 88.4999 -0.0188354 0.999688 0.0165042 -2.25864 -0.929814 -0.0235824 0.367273 66.5826
0.373405 -0.012772 0.927581 89.2277 -0.0143572 0.999707 0.0195448 -2.26526 -0.927557 -0.0206156 0.373111 66.87
0.381183 -0.013454 0.924401 89.9373 -0.0121388 0.999736 0.019556 -2.24776 -0.92442 -0.0186755 0.380919 67.1596
0.387399 -0.00915657 0.921866 90.6481 -0.0110336 0.999834 0.0145678 -2.23652 -0.921846 -0.0158151 0.387234 67.4599
0.394378 -0.00674794 0.918923 91.3532 -0.0074557 0.999918 0.0105426 -2.22611 -0.918918 -0.011009 0.394295 67.7593
0.399796 -0.0053268 0.916589 92.0682 -0.00842908 0.999921 0.00948778 -2.22053 -0.916565 -0.0115192 0.399719 68.0722
0.403895 -0.00356618 0.914798 92.7791 -0.0138608 0.999855 0.0100176 -2.20881 -0.9147 -0.0167259 0.403787 68.399
0.408057 -0.00208396 0.912954 93.4608 -0.0175396 0.999796 0.0101219 -2.19014 -0.912788 -0.0201432 0.407937 68.7211
0.411788 -0.000898789 0.911279 94.1413 -0.017895 0.9998 0.00907257 -2.1997 -0.911104 -0.0200433 0.411689 69.0289
0.414444 0.00347726 0.910068 94.822 -0.0209345 0.999766 0.00571366 -2.20191 -0.909834 -0.0214198 0.414419 69.3422
0.418395 0.00519804 0.90825 95.4916 -0.0233259 0.999717 0.00502394 -2.20148 -0.907965 -0.0232878 0.418397 69.661
0.421939 0.00400373 0.906615 96.1519 -0.0229369 0.999719 0.00626006 -2.1949 -0.906334 -0.0234363 0.421911 69.9766
0.425168 0.00113914 0.905114 96.8143 -0.0222691 0.999711 0.00920257 -2.2005 -0.90484 -0.0240687 0.42507 70.2792
0.428945 0.000358325 0.903331 97.4605 -0.0231971 0.999676 0.0106187 -2.20325 -0.903033 -0.0255095 0.428813 70.5928
0.431548 -0.000219118 0.90209 98.0936 -0.0232142 0.999667 0.0113483 -2.20168 -0.901791 -0.0258387 0.431399 70.9005
0.435136 0.00025428 0.900365 98.7131 -0.02488 0.999623 0.011742 -2.20282 -0.900021 -0.0275104 0.434978 71.2086
0.437768 0.000238423 0.899088 99.3266 -0.0240727 0.999646 0.0114561 -2.20446 -0.898766 -0.0266586 0.437618 71.5058
0.439279 -0.000582554 0.89835 99.9393 -0.0228284 0.999671 0.0118111 -2.20916 -0.898061 -0.0256962 0.43912 71.7991
0.439344 -0.00218098 0.898316 100.539 -0.0208569 0.999704 0.0126278 -2.20919 -0.898077 -0.0242841 0.439168 72.0924
0.441324 -0.00219831 0.897345 101.124 -0.021465 0.999686 0.0130059 -2.20184 -0.897091 -0.0250013 0.441137 72.3886
0.44295 -0.00332265 0.89654 101.703 -0.0205006 0.999695 0.0138337 -2.20408 -0.896312 -0.0245073 0.442747 72.6738
0.444206 -0.00195125 0.895923 102.272 -0.0216579 0.999683 0.0129155 -2.20765 -0.895663 -0.025141 0.444022 72.9529
0.446908 -0.0026119 0.894576 102.826 -0.019521 0.99973 0.0126712 -2.20935 -0.894367 -0.0231259 0.446736 73.2252
0.449639 -0.00373751 0.893202 103.379 -0.0171885 0.999771 0.0128362 -2.20707 -0.893045 -0.0211245 0.449471 73.5042
0.451661 -0.00524366 0.892174 103.929 -0.0151993 0.999794 0.0135709 -2.20622 -0.89206 -0.0196898 0.451487 73.7818
0.455143 -0.00608283 0.890398 104.457 -0.0148312 0.999788 0.0144115 -2.21102 -0.890295 -0.019765 0.454955 74.0478
0.457641 -0.00689372 0.88911 104.979 -0.0138021 0.999796 0.0148562 -2.2097 -0.88903 -0.0190705 0.457451 74.3179
0.460013 -0.00743946 0.887881 105.499 -0.0131635 0.999799 0.0151974 -2.20582 -0.887814 -0.0186787 0.459822 74.59
0.463305 -0.00815669 0.886161 106.008 -0.0121479 0.999807 0.0155541 -2.20336 -0.886115 -0.0179713 0.463116 74.8563
0.466397 -0.0072605 0.884545 106.52 -0.0131374 0.999801 0.0151337 -2.20396 -0.884478 -0.018679 0.466208 75.1264
0.470186 -0.00788271 0.882532 107.018 -0.0114849 0.999822 0.0150492 -2.20758 -0.882493 -0.0172117 0.470011 75.3921
0.474688 -0.00577197 0.880135 107.514 -0.0127417 0.99983 0.0134291 -2.20344 -0.880062 -0.0175891 0.474533 75.6679
0.479957 -0.00105027 0.877291 108.007 -0.0147312 0.99985 0.00925641 -2.20204 -0.877168 -0.0173663 0.479868 75.9463
0.485413 0.00404092 0.874275 108.493 -0.0187765 0.999808 0.005804 -2.19545 -0.874083 -0.0192332 0.485395 76.234
0.491899 0.00898449 0.870605 108.972 -0.0221749 0.999753 0.00221182 -2.18404 -0.870369 -0.0203936 0.491976 76.5221
0.497796 0.0126802 0.867201 109.467 -0.0243625 0.999704 -0.000632873 -2.18288 -0.866952 -0.0208121 0.497957 76.8165
0.503759 0.0125282 0.863753 109.952 -0.0269589 0.999637 0.00122398 -2.18388 -0.863423 -0.0239024 0.503913 77.1167
0.509151 0.0110287 0.860606 110.447 -0.0311467 0.999501 0.00561849 -2.18278 -0.860113 -0.0296657 0.50924 77.4302
0.514774 0.00869951 0.857281 110.962 -0.0348999 0.999334 0.0108155 -2.17663 -0.856615 -0.0354866 0.514734 77.7533
0.521407 0.00709284 0.853278 111.466 -0.0396421 0.999089 0.015919 -2.17911 -0.852387 -0.042126 0.521212 78.0801
0.527657 0.00570366 0.849438 111.983 -0.0403724 0.999017 0.0183707 -2.17397 -0.848498 -0.0439873 0.527368 78.4174
0.533898 0.00818817 0.845509 112.509 -0.0451465 0.998804 0.0188352 -2.16753 -0.844343 -0.0482278 0.533628 78.765
0.54049 0.0121558 0.841262 113.032 -0.0483412 0.998694 0.0166276 -2.15955 -0.83996 -0.0496546 0.540371 79.12
0.546853 0.0146851 0.837099 113.562 -0.0501685 0.998626 0.0152551 -2.15077 -0.835724 -0.0503383 0.546837 79.4814
0.552499 0.016504 0.83335 114.113 -0.0518151 0.998552 0.0145771 -2.13104 -0.831901 -0.051234 0.552553 79.852
0.559867 0.0167901 0.828412 114.659 -0.0523915 0.998513 0.0151702 -2.11572 -0.826925 -0.0518951 0.559913 80.2367
0.566578 0.0184233 0.823802 115.217 -0.056023 0.998299 0.0162048 -2.10432 -0.822102 -0.0553331 0.566645 80.6342
0.572729 0.0171173 0.819566 115.789 -0.056287 0.998245 0.0184854 -2.09428 -0.81781 -0.056718 0.572686 81.0444
0.581168 0.0155373 0.813635 116.374 -0.0555363 0.998246 0.0206062 -2.0833 -0.811886 -0.057162 0.58101 81.4714
0.588918 0.0153948 0.808046 116.962 -0.055623 0.998221 0.0215212 -2.0708 -0.806276 -0.0576201 0.588726 81.9047
0.596467 0.0171232 0.802454 117.553 -0.0575861 0.99811 0.0215059 -2.04239 -0.800569 -0.0590378 0.596325 82.3625
0.604736 0.0172928 0.796238 118.146 -0.0581498 0.998056 0.0224886 -2.0283 -0.7943 -0.0599008 0.604565 82.8317
0.611689 0.0171465 0.790912 118.747 -0.0578054 0.998063 0.0230692 -2.00459 -0.788983 -0.0598301 0.611494 83.3057
0.61646 0.0160325 0.787223 119.36 -0.0568313 0.998093 0.0241765 -1.98735 -0.785333 -0.0596427 0.616194 83.789
0.620748 0.0147754 0.783871 119.978 -0.055376 0.998153 0.025038 -1.96196 -0.782052 -0.0589499 0.620418 84.2833
0.62397 0.0137902 0.781326 120.604 -0.0535637 0.998249 0.0251575 -1.94425 -0.77961 -0.0575483 0.623615 84.7815
0.627717 0.0117588 0.778353 121.245 -0.0503858 0.998405 0.0255515 -1.92116 -0.77681 -0.055257 0.627306 85.2891
0.630693 0.00730878 0.775998 121.896 -0.0445468 0.998649 0.0267997 -1.90621 -0.774753 -0.0514706 0.630166 85.7918
0.634562 0.00291667 0.772866 122.531 -0.0396186 0.998802 0.0287597 -1.883 -0.771856 -0.0488697 0.633916 86.3253
0.637091 -0.000430993 0.770788 123.195 -0.0360013 0.998893 0.0303153 -1.86047 -0.769947 -0.047063 0.636369 86.8582
0.640718 -0.00185875 0.767774 123.853 -0.0344919 0.998919 0.0312024 -1.83093 -0.767001 -0.0464739 0.63996 87.4041
0.643113 -0.00147023 0.76577 124.504 -0.0352683 0.998882 0.0315372 -1.80617 -0.764959 -0.0472894 0.642341 87.9531
0.648026 0.00052667 0.761618 125.157 -0.0374895 0.998811 0.0312076 -1.77567 -0.760695 -0.048776 0.647274 88.5296
0.651008 0.00346257 0.759063 125.808 -0.0424346 0.998593 0.0318388 -1.74045 -0.757884 -0.0529378 0.650238 89.1076
0.653949 0.00170909 0.756536 126.476 -0.0426311 0.998493 0.0345948 -1.71667 -0.755336 -0.0548752 0.653035 89.6879
0.658184 -0.000444813 0.752857 127.137 -0.0453145 0.998165 0.0402059 -1.6837 -0.751492 -0.0605782 0.656954 90.2742
0.661667 -0.00508962 0.74978 127.798 -0.0460287 0.997817 0.047393 -1.65731 -0.748383 -0.0658697 0.659987 90.8649
0.666684 -0.00958876 0.745279 128.47 -0.0425799 0.997796 0.0509273 -1.61769 -0.744123 -0.0656862 0.664805 91.4643
0.670659 -0.0123648 0.741662 129.148 -0.0387269 0.997915 0.0516565 -1.58603 -0.740754 -0.0633662 0.668781 92.0716
0.676039 -0.0149731 0.736714 129.806 -0.027952 0.998554 0.0459448 -1.54335 -0.736335 -0.0516531 0.674642 92.6488
0.68013 -0.0128371 0.732979 130.479 -0.0220297 0.999039 0.0379382 -1.50605 -0.73276 -0.0419502 0.679192 93.265
0.686693 -0.0121736 0.726845 131.142 -0.0194546 0.999195 0.035115 -1.4703 -0.726687 -0.0382537 0.685902 93.8894
0.692564 -0.0162528 0.721173 131.808 -0.016153 0.999148 0.0380297 -1.42725 -0.721176 -0.0379871 0.69171 94.5208
0.698096 -0.0205385 0.71571 132.472 -0.0120044 0.999114 0.0403804 -1.41092 -0.715904 -0.0367811 0.697229 95.1677
0.702981 -0.0225099 0.710853 133.145 -0.00854189 0.999161 0.040087 -1.36982 -0.711158 -0.0342524 0.702197 95.817
0.708033 -0.0225577 0.705819 133.782 -0.00510602 0.999301 0.0370595 -1.33927 -0.706161 -0.0298433 0.707422 96.4639
0.711064 -0.0207168 0.702822 134.434 -0.00557396 0.99937 0.0350974 -1.29002 -0.703105 -0.028874 0.710499 97.1289
0.714458 -0.023832 0.699272 135.075 -0.00306921 0.999305 0.0371934 -1.25987 -0.699671 -0.0287194 0.713887 97.7807
0.716629 -0.028755 0.696861 135.729 0.000597492 0.999176 0.0406152 -1.22635 -0.697454 -0.0286897 0.716055 98.4399
0.717266 -0.0314186 0.696091 136.386 0.0024712 0.999093 0.0425487 -1.19432 -0.696795 -0.0287985 0.716692 99.1114
0.718646 -0.0357341 0.694457 137.026 0.00626976 0.998973 0.0449152 -1.1563 -0.695347 -0.0279241 0.718131 99.7726
0.718443 -0.0370715 0.694597 137.677 0.00684293 0.998909 0.0462352 -1.11683 -0.695552 -0.0284643 0.717912 100.452
0.717428 -0.03657 0.695673 138.344 0.00578454 0.998901 0.0465447 -1.07953 -0.696609 -0.0293683 0.716849 101.135
0.717586 -0.0360299 0.695538 138.974 0.00500123 0.998903 0.046585 -1.04001 -0.696452 -0.0299502 0.716978 101.805
0.715068 -0.0349992 0.698179 139.63 0.00296859 0.99889 0.0470333 -0.993194 -0.699049 -0.0315594 0.714377 102.482
0.713394 -0.032382 0.700014 140.284 -0.000791425 0.998895 0.0470147 -0.959512 -0.700762 -0.034094 0.712579 103.161
0.710431 -0.0319163 0.703042 140.942 -0.00281089 0.998836 0.0481852 -0.912082 -0.703761 -0.0362084 0.709513 103.84
0.707958 -0.0319096 0.705534 141.594 -0.00380342 0.998794 0.0489896 -0.870359 -0.706244 -0.037366 0.706981 104.507
0.705066 -0.0325584 0.708394 142.276 -0.00522099 0.998682 0.0510969 -0.836781 -0.709122 -0.0397252 0.703965 105.189
0.702539 -0.0343441 0.710816 142.929 -0.00587461 0.998522 0.0540513 -0.785759 -0.711621 -0.0421489 0.701298 105.853
0.699531 -0.0372378 0.713631 143.59 -0.003748 0.998438 0.0557732 -0.744312 -0.714592 -0.0416898 0.698297 106.506
0.697328 -0.0357905 0.715858 144.245 -0.00518196 0.998476 0.0549685 -0.712397 -0.716733 -0.0420406 0.696079 107.145
0.692558 -0.0280513 0.720816 144.898 -0.00970236 0.998793 0.0481912 -0.658644 -0.721296 -0.0403688 0.691449 107.794
0.689757 -0.0238106 0.723649 145.556 -0.0128557 0.9989 0.0451211 -0.618588 -0.723926 -0.0404257 0.688691 108.431
0.686066 -0.0260455 0.727073 146.222 -0.0135529 0.99873 0.0485656 -0.575681 -0.727413 -0.0431731 0.684841 109.071
0.682449 -0.0280419 0.730395 146.882 -0.0164501 0.998423 0.0537027 -0.53244 -0.730748 -0.0486644 0.680911 109.709
0.678221 -0.0303848 0.734229 147.539 -0.0173518 0.998206 0.0573373 -0.487645 -0.734653 -0.0516275 0.676476 110.328
0.675413 -0.0307221 0.736799 148.202 -0.0182566 0.998131 0.0583544 -0.438501 -0.737214 -0.0528647 0.673588 110.95
0.672311 -0.0325809 0.739551 148.868 -0.0161942 0.998146 0.0586953 -0.397531 -0.740091 -0.0514379 0.670536 111.559
0.668156 -0.0339152 0.743248 149.551 -0.0142675 0.998195 0.0583749 -0.35152 -0.743884 -0.0496078 0.666464 112.165
0.664791 -0.033688 0.746269 150.209 -0.0128078 0.998324 0.0564758 -0.310871 -0.746919 -0.0471027 0.663244 112.749
0.660931 -0.0342134 0.749666 150.877 -0.0117814 0.998366 0.0559506 -0.27035 -0.750354 -0.0458116 0.659447 113.347
0.656238 -0.0352088 0.753732 151.55 -0.0115977 0.998324 0.0567321 -0.22421 -0.754465 -0.0459713 0.654728 113.94
0.652956 -0.0344747 0.756611 152.233 -0.0138633 0.998254 0.0574492 -0.17298 -0.757269 -0.0480009 0.651337 114.531
0.647417 -0.0347673 0.761342 152.919 -0.0142418 0.998234 0.0576959 -0.134034 -0.762002 -0.0481961 0.645778 115.121
0.640573 -0.0336162 0.767161 153.601 -0.0167077 0.998196 0.0576909 -0.0790356 -0.767715 -0.0497727 0.638855 115.699
0.635515 -0.0303999 0.77149 154.3 -0.0187297 0.998325 0.0547668 -0.0309245 -0.771861 -0.0492549 0.63388 116.284
0.629488 -0.0260968 0.776572 154.993 -0.0224105 0.998412 0.0517178 0.0177395 -0.776687 -0.0499591 0.627902 116.857
0.621629 -0.0229721 0.782975 155.707 -0.025674 0.998437 0.0496772 0.0666374 -0.782891 -0.0509828 0.620066 117.428
0.615449 -0.0291676 0.787637 156.436 -0.0244708 0.998128 0.0560837 0.116568 -0.787796 -0.0537907 0.613582 118.002
0.608755 -0.0335292 0.792649 157.16 -0.0290292 0.997498 0.0644889 0.175205 -0.792827 -0.0622679 0.606258 118.579
0.601007 -0.0384127 0.79832 157.903 -0.0288167 0.997155 0.0696745 0.216261 -0.798724 -0.0648797 0.59819 119.152
0.594279 -0.0379983 0.803361 158.644 -0.0331922 0.996875 0.0717051 0.283756 -0.803573 -0.0692781 0.59116 119.71
0.585851 -0.0379584 0.809529 159.387 -0.0332064 0.996941 0.0707775 0.346565 -0.809738 -0.0683465 0.582798 120.254
0.577274 -0.0381761 0.815657 160.138 -0.0301509 0.99723 0.0680137 0.401397 -0.815993 -0.0638553 0.574523 120.789
0.57065 -0.0319155 0.820573 160.899 -0.0312449 0.997679 0.0605325 0.473152 -0.820598 -0.0601816 0.568327 121.328
0.562697 -0.0315681 0.82606 161.669 -0.0294151 0.997875 0.0581711 0.524837 -0.82614 -0.0570313 0.560571 121.849
0.554154 -0.0357268 0.831647 162.453 -0.027796 0.997729 0.061383 0.588781 -0.831949 -0.057132 0.551902 122.368
0.547087 -0.0400747 0.836116 163.248 -0.025568 0.997589 0.0645438 0.631379 -0.836685 -0.0566888 0.544743 122.883
0.539455 -0.0399276 0.841067 164.021 -0.0276628 0.997497 0.0650966 0.683491 -0.841559 -0.058383 0.537 123.386
0.532076 -0.0393953 0.845779 164.802 -0.029754 0.997432 0.0651773 0.731513 -0.846173 -0.0598446 0.529537 123.885
0.52567 -0.0408912 0.849705 165.574 -0.0281142 0.997465 0.0653949 0.789496 -0.850223 -0.0582649 0.523187 124.359
0.519985 -0.0459093 0.852941 166.353 -0.0254387 0.997281 0.0691869 0.829688 -0.853796 -0.0576738 0.517403 124.821
0.513869 -0.0481523 0.856516 167.121 -0.0256097 0.997119 0.0714216 0.884422 -0.857486 -0.0586365 0.511155 125.284
0.510666 -0.0492526 0.858367 167.877 -0.027523 0.996911 0.0735764 0.943367 -0.859338 -0.0611978 0.507733 125.736
