0.999042 -0.00092961 0.0437976 0.0408452 0.00115193 0.999993 -0.0050286 0.00983056 -0.0437897 0.00507433 0.999039 1.03958
0.996269 -0.00509605 0.0861505 0.144165 0.00598753 0.999931 -0.0100907 -0.00727715 -0.0860935 0.010569 0.996234 2.07042
0.991342 -0.00551444 0.131254 0.255238 0.0075289 0.999869 -0.0148482 -0.0128014 -0.131151 0.0157077 0.991255 3.13272
0.985042 -0.00507951 0.172238 0.423241 0.00831036 0.999806 -0.0180407 -0.0265199 -0.172112 0.0192024 0.984897 4.11067
0.975557 -0.00769162 0.219646 0.616402 0.012264 0.999748 -0.0194526 -0.0373347 -0.219433 0.0216706 0.975413 5.12435
0.963758 -0.00858419 0.266647 0.855068 0.0149059 0.999662 -0.021689 -0.0615005 -0.266369 0.0248778 0.963566 6.10842
0.952219 -0.0116444 0.305219 1.22547 0.0195542 0.999561 -0.0228645 -0.101253 -0.304809 0.02774 0.952043 7.14213
0.937334 -0.0137735 0.348177 1.57312 0.0239248 0.999416 -0.0248692 -0.127444 -0.347629 0.0316409 0.937121 8.12712
0.92019 -0.0140417 0.391242 1.96674 0.0263822 0.999333 -0.0261788 -0.15713 -0.390597 0.0344108 0.919958 9.06275
0.89992 -0.0151272 0.435804 2.3677 0.0290117 0.999274 -0.0252193 -0.185042 -0.435105 0.035339 0.89971 9.98889
0.878189 -0.015533 0.47808 2.87721 0.0307587 0.999262 -0.0240298 -0.215461 -0.477336 0.0358072 0.878031 10.9737
0.854548 -0.0146794 0.519174 3.36231 0.0311014 0.999266 -0.0229356 -0.255311 -0.518457 0.0357468 0.854386 11.7582
0.826992 -0.0147621 0.562036 3.90114 0.0330424 0.999223 -0.0223691 -0.285963 -0.561255 0.0370691 0.826855 12.7368
0.795401 -0.0156784 0.605887 4.45008 0.0366046 0.999099 -0.0221981 -0.307212 -0.604995 0.039835 0.795266 13.6743
0.767262 -0.0148192 0.641182 5.11445 0.0385121 0.999013 -0.0229903 -0.335427 -0.640196 0.0423314 0.767093 14.4368
0.737212 -0.0173319 0.675445 5.78694 0.0434946 0.998832 -0.0218394 -0.358113 -0.67428 0.0454787 0.737114 15.1826
0.705721 -0.016415 0.708319 6.48375 0.0445634 0.998798 -0.0212483 -0.380914 -0.707107 0.0465588 0.705624 15.8983
0.676069 -0.0161938 0.736668 7.24659 0.0474047 0.998664 -0.0215489 -0.417925 -0.735336 0.0494901 0.675944 16.4705
0.64406 -0.017637 0.764792 8.03611 0.05357 0.998341 -0.0220853 -0.43556 -0.76312 0.055192 0.643956 17.0716
0.612446 -0.0154235 0.79037 8.85038 0.0541823 0.998298 -0.022501 -0.457829 -0.788679 0.0566048 0.612253 17.6248
0.575455 -0.0130363 0.817751 9.7092 0.057951 0.998033 -0.0248653 -0.460536 -0.815802 0.0616959 0.5751 18.2496
0.544958 -0.0113373 0.838394 10.4328 0.0629058 0.997666 -0.0273945 -0.488466 -0.83613 0.0676688 0.544412 18.6309
0.508225 -0.00943858 0.861195 11.1518 0.0677375 0.997311 -0.0290398 -0.475225 -0.858578 0.0730911 0.50752 19.1331
0.475014 -0.0102218 0.879929 11.9787 0.0743862 0.996844 -0.0285725 -0.488557 -0.876861 0.0790262 0.474291 19.5225
0.442853 -0.0116906 0.896543 12.9016 0.0803588 0.996435 -0.026696 -0.518232 -0.893012 0.0838636 0.442238 19.918
0.407453 -0.00911865 0.913195 13.7229 0.0824665 0.996263 -0.0268433 -0.547665 -0.909531 0.086244 0.406701 20.3606
0.374207 -0.00853336 0.927334 14.6445 0.0834235 0.996243 -0.024492 -0.56494 -0.923613 0.0865221 0.37354 20.7374
0.338019 -0.00960061 0.941107 15.6126 0.0856 0.996149 -0.0205789 -0.596861 -0.937276 0.0875119 0.337563 21.1311
0.313333 -0.0122322 0.949591 16.5602 0.0879645 0.996022 -0.0161903 -0.634822 -0.945591 0.0885985 0.313189 21.344
0.278555 -0.00841645 0.960408 17.4774 0.0857119 0.996231 -0.0161247 -0.646484 -0.956629 0.0868054 0.278254 21.7348
0.249407 -0.00705436 0.968402 18.4511 0.0863861 0.996184 -0.0149864 -0.676597 -0.964573 0.0873887 0.249093 21.9465
0.221503 -0.00688641 0.97516 19.4949 0.0889938 0.995989 -0.0131764 -0.695102 -0.971134 0.0896971 0.221257 22.1591
0.188414 -0.00712031 0.982096 20.5559 0.090167 0.995915 -0.0100727 -0.713625 -0.977981 0.0904443 0.188317 22.4356
0.159984 -0.00814422 0.987113 21.5868 0.0901856 0.995946 -0.00639492 -0.732176 -0.983039 0.090041 0.160103 22.577
0.133917 -0.00697766 0.991001 22.6241 0.0922882 0.995758 -0.0054549 -0.715168 -0.986727 0.092182 0.134025 22.7145
0.107723 -0.00626124 0.994187 23.7226 0.0951517 0.995497 -0.00403592 -0.712592 -0.989667 0.095028 0.107869 22.8456
0.0837588 -0.00568978 0.996503 24.8516 0.100416 0.994982 -0.00275401 -0.703404 -0.991457 0.100289 0.0839422 22.9456
0.0622191 -0.00496122 0.998076 25.9351 0.105715 0.994437 -0.00164255 -0.702224 -0.9925 0.105609 0.0624331 23.012
0.0431019 -0.00459134 0.999093 27.0012 0.111412 0.993815 -0.000234167 -0.699779 -0.992884 0.111315 0.0433797 23.0597
0.0279427 -0.00535213 0.99962 28.0979 0.115755 0.993318 0.00208715 -0.701731 -0.992938 0.115647 0.028412 23.0466
0.0151203 -0.00454765 0.999908 29.1925 0.119727 0.992843 0.00271025 -0.701925 -0.992738 0.119669 0.0155899 23.019
0.00295142 -0.00566416 1 30.2838 0.121891 0.99257 0.00526673 -0.705464 -0.992593 0.12187 0.00365712 23.0263
-0.00832877 -0.0064348 0.999977 31.4717 0.12247 0.992485 0.00741183 -0.697076 -0.992485 0.122522 -0.00744498 22.9865
-0.0208706 -0.00570859 0.999792 32.723 0.122045 0.992531 0.0082192 -0.687907 -0.992361 0.122184 -0.0199804 22.9779
-0.0324986 -0.00269971 0.999501 34.0136 0.122315 0.992509 0.00666307 -0.68742 -0.992008 0.122464 -0.0318917 22.9305
-0.0445193 0.00168014 0.999035 35.3175 0.123172 0.992419 0.00382404 -0.66952 -0.991444 0.123217 -0.044351 22.9089
-0.0511067 0.00408432 0.998717 36.4673 0.124565 0.992249 0.00232165 -0.673672 -0.990946 0.124517 -0.0511865 22.8248
-0.0579563 0.00512012 0.998336 37.748 0.123873 0.992338 0.00210595 -0.672056 -0.990665 0.123782 -0.0581087 22.7493
-0.0634093 0.00570421 0.998003 39.0292 0.124527 0.992254 0.00224595 -0.67015 -0.990239 0.124414 -0.0635954 22.6662
-0.0678217 0.0065639 0.997705 40.3247 0.124915 0.992208 0.00196786 -0.672707 -0.989908 0.124755 -0.0680752 22.5906
-0.0714672 0.00828974 0.997441 41.6039 0.12368 0.992362 0.000619441 -0.677463 -0.989797 0.123401 -0.0719137 22.5207
-0.0749203 0.00936129 0.997177 42.9601 0.123927 0.992334 -5.89676e-07 -0.669606 -0.98952 0.12357 -0.0754687 22.4141
-0.0767393 0.00848125 0.997047 44.277 0.122975 0.99245 0.00102814 -0.667145 -0.98949 0.122684 -0.0771699 22.3298
-0.0775949 0.00660946 0.996994 45.6081 0.123442 0.99239 0.00303277 -0.667451 -0.989374 0.1233 -0.0777829 22.2302
-0.0809269 0.00453736 0.996741 47.0545 0.122003 0.992555 0.00539254 -0.671606 -0.989278 0.122035 -0.0808451 22.1409
-0.0836661 0.00484165 0.996514 48.487 0.124138 0.992293 0.00560572 -0.672572 -0.988792 0.124167 -0.0835849 22.0482
-0.0852869 0.00437228 0.996379 49.8673 0.123148 0.992409 0.0061914 -0.67223 -0.988771 0.123222 -0.0851454 21.9759
-0.0861203 0.00434969 0.996309 51.3169 0.124345 0.992261 0.00642075 -0.683595 -0.988557 0.124431 -0.0859576 21.8801
-0.0876388 0.00326738 0.996181 52.7848 0.123155 0.992401 0.00758469 -0.698313 -0.988566 0.123342 -0.0873428 21.8079
-0.0853619 0.00349458 0.996379 54.2827 0.122882 0.992439 0.00705118 -0.701978 -0.988809 0.123031 -0.085109 21.648
-0.0850391 0.00300389 0.996408 55.785 0.122588 0.992472 0.00747533 -0.702262 -0.988865 0.122775 -0.0847351 21.5709
-0.0837186 0.000573392 0.996525 57.365 0.121656 0.992569 0.00965352 -0.709886 -0.989102 0.122033 -0.0831296 21.4389
-0.0812686 -0.000726909 0.996728 58.8231 0.122401 0.992466 0.010709 -0.737279 -0.989206 0.122862 -0.0805356 21.3614
-0.080908 -0.00116158 0.996758 60.4426 0.121228 0.992607 0.0110011 -0.739523 -0.989389 0.121716 -0.0801329 21.2578
-0.0798204 -0.00194787 0.996845 62.0611 0.121806 0.992527 0.0116981 -0.743791 -0.989397 0.122347 -0.078955 21.1465
-0.0772113 -0.00345106 0.997047 63.6453 0.121321 0.992574 0.0128347 -0.750434 -0.989675 0.121945 -0.0761833 21.0333
