0.999572 0.000288832 0.0292606 0.0251819 -0.000204701 0.999997 -0.00287656 -0.00296435 -0.0292613 0.00286934 0.999569 0.750401
0.998137 -0.00417833 0.0608723 0.0751624 0.00468437 0.999956 -0.00817308 -0.00879147 -0.0608355 0.00844303 0.998113 1.50045
0.996319 -0.00695864 0.0854554 0.14366 0.00795477 0.999907 -0.0113216 -0.0120818 -0.0853685 0.0119598 0.996281 2.23387
0.99362 -0.00553985 0.112654 0.223703 0.00711869 0.999881 -0.0136163 -0.0211418 -0.112566 0.0143313 0.993542 2.92099
0.989048 -0.0078447 0.147392 0.306105 0.0100481 0.999851 -0.0142078 -0.0287753 -0.147258 0.0155333 0.988981 3.68211
0.982667 -0.00902975 0.18518 0.444779 0.0120808 0.999809 -0.0153524 -0.0546176 -0.185006 0.0173232 0.98259 4.49881
0.9763 -0.0126293 0.216055 0.605145 0.0165885 0.99973 -0.0165189 -0.0813186 -0.215787 0.0197114 0.976247 5.2761
0.968551 -0.0147542 0.248401 0.790443 0.0197315 0.999652 -0.0175578 -0.10469 -0.248055 0.0219067 0.968505 6.05327
0.95812 -0.0146816 0.285994 1.00129 0.0207952 0.999619 -0.0183491 -0.126886 -0.285614 0.023528 0.958061 6.82114
0.945266 -0.0153058 0.325984 1.20576 0.0220419 0.999614 -0.0169786 -0.146017 -0.325599 0.023234 0.945239 7.58881
0.930963 -0.0147327 0.364813 1.45075 0.0219731 0.999639 -0.0157016 -0.167254 -0.364449 0.0226337 0.930952 8.35871
0.911721 -0.0146372 0.410572 1.8142 0.0227992 0.999629 -0.0149878 -0.199669 -0.410202 0.0230248 0.911717 9.2366
0.891516 -0.0153606 0.452728 2.24168 0.0247299 0.999589 -0.0147809 -0.223089 -0.452314 0.0243732 0.89153 10.1813
0.867892 -0.0173322 0.496471 2.69689 0.0282858 0.999495 -0.0145511 -0.241617 -0.495971 0.0266712 0.867943 11.1242
0.844122 -0.0169394 0.535879 3.2472 0.0298761 0.999438 -0.0154659 -0.26451 -0.535315 0.029065 0.844155 11.9808
0.818492 -0.0202143 0.574181 3.82228 0.0345626 0.999304 -0.0140852 -0.288925 -0.573499 0.031373 0.81862 12.8082
0.790477 -0.0194738 0.612183 4.41758 0.0350614 0.999299 -0.0134821 -0.31004 -0.611489 0.032121 0.790607 13.627
0.76159 -0.0191694 0.647792 5.08828 0.0368955 0.999226 -0.0138056 -0.346178 -0.647026 0.0344139 0.761709 14.3662
0.731772 -0.0215866 0.681207 5.80521 0.0422075 0.999017 -0.0136804 -0.37038 -0.680241 0.0387626 0.731969 15.1025
0.700937 -0.0201924 0.712953 6.53103 0.0421743 0.999026 -0.0131665 -0.400536 -0.711993 0.0392961 0.701108 15.782
0.667746 -0.0190241 0.744147 7.3214 0.0448216 0.998891 -0.0146805 -0.417711 -0.74304 0.0431562 0.667863 16.513
0.631271 -0.0178186 0.775375 8.04768 0.0493538 0.998636 -0.0172294 -0.443864 -0.774009 0.0491426 0.631294 17.1201
0.595722 -0.0163406 0.803026 8.84711 0.0513922 0.998526 -0.0178037 -0.45136 -0.801546 0.0518748 0.595688 17.73
0.559526 -0.0180433 0.828632 9.66714 0.0576829 0.99819 -0.0172119 -0.460487 -0.82682 0.0574268 0.559559 18.2962
0.524713 -0.0185382 0.85108 10.517 0.0621712 0.997935 -0.0165908 -0.474594 -0.849008 0.0616176 0.524787 18.8317
0.491794 -0.0164397 0.870571 11.3863 0.0644033 0.997773 -0.0175379 -0.489945 -0.868343 0.064691 0.491762 19.3353
0.460459 -0.0167301 0.887527 12.2597 0.0651691 0.997768 -0.015 -0.506849 -0.885289 0.0647455 0.460527 19.7849
0.429361 -0.018188 0.902964 13.1486 0.0681148 0.997605 -0.012292 -0.52322 -0.900578 0.0667811 0.429576 20.2077
0.399392 -0.0181616 0.916603 14.0592 0.0704839 0.99746 -0.0109461 -0.533657 -0.91407 0.068977 0.399664 20.5954
0.366579 -0.0146131 0.930289 15.0217 0.0689332 0.997562 -0.0114906 -0.541434 -0.927847 0.0683374 0.366698 21.0198
0.338502 -0.0132839 0.940876 15.972 0.0685536 0.997599 -0.0105764 -0.572751 -0.938468 0.0680792 0.338608 21.3213
0.312195 -0.0133136 0.949944 17.0091 0.070416 0.997485 -0.00915912 -0.58987 -0.947424 0.0697473 0.312354 21.6194
0.284597 -0.0142855 0.958545 18.0524 0.0728676 0.997326 -0.00676872 -0.603286 -0.955877 0.0717718 0.284884 21.897
0.255167 -0.0145664 0.966806 19.0781 0.0717351 0.997425 -0.00390234 -0.617792 -0.964251 0.0703462 0.255563 22.1645
0.227398 -0.014866 0.973693 20.1193 0.0724765 0.997376 -0.00169622 -0.626432 -0.971106 0.0709542 0.227887 22.4091
0.201261 -0.0153045 0.979438 21.2066 0.0752684 0.997173 0.000117877 -0.632305 -0.976661 0.0736932 0.201852 22.6363
0.176426 -0.0151598 0.984202 22.2987 0.0795829 0.996836 0.0010911 -0.63395 -0.981097 0.0781317 0.177083 22.8389
0.155003 -0.0148709 0.987821 23.3754 0.0842477 0.996453 0.0017841 -0.630293 -0.984336 0.0829411 0.155714 23.0069
0.135828 -0.0152232 0.99062 24.4548 0.0903734 0.995912 0.00291552 -0.625484 -0.986608 0.0891284 0.136657 23.1542
0.119845 -0.0165139 0.992674 25.5529 0.0947595 0.995497 0.00512359 -0.627343 -0.988281 0.093447 0.120878 23.2566
0.106367 -0.0167389 0.99419 26.6539 0.0979282 0.995182 0.00628085 -0.626526 -0.989499 0.0966899 0.107503 23.3398
0.0919146 -0.0177919 0.995626 27.8579 0.0999498 0.994965 0.00855573 -0.629094 -0.990752 0.0987225 0.0932386 23.4684
0.0794539 -0.0190191 0.99666 29.0538 0.100236 0.994911 0.0109972 -0.62633 -0.991791 0.0990265 0.0809651 23.5601
0.0671795 -0.0185493 0.997585 30.2682 0.100015 0.994926 0.0117674 -0.617236 -0.992728 0.0989797 0.0687024 23.6579
0.0563282 -0.0157585 0.99829 31.4776 0.0999201 0.994953 0.0100702 -0.612062 -0.993405 0.0991811 0.0576279 23.7361
0.0463334 -0.0126171 0.998863 32.6898 0.10003 0.994962 0.0079305 -0.609283 -0.993918 0.0995456 0.0473708 23.8013
0.0383824 -0.01033 0.999213 33.8973 0.101362 0.994838 0.00639362 -0.607635 -0.994118 0.101036 0.0392407 23.8287
0.031412 -0.00893711 0.999484 35.1636 0.100997 0.99488 0.00572451 -0.59806 -0.994404 0.100762 0.0321625 23.876
0.0266313 -0.00803399 0.999617 36.4449 0.10104 0.994877 0.00530649 -0.589059 -0.994536 0.100859 0.0273161 23.9011
0.0217917 -0.00670329 0.999758 37.7672 0.101772 0.994808 0.00445449 -0.586956 -0.994581 0.101647 0.0223696 23.9358
0.0176281 -0.0049173 0.999836 39.0936 0.100905 0.9949 0.00311648 -0.58681 -0.994749 0.100832 0.018044 23.9609
0.0142128 -0.00409281 0.99991 40.45 0.100939 0.994899 0.00264026 -0.579637 -0.994803 0.100889 0.0145622 23.978
0.0123748 -0.00474263 0.999916 41.804 0.100555 0.994934 0.00347707 -0.571651 -0.994864 0.100502 0.0127986 23.9939
0.0109939 -0.00662798 0.999937 43.181 0.101029 0.994878 0.00548646 -0.569585 -0.994836 0.100959 0.0116159 24.0088
0.00980439 -0.00840579 0.999921 44.6006 0.100418 0.994927 0.00738168 -0.568684 -0.994907 0.100336 0.0106083 24.0206
0.00853723 -0.00833992 0.999949 46.0258 0.102831 0.994681 0.00742088 -0.56619 -0.994676 0.102758 0.00935818 24.0326
0.00819498 -0.00889936 0.999931 47.4538 0.101817 0.99478 0.00802163 -0.566695 -0.99478 0.101742 0.00906776 24.0594
0.0072585 -0.00860541 0.999957 48.9191 0.103183 0.994641 0.00781356 -0.568881 -0.994649 0.103118 0.00811623 24.0969
0.00582655 -0.00904963 0.999947 50.4197 0.102411 0.994716 0.00840807 -0.572568 -0.994736 0.102355 0.006732 24.1499
0.00566997 -0.00763981 0.999975 51.9763 0.102185 0.994751 0.00702332 -0.566488 -0.994763 0.102139 0.00642952 24.1787
0.00581957 -0.00797444 0.999956 53.5173 0.102056 0.994761 0.00734158 -0.564334 -0.994773 0.102007 0.00661235 24.2216
0.00749731 -0.00952809 0.999948 55.0949 0.100925 0.994866 0.00872581 -0.563678 -0.99488 0.100851 0.00842903 24.2359
0.00898884 -0.0092109 0.999922 56.6642 0.101666 0.994794 0.00825221 -0.565118 -0.994789 0.101582 0.00988783 24.2577
0.010917 -0.00873681 0.999923 58.2688 0.101286 0.994838 0.00758942 -0.558494 -0.994812 0.101191 0.0117541 24.275
0.013293 -0.00867714 0.999878 59.8729 0.102133 0.994754 0.00727728 -0.552497 -0.994693 0.102022 0.0141188 24.2963
0.0160259 -0.00875663 0.999854 61.4748 0.101831 0.994786 0.00708294 -0.547263 -0.994687 0.101699 0.0168424 24.3227
0.0181228 -0.00993261 0.99979 63.1243 0.103921 0.994563 0.00799935 -0.53121 -0.994432 0.103753 0.0190656 24.3499
0.0201867 -0.0114616 0.999752 64.8128 0.105503 0.994386 0.00927265 -0.513112 -0.994229 0.105286 0.0212909 24.3746
0.0207544 -0.0104091 0.999732 66.5227 0.106826 0.994253 0.00813677 -0.507893 -0.994071 0.106627 0.021756 24.4282
0.0231937 -0.00933016 0.99971 68.1768 0.109083 0.994022 0.00674908 -0.519932 -0.993779 0.10889 0.024081 24.4786
0.0239607 -0.00992279 0.999665 69.9255 0.108108 0.994122 0.00727896 -0.522518 -0.993862 0.107896 0.024901 24.5241
0.0245203 -0.0101712 0.99967 71.6205 0.10901 0.994025 0.00744275 -0.531586 -0.993755 0.108787 0.0254906 24.6137
0.0253162 -0.0119488 0.99961 73.3287 0.107747 0.994145 0.00915695 -0.532622 -0.993867 0.107472 0.0264638 24.7057
0.0273635 -0.0129022 0.999567 75.0238 0.108864 0.99402 0.00985324 -0.539359 -0.993698 0.108542 0.0286124 24.7829
0.028492 -0.0142159 0.999495 76.807 0.109474 0.993938 0.0110184 -0.543913 -0.993591 0.109104 0.0298835 24.8352
0.0296783 -0.0143273 0.999481 78.5794 0.108811 0.994013 0.0110208 -0.543034 -0.993637 0.108422 0.0310675 24.8934
0.0299601 -0.0136155 0.99946 80.4407 0.108057 0.9941 0.0103055 -0.530404 -0.993702 0.107689 0.0312622 24.9376
0.0295669 -0.0125494 0.999509 82.2987 0.107471 0.994176 0.00930619 -0.519185 -0.993787 0.107138 0.0307514 24.9913
0.0307398 -0.0118687 0.999459 84.1159 0.106847 0.994247 0.00852287 -0.512335 -0.993809 0.106525 0.0318385 25.032
0.0316814 -0.0124218 0.999446 85.9843 0.105546 0.994386 0.00901625 -0.498741 -0.993928 0.105196 0.0328223 25.0671
0.0327863 -0.012296 0.999389 87.8071 0.10647 0.994286 0.00874261 -0.490939 -0.993784 0.106117 0.0339154 25.1256
0.0353186 -0.0128906 0.999318 89.6275 0.103959 0.994551 0.00915792 -0.482435 -0.993973 0.10356 0.0364739 25.192
0.033968 -0.0110431 0.999367 91.6002 0.103774 0.994583 0.00746543 -0.456704 -0.99403 0.103453 0.0349366 25.2525
0.0314924 -0.00951456 0.999485 93.5369 0.101845 0.994794 0.00626378 -0.440198 -0.994322 0.101591 0.0323049 25.3493
0.0279134 -0.00840266 0.999579 95.488 0.10242 0.994736 0.00550424 -0.428358 -0.994359 0.102221 0.0286337 25.4299
0.0234731 -0.00915604 0.999712 97.4219 0.100271 0.994952 0.00676097 -0.430953 -0.994707 0.100078 0.0242801 25.5178
0.018702 -0.00962894 0.999782 99.4195 0.0987933 0.995089 0.00773796 -0.432882 -0.994941 0.0986253 0.0195679 25.5567
0.0142919 -0.00913375 0.999888 101.407 0.0966883 0.9953 0.00771271 -0.435552 -0.995238 0.0965614 0.0151153 25.6167
0.00937901 -0.00768832 0.999931 103.403 0.0962389 0.995347 0.00675265 -0.432336 -0.995323 0.0961671 0.0100819 25.6681
0.00460546 -0.00591079 1 105.396 0.0957523 0.995404 0.00544545 -0.437269 -0.99542 0.0957219 0.00515769 25.7073
-0.000964723 -0.00508368 0.999988 107.443 0.0941031 0.99556 0.00515414 -0.431711 -0.995569 0.0941055 -0.000475345 25.7387
-0.00622649 -0.00435216 1 109.484 0.0922712 0.995736 0.00491088 -0.425728 -0.995741 0.0922964 -0.00579079 25.7627
-0.0126808 -0.00413767 0.999912 111.552 0.0899692 0.995942 0.00526441 -0.415479 -0.995872 0.0900264 -0.0122502 25.78
-0.0200634 -0.00392655 0.999823 113.661 0.0889021 0.996038 0.00569849 -0.408717 -0.995863 0.0889952 -0.0196274 25.7826
-0.0272948 -0.00354135 0.999623 115.729 0.0887387 0.996048 0.0059539 -0.405477 -0.99569 0.088866 -0.0268657 25.7863
-0.0336073 -0.00196918 0.999472 117.777 0.0885359 0.996074 0.00494229 -0.404959 -0.99553 0.0886491 -0.0332938 25.7597
-0.0350859 -0.00130402 0.999385 119.826 0.0884428 0.996083 0.00440693 -0.410783 -0.995473 0.0885412 -0.0348262 25.6455
-0.0426891 -0.000399752 0.999129 121.903 0.0890811 0.996029 0.00420742 -0.401029 -0.995131 0.0891768 -0.042477 25.5956
-0.0506361 0.000346914 0.998721 124.006 0.0886884 0.996063 0.00415293 -0.401968 -0.994783 0.0887832 -0.05046 25.5359
-0.0565411 0.00175279 0.998441 126.058 0.0879038 0.996137 0.00323194 -0.410644 -0.994546 0.087943 -0.0564699 25.4423
-0.0654567 0.00143241 0.997859 128.139 0.0884621 0.996083 0.00437527 -0.418835 -0.993939 0.088557 -0.0653187 25.3446
-0.069311 3.82022e-05 0.997634 130.223 0.0878185 0.996132 0.00606586 -0.412008 -0.993743 0.088025 -0.0690392 25.2138
-0.0742495 -0.00114958 0.997246 132.303 0.0895981 0.995961 0.00782125 -0.428517 -0.993221 0.0899299 -0.073838 25.088
-0.0754749 -0.000930941 0.997186 134.392 0.0898523 0.995939 0.00773307 -0.421001 -0.993112 0.0901764 -0.0750778 24.8989
-0.0752598 -0.000612915 0.997171 136.496 0.0902518 0.995905 0.00742595 -0.418966 -0.993085 0.0905532 -0.0748878 24.6961
-0.0751771 -0.000830318 0.997209 138.645 0.0885689 0.996055 0.00750883 -0.407154 -0.993251 0.0888793 -0.0748003 24.4794
-0.0780575 0.000848305 0.996959 140.845 0.0870783 0.996198 0.00597248 -0.389444 -0.993156 0.0872769 -0.0778261 24.2973
-0.0802239 0.00199862 0.996812 142.986 0.0862169 0.996277 0.0049437 -0.391105 -0.993062 0.086332 -0.0800911 24.1092
-0.0826301 0.00174207 0.99659 145.163 0.085505 0.996338 0.00535013 -0.397131 -0.992924 0.0856525 -0.082468 23.9167
-0.0852267 0.00237081 0.996397 147.349 0.0856354 0.996327 0.0049566 -0.398676 -0.992696 0.0857426 -0.0851103 23.7229
-0.0884615 0.00242596 0.996088 149.552 0.0841516 0.996454 0.00504885 -0.396721 -0.992538 0.0842658 -0.0883433 23.5394
-0.0899313 0.00214359 0.99599 151.718 0.0832768 0.996525 0.00537714 -0.408701 -0.99248 0.0834194 -0.0897914 23.3123
-0.0937194 0.00166101 0.99561 153.966 0.0831349 0.996532 0.00616548 -0.414278 -0.99214 0.0833445 -0.093524 23.1183
-0.0974103 0.00196366 0.995286 156.21 0.0838612 0.996471 0.00624416 -0.417506 -0.991724 0.0840673 -0.0972252 22.9135
-0.101286 0.00260112 0.994867 158.46 0.0844696 0.996421 0.00599693 -0.420761 -0.991285 0.0846401 -0.101135 22.6994
-0.103872 0.00419404 0.994625 160.681 0.0843705 0.996437 0.00461185 -0.422007 -0.991024 0.0843893 -0.10385 22.4763
-0.105278 0.00580745 0.994439 162.95 0.0845115 0.996431 0.00313046 -0.420561 -0.990865 0.0843679 -0.105385 22.2234
-0.108682 0.00672048 0.9941 165.214 0.0846073 0.996425 0.00251604 -0.425815 -0.990489 0.0843744 -0.108857 22.0017
-0.111844 0.00788539 0.993708 167.48 0.0841792 0.996464 0.00156998 -0.438532 -0.990172 0.083822 -0.112104 21.755
-0.114635 0.00748856 0.993429 169.792 0.0828336 0.996575 0.00204853 -0.451401 -0.98997 0.0825163 -0.114857 21.5179
-0.120022 0.00809141 0.992752 172.089 0.0829688 0.996564 0.00191093 -0.461845 -0.989317 0.0825936 -0.120271 21.267
-0.124783 0.00868392 0.992195 174.382 0.0852133 0.996374 0.00199868 -0.474662 -0.988539 0.0847898 -0.125065 21.0054
-0.129091 0.00863294 0.991609 176.694 0.086433 0.996268 0.0025813 -0.481232 -0.987877 0.0860378 -0.129346 20.7267
-0.13071 0.00780669 0.991434 178.987 0.0874047 0.996179 0.00368183 -0.501695 -0.987576 0.0871301 -0.130887 20.4194
-0.132869 0.00734078 0.991123 181.336 0.0868991 0.996222 0.00427383 -0.504511 -0.987337 0.0866922 -0.132996 20.106
-0.134511 0.00805718 0.990924 183.671 0.0857405 0.996324 0.00354009 -0.51028 -0.987212 0.0854313 -0.134702 19.7952
-0.135476 0.00993129 0.990746 186.029 0.0845479 0.996431 0.00157584 -0.517371 -0.987185 0.0839758 -0.135824 19.4503
-0.137107 0.0123186 0.990524 188.386 0.0845441 0.996432 -0.000687224 -0.523949 -0.986958 0.0836417 -0.137654 19.0992
-0.138332 0.0136165 0.990307 190.746 0.0838561 0.996488 -0.00198497 -0.541671 -0.986848 0.0827655 -0.13898 18.7567
-0.139613 0.0141867 0.990149 193.152 0.0814389 0.996687 -0.00279495 -0.560315 -0.986867 0.0802396 -0.140301 18.4134
-0.14432 0.0152141 0.989435 195.607 0.0825589 0.996593 -0.00327947 -0.563934 -0.986106 0.0812087 -0.145075 18.1125
-0.153036 0.0175016 0.988111 198.058 0.0861624 0.996284 -0.00429941 -0.570922 -0.984473 0.0844731 -0.15397 17.7876
-0.156469 0.0172307 0.987554 200.489 0.0862119 0.996282 -0.00372089 -0.594349 -0.983935 0.084552 -0.157364 17.4254
-0.157539 0.0176045 0.987397 202.846 0.0869642 0.996216 -0.00388434 -0.619295 -0.983695 0.0852492 -0.158468 17.0163
-0.158129 0.0181279 0.987274 205.204 0.0860572 0.996292 -0.00450731 -0.645826 -0.983683 0.0842446 -0.159094 16.608
-0.159023 0.0178732 0.987155 207.582 0.084901 0.996392 -0.00436125 -0.686661 -0.983638 0.0831099 -0.159961 16.2171
-0.160319 0.0180975 0.986923 210.009 0.0842971 0.996443 -0.00457598 -0.71377 -0.983481 0.0824562 -0.161266 15.7831
-0.16156 0.0183913 0.986733 212.438 0.0847385 0.996405 -0.00469486 -0.739762 -0.983239 0.0828487 -0.162532 15.3468
-0.163443 0.0177519 0.986419 214.857 0.0855001 0.996343 -0.00376123 -0.770559 -0.982864 0.0837191 -0.164356 14.9724
-0.166269 0.016582 0.98598 217.25 0.0864039 0.996271 -0.00218206 -0.800472 -0.982305 0.0848231 -0.167076 14.5754
-0.168015 0.0173015 0.985658 219.655 0.0879357 0.996136 -0.00249332 -0.822682 -0.981877 0.0862507 -0.16888 14.1507
-0.17021 0.0182757 0.985278 222.119 0.0874776 0.996174 -0.00336342 -0.836793 -0.981535 0.0856106 -0.171151 13.7013
-0.172682 0.0173346 0.984852 224.505 0.0859497 0.996311 -0.00246327 -0.884725 -0.981247 0.0842175 -0.173527 13.314
-0.171928 0.0195313 0.984957 226.867 0.0868061 0.996232 -0.0045997 -0.900426 -0.981296 0.0847034 -0.17297 12.834
-0.171509 0.0218525 0.984967 229.238 0.0874435 0.996161 -0.00687181 -0.919225 -0.98132 0.0849455 -0.172754 12.3667
-0.171852 0.0216541 0.984923 231.588 0.0846447 0.996403 -0.00713439 -0.971315 -0.981499 0.0821368 -0.173062 11.9706
-0.171596 0.0223398 0.984944 233.974 0.0852378 0.996347 -0.00774546 -1.0063 -0.981498 0.0826205 -0.172867 11.5043
-0.170867 0.0224459 0.985077 236.349 0.086933 0.996202 -0.00761725 -1.02671 -0.981472 0.0843283 -0.172164 11.0299
-0.172369 0.0218732 0.98482 238.805 0.0865336 0.996241 -0.00697799 -1.06341 -0.981247 0.0840131 -0.173609 10.5913
-0.173943 0.0213399 0.984564 241.231 0.0839194 0.996467 -0.00676871 -1.10561 -0.981194 0.081441 -0.175114 10.173
-0.176716 0.0221743 0.984042 243.655 0.0833342 0.99651 -0.00748667 -1.14868 -0.98075 0.0806775 -0.177942 9.74075
-0.178444 0.0211451 0.983755 246.045 0.0845377 0.996421 -0.00607967 -1.19959 -0.980333 0.0820746 -0.179587 9.2591
-0.183371 0.0201744 0.982878 248.459 0.08282 0.996572 -0.00500115 -1.24769 -0.979582 0.0804794 -0.184407 8.85652
-0.189209 0.0201304 0.981759 250.857 0.0829253 0.996565 -0.00444876 -1.28823 -0.978446 0.0805668 -0.190221 8.42686
-0.192626 0.0199726 0.981108 253.27 0.0829375 0.996567 -0.00400055 -1.31594 -0.977792 0.0805952 -0.193615 7.94506
-0.196671 0.0198133 0.980298 255.697 0.0816605 0.996672 -0.00375777 -1.34695 -0.977081 0.0793084 -0.197627 7.46401
-0.199707 0.0205641 0.979679 258.111 0.0808463 0.996736 -0.00443838 -1.37926 -0.976545 0.0783122 -0.200711 6.97584
-0.204258 0.02142 0.978714 260.571 0.0813812 0.996691 -0.00482571 -1.41148 -0.975547 0.0786587 -0.205318 6.47286
-0.210412 0.0220949 0.977402 262.988 0.0814285 0.996687 -0.00499759 -1.44542 -0.974244 0.0785325 -0.211508 5.99992
-0.217725 0.0236831 0.975756 265.43 0.0836142 0.996503 -0.00552593 -1.47326 -0.972441 0.0803796 -0.218936 5.49262
-0.223388 0.0244369 0.974466 267.844 0.0822829 0.996612 -0.00612602 -1.50532 -0.97128 0.0788088 -0.224635 4.99176
-0.228162 0.0239266 0.973362 270.185 0.082049 0.996635 -0.00526216 -1.55043 -0.970177 0.0786586 -0.229351 4.47565
-0.231409 0.0229128 0.972628 272.52 0.0794473 0.99685 -0.00457758 -1.59013 -0.969636 0.076209 -0.232494 3.95332
-0.23387 0.0218908 0.972053 274.811 0.0771598 0.997032 -0.00388538 -1.63565 -0.969217 0.0740909 -0.234858 3.42574
-0.235406 0.0240941 0.971641 277.225 0.078962 0.996886 -0.0055854 -1.65474 -0.968711 0.0754038 -0.23657 2.81016
-0.237381 0.024752 0.971133 279.582 0.078537 0.996911 -0.00620777 -1.68308 -0.968252 0.0747926 -0.238586 2.26381
-0.240571 0.0273874 0.970288 281.922 0.08004 0.996782 -0.0082861 -1.71517 -0.967353 0.0756646 -0.241983 1.71924
-0.244629 0.0300911 0.969186 284.365 0.0808719 0.996687 -0.0105287 -1.74359 -0.96626 0.0757997 -0.246245 1.13122
-0.249632 0.0292196 0.967941 286.796 0.0800228 0.996772 -0.00944784 -1.77704 -0.965053 0.0750953 -0.251158 0.528632
-0.252349 0.0306304 0.967187 289.218 0.080073 0.99675 -0.010671 -1.81507 -0.96434 0.0747483 -0.253975 -0.077872
-0.257498 0.0309992 0.965829 291.644 0.0780795 0.996909 -0.0111762 -1.84997 -0.963151 0.0725292 -0.259116 -0.676876
-0.263636 0.032916 0.964096 294.101 0.0795849 0.996771 -0.0122649 -1.88562 -0.961355 0.0734899 -0.265397 -1.30997
-0.270367 0.0339247 0.962202 296.573 0.0787629 0.996833 -0.0130098 -1.92567 -0.959554 0.0722651 -0.272177 -1.93975
-0.274316 0.0348666 0.961043 299.079 0.077662 0.996901 -0.013996 -1.96304 -0.958517 0.0707935 -0.276167 -2.63239
-0.277285 0.034818 0.960198 301.58 0.0781368 0.996875 -0.0135792 -2.00311 -0.957628 0.0712583 -0.279133 -3.33552
-0.277679 0.0343012 0.960094 304.054 0.0793208 0.996789 -0.0126667 -2.05434 -0.95741 0.0726349 -0.2795 -4.07364
-0.276999 0.033313 0.960334 306.513 0.0796621 0.996779 -0.011595 -2.10441 -0.957586 0.0732871 -0.278755 -4.80767
-0.276219 0.0316218 0.960607 308.987 0.0785206 0.99688 -0.0102333 -2.14959 -0.957898 0.0725976 -0.277833 -5.54742
-0.276139 0.0311555 0.960654 311.463 0.078371 0.996899 -0.00979887 -2.18712 -0.957941 0.0725782 -0.277719 -6.29584
-0.27607 0.0311588 0.960664 313.936 0.0803022 0.996748 -0.00924816 -2.22512 -0.957793 0.0745871 -0.277667 -7.03653
-0.275848 0.0304688 0.96076 316.41 0.0803321 0.996754 -0.00854133 -2.26098 -0.957862 0.0748201 -0.277395 -7.77817
-0.275002 0.0314828 0.96096 318.881 0.0802767 0.996746 -0.00967777 -2.29984 -0.958102 0.074478 -0.276627 -8.51521
-0.274729 0.0332263 0.96099 321.36 0.0790906 0.996819 -0.0118502 -2.34299 -0.958286 0.0727461 -0.276478 -9.25928
-0.27589 0.0331263 0.96065 323.836 0.0781303 0.996892 -0.0119334 -2.38514 -0.958024 0.0717603 -0.277614 -10.0071
-0.278179 0.0311059 0.96007 326.304 0.0763039 0.997057 -0.0101907 -2.44084 -0.957519 0.0704186 -0.279729 -10.7356
-0.283234 0.0292142 0.958645 328.924 0.0733727 0.997296 -0.00870893 -2.46285 -0.956252 0.0678691 -0.284605 -11.4965
-0.285915 0.0310447 0.957797 331.468 0.0758932 0.997095 -0.00965847 -2.48577 -0.95527 0.0699255 -0.287435 -12.2865
-0.288733 0.0303058 0.95697 333.999 0.0757793 0.997116 -0.00870842 -2.53146 -0.954419 0.0700013 -0.290191 -13.0458
-0.292275 0.0306933 0.955888 336.585 0.0773502 0.996995 -0.00835775 -2.56575 -0.953229 0.0714918 -0.293765 -13.8325
-0.293999 0.0313343 0.955332 339.155 0.0793988 0.996838 -0.00825594 -2.6168 -0.952515 0.073422 -0.295551 -14.6477
-0.296279 0.0307433 0.954654 341.806 0.0797537 0.996813 -0.00734476 -2.64754 -0.951795 0.073957 -0.297781 -15.4982
-0.298798 0.0298043 0.953892 344.391 0.0802685 0.996784 -0.00599604 -2.68236 -0.950948 0.0747729 -0.300224 -16.312
-0.301332 0.0285349 0.95314 346.97 0.0792847 0.996867 -0.0047739 -2.72406 -0.950247 0.0741269 -0.302644 -17.1381
-0.30527 0.0281433 0.951895 349.581 0.0781062 0.996963 -0.00442259 -2.75769 -0.949076 0.0729951 -0.306535 -17.9457
-0.308518 0.0279199 0.950852 352.167 0.0780037 0.996971 -0.00395982 -2.79466 -0.94804 0.0729449 -0.309756 -18.784
-0.31364 0.0262373 0.949223 354.777 0.0764685 0.997099 -0.0022894 -2.82886 -0.946482 0.071864 -0.314727 -19.6002
-0.316112 0.0265521 0.94839 357.346 0.079111 0.996893 -0.00153666 -2.86544 -0.94545 0.0745388 -0.31722 -20.4952
-0.321451 0.0252635 0.946634 359.965 0.0768064 0.997077 -0.00052323 -2.90077 -0.943822 0.0725362 -0.322446 -21.3177
-0.324649 0.0236918 0.945573 362.56 0.076471 0.997099 0.00127731 -2.93848 -0.942765 0.0727208 -0.325509 -22.1943
-0.32778 0.0225888 0.94453 365.166 0.0764425 0.997101 0.0026868 -2.96454 -0.941673 0.0730794 -0.328551 -23.0659
-0.331517 0.0222045 0.943225 367.802 0.0731013 0.997351 0.00221924 -2.9782 -0.940642 0.0696839 -0.332251 -23.946
-0.335362 0.0222441 0.941873 370.424 0.0689913 0.997647 0.00100858 -2.99702 -0.939577 0.065316 -0.336101 -24.8304
-0.3393 0.0222271 0.940453 373.08 0.0652428 0.997897 -4.13884e-05 -3.01551 -0.938443 0.0613412 -0.340025 -25.7555
-0.343921 0.0208065 0.938815 375.759 0.0633729 0.998019 0.00110197 -3.03463 -0.936875 0.0598713 -0.344552 -26.7199
-0.347197 0.0195902 0.937624 378.275 0.0638754 0.997985 0.00280624 -3.06531 -0.93564 0.0608629 -0.347737 -27.6353
-0.340822 0.0170979 0.940027 380.763 0.0579068 0.998349 0.00284156 -3.06638 -0.938356 0.0553997 -0.341248 -28.6224
-0.338962 0.0186093 0.940652 383.251 0.0585366 0.998315 0.0013484 -3.07156 -0.939002 0.0555172 -0.33947 -29.603
-0.341563 0.0165997 0.939772 385.785 0.0581489 0.998335 0.00350589 -3.09587 -0.938074 0.0558414 -0.341959 -30.5312
-0.344697 0.0151093 0.938633 388.393 0.0549631 0.998514 0.00411606 -3.1017 -0.937133 0.0530065 -0.345003 -31.4566
-0.348724 0.015154 0.937162 390.997 0.0539187 0.998571 0.00392199 -3.10835 -0.935689 0.0518957 -0.349041 -32.3971
-0.353111 0.0146628 0.935515 393.562 0.0503033 0.998761 0.00333799 -3.12294 -0.934265 0.0482354 -0.3534 -33.255
-0.357616 0.0140662 0.933826 396.167 0.0490734 0.998821 0.00375365 -3.13273 -0.932594 0.0471663 -0.357885 -34.212
-0.357415 0.0137018 0.933894 398.736 0.0481313 0.998867 0.00377086 -3.13692 -0.932741 0.046295 -0.357659 -35.2514
-0.361363 0.0138236 0.932394 401.319 0.0451579 0.999009 0.00269616 -3.14974 -0.931352 0.0430769 -0.361631 -36.2296
-0.363574 0.0146179 0.931504 403.786 0.0364629 0.999369 -0.00144494 -3.16839 -0.930888 0.0334388 -0.363869 -37.2074
-0.3651 0.0191155 0.930844 406.39 0.0243221 0.999675 -0.0109834 -3.1975 -0.93067 0.0186298 -0.36545 -38.1568
-0.380855 0.0264282 0.924309 408.979 0.0354939 0.999308 -0.0139413 -3.24922 -0.923994 0.0274964 -0.381516 -39.1563
-0.383727 0.0244013 0.923196 411.548 0.0406533 0.99916 -0.00950517 -3.29632 -0.92257 0.0338821 -0.384399 -40.1674
-0.386019 0.0141585 0.922418 414.062 0.0397275 0.999243 0.00129408 -3.32747 -0.92166 0.0371445 -0.386277 -41.221
-0.389179 0.00400055 0.921226 416.643 0.033746 0.999414 0.00992325 -3.32545 -0.920564 0.0349486 -0.389088 -42.3227
-0.391642 -0.000432281 0.920154 419.177 0.0290345 0.999529 0.0128336 -3.32165 -0.919686 0.0317425 -0.391432 -43.4124
-0.390091 -0.00183402 0.920846 421.765 0.0242972 0.999662 0.012291 -3.30825 -0.920477 0.0271685 -0.389916 -44.5099
-0.391431 0.00329704 0.920237 424.277 0.0309767 0.999507 0.0096014 -3.31031 -0.91972 0.0322641 -0.391323 -45.6129
-0.397666 0.00885898 0.917558 426.778 0.0368515 0.999333 0.0063298 -3.31731 -0.91681 0.0363297 -0.39773 -46.7401
-0.401319 0.0110498 0.915905 429.274 0.0355296 0.999395 0.00351767 -3.33667 -0.915284 0.0339536 -0.40145 -47.752
-0.413934 0.0110967 0.910296 431.726 0.0397325 0.999229 0.00589549 -3.35745 -0.909405 0.0386098 -0.414074 -48.9104
-0.416491 0.0100778 0.90912 434.212 0.0397837 0.999215 0.00715628 -3.3634 -0.908307 0.0391486 -0.416546 -50.03
-0.417381 0.00901764 0.908744 436.684 0.0374679 0.999307 0.00730151 -3.36281 -0.907925 0.0370974 -0.417448 -51.1102
-0.421796 0.00959509 0.906672 439.129 0.0397821 0.99921 0.00794014 -3.36777 -0.905837 0.0394188 -0.42183 -52.2891
-0.421809 0.00970865 0.906689 441.585 0.0395073 0.999226 0.00768897 -3.3681 -0.905789 0.0390651 -0.421884 -53.4469
-0.422085 0.0106296 0.906526 444.041 0.0400691 0.999206 0.00694752 -3.37092 -0.90569 0.0392565 -0.422162 -54.6026
-0.422557 0.00878239 0.90635 446.488 0.0395697 0.999214 0.00877499 -3.37577 -0.905438 0.0395728 -0.422591 -55.7226
-0.424617 0.00615842 0.905387 448.955 0.0381571 0.999244 0.0111058 -3.37566 -0.904591 0.0392631 -0.424517 -56.8066
-0.429938 0.00493186 0.902886 451.356 0.0425327 0.999026 0.0148065 -3.38416 -0.901794 0.0447708 -0.42975 -57.9672
-0.42939 0.007045 0.903124 453.716 0.0452857 0.998915 0.0137461 -3.3925 -0.902003 0.0468011 -0.429228 -59.1569
-0.430041 0.00922964 0.902804 456.162 0.0426175 0.999084 0.0100965 -3.38598 -0.901742 0.0428195 -0.430061 -60.346
-0.426667 0.00747835 0.904413 458.603 0.0334988 0.999441 0.00754787 -3.37842 -0.903796 0.0335193 -0.426674 -61.4443
-0.433216 0.00829998 0.901293 461.062 0.0366792 0.999335 0.00843785 -3.38146 -0.900483 0.0367177 -0.433254 -62.5776
-0.436955 0.00660506 0.899501 463.495 0.0302845 0.99955 0.00738119 -3.38548 -0.898983 0.0304696 -0.436952 -63.6171
-0.442585 0.00466633 0.896749 465.968 0.0269784 0.999645 0.00812379 -3.40402 -0.896259 0.0277932 -0.442573 -64.7686
-0.445355 0.00418152 0.895387 468.367 0.024881 0.999696 0.0077167 -3.41641 -0.895019 0.025719 -0.445317 -65.8758
-0.449266 0.00366858 0.893422 470.689 0.0285716 0.999582 0.010274 -3.43203 -0.892875 0.0301477 -0.449202 -67.0337
-0.447067 3.83211e-05 0.894543 473.015 0.0291136 0.999506 0.0145172 -3.43514 -0.894038 0.0325373 -0.446841 -68.1861
-0.44846 -0.00153902 0.893831 475.316 0.036766 0.999164 0.0201784 -3.42075 -0.892978 0.0419176 -0.448047 -69.3586
-0.446831 -0.00486711 0.894638 477.608 0.0361383 0.999103 0.0234949 -3.37388 -0.893892 0.0428328 -0.446248 -70.4752
-0.446774 -0.00467373 0.894663 479.913 0.03171 0.999317 0.021067 -3.34305 -0.894014 0.0377878 -0.446342 -71.5992
-0.44972 -0.00117763 0.893197 482.098 0.0302783 0.99944 0.0165732 -3.33399 -0.892652 0.034503 -0.449427 -72.7316
-0.441473 -0.000749004 0.897304 484.365 0.0259835 0.999613 0.0136295 -3.32145 -0.896824 0.0293384 -0.441305 -73.8955
-0.425502 -0.00403787 0.904976 486.689 0.0176885 0.999798 0.0127888 -3.31238 -0.90478 0.0214565 -0.425344 -75.0472
-0.421625 -0.00303798 0.906788 489.033 0.0211289 0.999734 0.0131849 -3.30703 -0.906447 0.0247262 -0.421472 -76.166
-0.41543 -0.00477645 0.909639 491.39 0.0191933 0.999754 0.0140263 -3.29343 -0.909418 0.0232933 -0.415237 -77.273
-0.414887 -0.00280145 0.909889 493.819 0.0170623 0.999839 0.0108695 -3.29293 -0.909633 0.0200425 -0.414797 -78.333
-0.412506 -0.00593803 0.910965 496.252 0.011496 0.999901 0.0117349 -3.29723 -0.910879 0.0153217 -0.412399 -79.4595
-0.410282 -0.0108931 0.911912 498.674 0.00252316 0.999956 0.0130906 -3.30092 -0.911875 0.00768055 -0.410262 -80.5366
-0.408796 -0.0127583 0.912567 501.138 -0.00419036 0.999954 0.0121151 -3.29747 -0.912614 0.00113932 -0.408834 -81.6432
-0.40085 -0.0151835 0.916036 503.551 -0.0101812 0.999919 0.0121289 -3.29476 -0.916007 -0.00445474 -0.400997 -82.6966
-0.398047 -0.0138523 0.917292 505.947 -0.00364225 0.999939 0.0135316 -3.30411 -0.917354 0.00205508 -0.398078 -83.7958
-0.392779 -0.0159732 0.91952 508.285 -0.00235511 0.999905 0.0163741 -3.29479 -0.919551 0.00427474 -0.392808 -84.8446
-0.392384 -0.0179646 0.919657 510.615 -0.00194372 0.99986 0.0187137 -3.28247 -0.919795 0.00556514 -0.392369 -85.8799
-0.389194 -0.0167841 0.921026 513.002 -0.00371174 0.999897 0.0166634 -3.26811 -0.921065 0.00307573 -0.389247 -86.8905
-0.387152 -0.0154426 0.921918 515.391 -0.00526502 0.999918 0.0145498 -3.25351 -0.921998 0.000789274 -0.387208 -87.8996
-0.384123 -0.0143098 0.923195 517.827 -0.00442581 0.999938 0.0136684 -3.25479 -0.923189 0.00117351 -0.384193 -88.9224
-0.380516 -0.0155196 0.92468 520.254 -0.00204695 0.99991 0.0159515 -3.25494 -0.924773 0.00418667 -0.38052 -89.9468
-0.379816 -0.0156229 0.924956 522.635 0.000460912 0.999897 0.0170887 -3.24685 -0.92498 0.00692587 -0.379802 -90.919
-0.368277 -0.0180886 0.929574 525.066 -0.00299564 0.999869 0.0182811 -3.23215 -0.929728 0.00395799 -0.368285 -91.9297
-0.358285 -0.0212843 0.933388 527.448 -0.00796169 0.999818 0.0197529 -3.22063 -0.933487 -0.000344717 -0.358423 -92.8507
-0.368202 -0.0211478 0.929555 529.755 -0.00186087 0.999797 0.0220204 -3.21714 -0.929778 0.00638713 -0.368166 -93.7318
-0.356387 -0.0240642 0.934078 532.092 -0.0072729 0.99976 0.0229919 -3.18349 -0.934245 0.00140855 -0.356508 -94.6551
-0.353218 -0.0236958 0.935285 534.445 -0.00938179 0.999761 0.0217977 -3.15538 -0.935522 -0.00106551 -0.353357 -95.5379
-0.365617 -0.0203368 0.930579 536.803 -0.00117278 0.999815 0.0213998 -3.15496 -0.930726 0.00674144 -0.365593 -96.4282
-0.354488 -0.0221159 0.934873 539.109 -0.00566622 0.9998 0.0215161 -3.11539 -0.935108 0.00234 -0.35454 -97.332
-0.359489 -0.0221866 0.93293 541.425 -0.00400248 0.99979 0.0222454 -3.09028 -0.933112 0.00427222 -0.359522 -98.19
-0.352317 -0.0241539 0.935646 543.716 -0.00930227 0.999755 0.0223193 -3.05653 -0.935903 -0.000829109 -0.352455 -99.0389
-0.348052 -0.024261 0.937213 545.997 -0.00967751 0.99975 0.0222974 -3.0208 -0.937404 -0.00129934 -0.348221 -99.9491
-0.348259 -0.0238911 0.93716 548.296 -0.0112245 0.999757 0.0213284 -2.99416 -0.937385 -0.00307989 -0.348444 -100.754
-0.349799 -0.0242266 0.936564 550.518 -0.010081 0.999751 0.0221076 -2.97176 -0.936745 -0.00169803 -0.349979 -101.598
-0.339342 -0.0275423 0.940318 552.718 -0.0134412 0.999658 0.0244421 -2.9441 -0.940637 -0.00433278 -0.33959 -102.446
-0.345745 -0.0280659 0.937964 554.969 -0.00979953 0.999652 0.0263116 -2.92575 -0.938257 -8.35533e-05 -0.345924 -103.278
-0.346189 -0.0269711 0.937835 557.158 -0.0080503 0.99968 0.0257907 -2.89481 -0.9382 0.0013905 -0.346291 -104.085
-0.341799 -0.0278586 0.939418 559.316 -0.0103983 0.999658 0.0258737 -2.8633 -0.939697 -0.000914091 -0.341996 -104.877
-0.332972 -0.0283966 0.942575 561.458 -0.013832 0.999632 0.0252424 -2.82567 -0.942914 -0.00462 -0.333238 -105.659
-0.333522 -0.0271303 0.942409 563.604 -0.0108933 0.999677 0.024936 -2.7968 -0.942663 -0.00193794 -0.333734 -106.431
-0.333784 -0.027082 0.942325 565.73 -0.0083519 0.99968 0.0257848 -2.77374 -0.94269 0.000748429 -0.3339 -107.219
-0.313945 -0.0304993 0.949009 567.875 -0.0169618 0.999551 0.0265241 -2.74758 -0.949274 -0.00775931 -0.314344 -107.961
-0.317229 -0.0293386 0.947965 570.101 -0.0157558 0.999594 0.025677 -2.71594 -0.948299 -0.00677822 -0.317559 -108.693
-0.31193 -0.0298767 0.949699 572.209 -0.0137095 0.999592 0.0269555 -2.68404 -0.949992 -0.004601 -0.312235 -109.496
-0.308891 -0.030939 0.950662 574.366 -0.0144537 0.999557 0.0278467 -2.64611 -0.951056 -0.00512672 -0.309202 -110.205
-0.298296 -0.0328858 0.953968 576.521 -0.0180397 0.999472 0.0288253 -2.60069 -0.954288 -0.00860018 -0.298754 -110.915
-0.297469 -0.0313612 0.954283 578.666 -0.0151303 0.999539 0.0281447 -2.56525 -0.954681 -0.00605448 -0.297808 -111.629
-0.300924 -0.0299822 0.953236 580.753 -0.0132047 0.999596 0.0272833 -2.53484 -0.953539 -0.00436646 -0.30122 -112.228
-0.302589 -0.0319954 0.952652 582.854 -0.0157163 0.999517 0.0285905 -2.48554 -0.953071 -0.00630831 -0.302944 -112.886
-0.301135 -0.0329577 0.953072 584.93 -0.0165108 0.999487 0.0293577 -2.44542 -0.953422 -0.00688445 -0.301546 -113.547
-0.29716 -0.0332484 0.954314 587.009 -0.0196757 0.999444 0.028707 -2.39936 -0.954703 -0.0102328 -0.297648 -114.188
-0.292739 -0.0332559 0.955674 589.082 -0.0226376 0.99941 0.0278551 -2.35574 -0.955908 -0.0134688 -0.293341 -114.821
-0.303695 -0.0339712 0.952222 591.056 -0.0162567 0.999461 0.0304837 -2.3478 -0.952721 -0.00621005 -0.304072 -115.429
-0.304663 -0.0356438 0.95185 593.041 -0.0150842 0.999407 0.0326083 -2.31158 -0.952322 -0.00441285 -0.305041 -116.073
-0.302777 -0.0370144 0.952405 594.955 -0.0168977 0.999355 0.0334795 -2.26559 -0.953001 -0.00594402 -0.303198 -116.692
-0.312141 -0.0337029 0.949509 596.886 -0.0129118 0.999483 0.0312449 -2.23078 -0.949942 -0.00249598 -0.312436 -117.298
-0.311859 -0.0316918 0.949663 598.832 -0.014851 0.999541 0.0284921 -2.18795 -0.950103 -0.00520498 -0.312177 -117.911
-0.30229 -0.0325325 0.952726 600.733 -0.0243168 0.99941 0.0264231 -2.12408 -0.952903 -0.0151689 -0.302921 -118.465
-0.305971 -0.0341206 0.951488 602.64 -0.021685 0.999408 0.0288777 -2.09584 -0.951878 -0.0117848 -0.306519 -119.064
-0.303854 -0.0364008 0.952088 604.542 -0.0223302 0.999322 0.031092 -2.06128 -0.952454 -0.0118023 -0.304479 -119.656
-0.31505 -0.0337627 0.948538 606.372 -0.0133928 0.999489 0.0311397 -2.04346 -0.949072 -0.00288212 -0.315327 -120.264
-0.311949 -0.0332031 0.94958 608.25 -0.0168206 0.999483 0.0294336 -1.99479 -0.949943 -0.00678136 -0.312362 -120.832
-0.312966 -0.0317884 0.949292 610.104 -0.0130682 0.999553 0.0291745 -1.96333 -0.949757 -0.00326469 -0.313228 -121.491
-0.308538 -0.032548 0.950717 611.956 -0.0123178 0.999525 0.0302328 -1.93051 -0.951125 -0.00237392 -0.308807 -122.134
-0.299978 -0.0343276 0.953393 613.789 -0.0185129 0.999429 0.030173 -1.86731 -0.953846 -0.008587 -0.300438 -122.717
-0.307078 -0.0335471 0.95116 615.552 -0.0161994 0.999476 0.0300332 -1.83514 -0.951548 -0.00617562 -0.307476 -123.234
-0.303253 -0.0331483 0.952404 617.184 -0.0181629 0.99947 0.0290169 -1.79311 -0.952823 -0.00848618 -0.303691 -123.765
-0.30298 -0.0323855 0.952513 618.798 -0.0171513 0.999503 0.0285396 -1.76049 -0.952844 -0.00767957 -0.303401 -124.277
-0.298508 -0.0335149 0.953895 620.387 -0.0179179 0.99946 0.0295228 -1.72542 -0.954333 -0.00826591 -0.298944 -124.803
-0.303462 -0.0338026 0.95231 621.949 -0.0126574 0.99948 0.0314562 -1.71621 -0.952756 -0.00249713 -0.303751 -125.355
-0.301207 -0.0338719 0.953032 623.538 -0.010603 0.999483 0.0321857 -1.69695 -0.953594 -0.000398017 -0.301407 -125.893
-0.29771 -0.0325456 0.954174 625.178 -0.0137652 0.999511 0.0298106 -1.64565 -0.954545 -0.00424882 -0.298038 -126.393
-0.292119 -0.0310969 0.95595 626.817 -0.0156165 0.999549 0.0277571 -1.60165 -0.956347 -0.00680724 -0.292471 -126.88
-0.298087 -0.0300461 0.954136 628.389 -0.010277 0.999595 0.0282809 -1.58504 -0.954473 -0.00136396 -0.298302 -127.391
-0.284178 -0.0317043 0.95832 629.97 -0.0141341 0.99954 0.0288908 -1.54476 -0.958772 -0.00532105 -0.284493 -127.934
-0.277919 -0.0331616 0.960098 631.549 -0.0160249 0.999473 0.0298966 -1.51312 -0.960456 -0.00706447 -0.278333 -128.402
-0.288489 -0.0294709 0.957112 633.036 -0.000731405 0.999594 0.0305724 -1.5453 -0.957589 0.00813049 -0.288391 -128.862
-0.282501 -0.0309307 0.958838 634.464 -0.0108619 0.999564 0.0290585 -1.47696 -0.959188 -0.00219551 -0.282744 -129.273
-0.283107 -0.0303527 0.958689 635.905 -0.0105258 0.999596 0.0285535 -1.44929 -0.959136 -0.00199613 -0.28331 -129.698
-0.284219 -0.0310642 0.958326 637.32 -0.0114686 0.999558 0.0290138 -1.42747 -0.958673 -0.00273424 -0.284481 -130.078
-0.280521 -0.0311139 0.95943 638.705 -0.014354 0.999554 0.0282332 -1.38169 -0.95985 -0.00583953 -0.280843 -130.507
-0.278005 -0.0314005 0.960136 640.049 -0.0151874 0.999528 0.0283056 -1.35314 -0.960442 -0.00670229 -0.278382 -130.929
-0.28266 -0.0311916 0.958806 641.455 -0.0153108 0.999546 0.0280186 -1.33734 -0.959213 -0.00674802 -0.283009 -131.296
-0.291671 -0.0289826 0.956147 642.821 -0.0125344 0.999615 0.026491 -1.32542 -0.956418 -0.00424723 -0.291954 -131.66
-0.293481 -0.0299316 0.955589 644.191 -0.0131887 0.999599 0.027275 -1.29879 -0.955987 -0.00458585 -0.293757 -132.056
-0.282083 -0.0328149 0.958914 645.477 -0.0173721 0.999472 0.0291077 -1.26306 -0.959232 -0.00843658 -0.282533 -132.48
-0.285668 -0.0333191 0.957845 646.757 -0.0153338 0.999485 0.0302099 -1.24407 -0.958324 -0.00604524 -0.286029 -132.877
-0.288722 -0.031759 0.956974 647.98 -0.0155344 0.999521 0.0284995 -1.22148 -0.957289 -0.00662662 -0.289106 -133.211
-0.286932 -0.0297766 0.957586 649.099 -0.0128694 0.999606 0.0272425 -1.20623 -0.957981 -0.00449522 -0.287201 -133.605
-0.288039 -0.0283547 0.957289 650.18 -0.013269 0.999633 0.0256318 -1.19641 -0.957529 -0.00530862 -0.28834 -133.873
-0.286058 -0.0283709 0.957893 651.157 -0.0122883 0.999649 0.0259534 -1.18153 -0.958249 -0.00433525 -0.286306 -134.201
-0.283005 -0.029181 0.958766 652.108 -0.0115472 0.999618 0.0270316 -1.16603 -0.959053 -0.00341037 -0.283264 -134.53
-0.264807 -0.0304204 0.96392 652.936 -0.0194649 0.999529 0.0262127 -1.11472 -0.964215 -0.0118078 -0.265282 -134.833
-0.270021 -0.0304537 0.96246 653.738 -0.011646 0.999574 0.0283773 -1.13609 -0.962792 -0.00353354 -0.270294 -135.092
-0.270332 -0.0301718 0.962392 654.532 -0.0102832 0.999602 0.0284658 -1.13161 -0.962821 -0.00218824 -0.270542 -135.325
-0.263628 -0.0304012 0.964234 655.342 -0.0146026 0.999561 0.0275388 -1.10663 -0.964522 -0.00680788 -0.263989 -135.552
-0.271252 -0.0304638 0.962128 656.078 -0.0100192 0.999601 0.0288413 -1.11333 -0.962576 -0.00180398 -0.271451 -135.748
-0.272854 -0.0312419 0.961638 656.802 -0.00927001 0.999559 0.02986 -1.10707 -0.962018 -0.000755013 -0.273055 -135.939
-0.276195 -0.0315883 0.960683 657.458 -0.00786682 0.999567 0.0306209 -1.10348 -0.961187 0.000912105 -0.276325 -136.117
-0.27379 -0.0325247 0.961329 658.126 -0.00997644 0.999518 0.0309918 -1.09423 -0.961745 -0.00109359 -0.274014 -136.286
-0.272711 -0.0311381 0.961693 658.75 -0.00997336 0.999581 0.0295525 -1.07534 -0.962162 -0.0015195 -0.272909 -136.494
-0.269132 -0.0318566 0.962665 659.425 -0.0118691 0.999534 0.0297747 -1.06402 -0.963036 -0.00340103 -0.269416 -136.662
-0.267564 -0.0332334 0.963066 660.088 -0.0142807 0.999499 0.0305389 -1.04352 -0.963552 -0.00556894 -0.267906 -136.822
-0.281089 -0.0313795 0.959263 660.684 -0.0128358 0.999549 0.0289526 -1.02635 -0.959605 -0.00416255 -0.281398 -136.888
-0.284042 -0.0297842 0.958451 661.205 -0.0106859 0.999625 0.0279126 -1.01842 -0.958869 -0.0023008 -0.284254 -137.059
