1 -2.65443e-05 -0.000117292 -0.00534284 2.6532e-05 1 0.000923909 -0.00718237 0.000117283 -0.000924027 0.999999 1.30839
1 -0.000197163 0.000667025 -0.005042 0.000196945 1 0.000371523 -0.000445046 -0.000667113 -0.000371251 1 1.29161
1 7.54296e-05 -0.00122108 -0.00263375 -7.42446e-05 1 0.00100132 -0.00938039 0.0012211 -0.00100132 0.999999 1.32061
0.999998 0.000120067 0.00148526 0.000643765 -0.000120236 1 0.000178007 0.00306554 -0.00148523 -0.000178063 0.999999 1.30065
1 5.06757e-05 -0.000806104 -0.00470548 -5.01214e-05 1 0.00083878 0.000447143 0.000806162 -0.000838877 1 1.32451
0.999999 -7.25376e-05 0.000106299 -0.00206479 7.25954e-05 1 0.000928081 -0.0103585 -0.000106355 -0.00092798 1 1.32597
1 0.000227258 0.000739239 -0.00727366 -0.000227764 1 0.00044832 0.0011023 -0.000739169 -0.000448555 1 1.32033
0.999998 0.00031608 -0.00140078 -0.00593243 -0.000315316 1 0.000475758 -0.00495913 0.0014009 -0.000475219 0.999999 1.33008
1 0.000374659 0.0013788 -0.00656051 -0.000375911 0.999999 0.000832574 0.00492889 -0.00137837 -0.000833228 0.999999 1.32253
0.999998 0.000149437 -0.000601636 -0.0048444 -0.000149049 1 0.000482485 0.000235025 0.000601725 -0.000482295 0.999999 1.33883
1 -3.17777e-05 -0.000163988 -0.010116 3.18056e-05 0.999999 0.000928533 -0.00628964 0.00016392 -0.000928598 1 1.33699
0.999998 0.00010856 0.00109594 -0.00983408 -0.000109257 1 0.000742155 -0.00205233 -0.0010958 -0.000742226 0.999998 1.33404
1 -0.000780572 -0.000332579 0.00170281 0.00078095 0.999998 0.00160712 -0.00412405 0.000331368 -0.00160737 1 1.35253
0.999991 -0.00378427 0.00126892 0.000912797 0.00378099 0.999989 0.00270506 -0.00263336 -0.00127922 -0.00270023 0.999994 1.34571
1 -0.000152302 -0.00182745 0.00498504 0.000153892 1 0.000929884 0.00299105 0.0018274 -0.000930004 1 1.35081
0.999997 -0.000105218 0.00169882 0.00416098 0.00010327 0.999999 0.0011807 0.00972179 -0.00169902 -0.00118069 0.999997 1.33951
1 7.91936e-05 -0.000432129 0.00112799 -7.89069e-05 1 0.000780202 0.0244284 0.000432344 -0.000779802 1 1.36346
0.999998 0.000105897 0.000953164 -0.00653578 -0.000106858 0.999999 0.00106147 0.00920678 -0.000953293 -0.001062 0.999997 1.35565
0.999999 -2.8246e-05 0.00245069 -0.00995585 1.96105e-05 0.999995 0.0034826 -0.011902 -0.00245058 -0.00348208 0.999994 1.3525
0.999998 -0.000372569 -0.00108854 -0.00248674 0.000374279 0.999998 0.00146958 -0.0104308 0.00108791 -0.00147051 0.999996 1.37877
1 0.000122532 0.00129739 -0.00694924 -0.000124345 1 0.00133728 -0.0250976 -0.00129723 -0.00133684 1 1.34558
0.999997 0.00129346 -0.00131506 -0.0151105 -0.00129437 0.999998 -0.000730818 -0.0168825 0.00131413 0.00073188 0.999997 1.3903
0.999998 0.000840396 0.0022528 -0.00532368 -0.000840925 1 0.000206799 -0.0223076 -0.00225268 -0.000208119 1 1.36016
0.999994 0.00288975 -0.000258984 -0.0133214 -0.0028903 0.999992 -0.00241646 -0.00136136 0.000252094 0.00241665 0.999994 1.39308
1 0.000100163 0.000383059 -0.00691285 -0.000100682 1 0.00113436 -0.0178443 -0.000382998 -0.00113388 1 1.38106
0.999998 0.000203454 0.00138841 -0.00873989 -0.000204437 0.999999 0.000774165 -0.00764336 -0.0013882 -0.000774978 0.999996 1.36499
1 -9.88848e-06 -0.00166224 -0.00713762 1.27716e-05 0.999999 0.00179149 -0.00732374 0.00166199 -0.00179099 1 1.40011
0.999997 0.00077017 0.0017045 -0.0149421 -0.000772417 0.999998 0.00134736 -0.00890215 -0.00170332 -0.00134927 0.999995 1.37955
0.999999 0.00129844 -0.00160406 -0.00615487 -0.00129805 1 0.000263648 -0.0127251 0.00160428 -0.00026094 1 1.4021
0.999998 0.000856961 0.000147873 -0.0105918 -0.000857023 0.999999 0.000480247 -0.0174099 -0.000147339 -0.000481001 0.999997 1.39925
1 0.000734739 0.00152003 -0.0128177 -0.000736195 1 0.000952955 -0.0099877 -0.00151952 -0.000953511 1 1.39579
0.999996 0.000187839 -0.00165236 -0.0105864 -0.000187195 0.999999 0.000410201 -0.00783317 0.00165259 -0.000410431 0.999995 1.40084
1 -0.000271436 0.00101954 -0.00623151 0.000271598 1 -6.66096e-05 -0.0124678 -0.00101956 6.75242e-05 1 1.41465
0.999995 0.000380485 -0.00178664 -0.0103287 -0.000379851 0.999999 0.000424734 -0.0133426 0.00178673 -0.000424752 0.999994 1.40132
1 0.000214465 0.000771021 -0.00126962 -0.000214977 1 0.000831365 -0.0128608 -0.000770743 -0.000830855 1 1.40589
0.999993 0.000571226 -0.00263804 -0.0104114 -0.000569865 0.999999 0.00056935 -0.0121816 0.0026383 -0.000568533 0.999991 1.42406
1 0.000705235 -0.00110107 -0.00870169 -0.000705135 1 -1.29199e-05 -0.0171109 0.0011012 1.43892e-05 1 1.42118
0.999996 0.000348121 0.000661415 -0.00620558 -0.000348939 0.999999 0.000930641 -0.0131497 -0.000661256 -0.000931628 0.999995 1.40506
1 0.000448116 -0.00228443 -0.00728529 -0.000445374 1 0.00109768 -0.0126085 0.00228505 -0.00109592 1 1.43057
0.999994 -0.0019502 0.000520971 0.00188326 0.00194919 0.999996 0.00141506 -0.0108118 -0.000523845 -0.00141482 0.999994 1.42727
1 4.80356e-05 -0.00159839 -0.00108051 -4.73517e-05 1 0.000282015 -0.0136955 0.00159852 -0.000281286 1 1.42802
0.999996 -0.000695641 -0.000248473 -0.00868157 0.000695425 0.999999 0.000234863 -0.00809097 0.000248235 -0.000235706 0.999994 1.4232
1 0.000341157 0.00195739 -0.000364315 -0.000340984 1 8.62124e-05 -0.0145356 -0.00195733 -8.62026e-05 1 1.40364
0.999996 0.000218899 -0.000874525 -0.00240398 -0.000219101 1 0.000225833 -0.0154539 0.000874561 -0.000226362 0.999994 1.42822
1 0.000225605 0.00206993 -0.00188349 -0.000225445 1 8.70122e-05 -0.00937331 -0.00206991 -8.66572e-05 1 1.40139
0.999996 -0.000246116 -0.000750501 -0.00439732 0.000245625 1 -0.00018521 -0.0141553 0.000750675 0.000184142 0.999994 1.42457
1 -0.000141881 0.000283615 -0.000370202 0.000142372 1 -0.000676661 -0.0177102 -0.000283715 0.000677492 1.00001 1.41574
0.999995 0.000393986 0.00188879 -0.00841944 -0.000393225 1 -0.000563391 -0.0201273 -0.00188879 0.000561788 0.999992 1.4073
1 0.000926639 -0.000275788 -0.00431033 -0.000926351 1 -0.000147518 -0.0161453 0.000275551 0.000148599 1.00001 1.40961
0.999994 0.0013954 0.0022416 -0.0106316 -0.00139614 0.999999 0.000178235 -0.026596 -0.00224127 -0.000182192 0.999992 1.40176
0.999996 0.00345487 -0.000311331 -0.00944223 -0.00345383 0.999993 0.00195424 -0.0187902 0.000318031 -0.00195236 1 1.40983
0.999987 0.00420116 0.00188829 -0.0122625 -0.0042048 0.999989 0.00164456 -0.0233639 -0.00188132 -0.00165327 0.999992 1.40556
0.999985 0.00592101 -0.000366858 -0.0081685 -0.00592053 0.999984 -0.000303872 0.00188423 0.000364997 0.000306884 1.00001 1.4103
0.999997 -0.00028663 0.000547321 -0.00638576 0.000285911 0.999998 3.68879e-05 -0.0342476 -0.00054724 -3.75188e-05 0.999995 1.40002
1 0.000452834 0.00104879 -0.011043 -0.000452071 1 -7.71973e-05 -0.0224699 -0.00104889 7.75313e-05 1 1.37685
0.999997 -0.000136788 -0.00035766 -0.0024659 0.000136113 0.999998 -0.000143248 -0.017376 0.000357826 0.000142345 0.999996 1.40484
1 -0.000238409 0.0010435 -0.0106125 0.000239326 1 -0.000316875 -0.0173403 -0.00104347 0.000317968 1 1.36348
0.999997 0.000251431 -0.00070052 -0.00259151 -0.000252398 0.999998 -0.000396458 -0.00978279 0.000700438 0.000395802 0.999996 1.40025
1 -6.77998e-05 -0.00058799 0.00269704 6.83576e-05 1 -0.000233777 -0.0118382 0.000587914 0.000234448 1 1.38881
0.999997 -0.000142832 -3.13221e-05 0.000143844 0.000142005 1 -0.00033373 -0.0117428 3.14971e-05 0.000333097 0.999997 1.35511
1 -0.000166619 -0.000869859 -0.000793124 0.000167107 1 -0.00048891 -0.0147053 0.000869997 0.000489454 1 1.39762
0.999997 0.000919443 0.000579121 -0.0107601 -0.000920354 1 -9.09299e-05 -0.00651401 -0.00057922 8.97137e-05 0.999997 1.35349
1 0.000316263 -0.00209595 -0.00466882 -0.000315288 1 4.46245e-05 -0.00521158 0.00209602 -4.32465e-05 1 1.38025
0.999995 0.000708669 -0.00101448 -0.00792757 -0.000708257 0.999999 0.00130362 -0.00602403 0.00101537 -0.00130366 0.999995 1.36801
1 -0.00137636 -0.000577906 -0.00893954 0.00137731 0.999999 0.000150136 -0.0140922 0.000577725 -0.000150101 1 1.33702
0.999996 0.000295802 -0.0012226 -0.00307681 -0.000295859 1 0.000680391 -0.00488162 0.00122277 -0.000680862 0.999996 1.38313
1 -0.000284047 0.000191884 -0.0102558 0.000285043 1 0.000135553 -0.00507375 -0.00019186 -0.000134634 1 1.33527
0.999996 -5.09881e-05 -0.00104443 -0.00592006 5.05425e-05 1 0.000561114 -0.007544 0.00104441 -0.000562042 0.999996 1.37482
1 -0.00121861 0.00020066 -0.00927214 0.00121973 1 -0.000186644 -0.0198942 -0.000200304 0.000187775 1 1.33322
0.999996 0.000166198 -0.000840538 -0.00597155 -0.000167438 0.999999 -0.000192666 -0.010698 0.000840445 0.000191942 0.999995 1.35709
1 0.000334537 0.000335871 -0.00696927 -0.000333308 1 -0.000524596 -0.011758 -0.000335995 0.000525409 1 1.35127
0.999995 0.000509396 0.00170658 -0.00983571 -0.000509405 0.999999 -0.000614989 -0.0120216 -0.00170689 0.00061321 0.999994 1.33966
1 -0.000267585 -4.03568e-05 -0.00403104 0.000268692 1 0.000773521 -0.0215238 4.0151e-05 -0.000772592 1 1.36092
0.999995 0.000110346 0.00137517 -0.00952571 -0.000111941 0.999999 0.000394509 -0.0106645 -0.00137516 -0.000395634 0.999994 1.32921
1 -0.00020413 0.00012099 -0.00844287 0.000205172 1 0.000400895 -0.0164057 -0.000120909 -0.000399933 1.00001 1.36488
0.999996 0.000333268 0.000335951 -0.00805461 -0.000333981 0.999999 -0.00119043 -0.0175536 -0.000336524 0.00118948 0.999995 1.33375
1.00001 -1.44567e-05 0.000931261 -0.00980647 1.61194e-05 1 -0.00063643 -0.00638062 -0.000930901 0.000637349 1 1.306
0.999994 -0.000708624 0.000405184 -0.00411561 0.00070718 1 0.000983758 -0.00849944 -0.000406333 -0.000984328 0.999995 1.35622
1 -0.00304604 0.00113288 -0.00360239 0.00304579 0.999996 0.00116042 -0.0200134 -0.00113586 -0.00115611 1 1.30325
0.99999 -0.00238535 0.00119541 -0.00110035 0.00238347 0.999996 0.000816965 -0.0248703 -0.00119775 -0.000814952 0.999995 1.35883
1.00001 -0.00117365 0.000892454 -0.00499794 0.00117434 1 0.000237193 -0.0260286 -0.000892318 -0.000235262 1 1.32718
0.99999 0.00164353 0.00132858 -0.00952488 -0.00164222 0.999997 -0.00165585 -0.0106876 -0.00133165 0.00165282 0.999995 1.29486
1 0.00243179 0.000708597 -0.0113705 -0.00243049 0.999997 -0.00047849 -0.017744 -0.00070942 0.000477598 1 1.34333
0.999987 0.00262171 0.00252238 -0.0186508 -0.00262255 0.999997 -3.84101e-05 -0.0101387 -0.00252285 3.10016e-05 0.999995 1.30576
1.00001 0.00150481 0.000480059 -0.00716586 -0.00150484 0.999997 0.00189368 -0.0107036 -0.000476888 -0.00189357 1 1.34539
0.999991 0.000898956 0.00231425 -0.0107761 -0.000905022 0.999998 0.00230056 -0.00345084 -0.00231247 -0.00230346 0.999993 1.31015
1.00001 -0.00012637 -5.81383e-05 -0.00618658 0.00012719 0.999999 0.0011877 -0.0161559 5.82843e-05 -0.00118695 1 1.34823
0.999993 0.00066113 0.0014686 -0.00835006 -0.000661206 1 -0.00038437 -0.00755878 -0.00146919 0.000382714 0.999998 1.33311
1 0.00179879 0.00213239 -0.00974822 -0.00179791 0.999998 -0.000133781 -0.00989053 -0.00213235 0.000130529 0.999999 1.30346
0.999992 0.00208969 0.00024339 -0.014335 -0.00209019 0.999999 -0.000400305 -0.0147839 -0.000244533 0.000399182 0.999998 1.35178
1 -0.000869938 0.00131888 -0.00952594 0.000870525 0.999999 8.09183e-05 -0.0215396 -0.00131852 -7.91836e-05 1 1.29552
0.999994 -0.00148921 0.000719024 -0.0114739 0.00148889 1 -0.000488591 -0.0276865 -0.000718772 0.000489077 0.999999 1.36316
1 -0.000178802 0.00114071 -0.00642515 0.000179612 0.999999 -0.000140202 -0.0125196 -0.00114015 0.000141038 1 1.33031
0.999991 0.000475338 0.00293597 -0.00315786 -0.000480911 0.999999 0.00167419 -0.0120514 -0.00293561 -0.00167619 0.999994 1.32112
1 4.5371e-05 -0.000182604 -0.0130519 -4.46609e-05 0.999999 0.000201663 -0.00417741 0.000182965 -0.000200991 1 1.36315
0.999995 -0.000535127 0.00117082 -0.00816796 0.000533871 1 0.000508675 -0.0190479 -0.00117153 -0.000508656 1 1.31297
1 0.000557529 0.000349493 -0.0048015 -0.000557051 0.999999 -8.50021e-05 -0.00589673 -0.00034911 8.53482e-05 1 1.37705
0.999992 -0.0031133 -7.43267e-05 -0.00741254 0.00311291 0.999996 0.00107795 -0.0262973 7.04839e-05 -0.00107865 0.999999 1.33926
1 -0.00283386 -0.000802469 -0.00559816 0.00283484 0.999996 0.00060675 -0.0268681 0.00080127 -0.000608462 1 1.29229
0.999993 -0.000173107 -0.00235098 -0.0129943 0.000172217 1 -0.000195717 -0.0111027 0.00235041 0.00019475 0.999998 1.34576
1 -0.00307777 -0.00134457 -0.00284121 0.00308037 0.999995 0.00154227 -0.0256293 0.00134046 -0.0015458 0.999998 1.30603
0.999993 -0.000665413 -0.00204758 -0.013416 0.000665498 0.999999 0.000292749 -0.0150115 0.00204672 -0.000294787 0.999997 1.35588
1.00001 0.000569205 -0.00116874 -0.0101014 -0.000569109 1 -0.000318784 -0.00202952 0.00116916 0.000320102 1 1.30506
0.999991 0.00108911 -0.00246873 -0.0187765 -0.00109005 0.999998 -0.00016997 -0.00558555 0.00246797 0.000172078 0.999996 1.35878
1 0.000474804 -0.00089178 -0.00589197 -0.000475099 1 -0.000780392 -0.00775541 0.000892035 0.000781442 1 1.34213
0.999995 -3.05311e-05 -0.000380803 0.00202653 2.9879e-05 1 -0.000990822 -0.0133998 0.000380084 0.000990224 1 1.29458
0.999979 -0.00690521 -0.00196737 -0.0036828 0.00690566 0.999976 3.13873e-05 -0.0355706 0.00196777 -4.43452e-05 0.999998 1.36261
0.999969 -0.00724263 3.42445e-05 0.00771184 0.00724206 0.999971 0.00245157 -0.016367 -5.26704e-05 -0.00245195 0.999998 1.33666
0.999998 -0.00340291 -0.00146013 0.00370141 0.00340417 0.999994 0.000697341 -0.00436815 0.00145842 -0.000701714 0.999999 1.3904
0.999991 -0.0029959 -0.00102457 -0.00168956 0.00299409 0.999994 -0.00138765 -0.021914 0.00102803 0.00138392 1 1.3376
1 0.00199295 0.00125255 -0.000407535 -0.00199014 0.999997 -0.00199402 -0.0174124 -0.00125581 0.00199215 0.999997 1.34409
0.999995 0.000963636 -0.000582228 -0.0136362 -0.000964891 0.999998 -0.00150232 -0.00273813 0.000580162 0.00150212 1 1.35538
1 7.39437e-05 0.00156917 -0.00716226 -7.41981e-05 1 0.000414045 -0.0154775 -0.00156854 -0.00041341 0.999998 1.34571
0.999992 -0.00226029 -0.00036542 0.00517994 0.00225999 0.999996 0.000222368 -0.0140671 0.000364367 -0.000223971 1 1.33368
0.999991 -0.00548944 0.000653626 0.00822922 0.00548825 0.999984 0.0023512 -0.0160938 -0.000665908 -0.00234679 0.999997 1.35122
0.999985 -0.00412661 0.00106336 0.00102875 0.00412471 0.999989 0.00146945 -0.0190346 -0.00107006 -0.00146588 0.999998 1.32664
1 -0.000696172 -0.000630542 -0.000459967 0.000696229 1 -0.000635166 -0.00119911 0.000631801 0.000635536 1 1.34748
0.999991 0.00127532 0.00299661 -0.00426227 -0.00127456 0.999999 -0.000400031 -0.00853681 -0.00299786 0.000395449 0.999996 1.32655
0.999997 0.0037371 -1.87972e-05 -0.0124664 -0.00373674 0.999993 0.000562628 -0.0184814 2.16583e-05 -0.000561885 1 1.35482
0.999995 0.00180011 0.00121411 -0.0124985 -0.0017994 0.999998 -0.00091217 -0.0283585 -0.00121658 0.000909343 0.999999 1.31072
1 0.00190394 -0.000832956 -0.0120647 -0.0019036 0.999998 4.37733e-05 -0.0190225 0.000833731 -4.16654e-05 0.999999 1.3618
0.999997 0.000244384 0.000699135 -0.0104182 -0.000244837 1 0.000172326 -0.0176994 -0.000699785 -0.000173143 1 1.35799
1 0.000418616 0.000269454 -0.0104875 -0.000418202 1 -0.000498037 -0.0228446 -0.000269203 0.000498596 1 1.3211
0.999995 0.00133916 -0.00148977 -0.0112649 -0.00134153 0.999998 -0.00134144 -0.0154121 0.00148755 0.00134271 0.999998 1.37716
1 0.00215952 0.000463239 -0.0156832 -0.00215827 0.999996 -0.00187006 -0.0232433 -0.000466885 0.00186977 0.999999 1.32713
0.999995 0.00206412 -0.00068878 -0.0228885 -0.00206474 0.999997 -0.000477558 -0.0213393 0.000687246 0.000478238 1 1.38883
0.999996 0.00370808 0.00029237 -0.0153757 -0.00370826 0.999993 0.00121254 -0.00671219 -0.000287292 -0.00121287 0.999999 1.36794
0.99999 0.00350683 0.00114109 -0.00749004 -0.00350939 0.999991 0.00200518 -0.00928674 -0.00113467 -0.00201 0.999998 1.35788
1 -0.00201255 -0.000802321 -0.0090663 0.00201408 0.999997 0.00141888 -0.0186682 0.00080007 -0.00141959 0.999998 1.38116
0.99999 -0.00369102 4.95741e-06 0.00259664 0.00369057 0.999993 0.00144445 -0.0148123 -1.08544e-05 -0.00144541 1 1.37015
0.999999 0.0011373 -0.00294299 0.00544392 -0.00114015 0.999998 -0.0010896 0.00112107 0.00294233 0.00109393 0.999995 1.38322
0.999997 -0.000588329 4.772e-05 -0.0122687 0.000588137 0.99999 -0.00472515 -0.0109008 -4.53042e-05 0.00472422 0.99999 1.36392
0.999996 0.00192768 -0.00321521 -0.00167647 -0.00193321 0.999996 -0.00175763 -0.0111342 0.00321226 0.00176482 0.999993 1.39069
0.999996 -0.00162949 -0.000368725 -0.00917257 0.00162827 0.999994 -0.00317838 -0.0314958 0.00037339 0.00317671 0.999995 1.38628
0.999995 0.00377632 -0.000123952 -0.00568054 -0.00377611 0.999992 0.0013883 -0.016184 0.00012975 -0.00138688 0.999999 1.35452
0.999994 0.00242723 -0.000979702 -0.00714919 -0.00242462 0.999994 0.00259397 -0.00707974 0.000985499 -0.00259259 0.999996 1.40089
1 0.0015769 0.00133272 -0.0149562 -0.00157997 0.999996 0.00217459 -0.00138167 -0.00132887 -0.00217575 0.999998 1.3813
0.999996 0.00178478 3.99993e-06 -0.0057387 -0.00178446 0.999997 0.000970919 -0.00570688 -2.74576e-06 -0.000971817 0.999999 1.43149
1 3.47316e-06 0.000303044 -0.00288219 -3.8935e-06 1 0.000419847 -0.00557601 -0.000302496 -0.000419017 1 1.40191
0.99999 -0.00388352 0.00060864 -0.00626536 0.00388322 0.999992 0.000991082 -0.023728 -0.000613071 -0.000989561 0.999999 1.3691
0.999995 -0.00387271 0.000347328 0.00419164 0.00387217 0.999992 0.000584638 -0.0232415 -0.000349054 -0.00058245 1 1.43167
0.999991 -0.00377379 0.000920303 -0.00239819 0.00377289 0.999992 0.0012992 -0.0172987 -0.000925626 -0.00129649 0.999998 1.38564
0.999992 -0.00434784 -0.000362868 -0.00155198 0.00434823 0.999989 0.00183573 -0.0203566 0.000355327 -0.00183656 0.999999 1.43205
0.999994 -0.00277932 0.00102409 -0.000933248 0.00277859 0.999996 0.000961593 -0.0242988 -0.00102716 -0.000959528 0.999999 1.3845
0.999998 0.00233539 -0.00110272 -0.00805761 -0.00233949 0.999993 -0.00347316 -0.0130399 0.00109512 0.00347646 0.999995 1.42972
0.999971 0.00746559 0.000596706 -0.0163934 -0.00746173 0.999955 -0.0057244 -0.0105229 -0.000639866 0.00571895 0.999982 1.41986
0.999947 0.0101196 0.00282548 -0.0217345 -0.0101201 0.999949 4.97005e-05 -0.00940997 -0.00282433 -7.75376e-05 0.999998 1.39913
0.999996 0.0018091 -0.00117474 -0.0294133 -0.00180458 0.999992 0.00351732 -0.0419469 0.00118052 -0.00351589 0.999991 1.45515
1 0.000907101 0.00171816 -0.0128944 -0.000911408 0.999997 0.00227673 -0.0233184 -0.00171551 -0.00227756 0.999999 1.41573
0.999997 -0.000893957 -0.00193419 -0.00305378 0.000898179 0.999998 0.00192665 -0.00972263 0.00193183 -0.00192917 0.999993 1.44934
1 -2.84643e-05 -0.00127148 -0.0040925 2.71646e-05 1 -0.000584713 -0.00358151 0.00127209 0.000585472 1 1.4396
0.999994 -0.00363226 0.000116594 0.00418915 0.00363274 0.999994 0.000590131 -0.0286042 -0.000119279 -0.000590564 0.999997 1.40915
0.999996 0.0027082 -0.00126276 -0.00726624 -0.00270812 0.999996 0.000556435 0.0142458 0.00126493 -0.000552151 1 1.47177
1 0.000938254 -0.000448938 -0.0122826 -0.000937438 1 0.000448039 -0.00836491 0.000448691 -0.000448543 0.999997 1.40795
0.999992 0.00392356 -0.000533043 -0.00871199 -0.00392379 0.999992 0.000742983 -0.000160822 0.000536583 -0.000739951 1 1.49219
0.999999 -0.00132169 0.000184681 -0.00474135 0.00132263 0.999999 -0.000244759 -0.0147627 -0.000185061 0.00024412 0.999997 1.46583
0.999999 0.000519882 0.00129209 -0.00724335 -0.000523676 0.999997 0.00221813 -0.000556828 -0.00129025 -0.00221788 1 1.44019
0.999998 0.000757722 -0.00158406 -0.0119068 -0.000757293 1 -0.000348249 -0.0128601 0.00158311 0.000348511 0.999995 1.49326
0.999999 0.00107632 0.00153958 -0.00351327 -0.00107574 0.999999 -0.000877261 -0.012259 -0.00153988 0.000876486 1 1.44315
0.999994 0.00221989 -0.00282724 -0.0167085 -0.00221982 0.999999 -0.000204791 -0.0118021 0.00282603 0.000210237 0.999993 1.48445
1 0.00121162 0.000855316 -0.00789728 -0.00121178 0.999998 -0.000602933 -0.010599 -0.000855281 0.000602778 1 1.45521
0.999996 0.00175874 -0.00211219 -0.0104613 -0.00175829 1 -6.002e-05 -0.0175783 0.00211133 6.28918e-05 0.999995 1.48471
1 0.00106148 -0.000361231 -0.00864696 -0.00106205 0.999997 6.52452e-05 -0.0177422 0.000362083 -6.39146e-05 1 1.48438
0.999999 0.00105831 0.000694721 -0.0130956 -0.00105754 1 -0.000250846 -0.0128501 -0.000695753 0.000249172 0.999997 1.47687
1 -0.000631971 -0.000426225 -0.00132695 0.000631325 0.999997 -0.000359082 -0.012504 0.000427223 0.000359787 1 1.49045
0.999999 -0.00017687 3.5693e-05 -0.0119715 0.000177402 1 7.94573e-05 -0.0115111 -3.65154e-05 -8.04311e-05 0.999997 1.45844
1 0.000599931 -0.000424932 0.00200841 -0.000600531 0.999998 -0.000279811 -0.00385461 0.000425563 0.000281009 1 1.49812
0.999999 0.000181352 0.000125155 -0.0123319 -0.000180792 1 0.000239636 -0.0128313 -0.000125803 -0.000240742 0.999997 1.49416
1 0.000278827 0.00163721 -0.0162865 -0.000278473 0.999998 -0.000614856 -0.00119588 -0.00163665 0.000615381 1 1.49692
0.999999 0.000366962 -0.0012037 -0.00214697 -0.00036661 1 -0.000370642 -0.0105466 0.0012028 0.000369997 0.999996 1.50106
1 0.00013986 0.00061111 -0.0132833 -0.000140377 0.999999 -0.000457209 -0.013177 -0.000610417 0.000458152 1 1.49257
0.999998 -2.88317e-06 -0.00148394 -0.00393299 3.48085e-06 1 -0.000153893 -0.00855719 0.00148321 0.000152984 0.999996 1.50422
1 -0.000901425 0.000830381 -0.0115412 0.000900102 0.999999 0.000502308 -0.0153253 -0.000830116 -0.000500621 1 1.5043
0.999996 -0.000291166 0.0022224 -0.0071783 0.000292075 1 -1.29954e-05 -0.0171376 -0.00222313 1.26774e-05 0.999994 1.50603
1 0.000127893 -0.000646458 -0.00320715 -0.000129246 1 -0.000693097 -0.01356 0.00064706 0.000694124 1 1.5215
0.999998 0.000129933 0.00173789 -0.0131615 -0.00012761 1 -0.000838213 -0.00949363 -0.00173868 0.000837003 0.999996 1.51086
1 0.000519912 -0.00057933 -0.00666219 -0.000520793 1 -2.4931e-05 -0.0116492 0.00057995 2.61572e-05 1 1.5135
0.999999 -7.36844e-05 0.00031454 -0.00552914 7.43604e-05 1 0.000257701 -0.0130202 -0.000315201 -0.000258607 0.999997 1.52687
1 -8.66259e-05 0.00113172 -0.0103638 8.53587e-05 1 0.00049732 -0.0164585 -0.00113119 -0.000496299 1 1.51228
0.999997 0.00011504 -0.00145053 -0.00121211 -0.000115279 1 -0.00064493 -0.00831456 0.00144987 0.000644115 0.999996 1.53241
1 -0.000888407 0.00148113 -0.0162565 0.000885363 0.999999 0.00159725 -0.0171651 -0.00148194 -0.0015951 1 1.5143
0.999997 -0.000216046 -0.00128061 0.000820803 0.000217096 0.999999 0.000278265 -0.0104181 0.00127976 -0.000279501 0.999996 1.53635
1 -0.000142105 0.00166487 -0.0135575 0.000141297 1 7.42209e-05 -0.00512306 -0.00166415 -7.29895e-05 1 1.51619
0.999997 -0.000164033 -0.00184502 -0.00526615 0.000164264 0.999999 -0.000196094 -0.0148703 0.00184428 0.000194747 0.999995 1.54824
1 -0.000398031 0.000181986 -0.00337604 0.000397294 1 0.000234911 -0.00443744 -0.000181404 -0.000233921 1 1.52856
0.999998 0.000137361 0.00135833 -0.00331935 -0.000136186 0.999999 -0.000274427 -0.00730401 -0.00135912 0.000273357 0.999996 1.52057
0.999999 0.000952355 -0.00218401 0.00304327 -0.000954604 1 -0.000680946 -0.00851121 0.00218415 0.000683892 1 1.5239
0.999997 0.000945765 0.000804884 -0.0038079 -0.000944938 0.999999 -5.13959e-05 -0.0162734 -0.000805685 4.97965e-05 0.999996 1.52361
1 0.000390455 -0.000626625 0.00913416 -0.000390993 1 0.000429741 -0.0118344 0.000627524 -0.000428661 1 1.53358
0.999998 2.94001e-05 0.000285255 0.000617829 -2.85549e-05 1 -0.000121423 -0.00284143 -0.000285953 0.000120562 0.999996 1.54133
1 2.02819e-05 0.00133663 -0.0128512 -2.04345e-05 1 -0.000539485 -0.0109647 -0.00133597 0.000540249 1 1.53779
0.999997 0.000186789 -0.00055873 0.00128455 -0.000186139 1 -0.00052721 -0.0102526 0.000557952 0.00052654 0.999996 1.52069
0.999999 0.00103595 0.00229412 -0.0129536 -0.00103677 0.999999 -6.74229e-05 -0.010222 -0.00229352 6.57896e-05 1 1.53709
0.999996 0.00190586 -0.000433065 -0.00267381 -0.00190483 0.999998 -4.48775e-05 -0.0215387 0.000432355 4.49711e-05 0.999996 1.53973
1 0.000882156 0.00101953 -0.00784502 -0.000882816 1 -0.000442918 -0.0140758 -0.00101931 0.000442767 1 1.53665
0.999992 0.00103695 0.00331985 -0.0129276 -0.00103613 0.999999 7.46939e-05 -0.0172944 -0.00332038 -7.89116e-05 0.99999 1.52925
1 0.000148688 -0.000655029 -0.00226208 -0.000149947 1 -0.000264995 -0.0109281 0.0006555 0.000265821 1 1.53889
0.999993 0.00053736 0.00335741 -0.0130129 -0.000535453 1 -0.000265745 -0.0140959 -0.00335805 0.000263257 0.999991 1.52512
1 -5.42341e-05 -0.000736018 -0.00449128 5.33284e-05 1 0.000158638 -0.0131898 0.000736453 -0.000158099 1 1.54141
0.999999 0.000207594 0.000833458 -0.00297878 -0.000206899 1 0.00037091 -0.0126879 -0.000833802 -0.000371715 0.999996 1.53932
0.999995 -0.000326726 0.00359756 -0.00205844 0.000323176 1 0.00070434 -0.00892817 -0.00359738 -0.000702603 0.999997 1.5265
0.999997 0.000222989 -0.00209449 -0.00848102 -0.000222428 1 -0.000212736 -0.0109347 0.00209412 0.000212391 0.999994 1.54727
0.999996 2.34055e-05 0.00335541 0.00408139 -2.18985e-05 1 -0.000764308 -0.0103623 -0.00335507 0.000765062 0.999998 1.52397
0.999995 -1.38221e-05 -0.0030463 -0.0170413 1.33862e-05 1 -0.000504445 -0.00626761 0.00304618 0.000503602 0.999991 1.55046
1 -0.000155724 -0.000728432 -0.00527803 0.000155091 1 0.000644025 -0.0062511 0.000728599 -0.000643285 1 1.546
0.999998 -0.000878043 0.0019523 0.000656657 0.000878486 1 0.000322756 -0.014176 -0.00195287 -0.000321887 0.999994 1.53202
0.999995 0.000599638 -0.00316005 -0.00592289 -0.000600388 1 5.81906e-05 -0.011978 0.00316039 -5.545e-05 1 1.56204
0.999996 -3.2074e-06 0.00274106 -0.000573672 5.38041e-06 1 -0.00045977 -0.0123605 -0.00274131 0.000458891 0.999992 1.53703
0.999996 0.000546617 -0.00294194 -0.0101543 -0.000543719 0.999999 0.00131279 -0.00748758 0.00294291 -0.0013104 1 1.56886
1 -0.000222242 -0.000744314 -0.00876044 0.000223169 1 7.49296e-05 -0.0173969 0.000744035 -7.5792e-05 0.999995 1.56263
0.999998 0.000323069 0.00213555 0.00315427 -0.000326423 1 0.0011864 -0.0107416 -0.0021349 -0.00118641 1 1.55308
0.999998 0.00125394 -0.00184058 -0.00478766 -0.00125082 0.999998 0.00126836 -0.0142689 0.00184186 -0.00126679 0.999994 1.57863
0.999995 0.000368048 0.00295356 -0.00640883 -0.000368869 1 8.45047e-06 -0.0107816 -0.00295326 -8.761e-06 1 1.57124
1 0.000716439 -0.000544093 -0.00361146 -0.000715766 0.999999 -0.000106361 -0.0167034 0.000543714 0.000106017 0.999996 1.58792
1 -0.000271225 0.000388424 -0.00379661 0.000270408 1 0.000118288 -0.0131805 -0.00038814 -0.000117482 1 1.58629
1 -0.000621898 0.00119107 -0.0131306 0.000623643 0.999999 -0.00079788 -0.0103548 -0.00119093 0.000798004 0.999996 1.58082
0.999999 0.000440903 -0.000463519 0.00354048 -0.00044205 1 -0.000599122 -0.0115783 0.000463644 0.000599953 1 1.60474
1 -0.000233967 0.00101622 -0.0040503 0.000235311 0.999999 -0.000497857 -0.0139609 -0.00101646 0.000497438 0.999996 1.60202
0.999994 0.000764377 -0.00313307 0.00612598 -0.000764051 1 0.000358473 -0.0201382 0.00313375 -0.000355474 0.999998 1.6021
0.999999 0.000583419 -0.00208056 -0.00782517 -0.000581926 0.999999 0.000335794 -0.00746103 0.00208031 -0.000335179 0.999995 1.60616
0.999998 0.000365446 0.00146368 -0.0123143 -0.000370486 0.999996 0.00286175 0.000611114 -0.00146212 -0.00286163 0.999998 1.61897
1 -0.00100201 -0.00127891 0.00459103 0.00100807 0.999991 0.0041359 -0.0123608 0.00127425 -0.00413782 0.999989 1.6301
0.999998 -0.000315454 0.00180995 -0.0153389 0.000314794 1 -8.11505e-05 0.00052564 -0.00180941 8.23326e-05 1 1.61021
1 -0.000422655 -0.000511233 1.96216e-05 0.000423893 1 0.000803136 -0.0172989 0.000510429 -0.000804057 0.999998 1.63754
0.999999 -0.000284243 0.00177539 -0.0104851 0.000283786 1 -0.000214762 -0.00491698 -0.00177488 0.000215974 1 1.61156
0.999999 -0.00012122 -0.0011886 0.0023591 0.000122622 1 0.000435777 -0.00765494 0.00118812 -0.000436672 0.999996 1.62838
1 -0.000119828 0.000689655 -0.000592617 0.000118713 1 0.000349486 -0.0101355 -0.000689253 -0.000348645 1 1.62487
0.999997 0.000400374 0.00243919 -0.0129706 -0.000399972 1 0.000179029 -0.00174271 -0.00243956 -0.000180797 0.999995 1.61094
1 0.00044555 -0.000841995 -0.000430378 -0.000446114 1 0.000258764 -0.0101894 0.000842571 -0.000257564 1 1.62266
0.999996 0.000185794 0.0026791 -0.0075411 -0.000190385 0.999998 0.00199319 -0.0113974 -0.00267918 -0.00199446 0.999992 1.61025
1 -5.99076e-05 -0.00131592 0.00576204 6.00675e-05 1 0.000697394 -0.00226659 0.00131638 -0.000696675 1 1.62188
1 0.00017442 -0.000218953 -0.00242405 -0.000173583 1 0.000382559 -0.00595803 0.000218473 -0.000383334 0.999997 1.61073
0.999999 -0.000798663 0.00190386 -0.0101037 0.000792727 0.999995 0.00273883 0.0113053 -0.00190543 -0.00273651 0.999997 1.61138
0.999997 0.000699967 -0.00191944 -0.00284469 -0.000699678 1 -0.000222974 0.00596727 0.00191864 0.000223544 0.999996 1.61474
1 0.000939994 0.00160559 -0.0118389 -0.000943884 0.999997 0.00201747 -0.01351 -0.0016029 -0.00201819 1 1.59877
0.999996 0.000801166 -0.00218473 -0.000905771 -0.000799585 1 0.00043715 -0.00724478 0.0021842 -0.000436158 0.999995 1.61443
1 0.000205752 -0.000950764 -0.00671115 -0.000204316 0.999997 0.00216332 -0.0161178 0.000952147 -0.00216234 1 1.61391
0.999999 0.000292071 0.000580584 -0.0134092 -0.000292572 0.999999 0.00194736 -0.00350683 -0.000580973 -0.00194838 0.999995 1.59492
0.999999 0.000113268 -0.00238442 -0.00265763 -0.000112316 0.999999 0.000667824 -0.00923286 0.00238544 -0.000666696 1 1.61021
0.999998 0.000182636 -0.000242135 -0.0105915 -0.000181811 1 0.000531605 -0.00815545 0.000241353 -0.000532512 0.999996 1.58664
0.999999 -0.000334836 -0.00240612 -0.00117474 0.000334495 1 0.000154327 -0.00512638 0.00240696 -0.000154144 1 1.61321
0.999998 -0.000632145 -0.000984306 -0.00302543 0.0006333 1 0.000481806 -0.011671 0.000983119 -0.000483438 0.999996 1.59577
1 -0.000194441 0.00067706 -0.00814165 0.000193171 0.999999 0.000756742 -0.00414989 -0.000676216 -0.0007556 1 1.56898
1 -6.85323e-05 -0.000960617 0.00112372 6.97187e-05 1 0.000490474 -0.00740906 0.000959598 -0.000491572 0.999997 1.60562
0.999999 -1.01386e-07 0.00143111 -0.00904061 -6.99126e-07 1 3.93298e-05 0.00138133 -0.00143014 -3.83692e-05 1 1.57675
1 -5.92823e-05 -0.000503095 -0.00298343 6.01555e-05 1 0.000326133 -0.00788349 0.000502143 -0.00032716 0.999997 1.60973
1 3.40215e-05 0.000117686 -0.00527378 -3.47963e-05 1 -5.49902e-05 -0.0050781 -0.00011675 5.59984e-05 1 1.58811
1 0.000153888 0.00110535 -0.0124868 -0.000153383 1 0.000169752 0.00287573 -0.00110622 -0.000170956 0.999997 1.56962
0.999999 0.000118386 -0.000602486 -0.0036549 -0.000118793 1 0.000476974 -0.00534482 0.000603414 -0.000475895 1 1.60297
1 2.18359e-05 0.00121384 -0.00434612 -2.15468e-05 1 0.000364343 0.00426581 -0.00121477 -0.000365417 0.999998 1.56891
0.999999 -0.000103339 -0.0013731 -0.00374469 0.000104112 1 0.00112286 -0.00835027 0.00137387 -0.001122 1 1.59544
1 -0.000434968 0.000124257 -0.000233785 0.00043561 1 0.00111974 0.0026071 -0.000125577 -0.00112071 0.999998 1.58756
0.999999 -0.00014987 0.00161552 -0.00301784 0.000147083 0.999999 0.00126912 -0.00369047 -0.00161497 -0.00126784 1 1.5778
0.999999 0.000159883 -0.000857329 -0.00331284 -0.000158934 1 0.000260153 -0.00822622 0.000856592 -0.000260975 0.999998 1.60289
0.999999 -1.05782e-05 0.00190855 -0.00546077 9.05857e-06 1 0.000398122 0.00917393 -0.00190773 -0.000397294 1 1.58678
0.999999 0.000351824 -0.000927465 -0.00209736 -0.000350763 0.999999 0.000362657 0.0015686 0.000926747 -0.000363163 0.999998 1.59469
0.999999 -7.1017e-06 0.00230231 -0.00854093 2.42479e-06 0.999999 0.00170354 -0.00464271 -0.00230142 -0.00170273 0.999998 1.58516
0.999999 0.000188456 -0.000951636 0.00254278 -0.000187681 0.999999 -6.76282e-06 -0.00946635 0.000950772 6.14294e-06 0.999997 1.59897
1 -0.000116019 0.000494877 -0.00356905 0.000115075 1 0.000338966 -0.0114746 -0.000494037 -0.000338065 1 1.59576
0.999997 0.000141941 0.00204534 -0.00674931 -0.000142346 0.999999 0.000574132 -0.00508843 -0.00204612 -0.000575314 0.999995 1.58962
1 4.36377e-05 -0.00128695 -0.00493311 -4.25389e-05 1 0.00147378 -0.00487406 0.00128792 -0.0014729 1 1.61078
0.999997 0.000259906 0.00214932 -0.00750173 -0.000260064 0.999999 0.000445014 -0.0115403 -0.00215018 -0.000446393 0.999994 1.58903
1 0.00101933 -0.000699349 -0.00518673 -0.00101941 1 0.000995883 -0.00616359 0.000701335 -0.000994302 1 1.62511
0.999998 0.00106222 0.000456886 -0.00597919 -0.00106151 0.999998 0.00010933 -0.0130414 -0.000457822 -0.000110702 0.999996 1.60568
0.999998 0.000532652 0.00248064 -0.00578423 -0.000532904 1 -0.000206524 -0.0162862 -0.00247973 0.000205993 1 1.59895
0.999998 0.000303477 -0.00128734 -0.00858524 -0.000302047 0.999998 0.000509045 -0.0162796 0.00128648 -0.000509434 0.999995 1.62217
0.999999 0.000518098 0.00234033 -0.00812116 -0.000521684 1 0.00123172 -0.0186768 -0.00233859 -0.00123219 1 1.59898
0.999998 0.00055825 -0.00118354 -0.0115433 -0.000556534 0.999999 0.000843905 -0.0269793 0.00118291 -0.000844104 0.999994 1.62542
1 0.000858555 0.000397643 -0.00617151 -0.000859404 1 0.000269076 -0.0244884 -0.000396256 -0.000268579 1 1.61895
0.999998 -0.000118495 0.0015755 -0.0110429 0.000118051 0.999999 0.000699617 -0.0174072 -0.00157676 -0.000700278 0.999994 1.59818
