0.999904 -0.00873652 -0.0109079 -0.0506453 0.00873593 0.999965 -5.96357e-05 0.0719047 0.0109076 -3.58217e-05 0.999938 0.696802
0.999896 -0.000978537 -0.0143855 -0.109054 0.000913882 0.99999 -0.00450627 0.137761 0.0143896 0.00449256 0.999887 1.31158
0.999755 -0.000870437 -0.0222044 -0.180804 0.000699789 0.999973 -0.00767299 0.201052 0.0222101 0.00765532 0.999721 1.83461
0.999504 0.00010283 -0.0315265 -0.193466 -0.000399773 0.999962 -0.00944186 0.207635 0.0315268 0.00944879 0.999464 1.94754
0.999065 0.000769669 -0.0432676 -0.206842 -0.00125682 0.999939 -0.0112233 0.210045 0.0432559 0.0112669 0.998998 2.06284
0.998359 0.000603345 -0.0572846 -0.220234 -0.00129638 0.999932 -0.0120777 0.210173 0.0572756 0.0121312 0.998291 2.18113
0.997311 0.000283503 -0.0733196 -0.249203 -0.0011773 0.999929 -0.0121416 0.209258 0.0733107 0.0121949 0.997232 2.30952
0.995814 -0.000941859 -0.0914261 -0.286641 -0.00016811 0.999932 -0.0121418 0.20608 0.0914331 0.0121053 0.995745 2.4414
0.993799 -0.00161064 -0.111203 -0.324177 0.000238286 0.999927 -0.0123495 0.203567 0.111214 0.012246 0.993718 2.59741
0.991058 -0.00164853 -0.133438 -0.370172 -2.07651e-05 0.999927 -0.0125138 0.199131 0.13345 0.0124036 0.990985 2.76379
0.987505 0.00214262 -0.157586 -0.42682 -0.00435909 0.999899 -0.013718 0.191108 0.157541 0.0142331 0.987407 2.93362
0.983133 0.00610422 -0.182805 -0.497254 -0.00900213 0.999851 -0.0150316 0.185066 0.182687 0.0164227 0.983042 3.10011
0.977838 0.00912127 -0.209176 -0.576093 -0.0126843 0.999799 -0.0156959 0.177676 0.20899 0.0180008 0.97775 3.2686
0.971402 0.010286 -0.237228 -0.671801 -0.014389 0.99978 -0.0155743 0.17257 0.237016 0.0185414 0.971337 3.44251
0.963691 0.0120978 -0.266757 -0.77852 -0.0167706 0.999746 -0.0152436 0.171235 0.266505 0.0191634 0.963641 3.61947
0.954652 0.0138629 -0.29741 -0.890446 -0.0189452 0.999724 -0.014216 0.168453 0.297131 0.0192048 0.954652 3.7895
0.94397 0.0160698 -0.329648 -1.01658 -0.0217694 0.999673 -0.0136038 0.170225 0.329323 0.0200173 0.944004 3.96705
0.931906 0.0187064 -0.362225 -1.13544 -0.0253154 0.999593 -0.0135104 0.172601 0.361824 0.0217594 0.932001 4.14172
0.918272 0.0215111 -0.395372 -1.25621 -0.0289947 0.999498 -0.0129601 0.174246 0.394896 0.023364 0.918427 4.32049
0.90206 0.0218592 -0.431062 -1.37936 -0.0300264 0.99948 -0.0121535 0.174342 0.43057 0.0239055 0.902249 4.5162
0.883629 0.0174123 -0.46787 -1.51024 -0.0264182 0.999573 -0.0126923 0.173029 0.46745 0.023575 0.883704 4.70887
0.862644 0.0120492 -0.505673 -1.64722 -0.0216444 0.999685 -0.0131055 0.170291 0.505353 0.0222494 0.862634 4.88633
0.837943 0.0130349 -0.545606 -1.81357 -0.0221262 0.999708 -0.0100964 0.167249 0.545316 0.0205316 0.837979 5.07493
0.808786 0.0189645 -0.587804 -1.9982 -0.0277742 0.999601 -0.00596722 0.160191 0.587453 0.0211512 0.808991 5.2542
0.775903 0.0216929 -0.630483 -2.19223 -0.0311138 0.999511 -0.00389904 0.154295 0.630092 0.022641 0.776191 5.43283
0.739906 0.0215195 -0.672373 -2.39995 -0.0313823 0.999509 -0.00254635 0.150402 0.671984 0.022984 0.740218 5.60364
0.700336 0.0174212 -0.713603 -2.61899 -0.0260633 0.999663 -0.00117312 0.148582 0.713343 0.0194195 0.700547 5.76616
0.65792 0.013917 -0.752966 -2.86064 -0.0214714 0.999774 -0.000283768 0.150558 0.752786 0.0163534 0.658072 5.92366
0.613115 0.0134621 -0.78988 -3.12709 -0.0196238 0.999809 0.00180828 0.150688 0.789756 0.0143907 0.613255 6.07956
0.56507 0.0135614 -0.824939 -3.40583 -0.0165935 0.999854 0.00506951 0.152285 0.824881 0.0108235 0.565213 6.21669
0.514103 0.0143037 -0.85761 -3.69832 -0.0157754 0.999853 0.00721987 0.15564 0.857589 0.00981622 0.514248 6.337
0.461704 0.0148739 -0.886917 -4.01845 -0.0158853 0.999842 0.00849727 0.171996 0.886897 0.0101653 0.461868 6.44371
0.407723 0.0155165 -0.912974 -4.35255 -0.0159828 0.999828 0.00985524 0.194238 0.912971 0.0105724 0.407896 6.53632
0.352045 0.0170151 -0.935838 -4.70552 -0.0151758 0.999811 0.0124687 0.197798 0.935865 0.0098122 0.352238 6.62319
0.297463 0.0197285 -0.954529 -5.06386 -0.0135217 0.999777 0.01645 0.200901 0.954642 0.00801225 0.297659 6.68502
0.245378 0.0214773 -0.969199 -5.45185 -0.0107594 0.999758 0.0194299 0.205764 0.969373 0.00566019 0.245551 6.7182
0.195131 0.0212734 -0.980546 -5.84943 -0.0101346 0.999759 0.0196735 0.212685 0.980729 0.00609709 0.195296 6.74767
0.147415 0.0219463 -0.988841 -6.26775 -0.0131518 0.999713 0.0202266 0.218916 0.988992 0.0100233 0.147662 6.76956
0.104859 0.022132 -0.99424 -6.69575 -0.0155284 0.999671 0.0206151 0.22627 0.994371 0.0132758 0.105165 6.77839
0.0666986 0.0206439 -0.997569 -7.13788 -0.018204 0.999649 0.0194694 0.234752 0.997612 0.0168611 0.0670518 6.77521
0.0315526 0.0176463 -0.999346 -7.61203 -0.0168059 0.999717 0.0171222 0.244282 0.999366 0.0162531 0.031838 6.76923
-5.62234e-05 0.0144654 -0.999906 -8.09934 -0.0161613 0.999769 0.014464 0.255703 0.999875 0.0161605 0.000178367 6.74844
-0.0273903 0.012187 -0.999551 -8.59805 -0.016168 0.999795 0.0126329 0.263885 0.9995 0.0165051 -0.0271893 6.72467
-0.0484664 0.00989571 -0.998787 -9.10925 -0.0168199 0.999806 0.0107217 0.268475 0.998689 0.0173191 -0.0482897 6.68094
-0.0656405 0.00874364 -0.997806 -9.64423 -0.0170562 0.999811 0.0098832 0.280277 0.997704 0.0176657 -0.0654803 6.64018
-0.078297 0.0090769 -0.9969 -10.1811 -0.016395 0.999816 0.0103909 0.286096 0.996801 0.0171578 -0.078133 6.58129
-0.0872923 0.00977635 -0.996136 -10.7421 -0.0176992 0.999784 0.011363 0.29168 0.996032 0.0186208 -0.0871016 6.51339
-0.0941381 0.0110588 -0.995509 -11.3217 -0.0196023 0.999728 0.0129591 0.29104 0.995371 0.0207342 -0.0938949 6.44814
-0.0989631 0.0120112 -0.995021 -11.9197 -0.0197826 0.999712 0.0140352 0.296017 0.994902 0.0210711 -0.098698 6.38302
-0.100465 0.0128512 -0.994869 -12.5205 -0.0175117 0.999743 0.0146824 0.298633 0.994792 0.018897 -0.100213 6.32229
-0.0993466 0.0144316 -0.99495 -13.1584 -0.015848 0.999751 0.0160835 0.310505 0.994934 0.017364 -0.0990942 6.25648
-0.0981192 0.0162269 -0.995054 -13.8078 -0.0166954 0.999704 0.0179489 0.318994 0.99504 0.018374 -0.0978184 6.19032
-0.096413 0.0157921 -0.995219 -14.4721 -0.0194329 0.99966 0.017745 0.323835 0.995159 0.0210491 -0.0960744 6.1193
-0.0948308 0.0132434 -0.995417 -15.1533 -0.0209881 0.999667 0.0152992 0.329229 0.995278 0.0223427 -0.0945205 6.04582
-0.0932485 0.0131518 -0.995559 -15.8295 -0.021017 0.999669 0.0151744 0.335686 0.995428 0.0223368 -0.0929426 5.97802
-0.0918528 0.0153015 -0.995667 -16.5366 -0.0204806 0.999646 0.0172519 0.347457 0.995568 0.0219765 -0.091506 5.9146
-0.0898167 0.0179367 -0.9958 -17.2545 -0.0217051 0.999571 0.019962 0.360347 0.995729 0.0234051 -0.0893902 5.8438
-0.0880976 0.0193177 -0.995937 -17.9873 -0.0224008 0.999526 0.0213687 0.369295 0.995866 0.0241922 -0.0876223 5.77655
-0.0864896 0.0184823 -0.996085 -18.7506 -0.0236463 0.999514 0.0205989 0.380356 0.99598 0.0253335 -0.0860121 5.70378
-0.0852725 0.0155101 -0.996249 -19.5146 -0.0257536 0.999516 0.0177651 0.388247 0.996031 0.0271717 -0.0848309 5.63749
-0.0842499 0.0144496 -0.996345 -20.2955 -0.0264471 0.999516 0.0167317 0.401615 0.996102 0.0277582 -0.0838285 5.56925
-0.0810364 0.0165176 -0.996585 -21.0777 -0.0243519 0.999538 0.0185464 0.410305 0.996421 0.0257714 -0.0805954 5.48078
-0.0805309 0.0181684 -0.996591 -21.8775 -0.0216931 0.999572 0.0199755 0.41831 0.996524 0.0232258 -0.0801037 5.42133
-0.0800929 0.0196321 -0.996605 -22.6946 -0.0200754 0.999578 0.0213038 0.427706 0.996593 0.0217133 -0.0796637 5.36272
-0.0795282 0.0145961 -0.996731 -23.4999 -0.0197964 0.999679 0.0162187 0.434576 0.996645 0.0210195 -0.0792153 5.29397
-0.0787453 0.007633 -0.996877 -24.3109 -0.0184315 0.999795 0.00911103 0.435276 0.996732 0.0190912 -0.0785873 5.22079
-0.0799696 0.0025121 -0.9968 -25.1338 -0.0155982 0.999878 0.00377119 0.442727 0.996684 0.0158479 -0.0799222 5.16897
-0.0797983 0.00277288 -0.996818 -25.9645 -0.0142015 0.999898 0.0039181 0.447573 0.996718 0.0144689 -0.0797496 5.09186
-0.0795854 0.00967636 -0.996788 -26.8038 -0.0146576 0.999841 0.0108762 0.446322 0.996729 0.0154741 -0.0794326 5.01336
-0.0807801 0.0161373 -0.996613 -27.6581 -0.0157713 0.99973 0.017466 0.452795 0.996616 0.0171287 -0.0805025 4.95213
-0.0821286 0.0214645 -0.996398 -28.4983 -0.0168389 0.999604 0.0229214 0.452013 0.996489 0.0186587 -0.0817362 4.89375
-0.082561 0.02129 -0.996369 -29.3531 -0.018718 0.999569 0.0229091 0.457542 0.996419 0.0205413 -0.0821256 4.81327
-0.08244 0.0177975 -0.996445 -30.2059 -0.019183 0.999635 0.0194414 0.458042 0.996421 0.0207154 -0.0820701 4.72884
-0.0837767 0.0152069 -0.996381 -31.0492 -0.0194013 0.999676 0.0168882 0.461457 0.996305 0.0207456 -0.0834533 4.66684
-0.0846999 0.0161698 -0.996283 -31.8953 -0.02086 0.999628 0.0179973 0.464613 0.996197 0.0223047 -0.0843327 4.60001
-0.0843607 0.0184769 -0.996277 -32.7324 -0.0221193 0.999555 0.0204104 0.461109 0.996199 0.0237584 -0.0839132 4.52304
-0.0842362 0.0169848 -0.996309 -33.578 -0.0230028 0.999564 0.018985 0.456746 0.99619 0.0245149 -0.0838105 4.44467
-0.0839605 0.0122362 -0.996407 -34.4121 -0.0241812 0.999613 0.0143129 0.450209 0.996185 0.0252956 -0.0836308 4.36988
-0.0837652 0.00809224 -0.996461 -35.2523 -0.025659 0.999626 0.0102748 0.448158 0.996164 0.0264266 -0.083528 4.29
-0.0839805 0.00844983 -0.996445 -36.0813 -0.0250317 0.999639 0.0105864 0.454692 0.996163 0.0258312 -0.0837372 4.22778
-0.0840132 0.0100855 -0.996422 -36.9185 -0.0231434 0.999668 0.0120695 0.46042 0.996205 0.0240724 -0.0837537 4.16112
-0.0832701 0.0146108 -0.996433 -37.7494 -0.0226697 0.999614 0.0165517 0.465288 0.99628 0.0239665 -0.0829053 4.08148
-0.0822875 0.0200158 -0.996415 -38.6062 -0.0213251 0.999543 0.0218394 0.472058 0.996389 0.0230436 -0.0818248 3.99647
-0.0828995 0.0235229 -0.996295 -39.4459 -0.0217947 0.999448 0.0254106 0.465799 0.99633 0.0238199 -0.0823397 3.9283
-0.0823412 0.0237202 -0.99633 -40.3009 -0.0218129 0.999443 0.0255967 0.466539 0.996374 0.0238384 -0.0817798 3.84334
-0.0840155 0.0197016 -0.996285 -41.1027 -0.022078 0.999531 0.0216273 0.461811 0.996232 0.0238124 -0.0835397 3.80892
-0.0837751 0.0153711 -0.996375 -41.9545 -0.0230618 0.999592 0.0173596 0.466062 0.996227 0.0244302 -0.0833884 3.72504
-0.0862988 0.0127141 -0.996205 -42.7628 -0.0267254 0.999538 0.0150714 0.459326 0.995923 0.027924 -0.0859177 3.69889
-0.0882723 0.0108313 -0.996047 -43.605 -0.0295027 0.999483 0.013483 0.462266 0.99567 0.0305739 -0.087909 3.63152
-0.0898683 0.00863433 -0.995933 -44.4338 -0.0271742 0.999577 0.0111177 0.459301 0.995595 0.0280622 -0.0895943 3.56965
-0.0918929 0.00484017 -0.995767 -45.2761 -0.0237486 0.999702 0.00705067 0.45693 0.995496 0.0242936 -0.0917525 3.50007
-0.093523 0.00358556 -0.995627 -46.1191 -0.0192356 0.999809 0.00540714 0.450293 0.995444 0.0196567 -0.0934348 3.4291
-0.0962935 0.00671236 -0.99534 -46.9607 -0.0184604 0.999802 0.00852813 0.448169 0.995192 0.0191932 -0.0961523 3.35265
-0.0988406 0.0118837 -0.995049 -47.7781 -0.0157367 0.999794 0.0135032 0.451288 0.994991 0.0169931 -0.0986318 3.28345
-0.101862 0.0147012 -0.9947 -48.6075 -0.0144315 0.999773 0.0162537 0.454576 0.994705 0.0160083 -0.101628 3.21076
-0.103822 0.0129025 -0.994529 -49.4293 -0.014711 0.999795 0.0145062 0.457868 0.9945 0.0161363 -0.10361 3.12651
-0.104683 0.00853133 -0.994479 -50.2294 -0.0182108 0.999788 0.0104936 0.453401 0.99435 0.0192064 -0.104507 3.02883
-0.10626 0.0050272 -0.994343 -51.0355 -0.0227215 0.999722 0.00748214 0.447477 0.994091 0.0233876 -0.106115 2.93254
-0.108795 0.00289324 -0.99407 -51.8477 -0.0268588 0.999631 0.00584881 0.444244 0.993712 0.0273335 -0.108679 2.8421
-0.110027 0.00360338 -0.993939 -52.6529 -0.0281944 0.999588 0.00674458 0.437046 0.993541 0.0287651 -0.109879 2.74435
-0.111336 0.00476645 -0.993782 -53.4487 -0.0278595 0.99959 0.00791528 0.431375 0.993403 0.0285652 -0.111159 2.65354
-0.112541 0.003944 -0.993657 -54.2422 -0.0288272 0.999567 0.00723213 0.426598 0.993242 0.0294577 -0.112378 2.55526
-0.113143 0.00325544 -0.993584 -55.0249 -0.0299058 0.99954 0.00668028 0.421657 0.99314 0.0304673 -0.112995 2.45988
-0.113363 0.00510079 -0.993558 -55.8013 -0.028727 0.999561 0.00840903 0.412396 0.993152 0.0294946 -0.113165 2.36155
-0.113527 0.0083807 -0.993511 -56.5773 -0.0280269 0.999549 0.011634 0.403127 0.993151 0.0291633 -0.113243 2.2679
-0.114583 0.0126851 -0.99335 -57.3555 -0.0272647 0.99951 0.0159085 0.395587 0.993054 0.0289057 -0.114179 2.17901
-0.115682 0.0144577 -0.993193 -58.1269 -0.0269843 0.999489 0.0176921 0.395215 0.992931 0.0288448 -0.115234 2.08748
-0.116101 0.014224 -0.993152 -58.8783 -0.0263734 0.999509 0.0173979 0.393227 0.992902 0.0282121 -0.115667 1.99314
-0.116231 0.0119842 -0.993162 -59.6274 -0.0257028 0.999566 0.0150693 0.392949 0.992901 0.027276 -0.115874 1.89876
-0.116907 0.00822493 -0.993126 -60.3664 -0.0249246 0.999635 0.0112126 0.390969 0.992845 0.0260636 -0.116658 1.80929
-0.117055 0.00485269 -0.993125 -61.0991 -0.0250872 0.999664 0.0078413 0.389385 0.992819 0.02583 -0.116895 1.71878
-0.116002 0.0022789 -0.993263 -61.8215 -0.0255862 0.999668 0.00528151 0.384887 0.992935 0.0260261 -0.115903 1.62783
-0.114083 0.00081805 -0.993482 -62.5182 -0.0276063 0.999621 0.00399297 0.382813 0.993098 0.0278793 -0.114019 1.54341
-0.110035 0.00155055 -0.993944 -63.216 -0.0274803 0.999621 0.00460138 0.372999 0.993563 0.0278198 -0.109949 1.45352
-0.104062 0.00298525 -0.994578 -63.8882 -0.0265311 0.999642 0.00577612 0.363048 0.994228 0.0269857 -0.103947 1.38357
-0.0976017 0.0040162 -0.995235 -64.5522 -0.0252279 0.99967 0.00650795 0.355998 0.994921 0.0257425 -0.0974666 1.32255
-0.0890987 0.00528619 -0.996021 -65.1825 -0.0259099 0.999645 0.00762297 0.345584 0.995697 0.0264834 -0.088932 1.26211
-0.0777897 0.00574623 -0.996971 -65.8152 -0.0266352 0.999624 0.00783953 0.350467 0.99663 0.0271637 -0.0776061 1.21267
-0.0632901 0.00713043 -0.997982 -66.4328 -0.0288167 0.999555 0.00896895 0.343615 0.997591 0.0293235 -0.0630586 1.17337
-0.0453315 0.00846947 -0.998954 -67.0182 -0.0297047 0.99952 0.00982197 0.332513 0.998546 0.0301182 -0.0450572 1.15779
-0.0229137 0.00897341 -0.99971 -67.5965 -0.0299295 0.999516 0.00965749 0.328441 0.999301 0.0301394 -0.0226367 1.14268
0.00257551 0.00930701 -0.999971 -68.1377 -0.0284829 0.999561 0.00922951 0.31783 0.999607 0.0284577 0.00283996 1.15697
0.031972 0.00888891 -0.999461 -68.6751 -0.0265828 0.999625 0.00803986 0.312407 0.999147 0.0263088 0.0321929 1.18904
0.066602 0.00857724 -0.997761 -69.2012 -0.0245488 0.999684 0.00695468 0.312237 0.997494 0.02403 0.0667914 1.23553
0.104696 0.00846276 -0.994481 -69.6921 -0.0229099 0.99973 0.0060955 0.308569 0.994253 0.0221426 0.104858 1.3055
0.144573 0.00807396 -0.98948 -70.175 -0.0211644 0.999773 0.00506506 0.301115 0.989285 0.0202088 0.14471 1.42428
0.190032 0.00840072 -0.981754 -70.654 -0.0190909 0.999816 0.00486001 0.30332 0.981605 0.0178164 0.190152 1.54243
0.238297 0.00618744 -0.971191 -71.0946 -0.0144034 0.999902 0.00283551 0.305004 0.971104 0.0133123 0.238361 1.68539
0.288457 0.00138979 -0.957504 -71.5002 -0.00451696 1 9.08786e-05 0.291364 0.957495 0.00429636 0.288457 1.84761
0.339856 -0.0037042 -0.940488 -71.9203 0.00314376 1 -0.00280346 0.275695 0.940491 -0.00200423 0.339865 2.04052
0.391839 -0.00802368 -0.920012 -72.3119 0.0100712 0.99995 -0.00443107 0.263176 0.919993 -0.00753173 0.391893 2.25716
0.442795 -0.00876085 -0.896599 -72.7161 0.0116408 0.999935 -0.00402268 0.260685 0.896567 -0.00865627 0.442864 2.50489
0.490929 -0.00990112 -0.871157 -73.1034 0.0146643 0.999898 -0.00309993 0.255717 0.871091 -0.0112553 0.491016 2.77198
0.53649 -0.013992 -0.843811 -73.4506 0.0239827 0.999722 -0.00133054 0.246874 0.843588 -0.0195233 0.536672 3.04572
0.580222 -0.0201427 -0.814225 -73.7621 0.0361386 0.999357 0.00103068 0.233089 0.813673 -0.0300251 0.580568 3.34624
0.623459 -0.0244387 -0.781496 -74.0882 0.0389066 0.999253 -0.000211222 0.216408 0.780911 -0.0302738 0.623939 3.6554
0.665837 -0.0287868 -0.745559 -74.4066 0.0371006 0.999308 -0.00544982 0.20418 0.745192 -0.024034 0.666434 3.97051
0.70656 -0.0367117 -0.706726 -74.6893 0.035572 0.999242 -0.0163454 0.207285 0.706785 -0.0135912 0.707326 4.3133
0.746656 -0.0393501 -0.664065 -74.9719 0.0322136 0.999228 -0.022989 0.200659 0.66445 -0.00422897 0.747336 4.6838
0.784995 -0.0403365 -0.618217 -75.2429 0.0316573 0.999196 -0.024999 0.196167 0.618723 5.21101e-05 0.785635 5.07537
0.820314 -0.042879 -0.570327 -75.4919 0.0341337 0.999091 -0.0260176 0.194361 0.570917 0.00187343 0.821019 5.49169
0.852288 -0.0420841 -0.521412 -75.7506 0.032526 0.999103 -0.0274761 0.190921 0.522097 0.00645692 0.852886 5.95317
0.879123 -0.0410471 -0.474852 -75.9589 0.0331655 0.99915 -0.0249646 0.175921 0.475467 0.00619651 0.879725 6.4245
0.901493 -0.0356885 -0.431363 -76.1746 0.0284034 0.999335 -0.0233233 0.166594 0.431906 0.00877218 0.9019 6.92671
0.919892 -0.0318168 -0.390913 -76.3747 0.0244724 0.99943 -0.0237536 0.154172 0.391441 0.0122826 0.920134 7.45765
0.934245 -0.02717 -0.355649 -76.563 0.0209629 0.999564 -0.0212992 0.139702 0.356071 0.0124416 0.934399 8.00913
0.944894 -0.0267969 -0.32632 -76.7381 0.0218563 0.999597 -0.0187947 0.125795 0.326687 0.0106252 0.945086 8.58412
0.9524 -0.0279957 -0.303623 -76.8901 0.0239515 0.999578 -0.0170406 0.116614 0.303971 0.00895557 0.952662 9.18157
0.958693 -0.0277554 -0.283138 -77.0513 0.0247443 0.999605 -0.0142026 0.0995599 0.283416 0.00660828 0.958988 9.76538
0.963368 -0.0253412 -0.267054 -77.1936 0.0233129 0.999681 -0.0107673 0.0826296 0.267241 0.00414541 0.963643 10.3926
0.967551 -0.0204818 -0.251906 -77.363 0.018892 0.999795 -0.00872438 0.0712767 0.252029 0.00368077 0.967727 11.0342
0.970586 -0.0169868 -0.24023 -77.5159 0.0157552 0.999862 -0.0070514 0.0564198 0.240316 0.00305737 0.970712 11.698
0.973586 -0.0179951 -0.227681 -77.6541 0.0168815 0.999846 -0.00683345 0.0403469 0.227765 0.00280786 0.973727 12.3508
0.976393 -0.017739 -0.215356 -77.7768 0.0166722 0.999849 -0.0067743 0.027375 0.215443 0.0030221 0.976534 13.0205
0.979251 -0.0173308 -0.201991 -77.9072 0.0165212 0.999859 -0.00568911 0.0161147 0.202058 0.00223243 0.979386 13.7269
0.981941 -0.0153793 -0.188659 -78.0271 0.0147445 0.999891 -0.00477323 0.00405091 0.188711 0.00190355 0.982053 14.4313
0.984163 -0.0156745 -0.176671 -78.146 0.0146866 0.99988 -0.00689361 -0.0124518 0.176754 0.00418827 0.984262 15.1559
0.986139 -0.0152512 -0.165335 -78.2776 0.0135464 0.999854 -0.0114409 -0.0325247 0.165485 0.00904072 0.986193 15.9076
0.987654 -0.0172053 -0.155814 -78.3808 0.014702 0.999755 -0.0171992 -0.0516595 0.156069 0.0146946 0.987652 16.6355
0.988859 -0.0171272 -0.147997 -78.483 0.014773 0.999758 -0.0170002 -0.0694583 0.148252 0.0146224 0.988864 17.3849
0.989782 -0.0149101 -0.14193 -78.5903 0.0134811 0.999859 -0.0110193 -0.0846629 0.142071 0.00899186 0.989831 18.1629
0.990537 -0.00985991 -0.137034 -78.6995 0.00958401 0.999963 -0.00268211 -0.108129 0.137055 0.00134162 0.990587 18.9305
0.991059 -0.00928727 -0.13323 -78.8092 0.00954518 0.999964 0.00130365 -0.126183 0.133211 -0.00256513 0.9911 19.7217
0.991515 -0.0112248 -0.129656 -78.906 0.0113454 0.999949 0.000182835 -0.135268 0.129647 -0.0016541 0.991584 20.4756
0.991869 -0.0114829 -0.12688 -79.003 0.0115098 0.999944 -0.000513576 -0.150294 0.126876 -0.000952406 0.991933 21.249
0.992219 -0.0124298 -0.124041 -79.0975 0.0127412 0.99993 0.00170757 -0.163136 0.124011 -0.00327646 0.992301 22.0158
0.992557 -0.0137533 -0.121145 -79.1931 0.0144104 0.999896 0.00455693 -0.181269 0.121067 -0.00627016 0.992639 22.7793
0.9929 -0.016047 -0.118039 -79.2799 0.0169278 0.999849 0.00645257 -0.196157 0.117917 -0.00840655 0.993013 23.5404
0.993139 -0.0167102 -0.115892 -79.3622 0.017188 0.999857 0.00313236 -0.212791 0.11582 -0.00510415 0.993272 24.3067
0.99343 -0.0139975 -0.113766 -79.465 0.0136166 0.999911 -0.00413442 -0.225029 0.113814 0.00255625 0.993524 25.0757
0.993719 -0.0136681 -0.111225 -79.5627 0.0124054 0.99986 -0.0120304 -0.236624 0.111371 0.0105736 0.993738 25.8333
0.993882 -0.0131119 -0.109855 -79.6524 0.011393 0.999815 -0.0162698 -0.252598 0.110048 0.0149166 0.99384 26.5974
0.994063 -0.0120693 -0.108298 -79.7325 0.010525 0.999845 -0.0148143 -0.271135 0.108457 0.0135851 0.994024 27.3528
0.994217 -0.00883336 -0.107221 -79.8096 0.00769464 0.999922 -0.0110391 -0.293218 0.10731 0.0101482 0.994199 28.1186
0.994315 -0.00580307 -0.106492 -79.8874 0.00516302 0.999978 -0.00627939 -0.312194 0.106523 0.00569249 0.99431 28.8892
0.994425 -0.00838054 -0.105313 -79.9579 0.00796369 0.999972 -0.00438776 -0.330012 0.105347 0.00352271 0.994455 29.6511
0.994294 -0.0112719 -0.106249 -80.0142 0.0108456 0.999941 -0.00458282 -0.349442 0.106291 0.00340297 0.994346 30.3928
0.994195 -0.0135405 -0.106927 -80.0814 0.0131457 0.999917 -0.00440648 -0.370328 0.106978 0.00297342 0.994282 31.1574
0.994134 -0.0127294 -0.10758 -80.156 0.0123558 0.999926 -0.00413152 -0.3986 0.107622 0.00277672 0.994205 31.9183
0.994103 -0.0142637 -0.107692 -80.234 0.0137887 0.999906 -0.00516315 -0.414284 0.107756 0.00364599 0.994196 32.6719
0.994208 -0.0146574 -0.106646 -80.3246 0.0142048 0.999898 -0.00499608 -0.428231 0.106705 0.00345095 0.994302 33.4412
0.994311 -0.0128975 -0.10593 -80.4201 0.0125191 0.999927 -0.00424499 -0.437606 0.105977 0.00289284 0.994391 34.2166
0.994294 -0.0136638 -0.105979 -80.5087 0.0131944 0.999911 -0.00512341 -0.453109 0.106037 0.0036945 0.994372 34.994
0.994123 -0.0133153 -0.107631 -80.5981 0.0128821 0.99992 -0.00472866 -0.481573 0.107685 0.00331251 0.994207 35.7685
0.993929 -0.0150664 -0.109168 -80.692 0.0146842 0.999894 -0.0042976 -0.498268 0.109218 0.00266703 0.994031 36.5499
0.993582 -0.0134467 -0.112509 -80.7912 0.0130021 0.999918 -0.00469421 -0.51155 0.112563 0.00319927 0.993667 37.3481
0.993303 -0.0099055 -0.11529 -80.896 0.00941188 0.999955 -0.00481947 -0.532126 0.11533 0.00370066 0.993337 38.1389
0.99301 -0.00920541 -0.117862 -80.9988 0.00805374 0.999931 -0.0102536 -0.539748 0.117947 0.00923055 0.993007 38.9341
0.992759 -0.00884914 -0.11997 -81.1083 0.00721267 0.999887 -0.014063 -0.554511 0.120077 0.0130944 0.992696 39.7415
0.992431 -0.0100373 -0.122583 -81.2043 0.00814574 0.999856 -0.0159316 -0.571912 0.122724 0.0148102 0.992361 40.5689
0.992095 -0.0103066 -0.125227 -81.3193 0.00857132 0.999871 -0.0143828 -0.595702 0.125356 0.0131941 0.992042 41.4207
0.991595 -0.0114511 -0.12905 -81.4106 0.00974838 0.999873 -0.0138269 -0.621406 0.129191 0.0124504 0.991572 42.27
0.991353 -0.0114718 -0.130881 -81.5249 0.00996597 0.999888 -0.0121494 -0.642581 0.131003 0.0107383 0.991342 43.1103
0.991349 -0.0114125 -0.13093 -81.6565 0.0104268 0.999928 -0.0082196 -0.665506 0.131014 0.00678121 0.991388 43.946
0.991152 -0.0116364 -0.132381 -81.767 0.0113018 0.999942 -0.00327324 -0.683289 0.132408 0.00174651 0.991212 44.7926
0.991111 -0.0114074 -0.132723 -81.874 0.011326 0.99995 -0.00137644 -0.698873 0.132731 -0.000141032 0.991183 45.6513
0.991393 -0.00836603 -0.130814 -81.9951 0.00821157 0.999977 -0.00171429 -0.708999 0.130822 0.000623782 0.991424 46.5195
0.991663 -0.00870434 -0.128746 -82.1171 0.0083909 0.999975 -0.00298567 -0.721041 0.128768 0.00187844 0.991704 47.3765
0.991808 -0.0110648 -0.127424 -82.2263 0.0104176 0.999941 -0.00573871 -0.73279 0.127477 0.00436267 0.99185 48.2484
0.991931 -0.0150765 -0.126069 -82.3334 0.0142905 0.999888 -0.00714452 -0.750359 0.126161 0.00528319 0.992027 49.1207
0.991974 -0.0165346 -0.125528 -82.4312 0.0157779 0.999864 -0.0070131 -0.770184 0.125624 0.00497469 0.992084 50.0039
0.992088 -0.0184396 -0.124377 -82.5476 0.017956 0.999841 -0.00501737 -0.783174 0.124449 0.00274237 0.992254 50.8812
0.99219 -0.0204588 -0.123226 -82.6627 0.0203587 0.999804 -0.00206445 -0.808688 0.12324 -0.000461977 0.992396 51.7546
0.992339 -0.0207475 -0.121993 -82.7781 0.0206967 0.999799 -0.001692 -0.828773 0.122002 -0.00084768 0.992562 52.6307
0.992484 -0.019897 -0.120927 -82.8945 0.0194832 0.999813 -0.00459632 -0.850758 0.120992 0.00220416 0.99267 53.5064
0.992701 -0.017354 -0.119553 -83.0173 0.0162643 0.999832 -0.0100939 -0.87883 0.119707 0.00807365 0.992808 54.3704
0.993037 -0.0158076 -0.116923 -83.1568 0.014094 0.999796 -0.0154623 -0.900913 0.11714 0.0137051 0.993041 55.2045
0.993257 -0.0112129 -0.115593 -83.2765 0.00878677 0.999746 -0.0214859 -0.926674 0.115804 0.020323 0.993096 56.0761
0.993444 -0.0110584 -0.113979 -83.3889 0.00857682 0.99973 -0.0222338 -0.959667 0.114191 0.0211088 0.993254 56.9318
0.993514 -0.0138113 -0.113082 -83.5011 0.0120382 0.999809 -0.0163558 -0.988938 0.113285 0.0148863 0.993483 57.8015
0.993444 -0.013751 -0.113693 -83.6058 0.012979 0.999903 -0.00752161 -1.01391 0.113782 0.00599499 0.993508 58.6797
0.993193 -0.0145308 -0.115777 -83.6983 0.0146466 0.999908 0.000141274 -1.04196 0.115763 -0.00183791 0.993308 59.5243
0.992772 -0.0164532 -0.119077 -83.7854 0.0163185 0.999881 -0.00209972 -1.06292 0.119093 0.000139834 0.992905 60.362
0.992363 -0.0216432 -0.121636 -83.8767 0.0211557 0.999777 -0.00530588 -1.0865 0.121723 0.0026901 0.992593 61.1954
0.991743 -0.0229699 -0.126365 -83.9569 0.0223061 0.999746 -0.00665919 -1.10988 0.126482 0.00378394 0.991984 62.0311
0.991378 -0.0212824 -0.129497 -84.0704 0.0202297 0.999766 -0.00944605 -1.13089 0.129667 0.00674282 0.991569 62.8682
0.990909 -0.0203457 -0.13317 -84.1859 0.0187623 0.999754 -0.0131289 -1.1547 0.1334 0.0105093 0.991029 63.709
0.990316 -0.0198975 -0.137588 -84.3026 0.0177835 0.99972 -0.0165839 -1.18113 0.137878 0.0139743 0.990385 64.5232
0.99 -0.0182353 -0.140059 -84.4335 0.0154097 0.999674 -0.0212274 -1.2054 0.140396 0.0188553 0.989939 65.3355
0.989535 -0.0135712 -0.14384 -84.5593 0.0106237 0.999734 -0.0212471 -1.23893 0.144088 0.0194944 0.989407 66.1401
0.989044 -0.00985469 -0.147455 -84.6944 0.00695348 0.99979 -0.0201733 -1.26183 0.147619 0.0189254 0.988887 66.9445
0.988387 -0.00689222 -0.151978 -84.827 0.00471744 0.999896 -0.0146724 -1.29053 0.152062 0.0137828 0.988309 67.7602
0.987709 -0.00567435 -0.156357 -84.9647 0.00432473 0.999969 -0.00896609 -1.32084 0.156399 0.00817811 0.987684 68.5483
0.986784 -0.00646071 -0.162083 -85.0963 0.00558601 0.999982 -0.00585741 -1.34148 0.162117 0.00487246 0.986794 69.365
0.985718 -0.00630776 -0.168431 -85.2411 0.0053921 0.999986 -0.00588907 -1.35381 0.168461 0.00489525 0.98572 70.154
0.984767 -0.00696713 -0.173895 -85.3894 0.00631702 0.999986 -0.00429667 -1.35707 0.17392 0.00313064 0.98479 70.9347
0.983556 -0.00638997 -0.180622 -85.5357 0.00547292 0.999986 -0.0055714 -1.37116 0.18065 0.00448971 0.983561 71.724
0.98241 -0.00140362 -0.18688 -85.6957 2.94177e-05 0.999988 -0.00736087 -1.38837 0.186886 0.00722372 0.982391 72.4961
0.981331 0.000339111 -0.192453 -85.861 -0.00282604 0.999933 -0.0126452 -1.39717 0.192431 0.0129516 0.981249 73.2601
0.980269 -0.000670176 -0.19781 -86.025 -0.00235164 0.999899 -0.0150462 -1.42543 0.197798 0.0152122 0.980161 74.0068
0.979303 0.000107961 -0.202523 -86.2036 -0.00366973 0.999862 -0.0172089 -1.44255 0.202489 0.0175944 0.979152 74.7733
0.978309 0.00250652 -0.207273 -86.3793 -0.00520115 0.999924 -0.0124612 -1.46163 0.207224 0.0132668 0.97824 75.5394
0.977131 0.00349722 -0.212728 -86.5635 -0.00540229 0.999968 -0.00837227 -1.48381 0.212687 0.00932844 0.977101 76.2975
0.975917 0.00316821 -0.218247 -86.7465 -0.00486314 0.999978 -0.00723397 -1.50473 0.218217 0.00811893 0.975903 77.0362
0.974434 0.00129926 -0.224784 -86.9335 -0.0038458 0.999951 -0.0108891 -1.53267 0.224753 0.0114736 0.974374 77.7891
0.972587 -0.000512367 -0.232663 -87.1244 -0.00385369 0.999841 -0.0183152 -1.55373 0.232633 0.0187072 0.972422 78.5311
0.970467 -0.00272589 -0.241324 -87.3177 -0.00222779 0.99981 -0.0202498 -1.57841 0.241328 0.0201877 0.97026 79.2617
0.968313 -0.00320413 -0.249834 -87.5483 -0.00139314 0.999849 -0.0182262 -1.59908 0.249851 0.0179943 0.968154 79.9734
0.965755 -0.00331035 -0.259532 -87.7787 0.000136993 0.999943 -0.0122422 -1.62098 0.259553 0.0117857 0.965683 80.6922
0.962716 -0.00134179 -0.270619 -88.0053 -8.51579e-05 1 -0.00526451 -1.63732 0.270623 0.00508913 0.96271 81.4117
0.959554 -0.000829397 -0.281613 -88.2312 0.000228469 1.00002 -0.00216453 -1.65986 0.281614 0.00201094 0.959552 82.1365
0.956063 0.00172615 -0.293254 -88.463 -0.00388835 0.999986 -0.00679365 -1.68393 0.293234 0.00763318 0.956049 82.8619
0.952278 0.00120944 -0.305312 -88.6995 -0.00638947 0.99987 -0.015966 -1.70931 0.305247 0.017153 0.952145 83.5732
0.948323 -0.00190621 -0.317392 -88.9455 -0.00508475 0.99978 -0.0212001 -1.72778 0.317358 0.0217158 0.948097 84.2721
0.944015 -0.00282909 -0.329968 -89.193 -0.00298845 0.999867 -0.0171204 -1.74165 0.329967 0.017146 0.943864 84.9756
0.940513 -0.00152994 -0.339839 -89.4829 -0.00196985 0.999967 -0.00995609 -1.76812 0.339837 0.010031 0.94047 85.6748
0.936671 -0.00124141 -0.350282 -89.7776 -0.000540014 1.00001 -0.00498635 -1.79168 0.350283 0.00485781 0.936659 86.3683
0.932691 -0.00339249 -0.360743 -90.0883 0.00108513 0.999996 -0.00660115 -1.81936 0.360758 0.00576315 0.932682 87.0693
0.929036 -0.00551545 -0.370018 -90.4008 0.00171211 0.999961 -0.0106049 -1.84753 0.370055 0.00921692 0.928993 87.7531
0.926051 -0.00970441 -0.377352 -90.7134 0.00363516 0.999871 -0.0167955 -1.8794 0.37746 0.0141793 0.925958 88.4384
0.92331 -0.0140335 -0.383868 -91.0235 0.00559773 0.999737 -0.0230827 -1.90126 0.384083 0.0191618 0.92313 89.1376
0.92073 -0.0143566 -0.390011 -91.3408 0.00471306 0.999678 -0.0256749 -1.92289 0.390248 0.0217989 0.920492 89.8081
0.918414 -0.00934524 -0.395575 -91.6846 -0.00133027 0.999662 -0.0267035 -1.94612 0.395683 0.025049 0.918075 90.4924
0.915118 -0.00893598 -0.40316 -92.0013 -0.00131916 0.999702 -0.0251551 -1.97216 0.403258 0.0235491 0.914824 91.1759
0.91146 -0.0082685 -0.41137 -92.3202 0.00041299 0.999836 -0.0191803 -1.9901 0.411453 0.0173101 0.911297 91.8778
0.908566 -0.0060706 -0.417766 -92.6518 0.00131211 0.99995 -0.0116791 -2.01207 0.417809 0.0100608 0.90852 92.5714
0.906382 0.00423332 -0.4225 -93.012 -0.00730171 0.999977 -0.00564367 -2.03498 0.422457 0.00819838 0.906376 93.2632
0.903685 0.0121558 -0.428095 -93.3569 -0.0174847 0.99983 -0.00852117 -2.06317 0.427911 0.0151831 0.903735 93.9368
0.90142 0.00856014 -0.432922 -93.7114 -0.0169361 0.999756 -0.0154946 -2.09272 0.432675 0.0212971 0.90133 94.6269
0.898722 0.0014056 -0.438587 -94.0311 -0.0125568 0.999688 -0.0225288 -2.12317 0.43841 0.0257517 0.89845 95.3127
0.896828 0.00275531 -0.442432 -94.3853 -0.0142429 0.999663 -0.0226443 -2.15418 0.442211 0.0266074 0.896548 96.0123
0.89448 0.00905211 -0.447084 -94.7558 -0.0189859 0.999682 -0.0177465 -2.18132 0.446772 0.0243595 0.89436 96.7165
0.891172 0.0113842 -0.453582 -95.0866 -0.0196074 0.999738 -0.0134306 -2.20977 0.453301 0.0208605 0.891145 97.4
0.88854 0.00783763 -0.458799 -95.445 -0.0167594 0.999761 -0.0153807 -2.24176 0.45856 0.0213529 0.888452 98.0904
0.885102 0.00593905 -0.465417 -95.7962 -0.0182443 0.999614 -0.0219389 -2.2681 0.465097 0.0279074 0.884853 98.7961
0.88345 0.00317406 -0.468583 -96.1891 -0.0186529 0.999443 -0.0283998 -2.29597 0.468222 0.0338273 0.88301 99.4642
0.881262 0.0040921 -0.47267 -96.5699 -0.020777 0.999352 -0.0300844 -2.32566 0.47223 0.0363307 0.88076 100.136
0.878224 0.0065068 -0.478275 -96.9314 -0.0216195 0.999446 -0.0261034 -2.35768 0.477831 0.0332618 0.87787 100.834
0.87668 0.00829827 -0.481064 -97.3308 -0.0227765 0.999467 -0.0242656 -2.38908 0.480596 0.0322279 0.876386 101.497
0.874008 0.00904464 -0.485899 -97.7088 -0.0237186 0.99945 -0.0240618 -2.41639 0.485404 0.0325521 0.873734 102.168
0.871477 0.00728299 -0.490444 -98.0826 -0.0225839 0.999446 -0.0252867 -2.44772 0.489978 0.0331106 0.871143 102.833
0.868868 0.00487386 -0.49509 -98.4662 -0.0204183 0.999474 -0.0259965 -2.48036 0.494692 0.0326934 0.868503 103.508
0.866498 0.00408016 -0.499225 -98.8557 -0.0195972 0.999495 -0.0258444 -2.51281 0.498857 0.0321752 0.866124 104.167
0.864465 0.00525252 -0.502734 -99.2717 -0.0209154 0.999476 -0.0255243 -2.54532 0.502327 0.0325768 0.864114 104.837
0.862058 0.00552493 -0.50684 -99.6599 -0.0216987 0.999447 -0.0260102 -2.57634 0.506405 0.0334179 0.861686 105.481
0.859361 0.0022749 -0.511432 -100.057 -0.020672 0.999349 -0.0302922 -2.60983 0.511019 0.0366011 0.858841 106.144
0.857061 -0.00059277 -0.515274 -100.45 -0.0201238 0.999218 -0.0346204 -2.65058 0.514881 0.0400387 0.856364 106.782
0.854252 -0.00292367 -0.519919 -100.835 -0.0192834 0.99914 -0.0373044 -2.68558 0.519569 0.0418899 0.853453 107.431
0.852536 -0.000680968 -0.522728 -101.235 -0.019692 0.999268 -0.0334169 -2.72315 0.522358 0.0387802 0.851883 108.047
0.850883 0.00349054 -0.52541 -101.634 -0.0195056 0.99952 -0.0249506 -2.75654 0.525059 0.0314755 0.850535 108.671
0.84882 0.00584168 -0.528711 -102.019 -0.0165787 0.999764 -0.015569 -2.79449 0.528483 0.0219781 0.848702 109.311
0.847269 0.00568818 -0.531202 -102.405 -0.0135487 0.99987 -0.0109056 -2.82219 0.53106 0.0164343 0.847229 109.903
0.845497 0.00282964 -0.534035 -102.782 -0.0107486 0.999897 -0.0117182 -2.84807 0.533934 0.0156454 0.845425 110.5
0.843735 0.00128313 -0.536828 -103.159 -0.0112998 0.99984 -0.0153724 -2.87338 0.536709 0.0190332 0.843607 111.078
0.841863 -0.000724225 -0.539751 -103.522 -0.0108327 0.999798 -0.0182364 -2.89645 0.539641 0.0211971 0.841672 111.637
0.840204 -0.00227544 -0.542332 -103.872 -0.009858 0.999785 -0.0194693 -2.92453 0.542246 0.0217015 0.839994 112.176
0.838838 -0.00382858 -0.544428 -104.215 -0.00838031 0.999789 -0.0199417 -2.94578 0.544376 0.0212879 0.838615 112.693
0.837495 -0.003094 -0.546503 -104.562 -0.00875934 0.999802 -0.0190858 -2.96932 0.54644 0.0207682 0.837296 113.205
0.836135 -0.0024947 -0.548579 -104.887 -0.00813955 0.999847 -0.016952 -3.00237 0.548523 0.0186369 0.835972 113.686
0.835236 -0.00334388 -0.549948 -105.215 -0.00653344 0.999873 -0.0160043 -3.03111 0.549918 0.0169574 0.835103 114.152
0.834776 -0.00427292 -0.550634 -105.53 -0.00553439 0.999878 -0.0161483 -3.04994 0.550622 0.0165251 0.834636 114.575
0.833844 -0.00541075 -0.552042 -105.833 -0.0046833 0.999869 -0.016876 -3.07606 0.552047 0.0166543 0.833704 114.996
0.832926 -0.00502143 -0.553422 -106.118 -0.0072645 0.999797 -0.0200039 -3.10328 0.553396 0.0206795 0.832707 115.384
0.831742 -0.00726408 -0.555183 -106.398 -0.00705941 0.999718 -0.0236585 -3.13147 0.555184 0.0235939 0.83145 115.759
0.829911 -0.0108378 -0.557852 -106.668 -0.00412209 0.999689 -0.025553 -3.15656 0.557941 0.0235036 0.829593 116.118
0.827603 -0.0147018 -0.561189 -106.936 0.000805949 0.99971 -0.0250037 -3.18099 0.56138 0.0202379 0.827368 116.471
0.824527 -0.0130203 -0.565733 -107.201 -0.000181074 0.999753 -0.0232719 -3.20174 0.565881 0.0192882 0.824307 116.818
0.821105 -0.00911435 -0.570771 -107.451 -0.00366414 0.999791 -0.0212384 -3.2204 0.570831 0.0195272 0.820893 117.131
0.817819 -0.00323098 -0.575526 -107.699 -0.00792065 0.99985 -0.0168673 -3.2351 0.575479 0.0183503 0.817657 117.437
0.814229 0.00199422 -0.580606 -107.943 -0.00976191 0.999923 -0.0102572 -3.24531 0.580527 0.0140166 0.814179 117.735
0.809749 0.00387417 -0.586822 -108.156 -0.00924456 0.999962 -0.00615371 -3.25888 0.586762 0.0104052 0.80974 117.999
0.804463 0.000985024 -0.594068 -108.363 -0.00530084 0.999994 -0.00552197 -3.26359 0.594044 0.00758846 0.804456 118.26
0.796923 -0.00114294 -0.604137 -108.545 -0.00239366 1.00001 -0.00504831 -3.26953 0.604134 0.00546666 0.796913 118.513
0.78787 -0.00318378 -0.615896 -108.722 0.000409282 1.00001 -0.00464764 -3.26835 0.615904 0.003407 0.787875 118.732
0.77736 -0.00344576 -0.629101 -108.907 0.000673196 1.00001 -0.00464443 -3.26817 0.629111 0.00318431 0.777359 118.939
0.764668 -0.00242924 -0.644481 -109.072 -0.00157762 1.00001 -0.00564288 -3.27022 0.644483 0.00532894 0.764663 119.113
0.750561 -0.00388946 -0.660842 -109.239 -0.00210931 0.999988 -0.00828012 -3.28045 0.660851 0.00760602 0.750531 119.272
0.735539 -0.0064935 -0.67751 -109.411 -0.00348143 0.999928 -0.013365 -3.28979 0.677532 0.0121863 0.735457 119.426
0.720268 -0.0101905 -0.693671 -109.57 -0.00395364 0.99984 -0.0187924 -3.29567 0.693736 0.0162752 0.720099 119.563
0.704547 -0.00986959 -0.709645 -109.736 -0.00880309 0.999729 -0.0226456 -3.30113 0.709659 0.0221989 0.704264 119.698
0.688575 -0.00663517 -0.725181 -109.916 -0.0168779 0.999565 -0.0251705 -3.29911 0.725017 0.0295683 0.688152 119.834
0.671174 -0.0053008 -0.741335 -110.096 -0.020286 0.999493 -0.0255144 -3.29663 0.741078 0.0321601 0.670721 119.962
0.651631 -0.00653193 -0.758553 -110.245 -0.0177952 0.999581 -0.0238933 -3.30358 0.758374 0.0290651 0.651231 120.078
0.631038 -0.00738019 -0.775769 -110.42 -0.0156223 0.999655 -0.0222195 -3.30872 0.775648 0.0261376 0.630701 120.202
0.608493 -0.00563894 -0.793582 -110.599 -0.0163582 0.999698 -0.0196455 -3.31341 0.793436 0.0249325 0.608208 120.314
0.58439 -0.00120936 -0.811523 -110.795 -0.0210435 0.999664 -0.0166451 -3.31124 0.811253 0.0268015 0.584165 120.415
0.559923 0.00255134 -0.828583 -110.983 -0.0238922 0.999653 -0.0130665 -3.31139 0.828245 0.0271096 0.559781 120.499
0.535477 0.00524199 -0.844584 -111.185 -0.0263046 0.999623 -0.0104746 -3.31137 0.844192 0.0278223 0.535411 120.566
0.51056 0.0089056 -0.859837 -111.38 -0.0302256 0.999539 -0.00759441 -3.32381 0.859355 0.029863 0.510587 120.62
0.484956 0.0134246 -0.874484 -111.59 -0.0352725 0.999393 -0.00422004 -3.32877 0.873877 0.0328887 0.485134 120.678
0.457982 0.0158847 -0.888859 -111.799 -0.038415 0.999284 -0.00193457 -3.32694 0.888175 0.0350279 0.458258 120.73
0.429645 0.0151649 -0.902917 -111.993 -0.0387319 0.999272 -0.00164822 -3.32816 0.902216 0.0356767 0.42992 120.77
0.3975 0.0117815 -0.917565 -112.216 -0.039283 0.999244 -0.00418686 -3.33012 0.916804 0.037705 0.397657 120.833
0.362961 0.00747277 -0.93182 -112.442 -0.040009 0.999194 -0.00757236 -3.33333 0.930994 0.0400266 0.362969 120.886
0.323608 0.00473073 -0.946216 -112.675 -0.0405482 0.999163 -0.00887149 -3.32482 0.945364 0.0412343 0.323526 120.941
0.281812 0.00355167 -0.959508 -112.928 -0.0414799 0.999127 -0.00848571 -3.32032 0.958621 0.0421886 0.281716 120.989
0.237462 0.00128257 -0.971432 -113.222 -0.0420834 0.999099 -0.00896751 -3.3146 0.970526 0.0430065 0.237301 121.035
0.189566 -0.00146337 -0.981911 -113.517 -0.0422666 0.999084 -0.00965001 -3.31066 0.981006 0.0433283 0.189335 121.068
0.139596 -0.00360344 -0.990237 -113.832 -0.0428577 0.99906 -0.00967692 -3.30573 0.989322 0.043786 0.139311 121.088
0.0890162 -0.00475932 -0.996063 -114.162 -0.0431756 0.999054 -0.00863316 -3.29589 0.995142 0.0437712 0.0887329 121.084
0.036451 -0.00393054 -0.999363 -114.512 -0.043407 0.999068 -0.00551242 -3.29003 0.998435 0.043576 0.0362497 121.064
-0.0169986 -0.00245208 -0.999897 -114.877 -0.0415946 0.999158 -0.00174395 -3.27976 0.999039 0.0415578 -0.017078 121.026
-0.0706438 -0.000976171 -0.997536 -115.245 -0.0392086 0.999256 0.00179889 -3.27226 0.996774 0.0392348 -0.070624 120.965
-0.124339 0.00168426 -0.992286 -115.609 -0.035096 0.999392 0.0060935 -3.2815 0.99167 0.0355801 -0.124194 120.881
-0.177757 0.00394224 -0.984102 -116 -0.0325161 0.999448 0.00987687 -3.28652 0.983581 0.0337505 -0.177522 120.781
-0.229116 0.00633289 -0.973428 -116.4 -0.0301825 0.999479 0.0136062 -3.2923 0.972984 0.0324951 -0.228793 120.654
-0.278676 0.00841618 -0.960384 -116.805 -0.0265227 0.999539 0.0164551 -3.29537 0.960064 0.0300533 -0.278314 120.501
-0.326395 0.0106656 -0.945224 -117.211 -0.0215812 0.999619 0.0187315 -3.29462 0.945041 0.0265103 -0.326026 120.32
-0.372516 0.0126352 -0.927976 -117.634 -0.0166593 0.999681 0.0202985 -3.29324 0.927922 0.0230168 -0.372175 120.112
-0.415912 0.0144397 -0.909343 -118.051 -0.0125228 0.999714 0.0216025 -3.28356 0.909375 0.0203697 -0.415597 119.874
-0.457335 0.0160916 -0.889188 -118.489 -0.00917249 0.999723 0.022809 -3.27573 0.889296 0.0185834 -0.457048 119.613
-0.495116 0.0172641 -0.868711 -118.914 -0.0070886 0.999715 0.0239079 -3.26844 0.868857 0.0179925 -0.494836 119.33
-0.528285 0.0177761 -0.848923 -119.351 -0.00612467 0.999701 0.0247439 -3.2579 0.849096 0.0182671 -0.528003 119.014
-0.556324 0.0175468 -0.830837 -119.805 -0.00611988 0.99969 0.0252111 -3.24754 0.831004 0.0191075 -0.556027 118.685
-0.5792 0.0162769 -0.815067 -120.303 -0.00712185 0.999688 0.0250238 -3.22807 0.815208 0.0202945 -0.578888 118.318
-0.595769 0.01382 -0.803098 -120.769 -0.00957307 0.999686 0.024305 -3.21593 0.803164 0.0221655 -0.595431 117.929
-0.611655 0.0147643 -0.791032 -121.307 -0.00728085 0.999705 0.0242877 -3.18199 0.791145 0.0206109 -0.61135 117.551
