0.999989 0.000914726 -0.00499231 -0.0397198 -0.00092117 0.999999 -0.00125317 0.0246167 0.0049912 0.00125768 0.999988 0.0857073
0.999985 0.00125634 -0.00511149 -0.042619 -0.00125889 0.999999 -0.000530503 0.00581075 0.00511077 0.000537048 0.999986 0.0594961
0.999979 0.000553685 -0.00674373 -0.0224673 -0.00055812 0.999999 -0.000645771 -0.0010101 0.00674341 0.000649382 0.999979 0.0726698
0.999959 0.000987717 -0.00895413 -0.0156735 -0.000999196 0.999999 -0.00128247 9.17243e-05 0.00895289 0.00129147 0.999958 0.105157
0.999929 2.68526e-05 -0.012005 -0.00968785 -4.7439e-05 0.999998 -0.0017143 -0.00169804 0.012005 0.00171458 0.999928 0.137028
0.999917 -0.000472225 -0.0128549 -0.0287572 0.000452261 1 -0.0015606 0.0071563 0.0128557 0.00155481 0.999915 0.0995181
0.999873 0.0004589 -0.0159354 -0.0180011 -0.00046516 0.999999 -0.000379283 0.00497193 0.0159352 0.000386493 0.999874 0.121663
0.999834 -0.00116495 -0.0181486 -0.0292993 0.00116311 1 -0.000116376 -0.000447855 0.0181487 9.54153e-05 0.999834 0.142818
0.999806 -0.000305992 -0.0197647 -0.0236167 0.000298544 0.999999 -0.000374436 0.00168151 0.0197648 0.000368262 0.999807 0.156209
0.999744 0.000179601 -0.022559 -0.0290835 -0.000191649 1 -0.000536972 0.00372539 0.022559 0.000541395 0.999743 0.191854
0.999711 0.00400897 -0.0237822 -0.0435808 -0.0040333 0.999991 -0.000969892 -0.00781189 0.0237781 0.00106527 0.999719 0.176471
0.999685 0.00492587 -0.0245876 -0.0606013 -0.00496189 0.999988 -0.00140945 -0.00479219 0.0245804 0.00153115 0.999696 0.178407
0.999642 0.00332302 -0.0265734 -0.052889 -0.00335112 0.999993 -0.00100876 -0.00456139 0.0265699 0.00109734 0.999647 0.185026
0.999636 0.00123684 -0.0269447 -0.0906714 -0.00124456 1 -0.000275997 0.000352049 0.0269444 0.000309584 0.999636 0.187494
0.999575 0.00200857 -0.0291169 -0.0867467 -0.00202471 0.999996 -0.000523397 0.00775163 0.0291158 0.000581925 0.999577 0.190179
0.999545 0.00201649 -0.0300958 -0.0950389 -0.00200343 1 0.000463023 0.00147969 0.0300967 -0.000402319 0.999545 0.183113
0.999483 0.0028352 -0.0320533 -0.106044 -0.00283067 0.999994 0.000187634 0.00475939 0.0320539 -9.70532e-05 0.999489 0.197549
0.999385 0.00269361 -0.0349502 -0.0560967 -0.00272458 0.999998 -0.000842994 0.00593787 0.0349478 0.000937978 0.999387 0.207353
0.999392 0.00352745 -0.0347002 -0.0667655 -0.00354201 0.999992 -0.00035374 0.00729072 0.034699 0.000476118 0.9994 0.197828
0.999252 0.000292977 -0.0386525 -0.0464241 -0.000301896 1 -0.000231428 -0.000448493 0.0386522 0.000243268 0.999251 0.232435
0.999143 -0.00475386 -0.0411389 -0.0371964 0.00468396 0.999988 -0.00179199 -0.0011727 0.0411471 0.0015974 0.999155 0.228569
0.999082 -0.00496465 -0.0425122 -0.0494612 0.00491447 0.999986 -0.00129 -0.00289811 0.042518 0.00108023 0.999091 0.224333
0.998926 0.000383762 -0.0463736 -0.0558301 -0.000270695 0.999999 0.00245127 -0.00445579 0.0463745 -0.00243638 0.998926 0.243893
0.998678 0.00535971 -0.0510802 -0.0605608 -0.00520148 0.999978 0.00322384 -0.00665871 0.0510964 -0.00295355 0.998685 0.245634
0.99859 0.00317093 -0.0530429 -0.0622131 -0.00314265 0.999997 0.000623289 -0.00653773 0.0530447 -0.000455944 0.998597 0.26238
0.998498 -0.000125497 -0.0547439 -0.0604816 8.3333e-05 0.999997 -0.000779824 -3.68175e-05 0.0547438 0.000774248 0.998496 0.264115
0.998352 -0.00536291 -0.0571857 -0.0541353 0.00531939 0.999988 -0.000906348 0.0025843 0.0571899 0.000600453 0.998368 0.266716
0.998389 -0.0046865 -0.056497 -0.0731416 0.00463354 0.999986 -0.00107509 0.00686779 0.0565013 0.000811868 0.998398 0.282086
0.99836 -0.00177247 -0.0572657 -0.0677006 0.00183109 1 0.000976927 -0.00242675 0.0572642 -0.00108044 0.998363 0.303667
0.998239 -0.00240329 -0.0592359 -0.0646717 0.00254869 0.999992 0.00237459 -0.0020456 0.0592295 -0.00252115 0.998236 0.306787
0.998185 0.000500969 -0.0602719 -0.0680713 -0.00044734 1 0.000908682 0.00240703 0.0602728 -0.000880351 0.998186 0.310776
0.998218 0.00155678 -0.0595998 -0.0780134 -0.00158308 0.999997 -0.000399564 0.0215755 0.0595987 0.00049352 0.998218 0.332039
0.99822 0.00115232 -0.0596939 -0.0747278 -0.00113705 1 0.000295245 0.0223214 0.0596945 -0.000227075 0.998221 0.335443
0.998111 -0.00122509 -0.0613651 -0.0435206 0.00140939 0.999993 0.00295363 -0.018008 0.0613608 -0.0030342 0.998107 0.353316
0.998397 -0.000524626 -0.0566794 -0.0861997 0.000644988 0.999999 0.00211349 0.0114133 0.0566786 -0.00214689 0.998395 0.351191
0.998447 -0.00596956 -0.0553049 -0.0463917 0.00601673 0.999981 0.00067961 0.0291273 0.0552994 -0.00101102 0.998465 0.312402
0.998667 -2.85704e-05 -0.0517268 -0.0618244 1.63185e-05 1 -0.000231017 -0.000606943 0.0517272 0.000229549 0.998667 0.389084
0.998776 0.0037868 -0.0492088 -0.0484852 -0.00375865 0.999992 0.000659577 -0.00802705 0.0492106 -0.000473483 0.998783 0.41279
0.999069 0.0048848 -0.0429775 -0.052739 -0.00487027 0.999988 0.000450226 -0.00854588 0.0429796 -0.000240827 0.999082 0.3941
0.999244 0.00222679 -0.0386943 -0.0442605 -0.00231139 0.999996 -0.00215271 0.00611735 0.0386889 0.00224077 0.999244 0.442329
0.999383 -0.000861061 -0.0352509 -0.0371769 0.000740483 0.999992 -0.00341911 0.00790342 0.0352541 0.0033907 0.999378 0.475242
0.99949 -0.000484971 -0.0317948 -0.0439545 0.000382218 0.999997 -0.00324998 0.013731 0.0317957 0.00323633 0.999484 0.444395
0.999635 0.000726569 -0.0271837 -0.0227346 -0.000793613 0.999995 -0.00243764 0.00655043 0.0271824 0.00245812 0.999633 0.497885
0.99978 0.00203017 -0.020664 -0.0353323 -0.00208547 0.999997 -0.00267968 0.00230405 0.0206579 0.00272234 0.999778 0.515214
0.999861 0.000479967 -0.0169107 -0.0203062 -0.000503086 0.999997 -0.00133134 0.00944569 0.0169107 0.00133947 0.99986 0.540401
0.999914 -0.00144727 -0.0127178 -0.0242047 0.00141126 0.999997 -0.00288341 0.0638117 0.0127214 0.00286538 0.999912 0.529589
0.999962 0.00150325 -0.00907549 -0.0283439 -0.00149738 0.999997 0.000713955 0.0111827 0.00907714 -0.000700514 0.999962 0.545677
0.999967 0.00210416 -0.00734581 -0.00476311 -0.00209668 1 0.000952896 -0.00101159 0.00734715 -0.000937341 0.99997 0.593701
0.999993 0.00121039 -0.00450136 -0.0125606 -0.00120482 0.999997 0.00136017 -0.00921925 0.00450372 -0.00135497 0.999993 0.598667
0.999996 -0.000333472 -0.000194623 -0.0366599 0.000334302 0.999999 0.00167176 -0.0287369 0.000193463 -0.0016716 0.999994 0.549721
1 -0.00153739 -0.00101598 0.024337 0.00153911 0.999997 0.00208186 0.0060992 0.00101359 -0.00208367 1 0.636185
0.999995 0.000268866 0.00142579 -0.00543417 -0.000270954 0.999999 0.00176884 -0.00247525 -0.00142608 -0.00176899 0.999995 0.659803
1 0.00213218 0.00116744 0.00111789 -0.0021319 0.999997 -0.000611518 -0.00179551 -0.00116799 0.000608784 1 0.666462
0.999994 0.00104864 0.000967971 -0.00431347 -0.0010449 0.999995 -0.00337775 0.00222708 -0.000972177 0.00337707 0.999993 0.689669
1 -0.000789084 0.0012688 0.00125803 0.000788863 0.999999 -0.000153685 -0.00200467 -0.00126802 0.000154397 1 0.678448
0.999994 -0.000411544 0.00185829 -0.00398323 0.000407549 0.999999 0.0023873 -0.00233368 -0.00185993 -0.00238631 0.999996 0.712067
1 0.000753927 0.00215718 -0.00677382 -0.000758393 0.999997 0.00186995 0.0101115 -0.0021551 -0.00187187 0.999997 0.721092
0.999994 0.000697772 0.00169223 -0.00295926 -0.000699748 1 0.00134212 -0.0024505 -0.00169221 -0.00134319 1 0.740214
1 0.00269686 -5.84073e-05 0.0242925 -0.00269717 0.999995 -0.000245755 -0.0159686 5.86828e-05 0.000245815 0.999998 0.710619
0.999995 0.00191008 0.000960155 0.00536183 -0.0019065 0.999994 -0.00338285 -0.0015832 -0.000967545 0.00338107 0.999996 0.756496
1 -0.000310038 0.000594976 0.00719875 0.000310081 0.999999 -0.000532168 -0.00734803 -0.000593793 0.000532251 0.999998 0.776685
0.999992 -0.002025 0.00237395 -0.0106156 0.00202052 0.999997 0.00198849 -0.00399737 -0.00237897 -0.00198359 0.999997 0.793138
1 -0.00252106 0.000430396 0.00771309 0.00252033 0.999998 0.00108577 -0.00379419 -0.000432118 -0.00108477 0.999998 0.799455
0.999994 -0.00134487 0.000614452 0.00695684 0.00134405 0.999996 0.00162732 -0.011913 -0.000617713 -0.00162644 1 0.826956
1 0.000246232 0.000294823 -0.00160496 -0.000244792 0.999984 -0.00583393 -0.00204355 -0.000295199 0.00583383 0.99998 0.80855
0.999996 -0.00119504 0.00108762 -0.0106814 0.00120295 0.999974 -0.00708645 -0.0115931 -0.00108013 0.00708775 0.999978 0.819673
1 -0.00278939 -0.00107508 0.0178913 0.00278257 0.999978 -0.00605635 0.00832459 0.00109298 0.00605338 0.999978 0.827031
0.999996 -0.000874296 0.00059138 -0.0206729 0.000874697 1 -0.000564524 0.0119343 -0.000591803 0.000565164 1 0.827877
0.999999 -0.00262033 -0.00171541 0.0389498 0.00262859 0.999984 0.00484237 0.00655512 0.0017037 -0.004847 0.999983 0.789923
0.999996 0.0014256 -0.000696003 -0.000537964 -0.0014204 0.999974 0.00723735 -0.0121794 0.000705289 -0.00723624 0.999979 0.856923
1 0.00104569 -0.00223519 0.0240763 -0.00103285 0.999981 0.0058922 -0.0231743 0.002242 -0.00589004 0.999976 0.828582
0.999995 0.00222651 0.000515702 -0.022468 -0.00222612 0.999999 -0.000149792 -0.0143445 -0.000516748 0.00014871 1.00001 0.863219
1 -0.00255024 -0.00082016 -0.0125865 0.00254533 0.99998 -0.00555161 0.0290002 0.000835019 0.00554944 0.999978 0.864929
0.999996 -0.000242755 -0.00199358 0.0153816 0.000235727 0.999994 -0.00366052 -0.00081491 0.0019936 0.00366015 0.999999 0.841377
1 0.00130379 -0.000608787 0.00125368 -0.00130344 0.999999 0.00113969 -0.012045 0.00061094 -0.00113899 0.999994 0.844506
0.999996 0.00138833 0.00184861 -0.0313187 -0.00139377 0.999995 0.00314665 -0.0378384 -0.00184487 -0.00314916 1 0.753698
1 0.000727783 -0.000227582 -0.00156091 -0.000728528 0.999997 -0.00202644 -0.0137082 0.00022666 0.00202663 0.999991 0.847783
0.999998 0.00130533 0.000402451 -0.00392474 -0.00130319 0.999988 -0.00474628 -0.0221648 -0.000409166 0.00474576 0.999995 0.832654
1 0.00163933 0.000613132 -0.0183897 -0.00163713 0.999991 -0.00393717 -0.0139495 -0.00061906 0.00393605 0.999988 0.843017
0.999998 -0.00156471 -0.000253311 0.00426076 0.00156496 0.999999 -0.000160223 0.00888352 0.000253044 0.000159898 1 0.789415
0.999989 -0.0049599 -3.1634e-05 -0.00416504 0.00495954 0.999987 -0.0010429 0.0417365 3.72337e-05 0.00104259 0.999997 0.830726
0.999996 -0.000456091 0.00282747 -0.0520239 0.000442626 0.999988 0.00492205 -0.0219083 -0.00283015 -0.0049207 0.999988 0.784232
1 -0.00081604 0.000606206 -0.013353 0.000812023 0.999979 0.00619609 -0.0218104 -0.000610896 -0.00619573 0.999978 0.87265
0.999999 0.0010612 -0.000314379 -0.00159521 -0.00105923 0.999982 0.00557446 -0.0539085 0.000319577 -0.00557429 0.999986 0.834084
1 0.000118269 0.000636743 -0.0174634 -0.000119275 1 0.0010363 -0.0341552 -0.000636064 -0.00103628 0.999999 0.850971
1 8.01167e-06 0.000362176 -0.00272295 -6.30038e-06 0.99999 -0.00395735 -0.0332963 -0.000362752 0.00395718 0.999993 0.746071
1 0.000171247 -0.000456322 -0.00480953 -0.00017249 1 -0.001916 -0.0588394 0.000456488 0.00191621 0.999997 0.862756
0.999987 0.00440635 -0.00247985 0.0476874 -0.00440865 0.999988 -0.00111044 -0.0380707 0.00247446 0.00112113 0.999996 0.779563
0.999995 0.00320379 -0.00142501 -0.00603386 -0.00320572 0.999996 -0.00101016 -0.0190843 0.00142221 0.00101497 1 0.859045
0.999993 -0.0021379 -0.00278886 0.0322731 0.00213318 0.999994 -0.00184505 -0.0200258 0.00279228 0.00183877 0.999994 0.82255
0.999993 -0.00355766 -0.00220263 0.00905001 0.00354805 0.999988 -0.00418514 -0.00894822 0.00221795 0.00417759 0.99999 0.844426
0.999993 -0.00342642 -0.00116144 0.00234594 0.00342612 0.999991 -0.000559837 -0.0296858 0.00116293 0.000555467 0.999997 0.838058
0.999997 -0.00066568 -0.00264162 0.000875357 0.000674424 0.999995 0.00344803 -0.0117197 0.00263972 -0.00344939 0.999992 0.845948
0.999993 -0.00226558 -0.00247172 0.00593896 0.00227557 0.999989 0.0039391 0.00326762 0.0024624 -0.00394506 0.999987 0.826403
0.999994 -0.00343011 -0.00203404 0.00162045 0.00343253 0.999994 0.00129248 0.00264866 0.00202994 -0.00129913 0.999999 0.813678
0.999996 0.000450271 -0.00215611 -0.00275377 -0.000451035 0.999999 -0.00050066 -0.0279342 0.00215554 0.000501332 0.999996 0.834818
0.999995 0.00378164 -1.41146e-05 -0.0255217 -0.00378197 0.999983 -0.0044648 -0.0153062 -2.37674e-06 0.00446497 0.999992 0.8119
0.999987 0.00469174 -0.00132039 -0.0154992 -0.00469647 0.999981 -0.00382411 -0.00760503 0.00130199 0.00383014 0.99999 0.812132
0.999987 0.00391637 -0.00357958 0.00829769 -0.00392591 0.99999 -0.00259368 0.00150005 0.00356976 0.00260784 0.999992 0.81075
0.999998 0.000917976 -0.00117277 -0.0120747 -0.0009171 0.999999 0.000664275 -0.00744012 0.00117303 -0.000663412 0.999997 0.812042
1 -0.000892719 -0.0015884 -0.000276813 0.000893496 1 0.000522638 -0.0035302 0.00158828 -0.000523884 1 0.799839
0.999999 0.000439687 -0.00121377 -0.0114103 -0.000440958 0.999999 -0.00111374 -0.00666155 0.00121282 0.00111405 0.999998 0.796868
1 0.0008696 0.000103341 -0.00896813 -0.000869709 1 -0.000898208 -0.00587282 -0.000103661 0.000898257 1 0.786529
0.999997 -0.00268083 -0.000489228 -0.00775485 0.00268185 0.999995 0.00198461 -0.016784 0.000483518 -0.00198619 0.999999 0.781112
1 -0.000945912 0.000278589 -0.00708175 0.000945084 0.999997 0.00296158 -0.0122379 -0.000281058 -0.00296125 0.999998 0.780258
0.999999 -0.00092225 -0.00141114 0.00374379 0.00092754 0.999991 0.00383937 -0.0113716 0.00140733 -0.00384087 0.99999 0.788828
0.99998 -0.0059507 -0.00202541 0.00318498 0.00594844 0.999982 -0.00118043 0.0252509 0.00203271 0.0011686 0.999998 0.760502
1 -0.000742366 -0.000457599 -0.00728565 0.000741996 0.999999 -0.000727996 -0.013765 0.000457858 0.00072741 1 0.754315
0.999996 -0.00139108 -0.002122 0.0143437 0.00138277 0.999992 -0.00393577 0.0117673 0.00212774 0.00393305 0.99999 0.736972
0.999999 -0.00209431 -0.00107832 -0.00197516 0.00208709 0.999976 -0.00663624 0.0227217 0.00109194 0.00663375 0.999979 0.699214
0.999999 0.000258181 -0.000271658 -0.0118263 -0.000259656 0.99999 -0.00455676 0.00649364 0.000270692 0.00455708 0.999989 0.736582
1 0.00102816 0.00178336 -0.0138369 -0.0010244 0.999998 -0.00198443 -0.0199257 -0.00178562 0.00198231 0.999998 0.734587
0.999995 0.00184445 0.00169378 -0.00142718 -0.0018419 0.999997 -0.00163462 0.000124055 -0.00169659 0.00163174 0.999996 0.702036
0.999992 -0.000821281 0.00434117 -0.0165066 0.000818193 0.999999 0.000755614 -0.0212507 -0.00434194 -0.000752391 0.999992 0.717419
0.999983 -0.00100605 0.00559087 0.00992936 0.000996909 0.999999 0.00160833 -0.0146783 -0.00559234 -0.00160243 0.999982 0.673975
0.999974 -0.00570363 0.00480746 0.0181704 0.00572457 0.999974 -0.0043592 0.0613845 -0.00478257 0.00438628 0.99998 0.663223
0.999962 0.000303275 0.00863342 -0.00319381 -0.000311148 1 0.000873157 -0.0093961 -0.00863338 -0.000875756 0.999963 0.625244
0.999945 -0.000347728 0.010575 0.0147745 0.000352235 1 -0.000396311 0.013523 -0.0105747 0.000399719 0.999946 0.628709
0.99991 0.000615131 0.0133562 0.0159886 -0.000608887 1 -0.000501703 0.0126537 -0.0133567 0.00049387 0.999909 0.605409
0.999838 0.000614811 0.0180123 0.0228964 -0.000632155 1 0.000978399 -0.0123617 -0.0180116 -0.000989969 0.999839 0.584696
0.99977 -0.00263434 0.0212828 0.0270281 0.0026856 0.999993 -0.00240385 0.0393337 -0.0212765 0.00246081 0.99977 0.558056
0.999678 -0.00188882 0.0253431 0.0281223 0.00188149 1 0.00033848 -0.0155677 -0.0253436 -0.00029108 0.999681 0.527535
0.999585 -0.00313762 0.0286239 0.0413864 0.00317677 0.999994 -0.00134412 0.00527507 -0.0286196 0.00143485 0.999588 0.541147
0.999482 -0.00342939 0.0320185 0.0663657 0.00345557 0.999994 -0.000740194 0.000886013 -0.0320157 0.000850074 0.99949 0.522618
0.999337 -0.00231563 0.0363207 0.0770418 0.00229075 0.999997 0.000707333 -0.0139267 -0.0363223 -0.000623348 0.999338 0.462391
0.999282 -0.00286525 0.0378017 0.112369 0.00285626 0.999997 0.000307317 -0.0161027 -0.0378024 -0.000199492 0.999287 0.54424
0.998917 -0.00265088 0.0464415 0.0429114 0.00259678 0.999996 0.00121307 -0.00414194 -0.0464446 -0.00109089 0.998918 0.48713
0.998845 -0.00669493 0.0476096 0.090117 0.00670736 0.999978 -9.00528e-05 -0.015115 -0.0476078 0.000409015 0.998869 0.436489
0.998659 -0.0105929 0.0506668 0.0855547 0.0106458 0.999944 -0.000782562 -0.029151 -0.0506556 0.00132112 0.998713 0.452153
0.998546 -0.00728178 0.0534151 0.0773392 0.00742378 0.999968 -0.00245481 -0.0203806 -0.0533955 0.00284759 0.998574 0.470796
0.998455 -0.00726037 0.0550863 0.0863445 0.00737285 0.999973 -0.00184395 -0.010395 -0.0550713 0.00224743 0.998476 0.459682
0.998461 -0.000715519 0.0554599 0.0881659 0.000667 0.999998 0.000897207 -0.0134878 -0.0554605 -0.000859083 0.998464 0.512732
0.998545 -0.00251694 0.0538538 0.0777397 0.00244363 0.999999 0.00142134 -0.0185508 -0.0538573 -0.00128736 0.998545 0.468734
0.998588 -0.010003 0.052169 0.0821347 0.00994215 0.999948 0.00143086 -0.0135421 -0.0521806 -0.000910491 0.998641 0.437416
0.998582 -0.0127184 0.0517312 0.106657 0.0126645 0.999921 0.00136372 -0.0201063 -0.0517444 -0.000706396 0.998658 0.419196
0.998533 -0.00318634 0.0540123 0.0648651 0.00335103 0.999988 -0.00295547 -0.0208443 -0.0540023 0.00313184 0.99854 0.453525
0.998489 0.00198305 0.0549535 0.0530087 -0.00158789 0.999974 -0.00723619 -0.0164245 -0.0549663 0.00713834 0.998458 0.445581
0.998467 0.00249606 0.0552568 0.0746854 -0.00177404 0.999911 -0.0131085 0.00778921 -0.0552849 0.01299 0.99839 0.442367
0.998318 0.00477902 0.0578512 0.0659044 -0.00428981 0.999955 -0.00857741 -0.00193394 -0.0578894 0.00831512 0.998285 0.463488
0.998262 -0.000110542 0.0588998 0.0713094 0.000448629 0.999982 -0.00572913 0.0296195 -0.0588983 0.00574531 0.998252 0.458597
0.998356 -0.00295104 0.0572736 0.111235 0.00327776 0.999981 -0.0056092 0.0438391 -0.0572558 0.00578808 0.998339 0.467044
0.99837 0.00274072 0.0569822 0.0650539 -0.00258733 0.999991 -0.00276645 0.00179161 -0.0569897 0.00261416 0.998376 0.530183
0.998546 0.000436252 0.0539344 0.0657276 -0.000457628 1 0.000384979 0.000956513 -0.053934 -0.000408749 0.998541 0.515609
0.998809 0.00601923 0.048383 0.0522811 -0.00600895 0.999982 -0.000356314 0.0121331 -0.0483845 6.47747e-05 0.998833 0.537837
0.99892 0.00642314 0.0460389 0.0358708 -0.0063421 0.999978 -0.00190379 -0.00637298 -0.0460499 0.00161009 0.998934 0.594014
0.999275 0.00339879 0.0378894 0.0434003 -0.00342598 0.999994 0.000649358 0.0132143 -0.0378873 -0.000779203 0.999286 0.580161
0.999503 -0.000335279 0.0315842 0.0403055 0.000261156 0.999998 0.00235576 -0.0104289 -0.0315843 -0.00234587 0.999494 0.609836
0.999716 -0.000698178 0.0237706 0.0620615 0.000679654 0.999998 0.00078041 0.0111047 -0.0237717 -0.000764523 0.999722 0.616486
0.99975 -0.000539343 0.0224356 0.00358879 0.000484259 0.999999 0.00246768 -0.0136985 -0.0224363 -0.00245575 0.999742 0.606105
0.999849 0.00119164 0.0172672 0.0373677 -0.00125192 0.999992 0.00347122 -0.0131095 -0.0172636 -0.00349275 0.999849 0.643528
0.999864 0.00470654 0.0159135 0.00870116 -0.00474214 0.999988 0.00221106 -0.0124234 -0.0159023 -0.00228591 0.999868 0.66647
0.999924 0.00270822 0.0119136 0.0218793 -0.00273446 0.999993 0.0021681 -0.015943 -0.0119083 -0.00220079 0.99993 0.687443
0.999912 -0.000816496 0.0133995 0.0166119 0.000816075 1 6.05992e-05 -0.0121731 -0.0133991 -4.93767e-05 0.999908 0.661625
0.999911 0.000533071 0.01321 0.02428 -0.000530484 0.999999 -0.000222105 -0.00765376 -0.0132105 0.000214825 0.999915 0.677066
0.999922 -8.92749e-05 0.0126278 0.0356501 7.142e-05 1 0.00144421 -0.0117145 -0.0126275 -0.00144289 0.999918 0.726362
0.999907 0.00221192 0.0134347 0.0278344 -0.00223004 0.999997 0.00130232 -0.0146268 -0.0134323 -0.00133253 0.99991 0.714404
0.999929 0.000673828 0.0121378 0.0226704 -0.000642368 0.999996 -0.00256378 -0.011068 -0.0121394 0.00255625 0.999923 0.731139
0.99993 0.00157544 0.0115264 0.000268467 -0.00151968 0.999989 -0.00488312 -0.0142828 -0.0115342 0.00486488 0.999924 0.757604
0.999957 -0.000928126 0.00947314 0.0221003 0.000991405 0.999976 -0.00662457 -0.00182901 -0.00946663 0.00663408 0.999933 0.738023
0.999968 0.000172659 0.00790317 0.0122919 -0.000171304 1 -0.000225708 0.00016888 -0.00790349 0.000223965 0.99997 0.756467
0.999978 0.0016521 0.00673445 0.00242145 -0.00168168 0.999988 0.00446256 0.0152731 -0.00672693 -0.00447338 0.999966 0.783829
0.999979 0.00375428 0.00507273 0.00043242 -0.00379736 0.999959 0.0084258 -0.0161063 -0.00504092 -0.00844526 0.999953 0.772283
0.999994 -0.000117258 0.00397406 -0.00219583 0.000103453 0.999992 0.00354771 -0.0106198 -0.00397441 -0.00354697 0.999985 0.797139
0.999989 -0.0022775 0.00370491 0.00314593 0.00228637 0.999998 -0.00249178 0.00719088 -0.00369957 0.00249985 0.999992 0.743722
0.999999 -0.000251761 0.00263973 0.0056057 0.000255287 0.999996 -0.00121826 -0.0100568 -0.00263901 0.00121935 0.999994 0.780111
0.999992 -0.000847046 0.00332766 -0.00211739 0.000839704 0.999999 0.00212577 -0.0101159 -0.00332995 -0.00212341 0.999994 0.76287
0.999997 -0.00171159 0.00261648 0.00318875 0.00170424 0.999993 0.00290544 -0.0223488 -0.00262106 -0.0029005 0.99999 0.767009
0.99998 -0.00540194 0.00254592 0.0143681 0.00539535 0.999985 0.00251244 -0.0324902 -0.00255982 -0.00249915 0.999997 0.757808
1 0.000443412 0.00167393 0.0132654 -0.000438192 0.999993 -0.00303291 -0.0258572 -0.00167485 0.00303264 0.99999 0.768987
0.999988 0.00358448 0.00254845 -0.0175745 -0.0035659 0.99997 -0.00732929 -0.0161509 -0.00257504 0.00731966 0.999973 0.768151
0.999999 0.000758581 0.00281142 -0.0142783 -0.00073324 0.999957 -0.00896593 0.00420621 -0.00281771 0.00896429 0.999955 0.763106
0.999995 -0.00118698 -0.00107854 0.0150003 0.00118176 0.999991 -0.00450556 0.000751365 0.00108332 0.00450373 0.99999 0.7709
1.00001 0.000493576 0.00131631 0.00826806 -0.000495229 0.999997 0.00155673 -0.00656012 -0.00131519 -0.0015568 0.999998 0.757996
0.999983 -0.00452982 0.000241051 -0.0131344 0.00452787 0.999973 0.00587375 -0.0406044 -0.000268065 -0.00587329 0.999982 0.750105
1 0.00329566 0.00156451 -0.00210573 -0.00330322 0.999981 0.00510339 -0.0145326 -0.00154721 -0.0051078 0.999986 0.778343
0.999991 -0.00270892 0.00038105 0.0249252 0.00270814 0.999996 0.00107025 -0.00568038 -0.00038446 -0.00106995 1 0.767441
1 -0.00333393 -0.000760909 0.0259163 0.00333441 0.999994 0.000279855 -0.020606 0.000760369 -0.000281692 1 0.747176
0.999989 -0.00252845 -0.00102837 0.0194261 0.00252852 0.999998 0.000392081 -0.0197857 0.00102695 -0.000395402 0.999999 0.771548
1.00001 -0.000109025 -0.000201706 0.00438478 0.000108882 0.999999 -0.00095057 -0.0162053 0.000201681 0.000951234 1 0.761563
0.999994 -0.00144444 -0.000247946 0.00768398 0.00144355 0.999999 -0.00231195 0.00820438 0.000251455 0.00231058 0.999998 0.767388
0.999998 -0.00460845 0.00114161 -0.00824123 0.00460381 0.999975 0.00430702 -0.0751909 -0.00116155 -0.00430093 0.99999 0.806194
0.999991 0.000903121 0.000367436 0.000755616 -0.000903954 1 0.00146061 -0.0195828 -0.000365873 -0.00146192 1 0.794834
1.00001 -0.0027169 -0.000550701 -0.000981502 0.00271713 0.99999 -0.000343178 -0.0212083 0.00055145 0.000342585 0.999995 0.775706
0.999991 -0.000162366 -0.00125464 -0.0228836 0.000161998 1 -0.000174613 -0.0108927 0.00125485 0.000173485 1 0.749135
1.00001 -0.000964445 -0.00154537 -0.0137988 0.000963853 0.999995 -0.000513316 0.00475776 0.00154574 0.000512717 0.999996 0.778201
0.99998 0.00281807 -0.00402372 0.0152308 -0.00281972 0.999999 -0.000357892 -0.0132518 0.00402282 0.000368323 0.999993 0.842479
0.999992 0.00500223 -0.00266284 -0.0212009 -0.0050015 0.999986 0.000167698 -0.0225103 0.00266346 -0.000153412 0.999995 0.786088
0.999987 0.00113179 -0.00244233 -0.0131113 -0.00114651 0.999984 -0.0059104 -0.00237868 0.0024357 0.00591218 0.999981 0.81301
1.00001 0.00105049 -0.00108756 -0.0297208 -0.0010535 0.999994 -0.00300699 -0.0162229 0.00108427 0.0030091 0.999995 0.795151
0.999983 -7.34862e-05 -0.00359183 0.0204473 6.77673e-05 1 -0.00154535 -0.0110419 0.00359201 0.00154409 0.999994 0.819548
1.00001 -0.000795701 -0.00136779 -0.0277036 0.000799127 0.999995 0.0023332 -0.0188566 0.00136584 -0.00233338 0.999995 0.865604
0.999982 -0.000941896 -0.00412798 0.0194511 0.000946318 1 0.00114178 -0.0222319 0.00412694 -0.00114663 0.999992 0.848251
1.00001 -0.000266462 -0.000294261 -0.0230295 0.000267265 0.999995 0.00165217 -0.0115804 0.000293775 -0.00165126 0.999997 0.846957
0.999992 0.00010516 -0.00051785 -0.0171637 -0.000103079 0.999993 0.00455447 -0.0208732 0.000518367 -0.00455551 0.999992 0.849238
1 -0.00173955 -0.0018921 0.00208008 0.00174759 0.999987 0.00408643 0.000581534 0.00188493 -0.0040886 0.999987 0.848848
0.999992 4.67132e-05 -0.00123837 0.0197194 -4.52396e-05 1 0.00149963 -0.00846538 0.0012385 -0.00150067 1 0.860351
1 0.00262162 0.00211494 -0.00817641 -0.00261752 0.999992 -0.0017376 0.00874302 -0.00211962 0.00173308 0.999991 0.883325
0.999991 -5.57359e-05 0.00221051 -0.0112989 5.94703e-05 1 -0.00183398 -0.00328882 -0.00221033 0.00183305 1 0.862885
1 -0.00287027 0.000507543 0.0149225 0.00287189 0.999989 -0.00259385 -0.00757921 -0.000500166 0.00259633 0.999989 0.878451
0.999986 -0.0035733 0.00100736 0.00667413 0.00357471 0.999995 -0.00192752 -0.00755057 -0.00100036 0.00193003 1.00001 0.877193
1.00001 -0.00176344 0.00094974 0.0113166 0.00176429 0.999995 -0.000358829 -0.0104488 -0.00094926 0.000361554 0.999992 0.886396
0.999991 -0.00132869 0.00222756 -0.0196878 0.0013244 1 0.00172655 -0.0017574 -0.00222972 -0.00172469 1 0.879236
1 -0.00156273 0.00111665 -0.00652195 0.00156111 0.999994 0.0018338 -0.0113343 -0.00111957 -0.00183095 0.999989 0.874404
0.999995 -0.000700114 0.00140039 -0.00824674 0.000699626 1 8.6765e-05 -0.0144207 -0.0014005 -8.69749e-05 1.00001 0.878905
1 0.000961316 0.000782371 -0.0074929 -0.000958449 0.999992 -0.00314136 -0.0136034 -0.000785343 0.00314182 0.999987 0.892397
0.999989 0.00368263 0.00164372 -0.0302709 -0.00367198 0.999974 -0.00665485 -0.0124196 -0.00166814 0.00664749 0.999985 0.881568
0.999997 0.00294246 0.00214031 -0.0317221 -0.00292997 0.999979 -0.00554027 -0.00912671 -0.00215656 0.00553519 0.999974 0.838997
0.999982 0.00521841 0.000460784 -0.00651828 -0.00521628 0.99997 -0.00577248 -0.0201689 -0.000490934 0.00576868 0.999991 0.875617
1 0.00084653 0.0019588 -0.0205264 -0.000843203 0.999998 -0.00141263 -0.0084766 -0.00195997 0.00141217 0.999989 0.8529
0.99999 -0.00379971 0.00101027 -0.0118807 0.00379221 0.999972 0.00670348 -0.0174983 -0.00103561 -0.00670084 0.999986 0.879738
1 -0.000942892 -0.000847017 0.000278163 0.000951179 0.999958 0.00911336 -0.0123931 0.000838415 -0.009113 0.999951 0.888563
0.999992 -0.00200406 -0.00211156 0.00314861 0.00202061 0.999966 0.00820257 -0.0275647 0.00209499 -0.00820805 0.999973 0.840013
0.999998 -0.00233227 -0.00303309 0.00525858 0.00231931 0.999987 -0.00450163 0.00719594 0.00304366 0.00449591 0.999978 0.847361
0.999984 -0.00429775 -0.00100008 -0.0139654 0.00429165 0.999977 -0.00534621 0.00269709 0.00102286 0.00534048 0.999992 0.840678
0.99999 -0.0012417 -0.00554779 0.0317292 0.00123131 0.999998 -0.00198648 -0.0143594 0.00555033 0.00198091 0.999977 0.83697
0.999985 0.00182376 -0.00380898 -0.00159805 -0.00183291 0.999995 -0.00224391 -0.0197348 0.00380474 0.00224959 0.999997 0.838911
1 0.00153741 -0.00348468 -0.00766951 -0.00155068 0.999992 -0.00396161 -0.0119584 0.00347875 0.00396832 0.999979 0.853537
0.999981 0.000769299 -0.00481621 -0.00422954 -0.000788008 0.999992 -0.00374213 -0.0109945 0.00481312 0.0037445 0.999988 0.820714
1 0.00165217 -0.00305878 -0.0137435 -0.00166914 0.999983 -0.00580951 0.00416394 0.00304927 0.00581607 0.999973 0.817821
0.99997 0.00534663 -0.00397728 -0.00999209 -0.00534684 0.999984 0.00016059 -0.0162206 0.00397792 -0.000140745 0.999997 0.810442
0.999997 0.00339101 -0.00328715 -0.0236909 -0.0033915 0.999996 -0.000373238 0.00808898 0.00328594 0.000385775 0.999991 0.821072
0.99998 0.00231945 -0.00447973 -0.0116461 -0.00229794 0.999985 0.00496502 -0.00807123 0.00449121 -0.00495599 0.999983 0.826698
1 0.000546326 -0.0039554 -0.0214815 -0.000521736 0.999981 0.00602543 -0.0229303 0.00395858 -0.00602198 0.999969 0.797729
0.999971 -0.00136816 -0.00623579 0.00169566 0.00138193 0.999998 0.00232515 -0.00454442 0.00623274 -0.00233516 0.999985 0.826863
0.99999 0.000689186 -0.00608712 -0.0172493 -0.000698385 0.999996 -0.0016553 0.0103798 0.006086 0.00166089 0.999974 0.800993
0.99998 -0.000671287 -0.00526533 -0.0165108 0.000671356 1 0.00021006 0.0153237 0.00526558 -0.000215083 0.999993 0.793864
0.999968 -0.00532276 -0.00695163 -0.0119398 0.00524052 0.999913 -0.0119682 0.112443 0.00701437 0.0119329 0.999897 0.79916
0.999963 0.00514973 -0.0062505 -0.0174957 -0.00516007 0.999988 -0.00145621 -0.0147975 0.00624327 0.00148662 0.999988 0.790053
0.999992 0.00171593 -0.00496063 -0.0256829 -0.00175055 0.99997 -0.0072462 0.0192491 0.00494767 0.00725657 0.999955 0.780544
0.999979 -0.000113304 -0.00593899 -0.0125266 0.000102506 1 -0.00160719 -0.025636 0.00593948 0.00160475 0.999989 0.739041
0.999988 0.00104149 -0.00564879 -0.0120303 -0.00106212 0.999991 -0.00387089 0.015697 0.00564433 0.00387862 0.99997 0.78172
0.999984 0.0015638 -0.00475601 -0.0157496 -0.00154267 0.999991 0.00471328 -0.00427289 0.00476368 -0.00470755 0.999986 0.778597
0.999982 -0.000127013 -0.00653225 -0.0162174 0.000138423 0.999996 0.00154904 0.0121243 0.00653175 -0.00154826 0.999969 0.788758
0.999983 -0.000453995 -0.00526478 -0.0233882 0.000448096 1 -0.000822643 0.00553449 0.00526544 0.000818503 0.999993 0.755667
0.999979 -0.00212651 -0.00656066 -0.0242652 0.00210475 0.999991 -0.00355927 -0.0258657 0.00656794 0.00354722 0.999964 0.77716
0.999961 0.00123841 -0.00846368 -0.0141316 -0.00130013 0.999974 -0.00710321 -0.0150002 0.00845489 0.00711206 0.999947 0.76488
0.999937 -0.00250457 -0.0111834 0.00644858 0.00243812 0.999979 -0.00609884 0.0541137 0.0111983 0.00607302 0.999911 0.761541
0.99996 -0.000827432 -0.00878976 -0.0543537 0.000835262 0.999999 0.0010933 0.00512747 0.00878912 -0.00110236 0.99997 0.74765
0.999951 -0.00102105 -0.0101329 -0.0429889 0.00108872 0.99998 0.00650398 -0.00693197 0.0101258 -0.00651288 0.999919 0.746518
0.999931 -0.000567614 -0.0115328 -0.0328527 0.000633215 0.999983 0.00583468 0.00983061 0.0115296 -0.0058435 0.999927 0.751172
0.999949 0.00129989 -0.0103121 -0.0524069 -0.00124849 0.999988 0.00482468 -0.0450955 0.0103179 -0.00480971 0.999926 0.758195
0.999908 0.00353641 -0.0128769 -0.0174859 -0.00359137 0.999985 -0.00411859 -0.0396299 0.0128624 0.00416256 0.999918 0.764601
0.999914 0.00189281 -0.0131783 -0.0112111 -0.00201246 0.999956 -0.00920075 -0.0218071 0.01316 0.00922839 0.999861 0.749363
0.999923 -0.0013524 -0.0121224 -0.0294134 0.001277 0.999981 -0.00607526 0.00110958 0.0121308 0.00605743 0.999919 0.739266
0.99991 -0.00168004 -0.013488 -0.00571541 0.0017353 0.999991 0.00395492 0.00378981 0.0134809 -0.0039762 0.999891 0.739768
0.999938 -0.000855975 -0.0110389 -0.0365986 0.000944066 0.999966 0.00813935 -0.0271205 0.0110318 -0.00815095 0.999917 0.760812
0.99991 -0.00151222 -0.0134573 -0.00994034 0.00159937 0.99998 0.00633591 -0.0301352 0.0134472 -0.00635519 0.999879 0.748701
0.999942 -0.00144281 -0.0104879 -0.0565522 0.0014265 0.999996 -0.00139123 -0.0287613 0.0104901 0.0013744 0.999955 0.769012
0.999941 -0.000760641 -0.0110595 -0.0317458 0.000721372 0.999996 -0.00370835 -0.0263319 0.011062 0.00370187 0.999922 0.753522
0.999951 -0.0014023 -0.0096174 -0.0154327 0.0013331 0.999971 -0.00701716 -0.0158775 0.00962711 0.00700223 0.99994 0.747658
0.999972 -0.00207586 -0.00741458 -0.0226192 0.00203316 0.999983 -0.00599715 -0.0126451 0.00742682 0.00598367 0.999944 0.76649
0.999959 -0.00423502 -0.00785463 -0.0351376 0.00423201 0.999987 -0.000190874 -0.0302 0.00785537 0.000155857 0.999981 0.701858
0.999969 0.00533439 -0.00602752 -0.0536426 -0.00532906 0.99999 0.000631325 -0.0245563 0.00603087 -0.000597332 0.999969 0.758052
0.999963 0.000717689 -0.00845934 -0.0229885 -0.000687648 0.999987 0.00374447 -0.0387346 0.00846185 -0.00374045 0.999969 0.740509
0.999954 -0.00205416 -0.00943986 -0.00420064 0.00211547 0.999984 0.00631846 -0.00603022 0.0094268 -0.00633632 0.999925 0.769106
0.999975 0.000809134 -0.00679611 -0.0229223 -0.000749267 0.999952 0.00901529 -0.0257185 0.00680307 -0.00901186 0.999947 0.762913
0.99992 0.0114931 -0.00569906 -0.0406295 -0.0114474 0.999912 0.00770097 -0.0344203 0.00578709 -0.00763324 0.999943 0.76363
0.999847 0.0124604 -0.0122338 0.0160857 -0.0123604 0.999882 0.00834286 -0.195291 0.0123363 -0.00819239 0.999901 0.67131
0.999982 -0.00253802 -0.00594143 -0.0145144 0.00248967 0.99997 -0.00839871 -0.0037663 0.00596252 0.00838609 0.999939 0.767182
0.999964 -0.00521933 -0.00616398 0.00982456 0.00517307 0.999953 -0.00724064 -0.016586 0.00620149 0.00720627 0.999963 0.750793
0.999991 0.00249929 -0.00443683 -0.00733844 -0.00249309 1.00001 0.00102592 -0.0311581 0.00443926 -0.0010127 0.999982 0.78998
0.999971 0.00361059 -0.00609947 -0.00630358 -0.00358379 0.999976 0.00466612 -0.00885765 0.00611635 -0.00464623 0.999978 0.796715
0.999982 0.00114578 -0.00659523 -0.00361589 -0.00111562 0.999997 0.00432314 -0.0166194 0.00659996 -0.00431352 0.999963 0.739839
0.999972 -0.00316814 -0.00626372 -0.00151508 0.0031546 0.999986 -0.00192899 -0.0238158 0.00626985 0.00190693 0.999985 0.77921
0.999974 0.00112923 -0.0076824 0.0178337 -0.0011824 0.999981 -0.00711323 -0.00881515 0.00767416 0.00712447 0.99994 0.793736
0.99998 0.000230044 -0.00583714 -0.00879287 -0.000271655 0.99997 -0.0069009 -0.00786547 0.00583546 0.00690014 0.999966 0.784416
0.999982 0.00133564 -0.00638151 -0.0028237 -0.00134309 1.00001 -0.00135784 -0.0098054 0.00637977 0.00136855 0.999973 0.77081
0.999975 0.00102563 -0.00670395 0.0147346 -0.000998256 0.999984 0.00426549 -0.0159567 0.00670813 -0.00426089 0.999976 0.783117
0.999999 0.00144756 -0.00238395 -0.0482112 -0.00144215 1 0.00174198 -0.0113617 0.00238658 -0.00173642 0.99999 0.762281
0.999972 0.00311792 -0.0064935 0.0100232 -0.00312934 0.999989 -0.00155501 0.0176277 0.00648842 0.00157322 0.999984 0.765559
0.99999 -0.00160951 -0.0047871 -0.00911165 0.00160401 1 -0.00141137 -0.012392 0.00478957 0.0014057 0.999982 0.753906
0.999981 -0.00179172 -0.00540677 -0.00142753 0.00178444 0.999993 -0.00112274 -0.0109417 0.00540864 0.00111103 0.99999 0.771228
0.999968 -0.00600126 -0.00582029 -0.00549824 0.00600326 0.999987 0.000118198 -0.012514 0.00581963 -0.000151148 0.999978 0.738031
0.999987 0.00116101 -0.00454376 -0.0174079 -0.00116127 0.999993 0.000228692 -0.0127432 0.00454388 -0.000225435 0.999995 0.795801
0.999992 0.00116438 -0.00460211 -0.0138401 -0.00116737 1 -0.000960751 -0.0070601 0.00460119 0.00096807 0.999986 0.74391
0.999985 -0.000886041 -0.00502914 -0.0118484 0.000859324 0.999981 -0.0050277 -0.00518232 0.00503322 0.00502129 0.999978 0.769936
0.999992 -0.000480447 -0.00464411 -0.0127576 0.000436594 0.999958 -0.00977768 0.0529907 0.00464896 0.00977738 0.99994 0.749683
0.999967 -0.00227288 -0.00758325 0.0377879 0.00223464 0.999981 -0.00482358 0.0241441 0.00759363 0.00480458 0.999963 0.765829
0.999991 -0.00147332 -0.00462262 0.00107506 0.00148676 0.999999 0.00251486 0.0120566 0.00461939 -0.00251986 0.999983 0.705053
0.999988 -0.0024016 -0.00416304 -0.000511945 0.00243626 0.999956 0.00873417 -0.0195829 0.00414141 -0.00874604 0.999955 0.75095
0.999991 -0.00376843 -0.00251191 -0.011063 0.00379198 0.999957 0.0088193 -0.0161297 0.00247907 -0.00882694 0.999956 0.729246
0.99999 -0.00352 -0.00261408 -0.0210664 0.00353235 0.999978 0.00532362 -0.0321707 0.00259495 -0.0053347 0.999986 0.705601
0.999989 -0.00305947 -0.00415036 0.0121289 0.00305809 0.999996 -0.000688763 -0.0260194 0.00415277 0.000678004 0.999988 0.717689
0.999991 0.00209826 -0.00274009 -0.0103244 -0.00211174 0.999987 -0.00440093 -0.00899962 0.00273051 0.00440473 0.99999 0.705515
0.999998 -0.000460431 -0.00340914 -0.00619823 0.000452783 0.999998 -0.00266139 -0.0181527 0.00341068 0.00266181 0.999988 0.659236
0.99999 0.000551099 -0.00336036 0.00489432 -0.000558421 0.999997 -0.0017629 -0.0139977 0.00335906 0.00176282 0.999997 0.65289
1 -0.00131531 -0.00141291 -0.0191409 0.00131428 0.999999 -0.0019157 -0.00314872 0.00141571 0.00191577 0.999994 0.569229
0.999993 0.000115963 -0.00220931 -0.0144998 -0.000115374 0.999998 0.00104742 -0.0139516 0.00220921 -0.00104912 1 0.623307
1 0.0006933 -0.00260241 -0.00312124 -0.000684802 0.999998 0.0025104 -0.0315837 0.00260432 -0.00250656 0.99999 0.57386
0.99999 -0.000864877 -0.00225874 -0.0105326 0.00086817 0.999996 0.00233576 -0.0412061 0.00225652 -0.00233976 0.999998 0.555908
1.00001 0.000310882 -0.0003246 -0.0374298 -0.000308556 1 0.00147667 -0.0420855 0.000325183 -0.00147464 0.999996 0.499601
0.99999 -0.00106307 -0.00214469 -0.015846 0.00106251 1 0.000559441 -0.0454421 0.00214408 -0.000563719 1 0.513364
1.00001 0.00182548 -0.0019746 -0.022043 -0.00182925 0.999994 -0.0027156 -0.0205924 0.00196966 0.00272117 0.999991 0.482713
0.999988 -0.000470163 -0.00261409 -0.0177099 0.000459429 0.999994 -0.0034628 -0.0223634 0.00261572 0.00345959 0.999995 0.467458
0.999999 -0.00254032 -0.00358667 -0.0213556 0.00253456 0.999995 -0.0020828 -0.0144139 0.00359186 0.00207567 0.999987 0.4567
0.999973 -0.00494625 -0.00383611 -0.0313043 0.00494685 0.999987 0.000634137 -0.0163181 0.00383323 -0.000655055 0.999998 0.423888
0.999991 0.000832478 -0.00570654 -0.0203706 -0.000821247 0.999999 0.00165923 -0.00528527 0.00570766 -0.00165254 0.999977 0.417575
0.999966 0.00336084 -0.00646888 -0.03099 -0.00335106 0.999993 0.00179141 -0.00481322 0.00647503 -0.0017716 0.999983 0.42352
0.999985 0.00393877 -0.00571017 -0.0309909 -0.00391569 0.999986 0.00376923 0.00201986 0.00572476 -0.0037449 0.999973 0.381821
0.999964 0.00177883 -0.00742959 -0.00297744 -0.00173643 0.999981 0.00593008 0.00649014 0.00744014 -0.00591881 0.99996 0.353972
0.999972 -0.00039225 -0.00832334 -0.00969186 0.00042579 0.999993 0.00382473 -0.0081744 0.00832171 -0.00382629 0.999953 0.337096
0.999948 -0.00421573 -0.00859783 -0.0249833 0.00421655 0.999991 0.000275477 0.00313259 0.00859667 -0.000313669 0.999969 0.309526
0.999918 -0.00313047 -0.0128955 0.00851773 0.00314858 0.999994 0.00125908 -0.0146205 0.0128914 -0.00129767 0.999911 0.30751
0.999886 -0.00273408 -0.0144349 -0.0143437 0.00273767 0.999997 0.000342384 0.00366737 0.0144341 -0.000383794 0.999901 0.279758
0.999865 -0.000365553 -0.0167985 -0.0201772 0.00036747 0.999999 1.50986e-05 0.000796393 0.0167984 -1.93489e-05 0.999854 0.280423
0.9998 0.00233993 -0.0194836 -0.0277177 -0.00236939 0.999998 -0.00141082 0.0055775 0.0194803 0.00145472 0.999815 0.239188
0.999791 0.000409446 -0.0207733 -0.0400357 -0.000467596 0.999994 -0.00286725 -0.00657749 0.020772 0.00287832 0.999775 0.221296
0.999777 0.000820441 -0.0207885 -0.0459607 -0.000922866 0.99999 -0.00484652 -0.0102571 0.0207843 0.00486268 0.999778 0.236929
0.999771 0.000241047 -0.0216946 -0.0339648 -0.000365354 0.999982 -0.00579685 0.000798939 0.0216928 0.00580536 0.999743 0.19572
0.999734 0.0044678 -0.0223261 -0.0288215 -0.00456945 0.999981 -0.00443584 0.00528983 0.0223057 0.00453474 0.999746 0.216361
0.999749 0.0077625 -0.0213892 -0.0470255 -0.00781889 0.999965 -0.00262461 0.00605076 0.0213683 0.00279316 0.999763 0.229335
0.999719 0.00306418 -0.0232474 -0.038808 -0.00309251 0.999997 -0.00111875 0.012594 0.0232436 0.00118841 0.999735 0.219159
0.999659 -0.00332003 -0.0261305 -0.0150193 0.00335316 0.999991 0.00117134 -0.00334807 0.0261268 -0.00125668 0.999651 0.181323
0.999663 -0.00299986 -0.0255505 -0.0410531 0.0030285 0.999997 0.00114183 0.00082304 0.0255466 -0.00122075 0.99968 0.210074
0.999707 0.000517382 -0.0244534 -0.0935337 -0.000440282 0.999992 0.00309453 -0.0123167 0.0244552 -0.00308096 0.99969 0.197152
0.99958 0.00418452 -0.0284999 -0.0635376 -0.00415664 0.999994 0.00108872 0.0233765 0.0285039 -0.000971796 0.999601 0.222326
0.999602 0.00241933 -0.0282919 -0.0663512 -0.00231461 0.999987 0.00368065 -0.00600275 0.0283009 -0.00361174 0.999585 0.190463
0.999601 0.00201282 -0.0279855 -0.0783877 -0.00198768 1 0.000977835 0.0136151 0.027987 -0.000923809 0.999616 0.197748
0.999611 0.00342831 -0.0279425 -0.0757617 -0.00327311 0.999978 0.00554645 -0.055294 0.0279613 -0.00545087 0.999589 0.182619
0.999602 0.00501677 -0.0275126 -0.0845275 -0.0049666 0.999988 0.00193975 0.00223556 0.0275217 -0.00180443 0.999626 0.213959
0.999572 0.00267516 -0.0294034 -0.0687342 -0.00261102 0.999994 0.00217221 -0.0090581 0.0294094 -0.00209242 0.999559 0.203289
