0.99999 0.00137474 0.00429655 -0.0260044 -0.00136809 1 -0.00147134 -0.00427674 -0.00429832 0.00146537 0.999992 0.875853
0.999979 0.00190468 0.00659847 -0.0400232 -0.00189667 1 -0.00120471 -0.0243166 -0.00660101 0.00119204 0.999982 2.1226
0.999973 0.00123169 0.00729372 -0.0349997 -0.00122418 1 -0.000990569 -0.0470961 -0.00729469 0.000981526 0.999974 3.34689
0.999971 0.000789636 0.00792384 -0.0304149 -0.000781846 1 -0.000970777 -0.0698459 -0.00792489 0.000964421 0.999973 4.57082
0.999964 0.000694811 0.00838055 -0.0245472 -0.000686707 1 -0.000930991 -0.091685 -0.00838095 0.000925111 0.999966 5.78533
0.999963 0.00101871 0.00895106 -0.0206334 -0.00100039 1 -0.0020435 -0.114446 -0.00895343 0.00203435 0.999962 6.98837
0.999966 0.000877121 0.00820999 0.00164643 -0.000858827 0.999999 -0.00219751 -0.138594 -0.00821157 0.00219025 0.999966 8.19077
0.999974 9.86506e-05 0.00757712 0.0103856 -9.55106e-05 1 -0.000411874 -0.16978 -0.0075775 0.000411004 0.999976 9.38497
0.99998 -0.000773844 0.00637626 0.00720553 0.00076675 1 0.00117145 -0.203151 -0.00637681 -0.00116673 0.999982 10.5938
0.999994 -0.00198556 0.00403762 0.00438106 0.00198162 1 0.000995551 -0.227946 -0.00403992 -0.000987605 0.999998 11.8127
0.999998 -0.00122949 0.00182663 -1.38385e-05 0.00123032 1 -0.00026853 -0.233762 -0.00182595 0.000270516 1 13.0389
1 -0.00125946 0.000348681 -0.0122964 0.00125943 1 0.000116956 -0.267297 -0.000349094 -0.000116554 1.00001 14.2508
1 0.000646124 0.000177317 -0.0328404 -0.000646011 1 0.000777047 -0.297327 -0.000176467 -0.000777532 1 15.4696
1 0.000482071 -0.00130914 -0.0287807 -0.000481259 1 0.000670564 -0.316934 0.00130919 -0.00066999 1.00001 16.6789
0.999998 8.93844e-05 -0.00223717 -0.0369631 -8.68309e-05 1 0.00106511 -0.337961 0.00223758 -0.00106525 1 17.9154
1 -0.000250323 -0.00288409 -0.0463348 0.0002541 1 0.00133717 -0.359767 0.00288353 -0.00133793 1 19.1336
0.999996 0.000156563 -0.00305513 -0.0650996 -0.000154201 1 0.000719417 -0.382993 0.00305549 -0.000719268 0.999999 20.3455
0.999998 0.000137365 -0.00409342 -0.0701022 -0.000136884 1 0.000152652 -0.406248 0.00409318 -0.000152139 0.999999 21.5523
0.999983 0.0013963 -0.00575479 -0.073557 -0.00139311 1 0.000539372 -0.42344 0.00575582 -0.000531612 0.999986 22.7648
0.999978 0.00127458 -0.00736421 -0.0761062 -0.00127487 1 -1.46916e-05 -0.439697 0.00736391 2.40386e-05 0.999981 23.9898
0.999964 0.00143668 -0.00837826 -0.0926046 -0.00144428 1 -0.000911856 -0.461373 0.00837721 0.000923663 0.999967 25.2252
0.999963 0.00174601 -0.00925026 -0.112038 -0.00174805 1 -0.000199194 -0.481581 0.00924961 0.000215323 0.999966 26.4601
0.999946 0.000100655 -0.0104165 -0.120477 -8.48711e-05 1 0.0015094 -0.500925 0.0104169 -0.00150873 0.999948 27.6998
0.999938 -0.000530969 -0.0117116 -0.139305 0.000548828 1 0.00153329 -0.523327 0.0117105 -0.00153966 0.999938 28.9059
0.999917 -0.00083513 -0.0129535 -0.155098 0.000848393 1 0.00101389 -0.543486 0.012953 -0.00102508 0.999919 30.126
0.999904 -0.00130365 -0.0142625 -0.173123 0.00130212 1 -0.000109098 -0.559843 0.0142624 9.04379e-05 0.999906 31.3455
0.999881 -0.000628084 -0.015486 -0.195488 0.000632382 1 0.00026712 -0.586375 0.0154862 -0.000277198 0.999883 32.5537
0.999859 -0.00149761 -0.017117 -0.213286 0.00151016 1 0.000725347 -0.606976 0.0171157 -0.00075115 0.999861 33.7656
0.999838 -0.00177364 -0.0179817 -0.240522 0.00179724 1 0.00129183 -0.629138 0.0179797 -0.00132428 0.999841 34.9815
0.999806 -0.00191167 -0.0199664 -0.256825 0.00194184 0.999999 0.00149704 -0.652551 0.0199634 -0.00153554 0.999807 36.1977
0.99978 -0.00214404 -0.0209057 -0.283718 0.00217383 0.999999 0.00140059 -0.671734 0.0209031 -0.00144607 0.999784 37.3921
0.999766 -0.00303483 -0.0217591 -0.30731 0.00308248 0.999995 0.00216166 -0.692262 0.0217523 -0.00222817 0.999768 38.613
0.999748 -0.0028802 -0.0222937 -0.331662 0.00295428 0.999993 0.0032901 -0.711262 0.0222844 -0.00335543 0.99975 39.8311
0.999731 -0.0026778 -0.0233533 -0.355085 0.00277527 0.99999 0.00414533 -0.730957 0.0233418 -0.00420898 0.999726 41.0623
0.999712 -0.00210529 -0.023943 -0.387501 0.00219895 0.999993 0.00388751 -0.752786 0.023935 -0.00393935 0.999709 42.2797
0.999708 -0.00132416 -0.0244535 -0.422783 0.00142538 0.999993 0.00412688 -0.77504 0.0244477 -0.0041605 0.9997 43.4985
0.999683 0.00126715 -0.0252108 -0.451741 -0.00110961 0.999982 0.00626075 -0.795493 0.0252188 -0.00623116 0.999666 44.71
0.999701 0.00171896 -0.0247248 -0.477709 -0.00148233 0.999956 0.00958901 -0.813037 0.02474 -0.00954945 0.999656 45.9238
0.999711 0.00224776 -0.0240195 -0.503682 -0.00194059 0.999919 0.0128026 -0.826058 0.0240468 -0.0127527 0.999633 47.1448
0.999761 0.00263197 -0.0220546 -0.550144 -0.00227111 0.999867 0.0163749 -0.835689 0.0220947 -0.0163207 0.99963 48.3866
0.999768 0.00230409 -0.0214708 -0.576386 -0.00191839 0.999839 0.0179682 -0.839062 0.0215093 -0.0179233 0.999611 49.6011
0.999795 0.000844816 -0.0206057 -0.60353 -0.000494595 0.999859 0.0169999 -0.840324 0.0206171 -0.0169861 0.999651 50.8189
0.999794 0.00257805 -0.020205 -0.6329 -0.00225638 0.999873 0.0159275 -0.845447 0.020244 -0.015879 0.999673 52.0337
0.999849 0.00271692 -0.0176887 -0.705429 -0.00243802 0.999876 0.0157751 -0.850044 0.0177293 -0.0157296 0.999728 53.2417
0.999862 0.00242966 -0.0165336 -0.748576 -0.00218629 0.999892 0.0147276 -0.844121 0.0165683 -0.0146897 0.999758 54.4762
0.999878 0.00215882 -0.0160906 -0.794896 -0.00194342 0.999912 0.0133956 -0.843301 0.016118 -0.0133627 0.99979 55.6912
0.999858 0.00254591 -0.0167341 -0.836107 -0.00231035 0.999902 0.0140788 -0.850419 0.016769 -0.0140386 0.999765 56.9315
0.999831 0.0027563 -0.0187081 -0.861319 -0.00245732 0.999873 0.015986 -0.86111 0.0187499 -0.0159373 0.999708 58.1204
0.999801 0.00220849 -0.0198933 -0.893775 -0.00187899 0.999865 0.0165686 -0.869797 0.019928 -0.0165283 0.999669 59.3481
0.999787 0.00335087 -0.0208389 -0.927422 -0.00300294 0.99986 0.0167071 -0.87555 0.0208922 -0.016641 0.999654 60.5945
0.999747 0.0043012 -0.0221644 -0.953484 -0.00391223 0.999843 0.0175606 -0.887529 0.0222372 -0.0174699 0.999606 61.7994
0.999743 0.00276451 -0.0229613 -0.982578 -0.00237496 0.999857 0.0169735 -0.890704 0.0230051 -0.0169147 0.999603 63.0252
0.999718 0.00149727 -0.0238059 -1.01182 -0.0011257 0.999882 0.0156137 -0.888915 0.0238272 -0.015583 0.9996 64.2435
0.9997 0.000787858 -0.0249065 -1.04354 -0.000379477 0.99987 0.0163931 -0.885345 0.0249164 -0.0163787 0.999566 65.4629
0.999678 0.000274864 -0.0254563 -1.0874 0.00018227 0.999845 0.0179514 -0.889933 0.0254581 -0.0179507 0.999521 66.6565
0.999706 0.00137513 -0.0246882 -1.13713 -0.000970446 0.99987 0.0163908 -0.893716 0.0247078 -0.016362 0.999572 67.8861
0.999675 0.00288598 -0.0254454 -1.16657 -0.00250158 0.999889 0.0151227 -0.892823 0.0254869 -0.0150546 0.999569 69.1076
0.999676 0.00485602 -0.0254522 -1.21589 -0.00446285 0.999875 0.0154782 -0.897317 0.0255244 -0.0153597 0.999568 70.3226
0.999639 0.00671466 -0.0261323 -1.24982 -0.00629975 0.999859 0.0159255 -0.904616 0.0262363 -0.0157557 0.999539 71.529
0.99964 0.00810205 -0.0260264 -1.29266 -0.00765025 0.999825 0.01741 -0.921436 0.0261631 -0.0172048 0.999522 72.7388
0.999654 0.0083955 -0.0250304 -1.33459 -0.00791068 0.999786 0.0194045 -0.9355 0.0251887 -0.0192003 0.999506 73.95
0.999697 0.0107937 -0.0226894 -1.37971 -0.0103275 0.999741 0.0205639 -0.938581 0.0229058 -0.0203235 0.999543 75.1464
0.999739 0.00936899 -0.0210117 -1.40377 -0.00897778 0.999792 0.0186376 -0.944886 0.0211827 -0.0184447 0.999615 76.3557
0.999806 0.00632358 -0.0193147 -1.42288 -0.00606583 0.999899 0.0133692 -0.945658 0.0193975 -0.0132496 0.999737 77.5643
0.999815 0.00713768 -0.0181088 -1.44029 -0.00689946 0.999896 0.0131836 -0.947957 0.0182018 -0.0130568 0.999758 78.7544
0.999868 0.00586122 -0.015939 -1.45745 -0.00560823 0.999865 0.0158692 -0.946023 0.0160299 -0.0157779 0.99976 79.9452
0.999916 0.00719096 -0.0111175 -1.49395 -0.00700206 0.999838 0.0169307 -0.952263 0.0112384 -0.016852 0.999804 81.1264
0.999938 0.00937876 -0.00755769 -1.4979 -0.0092734 0.99987 0.0138638 -0.940215 0.0076868 -0.0137931 0.99989 82.327
0.999933 0.0110828 -0.00431235 -1.50332 -0.0110433 0.999904 0.00907225 -0.934419 0.00441343 -0.00902446 0.999959 83.5087
0.999948 0.011114 -0.00055284 -1.51073 -0.0111113 0.999936 0.0047065 -0.937032 0.000605226 -0.00470051 1 84.6814
0.999937 0.0111802 0.00300306 -1.51096 -0.0111882 0.99994 0.00270407 -0.946437 -0.00297171 -0.00273799 1 85.8613
0.999932 0.0103932 0.00687088 -1.51304 -0.010419 0.999948 0.00372262 -0.957492 -0.00683174 -0.00379436 0.999984 87.0286
0.99988 0.011509 0.0106831 -1.50839 -0.0115474 0.999933 0.00355143 -0.971485 -0.0106405 -0.00367488 0.999947 88.2161
0.999873 0.0103629 0.0128975 -1.48455 -0.0103778 0.999954 0.00107452 -0.986167 -0.0128857 -0.00120863 0.99993 89.3832
0.999839 0.0102572 0.0149487 -1.46093 -0.0102315 0.999952 -0.0017854 -1.00654 -0.0149653 0.0016317 0.999897 90.5415
0.999803 0.010168 0.0176196 -1.44408 -0.010139 0.999955 -0.00174048 -1.03064 -0.0176364 0.00156115 0.999857 91.7079
0.999769 0.00902371 0.0197513 -1.41749 -0.00901469 0.999965 -0.000538026 -1.04647 -0.0197544 0.000359403 0.999816 92.8784
0.999739 0.00849657 0.0217121 -1.38579 -0.0085133 0.999972 0.000670757 -1.06232 -0.0217056 -0.000855746 0.999778 94.0563
0.999715 0.00661954 0.0231795 -1.35105 -0.00667353 0.999981 0.00225956 -1.08253 -0.0231631 -0.002414 0.99974 95.2261
0.999584 0.00492438 0.028753 -1.36481 -0.00501519 0.999991 0.00308045 -1.09621 -0.0287374 -0.0032237 0.999596 96.3917
0.99955 0.00428889 0.0298761 -1.3249 -0.00433266 0.999996 0.00141005 -1.12512 -0.0298687 -0.0015394 0.999564 97.5607
0.999522 0.00262485 0.031158 -1.28835 -0.00254958 1 -0.00246073 -1.14095 -0.0311643 0.00237968 0.999528 98.7445
0.999501 0.00316381 0.0316096 -1.24359 -0.00299408 0.999988 -0.00540753 -1.16249 -0.031625 0.00530971 0.999498 99.9217
0.999489 0.00305407 0.0321694 -1.19917 -0.00285575 0.999987 -0.00621573 -1.18366 -0.0321876 0.00612022 0.99948 101.108
0.999503 0.00443523 0.0313932 -1.16448 -0.00427409 0.999984 -0.00518384 -1.20595 -0.0314141 0.0050465 0.999506 102.257
0.999624 0.00351247 0.0276414 -1.08068 -0.00342836 1 -0.0030846 -1.2438 -0.0276516 0.00298802 0.99963 103.46
0.999709 0.00248437 0.0242382 -1.00133 -0.002461 1 -0.00097468 -1.27875 -0.0242392 0.000914098 0.999718 104.663
0.9998 0.00162119 0.0204354 -0.959624 -0.00162079 1.00001 -3.12724e-05 -1.30776 -0.020435 -2.46908e-06 0.999806 105.853
0.999874 0.00128503 0.0164061 -0.92443 -0.00129384 1.00001 0.000558362 -1.33459 -0.016404 -0.000580193 0.99988 107.063
0.999949 -0.00126385 0.0110117 -0.896751 0.00127096 1.00001 -0.000636088 -1.36238 -0.0110103 0.000649455 0.999954 108.272
0.999995 0.000341107 0.0052878 -0.877772 -0.000337488 1.00001 -0.000582818 -1.39197 -0.00528653 0.00058041 1 109.48
1.00001 -0.000323963 3.32156e-05 -0.852817 0.000323953 1.00001 -0.000601153 -1.41415 -3.21551e-05 0.000600595 1.00001 110.742
0.999999 0.000493897 -0.0047768 -0.86054 -0.000487544 1.00001 0.0012254 -1.44573 0.00477906 -0.0012237 1 111.983
0.999967 -3.18784e-05 -0.00944618 -0.902214 5.154e-05 1.00001 0.00207519 -1.46803 0.00944711 -0.00207619 0.999968 113.192
0.999914 1.14351e-05 -0.0139287 -0.935128 2.35519e-05 1 0.00247599 -1.48471 0.0139306 -0.00247669 0.999918 114.424
0.999819 0.00292097 -0.0193955 -0.974688 -0.00283684 0.999996 0.00435839 -1.4988 0.019409 -0.00430323 0.999818 115.655
0.999659 0.00325041 -0.0263367 -1.03661 -0.00310289 0.999987 0.00561265 -1.54368 0.0263566 -0.00552974 0.999657 116.838
0.999479 0.00291808 -0.0324792 -1.08738 -0.00271508 0.999987 0.00628178 -1.58793 0.0324986 -0.00619115 0.999467 118.084
0.999295 0.00286661 -0.0377384 -1.1402 -0.00261677 0.999983 0.00664618 -1.63438 0.0377588 -0.00654347 0.999285 119.364
0.999154 0.0047648 -0.0411096 -1.19633 -0.00441747 0.999964 0.00852663 -1.67804 0.0411503 -0.00833864 0.999133 120.643
0.998934 0.00589277 -0.0460445 -1.21648 -0.00546653 0.99995 0.00935969 -1.71615 0.0460994 -0.00909874 0.998914 121.929
0.998962 0.00650329 -0.045349 -1.31058 -0.00606481 0.999944 0.00980008 -1.73938 0.0454116 -0.00951568 0.998938 123.183
0.998936 0.00811664 -0.0456687 -1.3941 -0.00764104 0.999924 0.0105606 -1.75576 0.0457529 -0.0102012 0.998919 124.466
0.998913 0.00989331 -0.0458255 -1.48348 -0.0093674 0.999899 0.0116775 -1.76124 0.0459379 -0.0112364 0.998896 125.746
0.998941 0.00953776 -0.0452943 -1.57209 -0.00899104 0.999894 0.0122406 -1.76932 0.0454083 -0.0118211 0.998917 127.01
0.998894 0.0139956 -0.0451547 -1.66446 -0.0133552 0.999817 0.0144542 -1.77499 0.0453502 -0.0138359 0.998891 128.288
0.998825 0.0151409 -0.0463307 -1.72268 -0.0143351 0.99975 0.0176563 -1.77809 0.0465885 -0.016972 0.998788 129.548
0.998804 0.0135263 -0.0472533 -1.80467 -0.0127462 0.99979 0.016772 -1.76208 0.0474717 -0.0161504 0.998757 130.846
0.998774 0.0132307 -0.0479794 -1.88158 -0.0125304 0.99982 0.0148509 -1.75497 0.0481693 -0.0142321 0.998756 132.146
0.998713 0.00991257 -0.0500051 -1.94219 -0.00914519 0.99985 0.0155508 -1.74892 0.0501533 -0.0150743 0.998642 133.442
0.998591 0.00740355 -0.0528092 -1.99644 -0.00651399 0.999844 0.0169813 -1.7463 0.0529287 -0.0166139 0.99848 134.723
0.998525 0.00372661 -0.0544136 -2.05822 -0.0027286 0.999839 0.018404 -1.74213 0.054475 -0.0182292 0.998363 136.003
0.998498 0.00165813 -0.0550092 -2.13345 -0.000609461 0.999827 0.0190606 -1.73643 0.0550333 -0.0189991 0.998323 137.275
0.998505 -0.00229387 -0.0548448 -2.20833 0.00325677 0.999855 0.017474 -1.73865 0.0547982 -0.0176273 0.998357 138.561
0.998408 -0.00532425 -0.0563982 -2.27187 0.00626242 0.999855 0.0164571 -1.73762 0.0563042 -0.0167847 0.998293 139.86
0.99833 -0.00667165 -0.0576114 -2.33454 0.00761611 0.999853 0.0161896 -1.73764 0.0574963 -0.0166022 0.998224 141.141
0.998291 -0.00672924 -0.0582916 -2.40467 0.00770314 0.999844 0.0164844 -1.73492 0.0581733 -0.0169059 0.998184 142.42
0.998228 -0.00657841 -0.0593629 -2.47104 0.0076577 0.999821 0.0179728 -1.72316 0.0592354 -0.0183964 0.998091 143.709
0.998191 -0.0041178 -0.0602114 -2.54006 0.00526082 0.999819 0.0188239 -1.71099 0.0601246 -0.0191072 0.998029 144.998
0.998234 -0.00395065 -0.0594963 -2.63014 0.00494049 0.999864 0.0164996 -1.69945 0.0594244 -0.0167652 0.998109 146.291
0.998275 -0.00299192 -0.0588641 -2.71842 0.00384179 0.9999 0.0143171 -1.69049 0.058817 -0.0145193 0.998184 147.582
0.998273 -0.00321867 -0.0588838 -2.80036 0.00388952 0.999941 0.0112821 -1.69018 0.0588454 -0.0114925 0.998218 148.899
0.998282 -0.00468884 -0.0586335 -2.88425 0.00510625 0.999973 0.00695755 -1.69834 0.058601 -0.00724579 0.998276 150.183
0.998279 -0.00502588 -0.0586583 -2.96672 0.00523364 0.999992 0.0033884 -1.7122 0.0586422 -0.00369047 0.998289 151.479
0.998264 -0.00525167 -0.0588955 -3.05161 0.00538672 0.999993 0.00212 -1.72954 0.0588856 -0.00243439 0.998282 152.773
0.99825 -0.00484295 -0.0591664 -3.13167 0.00500155 0.999996 0.00253253 -1.75222 0.0591553 -0.00282493 0.998262 154.035
0.998205 -0.00414691 -0.0599909 -3.21687 0.00434778 0.999995 0.00320527 -1.77609 0.059979 -0.00346118 0.998215 155.338
0.998188 -0.00343623 -0.060307 -3.29708 0.00370279 0.999995 0.00430872 -1.79598 0.0602932 -0.00452512 0.998188 156.611
0.99814 -0.00292458 -0.0611335 -3.37658 0.0032255 0.999993 0.00481191 -1.81212 0.0611207 -0.00500105 0.99814 157.892
0.998017 -0.00275168 -0.0631061 -3.44537 0.00304179 0.999996 0.00450256 -1.83037 0.0630948 -0.00468654 0.998014 159.155
0.997925 -0.0017982 -0.0645783 -3.52532 0.0021519 0.999993 0.00539772 -1.85462 0.0645698 -0.00552645 0.99792 160.421
0.99785 -0.00218788 -0.0657163 -3.61305 0.00262949 0.999985 0.00663474 -1.87268 0.0657022 -0.00679432 0.997834 161.729
0.997848 -0.0015012 -0.0657695 -3.7232 0.0019729 0.999983 0.00709769 -1.89284 0.0657594 -0.0072131 0.997831 163.061
0.997681 -0.000988222 -0.068236 -3.79078 0.00141273 0.999991 0.00617308 -1.90829 0.0682306 -0.00625622 0.997666 164.318
0.997703 -0.000802321 -0.0679286 -3.90172 0.0011781 0.999995 0.00548068 -1.93205 0.0679256 -0.00554921 0.997697 165.595
0.99763 6.24364e-05 -0.0689848 -3.98985 0.000343059 0.999993 0.00586391 -1.9543 0.068986 -0.00587475 0.997617 166.853
0.997547 -0.000427936 -0.0701882 -4.08475 0.000766399 0.999999 0.00478479 -1.96845 0.0701877 -0.00482798 0.997546 168.166
0.997499 5.18988e-05 -0.0708601 -4.18705 0.000205043 1 0.00361634 -1.98393 0.0708619 -0.00362288 0.997496 169.447
0.997346 0.000386457 -0.0729959 -4.27257 -7.30607e-05 1 0.00428625 -2.00686 0.0729991 -0.00427069 0.997348 170.731
0.997274 0.00112435 -0.073947 -4.37608 -0.000698813 0.999994 0.00577884 -2.02708 0.0739544 -0.00571245 0.997262 172.013
0.997093 0.00155179 -0.0763502 -4.46185 -0.0010902 0.999992 0.00607646 -2.03856 0.0763605 -0.00597671 0.997086 173.287
0.996947 0.00221937 -0.0782156 -4.56497 -0.00174621 0.999991 0.00611652 -2.04838 0.0782297 -0.00596238 0.996935 174.56
0.99685 0.00331911 -0.0794027 -4.67233 -0.00282768 0.999987 0.00629135 -2.05979 0.079424 -0.00604819 0.996847 175.826
0.996883 0.00361953 -0.0789722 -4.80704 -0.00318435 0.99999 0.00563489 -2.07918 0.078993 -0.005367 0.996879 177.113
0.996787 0.00459895 -0.0801376 -4.91295 -0.00422767 0.999991 0.00479285 -2.08932 0.0801603 -0.00443984 0.996797 178.4
0.996796 0.00520574 -0.0799733 -5.04061 -0.00482851 0.999988 0.00490929 -2.10152 0.079999 -0.00450853 0.996803 179.682
0.996856 0.00501732 -0.079241 -5.16878 -0.00475249 0.999994 0.00352112 -2.11694 0.0792596 -0.00313466 0.996874 180.968
0.99683 0.00364101 -0.0796447 -5.27786 -0.00345326 1 0.0024942 -2.14148 0.0796552 -0.00221239 0.996838 182.242
0.996774 0.000589131 -0.0804267 -5.37836 -0.000362855 1.00001 0.00281855 -2.16335 0.0804304 -0.0027815 0.996782 183.518
0.996635 0.0011672 -0.0821253 -5.47309 -0.00061459 0.999988 0.00675269 -2.1825 0.0821335 -0.00668071 0.996617 184.824
0.996616 0.000414941 -0.0823616 -5.58187 0.000481646 0.999952 0.0108553 -2.19502 0.0823635 -0.0108594 0.996569 186.118
0.996587 0.0016054 -0.0826967 -5.69131 -0.000742648 0.999956 0.0104613 -2.2071 0.0827112 -0.0103654 0.996538 187.374
0.99659 0.0032831 -0.0826058 -5.80757 -0.00266675 0.999978 0.00755969 -2.22088 0.0826302 -0.00731478 0.99658 188.635
0.996557 0.0033735 -0.0830083 -5.92052 -0.00290407 0.999991 0.00577434 -2.23628 0.0830283 -0.00551458 0.996551 189.876
0.996624 0.00394333 -0.0821719 -6.04399 -0.00349879 0.999989 0.0055423 -2.24663 0.0821942 -0.00523715 0.99663 191.128
0.99669 0.00494562 -0.0813205 -6.16228 -0.00443439 0.999981 0.00646432 -2.25572 0.0813521 -0.00608352 0.996686 192.376
0.996793 0.00560921 -0.0800058 -6.28481 -0.00499382 0.999967 0.00787766 -2.26459 0.0800487 -0.00745388 0.996791 193.639
0.99688 0.00620934 -0.0788594 -6.4028 -0.00558746 0.999963 0.00810202 -2.26937 0.078908 -0.00763728 0.996872 194.923
0.996926 0.00723664 -0.0781903 -6.50166 -0.00670448 0.999963 0.00705389 -2.27365 0.0782399 -0.00650902 0.996942 196.171
0.997055 0.00651132 -0.0766003 -6.60432 -0.00616123 0.99998 0.00480439 -2.28311 0.0766314 -0.00431943 0.997069 197.41
0.997181 0.00681883 -0.0749191 -6.70723 -0.00660805 0.999984 0.0030482 -2.29898 0.0749401 -0.00254557 0.997213 198.651
0.99729 0.00634807 -0.0734916 -6.80557 -0.00619706 0.999989 0.00228141 -2.31643 0.0735065 -0.00182091 0.997312 199.891
0.997341 0.00668268 -0.0727742 -6.89483 -0.00649626 0.999985 0.00278459 -2.33771 0.0727933 -0.00230543 0.997372 201.121
0.997465 0.00655577 -0.0710548 -6.99446 -0.006218 0.999979 0.00497301 -2.36054 0.071087 -0.00451978 0.997479 202.343
0.997517 0.00765748 -0.0702234 -7.08937 -0.00727146 0.999967 0.0057367 -2.38206 0.0702666 -0.00521274 0.997543 203.565
0.997495 0.00800917 -0.070471 -7.17352 -0.0076119 0.999965 0.00590355 -2.39903 0.070517 -0.00535355 0.997515 204.768
0.997437 0.00808367 -0.071298 -7.24813 -0.00769491 0.999964 0.0057116 -2.41341 0.0713432 -0.00514928 0.997467 205.992
0.997564 0.00779123 -0.0695058 -7.36772 -0.00737879 0.999965 0.00618749 -2.43746 0.0695527 -0.00566077 0.997581 207.177
0.997659 0.00801946 -0.0681182 -7.4723 -0.00759985 0.999961 0.00640312 -2.46006 0.0681685 -0.00587137 0.997684 208.385
0.99776 0.00807219 -0.0666008 -7.57519 -0.00763789 0.999959 0.00677248 -2.48067 0.0666539 -0.00624985 0.997775 209.589
0.997838 0.00746191 -0.0655134 -7.66634 -0.00705463 0.999965 0.0064313 -2.49531 0.0655606 -0.00595614 0.997859 210.763
0.997842 0.00766286 -0.0654155 -7.74989 -0.00720011 0.999959 0.0073061 -2.51236 0.06547 -0.00682059 0.99785 211.923
0.997823 0.00690749 -0.0658136 -7.83227 -0.00637175 0.999956 0.00833261 -2.52892 0.0658697 -0.00789601 0.997825 213.086
0.997758 0.00678723 -0.0667786 -7.91637 -0.00624656 0.999957 0.00830214 -2.54609 0.0668333 -0.00786762 0.997752 214.243
0.997697 0.00739725 -0.0676522 -7.99086 -0.00688253 0.999956 0.00782476 -2.56725 0.0677087 -0.00734203 0.997707 215.342
0.997682 0.00734703 -0.0678581 -8.07915 -0.00687135 0.999961 0.00724058 -2.5847 0.0679099 -0.00675876 0.997688 216.442
0.997642 0.00769353 -0.0684354 -8.1598 -0.00720094 0.999957 0.00742914 -2.60409 0.0684913 -0.00691965 0.997657 217.519
0.997554 0.00741672 -0.0697061 -8.24148 -0.00691753 0.99996 0.00740033 -2.62029 0.0697595 -0.00690132 0.997559 218.592
0.997391 0.00717881 -0.0720634 -8.31658 -0.00658037 0.999953 0.00852702 -2.63637 0.0721229 -0.00803141 0.997393 219.651
0.997209 0.00663524 -0.0745554 -8.39331 -0.00586723 0.99994 0.010515 -2.65244 0.0746218 -0.0100494 0.997181 220.689
0.997025 0.00809111 -0.0768807 -8.48365 -0.00714453 0.999907 0.0125691 -2.66399 0.0769771 -0.0119833 0.996991 221.787
0.996577 0.00846345 -0.0824107 -8.5204 -0.0074085 0.999898 0.0130972 -2.6818 0.0825145 -0.0124431 0.996533 222.749
0.996329 0.00827102 -0.0854038 -8.61462 -0.00729802 0.999917 0.0116893 -2.67825 0.0854953 -0.011024 0.996307 223.815
0.99599 0.00823365 -0.0892468 -8.69691 -0.00727336 0.999924 0.0110767 -2.67446 0.0893326 -0.0103845 0.995969 224.799
0.995732 0.00922993 -0.0920129 -8.79303 -0.00823874 0.999916 0.0111374 -2.68405 0.0921098 -0.0103327 0.995726 225.744
0.995443 0.00950827 -0.0950418 -8.88726 -0.00852551 0.999918 0.0107379 -2.69568 0.0951375 -0.00988009 0.995437 226.672
0.995075 0.00928443 -0.0988722 -8.97734 -0.00831773 0.999926 0.0101766 -2.70572 0.0989612 -0.00930495 0.995079 227.58
0.994898 0.00962757 -0.100566 -9.09303 -0.00872335 0.99993 0.00942364 -2.71724 0.100651 -0.00849975 0.994907 228.459
0.994752 0.0109114 -0.101906 -9.21059 -0.0100387 0.999921 0.00906493 -2.72892 0.101999 -0.00799525 0.994784 229.327
0.994515 0.0111219 -0.10414 -9.31578 -0.0103047 0.999924 0.00837699 -2.74285 0.104226 -0.00725938 0.994548 230.162
0.994297 0.0128072 -0.106035 -9.42201 -0.0119756 0.999905 0.00846764 -2.75687 0.106135 -0.00715044 0.994357 230.995
0.994272 0.0137533 -0.106126 -9.52121 -0.012882 0.99989 0.00888565 -2.76716 0.106238 -0.00746914 0.994334 231.791
0.994355 0.013656 -0.105382 -9.61847 -0.0127021 0.999885 0.00970919 -2.77798 0.105504 -0.00831667 0.994416 232.579
0.994428 0.0137853 -0.104648 -9.70782 -0.0127615 0.999876 0.0104413 -2.79042 0.10478 -0.00904914 0.994476 233.335
0.994499 0.0144086 -0.10391 -9.79597 -0.0134144 0.99987 0.0102523 -2.79994 0.104046 -0.00880285 0.994566 234.087
0.994568 0.0140691 -0.103276 -9.88127 -0.0132777 0.999889 0.00834052 -2.81301 0.103384 -0.00692538 0.994639 234.822
0.994644 0.0141971 -0.10254 -9.95909 -0.0136038 0.999899 0.00647468 -2.82474 0.102623 -0.00504605 0.99474 235.56
0.994751 0.0141452 -0.10148 -10.0384 -0.0136891 0.999905 0.00518369 -2.83547 0.101545 -0.00376875 0.994845 236.282
0.994909 0.014638 -0.0998724 -10.1191 -0.0142107 0.999899 0.00497943 -2.8476 0.0999369 -0.0035358 0.99502 237.01
0.995128 0.0140938 -0.0977266 -10.1998 -0.0136828 0.999906 0.00486808 -2.85736 0.0977874 -0.00350865 0.995223 237.746
0.995327 0.0147083 -0.0956134 -10.2743 -0.0143718 0.999901 0.00419755 -2.85891 0.0956674 -0.0028048 0.995443 238.464
0.995416 0.0150647 -0.0945905 -10.3349 -0.0148065 0.999896 0.00342394 -2.86181 0.0946337 -0.00200915 0.995531 239.184
0.995459 0.0137954 -0.0943711 -10.3799 -0.013614 0.999916 0.00255502 -2.87054 0.0944004 -0.00125966 0.995566 239.906
0.995624 0.0139247 -0.0925576 -10.4347 -0.0136362 0.999912 0.00374375 -2.89118 0.092603 -0.00246673 0.995722 240.622
0.995791 0.012839 -0.090951 -10.4811 -0.0124046 0.999921 0.00533017 -2.91337 0.0910142 -0.00418053 0.995874 241.328
0.995957 0.0118277 -0.0892043 -10.5303 -0.0112177 0.999921 0.00733032 -2.94628 0.0892856 -0.00630152 0.996007 242.035
0.996268 0.011469 -0.0857726 -10.5983 -0.0108542 0.999924 0.00761969 -2.9585 0.0858556 -0.00666135 0.996319 242.744
0.996464 0.0109372 -0.0834774 -10.6518 -0.0103905 0.999933 0.00697415 -2.96298 0.0835496 -0.00608353 0.996507 243.442
0.996644 0.0101059 -0.0814581 -10.701 -0.00962153 0.999945 0.00632556 -2.96908 0.0815198 -0.00552174 0.996689 244.15
0.996894 0.0109366 -0.0781862 -10.7641 -0.0105784 0.999943 0.00498872 -2.97246 0.0782379 -0.0041476 0.996948 244.839
0.997021 0.010467 -0.0766616 -10.808 -0.0101695 0.999951 0.00425916 -2.98015 0.0767046 -0.00346796 0.997081 245.56
0.997111 0.0107655 -0.0753906 -10.8497 -0.0104297 0.999945 0.00484036 -2.98632 0.0754402 -0.00404152 0.997164 246.265
0.99726 0.0109289 -0.0734164 -10.9009 -0.0105724 0.999942 0.00522964 -2.99273 0.0734715 -0.00444021 0.997321 246.972
0.9974 0.0102598 -0.0715403 -10.9505 -0.00994885 0.999951 0.00469713 -3.00045 0.0715867 -0.00397462 0.997448 247.693
0.997597 0.00987872 -0.0688511 -11.0064 -0.009736 0.999961 0.00239487 -3.00602 0.0688743 -0.00171988 0.997658 248.408
0.997723 0.0102797 -0.0668866 -11.0601 -0.0103055 0.999958 -4.64092e-05 -3.01381 0.066885 0.000734189 0.997783 249.126
0.997824 0.00869488 -0.0656517 -11.1106 -0.00880763 0.999972 -0.00144232 -3.02447 0.0656395 0.0020163 0.997876 249.85
0.997811 0.00902238 -0.0657391 -11.1582 -0.00918385 0.999967 -0.00215992 -3.03319 0.065719 0.00275757 0.997856 250.58
0.997802 0.00759293 -0.0661218 -11.203 -0.0077946 0.999977 -0.00280693 -3.04334 0.0661013 0.00331506 0.997843 251.315
0.997807 0.00884214 -0.0658395 -11.2561 -0.00907296 0.999965 -0.00321139 -3.05363 0.0658105 0.00380041 0.997847 252.064
0.997775 0.0088094 -0.0663917 -11.3049 -0.00906151 0.999965 -0.00351246 -3.0654 0.0663606 0.00410518 0.997822 252.81
0.997774 0.0082178 -0.0664176 -11.3542 -0.00861075 0.999959 -0.00563575 -3.07553 0.0663702 0.00619386 0.997798 253.565
0.997807 0.00394259 -0.0663618 -11.3985 -0.00450352 0.999967 -0.00831988 -3.08554 0.0663291 0.00859942 0.997795 254.324
0.997846 0.000791583 -0.0658321 -11.447 -0.00143177 0.999964 -0.00968074 -3.09455 0.0658237 0.00975289 0.997806 255.099
0.99787 0.00418293 -0.0653951 -11.5014 -0.00458391 0.999984 -0.00599713 -3.10122 0.0653712 0.0062831 0.997875 255.878
0.997877 0.00841225 -0.0648132 -11.5622 -0.00841024 0.999977 0.000299224 -3.12061 0.0648157 0.000245166 0.99792 256.688
0.997893 0.00714077 -0.0647795 -11.6063 -0.00686922 0.99998 0.00439703 -3.14526 0.0648117 -0.00394372 0.997924 257.487
0.998007 0.00612773 -0.0630511 -11.6543 -0.0059852 0.999992 0.00244442 -3.15852 0.063067 -0.00206347 0.998031 258.275
0.998321 0.00704218 -0.0578149 -11.7196 -0.00725273 0.999981 -0.00345042 -3.17005 0.0577916 0.00386291 0.998355 259.066
0.99855 0.0087263 -0.0534156 -11.779 -0.00912174 0.999946 -0.0071697 -3.18256 0.0533515 0.00764532 0.99857 259.881
0.998725 0.0101361 -0.049821 -11.8311 -0.010481 0.999936 -0.00668606 -3.2008 0.0497523 0.00719869 0.998769 260.714
0.998927 0.00886286 -0.0458087 -11.8832 -0.00908585 0.999961 -0.00466871 -3.21587 0.0457669 0.00507867 0.998963 261.56
0.999111 0.00621624 -0.0421504 -11.9273 -0.00629085 0.999992 -0.00166031 -3.23036 0.042142 0.00192302 0.999144 262.399
0.99921 0.00394265 -0.0399549 -11.9553 -0.0039637 1 -0.00045159 -3.24254 0.0399548 0.00060828 0.999226 263.249
0.999358 0.00432265 -0.0360988 -12.0005 -0.00432811 1 -9.82998e-05 -3.25511 0.0361007 0.000253387 0.999383 264.093
0.999437 0.00647256 -0.0334301 -12.0393 -0.00652999 0.999991 -0.00161322 -3.27282 0.0334207 0.00182935 0.999465 264.938
0.999474 0.00679183 -0.0322835 -12.0561 -0.00691565 0.999981 -0.00375822 -3.28932 0.0322597 0.00397847 0.999507 265.781
0.999563 0.0075576 -0.029168 -12.0984 -0.0076741 0.999976 -0.00388805 -3.30072 0.0291393 0.00410891 0.999592 266.616
0.999638 0.00844403 -0.0262676 -12.1219 -0.00851602 0.999972 -0.00266847 -3.30922 0.0262469 0.00289013 0.999687 267.484
0.999715 0.0109114 -0.0219998 -12.1625 -0.0109484 0.999953 -0.00156451 -3.32267 0.021983 0.00180364 0.999782 268.327
0.99977 0.0118717 -0.0189035 -12.1929 -0.0119084 0.999939 -0.001885 -3.33602 0.0188825 0.00210863 0.999855 269.169
0.999825 0.0118703 -0.0156061 -12.2167 -0.0119165 0.999939 -0.00287758 -3.34798 0.0155723 0.00306185 0.9999 270.028
0.999882 0.0102087 -0.0130311 -12.2279 -0.010257 0.999953 -0.00371596 -3.35892 0.0129951 0.00384809 0.999945 270.906
0.999924 0.00739975 -0.0114795 -12.234 -0.00744104 0.99998 -0.00355859 -3.36885 0.0114542 0.00364253 0.999954 271.767
0.999939 0.00562721 -0.0113314 -12.2364 -0.00566915 0.999989 -0.00376229 -3.38558 0.0113127 0.00382521 0.999966 272.627
0.999936 0.00468487 -0.0118904 -12.235 -0.00473379 0.999995 -0.00408663 -3.3991 0.0118726 0.00414143 0.999947 273.508
0.999946 0.00412074 -0.0113943 -12.2489 -0.00417528 0.999992 -0.00485289 -3.40992 0.0113768 0.00489906 0.99996 274.381
0.999946 0.00429574 -0.0111639 -12.2689 -0.00434888 0.999993 -0.00473975 -3.42302 0.0111448 0.00478681 0.999953 275.258
0.999963 0.00476154 -0.00959374 -12.3105 -0.00480942 0.999988 -0.00507974 -3.43673 0.009572 0.00512452 0.999979 276.132
0.999957 0.0048243 -0.00990996 -12.3387 -0.00488694 0.999982 -0.00630226 -3.4523 0.00988072 0.0063491 0.999958 276.988
0.999944 0.00485045 -0.0115203 -12.3523 -0.00494458 0.999966 -0.00825605 -3.46546 0.0114824 0.00831131 0.999939 277.855
0.999886 0.00552349 -0.0153006 -12.3483 -0.00567198 0.999951 -0.00967748 -3.47949 0.0152478 0.00976177 0.999863 278.726
0.999872 0.00627696 -0.0161434 -12.3748 -0.0064467 0.999936 -0.0105536 -3.49943 0.0160788 0.0106552 0.999854 279.584
0.999853 0.00809302 -0.016297 -12.4241 -0.00827057 0.999921 -0.0108584 -3.51806 0.0162092 0.0109902 0.999836 280.418
0.999806 0.00838646 -0.0190804 -12.4391 -0.00857085 0.999929 -0.00966205 -3.55086 0.0190007 0.00982261 0.999812 281.293
0.99974 0.00854142 -0.0220012 -12.4591 -0.00873388 0.999937 -0.00866522 -3.56725 0.0219273 0.00885368 0.999748 282.171
0.999667 0.00798989 -0.0254678 -12.4939 -0.00816213 0.999957 -0.00671048 -3.57943 0.0254157 0.00691505 0.999696 283.022
0.999528 0.0074239 -0.0304717 -12.5212 -0.00760284 0.999968 -0.00575768 -3.59403 0.0304296 0.00598518 0.999547 283.885
0.999316 0.00727158 -0.0369207 -12.5403 -0.0074641 0.999973 -0.0051133 -3.60893 0.036885 0.00538427 0.999349 284.719
0.999072 0.00811402 -0.0427362 -12.5692 -0.00836284 0.999963 -0.00564483 -3.61577 0.0426904 0.00599554 0.999098 285.56
0.998774 0.00727198 -0.0494594 -12.5899 -0.00753016 0.999973 -0.00505967 -3.64198 0.0494239 0.00542483 0.998806 286.39
0.998586 0.0065705 -0.0531585 -12.6522 -0.00685208 0.999977 -0.00511792 -3.65862 0.0531254 0.00547341 0.998602 287.183
0.998364 0.00687569 -0.0571721 -12.7028 -0.00720187 0.999973 -0.0055212 -3.67614 0.0571351 0.00592285 0.998393 287.982
0.998097 0.00766129 -0.0615337 -12.7518 -0.00804341 0.999964 -0.00596582 -3.69149 0.0614875 0.00644795 0.998117 288.755
0.997894 0.00920547 -0.0645615 -12.8117 -0.00957673 0.999953 -0.00546027 -3.71176 0.0645106 0.00606591 0.997943 289.506
0.997662 0.0087566 -0.0680908 -12.8716 -0.00916142 0.999956 -0.00563604 -3.72824 0.0680403 0.00624524 0.997693 290.234
0.997388 0.00696596 -0.0722068 -12.932 -0.0074398 0.999966 -0.0063103 -3.74793 0.0721627 0.00682987 0.997414 290.947
0.997011 0.00806733 -0.077117 -12.994 -0.00871419 0.999944 -0.00805555 -3.76186 0.0770496 0.00870199 0.99702 291.638
0.996466 0.00984895 -0.083676 -13.0587 -0.0107648 0.999901 -0.0105142 -3.77275 0.0835663 0.0113766 0.996482 292.32
0.995709 0.0100591 -0.0922314 -13.1351 -0.0112239 0.999877 -0.0121186 -3.79936 0.0921005 0.0131002 0.995694 292.957
0.994714 0.00914579 -0.102486 -13.2165 -0.0105371 0.999873 -0.0130528 -3.81967 0.102355 0.0140626 0.994693 293.595
0.993401 0.00834209 -0.114577 -13.3294 -0.00992391 0.999877 -0.0132439 -3.8307 0.114454 0.0142919 0.993356 294.185
0.991376 0.00956078 -0.130863 -13.4433 -0.0112351 0.999878 -0.0120706 -3.85775 0.130733 0.0134357 0.991371 294.787
0.988579 0.0120135 -0.150365 -13.5692 -0.0137996 0.99986 -0.0108421 -3.88378 0.150217 0.0127915 0.988601 295.386
0.98494 0.0136244 -0.172487 -13.7106 -0.0156685 0.999837 -0.0105011 -3.9078 0.172317 0.0130445 0.985001 295.97
0.980613 0.0146836 -0.195578 -13.9157 -0.0170027 0.999817 -0.0101848 -3.92796 0.195396 0.0133105 0.980678 296.545
0.975137 0.015612 -0.221148 -14.0961 -0.0182285 0.999801 -0.00980061 -3.93148 0.220952 0.0135871 0.975236 297.048
0.968237 0.0159475 -0.249663 -14.2927 -0.0186792 0.999802 -0.00857648 -3.93538 0.249481 0.0129654 0.968339 297.559
0.959149 0.0163446 -0.282533 -14.4802 -0.0189583 0.999814 -0.00652352 -3.94661 0.282373 0.0116121 0.959289 298.063
0.948181 0.0162064 -0.31743 -14.6852 -0.0186391 0.999829 -0.00462872 -3.95225 0.317306 0.0103032 0.948316 298.562
0.935202 0.0171635 -0.353785 -14.9095 -0.0192287 0.999828 -0.00232607 -3.95651 0.353683 0.00897691 0.935378 299.048
0.920193 0.0183516 -0.391127 -15.1514 -0.0197948 0.999818 0.000341047 -3.95944 0.391067 0.00742615 0.920384 299.518
0.903141 0.018592 -0.429008 -15.4052 -0.0193381 0.999825 0.00261768 -3.96447 0.42898 0.0059308 0.903351 299.949
0.883618 0.017946 -0.467942 -15.6587 -0.0179112 0.999843 0.00452351 -3.96603 0.467956 0.00438203 0.883796 300.363
0.86055 0.0173462 -0.509132 -15.9358 -0.0161858 0.999863 0.0067064 -3.98978 0.509175 0.00246821 0.860719 300.84
0.834337 0.016982 -0.551058 -16.2367 -0.014563 0.99987 0.00876387 -4.0123 0.551142 0.000710801 0.834471 301.301
0.805412 0.0167382 -0.592536 -16.5432 -0.0128054 0.999877 0.0108384 -4.02643 0.59264 -0.00114315 0.805533 301.705
0.773152 0.0167117 -0.634056 -16.8597 -0.0106172 0.999868 0.0134069 -4.03791 0.634204 -0.00363602 0.773223 302.078
0.737748 0.0183672 -0.674876 -17.2081 -0.0110623 0.999842 0.015118 -4.04799 0.675042 -0.00368909 0.73784 302.434
0.699203 0.0179526 -0.714746 -17.5764 -0.00896491 0.999841 0.0163433 -4.05753 0.714934 -0.0050219 0.699249 302.77
0.657223 0.017125 -0.753545 -17.9552 -0.0047413 0.999833 0.0185865 -4.0564 0.753732 -0.00864428 0.6572 303.064
0.611036 0.0161557 -0.791481 -18.354 0.00217457 0.999768 0.0220854 -4.05362 0.791663 -0.0152184 0.610855 303.333
0.560286 0.0165041 -0.828177 -18.7678 0.00717314 0.999685 0.0247747 -4.04904 0.828318 -0.0198232 0.559995 303.569
0.506754 0.0212082 -0.861869 -19.1575 0.00518829 0.999619 0.0276478 -4.04588 0.862136 -0.0184845 0.506448 303.741
0.451249 0.0276169 -0.892011 -19.5559 0.000447875 0.999531 0.0311722 -4.04546 0.892447 -0.0144676 0.451029 303.881
0.395195 0.0316728 -0.918084 -19.9802 -0.0022987 0.999452 0.0334897 -4.04198 0.918651 -0.0111268 0.395048 303.964
0.338115 0.0340287 -0.940528 -20.4076 -0.00317859 0.999399 0.0350159 -4.03784 0.941148 -0.00885142 0.338022 304.013
0.281412 0.0356882 -0.958954 -20.87 -0.000559386 0.99933 0.0370258 -4.02335 0.959642 -0.00988525 0.28124 304.023
0.224282 0.0382397 -0.973812 -21.2944 0.00191856 0.999228 0.0396796 -4.00529 0.97457 -0.0107694 0.224037 304.013
0.166361 0.0416314 -0.985216 -21.7512 0.00443772 0.999082 0.0429658 -3.97991 0.986111 -0.011522 0.166022 303.979
0.105304 0.0445772 -0.993479 -22.1481 0.00722285 0.998952 0.0455885 -3.96286 0.994462 -0.011978 0.104872 303.938
0.043226 0.0481407 -0.997935 -22.6008 0.00722013 0.998813 0.0484949 -3.94276 0.999095 -0.00930352 0.042826 303.854
-0.021686 0.053591 -0.998365 -23.0482 0.00938164 0.998548 0.0533971 -3.9205 0.999766 -0.00821005 -0.0221581 303.781
-0.0879683 0.0600797 -0.994341 -23.4716 0.0114209 0.998191 0.059301 -3.90055 0.996115 -0.00614165 -0.0884953 303.686
-0.155414 0.066462 -0.985649 -23.9315 0.0143644 0.997799 0.0650165 -3.87184 0.98779 -0.00405541 -0.156029 303.576
-0.222056 0.0722612 -0.972384 -24.3753 0.0172184 0.997401 0.0701873 -3.84229 0.974939 -0.00115937 -0.222722 303.433
-0.286911 0.0778037 -0.954832 -24.818 0.0214096 0.996987 0.0748057 -3.81545 0.957763 0.00101834 -0.287715 303.254
-0.350141 0.0813543 -0.933191 -25.257 0.0257301 0.996697 0.0772354 -3.78082 0.936401 0.00303035 -0.351076 303.05
-0.411745 0.0841897 -0.907443 -25.714 0.0303781 0.996457 0.0786646 -3.75483 0.91084 0.00482166 -0.412847 302.82
-0.46861 0.0855487 -0.87929 -26.1443 0.0353271 0.996335 0.0781081 -3.73064 0.882758 0.00553778 -0.469911 302.534
-0.522238 0.0858301 -0.848512 -26.5792 0.0390225 0.996304 0.0767626 -3.69283 0.851954 0.00697574 -0.523662 302.216
-0.572125 0.0858333 -0.815703 -27.0296 0.0419824 0.996286 0.0753885 -3.65106 0.819153 0.00888466 -0.573599 301.862
-0.616844 0.085516 -0.782471 -27.4599 0.0442913 0.996295 0.0739687 -3.60826 0.785888 0.0109687 -0.618351 301.485
-0.655861 0.0858732 -0.750027 -27.9025 0.0461358 0.996227 0.0737175 -3.56489 0.753535 0.0137437 -0.657343 301.064
-0.691249 0.0888519 -0.717181 -28.3338 0.0507648 0.99595 0.0744592 -3.51966 0.720883 0.0150606 -0.692966 300.614
-0.724876 0.0955545 -0.682271 -28.7376 0.0590403 0.995323 0.0766712 -3.47914 0.686413 0.0152941 -0.727121 300.128
-0.758378 0.0994726 -0.644231 -29.169 0.0644305 0.994906 0.0777718 -3.4228 0.648677 0.0174706 -0.760931 299.602
-0.789245 0.100113 -0.605921 -29.5883 0.0668371 0.994781 0.0773036 -3.37161 0.610504 0.0205121 -0.791811 299.03
-0.81757 0.0968412 -0.567686 -29.9831 0.0674922 0.995097 0.0725517 -3.32257 0.57192 0.021 -0.820105 298.434
-0.841787 0.0949382 -0.531459 -30.3155 0.0697446 0.995307 0.0673282 -3.28884 0.535361 0.0196085 -0.84445 297.807
-0.864391 0.0909046 -0.494601 -30.674 0.0694548 0.995699 0.0616201 -3.24848 0.498067 0.0189099 -0.866995 297.114
-0.884561 0.088823 -0.457964 -31.0124 0.0704134 0.995896 0.0571515 -3.21169 0.461164 0.018306 -0.887177 296.389
-0.902553 0.08766 -0.421638 -31.3149 0.0707598 0.995962 0.0555957 -3.17628 0.424802 0.0203416 -0.905119 295.652
-0.91934 0.0842095 -0.384441 -31.6166 0.0688263 0.996204 0.0536236 -3.14236 0.387499 0.0228377 -0.921637 294.824
-0.934278 0.0838847 -0.34663 -31.8837 0.0704389 0.996218 0.0512298 -3.10263 0.34961 0.0234451 -0.936663 294.004
-0.948009 0.0863546 -0.306422 -32.1484 0.0742631 0.995956 0.0509206 -3.07198 0.309581 0.0255164 -0.950579 293.146
-0.959387 0.0899309 -0.267494 -32.3681 0.0794003 0.99561 0.0499456 -3.03968 0.270805 0.0266765 -0.962325 292.277
-0.968755 0.0914813 -0.23069 -32.5404 0.0817937 0.99535 0.0512282 -3.00691 0.234304 0.0307578 -0.971724 291.345
-0.976415 0.0943944 -0.194334 -32.6939 0.0859254 0.994985 0.0515698 -2.97727 0.198223 0.0336536 -0.979639 290.375
-0.982704 0.0950286 -0.159179 -32.7937 0.0880843 0.99487 0.0501352 -2.94391 0.163125 0.0352461 -0.986022 289.419
-0.987846 0.0934428 -0.124465 -32.9265 0.0884452 0.995079 0.0450913 -2.90183 0.128062 0.0335335 -0.991259 288.378
-0.991683 0.0917201 -0.0907029 -33.022 0.0883356 0.99528 0.040643 -2.86482 0.094001 0.0322919 -0.995094 287.331
-0.994054 0.0910185 -0.0602943 -33.0452 0.0887676 0.995308 0.0389961 -2.83019 0.0635573 0.0334105 -0.997479 286.274
-0.995542 0.0902012 -0.0289073 -33.074 0.0890713 0.995311 0.0382002 -2.80331 0.0322154 0.0354542 -0.998898 285.185
-0.995926 0.0905207 0.00165682 -33.0961 0.0905206 0.995277 0.0356017 -2.76669 0.00157093 0.0356051 -0.999425 284.008
-0.995577 0.0894701 0.0299502 -33.0847 0.0904691 0.995341 0.0339048 -2.73334 -0.0267798 0.0364636 -0.999022 282.843
-0.994921 0.0863322 0.0523618 -32.9736 0.0881651 0.995552 0.0337997 -2.70129 -0.0492131 0.0382431 -0.998116 281.718
-0.993565 0.0844385 0.0759943 -32.8784 0.0871661 0.995656 0.0333341 -2.66747 -0.0728524 0.039743 -0.996598 280.543
-0.991978 0.082239 0.0963352 -32.7544 0.0855997 0.995857 0.0312993 -2.63718 -0.093364 0.039293 -0.994917 279.334
-0.990539 0.0781266 0.113165 -32.6073 0.0818378 0.996257 0.0285334 -2.61512 -0.110515 0.0375238 -0.993213 278.121
-0.989401 0.0732124 0.125659 -32.4463 0.0771609 0.996676 0.0268527 -2.58923 -0.123277 0.0362625 -0.991771 276.893
-0.988729 0.0684191 0.133456 -32.2753 0.0727821 0.996972 0.0280969 -2.56355 -0.131133 0.0374926 -0.990702 275.672
