0.999998 -0.00159895 -0.00139983 -0.00617447 0.00159688 0.999999 -0.000982095 -0.00836638 0.00140044 0.000979589 0.999999 0.568086
0.999995 -0.00217645 -0.00238033 -0.00944302 0.00217269 0.999996 -0.00161124 -0.02996 0.00238382 0.00160602 0.999996 1.10747
0.999979 -0.00273828 -0.00577255 0.0299864 0.00271609 0.999991 -0.00369748 -0.0268592 0.00578155 0.00368136 0.999977 1.53872
0.999987 -0.00437402 -0.00281149 -0.12553 0.00435122 0.999959 -0.00802624 0.012643 0.00284633 0.00801388 0.999965 2.21258
0.999942 -0.00801161 -0.00735382 -0.0468482 0.00793173 0.999915 -0.0107082 0.0105231 0.00743765 0.0106488 0.999919 2.63796
0.999963 -0.00729717 -0.00468043 -0.148818 0.00723113 0.999876 -0.0139973 0.0520718 0.00478146 0.013963 0.999892 3.2968
0.999942 -0.00743259 -0.00789799 -0.126636 0.00733318 0.9999 -0.0123868 0.018734 0.00798782 0.0123276 0.999896 3.73714
0.999968 -0.0078573 -0.00213929 -0.268876 0.0078335 0.99991 -0.0109869 -0.0396756 0.00222469 0.0109697 0.999939 4.34489
0.999978 -0.00594357 -0.00338486 -0.270197 0.00589661 0.999899 -0.0133372 -0.0705553 0.00346212 0.0133163 0.999909 4.93456
0.999976 -0.00469401 -0.00537441 -0.265307 0.00460672 0.99986 -0.0161566 -0.103936 0.00544875 0.0161315 0.999857 5.49081
0.999978 -0.00356855 -0.00581877 -0.288408 0.00343564 0.999747 -0.0224583 -0.0653459 0.00589566 0.022437 0.999735 6.16549
0.999983 -0.00105351 -0.00596984 -0.319329 0.000926253 0.999774 -0.0213123 -0.0987577 0.00599015 0.0213065 0.999757 6.79062
0.999973 0.00181398 -0.00737462 -0.337085 -0.00190629 0.999926 -0.0123419 -0.152185 0.00734994 0.0123549 0.9999 7.41507
0.999969 0.00315747 -0.00733847 -0.334575 -0.00316358 0.999996 -0.00083463 -0.195968 0.00733497 0.00085788 0.999975 7.98399
0.999942 0.00441364 -0.0101771 -0.300515 -0.00437184 0.999986 0.0042724 -0.184803 0.0101938 -0.00422848 0.999945 8.6648
0.999924 0.0065958 -0.0105269 -0.331056 -0.00655614 0.999973 0.00378838 -0.207476 0.0105507 -0.00371898 0.99994 9.36031
0.999888 0.0124626 -0.00855758 -0.403619 -0.0124459 0.999926 0.00216907 -0.31688 0.00858205 -0.00206309 0.999968 10.0019
0.999864 0.0116953 -0.0117372 -0.381496 -0.0117732 0.999912 -0.0066219 -0.267847 0.0116573 0.00675924 0.999914 10.7326
0.99989 0.0100194 -0.0110115 -0.41383 -0.0100636 0.999947 -0.00386624 -0.291724 0.0109699 0.00397584 0.999938 11.4641
0.999891 0.00905272 -0.0118045 -0.409122 -0.00899013 0.999951 0.00529975 -0.298068 0.0118501 -0.00519295 0.999923 12.2192
0.999879 0.00864279 -0.0131648 -0.40658 -0.00848483 0.999897 0.0120986 -0.292778 0.0132649 -0.0119863 0.999849 13.0118
0.999922 0.00750215 -0.010158 -0.459187 -0.00735515 0.999875 0.0144404 -0.291168 0.0102611 -0.0143652 0.99985 13.7673
0.999936 0.00566206 -0.0102072 -0.463689 -0.00552377 0.9999 0.0136528 -0.293853 0.0102786 -0.0135968 0.999869 14.5661
0.999948 0.00508786 -0.00926684 -0.471632 -0.00498151 0.999932 0.0114642 -0.29265 0.00931881 -0.0114184 0.9999 15.3716
0.999953 0.00772856 -0.0068324 -0.513306 -0.00767375 0.999948 0.00821282 -0.295404 0.00688978 -0.00816156 0.99996 16.228
0.999983 0.0046654 -0.00482681 -0.536078 -0.00465359 0.999997 0.00237672 -0.294629 0.00483115 -0.00235519 0.999996 17.0961
0.999998 0.00170817 -0.00433193 -0.536482 -0.00172839 1 -0.00432561 -0.29561 0.00431851 0.00433133 1 17.98
1 -0.00176335 -0.00183816 -0.576571 0.00174653 0.999966 -0.00929022 -0.294939 0.00184772 0.00928606 0.999966 18.9029
1.00001 -0.000971585 -0.00148796 -0.585182 0.000956279 0.99997 -0.00923785 -0.31694 0.00149071 0.00923462 0.999978 19.8248
1.00001 -0.00109993 -0.000529714 -0.604669 0.00109575 0.999973 -0.00879403 -0.331586 0.000532195 0.00879257 0.999974 20.7561
1.00001 0.000379783 0.000865587 -0.626416 -0.000372329 0.999962 -0.0101798 -0.351437 -0.00087653 0.0101776 0.99997 21.6935
1 0.00318068 0.00101119 -0.633059 -0.00316664 0.99993 -0.0125929 -0.364989 -0.00105911 0.0125887 0.999938 22.6481
0.999992 0.00657013 0.000839541 -0.64029 -0.00656 0.999907 -0.0131805 -0.387331 -0.00093347 0.0131727 0.999939 23.6263
0.999978 0.00821603 0.000442743 -0.639782 -0.0082077 0.999895 -0.0132309 -0.408966 -0.000560436 0.0132257 0.999934 24.5865
0.999974 0.00915874 0.000850153 -0.654939 -0.00914785 0.999885 -0.0133849 -0.432894 -0.000980442 0.0133745 0.999938 25.5717
0.999969 0.00930218 0.000624217 -0.656602 -0.00929128 0.999888 -0.0131819 -0.460497 -0.000755998 0.0131744 0.999936 26.5726
0.999962 0.0105311 0.00052282 -0.668517 -0.0105251 0.999889 -0.0122315 -0.483762 -0.000660123 0.0122233 0.999956 27.5744
0.999955 0.0108908 -0.000399881 -0.666668 -0.0108922 0.999901 -0.0107659 -0.501301 0.0002733 0.0107685 0.999966 28.5832
0.999958 0.0109326 -0.00142526 -0.662345 -0.0109463 0.999918 -0.00917857 -0.530887 0.00131615 0.00919156 0.999989 29.6016
0.999974 0.00894644 -0.00133151 -0.678204 -0.00895762 0.999924 -0.0105137 -0.548391 0.00122801 0.0105241 0.999969 30.5738
0.999958 0.00998784 -0.00462784 -0.653202 -0.0100368 0.999915 -0.0104293 -0.556324 0.00451446 0.010473 0.999968 31.5992
0.999973 0.00636592 -0.00656876 -0.666979 -0.00644671 0.999918 -0.012713 -0.519761 0.00647786 0.0127538 0.999923 32.6574
0.999949 0.00511251 -0.0107114 -0.64868 -0.00522934 0.999948 -0.0107956 -0.512328 0.0106467 0.0108489 0.999918 33.6432
0.999935 0.0060732 -0.0111172 -0.672845 -0.00614038 0.999981 -0.00623799 -0.529266 0.0110696 0.00630457 0.999944 34.7275
0.999913 0.005033 -0.0137346 -0.660427 -0.00509494 0.999998 -0.00439533 -0.534716 0.0137036 0.00446283 0.999929 35.7513
0.999915 0.00499078 -0.0133358 -0.698579 -0.00503652 1 -0.00358875 -0.559043 0.0133086 0.00365396 0.999932 36.7966
0.999922 0.00088565 -0.0140223 -0.735676 -0.000935189 1.00001 -0.00344959 -0.582342 0.0140105 0.00346037 0.999929 37.8508
0.999909 0.00135315 -0.0146435 -0.75931 -0.00140275 1.00001 -0.00354105 -0.605809 0.0146296 0.00355953 0.999915 38.9419
0.999894 0.00122485 -0.0158898 -0.774398 -0.00126957 1.00002 -0.00273981 -0.621313 0.0158777 0.00275758 0.999905 40.035
0.999876 0.00135356 -0.0168041 -0.799337 -0.00136453 1.00002 -0.000779833 -0.64091 0.0167942 0.000800848 0.999887 41.1273
0.999847 0.00163743 -0.0186674 -0.809397 -0.00161211 1.00002 0.00141736 -0.656603 0.0186611 -0.00138916 0.999862 42.2064
0.999839 0.00569988 -0.0180405 -0.842499 -0.00571806 1 -0.00108739 -0.674997 0.0180252 0.00118848 0.999866 43.3145
0.999799 0.0126007 -0.0170119 -0.870416 -0.0127286 0.999915 -0.00737374 -0.700822 0.0169086 0.00758643 0.999865 44.4386
0.999748 0.0166794 -0.0161858 -0.90716 -0.0168824 0.999799 -0.0126305 -0.731543 0.0159627 0.0128985 0.999819 45.5447
0.999766 0.0170402 -0.014981 -0.949099 -0.0172334 0.999793 -0.0127951 -0.764422 0.0147511 0.0130478 0.999842 46.6191
0.999793 0.0170664 -0.0127299 -1.00317 -0.0171783 0.999835 -0.00892559 -0.808421 0.0125668 0.0091403 0.99991 47.6992
0.999822 0.016349 -0.0118203 -1.03631 -0.0164063 0.99988 -0.00465394 -0.860364 0.0117347 0.00484428 0.999961 48.7907
0.999877 0.0136339 -0.010516 -1.07568 -0.0136486 0.99993 -0.00154507 -0.900785 0.0104861 0.00168599 0.999978 49.8727
0.9999 0.0129548 -0.00929059 -1.09958 -0.0129675 0.999943 -0.00123036 -0.935642 0.00926681 0.00134769 1 50.9683
0.999921 0.0119712 -0.00850366 -1.114 -0.0119896 0.999953 -0.00240452 -0.96237 0.00846478 0.00250377 1 52.0393
0.999936 0.0120831 -0.00599756 -1.1728 -0.0121129 0.999942 -0.00482831 -0.978982 0.00593131 0.00489746 1.00002 53.1523
0.999954 0.0110482 -0.00515289 -1.17294 -0.0110821 0.999941 -0.00704487 -1.00812 0.00506451 0.00709896 1 54.1795
0.999963 0.00997596 -0.00545289 -1.16747 -0.0100275 0.999934 -0.00938185 -1.04966 0.0053509 0.0094329 0.999991 55.2509
0.999979 0.00806831 -0.00594786 -1.16365 -0.00813324 0.999932 -0.0113752 -1.07515 0.00584486 0.0114206 0.999959 56.3487
0.999989 0.00639841 -0.00622042 -1.16331 -0.00645361 0.99997 -0.00876084 -1.10793 0.00615544 0.00879757 0.999995 57.441
0.999999 0.00475341 -0.00626157 -1.16606 -0.0047676 1.00002 -0.00260191 -1.13589 0.00623817 0.00262903 1.00002 58.5466
1.00001 0.00294282 -0.00573545 -1.17456 -0.00292059 1.00002 0.0040269 -1.16281 0.00573807 -0.00401344 1.00003 59.6188
0.999847 -0.000541937 -0.0191761 -1.08398 0.00061546 1.00003 0.00373216 -1.20946 0.0191633 -0.003746 0.999853 60.7809
0.999858 -0.00435408 -0.0181501 -1.10804 0.00437029 1.00002 0.00093601 -1.22451 0.0181359 -0.00101876 0.999894 61.8576
0.999885 -0.0056738 -0.0162355 -1.15815 0.00564172 1.00002 -0.00214736 -1.24143 0.0162354 0.00205299 0.999914 62.9275
0.999878 -0.0040234 -0.0171694 -1.16902 0.00391154 1.00001 -0.00648983 -1.25748 0.0171842 0.00641821 0.999897 64.0323
0.999899 -0.00392685 -0.0161339 -1.21219 0.00375374 0.999968 -0.0108426 -1.27634 0.0161636 0.0107785 0.999861 65.0984
0.999986 -0.00273254 -0.00946762 -1.28053 0.00264183 0.999989 -0.00942981 -1.31425 0.00948149 0.00940091 0.999977 65.8237
1 0.00079298 -0.00851669 -1.30233 -0.000838239 1.00002 -0.00552072 -1.34278 0.00849975 0.00552544 1 66.9458
0.999964 0.00237919 -0.0116551 -1.26543 -0.00244205 1.00002 -0.0052551 -1.3395 0.0116309 0.00527966 0.999985 67.9879
0.999968 0.00193389 -0.0119282 -1.28061 -0.00200265 1.00002 -0.00589195 -1.34448 0.0119039 0.00591331 0.999966 69.0947
0.999976 0.000105341 -0.0109687 -1.31569 -0.000166292 1.00003 -0.0054581 -1.36329 0.0109553 0.00545625 0.999996 70.1894
1 -0.000567591 -0.00915772 -1.35164 0.000523535 1.00003 -0.00500728 -1.378 0.00914623 0.00500011 1.00001 71.2742
0.999984 -0.00300631 -0.00977881 -1.36148 0.00298075 1.00003 -0.00249966 -1.40389 0.00977341 0.00246704 1.00002 72.3726
1 -0.00407627 -0.00811936 -1.40569 0.00406214 1.00003 -0.00198029 -1.40978 0.00811289 0.00194492 1.00003 73.4578
1.00001 -0.00464313 -0.00637026 -1.44649 0.00461844 1.00002 -0.00373406 -1.42975 0.00637438 0.00370138 1.00005 74.5324
1 -0.00329169 -0.00868767 -1.49125 0.00322793 1 -0.00757311 -1.45695 0.00869796 0.00754261 0.999996 75.6555
0.999987 -0.00290215 -0.00990169 -1.49745 0.002802 0.999988 -0.00998442 -1.47945 0.0099173 0.00995312 0.999978 76.7257
1 -0.00151952 -0.00957692 -1.52765 0.00143888 1 -0.00865777 -1.50177 0.00957496 0.00864186 0.999984 77.7845
0.999977 -0.000724483 -0.0113298 -1.52964 0.000668927 1.00003 -0.00476969 -1.5241 0.0113203 0.00475873 1.00001 78.8657
0.999977 0.000459722 -0.012124 -1.55068 -0.000469571 1.00004 -0.000965596 -1.54597 0.0121091 0.000969444 0.999996 79.9384
0.999986 0.00196667 -0.0103704 -1.59347 -0.00196611 1.00004 0.000213749 -1.56801 0.0103581 -0.000196599 1.00003 80.7372
0.999995 0.00199504 -0.0105951 -1.6184 -0.00201382 1.00004 -0.00192758 -1.5872 0.0105774 0.00194704 1.00002 81.8201
0.999985 0.00165981 -0.0106233 -1.64912 -0.00168707 1.00004 -0.00242921 -1.61101 0.0106067 0.00244377 1.00003 82.8677
1 0.000905866 -0.0101476 -1.68493 -0.000930585 1.00004 -0.0025995 -1.63291 0.0101316 0.00260695 1.00002 83.922
0.999989 -3.982e-05 -0.0104842 -1.70707 1.72832e-05 1.00004 -0.00201235 -1.66073 0.0104718 0.0020088 1.00003 84.9621
1.00001 -0.00141666 -0.00973227 -1.7485 0.00141036 1.00005 -0.000850519 -1.67941 0.00972008 0.000834808 1.00003 85.9812
0.999937 -0.0030888 -0.0143521 -1.74311 0.00311632 1.00004 0.00201309 -1.69773 0.0143334 -0.00206096 0.999985 86.8047
0.999939 -0.00422683 -0.0146891 -1.77386 0.00428007 1.00003 0.00349399 -1.72516 0.0146609 -0.00355848 0.999968 87.7938
0.9999 -0.00535776 -0.0161591 -1.80545 0.0054162 1.00003 0.00370402 -1.74267 0.0161268 -0.00379431 0.999954 88.7594
0.999852 -0.00647623 -0.0191769 -1.83373 0.00654055 1.00002 0.00322682 -1.76698 0.0191426 -0.00335352 0.999895 89.7186
0.999784 -0.00622959 -0.0220404 -1.86857 0.00628029 1.00003 0.00233079 -1.78546 0.022014 -0.00247172 0.99985 90.6487
0.999744 -0.00675508 -0.0241482 -1.91337 0.0068348 1.00002 0.00316937 -1.80945 0.0241136 -0.00333538 0.999789 91.5368
0.999676 -0.00617082 -0.0265079 -1.97442 0.00633658 1.00001 0.00625842 -1.82892 0.026457 -0.00642731 0.999725 92.3679
0.999636 -0.00534958 -0.0286193 -2.02289 0.00557116 1.00001 0.00762204 -1.84707 0.0285649 -0.00778021 0.999648 93.2181
0.999492 -0.00306297 -0.0331638 -2.06381 0.00336356 1.00001 0.00907676 -1.87138 0.0331234 -0.0091866 0.999505 93.979
0.999442 -0.00160041 -0.0352113 -2.11134 0.00196348 1 0.0102418 -1.88585 0.0351812 -0.0103065 0.999418 94.773
0.999328 0.000339992 -0.0379076 -2.14578 7.24164e-05 0.999996 0.0109381 -1.90235 0.0378975 -0.0109367 0.999321 95.5361
0.999211 0.00411801 -0.0410884 -2.15528 -0.00349444 0.999933 0.0152124 -1.99705 0.0411345 -0.0150582 0.99913 96.2287
0.99895 0.00541773 -0.0465108 -2.1587 -0.00470433 0.999925 0.0154853 -2.07249 0.0465771 -0.0152536 0.998898 96.8867
0.998787 0.00884936 -0.0497278 -2.19801 -0.00816999 0.999926 0.0138306 -2.11411 0.0498326 -0.013409 0.998759 97.5505
0.998595 0.0103493 -0.0528727 -2.23823 -0.00967906 0.999925 0.0129622 -2.15153 0.0529886 -0.0124358 0.998617 98.2617
0.998385 0.0127603 -0.0564751 -2.23635 -0.0120889 0.999908 0.0121977 -2.17229 0.0566117 -0.0114968 0.998422 98.8696
0.998287 0.015206 -0.0573268 -2.24101 -0.0144842 0.999867 0.0130273 -2.19046 0.057503 -0.0121782 0.998371 99.4627
0.998395 0.0182104 -0.0547916 -2.27991 -0.0174623 0.999803 0.0140867 -2.20567 0.0550233 -0.0131089 0.99849 100.077
0.998526 0.0210425 -0.0509567 -2.29531 -0.0202723 0.999729 0.0156297 -2.23861 0.0512576 -0.0145773 0.99868 100.639
0.998774 0.0199099 -0.0466919 -2.26514 -0.0190671 0.999704 0.0184071 -2.26424 0.0470305 -0.0174958 0.998832 101.173
0.999148 0.0195867 -0.0376217 -2.26884 -0.0188827 0.999698 0.0190378 -2.23905 0.0379695 -0.0183147 0.999214 101.688
0.999518 0.0199298 -0.0263136 -2.27297 -0.0194069 0.999669 0.0199438 -2.24781 0.0266882 -0.0194252 0.999547 102.173
0.999761 0.0182972 -0.0155318 -2.23007 -0.0180074 0.999719 0.0187605 -2.24878 0.0158576 -0.0184798 0.999808 102.629
0.999932 0.0160059 -0.00232653 -2.18649 -0.0159628 0.999783 0.0170815 -2.25071 0.0025852 -0.0170449 0.999943 103.075
0.999856 0.0153411 0.0123048 -2.12722 -0.0155071 0.999849 0.0132879 -2.24533 -0.0121114 -0.0134802 0.99994 103.492
0.999499 0.0150708 0.0300102 -2.03248 -0.0153612 0.999892 0.00950706 -2.25805 -0.0298779 -0.00996519 0.999595 103.908
0.998746 0.0126987 0.0494371 -1.93925 -0.0129667 0.99996 0.0050484 -2.26949 -0.0493821 -0.00568654 0.998868 104.292
0.997441 0.0106182 0.0715942 -1.79764 -0.010749 0.999998 0.00145515 -2.26275 -0.0715926 -0.00222314 0.997523 104.716
0.995341 0.00816631 0.096588 -1.65406 -0.00830782 1.00002 0.00103087 -2.27674 -0.0965912 -0.00183179 0.995427 105.085
0.992014 0.00608098 0.126499 -1.52892 -0.00592704 1.00004 -0.00158954 -2.2712 -0.126527 0.000824855 0.992057 105.475
0.987062 0.00376874 0.160615 -1.40373 -0.00329723 1.00005 -0.00322007 -2.27554 -0.160641 0.00264546 0.987116 105.862
0.980416 0.00101328 0.197267 -1.25344 -0.000216419 1.00005 -0.00405809 -2.27876 -0.197294 0.00393357 0.980434 106.265
0.971711 -0.000877494 0.236396 -1.10395 0.00232019 1.00004 -0.00583825 -2.27729 -0.236404 0.00621836 0.971745 106.644
0.962527 -0.00165741 0.271422 -0.86382 0.00336208 1.00004 -0.00581357 -2.30982 -0.271434 0.00650579 0.962535 106.964
0.950897 -0.000211779 0.30968 -0.62011 0.00193506 1.00005 -0.00526788 -2.34002 -0.309693 0.00560538 0.950932 107.272
0.935583 -0.000442307 0.35329 -0.439608 0.00183976 1.00005 -0.00361835 -2.35041 -0.353318 0.00403251 0.935599 107.598
0.91825 -0.00101042 0.396139 -0.235354 0.00200186 1.00006 -0.0020981 -2.35837 -0.396157 0.00271681 0.918294 107.91
0.897234 -0.00289266 0.441693 -0.0437765 0.00381586 1.00005 -0.00120068 -2.38142 -0.441723 0.00275981 0.897258 108.22
0.876698 -0.00307675 0.481149 0.242157 0.00293889 1.00006 0.00103309 -2.45299 -0.481174 0.000505787 0.876745 108.493
0.852783 -0.00402888 0.522371 0.494458 0.00450026 1.00005 0.000367247 -2.50956 -0.522408 0.00203457 0.852812 108.765
0.826952 -0.00249743 0.56237 0.767624 0.00348554 1.00006 -0.000690051 -2.55731 -0.56239 0.00252836 0.826995 109.026
0.795893 0.00200616 0.605538 1.02728 -0.000637646 1.00006 -0.00247455 -2.5859 -0.605585 0.00158004 0.795909 109.287
0.76517 0.00581685 0.643895 1.35182 -0.00636254 1.00004 -0.00147833 -2.64531 -0.643917 -0.00296777 0.765225 109.51
0.729222 0.00602382 0.684342 1.63965 -0.00540091 1.00004 -0.003047 -2.64201 -0.684397 -0.00147777 0.729255 109.746
0.691758 0.00328712 0.72221 1.95499 -0.00221496 1.00006 -0.00243519 -2.63664 -0.722242 8.30019e-05 0.691793 109.967
0.651194 0.00163008 0.758995 2.277 -0.0029698 1.00006 0.000400084 -2.64059 -0.759042 -0.00251843 0.651212 110.174
0.608344 0.000344301 0.79376 2.61345 -0.00354493 1.00006 0.002278 -2.63774 -0.793781 -0.00420124 0.608371 110.367
0.563371 -0.001912 0.826282 2.96465 -0.00385689 1.00005 0.00494317 -2.64153 -0.826329 -0.00597561 0.563366 110.55
0.515316 -0.00602082 0.857063 3.33582 -0.00279852 1.00003 0.00870309 -2.65038 -0.85711 -0.00688441 0.515302 110.717
0.465801 -0.00541833 0.884947 3.70753 -0.00695962 0.999997 0.00978534 -2.652 -0.884993 -0.0107208 0.465739 110.877
0.416542 -0.000265622 0.909199 4.09326 -0.0115142 0.999989 0.00556292 -2.6518 -0.909157 -0.0127868 0.416523 111.02
0.368501 0.00774471 0.929666 4.48687 -0.00977321 1.00001 -0.00445761 -2.56895 -0.929705 -0.00744731 0.368562 111.15
0.323955 0.00972524 0.946105 4.89189 -0.00743446 1.00001 -0.00773804 -2.5601 -0.946156 -0.00452767 0.324022 111.242
0.283759 0.0115949 0.958894 5.30457 -0.00204414 1 -0.0114877 -2.51912 -0.959022 0.00129499 0.283767 111.324
0.249289 0.0120432 0.968435 5.72508 0.00224526 0.999985 -0.0130176 -2.52618 -0.968539 0.00541872 0.249249 111.393
0.218222 0.0128448 0.975884 6.17736 0.00630047 0.999947 -0.0145713 -2.53125 -0.976008 0.00932359 0.218116 111.479
0.192858 0.0127337 0.981225 6.68644 0.00186085 0.999982 -0.0133469 -2.53951 -0.981337 0.00439942 0.192822 111.556
0.169281 0.00859359 0.9856 7.16364 -0.0038347 1.00003 -0.0080621 -2.57596 -0.985689 -0.00241897 0.169309 111.653
0.152022 0.00770392 0.988428 7.60075 -0.0107257 0.999996 -0.00614832 -2.56291 -0.988431 -0.00966714 0.152097 111.654
0.129684 0.00572928 0.991609 8.11278 -0.0072182 1.00004 -0.00483549 -2.56904 -0.991659 -0.00653476 0.129721 111.704
0.11169 0.00630153 0.993804 8.58949 0.00221737 1.00005 -0.00659417 -2.57353 -0.993853 0.00293953 0.111674 111.738
0.0883346 0.00905149 0.996121 9.02584 0.00675089 1 -0.00968702 -2.5592 -0.996198 0.00757576 0.0882667 111.853
0.071156 0.0176055 0.997393 9.48611 0.00452904 0.999901 -0.0179769 -2.52048 -0.997567 0.00579556 0.0710629 111.918
0.0588782 0.0257212 0.998004 10.0532 0.00166512 0.999737 -0.0258655 -2.46325 -0.998394 0.00318 0.058814 111.989
0.0534142 0.0258361 0.998322 10.588 0.00360464 0.999727 -0.0260694 -2.47363 -0.998678 0.00499025 0.0533008 112.003
0.0474369 0.0235718 0.998667 11.1235 0.0093486 0.999741 -0.0240427 -2.46125 -0.998961 0.0104717 0.0471989 112.049
0.0465383 0.0216226 0.998768 11.685 0.0094494 0.999785 -0.022089 -2.49453 -0.998985 0.0104646 0.0463187 112.082
0.051549 0.0263918 0.998394 12.4148 0.00884708 0.999673 -0.0268838 -2.43038 -0.998761 0.010214 0.0512932 112.089
0.0536688 0.0265152 0.998291 13.1671 0.00337832 0.999711 -0.0267385 -2.45278 -0.998666 0.00480635 0.0535583 112.142
0.0547927 0.0291413 0.998147 13.8726 0.0026665 0.999641 -0.0293328 -2.45251 -0.998626 0.00426429 0.0546901 112.184
0.0571602 0.0340693 0.997869 14.58 0.00138256 0.999489 -0.0342078 -2.41278 -0.998477 0.00333382 0.0570784 112.207
0.0589263 0.0336819 0.99777 15.2467 0.00156143 0.999501 -0.0338341 -2.4394 -0.998394 0.00354708 0.0588389 112.257
0.0600457 0.0318323 0.997774 15.9886 0.000720327 0.999565 -0.0319367 -2.46874 -0.99831 0.00263544 0.0599912 112.296
0.0605501 0.0339324 0.997664 16.7543 -0.000938866 0.999498 -0.0339393 -2.44033 -0.998297 0.00111401 0.0605461 112.347
0.0596225 0.0331553 0.997756 17.4414 0.00152973 0.999519 -0.0333094 -2.4194 -0.998335 0.00351161 0.0595376 112.41
0.0589986 0.0318517 0.997828 18.2383 -0.000343744 0.999568 -0.0318886 -2.44978 -0.998391 0.00153444 0.0589787 112.457
0.0589794 0.0334658 0.997785 18.8415 -0.00015628 0.999514 -0.0335188 -2.39405 -0.998374 0.00182033 0.0589507 112.49
0.0590353 0.031118 0.997849 19.4835 0.00172355 0.999586 -0.0312759 -2.39021 -0.998387 0.00356239 0.058952 112.535
0.0586565 0.0302781 0.997906 20.0874 0.00349162 0.999604 -0.030539 -2.37055 -0.998387 0.00527476 0.0585223 112.567
0.0565032 0.0290135 0.998058 20.8073 0.00124251 0.999652 -0.029132 -2.38301 -0.998535 0.00288274 0.0564425 112.659
0.0562976 0.0350755 0.997886 21.6409 -0.00198181 0.999461 -0.0350235 -2.40529 -0.998527 -5.94992e-06 0.0563321 112.705
0.0566063 0.0434946 0.997527 22.3173 0.000290824 0.999126 -0.0435826 -2.32715 -0.998531 0.00275363 0.0565392 112.745
0.0559011 0.0456629 0.997481 23.147 0.000178612 0.99903 -0.0457484 -2.36596 -0.998552 0.00273541 0.0558343 112.785
0.0541534 0.0443601 0.997626 23.9983 -0.00354542 0.999093 -0.0442346 -2.40732 -0.998661 -0.00114489 0.0542569 112.844
0.0531499 0.0406436 0.997851 24.8594 -0.00632818 0.999242 -0.0403677 -2.45259 -0.998683 -0.00416903 0.0533628 112.899
0.0533733 0.0353472 0.998033 25.7086 -0.00776029 0.99944 -0.034984 -2.50022 -0.998679 -0.00588073 0.0536145 112.942
0.05341 0.0306397 0.998196 26.553 -0.0109267 0.999566 -0.0301017 -2.53507 -0.99863 -0.00929881 0.053718 112.989
0.0524489 0.0308691 0.998232 26.9724 -0.0149381 0.999515 -0.030126 -2.53889 -0.998647 -0.0133343 0.0528818 113.037
0.0528789 0.0400417 0.997891 27.6796 -0.0141322 0.999204 -0.0393504 -2.5197 -0.998619 -0.0120207 0.0533993 113.086
0.0522227 0.0522556 0.997353 28.451 -0.0134736 0.998657 -0.0516202 -2.53003 -0.99868 -0.010745 0.0528541 113.152
0.0525743 0.0571732 0.997073 29.2838 -0.0116193 0.998405 -0.0566419 -2.57958 -0.998668 -0.00860698 0.0531515 113.205
0.051971 0.0540439 0.997272 30.1104 -0.012267 0.998575 -0.0534772 -2.61793 -0.998709 -0.00945699 0.0525574 113.269
0.053944 0.0461367 0.997576 30.9427 -0.00877465 0.998998 -0.0457326 -2.67601 -0.998628 -0.00628612 0.0542924 113.303
0.0553249 0.0427459 0.997642 31.7778 -0.00789755 0.999153 -0.042375 -2.73415 -0.998575 -0.00553704 0.0556131 113.344
0.0556566 0.0441633 0.997573 32.6116 -0.00830799 0.999091 -0.0437717 -2.77907 -0.998538 -0.00585177 0.0559708 113.395
0.0544638 0.0448344 0.997605 33.4394 -0.0115609 0.999037 -0.044271 -2.84012 -0.998592 -0.00912121 0.0549284 113.454
0.0534425 0.045033 0.997655 34.2551 -0.0133043 0.99901 -0.0443864 -2.89066 -0.998606 -0.0109005 0.0539866 113.496
0.0531356 0.0437469 0.997726 34.8804 -0.0124749 0.999075 -0.0431453 -2.955 -0.998653 -0.010153 0.053631 113.553
0.0515712 0.0434577 0.997832 35.6873 -0.0137673 0.999076 -0.0428064 -3.01746 -0.998701 -0.011529 0.0521196 113.594
0.0483149 0.0446157 0.997933 36.4304 -0.0200684 0.998927 -0.0436923 -3.03376 -0.998775 -0.0179145 0.0491577 113.654
0.0456716 0.0434135 0.998122 37.2261 -0.0221763 0.99894 -0.0424406 -3.08662 -0.998839 -0.0201944 0.0465841 113.705
0.0433796 0.0422261 0.998267 38.0244 -0.0216111 0.998999 -0.0413219 -3.13637 -0.99897 -0.0197797 0.0442483 113.75
0.0419459 0.0427079 0.99832 38.8106 -0.0216084 0.998977 -0.041835 -3.18157 -0.999016 -0.0198157 0.0428244 113.787
0.0405683 0.0449144 0.998269 39.5971 -0.0215875 0.998881 -0.0440688 -3.21519 -0.999091 -0.0197608 0.0414924 113.82
0.0396717 0.0447528 0.998324 40.374 -0.0215415 0.99889 -0.0439295 -3.26916 -0.999113 -0.0197611 0.0405903 113.854
0.0345848 0.0429584 0.99858 41.137 -0.013397 0.999093 -0.0425206 -3.36187 -0.999459 -0.0119065 0.0351294 113.967
0.0322882 0.0417414 0.998719 41.8563 -0.0112079 0.999167 -0.041405 -3.42991 -0.999548 -0.00985581 0.0327281 114.02
0.0301515 0.042321 0.998752 42.6374 -0.0121251 0.999133 -0.0419753 -3.46727 -0.999619 -0.0108435 0.0306393 114.061
0.0280626 0.0447283 0.998718 43.3652 -0.00975507 0.999051 -0.0444764 -3.50582 -0.99969 -0.00849364 0.0284715 114.106
0.0273441 0.0436617 0.998775 44.1076 -0.0110561 0.999086 -0.0433768 -3.55385 -0.999713 -0.00985556 0.0278029 114.135
0.0256879 0.0440497 0.998812 44.8003 -0.00865854 0.999089 -0.0438465 -3.5944 -0.999765 -0.00752115 0.0260451 114.178
0.026673 0.0468243 0.99865 45.5104 -0.00829978 0.998966 -0.0466216 -3.64125 -0.999758 -0.0070444 0.0270352 114.193
0.0353351 0.045804 0.998439 45.913 -0.00498259 0.999033 -0.0456622 -3.71473 -0.999496 -0.00336084 0.0355282 114.233
0.0405033 0.0425149 0.998379 46.3349 -0.00701959 0.999171 -0.0422679 -3.81364 -0.999303 -0.00529563 0.0407681 114.234
0.0415294 0.0460285 0.99819 47.0328 -0.00481243 0.999024 -0.0458741 -3.82598 -0.99926 -0.00289806 0.0417092 114.257
0.0424113 0.0481339 0.998045 47.6694 -0.00383067 0.998929 -0.0480178 -3.84059 -0.999241 -0.00178645 0.0425501 114.292
0.042214 0.0481102 0.998063 48.2742 -0.00658804 0.998921 -0.0478801 -3.85412 -0.999222 -0.00455359 0.042484 114.336
0.0429989 0.0491793 0.997969 48.8641 -0.00826386 0.99886 -0.0488712 -3.87628 -0.999189 -0.0061452 0.0433562 114.379
0.0427651 0.0493345 0.997981 49.5116 -0.0115331 0.998827 -0.0488895 -3.93568 -0.999155 -0.00941827 0.0432825 114.433
0.0417076 0.0450559 0.998218 50.0143 -0.0154106 0.998983 -0.0444506 -3.99156 -0.999161 -0.0135283 0.0423594 114.521
0.0419967 0.0410118 0.998392 49.9623 -0.00990727 0.999218 -0.0406364 -4.14993 -0.999208 -0.00818382 0.0423684 114.559
0.035126 0.0408096 0.998654 50.5646 -0.0140403 0.999177 -0.0403413 -4.16414 -0.999435 -0.0126034 0.0356704 114.672
0.029452 0.0399037 0.998885 51.2458 -0.0180238 0.999153 -0.0393905 -4.2166 -0.999544 -0.0168418 0.0301452 114.707
0.0237237 0.0431491 0.998892 51.9043 -0.0143567 0.99907 -0.04282 -4.2602 -0.999767 -0.0133241 0.0243222 114.723
0.0148854 0.0339836 0.999428 52.4755 -0.0116208 0.999452 -0.0338187 -4.4707 -0.999962 -0.0111092 0.0152716 114.798
0.00899356 0.0353843 0.99944 53.1566 -0.0127226 0.999388 -0.0352725 -4.50745 -1.00003 -0.0123972 0.00944042 114.791
0.000789481 0.0368623 0.999437 53.7991 -0.0160177 0.999284 -0.0368515 -4.51401 -1.00001 -0.0159779 0.00137943 114.834
-0.00457291 0.0380856 0.999372 54.4708 -0.0140337 0.999265 -0.0381504 -4.52941 -1.00004 -0.0141983 -0.00403209 114.852
-0.010637 0.0414506 0.999201 55.1853 -0.0150479 0.999112 -0.0416147 -4.5503 -0.999971 -0.0154768 -0.0100032 114.869
-0.0142633 0.0484416 0.998833 55.8775 -0.0142416 0.998806 -0.0486483 -4.48904 -0.999951 -0.0149178 -0.0135528 114.88
-0.0163438 0.0510188 0.998681 56.5432 -0.0103392 0.998727 -0.051198 -4.47429 -0.999954 -0.0111605 -0.0157947 114.879
-0.0183585 0.0541817 0.998471 57.2329 -0.00354865 0.998613 -0.0542592 -4.44552 -0.99998 -0.00453882 -0.0181368 114.888
-0.0192173 0.0575861 0.998273 57.8897 -0.00194979 0.998428 -0.0576403 -4.43688 -0.999955 -0.0030528 -0.0190738 114.888
-0.0163012 0.0642852 0.997908 58.5965 0.00317969 0.998023 -0.0642451 -4.40709 -1.00002 0.00212577 -0.0164696 114.855
-0.0152758 0.0676193 0.997712 59.2314 0.00722031 0.997785 -0.0675214 -4.46404 -0.999998 0.00617307 -0.0157295 114.859
-0.0150978 0.0720021 0.997402 59.9787 0.0137374 0.997421 -0.0718 -4.51921 -0.999947 0.012617 -0.0160441 114.846
-0.0148334 0.0758978 0.997126 60.7178 0.0206905 0.997023 -0.0755896 -4.58916 -0.999818 0.0195103 -0.0163583 114.823
-0.0162914 0.0749655 0.997166 61.4421 0.0245277 0.997011 -0.0745578 -4.6835 -0.999722 0.0232421 -0.0180774 114.852
-0.0147438 0.0671284 0.997759 62.135 0.0282453 0.997473 -0.0666994 -4.86553 -0.999635 0.0271986 -0.0166013 114.856
-0.0143586 0.0581863 0.998315 62.73 0.0306667 0.997958 -0.0577291 -4.97406 -0.999583 0.0297841 -0.0161098 114.938
-0.01264 0.0554841 0.998506 63.4944 0.0327357 0.998046 -0.0550521 -5.03512 -0.999529 0.0319903 -0.0144311 114.909
-0.0120063 0.0560138 0.998472 64.2502 0.033343 0.997995 -0.0555906 -5.08173 -0.999529 0.0326224 -0.0138461 114.887
-0.0133737 0.0567386 0.998424 65.0016 0.0318411 0.998008 -0.0562961 -5.14 -0.999549 0.0310378 -0.0151532 114.883
-0.0158336 0.0578574 0.998315 65.758 0.0304962 0.997985 -0.0573594 -5.16213 -0.999567 0.0295346 -0.017562 114.879
-0.0150349 0.063105 0.998019 66.4493 0.0430664 0.997223 -0.0624135 -5.17295 -0.999105 0.042042 -0.0177102 114.874
-0.00903389 0.0606006 0.998237 67.0262 0.0448705 0.997277 -0.0601413 -5.24313 -0.999111 0.0442451 -0.0117249 114.827
-0.0114885 0.0594767 0.99829 67.7733 0.043668 0.997409 -0.0589296 -5.31108 -0.999127 0.0429147 -0.0140558 114.823
-0.012686 0.0608126 0.998186 68.5346 0.0419394 0.9974 -0.0602366 -5.35463 -0.999201 0.0410962 -0.0151997 114.815
-0.0128542 0.0621244 0.998113 69.2967 0.0423679 0.997305 -0.0615371 -5.41598 -0.999169 0.041495 -0.0154517 114.798
-0.0132665 0.062267 0.99809 70.0655 0.0411077 0.997349 -0.0616793 -5.47779 -0.999229 0.0402083 -0.0157871 114.789
-0.0146493 0.0660992 0.997834 70.7841 0.0400149 0.997151 -0.0654753 -5.47497 -0.999241 0.0389672 -0.0172524 114.778
-0.0148997 0.065181 0.997881 71.561 0.0410601 0.997171 -0.0645266 -5.52389 -0.999208 0.0400093 -0.0175299 114.762
-0.0194103 0.0646154 0.99785 72.361 0.0352067 0.997434 -0.0639124 -5.58348 -0.999342 0.0338888 -0.021635 114.799
-0.0210339 0.0630842 0.997909 73.1519 0.0325725 0.997623 -0.0623849 -5.64193 -0.999414 0.0311904 -0.0230345 114.787
-0.02253 0.0637976 0.997838 73.9684 0.0341066 0.99753 -0.0630169 -5.68763 -0.999315 0.0326118 -0.0246498 114.767
-0.0251539 0.0664325 0.997597 74.6359 0.0287975 0.997526 -0.0657071 -5.68289 -0.999435 0.0270742 -0.0270003 114.764
-0.0268651 0.068529 0.997422 75.4373 0.0280621 0.997407 -0.0677821 -5.73499 -0.999399 0.0261684 -0.0287172 114.738
-0.0317733 0.0800843 0.996406 76.2965 0.0301341 0.996512 -0.0791372 -5.68284 -0.999208 0.02751 -0.0340706 114.784
-0.030725 0.0899696 0.995606 77.0451 0.0315044 0.995635 -0.0890102 -5.66614 -0.999185 0.0286306 -0.0334235 114.757
-0.0291182 0.0957946 0.995099 77.8631 0.0336658 0.995031 -0.0948078 -5.72355 -0.999176 0.0307387 -0.0321935 114.679
-0.0303892 0.099252 0.994735 78.6995 0.0350194 0.994655 -0.0981848 -5.78454 -0.999079 0.0318507 -0.0337008 114.702
-0.0280771 0.0991437 0.994802 79.5256 0.0389053 0.994528 -0.0980235 -5.86388 -0.999015 0.0359488 -0.0317756 114.65
-0.0257459 0.100141 0.994778 80.3749 0.0423429 0.994289 -0.0990069 -5.94308 -0.998926 0.0395716 -0.0298376 114.629
-0.025036 0.0985256 0.994945 81.1613 0.0411984 0.994493 -0.0974493 -6.03257 -0.999003 0.0385482 -0.0289524 114.625
-0.0201225 0.0977693 0.995144 81.9423 0.0391488 0.994624 -0.0969375 -6.0904 -0.999185 0.0370072 -0.0238406 114.602
-0.0187818 0.0978036 0.995154 82.7695 0.0390454 0.994621 -0.0970196 -6.1444 -0.999227 0.0370318 -0.0224951 114.6
-0.0157539 0.098844 0.995117 83.5969 0.0397569 0.99448 -0.0981623 -6.19504 -0.99924 0.0380154 -0.0195957 114.582
-0.0143834 0.0950405 0.995497 84.4132 0.0368159 0.994953 -0.0944623 -6.34317 -0.999385 0.0352895 -0.0178055 114.575
-0.0128723 0.098751 0.99517 85.2635 0.03758 0.994562 -0.0982156 -6.44732 -0.999367 0.0361333 -0.0165123 114.571
-0.0141688 0.101015 0.994913 86.0219 0.0317828 0.994533 -0.10053 -6.59183 -0.999562 0.0301952 -0.0172976 114.595
-0.0127711 0.103513 0.994688 86.9053 0.0290675 0.994354 -0.103116 -6.70242 -0.999652 0.0275962 -0.0157067 114.593
-0.0129714 0.101115 0.994919 87.6918 0.0282261 0.994621 -0.100723 -6.81982 -0.999685 0.0267749 -0.0157515 114.593
-0.0165292 0.0983732 0.995153 88.4886 0.0234691 0.995021 -0.0979808 -6.90597 -0.999745 0.021736 -0.0187542 114.633
-0.00880058 0.0986295 0.995214 89.3457 0.0352994 0.994641 -0.0982663 -6.96371 -0.999506 0.0342638 -0.0122312 114.601
-0.00794915 0.0981347 0.995282 90.1946 0.0388396 0.99456 -0.0977637 -7.06324 -0.99937 0.0378782 -0.0117167 114.617
-0.00858233 0.0985457 0.995228 90.8697 0.0378417 0.99456 -0.0981596 -7.13219 -0.999417 0.0368177 -0.0122604 114.626
-0.00650637 0.0969874 0.995406 91.7253 0.0406325 0.994598 -0.0966537 -7.22222 -0.99931 0.0398158 -0.0104112 114.603
-0.00469097 0.098892 0.99522 92.5128 0.0470099 0.994129 -0.0985684 -7.28266 -0.999053 0.0463211 -0.00930811 114.621
-0.00363118 0.100584 0.995069 93.3739 0.0491815 0.993854 -0.100293 -7.37453 -0.998943 0.0485731 -0.008554 114.614
-0.00488782 0.104276 0.99467 94.1029 0.0512827 0.993375 -0.103895 -7.44021 -0.998844 0.0504993 -0.0101986 114.633
-0.00385262 0.108891 0.994194 94.9731 0.0502031 0.992933 -0.10857 -7.49255 -0.998892 0.0494915 -0.00929025 114.642
-0.0036216 0.105281 0.994572 95.8531 0.0460143 0.993516 -0.105009 -7.59542 -0.999108 0.0453821 -0.00843814 114.647
-0.00399307 0.104128 0.994703 96.7173 0.0419613 0.993819 -0.103878 -7.69905 -0.999272 0.0413226 -0.00833589 114.653
-0.0052149 0.105328 0.994563 97.562 0.0386963 0.993825 -0.105054 -7.79935 -0.999414 0.0379366 -0.00925395 114.654
-0.00855287 0.108702 0.994185 98.3739 0.0370396 0.993541 -0.108324 -7.93051 -0.999438 0.0358965 -0.0125219 114.686
-0.00897711 0.112082 0.993799 99.1823 0.0347337 0.993246 -0.111713 -8.0151 -0.999533 0.0335143 -0.0128047 114.658
-0.00702925 0.115227 0.993463 100.054 0.0368849 0.992808 -0.114902 -8.05307 -0.999457 0.0358349 -0.0112269 114.614
-0.00755191 0.114986 0.99348 100.889 0.0378102 0.992802 -0.114628 -8.15877 -0.999434 0.0366967 -0.0118406 114.612
-0.00743611 0.116516 0.993311 101.74 0.0391665 0.992575 -0.116148 -8.25994 -0.999369 0.0380396 -0.0119426 114.597
-0.0114537 0.119991 0.99285 102.543 0.0358895 0.992297 -0.119518 -8.37946 -0.999468 0.0342631 -0.0156668 114.616
-0.0153608 0.127362 0.991889 103.341 0.0406004 0.991231 -0.126661 -8.36812 -0.999221 0.0383244 -0.0203948 114.66
-0.0195071 0.134228 0.9909 104.072 0.0455936 0.990148 -0.133237 -8.35389 -0.998948 0.042578 -0.0254289 114.7
-0.0197433 0.140843 0.989987 104.831 0.0541887 0.988839 -0.139611 -8.36615 -0.9985 0.0508876 -0.0271521 114.691
-0.0222355 0.14217 0.989735 105.631 0.0547717 0.988638 -0.14079 -8.49331 -0.99843 0.0510767 -0.0297633 114.662
-0.0260217 0.146954 0.988953 106.422 0.0563127 0.987897 -0.145327 -8.59854 -0.998239 0.0519067 -0.0339787 114.661
-0.0278834 0.149623 0.988493 107.187 0.0566474 0.987496 -0.147882 -8.70844 -0.998184 0.0518698 -0.0360034 114.651
-0.030386 0.150443 0.988304 107.961 0.0562045 0.987417 -0.148592 -8.83402 -0.998122 0.0510298 -0.0384555 114.621
-0.0333323 0.152055 0.987953 108.705 0.0608744 0.986948 -0.149854 -8.9061 -0.997766 0.0551434 -0.0421456 114.634
-0.0353456 0.155114 0.987417 109.458 0.0620699 0.986431 -0.152749 -8.99597 -0.997611 0.055887 -0.0444896 114.613
-0.0325882 0.165244 0.985859 110.201 0.0603383 0.984879 -0.163093 -9.02887 -0.997824 0.0541677 -0.0420583 114.559
-0.0341569 0.172273 0.984612 110.963 0.0579253 0.983836 -0.17014 -9.17305 -0.997904 0.0512199 -0.0435794 114.53
-0.0368882 0.177129 0.983642 111.65 0.0656257 0.982587 -0.174486 -9.26756 -0.99734 0.0581128 -0.0478618 114.534
-0.0347722 0.176495 0.983844 112.419 0.067494 0.982569 -0.173894 -9.40953 -0.997281 0.0603531 -0.0460739 114.433
-0.0354795 0.170351 0.984891 113.2 0.0664614 0.983702 -0.16776 -9.52923 -0.997336 0.0595022 -0.0462148 114.362
-0.0370976 0.168965 0.985081 113.933 0.0671439 0.983914 -0.16625 -9.6797 -0.997221 0.0599711 -0.0478412 114.345
-0.0348089 0.179199 0.983344 114.68 0.0708186 0.981879 -0.176434 -9.70808 -0.997061 0.063494 -0.0468605 114.272
-0.0374517 0.184376 0.9823 115.427 0.0722802 0.980876 -0.181367 -9.84033 -0.996849 0.0642042 -0.0500576 114.257
-0.0389297 0.187512 0.981639 116.187 0.0728743 0.98027 -0.184369 -9.98481 -0.996763 0.0643552 -0.0518173 114.215
-0.0387364 0.193757 0.980443 116.868 0.0805672 0.978552 -0.190214 -10.0849 -0.996164 0.0716187 -0.0535111 114.153
-0.041083 0.2028 0.978508 117.561 0.0812661 0.976737 -0.19903 -10.159 -0.996027 0.0713385 -0.0565985 114.13
-0.0447776 0.209065 0.977035 118.302 0.0802072 0.975572 -0.20509 -10.2531 -0.99594 0.0691774 -0.0604469 114.108
-0.0495971 0.207197 0.977192 118.982 0.0805141 0.976009 -0.202869 -10.3947 -0.995701 0.0686118 -0.0650791 114.099
-0.0511134 0.206686 0.977231 119.684 0.0839373 0.975898 -0.202028 -10.5135 -0.995328 0.0716951 -0.0672239 114.006
-0.0556763 0.204723 0.977386 120.421 0.0875225 0.976106 -0.199478 -10.7022 -0.994788 0.0744322 -0.0722523 113.942
-0.059977 0.205097 0.977063 121.134 0.0848891 0.976287 -0.199738 -10.8441 -0.994753 0.0709576 -0.0759583 113.855
-0.0682723 0.204783 0.976575 121.803 0.0840013 0.97653 -0.19891 -10.9932 -0.994307 0.0684494 -0.0838591 113.812
-0.0824815 0.206655 0.975092 122.465 0.0841336 0.976336 -0.199816 -11.1414 -0.993205 0.0655526 -0.0979077 113.807
-0.09119 0.208137 0.973994 123.186 0.0860565 0.976023 -0.200523 -11.2895 -0.992294 0.0655282 -0.1069 113.68
-0.102547 0.210013 0.972467 123.851 0.0900485 0.975525 -0.201193 -11.4222 -0.990815 0.0669332 -0.118939 113.598
-0.111415 0.213905 0.970635 124.571 0.0945388 0.974532 -0.203922 -11.5463 -0.989453 0.0690378 -0.128782 113.476
-0.123423 0.220741 0.967654 125.321 0.0960708 0.973145 -0.209755 -11.6188 -0.987864 0.0670705 -0.141303 113.387
-0.13163 0.223903 0.965838 126.007 0.10084 0.97225 -0.211656 -11.7323 -0.986343 0.06953 -0.150536 113.252
-0.136773 0.223476 0.96523 126.73 0.0981574 0.972605 -0.211289 -11.9436 -0.9859 0.0658413 -0.154948 113.013
-0.142815 0.221926 0.96471 127.435 0.10475 0.972576 -0.20824 -12.1252 -0.984383 0.0713072 -0.162124 112.875
-0.149083 0.22253 0.963626 128.144 0.106499 0.972416 -0.208099 -12.2852 -0.983247 0.071596 -0.168655 112.751
-0.153877 0.220528 0.963331 128.856 0.110719 0.972609 -0.204979 -12.4446 -0.982061 0.0751099 -0.174056 112.634
-0.151362 0.221031 0.963617 129.487 0.110154 0.972502 -0.205783 -12.541 -0.982496 0.0749926 -0.171532 112.451
-0.150427 0.219045 0.964215 130.178 0.116809 0.972377 -0.202689 -12.6974 -0.981892 0.0821311 -0.171835 112.31
-0.150569 0.216879 0.964684 130.843 0.119172 0.97263 -0.20008 -12.8585 -0.981565 0.0848307 -0.172278 112.177
-0.146328 0.224186 0.963664 131.511 0.124288 0.970556 -0.206929 -12.9744 -0.981592 0.089484 -0.169861 112.04
-0.146786 0.228399 0.962606 132.138 0.122667 0.969793 -0.211415 -13.0934 -0.981707 0.08704 -0.170354 111.945
-0.145123 0.228131 0.962924 132.812 0.124408 0.969666 -0.210993 -13.249 -0.981756 0.0891671 -0.16908 111.819
-0.139657 0.228998 0.963525 133.484 0.122993 0.969492 -0.212605 -13.3782 -0.982706 0.0888084 -0.163546 111.649
-0.133161 0.225448 0.965281 134.09 0.124127 0.970038 -0.20945 -13.5546 -0.983486 0.0919182 -0.157133 111.482
-0.131242 0.226187 0.965372 134.76 0.124401 0.969809 -0.210331 -13.7115 -0.983689 0.0924815 -0.155403 111.376
-0.12942 0.229197 0.96491 135.401 0.124608 0.969096 -0.213492 -13.8572 -0.983924 0.0925961 -0.153959 111.283
-0.124496 0.231235 0.965072 136.052 0.125251 0.968475 -0.21591 -14.0066 -0.984459 0.0939883 -0.149519 111.183
-0.125432 0.230546 0.965116 136.584 0.115937 0.969497 -0.216539 -14.1676 -0.985501 0.0847236 -0.148314 111.129
-0.118926 0.228386 0.966453 137.22 0.116199 0.969828 -0.214901 -14.3255 -0.986257 0.0867364 -0.141862 111.028
-0.114708 0.226003 0.967522 137.842 0.114401 0.970435 -0.213134 -14.4857 -0.986988 0.0862289 -0.137151 110.945
-0.110597 0.225222 0.968186 138.47 0.113782 0.97058 -0.212799 -14.6373 -0.987508 0.0866208 -0.132955 110.864
-0.107493 0.223379 0.968963 139.094 0.113777 0.970926 -0.211225 -14.7895 -0.987873 0.0875317 -0.129762 110.796
-0.102962 0.221057 0.969987 139.704 0.116061 0.971133 -0.209016 -14.9384 -0.988068 0.0910502 -0.125632 110.714
-0.0985195 0.220397 0.970598 140.26 0.113193 0.971451 -0.209116 -15.0558 -0.988876 0.0892543 -0.120635 110.643
-0.0947317 0.219869 0.971095 140.782 0.112129 0.971586 -0.209058 -15.1777 -0.989345 0.089077 -0.11668 110.59
-0.0916478 0.221081 0.971115 141.39 0.108813 0.971561 -0.210928 -15.3276 -0.99003 0.0863313 -0.113079 110.531
-0.0819213 0.224189 0.971272 141.924 0.108068 0.970756 -0.214972 -15.464 -0.99094 0.0873472 -0.103741 110.436
-0.0714238 0.227817 0.971257 142.448 0.110086 0.969554 -0.219337 -15.5862 -0.991554 0.0912472 -0.094312 110.352
-0.059755 0.230148 0.971495 142.97 0.107075 0.969053 -0.223001 -15.6889 -0.992631 0.0906908 -0.0825389 110.273
-0.0516792 0.228152 0.972433 143.552 0.102197 0.969788 -0.222116 -15.8458 -0.993626 0.0878928 -0.0734203 110.239
-0.0409537 0.223062 0.97412 144.114 0.10299 0.970645 -0.217953 -16.0297 -0.994017 0.0913919 -0.0627165 110.223
-0.0317612 0.219413 0.975295 144.655 0.107164 0.970869 -0.214942 -16.2006 -0.993939 0.0976793 -0.0543371 110.255
-0.019934 0.215402 0.9765 145.189 0.0993309 0.972245 -0.212452 -16.3805 -0.995033 0.0927548 -0.0407709 110.229
