1 0 0 0 0 1 0 0 0 0 1 0
0.999999 -0.00120927 -0.00100074 -0.00430914 0.00121159 0.999996 0.00230087 -0.00998963 0.000998002 -0.00230214 0.999996 1.53137
1 -0.000917729 -0.000267703 -0.0160211 0.000919124 0.999987 0.00506533 -0.0121985 0.000262952 -0.00506558 0.999988 3.03975
0.999995 0.000363765 -0.00332229 -0.0210364 -0.000343582 0.999981 0.00605288 -0.0113652 0.00332448 -0.00605175 0.999975 4.56079
0.999996 0.00126544 -0.00266124 -0.0402085 -0.00124524 0.999971 0.00754872 -0.0102011 0.0026705 -0.00754535 0.999969 6.05668
0.999983 0.00141987 -0.00570147 -0.0591522 -0.00136984 0.99996 0.00875247 -0.0188285 0.00571365 -0.00874457 0.999944 7.58115
0.999971 0.00179043 -0.00750691 -0.0789907 -0.00172114 0.999956 0.0092114 -0.00894345 0.00752286 -0.0091982 0.99993 9.08024
0.999972 0.00190416 -0.00732946 -0.100129 -0.00182556 0.999941 0.0106911 -0.00161939 0.00734939 -0.0106776 0.999916 10.5629
0.999948 0.00212006 -0.01016 -0.117011 -0.00200699 0.999937 0.0111115 0.0135678 0.0101827 -0.0110905 0.999888 12.0626
0.999935 0.00265762 -0.0111799 -0.141755 -0.00252424 0.999926 0.0119071 0.0169127 0.0112107 -0.0118782 0.999866 13.5525
0.999947 0.00334309 -0.00995372 -0.167288 -0.00319914 0.999891 0.0144219 0.0240322 0.0100005 -0.0143892 0.999849 15.027
0.999919 0.0037695 -0.012347 -0.189814 -0.00355013 0.999836 0.0177254 0.0403344 0.0124118 -0.0176802 0.999767 16.5147
0.999913 0.00414022 -0.0126697 -0.219226 -0.00388648 0.999793 0.0199743 0.0620692 0.0127493 -0.0199232 0.999723 17.9906
0.999932 0.00414581 -0.0111508 -0.246477 -0.0039033 0.999758 0.0216648 0.0862696 0.0112378 -0.0216199 0.999704 19.4522
0.999909 0.00412261 -0.0130084 -0.274065 -0.00382703 0.999736 0.0226549 0.102924 0.013098 -0.0226028 0.999662 20.9314
0.999928 0.00417508 -0.0115551 -0.297111 -0.00390134 0.999715 0.0235894 0.127822 0.0116502 -0.0235425 0.999656 22.386
0.999905 0.00457126 -0.0132098 -0.329007 -0.00424256 0.999684 0.0247923 0.147676 0.0133186 -0.0247338 0.999609 23.8505
0.999908 0.00484747 -0.0128759 -0.354194 -0.00451235 0.999655 0.0259097 0.17474 0.0129969 -0.0258491 0.999583 25.3003
0.999931 0.00496571 -0.0108747 -0.381358 -0.00467728 0.999642 0.0263708 0.203284 0.0110014 -0.026318 0.999597 26.7335
0.999917 0.00498942 -0.0121609 -0.408445 -0.00466758 0.999643 0.0263243 0.238142 0.0122877 -0.0262652 0.999582 28.1691
0.999924 0.00456122 -0.01167 -0.432935 -0.00423215 0.999599 0.0280521 0.261628 0.0117929 -0.0280004 0.999543 29.5981
0.999945 0.00423393 -0.00997812 -0.454419 -0.00393948 0.999563 0.0293193 0.294606 0.0100977 -0.0292782 0.999522 31.0137
0.999931 0.00400671 -0.0113103 -0.477783 -0.00365202 0.999508 0.0311953 0.330395 0.0114294 -0.0311516 0.999454 32.4326
0.999955 0.00391829 -0.0091099 -0.491945 -0.0036233 0.999478 0.0321449 0.372046 0.00923094 -0.0321102 0.999444 33.8231
0.999948 0.00393314 -0.00984127 -0.516008 -0.00361133 0.999467 0.0324856 0.414158 0.00996352 -0.0324482 0.999429 35.1992
0.999953 0.00404047 -0.0092712 -0.537853 -0.00372912 0.999438 0.0333332 0.45717 0.00940048 -0.0332968 0.999404 36.5705
0.999974 0.00404566 -0.00662332 -0.548819 -0.00381486 0.9994 0.0344567 0.500339 0.00675852 -0.0344303 0.999389 37.9198
0.999973 0.00411255 -0.0066931 -0.56965 -0.0038716 0.99936 0.0355799 0.542695 0.00683492 -0.0355529 0.999346 39.2534
0.999983 0.00422555 -0.00496936 -0.585635 -0.00403688 0.999296 0.037334 0.583095 0.00512341 -0.0373131 0.999295 40.5785
0.999993 0.00435657 -0.00188703 -0.595572 -0.00427983 0.99924 0.0387672 0.623388 0.00205436 -0.0387587 0.999248 41.8778
0.999992 0.00477146 -0.000731894 -0.603666 -0.00473834 0.9992 0.039741 0.674743 0.000920731 -0.039737 0.999214 43.1562
0.999984 0.00499197 0.00393297 -0.606521 -0.0051463 0.999173 0.0403575 0.722333 -0.00372846 -0.0403769 0.99918 44.4221
0.999973 0.00436135 0.0065081 -0.613736 -0.00461387 0.999216 0.0393479 0.749377 -0.00633152 -0.0393766 0.999209 45.6707
0.99992 0.00460662 0.0122135 -0.614125 -0.00508573 0.999207 0.03952 0.80271 -0.0120218 -0.0395786 0.999147 46.9066
0.999918 0.00498708 0.0121269 -0.603006 -0.00547753 0.999154 0.0407802 0.854082 -0.0119134 -0.0408429 0.999099 48.1388
0.999815 0.00515437 0.0188546 -0.584949 -0.00593357 0.999121 0.0415247 0.899359 -0.018624 -0.0416285 0.998962 49.3382
0.99966 0.00549536 0.0256731 -0.562812 -0.00656898 0.999099 0.0419382 0.948529 -0.0254195 -0.0420922 0.998795 50.5312
0.99941 0.00562855 0.0340765 -0.537755 -0.00705585 0.999097 0.0419223 0.995624 -0.0338099 -0.0421375 0.998543 51.7178
0.999134 0.00588984 0.0413097 -0.504995 -0.00765387 0.99906 0.0426842 1.0317 -0.0410194 -0.042963 0.99824 52.8889
0.998591 0.00615094 0.0528368 -0.449551 -0.00842798 0.999041 0.0429896 1.08212 -0.0525219 -0.0433737 0.997681 54.0477
0.997882 0.00623763 0.0648343 -0.395099 -0.00904803 0.999029 0.0431505 1.12652 -0.0645021 -0.0436453 0.996969 55.1979
0.996818 0.00613122 0.0795635 -0.320698 -0.00961145 0.999011 0.0434377 1.17113 -0.0792187 -0.0440638 0.995888 56.3329
0.995261 0.00605525 0.0971104 -0.223871 -0.0103464 0.99899 0.0437498 1.21815 -0.0967472 -0.0445468 0.994317 57.4559
0.993531 0.00602156 0.113468 -0.117278 -0.0111487 0.998943 0.0446092 1.25452 -0.113079 -0.0455852 0.992544 58.5596
0.991153 0.00606664 0.132631 0.0185683 -0.0121106 0.998923 0.0448138 1.29559 -0.132215 -0.0460232 0.990158 59.653
0.98807 0.00602243 0.153938 0.178494 -0.0130384 0.99892 0.0446108 1.33842 -0.153503 -0.0460852 0.987078 60.7359
0.98482 0.00543521 0.173528 0.347651 -0.0134214 0.998904 0.0448852 1.3765 -0.173093 -0.0465324 0.983812 61.7942
0.98044 -0.00122952 0.196856 0.553009 -0.00827801 0.998839 0.0474689 1.40054 -0.196686 -0.0481694 0.979288 62.838
0.975512 -0.00746459 0.219853 0.775021 -0.00351972 0.998768 0.04953 1.43107 -0.219951 -0.0490905 0.974282 63.8813
0.96982 -0.0112967 0.243592 1.02436 -0.00136703 0.998658 0.0517576 1.43209 -0.243851 -0.0505279 0.968501 64.8884
0.962772 -0.0169559 0.269808 1.2988 0.00375007 0.998774 0.0493868 1.4352 -0.270314 -0.0465359 0.961654 65.8833
0.95541 -0.0183533 0.294739 1.58837 0.00386725 0.998757 0.0496581 1.47951 -0.295285 -0.0463032 0.954293 66.851
0.946365 -0.0196726 0.32252 1.90782 0.00383528 0.99876 0.049668 1.51867 -0.323096 -0.0457667 0.945266 67.8045
0.936603 -0.02049 0.349817 2.25436 0.00310533 0.998734 0.0501865 1.5521 -0.350403 -0.0459177 0.935479 68.7404
0.925499 -0.0209203 0.378193 2.62151 0.00182195 0.998709 0.0507871 1.58426 -0.378765 -0.0463139 0.92434 69.6528
0.912878 -0.020658 0.407732 3.00757 0.000229797 0.998743 0.0500892 1.64598 -0.408255 -0.0456308 0.911734 70.5546
0.899599 -0.0217359 0.436195 3.42196 0.00201507 0.998958 0.0456235 1.68887 -0.43673 -0.0401635 0.898703 71.4275
0.88528 -0.0221478 0.464549 3.86755 0.00117602 0.998967 0.0453871 1.72399 -0.465075 -0.0396332 0.884391 72.2724
0.8687 -0.0225239 0.494843 4.33739 -0.0014269 0.998849 0.0479704 1.74574 -0.495351 -0.0423777 0.867666 73.1198
0.851332 -0.0217467 0.524194 4.82654 -0.00593925 0.998675 0.0510782 1.7787 -0.524612 -0.046597 0.850073 73.9294
0.831426 -0.0223641 0.555199 5.34307 -0.00753259 0.998645 0.0515076 1.8157 -0.555596 -0.0470066 0.83013 74.7146
0.809715 -0.0241532 0.586343 5.87322 -0.00932789 0.998496 0.0540139 1.84831 -0.586766 -0.0492045 0.80827 75.4919
0.787401 -0.0237386 0.615997 6.42685 -0.0117499 0.9985 0.0534989 1.89511 -0.616341 -0.0493625 0.785939 76.2197
0.76423 -0.0237606 0.644522 7.01621 -0.0138099 0.998489 0.0531859 1.94362 -0.644812 -0.0495465 0.762745 76.934
0.741117 -0.0247176 0.670935 7.62968 -0.0153261 0.99844 0.053713 1.98511 -0.671214 -0.0500897 0.739579 77.6154
0.716318 -0.025273 0.697332 8.26386 -0.0169289 0.998419 0.0535762 2.03638 -0.697584 -0.050182 0.714756 78.2706
0.6902 -0.0253353 0.723189 8.91205 -0.0187991 0.998423 0.0529197 2.06983 -0.723387 -0.0501196 0.688632 78.9057
0.66365 -0.0253238 0.747629 9.57607 -0.0207442 0.998418 0.0522339 2.1252 -0.747769 -0.0501733 0.662074 79.5074
0.636182 -0.025014 0.771147 10.2675 -0.0227249 0.998433 0.0511347 2.18932 -0.771217 -0.0500542 0.634614 80.0828
0.608191 -0.0251346 0.793407 10.9731 -0.0246357 0.998418 0.050515 2.22659 -0.793422 -0.0502682 0.606609 80.6371
0.579102 -0.0198331 0.815026 11.7038 -0.0288829 0.998577 0.0448224 2.26061 -0.814755 -0.049496 0.577703 81.1678
0.548284 -0.0118159 0.836224 12.4567 -0.0329921 0.998816 0.0357462 2.32039 -0.835655 -0.0471872 0.547243 81.6725
0.517899 -0.00567263 0.855435 13.2184 -0.0376462 0.998858 0.0294161 2.34107 -0.854624 -0.0474374 0.517092 82.1516
0.485684 -0.00436362 0.87414 14.0103 -0.0389269 0.998888 0.0266157 2.38919 -0.873282 -0.0469535 0.484972 82.6058
0.451984 -0.00394826 0.892029 14.8306 -0.0401069 0.998889 0.0247436 2.42727 -0.891135 -0.0469592 0.451321 83.0414
0.419796 -0.00944938 0.907587 15.6634 -0.0431483 0.998608 0.030356 2.44849 -0.906606 -0.0519032 0.418803 83.4332
0.384203 -0.0111623 0.923193 16.523 -0.0498021 0.998221 0.032796 2.46916 -0.921915 -0.0585762 0.382962 83.8169
0.349597 -0.00953959 0.936869 17.3801 -0.0576207 0.997837 0.0316629 2.49455 -0.935141 -0.0650513 0.348291 84.1535
0.313488 -0.00786575 0.949572 18.2649 -0.0649375 0.997448 0.0297012 2.52191 -0.947379 -0.0709727 0.312176 84.4696
0.27628 -0.00834551 0.961059 19.1755 -0.0660822 0.997431 0.0276594 2.54319 -0.958816 -0.0711494 0.275019 84.7518
0.239441 -0.00954797 0.970876 20.094 -0.0672657 0.997387 0.0263987 2.56224 -0.968588 -0.0716265 0.238172 85.0013
0.20339 -0.0101406 0.979063 21.0238 -0.0679616 0.997389 0.0244499 2.57702 -0.97675 -0.0715103 0.20217 85.208
0.167297 -0.0104577 0.985862 21.9702 -0.0689589 0.997372 0.0222826 2.59392 -0.983502 -0.0717107 0.166135 85.3712
0.133323 -0.0118453 0.99102 22.9113 -0.0638573 0.99775 0.0205177 2.58408 -0.989027 -0.0660181 0.132267 85.4934
0.0987252 -0.0119661 0.995054 23.8686 -0.0633482 0.997825 0.0182854 2.59297 -0.993107 -0.064839 0.0977515 85.5987
0.0668145 -0.0112924 0.99772 24.8264 -0.0649965 0.997765 0.0156467 2.61178 -0.99566 -0.0658926 0.0659314 85.6635
0.0370713 -0.0119354 0.999254 25.7939 -0.0646619 0.997805 0.014318 2.61009 -0.997229 -0.0651432 0.0362177 85.7017
0.010306 -0.0116093 0.999898 26.7642 -0.0648935 0.997819 0.0122551 2.63531 -0.997853 -0.065012 0.00953051 85.715
-0.0114309 -0.0121438 0.999874 27.7455 -0.0652595 0.997804 0.0113735 2.65479 -0.997814 -0.06512 -0.0121985 85.7077
-0.0308375 -0.0130114 0.999459 28.7294 -0.0658286 0.997772 0.0109595 2.6734 -0.997368 -0.0654537 -0.0316248 85.6842
-0.048762 -0.0128808 0.99874 29.711 -0.0662485 0.997758 0.00963473 2.68213 -0.996622 -0.065694 -0.049506 85.6424
-0.0630506 -0.0125745 0.99795 30.6961 -0.0669188 0.997725 0.0083448 2.68763 -0.995779 -0.0662542 -0.0637479 85.5821
-0.0752516 -0.0123463 0.997101 31.681 -0.0670351 0.997725 0.00729587 2.68345 -0.994919 -0.0662907 -0.0759081 85.5107
-0.0858871 -0.00859118 0.996288 32.6644 -0.0617591 0.998087 0.00328376 2.68294 -0.994404 -0.0612465 -0.0862526 85.4224
-0.0914452 -0.00808532 0.99579 33.6581 -0.0617574 0.99809 0.0024338 2.69601 -0.993904 -0.0612737 -0.0917698 85.3242
-0.0955839 -0.00767641 0.995412 34.6511 -0.0617037 0.998094 0.00177319 2.7037 -0.993522 -0.0612497 -0.0958747 85.2284
-0.0993395 -0.00770015 0.995037 35.6518 -0.0616487 0.998098 0.00157027 2.7025 -0.993153 -0.0611856 -0.0996252 85.1274
-0.101277 -0.00721798 0.994852 36.6493 -0.0615026 0.998108 0.000981738 2.7074 -0.992971 -0.0610853 -0.101528 85.0256
-0.104666 -0.00696971 0.994496 37.6465 -0.0615107 0.998108 0.000522416 2.70565 -0.992615 -0.0611164 -0.104897 84.9241
-0.105925 -0.0067676 0.994371 38.6475 -0.0617442 0.998093 0.000216786 2.7069 -0.992471 -0.0613724 -0.10614 84.8174
-0.108142 -0.00706412 0.994124 39.6588 -0.061195 0.998127 0.000436816 2.69605 -0.992262 -0.060787 -0.108372 84.7027
-0.111297 -0.00769739 0.993777 40.6661 -0.0607529 0.998154 0.000928407 2.70385 -0.991946 -0.0602701 -0.111558 84.5948
-0.11287 -0.00790017 0.993592 41.6837 -0.0607347 0.998155 0.00103828 2.70462 -0.991764 -0.0602271 -0.113141 84.482
-0.115004 -0.00770796 0.993356 42.7005 -0.0614407 0.998112 0.000632696 2.69906 -0.991481 -0.0609581 -0.11526 84.3658
-0.118206 -0.0075122 0.992974 43.7029 -0.0614259 0.998113 0.000239915 2.7035 -0.9911 -0.0609648 -0.118444 84.2471
-0.11965 -0.00728744 0.992809 44.7383 -0.0615962 0.998102 -9.59652e-05 2.69817 -0.990921 -0.0611632 -0.11987 84.1284
-0.122549 -0.00714574 0.992451 45.7538 -0.0620241 0.998076 -0.000471408 2.70246 -0.990535 -0.0616124 -0.122756 84.0156
-0.12385 -0.00733335 0.992293 46.7963 -0.0625861 0.998041 -0.00043456 2.70297 -0.990344 -0.0621561 -0.124065 83.8946
-0.126392 -0.00766978 0.991965 47.8345 -0.0632804 0.997997 -0.000345362 2.70387 -0.989973 -0.0628145 -0.126624 83.7744
-0.129637 -0.00847505 0.991545 48.8866 -0.0644526 0.997923 0.000104037 2.69958 -0.989483 -0.0638926 -0.129912 83.6523
-0.131456 -0.00840252 0.9913 49.946 -0.065113 0.997879 -0.000175163 2.71146 -0.989194 -0.0645685 -0.131724 83.5175
-0.134054 -0.00918067 0.990951 51.0056 -0.0657114 0.99784 0.000356351 2.69934 -0.988811 -0.0650674 -0.134367 83.3809
-0.136787 -0.00915507 0.990572 52.0537 -0.0661961 0.997808 8.21337e-05 2.69798 -0.988399 -0.0655598 -0.137093 83.2457
-0.137706 -0.0092402 0.99045 53.1117 -0.0670622 0.997751 -1.44123e-05 2.69436 -0.988219 -0.066422 -0.138014 83.0953
-0.138584 -0.00919821 0.990322 54.1741 -0.067535 0.997719 -0.000182748 2.69542 -0.988059 -0.0669058 -0.138889 82.9468
-0.139683 -0.00944377 0.990171 55.2411 -0.0679417 0.997691 -6.79224e-05 2.69612 -0.987882 -0.0672817 -0.140001 82.8057
-0.138752 -0.0100281 0.990291 56.3176 -0.0686844 0.99764 0.000479951 2.69859 -0.987956 -0.0679499 -0.139113 82.6595
-0.139226 -0.0101803 0.990228 57.3983 -0.0694068 0.99759 0.00049853 2.70712 -0.987845 -0.0686575 -0.139596 82.5255
-0.138384 -0.0104202 0.990339 58.4784 -0.0704187 0.997519 0.000656913 2.70634 -0.987886 -0.0696465 -0.138774 82.384
-0.138286 -0.0107082 0.990354 59.5569 -0.0708863 0.997485 0.000888479 2.70856 -0.987872 -0.070078 -0.138696 82.2443
-0.13891 -0.0111407 0.990258 60.6394 -0.0719032 0.997413 0.00113597 2.70973 -0.987706 -0.0710438 -0.139351 82.11
-0.138019 -0.0120919 0.990376 61.7366 -0.0719275 0.997409 0.0021552 2.70091 -0.987834 -0.0709361 -0.13853 81.9614
-0.138348 -0.0195183 0.990207 62.8369 -0.0700594 0.997496 0.00987452 2.69259 -0.987917 -0.0680061 -0.139368 81.8076
-0.13925 -0.0204235 0.990068 63.9332 -0.0699443 0.997495 0.0107404 2.69346 -0.987804 -0.0677521 -0.140329 81.6534
-0.138035 -0.0195283 0.990251 65.0371 -0.0636853 0.997915 0.0108031 2.69759 -0.988393 -0.0615721 -0.13899 81.4827
-0.138747 -0.0145455 0.990242 66.1318 -0.0603631 0.998159 0.00620523 2.69933 -0.988507 -0.0589113 -0.139369 81.3196
-0.136707 -0.00946239 0.990582 67.2383 -0.0564638 0.998406 0.00174572 2.70928 -0.989016 -0.0556922 -0.137023 81.1638
-0.136031 -0.00935701 0.990682 68.3515 -0.0566984 0.998392 0.00164577 2.71859 -0.989102 -0.0559443 -0.136341 81.008
-0.136874 -0.0098494 0.990555 69.471 -0.0573244 0.998357 0.00200692 2.74254 -0.988944 -0.056507 -0.137213 80.8693
-0.135532 -0.0132444 0.990707 70.6005 -0.0587428 0.998261 0.00531051 2.72142 -0.989052 -0.0574751 -0.136072 80.7142
-0.135294 -0.0145238 0.990715 71.734 -0.0595113 0.99821 0.00650767 2.72857 -0.989032 -0.058077 -0.135915 80.5672
-0.135672 -0.0144347 0.990671 72.8721 -0.0612158 0.998108 0.0061609 2.73811 -0.988883 -0.0598069 -0.136298 80.4167
-0.134666 -0.0138235 0.990811 74.0021 -0.0611809 0.998115 0.00561097 2.75522 -0.989016 -0.0598616 -0.135257 80.2552
-0.134837 -0.0135666 0.990798 75.138 -0.0612162 0.998113 0.00533719 2.772 -0.988997 -0.0599313 -0.135412 80.1077
-0.133641 -0.0151467 0.990931 76.2765 -0.0628096 0.998008 0.00678518 2.75666 -0.989055 -0.0613317 -0.134324 79.9536
-0.133602 -0.0208533 0.990839 77.4285 -0.0613172 0.99804 0.0127384 2.76925 -0.989158 -0.0590516 -0.134618 79.8026
-0.134143 -0.0215212 0.990745 78.5881 -0.0623327 0.997973 0.0132395 2.7767 -0.989017 -0.0599784 -0.135211 79.652
-0.13308 -0.021216 0.990901 79.7431 -0.0633141 0.997914 0.0128644 2.79302 -0.989104 -0.061024 -0.134144 79.5003
-0.132924 -0.0211645 0.990917 80.9065 -0.0632773 0.997919 0.0128268 2.80896 -0.989122 -0.0609963 -0.133985 79.3536
-0.133545 -0.0218304 0.990825 82.0911 -0.0638518 0.997873 0.0133811 2.81868 -0.989006 -0.061477 -0.134653 79.2036
-0.131939 -0.0221848 0.991026 83.2669 -0.063741 0.997875 0.013853 2.83778 -0.989224 -0.06134 -0.133072 79.0459
-0.131264 -0.0224405 0.991117 84.4464 -0.0635933 0.997878 0.0141728 2.85235 -0.989328 -0.061166 -0.132411 78.8916
-0.130731 -0.0222756 0.991185 85.6387 -0.0634075 0.997894 0.0140644 2.86648 -0.989407 -0.0610086 -0.131866 78.7355
-0.129313 -0.0222462 0.991378 86.8191 -0.0630211 0.997914 0.014174 2.88365 -0.989622 -0.0606428 -0.130443 78.582
-0.128994 -0.0221097 0.991416 88.0209 -0.0633862 0.997896 0.0140081 2.90104 -0.989636 -0.0610339 -0.130123 78.4264
-0.126833 -0.0222121 0.991699 89.2047 -0.063003 0.997914 0.0142951 2.91578 -0.989944 -0.0606649 -0.127967 78.2703
-0.125657 -0.0225546 0.991835 90.4122 -0.0628111 0.997921 0.0147365 2.92807 -0.990102 -0.0604452 -0.126811 78.1213
-0.125325 -0.0229653 0.991874 91.6307 -0.0639918 0.99784 0.0150195 2.93827 -0.990074 -0.0615873 -0.126522 77.9728
-0.123268 -0.0235448 0.992112 92.8355 -0.0640683 0.997825 0.0157212 2.94643 -0.990322 -0.0616236 -0.124507 77.8211
-0.121617 -0.0232916 0.992328 94.0535 -0.0651102 0.997762 0.015441 2.96572 -0.990462 -0.0627306 -0.12286 77.6769
-0.121341 -0.0228907 0.992364 95.2827 -0.065435 0.997747 0.0150149 2.97571 -0.990471 -0.0631121 -0.122564 77.5415
-0.119071 -0.0236559 0.992629 96.5054 -0.0666521 0.997655 0.015782 2.99059 -0.990669 -0.0642795 -0.120367 77.3935
-0.119159 -0.024448 0.992592 97.7473 -0.0684329 0.997526 0.0163554 3.00436 -0.990534 -0.0659757 -0.120536 77.2606
-0.118123 -0.024277 0.992728 98.9812 -0.0696856 0.997442 0.0161021 3.01911 -0.990574 -0.0672746 -0.119511 77.119
-0.118222 -0.0244426 0.992705 100.229 -0.0708291 0.997362 0.0161232 3.03603 -0.990478 -0.0684048 -0.11964 76.9813
-0.120185 -0.0260166 0.992436 101.491 -0.0716694 0.997279 0.017466 3.05417 -0.990185 -0.0690261 -0.121721 76.8469
-0.120324 -0.0267521 0.992393 102.741 -0.0725586 0.997204 0.0180854 3.07178 -0.9901 -0.0698291 -0.121927 76.699
-0.121815 -0.0271733 0.992207 103.993 -0.0735674 0.997127 0.0182777 3.09167 -0.989847 -0.0707655 -0.123462 76.5531
-0.124289 -0.0270937 0.991895 105.247 -0.0735434 0.997133 0.0180227 3.1157 -0.989538 -0.0707059 -0.125924 76.4116
-0.125724 -0.0278576 0.9917 106.49 -0.0736841 0.997111 0.0186698 3.13167 -0.98935 -0.0707231 -0.127412 76.2554
-0.129006 -0.0286215 0.991251 107.757 -0.0752412 0.996989 0.0189961 3.15152 -0.988806 -0.0721307 -0.13077 76.1058
-0.132455 -0.0291318 0.990787 108.983 -0.0758509 0.996939 0.019174 3.16216 -0.988308 -0.0726102 -0.134257 75.947
-0.137841 -0.0287822 0.990057 110.216 -0.0774314 0.996835 0.0182002 3.19702 -0.987445 -0.0741509 -0.139632 75.7901
-0.146179 -0.0288373 0.988864 111.451 -0.0772687 0.996858 0.0176498 3.20964 -0.986261 -0.073826 -0.147947 75.622
-0.154515 -0.03325 0.987452 112.67 -0.0759692 0.996879 0.0216811 3.23996 -0.985088 -0.071664 -0.156557 75.427
-0.165568 -0.0326914 0.985684 113.9 -0.0761399 0.996895 0.0202755 3.28136 -0.983281 -0.0716904 -0.167541 75.2261
-0.179639 -0.0321354 0.983229 115.14 -0.0764521 0.996904 0.0186156 3.29433 -0.98078 -0.0718239 -0.181538 75.005
-0.19306 -0.0324138 0.980679 116.338 -0.0770952 0.996869 0.0177734 3.31328 -0.978181 -0.0721718 -0.194952 74.7713
-0.208395 -0.0329203 0.977513 117.567 -0.0778554 0.996824 0.0169741 3.32963 -0.974965 -0.0725654 -0.210294 74.5287
-0.22306 -0.0331992 0.974267 118.754 -0.0780359 0.996824 0.0161031 3.33314 -0.971704 -0.0724333 -0.224941 74.2577
-0.238239 -0.0321176 0.970698 119.935 -0.078619 0.996815 0.0136877 3.36277 -0.968044 -0.0730523 -0.240004 73.9755
-0.25488 -0.0321303 0.966467 121.118 -0.0791291 0.996793 0.0122719 3.38029 -0.963758 -0.0733453 -0.256603 73.679
-0.269725 -0.0339927 0.962361 122.281 -0.0816617 0.99659 0.0123155 3.37988 -0.959493 -0.0752641 -0.271579 73.366
-0.285402 -0.038557 0.95766 123.457 -0.0873822 0.99608 0.0140639 3.38836 -0.954445 -0.0796661 -0.28765 73.0362
-0.301914 -0.0389009 0.952566 124.638 -0.0885873 0.995994 0.0125983 3.40179 -0.949236 -0.0805795 -0.304148 72.6927
-0.31607 -0.039591 0.947939 125.776 -0.0899018 0.995887 0.0116194 3.40847 -0.944496 -0.0815462 -0.318328 72.3268
-0.331269 -0.0392946 0.942743 126.917 -0.0901998 0.995881 0.00981585 3.42054 -0.939241 -0.0817814 -0.333447 71.9444
-0.344013 -0.0392284 0.938175 128.037 -0.0902183 0.995889 0.00856176 3.42363 -0.934651 -0.0816926 -0.346136 71.5374
-0.357981 -0.0394051 0.932924 129.161 -0.0899447 0.995924 0.00755419 3.4261 -0.929414 -0.0812049 -0.360064 71.1154
-0.373101 -0.0401137 0.926954 130.289 -0.0900678 0.995916 0.00684738 3.43745 -0.923439 -0.0809314 -0.375188 70.6815
-0.38639 -0.0409934 0.921453 131.388 -0.0903153 0.995898 0.00643545 3.44129 -0.917932 -0.0807321 -0.388505 70.2279
-0.401056 -0.0406993 0.91518 132.483 -0.0910896 0.995838 0.00437016 3.45745 -0.911545 -0.0816081 -0.403091 69.7654
-0.416908 -0.0407208 0.908065 133.569 -0.0914634 0.99581 0.00266499 3.45537 -0.904364 -0.081941 -0.418884 69.2822
-0.430112 -0.0405043 0.901899 134.641 -0.0910311 0.995852 0.00131319 3.45843 -0.898207 -0.0815334 -0.432012 68.7822
-0.444736 -0.0403885 0.89478 135.711 -0.0909753 0.995858 -0.000265071 3.45324 -0.891059 -0.0815182 -0.446566 68.2591
-0.46075 -0.0397367 0.886673 136.782 -0.0906077 0.995888 -0.00245026 3.45745 -0.882927 -0.0814656 -0.462454 67.7186
-0.474672 -0.0393655 0.879312 137.838 -0.090362 0.995904 -0.00419229 3.4508 -0.875542 -0.0814438 -0.476283 67.1598
-0.490923 -0.0410441 0.87027 138.912 -0.091158 0.995831 -0.00445492 3.43734 -0.866455 -0.0815162 -0.492615 66.5796
-0.505654 -0.0409654 0.861794 139.959 -0.0910413 0.995833 -0.0060791 3.43509 -0.857951 -0.0815302 -0.507274 65.9797
-0.521353 -0.0418974 0.852348 141.013 -0.0912378 0.995809 -0.00685578 3.41791 -0.848486 -0.0813376 -0.522988 65.362
-0.538026 -0.0421591 0.841906 142.052 -0.0916982 0.995753 -0.00873519 3.4179 -0.837959 -0.0818983 -0.539604 64.7259
-0.553013 -0.042447 0.832128 143.08 -0.091844 0.995725 -0.0102431 3.40727 -0.828133 -0.0820874 -0.554545 64.0587
-0.568323 -0.0426787 0.821732 144.1 -0.0919261 0.995699 -0.0118611 3.39753 -0.817689 -0.0822768 -0.569799 63.375
-0.58433 -0.0427247 0.810429 145.125 -0.0919579 0.995671 -0.0138103 3.37848 -0.806328 -0.0825919 -0.585727 62.6656
-0.598297 -0.043745 0.800114 146.111 -0.0921813 0.995641 -0.0144924 3.35937 -0.79599 -0.0824235 -0.599718 61.9374
-0.614445 -0.0446957 0.787733 147.111 -0.0917918 0.995668 -0.0151029 3.34148 -0.783643 -0.081584 -0.615882 61.1894
-0.62838 -0.0452792 0.776624 148.083 -0.0914878 0.995682 -0.0159711 3.3169 -0.772545 -0.0810847 -0.629806 60.4196
-0.642804 -0.0457805 0.764704 149.055 -0.0917397 0.995633 -0.0175076 3.291 -0.76056 -0.0814042 -0.644194 59.6299
-0.658277 -0.0461368 0.751399 150.015 -0.0916001 0.995617 -0.0191133 3.27121 -0.747221 -0.0814073 -0.659614 58.8257
-0.672512 -0.0466889 0.738656 150.951 -0.09196 0.995549 -0.0207959 3.24376 -0.734396 -0.0819088 -0.67381 57.9939
-0.687868 -0.047934 0.724292 151.883 -0.0919839 0.995534 -0.0214705 3.21342 -0.720026 -0.0813891 -0.6892 57.141
-0.704579 -0.0486211 0.708003 152.808 -0.0915321 0.995547 -0.022719 3.18717 -0.703743 -0.0808088 -0.70589 56.2653
-0.720092 -0.0493146 0.692167 153.698 -0.0915265 0.995511 -0.0242894 3.15216 -0.687861 -0.0808392 -0.721368 55.3641
-0.737223 -0.0505657 0.673803 154.58 -0.0919862 0.995427 -0.0259394 3.11116 -0.669408 -0.0811001 -0.7385 54.4388
-0.753812 -0.0541989 0.654898 155.431 -0.0965598 0.994917 -0.0288028 3.08665 -0.650004 -0.0849458 -0.755208 53.5029
-0.769804 -0.0548398 0.635972 156.268 -0.0962591 0.994887 -0.0307237 3.04484 -0.631033 -0.0848656 -0.771144 52.5311
-0.785713 -0.0551703 0.616176 157.071 -0.0954016 0.994913 -0.0325669 2.98693 -0.611242 -0.0843695 -0.786973 51.5463
-0.799946 -0.0552383 0.59758 157.838 -0.0938224 0.995026 -0.0336148 2.94536 -0.592748 -0.0829526 -0.801147 50.5373
-0.814476 -0.055026 0.577636 158.591 -0.0921289 0.995134 -0.0351031 2.89068 -0.572891 -0.0818045 -0.815576 49.4984
-0.829153 -0.0549071 0.55638 159.321 -0.0918446 0.995027 -0.0386739 2.85014 -0.551486 -0.0831631 -0.83007 48.4515
-0.842073 -0.0550362 0.536605 160.023 -0.0919442 0.994874 -0.0422431 2.80356 -0.531528 -0.0849066 -0.84281 47.3867
-0.854775 -0.0549929 0.516142 160.698 -0.0909574 0.994859 -0.0446312 2.75434 -0.511032 -0.0850926 -0.85538 46.3025
-0.866881 -0.055534 0.495476 161.353 -0.0897343 0.994933 -0.0454807 2.68921 -0.490438 -0.0838845 -0.867465 45.2029
-0.876571 -0.0553178 0.478155 161.973 -0.0888801 0.994898 -0.0478343 2.63268 -0.473067 -0.0844245 -0.877012 44.0954
-0.886446 -0.0558695 0.459516 162.575 -0.0884725 0.994844 -0.0497107 2.56569 -0.454368 -0.0847173 -0.886811 42.9816
-0.894642 -0.0564233 0.443286 163.152 -0.0883416 0.994754 -0.0516706 2.51354 -0.438043 -0.0853831 -0.89493 41.8536
-0.902503 -0.0566735 0.427013 163.717 -0.0876187 0.994741 -0.053157 2.45149 -0.421754 -0.0853855 -0.902714 40.7129
-0.910129 -0.056945 0.410477 164.266 -0.0869311 0.994714 -0.0547476 2.37862 -0.405187 -0.0855065 -0.910266 39.5492
-0.915908 -0.0574877 0.39733 164.782 -0.0865306 0.994705 -0.0555427 2.29919 -0.392033 -0.0852501 -0.916026 38.3893
-0.921715 -0.0597853 0.383322 165.287 -0.0876731 0.994597 -0.0556851 2.21647 -0.37792 -0.0849287 -0.921974 37.2185
-0.927385 -0.0660663 0.368317 165.771 -0.0915598 0.994439 -0.0521575 2.16519 -0.362821 -0.0820899 -0.92827 36.0512
-0.931369 -0.0696639 0.357448 166.237 -0.0927026 0.994555 -0.0477095 2.09018 -0.352176 -0.0775673 -0.932753 34.8605
-0.935591 -0.0697046 0.346234 166.693 -0.0917109 0.994655 -0.0475685 2.02388 -0.341067 -0.0762547 -0.936975 33.6624
-0.939246 -0.0699973 0.336138 167.129 -0.0912671 0.99468 -0.0478825 1.95584 -0.330996 -0.0756477 -0.940634 32.463
-0.940835 -0.0699618 0.331666 167.55 -0.0910797 0.994665 -0.0485439 1.89135 -0.3265 -0.0758765 -0.94218 31.2657
-0.942622 -0.0697366 0.326607 167.971 -0.0906348 0.994674 -0.0491939 1.83056 -0.321435 -0.075969 -0.943919 30.0576
-0.944412 -0.0716773 0.320964 168.399 -0.0922872 0.994509 -0.0494487 1.75658 -0.315657 -0.0763173 -0.945833 28.8289
-0.945388 -0.0761775 0.317036 168.821 -0.0957752 0.994314 -0.0466766 1.67821 -0.311676 -0.0744875 -0.947305 27.6205
-0.946987 -0.0825774 0.310589 169.237 -0.101561 0.993797 -0.0454292 1.6148 -0.304911 -0.0745612 -0.949492 26.4125
-0.947594 -0.0886191 0.307063 169.649 -0.108336 0.992974 -0.0477437 1.53722 -0.300672 -0.0785035 -0.950532 25.21
-0.948772 -0.0892857 0.303197 170.054 -0.108992 0.992856 -0.0486776 1.46195 -0.296684 -0.0792265 -0.951717 23.9896
-0.950015 -0.0894658 0.299237 170.451 -0.109112 0.992799 -0.0495733 1.39134 -0.292645 -0.0797412 -0.952932 22.7742
-0.949836 -0.0893581 0.299828 170.851 -0.109071 0.992799 -0.0496371 1.3292 -0.293233 -0.079846 -0.952735 21.5623
-0.949716 -0.0893261 0.300227 171.238 -0.109054 0.992805 -0.0495783 1.25829 -0.293637 -0.079822 -0.95262 20.3397
-0.949758 -0.0889471 0.3002 171.623 -0.10902 0.992748 -0.050758 1.19577 -0.293508 -0.0809317 -0.952559 19.1154
-0.948733 -0.0886366 0.303524 172.019 -0.109017 0.992745 -0.0508431 1.13437 -0.296813 -0.0813213 -0.951508 17.8983
-0.948704 -0.088181 0.303739 172.405 -0.108368 0.992846 -0.0502267 1.06421 -0.297137 -0.080562 -0.951465 16.6701
-0.947744 -0.088029 0.306777 172.804 -0.108428 0.992849 -0.0500669 1.00327 -0.300175 -0.0807094 -0.950505 15.4863
-0.94639 -0.0886056 0.310756 173.21 -0.109353 0.992752 -0.0499548 0.942104 -0.304077 -0.0812548 -0.949211 14.2774
-0.945391 -0.0878183 0.314014 173.617 -0.108286 0.992952 -0.0483113 0.887886 -0.307557 -0.079672 -0.948231 13.0553
-0.942978 -0.0869605 0.321408 174.034 -0.107683 0.993068 -0.0472352 0.838061 -0.315072 -0.079148 -0.945797 11.8577
-0.940849 -0.0872229 0.32753 174.453 -0.108171 0.993061 -0.0462614 0.782083 -0.321222 -0.0789499 -0.94375 10.6632
-0.938366 -0.0867686 0.334687 174.872 -0.108021 0.993118 -0.045383 0.712449 -0.328445 -0.0787352 -0.941273 9.44515
-0.935023 -0.0869086 0.343893 175.297 -0.108992 0.993012 -0.0453785 0.649459 -0.337545 -0.0799069 -0.937954 8.27704
-0.931518 -0.0870558 0.35323 175.745 -0.10961 0.992992 -0.0443202 0.575403 -0.346895 -0.0799986 -0.934523 7.09235
-0.927711 -0.0859531 0.363382 176.204 -0.10915 0.993067 -0.043753 0.50711 -0.357101 -0.0802487 -0.930655 5.87479
-0.92322 -0.0855819 0.374723 176.669 -0.109502 0.993063 -0.0429749 0.443455 -0.368444 -0.080704 -0.92618 4.72973
-0.917798 -0.0849112 0.387971 177.167 -0.109668 0.993083 -0.0420798 0.373527 -0.381713 -0.0811641 -0.920756 3.52232
-0.911927 -0.0853855 0.401471 177.659 -0.110399 0.993106 -0.0395446 0.298417 -0.395325 -0.0803793 -0.91506 2.38313
-0.905935 -0.0834268 0.41522 178.189 -0.108683 0.993377 -0.0375287 0.263916 -0.409335 -0.0791214 -0.908994 1.217
-0.899987 -0.0834503 0.42795 178.737 -0.109329 0.993352 -0.0362086 0.20198 -0.422081 -0.0793697 -0.903121 0.055589
-0.892938 -0.0845563 0.442263 179.294 -0.111298 0.993185 -0.0348198 0.127167 -0.436302 -0.0803106 -0.896257 -1.07184
-0.885769 -0.0847735 0.45641 179.865 -0.111524 0.993255 -0.0319448 0.0697083 -0.450621 -0.0791917 -0.889242 -2.20026
-0.878042 -0.0857474 0.470932 180.453 -0.11272 0.993203 -0.0293156 0.00317548 -0.465213 -0.0788194 -0.881732 -3.32905
-0.870221 -0.085175 0.485332 181.042 -0.112428 0.993293 -0.0272591 -0.0447455 -0.479752 -0.0782812 -0.873953 -4.40733
-0.861773 -0.0841626 0.500351 181.659 -0.111596 0.993446 -0.0250958 -0.0809525 -0.494955 -0.0774596 -0.86551 -5.48777
-0.852644 -0.0820985 0.516087 182.294 -0.109137 0.993787 -0.0222115 -0.11179 -0.511053 -0.0752576 -0.856298 -6.56177
-0.842335 -0.0818021 0.532793 182.937 -0.109068 0.993846 -0.0198382 -0.147424 -0.527886 -0.0748161 -0.846066 -7.60301
-0.831435 -0.0812575 0.549727 183.619 -0.108682 0.993932 -0.0174527 -0.178974 -0.544969 -0.0742512 -0.835213 -8.65984
-0.82032 -0.0807447 0.566256 184.305 -0.108298 0.994012 -0.0151432 -0.201877 -0.561638 -0.0737419 -0.824145 -9.66432
-0.808112 -0.079923 0.583657 185.014 -0.10727 0.994162 -0.012381 -0.226873 -0.579256 -0.0726089 -0.811959 -10.6694
-0.795178 -0.0790405 0.601277 185.749 -0.105487 0.994391 -0.0087826 -0.241648 -0.597205 -0.070406 -0.799049 -11.6698
-0.780222 -0.0778484 0.620711 186.494 -0.103665 0.994606 -0.0055578 -0.245657 -0.616925 -0.0686771 -0.784076 -12.6308
-0.763927 -0.0779443 0.640649 187.258 -0.104056 0.994576 -0.00306938 -0.257981 -0.636929 -0.0690032 -0.767887 -13.5745
-0.747215 -0.0753829 0.660361 188.049 -0.101817 0.994811 -0.00164145 -0.2647 -0.656805 -0.0684572 -0.751006 -14.5051
-0.730302 -0.0748081 0.679083 188.846 -0.100731 0.994922 0.00127662 -0.260037 -0.675724 -0.0674679 -0.734123 -15.3573
-0.711545 -0.0744407 0.69875 189.68 -0.0996201 0.995024 0.00456449 -0.260582 -0.695607 -0.0663567 -0.715413 -16.2325
-0.692377 -0.0749217 0.7177 190.504 -0.0996398 0.995003 0.00774998 -0.259813 -0.714687 -0.0661408 -0.696376 -17.0453
-0.672232 -0.0745955 0.736634 191.372 -0.0990871 0.995034 0.0103429 -0.254624 -0.733742 -0.0660331 -0.676279 -17.8525
-0.651889 -0.0746206 0.754695 192.271 -0.0992411 0.994992 0.012662 -0.243974 -0.751853 -0.0666378 -0.656024 -18.6494
-0.631218 -0.0742368 0.772104 193.161 -0.0978315 0.995089 0.0157004 -0.2274 -0.76947 -0.0656206 -0.635374 -19.3867
-0.609014 -0.0741731 0.789742 194.087 -0.0958075 0.995216 0.019593 -0.210378 -0.78741 -0.063726 -0.613202 -20.1183
-0.585696 -0.073677 0.807231 195.03 -0.0940313 0.995322 0.0226226 -0.185925 -0.805114 -0.06265 -0.589879 -20.8204
-0.561393 -0.0726899 0.824407 195.983 -0.0923073 0.995427 0.0249152 -0.165459 -0.822441 -0.0621066 -0.565532 -21.4768
-0.53466 -0.0726515 0.841993 196.959 -0.0908529 0.995475 0.0282074 -0.137629 -0.840224 -0.0614108 -0.538836 -22.1254
-0.508319 -0.0732968 0.8581 197.949 -0.089419 0.995486 0.0320663 -0.097291 -0.856569 -0.0604255 -0.512575 -22.7222
-0.480558 -0.0743194 0.873862 198.966 -0.0869824 0.995539 0.0368375 -0.0525774 -0.872692 -0.0583028 -0.484874 -23.3041
-0.45147 -0.0738525 0.889278 200.01 -0.0853583 0.995582 0.0393499 -0.0154912 -0.888247 -0.058137 -0.455776 -23.8514
-0.420936 -0.0734294 0.904166 201.051 -0.0844029 0.995574 0.0415626 0.0226751 -0.903207 -0.0588136 -0.425268 -24.3443
-0.389547 -0.0738411 0.918094 202.118 -0.0828135 0.99556 0.0449377 0.066199 -0.917327 -0.0585203 -0.39393 -24.8177
-0.359003 -0.0739872 0.93045 203.204 -0.0771054 0.995807 0.0494374 0.112513 -0.930198 -0.0539892 -0.363199 -25.2467
-0.326351 -0.0738072 0.942414 204.302 -0.0759588 0.99578 0.0516865 0.167236 -0.942242 -0.0547118 -0.330577 -25.6455
-0.293249 -0.0736478 0.953246 205.419 -0.0730417 0.995851 0.0544727 0.232832 -0.953294 -0.0536473 -0.297409 -26.0157
-0.258411 -0.073746 0.963266 206.536 -0.0712018 0.995833 0.057142 0.300306 -0.963457 -0.0538153 -0.262584 -26.345
-0.223336 -0.0737536 0.971998 207.664 -0.0685543 0.995864 0.059816 0.368861 -0.972379 -0.0532701 -0.227467 -26.6286
-0.188382 -0.0736659 0.979379 208.811 -0.0664554 0.995863 0.0621269 0.432978 -0.979893 -0.0533767 -0.192497 -26.8727
-0.153278 -0.0733984 0.985503 209.946 -0.0642978 0.995876 0.0641738 0.507799 -0.98614 -0.0535239 -0.157364 -27.0747
-0.1185 -0.0731616 0.990304 211.09 -0.0613188 0.995926 0.0662432 0.586961 -0.991107 -0.0528696 -0.122504 -27.2294
-0.0831606 -0.0726405 0.993935 212.252 -0.0590697 0.995957 0.0678491 0.667173 -0.994834 -0.0530636 -0.0871154 -27.3445
-0.0490331 -0.0726728 0.996198 213.395 -0.056734 0.995951 0.0698659 0.744583 -0.997232 -0.0530878 -0.052958 -27.4133
-0.0162623 -0.072704 0.997271 214.559 -0.054183 0.995962 0.0717283 0.832895 -0.998449 -0.0528632 -0.0201368 -27.4421
0.0168554 -0.0723192 0.997287 215.703 -0.0523013 0.995961 0.0731106 0.907824 -0.998537 -0.0533869 0.0130041 -27.4387
0.0490769 -0.0726048 0.996203 216.858 -0.0495232 0.995962 0.0750302 0.984034 -0.997618 -0.053012 0.0452815 -27.3998
0.0809954 -0.0731358 0.994075 218.032 -0.0463057 0.99596 0.077051 1.07528 -0.995686 -0.0522675 0.0772803 -27.3265
0.112275 -0.0733217 0.991019 219.188 -0.0428249 0.996002 0.0785454 1.16564 -0.992806 -0.0512536 0.108684 -27.2195
0.142749 -0.0729261 0.987117 220.348 -0.0405334 0.996023 0.0794494 1.25516 -0.988977 -0.0513478 0.139224 -27.0709
0.172428 -0.0729306 0.98237 221.505 -0.0380709 0.996028 0.0806303 1.33985 -0.984339 -0.0512973 0.168964 -26.8855
0.202501 -0.0729392 0.976612 222.651 -0.0349892 0.996056 0.0816503 1.4271 -0.978706 -0.0507004 0.199148 -26.6678
0.232106 -0.0744778 0.969888 223.803 -0.0275879 0.99617 0.0831016 1.51321 -0.972354 -0.0460403 0.229159 -26.4055
0.262355 -0.0750218 0.962102 224.937 -0.0237957 0.996177 0.0841717 1.59768 -0.964728 -0.0449721 0.259564 -26.1174
0.291684 -0.0761861 0.95353 226.071 -0.0161055 0.996301 0.084534 1.68651 -0.956435 -0.040009 0.289374 -25.791
0.320318 -0.0761104 0.9443 227.196 -0.0139481 0.99629 0.0850362 1.77502 -0.947259 -0.0404051 0.318065 -25.4283
0.348682 -0.077005 0.934128 228.308 -0.0106018 0.996242 0.0860866 1.8671 -0.937238 -0.039915 0.34655 -25.0292
0.377205 -0.0775584 0.92293 229.414 -0.00794803 0.996189 0.0869673 1.96373 -0.926149 -0.0401352 0.375147 -24.5918
0.405201 -0.0771077 0.911028 230.512 -0.00144385 0.996394 0.084979 2.06143 -0.914285 -0.0357439 0.403623 -24.1181
0.43363 -0.0761898 0.897919 231.577 0.0048081 0.996611 0.0822463 2.16308 -0.901133 -0.0313424 0.432522 -23.6215
0.460611 -0.0777922 0.884246 232.646 0.0116389 0.996608 0.0816186 2.25917 -0.887586 -0.0272979 0.459948 -23.0772
0.48836 -0.077966 0.869208 233.705 0.0133092 0.996561 0.0819158 2.34862 -0.872597 -0.0284313 0.487713 -22.5148
0.514039 -0.0794897 0.854138 234.744 0.0170657 0.99646 0.0824687 2.43841 -0.857659 -0.0278108 0.513568 -21.9083
0.53733 -0.07892 0.83973 235.761 0.0185574 0.996488 0.0817826 2.53185 -0.843226 -0.0283562 0.536902 -21.2657
0.558966 -0.0787423 0.825507 236.759 0.0202375 0.996492 0.0813532 2.62046 -0.829007 -0.0287626 0.558592 -20.6058
0.579004 -0.0790117 0.811549 237.75 0.0216433 0.996443 0.0815764 2.70576 -0.8151 -0.0296635 0.578648 -19.9136
0.59717 -0.0805106 0.798129 238.722 0.0236404 0.996297 0.0828171 2.79699 -0.801832 -0.030583 0.596854 -19.1928
0.61552 -0.0837644 0.783722 239.682 0.0259261 0.995961 0.0860919 2.89523 -0.787759 -0.0326674 0.615198 -18.452
0.631033 -0.0866466 0.77097 240.628 0.0305084 0.995758 0.0869437 2.99397 -0.775224 -0.0313385 0.630992 -17.687
0.647153 -0.087787 0.757356 241.56 0.0324132 0.995629 0.0877146 3.0874 -0.761739 -0.0322113 0.647162 -16.9145
0.662564 -0.0876558 0.74393 242.472 0.0337463 0.995626 0.0872623 3.18077 -0.748317 -0.032707 0.662615 -16.1085
0.677495 -0.088043 0.730309 243.38 0.035298 0.995569 0.0872821 3.267 -0.73475 -0.0333496 0.677593 -15.2733
0.692896 -0.0900642 0.715464 244.263 0.037339 0.995331 0.0891386 3.36791 -0.720144 -0.0350442 0.693016 -14.427
0.707381 -0.0937044 0.700666 245.134 0.0394047 0.994872 0.0932737 3.47459 -0.705807 -0.0383654 0.707437 -13.5544
0.721242 -0.0958612 0.686096 245.991 0.0415485 0.994594 0.0952931 3.59074 -0.691514 -0.0402182 0.721317 -12.6667
0.735829 -0.0961432 0.670384 246.827 0.0437941 0.994566 0.0945724 3.70364 -0.675828 -0.040225 0.736032 -11.7694
0.74873 -0.0966752 0.655868 247.644 0.0454232 0.994478 0.0947377 3.8215 -0.661397 -0.0411365 0.748978 -10.8431
0.760009 -0.0976342 0.642617 248.449 0.0468106 0.99432 0.0957135 3.93939 -0.648306 -0.0426564 0.760252 -9.90025
0.772044 -0.0997588 0.627776 249.247 0.0487905 0.994006 0.097959 4.05036 -0.633778 -0.0449943 0.772275 -8.93109
0.782282 -0.100981 0.61477 250.026 0.050847 0.993844 0.0985527 4.16365 -0.620932 -0.0458313 0.782591 -7.94575
0.793517 -0.101595 0.600097 250.798 0.0524241 0.993726 0.0989207 4.28202 -0.606374 -0.0470308 0.793855 -6.9481
0.802584 -0.102688 0.587724 251.551 0.0566085 0.99375 0.0963327 4.40225 -0.593938 -0.0440393 0.80337 -5.93386
0.810704 -0.104774 0.576098 252.296 0.0578464 0.99339 0.0992706 4.52058 -0.582684 -0.047149 0.811397 -4.90067
0.819031 -0.10704 0.563769 253.023 0.0594262 0.992998 0.102209 4.63861 -0.570758 -0.0502042 0.819646 -3.8633
0.826229 -0.108452 0.552894 253.742 0.0608307 0.992745 0.103835 4.77108 -0.560137 -0.0521532 0.826823 -2.80226
0.832102 -0.109661 0.543773 254.47 0.0622831 0.992546 0.104864 4.89937 -0.551216 -0.0533843 0.832718 -1.70483
0.836867 -0.110782 0.536179 255.162 0.0633274 0.992339 0.106197 5.03585 -0.54383 -0.0549129 0.837462 -0.618301
0.83912 -0.112603 0.532266 255.861 0.0641677 0.992013 0.108713 5.17589 -0.540252 -0.0570629 0.839632 0.487294
0.842458 -0.113718 0.526725 256.546 0.0652979 0.99183 0.109702 5.31562 -0.53489 -0.0580199 0.842992 1.58903
0.844643 -0.11482 0.522977 257.235 0.0666322 0.991695 0.11012 5.46042 -0.531273 -0.0581591 0.845267 2.70034
0.846714 -0.117435 0.519029 257.938 0.0675522 0.991186 0.114071 5.61461 -0.527844 -0.0615188 0.847176 3.84024
0.848986 -0.119488 0.514835 258.609 0.0681185 0.990734 0.117617 5.75306 -0.524114 -0.0647794 0.849246 4.9402
0.851116 -0.120288 0.511116 259.283 0.0691922 0.990622 0.117926 5.90374 -0.520501 -0.0649979 0.851449 6.06773
0.852935 -0.121647 0.507753 259.969 0.0690885 0.990236 0.121192 6.04698 -0.517533 -0.0682829 0.852999 7.2234
0.855522 -0.121439 0.503432 260.633 0.0688186 0.990166 0.121908 6.19637 -0.513279 -0.0696442 0.855456 8.34893
0.857739 -0.122418 0.49941 261.301 0.0694799 0.989944 0.123338 6.34891 -0.509481 -0.0710863 0.857606 9.49686
0.859608 -0.123417 0.495934 261.978 0.0693668 0.98961 0.126045 6.50971 -0.506331 -0.0739425 0.859228 10.6623
0.860957 -0.124091 0.493424 262.618 0.0692449 0.989368 0.128002 6.67273 -0.504056 -0.0760308 0.860384 11.7841
0.861577 -0.125189 0.49206 263.273 0.0691523 0.98904 0.130555 6.84813 -0.503004 -0.0784506 0.860782 12.9622
0.862034 -0.125409 0.491208 263.912 0.0693402 0.988993 0.130819 7.02131 -0.502201 -0.0787032 0.861229 14.0805
0.862536 -0.125853 0.490209 264.555 0.0693807 0.988859 0.131805 7.19478 -0.501328 -0.0796694 0.861648 15.2302
0.862645 -0.126397 0.489881 265.222 0.070254 0.988847 0.131435 7.38005 -0.501024 -0.0789594 0.861891 16.3913
0.863064 -0.127409 0.488877 265.849 0.0710925 0.988687 0.132171 7.54025 -0.50018 -0.0793106 0.862349 17.5167
