0.999904 -0.00873652 -0.0109079 -0.0506453 0.00873593 0.999965 -5.96357e-05 0.0719047 0.0109076 -3.58217e-05 0.999938 0.696802
0.999961 0.00780682 -0.00351667 -0.0511217 -0.00782178 0.999957 -0.00441607 0.0663422 0.00348237 0.0044435 0.999987 0.615379
0.999972 0.000153585 -0.0078234 -0.0641579 -0.000178818 0.999998 -0.00315978 0.06571 0.00782257 0.00316092 0.999962 0.523711
0.999955 0.00101285 -0.00932674 -0.0101466 -0.00102798 1 -0.00176268 0.00745797 0.00932815 0.00177146 0.999963 0.113133
0.999931 0.000723829 -0.0117492 -0.00973574 -0.000746216 0.999995 -0.00178694 0.00349805 0.0117447 0.00179631 0.999921 0.115639
0.999901 -0.000128775 -0.0140333 -0.00826218 0.000117866 1 -0.000873116 0.00145084 0.0140366 0.00087066 0.99991 0.11875
0.999871 -0.000315659 -0.0160693 -0.0215674 0.00031297 0.999997 -8.63925e-05 0.000625249 0.0160661 8.20253e-05 0.999862 0.129832
0.999834 -0.00122863 -0.0181667 -0.0276645 0.0012297 1 -2.35231e-05 -0.00158016 0.0181699 4.60512e-07 0.999845 0.134306
0.999802 -0.000653116 -0.0198788 -0.0231145 0.000647736 0.999997 -0.000213511 -0.000588914 0.0198758 0.000201275 0.999793 0.158804
0.999749 -2.01296e-05 -0.0224013 -0.0272077 1.76938e-05 1 -0.000161939 -0.00232328 0.0224045 0.000160834 0.999758 0.170502
0.999694 0.00400137 -0.0244099 -0.0334776 -0.00403327 0.999989 -0.00120867 -0.0058228 0.0244017 0.00130742 0.999692 0.175958
0.999664 0.00425724 -0.0255855 -0.0432983 -0.004294 0.999992 -0.0014297 -0.00382214 0.0255822 0.00153841 0.999681 0.175577
0.999633 0.00325492 -0.0268865 -0.0466616 -0.00328188 0.999992 -0.00091199 -0.00510291 0.0268802 0.0010006 0.999629 0.180151
0.999585 0.00125215 -0.0287719 -0.057176 -0.00125857 1 -0.000249762 -0.00284777 0.0287747 0.000285158 0.999596 0.190144
0.999532 0.00190786 -0.0305135 -0.0617053 -0.00191365 0.999996 -0.000115837 0.000849519 0.0305101 0.000174891 0.999524 0.197226
0.999488 0.0017124 -0.0319528 -0.0625024 -0.0016964 1 0.000484235 -0.000877141 0.0319567 -0.000430526 0.999499 0.193742
0.999421 0.00234922 -0.0339518 -0.0676946 -0.00235328 0.999995 -3.93241e-05 0.00343234 0.0339485 0.000119917 0.999414 0.206989
0.999392 0.00306432 -0.0347056 -0.0547267 -0.00308806 0.999997 -0.000670468 0.00396214 0.0347064 0.000776499 0.999407 0.204043
0.999354 0.00319666 -0.0358152 -0.0479025 -0.00321318 0.999993 -0.000365308 0.00327558 0.0358108 0.000480898 0.999349 0.210327
0.999231 0.000534026 -0.0391849 -0.0358026 -0.000546356 1 -0.000339513 0.00201874 0.0391878 0.000359851 0.999242 0.228435
0.999144 -0.00415653 -0.0411715 -0.0350655 0.00408511 0.999988 -0.00178644 0.000433439 0.0411753 0.00161758 0.999141 0.230269
0.99905 -0.00536146 -0.043242 -0.0380177 0.00529993 0.999987 -0.00156794 -0.000938772 0.0432529 0.00133644 0.999073 0.220945
0.998897 -1.82648e-05 -0.0469722 -0.0481196 0.000109839 0.999997 0.00197837 -0.000848246 0.046969 -0.00198059 0.998885 0.246847
0.998671 0.00530879 -0.051258 -0.0568004 -0.00516118 0.999984 0.0029827 -0.00578195 0.0512759 -0.00271492 0.99869 0.251032
0.998546 0.00308437 -0.0538437 -0.0518219 -0.0030599 0.999993 0.00056423 -0.00579467 0.0538423 -0.000397954 0.99854 0.258596
0.998474 8.17063e-05 -0.0552101 -0.0534254 -0.000100839 1 -0.0003712 -0.00452966 0.055213 0.00037549 0.998484 0.263557
0.998348 -0.00543249 -0.0572075 -0.0528013 0.00541551 0.999984 -0.000426475 -0.00279801 0.0572062 0.00011672 0.998353 0.267584
0.998312 -0.00464414 -0.0578895 -0.0569313 0.00461738 0.99999 -0.000621611 0.000825179 0.0578946 0.0003525 0.998333 0.282775
0.998312 -0.00177749 -0.0580682 -0.0579496 0.00182823 0.999997 0.000844951 -0.00102881 0.058064 -0.000949008 0.998303 0.303211
0.998224 -0.00275721 -0.0595 -0.0626331 0.00288847 0.999995 0.0020972 -0.000182329 0.0594963 -0.00226602 0.998236 0.304279
0.998167 -0.000411422 -0.060537 -0.0660894 0.000480831 0.999999 0.00115536 0.000690141 0.0605341 -0.00118164 0.998156 0.309293
0.998197 0.00059271 -0.0600068 -0.0733196 -0.000571685 1 0.00034376 0.0128217 0.0600094 -0.000309542 0.998208 0.329544
0.998204 0.000657875 -0.0599196 -0.0724744 -0.00063521 0.999999 0.000421544 0.0182114 0.0599175 -0.000382039 0.998194 0.339275
0.998188 -8.27168e-05 -0.0601768 -0.0646604 0.000184951 0.999999 0.00166973 -0.000999037 0.0601789 -0.00167844 0.998197 0.357721
0.998332 -0.000728754 -0.0577189 -0.0683355 0.000909332 0.999995 0.00312692 -0.00238775 0.057714 -0.00317364 0.998317 0.357161
0.998532 -0.00172488 -0.054148 -0.0838084 0.00185216 0.999996 0.00227229 -0.00252718 0.0541462 -0.0023698 0.998542 0.380309
0.998672 0.000373469 -0.0515019 -0.0690583 -0.000390241 0.999999 -0.000284598 -0.00145215 0.0514994 0.000304915 0.998662 0.3927
0.998823 0.00398225 -0.0483402 -0.060224 -0.00398111 0.999992 8.59752e-05 -0.00253682 0.0483425 0.000106049 0.998842 0.414576
0.999077 0.00324459 -0.0428297 -0.0544562 -0.00325588 0.999995 -0.000156048 -0.00195243 0.0428265 0.000295877 0.999072 0.424669
0.999264 0.00340946 -0.0382297 -0.0496531 -0.0034763 0.999992 -0.00172501 -0.00134749 0.0382261 0.00185607 0.999278 0.439419
0.99938 -0.000807717 -0.0352051 -0.03776 0.000701667 0.999996 -0.00297684 -0.000362729 0.0352046 0.00295088 0.999366 0.472784
0.9995 -0.000193786 -0.0316122 -0.0363513 9.49568e-05 0.999995 -0.00318187 0.00248069 0.0316154 0.00317673 0.999506 0.486516
0.999627 0.00034421 -0.0273344 -0.023865 -0.000408164 0.999998 -0.00226777 0.000582131 0.0273308 0.0022786 0.999614 0.498775
0.999777 0.000876238 -0.0210796 -0.0297769 -0.000921991 0.999997 -0.00224984 -0.00236271 0.0210805 0.00226822 0.999786 0.512213
0.999852 0.000401898 -0.0172013 -0.0149759 -0.000423295 1 -0.00112632 0.00579988 0.0171979 0.00113397 0.999841 0.536412
0.999919 -0.00052872 -0.0126916 -0.023617 0.000534453 0.999999 0.000291997 8.33454e-05 0.0126944 -0.000299223 0.999929 0.539603
0.999959 0.001404 -0.0090156 -0.0238472 -0.00139878 1 0.00082499 -0.000673729 0.00901374 -0.000811891 0.999949 0.564577
0.999973 0.00199411 -0.00684924 -0.0143873 -0.00198188 0.999996 0.00147533 -0.00752154 0.00685525 -0.00146218 0.999985 0.583098
0.99999 0.000245975 -0.00484785 -0.00862081 -0.000243389 1 0.000981602 -0.00298767 0.00484501 -0.000980019 0.999979 0.601454
0.999995 -0.0022468 -0.00153555 -0.0010061 0.00224994 0.999996 0.000616915 -0.00588132 0.00153729 -0.000620778 1.00001 0.603879
1 -0.00168383 0.00109711 -0.00159432 0.00168025 0.999999 0.00142078 0.0024287 -0.00110264 -0.00141854 0.99999 0.641364
0.999997 0.00082726 0.00125 -0.00144519 -0.000827585 0.999997 0.00188558 -0.00203449 -0.00124532 -0.00188697 1.00001 0.652829
0.999996 0.00270513 0.00175488 -0.00557542 -0.00270682 0.999998 -0.000174487 -0.00724294 -0.00175848 0.000170108 0.99999 0.667944
0.999996 0.00153292 0.00161309 -0.00754489 -0.0015271 0.999994 -0.00241528 -0.00691351 -0.00161367 0.0024124 1.00001 0.685158
1 2.82353e-06 0.00158649 -0.00348619 -4.60651e-06 1 -9.1394e-05 -0.00401331 -0.00158966 9.174e-05 0.99999 0.679556
0.999998 -0.000558654 0.00139636 0.00255433 0.000557704 0.999997 0.00210743 0.00104923 -0.0013944 -0.00210701 1.00001 0.710083
0.999998 0.00118181 0.00206314 -0.00480309 -0.00118941 0.999996 0.00275361 0.000345506 -0.00206311 -0.00275572 0.999985 0.721447
0.999997 0.000660588 0.00174207 -0.00133704 -0.000661304 0.999999 0.00144497 -0.0057743 -0.00173793 -0.00144647 1.00001 0.735923
1 0.00121046 0.00163386 -0.00547865 -0.00121109 0.999999 -0.000733297 -0.00544765 -0.00163804 0.000731686 0.99999 0.766731
0.999995 0.00208778 0.0012576 -0.000133268 -0.00208243 0.999994 -0.0028055 -0.00791292 -0.00126013 0.00280254 1 0.766851
1 0.000674638 0.00103315 -0.00172296 -0.000675412 1 -0.00100712 -0.000604647 -0.00103709 0.00100676 0.999991 0.784039
0.999992 -0.00215384 0.0031927 -0.0224527 0.00214949 0.999996 0.00190008 -0.00507343 -0.00319346 -0.0018935 0.999999 0.786914
0.999997 -0.00267103 0.000455611 0.00538813 0.00266853 0.999996 0.00144091 -0.00674024 -0.000462724 -0.00143938 0.999993 0.801989
0.999998 -0.00162522 0.000410797 0.00718628 0.0016265 0.999998 0.00133778 -0.00681504 -0.000409721 -0.0013374 1 0.819193
1 -0.000290156 0.000559061 -0.0041537 0.000291155 0.999987 -0.00507566 -0.0104354 -0.000560876 0.00507618 0.999982 0.808185
0.999998 -0.00137036 0.000778172 -0.00844957 0.00137766 0.999974 -0.00709423 -0.0126745 -0.000765145 0.00709494 0.99998 0.814075
0.999996 -0.00283094 -0.00123819 0.0130122 0.00282241 0.999982 -0.00536358 0.000179417 0.00125004 0.00536042 0.99998 0.824437
0.999998 -0.0013956 0.000171226 -0.0104974 0.00139753 0.999999 0.000149578 0.00153614 -0.000168165 -0.000149657 1 0.834257
1 0.000451864 0.000214737 -0.0112516 -0.000455346 0.999976 0.00696192 -0.00471323 -0.000214872 -0.00696175 0.999972 0.842882
0.999999 0.00113655 -0.00117697 0.00687136 -0.00112677 0.999977 0.00657379 -0.00274272 0.00118771 -0.00657277 0.999982 0.856492
0.999999 0.00109646 -0.00133285 0.00970323 -0.00109124 0.999986 0.00543618 -0.0153391 0.00133548 -0.00543439 0.999981 0.842037
0.999998 0.0018909 -0.000390165 -0.0100956 -0.00188891 0.999997 -1.88789e-05 -0.0143219 0.000393453 1.92528e-05 1 0.858359
1 0.000460627 0.00012645 -0.0137209 -0.000462177 0.999995 -0.00346662 -0.0193905 -0.00013139 0.00346696 0.999991 0.856673
0.999999 0.000242851 -0.00133457 0.00766904 -0.000244397 0.999996 -0.00257973 -0.0128792 0.00133726 0.00257965 1 0.845408
0.999999 0.00147355 -0.000905878 0.00424632 -0.00147451 0.999999 0.00109195 -0.0110969 0.0009041 -0.00109028 0.999994 0.848633
1 0.00125431 0.000367155 -0.00570379 -0.00125327 0.999996 0.00242161 -0.0187554 -0.000360738 -0.00242239 1 0.840397
0.999999 0.000879298 0.000136495 -0.00664067 -0.000881033 0.999999 -0.00142293 -0.0218455 -0.000141239 0.00142312 0.999994 0.848921
1 0.00117651 0.000294771 -0.00408604 -0.0011733 0.999988 -0.0046672 -0.0225345 -0.000296685 0.00466652 0.999995 0.837171
0.999998 0.00147432 0.000204472 -0.00898239 -0.00147529 0.999991 -0.00403459 -0.0143517 -0.000214031 0.00403459 0.999987 0.843818
1 -0.000623397 -0.000217662 0.00728752 0.000625201 0.999999 0.00030608 -0.00182146 0.000221086 -0.00030646 1 0.831315
0.999997 -0.00189015 -5.55536e-05 0.00376689 0.00188845 0.999998 0.00148232 -0.00306941 4.91208e-05 -0.00148219 0.999994 0.83984
1 -0.000484437 0.000742462 -0.00964556 0.000482807 0.99999 0.00450098 -0.00542997 -0.000741011 -0.00450086 0.999995 0.834594
0.999997 -0.00136782 0.000955125 -0.0134986 0.00136106 0.999985 0.00531177 -0.00778861 -0.000965977 -0.00531025 0.99998 0.860932
1 0.00048683 -0.000599114 0.00130766 -0.000483042 0.999994 0.00356002 -0.0246341 0.000604418 -0.00356002 1 0.842111
0.999998 2.19472e-06 0.000556715 -0.0137917 -4.01068e-06 1 0.000198514 -0.0213949 -0.000560351 -0.000198267 0.999994 0.858818
1 0.000303102 -0.00167063 0.0318365 -0.000307986 0.999992 -0.00400804 -0.0245645 0.00167303 0.00400819 0.999997 0.801527
0.999997 0.000977965 0.000252553 -0.0120988 -0.00097868 0.999991 -0.00426384 -0.0145294 -0.00026045 0.00426401 0.999985 0.855706
0.999993 0.00370432 -0.0024813 0.0418222 -0.00370826 0.99999 -0.00234633 -0.0197963 0.00247627 0.00235506 1 0.807464
0.999992 0.00280298 -0.00195426 0.00550674 -0.00280817 0.999995 -0.00164125 -0.00964914 0.00194592 0.00164707 0.99999 0.844764
0.999998 -0.00230963 -0.00161831 0.0116401 0.00230771 0.999994 -0.00241437 -0.0138317 0.00162756 0.0024103 1 0.830894
0.99999 -0.00341429 -0.00205299 0.00649282 0.00340378 0.999986 -0.00412435 -0.011595 0.00206333 0.00411763 0.999983 0.845112
0.99999 -0.00450313 -0.00164851 0.00697413 0.00450241 0.999988 -0.00168321 -0.0124388 0.00165977 0.00167545 1 0.845793
0.999994 -0.000753709 -0.00279201 0.00264361 0.000760196 0.999995 0.00306795 -0.00664403 0.002786 -0.00306976 0.999984 0.845047
0.999995 -0.00268733 -0.00258732 0.00979967 0.00270219 0.999984 0.00492831 -0.00369666 0.00257774 -0.00493566 0.999992 0.820317
0.999993 -0.00125796 -0.00305896 0.00958856 0.00126414 0.999996 0.00270319 -0.00780252 0.00305183 -0.00270665 0.999985 0.832432
1 0.000310219 -0.00196335 -0.000137676 -0.000311624 0.999998 -0.00177632 -0.0101389 0.00196654 0.00177651 1 0.826063
0.999992 0.00350707 -0.000838807 -0.0139969 -0.00351248 0.999986 -0.00402555 -0.0163656 0.000820969 0.00402893 0.999985 0.805818
0.99999 0.00452549 -0.00155771 -0.0112571 -0.00452812 0.999984 -0.00304048 -0.0146487 0.0015477 0.00304708 1 0.811569
0.999986 0.00415127 -0.0025405 -0.00352557 -0.00415771 0.999991 -0.00169144 -0.00942958 0.00252971 0.00170243 0.999989 0.817186
1 0.00134655 -0.00123087 -0.0093376 -0.00134335 0.999998 0.000862999 -0.0121976 0.00123574 -0.000861751 1.00001 0.810988
0.999998 -0.000326697 -0.00132205 -0.00251233 0.000326091 1 0.00113394 -0.0111475 0.001318 -0.001134 0.999992 0.800873
1 0.000978853 -0.0012056 -0.00915202 -0.000977618 0.999999 -0.000717069 -0.0113643 0.00120848 0.000717919 1.00001 0.799443
0.999997 0.00108104 -0.000605731 -0.00649945 -0.00108351 1 -0.000569508 -0.0108347 0.000601506 0.00057052 0.999994 0.788437
1 -0.00117539 -0.000223366 -0.00953193 0.00117793 0.999997 0.00172283 -0.0147807 0.000224951 -0.00172343 1 0.7824
0.999997 -0.000700534 -0.000174953 -0.00477409 0.000698913 0.999996 0.0032215 -0.015984 0.000169093 -0.00322127 0.999989 0.781529
1 -0.000743447 -0.00106845 0.000272722 0.000750159 0.999989 0.00424649 -0.0166501 0.0010689 -0.00424761 0.999996 0.783039
0.999996 -0.000262975 -0.00111424 -0.0024882 0.00026273 0.999999 0.00175417 -0.0128029 0.0011101 -0.00175415 0.999992 0.776719
1 -0.000601688 -0.000426601 -0.00669913 0.000603727 0.999999 -0.000305948 -0.015571 0.00043046 0.000305351 1 0.75707
0.999996 -0.000670867 -0.000142793 -0.00673293 0.000668321 0.999998 -0.00233342 -0.0135952 0.000140705 0.00233361 0.999992 0.754884
1 -0.000768637 -0.000683459 -0.00288577 0.000768263 0.999991 -0.00387587 -0.0132759 0.000690054 0.00387501 0.999997 0.744263
0.999996 0.000161599 -0.000151779 -0.00415967 -0.000164398 0.999996 -0.00337619 -0.00996822 0.000147663 0.00337652 0.999989 0.738247
1 0.000495852 0.00106535 -0.00563153 -0.000490735 0.999996 -0.00253392 -0.010351 -0.00106312 0.00253315 1 0.7279
0.999992 0.00201068 0.00192978 -0.00294924 -0.00201075 0.999998 -0.00123954 -0.00585803 -0.00193574 0.00123592 0.999992 0.701792
0.999997 -0.000142625 0.00407686 -0.00939513 0.000142175 0.999999 0.00072124 -0.0128867 -0.0040735 -0.000720929 0.999997 0.703445
0.999977 -0.000987126 0.00600103 0.00475585 0.000976569 1 0.00134028 -0.0129354 -0.0060058 -0.00133416 0.999975 0.67583
0.999983 -0.00134405 0.00649195 0.0086139 0.00134067 0.999998 0.000904474 -0.0106754 -0.0064897 -0.000895949 0.999985 0.66664
0.999959 0.000613817 0.00853944 0.00164211 -0.000627625 1 0.00133118 -0.0144974 -0.00854215 -0.00133627 0.999957 0.633108
0.99994 0.000636936 0.011356 0.0070193 -0.000640517 0.999999 0.000511418 0.000227277 -0.0113522 -0.000518867 0.999941 0.634586
0.999888 0.00204661 0.0145465 0.00906572 -0.00207119 0.999998 0.00151833 -0.011466 -0.0145469 -0.0015481 0.999888 0.618744
0.999842 0.000709005 0.0179946 0.0218229 -0.000731577 0.999998 0.00137358 -0.0157275 -0.0179901 -0.00138673 0.999843 0.585091
0.999744 -1.54257e-06 0.0224263 0.0112492 -1.20369e-05 1 0.000504454 -0.00942304 -0.0224298 -0.000504388 0.999743 0.578342
0.999678 -0.0016895 0.0254771 0.0270049 0.00168372 0.999997 0.000337776 -0.0150301 -0.0254741 -0.000295001 0.999681 0.540586
0.999562 -0.00215087 0.0293757 0.0308233 0.00215978 0.999999 -0.000349056 -0.00950895 -0.0293784 0.000412567 0.999562 0.537397
0.999401 -0.00228833 0.0346513 0.0296368 0.0022975 0.999996 -0.000159329 -0.00362314 -0.0346474 0.000238604 0.999405 0.527215
0.999264 -0.00189137 0.0382092 0.0371789 0.00188722 1 8.39532e-05 -0.00619638 -0.0382128 -1.15256e-05 0.999264 0.494524
0.999196 -0.0019643 0.0401696 0.0677203 0.00197243 0.999997 -0.000105304 -0.00890778 -0.0401658 0.000184141 0.999199 0.492596
0.998931 -0.00232038 0.0460744 0.0475808 0.00228479 0.999998 0.000775678 0.000724918 -0.0460796 -0.000669288 0.998931 0.491082
0.998774 -0.00484333 0.049367 0.0565842 0.00490478 0.999987 -0.00107634 0.000530561 -0.0493577 0.00131681 0.998787 0.459636
0.998595 -0.00989979 0.0519483 0.061057 0.0100145 0.999949 -0.00199274 -0.0139883 -0.0519294 0.00251057 0.998641 0.432622
0.99851 -0.00750199 0.0541422 0.0636218 0.00765891 0.999967 -0.00264965 -0.0154233 -0.054117 0.00305998 0.998536 0.457802
0.99841 -0.00666649 0.0558838 0.0705905 0.00677579 0.999976 -0.00180769 -0.011502 -0.0558738 0.00218388 0.998429 0.442024
0.998431 -0.00132355 0.05607 0.0695067 0.00133703 0.999999 -0.000163255 -0.00111286 -0.0560662 0.000237571 0.998434 0.468947
0.998508 -0.00283545 0.0544461 0.0679008 0.00282199 0.999996 0.000282975 -0.00388616 -0.0544502 -0.000128512 0.99851 0.465546
0.998546 -0.00921281 0.0532196 0.0678818 0.00917575 0.999957 0.000984698 -0.00848502 -0.053223 -0.00049535 0.99859 0.43687
0.998518 -0.0121673 0.0529571 0.0860492 0.0121243 0.999927 0.00108959 -0.015288 -0.0529698 -0.000445478 0.99859 0.42417
0.99853 -0.00269876 0.0542341 0.0617699 0.00287889 0.999989 -0.00320239 -0.0193845 -0.0542215 0.00335333 0.99853 0.444925
0.998457 0.00216399 0.0553841 0.0470525 -0.00175903 0.999973 -0.00739927 -0.0139749 -0.055402 0.00729103 0.99843 0.445468
0.998438 0.0025027 0.0559234 0.0673372 -0.00177676 0.999911 -0.0129883 0.00300181 -0.0559476 0.012868 0.998359 0.439175
0.998289 0.00475221 0.0581818 0.0619745 -0.00425242 0.999955 -0.00874837 -0.00128171 -0.0582242 0.00848662 0.998259 0.461855
0.998226 0.00210696 0.0596149 0.0577288 -0.00187114 0.999988 -0.00397427 0.0045175 -0.0596193 0.0038551 0.998223 0.47266
0.998225 -0.000872276 0.0594515 0.061979 0.00104716 0.999998 -0.00294767 0.00826556 -0.0594523 0.00300524 0.998218 0.4811
0.998302 0.0032692 0.0582673 0.0511701 -0.0030687 0.999987 -0.0034947 0.00851866 -0.0582748 0.00330938 0.998304 0.526474
0.998547 0.000749407 0.0537749 0.0680338 -0.000791542 1 0.000723093 -0.00317498 -0.0537776 -0.000764091 0.998544 0.511015
0.998796 0.00594145 0.0488288 0.0488898 -0.00594613 0.99998 -7.65403e-06 0.0026451 -0.0488247 -0.000283243 0.998816 0.544418
0.998998 0.005009 0.0443267 0.0485831 -0.0049399 0.999988 -0.00171367 -0.000614261 -0.0443379 0.00149359 0.999007 0.565442
0.999272 0.00433998 0.0380821 0.0423364 -0.00439851 0.999987 0.00150624 -0.00169809 -0.0380718 -0.00167323 0.999283 0.581357
0.999505 -0.000297489 0.0312572 0.040826 0.00023807 1 0.00183942 -0.00198731 -0.031261 -0.00183056 0.999501 0.599824
0.999718 -0.0016786 0.0239585 0.0513833 0.00165171 0.999996 0.00122579 0.00124318 -0.0239574 -0.00118641 0.999721 0.614391
0.999764 -0.000483945 0.0215004 0.0234471 0.000432228 0.999999 0.00231988 -0.0073021 -0.0215046 -0.0023095 0.999759 0.60541
0.999862 0.00161831 0.0168231 0.0409644 -0.00166745 0.999993 0.00301819 -0.00882886 -0.0168149 -0.00304642 0.999861 0.642038
0.999862 0.00455971 0.0157324 0.00799822 -0.00458856 0.999989 0.0016753 -0.00439639 -0.0157279 -0.00174664 0.999868 0.663525
0.999925 0.00322558 0.01208 0.0191281 -0.00324137 0.999993 0.00144447 -0.00927899 -0.012072 -0.00148421 0.999933 0.680984
0.999914 -0.0010388 0.012908 0.0223814 0.00103682 1 1.3953e-05 -0.0117239 -0.0129113 1.36707e-07 0.999911 0.666993
0.999923 0.000298144 0.0126389 0.032894 -0.000294393 0.999999 -0.000154737 -0.00888059 -0.0126356 0.000150284 0.999926 0.680182
0.999904 0.000228677 0.0136817 0.0246815 -0.000242143 1 0.00085653 -0.00680927 -0.0136848 -0.000859098 0.9999 0.717946
0.999908 0.00184497 0.0136092 0.024717 -0.00185283 0.999998 0.000690644 -0.00841057 -0.0136046 -0.000716436 0.999913 0.714124
0.999924 0.000141137 0.0121568 0.019741 -0.000114833 0.999998 -0.00230027 -0.0132911 -0.0121604 0.00229936 0.999918 0.734108
0.999936 0.00127389 0.0114305 0.00311209 -0.00121822 0.999988 -0.00471625 -0.0148594 -0.0114331 0.00470133 0.99993 0.763169
0.999951 -0.000992717 0.00955192 0.0183648 0.00104713 0.999982 -0.00588935 -0.0109748 -0.00954925 0.00589979 0.99993 0.735114
0.999971 6.58515e-05 0.00791213 0.0158086 -6.46215e-05 1 8.23482e-05 -0.0050232 -0.00790884 -8.35311e-05 0.999976 0.75638
0.999977 0.00135914 0.00623131 0.008904 -0.0013978 0.999981 0.00588946 -0.00198398 -0.00622646 -0.00589742 0.999956 0.785448
0.999982 0.00391297 0.00506541 0.000738076 -0.00395279 0.99996 0.00826969 -0.0149332 -0.00502958 -0.0082901 0.999962 0.775478
0.99999 3.17993e-05 0.00387608 -0.000464541 -4.91363e-05 0.99999 0.00394869 -0.0159073 -0.00387925 -0.00394827 0.999976 0.798853
0.999994 -0.00179888 0.00359563 0.00445189 0.001805 1 -0.00115518 -0.0101183 -0.00359021 0.001161 1 0.760045
0.999994 -0.000164987 0.00279 0.00391901 0.000165033 0.999997 -0.000728099 -0.0152142 -0.00279325 0.000729215 0.999986 0.779368
0.999998 -0.0012342 0.00288792 0.00341703 0.00122994 0.999999 0.00218803 -0.0124849 -0.0028873 -0.00218509 1 0.772609
0.999991 -0.00168483 0.00295224 -0.000424499 0.00167455 0.999992 0.00281198 -0.019443 -0.00296029 -0.0028064 0.999982 0.769383
0.999995 -0.00253584 0.00315506 0.00580391 0.00253203 0.999998 0.00185035 -0.0184639 -0.00315635 -0.00184297 1 0.765975
0.999994 -0.000268928 0.00210613 0.00833672 0.000274026 0.999991 -0.00335625 -0.02175 -0.0021086 0.0033575 0.999982 0.770481
0.999995 0.00358208 0.0020153 -0.0131902 -0.00356549 0.99997 -0.00730241 -0.0144427 -0.00203807 0.00729444 0.999982 0.775712
0.999993 0.001239 0.00244128 -0.0110489 -0.00122136 0.999965 -0.00793006 -0.00828782 -0.00245437 0.00792777 0.999955 0.763769
1 0.00103579 0.00131935 -0.00420926 -0.00102842 0.999993 -0.00425642 -0.00666606 -0.0013204 0.00425433 1 0.769466
0.999995 0.000889928 0.0015847 0.00327042 -0.000893932 0.999996 0.00143756 -0.00621245 -0.00158681 -0.00143822 0.999988 0.759878
0.999999 0.00284472 0.00112939 0.00627877 -0.00284731 0.999992 0.00376391 -0.0107457 -0.00111525 -0.00376783 1 0.769859
0.999993 0.00253496 0.000773454 0.00511619 -0.00254021 0.999983 0.00475389 -0.0104652 -0.000764783 -0.00475514 0.999979 0.774587
0.999999 -0.00279389 0.0011968 0.0110015 0.00279322 0.999997 0.00188553 -0.0130696 -0.00119863 -0.00188286 1.00001 0.765221
0.999993 -0.00288793 -0.000942962 0.0219409 0.00288615 0.999994 -0.000187587 -0.0163432 0.000940019 0.000185552 0.999991 0.743565
0.999999 -0.00230157 -0.000679621 0.0142763 0.00230335 0.999999 0.000183753 -0.0175246 0.000682661 -0.000185966 1.00001 0.76743
0.999998 0.000785527 -0.000653373 0.00681671 -0.000787023 0.999998 0.000283539 -0.0249948 0.000650044 -0.000282345 0.999992 0.764658
1 -0.00143197 -0.000125556 0.00335593 0.00143349 1 -0.00103013 -0.0125963 0.000130608 0.00102935 1.00001 0.757608
0.999996 -0.000412458 0.00105408 -0.00739144 0.00041074 0.999997 0.00015251 -0.00984612 -0.00105772 -0.000151461 0.999992 0.7747
1 0.00169047 0.000731324 -0.0122298 -0.00168945 1 0.000740819 -0.00529857 -0.000726498 -0.000742727 1.00001 0.781145
0.999997 -0.000677157 -6.1044e-05 -0.00601013 0.000675549 0.999996 -0.000877766 -0.0121076 5.80414e-05 0.000878363 0.999991 0.782465
1 0.000306117 -0.00165469 -0.00703139 -0.000303774 1 0.000416666 -0.0243784 0.00165841 -0.000416812 1.00001 0.779682
0.999995 -0.00181056 -0.00154149 -0.00953178 0.00180954 0.999995 0.0004509 -0.0128511 0.00153709 -0.000453117 0.999989 0.787091
0.999996 0.00166826 -0.00336636 -0.0115341 -0.00166772 1 -0.000347199 -0.00965672 0.00336934 0.000352131 1 0.804287
0.999987 0.00357522 -0.0028018 -0.0154214 -0.00357723 0.999991 -8.88951e-05 -0.0166337 0.00279788 9.96162e-05 0.999986 0.797634
0.999998 0.00133288 -0.00264388 -0.0104198 -0.00134546 0.999989 -0.00540954 -0.00365979 0.00264023 0.00541227 0.999994 0.801705
0.999995 0.000809109 -0.00216005 -0.013633 -0.000819 0.999988 -0.00379251 -0.00629922 0.00215326 0.00379503 0.999979 0.814827
0.999999 -0.000973685 -0.00264778 0.00387417 0.000970496 1 -0.00184953 -0.00571353 0.00265326 0.00184619 1.00001 0.833059
0.999994 -0.000465414 -0.00265103 -0.00981352 0.000467868 0.999994 0.00157035 -0.0100156 0.00264665 -0.00157089 0.999982 0.859696
0.999995 -0.0012287 -0.00384699 0.0157389 0.00123264 1 0.000589022 -0.013552 0.00384989 -0.000594477 1 0.85437
0.999996 -0.000241515 -0.00182882 -0.00499411 0.000242881 0.999994 0.00169532 -0.00939991 0.00182459 -0.0016951 0.999985 0.848184
1 -0.00045915 -3.37402e-06 -0.0212462 0.000460954 0.999997 0.00393031 -0.0124372 5.45318e-06 -0.00393091 1 0.845888
0.999996 -0.000881435 -0.00140952 0.00117144 0.000886586 0.999983 0.0049612 -0.0107782 0.00140125 -0.00496183 0.999975 0.853892
1 -2.28088e-05 -0.000321379 0.00745992 2.5269e-05 1 0.00190058 -0.0128365 0.000325216 -0.00190123 1.00001 0.865325
0.999991 0.00311596 0.00192046 -0.00487165 -0.00311715 0.999992 -0.000359645 -0.0088644 -0.00192542 0.000354353 0.999986 0.876615
1 -0.000171261 0.00207572 -0.00895676 0.000175772 1 -0.00128844 -0.0104849 -0.00207163 0.00128811 1.00001 0.865611
0.999994 -0.00202112 0.0013068 0.00392902 0.00202287 0.999991 -0.00276412 -0.00915849 -0.00130511 0.00276746 0.999983 0.878692
0.999994 -0.00386181 0.00135237 0.00479577 0.00386556 0.999995 -0.00141993 -0.0125761 -0.001343 0.00142444 1.00001 0.878898
0.999996 -0.00148557 0.000545173 0.0141438 0.00148368 0.999996 0.000123558 -0.0136803 -0.000549238 -0.000122032 0.999988 0.888615
1 -0.0021704 0.0011947 -0.00545196 0.00216996 0.999998 0.00197722 -0.00669759 -0.00119511 -0.00197529 1.00001 0.885012
0.999994 -0.00240258 0.00121285 -0.0060113 0.0023971 0.999991 0.00293153 -0.0209898 -0.00122376 -0.00292801 0.999983 0.880967
1 -0.000334036 0.00125111 -0.00694877 0.000335431 1 0.000347063 -0.0181228 -0.00124732 -0.000347175 1.00001 0.883725
0.999996 0.00121653 0.00101061 -0.0090693 -0.00121535 0.999994 -0.00292585 -0.0203068 -0.00101812 0.00292518 0.999983 0.883395
0.999997 0.00323431 0.00127328 -0.0179566 -0.00322541 0.999981 -0.0055234 -0.0237158 -0.00128717 0.00551865 0.999996 0.872529
0.999991 0.00220847 0.00255136 -0.0389134 -0.00219645 0.999983 -0.00541111 -0.012923 -0.00256727 0.00540605 0.99997 0.844976
0.999987 0.005337 0.00124224 -0.0171222 -0.00532775 0.999968 -0.00604251 -0.0119171 -0.00127046 0.00603521 0.999993 0.879897
0.999997 0.000244342 0.00161415 -0.0128794 -0.000244755 0.999999 -0.000762564 -0.0143313 -0.00161833 0.000762749 0.999986 0.863438
0.999996 -0.00344457 0.000968151 -0.0123876 0.00344047 0.999977 0.00587113 -0.00966371 -0.000984375 -0.00586825 0.999995 0.877202
0.999998 -0.000946199 -0.000497859 -0.00486376 0.000948919 0.999961 0.00884108 -0.0104428 0.000485474 -0.00884113 0.999949 0.884724
0.999998 -0.00166578 -0.00199376 0.0038344 0.00168275 0.999969 0.00768936 -0.0217111 0.00198491 -0.00769313 0.99998 0.849801
0.999992 -0.00168072 -0.00335669 0.0101723 0.00167171 0.999997 -0.00219202 -0.021231 0.00335636 0.00218694 0.999981 0.842072
0.999986 -0.00485022 -0.00262999 0.0082779 0.00484354 0.999982 -0.00316362 -0.0219557 0.0026493 0.00315025 1 0.838386
0.999988 -0.00118402 -0.00479517 0.0215905 0.00117636 1 -0.00125226 -0.0193873 0.00479268 0.0012472 0.999978 0.839351
0.999995 0.0020482 -0.00322097 -0.0071354 -0.00205536 0.999993 -0.00271569 -0.0152287 0.00321933 0.00272166 1 0.844875
0.999989 0.00141665 -0.00378546 -0.0059281 -0.00143185 0.999994 -0.00360731 -0.0156823 0.00377639 0.00361334 0.999975 0.848769
0.999992 0.000905696 -0.00452839 -0.00757487 -0.000919421 0.999993 -0.00337096 -0.0154905 0.00452923 0.00337447 0.999995 0.822767
0.999991 0.00231813 -0.00259117 -0.0180887 -0.00233156 0.999989 -0.00459916 -0.0103002 0.00257665 0.00460581 0.999976 0.822837
0.999984 0.00470787 -0.00381724 -0.0120809 -0.00470624 0.999987 3.92046e-05 -0.0160503 0.00382121 -2.18562e-05 1 0.814779
0.999984 0.00359607 -0.00364109 -0.0180411 -0.00359359 0.999995 0.00111241 -0.00537765 0.00364129 -0.00109867 0.999982 0.815821
0.99999 0.0021715 -0.00452055 -0.0108509 -0.00214491 0.99998 0.00553325 -0.011949 0.00453623 -0.00552413 0.999985 0.82667
0.999987 0.000351796 -0.00439591 -0.0164724 -0.000328214 0.999987 0.00572708 -0.0185003 0.00439415 -0.00572494 0.999964 0.800217
0.999986 -0.00129358 -0.00578096 -0.00227081 0.00131321 0.999991 0.00313369 -0.0132038 0.00578058 -0.00314196 0.999989 0.827331
0.999976 0.000154634 -0.006438 -0.0150803 -0.000156084 1 4.11146e-06 -0.00754986 0.00643418 -2.31712e-06 0.999968 0.802119
0.999988 -0.000947175 -0.00553334 -0.0146894 0.000957595 0.999995 0.00162223 0.00150047 0.00553562 -0.00162828 0.999995 0.794522
0.999973 0.000804688 -0.00684614 -0.00688941 -0.000814539 1 -0.00123166 -0.0106059 0.00684138 0.00123795 0.999964 0.802734
0.999969 0.00539801 -0.00637585 -0.0179684 -0.00540792 0.999983 -0.00175466 -0.0127178 0.00637001 0.00178833 0.99999 0.788332
0.999976 0.00278237 -0.00568854 -0.0196654 -0.00281375 0.999984 -0.00528457 -0.00304031 0.00566993 0.00530133 0.999959 0.781536
0.99999 -0.000555303 -0.00545916 -0.017085 0.000543505 0.999996 -0.00241668 -0.0186447 0.00546429 0.00241279 0.999994 0.764515
0.999984 0.00123398 -0.00481475 -0.0234343 -0.00124591 0.999999 -0.00217454 -0.00533576 0.00480827 0.00218139 0.999975 0.786793
0.999991 0.00147232 -0.00485294 -0.0168739 -0.00144796 0.999986 0.00473027 -0.00561439 0.00486371 -0.00472398 0.999988 0.786053
0.999981 0.000152875 -0.00559355 -0.0230429 -0.000131592 0.999994 0.00405976 -0.0125908 0.00559028 -0.00405822 0.999965 0.780008
0.999987 -0.000578764 -0.00565382 -0.0215173 0.000586465 0.999998 0.00110774 -0.0146587 0.00565699 -0.00111185 0.999994 0.760839
0.999974 -0.00109171 -0.00669466 -0.0180889 0.00106567 0.999994 -0.00368803 -0.0224199 0.00669484 0.00368167 0.999961 0.775723
0.999971 -0.000139099 -0.00808782 -0.0192237 8.01159e-05 0.999971 -0.0074581 -0.0127884 0.00809243 0.00745626 0.99995 0.766112
0.999955 -0.0018082 -0.00891804 -0.0178939 0.00178934 0.999998 -0.0019703 -0.0109119 0.00891776 0.00195513 0.999948 0.755834
0.999964 -0.00099348 -0.00877113 -0.0520354 0.00101242 0.999997 0.00200382 -0.00567217 0.00877299 -0.00201344 0.99997 0.746495
0.999945 -0.00165412 -0.0100163 -0.0434921 0.00171262 0.999982 0.00596954 -0.00822232 0.0100025 -0.00598566 0.999922 0.753857
0.999938 0.000163038 -0.0114768 -0.0320754 -8.15899e-05 0.999975 0.00697872 -0.00710305 0.0114814 -0.00697804 0.999921 0.753752
0.999931 -0.000339714 -0.0114389 -0.0212881 0.000373814 0.999996 0.00309857 -0.0185505 0.011434 -0.00310191 0.999919 0.758953
0.999922 0.00403528 -0.012157 -0.0181244 -0.00409046 0.99998 -0.00462643 -0.0224207 0.0121419 0.00467499 0.999926 0.76132
0.999913 0.00229782 -0.0126364 -0.0175047 -0.00241582 0.999955 -0.00922249 -0.0203548 0.0126108 0.00925305 0.999866 0.749594
0.999922 -0.00157354 -0.0127051 -0.0207663 0.00150747 0.999985 -0.00531727 -0.00676951 0.0127171 0.00529686 0.999917 0.740795
0.999905 -0.00232574 -0.0132898 -0.0113778 0.0023778 0.999989 0.00401066 0.00187614 0.0132765 -0.00404123 0.999892 0.745841
0.999948 -0.00112154 -0.0104589 -0.0428938 0.00119759 0.999974 0.00713283 -0.0136482 0.0104543 -0.0071456 0.999931 0.75595
0.999934 -0.00148665 -0.0111256 -0.0414368 0.00154041 0.999986 0.00494714 -0.0161531 0.0111144 -0.00496331 0.999915 0.75255
0.99994 -0.00169764 -0.0111905 -0.0454402 0.00168094 0.999998 -0.0016211 -0.0238937 0.0111968 0.00160144 0.999947 0.76548
0.999946 -0.000734098 -0.00998519 -0.0448498 0.000692942 0.999992 -0.00399339 -0.0231648 0.00998431 0.00398705 0.999931 0.750732
0.99997 -0.0020554 -0.00794708 -0.0368213 0.00200763 0.999979 -0.0061776 -0.0238246 0.00796335 0.00616062 0.99996 0.752536
0.999968 -0.00212861 -0.00712389 -0.0233668 0.00208276 0.999978 -0.0062631 -0.00892733 0.00713323 0.00624895 0.999945 0.764758
0.999981 0.000714171 -0.00669967 -0.0355052 -0.000730064 0.999996 -0.00255574 -0.00432944 0.00670164 0.0025597 0.999983 0.741235
0.999961 0.00588203 -0.00607033 -0.0496256 -0.00588943 0.999983 -0.00100099 -0.00336981 0.00606045 0.00103752 0.999971 0.764498
0.999969 -0.000217681 -0.00825422 -0.0203797 0.000231658 0.999998 0.00153724 -0.00594828 0.00825775 -0.00153994 0.999974 0.753469
0.999955 -0.00190513 -0.00894294 -0.00877653 0.00195724 0.999981 0.00596311 0.00144875 0.00892758 -0.00597959 0.999933 0.771083
0.999978 -0.000979348 -0.0069685 -0.0168244 0.00103289 0.999971 0.00750443 -0.00721644 0.00696496 -0.00751219 0.999957 0.768837
0.999946 0.00858321 -0.00518874 -0.0383627 -0.00855302 0.999945 0.00604208 -0.0137603 0.00523616 -0.0059966 0.99996 0.779242
0.999934 0.010132 -0.00616555 -0.0277665 -0.0101491 0.999944 -0.00292267 -0.0241266 0.00613971 0.00298417 0.999986 0.756295
0.999982 -0.00063173 -0.00526921 -0.0245586 0.000593289 0.999975 -0.0070672 -0.0233769 0.00526931 0.00706485 0.999952 0.77564
0.999975 -0.00452048 -0.00623327 0.00901982 0.00447709 0.999965 -0.00714205 -0.0185707 0.00626941 0.00711304 0.999966 0.75694
0.999985 0.0015884 -0.00428758 -0.0112406 -0.0015903 0.999999 -0.000169766 -0.0134811 0.00428323 0.00017743 0.99998 0.784618
0.99998 0.00465255 -0.0052088 -0.0204767 -0.00462625 0.999977 0.00482489 -0.0094074 0.00523519 -0.00480146 0.999985 0.795811
0.999969 0.000521699 -0.0073304 0.0100787 -0.00049219 0.999992 0.00417722 -0.0147884 0.0073285 -0.00417262 0.999954 0.759651
0.999983 -0.00293772 -0.00583178 -0.00580867 0.00292688 0.999993 -0.00206506 -0.021657 0.0058417 0.00204697 0.999992 0.778118
0.999968 0.00132103 -0.00742005 0.0119778 -0.00137182 0.999977 -0.00668514 -0.014008 0.00740719 0.00669616 0.99994 0.788568
0.999999 0.000309127 -0.00354141 -0.0365437 -0.000330996 0.999979 -0.0065284 -0.0115534 0.00354323 0.0065285 0.999984 0.774543
0.999983 0.00198474 -0.00463196 -0.0212929 -0.00199425 0.999997 -0.00177256 -0.00815349 0.0046246 0.00178275 0.999977 0.772468
0.999985 0.00067677 -0.00638735 0.0114402 -0.000650833 0.999992 0.00385029 -0.0081402 0.00639364 -0.00384692 0.999984 0.786051
0.999991 0.00107876 -0.00319778 -0.0331024 -0.00107442 0.999998 0.0017692 -0.0119165 0.00319593 -0.00176485 0.999984 0.774242
0.999989 0.0008105 -0.00551768 -0.00821195 -0.000808775 0.999999 7.80198e-05 -0.00879821 0.00552136 -7.4465e-05 0.999996 0.770543
0.999982 -0.00126843 -0.00519996 -0.00300784 0.00126008 0.999999 -0.00134958 -0.0130351 0.00519804 0.00134395 0.999975 0.763625
0.999987 -0.0023044 -0.00532634 -0.00276799 0.00230141 0.999996 -0.000830603 -0.0130669 0.00533183 0.000817372 0.999996 0.776934
0.999984 -0.000946326 -0.0047722 -0.0117479 0.000945196 1 5.41297e-05 -0.0127802 0.0047686 -5.76358e-05 0.999977 0.766014
0.999995 0.00121647 -0.00405013 -0.0258256 -0.00121418 0.999999 0.00024089 -0.012646 0.00405405 -0.000236956 1 0.788309
0.999985 0.000658517 -0.00475792 -0.0113627 -0.000662632 1 -0.00058629 -0.0120541 0.00475388 0.000590475 0.999978 0.752593
0.999989 -0.00118751 -0.00530685 -0.00623832 0.00116542 0.99999 -0.00439988 -0.0135301 0.00531575 0.00439247 0.999988 0.772851
0.999985 -0.000704924 -0.00447703 -0.010826 0.000683906 0.999989 -0.00442459 -0.0182557 0.0044764 0.0044226 0.999968 0.750509
0.99999 -0.00104295 -0.00542599 0.00568223 0.00102909 0.999997 -0.0027956 -0.00874363 0.00543264 0.00278887 0.999994 0.755289
0.999991 0.000297636 -0.00328983 -0.0210355 -0.000286348 0.999991 0.00382645 -0.0105602 0.00328711 -0.00382449 0.999976 0.735199
0.999998 -0.000264264 -0.00315677 -0.0140777 0.000292141 0.999966 0.00840934 -0.00892541 0.00315827 -0.0084112 0.99997 0.740563
0.999985 -0.00299061 -0.00395471 0.00925993 0.0030259 0.999952 0.00930744 -0.019114 0.00392279 -0.00931839 0.999941 0.747915
0.999995 -0.00306167 -0.00296994 -0.0142097 0.00307672 0.999984 0.00461512 -0.0169448 0.00295964 -0.00462521 0.999995 0.706613
0.999987 -0.00284107 -0.00334712 -0.00224129 0.00283678 0.999997 -0.000858183 -0.0182018 0.00334571 0.00084973 0.999985 0.706291
0.999998 0.000501874 -0.00329178 -0.00956659 -0.000512688 0.999992 -0.00368997 -0.0173331 0.00329377 0.00369043 0.999997 0.690038
0.999989 -0.000531807 -0.00347265 -0.00602789 0.000520373 0.999997 -0.00290403 -0.0128771 0.00347034 0.00290344 0.99998 0.667401
0.999999 -0.00103348 -0.00306488 -0.00391361 0.00103092 0.999998 -0.00126631 -0.0164024 0.00306998 0.00126201 1 0.642998
0.999992 -0.00152918 -0.0025044 -0.00776086 0.00152664 0.999999 -0.000497452 -0.00924776 0.00250135 0.00049474 0.999988 0.620562
1 0.000333178 -0.00246555 -0.0118503 -0.000329843 0.999999 0.000835604 -0.011312 0.00246962 -0.000835916 1.00001 0.6182
0.999993 -0.00066308 -0.00248011 -0.00869823 0.000667098 0.999998 0.0021122 -0.0220449 0.00247493 -0.00211274 0.999985 0.581158
1 -0.00163138 -0.00162949 -0.0188874 0.00163403 0.999997 0.000934693 -0.0192198 0.00163167 -0.000938534 1.00001 0.570243
0.999996 -0.00101363 -0.000828467 -0.0298191 0.00101235 1 -0.000149604 -0.0106087 0.000824871 0.00014986 0.99999 0.526575
1 -0.000878588 -0.00168456 -0.0213363 0.000878487 0.999998 -0.000736977 -0.0178673 0.00168896 0.000734447 1.00001 0.518333
0.999992 0.00254685 -0.00168626 -0.0232217 -0.00255332 0.999993 -0.00313644 -0.0192029 0.00167454 0.00314178 0.999984 0.481555
1 -0.000254584 -0.00213507 -0.0255952 0.000247956 0.999993 -0.00367083 -0.0190227 0.00213974 0.00366925 1 0.467704
0.999986 -0.00302215 -0.00323736 -0.0251488 0.00301471 0.999995 -0.00191831 -0.014637 0.00323945 0.00190953 0.999983 0.449641
0.999983 -0.00502863 -0.00401304 -0.0255001 0.00503211 0.999986 0.000532983 -0.0132392 0.00401395 -0.000554167 1 0.44199
0.999981 0.000858567 -0.00547702 -0.0239188 -0.000850364 0.999999 0.00173601 -0.00980778 0.00547481 -0.00173028 0.999974 0.437078
0.99998 0.00335555 -0.00608634 -0.0291054 -0.003342 0.999992 0.0020327 -0.00938041 0.00609687 -0.00201343 0.999989 0.398933
0.999971 0.00415852 -0.00576692 -0.0287548 -0.00413471 0.999983 0.00435015 -0.00644399 0.00578101 -0.00432508 0.999965 0.39388
0.999983 0.00177862 -0.00620834 -0.02791 -0.00173667 0.999976 0.00656131 -0.00395869 0.00622376 -0.00655148 0.999968 0.384029
0.999967 -0.000566103 -0.00767793 -0.0205251 0.000595757 0.999992 0.00402839 -0.0103012 0.00767172 -0.00403181 0.999953 0.338408
0.999956 -0.00399225 -0.00897247 -0.01464 0.00399869 0.999991 0.000548622 -0.00279494 0.00897416 -0.00058555 0.999969 0.332659
0.999913 -0.00297216 -0.012583 0.00417388 0.00297618 0.999996 0.000406475 -0.00419328 0.0125778 -0.000442765 0.999912 0.312106
0.999889 -0.00287051 -0.0148309 -0.00897494 0.00287754 0.999995 0.000364663 0.00257852 0.0148336 -0.000408401 0.999899 0.280937
0.999854 -0.000343532 -0.0168796 -0.0178916 0.000342402 1 9.40631e-06 0.00147191 0.0168758 -1.40942e-05 0.999848 0.277697
0.999803 0.00213925 -0.0199418 -0.0188267 -0.00215802 0.999996 -0.000985883 -0.000916887 0.0199435 0.0010276 0.99981 0.238908
0.999762 0.000350938 -0.0216129 -0.0254516 -0.000410136 0.999997 -0.00267272 -0.00898087 0.021608 0.00268212 0.999753 0.229309
0.999751 0.00107245 -0.0224593 -0.0271553 -0.00118671 0.999985 -0.00513443 -0.00750274 0.0224574 0.00515862 0.999744 0.229479
0.999748 5.13219e-05 -0.0222722 -0.0246831 -0.000175499 0.999986 -0.00550894 -0.00318206 0.0222677 0.00551261 0.999727 0.20838
0.999742 0.00434073 -0.0224742 -0.0256036 -0.00442908 0.999981 -0.00394742 -0.00157647 0.0224607 0.00404479 0.999749 0.21169
0.999717 0.0075094 -0.0223557 -0.0305892 -0.00757368 0.999968 -0.00272844 0.00681861 0.0223305 0.0028981 0.999736 0.223897
0.999719 0.00279888 -0.0237539 -0.030428 -0.00281615 0.999996 -0.000752007 0.00747525 0.0237558 0.000817585 0.999728 0.218776
0.999651 -0.00312141 -0.0260303 -0.0141564 0.00314926 0.999995 0.00108473 -0.00244521 0.0260226 -0.00116527 0.999651 0.18771
0.999642 -0.00277401 -0.0268156 -0.0197236 0.0028085 0.999995 0.00118873 -0.000366806 0.0268163 -0.00126469 0.999649 0.214504
0.999582 0.000163399 -0.0287258 -0.0257853 -0.000104275 0.999998 0.00211658 -0.000446673 0.0287219 -0.00211162 0.999576 0.208974
0.999546 0.00417854 -0.0300401 -0.0393164 -0.00410358 0.999988 0.00250103 0.00579512 0.0300543 -0.00237771 0.999556 0.217366
0.999547 0.00244768 -0.0298235 -0.0417186 -0.00236253 0.999993 0.00294434 0.00232121 0.0298265 -0.0028715 0.999541 0.201096
0.999578 0.00209744 -0.0292038 -0.0582678 -0.00204148 0.999996 0.0018893 0.0013068 0.0292116 -0.00182994 0.999582 0.205116
0.999561 0.00368649 -0.0291971 -0.0577883 -0.00362812 0.999992 0.0021084 -0.0119288 0.0292007 -0.00200054 0.999562 0.194034
0.999559 0.00491138 -0.0294507 -0.0578 -0.00483863 0.999984 0.0024821 -0.00511627 0.0294665 -0.0023395 0.999572 0.209726
