0.999999 0.000289722 0.00167372 -0.00307711 -0.000290351 0.999999 0.000348338 -0.0198312 -0.00167366 -0.000348748 0.999999 1.18925
0.999999 8.44264e-05 0.00140967 -0.00158196 -8.55107e-05 1 0.00079417 -0.010826 -0.00140957 -0.000794424 0.999999 1.19716
1 -0.000239949 0.00107553 -0.00120388 0.000238937 1 0.000853272 -0.00949207 -0.00107578 -0.00085286 0.999999 1.19825
1 -0.000226844 0.000850713 -0.00318161 0.000226395 1 0.000692823 -0.0107892 -0.000850777 -0.000692787 0.999999 1.19759
0.999999 -0.000134673 0.00107864 -0.00144798 0.000133825 1 0.000710772 -0.00290655 -0.00107882 -0.00071044 1 1.19581
1 3.30014e-05 0.000653054 -0.00389993 -3.30049e-05 1 0.000174108 -0.00952138 -0.000653001 -0.000174324 0.999999 1.19771
1 0.000215085 0.000795991 -0.0044645 -0.000215707 1 0.000656188 -0.00513588 -0.000795891 -0.000656102 1 1.1962
1 0.000122867 0.000183802 -0.00426789 -0.000122967 0.999999 0.00099146 -0.00546498 -0.000183679 -0.000991743 0.999998 1.19905
1 -5.94723e-05 -0.00122894 -0.00495326 6.04248e-05 1 0.000849498 -0.0104866 0.00122887 -0.000849346 1 1.19857
0.999997 5.40934e-06 -0.00223443 -0.00586928 -4.16918e-06 0.999999 0.000495937 -0.00477318 0.0022344 -0.000496145 0.999996 1.1951
0.999999 0.000175699 -0.00205252 -0.00515875 -0.000174876 1 0.000487086 -0.0050545 0.00205259 -0.000486418 1 1.18995
0.999999 0.000126264 -0.00127537 -0.00780705 -0.00012533 1 0.00060618 -0.00484105 0.00127542 -0.000606366 0.999998 1.18596
0.999999 0.000681154 -0.00133589 -0.00390954 -0.000680489 1 0.000597295 -0.0106465 0.00133632 -0.000596039 1 1.18592
1 -8.12503e-05 0.000452164 -0.00537191 8.10641e-05 1 0.000657947 -0.0121906 -0.000452331 -0.00065827 0.999998 1.20089
1 0.000247879 6.90763e-05 -0.00346881 -0.000248126 0.999999 0.00120632 -0.0130927 -6.86503e-05 -0.00120594 1 1.2059
1 0.00020084 -0.0012125 -0.00220792 -0.000199445 1 0.00103123 -0.00937396 0.00121257 -0.00103142 0.999998 1.18709
1 0.000358616 0.000187044 -0.0059762 -0.000358935 0.999999 0.000673871 -0.00723573 -0.000186715 -0.000673515 1 1.19999
1 -0.0001381 -0.00125322 -0.00228732 0.000139077 1 0.000571437 -0.00509426 0.00125311 -0.000572019 0.999998 1.18265
0.999999 -1.48804e-05 -0.000851809 -0.00321879 1.49346e-05 1 0.000425046 -0.0139252 0.000851824 -0.000424722 1 1.19767
1 0.000136722 0.000220701 -0.00797906 -0.000136592 1 0.000565585 -0.00754548 -0.000220639 -0.000565886 0.999999 1.20197
0.999997 0.000517202 -0.00178399 -0.00420824 -0.000516745 1 0.000424736 -0.0144974 0.00178427 -0.000423553 1 1.18513
1 0.000317493 -3.32975e-05 -0.00895014 -0.000317333 0.999999 0.00112609 -0.00513906 3.3513e-05 -0.00112636 0.999998 1.19838
0.999998 -0.000666812 -0.0018109 -0.000576057 0.000668149 1 0.000842312 0.00124418 0.00181045 -0.000843249 0.999998 1.18882
1 0.000137409 -0.000844276 -0.00036011 -0.000136664 1 0.000659067 -0.00933267 0.000844253 -0.000659216 1 1.19296
1 -0.000132055 0.000342862 0.000504174 0.000131711 1 0.000458232 -0.00916095 -0.00034279 -0.000457945 1 1.20267
0.999999 -9.20728e-05 -0.00158883 -0.00253299 9.28455e-05 1 0.000383021 -0.00894435 0.0015886 -0.000383354 0.999998 1.18587
0.999999 0.000215967 0.000420895 -0.00563029 -0.000216274 1 0.000392122 -0.0133395 -0.000420572 -0.000392085 1 1.20176
1 -0.000101557 -0.00136957 -0.00457468 0.0001025 1 0.000563952 -0.0133413 0.00136929 -0.000564249 0.999999 1.19195
0.999999 4.92979e-05 -0.000646678 -0.00470857 -4.91362e-05 1 0.000547767 -0.0101653 0.000646872 -0.000547569 1 1.19776
1 7.52353e-05 0.000424075 -0.00833743 -7.53803e-05 1 0.000843447 -0.0181044 -0.000424191 -0.000843592 1 1.19748
0.999998 0.000117523 -0.00130324 -0.0050368 -0.000117276 1 0.000366575 -0.006384 0.00130352 -0.000366317 0.999999 1.19664
1 0.000102037 0.000384342 -0.00447852 -0.000102151 1 0.000852941 -0.0191293 -0.00038449 -0.000853088 1 1.19809
0.999999 0.000770965 -0.000740005 -0.00293302 -0.00077034 0.999999 0.00116589 -0.00596058 0.00074108 -0.00116521 0.999998 1.19902
1 0.000563935 0.000279444 -0.00896606 -0.000564003 1 0.00110538 -0.0107167 -0.000278933 -0.00110564 1 1.19912
0.999999 0.000411378 0.000697968 -0.0101043 -0.000411829 1 0.000263022 0.00284498 -0.000697729 -0.000263259 0.999999 1.19763
1 0.00036907 -0.000630885 0.0012419 -0.000368313 1 0.000728719 -0.00929708 0.000631055 -0.000728547 1 1.1862
0.999998 0.000896102 0.00127912 -0.00858941 -0.000898376 0.999998 0.00159339 -0.0109116 -0.00127768 -0.00159451 0.999997 1.20563
1 0.00010197 0.000580218 0.000385325 -0.000103048 0.999998 0.00225698 -0.0191755 -0.000579977 -0.00225708 0.999998 1.19764
0.999998 0.000453567 0.00166454 -0.00525807 -0.000456861 0.999997 0.00184856 -0.0124198 -0.00166378 -0.00184931 0.999996 1.20177
0.999997 0.000544841 0.00248021 -0.00833296 -0.000549947 0.999998 0.00213241 -0.00963778 -0.00247897 -0.0021338 0.999996 1.20786
0.999999 -7.65333e-05 0.00064269 -0.00115351 7.5559e-05 0.999998 0.00118136 -0.0121517 -0.000642836 -0.0011813 0.999999 1.19962
0.999999 0.00013437 0.00163465 -0.00269184 -0.000134809 1 0.000398581 -0.01262 -0.00163464 -0.000398817 0.999999 1.2008
0.999998 0.000459737 0.00199128 -0.00612067 -0.000459942 0.999999 -1.33154e-05 -0.0114931 -0.00199125 1.23709e-05 0.999998 1.20812
1 0.000360284 -1.18699e-05 0.000893138 -0.000360056 1 -0.000255049 0.00714278 1.1832e-05 0.000255134 1 1.20033
0.999999 0.000337834 0.00113318 -0.0058003 -0.000338235 0.999999 0.000147175 -0.00108691 -0.00113319 -0.000147637 0.999999 1.20414
0.999998 2.85449e-05 -0.00172144 -0.00119051 -2.82339e-05 1 7.43136e-05 0.00223911 0.00172153 -7.42263e-05 0.999999 1.20058
0.999999 -2.39252e-06 -0.00174468 -0.00454976 2.40393e-06 1 0.000151303 0.00152129 0.00174463 -0.000151355 0.999998 1.19773
1 -0.000393204 -6.56529e-05 -0.00541437 0.000393481 1 0.000713753 -0.00699284 6.54231e-05 -0.00071386 1 1.20448
0.999998 -0.000244525 -0.00186384 -0.00367999 0.00024495 1 0.000336525 -0.00623603 0.00186365 -0.000336894 0.999998 1.20536
1 -7.02435e-05 0.000485959 -0.00523959 7.02989e-05 1 0.000352356 -0.0047595 -0.000485834 -0.000352429 1 1.20059
0.999998 4.62747e-05 -0.00174256 -0.00477192 -4.59811e-05 1 0.000281118 -0.0120541 0.00174243 -0.000280861 0.999997 1.20586
1 -0.000164153 -0.000248385 -0.0038894 0.0001645 1 0.000547244 -0.0142629 0.000248412 -0.000547436 1 1.20442
1 -0.000428057 0.000687006 -0.00577469 0.000427491 1 0.000535401 -0.0123643 -0.000687347 -0.000534936 0.999999 1.20151
0.999999 -0.000135141 -0.00132182 -0.000360621 0.000135985 0.999999 0.000541942 -0.00748528 0.00132189 -0.000542293 1 1.20405
1 -0.000137898 0.000669678 -0.00654866 0.000137242 1 0.000709956 -0.00211125 -0.000669937 -0.000709649 0.999997 1.18899
0.999999 0.000144909 -0.00104431 -0.00295538 -0.000144743 1 -5.01511e-05 -0.00328391 0.00104451 5.00295e-05 1 1.19812
1 0.000558138 4.1324e-05 -0.00899725 -0.00055837 1 0.000413171 -0.00231014 -4.12926e-05 -0.00041294 0.999998 1.19382
0.999999 0.000562713 0.000943769 -0.0132721 -0.000562614 1 7.35874e-05 0.0058493 -0.000943518 -7.43398e-05 1 1.18258
1 0.000105779 -0.000976338 -0.00604513 -0.000105268 1 0.000687351 -0.00686897 0.00097623 -0.000686878 0.999998 1.19643
0.999998 0.00025449 0.00163617 -0.0107136 -0.000255596 1 0.000738886 -0.0054912 -0.00163581 -0.000739698 1 1.17787
1 -4.71782e-05 -0.000189824 -0.00398169 4.71536e-05 1 0.00082555 -0.00835327 0.000189585 -0.000825199 0.999998 1.19177
0.999998 0.000208757 0.00200232 -0.00724142 -0.000209987 1 0.000683365 -0.0053684 -0.002002 -0.000684161 0.999999 1.18362
0.999992 -6.44086e-05 0.00388104 -0.00214215 6.37574e-05 1 0.000141028 -0.00706694 -0.00388118 -0.000140381 0.999991 1.1766
0.999999 -0.000291745 0.00179675 0.00318983 0.000289355 1 0.00137506 -0.0152486 -0.00179705 -0.00137501 1 1.18295
0.999991 0.000474267 0.00403293 -0.00251637 -0.000474439 1 4.30305e-05 0.0105773 -0.00403303 -4.44556e-05 0.999989 1.16198
1 3.01597e-08 0.0013441 -0.000868374 -5.07756e-06 0.999993 0.00373619 -0.00921578 -0.00134396 -0.00373671 0.999995 1.18067
0.999993 -4.94421e-05 0.00345056 -0.0031834 4.53572e-05 0.999999 0.00119699 -0.00377782 -0.00345077 -0.00119624 0.999991 1.17001
0.999984 0.000224722 0.00577003 -0.00219692 -0.000230426 0.999999 0.000983906 0.000984196 -0.00576958 -0.000985851 0.999986 1.15717
0.999998 -6.54199e-05 0.00193603 -0.00561802 6.15402e-05 0.999999 0.0019552 0.00118819 -0.00193656 -0.00195447 0.999994 1.1621
0.999988 1.13626e-05 0.00516557 0.000571476 -1.94562e-05 0.999998 0.00159701 0.00266571 -0.00516514 -0.0015977 0.999988 1.15269
0.999994 0.00038608 0.00316896 0.00590037 -0.000389239 1 0.000943894 -0.015735 -0.00316902 -0.000944528 0.999992 1.12569
0.999994 -0.000699649 0.00361398 0.00312389 0.000690351 0.999997 0.00261737 0.0032443 -0.00361539 -0.00261545 0.999994 1.15983
0.999952 -0.00795533 0.0057416 0.00839248 0.00788836 0.999902 0.0115577 0.133175 -0.00583345 -0.0115113 0.999913 1.16052
0.999922 -0.0119923 0.00360551 0.00365233 0.0119788 0.999921 0.0038233 0.143513 -0.00365067 -0.00378044 0.999991 1.11937
0.999991 -0.000626261 0.00416121 -0.00204335 0.000624332 1 0.000374988 0.0185856 -0.0041618 -0.00037169 0.999987 1.15438
0.999998 -0.000354781 0.00225742 0.000606974 0.000353658 1 0.000682402 0.00710652 -0.00225734 -0.000682278 1 1.1461
0.999995 -0.000255223 0.0030213 0.000730339 0.000249977 0.999999 0.00161476 -0.0138213 -0.00302202 -0.00161332 0.999989 1.15555
0.999993 0.000280283 0.00388922 -7.20585e-05 -0.000285602 0.999999 0.00146051 -0.00598408 -0.00388845 -0.0014623 0.999996 1.16005
0.999998 0.000380327 0.00172367 0.0010738 -0.000383919 0.999998 0.00189307 -0.00283025 -0.00172325 -0.00189307 0.999991 1.15412
0.999994 5.21956e-05 0.00388678 0.00218741 -5.54619e-05 1 0.000922677 -0.00234656 -0.0038864 -0.000923511 0.999998 1.14569
0.999998 0.00012543 0.00110307 -0.00187438 -0.00012596 0.999999 0.000180738 0.00371505 -0.0011033 -0.000180229 0.999994 1.15367
0.999999 0.000119708 0.00256767 0.00194215 -0.000119031 1 -0.000124558 0.000595528 -0.00256744 0.00012352 1 1.15284
0.999991 7.29756e-05 0.00370187 0.00273448 -7.55267e-05 1 0.000596855 -0.00741002 -0.00370204 -0.000596386 0.999988 1.15911
1 -5.86869e-05 0.000615256 -0.00616828 5.86781e-05 1 0.000488163 -0.0094529 -0.000614991 -0.000488924 1 1.1721
0.999997 9.35836e-06 0.00172106 -0.001905 -1.04901e-05 1 0.000454071 -0.00572211 -0.00172133 -0.000453254 0.999993 1.17173
1 -2.09498e-05 -0.00179997 -0.00785758 2.29761e-05 0.999999 0.00092124 -0.00428893 0.00180022 -0.000922126 1 1.17818
0.999998 -5.39862e-05 -0.00120593 -0.00529343 5.45829e-05 1 0.000824353 -0.0125329 0.00120561 -0.000823559 0.999994 1.18547
1 3.83313e-05 -0.000558002 -0.00512162 -3.76141e-05 0.999999 0.000582448 -0.00215202 0.000558305 -0.00058321 1 1.18148
0.999993 -3.46882e-05 -0.0032367 -0.00828016 3.54592e-05 1 0.000373549 -0.00692761 0.00323642 -0.000372845 0.999991 1.19805
1 -5.43762e-05 -0.00201272 -0.00737166 5.52878e-05 1 0.000251366 -0.00323605 0.00201292 -0.000252315 1 1.1925
0.999991 2.43159e-05 -0.00406106 -0.0106474 -2.34051e-05 1 0.000315328 -0.00415183 0.00406093 -0.000314437 0.999988 1.20702
0.999993 -0.000199571 -0.00400268 -0.010206 0.000202345 1 0.000590857 -0.0150342 0.00400271 -0.000592478 0.999996 1.21015
0.999994 -0.000219266 -0.00325264 -0.00408979 0.000220815 1 0.000603955 -0.0130522 0.00325239 -0.000603872 0.999991 1.2115
0.999986 -0.00028098 -0.00542173 -0.00970959 0.000286273 1 0.000891919 -0.0108836 0.00542161 -0.000894264 0.999989 1.21816
0.999992 -8.85228e-05 -0.00365247 -0.00561109 8.83837e-05 1 7.19484e-05 -0.00461885 0.00365235 -7.15021e-05 0.999989 1.20722
0.999985 2.38163e-05 -0.00571866 -0.0121156 -2.23952e-05 1 0.000176658 -0.0047584 0.00571879 -0.00017736 0.999988 1.2262
0.999987 0.000100493 -0.00491968 -0.00938717 -0.000101383 1 -9.3974e-05 -0.00518507 0.00491962 9.52953e-05 0.999984 1.22441
0.999992 0.000140038 -0.00418394 -0.0133929 -0.000139811 1 -4.74354e-05 -0.00822928 0.00418399 4.71926e-05 0.999995 1.21076
0.999985 0.000256799 -0.0052551 -0.00905382 -0.000257516 1 -4.91994e-05 -0.0104035 0.00525508 5.1347e-05 0.999983 1.23572
0.999997 0.000314443 -0.00257345 -0.00968479 -0.000314058 0.999999 -2.61329e-05 -0.00458061 0.00257347 2.60816e-05 1 1.21355
0.999997 0.000306066 -0.00260616 -0.0119612 -0.000306562 1 3.19266e-05 -0.0046849 0.00260615 -3.02484e-05 0.999994 1.24735
0.999999 0.000170368 -0.00105597 -0.0073665 -0.000169596 0.999999 0.000179761 -0.0167705 0.00105609 -0.000180446 1 1.24269
1 0.000370678 -0.000508437 -0.0143868 -0.000371288 1 -4.79642e-05 -0.00698048 0.000508382 4.90166e-05 0.999998 1.22253
0.999999 0.00024433 -0.00150809 -0.00907237 -0.000243018 0.999999 0.000437137 -0.0101277 0.00150825 -0.000437677 1 1.25159
1 4.90449e-06 -0.000283283 -0.00190019 -5.35028e-06 1 0.000793471 -0.0172649 0.000283202 -0.00079259 0.999998 1.23067
0.999999 0.000624455 -0.00162819 -0.0077394 -0.000623666 0.999999 6.12076e-05 0.000301424 0.00162824 -6.11366e-05 1 1.25587
0.999999 -2.10677e-05 -0.000762012 -0.0067398 2.08579e-05 1 0.000630267 -0.00735683 0.000761925 -0.000629308 0.999998 1.25534
1 0.000117962 0.000176275 -0.00937474 -0.000117329 0.999999 0.000425175 -0.00887813 -0.000176173 -0.00042625 1 1.23968
0.999998 -9.17751e-05 -0.00133334 -0.0094653 9.17302e-05 1 0.000521454 -0.0130433 0.0013333 -0.00052051 0.999998 1.26555
1 -0.000742547 -0.000176683 -0.00609587 0.000743339 0.999999 0.000374471 0.00243309 0.0001764 -0.000375646 1 1.2348
0.999999 9.67192e-05 -0.00135057 -0.000775494 -9.72766e-05 1 0.000103845 -0.00219623 0.0013507 -0.00010257 0.999998 1.27719
1 -7.73769e-05 -0.000422591 -0.00495009 7.83071e-05 0.999999 0.000535937 -0.00723141 0.000422425 -0.0005371 1 1.25727
1 0.000180452 0.000111441 -0.00422578 -0.000181241 1 0.00037108 -0.00278003 -0.000111269 -0.000369914 0.999998 1.2388
1 0.000120949 -0.000958607 0.0066637 -0.000119764 0.999999 0.00052225 -0.00922822 0.000958516 -0.000523321 1 1.27374
0.999999 0.00021516 0.00123755 -0.00928412 -0.000216004 1 0.000128909 -0.00245031 -0.00123742 -0.000128019 0.999998 1.26067
1 -0.00038869 -0.000376301 0.00202218 0.000389298 1 -0.000201948 -0.00751845 0.000376208 0.00020067 1 1.27832
1 0.000145873 0.000380816 -0.00406667 -0.000146649 1 0.000216859 -0.00380068 -0.000380638 -0.000215791 0.999999 1.27521
0.999998 0.000263045 0.00173609 -0.00884511 -0.000264181 0.999999 0.00106663 -0.0083122 -0.00173602 -0.0010682 0.999999 1.2772
1 0.000230205 -0.000324153 -0.00565411 -0.000230856 1 0.000366206 1.04188e-06 0.000324433 -0.000365037 0.999999 1.27426
1 8.8293e-05 0.00055787 -0.00420284 -8.76745e-05 1 0.000372339 -0.0131696 -0.000558105 -0.000373555 1 1.27112
0.999998 0.000149987 0.00194305 -0.00969397 -0.00015023 1 -0.000313573 -0.00192039 -0.00194283 0.00031445 0.999997 1.26916
1 0.000171299 -0.000628865 5.49549e-05 -0.000170686 1 -0.000467107 -0.00124422 0.00062849 0.00046597 1 1.27297
0.999999 0.000185566 0.00190972 -0.00409515 -0.000186574 1 4.24152e-05 -0.00797026 -0.00190955 -4.14183e-05 0.999997 1.26358
1 -5.53511e-06 -0.000923578 -0.00420527 6.01061e-06 1 -0.00039252 0.000253378 0.000923406 0.000391077 1 1.2655
1 -9.49806e-05 -2.19068e-06 -0.002591 9.41743e-05 1 -5.76869e-05 -0.0102921 2.36554e-06 5.90823e-05 0.999999 1.26626
0.999999 -0.000128472 0.00126391 -0.0100577 0.000128512 1 0.000592341 -0.00605254 -0.00126419 -0.000593618 1 1.26165
0.999999 0.000201482 -0.00128391 -7.33522e-05 -0.000201939 1 0.00024174 0.0026031 0.00128413 -0.000240115 0.999999 1.27089
1 9.08838e-05 0.00105795 -0.00906203 -9.10904e-05 0.999999 0.000895774 -0.00490677 -0.00105809 -0.00089715 1 1.26606
0.999999 9.56553e-05 -0.00119205 -0.00668628 -9.60949e-05 1 0.000290694 -0.00381814 0.00119228 -0.00028931 0.999999 1.26712
1 0.00012834 -0.000667115 -0.00580293 -0.000127331 1 0.000269407 -0.00636123 0.000666917 -0.000270565 1 1.26276
0.999999 0.000274357 0.000368323 -0.0104348 -0.000275196 1 3.82714e-05 -0.0021732 -0.000368059 -3.71212e-05 0.999999 1.25921
1 0.00010677 -0.0015784 -0.00277626 -0.000105354 1 0.000378517 -0.00532621 0.00157815 -0.00037963 1 1.26698
0.999999 0.000343017 0.000491555 -0.0085171 -0.000344117 0.999999 0.000580647 -0.00303757 -0.00049111 -0.000579522 0.999998 1.25841
1 0.00019739 -0.00159016 -0.00527661 -0.000196258 1 0.000172618 -0.0052568 0.00159 -0.000173589 1 1.25994
0.999998 0.000212677 -0.000533345 -0.00583418 -0.000213265 0.999999 0.000438331 -0.00592349 0.000533614 -0.000436918 0.999998 1.25628
1 -5.65104e-05 0.000203458 -0.00824014 5.72574e-05 1 0.000185046 -0.00671868 -0.00020368 -0.000186282 1 1.27363
