1 0 0 0 0 1 0 0 0 0 1 0
1 -9.22203e-05 -0.000207263 -0.00610677 9.23568e-05 0.999999 0.00115459 -0.00618457 0.000207209 -0.00115448 1 1.30872
1 -0.000293405 0.000573244 -0.0106523 0.000292389 0.999999 0.00175608 -0.00703776 -0.000573762 -0.00175591 0.999999 2.60476
1 -0.000169682 -0.000460016 -0.0126686 0.000170677 0.999997 0.00241605 -0.0122869 0.000459646 -0.00241601 0.999997 3.9241
1 -7.15813e-05 0.000875036 -0.0126366 6.92105e-05 0.999997 0.0026994 -0.00715204 -0.000875176 -0.00269932 0.999996 5.22947
1 -4.85546e-05 0.000121548 -0.0154666 4.80334e-05 0.999994 0.00343809 -0.00480524 -0.000121642 -0.003438 0.999995 6.55437
1 -0.000224238 0.000139596 -0.0178108 0.000223607 0.999991 0.004373 -0.00905416 -0.000140555 -0.00437297 0.999991 7.87913
1 -7.71911e-05 0.000855782 -0.0235686 7.28978e-05 0.999988 0.00485063 -0.00235204 -0.000856051 -0.00485046 0.999988 9.19912
1 0.000252954 -0.000556149 -0.0280963 -0.000250031 0.999987 0.00521571 0.000584709 0.000557453 -0.00521553 0.999987 10.5298
1 0.000917336 0.00066198 -0.0347177 -0.000921107 0.999984 0.00551387 0.00905835 -0.000656779 -0.00551439 0.999985 11.8531
1 0.00108439 4.64933e-05 -0.0406824 -0.00108466 0.999981 0.00611316 0.0164953 -3.99405e-05 -0.00611315 0.999982 13.1898
1 0.00107483 -1.8269e-05 -0.0498431 -0.00107484 0.999975 0.00700479 0.0186212 2.59213e-05 -0.00700469 0.999976 14.527
1 0.00094429 0.00120448 -0.0566813 -0.000953879 0.999968 0.00799573 0.0221825 -0.00119695 -0.00799683 0.999968 15.8633
1 0.000167891 0.000716861 -0.0550499 -0.000175096 0.999952 0.00982904 0.0281122 -0.000714945 -0.00982908 0.999953 17.2146
0.999999 -0.000578742 0.0020724 -0.0513964 0.000555123 0.999935 0.0114162 0.0373279 -0.00207896 -0.011415 0.999933 18.5598
1 -0.000653005 0.000602063 -0.0440889 0.000645463 0.999926 0.0121674 0.0580189 -0.000609834 -0.0121669 0.999927 19.9119
0.999999 -0.000839476 0.00206185 -0.0386531 0.00081249 0.999914 0.0131226 0.0903231 -0.00207282 -0.0131209 0.999913 21.2532
1 -0.000709423 0.00170421 -0.0355956 0.00068589 0.999907 0.013663 0.132535 -0.00171368 -0.0136618 0.999906 22.6169
0.999998 -0.000575379 0.00271592 -0.0401123 0.000535933 0.999895 0.0145453 0.162061 -0.00272413 -0.0145438 0.999892 23.9743
0.999991 -0.000716519 0.00463701 -0.0449449 0.000631103 0.999832 0.0183562 0.171046 -0.00464931 -0.018353 0.999823 25.3315
0.999995 -0.000974324 0.00366833 -0.0408716 0.00090112 0.999802 0.0199228 0.18438 -0.00368714 -0.0199194 0.999797 26.708
0.99999 -0.000941376 0.00490241 -0.0422011 0.000837226 0.999777 0.0211669 0.186024 -0.00492119 -0.0211625 0.999766 28.0613
0.999996 6.54971e-05 0.00371153 -0.0500521 -0.000142111 0.999787 0.0206562 0.20651 -0.00370957 -0.0206566 0.999782 29.4468
0.999987 0.000741722 0.00555618 -0.0509529 -0.000859435 0.999776 0.0211715 0.211775 -0.00553918 -0.021176 0.999763 30.8046
0.999983 0.00343226 0.00525771 -0.0592594 -0.00353239 0.99981 0.0191617 0.230732 -0.00519105 -0.0191799 0.999804 32.1971
0.999981 0.00353919 0.00557052 -0.0604286 -0.00365121 0.99979 0.020184 0.238459 -0.00549783 -0.0202039 0.999783 33.5796
0.999974 0.00370576 0.00674736 -0.0609451 -0.00384544 0.999776 0.0208121 0.258941 -0.00666878 -0.0208375 0.999763 34.9464
0.999982 0.00371508 0.00531525 -0.0571209 -0.00383718 0.999727 0.0230966 0.278213 -0.00522794 -0.0231165 0.999722 36.3449
0.999972 0.00438338 0.006711 -0.0624309 -0.00454557 0.999694 0.0243506 0.303946 -0.00660222 -0.0243803 0.999683 37.7224
0.999974 0.00550491 0.00539216 -0.061669 -0.00563774 0.999676 0.0248754 0.328111 -0.00525341 -0.024905 0.999679 39.1252
0.999969 0.00630458 0.00559145 -0.0673945 -0.0064457 0.999653 0.0255842 0.347223 -0.00542815 -0.0256193 0.99966 40.5237
0.999956 0.00687529 0.00689402 -0.0704248 -0.00705691 0.999622 0.0266304 0.3703 -0.00670827 -0.0266777 0.999624 41.9165
0.999963 0.00724461 0.00553873 -0.0732169 -0.00739453 0.999595 0.0275448 0.395079 -0.00533686 -0.0275846 0.999608 43.3193
0.999957 0.00714139 0.00643032 -0.0721219 -0.00731949 0.999581 0.0280556 0.418564 -0.00622707 -0.0281013 0.999588 44.7286
0.999966 0.00741139 0.00478265 -0.0732676 -0.00754406 0.999572 0.0283252 0.446812 -0.0045707 -0.0283601 0.999591 46.1297
0.999961 0.00747868 0.00548375 -0.0678451 -0.0076357 0.999548 0.0291334 0.477792 -0.00526315 -0.0291739 0.999564 47.5325
0.999969 0.00788951 0.00294667 -0.0704018 -0.00797429 0.999522 0.0299225 0.508704 -0.00270918 -0.0299448 0.999552 48.9615
0.999966 0.00850113 0.00178434 -0.0760179 -0.00855149 0.99951 0.0301589 0.537168 -0.00152681 -0.0301729 0.999547 50.3836
0.999963 0.00894266 0.00237714 -0.0776395 -0.00901263 0.999473 0.0312333 0.567016 -0.00209647 -0.0312534 0.999513 51.7902
0.99996 0.00940193 0.000246909 -0.0832995 -0.00940542 0.99942 0.0327638 0.600111 6.15943e-05 -0.0327645 0.999467 53.2194
0.999962 0.00938165 0.000794884 -0.0877296 -0.00940352 0.999374 0.0341458 0.632213 -0.000473905 -0.0341516 0.999421 54.6443
0.999959 0.00951984 -0.000905596 -0.0899088 -0.00948325 0.999357 0.0346195 0.666782 0.0012349 -0.0346092 0.999404 56.0747
0.999967 0.00878185 -0.0013036 -0.0982259 -0.00873125 0.999356 0.0348563 0.707372 0.00160898 -0.0348434 0.999396 57.4989
0.999965 0.00897283 0.000580152 -0.0994636 -0.00898823 0.999344 0.0351289 0.743311 -0.000264205 -0.0351325 0.999387 58.9053
0.999966 0.00908887 -0.000320886 -0.102172 -0.00907199 0.999336 0.0353221 0.780008 0.000642018 -0.0353177 0.999381 60.3335
0.999962 0.00917952 0.00193301 -0.102623 -0.00924362 0.999315 0.035886 0.819986 -0.00160189 -0.0359022 0.999359 61.7367
0.999966 0.00892235 0.0012073 -0.107321 -0.00895981 0.999325 0.0356874 0.854531 -0.000887839 -0.0356966 0.999368 63.1591
0.999968 0.00864033 0.00161167 -0.105005 -0.00869246 0.999344 0.0352168 0.886748 -0.00130597 -0.0352293 0.999384 64.577
0.999963 0.00869431 0.00359379 -0.111109 -0.00881405 0.999359 0.0347468 0.915378 -0.00328906 -0.0347768 0.999396 65.9807
0.999956 0.00948969 0.00332849 -0.114583 -0.00960058 0.99935 0.034816 0.947723 -0.00299555 -0.0348462 0.999394 67.3909
0.999929 0.0112638 0.00540569 -0.11939 -0.0114523 0.999281 0.0362015 0.971243 -0.00499372 -0.0362605 0.999336 68.7957
0.999889 0.0144747 0.00508234 -0.121695 -0.0146573 0.99918 0.0378013 1.00508 -0.00453054 -0.0378713 0.999279 70.2105
0.999814 0.0183701 0.00701639 -0.125897 -0.0186324 0.999054 0.0393375 1.03496 -0.00628676 -0.0394605 0.999208 71.6162
0.99971 0.0234819 0.00667699 -0.12521 -0.0237278 0.998945 0.0394149 1.0832 -0.0057439 -0.0395615 0.999207 73.0227
0.999644 0.025979 0.00724888 -0.124907 -0.0262464 0.998871 0.0396269 1.11902 -0.00621086 -0.0398026 0.999195 74.4226
0.99962 0.0265195 0.00852551 -0.127457 -0.0268376 0.998859 0.039597 1.15423 -0.00746513 -0.0398104 0.999186 75.8068
0.999627 0.0264152 0.00810345 -0.119409 -0.0267167 0.998857 0.0396722 1.19033 -0.00704571 -0.0398735 0.999187 77.2082
0.999622 0.0263568 0.00887508 -0.117959 -0.0266879 0.998868 0.0394534 1.22845 -0.0078246 -0.0396749 0.999189 78.5727
0.999627 0.0264473 0.00798054 -0.108864 -0.0267401 0.998878 0.0391337 1.27192 -0.00693606 -0.039332 0.999209 79.9699
0.999635 0.0262754 0.00752419 -0.0971167 -0.0265494 0.998893 0.0389089 1.31262 -0.0064929 -0.0390941 0.999222 81.3583
0.999634 0.0263783 0.00737049 -0.0874025 -0.0266452 0.998894 0.0388077 1.35504 -0.00633806 -0.0389895 0.999227 82.7145
0.999627 0.0268794 0.00649185 -0.0829572 -0.0271108 0.998892 0.0385416 1.40023 -0.0054479 -0.0387027 0.999244 84.1105
0.999606 0.0275982 0.00676068 -0.0849588 -0.0278395 0.998866 0.0386765 1.444 -0.00568497 -0.0388491 0.999236 85.4622
0.999603 0.0281228 0.00477721 -0.0810964 -0.0282886 0.998841 0.0390361 1.49304 -0.00367305 -0.0391553 0.999235 86.8458
0.999584 0.0289043 0.00389031 -0.0834426 -0.0290377 0.998768 0.0402951 1.54058 -0.00272022 -0.0403909 0.999188 88.2146
0.99956 0.0297806 0.00350998 -0.0870532 -0.0298992 0.99873 0.0406308 1.59916 -0.00229467 -0.0407173 0.999176 89.5565
0.99956 0.0299505 0.0021348 -0.086073 -0.030013 0.998706 0.0411083 1.65101 -0.000900212 -0.0411539 0.99916 90.9357
0.99956 0.0299391 0.00216344 -0.0918626 -0.0300035 0.998693 0.0414551 1.70411 -0.000918541 -0.041501 0.999147 92.2735
0.99956 0.0300023 0.00131495 -0.0962079 -0.030031 0.998684 0.0416346 1.75531 -6.34935e-05 -0.0416553 0.99914 93.6446
0.999581 0.0292719 0.0015812 -0.103307 -0.0293127 0.99872 0.0412929 1.79436 -0.000369509 -0.0413212 0.999155 94.9818
0.999587 0.0290889 0.00131924 -0.108785 -0.0291187 0.998726 0.0412757 1.83689 -0.000116236 -0.0412966 0.999155 96.3451
0.999582 0.0292335 0.00151094 -0.115023 -0.0292714 0.998738 0.0409028 1.87955 -0.00031232 -0.0409291 0.999171 97.6989
0.999565 0.0297296 0.00266413 -0.12259 -0.0298137 0.998722 0.0408729 1.92298 -0.00144488 -0.040934 0.99917 99.0378
0.999531 0.030819 0.00289223 -0.123465 -0.0309141 0.998634 0.0422107 1.96619 -0.00158629 -0.0422796 0.999114 100.399
0.99951 0.0314231 0.00382347 -0.129133 -0.0315582 0.998587 0.0428277 2.01717 -0.00247146 -0.0429268 0.999084 101.722
0.999492 0.031992 0.0037795 -0.133517 -0.0321257 0.998556 0.0431303 2.06516 -0.00239303 -0.0432291 0.999072 103.082
0.999487 0.0321293 0.00403134 -0.135983 -0.0322716 0.998583 0.0424018 2.10726 -0.00266244 -0.0425096 0.999102 104.412
0.999493 0.0318385 0.00481302 -0.141616 -0.0320125 0.998616 0.0418061 2.15241 -0.00347412 -0.0419382 0.999124 105.718
0.999505 0.0314032 0.00507013 -0.138441 -0.0315918 0.998588 0.0427843 2.20376 -0.00371868 -0.0429227 0.999082 107.073
0.999578 0.0288275 0.00622446 -0.135852 -0.0290742 0.998613 0.0439898 2.24291 -0.00494634 -0.0441514 0.999022 108.377
0.99963 0.0267626 0.00686297 -0.129887 -0.0270452 0.998624 0.0450301 2.28117 -0.00564763 -0.0451985 0.998972 109.729
0.999658 0.0255163 0.00770701 -0.125936 -0.0258402 0.998644 0.0452758 2.31371 -0.00653984 -0.0454586 0.998955 111.055
0.999601 0.0271764 0.00914038 -0.125676 -0.0275502 0.998673 0.0436107 2.36216 -0.0079423 -0.0438446 0.999017 112.352
0.999536 0.0291919 0.0100843 -0.125246 -0.0295976 0.998654 0.0426963 2.40237 -0.00882284 -0.0429741 0.999047 113.699
0.99942 0.0321932 0.0122364 -0.129451 -0.0326886 0.998558 0.0427185 2.45342 -0.0108427 -0.0430932 0.999023 115.004
0.999365 0.0336705 0.0127631 -0.12108 -0.0342103 0.998418 0.0447099 2.50193 -0.0112359 -0.0451173 0.998929 116.347
0.999317 0.0342265 0.0148685 -0.114511 -0.0348871 0.998304 0.0467181 2.55317 -0.0132434 -0.0472044 0.998809 117.656
0.999315 0.0342181 0.0150398 -0.102675 -0.0349075 0.99823 0.0482289 2.60191 -0.0133613 -0.0487199 0.998734 119.003
0.999286 0.0344898 0.0162918 -0.0932378 -0.0352378 0.998226 0.0481067 2.65547 -0.0146027 -0.0486458 0.998721 120.334
0.999192 0.0362312 0.0181627 -0.079462 -0.0370612 0.998181 0.0476326 2.7082 -0.0164023 -0.0482664 0.998711 121.634
0.999084 0.0388349 0.0187117 -0.0680129 -0.039683 0.998097 0.0473126 2.76484 -0.0168377 -0.0480111 0.998717 122.988
0.999005 0.0399594 0.0204942 -0.0533402 -0.0408924 0.998048 0.0473069 2.82278 -0.0185623 -0.0480968 0.998682 124.291
0.998965 0.040948 0.020524 -0.038261 -0.0418767 0.998019 0.0470733 2.88176 -0.0185548 -0.0478835 0.998692 125.643
0.998926 0.0412758 0.0217198 -0.0177644 -0.0422583 0.99801 0.0468914 2.9374 -0.0197396 -0.0477578 0.998676 126.975
0.998833 0.0422545 0.0239926 0.00698195 -0.0433589 0.997932 0.0475514 2.99083 -0.0219326 -0.0485357 0.998593 128.287
0.998827 0.0422701 0.0242475 0.0280415 -0.0433895 0.997926 0.0476446 3.05211 -0.0221818 -0.0486397 0.998582 129.656
0.998794 0.0423483 0.0254141 0.0512102 -0.04353 0.997908 0.0478992 3.10123 -0.0233315 -0.0489473 0.998541 130.964
0.99877 0.0429929 0.0252991 0.0770744 -0.0441712 0.997875 0.0479956 3.162 -0.0231805 -0.0490529 0.99854 132.332
0.998894 0.0401447 0.0251772 0.102659 -0.0413354 0.997965 0.0487064 3.2022 -0.0231698 -0.0496926 0.998509 133.672
0.999004 0.0376591 0.0245835 0.1286 -0.0388351 0.998037 0.0492251 3.2391 -0.0226802 -0.0501295 0.998498 134.968
0.999149 0.0345373 0.0233817 0.147835 -0.0356683 0.998129 0.0498113 3.27074 -0.0216169 -0.050602 0.998499 136.334
0.999287 0.0306079 0.0228233 0.178772 -0.0317241 0.99824 0.0502259 3.30198 -0.0212446 -0.0509129 0.998491 137.648
0.999351 0.0298649 0.0210431 0.195627 -0.0309008 0.99824 0.0507485 3.35524 -0.0194898 -0.051365 0.998504 139.01
0.999344 0.0306163 0.0202219 0.217695 -0.0316075 0.998224 0.0506226 3.42392 -0.018635 -0.051227 0.998528 140.317
0.999328 0.0322517 0.0184419 0.229379 -0.0331483 0.998177 0.0505742 3.49068 -0.0167765 -0.0511507 0.998564 141.679
0.999311 0.0332755 0.0175045 0.248161 -0.034117 0.998165 0.0501425 3.55834 -0.0158028 -0.0507035 0.998603 143.021
0.999309 0.0334688 0.0172533 0.274654 -0.0342852 0.998196 0.0494277 3.61271 -0.0155673 -0.0499842 0.998643 144.326
0.999532 0.0270954 0.0154451 0.293759 -0.0278313 0.998391 0.0495503 3.64214 -0.0140766 -0.0499554 0.998668 145.687
0.99969 0.0205347 0.0153281 0.320569 -0.0213154 0.998394 0.0526342 3.69952 -0.0142222 -0.0529437 0.998512 147.024
0.999761 0.0182412 0.0135082 0.350873 -0.0189404 0.998395 0.0534979 3.76923 -0.0125096 -0.0537393 0.998492 148.397
0.999804 0.0165116 0.0125868 0.369498 -0.0171622 0.99843 0.0534514 3.83083 -0.011684 -0.053656 0.998507 149.736
0.999757 0.0183802 0.0136652 0.384141 -0.0190601 0.998506 0.0513347 3.8829 -0.0127002 -0.051581 0.998603 151.081
0.999749 0.0189882 0.0133866 0.387495 -0.0196336 0.998571 0.049848 3.94944 -0.0124205 -0.0500975 0.998683 152.435
0.999724 0.0192053 0.0149101 0.39852 -0.0199344 0.998541 0.0503175 4.00326 -0.0139209 -0.0505991 0.998637 153.778
0.99977 0.0170635 0.0144032 0.420168 -0.0177748 0.998558 0.0507862 4.05981 -0.0135152 -0.0510297 0.998621 155.12
0.999836 0.01186 0.0150667 0.447079 -0.0126443 0.998522 0.0529911 4.1096 -0.0144148 -0.0531712 0.998497 156.467
0.999858 0.00769127 0.0162076 0.466131 -0.00856263 0.99849 0.0543871 4.15933 -0.0157642 -0.0545173 0.998403 157.788
0.999885 0.00616577 0.0152269 0.488761 -0.00698467 0.99851 0.0542392 4.22549 -0.0148687 -0.0543376 0.998428 159.135
0.999838 0.00710048 0.0176226 0.507843 -0.00804595 0.998507 0.0541645 4.29141 -0.0172111 -0.0542966 0.998392 160.459
0.9998 0.0109683 0.0178732 0.521473 -0.0119321 0.99844 0.0546666 4.3523 -0.0172444 -0.0548671 0.998361 161.818
0.999745 0.0127176 0.019701 0.533625 -0.0137572 0.998477 0.053563 4.39946 -0.018989 -0.0538193 0.998386 163.138
0.999727 0.0142752 0.0195669 0.550708 -0.0152971 0.998482 0.0530463 4.45052 -0.0187785 -0.0533295 0.998417 164.503
0.999713 0.014415 0.0201671 0.566797 -0.0154695 0.998474 0.0531446 4.50364 -0.0193694 -0.0534402 0.998399 165.862
0.9997 0.0150242 0.0203505 0.58214 -0.0160804 0.998488 0.0527037 4.55131 -0.0195265 -0.0530135 0.998419 167.185
0.999706 0.0163187 0.0189954 0.599647 -0.0172771 0.998534 0.0514439 4.60876 -0.0181273 -0.0517557 0.998511 168.561
0.999668 0.0181858 0.0193313 0.610165 -0.0191318 0.99858 0.0498641 4.65753 -0.0183955 -0.0502157 0.998585 169.89
0.999627 0.0211934 0.0183896 0.615845 -0.0220776 0.998548 0.0493021 4.70957 -0.0173173 -0.0496884 0.998631 171.272
0.999537 0.0248499 0.0186855 0.625411 -0.0257675 0.998398 0.0505234 4.7687 -0.0173986 -0.0509798 0.998565 172.64
0.999422 0.0282012 0.0200277 0.642892 -0.0292134 0.998217 0.052198 4.82981 -0.0185192 -0.0527516 0.998452 173.993
0.999435 0.0283308 0.0192216 0.66107 -0.0293468 0.998076 0.0547564 4.89536 -0.0176319 -0.0552877 0.998332 175.375
0.999501 0.0257201 0.0194246 0.688457 -0.0267822 0.998047 0.0565608 4.95927 -0.0179312 -0.0570515 0.998227 176.742
0.999522 0.0268531 0.0166737 0.719917 -0.0277545 0.998033 0.0563455 5.03995 -0.0151264 -0.0567795 0.998289 178.127
0.999527 0.0269969 0.0160758 0.729964 -0.0278065 0.998242 0.0524759 5.10432 -0.0146302 -0.0528968 0.998509 179.491
0.999518 0.0288404 0.0132987 0.750896 -0.0294793 0.998294 0.0505511 5.16215 -0.0118167 -0.0509168 0.99865 180.881
0.999513 0.029281 0.0126753 0.762868 -0.0298534 0.998427 0.0476153 5.20806 -0.0112605 -0.0479692 0.998802 182.265
0.999381 0.0333138 0.0131531 0.772463 -0.0339232 0.998225 0.0491089 5.26169 -0.0114923 -0.0495228 0.998725 183.633
0.9993 0.0360468 0.0120566 0.782771 -0.0366211 0.998013 0.0514083 5.32472 -0.010179 -0.0518124 0.998621 185.038
0.999225 0.037637 0.01337 0.790442 -0.0383003 0.99785 0.0533314 5.39336 -0.0113326 -0.0538002 0.998506 186.418
0.999142 0.0397938 0.0133261 0.804603 -0.0404598 0.99772 0.0541442 5.46765 -0.0111407 -0.0546354 0.998461 187.853
0.999237 0.0373281 0.013405 0.82154 -0.0380103 0.997783 0.0547881 5.52749 -0.0113288 -0.0552539 0.998426 189.254
0.999354 0.0336832 0.0142599 0.834346 -0.0344285 0.99786 0.0557167 5.57852 -0.0123521 -0.0561701 0.998362 190.629
0.999468 0.0302071 0.0141238 0.853881 -0.030954 0.997961 0.055963 5.63673 -0.012403 -0.0563685 0.998351 192.059
0.999526 0.0274681 0.015476 0.871418 -0.0283101 0.997974 0.0570931 5.70233 -0.0138759 -0.0575026 0.998266 193.449
0.99964 0.0234252 0.0148755 0.890993 -0.0242644 0.997977 0.0589029 5.765 -0.0134641 -0.0592407 0.99817 194.877
0.999675 0.0208862 0.0161646 0.911478 -0.0218205 0.99797 0.0599447 5.82393 -0.0148792 -0.0602764 0.998088 196.265
0.999642 0.0232416 0.0150534 0.927109 -0.0240632 0.998103 0.0568177 5.89713 -0.0137027 -0.0571576 0.998289 197.696
0.999442 0.0304611 0.0153363 0.931273 -0.0312176 0.998178 0.0517619 5.96843 -0.013731 -0.0522101 0.99856 199.113
0.999064 0.0402087 0.0174838 0.929089 -0.0410557 0.997859 0.0510736 6.03025 -0.0153911 -0.0517417 0.99856 200.51
0.998963 0.0428827 0.0168068 0.921708 -0.0437375 0.997572 0.0543125 6.0713 -0.0144362 -0.0549894 0.998401 201.966
0.998888 0.0438212 0.0188158 0.934953 -0.0448272 0.997386 0.056815 6.12638 -0.0162753 -0.0575932 0.998226 203.381
0.998985 0.0421451 0.017306 0.959672 -0.0430939 0.997352 0.0586975 6.19533 -0.0147856 -0.0593819 0.998145 204.835
0.999008 0.0422159 0.0159023 0.978414 -0.0430801 0.997363 0.0585507 6.2811 -0.0133871 -0.0591756 0.998177 206.27
0.999007 0.0423619 0.0154491 1.00002 -0.0431949 0.997371 0.0582952 6.36037 -0.0129382 -0.0589027 0.998199 207.674
0.998934 0.0446007 0.0139725 1.01328 -0.0453507 0.997242 0.0588906 6.45523 -0.0113059 -0.0594593 0.998186 209.142
0.998852 0.0464153 0.0136967 1.02372 -0.0471493 0.997132 0.0592996 6.53282 -0.0109043 -0.0598755 0.998166 210.552
0.998695 0.0499478 0.0128854 1.03171 -0.0506371 0.996909 0.0602159 6.61947 -0.00983661 -0.0607876 0.998122 212.038
0.998677 0.0503627 0.0124932 1.04121 -0.0510334 0.996842 0.0609479 6.70448 -0.00938346 -0.061503 0.998083 213.498
0.998591 0.051858 0.0135151 1.05765 -0.0525879 0.996774 0.0607598 6.79232 -0.0103192 -0.0613825 0.998081 214.935
0.998556 0.0528422 0.0119133 1.06601 -0.0534691 0.996739 0.0605443 6.87358 -0.00867443 -0.061092 0.998115 216.426
0.998401 0.0556446 0.0126548 1.07753 -0.0563182 0.996548 0.0611242 6.96833 -0.00920853 -0.0617365 0.99807 217.858
0.998307 0.0576553 0.0104069 1.07771 -0.0581848 0.996445 0.0610409 7.04423 -0.00684988 -0.0615412 0.998102 219.343
0.998237 0.0588598 0.01092 1.08595 -0.059417 0.996397 0.0606442 7.12105 -0.00730988 -0.0611835 0.998121 220.796
0.998147 0.060513 0.00947123 1.0897 -0.0609757 0.996318 0.060379 7.19572 -0.00578194 -0.0608426 0.998151 222.277
0.998083 0.0617328 0.00902539 1.09312 -0.0621684 0.996234 0.0605542 7.27024 -0.00525195 -0.0609965 0.998146 223.76
0.998005 0.0628128 0.00950754 1.09121 -0.0632718 0.996192 0.0601037 7.35044 -0.00569531 -0.0605833 0.998167 225.227
0.998033 0.062563 0.00883221 1.10098 -0.0629824 0.996219 0.0599554 7.42334 -0.00504654 -0.0603911 0.998184 226.725
0.998081 0.061593 0.00947039 1.10692 -0.0620514 0.996274 0.0600114 7.4883 -0.00573811 -0.060482 0.998173 228.207
0.998054 0.0621669 0.00924845 1.12035 -0.0626126 0.996239 0.0600183 7.57456 -0.00548122 -0.060478 0.998177 229.711
0.998039 0.0622868 0.00940104 1.12175 -0.0627412 0.996215 0.0602829 7.65177 -0.00560973 -0.0607527 0.998158 231.205
0.997992 0.0629606 0.0105936 1.12321 -0.0634877 0.996173 0.0602055 7.73375 -0.00676116 -0.0607544 0.998153 232.693
0.997946 0.0637055 0.00971317 1.13152 -0.064175 0.996136 0.060067 7.81073 -0.00584807 -0.0605652 0.998168 234.201
0.997924 0.0640336 0.010589 1.13529 -0.0645562 0.996124 0.0598615 7.88673 -0.00671355 -0.0604179 0.998174 235.687
0.997907 0.0643083 0.00977823 1.14349 -0.064778 0.996123 0.0596332 7.97181 -0.00590443 -0.0601399 0.998194 237.192
0.997933 0.0639326 0.0104146 1.14626 -0.0644474 0.996107 0.0602556 8.05418 -0.00652049 -0.0607992 0.998153 238.696
0.997923 0.0636071 0.0123819 1.15123 -0.06424 0.996123 0.0602117 8.12957 -0.00850304 -0.0608802 0.99813 240.192
0.997877 0.0645302 0.0119558 1.16011 -0.0651316 0.996109 0.0594837 8.2095 -0.00806958 -0.0601332 0.998182 241.714
0.997815 0.0650631 0.0135083 1.16953 -0.0657465 0.996121 0.0586023 8.28779 -0.00964205 -0.0593605 0.998212 243.223
0.99781 0.0654178 0.012783 1.18126 -0.0660581 0.99611 0.0584408 8.36653 -0.008909 -0.0591542 0.998233 244.742
0.997818 0.0650996 0.0130882 1.19384 -0.0657621 0.996094 0.0590446 8.44198 -0.00919233 -0.0597746 0.998191 246.264
0.997813 0.0651365 0.0139277 1.20337 -0.0658509 0.99609 0.0590139 8.52092 -0.0100281 -0.059799 0.998184 247.771
0.997809 0.0653011 0.0127799 1.21981 -0.0659406 0.99611 0.0585627 8.60254 -0.00890507 -0.0592752 0.998224 249.298
0.997855 0.0644405 0.0141219 1.22231 -0.0651755 0.996088 0.0598011 8.67159 -0.0102119 -0.0605903 0.998134 250.809
0.997847 0.064668 0.0130996 1.24201 -0.06534 0.99607 0.0599096 8.7506 -0.00917294 -0.0606346 0.99814 252.348
0.997849 0.0644669 0.0144845 1.24942 -0.0652264 0.99607 0.0600352 8.83355 -0.0105562 -0.0608478 0.998115 253.857
0.99788 0.0642167 0.0127716 1.26583 -0.0648712 0.99609 0.0600965 8.91321 -0.00886162 -0.0607956 0.998133 255.404
0.99794 0.0633575 0.0130416 1.28131 -0.0640381 0.996104 0.0607656 9.00192 -0.00913997 -0.0614726 0.998091 256.931
0.997919 0.0632787 0.0143454 1.29785 -0.0640353 0.996117 0.0605462 9.08689 -0.0104575 -0.0613368 0.998085 258.447
0.997924 0.0637844 0.0122707 1.32035 -0.0644129 0.996109 0.060289 9.16876 -0.00837659 -0.0609513 0.99813 259.976
0.997851 0.0646297 0.0130429 1.33466 -0.0653009 0.996056 0.0602011 9.24461 -0.00909987 -0.0609213 0.998124 261.498
0.997865 0.0646558 0.0125216 1.36603 -0.0653038 0.99601 0.0609566 9.32885 -0.00852963 -0.0616412 0.998086 263.031
0.997869 0.0643894 0.0128143 1.38639 -0.0650549 0.996019 0.0610665 9.42163 -0.00883052 -0.0617679 0.998075 264.57
0.997879 0.0641173 0.0140908 1.3971 -0.0648664 0.996017 0.061297 9.49509 -0.0101036 -0.062078 0.998045 266.1
0.997858 0.0644361 0.0135444 1.41601 -0.0651454 0.99602 0.0609508 9.57824 -0.00956235 -0.0617003 0.998073 267.625
0.997776 0.0653585 0.0155565 1.42382 -0.0661932 0.995947 0.0610272 9.66211 -0.0115038 -0.0619184 0.99804 269.163
0.997692 0.0666225 0.0151017 1.44246 -0.0674242 0.995867 0.0609819 9.73972 -0.0109757 -0.0618571 0.998049 270.7
0.997617 0.0676152 0.0161216 1.45745 -0.0684761 0.995816 0.0606439 9.81832 -0.0119528 -0.0616005 0.998055 272.234
0.99749 0.0686107 0.019035 1.4693 -0.0696454 0.995744 0.0604855 9.89495 -0.0148031 -0.0616571 0.998012 273.762
0.997495 0.0688391 0.018343 1.49366 -0.0698291 0.995748 0.0602324 9.97703 -0.0141177 -0.0613594 0.998043 275.301
0.997385 0.0694899 0.0213164 1.50999 -0.0706563 0.995701 0.060034 10.0555 -0.017052 -0.0613808 0.997994 276.827
0.997416 0.0693223 0.0207547 1.5381 -0.0704546 0.995722 0.0599262 10.1363 -0.0165106 -0.0612308 0.998015 278.366
0.99737 0.0696146 0.0216359 1.56672 -0.0708044 0.995677 0.0602642 10.2163 -0.017346 -0.0616352 0.997974 279.903
0.997334 0.0692004 0.0247471 1.597 -0.0705921 0.995671 0.0606061 10.2975 -0.0204448 -0.0621888 0.997882 281.429
0.997364 0.0693364 0.0227699 1.6258 -0.0706036 0.995668 0.0606421 10.3783 -0.0184652 -0.0620874 0.997926 282.975
0.997314 0.0691916 0.025606 1.66125 -0.0706087 0.995749 0.0592894 10.459 -0.0213936 -0.0609353 0.99794 284.5
0.997373 0.0691166 0.023078 1.6878 -0.0703658 0.995804 0.0586499 10.543 -0.0189261 -0.0601172 0.998038 286.048
0.997416 0.0688631 0.0223258 1.71716 -0.0700784 0.995796 0.0591333 10.6263 -0.0181585 -0.060542 0.998029 287.592
0.997446 0.0677681 0.0239098 1.74809 -0.0690766 0.995873 0.0590071 10.7004 -0.0198108 -0.0605055 0.997998 289.122
0.997514 0.0679538 0.0207574 1.77328 -0.0690685 0.995892 0.0587064 10.781 -0.0166815 -0.0599912 0.998088 290.688
0.997454 0.0679424 0.0230876 1.80666 -0.0691872 0.995908 0.058292 10.8586 -0.0190309 -0.0597384 0.998059 292.222
0.997489 0.0683305 0.0207402 1.83285 -0.0694529 0.995832 0.0592603 10.9434 -0.016603 -0.0605488 0.998055 293.793
0.997495 0.0683175 0.0199808 1.85415 -0.0694013 0.995799 0.0598611 11.0217 -0.0158056 -0.0610953 0.998032 295.357
0.997468 0.0687118 0.0205089 1.87776 -0.0698435 0.995717 0.0607249 11.1047 -0.016247 -0.0620006 0.997971 296.909
0.997405 0.0699444 0.0187773 1.89982 -0.0709878 0.995535 0.0623427 11.1886 -0.0143314 -0.0635113 0.997904 298.495
0.997356 0.0701276 0.0211943 1.924 -0.0713303 0.995498 0.0625655 11.279 -0.0167099 -0.0639088 0.997844 300.063
0.9973 0.0708199 0.0209858 1.95082 -0.0720053 0.99545 0.0625386 11.3637 -0.0164599 -0.0638782 0.997848 301.655
0.997306 0.070774 0.0214221 1.97938 -0.0719924 0.995442 0.0626932 11.4486 -0.016886 -0.0640633 0.997831 303.24
0.99731 0.0701826 0.0226488 2.00791 -0.0714663 0.995521 0.0620213 11.539 -0.0181931 -0.0634702 0.997844 304.812
0.997348 0.0699853 0.0220546 2.04357 -0.0712223 0.99558 0.0613654 11.6228 -0.017661 -0.0627703 0.9979 306.406
0.997315 0.0699844 0.0230537 2.07156 -0.0712713 0.995611 0.0607955 11.7076 -0.0186963 -0.0622725 0.99791 308.014
0.997335 0.0707419 0.0201448 2.10794 -0.0718505 0.995563 0.0609055 11.7922 -0.0157455 -0.0621874 0.997969 309.612
0.997332 0.0711485 0.0182554 2.13097 -0.0721435 0.995512 0.0613912 11.8886 -0.0138043 -0.0625415 0.997973 311.215
0.997284 0.0716488 0.019443 2.14727 -0.0727458 0.995358 0.0631627 11.9862 -0.0148259 -0.0644023 0.997842 312.829
0.997376 0.0703648 0.0188812 2.18182 -0.0714703 0.995248 0.06627 12.0748 -0.0141271 -0.0674426 0.99765 314.456
0.997379 0.0700306 0.020507 2.19728 -0.0712551 0.995237 0.0666783 12.1753 -0.0157385 -0.0679614 0.997592 316.064
0.997402 0.0697325 0.0198736 2.23204 -0.0709234 0.995212 0.0673893 12.269 -0.0150779 -0.0686206 0.997556 317.693
0.997389 0.0696293 0.0213917 2.25507 -0.0709262 0.995215 0.0673535 12.3728 -0.0165982 -0.0686913 0.997529 319.303
0.997389 0.0697447 0.0204522 2.29019 -0.0709833 0.995174 0.0679013 12.4779 -0.0156164 -0.0691727 0.99751 320.928
0.997389 0.0696962 0.0212102 2.32213 -0.0709976 0.995139 0.0683943 12.5806 -0.0163389 -0.0697181 0.997462 322.552
0.997298 0.0701383 0.0233558 2.34498 -0.0715861 0.995098 0.0683749 12.6935 -0.0184443 -0.0698589 0.997414 324.159
0.997288 0.0705975 0.0229277 2.38126 -0.0720248 0.995034 0.0688395 12.8006 -0.0179526 -0.0703005 0.997394 325.779
0.997222 0.070584 0.0252164 2.40914 -0.0721975 0.994929 0.0701746 12.9038 -0.0201339 -0.0717968 0.997243 327.385
0.997259 0.0705362 0.0243435 2.45313 -0.0721096 0.99486 0.0712309 13.014 -0.0191926 -0.0727874 0.997193 329.004
0.997233 0.0707818 0.0241957 2.48856 -0.0723536 0.994798 0.0718525 13.1232 -0.0189826 -0.073401 0.997149 330.613
0.997183 0.0711096 0.0257487 2.51752 -0.0728092 0.99472 0.0724583 13.2395 -0.0204589 -0.0741251 0.997069 332.219
0.99714 0.0720759 0.0242165 2.55819 -0.0736546 0.994669 0.0723027 13.3612 -0.0188747 -0.0738762 0.997117 333.829
0.997054 0.0729941 0.0255146 2.58349 -0.0746963 0.994491 0.0736794 13.4658 -0.0199945 -0.0753642 0.996986 335.424
0.997029 0.0737615 0.0236899 2.62 -0.0753418 0.994361 0.0747612 13.5768 -0.0180406 -0.0763206 0.996948 337.034
0.997042 0.0739987 0.0229742 2.6524 -0.0755632 0.99418 0.0769214 13.6866 -0.0171472 -0.0784258 0.996803 338.64
0.997003 0.0742054 0.0234208 2.67657 -0.0758343 0.994016 0.0787436 13.8056 -0.0174362 -0.0802803 0.996648 340.226
0.997061 0.0742875 0.0211572 2.71066 -0.0757564 0.993918 0.0800497 13.9212 -0.0150806 -0.081413 0.996597 341.834
0.997043 0.0745051 0.0205829 2.73329 -0.0759331 0.993856 0.0806483 14.0391 -0.0144466 -0.0819692 0.996558 343.411
0.997121 0.07428 0.0181178 2.76418 -0.0755164 0.993838 0.0812675 14.1665 -0.0119683 -0.0823975 0.996559 345.015
0.997156 0.0738601 0.0172171 2.78912 -0.0750294 0.993817 0.0819685 14.2874 -0.0110553 -0.0830235 0.996515 346.606
0.997158 0.0737722 0.0181032 2.80746 -0.0750232 0.993779 0.0824279 14.4104 -0.0119084 -0.0835476 0.996464 348.172
0.997165 0.0737817 0.0170343 2.83413 -0.0749469 0.993741 0.0829635 14.535 -0.0108053 -0.0840013 0.996435 349.77
0.997152 0.0738544 0.0181426 2.85102 -0.0751155 0.993723 0.0830239 14.6657 -0.0118959 -0.084146 0.996414 351.339
0.997154 0.073859 0.0173517 2.87718 -0.0750576 0.993681 0.0835758 14.794 -0.011068 -0.0846367 0.996379 352.937
0.997163 0.0738475 0.017534 2.89935 -0.0750646 0.993673 0.0836638 14.9189 -0.0112435 -0.0847383 0.996371 354.521
0.997128 0.0738926 0.0187045 2.91747 -0.0752089 0.993649 0.0838259 15.0509 -0.0123904 -0.0849881 0.996334 356.082
0.997149 0.0739253 0.0180129 2.94183 -0.075193 0.993589 0.0845464 15.1792 -0.0116461 -0.0856555 0.996289 357.682
0.99712 0.0738992 0.0191248 2.96537 -0.0752637 0.993562 0.0847938 15.3127 -0.0127342 -0.0859851 0.996244 359.24
0.997158 0.0737737 0.0181516 2.9908 -0.0750689 0.993489 0.0858265 15.4398 -0.0117004 -0.0869407 0.996178 360.835
0.997193 0.0731202 0.0182587 3.01846 -0.0744383 0.993441 0.086915 15.5751 -0.0117824 -0.0880263 0.996078 362.417
0.997204 0.0727482 0.0197284 3.0443 -0.0742125 0.993369 0.0879294 15.7062 -0.0131997 -0.089143 0.995964 363.986
0.997203 0.072884 0.0187195 3.07414 -0.0742621 0.993322 0.0884172 15.8457 -0.0121491 -0.089556 0.995937 365.575
0.997167 0.0730641 0.0204617 3.09794 -0.0745999 0.993294 0.0884536 15.9898 -0.0138605 -0.0897246 0.995904 367.151
0.997123 0.0736996 0.0197348 3.12527 -0.0751693 0.993227 0.0887175 16.1304 -0.0130615 -0.0899416 0.995891 368.742
0.997087 0.0737565 0.021825 3.14852 -0.0754314 0.993117 0.08972 16.2656 -0.0150561 -0.0911001 0.995762 370.322
0.997072 0.0740425 0.0210138 3.18143 -0.075647 0.993059 0.0901775 16.3974 -0.0141897 -0.0914989 0.995734 371.916
0.99707 0.0740829 0.0214855 3.21059 -0.0757435 0.992982 0.0909442 16.5322 -0.0145961 -0.0923003 0.995659 373.508
0.997002 0.0742512 0.0234514 3.23816 -0.0760968 0.992921 0.0913077 16.6717 -0.0165044 -0.0928143 0.995577 375.091
0.99703 0.0743431 0.0224165 3.27087 -0.0761081 0.992839 0.092193 16.8122 -0.0154007 -0.0936204 0.995523 376.694
0.996954 0.0745906 0.0244058 3.29812 -0.0765422 0.992788 0.0923765 16.9484 -0.017338 -0.0939589 0.995456 378.281
0.996941 0.0751235 0.0237367 3.33036 -0.0770214 0.992698 0.0929488 17.0905 -0.0165794 -0.0944879 0.995422 379.899
0.996854 0.0760092 0.0241215 3.36018 -0.0779404 0.992612 0.0930935 17.2258 -0.016866 -0.0946763 0.995396 381.501
0.996777 0.0764723 0.0261827 3.39008 -0.078593 0.99259 0.0927901 17.3581 -0.0188914 -0.094544 0.995376 383.091
0.996767 0.0767908 0.0252464 3.42259 -0.0788283 0.992526 0.0932692 17.4908 -0.0178941 -0.0949533 0.995352 384.713
0.996699 0.0771426 0.027198 3.45158 -0.0793787 0.992422 0.0939026 17.6224 -0.0197466 -0.0957464 0.995245 386.304
0.996692 0.0774333 0.0262507 3.48287 -0.0795879 0.992344 0.0945532 17.7546 -0.0187268 -0.0963252 0.995205 387.932
0.996635 0.0781384 0.0266791 3.51744 -0.0803402 0.992247 0.0949339 17.8836 -0.0190529 -0.0967527 0.995162 389.546
0.996605 0.0778878 0.0281447 3.54568 -0.0802418 0.992204 0.0954593 18.0162 -0.0204887 -0.0973891 0.995067 391.141
