1 0 0 0 0 1 0 0 0 0 1 0
1 -9.32674e-05 -0.00137984 -0.000480946 9.36374e-05 1 0.000261543 -0.00441571 0.00137965 -0.00026177 0.999999 0.555798
0.999999 6.17922e-05 -0.00186131 -0.00408566 -6.13104e-05 1 0.000278101 -0.00482957 0.00186135 -0.000278048 0.999998 1.10977
0.999993 -1.254e-06 -0.00398303 -0.00719122 3.06922e-06 0.999999 0.000467538 -0.00499196 0.00398283 -0.000467616 0.999992 1.66618
0.999982 -0.000318427 -0.0060493 -0.00822711 0.000322871 1 0.000736786 -0.00853652 0.00604899 -0.000738778 0.999982 2.21989
0.999977 -0.000325536 -0.00692961 -0.00977033 0.000332441 0.999999 0.00100454 -0.0125497 0.00692902 -0.00100693 0.999976 2.77247
0.999962 -0.000247391 -0.00887515 -0.0130937 0.000259438 0.999999 0.001365 -0.0125689 0.00887456 -0.00136739 0.999961 3.34276
0.999955 -0.000123 -0.00968536 -0.0209505 0.000142089 0.999998 0.00197587 -0.0162659 0.00968485 -0.00197725 0.999952 3.91136
0.999935 -2.62453e-05 -0.0114768 -0.0281095 5.26809e-05 0.999997 0.0023096 -0.0214426 0.0114764 -0.00231017 0.999933 4.49595
0.999933 0.000336848 -0.0117346 -0.0362032 -0.000316967 0.999998 0.00171353 -0.0214722 0.011735 -0.00170975 0.99993 5.08296
0.99991 0.00063275 -0.0135473 -0.0515011 -0.000606714 0.999998 0.00193682 -0.0211707 0.0135481 -0.00192854 0.999908 5.68272
0.999892 0.000983662 -0.0147724 -0.066131 -0.000949983 0.999997 0.00229878 -0.0250083 0.0147745 -0.00228455 0.999889 6.28591
0.999884 0.00130139 -0.0152862 -0.0833982 -0.00125053 0.999994 0.00334666 -0.0296481 0.0152901 -0.0033272 0.99988 6.90329
0.999851 0.00167045 -0.0172688 -0.104291 -0.00156048 0.999978 0.00639913 -0.0357988 0.0172789 -0.00637123 0.999831 7.54922
0.999855 0.0034894 -0.0168194 -0.121531 -0.00326237 0.999904 0.0135202 -0.0198399 0.0168646 -0.0134633 0.99977 8.19882
0.999823 0.00421374 -0.0184791 -0.142789 -0.00394866 0.999889 0.0143701 -0.0299624 0.0185374 -0.0142944 0.999727 8.88029
0.999795 0.00582026 -0.0195338 -0.162552 -0.00554242 0.999883 0.0142604 -0.0406633 0.0196141 -0.0141493 0.99971 9.55604
0.999774 0.009065 -0.0193752 -0.178825 -0.0089252 0.999933 0.00730222 -0.0539806 0.01944 -0.0071275 0.999787 10.2332
0.999717 0.0106948 -0.0213625 -0.204685 -0.0106632 0.999942 0.00160717 -0.0570316 0.0213781 -0.00137907 0.999774 10.956
0.999718 0.0103915 -0.0214711 -0.217553 -0.010296 0.999937 0.00456318 -0.0619705 0.021517 -0.00434073 0.99976 11.6748
0.999712 0.00808862 -0.0227017 -0.239399 -0.00777865 0.999876 0.0137257 -0.0487385 0.0228095 -0.0135452 0.999652 12.4452
0.999741 0.00686907 -0.0218284 -0.257856 -0.00640751 0.999756 0.0211537 -0.0405553 0.0219681 -0.0210083 0.999539 13.2083
0.999698 0.0077915 -0.0234366 -0.279089 -0.00727261 0.999729 0.0221598 -0.0428638 0.0236026 -0.0219828 0.999483 13.9991
0.99969 0.00821041 -0.0236261 -0.299898 -0.00767962 0.999719 0.0224762 -0.038089 0.0238037 -0.0222878 0.99947 14.8007
0.999715 0.00857781 -0.0224297 -0.318491 -0.00807173 0.999714 0.0225744 -0.0169864 0.0226167 -0.0223871 0.999498 15.6183
0.999706 0.00876039 -0.0227094 -0.341757 -0.00824397 0.999708 0.0227423 0.0186051 0.0229016 -0.0225484 0.999485 16.4548
0.999764 0.00635046 -0.0209134 -0.360368 -0.00586923 0.999719 0.0230122 0.0673025 0.0210533 -0.0228841 0.99952 17.3098
0.999762 0.00544709 -0.0212867 -0.383616 -0.00508365 0.999841 0.017099 0.0923583 0.0213761 -0.0169867 0.999629 18.182
0.99981 0.00545996 -0.0188887 -0.40005 -0.00513252 0.999837 0.0173641 0.12913 0.0189801 -0.017264 0.999675 19.0677
0.999793 0.0049215 -0.019914 -0.423256 -0.00453768 0.999805 0.019282 0.159515 0.0200047 -0.0191875 0.999618 19.9766
0.999792 0.00457655 -0.0200406 -0.446811 -0.00416655 0.999783 0.0204799 0.179084 0.0201297 -0.0203921 0.999594 20.8961
0.999813 0.00501881 -0.0189033 -0.464329 -0.00463039 0.999779 0.0205454 0.194485 0.0190019 -0.0204539 0.999612 21.8316
0.999788 0.0058506 -0.0199583 -0.491329 -0.0054322 0.999767 0.0209801 0.206305 0.0200762 -0.0208672 0.999585 22.7772
0.999804 0.00632956 -0.0189644 -0.516758 -0.00591134 0.99974 0.0220392 0.225415 0.0190988 -0.0219225 0.999579 23.7349
0.999803 0.00583044 -0.0191757 -0.545989 -0.00539089 0.999725 0.0229243 0.243996 0.0193039 -0.0228164 0.999558 24.6834
0.999809 0.0057129 -0.0188954 -0.569139 -0.00526978 0.999712 0.0234262 0.262687 0.0190235 -0.023322 0.999549 25.6708
0.999799 0.00540682 -0.0195265 -0.594227 -0.00494351 0.999709 0.0237262 0.281506 0.019649 -0.0236249 0.999532 26.6395
0.999792 0.00533912 -0.0198988 -0.621219 -0.00484994 0.999687 0.0245618 0.303812 0.0200235 -0.0244601 0.999503 27.6327
0.999802 0.00500257 -0.0194643 -0.648418 -0.00450843 0.99967 0.0253746 0.327106 0.0195847 -0.0252818 0.999493 28.6466
0.999787 0.00450625 -0.0203585 -0.673874 -0.00398048 0.999659 0.0258017 0.355738 0.0204677 -0.0257151 0.999462 29.6407
0.999804 0.00373155 -0.019655 -0.694884 -0.00323292 0.999674 0.0253724 0.381294 0.0197434 -0.0253039 0.999489 30.6712
0.999789 0.00380534 -0.0203918 -0.72376 -0.00328587 0.999671 0.0254549 0.406739 0.0204817 -0.0253824 0.99947 31.6832
0.999783 0.00272848 -0.0208686 -0.748794 -0.0021825 0.999656 0.0261719 0.434463 0.020933 -0.0261207 0.999444 32.7117
0.999792 0.00186165 -0.0205508 -0.771303 -0.00129775 0.999624 0.0274234 0.463826 0.0205939 -0.0273909 0.999416 33.7564
0.999775 0.00109018 -0.0213924 -0.801968 -0.000445283 0.999547 0.0301568 0.485748 0.0214156 -0.0301405 0.999321 34.7996
0.999787 0.00113376 -0.0208005 -0.833305 -0.000494644 0.999529 0.0307111 0.516406 0.0208254 -0.030694 0.999315 35.8598
0.999762 0.00133313 -0.0220001 -0.861052 -0.000654874 0.999525 0.0308375 0.543301 0.0220308 -0.0308157 0.999287 36.9107
0.999782 0.00191656 -0.0210057 -0.891201 -0.00128294 0.999546 0.0301411 0.571895 0.0210539 -0.0301074 0.999329 37.9769
0.999752 0.00194196 -0.0224014 -0.915393 -0.00126209 0.99954 0.0303539 0.601786 0.02245 -0.0303181 0.999293 39.0453
0.999734 0.00186345 -0.0232256 -0.941563 -0.00113788 0.999513 0.0312163 0.629062 0.0232724 -0.0311813 0.999247 40.1185
0.999741 0.00214229 -0.0228823 -0.976249 -0.00140484 0.999481 0.0322257 0.650931 0.0229395 -0.0321852 0.999224 41.1905
0.999701 0.00309585 -0.0245085 -1.00949 -0.00229268 0.999463 0.0327358 0.669206 0.0245966 -0.0326696 0.999168 42.2739
0.999718 0.00414653 -0.0235754 -1.0458 -0.00336793 0.999451 0.0329958 0.690144 0.0236992 -0.0329072 0.999183 43.3403
0.999663 0.00631738 -0.0254126 -1.08297 -0.00552318 0.999499 0.0312033 0.697804 0.0255969 -0.0310522 0.999195 44.4104
0.999687 0.00704902 -0.0241898 -1.12019 -0.00629302 0.999495 0.0312139 0.724528 0.0243975 -0.031052 0.999226 45.482
0.999669 0.00735371 -0.0248647 -1.14762 -0.00656682 0.999481 0.0315819 0.748207 0.025084 -0.031408 0.999198 46.5545
0.999671 0.007326 -0.0247899 -1.18121 -0.00650155 0.999429 0.0331991 0.768521 0.025019 -0.033027 0.999147 47.6358
0.9997 0.00763027 -0.0235119 -1.2158 -0.00682772 0.999399 0.0340263 0.796616 0.0237574 -0.0338553 0.99915 48.7116
0.999683 0.00728117 -0.0243623 -1.24435 -0.00643502 0.999381 0.0346556 0.819705 0.0245996 -0.0344879 0.999108 49.7955
0.999711 0.00779903 -0.0229874 -1.27644 -0.00700455 0.999384 0.0344415 0.855704 0.0232419 -0.0342703 0.999148 50.8692
0.999698 0.0079784 -0.0235254 -1.30474 -0.00716885 0.999387 0.0343232 0.879411 0.0237848 -0.0341442 0.99914 51.9477
0.999696 0.00845239 -0.0234468 -1.33722 -0.00765048 0.999391 0.034084 0.917719 0.0237206 -0.033894 0.99915 53.0243
0.999737 0.00833943 -0.0217073 -1.36648 -0.0075924 0.999385 0.0343007 0.945293 0.02198 -0.034127 0.999183 54.0941
0.999708 0.00860551 -0.0228657 -1.39299 -0.00781143 0.999373 0.0345966 0.972755 0.0231491 -0.0344077 0.999147 55.1686
0.999739 0.00864595 -0.0214732 -1.42072 -0.00789464 0.999363 0.0348607 1.0029 0.0217609 -0.0346823 0.999169 56.2351
0.999722 0.00811231 -0.0224685 -1.44443 -0.00728939 0.99931 0.036469 1.03892 0.0227489 -0.0362949 0.999089 57.3164
0.999772 0.00793516 -0.0201969 -1.47255 -0.00713155 0.999193 0.0395859 1.07457 0.0204946 -0.0394331 0.999019 58.381
0.999759 0.00709275 -0.0211346 -1.49562 -0.00609593 0.998885 0.0468655 1.116 0.0214436 -0.046725 0.998686 59.4731
0.999766 0.00680307 -0.0209171 -1.52194 -0.00580525 0.99886 0.0474316 1.16154 0.0212159 -0.0472993 0.998662 60.5524
0.999791 0.006411 -0.0197664 -1.54904 -0.00546916 0.998866 0.0473409 1.20899 0.0200476 -0.0472226 0.998691 61.6195
0.999768 0.00647206 -0.0209071 -1.57214 -0.0054699 0.99885 0.0476692 1.25722 0.0211914 -0.0475439 0.998652 62.6997
0.999788 0.0069179 -0.01974 -1.60272 -0.00597136 0.99885 0.0476147 1.31329 0.0200469 -0.0474864 0.998679 63.7673
0.999764 0.00732095 -0.0208121 -1.62672 -0.00642474 0.999063 0.0428441 1.36063 0.0211062 -0.0427003 0.998873 64.8525
0.999767 0.0083253 -0.0202541 -1.65955 -0.00743496 0.999021 0.043643 1.40307 0.020598 -0.0434819 0.99885 65.9362
0.999795 0.00940673 -0.0183685 -1.69392 -0.00855061 0.998899 0.0461775 1.44189 0.0187829 -0.0460109 0.998773 67.0228
0.999769 0.00957547 -0.0196365 -1.71953 -0.00862179 0.998808 0.0480913 1.47812 0.0200738 -0.0479104 0.998658 68.1166
0.999792 0.00976281 -0.0183618 -1.7482 -0.00884768 0.998747 0.0493104 1.52129 0.0188204 -0.0491376 0.998624 69.1962
0.999779 0.00958986 -0.0191378 -1.77035 -0.00861337 0.998691 0.0504705 1.56977 0.0195971 -0.050294 0.998551 70.2942
0.999795 0.00939848 -0.0184181 -1.7967 -0.00843371 0.998624 0.051806 1.61629 0.01888 -0.0516401 0.998497 71.3678
0.999769 0.00914483 -0.0198913 -1.81908 -0.00807391 0.998551 0.0532727 1.66314 0.0203499 -0.0530991 0.998391 72.4629
0.999761 0.00906606 -0.0203713 -1.84505 -0.00794694 0.998491 0.0543894 1.71291 0.0208339 -0.0542144 0.998322 73.5456
0.999777 0.00924542 -0.0194833 -1.86998 -0.0081661 0.998469 0.0547668 1.76668 0.0199601 -0.0545948 0.998319 74.6108
0.999735 0.00977079 -0.0213193 -1.89738 -0.00859694 0.998479 0.0545033 1.81764 0.0218196 -0.0543054 0.998297 75.6915
0.999749 0.0105466 -0.0202428 -1.9285 -0.009414 0.998431 0.0552536 1.8608 0.0207941 -0.0550485 0.998277 76.7536
0.999692 0.0120073 -0.022203 -1.9624 -0.010727 0.998322 0.056938 1.89912 0.0228497 -0.0566822 0.998141 77.8313
0.999662 0.0136114 -0.0225642 -1.99595 -0.0122503 0.998162 0.0593956 1.92915 0.0233314 -0.0590985 0.997989 78.9038
0.999671 0.0148166 -0.0214537 -2.02948 -0.0134596 0.997982 0.0620975 1.976 0.0223307 -0.0617881 0.99785 79.9684
0.999627 0.0158372 -0.0226925 -2.06584 -0.0143943 0.997951 0.0623931 2.02298 0.0236345 -0.0620425 0.997804 81.0185
0.999641 0.0162531 -0.0218136 -2.09706 -0.0148618 0.997935 0.0625226 2.07929 0.022785 -0.0621758 0.997817 82.0685
0.999605 0.0161551 -0.0234372 -2.12594 -0.0146478 0.997902 0.0631148 2.1408 0.0244081 -0.0627458 0.997742 83.1168
0.999626 0.0158893 -0.0227403 -2.15263 -0.0144132 0.997868 0.0636914 2.20454 0.0237041 -0.0633398 0.997722 84.1499
0.999586 0.0155705 -0.0246096 -2.17775 -0.0139544 0.997822 0.0645264 2.26463 0.0255611 -0.0641556 0.997623 85.1801
0.999575 0.0154104 -0.0251901 -2.2047 -0.0137243 0.99774 0.0658143 2.32031 0.0261476 -0.0654405 0.997526 86.1904
0.999595 0.0152263 -0.0244996 -2.23567 -0.0135455 0.99764 0.0673643 2.37885 0.0254678 -0.0670044 0.997439 87.1769
0.999552 0.0151241 -0.0262676 -2.26499 -0.0132964 0.99757 0.0684333 2.43138 0.027239 -0.068053 0.997323 88.1547
0.999528 0.0149488 -0.0272463 -2.29455 -0.013031 0.997519 0.0692462 2.48563 0.0282144 -0.0688577 0.997239 89.0946
0.999406 0.014981 -0.03142 -2.33046 -0.0127449 0.997453 0.0702181 2.5413 0.032392 -0.0697756 0.99705 90.0288
0.999292 0.0151126 -0.0347995 -2.36769 -0.0126232 0.997423 0.070666 2.59724 0.0357782 -0.0701756 0.996906 90.9317
0.999217 0.0155084 -0.0367439 -2.40735 -0.0128484 0.997356 0.0715673 2.64502 0.0377567 -0.0710388 0.996772 91.8047
0.999036 0.0167636 -0.0408959 -2.45026 -0.01374 0.997232 0.073121 2.68838 0.0420088 -0.0724875 0.996498 92.6717
0.998942 0.0180992 -0.0425662 -2.49412 -0.0149184 0.997157 0.0739026 2.72547 0.0437828 -0.0731892 0.99637 93.4996
0.998739 0.0192835 -0.0466273 -2.5391 -0.0157337 0.997039 0.0753273 2.76538 0.047942 -0.0744978 0.996083 94.3186
0.998647 0.0205569 -0.0480398 -2.58424 -0.0168655 0.996967 0.076032 2.80606 0.0494571 -0.0751186 0.995962 95.0934
0.998461 0.0213671 -0.051422 -2.63068 -0.017381 0.996904 0.0767466 2.85194 0.0529029 -0.0757339 0.995739 95.8549
0.998311 0.0221772 -0.0539564 -2.67981 -0.0179826 0.996871 0.0770321 2.89489 0.0554957 -0.0759313 0.995583 96.5787
0.998213 0.0229427 -0.0554067 -2.72391 -0.0186184 0.996836 0.077332 2.9369 0.0570058 -0.0761613 0.99548 97.2645
0.998017 0.02356 -0.0586297 -2.77199 -0.0189596 0.996791 0.0778325 2.98045 0.060275 -0.0765661 0.995257 97.9321
0.99794 0.0238468 -0.0597741 -2.81868 -0.0191182 0.996739 0.078459 3.01831 0.0614503 -0.0771537 0.995139 98.5548
0.997846 0.0241149 -0.0612592 -2.86712 -0.0192379 0.996694 0.0790015 3.05395 0.0629616 -0.0776523 0.995007 99.1649
0.997886 0.0246891 -0.0603407 -2.91216 -0.019832 0.996618 0.0797968 3.08986 0.062107 -0.0784304 0.994999 99.7431
0.998051 0.0264927 -0.056782 -2.95349 -0.0218091 0.996432 0.0815828 3.12104 0.0587407 -0.0801848 0.995064 100.294
0.998294 0.0271973 -0.0519243 -2.99114 -0.0228532 0.996334 0.0824837 3.15281 0.0539774 -0.0811554 0.995254 100.831
0.998676 0.0274159 -0.0438867 -3.01489 -0.023678 0.996227 0.083548 3.18377 0.0460115 -0.0823976 0.995553 101.341
0.999033 0.0275148 -0.0346931 -3.03702 -0.0244444 0.996 0.0859959 3.21343 0.0369208 -0.0850636 0.995707 101.851
0.999388 0.0273985 -0.0225141 -3.04395 -0.0253524 0.995921 0.0866457 3.24865 0.0247961 -0.0860213 0.996002 102.319
0.99959 0.0274993 -0.00955909 -3.04708 -0.0265643 0.995859 0.0869929 3.28435 0.0119122 -0.0867023 0.996179 102.767
0.999622 0.0274201 0.00602145 -3.04174 -0.0278407 0.995824 0.0869971 3.32059 -0.0036109 -0.0871313 0.996207 103.198
0.999358 0.0276487 0.0234048 -3.0263 -0.0295885 0.995765 0.0870908 3.35337 -0.0208971 -0.0877263 0.995941 103.613
0.99864 0.0273995 0.0447289 -2.99944 -0.031072 0.996021 0.0835766 3.37773 -0.042261 -0.0848522 0.995514 104.018
0.997216 0.0273248 0.0695903 -2.96236 -0.0331257 0.99595 0.0836303 3.41045 -0.0670226 -0.0857016 0.994081 104.423
0.995021 0.027042 0.0961046 -2.91007 -0.0351573 0.995868 0.0837737 3.44059 -0.0934421 -0.0867347 0.991857 104.812
0.991612 0.0266126 0.126601 -2.84736 -0.0373572 0.99583 0.0832751 3.47182 -0.123856 -0.0873049 0.988469 105.201
0.987035 0.0262816 0.158445 -2.76832 -0.0397539 0.995805 0.082465 3.50571 -0.155613 -0.087694 0.983936 105.567
0.980539 0.0257519 0.194707 -2.67633 -0.0423211 0.995785 0.0814284 3.53837 -0.191788 -0.0880829 0.977492 105.939
0.972282 0.0249999 0.232542 -2.56595 -0.0448421 0.995755 0.0804345 3.56776 -0.229544 -0.088632 0.969273 106.291
0.96172 0.0246512 0.272977 -2.44484 -0.0479068 0.995738 0.0788619 3.59795 -0.269868 -0.0889195 0.9588 106.647
0.949372 0.0245523 0.313247 -2.31062 -0.0511608 0.995721 0.0770078 3.63032 -0.310015 -0.0891342 0.946563 106.973
0.933717 0.0244269 0.35722 -2.16503 -0.0547256 0.995688 0.0749604 3.66182 -0.353847 -0.0895399 0.931025 107.3
0.915085 0.0235237 0.402617 -2.00503 -0.0578944 0.995624 0.0734112 3.68415 -0.399127 -0.0904858 0.91244 107.628
0.894938 0.0229191 0.445637 -1.82879 -0.0610446 0.995583 0.0713899 3.70845 -0.44203 -0.0910922 0.892382 107.924
0.871011 0.0220533 0.490803 -1.63763 -0.0641341 0.995551 0.0690815 3.73165 -0.487095 -0.091647 0.868548 108.223
0.846022 0.0219622 0.532726 -1.43463 -0.0674499 0.995537 0.0660763 3.75636 -0.528895 -0.0918332 0.843724 108.491
0.817673 0.0216772 0.575305 -1.21859 -0.0707666 0.995502 0.063068 3.78323 -0.571348 -0.0922803 0.815526 108.763
0.78744 0.0216762 0.616036 -0.991383 -0.0741476 0.99546 0.0597525 3.80812 -0.611942 -0.0927282 0.78547 109.017
0.752894 0.0215573 0.657815 -0.747009 -0.0777374 0.995384 0.0563521 3.83411 -0.653563 -0.0935629 0.751092 109.278
0.71591 0.0254652 0.697752 -0.490848 -0.0857205 0.994984 0.0516392 3.88011 -0.692935 -0.0967796 0.7145 109.512
0.676411 0.0238943 0.73616 -0.215037 -0.0876206 0.994991 0.0482124 3.89571 -0.731319 -0.097113 0.675114 109.738
0.634142 0.0217358 0.772932 0.0827404 -0.0894924 0.994954 0.0454445 3.91318 -0.768042 -0.097989 0.632885 109.955
0.590935 0.0204486 0.806482 0.392504 -0.0924112 0.994818 0.0424875 3.93559 -0.801431 -0.099634 0.589761 110.144
0.54286 0.0193274 0.839621 0.719666 -0.0949402 0.994743 0.0384864 3.95354 -0.83446 -0.100606 0.541839 110.336
0.496206 0.0177709 0.868043 1.0553 -0.0969596 0.994675 0.0350613 3.97066 -0.862795 -0.101561 0.495285 110.492
0.444188 0.0157429 0.895815 1.40811 -0.0990316 0.994586 0.0316264 3.98303 -0.890464 -0.102761 0.443339 110.644
0.393152 0.015859 0.919356 1.76579 -0.10229 0.994403 0.0265883 4.00066 -0.913787 -0.104492 0.392573 110.772
0.341758 0.0165085 0.939662 2.13504 -0.105009 0.99426 0.0207249 4.01203 -0.933923 -0.105755 0.341528 110.888
0.290153 0.0221782 0.956742 2.51855 -0.109273 0.993965 0.0100974 4.02718 -0.950742 -0.107475 0.290824 110.993
0.243371 0.0215467 0.969713 2.91254 -0.108962 0.994037 0.00525945 4.03472 -0.963813 -0.106941 0.244265 111.077
0.200818 0.020333 0.979437 3.33177 -0.107346 0.994226 0.00136873 4.03837 -0.973751 -0.105412 0.20184 111.148
0.165789 0.0189863 0.985997 3.75743 -0.100928 0.994897 -0.00218686 4.05094 -0.981002 -0.0991518 0.166858 111.192
0.134425 0.0188968 0.990762 4.20336 -0.101279 0.994849 -0.0052342 4.05912 -0.985755 -0.0996384 0.135645 111.239
0.107372 0.0171941 0.994089 4.65965 -0.103393 0.994628 -0.00603546 4.05977 -0.988847 -0.102133 0.108571 111.281
0.0816527 0.0134757 0.996589 5.13934 -0.108101 0.994135 -0.00458627 4.06477 -0.990803 -0.107356 0.0826296 111.325
0.0566956 0.00893004 0.998371 5.64321 -0.112631 0.99364 -0.0024913 4.06726 -0.992037 -0.112305 0.0573392 111.357
0.0345618 0.00709169 0.999397 6.15893 -0.11216 0.99369 -0.00317325 4.05468 -0.99311 -0.111981 0.0351385 111.369
0.0143599 0.00595936 0.999899 6.6905 -0.112695 0.993627 -0.00430322 4.04232 -0.993545 -0.112621 0.0149386 111.366
-0.00398569 0.00955443 0.999967 7.2449 -0.1092 0.993975 -0.00993319 4.02699 -0.994034 -0.109234 -0.00291877 111.346
-0.0181513 0.0103853 0.999801 7.80375 -0.11013 0.993847 -0.0123224 4.02506 -0.993771 -0.110331 -0.0168972 111.337
-0.0297285 0.0103682 0.999525 8.40447 -0.110867 0.993748 -0.0136065 4.02316 -0.993413 -0.111217 -0.0283934 111.326
-0.0358135 0.0100681 0.999327 9.01748 -0.109297 0.993917 -0.0139302 4.01262 -0.993383 -0.109722 -0.0344964 111.302
-0.0386844 0.00728897 0.999246 9.65278 -0.103563 0.994565 -0.011265 3.99017 -0.993894 -0.103919 -0.0377193 111.269
-0.0389858 0.00590523 0.999242 10.3032 -0.103615 0.994574 -0.00991991 3.98066 -0.993873 -0.103922 -0.0381634 111.244
-0.0366235 0.00577203 0.999334 10.9741 -0.104644 0.994469 -0.00957981 3.97268 -0.99386 -0.104923 -0.0358171 111.224
-0.0357443 0.00579078 0.999364 11.6624 -0.106259 0.994298 -0.00956172 3.97242 -0.993716 -0.106532 -0.0349263 111.211
-0.033818 0.00557187 0.999434 12.3567 -0.107344 0.994185 -0.00917566 3.95626 -0.993671 -0.107591 -0.0330234 111.192
-0.0327947 0.00541394 0.999468 13.075 -0.106814 0.994245 -0.00889015 3.94851 -0.993759 -0.107048 -0.0320289 111.17
-0.0328641 0.00495735 0.99947 13.8165 -0.106651 0.994267 -0.00843926 3.92866 -0.993778 -0.106869 -0.0321471 111.15
-0.0317228 0.00439956 0.999508 14.5599 -0.106952 0.99424 -0.00777055 3.9152 -0.993779 -0.107145 -0.0310707 111.132
-0.0315652 0.00377604 0.999517 15.3324 -0.106434 0.9943 -0.00711837 3.90655 -0.993844 -0.106605 -0.0309835 111.112
-0.0316674 0.00265813 0.999517 16.1006 -0.106517 0.994298 -0.00601864 3.8892 -0.993829 -0.106654 -0.0312049 111.089
-0.032781 0.00217363 0.999483 16.8888 -0.107296 0.994217 -0.00568206 3.88426 -0.993712 -0.107424 -0.0323583 111.066
-0.03434 0.00172093 0.99943 17.695 -0.107571 0.994188 -0.00540761 3.87772 -0.993627 -0.107694 -0.0339566 111.045
-0.0353194 0.000319383 0.9994 18.4907 -0.106206 0.994341 -0.00407195 3.86507 -0.993741 -0.106284 -0.0350857 111.015
-0.0369915 -0.000527957 0.999338 19.2961 -0.105743 0.994393 -0.0033885 3.8537 -0.993728 -0.105796 -0.0368411 110.989
-0.0382488 -0.000849065 0.999291 20.1078 -0.105974 0.994369 -0.00321213 3.8554 -0.993658 -0.106019 -0.0381234 110.965
-0.0392489 0.00142045 0.999252 20.9245 -0.107012 0.994247 -0.00561624 3.85283 -0.993506 -0.10715 -0.0388723 110.945
-0.0413855 0.00173004 0.999165 21.7583 -0.106748 0.994273 -0.0061438 3.84372 -0.99345 -0.10691 -0.0409638 110.918
-0.0416574 0.00130456 0.999155 22.5872 -0.106404 0.994312 -0.00573412 3.83741 -0.993474 -0.106551 -0.0412827 110.892
-0.044155 -0.000592069 0.999048 23.4333 -0.108118 0.994135 -0.00419005 3.84285 -0.993182 -0.108198 -0.0439599 110.872
-0.0445077 -0.00433356 0.999024 24.2688 -0.10992 0.993946 -0.000585191 3.84158 -0.992967 -0.109837 -0.0447157 110.85
-0.0454608 -0.00877138 0.998952 25.1199 -0.111093 0.993809 0.0036698 3.83931 -0.992796 -0.110807 -0.0461536 110.822
-0.0450027 -0.0150084 0.998899 25.9605 -0.115745 0.993238 0.00970912 3.83405 -0.992283 -0.115179 -0.0464367 110.798
-0.0450411 -0.017323 0.998859 26.8041 -0.115588 0.99323 0.0120125 3.84058 -0.992301 -0.114912 -0.0467382 110.768
-0.0450784 -0.0109666 0.998948 27.6351 -0.114631 0.993399 0.00573313 3.81862 -0.99241 -0.11425 -0.0460391 110.737
-0.043568 -0.00157732 0.999073 28.4606 -0.112047 0.993703 -0.00331807 3.81611 -0.992773 -0.112085 -0.0434701 110.701
-0.0438947 -0.00158929 0.99906 29.2861 -0.112148 0.993694 -0.00334631 3.81388 -0.992747 -0.112187 -0.0437973 110.668
-0.0416198 -0.00654884 0.999137 30.1212 -0.110916 0.993834 0.00189314 3.81414 -0.992984 -0.110739 -0.0420893 110.635
-0.0408408 -0.0143455 0.999087 30.9452 -0.107441 0.99417 0.00988321 3.80554 -0.993397 -0.106937 -0.042145 110.598
-0.0413683 -0.0184552 0.998998 31.7694 -0.105769 0.994299 0.0139879 3.79928 -0.993556 -0.105081 -0.043084 110.57
-0.0406194 -0.0188663 0.999021 32.5865 -0.106441 0.994222 0.0144482 3.80123 -0.993514 -0.105747 -0.042394 110.543
-0.0425482 -0.0189657 0.99894 33.3948 -0.107578 0.994101 0.014291 3.80692 -0.993313 -0.106853 -0.044337 110.519
-0.0438463 -0.0193574 0.998876 34.2035 -0.108187 0.994032 0.0145148 3.80838 -0.993189 -0.107427 -0.04568 110.49
-0.0469633 -0.0197502 0.998727 35.0117 -0.108203 0.994029 0.0145687 3.8099 -0.993046 -0.107378 -0.0488196 110.457
-0.0481991 -0.0201393 0.99866 35.816 -0.108817 0.993959 0.0147928 3.80675 -0.992919 -0.107957 -0.0501005 110.423
-0.0501512 -0.0203411 0.998561 36.6163 -0.10939 0.993897 0.0147516 3.81222 -0.992761 -0.108489 -0.0520698 110.386
-0.053341 -0.020946 0.998382 37.4073 -0.109541 0.993877 0.0149992 3.81893 -0.992577 -0.108562 -0.05531 110.352
-0.0545633 -0.021673 0.998303 38.1974 -0.109409 0.993882 0.0155966 3.81811 -0.992527 -0.108369 -0.0566003 110.314
-0.0574845 -0.0219836 0.998131 38.9731 -0.10924 0.993901 0.0155995 3.82363 -0.99238 -0.108137 -0.0595364 110.274
-0.0586425 -0.0218167 0.998069 39.7519 -0.109143 0.993916 0.0153125 3.82242 -0.992324 -0.108031 -0.0606664 110.232
-0.060665 -0.0220506 0.997941 40.5243 -0.109298 0.993899 0.0153174 3.82489 -0.992184 -0.108141 -0.0627059 110.188
-0.0609585 -0.0229917 0.997904 41.2936 -0.109269 0.993887 0.0162236 3.82226 -0.992171 -0.108048 -0.0630978 110.139
-0.0623682 -0.0234114 0.997806 42.0626 -0.109114 0.9939 0.0164999 3.83099 -0.992099 -0.107843 -0.0645432 110.092
-0.0644985 -0.0236543 0.997667 42.8265 -0.108919 0.993921 0.0165233 3.83919 -0.991987 -0.107595 -0.0666825 110.046
-0.0653562 -0.024206 0.997596 43.57 -0.108839 0.993922 0.0169867 3.84664 -0.991937 -0.107465 -0.0675945 110.003
-0.0671237 -0.024866 0.997464 44.2961 -0.109114 0.993884 0.0174333 3.85199 -0.991791 -0.107663 -0.069426 109.962
-0.0669124 -0.025299 0.997467 45.0085 -0.109361 0.993849 0.0178714 3.85829 -0.991777 -0.107885 -0.0692685 109.919
-0.0682211 -0.0256801 0.997369 45.704 -0.109582 0.993821 0.0180926 3.86029 -0.991665 -0.108055 -0.0706131 109.876
-0.067542 -0.0255993 0.997417 46.4065 -0.109922 0.993784 0.0180627 3.86149 -0.991673 -0.108416 -0.0699369 109.833
-0.0676055 -0.0254705 0.997417 47.1027 -0.11017 0.993759 0.0179092 3.87176 -0.991643 -0.10867 -0.0699891 109.792
-0.0683514 -0.0256532 0.997361 47.791 -0.110013 0.993775 0.0180218 3.87592 -0.991607 -0.108488 -0.0707488 109.75
-0.0677568 -0.0258504 0.997397 48.4803 -0.109538 0.993822 0.0183159 3.88572 -0.991702 -0.108008 -0.0701693 109.703
-0.0689754 -0.0264143 0.997298 49.1675 -0.109723 0.993794 0.0187331 3.89021 -0.991597 -0.108132 -0.0714463 109.66
-0.067768 -0.0292252 0.997303 49.8605 -0.113064 0.993366 0.0214265 3.882 -0.991306 -0.111303 -0.0706221 109.628
-0.0685762 -0.029438 0.997241 50.5387 -0.113011 0.993368 0.0215528 3.89012 -0.991255 -0.111219 -0.071449 109.589
-0.0673867 -0.0304501 0.997293 51.2132 -0.112099 0.993446 0.0227578 3.88912 -0.991443 -0.110258 -0.0703578 109.551
-0.0684035 -0.0313098 0.997197 51.8843 -0.112495 0.993384 0.0234738 3.88737 -0.991327 -0.110572 -0.0714739 109.511
-0.0723608 -0.0341507 0.996825 52.5458 -0.116433 0.992879 0.0255632 3.88802 -0.990592 -0.114209 -0.075821 109.475
-0.076674 -0.034391 0.996494 53.2067 -0.116545 0.992872 0.025299 3.90167 -0.990254 -0.114193 -0.0801361 109.437
-0.083359 -0.0325009 0.996022 53.8677 -0.115589 0.993047 0.0227296 3.90929 -0.989827 -0.11323 -0.0865352 109.38
-0.0888325 -0.0321975 0.995557 54.5233 -0.115051 0.993129 0.0218534 3.91522 -0.989412 -0.112596 -0.091927 109.312
-0.0965311 -0.0317295 0.994857 55.1916 -0.114544 0.993216 0.0205627 3.92851 -0.988751 -0.111965 -0.0995097 109.249
-0.102169 -0.0323226 0.994273 55.8633 -0.115578 0.993099 0.0204083 3.94053 -0.988063 -0.112828 -0.1052 109.184
-0.107435 -0.033369 0.993685 56.5436 -0.116106 0.99303 0.0207937 3.94792 -0.987444 -0.113134 -0.110559 109.112
-0.112664 -0.0338827 0.993088 57.2253 -0.117534 0.992866 0.0205416 3.95073 -0.98669 -0.114404 -0.115843 109.041
-0.116012 -0.0346228 0.992679 57.9102 -0.119451 0.992637 0.0206614 3.96285 -0.986074 -0.116174 -0.119293 108.965
-0.119691 -0.0375887 0.992132 58.6119 -0.11958 0.992564 0.023179 3.97257 -0.985617 -0.115862 -0.123297 108.884
-0.120671 -0.0435487 0.991772 59.3127 -0.119117 0.992467 0.0290858 3.98136 -0.985556 -0.114622 -0.124948 108.796
-0.123377 -0.048158 0.991223 60.0286 -0.121241 0.992081 0.0331091 3.99223 -0.98496 -0.11609 -0.128239 108.712
-0.123979 -0.0488877 0.991116 60.7463 -0.121878 0.991986 0.0336847 4.01329 -0.984807 -0.116614 -0.128943 108.621
-0.124386 -0.0491949 0.991046 61.4726 -0.122541 0.991897 0.0338572 4.03671 -0.984672 -0.117229 -0.129407 108.53
-0.126064 -0.0459488 0.990994 62.1973 -0.117908 0.992554 0.031022 4.06424 -0.985026 -0.11293 -0.130542 108.433
-0.126679 -0.0421767 0.99108 62.9329 -0.11026 0.993515 0.0281872 4.06425 -0.985832 -0.105703 -0.130509 108.328
-0.128164 -0.0413973 0.990925 63.6688 -0.11029 0.99354 0.0272416 4.08931 -0.985638 -0.105793 -0.131901 108.233
-0.127983 -0.0439384 0.990836 64.4079 -0.111953 0.993286 0.0295865 4.10764 -0.985473 -0.107138 -0.132043 108.142
-0.128172 -0.0503489 0.99051 65.1495 -0.111889 0.993082 0.0360009 4.12365 -0.985456 -0.106208 -0.132918 108.048
-0.12962 -0.0528277 0.990189 65.8828 -0.109539 0.993243 0.0386516 4.14134 -0.985531 -0.103452 -0.134531 107.95
-0.130171 -0.0531061 0.990105 66.6208 -0.108683 0.993325 0.0389898 4.16657 -0.985553 -0.102528 -0.135072 107.85
-0.132727 -0.0534528 0.989744 67.3539 -0.110447 0.993136 0.038825 4.19026 -0.985016 -0.104158 -0.13772 107.761
-0.134275 -0.0537841 0.989521 68.0881 -0.110656 0.993108 0.0389631 4.20825 -0.984783 -0.10426 -0.1393 107.666
-0.136954 -0.0542283 0.989126 68.8257 -0.110859 0.993079 0.0390958 4.2298 -0.984392 -0.104296 -0.142018 107.569
-0.138484 -0.0545516 0.988899 69.5646 -0.110584 0.993103 0.0392972 4.24946 -0.984209 -0.103909 -0.143561 107.467
-0.140419 -0.0549756 0.988599 70.3039 -0.110898 0.99306 0.039472 4.27425 -0.983899 -0.104089 -0.145541 107.366
-0.14267 -0.0551913 0.988269 71.0497 -0.111279 0.993022 0.039392 4.30315 -0.983534 -0.104348 -0.147815 107.264
-0.143048 -0.0555683 0.988189 71.788 -0.111839 0.992948 0.0396465 4.32461 -0.983414 -0.104844 -0.148254 107.161
-0.144681 -0.0557469 0.987946 72.5438 -0.111528 0.992982 0.0396982 4.35493 -0.983212 -0.104434 -0.149881 107.055
-0.145126 -0.0561387 0.987854 73.2964 -0.112056 0.992911 0.039964 4.38422 -0.983085 -0.104892 -0.150388 106.95
-0.146787 -0.0570234 0.987563 74.0565 -0.111977 0.992891 0.0406873 4.4105 -0.98285 -0.104606 -0.152127 106.841
-0.147077 -0.0577644 0.987472 74.8229 -0.112375 0.992819 0.0413399 4.44218 -0.982759 -0.104884 -0.152512 106.727
-0.148452 -0.0589426 0.987202 75.594 -0.113277 0.992679 0.0422357 4.47445 -0.982451 -0.105551 -0.15404 106.614
-0.151303 -0.0597115 0.986718 76.3737 -0.113045 0.992683 0.0427381 4.49603 -0.982041 -0.105075 -0.156946 106.498
-0.151591 -0.0599731 0.986663 77.1461 -0.113174 0.99266 0.0429498 4.52301 -0.981983 -0.105148 -0.157264 106.376
-0.154616 -0.0601363 0.986179 77.9334 -0.113482 0.992634 0.042738 4.55948 -0.981474 -0.105303 -0.160301 106.255
-0.154412 -0.0603156 0.986204 78.707 -0.113492 0.992624 0.0429388 4.58795 -0.981507 -0.10529 -0.160117 106.129
-0.156119 -0.0601275 0.985942 79.5029 -0.113396 0.99265 0.0425809 4.6145 -0.981247 -0.105151 -0.161789 106.002
-0.155603 -0.0600363 0.986034 80.3 -0.113085 0.992685 0.0425958 4.64572 -0.981365 -0.104872 -0.161252 105.868
-0.155321 -0.0598956 0.986083 81.1096 -0.112967 0.992702 0.0425038 4.68089 -0.981423 -0.10479 -0.160953 105.737
-0.155995 -0.0607079 0.985931 81.9274 -0.112709 0.992699 0.0432918 4.7027 -0.981347 -0.104364 -0.161696 105.61
-0.154935 -0.0615295 0.986043 82.7483 -0.112054 0.992726 0.0443397 4.73764 -0.981589 -0.103617 -0.160702 105.477
-0.155083 -0.0622935 0.985977 83.5834 -0.112174 0.99268 0.0450733 4.77003 -0.981553 -0.103605 -0.160934 105.349
-0.152256 -0.0634524 0.986339 84.4157 -0.112233 0.992605 0.0465309 4.80245 -0.981988 -0.103612 -0.158251 105.22
-0.151996 -0.0653897 0.986257 85.2562 -0.111976 0.992539 0.0485491 4.8319 -0.982059 -0.103052 -0.158183 105.09
-0.148816 -0.068007 0.98656 86.0997 -0.112446 0.992339 0.0514437 4.86238 -0.982491 -0.103276 -0.155322 104.961
-0.147024 -0.0685002 0.9868 86.9419 -0.113008 0.992244 0.0520413 4.90024 -0.982698 -0.103859 -0.153623 104.835
-0.146428 -0.0684755 0.986885 87.7936 -0.112787 0.992265 0.0521142 4.93643 -0.982811 -0.103674 -0.153018 104.709
-0.143486 -0.0637056 0.987642 88.6292 -0.112309 0.992542 0.0477055 4.97686 -0.983301 -0.10407 -0.149569 104.582
-0.142793 -0.0636439 0.987741 89.4757 -0.112977 0.992469 0.0476163 5.01474 -0.983325 -0.104789 -0.148908 104.463
-0.140504 -0.0634869 0.988085 90.3223 -0.112946 0.992469 0.047708 5.05161 -0.983659 -0.104891 -0.146615 104.346
-0.140735 -0.0661557 0.987872 91.1915 -0.112457 0.992389 0.0504376 5.07214 -0.983681 -0.103991 -0.147103 104.222
-0.138868 -0.0675048 0.98805 92.0462 -0.112637 0.992291 0.051964 5.11273 -0.983926 -0.104069 -0.1454 104.101
-0.137899 -0.0680309 0.988145 92.9079 -0.113348 0.992181 0.0524911 5.14956 -0.983981 -0.104763 -0.144531 103.983
-0.138351 -0.0683476 0.988064 93.7706 -0.113266 0.992177 0.0527726 5.18886 -0.983927 -0.104607 -0.145009 103.865
-0.136899 -0.0691668 0.988206 94.6339 -0.111961 0.992261 0.0539408 5.22481 -0.98428 -0.103253 -0.143583 103.743
-0.136831 -0.0696332 0.988186 95.4869 -0.110848 0.992352 0.0545782 5.26252 -0.984415 -0.102065 -0.143502 103.619
-0.13535 -0.0697305 0.98838 96.3445 -0.110804 0.992342 0.054837 5.29743 -0.984625 -0.10209 -0.14204 103.501
-0.135489 -0.0693509 0.988391 97.1966 -0.110578 0.992387 0.0544736 5.33995 -0.984631 -0.101908 -0.142125 103.383
-0.133625 -0.0687285 0.988686 98.0453 -0.115669 0.991869 0.0533174 5.37055 -0.984302 -0.107232 -0.140488 103.27
-0.132806 -0.0728095 0.988508 98.8978 -0.119153 0.991253 0.0570039 5.41747 -0.983996 -0.110207 -0.140318 103.16
-0.13354 -0.0732621 0.988372 99.7307 -0.119079 0.991239 0.0573865 5.46107 -0.983907 -0.110027 -0.141093 103.056
-0.133878 -0.0730334 0.988346 100.574 -0.122855 0.990825 0.0565753 5.49183 -0.983396 -0.113842 -0.141621 102.942
-0.135626 -0.0718173 0.988195 101.407 -0.127265 0.990384 0.0545108 5.52786 -0.982597 -0.118365 -0.143461 102.836
-0.136194 -0.0716458 0.988132 102.238 -0.127422 0.990378 0.0542465 5.5731 -0.982496 -0.118516 -0.144012 102.719
-0.136843 -0.0716681 0.988038 103.062 -0.126799 0.990456 0.0542829 5.60772 -0.982488 -0.11785 -0.144624 102.604
-0.13789 -0.072009 0.98787 103.88 -0.125984 0.990542 0.0546189 5.64722 -0.982445 -0.116918 -0.145656 102.488
-0.138185 -0.0722511 0.987809 104.698 -0.125379 0.990602 0.054917 5.68068 -0.982482 -0.116258 -0.145944 102.371
-0.139308 -0.0726357 0.987625 105.504 -0.124832 0.990653 0.0552507 5.71448 -0.982392 -0.115584 -0.147072 102.26
-0.139465 -0.072551 0.987607 106.313 -0.124105 0.990744 0.0552568 5.75537 -0.982463 -0.114857 -0.147177 102.145
-0.141356 -0.0727394 0.987326 107.113 -0.123825 0.990779 0.055266 5.79488 -0.982227 -0.114436 -0.149058 102.035
-0.142877 -0.0731226 0.987076 107.911 -0.123777 0.990772 0.0554807 5.83423 -0.982014 -0.114247 -0.150609 101.924
-0.145964 -0.0733835 0.986608 108.701 -0.123971 0.990755 0.0553513 5.86898 -0.981535 -0.114225 -0.153711 101.808
-0.149885 -0.0740057 0.985971 109.479 -0.124183 0.990721 0.0554851 5.90085 -0.980917 -0.114121 -0.157683 101.693
-0.152765 -0.073879 0.985541 110.258 -0.124343 0.990728 0.0549944 5.94238 -0.980452 -0.114137 -0.160533 101.57
-0.15653 -0.073986 0.984939 111.03 -0.124514 0.990727 0.0546333 5.98098 -0.979836 -0.114083 -0.16429 101.447
-0.158976 -0.074234 0.984532 111.806 -0.124692 0.990708 0.0545656 6.01863 -0.979421 -0.114082 -0.166753 101.322
-0.162392 -0.0747029 0.983936 112.574 -0.124867 0.990684 0.0546077 6.05692 -0.978837 -0.113989 -0.170206 101.193
-0.163192 -0.0708222 0.984093 113.337 -0.128024 0.990521 0.050055 6.09413 -0.978297 -0.117812 -0.17071 101.071
-0.165242 -0.0709541 0.98374 114.092 -0.128312 0.990492 0.0498892 6.13095 -0.977915 -0.117978 -0.172774 100.95
-0.168447 -0.0712768 0.983175 114.848 -0.129244 0.990383 0.0496564 6.15454 -0.977245 -0.118698 -0.176038 100.811
-0.170707 -0.0718319 0.982742 115.604 -0.129228 0.99037 0.0499431 6.1937 -0.976855 -0.118467 -0.178345 100.672
-0.1748 -0.0795177 0.981432 116.372 -0.129977 0.989888 0.0570536 6.22419 -0.976032 -0.117584 -0.183366 100.538
-0.176364 -0.0812381 0.981009 117.129 -0.130116 0.989781 0.0585736 6.25908 -0.975732 -0.11731 -0.185131 100.407
-0.178786 -0.0822873 0.980486 117.869 -0.130729 0.989662 0.0592203 6.28959 -0.97521 -0.117583 -0.187693 100.271
-0.180802 -0.0819243 0.980144 118.618 -0.130941 0.989672 0.0585678 6.33843 -0.974809 -0.117748 -0.189661 100.135
-0.18321 -0.0820279 0.97969 119.359 -0.131428 0.989625 0.0582821 6.37976 -0.974294 -0.118074 -0.192088 99.9956
-0.186379 -0.0782052 0.979403 120.1 -0.127882 0.990291 0.0547401 6.4082 -0.974165 -0.115041 -0.194569 99.85
-0.187753 -0.0742635 0.97945 120.817 -0.127717 0.990532 0.0506221 6.43676 -0.973923 -0.11558 -0.195458 99.7101
-0.19081 -0.0743547 0.978849 121.55 -0.127993 0.990512 0.0502918 6.47835 -0.973292 -0.115685 -0.198516 99.567
-0.193098 -0.0753211 0.97833 122.286 -0.12751 0.990534 0.0510941 6.51057 -0.972905 -0.114873 -0.200873 99.4232
-0.197509 -0.0764086 0.977361 123.009 -0.127723 0.990478 0.0516245 6.53931 -0.97199 -0.114631 -0.205386 99.2715
-0.202837 -0.0777892 0.976165 123.745 -0.127531 0.990463 0.0524297 6.56827 -0.970919 -0.113849 -0.21082 99.1105
-0.209404 -0.0782857 0.974733 124.464 -0.128211 0.990396 0.0520009 6.61172 -0.969433 -0.114078 -0.217429 98.9588
-0.21803 -0.0786067 0.972818 125.183 -0.129681 0.990261 0.0509524 6.64624 -0.967335 -0.11504 -0.226097 98.7982
-0.227678 -0.078852 0.970582 125.891 -0.131034 0.990144 0.0497047 6.68516 -0.964926 -0.115859 -0.235764 98.6325
-0.239922 -0.0791212 0.96761 126.604 -0.132612 0.990016 0.0480724 6.71521 -0.96174 -0.116776 -0.248017 98.4524
-0.251628 -0.079315 0.964612 127.299 -0.133439 0.989974 0.0465929 6.74686 -0.958628 -0.116989 -0.259686 98.2665
-0.264051 -0.0799165 0.961241 128.005 -0.133684 0.989989 0.0455847 6.778 -0.955247 -0.116459 -0.272089 98.0693
-0.274867 -0.0804989 0.958151 128.693 -0.13412 0.98997 0.0446983 6.80528 -0.952129 -0.116216 -0.282904 97.8619
-0.285098 -0.0810545 0.955115 129.383 -0.133964 0.990022 0.0440302 6.8362 -0.949139 -0.115391 -0.293108 97.6478
-0.294731 -0.0816314 0.952132 130.072 -0.133946 0.99005 0.0434209 6.86606 -0.946194 -0.114733 -0.30273 97.4244
-0.302112 -0.0821332 0.949778 130.75 -0.13342 0.990133 0.0431849 6.89862 -0.943939 -0.113666 -0.310085 97.1934
-0.308789 -0.0824925 0.947592 131.431 -0.13468 0.989999 0.042298 6.92893 -0.941596 -0.114556 -0.316808 96.9708
-0.313241 -0.0837798 0.946021 132.107 -0.133998 0.99005 0.0433114 6.95889 -0.940223 -0.113191 -0.321347 96.7404
-0.316317 -0.0851248 0.944873 132.779 -0.131869 0.990256 0.045069 6.9935 -0.939494 -0.110339 -0.324457 96.5028
-0.317635 -0.0872082 0.944245 133.446 -0.128142 0.99059 0.0483841 7.01309 -0.939565 -0.105621 -0.325817 96.2678
-0.318751 -0.0874613 0.943841 134.113 -0.127387 0.990667 0.0487814 7.05281 -0.93929 -0.104679 -0.326914 96.0372
-0.319291 -0.0823592 0.944123 134.775 -0.124733 0.991217 0.0442854 7.07873 -0.939463 -0.103616 -0.326756 95.8091
-0.317607 -0.0821463 0.944705 135.421 -0.124541 0.991238 0.0443239 7.1069 -0.940059 -0.103572 -0.325052 95.5886
-0.317453 -0.0827638 0.944707 136.07 -0.123296 0.991345 0.0454194 7.13004 -0.940275 -0.102053 -0.324907 95.3685
-0.315551 -0.0835359 0.945272 136.717 -0.122231 0.991411 0.0468119 7.16349 -0.941055 -0.100765 -0.323048 95.1487
-0.314541 -0.0844136 0.945535 137.357 -0.121111 0.991482 0.0482285 7.19311 -0.941538 -0.0993368 -0.322081 94.9332
-0.312648 -0.0854969 0.946062 137.99 -0.121606 0.991362 0.0494052 7.21935 -0.942105 -0.0995953 -0.320341 94.7233
-0.310671 -0.0857328 0.946696 138.622 -0.122269 0.99127 0.0496466 7.25247 -0.942673 -0.10032 -0.318437 94.5148
-0.307423 -0.0861723 0.947712 139.24 -0.121913 0.991265 0.0505876 7.28364 -0.943783 -0.0999819 -0.31524 94.3158
-0.301609 -0.0870919 0.949499 139.864 -0.121426 0.991234 0.0523506 7.31328 -0.94572 -0.0994966 -0.309537 94.1112
-0.297 -0.0882478 0.950841 140.471 -0.120905 0.991196 0.0542299 7.34493 -0.947245 -0.0988502 -0.305051 93.921
-0.291713 -0.0895184 0.952361 141.089 -0.121252 0.991055 0.0560171 7.37528 -0.948842 -0.0991268 -0.299954 93.7292
-0.28774 -0.0905983 0.953463 141.699 -0.12125 0.990966 0.0575725 7.40518 -0.950055 -0.0990364 -0.296122 93.548
-0.284577 -0.091833 0.954298 142.297 -0.121114 0.990885 0.0592388 7.43679 -0.951025 -0.0987123 -0.293101 93.3674
-0.28059 -0.0927694 0.955383 142.907 -0.120303 0.990883 0.0608859 7.47378 -0.952311 -0.0978468 -0.289189 93.183
-0.277618 -0.0944368 0.956092 143.498 -0.119699 0.990818 0.0631118 7.5008 -0.953259 -0.096914 -0.286369 93.0086
-0.273804 -0.0953604 0.957096 144.093 -0.120218 0.990677 0.0643164 7.54048 -0.954295 -0.097445 -0.282713 92.8379
-0.270237 -0.0954464 0.958105 144.68 -0.121559 0.990509 0.0643901 7.57383 -0.955143 -0.0990573 -0.279271 92.6754
-0.266568 -0.0956897 0.959104 145.257 -0.121291 0.990494 0.0651124 7.60691 -0.956206 -0.0989689 -0.275637 92.5163
-0.260782 -0.0963027 0.960637 145.832 -0.120426 0.990501 0.0666067 7.64666 -0.957911 -0.0983072 -0.269899 92.3558
-0.254979 -0.0973132 0.962087 146.403 -0.120878 0.990341 0.0681372 7.68499 -0.959414 -0.0989161 -0.264276 92.2082
-0.246116 -0.0988822 0.964238 146.98 -0.121129 0.990137 0.0706226 7.72374 -0.961695 -0.0994075 -0.255662 92.0672
-0.235953 -0.100297 0.966625 147.549 -0.120616 0.990005 0.0732829 7.75905 -0.964303 -0.0992939 -0.24569 91.9337
-0.223312 -0.101613 0.96949 148.116 -0.119494 0.989919 0.0762318 7.79602 -0.967448 -0.0988164 -0.2332 91.8006
-0.210342 -0.102827 0.972256 148.684 -0.118351 0.989832 0.079083 7.83791 -0.970491 -0.0984275 -0.220371 91.6799
-0.195351 -0.103661 0.975293 149.248 -0.11756 0.989719 0.0816487 7.87824 -0.973715 -0.0986973 -0.205526 91.5698
-0.176878 -0.10428 0.978744 149.815 -0.115774 0.989687 0.0845261 7.92265 -0.977453 -0.0983567 -0.187125 91.4736
-0.15645 -0.104941 0.982149 150.378 -0.11378 0.98965 0.0876198 7.96827 -0.981163 -0.0980326 -0.166769 91.3857
-0.134112 -0.105399 0.985396 150.939 -0.112045 0.989579 0.0905992 8.02217 -0.984665 -0.0982525 -0.144523 91.3167
-0.111999 -0.105762 0.988118 151.497 -0.110336 0.989511 0.093407 8.08273 -0.987617 -0.098555 -0.122492 91.2641
