0.99999 0.00137474 0.00429655 -0.0260044 -0.00136809 1 -0.00147134 -0.00427674 -0.00429832 0.00146537 0.999992 0.875853
0.999999 0.000531111 0.00230157 -0.0193503 -0.000531969 1 0.000269786 -0.018232 -0.00230193 -0.000271047 1 1.2467
0.999997 -0.000671579 0.00069488 -0.00301458 0.000671646 0.999997 0.00021545 -0.0213102 -0.000694514 -0.00021495 0.999997 1.22432
1 -0.000441922 0.000630092 -0.00431599 0.00044171 1 2.05657e-05 -0.0215427 -0.000630632 -2.03302e-05 1 1.22395
0.999997 -9.45091e-05 0.000456714 -0.00373981 9.46938e-05 0.999998 4.01404e-05 -0.0206628 -0.000456186 -4.00585e-05 0.999997 1.21453
1 0.000314593 0.000571285 -0.00615369 -0.000314215 1 -0.00111211 -0.0216447 -0.00057218 0.00111192 1 1.20305
0.999996 -0.000142979 -0.000740912 0.0115379 0.000143076 0.999999 -0.000154764 -0.0216796 0.000741566 0.000154628 0.999997 1.20259
1 -0.000763837 -0.000634474 -0.00104097 0.000764709 1 0.0017851 -0.028562 0.000632436 -0.00178558 1 1.1943
0.999996 -0.000860512 -0.00120101 -0.012336 0.000862751 0.999996 0.0015832 -0.0328743 0.00120034 -0.00158429 0.999995 1.20874
1 -0.00121283 -0.00233882 -0.0106166 0.00121213 1 -0.000174108 -0.0262148 0.00233835 0.000171397 1 1.21883
0.999993 0.000750975 -0.00221349 -0.00935986 -0.000753489 0.999997 -0.00125969 -0.00701857 0.00221321 0.00126115 0.999994 1.22621
1 -2.92589e-05 -0.00147748 -0.014537 2.95032e-05 1 0.000387303 -0.0331913 0.00147685 -0.000387123 1 1.21184
0.999994 0.0019058 -0.000170531 -0.0210069 -0.00190545 0.999996 0.000660305 -0.0301462 0.000172403 -0.00066031 0.999997 1.21881
1 -0.000164073 -0.00148639 0.00385855 0.000163599 1 -0.000107445 -0.0205436 0.00148578 0.000107514 1 1.20925
0.999995 -0.000393201 -0.00092822 -0.00655301 0.000393801 0.999999 0.000394103 -0.0218598 0.000928652 -0.000394747 0.999996 1.23655
1.00001 -0.000340317 -0.000646941 -0.00664433 0.000340242 1 0.000271994 -0.0231042 0.000646303 -0.000271914 1 1.21817
0.999994 0.000408666 -0.0001712 -0.0152758 -0.000408527 0.999999 -0.0006177 -0.0248425 0.000171433 0.00061748 0.999996 1.21191
1.00001 -1.74649e-05 -0.0010382 -0.00131194 1.65709e-05 1 -0.000566926 -0.0241233 0.00103768 0.000567184 1 1.20679
0.999992 0.00125737 -0.00166144 0.00151083 -0.00125648 0.999998 0.000386492 -0.0173769 0.00166248 -0.00038462 0.999994 1.21249
1 -0.00011853 -0.00160866 0.00452378 0.000117386 1 -0.000556305 -0.0169109 0.00160816 0.000556341 1 1.22494
0.999993 0.000168723 -0.00101297 -0.00737231 -0.000169411 0.999998 -0.000898454 -0.0216678 0.00101337 0.000898399 0.999994 1.23552
1.00001 0.000303383 -0.00087301 -0.00905877 -0.00030296 1 0.000711406 -0.0190941 0.000872657 -0.000710906 1.00001 1.23505
0.999992 -0.00166121 -0.00116931 0.00306235 0.00166339 0.999996 0.00170654 -0.0190919 0.00116709 -0.00170875 0.999993 1.23968
1 -0.000631911 -0.00129514 -0.00626226 0.000631745 1 2.37785e-05 -0.0242233 0.00129451 -2.43474e-05 1 1.20616
0.999994 -0.000298112 -0.0012423 -0.00151522 0.000297662 0.999999 -0.000518708 -0.0220284 0.0012431 0.0005181 0.999995 1.22018
1 -0.000454034 -0.00131003 -0.002241 0.000452393 1 -0.00112188 -0.0175918 0.00130994 0.00112149 1 1.21959
0.999994 0.000670252 -0.00122321 -0.00516587 -0.000669593 0.999999 0.00037781 -0.0263934 0.00122407 -0.000377231 0.999995 1.20841
1 -0.000876761 -0.00163084 0.000959037 0.000877338 0.999999 0.000459256 -0.0209255 0.00162987 -0.000460428 1 1.21204
0.999994 -0.000285796 -0.000864078 -0.00645428 0.000286465 1 0.000567788 -0.023034 0.00086447 -0.000568312 0.999995 1.21615
1 -0.000141806 -0.00198463 0.00552307 0.000142029 1 0.000208781 -0.0249945 0.00198406 -0.000208745 1 1.21625
0.999993 -0.000230542 -0.000939755 -0.00307999 0.000230598 1 -9.46252e-05 -0.0209656 0.000940383 9.40903e-05 0.999996 1.19468
1.00001 -0.000906941 -0.00085187 0.00188885 0.000907446 0.999999 0.000762919 -0.0222424 0.00085059 -0.000763311 1 1.2211
0.999994 0.000130063 -0.000531351 0.00209197 -0.000129336 0.999999 0.00113009 -0.0216396 0.000532101 -0.00113035 0.999996 1.21828
1.00001 0.000183314 -0.00105733 0.00395885 -0.000182509 1 0.00085835 -0.0237586 0.00105688 -0.000857856 1 1.23129
0.999993 0.000578653 -0.000590651 -0.00404998 -0.000578751 1 -0.000256163 -0.0268658 0.00059115 0.000256191 0.999996 1.21775
1.00001 0.00077561 -0.000510102 -0.00614916 -0.00077557 1 0.000240483 -0.0269811 0.000509633 -0.00023978 1 1.21922
0.99999 0.00253987 -0.000754835 0.000639559 -0.00253813 0.999994 0.00213499 -0.0254538 0.000761025 -0.00213342 0.999993 1.21171
1.00001 0.000368017 0.000481942 0.00466945 -0.000369711 0.999995 0.00332886 -0.02514 -0.000481485 -0.00332872 0.999999 1.21394
0.999994 0.000449442 0.000699735 0.00426095 -0.000451595 0.999995 0.00321489 -0.0247244 -0.00069752 -0.00321552 0.999991 1.22103
1 0.000298399 0.00195725 -0.016569 -0.000305491 0.999994 0.00357638 -0.0255703 -0.00195684 -0.00357661 0.999995 1.24236
0.999993 -0.000363141 0.000579693 0.000607101 0.000362252 0.999998 0.00159499 -0.0232637 -0.000579571 -0.00159514 0.999995 1.21459
1 -0.00143881 0.000867547 -0.00094246 0.00143961 1 -0.000966906 -0.0231502 -0.00086687 0.000968459 1 1.21787
0.999992 0.00175567 0.00040166 -0.00431516 -0.00175519 0.999997 -0.00107223 -0.0257821 -0.000402829 0.00107123 0.999995 1.2149
1 0.000141859 0.00251723 -0.0480498 -0.00014154 1 -0.000146795 -0.0239644 -0.00251789 0.000146626 1 1.20897
0.999991 -0.000268823 0.00115795 -0.0212694 0.000269991 0.999999 -0.00104475 -0.0136121 -0.00115692 0.00104489 0.999993 1.23493
1.00001 -0.00024886 0.000446428 -0.0261849 0.0002495 1 -0.00133118 -0.0171401 -0.000446852 0.00133144 1 1.21549
0.999991 0.000376164 -0.000645139 -0.0212001 -0.000375635 0.999999 0.000682082 -0.0237799 0.000646214 -0.000682035 0.999994 1.24061
1.00001 0.000178593 -0.00197908 -0.0052477 -0.000174837 0.999998 0.00190272 -0.0274449 0.00197881 -0.00190225 1 1.18894
0.99999 -0.000558765 -0.00118721 -0.00941167 0.000559397 1 0.000579881 -0.0283395 0.00118758 -0.000580664 0.999993 1.22769
1.00001 0.00113991 -0.000945972 -0.00879049 -0.00113976 0.999999 0.000136628 -0.0264277 0.000945473 -0.000135455 1.00001 1.24663
0.99999 0.000932844 -0.00132874 -0.000848561 -0.00093167 1 0.00084973 -0.0321143 0.0013302 -0.000848673 0.999994 1.20479
1.00001 -0.001524 -0.00079444 -0.00181753 0.00152358 0.999998 -0.000590302 -0.0247128 0.000794652 0.000589305 1 1.22586
0.99999 -0.00123631 -0.000841183 -0.00120831 0.0012351 0.999999 -0.00136192 -0.0188996 0.000843547 0.00136062 0.999994 1.21852
1.00001 -0.000728158 -0.00110202 -0.00266066 0.000729129 0.999999 0.000778183 -0.0154784 0.0011008 -0.000778693 1 1.21971
0.999991 -0.000551987 -0.000551289 -0.014109 0.00055278 1 0.00155835 -0.0241712 0.0005512 -0.00155894 0.999994 1.19407
1.00001 0.00114035 0.000768798 -0.0184139 -0.00113905 0.999997 -0.00156106 -0.0258666 -0.000771333 0.00156038 1 1.23015
0.99999 0.00154266 -0.000755721 0.000750559 -0.00154371 0.999999 -0.00126889 -0.0191334 0.000754467 0.00126982 0.999995 1.22171
1.00001 0.00196164 -7.77502e-06 -0.0183322 -0.00196159 0.999997 0.000355449 -0.0229272 7.78262e-06 -0.000355256 1 1.21567
0.99999 0.00184797 -0.000682606 -0.00308678 -0.00184776 0.999999 0.000444389 -0.0259918 0.000684108 -0.000443357 0.999996 1.20662
1.00001 0.00134908 9.61272e-05 -0.0109864 -0.00134914 0.999998 0.00148527 -0.0361657 -9.47738e-05 -0.0014852 1 1.21008
0.999991 0.000241422 0.000979912 -0.0101134 -0.000243501 0.999998 0.00200249 -0.035238 -0.000978798 -0.00200289 0.999993 1.21138
1 0.00236946 0.0023319 -0.0149522 -0.00237211 0.999997 0.00117807 -0.0264283 -0.00232969 -0.00118346 1 1.19684
0.999989 -0.00138178 0.00169865 0.00371951 0.00138486 0.999997 -0.00190912 -0.0311403 -0.00169544 0.00191128 0.999993 1.20919
1 -0.00293552 0.00174653 0.00649651 0.00294486 0.999983 -0.00525362 -0.0232422 -0.00173166 0.0052589 0.999989 1.20851
0.999991 0.000817688 0.00120713 0.00569546 -0.00081764 0.999999 -0.00017818 -0.0181763 -0.00120667 0.000177033 0.999995 1.19003
1.00001 -0.00132553 0.00215093 0.00450188 0.00131982 0.999996 0.00270075 -0.0137365 -0.0021552 -0.00269769 0.999998 1.19085
0.999979 0.00131247 0.00481543 -0.0175275 -0.00131774 0.999998 0.00108891 -0.0250876 -0.00481317 -0.00109546 0.999984 1.18132
0.999997 0.00222175 0.00358195 0.00946391 -0.00221094 0.999996 -0.0030423 -0.00821479 -0.00358953 0.00303448 0.999994 1.20064
0.999987 0.00174028 0.00329004 0.0036084 -0.00172452 0.999984 -0.00476131 -0.0105537 -0.00329741 0.00475558 0.999978 1.18165
0.999999 4.98359e-05 0.00380763 -0.00220882 -3.3453e-05 0.999994 -0.00432401 -0.0132786 -0.00380866 0.00432384 0.999988 1.17268
0.999987 6.73875e-05 0.00357789 0.00059143 -6.02349e-05 0.999995 -0.00196274 -0.0149514 -0.0035772 0.00196246 0.999987 1.17971
0.999998 -0.000783874 0.00385621 -0.00542901 0.000779638 1 0.00106177 -0.0142732 -0.00385789 -0.0010587 0.999996 1.16734
0.999986 0.00111498 0.00381397 -0.00331623 -0.00111437 0.999997 -0.00013142 -0.0184486 -0.00381318 0.00012709 0.999989 1.18736
1 -0.00117238 0.00224287 0.0115888 0.0011777 0.999999 -0.00245117 -0.0186944 -0.00224088 0.0024539 0.999998 1.1673
0.999992 -0.000142274 0.00208101 0.00890196 0.000148426 0.999993 -0.00283845 -0.0215263 -0.0020797 0.00283868 0.99999 1.15835
1 -8.81742e-05 0.00267057 -0.000369291 8.77749e-05 1 7.22565e-05 -0.0220263 -0.00267149 -7.18818e-05 1 1.16663
0.999992 -0.00112294 0.00211977 0.00610479 0.00112056 0.999996 0.00122399 -0.0137222 -0.00212023 -0.00122172 0.999994 1.17077
1 -0.000503068 0.00195013 0.00856264 0.000500394 1 0.00122641 -0.0151395 -0.00195165 -0.00122531 1 1.17835
0.999992 -0.00184276 0.00145433 0.00951461 0.00184073 0.999995 0.00160123 -0.0209216 -0.0014564 -0.00159861 0.999995 1.17017
0.999988 -0.00167597 0.00556966 -0.0406637 0.00167088 1 0.00085811 -0.0165783 -0.00557196 -0.000848745 0.999987 1.16492
0.999995 -0.000683641 0.00113198 0.00644967 0.000685996 0.999996 -0.00166472 -0.0324826 -0.00112978 0.00166532 0.999996 1.16955
1 -0.00178036 0.00129917 0.00124259 0.00178492 0.999995 -0.00386517 -0.0174989 -0.00129331 0.00386758 0.999996 1.18441
0.999995 0.000447421 0.000459783 0.00810916 -0.00044564 0.999991 -0.00294563 -0.0186217 -0.000460026 0.00294539 0.999991 1.17797
1.00001 -0.000135315 0.000562551 0.00693237 0.000135299 1 -0.000806504 -0.0147269 -0.000563472 0.000806618 1 1.18747
0.999993 0.00141499 -0.000779643 -0.00223868 -0.00141351 0.999995 0.00102964 -0.0151491 0.000782349 -0.00102868 0.999995 1.14924
0.999999 -0.000857686 -0.00376271 0.0461425 0.000865232 1 0.00208316 -0.0314102 0.00375999 -0.00208647 0.999995 1.20486
0.999987 -0.000970352 -0.0034116 0.0461543 0.000977832 0.999994 0.00209819 -0.0310731 0.00341045 -0.00210151 0.999988 1.20532
0.999997 -0.000840716 -0.00380599 0.0129301 0.000843907 1 0.000934032 -0.0278178 0.00380441 -0.000937211 0.999994 1.19033
0.999991 -0.000324278 -0.00403091 0.0104872 0.000327061 0.999996 0.000583095 -0.0267762 0.00403157 -0.000584464 0.999992 1.21124
0.999984 -0.00256869 -0.00539332 0.00788632 0.00256175 1 -0.00120141 -0.0284505 0.00539554 0.00118765 0.999985 1.20871
0.999981 0.0016056 -0.00572392 0.00564105 -0.00160476 0.999994 6.05339e-05 -0.0288339 0.00572489 -5.13654e-05 0.999984 1.20795
0.999988 -0.000665162 -0.00525453 0.0182864 0.000664496 1 -2.01164e-05 -0.0214343 0.00525392 1.66659e-05 0.999986 1.26244
0.999986 0.000817909 -0.00480937 -0.00777323 -0.000808591 0.999994 0.00182808 -0.0308294 0.00481163 -0.00182423 0.999989 1.24114
0.999991 -0.000529837 -0.00466987 -0.0358873 0.000533355 1 0.00084753 -0.0238035 0.00466873 -0.000849955 0.999987 1.20906
0.999989 3.95278e-05 -0.00448272 -0.0212773 -3.72916e-05 0.999998 0.000401039 -0.0192354 0.00448361 -0.000400892 0.999993 1.23196
0.999982 0.00288378 -0.00546761 -0.0224058 -0.00287392 0.999996 0.00188257 -0.0171327 0.00547203 -0.00186687 0.999981 1.23177
0.999975 0.000305595 -0.00694646 -0.0388239 -0.000296411 0.999997 0.00123465 -0.0501486 0.00694811 -0.00123268 0.999979 1.18345
0.999982 -0.000349642 -0.00614728 -0.0177773 0.000353261 1 0.000650198 -0.0513076 0.00614655 -0.000652401 0.999976 1.24667
0.999986 -6.28728e-05 -0.00526327 -0.0110699 6.5202e-05 0.999997 0.000350171 -0.0545281 0.00526381 -0.000350482 0.999991 1.28086
0.999993 0.00182907 -0.00337943 -0.00769952 -0.00182323 0.999999 0.00187171 -0.0521867 0.00338229 -0.00186557 0.999988 1.27934
0.999988 0.00109578 -0.00494333 0.0329423 -0.00109131 0.999997 0.000811327 -0.0489159 0.00494479 -0.000805919 0.999991 1.28519
1 0.000590667 0.000693542 -0.0360604 -0.000591819 1 0.00044424 -0.0352011 -0.000693878 -0.000444632 0.999996 1.25686
0.999999 0.00158063 -0.000324854 -0.025062 -0.00157953 0.999997 0.000758617 -0.0291267 0.00032667 -0.000758124 1 1.28554
0.999998 0.00172758 -0.000166266 -0.0306853 -0.00172827 0.999999 0.00111575 -0.019263 0.000167615 -0.00111544 0.999996 1.28239
1 -0.000381979 0.00052632 -0.0303643 0.00038254 0.999998 0.000567998 -0.0231543 -0.000525913 -0.000567869 1 1.26678
0.99999 0.00436221 0.000118343 -0.034188 -0.00436333 0.99999 0.00221493 -0.0216601 -0.000109323 -0.00221535 0.999995 1.28081
1 0.00100271 -0.00122209 -0.000979432 -0.000997895 0.999992 0.00318641 -0.0213443 0.00122587 -0.00318522 0.999997 1.26113
0.999998 -0.00157493 -0.000910224 -0.0216692 0.00157322 1 -0.00089749 -0.00726013 0.000911094 0.000896125 0.999996 1.30001
1 -0.000204571 -0.000700814 -0.0151923 0.000204096 0.999995 -0.00193044 -0.0149216 0.000701757 0.00193023 1 1.30222
0.999992 -0.00335494 -0.00203739 0.00183299 0.00335548 0.999998 0.000674567 -0.0132057 0.00203463 -0.000681405 0.999994 1.29777
0.999993 -0.00258288 -0.00282168 0.0100288 0.0025877 0.999993 0.0014049 -0.01722 0.00281856 -0.00141213 1 1.28177
0.999992 -0.00375712 -0.00161751 0.00602942 0.00375855 0.999995 0.00141257 -0.0175557 0.00161168 -0.00141871 0.999992 1.28151
0.999998 -0.00210727 -0.000598733 -0.00582822 0.00210847 0.999994 0.000655001 -0.0177735 0.000597794 -0.000656219 1 1.27428
0.999992 -0.00387049 0.000167042 -0.0040094 0.00386997 0.999995 -0.00158675 -0.0267652 -0.000161433 0.00158734 0.999995 1.28767
0.999995 -0.0029796 -0.00155787 0.00771669 0.00297882 0.999992 -0.00101201 -0.0217176 0.00156134 0.00100736 1 1.29999
0.999998 -0.00133495 -0.00121683 0.00953322 0.00133387 1 -0.000259824 -0.0211806 0.00121673 0.000258189 0.999995 1.282
1 -7.50193e-05 -0.000679099 0.0035599 7.6041e-05 0.999997 0.000299977 -0.0180545 0.000679473 -0.000300001 1 1.28108
0.999999 6.36904e-05 -0.00106333 0.00884447 -6.29625e-05 1 0.00149689 -0.00959095 0.00106301 -0.0014969 0.999994 1.29118
0.999997 0.00241407 -0.000844188 0.00754968 -0.00241251 0.999995 0.000857641 -0.0110887 0.000846619 -0.000855529 1 1.29088
0.999999 0.000307874 0.000706405 -0.0121217 -0.000307059 0.999999 -0.00232832 -0.0127988 -0.000707445 0.00232809 0.999993 1.29595
0.999999 0.00109065 0.00062474 -0.0113951 -0.0010885 0.999995 -0.00218582 -0.0123179 -0.00062683 0.00218511 1 1.2934
1 -4.8177e-05 -2.93597e-05 -0.00432411 4.7313e-05 0.999997 -0.00303516 -0.0185728 2.91622e-05 0.00303517 0.999992 1.31965
0.999999 -0.00121759 0.000236443 -0.00821353 0.00121941 0.999988 -0.00432563 -0.0226428 -0.000230786 0.00432589 0.999994 1.28664
1 -0.000128023 -4.21422e-05 -0.0064629 0.000127094 0.999995 -0.00356896 -0.0228632 4.22041e-05 0.00356894 0.99999 1.29841
1 -0.000151737 -0.000243811 -0.00895504 0.000152256 0.999997 -0.00126715 -0.0216856 0.000244364 0.00126714 1 1.29653
1 0.00038502 -0.000269421 -0.00575102 -0.00038574 1 0.000413992 -0.0253322 0.000269211 -0.000413924 0.999996 1.26426
1 0.00065717 -0.000822463 -0.00806163 -0.000655866 0.999998 0.000676848 -0.0271392 0.000823348 -0.000676297 1 1.30612
0.999999 0.000645563 -0.000312337 -0.00380519 -0.000645985 1 0.00110483 -0.0239542 0.000312502 -0.00110464 0.999995 1.27546
1 0.000482012 -0.000826058 -0.00218282 -0.000480857 0.999999 0.000506233 -0.0216664 0.00082687 -0.000505907 1 1.28327
0.999997 0.000191808 -0.00197756 0.00845168 -0.000193219 1 -0.000302937 -0.0243589 0.00197693 0.000303347 0.999993 1.2645
0.999999 0.000898566 -0.00147242 3.60548e-05 -0.000896522 0.999999 0.000899623 -0.0299695 0.00147381 -0.000898389 1 1.26867
0.999999 -0.000470744 -0.00113853 -0.00314252 0.000471457 0.999999 0.00123952 -0.0251248 0.0011374 -0.00124006 0.999994 1.31063
1 0.000657666 -5.19952e-05 -0.0224696 -0.000656958 1 0.000463062 -0.0289611 5.29096e-05 -0.000462997 1 1.33602
0.999995 0.000574797 -0.00247382 0.0151843 -0.000577714 1 -0.000919681 -0.0244191 0.00247269 0.000921082 0.999991 1.25836
1 0.000233707 0.000307802 -0.0235493 -0.000232738 0.999999 -0.000692879 -0.0316323 -0.000307246 0.000692675 1.00001 1.282
0.999998 0.000840635 -0.00105871 -0.00250564 -0.000840847 1 0.000384521 -0.0291613 0.00105837 -0.000383529 0.999994 1.26096
1 -0.000416988 -0.00120579 -0.0041217 0.000416266 0.999999 -0.00107874 -0.0218643 0.00120692 0.0010781 1.00001 1.316
0.999999 0.000563226 -0.000674649 -0.0121887 -0.000564577 0.999999 -0.0011679 -0.0216181 0.000673306 0.00116844 0.999992 1.2844
0.999999 0.000287811 -0.00214079 0.00566614 -0.000285847 1 0.000670325 -0.0275823 0.00214161 -0.00066988 1.00001 1.28665
0.999998 0.000630677 -0.000954886 -0.00964143 -0.000629846 0.999999 0.00149256 -0.0257345 0.000955229 -0.00149176 0.999991 1.28617
0.999997 0.000406718 -0.00240985 0.0087125 -0.00040532 1 0.000295917 -0.0188529 0.00241064 -0.00029515 1 1.27713
0.999998 0.000666722 -0.00187147 -0.00564697 -0.000667388 1 3.80699e-05 -0.0175862 0.00187078 -3.66832e-05 0.999992 1.27647
0.999998 0.00108965 -0.00119069 -0.00792502 -0.00108877 0.999999 0.000172718 -0.0191971 0.00119152 -0.000171589 1.00001 1.27105
1 0.000353556 0.000433627 -0.0320274 -0.000353941 1 -0.000655207 -0.0276221 -0.000434514 0.000655175 0.999994 1.29337
0.999999 0.00104957 -0.0011656 -0.00391209 -0.0010499 0.999999 -0.000845788 -0.0174203 0.0011654 0.000846893 1.00001 1.29088
0.999999 0.000599329 0.000163838 -0.0244141 -0.000600058 1 0.000117165 -0.0184768 -0.000164437 -0.000117108 0.999994 1.2883
1 -7.79332e-05 0.000742205 -0.0248072 7.96603e-05 0.999999 -0.00138463 -0.0218823 -0.00074139 0.00138452 1.00001 1.29199
0.999999 -0.0012989 -0.000400392 -0.00767713 0.00129782 0.999998 -0.00102881 -0.0290856 0.000401038 0.00102843 0.999992 1.27818
0.999995 -0.00308747 -0.000785107 0.00155023 0.00308843 0.999995 0.000321628 -0.0250571 0.000784839 -0.000324221 1.00001 1.28009
0.999999 0.000262601 -0.00170772 0.0106381 -0.000256548 0.999993 0.00393353 -0.022835 0.001708 -0.00393301 0.999984 1.30952
1 -0.00109287 -0.000241909 -0.00217842 0.00109464 0.99999 0.0041025 -0.0212797 0.000238197 -0.00410285 0.999999 1.29779
0.999999 0.00122708 -0.000336772 -0.00562424 -0.001228 1 -0.000393779 -0.0257661 0.000335541 0.000394308 0.999992 1.26066
0.999998 0.00192422 9.62687e-05 -0.0115175 -0.00192313 0.999993 -0.00290169 -0.0270396 -0.000101145 0.00290139 1 1.26653
1 0.000238795 -0.000398846 -0.00998148 -0.000240321 1 -0.00178638 -0.0248457 0.000397662 0.00178657 0.99999 1.24593
0.999999 0.000590896 0.000840775 -0.0190696 -0.00058988 0.999998 -0.000229644 -0.0176661 -0.0008401 0.000229149 1.00001 1.25775
0.999999 0.00092934 0.000849859 -0.0152699 -0.000930903 1 0.000925057 -0.0160894 -0.000849794 -0.000925871 0.999991 1.25361
0.999999 0.000549962 0.00131264 -0.0193605 -0.000550968 0.999998 0.00141914 -0.0171571 -0.00131105 -0.00141982 1.00001 1.26837
0.999999 0.000583526 0.00114801 -0.0148089 -0.000584618 1 0.00023017 -0.0150166 -0.00114869 -0.00023084 0.99999 1.28923
1 0.00111309 0.00067832 -5.21134e-05 -0.00111156 0.999998 -0.00104444 -0.0144195 -0.000678681 0.00104368 1.00001 1.25188
0.999998 -0.000551889 0.00161012 -0.00534186 0.00055461 0.999998 -0.00223869 -0.0182652 -0.00160971 0.00223961 0.999987 1.24312
0.999999 0.000442507 0.00169816 -0.00743998 -0.000438674 0.999998 -0.0017458 -0.0219031 -0.00169806 0.00174505 1.00001 1.2448
0.999999 -0.000415162 0.00143589 -0.00499396 0.00041537 1 -0.000757281 -0.0212709 -0.00143642 0.000757885 0.999989 1.24407
1 0.000298108 0.000716707 0.0015055 -0.000297576 0.999999 0.000507611 -0.0240843 -0.000715674 -0.000507794 1.00001 1.23295
0.999998 -0.00028771 0.00170831 -0.0102636 0.000283012 0.999999 0.00219958 -0.0263071 -0.00170996 -0.00219919 0.999987 1.22602
1 0.0010497 0.000829059 -0.00768153 -0.00104937 0.999998 0.000768818 -0.0276601 -0.000827257 -0.000769534 1.00001 1.22534
0.999999 0.000340935 -0.000250144 0.000755118 -0.000341893 1 0.00016509 -0.0238916 0.000249252 -0.000165168 0.999991 1.20635
1 8.87195e-05 -0.000826795 0.0119612 -8.78862e-05 0.999999 -0.000198299 -0.0215219 0.000827789 0.000198507 1.00001 1.2256
0.999997 -0.000328177 0.00179206 -0.0345719 0.00032634 1 0.000489756 -0.0311216 -0.0017931 -0.000489314 0.999989 1.19014
1 0.000213054 0.00138976 -0.020144 -0.000212472 1 0.000225851 -0.0302462 -0.00138883 -0.000225969 1.00001 1.21223
0.999998 2.68259e-05 0.00151722 -0.0204167 -2.83382e-05 1 0.000380967 -0.0284971 -0.00151811 -0.000381188 0.99999 1.20797
1 -0.000589376 0.00109309 -0.0125937 0.00059068 0.999999 -0.000332905 -0.0227162 -0.00109204 0.000333727 1.00001 1.17724
0.999999 0.000143888 9.08935e-05 -0.00719131 -0.0001449 1 0.000875528 -0.0245777 -9.15848e-05 -0.000875755 0.999991 1.16301
1 -0.0008241 -0.000406188 -0.00595156 0.000825439 0.999999 0.00102357 -0.0251212 0.000406139 -0.00102367 1.00001 1.16551
0.999998 -0.000118136 -0.000967539 -0.00755718 0.000117124 1 -3.65586e-05 -0.0268906 0.000966729 3.625e-05 0.99999 1.16045
1 0.000643767 -0.000871638 -0.00077452 -0.000643229 0.999999 -0.000482912 -0.0302987 0.000872187 0.000483647 1.00001 1.10087
0.999998 -1.06445e-05 -0.000202733 -0.0134961 9.58573e-06 1 -0.000585533 -0.0261768 0.000201864 0.000585338 0.999991 1.10315
1 0.000334782 -0.000579296 -0.00719074 -0.000333789 1 0.000184524 -0.0272635 0.000580356 -0.000184062 1.00001 1.07991
0.999997 -0.00027491 -0.00127417 -0.00785632 0.000273945 1 -3.79123e-05 -0.024253 0.00127322 3.72546e-05 0.99999 1.07614
1 -0.000316102 -0.00237089 -0.000950397 0.000319615 0.999999 0.00111028 -0.0239427 0.00237149 -0.00111076 1.00001 1.06133
0.999994 -0.000687573 -0.0025137 -0.00156336 0.000691725 0.999999 0.00197162 -0.0249492 0.00251137 -0.00197359 0.999986 1.04064
1 0.00130766 -0.002345 -0.00811499 -0.00130208 0.999996 0.00204042 -0.0231854 0.00234887 -0.00203718 1 1.1011
0.999982 0.000335877 -0.00555244 0.0375479 -0.000333912 1 0.000488798 -0.0296316 0.00555153 -0.000487193 0.999975 0.961739
0.999998 -7.4813e-05 -0.0029909 -0.00596567 7.12856e-05 0.999999 -0.00143027 -0.0105079 0.00299223 0.00143025 1 1.07018
0.99999 1.73848e-05 -0.00385324 0.00207677 -2.04432e-05 1 -0.000640601 -0.00773081 0.00385209 0.000640358 0.999984 0.987018
0.999998 0.000996944 -0.00277701 -0.0111829 -0.000996242 1 4.05157e-05 -0.0202069 0.00277823 -3.74117e-05 1.00001 0.950373
0.999993 0.000318814 -0.00303929 -0.00823714 -0.000320689 1 -0.000424469 -0.0220836 0.00303798 0.000425088 0.999986 0.932614
0.999995 -0.00016817 -0.00384202 -0.00328534 0.000166484 1 -0.000594099 -0.0198604 0.00384332 0.000593853 1 0.911455
0.999995 0.000421088 -0.00169633 -0.028043 -0.000422933 0.999999 -0.000767016 -0.0207657 0.00169481 0.000767296 0.999988 0.885874
1 0.00132813 -0.00134268 -0.029455 -0.0013281 1 -0.000370528 -0.0201886 0.00134337 0.000372715 1.00001 0.875758
0.999995 0.000284395 -0.00223853 -0.0193223 -0.000286348 0.999999 -0.000710352 -0.021754 0.00223713 0.000710565 0.999987 0.841214
1 0.00168751 -0.00190606 -0.0186954 -0.001687 0.999999 7.09437e-05 -0.0212426 0.00190736 -6.7319e-05 1.00001 0.839269
0.999997 0.000907009 -9.78091e-05 -0.0140694 -0.000907388 0.999999 0.000416962 -0.017249 9.69362e-05 -0.000417324 0.99999 0.801474
1 -0.000186685 0.000738011 -0.0128082 0.00018652 1 0.000833048 -0.0180424 -0.000736905 -0.000832416 1.00001 0.794236
0.999997 5.14185e-05 0.000726693 -0.00893675 -5.23514e-05 0.999999 0.000741528 -0.0199464 -0.000727914 -0.00074205 0.999989 0.760847
1 0.000645715 0.000745781 -0.00876454 -0.000645166 1 -0.000179638 -0.0175322 -0.0007446 0.000179632 1.00001 0.756879
0.999997 -0.000142587 0.000663318 -0.00812583 0.000143419 0.999998 -0.00190296 -0.0207712 -0.000664374 0.00190263 0.999987 0.740119
1 0.000321511 0.000767929 -0.00102095 -0.000319649 0.999999 -0.00185592 -0.0179279 -0.000767171 0.00185603 1.00001 0.74138
0.999997 7.93216e-05 0.00108225 -0.00455301 -7.83628e-05 0.999999 -0.00127632 -0.0155024 -0.00108355 0.00127587 0.999988 0.72669
1 0.000513929 0.00161979 -0.00620862 -0.000513205 1 -0.00018215 -0.0160092 -0.00161869 0.000181694 1.00001 0.7327
0.999995 -0.000538799 0.00215668 -0.00668731 0.000538561 0.999999 -8.06464e-05 -0.0135402 -0.00215778 8.14005e-05 0.999987 0.739667
1 0.000680363 0.00213348 -0.00385246 -0.000678599 1 -0.00064144 -0.00511793 -0.00213263 0.000640388 1.00001 0.722446
0.999996 0.000430887 0.00103773 0.00861193 -0.000430524 0.999998 -0.000758719 -0.00580878 -0.00103927 0.000757867 0.999987 0.722005
1 -0.00119281 0.000234492 0.0236082 0.00119349 1 -0.000865577 -0.0108597 -0.000232227 0.000866243 1.00001 0.722743
0.999994 1.48704e-05 0.00180369 0.0133537 -1.76138e-05 0.999999 0.00121342 -0.0222907 -0.00180487 -0.00121386 0.999987 0.717654
1 -0.0012397 0.00159203 0.0195187 0.00123767 0.999999 0.00160823 -0.0245819 -0.00159278 -0.00160587 1.00001 0.707872
0.999994 -0.00120008 0.00172662 0.0157818 0.00119614 0.999996 0.00202181 -0.0364873 -0.00173023 -0.00202011 0.999984 0.708434
0.999999 -0.000389407 0.00344229 -0.00433165 0.000388712 1 0.000327963 -0.0174904 -0.0034412 -0.000326367 1.00001 0.712118
0.999993 -0.000480305 0.00230971 0.00666406 0.000481316 0.999999 -0.000620401 -0.00973486 -0.00231065 0.000621338 0.999986 0.699407
1 -0.000781498 0.00203407 0.0101177 0.000783207 1 -0.000627562 -0.0109483 -0.00203229 0.00062928 1.00001 0.709411
0.999991 0.000939899 0.00329475 -0.00668368 -0.000936118 0.999999 -0.0013051 -0.00782065 -0.00329724 0.00130183 0.999983 0.691805
1 -0.000415 0.00153796 0.0127659 0.000416621 1 -0.00071338 -0.0111557 -0.00153639 0.000714284 1.00001 0.722502
0.999996 0.000253635 0.00126759 0.0126085 -0.00025494 1 0.000594176 -0.00904977 -0.00126864 -0.000594754 0.999988 0.706119
1 0.000132848 0.00197627 0.00228803 -0.000133088 1 0.000409862 -0.00982484 -0.00197503 -0.000409873 1.00001 0.708817
0.999994 -0.000633072 0.00188586 0.00366832 0.000633394 1 -0.000512526 -0.0114574 -0.00188665 0.000513479 0.999986 0.722777
1 -0.0002188 0.00272 -0.00457444 0.000225633 0.999998 -0.00227535 -0.00898877 -0.00271839 0.0022762 1.00001 0.71689
0.999994 0.000568995 0.00199205 -0.00399729 -0.000564791 0.999997 -0.00242193 -0.00954379 -0.00199455 0.00242054 0.999983 0.719649
1 -0.00149552 0.00125265 -0.00185754 0.00149788 0.999998 -0.00138306 -0.0106544 -0.00124946 0.00138521 1.00001 0.725883
0.999996 0.000375476 -8.20805e-05 0.000526174 -0.000376146 0.999999 -0.000718353 -0.00765593 8.06857e-05 0.000718148 0.999987 0.731844
1 -0.00138974 -0.000376901 0.0036641 0.00139015 0.999999 -0.000650468 -0.00852325 0.000378954 0.000650225 1.00001 0.736031
0.999995 0.00127858 0.000285164 -0.00337991 -0.00127923 0.999999 -0.000402283 -0.00820491 -0.0002868 0.000401704 0.999987 0.751162
1 -1.26078e-05 -0.000549838 0.000474745 1.32594e-05 1 -0.000306028 -0.00937374 0.000550954 0.000306251 1.00001 0.747474
0.999996 -0.000451609 -8.22029e-06 0.000954605 0.000450765 0.999998 -0.0021235 -0.00746384 8.07504e-06 0.00212329 0.999985 0.756419
0.999995 -0.00410599 7.85199e-05 0.00628269 0.00410698 0.999988 -0.00268352 -0.00567566 -6.63719e-05 0.00268405 1.00001 0.760415
0.999992 -0.00306746 0.000535417 0.00305675 0.00306739 0.999994 -0.0013586 -0.00252998 -0.000532384 0.00135998 0.999988 0.776408
0.999998 0.00315553 0.000435306 -0.00299292 -0.00315635 0.999988 0.0036844 0.000887228 -0.000422569 -0.00368547 1 0.781133
0.999989 0.00382551 0.000554783 -0.00763715 -0.00382963 0.999972 0.00629882 -0.0145547 -0.000531784 -0.00630123 0.999969 0.812487
1 -0.00154025 -6.48321e-07 0.00804312 0.00154107 0.999992 0.00409789 -0.024824 -4.53909e-06 -0.00409758 1 0.800402
0.999995 -0.000889103 0.00174508 0.00317259 0.000891677 0.999997 -0.0019406 -0.0167074 -0.00174451 0.0019419 0.999986 0.788993
0.999988 0.0012864 0.0052813 -0.0152283 -0.00125469 0.999982 -0.00586322 -0.0135611 -0.00528758 0.00585675 0.999978 0.793391
0.999986 0.00190006 0.00443114 -0.0121094 -0.00188447 0.999992 -0.0036873 -0.00977585 -0.00443929 0.00367869 0.999974 0.817318
0.999995 0.00138398 0.00359548 -0.00743431 -0.00138513 0.999999 0.000516477 -0.0123254 -0.00359357 -0.000521206 1 0.834572
0.999988 -0.0013773 0.00399561 -0.00972957 0.00136837 0.999997 0.00205923 -0.00950404 -0.0039996 -0.002054 0.999981 0.846818
0.999992 -0.00278839 0.00363516 -0.00556135 0.00277804 0.999992 0.00304154 -0.0106229 -0.00364244 -0.00303114 0.999999 0.840833
0.999993 -0.00232697 0.00218932 0.00797363 0.00232348 0.999996 0.00122248 -0.0107141 -0.00219325 -0.00121771 0.999987 0.849888
0.999995 0.000365521 0.00385775 -0.0114064 -0.00036618 1 0.00036858 -0.0122412 -0.00385658 -0.000369784 1 0.845314
0.999992 0.00220539 0.0026764 -0.0082158 -0.00220217 0.999997 -0.00150333 -0.0176572 -0.00268085 0.00149727 0.999986 0.845607
1 0.00039096 0.00116135 0.0115044 -0.000387525 0.999996 -0.00213743 -0.0150666 -0.00116097 0.0021372 1.00001 0.844149
0.999993 0.000769573 0.00311741 -0.0152777 -0.00077024 1 -0.000108322 -0.0083657 -0.00311867 0.000105666 0.999985 0.835196
0.999998 0.000850534 0.00289243 0.00188138 -0.000853191 0.999998 0.00124183 -0.00511131 -0.00289 -0.00124406 1.00001 0.868135
0.999986 0.00243807 0.00425916 -0.0183352 -0.00244395 0.999998 0.00114021 -0.0113443 -0.00425772 -0.00115084 0.999979 0.843915
0.999997 0.000966788 0.00310048 -0.0117333 -0.000964886 0.999997 -0.000286554 -0.0121645 -0.00309945 0.000283803 1.00001 0.843292
0.999993 1.66117e-05 0.00330913 -0.00751431 -1.44828e-05 1 -0.00095326 -0.0104339 -0.00331045 0.000953048 0.999984 0.8585
0.999998 -0.00164914 0.00258516 0.00266029 0.0016522 0.999997 -0.000807601 -0.00837915 -0.00258247 0.000812012 1.00001 0.878526
0.999993 -0.00281148 0.00154991 0.00520024 0.00281022 0.999998 0.000173226 -0.0066799 -0.00155172 -0.000169029 0.999988 0.860348
1 -0.00177032 0.000149655 0.00757173 0.0017714 0.999997 -0.000202551 -0.0136171 -0.000147986 0.000202979 1.00001 0.860823
0.999998 -0.0009387 -0.000557293 0.0114083 0.000937452 1 -0.000327542 -0.010142 0.000556327 0.000326842 0.999989 0.880039
1 -0.000555071 0.000499835 -0.00346648 0.000556481 0.999998 -0.000763855 -0.00726482 -0.00049811 0.000764274 1.00001 0.874048
0.999998 0.000173705 0.000229839 -0.00998947 -0.000174729 1 0.000114053 -0.00888235 -0.000231103 -0.00011424 0.999989 0.87652
1 0.000469535 0.00157179 -0.0317676 -0.000467978 0.999999 -0.000333104 -0.00970552 -0.00157067 0.000332499 1.00001 0.875014
0.999997 7.45062e-05 -0.000310521 -0.0199334 -7.59674e-05 1 -0.0012241 -0.0113142 0.000309138 0.00122389 0.999988 0.855803
1 4.5616e-05 -0.00160082 -0.00502688 -4.75293e-05 0.999997 -0.00196158 -0.00772454 0.00160198 0.00196186 1.00001 0.866955
0.999989 0.000689696 -0.00377382 0.0140667 -0.00069634 1 -0.00144031 -0.00677252 0.00377158 0.00144264 0.999979 0.870788
1 0.000767058 -0.000837838 -0.0132908 -0.000766623 0.999998 -0.000880852 -0.0117036 0.000838508 0.000881846 1.00001 0.859013
0.999994 0.00182123 -0.000151876 -0.0357829 -0.00182244 1 -0.000305886 -0.0100574 0.000149997 0.000305799 0.999988 0.834125
1 0.000274398 -0.00279321 -0.000495777 -0.000269945 0.999998 0.00117344 -0.0232891 0.00279485 -0.00117222 1.00001 0.876401
0.999992 0.000136445 -0.00292984 -0.00314888 -0.000134818 1 0.000971616 -0.00793998 0.00292871 -0.000971696 0.999982 0.877274
0.999998 -0.000594035 -0.00348375 -0.0160331 0.000601961 0.999998 0.00192449 -0.00493859 0.00348393 -0.00192607 1.00001 0.85241
0.999983 -0.000589497 -0.00501356 -0.00522415 0.000592813 1 0.000911732 -0.00884499 0.00501176 -0.00091517 0.999972 0.863453
0.999984 -0.000170562 -0.00645661 0.00631744 0.000175799 1 0.000595287 -0.0100491 0.00645782 -0.000595985 0.999995 0.834047
0.999978 0.000864441 -0.00581652 0.00226676 -0.000869196 0.999999 -0.000575139 -0.00252509 0.00581463 0.000579766 0.999967 0.841214
0.999982 -0.000865666 -0.00673413 0.0149641 0.000870585 1 0.000528831 -0.0213971 0.00673514 -0.00053424 0.999993 0.830679
0.99999 -0.000698224 -0.00370403 -0.0229966 0.000696754 1 -8.62481e-05 -0.0127914 0.00370266 8.31901e-05 0.999979 0.794499
0.999994 0.000328651 -0.00401614 -0.00785034 -0.000329275 1 -0.000430783 -0.0134751 0.00401739 0.000432589 1.00001 0.801601
0.999989 0.000814342 -0.00436673 -0.00471189 -0.000817551 1 -0.00047621 -0.0111067 0.00436495 0.000479341 0.999976 0.7735
0.999995 0.00151778 -0.0030367 -0.0134598 -0.00151528 0.999998 0.000481199 -0.0158858 0.00303884 -0.000476248 1.00001 0.75388
0.999992 -0.000436382 -0.00353614 -0.0126419 0.000434564 1 -0.000209754 -0.012606 0.00353486 0.000207901 0.999979 0.730729
0.999991 -0.00174668 -0.00411904 -0.0115836 0.00174484 0.999998 -0.000711998 -0.0157682 0.00412162 0.000705124 1.00001 0.715426
0.999987 0.00123368 -0.00491255 -0.0118642 -0.00124356 0.999999 -0.00178203 -0.00963687 0.00490908 0.00178773 0.999973 0.693633
0.999977 0.00198266 -0.00655917 -0.0117995 -0.00199811 0.999994 -0.002516 -0.00547723 0.00655539 0.00252943 0.999989 0.685464
0.999963 0.000353666 -0.00857341 -0.0227304 -0.00036941 0.999998 -0.00169745 -0.020117 0.00857167 0.00170008 0.999948 0.640483
0.999946 -0.000820668 -0.0102916 -0.0220073 0.000811063 0.999999 -0.00105034 -0.012764 0.0102935 0.00104249 0.999961 0.64341
0.999926 -0.000775993 -0.0121612 -0.0518269 0.000771199 1 -0.000320366 -0.00377336 0.0121603 0.000310308 0.999912 0.598083
0.999864 0.0011126 -0.0164169 -0.0439128 -0.0010952 0.999999 0.00100889 -0.0193871 0.016419 -0.000990077 0.999879 0.611723
0.999803 0.00234745 -0.0197092 -0.0461672 -0.00232908 0.999996 0.00100465 -0.0191751 0.0197105 -0.000959303 0.999791 0.610723
0.999748 0.0016308 -0.0224137 -0.0518406 -0.00162958 1 2.9165e-05 -0.0182531 0.0224147 8.104e-06 0.999764 0.598645
0.999735 0.00108927 -0.023492 -0.102585 -0.00109188 0.999999 -5.47096e-05 -0.01545 0.023491 7.95585e-05 0.999722 0.601526
0.999645 0.000964715 -0.0261428 -0.0784839 -0.000965766 1 -6.38195e-05 0.000534149 0.0261435 8.9777e-05 0.99966 0.52942
0.999583 0.000189706 -0.029351 -0.0788358 -0.000170626 0.999999 0.000685014 -2.71588e-05 0.0293504 -0.000680447 0.999568 0.541305
0.999412 4.6655e-05 -0.0341187 -0.0554261 2.51279e-06 1 0.00141101 -0.00767249 0.0341194 -0.0014096 0.999426 0.535497
0.999337 -0.000502313 -0.0366041 -0.0557172 0.000545528 0.999998 0.00119664 -0.00320115 0.036603 -0.00121648 0.999322 0.53604
0.999247 0.000486595 -0.0386161 -0.0582754 -0.000424927 1 0.00157973 -0.00288068 0.0386172 -0.00156142 0.999261 0.532613
0.999196 0.000562796 -0.0402743 -0.0600534 -0.000487984 0.999997 0.00189112 -0.00286281 0.0402749 -0.00187067 0.99918 0.524854
0.999126 -0.000363587 -0.0415607 -0.064845 0.000425243 1 0.00145451 -0.00649413 0.0415605 -0.00147022 0.999141 0.496052
0.999059 -0.00124816 -0.0435856 -0.0514122 0.00129493 0.999997 0.00106565 -0.00380437 0.043584 -0.00112174 0.999044 0.482399
0.998874 -0.00142581 -0.04723 -0.0213494 0.00149176 1 0.00134217 -0.0266336 0.0472278 -0.00141052 0.99889 0.550881
0.998784 -0.00120818 -0.0494749 -0.0237073 0.00127147 0.999996 0.00126512 -0.0265971 0.0494735 -0.00132705 0.998768 0.550063
0.998712 -0.0012252 -0.0505808 -0.0328888 0.00129579 1 0.00134923 -0.0190441 0.050579 -0.0014125 0.998728 0.505759
0.998622 -0.00149843 -0.0526181 -0.0337412 0.00160052 0.999993 0.00191008 -0.0171963 0.0526153 -0.00199228 0.998605 0.487746
0.998531 0.00124645 -0.0540133 -0.0431739 -0.00118502 1 0.00115724 -0.0172072 0.0540146 -0.00109096 0.998547 0.496449
0.998468 -0.00120541 -0.0554738 -0.0450791 0.00124195 0.999996 0.000635108 -0.0175324 0.0554732 -0.000703574 0.998452 0.495916
0.998347 -0.00316807 -0.0572053 -0.0545464 0.0032745 0.999996 0.00175739 -0.00714901 0.0571991 -0.0019413 0.998367 0.476541
0.998201 -0.00559136 -0.0598757 -0.0593321 0.00579578 0.999976 0.00324912 -0.00636572 0.0598564 -0.00359086 0.998195 0.477231
0.998019 -0.00343231 -0.0626746 -0.0659357 0.00361977 0.999992 0.00286959 -0.00570607 0.0626639 -0.00309022 0.998037 0.471842
0.998004 0.00374373 -0.0632049 -0.0763454 -0.00353783 0.999986 0.00337739 -0.00666104 0.063217 -0.00314754 0.997989 0.418749
0.997979 0.00670967 -0.0630287 -0.081159 -0.00647568 0.999974 0.00390789 -0.0106311 0.0630533 -0.00349138 0.99801 0.414306
0.998089 0.00481129 -0.0617193 -0.117402 -0.00467216 0.999984 0.002406 -0.00943255 0.0617297 -0.00211352 0.998082 0.41597
0.99811 0.00302108 -0.0612539 -0.123967 -0.00293737 0.999997 0.00144886 -0.00995099 0.0612582 -0.00126572 0.998129 0.41187
0.998225 -0.00041158 -0.0596706 -0.147068 0.000524506 0.999996 0.00188417 -0.00132798 0.0596694 -0.00191262 0.998208 0.438671
0.998246 -0.000130383 -0.0590709 -0.1281 0.000290011 0.999998 0.00268703 0.00298116 0.0590708 -0.00269898 0.998259 0.405095
0.998261 2.69707e-05 -0.0590863 -0.136016 0.00017814 0.999992 0.00347211 0.00827497 0.0590857 -0.00347706 0.998239 0.438044
0.99809 3.98451e-05 -0.0616566 -0.106436 0.00014461 0.999998 0.00298058 0.000973904 0.0616566 -0.00298329 0.998102 0.38502
0.998071 0.00303366 -0.0621446 -0.131606 -0.00282527 0.999988 0.00344765 0.000927738 0.0621543 -0.00326591 0.998053 0.441692
0.99788 0.00132601 -0.0649012 -0.0910804 -0.000972029 0.999987 0.00547991 0.00134919 0.0649076 -0.00540473 0.997884 0.44451
0.997806 0.00192368 -0.0663475 -0.086003 -0.00148566 0.999974 0.00665518 -0.00197674 0.0663587 -0.0065425 0.997767 0.425786
0.997675 0.00151202 -0.0679628 -0.0688552 -0.0010627 0.99998 0.00664176 0.00170154 0.0679713 -0.00655364 0.997673 0.468787
0.997705 0.00195348 -0.0678597 -0.072579 -0.00152905 0.999976 0.00631103 0.000577895 0.0678706 -0.00619323 0.997667 0.461685
0.997729 0.000885104 -0.0671753 -0.0745676 -0.000486148 0.999985 0.00594982 -0.00501053 0.0671794 -0.0059032 0.997731 0.471919
0.997775 0.000902019 -0.0668358 -0.0692731 -0.000633629 0.999989 0.00404128 0.000159175 0.0668389 -0.00399041 0.997748 0.480597
0.997755 0.000678259 -0.0668141 -0.0539448 -0.00045629 0.999996 0.0033317 -0.0119773 0.066816 -0.00329328 0.997768 0.508965
0.997987 8.9012e-05 -0.0635799 -0.0832432 8.60704e-06 0.999997 0.00154036 -0.0134959 0.0635798 -0.00153826 0.997967 0.51067
0.998071 0.00113624 -0.0619127 -0.0755731 -0.00107635 1 0.000994537 -0.00129209 0.061914 -0.000925548 0.99809 0.534754
0.998224 0.00162385 -0.0597265 -0.0649981 -0.00156139 0.999996 0.00109834 0.000492375 0.059728 -0.00100352 0.998205 0.570788
0.998434 0.00188885 -0.0557259 -0.0601747 -0.00183339 1 0.0010401 0.00236454 0.0557281 -0.000935903 0.998454 0.570033
0.998724 0.00195731 -0.0506635 -0.0564815 -0.0018537 0.999994 0.00209632 0.000735417 0.0506671 -0.00200015 0.998705 0.610302
0.99882 -0.000974042 -0.0483467 -0.0534234 0.00112394 0.999997 0.00306977 0.0018411 0.0483438 -0.00311999 0.998835 0.621975
0.998817 -0.00449645 -0.0486372 -0.0697869 0.00473489 0.999975 0.00479005 -0.00283813 0.0486142 -0.00501512 0.998796 0.62985
0.998701 -0.00137067 -0.0507118 -0.0448817 0.00158665 0.999993 0.00421295 0.00680984 0.0507057 -0.00428745 0.998714 0.680961
0.998803 0.0014789 -0.0491113 -0.0498652 -0.00134285 0.999993 0.00280521 -0.000768818 0.049115 -0.00273646 0.99878 0.709413
0.998844 0.0029012 -0.0477644 -0.048507 -0.00297517 0.999996 -0.00147963 -0.00296109 0.0477601 0.00162057 0.998868 0.714326
0.999043 0.000774146 -0.0438912 -0.0848055 -0.000871588 0.999995 -0.00220087 -0.0117953 0.0438893 0.00223653 0.99902 0.705665
0.999043 0.00304855 -0.0434904 -0.0665381 -0.0031655 0.999994 -0.0026243 -0.0074609 0.0434823 0.00275981 0.999065 0.778579
0.999122 0.00151216 -0.0420286 -0.0661295 -0.00157673 0.999995 -0.00150056 -0.00783245 0.0420259 0.00156517 0.999101 0.798279
0.999171 0.00197196 -0.0405128 -0.0695583 -0.00191868 1 0.00134857 -0.00510383 0.0405158 -0.00126939 0.999193 0.794046
0.999169 0.00419142 -0.0407262 -0.077054 -0.0041559 0.99999 0.000960485 -0.00950415 0.0407296 -0.000790867 0.999156 0.878465
0.999163 0.000534942 -0.0407455 -0.0694484 -0.000516657 1 0.00045607 -0.00164034 0.040746 -0.000434168 0.999184 0.860563
