0.999999 -0.00173312 -0.00142205 0.0153889 0.00173689 0.999996 0.00263643 -0.00792494 0.0014174 -0.00263893 0.999997 0.746045
0.999996 0.00125032 -0.00204599 0.0136043 -0.0012492 0.999998 0.000552273 -0.00985002 0.00204659 -0.000549684 0.999996 0.752903
1 0.000214663 -0.000303078 0.00836864 -0.000214646 1 -5.35274e-05 -0.0103582 0.000303117 5.35247e-05 1 0.765378
0.999994 0.00240527 -0.000259257 -0.0131661 -0.00240546 0.999996 -0.000863701 -0.00229965 0.000257084 0.000864424 0.999996 0.760938
1 -3.7375e-05 0.000466354 -0.0106582 3.73935e-05 1 -7.80896e-05 -0.00254717 -0.000466229 7.79732e-05 1 0.765219
0.999994 -0.00227683 0.000551778 -0.00816766 0.00227687 0.999997 -7.66588e-05 -0.00318985 -0.000551705 7.811e-05 0.999997 0.7739
0.999999 -0.00285622 0.000477965 -0.00565317 0.00285667 0.999996 -0.0009562 -0.00596468 -0.000475082 0.000957381 1 0.777922
0.999995 -1.57969e-05 -0.00276187 0.0155 1.68136e-05 1 0.000337357 -0.0108328 0.00276171 -0.00033715 0.999995 0.788534
1 0.000422323 0.000859898 0.000587088 -0.000421753 0.999999 -0.000651071 -0.00911044 -0.000860076 0.000650435 1 0.776601
0.999999 0.00108277 0.000524484 -0.00457523 -0.00108248 1 -0.000557655 -0.00903014 -0.0005252 0.00055736 0.999999 0.774391
0.999985 0.00501622 -0.00221936 0.0181941 -0.00501555 0.999988 0.000230977 -0.0201838 0.00222041 -0.000220201 1 0.824189
0.999996 0.00250183 -0.00132185 0.00711378 -0.00249884 0.999997 0.00201424 -0.0214862 0.00132688 -0.00201049 0.999995 0.77991
0.999997 0.000723358 -0.00218512 0.0171367 -0.00071999 0.999996 0.00149098 -0.0107018 0.00218604 -0.00148979 0.999999 0.68838
0.999997 0.00203274 -0.00119205 0.0167317 -0.0020337 1 -0.000733408 -0.00758091 0.00119072 0.000736247 0.999997 0.695104
0.999999 -6.30327e-05 -0.00108718 0.0111292 6.49545e-05 0.999998 0.000832023 -0.0101052 0.0010865 -0.000832302 1 0.590921
0.999999 0.000271966 0.00165784 -0.00723424 -0.000274067 1 0.000755671 -0.00699468 -0.00165719 -0.000755876 0.999998 0.546249
0.999995 -0.00107747 0.00304461 -0.0127282 0.00107425 0.999998 0.00134856 -0.00455059 -0.00304652 -0.00134562 0.999996 0.539619
0.999993 0.000128642 0.00385764 -0.0156576 -0.00012597 1 -0.000906408 -0.0116925 -0.00385732 0.000906241 0.999991 0.5353
0.999999 0.000358716 0.00133344 -0.0166651 -0.000354483 0.999997 -0.00249702 0.0109985 -0.00133492 0.00249621 1 0.525958
0.999999 0.00106667 0.00105557 0.00504801 -0.00106952 0.999998 0.0019286 -0.0475484 -0.00105335 -0.00192933 0.999993 0.495372
1 -0.00137711 -0.00211537 0.0432833 0.00138307 0.999998 0.00238185 -5.40657e-05 0.0021116 -0.0023851 1 0.480703
0.999988 -0.00306652 0.00214638 0.0112683 0.00306387 0.999991 0.000754677 -0.00213334 -0.00214842 -0.000747818 0.999995 0.476779
1 -0.000795042 0.00165064 0.00400758 0.000798936 1 -0.00170598 0.00510016 -0.00164959 0.0017069 1 0.483519
0.99999 -0.000645215 0.00284143 0.00475198 0.000652654 0.999991 -0.00300514 0.00480263 -0.00283913 0.00300735 0.999987 0.486745
1 -0.000141824 0.00173005 0.0083572 0.000144368 1.00001 -0.000596238 -0.00428053 -0.00173083 0.000596149 1.00001 0.38669
0.999992 0.000890674 -0.00163841 0.0437161 -0.00089387 0.999991 -0.00114616 -0.00295444 0.00163798 0.00114808 0.99999 0.355904
1 0.00231388 0.00114149 0.0179401 -0.00231281 1 0.000277295 0.00013163 -0.00114153 -0.000280403 1.00001 0.378174
0.999993 0.000456187 -0.00036468 0.0393929 -0.000456554 0.99999 0.00224118 -0.00930584 0.000366258 -0.00224046 0.99999 0.349925
1 -0.00235055 0.0017567 0.0385363 0.00235027 1 0.000857272 -0.00508943 -0.00175929 -0.000853689 1.00001 0.352517
0.999676 -0.000939184 -0.0251418 0.0328681 0.000913703 0.999994 -0.000953937 -0.00103212 0.0251431 0.000931167 0.999676 0.394127
0.999969 -0.000176624 0.0087302 -0.0202595 0.00020129 1 -0.00255755 0.00728383 -0.00873062 0.00255879 0.99997 0.393141
0.999981 -0.00115672 0.00489606 0.0152669 0.00116549 0.999991 -0.00224817 -0.000509769 -0.00489271 0.00225423 0.999976 0.383821
0.999997 0.00211956 0.00397854 0.0170516 -0.00210476 0.999999 -0.00315635 -0.00135197 -0.00398593 0.00314756 0.999996 0.393566
0.997773 0.00231246 -0.0665618 -0.020083 -0.00228518 0.999991 0.000519528 0.00135184 0.0665638 -0.00036611 0.997773 0.402854
0.998803 -0.00250008 -0.0489104 -0.0597847 0.00266703 0.999997 0.00330078 -0.0357845 0.0489007 -0.00342734 0.998806 0.392462
0.997637 0.00680142 -0.0683582 -0.122963 -0.00647376 0.99996 0.00504512 -0.0540181 0.0683904 -0.00459055 0.997642 0.307565
0.999499 -0.00170694 -0.0316378 -0.127254 0.00185554 0.999994 0.00459943 -0.0486174 0.0316296 -0.00465598 0.999497 0.330818
0.999131 -0.0022589 -0.04157 -0.138691 0.0025162 0.999972 0.00618804 -0.0435575 0.0415551 -0.0062871 0.999108 0.341102
0.999243 0.00893802 -0.038011 -0.265153 -0.00861113 0.999936 0.00868109 -0.0814881 0.0380837 -0.00834709 0.999252 0.377219
0.999952 0.00477826 -0.00771695 -0.237726 -0.00474874 0.999987 0.00420217 -0.0671436 0.00773868 -0.00416534 0.999956 0.385541
0.999984 0.00220956 -0.00334739 -0.301155 -0.00220046 0.999994 0.00182293 -0.0155782 0.00334891 -0.00181557 0.999994 0.3945
1 0.00282063 0.000181305 -0.285064 -0.00282399 0.999997 0.00205895 -0.0122653 -0.000173116 -0.00205943 0.999997 0.399206
0.999932 0.00246703 0.0107823 -0.289705 -0.00246544 0.999994 0.000121851 -0.0112879 -0.0107848 -0.000148435 0.999943 0.446541
0.999877 0.0073039 -0.0143457 -0.30916 -0.0073276 0.999975 -0.00138435 -0.0077887 0.0143383 0.00148932 0.999895 0.449749
0.99913 -0.00357415 0.0413642 -0.278683 0.00362278 0.99999 -0.00102582 -0.0118219 -0.0413628 0.00117457 0.999143 0.469754
0.998983 -0.00457739 0.0449728 -0.306627 0.00457463 0.999994 9.93272e-05 -0.0139666 -0.0449709 0.000106805 0.998991 0.527877
0.999584 -0.000384418 0.0286418 -0.314494 0.000361264 0.999995 0.000917081 -0.0171586 -0.0286441 -0.0009066 0.999586 0.540156
0.997583 -0.0101862 0.0688508 -0.284202 0.0100667 0.999952 0.00203967 -0.0132839 -0.0688662 -0.00134127 0.997628 0.563612
0.998245 -0.00795105 0.058558 -0.278434 0.008057 0.999948 -0.00152363 0.00132941 -0.0585459 0.00199238 0.998276 0.5741
0.998756 -0.005197 0.0497569 -0.281422 0.00531793 1 -0.00235485 0.0042417 -0.0497418 0.00261686 0.998765 0.593821
0.999196 -0.0015424 0.0399545 -0.108483 0.00146916 0.999989 0.00184491 -0.0335247 -0.0399586 -0.00178436 0.999209 1.03094
0.999611 -0.00283336 0.0282271 0.0310396 0.00281244 1.00001 0.000795771 0.001985 -0.0282274 -0.000716347 0.999603 1.0863
0.999574 -0.00378472 0.028469 0.0367092 0.00373397 0.99998 0.00181912 -0.0130059 -0.028477 -0.00171175 0.999593 0.998398
0.99956 -0.00359562 0.0299087 0.0398975 0.00363989 1 -0.00141084 -0.0147536 -0.029902 0.00151882 0.999551 0.993568
0.999499 -0.00108471 0.031158 0.0357275 0.00123055 0.999977 -0.0046776 -0.0166036 -0.031154 0.00471387 0.999503 0.992953
0.999529 -0.00455478 0.0308394 0.0423856 0.0047616 0.999979 -0.00661981 -0.0078479 -0.0308068 0.00676319 0.999504 0.98433
0.999481 -0.00409287 0.031425 0.0397733 0.00419507 0.999976 -0.00320257 -0.0139331 -0.0314127 0.00333305 0.999498 0.971096
0.99947 -9.85901e-05 0.0330545 0.0335561 2.15834e-05 1.00001 0.00234387 -0.0142611 -0.0330533 -0.00234215 0.999451 0.967698
0.999366 0.0036051 0.0349912 0.0473316 -0.00376234 0.999973 0.00441689 -0.00704562 -0.034976 -0.00454543 0.999378 1.00445
0.999341 0.0012925 0.0367346 0.0373571 -0.00139924 1 0.00289297 -0.0246027 -0.0367294 -0.00294274 0.999322 0.973224
0.999259 0.00395561 0.0378482 0.0308336 -0.00373338 0.999968 -0.00595236 -0.0129029 -0.0378721 0.00580705 0.999265 0.977622
0.999322 0.00294826 0.0371352 0.0296343 -0.00265884 0.999975 -0.00782796 -0.0121791 -0.0371558 0.00772349 0.999281 0.977299
0.999316 0.000607031 0.0365553 0.025181 -0.000523944 0.999988 -0.00229662 -0.0153058 -0.0365579 0.00227627 0.999328 0.929014
0.999375 -0.00139593 0.0357553 0.0343757 0.00132195 1.00001 0.00210687 -0.00356421 -0.0357567 -0.00205865 0.99936 0.959614
0.99934 -0.000482358 0.0358855 0.0442113 0.000480554 0.99999 4.42709e-05 -0.0174134 -0.0358867 -2.67163e-05 0.999354 0.940191
0.999373 -0.000924206 0.0358489 0.0376632 0.00105954 1 -0.00374363 -0.00905192 -0.0358439 0.00377898 0.999352 0.959811
0.999344 0.000300295 0.0357628 0.0383096 -0.000184383 0.999986 -0.0032565 -0.00947851 -0.0357647 0.00324808 0.999353 0.951315
0.999374 0.00184339 0.0357691 0.0390391 -0.0017799 1.00001 -0.00179423 -0.00755952 -0.0357711 0.00172915 0.999361 0.940764
0.999343 -3.98135e-06 0.0357984 0.0435369 7.53106e-05 0.99999 -0.00200461 -0.00573887 -0.0357994 0.00200629 0.999355 0.958765
0.999377 0.00197995 0.0356969 0.0422323 -0.00173196 0.999983 -0.00696387 -0.0107572 -0.0357087 0.00689735 0.999341 0.956426
0.99932 0.00159822 0.0364057 0.0414365 -0.00124553 0.999945 -0.00972121 -0.0175019 -0.0364206 0.00966961 0.999289 0.90862
0.999368 0.00190525 0.0359325 0.0466856 -0.00157775 0.999967 -0.00912715 0.00328125 -0.0359473 0.00906434 0.999315 0.971497
0.9993 0.00391171 0.0367984 0.03705 -0.00377286 0.999977 -0.00385507 -0.0024883 -0.036814 0.00371386 0.999314 0.930581
0.999341 0.00275142 0.0366068 0.0335394 -0.00282202 1 0.00189053 -0.000648143 -0.0366004 -0.00199288 0.99933 0.952059
0.999276 0.00579044 0.0371862 0.0267376 -0.00593601 0.999967 0.00379403 0.000790938 -0.0371642 -0.00401174 0.999299 0.964411
0.99931 0.00490048 0.0372479 0.0357444 -0.00493177 0.999996 0.000758266 -0.00908236 -0.037243 -0.00094182 0.999309 0.939113
0.999227 0.00807384 0.0380389 0.023147 -0.00807011 0.999959 -0.000262558 -0.00435357 -0.0380404 -4.42721e-05 0.999273 0.970386
0.999313 0.00583344 0.0370431 0.0533421 -0.00582703 0.999991 -0.000269054 -0.000619718 -0.0370434 5.26978e-05 0.999317 0.989888
0.999299 0.00346089 0.0368234 0.0534823 -0.00350932 0.999985 0.00123931 0.000423288 -0.0368195 -0.00136732 0.999318 0.971489
0.999335 0.00155885 0.0368891 0.0501135 -0.00158255 1.00001 0.000626137 -0.00263087 -0.0368876 -0.000684417 0.999323 0.98083
0.99932 -0.000175917 0.0364147 0.048868 0.000165214 0.999992 0.00028283 -0.00321991 -0.0364152 -0.000276309 0.999333 0.98556
0.999345 -0.00196036 0.0365615 0.0277757 0.00191312 1.00001 0.0013429 -0.0128674 -0.0365635 -0.00127235 0.999334 0.94826
0.999323 -0.00758391 0.0355585 0.0366563 0.00758769 0.999963 1.1618e-05 -0.0130076 -0.0355582 0.000258476 0.999364 0.985504
0.999454 -0.0014165 0.0334739 0.0486261 0.00152422 1 -0.00317635 -0.0173735 -0.0334686 0.00322531 0.999439 0.993979
0.999465 8.11848e-05 0.0322365 0.0485296 7.50978e-05 0.99998 -0.00486481 -0.0113679 -0.0322371 0.00486501 0.999464 1.00206
0.999555 -0.00573214 0.0298214 0.0240012 0.00586587 0.999981 -0.00437983 -0.00492565 -0.0297949 0.00455235 0.999551 0.984998
0.999631 -0.000538621 0.0265343 0.0145346 0.000501017 0.999991 0.00140616 -0.00199597 -0.0265357 -0.00139194 0.999642 0.973755
0.999758 -0.00101199 0.0227116 0.0198764 0.000951861 1 0.00268459 -0.001937 -0.0227136 -0.0026627 0.999744 1.02608
0.999794 0.000560622 0.0194633 0.00750477 -0.00059936 0.99999 0.00195528 -0.00230746 -0.0194628 -0.00196615 0.999804 1.01365
0.99987 -0.00120252 0.0171259 0.0154264 0.00125806 1 -0.00319802 -0.0106976 -0.0171213 0.00321868 0.999854 1.01108
0.999865 -0.00272224 0.0150733 0.0154208 0.00278282 0.999981 -0.00403966 -0.0112759 -0.0150628 0.00408157 0.999872 1.00763
0.99993 -0.00420921 0.0126214 0.00752771 0.00426797 0.999987 -0.00458518 -0.0143397 -0.0126011 0.00463822 0.999916 1.00359
0.999922 -0.00527001 0.00953564 0.0124213 0.00529489 0.999975 -0.00264008 -0.0129121 -0.00952234 0.00269084 0.999944 1.01845
0.999992 -0.0036584 0.00632762 0.00847184 0.00368864 0.99999 -0.00468667 -0.0152807 -0.00630952 0.00470943 0.999977 1.0201
0.999972 -0.0016642 0.00391802 0.00522354 0.00168091 0.999981 -0.00439904 -0.0122363 -0.00391153 0.004406 0.999975 1.03069
1.00001 -0.00200225 0.00300277 0.003498 0.00201507 0.999998 -0.00408868 -0.00945889 -0.00299371 0.0040943 0.999995 1.01936
0.999978 -8.74066e-05 0.00251895 0.0105974 9.49692e-05 0.999987 -0.00317838 -0.00726123 -0.00251951 0.00317906 0.999984 1.02515
1.00001 -0.000318237 0.0031884 -0.00723581 0.000331533 1 -0.00403696 -0.00347688 -0.00318626 0.00403756 0.999995 1.01365
0.999979 -0.00114047 0.00225228 0.00221327 0.00114799 0.999985 -0.00350341 -0.0118096 -0.00224908 0.00350639 0.999983 1.02323
1.00001 -0.00190602 0.00333376 -0.00588114 0.00191132 1.00001 -0.00146326 -0.00884568 -0.00333016 0.00146919 1 1.02339
0.99998 -4.82035e-05 0.00113804 0.0204328 4.63802e-05 0.999991 0.00133873 -0.00706883 -0.0011389 -0.00133824 0.99999 1.0628
1.00002 0.000710136 0.00123192 0.0199576 -0.000710174 1.00001 0.000276152 -0.00769235 -0.00123093 -0.000277493 1.00001 1.06471
0.99998 7.31717e-05 0.00113372 0.0182301 -7.18808e-05 0.999991 -0.00140083 -0.00535307 -0.0011346 0.0014012 0.99999 1.06752
1.00002 0.00139192 0.00224443 -0.00379019 -0.00138554 1 -0.00268984 0.000280101 -0.00224734 0.00268622 1 1.07796
0.999973 0.00166122 0.00294686 -0.00533684 -0.00165296 0.999987 -0.00290759 0.000543934 -0.00295244 0.00290316 0.999982 1.08425
1.00002 0.00218167 0.00217068 -0.00331026 -0.00217311 0.999998 -0.0037516 -0.0110206 -0.00217807 0.00374642 1 1.06154
0.999971 0.00343989 0.00256862 -0.0201557 -0.00342915 0.999977 -0.00431821 -0.0151197 -0.00258417 0.00430983 0.999978 1.04929
1.00001 0.0026296 0.00256772 -0.00522254 -0.00262038 1 -0.00338803 0.00888071 -0.00257576 0.00338072 1 1.11017
0.999973 0.00220988 0.00227544 0.0151053 -0.00221195 0.999986 0.000679096 0.00678044 -0.00227474 -0.000683583 0.999986 1.11759
1.00001 0.00345863 0.00217984 0.0135812 -0.00346503 1 0.00316873 0.0100317 -0.00216799 -0.00317677 1 1.12028
0.999969 0.00103125 0.00446996 -0.0411902 -0.00103627 0.999989 0.00102604 0.00357885 -0.00446961 -0.00103009 0.999979 1.09062
1.00002 0.000709497 0.00183665 -0.0112437 -0.000707516 1.00001 -0.000776267 -0.00308098 -0.00183648 0.000774427 1.00001 1.10005
0.999979 -0.00093597 0.00192952 -0.00524904 0.000941071 0.999985 -0.00289755 -0.000385758 -0.0019275 0.0028999 0.999986 1.11626
1.00002 -0.00031523 0.0007817 -0.00472712 0.000318019 1 -0.00301817 -0.000211417 -0.000780051 0.00301788 1 1.10904
0.999979 0.00164716 0.000621528 -0.00750831 -0.00164691 0.999989 -0.0010743 -0.000132503 -0.000623943 0.00107377 0.999992 1.10517
1.00001 0.00316996 -0.000300859 -0.0120378 -0.00316937 1 0.00040269 0.00138074 0.000302845 -0.000402216 1.00001 1.11219
0.999972 0.00417204 -0.000115775 -0.00652414 -0.0041725 0.999982 -0.000253408 -0.00292668 0.000113975 0.000254359 0.999992 1.10649
1.00001 0.0038512 -0.000822456 0.00413228 -0.00385236 1 -0.00193865 0.0015777 0.000815699 0.00194132 1.00001 1.15838
0.99997 0.00443485 5.73718e-05 -0.0074524 -0.00443518 0.999978 -0.000545344 -0.00581812 -6.04761e-05 0.000545625 0.999991 1.12808
1.00002 0.00319193 -0.000256319 -0.000299568 -0.00319153 1.00001 7.02735e-05 -0.00277753 0.00025725 -6.99647e-05 1.00001 1.13523
0.999979 -9.6988e-05 0.000305905 -0.00429828 9.51037e-05 0.999976 0.00492022 0.00429461 -0.000307056 -0.0049197 0.999979 1.14247
1.00002 -0.0024706 0.00192764 -0.0180378 0.00245386 0.99997 0.0088843 -0.000803293 -0.00194881 -0.00888011 0.999968 1.13424
0.999964 -0.00508012 0.000747113 -0.00117586 0.00507519 0.999958 0.00593818 -0.00549465 -0.000777865 -0.00593374 0.999973 1.15489
0.999987 -0.00844857 0.00068066 -0.00588137 0.00844986 0.999976 -0.00111004 -0.0148397 -0.000670636 0.00111519 1.00001 1.11778
0.999961 -0.00549832 -0.000793176 0.0131375 0.00549382 0.99996 -0.00514046 -0.00343558 0.000820795 0.00513663 0.999979 1.16619
1.00002 -0.00343263 -0.000826883 0.00570539 0.00342846 0.999991 -0.00544981 -0.00641396 0.000846279 0.00544637 0.999992 1.15114
0.999975 -0.000902659 -0.000465984 -0.00241083 0.0009003 0.999978 -0.00444368 -0.00687863 0.000469255 0.00444385 0.999982 1.14387
1.00002 0.00291251 -0.000203882 -0.00620287 -0.00291174 1 0.00243932 -0.0009137 0.000211787 -0.00243939 1.00001 1.17148
0.999974 0.000942839 0.00130345 -0.0419666 -0.000948463 0.999979 0.00423165 -0.00908589 -0.00129991 -0.00423232 0.999983 1.12705
1.00002 0.00248004 -0.000622933 0.00605464 -0.0024784 1.00001 0.0016454 -0.000575805 0.000628116 -0.00164456 1.00001 1.20527
0.999972 0.00254117 3.03379e-05 -0.0124466 -0.00254163 0.999987 -0.000649109 -0.00716337 -3.28818e-05 0.000649689 0.999993 1.1699
1.00002 -0.000468396 0.000366373 -0.00751956 0.000470863 0.999996 -0.00518041 -0.00585863 -0.000363084 0.00517992 0.999994 1.17872
0.999974 0.000868227 0.000385988 -0.0233014 -0.000867715 0.999987 -0.00257909 -0.00650168 -0.000388957 0.00257937 0.99999 1.16419
1.00003 -0.000143143 -0.000533989 0.00814216 0.000144124 1.00001 0.000814948 0.00194969 0.00053502 -0.000815671 1.00001 1.20711
0.999974 -0.00126136 0.00111849 -0.0368378 0.00125311 0.999966 0.00698709 -0.00571519 -0.001128 -0.00698509 0.999968 1.17142
1.00002 0.000561538 0.000189374 -0.00574779 -0.00056141 1.00001 0.00134296 -0.00794959 -0.000187826 -0.00134361 1.00001 1.17989
0.999973 0.00265062 1.14464e-05 -0.0126624 -0.00265085 0.999982 -0.00307582 -0.0110899 -2.03001e-05 0.00307634 0.999989 1.2038
1.00002 0.000474892 -0.000157102 -0.00455696 -0.000475007 1 -0.0031131 -0.00385455 0.000156352 0.00311262 1 1.22552
0.999976 0.00111558 -0.000192561 -0.00480868 -0.00111589 0.99999 0.000183111 0.000168238 0.000192013 -0.000182385 0.999994 1.22806
1.00002 0.000398089 -4.37322e-05 -0.00754456 -0.000397608 1 0.00333314 -0.00294538 4.57941e-05 -0.00333365 1 1.22429
0.999977 -0.00076994 -0.000504738 -0.00811596 0.000770203 0.99999 0.00117259 -0.00557813 0.000503095 -0.00117241 0.999993 1.22437
1.00002 -0.00154865 -0.00115085 0.00220782 0.00154862 1.00001 -0.000347196 -0.00477615 0.00115211 0.000344841 1.00001 1.2411
0.999974 -0.00238074 -0.000820141 -0.00258337 0.00238027 0.999989 -8.83636e-05 -0.00335487 0.000819619 8.70127e-05 0.999993 1.23422
1.00002 0.00017867 -0.000629243 -0.0101347 -0.000177869 1.00001 0.000674491 -0.0106642 0.000630126 -0.000674904 1.00001 1.22344
0.999976 -0.0014814 -0.00108664 -0.00398571 0.00148072 0.999991 -0.000308205 -0.00983169 0.00108629 0.000307133 0.999993 1.23919
1.00002 -0.000269267 -0.0010242 -0.00412702 0.000271569 1.00001 0.0019189 -0.00738322 0.0010245 -0.0019197 1 1.24025
0.999975 0.00150566 -0.00137367 -0.00554039 -0.0015049 0.999991 0.000771705 -0.00551538 0.00137399 -0.000769111 0.999992 1.26308
1.00002 -0.00129583 -0.000739989 -0.0107034 0.00129694 1.00001 0.00104037 -0.0113729 0.000739525 -0.00104179 1.00001 1.22655
0.999974 0.00164292 -0.0023109 -0.000172875 -0.00164561 0.99999 -0.00114031 -0.00531656 0.00230813 0.00114462 0.999991 1.27337
1.00002 -0.000963125 -0.00119359 -0.00651928 0.000960526 1 -0.00229347 -0.0146936 0.00119672 0.00229184 1 1.2433
0.999975 0.00262398 -0.00041801 -0.0190493 -0.00262373 0.999988 0.000750468 -0.00126679 0.000419061 -0.000748929 0.999994 1.26248
1.00001 0.00393739 0.00073398 -0.0317678 -0.00393789 1 0.000751371 -0.00694022 -0.000730149 -0.000754694 1.00001 1.26456
0.999974 0.00286735 0.000645 -0.0190742 -0.0028665 0.999986 -0.00133849 -0.00616282 -0.000649755 0.00133712 0.999992 1.26584
1.00002 0.00203813 -0.000757091 0.0128606 -0.00203775 1.00001 0.000382336 -0.00281054 0.000758776 -0.000381268 1.00001 1.26395
0.999973 0.00313098 0.00170069 -0.0192227 -0.00313501 0.999986 0.00234174 -0.00791894 -0.00169428 -0.0023466 0.99999 1.28087
1.00002 0.00223712 0.00156818 -0.0151792 -0.00223896 1 0.00119792 -0.00893515 -0.00156455 -0.00120188 1 1.29474
0.999978 0.00179083 0.000778153 0.000370321 -0.00179116 0.999992 0.000364608 -0.00694581 -0.000778403 -0.000365548 0.999995 1.29519
1.00002 -3.8366e-05 0.00127659 -1.38805e-05 3.88685e-05 1.00001 -0.000336033 -0.00740577 -0.00127571 0.000335597 1 1.29914
0.999978 0.000362934 0.00203418 -0.00223162 -0.000365323 0.999993 0.00114287 -0.00334022 -0.00203465 -0.00114308 0.999992 1.29977
1.00001 0.00342333 0.00285404 0.00820988 -0.00343668 0.999989 0.00473679 -0.0146264 -0.00283692 -0.00474709 0.999991 1.26019
0.999974 0.000860089 0.00314431 0.0149234 -0.000860009 0.999994 -9.07564e-05 -0.0116088 -0.00314529 8.85936e-05 0.999988 1.26275
0.999998 0.00548186 0.00378863 0.0156597 -0.00545852 0.999972 -0.00611479 -0.0205015 -0.00382119 0.00609348 0.999981 1.2595
0.999961 -0.000660219 0.00618305 0.0153197 0.000677806 0.99999 -0.0028697 -0.0114885 -0.00618198 0.00287433 0.999971 1.28849
0.999977 -0.00130876 0.00907778 0.01725 0.00127203 0.999997 0.00406107 -0.00261249 -0.00908223 -0.00404983 0.999955 1.30102
0.999923 -0.0015666 0.0106438 0.0208542 0.00154204 0.999991 0.00230902 -0.0143147 -0.0106481 -0.00229195 0.999936 1.26721
0.999932 0.000720422 0.0132832 0.0100774 -0.000711868 1 -0.000635009 -0.0240603 -0.013283 0.000624969 0.999918 1.23461
0.999878 -0.00112992 0.014186 0.00952629 0.00112021 0.999994 0.000679492 -0.0172371 -0.0141874 -0.000662957 0.999893 1.24999
0.999897 0.00061632 0.0157502 0.00223061 -0.00064998 1 0.00214579 -0.0127816 -0.0157481 -0.00215633 0.999881 1.25639
0.999853 -0.00367606 0.0154013 0.0207051 0.00371141 0.999986 -0.00228403 -0.00782942 -0.0153934 0.00234152 0.999872 1.27035
0.999912 0.000550539 0.0147862 0.0322399 -0.000501628 1 -0.00329245 -0.0229736 -0.0147873 0.00328406 0.999893 1.21351
0.99987 0.000645419 0.0147659 0.0262008 -0.00058631 0.999987 -0.00402262 -0.01669 -0.014769 0.00401412 0.999876 1.24672
0.999895 0.0041676 0.0153108 0.0264097 -0.00418576 0.999995 0.00116635 -0.0101387 -0.0153052 -0.00123088 0.99989 1.25105
0.999829 0.00687514 0.0157875 0.0107404 -0.00694123 0.999964 0.00412815 -0.0113565 -0.0157591 -0.00423645 0.999856 1.25554
0.9999 0.00431674 0.0151885 0.0226812 -0.00435498 0.99999 0.00249945 -0.00858562 -0.015177 -0.002566 0.999894 1.2462
0.999865 0.00252271 0.0145854 0.0171393 -0.00248725 0.999989 -0.00246125 -0.0109598 -0.0145921 0.00242549 0.999876 1.25462
0.999923 0.00100411 0.014224 0.020096 -0.000968245 1 -0.00251316 -0.00844268 -0.014226 0.0024984 0.999908 1.25292
0.999873 -0.00084974 0.0143586 0.0127153 0.000882141 0.999992 -0.00226673 -0.00804844 -0.0143572 0.00227986 0.999883 1.25141
0.999915 -0.00107566 0.0145986 0.0245578 0.00106989 1 0.00041836 -0.00922329 -0.0145985 -0.000403381 0.999904 1.23591
0.999868 0.00126908 0.0146101 0.0159165 -0.00129307 0.999993 0.00162211 -0.0112259 -0.0146086 -0.00164012 0.999879 1.23316
0.999904 0.001167 0.0155175 0.0163301 -0.001181 1 0.000906417 -0.0120951 -0.0155158 -0.000925408 0.999892 1.23329
0.999854 0.00241474 0.0154167 0.0169095 -0.00237556 0.99999 -0.00257023 -0.0101204 -0.0154234 0.00253412 0.999864 1.24486
0.999895 0.000157452 0.0160918 0.0122565 -0.000118221 1 -0.00242414 -0.012893 -0.0160916 0.00242111 0.999881 1.20841
0.999843 -0.00021315 0.0162622 0.0131982 0.000238254 0.999994 -0.00155759 -0.0129714 -0.0162624 0.0015621 0.999853 1.21506
0.999893 -0.00143167 0.0161529 0.0189382 0.00146071 1 -0.00176457 -0.0151726 -0.0161498 0.00178707 0.999881 1.23385
0.999847 0.00119297 0.015978 0.020516 -0.00111704 0.999985 -0.00477679 -0.0038425 -0.015984 0.0047592 0.999848 1.25303
0.999888 0.000271799 0.0164978 0.0236451 -0.000223024 0.999999 -0.00294019 -0.00153499 -0.016498 0.00293523 0.999873 1.24971
0.999836 0.00247944 0.0165987 0.0202408 -0.00250364 0.999993 0.0014226 -0.00363966 -0.0165956 -0.00146311 0.999849 1.23916
0.999874 0.00416388 0.0167024 0.0403401 -0.00420113 0.999992 0.00220927 -0.00151983 -0.0166925 -0.00227989 0.999871 1.25093
0.999821 0.00176402 0.017676 0.0271098 -0.00174172 0.999995 -0.00129055 -0.00594455 -0.0176787 0.00126042 0.999832 1.23846
0.99985 0.00291682 0.0183891 0.00872192 -0.00290158 1 -0.000850466 0.00188491 -0.0183909 0.000796013 0.999843 1.28519
0.999813 0.00203339 0.017814 0.0350474 -0.00204049 0.999994 0.000375284 -0.0158326 -0.0178138 -0.000410593 0.999825 1.23689
0.999876 0.00253523 0.0172075 0.0308835 -0.00252075 1 -0.000856456 -0.0141153 -0.0172091 0.000811999 0.999869 1.25255
0.999808 0.0015337 0.0180371 0.0167095 -0.00152246 0.999995 -0.000638307 -0.00242872 -0.0180386 0.000611695 0.999819 1.28955
0.999857 0.00162231 0.0182956 0.0143856 -0.00165363 1 0.00169716 -0.000909698 -0.0182923 -0.00172802 0.999847 1.28819
0.999807 0.00112429 0.0182477 0.0163584 -0.00117458 0.999992 0.00274279 0.00178753 -0.0182451 -0.00276286 0.999815 1.28401
0.999881 0.000358493 0.016923 0.0383568 -0.000389152 1 0.00181317 -0.0122893 -0.0169218 -0.00182036 0.999869 1.24284
0.999824 0.0013818 0.0174208 0.0260242 -0.00138049 0.999996 -8.9297e-05 -0.000959719 -0.0174215 6.61386e-05 0.999835 1.29677
0.999873 0.00210981 0.0172443 0.0372074 -0.00204042 0.999993 -0.00403545 -0.00442302 -0.0172521 0.0039987 0.999857 1.27961
0.999817 0.00335102 0.0175927 0.0390743 -0.00330424 0.999988 -0.00269094 -0.00131869 -0.0176021 0.0026333 0.999829 1.28054
0.999808 0.00267331 0.0202392 0.0196373 -0.00269036 1 0.000821879 -0.000644397 -0.0202364 -0.000877046 0.999801 1.2889
0.999735 0.00482441 0.0217002 0.0170275 -0.00492993 0.999973 0.00480856 0.000182229 -0.021677 -0.00491348 0.999744 1.31923
0.99975 0.00181187 0.0230313 0.0251088 -0.00182731 1 0.000651176 -0.00728824 -0.0230294 -0.000694069 0.999742 1.30963
0.999635 0.00376224 0.0260385 -0.0100558 -0.00376912 0.999991 0.0002229 -0.00518121 -0.026038 -0.000320049 0.999653 1.3267
0.999732 0.00470104 0.0237423 0.0424458 -0.00471315 0.999989 0.000445672 -0.0128843 -0.0237394 -0.000558359 0.999732 1.32143
0.999698 0.000999483 0.0236408 0.0384857 -0.0010236 0.999999 0.00101171 -0.00825474 -0.0236403 -0.00103475 0.999708 1.32008
0.999738 -0.000622444 0.0238369 0.0416939 0.000691724 0.999996 -0.00289954 -0.0142079 -0.0238344 0.00291434 0.999724 1.29136
0.999685 -0.00172569 0.0239649 0.0354604 0.00166293 0.999995 0.00263562 -0.00545284 -0.02397 -0.00259421 0.999695 1.31802
0.999737 -0.00244211 0.0239212 0.0340671 0.00243268 0.999997 0.000427116 -0.00869209 -0.0239215 -0.000369645 0.999729 1.3219
0.99969 -0.000351544 0.0237819 0.0422517 0.000421533 0.999995 -0.00293981 -0.00378917 -0.0237814 0.00294988 0.999697 1.33835
0.99963 0.000837982 0.0282216 -0.0304342 -0.000728125 0.999994 -0.00390373 -0.0107074 -0.028224 0.00388077 0.999613 1.31805
0.999732 -0.00123701 0.0218451 0.0587689 0.00125564 0.999998 -0.000842274 0.00369864 -0.0218445 0.000870261 0.999746 1.31871
0.999797 -6.25546e-05 0.0214408 0.0335351 2.29094e-05 1 0.00184365 -0.00292632 -0.0214404 -0.00184342 0.999784 1.29988
0.999771 -0.000984557 0.0200624 0.0414516 0.00102017 0.999996 -0.00176566 -0.00977654 -0.0200611 0.00178657 0.999783 1.32904
0.999851 -0.00109421 0.0186933 0.0242782 0.0011647 0.999994 -0.00375573 -0.00814923 -0.0186885 0.00377601 0.999833 1.28327
0.999789 0.00328612 0.01889 0.0116474 -0.00325509 0.999992 -0.00166983 -0.00860921 -0.0188959 0.00160886 0.999806 1.29613
0.999871 0.00296758 0.0174102 0.0214636 -0.00297639 0.999997 0.000470642 -0.00148192 -0.0174082 -0.000523202 0.999863 1.30426
0.99983 0.00283599 0.0166865 0.00176109 -0.00283105 0.999995 -0.000331824 -0.00860219 -0.016688 0.000285304 0.999843 1.35727
0.999903 0.00166316 0.0156351 -5.22318e-05 -0.0016697 1 0.000421113 -0.0074704 -0.0156338 -0.000447879 0.999896 1.35745
0.99985 0.00277216 0.0154462 0.000830161 -0.0027822 0.999995 0.000612051 -0.00670466 -0.015445 -0.00065423 0.999862 1.35665
0.99992 0.00345725 0.014212 -0.000102452 -0.0035095 0.999988 0.00366929 -0.00255191 -0.0141985 -0.00371944 0.99991 1.35218
0.999883 0.0020342 0.01328 -0.00186854 -0.00207745 0.999992 0.00322853 -0.00325642 -0.013274 -0.00325515 0.999888 1.35247
0.999951 -0.00166575 0.0122302 -0.00330632 0.00162493 0.999994 0.00337534 -0.0115123 -0.012235 -0.00335593 0.999938 1.32689
0.99992 -0.00349257 0.00963568 -0.00753624 0.00350511 0.999992 -0.00132075 -0.0176416 -0.00963181 0.00135526 0.999934 1.33026
0.999987 -0.00542966 0.00600989 0.0351533 0.00543457 0.999985 -0.000710089 -0.0246647 -0.00600516 0.000741962 0.999993 1.26025
0.999972 -0.00312302 0.00254588 0.0700972 0.00312626 0.999994 -0.00136155 -0.0272615 -0.00254275 0.00137036 0.999983 1.35776
1.00001 0.00265454 0.00363301 0.0260751 -0.00265834 0.999996 0.00108434 -0.00810209 -0.00362913 -0.00109478 1.00001 1.30992
0.999946 0.00638158 0.00479147 -0.00768197 -0.0063999 0.999972 0.00379284 -0.00791298 -0.00476808 -0.00382263 0.999967 1.33195
0.999993 0.00584187 0.00490997 -0.00572697 -0.00585224 0.999981 0.00211959 -0.0115899 -0.00489663 -0.00214901 1 1.32817
0.999947 0.00705753 0.00359197 0.00910605 -0.00705257 0.999975 -0.00141795 -0.00900584 -0.00360276 0.00139337 0.999978 1.33467
1.00001 0.00351094 0.00318528 0.00125287 -0.00350166 0.99999 -0.00285758 -0.00797565 -0.00319436 0.00284556 1.00001 1.32374
0.999975 0.00020451 0.0023825 -0.00643522 -0.000197974 0.999996 -0.0028502 -0.00800515 -0.00238406 0.00285055 0.999978 1.29693
1.00002 -0.000227118 0.000492956 0.00172536 0.000228209 0.999998 -0.00172934 -0.0137338 -0.000491615 0.00172857 1.00001 1.32988
0.999975 -0.00255804 -0.00030764 0.00430841 0.00255719 0.999997 -0.00167374 -0.0102451 0.000310908 0.00167383 0.999983 1.31621
1.00002 -0.000544567 0.000223946 -0.0177047 0.000545378 0.999997 -0.00204418 -0.006934 -0.00022176 0.00204342 1.00001 1.28737
0.999979 -0.000341791 -0.000760357 -0.00795592 0.00034016 0.999999 -0.00186335 -0.0115587 0.000759773 0.00186402 0.999984 1.31241
1.00002 -0.00118335 -0.00260399 0.00256351 0.00118316 0.999998 -0.000140793 -0.0052954 0.00260536 0.000136856 1.00001 1.31557
0.999973 -0.000422515 -0.0036539 0.0119664 0.000423022 1 0.000163705 -0.0130504 0.00365261 -0.000164422 0.99998 1.32508
1.00001 0.00111433 -0.00467338 -0.00498952 -0.00111485 0.999999 -0.000142387 -0.00646087 0.0046743 0.000146769 1 1.30298
0.999968 0.000256403 -0.00496846 -0.0125896 -0.000246096 0.999999 0.00209414 -0.00262351 0.00496789 -0.00209208 0.999973 1.30004
1 0.000702154 -0.00602588 -0.00650587 -0.000685659 0.999996 0.00272143 -0.00651599 0.00602884 -0.002718 0.999993 1.29408
0.99995 0.000876261 -0.0077204 -0.0102911 -0.000854606 0.999996 0.00282288 -0.00750919 0.00772157 -0.00281545 0.999953 1.32362
0.999984 -0.0028302 -0.00795578 -0.00424057 0.00283087 0.999996 5.4106e-05 -0.0117639 0.00795684 -7.74259e-05 0.999982 1.31156
0.999935 -0.000347419 -0.00953563 -0.00528149 0.000345129 1 -0.000229832 -0.0124086 0.00953441 0.000227389 0.999941 1.30962
0.99996 -0.00269608 -0.0104662 -0.0270974 0.00267122 0.999994 -0.00239868 -0.00840191 0.0104737 0.00236965 0.999955 1.33477
0.999912 -0.0021562 -0.0118114 0.00225727 0.00216807 0.999998 0.00100478 -0.00992958 0.0118079 -0.00102946 0.99992 1.30104
0.99993 -0.0014874 -0.0126673 -0.0100313 0.0014734 0.999997 -0.0011169 -0.0184752 0.0126702 0.00109726 0.999925 1.28407
0.999876 -0.0021499 -0.0147767 -0.0147334 0.00212901 0.999999 -0.00142475 -0.00674052 0.0147782 0.00139403 0.999885 1.31896
0.999892 -0.00311993 -0.015171 -0.0106254 0.00311751 0.999993 -0.000187526 -0.00514666 0.015173 0.000139296 0.999891 1.30248
0.99988 -0.0003401 -0.0147223 -0.0089617 0.000365899 1 0.00175076 -0.00346343 0.0147202 -0.00175505 0.999884 1.30175
0.999892 -0.00325246 -0.0151216 -0.0107939 0.00323933 0.999992 -0.000893432 -0.00693171 0.0151258 0.000843391 0.999891 1.29992
0.999865 -0.00347907 -0.015282 -0.0133644 0.00349871 0.999995 0.00125971 -0.0122818 0.0152759 -0.0013121 0.999878 1.33271
0.999875 -0.0042762 -0.0158268 0.00206929 0.00432713 0.999984 0.00317761 -0.0191313 0.0158142 -0.00324652 0.999874 1.28945
0.999848 -0.00425479 -0.0164712 -0.0251064 0.00430255 0.999989 0.00287938 -0.00870399 0.016457 -0.00294904 0.999857 1.34904
0.99986 -0.0035163 -0.0168915 -0.0182099 0.00353367 0.999989 0.000981378 -0.0106012 0.0168896 -0.00104168 0.999856 1.33695
0.999847 -0.00319503 -0.0166036 -0.0229601 0.00320552 0.999999 0.000628028 -0.0181445 0.0165991 -0.000680455 0.999863 1.27836
0.999707 -0.013254 -0.0208135 -0.00461199 0.0134058 0.999882 0.00715745 -0.00846222 0.0207188 -0.00743511 0.999759 1.24489
0.999771 -0.0036821 -0.020537 -0.00383819 0.00369568 0.999995 0.0006411 -0.0155213 0.0205319 -0.000716172 0.999788 1.26602
0.999816 -0.00548528 -0.0190825 -0.0367986 0.00549355 0.999974 0.000362602 0.0188741 0.0190828 -0.00046813 0.999818 1.22279
0.999796 -0.00395805 -0.0193017 -0.0439237 0.00395259 1 -0.000294073 0.00734263 0.0192999 0.000218298 0.999817 1.27634
0.999789 -0.00496783 -0.0204164 -0.045029 0.00496042 0.999977 -0.000441224 0.0073053 0.0204211 0.000339294 0.999788 1.27445
0.999784 -0.00468813 -0.0198389 -0.0501963 0.00471993 0.999999 0.00157562 0.0130613 0.0198277 -0.00166834 0.999807 1.21097
0.999752 -0.00385225 -0.0222366 -0.0392528 0.0038737 0.999982 0.000906761 -1.8439e-05 0.022236 -0.000993267 0.999748 1.25292
0.999687 -0.00418788 -0.0243457 -0.0430298 0.00417237 1 -0.000675201 -0.00528916 0.0243454 0.00057405 0.999705 1.22596
0.999657 -0.00161916 -0.0264344 -0.00927037 0.00156077 0.999986 -0.00224157 -0.00729699 0.026441 0.00219887 0.999646 1.24348
0.999632 -0.00160484 -0.0267688 -0.0180037 0.00160642 1.00001 5.00214e-05 -0.0133647 0.0267655 -9.23961e-05 0.999643 1.23581
0.999635 -0.000949757 -0.0273132 -0.0192597 0.000974384 0.999989 0.000877636 -0.0124304 0.0273154 -0.000904522 0.999626 1.22928
0.999623 4.62127e-05 -0.0271117 -0.0379847 -2.40963e-05 1.00001 0.000829181 -0.0139655 0.0271086 -0.000827617 0.999633 1.20162
0.999606 -0.00126524 -0.028389 -0.0196575 0.00126226 0.99999 -0.000137635 -0.0177013 0.0283924 0.000101145 0.999597 1.2078
0.999596 0.000102821 -0.0280676 -0.0201928 -9.47192e-05 1.00001 0.000302416 -0.0133942 0.0280644 -0.000299064 0.999606 1.22526
0.999621 -0.000833406 -0.0278738 -0.0198339 0.000856182 0.99999 0.000789783 -0.0110843 0.0278763 -0.000813904 0.999611 1.22046
0.99957 -0.00211964 -0.0288956 -0.0204698 0.00216528 1.00001 0.00156623 -0.0120781 0.028889 -0.00162756 0.999581 1.21405
0.999574 -0.00182348 -0.0294735 -0.0309308 0.00184413 0.99999 0.000657896 -0.0160838 0.0294756 -0.000712532 0.999565 1.19794
0.999518 -0.0037926 -0.0304988 -0.0250155 0.00374741 1 -0.00152456 -0.0102587 0.030501 0.00141016 0.999534 1.21047
0.999526 -0.0020266 -0.03105 -0.0328902 0.00203599 0.99999 0.000256456 -0.00794152 0.0310528 -0.000320095 0.999517 1.19695
0.999479 -0.000341797 -0.0319791 -0.0228484 0.000390849 1.00001 0.00154046 -0.00828077 0.0319752 -0.0015517 0.999488 1.2261
0.999517 5.32871e-06 -0.0313826 -0.0316173 6.11094e-05 0.99999 0.00211358 -0.00348888 0.0313857 -0.00211494 0.999504 1.19139
0.999443 -0.00252833 -0.0329932 -0.0346402 0.00249821 1 -0.00095191 -0.00565819 0.0329922 0.000869446 0.999456 1.18966
0.999367 -0.00292644 -0.0357256 -0.0122006 0.00290274 0.999989 -0.000720653 -0.019465 0.0357309 0.000616023 0.99936 1.19435
0.999322 -0.00342058 -0.0363996 -0.00949348 0.00344806 1 0.000696925 -0.0183873 0.0363937 -0.000821506 0.999339 1.19465
0.99941 -0.00393005 -0.0343846 -0.0272007 0.00395238 0.999985 0.000578087 -0.00473993 0.0343855 -0.000714106 0.999406 1.21132
0.999378 -0.000580559 -0.0350163 -0.0201606 0.000604997 1.00001 0.000684015 -0.00488595 0.0350125 -0.000704378 0.999389 1.22455
0.999386 -0.00369544 -0.0351081 -0.034191 0.00375759 0.999985 0.00170386 -0.0045759 0.035105 -0.00183518 0.99938 1.18102
0.99936 -0.00205192 -0.0354866 -0.029772 0.00213298 1 0.00223836 -0.00849058 0.0354785 -0.00231219 0.99937 1.20666
0.999373 -0.0020894 -0.0355813 -0.0291984 0.00215107 0.999991 0.0017023 -0.0092703 0.0355809 -0.00177824 0.999363 1.19788
0.999365 -0.00204875 -0.0353278 -0.0347681 0.00207818 1 0.000790537 -0.00567944 0.0353228 -0.00086301 0.999378 1.20361
0.999377 -0.00226177 -0.0354853 -0.0360337 0.00228816 0.999992 0.000710519 -0.00566796 0.0354869 -0.000791722 0.999368 1.19433
0.999348 -0.00220617 -0.0357876 -0.0319461 0.00220412 1 -0.000102773 -0.00415293 0.0357845 2.42592e-05 0.999361 1.18769
0.999358 -0.000699387 -0.0360967 -0.0238358 0.00067255 0.999996 -0.000750069 -0.00593519 0.0361005 0.000724855 0.999347 1.21626
0.99937 -0.00112494 -0.0351759 -0.0262395 0.00113615 1 0.00029216 -0.00242415 0.0351722 -0.000331519 0.999382 1.2132
0.999422 -0.00051471 -0.0343047 -0.0265994 0.000526077 0.999996 0.000328038 -0.00401449 0.0343078 -0.000346309 0.999411 1.20707
0.999426 -5.97521e-06 -0.0335656 -0.025601 -2.23918e-05 1 -0.000851368 -0.00464873 0.0335623 0.00085204 0.999437 1.19294
0.999452 -0.00317636 -0.0332748 -0.0217785 0.00318188 0.999993 0.00012118 -0.0100884 0.0332776 -0.000227396 0.999446 1.20778
0.999451 -0.00339773 -0.0326464 -0.0263321 0.00346014 0.999994 0.0018489 -0.00859279 0.0326366 -0.00196038 0.999466 1.18746
0.999538 -0.00240522 -0.03065 -0.0348491 0.00244312 0.999995 0.00119989 -0.0161063 0.0306503 -0.00127465 0.99953 1.20333
0.999537 -0.00327766 -0.0298789 -0.0372446 0.00326483 0.999995 -0.000479034 -0.0084113 0.029877 0.000381711 0.999553 1.21258
0.999554 -0.00341246 -0.0300554 -0.0373819 0.00340782 0.999993 -0.000203706 -0.00990147 0.0300593 0.000100774 0.999549 1.20493
0.999554 -0.00351285 -0.0292793 -0.0453538 0.00350116 0.999995 -0.000451321 -0.000509481 0.0292773 0.00034904 0.999572 1.19701
0.999536 -0.00402554 -0.0305513 -0.0275017 0.00404582 0.999991 0.000600197 -0.0101741 0.0305521 -0.000723941 0.999533 1.23771
0.99949 -0.00391431 -0.0313458 -0.0203236 0.00392232 0.999993 0.000196124 -0.0092224 0.0313413 -0.000318573 0.999509 1.22914
0.999519 -0.00435525 -0.0310483 -0.0218699 0.00434235 0.99999 -0.000486032 -0.0121023 0.0310537 0.000350523 0.999518 1.2161
0.999551 -0.00275674 -0.0294959 -0.0398507 0.00277152 0.999996 0.000463502 -0.0124551 0.029491 -0.00054458 0.999566 1.1914
0.999589 -0.00247205 -0.0289018 -0.0418354 0.00250502 0.999996 0.00110029 -0.00986441 0.0289025 -0.00117272 0.999581 1.20672
0.999527 -0.0018825 -0.0303916 -0.0330333 0.00188648 0.999999 0.000108667 -0.00953451 0.0303877 -0.000165413 0.999539 1.22803
0.999508 -0.00291147 -0.0315368 -0.0200812 0.00283276 0.999992 -0.00254767 -0.00971891 0.0315477 0.00245649 0.999498 1.23417
0.999462 -0.00273766 -0.0323797 -0.0116538 0.0026381 0.999991 -0.00311335 -0.00545602 0.0323842 0.00302673 0.999471 1.23541
0.999518 -0.00367202 -0.0311523 -0.0190345 0.00367856 0.999994 0.000147127 -0.00264438 0.0311552 -0.000262125 0.999515 1.22364
0.999532 -0.00255549 -0.0301601 -0.0349541 0.00260049 0.999996 0.00145801 -0.0120119 0.0301525 -0.00153531 0.999545 1.21909
0.999582 -0.00129633 -0.0292278 -0.0408507 0.00135676 0.999997 0.00204295 -0.01393 0.0292289 -0.00208216 0.999571 1.2113
0.999663 0.000607371 -0.0255645 -0.052172 -0.00063158 1 -0.000929906 -0.00256256 0.02556 0.000946176 0.999673 1.21729
0.999698 -0.000189933 -0.0248999 -0.0457555 0.000182459 0.999999 -0.000315106 -0.00609051 0.0249037 0.00031003 0.999687 1.24941
0.999717 -0.00056173 -0.023485 -0.0427016 0.000586944 1 0.00108106 -0.00639118 0.0234807 -0.00109412 0.999727 1.25241
0.999725 -0.0013023 -0.0238539 -0.0199179 0.00135446 0.999996 0.00215746 -0.00229492 0.0238547 -0.00218956 0.999715 1.27692
0.999706 -0.00291534 -0.0236255 0.00574887 0.0029528 0.999995 0.00156359 0.00618696 0.023617 -0.00163259 0.999717 1.31516
0.999758 -0.00215378 -0.0224119 -0.00176057 0.00218164 0.999996 0.00119792 -0.00193609 0.0224131 -0.00124687 0.999752 1.2677
0.999801 -0.00339015 -0.0190768 -0.0422937 0.00341263 0.999996 0.00117004 -0.0190393 0.019069 -0.00123458 0.999814 1.22007
0.999769 -0.000997148 -0.0220283 -0.00193428 0.00100049 0.999997 0.000111714 -0.00866248 0.022032 -0.000134019 0.999762 1.26911
0.9998 -0.00246177 -0.019254 -0.0474102 0.00246791 0.999999 0.000332965 -0.00631341 0.0192493 -0.00038016 0.99981 1.22325
0.999807 -0.00104859 -0.0201998 -0.0269025 0.00109973 0.999994 0.00248734 0.000491382 0.020201 -0.00250931 0.999798 1.25327
0.999764 -0.00129836 -0.0210917 -0.00586399 0.00135613 0.999998 0.00276012 -0.0100893 0.0210842 -0.00278785 0.999768 1.2615
0.999771 -0.00207044 -0.0219381 -0.00011326 0.00210316 0.999994 0.00143409 -0.0114944 0.0219389 -0.00148017 0.999765 1.27426
0.999764 -0.00188302 -0.021011 -0.000124699 0.00185379 1 -0.00137435 -0.0154845 0.0210097 0.0013354 0.999771 1.26782
0.999795 -0.00212762 -0.0207502 0.0065212 0.00213035 0.999995 7.5785e-05 -0.0135235 0.0207537 -0.000120261 0.999791 1.28913
0.9998 -0.000371611 -0.019353 -0.00547653 0.000388638 1 0.000911169 -0.0148144 0.0193489 -0.000918236 0.999806 1.27026
0.999909 -0.00182558 -0.0142908 -0.0826459 0.0018741 0.999991 0.00332727 -0.0158602 0.0142882 -0.00335395 0.999898 1.27999
