0.999999 -0.00120927 -0.00100074 -0.00430914 0.00121159 0.999996 0.00230087 -0.00998963 0.000998002 -0.00230214 0.999996 1.53137
1 0.000288773 0.000736374 -0.0102093 -0.000290777 0.999997 0.00276359 -0.00566713 -0.000735722 -0.00276374 0.999997 1.50838
0.999995 0.00128123 -0.00305368 -0.00461448 -0.00127819 0.999997 0.000990405 -0.00686708 0.00305509 -0.000986532 0.999993 1.52103
1 0.000896711 0.000660509 -0.0141994 -0.000897684 1 0.00149609 -0.00789557 -0.000659424 -0.00149662 1 1.49593
0.999995 0.000151239 -0.00304178 -0.0148614 -0.000147579 0.999998 0.00120006 -0.0201538 0.00304215 -0.00119968 0.999993 1.5244
0.999999 0.000367969 -0.00180613 -0.0112864 -0.000367122 1 0.000456463 -0.00325233 0.0018061 -0.000455749 1 1.49921
1 0.000102619 0.000174794 -0.00999576 -0.00010282 0.999998 0.00148011 -0.00635218 -0.00017442 -0.00148033 0.999998 1.48281
0.999997 0.00021287 -0.00283147 -0.00588777 -0.000211713 1 0.000415265 -0.00085873 0.00283129 -0.000414473 0.999998 1.49985
0.999999 0.000529531 -0.00102161 -0.00957774 -0.00052865 0.999999 0.000793587 -0.0132317 0.0010223 -0.000793221 0.999997 1.49004
1 0.000657353 0.00121953 -0.00901889 -0.000660436 0.999997 0.00251809 -0.010463 -0.00121823 -0.00251866 0.999998 1.47467
0.999997 0.000393652 -0.00240456 -0.0076992 -0.000385746 0.999994 0.00329633 -0.00518132 0.00240616 -0.00329559 0.99999 1.4879
1 0.000343001 -0.000331132 -0.0111679 -0.00034228 0.999998 0.0022481 -0.00447279 0.000331556 -0.00224779 1 1.47626
0.999999 -1.59033e-05 0.00151195 -0.00870757 1.33701e-05 0.999998 0.00169683 -0.00503726 -0.00151172 -0.00169699 0.999996 1.46202
0.999998 -3.4162e-05 -0.00186186 -0.0110287 3.59443e-05 1 0.000983025 -0.0154444 0.0018616 -0.000982864 1 1.47945
1 4.02417e-05 0.00144951 -0.00408554 -4.14907e-05 1 0.000940389 -0.00808299 -0.00144927 -0.000940489 0.999997 1.455
0.999998 0.000382394 -0.00165975 -0.0149093 -0.000380501 0.999999 0.00119673 -0.014761 0.00166002 -0.00119616 1 1.46478
1 0.000261446 0.000328705 -0.00599028 -0.000261733 1 0.00111922 -0.00891828 -0.000328254 -0.0011193 0.999997 1.45022
0.999998 0.000112191 0.00199914 -0.00866115 -0.000113172 1 0.000470342 -0.00864719 -0.00199927 -0.000470573 1 1.43377
1 2.42854e-05 -0.00128606 -0.0114545 -2.42327e-05 1 -5.25013e-05 -0.00307017 0.00128622 5.26188e-05 0.999997 1.43619
1 -0.000449275 0.000482299 -0.00703885 0.000448307 0.999999 0.00173062 -0.0141763 -0.000483262 -0.00173047 1 1.42926
0.999999 -0.000342181 0.00168615 -0.00492743 0.000340116 0.999999 0.001275 -0.00677133 -0.00168637 -0.00127433 0.999995 1.41616
0.999999 -0.000245911 -0.00134018 -0.00917564 0.000248284 0.999999 0.00187154 -0.00586802 0.00133963 -0.00187193 1 1.41949
0.999998 -9.92565e-05 0.00219665 0.00157974 9.72856e-05 1 0.000958247 -0.00174113 -0.00219664 -0.000957993 0.999994 1.39116
1 1.17671e-05 -0.000732706 -0.0115116 -1.15934e-05 1 0.000338223 -0.00219142 0.000732622 -0.000338268 1 1.3769
1 9.89765e-05 0.00056673 -0.00833601 -9.94281e-05 1 0.000850132 -0.0015933 -0.000566591 -0.000850123 0.999997 1.37212
0.999997 -5.32756e-06 0.0026434 0.00155784 2.36079e-06 0.999999 0.0011341 -0.00182696 -0.00264343 -0.00113411 0.999998 1.35003
1 5.94541e-05 -7.43518e-05 -0.0119781 -5.93449e-05 0.999999 0.00112372 -0.00367137 7.44011e-05 -0.0011237 0.999997 1.33443
0.999999 0.00010121 0.00171654 -0.00708358 -0.000104284 0.999999 0.00176183 -0.00680209 -0.00171633 -0.00176204 0.999999 1.32576
0.999995 0.00012384 0.00307622 -0.00344265 -0.000128218 0.999998 0.001447 -0.00825861 -0.00307597 -0.00144734 0.999992 1.29993
0.999999 0.000413046 0.00115088 -0.00568677 -0.000414223 1 0.000979372 0.00173161 -0.00115055 -0.000979886 1 1.27944
0.999989 0.000220039 0.00466184 -0.00191482 -0.000222935 0.999999 0.000639616 -0.00276591 -0.00466171 -0.000640619 0.999987 1.26682
0.999996 -0.000634548 0.00258015 -0.0120088 0.000637046 0.999999 -0.000997064 -0.023429 -0.00257946 0.000998675 0.999998 1.24864
0.999985 0.000246581 0.00570482 -0.00846006 -0.000247659 1 0.000199336 0.00462528 -0.00570468 -0.000200614 0.999982 1.23698
0.999999 0.000395891 -9.24616e-05 -0.00395655 -0.000395796 0.999999 0.00126064 0.00261368 9.28557e-05 -0.00126064 1 1.2333
0.999979 0.000176818 0.00672462 0.00351975 -0.000182087 1 0.000783037 -0.00365728 -0.00672436 -0.000784176 0.999975 1.20036
0.999975 0.000349689 0.00681781 -0.000378017 -0.000352758 1 0.000455229 -0.000422661 -0.00681774 -0.000457725 0.999979 1.19423
0.999967 0.000134307 0.00840706 -0.00542322 -0.000134638 1 4.0915e-05 -0.0027567 -0.00840707 -4.19215e-05 0.999963 1.18777
0.999972 0.000289299 0.00723368 -0.00710771 -0.000295234 1 0.000814655 -0.0131176 -0.00723343 -0.00081687 0.999975 1.17199
0.999935 0.000277871 0.0115376 0.00747469 -0.000282407 1 0.000396974 0.000913393 -0.0115375 -0.000400073 0.999932 1.16123
0.999927 0.000100929 0.0120166 -0.00641144 -0.000104185 1 0.0002655 -0.00520391 -0.0120164 -0.000266888 0.99993 1.15236
0.999893 -7.9032e-05 0.014765 0.000632783 7.28008e-05 1 0.00042601 -0.00449674 -0.0147651 -0.000424839 0.999889 1.13825
0.999843 -3.72614e-05 0.0176122 0.00710824 2.86272e-05 1 0.000488517 -0.00192303 -0.0176121 -0.000487999 0.999846 1.12807
0.999866 6.74233e-05 0.0164423 -0.00107284 -8.44204e-05 0.999999 0.00103657 -0.0121893 -0.0164424 -0.00103784 0.999863 1.1094
0.999812 9.45305e-05 0.019306 0.0108675 -0.000102898 1 0.000428562 -0.00799242 -0.0193058 -0.00043044 0.999815 1.10249
0.99977 -3.55759e-05 0.0215281 0.0148205 3.42049e-05 1 6.81993e-05 -0.00608121 -0.0215283 -6.74587e-05 0.999768 1.09533
0.999801 -0.000511339 0.0198541 0.00418264 0.00050064 1 0.000542542 -0.00972267 -0.0198542 -0.000532559 0.999804 1.0724
0.999701 -0.00627926 0.0237221 0.0212432 0.00621179 0.999976 0.00291819 -0.0234389 -0.02374 -0.00276988 0.999713 1.0636
0.999704 -0.00593128 0.0235137 0.0122185 0.00587945 0.999981 0.00227157 -0.0200349 -0.0235265 -0.00213272 0.999723 1.06681
0.999697 -0.00342168 0.0244215 0.021715 0.00336577 0.999989 0.00233144 -0.0502775 -0.0244296 -0.0022484 0.999697 1.03605
0.99961 -0.00646194 0.0270976 0.023542 0.006527 0.999979 -0.00231787 -0.0502626 -0.0270815 0.00249373 0.999632 1.03059
0.999663 -0.00140827 0.0259927 0.0174001 0.00140389 0.999996 0.000190826 -0.00568365 -0.0259933 -0.000154042 0.999662 1.01081
0.999571 -0.0014189 0.029208 0.0237714 0.00142184 1 -8.20495e-05 -0.0109089 -0.0292075 0.000123263 0.999574 1.00611
0.999581 -0.000724808 0.0289957 0.0257062 0.000712726 0.999996 0.000428807 -0.0162652 -0.0289963 -0.000407678 0.999579 0.998044
0.999534 -0.000264275 0.0304815 0.0242625 0.000248137 1 0.000529877 -0.0172973 -0.0304813 -0.000522421 0.999536 0.983561
0.999486 -1.59621e-05 0.0321116 0.0158668 3.97035e-05 0.999997 -0.000731045 0.0118008 -0.032112 0.000732352 0.999483 0.982633
0.999504 -0.00321593 0.0313016 0.0219097 0.00335672 0.999988 -0.00445353 -0.00555827 -0.0312865 0.00455599 0.999501 0.966991
0.999497 -0.000602112 0.0317569 0.0319142 0.000611472 0.999997 -0.000277643 -0.00853759 -0.0317571 0.000297269 0.999495 0.955288
0.9994 0.000943319 0.0345991 0.0218668 -0.00103307 0.999999 0.00257255 -0.0222567 -0.0345961 -0.00260719 0.999399 0.968681
0.999413 0.00276544 0.0342072 0.0238358 -0.00287598 0.999987 0.00318862 -0.0124028 -0.0341985 -0.00328472 0.999409 0.946072
0.999318 -0.000310633 0.0368545 0.0275724 0.000285443 1 0.000683937 -0.010876 -0.0368544 -0.00067331 0.999321 0.940147
0.99928 -0.000265211 0.03802 0.0087005 0.000157861 0.999994 0.00283384 -0.0158238 -0.0380208 -0.00282555 0.999274 0.941216
0.999308 0.0004284 0.0371188 0.0208009 -0.000424188 1 -0.000131611 -0.00245078 -0.0371186 0.000115564 0.999309 0.915398
0.999327 9.61717e-05 0.0367591 0.0232712 -0.000101508 0.999998 0.000155242 -0.000816072 -0.0367593 -0.000158687 0.999326 0.926966
0.999382 -0.00038039 0.0351148 0.0288507 0.000343414 1 0.00104642 -0.00691377 -0.0351149 -0.00103376 0.999382 0.91736
0.999345 -0.000349316 0.0362264 0.0294518 0.000333534 0.999998 0.000454326 0.00269785 -0.036227 -0.00044195 0.999345 0.912786
0.999323 -8.82259e-05 0.036756 0.0206684 8.77859e-05 1 1.97984e-06 -0.014859 -0.0367555 1.33889e-06 0.999323 0.907764
0.999349 4.69009e-05 0.0360927 0.022033 -4.74061e-05 0.999998 2.72085e-05 0.0083124 -0.0360932 -2.89241e-05 0.99935 0.897437
0.999345 0.000116197 0.0361634 0.0271926 -0.000105492 1 -0.000315308 0.0176356 -0.0361631 0.000311253 0.999345 0.901278
0.999361 8.86146e-05 0.0357729 0.0205856 -9.61989e-05 0.999999 0.000226176 -0.00818844 -0.0357733 -0.000229561 0.999362 0.897776
0.999339 0.00260773 0.0362227 0.0225223 -0.00243698 0.999986 -0.00477388 -0.0110761 -0.0362341 0.00468258 0.99933 0.903355
0.9993 0.00275464 0.0373541 0.0230706 -0.00245767 0.999965 -0.00797608 0.0197814 -0.0373753 0.00787864 0.999273 0.907847
0.999346 0.00357586 0.0359371 0.016523 -0.00339443 0.999981 -0.00512683 -0.01095 -0.0359543 0.00500157 0.999338 0.899857
0.999309 0.000263275 0.0372425 0.0201713 -0.000211406 1 -0.00137972 0.0220237 -0.0372431 0.00137084 0.99931 0.913658
0.999269 0.000206632 0.0381471 0.0164858 -0.000193428 0.999999 -0.000367993 0.014009 -0.0381468 0.00036035 0.999268 0.929364
0.999361 0.00193068 0.0357839 0.026449 -0.00218439 0.999973 0.00707171 -0.000487672 -0.0357696 -0.00714536 0.999341 0.920148
0.999224 0.0053472 0.0389396 0.0120354 -0.00551355 0.999977 0.0041494 -0.00740087 -0.0389159 -0.00436082 0.999228 0.941489
0.999287 0.00661194 0.0372734 0.0178083 -0.00664376 0.999977 0.000747127 -0.00394036 -0.0372684 -0.000994284 0.999311 0.920928
0.999243 0.0061448 0.0383257 0.0120455 -0.00616033 0.999981 0.000270708 -0.00170817 -0.0383226 -0.000506523 0.99926 0.939962
0.999245 1.80975e-05 0.0389347 0.0167674 -3.7328e-05 1 0.000510191 -0.00596448 -0.0389353 -0.000511218 0.999247 0.953327
0.99927 0.000128123 0.0381235 0.0132495 -0.000177745 1 0.0012821 -0.0064117 -0.0381227 -0.00128802 0.999266 0.95194
0.99932 -0.000254564 0.0369624 0.021531 0.000234752 0.999999 0.000556874 -0.00894293 -0.0369631 -0.000547671 0.999323 0.952275
0.999322 0.000132448 0.0367261 0.0318497 -0.000145846 1 0.000346171 -0.00440858 -0.0367254 -0.000351361 0.999319 0.959947
0.999399 -0.00585676 0.0342933 0.0380296 0.00583969 0.999983 0.000614496 -0.0284191 -0.0342969 -0.000413807 0.999418 0.947838
0.999389 -0.00118704 0.034816 0.0228026 0.00118712 0.999999 3.5436e-06 -0.00942844 -0.0348152 3.7748e-05 0.999387 0.962856
0.99949 0.00111657 0.0320304 0.0291336 -0.00109733 1 -0.000601679 0.00311207 -0.0320319 0.000566265 0.999494 0.959652
0.999552 -0.000791705 0.0297728 0.026588 0.000773155 0.999998 0.000614829 -0.0151393 -0.0297725 -0.000591461 0.999551 0.967822
0.999645 -0.000119614 0.0267699 0.0212124 0.000128993 1 -0.000327505 0.0127269 -0.0267706 0.000330809 0.999647 0.970365
0.999761 0.000103239 0.0217387 0.0159985 -0.000115388 0.999999 0.000533228 0.00850983 -0.021738 -0.000535588 0.999758 0.981289
0.999815 0.000344994 0.0194152 0.0110531 -0.000361153 1 0.000856948 0.00815383 -0.0194155 -0.000863826 0.999817 0.984274
0.999836 0.000236527 0.0179431 0.0108031 -0.000234588 1 -0.000142101 -0.00132515 -0.0179423 0.000137979 0.999833 0.982414
0.999901 0.000545572 0.0143175 0.011761 -0.000540147 1 -0.00034125 -0.00323951 -0.0143184 0.000333384 0.999904 0.986879
0.999921 2.1857e-05 0.0122322 0.00920121 -1.9539e-05 1 -0.000230222 -0.0118219 -0.0122313 0.000230042 0.999919 0.987348
0.999934 -0.00532527 0.010622 0.0140322 0.00536118 0.99998 -0.00330718 -0.00679215 -0.010605 0.00336386 0.999945 0.987242
0.99998 -1.6533e-05 0.00558133 0.0113357 1.88452e-05 1 -0.000506161 0.0105069 -0.0055804 0.000506322 0.999977 0.998483
0.999996 -6.14909e-05 0.00415516 0.004093 6.37004e-05 1 -0.000404769 0.00552696 -0.00415607 0.000404984 0.999998 0.997558
0.999988 -6.16718e-05 0.00377445 0.00461318 6.11023e-05 1 3.0066e-05 -0.00269721 -0.00377351 -2.97704e-05 0.999986 1.00586
1 -0.000148145 0.00194453 0.00182794 0.000149541 1 -0.00046956 0.00343315 -0.00194545 0.000469785 1 1.00259
0.99999 5.79702e-06 0.00340913 -0.000215759 -5.4095e-06 1 -0.000250112 -0.00274317 -0.00340818 0.000250143 0.999987 1.00234
1 0.000233789 0.0012662 0.00117896 -0.000233001 1 -0.00022818 0.000792602 -0.00126732 0.000227835 1.00001 1.0067
0.999993 -0.000551664 0.00222719 0.0073351 0.000550333 1 0.000358231 -0.0106374 -0.00222637 -0.000356959 0.999991 1.01774
1 -0.000445998 0.00316903 -0.00228082 0.000444326 1 0.000686805 0.00722699 -0.00317038 -0.000685533 1 1.01302
0.999994 -2.0173e-05 0.0015843 -0.00147502 1.93701e-05 1 0.000206511 -0.000264226 -0.00158323 -0.000206311 0.999992 1.02386
1 0.000705944 0.00215205 0.000837303 -0.00070492 1 -0.000275392 -0.00658097 -0.00215336 0.00027364 1 1.02328
0.99999 -1.59861e-05 0.0032254 0.00204731 1.62152e-05 1 -0.00019497 0.00393014 -0.00322433 0.000195221 0.999988 1.00948
1 0.000170681 0.00145341 -0.00427174 -0.000169982 1 -0.000247071 -0.00584898 -0.00145449 0.000246667 1.00001 1.04214
0.999991 0.000429825 0.00292544 -0.0101378 -0.000429594 1 -0.000195619 0.00377186 -0.00292462 0.00019453 0.99999 1.02172
1 0.000563666 0.00131351 -0.00781586 -0.000563457 1 0.000118547 0.0005124 -0.00131421 -0.000119442 1 1.04943
0.999991 0.000696407 0.0025693 -0.0096458 -0.000697344 1 0.000250488 0.000752251 -0.00256846 -0.000252126 0.999991 1.04508
0.999999 0.00117382 0.00327987 -0.0117863 -0.00117573 0.999999 0.000658269 -0.00467879 -0.0032798 -0.000662226 0.999999 1.05902
0.999993 0.000662127 0.00184202 -0.00479918 -0.000662035 1 -0.00016081 0.0114845 -0.00184145 0.000159709 0.999993 1.06791
1 0.000598317 0.00262593 -0.00327723 -0.000600035 1 0.000703988 -0.0121733 -0.0026262 -0.000705634 1 1.06833
0.999991 0.000485564 0.00276422 -0.00685099 -0.000485289 1 -9.27735e-05 -0.00218934 -0.00276355 9.15175e-05 0.999991 1.05678
1.00001 0.000867602 0.000933635 0.00428175 -0.000867625 1 -3.48197e-05 -0.00343202 -0.000934414 3.38631e-05 1 1.06858
0.999994 0.000474446 0.000893034 0.00026386 -0.000474313 1 -0.000108691 0.00110194 -0.000892359 0.000108357 0.999995 1.07281
1.00001 0.000407292 0.00111233 -0.008386 -0.000407431 1 0.000190382 0.000328789 -0.00111301 -0.000190962 1 1.07618
0.999994 0.000745214 -0.000931172 -0.00613896 -0.000744776 0.999999 0.000485729 0.00212663 0.000932282 -0.00048497 0.999994 1.08634
1.00001 0.000723591 0.000484216 -0.0180825 -0.000723543 1 5.19575e-05 0.00678455 -0.000484929 -5.2362e-05 1.00001 1.08887
0.999994 0.00101523 -0.000838416 -0.0107071 -0.00101519 1 0.000100436 -0.00207355 0.00083922 -9.94731e-05 0.999994 1.08928
1.00001 0.00046852 -9.53002e-05 -0.0112881 -0.000468461 0.999999 0.000225411 0.000710123 9.46858e-05 -0.000225437 1.00001 1.08735
0.999995 0.00101902 0.000642965 -0.0171442 -0.00101926 1 0.000293813 -0.00101051 -0.000641939 -0.000294391 0.999995 1.09068
1 2.60601e-05 -0.000900933 -0.00490916 -2.50818e-05 0.999999 0.000956919 -0.0104644 0.000900278 -0.00095695 1 1.10713
0.999993 -0.00187557 0.000296216 0.000522999 0.00187314 0.999969 0.00776081 -0.0106993 -0.000310042 -0.00776022 0.999965 1.11102
1 -0.000125563 0.000907599 0.000703452 0.000124746 0.999999 0.000931744 -0.0100415 -0.000908344 -0.000931728 1 1.10699
0.999975 -0.00625841 -0.00135211 0.0145079 0.00625834 0.999982 -3.18976e-05 -0.00686325 0.00135284 2.35024e-05 0.999994 1.11695
0.999999 -0.0033332 0.000668304 0.0101417 0.0033362 0.999982 -0.00456474 -0.00958879 -0.000653564 0.00456687 0.999994 1.10662
0.999985 -0.00390217 -0.00209675 -0.000271653 0.00389242 0.999984 -0.00459443 0.00300031 0.00211511 0.00458626 0.999982 1.11746
1.00001 0.000235781 -0.000682015 0.00152226 -0.000235881 0.999998 -0.000138689 0.00744188 0.000681435 0.000138901 1.00001 1.12401
0.999994 0.000625477 0.000858869 -0.0165102 -0.000625899 1 0.000410521 0.0212034 -0.000858027 -0.000411119 0.999994 1.12796
1 0.00142755 -0.00133803 9.08739e-05 -0.00142313 0.999993 0.0032322 -0.0234467 0.00134201 -0.00323015 1 1.13998
0.999993 0.000771623 -0.000227473 -0.00883998 -0.00077151 1 0.0011859 0.000560177 0.00022888 -0.00118586 0.999992 1.14307
1.00001 0.00170486 0.000405596 -0.00551574 -0.00170461 0.999998 -0.00032326 0.00173945 -0.000406609 0.000322703 1.00001 1.14791
0.999993 -2.92346e-05 -0.00101484 0.00519708 2.83234e-05 1 -0.000613169 0.0104247 0.00101522 0.000613003 0.999993 1.14163
1.00001 3.44656e-05 0.000171936 -0.00796983 -3.40926e-05 0.999999 -0.000263789 0.00988087 -0.000172253 0.000263961 1.00001 1.14536
0.999993 0.0016045 -0.00118231 -0.000240711 -0.00160308 1 0.00137825 -0.0215305 0.00118478 -0.00137651 0.999992 1.14882
1 -0.00149456 -7.11409e-05 -0.00531976 0.00149514 0.999979 0.00596074 0.00438113 6.20448e-05 -0.00596064 0.999988 1.1618
0.999995 0.0010101 0.000568884 -0.00654706 -0.00101052 1 0.000537137 -0.0078568 -0.000568086 -0.000537903 0.999993 1.16936
1 0.000996799 -0.00105291 -0.00577884 -0.000997132 0.999997 -0.000441735 0.000531764 0.00105225 0.000442996 1.00001 1.16494
0.999995 -3.45972e-05 -0.000157013 -0.0108272 3.45572e-05 1 -4.75967e-05 0.000177329 0.000157199 4.73924e-05 0.999994 1.17278
1 0.000566894 0.00063809 -0.00960658 -0.000567258 0.999997 0.000595846 -0.0062277 -0.000638015 -0.000595984 1.00001 1.19386
0.999994 -8.83185e-05 -0.00162142 -0.00245324 8.89633e-05 1 0.000369305 0.00308278 0.00162176 -0.000369623 0.999992 1.18654
1 -0.000138595 -0.000685554 -0.00380451 0.000138722 0.999998 0.000276529 -0.0021644 0.000685134 -0.000276466 1.00001 1.18956
0.999996 -0.000178278 -0.000541127 -0.00307454 0.00017829 1 -0.000142963 -0.00310759 0.000541559 0.000142759 0.999993 1.20262
1 -0.000367128 -0.00143984 -0.00332544 0.000367036 0.999998 1.82429e-05 0.000209299 0.00143942 -1.87213e-05 1.00001 1.19029
0.999996 0.000370532 -0.000312057 -0.00263194 -0.000370548 1 -0.000185895 4.66946e-05 0.000312438 0.000185973 0.999994 1.21205
1 -0.000353114 -0.00218807 0.00093545 0.0003534 0.999998 0.000148562 -0.00193117 0.00218753 -0.000149228 1 1.194
0.999995 -0.000174475 -0.0011886 -0.00659323 0.000175031 1 0.000367383 -0.00552153 0.00118909 -0.000367707 0.999993 1.21675
1 0.00118743 -0.000308876 -0.00658724 -0.00118744 0.999998 0.000264097 -0.00832903 0.00030861 -0.000263599 1.00001 1.22747
0.999993 0.000109562 -0.00206983 -0.00138369 -0.000108268 1 0.000570585 -0.0101801 0.0020705 -0.000570436 0.999991 1.21437
1 0.00106913 -0.00163986 -0.00853295 -0.00106991 0.999999 -0.000386178 -0.000548398 0.00163883 0.000387998 1.00001 1.22651
0.999996 0.000329914 -0.000269685 -0.0160763 -0.000329916 1 -0.000444528 -0.0101691 0.000270202 0.00044451 0.999993 1.23653
1 0.00125521 -0.00225881 -0.00261885 -0.00125388 0.999999 0.000620647 -0.00379374 0.00225899 -0.000617704 1 1.23163
0.999995 0.00178314 0.000133428 -0.0172553 -0.00178317 1 0.000583757 -0.0071063 -0.000131831 -0.000584104 0.999994 1.24897
1 0.00127189 -0.00101379 -0.00769568 -0.00127225 0.999998 -0.000323569 -0.00610917 0.00101282 0.000324975 1.00001 1.24196
0.999996 0.00114469 0.000129634 -0.0122793 -0.00114465 1 3.03292e-05 -0.00415311 -0.000129036 -3.06231e-05 0.999993 1.25529
1 0.000807286 0.00199706 -0.0172725 -0.000810202 0.999998 0.00148806 -0.00355578 -0.00199638 -0.00148953 1 1.26904
0.999996 0.000888884 0.000165159 -0.00506696 -0.000889021 1 0.000633121 -0.00475074 -0.000164133 -0.00063337 0.999993 1.25892
1 0.000983337 0.00152823 -0.00757134 -0.000983766 0.999999 0.000303878 -0.00346959 -0.00152837 -0.000305271 1.00001 1.26017
0.999994 -6.91567e-05 0.00249303 -0.0145899 6.9319e-05 1 -7.16064e-05 -0.000122627 -0.00249264 7.16992e-05 0.99999 1.2629
1 0.000113618 0.00144949 -0.00094543 -0.000114648 1 0.000755739 -0.00668751 -0.00144976 -0.000755865 1.00001 1.25235
0.999989 0.00149759 0.00335438 -0.012914 -0.00149969 1 0.000575418 -0.00494451 -0.00335313 -0.000580459 0.999988 1.2764
0.999998 0.000543622 0.00349452 -0.00175374 -0.000545046 0.999999 0.000442167 -0.0130042 -0.00349466 -0.000444048 1 1.23545
0.999981 0.00148425 0.00548201 -0.0110498 -0.00148141 0.999998 -0.000559342 0.0102057 -0.00548238 0.000551219 0.999979 1.24391
0.999967 -0.000314997 0.00841705 -0.00511996 0.000314366 1 0.000102166 -0.0104932 -0.00841754 -9.95587e-05 0.99997 1.24624
0.999961 -0.00148881 0.00838702 0.0117008 0.00144926 0.999988 0.00469511 0.00946955 -0.00839342 -0.00468274 0.999948 1.23427
0.999941 -6.14579e-05 0.0111997 0.00477782 6.78281e-05 0.999999 -0.000555364 0.0147638 -0.0112001 0.000556013 0.999943 1.24738
0.999894 3.84398e-05 0.0142946 0.0110193 -3.04804e-05 1 -0.000571012 -0.01176 -0.0142942 0.000570568 0.999892 1.25949
0.999911 0.000393949 0.0136786 0.0125902 -0.000396553 0.999999 0.0002058 -0.00282617 -0.0136791 -0.000211237 0.999912 1.22057
0.999873 0.00048613 0.0156791 -0.00116341 -0.000492924 1 0.00041308 -0.00600968 -0.0156783 -0.000420762 0.999871 1.25231
0.999892 -7.05912e-05 0.0150232 0.0166314 6.62895e-05 0.999999 0.000301398 -0.0159162 -0.0150239 -0.000300375 0.999893 1.21742
0.999874 0.000360866 0.0156205 0.00834621 -0.000342437 1 -0.00119823 0.0107571 -0.0156202 0.00119278 0.999872 1.2146
0.999856 0.000288377 0.0171876 0.00395413 -0.000287036 1 -6.27082e-05 0.00113867 -0.0171883 5.77013e-05 0.999857 1.2196
0.999874 0.00233996 0.0154757 0.00514299 -0.00236027 0.999998 0.00127372 -0.0148238 -0.0154719 -0.00131002 0.999875 1.20437
0.999852 0.00549613 0.016544 -0.00152326 -0.005548 0.999978 0.00311175 -0.00671869 -0.0165272 -0.00320316 0.999862 1.22172
0.999846 0.000977385 0.0173279 -0.0104335 -0.000978717 1 5.09314e-05 -0.00479214 -0.0173272 -6.77046e-05 0.999846 1.23
0.999891 0.00113543 0.0149425 0.00319625 -0.00114042 0.999998 0.000347493 -0.00813149 -0.0149427 -0.000364737 0.999892 1.19538
0.999867 0.000128971 0.0160832 -0.000400354 -0.000123553 1 -0.000357519 -0.00194266 -0.0160828 0.000355717 0.999867 1.20268
0.999912 -0.000106039 0.013544 0.0108982 0.000106919 0.999999 -3.1697e-05 -0.00766595 -0.0135444 3.29641e-05 0.999912 1.19198
0.999886 -0.000398143 0.0149146 0.00747486 0.000392586 1 0.000340378 -0.00715783 -0.0149143 -0.000334292 0.999886 1.20043
0.999871 1.19069e-07 0.0162561 -0.00123931 -1.19226e-05 0.999998 0.00075941 0.0021124 -0.0162565 -0.000759638 0.99987 1.20818
0.999894 0.000145797 0.014386 0.00826986 -0.000159166 1 0.000888143 -0.00357137 -0.0143854 -0.000890234 0.999894 1.18913
0.999874 0.000695929 0.015999 0.000289605 -0.000685512 0.999999 -0.000622076 0.00857215 -0.016 0.000610922 0.999874 1.18837
0.999846 0.000314595 0.0174033 0.00458895 -0.00031309 1 -0.000119733 -0.00687978 -0.0174029 0.000114346 0.999847 1.18933
0.999897 -0.000462765 0.0145667 0.00534558 0.000463616 1 -1.92825e-05 0.000392066 -0.0145673 2.59811e-05 0.999896 1.18231
0.999865 -6.39332e-05 0.0162769 0.00990807 6.50686e-05 1 -9.67865e-05 -0.00587338 -0.0162764 9.78995e-05 0.999865 1.19122
0.999842 -0.000339538 0.0179598 0.0052724 0.000349999 1 -0.000553626 0.0050221 -0.0179599 0.000559702 0.999842 1.19915
0.999872 -0.000191685 0.015759 0.007062 0.000196272 1 -0.000315758 -0.00308602 -0.0157587 0.00031898 0.999872 1.19509
0.99983 0.000866754 0.0186142 -0.000380467 -0.000893065 0.999999 0.00142451 -0.00841509 -0.0186131 -0.00144114 0.99983 1.22062
0.999852 -2.66696e-05 0.0170091 0.00578248 2.7591e-05 1 -7.46269e-05 0.00367405 -0.017009 7.53468e-05 0.999852 1.20677
0.999835 0.000308102 0.0183282 -0.00107965 -0.000324238 0.999999 0.000894674 -0.00990855 -0.0183281 -0.000900729 0.999835 1.22117
0.999803 0.0006173 0.0197131 -0.00248317 -0.000616106 1 -8.25292e-05 0.00816166 -0.019713 7.05622e-05 0.999802 1.21898
0.999843 0.00031592 0.0179169 0.0071969 -0.000318039 0.999999 0.000134227 0.000735225 -0.017917 -0.000140105 0.999843 1.22534
0.999825 0.000287277 0.0185295 0.00271543 -0.000289213 1 8.23809e-05 0.00310442 -0.0185294 -8.74601e-05 0.999824 1.22814
0.999811 0.000286453 0.0196257 -2.80744e-06 -0.000283253 1 -0.000147922 -0.00428827 -0.0196259 0.000142098 0.999812 1.24589
0.999846 0.000463083 0.017371 0.0122767 -0.000479429 1 0.000917113 -0.0010473 -0.0173705 -0.000925064 0.999845 1.22621
0.999796 -0.000101872 0.020329 -0.000916407 7.64168e-05 0.999999 0.00126597 0.000112088 -0.0203292 -0.00126444 0.999796 1.24859
0.999839 -3.40581e-05 0.0178155 0.00796737 2.01544e-05 1 0.000768077 -0.00513017 -0.0178156 -0.000767309 0.999838 1.24043
0.999827 0.000566311 0.0187452 0.00209188 -0.000569498 1 0.000176407 -0.00574138 -0.018745 -0.000187353 0.999828 1.25219
0.999789 0.000232838 0.0204262 -0.00391148 -0.000238469 1 0.000265709 0.0017914 -0.0204262 -0.000270222 0.999787 1.25262
0.99982 0.000744307 0.0191484 0.00784052 -0.000745647 0.999999 6.8212e-05 -0.00280047 -0.0191482 -8.27176e-05 0.999821 1.25256
0.999776 0.000457123 0.021024 0.00225265 -0.000483879 1 0.00125966 -0.0038738 -0.0210236 -0.00126941 0.999774 1.26374
0.99973 5.3501e-05 0.0233345 -0.00286567 -7.4336e-05 0.999999 0.000896183 0.00083681 -0.0233341 -0.000897839 0.999731 1.27359
0.999752 0.000513329 0.022193 0.00969745 -0.000523653 1 0.000457368 -0.00535056 -0.022193 -0.000468763 0.99975 1.26761
0.999685 0.00108799 0.0251572 0.00521419 -0.00110453 0.999999 0.000647769 -0.00950579 -0.0251562 -0.00067559 0.999687 1.27881
0.999662 0.00529938 0.0253836 0.00172112 -0.00528742 0.999988 -0.000539298 0.0085009 -0.0253866 0.000405096 0.999675 1.26476
0.999694 0.000433865 0.0248086 0.00463247 -0.000445564 0.999998 0.00046823 -0.00442074 -0.024808 -0.00047932 0.999696 1.2834
0.999676 -6.10735e-05 0.0254036 0.00902784 4.59267e-05 1 0.000595127 -0.0180622 -0.025404 -0.000593531 0.999674 1.2715
0.999728 -0.000823444 0.0233741 0.0175861 0.000796104 0.999997 0.00117921 0.00141534 -0.0233747 -0.00116062 0.99973 1.26851
0.999694 -0.000860442 0.0246449 0.0185811 0.000840521 1 0.000817691 -0.0098167 -0.0246459 -0.000796489 0.999692 1.28393
0.999665 0.000691301 0.025943 0.00927023 -0.000660462 0.999998 -0.00119824 0.00514776 -0.0259434 0.00118046 0.999668 1.27659
0.999715 0.00108253 0.0237484 0.00896132 -0.00104945 1 -0.00140619 0.00362321 -0.0237502 0.00138113 0.999712 1.27644
0.999711 6.37852e-05 0.0241305 0.0126595 -5.93893e-05 0.999998 -0.000182367 0.0059568 -0.0241301 0.000180608 0.999714 1.27792
0.999712 -0.000161643 0.0239164 0.00825392 0.00013013 1 0.00131958 -0.0072327 -0.023917 -0.00131584 0.999708 1.2812
0.999804 8.06975e-05 0.0199078 0.0104462 -6.91391e-05 0.999998 -0.000578882 0.0022141 -0.0199075 0.000577132 0.999807 1.27072
0.999774 0.000626843 0.0211391 0.00553974 -0.000626864 1 -8.5514e-06 -0.00590289 -0.0211395 -4.45038e-06 0.999771 1.26749
0.999836 0.000801267 0.0182486 0.00521922 -0.000794861 0.999998 -0.000355207 0.0114179 -0.0182486 0.000340445 0.99984 1.26822
0.999834 0.000226106 0.0180977 -0.000472273 -0.000228098 1 0.000104142 0.00377614 -0.018098 -0.000108066 0.99983 1.27446
0.999835 0.000298348 0.018247 0.00239544 -0.000298335 0.999999 -3.78022e-07 -0.00419155 -0.0182468 -5.28182e-06 0.99984 1.28847
0.999895 0.000390748 0.0143673 0.00707149 -0.0003973 1 0.000450255 -0.00922055 -0.0143674 -0.000455684 0.99989 1.27193
0.999885 0.0019877 0.0151731 0.0032198 -0.00200568 0.999997 0.00117069 -0.0115367 -0.0151705 -0.00120123 0.999891 1.27784
0.999861 0.00472996 0.0159001 -0.000509906 -0.00480902 0.999977 0.00494027 0.0191935 -0.0158766 -0.00501578 0.999856 1.2645
0.999937 0.00168471 0.0112978 0.00683765 -0.00174701 0.999982 0.00550928 -0.0076254 -0.0112881 -0.00552894 0.999927 1.28068
0.999928 -0.00043352 0.0119176 0.0039358 0.000418632 1 0.0012489 -0.00473458 -0.0119183 -0.00124353 0.999923 1.28339
0.999944 6.44901e-05 0.0107217 0.00710878 -7.17122e-05 0.999999 0.000670368 -0.006622 -0.0107216 -0.000671327 0.999948 1.27806
0.999987 4.37192e-05 0.0047721 0.00674158 -4.25448e-05 1 -0.000227903 -0.00304567 -0.00477228 0.000227924 0.999982 1.27068
0.999987 -0.000182447 0.00538668 0.00375313 0.000183269 1 -0.000160584 0.00173105 -0.00538644 0.000161362 0.999992 1.28086
0.999979 0.00195604 0.00595702 -0.00199295 -0.00195777 0.999998 0.000285491 -0.0101078 -0.00595671 -0.000296943 0.999976 1.30313
0.999988 0.00369025 0.00391769 -0.00913258 -0.00370253 0.999989 0.00315062 -0.0159082 -0.00390577 -0.00316524 0.999994 1.28202
0.999957 0.00612248 0.00665663 -0.0112289 -0.00613529 0.999979 0.00189429 -0.00479374 -0.00664517 -0.00193489 0.99997 1.27923
0.99997 0.00700658 0.00389128 -0.0158083 -0.00699896 0.999975 -0.00193141 -0.0214821 -0.0039044 0.00190398 0.999998 1.27327
0.999989 0.000861743 0.00412046 -0.00824265 -0.000859965 0.999999 -0.000491629 -0.0147854 -0.00412119 0.000488179 0.999984 1.28767
0.999994 0.000329697 0.00421532 -0.00867574 -0.000327614 1 -0.000439494 -0.00928981 -0.00421519 0.000437944 0.999998 1.28058
0.999998 -7.16735e-05 -0.0006123 -0.0183185 7.13442e-05 0.999999 -0.000131906 -0.000807707 0.000611979 0.00013205 0.999993 1.27748
1 -3.80007e-05 -0.000419647 -0.0013244 3.82762e-05 1 1.34023e-05 -0.00736715 0.000419953 -1.35295e-05 1.00001 1.28429
0.999998 -2.78862e-05 0.000137125 0.000158926 2.77814e-05 0.999998 -0.00117351 0.00122122 -0.000137445 0.00117362 0.999992 1.28499
0.999997 -0.000180196 -0.00345583 -0.0115285 0.000178892 1 -0.000465185 0.002376 0.00345624 0.0004645 1 1.2811
0.999997 -0.000668604 -0.000284288 0.0058844 0.00066844 0.999999 0.000589278 -0.00399532 0.000283542 -0.00058936 0.999993 1.28926
0.999999 -0.000100703 -0.00318488 -0.0198943 0.000100373 1 -0.000186604 -0.000288182 0.0031852 0.000186311 1 1.25043
0.999988 0.000720685 -0.00417122 -0.0160812 -0.000722491 0.999999 -0.000343332 0.00102379 0.0041707 0.0003463 0.999985 1.27685
0.999996 -0.00124817 -0.00356064 -0.00685854 0.00125314 1 0.00126326 0.0094868 0.00355928 -0.00126762 1 1.2889
0.999965 -0.000984627 -0.00785492 -0.0208021 0.000985983 0.999999 0.000225311 0.00929373 0.00785438 -0.000233137 0.999963 1.26895
0.999983 0.000185724 -0.00652247 -0.0125207 -0.000183485 1 0.000272596 0.00253453 0.00652283 -0.000271342 0.999985 1.26694
0.999968 -0.00050252 -0.00762299 0.00399418 0.000502366 1 5.26402e-05 -0.00958906 0.00762265 -5.65052e-05 0.999966 1.29004
0.999956 0.000527671 -0.00972837 -0.00835974 -0.000537388 0.999999 -0.00105563 -0.0074634 0.00972823 0.00106079 0.999957 1.24454
0.999947 0.000170741 -0.010003 -0.010798 -0.000171602 1 -3.46153e-05 -0.0177966 0.0100027 3.62762e-05 0.999945 1.26845
0.999944 -0.000948634 -0.0108603 0.00264452 0.000942361 0.999999 -0.000630028 -0.0103371 0.0108613 0.000619914 0.999946 1.30278
0.999923 -0.000181284 -0.0122029 -0.0155767 0.000174067 1 -0.000561164 -0.0112956 0.0122026 0.000558785 0.999922 1.23732
0.999901 -0.000451873 -0.0143266 -0.00715766 0.000442465 1 -0.000682607 -0.0146122 0.0143274 0.000676523 0.999903 1.30777
0.999888 0.000133262 -0.0148412 -0.00899303 -0.000120147 1 0.000909069 -0.023954 0.0148408 -0.000907529 0.999887 1.24306
0.999885 -0.00231321 -0.0151569 -0.0177837 0.00231897 1 0.000340583 0.0142823 0.0151565 -0.000375314 0.999889 1.2808
0.999899 0.000125558 -0.014079 -0.014557 -0.000128981 0.999997 -0.000215372 -0.0153731 0.0140787 0.000216824 0.999898 1.28558
0.999874 0.0014107 -0.0159296 -0.0176563 -0.00141632 1 -0.000359578 -0.0313512 0.0159295 0.000382397 0.999877 1.25938
0.999871 -0.000301915 -0.0160114 -0.0113786 0.000319199 0.999998 0.00109589 -0.0147473 0.0160107 -0.0011012 0.999869 1.2659
0.999864 0.000700558 -0.0165389 -0.00373426 -0.00068732 1 0.000785673 -0.026442 0.0165397 -0.000773867 0.999866 1.27363
0.999864 -0.000762996 -0.0164935 -0.0104713 0.000765773 0.999998 0.000194633 -0.0131437 0.016493 -0.00020753 0.999862 1.22961
0.999849 -0.00129227 -0.0173623 -0.0147069 0.00129654 1 0.000208683 -0.00395793 0.0173624 -0.000230884 0.999852 1.24468
0.999826 -0.00290656 -0.01844 -0.0120914 0.00292192 0.999995 0.000827521 -0.000876138 0.0184373 -0.000881527 0.999828 1.24789
0.999805 -0.000484648 -0.0197309 -0.0123338 0.000489363 1 0.000217006 -0.00984923 0.0197311 -0.000226406 0.999808 1.2242
0.999794 -0.00076638 -0.0202519 -0.0130169 0.000769797 0.999999 0.000173707 -0.00806414 0.0202516 -0.000189497 0.999793 1.25796
0.9998 -0.000712519 -0.0200234 -0.0208636 0.00071575 1 0.000130631 -0.00396094 0.0200237 -0.000144766 0.999802 1.2166
0.999769 -0.00132645 -0.0214157 -0.0145471 0.00133583 0.999999 0.00044205 -0.00799148 0.0214149 -0.000470785 0.999768 1.23018
0.999754 -0.00201364 -0.0221016 -0.0122372 0.00204193 0.999998 0.00123173 -0.000728573 0.0220993 -0.0012763 0.999758 1.24083
0.999692 -0.0020029 -0.0247329 -0.0183897 0.00201826 0.999997 0.000616548 0.00475811 0.0247316 -0.000666471 0.999692 1.21607
0.999667 0.000279064 -0.025799 -0.0124833 -0.000283655 1 -0.000188881 -0.00690851 0.025799 0.000196349 0.999669 1.21402
0.99966 -0.00232869 -0.0259571 -0.0110601 0.00229572 0.999996 -0.00128105 -0.00414349 0.0259599 0.00122082 0.999661 1.22146
0.999678 -0.00109061 -0.0253732 -0.0363234 0.00109997 1 0.000335875 0.00289421 0.025373 -0.000363562 0.99968 1.16615
0.999625 -0.00102931 -0.0273336 -0.0174777 0.001044 0.999999 0.00053773 -0.003868 0.0273329 -0.000566096 0.999624 1.20872
0.999635 0.000194151 -0.0270416 -0.0205699 -0.000180417 1 0.000495723 -0.00659242 0.0270418 -0.000490572 0.999637 1.15667
0.999615 -0.000305828 -0.0277288 -0.024778 0.000300978 1 -0.000167858 -0.00649902 0.0277287 0.000159315 0.999614 1.18527
0.999629 0.000464719 -0.0272298 -0.0204827 -0.000474791 1 -0.00037705 -0.00381792 0.0272298 0.000389979 0.999631 1.20082
0.999631 -0.00102455 -0.0271734 -0.0281776 0.00103406 1 0.000348167 -0.00087009 0.0271729 -0.000376347 0.99963 1.15644
0.99959 -0.00151035 -0.0285727 -0.0225597 0.0015429 0.999997 0.00110912 -0.00371282 0.0285711 -0.00115254 0.999592 1.17896
0.99957 -0.00115946 -0.0293038 -0.0242019 0.00116641 1 0.000231569 -0.000918195 0.0293034 -0.000265876 0.99957 1.17635
0.999554 -0.00102544 -0.0298748 -0.0317283 0.001011 0.999998 -0.000508804 -0.00872741 0.0298753 0.000478558 0.999555 1.15678
0.999483 -0.000598103 -0.032129 -0.0171194 0.000608972 1 0.000340895 -0.0029716 0.0321288 -0.000360533 0.999483 1.17226
0.99952 -0.000483901 -0.0310244 -0.0309299 0.000517516 0.999998 0.00105853 0.0049646 0.0310238 -0.00107384 0.99952 1.15523
0.999481 -0.00130303 -0.0321635 -0.022648 0.00136506 0.999999 0.0019205 0.00511168 0.032161 -0.00196371 0.99948 1.17256
0.999455 -0.000372678 -0.033018 -0.0273415 0.000362042 0.999998 -0.00034105 -0.00875853 0.033018 0.000329205 0.999455 1.17889
0.999422 0.000410576 -0.034006 -0.0356613 -0.000433995 1 -0.000670201 -0.0102706 0.0340057 0.000684269 0.999421 1.15242
0.999406 -9.04999e-05 -0.0344489 -0.0252707 0.000107979 0.999999 0.00049441 -0.00716627 0.0344489 -0.000497537 0.999407 1.16753
0.999435 -0.00411954 -0.0333729 -0.0334306 0.00418058 0.999991 0.00176892 -0.00900145 0.0333654 -0.00190776 0.999441 1.16844
0.999393 0.00060955 -0.0348098 -0.0271476 -0.000623741 0.999999 -0.000406624 -0.00514014 0.0348093 0.000428465 0.999394 1.16812
0.999389 -0.00106036 -0.0349964 -0.0207044 0.00106629 1 0.00016021 0.00311739 0.0349967 -0.000197906 0.999388 1.17863
0.999338 0.000190227 -0.036328 -0.018765 -0.000188056 0.999999 5.19687e-05 0.00257182 0.0363276 -4.46483e-05 0.99934 1.16649
0.999344 -0.000525391 -0.0362772 -0.0230104 0.000529997 1 0.000129143 0.000352494 0.0362775 -0.000148724 0.999343 1.16493
0.999356 8.40548e-05 -0.035807 -0.0231383 -8.7408e-05 0.999998 -0.000105923 -0.00768354 0.0358067 0.00010939 0.999358 1.17329
0.999365 9.29726e-05 -0.0357125 -0.0208369 -0.000103747 1 -0.000287962 0.00164646 0.035713 0.000291212 0.999363 1.15567
0.999376 -0.000684724 -0.035243 -0.0278269 0.000680025 0.999997 -0.000157403 0.00320818 0.0352426 0.000133594 0.999378 1.15587
0.999369 0.000128723 -0.0355989 -0.0287019 -0.000148429 1 -0.000537181 0.000855929 0.0355993 0.000541771 0.999367 1.17145
0.99941 2.70402e-05 -0.0342849 -0.0311335 -2.54618e-05 0.999998 3.16916e-05 -0.0022218 0.0342845 -3.03904e-05 0.999411 1.1464
0.999462 -0.000223006 -0.0328855 -0.033296 0.00022376 1 3.45026e-05 0.00489771 0.0328857 -4.22119e-05 0.999461 1.16719
0.999447 0.000516651 -0.0331613 -0.026177 -0.000528908 0.999998 -0.000376442 -0.00868694 0.0331608 0.000394144 0.999449 1.14544
0.99948 -0.00037927 -0.0323458 -0.0232235 0.000387579 1 0.000267058 -0.00977499 0.032346 -0.000279766 0.999478 1.15898
0.99948 -0.000768619 -0.0321237 -0.0201362 0.000784765 0.999997 0.000470729 0.00180299 0.032123 -0.000495379 0.999482 1.17887
0.999505 -0.00102639 -0.0315822 -0.0170376 0.00102852 1 7.05193e-05 -0.000168866 0.0315825 -0.000103258 0.999504 1.16464
0.999521 0.000137025 -0.0307933 -0.0211307 -0.000148153 0.999997 -0.000378771 -0.00350757 0.030793 0.000383445 0.999524 1.17266
0.999551 -5.08092e-05 -0.030135 -0.0214571 5.0206e-05 1 -4.76624e-06 -0.00957143 0.0301352 2.94087e-06 0.999548 1.17512
0.999523 -0.000589951 -0.0307399 -0.020198 0.000587312 0.999998 -0.000112468 -0.00779215 0.0307398 9.46714e-05 0.999526 1.1688
0.999519 -0.00487605 -0.0307815 -0.0263743 0.0048906 0.99999 0.000414444 -0.0115484 0.0307794 -0.000565111 0.999528 1.18416
0.999502 -0.00116498 -0.0313982 -0.0194724 0.00117377 0.999997 0.000245931 -0.0135566 0.0313976 -0.000282346 0.999505 1.17249
0.99951 -0.00509598 -0.031013 -0.0193126 0.00508753 0.999988 -0.000336694 -0.0112867 0.0310145 0.00017856 0.999521 1.18348
0.999542 0.000401072 -0.0301375 -0.0202189 -0.000399101 0.999999 5.56406e-05 -0.0120495 0.0301373 -4.33701e-05 0.999544 1.18514
0.999546 -0.000750023 -0.0302533 -0.0230157 0.000770214 1 0.000669627 -0.00901373 0.030253 -0.000692871 0.999545 1.18477
0.999524 1.39059e-05 -0.0307125 -0.0254786 4.81622e-06 0.999998 0.000598222 -0.00633818 0.0307122 -0.000597753 0.999526 1.19262
0.999521 -0.0038982 -0.0308431 -0.0251907 0.00383189 0.999993 -0.00220056 -0.00685561 0.0308516 0.00208098 0.999525 1.1997
0.999486 -0.00365224 -0.0317265 -0.0226715 0.00356719 0.999988 -0.0027451 0.001401 0.031736 0.00263089 0.99949 1.17924
0.999525 -0.00433907 -0.0306436 -0.0263898 0.0043273 0.999992 -0.000443392 -0.00273859 0.0306456 0.000310231 0.999533 1.20314
0.999497 0.000925346 -0.0315637 -0.0107007 -0.00090319 0.999998 0.000707954 -0.00854767 0.031564 -0.000678706 0.999498 1.20176
0.999556 -0.00128687 -0.0299109 -0.0204172 0.00131688 1 0.000990702 -0.00877376 0.0299099 -0.00103 0.999556 1.20634
0.99962 0.000761116 -0.027427 -0.0268154 -0.000766364 0.999998 -0.000187385 -0.00560354 0.0274265 0.000208816 0.99962 1.20622
0.999667 0.000438187 -0.0259373 -0.0183946 -0.000436491 1 7.94835e-05 -0.00918886 0.0259377 -6.86438e-05 0.999667 1.1996
0.999699 0.000595187 -0.0244217 -0.0186049 -0.000576929 0.999999 0.000744527 -0.0128969 0.0244217 -0.000729594 0.999699 1.21109
0.999747 -0.000121553 -0.0225806 -0.0223235 0.000161048 1 0.00175645 -0.00732224 0.0225809 -0.00176026 0.999746 1.21376
0.999728 -0.000279642 -0.0232329 -0.0186164 0.000369639 0.999991 0.00386141 -0.00204917 0.0232311 -0.00386839 0.999721 1.21614
0.999793 -0.00282588 -0.0202663 -0.0171969 0.00285468 0.999996 0.00140049 -0.0059557 0.0202627 -0.00145863 0.999795 1.22105
0.999776 -4.6885e-05 -0.0211008 -0.0088564 7.74267e-05 0.999998 0.00144032 -0.0118156 0.0211002 -0.00144101 0.999775 1.21292
0.999792 0.000462361 -0.0204721 -0.0202184 -0.000457895 1 0.000230467 -0.0131074 0.0204728 -0.00022169 0.999792 1.22089
0.999793 0.000222349 -0.0202305 -0.0205622 -0.00020759 0.999999 0.000723735 -0.0210647 0.0202302 -0.000718751 0.999793 1.23631
0.999775 -0.000132646 -0.0213209 -0.0196468 0.000188902 0.999998 0.00264078 -0.00552678 0.0213211 -0.00264485 0.999771 1.22728
0.999788 -0.000147742 -0.0204824 -0.0216499 0.000249088 0.999987 0.004943 -0.00277133 0.0204809 -0.00494647 0.999776 1.23662
0.999801 -0.000228798 -0.0200219 -0.0153647 0.000285652 0.999997 0.00284178 0.00115873 0.0200216 -0.00284757 0.999798 1.2395
0.999767 -0.000199901 -0.0215348 -0.0130239 0.0002043 0.999999 0.00019742 -0.00391385 0.0215343 -0.000201077 0.999766 1.23121
0.999812 0.000220691 -0.0194216 -0.0188975 -0.000200555 1 0.00103916 0.00131792 0.0194223 -0.00103575 0.999813 1.24127
0.999849 0.000280037 -0.0173318 -0.0159762 -0.000249122 0.999998 0.00178748 0.000675326 0.0173319 -0.00178216 0.999846 1.24479
0.999821 -0.000113784 -0.0189667 -0.016193 0.000173862 0.999995 0.00316886 -0.00894981 0.0189666 -0.00317237 0.999818 1.26043
0.999863 -0.000421289 -0.0165485 -0.0183132 0.000444907 0.999999 0.00142333 -0.00934441 0.0165474 -0.00142969 0.99986 1.26036
