0.999042 -0.00092961 0.0437976 0.0408452 0.00115193 0.999993 -0.0050286 0.00983056 -0.0437897 0.00507433 0.999039 1.03958
0.999088 -0.00440312 0.0424291 0.0580588 0.00462344 0.99997 -0.00511563 -0.0119729 -0.042408 0.00530707 0.999078 1.03443
0.998979 -0.000859611 0.0453357 0.0191678 0.00109017 0.999995 -0.00503963 0.00513741 -0.045328 0.00508399 0.998973 1.06792
0.999133 -2.76575e-05 0.041438 0.0381842 0.000172702 0.999989 -0.00351798 0.000717835 -0.0414397 0.00352203 0.999124 0.991619
0.998834 -0.00299833 0.0483192 0.015715 0.00309242 1 -0.00183453 0.00767087 -0.0483105 0.00198205 0.99885 1.03183
0.998821 -0.00157554 0.048424 0.0165983 0.00171478 0.999991 -0.00285417 -0.00467067 -0.0484223 0.00293374 0.998811 1.01271
0.999188 -0.00371317 0.0402257 0.0810432 0.00378951 0.999996 -0.00179291 -0.0172031 -0.0402158 0.00194406 0.999208 1.09564
0.998963 -0.00321916 0.045414 0.0302898 0.00335416 0.999989 -0.00291791 -0.00290457 -0.0454067 0.00306708 0.998951 1.0444
0.998926 -0.0012163 0.0463008 0.0430084 0.00133254 1.00001 -0.00244506 -0.00548723 -0.0462945 0.00250433 0.998944 1.01454
0.998802 -0.00136293 0.0489385 0.00647783 0.00138082 0.999988 -0.000363769 -0.0016562 -0.0489413 0.000430689 0.998782 1.00953
0.998868 -0.0005693 0.0475114 0.0291642 0.000582114 1.00001 -0.000217038 -0.00330472 -0.0475083 0.000244715 0.99889 1.10878
0.998878 0.00077861 0.0474088 0.0502922 -0.00076271 0.999989 -0.000391751 -0.0192631 -0.0474125 0.000354853 0.998859 0.921687
0.998701 -0.000757457 0.0509175 -0.0478341 0.000814291 1.00001 -0.00104728 -0.00355975 -0.0509143 0.00108779 0.998718 1.1165
0.998541 -0.00231428 0.0539986 -0.0729002 0.00240443 0.999992 -0.00164752 0.00541534 -0.0539977 0.0017746 0.998524 1.08411
0.998983 -0.000829953 0.0450884 0.0661274 0.000944777 1 -0.00246711 -0.00823434 -0.0450836 0.0025077 0.998999 1.00949
0.998956 -0.00394966 0.0455244 0.0376833 0.00398006 0.999989 -0.000627118 -0.00106255 -0.0455247 0.000807242 0.998947 1.00371
0.998964 -5.37373e-05 0.0454921 0.0301273 0.000120524 1 -0.00141146 -0.00230303 -0.0454894 0.00141604 0.998981 0.998688
0.99916 -0.00192258 0.040979 0.132128 0.00201039 0.999998 -0.00214756 -0.0228517 -0.0409792 0.00222779 0.999145 0.944797
0.999081 -0.00518352 0.0425088 0.0909324 0.00530026 0.999983 -0.00257417 -0.00065011 -0.0424918 0.00279766 0.999109 0.988281
0.999175 0.000345242 0.0406434 0.10115 -0.000241625 0.999996 -0.00261588 -0.00606781 -0.0406476 0.00260342 0.999156 0.979374
0.998939 -0.00256728 0.0459412 0.0330626 0.00279751 0.999987 -0.00488552 0.0194163 -0.0459255 0.00500944 0.998949 1.06136
0.99932 -0.00391603 0.0367661 0.103787 0.00408854 0.99998 -0.00468653 -0.0137902 -0.0367497 0.00483313 0.999296 0.811614
0.999054 -0.00352103 0.0431669 -0.0272293 0.00371787 0.999991 -0.00439626 0.039038 -0.043149 0.00455326 0.999078 0.875835
0.999268 -0.00552514 0.0380807 0.0850085 0.00560771 0.999976 -0.00213946 0.00735724 -0.0380705 0.00235082 0.999258 0.910064
0.999328 -0.00496956 0.0361351 0.0894731 0.00500614 0.999989 -0.000832316 -0.00776787 -0.0361283 0.0010134 0.999364 1.00049
0.999243 -0.00100034 0.0390963 -0.0339013 0.00112887 0.999998 -0.00332175 -0.00181564 -0.0390961 0.00336287 0.999219 0.93272
0.999339 -1.60796e-05 0.0361134 0.03138 4.23241e-05 0.999999 -0.000646338 0.00687981 -0.036111 0.000648095 0.999363 0.995279
0.999258 -0.00132139 0.0387068 -0.00401027 0.00129513 1 0.000667942 -0.00600211 -0.0387119 -0.000617649 0.999239 1.04555
0.999651 -0.00191878 0.0260866 0.117563 0.00186474 0.999994 0.00215706 -0.0282873 -0.0260871 -0.00210719 0.999667 0.964378
0.999341 0.00290949 0.0364273 -0.083083 -0.00279575 1 -0.00316221 0.0117785 -0.0364426 0.00305834 0.999331 0.993514
0.999536 -0.000182589 0.0302179 0.0661654 0.000227573 0.999992 -0.00146457 -0.0198231 -0.0302132 0.00147113 0.999546 0.994461
0.999594 -0.00220134 0.0286905 0.0537058 0.00222131 1.00001 -0.000677172 -0.00722741 -0.028694 0.000740418 0.999585 1.06399
0.999423 -0.000784026 0.033799 -0.0351491 0.000782417 0.999994 8.86791e-05 -0.000957443 -0.0337951 -6.18128e-05 0.999436 1.09596
0.999591 0.000204255 0.028867 0.0542817 -0.000236329 1 0.00107506 -0.013031 -0.0288709 -0.00108174 0.999578 1.03918
0.999644 -0.00193475 0.0263405 0.0324099 0.00197433 0.999996 -0.00144355 0.0208569 -0.0263334 0.00149533 0.999658 1.04578
0.999656 -0.00273613 0.0263643 0.018025 0.00276318 0.999997 -0.00102039 0.00697554 -0.0263656 0.00109265 0.999645 1.10603
0.99969 -0.00519346 0.0240481 0.0235649 0.00522015 0.999985 -0.00101201 0.0115716 -0.0240383 0.00113743 0.999717 1.13318
0.999762 -0.00526746 0.0215668 0.0250927 0.00529069 0.999987 -0.00106018 0.00165627 -0.0215651 0.00117379 0.99976 1.08515
0.999793 -0.00570523 0.0191207 0.0192679 0.0057189 0.999982 -0.000616685 0.00217291 -0.0191127 0.000726157 0.999823 1.067
0.999883 -0.00438741 0.0151434 0.0600667 0.00437747 0.999992 0.000639684 -0.00847364 -0.01515 -0.000573624 0.999879 1.09547
0.999902 -0.00400658 0.012826 0.057839 0.00401858 0.99999 -0.000856333 -0.00945608 -0.0128186 0.000908131 0.999924 1.09423
0.999932 -0.00228967 0.0121425 0.0100932 0.00227645 0.999998 0.00104074 -0.00699716 -0.0121487 -0.00101338 0.999919 1.09378
0.999923 -0.000718309 0.0116575 0.0388948 0.000711831 0.999997 0.000634837 -0.000951061 -0.0116539 -0.000626166 0.999939 1.20023
0.99993 0.000308706 0.0125004 -4.13247e-05 -0.00029999 1 -0.000766087 0.000459885 -0.0125045 0.00076194 0.999914 1.25087
0.999925 -0.000295146 0.0116462 0.0226693 0.00033001 0.999993 -0.00292472 -0.0129956 -0.0116412 0.00292866 0.999936 1.29543
0.999935 -0.000902683 0.0120237 -0.0186429 0.000954343 0.999993 -0.00434844 0.0116458 -0.0120233 0.0043592 0.999912 1.3041
0.999971 -0.00137717 0.00682912 0.0274309 0.00139381 0.999994 -0.00232721 -0.0123832 -0.00682182 0.002337 0.999983 1.15598
0.999983 0.000698005 0.00688049 0.00899309 -0.00069137 1 -0.0010519 -0.00292245 -0.00688493 0.00104666 0.999967 1.28327
0.999978 -0.000657481 0.00549648 0.00786808 0.00066094 0.999996 -0.000524754 -0.00219561 -0.00549247 0.000528881 0.999994 1.28451
0.999997 -0.000393038 0.00433925 -0.00588445 0.000396053 1 -0.000830174 -0.00460878 -0.00434256 0.000831393 0.999981 1.29712
0.999987 0.00128235 0.00361573 -0.0186784 -0.00127516 0.999993 -0.00179591 -0.00478968 -0.0036143 0.00179171 1 1.27696
0.999999 -0.00021731 0.00352219 0.00648849 0.000220557 1 -0.00107342 0.00714007 -0.00352543 0.00107374 0.999985 1.3597
0.999992 0.000966696 0.00202665 -0.0176491 -0.000967741 0.999995 0.000760962 0.00537544 -0.00202226 -0.000762459 1.00001 1.31897
1 -0.00046241 0.000912591 -0.00444007 0.000460186 1 0.00191438 -0.00118151 -0.000917088 -0.00191443 0.999988 1.33577
0.99999 0.00142095 0.00331883 -0.0239733 -0.00142673 0.999994 0.00194745 -0.00550267 -0.00331164 -0.00195184 1.00001 1.4485
0.999998 -0.00215718 0.00275 -0.0243326 0.00215682 1 -0.000110621 -0.00587321 -0.00275409 0.00011632 0.999984 1.43531
0.999995 0.00110273 0.000681576 -0.0347025 -0.00110217 0.999996 0.000316048 -0.00167251 -0.000676668 -0.000316653 1.00001 1.39613
1.00001 -0.00121144 0.000833025 -0.0301313 0.00121055 1 0.000105676 -0.016457 -0.000837376 -0.00010476 0.99999 1.45249
0.999993 0.00118443 0.00153808 -0.0570863 -0.00118497 0.999995 0.000976329 -0.0171315 -0.00153244 -0.000978137 1.00001 1.46848
1 0.000197205 -0.00248354 0.030537 -0.000198646 1 -0.000249839 -0.0185396 0.00247938 0.000250276 0.999987 1.50494
0.999993 0.000292681 -0.000304639 -0.0522918 -0.000291669 0.999997 0.000436078 -0.00410784 0.000309145 -0.000435957 1.00001 1.50318
1.00001 0.000959352 -0.00131943 -0.00478736 -0.000957055 0.999999 0.00237144 -0.0192251 0.00131764 -0.00237035 0.999987 1.5856
0.99999 -0.000686064 -0.00259087 -0.0463196 0.000690443 0.999997 0.00142438 -0.0367882 0.00259415 -0.00142586 1.00001 1.45806
1.00001 0.00118391 -0.000468072 -0.0277322 -0.00118454 1 0.000325192 -0.0158885 0.000464549 -0.000324937 0.99999 1.62156
0.99999 -0.000598291 -0.0011325 -0.0197327 0.000600007 0.999999 0.0007741 -0.0187608 0.00113594 -0.000774396 1.00001 1.62327
1.00001 0.000516344 -0.00251402 -0.0168029 -0.000513583 1 0.00139516 -0.0224257 0.00251121 -0.00139436 0.999985 1.58862
0.999984 -0.00180457 -0.00202143 -0.012891 0.00180936 0.999997 0.00201034 -0.00756347 0.0020216 -0.00201353 1.00001 1.64032
1.00001 -0.00195574 -0.00159826 0.00601211 0.00195918 0.999996 0.00251045 -0.00617179 0.00158973 -0.00251417 0.999984 1.70905
0.999985 -0.00105563 0.00254317 -0.0754564 0.00105808 1 -0.000630605 -0.0111276 -0.00253849 0.000633743 1.00001 1.72313
1.00001 -0.00224769 -0.000903502 -0.0635935 0.00224673 0.999999 -0.000104124 -0.037957 0.000899988 0.000101616 0.999986 1.62952
0.999988 0.000903428 0.000611226 -0.0165295 -0.000902571 0.999998 0.000200878 -0.00967544 -0.000606898 -0.000201085 1.00002 1.77699
1.00001 0.000638092 0.000828479 -0.098586 -0.000640358 1 0.00133552 -0.0271276 -0.000831324 -0.00133627 0.999983 1.61901
0.999986 0.00184511 0.00257372 -0.125729 -0.00184666 0.999997 0.00103102 0.00966244 -0.00256808 -0.00103569 1.00001 1.68476
1.00001 -0.00109886 -0.00259873 0.0231033 0.00110043 1 0.00100737 -0.0328397 0.00259481 -0.00101034 0.999982 1.72639
0.999989 -0.000348364 -0.000890096 -0.0100876 0.000351102 0.999997 0.00187525 -0.0337581 0.000892481 -0.00187549 1.00001 1.78512
0.999999 0.00493644 -0.000763417 0.0260598 -0.00493596 0.999986 0.00206888 -0.0275239 0.000770755 -0.00206516 0.999983 1.83157
0.999985 0.00131278 0.00234459 -0.0477846 -0.00130942 0.999999 -0.00102139 0.00157693 -0.00234252 0.00101834 1.00001 1.90047
1.00001 0.00120863 0.00126821 -0.0177159 -0.00120835 0.999998 -0.000989997 -0.00687439 -0.00127208 0.000988335 0.999984 1.85353
0.999986 0.000505098 -0.000492417 -0.000203837 -0.00050432 1 -0.000403229 -0.0187198 0.000495112 0.000403559 1.00002 1.81183
1.00001 0.00158029 0.000880452 0.000378097 -0.00158206 0.999999 0.000746552 -0.00316406 -0.000881935 -0.000748106 0.999984 1.91649
0.999985 -0.000896307 -0.000899232 -0.00447908 0.00089667 0.999999 -0.000988692 0.0030287 0.000903196 0.000987893 1.00001 1.81889
1.00001 0.00267494 0.00198352 -0.0581304 -0.00267756 0.999997 0.000577341 -0.00301315 -0.00198445 -0.000582704 0.999986 1.91738
0.999983 0.000485485 0.00191431 0.025157 -0.000483593 1 -0.000379156 -0.011577 -0.00191176 0.00037821 1.00001 2.00945
1.00001 0.0027123 -0.000116646 -0.12632 -0.00271371 0.999996 -0.00143383 0.00575019 0.000110452 0.00143416 0.999988 1.62324
0.999971 -0.000556402 0.00519763 -0.00713783 0.000567181 0.999998 -0.00190136 0.0165416 -0.00519363 0.00190435 0.999998 2.05534
0.999998 0.00230547 0.00577379 -0.00111781 -0.00232717 0.99999 0.00358112 -0.0507793 -0.00576821 -0.00359471 0.999964 1.95525
0.999966 0.00393944 0.00465743 -0.131317 -0.0039406 0.999994 0.000364598 -0.00740675 -0.00465251 -0.000382815 1 1.7144
1 0.00125084 0.00528019 -0.0449534 -0.00125244 0.999997 0.000145273 -0.0303894 -0.00528327 -0.000151997 0.99997 1.99941
0.999968 0.000139006 0.00569171 -0.0306218 -0.000125654 1 -0.00220374 0.000693604 -0.00568868 0.00220307 0.999998 2.02944
1.00001 -0.000641125 0.000736029 -0.0321889 0.000640608 0.999997 -0.000420817 -0.0547553 -0.000738568 0.000421249 0.999984 1.7928
0.999971 0.00235254 0.00515753 0.00969046 -0.00234648 1 -0.00102461 0.00168297 -0.00515646 0.00101235 1 2.08592
0.999993 0.00218671 0.00601348 -0.0990397 -0.00217147 0.999991 -0.00273535 0.0212418 -0.00602234 0.0027226 0.999962 1.86388
0.999955 0.00235315 0.00785289 -0.0329176 -0.00234612 0.999999 -0.000748381 0.0107428 -0.00785134 0.000729563 0.999985 2.12747
0.999985 0.000976054 0.0073321 -0.0593587 -0.00097234 0.999998 -0.000693452 0.00734956 -0.00733588 0.000686718 0.999957 2.07136
0.999948 -0.00158824 0.00888145 -0.0872162 0.00160024 0.999999 -0.00120059 0.0129878 -0.0088761 0.00121436 0.999977 2.00661
0.999982 0.000619143 0.00761793 -0.087369 -0.000588994 0.99999 -0.00413036 0.00626279 -0.00762378 0.00412616 0.999946 2.01662
0.999982 0.000337706 0.0039399 0.0184612 -0.000332904 1 -0.000913911 -0.0174135 -0.00393674 0.000912336 1.00001 2.07732
0.999998 0.00480079 0.00184595 0.117976 -0.00479846 0.999988 -0.00202683 0.023856 -0.00185897 0.00201826 0.99998 2.02293
0.999961 0.000789099 0.00760049 -0.0272135 -0.000783765 1 -0.000609675 -0.0132868 -0.00759724 0.000603549 0.999992 2.09048
1 -0.00252875 0.00209364 0.0441901 0.00254072 0.999978 -0.0061785 0.0421726 -0.00208135 0.00618421 0.999959 2.06946
0.999859 0.00301863 -0.0160214 0.166183 -0.00302366 0.999994 -0.000352223 -0.0128326 0.0160234 0.00040022 0.999895 2.16861
1 -0.003145 0.000941676 0.123022 0.00314327 0.999999 0.00075872 -0.0264113 -0.000947585 -0.000755463 0.999979 2.30053
0.999991 -0.00183709 -0.00193171 -0.00371561 0.00183365 0.999996 -0.00207207 0.00726181 0.00193995 0.00206803 1.00002 1.75235
1 0.000197534 0.000447362 0.0463011 -0.000198812 0.999997 0.0023244 -0.0553763 -0.000450812 -0.00232426 0.999975 2.0768
0.999994 0.00127231 0.00150434 0.03455 -0.00127586 0.999997 0.00252595 -0.0575085 -0.0014972 -0.00252807 1.00002 2.07212
1 0.0016347 0.00223633 0.0132429 -0.00163569 0.999997 0.000436478 -0.0146036 -0.00223877 -0.000440007 0.999974 2.21308
0.999981 0.00187021 0.00473928 -0.0120008 -0.00186613 1 -0.000865271 -0.0126357 -0.00473761 0.000856273 1.00001 2.21913
0.999952 0.00409219 0.00965361 -0.161895 -0.00412248 0.999987 0.00313186 -0.0617447 -0.00964346 -0.00317152 0.999928 2.09689
0.999977 0.00119728 0.00580715 -0.0539934 -0.00120919 0.999996 0.00201692 -0.0440228 -0.00580189 -0.00202389 1 2.17191
0.999995 0.00165513 0.0048248 -0.0305485 -0.0016437 0.999997 -0.00229872 0.0409643 -0.0048312 0.00229097 0.999963 2.13647
0.999953 0.00773309 -0.00494775 0.185941 -0.0076347 0.999782 0.0195767 -0.248555 0.00510182 -0.0195383 0.999824 1.58701
0.99986 5.5257e-05 -0.0170864 0.192037 -1.97102e-05 0.999995 0.00207322 -0.0318891 0.017084 -0.00207213 0.999827 1.42947
0.999778 0.00595752 -0.0198967 0.254865 -0.00583367 0.999967 0.00627437 -0.0479115 0.019936 -0.00615747 0.99981 1.35125
1 0.00030144 -0.00361035 0.057775 -0.000298799 0.999999 0.000748071 -0.00527721 0.00360964 -0.000746567 0.999969 1.91008
0.99999 -0.000544102 0.00199368 0.00192373 0.000544987 1 -0.000632442 -0.0120754 -0.00199142 0.000633205 1.00003 2.17697
0.999968 -0.0014786 -0.0090961 0.098929 0.00146091 0.999998 -0.00199797 0.00111754 0.00909835 0.00198491 0.999932 1.86141
0.999993 -0.000921446 0.00115424 0.032068 0.000923625 0.999999 -0.00219685 -0.00489924 -0.00114944 0.00219736 1.00003 2.28388
0.999999 0.000184703 0.00409787 -0.0182907 -0.000173795 0.999996 -0.00256877 0.0154451 -0.00410071 0.00256861 0.999957 2.13539
0.999961 0.00748881 0.00260955 -0.00911576 -0.00748572 0.999971 -0.00132024 -0.0177699 -0.0026169 0.00130006 1.00003 2.08943
1.00001 0.000695827 -0.000839624 0.00950489 -0.000696716 1 -0.0011399 0.00162942 0.000838026 0.00114113 0.999975 2.18381
0.999981 -0.000321416 0.00404575 -0.0136305 0.000323705 0.999998 -0.000902818 -0.00817243 -0.00404408 0.000903437 1.00002 2.31493
1 -0.00204182 0.0034441 -0.0121182 0.00204358 1 -0.000118249 -0.020312 -0.00344451 0.000125922 0.999967 2.26165
0.999988 0.000669948 0.00213538 0.016457 -0.000670767 0.999997 -0.000313908 0.0107582 -0.00213462 0.000311937 1.00002 2.3388
1.00001 0.00135656 0.000865348 -0.0030219 -0.00135417 1 -0.0012449 0.00542085 -0.000867707 0.00124435 0.999973 2.26744
0.999988 -0.00124508 0.0016598 0.0143391 0.00124515 0.999999 -0.00176941 0.0131547 -0.00165227 0.00177114 1.00004 2.40236
1 0.00441433 -0.000542913 -0.0548757 -0.00441196 0.99999 -0.000655046 0.000471415 0.000535527 0.000657702 0.999962 2.23583
0.999987 0.000512159 0.00259354 0.013463 -0.000505854 0.999995 -0.00352241 -0.00384616 -0.0025898 0.0035207 1.00003 2.4074
1 0.00208864 0.0035543 -0.0633733 -0.0020732 0.999991 -0.00355783 0.0114785 -0.00356702 0.00355087 0.999951 2.28155
0.999987 0.00256188 0.000999398 -0.000950129 -0.00256542 1 0.000600949 -0.0419636 -0.000991752 -0.000603759 1.00004 2.2901
1 -0.00144665 0.00410961 0.0647767 0.00145638 0.999993 -0.0016345 -0.0496816 -0.00411313 0.00164075 0.999953 2.39701
0.999864 -0.000931896 0.016018 -0.0175881 0.000939591 1 -0.000679076 -0.007364 -0.0160087 0.000693657 0.999908 3.06935
0.999815 -0.000510662 -0.0199946 0.145851 0.000541451 1 0.00144282 -0.0244605 0.0199906 -0.00145292 0.999773 1.33091
0.999786 -0.00180869 -0.0198784 0.199573 0.00176511 0.999997 -0.00210458 0.0312847 0.019886 0.00206875 0.99983 1.51666
0.99981 -0.00392825 -0.0198895 0.265684 0.0038846 0.999991 -0.00233221 0.0295182 0.019895 0.00225481 0.999771 1.55662
0.999785 -0.000981133 -0.020036 0.201703 0.000953812 0.999997 -0.00128307 -0.00159374 0.0200413 0.00126342 0.999828 1.49396
0.999999 0.00156813 0.00521678 -0.011292 -0.00156254 1 -0.000580681 -0.0163774 -0.00521926 0.000571801 0.999962 2.59792
0.999968 0.000540964 0.00597063 -0.00946705 -0.000544293 0.999996 0.000117477 -0.017667 -0.00596895 -0.000120001 1.00001 2.61898
1 0.00026119 0.00471226 -0.00700866 -0.000254398 1 -0.000877779 -0.0027703 -0.00471329 0.000875759 0.999963 2.5953
0.999981 -0.000174799 0.00393328 -0.0610281 0.000170285 0.999996 0.000508895 -0.0121282 -0.00393223 -0.000507527 1.00002 2.47074
0.999991 0.00190248 0.00611625 -0.0934745 -0.00190114 1 0.000176223 0.00432367 -0.00611712 -0.000188508 0.999957 2.43867
0.999988 5.65437e-05 0.00119335 0.00518782 -5.58855e-05 0.999994 -0.00252832 0.00959012 -0.00119223 0.00252884 1.00002 2.39743
1.00001 5.0734e-05 0.00391258 0.0198635 -4.31728e-05 1 -0.00136202 -0.0072087 -0.00391326 0.00136135 0.999969 2.6737
0.999985 0.00173676 0.00157642 -0.0349121 -0.00174045 0.999996 0.000668636 -0.0330681 -0.00157401 -0.000670901 1.00003 2.31216
1.00001 0.000730723 -0.00108557 0.0610002 -0.000730582 0.999999 -0.00238975 -9.37425e-05 0.00108322 0.00239018 0.999972 2.34431
0.999989 -0.000429771 -0.000878615 0.0588945 0.000424977 0.999994 -0.00233418 0.000915917 0.000880246 0.00233413 1.00002 2.34327
1 0.00325376 -0.00398664 0.0047856 -0.00324575 0.999999 0.0012954 -0.0452556 0.00399135 -0.00128303 0.99997 2.16262
0.999985 -0.0013268 -0.00153153 0.0690939 0.00132167 0.999995 -0.00153936 -0.011412 0.00153416 0.00153772 1.00002 2.4285
1.00001 0.000219702 0.000972621 0.0344237 -0.000217747 1 0.000760521 0.00260747 -0.00097301 -0.000761226 0.999978 2.38297
0.999842 0.00910872 -0.0146444 0.0635789 -0.00883769 0.99979 0.0186279 -0.144559 0.0148139 -0.0184952 0.999749 1.72796
1.00001 0.000693261 -0.0021378 0.00830288 -0.000688999 0.999998 0.00157643 -0.0389728 0.00213806 -0.00157444 0.99997 1.66127
0.999988 0.00156579 0.00333731 -0.0225105 -0.00156141 1 -0.00163677 -0.0170445 -0.00333809 0.00163127 1.00003 2.22136
1 -0.00233939 0.00124879 0.0781771 0.00233834 0.999999 0.00136557 -0.0361427 -0.00125234 -0.00136218 0.999967 2.44067
0.999981 0.00247793 0.00517453 -0.045519 -0.002479 1 0.000244272 -0.0223526 -0.00517253 -0.00025734 1.00002 2.48088
1 0.000456887 0.0019587 0.015029 -0.000457385 1 0.000407838 -0.0279183 -0.0019597 -0.000408212 0.999968 2.29083
0.999981 0.00268848 0.00543863 -0.0223102 -0.00269435 0.999997 0.000956408 -0.0183906 -0.00543468 -0.000971297 1.00002 2.42901
0.999957 0.00101569 0.00821481 -0.0578211 -0.00101166 1 -0.000407282 -0.0159483 -0.00821642 0.000399336 0.999926 2.16794
0.999933 0.0026195 0.0121309 -0.127049 -0.0025873 0.999994 -0.00271836 0.00930443 -0.0121368 0.00268638 0.999964 2.17072
0.999984 -0.0014379 0.00395177 0.0333231 0.00143916 1 5.91209e-05 -0.0434977 -0.00395374 -5.26635e-05 0.999956 2.59217
0.99999 -0.003822 0.00484731 -0.0268486 0.00382359 0.999993 -0.000422674 -0.0308532 -0.00484377 0.000440745 1.00002 2.08248
0.999977 -0.00265091 0.00511342 -0.0180826 0.00265953 0.999998 -0.00152327 -0.00843269 -0.00511059 0.00153727 0.999954 2.19311
0.999981 0.00490015 -0.00524133 0.0393238 -0.00491752 0.999982 -0.0031083 0.0445202 0.00522848 0.00313354 1.00002 2.36265
0.999988 -0.00165043 -0.0010605 0.0509411 0.00165083 1 -0.000386839 -0.0251234 0.00105927 0.000385534 0.999967 2.31848
1 -0.000628805 0.00527294 -0.0836301 0.000636457 0.999995 -0.00160585 -0.000689548 -0.00526853 0.00160871 1.00003 2.51165
0.999968 0.00129491 -0.0066561 0.0912545 -0.00128203 1.00001 0.0018353 -0.0647329 0.00665796 -0.00182623 0.999944 2.20614
1.00001 -0.000661157 0.000340556 0.0623807 0.000660931 0.999995 -0.0017257 -0.00753764 -0.000335303 0.00172544 1.00003 2.492
0.999995 -7.84001e-05 0.000497626 -0.02504 7.9148e-05 1 -0.000159938 -0.022664 -0.00050115 0.000160531 0.999966 2.38139
1 0.0006655 0.000455182 -0.00791355 -0.000665337 0.999999 -0.00165814 -0.014474 -0.000452483 0.00165723 1.00003 2.3386
0.999993 0.00135009 -0.00187081 0.066348 -0.00135035 0.999999 -0.000363767 -0.0234694 0.00186681 0.0003669 0.999964 2.46999
0.999985 0.00167069 0.00663978 -0.0143684 -0.00169364 0.999995 0.00332587 -0.0441439 -0.00662979 -0.00333733 0.999998 2.13785
0.999973 -0.000384294 -0.00647932 0.105533 0.000372257 0.999999 -0.00190866 -0.0183158 0.0064784 0.00190685 0.999957 2.08055
1.00001 0.000717012 0.000643415 0.10068 -0.000716779 1 -0.00185739 0.0194436 -0.000641751 0.0018565 1.00002 2.29055
0.99997 -0.0017247 0.00700643 -0.0224085 0.00174173 0.999997 -0.00242869 0.00621006 -0.00700487 0.00244149 0.999952 2.55014
0.999993 6.56398e-07 0.00479982 0.00371324 -2.13795e-06 0.999999 0.000313408 -0.0251827 -0.00479703 -0.000313897 1.00001 2.39493
0.999983 0.00132463 0.00501511 0.000579011 -0.00132138 1 -0.0006549 -0.00179804 -0.00501876 0.000648775 0.999965 2.40734
0.999982 -0.00628587 0.00179795 0.0149297 0.00628781 0.99998 -0.0010222 0.00130624 -0.00178855 0.00103293 1.00002 2.46464
0.999906 0.00211414 -0.0132428 0.0428877 -0.00208591 0.999998 0.00215674 -0.00527858 0.0132467 -0.00212856 0.999888 1.75392
0.999903 0.00450033 -0.0134953 0.111965 -0.00439505 0.999961 0.00781349 -0.0679468 0.0135305 -0.00775361 0.999907 1.66779
0.999903 -0.00520124 0.0128871 0.0109023 0.00528779 0.999971 -0.00666059 0.0372769 -0.0128475 0.00672787 0.999873 3.31463
1 0.000891486 -0.00242343 0.0722196 -0.000892157 0.999995 -2.00857e-05 0.0119071 0.00242056 2.24147e-05 1.00002 2.42931
0.999993 -0.000658957 -0.00197971 0.0416215 0.00065834 1 -0.000627363 0.0113134 0.00198306 0.000625853 0.999972 2.38079
0.99999 -0.00163663 -0.00486856 0.127524 0.00163012 0.999996 -0.00121231 0.00992006 0.00486802 0.00120463 1.00001 2.52003
0.999985 0.000100729 -0.00513316 0.0978784 -0.000108667 1 -0.00166323 -0.0103292 0.00513577 0.00166345 0.999964 2.46818
0.999999 0.00288327 0.000175301 0.036479 -0.00288398 0.999996 5.69699e-05 -0.0373147 -0.000177499 -5.71479e-05 1.00002 2.59515
0.999836 0.00551682 -0.0172267 0.41015 -0.00548056 0.999986 0.00213637 -0.0102405 0.0172423 -0.00204207 0.999835 2.022
0.999982 0.00209195 0.00596283 -0.0926813 -0.00212286 0.999984 0.00508537 -0.0888835 -0.00595403 -0.00509766 0.999988 2.59551
0.999937 -0.00044379 0.0111598 -0.047376 0.000454602 1 -0.000889681 0.00620525 -0.0111573 0.00089438 0.999917 2.97369
0.999985 0.0024479 -0.00542562 -0.00966293 -0.00242105 0.999986 0.00511561 -0.0520065 0.00543653 -0.00510225 0.999995 2.08698
0.999997 0.00118434 0.00281552 -0.00708176 -0.00118742 0.999997 0.00147046 -0.0226869 -0.00281144 -0.0014743 0.999976 2.61676
0.999978 -0.00197113 0.00650097 -0.0239637 0.00197042 0.999999 -7.62006e-05 -0.0124059 -0.00650282 8.96258e-05 0.999997 2.80337
0.999995 0.0025021 -0.002053 -0.0779687 -0.00249442 0.999991 0.00296262 -0.00750007 0.00206298 -0.00295826 0.999976 2.30377
0.999989 -0.00114974 0.00496454 0.0575261 0.00115405 1 -0.00119034 0.00553831 -0.00496531 0.00119673 1 2.91708
0.999993 -0.00138633 0.00351616 -0.070327 0.00138599 0.999999 0.000542764 0.0072785 -0.00351423 -0.000538672 0.999978 2.57546
0.99995 0.00854805 0.00525841 -0.0611794 -0.00856952 0.999957 0.00377943 -0.0051914 -0.00522852 -0.00382344 0.999995 2.5945
0.999982 0.000848054 0.00596983 0.0140626 -0.000852979 0.999998 0.00106704 -0.0551899 -0.00596586 -0.00107307 0.999965 2.80914
0.999964 0.00567657 0.00625971 -0.189903 -0.00570212 0.999978 0.00387074 -0.0232267 -0.00624045 -0.00390535 0.99999 2.45599
0.999904 -0.0104591 0.00925209 0.0501544 0.0104268 0.999938 0.00367879 -0.148854 -0.00928675 -0.00358309 0.999933 2.95323
0.999977 0.000877606 0.00648196 -0.11274 -0.000888028 1 0.00140412 -0.0112513 -0.00648348 -0.00140887 0.999997 2.63053
0.99997 0.00231033 0.0078786 -0.141247 -0.00232493 0.999995 0.00200882 -0.02891 -0.00787131 -0.00202802 0.99995 2.65563
0.999995 -0.000103996 0.00189275 -0.00567926 9.79508e-05 0.999996 0.0024815 -0.0438381 -0.00189566 -0.00248023 1.00002 2.66895
0.999957 0.00149108 0.00973456 -0.155092 -0.0015006 0.999999 0.00109243 -0.0203544 -0.00973008 -0.00110804 0.999932 2.74564
0.999909 0.00647988 0.0113196 -0.0888815 -0.00648613 0.999979 0.000405357 -0.0243944 -0.0113193 -0.000477709 0.999956 2.8519
0.999948 0.0107092 -0.000154789 -0.000223716 -0.0107063 0.999907 0.00858107 -0.141819 0.000250131 -0.00858013 0.999943 2.496
0.999949 0.00921783 0.00224544 0.0370739 -0.00922779 0.999949 0.00388464 -0.0937951 -0.00221258 -0.00390408 1.00001 2.75468
0.999999 0.00353229 -0.000424747 0.104819 -0.0035298 0.999992 0.0029406 -0.0276689 0.000438654 -0.00294027 0.999975 2.84432
0.999969 0.00320264 -0.00659251 0.00822725 -0.00323994 0.999979 -0.00549655 0.0863565 0.00657175 0.00551859 0.999983 2.40221
0.999833 0.00465339 -0.0179777 0.229038 -0.00466111 0.999989 -0.000445014 -0.00360449 0.0179793 0.000527766 0.999818 2.6694
0.999998 0.000161215 0.00244246 0.00692133 -0.000165179 1 0.00107391 -0.0467759 -0.00244439 -0.00107359 1.00002 2.66916
0.999993 -0.00119028 0.00415151 0.00301437 0.00117925 0.999998 0.00300334 -0.0373816 -0.00415141 -0.00299935 0.999967 1.83502
0.999591 0.00384658 -0.0284035 0.282536 -0.00369229 0.999982 0.00556251 -0.0568994 0.0284217 -0.00545384 0.999609 2.34363
0.999975 -0.000738779 -0.00526526 0.0926519 0.000734461 1 -0.00119419 0.000130112 0.00527042 0.00118922 0.999959 2.0849
0.999999 0.00383166 0.00414817 -0.0926688 -0.00382583 0.999993 -0.0023357 -0.0048753 -0.00415182 0.00232173 1.00004 2.65312
0.999981 0.000778462 0.00418576 -0.0144998 -0.000774995 1 -0.000119295 -0.0065672 -0.00418759 0.000114353 0.999945 2.57229
0.999883 0.0074632 0.0141597 -0.09568 -0.00747503 0.999971 0.000540121 0.0333515 -0.0141519 -0.000643952 0.999941 2.53725
0.999963 0.00202648 0.0072975 -0.0226367 -0.00201581 1 -0.00118704 -0.0217621 -0.00729863 0.00117104 0.999932 2.73038
0.999822 0.00776256 0.0180197 -0.100689 -0.007701 0.999972 -0.00374383 -0.0297812 -0.0180412 0.00360649 0.999888 2.5765
0.999875 0.014913 0.00144008 -0.0903632 -0.0148944 0.999836 -0.00993405 -0.00612203 -0.00159233 0.00991013 0.999897 2.49211
0.999788 -0.0174617 0.0133887 0.0544194 0.0174938 0.999871 -0.00318513 -0.0664003 -0.0133063 0.00342331 0.999977 1.06599
0.999955 -0.00522003 -0.00239177 0.0219292 0.00524055 0.999949 0.00432161 -0.0330951 0.00234889 -0.00433799 0.999918 0.179343
1.00002 0.000212614 0.00298939 0.0113191 -0.000254703 0.999974 0.0105088 -0.0178621 -0.0029651 -0.0105049 1.00001 0.132787
0.999943 0.00469736 0.00688584 0.000170928 -0.00475194 0.999919 0.00934422 0.00131486 -0.00686143 -0.00938075 0.999865 0.0997576
1.00001 0.00436243 0.00309855 0.0329342 -0.00438172 1.00002 0.00297012 0.0119587 -0.00306533 -0.00297971 1.00006 0.105891
0.999913 0.00410165 0.00768644 -0.0791878 -0.00409208 0.999961 -3.24224e-05 0.021869 -0.00770563 -2.57356e-06 0.999916 0.0315265
1.00003 -0.00650443 0.00275683 0.0519812 0.00650009 1 -0.00191888 0.00219029 -0.00272467 0.0019404 1.00005 0.10655
0.999902 -0.00772093 -0.0057243 0.215581 0.00770339 0.999939 -0.0046746 0.0120672 0.00574293 0.00462712 0.999926 0.108671
1.00003 0.000205697 0.0070032 -0.0577208 -0.000177677 1 -0.0054216 0.0207547 -0.00698589 0.00542377 1.00001 -0.00154307
0.99992 -0.00623926 -0.00279332 0.236624 0.00625094 0.999966 0.000793335 -0.0183279 0.00277095 -0.000814384 0.999943 0.0748641
1.00006 -8.12982e-05 0.000660448 0.0844194 7.065e-05 1 0.00183433 -0.0138369 -0.000643413 -0.0018307 1.00005 0.0921006
0.999911 0.00204092 0.00758151 -0.0406667 -0.00202866 0.99999 -0.000400624 0.0111899 -0.0075984 0.000381864 0.999918 0.023229
1.00006 -0.0030094 -0.00128797 0.161339 0.00299978 0.999998 6.2616e-05 -0.00449676 0.0013051 -6.2883e-05 1.00005 0.0740954
0.999934 -0.000900317 -0.00186606 0.117005 0.000910464 1 0.0005547 -0.0140593 0.00185 -0.000559675 0.999948 0.0328603
1.00006 -0.00140092 0.00235322 0.0687211 0.00139019 1 0.000541949 -0.0204576 -0.00233767 -0.00053519 1.00005 -0.00722574
0.999932 -0.00100391 0.00269186 0.0492949 0.00100639 0.999993 0.00252386 -0.0142298 -0.00271042 -0.00252466 0.999945 0.0325012
1.00006 0.000791286 0.00430662 0.00571351 -0.000813927 1 0.00297632 -0.00134983 -0.00428715 -0.00297607 1.00004 0.11345
0.999923 -0.0039309 -0.000559331 0.15065 0.00394171 0.999982 0.00261755 0.00689975 0.000532702 -0.00262322 0.999942 0.117157
1.00004 -0.00394275 0.00866785 0.0610418 0.00395204 0.999999 -0.00221535 0.00339934 -0.0086417 0.00225328 1.00003 0.0849059
0.999903 0.0012238 -0.00375937 0.181085 -0.00123201 0.99998 -0.00487011 0.0161714 0.00373719 0.00487151 0.999907 0.0449673
1.00005 0.00817327 0.00359839 -0.0147699 -0.0081735 0.999977 -0.00313656 0.0144633 -0.00360663 0.00311069 1.00006 0.105686
0.999909 -0.00333276 -0.000223566 0.185043 0.00334363 0.999979 0.000423782 -0.0046318 0.000204986 -0.000428203 0.999925 0.0452062
1.00006 0.00610454 0.00129398 0.0433352 -0.00611281 0.999995 -0.0027303 0.00377947 -0.001293 0.00272598 1.00007 0.00973454
0.999891 0.00274605 -0.00722969 0.200926 -0.00273628 0.999978 -0.000218082 -0.0240906 0.00721174 0.000234277 0.999901 0.0240015
1.00007 0.00192397 -0.00133932 0.107112 -0.001936 1.00002 -0.000440195 -0.0214887 0.00135622 0.000446517 1.00007 0.00399619
0.999905 -0.00290327 -0.0054602 0.243336 0.00292598 0.999977 0.00204044 -0.0423148 0.00543619 -0.00205986 0.999911 -0.041005
0.999659 -1.24669e-05 -0.0289234 0.332463 0.00014616 1 0.00504003 -0.0366634 0.0289407 -0.00503857 0.999645 0.494463
0.999849 -0.00888876 0.00824602 0.0450213 0.00885936 0.999936 0.00493825 0.00153118 -0.0083072 -0.0048687 0.999879 0.150241
1.00007 0.00417434 -0.00144455 -0.0606008 -0.00417909 0.999992 0.00513418 0.0169778 0.0014843 -0.00512413 1.00006 0.725062
0.999566 0.00380429 0.0264228 -0.334247 -0.00372993 0.999979 -0.00241513 0.0125937 -0.0264499 0.00231198 0.999571 0.152735
0.9995 0.00274171 0.0339206 -0.347987 -0.00250153 0.999979 -0.00746671 0.0298053 -0.0339219 0.00738112 0.999474 0.273566
0.999707 0.00203673 0.0207169 -0.228042 -0.00198831 0.999992 -0.00181534 -0.00691275 -0.0207383 0.00177013 0.999715 -0.150599
1.00003 0.00560835 0.00788834 -0.140217 -0.00561607 0.999987 -0.000501021 0.000520942 -0.00787302 0.000460366 1.00004 -0.0283257
0.999911 -0.00487117 -0.000902474 0.104595 0.00488168 0.999986 1.46963e-05 0.00754328 0.000884364 -2.27469e-05 0.999932 -0.234039
0.999961 -0.000278288 -0.0154108 0.169928 0.000271918 1 0.000344107 0.0156142 0.0154287 -0.000344601 0.999953 0.460766
0.999921 -0.00041027 -0.000383438 0.0284548 0.000421991 0.999999 -0.00257793 -0.0168537 0.000365653 0.00257458 0.999928 0.615094
1.00006 0.00530842 0.0032808 0.0144006 -0.00532389 0.999982 0.00045974 -0.00804047 -0.00325929 -0.000473908 1.00006 0.0483232
0.999903 0.00671307 -0.00145743 0.0332589 -0.00669302 0.99999 0.000558144 -0.00355822 0.00143742 -0.000549655 0.999943 0.691346
1.00006 0.00568462 -0.000899641 0.04273 -0.00570499 0.99997 -0.000952906 -0.00710145 0.000917893 0.000959204 1.00006 0.234065
0.999897 0.00616596 -0.00442673 -0.00858779 -0.00614216 0.999996 0.000880465 -0.021885 0.00440785 -0.000854269 0.999934 0.102244
1.00005 -0.00672124 0.00156943 0.0818048 0.00670133 0.999962 0.000795997 -0.00953244 -0.00155079 -0.000784158 1.00006 0.239629
0.999904 -0.000441004 -0.00674684 0.0747453 0.000484265 1 0.00339421 -0.0129446 0.0067205 -0.00339818 0.999916 0.530556
1.00006 -0.000886688 -0.00346555 0.10277 0.000871532 0.999991 0.0015493 0.000432451 0.00348893 -0.00155152 1.00005 0.476524
0.999891 0.000965445 0.00876952 -0.0465219 -0.000925935 1 -0.00213932 -0.0074694 -0.00879663 0.00213039 0.999909 0.556156
1.00007 0.00199359 -0.00239072 0.0416202 -0.00202269 0.999989 -0.00344778 0.0156656 0.00240922 0.00345348 1.00005 0.358837
0.999928 -0.00116305 -0.000262813 0.0124478 0.00118354 1 -0.00175602 -0.00874066 0.000239005 0.00175493 0.999942 0.469555
1.00005 -0.00174829 -0.00732486 0.0635592 0.00174162 0.999999 0.00180124 -0.0102114 0.00734619 -0.00181257 1.00003 0.405095
0.999896 -0.00367815 0.00680419 -0.0091461 0.00369317 0.999992 0.000801366 -0.0187671 -0.00683154 -0.000777678 0.999917 0.289719
1.00007 0.00318967 -0.00195253 -0.0275468 -0.00320972 0.999998 0.000318394 0.00724588 0.00197794 -0.000310877 1.00006 0.0644493
0.9999 0.00554839 -0.00402399 -0.061162 -0.00552926 0.999983 -0.000366566 0.0105544 0.0039975 0.000387829 0.999928 0.0876666
1.00001 -0.00578326 0.0102185 0.0157193 0.00576112 0.999986 0.00027768 -0.00447363 -0.010196 -0.00021732 1.00001 0.299383
0.999883 0.00370796 -0.00789328 -0.00912933 -0.00367687 0.99999 0.0012913 0.0111863 0.00787319 -0.00126328 0.999904 0.176539
1.00008 0.00171122 -6.22355e-05 -0.0420555 -0.00173183 1 -0.00161418 0.0134975 8.29149e-05 0.00161559 1.00007 -0.0734003
0.999875 -0.00735089 0.00628223 0.134795 0.00739736 0.999961 -0.00425511 0.0118641 -0.00627425 0.00430014 0.999907 -0.0263786
1.00003 0.00324941 -0.00947766 0.00587168 -0.00326568 0.999999 0.000363448 0.0102802 0.00950079 -0.000330929 1.00002 0.0895138
0.999896 -0.00222752 0.00680635 -0.0215685 0.00224316 0.999994 0.000518153 -0.00684817 -0.00682958 -0.000504717 0.99991 0.0730846
1.00005 0.00475591 -0.00523197 -0.00304058 -0.00476924 0.999993 0.00114361 -0.0112358 0.00525882 -0.0011168 1.00005 -0.110532
0.999923 0.000182939 0.000324997 0.00799685 -0.000164021 0.999996 0.000591419 -0.000363965 -0.000346557 -0.000593251 0.999932 0.193318
1.00007 0.000308852 0.0023061 -0.0329407 -0.000324859 1 -0.00129344 -0.000185574 -0.00228558 0.00129454 1.00006 0.28377
0.999901 -5.71803e-05 -0.00667916 0.0411503 8.69543e-05 0.999995 0.00150997 -0.0109029 0.00665753 -0.00151204 0.99991 0.0455947
1.00007 0.00408381 -0.00327379 -0.0471595 -0.00409862 0.999999 0.00130601 0.0179216 0.00329917 -0.00129076 1.00006 0.226007
0.999892 -0.00316366 0.00673329 0.0329052 0.00317534 0.999987 0.00103751 -0.00954295 -0.00675718 -0.00101798 0.999909 0.193661
0.999831 -0.00456911 0.021868 -0.0846537 0.00459816 1 -0.00199979 -0.00251895 -0.0218426 0.00210273 0.99983 0.147466
0.999914 0.00172602 -0.00329061 -0.000201359 -0.00170936 0.999987 -8.56312e-05 0.00481583 0.00327287 8.89825e-05 0.999928 0.0981704
1.00007 0.00271049 -0.00232064 -0.0491384 -0.00272896 1.00001 -0.00080849 0.0123159 0.00233502 0.000817249 1.00006 0.0160505
0.999868 -0.00401007 0.00958036 -0.0276624 0.00403386 0.999984 -0.000672448 -0.0105305 -0.00959561 0.000708857 0.999892 0.194658
1.00005 -0.00246596 0.00692496 -0.0179364 0.00244931 1.00001 -8.24758e-05 0.000716477 -0.00690675 0.000101632 1.00004 0.217365
0.999786 0.00741955 -0.0150356 -0.0163737 -0.00738885 0.99997 0.000860461 -0.00572138 0.0150215 -0.000750757 0.999828 -0.192224
1.00007 -0.00205149 0.00186185 0.0450999 0.00203444 1 -0.000163203 -0.0163545 -0.00184254 0.000169128 1.00006 -0.097309
0.999915 -0.00253869 -0.00349925 0.0801482 0.00256058 0.999992 0.00122293 -0.00263483 0.00347669 -0.00123386 0.999935 0.0800228
1.00008 0.000233701 -0.000244802 -0.0112596 -0.000250666 1 0.00135527 -0.00253074 0.000264317 -0.00135303 1.00006 0.0793567
0.99992 0.00273563 -0.00155476 -0.0464685 -0.00271754 0.999996 0.000142964 0.0155005 0.00153555 -0.000140735 0.999942 0.0441211
1.00007 -0.00234677 -0.00277624 0.0659394 0.00232759 1 -0.000867045 0.000831517 0.00279683 0.000862946 1.00006 -0.0127732
0.999922 -0.00388582 0.0013795 0.0546855 0.00390296 0.999991 2.29847e-05 -0.0222398 -0.0013996 -1.96371e-05 0.99994 0.0468822
1.00006 0.00172398 -0.00507577 -0.00981252 -0.00173735 1 0.000726235 0.00903758 0.0050962 -0.000715286 1.00005 0.147119
0.999921 -0.000686501 0.00399485 -0.0575047 0.00070115 1 0.000641495 0.00411597 -0.0040147 -0.000640785 0.999931 0.205674
1.00006 0.00328826 -0.00209607 -0.0201931 -0.00330627 0.999995 -0.000310103 0.00296278 0.00211403 0.000319049 1.00006 0.175132
0.99992 0.00375396 -0.0018406 -0.0386102 -0.00373636 0.999993 8.13979e-05 -0.00243935 0.00182179 -7.65619e-05 0.99994 0.182795
1.00002 -0.00551142 0.0088885 0.0252131 0.00548853 0.999984 0.000755491 -0.00916053 -0.00887431 -0.000704118 1.00002 0.454011
0.999921 -0.00231029 0.00372757 0.00038858 0.00232252 0.999999 0.00119228 0.00102945 -0.00374873 -0.00118593 0.999932 0.1676
1.00006 0.00210937 -0.00541329 0.0421385 -0.00211862 0.999999 0.00139851 -0.00166342 0.00543337 -0.00138454 1.00005 0.00011683
0.999814 -0.00556254 0.0139976 -0.0103259 0.00561155 0.999981 -0.00230809 -0.00602055 -0.0140017 0.00238394 0.999836 0.194138
1.00004 0.00179528 -0.00736473 0.0468585 -0.00183034 1 -0.00258598 0.00405606 0.00737591 0.00260191 1.00003 -0.00135626
0.999783 0.00979826 -0.0139705 -0.0264987 -0.00978919 0.999954 -0.00055696 0.0118248 0.0139469 0.000691534 0.99984 -0.297406
1.00006 -0.00332035 0.0051675 0.0167235 0.00328879 0.999989 0.00291092 -0.0173886 -0.00516055 -0.00289092 1.00005 0.335197
0.999926 0.0016559 -0.00112219 -0.0258417 -0.00163708 1 0.001276 0.0076139 0.00110687 -0.00127671 0.999937 0.146685
0.999889 -0.0103024 0.0162255 0.0210754 0.0103033 0.999944 -0.000896554 -0.0182179 -0.0161991 0.00106648 0.999932 0.230951
0.999918 0.00205391 0.00423097 -0.0794161 -0.00202961 0.999999 -0.00192781 0.00942271 -0.00425296 0.0019169 0.99993 -0.0548119
1.00006 -0.00344602 0.00231707 0.0406792 0.00343144 0.999994 -0.000436584 -0.00896845 -0.0022982 0.00044721 1.00006 0.318339
0.999922 -0.0018502 -0.00349559 0.0560661 0.00187168 1 0.00128874 -0.0122989 0.00347426 -0.00129736 0.999942 0.0244173
0.999979 0.00668271 -0.0117953 -0.0102338 -0.00669387 0.999973 0.000563148 0.0255574 0.0118173 -0.000482172 0.999982 -0.130096
0.999865 -0.00280034 0.0109896 -0.0374709 0.00281317 1 0.000385989 -0.011273 -0.011009 -0.000357297 0.99989 -0.0895585
0.999963 0.00428927 -0.0141535 0.0457247 -0.00432961 0.999985 -0.00158466 0.0242704 0.0141649 0.00164759 0.99995 0.136588
0.999928 -0.00129821 -0.0011205 0.0223993 0.00131534 1 -7.06622e-05 -0.00383089 0.00110218 6.73315e-05 0.999952 -0.030414
1.00004 0.00139545 -0.00833268 0.0450918 -0.0013974 1 0.00170714 -0.00190561 0.00835275 -0.00169325 1.00002 0.232326
0.999855 -0.00527839 0.0107349 0.0562369 0.00527456 0.999982 0.0018328 -0.0309818 -0.0107618 -0.00177854 0.99989 0.23599
1.00004 -0.00248292 0.00768987 -0.014523 0.00246388 1 0.000504482 -0.0127735 -0.00767429 -0.000482993 1.00002 -0.0141009
0.999858 0.00710748 -0.00952991 -0.00921408 -0.00711227 0.99997 -0.00215452 0.0335254 0.00949701 0.00222029 0.999901 0.0706939
1.00007 0.00295012 -0.00256591 -0.0335769 -0.00297024 0.999997 -0.00173079 0.00678528 0.00257791 0.00174047 1.00005 -0.0554239
0.99991 -0.00619028 -0.000433714 0.0805184 0.00620547 0.99998 0.0016884 -0.0236201 0.00040526 -0.00169334 0.999948 0.125046
1.00004 0.00348696 -0.00980622 -0.0113453 -0.00348623 0.999999 0.00157144 -0.0019167 0.00982661 -0.00153471 1.00003 0.273813
0.999907 0.00251199 -0.00119534 -0.0347813 -0.002497 0.999996 0.000104215 0.0101466 0.00117895 -0.00010348 0.999921 0.167545
0.99965 -0.0103591 0.0278726 -0.0471041 0.0104498 0.999945 -0.00358388 -0.00497578 -0.0278201 0.00387635 0.999689 -0.022168
0.99972 0.00596204 -0.018567 0.0447041 -0.00590415 0.999977 0.00233647 -0.00826087 0.0185645 -0.0022287 0.999748 -0.00193926
1.00009 -0.000395248 0.000333452 0.000221645 0.000381112 1 -0.000224143 -0.00267239 -0.000318694 0.000226842 1.00008 0.0805992
0.999911 0.000690102 0.00123919 -0.00775495 -0.000675992 0.999999 0.000341795 -0.00384175 -0.00125506 -0.000344915 0.999925 -0.0501784
0.999967 0.00214339 -0.0155145 0.076508 -0.00212862 1 0.00184702 -0.00484749 0.0155319 -0.00181116 0.999957 0.268578
0.999911 0.000195163 -0.000577306 0.0147366 -0.000180194 1 0.000837943 -0.00424667 0.000561751 -0.000840187 0.999923 0.0455799
