0.999785 -0.00157202 -0.0207416 0.21188 0.00161928 0.999997 0.0022642 -0.0178904 0.020739 -0.00229761 0.999784 0.872541
0.999686 -0.00248083 -0.0250863 0.217538 0.00254641 0.999995 0.00258032 -0.0374912 0.0250824 -0.00264374 0.99968 2.18074
0.999656 -0.00410878 -0.0260179 0.194137 0.00413277 0.999996 0.0008575 -0.0481818 0.0260171 -0.000965131 0.999664 3.54438
0.999717 -0.00412308 -0.0235993 0.167367 0.00411186 0.999993 -0.000525048 -0.0596827 0.023604 0.000427504 0.999721 4.8979
0.999642 -0.00519723 -0.0264331 0.165724 0.00521826 0.999992 0.000721305 -0.0878402 0.0264323 -0.000859473 0.999653 6.21166
