1 0 0 0 0 1 0 0 0 0 1 0
1 4.27641e-05 2.40809e-05 -0.00395957 -4.27922e-05 0.999999 0.00116707 -0.00783074 -2.4031e-05 -0.00116707 0.999999 1.31189
1 -0.000160621 0.000702432 -0.00771308 0.000159232 0.999998 0.00197721 -0.00890362 -0.000702748 -0.0019771 0.999998 2.60882
1 -6.05563e-05 -0.000247245 -0.0141979 6.12582e-05 0.999996 0.00283977 -0.0160396 0.000247072 -0.00283978 0.999996 3.9316
0.999999 -4.64682e-05 0.00123441 -0.0131536 4.22141e-05 0.999994 0.00344607 -0.0110954 -0.00123457 -0.00344602 0.999993 5.23764
1 -8.94227e-05 0.000644159 -0.0143657 8.66588e-05 0.999991 0.00428963 -0.0102409 -0.000644536 -0.00428957 0.999991 6.56126
1 -0.000279714 0.000562079 -0.016378 0.000276605 0.999985 0.00552382 -0.0155342 -0.000563615 -0.00552366 0.999985 7.88748
0.999999 -9.17509e-05 0.00128889 -0.0194592 8.35774e-05 0.99998 0.00634014 -0.00736983 -0.00128945 -0.00634003 0.999979 9.20553
1 0.000300563 2.34085e-06 -0.0294036 -0.000300571 0.999976 0.00697124 -0.00670302 -2.45199e-07 -0.00697124 0.999976 10.5384
0.999999 0.000879987 0.0011316 -0.0358693 -0.000888699 0.99997 0.00772113 0.000160331 -0.00112477 -0.00772213 0.99997 11.8624
0.999999 0.00118978 0.000513094 -0.0419499 -0.00119404 0.999964 0.00839087 0.00583467 -0.000503092 -0.00839148 0.999965 13.2048
0.999999 0.00129353 0.000388155 -0.0502715 -0.00129706 0.999956 0.00924024 0.00557469 -0.000376185 -0.00924074 0.999957 14.5418
0.999998 0.00125814 0.00152919 -0.054937 -0.00127379 0.999946 0.0102739 0.00738845 -0.00151618 -0.0102758 0.999946 15.8791
0.999999 0.000578835 0.0010497 -0.0557891 -0.000591329 0.999928 0.0119413 0.010745 -0.00104272 -0.0119419 0.999928 17.2315
0.999997 -0.000236451 0.00225619 -0.0538423 0.000205607 0.999907 0.0136613 0.0251769 -0.00225921 -0.0136608 0.999904 18.5809
1 -0.000327123 0.000909309 -0.0502296 0.000313678 0.999891 0.0147468 0.044907 -0.000914033 -0.0147465 0.999891 19.9335
0.999998 -0.000311957 0.00220666 -0.0432859 0.000277181 0.999876 0.0157422 0.083473 -0.0022113 -0.0157416 0.999874 21.2744
0.999998 -0.000172354 0.0019872 -0.0421175 0.000139633 0.999865 0.0164542 0.125629 -0.00198977 -0.0164539 0.999863 22.6366
0.999996 -9.21906e-05 0.00296197 -0.0454205 4.00485e-05 0.999845 0.017599 0.156287 -0.00296313 -0.0175989 0.999841 23.9953
0.999988 -0.000434506 0.00479175 -0.0492664 0.000333354 0.999777 0.0210903 0.172165 -0.00479985 -0.0210885 0.999766 25.3548
0.999992 -0.000648599 0.00393011 -0.0446954 0.000554592 0.999715 0.0238736 0.182071 -0.00394447 -0.0238713 0.999707 26.7344
0.999988 -0.000617956 0.00490662 -0.0446023 0.000494135 0.999682 0.0251966 0.192536 -0.00492063 -0.0251939 0.999671 28.089
0.999992 0.00056017 0.00390232 -0.0494095 -0.00065916 0.999677 0.025412 0.218106 -0.00388682 -0.0254144 0.99967 29.4697
0.999982 0.00135315 0.00577913 -0.0506754 -0.00150454 0.999654 0.0262715 0.226905 -0.00574157 -0.0262797 0.999638 30.824
0.999984 0.00215627 0.00516655 -0.057192 -0.00229363 0.99964 0.0267294 0.25931 -0.00510706 -0.0267408 0.999629 32.2144
0.999982 0.00235966 0.00554345 -0.0600918 -0.00251374 0.999606 0.0279541 0.277988 -0.0054753 -0.0279675 0.999594 33.596
0.999974 0.00253574 0.00678349 -0.06017 -0.00273138 0.999576 0.0289882 0.308595 -0.00670711 -0.0290059 0.999557 34.9601
0.999982 0.00249875 0.00538836 -0.0566882 -0.00266657 0.999504 0.0313647 0.341257 -0.00530731 -0.0313785 0.999494 36.3639
0.999973 0.00323959 0.00661258 -0.0619962 -0.00345366 0.999462 0.0326215 0.379529 -0.00650334 -0.0326434 0.999446 37.739
0.999975 0.00440075 0.00546767 -0.0618659 -0.00458152 0.999428 0.0335009 0.41583 -0.00531711 -0.0335251 0.999424 39.1462
0.999972 0.00513204 0.00553657 -0.0685142 -0.00531947 0.999394 0.0343863 0.449643 -0.00535675 -0.0344148 0.999393 40.5474
0.999965 0.00548246 0.00637532 -0.0704341 -0.00570577 0.999351 0.0355531 0.490963 -0.00617626 -0.0355882 0.999348 41.9412
0.99997 0.00577818 0.00509906 -0.0739912 -0.00596094 0.999313 0.0365877 0.531068 -0.00488414 -0.036617 0.999318 43.3456
0.999965 0.00584105 0.00593118 -0.0713578 -0.00605995 0.999275 0.0375858 0.567567 -0.00570734 -0.0376204 0.999276 44.7568
0.999972 0.00616345 0.00422209 -0.0721507 -0.00632058 0.999247 0.0382717 0.611478 -0.00398302 -0.0382974 0.999259 46.1663
0.999968 0.00643305 0.00471676 -0.0655179 -0.00661374 0.999204 0.0393502 0.65448 -0.00445987 -0.0393801 0.999214 47.5681
0.999973 0.00695149 0.00248213 -0.070662 -0.00704617 0.999158 0.0404283 0.700364 -0.002199 -0.0404447 0.999179 48.9957
0.999969 0.00771062 0.0012868 -0.0794352 -0.00775701 0.999124 0.0411106 0.740344 -0.00096868 -0.0411193 0.999154 50.4179
0.999965 0.00816121 0.00161984 -0.0820984 -0.00822215 0.99908 0.042079 0.785614 -0.00127494 -0.0420909 0.999113 51.8268
0.999963 0.00860559 -0.000607231 -0.0934162 -0.00857078 0.999005 0.0437601 0.833516 0.000983211 -0.0437533 0.999042 53.2584
0.999963 0.00852964 -2.81262e-05 -0.0998389 -0.0085197 0.998946 0.0450952 0.883843 0.000412745 -0.0450933 0.998983 54.6829
0.999959 0.00883552 -0.00193072 -0.106986 -0.00873722 0.9989 0.046063 0.937202 0.00233559 -0.0460442 0.998937 56.1184
0.99996 0.00856804 -0.00238654 -0.11448 -0.00844684 0.998866 0.0468535 0.996261 0.00278528 -0.0468315 0.998899 57.5421
0.99996 0.00885505 -0.000894608 -0.113169 -0.00880251 0.99883 0.0475424 1.05009 0.00131456 -0.0475327 0.998869 58.959
0.999957 0.00911552 -0.00178144 -0.116465 -0.00901856 0.998786 0.0484344 1.11002 0.00222078 -0.0484162 0.998825 60.3894
0.999956 0.00933228 -7.90495e-05 -0.115783 -0.00931681 0.99872 0.0497185 1.17351 0.000542938 -0.0497156 0.998763 61.8047
0.999957 0.00926936 -0.000920551 -0.125558 -0.00921077 0.998671 0.0507023 1.23255 0.00138931 -0.0506916 0.998714 63.2327
0.999958 0.00919473 -0.000104152 -0.125707 -0.00917745 0.998656 0.0510056 1.28791 0.000572998 -0.0510025 0.998699 64.6474
0.99995 0.00983494 0.00167962 -0.128007 -0.00990843 0.998622 0.0515291 1.33986 -0.00117052 -0.0515432 0.99867 66.0572
0.999937 0.0111761 0.00117508 -0.134876 -0.0112225 0.998552 0.0526039 1.3952 -0.000585466 -0.0526138 0.998615 67.4789
0.99991 0.0130212 0.00319852 -0.144098 -0.0131762 0.998427 0.054501 1.44406 -0.00248382 -0.0545382 0.998509 68.8804
0.99987 0.0159007 0.0028366 -0.145283 -0.0160354 0.99828 0.0563805 1.49977 -0.00193523 -0.0564186 0.998405 70.2924
0.999815 0.0187011 0.00449302 -0.147918 -0.0189289 0.998163 0.0575558 1.55258 -0.00340841 -0.0576302 0.998332 71.696
0.99975 0.0219255 0.0043493 -0.157814 -0.022142 0.998052 0.0583206 1.6174 -0.00306211 -0.0584024 0.998289 73.1076
0.999728 0.0227972 0.00490897 -0.165123 -0.023047 0.997996 0.0589253 1.67581 -0.00355581 -0.0590224 0.99825 74.5101
0.999712 0.0231211 0.00642389 -0.171215 -0.0234618 0.997963 0.0593171 1.73834 -0.00503933 -0.0594507 0.998219 75.8906
0.999705 0.0235121 0.00602224 -0.163986 -0.0238317 0.99791 0.0600574 1.80541 -0.00459757 -0.0601832 0.998177 77.2974
0.999703 0.0234202 0.00676484 -0.1634 -0.0237862 0.997894 0.0603482 1.8708 -0.00533722 -0.0604912 0.998154 78.6625
0.999701 0.0237479 0.00589853 -0.160044 -0.0240618 0.997875 0.0605569 1.94524 -0.00444789 -0.0606807 0.998147 80.0574
0.999703 0.0237431 0.00546512 -0.155881 -0.0240323 0.997851 0.0609571 2.01746 -0.00400607 -0.0610704 0.998125 81.4461
0.999702 0.0238189 0.00532131 -0.148617 -0.0241006 0.997829 0.0612966 2.09015 -0.00384973 -0.0614066 0.998105 82.7981
0.999698 0.0241467 0.00458536 -0.15105 -0.0243835 0.997803 0.0616003 2.16244 -0.00308783 -0.0616935 0.99809 84.1918
0.999687 0.0246096 0.00448017 -0.155498 -0.0248401 0.997768 0.061987 2.2373 -0.00294469 -0.0620789 0.998067 85.5414
0.999695 0.0245572 0.00269187 -0.153829 -0.0246778 0.997725 0.0627386 2.30862 -0.00114506 -0.0627859 0.998026 86.9288
0.999687 0.0249707 0.0017829 -0.160035 -0.0250336 0.997641 0.0639126 2.38458 -0.000182755 -0.0639372 0.997954 88.2978
0.999683 0.0251327 0.00108818 -0.166648 -0.0251506 0.997599 0.0645218 2.46856 0.000536048 -0.0645288 0.997916 89.6353
0.999684 0.0251358 -0.000148583 -0.169723 -0.0250731 0.997572 0.0649658 2.55222 0.00178119 -0.0649415 0.997887 91.0193
0.999689 0.0249193 -0.000100085 -0.178675 -0.0248593 0.997546 0.0654483 2.63514 0.00173077 -0.0654255 0.997856 92.3562
0.999692 0.0247936 -0.000935373 -0.184519 -0.0246784 0.99753 0.0657706 2.71638 0.00256375 -0.0657273 0.997834 93.7284
0.999704 0.0243282 -0.000753549 -0.192617 -0.024226 0.99754 0.0657742 2.79295 0.00235187 -0.0657365 0.997834 95.0635
0.999711 0.0240363 -0.000810031 -0.201971 -0.0239308 0.997542 0.0658645 2.86762 0.00239118 -0.0658261 0.997828 96.4339
0.999703 0.0243669 -0.000604472 -0.21122 -0.0242739 0.997526 0.0659719 2.94236 0.00221051 -0.0659377 0.997821 97.7842
0.99969 0.024897 0.000557496 -0.224192 -0.0248792 0.997489 0.06631 3.02382 0.00109483 -0.0663033 0.997799 99.1165
0.999677 0.0254259 0.000558473 -0.229521 -0.0254054 0.997389 0.0676045 3.10097 0.00116189 -0.0675968 0.997712 100.476
0.999659 0.0260873 0.00113429 -0.235571 -0.0261039 0.997324 0.0682931 3.1874 0.000650332 -0.0682994 0.997665 101.792
0.999649 0.0264897 0.00107976 -0.243549 -0.0265012 0.997277 0.0688128 3.26856 0.000746013 -0.0688172 0.997629 103.149
0.999648 0.0265216 0.0013115 -0.251638 -0.0265491 0.99729 0.0686194 3.34674 0.000511952 -0.06863 0.997642 104.479
0.99966 0.0260046 0.0019579 -0.258591 -0.0260776 0.997303 0.0686048 3.42575 -0.000168573 -0.0686325 0.997642 105.781
0.999674 0.0254498 0.00204523 -0.259047 -0.0255304 0.997244 0.0696665 3.51536 -0.000266594 -0.069696 0.997568 107.135
0.999715 0.0236658 0.00304738 -0.260062 -0.0238219 0.997222 0.0705811 3.59723 -0.00136855 -0.0706336 0.997501 108.435
0.999744 0.0223339 0.0036471 -0.258799 -0.0225381 0.997171 0.0717079 3.67774 -0.00203526 -0.0717717 0.997419 109.787
0.999747 0.0220598 0.00436264 -0.259628 -0.0223166 0.99716 0.0719263 3.75583 -0.00276357 -0.0720055 0.997401 111.11
0.999692 0.0241725 0.0056664 -0.262379 -0.0245149 0.997159 0.0712286 3.84609 -0.00392853 -0.0713455 0.997444 112.403
0.999637 0.0261211 0.00653164 -0.267774 -0.026519 0.997129 0.0709188 3.92586 -0.00466041 -0.0710663 0.997461 113.745
0.999573 0.0279506 0.00858019 -0.273925 -0.0284914 0.997055 0.0712076 4.01112 -0.00656462 -0.0714217 0.997425 115.046
0.99954 0.0288991 0.00915983 -0.273893 -0.0294938 0.996873 0.0733067 4.09401 -0.00701269 -0.0735431 0.997267 116.392
0.999524 0.0288531 0.0109133 -0.272275 -0.029595 0.996716 0.0753796 4.1764 -0.00870249 -0.0756668 0.997095 117.697
0.999521 0.0289185 0.011022 -0.267203 -0.029682 0.996596 0.0769176 4.26489 -0.00876017 -0.0772079 0.996977 119.042
0.999485 0.029625 0.0123281 -0.263314 -0.03049 0.996551 0.0771794 4.35936 -0.00999916 -0.0775156 0.996941 120.371
0.999416 0.0311037 0.0141548 -0.256725 -0.0321065 0.996497 0.0772139 4.45523 -0.0117036 -0.0776233 0.996914 121.672
0.999348 0.0329832 0.0147246 -0.249881 -0.0340251 0.996432 0.0772395 4.54744 -0.0121244 -0.0776901 0.996904 123.027
0.999309 0.033404 0.0163254 -0.239769 -0.0345723 0.996394 0.0774796 4.63895 -0.0136784 -0.0779905 0.99686 124.33
0.999289 0.033881 0.0165212 -0.230681 -0.0350607 0.996391 0.0772988 4.73392 -0.0138426 -0.0778232 0.996871 125.684
0.999279 0.0336958 0.0175225 -0.215979 -0.0349526 0.996402 0.0772076 4.82557 -0.0148579 -0.0777643 0.996861 127.013
0.999228 0.0341459 0.0194252 -0.197812 -0.0355592 0.996336 0.0777857 4.91936 -0.016698 -0.0784164 0.996781 128.323
0.99921 0.0345351 0.019642 -0.186438 -0.035971 0.99629 0.0781824 5.02973 -0.0168691 -0.0788272 0.996746 129.688
0.9992 0.0342454 0.0206334 -0.169831 -0.0357693 0.996258 0.0786814 5.11517 -0.0178617 -0.0793566 0.996686 130.99
0.99922 0.0338039 0.0204193 -0.150179 -0.0353182 0.996247 0.0790262 5.20959 -0.0176713 -0.0796858 0.996664 132.354
0.999235 0.0334948 0.0201995 -0.128756 -0.0350002 0.996224 0.0794591 5.31193 -0.0174617 -0.0801053 0.996634 133.689
0.999266 0.032752 0.019851 -0.106156 -0.0342422 0.996201 0.0800738 5.40601 -0.017153 -0.0806948 0.996591 134.983
0.999258 0.0336516 0.0187253 -0.0905389 -0.0350523 0.996152 0.0803267 5.51462 -0.0159501 -0.0809235 0.996593 136.348
0.999271 0.0336906 0.0179619 -0.0655736 -0.0350291 0.996154 0.0803136 5.6227 -0.015187 -0.0808843 0.996608 137.658
0.99933 0.0328473 0.0161454 -0.0551815 -0.0340531 0.996119 0.0811647 5.72173 -0.0134167 -0.0816601 0.99657 139.02
0.999343 0.0329104 0.0152022 -0.0394532 -0.0340406 0.996108 0.0813028 5.82628 -0.0124673 -0.0817669 0.996574 140.321
0.999341 0.0337933 0.0132687 -0.0317248 -0.034764 0.996072 0.0814344 5.93243 -0.0104646 -0.081842 0.99659 141.687
0.99932 0.0347747 0.0122693 -0.0214326 -0.0356592 0.996051 0.08131 6.04236 -0.00939334 -0.0816922 0.996613 143.027
0.999313 0.0351464 0.0117203 -0.0097676 -0.0359877 0.996013 0.0816247 6.15066 -0.00880476 -0.0819905 0.996594 144.321
0.999341 0.0349181 0.00990907 -0.000796429 -0.0356135 0.996005 0.0818942 6.26147 -0.00700989 -0.0821931 0.996592 145.685
0.999571 0.0276754 0.0095447 0.0144068 -0.0283863 0.995991 0.0848351 6.3634 -0.00715858 -0.0850697 0.996349 147.019
0.999643 0.0257768 0.00702112 0.0371339 -0.0262829 0.995996 0.0854431 6.46616 -0.00479056 -0.0855971 0.996318 148.367
0.999733 0.0223609 0.00589994 0.0428084 -0.0227807 0.996144 0.0847201 6.55741 -0.00398277 -0.0848319 0.996387 149.709
0.99967 0.0247576 0.00692011 0.042958 -0.0252527 0.99613 0.0841906 6.66168 -0.00480897 -0.0843376 0.996426 151.033
0.999644 0.0257869 0.0068446 0.0443173 -0.0262661 0.99621 0.0829168 6.77647 -0.00468048 -0.0830671 0.996533 152.392
0.99964 0.0255478 0.00823701 0.0462467 -0.026146 0.996179 0.0833307 6.87528 -0.00607662 -0.0835161 0.996488 153.723
0.999681 0.0239696 0.00795445 0.0591553 -0.0245522 0.996183 0.0837656 6.97809 -0.00591625 -0.0839342 0.996454 155.066
0.999765 0.0198884 0.00867292 0.0745197 -0.0205616 0.996079 0.086051 7.06933 -0.00692749 -0.0862091 0.996253 156.406
0.999824 0.0162385 0.00939489 0.0904518 -0.016997 0.996041 0.087258 7.16335 -0.00794074 -0.0874023 0.996142 157.727
0.999855 0.0144775 0.0089538 0.103027 -0.0152084 0.996021 0.087811 7.27043 -0.00764688 -0.0879345 0.996097 159.078
0.999819 0.0155054 0.0110118 0.110292 -0.016428 0.995866 0.089336 7.38881 -0.00958111 -0.0895007 0.995941 160.407
0.999762 0.0187088 0.0112612 0.118526 -0.0196416 0.995803 0.0893932 7.49328 -0.00954154 -0.0895931 0.995933 161.764
0.9997 0.0208863 0.0128305 0.120954 -0.0219492 0.99577 0.0892169 7.59577 -0.0109129 -0.0894718 0.99593 163.075
0.999669 0.0221661 0.0130367 0.128592 -0.0232457 0.995715 0.0895088 7.70602 -0.0109968 -0.0897823 0.995901 164.445
0.999655 0.022546 0.0135134 0.135589 -0.0236762 0.995632 0.090316 7.81243 -0.0114181 -0.0906048 0.995822 165.796
0.999623 0.0234876 0.0142187 0.14521 -0.0246823 0.995574 0.0906795 7.91719 -0.0120259 -0.0909962 0.995779 167.12
0.999615 0.0244912 0.0130628 0.1557 -0.0255754 0.995563 0.0905597 8.02841 -0.0107869 -0.0908589 0.995806 168.498
0.99957 0.0258416 0.0138576 0.160345 -0.0269866 0.995572 0.0900444 8.13322 -0.0114693 -0.0903797 0.995842 169.83
0.999457 0.0302071 0.013144 0.157635 -0.0312689 0.995457 0.0899285 8.24678 -0.0103678 -0.0902907 0.995862 171.212
0.999334 0.0340002 0.0132364 0.159584 -0.0350673 0.995221 0.0911334 8.36265 -0.0100746 -0.0915369 0.995751 172.572
0.999227 0.0365266 0.014515 0.171147 -0.037716 0.994996 0.0925217 8.48193 -0.0110629 -0.0929977 0.995605 173.92
0.999212 0.0370935 0.0140915 0.181986 -0.0382587 0.994819 0.0941939 8.59708 -0.0105245 -0.0946588 0.995454 175.307
0.999292 0.03486 0.0141509 0.199159 -0.0360618 0.994714 0.0961421 8.712 -0.0107246 -0.0965843 0.995267 176.67
0.999348 0.0341087 0.0118218 0.221743 -0.0350987 0.994638 0.0972761 8.83059 -0.00844045 -0.0976276 0.995188 178.051
0.999371 0.0338048 0.0107471 0.231371 -0.0346648 0.994992 0.0937487 8.95086 -0.00752411 -0.0940623 0.995538 179.42
0.999327 0.0358117 0.0079337 0.242797 -0.0363883 0.995136 0.091543 9.06485 -0.00461679 -0.0917702 0.99577 180.807
0.999286 0.0370816 0.0072401 0.246876 -0.0375801 0.995304 0.089205 9.17289 -0.00389824 -0.0894134 0.995987 182.191
0.999176 0.039818 0.00783463 0.252859 -0.0403654 0.995056 0.0907438 9.28306 -0.00418264 -0.0909853 0.995844 183.556
0.999106 0.0417228 0.00684604 0.254582 -0.0421809 0.994715 0.0936114 9.39931 -0.00290412 -0.0938165 0.995586 184.962
0.99903 0.043221 0.00837084 0.252081 -0.0438243 0.994449 0.095664 9.52375 -0.00418967 -0.0959381 0.995379 186.338
0.998987 0.044232 0.00823221 0.256501 -0.0448221 0.99429 0.0968396 9.65373 -0.00390179 -0.0971105 0.995266 187.772
0.999094 0.0417374 0.00828663 0.264781 -0.0423478 0.994321 0.0976318 9.77411 -0.00416467 -0.0978943 0.995188 189.171
0.999195 0.039046 0.00917942 0.271357 -0.0397629 0.99431 0.0988218 9.88845 -0.00526859 -0.0991073 0.995063 190.549
0.999295 0.0364047 0.00918841 0.280037 -0.0371384 0.994358 0.0993659 10.0111 -0.00551918 -0.0996371 0.995009 191.984
0.999368 0.0339646 0.0105066 0.291364 -0.0348503 0.99432 0.100563 10.1392 -0.00703137 -0.100866 0.994875 193.372
0.99947 0.0310104 0.00987346 0.303982 -0.0318579 0.994258 0.102155 10.2695 -0.00664888 -0.102416 0.99472 194.807
0.999509 0.0294027 0.0108623 0.316892 -0.0303683 0.994193 0.103241 10.3946 -0.00776369 -0.10352 0.994597 196.188
0.999461 0.0313895 0.00956965 0.32532 -0.0321907 0.994457 0.1001 10.5294 -0.00637451 -0.100354 0.994932 197.619
0.999218 0.03833 0.00975071 0.322993 -0.0390998 0.994459 0.0975835 10.6639 -0.0059563 -0.0978884 0.99518 199.031
0.9989 0.0454758 0.0114692 0.312341 -0.0463786 0.994163 0.0974087 10.78 -0.00697251 -0.0978334 0.995179 200.422
0.998613 0.0512741 0.0119408 0.297855 -0.0522219 0.993487 0.10128 10.9053 -0.00666999 -0.101763 0.994787 201.877
0.998567 0.051732 0.0136666 0.300647 -0.0528787 0.993132 0.104365 11.0245 -0.00817373 -0.104938 0.994445 203.286
0.998651 0.0505191 0.0120172 0.310856 -0.0515125 0.992996 0.106329 11.1657 -0.00656138 -0.106804 0.994259 204.746
0.998683 0.0501392 0.0108689 0.320395 -0.0510149 0.992968 0.106826 11.3144 -0.00543625 -0.10724 0.994219 206.18
0.998801 0.0477698 0.0106985 0.33406 -0.0486475 0.992955 0.108048 11.4444 -0.00546173 -0.108439 0.994089 207.585
0.998771 0.0485712 0.00988303 0.339227 -0.0493594 0.992836 0.108818 11.5975 -0.00452677 -0.109172 0.994013 209.055
0.99874 0.049223 0.00970412 0.342169 -0.0499911 0.992717 0.109608 11.7418 -0.00423821 -0.109955 0.993928 210.464
0.998712 0.0500024 0.00857927 0.342045 -0.0506463 0.992532 0.110974 11.889 -0.0029662 -0.111266 0.993787 211.937
0.998732 0.0496781 0.00815306 0.34416 -0.0502809 0.992359 0.112676 12.0401 -0.0024932 -0.112943 0.993599 213.391
0.998726 0.0496922 0.00880642 0.350128 -0.0503704 0.992293 0.113212 12.1891 -0.00311281 -0.113511 0.993532 214.818
0.998677 0.0508463 0.00768793 0.349295 -0.0513909 0.992194 0.113623 12.3558 -0.00185059 -0.113868 0.993495 216.316
0.998604 0.0521759 0.00825098 0.357743 -0.0527762 0.992114 0.113685 12.5124 -0.00225426 -0.113962 0.993483 217.744
0.998532 0.0537821 0.00647023 0.355653 -0.054169 0.992034 0.113731 12.6672 -0.000301991 -0.113915 0.993491 219.228
0.998381 0.0564294 0.00710673 0.369032 -0.0568717 0.991873 0.113811 12.8286 -0.000626657 -0.114031 0.993477 220.66
0.99831 0.0578884 0.00508662 0.351467 -0.0580908 0.991791 0.113915 12.9912 0.00154953 -0.114018 0.993478 222.158
0.99827 0.0585887 0.00486526 0.351166 -0.0587607 0.991715 0.114226 13.1441 0.00186743 -0.114314 0.993443 223.634
0.998221 0.059407 0.00499551 0.348246 -0.0595887 0.991676 0.114137 13.3043 0.00182665 -0.114232 0.993453 225.086
0.9982 0.0598369 0.00397572 0.341525 -0.0598988 0.991635 0.114333 13.4603 0.00289887 -0.114365 0.993435 226.591
0.998204 0.0597446 0.00436405 0.34052 -0.05985 0.991573 0.114893 13.6093 0.002537 -0.114948 0.993369 228.059
0.998177 0.0602123 0.00414422 0.3389 -0.0602879 0.991488 0.115401 13.7746 0.00283964 -0.115441 0.993311 229.563
0.998195 0.0598976 0.00428127 0.335497 -0.0599894 0.991433 0.116027 13.9347 0.00270513 -0.116074 0.993237 231.051
0.998156 0.0604381 0.00554296 0.331817 -0.0606723 0.991352 0.116365 14.1017 0.00153785 -0.116486 0.993191 232.526
0.998096 0.0614889 0.00483448 0.334931 -0.0616335 0.991299 0.116311 14.2658 0.00235941 -0.116387 0.993201 234.031
0.99804 0.0622659 0.00624123 0.338929 -0.0625691 0.991252 0.116205 14.4298 0.00104896 -0.116367 0.993206 235.515
0.998029 0.062536 0.00509911 0.344076 -0.0627034 0.991187 0.116689 14.5971 0.0022431 -0.116779 0.993156 237.018
0.99804 0.0623187 0.00565059 0.336479 -0.0625508 0.991117 0.117363 14.7612 0.0017135 -0.117486 0.993073 238.517
0.998076 0.0615579 0.00743334 0.335889 -0.062005 0.991058 0.11815 14.9169 -9.38243e-05 -0.118383 0.992968 240.005
0.998086 0.061467 0.00681186 0.328571 -0.0618412 0.991081 0.118046 15.0827 0.00050485 -0.118241 0.992985 241.525
0.998046 0.0618915 0.00855697 0.339205 -0.0624687 0.991087 0.117662 15.2448 -0.00119842 -0.117967 0.993017 243.024
0.998025 0.0623026 0.00795007 0.337243 -0.0628054 0.991055 0.117752 15.4179 -0.000542719 -0.118018 0.993012 244.544
0.998051 0.0618545 0.00826627 0.339352 -0.0623986 0.99098 0.118597 15.5826 -0.000855962 -0.118881 0.992908 246.064
0.998091 0.0611502 0.00867261 0.348205 -0.0617488 0.9909 0.119602 15.7417 -0.00128002 -0.119909 0.992784 247.561
0.998136 0.0605264 0.00773219 0.352008 -0.0610171 0.990837 0.120498 15.9054 -0.000368041 -0.120745 0.992684 249.097
0.998166 0.0598933 0.00880437 0.347462 -0.0605197 0.990749 0.12147 16.0715 -0.00144768 -0.12178 0.992556 250.603
0.998163 0.0600757 0.0078486 0.352347 -0.0605847 0.99065 0.122239 16.2398 -0.00043162 -0.12249 0.99247 252.143
0.99818 0.0596646 0.00878177 0.353941 -0.0602918 0.990592 0.122855 16.4164 -0.00136904 -0.123161 0.992386 253.642
0.998207 0.0594031 0.00732012 0.358515 -0.0598524 0.990539 0.123496 16.5926 8.52244e-05 -0.123713 0.992318 255.185
0.998242 0.0587854 0.00757685 0.365618 -0.0592713 0.990484 0.124212 16.7775 -0.000202897 -0.124443 0.992227 256.703
0.998267 0.0581881 0.00876396 0.374588 -0.0588273 0.990432 0.124836 16.9525 -0.00141615 -0.125135 0.992139 258.213
0.998283 0.0581462 0.0070952 0.382231 -0.0585769 0.990421 0.125042 17.1365 0.00024351 -0.125243 0.992126 259.739
0.998242 0.0587589 0.00776284 0.391212 -0.0592685 0.990352 0.12526 17.315 -0.000327779 -0.1255 0.992094 261.247
0.998238 0.058884 0.00733879 0.415132 -0.0593393 0.990207 0.126366 17.4951 0.000174037 -0.126579 0.991957 262.776
0.998256 0.0585326 0.00764118 0.424429 -0.059029 0.990197 0.126595 17.6928 -0.000156334 -0.126825 0.991925 264.305
0.998263 0.0582226 0.00893342 0.429977 -0.0588863 0.990124 0.127225 17.8697 -0.00143782 -0.12753 0.991834 265.82
0.998248 0.0585285 0.00862752 0.441829 -0.0591505 0.990143 0.126962 18.0526 -0.0011116 -0.127249 0.991871 267.339
0.998183 0.0593022 0.0106517 0.445326 -0.0601762 0.990059 0.127135 18.2427 -0.00300642 -0.127545 0.991829 268.865
0.998137 0.0601386 0.0102516 0.45426 -0.0609562 0.989932 0.127745 18.431 -0.00246599 -0.128132 0.991754 270.395
0.998071 0.0610683 0.0111771 0.460939 -0.0619976 0.989836 0.127987 18.6157 -0.00324754 -0.128433 0.991713 271.922
0.997978 0.0619648 0.0141341 0.46949 -0.0632687 0.989718 0.128281 18.7998 -0.00603984 -0.128916 0.991638 273.442
0.997968 0.062278 0.013457 0.484645 -0.0634929 0.989681 0.128457 18.9882 -0.00531815 -0.12905 0.991624 274.972
0.997886 0.0629012 0.0163173 0.493715 -0.0644816 0.989596 0.128615 19.1722 -0.00805748 -0.129395 0.991561 276.493
0.99791 0.0627415 0.015482 0.511778 -0.064218 0.989564 0.128991 19.3649 -0.00722735 -0.129716 0.991525 278.025
0.997871 0.0630609 0.0166448 0.531502 -0.0646925 0.989425 0.129818 19.555 -0.00828242 -0.130618 0.991399 279.55
0.997833 0.0628344 0.0195365 0.555082 -0.0648544 0.989316 0.130571 19.7407 -0.0111234 -0.131555 0.991247 281.065
0.997837 0.0632782 0.0178118 0.576594 -0.0650811 0.98911 0.132006 19.9374 -0.00926477 -0.132879 0.991089 282.603
0.997809 0.0630039 0.0202043 0.598213 -0.0651177 0.989218 0.131179 20.1335 -0.0117217 -0.132207 0.991153 284.121
0.997847 0.0631128 0.0178042 0.617184 -0.0649099 0.989211 0.131337 20.3312 -0.00932309 -0.13221 0.991178 285.662
0.997875 0.0629137 0.0169577 0.636823 -0.0646086 0.989106 0.132273 20.531 -0.00845118 -0.133088 0.991069 287.199
0.9979 0.0620277 0.0186352 0.658319 -0.0639611 0.989052 0.132984 20.7224 -0.0101825 -0.133897 0.990943 288.729
0.997903 0.0627564 0.015847 0.679408 -0.0643194 0.988858 0.134251 20.9266 -0.00724533 -0.134989 0.990821 290.284
0.99785 0.062941 0.0182768 0.703957 -0.0648343 0.988773 0.134629 21.1246 -0.00959788 -0.135525 0.990728 291.812
0.997867 0.0632988 0.0159218 0.719731 -0.0648784 0.988607 0.135819 21.3302 -0.00714318 -0.136562 0.990606 293.379
0.997881 0.063244 0.0152771 0.736078 -0.0647416 0.988502 0.136646 21.5305 -0.00645942 -0.137345 0.990502 294.936
0.997836 0.0637772 0.0159696 0.752332 -0.0653725 0.988312 0.137718 21.7347 -0.00699966 -0.138464 0.990343 296.479
0.997797 0.0647805 0.0143118 0.767274 -0.066145 0.988038 0.139306 21.9516 -0.00511623 -0.139946 0.990146 298.062
0.997734 0.0652153 0.0165253 0.782064 -0.0668914 0.987874 0.14011 22.1613 -0.00718766 -0.140898 0.989998 299.617
0.997709 0.0656928 0.0161622 0.800284 -0.0673192 0.987714 0.141027 22.3785 -0.00669919 -0.141792 0.989874 301.205
0.997717 0.0654621 0.0165871 0.817561 -0.0671558 0.987631 0.141688 22.5906 -0.00710675 -0.142479 0.989773 302.776
0.997729 0.064836 0.0182339 0.842552 -0.0667722 0.987634 0.141843 22.8114 -0.0088119 -0.142739 0.989721 304.345
0.997756 0.0645542 0.017734 0.86644 -0.0664244 0.987615 0.142141 23.0314 -0.00833857 -0.143 0.989688 305.936
0.997751 0.0642985 0.0189351 0.892211 -0.0663461 0.987575 0.142455 23.2545 -0.00954024 -0.143391 0.98962 307.53
0.997742 0.0651881 0.016152 0.918239 -0.0668328 0.987435 0.143195 23.4737 -0.00661446 -0.143951 0.989563 309.121
0.99775 0.0654747 0.0143597 0.940836 -0.0668625 0.987312 0.144027 23.7051 -0.00474736 -0.144663 0.98947 310.712
0.997718 0.0657027 0.0155335 0.951311 -0.0672693 0.987001 0.145955 23.9378 -0.00574191 -0.146667 0.98917 312.311
0.997773 0.0649952 0.0149535 0.978427 -0.0664993 0.986625 0.148826 24.159 -0.00508045 -0.149489 0.988751 313.927
0.997773 0.064611 0.016552 0.987123 -0.0663636 0.986521 0.149575 24.393 -0.00666473 -0.15034 0.988612 315.52
0.997805 0.0642759 0.015919 1.01739 -0.0659456 0.986339 0.150953 24.626 -0.00599892 -0.151671 0.988413 317.138
0.997781 0.0642644 0.0174046 1.03876 -0.0661632 0.986251 0.151433 24.8594 -0.00743353 -0.152248 0.988315 318.733
0.997785 0.0644459 0.0164479 1.06885 -0.0662021 0.986126 0.152228 25.0997 -0.00640924 -0.15298 0.988209 320.347
0.997779 0.0643545 0.0171419 1.09083 -0.0662232 0.986012 0.152956 25.3401 -0.00705873 -0.153752 0.988084 321.953
0.997711 0.0648383 0.0191863 1.10649 -0.0670167 0.985944 0.153049 25.5923 -0.00899323 -0.153984 0.988033 323.541
0.997687 0.0652715 0.0189522 1.13607 -0.067416 0.985789 0.15387 25.8372 -0.0086395 -0.154792 0.98791 325.15
0.997662 0.0649175 0.021319 1.15698 -0.0674504 0.985537 0.155457 26.0814 -0.0109188 -0.156532 0.987613 326.74
0.997686 0.0647677 0.0206487 1.19432 -0.0672083 0.98539 0.156495 26.333 -0.0102112 -0.157521 0.987463 328.349
0.99767 0.0649955 0.0207281 1.22388 -0.0674551 0.985229 0.157399 26.5814 -0.0101917 -0.158431 0.987318 329.944
0.997641 0.06503 0.0219706 1.2504 -0.0676957 0.985079 0.158229 26.8391 -0.0113531 -0.159343 0.987158 331.534
0.997606 0.0659518 0.0207722 1.2855 -0.0684185 0.984971 0.15859 27.0964 -0.0100008 -0.159631 0.987126 333.131
0.997531 0.0667745 0.0217355 1.30282 -0.0694 0.984676 0.159992 27.3351 -0.010719 -0.161105 0.986879 334.706
0.997516 0.0674665 0.0202026 1.33245 -0.0698512 0.984374 0.161645 27.582 -0.00898126 -0.162655 0.986642 336.303
0.997507 0.0677996 0.0195526 1.35709 -0.0700957 0.983928 0.164233 27.8232 -0.00810344 -0.165194 0.986228 337.893
0.997499 0.0678629 0.0197342 1.37657 -0.0702014 0.983654 0.165821 28.0858 -0.00815859 -0.166791 0.985959 339.465
0.997533 0.0679092 0.0177506 1.40457 -0.0699309 0.983276 0.168157 28.3363 -0.00603433 -0.168984 0.985601 341.062
0.997553 0.0677789 0.0171381 1.42139 -0.0697072 0.983033 0.169666 28.5923 -0.00534752 -0.170446 0.985353 342.623
0.997603 0.0675782 0.0148578 1.44451 -0.0691243 0.98289 0.170729 28.8616 -0.00306608 -0.171346 0.985206 344.211
0.997635 0.0672843 0.0140228 1.46497 -0.0686943 0.982716 0.1719 29.1254 -0.00221428 -0.172457 0.985015 345.784
0.997621 0.0673372 0.0147075 1.47861 -0.0688675 0.982521 0.172946 29.3892 -0.00280471 -0.173548 0.984822 347.331
0.997638 0.0672716 0.0138726 1.49816 -0.0686599 0.982367 0.173899 29.6575 -0.00192949 -0.174441 0.984666 348.916
0.997624 0.0672889 0.0147375 1.50998 -0.0688296 0.982246 0.174514 29.9306 -0.00273304 -0.175114 0.984545 350.465
0.997642 0.067188 0.0139623 1.529 -0.0685966 0.982077 0.175552 30.2048 -0.00191702 -0.176096 0.984371 352.048
0.997637 0.0671861 0.0143018 1.54773 -0.0686563 0.981925 0.176377 30.4773 -0.00219316 -0.176942 0.984219 353.612
0.99762 0.0671815 0.0154561 1.55932 -0.0688587 0.981774 0.17714 30.7523 -0.00327387 -0.177783 0.984064 355.151
0.997624 0.0671685 0.0152572 1.57763 -0.0688139 0.981581 0.178221 31.0287 -0.00300537 -0.178847 0.983872 356.73
0.997602 0.0672217 0.0164532 1.59778 -0.0690837 0.981414 0.179037 31.3097 -0.00411225 -0.179744 0.983705 358.27
0.997618 0.0671528 0.0157439 1.61717 -0.0688929 0.981186 0.180353 31.5836 -0.0033365 -0.181008 0.983476 359.851
0.997651 0.0666182 0.0158897 1.63854 -0.0683987 0.980954 0.1818 31.8691 -0.00347588 -0.18246 0.983207 361.416
0.997648 0.0663217 0.0172861 1.65794 -0.0683684 0.980714 0.183097 32.147 -0.00480937 -0.183848 0.982943 362.966
0.99765 0.066524 0.0163516 1.68283 -0.0684006 0.980469 0.184395 32.4393 -0.00376553 -0.185081 0.982716 364.539
0.997603 0.0667397 0.0182146 1.70395 -0.0689624 0.980265 0.185267 32.7319 -0.00549046 -0.18608 0.98252 366.087
0.997589 0.067095 0.0176749 1.72559 -0.0692172 0.980012 0.18651 33.028 -0.00480765 -0.187284 0.982294 367.664
0.997543 0.0672696 0.0195264 1.74525 -0.0697425 0.979779 0.187532 33.3164 -0.00651638 -0.188433 0.982065 369.224
0.997538 0.0674979 0.0189967 1.77284 -0.069874 0.979541 0.188723 33.6104 -0.00586964 -0.189586 0.981847 370.799
0.997524 0.0675361 0.0196056 1.79841 -0.0700349 0.979297 0.189926 33.9076 -0.00637288 -0.190829 0.981603 372.37
0.997474 0.0676522 0.021635 1.82394 -0.0705456 0.979045 0.191033 34.2111 -0.00825783 -0.192077 0.981345 373.929
0.997484 0.0677837 0.0207372 1.85304 -0.0705139 0.97874 0.192603 34.5156 -0.00724096 -0.193581 0.981058 375.514
0.997441 0.0677752 0.0227247 1.87837 -0.0708997 0.978521 0.193573 34.8195 -0.00911711 -0.194689 0.980823 377.078
0.997428 0.0681756 0.0221026 1.90774 -0.0711784 0.978338 0.194393 35.128 -0.00837095 -0.195466 0.980675 378.677
0.997369 0.0689086 0.0224767 1.93411 -0.0719782 0.978103 0.195278 35.4341 -0.00852814 -0.196383 0.980491 380.256
0.997308 0.069122 0.0244251 1.9601 -0.072576 0.977951 0.195815 35.7375 -0.0103514 -0.197061 0.980337 381.821
0.997307 0.0694862 0.0234242 1.98734 -0.0727454 0.977738 0.196813 36.0403 -0.00922698 -0.197987 0.980161 383.429
0.99724 0.0697798 0.0253088 2.01429 -0.0734149 0.977537 0.197563 36.3394 -0.0109544 -0.198876 0.979964 384.998
0.997246 0.0699682 0.0245439 2.04291 -0.0734571 0.977345 0.198493 36.6447 -0.0100996 -0.19975 0.979795 386.606
0.997203 0.0704479 0.0249363 2.07311 -0.074013 0.977161 0.199193 36.9494 -0.010334 -0.200482 0.979643 388.2
0.997185 0.0702887 0.0260862 2.09874 -0.074095 0.977026 0.199824 37.2544 -0.0114415 -0.201194 0.979485 389.769
