0.999998 -0.0016099 -0.00189022 0.00641046 0.00160743 0.999999 -0.00117363 -0.0010189 0.00189178 0.00117044 0.999997 0.578972
0.999994 -0.00215691 -0.00297626 0.00582708 0.00215138 0.999996 -0.00187863 -0.0218004 0.00298021 0.00187219 0.999994 1.11798
0.999977 -0.00270996 -0.006386 0.0449869 0.0026848 0.99999 -0.00391499 -0.0192712 0.00639618 0.00389761 0.999973 1.55044
0.999959 -0.00487479 -0.0078805 0.0259856 0.00482366 0.999971 -0.00649582 -0.00969604 0.0079112 0.00645741 0.99995 2.14045
0.99989 -0.00840271 -0.0123596 0.104032 0.00829238 0.999927 -0.0089278 -0.0158187 0.0124332 0.00882409 0.999886 2.56981
0.999927 -0.00768542 -0.0095868 -0.00370362 0.00756652 0.999897 -0.0123845 0.030156 0.00968023 0.0123109 0.999881 3.22706
0.999888 -0.00790975 -0.0128644 0.0183837 0.0077703 0.999912 -0.0108354 -0.00176946 0.0129483 0.010734 0.999862 3.67126
0.999939 -0.00840944 -0.00755362 -0.119334 0.00833772 0.999921 -0.00948839 -0.0577688 0.00763183 0.00942462 0.99993 4.2826
0.999943 -0.00653858 -0.00877849 -0.124376 0.006434 0.99991 -0.0118668 -0.08788 0.00885446 0.0118093 0.999895 4.87368
0.999931 -0.00537827 -0.0107926 -0.122767 0.00521963 0.999879 -0.0146991 -0.120019 0.0108693 0.0146416 0.999837 5.43239
0.99993 -0.004276 -0.0113285 -0.147818 0.00403816 0.999776 -0.0209162 -0.0824117 0.0114146 0.0208686 0.999722 6.10848
0.999936 -0.00168781 -0.0115015 -0.18156 0.0014613 0.999807 -0.019692 -0.116372 0.0115313 0.0196737 0.999744 6.73296
0.999921 0.00113964 -0.0128989 -0.202778 -0.00127826 0.999944 -0.0107274 -0.168069 0.0128852 0.0107426 0.999864 7.35848
0.999918 0.00251144 -0.0128764 -0.203267 -0.00250224 0.999999 0.000731915 -0.210383 0.0128769 -0.000699873 0.999921 7.92752
0.999887 0.00407005 -0.0147534 -0.18939 -0.00396098 0.999968 0.00742914 -0.225267 0.0147822 -0.00737015 0.999869 8.59631
0.999861 0.00656569 -0.0155891 -0.210693 -0.0064547 0.999956 0.00716374 -0.249988 0.0156341 -0.00706237 0.999858 9.28932
0.999845 0.00930028 -0.015246 -0.242974 -0.0092463 0.999953 0.00361399 -0.314854 0.0152778 -0.00347265 0.999881 9.94988
0.999796 0.00851104 -0.0185885 -0.220171 -0.00861396 0.999951 -0.00546597 -0.260992 0.0185395 0.0056246 0.999818 10.6715
0.999827 0.00724111 -0.0174312 -0.260448 -0.00728894 0.999972 -0.00268717 -0.28704 0.0174098 0.0028136 0.999849 11.3835
0.999829 0.00634619 -0.0176402 -0.273248 -0.00622344 0.999959 0.00700697 -0.299846 0.0176821 -0.0068964 0.999825 12.1417
0.999814 0.00598081 -0.0186657 -0.280548 -0.00574111 0.999902 0.012868 -0.281344 0.0187389 -0.0127587 0.999748 12.9465
0.999804 0.00484408 -0.0196143 -0.284976 -0.00454009 0.999873 0.0155145 -0.283924 0.0196841 -0.0154229 0.999694 13.7439
0.999826 0.00310191 -0.0188169 -0.308964 -0.00281876 0.999886 0.0150502 -0.289909 0.0188588 -0.014995 0.999718 14.5322
0.999848 0.00229871 -0.0177908 -0.324487 -0.0020668 0.999918 0.0130358 -0.289113 0.0178157 -0.0129978 0.999767 15.329
0.999867 0.0045498 -0.0162243 -0.363507 -0.0043824 0.999941 0.0103224 -0.297541 0.0162671 -0.0102505 0.999825 16.1766
0.999897 0.00144552 -0.0150398 -0.380377 -0.00137298 0.999993 0.00482119 -0.296284 0.0150426 -0.00480097 0.999886 17.0197
0.999901 -0.00209512 -0.014645 -0.386856 0.00206716 1 -0.00194806 -0.292228 0.0146455 0.00191692 0.999902 17.8957
0.999932 -0.00145332 -0.0125392 -0.425216 0.00135661 0.999975 -0.00773341 -0.289325 0.0125461 0.00771485 0.999903 18.8184
0.999935 -0.000735067 -0.0122421 -0.443498 0.000635948 0.999973 -0.0081451 -0.306105 0.012244 0.00813596 0.999905 19.7472
0.999939 -0.000820208 -0.0119918 -0.465575 0.000727766 0.999976 -0.0077163 -0.317707 0.0119935 0.00770597 0.999911 20.6761
0.999956 0.00039082 -0.0105347 -0.497852 -0.000480207 0.999969 -0.00857266 -0.340782 0.0105273 0.00857644 0.999921 21.61
0.999954 0.002688 -0.0105124 -0.513836 -0.00280336 0.999943 -0.0109711 -0.350428 0.0104778 0.0109988 0.999898 22.5601
0.999933 0.00655756 -0.0107366 -0.529156 -0.00668016 0.99992 -0.0114958 -0.371921 0.0106565 0.0115656 0.999891 23.537
0.999914 0.0084026 -0.0113595 -0.53646 -0.00853899 0.9999 -0.0119987 -0.389393 0.0112529 0.0120932 0.99988 24.4956
0.999906 0.009261 -0.011288 -0.557684 -0.00939581 0.999892 -0.0120284 -0.414014 0.0111715 0.0121321 0.99988 25.4653
0.999905 0.00905734 -0.0117231 -0.570887 -0.00919728 0.999895 -0.0119285 -0.437914 0.0116091 0.0120337 0.999878 26.4656
0.999883 0.0102539 -0.0125237 -0.590434 -0.0103885 0.999898 -0.0107953 -0.461684 0.0124076 0.0109228 0.999881 27.4676
0.99987 0.0105136 -0.0133613 -0.602489 -0.0106391 0.999909 -0.00934806 -0.474498 0.0132569 0.00948747 0.999887 28.4735
0.999854 0.0101434 -0.0147817 -0.607351 -0.0102631 0.999924 -0.00810347 -0.498564 0.0146944 0.00825257 0.999876 29.4876
0.999875 0.0079376 -0.0147586 -0.634643 -0.00807894 0.999931 -0.00953479 -0.51524 0.0146771 0.00965126 0.999866 30.4611
0.999851 0.0089335 -0.0158056 -0.645171 -0.00910523 0.99991 -0.0108867 -0.53108 0.0157029 0.0110275 0.999835 31.4979
0.999855 0.00836695 -0.0158685 -0.673024 -0.0085335 0.999919 -0.01046 -0.545965 0.0157749 0.0105922 0.99984 32.5448
0.999858 0.00766263 -0.0160511 -0.698608 -0.00779399 0.999948 -0.00818491 -0.562912 0.0159834 0.00830726 0.999859 33.586
0.999856 0.00793372 -0.0160796 -0.729156 -0.00800628 0.999968 -0.00444874 -0.582731 0.0160389 0.00457527 0.999881 34.6699
0.999854 0.00851117 -0.0159143 -0.769979 -0.00854581 0.999972 -0.00214947 -0.602116 0.0158913 0.00228357 0.999894 35.7341
0.999855 0.00802613 -0.0161576 -0.801568 -0.00804223 0.999977 -0.000917297 -0.629786 0.0161451 0.00104545 0.999891 36.761
0.999863 0.00381191 -0.0171515 -0.837847 -0.00381739 1 -0.000319114 -0.656199 0.017146 0.000382964 0.999876 37.8126
0.999857 0.00398603 -0.0174857 -0.868507 -0.00399714 1 -0.000586285 -0.674034 0.0174786 0.000654454 0.999869 38.9002
0.999828 0.00370751 -0.0192026 -0.883454 -0.00370004 1 0.000398519 -0.691212 0.0192 -0.000329022 0.999839 39.9965
0.99981 0.00340267 -0.0201159 -0.916201 -0.00336654 1 0.00183882 -0.69709 0.0201174 -0.00177252 0.999819 41.0868
0.999779 0.00372047 -0.0216161 -0.930813 -0.00363811 0.999999 0.00382514 -0.707922 0.0216261 -0.00374726 0.999783 42.1716
0.999756 0.00550021 -0.0222509 -0.961141 -0.00542547 0.999989 0.00342807 -0.723194 0.0222647 -0.00330829 0.99977 43.272
0.999748 0.00693596 -0.0222801 -0.986811 -0.00693974 0.999989 -0.000111573 -0.746035 0.0222749 0.000264548 0.999776 44.3849
0.999716 0.0112165 -0.0218744 -1.02353 -0.0113312 0.999932 -0.00511526 -0.774846 0.0218108 0.0053598 0.999771 45.4881
0.999704 0.0123152 -0.021924 -1.05399 -0.0124323 0.999922 -0.00522996 -0.803822 0.0218538 0.00549923 0.999771 46.551
0.999718 0.013203 -0.0206971 -1.10129 -0.0132378 0.999921 -0.00153909 -0.84142 0.0206705 0.00181058 0.99981 47.6267
0.99972 0.0133696 -0.0205713 -1.13214 -0.0133133 0.999921 0.00286501 -0.89397 0.0206044 -0.0025922 0.999811 48.7116
0.999774 0.0109947 -0.0193328 -1.17783 -0.0108837 0.999934 0.0058377 -0.925512 0.019391 -0.00562816 0.999825 49.7914
0.999808 0.0105772 -0.0177967 -1.21381 -0.0104712 0.999937 0.00604387 -0.951657 0.0178559 -0.00585819 0.99985 50.8876
0.99983 0.0100343 -0.0168412 -1.23056 -0.0099533 0.999949 0.004904 -0.976154 0.0168844 -0.00473785 0.999875 51.9466
0.999872 0.0103112 -0.0139092 -1.3115 -0.0102705 0.999955 0.00301872 -0.991685 0.0139358 -0.00287751 0.999927 53.0654
0.999889 0.00925716 -0.013421 -1.31131 -0.00925368 0.999969 0.000352135 -1.00821 0.0134182 -0.000230445 0.99994 54.0816
0.999899 0.0077888 -0.0136208 -1.31533 -0.00782173 0.999979 -0.00235114 -1.03797 0.0135981 0.00245535 0.999933 55.1545
0.999899 0.0061416 -0.0145467 -1.31296 -0.00620682 0.999983 -0.00440165 -1.05381 0.0145135 0.00448886 0.999915 56.2471
0.999904 0.00450155 -0.0147537 -1.32307 -0.00452283 1 -0.00139067 -1.08421 0.0147429 0.00145519 0.99992 57.3475
0.999914 0.00241815 -0.0146094 -1.33602 -0.00235515 1 0.00436811 -1.09512 0.0146137 -0.0043359 0.999915 58.4477
0.999926 0.000171027 -0.0139839 -1.3503 -2.81697e-05 0.999962 0.0102401 -1.10649 0.0139803 -0.0102411 0.999881 59.4947
0.999926 -0.00115797 -0.0140424 -1.37361 0.0013215 0.999944 0.0117011 -1.12589 0.0140213 -0.0117215 0.999865 60.6148
0.999924 -0.00567823 -0.0130889 -1.39398 0.00578463 0.999966 0.00816867 -1.11936 0.0130367 -0.00824606 0.999914 61.6915
0.999933 -0.00690826 -0.01183 -1.43118 0.00696341 0.999979 0.00469345 -1.12339 0.0117905 -0.00477825 0.999952 62.7661
0.999928 -0.00530552 -0.012995 -1.43951 0.00530741 1 0.000179906 -1.12813 0.0129886 -0.000251435 0.99995 63.8907
0.999943 -0.00551981 -0.0118118 -1.47922 0.0054625 0.999988 -0.00476355 -1.13232 0.0118312 0.00469608 0.999953 64.9752
1.00001 -0.0064568 -0.000267695 -1.56997 0.00645466 0.999995 -0.0020824 -1.16466 0.000275506 0.00207812 1.00003 65.69
1.00002 -0.00290575 0.00100567 -1.58662 0.00290224 1.00001 0.00201956 -1.18824 -0.0010182 -0.0020193 1.00003 66.8054
1.00003 -0.00106216 0.00183201 -1.61108 0.0010544 1.00001 0.00337597 -1.19165 -0.00184112 -0.00337668 1.00003 67.8975
1.00003 -0.00177202 0.00110361 -1.60793 0.00176831 1.00001 0.00177275 -1.17396 -0.00111344 -0.00177357 1.00003 69.0084
1.00002 -0.00360421 0.00194881 -1.62917 0.00359919 1.00001 0.00176169 -1.17668 -0.00196071 -0.00175728 1.00004 70.1091
1 -0.00513965 0.00576261 -1.66835 0.00513408 1 0.000684779 -1.15235 -0.00577343 -0.000657849 1.00002 71.1507
0.999987 -0.00826997 0.00451555 -1.65314 0.00825744 0.99998 0.00245021 -1.15799 -0.00454134 -0.00241541 1.00003 72.2507
0.999968 -0.0101993 0.00466752 -1.67108 0.010188 0.999964 0.00211164 -1.14427 -0.00469626 -0.00206653 1.00003 73.3425
0.999959 -0.0107341 0.00546372 -1.69011 0.0107282 0.999959 0.00079388 -1.16401 -0.00547773 -0.000737805 1.00002 74.4183
0.999969 -0.0101988 0.00458304 -1.6896 0.0102095 0.999963 -0.00271127 -1.18801 -0.00456259 0.00275546 1.00003 75.5532
0.999976 -0.010193 0.00263263 -1.67103 0.0102056 0.99995 -0.00562155 -1.19403 -0.00258086 0.0056457 1.00002 76.6263
0.999989 -0.00901958 0.00297246 -1.69666 0.00903103 0.999969 -0.00450933 -1.20511 -0.00293889 0.00453361 1.00003 77.6805
0.999994 -0.00866831 0.000582909 -1.67146 0.00866731 0.999979 -0.0014648 -1.20924 -0.00057579 0.00146716 1.00004 78.762
1.00001 -0.00727719 -0.000477168 -1.67946 0.00727674 0.999991 0.00224931 -1.22259 0.000453795 -0.00225533 1.00004 79.836
1.00001 -0.00665781 -0.000316673 -1.70157 0.00665647 0.999995 0.00252506 -1.23391 0.000294599 -0.00252969 1.00004 80.9237
1.00001 -0.00640809 -0.000556891 -1.71434 0.00640652 1 0.000186526 -1.2445 0.000548792 -0.000192615 1.00005 82.0003
1.00001 -0.00670539 -0.000240957 -1.73831 0.00670312 0.999998 -0.000642738 -1.26226 0.000239995 0.000638579 1.00005 83.0466
1.00001 -0.00786222 -7.41722e-05 -1.7614 0.00786027 0.999988 -0.00155503 -1.26808 7.93751e-05 0.00155188 1.00005 84.1069
0.999993 -0.00922302 -0.000446121 -1.77494 0.00922041 0.999979 -0.000963684 -1.294 0.000449656 0.000956968 1.00005 85.1396
0.999981 -0.0105995 0.000277408 -1.80588 0.0105977 0.999964 -0.000116474 -1.30411 -0.0002831 0.00011682 1.00005 86.152
0.999973 -0.0112633 0.000366201 -1.82563 0.0112603 0.999958 0.000559328 -1.28796 -0.000377868 -0.00055775 1.00005 87.1297
0.999956 -0.012793 -5.3249e-06 -1.84117 0.0127913 0.999937 0.00105913 -1.30082 -1.50417e-05 -0.00106178 1.00005 88.1254
0.999933 -0.0143813 -0.00144939 -1.85852 0.0143806 0.999918 0.00123748 -1.31861 0.00142606 -0.00126086 1.00005 89.0831
0.999905 -0.015821 -0.00392402 -1.88455 0.0158188 0.999895 -2.90833e-05 -1.33202 0.00391737 -3.58324e-05 1.00005 90.0354
0.999886 -0.0161511 -0.00665801 -1.90753 0.0161421 0.99989 -0.00109617 -1.347 0.00666948 0.000985944 1.00003 90.9481
0.999861 -0.0166807 -0.00874155 -1.94295 0.0166717 0.999881 -0.000855538 -1.36646 0.00874814 0.000706784 1.00001 91.8298
0.999855 -0.0158479 -0.0107333 -1.97582 0.0158494 0.999896 0.000263073 -1.38585 0.0107224 -0.000435721 0.999991 92.7141
0.99984 -0.0151333 -0.0130044 -2.01151 0.0151543 0.999904 0.00171372 -1.41028 0.0129705 -0.00191339 0.999968 93.5648
0.999819 -0.0142347 -0.0154089 -2.03795 0.0142935 0.999913 0.00386107 -1.43724 0.015347 -0.00408314 0.999924 94.3681
0.999807 -0.0128788 -0.017344 -2.07419 0.0129632 0.999925 0.0049077 -1.45419 0.0172726 -0.00513436 0.999893 95.1643
0.999773 -0.0108062 -0.0204516 -2.08877 0.0109153 0.99995 0.00535657 -1.47258 0.0203869 -0.00558146 0.999827 95.9264
0.999736 -0.00703409 -0.0236384 -2.08504 0.00726243 0.999949 0.00969031 -1.5721 0.023562 -0.00986203 0.99973 96.6159
0.999601 -0.00572657 -0.0290914 -2.07623 0.00601794 0.999955 0.0100242 -1.65268 0.0290268 -0.0101981 0.999577 97.2703
0.999551 -0.00287676 -0.0311586 -2.11324 0.00308454 0.999995 0.00670415 -1.66897 0.031132 -0.00679996 0.999548 97.9488
0.99946 -0.0014148 -0.034054 -2.14505 0.00157209 1.00001 0.0046631 -1.69177 0.0340418 -0.00471701 0.99946 98.6618
0.999337 0.0010872 -0.0374839 -2.13594 -0.000974632 1.00002 0.00309027 -1.70451 0.0374805 -0.0030546 0.99935 99.2676
0.999302 0.00351001 -0.0382843 -2.13084 -0.00338869 1.00001 0.00329318 -1.71679 0.0382903 -0.0031641 0.999312 99.8629
0.999384 0.00634037 -0.03566 -2.16015 -0.0062087 0.999997 0.00387062 -1.73045 0.035677 -0.00364981 0.999414 100.478
0.999518 0.00880442 -0.0311222 -2.16427 -0.00862818 0.999969 0.00586793 -1.754 0.0311669 -0.00559966 0.999549 101.06
0.999649 0.00789023 -0.0268853 -2.12278 -0.00767229 0.99996 0.00828781 -1.77304 0.0269423 -0.00808164 0.999663 101.597
0.999836 0.00754697 -0.0188372 -2.09989 -0.00737235 0.999951 0.00944734 -1.76026 0.0189016 -0.00931006 0.999828 102.109
0.999981 0.0078388 -0.00759731 -2.09435 -0.00776064 0.999938 0.0105742 -1.7737 0.00767263 -0.010518 0.999974 102.595
1.00002 0.00627254 0.00326859 -2.04299 -0.00630651 0.999956 0.0097143 -1.77808 -0.00321347 -0.00973823 0.999998 103.051
0.999898 0.00378961 0.0164446 -1.99388 -0.0039274 0.999983 0.0082028 -1.78415 -0.0164199 -0.00826959 0.99989 103.494
0.999553 0.00326202 0.0310933 -1.92773 -0.00340818 1.00001 0.00456401 -1.78287 -0.0310844 -0.00467106 0.999557 103.909
0.998868 0.00305975 0.0483244 -1.81454 -0.00307604 1.00002 0.000213012 -1.79014 -0.0483309 -0.000364663 0.998891 104.332
0.997756 0.000877569 0.0675894 -1.71549 -0.000571271 1.00001 -0.00459338 -1.79765 -0.0676001 0.00454126 0.997754 104.715
0.995963 -0.0014468 0.0902166 -1.57293 0.00226932 0.999981 -0.00904314 -1.7804 -0.0902073 0.00920791 0.995939 105.149
0.993371 -0.0037854 0.115266 -1.42373 0.00496926 0.999963 -0.0100113 -1.78497 -0.115229 0.0105145 0.993336 105.517
0.989683 -0.00604626 0.143446 -1.26415 0.00797404 0.999911 -0.0128869 -1.77451 -0.14336 0.0138942 0.989633 105.904
0.984204 -0.00835211 0.177091 -1.12441 0.0111163 0.999857 -0.0146415 -1.776 -0.176948 0.0163757 0.984138 106.297
0.97689 -0.0112112 0.213652 -0.963144 0.0148804 0.999794 -0.0155873 -1.77522 -0.213436 0.0184026 0.976845 106.707
0.967573 -0.0133842 0.252411 -0.806959 0.0182836 0.999714 -0.0170891 -1.77288 -0.252113 0.0211468 0.967522 107.08
0.956516 -0.0129448 0.291542 -0.623553 0.0188244 0.999699 -0.0173821 -1.78871 -0.29123 0.0221106 0.956461 107.429
0.942337 -0.0113839 0.334604 -0.449463 0.0181698 0.999715 -0.0171682 -1.80066 -0.334315 0.0222548 0.942256 107.774
0.925883 -0.0116738 0.377748 -0.259428 0.0183342 0.999762 -0.0140494 -1.82277 -0.377492 0.0199301 0.925866 108.094
0.907889 -0.0126793 0.419126 -0.0287401 0.0190927 0.999785 -0.0111206 -1.84176 -0.418895 0.0180956 0.907916 108.398
0.887365 -0.0161807 0.460883 0.216161 0.023871 0.999685 -0.0108695 -1.86091 -0.460557 0.0206432 0.88746 108.691
0.86316 -0.0163134 0.504757 0.433858 0.0247986 0.99967 -0.0101052 -1.89325 -0.504424 0.0212367 0.863261 108.992
0.836216 -0.0147679 0.548286 0.648521 0.0246244 0.999669 -0.0106353 -1.92321 -0.547941 0.0223907 0.836292 109.276
0.806848 -0.0106316 0.590739 0.887943 0.0227137 0.999686 -0.0130374 -1.9424 -0.590412 0.0239341 0.806818 109.549
0.774101 -0.00413069 0.633124 1.13839 0.0182683 0.999736 -0.0158182 -1.94747 -0.632884 0.0238069 0.773962 109.81
0.740014 0.000268312 0.672657 1.43437 0.0137606 0.999816 -0.0155429 -1.97431 -0.672532 0.0207552 0.739856 110.041
0.702822 0.000618331 0.711435 1.73074 0.0155869 0.999776 -0.0162714 -1.97171 -0.711275 0.0225208 0.702644 110.263
0.664565 -0.00198132 0.747288 2.06243 0.0204139 0.999705 -0.0155081 -1.95566 -0.747028 0.0255578 0.664392 110.471
0.622385 -0.00403417 0.782766 2.38474 0.0210439 0.999743 -0.0115843 -1.95787 -0.782505 0.0236785 0.622299 110.666
0.578251 -0.00524455 0.815899 2.72536 0.0211889 0.99977 -0.00859456 -1.95417 -0.815658 0.022254 0.578215 110.85
0.532333 -0.00722782 0.846566 3.08459 0.0211431 0.999797 -0.00476344 -1.95819 -0.846345 0.0204314 0.532368 111.018
0.483477 -0.0111905 0.875339 3.466 0.0230643 0.999766 3.83042e-05 -1.96511 -0.875124 0.0201669 0.483609 111.167
0.432703 -0.0107925 0.901532 3.84454 0.0192208 0.999844 0.00273998 -1.96984 -0.901403 0.0161393 0.432834 111.318
0.382906 -0.00604262 0.923819 4.24596 0.0163432 0.999899 -0.000237476 -1.96378 -0.923712 0.0151856 0.382955 111.446
0.334775 0.000919243 0.942357 4.65683 0.0155911 0.99989 -0.00651834 -1.93094 -0.94224 0.0168713 0.334716 111.547
0.29001 0.00279581 0.95707 5.05986 0.01905 0.999814 -0.00869708 -1.91611 -0.956902 0.0207511 0.289894 111.618
0.249795 0.00310407 0.968351 5.49621 0.0250733 0.999672 -0.00967644 -1.91114 -0.968043 0.0266934 0.249629 111.685
0.216234 0.00209621 0.976388 5.93225 0.0326802 0.999455 -0.00938716 -1.92198 -0.975861 0.033935 0.21604 111.726
0.185704 0.00312909 0.982658 6.38222 0.0374923 0.999279 -0.0102715 -1.91715 -0.98196 0.0387457 0.185448 111.781
0.160398 0.00315918 0.987095 6.89784 0.0327273 0.999461 -0.00852078 -1.91947 -0.986575 0.0336683 0.160202 111.841
0.134987 0.000160028 0.990905 7.38973 0.0259363 0.999693 -0.00369868 -1.9241 -0.990577 0.026196 0.134937 111.917
0.111694 -0.00287111 0.993787 7.89233 0.0206385 0.999821 0.00056478 -1.92226 -0.993594 0.0204444 0.111728 111.966
0.0895213 -0.00486 0.996031 8.40106 0.0238511 0.999747 0.00273028 -1.92418 -0.995769 0.0235085 0.0896112 111.988
0.0714053 -0.00395491 0.997488 8.87597 0.0332544 0.99948 0.00157812 -1.92441 -0.996959 0.0330553 0.0714959 112.003
0.0478041 -0.0010436 0.998915 9.31374 0.0374389 0.999334 -0.00075189 -1.90944 -0.998224 0.0374304 0.0478089 112.104
0.0306171 0.00733137 0.999553 9.77151 0.0353318 0.999375 -0.00841631 -1.86776 -0.998972 0.0355707 0.0303362 112.152
0.0186371 0.0157106 0.999762 10.3329 0.0325551 0.999373 -0.0163159 -1.79628 -0.999366 0.0328479 0.0181122 112.2
0.0131594 0.0158062 0.999838 10.8643 0.0345002 0.999307 -0.016256 -1.80167 -0.999384 0.0347057 0.0126028 112.192
0.00699479 0.0137953 0.99994 11.3997 0.0401839 0.999129 -0.0140696 -1.78399 -0.999238 0.040276 0.00643297 112.218
0.00627225 0.0112306 0.999968 11.9487 0.0397694 0.999178 -0.0114753 -1.81947 -0.999255 0.0398373 0.0058185 112.224
0.00802294 0.0119129 0.999958 12.6432 0.0394259 0.999183 -0.0122248 -1.81741 -0.999262 0.0395187 0.00754555 112.244
0.00890018 0.0125959 0.999932 13.3653 0.0352367 0.999331 -0.0129061 -1.83227 -0.999406 0.0353464 0.00844839 112.28
0.00916656 0.0160679 0.999894 14.0639 0.0336574 0.999335 -0.0163723 -1.81057 -0.999464 0.0338 0.00861876 112.302
0.0103665 0.0174464 0.999846 14.7927 0.0334105 0.999319 -0.0177878 -1.81979 -0.999455 0.0335869 0.0097747 112.314
0.0119127 0.017468 0.999842 15.5373 0.0329484 0.999333 -0.0178567 -1.83489 -0.999459 0.0331519 0.0113283 112.322
0.0130255 0.0156254 0.999846 16.2798 0.0319402 0.999397 -0.0160388 -1.85117 -0.999472 0.0321414 0.0125165 112.325
0.0130489 0.0164639 0.999847 17.0556 0.0313564 0.999402 -0.0168709 -1.83608 -0.999498 0.0315675 0.0125239 112.348
0.0122174 0.0149935 0.999866 17.8264 0.0319387 0.999408 -0.0153813 -1.84606 -0.999483 0.0321195 0.0117294 112.363
0.0116018 0.0148866 0.999892 18.61 0.0295573 0.999482 -0.0152287 -1.84073 -0.999571 0.0297266 0.011155 112.371
0.0106041 0.0161084 0.999869 19.3991 0.0279993 0.999508 -0.0164039 -1.82431 -0.999621 0.0281666 0.0101464 112.38
0.00909518 0.0159251 0.999902 20.2043 0.0296897 0.999464 -0.0161933 -1.80718 -0.999595 0.0298299 0.00861676 112.393
0.00870652 0.0150411 0.999905 20.7969 0.031323 0.999428 -0.0153112 -1.7795 -0.999542 0.0314508 0.00822908 112.397
0.00681515 0.0161773 0.999917 21.6417 0.0288167 0.999488 -0.016372 -1.77471 -0.999638 0.0289223 0.00634488 112.413
0.00664165 0.0221197 0.99979 22.4737 0.026098 0.999447 -0.0222898 -1.77992 -0.999708 0.0262382 0.00605962 112.416
0.00531619 0.0388027 0.999306 23.2796 0.0247251 0.998975 -0.038927 -1.65296 -0.999759 0.0249115 0.00435106 112.431
0.00402894 0.0411022 0.999206 24.0992 0.0246268 0.998885 -0.0411926 -1.68383 -0.99976 0.0247706 0.00301164 112.433
0.00225572 0.0395062 0.999291 24.9426 0.0210598 0.999035 -0.0395492 -1.71882 -0.999854 0.0211309 0.0014214 112.447
0.00191715 0.0357234 0.999422 25.8042 0.0178282 0.99924 -0.0357555 -1.75789 -0.999912 0.0178839 0.00127841 112.45
0.00195674 0.030584 0.999605 26.6451 0.0165881 0.999433 -0.0306169 -1.79881 -0.99994 0.0166383 0.00144872 112.449
0.002334 0.0263626 0.999712 27.4894 0.013433 0.9996 -0.0263956 -1.81774 -0.999981 0.0134887 0.00197867 112.45
0.00269225 0.0270234 0.99971 28.3384 0.00997277 0.999626 -0.0270539 -1.83108 -1.00003 0.0100395 0.0024224 112.459
0.00291609 0.0363058 0.999399 29.0465 0.010883 0.999319 -0.0363391 -1.8104 -1.00001 0.0109803 0.00251878 112.474
0.00230572 0.0484564 0.998902 29.8209 0.0116286 0.998798 -0.0484845 -1.8199 -1.00001 0.0117242 0.00174015 112.501
0.00182105 0.0534794 0.998631 30.6402 0.0128741 0.998525 -0.0535016 -1.86707 -0.99999 0.0129516 0.00112971 112.518
0.00112252 0.0506669 0.998793 31.4691 0.0121727 0.998683 -0.050681 -1.90274 -1.00001 0.0122114 0.00050505 112.541
0.00281353 0.0427251 0.999147 32.2943 0.014999 0.999015 -0.0427661 -1.95936 -0.999959 0.0151043 0.00217017 112.535
0.00483615 0.040114 0.999262 33.1353 0.0164918 0.999099 -0.0401931 -2.00763 -0.999936 0.0166704 0.00417098 112.526
0.00547442 0.0416555 0.999182 33.9653 0.0167738 0.999031 -0.0417456 -2.04611 -0.999919 0.0169867 0.0047707 112.533
0.00404738 0.0414431 0.999211 34.7943 0.0129266 0.999098 -0.0414966 -2.11784 -0.999993 0.0130809 0.00350875 112.55
0.00317678 0.0418152 0.999188 35.6143 0.0117157 0.999098 -0.0418536 -2.16021 -1 0.0118374 0.00268442 112.549
0.00144908 0.0404599 0.999258 36.4143 0.0118358 0.999152 -0.0404787 -2.23131 -1.00001 0.0118822 0.000969808 112.551
0.000167707 0.0400952 0.999264 37.2188 0.0106946 0.99918 -0.0400989 -2.2929 -1.00002 0.0106917 -0.000260625 112.545
-0.00225692 0.0404881 0.999256 38.0253 0.00792108 0.999192 -0.0404736 -2.3382 -1.00005 0.00782044 -0.00257491 112.553
-0.00436223 0.0386167 0.999314 38.8226 0.00620499 0.999277 -0.0385939 -2.39533 -1.00005 0.00603104 -0.00459797 112.56
-0.00719134 0.0382793 0.999321 39.6145 0.00631494 0.999291 -0.038239 -2.42893 -1.00004 0.00603218 -0.00742681 112.57
-0.00856072 0.0388253 0.999281 40.3944 0.00587618 0.999273 -0.0387806 -2.47005 -1.00002 0.00553865 -0.00878181 112.564
-0.0099812 0.0413814 0.999174 41.1745 0.00580262 0.999173 -0.0413297 -2.49336 -1.00002 0.00538192 -0.0102118 112.557
-0.0109129 0.0410087 0.999172 41.9565 0.00630618 0.999185 -0.0409464 -2.54915 -1 0.00585307 -0.0111615 112.55
-0.01202 0.0392392 0.99924 42.7423 0.00791155 0.999248 -0.0391508 -2.60712 -0.999988 0.00743149 -0.01232 112.543
-0.012516 0.039513 0.999215 43.5198 0.0093307 0.999225 -0.0394026 -2.63809 -0.999959 0.00882889 -0.0128737 112.527
-0.0146382 0.0405623 0.999151 44.3021 0.00849188 0.999192 -0.040446 -2.67195 -0.999947 0.0078892 -0.0149693 112.532
-0.0156637 0.0409965 0.999111 45.0505 0.0077361 0.999179 -0.0408842 -2.70528 -0.999928 0.00708756 -0.0159665 112.524
-0.0165267 0.0399741 0.999146 45.7938 0.00649263 0.99923 -0.0398765 -2.74721 -0.999933 0.00582459 -0.0167719 112.522
-0.0164202 0.0398601 0.999144 46.5122 0.00664273 0.999232 -0.0397606 -2.79402 -0.999924 0.0059829 -0.0166709 112.507
-0.0152678 0.0428191 0.999047 47.2212 0.00764383 0.999104 -0.0427112 -2.83537 -0.999947 0.00698084 -0.0155796 112.492
-0.00655747 0.0417568 0.999181 47.6231 0.0110934 0.999114 -0.0416876 -2.9094 -0.999998 0.0108097 -0.00701359 112.514
-0.00515959 0.0432956 0.999129 48.3322 0.00948186 0.999066 -0.0432504 -2.95493 -1.00003 0.00924668 -0.00556401 112.507
-0.00453426 0.0480845 0.998909 49.0257 0.0111442 0.998828 -0.0480366 -2.95137 -1.00001 0.0109132 -0.00506363 112.502
-0.00373315 0.0503845 0.998804 49.66 0.0125945 0.9987 -0.0503387 -2.96825 -1.00001 0.0123876 -0.00436169 112.509
-0.00275096 0.0519516 0.998722 50.3434 0.0148446 0.998587 -0.0519103 -2.9896 -0.999969 0.0146817 -0.00351714 112.502
-0.00395198 0.0525613 0.998691 51.0226 0.0106797 0.998611 -0.0525212 -3.03002 -1.00003 0.0104545 -0.00450658 112.517
-0.00420924 0.0522719 0.998701 51.6676 0.00735448 0.998654 -0.052245 -3.09536 -1.00005 0.00712406 -0.00458678 112.541
-0.00532998 0.0476224 0.998933 52.1675 0.00323018 0.99891 -0.0476103 -3.15607 -1.00008 0.00296948 -0.00547666 112.605
-0.00891752 0.0111698 0.99998 51.9387 -0.0346922 0.999383 -0.0114793 -3.58449 -0.99945 -0.034793 -0.00852276 112.727
-0.0156751 0.0107452 0.999903 52.5444 -0.0390715 0.999222 -0.0113569 -3.57686 -0.99921 -0.0392476 -0.0152414 112.809
-0.0209003 0.00925324 0.999822 53.2241 -0.0436205 0.999048 -0.0101648 -3.61563 -0.998922 -0.0438238 -0.0204745 112.805
-0.0266083 0.0127992 0.999648 53.8762 -0.0398244 0.999163 -0.0138594 -3.63579 -0.99895 -0.0401808 -0.0260742 112.789
-0.0336558 0.0155422 0.999399 54.5359 -0.0369665 0.99923 -0.0167916 -3.6565 -0.998845 -0.0375079 -0.0330526 112.775
-0.0394093 0.0180413 0.999146 55.2149 -0.0375369 0.999157 -0.0195285 -3.66516 -0.998617 -0.0382764 -0.0386963 112.735
-0.0460032 0.0188101 0.998852 55.8967 -0.0410482 0.998998 -0.0207104 -3.66617 -0.998195 -0.041952 -0.0451817 112.717
-0.0514551 0.0191735 0.998577 56.5769 -0.0416685 0.998957 -0.0213344 -3.66941 -0.997905 -0.0427087 -0.0505994 112.687
-0.0576313 0.0228157 0.998165 57.2937 -0.0420157 0.998853 -0.0252644 -3.67674 -0.997551 -0.0433927 -0.0566027 112.674
-0.0609632 0.0247515 0.99792 57.999 -0.0430445 0.99875 -0.0274083 -3.6695 -0.997312 -0.0446275 -0.0598181 112.631
-0.0631409 0.0266242 0.997737 58.6623 -0.0397084 0.998841 -0.0291736 -3.64959 -0.997312 -0.0414587 -0.0620065 112.597
-0.0648427 0.026369 0.997634 59.3726 -0.0371573 0.998945 -0.0288254 -3.64613 -0.997304 -0.0389402 -0.0637908 112.555
-0.0657774 0.0290593 0.997499 60.0266 -0.03598 0.998913 -0.0314802 -3.62825 -0.997283 -0.037959 -0.0646562 112.525
-0.0626305 0.0357788 0.997483 60.7244 -0.0307534 0.998865 -0.0377661 -3.58403 -0.997663 -0.0330433 -0.0614556 112.457
-0.061754 0.0384579 0.99744 61.3502 -0.0269904 0.998884 -0.0401918 -3.6342 -0.997823 -0.0294016 -0.0606433 112.437
-0.061523 0.0430694 0.997264 62.0977 -0.0205454 0.998854 -0.0444125 -3.67081 -0.997994 -0.0232239 -0.0605642 112.39
-0.061436 0.0473034 0.997079 62.836 -0.0130109 0.99881 -0.0481944 -3.71971 -0.998124 -0.015932 -0.0607436 112.335
-0.0619086 0.0484462 0.996994 63.6044 -0.0124815 0.998757 -0.049314 -3.76484 -0.998105 -0.0154998 -0.0612235 112.291
-0.0604132 0.04034 0.997447 64.3003 -0.00864837 0.999181 -0.0409413 -3.9354 -0.998234 -0.011098 -0.0600111 112.27
-0.0601013 0.034122 0.997699 65.0399 -0.00871704 0.999412 -0.0347126 -3.98756 -0.998257 -0.0107862 -0.059765 112.238
-0.0581615 0.0321666 0.997877 65.8038 -0.00582915 0.999508 -0.0325663 -4.02879 -0.998388 -0.00770932 -0.0579417 112.174
-0.0574115 0.0330543 0.997895 66.5615 -0.00491432 0.999483 -0.0333967 -4.05513 -0.998442 -0.00682455 -0.0572162 112.116
-0.0586053 0.0337728 0.997799 67.3121 -0.00630112 0.999452 -0.0342062 -4.09531 -0.998359 -0.00829033 -0.0583567 112.078
-0.0600701 0.035788 0.997645 68.0714 -0.00552779 0.999382 -0.0361903 -4.1189 -0.998284 -0.00769192 -0.0598319 112.034
-0.059466 0.0417147 0.997449 68.7589 0.00736659 0.999175 -0.041355 -4.11452 -0.998301 0.00488976 -0.0597205 111.999
-0.0534234 0.0391122 0.9979 69.3267 0.00898156 0.999262 -0.038692 -4.17337 -0.998636 0.00689185 -0.0537324 111.93
-0.055616 0.0375884 0.997834 70.0535 0.00836762 0.999332 -0.0371856 -4.22742 -0.998515 0.00628239 -0.0558898 111.895
-0.0568074 0.0395039 0.997698 70.8088 0.00629895 0.999262 -0.0392147 -4.24 -0.998471 0.00405309 -0.0570114 111.857
-0.0569542 0.0410618 0.997625 71.5743 0.00674356 0.999205 -0.0407494 -4.2838 -0.998453 0.0044079 -0.0571824 111.807
-0.0571671 0.0413452 0.997604 72.342 0.00469691 0.999193 -0.0411497 -4.32631 -0.998459 0.00232972 -0.0573123 111.765
-0.0588547 0.0419732 0.997478 73.1012 0.00305252 0.999177 -0.0418723 -4.35787 -0.998362 0.000581838 -0.0589308 111.73
-0.0589159 0.0421893 0.997467 73.8698 0.00364474 0.999159 -0.0420537 -4.36618 -0.998364 0.00115447 -0.0590171 111.683
-0.0637419 0.0411554 0.997213 74.6654 -0.00265118 0.999197 -0.0414146 -4.40846 -0.998062 -0.00528207 -0.0635781 111.693
-0.0652283 0.039346 0.997191 75.4522 -0.00507825 0.999248 -0.0397674 -4.44826 -0.997965 -0.00766094 -0.0649764 111.648
-0.0668769 0.0406395 0.99703 76.2615 -0.00407325 0.99921 -0.0410096 -4.46725 -0.997853 -0.00680212 -0.0666547 111.595
-0.0693629 0.0429967 0.996761 76.9239 -0.00997094 0.999044 -0.0437971 -4.4472 -0.997648 -0.0129792 -0.0688645 111.563
-0.0711128 0.0470074 0.996459 77.7057 -0.0112959 0.998846 -0.0479344 -4.45147 -0.997506 -0.0146627 -0.0704959 111.504
-0.0731963 0.0579501 0.99573 78.5385 -0.00853712 0.998291 -0.0587352 -4.39997 -0.997389 -0.0128027 -0.0725729 111.466
-0.0721464 0.0677511 0.99519 79.2815 -0.00729009 0.997687 -0.0684578 -4.36993 -0.997469 -0.0121919 -0.0714816 111.408
-0.0725925 0.0734136 0.994755 80.1089 -0.00585179 0.997291 -0.0740368 -4.41589 -0.997452 -0.0111985 -0.0719628 111.34
-0.0725395 0.0745949 0.994672 80.9578 -0.00348426 0.997234 -0.0750494 -4.48798 -0.997461 -0.00890779 -0.0720749 111.295
-0.0706538 0.0751202 0.994768 81.7815 -5.74694e-05 0.997213 -0.0753179 -4.54533 -0.997611 -0.00538187 -0.0704489 111.214
-0.0710027 0.0734712 0.994867 82.6369 0.000623658 0.997347 -0.0736182 -4.62253 -0.997578 -0.00460486 -0.0708562 111.167
-0.0697443 0.071854 0.995074 83.4599 -0.000104197 0.997456 -0.0720423 -4.69621 -0.997676 -0.0051315 -0.0695557 111.112
-0.0645183 0.0710249 0.995486 84.2386 -0.0018415 0.997513 -0.0712973 -4.73349 -0.998016 -0.00643131 -0.0642234 111.056
-0.0625086 0.0685212 0.995789 85.0981 -0.00136233 0.997687 -0.0687464 -4.79956 -0.998153 -0.00565709 -0.0622674 111.007
-0.059672 0.0672854 0.996049 85.9562 0.00087996 0.997788 -0.0673588 -4.84466 -0.998319 -0.00314134 -0.0595958 110.951
-0.0586197 0.0668226 0.996143 86.8154 -0.00130747 0.997805 -0.0670204 -4.92466 -0.998391 -0.00523451 -0.0584004 110.915
-0.057437 0.0705367 0.995956 87.6684 -0.000357272 0.997558 -0.0706796 -5.0041 -0.998451 -0.00441371 -0.0572682 110.88
-0.0551799 0.0756651 0.99571 88.496 -0.000117421 0.99718 -0.0757929 -5.09093 -0.998589 -0.00430281 -0.055012 110.83
-0.0535494 0.0779951 0.995616 89.3807 -0.00253859 0.99699 -0.0782481 -5.1821 -0.998665 -0.00671581 -0.0531871 110.792
-0.0517664 0.0744751 0.995982 90.2228 -0.00373816 0.99725 -0.0747736 -5.27252 -0.998765 -0.00759742 -0.0513423 110.747
-0.0503002 0.0717755 0.996255 91.1057 -0.00336528 0.997456 -0.072041 -5.35237 -0.998832 -0.0069747 -0.0499277 110.71
-0.0487303 0.0705259 0.996425 91.9764 -0.00185554 0.997552 -0.0707064 -5.42519 -0.998924 -0.00529794 -0.0484769 110.663
-0.0459827 0.0701807 0.996578 92.8616 2.61312e-05 0.997588 -0.0702599 -5.50583 -0.999047 -0.00320318 -0.0458707 110.617
-0.0451236 0.0709237 0.99657 93.7266 -0.000312156 0.997533 -0.0710167 -5.57101 -0.999097 -0.00351867 -0.0449869 110.581
-0.0437446 0.0692225 0.996745 94.5684 0.0024822 0.997661 -0.0691862 -5.64091 -0.999144 -0.000550822 -0.0438112 110.54
-0.0422895 0.0696568 0.996785 95.4302 0.00480768 0.997628 -0.0695222 -5.69981 -0.999211 0.00184869 -0.0425207 110.501
-0.041427 0.0716858 0.996671 96.2786 0.00720863 0.997478 -0.0714536 -5.75831 -0.999222 0.00422631 -0.0418364 110.472
-0.0402146 0.0751716 0.996472 97.1182 0.0085163 0.997216 -0.0748947 -5.81768 -0.999273 0.00547094 -0.0407395 110.435
-0.039557 0.0789999 0.996195 97.9783 0.00688316 0.996928 -0.0787941 -5.86516 -0.9993 0.00374187 -0.0399764 110.414
-0.0392163 0.0760793 0.996444 98.8599 0.0028936 0.997163 -0.0760311 -5.92751 -0.999347 -0.0001014 -0.0393218 110.395
-0.0397295 0.0747171 0.996519 99.7277 -0.00147335 0.997256 -0.0748406 -6.00554 -0.999317 -0.0044394 -0.0395076 110.38
-0.0410328 0.0760926 0.996372 100.587 -0.00512729 0.997129 -0.0763726 -6.07487 -0.999267 -0.00824498 -0.0405213 110.357
-0.042846 0.0807326 0.995922 101.44 -0.00837258 0.996728 -0.0811678 -6.1586 -0.999155 -0.0118136 -0.042027 110.338
-0.043339 0.0838588 0.995653 102.275 -0.00969918 0.996451 -0.0843598 -6.23005 -0.999136 -0.0133152 -0.0423682 110.3
-0.0413902 0.0862686 0.995521 103.127 -0.00965878 0.996247 -0.0867429 -6.28543 -0.999206 -0.0132034 -0.0403987 110.237
-0.0411685 0.0865666 0.995515 103.962 -0.00832004 0.996239 -0.0869854 -6.36064 -0.999242 -0.011866 -0.0402898 110.202
-0.041182 0.0891464 0.995277 104.818 -0.00761609 0.996019 -0.0895379 -6.42361 -0.999234 -0.0112651 -0.0403362 110.161
-0.04525 0.0925098 0.994804 105.624 -0.0109752 0.995661 -0.0931006 -6.52097 -0.99904 -0.0151329 -0.0440344 110.16
-0.0493782 0.100243 0.993848 106.419 -0.0066027 0.994959 -0.100693 -6.4843 -0.99887 -0.0115317 -0.048464 110.174
-0.0507607 0.102981 0.99351 107.238 -0.00562919 0.994688 -0.103403 -6.54106 -0.998821 -0.0108436 -0.049907 110.147
-0.0514309 0.102925 0.993471 108.024 -0.00551101 0.994694 -0.103348 -6.62265 -0.998774 -0.0107879 -0.0505871 110.091
-0.0533487 0.104935 0.993169 108.829 -0.00461342 0.994491 -0.105335 -6.71194 -0.998692 -0.0102037 -0.0525661 110.037
-0.0572869 0.110093 0.992382 109.621 -0.0025997 0.993945 -0.110427 -6.7813 -0.998467 -0.00890344 -0.0566498 110.025
-0.0591058 0.112963 0.991961 110.387 -0.0022336 0.993623 -0.113298 -6.86051 -0.998376 -0.00891455 -0.0584715 109.999
-0.0616165 0.113882 0.991695 111.163 -0.00255619 0.993513 -0.11426 -6.95874 -0.99821 -0.00957282 -0.0609213 109.954
-0.0646941 0.115918 0.991272 111.907 0.00236291 0.99331 -0.116015 -6.99917 -0.998029 -0.00516566 -0.0645296 109.95
-0.0667105 0.119084 0.990754 112.661 0.00351128 0.992939 -0.119121 -7.06152 -0.99788 -0.00446571 -0.0666528 109.911
-0.0681047 0.125264 0.989905 113.451 -5.22248e-05 0.99215 -0.125565 -7.15589 -0.997806 -0.0086053 -0.0675578 109.863
-0.0696939 0.132636 0.988826 114.216 -0.00230154 0.991162 -0.133122 -7.2652 -0.997681 -0.0115513 -0.0687677 109.818
-0.0730935 0.138129 0.987837 114.894 0.00552837 0.990468 -0.138101 -7.32644 -0.997439 -0.00463557 -0.0731543 109.813
-0.0755069 0.136542 0.987867 115.673 0.00809657 0.990697 -0.136325 -7.43498 -0.997226 -0.00229341 -0.0759045 109.75
-0.0760919 0.130549 0.988641 116.454 0.00714852 0.991503 -0.13039 -7.52377 -0.997205 -0.00285679 -0.0763722 109.653
-0.0777025 0.129223 0.988682 117.191 0.00794916 0.991679 -0.129 -7.64461 -0.997059 -0.0021628 -0.0780776 109.615
-0.0776804 0.133523 0.988122 117.958 0.00763769 0.991108 -0.133339 -7.74317 -0.997081 -0.0028132 -0.0780029 109.536
-0.0804673 0.138719 0.987173 118.708 0.00896376 0.990395 -0.138452 -7.84143 -0.996831 -0.00229026 -0.0809321 109.5
-0.0811872 0.143813 0.986396 119.468 0.0113896 0.989673 -0.143367 -7.9216 -0.996766 -0.000407591 -0.0819798 109.43
-0.0813481 0.150632 0.985353 120.143 0.0194615 0.988631 -0.149537 -7.99042 -0.99661 0.00701323 -0.0833489 109.341
-0.0836792 0.159881 0.983711 120.831 0.0200819 0.987184 -0.158751 -8.03142 -0.996422 0.0064677 -0.0858102 109.295
-0.0872166 0.166004 0.982377 121.571 0.0188804 0.986183 -0.164981 -8.09348 -0.996125 0.00415997 -0.0891394 109.247
-0.0895813 0.164003 0.982514 122.308 0.0194551 0.986518 -0.162912 -8.22198 -0.995921 0.00451813 -0.0915569 109.184
-0.0922261 0.160937 0.982764 123.018 0.0240756 0.986991 -0.15938 -8.34242 -0.995563 0.00896285 -0.0948943 109.092
-0.097129 0.158602 0.982684 123.751 0.0264779 0.987353 -0.156754 -8.4879 -0.995051 0.0107908 -0.100092 109.01
-0.102857 0.157762 0.982225 124.495 0.0256994 0.987502 -0.15593 -8.61572 -0.99448 0.00920542 -0.105618 108.926
-0.112871 0.157492 0.98118 125.229 0.0256779 0.98756 -0.155577 -8.75522 -0.993411 0.00763148 -0.115502 108.867
-0.124583 0.158056 0.97966 125.94 0.0259152 0.987481 -0.156033 -8.88272 -0.991988 0.00595031 -0.127111 108.788
-0.13319 0.159877 0.978244 126.672 0.0274645 0.987189 -0.157615 -9.0017 -0.990844 0.00587147 -0.135864 108.637
-0.146148 0.161005 0.976195 127.374 0.0301109 0.987003 -0.158291 -9.11914 -0.988923 0.00626166 -0.149086 108.537
-0.157239 0.162305 0.974266 128.088 0.0353955 0.986764 -0.158691 -9.22209 -0.98706 0.0095289 -0.16089 108.408
-0.168326 0.163548 0.972193 128.8 0.0398749 0.986532 -0.159068 -9.32807 -0.985045 0.0119918 -0.172568 108.281
-0.176726 0.166295 0.970246 129.484 0.0446337 0.986033 -0.160888 -9.41599 -0.983382 0.0148689 -0.181666 108.122
-0.18373 0.165729 0.969031 130.195 0.0513048 0.986028 -0.15892 -9.55793 -0.981758 0.0205183 -0.189652 107.958
-0.190395 0.163367 0.96816 130.894 0.0571188 0.9863 -0.155214 -9.71611 -0.980182 0.0257431 -0.197103 107.798
-0.197114 0.164091 0.966679 131.605 0.0581126 0.986185 -0.155565 -9.83537 -0.97878 0.0255124 -0.203912 107.653
-0.2019 0.162259 0.966014 132.322 0.0617617 0.986398 -0.152793 -9.95395 -0.977596 0.0288084 -0.209159 107.507
-0.201569 0.159839 0.966473 132.995 0.0678281 0.986575 -0.14903 -10.0618 -0.977247 0.0355139 -0.209689 107.324
-0.201175 0.158266 0.966827 133.687 0.073827 0.986575 -0.146155 -10.1757 -0.976909 0.0419687 -0.210142 107.153
-0.202058 0.156229 0.966962 134.352 0.0762699 0.986779 -0.143506 -10.2981 -0.976524 0.0447528 -0.211286 107.004
-0.200731 0.163112 0.966114 135.056 0.0786985 0.98561 -0.150071 -10.3967 -0.976621 0.0459012 -0.210663 106.85
-0.199394 0.167429 0.96564 135.73 0.0774456 0.984979 -0.154803 -10.4986 -0.976979 0.0439169 -0.20935 106.705
-0.197398 0.167903 0.965981 136.404 0.0794039 0.984796 -0.154966 -10.6051 -0.977244 0.0461062 -0.207712 106.547
-0.194917 0.166687 0.966683 137.068 0.080908 0.9849 -0.153527 -10.7144 -0.977602 0.048286 -0.205444 106.397
-0.190982 0.163092 0.968093 137.719 0.0813403 0.98541 -0.149981 -10.842 -0.97836 0.0500944 -0.201445 106.228
-0.188885 0.16356 0.968414 138.394 0.0816937 0.985303 -0.150491 -10.9621 -0.978722 0.0506864 -0.199455 106.091
-0.186862 0.166902 0.968249 139.033 0.0820512 0.984744 -0.153929 -11.0624 -0.979096 0.0506754 -0.197689 105.966
-0.182479 0.168828 0.968739 139.688 0.0827405 0.984363 -0.155979 -11.1736 -0.97985 0.0516898 -0.193579 105.841
-0.177401 0.168002 0.969838 140.316 0.0835548 0.984409 -0.155261 -11.2823 -0.980728 0.0534843 -0.188656 105.719
-0.17125 0.165275 0.9714 140.959 0.0823176 0.984858 -0.153066 -11.4094 -0.98191 0.0537494 -0.182247 105.591
-0.167394 0.162394 0.972568 141.584 0.0791649 0.985444 -0.150937 -11.538 -0.98285 0.0517206 -0.177797 105.484
-0.163193 0.161859 0.973362 142.217 0.078597 0.985523 -0.150717 -11.6467 -0.983587 0.0519066 -0.173537 105.378
-0.159885 0.160346 0.974173 142.846 0.0787308 0.985722 -0.149345 -11.7569 -0.984136 0.0528125 -0.170211 105.284
-0.154936 0.157855 0.975368 143.451 0.0819893 0.985877 -0.146546 -11.8645 -0.984645 0.0572636 -0.165676 105.172
-0.15118 0.156519 0.976184 144.067 0.0824893 0.986014 -0.14534 -11.9633 -0.985203 0.0585449 -0.161962 105.071
-0.148464 0.155809 0.976702 144.669 0.0799028 0.986247 -0.1452 -12.061 -0.985812 0.0564834 -0.158859 104.982
-0.144461 0.157088 0.977111 145.286 0.0767953 0.986197 -0.147215 -12.1706 -0.986672 0.0537636 -0.154516 104.885
-0.13458 0.16025 0.977995 145.82 0.0766459 0.985639 -0.150969 -12.2726 -0.988062 0.0546413 -0.144917 104.767
-0.128312 0.163977 0.978234 146.413 0.0777898 0.984939 -0.154918 -12.3676 -0.988824 0.0562115 -0.139122 104.678
-0.121329 0.165624 0.978834 146.991 0.0763126 0.984696 -0.15717 -12.459 -0.989803 0.0556274 -0.1321 104.604
-0.112131 0.162832 0.980414 147.574 0.0720405 0.985298 -0.155424 -12.5849 -0.991226 0.0531943 -0.122201 104.531
-0.103892 0.160887 0.981628 148.172 0.0701176 0.985636 -0.154138 -12.694 -0.992244 0.0528153 -0.113671 104.514
