0.999042 -0.00092961 0.0437976 0.0408452 0.00115193 0.999993 -0.0050286 0.00983056 -0.0437897 0.00507433 0.999039 1.03958
0.999088 -0.00440312 0.0424291 0.0580588 0.00462344 0.99997 -0.00511563 -0.0119729 -0.042408 0.00530707 0.999078 1.03443
0.998979 -0.000859611 0.0453357 0.0191678 0.00109017 0.999995 -0.00503963 0.00513741 -0.045328 0.00508399 0.998973 1.06792
0.999133 -2.76575e-05 0.041438 0.0381842 0.000172702 0.999989 -0.00351798 0.000717835 -0.0414397 0.00352203 0.999124 0.991619
0.998834 -0.00299833 0.0483192 0.015715 0.00309242 1 -0.00183453 0.00767087 -0.0483105 0.00198205 0.99885 1.03183
0.998821 -0.00157554 0.048424 0.0165983 0.00171478 0.999991 -0.00285417 -0.00467067 -0.0484223 0.00293374 0.998811 1.01271
0.999188 -0.00371317 0.0402257 0.0810432 0.00378951 0.999996 -0.00179291 -0.0172031 -0.0402158 0.00194406 0.999208 1.09564
0.998963 -0.00321916 0.045414 0.0302898 0.00335416 0.999989 -0.00291791 -0.00290457 -0.0454067 0.00306708 0.998951 1.0444
0.998926 -0.0012163 0.0463008 0.0430084 0.00133254 1.00001 -0.00244506 -0.00548723 -0.0462945 0.00250433 0.998944 1.01454
0.998802 -0.00136293 0.0489385 0.00647783 0.00138082 0.999988 -0.000363769 -0.0016562 -0.0489413 0.000430689 0.998782 1.00953
0.998868 -0.0005693 0.0475114 0.0291642 0.000582114 1.00001 -0.000217038 -0.00330472 -0.0475083 0.000244715 0.99889 1.10878
0.998878 0.00077861 0.0474088 0.0502922 -0.00076271 0.999989 -0.000391751 -0.0192631 -0.0474125 0.000354853 0.998859 0.921687
0.998701 -0.000757457 0.0509175 -0.0478341 0.000814291 1.00001 -0.00104728 -0.00355975 -0.0509143 0.00108779 0.998718 1.1165
0.998541 -0.00231428 0.0539986 -0.0729002 0.00240443 0.999992 -0.00164752 0.00541534 -0.0539977 0.0017746 0.998524 1.08411
0.998983 -0.000829953 0.0450884 0.0661274 0.000944777 1 -0.00246711 -0.00823434 -0.0450836 0.0025077 0.998999 1.00949
0.998956 -0.00394966 0.0455244 0.0376833 0.00398006 0.999989 -0.000627118 -0.00106255 -0.0455247 0.000807242 0.998947 1.00371
0.998964 -5.37373e-05 0.0454921 0.0301273 0.000120524 1 -0.00141146 -0.00230303 -0.0454894 0.00141604 0.998981 0.998688
0.99916 -0.00192258 0.040979 0.132128 0.00201039 0.999998 -0.00214756 -0.0228517 -0.0409792 0.00222779 0.999145 0.944797
0.999081 -0.00518352 0.0425088 0.0909324 0.00530026 0.999983 -0.00257417 -0.00065011 -0.0424918 0.00279766 0.999109 0.988281
0.999175 0.000345242 0.0406434 0.10115 -0.000241625 0.999996 -0.00261588 -0.00606781 -0.0406476 0.00260342 0.999156 0.979374
0.998939 -0.00256728 0.0459412 0.0330626 0.00279751 0.999987 -0.00488552 0.0194163 -0.0459255 0.00500944 0.998949 1.06136
0.99932 -0.00391603 0.0367661 0.103787 0.00408854 0.99998 -0.00468653 -0.0137902 -0.0367497 0.00483313 0.999296 0.811614
0.999054 -0.00352103 0.0431669 -0.0272293 0.00371787 0.999991 -0.00439626 0.039038 -0.043149 0.00455326 0.999078 0.875835
0.999268 -0.00552514 0.0380807 0.0850085 0.00560771 0.999976 -0.00213946 0.00735724 -0.0380705 0.00235082 0.999258 0.910064
0.999328 -0.00496956 0.0361351 0.0894731 0.00500614 0.999989 -0.000832316 -0.00776787 -0.0361283 0.0010134 0.999364 1.00049
0.999243 -0.00100034 0.0390963 -0.0339013 0.00112887 0.999998 -0.00332175 -0.00181564 -0.0390961 0.00336287 0.999219 0.93272
0.999339 -1.60796e-05 0.0361134 0.03138 4.23241e-05 0.999999 -0.000646338 0.00687981 -0.036111 0.000648095 0.999363 0.995279
0.999258 -0.00132139 0.0387068 -0.00401027 0.00129513 1 0.000667942 -0.00600211 -0.0387119 -0.000617649 0.999239 1.04555
0.999651 -0.00191878 0.0260866 0.117563 0.00186474 0.999994 0.00215706 -0.0282873 -0.0260871 -0.00210719 0.999667 0.964378
0.999341 0.00290949 0.0364273 -0.083083 -0.00279575 1 -0.00316221 0.0117785 -0.0364426 0.00305834 0.999331 0.993514
0.999536 -0.000182589 0.0302179 0.0661654 0.000227573 0.999992 -0.00146457 -0.0198231 -0.0302132 0.00147113 0.999546 0.994461
0.999594 -0.00220134 0.0286905 0.0537058 0.00222131 1.00001 -0.000677172 -0.00722741 -0.028694 0.000740418 0.999585 1.06399
0.999423 -0.000784026 0.033799 -0.0351491 0.000782417 0.999994 8.86791e-05 -0.000957443 -0.0337951 -6.18128e-05 0.999436 1.09596
0.999591 0.000204255 0.028867 0.0542817 -0.000236329 1 0.00107506 -0.013031 -0.0288709 -0.00108174 0.999578 1.03918
0.999644 -0.00193475 0.0263405 0.0324099 0.00197433 0.999996 -0.00144355 0.0208569 -0.0263334 0.00149533 0.999658 1.04578
0.999656 -0.00273613 0.0263643 0.018025 0.00276318 0.999997 -0.00102039 0.00697554 -0.0263656 0.00109265 0.999645 1.10603
0.99969 -0.00519346 0.0240481 0.0235649 0.00522015 0.999985 -0.00101201 0.0115716 -0.0240383 0.00113743 0.999717 1.13318
0.999762 -0.00526746 0.0215668 0.0250927 0.00529069 0.999987 -0.00106018 0.00165627 -0.0215651 0.00117379 0.99976 1.08515
0.999793 -0.00570523 0.0191207 0.0192679 0.0057189 0.999982 -0.000616685 0.00217291 -0.0191127 0.000726157 0.999823 1.067
0.999883 -0.00438959 0.0151413 0.0601073 0.00437963 0.999992 0.000638313 -0.00844423 -0.0151478 -0.000572141 0.999878 1.09504
0.999902 -0.00402516 0.0128104 0.0579926 0.00403736 0.999989 -0.000865385 -0.00925015 -0.0128029 0.000917243 0.999925 1.09337
0.999931 -0.00223476 0.0121525 0.00889696 0.00222068 0.999998 0.00110965 -0.00761687 -0.0121588 -0.00108283 0.999918 1.09121
0.999929 -0.000659629 0.01128 0.0440479 0.000651652 0.999999 0.000776227 -0.0032607 -0.0112762 -0.000768696 0.999944 1.18774
0.999929 0.000334542 0.0125405 -0.000710666 -0.000326034 1 -0.000733336 -1.88187e-05 -0.0125448 0.000729009 0.999914 1.25135
0.999925 -0.000342399 0.0116352 0.0201797 0.000378025 0.999995 -0.00299799 -0.0126832 -0.0116298 0.00300234 0.999935 1.29123
0.999936 -0.00090026 0.0120265 -0.0187241 0.000952119 0.999991 -0.004342 0.0115891 -0.0120262 0.00435273 0.999913 1.30391
0.999971 -0.00141636 0.00660528 0.0317728 0.00143229 0.999996 -0.00233359 -0.0125685 -0.00659754 0.0023434 0.99998 1.15243
0.999986 0.000686366 0.00685149 0.0095407 -0.000679478 1 -0.00107744 -0.00257019 -0.00685634 0.00107224 0.999974 1.28277
0.999975 -0.000670978 0.0054714 0.00832284 0.000674403 0.999998 -0.000541885 -0.00184262 -0.00546696 0.000546129 0.999987 1.28385
0.999999 -0.000397593 0.00441988 -0.0075195 0.000400844 1 -0.000834922 -0.00457063 -0.00442361 0.000836135 0.999987 1.29766
0.999983 0.00124295 0.00364883 -0.018148 -0.00123579 0.999995 -0.00181837 -0.0050488 -0.0036469 0.00181433 0.999995 1.28095
1 -0.00024768 0.00346054 0.00964446 0.000250633 1 -0.00105609 0.00586568 -0.00346377 0.00105654 0.999992 1.36032
0.999989 0.00095677 0.00182037 -0.0148718 -0.000957547 0.999997 0.000809342 0.00433826 -0.00181602 -0.000810613 0.999999 1.31942
1.00001 -0.000472678 0.000857019 -0.00366492 0.000470363 1 0.00191369 -0.00123663 -0.000861452 -0.00191372 0.999997 1.33483
0.999986 0.00143199 0.00334024 -0.0242776 -0.00143786 0.999994 0.0019624 -0.005595 -0.00333365 -0.00196685 0.999993 1.44888
1 -0.00216567 0.00275451 -0.0243315 0.00216535 1 -0.000123785 -0.0057801 -0.0027579 0.000129445 0.999996 1.43527
0.999991 0.000987742 0.00162682 -0.0438972 -0.000987565 0.999996 0.000386717 -0.00196765 -0.00162241 -0.000388068 0.999999 1.38141
1.00001 -0.00121162 0.00083721 -0.030273 0.00121074 1 0.000127209 -0.0167564 -0.000841085 -0.000126386 1 1.4524
0.999991 0.00118715 0.00152487 -0.0568646 -0.00118786 0.999999 0.00098193 -0.0172088 -0.00151978 -0.000983699 0.999999 1.46841
1.00001 0.000292413 -0.00229105 0.0264062 -0.000293616 1 -0.000253256 -0.0184811 0.00228723 0.000253796 0.999998 1.50613
0.999992 0.000298981 -0.000320041 -0.0519818 -0.00029807 1 0.000467004 -0.00453082 0.000324333 -0.000466856 1 1.50327
1.00001 0.000952547 -0.00133036 -0.00468324 -0.000949999 0.999997 0.00235905 -0.019045 0.00132877 -0.00235796 0.999997 1.58539
0.999988 -0.000724429 -0.00245403 -0.048699 0.000728107 0.999998 0.00136419 -0.0358195 0.00245715 -0.00136569 0.999997 1.45908
1.00001 0.00118627 -0.000364996 -0.0294417 -0.00118633 1 0.000339323 -0.0161368 0.000361617 -0.000339374 1 1.62243
0.999991 -0.00057028 -0.00108772 -0.0212729 0.000571306 0.999998 0.000835059 -0.0196773 0.00109104 -0.000835141 0.999999 1.62194
1.00001 0.000524028 -0.00261976 -0.0152349 -0.000520353 1 0.0014667 -0.0235403 0.0026169 -0.00146599 0.999996 1.58801
