1 0 0 0 0 1 0 0 0 0 1 0
0.999039 -0.000116562 0.0438264 0.028615 8.49971e-05 1 0.000722098 -0.0106363 -0.0438264 -0.000717679 0.999039 0.999213
0.995892 -0.00222842 0.0905191 0.110904 0.00251244 0.999992 -0.00302383 -0.0166611 -0.0905116 0.00323883 0.99589 2.01414
0.99084 -0.00288479 0.135012 0.24065 0.00372114 0.999975 -0.00594269 -0.0368221 -0.134991 0.00639065 0.990826 2.98932
0.983181 -0.00101935 0.18263 0.403029 0.00274481 0.999954 -0.00919534 -0.047752 -0.182612 0.00954197 0.983139 3.98568
0.973705 -0.00277363 0.227796 0.616434 0.00459719 0.999962 -0.00747504 -0.0729862 -0.227766 0.0083257 0.97368 4.9442
0.961863 -0.00311093 0.273515 0.874181 0.00547582 0.999954 -0.00788327 -0.0950029 -0.273478 0.00908035 0.961835 5.89415
0.947686 -0.00458626 0.319171 1.17716 0.00817347 0.999918 -0.00990065 -0.116135 -0.319099 0.0119914 0.947645 6.84411
0.932798 -0.0063154 0.360344 1.50801 0.0104777 0.999899 -0.00959874 -0.14505 -0.360247 0.0127293 0.93277 7.75006
0.915054 -0.00588566 0.403288 1.89678 0.010855 0.999891 -0.0100373 -0.14396 -0.403184 0.0135623 0.915018 8.64408
0.894719 -0.00658015 0.446581 2.32504 0.0116491 0.999895 -0.00860592 -0.165212 -0.446478 0.0129022 0.894702 9.53425
0.872893 -0.00638482 0.487869 2.78634 0.0113933 0.999909 -0.00729885 -0.193136 -0.487778 0.0119295 0.872886 10.3909
0.84798 -0.00681385 0.529985 3.29822 0.0119436 0.999909 -0.00625436 -0.206872 -0.529894 0.0116335 0.847984 11.2341
0.822306 -0.00704821 0.569002 3.8312 0.0121661 0.999913 -0.00519626 -0.224738 -0.568916 0.0111955 0.822319 12.0313
0.794784 -0.0086948 0.606831 4.40519 0.0145329 0.999883 -0.00470762 -0.25056 -0.606719 0.0125606 0.794817 12.8042
0.764699 -0.00873004 0.644328 5.02639 0.0150711 0.999877 -0.00433931 -0.255139 -0.644211 0.013029 0.764737 13.5646
0.73446 -0.0105532 0.678569 5.66437 0.0172718 0.999846 -0.00314458 -0.283685 -0.678432 0.0140297 0.734529 14.2739
0.701953 -0.010085 0.712152 6.33845 0.0169829 0.999853 -0.0025805 -0.297428 -0.712021 0.0139058 0.702021 14.9532
0.666965 -0.00977722 0.745025 7.04473 0.0175817 0.999842 -0.00261829 -0.310642 -0.744881 0.0148451 0.667032 15.5992
0.631068 -0.0106565 0.775654 7.77488 0.0207606 0.99978 -0.00315499 -0.335774 -0.775449 0.0180941 0.63115 16.2151
0.593955 -0.0103137 0.804432 8.53332 0.0208242 0.99978 -0.00255728 -0.343013 -0.804229 0.0182706 0.594039 16.7868
0.556329 -0.00988498 0.830903 9.32133 0.0230962 0.999727 -0.00357059 -0.361246 -0.830641 0.0211771 0.556406 17.3161
0.517233 -0.00930705 0.855794 10.1222 0.0269951 0.999621 -0.00544436 -0.378921 -0.855419 0.0259183 0.517288 17.824
0.477563 -0.00877679 0.878554 10.9558 0.0289757 0.999564 -0.0057649 -0.387389 -0.87812 0.0282098 0.477609 18.3012
0.438891 -0.0104548 0.898479 11.8123 0.0320958 0.999477 -0.00404826 -0.403167 -0.897967 0.0306142 0.438997 18.7341
0.401325 -0.0116303 0.915861 12.684 0.03501 0.999384 -0.0026503 -0.42424 -0.915266 0.033128 0.401485 19.1262
0.365406 -0.0114058 0.930778 13.5943 0.0354406 0.999371 -0.00166696 -0.432139 -0.930173 0.0335964 0.36558 19.4929
0.33176 -0.0118907 0.943289 14.5171 0.0356163 0.999366 7.10851e-05 -0.437734 -0.942691 0.0335728 0.331973 19.8166
0.298202 -0.0136292 0.954405 15.4513 0.0370115 0.999311 0.00270634 -0.440501 -0.953785 0.0345169 0.298501 20.1061
0.265289 -0.01444 0.96406 16.4098 0.0372741 0.999294 0.00471063 -0.451514 -0.963448 0.0346848 0.26564 20.3821
0.232759 -0.0127755 0.97245 17.3817 0.0348333 0.999382 0.00479189 -0.446602 -0.97191 0.0327583 0.23306 20.6195
0.201164 -0.0117162 0.979487 18.365 0.0336971 0.99942 0.00503402 -0.442854 -0.978978 0.0319933 0.201442 20.8199
0.170752 -0.0116848 0.985245 19.343 0.034763 0.999379 0.00582772 -0.442319 -0.9847 0.033255 0.171052 20.998
0.139867 -0.0123966 0.990092 20.3533 0.0353198 0.999348 0.00752294 -0.445127 -0.98954 0.0339176 0.140214 21.1504
0.108408 -0.0132544 0.994018 21.3932 0.0347354 0.999351 0.00953727 -0.432175 -0.993499 0.0334937 0.108798 21.2798
0.07902 -0.0144027 0.996769 22.4344 0.0343942 0.99934 0.0117132 -0.42854 -0.996279 0.0333575 0.0794634 21.3844
0.0507427 -0.015337 0.998594 23.5114 0.0340285 0.999328 0.0136192 -0.427537 -0.998132 0.0332895 0.0512307 21.4468
0.0258693 -0.015937 0.999538 24.5894 0.0349377 0.999277 0.0150286 -0.434157 -0.999054 0.0345327 0.0264075 21.4818
0.00274267 -0.0163267 0.999863 25.6799 0.0379663 0.999148 0.0162109 -0.416029 -0.999275 0.0379166 0.00336035 21.4871
-0.0189149 -0.0166197 0.999683 26.7893 0.0427333 0.998935 0.0174159 -0.407774 -0.998907 0.0430491 -0.0181843 21.4612
-0.0364673 -0.0183804 0.999166 27.8978 0.0473533 0.998676 0.0200996 -0.385016 -0.998212 0.0480468 -0.0355485 21.4218
-0.0522448 -0.0185808 0.998461 29.0209 0.0490206 0.998574 0.0211479 -0.373639 -0.99743 0.05005 -0.0512593 21.3643
-0.0676671 -0.0202279 0.997503 30.1427 0.0505804 0.998439 0.0236781 -0.358556 -0.996425 0.0520563 -0.0665382 21.288
-0.0800617 -0.021746 0.996552 31.2803 0.0501592 0.998408 0.0258162 -0.335943 -0.995527 0.0520531 -0.0788433 21.22
-0.0924829 -0.0227262 0.995455 32.4243 0.0497551 0.998385 0.0274157 -0.312777 -0.99447 0.0520644 -0.0912026 21.1266
-0.104583 -0.0211785 0.99429 33.5773 0.0487433 0.998463 0.0263943 -0.293384 -0.99332 0.0512254 -0.103389 21.0196
-0.113802 -0.019026 0.993321 34.7476 0.0492435 0.99848 0.0247664 -0.265023 -0.992282 0.051733 -0.112692 20.9073
-0.12458 -0.0189448 0.992028 35.9437 0.0489349 0.998484 0.0252134 -0.237801 -0.991002 0.0516859 -0.123464 20.768
-0.131225 -0.019196 0.991167 37.1652 0.0485992 0.998486 0.025772 -0.204139 -0.99016 0.0515518 -0.130093 20.6178
-0.137173 -0.0191781 0.990361 38.3856 0.0485478 0.998481 0.0260596 -0.169997 -0.989356 0.0516545 -0.136033 20.4517
-0.143481 -0.0198578 0.989454 39.6502 0.0481885 0.998473 0.0270267 -0.147263 -0.988479 0.0515581 -0.142304 20.2869
-0.147128 -0.0203056 0.988909 40.9215 0.0478808 0.998471 0.0276256 -0.104944 -0.987957 0.0514143 -0.145931 20.1028
-0.150984 -0.0203807 0.988326 42.2242 0.0481183 0.998451 0.0279404 -0.0714242 -0.987364 0.0517751 -0.14977 19.9144
-0.15512 -0.0216674 0.987658 43.5592 0.0478444 0.998422 0.0294179 -0.0299149 -0.986736 0.0518172 -0.153838 19.714
-0.15652 -0.0239065 0.987385 44.8945 0.0482735 0.998327 0.0318237 0.0180944 -0.986494 0.0526455 -0.155104 19.5119
-0.158567 -0.0250606 0.98703 46.2614 0.0481729 0.998291 0.0330855 0.0598541 -0.986172 0.0527944 -0.157089 19.3003
-0.161693 -0.0261783 0.986494 47.6558 0.0482231 0.998244 0.0343942 0.0918341 -0.985662 0.0531331 -0.160146 19.075
-0.161591 -0.0268337 0.986493 49.0606 0.048385 0.998213 0.0350781 0.150061 -0.985671 0.0533998 -0.160003 18.8314
-0.163263 -0.0275296 0.986198 50.4985 0.0486358 0.998171 0.0359154 0.182322 -0.985383 0.0538282 -0.161625 18.6043
-0.161696 -0.0279734 0.986444 51.9464 0.0483713 0.998172 0.0362349 0.237056 -0.985654 0.0535746 -0.160047 18.372
-0.161301 -0.0283053 0.986499 53.4168 0.0482835 0.998166 0.0365347 0.284362 -0.985723 0.0535247 -0.159638 18.1443
-0.161329 -0.0289249 0.986477 54.8904 0.0485783 0.998126 0.037211 0.339311 -0.985704 0.0539245 -0.159621 17.9146
-0.158642 -0.0300598 0.986878 56.422 0.048377 0.998099 0.0381783 0.400186 -0.98615 0.0537989 -0.156887 17.6805
-0.157406 -0.0304762 0.987063 57.955 0.0490141 0.998051 0.0386317 0.455635 -0.986316 0.0544609 -0.155605 17.4369
-0.157267 -0.0304304 0.987087 59.4984 0.0482755 0.998093 0.0384612 0.521482 -0.986375 0.0537008 -0.155498 17.1871
-0.155027 -0.0308133 0.987429 61.0867 0.048932 0.998047 0.038827 0.578668 -0.986697 0.0543361 -0.153216 16.9402
-0.155819 -0.0312207 0.987292 62.6726 0.0484679 0.998055 0.0392106 0.64503 -0.986595 0.0539617 -0.154003 16.693
-0.153571 -0.0336333 0.987565 64.3067 0.0490061 0.997931 0.041607 0.718083 -0.986921 0.0547863 -0.151605 16.4461
-0.152433 -0.0351533 0.987688 65.9418 0.0506517 0.997776 0.0433296 0.789691 -0.987014 0.0566329 -0.150313 16.2034
-0.152389 -0.0351119 0.987697 67.576 0.0516278 0.997721 0.0434338 0.857021 -0.986971 0.0576113 -0.150229 15.9517
-0.150065 -0.0352946 0.988046 69.2356 0.0527468 0.997653 0.043649 0.9272 -0.987268 0.0586664 -0.147851 15.6987
-0.149416 -0.0356166 0.988133 70.9125 0.052573 0.997651 0.0439093 1.00036 -0.987375 0.0585099 -0.147192 15.4579
-0.150395 -0.0374183 0.987917 72.5844 0.0520348 0.997599 0.0457065 1.06307 -0.987255 0.0582801 -0.148086 15.2167
-0.149659 -0.0380999 0.988003 74.3088 0.0522223 0.997558 0.0463789 1.15013 -0.987357 0.0585368 -0.147304 14.9646
-0.150221 -0.0379854 0.987922 76.0046 0.0544103 0.997429 0.0466245 1.22771 -0.987153 0.0607571 -0.147768 14.7174
-0.148986 -0.0386808 0.988082 77.7466 0.0547767 0.997377 0.0473041 1.31168 -0.98732 0.0611715 -0.146476 14.4684
-0.14917 -0.0394583 0.988024 79.496 0.0543624 0.997365 0.048039 1.38252 -0.987315 0.0608773 -0.146632 14.2099
-0.150217 -0.0402508 0.987833 81.2418 0.0542735 0.997328 0.048891 1.46204 -0.987162 0.0609574 -0.147631 13.9577
-0.150003 -0.0405924 0.987852 83.031 0.0533697 0.997368 0.0490875 1.5494 -0.987243 0.0600846 -0.147442 13.6902
-0.150181 -0.0417673 0.987776 84.8208 0.0529707 0.997332 0.050225 1.63827 -0.987238 0.059866 -0.147568 13.4213
-0.152154 -0.0426761 0.987435 86.6195 0.0520353 0.997336 0.0511222 1.73196 -0.986986 0.0591599 -0.149528 13.1622
-0.15117 -0.0441039 0.987523 88.4582 0.0518665 0.997274 0.0524791 1.81667 -0.987145 0.0591526 -0.14847 12.8953
-0.151703 -0.0449918 0.987402 90.2911 0.0506294 0.997298 0.0532214 1.9145 -0.987128 0.0580654 -0.149015 12.6293
-0.154207 -0.0455117 0.98699 92.1251 0.0501118 0.997292 0.0538163 2.00857 -0.986766 0.0577587 -0.151509 12.3594
-0.15499 -0.0450513 0.986888 93.9749 0.0495872 0.997346 0.0533163 2.1073 -0.98667 0.0572005 -0.152345 12.0752
-0.160726 -0.0453265 0.985958 95.8355 0.0493449 0.997327 0.0538932 2.1933 -0.985764 0.057314 -0.158059 11.7947
-0.164138 -0.0463779 0.985346 97.7298 0.0479441 0.997338 0.0549289 2.2803 -0.985271 0.0562575 -0.161478 11.4996
-0.168937 -0.0477857 0.984468 99.6188 0.0465313 0.997324 0.0563946 2.38186 -0.984527 0.0553357 -0.166262 11.1997
-0.175173 -0.048176 0.983358 101.516 0.0457308 0.997326 0.0570067 2.48918 -0.983474 0.0549557 -0.172501 10.8916
-0.178496 -0.0484707 0.982746 103.439 0.0459266 0.997287 0.0575295 2.59813 -0.982867 0.055403 -0.175786 10.5592
-0.183185 -0.0489655 0.981858 105.36 0.0456017 0.99726 0.0582415 2.70712 -0.98202 0.0554433 -0.18045 10.2191
-0.18948 -0.0495872 0.980632 107.291 0.0446712 0.997254 0.0590592 2.81968 -0.980867 0.0549965 -0.186744 9.86965
-0.193389 -0.0505534 0.979819 109.233 0.0438497 0.997228 0.0601064 2.93781 -0.980141 0.0545886 -0.190636 9.51068
-0.200312 -0.0514408 0.978381 111.176 0.0428294 0.997206 0.0611994 3.05851 -0.978795 0.0541624 -0.197549 9.14607
-0.204604 -0.0526318 0.977429 113.132 0.0423344 0.997143 0.0625552 3.1761 -0.977928 0.0541779 -0.201791 8.7551
-0.209876 -0.0537155 0.976251 115.103 0.0424441 0.997048 0.0639845 3.29711 -0.976806 0.0548648 -0.206976 8.35257
-0.217375 -0.0540117 0.974593 117.074 0.043008 0.996968 0.0648443 3.42027 -0.975139 0.0560108 -0.214393 7.93953
-0.221308 -0.0555239 0.973622 119.062 0.042822 0.996862 0.0665829 3.55552 -0.974262 0.0564277 -0.218236 7.5024
-0.227219 -0.0566115 0.972197 121.056 0.0427513 0.996767 0.0680339 3.6824 -0.972904 0.0570213 -0.224064 7.05264
-0.233914 -0.0579813 0.970527 123.043 0.0416059 0.996709 0.0695733 3.81219 -0.971366 0.0566538 -0.230732 6.59807
-0.237146 -0.0586797 0.9697 125.046 0.040079 0.996733 0.0701171 3.95118 -0.970646 0.0554925 -0.234019 6.12431
-0.244166 -0.0593843 0.967913 127.04 0.0387833 0.996727 0.0709356 4.09855 -0.968957 0.0548589 -0.241064 5.64179
-0.246938 -0.0606491 0.967131 129.055 0.0399889 0.996552 0.0727044 4.23643 -0.968205 0.056628 -0.243661 5.15113
-0.250854 -0.0619391 0.966041 131.068 0.0403231 0.996416 0.0743574 4.37764 -0.967184 0.0576066 -0.247457 4.6523
-0.256301 -0.0625521 0.964571 133.089 0.0395631 0.996389 0.0751281 4.51068 -0.965786 0.0574169 -0.252901 4.13429
-0.257622 -0.0634498 0.96416 135.117 0.0377728 0.996418 0.0756654 4.64595 -0.965506 0.0559121 -0.254303 3.61794
-0.260755 -0.0645979 0.963241 137.145 0.0361594 0.996405 0.0766105 4.78998 -0.964727 0.0548068 -0.257482 3.09288
-0.266796 -0.0654227 0.96153 139.168 0.0340927 0.996428 0.0772569 4.92969 -0.963149 0.053393 -0.263613 2.55016
-0.26908 -0.0661074 0.960846 141.247 0.0321399 0.99647 0.077559 5.08824 -0.962581 0.0517511 -0.266006 2.00046
-0.275476 -0.0663605 0.959015 143.302 0.0306205 0.996503 0.0777502 5.24236 -0.96082 0.0507838 -0.27248 1.4323
-0.278462 -0.0672062 0.958093 145.36 0.0302659 0.996439 0.0786926 5.39348 -0.95997 0.0509104 -0.275436 0.857094
-0.282395 -0.0672232 0.95694 147.437 0.0291878 0.996478 0.0786141 5.55507 -0.958853 0.0501312 -0.279438 0.267377
-0.288562 -0.0672533 0.955096 149.518 0.0289018 0.996464 0.0788982 5.71639 -0.957024 0.0503709 -0.285597 -0.332925
-0.291475 -0.0682391 0.954141 151.589 0.0287294 0.996378 0.0800362 5.88611 -0.956146 0.0507404 -0.288459 -0.938506
-0.295931 -0.0694084 0.952684 153.672 0.0284385 0.996274 0.081418 6.04229 -0.954785 0.051187 -0.292855 -1.56628
-0.301422 -0.0687339 0.95101 155.781 0.029457 0.996251 0.0813401 6.20972 -0.953035 0.0525315 -0.298267 -2.21372
-0.303286 -0.0687812 0.950414 157.862 0.0294342 0.996239 0.0814903 6.38219 -0.952444 0.0526895 -0.300121 -2.85651
-0.30683 -0.0686164 0.949288 159.971 0.0292279 0.996248 0.0814579 6.54955 -0.951315 0.0527393 -0.303673 -3.50898
-0.312565 -0.0692028 0.947372 162.079 0.0289051 0.996188 0.0823053 6.71996 -0.949456 0.0531096 -0.309373 -4.19547
-0.314503 -0.0695786 0.946703 164.181 0.0285526 0.996166 0.0826992 6.89121 -0.948826 0.05304 -0.311311 -4.86723
-0.319323 -0.0700964 0.94505 166.32 0.0275005 0.996155 0.0831791 7.07445 -0.947246 0.0525503 -0.316167 -5.56098
-0.321439 -0.07118 0.944251 168.449 0.0270407 0.996074 0.0842916 7.25391 -0.946544 0.0526278 -0.318252 -6.26411
-0.32532 -0.0716539 0.942885 170.573 0.0276823 0.995976 0.0852396 7.43302 -0.945198 0.0538314 -0.322027 -6.98302
-0.330375 -0.0723316 0.941074 172.711 0.0282653 0.995854 0.0864648 7.60565 -0.943426 0.0551655 -0.32696 -7.70782
-0.332294 -0.073776 0.940286 174.841 0.0282322 0.995711 0.0881019 7.78782 -0.942752 0.0558221 -0.328786 -8.44423
-0.335095 -0.0750424 0.939191 176.987 0.0278987 0.995596 0.0895031 7.97819 -0.941771 0.0561943 -0.331526 -9.17327
-0.339485 -0.0756567 0.937564 179.14 0.0268321 0.995576 0.0900536 8.17039 -0.940228 0.0557286 -0.335953 -9.93169
-0.340526 -0.0740251 0.937316 181.269 0.0261078 0.995767 0.0881262 8.36755 -0.939872 0.0544806 -0.337152 -10.6769
-0.343889 -0.0736607 0.936117 183.439 0.0259223 0.995794 0.0878793 8.54921 -0.938652 0.054487 -0.340533 -11.4446
-0.349131 -0.0741552 0.934135 185.596 0.0258142 0.995725 0.0886923 8.74637 -0.936718 0.0550791 -0.345724 -12.2197
-0.351507 -0.0741692 0.933243 187.726 0.0244024 0.995792 0.0883315 8.94682 -0.935867 0.0538225 -0.348217 -12.9988
-0.357135 -0.0751289 0.931026 189.913 0.0242196 0.99568 0.0896366 9.143 -0.933738 0.0545615 -0.353773 -13.8
-0.35964 -0.0765839 0.929943 192.074 0.0240551 0.995534 0.0912884 9.35061 -0.93278 0.0552008 -0.356191 -14.6062
-0.363756 -0.0775813 0.928258 194.246 0.0233841 0.995451 0.0923606 9.55837 -0.9312 0.0553032 -0.360287 -15.4399
-0.3689 -0.0787511 0.926127 196.472 0.0228888 0.995332 0.093753 9.76744 -0.929187 0.0557834 -0.365375 -16.2926
-0.371526 -0.0796824 0.924997 198.631 0.0220481 0.995272 0.0945918 9.97844 -0.92816 0.0555377 -0.368013 -17.1255
-0.375313 -0.0801942 0.923422 200.818 0.0209194 0.995264 0.0949356 10.1967 -0.926661 0.054948 -0.371858 -17.9784
-0.379764 -0.0811015 0.921521 203.018 0.0203647 0.995175 0.095976 10.4102 -0.924858 0.0552148 -0.37628 -18.8465
-0.381597 -0.0808993 0.920781 205.2 0.0212571 0.995131 0.0962411 10.6304 -0.924084 0.0562985 -0.378019 -19.7201
-0.386369 -0.081716 0.918717 207.397 0.0216508 0.99499 0.0976054 10.8535 -0.92209 0.0576026 -0.382663 -20.6129
-0.387295 -0.0828083 0.91823 209.59 0.022629 0.994804 0.0992585 11.0771 -0.921677 0.0592208 -0.383408 -21.5118
-0.390014 -0.0833093 0.917033 211.784 0.022999 0.994707 0.100147 11.3052 -0.920521 0.0601496 -0.386033 -22.4144
-0.394554 -0.0835376 0.915067 213.975 0.0226383 0.994673 0.100566 11.5281 -0.918593 0.0603943 -0.390561 -23.3495
-0.395573 -0.0837662 0.914607 216.157 0.0223201 0.994661 0.100752 11.7614 -0.918163 0.0602687 -0.391591 -24.2809
-0.398207 -0.0838999 0.91345 218.348 0.0214714 0.994683 0.100721 11.9887 -0.917043 0.059721 -0.394288 -25.2153
-0.403732 -0.0840999 0.911004 220.533 0.0208689 0.99466 0.101071 12.2156 -0.914638 0.0598174 -0.399821 -26.1673
-0.404593 -0.0850296 0.910535 222.71 0.0198766 0.994615 0.101713 12.4501 -0.91428 0.0592509 -0.400724 -27.0933
-0.40739 -0.0852449 0.909267 224.905 0.0197453 0.994579 0.10209 12.6806 -0.91304 0.0595441 -0.403498 -28.0528
-0.411952 -0.0862938 0.90711 227.113 0.0206856 0.994364 0.103988 12.9037 -0.91097 0.0616023 -0.407845 -29.0282
-0.412738 -0.0878259 0.906606 229.29 0.0200749 0.994222 0.105453 13.1367 -0.910628 0.0617243 -0.40859 -29.9842
-0.417521 -0.089199 0.904278 231.495 0.0190763 0.994091 0.106866 13.3816 -0.908466 0.0618691 -0.413352 -30.9706
-0.419047 -0.0893701 0.903556 233.665 0.0181334 0.994122 0.106738 13.6201 -0.907783 0.0611126 -0.414963 -31.9442
-0.422154 -0.0897972 0.902066 235.835 0.0167303 0.994141 0.106792 13.8609 -0.906369 0.0601746 -0.418178 -32.9372
-0.4278 -0.0911616 0.899265 238.002 0.0152542 0.994031 0.108025 14.1088 -0.903744 0.0599307 -0.423856 -33.9457
-0.429914 -0.0916008 0.898211 240.158 0.0149843 0.993979 0.108539 14.352 -0.902745 0.0601216 -0.425953 -34.9476
-0.433355 -0.0924943 0.896464 242.326 0.0139299 0.993913 0.109282 14.6002 -0.901115 0.0598457 -0.429429 -35.9598
-0.438679 -0.0935758 0.893758 244.497 0.0128365 0.99381 0.110352 14.8437 -0.898551 0.0598816 -0.434762 -36.986
-0.441367 -0.0943882 0.892349 246.639 0.01171 0.993762 0.110907 15.1028 -0.89725 0.0594001 -0.437508 -38.0121
-0.445216 -0.093858 0.89049 248.773 0.0117137 0.993796 0.110603 15.3487 -0.895346 0.0596731 -0.441355 -39.0466
-0.450499 -0.0939614 0.887818 250.912 0.0117585 0.993736 0.111137 15.5873 -0.892699 0.0605068 -0.446572 -40.0999
-0.45273 -0.0945762 0.886617 253.045 0.0105773 0.993719 0.111402 15.8329 -0.891584 0.059813 -0.448886 -41.158
-0.457722 -0.0952898 0.883974 255.181 0.00909897 0.993686 0.111828 16.0765 -0.889048 0.0592293 -0.453965 -42.2355
-0.460272 -0.0951454 0.882665 257.311 0.00899406 0.99369 0.111803 16.3277 -0.887732 0.0593986 -0.456512 -43.3172
-0.463818 -0.0959593 0.880718 259.435 0.00788021 0.993631 0.112412 16.5805 -0.885895 0.0590788 -0.460107 -44.4074
-0.468998 -0.0965504 0.877906 261.556 0.00812422 0.993493 0.113603 16.8333 -0.883161 0.0604117 -0.465162 -45.5053
-0.470419 -0.0967157 0.877127 263.677 0.00874252 0.993416 0.114227 17.085 -0.882399 0.0614027 -0.466476 -46.616
-0.473479 -0.096687 0.875482 265.795 0.00884087 0.993385 0.114489 17.3553 -0.88076 0.0619482 -0.469492 -47.7404
-0.47825 -0.0962968 0.872928 267.928 0.00886384 0.99339 0.114442 17.6215 -0.878178 0.0624692 -0.474235 -48.8728
-0.47961 -0.095507 0.872269 270.041 0.0095302 0.993433 0.114014 17.8879 -0.87743 0.0629949 -0.47555 -50.0114
-0.484463 -0.0959506 0.869534 272.182 0.00911926 0.993359 0.114695 18.1583 -0.874764 0.063495 -0.48037 -51.175
-0.486074 -0.0960843 0.868619 274.316 0.00885535 0.993345 0.114836 18.4321 -0.873872 0.0635109 -0.481988 -52.3333
-0.4894 -0.0962062 0.866736 276.442 0.00832443 0.993335 0.114959 18.715 -0.872019 0.063476 -0.485338 -53.5142
-0.494532 -0.0954297 0.863905 278.588 0.00870721 0.99336 0.114714 18.9998 -0.869115 0.0642519 -0.490417 -54.7141
-0.495832 -0.095352 0.863168 280.755 0.00829127 0.993389 0.1145 19.2692 -0.868378 0.0639294 -0.491763 -55.9272
-0.498416 -0.0964902 0.861552 282.905 0.00580626 0.993393 0.114615 19.5559 -0.866918 0.0621282 -0.494562 -57.1417
-0.50361 -0.0971205 0.858455 285.082 0.00611652 0.993235 0.115957 19.839 -0.863909 0.0636478 -0.499609 -58.391
-0.504569 -0.097935 0.857799 287.256 0.00672575 0.99307 0.117335 20.1227 -0.863345 0.0649729 -0.500413 -59.6464
-0.50643 -0.0990062 0.856578 289.424 0.00688613 0.99289 0.118833 20.4158 -0.862253 0.066079 -0.502148 -60.8991
-0.510332 -0.0997552 0.854172 291.589 0.00580923 0.992827 0.119419 20.711 -0.859957 0.0659053 -0.506092 -62.1608
-0.510862 -0.101184 0.853687 293.782 0.00483708 0.992695 0.120555 21.0102 -0.859649 0.065716 -0.50664 -63.4354
-0.515676 -0.102168 0.85067 295.973 0.00485899 0.9925 0.122148 21.317 -0.856769 0.067122 -0.511312 -64.729
-0.516147 -0.102812 0.850306 298.161 0.00517544 0.992377 0.123131 21.6269 -0.856483 0.0679547 -0.511681 -66.0285
-0.518014 -0.10256 0.849201 300.361 0.00480882 0.992421 0.122791 21.942 -0.855358 0.0676909 -0.513594 -67.3457
-0.521818 -0.10163 0.846981 302.57 0.00318106 0.992639 0.121068 22.2552 -0.85305 0.0658697 -0.517654 -68.6617
-0.523858 -0.102637 0.845599 304.75 0.00173514 0.992583 0.121552 22.5647 -0.851803 0.0651434 -0.519795 -69.9857
-0.528054 -0.104041 0.842813 306.986 0.000593369 0.992421 0.122881 22.8842 -0.84921 0.0653879 -0.523991 -71.3446
-0.534717 -0.10653 0.838289 309.228 -0.0020328 0.992181 0.124789 23.2092 -0.845028 0.0650229 -0.530752 -72.7261
-0.537666 -0.108258 0.836179 311.452 -0.00342547 0.991995 0.126228 23.5357 -0.84315 0.0650044 -0.533733 -74.1134
-0.541813 -0.108356 0.833485 313.675 -0.00357741 0.991943 0.126631 23.8617 -0.84049 0.0656284 -0.537836 -75.5207
-0.548708 -0.108164 0.828987 315.927 -0.00241127 0.991796 0.12781 24.1906 -0.83601 0.0681316 -0.544467 -76.9515
-0.551179 -0.10795 0.827374 318.15 -0.00242583 0.991799 0.127787 24.5281 -0.834383 0.0684266 -0.54692 -78.4036
-0.557274 -0.108897 0.823157 320.356 -0.00290736 0.991612 0.129214 24.867 -0.830323 0.0696143 -0.552916 -79.8519
-0.559341 -0.110303 0.821566 322.565 -0.00292309 0.991363 0.13111 25.1986 -0.828932 0.0709337 -0.554832 -81.3062
-0.563288 -0.111767 0.818666 324.768 -0.00397234 0.991164 0.132583 25.5354 -0.82625 0.0714304 -0.558754 -82.7704
-0.569721 -0.112777 0.814063 326.981 -0.00554691 0.991045 0.133413 25.8778 -0.821818 0.0714927 -0.565245 -84.2824
-0.570618 -0.113931 0.813274 329.166 -0.00555808 0.990843 0.134907 26.2396 -0.821196 0.0724602 -0.566026 -85.7811
-0.57434 -0.115429 0.810437 331.354 -0.00451843 0.990441 0.137865 26.5822 -0.818603 0.0755194 -0.569372 -87.2872
-0.580995 -0.116977 0.805457 333.557 -0.00601716 0.990208 0.139468 26.9549 -0.813884 0.0761833 -0.576009 -88.8397
-0.581775 -0.119318 0.80455 335.747 -0.00770617 0.989945 0.14124 27.3268 -0.813313 0.0759698 -0.576845 -90.3582
-0.584686 -0.120181 0.802308 337.952 -0.00835895 0.989806 0.142175 27.6941 -0.811216 0.0764213 -0.579731 -91.9121
-0.588671 -0.121457 0.799196 340.146 -0.00873291 0.989546 0.143952 28.0607 -0.808325 0.0777611 -0.583577 -93.4766
-0.589508 -0.122829 0.798369 342.337 -0.0105058 0.989453 0.14447 28.4405 -0.807694 0.0767787 -0.584581 -95.0538
-0.593632 -0.124671 0.79502 344.493 -0.014001 0.989377 0.144695 28.819 -0.804614 0.0747643 -0.589072 -96.6139
-0.594547 -0.126069 0.794116 346.668 -0.0154121 0.989237 0.145506 29.2085 -0.803912 0.0742712 -0.590091 -98.2068
-0.597573 -0.128601 0.791434 348.851 -0.0171106 0.988875 0.147763 29.5898 -0.801631 0.0747576 -0.593126 -99.7971
-0.601658 -0.130685 0.78799 351.028 -0.0184787 0.988538 0.149836 29.9733 -0.798539 0.0755894 -0.597177 -101.401
-0.602304 -0.132007 0.787276 353.214 -0.0199528 0.988413 0.150468 30.3589 -0.798016 0.0749194 -0.597959 -103.03
-0.605251 -0.133909 0.78469 355.394 -0.021201 0.988111 0.15227 30.7563 -0.795751 0.0755253 -0.600895 -104.659
-0.609414 -0.136948 0.780935 357.537 -0.0236249 0.987669 0.154765 31.158 -0.792499 0.0758668 -0.605135 -106.276
-0.611311 -0.139778 0.778948 359.682 -0.0255336 0.98725 0.157118 31.5768 -0.790977 0.0761588 -0.607086 -107.92
-0.613856 -0.140768 0.776765 361.827 -0.0272589 0.987166 0.157355 31.9862 -0.788946 0.0754199 -0.609815 -109.568
-0.617754 -0.14112 0.773605 363.927 -0.0279206 0.987082 0.157766 32.403 -0.785875 0.0758611 -0.613714 -111.194
-0.618982 -0.143001 0.772277 366.057 -0.0284547 0.986722 0.159903 32.8228 -0.784889 0.0770024 -0.614832 -112.862
-0.623608 -0.143863 0.768386 368.152 -0.0286652 0.986468 0.16143 33.2393 -0.781211 0.0786429 -0.619293 -114.51
-0.623818 -0.146501 0.767716 370.267 -0.0312068 0.986161 0.162829 33.6553 -0.780945 0.0776177 -0.619757 -116.189
-0.625435 -0.150331 0.765657 372.377 -0.0406703 0.986212 0.160413 34.0551 -0.779215 0.0691883 -0.622925 -117.852
-0.629117 -0.147992 0.763092 374.437 -0.0480542 0.987235 0.151845 34.4891 -0.775823 0.0588584 -0.628199 -119.491
-0.629792 -0.14151 0.763764 376.507 -0.0428347 0.988096 0.147753 34.8309 -0.775581 0.0603384 -0.628357 -121.162
-0.63166 -0.140997 0.762316 378.564 -0.0366327 0.987652 0.152321 35.1864 -0.774379 0.068289 -0.629025 -122.835
-0.636094 -0.149116 0.757066 380.622 -0.0364168 0.985857 0.163582 35.6063 -0.770751 0.0764837 -0.632528 -124.536
-0.636081 -0.15908 0.755046 382.686 -0.0405705 0.984059 0.173152 36.0547 -0.770554 0.0795061 -0.632395 -126.209
-0.639885 -0.165448 0.750449 384.74 -0.0460926 0.983054 0.177427 36.5163 -0.767086 0.078943 -0.636668 -127.908
-0.641195 -0.166676 0.749058 386.787 -0.0485097 0.982978 0.177202 36.9778 -0.765842 0.0772845 -0.638366 -129.599
-0.644508 -0.162836 0.747056 388.825 -0.0449481 0.983438 0.175582 37.419 -0.763274 0.0795854 -0.641153 -131.314
-0.648387 -0.157281 0.744887 390.841 -0.0413593 0.984259 0.171823 37.8436 -0.760186 0.0805997 -0.644686 -133.04
-0.650099 -0.155881 0.743688 392.842 -0.0418475 0.984591 0.169794 38.2726 -0.758695 0.0792616 -0.646605 -134.758
-0.653018 -0.156433 0.74101 394.858 -0.0419436 0.984403 0.170852 38.7199 -0.756179 0.0804892 -0.649395 -136.498
-0.65714 -0.15811 0.736999 396.87 -0.0421175 0.983927 0.173531 39.1657 -0.75259 0.0829935 -0.653238 -138.246
-0.658747 -0.159283 0.73531 398.852 -0.0421122 0.983607 0.175342 39.6177 -0.751184 0.0845401 -0.654655 -139.989
-0.66015 -0.160059 0.733882 400.845 -0.042349 0.98341 0.176387 40.074 -0.749938 0.0853625 -0.655976 -141.749
-0.66381 -0.160501 0.730476 402.832 -0.0427807 0.983251 0.177165 40.5313 -0.746676 0.0863534 -0.659558 -143.513
-0.663979 -0.160578 0.730305 404.802 -0.0425659 0.983203 0.177484 40.9733 -0.746538 0.0867596 -0.659661 -145.28
-0.666869 -0.162247 0.727297 406.758 -0.0427529 0.982732 0.180029 41.4216 -0.743947 0.0889619 -0.66229 -147.035
-0.667053 -0.163876 0.726763 408.712 -0.0416508 0.982185 0.183241 41.8849 -0.743844 0.0919612 -0.661995 -148.798
-0.668836 -0.164408 0.725002 410.66 -0.0407887 0.981886 0.185032 42.3473 -0.742289 0.0941842 -0.663426 -150.567
-0.671553 -0.16508 0.722333 412.6 -0.042519 0.981845 0.184858 42.8116 -0.739735 0.0934292 -0.66638 -152.328
-0.67118 -0.165353 0.722618 414.551 -0.0460162 0.982219 0.182015 43.2818 -0.739864 0.0889127 -0.666854 -154.104
-0.672082 -0.169881 0.720726 416.514 -0.0521668 0.981772 0.182766 43.7446 -0.738636 0.0852359 -0.668693 -155.89
-0.674124 -0.172596 0.71817 418.467 -0.0532768 0.981145 0.185786 44.2189 -0.736694 0.086981 -0.670608 -157.684
-0.674428 -0.174168 0.717505 420.377 -0.0538682 0.980797 0.187445 44.7042 -0.736372 0.0877675 -0.670859 -159.442
-0.675299 -0.175328 0.716402 422.286 -0.0558451 0.980701 0.18737 45.1929 -0.735426 0.086523 -0.672057 -161.203
-0.677139 -0.177334 0.714168 424.192 -0.0577583 0.980342 0.188664 45.6656 -0.733584 0.0865027 -0.67407 -162.974
-0.676919 -0.180475 0.713589 426.111 -0.0581022 0.979551 0.192624 46.1339 -0.733759 0.0889297 -0.673563 -164.759
-0.678406 -0.183404 0.711426 428.015 -0.0579154 0.978677 0.197073 46.6224 -0.732399 0.0924934 -0.674563 -166.558
-0.677035 -0.184176 0.712532 429.93 -0.0519886 0.97773 0.203326 47.1336 -0.734111 0.100616 -0.671533 -168.35
-0.676358 -0.18569 0.712783 431.836 -0.047953 0.976749 0.208955 47.6525 -0.73501 0.107148 -0.669536 -170.142
-0.674932 -0.189442 0.713147 433.737 -0.0531682 0.976455 0.209068 48.1887 -0.735961 0.10319 -0.669113 -171.906
-0.671494 -0.19026 0.716168 435.685 -0.0610753 0.977398 0.202393 48.7248 -0.738488 0.0921656 -0.667937 -173.693
-0.668941 -0.193059 0.717806 437.613 -0.0654053 0.977224 0.201879 49.246 -0.740431 0.0880966 -0.666333 -175.459
-0.666986 -0.194621 0.719203 439.536 -0.0676126 0.977109 0.201708 49.7508 -0.741995 0.0859093 -0.664877 -177.226
-0.663714 -0.194013 0.722387 441.471 -0.0642874 0.976998 0.203328 50.2678 -0.745217 0.0885113 -0.66092 -178.987
-0.661139 -0.19308 0.724993 443.416 -0.062212 0.977099 0.203488 50.7909 -0.747678 0.0894303 -0.65801 -180.74
-0.660808 -0.193199 0.725263 445.352 -0.0641858 0.977309 0.201858 51.3048 -0.747804 0.086838 -0.658215 -182.479
-0.655922 -0.197346 0.728574 447.31 -0.0696393 0.976923 0.20192 51.8235 -0.751608 0.0817065 -0.654529 -184.222
-0.655696 -0.202334 0.727408 449.243 -0.0772684 0.976348 0.201927 52.3475 -0.751059 0.0761971 -0.655822 -185.928
-0.65316 -0.206767 0.728442 451.24 -0.0834934 0.975797 0.202114 52.8716 -0.752601 0.0711927 -0.654616 -187.68
-0.652299 -0.20914 0.728537 453.195 -0.0858467 0.97538 0.203138 53.3982 -0.753084 0.0699639 -0.654193 -189.413
-0.652847 -0.20987 0.727836 455.132 -0.0839556 0.97498 0.205828 53.9212 -0.752822 0.0732685 -0.654132 -191.152
-0.650324 -0.21224 0.729406 457.112 -0.0827863 0.97426 0.209676 54.4429 -0.755131 0.0759723 -0.651155 -192.895
-0.64908 -0.214279 0.729918 459.062 -0.0831451 0.973743 0.211922 54.9898 -0.756162 0.0768651 -0.649853 -194.614
-0.650211 -0.215554 0.728534 461.008 -0.0844206 0.973469 0.212679 55.5342 -0.755047 0.076783 -0.651158 -196.328
-0.645574 -0.218384 0.731808 462.959 -0.0864524 0.972981 0.21409 56.0833 -0.758787 0.0749442 -0.647011 -198.041
-0.643669 -0.218578 0.733426 464.943 -0.0868347 0.973016 0.213774 56.6171 -0.76036 0.0739128 -0.645281 -199.751
-0.64587 -0.219344 0.731259 466.912 -0.0852324 0.972567 0.216445 57.1556 -0.758673 0.0774686 -0.646848 -201.466
-0.642914 -0.219695 0.733754 468.884 -0.0822714 0.972247 0.219016 57.716 -0.761505 0.0804415 -0.643146 -203.182
-0.64471 -0.220828 0.731836 470.841 -0.0828892 0.971915 0.22025 58.2669 -0.759919 0.0813359 -0.644908 -204.908
-0.642021 -0.222139 0.7338 472.82 -0.0823899 0.971553 0.222028 58.8296 -0.762246 0.082089 -0.64206 -206.627
-0.640857 -0.22329 0.734468 474.797 -0.082292 0.971232 0.223466 59.3968 -0.763235 0.0827688 -0.640796 -208.327
-0.641074 -0.224875 0.733795 476.733 -0.0829731 0.970815 0.225021 59.9555 -0.762979 0.0833704 -0.641023 -209.989
-0.639301 -0.225087 0.735275 478.718 -0.0834897 0.970864 0.224615 60.539 -0.764409 0.0822085 -0.639467 -211.692
-0.638056 -0.2246 0.736505 480.697 -0.0837434 0.97108 0.223585 61.1056 -0.765421 0.0809822 -0.638413 -213.389
-0.638862 -0.224682 0.73578 482.658 -0.0829736 0.970947 0.224449 61.6651 -0.764832 0.082342 -0.638944 -215.064
-0.637334 -0.226873 0.736433 484.63 -0.08355 0.970388 0.22664 62.242 -0.766043 0.0829168 -0.637417 -216.762
-0.636917 -0.228914 0.736162 486.608 -0.0859735 0.970033 0.227254 62.799 -0.766122 0.0814519 -0.637512 -218.439
-0.637922 -0.229951 0.734968 488.546 -0.0860788 0.96969 0.228675 63.3838 -0.765274 0.0826117 -0.63838 -220.094
-0.636982 -0.229727 0.735852 490.519 -0.0854487 0.969723 0.228771 63.9699 -0.766126 0.0828458 -0.637327 -221.785
-0.638889 -0.229613 0.734233 492.47 -0.0850715 0.969652 0.22921 64.5497 -0.764579 0.0839774 -0.639034 -223.446
-0.638926 -0.232247 0.733372 494.451 -0.0865828 0.968991 0.231432 65.144 -0.764378 0.0843704 -0.639223 -225.165
-0.638897 -0.234218 0.73277 496.43 -0.0872959 0.968446 0.233435 65.7384 -0.764322 0.0851729 -0.639184 -226.838
-0.63972 -0.234802 0.731864 498.368 -0.0876559 0.96827 0.234028 66.3188 -0.763591 0.0855605 -0.640004 -228.496
-0.639563 -0.234637 0.732055 500.352 -0.0879867 0.968366 0.233509 66.9239 -0.763685 0.0849329 -0.639976 -230.2
-0.639982 -0.235539 0.731399 502.334 -0.0884346 0.968112 0.234389 67.5302 -0.763283 0.0853237 -0.640404 -231.905
-0.640602 -0.235913 0.730735 504.259 -0.0884565 0.967972 0.234958 68.1151 -0.762759 0.0858764 -0.640954 -233.578
-0.63931 -0.236734 0.7316 506.242 -0.0880563 0.96771 0.236187 68.7319 -0.763889 0.0865747 -0.639513 -235.283
-0.640387 -0.237663 0.730357 508.19 -0.0888502 0.96746 0.236913 69.3314 -0.762894 0.0868236 -0.640665 -236.975
-0.639207 -0.238937 0.730974 510.146 -0.0899618 0.967215 0.237491 69.9301 -0.763753 0.0860459 -0.639746 -238.662
-0.638343 -0.241349 0.730937 512.106 -0.0917452 0.966661 0.239059 70.5297 -0.764263 0.0855422 -0.639205 -240.351
-0.638177 -0.243395 0.730403 514.021 -0.0922764 0.966054 0.241297 71.1243 -0.764338 0.0865912 -0.638974 -241.987
-0.636323 -0.244372 0.731693 515.981 -0.0916075 0.965724 0.242867 71.7421 -0.765962 0.0875138 -0.6369 -243.679
-0.636068 -0.244937 0.731726 517.943 -0.0920533 0.965597 0.243204 72.359 -0.766121 0.0873364 -0.636733 -245.365
-0.637114 -0.244874 0.730837 519.865 -0.0917342 0.965542 0.243545 72.9658 -0.76529 0.0881229 -0.637623 -247.012
-0.636095 -0.245151 0.731631 521.839 -0.0914421 0.965455 0.243998 73.5948 -0.766172 0.0883043 -0.636539 -248.72
-0.636059 -0.246636 0.731163 523.797 -0.0911835 0.964929 0.246167 74.2344 -0.766232 0.0899065 -0.636241 -250.4
-0.63701 -0.247926 0.729898 525.712 -0.0929714 0.964666 0.24653 74.8467 -0.765227 0.0891826 -0.637552 -252.042
-0.636024 -0.249754 0.730134 527.723 -0.0957905 0.964411 0.246448 75.4846 -0.765699 0.086807 -0.637313 -253.745
-0.636154 -0.249824 0.729997 529.658 -0.0953874 0.964336 0.246896 76.1151 -0.765641 0.0874316 -0.637297 -255.415
-0.636712 -0.251566 0.728912 531.588 -0.0965615 0.963858 0.248304 76.7359 -0.76503 0.0877132 -0.637991 -257.076
-0.636006 -0.252646 0.729154 533.558 -0.0966774 0.96353 0.249527 77.3797 -0.765603 0.0882082 -0.637236 -258.774
-0.636933 -0.252892 0.728259 535.492 -0.0987593 0.963647 0.248256 78.0046 -0.764566 0.0862003 -0.638754 -260.429
-0.636143 -0.251102 0.729568 537.456 -0.0979034 0.964189 0.246487 78.6433 -0.765333 0.0853736 -0.637946 -262.117
-0.636613 -0.252458 0.72869 539.411 -0.0978203 0.963701 0.248418 79.2788 -0.764953 0.0868657 -0.6382 -263.796
-0.638523 -0.254558 0.726284 541.339 -0.0985199 0.962985 0.250905 79.9055 -0.763269 0.0886554 -0.639967 -265.485
-0.637443 -0.256049 0.726708 543.294 -0.0978983 0.962439 0.253234 80.5527 -0.764251 0.0902788 -0.638567 -267.163
-0.637583 -0.256658 0.72637 545.267 -0.0980676 0.962241 0.25392 81.2021 -0.764112 0.0906622 -0.638679 -268.862
-0.639098 -0.256934 0.72494 547.199 -0.0986375 0.962149 0.254048 81.8511 -0.762773 0.0908552 -0.640251 -270.547
-0.637955 -0.256513 0.726095 549.145 -0.0971889 0.962171 0.254522 82.5033 -0.763914 0.0918051 -0.638752 -272.235
-0.638806 -0.256735 0.725268 551.061 -0.0966029 0.961986 0.255443 83.1473 -0.763277 0.0931158 -0.639324 -273.886
-0.637848 -0.258832 0.725365 553.044 -0.0970641 0.961342 0.257682 83.8127 -0.764019 0.0939551 -0.638314 -275.609
-0.637605 -0.26028 0.725061 555 -0.0975013 0.960891 0.259196 84.4813 -0.764167 0.0945702 -0.638046 -277.29
-0.639166 -0.261227 0.723344 556.939 -0.0976592 0.960501 0.260578 85.1521 -0.762841 0.0959119 -0.639431 -278.974
-0.637127 -0.262587 0.724649 558.889 -0.0973104 0.960059 0.262333 85.8222 -0.76459 0.0966236 -0.637232 -280.677
-0.637123 -0.263698 0.724249 560.825 -0.0975254 0.959683 0.263625 86.4648 -0.764565 0.0973294 -0.637154 -282.37
-0.636873 -0.265673 0.723747 562.731 -0.099119 0.959176 0.264872 87.1397 -0.764569 0.0969527 -0.637207 -284.008
-0.635427 -0.267168 0.724468 564.701 -0.0999114 0.958795 0.265951 87.8309 -0.765669 0.0966099 -0.635937 -285.706
-0.63502 -0.266678 0.725005 566.581 -0.0998627 0.958987 0.265276 88.4909 -0.766013 0.0960544 -0.635607 -287.34
-0.634185 -0.265722 0.726086 568.548 -0.0981091 0.959155 0.265325 89.1792 -0.76693 0.09703 -0.634352 -289.048
-0.634132 -0.265945 0.72605 570.517 -0.0977932 0.959035 0.265873 89.8651 -0.767014 0.0975959 -0.634163 -290.739
-0.635119 -0.267951 0.724448 572.418 -0.0980158 0.958278 0.268508 90.5323 -0.766169 0.0995273 -0.634885 -292.388
-0.633792 -0.268631 0.725358 574.384 -0.0968915 0.957943 0.270107 91.2156 -0.76741 0.10091 -0.633165 -294.068
-0.63377 -0.268701 0.725352 576.266 -0.0967836 0.957904 0.270284 91.8871 -0.767442 0.101096 -0.633097 -295.7
-0.631973 -0.269287 0.726701 578.218 -0.0970754 0.957812 0.270505 92.5817 -0.768885 0.100407 -0.631453 -297.38
-0.631222 -0.269838 0.727149 580.179 -0.097144 0.957652 0.271047 93.2729 -0.769493 0.100453 -0.630705 -299.044
-0.630934 -0.271342 0.726839 582.121 -0.097144 0.957103 0.272978 93.9675 -0.76973 0.101623 -0.630228 -300.716
-0.631361 -0.27232 0.726103 583.997 -0.097605 0.956775 0.273962 94.6445 -0.769321 0.102098 -0.63065 -302.338
-0.63073 -0.273829 0.726084 586.024 -0.099394 0.956473 0.274374 95.3797 -0.769609 0.100888 -0.630493 -304.078
-0.63126 -0.275269 0.725077 587.956 -0.100871 0.956094 0.275153 96.0809 -0.768982 0.100554 -0.631311 -305.727
-0.630894 -0.275305 0.725382 589.923 -0.100919 0.956105 0.275097 96.798 -0.769276 0.100352 -0.630985 -307.421
-0.630901 -0.275847 0.72517 591.86 -0.0998328 0.955756 0.276705 97.4937 -0.769412 0.102178 -0.630526 -309.084
-0.631919 -0.277552 0.723631 593.771 -0.0998171 0.955047 0.279146 98.1996 -0.768578 0.104167 -0.631217 -310.718
-0.631055 -0.27836 0.724075 595.73 -0.0997006 0.954764 0.280152 98.9202 -0.769303 0.104601 -0.630262 -312.402
-0.631061 -0.278261 0.724108 597.665 -0.10012 0.954859 0.279679 99.634 -0.769243 0.103997 -0.630434 -314.06
-0.63178 -0.277549 0.723754 599.549 -0.100215 0.955109 0.27879 100.336 -0.768641 0.103603 -0.631234 -315.677
-0.630636 -0.277083 0.72493 601.492 -0.100069 0.955328 0.278093 101.05 -0.769599 0.102833 -0.630191 -317.336
-0.630617 -0.276981 0.724985 603.365 -0.099435 0.955283 0.278474 101.737 -0.769697 0.103521 -0.629959 -318.946
-0.630216 -0.278251 0.724847 605.346 -0.0987758 0.954725 0.280614 102.462 -0.770109 0.10525 -0.629168 -320.634
-0.630445 -0.279614 0.724124 607.29 -0.0985691 0.954154 0.282621 103.193 -0.769949 0.106801 -0.629103 -322.308
-0.63068 -0.280128 0.723721 609.182 -0.0991799 0.954026 0.282841 103.903 -0.769678 0.106604 -0.629468 -323.931
-0.630494 -0.280104 0.723891 611.142 -0.0989908 0.954019 0.282931 104.648 -0.769854 0.106728 -0.629231 -325.627
-0.629737 -0.280688 0.724324 613.074 -0.0990875 0.953845 0.283483 105.376 -0.770461 0.106749 -0.628484 -327.268
-0.629628 -0.281278 0.724189 614.994 -0.099793 0.953717 0.283665 106.088 -0.770459 0.106335 -0.628557 -328.914
-0.628658 -0.282223 0.724665 616.946 -0.099078 0.9533 0.285314 106.825 -0.771343 0.107567 -0.627261 -330.593
-0.627928 -0.282969 0.725006 618.874 -0.0988756 0.953017 0.286325 107.556 -0.771963 0.108106 -0.626406 -332.236
-0.627857 -0.284009 0.724661 620.776 -0.0991643 0.95265 0.287445 108.283 -0.771984 0.108614 -0.626292 -333.857
-0.627563 -0.284408 0.724759 622.769 -0.0986462 0.952435 0.288335 109.04 -0.77229 0.109453 -0.625769 -335.557
-0.627376 -0.284718 0.724799 624.663 -0.0982689 0.952268 0.289013 109.775 -0.77249 0.110095 -0.625409 -337.17
-0.626746 -0.285875 0.724889 626.63 -0.0975067 0.951733 0.291029 110.528 -0.773097 0.11172 -0.624369 -338.85
-0.626719 -0.286204 0.724783 628.576 -0.0969481 0.951521 0.291908 111.276 -0.77319 0.112678 -0.624083 -340.502
-0.626763 -0.285888 0.724869 630.493 -0.0970827 0.951665 0.291392 112 -0.773136 0.112262 -0.624224 -342.12
-0.626156 -0.284583 0.725906 632.457 -0.0955108 0.951995 0.290832 112.748 -0.773824 0.112775 -0.623279 -343.798
-0.626103 -0.286041 0.725379 634.396 -0.0948609 0.951316 0.293257 113.502 -0.773947 0.114799 -0.622756 -345.442
-0.625807 -0.28685 0.725315 636.29 -0.0937738 0.950844 0.295134 114.236 -0.774319 0.116681 -0.621944 -347.048
-0.625064 -0.287545 0.72568 638.263 -0.0929141 0.950476 0.296586 115.005 -0.775022 0.11796 -0.620826 -348.712
-0.625235 -0.288395 0.725195 640.152 -0.0929145 0.950117 0.297734 115.755 -0.774884 0.118773 -0.620843 -350.311
-0.624061 -0.288784 0.726051 642.131 -0.0923388 0.949943 0.298468 116.528 -0.775898 0.11922 -0.619489 -351.969
-0.624221 -0.289232 0.725736 644.056 -0.0919855 0.949694 0.299368 117.287 -0.775812 0.120115 -0.619424 -353.606
-0.624757 -0.28905 0.725347 645.987 -0.0918292 0.94971 0.299364 118.042 -0.775399 0.120421 -0.619881 -355.223
-0.624145 -0.289027 0.725882 647.969 -0.0916828 0.949736 0.299326 118.819 -0.775909 0.120272 -0.619272 -356.882
