0.999835 -0.000785171 -0.0181866 0.185817 0.000834732 0.999997 0.00271058 -0.0260473 0.0181849 -0.0027255 0.999831 0.908975
1 -0.00131183 -0.00172527 0.0123873 0.00131195 1 0.00052643 -0.0271508 0.00172732 -0.000528295 1.00001 1.39102
0.999997 -0.0011567 0.000428442 -0.00782426 0.00115821 0.999996 -0.00193402 -0.0110914 -0.000428665 0.0019342 0.999993 1.36003
1 2.78502e-05 -0.000332406 -0.00202392 -2.84866e-05 1 0.000175877 -0.0189417 0.000334918 -0.000175571 1.00001 1.36189
0.999998 -0.00056382 -0.00121818 0.0109863 0.00056599 0.999999 0.00134764 -0.0291507 0.00121502 -0.00134856 0.999994 1.32388
0.999998 -0.00245266 -0.00146378 0.046421 0.00245348 0.999997 0.000957661 -0.0201173 0.00146385 -0.000960994 1 1.3678
0.999998 0.000442907 -0.00151825 0.018388 -0.000442271 0.999999 8.37358e-05 -0.0150111 0.00151585 -8.33086e-05 0.999995 1.37332
0.999999 0.00100782 -0.00157403 0.0188148 -0.0010115 0.999998 -0.00200208 -0.0181732 0.00157443 0.00200392 1 1.37339
0.999995 0.00232101 -0.00197382 0.0252521 -0.0023249 0.999995 -0.00224009 -0.021982 0.00196621 0.0022444 0.999991 1.39007
0.999995 0.00364586 0.00127223 -0.038983 -0.00364494 0.999994 -0.0012077 -0.016904 -0.00127418 0.00120334 1 1.34119
0.999994 0.00259863 0.000562791 -0.0181652 -0.00259798 0.999996 -7.28626e-05 -0.0198073 -0.000565434 7.11344e-05 0.999994 1.39207
1 0.000829202 0.0010003 -0.0259253 -0.000830964 1 0.00115293 -0.0208765 -0.000996904 -0.00115352 1 1.36257
0.999995 -0.00216201 0.00147616 -0.0271704 0.00215818 0.999992 0.0030284 -0.0243681 -0.00148516 -0.00302539 0.999989 1.37713
0.999987 -0.00495394 0.00237958 -0.0323138 0.00494726 0.999986 0.00251887 -0.0227774 -0.00238957 -0.00250693 0.999999 1.35126
0.999993 -0.00296203 0.000899629 -0.013544 0.00296391 0.999994 -0.00135652 -0.0362399 -0.000897958 0.0013591 0.999994 1.38012
1 -0.00126622 0.000303035 -0.0077307 0.00126581 1 -0.000734199 -0.0358136 -0.000299716 0.000734724 1 1.32086
0.999994 0.00248945 0.00182796 -0.0276731 -0.00248727 0.999996 -0.0008408 -0.0350558 -0.00183249 0.000836098 0.999994 1.38861
0.999994 0.00329811 0.00177018 -0.0250254 -0.00330316 0.999992 0.00250059 -0.0316582 -0.00175952 -0.0025063 1 1.40319
0.999998 0.000761147 0.00131361 -0.018783 -0.000766365 0.999989 0.00450341 -0.0367411 -0.00131261 -0.00450459 0.999985 1.43779
0.999995 -0.00249179 0.00215189 -0.0278995 0.00248658 0.999995 0.00207294 -0.0253996 -0.00215463 -0.0020674 0.999999 1.38024
0.99999 -0.00446678 0.00032616 -0.00833167 0.00446803 0.99999 -0.000969795 -0.0356301 -0.000324111 0.000971016 0.999997 1.41362
1 -0.00067286 0.000902022 -0.0241566 0.000673217 0.999999 -0.00142325 -0.0360463 -0.000898684 0.00142408 1 1.39231
0.999995 -0.00114512 0.0030961 -0.0431475 0.00115325 0.999997 -0.0023402 -0.0247609 -0.00309574 0.00234354 0.999989 1.38107
0.999992 0.00341473 0.00232088 -0.026326 -0.00341215 0.999995 -0.00143366 -0.0188922 -0.00232327 0.00142586 1 1.39611
0.999997 0.00169226 0.00133404 -0.034129 -0.00168885 0.999995 -0.00198391 -0.0200156 -0.00133992 0.00198148 0.999992 1.39374
0.999999 0.000916007 0.00185331 -0.0312372 -0.000916646 1 -4.98679e-05 -0.0164125 -0.00185079 4.83529e-05 1 1.41191
0.999998 0.000560801 0.00112448 -0.0298699 -0.000560712 0.999997 0.000501404 -0.00962461 -0.00112681 -0.000502166 0.999994 1.42504
1 0.00115072 0.000154194 -0.0116711 -0.00115158 1 0.000735281 -0.0132139 -0.000150771 -0.000735286 1.00001 1.43194
0.999996 0.00245696 -0.000215805 -0.00506901 -0.00245625 0.999995 0.000327265 -0.0217943 0.00021409 -0.000326884 0.999994 1.46018
0.999998 0.00243261 0.000480283 -0.0131108 -0.00243303 0.999999 -0.000579436 -0.0206649 -0.000479092 0.000578354 1.00001 1.44983
0.999997 0.00183709 -0.000574067 0.00110335 -0.0018364 0.999997 -4.01679e-05 -0.0196322 0.00057144 4.10994e-05 0.999994 1.48723
1 0.000669647 1.62654e-05 -0.00941333 -0.000670412 1 -0.000222213 -0.0210041 -1.3858e-05 0.000222363 1.00001 1.45066
0.999998 -0.00103978 -0.00105056 0.0102248 0.00104012 0.999997 -0.00046975 -0.0211121 0.00104844 0.000468456 0.999994 1.45481
1 6.88842e-05 -0.000757601 0.000957732 -6.95378e-05 1 0.000133974 -0.0290249 0.000760367 -0.00013374 1.00001 1.43302
0.999999 -0.000474648 -0.000146753 -0.0267946 0.000475465 0.999998 0.000655643 -0.0270406 0.000143582 -0.00065575 0.999994 1.41404
0.999999 -0.000342827 -0.00133017 -8.23984e-05 0.000344351 1 0.00151686 -0.026623 0.00133266 -0.00151723 1.00001 1.47932
0.999999 5.84426e-05 -0.00163378 0.0107764 -5.893e-05 0.999999 -0.000530419 -0.0235259 0.00163072 0.000530427 0.999992 1.47505
0.999999 0.000725182 -0.00165665 -0.00019883 -0.000726232 1 -0.000412303 -0.0106673 0.00165938 0.000413615 1.00001 1.46365
0.999999 0.000303769 -0.00092924 -0.0126006 -0.000302847 0.999999 0.000563609 -0.0221731 0.000926427 -0.000563444 0.999992 1.43038
1 -0.000955318 -0.000438335 -0.00522495 0.000955338 0.999999 0.00107115 -0.0276375 0.00044037 -0.0010714 1.00001 1.47218
0.999999 -0.00140124 0.000183225 -0.00748152 0.00140168 0.999999 0.000346182 -0.028381 -0.000186756 -0.000346124 0.999992 1.46221
0.999997 -0.0023123 -0.000148441 -0.014471 0.00231166 0.999997 -0.000419884 -0.0242131 0.000152483 0.000419723 1.00001 1.44997
0.999997 -0.00109472 0.0024418 -0.0346397 0.00109405 0.999999 0.000474261 -0.0275176 -0.00244532 -0.000471745 0.999989 1.44655
0.999998 -0.00101952 0.00119352 -0.0189836 0.00101685 0.999997 0.00184148 -0.0310471 -0.00119239 -0.00184018 1.00001 1.44105
0.999997 -0.00239542 0.00114763 -0.0171394 0.00239345 0.999995 0.00217671 -0.0383591 -0.00115591 -0.00217408 0.999989 1.44754
0.999997 -0.0023117 -0.000345485 0.023397 0.00231092 0.999999 -0.000398447 -0.0325837 0.000349259 0.000397635 1.00001 1.43018
0.999997 -0.00184612 -2.77816e-05 0.00130244 0.0018467 0.999997 -0.00127327 -0.0195208 2.70725e-05 0.00127326 0.999994 1.45016
1 0.000347675 0.000664075 -0.00642034 -0.000347788 1 -0.000558047 -0.0241929 -0.000661249 0.000557839 1.00001 1.42766
0.999999 0.000571723 0.000490045 0.000252184 -0.000571052 0.999999 -0.000224357 -0.0227779 -0.000493374 0.000224079 0.999995 1.46258
0.999991 0.00383698 0.00252585 -0.03451 -0.00384205 0.999993 0.00176253 -0.0372143 -0.00251599 -0.00177221 1 1.37519
0.999992 0.00350227 0.000541762 -0.00101272 -0.00350242 0.999994 0.00112488 -0.0230396 -0.000541576 -0.0011269 0.999994 1.50702
0.999989 0.00496273 0.000656297 -0.00626623 -0.00496261 0.999986 -0.000949055 -0.0110683 -0.000657381 0.000945879 1 1.43728
0.999982 0.00498364 0.00252746 -0.0708926 -0.00497769 0.999986 -0.00208678 0.00781986 -0.00254177 0.00207414 0.999992 1.46228
0.999996 0.00311777 0.000881091 -0.0222924 -0.0031172 0.999994 -0.00138872 -0.0109173 -0.000881537 0.00138607 1 1.42685
0.999996 0.00176088 0.000239943 0.0133324 -0.00176009 0.999998 0.000479257 -0.0431693 -0.0002431 -0.000479724 0.999999 1.42271
1 0.000394877 0.00186398 -0.0339745 -0.00039367 1 -0.00107492 -0.00730232 -0.00186089 0.0010743 1 1.47666
0.999996 -0.0013794 -0.0013242 0.0351777 0.00138037 1 -5.6158e-05 -0.0387658 0.00132039 5.42654e-05 0.999997 1.38382
1 -0.00114527 -0.000334417 -0.00200315 0.00114376 0.999993 -0.00225162 -0.00624825 0.000340644 0.00225133 1 1.38094
0.999999 0.000229675 0.00149257 -0.0457404 -0.000226017 1 -0.00185172 0.00305094 -0.00149683 0.00185133 0.999995 1.42169
0.999992 -0.00371592 -0.00264252 0.0549121 0.00372224 0.999991 0.0026585 -0.063415 0.00263587 -0.0026681 0.999999 1.27197
0.999999 0.000681679 -0.00041828 -0.0146416 -0.000681536 0.999997 -0.00180062 -0.0077015 0.000413127 0.00180073 0.999994 1.44494
1 -0.000593768 0.000762439 -0.0387695 0.000593476 1 -0.00066809 -0.00966434 -0.000758267 0.000668763 1 1.42405
0.999997 -9.92573e-05 0.002606 -0.093552 0.000103572 0.999999 -0.001337 0.0187237 -0.00260981 0.00133684 0.999994 1.43959
0.999998 -0.00222221 -0.00195689 0.0345297 0.00222567 0.999999 0.0020497 -0.0546555 0.00195593 -0.00205354 0.999999 1.35898
0.999997 -0.00195921 -0.000109565 -0.0521219 0.00196002 0.999993 -0.00212515 0.021773 0.000109468 0.00212451 0.999995 1.461
1 -0.0015323 0.000163582 -0.0121738 0.00153142 1 -0.000770582 -0.0168032 -0.000158188 0.000771216 1 1.36382
0.999998 -0.0010773 0.00222235 -0.0678381 0.00108259 0.999993 -0.00186899 -0.00105403 -0.00222463 0.00187094 0.999996 1.37169
0.999995 -0.00195989 -0.00349016 0.0767318 0.00195922 1 7.14084e-05 -0.0441303 0.00349382 -7.79042e-05 0.999999 1.40729
0.999997 0.000455914 0.00106092 -0.0365055 -0.000453305 0.999994 -0.00145036 -0.00612817 -0.00106579 0.0014495 0.999996 1.45581
0.999995 0.000222472 0.00398783 -0.0902212 -0.000212846 1 -0.00262667 0.0116306 -0.00398421 0.00262622 0.999991 1.40617
0.999996 0.000887691 -0.000432285 0.01908 -0.00088638 0.999994 0.00078549 -0.0583774 0.000428807 -0.000785529 0.999998 1.35044
0.999999 0.00234962 0.00249628 -0.0609098 -0.00234773 1 -0.00101749 0.00107615 -0.00249452 0.00101206 1 1.373
0.999993 -0.00115648 -0.00183184 0.0351168 0.00116047 0.999993 0.00180349 -0.0330091 0.00182558 -0.00180596 0.999993 1.36702
0.999982 0.00143089 -0.00711724 0.10012 -0.00140107 0.999996 0.00425861 -0.0747169 0.00712715 -0.00424809 0.999973 1.29593
0.999991 -0.000335172 -0.00145888 -0.00527549 0.000332752 0.999993 -0.00202564 -0.0139677 0.00145572 0.00202474 0.999991 1.37369
1.00001 -0.00187666 -0.00225342 0.0350249 0.00187093 1 -0.00234457 -0.0338772 0.00226171 0.00234077 1 1.32699
0.999989 0.00129321 0.000897921 -0.0438336 -0.00129047 0.999992 -0.00243329 0.00329068 -0.000904965 0.0024318 0.999988 1.33303
1 -0.00418227 -0.00156766 0.0127802 0.00418409 0.999999 0.00142227 -0.0279435 0.0015656 -0.00142842 1.00001 1.34622
0.999984 -0.000544132 0.00251345 -0.0403476 0.000543184 0.999991 0.00061012 -0.00242228 -0.00251773 -0.000609096 0.999988 1.4044
1.00001 -0.000637662 0.0015528 -0.0207134 0.000637709 1.00001 -0.000344081 -0.00921145 -0.00154866 0.000345437 1.00001 1.37287
0.999987 -0.000990604 0.000252236 0.0188378 0.000991756 0.999988 -0.00251364 -0.0175437 -0.000253796 0.00251353 0.999988 1.33144
1.00001 0.000666482 0.00141414 -0.0116783 -0.000666668 1.00001 -0.000137931 -0.0637183 -0.00141025 0.000137269 1.00001 1.36221
0.999978 0.00385623 0.0025411 -0.0402269 -0.00384753 0.999973 -0.00321073 -0.00110067 -0.00255755 0.00320057 0.999974 1.38435
1 0.00291689 0.00279594 -0.0210936 -0.00291808 1.00001 0.000224792 -0.0263885 -0.00279135 -0.000232635 1.00001 1.32234
0.999987 0.00150236 0.00186539 -0.00394918 -0.00150701 0.999982 0.00274381 -0.0380478 -0.00186521 -0.00274692 0.999977 1.33543
1.00001 -0.000113921 0.000841732 0.00682528 0.000111481 1.00001 0.00243947 -0.0294138 -0.000838109 -0.00243905 1.00001 1.3718
0.999989 -0.000171176 0.00187574 -0.0365372 0.000171434 0.999989 2.33255e-05 -0.0160038 -0.00187982 -2.33136e-05 0.999983 1.33606
1 0.00143032 0.00292958 -0.0324047 -0.00142295 1.00001 -0.00261478 0.00642329 -0.00292936 0.00261088 1.00001 1.35575
0.999983 0.00300189 0.00211336 -0.0244782 -0.00299674 0.99998 -0.00230551 0.000171122 -0.00212413 0.00229891 0.999978 1.36608
1 0.00259266 0.00318376 -0.0530274 -0.00258544 1.00001 -0.00232995 0.00758302 -0.00318603 0.00232193 1.00001 1.37285
0.999986 0.00138259 0.00133192 0.0364434 -0.00138171 0.999985 -0.000435517 -0.0469717 -0.00133653 0.0004334 0.999979 1.27422
1.00001 0.000266718 0.00136702 0.000372797 -0.000266732 1.00001 -0.000298584 -0.028725 -0.00136359 0.000298402 1.00002 1.35382
0.999986 -0.00119172 0.00115102 0.023472 0.00119113 0.999985 0.00075196 -0.0468859 -0.00115561 -0.000750852 0.99998 1.32226
1.00001 -0.000342228 0.0011073 -0.0130109 0.000340768 1.00001 0.000949415 -0.0182837 -0.00110408 -0.000948733 1.00002 1.349
0.999983 -0.0013471 0.00231371 -0.0213468 0.00134723 0.999987 0.00013617 -0.0133202 -0.00231752 -0.00013334 0.999979 1.35969
1.00001 -0.00118943 0.000532478 -0.00415669 0.00118903 1.00001 -2.31204e-05 -0.0187936 -0.000528856 2.40061e-05 1.00002 1.3484
0.999984 -0.00234492 0.000410456 -0.00636094 0.00234531 0.999985 4.56698e-05 -0.0220265 -0.00041421 -4.49323e-05 0.999981 1.35204
1.00001 -0.00186193 -0.000136681 0.000625662 0.00186168 1.00001 0.00118938 -0.0307825 0.000138077 -0.00118941 1.00002 1.37956
0.999986 -0.00167344 -7.33191e-05 -0.0209792 0.00167389 0.999986 -0.000462589 -0.0185495 7.03715e-05 0.000462274 0.999982 1.41289
1.00001 -0.0014357 -0.000183376 -0.0203714 0.00143509 1.00001 -0.000198313 -0.0236607 0.000187242 0.000198188 1.00002 1.36179
0.999986 -0.000721551 0.000256839 -0.0310698 0.00072187 0.999988 0.00105754 -0.0253342 -0.000261179 -0.00105748 0.999982 1.38062
1.00001 -0.00181889 -2.91216e-05 -0.0234162 0.00181827 1.00001 -0.000271582 -0.0184962 3.31687e-05 0.00027163 1.00002 1.3835
0.999986 -0.000289317 0.000391743 -0.0361486 0.000290187 0.999988 -0.000391568 -0.0206739 -0.000395189 0.000391621 0.999983 1.36775
1.00001 -9.26194e-05 0.000623421 -0.0344984 9.23888e-05 1.00001 -0.000778608 -0.0213757 -0.000619811 0.000778759 1.00002 1.38722
0.999986 -0.000202915 0.00141862 -0.0477283 0.000204408 0.999989 -0.00046914 -0.01976 -0.00142211 0.000469351 0.999982 1.38056
1.00001 -0.00216493 0.00120679 -0.0401929 0.00216782 1 -0.0031649 -0.0154546 -0.00119625 0.0031677 1.00001 1.38781
0.999975 -0.0049788 0.000579018 -0.0327899 0.00498024 0.999978 -0.000934978 -0.0097513 -0.000578072 0.000937625 0.999982 1.38769
0.999977 -0.00825931 -0.00158024 0.0132464 0.0082614 0.999974 0.00192853 -0.0212482 0.00156803 -0.00194124 1.00001 1.3198
0.999971 -0.00583739 0.000632223 -0.0374829 0.00583799 0.999973 0.000413508 -0.00830167 -0.000638214 -0.000410203 0.999983 1.37746
1.00001 -0.00326998 0.000191198 -0.0173567 0.00326983 0.999997 -0.00369967 -0.0179061 -0.000175489 0.00370061 1.00001 1.38413
0.999988 0.00104137 0.000803267 -0.0140311 -0.00103795 0.999986 -0.00326007 -0.0270701 -0.000810099 0.00325892 0.999979 1.34231
1.00001 0.00354356 0.000824342 0.00383637 -0.00354323 1 -0.00124621 -0.0394491 -0.000825306 0.00124354 1.00001 1.38757
0.999988 0.000149653 0.0010496 -0.00834915 -0.000149315 0.999992 0.000319058 -0.0255646 -0.00105301 -0.000319465 0.999984 1.3864
1 -0.00334129 0.00185654 -0.0322294 0.00333412 0.999996 0.00345421 -0.0223568 -0.00186456 -0.00344771 1.00001 1.30953
0.99997 -0.00602727 0.00110401 -0.00158444 0.00602449 0.999969 0.00308755 -0.0262171 -0.00112604 -0.00308117 0.99998 1.40303
1 -0.00334114 0.00113166 -0.0117148 0.00333891 1 0.00135551 -0.028414 -0.00113276 -0.00135135 1.00001 1.36405
0.999985 -0.00171617 0.00245601 -0.0517002 0.00171836 0.999991 -0.000676477 -0.0110617 -0.00245825 0.000680307 0.999983 1.36099
1 0.00238761 0.00302622 -0.0374622 -0.00238748 1 -0.000177612 -0.0140072 -0.00302322 0.000170703 1.00001 1.38751
0.999976 0.00437795 0.00209971 -0.023142 -0.00437773 0.999984 8.0676e-05 -0.038395 -0.00210276 -9.02345e-05 0.999982 1.38794
1 0.00369141 0.0018521 -0.0161032 -0.00368719 0.999998 -0.00245896 -0.0259273 -0.0018577 0.00245247 1.00001 1.37398
0.999984 0.00242921 0.000227183 -0.0245105 -0.00242892 0.999989 0.000381513 -0.0240175 -0.000229698 -0.000382502 0.999984 1.3579
1 0.00199101 0.00392541 -0.0590721 -0.00199257 1.00001 0.00032299 -0.00940629 -0.00392141 -0.000330442 1.00001 1.37287
0.999985 0.00169079 0.000573728 -0.0307902 -0.0016901 0.99999 -0.000806512 -0.00809066 -0.000578407 0.000805158 0.999983 1.37789
1.00001 0.00260783 0.000725582 -0.0251845 -0.00260606 1 -0.00264498 -0.0237861 -0.000729221 0.00264351 1.00001 1.39311
0.999983 0.00223014 -0.000992702 -0.0143626 -0.00223191 0.999987 -0.00192453 -0.0304937 0.000985142 0.00192634 0.999981 1.36947
1 0.00520845 -0.000179889 -0.0151054 -0.00520876 0.999994 -0.00134229 -0.0209642 0.000176076 0.00134367 1.00002 1.42484
0.999967 0.00556192 0.000712631 -0.0334107 -0.00556281 0.999974 0.00144031 -0.018829 -0.000707852 -0.00144477 0.999982 1.37301
1.00001 0.00311967 -0.000418584 0.00876431 -0.00311851 1 0.00256123 -0.0306726 0.000429664 -0.00255931 1.00001 1.43244
0.999979 0.000900696 0.00300843 -0.052171 -0.000903806 0.99999 0.000989535 -0.00801026 -0.00301065 -0.000992842 0.99998 1.37528
1.00001 -0.0028114 -0.00064481 -0.00426529 0.00281168 1.00001 0.000251586 -0.0131288 0.000647215 -0.000252883 1.00002 1.40106
0.999979 -0.00257881 -0.00192006 0.000229455 0.00258211 0.999987 0.00172486 -0.04034 0.00191246 -0.00173044 0.999983 1.42079
1.00002 0.000268492 0.000114034 -0.0253229 -0.000268016 0.999999 -0.00437912 -0.0265391 -0.000112064 0.00437968 1 1.4265
0.999982 0.00205275 0.000306687 -0.036236 -0.0020513 0.999978 -0.00456319 -0.0199163 -0.000319263 0.00456194 0.999975 1.39454
1.00001 0.00420524 0.000526381 -0.0201444 -0.00420512 1 -0.000289714 -0.0200303 -0.000524522 0.000288099 1.00002 1.41428
0.999981 0.00247214 -0.000579849 -0.00283756 -0.00247163 0.999986 0.00110922 -0.0227276 0.000579505 -0.00110841 0.999984 1.38993
1.00001 0.00202873 0.000870119 -0.0174248 -0.00203182 1 0.00373028 -0.0250019 -0.000859516 -0.00373138 1.00001 1.38461
0.999982 0.000526319 0.00164596 -0.0286501 -0.000529865 0.999989 0.00212474 -0.0262109 -0.00164785 -0.00212624 0.999983 1.39664
1.00002 -0.000176915 0.000902542 -0.0194395 0.000175801 1.00001 0.00121122 -0.029925 -0.000899828 -0.00121048 1.00001 1.37511
0.99998 -0.00217915 0.000621631 -0.0182542 0.00217845 0.99999 0.000980733 -0.0257101 -0.000626774 -0.000979978 0.999988 1.46112
1.00001 -0.00257555 0.000631189 -0.00600534 0.00257506 1 0.000853208 -0.0299344 -0.000630411 -0.00085099 1.00001 1.47454
0.999977 -0.0033661 0.000813269 -0.0123966 0.00336547 0.999987 0.000743496 -0.0312176 -0.000818766 -0.000741293 0.999989 1.46182
1.00001 -0.00260622 0.000707043 -0.00158246 0.00260499 1 0.0014721 -0.027668 -0.000707894 -0.00146969 1.00001 1.49449
0.999973 -0.00404714 0.00172496 -0.0291368 0.00404454 0.999984 0.00156236 -0.0248074 -0.00173395 -0.001556 0.999985 1.40935
1.00001 -0.00237672 0.00116386 -0.0145484 0.00237682 1 -9.11703e-05 -0.0222017 -0.00116086 9.45241e-05 1.00001 1.45544
0.999981 0.00163159 0.00100583 -0.0216076 -0.00162716 0.999984 -0.00437951 -0.0259435 -0.0010157 0.00437733 0.999979 1.44891
0.999986 0.0077786 0.000768218 -0.0353811 -0.00777508 0.999964 -0.00483271 -0.023929 -0.000803041 0.00482712 0.999999 1.43765
0.999951 0.00802129 0.0012062 -0.0196582 -0.00802173 0.999963 0.000272761 -0.0233692 -0.00120655 -0.000283016 0.999988 1.44383
0.999991 0.00701307 0.00173656 -0.0364008 -0.00701921 0.999974 0.00353753 -0.0146429 -0.00170909 -0.00354907 1.00001 1.446
0.999981 0.00132865 0.00212392 -0.0312148 -0.00133378 0.999992 0.00240669 -0.0231832 -0.00212322 -0.00241008 0.999983 1.45775
1.00002 -0.00158744 0.000439845 -0.0192967 0.00158735 1 0.000578478 -0.0242804 -0.000438152 -0.000577263 1.00001 1.49671
0.999978 -0.00324235 0.000836212 -0.0435225 0.00324226 0.999991 -0.000108379 -0.0241862 -0.000838539 0.0001105 0.999988 1.43065
1.00001 -0.0024488 -9.80155e-05 -0.0198867 0.0024488 1 -0.000161506 -0.026823 0.00010127 0.000161888 1.00001 1.47543
0.999983 0.000290127 0.00129174 -0.0382876 -0.000290387 0.999997 0.00015475 -0.0351432 -0.00129455 -0.000155665 0.999988 1.45721
1.00001 0.00127295 0.00257388 -0.0586285 -0.00127324 1 0.000164705 -0.0202763 -0.00257063 -0.00016755 1.00001 1.46055
0.999981 0.00069287 0.00194652 -0.0394916 -0.000695455 0.999998 0.00125968 -0.0307231 -0.00194868 -0.00126153 0.999987 1.4924
1.00002 0.00042331 0.000941086 -0.0184758 -0.000423741 1 0.000592044 -0.0425247 -0.000937772 -0.000592015 1.00001 1.51704
0.999982 -0.000970639 0.000162365 -0.00441832 0.000970663 0.999998 -0.000674209 -0.0266354 -0.000164731 0.00067398 0.999989 1.54207
1.00002 -0.000764756 -0.000705677 -0.0026529 0.000765442 1 0.000959722 -0.0409076 0.000707901 -0.000959784 1.00001 1.49364
0.999982 0.000542044 -0.00100719 -0.00350162 -0.00054152 0.999999 0.000604952 -0.0347645 0.0010045 -0.000604871 0.999989 1.49979
1.00002 -8.97522e-05 -0.000473158 0.00140751 9.03214e-05 1 0.00114704 -0.0468902 0.000476053 -0.00114662 1.00001 1.50888
0.999982 -0.00039531 -0.000211127 -0.0242275 0.000395468 0.999999 0.000418042 -0.0317822 0.000207961 -0.000418659 0.999991 1.43942
1.00002 -6.59587e-05 -0.000670672 0.00397661 6.59441e-05 1 0.000368992 -0.0366208 0.000673644 -0.000368498 1.00001 1.52732
0.999981 0.000256933 -0.00125191 0.0128819 -0.000256719 1 0.000133517 -0.0336719 0.00124902 -0.000133777 0.99999 1.58548
1.00002 0.000215956 -0.000220736 -0.00696902 -0.00021619 1 -0.00016083 -0.0232954 0.000223703 0.000161332 1.00001 1.50219
0.999982 -0.00104673 -0.000657838 -0.00106253 0.00104682 1 -0.000143892 -0.0251843 0.000655066 0.000142717 0.999991 1.52742
1.00002 -0.0013073 0.000330577 -0.0165859 0.00130714 0.999999 -8.33864e-05 -0.0201029 -0.000327586 8.42802e-05 1.00001 1.51316
0.999982 -0.000837653 0.00057309 -0.0216973 0.000837753 1 9.40231e-05 -0.022167 -0.00057611 -9.39593e-05 0.999992 1.53263
1.00002 -0.00149913 0.0012105 -0.0330775 0.00149833 0.999999 0.000601692 -0.0195881 -0.00120841 -0.000599456 1.00001 1.51549
0.999982 -9.74768e-06 0.000434966 -0.0131209 9.69184e-06 1 0.000457806 -0.0281799 -0.000437953 -0.000458196 0.999991 1.5411
1.00002 0.00158086 0.000452859 -0.000287784 -0.0015806 0.999999 -0.000840946 -0.0285322 -0.000451128 0.000840531 1.00001 1.53459
0.99998 0.000920667 0.00228266 -0.0427288 -0.000919159 0.999999 -0.000638136 -0.0290163 -0.00228639 0.000635621 0.99999 1.4885
1.00001 0.000590019 0.00189188 -0.00938632 -0.000591425 1 0.000715692 -0.0234708 -0.00188844 -0.000716338 1 1.49177
0.999984 0.000482285 0.00162856 0.0138474 -0.000485059 0.999998 0.00174762 -0.0227443 -0.00163073 -0.00174894 0.999991 1.46147
1.00001 -0.00124766 0.00170228 0.0189815 0.00124564 0.999999 0.0010901 -0.028148 -0.00170078 -0.0010875 1 1.45181
0.999984 0.00114006 0.00172628 -0.0476789 -0.00113633 0.999999 -0.00212189 -0.0182667 -0.00173182 0.00211937 0.999992 1.59263
1.00001 0.000178147 0.00118283 -0.0212847 -0.000176891 0.999997 -0.00112152 -0.0314961 -0.00118001 0.00112179 1 1.53976
0.999986 0.000495155 -0.000975776 0.0248789 -0.000494355 1 0.000819186 -0.0383346 0.000973026 -0.000819259 0.999996 1.59069
1.00001 -0.000511917 -0.00124591 0.0276425 0.000514018 0.999998 0.00166549 -0.0375214 0.00124824 -0.0016656 1 1.57291
0.999986 0.000441355 -0.00163289 0.0241306 -0.000439851 1 0.000938602 -0.0395201 0.00163015 -0.000938365 0.999995 1.58112
1.00001 6.39728e-05 -0.000689218 0.00483485 -6.35931e-05 0.999999 0.000690762 -0.0405627 0.000692387 -0.00069024 1 1.56413
0.999988 0.00131166 -0.000146232 -0.00344065 -0.00131147 0.999999 0.000908385 -0.0396466 0.000144336 -0.000908745 0.999997 1.58067
1.00001 0.000882417 0.000786695 -0.017401 -0.000882918 0.999999 0.000558821 -0.0349873 -0.000783279 -0.000558964 1 1.51971
0.999988 -0.000381535 -0.000183376 -0.00428656 0.000381761 1 0.00118155 -0.0423483 0.000179973 -0.00118219 0.999996 1.5476
1.00001 -0.00176145 0.000213013 -0.00849907 0.00176127 0.999998 0.000906703 -0.0392456 -0.000211762 -0.000905768 1 1.52647
0.999985 -0.00226324 -0.000292005 -0.00125587 0.00226376 0.999996 0.00196205 -0.0480495 0.000284723 -0.00196316 0.999995 1.59595
1.00001 -0.00275004 0.00101162 -0.0175012 0.00274958 0.999995 0.000515055 -0.0227507 -0.00101025 -0.000511811 1 1.5429
0.999987 -0.00135861 -0.000367905 -0.00256485 0.00135807 1 -0.00122972 -0.0197594 0.000366755 0.00122876 0.999996 1.57128
1.00001 -0.00163504 0.000576593 -0.0235189 0.00163582 0.999997 -0.00113833 -0.0249942 -0.00057189 0.0011397 1 1.56502
0.999976 -0.00292841 0.00336106 -0.0579201 0.00291975 0.999995 0.00250915 -0.0303719 -0.00337124 -0.00249985 0.999988 1.53407
1.00001 -0.00236966 0.000912589 -0.0164353 0.00236846 0.999992 0.00146589 -0.0229913 -0.000913286 -0.00146326 1 1.56887
0.999987 -0.000639234 -0.000295162 -0.00559906 0.000638906 1 -0.000787371 -0.0331117 0.000292742 0.000786643 0.999999 1.61352
1.00001 0.000256725 -0.000954096 0.0225367 -0.000256912 0.999996 -0.000266317 -0.0471435 0.00095691 0.000267092 1 1.60457
0.999985 -0.00111041 0.00156676 -0.0224162 0.00110905 1 0.000839689 -0.0376558 -0.00157058 -0.000838592 0.999998 1.53507
1.00001 0.00157762 -0.000302045 0.0136889 -0.00157751 0.999996 0.00027123 -0.0325205 0.000305406 -0.000270094 1 1.5998
0.999984 0.00151181 0.00112396 -0.00958654 -0.00151199 1 0.000123979 -0.0354991 -0.00112681 -0.000126417 1 1.56086
1.00001 -4.27825e-05 0.00213597 -0.0153069 4.1135e-05 0.999997 0.00081003 -0.0365014 -0.00213305 -0.000809215 0.999998 1.55859
0.999987 0.00154554 0.00112583 -0.00825348 -0.00154437 1 -0.00104435 -0.0173889 -0.00113044 0.00104189 0.999999 1.555
1.00001 -0.00132994 0.00159674 -0.0029302 0.00133012 0.999995 -0.000140816 -0.0244376 -0.00159379 0.000143657 0.999999 1.50833
0.999986 -0.00191675 0.000109659 -0.0142645 0.00191712 1 -0.000606885 -0.023187 -0.000112169 0.000606441 1 1.64456
1.00001 -0.0010057 0.0021463 0.00583053 0.0010039 0.999994 0.000615886 -0.0320288 -0.00214401 -0.000613193 0.999999 1.51844
0.999985 -0.00146093 -0.00021046 0.00575736 0.00146137 1.00001 0.000586763 -0.01888 0.000205668 -0.000587669 0.999998 1.62845
1.00001 7.74102e-05 -0.000125264 0.00089253 -7.77995e-05 0.99999 -0.000527044 -0.0196558 0.000128999 0.000527596 1 1.61608
0.999984 -0.0020682 -0.000365946 -0.00014437 0.0020677 1.00001 -0.0021166 -0.0237707 0.000366405 0.0021153 0.999996 1.57293
1.00001 -0.00034359 -0.00037717 0.00319982 0.000342243 0.999986 -0.00277936 -0.0226839 0.000382122 0.00277976 0.999998 1.58765
0.999986 -0.000881545 -0.000633714 -0.00837971 0.000881993 1.00001 0.000244056 -0.02207 0.000629427 -0.000245204 0.999998 1.58678
1.00001 -0.00161999 -0.00032207 -0.0110542 0.00161946 0.999989 -0.000510924 -0.0120693 0.000326831 0.000510922 1 1.57489
0.999987 0.000566385 0.000877609 -0.0279248 -0.000564543 1.00001 -0.00166755 -0.010804 -0.000882588 0.00166656 0.999997 1.56162
1.00001 0.000719942 0.000552927 -0.0118575 -0.000719524 0.99999 -0.00153823 -0.00468634 -0.000550161 0.00153825 1 1.5943
0.999989 0.000494764 -0.000386607 -0.0171715 -0.000494611 1.00001 -0.000338402 -0.0210751 0.000382331 0.000338195 1 1.65457
1.00001 -0.000724246 -0.000936301 -0.00663202 0.000723859 0.999991 -0.000201476 -0.0195251 0.000940284 0.000201244 1 1.61134
0.999988 -0.000746724 -0.000918744 0.00853635 0.000747398 1.00001 0.000573173 -0.0127921 0.000914415 -0.000574348 0.999999 1.58621
1.00001 0.00179645 0.000220746 -0.0199335 -0.00179681 0.999991 0.00087389 -0.0176375 -0.000215451 -0.000873686 1 1.61403
0.999987 -0.000196579 0.00201401 -0.0135767 0.000197066 1.00001 -0.000206561 -0.0185938 -0.00201765 0.000206345 0.999997 1.60434
1.00001 -0.00137995 0.000887148 -0.0124788 0.00138056 0.999992 -0.000817305 -0.0132595 -0.000882413 0.000819144 1 1.64594
0.999987 -0.00137067 0.000244819 0.00171494 0.00137096 1.00001 -0.000541145 -0.0176914 -0.000247731 0.00054087 0.999998 1.61544
1.00001 -0.00195554 0.000469788 -0.00403637 0.0019558 0.999991 -0.000913432 -0.0176017 -0.00046437 0.000915003 1 1.62673
0.999985 -0.00233132 0.000277498 -0.00789845 0.00233209 1 -0.00228016 -0.0225702 -0.000275846 0.00228011 0.999995 1.61609
1.00001 -0.00109468 -0.00011335 -0.00313782 0.00109437 0.999993 -0.0012035 -0.0197722 0.000118368 0.00120408 1 1.60717
0.999986 0.00028217 -0.00246557 -0.00627768 -0.000281557 1.00001 0.000149643 -0.0450462 0.00246193 -0.00014973 0.999996 1.61633
1.00001 0.00110447 -0.00278591 0.00633719 -0.001101 0.999994 0.00136341 -0.0345851 0.00279119 -0.00135962 0.999997 1.68919
0.999986 0.00134781 -0.00130318 0.0208475 -0.00134223 0.999996 0.00401167 -0.0389654 0.00130483 -0.00401072 0.99999 1.66714
1.00001 -0.00132195 0.000117983 -0.00415826 0.0013212 0.999986 0.00381449 -0.0368352 -0.000119241 -0.00381358 0.999994 1.66075
0.999988 -6.47963e-05 -0.000346355 -0.0210562 6.55112e-05 1 0.00165397 -0.035654 0.000342575 -0.00165469 0.999997 1.62294
1.00001 -0.000709309 -0.00030689 -0.00893333 0.000708975 0.999996 -0.000518794 -0.0349593 0.00031105 0.000519256 1 1.6162
0.999987 -0.00159874 -0.000826144 0.0189941 0.0015989 1 3.84364e-06 -0.0287679 0.000822438 -5.82912e-06 0.999999 1.62276
1.00001 9.2557e-05 -0.00192726 0.020812 -9.14244e-05 0.999997 0.00069647 -0.0396935 0.00193107 -0.000695646 0.999999 1.63645
0.999989 -0.000224519 0.00135199 -0.0193306 0.000225703 1 -0.000844656 -0.014173 -0.00135538 0.000844327 1 1.68899
1.00001 0.00286401 0.00117808 -0.041446 -0.00286248 0.999992 -0.00147097 -0.0214302 -0.00117862 0.00146828 0.999997 1.66337
0.999989 0.00122913 0.00146983 -0.022794 -0.00122729 1 -0.00113401 -0.0207754 -0.00147487 0.0011315 1 1.69262
1.00001 -0.00177016 0.00173907 -0.0114608 0.00176676 0.999995 0.00185571 -0.03273 -0.00173863 -0.00185191 0.999997 1.64802
0.999991 -0.00043355 -9.11299e-05 -0.0168213 0.000433793 1 0.00143114 -0.0325412 8.67334e-05 -0.00143185 0.999999 1.6215
1.00001 -0.00127155 -0.000458405 -0.00269786 0.00127129 0.999999 -0.000472828 -0.0366473 0.000462851 0.000472895 1 1.65846
0.999989 0.00109534 -0.00149233 0.00714844 -0.00109393 0.999999 0.000931505 -0.0372417 0.00148951 -0.000930534 0.999997 1.64123
1.00001 0.00120525 -0.00127878 -0.00282826 -0.00120795 0.999997 -0.0020526 -0.0292183 0.0012801 0.00205481 0.999999 1.63852
0.999991 0.000911494 -0.00111724 -0.00659491 -0.00091719 0.999988 -0.0050436 0.00523999 0.00110879 0.00504401 0.999986 1.63245
1 0.00225742 -0.00119719 -0.0141595 -0.00225797 0.999995 -0.00050043 -0.0152918 0.00119978 0.000503779 0.999998 1.64741
0.999994 -0.000575847 -0.00126457 0.00601858 0.000579779 0.999997 0.00312076 -0.0271186 0.00125893 -0.00312209 0.999995 1.60439
1 0.00122944 -0.00271472 -0.00655495 -0.00122073 0.999993 0.00321949 -0.0272566 0.00272248 -0.00321556 0.99999 1.60391
0.999992 1.01079e-06 -0.00262092 0.000697711 -5.44641e-06 1 -0.00170637 -0.016447 0.00261701 0.00170578 0.999997 1.64013
1 -0.00106242 -0.00212638 -0.00623266 0.00105744 0.999995 -0.00225078 -0.0166717 0.00213267 0.00224914 0.999993 1.61524
0.999992 -0.00208045 -0.00123202 0.00245273 0.00208135 1 0.000591674 -0.0251965 0.00122682 -0.000594865 1 1.5842
1.00001 -0.00129493 -2.75935e-05 -0.028262 0.00129486 0.999995 -0.000321066 -0.0214501 3.1647e-05 0.000321761 0.999997 1.65662
0.999994 -0.000574215 0.000117707 -0.0124981 0.000574386 1 -0.000916479 -0.026885 -0.000120933 0.000915857 1 1.64163
1.00001 -0.000370976 -0.000428829 -0.00561415 0.000370196 0.999995 -0.0016227 -0.0191255 0.000433213 0.0016232 0.999996 1.63395
0.999993 -0.000851247 -0.000172877 -0.00957735 0.00085135 1 5.47906e-05 -0.0293913 0.000168994 -5.55889e-05 1 1.60448
1.00001 -0.00159947 -0.00082534 0.0112616 0.00159948 0.999996 3.7284e-05 -0.0297305 0.000829003 -3.78767e-05 0.999998 1.61676
0.999992 0.000127444 -0.000190083 -0.0090229 -0.000127715 1 -0.0014266 -0.0162117 0.000186118 0.00142586 1 1.60901
1.00001 -0.0002356 0.000184335 -0.00417359 0.000235652 0.999997 -0.000731331 -0.0337972 -0.000180475 0.000732125 0.999998 1.63574
0.999991 -0.00154648 8.18332e-05 0.000902761 0.00154645 1 0.00025556 -0.0281891 -8.58843e-05 -0.000256176 1 1.61873
1.00001 0.000386497 -2.86084e-05 -0.00354356 -0.000386581 0.999996 -0.00102143 -0.0288485 3.1885e-05 0.00102216 0.999998 1.64998
0.999991 -0.00173598 -0.00038506 -0.00202639 0.00173557 1 -0.00140686 -0.0254418 0.000383737 0.00140547 1 1.60715
1.00001 -0.00219517 5.75775e-05 -0.00708891 0.00219503 0.999993 0.00190256 -0.0289592 -5.80173e-05 -0.00190171 0.999996 1.65098
0.999992 -0.00112655 0.00108106 -0.0346259 0.00112616 1 0.000439003 -0.0216773 -0.00108531 -0.000438493 1 1.61958
1.00001 0.00034026 0.00232577 -0.0493024 -0.000337471 0.999997 -0.00125927 -0.0227236 -0.00232254 0.00125917 0.999994 1.56717
0.999992 0.000602871 -0.000800623 0.028545 -0.000602202 1 0.000621511 -0.0459069 0.000797112 -0.000621643 1 1.57207
1.00001 0.0017393 0.00050694 -0.014528 -0.00173977 0.999997 0.000506097 -0.0228325 -0.000502403 -0.000506417 0.999996 1.63728
0.999991 0.00092417 0.000412844 -0.00739652 -0.000924167 1 0.000459818 -0.0252617 -0.000416017 -0.000460757 1 1.63255
1.00001 0.00159096 0.00066495 -0.00503382 -0.00159063 0.999997 -0.000781088 -0.0268562 -0.000662657 0.000780546 0.999996 1.62743
0.999992 -0.00130285 -0.000136181 -0.00457408 0.00130302 1 0.00026218 -0.044696 0.000132364 -0.00026288 1 1.60908
1.00001 -0.000429146 0.000447332 -0.0104996 0.00042863 0.999998 0.000668005 -0.0395006 -0.000444043 -0.000667265 0.999997 1.60276
0.999991 0.000136707 0.00141489 -0.0123355 -0.000136135 1 -0.000233087 -0.0256079 -0.00141854 0.000232353 1 1.63219
1.00001 0.0015504 0.000303959 -0.00728786 -0.00155064 0.999998 0.000126996 -0.0290918 -0.00030017 -0.000126916 0.999997 1.64563
0.99999 0.00165279 0.00125361 -0.0153659 -0.00165459 0.999999 0.00159641 -0.0455933 -0.00125461 -0.00159906 1 1.61664
1.00001 -0.000150112 0.000450831 0.00368001 0.000149841 0.999998 0.000312044 -0.0341011 -0.000447308 -0.000311351 0.999995 1.61149
0.999992 0.00173425 0.000659614 -0.0111971 -0.00173366 1 -0.000800599 -0.0231088 -0.000664587 0.000798773 1 1.62053
1.00001 0.000368005 -0.000854072 0.0167494 -0.00036844 0.999996 -0.000592699 -0.0154712 0.000857374 0.000593656 0.999995 1.61748
0.999992 -0.000149116 -0.00159789 0.0280555 0.000151198 1 0.001365 -0.0323 0.00159412 -0.00136592 1 1.58208
1.00001 0.00182913 0.00037228 -0.0282971 -0.00182879 0.999998 -0.000263874 -0.013947 -0.000369843 0.000263904 0.999997 1.69726
0.999992 0.000687506 0.000823049 -0.0150943 -0.000686638 1 -0.00130248 -0.0166717 -0.000827051 0.00130124 1 1.65718
1 0.00160322 0.00092772 -0.0129736 -0.00160236 0.999997 -0.000770999 -0.0174476 -0.000925897 0.000770248 0.999996 1.61087
