1 0.000794311 0.00107438 6.95587e-05 -0.000790218 0.999992 -0.00400679 -0.0108441 -0.00107749 0.00400598 0.999992 0.990313
0.999998 -0.00187529 0.00147026 0.0117873 0.00188273 0.999985 -0.00525918 -0.00705359 -0.00146035 0.00526179 0.999986 1.93194
1 -0.00105322 0.000867946 0.022889 0.00105466 0.999998 -0.00193306 -0.000470021 -0.00086584 0.00193403 0.999999 2.87029
0.999991 -0.00475297 -0.00106124 0.0451112 0.00475694 0.999984 0.00391514 0.000498117 0.00104266 -0.00392033 0.999995 3.82218
0.999966 -0.0081768 -0.00192234 0.0409227 0.00818427 0.999958 0.00405408 0.00127312 0.00188909 -0.00406956 0.999991 4.79865
0.999932 -0.0112371 -0.00379494 0.046362 0.0112407 0.99994 0.000995751 0.0130459 0.00378361 -0.0010386 0.999996 5.75994
0.99992 -0.0119317 -0.00469256 0.0478766 0.0119199 0.999926 -0.00248947 0.013855 0.0047218 0.00243332 0.999986 6.69523
0.999919 -0.0120444 -0.00461149 0.0286498 0.0120281 0.999925 -0.00347354 0.0299665 0.00465304 0.00341746 0.999986 7.59937
0.999912 -0.0117338 -0.00663205 0.0293002 0.0117258 0.999931 -0.00120415 0.0242522 0.00664555 0.00112627 0.999979 8.54436
0.999916 -0.0105984 -0.00788391 0.0287875 0.0106135 0.999945 0.00191961 0.0215542 0.00786316 -0.00200344 0.99997 9.48804
0.999901 -0.0111144 -0.00898505 0.0135185 0.0111488 0.999931 0.00381794 0.0196958 0.00894186 -0.00391773 0.999955 10.4395
0.999886 -0.0125602 -0.00874438 -0.00405845 0.0126009 0.999914 0.00465427 0.0239949 0.00868518 -0.00476424 0.999954 11.3397
0.999873 -0.0127864 -0.00993246 -0.0124165 0.0128337 0.999906 0.00473377 0.0301878 0.00987082 -0.00486064 0.999943 12.2714
0.999835 -0.0136905 -0.0121908 -0.00673429 0.0137358 0.999903 0.00366376 0.0371651 0.0121394 -0.00383087 0.999922 13.1844
0.999803 -0.0141553 -0.0141509 -0.0186901 0.0141766 0.999899 0.00141864 0.0432004 0.0141291 -0.00161903 0.999902 14.1458
0.999749 -0.0153951 -0.0164691 -0.0237375 0.0154007 0.999885 0.000225018 0.0440448 0.0164637 -0.000478941 0.999867 15.0687
0.999709 -0.0152907 -0.0188403 -0.0329241 0.0152813 0.999883 -0.000633965 0.0452902 0.0188475 0.000345783 0.999826 15.9984
0.999691 -0.013746 -0.0208971 -0.0482058 0.0137143 0.999908 -0.00165018 0.0487929 0.0209178 0.00136269 0.999783 16.9018
0.999667 -0.0121228 -0.022949 -0.0698367 0.0120845 0.999925 -0.00179935 0.0536253 0.0229688 0.00152131 0.999738 17.7973
0.999597 -0.0129671 -0.0254134 -0.080488 0.012954 0.999919 -0.000670869 0.0495811 0.0254199 0.000341065 0.99968 18.698
0.999548 -0.0125305 -0.0274857 -0.102817 0.0125533 0.999921 0.000666111 0.0486042 0.0274749 -0.00101094 0.999626 19.6284
0.999493 -0.0122148 -0.0295414 -0.124326 0.0122804 0.999926 0.0020448 0.0414101 0.0295141 -0.00240693 0.999565 20.53
0.999419 -0.013166 -0.0315937 -0.147901 0.0132347 0.99991 0.00197426 0.0428645 0.0315647 -0.00239131 0.999503 21.4291
0.999373 -0.0133621 -0.0329406 -0.185106 0.0134283 0.999909 0.00179076 0.0403592 0.0329136 -0.0022323 0.99946 22.3325
0.999389 -0.0132784 -0.0324873 -0.245554 0.0133573 0.999907 0.00222382 0.041729 0.0324546 -0.0026565 0.999474 23.2081
0.999376 -0.0130426 -0.0329946 -0.286783 0.0131628 0.999909 0.00343066 0.0515815 0.0329468 -0.00386322 0.999455 24.0826
0.999321 -0.013932 -0.0342616 -0.311228 0.0141518 0.99988 0.00619543 0.0544458 0.034171 -0.00667625 0.999399 24.9539
0.999282 -0.0134982 -0.0355401 -0.335316 0.0138065 0.999871 0.0084468 0.0484315 0.0354213 -0.00893184 0.999339 25.8209
0.999206 -0.0134327 -0.0376607 -0.355227 0.013696 0.999882 0.00675515 0.0592492 0.0375652 -0.00726584 0.999272 26.6814
0.999111 -0.0122262 -0.0404909 -0.372893 0.0124135 0.999914 0.00437705 0.0620653 0.0404337 -0.00487621 0.999178 27.5176
0.999063 -0.0100475 -0.0422379 -0.405501 0.0101976 0.999941 0.00334937 0.0512427 0.0422017 -0.00377724 0.999107 28.3334
0.999027 -0.00864132 -0.0433968 -0.439427 0.00878306 0.999959 0.00307687 0.0542925 0.0433681 -0.00345539 0.999063 29.1585
0.998969 -0.00920208 -0.0445855 -0.476067 0.00935647 0.999949 0.00325945 0.045295 0.0445532 -0.0036735 0.999006 29.9579
0.998908 -0.0088291 -0.0460156 -0.519092 0.00896447 0.999958 0.00273493 0.0399122 0.0459893 -0.00314487 0.998948 30.7524
0.998866 -0.00810174 -0.0470559 -0.569794 0.00822275 0.999963 0.00238391 0.0479852 0.0470348 -0.00276835 0.998897 31.5317
0.998527 -0.00959302 -0.0535269 -0.531336 0.00990431 0.999938 0.00555201 0.0134959 0.05347 -0.00607437 0.998563 32.302
0.998432 -0.0100508 -0.0552047 -0.580854 0.0105059 0.999913 0.00796819 0.0165903 0.0551201 -0.00853592 0.998451 33.0526
0.99828 -0.00947128 -0.0579862 -0.619389 0.0100093 0.999913 0.00899377 0.0267949 0.0578956 -0.0095591 0.998291 33.8153
0.998155 -0.00837683 -0.0602583 -0.658172 0.00892788 0.999922 0.00889068 0.0381043 0.0601794 -0.00941262 0.998152 34.5588
0.997981 -0.00585684 -0.0633547 -0.687148 0.0063743 0.999951 0.00796658 0.0516868 0.0633046 -0.00835466 0.997974 35.2724
0.997866 -0.00428246 -0.0652754 -0.737454 0.0047743 0.999964 0.00738664 0.05717 0.0652416 -0.00768285 0.99785 35.9921
0.997762 -0.00368519 -0.0668874 -0.789571 0.00425358 0.99996 0.0083533 0.0680122 0.0668535 -0.00861941 0.997742 36.7057
0.997681 -0.00261371 -0.0681445 -0.843822 0.00334409 0.999942 0.0106133 0.0696617 0.0681128 -0.0108168 0.997632 37.4111
0.99769 0.000929118 -0.0680434 -0.899105 -0.000189346 0.999945 0.010875 0.071026 0.0680493 -0.0108374 0.99764 38.0715
0.997759 0.00405735 -0.0669206 -0.953641 -0.00350241 0.999963 0.00841384 0.0809894 0.0669522 -0.00816079 0.997736 38.7543
0.997825 0.00564404 -0.0657839 -0.989731 -0.00525813 0.999972 0.00603657 0.0753866 0.0658156 -0.00567796 0.997833 39.4398
0.997968 0.00476311 -0.0636679 -1.02739 -0.00443828 0.999981 0.00524863 0.0717354 0.0636915 -0.00495556 0.99797 40.0981
0.998132 0.00578093 -0.0609455 -1.06612 -0.00542753 0.999972 0.0059624 0.0820241 0.0609779 -0.00562091 0.99814 40.7781
0.998269 0.0102944 -0.0580444 -1.10661 -0.00980685 0.999919 0.00868612 0.0853954 0.0581289 -0.00810203 0.99829 41.4486
0.99844 0.0141381 -0.0541599 -1.15292 -0.0134682 0.999833 0.012712 0.0813096 0.0543302 -0.0119631 0.998467 42.0574
0.99864 0.0191803 -0.0486602 -1.20566 -0.0185605 0.999746 0.0131616 0.097879 0.0488999 -0.0122408 0.998743 42.7004
0.998868 0.0228856 -0.0419038 -1.25997 -0.0223774 0.999676 0.0125527 0.120961 0.0421771 -0.0116012 0.999058 43.3024
0.999035 0.0266387 -0.0351647 -1.30076 -0.0261426 0.999559 0.0145003 0.129694 0.035535 -0.0135673 0.999292 43.8688
0.999122 0.0314219 -0.028002 -1.32962 -0.0309792 0.999397 0.0160947 0.130568 0.0284902 -0.0152136 0.999495 44.4358
0.999201 0.0350563 -0.0196577 -1.36489 -0.0347482 0.999277 0.0158104 0.135226 0.0201972 -0.015115 0.999697 44.9822
0.9992 0.0381066 -0.0127887 -1.36542 -0.0378934 0.999154 0.0165006 0.132666 0.0134059 -0.0160033 0.999801 45.5052
0.99909 0.0427705 -0.00316299 -1.4188 -0.0427186 0.998981 0.0150125 0.153937 0.00380125 -0.0148639 0.999898 46.0295
0.998918 0.0465168 0.00430094 -1.42148 -0.046562 0.998864 0.0111201 0.177485 -0.00377972 -0.0113089 0.99995 46.5161
0.998728 0.0487525 0.013635 -1.44572 -0.0488618 0.998782 0.00779904 0.185366 -0.013239 -0.00845569 0.999895 46.9886
0.998577 0.0491546 0.0211876 -1.43028 -0.0493224 0.998765 0.00747599 0.192805 -0.0207949 -0.00851089 0.999768 47.3938
0.998381 0.0487803 0.029578 -1.4263 -0.0490507 0.998768 0.00848445 0.198732 -0.0291285 -0.00992189 0.999546 47.7732
0.998023 0.0506048 0.037631 -1.41805 -0.0509568 0.998675 0.00846174 0.219036 -0.0371541 -0.0103634 0.999278 48.1493
0.997286 0.0548435 0.0493456 -1.45876 -0.0553345 0.998439 0.00864185 0.223477 -0.0487957 -0.0113493 0.998767 48.4492
0.996538 0.0576827 0.0600978 -1.5037 -0.0582172 0.99829 0.00718575 0.247439 -0.0595816 -0.0106605 0.998188 48.7302
0.994913 0.0626004 0.0790855 -1.72559 -0.0630639 0.998014 0.00337316 0.326978 -0.0787187 -0.00834413 0.996886 48.9883
0.994151 0.061891 0.0887057 -1.70255 -0.0624545 0.998053 0.00359014 0.336596 -0.0883121 -0.00911029 0.996076 49.2469
0.992173 0.0611695 0.108986 -1.90683 -0.061865 0.998091 0.00300702 0.303346 -0.108595 -0.0097266 0.994064 49.4938
0.990638 0.0592545 0.123145 -1.91301 -0.0597985 0.998223 0.000723044 0.260769 -0.122885 -0.00808149 0.992415 49.6468
0.988396 0.0560493 0.141284 -2.01442 -0.0554451 0.998441 -0.00821204 0.395489 -0.141525 0.000282355 0.989964 49.8758
0.98621 0.054723 0.156326 -1.97376 -0.0529591 0.998493 -0.015429 0.528574 -0.156936 0.00693585 0.987614 50.0439
0.983774 0.0570243 0.170202 -1.85964 -0.0552398 0.998371 -0.0152042 0.488479 -0.170793 0.0055546 0.985323 50.2528
0.980118 0.0573218 0.190071 -1.88421 -0.0549918 0.998348 -0.0175154 0.514115 -0.190762 0.00671319 0.981645 50.515
0.976651 0.0564283 0.20737 -1.79915 -0.053197 0.998375 -0.0211296 0.566 -0.208226 0.00960376 0.978069 50.7409
0.972827 0.0549155 0.225028 -1.69356 -0.0512742 0.998457 -0.0219994 0.572875 -0.22589 0.00986179 0.974136 50.9348
0.968399 0.0549068 0.243355 -1.5796 -0.0510272 0.998465 -0.0222212 0.552266 -0.244201 0.00910025 0.969718 51.136
0.962575 0.0571126 0.265017 -1.50557 -0.0522272 0.998326 -0.0254518 0.571728 -0.266028 0.0106563 0.963941 51.4366
0.95637 0.0579528 0.286413 -1.38424 -0.0522596 0.99827 -0.0274881 0.569826 -0.28751 0.01132 0.957747 51.6782
0.948823 0.0587505 0.310374 -1.28316 -0.0527764 0.998241 -0.0276199 0.550692 -0.311451 0.00982423 0.950249 51.9126
0.940139 0.0612232 0.335297 -1.15371 -0.0551724 0.998113 -0.0275503 0.532175 -0.33635 0.00740078 0.941744 52.1793
0.9307 0.0627333 0.360431 -1.00031 -0.056372 0.99803 -0.0281476 0.522893 -0.361487 0.00587711 0.932398 52.4013
0.919945 0.0634009 0.386931 -0.81965 -0.0565078 0.997992 -0.0291761 0.514666 -0.388002 0.00497459 0.921682 52.6483
0.908039 0.0614732 0.41441 -0.612254 -0.0534902 0.998109 -0.0308555 0.504731 -0.415523 0.00584951 0.909606 52.8941
0.894279 0.0586674 0.443688 -0.379684 -0.0490214 0.998263 -0.0331911 0.491542 -0.444863 0.00793065 0.895602 53.1085
0.878251 0.0572971 0.474805 -0.130145 -0.0455581 0.998322 -0.0362062 0.46613 -0.476082 0.0101652 0.879385 53.3385
0.860443 0.0588556 0.506173 0.155139 -0.0447243 0.998214 -0.0400408 0.438406 -0.507623 0.0118133 0.861539 53.59
0.841021 0.0604098 0.537669 0.445208 -0.0443325 0.998118 -0.0428012 0.407731 -0.539241 0.0121586 0.842111 53.784
0.819622 0.0626725 0.569499 0.755297 -0.0450583 0.997989 -0.0449787 0.376599 -0.57117 0.0112034 0.820797 53.9662
0.796875 0.06575 0.6006 1.10578 -0.0474397 0.99782 -0.0462946 0.343149 -0.602332 0.00839688 0.798252 54.142
0.770552 0.0703583 0.633513 1.4516 -0.0512486 0.997527 -0.0484512 0.326119 -0.635352 0.00486604 0.772254 54.3448
0.741109 0.0713815 0.667618 1.77541 -0.0505931 0.997461 -0.0504879 0.308147 -0.669525 0.00363851 0.742835 54.5313
0.708535 0.0687604 0.702347 2.09548 -0.0467625 0.997647 -0.0504959 0.287499 -0.704162 0.00293318 0.710083 54.6875
0.671793 0.0678217 0.737665 2.41511 -0.0444783 0.997715 -0.0512269 0.267946 -0.739451 0.0016023 0.673271 54.8883
0.631697 0.067251 0.77232 2.71696 -0.0425362 0.997754 -0.0520896 0.250909 -0.774084 5.17894e-05 0.633139 55.0763
0.587188 0.0670397 0.806705 3.1018 -0.0393991 0.997769 -0.054242 0.22456 -0.808538 6.54047e-05 0.588516 55.3019
0.541341 0.064759 0.83833 3.49865 -0.0336288 0.997918 -0.0553712 0.198092 -0.840165 0.00178108 0.542391 55.5054
0.494512 0.061655 0.867013 3.95281 -0.0305691 0.998116 -0.0535444 0.161337 -0.868678 -2.67404e-05 0.495463 55.7122
0.44662 0.0592694 0.892781 4.41982 -0.0301812 0.998252 -0.0511728 0.125836 -0.894249 -0.00409201 0.447629 55.8957
0.397917 0.0593514 0.915532 4.87041 -0.0332245 0.998202 -0.0502723 0.110163 -0.916865 -0.010415 0.399172 56.059
0.35007 0.0591418 0.934877 5.38781 -0.0311889 0.998206 -0.0514691 0.0865927 -0.936239 -0.0111417 0.351287 56.2221
0.306242 0.0550662 0.950393 5.86438 -0.019778 0.998497 -0.0514824 0.0611408 -0.951795 -0.00303203 0.30687 56.2843
0.264549 0.0483229 0.963183 6.35683 -0.00727423 0.998834 -0.0481136 0.0296979 -0.964379 0.00572026 0.264594 56.3347
0.224845 0.0466739 0.973308 6.8944 0.00111314 0.998859 -0.0481582 0.00474202 -0.974441 0.0119102 0.224536 56.3855
0.188454 0.0479934 0.980931 7.48199 0.00290509 0.998793 -0.0494255 -0.0237994 -0.982111 0.0121623 0.18809 56.4616
0.157608 0.0482189 0.986356 7.99861 0.0108496 0.998682 -0.050557 -0.0484642 -0.98749 0.0186682 0.156877 56.4887
0.129863 0.0460301 0.990486 8.54501 0.0173544 0.998683 -0.0486866 -0.0797043 -0.991414 0.0235102 0.128895 56.5149
0.105448 0.0435607 0.993501 9.14871 0.0240258 0.998656 -0.0463387 -0.110232 -0.994183 0.0287543 0.104261 56.5526
0.0859097 0.0420911 0.995436 9.74113 0.0288219 0.998605 -0.0447127 -0.131303 -0.99592 0.0325299 0.0845791 56.587
0.0704086 0.042858 0.996629 10.3409 0.0307899 0.998527 -0.0451167 -0.166651 -0.997092 0.0338609 0.0689865 56.613
0.0585908 0.0431124 0.997374 10.9358 0.0312313 0.99852 -0.0449969 -0.183187 -0.997828 0.0337837 0.0571604 56.6219
0.0472491 0.0432868 0.997977 11.5828 0.0315282 0.998518 -0.0448048 -0.219228 -0.998435 0.0335796 0.0458158 56.6492
0.0398085 0.0461254 0.998167 12.2172 0.0357078 0.998252 -0.0475537 -0.237765 -0.998604 0.0375336 0.0380947 56.6442
0.0327499 0.04521 0.998474 12.8109 0.040808 0.998104 -0.0465336 -0.300342 -0.99868 0.0422678 0.0308445 56.6986
0.0291451 0.0438675 0.998638 13.4778 0.0412652 0.998154 -0.045051 -0.332283 -0.998758 0.04252 0.0272841 56.6973
0.0248124 0.04092 0.998888 14.1626 0.0391202 0.998379 -0.0418728 -0.358665 -0.998976 0.0401139 0.0231731 56.7406
0.0223361 0.032988 0.999233 14.8492 0.0374491 0.998749 -0.0338097 -0.39379 -0.999085 0.0381735 0.0210759 56.7571
0.0217148 0.0267131 0.999443 15.513 0.0388863 0.998888 -0.0275449 -0.420578 -0.999057 0.0394612 0.0206537 56.7565
0.0224055 0.0237454 0.999493 16.2535 0.0417625 0.998846 -0.0246669 -0.438212 -0.998913 0.042292 0.0213912 56.7452
0.0218731 0.0251199 0.999481 16.9591 0.0450745 0.998668 -0.0260878 -0.464794 -0.998796 0.04562 0.0207135 56.7688
0.0223207 0.0316919 0.999276 17.7043 0.0465853 0.998403 -0.0327054 -0.488188 -0.998703 0.0472797 0.020812 56.7935
0.0245144 0.0389253 0.998978 18.4492 0.0476668 0.998085 -0.0400622 -0.509817 -0.998615 0.0485983 0.0226137 56.8105
0.0248198 0.0388688 0.998964 19.159 0.0488736 0.998027 -0.0400473 -0.538549 -0.998535 0.0498153 0.0228745 56.8585
0.0258089 0.0345934 0.999105 19.9244 0.0480003 0.998231 -0.0358049 -0.557236 -0.998566 0.0488794 0.0241044 56.9041
0.0273339 0.0284534 0.999251 20.6805 0.0471144 0.998473 -0.0297208 -0.577882 -0.998555 0.0478899 0.0259548 56.9428
0.0284076 0.0264414 0.999285 21.4753 0.0448064 0.998638 -0.0276999 -0.604467 -0.998645 0.0455594 0.027186 57.0066
0.0311715 0.0311543 0.999059 22.1727 0.0527105 0.998099 -0.0327698 -0.627227 -0.998162 0.0536809 0.0294733 57.0217
0.034408 0.0363895 0.998784 22.9056 0.0548994 0.997786 -0.0382464 -0.645347 -0.997952 0.0561467 0.0323358 57.0374
0.0361629 0.0371394 0.998688 23.6547 0.0489359 0.998073 -0.0388892 -0.667044 -0.998187 0.0502764 0.0342789 57.0919
0.0402804 0.0334277 0.99867 24.439 0.0447551 0.998406 -0.0352259 -0.695832 -0.998241 0.0461125 0.0387216 57.1267
0.0440853 0.0293162 0.998631 25.1966 0.0484107 0.998361 -0.0314463 -0.728422 -0.997895 0.0497289 0.0425969 57.1698
0.0470602 0.0302072 0.998477 25.8674 0.0537985 0.998045 -0.0327318 -0.746585 -0.997498 0.0552547 0.0453447 57.1826
0.0488314 0.0342133 0.998254 26.6837 0.05374 0.997905 -0.036831 -0.783424 -0.997401 0.0554426 0.0468935 57.2573
0.0496297 0.0343353 0.998219 27.4391 0.0508514 0.998055 -0.03686 -0.818203 -0.997528 0.0525882 0.0477889 57.3665
0.0530666 0.0338953 0.998048 28.265 0.0500966 0.998104 -0.0365618 -0.844804 -0.997375 0.0519371 0.0512711 57.4229
0.0573386 0.0301557 0.997942 28.9686 0.0544514 0.997992 -0.0332879 -0.873483 -0.996925 0.0562456 0.0555834 57.4342
0.0613198 0.0292633 0.997723 29.6926 0.0597652 0.997698 -0.0329367 -0.907768 -0.996368 0.0616466 0.0594328 57.4618
0.0644952 0.0289928 0.997542 30.5262 0.0624665 0.997532 -0.0330334 -0.94827 -0.996017 0.0644407 0.0625268 57.5337
0.0667131 0.0285116 0.997398 31.2477 0.0628824 0.997513 -0.0327219 -0.970485 -0.995829 0.0648995 0.0647574 57.5931
0.0705445 0.0274306 0.997177 32.0248 0.064562 0.997432 -0.0320073 -0.984225 -0.995473 0.0666346 0.0685943 57.642
0.0739058 0.0266417 0.996944 32.8178 0.0665848 0.997311 -0.0315887 -0.999586 -0.995082 0.0687133 0.0719361 57.704
0.0778171 0.028075 0.996618 33.6608 0.0648231 0.997377 -0.0331601 -1.00129 -0.994915 0.0671812 0.0757948 57.7562
0.0804937 0.030067 0.996336 34.4217 0.0621576 0.997479 -0.0351241 -1.0207 -0.994858 0.0647546 0.0784246 57.8374
0.0833636 0.0298729 0.996118 35.2099 0.0639626 0.997361 -0.0352652 -1.04315 -0.994521 0.0666511 0.0812344 57.9071
0.086134 0.0296203 0.995878 35.9279 0.0621196 0.997483 -0.0350417 -1.06365 -0.994388 0.0648791 0.08408 57.9731
0.0894615 0.0300844 0.995581 36.7171 0.060474 0.997566 -0.0355806 -1.08357 -0.99421 0.0633869 0.0874259 58.0309
0.0930129 0.0302896 0.995239 37.5037 0.0577459 0.997721 -0.0357628 -1.1089 -0.994033 0.0607947 0.0910544 58.099
0.0977154 0.0322107 0.994739 38.2753 0.0565533 0.997712 -0.0378645 -1.13274 -0.993664 0.0599528 0.0956715 58.1576
0.100836 0.0351669 0.994317 39.1092 0.0553107 0.997662 -0.0408953 -1.16965 -0.993408 0.0591173 0.0986574 58.2609
0.105503 0.0363905 0.9938 39.848 0.055049 0.997615 -0.0423766 -1.2086 -0.992951 0.0591755 0.103249 58.3136
0.108415 0.0379548 0.993417 40.6569 0.0489896 0.997883 -0.0434727 -1.24809 -0.992943 0.0533774 0.106328 58.4145
0.11236 0.0368691 0.993031 41.4464 0.0449791 0.998129 -0.04215 -1.2825 -0.992706 0.0493988 0.110492 58.4956
0.115885 0.0371673 0.992604 42.2104 0.0473127 0.99799 -0.0428934 -1.31375 -0.99218 0.0519307 0.113895 58.5806
0.119555 0.0382219 0.99214 43.0251 0.0465572 0.997975 -0.0440591 -1.3489 -0.991793 0.0514555 0.117534 58.6866
0.122781 0.0387384 0.991715 43.8251 0.0426585 0.998139 -0.0442716 -1.38396 -0.991562 0.047738 0.120902 58.8072
0.127145 0.0364227 0.991265 44.6175 0.0417109 0.998277 -0.0420327 -1.41243 -0.991064 0.0466876 0.125408 58.9104
0.132278 0.0365402 0.990577 45.41 0.0420391 0.998245 -0.0424378 -1.44224 -0.990367 0.047254 0.130512 59.0068
0.138068 0.0393145 0.989692 46.199 0.0386672 0.998269 -0.0450519 -1.48589 -0.989726 0.0444859 0.13631 59.1143
0.143694 0.0479027 0.988501 47.0096 0.037101 0.997896 -0.0537522 -1.52426 -0.988973 0.0443957 0.141616 59.2504
0.150519 0.0524862 0.987265 47.7844 0.0354951 0.997693 -0.0584547 -1.55888 -0.988029 0.0438387 0.148309 59.3911
0.156887 0.0563239 0.986049 48.6476 0.0309967 0.997632 -0.0619183 -1.59399 -0.987178 0.040276 0.154771 59.5611
0.163474 0.0543038 0.985105 49.4678 0.0276323 0.997875 -0.0595956 -1.64413 -0.98622 0.0369603 0.161626 59.7267
0.170862 0.05244 0.983938 50.2867 0.027751 0.997962 -0.0580076 -1.6895 -0.984952 0.0372142 0.16906 59.8822
0.176923 0.0491212 0.983052 51.0758 0.0274976 0.998152 -0.0548269 -1.73148 -0.983901 0.036729 0.175244 60.0473
0.185612 0.0437264 0.981689 51.9244 0.0257305 0.998482 -0.0493405 -1.77161 -0.982335 0.0344151 0.184206 60.1971
0.192534 0.0366695 0.980659 52.7568 0.0232773 0.998885 -0.0419233 -1.80697 -0.981075 0.0308962 0.191465 60.3726
0.199446 0.0341026 0.979354 53.6085 0.0232735 0.998978 -0.0395269 -1.84904 -0.979681 0.030674 0.198449 60.5651
0.206584 0.0358385 0.977827 54.3946 0.0225097 0.998925 -0.0413697 -1.88601 -0.97823 0.0305543 0.205554 60.7233
0.212325 0.041245 0.976367 55.2235 0.0230972 0.998649 -0.0472102 -1.93565 -0.976975 0.0325728 0.211086 60.9216
0.217475 0.043982 0.975129 56.0396 0.0216874 0.998554 -0.0498777 -1.98389 -0.975885 0.0319925 0.216206 61.1175
0.222578 0.0464794 0.973846 56.8343 0.0202648 0.998457 -0.0522868 -2.03054 -0.974753 0.0313703 0.221293 61.3034
0.228893 0.0462816 0.972406 57.6065 0.0176376 0.998543 -0.0516796 -2.06926 -0.973353 0.0289774 0.227741 61.4759
0.23459 0.0430276 0.971181 58.355 0.0216923 0.99857 -0.0494821 -2.10403 -0.971901 0.0326727 0.233321 61.6373
0.239509 0.0361502 0.970277 59.1205 0.0230518 0.998848 -0.042907 -2.13629 -0.970682 0.0326402 0.238398 61.8227
0.242604 0.0300369 0.969701 59.8978 0.0211889 0.999149 -0.0362517 -2.16943 -0.969943 0.029339 0.24176 62.0385
0.246424 0.0265707 0.968854 60.6592 0.0175326 0.999373 -0.0318691 -2.20403 -0.969065 0.0248369 0.245802 62.2445
0.250259 0.0263132 0.967863 61.379 0.0164408 0.999403 -0.0314233 -2.23336 -0.968089 0.0237738 0.249676 62.4279
0.254534 0.0283296 0.966707 62.1194 0.0151078 0.999367 -0.0332664 -2.25665 -0.967009 0.0230686 0.253943 62.6052
0.256221 0.0320446 0.966129 62.8373 0.0111101 0.999319 -0.0360933 -2.29016 -0.966605 0.0199789 0.25569 62.8094
0.259446 0.0358225 0.965152 63.5273 0.0102234 0.999189 -0.0398357 -2.32415 -0.965768 0.0201984 0.258867 62.9817
0.262889 0.0403468 0.964025 64.2212 0.0103909 0.998982 -0.0446447 -2.35636 -0.964821 0.0217508 0.262202 63.1658
0.265141 0.0426968 0.963323 64.9043 0.0114374 0.998845 -0.047421 -2.37936 -0.964207 0.0235871 0.264344 63.3474
0.266499 0.0430015 0.96292 65.5948 0.00924251 0.998878 -0.0471665 -2.40452 -0.963843 0.0214665 0.265802 63.5542
0.266251 0.0402373 0.963124 66.235 0.0104362 0.998984 -0.0446221 -2.42216 -0.963916 0.0219276 0.265558 63.7377
0.26694 0.0395269 0.962947 66.8915 0.00913497 0.999044 -0.0435422 -2.43871 -0.963723 0.0204165 0.266323 63.9192
0.267361 0.0387087 0.962879 67.5276 0.0105003 0.999051 -0.0430801 -2.45992 -0.963608 0.021624 0.266699 64.0821
0.266095 0.0375755 0.96326 68.1752 0.0108752 0.999094 -0.0419787 -2.48716 -0.963939 0.0216428 0.265445 64.264
0.266092 0.0385317 0.963237 68.8013 0.00996596 0.999072 -0.0427198 -2.51144 -0.963965 0.0209625 0.265458 64.4146
0.263387 0.0415539 0.963842 69.4229 0.00872444 0.998964 -0.0454533 -2.53926 -0.964705 0.0203777 0.262751 64.5954
0.260721 0.0454054 0.964405 70.0149 0.0107031 0.99873 -0.0499166 -2.56414 -0.965424 0.0233319 0.259902 64.7567
0.259132 0.0467019 0.96476 70.6239 0.0137673 0.998585 -0.0520384 -2.57392 -0.965797 0.0267638 0.258123 64.9123
0.256393 0.0455319 0.965559 71.2112 0.0131337 0.998669 -0.0505822 -2.60244 -0.966552 0.0256457 0.255452 65.0792
0.253565 0.0427169 0.966423 71.7953 0.0125672 0.99883 -0.047448 -2.63117 -0.96729 0.0241733 0.252731 65.2371
0.250345 0.0388715 0.967435 72.3676 0.0125984 0.999013 -0.0434017 -2.66175 -0.968144 0.0230489 0.249606 65.3988
0.248006 0.0370981 0.968097 72.9095 0.0168414 0.998987 -0.0425976 -2.69247 -0.968667 0.0268654 0.24713 65.5346
0.24808 0.037321 0.968079 73.4038 0.0197407 0.998891 -0.0435689 -2.7178 -0.968608 0.0299143 0.247065 65.6262
0.244882 0.0382468 0.96885 73.939 0.0233766 0.998736 -0.0453364 -2.7534 -0.969328 0.0337469 0.243679 65.7616
0.243332 0.0394102 0.969203 74.4833 0.0220011 0.99873 -0.0461359 -2.79143 -0.969765 0.032545 0.242154 65.8953
0.241539 0.0418468 0.969541 75.0257 0.021036 0.998648 -0.048345 -2.82137 -0.97022 0.0320689 0.240332 66.042
0.238759 0.0391496 0.970351 75.5599 0.021895 0.998753 -0.0456843 -2.86986 -0.970904 0.0321484 0.237602 66.1941
0.239519 0.0362161 0.970269 76.1286 0.0281819 0.998663 -0.0442342 -2.90141 -0.970541 0.0379354 0.238179 66.3201
0.242527 0.0338547 0.969617 76.6939 0.0333848 0.998545 -0.0432167 -2.92267 -0.969642 0.0428462 0.241043 66.4287
0.245339 0.0325381 0.968945 77.2522 0.0365301 0.998456 -0.04278 -2.94531 -0.968807 0.0458875 0.243772 66.5454
0.249073 0.0321271 0.968015 77.8259 0.034484 0.998558 -0.0420151 -2.97176 -0.967943 0.0438403 0.247605 66.6998
0.252918 0.0327104 0.966989 78.4056 0.0333851 0.998577 -0.0425123 -2.99718 -0.96697 0.0430313 0.251467 66.8935
0.259734 0.0313293 0.965236 78.9716 0.0355894 0.998522 -0.0419878 -3.01135 -0.965098 0.045252 0.258232 67.0415
0.266655 0.0316497 0.963327 79.5675 0.0344136 0.998549 -0.0423342 -3.02762 -0.963237 0.0444362 0.265179 67.2386
0.2757 0.029604 0.960853 80.1396 0.0351936 0.998584 -0.0408663 -3.04327 -0.960672 0.0450771 0.274265 67.3876
0.284531 0.029759 0.95826 80.7383 0.0314992 0.998727 -0.04037 -3.07183 -0.958209 0.0416671 0.283231 67.5806
0.294722 0.0293461 0.955198 81.3154 0.0304637 0.998771 -0.0400857 -3.09739 -0.955171 0.0409075 0.293463 67.748
0.30431 0.033229 0.952051 81.9161 0.0253968 0.998793 -0.0429796 -3.12353 -0.952297 0.0372541 0.303098 67.9575
0.312697 0.0358419 0.949243 82.4803 0.0220463 0.998785 -0.0449764 -3.13999 -0.949672 0.0349859 0.311523 68.1625
0.321437 0.0392377 0.946176 83.1646 0.0180024 0.998748 -0.0475348 -3.16783 -0.946823 0.0323087 0.320326 68.4946
0.332966 0.0412077 0.942106 83.7666 0.0167622 0.99867 -0.0496076 -3.1892 -0.942865 0.0323041 0.331827 68.6727
0.342752 0.042376 0.938529 84.418 0.0141241 0.998677 -0.0502509 -3.20922 -0.939383 0.0304752 0.341697 68.9321
0.353158 0.0421807 0.934681 85.0471 0.0135716 0.998688 -0.0501987 -3.24545 -0.935541 0.030408 0.352117 69.1783
0.363987 0.0429837 0.930471 85.7131 0.00955474 0.998751 -0.0498766 -3.27704 -0.93142 0.0270406 0.363118 69.4432
0.37388 0.0381138 0.926763 86.3726 0.00998647 0.998973 -0.0451138 -3.30758 -0.927499 0.0261171 0.373109 69.7294
0.385287 0.030873 0.922342 87.0262 0.0140773 0.999169 -0.0393264 -3.33024 -0.922755 0.0281316 0.384528 69.9686
0.395273 0.0258228 0.918271 87.6827 0.0167561 0.999277 -0.0353149 -3.35882 -0.918487 0.0293404 0.394548 70.2629
0.405764 0.0226175 0.913761 88.4066 0.0158595 0.99941 -0.0317816 -3.38603 -0.913907 0.027383 0.405161 70.5916
0.41478 0.0193064 0.909789 89.0908 0.0229617 0.999276 -0.0316751 -3.4046 -0.90971 0.0340231 0.414029 70.8927
0.422785 0.0146597 0.906176 89.7815 0.0290494 0.999178 -0.0297193 -3.40036 -0.905832 0.0388836 0.422006 71.213
0.430949 0.00433746 0.902439 90.4917 0.0397441 0.998969 -0.0237819 -3.41005 -0.901579 0.0461094 0.430323 71.5119
0.437546 0.000958395 0.899262 91.2211 0.0440958 0.998817 -0.0225216 -3.4154 -0.898183 0.0495022 0.43698 71.8522
0.443949 -9.70677e-05 0.896128 91.9224 0.0470915 0.998662 -0.0232225 -3.44337 -0.894895 0.0525028 0.443351 72.2104
0.452571 0.00761373 0.891763 92.7165 0.0468408 0.998424 -0.0322978 -3.45427 -0.890567 0.056382 0.451496 72.5826
0.45726 0.010555 0.889348 93.3819 0.0507688 0.998031 -0.0379488 -3.49271 -0.887966 0.0624961 0.455815 72.9718
0.462055 0.0134893 0.886819 94.1248 0.0489827 0.998015 -0.0407037 -3.51075 -0.885569 0.0622398 0.460472 73.3823
0.467722 0.0167811 0.883795 94.8083 0.0415861 0.998337 -0.0409655 -3.5077 -0.882982 0.055907 0.466236 73.7166
0.470891 0.0208146 0.882017 95.6075 0.0345788 0.998563 -0.0420278 -3.56479 -0.881584 0.0502839 0.469489 74.228
0.47317 0.0237207 0.880731 96.3468 0.0337742 0.998456 -0.0450382 -3.61626 -0.880409 0.05105 0.471629 74.7026
0.477139 0.0278114 0.878461 97.1017 0.0298079 0.998458 -0.0478025 -3.68129 -0.878394 0.0489879 0.475568 75.1639
0.480632 0.0315417 0.876435 97.802 0.0262818 0.998428 -0.0503468 -3.7157 -0.876614 0.0472262 0.479038 75.5745
0.484831 0.0309521 0.874134 98.4576 0.0247455 0.998535 -0.0490837 -3.73845 -0.874331 0.0454226 0.483347 75.9254
0.489294 0.0284461 0.871736 99.1354 0.0257238 0.998605 -0.0470264 -3.77068 -0.871826 0.0454275 0.487869 76.3062
0.493566 0.0260423 0.869394 99.7521 0.0257965 0.99872 -0.044563 -3.79294 -0.8694 0.0444162 0.492256 76.6216
0.498726 0.0254087 0.866469 100.411 0.0253181 0.99876 -0.0438629 -3.8188 -0.866477 0.0438064 0.497453 76.9815
0.502418 0.0277244 0.864257 101.05 0.023724 0.998714 -0.0458307 -3.83834 -0.864374 0.0435239 0.501107 77.3628
0.50606 0.0268304 0.862163 101.639 0.0252801 0.998668 -0.045919 -3.88057 -0.862217 0.0450268 0.504695 77.6853
0.504776 0.0253512 0.862955 102.216 0.0272995 0.998648 -0.0453075 -3.91029 -0.862895 0.0464223 0.503393 78.0966
0.507817 0.0236869 0.861223 102.835 0.0302464 0.998559 -0.0453009 -3.93392 -0.861026 0.0490465 0.506356 78.4356
0.510586 0.0239638 0.85957 103.435 0.0293611 0.99859 -0.0452815 -3.95787 -0.859402 0.0483518 0.509155 78.7827
0.514597 0.023681 0.857189 104.021 0.0305405 0.998522 -0.0459218 -3.98205 -0.856981 0.0498031 0.513099 79.0851
0.517193 0.0259981 0.85555 104.581 0.0299863 0.998423 -0.0484684 -4.00499 -0.855419 0.0507161 0.51559 79.4172
0.519919 0.0263051 0.853895 105.129 0.0329099 0.99821 -0.050791 -4.02695 -0.853674 0.0545014 0.518109 79.7362
0.522183 0.0254468 0.852532 105.679 0.0348898 0.998129 -0.0511647 -4.06161 -0.852196 0.0564556 0.520309 80.1007
0.525204 0.0229918 0.850751 106.215 0.038985 0.997979 -0.0510394 -4.08744 -0.850177 0.0599648 0.523232 80.4316
0.529025 0.0219187 0.848401 106.733 0.040708 0.997908 -0.0511668 -4.11205 -0.847705 0.0615987 0.527018 80.7282
0.531267 0.0214702 0.847018 107.255 0.0417516 0.997845 -0.0514824 -4.14681 -0.84627 0.0627071 0.529211 81.0906
0.534451 0.0212902 0.845007 107.739 0.0415543 0.997859 -0.0514255 -4.17462 -0.844252 0.0625915 0.532414 81.3677
0.537751 0.0206536 0.842937 108.247 0.0428493 0.997783 -0.0517846 -4.21146 -0.842111 0.063958 0.535659 81.6942
0.541828 0.0219239 0.84028 108.744 0.0420364 0.997748 -0.0531401 -4.24547 -0.839513 0.0641083 0.539678 82.0173
0.545922 0.0218273 0.837639 109.246 0.0441495 0.997567 -0.0547698 -4.27608 -0.836769 0.0668727 0.543615 82.3523
0.55066 0.0252711 0.834425 109.724 0.0416381 0.997512 -0.0576904 -4.31229 -0.833767 0.0665047 0.54823 82.6654
0.556468 0.0310836 0.830377 110.208 0.0377727 0.997364 -0.0626488 -4.35434 -0.830108 0.0662188 0.553812 82.9926
0.562366 0.0382357 0.826083 110.681 0.0326976 0.997167 -0.0684155 -4.38899 -0.826319 0.0654786 0.559515 83.3271
0.568184 0.0443843 0.821795 111.145 0.028086 0.996961 -0.0732646 -4.42314 -0.822522 0.0647 0.565195 83.667
0.5742 0.0486444 0.817349 111.618 0.0244139 0.99682 -0.0764783 -4.46939 -0.818429 0.063862 0.571178 84.0261
0.579649 0.049462 0.813456 112.099 0.020119 0.997028 -0.0749619 -4.5046 -0.814719 0.0598091 0.576914 84.3861
0.584832 0.0492334 0.809741 112.578 0.0139361 0.997447 -0.0707129 -4.54153 -0.811114 0.0526334 0.582643 84.7597
0.59092 0.0480098 0.805394 113.07 0.00678947 0.997941 -0.0644707 -4.5821 -0.806804 0.0435575 0.58936 85.1347
0.596501 0.0467679 0.801332 113.567 0.000302744 0.998336 -0.0584923 -4.62501 -0.802693 0.0351273 0.595484 85.5365
0.603129 0.0451739 0.796459 114.058 -0.00253843 0.998544 -0.0547154 -4.66072 -0.797744 0.0309714 0.602346 85.8961
0.60947 0.0489174 0.791383 114.559 -0.00830974 0.998483 -0.05532 -4.7 -0.792847 0.0271338 0.608941 86.2999
0.615399 0.053084 0.786523 115.067 -0.0125674 0.998309 -0.0575467 -4.73557 -0.788221 0.0255226 0.615005 86.7243
0.621552 0.0562551 0.781438 115.573 -0.0167863 0.998195 -0.0585082 -4.78927 -0.783277 0.0232426 0.621363 87.1303
0.628094 0.0585388 0.776031 116.101 -0.019192 0.998074 -0.0597571 -4.82495 -0.778008 0.0226326 0.627987 87.5646
0.635158 0.0595926 0.770168 116.63 -0.0223079 0.998069 -0.0588296 -4.86376 -0.772145 0.0201795 0.635249 88.0035
0.641405 0.061701 0.764818 117.167 -0.0282505 0.998029 -0.0568256 -4.90593 -0.766791 0.0148353 0.641863 88.4865
0.648712 0.0598135 0.758771 117.698 -0.0314723 0.998212 -0.0517817 -4.97404 -0.760471 0.00970535 0.649422 88.9146
0.655399 0.0577629 0.753173 118.247 -0.0324185 0.998348 -0.0483587 -5.02219 -0.754697 0.00727148 0.656168 89.4228
0.663394 0.0575102 0.74615 118.813 -0.0323211 0.998364 -0.048214 -5.05002 -0.747662 0.00786279 0.664154 89.9255
0.671415 0.0593659 0.738804 119.379 -0.0361762 0.998268 -0.0473411 -5.08733 -0.74031 0.00505263 0.672377 90.4547
0.679724 0.0597765 0.731124 119.938 -0.0367406 0.998247 -0.0474595 -5.11297 -0.73264 0.0053918 0.680714 90.9587
0.68653 0.0606292 0.724677 120.499 -0.0388063 0.998198 -0.0467523 -5.14074 -0.72618 0.00396918 0.687622 91.507
0.691024 0.0591213 0.720509 121.055 -0.0387262 0.998296 -0.0447745 -5.18017 -0.721889 0.00303222 0.692122 92.0694
0.695435 0.0577606 0.716373 121.66 -0.0377577 0.998371 -0.0438465 -5.20853 -0.717713 0.00343816 0.696458 92.6195
0.699719 0.0554961 0.712362 122.251 -0.0344767 0.998491 -0.0439232 -5.22767 -0.713684 0.00616859 0.700561 93.1727
0.70275 0.0511132 0.709709 122.843 -0.0287643 0.998688 -0.0434458 -5.25875 -0.710973 0.0101112 0.703273 93.7826
0.706739 0.0440071 0.706209 123.442 -0.0210159 0.998981 -0.041221 -5.2968 -0.707262 0.0142853 0.706928 94.3523
0.710449 0.0370912 0.702883 124.052 -0.0146782 0.999221 -0.037895 -5.33283 -0.703715 0.016599 0.710414 94.9548
0.713058 0.0315209 0.700501 124.647 -0.00913177 0.999374 -0.0356759 -5.35728 -0.701147 0.0190363 0.712883 95.5646
0.715758 0.030339 0.697803 125.241 -0.00888892 0.999418 -0.0343372 -5.37819 -0.698412 0.0183679 0.715585 96.1878
0.717949 0.0311233 0.695506 125.835 -0.00901772 0.999383 -0.0354147 -5.40562 -0.69614 0.0191481 0.71777 96.8234
0.721245 0.0356161 0.69188 126.45 -0.0144378 0.99928 -0.0363921 -5.4341 -0.692652 0.016252 0.721213 97.4889
0.723646 0.0390847 0.689171 127.063 -0.0207166 0.999228 -0.0349173 -5.46455 -0.689964 0.0109848 0.72388 98.1828
0.726065 0.0355393 0.686825 127.647 -0.0209403 0.999391 -0.0295786 -5.50017 -0.687432 0.00708762 0.726339 98.8142
0.730517 0.0328102 0.682214 128.28 -0.0242229 0.999514 -0.0221334 -5.52818 -0.68257 -0.000361676 0.730939 99.4788
0.733405 0.0273094 0.679363 128.884 -0.0235474 0.999662 -0.014767 -5.54759 -0.679511 -0.00517281 0.733771 100.144
0.737504 0.0227588 0.675071 129.511 -0.0209899 0.999776 -0.0107757 -5.56342 -0.675125 -0.0062278 0.737796 100.834
0.741287 0.0188657 0.671045 130.108 -0.0147735 0.999869 -0.0117927 -5.57408 -0.671156 -0.00117794 0.741439 101.499
0.744972 0.0151488 0.667038 130.691 -0.00439651 0.999887 -0.0177995 -5.58276 -0.667192 0.0103218 0.744933 102.159
0.748292 0.0159576 0.663302 131.32 0.00118029 0.999724 -0.025385 -5.59811 -0.6635 0.0197712 0.748037 102.928
0.752797 0.016095 0.658171 131.941 0.00432961 0.999613 -0.0293988 -5.61405 -0.658351 0.0249748 0.752414 103.67
0.758193 0.0116979 0.652053 132.557 0.00705763 0.999681 -0.026143 -5.63081 -0.652127 0.0244161 0.757838 104.38
0.762326 0.00641586 0.647279 133.179 0.0115389 0.999712 -0.0235012 -5.65397 -0.647205 0.0253782 0.76201 105.179
0.767376 0.00281495 0.641321 133.764 0.0164502 0.999623 -0.0240732 -5.67142 -0.641123 0.0290154 0.767009 105.812
0.769677 0.00363566 0.638542 134.345 0.0185497 0.999489 -0.0280521 -5.72112 -0.63828 0.0334293 0.769194 106.624
0.77436 0.00503751 0.632856 134.96 0.0182433 0.999423 -0.0302799 -5.72798 -0.63262 0.0349851 0.77379 107.325
0.777122 0.00203026 0.629468 135.567 0.0210568 0.999406 -0.0292219 -5.75232 -0.629116 0.0359568 0.776596 108.087
0.777418 -0.00346488 0.629108 136.122 0.0238064 0.999478 -0.0239161 -5.79048 -0.628674 0.0335618 0.777064 108.793
0.779535 -0.00824171 0.626429 136.754 0.0284487 0.999403 -0.0222556 -5.78807 -0.625834 0.0351632 0.779283 109.55
0.780965 -0.0130968 0.624572 137.381 0.0327136 0.999313 -0.0199525 -5.79268 -0.62386 0.0360063 0.780826 110.285
0.781637 -0.0142582 0.623696 137.996 0.0335112 0.999311 -0.0191551 -5.80025 -0.622955 0.0358662 0.781553 111.062
0.78133 -0.0132501 0.624113 138.584 0.0313228 0.999397 -0.0179982 -5.82153 -0.623475 0.0336039 0.781241 111.805
0.781273 -0.0120219 0.6242 139.186 0.0308547 0.999391 -0.0193735 -5.83093 -0.623549 0.0343885 0.781148 112.561
0.78 -0.00808697 0.625863 139.765 0.0269486 0.999474 -0.0206736 -5.84357 -0.625342 0.032984 0.779775 113.301
0.780174 -0.00472685 0.625671 140.409 0.0232432 0.999555 -0.0214337 -5.87321 -0.625253 0.0312577 0.779916 114.027
0.779479 -0.00187388 0.626562 141.03 0.0183664 0.999684 -0.019862 -5.90484 -0.626303 0.0269824 0.779235 114.788
0.777985 -0.000194659 0.628411 141.64 0.0151676 0.999772 -0.0184702 -5.93451 -0.628223 0.0238944 0.77779 115.526
0.776421 -0.000758839 0.63035 142.245 0.0136653 0.999835 -0.0156314 -5.95736 -0.630211 0.0207434 0.776271 116.244
0.77456 -0.00174827 0.632625 142.857 0.0116276 0.999924 -0.0114748 -5.98075 -0.632516 0.0162374 0.7745 116.991
0.772345 -0.0061452 0.63531 143.456 0.0161962 0.99987 -0.0100211 -5.98166 -0.63514 0.0180224 0.772313 117.691
0.769794 -0.00224926 0.638415 144.048 0.0155182 0.999822 -0.0151909 -5.99594 -0.638226 0.0215942 0.769671 118.382
0.767673 0.00745124 0.640934 144.663 0.00969333 0.999734 -0.0232357 -6.01673 -0.640913 0.0240431 0.767365 119.116
0.764239 0.0113904 0.644959 145.285 0.00845332 0.99964 -0.0276727 -6.06064 -0.645 0.0265939 0.763846 119.949
0.762356 0.0108794 0.647201 145.865 0.00606939 0.999744 -0.0239584 -6.07205 -0.647273 0.022186 0.762064 120.571
0.759284 0.0093718 0.650819 146.523 0.00300483 0.999896 -0.0179059 -6.09602 -0.650874 0.0155449 0.759156 121.36
0.756244 0.00732316 0.654383 147.14 0.00122458 0.999969 -0.0126095 -6.11738 -0.654432 0.0103307 0.756182 122.089
0.75295 0.00717913 0.658166 147.757 0.00139144 0.999981 -0.0125012 -6.12919 -0.658199 0.0103224 0.752905 122.822
0.751406 0.00504609 0.659953 148.39 0.00327603 0.99998 -0.0113794 -6.14168 -0.659974 0.010706 0.751345 123.469
0.750075 0.00327775 0.661472 149.037 0.00741925 0.999943 -0.01337 -6.15109 -0.661431 0.0149298 0.74999 124.135
0.747714 0.00115262 0.664152 149.67 0.0114052 0.999879 -0.014579 -6.16873 -0.664065 0.0184688 0.747581 124.797
0.744691 0.000268318 0.667537 150.302 0.0147241 0.999809 -0.0168302 -6.18505 -0.667368 0.0223554 0.744527 125.474
0.741498 0.000994331 0.671086 150.939 0.0139695 0.99981 -0.0169202 -6.18974 -0.670951 0.021914 0.741314 126.161
0.736824 0.0038505 0.6762 151.566 0.010691 0.999851 -0.0173451 -6.19331 -0.676118 0.0200029 0.736658 126.878
0.731971 0.0044833 0.68145 152.173 0.0106932 0.99983 -0.0180673 -6.19808 -0.681391 0.0205046 0.731771 127.531
0.725343 0.00694789 0.688477 152.772 0.00675775 0.999888 -0.017212 -6.23602 -0.688472 0.0171305 0.7252 128.197
0.71941 0.0139933 0.694572 153.414 0.00228193 0.999796 -0.0225094 -6.25547 -0.694719 0.0177716 0.719203 128.897
0.71781 0.019524 0.696089 154.123 0.000519263 0.999652 -0.0285757 -6.24281 -0.696355 0.0208668 0.717535 129.544
0.712528 0.0220831 0.701423 154.79 6.00674e-05 0.999554 -0.0315338 -6.25735 -0.70178 0.0225038 0.712182 130.209
0.706169 0.0162226 0.70798 155.43 -0.000422541 0.999808 -0.0224898 -6.28461 -0.708159 0.015576 0.706024 130.873
0.700288 0.0130206 0.713866 156.103 -0.00650768 0.99996 -0.0118586 -6.29455 -0.713966 0.00365262 0.700319 131.548
0.69386 0.0064761 0.720202 156.731 -0.00356899 1.00004 -0.00555566 -6.29747 -0.720215 0.0012784 0.693895 132.199
0.686486 0.00880633 0.727212 157.418 -0.00783263 1.00001 -0.00471982 -6.26434 -0.727234 -0.00246166 0.686537 132.894
0.679437 0.00976098 0.733789 158.105 -0.00709046 1.00001 -0.0067388 -6.27501 -0.733813 -0.000630215 0.6795 133.513
0.672934 0.00901085 0.739769 158.727 -0.00175878 0.999994 -0.0105844 -6.28175 -0.739832 0.00581516 0.672923 134.058
0.666177 0.0169927 0.745719 159.464 -0.00217059 0.999843 -0.0208459 -6.30284 -0.745904 0.0122619 0.666094 134.711
0.658422 0.01901 0.75253 160.221 0.000781557 0.999718 -0.0259414 -6.28784 -0.752781 0.0176615 0.658198 135.405
0.652387 0.0148545 0.75786 160.945 0.00308529 0.999809 -0.022255 -6.3053 -0.757993 0.0168504 0.652204 135.99
0.645814 0.00883647 0.763563 161.674 0.00683781 0.99988 -0.0173578 -6.32284 -0.763595 0.0164238 0.645654 136.574
0.63909 0.00829872 0.769205 162.409 0.0067412 0.999904 -0.0163908 -6.33725 -0.769215 0.0156537 0.638961 137.196
0.631397 0.00924784 0.775522 163.082 0.00475055 0.999919 -0.0157947 -6.37167 -0.775574 0.0136498 0.63128 137.784
0.62364 0.00724056 0.781798 163.818 0.00852834 0.999895 -0.0160659 -6.38135 -0.78178 0.0166799 0.623502 138.453
0.617272 0.00241423 0.786861 164.54 0.0122569 0.999899 -0.0126863 -6.38294 -0.786782 0.017468 0.61716 139.053
0.611729 -0.000135874 0.791186 165.245 0.0122861 0.999942 -0.00932988 -6.40015 -0.791086 0.0154209 0.611685 139.614
0.607266 -0.00154682 0.794611 165.99 0.0106487 0.999979 -0.00619494 -6.42061 -0.794554 0.0122164 0.60725 140.219
0.602618 0.00146524 0.798148 166.756 0.00928056 0.999978 -0.00884513 -6.41956 -0.79809 0.0127305 0.602582 140.819
0.600332 0.00417706 0.799854 167.435 0.0110146 0.999903 -0.0134922 -6.39967 -0.799802 0.0169026 0.600208 141.252
0.596922 0.0103424 0.802352 168.14 0.0103162 0.999795 -0.0205644 -6.3971 -0.802348 0.0205451 0.596685 141.797
0.593186 0.0134737 0.805066 168.872 0.00785448 0.999771 -0.0225229 -6.40494 -0.805155 0.0196764 0.592924 142.385
0.590724 0.00957266 0.806936 169.564 0.00767767 0.999878 -0.0174841 -6.41317 -0.806951 0.0165164 0.590571 142.873
0.588665 0.00117219 0.808489 170.275 0.0118514 0.999934 -0.0100823 -6.42002 -0.808416 0.0155096 0.588594 143.39
