0.999998 0.00135744 0.00142316 -0.00932599 -0.0013506 0.999988 -0.0048319 -0.00763977 -0.00142965 0.00482969 0.999987 0.951653
1 -0.000584888 0.000925024 -0.00387731 0.00058497 1 4.37683e-05 -0.00894152 -0.000925189 -4.29045e-05 1 0.954021
0.999998 -0.000787274 0.00130069 -0.00643432 0.000784204 0.999997 0.00229719 -0.000617788 -0.00130222 -0.00229654 0.999996 0.948855
0.999999 -0.000823129 -0.00183379 -0.00249132 0.000827194 0.999997 0.00217333 -0.000618056 0.00183179 -0.00217446 0.999997 0.955168
0.999998 -0.000779405 -0.00142703 -0.00272085 0.00078001 1 0.000541605 -0.0165163 0.00142688 -0.000543207 0.999998 0.937595
0.999997 -0.00254763 0.000243942 -0.00263541 0.00254825 0.999995 -0.00190733 -0.00930261 -0.000239357 0.00190835 0.999999 0.934634
0.999999 0.000537834 -0.00177891 0.00285317 -0.000538099 1 -6.93979e-05 0.000447319 0.00177914 6.99881e-05 0.999998 0.928069
0.999999 -0.000386438 -0.000565287 -0.00459169 0.000386727 1 0.000210424 -0.00556177 0.000564987 -0.000210284 1 0.92752
1 0.000222509 5.31781e-05 -0.00967676 -0.000222825 1 0.00129058 -0.00581144 -5.26786e-05 -0.00129091 0.999998 0.928157
0.999998 0.000161067 -0.00165192 0.000690931 -0.000158248 0.999999 0.00156683 -0.00555085 0.00165214 -0.00156621 0.999999 0.925666
1 0.000313511 -0.000886982 -0.00257649 -0.000312399 0.999999 0.00141485 -0.00840822 0.000887574 -0.00141489 0.999997 0.915784
1 -0.000211039 0.000440303 -0.00222724 0.000210771 1 0.000982938 -0.00836455 -0.00044061 -0.000982521 1 0.912204
0.999999 -0.000138166 -0.00161279 0.00369003 0.000138724 1 0.000428918 -0.00264286 0.00161296 -0.000429516 0.999997 0.911455
0.999999 0.000104672 -0.000748619 -0.00216696 -0.000104418 1 0.000124108 -0.000435476 0.000748382 -0.000123634 1 0.903376
1 -4.73565e-05 -0.000161936 -0.00271526 4.72154e-05 1 0.000142381 0.000524169 0.000162208 -0.000142743 0.999999 0.899604
0.999996 0.000195926 -0.00265644 0.00169271 -0.000195573 1 8.64333e-05 -0.0010385 0.00265615 -8.55439e-05 0.999998 0.901312
1 0.000347302 -0.00145121 -0.00390716 -0.000347352 1 5.29915e-05 -0.00365958 0.00145155 -5.28129e-05 0.999998 0.895088
1 0.000466187 -0.000421189 -0.00278168 -0.000465943 1 0.000234526 -0.00274617 0.000421001 -0.000233994 1 0.873847
0.999998 0.000761581 -0.00179682 -0.00805501 -0.000761571 1 0.000119401 0.00224797 0.00179725 -0.000118377 0.999998 0.890353
1 -4.30515e-05 -0.00134386 -0.00981905 4.43438e-05 1 0.000728564 -0.00846326 0.00134344 -0.000728244 1 0.880271
1 -0.000200136 -0.000442466 -0.00992019 0.000200241 1 0.000843297 -0.00350416 0.000442755 -0.000843794 0.999999 0.880379
0.999999 0.000106314 -0.00203958 -0.00548342 -0.000104624 1 0.000660846 -0.00390824 0.00203917 -0.00066018 0.999999 0.883393
0.999999 -6.68567e-05 -0.00161386 -0.00394088 6.74042e-05 1 0.000585017 -0.0111417 0.00161427 -0.00058554 0.999997 0.870932
1 0.000353293 -0.000815223 -0.00688087 -0.000352703 1 0.00031237 -0.00761045 0.000814834 -0.000311665 1 0.852812
0.999997 0.000135217 -0.00213708 -0.00404001 -0.000134656 1 0.000419084 -0.00488544 0.00213769 -0.000419244 0.999996 0.865738
1 -0.000130618 1.6744e-05 -0.00637372 0.000130919 1 0.00132505 -0.00490278 -1.75546e-05 -0.00132464 1 0.845692
0.999999 -0.000506328 -0.00148893 -0.00508694 0.000508983 0.999998 0.00198449 -0.00834486 0.00148857 -0.00198568 0.999995 0.859662
1 0.000253215 -0.0005062 -0.00341517 -0.00025236 1 0.00107167 -0.00721085 0.000505729 -0.00107103 1 0.840475
1 0.000258637 0.000463935 -0.00531032 -0.000259142 1 0.000299381 -0.00604206 -0.000463158 -0.000299994 0.999999 0.820164
0.999999 0.000537907 -0.001262 -0.00458306 -0.000537215 1 0.000203805 -0.00712178 0.0012615 -0.000202628 1 0.822622
1 3.71584e-05 -0.000669738 -0.00474231 -3.73545e-05 0.999999 0.000409907 -0.0055815 0.000670365 -0.000410367 0.999999 0.798789
1 0.000270705 -0.000198607 -0.0051969 -0.000270143 1 0.00044378 -0.00493437 0.000198092 -0.000443268 1 0.785599
0.999999 0.000216028 -0.00178791 -0.00305708 -0.000215842 1 0.000443447 -0.00901697 0.00178853 -0.000443542 0.999997 0.786888
0.999998 0.000435055 -0.00181384 -0.00369212 -0.000433863 1 0.000349574 -0.00538815 0.00181353 -0.000348291 0.999999 0.771253
1 0.000326333 -0.000959329 -0.00535057 -0.000326384 1 0.000538931 -0.00786053 0.000959912 -0.000539104 0.999999 0.763739
0.999997 6.96943e-05 -0.00261954 -0.00453306 -6.68405e-05 1 0.000857405 -0.00705739 0.00261919 -0.000856713 0.999998 0.756952
0.999998 0.000168498 -0.00190157 -0.00376473 -0.000166949 0.999999 0.00116594 -0.00838326 0.00190215 -0.00116615 0.999996 0.746855
0.999999 0.00032705 -0.0013873 -0.00593941 -0.000325439 1 0.000675838 -0.00405273 0.00138718 -0.000674874 1 0.737912
0.999997 0.00048346 -0.00242278 -0.00446116 -0.000482932 0.999999 0.000510541 -0.00582152 0.00242336 -0.000509875 0.999996 0.723474
0.999997 0.00173346 -0.00162379 -0.0138467 -0.0017334 0.999999 -0.000417221 -0.00236526 0.00162276 0.000420557 0.999999 0.730087
0.999997 0.00019378 -0.00223497 -0.0073078 -0.000193671 0.999999 0.000372015 -0.00656495 0.00223529 -0.000372107 0.999997 0.703062
0.999999 5.72549e-05 -0.00164989 -0.00639081 -5.5326e-05 1 0.000722937 -0.00545615 0.00164963 -0.000722262 0.999999 0.696794
1 0.000194915 -0.000607943 -0.00879863 -0.000195257 0.999999 0.000671763 -0.000870721 0.000608279 -0.000672228 0.999999 0.689944
1 0.000453059 -0.000485738 -0.00649976 -0.000452295 1 0.00024471 -0.00021454 0.000485583 -0.00024387 1 0.670864
0.999999 0.000455204 0.00115979 -0.00840103 -0.000455728 0.999999 -9.68482e-05 -0.00224864 -0.00115952 9.56836e-05 0.999999 0.659742
0.999997 0.000250128 0.00262547 -0.00404522 -0.000249637 1 5.49191e-05 -0.00321276 -0.00262578 -5.49652e-05 0.999997 0.651327
0.999998 -5.82648e-05 0.00152425 -0.000988781 5.71714e-05 0.999999 0.000291086 -0.00542557 -0.00152401 -0.00029161 0.999998 0.639565
0.999996 0.000185953 0.0031969 -0.00164811 -0.00018786 1 0.00080408 -0.00256048 -0.00319702 -0.000804103 0.999996 0.638835
0.999991 0.000341192 0.00389457 -0.00817475 -0.000346265 0.999998 0.00115307 0.00687402 -0.00389407 -0.00115496 0.999992 0.63933
0.999996 0.00171486 0.00303895 -0.00619396 -0.00173308 0.999982 0.00620671 0.00751487 -0.00302831 -0.00621151 0.999977 0.613084
0.999988 0.0004381 0.00447084 -0.00745924 -0.000439689 0.999997 0.000207352 7.88369e-05 -0.00447063 -0.000209753 0.999989 0.601359
0.999984 0.000274082 0.00600664 -0.00363083 -0.000275335 1 0.00031315 -0.00283781 -0.00600668 -0.000314346 0.999983 0.58752
0.999985 -2.49673e-05 0.00509856 -0.0057279 2.07284e-05 0.999998 0.000703724 -0.00142118 -0.00509852 -0.000703968 0.999987 0.563626
0.999979 0.000340747 0.00680493 -0.00517767 -0.000341324 1 0.000181087 0.000403466 -0.00680488 -0.000183095 0.999978 0.548598
0.999969 0.000451906 0.00762675 -0.00325005 -0.00045331 0.999998 9.9942e-05 -0.00636629 -0.00762667 -0.000103644 0.99997 0.527576
0.999979 0.000371403 0.00678987 -0.000983457 -0.000372586 1 0.000267405 -0.00786909 -0.00678982 -0.000269708 0.999978 0.506367
0.999968 0.000697317 0.00777867 -0.00327253 -0.000697777 0.999998 -2.08504e-05 -0.00353748 -0.00777863 1.52701e-05 0.999969 0.489948
0.999967 0.000638788 0.0083405 -0.00318357 -0.000635121 1 -0.000369855 -0.00380908 -0.00834076 0.000364719 0.999967 0.460664
0.999968 9.11095e-05 0.00772432 -0.000754264 -9.29055e-05 0.999998 0.000167624 -0.0122569 -0.00772431 -0.000168542 0.999969 0.445096
0.999968 1.53756e-05 0.0082896 0.00345117 -1.37736e-05 1 -0.000134975 -0.00274217 -0.00828961 0.000135106 0.999967 0.418866
0.99997 2.11055e-05 0.00750978 0.00567132 -2.4068e-05 0.999998 0.000329169 -0.0104113 -0.00750984 -0.000329639 0.999971 0.40188
0.99997 0.000477981 0.00799938 0.00157036 -0.000478412 1 0.000116664 -0.000240306 -0.00799929 -0.000120186 0.999969 0.375381
0.999954 0.000464491 0.00943449 -0.000680549 -0.000463383 0.999998 -0.000174792 -0.0028874 -0.00943459 0.000170092 0.999954 0.356862
0.999966 0.000349007 0.00843951 -0.00477386 -0.000348079 1 -5.18215e-05 -0.00408674 -0.00843944 4.91791e-05 0.999965 0.322887
0.999958 0.000131997 0.00901442 -0.00489578 -0.000134022 0.999999 0.000163447 -0.00877665 -0.0090145 -0.00016491 0.999958 0.305175
0.999956 -0.000392395 0.00966001 0.011176 0.000388416 1 0.000471597 -0.0151243 -0.00966005 -0.000467551 0.999955 0.28516
0.999944 0.000175865 0.010448 0.0062302 -0.000176429 0.999999 -2.7166e-06 -0.00309527 -0.0104482 6.77093e-07 0.999944 0.265519
0.999929 0.000127635 0.012106 0.011417 -0.000124656 1 -0.000195529 0.00036219 -0.0121058 0.000194141 0.999928 0.265822
0.999905 0.000157831 0.0136402 0.0099988 -0.000157103 1 -0.000101183 0.00500837 -0.0136404 9.88992e-05 0.999906 0.263311
0.999883 -7.834e-05 0.0154112 0.00490266 8.28598e-05 1 -0.000251428 0.00255035 -0.0154111 0.000252775 0.999882 0.26374
0.999854 0.00010167 0.016991 0.0098235 -0.00010446 0.999999 0.000125245 -0.00214189 -0.0169911 -0.000127042 0.999855 0.264273
0.99986 7.1029e-06 0.0169048 0.0101578 -8.94052e-06 1 0.000146906 -0.00653648 -0.0169047 -0.000146984 0.999858 0.251344
0.999826 -0.000271196 0.0185384 0.0174026 0.000266479 1 0.000223347 -0.00685529 -0.0185386 -0.000218418 0.999827 0.2572
0.999803 -7.20512e-05 0.0199975 0.0173504 6.86383e-05 1 0.000203061 -0.00383466 -0.0199974 -0.000201599 0.999802 0.255035
0.999792 0.000200202 0.0202618 0.0160836 -0.000201701 1 4.10517e-05 8.17433e-05 -0.0202618 -4.51989e-05 0.999793 0.246149
0.99976 0.000412482 0.022051 0.0119045 -0.000411214 1 -3.39356e-05 0.00066904 -0.0220509 2.49944e-05 0.999759 0.251813
0.999713 6.6991e-05 0.0238075 0.0184994 -7.10347e-05 1 0.000143055 -0.00521519 -0.0238075 -0.000144823 0.999715 0.255898
0.999691 1.23121e-05 0.0249717 0.0152797 -1.63381e-05 1 0.00018394 -0.00565921 -0.0249716 -0.000184198 0.99969 0.248778
0.999633 0.000699899 0.0269769 0.0169592 -0.000706336 1 0.000207026 -0.00174739 -0.0269768 -0.000226019 0.999635 0.263219
0.999574 0.00174056 0.0292398 0.00996126 -0.0017594 0.999998 0.000640514 0.00149165 -0.0292387 -0.000691661 0.999574 0.273991
0.999543 3.36583e-05 0.0301272 0.0184707 -4.17279e-05 1 0.000245855 -0.00953727 -0.030127 -0.000247086 0.999545 0.255982
0.999474 -7.83063e-06 0.032524 0.0291688 2.13023e-07 1 0.000254775 -0.0113045 -0.0325242 -0.000254565 0.999472 0.26126
0.999334 -2.42222e-05 0.0363956 0.0309839 2.44154e-05 1 -2.09173e-05 -0.00546194 -0.0363955 2.17828e-05 0.999336 0.271248
0.999298 0.000195775 0.0375437 0.0343877 -0.000190859 1 -0.000121585 0.0056794 -0.0375439 0.000114413 0.999296 0.262259
0.99919 0.000317021 0.0401624 0.0312491 -0.000316305 0.999999 -3.433e-05 0.00571249 -0.0401623 2.14808e-05 0.999192 0.285671
0.999159 -1.03307e-05 0.04107 0.0284002 9.85353e-06 1 1.98358e-05 0.00101915 -0.0410701 -1.92656e-05 0.999157 0.278041
0.999055 9.66946e-05 0.0434086 0.0316782 -9.47492e-05 1 -5.34579e-05 0.000670624 -0.0434084 4.91548e-05 0.999057 0.298328
0.998961 0.000127067 0.0456437 0.0224424 -0.00012728 1 9.32157e-06 0.00145261 -0.0456439 -1.50501e-05 0.998959 0.321669
0.998958 0.000207756 0.0455704 0.0263928 -0.000215677 0.999999 0.000162797 -0.00481263 -0.0455702 -0.00017257 0.99896 0.315601
0.998803 -0.000106833 0.0489628 0.0345552 8.63581e-05 1 0.000425314 -0.0116047 -0.048963 -0.000420462 0.998802 0.337649
0.998608 -0.000303582 0.0526916 0.0368709 0.000263292 1 0.000767254 -0.0112438 -0.0526919 -0.000752387 0.99861 0.368209
0.998653 0.000240775 0.0519264 0.0449484 -0.000248974 1 0.000152623 0.00257159 -0.0519262 -0.00016521 0.998651 0.3628
0.998511 -5.37063e-05 0.0544941 0.0383738 4.41438e-05 1 0.000174981 0.00395527 -0.0544943 -0.000172501 0.998513 0.399079
0.998418 8.90482e-05 0.0563007 0.0435951 -0.00010039 1 0.000200173 -0.000242156 -0.0563006 -0.000205308 0.998415 0.396764
0.998368 -0.000446801 0.0570505 0.045981 0.000425926 1 0.000376584 0.00173455 -0.0570508 -0.00035186 0.998371 0.422301
0.998405 -0.000233566 0.056501 0.0379055 0.000203569 0.999999 0.00053874 0.00130591 -0.056501 -0.00052618 0.998403 0.445346
0.998516 0.00338225 0.0543248 0.0409578 -0.00368967 0.99998 0.00555807 0.0144871 -0.054305 -0.00575048 0.998508 0.441232
0.998529 8.25007e-05 0.0542579 0.0316355 -7.57753e-05 0.999998 -0.000123924 0.00674596 -0.0542578 0.000119887 0.998526 0.46422
0.998577 -0.000470429 0.0532905 0.0280627 0.000478181 1 -0.000135467 0.00668812 -0.0532905 0.000160429 0.99858 0.473731
0.998814 -0.00270946 0.0486462 0.0578614 0.00264579 0.999994 0.00137886 -0.00131021 -0.0486497 -0.00124821 0.998815 0.474741
0.998861 -0.0117959 0.0461889 0.0590967 0.0116703 0.999931 0.00298121 -0.00338143 -0.0462206 -0.00243905 0.998929 0.496083
0.999077 -0.00282891 0.0429336 0.0522966 0.00276541 0.999992 0.00154553 -0.00524059 -0.0429377 -0.00142514 0.999076 0.503934
0.999258 -3.61797e-05 0.0384798 0.0375561 7.82419e-05 1 -0.0011 0.0301305 -0.0384798 0.00110198 0.99926 0.509435
0.999427 -0.00217721 0.0338341 0.0331769 0.00214643 0.999995 0.0009559 0.00587346 -0.033836 -0.000882575 0.999426 0.528751
0.999538 -0.00493924 0.02991 0.0304809 0.00490417 0.99999 0.00123289 0.000737021 -0.0299159 -0.00108579 0.999552 0.54399
0.999696 -0.000928538 0.0247491 0.0309523 0.000913936 0.999997 0.00061541 0.0165571 -0.0247496 -0.000592445 0.999694 0.558765
0.999792 -0.000945962 0.0202923 0.0249383 0.000943451 1 0.000115034 0.0195117 -0.0202924 -9.60685e-05 0.999794 0.569501
0.999863 0.00013057 0.0166477 0.0122054 -0.000127696 0.999998 -0.000144774 0.00972317 -0.0166476 0.000142833 0.999862 0.582429
0.999912 -0.000261427 0.0131785 0.0119851 0.000261065 1 -6.84772e-06 0.00624496 -0.0131786 1.00911e-05 0.999913 0.586009
0.999929 0.000184535 0.0120258 0.00904517 -0.000172406 0.999997 -0.000970392 0.00323231 -0.0120258 0.000968543 0.999927 0.594322
0.999952 -0.00141928 0.00954149 0.0102032 0.00142226 1 -0.000362541 0.010264 -0.00954119 0.000375798 0.999954 0.610932
0.999973 -0.00088928 0.00758975 0.00931662 0.000887039 0.999998 0.000364144 0.0107444 -0.00758987 -0.000357046 0.999972 0.623175
0.99999 0.000287236 0.00419296 0.00464646 -0.000288039 1 8.18469e-05 0.0120596 -0.00419307 -8.34143e-05 0.99999 0.638947
0.999993 0.000273554 0.0041567 -0.00458556 -0.000275869 0.999999 0.000667719 0.00654923 -0.00415642 -0.000668489 0.999993 0.647582
0.999995 0.00166444 0.00180323 -0.00227044 -0.00167634 0.999979 0.00637929 0.0114951 -0.00179261 -0.00638267 0.999976 0.669648
1 -0.00135813 0.00135277 -0.000544843 0.00134946 0.999976 0.00669509 -0.000425027 -0.00136183 -0.00669286 0.999979 0.674774
0.999998 -0.000154977 0.000381848 0.00341218 0.000153993 0.999999 0.00153838 0.00285052 -0.000382097 -0.00153869 0.999997 0.680971
1 -0.000167828 0.000607612 -0.000789379 0.000168707 0.999999 -0.000805941 0.00381498 -0.000607378 0.00080641 1 0.683636
0.999998 0.000537371 -0.00137358 -0.000449996 -0.000539721 1 -0.00138288 0.00621411 0.00137272 0.00138323 0.999996 0.696049
0.999998 0.00148576 -0.00229078 -0.00316666 -0.0014995 0.999978 -0.00622467 0.000276328 0.00228169 0.00622851 0.99998 0.701399
0.999997 -0.000994071 -0.00143538 -0.00358422 0.000992066 1 -0.0010713 0.0160754 0.00143626 0.00106945 0.999996 0.708959
0.999997 0.000158515 -0.00301161 -0.00463581 -0.000150171 0.999995 0.00261481 -0.00466628 0.00301219 -0.00261392 0.999995 0.736392
0.999996 -0.000439596 -0.00244115 -0.00685843 0.000457528 0.999973 0.00752571 -0.00707377 0.00243765 -0.00752725 0.999967 0.734715
0.999998 -0.00162324 -0.00209972 -0.00598818 0.00162962 0.999994 0.00286247 -0.0128694 0.00209525 -0.00286552 0.999996 0.724047
0.999978 -0.00527331 -0.00347873 0.00150056 0.00525939 0.999978 -0.00389973 -0.0184726 0.00349903 0.00388103 0.999984 0.729438
0.999994 -0.00280812 -0.00305692 -0.00220632 0.00279803 0.999991 -0.00339809 -0.0163757 0.00306665 0.0033898 0.999992 0.726584
0.999995 0.00189795 -0.0015551 -0.0122025 -0.00189773 0.999998 0.000323427 0.00282932 0.00155542 -0.000320766 0.999997 0.726706
0.999982 0.00411725 -0.00454857 -0.0157615 -0.00409356 0.999979 0.00515144 -0.000583619 0.00457005 -0.0051324 0.999979 0.7418
0.999988 -0.00190009 -0.00429975 -0.00203866 0.00190854 0.999997 0.00203685 -0.00626673 0.00429555 -0.00204539 0.999986 0.731148
0.999983 -0.00553144 -0.00240312 -0.00303369 0.00553096 0.999984 -0.000350767 -0.0261303 0.00240531 0.000337793 1 0.729196
0.999993 0.000945821 -0.00330826 -0.00463719 -0.000958151 0.999993 -0.00364487 -0.0218846 0.0033045 0.00364772 0.999985 0.736646
0.999995 0.00043105 -0.00353909 -0.010832 -0.000430325 1 0.000119091 0.00593469 0.0035395 -0.000117311 0.999997 0.734213
0.999995 -0.000342495 -0.00299343 -0.00963033 0.000345601 1 0.00113365 -0.0104491 0.00299268 -0.00113489 0.999992 0.73716
0.999991 -0.00124821 -0.00444632 -0.00401245 0.001254 0.999998 0.00124272 -0.00609559 0.00444513 -0.00124807 0.999993 0.743689
0.999982 -0.0047781 -0.00320241 0.000360926 0.00478097 0.999989 0.000979294 -0.0202017 0.00319737 -0.000994788 0.999991 0.740386
0.999999 0.000375547 -0.00260921 -0.000459109 -0.000375155 0.999999 6.10573e-05 0.0049331 0.0026096 -5.9899e-05 1 0.733504
0.999992 0.000375 -0.00340387 -0.00354232 -0.000374722 1 0.000155653 0.00192738 0.00340358 -0.000154502 0.999991 0.744334
0.999998 -0.000521914 -0.00317781 -0.00163497 0.000524749 0.999998 0.000817754 -0.000755443 0.00317778 -0.000819214 0.999998 0.743508
0.999994 -0.000119606 -0.00271092 -0.00249551 0.000120452 1 0.000442794 -0.00386204 0.00271049 -0.000443382 0.999993 0.741417
0.999996 0.00100697 -0.00354256 -0.00664881 -0.00100697 0.999998 -9.61613e-05 0.000512457 0.00354282 0.000100037 0.999997 0.74576
0.999993 0.00049553 -0.00292411 -0.00927473 -0.000495504 1 0.000122193 0.00407696 0.0029238 -0.000121076 0.999993 0.748839
1 -0.00100305 -0.00220297 -0.00248374 0.00100498 0.999998 0.000712789 -0.00832536 0.0022026 -0.000714638 1 0.746724
0.999991 0.000779991 -0.00333943 -0.00917817 -0.000779222 1 0.000359375 0.00772462 0.0033394 -0.000357069 0.999992 0.747877
1 9.89758e-05 -0.001734 -0.0137822 -9.84706e-05 1 5.07721e-05 0.000340259 0.00173452 -5.02646e-05 1 0.78745
0.999976 0.000204076 -0.00647968 0.0141693 -0.000204613 1 1.24675e-06 0.00602495 0.00647949 -9.17818e-08 0.999976 0.732624
1 0.000220366 -0.00166383 -0.00853693 -0.000219067 1 0.0004456 -0.004912 0.00166425 -0.000445122 1 0.75462
0.999992 -8.34028e-05 -0.00281703 -0.00925035 7.42085e-05 0.999995 -0.00307507 -0.00807844 0.00281699 0.00307472 0.999987 0.755055
0.999996 -0.000345303 -0.00415682 -0.00329927 0.000344747 1 -0.000271796 0.00412965 0.00415715 0.000270515 0.999995 0.766466
0.99999 0.00145595 -0.00304937 -0.0109324 -0.00145685 0.999999 -0.000114533 0.00405453 0.00304897 0.000118794 0.999991 0.769807
0.999996 0.00372861 -0.00224237 -0.0171804 -0.00372935 0.999992 -0.000552716 0.030193 0.00224057 0.000561292 1 0.77555
0.999987 -0.000851152 -0.00395445 -0.00741733 0.000853241 1 0.000665257 -0.0137859 0.00395354 -0.000668836 0.999988 0.782883
0.999998 0.000474157 -0.00382232 -0.00541053 -0.000474052 0.999999 -0.000103068 0.000504182 0.00382263 0.00010509 0.999997 0.785397
0.99999 0.00105638 -0.00302461 -0.0112188 -0.00105684 1 2.04711e-05 0.00407068 0.00302425 -1.74797e-05 0.999992 0.793408
0.999992 -0.000976558 -0.00490197 -0.0101056 0.000979434 0.999998 0.000472631 -0.000732036 0.00490186 -0.000477145 0.999992 0.796773
0.999984 -0.000379345 -0.00483104 -0.00439087 0.000379198 1 7.99003e-05 -0.00663135 0.00483066 -8.20175e-05 0.999985 0.799123
0.999996 0.00120772 -0.004038 -0.012367 -0.00121768 0.999996 -0.00259889 0.00117429 0.00403536 0.00260408 0.999993 0.799774
0.999971 0.00202028 -0.00675943 -0.0152131 -0.00206566 0.999976 -0.0066279 -0.00807487 0.0067453 0.00664139 0.999951 0.800707
0.999977 -0.000607684 -0.00722857 -0.00535174 0.000575817 0.99999 -0.00448784 0.000451062 0.00723186 0.00448399 0.999968 0.802008
0.999975 0.000252926 -0.00661772 -0.0202134 -0.000250594 1 0.00044276 0.00406025 0.00661725 -0.000441476 0.999974 0.806246
0.999969 0.000149144 -0.00836078 -0.0153445 -0.000135316 0.999999 0.00157971 -0.00237925 0.00836164 -0.00157811 0.999968 0.818073
0.999967 2.72212e-06 -0.00771906 -0.011191 3.05792e-06 0.999999 0.00083747 -0.00644774 0.00771843 -0.000837842 0.999965 0.819324
0.999981 0.00011489 -0.00683965 -0.0104334 -0.000105761 1 0.00123999 -0.0017868 0.00684044 -0.00123885 0.999981 0.821385
0.999958 0.000122105 -0.00881179 -0.0156811 -8.41632e-05 0.99999 0.00438622 0.0108892 0.00881159 -0.00438562 0.999947 0.825012
0.999976 0.000448729 -0.00749179 -0.0194115 -0.000398601 0.999979 0.00658719 0.0122536 0.00749534 -0.00658372 0.999955 0.819069
0.999974 0.000147764 -0.00684629 -0.0141508 -0.000137838 0.999998 0.00155668 -0.00425339 0.00684575 -0.001556 0.999971 0.817076
0.999969 0.000466369 -0.00822773 -0.00598783 -0.000466332 1 -8.63084e-05 -0.00406144 0.00822842 9.04632e-05 0.999971 0.799392
0.99998 0.000123799 -0.00588096 -0.0109107 -0.000133631 0.999998 -0.00152331 -0.0178177 0.00588009 0.00152372 0.999977 0.799056
0.999994 -0.000148232 -0.00419485 -0.00920918 0.000149342 1 5.00348e-05 0.000551532 0.00419551 -5.02531e-05 0.999997 0.789669
0.999979 -0.000239246 -0.00600681 -0.0113486 0.000238673 0.999999 5.62037e-05 0.00056159 0.00600614 -5.79947e-05 0.999977 0.790134
0.999988 -5.14108e-05 -0.00545242 -0.012901 5.81715e-05 1 0.00107365 0.000859624 0.00545313 -0.00107356 0.99999 0.78275
0.999987 -0.000814413 -0.00453051 -0.00554668 0.000822249 0.999996 0.00193905 -0.0189587 0.00452818 -0.00194315 0.999983 0.770337
0.999986 -0.00198877 -0.00543511 -0.0053389 0.00202052 0.999984 0.00565273 0.00462238 0.00542451 -0.00566316 0.999974 0.773611
0.999989 -0.00209283 -0.0034579 -0.00453118 0.00211349 0.999977 0.00627869 0.00180777 0.00344385 -0.00628635 0.99997 0.767314
1 0.000417594 -0.00254419 -0.0140831 -0.000410985 0.999999 0.00221586 0.00770929 0.002546 -0.0022144 0.999999 0.745012
0.999989 0.000676765 -0.00398807 -0.00699538 -0.000671873 0.999997 0.00146207 -0.0114289 0.00398821 -0.00145981 0.999987 0.749653
1 0.000714367 -0.00142298 -0.00710951 -0.000712861 1 0.00039517 0.00244009 0.00142413 -0.000393714 1 0.726709
0.999995 0.000591155 -0.00255241 -0.0128051 -0.000591401 0.999999 0.000267863 0.000647703 0.00255178 -0.000266823 0.999992 0.73125
1 0.00110767 -0.00160952 -0.0115295 -0.00111398 0.99999 -0.00455308 -0.00349704 0.00160524 0.00455532 0.999994 0.710041
0.999996 0.00146035 -0.00149764 -0.010827 -0.00146877 0.999986 -0.00491892 0.00218712 0.0014896 0.00492062 0.999982 0.695348
0.999999 -0.000671721 -0.00260723 -0.00786278 0.00067198 1 -0.000310048 -0.00446819 0.00260811 0.000308734 1 0.699633
0.999997 0.000553954 -0.00165635 -0.00849873 -0.000554757 0.999999 0.000146529 0.0120019 0.00165567 -0.000146044 0.999994 0.684474
1 9.56544e-05 -0.000141539 -0.00340426 -9.45191e-05 1 0.00122195 -0.00256644 0.000142223 -0.0012215 1 0.677039
0.999996 0.00101965 -0.00144778 -0.00513071 -0.00101932 0.999999 0.000853854 -0.000335183 0.00144802 -0.000852781 0.999994 0.666265
1 0.00114453 0.00019295 -0.00161571 -0.00114377 0.999999 0.00073786 -0.00801652 -0.000191535 -0.000737705 1 0.65909
0.999996 0.000507643 0.0017503 -0.00212582 -0.000509217 0.999999 0.000408686 -0.00388616 -0.00175069 -0.000410012 0.999993 0.648381
1 0.000837879 0.00110306 -0.00296789 -0.000837105 1 0.00014086 -0.00358054 -0.00110234 -0.00014136 1 0.633925
0.999992 0.000701171 0.00316339 -0.00481645 -0.000703104 1 0.000303397 -0.00729536 -0.0031638 -0.000306017 0.99999 0.630022
1 0.00230216 0.000928266 -0.00517949 -0.00229616 0.999985 -0.00530586 -0.0212288 -0.000939794 0.00530417 0.999991 0.616229
0.999994 -0.000502492 0.00224662 0.00176267 0.000502119 0.999998 -0.000324932 -0.00401945 -0.00224712 0.000325557 0.999992 0.604104
1 -7.35191e-05 0.00291955 -0.00261254 7.27391e-05 1 0.00068442 0.00389508 -0.00291896 -0.000683637 1 0.603562
0.999996 0.00014736 0.00134913 -0.000874791 -0.000150333 0.999998 0.00131795 -0.00207817 -0.00134953 -0.00131867 0.999994 0.589935
1 -0.000259045 0.00233011 -0.0015841 0.000255996 0.999999 0.00182328 -0.0074774 -0.0023299 -0.00182221 1 0.579547
0.999993 -0.000608528 0.00263424 0.00173616 0.000603396 0.999998 0.00154019 -0.0178373 -0.00263586 -0.00153903 0.999992 0.57143
0.999997 -0.00347981 0.00136032 0.00477266 0.00348395 0.999992 -0.00226926 -0.00264218 -0.00135179 0.00227439 1 0.550658
0.999993 -0.00153121 0.00246125 0.00562521 0.00152982 0.999998 0.000128533 -0.00798589 -0.00246209 -0.000125188 0.999994 0.554471
1 -0.000136695 0.00231801 0.00254868 0.00013786 1 -4.0168e-08 0.00595724 -0.00231738 7.15997e-07 1 0.549297
0.999997 -0.000187722 0.000522655 0.000353919 0.000186262 0.999999 0.000270388 -0.000696884 -0.000523255 -0.000270713 0.999998 0.546822
1 -0.00100716 0.00122969 0.00284149 0.00100802 1 0.000353538 -0.00107802 -0.0012295 -0.000351888 1 0.557276
0.999996 -0.00194579 0.000450208 0.00627948 0.00194378 0.999996 0.00134926 -0.0196873 -0.000453345 -0.00134883 0.999997 0.557344
0.999994 -0.00289383 -0.00298031 0.00124795 0.00289724 0.999997 0.00070897 -0.0108104 0.00297874 -0.000717095 0.999998 0.550917
0.999992 -0.00260048 -0.00202997 0.00140928 0.00260004 0.999996 0.000444194 -0.0073428 0.00202832 -0.000449896 0.999995 0.562629
0.999998 -5.96134e-05 -0.00321921 -0.00947256 6.20969e-05 1 0.000388786 0.0054278 0.00321976 -0.000388511 0.999998 0.567219
0.99998 -0.000112967 -0.00599296 -0.00963315 0.000116491 1 0.000777464 -0.00324385 0.00599215 -0.000778587 0.999979 0.561887
0.999979 -0.00140362 -0.00685045 -0.00191261 0.00140825 0.999999 0.00051325 -0.00650794 0.0068504 -0.000522483 0.99998 0.570989
0.999967 -0.000130789 -0.00771843 -0.0119574 0.000133228 1 0.000459324 -5.56148e-05 0.00771771 -0.000460687 0.999967 0.579084
0.999964 -0.00067578 -0.00880183 -0.0137015 0.00068271 1 0.000668241 -0.000646523 0.00880216 -0.000673853 0.999964 0.589352
0.999948 0.000315279 -0.00993344 -0.0174042 -0.000306054 0.999999 0.00103212 -0.00533446 0.00993304 -0.00102935 0.999947 0.593991
0.999953 9.79105e-05 -0.00993008 -0.0165342 -8.90531e-05 1 0.000797213 -0.00835843 0.00993085 -0.000795976 0.999954 0.601783
0.99994 0.000694056 -0.0106306 -0.0202894 -0.000691703 0.999999 0.000309192 0.00590479 0.0106301 -0.000302192 0.99994 0.604229
0.999953 0.0023158 -0.0096809 -0.0161128 -0.00232554 0.999998 -0.00109071 0.00264033 0.00967901 0.00111359 0.999956 0.620684
0.999923 0.00126902 -0.0121702 -0.0202399 -0.00127701 0.999999 -0.000561288 0.0113347 0.0121688 0.000576306 0.999923 0.629606
0.99994 0.000616271 -0.0111913 -0.0171199 -0.000614631 1 4.57981e-05 -0.00728278 0.0111921 -3.84436e-05 0.99994 0.643093
0.999942 0.000600289 -0.0105592 -0.0177393 -0.000597928 1 0.000335305 0.000853349 0.0105586 -0.000329528 0.999941 0.648171
0.999949 0.000191835 -0.0103604 -0.0176191 -0.000189142 1 0.00014782 -0.00579814 0.0103612 -0.000145275 0.999949 0.663497
0.999945 0.000851323 -0.0101911 -0.022519 -0.000847274 1 0.000515141 0.00544206 0.0101909 -0.000507091 0.999945 0.674167
0.999898 -0.00110074 -0.0144471 -0.0253703 0.00115617 0.999992 0.0037506 0.00747936 0.0144435 -0.00376624 0.999892 0.685688
0.99995 -0.00291834 -0.00933566 -0.0191651 0.00298462 0.99997 0.00720851 -0.0144422 0.00931374 -0.00723673 0.999928 0.707425
0.999922 -0.00197552 -0.0125312 -0.0060182 0.00202274 0.999991 0.00367132 -0.00366196 0.0125244 -0.0036957 0.999918 0.723534
0.999936 -0.00061987 -0.0111019 -0.0137812 0.000635168 0.999999 0.00146504 0.00444031 0.0111005 -0.00147264 0.999934 0.729912
0.999959 -0.00325456 -0.00877788 -0.00509237 0.00326676 0.999994 0.00125205 -0.00610556 0.00877411 -0.00128001 0.999964 0.748055
0.999932 -0.00657949 -0.00930798 -0.00206294 0.00658831 0.999978 0.00104031 0.00742545 0.00930054 -0.00110221 0.999952 0.746974
0.999877 -0.0131939 -0.00891943 0.0216541 0.0132542 0.999892 0.00661174 0.0158102 0.00883156 -0.00672848 0.999943 0.768564
0.999965 -0.00408761 -0.00668278 -0.00930717 0.00410669 0.999985 0.00301442 -0.0264522 0.00666988 -0.00304244 0.999969 0.785414
0.99997 -0.000722903 -0.00816473 -0.0074371 0.000726193 1 0.000261955 0.000472954 0.00816508 -0.000267185 0.999971 0.766659
0.999972 -0.00124908 -0.00700362 -0.00125071 0.00121277 0.999985 -0.00502612 -0.00074464 0.00700928 0.00501681 0.999959 0.782608
0.999963 -0.00225726 -0.00858699 0.000743467 0.00220777 0.999983 -0.0059075 0.00329189 0.00860057 0.00588903 0.99995 0.765066
0.999977 0.0012791 -0.00633562 -0.00373603 -0.00127871 0.999997 0.000272212 -0.00142773 0.00633543 -0.000264859 0.999976 0.783481
0.999975 0.00571704 -0.00489642 -0.0207484 -0.00571018 0.999987 0.00114712 -0.00903701 0.0049034 -0.0011183 0.999991 0.779245
0.999973 0.00418313 -0.00564302 -0.0158483 -0.00418981 0.999986 -0.000944065 0.00524053 0.00563852 0.000966811 0.99998 0.767544
0.999992 0.000739157 -0.00476531 -0.0067553 -0.00073666 1 0.000256376 -0.0207608 0.00476592 -0.000252056 0.999992 0.75818
0.999986 0.000227022 -0.00440722 -0.0132222 -0.00022764 0.999996 0.000134183 0.00510846 0.00440678 -0.000133975 0.999987 0.756075
0.999994 0.000787087 -0.00450351 -0.0105188 -0.000788414 1 -0.000565257 0.00624651 0.00450358 0.00056969 0.999993 0.738873
0.999986 -0.000526558 -0.00451849 -0.00871901 0.000531065 0.999995 0.00126765 0.00449926 0.00451736 -0.00127089 0.999986 0.733678
0.999995 -0.00094242 -0.00423295 -0.00300332 0.000951704 1 0.00191486 -0.00487181 0.00423146 -0.00191804 0.999992 0.737196
0.999986 -0.000321783 -0.00452901 -0.00201752 0.000325427 0.999995 0.0010667 0.00186907 0.00452837 -0.00106904 0.999987 0.712017
0.999999 -0.000159041 -0.00325688 -0.0065318 0.000163056 1 0.000870347 -0.00210418 0.00325708 -0.000869968 0.999997 0.708873
0.999985 0.000629947 -0.00478373 -0.0100887 -0.000630399 0.999995 0.000159497 -0.00576874 0.00478347 -0.000157302 0.999986 0.691662
0.999999 -0.000122805 -0.00309849 -0.0019289 0.00012507 1 0.000354829 -0.00989344 0.00309875 -0.000354504 0.999998 0.686924
0.999994 -0.000870344 -0.00220787 0.000230318 0.000870654 0.999995 0.000680251 -0.00179559 0.00220703 -0.000682871 0.999995 0.67928
1 -0.000248551 -0.00153174 -0.00412427 0.000250291 1 0.000358731 -0.0108916 0.00153188 -0.000358426 1 0.671045
0.999994 0.000378126 -0.00254992 -0.00433882 -0.000378546 0.999996 0.000306643 0.00428411 0.00254977 -0.000306418 0.999994 0.652406
1 -0.000610163 -0.0025717 -0.00257865 0.000613048 1 0.000654785 -0.00888927 0.00257151 -0.000655693 0.999999 0.647637
0.999994 0.000103311 -0.00253984 -0.00674707 -0.00010289 0.999996 0.000632022 -0.00147033 0.00253969 -0.00063243 0.999994 0.639803
0.999996 -0.000751206 -0.00371582 -0.00186182 0.000756945 1 0.0012296 -0.0078213 0.00371504 -0.00123178 0.999994 0.623067
0.999991 -0.000513132 -0.00361199 -0.00256115 0.000512566 0.999996 0.000164263 -0.00947406 0.00361168 -0.000166863 0.999992 0.620368
0.999999 -0.000520486 -0.00268089 0.00142996 0.000522754 1 0.000429934 -0.00883148 0.00268085 -0.000430599 0.999998 0.612565
0.999989 0.000186064 -0.00417098 -0.00469373 -0.000183931 0.999996 0.00077386 -0.00740494 0.00417095 -0.000773817 0.999989 0.590912
0.999997 -0.000968534 -0.00311971 -0.00339636 0.000969973 1 0.000113403 -0.00770663 0.00311994 -0.000115675 0.999997 0.593684
0.999992 -0.000145852 -0.00337368 -0.00485387 0.00014705 0.999997 0.000655425 -0.00641784 0.00337322 -0.000656619 0.999993 0.588276
0.999993 -0.000312923 -0.00431258 -0.00660517 0.000316465 1 0.000597531 -0.00677873 0.00431271 -0.000598252 0.999992 0.572793
0.999989 0.000418078 -0.00398856 -0.00519504 -0.000417793 0.999998 0.000312017 -0.0013222 0.00398842 -0.000311013 0.99999 0.57881
0.999988 -0.000734144 -0.00527458 -0.00531098 0.000737507 1 0.000453655 -0.0070858 0.00527446 -0.000456865 0.999988 0.567015
0.999982 0.000680374 -0.00561321 -0.0130772 -0.000680089 0.999998 0.000233157 0.00235543 0.00561318 -0.000229964 0.999982 0.568956
0.999977 0.00226962 -0.00679791 -0.0089157 -0.00230426 0.999986 -0.00524873 -0.00241659 0.00678602 0.00526491 0.999965 0.568959
0.999964 0.00439468 -0.00682311 -0.0164599 -0.00443471 0.999972 -0.00571339 -0.0053154 0.00679778 0.00574278 0.999959 0.571223
0.999961 0.00288533 -0.00872726 -0.0202455 -0.00292931 0.999985 -0.0051496 -0.0106282 0.00871241 0.00517569 0.999951 0.568323
0.99997 0.00180699 -0.00712576 -0.00524498 -0.0018443 0.999983 -0.00509301 -0.0146083 0.00711645 0.00510524 0.99996 0.580929
0.999978 0.000825109 -0.00705345 -0.0152978 -0.000815299 1 0.00126308 -0.00743579 0.00705449 -0.00125658 0.999976 0.572123
0.999955 0.00601729 -0.00681826 -0.0180365 -0.00598465 0.999969 0.00493323 -0.00795359 0.00684782 -0.00489299 0.999964 0.593055
0.99998 0.000659609 -0.00685666 -0.0121502 -0.000644922 0.999999 0.00201351 -0.00681789 0.00685771 -0.00200824 0.999976 0.609132
0.999949 0.00600457 -0.00774363 -0.0195233 -0.00596086 0.999965 0.00577554 -0.0161732 0.00777832 -0.00572989 0.999952 0.596913
0.999976 4.59741e-05 -0.00725998 -0.0148749 -3.63361e-05 1 0.00120326 -0.00820722 0.00725984 -0.0012022 0.999974 0.614782
0.999968 0.00106369 -0.00756063 -0.0161437 -0.00106523 0.999998 -7.55423e-05 0.00264603 0.00756081 8.27482e-05 0.99997 0.627395
0.999961 0.00394205 -0.00817645 -0.0193258 -0.00396324 0.99999 -0.00269295 0.00255738 0.00816535 0.00272599 0.999965 0.633711
0.999968 -0.000411317 -0.00770562 -0.0172562 0.000411239 0.999999 0.000131622 -0.000911751 0.00770597 -0.000135462 0.999969 0.644566
0.99998 -0.000477149 -0.00680489 -0.0143959 0.000476781 1 -0.000234058 4.10535e-05 0.00680458 0.000231414 0.999979 0.654877
0.99996 -0.000790702 -0.00861656 -0.0192814 0.000791072 0.999999 0.000197732 0.00529294 0.0086169 -0.000205196 0.999962 0.669574
0.999966 -0.000690367 -0.00847347 -0.0201764 0.00069282 1 0.000128206 0.00777653 0.00847289 -0.00013333 0.999965 0.689529
0.999967 -0.000103045 -0.00781731 -0.0163511 0.000113263 0.999999 0.00147242 -0.000318439 0.00781762 -0.00147408 0.999967 0.708895
0.999948 -0.00068415 -0.0104068 -0.0153153 0.00070546 0.999998 0.00193044 0.00312737 0.010405 -0.00193677 0.999946 0.721954
0.999952 -6.68022e-05 -0.00949712 -0.0135996 7.1453e-05 1 0.000618125 -0.000306142 0.00949757 -0.000619592 0.999953 0.731742
0.999958 -0.000729782 -0.0093634 -0.0183911 0.000731394 1 3.86118e-05 0.0153896 0.00936277 -4.46698e-05 0.999958 0.747763
0.999942 0.000860274 -0.0106242 -0.022493 -0.000855767 1 0.00054611 -0.00144989 0.0106253 -0.000537842 0.999943 0.759054
0.999962 -0.000445112 -0.00892854 -0.0168879 0.000447361 1 9.39597e-05 0.006273 0.0089278 -9.70677e-05 0.999961 0.767402
0.99998 -0.000685146 -0.00612227 -0.0105672 0.000687392 1 0.000582647 -0.00290073 0.00612264 -0.000587711 0.99998 0.780194
0.999987 -0.000779623 -0.00543787 -0.0102902 0.000782945 0.999999 0.0003704 -0.000171873 0.00543683 -0.000373767 0.999986 0.798817
0.99999 -0.000502179 -0.0038113 -0.00455497 0.000502331 1 0.000363309 -0.00821523 0.00381181 -0.000366133 0.999992 0.808776
0.999984 -0.00378425 -0.00462493 0.001863 0.00378566 0.999993 1.241e-05 -0.00588755 0.00462405 -2.90448e-05 0.99999 0.815977
0.999974 -0.00564562 -0.00403695 0.00121851 0.00564766 0.999984 0.000829593 0.0028466 0.00403298 -0.000853284 0.999991 0.832971
0.999977 -0.00574561 -0.00397271 -0.00403919 0.00575284 0.999982 0.00148143 0.0103531 0.00396338 -0.00150338 0.999992 0.834
0.999991 -0.000372169 -0.00394967 0.0041819 0.000368824 1 -0.000507354 -0.00341165 0.00395059 0.000504993 0.999992 0.847627
0.999989 -0.00118571 -0.00494397 -0.00800574 0.00118767 0.999998 0.0001379 0.00913044 0.00494303 -0.00014288 0.999988 0.856512
0.999996 -0.000751885 -0.00237293 -0.0103489 0.000750825 1 9.98696e-05 -0.00845402 0.00237348 -0.000102618 0.999997 0.848805
0.999955 0.00566123 -0.0078456 -0.0014359 -0.00568239 0.99998 -0.00284956 0.00754101 0.0078287 0.00289493 0.999966 0.866416
0.999972 0.00588458 -0.00427721 -0.02301 -0.00588127 0.999981 0.00113916 0.000401953 0.0042844 -0.00111497 0.99999 0.86978
0.999993 0.000537084 -0.00397208 -0.0089047 -0.000521417 0.999994 0.00354262 -0.00582361 0.00397328 -0.00353951 0.999986 0.883929
0.999983 0.00196007 -0.00552141 -0.0128235 -0.0019278 0.999979 0.00614023 0.0123922 0.00553407 -0.00613055 0.999967 0.883442
0.999989 -0.00159034 -0.00439376 -0.0119741 0.00161811 0.999982 0.00595035 -0.00881196 0.00438342 -0.00595625 0.999972 0.885855
0.999976 1.02134e-05 -0.00689626 -0.00484704 -1.26316e-06 0.999998 0.0015296 -0.0089009 0.00689707 -0.0015307 0.999976 0.906011
0.999977 -0.00477182 -0.00489527 -0.00437372 0.00476798 0.999989 -0.00110967 -0.017164 0.00489963 0.00108738 0.999987 0.900792
0.999915 -0.0107809 -0.00736863 0.0107837 0.0107332 0.999922 -0.00627199 -0.0140279 0.00743646 0.00619137 0.999954 0.888853
0.999976 -0.00396124 -0.00585324 -0.000549729 0.00392757 0.999975 -0.00601309 -0.00794653 0.00587618 0.00599097 0.999965 0.909782
0.999956 -0.000926939 -0.00927835 -0.0151392 0.000892096 0.999993 -0.00359126 -0.00741394 0.00928229 0.00358186 0.999951 0.909948
0.999965 -0.00200011 -0.00817813 -0.00474852 0.00202456 0.999994 0.00279447 0.00498168 0.00817179 -0.00280991 0.999963 0.917396
0.999962 -0.00337403 -0.00800172 -0.00630104 0.00340437 0.999986 0.00398286 -0.0214398 0.00798893 -0.00401094 0.99996 0.920055
0.999969 -0.00337627 -0.00720977 -0.000320414 0.00337526 0.999993 -0.000381356 0.00114807 0.00721028 0.000358035 0.999974 0.947142
0.999966 -0.00233422 -0.00786227 -0.00916895 0.00228942 0.999984 -0.00548686 -0.0128197 0.00787568 0.00546761 0.999954 0.906745
0.99999 -0.000330831 -0.00459693 -0.00857975 0.000326499 0.999997 -0.00130612 0.0136268 0.00459651 0.00130564 0.999989 0.925327
0.999984 -0.00171992 -0.00530441 -0.00325201 0.0017239 1 0.00106667 -0.00248453 0.00530333 -0.00107682 0.999986 0.920148
0.999985 -0.00416979 -0.00362814 -0.000125763 0.00418709 0.99998 0.00433827 -0.00570065 0.00360927 -0.00435226 0.999984 0.929936
0.999997 -0.00224116 -0.00135959 0.000600891 0.00224218 0.999998 0.00186394 -0.00798852 0.0013561 -0.00186816 0.999998 0.939426
0.999993 -0.00293751 -0.0021426 -0.00432142 0.00294334 0.999992 0.00203118 -0.00706547 0.00213583 -0.00203634 0.999996 0.935532
0.999999 -0.00137825 -0.000375149 -0.00272114 0.00137734 0.999999 0.00158381 -0.00233476 0.000373746 -0.00158551 0.999999 0.93855
1 -0.000478583 0.00134634 -0.00822677 0.00047933 0.999999 0.000572561 0.00465854 -0.00134735 -0.000570705 0.999999 0.941353
0.999999 0.000795829 -0.000268169 -0.00926966 -0.000797198 1 0.000536536 -0.00212923 0.000269426 -0.000537547 1 0.932576
0.999998 0.00145323 0.00226042 -0.00731299 -0.00145054 0.999998 -0.00057184 0.00430405 -0.002262 0.000569775 0.999998 0.931577
0.999995 0.00156594 0.00190388 -0.00597303 -0.00156588 0.999999 -0.000780213 0.00588735 -0.00190433 0.000776057 0.999997 0.935063
0.999998 0.00126876 0.00273734 -0.00963062 -0.00126556 0.999999 -0.000609618 0.00947899 -0.00273894 0.000607367 0.999997 0.934963
0.999991 0.00174382 0.00326716 -0.00952537 -0.00174722 0.999999 0.00057324 -0.00297095 -0.00326526 -0.000580177 0.999993 0.935809
0.999992 0.000742258 0.00444378 -0.00567914 -0.000748992 0.999998 0.0018532 -0.00697827 -0.00444328 -0.00185524 0.99999 0.948413
0.999994 0.00130572 0.00213717 -0.00440884 -0.00131393 0.999995 0.0031129 -0.00338489 -0.00213227 -0.003117 0.999991 0.930814
0.999992 -0.00181279 0.00422604 -2.22053e-05 0.00180895 0.999997 0.00126845 -0.0090538 -0.00422913 -0.00125954 0.999992 0.928955
0.999993 0.000520212 0.00289 0.00116387 -0.00051171 0.999995 -0.00345282 -0.0247228 -0.0028909 0.0034501 0.99999 0.90737
0.999953 0.00330339 0.00947075 -0.00740748 -0.00321361 0.99995 -0.00933308 0.0119188 -0.00950187 0.00930334 0.999912 0.925049
0.999994 0.00185784 0.0016821 -0.000199442 -0.00184987 0.999984 -0.00552841 -0.000279551 -0.00169168 0.00552408 0.999984 0.908284
0.999987 -0.000635961 0.00556219 -0.00560927 0.000615328 0.999991 0.00397279 0.000540023 -0.00556543 -0.00396807 0.999976 0.913646
0.999979 0.00205044 0.00562393 -0.0108112 -0.00209025 0.999975 0.00682442 -0.00214717 -0.00560904 -0.00683728 0.999961 0.913027
0.999989 0.000619956 0.00522299 -0.00927093 -0.00064082 0.99999 0.00426991 -0.00465018 -0.0052212 -0.00427205 0.999977 0.910925
0.99999 0.000324621 0.00397472 6.21025e-05 -0.000327581 1 0.000391682 -0.00545883 -0.00397365 -0.000394147 0.999994 0.893416
0.999992 -0.00099131 0.00437373 -0.00473021 0.000989813 0.999998 0.000672597 -0.00936446 -0.0043754 -0.00066714 0.999988 0.901316
