1 0.000810648 0.00103151 6.20679e-05 -0.000806 0.999991 -0.00444167 -0.00215443 -0.0010349 0.0044409 0.999991 0.986336
0.999996 -0.00266991 0.000529534 0.00624334 0.00267021 0.999995 -0.000780386 0.00368821 -0.000527618 0.000781745 0.999999 0.954612
0.999999 -0.00176509 0.00013635 -0.00136481 0.00176455 0.999992 0.00389253 0.0064755 -0.000143084 -0.00389227 0.999994 0.969774
0.999993 -0.00299174 -0.00188514 0.0200097 0.00300235 0.999978 0.00580342 0.00313008 0.00186764 -0.00580902 0.999981 0.961902
0.999995 -0.00317754 -0.00138003 -0.0005046 0.00317794 0.999995 6.40405e-05 -0.00155195 0.00137991 -6.84687e-05 0.999999 0.969226
0.999995 -0.00253995 -0.00171271 0.00648477 0.00253507 0.999993 -0.00265102 0.000686337 0.00171936 0.00264671 0.999995 0.966354
1 -0.000803078 -0.00115618 0.00442856 0.000799671 0.999994 -0.00326644 -0.00285754 0.00115893 0.00326547 0.999994 0.942908
0.999999 0.000115774 -0.00105144 -0.0029428 -0.000116674 1 -0.000481138 0.00324064 0.00105126 0.000481302 0.999999 0.943292
0.999999 0.000264304 -0.00171583 0.00029537 -0.000260856 0.999999 0.00178771 0.0035075 0.00171646 -0.00178728 0.999997 0.945548
0.999997 0.000112809 -0.00177646 0.00921858 -0.000108107 0.999996 0.00286005 0.00171386 0.0017766 -0.00285989 0.999994 0.957028
0.999999 -0.000452218 -0.00177619 0.00395424 0.000455286 0.999999 0.0015609 0.00153559 0.00177563 -0.00156165 0.999997 0.954387
0.999998 -0.00137398 -0.000855791 0.0038592 0.00137432 0.999999 0.000793717 9.60967e-06 0.000854546 -0.000794991 0.999999 0.935883
1 -0.000507232 -0.00110834 0.000417932 0.000507633 1 5.71645e-05 0.00138517 0.00110848 -5.76315e-05 1 0.92827
0.999999 -0.000315243 -0.000770618 -0.00029889 0.000313757 0.999999 -0.00154266 0.00145192 0.00077097 0.0015423 0.999998 0.923039
0.999999 -0.000465854 -0.00177486 -0.00321403 0.000462535 0.999998 -0.00205621 0.00258159 0.00177596 0.00205547 0.999997 0.936987
0.999997 -0.00112279 -0.00198014 0.00400749 0.00111978 0.999999 -0.00135786 0.00111718 0.00198153 0.00135552 0.999997 0.932857
0.999998 3.31376e-05 -0.00226409 0.0036597 -3.48681e-05 1 -0.000912908 0.0016249 0.00226419 0.000913144 0.999997 0.932749
0.999996 0.00141449 -0.00217886 0.00302609 -0.00141719 0.999999 -0.00108183 0.00314905 0.00217723 0.00108477 0.999997 0.91686
0.999996 0.00148433 -0.00252706 0.00171382 -0.00148425 0.999999 -8.51361e-05 0.00444067 0.00252705 8.90403e-05 0.999997 0.913399
0.999997 -0.000609791 -0.00231164 0.00731155 0.000611612 1 0.000912437 -0.000142958 0.00231095 -0.000913972 0.999997 0.90681
0.999999 0.000407441 -0.0015158 -0.00435632 -0.000404701 0.999999 0.00161036 -0.00193325 0.00151662 -0.00160964 0.999998 0.9227
0.999999 0.000256361 -0.0014637 -0.00438951 -0.00025474 0.999999 0.00133395 -0.00755325 0.00146383 -0.00133366 0.999998 0.898323
0.999999 -0.000934218 -0.00165101 -0.00325254 0.000935294 1 0.000424483 -0.00673378 0.00165083 -0.000425973 0.999998 0.896782
0.999999 -2.91604e-05 -0.00153869 -0.00573027 2.87749e-05 1 4.21527e-05 -0.00580148 0.00153855 -4.22436e-05 0.999999 0.899227
1 7.73538e-05 -0.000660027 -0.0123018 -7.6396e-05 1 0.000801893 -0.00369406 0.00066022 -0.000801825 0.999999 0.881872
0.999999 -5.87618e-05 -0.000979902 -0.0070534 6.03475e-05 0.999998 0.00205861 -0.000556987 0.000979658 -0.00205868 0.999998 0.880258
1 -0.00125164 -0.00122577 0.00191782 0.00125533 0.999996 0.00264777 0.000638293 0.00122255 -0.00264927 0.999996 0.871167
0.999998 0.00033403 -0.00127892 0.00383013 -0.000332503 0.999998 0.00156249 -0.00310704 0.00127934 -0.00156209 0.999998 0.864423
1 0.000644329 -0.00142501 0.00388301 -0.000645205 1 -0.000956903 -0.00441875 0.00142451 0.000957873 0.999999 0.857621
0.999994 0.00160813 -0.00268506 0.0134828 -0.0016149 0.999996 -0.0023832 -0.00365163 0.00268111 0.00238743 0.999994 0.836915
0.999999 0.000519693 -0.00197417 0.00801809 -0.000522382 0.999999 -0.00155005 -0.00145144 0.00197344 0.00155116 0.999997 0.821836
0.999997 0.00121454 -0.00149914 0.00412485 -0.00121533 0.999999 -0.00027283 -0.000236428 0.00149877 0.000274489 0.999999 0.823698
1 0.000210835 -0.00104691 -0.00609778 -0.000210826 1 -0.000314067 -0.00300493 0.00104699 0.000314448 0.999999 0.798506
0.999998 0.000303083 -0.0016105 -0.00701147 -0.000304647 1 -0.00075759 -0.00427555 0.00161022 0.000757976 0.999999 0.795469
0.999999 -0.0001565 -0.00171654 -0.011217 0.000156781 1 -0.000103554 0.00262667 0.00171665 0.000103336 0.999998 0.776876
0.999997 -5.38526e-05 -0.00216556 0.00117247 5.51353e-05 1 0.00081828 0.00768289 0.0021654 -0.000818414 0.999998 0.789553
0.999999 -0.000144491 -0.00147372 -0.0128235 0.000148128 0.999997 0.00216426 0.00157371 0.00147346 -0.00216448 0.999995 0.756127
0.999996 0.00117594 -0.00240824 0.00099084 -0.00117347 0.999999 0.00122811 0.00168316 0.00240967 -0.00122524 0.999997 0.765528
0.999997 0.00150888 -0.00208744 0.000334827 -0.00150833 0.999999 3.37489e-05 0.00250652 0.00208746 -3.06706e-05 0.999997 0.753639
0.999994 0.00259647 -0.00228024 -0.000858532 -0.00259857 0.999996 -0.000656599 -0.000955666 0.00227852 0.000662638 0.999999 0.746924
0.999997 0.00160267 -0.00182774 -0.00741365 -0.00160283 0.999999 -0.000390606 -0.00383988 0.00182715 0.000393335 0.999997 0.724043
0.999999 0.000388895 -0.00150444 -0.00530006 -0.000387341 0.999999 0.00133799 -0.000175245 0.00150496 -0.00133719 1 0.718154
0.999999 0.00113616 -0.000608357 -0.0102527 -0.0011345 0.999998 0.00191229 0.000207107 0.000610534 -0.00191181 0.999996 0.716758
0.999996 0.00288018 0.000184161 -0.0102863 -0.00288073 0.999996 0.000367368 -0.000425406 -0.000183188 -0.000367767 1 0.701382
0.999993 0.00320949 0.00135905 -0.00814564 -0.00320624 0.999993 -0.00206693 -0.00181707 -0.00136558 0.00206245 0.999995 0.694392
0.999998 0.00171888 0.00174661 0.000699396 -0.00171404 0.999993 -0.00303686 -0.00159269 -0.00175188 0.00303396 0.999996 0.693237
0.999997 0.000575026 0.00205449 -0.00150667 -0.000570851 0.999999 -0.00183956 0.00323999 -0.00205548 0.00183828 0.999995 0.667214
0.999996 0.001177 0.00275034 0.00821982 -0.0011789 0.999998 0.000550147 0.00771889 -0.00274976 -0.000553254 0.999998 0.683266
0.999985 0.00453423 0.00278304 0.00333375 -0.00454073 0.999988 0.00247188 0.00267806 -0.00277166 -0.00248461 0.999992 0.666821
0.999983 0.00403071 0.00440229 -0.0182716 -0.00404681 0.999984 0.00355492 -0.00274104 -0.00438807 -0.00357257 0.999986 0.621393
0.999977 0.00507199 0.00431947 -0.00185821 -0.00507528 0.999988 0.000848146 0.0020793 -0.00431499 -0.000870158 0.999989 0.63093
0.999975 0.00363263 0.00622658 -0.0146049 -0.00363373 0.999993 9.68016e-05 0.00531174 -0.00622634 -0.000119323 0.999983 0.602935
0.999968 0.00401162 0.0067921 -0.0185094 -0.00402493 0.99999 0.00201233 0.00110469 -0.00678376 -0.00203969 0.999973 0.573154
0.999963 0.0046261 0.00735938 -0.011797 -0.00463693 0.999988 0.00140058 -0.000955609 -0.00735299 -0.0014346 0.999974 0.569631
0.999959 0.00369331 0.00825814 -0.0172569 -0.00368955 0.999993 -0.000416385 4.73698e-05 -0.00825945 0.000385838 0.999964 0.546796
0.99997 0.00314927 0.00717392 0.00203427 -0.00315387 0.999995 0.000566795 -0.0069537 -0.00717235 -0.000589387 0.999976 0.525339
0.999962 0.00426614 0.00750984 -0.00354841 -0.0042644 0.999991 -0.00018478 0.000660629 -0.00751025 0.00015278 0.999969 0.531299
0.999966 0.00391464 0.00728898 0.00557173 -0.00389228 0.999986 -0.00315452 0.00945289 -0.00730164 0.00312604 0.99997 0.498891
0.999963 0.00231818 0.00822698 0.00187347 -0.00229273 0.999993 -0.00303533 0.00435699 -0.00823357 0.0030164 0.999959 0.469018
0.999971 0.000448087 0.00768891 0.00997806 -0.000450855 0.999999 0.000303566 -0.000296065 -0.00768918 -0.000307098 0.999973 0.42448
0.999971 -0.000418557 0.00760494 0.0135467 0.000407132 0.999999 0.0015543 0.00144697 -0.00760517 -0.00155113 0.999967 0.39556
0.99997 0.00153224 0.00751883 0.0100483 -0.00153763 0.999998 0.000656843 0.00941632 -0.00751822 -0.000668357 0.999974 0.404323
0.999957 0.00327469 0.00884147 0.00548807 -0.00328131 0.999995 0.000779596 -0.00422563 -0.00883855 -0.000808653 0.999959 0.336648
0.999952 0.00451722 0.00854351 0.0111894 -0.00451922 0.999989 0.000165732 -0.00140252 -0.00854299 -0.000204146 0.999966 0.313043
0.999956 0.00366655 0.00886359 0.00527231 -0.0036669 0.999994 7.22712e-05 0.0100913 -0.00886293 -0.000104933 0.999959 0.317135
0.999957 -0.00078757 0.00911806 0.00916508 0.000780683 0.999999 0.000718449 0.00919032 -0.00911895 -0.000711143 0.99996 0.306557
0.999944 -0.0013674 0.0107921 0.0114973 0.00138487 0.999999 -0.00157677 0.00308496 -0.0107896 0.00159148 0.99994 0.293566
0.999923 -0.000964335 0.0120357 0.0249286 0.000996603 0.999992 -0.00270472 -0.0255487 -0.0120334 0.00271669 0.999923 0.27199
0.999916 0.000787408 0.0132099 0.020589 -0.000755184 1 -0.00241472 -0.0152459 -0.0132115 0.00240436 0.999912 0.274507
0.999878 0.00126817 0.0153131 0.015521 -0.00125293 0.999996 -0.00103002 -0.00120508 -0.0153146 0.00101088 0.999881 0.27657
0.999871 0.00145807 0.0161916 0.0146114 -0.00145511 1 -0.000172248 0.000524142 -0.0161916 0.000148513 0.999869 0.262549
0.999848 0.000381732 0.017248 0.0141795 -0.000376884 0.999997 -0.0003031 0.00311474 -0.0172484 0.000296643 0.999851 0.276076
0.999831 -0.000649903 0.0184982 0.0160987 0.000656764 1 -0.00034832 0.00869122 -0.0184977 0.000360309 0.999828 0.270916
0.999801 -0.000659895 0.0198262 0.0209124 0.000640661 0.999996 0.000962642 -0.00251824 -0.0198271 -0.000949654 0.999805 0.249445
0.999797 0.000256433 0.0202624 0.031356 -0.000271437 1 0.000749667 -0.0103547 -0.020262 -0.000755099 0.999794 0.222395
0.999747 0.00191734 0.0223226 0.0031179 -0.0018888 0.999995 -0.00131209 0.0109906 -0.0223252 0.00126963 0.999753 0.281431
0.999711 0.00104805 0.0240404 0.0120862 -0.00101897 1 -0.00121033 0.00957677 -0.0240416 0.00118544 0.999706 0.281461
0.999665 0.00118087 0.0258391 0.0161838 -0.00119869 0.999997 0.000663448 -0.00166707 -0.0258385 -0.000694138 0.99967 0.268947
0.999627 0.00303089 0.0271467 0.0210961 -0.00306086 0.999997 0.00107596 -0.00252939 -0.0271432 -0.00115865 0.999627 0.275308
0.999575 0.00214448 0.0290521 0.0254351 -0.00217414 0.999995 0.000978193 -0.00139092 -0.0290499 -0.0010409 0.999581 0.277729
0.999539 0.00107756 0.0303459 0.0365816 -0.00110343 1 0.000846362 -0.000449135 -0.030345 -0.000879501 0.999535 0.282296
0.999495 -0.00195115 0.0316928 0.0617837 0.00194887 0.999996 8.76269e-05 0.00196566 -0.0316929 -2.58077e-05 0.999501 0.289342
0.999385 -0.00334567 0.034928 0.0633307 0.00336816 0.999996 -0.000571356 0.00261323 -0.0349258 0.000688583 0.999387 0.286232
0.999298 -0.00231535 0.0373882 0.0647483 0.00238205 0.999993 -0.00175135 0.00110651 -0.0373841 0.0018392 0.999302 0.28821
0.99925 0.00107739 0.0387125 0.0687734 -0.000977961 0.999998 -0.00257397 0.00015975 -0.038715 0.00253418 0.999244 0.299204
0.999202 0.0010901 0.0399316 0.0783144 -0.00101747 0.999996 -0.00185176 -0.00175936 -0.0399337 0.00180966 0.999204 0.309406
0.999111 0.00274513 0.042087 0.0804637 -0.00271273 0.999998 -0.00081417 -0.000118626 -0.0420889 0.000699222 0.999111 0.315131
0.999045 0.00447424 0.0434528 0.0817176 -0.00447868 0.999988 -7.7904e-06 0.00157287 -0.0434524 -0.000186923 0.999057 0.324122
0.998987 0.00575368 0.0446265 0.091504 -0.00575875 0.999985 -1.91593e-06 0.00621886 -0.0446257 -0.000255036 0.999002 0.35698
0.99887 0.00214913 0.0474722 0.0779698 -0.0021722 0.999996 0.000422935 0.00633282 -0.0474712 -0.000525614 0.998875 0.346707
0.998729 -0.00155739 0.0503654 0.0841945 0.00145083 0.999998 0.00216189 0.00532251 -0.0503685 -0.00208601 0.998727 0.362991
0.998706 0.00023228 0.0508653 0.0852186 -0.000310167 0.999997 0.00151356 0.004668 -0.0508648 -0.00152743 0.998706 0.36896
0.99864 0.000852597 0.0521169 0.0837786 -0.000921793 1 0.00131227 0.0046213 -0.0521159 -0.00135847 0.998638 0.365938
0.998456 0.000124085 0.0555777 0.0790861 -0.000132952 0.999998 0.000146777 0.00265195 -0.0555776 -0.000154038 0.998458 0.418653
0.998379 4.91786e-05 0.0568732 0.0598304 -0.000128649 1 0.00140283 0.00593804 -0.0568732 -0.00140779 0.998377 0.476147
0.998452 0.000817867 0.0556756 0.0539061 -0.000989231 0.999994 0.00304026 0.00728102 -0.0556727 -0.0030907 0.99845 0.458123
0.998469 0.00299069 0.0551706 0.052535 -0.00320907 0.999989 0.00387926 0.00610925 -0.0551584 -0.00405027 0.998465 0.474689
0.998549 0.00544074 0.0536799 0.0482228 -0.0055898 0.99998 0.00261701 0.00957788 -0.0536646 -0.00291334 0.998562 0.473608
0.998598 0.000692303 0.0528163 0.0395994 -0.000679126 1 -0.000260052 0.0134613 -0.0528166 0.000224032 0.998596 0.533357
0.99884 -0.00847192 0.047565 0.100876 0.0084156 0.999962 0.00137562 0.00299186 -0.047575 -0.000973989 0.998877 0.463369
0.998939 -0.0103459 0.0447082 0.0961601 0.0101672 0.99994 0.00423115 -0.00313332 -0.0447491 -0.00377189 0.998981 0.484699
0.999113 -0.00608307 0.0418559 0.0827192 0.00607228 0.999981 0.000373259 -0.0019271 -0.0418576 -0.000119125 0.999135 0.530197
0.999287 -0.000453384 0.0375463 0.0524305 0.000504362 1 -0.00133473 0.00280279 -0.0375456 0.00135309 0.999283 0.577816
0.999494 -0.00623995 0.0314544 0.081857 0.00627126 0.999979 -0.000912835 -0.00263088 -0.0314483 0.00110929 0.999516 0.52531
0.999594 -0.00528381 0.0277221 0.0719453 0.00524741 0.999986 0.00140285 -0.000921409 -0.027729 -0.0012565 0.999604 0.548908
0.999685 -0.00516203 0.0249161 0.0377722 0.00512595 0.999986 0.00148122 0.0022039 -0.0249238 -0.00135342 0.999701 0.604769
0.99979 -0.00311824 0.0198266 0.0306226 0.00310441 0.999995 0.000769129 0.00735504 -0.0198284 -0.000707035 0.999792 0.595201
0.999885 -0.00159946 0.0156516 0.0279272 0.00162415 0.999997 -0.00161263 0.00489872 -0.0156495 0.00163742 0.999888 0.595545
0.999922 0.000258856 0.0118129 0.040296 -0.000255934 1 -0.000180205 0.00772192 -0.0118125 0.000177602 0.999919 0.604276
0.999941 -9.15669e-05 0.0116338 0.00534175 0.000100878 0.999999 -0.000854721 0.00472625 -0.0116342 0.000855496 0.999943 0.649186
0.999947 -0.00429664 0.00842254 0.0260299 0.00432281 0.999987 -0.00301792 0.00933671 -0.008409 0.00305449 0.999948 0.633934
0.999977 -0.00435703 0.00665183 0.0113841 0.00436967 0.999988 -0.00198003 0.0117438 -0.00664359 0.00200872 0.999988 0.634736
0.999983 -0.000182707 0.00426254 0.012444 0.000180573 1 0.000651829 0.00564492 -0.0042622 -0.00065077 0.999979 0.662666
0.999996 0.00265091 0.00389309 -0.0140654 -0.00266177 0.999992 0.00261288 0.00928172 -0.00388664 -0.0026235 1 0.679637
0.999988 0.00188949 0.00275494 -0.00659462 -0.00190842 0.999974 0.00714797 0.00466491 -0.00274088 -0.00715299 0.99996 0.680828
1 -0.0013052 0.00118908 0.00108858 0.0012978 0.999982 0.00556985 0.0055887 -0.00119679 -0.00556845 0.999994 0.685303
0.99999 -0.00281652 -6.88584e-05 0.0123083 0.00281742 0.999995 0.00255833 0.00596744 6.20833e-05 -0.00255833 0.999987 0.726611
1 -0.00320623 0.000879653 -0.0135927 0.00320721 0.999991 -0.00188829 -0.00385159 -0.000874088 0.00189087 1.00001 0.688653
0.999992 -0.00137503 -0.000606927 -0.00374857 0.00137128 0.999975 -0.00715621 0.0029495 0.000617206 0.00715566 0.999964 0.727847
1 -0.00137651 -0.00218032 -0.00237076 0.00135938 0.999969 -0.00754985 0.00422306 0.00219017 0.00754656 0.999979 0.733626
0.999992 -0.00121918 -0.000560322 -0.0291133 0.00121965 1 -0.000466171 0.00656853 0.000561324 0.000465746 0.999989 0.724402
1.00001 0.000936063 -0.000597909 -0.027297 -0.000934498 0.999991 0.00399926 0.0168107 0.000601171 -0.00399885 1 0.769281
0.999991 0.000888847 -0.00119244 -0.0250173 -0.000880886 0.999985 0.00594684 0.00921209 0.00119816 -0.00594564 0.999972 0.760104
1 0.00205977 -0.00153955 -0.0315178 -0.00205844 0.999994 0.00142037 0.00707125 0.00154201 -0.00141737 1.00001 0.776268
0.999962 -0.00759749 -0.00139335 -0.0218632 0.00759042 0.999959 -0.00555738 0.000519346 0.00143588 0.00554686 0.999974 0.733913
1 -0.00207414 -0.00324254 0.00269714 0.00205396 0.999978 -0.00594889 0.010257 0.00325436 0.00594192 0.999988 0.742446
0.999971 0.00590425 -0.00254908 -0.0216889 -0.00590509 0.999985 -0.000687484 0.0108206 0.00254537 0.000702702 0.999985 0.756343
0.999994 0.00406915 -0.00360586 -0.0129972 -0.00405782 0.999982 0.00339655 0.00986248 0.00361917 -0.00338201 0.999997 0.777374
0.999973 -0.00470711 -0.0038603 -0.0102655 0.00472192 0.999986 0.00363431 0.00342471 0.00384362 -0.00365231 0.999977 0.770955
0.999986 -0.00514557 -0.00464014 0.0436566 0.00513789 0.999982 -0.00146108 0.00312831 0.00464686 0.00143695 1 0.709312
0.999985 4.92751e-05 -0.00335195 0.0019578 -6.26751e-05 0.999994 -0.00435659 0.00103889 0.00335218 0.00435716 0.999972 0.781187
1 0.00354685 -0.00280507 -0.04353 -0.00354944 0.99999 -0.000416611 0.00248201 0.00280302 0.00042617 1.00001 0.788998
0.999985 0.000578285 -0.00299887 -0.0254537 -0.000575019 1 0.000637763 0.00323525 0.00299984 -0.000635679 0.999983 0.813995
0.999994 -0.00430456 -0.00385533 0.0156048 0.00431467 0.999983 0.00299245 0.00443575 0.00384177 -0.00300937 1 0.739594
0.99997 -0.00476253 -0.00403785 0.0115155 0.00476282 0.999992 -0.000291094 -0.00228283 0.0040398 0.000272243 0.99998 0.753038
1 -0.00304683 -0.00318328 -0.0143968 0.00304335 0.999992 -0.000637993 0.000700246 0.00318457 0.000627953 1.00001 0.804039
0.999985 -0.000609455 -0.00368045 0.0161598 0.000611154 1 4.98218e-05 0.0070437 0.00368105 -5.16855e-05 0.999983 0.755817
0.999997 -0.00191497 -0.00443941 0.0139021 0.00191887 0.999995 0.00119796 0.00806622 0.00443646 -0.00120688 1 0.768227
0.99998 -0.00228891 -0.00435136 0.0168362 0.00229361 1 0.000755475 0.00705727 0.00435025 -0.000765039 0.99998 0.783374
1 0.0015647 -0.00378251 0.00429929 -0.00156972 0.999996 -0.000943052 0.0170905 0.00378038 0.00094862 1 0.818948
0.99998 0.00242798 -0.00395275 0.000482553 -0.00243331 0.999998 -0.00169775 0.0080428 0.00394919 0.0017077 0.99998 0.775599
1 -0.00192105 -0.00315683 0.00168083 0.00191877 0.999996 -0.000294279 0.00917208 0.0031568 0.000287951 1.00001 0.783854
0.999982 0.00204526 -0.00353527 0.00348846 -0.00204256 1 0.000381941 0.0037397 0.00353654 -0.000374425 0.999983 0.781954
1 0.00090856 -0.0033356 0.00716991 -0.000909815 0.999998 4.06352e-05 0.00296226 0.00333512 -3.7916e-05 1.00001 0.787261
0.999978 0.00292998 -0.00388634 0.00451775 -0.00292793 0.999997 0.000166439 0.00160762 0.00388734 -0.000154782 0.999981 0.792661
1 0.00115353 -0.00440014 0.00588347 -0.00116206 0.999996 -0.00160868 0.00116344 0.00439772 0.00161346 1 0.782329
0.999983 0.000994834 -0.0036354 -0.0117877 -0.00100423 0.999997 -0.00301629 -0.000239748 0.00363288 0.00302029 0.999978 0.823852
1 -0.000302553 -0.00407446 0.00844605 0.00029511 0.999997 -0.0014517 -0.00641985 0.00407428 0.00145019 1 0.75921
0.999969 0.00594312 -0.00286976 -0.0210265 -0.0059466 0.999983 -0.00179737 0.007163 0.00285964 0.00181473 0.999985 0.80656
0.999997 0.0037827 -0.00340025 -0.00379403 -0.00378134 0.99999 0.00088823 0.00768335 0.00340299 -0.000875629 1 0.79289
0.999983 -0.00229214 -0.00323258 -0.00395267 0.0022906 0.999999 -0.000971104 0.00367931 0.00323539 0.000964004 0.999985 0.774366
1 0.000176416 -0.00391735 -0.00848659 -0.000183757 0.999997 -0.00141234 0.00765024 0.00391638 0.00141261 1 0.818763
0.999975 0.0037036 -0.00399563 -0.0144582 -0.0037029 0.999996 -0.000280469 0.00491232 0.00399528 0.000295695 0.999982 0.813946
1 0.000486717 -0.00381585 -0.0128846 -0.000479354 0.999995 0.00240998 0.00623849 0.00381633 -0.00240856 1 0.803516
0.999973 -0.00092343 -0.00553474 0.00713251 0.000925816 1 0.000106047 0.000539867 0.00553531 -0.000110691 0.999974 0.806385
0.999987 0.00310583 -0.00624387 -0.000895764 -0.00312554 0.999989 -0.00285874 -0.00216268 0.00623428 0.00287766 0.999986 0.812588
0.99997 0.00113673 -0.00609451 -0.0223924 -0.00118661 0.999966 -0.00847252 0.00204741 0.00608537 0.00848018 0.999936 0.831778
0.999982 0.00091858 -0.00763909 -0.0151037 -0.000957147 0.999986 -0.00482552 0.0136073 0.00763386 0.00483214 0.999969 0.810731
0.999958 0.00402624 -0.00673412 -0.0376664 -0.00404312 0.99999 -0.00277465 0.0122188 0.00672362 0.00280232 0.999963 0.8584
0.999984 0.00327204 -0.00655505 -0.03665 -0.00326222 0.999992 0.00179525 0.0117979 0.00656021 -0.00177429 0.999988 0.842824
0.999965 -0.000700203 -0.00691646 -0.0302856 0.000712917 1 0.00157973 0.00924906 0.00691598 -0.0015842 0.999964 0.833354
0.999989 -0.000204362 -0.00663802 -0.0244451 0.000223447 0.999993 0.0031385 0.0110198 0.00663665 -0.00314033 0.999984 0.83552
0.999959 0.00144579 -0.00779624 -0.0115715 -0.00139952 0.999985 0.00570977 0.00838851 0.00780494 -0.0056983 0.999943 0.841356
0.99998 0.00197733 -0.00747264 -0.0162114 -0.00192038 0.999966 0.00786026 0.00549165 0.00748725 -0.00784604 0.999952 0.856028
0.999962 -0.000225176 -0.00751684 -0.0176497 0.000245342 0.999999 0.00245348 -0.00153641 0.007517 -0.00245482 0.999959 0.859455
0.99998 0.000550219 -0.0077613 0.00784858 -0.000565993 0.999996 -0.00181935 -0.00576592 0.00775957 0.0018233 0.999979 0.813622
0.99997 -0.00116612 -0.00608274 -0.018481 0.00112986 0.999982 -0.00621076 -0.00642823 0.00609055 0.00620419 0.999952 0.847432
0.999995 0.00107098 -0.00549898 -0.017378 -0.00108871 0.999994 -0.00293808 -0.00172621 0.00549503 0.00294364 0.999992 0.842124
0.999975 0.000970049 -0.00536923 -0.0122338 -0.000983026 0.999998 -0.0027033 -3.60273e-05 0.00536732 0.00270892 0.999971 0.823622
0.999987 0.00184443 -0.00661453 0.00408453 -0.00184228 0.999997 0.000549718 0.00695148 0.00661475 -0.000537871 0.999989 0.799097
0.999957 -0.00440294 -0.00675845 0.0285166 0.00441834 0.999989 0.00206024 0.00830613 0.00675007 -0.00208967 0.999963 0.776814
0.999991 -0.00113076 -0.00612968 0.0108516 0.00116775 0.999979 0.00624667 0.0100885 0.00612166 -0.00625404 0.999974 0.800213
0.999981 0.00153427 -0.00386345 -0.0144741 -0.00150817 0.99998 0.00642937 0.00459206 0.00387397 -0.0064232 0.999961 0.813341
0.999996 0.00357991 -0.00403173 -0.0148368 -0.00356418 0.999984 0.00422284 -0.00230678 0.00404594 -0.00420867 0.999994 0.791321
0.999981 0.00132228 -0.00396746 -9.89492e-05 -0.00131976 1 0.000302337 -0.00340473 0.00396864 -0.000296793 0.999982 0.75188
1 0.0015885 -0.00366224 0.00552521 -0.0015974 0.999996 -0.00204676 0.00340476 0.00365812 0.00205229 1 0.754879
0.99998 0.00405236 -0.00187245 -0.0144605 -0.00405725 0.999987 -0.00342059 -0.00252504 0.00185939 0.00342848 0.999982 0.748329
1 0.000946112 -0.003597 0.0115108 -0.000962088 0.99999 -0.00405226 -0.00161089 0.00359227 0.00405532 0.999996 0.716684
0.999986 0.000210685 -0.00317563 0.00171246 -0.000225767 0.999987 -0.00521375 0.000507212 0.00317542 0.00521483 0.999971 0.718048
1.00001 -0.000945229 -0.00206044 0.0018139 0.000938974 0.999996 -0.00234208 0.00518398 0.00206168 0.00233974 1.00001 0.709547
0.999987 0.00250421 -0.00147517 -0.012975 -0.00250189 0.999998 0.000639021 0.0055416 0.00147767 -0.000635058 0.999988 0.719145
1.00001 -0.000153825 0.000280388 -0.00865113 0.000151737 0.999995 0.00297028 0.00319902 -0.000281697 -0.00297048 1.00001 0.671643
0.999991 0.000367266 3.06755e-05 -0.0110675 -0.000366182 0.999999 0.00219241 0.00197092 -2.91052e-05 -0.0021922 0.999987 0.690569
1.00001 -0.00131134 -0.000145846 0.00820969 0.00131036 0.999998 0.000879299 0.00332372 0.000143985 -0.000879737 1.00001 0.660856
0.999991 -8.71714e-05 0.000937484 0.00422539 8.74557e-05 1 0.000879135 0.00220232 -0.000936856 -0.000878769 0.999989 0.672329
1.00001 0.000996795 0.000393454 0.0144455 -0.00099749 0.999998 -0.00084642 0.00178417 -0.000395032 0.000845667 1.00001 0.649833
0.999988 0.000862771 0.00238945 -0.00578099 -0.000855253 0.999997 -0.00271469 0.000331735 -0.00239106 0.00271306 0.999984 0.650371
1 -0.00184876 0.00301187 -0.00129374 0.00186077 0.999988 -0.00432003 0.000455532 -0.00300452 0.00432506 0.999996 0.617411
0.999985 -0.00249127 0.00239923 -0.00176367 0.0024965 0.999997 -0.00172464 0.014457 -0.00239428 0.00173125 0.999986 0.627706
1.00001 0.000638315 0.0023005 -0.00102773 -0.000641375 0.999998 0.000842222 0.0120887 -0.00230069 -0.000844252 1.00001 0.614222
0.999989 0.00049976 0.00233639 0.00326291 -0.000505429 0.999997 0.00291045 0.00426684 -0.00233414 -0.00291105 0.999983 0.606919
1.00001 -0.000286847 0.00235834 -0.00219395 0.000277336 0.999992 0.00357336 0.00302505 -0.00236013 -0.00357324 1 0.602975
0.999983 -0.00385971 0.00158729 0.0195558 0.00386009 0.999994 0.000449719 -0.00351404 -0.00158829 -0.000443061 0.999989 0.573576
1 -0.00398885 0.00130013 0.0184272 0.00399044 0.999989 -0.00207625 0.000934952 -0.00129257 0.00208084 1.00001 0.571113
0.99998 -0.00404312 0.00223482 0.0164525 0.00404988 0.999989 -0.00252096 -3.40598e-05 -0.00222388 0.00253055 0.999983 0.565402
1.00001 0.000448627 0.000935092 0.0108261 -0.000448157 0.999997 -0.00175061 0.00470025 -0.000936604 0.00174971 1.00001 0.569688
0.99999 0.000578719 0.00101834 0.00239316 -0.000574834 0.999997 -0.00270738 0.00353283 -0.00101915 0.00270726 0.999984 0.569296
1.00001 -0.00120859 0.00171497 -0.00493545 0.00120478 0.999997 0.00155571 -0.00483411 -0.0017176 -0.00155411 1.00001 0.577094
0.999971 -0.00623646 0.000249228 -0.00247868 0.00623724 0.999981 0.00129167 -0.00485828 -0.000256511 -0.00128963 0.999986 0.577021
0.999995 -0.00503184 -0.00188166 0.00983017 0.00503357 0.999985 0.00153806 -0.00293076 0.00187313 -0.00154799 1.00001 0.576287
0.999984 -0.00292665 -0.00218863 0.0101888 0.00292969 0.999997 0.000827635 -0.00332626 0.002187 -0.00083362 0.999983 0.574528
0.999998 0.00220295 -0.00403836 -0.00436382 -0.00220135 0.999996 0.000716566 0.00141965 0.00403902 -0.000708106 1.00001 0.591135
0.999978 0.00074221 -0.00506625 -0.0234531 -0.00074299 1 -0.000395552 0.00463118 0.00506682 0.000399742 0.999974 0.601264
0.999988 -0.00210294 -0.00608267 -0.0189921 0.00210738 0.999996 0.000926745 0.00748877 0.00607989 -0.000939995 0.999995 0.594329
0.999963 0.00108729 -0.00748946 -0.0266849 -0.00108584 1 3.41969e-05 0.00769627 0.00749029 -2.56115e-05 0.999959 0.613928
0.999969 -0.00132804 -0.00900127 -0.00353774 0.00134137 0.999996 0.00160638 0.0118462 0.00899828 -0.00161885 0.999972 0.606019
0.999937 0.00311355 -0.00973304 -0.0138031 -0.00310565 0.999996 0.000698555 0.00327181 0.00973601 -0.000667847 0.999939 0.630859
0.999959 0.000404198 -0.0101644 -0.00813943 -0.00040181 0.999999 0.000364294 0.00343974 0.0101636 -0.000360604 0.999962 0.611333
0.999923 0.00466847 -0.0105723 -0.0123605 -0.00469695 0.999986 -0.00279312 0.00484194 0.01056 0.00284301 0.999927 0.627516
0.999957 0.00302153 -0.00987568 -0.0125676 -0.00303859 0.999993 -0.0015963 0.00650225 0.00986991 0.00162585 0.999963 0.619432
0.99993 0.00299972 -0.0104776 -0.0805205 -0.00302899 0.999992 -0.00288355 0.0188782 0.0104696 0.00291539 0.999925 0.73528
0.999941 0.000145315 -0.0116957 0.0178377 -0.000172956 0.999996 -0.00225868 0.016681 0.0116941 0.00226004 0.999944 0.626885
0.999925 0.00154588 -0.0113396 -0.0191072 -0.00155006 1 -0.000440306 0.016023 0.0113399 0.000458105 0.999922 0.700954
0.999949 -0.000634285 -0.0110121 -0.0134162 0.000628881 0.999998 -0.000419809 0.0112941 0.0110114 0.000412511 0.999953 0.673503
0.999919 0.00313999 -0.0115065 -0.0185659 -0.0031381 0.999996 0.000110159 0.0116527 0.0115078 -7.36972e-05 0.999921 0.704442
0.999952 -0.00127392 -0.0106731 -0.0247281 0.00132048 0.999988 0.00442886 0.0126437 0.0106663 -0.00444302 0.999946 0.720473
0.999903 -0.00473026 -0.0124132 0.0162633 0.0048017 0.999973 0.00567943 0.0127897 0.0123869 -0.00573832 0.999894 0.717367
0.999948 -0.00267241 -0.0107623 -0.0165887 0.00271075 0.999989 0.00361032 0.00818647 0.0107517 -0.00363955 0.999949 0.720806
0.999928 -4.25817e-05 -0.0112165 -0.0149024 8.31783e-05 0.999995 0.00356992 0.00688399 0.0112171 -0.0035704 0.999917 0.77206
0.999943 -0.00707116 -0.00907951 -0.0106458 0.00707442 0.999973 0.000377065 0.00397496 0.00907583 -0.000441576 0.999972 0.754169
0.999929 -0.0072023 -0.0084788 -0.00548954 0.00723092 0.99997 0.00328626 0.0119075 0.00845559 -0.00334712 0.999945 0.761725
0.999924 -0.0107185 -0.00750985 0.0102163 0.0107646 0.999922 0.00619941 0.00922722 0.00744212 -0.00627989 0.999966 0.783894
0.999948 -0.00565363 -0.00729258 0.00381328 0.00567111 0.999982 0.00230872 0.0067544 0.00728014 -0.00234977 0.999957 0.804171
0.999983 -0.00206623 -0.00698801 -0.0160588 0.00205626 0.999997 -0.00134602 -0.00182358 0.00699003 0.00133145 0.999988 0.785668
0.999949 -0.00225259 -0.00883035 0.00974145 0.00219215 0.999975 -0.0069156 -0.0129588 0.00884632 0.00689621 0.999924 0.81512
0.999984 -0.00410942 -0.00614059 -0.0322008 0.00407055 0.999972 -0.006221 -0.000570554 0.0061652 0.00619555 0.999976 0.778626
0.999971 0.00108746 -0.0059915 -0.00572567 -0.0010958 0.999998 -0.00149701 0.00717606 0.00599063 0.00150375 0.999968 0.804699
0.99997 0.00704537 -0.00523129 -0.0216436 -0.007042 0.999976 0.000805017 0.0111238 0.00523592 -0.000768308 1 0.803353
0.999961 0.00638797 -0.00427791 -0.0321663 -0.00639101 0.999975 -0.00087942 -0.00420311 0.00427317 0.000906942 0.999976 0.810897
1 0.000396885 -0.00363114 -0.0193443 -0.000407208 1 -0.00258021 -0.00750436 0.00362898 0.00258137 1.00001 0.759689
0.999976 0.00337602 -0.00398457 -0.0645601 -0.00339018 0.999983 -0.0037635 -0.00158105 0.00397254 0.00377713 0.999969 0.87997
1 0.0028297 -0.00377296 -0.033063 -0.00284231 0.999994 -0.00313161 0.0185626 0.00376313 0.00314209 1 0.809213
0.999978 0.00123094 -0.00467905 0.00171753 -0.00122335 0.999996 0.00146597 0.0139912 0.00468144 -0.00146017 0.999972 0.743063
1 -0.00108791 -0.00456967 -0.00319689 0.00109677 1 0.0020967 0.0123837 0.00456675 -0.00210176 1 0.756142
0.99998 5.96463e-05 -0.00432376 0.0260307 -4.53481e-05 0.999992 0.00315053 0.000484674 0.00432431 -0.00315031 0.999969 0.675216
0.999996 0.0006537 -0.00529616 0.00625337 -0.000648861 1 0.00105776 0.0034981 0.0052964 -0.00105441 1 0.745754
0.999975 0.00169321 -0.00512395 0.0047184 -0.00169983 0.999996 -0.0014392 0.00569842 0.00512195 0.00144804 0.999969 0.73397
1 -0.00142717 -0.00364641 0.00837935 0.00142309 1 -0.000949284 -0.00139752 0.00364728 0.00094402 1.00001 0.685971
0.999988 -0.00161343 -0.000756604 -0.0266269 0.00161416 0.999997 0.000139374 0.00912604 0.000756631 -0.000140577 0.999982 0.708408
1.00001 -0.00222523 -0.00227135 0.00191911 0.00222448 0.999999 -3.94128e-05 0.00463641 0.00227118 3.4336e-05 1.00002 0.704254
0.999983 0.000799059 -0.00311799 0.00272269 -0.000797135 0.999998 0.000400339 0.00603005 0.00311855 -0.000397786 0.999976 0.691876
1.00001 -0.00196186 -0.00310499 0.0160302 0.0019597 1 -0.000464927 0.00699954 0.00310566 0.000458699 1.00002 0.660351
0.999982 0.00053166 -0.00358438 0.00625409 -0.000539057 0.999996 -0.00226736 0.00532252 0.00358336 0.00226944 0.999973 0.653387
0.999998 -0.00372025 -0.00334249 0.00995762 0.00371262 0.999992 -0.00206662 0.00659296 0.0033498 0.00205397 1.00001 0.640452
0.999982 -0.00189571 -0.00334786 -0.0127913 0.00189497 0.999997 -0.000449787 1.09545e-05 0.00334891 0.000443681 0.999976 0.660466
0.999999 -0.00351032 -0.00340659 -0.00179033 0.0035108 0.999996 0.000362753 0.00196281 0.00340488 -0.000374969 1.00001 0.632395
0.999976 -0.00174484 -0.00468699 0.0215537 0.0017463 0.999996 0.000153957 0.00269485 0.00468706 -0.00016196 0.99997 0.601767
1 -0.00158088 -0.00401387 -0.0175976 0.00157985 1 -0.000104501 0.000998159 0.00401355 9.7937e-05 1.00001 0.646387
0.999977 -0.000789923 -0.00490862 0.0314987 0.000790741 0.999998 3.21911e-05 0.0060604 0.00490896 -3.58711e-05 0.999971 0.565549
1 -0.00205843 -0.00430661 0.00109989 0.0020555 0.999999 -0.000523085 0.00161965 0.0043073 0.000513972 1.00001 0.605996
0.999974 0.000214852 -0.00540089 0.00103648 -0.000222089 0.999997 -0.00145896 0.00137241 0.00540088 0.00146033 0.999968 0.601085
0.999993 -0.00279907 -0.00531973 -0.00264169 0.00279084 0.999997 -0.00143278 0.00107926 0.00532341 0.0014177 1 0.603821
0.999967 0.00205067 -0.00633043 0.00254774 -0.00206962 0.999992 -0.00309035 4.01956e-05 0.00632449 0.00310362 0.999958 0.58794
0.99998 0.00288775 -0.00744912 -0.00554069 -0.00292631 0.999985 -0.00507713 0.000532129 0.00743392 0.00509852 0.999977 0.591303
0.999946 0.00442395 -0.0080899 -0.00940915 -0.00446776 0.999973 -0.00548697 0.00281445 0.00806579 0.00552309 0.999934 0.591228
0.999969 0.00462077 -0.007988 -0.0115793 -0.00465796 0.999981 -0.00456265 0.00427451 0.00796647 0.00459949 0.999976 0.581811
0.999953 0.00273745 -0.00801975 -0.018483 -0.00276219 0.99999 -0.00315151 0.0039609 0.00801122 0.00317371 0.999945 0.595173
0.999981 0.00359346 -0.00694246 -0.0211336 -0.00358188 0.999993 0.00175988 0.00903795 0.00694869 -0.00173506 0.999992 0.609054
0.999949 0.00542266 -0.00721664 -0.0200096 -0.00539066 0.999975 0.00436982 0.0109034 0.00724028 -0.00433071 0.999947 0.609327
0.999966 0.00584614 -0.00742632 -0.0231749 -0.00580203 0.999966 0.00602064 0.00946256 0.00746114 -0.00597727 0.999971 0.619476
0.999947 0.0056821 -0.00735771 -0.0265463 -0.00564173 0.999969 0.00542636 0.00703121 0.00738835 -0.00538465 0.999941 0.632327
0.999971 0.00209126 -0.00860086 0.00595822 -0.00206262 0.999994 0.00338962 0.00616318 0.00860793 -0.00337177 0.999975 0.614112
0.999944 0.0044544 -0.00843832 -0.0185491 -0.00446361 0.999988 -0.00110982 0.00319674 0.00843304 0.00114746 0.999946 0.647778
0.999976 0.00307661 -0.0077284 -0.0270927 -0.00309695 0.999992 -0.00258262 0.00463324 0.00772065 0.00260648 0.999985 0.66238
0.999953 0.00218877 -0.00826421 -0.00431108 -0.00220761 0.999994 -0.00230408 0.00633067 0.00825886 0.00232225 0.999946 0.649253
0.999975 0.00145559 -0.00824646 -0.0156519 -0.00146877 0.999998 -0.00154383 0.00836525 0.00824435 0.00155581 0.999983 0.686155
0.99995 0.00237989 -0.008511 -0.0139548 -0.00237459 0.999996 0.000576276 0.0092106 0.00851208 -0.000556072 0.999946 0.689892
0.999961 0.00508191 -0.00851039 -0.0290942 -0.00507097 0.999986 0.00136751 0.00881878 0.00851751 -0.00132433 0.999981 0.721567
0.999949 0.000285078 -0.0089349 0.00253996 -0.000259181 0.999996 0.00285086 -0.00228253 0.00893528 -0.00284841 0.999938 0.689219
0.999963 0.000127199 -0.00971331 -0.0170992 -0.000101239 0.999996 0.00272597 0.000181805 0.00971395 -0.00272492 0.999967 0.746618
0.999942 -9.93857e-05 -0.00967134 -0.0156465 0.000103809 1 0.000405022 0.00173277 0.00967107 -0.000405903 0.999935 0.750328
0.999947 0.00396888 -0.0105937 -0.0218887 -0.00396399 0.999992 0.000527975 0.000640189 0.0105959 -0.000486007 0.999962 0.771925
0.999921 -3.24812e-05 -0.011688 0.00797612 2.64205e-05 1 -0.000556601 0.0071767 0.0116878 0.000556343 0.999913 0.758739
0.99996 0.00134698 -0.0100124 -0.0101929 -0.00134486 0.999999 0.00025525 0.0103272 0.0100128 -0.000241806 0.999968 0.784576
0.999967 -0.000853216 -0.00657432 -0.0165699 0.000860365 1 0.00103066 0.00814998 0.00657333 -0.00103634 0.99996 0.797358
0.999996 -0.00158688 -0.00519459 -0.00825236 0.00158933 0.999998 0.000520633 0.0104622 0.00519379 -0.000528865 1 0.810094
0.999964 -0.00386592 -0.00599414 0.0176673 0.00386574 0.999993 -8.48314e-05 0.0129572 0.00599437 6.16022e-05 0.999965 0.814038
0.999985 -0.00586675 -0.00414889 -0.0102511 0.00586639 0.999982 -2.65634e-05 0.00921191 0.00414891 2.24133e-06 1.00001 0.851493
0.999944 -0.00813881 -0.00487992 0.0151192 0.00814819 0.999966 0.001871 0.00182478 0.00486458 -0.00191079 0.99997 0.835545
0.999977 -0.00615918 -0.00544121 0.01184 0.00617527 0.999976 0.00297771 0.00319771 0.00542273 -0.00301108 0.999998 0.853887
0.999962 -0.00577435 -0.00459527 0.0108567 0.00578584 0.999981 0.002457 0.00396362 0.00458102 -0.00248366 0.99997 0.863276
0.999999 -0.000505537 -0.00482798 -0.00080868 0.000514003 0.999997 0.00181488 0.0031733 0.004827 -0.00181718 1 0.867922
0.999982 0.000420516 -0.00355381 -0.0161569 -0.000424022 1 -0.00106661 -0.00097807 0.00355344 0.00106801 0.999977 0.879984
0.999986 0.00533981 -0.00460412 -0.0248803 -0.0053438 0.999985 -0.000808546 0.00142312 0.00459957 0.000833161 1.00001 0.898359
0.999963 0.00608564 -0.00393045 -0.0333294 -0.00608177 0.999982 0.000928687 0.00881098 0.00393617 -0.000904822 0.999976 0.921317
1 -0.000265085 -0.00446532 -9.41151e-05 0.000283316 0.999991 0.0041245 0.00859718 0.00446401 -0.00412556 0.999997 0.876693
0.999967 0.00298847 -0.00602997 -0.0048301 -0.00295039 0.999977 0.00629333 0.0101279 0.00604879 -0.00627559 0.999948 0.915463
0.999999 -0.000972682 -0.00446207 -0.00897964 0.00100322 0.999975 0.00686922 0.00682683 0.00445516 -0.00687347 0.999981 0.902392
0.99997 -0.00244528 -0.00589269 -0.0123448 0.00246535 0.999993 0.00337158 0.00399031 0.00588437 -0.00338612 0.999963 0.928677
0.999974 -0.00627962 -0.00567926 -0.00563614 0.00627141 0.999978 -0.00142517 0.000861365 0.00568806 0.00138952 0.999996 0.902441
0.999922 -0.0106065 -0.00493432 -0.0141035 0.0105763 0.999927 -0.00613806 0.0023447 0.00499903 0.0060855 0.999956 0.894529
0.999972 -0.00630223 -0.00596038 -0.0210975 0.00625267 0.999945 -0.00826321 0.00686522 0.00601203 0.00822561 0.999962 0.952859
0.999959 -0.00360451 -0.00693448 -0.0222481 0.00357753 0.999987 -0.00393515 0.0112818 0.0069486 0.00391013 0.999954 0.955738
0.999976 -0.00329889 -0.00782608 -0.0119868 0.00332403 0.999987 0.00325132 0.0140187 0.00781514 -0.00327704 0.999978 0.961116
0.999947 -0.00498749 -0.00750574 -0.0235043 0.00500641 0.999987 0.00246191 0.0102377 0.00749342 -0.0024996 0.999956 0.986029
0.999963 -0.00490405 -0.00872971 0.0375147 0.00489984 0.999985 -0.000453742 -0.000864442 0.00873155 0.000411068 0.999975 0.901801
0.999971 -0.00271916 -0.00500405 -0.0531055 0.00269454 0.999987 -0.00500109 -0.00492505 0.00501754 0.00498737 0.999962 1.00162
0.99999 9.58822e-05 -0.00691254 0.02231 -0.00011 0.999996 -0.00197134 0.0147564 0.006912 0.00197222 0.999988 0.925547
0.999968 -0.00289514 -0.00546401 0.00479388 0.00290013 0.999998 0.000852209 0.0117611 0.00546185 -0.000868377 0.999971 0.97588
0.999998 -0.00380847 -0.00399177 0.0249492 0.00382471 0.999982 0.00412165 0.0082677 0.00397559 -0.00413647 0.999997 0.931738
0.999979 -0.00328619 -0.0023989 0.0068223 0.00329255 0.999994 0.00261429 0.00915688 0.0023907 -0.00262256 0.999981 0.97188
1 -0.00392637 -0.00177088 0.0181489 0.00393143 0.999985 0.00291252 0.00800849 0.001759 -0.00291913 1.00001 0.959788
0.999987 -0.000475441 -0.000541628 -0.00943838 0.000476381 1 0.00141139 0.00470259 0.000541439 -0.00141201 0.999985 0.985637
1.00001 0.0018638 -0.000491957 0.0071674 -0.00186346 0.999996 0.000975232 0.000612954 0.000493411 -0.000973991 1.00001 0.959519
0.999985 0.0016873 -0.000301686 0.0040662 -0.00168759 1 -0.00116543 -0.000872299 0.000300098 0.00116564 0.999986 0.966873
1 0.00422546 0.000969086 0.0054844 -0.00422454 0.999989 -0.00104728 0.00117795 -0.000973875 0.00104343 1.00001 0.94574
0.999977 0.00380901 0.00221494 0.00435606 -0.00380587 0.999994 -0.00138895 -0.000560146 -0.00221991 0.00138026 0.999983 0.949408
1 0.0043173 0.00138633 0.00335465 -0.00431872 0.999989 0.00104625 -3.53496e-05 -0.0013822 -0.001052 1.00001 0.983629
0.99998 0.00312642 0.00224001 0.0121123 -0.00312789 0.999996 0.000588271 -0.00120564 -0.00223791 -0.000595528 0.999984 0.960007
1.00001 0.000775782 0.00223935 0.0209783 -0.000780585 0.999996 0.00228801 0.00314568 -0.00223792 -0.0022894 1.00001 0.947232
0.999984 0.00144634 0.00251473 0.00728887 -0.00145516 0.999995 0.00336039 0.0017179 -0.00250958 -0.00336446 0.999978 0.966091
1 -0.00417308 0.00267586 0.0338236 0.00416957 0.999988 0.00142901 0.0066423 -0.00268216 -0.00141752 1.00001 0.933517
0.999984 0.000955537 0.00283217 0.0304804 -0.000941151 0.999988 -0.00515636 -0.00411151 -0.00283661 0.00515349 0.99997 0.922733
0.999987 0.00592643 0.00383122 0.00236261 -0.00589319 0.999944 -0.00860287 0.000540444 -0.0038826 0.00858023 0.999968 0.946538
0.999976 0.00241682 0.00429015 -0.0120587 -0.00239027 0.999981 -0.00621045 0.00560694 -0.00430448 0.00619997 0.99996 0.983929
0.999999 0.00238193 0.00468571 0.00400155 -0.00240005 0.999987 0.00387962 0.00949974 -0.00467699 -0.00389051 0.999993 0.876915
0.99997 0.00340794 0.00502912 -0.00467895 -0.00343527 0.999983 0.00538728 0.0109055 -0.00501022 -0.00540476 0.999962 0.990915
0.999999 0.00210812 0.0045368 -0.00108944 -0.00212969 0.999982 0.0047807 0.00514212 -0.00452711 -0.00479002 0.999989 0.954577
0.999976 -9.392e-05 0.00473453 -0.00696264 9.38943e-05 1 -4.36233e-05 0.000567286 -0.00473396 4.38871e-05 0.999977 0.960724
1 -0.00189586 0.003318 0.0270994 0.00189387 0.999995 0.000673746 0.00392631 -0.00331991 -0.000667224 1.00001 0.915822
