0.999998 -0.00159895 -0.00139983 -0.00617447 0.00159688 0.999999 -0.000982095 -0.00836638 0.00140044 0.000979589 0.999999 0.568086
0.999999 -0.000576623 -0.000981506 -0.00254715 0.00057678 0.999999 -0.000627577 -0.0210598 0.000982815 0.000627242 0.999999 0.539411
0.999994 -0.000556894 -0.00339679 0.040464 0.000548886 0.999999 -0.00207888 0.00370757 0.00339688 0.00207667 0.999993 0.431142
0.999995 -0.00161074 0.00294917 -0.151509 0.00162429 0.999989 -0.00433686 0.0424083 -0.00294123 0.00434197 0.999987 0.674596
0.999984 -0.00363023 -0.00455407 0.0798824 0.00361735 0.999992 -0.00266237 0.000945067 0.00456253 0.0026454 0.999987 0.425159
0.999996 0.000738751 0.00264694 -0.0967331 -0.000728996 0.999991 -0.00331043 0.0493778 -0.00264861 0.00330907 0.999989 0.65909
0.999995 -0.000143062 -0.00320576 0.0240456 0.000146957 1 0.0016338 -0.027347 0.00320468 -0.00163496 0.999996 0.440658
0.999983 -0.000435466 0.00576896 -0.137804 0.000429032 0.999996 0.00135752 -0.049854 -0.00576889 -0.00135445 0.999981 0.609526
0.999998 0.0019188 -0.001264 -0.000251275 -0.00192322 0.999999 -0.00234064 -0.0243979 0.0012586 0.00234242 0.999998 0.58998
0.999997 0.00125906 -0.0020063 0.0066196 -0.00126328 0.999992 -0.002808 -0.0259985 0.00200365 0.00281123 0.999993 0.556618
0.999999 0.00115927 -0.00047405 -0.0192457 -0.00116371 0.999983 -0.00630064 0.0495765 0.000465748 0.0063004 0.999982 0.674083
0.999997 0.0025084 -0.000146994 -0.0273484 -0.00250663 0.999993 0.00114668 -0.0192664 0.000150792 -0.00114549 0.999997 0.625888
0.999995 0.00281395 -0.00139559 -0.0140636 -0.00280291 0.999958 0.00897286 -0.0400911 0.00141989 -0.00896973 0.99996 0.625546
0.999999 0.00125879 1.47792e-05 0.00677581 -0.00125737 0.999931 0.0115074 -0.0367461 5.64258e-07 -0.0115065 0.999932 0.569376
0.999997 0.00121885 -0.00285487 0.0390173 -0.00120589 0.99999 0.005098 0.0118565 0.00285994 -0.00509542 0.999986 0.68053
0.999995 0.00218727 -0.000347707 -0.023349 -0.00218583 0.999995 -0.000485536 -0.0257471 0.000347739 0.000487204 0.999997 0.695683
0.999983 0.00588413 0.00198003 -0.0650707 -0.00588248 0.999986 -0.00160637 -0.112266 -0.00199046 0.00159386 1 0.641858
0.999993 -0.000691309 -0.00307026 0.0277833 0.000665971 0.999959 -0.00882973 0.0477975 0.0030768 0.00882846 0.999955 0.730586
0.999998 -0.00170857 0.000693338 -0.0235205 0.0017051 0.999997 0.00276404 -0.0193085 -0.000699002 -0.00276369 0.999997 0.731958
1 -0.00106718 -0.000885306 0.0130566 0.00107691 0.999958 0.0091574 -0.00329282 0.000876051 -0.00915749 0.999958 0.755076
1 -0.000489913 -0.00142211 0.0118882 0.00049781 0.999978 0.00678654 0.00119657 0.00141746 -0.00678815 0.999978 0.792525
0.999994 -0.00117187 0.00298658 -0.0425902 0.00116592 0.999997 0.00236749 -0.00790069 -0.00299018 -0.00236378 0.99999 0.756113
1 -0.00183224 -4.3176e-05 0.0037173 0.001831 1 -0.000788175 -0.0141918 4.37499e-05 0.000787277 1.00001 0.798651
0.999999 -0.000551934 0.000952663 0.000333676 0.000555305 0.999999 -0.00218343 -0.00979296 -0.000952332 0.00218438 0.999992 0.805442
0.999996 0.00267083 0.00245104 -0.0336723 -0.00266424 0.999992 -0.00323937 -0.0127425 -0.00245967 0.00323218 1 0.856615
0.999992 -0.00302332 0.0020505 -0.0167911 0.00303696 0.999978 -0.00582046 -0.00648516 -0.00203387 0.00582726 0.999975 0.868234
0.999999 -0.00292483 0.000526081 0.00387714 0.00292641 0.999975 -0.00669987 -0.00306363 -0.000505742 0.00670061 0.999986 0.883849
0.999987 -0.00344996 0.00250215 -0.0360986 0.00346414 0.99998 -0.00496039 0.00460161 -0.00248574 0.00496971 0.999976 0.923077
1 0.000791667 0.000350306 -0.00693979 -0.000793533 1 5.18552e-05 -0.0134231 -0.000349665 -5.29204e-05 1.00001 0.922094
0.999998 -0.000129005 0.000958657 -0.0181063 0.000130612 0.999998 0.000442831 -0.0060248 -0.000959735 -0.000441861 0.999991 0.931352
1 0.00148044 0.00139377 -0.0212637 -0.0014804 1 -0.00138724 -0.0115839 -0.00139575 0.00138429 1.00001 0.937545
0.999993 0.00279878 0.000146522 -0.00746684 -0.00279599 0.999993 -0.00241324 -0.00383629 -0.000154135 0.00241367 0.999992 0.954631
0.999999 0.00338886 -0.000169784 -0.00818887 -0.00339148 0.999995 -0.000588076 -0.0100471 0.000168344 0.000587698 1.00001 0.978461
0.999996 0.00164586 -0.000396448 -0.000239496 -0.00164268 1 -5.30461e-05 -0.00897953 0.000394693 5.45659e-05 0.999995 0.960378
1 0.000942667 0.000408654 -0.0155028 -0.000945601 1 -0.00015065 -0.0110183 -0.000407524 0.000149335 1.00001 0.985415
0.999996 0.000143597 -0.000227778 -0.00238382 -0.000140451 1 0.000200953 -0.0142272 0.000226333 -0.000199976 0.999995 1.00107
1 0.00122958 -0.000110239 -0.0124464 -0.00123248 1 0.000949584 -0.0101732 0.000112123 -0.000950297 1.00001 1.00205
0.999996 0.000360504 -0.000938062 0.00137685 -0.00035568 0.999998 0.00145574 -0.00518446 0.000937808 -0.00145455 0.999991 1.00888
1 4.11565e-05 -0.00104259 0.00493228 -4.28518e-05 1 0.00157621 -0.0185685 0.00104335 -0.00157703 1.00001 1.01862
0.999994 -0.00198432 0.000108325 -0.0143788 0.00198783 0.999997 -0.00133415 -0.00873676 -0.000106404 0.0013352 0.999992 0.972316
0.999998 0.00104135 -0.0032969 0.0263406 -0.0010446 1 5.49513e-05 0.0030834 0.00329755 -5.23592e-05 1 1.02535
0.999988 -0.00361134 -0.00191805 -0.0093562 0.00361035 0.99999 -0.00230333 0.0475045 0.0019257 0.00229722 0.999988 1.05776
0.999995 -0.00126589 -0.00415477 0.0246445 0.00127024 0.999998 0.00189072 0.0201224 0.00415303 -0.00189676 0.999998 0.985541
0.999995 0.000912016 -0.000429301 -0.0125219 -0.000906435 0.999988 0.00455545 -0.00529519 0.000432759 -0.00455432 0.999981 1.0845
1 -0.00106061 -0.00262871 0.0237928 0.00106186 0.999999 0.00182657 0.00108088 0.00262743 -0.0018301 1 1.02362
0.999996 -5.33256e-05 0.000394746 -0.0236913 5.66585e-05 1 0.00080856 -0.0198505 -0.000395182 -0.000808199 0.999994 1.04575
0.999995 -0.00410728 -0.000687165 -0.0229351 0.00410376 0.999991 0.000135719 -0.01963 0.000686999 -0.000138902 1.00001 1.05474
0.999996 0.000468839 -0.000621264 -0.00831401 -0.000465412 1 -9.20499e-05 -0.0197094 0.000620814 9.25998e-05 0.999995 1.09129
1 -0.000140029 -0.00124737 0.000936352 0.000137598 1 0.00079949 -0.0116317 0.00124763 -0.000799972 1.00001 1.0933
0.999996 9.76032e-05 -0.000916982 -0.00755919 -9.24512e-05 0.999998 0.00195876 -0.0166131 0.000916941 -0.00195846 0.999991 1.09251
1 0.000247029 -0.00186649 0.00809537 -0.000246113 0.999999 0.0021946 -0.0148398 0.00186729 -0.0021944 1 1.07917
0.999987 0.00410979 0.000630897 -0.0123803 -0.00410498 0.999987 -0.00250366 -0.0199843 -0.000641459 0.00250128 0.999989 1.10838
0.99998 0.0070154 0.00106439 -0.00749223 -0.00701179 0.999958 -0.00628026 -0.0246457 -0.00110812 0.00627238 0.999988 1.12444
0.999986 0.00416896 0.00089202 -0.0176326 -0.00416107 0.999976 -0.005246 -0.0227866 -0.000914195 0.00524249 0.999978 1.10673
1 0.000363211 0.00120758 -0.0242124 -0.000366285 1 -0.000144176 -0.0197104 -0.00120718 0.000143443 1.00001 1.07528
0.999994 -3.22285e-05 0.00218476 -0.0373541 2.70216e-05 0.999992 0.00390778 -0.0308146 -0.00218493 -0.00390749 0.999985 1.0812
1 -0.00077198 0.000836684 -0.0185187 0.00076478 0.999993 0.00428674 -0.0425203 -0.000839226 -0.00428664 1 1.09215
0.999996 -0.00275235 0.00125317 -0.0259961 0.00275203 0.99999 0.00312975 -0.0358136 -0.0012619 -0.00312607 0.999987 1.0825
1 -0.00068273 0.00122121 -0.011925 0.00067923 1 0.000331423 -0.0333293 -0.00122044 -0.000331154 1.00001 1.09585
1 -0.000972873 0.000801991 -0.00413718 0.000977003 0.999999 -0.00116384 -0.0254653 -0.00080336 0.00116509 0.99999 1.07107
0.999995 0.000132276 0.00253499 -0.049162 -0.000129401 0.999997 -0.0023935 -0.0145247 -0.0025331 0.00239258 1 1.1135
1 -0.00102172 0.000871304 0.00631302 0.00102667 0.999997 -0.00220619 -0.0241052 -0.000871815 0.00220752 0.999987 1.02717
0.999999 -0.00106018 -0.000274113 0.0113683 0.00105657 0.999998 -0.0023401 -0.0338631 0.000278894 0.00233933 1.00001 1.07169
1 -0.0018968 -0.000475117 0.00995992 0.00189884 0.999997 -0.00199831 -0.0150904 0.00047606 0.00199789 0.999989 1.09781
0.999998 -0.00168544 -0.000293597 0.00700292 0.00168305 0.999995 0.0026122 -0.0202964 0.000291374 -0.00261323 1.00001 1.09258
1 -0.0016832 -8.07315e-05 0.00424229 0.00168666 0.999982 0.00615835 -0.0182527 6.78963e-05 -0.00615805 0.999972 1.10573
0.999998 -0.001852 0.000494533 -0.00166644 0.00184566 0.999976 0.00663103 -0.0241374 -0.000504933 -0.00663072 0.999989 1.07225
0.999905 -0.00348306 -0.0134402 0.0973875 0.00348158 0.999995 -0.000333573 -0.0510377 0.0134393 0.000287403 0.999898 1.16126
0.999993 -0.00375903 0.0010249 -0.00342117 0.00375852 0.99999 -0.00279675 -0.019061 -0.00101332 0.00279965 1.00001 1.07696
0.999999 -0.00126374 0.00190103 -0.0307613 0.00127318 0.999996 -0.00309159 -0.0177885 -0.00189939 0.00309499 0.999982 1.07052
0.999998 0.00172096 -0.000958424 0.00699366 -0.0017281 0.999989 -0.00433697 -0.0137228 0.000952432 0.00433768 1.00001 1.10483
1 0.000171346 0.00101767 -0.0249101 -0.00016442 0.999989 -0.00435686 -0.0118402 -0.00101965 0.00435788 0.999975 1.06664
0.999975 0.00117191 0.00667225 -0.0567379 -0.00118417 1 0.00138768 -0.0298187 -0.0066699 -0.00139676 0.999993 0.726717
0.999997 0.00348852 0.000961409 -0.0112282 -0.00348905 0.999985 0.0039064 -0.0179159 -0.000948936 -0.00390849 0.999979 1.1223
0.999989 0.001584 -0.00313854 0.0457729 -0.00158645 1 0.000263035 0.00907258 0.00314002 -0.000259244 1.00001 1.04168
1.00001 -0.000437867 -0.000271724 -0.0022818 0.000440822 0.999999 -0.000637575 0.000831119 0.000270555 0.000638761 0.999987 1.10686
0.999993 -0.00183381 0.000958872 -0.0219942 0.00183067 1 0.00043586 -0.0124065 -0.000959304 -0.000435261 1.00002 1.09508
1.00001 -0.00067787 0.00181084 -0.0240492 0.000679916 0.999998 0.00045104 -0.00878975 -0.00181289 -0.000448703 0.999987 1.08506
0.999989 -0.00246171 -0.000619605 0.00020964 0.00246024 0.999995 0.00250792 -0.0203913 0.000614972 -0.00251052 1.00001 1.09855
1.00001 -0.00107498 0.00166093 -0.0336041 0.00107718 0.999999 0.000514372 -0.00307692 -0.0016632 -0.000511593 0.99999 1.08548
0.999991 -0.000552569 0.001742 -0.0321469 0.000552881 1 -0.00176078 -0.0177065 -0.00173947 0.00176089 1.00001 1.07491
1 0.0013758 -0.00233531 -0.0377073 -0.0013818 0.99999 -0.00382825 -0.0228339 0.00232856 0.00383231 0.999978 1.12332
0.999994 0.000410452 -0.00122185 0.00304606 -0.000416654 1 -0.00240728 -0.0143974 0.00122254 0.00240695 1.00001 1.07038
1.00001 0.00136952 0.000328524 -0.0197488 -0.00136644 0.999997 0.00132564 -0.0116951 -0.000328823 -0.00132484 0.99999 1.05909
0.999991 0.000757769 -0.00174691 0.00834166 -0.000754766 0.999995 0.00389063 -0.0129827 0.00175198 -0.0038904 1 1.08123
1.00001 0.00114115 -0.000791666 -0.00889643 -0.00113468 0.999991 0.00380441 -0.01674 0.000794109 -0.00380215 0.999981 1.0728
0.999989 0.00149263 0.00175323 -0.0330836 -0.00149817 1 0.00118013 -0.0212871 -0.00174939 -0.00118412 1.00001 0.799329
1.00001 5.05942e-05 -0.000220619 -0.0136623 -4.77283e-05 0.999998 -0.00214167 -0.0194407 0.000219131 0.00214305 0.999988 1.08294
0.99999 -0.000329929 -2.70843e-05 -0.0195747 0.000326768 1 -0.000501634 -0.0218343 2.88134e-05 0.000500217 1.00001 1.04791
1.00001 -0.00075214 0.000475926 -0.0245804 0.000755315 1 -0.000169512 -0.0193829 -0.000477085 0.000171148 0.999989 1.05449
0.999989 -0.000951655 -0.00033706 -0.0115545 0.000948696 1 0.00058685 -0.0251218 0.000337816 -0.000588493 1.00001 1.04031
1.00001 -0.00138901 0.000751893 -0.0307418 0.00139149 1 0.00116174 -0.0166279 -0.000754593 -0.00115941 0.999989 1.01935
0.999977 -0.00170015 -0.00461575 0.0133733 0.00170984 0.999995 0.00286998 -0.0176327 0.00461196 -0.00287915 0.999996 0.823455
1.00001 -0.00115936 -0.000332608 -0.0166443 0.00116301 0.999999 0.0014819 -0.0293708 0.000329747 -0.00148092 0.999991 0.989173
0.999987 -0.00113421 -0.00146907 -0.0174891 0.00113101 1 0.000216286 -0.0208072 0.00147017 -0.000219206 1.00001 0.96589
1.00001 -0.00111118 -0.00302074 -0.012932 0.00111309 0.999999 -0.000460782 -0.0277988 0.00302008 0.000458719 0.999988 0.959326
0.999986 0.00026351 -0.00286948 -0.0171346 -0.000269425 1 -0.00087727 -0.0213723 0.00287102 0.000876854 1.00001 0.930549
1.00001 -0.000544396 -0.00210327 -0.0253815 0.000549534 0.999997 0.000851795 -0.0258946 0.00210109 -0.000851804 0.999987 0.888672
0.999985 0.000509389 -0.00233923 -0.0411059 -0.000505523 0.999997 0.00310496 -0.0218293 0.00234256 -0.00310488 1 0.832248
1.00001 0.000785055 -0.00210388 -0.026072 -0.000778647 0.999998 0.001377 -0.0233043 0.00210321 -0.00137407 0.999988 0.850907
0.999973 0.00224532 -0.00453833 -0.0192974 -0.00224207 0.999998 0.00148001 -0.0300148 0.00454334 -0.00147106 0.999998 0.761463
1.00001 0.00142455 -0.00204522 -0.0212369 -0.00141868 0.999999 0.00117198 -0.0216054 0.00204535 -0.0011677 0.999991 0.794863
0.999978 0.00191689 -0.00269645 -0.00759682 -0.00191866 0.999999 0.000701517 -0.0243059 0.00269886 -0.000698039 1.00001 0.763603
1.00001 0.0036189 -0.00318527 0.0167532 -0.00360187 0.999983 0.00427485 -0.102263 0.00319958 -0.00426173 0.999977 0.691319
0.999967 0.00129052 -0.00542793 0.0239148 -0.00129269 1 0.000254023 -0.0853529 0.00542925 -0.000248641 0.999995 0.656337
1 0.00351362 -0.00321205 -0.008145 -0.00351553 0.999992 -0.0016697 -0.051946 0.00320514 0.00168265 0.999985 0.664102
0.999978 0.00154641 -0.00314063 -0.0044258 -0.0015528 0.999999 -0.000894153 -0.0473029 0.00314024 0.000897272 1 0.711667
1.00001 0.00245731 -0.00360005 0.0343007 -0.0024566 0.999996 -0.000799251 -0.0282912 0.0035971 0.000809813 0.999985 0.606547
0.999981 0.00240344 -0.000863128 0.0291424 -0.00240631 0.999998 0.000819181 -0.0250432 0.000866114 -0.000818816 1.00001 0.59217
1.00001 0.00294631 0.00252224 -0.00330905 -0.0029455 0.999994 0.00109621 -0.0232639 -0.00252012 -0.00110194 0.999988 0.61479
0.999973 0.00274776 0.00381173 0.01613 -0.0027574 0.999996 0.00160986 -0.040582 -0.00380615 -0.00162209 1 0.561396
1.00001 -0.00127993 0.00420963 0.0580116 0.00127146 0.999994 0.00286383 -0.0327641 -0.00421445 -0.00285672 0.999978 0.531135
0.999944 -0.000361238 0.00906386 0.0200536 0.000350249 1 0.000804367 0.0160928 -0.00906278 -0.000802859 0.99997 0.515196
0.999951 0.000301188 0.0112929 0.0144804 -0.000310198 0.999997 0.00112105 -0.0177245 -0.011294 -0.00112283 0.999925 0.485163
0.999926 -0.00160736 0.0108052 0.0550569 0.00161404 1 -0.000973031 -0.00895632 -0.0108022 0.000988737 0.999953 0.45404
0.999924 -0.00226893 0.0132332 0.0506728 0.00229212 0.999995 -0.00143919 -0.0093634 -0.0132314 0.00147103 0.999899 0.444737
0.999878 -0.000656403 0.0146891 0.0602574 0.000704795 0.999995 -0.00355818 -0.000786256 -0.0146851 0.0035665 0.999898 0.41698
0.999856 -0.000313451 0.0177639 0.0898782 0.000379723 0.999992 -0.00350356 -0.0168726 -0.0177643 0.00351134 0.999823 0.417008
0.999793 -0.00249945 0.0195048 0.0818565 0.00257697 0.99999 -0.00415772 -0.0138629 -0.0194926 0.00420557 0.999815 0.387124
0.999764 -0.00224906 0.0222401 0.12042 0.00232699 0.999991 -0.00330366 0.0061329 -0.022234 0.00335609 0.999734 0.430188
0.999668 -0.00247359 0.0250812 0.116933 0.00247409 0.999998 -0.000154241 -0.0132834 -0.025079 0.000214783 0.999699 0.378321
0.99956 -0.00233208 0.0301163 0.0868684 0.00240812 0.999995 -0.00236968 0.00584773 -0.0301121 0.00244255 0.999533 0.400009
0.999387 -0.0025238 0.0344731 0.0752933 0.00257128 0.999996 -0.00142708 -0.0032612 -0.0344673 0.0015133 0.999417 0.39928
0.999317 -0.0029264 0.0372502 0.083602 0.00295847 0.999996 -0.000717428 -0.00157866 -0.03725 0.00082869 0.999295 0.421994
0.99918 -0.00230415 0.0400714 0.0717157 0.00237372 0.999997 -0.00177461 0.003109 -0.0400647 0.00186674 0.999208 0.401373
0.999358 -0.000825709 0.0362082 0.157531 0.000831943 0.999999 -6.32352e-05 -0.030746 -0.0362104 9.49137e-05 0.999332 0.368145
0.999185 0.00163563 0.0399698 0.150977 -0.00165657 1 0.000406719 -0.0285949 -0.0399667 -0.000474206 0.999214 0.362328
0.998946 0.000267825 0.0462153 0.0706247 -0.000336716 0.999998 0.00155433 -0.0085971 -0.0462173 -0.00156679 0.998918 0.366003
0.998918 -6.66858e-05 0.0461987 0.0807366 -3.06396e-06 1 0.00143136 -0.00679821 -0.0461961 -0.00143146 0.998944 0.364331
0.998755 -0.00174522 0.0501582 0.0530723 0.00171114 0.999998 0.000794301 -0.0223942 -0.0501622 -0.000706059 0.998729 0.360534
0.998996 0.000830267 0.0444646 0.135735 -0.000926465 0.999997 0.00206281 -0.0716357 -0.0444602 -0.00210338 0.999021 0.371164
0.998878 -0.0015701 0.0476463 0.0900638 0.0016138 0.999999 -0.000804638 -0.0572037 -0.0476478 0.000882004 0.998852 0.359902
0.998852 0.00104792 0.0475848 0.0964648 -0.000992022 0.999998 -0.00127096 -0.0483163 -0.0475833 0.00122095 0.998879 0.36508
0.998591 0.00425706 0.0531662 0.0680702 -0.00415475 0.99999 -0.00197068 -0.0285746 -0.0531769 0.00174829 0.998572 0.361487
0.998763 0.0057859 0.0491004 0.123334 -0.00584682 0.999983 0.0010245 -0.0584073 -0.0490909 -0.00131162 0.998805 0.374057
0.99855 -0.000800918 0.0541121 0.0683815 0.000872369 1 -0.0012265 0.00428384 -0.0541146 0.0012732 0.998524 0.365704
0.998563 -0.00306338 0.0532393 0.0780809 0.00301584 0.999997 0.000895025 0.00693945 -0.0532396 -0.000734724 0.998596 0.377537
0.998517 0.000732338 0.05474 0.0739644 -0.000891383 0.999997 0.00295266 -0.0028783 -0.0547419 -0.00299584 0.998488 0.375034
0.998464 0.000439852 0.0551401 0.0724911 -0.000557593 1 0.00204214 0.0029194 -0.0551369 -0.00207144 0.998491 0.381081
0.998476 3.5771e-05 0.0554891 0.0679485 -0.000190942 0.999994 0.00286524 -0.0044414 -0.0554912 -0.00286996 0.998444 0.390376
0.998356 -0.00156356 0.0570304 0.071314 0.00133389 0.999993 0.0039877 -0.010554 -0.0570335 -0.00390662 0.998377 0.400554
0.998393 0.00359799 0.0568355 0.0540745 -0.00367087 0.99999 0.00125544 -0.0049587 -0.0568333 -0.00146043 0.998371 0.401153
0.99847 0.00422772 0.0548694 0.0531319 -0.00402821 0.999987 -0.00382588 -0.00342615 -0.0548824 0.00359723 0.9985 0.407902
0.998649 -0.00151743 0.0522335 0.0454445 0.00201596 0.999952 -0.00941128 0.0810822 -0.0522193 0.00950551 0.998578 0.412115
0.998855 -0.00198405 0.0474877 0.0635397 0.0021159 0.999996 -0.00282127 0.0112964 -0.0474796 0.00291683 0.998883 0.410389
0.99911 -0.00490226 0.0422496 0.0554637 0.00505682 0.999979 -0.0034426 0.0446256 -0.042234 0.00365491 0.999086 0.416731
0.999337 -0.00382651 0.0358058 0.0532907 0.00387679 0.999993 -0.00146388 -0.00210194 -0.035798 0.00160003 0.999373 0.422801
0.999498 -0.00358148 0.0319994 0.0299258 0.00363989 0.999993 -0.00163242 0.000843076 -0.0319955 0.00174966 0.999475 0.459301
0.999638 0.00478079 0.0258537 0.0350842 -0.00481421 0.999987 0.00105688 -0.000989768 -0.0258464 -0.00118268 0.999677 0.513828
0.999713 0.00589142 0.0239228 -0.00236281 -0.00601403 0.99997 0.00523622 -0.0299461 -0.0238932 -0.0053769 0.999689 0.487179
0.999808 0.00699219 0.0174329 0.0719281 -0.00703189 0.999971 0.00197941 0.0167959 -0.0174167 -0.00210336 0.999858 0.431006
0.999757 -0.00339602 0.0225811 0.0294067 0.00336601 0.999994 0.00155341 -0.00265325 -0.0225884 -0.0014754 0.999734 0.513518
0.999774 -0.00931873 0.0181896 0.0278207 0.00934573 0.999954 -0.00162808 -0.00197981 -0.0181716 0.00179609 0.999844 0.477125
0.999733 -0.00429971 0.0235098 -0.0659917 0.00437895 0.999987 -0.00314675 0.0174228 -0.0234983 0.00325041 0.999709 0.446364
0.999831 0.00252774 0.0171904 -0.0231086 -0.0023874 0.999961 -0.00840758 0.0433629 -0.0172088 0.00836355 0.999829 0.463731
0.999939 0.00318523 0.0122242 -0.0304369 -0.00308418 0.999964 -0.0079469 0.0676197 -0.0122511 0.0079103 0.999881 0.569547
0.999965 -0.00180013 0.00552123 0.0170649 0.0017973 0.999998 -0.00021315 0.00341811 -0.0055191 0.000221372 0.999998 0.534741
0.999985 -0.0055938 0.00611822 -0.016796 0.0055857 0.999982 0.0020043 0.0264408 -0.00613116 -0.00196837 0.999966 0.536678
0.999982 -8.49471e-05 0.00090216 -0.00640576 7.93424e-05 0.999998 0.00194609 -0.019698 -0.000900778 -0.00194771 1.00001 0.562953
1 0.000471136 -0.00503104 0.0269489 -0.000491412 0.999989 -0.00474916 0.0799932 0.00502735 0.00475336 0.999963 0.727692
0.999967 0.00540621 -0.00226568 -0.0142841 -0.00540926 0.999986 0.000165755 -0.00199451 0.00226799 -0.000155142 1.00001 0.754411
1.00002 0.00068189 -0.00114659 -0.00367288 -0.00068152 0.999997 -0.00259153 0.0191738 0.00114296 0.00259399 0.999986 0.706363
0.999978 0.00119849 -0.00241259 0.0153744 -0.00121367 0.999988 -0.00487047 0.0604241 0.00240852 0.00487171 0.999996 0.7061
1.00002 -0.000235008 -0.00176261 -0.0112665 0.000239194 1 0.000375945 -0.00372552 0.00176069 -0.000374763 0.999989 0.668913
0.999981 0.00080107 -0.00114692 0.00401848 -0.000802555 0.999998 0.00190033 -0.00419324 0.00115017 -0.00190099 1.00001 0.743414
1.00002 0.00164453 -0.000561883 -0.00445095 -0.00164213 0.999996 -0.00200338 0.0529001 0.000556917 0.00200592 0.999988 0.765984
0.999979 -0.00243994 0.00101148 -0.0212456 0.00243548 0.999997 0.00063148 0.0442943 -0.00101139 -0.000630664 1.00001 0.688548
1.00002 0.0018958 0.000564325 0.000162223 -0.00189318 0.999998 0.00142028 -0.00376665 -0.000563304 -0.00141978 0.999992 0.798733
0.999982 -0.000190131 2.59991e-05 0.0029424 0.000186767 0.999998 -0.00163061 0.0749543 -2.42074e-05 0.00162892 1.00001 0.601995
1.00002 -0.00187728 2.07332e-06 -0.00694336 0.00188048 0.999997 0.00224359 0.0254017 -7.9202e-06 -0.00224196 0.999989 0.642922
0.99998 -0.00175869 0.00043353 0.00319257 0.00175528 0.999997 0.000736724 0.0385586 -0.00043326 -0.000737542 1.00001 0.60386
1.00001 0.00231362 0.00208988 -0.0495354 -0.00231385 0.999997 0.00139988 0.00982196 -0.00208836 -0.00140321 0.999988 0.723974
0.999976 0.0032259 9.31124e-05 0.00126378 -0.00322864 0.999977 -0.00589388 0.00205389 -0.000110782 0.00589188 0.999993 0.835185
1.00002 -0.00228035 -0.000210001 -0.00165445 0.00228189 0.999961 -0.0085658 0.101804 0.000228133 0.00856695 0.999953 0.67428
0.999981 0.000140871 0.00070044 0.00640872 -0.000142822 0.999998 -0.00216752 -0.00257223 -0.000699619 0.00216577 1.00001 0.831501
1.00001 0.00380098 0.00158317 -0.0110155 -0.00379994 0.999993 0.00151443 -0.00227888 -0.00157869 -0.00151882 0.999987 0.85424
0.999978 0.00281754 0.000891119 -0.00792899 -0.00282429 0.999988 0.00387374 -0.00709572 -0.00087913 -0.00387773 1 0.863886
1.00002 0.00142636 -0.000275739 0.00278064 -0.00142174 0.999989 0.00538521 -0.0132509 0.0002809 -0.00538334 0.999978 0.851391
0.999977 0.00316046 -0.000132517 -0.00211715 -0.00316313 0.99998 0.00488388 -0.00526179 0.000149934 -0.00488501 0.999997 0.846378
1.00001 0.00404178 0.000837061 -0.025694 -0.00403832 0.999994 -1.53453e-05 0.00858625 -0.000839354 1.36818e-05 0.999992 0.421222
0.999983 -0.000825814 -0.00039674 -0.0114784 0.000818325 0.999955 -0.00923591 0.0403612 0.000406418 0.00923368 0.999965 0.707882
1.00002 -0.000620127 0.000689299 -0.0248599 0.000632359 0.999927 -0.0122731 0.0197749 -0.000683887 0.0122754 0.999917 0.773526
0.999982 -0.0018745 -0.000243876 -0.00879493 0.00186977 0.999983 -0.00503198 -0.00652835 0.000255478 0.0050297 0.999996 0.835852
1.00002 0.000682221 0.000566788 -0.0207374 -0.000680637 0.999998 0.0031756 0.00840634 -0.000566882 -0.00317427 0.999987 0.829589
0.999979 -0.00358197 -0.00181148 0.0104282 0.00359263 0.999965 0.00773239 -0.0133329 0.00178488 -0.00774034 0.999981 0.834729
1.00001 -0.000932109 -0.00134454 0.00481899 0.000939443 0.999994 0.00334841 -0.0197991 0.00134007 -0.00334826 0.999984 0.837761
0.999985 0.000393088 -0.000349803 -0.00470352 -0.000396056 1 -0.00140022 -0.00951851 0.00035021 0.00139887 1.00001 0.836525
1.00001 0.00330166 0.00104656 -0.0125251 -0.00330173 0.999994 -0.000491264 -0.0247834 -0.00105034 0.000488792 0.999996 0.831517
0.999978 0.00178737 0.00094421 0.00322802 -0.00178717 0.999999 -0.000104438 -0.014287 -0.000942181 0.000101499 1 0.818231
1.00002 -0.000815796 0.000342341 -0.0223592 0.000815194 0.999998 0.0012467 -0.0367355 -0.000345569 -0.00124528 0.999996 0.629539
0.999981 0.00135836 0.00151037 0.0026557 -0.00135894 1 0.00035857 -0.027508 -0.00150728 -0.000362359 1.00001 0.809892
0.999993 0.00643733 0.00297469 -0.0210945 -0.0064348 0.999975 -0.000846367 0.0153235 -0.00298273 0.00082896 0.999984 0.745101
0.999979 0.00221817 0.00255363 -0.0117267 -0.00222206 1 0.00130457 -0.0182279 -0.00254846 -0.00131214 1.00001 0.798709
1.00001 -0.000469728 0.0023143 -0.00787922 0.000467591 0.999999 0.00117082 -0.0159492 -0.00231723 -0.00116806 0.999989 0.800799
0.999984 5.73252e-05 0.00143547 -0.00113565 -5.68506e-05 1 -0.00048207 -0.0126739 -0.00143311 0.000480156 1.00001 0.788174
1.00002 3.98371e-05 0.00137643 0.000533536 -3.64708e-05 0.999997 -0.00220697 -0.000644303 -0.00137899 0.00220865 0.999986 0.787852
0.999985 -6.41313e-06 0.000900229 -0.00152991 6.06968e-06 1 0.000159448 -0.0196903 -0.000897831 -0.000161603 1.00001 0.779215
0.999969 -0.00792113 0.00543448 -0.0809255 0.00791321 0.999967 0.00152643 -0.0606852 -0.00544897 -0.00148121 0.999973 0.770171
0.99998 -0.00209208 0.00238913 -0.0264127 0.00208918 0.999997 0.00114897 -0.0376879 -0.00238902 -0.00114618 1.00001 0.722926
1.00001 0.00100604 0.00209474 -0.0160139 -0.00100474 1 -0.000547793 -0.00513595 -0.00209786 0.000547786 0.999988 0.782751
0.99998 -0.00227466 0.00219571 -0.0225629 0.00227992 0.999994 -0.00247645 -0.008199 -0.00218754 0.0024793 1 0.729807
1.00001 0.00133086 0.000659074 -0.0074563 -0.00133156 0.999999 0.00110659 -0.0150157 -0.000660136 -0.00110539 0.999989 0.744185
0.999981 -0.00232247 0.00176291 -0.0238142 0.00232321 0.999997 -0.000450236 -0.0106898 -0.0017593 0.000452208 1.00001 0.694753
1.00002 -0.000404188 -0.000969674 0.00365775 0.000401711 0.999996 -0.00278662 -0.015627 0.000968213 0.00278848 0.999985 0.71151
0.999941 -0.00370934 -0.00850208 -0.0287024 0.00371687 0.999993 0.000888504 -0.0548275 0.00850101 -0.000922254 0.999974 0.406504
1 0.00181642 -0.00525485 0.0151755 -0.00179861 0.999994 0.00337006 -0.0794768 0.00525883 -0.00335827 0.999971 0.425587
0.999983 -0.00225187 -0.000922503 0.00508118 0.00224833 0.99999 -0.00361558 0.0172152 0.000932707 0.00361113 1 0.698149
1.00001 -0.00102261 -0.000835797 -0.00844921 0.00102116 0.999999 -0.00215039 0.0146078 0.000835855 0.00215186 0.999988 0.637412
0.999983 0.00276324 6.62495e-05 -0.0185381 -0.00276346 0.999996 0.000138596 0.0155142 -6.36825e-05 -0.000141057 1.00001 0.606039
1.00001 0.00163547 -0.000868676 -0.0177213 -0.0016361 0.999998 -0.00099845 0.00605708 0.000864839 0.00100215 0.99999 0.591439
0.999983 0.00327639 7.42737e-05 -0.0258543 -0.00327665 0.999995 -1.71113e-05 -0.0278174 -7.20624e-05 1.46052e-05 1.00001 0.651406
1.00001 0.00392073 0.000881068 -0.0658503 -0.00392436 0.999983 0.00445329 -0.0318347 -0.000865847 -0.00445451 0.99998 0.508033
0.999975 -0.00551068 -6.05218e-05 -0.0370905 0.00551041 0.99998 0.00381726 -0.161031 4.19045e-05 -0.00382007 1 -0.043249
0.999979 0.00440679 0.00669891 -0.0876603 -0.00440891 0.999987 0.000360417 0.00957958 -0.00669977 -0.000387451 0.999966 0.606594
0.999966 0.00420322 0.00551513 -0.0104566 -0.00420973 0.999992 0.00102891 -0.0250575 -0.00550837 -0.00105458 0.999995 0.683472
0.999988 -0.00341806 0.00588072 0.00419276 0.00343853 0.999988 -0.00332768 -0.0175464 -0.00587175 0.00335028 0.999967 0.659822
0.999946 -0.00243664 0.00892925 -0.0579096 0.00235417 0.999957 0.00913504 -0.186612 -0.00894854 -0.00911598 0.99993 0.581291
0.999994 0.00130925 0.00584643 0.0167683 -0.00130043 0.999997 -0.00138764 -0.0135076 -0.00585086 0.00138215 0.999972 0.681657
0.999949 0.00359426 0.00807883 -0.0372441 -0.00358308 0.999993 -0.0014779 0.0156422 -0.00808135 0.00144669 0.999976 0.642655
0.999997 -0.00177775 0.00543081 -0.0163293 0.00178511 0.999997 -0.0012137 0.00909411 -0.00543125 0.00122555 0.999975 0.671753
0.999968 0.00126485 0.00601895 -0.0205585 -0.00124527 0.999994 -0.00338289 0.00609438 -0.00602056 0.00337311 0.999985 0.71462
1.00001 -0.000628553 0.0036582 -0.0194351 0.000654826 0.999976 -0.00698639 0.0897098 -0.00365633 0.00699092 0.99996 0.688834
0.999977 -0.00379152 0.00227956 -0.00818904 0.0037963 0.99999 -0.00252014 0.0469988 -0.00226739 0.00252653 1 0.664066
0.999989 -0.00667006 0.00237646 -0.0207178 0.00667819 0.999974 -0.00304133 0.0638099 -0.00235874 0.00305932 0.999984 0.686983
0.999985 -0.00154735 0.00095232 -0.0119938 0.0015497 0.999992 -0.00338223 0.0442079 -0.000944466 0.00338151 1 0.655254
0.999996 -0.0053048 -0.00258349 0.0188591 0.00528859 0.999966 -0.00662221 0.0705285 0.00261606 0.00661062 0.999967 0.704255
0.999978 -0.00410119 -0.000747122 -0.0140437 0.00409781 0.999985 -0.00328018 -0.0160038 0.000763129 0.00327496 1 0.637039
0.999993 -0.00651165 0.000288371 0.00123749 0.00651378 0.999973 -0.0042912 -0.0045909 -0.000263096 0.00429502 0.999985 0.749351
0.999963 -0.0069551 0.000266201 0.0111406 0.00695457 0.99997 -0.00380304 -0.0168439 -0.000237547 0.00380273 1 0.742457
1.00001 -0.00371641 0.00173904 -0.0418715 0.00371623 0.999991 0.00099811 -0.0385084 -0.00174498 -0.000989616 0.99999 0.728676
0.999979 -0.0038152 -0.00129213 -0.0200312 0.0038238 0.999965 0.00791218 -0.12941 0.00126411 -0.00791899 0.999979 0.70429
1.00001 -0.0024384 -0.00024609 -0.0932228 0.00244206 0.999954 0.00899653 -0.0660871 0.000221924 -0.00899513 0.999948 0.599394
0.999985 -0.00216311 -0.00159814 0.0155044 0.00216596 0.999997 0.00273203 -0.0172974 0.00159506 -0.00273771 1.00001 0.766865
1.00001 -0.000639947 -0.000601703 0.0107165 0.000641109 0.999998 -0.000520478 -0.0052736 0.000599153 0.000522467 0.999988 0.757395
0.999986 0.00157512 0.00128305 -0.00652671 -0.00157577 1 -0.000749225 -0.016208 -0.0012812 0.000744778 1.00001 0.753369
1.00001 0.00148641 0.00237469 -0.0068144 -0.00148206 0.999994 -0.00114193 0.0207045 -0.00237944 0.00114084 0.999987 0.756342
0.999909 -0.0126043 -1.39942e-06 -0.0063447 0.0126023 0.999913 -0.00506445 0.029052 6.82559e-05 0.00506153 0.999997 0.690701
0.999993 -0.00216049 -0.0058836 0.0356247 0.00217715 0.999988 0.00253076 -0.0355692 0.00587513 -0.00254111 0.999969 0.580778
0.999985 0.00134473 0.00238198 -0.00577957 -0.00134852 1 0.0011083 -0.0226544 -0.00237722 -0.001114 1.00001 0.749823
1.00001 0.00180075 0.00108671 -0.00336531 -0.00179819 0.999993 -0.00135858 0.00152924 -0.0010923 0.00135934 0.999989 0.762375
0.999988 -0.000418994 0.000198091 0.00500297 0.000418493 1 -0.00131164 -0.0155496 -0.000194175 0.00130881 1.00001 0.764561
1.00001 0.00128526 0.000329258 -0.0034998 -0.00128467 0.999999 -0.000157167 -0.0142395 -0.000332883 0.00015947 0.999991 0.771114
0.999986 0.00118078 0.00131116 0.00162622 -0.00117625 0.999991 -0.00386007 0.0471004 -0.00131233 0.00385575 1 0.717
1.00001 -0.00102672 0.000314432 0.00230989 0.00102666 1 0.000938165 0.00196754 -0.000318689 -0.000935186 0.99999 0.778539
0.99996 0.00613284 0.00412624 -0.0508719 -0.00613489 0.999981 0.00044615 -0.00581502 -0.00412005 -0.000474073 1 0.801304
1.00001 0.00273222 0.00145078 -0.00596629 -0.00273434 0.999998 0.00147957 -0.00758434 -0.00144984 -0.00148119 0.999991 0.792927
0.999983 -0.00143812 0.0015947 0.00151228 0.00143886 0.999997 -0.000685208 0.00529487 -0.00159062 0.000684826 1.00001 0.818013
0.999997 0.00547269 0.00226187 -0.0120507 -0.00546618 0.999984 -0.00277494 0.0472154 -0.00228012 0.00276514 0.999987 0.665554
0.999986 0.000848826 0.00166001 0.00427306 -0.000846129 0.999996 -0.00212757 0.000559088 -0.00165936 0.00212328 1.00001 0.803417
0.999999 -0.00167585 0.00505719 -0.0667119 0.00173488 0.999934 -0.011533 0.112063 -0.00504004 0.0115446 0.99991 0.85194
0.999985 -0.0014598 -0.000918324 0.00340049 0.00144982 0.999948 -0.00988283 0.0758479 0.000935091 0.00987854 0.999962 0.745345
1.00001 -0.00230368 -0.00139578 0.0510836 0.0022963 0.999982 -0.00578146 0.0142001 0.00140669 0.00578119 0.999971 0.82186
0.999985 -0.00122401 0.00140253 -0.0491695 0.00122792 0.999991 -0.00344073 0.0201339 -0.00139594 0.00343946 1.00001 0.837196
1 -0.00409421 -0.00191919 0.0239569 0.00409582 0.999994 0.000228453 0.00142408 0.00191574 -0.000233388 0.999987 0.831033
0.999979 -0.00365529 -0.00197301 -0.00640682 0.00365227 0.999991 -0.000910646 0.00469601 0.00197877 0.000900373 1.00001 0.853109
1.00001 0.00107221 -0.000822394 -0.0196736 -0.00106971 1 0.00160019 -0.0103939 0.000821616 -0.00159629 0.999986 0.791006
0.999974 0.00156325 -0.00508888 0.000587533 -0.00156082 0.999996 0.000725419 0.0185748 0.00509241 -0.000720476 0.999999 0.783252
1.00001 -2.53861e-05 -0.0013474 -0.0162659 2.66206e-05 1 -3.08317e-05 0.0270648 0.00134484 3.37494e-05 0.999987 0.828189
0.999984 -0.0010075 -0.00294013 0.000520472 0.00100321 0.999997 -0.00103269 0.0298743 0.00294367 0.00102678 1.00001 0.828485
1.00001 0.00280168 -0.00164715 -0.0124629 -0.00279424 0.999991 0.00378445 -0.0668459 0.00165493 -0.00377698 0.99998 0.826736
0.999987 -0.000910792 -0.00142544 -0.0112946 0.000904336 0.999993 -0.00371909 -0.0229664 0.00143143 0.00371474 1.00001 0.856261
0.999994 0.00590225 0.000700871 -0.0392859 -0.0058996 0.99998 -0.00235466 -0.06794 -0.000717452 0.00235351 0.999984 0.768298
0.999984 0.00255596 -0.00166869 -0.0146071 -0.00256138 0.999996 -0.00254631 -0.0207879 0.00166465 0.00254765 1.00001 0.889798
1.00001 0.000859142 0.000111431 -0.0134115 -0.000858168 0.999995 0.00240167 -0.0353291 -0.000111882 -0.00239897 0.999984 0.794126
0.999971 0.00508244 0.0030751 -0.0527496 -0.00509169 0.999985 0.00267008 -0.00404478 -0.00305893 -0.00268852 1 0.800626
0.999911 -0.0125338 -0.00652703 0.0166975 0.0125342 0.99992 -0.000136313 0.0261693 0.00652578 5.7317e-05 0.999967 0.859028
0.999982 -0.00360982 -0.000496967 -0.0273994 0.00360913 0.999995 0.000524079 -0.0146975 0.000497681 -0.000528637 1.00001 0.854189
1.00001 0.00105619 0.000528254 -0.0162373 -0.00105616 0.999999 -0.000419516 -0.002015 -0.000531943 0.000421499 0.999991 0.678327
0.999982 -0.00298057 -0.00179205 0.0115809 0.00298342 0.999995 0.00158303 -0.00604085 0.00179035 -0.00159104 1.00001 0.860476
0.99999 -0.0065302 -0.00117852 -0.0252444 0.00652793 0.999977 -0.00187806 0.0169608 0.00118766 0.00187299 0.999988 0.78922
0.999987 -0.00226994 -0.000833513 -0.00182259 0.00226822 0.999998 -0.00169461 -0.0064735 0.000839437 0.00168988 1.00001 0.865938
1.00001 -0.00196045 0.00146666 -0.0242054 0.00196623 0.999989 -0.00369831 0.00894161 -0.00146159 0.00370394 0.999978 0.731523
0.999988 0.000961044 -0.00114435 -0.0157521 -0.000966693 0.999991 -0.00464746 0.0391803 0.00114203 0.00464575 1 0.870729
1 0.00414677 -0.000673589 -0.0139969 -0.00414384 0.999983 0.0036187 -0.00603607 0.00068625 -0.00361312 0.999982 0.885769
0.999978 0.00407257 -5.05605e-05 -0.0141316 -0.00407233 0.999995 0.0011419 -0.0116812 5.75109e-05 -0.00114452 1.00001 0.870148
1.00001 0.00337789 0.000868314 -0.00862805 -0.00337715 0.999991 -0.00122098 -0.0116842 -0.000874774 0.00122074 0.99999 0.85031
0.999978 0.00200958 0.00314032 -0.0410271 -0.00199852 0.999996 -0.00341322 -0.0436174 -0.00314468 0.00340419 0.999998 0.820769
1.00001 0.00234023 0.000160331 0.0186157 -0.00234002 0.999988 -0.00341833 0.00280784 -0.000170761 0.00342064 0.999987 0.812931
0.999981 -0.00236204 -0.00168424 0.0340371 0.00235699 0.999996 -0.00315098 0.058546 0.00169402 0.00314428 1 0.871031
1.00002 -0.00085963 0.000623169 -0.00766568 0.000859025 0.999997 0.000251413 -0.00879231 -0.000625623 -0.000248276 0.999992 0.841529
0.999985 -0.00136178 4.57851e-05 0.0046955 0.00136196 1 -0.00153132 -0.0031799 -4.11903e-05 0.0015288 1.00001 0.856579
1 0.00373616 0.00359202 -0.0294836 -0.00372371 0.999985 -0.00353997 -0.0242658 -0.00360782 0.00352908 0.999978 0.811684
0.999967 -0.00418033 0.00447849 -0.0522675 0.00421328 0.999966 -0.00736328 0.108433 -0.00444483 0.00737945 0.999973 0.789718
0.999993 -0.00439829 0.00477679 -0.0504802 0.00443081 0.999964 -0.00683545 0.108692 -0.00474926 0.00685897 0.999955 0.72203
0.999949 -0.00848649 0.00144802 -0.00662294 0.00849588 0.999945 -0.00650619 0.0893956 -0.00139021 0.00651572 0.999988 0.754142
1.00001 -0.000225859 0.00254749 0.00586177 0.000228952 0.999998 -0.0013336 -0.0145716 -0.00254977 0.00133658 0.999986 0.809841
0.999978 -0.000975338 0.00397623 -0.0218287 0.000994748 0.999989 -0.0048113 0.00833927 -0.00396888 0.00481278 0.99999 0.797548
1.00001 -5.51657e-05 0.00188858 -0.0164759 6.00028e-05 0.999995 -0.00269599 0.0034207 -0.00189103 0.00269855 0.999985 0.773064
0.999983 0.000810864 0.0024118 0.00160029 -0.000808454 1 -0.000856592 -0.00975936 -0.00240991 0.000852226 1.00001 0.784649
0.999997 -0.00417986 0.00362177 -0.039974 0.00418509 0.99999 -0.00148679 0.0413605 -0.00361825 0.00150428 0.999983 0.744791
0.999985 -0.000875039 0.00217955 -0.00917172 0.000882102 0.999996 -0.0030671 0.0246598 -0.00217419 0.00306664 1 0.758437
1.00001 0.00126039 -0.00301152 0.0255676 -0.00129201 0.999945 -0.0103073 0.0797398 0.00299579 0.0103135 0.999933 0.740689
0.999985 0.00264847 0.00113276 -0.00459481 -0.00263949 0.999974 -0.00722685 -0.0176922 -0.00114921 0.00722138 0.999984 0.775508
0.999977 -0.0071143 0.00405346 -0.0329917 0.00713262 0.999961 -0.00466055 0.0255655 -0.00402284 0.00469168 0.999972 0.692074
0.999986 -0.0022114 -0.00175122 0.0629758 0.00221349 1 0.000720531 -0.00907574 0.00175215 -0.000726735 1.00001 0.786265
1.00001 0.00113837 0.000518075 0.0355049 -0.00114246 0.999977 0.00620234 0.0159222 -0.000513644 -0.00620074 0.99997 0.792092
0.999988 -0.000404226 0.00171507 -0.0190727 0.000402533 1 0.00142044 -0.0241355 -0.00171297 -0.00142201 1.00001 0.747865
1 -0.00402809 -0.00159687 0.0428376 0.00401091 0.999938 -0.0102523 0.0938959 0.00163541 0.0102481 0.999936 0.74365
0.999984 -0.000959053 0.00287365 -0.0197516 0.000974771 0.999987 -0.00523247 0.00289084 -0.0028658 0.00523296 0.999993 0.757769
1.00001 -0.000311597 0.00156132 0.00262238 0.000315675 0.999994 -0.00317867 -0.00423584 -0.00156332 0.00318144 0.999984 0.774765
0.999956 -0.00760557 0.00130839 0.0280412 0.00761408 0.999954 -0.0060615 0.0255963 -0.00125929 0.00606898 0.999992 0.690237
1.00001 -0.000217301 0.0024393 -0.0102358 0.000239031 0.999956 -0.00922097 0.0602335 -0.00244019 0.00922382 0.999945 0.694846
0.999979 0.00179974 0.0033998 -0.0158339 -0.0017769 0.999979 -0.00649099 0.0566984 -0.00340838 0.00648265 0.999983 0.74454
1 0.000681772 0.00478297 -0.032624 -0.000691406 0.999996 0.00187879 0.00325883 -0.00478473 -0.00188002 0.999977 0.693398
0.99998 -0.00305252 0.00220058 0.0473546 0.00305174 0.999997 0.000682209 0.0232313 -0.00219974 -0.000677606 1.00001 0.716024
0.999997 -0.00260568 0.00520925 0.0109315 0.00259381 0.999993 0.00215887 -0.0364619 -0.00521795 -0.00214324 0.999974 0.762539
0.999974 0.00345036 0.00368069 0.0337132 -0.00344752 0.999995 -0.000595012 0.00110876 -0.00367961 0.000580187 1 0.731575
0.999979 0.00253374 0.0079562 -0.00939833 -0.00253584 0.999995 0.000147479 -0.0114442 -0.00795907 -0.000165512 0.999958 0.686234
0.999885 0.00273508 0.0139886 -0.0532815 -0.00270448 0.999995 -0.00214965 -0.00954384 -0.013991 0.00210945 0.99991 0.675936
0.999975 -0.00012432 0.00895876 0.0545125 0.000137516 0.999999 -0.00150631 -0.0039577 -0.00896218 0.00150968 0.999951 0.744814
0.999912 -0.00160752 0.0120234 0.00947 0.00162898 0.999996 -0.00175948 0.00358292 -0.0120169 0.00177681 0.999934 0.683077
0.999964 -0.00257287 0.0096922 0.0361173 0.0026086 0.99999 -0.00370554 0.0218989 -0.00968617 0.00373282 0.999939 0.739444
0.999911 0.00105328 0.0121647 -0.00312133 -0.000965605 0.999974 -0.00718387 0.083621 -0.0121682 0.00716941 0.999908 0.753785
0.999969 -0.00290493 0.00915905 0.038519 0.0029312 0.999992 -0.00287006 0.0320257 -0.00915433 0.00289892 0.999947 0.707049
0.999969 0.0037291 0.00446774 0.119023 -0.00372829 0.999994 -8.62355e-05 -0.060297 -0.00446453 6.74265e-05 0.999998 0.7781
0.999978 -0.00517794 0.00744182 0.0220847 0.00516071 0.999985 0.00237684 -0.0281562 -0.00745732 -0.00233633 0.999966 0.740002
0.999961 -0.000387256 0.0065963 0.00339159 0.000390696 0.999999 -0.000569232 -0.00695019 -0.00659299 0.000569676 0.999983 0.737718
0.999998 -0.00313496 0.00568491 -0.00761034 0.0031204 0.999993 0.0025812 -0.00517543 -0.0056964 -0.00256139 0.999977 0.738114
0.999978 2.6041e-05 -0.00261053 0.0712598 -2.73252e-05 0.999999 -0.000528539 0.0317867 0.00261365 0.000526564 1 0.659282
0.999998 -0.00672433 0.000547847 0.0175259 0.00672254 0.999974 0.00311738 -0.0100608 -0.000572225 -0.00311168 0.999991 0.722036
0.999977 -0.00229445 0.000668713 0.0110471 0.00229304 0.999994 0.00260236 -0.0217894 -0.000671731 -0.0026028 1 0.696569
0.999998 -0.00591287 -0.00303432 0.0202654 0.00589212 0.999962 -0.00667613 0.0205704 0.00307082 0.00666008 0.99997 0.691333
