1 0 0 0 0 1 0 0 0 0 1 0
0.999996 -0.000377151 -0.00293165 -0.00382488 0.000377595 1 0.000151036 -0.00109008 0.00293159 -0.000152143 0.999996 0.680763
0.999977 -0.000231429 -0.00683307 -0.0135302 0.000233424 1 0.000291072 -0.00244327 0.006833 -0.00029266 0.999977 1.3755
0.999944 -0.000322153 -0.0105642 -0.0299393 0.000327148 1 0.000471121 -0.000225277 0.0105641 -0.000474551 0.999944 2.09279
0.999881 -2.60405e-05 -0.0154446 -0.0483362 3.5274e-05 1 0.000597582 0.000600246 0.0154445 -0.000598056 0.999881 2.82048
0.999803 -0.000156602 -0.0198553 -0.0631821 0.00017354 1 0.000851352 -3.89527e-05 0.0198551 -0.00085463 0.999802 3.56183
0.999705 0.000218014 -0.0242976 -0.0910222 -0.000193737 1 0.00100149 -0.000559843 0.0242978 -0.000996485 0.999704 4.32089
0.999577 0.0010408 -0.0290645 -0.122582 -0.00100591 0.999999 0.00121507 -0.000177251 0.0290657 -0.00118532 0.999577 5.09593
0.999445 0.00133696 -0.0332892 -0.154108 -0.00128434 0.999998 0.001602 0.00478156 0.0332913 -0.00155835 0.999444 5.8846
0.99929 0.00148635 -0.0376566 -0.189792 -0.00141031 0.999997 0.00204577 0.00914208 0.0376595 -0.0019912 0.999289 6.68432
0.99914 0.00159683 -0.0414302 -0.220054 -0.00149007 0.999995 0.00260779 0.00908432 0.0414342 -0.00254382 0.999138 7.49283
0.999024 0.00201733 -0.0441331 -0.265784 -0.00188844 0.999994 0.00296209 0.00834032 0.0441388 -0.00287585 0.999021 8.30674
0.998928 0.00181009 -0.0462553 -0.305487 -0.00166153 0.999993 0.00324987 0.0140952 0.0462609 -0.00316953 0.998924 9.12775
0.998837 0.00118494 -0.048209 -0.342309 -0.00101743 0.999993 0.00349919 0.0158877 0.0482128 -0.00344607 0.998831 9.96242
0.998742 0.00151745 -0.0501265 -0.386857 -0.00131971 0.999991 0.00397767 0.0179107 0.0501321 -0.00390651 0.998735 10.8043
0.998669 0.00129768 -0.0515648 -0.433576 -0.00104996 0.999988 0.00483078 0.0124229 0.0515704 -0.0047702 0.998658 11.6577
0.998583 0.00294123 -0.0531437 -0.483751 -0.00271163 0.999987 0.00439196 0.0167254 0.0531559 -0.00424162 0.998577 12.5148
0.998521 0.00324774 -0.0542708 -0.538448 -0.00299873 0.999985 0.00466916 0.0172017 0.0542852 -0.00449951 0.998515 13.379
0.998463 0.00484141 -0.0552097 -0.59713 -0.00459388 0.999979 0.00460954 0.0203268 0.0552309 -0.00434882 0.998464 14.257
0.998373 0.00479904 -0.0568111 -0.652799 -0.00449429 0.999975 0.00549073 0.019331 0.056836 -0.00522647 0.99837 15.1452
0.998311 0.00451613 -0.0579157 -0.707774 -0.00415637 0.999972 0.00633072 0.0195095 0.0579427 -0.00607931 0.998301 16.041
0.998276 0.00419239 -0.0585405 -0.765695 -0.00380241 0.99997 0.00677152 0.0261944 0.0585671 -0.00653725 0.998262 16.9407
0.99818 0.0040135 -0.0601707 -0.823149 -0.00359355 0.999969 0.00708604 0.0234245 0.0601972 -0.00685691 0.998163 17.8469
0.998141 0.00376855 -0.0608354 -0.882107 -0.0033465 0.99997 0.00703796 0.03045 0.0608601 -0.00682129 0.998123 18.7512
0.998043 0.00356931 -0.062423 -0.943305 -0.00312279 0.999969 0.00724915 0.0271165 0.0624469 -0.00704003 0.998023 19.6696
0.997998 0.00314781 -0.0631637 -1.00111 -0.00264216 0.999964 0.00808733 0.0293935 0.0631869 -0.00790426 0.99797 20.5892
0.998065 0.00304585 -0.0621103 -1.06782 -0.00247491 0.999954 0.00926718 0.0393621 0.0621357 -0.00909553 0.998026 21.5202
0.998063 0.00326779 -0.0621194 -1.13423 -0.00264091 0.999945 0.010171 0.0404811 0.0621492 -0.00998729 0.998017 22.4574
0.998158 0.00338939 -0.0605761 -1.19292 -0.00273478 0.999937 0.0108861 0.0409961 0.0606092 -0.0107004 0.998104 23.3937
0.998298 0.00342786 -0.0582181 -1.25255 -0.00279298 0.999936 0.010983 0.0451143 0.058252 -0.0108017 0.998243 24.344
0.998347 0.0042423 -0.0573114 -1.30779 -0.00366668 0.999942 0.010145 0.0401352 0.0573511 -0.00991812 0.998305 25.2823
0.99847 0.00401403 -0.0551561 -1.37487 -0.00372174 0.999979 0.0054011 0.0409069 0.0551766 -0.00518756 0.998463 26.2346
0.998493 0.00402871 -0.054723 -1.4287 -0.00372779 0.999978 0.00559986 0.0391368 0.0547443 -0.00538743 0.998486 27.193
0.998541 0.00238479 -0.0539441 -1.48458 -0.0020086 0.999974 0.00702667 0.0375506 0.0539594 -0.00690807 0.998519 28.1646
0.998596 0.00171583 -0.052941 -1.54343 -0.000990105 0.999905 0.0137313 0.0403453 0.0529596 -0.0136596 0.998503 29.1358
0.998509 -0.000111545 -0.0545926 -1.592 0.000944862 0.999884 0.0152387 0.0507447 0.0545845 -0.0152675 0.998392 30.1134
0.998443 -0.00660146 -0.0553874 -1.6383 0.00757606 0.99982 0.0174045 0.0499587 0.0552626 -0.0177971 0.998313 31.0911
0.99842 -0.00482664 -0.055978 -1.69243 0.0057816 0.99984 0.01691 0.0605198 0.0558875 -0.0172069 0.998289 32.0705
0.998319 -0.00295585 -0.0578863 -1.75153 0.00391606 0.999857 0.0164815 0.0780217 0.0578293 -0.0166805 0.998187 33.0471
0.998212 -0.00264423 -0.059709 -1.81713 0.0036605 0.99985 0.0169173 0.0914636 0.0596554 -0.0171057 0.998072 34.0386
0.998194 -0.00361741 -0.0599569 -1.88126 0.00473388 0.999818 0.0184896 0.102786 0.0598791 -0.0187401 0.99803 35.0484
0.998086 -0.0027196 -0.0617828 -1.95135 0.00392992 0.999803 0.0194768 0.124776 0.0617176 -0.0196823 0.997899 36.0429
0.998064 -0.00228908 -0.0621481 -2.02127 0.00354782 0.999791 0.0201512 0.138519 0.062089 -0.0203326 0.997863 37.0503
0.997969 -0.0013188 -0.0636962 -2.09027 0.0026621 0.999776 0.0210088 0.150392 0.0636542 -0.0211357 0.997748 38.0436
0.997967 -0.00223711 -0.0636889 -2.15525 0.00365753 0.999747 0.0221946 0.166888 0.0636232 -0.0223824 0.997723 39.0503
0.997986 -0.000402577 -0.0634312 -2.22956 0.00181504 0.999752 0.0222115 0.20112 0.0634065 -0.0222819 0.997739 40.0547
0.997973 0.00110851 -0.0636324 -2.2955 0.000333483 0.999744 0.0226462 0.200859 0.0636412 -0.0226215 0.997716 41.0455
0.997969 0.00294381 -0.0636357 -2.35924 -0.00150132 0.999741 0.0227038 0.202325 0.063686 -0.0225622 0.997715 42.0332
0.997997 0.00501888 -0.063063 -2.43179 -0.00360649 0.999741 0.0224904 0.21646 0.0631595 -0.0222179 0.997756 43.0353
0.997903 0.00524436 -0.0645163 -2.49748 -0.00375552 0.999725 0.0231767 0.228086 0.0646201 -0.0228858 0.997647 44.0194
0.99783 0.00486966 -0.0656679 -2.56279 -0.00330935 0.999711 0.0238484 0.24274 0.065765 -0.0235793 0.997556 45.0099
0.997823 0.00579556 -0.0656911 -2.63721 -0.00420867 0.999697 0.0242696 0.258958 0.0658118 -0.0239403 0.997545 46.0025
0.997765 0.00720706 -0.0664239 -2.7078 -0.00566898 0.999712 0.0233151 0.280843 0.0665728 -0.0228864 0.997519 46.9745
0.997745 0.0095093 -0.0664426 -2.78339 -0.00826375 0.999786 0.018996 0.30577 0.066609 -0.0184041 0.997609 47.9494
0.997668 0.0101591 -0.0674904 -2.85301 -0.00892215 0.999788 0.0186038 0.327926 0.067665 -0.0179583 0.997546 48.921
0.997645 0.00962704 -0.0679074 -2.92234 -0.00826088 0.999759 0.0203702 0.347715 0.0680871 -0.0197612 0.997484 49.8954
0.997682 0.00884241 -0.0674794 -2.9905 -0.00744091 0.999752 0.0209923 0.361445 0.0676483 -0.0204415 0.9975 50.8726
0.997624 0.00918376 -0.0682749 -3.05525 -0.00776361 0.999749 0.0210368 0.383498 0.068451 -0.0204568 0.997445 51.837
0.997642 0.00883387 -0.0680667 -3.1229 -0.00741437 0.999751 0.0210789 0.398971 0.0682359 -0.0205246 0.997458 52.7982
0.997678 0.00873225 -0.067554 -3.18571 -0.00733378 0.999755 0.0209219 0.413642 0.0677201 -0.0203779 0.997496 53.7563
0.997566 0.00861691 -0.0691934 -3.25207 -0.00715553 0.999747 0.0213404 0.434622 0.0693598 -0.0207933 0.997375 54.7059
0.997577 0.00765449 -0.0691474 -3.31729 -0.00605666 0.999711 0.0232877 0.454742 0.0693056 -0.0228125 0.997335 55.6608
0.997465 0.00770337 -0.0707414 -3.38233 -0.00564896 0.999558 0.0291953 0.464415 0.070935 -0.0287216 0.997067 56.6135
0.997419 0.00860011 -0.0712907 -3.45437 -0.00651373 0.999546 0.0294468 0.493389 0.0715115 -0.0289064 0.997021 57.5572
0.997408 0.0097342 -0.0712903 -3.52813 -0.00775266 0.999578 0.0280195 0.511338 0.0715329 -0.0273942 0.997062 58.4913
0.997203 0.0114836 -0.0738603 -3.60233 -0.00997688 0.999736 0.0207358 0.527908 0.0740789 -0.0199409 0.997053 59.4096
0.99712 0.0120322 -0.0748865 -3.67815 -0.0108453 0.99981 0.0162362 0.524787 0.0750675 -0.0153773 0.99706 60.3273
0.997112 0.0131667 -0.0747989 -3.75798 -0.0118942 0.999778 0.0174329 0.533738 0.0750118 -0.0164929 0.997046 61.2338
0.996973 0.0148959 -0.0763047 -3.83227 -0.0135082 0.999735 0.0186706 0.524051 0.0765626 -0.0175834 0.99691 62.1269
0.996871 0.0157481 -0.0774619 -3.90794 -0.0143169 0.999718 0.0189977 0.526774 0.0777392 -0.0178293 0.996814 63.0084
0.996797 0.0174635 -0.0780492 -3.98082 -0.0160216 0.99969 0.0190627 0.524493 0.078358 -0.0177512 0.996767 63.8818
0.996607 0.0183661 -0.080228 -4.05532 -0.0168494 0.999668 0.0195415 0.529281 0.0805603 -0.0181234 0.996585 64.7335
0.996537 0.0185288 -0.081062 -4.13069 -0.0169778 0.999661 0.0197806 0.537906 0.0814009 -0.0183359 0.996513 65.5794
0.996385 0.0186437 -0.0828795 -4.20235 -0.017032 0.999653 0.0201107 0.542917 0.0832257 -0.0186264 0.996357 66.3999
0.996267 0.0194254 -0.0841066 -4.27292 -0.0177586 0.999632 0.0205198 0.549545 0.0844743 -0.0189496 0.996246 67.2133
0.996206 0.0200524 -0.0846856 -4.34828 -0.0183144 0.999607 0.0212505 0.559808 0.0850785 -0.0196189 0.996181 68.0233
0.996048 0.020438 -0.0864369 -4.42512 -0.0185726 0.999579 0.0223305 0.566772 0.0868569 -0.0206369 0.996007 68.8108
0.995871 0.0220674 -0.0880588 -4.49485 -0.0201341 0.999538 0.022783 0.571239 0.0885209 -0.0209159 0.995855 69.5835
0.995771 0.023958 -0.08869 -4.5688 -0.0221938 0.999537 0.0208256 0.575915 0.0891479 -0.0187691 0.995842 70.3401
0.995572 0.0248351 -0.0906622 -4.64499 -0.0230831 0.999528 0.0203229 0.577825 0.0911241 -0.0181402 0.995674 71.0615
0.995484 0.0252151 -0.0915152 -4.71196 -0.0239134 0.999598 0.0152934 0.578675 0.091864 -0.013036 0.995686 71.7786
0.995368 0.0251358 -0.0927977 -4.78555 -0.0237876 0.999596 0.015606 0.587572 0.0931524 -0.0133262 0.995563 72.4647
0.995269 0.0265649 -0.0934534 -4.85747 -0.025014 0.99953 0.0177274 0.58326 0.0938804 -0.0153059 0.995466 73.1437
0.995212 0.026397 -0.0941022 -4.92001 -0.0248055 0.99953 0.0180428 0.586318 0.0945343 -0.0156221 0.995399 73.8019
0.995079 0.0256997 -0.0956884 -4.98088 -0.0242412 0.999573 0.0163738 0.594826 0.0960683 -0.0139737 0.995277 74.4224
0.995128 0.0248514 -0.0954095 -5.03558 -0.0233984 0.999594 0.0163177 0.593527 0.0957763 -0.0140057 0.995304 75.0355
0.995264 0.0247858 -0.093991 -5.09135 -0.0233766 0.999598 0.016064 0.607139 0.0943514 -0.0137907 0.995444 75.635
0.995502 0.0257404 -0.0911799 -5.14979 -0.0243174 0.999566 0.0166834 0.608521 0.0915698 -0.0143911 0.995695 76.2082
0.995848 0.0262239 -0.0871662 -5.21254 -0.0248054 0.999543 0.0173173 0.617236 0.0875805 -0.0150832 0.996043 76.7724
0.996296 0.0257813 -0.082031 -5.26144 -0.0243945 0.999543 0.0178639 0.60816 0.0824541 -0.0157967 0.99647 77.3357
0.99677 0.0233327 -0.0768459 -5.29567 -0.0215769 0.999489 0.023601 0.602296 0.0773573 -0.0218667 0.996764 77.8701
0.997411 0.0227719 -0.0682027 -5.32386 -0.0211878 0.999491 0.02386 0.603702 0.0687113 -0.0223531 0.997386 78.4003
0.998018 0.0245347 -0.0579483 -5.35215 -0.0232423 0.999469 0.0228739 0.61989 0.0584788 -0.0214817 0.998058 78.9086
0.998757 0.0253074 -0.0429401 -5.38262 -0.02435 0.999447 0.022674 0.633293 0.0434902 -0.0216002 0.99882 79.4083
0.99937 0.0258328 -0.0243291 -5.39992 -0.0252827 0.999424 0.0226554 0.640558 0.0249004 -0.022026 0.999447 79.9059
0.999672 0.0254409 -0.00283085 -5.39226 -0.0253703 0.999421 0.022685 0.636009 0.00340638 -0.0226057 0.999739 80.3787
0.999407 0.0247233 0.0239578 -5.36878 -0.0252635 0.999428 0.022511 0.636021 -0.0233875 -0.0231029 0.99946 80.8492
0.998289 0.024733 0.0529792 -5.33314 -0.0259329 0.99942 0.0220833 0.647084 -0.0524023 -0.0234195 0.998352 81.2986
0.995993 0.0247362 0.0859463 -5.28367 -0.0266855 0.999411 0.0216062 0.654101 -0.0853612 -0.0238132 0.996066 81.746
0.992002 0.0247196 0.123774 -5.21932 -0.0275081 0.999404 0.0208704 0.661904 -0.123184 -0.0241083 0.992091 82.1943
0.986048 0.0248432 0.164594 -5.12956 -0.0285047 0.999396 0.0199209 0.669163 -0.164 -0.0243347 0.98616 82.6192
0.977464 0.0247914 0.209641 -5.02536 -0.0293994 0.99939 0.0188921 0.672081 -0.209045 -0.0246297 0.977596 83.0398
0.965597 0.0251458 0.258825 -4.90419 -0.0306781 0.999379 0.0173572 0.682307 -0.258227 -0.0247003 0.965768 83.457
0.950031 0.025103 0.311145 -4.75584 -0.0315978 0.999376 0.0158497 0.682131 -0.310552 -0.0248892 0.95023 83.8325
0.929913 0.0249583 0.366931 -4.58814 -0.0324424 0.999373 0.0142424 0.68247 -0.366345 -0.0251484 0.930139 84.2188
0.905611 0.0250019 0.423371 -4.39889 -0.0333506 0.999368 0.0123215 0.685877 -0.422795 -0.0252782 0.905873 84.565
0.876512 0.0249085 0.480734 -4.18622 -0.0340584 0.999367 0.0103172 0.686243 -0.480173 -0.0254162 0.876806 84.9034
0.842457 0.0243666 0.538211 -3.95096 -0.03424 0.99938 0.00835052 0.681871 -0.537674 -0.0254633 0.842769 85.2326
0.805291 0.0238633 0.592399 -3.70715 -0.0338778 0.99941 0.00579391 0.686112 -0.591911 -0.0247349 0.805624 85.509
0.765357 0.0234893 0.643176 -3.43045 -0.0338439 0.999421 0.00377337 0.687281 -0.642715 -0.0246555 0.765709 85.7895
0.722502 0.0234347 0.690972 -3.15871 -0.0340625 0.999419 0.00172096 0.693902 -0.690529 -0.0247796 0.72288 86.0407
0.677172 0.0231099 0.735461 -2.86214 -0.0344059 0.999409 0.000275334 0.686102 -0.73502 -0.0254907 0.677566 86.2789
0.630032 0.0226978 0.776237 -2.54701 -0.0342252 0.999414 -0.00144482 0.675824 -0.775815 -0.0256566 0.630439 86.4989
0.583074 0.0220786 0.812118 -2.23379 -0.0337544 0.999427 -0.00293627 0.663311 -0.811717 -0.0257005 0.583485 86.6823
0.535339 0.0229754 0.844325 -1.90219 -0.034283 0.999398 -0.00545826 0.673736 -0.843941 -0.026024 0.535804 86.8706
0.488337 0.0232292 0.872346 -1.57976 -0.034103 0.999391 -0.00752141 0.675298 -0.871989 -0.0260766 0.488831 87.0319
0.442435 0.0230448 0.896504 -1.23941 -0.0340972 0.99938 -0.00886191 0.661537 -0.896152 -0.0266475 0.442946 87.1791
0.399038 0.0215059 0.916682 -0.883442 -0.029923 0.999499 -0.0104231 0.661625 -0.916446 -0.0232707 0.399481 87.3078
0.359701 0.0126215 0.932982 -0.526302 -0.0166022 0.999838 -0.00712509 0.633906 -0.93292 -0.0129266 0.359852 87.3987
0.32405 0.0110594 0.945975 -0.163491 -0.0128325 0.999892 -0.00729387 0.634249 -0.945953 -0.00977566 0.324156 87.4919
0.290195 0.0135527 0.956871 0.207087 -0.0142467 0.999851 -0.00984073 0.63783 -0.956862 -0.0107765 0.290344 87.5932
0.259005 0.0205823 0.965656 0.568651 -0.0227782 0.999626 -0.0151968 0.630243 -0.965607 -0.0180599 0.259377 87.6988
0.230695 0.0222784 0.972771 0.945362 -0.0251409 0.999541 -0.0169292 0.628863 -0.972701 -0.0205508 0.231149 87.7871
0.204534 0.0215287 0.978622 1.33904 -0.0247251 0.999554 -0.0168216 0.600684 -0.978547 -0.020756 0.204975 87.858
0.181509 0.0212854 0.983159 1.74061 -0.019121 0.999654 -0.0181124 0.588685 -0.983204 -0.0155114 0.181853 87.9058
0.160602 0.0258228 0.986681 2.14872 -0.0115996 0.999639 -0.0242738 0.586805 -0.986951 -0.00754668 0.160843 87.9541
0.140466 0.0313516 0.989589 2.57326 -0.011293 0.999485 -0.0300621 0.583947 -0.990021 -0.00695267 0.140748 88.006
0.122705 0.0305986 0.991971 3.00982 -0.0120507 0.999498 -0.0293401 0.564233 -0.99237 -0.00835381 0.123012 88.0602
0.106987 0.0294395 0.993824 3.46085 -0.0100868 0.999543 -0.028523 0.554956 -0.994209 -0.00697293 0.107235 88.1121
0.0920368 0.0284714 0.995348 3.93034 -0.00992402 0.999568 -0.0276745 0.534583 -0.995706 -0.00733079 0.0922796 88.1535
0.0786111 0.0275599 0.996524 4.415 -0.00989217 0.999591 -0.0268644 0.516116 -0.996857 -0.00774595 0.0788516 88.1854
0.0666678 0.0270731 0.997408 4.91144 -0.00960325 0.999604 -0.0264908 0.50057 -0.997729 -0.00781227 0.0669014 88.2122
0.0568014 0.027078 0.998018 5.41775 -0.00955 0.999602 -0.0265775 0.48604 -0.99834 -0.00802144 0.0570374 88.2341
0.0489839 0.0270336 0.998433 5.9505 -0.00922044 0.999604 -0.0266129 0.471697 -0.998757 -0.0079024 0.0492138 88.2584
0.0428419 0.0268407 0.998721 6.49991 -0.00860799 0.999613 -0.0264954 0.456955 -0.999045 -0.00746187 0.0430563 88.282
0.0374313 0.0268156 0.998939 7.05801 -0.00883124 0.99961 -0.0265027 0.440935 -0.999261 -0.00782985 0.0376536 88.3024
0.0312297 0.0267377 0.999154 7.64491 -0.00908345 0.999609 -0.0264659 0.426178 -0.999471 -0.00824925 0.0314604 88.3225
0.026626 0.0263131 0.999299 8.25836 -0.00800383 0.999628 -0.0261085 0.406058 -0.999614 -0.00730307 0.0268267 88.3393
0.0238284 0.0261511 0.999374 8.87043 -0.00757532 0.999634 -0.0259773 0.387862 -0.999688 -0.00695159 0.0240178 88.3501
0.0209659 0.0258331 0.999446 9.50794 -0.00713998 0.999645 -0.0256884 0.373608 -0.999755 -0.00659746 0.0211429 88.3656
0.018065 0.0255211 0.999511 10.1698 -0.00667065 0.999656 -0.0254042 0.35943 -0.999815 -0.00620847 0.0182291 88.3789
0.0174227 0.0251049 0.999533 10.8371 -0.00546311 0.999673 -0.0250132 0.338012 -0.999834 -0.00502477 0.0175542 88.389
0.0179896 0.0248703 0.999529 11.5328 -0.00422844 0.999684 -0.024798 0.319467 -0.99983 -0.00378035 0.0180891 88.4021
0.0206059 0.0246321 0.999484 12.2279 -0.00340869 0.999693 -0.024567 0.302998 -0.999782 -0.00290071 0.0206835 88.4103
0.0244759 0.0243882 0.999403 12.9501 -0.00325874 0.9997 -0.0243157 0.283344 -0.999695 -0.00266165 0.0245481 88.4311
0.0286017 0.024168 0.999299 13.6963 -0.00332802 0.999705 -0.0240825 0.262187 -0.999586 -0.0026369 0.0286737 88.4553
0.0330241 0.0234425 0.999179 14.442 -0.00270473 0.999724 -0.0233659 0.246048 -0.999451 -0.00193089 0.0330784 88.479
0.0372131 0.0230626 0.999041 15.2128 -0.00267499 0.999733 -0.0229789 0.231813 -0.999304 -0.00181732 0.0372649 88.5107
0.0407369 0.0226031 0.998914 16.014 -0.00381305 0.999741 -0.0224663 0.209666 -0.999163 -0.00289371 0.0408125 88.5466
0.0452023 0.0222682 0.99873 16.8054 -0.00486227 0.999745 -0.0220708 0.187616 -0.998966 -0.00385845 0.0452991 88.5891
0.0488424 0.0224623 0.998554 17.6156 -0.00644505 0.999734 -0.0221736 0.167307 -0.998786 -0.00535273 0.0489741 88.6344
0.0527402 0.0229039 0.998345 18.4176 -0.0078991 0.999716 -0.022518 0.144426 -0.998577 -0.00669844 0.0529061 88.6858
0.0542583 0.0283272 0.998125 19.2336 -0.0121788 0.999543 -0.0277054 0.128629 -0.998453 -0.0106527 0.0545785 88.7465
0.0531249 0.0289643 0.998168 20.058 -0.0137429 0.999506 -0.0282717 0.101525 -0.998493 -0.0122158 0.0534967 88.7988
0.0538122 0.0286514 0.99814 20.8707 -0.0151665 0.999497 -0.0278727 0.077511 -0.998436 -0.0136384 0.0542197 88.8463
0.0538499 0.0277612 0.998163 21.6928 -0.0152227 0.999521 -0.0269777 0.0424816 -0.998433 -0.013742 0.0542467 88.8981
0.0529322 0.0270234 0.998232 22.5143 -0.0153506 0.999538 -0.0262447 0.0097524 -0.99848 -0.0139343 0.0533226 88.9499
0.0539151 0.0268803 0.998183 23.3303 -0.0160559 0.999532 -0.0260493 -0.0142543 -0.998417 -0.0146223 0.0543215 89.0002
0.0541212 0.0268607 0.998173 24.1513 -0.0172375 0.999515 -0.0259622 -0.0407188 -0.998386 -0.0158009 0.0545579 89.0506
0.0539443 0.0269152 0.998181 24.9756 -0.0188798 0.999486 -0.02593 -0.0679588 -0.998366 -0.0174467 0.0544247 89.1046
0.0532926 0.0269931 0.998214 25.7848 -0.0199266 0.999465 -0.0259631 -0.0923944 -0.99838 -0.0185074 0.0538019 89.1586
0.0501486 0.0267579 0.998383 26.6046 -0.0206335 0.999456 -0.0257503 -0.116177 -0.998529 -0.0193088 0.0506734 89.214
0.0469213 0.0261549 0.998556 27.4149 -0.0210469 0.999462 -0.0251896 -0.141305 -0.998677 -0.0198346 0.0474465 89.2618
0.0420772 0.0253465 0.998793 28.2308 -0.0211393 0.999478 -0.0244733 -0.166217 -0.998891 -0.020084 0.042591 89.3019
0.0351714 0.0246367 0.999077 29.0462 -0.0212117 0.99949 -0.0239001 -0.190386 -0.999156 -0.0203516 0.035676 89.3368
0.0281083 0.0244573 0.999305 29.8516 -0.0212351 0.99949 -0.0238645 -0.218277 -0.999379 -0.0205495 0.0286133 89.3644
0.019314 0.0243495 0.999517 30.6567 -0.0215023 0.999483 -0.0239331 -0.241352 -0.999582 -0.0210297 0.0198276 89.384
0.00866427 0.0240798 0.999672 31.4597 -0.0214311 0.999485 -0.0238895 -0.267866 -0.999733 -0.021217 0.00917585 89.3944
-0.00114953 0.0235616 0.999721 32.2538 -0.0211584 0.999499 -0.0235807 -0.292044 -0.999775 -0.0211796 -0.000650439 89.3973
-0.0127157 0.0231214 0.999652 33.0599 -0.0213548 0.999499 -0.0233895 -0.313102 -0.999691 -0.0216447 -0.0122156 89.3977
-0.0232959 0.0226179 0.999472 33.8447 -0.0208531 0.999516 -0.023105 -0.33936 -0.999511 -0.0213804 -0.022813 89.3764
-0.0344369 0.0223657 0.999156 34.6284 -0.0208923 0.999516 -0.0230938 -0.364129 -0.999188 -0.0216699 -0.0339529 89.3554
-0.0461903 0.0222579 0.998684 35.4135 -0.020991 0.99951 -0.0232472 -0.390038 -0.998712 -0.0220372 -0.0457004 89.3227
-0.0563235 0.0220843 0.998168 36.1831 -0.0210499 0.999508 -0.0233017 -0.414277 -0.998191 -0.0223238 -0.0558308 89.2816
-0.0668992 0.021865 0.99752 36.9512 -0.0207119 0.999515 -0.0232978 -0.438335 -0.997545 -0.0222191 -0.0664138 89.2362
-0.0772667 0.0216438 0.996775 37.7104 -0.019971 0.999531 -0.0232517 -0.46185 -0.99681 -0.0217032 -0.0767981 89.1816
-0.0866592 0.0213472 0.996009 38.4596 -0.0197374 0.999538 -0.0231401 -0.486438 -0.996042 -0.0216639 -0.0861978 89.1181
-0.0966775 0.0210651 0.995093 39.2068 -0.0197056 0.99954 -0.0230737 -0.510375 -0.995121 -0.0218396 -0.0962179 89.0461
-0.105294 0.0206412 0.994227 39.941 -0.0193995 0.999552 -0.0228063 -0.534951 -0.994252 -0.0216889 -0.104847 88.9702
-0.112833 0.0200875 0.993411 40.6751 -0.0184322 0.999582 -0.0223058 -0.555478 -0.993443 -0.0208276 -0.112416 88.8862
-0.118656 0.0194825 0.992744 41.3942 -0.0172471 0.999617 -0.0216788 -0.577252 -0.992786 -0.0196943 -0.118275 88.7992
-0.122527 0.0189406 0.992284 42.11 -0.0166652 0.999638 -0.0211388 -0.597117 -0.992325 -0.0191267 -0.122167 88.7068
-0.125341 0.0184767 0.991942 42.8078 -0.0166688 0.999647 -0.0207264 -0.615988 -0.991974 -0.0191323 -0.124988 88.6197
-0.127632 0.018035 0.991657 43.4938 -0.0171426 0.999646 -0.0203866 -0.635171 -0.991674 -0.0196016 -0.127277 88.5327
-0.128266 0.0178405 0.991579 44.1642 -0.0177058 0.999638 -0.0202758 -0.654284 -0.991582 -0.0201574 -0.127904 88.45
-0.127432 0.0177194 0.991689 44.8197 -0.0178566 0.999638 -0.020156 -0.673696 -0.991687 -0.0202767 -0.12707 88.3641
-0.12496 0.0174758 0.992008 45.459 -0.0179972 0.999641 -0.0198773 -0.690847 -0.991999 -0.0203373 -0.1246 88.2896
-0.119616 0.0173266 0.992669 46.0803 -0.018238 0.999641 -0.019646 -0.704731 -0.992653 -0.0204542 -0.119257 88.2135
-0.112264 0.0171155 0.993531 46.6831 -0.0184952 0.999643 -0.0193106 -0.716385 -0.993506 -0.0205434 -0.111907 88.1523
-0.10094 0.0168511 0.99475 47.2647 -0.0189611 0.999643 -0.018858 -0.730013 -0.994712 -0.0207651 -0.100584 88.0985
-0.0873502 0.0166187 0.996039 47.8321 -0.0192008 0.999648 -0.0183628 -0.746111 -0.995993 -0.0207287 -0.0870003 88.0558
-0.0706835 0.016639 0.99736 48.3738 -0.0198174 0.999641 -0.0180815 -0.756188 -0.997302 -0.0210431 -0.0703283 88.0281
-0.0496418 0.0167858 0.998626 48.909 -0.0205565 0.999631 -0.0178246 -0.770134 -0.998555 -0.0214131 -0.0492784 88.0121
-0.0253927 0.0168726 0.999535 49.4326 -0.021313 0.999622 -0.0174155 -0.782927 -0.99945 -0.0217453 -0.0250235 88.013
0.00233658 0.0168216 0.999856 49.9516 -0.0220115 0.999618 -0.0167662 -0.793545 -0.999755 -0.0219692 0.00270589 88.0264
0.0354762 0.0161347 0.99924 50.4768 -0.0229097 0.999621 -0.0153275 -0.808972 -0.999108 -0.0223485 0.0358323 88.0574
0.0733787 0.0153397 0.997186 50.9944 -0.0235103 0.999631 -0.0136473 -0.815256 -0.997027 -0.0224427 0.0737121 88.1098
0.114738 0.0143676 0.993292 51.4938 -0.0242048 0.99964 -0.0116634 -0.822258 -0.993101 -0.0227042 0.115044 88.1917
0.160178 0.0132461 0.986999 52.0074 -0.025138 0.999641 -0.0093362 -0.829487 -0.986768 -0.0233157 0.160453 88.291
0.208254 0.0124716 0.977995 52.5025 -0.0259586 0.999638 -0.00721992 -0.828823 -0.97773 -0.0238838 0.208502 88.42
0.258728 0.0119057 0.965877 52.9726 -0.0265885 0.999634 -0.00519956 -0.831977 -0.965584 -0.0243359 0.258949 88.5787
0.31342 0.0117417 0.949542 53.4447 -0.0267233 0.999637 -0.0035405 -0.834738 -0.949238 -0.0242652 0.31362 88.7564
0.370966 0.0117165 0.928572 53.8905 -0.0265223 0.999647 -0.00201761 -0.845423 -0.928268 -0.0238794 0.371145 88.9579
0.430335 0.0140418 0.90256 54.3011 -0.023563 0.999714 -0.00431855 -0.850902 -0.902362 -0.0194086 0.430542 89.1815
0.49049 0.0164776 0.871291 54.7103 -0.0214638 0.999747 -0.00682386 -0.863092 -0.871183 -0.0153542 0.490719 89.437
0.548505 0.0175877 0.835962 55.0751 -0.022267 0.999732 -0.00642304 -0.863885 -0.835851 -0.0150913 0.548749 89.7162
0.605319 0.0180383 0.795778 55.4365 -0.0230965 0.999721 -0.00509252 -0.866555 -0.795648 -0.0152971 0.605566 90.0301
0.65883 0.0178271 0.75208 55.7696 -0.0233918 0.999722 -0.00320561 -0.874593 -0.751928 -0.0154806 0.659063 90.3566
0.709004 0.0168964 0.705002 56.0788 -0.0230325 0.999735 -0.000796916 -0.877891 -0.704828 -0.0156729 0.709205 90.6919
0.75531 0.0158815 0.655175 56.3731 -0.0225324 0.999745 0.0017422 -0.872428 -0.65498 -0.0160785 0.755475 91.0727
0.797789 0.013656 0.602782 56.6335 -0.0225984 0.999719 0.00726065 -0.855369 -0.602513 -0.0194144 0.797873 91.4563
0.835433 0.0107592 0.549487 56.8634 -0.0224865 0.999641 0.0146149 -0.857217 -0.549132 -0.0245659 0.835374 91.8493
0.868068 0.0082451 0.496377 57.0782 -0.0215113 0.999548 0.021016 -0.849524 -0.495979 -0.028921 0.867853 92.2758
0.894798 0.00883187 0.446383 57.2618 -0.0233712 0.999361 0.0270761 -0.846047 -0.445859 -0.0346602 0.894432 92.7083
0.916145 0.00942072 0.400736 57.4279 -0.0227386 0.999336 0.0284912 -0.839233 -0.400201 -0.0352142 0.91575 93.1366
0.93264 0.0129493 0.360575 57.5751 -0.0256536 0.999207 0.0304696 -0.829412 -0.359895 -0.0376672 0.932232 93.5972
0.945342 0.0153473 0.325717 57.7047 -0.0270602 0.999139 0.0314598 -0.818944 -0.324954 -0.0385542 0.944943 94.0463
0.955526 0.0156822 0.294488 57.8338 -0.0263861 0.999127 0.0324092 -0.802801 -0.293722 -0.0387382 0.955105 94.511
0.962233 0.0124869 0.271941 57.9627 -0.0223301 0.999202 0.0331314 -0.801138 -0.271311 -0.0379526 0.961743 94.9784
0.966443 0.0115115 0.25662 58.0821 -0.0207923 0.999224 0.0334816 -0.78266 -0.256035 -0.0376937 0.965932 95.4537
0.969805 0.0134711 0.243509 58.192 -0.0223533 0.999181 0.0337494 -0.763943 -0.242854 -0.0381735 0.969311 95.9503
0.972107 0.0154084 0.234031 58.2927 -0.024116 0.999118 0.0343909 -0.748748 -0.233294 -0.0390755 0.971621 96.4418
0.973661 0.01743 0.22733 58.394 -0.0260426 0.999051 0.0349416 -0.743838 -0.226505 -0.0399415 0.973191 96.9588
0.974115 0.0219241 0.224983 58.4976 -0.0295887 0.99909 0.0307521 -0.727961 -0.224104 -0.036613 0.973877 97.4685
0.974414 0.0211676 0.22376 58.6128 -0.0288491 0.9991 0.0311155 -0.728394 -0.2229 -0.0367746 0.974147 98.0029
0.973873 0.0203196 0.226179 58.7377 -0.0279847 0.999136 0.0307344 -0.710113 -0.225359 -0.0362609 0.973601 98.5374
0.972797 0.022476 0.230565 58.8658 -0.0290363 0.999264 0.0250992 -0.685426 -0.229831 -0.0311112 0.972733 99.0766
0.971818 0.0218492 0.234717 59.0004 -0.0284044 0.999295 0.0245835 -0.672177 -0.234014 -0.0305576 0.971753 99.6447
0.970711 0.0237373 0.239074 59.1353 -0.0306414 0.999213 0.0252027 -0.659295 -0.238287 -0.03179 0.970674 100.218
0.969275 0.0247467 0.244732 59.2739 -0.0322643 0.999122 0.0267557 -0.650175 -0.243855 -0.0338297 0.969221 100.806
0.968302 0.0229357 0.248724 59.429 -0.0319801 0.998964 0.032383 -0.635404 -0.247724 -0.0393107 0.968033 101.407
0.967316 0.0192767 0.252839 59.5894 -0.0299583 0.998811 0.0384647 -0.613986 -0.251797 -0.0447821 0.966743 102.007
0.966573 0.0170271 0.255826 59.7518 -0.0289439 0.998661 0.0428892 -0.588618 -0.254753 -0.0488601 0.965771 102.636
0.965758 0.0156071 0.258974 59.9254 -0.0277471 0.998678 0.0432883 -0.556986 -0.257956 -0.0489918 0.964914 103.266
0.965454 0.0134194 0.260225 60.0947 -0.0250808 0.998822 0.0415442 -0.526043 -0.259361 -0.0466357 0.964654 103.897
0.9657 0.0135876 0.259304 60.2664 -0.0236507 0.999082 0.0357277 -0.505515 -0.258581 -0.040635 0.965135 104.543
0.965883 0.0156518 0.258502 60.4394 -0.0242311 0.999256 0.0300359 -0.48674 -0.257839 -0.035275 0.965544 105.198
0.966324 0.0156464 0.256849 60.6094 -0.0239723 0.999283 0.0293164 -0.45939 -0.256206 -0.0344864 0.966007 105.865
0.967078 0.0148842 0.254042 60.7884 -0.0241405 0.999152 0.0333571 -0.436279 -0.25333 -0.0383916 0.966618 106.561
0.967341 0.0131596 0.253134 60.9703 -0.0241245 0.998898 0.0402613 -0.414153 -0.252326 -0.0450531 0.966593 107.264
0.968102 0.0115408 0.250287 61.1487 -0.0236806 0.998682 0.0455466 -0.392855 -0.249431 -0.0500207 0.9671 107.981
0.968524 0.0139032 0.248532 61.3292 -0.0262927 0.998568 0.0466011 -0.364074 -0.247528 -0.0516688 0.967502 108.702
0.968849 0.0173517 0.247043 61.5041 -0.0286616 0.998696 0.0422584 -0.337463 -0.245988 -0.0480226 0.968082 109.432
0.969847 0.0188461 0.242984 61.6853 -0.0287676 0.998889 0.0373482 -0.313058 -0.24201 -0.043212 0.969311 110.18
0.970761 0.0194718 0.239257 61.8681 -0.0291496 0.998892 0.0369773 -0.274692 -0.238271 -0.0428703 0.970252 110.927
0.971645 0.0195797 0.235629 62.0492 -0.0291397 0.998885 0.0371582 -0.234497 -0.234638 -0.0429707 0.971132 111.686
0.972596 0.0193587 0.231692 62.2361 -0.0289583 0.998855 0.0381031 -0.205918 -0.230689 -0.0437684 0.972043 112.47
0.973153 0.0185237 0.229409 62.4195 -0.0281205 0.998858 0.0386343 -0.175126 -0.228431 -0.0440481 0.972563 113.258
0.973362 0.018738 0.228503 62.6042 -0.0284675 0.99882 0.0393573 -0.139751 -0.227496 -0.0448138 0.972747 114.036
0.973619 0.0187793 0.227403 62.7964 -0.0287586 0.99876 0.0406498 -0.105097 -0.226358 -0.0461172 0.972952 114.844
0.973635 0.0191477 0.227304 62.9743 -0.0292312 0.998729 0.0410778 -0.0645401 -0.226229 -0.0466392 0.972957 115.639
0.973595 0.0216914 0.227249 63.1555 -0.0319451 0.998627 0.0415401 -0.032124 -0.226035 -0.0477027 0.97295 116.46
0.973481 0.0230067 0.227608 63.3325 -0.0333402 0.998576 0.0416598 -0.00562395 -0.226325 -0.0481435 0.972861 117.275
0.97301 0.0264113 0.229242 63.5056 -0.0369288 0.998448 0.0417107 0.0262638 -0.227785 -0.0490506 0.972475 118.091
0.97241 0.0292144 0.231438 63.6912 -0.0402431 0.998262 0.0430752 0.0533845 -0.229777 -0.0512006 0.971895 118.935
0.971729 0.0312813 0.234016 63.8814 -0.042641 0.998138 0.0436403 0.0894334 -0.232214 -0.0523852 0.971253 119.77
0.970945 0.031853 0.237171 64.0733 -0.0435278 0.998077 0.0441512 0.1189 -0.235308 -0.0531919 0.970464 120.597
0.970602 0.0316857 0.238595 64.2754 -0.0434873 0.998069 0.0443611 0.161519 -0.236728 -0.0534328 0.970105 121.431
0.970202 0.0313867 0.240254 64.486 -0.0432886 0.998075 0.0444213 0.19522 -0.238397 -0.0534979 0.969693 122.258
0.970367 0.0274223 0.240072 64.7017 -0.0392444 0.998234 0.0446014 0.222492 -0.238425 -0.0527012 0.96973 123.08
0.970177 0.02482 0.241123 64.909 -0.0366152 0.998336 0.0445604 0.245774 -0.239615 -0.0520603 0.969471 123.919
0.969619 0.0261925 0.243213 65.1059 -0.038381 0.998227 0.0455111 0.279497 -0.241589 -0.0534632 0.968904 124.75
0.969465 0.0287022 0.243544 65.309 -0.0423352 0.997805 0.0509282 0.328074 -0.241548 -0.0596836 0.968552 125.592
0.969207 0.0293958 0.244485 65.5122 -0.0432539 0.997736 0.0515075 0.366973 -0.242417 -0.0604964 0.968284 126.43
0.968809 0.0295046 0.246045 65.7082 -0.0422055 0.998027 0.0465061 0.400324 -0.244188 -0.0554399 0.968142 127.244
0.969019 0.0271956 0.245482 65.9207 -0.0366322 0.998752 0.0339566 0.43653 -0.244252 -0.0418971 0.968806 128.055
0.969249 0.0234768 0.244956 66.1323 -0.0322689 0.998969 0.0319401 0.436244 -0.243954 -0.0388624 0.969008 128.869
0.969269 0.0228746 0.244937 66.3354 -0.0331664 0.998729 0.0379755 0.477716 -0.243757 -0.0449321 0.968795 129.689
0.969917 0.0174731 0.242807 66.5501 -0.0321619 0.997876 0.0566641 0.519129 -0.241301 -0.0627686 0.968418 130.53
0.970036 0.0109473 0.242713 66.7523 -0.0286628 0.997165 0.0695791 0.548612 -0.241263 -0.074451 0.9676 131.351
0.970453 0.0136542 0.2409 66.9438 -0.0306852 0.997276 0.0670886 0.58252 -0.239327 -0.0724984 0.968228 132.163
0.970628 0.0232471 0.239457 67.1283 -0.0369014 0.997929 0.0526964 0.62538 -0.237736 -0.0599849 0.969476 132.962
0.970666 0.0255766 0.239064 67.3182 -0.0374039 0.998284 0.0450675 0.678164 -0.237501 -0.0526874 0.969957 133.76
0.97141 0.0226642 0.23632 67.5217 -0.0342523 0.998398 0.0450457 0.701196 -0.23492 -0.0518523 0.970631 134.569
0.972141 0.0202322 0.23352 67.7156 -0.0316395 0.998477 0.0452067 0.73106 -0.23225 -0.0513357 0.9713 135.374
0.972878 0.0197485 0.230473 67.8961 -0.0312843 0.998429 0.0465059 0.758399 -0.229192 -0.0524548 0.971967 136.174
0.97405 0.0203975 0.225411 68.0734 -0.0317312 0.998402 0.0467719 0.791573 -0.224096 -0.0527107 0.97314 136.979
0.974663 0.0202015 0.22276 68.2422 -0.0312557 0.998443 0.04621 0.829988 -0.22148 -0.0520017 0.973777 137.772
0.975234 0.0225712 0.220017 68.4094 -0.033712 0.998326 0.0470134 0.861593 -0.218587 -0.0532663 0.974362 138.578
0.975603 0.0226289 0.218372 68.5764 -0.0338359 0.998288 0.0477177 0.895858 -0.216918 -0.0539423 0.974698 139.376
0.975802 0.021551 0.217589 68.7495 -0.0328889 0.998276 0.0486205 0.92861 -0.216165 -0.0546002 0.974829 140.162
0.976286 0.0207962 0.215482 68.9224 -0.03229 0.99823 0.0499569 0.956119 -0.214062 -0.0557301 0.975229 140.961
0.976815 0.0207454 0.213073 69.0905 -0.032217 0.998204 0.0505082 0.988813 -0.211642 -0.0562018 0.97573 141.747
0.977727 0.0166302 0.209217 69.2565 -0.0270311 0.998532 0.0469527 1.01473 -0.208129 -0.0515623 0.976741 142.522
0.97918 0.0162164 0.20234 69.4218 -0.0263052 0.998536 0.0472712 1.05835 -0.201277 -0.0516096 0.978174 143.312
0.980509 0.0142576 0.195952 69.5791 -0.0245374 0.998442 0.0501335 1.08578 -0.194932 -0.0539644 0.979331 144.099
0.981524 0.012701 0.190913 69.7277 -0.0238827 0.998124 0.0563834 1.13747 -0.189839 -0.0599011 0.979986 144.883
0.982597 0.011052 0.185418 69.8772 -0.023396 0.997643 0.0645186 1.17013 -0.184268 -0.0677338 0.980539 145.682
0.983207 0.0132804 0.182007 70.0047 -0.0255371 0.997548 0.0651646 1.23153 -0.180695 -0.0687182 0.981135 146.464
0.984172 0.0168762 0.176403 70.142 -0.0284005 0.997609 0.0630099 1.26604 -0.174918 -0.0670226 0.982299 147.258
0.985298 0.0191129 0.169767 70.2666 -0.0285945 0.998154 0.0535822 1.31093 -0.168429 -0.0576488 0.984026 148.04
0.986322 0.0167163 0.163976 70.3953 -0.0250181 0.998501 0.0486943 1.34527 -0.162916 -0.0521306 0.985262 148.821
0.987531 0.0150988 0.156695 70.5228 -0.0231334 0.998503 0.0495786 1.38428 -0.155711 -0.0525853 0.986402 149.628
0.988596 0.0202976 0.149215 70.6261 -0.028469 0.998198 0.052832 1.43917 -0.147873 -0.0564774 0.987392 150.433
0.989511 0.0256459 0.142157 70.7205 -0.0334046 0.998064 0.0524628 1.48185 -0.140536 -0.0566612 0.988453 151.24
0.990889 0.0279697 0.131737 70.8197 -0.0345936 0.998236 0.0482638 1.52073 -0.130154 -0.0523813 0.990109 152.041
0.992023 0.0277226 0.122966 70.9185 -0.03385 0.998273 0.0480235 1.56018 -0.121422 -0.0518028 0.991248 152.854
0.992869 0.0277907 0.115916 70.9964 -0.0337251 0.998203 0.0495519 1.60369 -0.11433 -0.0531078 0.992022 153.671
0.993827 0.0285064 0.107204 71.0793 -0.0345197 0.997909 0.0546606 1.64987 -0.105422 -0.0580239 0.992733 154.495
0.99453 0.0286144 0.100452 71.145 -0.0348137 0.997561 0.0605122 1.6855 -0.0984757 -0.0636782 0.9931 155.322
0.995392 0.0279885 0.0917105 71.2156 -0.0338399 0.997448 0.0628822 1.72526 -0.0897162 -0.0656959 0.993798 156.143
0.99593 0.0280433 0.0856424 71.2831 -0.0336184 0.997361 0.0643649 1.76996 -0.083611 -0.0669821 0.994245 156.965
0.996207 0.0277567 0.0824572 71.3476 -0.0331453 0.997354 0.0647167 1.81751 -0.0804424 -0.0672043 0.994491 157.783
0.996563 0.0306173 0.0769574 71.4013 -0.0353117 0.99755 0.0603986 1.85527 -0.0749193 -0.0629085 0.995203 158.604
0.99664 0.0362133 0.0734529 71.4456 -0.0402473 0.997719 0.0542026 1.90526 -0.0713222 -0.0569768 0.995825 159.416
0.996777 0.0364898 0.0714374 71.4957 -0.0404224 0.997701 0.0544002 1.93492 -0.0692879 -0.0571125 0.99596 160.235
0.997039 0.0368056 0.0675049 71.5435 -0.0409101 0.997332 0.0604637 1.97677 -0.0650991 -0.0630463 0.995885 161.061
0.997105 0.0372201 0.0662873 71.5887 -0.0417846 0.996751 0.0688582 2.03044 -0.0635088 -0.0714286 0.995422 161.889
0.997422 0.0369009 0.0615305 71.6303 -0.0415527 0.996233 0.0761202 2.07318 -0.0584895 -0.0784807 0.995198 162.719
0.997806 0.0339551 0.0568167 71.6771 -0.0379844 0.996724 0.071407 2.12485 -0.0542057 -0.0734084 0.995828 163.528
0.99824 0.0281204 0.0522014 71.7228 -0.0314655 0.997428 0.0644051 2.1632 -0.0502557 -0.0659342 0.996558 164.339
0.99862 0.0273542 0.0448221 71.7615 -0.0301778 0.997521 0.0635799 2.21384 -0.0429715 -0.0648448 0.99697 165.161
0.998907 0.0275437 0.0377409 71.7824 -0.0299494 0.997454 0.0647337 2.26693 -0.0358615 -0.0657932 0.997189 165.981
0.999209 0.0251896 0.0307576 71.809 -0.0273079 0.997138 0.0705115 2.31356 -0.0288931 -0.0712956 0.997037 166.805
0.999469 0.0235587 0.0224867 71.8294 -0.0251577 0.996964 0.0736947 2.36293 -0.020682 -0.0742212 0.997027 167.648
0.999723 0.0170274 0.0162177 71.8478 -0.0182359 0.996823 0.077544 2.42475 -0.0148455 -0.0778182 0.996857 168.479
0.999852 0.0132193 0.0109833 71.8578 -0.0140399 0.996827 0.0783506 2.48093 -0.00991237 -0.0784932 0.996865 169.308
0.999932 0.0110706 0.00342708 71.8615 -0.0112914 0.997266 0.0730347 2.53903 -0.00260887 -0.0730684 0.997324 170.138
0.999995 0.000997328 -0.00292186 71.8701 -0.000810636 0.998 0.0632123 2.60143 0.00297937 -0.0632096 0.997996 170.949
0.99993 -0.00495725 -0.0106554 71.8782 0.00561755 0.998007 0.062859 2.64482 0.0103229 -0.0629145 0.997966 171.789
0.999847 -0.00291956 -0.017185 71.8627 0.00409754 0.997615 0.0689153 2.71178 0.0169431 -0.0689752 0.997475 172.635
0.999747 0.006653 -0.0214506 71.8215 -0.00491655 0.996782 0.0800113 2.78631 0.0219142 -0.0798856 0.996563 173.484
0.999574 0.0112228 -0.0269274 71.7879 -0.00879202 0.996015 0.0887514 2.83896 0.0278164 -0.0884768 0.99569 174.339
0.999474 0.0110368 -0.0304827 71.7538 -0.0084008 0.996321 0.0852875 2.90283 0.0313122 -0.0849865 0.99589 175.173
0.999426 0.0125663 -0.0314293 71.7197 -0.010011 0.996731 0.080179 2.95168 0.0323345 -0.0798183 0.996285 176.019
0.99912 0.0231332 -0.03497 71.67 -0.0206054 0.997264 0.070996 3.02296 0.036517 -0.0702129 0.996863 176.836
0.999107 0.0218933 -0.0361145 71.6323 -0.0193424 0.997393 0.0695324 3.08791 0.0375429 -0.0687718 0.996926 177.686
0.999056 0.0194881 -0.0388079 71.607 -0.0165803 0.997129 0.073889 3.14708 0.0401367 -0.0731758 0.996511 178.53
0.999054 0.0190745 -0.0390609 71.5767 -0.0159496 0.996763 0.0788042 3.22079 0.040438 -0.0781066 0.996125 179.381
0.999064 0.0208257 -0.0379033 71.5317 -0.0175547 0.996255 0.0846729 3.28767 0.039525 -0.0839283 0.995688 180.252
0.998975 0.021136 -0.0400171 71.4972 -0.0177047 0.996289 0.0842388 3.34578 0.0416494 -0.0834439 0.995642 181.093
0.998939 0.0184177 -0.0421873 71.457 -0.0152178 0.997071 0.0749545 3.40899 0.0434445 -0.0742329 0.996294 181.935
0.998978 0.0120462 -0.0435439 71.431 -0.0091161 0.99772 0.0668736 3.45024 0.0442505 -0.0664083 0.996811 182.779
0.998889 0.00801049 -0.0464295 71.4063 -0.00496887 0.997856 0.0652595 3.50961 0.046853 -0.0649563 0.996788 183.619
0.998852 0.0102961 -0.046761 71.3607 -0.00699073 0.997501 0.0703081 3.5749 0.0473684 -0.0699005 0.996429 184.48
0.9987 0.0138431 -0.0490371 71.3104 -0.00992217 0.996801 0.0793179 3.62844 0.0499786 -0.0787282 0.995643 185.331
0.998639 0.0131259 -0.0504636 71.2604 -0.00896403 0.996606 0.081832 3.68433 0.0513668 -0.0812683 0.995368 186.174
0.99859 0.0119354 -0.0517052 71.2129 -0.00771252 0.996675 0.0811155 3.74292 0.0525017 -0.0806023 0.995363 187.012
0.998536 0.012283 -0.0526571 71.1655 -0.00827494 0.997099 0.07567 3.8031 0.0534341 -0.0751235 0.995742 187.839
0.998461 0.0157411 -0.0531662 71.1112 -0.0116885 0.997063 0.075694 3.87126 0.0542019 -0.074956 0.995713 188.677
0.998495 0.0162228 -0.0523773 71.0569 -0.0120813 0.996846 0.0784403 3.92671 0.053485 -0.0776895 0.995542 189.514
0.99839 0.0171043 -0.0540715 71.0057 -0.0127898 0.996781 0.0791538 3.99511 0.0552516 -0.0783348 0.995395 190.341
0.998373 0.0177381 -0.0541826 70.9561 -0.0133984 0.996751 0.0794318 4.05012 0.0554159 -0.0785765 0.995367 191.17
0.998386 0.0180982 -0.053817 70.9015 -0.013748 0.99669 0.0801325 4.1078 0.0550894 -0.0792633 0.99533 191.986
0.998311 0.0186041 -0.0550188 70.849 -0.0141229 0.996635 0.0807434 4.15453 0.0563362 -0.07983 0.995215 192.807
0.998332 0.0178474 -0.0548876 70.8008 -0.0136254 0.996988 0.0763541 4.20692 0.0560853 -0.0754789 0.995569 193.613
0.998203 0.0185889 -0.0569613 70.7428 -0.0141707 0.99693 0.0770092 4.26054 0.0582183 -0.0760636 0.995402 194.419
0.997979 0.0196618 -0.0604101 70.6911 -0.014589 0.996419 0.0832947 4.33136 0.0618318 -0.0822451 0.994692 195.225
