0.999999 -0.00159083 -0.00181875 0.00373658 0.00158869 1 -0.00111058 -0.00396579 0.00182019 0.00110761 0.999999 0.595248
0.999998 -9.52365e-05 -0.000940025 -0.00547251 9.3695e-05 0.999997 -0.00164143 -0.0106518 0.000940533 0.00164149 0.999997 0.551833
1 -3.52607e-05 -0.00254 0.0101658 3.01504e-05 1 -0.00200122 0.00118655 0.00253909 0.00200083 0.999998 0.578271
0.999995 -0.00163997 -0.00187677 -0.00245729 0.00163512 0.999995 -0.00259502 0.0080573 0.00188177 0.00259219 0.999993 0.602641
0.999994 -0.00310109 -0.00261408 0.0299357 0.00309548 0.999994 -0.00203762 -0.00920383 0.00261939 0.00202917 0.999997 0.512034
0.999997 -0.000801136 0.000595228 -0.0573292 0.000802161 0.999998 -0.00125096 0.00632891 -0.000593559 0.00125173 0.999996 0.610785
1 2.81832e-05 -0.000728008 -0.0244087 -2.81597e-05 1 0.000731186 -0.0161527 0.000727066 -0.000731581 1.00001 0.579264
0.999995 -0.000346367 0.00135455 -0.0664159 0.000346528 0.999999 0.000313826 -0.0252312 -0.00135399 -0.000312999 0.999994 0.596551
1 0.000991648 -0.000122245 -0.0325293 -0.000992523 0.999998 -0.00246922 -0.0177286 0.000119114 0.002469 1 0.611579
0.999996 0.00148819 -0.00105547 -0.0151753 -0.00149116 0.999992 -0.00346503 -0.0133619 0.00105099 0.00346692 0.999989 0.613641
1 0.00126783 -0.000158744 -0.0456901 -0.00126903 0.999991 -0.00383434 -0.00150324 0.000153108 0.00383414 0.999995 0.671805
0.999995 0.0023122 0.000190828 -0.038634 -0.00231137 0.999998 -0.000476126 0.00173785 -0.00019122 0.000476129 0.999997 0.649735
0.999999 0.00256214 0.000115435 -0.0334302 -0.0025636 0.999971 0.00704911 -0.00591025 -9.81203e-05 -0.00704976 0.999977 0.657112
0.999997 0.000688197 -0.00180228 0.0313369 -0.000669132 0.999951 0.0100165 0.00278021 0.0018097 -0.0100148 0.999947 0.632662
0.999997 0.000947448 -0.00276659 0.0390465 -0.000932188 0.999982 0.00584857 0.00202393 0.00277128 -0.00584629 0.999981 0.67708
0.99999 0.00331191 -0.00245105 0.0185874 -0.00331534 0.999994 -0.0017155 -0.0111788 0.00244605 0.00172386 0.999994 0.706039
0.999998 0.00267957 -0.000600534 -0.00247266 -0.00268395 0.999978 -0.0059515 -0.0322614 0.000583762 0.00595278 0.999984 0.675457
0.999984 -0.000865295 -0.00427965 0.0494248 0.000835767 0.999978 -0.00708824 0.0221724 0.0042864 0.00708496 0.999964 0.725257
1 -0.00156636 -0.000897838 0.00573632 0.00156666 0.999995 0.00135228 -0.00147465 0.0008949 -0.0013541 1 0.738777
0.999994 -0.0011937 -0.000571338 0.00400923 0.00119977 0.99996 0.00918377 -0.00206965 0.000561105 -0.00918408 0.999956 0.761178
1 -0.00126599 0.000717955 -0.0265956 0.00125998 0.999971 0.00710554 -0.00331227 -0.000727791 -0.00710503 0.999976 0.787253
0.999994 -0.000981847 -0.000565313 0.00749532 0.0009842 1 0.002503 -0.0129219 0.000563501 -0.00250314 0.999997 0.790288
1 -0.00167519 0.00111303 -0.00993178 0.00167445 0.999995 -0.000215944 -0.0213815 -0.00111347 0.000217342 0.999999 0.785494
0.99999 -0.00153178 0.00268473 -0.0261186 0.00153681 1 -0.0014659 -0.0160742 -0.00268166 0.00147048 0.999996 0.765891
1 0.00227376 0.00130633 -0.0212105 -0.002271 0.999989 -0.00294617 -0.0158883 -0.00131395 0.00294258 0.999995 0.855122
0.99999 -0.00286726 0.00139366 -0.00478419 0.00287583 0.999985 -0.00545311 -0.00770142 -0.00137711 0.0054577 0.999984 0.844952
0.999999 -0.00347894 0.000257519 0.00940221 0.00347956 0.99997 -0.00643001 -0.00505866 -0.000236166 0.00643027 0.99998 0.871944
0.999993 0.000655723 0.00207176 -0.0228665 -0.000642954 0.999987 -0.00563619 0.00155601 -0.0020746 0.00563545 0.999982 0.92899
1 0.00033587 0.000831548 -0.0168615 -0.000336141 0.999996 -0.000972128 -0.00528219 -0.000832667 0.000971307 0.999999 0.909613
0.999996 -2.4749e-05 0.000117682 -0.0135872 2.59474e-05 1 -0.000441024 0.0041589 -0.000116979 0.000441545 1 0.932811
1 0.00093014 0.00181884 -0.0262487 -0.0009297 0.999996 -0.000744752 -0.0168559 -0.0018203 0.000742438 0.999999 0.939467
0.999992 0.00261255 0.000333042 -0.0143956 -0.00261062 0.999997 -0.00258644 0.00131652 -0.000338857 0.00258602 0.999998 0.953348
0.999997 0.0040085 -0.0002918 -0.00631851 -0.00400979 0.999988 -0.000883744 -0.00729544 0.000287268 0.000884393 0.999999 0.978406
0.999995 0.00133716 -0.000434241 -0.00299985 -0.00133616 1 -6.10764e-06 -0.00991213 0.000435225 7.12908e-06 1 0.954759
1.00001 0.000961698 -0.000163842 -0.00886167 -0.000962669 0.999996 0.000242417 -0.015036 0.000163003 -0.000242857 1 0.971099
0.999994 0.000283639 0.000219634 -0.010062 -0.000282605 1 -0.000209086 -0.00603731 -0.000218695 0.000209622 1 1.00241
1.00001 0.00118197 -0.000202456 -0.0149928 -0.00118285 0.999996 0.00133364 -0.0140396 0.000202958 -0.00133402 0.999999 0.997243
0.999994 0.00031393 -0.000790553 -0.00210149 -0.000311171 1 0.00199727 -0.0108643 0.000792292 -0.00199644 0.999998 1.00889
1 -0.000443474 -0.00154989 0.0105002 0.000443661 0.999996 0.000836366 -0.00901708 0.0015484 -0.000837626 0.999998 1.01154
0.999995 -0.000512911 -0.000374557 -0.00368782 0.00051322 1 -0.0015495 -0.00469374 0.000376393 0.00154981 1 1.03345
1 0.00101955 -0.000741928 0.00202224 -0.00102117 0.999998 -0.0011287 -0.00844967 0.000739695 0.00112903 0.999998 1.03551
0.999995 -0.000767677 -0.000693369 -0.00267676 0.000769097 1 0.000974887 -0.0119634 0.000693651 -0.000974991 1 1.06902
1 -0.000720827 -0.000431406 -0.00603594 0.000721183 0.999995 0.00267125 -0.0117749 0.000428473 -0.00267197 0.999995 1.04461
0.999995 -0.00141321 -0.000445337 -0.0105894 0.00141651 0.999986 0.00531206 -0.0218529 0.000438872 -0.00531233 0.999987 1.11539
1 0.000486446 5.37551e-05 -0.0222907 -0.000487472 0.999995 0.00279736 -0.0216915 -5.34365e-05 -0.00279776 0.999995 1.06768
0.999996 -0.000148167 -0.000205667 -0.0155074 0.000149364 1 0.00136998 -0.0289939 0.000206557 -0.00136973 1 1.03102
1 -0.000128504 0.000353115 -0.0232822 0.000128441 0.999996 -0.00247746 -0.00171467 -0.000353805 0.00247721 0.999996 1.07389
0.999997 0.000284538 0.000161913 -0.0214345 -0.000283522 1 -0.00102313 -0.00755737 -0.000161166 0.00102335 1 1.08743
1 -0.000319711 -0.00144992 0.00106669 0.000320692 0.999997 0.00125982 -0.0199611 0.00144847 -0.00126054 0.999997 1.09516
0.999995 0.000263731 -0.00194237 0.0082839 -0.000259786 1 0.00159234 -0.011796 0.00194394 -0.00159159 0.999998 1.09404
0.999997 0.00329969 -0.0018404 0.0163241 -0.00329901 0.999993 0.000837132 -0.0148633 0.00184205 -0.00083135 0.999997 1.10947
0.999996 0.00166271 -0.000961989 -0.000771904 -0.00166219 1 -0.000345298 -0.0191461 0.000962568 0.000347211 1 1.10073
1 0.00149254 3.94828e-05 -0.00279296 -0.00149322 0.999991 -0.00339296 -0.028197 -4.56363e-05 0.00339252 0.999994 1.11266
0.999994 0.00240444 0.000525402 -0.0147564 -0.0024015 0.999991 -0.00395012 -0.0294155 -0.000533749 0.00394921 0.999992 1.10904
0.999987 0.00554429 -0.00122769 0.0138221 -0.00554704 0.999982 -0.00156706 -0.0316401 0.00121799 0.00157356 0.999998 1.06126
0.999997 0.000438785 0.00128581 -0.0251183 -0.000442906 0.999994 0.00382628 -0.0327724 -0.00128309 -0.00382663 0.999993 1.07644
1 8.26637e-05 -9.0946e-05 -0.0069793 -8.32672e-05 0.99999 0.0039607 -0.0449011 9.01703e-05 -0.00396094 0.999991 1.08539
0.999994 -0.00291989 0.00136893 -0.0251358 0.00291634 0.999991 0.00324196 -0.0374896 -0.00137728 -0.00323767 0.999995 1.08149
1 -0.00063565 0.00180799 -0.021802 0.000634281 0.999999 0.000128417 -0.0297428 -0.0018094 -0.000127694 0.999997 1.10202
0.999999 -0.0010303 0.000738242 0.003999 0.00103191 1 -0.000756174 -0.0318447 -0.000736342 0.000757357 1 1.06109
0.999999 0.000224188 0.0020858 -0.0490686 -0.000221988 0.999998 -0.00146757 -0.0271398 -0.00208746 0.00146672 0.999995 1.12563
0.999998 -0.00117363 0.000442195 -0.00342574 0.00117614 0.999993 -0.00373856 -0.0121267 -0.000436458 0.00373946 0.999995 0.994058
1 -0.00145559 0.000326373 0.000840323 0.0014558 0.999994 -0.00310186 -0.0238088 -0.000323367 0.00310192 0.999993 1.07403
0.999998 -0.00145964 -0.000874316 0.0176476 0.00145886 0.999999 -0.00168445 -0.018053 0.000878017 0.00168347 1 1.09096
0.999999 -0.00184303 -0.000312967 0.0063638 0.00184328 0.999992 0.00302377 -0.0244137 0.000306048 -0.0030246 0.999993 1.09892
0.999996 -0.00275881 0.000493122 0.000519907 0.0027562 0.999977 0.00648149 -0.0202532 -0.000509625 -0.00647995 0.999982 1.07988
0.999993 -0.00346104 0.00166105 -0.00616555 0.00345019 0.999974 0.00616867 -0.0203178 -0.00168389 -0.00616305 0.999977 1.03196
0.999999 -0.00136133 0.000608411 -0.0142752 0.00136083 0.999999 0.00166286 -0.0339927 -0.000609218 -0.00166202 1 1.11295
0.999991 -0.00399052 0.00146333 -0.00827598 0.00399417 0.999987 -0.00293186 -0.0150564 -0.00145316 0.00293768 0.999993 1.07008
0.999999 -0.00148534 0.00112427 -0.0227138 0.00148923 0.999997 -0.00277982 -0.0206245 -0.00111885 0.00278145 0.999999 1.07598
0.999998 0.00148285 -0.00122008 0.0061129 -0.00148852 0.99999 -0.00404043 -0.0179135 0.00121266 0.00404219 0.999988 1.12031
1 -3.92188e-06 0.00138518 -0.0281969 1.18585e-05 0.999987 -0.00514203 -0.0021874 -0.00138383 0.00514209 0.999988 1.08521
0.999994 0.00254097 0.00199593 -0.02908 -0.0025353 0.999992 -0.00314109 0.0250139 -0.00200537 0.00313597 0.999992 1.06916
0.999994 0.00383447 0.000956498 -0.0119661 -0.00383641 0.999991 0.0026103 -0.0027088 -0.000945179 -0.00261395 0.999999 1.11995
0.999996 0.00174837 0.00112749 -0.0282014 -0.00175021 0.999997 0.00108303 -0.00282219 -0.00112706 -0.00108498 0.999996 1.09551
1 -0.000535369 -0.000733629 0.00131411 0.000534944 1 -0.00127661 0.00883138 0.000735786 0.00127618 1 1.11133
0.999996 -0.00190036 0.000706689 -0.0209358 0.00189977 0.999998 -3.59649e-05 -0.00415485 -0.000708219 3.73148e-05 0.999996 1.09934
0.999996 -0.00136126 0.0035438 -0.0397075 0.00136641 0.999999 -0.00130881 0.0253578 -0.00354058 0.00131359 0.999998 1.05059
0.999992 -0.00299201 -0.00113269 0.00911453 0.00299247 0.999994 0.000866045 0.00590539 0.00112873 -0.000869352 0.999994 1.09875
1 -0.00165715 0.000717719 -0.0264684 0.00165759 0.999999 -0.000183369 0.00804845 -0.000716201 0.000184349 1.00001 1.08693
0.999996 -0.000644316 0.00125528 -0.028034 0.000645988 0.999999 -0.00148394 -0.0189547 -0.00125554 0.00148491 0.999994 1.07333
1 0.000551638 -0.000514113 -0.0169229 -0.000553053 0.999994 -0.00348127 -0.0231948 0.00051341 0.00348139 0.999998 1.13362
0.999995 2.50563e-05 -0.00213448 0.015873 -3.06152e-05 0.999997 -0.00241166 -0.0112752 0.00213318 0.00241189 0.999991 1.07026
1 0.00147409 0.000220536 -0.0262796 -0.00147413 0.999999 0.0016438 -0.0143219 -0.000216832 -0.00164436 1 1.05903
0.999997 0.000449118 -0.00119968 0.00153973 -0.000444651 0.999991 0.00398725 -0.0120762 0.00120024 -0.00398643 0.999988 1.08925
1 0.00135959 -0.000625201 -0.0137398 -0.00135723 0.999994 0.00352679 -0.00962674 0.000631212 -0.0035262 0.999997 1.07143
0.999998 0.000790644 0.000206043 -0.0227605 -0.000791231 0.999999 0.000129012 -0.0112039 -0.000207142 -0.000128786 0.999998 1.09216
1 7.51723e-05 -0.000198425 -0.0130844 -7.51774e-05 0.999998 -0.00246649 -0.0121815 0.000199447 0.00246596 1 1.07315
0.999998 -0.000346926 0.000355731 -0.023783 0.000346491 0.999998 -0.000616385 -0.0203337 -0.000356546 0.000617067 0.999997 1.04808
1 -0.000922742 5.13064e-05 -0.0210222 0.000923382 1 -0.00120036 -0.00136518 -4.91289e-05 0.0011999 1 1.04974
0.999997 -0.000855372 -0.000200938 -0.0157684 0.000854846 0.999998 0.000396727 -0.0215004 0.00019953 -0.000396408 0.999996 1.03741
1 -0.0013915 0.000564724 -0.0278871 0.00139146 1 0.00127613 -0.0163457 -0.000565507 -0.00127579 1 1.00877
0.999999 -0.00020585 -0.000122996 -0.0134375 0.000205237 0.999997 0.00214697 -0.00748741 0.000121581 -0.0021465 0.999994 0.974381
1 -0.00145117 -0.000495758 -0.0134536 0.00145246 0.999999 0.000910138 -0.0202196 0.000495416 -0.000911432 1 0.99616
0.999997 -0.00159119 -0.0013734 -0.0188902 0.00159039 0.999998 0.000144913 -0.0168661 0.00137222 -0.000146515 0.999995 0.951189
0.999995 -0.00135014 -0.00276683 -0.0200972 0.0013498 1 -0.000501354 -0.0272258 0.00276852 0.000496955 1 0.950962
0.999998 -0.00017385 -0.00269052 -0.0201191 0.000172093 0.999999 -0.000285545 -0.0264021 0.00268963 0.000285777 0.999994 0.916464
0.999996 -0.000483724 -0.00222742 -0.0266319 0.000485839 1 0.000515079 -0.0215031 0.00222813 -0.000516974 1 0.880425
1 0.000901639 -0.00194432 -0.0257193 -0.000900486 0.999999 0.00112596 -0.0189836 0.00194434 -0.00112346 0.999995 0.887919
0.99999 0.000722413 -0.00368961 -0.0230809 -0.000716153 0.999998 0.00142504 -0.024394 0.00369162 -0.00142314 0.999994 0.842413
0.999996 0.000759877 -0.00352786 -0.0255612 -0.000755393 0.999999 0.0014856 -0.0225289 0.00352799 -0.00148217 0.999991 0.781236
0.999994 0.0012936 -0.00218156 -0.0206126 -0.00129021 0.999998 0.00121521 -0.0216556 0.00218417 -0.00121327 0.999998 0.793249
0.999997 0.00213088 -0.00283856 -0.006454 -0.00213048 0.999998 0.000384984 -0.0209883 0.00283837 -0.000378066 0.999995 0.763596
0.999991 0.00221755 -0.00250405 -0.015267 -0.00221892 0.999997 -0.00082638 -0.0293328 0.00250321 0.000831053 0.999999 0.744007
0.999997 0.00153176 -0.00323163 0.00457754 -0.0015388 0.999997 -0.00196192 -0.0483556 0.00322764 0.00196775 0.999991 0.697215
0.99999 0.00303506 -0.00206141 -0.0163978 -0.00304102 0.99999 -0.00327511 -0.0234636 0.0020524 0.00328035 0.999995 0.675598
0.999999 0.0018429 -0.00295467 0.00656158 -0.00185247 0.999994 -0.0029937 -0.0100744 0.002948 0.00300013 0.99999 0.695885
0.999989 0.00253497 -0.0027918 0.0324172 -0.00253712 0.999997 -0.00109786 -0.0133734 0.00279006 0.00110385 0.999997 0.638004
1 0.00218817 -0.0018608 0.0399785 -0.00218923 0.999997 -9.63982e-05 -0.0115889 0.00185951 0.000101555 0.999997 0.622889
0.999984 0.00433628 0.00176809 0.0169419 -0.00433779 0.99999 0.00133611 -0.0144793 -0.00176121 -0.00134482 0.999999 0.620949
0.999993 0.00231177 0.00412626 0.0255474 -0.00231832 0.999996 0.001369 -0.0164646 -0.00412418 -0.00137756 0.99999 0.590909
0.999985 0.000823 0.00462487 0.0575161 -0.000832923 0.999998 0.00234182 -0.0176532 -0.00462179 -0.00234656 0.999988 0.549913
0.999976 -0.000415886 0.00753536 0.0474688 0.000401186 0.999998 0.00184301 -7.20714e-05 -0.00753725 -0.001839 0.999969 0.51296
0.999941 -0.000364694 0.010421 0.0345434 0.000354734 1 0.00103529 -0.00821805 -0.0104201 -0.0010325 0.999946 0.513123
0.999946 -0.000712148 0.010867 0.0643854 0.000718958 0.999999 -0.00068976 0.00304633 -0.0108677 0.000698416 0.99994 0.491023
0.999916 0.000155714 0.0126014 0.0623368 -0.000125723 0.999997 -0.00232351 0.0120987 -0.0126006 0.00232083 0.999919 0.475815
0.999889 -0.00117807 0.0151323 0.0644229 0.00124796 0.999989 -0.00465754 0.0167673 -0.0151278 0.00467685 0.999873 0.427977
0.999844 -1.25111e-05 0.0174494 0.0952059 0.000108454 0.999985 -0.00545983 0.00771571 -0.0174479 0.00545992 0.999835 0.427057
0.999773 -0.00270497 0.0212987 0.0811995 0.00282759 0.999979 -0.00576244 0.0109988 -0.0212839 0.00582227 0.999755 0.410262
0.999717 -0.00266213 0.0235116 0.0977071 0.00276863 0.999986 -0.00446878 0.0203232 -0.0234982 0.00453164 0.999716 0.443075
0.999673 -0.00253613 0.0255641 0.109676 0.00259157 0.999995 -0.00216181 0.0109761 -0.0255597 0.00222838 0.99967 0.403107
0.999579 -0.00249374 0.0288318 0.108101 0.00258377 0.999992 -0.00306323 0.0136823 -0.0288227 0.00313536 0.99958 0.402141
0.999449 -0.00280771 0.0331743 0.0960704 0.00288455 0.999994 -0.00229004 0.0067188 -0.0331689 0.00238554 0.999447 0.406026
0.999299 -0.00308142 0.0372354 0.0860196 0.00313818 0.999994 -0.00144808 0.00710018 -0.0372295 0.00156287 0.999305 0.428859
0.999272 -0.00247276 0.0381346 0.0941131 0.00254743 0.999995 -0.00192853 0.00540522 -0.0381308 0.00202533 0.999271 0.379542
0.999182 0.000116469 0.040387 0.0926423 -5.57052e-05 0.999999 -0.00148893 -0.00568411 -0.0403859 0.00148443 0.999182 0.384747
0.998986 0.00139342 0.0450297 0.0701515 -0.00136019 0.999999 -0.000784138 -0.00519483 -0.0450319 0.000723112 0.998986 0.379542
0.999072 -0.00104734 0.0430208 0.117822 0.000977665 0.999998 0.00165689 -0.0112444 -0.0430212 -0.00161429 0.999073 0.362365
0.99906 -0.000369821 0.0433859 0.122923 0.000294651 0.999998 0.00172151 -0.0134243 -0.0433878 -0.00170611 0.999057 0.372349
0.998726 -0.00195938 0.0503927 0.05047 0.00196191 0.999999 1.51074e-05 -0.0134101 -0.0503915 8.2807e-05 0.998729 0.362451
0.998867 -0.000525132 0.0476177 0.0916189 0.000563875 0.999999 -0.000817497 -0.0313104 -0.0476184 0.000844372 0.998866 0.364757
0.998713 0.000844935 0.0506837 0.0468249 -0.000720382 0.999997 -0.00246056 -0.0206761 -0.0506845 0.00241994 0.998711 0.356388
0.998647 0.00241357 0.051984 0.044962 -0.00220753 0.999989 -0.00403546 -0.0104968 -0.0519944 0.00391606 0.99864 0.358763
0.99853 0.00554371 0.0538762 0.0498855 -0.00537799 0.999981 -0.00320617 -0.0106422 -0.0538917 0.00291086 0.998542 0.356882
0.998689 0.00466066 0.0510202 0.0973094 -0.0046112 0.999988 -0.00110518 -0.0237167 -0.051026 0.000869188 0.998698 0.36922
0.998539 -0.000645424 0.0539839 0.0691273 0.000704377 1 -0.00105644 0.00109842 -0.0539821 0.00109227 0.99854 0.365822
0.998551 -0.00613618 0.0535134 0.0423468 0.0061115 0.99998 0.000608453 -0.0017424 -0.0535173 -0.000279932 0.998568 0.367718
0.998486 0.00103184 0.0549628 0.0703525 -0.00121009 0.999995 0.0032277 -0.00508382 -0.0549582 -0.00328995 0.998483 0.372265
0.99847 0.00107699 0.0553213 0.0686688 -0.00121431 0.999997 0.00243414 -0.00244915 -0.0553194 -0.00249705 0.998466 0.380952
0.998476 -0.000174184 0.0551513 0.0716075 3.90971e-05 0.999997 0.0024643 0.00218066 -0.0551507 -0.00245908 0.998475 0.388458
0.998395 -0.00202082 0.0566413 0.0749182 0.00178908 0.999991 0.00412777 -0.0148166 -0.0566499 -0.00401915 0.998387 0.404304
0.998361 0.0035396 0.0570704 0.0506265 -0.00363528 0.99999 0.00159157 -0.00961074 -0.0570636 -0.00179719 0.998369 0.416266
0.998486 0.00396658 0.0549256 0.055027 -0.00379571 0.99999 -0.00323557 -0.010922 -0.0549385 0.00302296 0.998486 0.409638
0.998635 0.0015063 0.0521524 0.0592409 -0.00120487 0.99998 -0.00579899 0.0106302 -0.0521595 0.00572736 0.998622 0.417962
0.998871 -0.00207351 0.047548 0.0644246 0.00213651 0.999999 -0.00128654 -0.0095604 -0.047546 0.00138749 0.998869 0.404926
0.999112 -0.00609633 0.0415945 0.0648071 0.00618333 0.999976 -0.00195047 0.00936598 -0.0415811 0.00220499 0.999133 0.430586
0.999358 -0.00623599 0.0354035 0.0589939 0.00625324 0.999985 -0.000395124 -0.013038 -0.035401 0.000617111 0.999373 0.427079
0.999516 -0.00563217 0.0304554 0.0561341 0.00571586 0.999976 -0.00264134 0.0240436 -0.0304394 0.00281333 0.999533 0.448957
0.999645 0.00418945 0.0264527 0.0357789 -0.00425025 0.999993 0.00221408 -0.0160986 -0.0264438 -0.00232504 0.999648 0.49792
0.999681 0.00825571 0.0237412 0.0185579 -0.00838555 0.999945 0.00540688 -0.0291892 -0.0236947 -0.00560493 0.999703 0.503802
0.999718 0.00565468 0.023224 0.0242468 -0.00575592 0.999979 0.00427072 -0.00517128 -0.0232001 -0.00440251 0.999722 0.504898
0.999764 -0.00406021 0.0212235 0.0486297 0.00402078 0.999987 0.00191962 -0.0038261 -0.0212309 -0.00183465 0.999774 0.510258
0.999774 -0.00836568 0.0197606 0.0442137 0.00838959 0.999969 -0.00113424 -0.00687923 -0.0197509 0.00130062 0.999805 0.529243
0.999826 -0.00600055 0.0175236 0.0349616 0.00603921 0.999974 -0.00214238 -0.0052339 -0.0175101 0.00224689 0.999843 0.536715
0.999907 0.00162952 0.0137949 0.0175133 -0.00153142 0.99998 -0.00713493 0.0120086 -0.0138069 0.00711398 0.999883 0.572266
0.999922 0.00358462 0.0116579 -0.00977174 -0.00351492 0.999971 -0.00599248 0.0157213 -0.0116786 0.00595014 0.999912 0.601748
0.999983 -0.00133701 0.00648148 0.011109 0.00133429 1 0.000397047 -0.00766571 -0.00648276 -0.000387599 0.999982 0.609152
0.999976 -0.00571718 0.0032331 0.0127909 0.00571008 0.99998 0.00226741 0.00539767 -0.00324567 -0.00224964 0.999992 0.625974
1 -0.0011122 0.000918932 -0.0204057 0.00111168 1 0.000481343 0.0086796 -0.000920008 -0.000479627 1 0.64596
0.999993 0.000200572 -0.0025518 -0.0116353 -0.000206699 0.999997 -0.00241286 0.0386891 0.00255183 0.0024126 0.999994 0.713631
0.999996 0.00425649 -0.000272884 -0.0378768 -0.00425641 0.999993 -0.000324771 -0.00899171 0.000270832 0.000326706 1 0.712228
0.999994 0.00158777 1.41577e-05 -0.0221447 -0.00158786 0.999993 -0.00237787 0.0158196 -1.73394e-05 0.00237708 0.999998 0.697922
1 9.14858e-05 -0.00130416 -0.0054312 -9.29869e-05 1 -0.00114246 0.000347334 0.00130339 0.00114328 0.999997 0.733086
0.999994 0.000426867 -0.0016058 0.000516559 -0.000427082 0.999999 -0.000108633 8.49322e-05 0.00160634 0.000108595 1 0.745442
1 -0.000410072 -0.00132891 -0.00454346 0.000412623 0.999999 0.00187376 -0.00873854 0.00132757 -0.00187362 0.999996 0.761692
0.999994 0.000521663 0.000208335 -0.0144077 -0.000521538 0.999999 -0.000404023 0.0186612 -0.000208018 0.000403191 1 0.784491
1 -0.00041087 0.000591837 -0.00407314 0.000409738 0.999999 0.00212967 -0.00791603 -0.000593377 -0.00212884 0.999997 0.768301
0.999991 0.00287135 0.000448817 0.00219937 -0.00287082 0.999993 -0.00165233 0.0504215 -0.000453043 0.00165043 0.999999 0.785606
1 0.0011145 0.00116956 -0.00134351 -0.00111414 1 -0.000282463 0.0135528 -0.00117077 0.000281519 1 0.794939
0.999994 -0.00167283 0.00137143 -0.00274604 0.00167255 0.999995 3.44725e-05 0.0326861 -0.00137071 -3.24445e-05 1 0.806726
1 -0.00125978 0.00184413 -0.00681872 0.00125963 1 0.000206746 0.0148008 -0.00184543 -0.000204234 0.999999 0.793548
0.99999 0.00257826 0.00182617 -0.00955301 -0.0025769 0.999994 -0.000941117 0.0152371 -0.00182793 0.000936193 0.999998 0.842889
1 0.00215504 0.000472661 0.00205674 -0.00215178 0.999981 -0.00610511 0.0104779 -0.000486545 0.00610429 0.999982 0.820108
0.999992 0.00183348 0.00144671 -0.00946859 -0.00180952 0.99986 -0.0164905 0.140098 -0.00147631 0.0164876 0.999864 0.803819
1 0.000103245 0.00139663 -0.000813707 -0.000100421 1 -0.00200148 -0.00109757 -0.00139765 0.00200155 0.999999 0.815705
0.999989 0.00265912 0.0019989 -0.0148996 -0.00266358 0.999992 0.00218617 -0.00421595 -0.00199233 -0.00219174 0.999994 0.841123
1 0.00286382 0.000349657 -8.26898e-06 -0.002865 0.999994 0.00363753 -0.00379572 -0.000339972 -0.0036383 0.999996 0.866445
0.999994 0.00143045 -0.000107091 0.00337699 -0.00142986 0.999981 0.00513745 -0.00933954 0.000115022 -0.00513745 0.999984 0.842479
1 0.00307497 -0.000528417 0.00190392 -0.00307268 0.999991 0.00434863 0.00447963 0.000541065 -0.00434669 0.999995 0.850825
0.999988 0.00368852 -0.00034299 -0.00644027 -0.00368876 0.999988 -0.00106857 0.014976 0.000339591 0.00106939 0.999997 0.847024
0.999999 -0.00285292 -0.00142194 0.00540429 0.00284034 0.99996 -0.00888504 0.00619043 0.00144661 0.00888134 0.999961 0.83251
0.999995 -0.00181858 -0.000156233 -0.0170315 0.00181645 0.999921 -0.0123064 0.0015805 0.000179137 0.0123056 0.999924 0.831076
1 -0.00105942 0.000605764 -0.0190054 0.00106247 0.99999 -0.00476885 -0.0113791 -0.000601224 0.00477002 0.999989 0.818925
0.999994 -0.00163859 -0.00125973 -0.00664499 0.00164456 0.999985 0.00487975 0.00267835 0.00125215 -0.00488236 0.999987 0.842261
1 -0.00292201 -0.00147874 0.00529173 0.00293346 0.999968 0.00769916 -0.0118767 0.00145566 -0.00770288 0.99997 0.827371
0.999993 -0.00138587 -0.00192705 0.0110195 0.00139063 0.999994 0.00253869 -0.0117414 0.00192399 -0.00254193 0.999994 0.845509
1 -0.000529423 -0.000746919 -0.002206 0.000528503 1 -0.00125696 -0.00950078 0.000747083 0.00125708 1 0.832723
0.999987 0.00368571 0.00140616 -0.0150172 -0.00368587 0.999992 -2.7465e-05 -0.0341417 -0.00140577 2.16376e-05 0.999998 0.83204
1.00001 0.000717538 0.000486172 0.00724498 -0.000716981 1 -0.00126425 0.00400195 -0.000487597 0.00126461 1 0.818351
0.999993 -0.000124033 0.00166497 0.000801404 0.000122982 0.999999 0.000588123 -0.0277729 -0.00166445 -0.000588537 0.999998 0.803142
1 0.000713598 0.00120545 0.00605466 -0.000713349 1 -0.000211632 -0.0229307 -0.00120618 0.000211347 1 0.805731
0.99999 0.00236143 0.00216464 -0.00517445 -0.00235965 0.999996 -0.000839043 -0.00756144 -0.00216605 0.00083321 0.999997 0.810689
1 0.00219581 0.00210925 -0.00824294 -0.00219968 0.999998 0.00176559 -0.0226392 -0.00210599 -0.00176959 0.999998 0.79836
0.999991 -0.000638212 0.00259587 -0.0129674 0.000637722 0.999997 0.000172245 -0.00101812 -0.00259534 -0.000171364 0.999996 0.793302
1 0.000141551 0.00125874 0.0010949 -0.000140526 1 -0.000765699 -0.00963754 -0.0012594 0.000766125 1 0.78407
0.999994 9.28673e-05 0.00143409 -0.00137425 -8.99134e-05 0.999995 -0.00220771 0.000739208 -0.00143383 0.00220687 0.999995 0.780743
1 -0.000881207 0.000836801 -0.00212434 0.000881574 1 -0.000163604 -0.015579 -0.000837116 0.00016502 1 0.781789
0.999989 -0.00330068 0.00094898 -0.0082806 0.00330133 0.999992 -0.000848714 -0.00235012 -0.000945722 0.000851182 0.999998 0.785999
1 -0.00264081 0.000200447 0.00980898 0.00264131 0.999998 -0.00162541 0.0143572 -0.000196693 0.00162655 1 0.779895
0.999993 0.000486352 0.00206832 -0.0160291 -0.000484635 0.999996 -0.000930339 -0.00451607 -0.00206819 0.000928623 0.999995 0.784491
1 0.00023346 0.000949069 -0.00559238 -0.000231675 1 -0.00163508 -0.00474586 -0.00095002 0.00163558 1 0.742651
0.999995 0.000860571 0.000914872 -0.011514 -0.000861246 0.999998 0.000537371 -0.00722471 -0.000913862 -0.00053891 0.999998 0.742422
1 -0.00148759 0.000838471 -0.0104452 0.00148852 1 -0.00082342 -0.0069664 -0.000837844 0.000825389 1 0.704064
0.999995 -0.00126 -0.00123306 0.00349035 0.00125591 0.999993 -0.00299591 -0.0129969 0.00123739 0.00299356 0.999993 0.711935
1 0.000513141 -4.72318e-05 -0.00732177 -0.000512912 0.999996 -0.00308023 -0.0105502 4.50894e-05 0.00308105 0.999996 0.695401
0.999995 0.00116282 -0.00119336 -0.000326674 -0.00116565 0.999997 -0.00200815 -0.0130038 0.00119166 0.00200875 0.999996 0.710509
1 0.000418863 8.20041e-05 -0.0112455 -0.000418047 0.999984 -0.00570393 0.0595334 -8.49726e-05 0.0057047 0.999985 0.674374
0.999995 -0.00238425 -0.000532463 0.00190853 0.00238221 0.999992 -0.00302311 0.0263314 0.000540214 0.00302094 0.999995 0.708333
1 -0.000578925 -0.00146096 -0.0021726 0.000576361 0.999999 -0.00201635 0.0288672 0.00146158 0.00201641 0.999997 0.654614
0.999991 0.00402998 0.000739843 -0.017472 -0.00402871 0.99999 -0.00192725 0.0151104 -0.000747013 0.0019232 0.999999 0.655521
0.999999 0.00226568 -0.000361159 -0.0146261 -0.00226569 0.999998 -0.000550102 -0.012181 0.000359395 0.000551925 1 0.692915
0.999996 -0.0018191 -0.000372238 0.000290971 0.0018193 0.999997 0.00176158 -0.0146847 0.000369655 -0.00176328 1 0.676182
1 -0.000676839 -8.98946e-05 0.0116012 0.000677366 0.999999 0.000859546 -0.0158513 8.87143e-05 -0.000858631 0.999999 0.670713
0.999983 0.00323706 0.00418402 -0.0222881 -0.00323935 0.999996 0.000411015 -0.0128551 -0.00418208 -0.000425617 0.999992 0.679028
0.999988 0.00378074 0.0039491 0.0161997 -0.00378173 0.999992 0.000390212 -0.0228526 -0.00394816 -0.000404064 0.999992 0.662247
0.999977 -0.0030687 0.00567214 0.00466917 0.00308643 0.999991 -0.00324951 -0.0154876 -0.00566157 0.00326582 0.99998 0.650768
0.999974 -0.00237016 0.00711501 -0.00320442 0.00238918 0.999996 -0.00253546 -0.0125071 -0.00710949 0.00255336 0.999973 0.657537
0.999982 0.000361067 0.00564635 0.0156392 -0.000344772 0.999994 -0.0031126 0.0129469 -0.00564692 0.00310949 0.999979 0.674927
0.999973 0.00421386 0.00641033 -0.00808042 -0.00420674 0.999992 -0.000905004 0.0111535 -0.00641458 0.000878951 0.99998 0.682922
0.99998 -0.000554637 0.00588851 -0.0124135 0.000555837 0.999998 -0.000442517 0.00816909 -0.00588771 0.000444796 0.999982 0.680032
0.999986 0.00253833 0.00520764 -0.0150764 -0.00252674 0.999997 -0.00194378 -0.00758305 -0.00521307 0.00193157 0.999985 0.71129
0.999991 0.00141019 0.00329723 0.00215055 -0.00140889 0.999997 -0.000805773 0.0073319 -0.0032979 0.000800165 0.999994 0.709567
1 -0.000282767 0.00229482 0.000490037 0.000281547 1 0.00114387 0.0181999 -0.00229562 -0.00114226 0.999997 0.704705
0.999988 -0.00389115 0.00220408 -0.0124201 0.0038944 0.999988 -0.00207158 0.0563486 -0.0021955 0.00207914 0.999995 0.712428
1 -0.00142625 0.000404523 0.00623852 0.00142817 0.999999 -0.00170174 0.0384224 -0.000402615 0.00170333 0.999999 0.710334
0.999999 0.000151205 0.00115289 -0.00799811 -0.00015041 0.999996 -0.00182569 0.0122454 -0.00115256 0.00182454 0.999997 0.75203
0.999996 -0.00301426 -0.000726154 0.00663001 0.00301021 0.999973 -0.00711047 0.0245778 0.000747036 0.00710924 0.999976 0.722109
0.999979 -0.00626591 4.14988e-06 0.00221863 0.00626459 0.999967 -0.00398366 -0.00853927 2.13753e-05 0.00398259 0.99999 0.749467
0.999973 -0.00760244 0.000149351 0.010931 0.00760442 0.999969 -0.00387004 -0.0145439 -0.000120537 0.00387206 0.999995 0.742044
0.999998 -0.000544959 0.000329327 -0.00114091 0.000543877 0.999994 -0.00142088 -0.00674872 -0.000327919 0.00141997 0.999998 0.770647
1 0.00201996 -0.000329113 -0.00612916 -0.00201761 0.999999 0.00255304 -0.0148851 0.000333643 -0.00255129 0.999999 0.755759
0.999998 -2.57326e-05 -0.00071751 -0.00734412 2.86492e-05 0.999977 0.00614787 -0.0221468 0.000718127 -0.00614916 0.99998 0.746964
0.999997 -0.00269074 -0.00179703 0.0187856 0.00269691 0.999999 0.00258194 -0.018736 0.0017894 -0.00258552 0.999997 0.770065
0.999998 -0.000621217 -0.000817581 0.0139577 0.000619239 0.999994 -0.000520481 -0.00247236 0.000818559 0.000518883 0.999998 0.759942
1 0.000977346 0.000990482 0.000549308 -0.000976246 1 0.000441734 -0.0305601 -0.000990606 -0.000441515 1 0.756646
0.999998 -0.000552579 0.00118678 0.00360816 0.000553263 0.999993 -0.00194772 0.00187978 -0.00118525 0.00194722 0.999996 0.762845
1 -0.00112492 0.00150016 0.0044054 0.00112699 1 -0.000209217 -0.0114354 -0.00150032 0.000211978 1 0.74657
0.999996 -0.00241571 0.000252874 0.0123965 0.00241456 0.999993 -0.00145657 0.00350385 -0.000248866 0.00145603 0.999999 0.760661
1 0.000757877 0.00229362 -0.00433066 -0.000760483 1 0.00184278 -0.030591 -0.0022926 -0.00184341 0.999998 0.724733
0.999994 0.00259559 0.00117803 -0.00502009 -0.00259507 0.999995 -0.00196656 0.0153021 -0.00118267 0.00196234 0.999997 0.756485
1 -0.000905521 -0.000213177 0.0108857 0.000906835 0.999997 -0.00184212 -0.0119898 0.00021444 0.00184297 0.999998 0.769182
0.999998 0.00177708 0.000109855 -0.00167779 -0.00177855 0.999999 -0.000711895 -0.00603333 -0.000110576 0.000710551 1 0.771534
1 0.00122522 0.00136101 -0.00771456 -0.00122282 0.999998 -0.000619871 -0.000291868 -0.00136235 0.00061916 0.999997 0.761979
0.999998 -0.00125917 -8.10784e-05 0.00178653 0.00125752 1 -0.000466899 0.0271153 8.2199e-05 0.000465809 1 0.76746
0.999999 0.00217672 0.000779226 -0.00758699 -0.0021766 0.999995 0.00180536 -0.0101493 -0.000775848 -0.00180613 0.999996 0.788139
0.999996 0.00239163 0.000979557 0.00114266 -0.00239452 0.999997 0.0015052 -0.00585278 -0.000975317 -0.00150845 1 0.790428
1 -0.00112949 0.00174312 -0.00155447 0.00113371 0.999998 -0.00149902 0.0174432 -0.00174202 0.00150172 0.999997 0.811667
0.999998 -0.000777911 0.000997337 0.00944226 0.000779326 0.999994 -0.00307826 0.0246176 -0.000994445 0.00307813 0.999995 0.788053
1 0.000878337 0.00138059 0.0069415 -0.000869675 0.999987 -0.00525575 0.0452034 -0.00138568 0.00525535 0.999986 0.787494
0.999993 -0.00254914 0.00219871 -0.0237975 0.00257127 0.999937 -0.0107784 0.0895836 -0.00217063 0.0107831 0.999939 0.824042
0.999999 -0.00211749 0.00065991 -0.00441248 0.00212273 0.999981 -0.00605188 0.0242042 -0.000647606 0.00605409 0.999982 0.798515
0.999997 -0.0012418 0.000234214 0.0142133 0.00124158 0.999986 -0.00480332 0.000676052 -0.000227749 0.00480278 0.999988 0.833421
0.999999 -0.00235312 -0.000419766 -0.00913279 0.00235425 0.999999 -0.00048414 -0.0165731 0.000420418 0.000483926 1 0.856169
0.999991 -0.00354181 -0.00173174 0.0232877 0.0035404 0.999992 -3.02097e-05 0.0034916 0.00173224 2.32773e-05 0.999998 0.829526
1 -0.0006972 8.17562e-05 -0.00956565 0.000698457 1 0.00130914 -0.00586484 -8.31166e-05 -0.00130826 1 0.860862
0.999998 0.00108829 -0.00147813 -0.00242859 -0.00108648 0.999996 0.00211948 -0.0212289 0.00148083 -0.00211879 0.999997 0.829232
0.999998 0.00169565 -0.00162353 -0.0135035 -0.00169199 0.999999 0.00144021 -0.00292066 0.0016256 -0.0014366 0.999999 0.853138
0.999997 -0.000757632 -0.00219228 -0.00469154 0.000760269 0.999997 0.0018441 0.00331961 0.00219118 -0.0018467 0.999996 0.866206
0.999994 -0.00214035 -0.00299133 0.00410648 0.00214555 0.999998 0.00128827 0.016093 0.00298819 -0.00129373 0.999996 0.86098
0.999997 0.00163503 -0.0018474 -0.0101069 -0.00163763 0.999997 -0.000653062 -0.0114022 0.00184661 0.000655107 0.999997 0.857767
1 -0.00108885 -0.00113041 -0.014761 0.00108609 0.999995 -0.00385843 -0.0193032 0.00113421 0.00385807 0.999995 0.857186
0.999996 0.00027224 -0.00247811 0.00625452 -0.000285961 0.999985 -0.0048034 -0.0319484 0.0024771 0.00480322 0.999984 0.83625
0.999998 0.00219183 -0.00174772 -0.0146237 -0.00219456 0.999997 -0.00261229 -0.0235938 0.00174155 0.00261695 0.999998 0.888073
0.999995 0.00150273 -0.00213253 -0.00018661 -0.00149707 0.99999 0.00347404 -0.0247225 0.0021382 -0.00347174 0.999989 0.846854
0.999999 -0.000912155 -0.00195673 -0.00277986 0.000919818 0.999997 0.00311667 -0.0192696 0.00195329 -0.00311753 0.999996 0.891271
0.999997 -0.00130611 -0.00157944 0.00432395 0.00130601 0.999996 0.00106179 -0.00797432 0.00157857 -0.00106486 0.999996 0.873512
0.999997 -0.00109573 -0.00254693 0.00204244 0.00109874 1 0.000436121 -0.019319 0.00254589 -0.000437845 1 0.886357
0.999999 -5.97852e-05 -0.00102563 -0.002815 5.68249e-05 0.999998 -0.000805939 -0.00496341 0.00102621 0.000804734 0.999997 0.869304
0.999996 -0.00287553 -0.00130797 0.0044387 0.00288004 0.999996 0.00201749 -0.0127458 0.00130143 -0.00202029 1 0.84994
0.999997 -0.00234382 -0.00134527 0.00102872 0.00234136 0.999995 -0.000299806 -0.00120933 0.00134661 0.00029579 0.999994 0.866066
0.999998 -0.00186573 -0.000795839 -0.00543337 0.00186568 0.999998 -0.0023219 0.00199366 0.000799476 0.00232112 1 0.855916
0.999999 -0.00115234 -0.00095275 0.00501373 0.00114678 0.999989 -0.00378754 0.0036183 0.0009577 0.0037857 0.999987 0.837185
0.999996 0.00289035 -0.00080371 -0.0138515 -0.00289027 0.999996 -0.00238119 -0.00503058 0.000796218 0.00238426 1 0.872674
0.999989 0.0046322 -0.000675925 -0.0149852 -0.00463189 0.999982 0.00339372 -0.00511644 0.000692224 -0.00339135 0.999989 0.888733
0.999991 0.00441166 0.000394428 -0.020574 -0.00441014 0.999991 0.00117667 -0.0112692 -0.000389753 -0.00117768 1.00001 0.866725
0.999994 0.00342665 0.000905533 -0.008712 -0.00342709 0.999992 -0.00151562 -0.00686341 -0.000910232 0.00151174 0.999993 0.857452
0.999991 0.00358404 0.00169653 -0.0168613 -0.00357498 0.999985 -0.00427141 -0.02614 -0.00171238 0.00426602 0.999995 0.855355
1 0.000768756 4.66789e-05 0.00780649 -0.000770319 0.999996 -0.00283866 -0.00567915 -4.82676e-05 0.00283779 0.999991 0.841587
0.999999 -2.03064e-05 -0.00203986 0.0291353 1.72368e-05 0.999997 -0.00244452 0.0175128 0.00203927 0.00244525 1 0.85398
1 -0.00123235 -0.000322351 0.00519286 0.00123032 1 -4.89829e-05 -0.00734088 0.000322974 4.77097e-05 0.999996 0.8461
1 -0.000915264 0.000112968 0.00474671 0.000917417 0.999997 -0.00214049 0.00656121 -0.000111642 0.0021415 1 0.863126
0.999991 0.00263183 0.00310556 -0.0258975 -0.00262479 0.999992 -0.00293379 -0.0228232 -0.00311271 0.0029248 0.999986 0.823041
0.999999 -0.000296822 0.00201652 -0.0250626 0.000305452 0.999994 -0.00322783 0.017181 -0.0020162 0.00322917 0.999999 0.823139
1 -0.000376892 0.00135789 -0.010871 0.000377572 0.999998 -0.0020945 0.0147168 -0.0013566 0.00209412 0.999993 0.82386
1 0.000341042 0.000882177 0.012196 -0.00033919 1 0.000425535 -0.00392564 -0.000882603 -0.000424993 1 0.799511
0.999998 -0.000770277 0.00181535 0.0152484 0.000770985 0.999998 -0.0016357 -0.00920325 -0.00181349 0.00163626 0.999994 0.812435
0.999997 0.000775901 0.00267204 0.0075857 -0.000764878 0.999995 -0.00324786 -0.00744929 -0.00267511 0.00324661 0.999995 0.805293
0.999992 0.00237608 0.00307527 -0.00341715 -0.00237368 0.999995 -0.00156336 -0.0124982 -0.00307842 0.00155524 0.999991 0.804504
0.999996 -0.000628948 0.00267219 0.00439459 0.000630364 1 0.000363385 -0.0178464 -0.00267297 -0.000360928 1 0.789518
0.999997 -0.000977973 0.00258409 0.00434064 0.000972987 0.999999 0.000966255 -0.00772284 -0.0025845 -0.000964504 0.999994 0.786835
0.999996 -0.00175362 0.00222822 0.00501881 0.00175729 0.999998 -0.00052203 -0.0175031 -0.00222784 0.000526669 1 0.794311
0.999992 0.00396317 0.00146882 -0.0147064 -0.0039571 0.999975 -0.0058367 -0.0102134 -0.00149133 0.00583006 0.99998 0.794801
0.999995 0.0026949 0.00135389 -0.0078112 -0.0026825 0.999971 -0.00726013 -0.0177955 -0.00137391 0.00725711 0.999976 0.778077
0.999989 -0.00491304 0.00101412 0.0324858 0.00491279 0.999985 -0.00196204 -0.00608656 -0.00100397 0.00196623 0.999996 0.750801
0.999994 -0.00161507 0.00239707 0.0112288 0.0016123 0.999997 0.00206801 -0.00541622 -0.00240091 -0.00206336 0.999997 0.788688
0.999995 0.00129459 0.00344358 -0.0101527 -0.00132176 0.999973 0.00728089 -0.0080121 -0.00343348 -0.0072862 0.999966 0.792876
0.999997 0.00116423 0.00132361 0.00573515 -0.00116413 0.999999 0.00152301 -0.0124484 -0.00132237 -0.00152379 1 0.775475
1 0.00089337 -0.00103375 0.0378632 -0.000902133 0.999978 -0.0065649 0.0324026 0.00102846 0.00656503 0.999976 0.777216
0.999995 0.00219972 0.00190277 0.00420732 -0.00218945 0.999989 -0.00437917 -0.00659298 -0.00191298 0.00437578 0.999992 0.762649
1 -0.0011543 0.00105396 0.00934049 0.00115796 0.999985 -0.00512152 0.0279758 -0.00104733 0.0051218 0.999983 0.768152
0.999989 -0.00415197 0.00138902 0.016118 0.00415968 0.999983 -0.00425299 -0.00631524 -0.00137196 0.00425956 0.999993 0.746739
0.999998 -0.000895594 0.00251671 -0.00917645 0.000910449 0.999977 -0.00664275 0.0187139 -0.0025101 0.00664414 0.999972 0.735592
0.99999 0.00113675 0.00394436 -0.0249768 -0.00111201 0.999983 -0.0058219 0.042233 -0.00395152 0.00581831 0.999978 0.748558
1 1.94957e-05 0.0023417 -0.00226392 -2.5983e-05 0.999998 0.00201843 -0.00574841 -0.00234108 -0.00201937 0.999993 0.748014
0.999981 -0.00355695 0.00443636 0.0132697 0.0035394 0.999984 0.00434473 -0.0148749 -0.00445235 -0.0043281 0.999983 0.713579
0.999986 -0.00190355 0.00554463 0.00891026 0.00189079 0.999996 0.00199189 -0.021115 -0.00554786 -0.00198224 0.999981 0.744245
0.999983 0.00184938 0.00486092 0.0150039 -0.00185165 0.999998 0.000831103 -0.0162379 -0.00485995 -0.000839208 0.99999 0.757578
0.99996 0.00153896 0.00922789 -0.00942659 -0.00154273 0.999999 0.000196933 -0.0231879 -0.00922715 -0.000212031 0.999956 0.756631
0.999936 0.001518 0.0109098 0.00243677 -0.00150629 0.999998 -0.000892573 -0.0130731 -0.0109116 0.000876974 0.999943 0.734488
0.99995 -0.000361734 0.0101657 0.0380747 0.000375326 0.999999 -0.00155326 -0.00405258 -0.0101647 0.00155603 0.999944 0.741573
0.999913 -0.000136943 0.0131245 0.00936216 0.000149958 0.999999 -0.000818727 -0.00998247 -0.0131249 0.00082156 0.999918 0.714758
0.999923 -0.00246703 0.012325 0.0162987 0.00246489 0.999997 1.52865e-05 -0.00270423 -0.0123244 1.40634e-05 0.99992 0.725971
0.999923 -0.00308268 0.0118942 0.00996007 0.00309955 0.999994 -0.00120593 0.0197503 -0.011891 0.00124365 0.999933 0.721265
0.999941 -0.00324302 0.0105264 0.0156952 0.00323499 0.999996 0.000564738 -0.00870222 -0.0105276 -0.000531598 0.99994 0.731763
0.999946 -0.00577798 0.00855933 0.0238656 0.00576585 0.99998 0.00172765 -0.0253887 -0.00856982 -0.00167731 0.999967 0.73889
0.999961 -0.00483804 0.00747384 0.0232583 0.00481488 0.999985 0.00281936 -0.0369231 -0.00748684 -0.00278411 0.999964 0.740943
0.999976 5.73158e-05 0.00678748 0.00143884 -5.13291e-05 0.999999 -0.00057074 -0.00801714 -0.00678809 0.000571211 0.999981 0.73935
0.999983 -0.00313065 0.00492097 0.00319683 0.00311472 0.999992 0.00283505 -0.00749792 -0.00492938 -0.00282053 0.999981 0.743683
0.999981 -0.00611271 0.00112652 0.03129 0.00610965 0.99997 0.00442398 -0.0113617 -0.00115412 -0.00441615 0.999994 0.700821
0.999979 -0.00661176 0.000218322 0.0239797 0.00660919 0.999976 0.00298106 -0.00624093 -0.000237497 -0.00298043 0.999993 0.729692
0.999995 -0.00263792 0.000902819 0.00755858 0.00263782 0.999991 0.00242671 -0.0177761 -0.000909726 -0.00242337 1 0.692789
0.999997 -0.00271638 -0.000764928 -0.00205623 0.00271007 0.999983 -0.00559182 -0.00614799 0.000780506 0.00558883 0.999981 0.728279
0.999997 0.00165108 -0.00144243 0.00137745 -0.00165533 0.999987 -0.0043075 -0.000612404 0.0014349 0.00431075 0.999993 0.678354
