0.999931 -0.00372101 0.011317 0.0184433 0.00372623 0.999995 -0.000454689 0.01733 -0.0113152 0.00049674 0.999937 0.326395
0.999836 -0.00550995 0.0172469 0.0376406 0.00549312 0.999985 0.00100923 -0.00706575 -0.0172522 -0.000914263 0.999851 0.597133
0.999772 -0.00970914 0.0194668 0.0406061 0.00979841 0.999941 -0.00449561 0.052629 -0.0194218 0.00468521 0.999802 0.917517
0.999809 -0.011091 0.0161731 0.0529369 0.011173 0.999926 -0.00500895 0.0305632 -0.0161162 0.00518877 0.999859 1.19335
0.999898 -0.0117808 0.00908918 0.0785366 0.0118253 0.999918 -0.00486102 -0.0105972 -0.00903074 0.00496775 0.999949 1.50689
0.999912 -0.0135357 -0.000441737 0.00652563 0.013531 0.999875 -0.00830867 0.0152851 0.000554367 0.00830193 0.999969 1.85259
0.999785 -0.0133541 -0.0164758 -0.0374086 0.0132366 0.999886 -0.00722116 -0.0257514 0.0165707 0.00700125 0.999841 2.16035
0.999275 -0.0108607 -0.0366004 -0.0896321 0.0106238 0.999923 -0.00664275 -0.0654592 0.0366696 0.00624909 0.999312 2.46291
0.998479 -0.00797008 -0.0547377 -0.16794 0.00737669 0.999911 -0.0110335 -0.029271 0.0548212 0.0106125 0.998444 2.82928
0.997389 -0.00818172 -0.0718084 -0.278226 0.00726441 0.999889 -0.0130178 -0.0136741 0.0719068 0.0124621 0.997338 3.17165
0.995947 -0.00639192 -0.0898372 -0.387116 0.00557294 0.999941 -0.00936606 -0.0710065 0.0898921 0.00882703 0.995918 3.56837
0.994026 -0.00676905 -0.108987 -0.438692 0.00572735 0.999936 -0.00986405 -0.0629312 0.109047 0.00918077 0.994 3.93152
0.992231 -0.00503053 -0.124399 -0.539485 0.0039205 0.999953 -0.00916879 -0.078079 0.124439 0.00860951 0.992198 4.31359
0.990016 -0.00463466 -0.140918 -0.597025 0.00342897 0.999956 -0.00879418 -0.0778324 0.140951 0.00822306 0.989989 4.72343
0.988151 -0.00249707 -0.153544 -0.680472 0.00103151 0.999958 -0.0096256 -0.0892856 0.153561 0.00935284 0.988104 5.10085
0.98578 -0.00434532 -0.168023 -0.745275 0.00279741 0.999952 -0.00944545 -0.105032 0.168055 0.00884092 0.985744 5.54132
0.984331 -0.00793263 -0.176227 -0.858584 0.00607209 0.999925 -0.0110961 -0.121526 0.176301 0.00985194 0.984298 5.9876
0.983183 -0.0070872 -0.182519 -0.966669 0.00460284 0.999892 -0.0140297 -0.131648 0.182597 0.0129536 0.983109 6.39817
0.981246 -0.0109558 -0.192522 -1.00376 0.00810851 0.999852 -0.0155735 -0.13665 0.192662 0.01372 0.981182 6.83887
0.980092 -0.0112501 -0.198257 -1.13406 0.00786515 0.999812 -0.0178519 -0.159061 0.198418 0.015937 0.979997 7.3119
0.979559 -0.0109734 -0.200929 -1.28865 0.00700994 0.999775 -0.0204294 -0.156198 0.201105 0.018603 0.979407 7.78917
0.976702 -0.0247195 -0.213205 -1.32544 0.0208715 0.999579 -0.0202796 -0.160795 0.213614 0.015357 0.976807 8.30448
0.975181 -0.0248076 -0.220084 -1.47494 0.0202496 0.999542 -0.0229446 -0.176068 0.220549 0.0179182 0.975227 8.82195
0.972965 -0.0219574 -0.229941 -1.59866 0.0159829 0.999489 -0.0278118 -0.189984 0.230431 0.0233844 0.972818 9.4037
0.970205 -0.0200915 -0.241514 -1.72134 0.0131506 0.999465 -0.030319 -0.209931 0.24199 0.0262391 0.96994 9.95349
0.967644 -0.0228095 -0.251321 -1.85167 0.0155692 0.999408 -0.0307585 -0.245256 0.251872 0.02585 0.967426 10.4992
0.965603 -0.0253747 -0.258846 -2.0127 0.0172425 0.999296 -0.033642 -0.256075 0.259514 0.028021 0.965351 11.0457
0.962978 -0.0255632 -0.268398 -2.17767 0.0166435 0.999235 -0.0354555 -0.289534 0.269096 0.0296753 0.962668 11.675
0.961498 -0.0231561 -0.2739 -2.36872 0.0122298 0.999075 -0.0415343 -0.288396 0.274604 0.0365847 0.960881 12.1967
0.958843 -0.0259474 -0.282782 -2.53898 0.0135464 0.998865 -0.0457217 -0.328114 0.283644 0.0400089 0.958107 12.8265
0.95749 -0.0250545 -0.287441 -2.73822 0.00980616 0.998485 -0.0543685 -0.357236 0.288363 0.0492376 0.956275 13.4123
0.956158 -0.0249326 -0.291822 -2.92253 0.0065838 0.997952 -0.0636919 -0.374237 0.292808 0.0589778 0.954363 14.0326
0.953704 -0.0274034 -0.299563 -3.07635 0.00617871 0.99743 -0.0715725 -0.428768 0.300749 0.0664066 0.951411 14.6692
0.952687 -0.0257537 -0.302894 -3.30453 0.00130146 0.996747 -0.0806565 -0.477668 0.303981 0.0764457 0.949621 15.3197
0.951149 -0.0248856 -0.307794 -3.51425 -0.00192947 0.996265 -0.0865123 -0.558224 0.308791 0.0828785 0.947536 15.9959
0.949288 -0.0223942 -0.313643 -3.7345 -0.00720676 0.995657 -0.0929033 -0.624455 0.314356 0.0904519 0.945002 16.6721
0.947714 -0.0201828 -0.31855 -3.97779 -0.0118486 0.995104 -0.0982989 -0.704726 0.318967 0.0969318 0.94282 17.3478
0.946113 -0.0171441 -0.323421 -4.23676 -0.017624 0.994402 -0.104269 -0.771176 0.323392 0.104349 0.940511 18.047
0.944913 -0.0155792 -0.327018 -4.51341 -0.0214026 0.993809 -0.109188 -0.809474 0.326687 0.11017 0.938715 18.7374
0.942549 -0.0145046 -0.333792 -4.73796 -0.0239229 0.99357 -0.110729 -0.891488 0.333246 0.112351 0.936139 19.4355
0.940715 -0.0139655 -0.338973 -5.00893 -0.0249614 0.993612 -0.110209 -0.973054 0.33834 0.112134 0.934344 20.1128
0.938649 -0.0139083 -0.344632 -5.30046 -0.0254894 0.993665 -0.109526 -1.05065 0.343966 0.11159 0.932346 20.8375
0.936603 -0.01403 -0.350175 -5.61789 -0.0260911 0.993651 -0.109596 -1.11503 0.349482 0.111782 0.930276 21.575
0.933892 -0.0134097 -0.35735 -5.92935 -0.0262467 0.99404 -0.105896 -1.21236 0.356634 0.108273 0.927972 22.2902
0.93034 -0.0124531 -0.366548 -6.22537 -0.0264938 0.994548 -0.101033 -1.28725 0.365801 0.103704 0.924923 23.0487
0.927225 -0.00835573 -0.37446 -6.55728 -0.029447 0.99504 -0.09512 -1.38574 0.373391 0.0992226 0.922377 23.8031
0.924017 -0.00423323 -0.382391 -6.89664 -0.0327178 0.995414 -0.0900799 -1.4885 0.381012 0.0957439 0.919626 24.5622
0.920181 -0.00301491 -0.391532 -7.22514 -0.0348585 0.995379 -0.08959 -1.54762 0.389986 0.0960853 0.915819 25.3367
0.916701 -0.00239358 -0.399632 -7.59643 -0.0366095 0.99529 -0.0899391 -1.61399 0.397958 0.0970747 0.912282 26.1192
0.913148 -0.0018056 -0.407673 -7.94285 -0.0380348 0.995261 -0.0896034 -1.67732 0.405896 0.0973248 0.908748 26.8899
0.910453 0.00228555 -0.413672 -8.30357 -0.0411192 0.995549 -0.085 -1.81164 0.411628 0.0943954 0.90648 27.597
0.905749 0.00153873 -0.423863 -8.64944 -0.0397965 0.995897 -0.0814268 -1.90823 0.42199 0.0906184 0.902089 28.4124
0.903118 0.00344768 -0.429441 -9.06474 -0.0412812 0.99605 -0.0788188 -1.96488 0.427465 0.0889074 0.899679 29.1785
0.898497 0.00807882 -0.438958 -9.44633 -0.0440704 0.996452 -0.0718685 -2.07355 0.436812 0.0839162 0.895659 30.0349
0.893495 0.00698402 -0.449079 -9.8594 -0.0423413 0.996752 -0.0687421 -2.13035 0.447133 0.0804323 0.890875 30.9123
0.887768 0.0031222 -0.460332 -10.2156 -0.0383423 0.997015 -0.067183 -2.18171 0.45874 0.0772907 0.885232 31.7262
0.882881 0.00080882 -0.469657 -10.6323 -0.0358784 0.99721 -0.0657286 -2.24366 0.468285 0.074878 0.880432 32.6052
0.87644 0.000549541 -0.481563 -11.041 -0.0355561 0.997357 -0.0635742 -2.31306 0.480246 0.0728391 0.874136 33.5258
0.867957 -0.000119999 -0.496705 -11.4551 -0.0350982 0.997504 -0.0615733 -2.39859 0.495462 0.0708728 0.865773 34.5012
0.859107 -0.00359881 -0.511834 -11.8944 -0.0336871 0.997423 -0.0635571 -2.45108 0.510733 0.071842 0.856765 35.4956
0.851743 -0.00770128 -0.52397 -12.3888 -0.0288153 0.99771 -0.0615056 -2.52433 0.523233 0.0674815 0.849556 36.4727
0.846865 -0.0104278 -0.531757 -12.9307 -0.0284637 0.9975 -0.0648924 -2.5483 0.531093 0.0700882 0.844445 37.426
0.843682 -0.0122911 -0.53677 -13.4371 -0.0277277 0.997426 -0.0664215 -2.59591 0.536193 0.070918 0.841154 38.3273
0.842374 -0.0138166 -0.538769 -13.9724 -0.0254777 0.997549 -0.0654172 -2.65059 0.538339 0.0688297 0.83995 39.2132
0.841835 -0.0130759 -0.539644 -14.5326 -0.024987 0.997711 -0.063155 -2.75711 0.539223 0.0666463 0.839566 40.0961
0.840059 -0.0126785 -0.542399 -15.079 -0.0264983 0.99759 -0.0643594 -2.82237 0.541895 0.0684356 0.837693 40.9693
0.838767 -0.0182129 -0.544255 -15.6523 -0.0219399 0.99752 -0.0671937 -2.8476 0.544117 0.0682967 0.836271 41.8546
0.837771 -0.0187548 -0.545751 -16.2311 -0.0198573 0.997719 -0.0647701 -2.9308 0.545707 0.0650972 0.835482 42.7691
0.834804 -0.0167387 -0.550363 -16.7928 -0.019544 0.99803 -0.0599998 -3.03132 0.550269 0.0608404 0.832817 43.6548
0.832258 -0.0162195 -0.554204 -17.4132 -0.0171378 0.998358 -0.0549552 -3.12405 0.554172 0.0552322 0.830608 44.5455
0.827871 -0.0153216 -0.56078 -18.0024 -0.0170673 0.998497 -0.0524783 -3.195 0.560727 0.0530123 0.826352 45.4328
0.822492 -0.0185219 -0.568529 -18.6161 -0.0150083 0.998434 -0.0542408 -3.27246 0.568627 0.0531428 0.820918 46.2854
0.81511 -0.0225838 -0.578939 -19.2463 -0.0129289 0.998304 -0.0571471 -3.34689 0.579234 0.0540619 0.81342 47.2011
0.807844 -0.022222 -0.58903 -19.8166 -0.0129351 0.998399 -0.0554073 -3.43483 0.589301 0.052377 0.806257 48.0098
0.800898 -0.0183805 -0.598591 -20.4415 -0.0143181 0.998678 -0.0498242 -3.50762 0.598701 0.0484706 0.799561 48.8802
0.79481 -0.0140796 -0.60675 -21.1106 -0.0176621 0.998792 -0.0463144 -3.56007 0.606651 0.0475249 0.793593 49.746
0.78927 -0.0129485 -0.613982 -21.7175 -0.0194737 0.998768 -0.0460983 -3.65133 0.613809 0.0483362 0.788031 50.569
0.784493 -0.0154248 -0.620002 -22.3735 -0.0199491 0.998567 -0.050086 -3.72191 0.619866 0.0516577 0.783055 51.4242
0.782976 -0.0172411 -0.621885 -23.1403 -0.023761 0.99808 -0.0575884 -3.77677 0.621668 0.0598623 0.78105 52.3104
0.778911 -0.0187858 -0.62691 -23.7626 -0.023292 0.998017 -0.0588468 -3.85557 0.626753 0.0604352 0.776921 53.0984
0.774439 -0.0173467 -0.632485 -24.4385 -0.0227367 0.998238 -0.0552192 -3.92433 0.632313 0.0571396 0.772666 53.9372
0.773975 -0.0146108 -0.633103 -25.1923 -0.0232462 0.998425 -0.0514613 -3.96937 0.63284 0.0545438 0.772408 54.7294
0.769758 -0.0122858 -0.638293 -25.8726 -0.0229065 0.998662 -0.0468477 -4.0611 0.637999 0.0506772 0.768434 55.5445
0.764973 -0.0121681 -0.644004 -26.5483 -0.0247255 0.99855 -0.0482383 -4.10899 0.64364 0.0528211 0.763556 56.3735
0.758887 -0.0145053 -0.651135 -27.2091 -0.0232375 0.998535 -0.0493285 -4.14563 0.650881 0.0525602 0.757426 57.1883
0.755003 -0.0156566 -0.655594 -27.8984 -0.0229833 0.998489 -0.050315 -4.23168 0.655373 0.0530521 0.753496 57.954
0.749511 -0.0180221 -0.661821 -28.6123 -0.0210027 0.998502 -0.0509772 -4.29797 0.661732 0.0521027 0.747997 58.7871
0.745627 -0.0172308 -0.666202 -29.3644 -0.0231432 0.998414 -0.0517269 -4.35853 0.666018 0.0539832 0.744038 59.5621
0.739272 -0.0168523 -0.673271 -30.1132 -0.0236154 0.998446 -0.0509234 -4.42986 0.673066 0.0535402 0.737714 60.4095
0.734071 -0.0182202 -0.678889 -30.8764 -0.0240945 0.998332 -0.0528476 -4.48853 0.678702 0.0551476 0.7324 61.2036
0.726542 -0.019319 -0.686925 -31.6144 -0.0240167 0.998303 -0.0534797 -4.56305 0.686774 0.0553473 0.724835 62.029
0.720121 -0.020643 -0.693601 -32.3765 -0.0236646 0.998265 -0.0542811 -4.63282 0.693501 0.0554989 0.718377 62.8166
0.713536 -0.0189273 -0.700436 -33.1405 -0.0276901 0.998115 -0.0551808 -4.70947 0.700142 0.0587629 0.711658 63.539
0.70395 -0.0208633 -0.710003 -33.8619 -0.0272598 0.998059 -0.0563565 -4.77689 0.709781 0.0590227 0.702009 64.3957
0.695426 -0.0224299 -0.718327 -34.6555 -0.0256956 0.99812 -0.0560451 -4.85227 0.718214 0.0574266 0.693535 65.2171
0.687582 -0.0231189 -0.725797 -35.4781 -0.0252183 0.99815 -0.055686 -4.91212 0.725723 0.0565881 0.685722 66.034
0.679625 -0.0229372 -0.73328 -36.3174 -0.0242411 0.998286 -0.0536963 -5.00137 0.733234 0.0542625 0.677897 66.8233
0.672886 -0.0243397 -0.739403 -37.199 -0.0232419 0.998291 -0.054014 -5.0829 0.739434 0.0535265 0.671165 67.5844
0.666341 -0.0271661 -0.745231 -38.0055 -0.0183799 0.998459 -0.0528338 -5.17916 0.745495 0.0488967 0.664807 68.326
0.660516 -0.0265638 -0.750401 -38.8946 -0.0201237 0.998409 -0.0530577 -5.24706 0.750597 0.0501423 0.658926 69.0582
0.652935 -0.0306766 -0.75687 -39.5902 -0.0137552 0.99856 -0.0523413 -5.29182 0.757363 0.0445807 0.651564 69.7234
0.648356 -0.0314283 -0.760749 -40.4563 -0.013863 0.998517 -0.0530672 -5.3567 0.761267 0.0449489 0.646953 70.4247
0.642607 -0.0366861 -0.765397 -41.3258 -0.00908375 0.998445 -0.0554855 -5.38157 0.766216 0.0426025 0.641266 71.1577
0.63905 -0.0388073 -0.768245 -42.2251 -0.00903128 0.998302 -0.0579422 -5.46925 0.769168 0.0439626 0.637608 71.8318
0.633899 -0.0417873 -0.772364 -43.1348 -0.00869843 0.998118 -0.0611429 -5.54281 0.773441 0.0454713 0.632334 72.5628
0.629778 -0.04147 -0.775727 -44.0235 -0.0103551 0.998059 -0.0617639 -5.63024 0.776762 0.0469266 0.62812 73.2581
0.624054 -0.0421085 -0.780323 -44.9694 -0.00831399 0.998159 -0.0605152 -5.70523 0.781411 0.0442469 0.622547 74.0042
0.617965 -0.0454971 -0.784948 -45.9073 -0.00493203 0.998103 -0.0617362 -5.74455 0.786246 0.0420186 0.616563 74.7469
0.611896 -0.0459208 -0.789682 -46.7811 -0.00488045 0.9981 -0.0618252 -5.84227 0.790998 0.041679 0.610502 75.458
0.606039 -0.0450749 -0.794217 -47.6781 -0.00677762 0.998087 -0.0618185 -5.93576 0.795462 0.0428437 0.604569 76.1543
0.602079 -0.0450997 -0.797239 -48.6308 -0.00704108 0.99809 -0.0617822 -6.01776 0.798479 0.0428056 0.600603 76.8296
0.597068 -0.0452889 -0.800971 -49.5806 -0.00719773 0.998085 -0.061801 -6.11162 0.802215 0.0426609 0.595593 77.5398
0.592493 -0.0482928 -0.804204 -50.6005 -0.00351047 0.998063 -0.0625235 -6.20248 0.805642 0.0398625 0.591168 78.2849
0.587712 -0.0531574 -0.807383 -51.5404 -0.000776562 0.997825 -0.0662624 -6.29587 0.809127 0.0395665 0.586387 78.9411
0.580825 -0.0569109 -0.812114 -52.5047 0.00353257 0.997746 -0.0673965 -6.3861 0.814095 0.0362716 0.57971 79.6771
0.574005 -0.0615802 -0.816595 -53.4943 0.00917136 0.997613 -0.0687854 -6.45922 0.818858 0.0319903 0.573194 80.3697
0.564789 -0.0658202 -0.822684 -54.487 0.0137515 0.997453 -0.0703657 -6.53702 0.825194 0.0284238 0.56425 81.0792
0.556177 -0.0647992 -0.828595 -55.4548 0.0172229 0.997666 -0.0664616 -6.67084 0.830943 0.0226899 0.555989 81.6992
0.546588 -0.0644159 -0.834998 -56.5461 0.0161939 0.997691 -0.0663697 -6.73258 0.837319 0.0227501 0.546363 82.4214
0.537298 -0.0640655 -0.841018 -57.5699 0.0148996 0.997703 -0.0664833 -6.82888 0.84332 0.0231867 0.537012 83.0644
0.525771 -0.06526 -0.848197 -58.672 0.0135635 0.997598 -0.0683505 -6.9232 0.850591 0.024427 0.525387 83.774
0.513963 -0.067367 -0.855225 -59.7353 0.0134675 0.99745 -0.0704776 -7.01747 0.857764 0.0247014 0.513555 84.4478
0.50383 -0.0694841 -0.86108 -60.8391 0.0135809 0.997302 -0.0725332 -7.11018 0.863768 0.024845 0.503408 85.0828
0.492894 -0.0701114 -0.867323 -61.9228 0.0162904 0.997345 -0.0713654 -7.21057 0.869996 0.0210427 0.492723 85.7094
0.483885 -0.071598 -0.872273 -63.0396 0.0169101 0.997256 -0.0724792 -7.28406 0.875041 0.0203162 0.483762 86.281
0.473929 -0.0725079 -0.877634 -64.1504 0.0155341 0.997166 -0.0739957 -7.37967 0.880484 0.0214316 0.473708 86.8513
0.463493 -0.0740427 -0.883078 -65.1825 0.0104092 0.99692 -0.0781275 -7.44598 0.886112 0.0270137 0.46283 87.4538
0.455179 -0.0763624 -0.887181 -66.2826 0.00747573 0.996637 -0.0819492 -7.52356 0.890427 0.0306651 0.454214 87.9675
0.44693 -0.0768636 -0.891337 -67.4091 0.00599282 0.996566 -0.0829365 -7.64619 0.894621 0.0317193 0.445852 88.483
0.435721 -0.0767419 -0.896867 -68.5586 0.00381574 0.996536 -0.0834178 -7.76118 0.900134 0.0329205 0.434501 89.0636
0.425405 -0.0752341 -0.901946 -69.7315 0.0035727 0.996699 -0.0814563 -7.87149 0.905068 0.0314236 0.424267 89.6278
0.415151 -0.0754932 -0.906678 -70.8545 0.00774575 0.996838 -0.0794551 -7.98219 0.909779 0.0259586 0.41442 90.1689
0.405497 -0.0762316 -0.910987 -72.0135 0.00713939 0.996778 -0.0802365 -8.08715 0.91414 0.026026 0.404733 90.7304
0.395256 -0.0795571 -0.915183 -73.1558 0.00899072 0.99656 -0.0827497 -8.2017 0.918586 0.0244749 0.394609 91.2555
0.386304 -0.0817063 -0.918821 -74.276 0.0116088 0.996449 -0.0837325 -8.34868 0.92237 0.0216742 0.385879 91.7544
0.379431 -0.0871871 -0.921166 -75.4316 0.0088305 0.995877 -0.0906223 -8.39155 0.925237 0.0262464 0.378635 92.2477
0.373302 -0.0901136 -0.923399 -76.6256 0.0112682 0.995669 -0.0926148 -8.54014 0.927715 0.0241626 0.372699 92.7341
0.369423 -0.0920114 -0.924759 -77.8292 0.0141562 0.995559 -0.093402 -8.65935 0.929214 0.0214095 0.369083 93.1764
0.365397 -0.0895977 -0.926609 -79.0311 0.0167535 0.99586 -0.0896916 -8.78835 0.930773 0.0172439 0.365384 93.6442
0.361072 -0.0872165 -0.928516 -80.1894 0.0206282 0.996152 -0.0855494 -8.92684 0.93237 0.0117316 0.36148 94.1103
0.36028 -0.0868271 -0.928874 -81.376 0.0225601 0.996211 -0.0843751 -9.04723 0.932643 0.00943799 0.360873 94.514
0.355236 -0.0869266 -0.930793 -82.5561 0.0281619 0.996243 -0.0822927 -9.18226 0.934413 0.00301645 0.356347 94.9927
0.35444 -0.0864192 -0.931156 -83.6896 0.028113 0.996287 -0.0817668 -9.2895 0.934728 0.00279878 0.355552 95.4129
0.351788 -0.0853339 -0.93225 -84.8828 0.030722 0.996385 -0.0796134 -9.41412 0.935638 -0.000637531 0.353136 95.8552
0.349498 -0.0871601 -0.932953 -86.0054 0.0349347 0.996217 -0.0799873 -9.51579 0.936359 -0.00464171 0.351219 96.2705
0.346718 -0.0880878 -0.933891 -87.1826 0.0380621 0.996115 -0.0798276 -9.63405 0.93726 -0.0078718 0.348722 96.685
0.342141 -0.091415 -0.935271 -88.1822 0.057617 0.995458 -0.0762245 -9.72841 0.937954 -0.0278115 0.345852 97.0327
0.345564 -0.0904806 -0.934092 -89.3423 0.0575877 0.995543 -0.0751305 -9.84452 0.93669 -0.0278325 0.349232 97.3193
0.344822 -0.092981 -0.934131 -90.5182 0.0620576 0.995196 -0.0761559 -9.95253 0.936688 -0.0317128 0.348934 97.7248
0.342699 -0.0939684 -0.934803 -91.6447 0.0623298 0.9951 -0.0771815 -10.0616 0.937439 -0.0318188 0.346874 98.1671
0.341929 -0.0950808 -0.934987 -92.7588 0.0635834 0.994964 -0.077932 -10.1938 0.937651 -0.0328054 0.346249 98.5739
0.336847 -0.0967915 -0.936641 -93.8284 0.066204 0.99471 -0.078985 -10.2963 0.939294 -0.0354061 0.341471 99.0629
0.340394 -0.0970212 -0.935348 -94.8722 0.0658197 0.994716 -0.0792309 -10.4092 0.938056 -0.0345971 0.344977 99.4034
0.344042 -0.096618 -0.934043 -95.952 0.0640625 0.994825 -0.0793111 -10.5366 0.936833 -0.0325533 0.348448 99.8126
0.347188 -0.102274 -0.932288 -97.0067 0.0673519 0.994226 -0.0839911 -10.5788 0.935456 -0.0336328 0.352066 100.228
0.352324 -0.103125 -0.930254 -98.0435 0.0674383 0.994159 -0.0846707 -10.6812 0.933514 -0.0329055 0.357217 100.641
0.359457 -0.102526 -0.927599 -99.1355 0.0661928 0.99428 -0.0842505 -10.7829 0.930894 -0.0311182 0.364181 101.053
0.366585 -0.0989989 -0.925178 -100.157 0.0637442 0.994694 -0.0811828 -10.94 0.928268 -0.0292167 0.370946 101.483
0.375496 -0.0981157 -0.921701 -101.165 0.0630636 0.994816 -0.0802122 -11.0454 0.924758 -0.028009 0.37973 101.899
0.383633 -0.0969506 -0.918461 -102.146 0.0623033 0.994961 -0.0790056 -11.1585 0.921453 -0.0269162 0.387736 102.346
0.392474 -0.0981534 -0.914599 -103.159 0.0631822 0.994854 -0.0796589 -11.2677 0.917675 -0.0265249 0.396648 102.798
0.403011 -0.10224 -0.909547 -104.178 0.0619803 0.994545 -0.0843354 -11.3249 0.913167 -0.0223882 0.407144 103.248
0.415492 -0.103903 -0.903733 -105.157 0.0622442 0.99441 -0.0857171 -11.4324 0.90755 -0.02064 0.419628 103.67
0.427798 -0.102959 -0.898073 -106.114 0.0607805 0.994555 -0.0850703 -11.5325 0.901902 -0.0181948 0.431721 104.133
0.440919 -0.100468 -0.891998 -107.064 0.0589236 0.994848 -0.0829314 -11.6292 0.895698 -0.0159964 0.444558 104.608
0.454881 -0.0981846 -0.885207 -108.098 0.0567032 0.995117 -0.0812412 -11.7283 0.88882 -0.0132416 0.45822 105.11
0.466425 -0.0983995 -0.879164 -109.005 0.0569609 0.995109 -0.0811628 -11.8113 0.882813 -0.0122245 0.469737 105.61
0.478964 -0.0972476 -0.872518 -109.977 0.0567684 0.995233 -0.0797663 -11.9394 0.876074 -0.0113289 0.482193 106.121
0.489956 -0.100249 -0.866062 -110.926 0.0583409 0.994947 -0.08217 -12.0233 0.869885 -0.0102699 0.493317 106.657
0.49966 -0.102281 -0.860249 -111.823 0.0603916 0.994739 -0.0831983 -12.1124 0.864193 -0.0103835 0.503199 107.22
0.509246 -0.101293 -0.854745 -112.702 0.0612149 0.994835 -0.0814315 -12.2266 0.858541 -0.0108572 0.512803 107.78
0.519003 -0.0988639 -0.849124 -113.573 0.0608034 0.99508 -0.0786972 -12.3353 0.852687 -0.0107882 0.52245 108.345
0.527788 -0.0958928 -0.844054 -114.391 0.0612686 0.995354 -0.074779 -12.4298 0.847266 -0.0122491 0.531198 108.911
0.539238 -0.0901707 -0.837402 -115.277 0.0543863 0.995942 -0.0722249 -12.553 0.840476 -0.00659952 0.541942 109.452
0.550823 -0.089107 -0.829964 -116.118 0.0552694 0.996031 -0.0702654 -12.6757 0.832896 -0.00717069 0.553547 109.983
0.560449 -0.0877706 -0.823615 -116.941 0.0534893 0.996166 -0.0697649 -12.7828 0.826542 -0.00495765 0.562982 110.55
0.5728 -0.0878656 -0.815092 -117.781 0.0526582 0.996165 -0.0703907 -12.8519 0.818115 -0.00260414 0.575214 111.091
0.583207 -0.0904377 -0.807366 -118.54 0.0614688 0.995886 -0.0671565 -12.9623 0.810079 -0.0104644 0.586353 111.556
0.589259 -0.0901385 -0.803025 -119.304 0.0625226 0.995902 -0.0659212 -13.0234 0.805638 -0.011365 0.592463 112.194
0.596023 -0.0896511 -0.798043 -120.065 0.064247 0.995925 -0.0639021 -13.1087 0.800479 -0.0131874 0.599338 112.807
0.60621 -0.0894088 -0.790389 -120.857 0.0617121 0.995989 -0.0653464 -13.1699 0.793026 -0.00916571 0.609278 113.373
0.612989 -0.0886098 -0.785206 -121.607 0.0622982 0.996057 -0.0637747 -13.2592 0.787722 -0.00982648 0.616076 113.991
0.621517 -0.0853933 -0.778864 -122.345 0.0613372 0.996331 -0.0603026 -13.3398 0.781119 -0.0102968 0.624455 114.571
0.630302 -0.0816404 -0.772146 -123.06 0.0605082 0.996635 -0.0559888 -13.4212 0.77408 -0.0114341 0.633103 115.139
0.636467 -0.0801995 -0.767258 -123.746 0.0611955 0.996732 -0.053435 -13.4973 0.769 -0.0129454 0.639274 115.756
0.645242 -0.0789118 -0.759994 -124.458 0.0606415 0.996843 -0.0520245 -13.5672 0.761661 -0.0125214 0.647971 116.34
0.655057 -0.076439 -0.751848 -125.144 0.0578078 0.997062 -0.0510177 -13.6205 0.753498 -0.0100455 0.657531 116.905
0.664672 -0.0742839 -0.743539 -125.839 0.0592598 0.997192 -0.046657 -13.6857 0.744878 -0.0130533 0.667187 117.497
0.676246 -0.0720805 -0.733291 -126.475 0.0593696 0.997336 -0.0432986 -13.7292 0.734417 -0.0142567 0.678702 118.055
0.688711 -0.0715791 -0.721604 -127.117 0.0571641 0.997418 -0.0443861 -13.7218 0.72288 -0.0106835 0.691002 118.627
0.702059 -0.0710212 -0.708724 -127.761 0.0550754 0.99749 -0.0454154 -13.7511 0.710129 -0.00715159 0.704184 119.176
0.715597 -0.0701648 -0.695097 -128.244 0.0542713 0.997561 -0.0448312 -13.8305 0.696509 -0.00564571 0.717634 119.668
0.727631 -0.0693092 -0.682623 -128.816 0.0538356 0.997625 -0.043923 -13.871 0.684004 -0.00479215 0.729608 120.276
0.737509 -0.0661733 -0.672209 -129.367 0.0533586 0.997829 -0.039693 -13.939 0.673337 -0.00659719 0.739412 120.97
0.751812 -0.0629141 -0.656545 -129.928 0.0522921 0.998035 -0.0357738 -13.9967 0.657462 -0.00743959 0.753595 121.453
0.761432 -0.0622214 -0.645382 -130.568 0.0535104 0.998062 -0.0330993 -14.0524 0.646151 -0.00933512 0.763257 122.238
0.770692 -0.0612795 -0.634438 -131.13 0.0550276 0.998092 -0.0295755 -14.0922 0.634996 -0.0121202 0.772563 122.984
0.778409 -0.0609145 -0.62493 -131.668 0.0564837 0.998083 -0.0269402 -14.1262 0.625336 -0.0143312 0.780327 123.737
0.786636 -0.0614131 -0.614552 -132.136 0.0591942 0.998005 -0.0239807 -14.1679 0.614757 -0.0175157 0.788667 124.352
0.793925 -0.0608343 -0.60511 -132.681 0.0589106 0.99804 -0.0230549 -14.2022 0.605291 -0.0173465 0.795921 125.094
0.800781 -0.0609633 -0.596051 -133.16 0.0588051 0.998048 -0.0230949 -14.2193 0.596254 -0.0165587 0.802769 125.79
0.807782 -0.0597944 -0.586594 -133.634 0.0577156 0.998128 -0.0222768 -14.2272 0.586793 -0.0158637 0.809688 126.484
0.815023 -0.0571693 -0.576812 -134.101 0.0543489 0.998321 -0.022172 -14.236 0.577071 -0.0132806 0.816727 127.174
0.821756 -0.058401 -0.567001 -134.587 0.0562434 0.998233 -0.0213159 -14.2676 0.567209 -0.0143766 0.823554 127.883
0.827027 -0.0599399 -0.559178 -135.059 0.0572821 0.998154 -0.0222955 -14.2889 0.559443 -0.0135942 0.828898 128.624
0.831742 -0.060605 -0.552011 -135.542 0.057551 0.998124 -0.0228804 -14.31 0.552327 -0.0127412 0.833635 129.372
0.835718 -0.0607914 -0.546006 -136.016 0.0582684 0.998105 -0.0219624 -14.3275 0.546266 -0.0134627 0.837641 130.109
0.839458 -0.0605364 -0.540213 -136.492 0.06057 0.99805 -0.0177319 -14.3475 0.540199 -0.0178385 0.841453 130.846
0.842869 -0.0568083 -0.535337 -136.973 0.0604486 0.998159 -0.0107678 -14.4082 0.534923 -0.023286 0.844716 131.605
0.846479 -0.0541479 -0.529837 -137.436 0.0591865 0.998264 -0.00747484 -14.4281 0.529287 -0.0250347 0.848178 132.382
0.8501 -0.0513955 -0.524338 -137.901 0.0575485 0.998378 -0.00457942 -14.445 0.523683 -0.0262832 0.851643 133.169
0.854134 -0.0500533 -0.517817 -138.393 0.0586227 0.998326 0.000184295 -14.4999 0.516905 -0.030516 0.855602 133.969
0.858311 -0.0497124 -0.510953 -138.898 0.0612426 0.99815 0.00574152 -14.5382 0.509685 -0.0362206 0.859732 134.786
0.862627 -0.0502256 -0.503525 -139.398 0.0634575 0.997988 0.00915289 -14.5522 0.502017 -0.0398504 0.864042 135.609
0.867114 -0.0507618 -0.495761 -139.916 0.064781 0.997881 0.0111082 -14.5578 0.49411 -0.0417482 0.868528 136.471
0.871706 -0.05196 -0.487459 -140.427 0.0660595 0.997792 0.0117597 -14.5632 0.485737 -0.0424546 0.873176 137.338
0.876876 -0.0540734 -0.477919 -140.893 0.0678486 0.997672 0.0115833 -14.5637 0.476145 -0.0425835 0.878465 138.19
0.88252 -0.0561807 -0.467108 -141.376 0.0696642 0.997549 0.0116258 -14.5604 0.465275 -0.0428029 0.884232 139.045
0.888857 -0.0571738 -0.454872 -141.897 0.0696502 0.997558 0.0106916 -14.5717 0.453115 -0.0411856 0.89063 139.96
0.896607 -0.0551427 -0.439592 -142.379 0.0669533 0.997738 0.0113881 -14.5763 0.437936 -0.0396451 0.89823 140.851
0.904963 -0.0511356 -0.422689 -142.84 0.0629667 0.997961 0.0140537 -14.5788 0.421074 -0.0393343 0.906298 141.781
0.913809 -0.0475628 -0.403581 -143.274 0.0602256 0.998056 0.0187258 -14.5764 0.401874 -0.0414201 0.914855 142.721
0.920677 -0.0445186 -0.38809 -143.647 0.0570731 0.998198 0.0208633 -14.5545 0.386426 -0.0413585 0.921522 143.736
0.928256 -0.041807 -0.369838 -143.989 0.05399 0.998333 0.0226372 -14.5393 0.368244 -0.0409832 0.928923 144.73
0.935885 -0.041771 -0.350171 -144.346 0.0542608 0.998239 0.0259117 -14.5176 0.348436 -0.0432511 0.936466 145.742
0.943498 -0.0409263 -0.329129 -144.685 0.0533429 0.998211 0.0287665 -14.4873 0.32733 -0.0446994 0.94395 146.766
0.951071 -0.0405222 -0.306718 -145.095 0.0527174 0.998161 0.0315565 -14.4207 0.304838 -0.046181 0.951419 147.759
0.95899 -0.0367261 -0.281408 -145.507 0.0487971 0.99821 0.035986 -14.3727 0.279551 -0.0482429 0.959018 148.846
0.964911 -0.0355643 -0.260649 -145.799 0.0477175 0.998095 0.0404186 -14.338 0.258679 -0.0514363 0.96473 149.967
0.969763 -0.0357686 -0.241822 -146.014 0.0469509 0.998122 0.0406135 -14.2861 0.239885 -0.0507399 0.969572 151.068
0.974555 -0.0368999 -0.221685 -146.239 0.046761 0.998187 0.0393598 -14.2522 0.219793 -0.0487222 0.974468 152.191
0.978568 -0.0381302 -0.20286 -146.472 0.0473122 0.998106 0.0405775 -14.2189 0.2009 -0.0493063 0.978467 153.34
0.981097 -0.0427921 -0.189424 -146.638 0.0519901 0.997743 0.0438111 -14.1667 0.187086 -0.0528281 0.98106 154.484
0.984577 -0.0478721 -0.168851 -146.815 0.0562215 0.997455 0.0449862 -14.1069 0.166241 -0.053786 0.98471 155.614
0.987464 -0.0464675 -0.151717 -146.956 0.0540722 0.997518 0.0463313 -14.0558 0.149153 -0.0539511 0.987478 156.812
0.990469 -0.0439137 -0.1313 -147.078 0.0507164 0.997566 0.0488755 -14.0361 0.128809 -0.0550689 0.990232 157.957
0.993396 -0.0440809 -0.10718 -147.304 0.0496197 0.997598 0.0494823 -13.9615 0.104709 -0.0544703 0.993148 159.214
0.995341 -0.0436348 -0.0871277 -147.425 0.0481047 0.997652 0.0498032 -13.9007 0.0847251 -0.0537623 0.995047 160.483
0.996876 -0.0441844 -0.0673012 -147.497 0.0475381 0.997726 0.0489046 -13.8379 0.0649552 -0.0519483 0.996661 161.668
0.99766 -0.0463401 -0.052121 -147.499 0.0488382 0.99773 0.0475771 -13.7832 0.0497731 -0.0500112 0.997603 162.951
0.99891 -0.0416377 -0.0261729 -147.646 0.0428158 0.998095 0.0456775 -13.7329 0.0241895 -0.0467455 0.998742 164.242
0.999158 -0.0428828 -0.00662224 -147.663 0.0431486 0.998101 0.0452601 -13.6848 0.00464375 -0.0455069 0.999051 165.535
0.999107 -0.0437938 0.0104915 -147.656 0.0432987 0.998123 0.0446206 -13.6388 -0.0124572 -0.0441233 0.999077 166.889
0.998664 -0.0436959 0.0309579 -147.632 0.0424499 0.99835 0.0401405 -13.5962 -0.0326851 -0.0387714 0.998813 168.177
0.997758 -0.0401428 0.0557868 -147.713 0.0382955 0.998745 0.034072 -13.542 -0.0571147 -0.0318568 0.997994 169.551
0.996818 -0.0270418 0.0762674 -147.63 0.0246074 0.999211 0.0328489 -13.6217 -0.0771179 -0.0308659 0.996672 170.525
0.998579 -0.0381913 -0.0407 -146.697 0.0407993 0.997167 0.0645467 -13.784 0.0380673 -0.0661051 0.997247 171.436
0.99387 -0.10111 -0.0468747 -146.502 0.104023 0.992545 0.0643506 -13.893 0.0399941 -0.068826 0.996955 172.763
0.994397 -0.103181 -0.0283717 -146.561 0.104881 0.992396 0.0657722 -13.8054 0.0213187 -0.0683657 0.997595 174.155
0.994602 -0.104185 -0.0105926 -146.617 0.104673 0.992248 0.0677929 -13.7099 0.00342396 -0.0685291 0.997772 175.658
0.994477 -0.103086 0.0256493 -146.841 0.101362 0.993002 0.0620496 -13.6196 -0.031914 -0.0590948 0.997905 176.933
0.993929 -0.102319 0.0428793 -146.792 0.0996273 0.993211 0.0609838 -13.5611 -0.0488513 -0.0563344 0.997348 178.341
0.993357 -0.104244 0.0514209 -146.624 0.10103 0.993038 0.062022 -13.4614 -0.0575747 -0.0564028 0.99691 179.731
0.992399 -0.112091 0.052733 -146.407 0.108775 0.992146 0.0622189 -13.3155 -0.0593178 -0.0560004 0.9968 181.217
0.991615 -0.110039 0.0696887 -146.341 0.105816 0.992528 0.0619963 -13.2532 -0.0760358 -0.0540893 0.995804 182.474
0.990098 -0.114105 0.0830025 -146.247 0.109303 0.992201 0.0604094 -13.2094 -0.089273 -0.050729 0.994848 183.515
0.986287 -0.110725 0.123477 -146.507 0.104261 0.992926 0.0579403 -13.0911 -0.129066 -0.0442585 0.990831 185.011
0.98188 -0.113568 0.152397 -146.456 0.106537 0.992901 0.0536422 -13.003 -0.157431 -0.0364236 0.986998 186.405
0.978191 -0.109128 0.177493 -146.385 0.101966 0.99364 0.0492252 -12.9314 -0.18178 -0.0300412 0.983074 187.678
0.97479 -0.104131 0.197896 -146.278 0.096471 0.994225 0.048082 -12.8903 -0.201784 -0.0277675 0.979193 188.684
0.97273 -0.0985679 0.210605 -145.889 0.0901837 0.994767 0.0492688 -12.8197 -0.214405 -0.0289203 0.976513 190.059
0.961342 -0.102484 0.256016 -145.649 0.0930083 0.994523 0.0489594 -12.7631 -0.25965 -0.023243 0.965593 191.636
0.955636 -0.0960458 0.27895 -145.239 0.0857779 0.995173 0.0489646 -12.7067 -0.28235 -0.0228531 0.959242 193.049
0.947414 -0.100702 0.304126 -144.82 0.0913409 0.99487 0.0449561 -12.5649 -0.307109 -0.0147999 0.951733 194.46
0.938336 -0.0962966 0.332489 -144.359 0.0856861 0.995299 0.0465959 -12.5112 -0.335454 -0.015222 0.942156 196.043
0.928779 -0.0940297 0.358841 -143.835 0.082626 0.995534 0.0470809 -12.4455 -0.361681 -0.0140646 0.932377 197.574
0.916487 -0.0915833 0.389828 -143.312 0.0805678 0.995818 0.0446672 -12.3794 -0.392326 -0.00951966 0.920013 199.1
0.904029 -0.0901674 0.418156 -142.776 0.0799348 0.995983 0.0420156 -12.3192 -0.420277 -0.00454375 0.90758 200.503
0.891502 -0.0869606 0.44493 -142.186 0.0768023 0.996277 0.0409467 -12.2595 -0.44687 -0.00232365 0.89484 201.934
0.880302 -0.087379 0.466576 -141.509 0.0779258 0.996242 0.0396095 -12.1934 -0.468295 0.00150496 0.883776 203.325
0.872819 -0.0936185 0.479276 -140.725 0.0855015 0.995655 0.0388792 -12.0935 -0.480861 0.00705257 0.877018 204.625
0.8612 -0.0926275 0.500021 -139.955 0.084514 0.995735 0.0389576 -12.0391 -0.501506 0.00872346 0.865328 206.029
0.850055 -0.0929095 0.518708 -139.2 0.0856276 0.995678 0.0381125 -11.9792 -0.52003 0.0120253 0.854324 207.369
0.839867 -0.0938282 0.534872 -138.491 0.0878717 0.995532 0.0367175 -11.9241 -0.535935 0.0161778 0.844329 208.591
0.829504 -0.0925232 0.551052 -137.653 0.0884736 0.995579 0.0340726 -11.8668 -0.551787 0.0204964 0.83401 209.944
0.817855 -0.0907479 0.56847 -136.8 0.088583 0.995646 0.0315548 -11.8083 -0.568865 0.0245644 0.822302 211.204
0.807726 -0.0891728 0.58303 -135.911 0.0877252 0.99575 0.0308502 -11.7437 -0.583321 0.0262337 0.812103 212.49
0.796412 -0.0898462 0.598279 -135.009 0.0915614 0.995499 0.0276681 -11.6216 -0.598073 0.0327597 0.801019 213.688
0.783214 -0.0865944 0.615937 -134.091 0.0864798 0.995884 0.0301258 -11.5779 -0.616024 0.0296769 0.787465 214.995
0.769923 -0.0857314 0.632578 -133.17 0.0829272 0.996058 0.0341113 -11.5569 -0.633007 0.0262108 0.773962 216.191
0.756406 -0.0829852 0.64905 -132.225 0.0779901 0.996369 0.0365786 -11.5321 -0.649741 0.0229567 0.760117 217.367
0.743246 -0.0801571 0.664414 -131.222 0.0756126 0.996584 0.035696 -11.4875 -0.665004 0.0237235 0.746732 218.54
0.730321 -0.0763345 0.679052 -130.221 0.0711565 0.996918 0.0356099 -11.4614 -0.679685 0.0223173 0.733487 219.637
0.71586 -0.0755905 0.694347 -129.205 0.0699853 0.996968 0.0364288 -11.4086 -0.694994 0.0225327 0.718944 220.714
0.702603 -0.076029 0.707726 -128.117 0.0671568 0.997009 0.0405036 -11.3697 -0.708694 0.0190757 0.705594 221.745
0.688315 -0.0776731 0.721442 -127.034 0.0651492 0.996937 0.0452218 -11.3338 -0.722742 0.0158913 0.69123 222.739
0.67224 -0.0793351 0.736281 -125.973 0.0626357 0.996858 0.0502908 -11.2979 -0.737962 0.012315 0.675082 223.714
0.657191 -0.0797316 0.749689 -124.868 0.0610877 0.996837 0.0525097 -11.2421 -0.751502 0.0113052 0.659945 224.654
0.63976 -0.0804849 0.764554 -123.794 0.0585354 0.996804 0.0560158 -11.2112 -0.766618 0.00892197 0.642412 225.591
0.624546 -0.0811074 0.776952 -122.712 0.0592616 0.996733 0.056456 -11.144 -0.778988 0.0108018 0.627274 226.447
0.651231 -0.101318 0.752295 -121.543 0.0684537 0.994943 0.0748032 -11.2255 -0.756068 0.00278999 0.654857 226.827
0.635131 -0.102618 0.765749 -120.486 0.0689028 0.9948 0.076206 -11.1444 -0.769581 0.00438015 0.638859 227.718
0.620883 -0.105926 0.77692 -119.386 0.0697303 0.994457 0.079921 -11.0859 -0.781075 0.0045591 0.624811 228.519
0.605758 -0.105783 0.788772 -118.325 0.0670349 0.994474 0.0819302 -10.998 -0.793073 0.00326411 0.609461 229.365
0.576938 -0.103366 0.810422 -117.756 0.0712873 0.994639 0.076173 -10.8899 -0.813945 0.0138292 0.581199 230.003
0.559719 -0.0944958 0.823459 -116.701 0.0658212 0.9955 0.0695415 -10.8255 -0.826313 0.0152949 0.563381 230.819
0.542668 -0.0863911 0.83569 -115.655 0.0609311 0.996217 0.0634783 -10.7523 -0.838006 0.0164745 0.545865 231.553
0.524803 -0.0798971 0.847647 -114.565 0.0552905 0.996778 0.0597643 -10.6642 -0.849673 0.0155195 0.527491 232.297
0.506641 -0.0766036 0.858939 -113.524 0.0504809 0.997064 0.0592031 -10.5818 -0.860946 0.0133678 0.509006 232.998
0.490441 -0.0726003 0.868622 -112.533 0.0467215 0.997378 0.0570236 -10.4652 -0.870466 0.012634 0.492507 233.599
0.471444 -0.0702086 0.879286 -111.462 0.0424205 0.997571 0.0569642 -10.3926 -0.88114 0.0104465 0.473263 234.269
0.454521 -0.0706371 0.888105 -110.349 0.0396397 0.997566 0.0590971 -10.3315 -0.890096 0.0083606 0.456175 234.879
0.439049 -0.0705647 0.895876 -109.285 0.0372193 0.997578 0.0603892 -10.2805 -0.897955 0.00683228 0.440598 235.393
0.422738 -0.0686157 0.903821 -108.23 0.0370929 0.997704 0.0584343 -10.1939 -0.905733 0.0088406 0.424273 235.911
0.405818 -0.0625913 0.911994 -107.102 0.02968 0.998123 0.0553483 -10.129 -0.913733 0.00460885 0.406901 236.45
0.388938 -0.059245 0.919524 -105.923 0.0270832 0.998334 0.0529073 -10.0636 -0.921104 0.00434379 0.389856 236.955
0.373643 -0.0597415 0.92583 -104.868 0.0263031 0.998299 0.0538543 -9.9802 -0.927458 0.00423196 0.374566 237.424
0.360324 -0.0648385 0.930739 -103.736 0.027315 0.997987 0.0589884 -9.93843 -0.932666 0.0041862 0.361331 237.842
0.348608 -0.0665532 0.935088 -102.641 0.0281303 0.997866 0.0605854 -9.84733 -0.937106 0.00518528 0.349723 238.242
0.336258 -0.0683217 0.939458 -101.569 0.0278142 0.997752 0.0626456 -9.77165 -0.941601 0.00508291 0.337364 238.649
0.32922 -0.0847849 0.940625 -100.469 0.0224152 0.996478 0.0820257 -10.1072 -0.944247 -0.00591792 0.329948 238.942
0.322041 -0.0832544 0.943232 -99.4935 0.0203024 0.99661 0.0810737 -10.0609 -0.946749 -0.00694146 0.322599 239.305
0.315914 -0.0823942 0.94539 -98.3878 0.0178623 0.996659 0.0809451 -10.0128 -0.948879 -0.00868246 0.316318 239.683
0.309651 -0.078035 0.947817 -97.3434 0.0146342 0.997007 0.0773435 -9.96179 -0.950978 -0.0100612 0.309826 240.05
0.30467 -0.0698471 0.950079 -96.2759 0.0137548 0.997624 0.0689823 -9.89599 -0.952619 -0.00794679 0.304894 240.401
0.301097 -0.0671326 0.951402 -95.2014 0.0109116 0.997801 0.0669933 -9.83511 -0.953772 -0.00977269 0.301129 240.736
0.297002 -0.075276 0.952091 -94.1932 0.0114751 0.997195 0.0753133 -9.77015 -0.955067 -0.0114406 0.297021 241.088
0.291918 -0.0846562 0.952864 -93.1717 0.0113191 0.996416 0.0850974 -9.70692 -0.956617 -0.0140379 0.291791 241.469
0.288464 -0.0885673 0.953574 -92.1744 0.0114021 0.996057 0.0891152 -9.63815 -0.957682 -0.0148312 0.288326 241.835
0.28548 -0.086549 0.954643 -91.1868 0.00833602 0.996205 0.0878639 -9.57242 -0.958588 -0.0171074 0.28508 242.197
0.283687 -0.083777 0.955438 -90.2467 0.0076806 0.996441 0.0851427 -9.50679 -0.959146 -0.016813 0.283309 242.545
0.285386 -0.0809128 0.955166 -89.2447 0.00533929 0.996655 0.0828715 -9.44242 -0.958639 -0.0185323 0.284824 242.861
0.286649 -0.0786204 0.954992 -88.2766 0.00153752 0.996762 0.0816484 -9.37739 -0.958295 -0.0219334 0.285829 243.19
0.289577 -0.076043 0.954306 -87.2807 0.000983228 0.996968 0.0791838 -9.30093 -0.957396 -0.0219733 0.288735 243.502
0.292731 -0.0729863 0.953593 -86.3016 -0.0013018 0.99715 0.0767703 -9.21879 -0.956454 -0.0237118 0.29179 243.827
0.298602 -0.0714005 0.951881 -85.3588 -0.00217105 0.997251 0.0755243 -9.15702 -0.954618 -0.0246003 0.297586 244.13
0.305167 -0.0723093 0.949741 -84.3768 -0.00185907 0.997165 0.0765688 -9.09384 -0.952559 -0.025129 0.304155 244.439
0.311375 -0.0748233 0.947518 -83.4408 0.000148463 0.997005 0.0787223 -9.04059 -0.950533 -0.0243537 0.310413 244.762
0.318602 -0.0790086 0.944783 -83.3298 -0.00491975 0.996468 0.0850417 -9.09623 -0.94814 -0.0317395 0.317074 244.742
0.325985 -0.0815852 0.942031 -82.4218 0.00150168 0.996418 0.0858159 -9.07939 -0.945621 -0.0265419 0.324898 245.068
0.329656 -0.0880616 0.94018 -81.4797 0.00820272 0.99597 0.0904632 -9.09371 -0.944331 -0.022107 0.329035 245.468
0.33858 -0.0902724 0.936782 -80.5578 0.0100636 0.995781 0.0923611 -9.03397 -0.941132 -0.021826 0.338019 245.764
0.345798 -0.0920805 0.933976 -79.6031 0.0110621 0.995604 0.0941135 -8.94974 -0.938511 -0.0222099 0.345282 246.115
0.352268 -0.0931698 0.931437 -78.6482 0.012887 0.995525 0.0947473 -8.86498 -0.93606 -0.0213548 0.351851 246.471
0.358334 -0.0927777 0.92917 -77.7308 0.0143916 0.995581 0.0939118 -8.78442 -0.933751 -0.0202769 0.35807 246.83
0.365053 -0.0902501 0.92679 -76.8271 0.0158311 0.995852 0.0907807 -8.71209 -0.931103 -0.0184495 0.364926 247.192
0.370739 -0.0882377 0.924735 -75.9215 0.0177997 0.996069 0.0879617 -8.61921 -0.928836 -0.0161486 0.370837 247.571
0.379259 -0.0836044 0.921695 -75.0158 0.0213438 0.996539 0.0816523 -8.46127 -0.925296 -0.011277 0.379689 247.897
0.381754 -0.0858979 0.920469 -74.1502 0.0227468 0.996345 0.0835994 -8.42686 -0.924257 -0.0109744 0.382298 248.336
0.387769 -0.0865223 0.91788 -73.2566 0.0230515 0.996287 0.084217 -8.36415 -0.921722 -0.0114804 0.388282 248.728
0.394361 -0.0886195 0.914877 -72.3413 0.0237463 0.996091 0.0863054 -8.29356 -0.918922 -0.012308 0.394908 249.116
0.400929 -0.0902843 0.911845 -71.451 0.0247132 0.995938 0.087787 -8.22663 -0.916032 -0.0126439 0.401489 249.506
0.40719 -0.0897139 0.909135 -70.5857 0.0261205 0.996003 0.0866427 -8.13738 -0.913245 -0.0115305 0.40789 249.907
0.414819 -0.0888303 0.905755 -69.7093 0.0267641 0.996086 0.0854748 -8.07057 -0.909768 -0.0111972 0.41553 250.303
0.420948 -0.0892963 0.90289 -68.8491 0.0304246 0.996076 0.0843839 -8.00278 -0.906851 -0.00804889 0.421996 250.715
0.427289 -0.0865108 0.900168 -68.0016 0.0323859 0.996341 0.0804241 -7.91413 -0.903795 -0.00519462 0.428483 251.141
0.436058 -0.0845593 0.896154 -67.1665 0.0340731 0.996518 0.0775069 -7.84822 -0.899556 -0.00326032 0.437403 251.555
0.4433 -0.0825807 0.892765 -66.3207 0.0351187 0.996686 0.0747992 -7.76847 -0.895948 -0.00178891 0.444687 252.014
0.449421 -0.0828415 0.889687 -65.4668 0.0350535 0.996665 0.0751526 -7.69886 -0.892916 -0.00258604 0.450806 252.464
0.455093 -0.083523 0.886725 -64.6065 0.0344 0.996601 0.0762616 -7.63172 -0.890045 -0.00418596 0.456374 252.906
0.459101 -0.081253 0.884879 -63.7611 0.0324739 0.996783 0.0747377 -7.56045 -0.888076 -0.00557402 0.460243 253.355
